{
"lowlevel": {
    "average_loudness": 0.714042365551,
    "barkbands_crest": {
        "mean": 13.625125885,
        "var": 29.506280899
    },
    "barkbands_flatness_db": {
        "mean": 0.262418925762,
        "var": 0.00911465100944
    },
    "barkbands_kurtosis": {
        "mean": 13.3518638611,
        "var": 1240.01928711
    },
    "barkbands_skewness": {
        "mean": 1.49399113655,
        "var": 5.20746898651
    },
    "barkbands_spread": {
        "mean": 12.8410749435,
        "var": 123.154800415
    },
    "dissonance": {
        "mean": 0.405175685883,
        "var": 0.00451439945027
    },
    "dynamic_complexity": 4.63529729843,
    "erbbands_crest": {
        "mean": 14.9752111435,
        "var": 43.5886802673
    },
    "erbbands_flatness_db": {
        "mean": 0.265298545361,
        "var": 0.00933133345097
    },
    "erbbands_kurtosis": {
        "mean": 5.26350688934,
        "var": 224.175369263
    },
    "erbbands_skewness": {
        "mean": 0.84249818325,
        "var": 2.93430972099
    },
    "erbbands_spread": {
        "mean": 23.7041568756,
        "var": 571.795654297
    },
    "hfc": {
        "mean": 11.6636266708,
        "var": 348.746490479
    },
    "melbands_crest": {
        "mean": 16.3137378693,
        "var": 41.1979446411
    },
    "melbands_flatness_db": {
        "mean": 0.341845601797,
        "var": 0.0122279273346
    },
    "melbands_kurtosis": {
        "mean": 22.9507389069,
        "var": 3349.80444336
    },
    "melbands_skewness": {
        "mean": 2.14322137833,
        "var": 6.9016623497
    },
    "melbands_spread": {
        "mean": 17.9012775421,
        "var": 300.371490479
    },
    "pitch_salience": {
        "mean": 0.454206645489,
        "var": 0.0172613076866
    },
    "silence_rate_20dB": {
        "mean": 1,
        "var": 0
    },
    "silence_rate_30dB": {
        "mean": 0.991765320301,
        "var": 0.00816679745913
    },
    "silence_rate_60dB": {
        "mean": 0.183221817017,
        "var": 0.149650990963
    },
    "spectral_centroid": {
        "mean": 902.807800293,
        "var": 525501.9375
    },
    "spectral_complexity": {
        "mean": 7.93103456497,
        "var": 21.0214824677
    },
    "spectral_decrease": {
        "mean": -3.98409660818e-009,
        "var": 2.50400508525e-017
    },
    "spectral_energy": {
        "mean": 0.0160948224366,
        "var": 0.000398189324187
    },
    "spectral_energyband_high": {
        "mean": 0.000102997000795,
        "var": 7.13372685368e-008
    },
    "spectral_energyband_low": {
        "mean": 0.00288286106661,
        "var": 6.99584561517e-005
    },
    "spectral_energyband_middle_high": {
        "mean": 0.00432470487431,
        "var": 7.21905889804e-005
    },
    "spectral_energyband_middle_low": {
        "mean": 0.00921796727926,
        "var": 0.000239591739955
    },
    "spectral_entropy": {
        "mean": 6.31989717484,
        "var": 0.828005433083
    },
    "spectral_flux": {
        "mean": 0.0471343770623,
        "var": 0.00233842548914
    },
    "spectral_kurtosis": {
        "mean": 26.1397228241,
        "var": 927.433288574
    },
    "spectral_rms": {
        "mean": 0.00344734382816,
        "var": 3.81805557481e-006
    },
    "spectral_rolloff": {
        "mean": 1065.71069336,
        "var": 1549700.375
    },
    "spectral_skewness": {
        "mean": 3.2478017807,
        "var": 3.88308644295
    },
    "spectral_spread": {
        "mean": 3417645.75,
        "var": 8.62615607706e+012
    },
    "spectral_strongpeak": {
        "mean": 1.69374716282,
        "var": 5.38347482681
    },
    "zerocrossingrate": {
        "mean": 0.0425334945321,
        "var": 0.00113592180423
    },
    "barkbands": {
        "mean": [8.41717774165e-005, 0.00195367075503, 0.000594272976741, 0.000729931285605, 0.00428917305544, 0.00102197763044, 0.000768161960877, 0.000555144157261, 0.00145304552279, 0.000798039895017, 0.00031278829556, 0.000840858905576, 0.000204159790883, 0.000296596554108, 0.000434083631262, 0.000570146250539, 0.000804425857496, 0.000191145183635, 6.61929370835e-005, 3.72088106815e-005, 1.63780769071e-005, 1.47675391418e-005, 1.53719902301e-005, 2.29647721426e-005, 1.27828216137e-005, 6.93769334248e-006, 4.32730843158e-007],
        "var": [5.27557126873e-008, 4.09892418247e-005, 3.49255606125e-006, 1.05660456029e-005, 0.000177017558599, 5.02532884639e-006, 6.98704661772e-006, 2.87156649392e-006, 2.61940731434e-005, 7.36941956347e-006, 1.47574201037e-006, 7.93673279986e-006, 5.2959723007e-007, 1.42314411278e-006, 2.65592507276e-006, 1.20456115837e-005, 1.00390625448e-005, 8.49482489684e-007, 8.20518337719e-008, 3.14378745259e-008, 3.48149242768e-009, 2.51899323622e-009, 1.8569700222e-009, 3.50836892871e-009, 9.50986067672e-010, 2.72015798775e-010, 1.52743974153e-012]
    },
    "erbbands": {
        "mean": [0.0536297746003, 0.438850343227, 0.785688042641, 1.57790791988, 7.68156814575, 14.2307281494, 15.9668865204, 7.16803026199, 9.61838626862, 14.0796136856, 11.2074270248, 33.445514679, 30.1490802765, 17.2255973816, 17.5367050171, 41.3356246948, 13.3714323044, 15.9609222412, 20.2173480988, 20.379737854, 47.6744804382, 31.4199333191, 14.8703279495, 6.06702899933, 2.18890762329, 1.94820475578, 0.759294688702, 0.638438165188, 0.519528031349, 0.506756782532, 0.446306139231, 0.369836360216, 0.439607560635, 0.177974641323, 0.0770997181535, 0.0344518497586, 0.0125080440193, 0.00231290585361, 5.60032094654e-005, 2.04671760002e-005],
        "var": [0.0233439486474, 2.33586573601, 5.94493436813, 35.5855369568, 721.895507813, 2542.49926758, 2776.05834961, 257.103790283, 838.421691895, 1411.28979492, 602.813232422, 16315.7089844, 13626.2880859, 1576.06616211, 3524.88061523, 19713.4160156, 1533.62878418, 3260.75585938, 6597.34814453, 7878.23876953, 57252.8710938, 12915.7890625, 6271.86279297, 620.685974121, 77.4309463501, 91.2292861938, 9.15440750122, 4.6636967659, 3.29159355164, 2.32452368736, 1.45571017265, 0.910452544689, 1.35410559177, 0.204559847713, 0.0322601534426, 0.00637670513242, 0.000960148638114, 3.70416710211e-005, 1.63034492573e-008, 6.18463669166e-010]
    },
    "gfcc": {
        "mean": [-133.871063232, 149.599578857, -107.433532715, 7.71086454391, -33.651676178, 7.46432924271, -40.1579055786, 7.55674409866, -15.6386547089, -10.9290800095, -9.38633346558, -1.08330416679, 1.47713375092],
        "cov": [[10798.4716797, -3371.97949219, -1464.82470703, 335.155395508, -652.961303711, 449.725799561, -414.837493896, 379.958709717, -491.232299805, 505.282684326, -554.108703613, 268.631011963, -552.435424805], [-3371.97949219, 4082.90673828, -752.246887207, -1021.69433594, 1092.17614746, -825.236938477, 341.676696777, -233.429504395, 510.47442627, -530.341247559, 562.531066895, -305.104003906, 412.24786377], [-1464.82470703, -752.246887207, 2953.1081543, 557.196777344, -955.997436523, 576.13458252, -222.90965271, -177.412094116, -264.946411133, 156.705352783, -202.361709595, 270.682617188, -1.45195627213], [335.155395508, -1021.69433594, 557.196777344, 794.513366699, -77.2276992798, 249.674880981, -6.73411273956, 45.0454711914, -169.20111084, 112.233535767, -155.116699219, 39.7423019409, -92.1550674438], [-652.961303711, 1092.17614746, -955.997436523, -77.2276992798, 1134.18078613, -242.83253479, 268.579101563, 107.225357056, 203.371795654, -187.282043457, 150.193572998, -175.405670166, 55.8978462219], [449.725799561, -825.236938477, 576.13458252, 249.674880981, -242.83253479, 505.877960205, -66.9515838623, 44.9955177307, -126.786178589, 149.206054688, -111.063552856, 126.527702332, -90.6630630493], [-414.837493896, 341.676696777, -222.90965271, -6.73411273956, 268.579101563, -66.9515838623, 264.294616699, 66.6955947876, 66.5077209473, -33.0849456787, 59.8106613159, -79.1604156494, 14.0094137192], [379.958709717, -233.429504395, -177.412094116, 45.0454711914, 107.225357056, 44.9955177307, 66.6955947876, 250.70211792, 81.0027999878, 33.5728759766, -62.5865516663, -18.3775520325, -53.1648635864], [-491.232299805, 510.47442627, -264.946411133, -169.20111084, 203.371795654, -126.786178589, 66.5077209473, 81.0027999878, 233.776733398, -14.964017868, 51.5352592468, -81.6302185059, 39.1933021545], [505.282684326, -530.341247559, 156.705352783, 112.233535767, -187.282043457, 149.206054688, -33.0849456787, 33.5728759766, -14.964017868, 241.807250977, 0.455933749676, 61.2825508118, -99.2961730957], [-554.108703613, 562.531066895, -202.361709595, -155.116699219, 150.193572998, -111.063552856, 59.8106613159, -62.5865516663, 51.5352592468, 0.455933749676, 228.885040283, 8.20919513702, 28.2986469269], [268.631011963, -305.104003906, 270.682617188, 39.7423019409, -175.405670166, 126.527702332, -79.1604156494, -18.3775520325, -81.6302185059, 61.2825508118, 8.20919513702, 181.290664673, 6.38763809204], [-552.435424805, 412.24786377, -1.45195627213, -92.1550674438, 55.8978462219, -90.6630630493, 14.0094137192, -53.1648635864, 39.1933021545, -99.2961730957, 28.2986469269, 6.38763809204, 166.300491333]],
        "icov": [[0.000251395977102, -0.000216777349124, 0.00034735436202, -8.38649648358e-005, 0.000148860664922, -1.17484205475e-005, 0.000223521652515, -0.000291922013275, 0.000714578141924, -0.000612246978562, 0.0009499641601, -0.000548767566215, 0.000485906173708], [-0.000216777349124, 0.00240605603904, -0.00114161882084, 0.00154993601609, -0.00129789637867, 0.000705671147443, -0.000653482391499, 0.00138824037276, -0.00264985091053, 0.00266635860316, -0.00392132485285, 0.0019856474828, -0.00170824152883], [0.00034735436202, -0.00114161882084, 0.00149919872638, -0.001142405672, 0.00118357990868, -0.000837564701214, 0.000282186199911, -0.000243732793024, 0.00116660888307, -0.0012075745035, 0.00254975631833, -0.00181463675108, 0.00104760867544], [-8.38649648358e-005, 0.00154993601609, -0.001142405672, 0.00334185385145, -0.00161571439821, 0.0004870404955, -0.000518824032042, 0.000333738891641, 0.000378123746486, 0.00018559381715, -0.0012417397229, 0.00181445747148, -0.00115655886475], [0.000148860664922, -0.00129789637867, 0.00118357990868, -0.00161571439821, 0.00283145578578, -0.000811940466519, -0.000586636771914, -0.000848735857289, 0.000111568166176, 0.000326837005559, 0.00102745508775, -0.00100441870745, 0.00124319875613], [-1.17484205475e-005, 0.000705671147443, -0.000837564701214, 0.0004870404955, -0.000811940466519, 0.00422281865031, -0.000275786704151, -0.00032160099363, 0.000497167580761, -0.000931618211325, 0.000283807545202, -0.0010212098714, 0.000287254631985], [0.000223521652515, -0.000653482391499, 0.000282186199911, -0.000518824032042, -0.000586636771914, -0.000275786704151, 0.00643431767821, -0.00269166473299, 0.00211988668889, -0.00149469950702, -0.000585067202337, 0.00193199480418, -0.000645019637886], [-0.000291922013275, 0.00138824037276, -0.000243732793024, 0.000333738891641, -0.000848735857289, -0.00032160099363, -0.00269166473299, 0.00869716145098, -0.00613316800445, 0.00229031499475, 0.000598235463258, -0.00145198020618, 0.00165577360895], [0.000714578141924, -0.00264985091053, 0.00116660888307, 0.000378123746486, 0.000111568166176, 0.000497167580761, 0.00211988668889, -0.00613316800445, 0.0141087546945, -0.00731075135991, 0.00440815603361, 0.00138978159521, -0.0012372554047], [-0.000612246978562, 0.00266635860316, -0.0012075745035, 0.00018559381715, 0.000326837005559, -0.000931618211325, -0.00149469950702, 0.00229031499475, -0.00731075135991, 0.012615641579, -0.0072884936817, 0.000400073418859, 0.00216962792911], [0.0009499641601, -0.00392132485285, 0.00254975631833, -0.0012417397229, 0.00102745508775, 0.000283807545202, -0.000585067202337, 0.000598235463258, 0.00440815603361, -0.0072884936817, 0.0162430331111, -0.00738216564059, 0.00438922364265], [-0.000548767566215, 0.0019856474828, -0.00181463675108, 0.00181445747148, -0.00100441870745, -0.0010212098714, 0.00193199480418, -0.00145198020618, 0.00138978159521, 0.000400073418859, -0.00738216564059, 0.0134543823078, -0.00595093425363], [0.000485906173708, -0.00170824152883, 0.00104760867544, -0.00115655886475, 0.00124319875613, 0.000287254631985, -0.000645019637886, 0.00165577360895, -0.0012372554047, 0.00216962792911, 0.00438922364265, -0.00595093425363, 0.0126213505864]]
    },
    "melbands": {
        "mean": [0.000519757682923, 0.000483818235807, 0.000402513454901, 0.000864246976562, 0.000587301212363, 0.000157126429258, 0.000156724257977, 0.00015488518693, 0.000116382172564, 0.000208355078939, 0.00014514378563, 6.8344270403e-005, 4.56527741335e-005, 9.06346394913e-005, 7.25123172742e-005, 1.7576971004e-005, 3.12905212922e-005, 2.94264609693e-005, 2.7685018722e-005, 2.6513944249e-005, 6.83100151946e-005, 3.58746838174e-005, 2.4147435397e-005, 7.32978651286e-006, 4.6172981456e-006, 1.52534050812e-006, 1.37572340009e-006, 1.20757295008e-006, 4.96447341902e-007, 3.48362277691e-007, 3.69982700477e-007, 3.03815511415e-007, 2.78358356809e-007, 2.66824969231e-007, 2.58396681829e-007, 2.26216741339e-007, 2.1966644681e-007, 3.70330980104e-007, 1.8581305028e-007, 1.35748962293e-007],
        "var": [2.59298326455e-006, 2.40709255195e-006, 1.91840217667e-006, 1.14343611131e-005, 3.49877245753e-006, 1.28023799562e-007, 2.64262780547e-007, 1.85376748618e-007, 1.11310470174e-007, 5.63059757042e-007, 3.41770515888e-007, 3.06245730997e-008, 2.93438660037e-008, 7.79450815003e-008, 6.01434138048e-008, 3.03651193079e-009, 1.46608281071e-008, 1.59394701882e-008, 1.11496891719e-008, 1.16006537709e-008, 1.17025109603e-007, 1.38926257165e-008, 3.45072166397e-008, 9.72731450943e-010, 5.04023212056e-010, 5.94362475903e-011, 3.96155087901e-011, 3.72360406398e-011, 5.33756285698e-012, 1.30051991312e-012, 1.7750102603e-012, 1.34031457807e-012, 7.66234623494e-013, 6.70445741025e-013, 5.21939858954e-013, 3.43465897e-013, 3.41199697619e-013, 9.93727452755e-013, 2.53717267465e-013, 1.20807172859e-013]
    },
    "mfcc": {
        "mean": [-784.202758789, 175.311721802, 7.12243700027, 10.5012540817, 23.5748252869, -1.34129917622, -3.20920801163, 7.05809497833, 3.42413067818, -3.50537276268, -7.08753108978, 0.641435682774, 0.221151322126],
        "cov": [[8358.60742188, -2301.74389648, -1618.90905762, -112.973693848, -293.931915283, -195.729934692, 3.8299612999, -147.367324829, -90.760848999, 145.648895264, 17.1747398376, 20.8994064331, -63.2830581665], [-2301.74389648, 3206.87524414, -767.200378418, -294.196166992, 291.185821533, -318.546325684, -126.914154053, 85.0787734985, 11.6055717468, -113.033424377, 13.1193227768, 56.4920921326, 105.550758362], [-1618.90905762, -767.200378418, 2791.57666016, 22.8438434601, -323.057098389, 451.801422119, -64.2014160156, -91.0085906982, -44.1814651489, -163.242614746, -182.284988403, -132.175476074, 21.4083385468], [-112.973693848, -294.196166992, 22.8438434601, 506.42855835, 154.796463013, 32.3033180237, 141.620330811, 41.1909561157, 53.3193359375, 64.5272293091, 36.8372459412, -10.9023666382, -32.7735710144], [-293.931915283, 291.185821533, -323.057098389, 154.796463013, 386.180969238, 53.3931465149, 78.2283172607, 101.331031799, 60.3651580811, 33.7405891418, 52.3018760681, 43.1427574158, -2.89965033531], [-195.729934692, -318.546325684, 451.801422119, 32.3033180237, 53.3931465149, 312.321502686, 109.965713501, -8.21856403351, 2.6946439743, -33.0625572205, -30.6935005188, 0.910237550735, 27.9317016602], [3.8299612999, -126.914154053, -64.2014160156, 141.620330811, 78.2283172607, 109.965713501, 229.703445435, 77.1608886719, 6.58517360687, 33.304599762, 21.4972457886, 3.84850978851, 8.99115467072], [-147.367324829, 85.0787734985, -91.0085906982, 41.1909561157, 101.331031799, -8.21856403351, 77.1608886719, 163.280502319, 80.7144699097, 16.4469394684, 20.0405216217, 1.69349443913, -30.6100788116], [-90.760848999, 11.6055717468, -44.1814651489, 53.3193359375, 60.3651580811, 2.6946439743, 6.58517360687, 80.7144699097, 170.132507324, 94.9196929932, 15.802611351, 3.26148295403, -25.0342197418], [145.648895264, -113.033424377, -163.242614746, 64.5272293091, 33.7405891418, -33.0625572205, 33.304599762, 16.4469394684, 94.9196929932, 195.593643188, 100.48765564, -12.4284505844, -44.6610374451], [17.1747398376, 13.1193227768, -182.284988403, 36.8372459412, 52.3018760681, -30.6935005188, 21.4972457886, 20.0405216217, 15.802611351, 100.48765564, 171.718460083, 78.8974304199, -14.3235349655], [20.8994064331, 56.4920921326, -132.175476074, -10.9023666382, 43.1427574158, 0.910237550735, 3.84850978851, 1.69349443913, 3.26148295403, -12.4284505844, 78.8974304199, 202.719207764, 138.557601929], [-63.2830581665, 105.550758362, 21.4083385468, -32.7735710144, -2.89965033531, 27.9317016602, 8.99115467072, -30.6100788116, -25.0342197418, -44.6610374451, -14.3235349655, 138.557601929, 253.828155518]],
        "icov": [[0.0002256170701, 0.000217733482714, 0.000197949892026, 0.000121158627735, 6.83998005115e-005, 6.57608397887e-005, 4.09723133998e-006, 8.52965458762e-005, 5.19408204127e-005, -2.59878270299e-005, 0.00013685542217, -5.911891094e-006, -2.0157373001e-005], [0.000217733482714, 0.000781225622632, 8.58842759044e-005, 0.000826090399642, -0.000910164089873, 0.00134155782871, -0.000859934254549, 0.00112402276136, -0.00124055240303, 0.001528850873, -0.000923287065234, 0.000916924967896, -0.000569147290662], [0.000197949892026, 8.58842759044e-005, 0.00100661802571, -0.000675086164847, 0.00130020733923, -0.00205347919837, 0.0017661327729, -0.00140493677463, 0.000958123535383, -0.000537610263564, 0.000471199920867, 0.000221360300202, -0.000243932852754], [0.000121158627735, 0.000826090399642, -0.000675086164847, 0.004487242084, -0.00316328252666, 0.0041157854721, -0.00519063742831, 0.00484029296786, -0.00438866438344, 0.00345438276418, -0.00236929091625, 0.00165331398603, -0.000259702530457], [6.83998005115e-005, -0.000910164089873, 0.00130020733923, -0.00316328252666, 0.00687855295837, -0.00568300671875, 0.0045838826336, -0.00636425288394, 0.00398927601054, -0.00381856621243, 0.00204587774351, -0.00206250487827, 0.000614406599198], [6.57608397887e-005, 0.00134155782871, -0.00205347919837, 0.0041157854721, -0.00568300671875, 0.0126561317593, -0.0104474285617, 0.0101570533589, -0.00880687125027, 0.00816957652569, -0.00431221071631, 0.00264945812523, -0.000820294138975], [4.09723133998e-006, -0.000859934254549, 0.0017661327729, -0.00519063742831, 0.0045838826336, -0.0104474285617, 0.0164228416979, -0.0140056479722, 0.012037159875, -0.0105092395097, 0.00569546828046, -0.00285284570418, -0.000312486197799], [8.52965458762e-005, 0.00112402276136, -0.00140493677463, 0.00484029296786, -0.00636425288394, 0.0101570533589, -0.0140056479722, 0.0229643397033, -0.0176268015057, 0.0146651053801, -0.00921744760126, 0.0053179464303, -0.000208826197195], [5.19408204127e-005, -0.00124055240303, 0.000958123535383, -0.00438866438344, 0.00398927601054, -0.00880687125027, 0.012037159875, -0.0176268015057, 0.0250514950603, -0.0205781813711, 0.0141968522221, -0.00954122282565, 0.00320341391489], [-2.59878270299e-005, 0.001528850873, -0.000537610263564, 0.00345438276418, -0.00381856621243, 0.00816957652569, -0.0105092395097, 0.0146651053801, -0.0205781813711, 0.0265606716275, -0.0189014710486, 0.0124212885275, -0.00415595341474], [0.00013685542217, -0.000923287065234, 0.000471199920867, -0.00236929091625, 0.00204587774351, -0.00431221071631, 0.00569546828046, -0.00921744760126, 0.0141968522221, -0.0189014710486, 0.0231394860893, -0.0151312006637, 0.00689691258594], [-5.911891094e-006, 0.000916924967896, 0.000221360300202, 0.00165331398603, -0.00206250487827, 0.00264945812523, -0.00285284570418, 0.0053179464303, -0.00954122282565, 0.0124212885275, -0.0151312006637, 0.0186976119876, -0.0095765562728], [-2.0157373001e-005, -0.000569147290662, -0.000243932852754, -0.000259702530457, 0.000614406599198, -0.000820294138975, -0.000312486197799, -0.000208826197195, 0.00320341391489, -0.00415595341474, 0.00689691258594, -0.0095765562728, 0.00944299902767]]
    },
    "spectral_contrast_coeffs": {
        "mean": [-0.663073480129, -0.669011354446, -0.689083576202, -0.736846387386, -0.738339304924, -0.819583773613],
        "var": [0.0123154567555, 0.00941231288016, 0.0122837508097, 0.00972800794989, 0.00952409673482, 0.00180222583003]
    },
    "spectral_contrast_valleys": {
        "mean": [-7.77144765854, -8.03287315369, -8.7532749176, -9.35182857513, -9.90178012848, -12.245434761],
        "var": [1.41123080254, 1.42205405235, 1.40236604214, 1.54248523712, 1.95291674137, 2.98187398911]
    }
},
"metadata": {
    "audio_properties": {
        "analysis_sample_rate": 44100,
        "bit_rate": 110077,
        "equal_loudness": 0,
        "length": 45.0873451233,
        "lossless": 0,
        "replay_gain": -6.5418548584,
        "sample_rate": 44100,
        "codec": "mp3",
        "downmix": "mix",
        "md5_encoded": "703fee2e2428745166bf4b35b58355bb"
    },
    "tags": {
        "file_name": "10.mp3"
    },
    "version": {
        "essentia": "2.1-beta2",
        "essentia_git_sha": "v2.1_beta2",
        "extractor": "music 1.0"
    }
},
"rhythm": {
    "beats_count": 70,
    "beats_loudness": {
        "mean": 0.0225764214993,
        "var": 0.000370918685803
    },
    "bpm": 93.9045028687,
    "bpm_histogram_first_peak_bpm": {
        "mean": 94,
        "var": 0
    },
    "bpm_histogram_first_peak_spread": {
        "mean": 0.420289874077,
        "var": 0
    },
    "bpm_histogram_first_peak_weight": {
        "mean": 0.579710125923,
        "var": 0
    },
    "bpm_histogram_second_peak_bpm": {
        "mean": 0,
        "var": 0
    },
    "bpm_histogram_second_peak_spread": {
        "mean": 0,
        "var": 0
    },
    "bpm_histogram_second_peak_weight": {
        "mean": 0,
        "var": 0
    },
    "danceability": 1.04825472832,
    "onset_rate": 3.59163856506,
    "beats_loudness_band_ratio": {
        "mean": [0.392862170935, 0.280853271484, 0.162872120738, 0.135146439075, 0.0986598730087, 0.0226621273905],
        "var": [0.0637363940477, 0.0622078552842, 0.0411987602711, 0.0292367655784, 0.0255326889455, 0.000533145852387]
    },
    "beats_position": [0.603718817234, 1.23065757751, 1.84598636627, 2.47292518616, 3.11147379875, 3.73841261864, 4.37696123123, 5.01551008224, 5.65405893326, 6.29260778427, 6.91954612732, 7.56970500946, 8.20825386047, 8.85841274261, 9.49696159363, 10.1355104446, 10.774058342, 11.412607193, 12.051156044, 12.689704895, 13.328253746, 13.9551925659, 14.5821313858, 15.2322902679, 15.8824491501, 16.5326080322, 17.1827659607, 17.8329238892, 18.4714736938, 19.1100215912, 19.7369613647, 20.3755092621, 21.0140590668, 21.6526069641, 22.2911567688, 22.9297046661, 23.5682544708, 24.2184123993, 24.8569602966, 25.4955101013, 26.1340579987, 26.7726078033, 27.4111557007, 28.0613155365, 28.6998634338, 29.3500213623, 29.988571167, 30.6271190643, 31.265668869, 31.9042167664, 32.542766571, 33.1813163757, 33.8314743042, 34.4816322327, 35.1085700989, 35.7355079651, 36.362449646, 36.9893875122, 37.6163253784, 38.2780952454, 38.9282531738, 39.5784111023, 40.216960907, 40.8555107117, 41.4940567017, 42.1442184448, 42.7827644348, 43.4213142395, 44.0598640442, 44.6984100342]
},
"tonal": {
    "chords_changes_rate": 0.0792181044817,
    "chords_number_rate": 0.0123456791043,
    "chords_strength": {
        "mean": 0.501016139984,
        "var": 0.0103624444455
    },
    "hpcp_entropy": {
        "mean": 1.61359882355,
        "var": 0.568357288837
    },
    "key_strength": 0.704743385315,
    "tuning_diatonic_strength": 0.53271073103,
    "tuning_equal_tempered_deviation": 0.0426070094109,
    "tuning_frequency": 441.272583008,
    "tuning_nontempered_energy_ratio": 0.696412563324,
    "hpcp": {
        "mean": [0.265338778496, 0.185102194548, 0.0910057723522, 0.0495474785566, 0.0294684283435, 0.053348120302, 0.0901670753956, 0.0774443224072, 0.133697330952, 0.17976744473, 0.108703702688, 0.0859932303429, 0.107608541846, 0.082272477448, 0.12889097631, 0.211244553328, 0.152614176273, 0.0780276879668, 0.0682406499982, 0.0561752431095, 0.109040416777, 0.164159685373, 0.123161591589, 0.0944722145796, 0.0670506581664, 0.0387264713645, 0.0958924219012, 0.126079946756, 0.0834205597639, 0.115671724081, 0.140895500779, 0.0742156282067, 0.0398660860956, 0.0382646173239, 0.0507182180882, 0.175268575549],
        "var": [0.131930291653, 0.0828602090478, 0.04284825176, 0.018852263689, 0.00922678317875, 0.0177763961256, 0.0417357310653, 0.0281038545072, 0.0625431984663, 0.101294197142, 0.0431091859937, 0.0375881530344, 0.055318377912, 0.0311125218868, 0.0497747696936, 0.12328016758, 0.076693482697, 0.0381326414645, 0.0377303063869, 0.0245014745742, 0.0369836762547, 0.0792082250118, 0.0462631322443, 0.050553239882, 0.0313419513404, 0.0158498734236, 0.0476489886642, 0.0708759352565, 0.0299936011434, 0.0540547780693, 0.0777252390981, 0.0254289451987, 0.0161886848509, 0.0133913652971, 0.0139213968068, 0.0719062611461]
    },
    "chords_histogram": [18.8271598816, 7.09876537323, 16.3580245972, 0.102880656719, 0, 0.308641970158, 0, 0, 3.39506173134, 0, 0, 0.720164597034, 0, 4.01234579086, 0, 0.411522626877, 0.205761313438, 5.34979438782, 5.96707820892, 21.707818985, 2.98353910446, 1.23456788063, 5.45267486572, 5.86419773102],
    "thpcp": [1, 0.697607040405, 0.342979550362, 0.186732903123, 0.111059635878, 0.201056629419, 0.339818686247, 0.291869610548, 0.503874063492, 0.677501618862, 0.409678906202, 0.324088424444, 0.40555152297, 0.31006577611, 0.485760033131, 0.796131491661, 0.575167238712, 0.294068157673, 0.257183104753, 0.211711391807, 0.410947918892, 0.618679583073, 0.464167326689, 0.356043756008, 0.252698302269, 0.14595104754, 0.361396193504, 0.475165933371, 0.314392656088, 0.435939759016, 0.531002283096, 0.279701411724, 0.150245979428, 0.144210427999, 0.191145136952, 0.660546422005],
    "chords_key": "A",
    "chords_scale": "minor",
    "key_key": "D",
    "key_scale": "major"
}
}