{
"lowlevel": {
    "average_loudness": 0.972633123398,
    "barkbands_crest": {
        "mean": 10.5770893097,
        "var": 20.7139339447
    },
    "barkbands_flatness_db": {
        "mean": 0.136472210288,
        "var": 0.00313312420622
    },
    "barkbands_kurtosis": {
        "mean": 4.32695913315,
        "var": 57.3759765625
    },
    "barkbands_skewness": {
        "mean": 1.61969459057,
        "var": 1.45490646362
    },
    "barkbands_spread": {
        "mean": 21.8295478821,
        "var": 186.958648682
    },
    "dissonance": {
        "mean": 0.460864782333,
        "var": 0.000727466365788
    },
    "dynamic_complexity": 2.26412510872,
    "erbbands_crest": {
        "mean": 8.64431476593,
        "var": 18.8711032867
    },
    "erbbands_flatness_db": {
        "mean": 0.154093548656,
        "var": 0.00183619977906
    },
    "erbbands_kurtosis": {
        "mean": 0.274715185165,
        "var": 4.33105659485
    },
    "erbbands_skewness": {
        "mean": 0.309094578028,
        "var": 0.394861727953
    },
    "erbbands_spread": {
        "mean": 37.3934516907,
        "var": 312.657409668
    },
    "hfc": {
        "mean": 27.9850959778,
        "var": 534.871276855
    },
    "melbands_crest": {
        "mean": 15.9892606735,
        "var": 41.2799453735
    },
    "melbands_flatness_db": {
        "mean": 0.207979544997,
        "var": 0.00468614464626
    },
    "melbands_kurtosis": {
        "mean": 13.6459197998,
        "var": 340.091491699
    },
    "melbands_skewness": {
        "mean": 2.68520259857,
        "var": 2.98334002495
    },
    "melbands_spread": {
        "mean": 21.6346282959,
        "var": 201.6328125
    },
    "pitch_salience": {
        "mean": 0.524048089981,
        "var": 0.0153614515439
    },
    "silence_rate_20dB": {
        "mean": 1,
        "var": 0
    },
    "silence_rate_30dB": {
        "mean": 0.994853317738,
        "var": 0.0051202676259
    },
    "silence_rate_60dB": {
        "mean": 0.0174987129867,
        "var": 0.0171920992434
    },
    "spectral_centroid": {
        "mean": 1281.91394043,
        "var": 371484.75
    },
    "spectral_complexity": {
        "mean": 22.4781265259,
        "var": 82.0897827148
    },
    "spectral_decrease": {
        "mean": -1.02897352861e-008,
        "var": 3.59360113707e-017
    },
    "spectral_energy": {
        "mean": 0.041374117136,
        "var": 0.000547681120224
    },
    "spectral_energyband_high": {
        "mean": 0.00120472989511,
        "var": 3.51922813024e-006
    },
    "spectral_energyband_low": {
        "mean": 0.0192687399685,
        "var": 0.000419312418671
    },
    "spectral_energyband_middle_high": {
        "mean": 0.00751202879474,
        "var": 5.90058771195e-005
    },
    "spectral_energyband_middle_low": {
        "mean": 0.0147236296907,
        "var": 0.000139085328556
    },
    "spectral_entropy": {
        "mean": 7.57146596909,
        "var": 0.152895629406
    },
    "spectral_flux": {
        "mean": 0.109959147871,
        "var": 0.00253551546484
    },
    "spectral_kurtosis": {
        "mean": 4.49699544907,
        "var": 8.52698898315
    },
    "spectral_rms": {
        "mean": 0.00606540078297,
        "var": 3.57594353773e-006
    },
    "spectral_rolloff": {
        "mean": 1335.31164551,
        "var": 2658582.25
    },
    "spectral_skewness": {
        "mean": 1.55193185806,
        "var": 0.185623720288
    },
    "spectral_spread": {
        "mean": 4477446.5,
        "var": 5.29891904717e+012
    },
    "spectral_strongpeak": {
        "mean": 0.897058963776,
        "var": 1.42825746536
    },
    "zerocrossingrate": {
        "mean": 0.0557424686849,
        "var": 0.00178816367406
    },
    "barkbands": {
        "mean": [0.00133750296663, 0.0131919495761, 0.003817449091, 0.00208743242547, 0.00335788936354, 0.00152468273882, 0.00331618241034, 0.00190833769739, 0.00147982011549, 0.00179092143662, 0.000969381188042, 0.000801459886134, 0.000933995237574, 0.00105093000457, 0.000949729059357, 0.000500920461491, 0.000510166457389, 0.000260761444224, 0.000289192335913, 0.000212088605622, 0.000200890659471, 0.000242893860559, 0.000188328835065, 0.000153803324793, 0.00017590088828, 0.00011606595217, 5.48751131646e-006],
        "var": [4.14159057982e-006, 0.000218579880311, 5.84372683079e-005, 8.45533304528e-006, 1.88312133105e-005, 6.50161791782e-006, 4.04969287047e-005, 1.07808455141e-005, 7.09314281266e-006, 1.16930987133e-005, 5.17733451488e-006, 2.06081108445e-006, 3.019588803e-006, 6.60912473904e-006, 3.01307522932e-006, 6.36940626464e-007, 4.70835061606e-007, 8.12863589772e-008, 9.15622564435e-008, 8.17783387674e-008, 1.28582854586e-007, 1.38078519285e-007, 1.03045763922e-007, 1.57427905378e-007, 1.98853385314e-007, 1.08809814492e-007, 3.11750597559e-010]
    },
    "erbbands": {
        "mean": [0.535478055477, 2.32949185371, 4.6443157196, 5.68153810501, 9.44952964783, 10.922287941, 12.9986629486, 12.4341926575, 32.010345459, 65.3979949951, 30.6795272827, 33.3173942566, 62.9391555786, 37.2604064941, 43.4739456177, 39.2442550659, 46.9865913391, 57.4499130249, 49.5689620972, 37.4859085083, 31.2148971558, 23.9856414795, 16.7542095184, 12.760635376, 14.8485126495, 11.4353179932, 8.98340606689, 7.47476959229, 8.86964321136, 6.90531158447, 5.16002750397, 3.58205842972, 2.37019228935, 2.00270199776, 1.20880246162, 0.555333733559, 0.209471479058, 0.0313786156476, 0.000746624136809, 7.22494296497e-005],
        "var": [0.370963692665, 8.91940021515, 79.5380401611, 52.7314567566, 311.715698242, 198.359893799, 571.794372559, 269.91583252, 2884.48535156, 19740.7402344, 2005.53564453, 2473.9375, 21213.1269531, 6885.61132813, 8662.74121094, 4472.05322266, 7480.43896484, 17804.2910156, 7242.19384766, 5895.49169922, 1815.93261719, 992.197387695, 287.502044678, 183.945922852, 264.307525635, 209.508209229, 223.39024353, 168.419555664, 182.258743286, 124.97505188, 80.3791503906, 76.8548736572, 37.9033317566, 22.2255382538, 11.6068124771, 2.57216334343, 0.384148687124, 0.00796424504369, 4.33119475929e-006, 5.3719517723e-009]
    },
    "gfcc": {
        "mean": [22.8191623688, 104.935386658, -120.882843018, 32.4620399475, -52.7503433228, 17.4980735779, -31.3532562256, 9.94261932373, -16.8412227631, 6.10755300522, -12.260890007, 1.51776349545, -9.45427036285],
        "cov": [[6430.91552734, -1479.83105469, 59.5940856934, -91.6683578491, -478.852325439, 472.291809082, -360.317077637, 284.446228027, -186.905288696, 181.719314575, -402.938018799, 74.9771881104, -275.783294678], [-1479.83105469, 1563.86071777, -355.084777832, 247.374176025, 241.789978027, -269.395263672, 243.751266479, -203.672210693, 174.22442627, -146.92364502, 286.059661865, -90.3426361084, 208.302688599], [59.5940856934, -355.084777832, 612.626037598, 91.1642303467, 74.7248306274, 108.557975769, -24.0261135101, 95.8824234009, -40.6077842712, 70.4622039795, -35.6709861755, 60.8734817505, -59.1990699768], [-91.6683578491, 247.374176025, 91.1642303467, 472.395172119, 126.869735718, -15.1413478851, 86.3232498169, -27.3924789429, 88.3623733521, -22.9275360107, 79.6262283325, -19.1887874603, 87.5207061768], [-478.852325439, 241.789978027, 74.7248306274, 126.869735718, 354.33291626, -17.0819625854, 117.105300903, 32.8549880981, 27.8053531647, 23.9825458527, 37.7673606873, 9.8969669342, 46.7614860535], [472.291809082, -269.395263672, 108.557975769, -15.1413478851, -17.0819625854, 228.926040649, 5.56807088852, 51.5526657104, -0.983512341976, 33.0735549927, -19.1849060059, 25.1255741119, -25.8382968903], [-360.317077637, 243.751266479, -24.0261135101, 86.3232498169, 117.105300903, 5.56807088852, 209.969650269, 8.90529251099, 38.3038902283, -6.86183834076, 67.7415924072, 11.1005678177, 34.7367286682], [284.446228027, -203.672210693, 95.8824234009, -27.3924789429, 32.8549880981, 51.5526657104, 8.90529251099, 144.424362183, 16.1245307922, 42.6844978333, -35.6344299316, 16.5753154755, -33.6093788147], [-186.905288696, 174.22442627, -40.6077842712, 88.3623733521, 27.8053531647, -0.983512341976, 38.3038902283, 16.1245307922, 154.367904663, 15.3737831116, 62.9176330566, -15.8378095627, 46.0404472351], [181.719314575, -146.92364502, 70.4622039795, -22.9275360107, 23.9825458527, 33.0735549927, -6.86183834076, 42.6844978333, 15.3737831116, 94.2413024902, -4.70705795288, 22.8707408905, -15.6491441727], [-402.938018799, 286.059661865, -35.6709861755, 79.6262283325, 37.7673606873, -19.1849060059, 67.7415924072, -35.6344299316, 62.9176330566, -4.70705795288, 141.993972778, 9.14235687256, 58.1782417297], [74.9771881104, -90.3426361084, 60.8734817505, -19.1887874603, 9.8969669342, 25.1255741119, 11.1005678177, 16.5753154755, -15.8378095627, 22.8707408905, 9.14235687256, 68.6876678467, 2.980499506], [-275.783294678, 208.302688599, -59.1990699768, 87.5207061768, 46.7614860535, -25.8382968903, 34.7367286682, -33.6093788147, 46.0404472351, -15.6491441727, 58.1782417297, 2.980499506, 113.520187378]],
        "icov": [[0.000369783927454, -0.000298202037811, 0.000412706431234, -0.000599968829192, 0.000555480713956, -0.000798163819127, 0.000538494496141, -0.000774580345023, 0.000551414908841, -0.000881252693944, 0.000950434769038, -0.000745296187233, 0.000506073352881], [-0.000298202037811, 0.00310578220524, -0.000149719082401, 0.000983389210887, -0.00189355504699, 0.00244085676968, -0.00182555394713, 0.00250041019171, -0.00187561719213, 0.00327661703341, -0.00402680970728, 0.00296387984417, -0.00142687105108], [0.000412706431234, -0.000149719082401, 0.00309509295039, -0.0017432103632, 3.1215553463e-005, -0.00146409019362, 0.00134814786725, -0.00176860392094, 0.00140821468085, -0.00165711424779, 0.000637512479443, -0.00242783525027, 0.00189055711962], [-0.000599968829192, 0.000983389210887, -0.0017432103632, 0.00443060370162, -0.00172496959567, 0.00164129282348, -0.00176937726792, 0.0023641588632, -0.00252452283166, 0.00285105663352, -0.002354899887, 0.00299447728321, -0.00271628960036], [0.000555480713956, -0.00189355504699, 3.1215553463e-005, -0.00172496959567, 0.0057236677967, -0.00136798562016, -0.000627792091109, -0.00301250745542, 0.00217988179065, -0.00394436437637, 0.00333558302373, -0.00171768700238, -0.000290862313705], [-0.000798163819127, 0.00244085676968, -0.00146409019362, 0.00164129282348, -0.00136798562016, 0.00812552962452, -0.00275310059078, 0.00185213389341, -0.00239447737113, 0.00273650558665, -0.00359964324161, 0.00214167567901, -0.0015060849255], [0.000538494496141, -0.00182555394713, 0.00134814786725, -0.00176937726792, -0.000627792091109, -0.00275310059078, 0.00878175254911, -0.00320470170118, 0.00143629848026, -0.00111869501416, 5.75560989091e-005, -0.00361926248297, 0.00204994156957], [-0.000774580345023, 0.00250041019171, -0.00176860392094, 0.0023641588632, -0.00301250745542, 0.00185213389341, -0.00320470170118, 0.0136534878984, -0.00536966696382, 0.00144177908078, -0.000760586175602, 0.00171648373362, 0.000191846265807], [0.000551414908841, -0.00187561719213, 0.00140821468085, -0.00252452283166, 0.00217988179065, -0.00239447737113, 0.00143629848026, -0.00536966696382, 0.0123888347298, -0.00547909550369, -0.00106379447971, 0.00148158345837, -0.00128385890275], [-0.000881252693944, 0.00327661703341, -0.00165711424779, 0.00285105663352, -0.00394436437637, 0.00273650558665, -0.00111869501416, 0.00144177908078, -0.00547909550369, 0.0191844385117, -0.00553904706612, 4.44052857347e-005, -0.000494372157846], [0.000950434769038, -0.00402680970728, 0.000637512479443, -0.002354899887, 0.00333558302373, -0.00359964324161, 5.75560989091e-005, -0.000760586175602, -0.00106379447971, -0.00553904706612, 0.0186157319695, -0.00741339055821, -0.000268096046057], [-0.000745296187233, 0.00296387984417, -0.00242783525027, 0.00299447728321, -0.00171768700238, 0.00214167567901, -0.00361926248297, 0.00171648373362, 0.00148158345837, 4.44052857347e-005, -0.00741339055821, 0.0234423689544, -0.00542413117364], [0.000506073352881, -0.00142687105108, 0.00189055711962, -0.00271628960036, -0.000290862313705, -0.0015060849255, 0.00204994156957, 0.000191846265807, -0.00128385890275, -0.000494372157846, -0.000268096046057, -0.00542413117364, 0.015675637871]]
    },
    "melbands": {
        "mean": [0.00411796569824, 0.00264347833581, 0.00112449401058, 0.000744482444134, 0.000472423824249, 0.00027422583662, 0.000543835223652, 0.000667134998366, 0.000223896873649, 0.000216895452468, 0.00030801675166, 0.000142036893521, 0.000139671843499, 9.43161794567e-005, 0.000112278656161, 9.38665180001e-005, 0.000106228995719, 7.61691044318e-005, 5.84563422308e-005, 4.14779897255e-005, 3.66195963579e-005, 2.58775253315e-005, 2.099662197e-005, 1.20100858112e-005, 9.5303857961e-006, 1.21847551782e-005, 7.4614931691e-006, 7.64149626775e-006, 5.48650314158e-006, 4.96246093462e-006, 4.15308795709e-006, 5.09471328769e-006, 4.61512081529e-006, 3.58773831977e-006, 3.05662115352e-006, 2.51924529948e-006, 2.07752009374e-006, 1.60181195952e-006, 1.727213089e-006, 1.6722736973e-006],
        "var": [2.05808937608e-005, 1.75227396539e-005, 2.14446595237e-006, 1.08577887659e-006, 5.34996104307e-007, 1.48254542864e-007, 8.8843080448e-007, 1.85764213256e-006, 1.12745304648e-007, 1.2632271762e-007, 5.15499550602e-007, 1.16193021427e-007, 9.73153433392e-008, 2.13662421089e-008, 3.90321943655e-008, 3.23927515922e-008, 6.60035581745e-008, 2.1778333803e-008, 1.47994354549e-008, 6.11658812488e-009, 2.73302003251e-009, 1.74802128328e-009, 5.86952153547e-010, 2.05774799977e-010, 1.27043375819e-010, 1.80359088775e-010, 9.43649255958e-011, 1.07426852136e-010, 8.16755482691e-011, 9.59240326059e-011, 4.9881137415e-011, 6.35093783119e-011, 5.72813324551e-011, 3.81468502619e-011, 2.94520241528e-011, 2.67019722305e-011, 3.25169648152e-011, 1.92454802095e-011, 1.99955937225e-011, 1.56765295189e-011]
    },
    "mfcc": {
        "mean": [-617.396057129, 132.315689087, -5.19363880157, 21.6335334778, 3.25091171265, 10.1312017441, -0.70407730341, 5.46743679047, 1.62106633186, 4.91286373138, 3.3297226429, 1.2813937664, 3.68578696251],
        "cov": [[4105.69091797, -1233.13623047, 287.62991333, -495.766998291, -52.028465271, 21.3619194031, -101.421974182, 29.4798755646, 71.3160324097, 52.886428833, 96.7605133057, -99.8167800903, -54.6510009766], [-1233.13623047, 1127.21386719, -320.508728027, 260.442993164, -13.9390096664, 7.89684915543, 53.3577041626, 1.34484648705, -38.4469184875, -22.587266922, -38.5269622803, 58.4102554321, 51.8447189331], [287.62991333, -320.508728027, 495.531677246, -1.31481349468, 70.1448898315, 33.8952674866, -0.633958399296, 24.3725414276, -1.67385423183, -8.34762477875, 33.2219009399, 27.5029716492, 5.28427791595], [-495.766998291, 260.442993164, -1.31481349468, 511.955505371, 100.887924194, 66.6408309937, 61.0557899475, 20.2608547211, 52.7933540344, 7.13092947006, -41.8088378906, 68.4521789551, 24.2895526886], [-52.028465271, -13.9390096664, 70.1448898315, 100.887924194, 221.87210083, 32.2282142639, 31.8400726318, -1.06099200249, 57.0483551025, 25.0764331818, 4.3581404686, 18.3099594116, 7.2099404335], [21.3619194031, 7.89684915543, 33.8952674866, 66.6408309937, 32.2282142639, 153.764709473, 55.1302871704, 31.7225704193, 14.3859062195, 3.41406035423, 17.1164226532, 12.766872406, 4.4416809082], [-101.421974182, 53.3577041626, -0.633958399296, 61.0557899475, 31.8400726318, 55.1302871704, 154.05569458, 46.5229721069, 14.5106229782, 7.88396549225, 6.84757232666, 18.8652973175, -5.54890537262], [29.4798755646, 1.34484648705, 24.3725414276, 20.2608547211, -1.06099200249, 31.7225704193, 46.5229721069, 108.44934082, 19.8106899261, 23.7358703613, 21.1898345947, 6.9593038559, 10.0437459946], [71.3160324097, -38.4469184875, -1.67385423183, 52.7933540344, 57.0483551025, 14.3859062195, 14.5106229782, 19.8106899261, 104.695594788, 41.1930160522, 11.0699443817, 0.109428979456, 6.51666355133], [52.886428833, -22.587266922, -8.34762477875, 7.13092947006, 25.0764331818, 3.41406035423, 7.88396549225, 23.7358703613, 41.1930160522, 82.6152877808, 34.6122894287, 2.90255880356, 5.42681455612], [96.7605133057, -38.5269622803, 33.2219009399, -41.8088378906, 4.3581404686, 17.1164226532, 6.84757232666, 21.1898345947, 11.0699443817, 34.6122894287, 95.5862197876, 15.2595863342, 6.17570829391], [-99.8167800903, 58.4102554321, 27.5029716492, 68.4521789551, 18.3099594116, 12.766872406, 18.8652973175, 6.9593038559, 0.109428979456, 2.90255880356, 15.2595863342, 80.0406341553, 28.059387207], [-54.6510009766, 51.8447189331, 5.28427791595, 24.2895526886, 7.2099404335, 4.4416809082, -5.54890537262, 10.0437459946, 6.51666355133, 5.42681455612, 6.17570829391, 28.059387207, 71.3922119141]],
        "icov": [[0.000390874949517, 0.000370229507098, 2.26277134061e-005, 0.000192314488231, 8.38645501062e-005, -0.000183166106581, 0.000153571978444, -0.00010130899318, -0.000236290710745, -5.58496185477e-006, -0.000108220156108, 4.69860715384e-005, 5.25428549736e-006], [0.000370229507098, 0.00178420799784, 0.00100568693597, -0.00052745139692, -1.4964743059e-005, -3.01264863083e-005, -0.000134091373184, -0.000233804516029, 0.000721566320863, 0.000294009019854, -0.000249431031989, -0.000355362950359, -0.000808369077276], [2.26277134061e-005, 0.00100568693597, 0.00299696065485, -0.000289936899208, -0.00102220429108, -0.000252996716881, 0.000371579313651, -0.000885041023139, 0.000944087631069, 0.00106163951568, -0.000839829095639, -0.00101244659163, -0.000260125962086], [0.000192314488231, -0.00052745139692, -0.000289936899208, 0.00330786546692, -0.000671030196827, -0.00106337235775, -4.75354936498e-005, -0.000218864006456, -0.00156618538313, -0.000289470131975, 0.00203482597135, -0.00229405402206, 0.000477887428133], [8.38645501062e-005, -1.4964743059e-005, -0.00102220429108, -0.000671030196827, 0.00624359538779, -0.000519907975104, -0.000962771882769, 0.00168787816074, -0.00287311780266, -0.00100953434594, 0.000209346122574, -0.000174098880962, -0.000142143398989], [-0.000183166106581, -3.01264863083e-005, -0.000252996716881, -0.00106337235775, -0.000519907975104, 0.00833953171968, -0.00232886336744, -0.00107100210153, 2.78758798231e-005, 0.0012685440015, -0.00181104091462, 0.000674873241223, -0.00044205453014], [0.000153571978444, -0.000134091373184, 0.000371579313651, -4.75354936498e-005, -0.000962771882769, -0.00232886336744, 0.00906440988183, -0.00352243939415, -0.000170177037944, 0.000316016317811, 0.000293907447485, -0.00193508551456, 0.00237244041637], [-0.00010130899318, -0.000233804516029, -0.000885041023139, -0.000218864006456, 0.00168787816074, -0.00107100210153, -0.00352243939415, 0.0124645037577, -0.00131911132485, -0.00255930004641, -0.00114039413165, 0.00104323518462, -0.00189538020641], [-0.000236290710745, 0.000721566320863, 0.000944087631069, -0.00156618538313, -0.00287311780266, 2.78758798231e-005, -0.000170177037944, -0.00131911132485, 0.0148865701631, -0.00557316979393, 6.65225525154e-005, 0.00165109126829, -0.00137101416476], [-5.58496185477e-006, 0.000294009019854, 0.00106163951568, -0.000289470131975, -0.00100953434594, 0.0012685440015, 0.000316016317811, -0.00255930004641, -0.00557316979393, 0.0186488889158, -0.00616734055802, 0.000467485486297, -0.000349330308381], [-0.000108220156108, -0.000249431031989, -0.000839829095639, 0.00203482597135, 0.000209346122574, -0.00181104091462, 0.000293907447485, -0.00114039413165, 6.65225525154e-005, -0.00616734055802, 0.0150233497843, -0.00393271353096, 0.000451797561254], [4.69860715384e-005, -0.000355362950359, -0.00101244659163, -0.00229405402206, -0.000174098880962, 0.000674873241223, -0.00193508551456, 0.00104323518462, 0.00165109126829, 0.000467485486297, -0.00393271353096, 0.018331002444, -0.00622281851247], [5.25428549736e-006, -0.000808369077276, -0.000260125962086, 0.000477887428133, -0.000142143398989, -0.00044205453014, 0.00237244041637, -0.00189538020641, -0.00137101416476, -0.000349330308381, 0.000451797561254, -0.00622281851247, 0.0175061356276]]
    },
    "spectral_contrast_coeffs": {
        "mean": [-0.674100637436, -0.715857207775, -0.740456700325, -0.754031360149, -0.774027764797, -0.731066524982],
        "var": [0.00750122126192, 0.00518040265888, 0.00396429654211, 0.00279204687104, 0.00171748851426, 0.00188385869842]
    },
    "spectral_contrast_valleys": {
        "mean": [-6.77164268494, -6.47649717331, -7.09119415283, -7.43649816513, -7.49663829803, -10.3875579834],
        "var": [1.3118699789, 1.17952930927, 1.21407747269, 1.12735915184, 1.11530387402, 1.71743321419]
    }
},
"metadata": {
    "audio_properties": {
        "analysis_sample_rate": 44100,
        "bit_rate": 110528,
        "equal_loudness": 0,
        "length": 45.0873451233,
        "lossless": 0,
        "replay_gain": -13.2018470764,
        "sample_rate": 44100,
        "codec": "mp3",
        "downmix": "mix",
        "md5_encoded": "368fd346acec2b26ad947a29734fe6ff"
    },
    "tags": {
        "file_name": "1000.mp3"
    },
    "version": {
        "essentia": "2.1-beta2",
        "essentia_git_sha": "v2.1_beta2",
        "extractor": "music 1.0"
    }
},
"rhythm": {
    "beats_count": 102,
    "beats_loudness": {
        "mean": 0.0665067061782,
        "var": 0.00044348888332
    },
    "bpm": 135.952102661,
    "bpm_histogram_first_peak_bpm": {
        "mean": 136,
        "var": 0
    },
    "bpm_histogram_first_peak_spread": {
        "mean": 0.291666686535,
        "var": 0
    },
    "bpm_histogram_first_peak_weight": {
        "mean": 0.673267304897,
        "var": 0
    },
    "bpm_histogram_second_peak_bpm": {
        "mean": 144,
        "var": 0
    },
    "bpm_histogram_second_peak_spread": {
        "mean": 0.40000000596,
        "var": 0
    },
    "bpm_histogram_second_peak_weight": {
        "mean": 0.0297029707581,
        "var": 0
    },
    "danceability": 1.45950639248,
    "onset_rate": 3.34776186943,
    "beats_loudness_band_ratio": {
        "mean": [0.676897764206, 0.0733478292823, 0.108867101371, 0.0766232833266, 0.0524691641331, 0.032002966851],
        "var": [0.0321543365717, 0.0056628761813, 0.00797946937382, 0.00710344081745, 0.00194427755196, 0.00122429907788]
    },
    "beats_position": [0.417959183455, 0.835918366909, 1.24226760864, 1.64861679077, 2.06657600403, 2.49614500999, 2.92571425438, 3.36689329147, 3.80807256699, 4.26086139679, 4.71365070343, 5.15482997894, 5.59600877762, 6.03718805313, 6.47836732864, 6.90793657303, 7.33750534058, 7.77868461609, 8.2198638916, 8.67265319824, 9.11383247375, 9.56662082672, 10.0078001022, 10.4489793777, 10.8901586533, 11.3313379288, 11.7725172043, 12.2136955261, 12.6548748016, 13.0960540771, 13.5372333527, 13.9784126282, 14.4195919037, 14.8723802567, 15.3135595322, 15.7547388077, 16.1959171295, 16.6254863739, 17.0666656494, 17.5078449249, 17.9490242004, 18.390203476, 18.8313827515, 19.272562027, 19.7137413025, 20.154920578, 20.5960998535, 21.0256690979, 21.4552383423, 21.8964176178, 22.3492050171, 22.8019943237, 23.2431735992, 23.6843528748, 24.1255321503, 24.5667114258, 25.0195007324, 25.4722900391, 25.9134693146, 26.3546485901, 26.7842178345, 27.2137870789, 27.6549663544, 28.0961437225, 28.5141029358, 28.9552822113, 29.3848514557, 29.8376407623, 30.2672100067, 30.7199993134, 31.1611785889, 31.6023578644, 32.0551452637, 32.5079345703, 32.9491157532, 33.3902931213, 33.8314743042, 34.2726516724, 34.7138328552, 35.1550102234, 35.5961914063, 36.0373687744, 36.4785499573, 36.9197273254, 37.3609046936, 37.8020858765, 38.2432632446, 38.672832489, 39.1140136719, 39.55519104, 39.9963722229, 40.4375495911, 40.8787307739, 41.3199081421, 41.7494773865, 42.1906585693, 42.6318359375, 43.0730133057, 43.5258026123, 43.9785919189, 44.4197731018, 44.86095047]
},
"tonal": {
    "chords_changes_rate": 0.0411522649229,
    "chords_number_rate": 0.00720164598897,
    "chords_strength": {
        "mean": 0.544914126396,
        "var": 0.00969477556646
    },
    "hpcp_entropy": {
        "mean": 2.11129212379,
        "var": 0.457952052355
    },
    "key_strength": 0.589100182056,
    "tuning_diatonic_strength": 0.506002128124,
    "tuning_equal_tempered_deviation": 0.215039655566,
    "tuning_frequency": 434.193115234,
    "tuning_nontempered_energy_ratio": 0.927347660065,
    "hpcp": {
        "mean": [0.329801291227, 0.326740056276, 0.186491534114, 0.0967182293534, 0.069444514811, 0.0694185271859, 0.113435156643, 0.146213307977, 0.139884963632, 0.165012940764, 0.152848988771, 0.0907543972135, 0.065749540925, 0.0623011514544, 0.0803125798702, 0.161084100604, 0.177430823445, 0.0917112231255, 0.0458246171474, 0.0377855040133, 0.0459856539965, 0.12100750953, 0.168391674757, 0.208106711507, 0.265476047993, 0.164193242788, 0.0676325187087, 0.0996434092522, 0.126199677587, 0.138899415731, 0.206629484892, 0.223951518536, 0.152928084135, 0.118073575199, 0.121767915785, 0.194621175528],
        "var": [0.114090360701, 0.104161038995, 0.0603111796081, 0.0368268713355, 0.0267301294953, 0.026461718604, 0.0424252897501, 0.0611961819232, 0.0511799268425, 0.0624146983027, 0.0547032952309, 0.0269425455481, 0.0166416056454, 0.0172547213733, 0.0234076268971, 0.066754207015, 0.0758079662919, 0.0220547057688, 0.00971196219325, 0.00912628415972, 0.0102570094168, 0.0298095587641, 0.0483023971319, 0.0499647185206, 0.122759960592, 0.047519441694, 0.020263209939, 0.0387018956244, 0.0513288266957, 0.0528638213873, 0.0666602998972, 0.0832621976733, 0.0612779259682, 0.0572569668293, 0.0535452142358, 0.0737285837531]
    },
    "chords_histogram": [30.5555553436, 10.5967073441, 0, 15.123456955, 0.102880656719, 3.18930029869, 0, 14.0946502686, 0, 0, 0, 0, 0, 0, 0, 0, 0, 0, 0, 0, 0, 0, 10.9053497314, 15.4320983887],
    "thpcp": [1, 0.990717947483, 0.565466344357, 0.293262124062, 0.21056471765, 0.21048592031, 0.343950003386, 0.443337589502, 0.424149215221, 0.500340521336, 0.4634578228, 0.275179028511, 0.199361070991, 0.188905119896, 0.243518084288, 0.488427758217, 0.537993133068, 0.278080254793, 0.138946145773, 0.114570513368, 0.139434427023, 0.366910368204, 0.51058524847, 0.631006360054, 0.804957568645, 0.497855067253, 0.205070510507, 0.302131652832, 0.382653683424, 0.421160936356, 0.626527190208, 0.67904984951, 0.463697642088, 0.358014285564, 0.369215995073, 0.590116500854],
    "chords_key": "A",
    "chords_scale": "minor",
    "key_key": "A",
    "key_scale": "minor"
}
}