{
"lowlevel": {
    "average_loudness": 0.894595563412,
    "barkbands_crest": {
        "mean": 8.58334541321,
        "var": 12.2374868393
    },
    "barkbands_flatness_db": {
        "mean": 0.15752504766,
        "var": 0.00131367950235
    },
    "barkbands_kurtosis": {
        "mean": 1.42210268974,
        "var": 6.86139678955
    },
    "barkbands_skewness": {
        "mean": 0.965460896492,
        "var": 0.522344052792
    },
    "barkbands_spread": {
        "mean": 17.9849700928,
        "var": 152.308853149
    },
    "dissonance": {
        "mean": 0.452846974134,
        "var": 0.000865427777171
    },
    "dynamic_complexity": 2.99397182465,
    "erbbands_crest": {
        "mean": 9.71350193024,
        "var": 19.7250480652
    },
    "erbbands_flatness_db": {
        "mean": 0.191858485341,
        "var": 0.00190663069952
    },
    "erbbands_kurtosis": {
        "mean": 0.220674157143,
        "var": 2.34991669655
    },
    "erbbands_skewness": {
        "mean": 0.208094835281,
        "var": 0.353398621082
    },
    "erbbands_spread": {
        "mean": 28.3331489563,
        "var": 249.404754639
    },
    "hfc": {
        "mean": 17.5125923157,
        "var": 293.081359863
    },
    "melbands_crest": {
        "mean": 11.8056907654,
        "var": 21.5895195007
    },
    "melbands_flatness_db": {
        "mean": 0.210060507059,
        "var": 0.00236209970899
    },
    "melbands_kurtosis": {
        "mean": 4.59411287308,
        "var": 33.590423584
    },
    "melbands_skewness": {
        "mean": 1.59959971905,
        "var": 0.990759313107
    },
    "melbands_spread": {
        "mean": 21.9704780579,
        "var": 112.762275696
    },
    "pitch_salience": {
        "mean": 0.577192306519,
        "var": 0.00765409274027
    },
    "silence_rate_20dB": {
        "mean": 1,
        "var": 0
    },
    "silence_rate_30dB": {
        "mean": 0.997425317764,
        "var": 0.00256806379184
    },
    "silence_rate_60dB": {
        "mean": 0.00720906304196,
        "var": 0.00715682376176
    },
    "spectral_centroid": {
        "mean": 1071.23278809,
        "var": 178853.078125
    },
    "spectral_complexity": {
        "mean": 18.7404727936,
        "var": 35.1231269836
    },
    "spectral_decrease": {
        "mean": -5.3320583504e-009,
        "var": 2.04469567933e-017
    },
    "spectral_energy": {
        "mean": 0.0217128843069,
        "var": 0.000339501129929
    },
    "spectral_energyband_high": {
        "mean": 0.00024251677678,
        "var": 2.70080505516e-007
    },
    "spectral_energyband_low": {
        "mean": 0.00314144440927,
        "var": 2.09627032746e-005
    },
    "spectral_energyband_middle_high": {
        "mean": 0.00670840265229,
        "var": 7.68558020354e-005
    },
    "spectral_energyband_middle_low": {
        "mean": 0.0119870873168,
        "var": 0.000153081447934
    },
    "spectral_entropy": {
        "mean": 7.23926115036,
        "var": 0.15126042068
    },
    "spectral_flux": {
        "mean": 0.0698568820953,
        "var": 0.0015007784823
    },
    "spectral_kurtosis": {
        "mean": 8.84285163879,
        "var": 27.1641597748
    },
    "spectral_rms": {
        "mean": 0.00428384076804,
        "var": 2.83197937279e-006
    },
    "spectral_rolloff": {
        "mean": 1488.04187012,
        "var": 2281882.5
    },
    "spectral_skewness": {
        "mean": 2.09718942642,
        "var": 0.305703729391
    },
    "spectral_spread": {
        "mean": 3538389.25,
        "var": 4.97378131968e+012
    },
    "spectral_strongpeak": {
        "mean": 1.25582098961,
        "var": 2.19699788094
    },
    "zerocrossingrate": {
        "mean": 0.0529576465487,
        "var": 0.00128795474302
    },
    "barkbands": {
        "mean": [2.90442294499e-005, 0.00104174460284, 0.00176430353895, 0.000682480982505, 0.00328333443031, 0.00175845797639, 0.00102829327807, 0.00275066518225, 0.0023513706401, 0.000762002018746, 0.000933621369768, 0.00111087935511, 0.0012835332891, 0.0009091309621, 0.000625899294391, 0.000487147335662, 0.000209793375689, 0.000197422064957, 0.000209932375583, 6.94419359206e-005, 3.88403277611e-005, 3.73180773749e-005, 4.23403871537e-005, 3.74603368982e-005, 5.0125800044e-005, 1.82962849067e-005, 8.84579465232e-010],
        "var": [1.92608262672e-009, 1.41635337059e-006, 1.29553482111e-005, 8.33670867451e-007, 1.97169665626e-005, 4.32804790762e-006, 4.83536450702e-006, 6.87521533109e-005, 3.57830249413e-005, 2.53543021245e-006, 5.75292415306e-006, 1.79543058039e-005, 8.65672973305e-006, 3.97849362344e-006, 2.18458012569e-006, 6.15447561358e-007, 1.15948033397e-007, 9.96977007617e-008, 7.47296482473e-008, 1.36750957225e-008, 4.13004874744e-009, 4.34050795306e-009, 9.16350817448e-009, 1.25994654709e-008, 5.51865042553e-008, 4.22380397325e-009, 3.13812108108e-017]
    },
    "erbbands": {
        "mean": [0.0267870854586, 0.275364786386, 1.81845116615, 2.16082882881, 6.21347045898, 10.119802475, 20.1254806519, 10.415599823, 12.3087329865, 26.5530796051, 68.9413375854, 55.9035987854, 27.8019275665, 32.7247390747, 41.4819831848, 43.457950592, 57.0212936401, 51.9415931702, 45.95520401, 18.9784698486, 31.2674846649, 13.2853479385, 10.5565099716, 10.0656995773, 10.0596199036, 3.19906806946, 1.73273551464, 1.34633803368, 1.16429817677, 1.5441737175, 1.13791966438, 0.788879334927, 0.635750949383, 0.527631759644, 0.367900490761, 0.1231097579, 0.0261656306684, 0.00196790485643, 5.28713899257e-005, 2.84203142655e-005],
        "var": [0.000937631702982, 0.1296300143, 13.2895812988, 7.95996952057, 111.338348389, 226.522125244, 814.69708252, 119.472015381, 711.328552246, 3631.66577148, 44997.1015625, 22858.6464844, 3747.4921875, 4719.79541016, 10225.3037109, 30151.2988281, 17408.4492188, 13204.3525391, 9414.88769531, 1068.08422852, 2631.66650391, 330.74230957, 244.673812866, 224.099639893, 189.940658569, 23.1524753571, 8.40487289429, 4.97219753265, 4.03330469131, 8.43190956116, 7.63231182098, 4.62695980072, 4.61502933502, 6.25203752518, 2.93277859688, 0.240813866258, 0.0075145852752, 3.63631988876e-005, 1.69674727601e-008, 5.55586798789e-010]
    },
    "gfcc": {
        "mean": [-20.2791748047, 124.153503418, -133.483657837, 12.2478103638, -52.1448173523, 10.3273134232, -41.9701499939, 7.02649641037, -25.5145874023, 0.26345667243, -15.8451061249, -1.04291844368, -12.2612915039],
        "cov": [[3548.4987793, -1332.41101074, -105.138938904, 149.656219482, -329.763580322, 267.101470947, -193.299240112, 210.036514282, -146.790802002, 93.4840545654, -136.218978882, 50.730632782, -262.071166992], [-1332.41101074, 1390.07788086, -284.482299805, -64.9243927002, 334.800231934, -322.148101807, 185.422943115, -183.02885437, 126.007881165, -109.800621033, 101.635139465, -118.540168762, 153.816238403], [-105.138938904, -284.482299805, 537.061950684, 85.9948959351, -68.202003479, 130.844863892, -96.1260070801, 38.4377593994, -42.3806228638, 45.3260498047, -52.3929634094, 61.6751022339, 11.5181159973], [149.656219482, -64.9243927002, 85.9948959351, 228.927185059, 34.2819786072, -29.247423172, -31.5407466888, -1.01687574387, 5.30876064301, 1.12003111839, -53.010017395, 15.9010877609, 37.4264831543], [-329.763580322, 334.800231934, -68.202003479, 34.2819786072, 205.770828247, -65.935874939, 27.075925827, -38.7787475586, 25.1566162109, -13.3562898636, -8.80438995361, -28.5232391357, 63.2663955688], [267.101470947, -322.148101807, 130.844863892, -29.247423172, -65.935874939, 208.556762695, -28.1560897827, 46.2965812683, -30.6918201447, 33.194896698, 7.17358446121, 28.1687107086, -41.804058075], [-193.299240112, 185.422943115, -96.1260070801, -31.5407466888, 27.075925827, -28.1560897827, 131.607940674, -4.65654754639, 13.257361412, -15.4784498215, 38.5591392517, -12.2020435333, -5.03168535233], [210.036514282, -183.02885437, 38.4377593994, -1.01687574387, -38.7787475586, 46.2965812683, -4.65654754639, 112.856834412, 9.70940876007, 22.9478054047, -9.7249622345, 14.0910949707, -29.9104728699], [-146.790802002, 126.007881165, -42.3806228638, 5.30876064301, 25.1566162109, -30.6918201447, 13.257361412, 9.70940876007, 113.000389099, 15.8210258484, 7.78269529343, -20.7314777374, 18.7270412445], [93.4840545654, -109.800621033, 45.3260498047, 1.12003111839, -13.3562898636, 33.194896698, -15.4784498215, 22.9478054047, 15.8210258484, 91.6486663818, 7.30767536163, 7.35809755325, -5.69708633423], [-136.218978882, 101.635139465, -52.3929634094, -53.010017395, -8.80438995361, 7.17358446121, 38.5591392517, -9.7249622345, 7.78269529343, 7.30767536163, 118.679260254, 15.0650377274, -25.1634521484], [50.730632782, -118.540168762, 61.6751022339, 15.9010877609, -28.5232391357, 28.1687107086, -12.2020435333, 14.0910949707, -20.7314777374, 7.35809755325, 15.0650377274, 85.84425354, 6.35295009613], [-262.071166992, 153.816238403, 11.5181159973, 37.4264831543, 63.2663955688, -41.804058075, -5.03168535233, -29.9104728699, 18.7270412445, -5.69708633423, -25.1634521484, 6.35295009613, 124.844764709]],
        "icov": [[0.000698128133081, -5.45808434254e-005, 0.000938181590755, -0.000877235201187, 0.00074068212416, -0.000773750711232, 0.000838819891214, -0.000670654408168, 0.000763997784816, -0.000652458635159, 0.0008780239732, -0.000257349427557, 0.000993552384898], [-5.45808434254e-005, 0.00500638131052, -0.00157460116316, 0.0021229814738, -0.00492096040398, 0.00452873669565, -0.00346498773433, 0.003128136741, -0.00299870735034, 0.00350441108458, -0.00436759693548, 0.00349084404297, -0.00260215089656], [0.000938181590755, -0.00157460116316, 0.00462066708133, -0.00267876312137, 0.00291609298438, -0.00384974479675, 0.00319741363637, -0.00188990030438, 0.00239205546677, -0.0026420254726, 0.00314849079587, -0.00241285678931, 0.0014734097058], [-0.000877235201187, 0.0021229814738, -0.00267876312137, 0.00761496787891, -0.00386982737109, 0.00396394869313, -0.00199748552404, 0.00204471778125, -0.00266103073955, 0.00217203027569, -0.000833865487948, 0.000258826214122, -0.00247801397927], [0.00074068212416, -0.00492096040398, 0.00291609298438, -0.00386982737109, 0.0123468823731, -0.00463046273217, 0.00316968769766, -0.00276365876198, 0.00339773623273, -0.00414232769981, 0.00494403485209, -0.0018183978973, 0.000557374150958], [-0.000773750711232, 0.00452873669565, -0.00384974479675, 0.00396394869313, -0.00463046273217, 0.012083475478, -0.00354551174678, 0.001769118011, -0.00222146231681, 0.00242612580769, -0.00528018083423, 0.00278402399272, -0.00212544505484], [0.000838819891214, -0.00346498773433, 0.00319741363637, -0.00199748552404, 0.00316968769766, -0.00354551174678, 0.0131171131507, -0.00390642974526, 0.00266758655198, -0.0018217015313, 0.00115601194557, -0.00210908474401, 0.00299005629495], [-0.000670654408168, 0.003128136741, -0.00188990030438, 0.00204471778125, -0.00276365876198, 0.001769118011, -0.00390642974526, 0.0141265168786, -0.00486627640203, 0.00100802769884, -0.00101029418875, 0.000231842524954, 7.99423796707e-005], [0.000763997784816, -0.00299870735034, 0.00239205546677, -0.00266103073955, 0.00339773623273, -0.00222146231681, 0.00266758655198, -0.00486627640203, 0.0135650066659, -0.00506337638944, 0.00187574839219, 0.000566470902413, 0.000434751767898], [-0.000652458635159, 0.00350441108458, -0.0026420254726, 0.00217203027569, -0.00414232769981, 0.00242612580769, -0.0018217015313, 0.00100802769884, -0.00506337638944, 0.0159250348806, -0.00529179815203, 0.00266667734832, -0.00273109273985], [0.0008780239732, -0.00436759693548, 0.00314849079587, -0.000833865487948, 0.00494403485209, -0.00528018083423, 0.00115601194557, -0.00101029418875, 0.00187574839219, -0.00529179815203, 0.0168309118599, -0.00744046550244, 0.00596298836172], [-0.000257349427557, 0.00349084404297, -0.00241285678931, 0.000258826214122, -0.0018183978973, 0.00278402399272, -0.00210908474401, 0.000231842524954, 0.000566470902413, 0.00266667734832, -0.00744046550244, 0.0180542767048, -0.00525356642902], [0.000993552384898, -0.00260215089656, 0.0014734097058, -0.00247801397927, 0.000557374150958, -0.00212544505484, 0.00299005629495, 7.99423796707e-005, 0.000434751767898, -0.00273109273985, 0.00596298836172, -0.00525356642902, 0.0143334157765]]
    },
    "melbands": {
        "mean": [0.000259047868894, 0.000739093171433, 0.000473861437058, 0.00061703188112, 0.000638195488136, 0.000246774812695, 0.000195635540877, 0.000354035903001, 0.000565401336644, 0.000327884423314, 0.000131938621053, 0.000130140557303, 0.000145133759361, 0.000117721974675, 0.000115086462756, 0.000130830143462, 8.91844465514e-005, 7.87811513874e-005, 3.5577097151e-005, 2.29494853556e-005, 3.66571111954e-005, 1.19781007015e-005, 1.17131357911e-005, 8.9110017143e-006, 7.89314435679e-006, 8.02190788818e-006, 5.10788640895e-006, 1.41980876833e-006, 9.79226456366e-007, 1.03158890852e-006, 6.97746884271e-007, 6.0289414705e-007, 8.01873568435e-007, 8.71765962529e-007, 6.8925726282e-007, 5.08336597704e-007, 4.76788898141e-007, 4.4949729272e-007, 4.21010440732e-007, 4.55048365211e-007],
        "var": [7.90339527157e-008, 1.86912143363e-006, 3.31445619395e-007, 1.20806600989e-006, 6.74618036101e-007, 6.59799681557e-008, 1.75866048835e-007, 6.85454665472e-007, 3.06756714963e-006, 8.09191590179e-007, 9.64827506778e-008, 8.03328106258e-008, 1.19503965834e-007, 1.96130372387e-007, 1.2395578608e-007, 8.88912552455e-008, 4.40669438717e-008, 2.98537798926e-008, 6.67881705496e-009, 1.41904332729e-009, 3.65999919261e-009, 4.04997896331e-010, 3.23262278057e-010, 2.58132099029e-010, 1.61805582821e-010, 1.2150930262e-010, 6.0521677947e-011, 6.24702199692e-012, 2.78270527281e-012, 3.42087361042e-012, 1.43945348263e-012, 1.13722377869e-012, 2.46859108675e-012, 2.96366447008e-012, 2.7861840439e-012, 2.22995645387e-012, 1.74093443654e-012, 1.93187718427e-012, 3.49075629513e-012, 5.22050328314e-012]
    },
    "mfcc": {
        "mean": [-662.539367676, 160.164916992, -21.0138435364, 9.25889873505, 3.20911455154, 1.67055225372, -4.04982233047, 3.20442652702, -7.41494750977, 1.96163499355, -0.146345689893, -6.02371406555, -1.39312767982],
        "cov": [[3038.03076172, -1255.33544922, -29.0292110443, -101.390312195, -72.0747451782, -9.83221912384, -45.6420860291, 118.259223938, -137.638519287, 142.569030762, 49.655128479, 1.74742186069, -112.548309326], [-1255.33544922, 1271.81530762, -387.415374756, 164.014633179, 9.27924060822, -14.027803421, 27.4759197235, -67.685585022, 47.829864502, -58.4551849365, 9.08343505859, 1.50088012218, 27.8031978607], [-29.0292110443, -387.415374756, 551.13861084, -75.9287414551, 61.2023735046, 28.9884204865, 1.5463643074, 3.98866605759, 20.2816028595, -24.3976783752, -30.8111610413, 4.24670791626, 35.567691803], [-101.390312195, 164.014633179, -75.9287414551, 298.841796875, 39.0886001587, -9.34592914581, -36.0888824463, -38.1682357788, 88.5001831055, -50.4927940369, -51.2784881592, -1.27707350254, 7.97215795517], [-72.0747451782, 9.27924060822, 61.2023735046, 39.0886001587, 156.835617065, 23.7347259521, -14.9833154678, -30.2996044159, 53.7579421997, 0.0334538668394, -43.4539108276, 0.382757812738, 8.263630867], [-9.83221912384, -14.027803421, 28.9884204865, -9.34592914581, 23.7347259521, 97.8073043823, 16.2740497589, -13.4663095474, 4.39635753632, -1.14251685143, -9.06865215302, -1.96609687805, -3.0424015522], [-45.6420860291, 27.4759197235, 1.5463643074, -36.0888824463, -14.9833154678, 16.2740497589, 111.331260681, 15.4388141632, -23.3155441284, -12.8529968262, 9.55927467346, 6.20093250275, -4.82384490967], [118.259223938, -67.685585022, 3.98866605759, -38.1682357788, -30.2996044159, -13.4663095474, 15.4388141632, 123.174690247, -53.2232627869, 16.6902256012, 22.9800262451, -8.10603523254, 16.1342830658], [-137.638519287, 47.829864502, 20.2816028595, 88.5001831055, 53.7579421997, 4.39635753632, -23.3155441284, -53.2232627869, 185.027618408, -21.0617008209, -55.3300971985, 8.2883644104, -14.3353214264], [142.569030762, -58.4551849365, -24.3976783752, -50.4927940369, 0.0334538668394, -1.14251685143, -12.8529968262, 16.6902256012, -21.0617008209, 124.50969696, 42.860786438, -17.3317050934, 0.553324460983], [49.655128479, 9.08343505859, -30.8111610413, -51.2784881592, -43.4539108276, -9.06865215302, 9.55927467346, 22.9800262451, -55.3300971985, 42.860786438, 106.631111145, 9.36287689209, -3.06677532196], [1.74742186069, 1.50088012218, 4.24670791626, -1.27707350254, 0.382757812738, -1.96609687805, 6.20093250275, -8.10603523254, 8.2883644104, -17.3317050934, 9.36287689209, 83.6253051758, 7.57776975632], [-112.548309326, 27.8031978607, 35.567691803, 7.97215795517, 8.263630867, -3.0424015522, -4.82384490967, 16.1342830658, -14.3353214264, 0.553324460983, -3.06677532196, 7.57776975632, 95.3471908569]],
        "icov": [[0.000772500468884, 0.000920079241041, 0.000587110640481, -0.0003072291438, -4.59394032077e-005, -4.11611472373e-005, 9.16975259315e-005, -0.000252340803854, 0.000387727515772, -0.000397631607484, 9.56636085903e-006, -0.000273912766716, 0.000582931330428], [0.000920079241041, 0.00230482150801, 0.00160599639639, -0.000617200334091, -0.000412840599893, 1.96975524887e-005, -0.000392685033148, 0.00027656761813, 0.000171082938323, 0.000286044320092, -0.000683007761836, 4.0444512706e-005, -0.000164882163517], [0.000587110640481, 0.00160599639639, 0.00329548306763, 0.000520172761753, -0.00110795884393, -0.000381423451472, -0.000110078814032, -3.31192495651e-006, -0.00033854690264, 0.00100068480242, -0.000304521789076, 0.000173595035449, -0.00104955001734], [-0.0003072291438, -0.000617200334091, 0.000520172761753, 0.00495796836913, -0.000589555304032, 0.000320792460116, 0.00116571388207, 0.000240116234636, -0.00184077094309, 0.00184299086686, 0.000582217879128, 0.000606297107879, -0.00102850154508], [-4.59394032077e-005, -0.000412840599893, -0.00110795884393, -0.000589555304032, 0.00857724994421, -0.00157690490596, 0.000506597396452, 0.000834356644191, -0.00104492413811, -0.00190695142373, 0.00285052787513, -0.000552776618861, -0.000390916276956], [-4.11611472373e-005, 1.96975524887e-005, -0.000381423451472, 0.000320792460116, -0.00157690490596, 0.0113058611751, -0.00197842507623, 0.00131774728652, 0.000293857476208, -0.00022635422647, 0.000488203164423, 0.000417664559791, 0.000263480324065], [9.16975259315e-005, -0.000392685033148, -0.000110078814032, 0.00116571388207, 0.000506597396452, -0.00197842507623, 0.0104596726596, -0.00139437918551, 0.000643155828584, 0.00149922037963, -0.000255433784332, -0.000742781849112, 0.000963253434747], [-0.000252340803854, 0.00027656761813, -3.31192495651e-006, 0.000240116234636, 0.000834356644191, 0.00131774728652, -0.00139437918551, 0.0103647001088, 0.00173417793121, -0.000346956046997, -0.000570142816287, 0.00114963005763, -0.00209899805486], [0.000387727515772, 0.000171082938323, -0.00033854690264, -0.00184077094309, -0.00104492413811, 0.000293857476208, 0.000643155828584, 0.00173417793121, 0.00843812152743, -0.00117095082533, 0.00302771292627, -0.0014908881858, 0.00201834319159], [-0.000397631607484, 0.000286044320092, 0.00100068480242, 0.00184299086686, -0.00190695142373, -0.00022635422647, 0.00149922037963, -0.000346956046997, -0.00117095082533, 0.0117888003588, -0.00518052326515, 0.00310947722755, -0.00144577084575], [9.56636085903e-006, -0.000683007761836, -0.000304521789076, 0.000582217879128, 0.00285052787513, 0.000488203164423, -0.000255433784332, -0.000570142816287, 0.00302771292627, -0.00518052326515, 0.0149432234466, -0.003170235781, 0.00134532467928], [-0.000273912766716, 4.0444512706e-005, 0.000173595035449, 0.000606297107879, -0.000552776618861, 0.000417664559791, -0.000742781849112, 0.00114963005763, -0.0014908881858, 0.00310947722755, -0.003170235781, 0.0134741123766, -0.0020364804659], [0.000582931330428, -0.000164882163517, -0.00104955001734, -0.00102850154508, -0.000390916276956, 0.000263480324065, 0.000963253434747, -0.00209899805486, 0.00201834319159, -0.00144577084575, 0.00134532467928, -0.0020364804659, 0.0126648452133]]
    },
    "spectral_contrast_coeffs": {
        "mean": [-0.62839281559, -0.705060064793, -0.733874380589, -0.723318517208, -0.737632215023, -0.762411653996],
        "var": [0.00470095872879, 0.00528730032966, 0.00364257465117, 0.00318358023651, 0.00231571821496, 0.001674019848]
    },
    "spectral_contrast_valleys": {
        "mean": [-7.36688232422, -6.62732076645, -7.19488954544, -7.80339813232, -8.2709274292, -11.1121053696],
        "var": [0.460727572441, 0.425971716642, 0.45741546154, 0.548648416996, 0.728593528271, 1.31321871281]
    }
},
"metadata": {
    "audio_properties": {
        "analysis_sample_rate": 44100,
        "bit_rate": 128074,
        "equal_loudness": 0,
        "length": 45.0612258911,
        "lossless": 0,
        "replay_gain": -5.03495407104,
        "sample_rate": 44100,
        "codec": "mp3",
        "downmix": "mix",
        "md5_encoded": "c4270ecc687f7c3a00ff1b2e840de56a"
    },
    "tags": {
        "file_name": "1001.mp3"
    },
    "version": {
        "essentia": "2.1-beta2",
        "essentia_git_sha": "v2.1_beta2",
        "extractor": "music 1.0"
    }
},
"rhythm": {
    "beats_count": 87,
    "beats_loudness": {
        "mean": 0.0303701590747,
        "var": 0.000384744169423
    },
    "bpm": 117.514503479,
    "bpm_histogram_first_peak_bpm": {
        "mean": 117,
        "var": 0
    },
    "bpm_histogram_first_peak_spread": {
        "mean": 0.443037956953,
        "var": 0
    },
    "bpm_histogram_first_peak_weight": {
        "mean": 0.511627912521,
        "var": 0
    },
    "bpm_histogram_second_peak_bpm": {
        "mean": 112,
        "var": 0
    },
    "bpm_histogram_second_peak_spread": {
        "mean": 0,
        "var": 0
    },
    "bpm_histogram_second_peak_weight": {
        "mean": 0.0697674453259,
        "var": 0
    },
    "danceability": 1.15707790852,
    "onset_rate": 2.72838926315,
    "beats_loudness_band_ratio": {
        "mean": [0.244579330087, 0.271535843611, 0.223003953695, 0.186135023832, 0.0996822342277, 0.0304060094059],
        "var": [0.0279785785824, 0.0274733901024, 0.0235585048795, 0.0261678248644, 0.00508003216237, 0.000704592268448]
    },
    "beats_position": [0.510838985443, 1.02167797089, 1.53251695633, 2.0549659729, 2.56580495834, 3.08825397491, 3.61070299149, 4.13315200806, 4.66721057892, 5.20126962662, 5.73532867432, 6.26938772202, 6.80344676971, 7.33750534058, 7.84834432602, 8.35918331146, 8.88163280487, 9.38086128235, 9.8800907135, 10.379319191, 10.8785486221, 11.3661680222, 11.8653964996, 12.3762359619, 12.8870744705, 13.3863039017, 13.8971424103, 14.3963718414, 14.9188203812, 15.4296598434, 15.9288883209, 16.4397277832, 16.9389572144, 17.4381847382, 17.9490242004, 18.4598636627, 18.9823131561, 19.4815406799, 19.9923801422, 20.5032196045, 21.0256690979, 21.548116684, 22.0589561462, 22.5697956085, 23.0806350708, 23.5914726257, 24.102312088, 24.6131515503, 25.1123809814, 25.6116104126, 26.1108379364, 26.6100673676, 27.1209068298, 27.6317462921, 28.142583847, 28.6534233093, 29.1642627716, 29.6751022339, 30.1975498199, 30.7199993134, 31.2308387756, 31.7300682068, 32.2409057617, 32.7517471313, 33.2509727478, 33.7618141174, 34.2726516724, 34.783493042, 35.2943305969, 35.8167800903, 36.3392295837, 36.8616790771, 37.3725166321, 37.8949661255, 38.4058036804, 38.91664505, 39.427482605, 39.9383201599, 40.4491615295, 40.9599990845, 41.4824485779, 41.9932861328, 42.5041275024, 43.0149650574, 43.5141944885, 44.0250320435, 44.5474815369]
},
"tonal": {
    "chords_changes_rate": 0.0411522649229,
    "chords_number_rate": 0.00823045242578,
    "chords_strength": {
        "mean": 0.560390233994,
        "var": 0.00684948964044
    },
    "hpcp_entropy": {
        "mean": 1.98252916336,
        "var": 0.454670846462
    },
    "key_strength": 0.844969034195,
    "tuning_diatonic_strength": 0.625540852547,
    "tuning_equal_tempered_deviation": 0.0191830974072,
    "tuning_frequency": 439.745910645,
    "tuning_nontempered_energy_ratio": 0.654289841652,
    "hpcp": {
        "mean": [0.404426962137, 0.229219868779, 0.0903217494488, 0.0627049505711, 0.0533915124834, 0.144340455532, 0.264729619026, 0.191107138991, 0.0624539628625, 0.0410158038139, 0.0572484880686, 0.182440966368, 0.334211707115, 0.257434219122, 0.239702507854, 0.316880881786, 0.187674462795, 0.0860030949116, 0.0812882259488, 0.0744263604283, 0.134012147784, 0.206097245216, 0.159763619304, 0.109811402857, 0.0898944288492, 0.0677214637399, 0.187498137355, 0.301771372557, 0.192384526134, 0.0733015686274, 0.0626644939184, 0.0752900913358, 0.120195515454, 0.131311565638, 0.140213757753, 0.311198294163],
        "var": [0.131782531738, 0.0558981820941, 0.0206307712942, 0.0123896626756, 0.0149587197229, 0.036160942167, 0.10107177496, 0.0632174685597, 0.014216594398, 0.00959706492722, 0.0172321218997, 0.044840272516, 0.125017553568, 0.079438790679, 0.0649652704597, 0.13921533525, 0.0601134225726, 0.0244786255062, 0.0223801042885, 0.0224508214742, 0.040285449475, 0.0690461620688, 0.0457980521023, 0.02755433321, 0.0208483133465, 0.015569887124, 0.0546315349638, 0.110005199909, 0.0485561601818, 0.0160831902176, 0.0173687823117, 0.0234753452241, 0.0473067462444, 0.0473530776799, 0.038914334029, 0.0913169384003]
    },
    "chords_histogram": [12.551440239, 26.851852417, 22.0164604187, 4.73251008987, 5.55555534363, 1.02880656719, 0, 0, 0, 0, 0, 0, 0, 0, 0, 0, 0, 3.90946507454, 0, 0, 0, 0, 0, 23.3539085388],
    "thpcp": [1, 0.566776931286, 0.22333265841, 0.155046418309, 0.132017686963, 0.356901168823, 0.65457957983, 0.472538083792, 0.154425814748, 0.101417087018, 0.141554579139, 0.451109796762, 0.82638335228, 0.636540710926, 0.592696666718, 0.783530533314, 0.464050322771, 0.212654203176, 0.200996056199, 0.184029176831, 0.33136305213, 0.509603142738, 0.395037025213, 0.271523445845, 0.222276046872, 0.167450413108, 0.463614344597, 0.746170282364, 0.475696593523, 0.181247979403, 0.154946386814, 0.186164870858, 0.297199547291, 0.324685484171, 0.346697360277, 0.769479572773],
    "chords_key": "F#",
    "chords_scale": "minor",
    "key_key": "D",
    "key_scale": "major"
}
}