{
"lowlevel": {
    "average_loudness": 0.0559189915657,
    "barkbands_crest": {
        "mean": 14.4729471207,
        "var": 27.3197650909
    },
    "barkbands_flatness_db": {
        "mean": 0.329711019993,
        "var": 0.0117882760242
    },
    "barkbands_kurtosis": {
        "mean": 26.5046081543,
        "var": 2159.01293945
    },
    "barkbands_skewness": {
        "mean": 2.83826375008,
        "var": 6.2595911026
    },
    "barkbands_spread": {
        "mean": 7.04167985916,
        "var": 166.503112793
    },
    "dissonance": {
        "mean": 0.390300750732,
        "var": 0.00575618445873
    },
    "dynamic_complexity": 8.27458763123,
    "erbbands_crest": {
        "mean": 13.922867775,
        "var": 25.7712841034
    },
    "erbbands_flatness_db": {
        "mean": 0.251449108124,
        "var": 0.00477609643713
    },
    "erbbands_kurtosis": {
        "mean": 9.1701259613,
        "var": 181.33972168
    },
    "erbbands_skewness": {
        "mean": 1.75429570675,
        "var": 2.78743696213
    },
    "erbbands_spread": {
        "mean": 23.3179149628,
        "var": 535.998962402
    },
    "hfc": {
        "mean": 9.5102891922,
        "var": 1695.15490723
    },
    "melbands_crest": {
        "mean": 17.9481048584,
        "var": 27.9193935394
    },
    "melbands_flatness_db": {
        "mean": 0.434170603752,
        "var": 0.0181050300598
    },
    "melbands_kurtosis": {
        "mean": 37.7391738892,
        "var": 3170.5690918
    },
    "melbands_skewness": {
        "mean": 3.20593166351,
        "var": 7.01744699478
    },
    "melbands_spread": {
        "mean": 8.2838640213,
        "var": 401.836242676
    },
    "pitch_salience": {
        "mean": 0.469312667847,
        "var": 0.0202396605164
    },
    "silence_rate_20dB": {
        "mean": 0.991246163845,
        "var": 0.00867691356689
    },
    "silence_rate_30dB": {
        "mean": 0.969618976116,
        "var": 0.0294582024217
    },
    "silence_rate_60dB": {
        "mean": 0.337796092033,
        "var": 0.223687678576
    },
    "spectral_centroid": {
        "mean": 561.195678711,
        "var": 576027.3125
    },
    "spectral_complexity": {
        "mean": 4.76107120514,
        "var": 23.4344329834
    },
    "spectral_decrease": {
        "mean": -5.44513634182e-009,
        "var": 1.83523042026e-016
    },
    "spectral_energy": {
        "mean": 0.0214137602597,
        "var": 0.00297737540677
    },
    "spectral_energyband_high": {
        "mean": 8.62379092723e-005,
        "var": 2.32405056977e-007
    },
    "spectral_energyband_low": {
        "mean": 0.00812679901719,
        "var": 0.000227593118325
    },
    "spectral_energyband_middle_high": {
        "mean": 0.0033282674849,
        "var": 0.000504944298882
    },
    "spectral_energyband_middle_low": {
        "mean": 0.0108984839171,
        "var": 0.00110491272062
    },
    "spectral_entropy": {
        "mean": 5.94680213928,
        "var": 0.904130935669
    },
    "spectral_flux": {
        "mean": 0.0460773445666,
        "var": 0.00362622179091
    },
    "spectral_kurtosis": {
        "mean": 25.0093383789,
        "var": 755.88848877
    },
    "spectral_rms": {
        "mean": 0.00332425348461,
        "var": 9.84084726952e-006
    },
    "spectral_rolloff": {
        "mean": 576.082885742,
        "var": 1668692.75
    },
    "spectral_skewness": {
        "mean": 3.51228928566,
        "var": 3.77732944489
    },
    "spectral_spread": {
        "mean": 2941845.75,
        "var": 4.15965197107e+012
    },
    "spectral_strongpeak": {
        "mean": 0.663859009743,
        "var": 2.06381559372
    },
    "zerocrossingrate": {
        "mean": 0.0226329173893,
        "var": 0.00138668820728
    },
    "barkbands": {
        "mean": [7.54237407818e-005, 0.00468623032793, 0.00256628287025, 0.00182681658771, 0.00276394863613, 0.00207764119841, 0.00131201546174, 0.00153405498713, 0.000959270691965, 0.000710737193003, 0.00043685559649, 0.0010640383698, 0.000710270483978, 0.00011469607125, 0.00010122115782, 9.98337345663e-005, 0.000119350013847, 7.89741388871e-005, 7.37056398066e-005, 2.89907657134e-005, 1.81058239832e-005, 1.45754192999e-005, 1.83987704077e-005, 1.57459962793e-005, 4.93046218253e-006, 1.58319483035e-006, 9.87740378378e-008],
        "var": [7.31205673787e-008, 7.6632022683e-005, 3.67207430827e-005, 2.42630121647e-005, 8.89806760824e-005, 5.31028927071e-005, 6.0072139604e-005, 0.000101629106211, 9.19076046557e-005, 4.80400558445e-005, 1.11178978841e-005, 0.000105865889054, 3.22380801663e-005, 1.33296521199e-006, 1.10703911105e-006, 5.85795589814e-007, 1.15463706152e-006, 4.01918356374e-007, 2.60842654143e-007, 2.44052724696e-008, 2.01046770343e-008, 9.09232600321e-009, 1.2496893298e-008, 1.03718251765e-008, 9.166497561e-010, 6.9977169892e-011, 9.08328859177e-013]
    },
    "erbbands": {
        "mean": [0.0919879302382, 1.19671046734, 3.20556163788, 4.48857688904, 10.5009794235, 6.11092662811, 9.17873096466, 19.6070671082, 23.8748378754, 16.4434223175, 40.6160240173, 20.3231983185, 28.4612121582, 14.5877218246, 23.6962013245, 42.9783859253, 32.2725410461, 9.78736782074, 4.70372629166, 5.30897140503, 5.74775266647, 6.25661754608, 4.66330957413, 4.19427585602, 2.8553609848, 1.3250259161, 0.940383315086, 0.580224096775, 0.478394150734, 0.583493590355, 0.514279127121, 0.442113935947, 0.18775562942, 0.0692984759808, 0.0296830423176, 0.0104328719899, 0.00226132920943, 0.000304425746435, 2.46667768806e-005, 2.49596050708e-005],
        "var": [0.0338279046118, 4.93664598465, 56.3934135437, 109.81578064, 1601.22546387, 370.062713623, 1186.94360352, 5602.15478516, 18281.0273438, 6400.32128906, 76556.921875, 33792.9140625, 88295.5234375, 11839.5019531, 40349.9023438, 137658.09375, 69810.109375, 5108.43115234, 1435.62817383, 3048.29980469, 1671.69433594, 2932.11938477, 1286.36010742, 965.93939209, 341.868408203, 46.465675354, 51.9950485229, 14.4396867752, 7.73921489716, 14.201716423, 9.66658687592, 9.21440124512, 1.61252784729, 0.177217751741, 0.040746293962, 0.00428871950135, 0.000129390566144, 4.41973543275e-006, 1.70573830616e-008, 4.52600223966e-009]
    },
    "gfcc": {
        "mean": [-214.2137146, 148.743713379, -63.8027572632, 43.054271698, -34.4247512817, 2.96032381058, -30.6138591766, 0.0257306005806, -16.1816215515, -7.89309358597, -10.5008420944, -7.77332448959, -5.02423524857],
        "cov": [[15217.2763672, -408.650543213, -2702.32373047, -832.708251953, -1601.1751709, 170.847290039, -472.666229248, 562.189025879, 191.67098999, -385.114593506, 312.260345459, -13.5661973953, -553.811584473], [-408.650543213, 2864.95507813, 521.927062988, -811.567626953, 351.611297607, -516.39263916, 204.493041992, -397.510406494, 35.516242981, -494.85357666, 338.33895874, -34.524356842, 162.723419189], [-2702.32373047, 521.927062988, 1710.42663574, 534.094482422, 519.077331543, -11.3450698853, 219.68637085, -145.657836914, 21.9063987732, -83.6779937744, -180.083358765, -140.943817139, 187.04107666], [-832.708251953, -811.567626953, 534.094482422, 986.755187988, 324.616271973, 160.640029907, 63.7673530579, -2.55405306816, -41.7568588257, 115.967834473, -229.50491333, -100.792396545, 80.1724319458], [-1601.1751709, 351.611297607, 519.077331543, 324.616271973, 747.923828125, 98.3612823486, 244.247894287, -121.161560059, 43.9944496155, 56.2940330505, -109.256088257, -130.620605469, 106.688514709], [170.847290039, -516.39263916, -11.3450698853, 160.640029907, 98.3612823486, 359.845367432, 133.128814697, 126.081039429, 53.9112663269, 143.770675659, -62.5786209106, -31.8839645386, -43.7620048523], [-472.666229248, 204.493041992, 219.68637085, 63.7673530579, 244.247894287, 133.128814697, 415.808197021, 70.8500213623, -2.95861077309, 30.84308815, 48.4797973633, -55.7706108093, 23.3628025055], [562.189025879, -397.510406494, -145.657836914, -2.55405306816, -121.161560059, 126.081039429, 70.8500213623, 356.967346191, 138.587585449, 95.3094787598, -68.297706604, -31.7552471161, -13.0826587677], [191.67098999, 35.516242981, 21.9063987732, -41.7568588257, 43.9944496155, 53.9112663269, -2.95861077309, 138.587585449, 303.947570801, 74.4069976807, -83.1147232056, -74.3732833862, -13.1105823517], [-385.114593506, -494.85357666, -83.6779937744, 115.967834473, 56.2940330505, 143.770675659, 30.84308815, 95.3094787598, 74.4069976807, 295.251251221, -61.5739097595, -52.573764801, -30.0911636353], [312.260345459, 338.33895874, -180.083358765, -229.50491333, -109.256088257, -62.5786209106, 48.4797973633, -68.297706604, -83.1147232056, -61.5739097595, 347.229736328, 136.658248901, -76.7595748901], [-13.5661973953, -34.524356842, -140.943817139, -100.792396545, -130.620605469, -31.8839645386, -55.7706108093, -31.7552471161, -74.3732833862, -52.573764801, 136.658248901, 236.5675354, 1.27311885357], [-553.811584473, 162.723419189, 187.04107666, 80.1724319458, 106.688514709, -43.7620048523, 23.3628025055, -13.0826587677, -13.1105823517, -30.0911636353, -76.7595748901, 1.27311885357, 202.837692261]],
        "icov": [[0.000159900358994, -0.00022137639462, 0.000274960038951, -0.000278245686786, 0.00033753918251, -0.000391365581891, 0.000140495205414, -0.000195959233679, -2.27237069339e-005, 0.000268399133347, 2.03911895369e-005, 0.000202087874641, 0.000224605886615], [-0.00022137639462, 0.00299927406013, -0.00094100163551, 0.0025536743924, -0.00178875075653, 0.00245573394932, -0.00128412235063, 0.00180970481597, -0.00165893568192, 0.00218890560791, -0.00213056476787, 0.00144243054092, -0.00201470614411], [0.000274960038951, -0.00094100163551, 0.00156987062655, -0.00137415213976, 0.000669897010084, -0.000873798911925, -2.69217234745e-005, -0.000226935531828, -6.48024215479e-005, 0.000351199792931, 0.000666805717628, 0.000114186885185, 0.000348284404026], [-0.000278245686786, 0.0025536743924, -0.00137415213976, 0.00394483143464, -0.0021468042396, 0.00171425403096, -0.00068801920861, 0.00125142012257, -0.000442220596597, 0.00111748464406, -0.00104221503716, 0.000990782631561, -0.0017048624577], [0.00033753918251, -0.00178875075653, 0.000669897010084, -0.0021468042396, 0.0043287742883, -0.00213895388879, -0.000847549876198, 0.000813051185105, -0.000287139933789, -0.00106187420897, 0.00139628187753, 0.000119191521662, 0.000350685673766], [-0.000391365581891, 0.00245573394932, -0.000873798911925, 0.00171425403096, -0.00213895388879, 0.00710832094774, -0.00254933093674, 0.000659501762129, -0.00119575171266, -0.000198831403395, -0.000513441569638, -0.000312090414809, -0.000214745145058], [0.000140495205414, -0.00128412235063, -2.69217234745e-005, -0.00068801920861, -0.000847549876198, -0.00254933093674, 0.00540677364916, -0.0028899027966, 0.00190281367395, -0.000498122884892, -0.00126063707285, 0.000800419598818, 0.00036417398951], [-0.000195959233679, 0.00180970481597, -0.000226935531828, 0.00125142012257, 0.000813051185105, 0.000659501762129, -0.0028899027966, 0.00676341447979, -0.00337131670676, 0.000586775247939, -0.000134378118673, 0.000574000237975, -0.00197379570454], [-2.27237069339e-005, -0.00165893568192, -6.48024215479e-005, -0.000442220596597, -0.000287139933789, -0.00119575171266, 0.00190281367395, -0.00337131670676, 0.00625356007367, -0.00224128365517, 0.00165829551406, -0.000293044169666, 0.00166088936385], [0.000268399133347, 0.00218890560791, 0.000351199792931, 0.00111748464406, -0.00106187420897, -0.000198831403395, -0.000498122884892, 0.000586775247939, -0.00224128365517, 0.00772881973535, -0.0020212198142, 0.0025541621726, -0.000957101816311], [2.03911895369e-005, -0.00213056476787, 0.000666805717628, -0.00104221503716, 0.00139628187753, -0.000513441569638, -0.00126063707285, -0.000134378118673, 0.00165829551406, -0.0020212198142, 0.00761819817126, -0.00431788666174, 0.00357067375444], [0.000202087874641, 0.00144243054092, 0.000114186885185, 0.000990782631561, 0.000119191521662, -0.000312090414809, 0.000800419598818, 0.000574000237975, -0.000293044169666, 0.0025541621726, -0.00431788666174, 0.00821276009083, -0.002613092307], [0.000224605886615, -0.00201470614411, 0.000348284404026, -0.0017048624577, 0.000350685673766, -0.000214745145058, 0.00036417398951, -0.00197379570454, 0.00166088936385, -0.000957101816311, 0.00357067375444, -0.002613092307, 0.00844523217529]]
    },
    "melbands": {
        "mean": [0.00108508183621, 0.0017018027138, 0.000999988405965, 0.000620135338977, 0.000300070096273, 0.000439383264165, 0.00034297973616, 0.000199833681108, 0.000330344657414, 0.000112707421067, 0.000139989380841, 5.57465027669e-005, 6.39098943793e-005, 0.000138121031341, 9.26390639506e-005, 4.9604994274e-005, 1.40150677908e-005, 6.68621714794e-006, 7.59606518841e-006, 7.50742492528e-006, 6.5760095822e-006, 6.7035716711e-006, 5.42817269888e-006, 3.53137124876e-006, 3.39041571351e-006, 2.81577990791e-006, 1.24243581467e-006, 7.65066772601e-007, 6.49382172924e-007, 4.1807118123e-007, 3.06139156692e-007, 2.6163368716e-007, 2.89198936798e-007, 3.30449836383e-007, 2.88683764893e-007, 3.15896159009e-007, 2.45687971301e-007, 1.38908404779e-007, 8.21024030984e-008, 5.07864506005e-008],
        "var": [4.09304448112e-006, 1.22260298667e-005, 6.33599029243e-006, 4.93385732625e-006, 1.22823269066e-006, 2.77693402495e-006, 3.56317991645e-006, 1.05486878965e-006, 5.22951995663e-006, 1.12830491616e-006, 2.14546707866e-006, 1.81322903359e-007, 2.59787185541e-007, 2.17022488869e-006, 4.68782729968e-007, 1.51336635668e-007, 1.31433717243e-008, 3.28802030047e-009, 9.76788605556e-009, 4.33137659073e-009, 2.72212075103e-009, 4.12833767172e-009, 1.91231563917e-009, 8.78979888874e-010, 6.80723588609e-010, 4.28650615003e-010, 5.47203914125e-011, 1.58136871653e-011, 2.74849414061e-011, 9.93869656712e-012, 3.98868871959e-012, 2.23320363937e-012, 4.14888002426e-012, 4.10649465821e-012, 2.99660968782e-012, 5.11825260993e-012, 2.76285504891e-012, 9.003652858e-013, 3.5044783373e-013, 8.94362370079e-014]
    },
    "mfcc": {
        "mean": [-867.411315918, 162.435745239, 47.5017051697, 42.9805831909, 24.0660514832, 10.000992775, 4.25744342804, 6.20262479782, -0.775571286678, 3.186419487, -4.86163234711, -3.05458402634, 1.23266458511],
        "cov": [[13549.7177734, 949.119873047, -2668.69116211, -999.768066406, -1224.93615723, -899.898071289, -585.086303711, 490.4765625, -771.816711426, 16.9861621857, 230.483078003, 359.707672119, 9.74345207214], [949.119873047, 3130.38525391, -35.7571334839, -438.404174805, -152.324539185, -382.778808594, -88.5319595337, 166.616912842, -330.155212402, -290.594360352, -136.94569397, 12.1954374313, 57.803894043], [-2668.69116211, -35.7571334839, 1366.10180664, 501.141693115, 293.570007324, 220.658752441, 155.124359131, -30.5695457458, 269.254608154, 33.0358924866, -104.553382874, -146.055770874, -29.5439758301], [-999.768066406, -438.404174805, 501.141693115, 717.234069824, 323.908294678, 245.827758789, 144.79133606, -54.8968963623, 232.015380859, 74.2883224487, -47.4527587891, -123.976806641, -68.2779541016], [-1224.93615723, -152.324539185, 293.570007324, 323.908294678, 464.896087646, 288.37701416, 45.4499702454, -57.9063911438, 181.289016724, 64.2074890137, 1.15379905701, -57.5572891235, -29.9880466461], [-899.898071289, -382.778808594, 220.658752441, 245.827758789, 288.37701416, 453.039855957, 181.594329834, -52.7375564575, 163.927398682, 82.2726287842, 45.3234977722, -3.71197485924, -33.4137992859], [-585.086303711, -88.5319595337, 155.124359131, 144.79133606, 45.4499702454, 181.594329834, 422.688812256, 59.8330154419, 53.820400238, 61.8531799316, 1.4947937727, 9.34160137177, -6.88056993484], [490.4765625, 166.616912842, -30.5695457458, -54.8968963623, -57.9063911438, -52.7375564575, 59.8330154419, 254.951339722, -22.033454895, -22.9204940796, 44.8300018311, 44.5689544678, 8.52519226074], [-771.816711426, -330.155212402, 269.254608154, 232.015380859, 181.289016724, 163.927398682, 53.820400238, -22.033454895, 554.550048828, 252.407012939, 28.456615448, -23.4774456024, -6.63435602188], [16.9861621857, -290.594360352, 33.0358924866, 74.2883224487, 64.2074890137, 82.2726287842, 61.8531799316, -22.9204940796, 252.407012939, 362.270782471, 140.473297119, 53.5063400269, -17.3995361328], [230.483078003, -136.94569397, -104.553382874, -47.4527587891, 1.15379905701, 45.3234977722, 1.4947937727, 44.8300018311, 28.456615448, 140.473297119, 229.672180176, 104.685272217, -28.2069988251], [359.707672119, 12.1954374313, -146.055770874, -123.976806641, -57.5572891235, -3.71197485924, 9.34160137177, 44.5689544678, -23.4774456024, 53.5063400269, 104.685272217, 181.951538086, 43.973903656], [9.74345207214, 57.803894043, -29.5439758301, -68.2779541016, -29.9880466461, -33.4137992859, -6.88056993484, 8.52519226074, -6.63435602188, -17.3995361328, -28.2069988251, 43.973903656, 138.155395508]],
        "icov": [[0.000194147854927, -6.79154400132e-005, 0.000341286329785, -0.000267935422016, 0.000470766215585, -0.000192550956854, 0.000342263578204, -0.000403365731472, 0.000178965827217, -0.000357713928679, 0.000221619979129, -8.20843415568e-005, 8.77583443071e-005], [-6.79154400132e-005, 0.000459052389488, -0.000224809220526, 0.000417335599195, -0.000520094879903, 0.000495980144478, -0.000251643185038, -4.2282314098e-005, 2.23761871894e-005, 0.000283427507384, 0.000105815022835, -7.74078871473e-005, 5.10537865921e-005], [0.000341286329785, -0.000224809220526, 0.00170328363311, -0.00103855424095, 0.000723299337551, -0.000461190677015, 0.000452522974228, -0.000746983510908, -4.87227134727e-006, -0.000523007649463, 0.000534028862603, 0.000223369032028, 6.88700220053e-006], [-0.000267935422016, 0.000417335599195, -0.00103855424095, 0.00339489988983, -0.00213340809569, 0.000544062000699, -0.00116987479851, 0.000587042944971, -0.00057365995599, 0.000556485611014, -4.56945817859e-005, 0.000870042247698, 0.000630289141554], [0.000470766215585, -0.000520094879903, 0.000723299337551, -0.00213340809569, 0.00626294640824, -0.00356068392284, 0.00213397596963, -0.000982958124951, 0.000161387011758, -0.00113991252147, 0.000389502674807, 0.000464248732897, -0.000254133541603], [-0.000192550956854, 0.000495980144478, -0.000461190677015, 0.000544062000699, -0.00356068392284, 0.00588814262301, -0.00262193451636, 0.00155406375416, -0.000852167664561, 0.00145718990825, -0.00142783822957, -0.000739130889997, 0.000487385987071], [0.000342263578204, -0.000251643185038, 0.000452522974228, -0.00116987479851, 0.00213397596963, -0.00262193451636, 0.00437269126996, -0.00206684903242, 0.000916353543289, -0.00186619209126, 0.00159296416678, -0.000452440290246, 5.23506059835e-005], [-0.000403365731472, -4.2282314098e-005, -0.000746983510908, 0.000587042944971, -0.000982958124951, 0.00155406375416, -0.00206684903242, 0.00593838375062, -0.00106007652357, 0.0021728486754, -0.00233486900106, -0.000397145660827, -0.000257907173363], [0.000178965827217, 2.23761871894e-005, -4.87227134727e-006, -0.00057365995599, 0.000161387011758, -0.000852167664561, 0.000916353543289, -0.00106007652357, 0.00372273894027, -0.0031103414949, 0.00140367366839, 0.000167258898728, -0.000346158514731], [-0.000357713928679, 0.000283427507384, -0.000523007649463, 0.000556485611014, -0.00113991252147, 0.00145718990825, -0.00186619209126, 0.0021728486754, -0.0031103414949, 0.00706513691694, -0.00415279436857, -0.000185090553714, -0.000100723576907], [0.000221619979129, 0.000105815022835, 0.000534028862603, -4.56945817859e-005, 0.000389502674807, -0.00142783822957, 0.00159296416678, -0.00233486900106, 0.00140367366839, -0.00415279436857, 0.00994318816811, -0.00450783176348, 0.00300363521092], [-8.20843415568e-005, -7.74078871473e-005, 0.000223369032028, 0.000870042247698, 0.000464248732897, -0.000739130889997, -0.000452440290246, -0.000397145660827, 0.000167258898728, -0.000185090553714, -0.00450783176348, 0.0102670211345, -0.00376365054399], [8.77583443071e-005, 5.10537865921e-005, 6.88700220053e-006, 0.000630289141554, -0.000254133541603, 0.000487385987071, 5.23506059835e-005, -0.000257907173363, -0.000346158514731, -0.000100723576907, 0.00300363521092, -0.00376365054399, 0.00938676577061]]
    },
    "spectral_contrast_coeffs": {
        "mean": [-0.633183300495, -0.689711987972, -0.764831900597, -0.783003568649, -0.792123138905, -0.79199886322],
        "var": [0.0120754884556, 0.0155762564391, 0.0103724496439, 0.00721590267494, 0.00542160868645, 0.00215330976062]
    },
    "spectral_contrast_valleys": {
        "mean": [-8.07694816589, -8.86516571045, -9.87493896484, -10.3717002869, -10.5286493301, -13.1389474869],
        "var": [1.8234680891, 2.11113381386, 2.12170886993, 1.71678364277, 1.93922591209, 2.0832452774]
    }
},
"metadata": {
    "audio_properties": {
        "analysis_sample_rate": 44100,
        "bit_rate": 128074,
        "equal_loudness": 0,
        "length": 45.0612258911,
        "lossless": 0,
        "replay_gain": -7.34567832947,
        "sample_rate": 44100,
        "codec": "mp3",
        "downmix": "mix",
        "md5_encoded": "01920692afabf763fb43c1ec137102fb"
    },
    "tags": {
        "file_name": "1002.mp3"
    },
    "version": {
        "essentia": "2.1-beta2",
        "essentia_git_sha": "v2.1_beta2",
        "extractor": "music 1.0"
    }
},
"rhythm": {
    "beats_count": 103,
    "beats_loudness": {
        "mean": 0.0411751493812,
        "var": 0.0086429156363
    },
    "bpm": 163.347595215,
    "bpm_histogram_first_peak_bpm": {
        "mean": 161,
        "var": 0
    },
    "bpm_histogram_first_peak_spread": {
        "mean": 0.285714298487,
        "var": 0
    },
    "bpm_histogram_first_peak_weight": {
        "mean": 0.196078434587,
        "var": 0
    },
    "bpm_histogram_second_peak_bpm": {
        "mean": 148,
        "var": 0
    },
    "bpm_histogram_second_peak_spread": {
        "mean": 0.600000023842,
        "var": 0
    },
    "bpm_histogram_second_peak_weight": {
        "mean": 0.117647059262,
        "var": 0
    },
    "danceability": 1.09082269669,
    "onset_rate": 2.41784095764,
    "beats_loudness_band_ratio": {
        "mean": [0.596588075161, 0.241349428892, 0.133467108011, 0.0633952394128, 0.0167318191379, 0.0219287239015],
        "var": [0.114448130131, 0.0587348341942, 0.0401603914797, 0.0232498068362, 0.0018358976813, 0.0115062845871]
    },
    "beats_position": [0.383129239082, 0.754648506641, 1.1261677742, 1.49768710136, 1.86920630932, 2.22911548615, 2.60063481331, 2.96054410934, 3.32045340538, 3.69197273254, 4.05188179016, 4.40018129349, 4.78331041336, 5.15482997894, 5.51473903656, 5.89786815643, 6.28099775314, 6.64090681076, 7.01242637634, 7.38394546509, 7.75546455383, 8.12698364258, 8.498503685, 8.88163280487, 9.25315189362, 9.61306095123, 9.98458003998, 10.3560991287, 10.7276191711, 11.0991382599, 11.4822673798, 11.8421764374, 12.202085495, 12.5619955063, 12.9219045639, 13.2934236526, 13.6649427414, 14.0364627838, 14.4195919037, 14.8027210236, 15.2090702057, 15.6270294189, 16.0333786011, 16.4397277832, 16.8460769653, 17.2408161163, 17.6471652985, 18.0419044495, 18.4366436005, 18.8313827515, 19.2261219025, 19.6208610535, 20.0156002045, 20.3987293243, 20.8050785065, 21.1998176575, 21.6061668396, 22.0125160217, 22.5001354218, 22.9877548218, 23.4753742218, 24.0558719635, 24.6363716125, 25.2284793854, 25.8321990967, 26.4475269318, 27.0628566742, 27.6781845093, 28.3515644073, 29.0249423981, 29.6983222961, 30.3020401001, 30.8941497803, 31.4165973663, 31.9506568909, 32.4847145081, 33.0071640015, 33.5412254333, 34.0636711121, 34.5861206055, 35.1085700989, 35.6426315308, 36.0722007751, 36.4785499573, 36.8848991394, 37.3028564453, 37.7208137512, 38.1503829956, 38.5567321777, 38.9746932983, 39.4042625427, 39.8222198486, 40.251789093, 40.6813583374, 41.1109275818, 41.5288887024, 41.9468460083, 42.3648071289, 42.7943763733, 43.2123336792, 43.6302947998, 44.0598640442, 44.4662132263]
},
"tonal": {
    "chords_changes_rate": 0.0925925895572,
    "chords_number_rate": 0.0102880662307,
    "chords_strength": {
        "mean": 0.459119528532,
        "var": 0.00874094199389
    },
    "hpcp_entropy": {
        "mean": 1.89769613743,
        "var": 0.537332594395
    },
    "key_strength": 0.72192555666,
    "tuning_diatonic_strength": 0.608345806599,
    "tuning_equal_tempered_deviation": 0.221911743283,
    "tuning_frequency": 434.444000244,
    "tuning_nontempered_energy_ratio": 0.903501212597,
    "hpcp": {
        "mean": [0.0464125908911, 0.0375919938087, 0.0286463312805, 0.0655339583755, 0.104722209275, 0.0765642151237, 0.0442596115172, 0.046370331198, 0.091370023787, 0.219449177384, 0.217070385814, 0.0899597257376, 0.0558874085546, 0.0635571777821, 0.0917109549046, 0.193329155445, 0.196799516678, 0.0826582014561, 0.0389613099396, 0.0352885499597, 0.0367915220559, 0.0526546724141, 0.0658475086093, 0.0996590256691, 0.146998569369, 0.115076638758, 0.0592971295118, 0.0559966601431, 0.069671459496, 0.123954571784, 0.224029272795, 0.200355574489, 0.091613419354, 0.0625670105219, 0.0571432411671, 0.0466658547521],
        "var": [0.0240617506206, 0.0157101135701, 0.0104486066848, 0.026987504214, 0.0679627507925, 0.0318200327456, 0.0198835544288, 0.0211595389992, 0.0361721366644, 0.130644395947, 0.124906301498, 0.0377100221813, 0.0262222699821, 0.0262283626944, 0.0353613905609, 0.0957214534283, 0.100423336029, 0.0285531971604, 0.0178266279399, 0.0189109109342, 0.018016455695, 0.0308376010507, 0.038145057857, 0.0501796007156, 0.0844126418233, 0.0522159449756, 0.0258311275393, 0.0316985994577, 0.0389804728329, 0.0569861643016, 0.126953855157, 0.103086896241, 0.0413377694786, 0.0320832543075, 0.0277314856648, 0.0201521385461]
    },
    "chords_histogram": [5.65843629837, 0, 6.79012346268, 6.27572011948, 0.925925910473, 8.84773635864, 0.308641970158, 11.3168725967, 7.09876537323, 25.2057609558, 4.62962961197, 0, 0, 0, 0.205761313438, 0.205761313438, 0, 0, 0, 0.102880656719, 0, 0, 18.5185184479, 3.90946507454],
    "thpcp": [1, 0.894327640533, 0.408935040236, 0.279280513525, 0.255070418119, 0.208302482963, 0.207171991467, 0.167799472809, 0.127868697047, 0.29252409935, 0.467448771, 0.341759860516, 0.197561740875, 0.206983357668, 0.407848596573, 0.979555845261, 0.968937575817, 0.401553452015, 0.249464765191, 0.283700317144, 0.409370422363, 0.862963795662, 0.878454446793, 0.368961602449, 0.173911690712, 0.157517582178, 0.164226397872, 0.235034793615, 0.293923676014, 0.444848239422, 0.656157851219, 0.513667881489, 0.264684736729, 0.249952420592, 0.310992658138, 0.553296327591],
    "chords_key": "G",
    "chords_scale": "major",
    "key_key": "C",
    "key_scale": "minor"
}
}