{
"lowlevel": {
    "average_loudness": 0.645818591118,
    "barkbands_crest": {
        "mean": 15.1830673218,
        "var": 34.5210494995
    },
    "barkbands_flatness_db": {
        "mean": 0.265840381384,
        "var": 0.010570901446
    },
    "barkbands_kurtosis": {
        "mean": 24.3595695496,
        "var": 4807.76513672
    },
    "barkbands_skewness": {
        "mean": 1.59472298622,
        "var": 9.55273246765
    },
    "barkbands_spread": {
        "mean": 9.96470451355,
        "var": 164.827209473
    },
    "dissonance": {
        "mean": 0.369004547596,
        "var": 0.00814381334931
    },
    "dynamic_complexity": 9.62498760223,
    "erbbands_crest": {
        "mean": 16.0321598053,
        "var": 43.1455574036
    },
    "erbbands_flatness_db": {
        "mean": 0.273135244846,
        "var": 0.00788033101708
    },
    "erbbands_kurtosis": {
        "mean": 14.4995555878,
        "var": 733.851806641
    },
    "erbbands_skewness": {
        "mean": 1.57460594177,
        "var": 3.75948476791
    },
    "erbbands_spread": {
        "mean": 17.8061218262,
        "var": 331.352661133
    },
    "hfc": {
        "mean": 7.84019422531,
        "var": 508.855682373
    },
    "melbands_crest": {
        "mean": 18.0728473663,
        "var": 45.24401474
    },
    "melbands_flatness_db": {
        "mean": 0.325107604265,
        "var": 0.0152665963396
    },
    "melbands_kurtosis": {
        "mean": 19.6114635468,
        "var": 1336.29528809
    },
    "melbands_skewness": {
        "mean": 1.70244598389,
        "var": 6.74122285843
    },
    "melbands_spread": {
        "mean": 15.9363718033,
        "var": 658.772949219
    },
    "pitch_salience": {
        "mean": 0.507906734943,
        "var": 0.0338893644512
    },
    "silence_rate_20dB": {
        "mean": 1,
        "var": 0
    },
    "silence_rate_30dB": {
        "mean": 0.990216255188,
        "var": 0.00968781113625
    },
    "silence_rate_60dB": {
        "mean": 0.587023675442,
        "var": 0.242431104183
    },
    "spectral_centroid": {
        "mean": 952.698181152,
        "var": 787521
    },
    "spectral_complexity": {
        "mean": 3.5767250061,
        "var": 18.9247932434
    },
    "spectral_decrease": {
        "mean": -2.47416021004e-009,
        "var": 2.93549127864e-017
    },
    "spectral_energy": {
        "mean": 0.0100491745397,
        "var": 0.000478346453747
    },
    "spectral_energyband_high": {
        "mean": 0.000295256730169,
        "var": 5.08931725562e-006
    },
    "spectral_energyband_low": {
        "mean": 2.86706526822e-005,
        "var": 3.37771899339e-009
    },
    "spectral_energyband_middle_high": {
        "mean": 0.00196723383851,
        "var": 4.82438299514e-005
    },
    "spectral_energyband_middle_low": {
        "mean": 0.00782400555909,
        "var": 0.000322632229654
    },
    "spectral_entropy": {
        "mean": 6.39276123047,
        "var": 1.09765434265
    },
    "spectral_flux": {
        "mean": 0.0364100560546,
        "var": 0.00224351324141
    },
    "spectral_kurtosis": {
        "mean": 15.6110315323,
        "var": 295.634429932
    },
    "spectral_rms": {
        "mean": 0.00208968110383,
        "var": 5.43729083802e-006
    },
    "spectral_rolloff": {
        "mean": 1200.78369141,
        "var": 2791339.75
    },
    "spectral_skewness": {
        "mean": 2.71219158173,
        "var": 2.50799155235
    },
    "spectral_spread": {
        "mean": 3328255.5,
        "var": 2.74475306189e+012
    },
    "spectral_strongpeak": {
        "mean": 0.799868762493,
        "var": 1.53300189972
    },
    "zerocrossingrate": {
        "mean": 0.0378226898611,
        "var": 0.00120574084576
    },
    "barkbands": {
        "mean": [6.58139470033e-007, 1.34580859594e-005, 1.05749368231e-005, 3.52577153535e-005, 0.00313910050318, 0.000660542224068, 0.00106211577076, 0.00163761468139, 0.00107333040796, 0.000628976093139, 0.000431834283518, 0.000297361548292, 0.000249421049375, 0.000188413760043, 8.27373223729e-005, 3.38570680469e-005, 4.21174845542e-005, 6.42230297672e-005, 7.06755236024e-005, 7.16677750461e-005, 0.000100050470792, 7.1776441473e-005, 1.93239302462e-005, 2.3237293135e-005, 1.50422065417e-005, 2.36044361372e-005, 2.0801478513e-006],
        "var": [5.20025949385e-012, 1.45810016838e-010, 7.03803293423e-010, 6.64171579956e-008, 8.87733694981e-005, 9.67604228208e-006, 2.71757708106e-005, 7.70978294895e-005, 3.26008776028e-005, 7.68885092839e-006, 8.58490966493e-006, 3.79156199415e-006, 2.16407443077e-006, 1.25017152186e-006, 1.91226718016e-007, 2.92627184706e-008, 2.6284151744e-008, 5.16207272483e-008, 1.81148365641e-007, 1.24546701841e-007, 1.10264863906e-006, 2.95907085501e-007, 3.05344372009e-008, 4.8978368028e-008, 1.26289387836e-008, 3.537907034e-008, 5.84317316754e-010]
    },
    "erbbands": {
        "mean": [0.000435814581579, 0.00313367601484, 0.0123057216406, 0.0953453034163, 2.6229159832, 15.3938407898, 10.1429405212, 4.17625141144, 12.603222847, 21.0280361176, 38.612827301, 24.2698326111, 19.5223445892, 22.3068675995, 15.7679958344, 13.7433328629, 10.7755594254, 12.3894348145, 5.73229265213, 2.2044377327, 2.11538648605, 2.359177351, 3.22844457626, 3.39112877846, 3.78535962105, 3.35047054291, 3.71794557571, 3.9453151226, 2.98551774025, 1.124558568, 0.506842494011, 0.467972755432, 0.387584984303, 0.181590348482, 0.1005840078, 0.101230300963, 0.0394717603922, 0.00857045780867, 0.000276682665572, 2.16203388845e-005],
        "var": [7.13496604021e-008, 1.17685794976e-005, 0.00071344524622, 0.128756433725, 56.4544410706, 3023.24194336, 866.502563477, 559.220275879, 3894.05322266, 8764.703125, 45085, 16328.0292969, 13944.8291016, 12315.8759766, 9071.47167969, 6293.29394531, 3558.38623047, 4614.89355469, 848.352478027, 81.6216888428, 117.073638916, 76.4705352783, 130.266098022, 164.847213745, 626.382751465, 278.226043701, 791.913574219, 1872.37109375, 521.075073242, 94.8611831665, 22.7441921234, 31.6985778809, 9.60890197754, 1.97220265865, 0.494791209698, 0.706807851791, 0.0971624106169, 0.00524307368323, 9.77890067588e-006, 2.00630712044e-008]
    },
    "gfcc": {
        "mean": [-238.795883179, 115.007728577, -106.477806091, 10.8264007568, -74.8399276733, -12.6823606491, -25.3279857635, 8.44580936432, -20.8954315186, 1.90935826302, -12.1727972031, -2.02605962753, -5.94101524353],
        "cov": [[19886.3300781, -3782.52148438, -4377.50683594, -342.70803833, -1235.0925293, -670.626647949, -1180.39660645, -1364.99987793, -1168.82666016, -351.118011475, -176.100280762, -218.204193115, 394.054412842], [-3782.52148438, 2907.48291016, 885.55078125, -838.704223633, -2.50571298599, -444.314666748, 144.20880127, -205.840942383, 161.110519409, -306.184051514, 130.969848633, -243.335464478, 99.5755615234], [-4377.50683594, 885.55078125, 2035.29541016, 147.078475952, 69.763710022, -142.896255493, 16.6011695862, 229.204727173, 176.772766113, -109.97542572, -155.930786133, 22.0940151215, -127.072563171], [-342.70803833, -838.704223633, 147.078475952, 1105.55773926, 337.098266602, -43.0039520264, -364.147918701, -39.2211151123, 27.7839126587, 108.191314697, -94.7486419678, 50.9018135071, -61.2954750061], [-1235.0925293, -2.50571298599, 69.763710022, 337.098266602, 459.681915283, 129.632644653, -101.556671143, 6.46273374557, 30.2774162292, 78.905921936, -11.2976560593, 36.0760498047, -56.6543197632], [-670.626647949, -444.314666748, -142.896255493, -43.0039520264, 129.632644653, 614.373718262, 295.508331299, 194.686447144, -34.5327033997, 125.300559998, 13.3645420074, 109.807998657, -67.7214202881], [-1180.39660645, 144.20880127, 16.6011695862, -364.147918701, -101.556671143, 295.508331299, 607.92376709, 331.312835693, 55.3284683228, 30.3667831421, 44.0359764099, 39.2663421631, -43.0834541321], [-1364.99987793, -205.840942383, 229.204727173, -39.2211151123, 6.46273374557, 194.686447144, 331.312835693, 598.912719727, 207.310409546, 85.505897522, -40.705493927, 74.3210372925, -132.927520752], [-1168.82666016, 161.110519409, 176.772766113, 27.7839126587, 30.2774162292, -34.5327033997, 55.3284683228, 207.310409546, 335.719055176, 119.306755066, 1.88486838341, 2.77325963974, -57.6812934875], [-351.118011475, -306.184051514, -109.97542572, 108.191314697, 78.905921936, 125.300559998, 30.3667831421, 85.505897522, 119.306755066, 308.888519287, 90.521522522, 66.7099227905, -68.24168396], [-176.100280762, 130.969848633, -155.930786133, -94.7486419678, -11.2976560593, 13.3645420074, 44.0359764099, -40.705493927, 1.88486838341, 90.521522522, 218.751037598, 46.6801681519, 11.4097890854], [-218.204193115, -243.335464478, 22.0940151215, 50.9018135071, 36.0760498047, 109.807998657, 39.2663421631, 74.3210372925, 2.77325963974, 66.7099227905, 46.6801681519, 169.354782104, 2.584451437], [394.054412842, 99.5755615234, -127.072563171, -61.2954750061, -56.6543197632, -67.7214202881, -43.0834541321, -132.927520752, -57.6812934875, -68.24168396, 11.4097890854, 2.584451437, 164.312744141]],
        "icov": [[0.000930419308133, 0.00127288489603, 0.00138674059417, 0.00118541461416, 0.00129933678545, 0.00116478803102, 0.00121766829398, 0.000871170370374, 0.000966535764746, 0.000761613773648, 0.000982826109976, 0.000191123268451, 0.00104841671418], [0.00127288489603, 0.00332785514183, 0.00112856330816, 0.00292042945512, 0.000184900301974, 0.00243956386112, 0.000954334333073, 0.00206204131246, 0.000144055156852, 0.00221802038141, -0.000196192355361, 0.00181450287346, 0.000837327388581], [0.00138674059417, 0.00112856330816, 0.00307260709815, 0.00110146834049, 0.00259637017734, 0.00158904062118, 0.00202840054408, 0.000872903736308, 0.00169022160117, 0.000983841717243, 0.00254707806744, -0.000914373027626, 0.00240514730103], [0.00118541461416, 0.00292042945512, 0.00110146834049, 0.00417603366077, -0.000507805438247, 0.00234485254623, 0.00184921745677, 0.00154672353528, 0.000514866726007, 0.00131968280766, 0.000716722046491, 0.001064050477, 0.000986808328889], [0.00129933678545, 0.000184900301974, 0.00259637017734, -0.000507805438247, 0.00673280842602, -0.000371114379959, 0.00298634474166, 0.000568175048102, 0.00204833154567, 3.19048085657e-005, 0.00252392422408, -0.00116276869085, 0.00257687899284], [0.00116478803102, 0.00243956386112, 0.00158904062118, 0.00234485254623, -0.000371114379959, 0.00530267739668, -0.000539634143934, 0.00146639440209, 0.00174121756572, 0.000418872339651, 0.00147813360672, -0.000409320375184, 0.00162317825016], [0.00121766829398, 0.000954334333073, 0.00202840054408, 0.00184921745677, 0.00298634474166, -0.000539634143934, 0.00607801042497, -0.0013136419002, 0.00194703077432, 0.00074577605119, 0.000909005815629, 0.000408884196077, 0.00102186738513], [0.000871170370374, 0.00206204131246, 0.000872903736308, 0.00154672353528, 0.000568175048102, 0.00146639440209, -0.0013136419002, 0.00557569321245, -0.00180389650632, 0.00177646009251, 0.00129576830659, -0.000779359426815, 0.00290654203855], [0.000966535764746, 0.000144055156852, 0.00169022160117, 0.000514866726007, 0.00204833154567, 0.00174121756572, 0.00194703077432, -0.00180389650632, 0.00716412253678, -0.00252835429274, 0.00231353309937, 7.9551107774e-005, 0.000872018747032], [0.000761613773648, 0.00221802038141, 0.000983841717243, 0.00131968280766, 3.19048085657e-005, 0.000418872339651, 0.00074577605119, 0.00177646009251, -0.00252835429274, 0.00768620707095, -0.00259068142623, 0.000103827951534, 0.00238173222169], [0.000982826109976, -0.000196192355361, 0.00254707806744, 0.000716722046491, 0.00252392422408, 0.00147813360672, 0.000909005815629, 0.00129576830659, 0.00231353309937, -0.00259068142623, 0.00939886737615, -0.00347585929558, 0.00190333777573], [0.000191123268451, 0.00181450287346, -0.000914373027626, 0.001064050477, -0.00116276869085, -0.000409320375184, 0.000408884196077, -0.000779359426815, 7.9551107774e-005, 0.000103827951534, -0.00347585929558, 0.010276703164, -0.00281029916368], [0.00104841671418, 0.000837327388581, 0.00240514730103, 0.000986808328889, 0.00257687899284, 0.00162317825016, 0.00102186738513, 0.00290654203855, 0.000872018747032, 0.00238173222169, 0.00190333777573, -0.00281029916368, 0.0106764920056]]
    },
    "melbands": {
        "mean": [3.86156762033e-006, 5.00843088957e-006, 4.00436110795e-005, 0.000657638243865, 0.000456777837826, 0.000100555364043, 0.00019939604681, 0.000256950210314, 0.000307583803078, 0.000141018943395, 9.21337705222e-005, 8.79598228494e-005, 5.64679030504e-005, 3.7472054828e-005, 3.1663759728e-005, 2.12296890822e-005, 2.29033557844e-005, 8.77048114489e-006, 4.61079434899e-006, 2.0694703835e-006, 2.54444262282e-006, 2.30119530897e-006, 2.71322141998e-006, 3.14709200211e-006, 2.5986394121e-006, 2.98856684822e-006, 2.3097995836e-006, 2.17611250264e-006, 2.23432630264e-006, 2.81374968836e-006, 1.95410643755e-006, 1.77031199655e-006, 1.19307640034e-006, 4.3940121941e-007, 2.88691495598e-007, 2.77080999922e-007, 2.85372436792e-007, 2.95888014534e-007, 2.17799652091e-007, 1.26605982587e-007],
        "var": [7.8230555714e-012, 1.05152865582e-010, 2.36005437415e-008, 4.9361751735e-006, 1.46530453549e-006, 2.83531335299e-007, 1.03550621589e-006, 1.35679829327e-006, 2.72554802905e-006, 5.43248802387e-007, 3.30563551643e-007, 2.03495901019e-007, 1.52263382347e-007, 7.00643241203e-008, 3.1993732108e-008, 1.25984618293e-008, 1.75896666121e-008, 2.3683250916e-009, 4.75619710283e-010, 6.7293788597e-011, 1.92951751798e-010, 7.09717284941e-011, 1.2760960344e-010, 1.20455548314e-010, 1.01335578817e-010, 4.80537554193e-010, 1.25086149771e-010, 1.23720339529e-010, 2.05980552059e-010, 1.25865373679e-009, 3.38430811153e-010, 1.82143022887e-010, 1.01286701248e-010, 1.59387607279e-011, 7.19415109082e-012, 1.47952136653e-011, 8.24264181215e-012, 5.88460270096e-012, 3.25071306678e-012, 9.60057229028e-013]
    },
    "mfcc": {
        "mean": [-873.400085449, 129.220657349, 17.7190856934, 18.5656280518, -19.8483772278, -14.8480577469, -3.5585501194, -3.83053731918, 0.788918197155, -1.31635475159, 3.04980969429, 0.976032495499, -6.73095989227],
        "cov": [[15914.4189453, -1204.87329102, -4339.46191406, -268.650085449, -1095.4786377, -214.781661987, -315.250915527, -910.873718262, -709.654418945, -923.979919434, -570.407470703, -482.566741943, -777.453796387], [-1204.87329102, 2443.85668945, 365.668151855, -585.728088379, -351.109893799, -348.167816162, -99.584274292, -127.367218018, -164.471908569, -159.566040039, -107.548110962, -104.392967224, -209.688415527], [-4339.46191406, 365.668151855, 2019.82067871, 146.892288208, 221.591796875, -125.849311829, -71.4753570557, 265.970031738, 161.005142212, 181.750549316, 39.4971199036, 75.7492141724, 150.684616089], [-268.650085449, -585.728088379, 146.892288208, 847.318481445, 449.89541626, 5.43137979507, -255.755615234, -176.639022827, -37.0356292725, -65.4755783081, -72.7567214966, 11.9064493179, 62.0087280273], [-1095.4786377, -351.109893799, 221.591796875, 449.89541626, 665.903381348, 181.502883911, -180.851425171, -91.957901001, -43.9654922485, 5.49661588669, -18.0802516937, 24.0946273804, 52.9676742554], [-214.781661987, -348.167816162, -125.849311829, 5.43137979507, 181.502883911, 403.319915771, 132.147659302, -56.9059867859, -53.7316322327, -13.2369890213, 19.9712371826, -17.4425086975, 1.06808769703], [-315.250915527, -99.584274292, -71.4753570557, -255.755615234, -180.851425171, 132.147659302, 414.281066895, 185.06350708, 17.6005840302, 44.0890541077, 44.7889671326, -8.98094654083, 19.0226306915], [-910.873718262, -127.367218018, 265.970031738, -176.639022827, -91.957901001, -56.9059867859, 185.06350708, 403.857818604, 195.090957642, 127.174034119, 58.1991767883, 11.6062641144, 77.7576370239], [-709.654418945, -164.471908569, 161.005142212, -37.0356292725, -43.9654922485, -53.7316322327, 17.6005840302, 195.090957642, 293.154144287, 180.730957031, 59.6105461121, 33.1980476379, 65.0869674683], [-923.979919434, -159.566040039, 181.750549316, -65.4755783081, 5.49661588669, -13.2369890213, 44.0890541077, 127.174034119, 180.730957031, 287.0909729, 155.783401489, 70.7102966309, 76.8809204102], [-570.407470703, -107.548110962, 39.4971199036, -72.7567214966, -18.0802516937, 19.9712371826, 44.7889671326, 58.1991767883, 59.6105461121, 155.783401489, 217.380325317, 107.19303894, 91.4111633301], [-482.566741943, -104.392967224, 75.7492141724, 11.9064493179, 24.0946273804, -17.4425086975, -8.98094654083, 11.6062641144, 33.1980476379, 70.7102966309, 107.19303894, 172.949996948, 115.673500061], [-777.453796387, -209.688415527, 150.684616089, 62.0087280273, 52.9676742554, 1.06808769703, 19.0226306915, 77.7576370239, 65.0869674683, 76.8809204102, 91.4111633301, 115.673500061, 211.517776489]],
        "icov": [[0.000699395372067, 0.000919596932363, 0.000981689430773, 0.000640300684609, 0.000941418111324, 0.000885491608642, 0.00105142209213, 0.000414201786043, 0.000875507947057, 0.000702241493855, 0.0005543573061, 0.000504200987052, 0.00106826832052], [0.000919596932363, 0.00211187172681, 0.000952052301727, 0.00183074094821, 0.000917935569305, 0.00217287940904, 0.00126258237287, 0.0014117147075, 0.00109601824079, 0.00153759063687, 0.000487461104058, 0.00109509006143, 0.00167970010079], [0.000981689430773, 0.000952052301727, 0.00214707478881, 0.000489645812195, 0.00125258346088, 0.000999407377094, 0.00173584197182, -0.000297302554827, 0.00152510486078, 0.000279071682598, 0.00123630615417, 0.000411466055084, 0.00118342193309], [0.000640300684609, 0.00183074094821, 0.000489645812195, 0.00408574240282, -0.00117197504733, 0.00273651489988, 0.000787875032984, 0.00252384622581, -0.000134532572702, 0.00203831726685, 0.000431106571341, 0.00150062085595, 0.00019635388162], [0.000941418111324, 0.000917935569305, 0.00125258346088, -0.00117197504733, 0.00537288794294, -0.00183667021338, 0.00364406849258, -0.00131112127565, 0.00296622444876, -0.000881631392986, 0.00187877437565, -0.000225858675549, 0.00135885714553], [0.000885491608642, 0.00217287940904, 0.000999407377094, 0.00273651489988, -0.00183667021338, 0.00732184574008, -0.0019708306063, 0.00382813531905, -0.000281218264718, 0.00279785017483, -0.000981734599918, 0.00249636499211, 0.00121616886463], [0.00105142209213, 0.00126258237287, 0.00173584197182, 0.000787875032984, 0.00364406849258, -0.0019708306063, 0.00760056823492, -0.00318694743328, 0.00394377019256, -0.00061368237948, 0.00175595656037, 0.000308876595227, 0.00131584506016], [0.000414201786043, 0.0014117147075, -0.000297302554827, 0.00252384622581, -0.00131112127565, 0.00382813531905, -0.00318694743328, 0.00819246470928, -0.00398837635294, 0.00257681496441, -0.00108581199311, 0.0026951986365, -0.000736237096135], [0.000875507947057, 0.00109601824079, 0.00152510486078, -0.000134532572702, 0.00296622444876, -0.000281218264718, 0.00394377019256, -0.00398837635294, 0.0103805679828, -0.00517126685008, 0.00366465561092, -0.000253611709923, 0.000867972848937], [0.000702241493855, 0.00153759063687, 0.000279071682598, 0.00203831726685, -0.000881631392986, 0.00279785017483, -0.00061368237948, 0.00257681496441, -0.00517126685008, 0.0117341727018, -0.00622039893642, 0.00175202218816, 0.00167998112738], [0.0005543573061, 0.000487461104058, 0.00123630615417, 0.000431106571341, 0.00187877437565, -0.000981734599918, 0.00175595656037, -0.00108581199311, 0.00366465561092, -0.00622039893642, 0.0121708810329, -0.0043090460822, -0.000480641698232], [0.000504200987052, 0.00109509006143, 0.000411466055084, 0.00150062085595, -0.000225858675549, 0.00249636499211, 0.000308876595227, 0.0026951986365, -0.000253611709923, 0.00175202218816, -0.0043090460822, 0.0126018794253, -0.00435699755326], [0.00106826832052, 0.00167970010079, 0.00118342193309, 0.00019635388162, 0.00135885714553, 0.00121616886463, 0.00131584506016, -0.000736237096135, 0.000867972848937, 0.00167998112738, -0.000480641698232, -0.00435699755326, 0.0109374234453]]
    },
    "spectral_contrast_coeffs": {
        "mean": [-0.638859629631, -0.673505485058, -0.733469545841, -0.793198227882, -0.819862425327, -0.779632508755],
        "var": [0.0292262528092, 0.0165141932666, 0.0117414230481, 0.00917284376919, 0.00522523606196, 0.00405006995425]
    },
    "spectral_contrast_valleys": {
        "mean": [-9.71518611908, -8.8864364624, -9.70970916748, -10.543340683, -10.0327386856, -12.8506593704],
        "var": [0.417835235596, 1.2362087965, 1.7943251133, 2.07918548584, 2.62150478363, 2.58816194534]
    }
},
"metadata": {
    "audio_properties": {
        "analysis_sample_rate": 44100,
        "bit_rate": 128074,
        "equal_loudness": 0,
        "length": 45.0612258911,
        "lossless": 0,
        "replay_gain": -10.0449504852,
        "sample_rate": 44100,
        "codec": "mp3",
        "downmix": "mix",
        "md5_encoded": "774a159d502e3b7364975ea3d2bca09a"
    },
    "tags": {
        "file_name": "1003.mp3"
    },
    "version": {
        "essentia": "2.1-beta2",
        "essentia_git_sha": "v2.1_beta2",
        "extractor": "music 1.0"
    }
},
"rhythm": {
    "beats_count": 134,
    "beats_loudness": {
        "mean": 0.0141203785315,
        "var": 0.000581806816626
    },
    "bpm": 178.205825806,
    "bpm_histogram_first_peak_bpm": {
        "mean": 178,
        "var": 0
    },
    "bpm_histogram_first_peak_spread": {
        "mean": 0,
        "var": 0
    },
    "bpm_histogram_first_peak_weight": {
        "mean": 0.360902249813,
        "var": 0
    },
    "bpm_histogram_second_peak_bpm": {
        "mean": 185,
        "var": 0
    },
    "bpm_histogram_second_peak_spread": {
        "mean": 0,
        "var": 0
    },
    "bpm_histogram_second_peak_weight": {
        "mean": 0.345864653587,
        "var": 0
    },
    "danceability": 1.11547267437,
    "onset_rate": 3.37166810036,
    "beats_loudness_band_ratio": {
        "mean": [0.126180455089, 0.300823450089, 0.385758161545, 0.147196531296, 0.0596269406378, 0.0290657188743],
        "var": [0.0402427911758, 0.0837858617306, 0.0953070372343, 0.0472243092954, 0.0116480989382, 0.00342749757692]
    },
    "beats_position": [0.278639435768, 0.603718817234, 0.952018141747, 1.30031740665, 1.64861679077, 1.99691605568, 2.33360528946, 2.67029476166, 3.00698399544, 3.35528349876, 3.69197273254, 4.04027223587, 4.38857126236, 4.72526073456, 5.06195020676, 5.39863920212, 5.72371864319, 6.04879808426, 6.3622674942, 6.68734693527, 7.01242637634, 7.3491153717, 7.6858048439, 8.0224943161, 8.35918331146, 8.68426322937, 9.0093421936, 9.35764122009, 9.682721138, 10.0194101334, 10.3560991287, 10.6927890778, 11.017868042, 11.3313379288, 11.656416893, 11.9814968109, 12.3065757751, 12.6432647705, 12.9799547195, 13.3166437149, 13.6533327103, 13.9900226593, 14.3383216858, 14.6866207123, 15.0233106613, 15.3599996567, 15.696688652, 16.0217685699, 16.3468475342, 16.6835365295, 17.0202255249, 17.3685264587, 17.7284355164, 18.0651245117, 18.390203476, 18.7385025024, 19.0868015289, 19.4234924316, 19.760181427, 20.0852603912, 20.4219493866, 20.758638382, 21.0837192535, 21.4087982178, 21.7222671509, 22.0589561462, 22.3956451416, 22.7323360443, 23.0922451019, 23.4521541595, 23.8468933105, 24.2184123993, 24.5783214569, 24.9382305145, 25.286529541, 25.6348285675, 26.0063495636, 26.3778686523, 26.73777771, 27.0744667053, 27.4227657318, 27.7710647583, 28.1193637848, 28.4560546875, 28.7927436829, 29.1294326782, 29.4429016113, 29.7679805756, 30.0930614471, 30.4181404114, 30.7432193756, 31.0682983398, 31.3933773041, 31.7184581757, 32.0435371399, 32.3686180115, 32.6936950684, 33.0303840637, 33.3438529968, 33.6689338684, 33.99401474, 34.3074836731, 34.6209526062, 34.9460296631, 35.2711105347, 35.5961914063, 35.9212684631, 36.2463493347, 36.5714263916, 36.8965072632, 37.2215881348, 37.5466651917, 37.883354187, 38.2200431824, 38.5567321777, 38.8934249878, 39.2185020447, 39.55519104, 39.8686599731, 40.1937408447, 40.5188217163, 40.8438987732, 41.1573677063, 41.4940567017, 41.830745697, 42.1674385071, 42.492515564, 42.8292045593, 43.1426734924, 43.467754364, 43.8044433594, 44.1411323547, 44.4662132263, 44.8145103455]
},
"tonal": {
    "chords_changes_rate": 0.0874485597014,
    "chords_number_rate": 0.0113168722019,
    "chords_strength": {
        "mean": 0.483308821917,
        "var": 0.00988132413477
    },
    "hpcp_entropy": {
        "mean": 1.6401027441,
        "var": 0.718051493168
    },
    "key_strength": 0.466450899839,
    "tuning_diatonic_strength": 0.496026009321,
    "tuning_equal_tempered_deviation": 0.308634787798,
    "tuning_frequency": 453.416503906,
    "tuning_nontempered_energy_ratio": 0.92210572958,
    "hpcp": {
        "mean": [0.154485926032, 0.0972713455558, 0.132937401533, 0.222689911723, 0.215081810951, 0.152267694473, 0.123253516853, 0.0876151248813, 0.0586376488209, 0.0991380885243, 0.169326841831, 0.135444253683, 0.0690021663904, 0.066946901381, 0.0749982893467, 0.069928906858, 0.0560387820005, 0.0421856790781, 0.0461031571031, 0.0829057097435, 0.111291311681, 0.0777377933264, 0.0371365919709, 0.0428076870739, 0.0578795671463, 0.0683858469129, 0.0874581113458, 0.11318525672, 0.10929170996, 0.0814637169242, 0.064113996923, 0.0607659704983, 0.0902985557914, 0.174853011966, 0.283151239157, 0.264893770218],
        "var": [0.0686721652746, 0.0415796302259, 0.0498626381159, 0.112773247063, 0.087956674397, 0.0711813941598, 0.064567618072, 0.0494050569832, 0.0246654897928, 0.0376833379269, 0.0822074562311, 0.0553942359984, 0.0276859682053, 0.0338522717357, 0.0376735813916, 0.0338946543634, 0.025448994711, 0.0161349121481, 0.0193010494113, 0.0334939919412, 0.0529368631542, 0.0320291630924, 0.0135360695422, 0.0172982923687, 0.0251859854907, 0.0303951781243, 0.0448593050241, 0.0547253638506, 0.0509182028472, 0.036503881216, 0.0330622643232, 0.0291407015175, 0.0440830737352, 0.0783016383648, 0.123773783445, 0.11387027055]
    },
    "chords_histogram": [1.85185182095, 10.3909463882, 46.1934165955, 0, 0.205761313438, 1.02880656719, 1.85185182095, 0.411522626877, 0, 1.64609050751, 0, 0, 0.925925910473, 0.205761313438, 0, 0, 0, 0, 0.617283940315, 15.0205764771, 1.13168728352, 2.16049385071, 2.88065838814, 13.4773664474],
    "thpcp": [1, 0.935520410538, 0.545595109463, 0.343531399965, 0.469492554665, 0.786469817162, 0.759600460529, 0.537761032581, 0.435292154551, 0.309428721666, 0.207089498639, 0.350124150515, 0.598008453846, 0.478345960379, 0.243693679571, 0.236435130239, 0.264870077372, 0.24696663022, 0.197911128402, 0.148986384273, 0.162821665406, 0.292796552181, 0.393045455217, 0.274545133114, 0.131154611707, 0.151183113456, 0.204412192106, 0.241517037153, 0.308874189854, 0.399734288454, 0.385983526707, 0.287703901529, 0.226430222392, 0.214606061578, 0.318905740976, 0.617525160313],
    "chords_key": "G#",
    "chords_scale": "major",
    "key_key": "C#",
    "key_scale": "major"
}
}