{
"lowlevel": {
    "average_loudness": 0.950266301632,
    "barkbands_crest": {
        "mean": 9.9336643219,
        "var": 10.5922346115
    },
    "barkbands_flatness_db": {
        "mean": 0.174786031246,
        "var": 0.00157471594866
    },
    "barkbands_kurtosis": {
        "mean": 3.31949400902,
        "var": 9.97617912292
    },
    "barkbands_skewness": {
        "mean": 1.63873898983,
        "var": 0.449906677008
    },
    "barkbands_spread": {
        "mean": 14.4845113754,
        "var": 37.7248153687
    },
    "dissonance": {
        "mean": 0.453876942396,
        "var": 0.000779895926826
    },
    "dynamic_complexity": 1.38908529282,
    "erbbands_crest": {
        "mean": 8.59255027771,
        "var": 10.93384552
    },
    "erbbands_flatness_db": {
        "mean": 0.204276546836,
        "var": 0.00127502635587
    },
    "erbbands_kurtosis": {
        "mean": -0.155997246504,
        "var": 1.03178012371
    },
    "erbbands_skewness": {
        "mean": 0.503961324692,
        "var": 0.232169359922
    },
    "erbbands_spread": {
        "mean": 33.936668396,
        "var": 118.477233887
    },
    "hfc": {
        "mean": 18.8019104004,
        "var": 175.684158325
    },
    "melbands_crest": {
        "mean": 12.3339548111,
        "var": 12.6274118423
    },
    "melbands_flatness_db": {
        "mean": 0.225970298052,
        "var": 0.00224051391706
    },
    "melbands_kurtosis": {
        "mean": 8.9008102417,
        "var": 34.2978553772
    },
    "melbands_skewness": {
        "mean": 2.38998317719,
        "var": 0.694055438042
    },
    "melbands_spread": {
        "mean": 15.8730258942,
        "var": 60.9758224487
    },
    "pitch_salience": {
        "mean": 0.58743929863,
        "var": 0.00646224385127
    },
    "silence_rate_20dB": {
        "mean": 1,
        "var": 0
    },
    "silence_rate_30dB": {
        "mean": 0.996395468712,
        "var": 0.00359151186422
    },
    "silence_rate_60dB": {
        "mean": 0.00154479919001,
        "var": 0.00154241069686
    },
    "spectral_centroid": {
        "mean": 999.545593262,
        "var": 132274.671875
    },
    "spectral_complexity": {
        "mean": 20.893409729,
        "var": 50.0107002258
    },
    "spectral_decrease": {
        "mean": -7.79867459499e-009,
        "var": 1.44039209995e-017
    },
    "spectral_energy": {
        "mean": 0.0311393942684,
        "var": 0.000232334583416
    },
    "spectral_energyband_high": {
        "mean": 0.00032185195596,
        "var": 1.1269013811e-007
    },
    "spectral_energyband_low": {
        "mean": 0.00555332796648,
        "var": 5.06376054545e-005
    },
    "spectral_energyband_middle_high": {
        "mean": 0.00586702069268,
        "var": 6.68840366416e-005
    },
    "spectral_energyband_middle_low": {
        "mean": 0.0209413971752,
        "var": 8.45015019877e-005
    },
    "spectral_entropy": {
        "mean": 7.30395126343,
        "var": 0.0872991830111
    },
    "spectral_flux": {
        "mean": 0.0717153400183,
        "var": 0.000817834050395
    },
    "spectral_kurtosis": {
        "mean": 5.16816949844,
        "var": 15.8948526382
    },
    "spectral_rms": {
        "mean": 0.00536453537643,
        "var": 1.60168974617e-006
    },
    "spectral_rolloff": {
        "mean": 1001.30297852,
        "var": 476733.46875
    },
    "spectral_skewness": {
        "mean": 1.42654776573,
        "var": 0.271871805191
    },
    "spectral_spread": {
        "mean": 3133985.5,
        "var": 1.51933118054e+012
    },
    "spectral_strongpeak": {
        "mean": 1.06441152096,
        "var": 1.23684644699
    },
    "zerocrossingrate": {
        "mean": 0.0411551706493,
        "var": 0.000311847572448
    },
    "barkbands": {
        "mean": [1.1920851648e-005, 0.00233078096062, 0.00213333661668, 0.00205964897759, 0.00713383406401, 0.00622011907399, 0.0014125269372, 0.000757615431212, 0.002610553056, 0.00124511157628, 0.00132136233151, 0.000373089453205, 0.000360675767297, 0.000963630969636, 0.000395909417421, 0.000338463607477, 0.000389495951822, 0.000285245390842, 0.000356819276931, 0.000228260527365, 9.6483840025e-005, 7.70877595642e-005, 1.79520793608e-005, 7.99363988335e-006, 7.72523799242e-006, 3.64834136235e-006, 1.24427259607e-007],
        "var": [2.48648501788e-009, 2.89243853331e-005, 8.16117699287e-006, 7.83867926657e-006, 3.46048582287e-005, 3.23731183016e-005, 2.34777076003e-006, 3.45422063219e-006, 1.1995451132e-005, 5.42579164176e-006, 1.86646866496e-005, 3.06466944267e-007, 3.03607134811e-006, 4.8157035053e-006, 7.90911656168e-007, 5.3093333463e-007, 5.41895246897e-007, 1.22756489418e-007, 1.39980215863e-007, 5.74451171076e-008, 1.24409469393e-008, 6.60620314008e-009, 6.42922715066e-010, 7.90110699089e-010, 1.27449195642e-009, 1.43821718424e-010, 8.02143345236e-013]
    },
    "erbbands": {
        "mean": [0.0220638234168, 0.680078983307, 2.53833889961, 4.97832489014, 8.74844551086, 33.9449920654, 42.840511322, 48.6890983582, 19.5219917297, 25.460943222, 22.993680954, 63.4404296875, 53.4034042358, 31.7480258942, 46.346157074, 18.7578086853, 20.3016853333, 43.9106330872, 30.038728714, 19.2110500336, 21.6379470825, 18.9300041199, 15.5100803375, 20.5196418762, 14.7298526764, 10.7223558426, 5.61505365372, 3.12909054756, 2.87348413467, 1.6093994379, 0.404415309429, 0.211924731731, 0.110537178814, 0.0780445560813, 0.0588257499039, 0.0222665462643, 0.0058209747076, 0.000676849100273, 3.31437186105e-005, 3.66720778402e-005],
        "var": [0.00221688533202, 2.22701478004, 12.163143158, 30.8507213593, 68.7807540894, 991.464294434, 822.698852539, 2902.015625, 368.514923096, 1351.50402832, 2691.17358398, 9811.69238281, 1815.31652832, 9241.27539063, 22310.6386719, 633.639526367, 3851.84741211, 10446.5820313, 6919.79345703, 540.323181152, 2606.43896484, 877.506958008, 386.103759766, 435.765869141, 247.3125, 127.779129028, 34.5948066711, 13.918384552, 9.76588535309, 3.27797555923, 0.390595018864, 0.402955979109, 0.15657544136, 0.102788493037, 0.0950067341328, 0.00523669784889, 0.000441600772319, 1.05714680103e-005, 8.81664075081e-009, 3.30509231095e-010]
    },
    "gfcc": {
        "mean": [-11.1397247314, 143.893493652, -152.219589233, 31.6316108704, -64.4785614014, -14.530705452, -30.6059455872, -11.6607532501, -25.4444389343, -10.5910968781, -16.5537586212, -5.99898433685, -4.60917425156],
        "cov": [[2473.73999023, -876.458251953, 176.968734741, 97.7084350586, -80.1244049072, 248.721511841, -268.327545166, 314.327819824, -290.604370117, 121.794235229, -222.389434814, 85.2564239502, -151.351242065], [-876.458251953, 1057.2109375, -164.316772461, 63.0399551392, 168.142196655, -132.521530151, 329.144744873, -260.258605957, 292.5078125, -111.239006042, 202.573028564, -86.1410369873, 114.77217865], [176.968734741, -164.316772461, 456.814605713, 0.519314408302, 110.955749512, 137.801940918, -73.7765274048, 153.557113647, -63.1813735962, 79.1987075806, -64.7953491211, 41.8459472656, -39.9772377014], [97.7084350586, 63.0399551392, 0.519314408302, 241.578460693, 3.24428105354, -8.58849430084, 85.5897979736, -33.2590904236, 41.4662818909, -17.3774776459, 8.71652984619, 4.88056850433, 5.93923282623], [-80.1244049072, 168.142196655, 110.955749512, 3.24428105354, 176.050720215, 72.5638656616, 42.9642372131, 27.0537414551, 38.0400428772, 20.4103527069, 32.1439170837, -2.98797535896, 0.743118345737], [248.721511841, -132.521530151, 137.801940918, -8.58849430084, 72.5638656616, 159.967025757, -18.0108203888, 93.9153137207, -35.8603210449, 43.2451896667, -24.5496921539, 10.9820613861, -36.2672615051], [-268.327545166, 329.144744873, -73.7765274048, 85.5897979736, 42.9642372131, -18.0108203888, 218.104934692, -83.2400360107, 109.699279785, -37.2228965759, 64.4791717529, -18.2881374359, 28.98320961], [314.327819824, -260.258605957, 153.557113647, -33.2590904236, 27.0537414551, 93.9153137207, -83.2400360107, 176.143310547, -58.0781707764, 56.8072509766, -61.2180137634, 21.5105934143, -33.8339195251], [-290.604370117, 292.5078125, -63.1813735962, 41.4662818909, 38.0400428772, -35.8603210449, 109.699279785, -58.0781707764, 142.332015991, -24.3284263611, 62.2655639648, -16.9567279816, 41.4848670959], [121.794235229, -111.239006042, 79.1987075806, -17.3774776459, 20.4103527069, 43.2451896667, -37.2228965759, 56.8072509766, -24.3284263611, 75.1048355103, -1.91566729546, 14.9445419312, -22.3593158722], [-222.389434814, 202.573028564, -64.7953491211, 8.71652984619, 32.1439170837, -24.5496921539, 64.4791717529, -61.2180137634, 62.2655639648, -1.91566729546, 98.0212020874, -3.25873422623, 31.4554920197], [85.2564239502, -86.1410369873, 41.8459472656, 4.88056850433, -2.98797535896, 10.9820613861, -18.2881374359, 21.5105934143, -16.9567279816, 14.9445419312, -3.25873422623, 68.0552902222, 14.5310354233], [-151.351242065, 114.77217865, -39.9772377014, 5.93923282623, 0.743118345737, -36.2672615051, 28.98320961, -33.8339195251, 41.4848670959, -22.3593158722, 31.4554920197, 14.5310354233, 69.5070266724]],
        "icov": [[0.000974580878392, -0.00109855504707, 0.00098197569605, -0.00115970068146, 0.00098687899299, -0.00159573601559, 0.00104773067869, -0.00146753503941, 0.00166363420431, -0.00106741697527, 0.00147727376316, -0.00156424683519, 0.000927762011997], [-0.00109855504707, 0.0105545492843, -0.00349893723615, 0.00333760818467, -0.00793716870248, 0.00614491198212, -0.00620540929958, 0.00716979289427, -0.00882009603083, 0.00604074029252, -0.0068663940765, 0.00841640215367, -0.00419368548319], [0.00098197569605, -0.00349893723615, 0.00599898258224, -0.00224556424655, 0.000133768509841, -0.00358300167136, 0.00274443300441, -0.004021583125, 0.00374795589596, -0.00443617394194, 0.0052446690388, -0.00476435851306, 0.0015436464455], [-0.00115970068146, 0.00333760818467, -0.00224556424655, 0.00691017741337, -0.00207709311508, 0.00289501133375, -0.00447892863303, 0.00355260912329, -0.00419594347477, 0.00263872602955, -0.00194255681708, 0.00217573996633, -0.00101130269468], [0.00098687899299, -0.00793716870248, 0.000133768509841, -0.00207709311508, 0.0163611620665, -0.00872624665499, 0.00384924840182, -0.00574928335845, 0.00449184747413, -0.00381920672953, 0.00121117441449, -0.00484853796661, 0.00293371058069], [-0.00159573601559, 0.00614491198212, -0.00358300167136, 0.00289501133375, -0.00872624665499, 0.0175619125366, -0.00619048438966, 0.000177262045327, -0.00342020904645, 0.00306068966165, -0.00521226227283, 0.00499016651884, 0.000336286757374], [0.00104773067869, -0.00620540929958, 0.00274443300441, -0.00447892863303, 0.00384924840182, -0.00619048438966, 0.0137104252353, -0.00225795409642, 0.000226192350965, -0.00152296433225, 0.00264561572112, -0.00523435417563, 0.00367395114154], [-0.00146753503941, 0.00716979289427, -0.004021583125, 0.00355260912329, -0.00574928335845, 0.000177262045327, -0.00225795409642, 0.019414966926, -0.00812125578523, -0.00120667403098, 0.00109547062311, 0.00530901737511, -0.0042517199181], [0.00166363420431, -0.00882009603083, 0.00374795589596, -0.00419594347477, 0.00449184747413, -0.00342020904645, 0.000226192350965, -0.00812125578523, 0.023774145171, -0.00542547274381, 0.00235483492725, -0.00437717046589, -0.00126470299438], [-0.00106741697527, 0.00604074029252, -0.00443617394194, 0.00263872602955, -0.00381920672953, 0.00306068966165, -0.00152296433225, -0.00120667403098, -0.00542547274381, 0.0275024548173, -0.0131160952151, 0.00190961302724, 0.0042313518934], [0.00147727376316, -0.0068663940765, 0.0052446690388, -0.00194255681708, 0.00121117441449, -0.00521226227283, 0.00264561572112, 0.00109547062311, 0.00235483492725, -0.0131160952151, 0.0272903498262, -0.00715827802196, -0.00204378063791], [-0.00156424683519, 0.00841640215367, -0.00476435851306, 0.00217573996633, -0.00484853796661, 0.00499016651884, -0.00523435417563, 0.00530901737511, -0.00437717046589, 0.00190961302724, -0.00715827802196, 0.0266689378768, -0.0119163170457], [0.000927762011997, -0.00419368548319, 0.0015436464455, -0.00101130269468, 0.00293371058069, 0.000336286757374, 0.00367395114154, -0.0042517199181, -0.00126470299438, 0.0042313518934, -0.00204378063791, -0.0119163170457, 0.0263808593154]]
    },
    "melbands": {
        "mean": [0.000427069229772, 0.00122707639821, 0.000939767051022, 0.00142814591527, 0.00163442839403, 0.00111184024718, 0.000279034575215, 0.000243923030212, 0.000240016117459, 0.000378252880182, 0.000252747500781, 0.00011316351447, 0.000197199376998, 4.49205363111e-005, 4.14431924582e-005, 5.0908412959e-005, 8.41907312861e-005, 5.38697495358e-005, 2.57436458924e-005, 1.8736363927e-005, 3.00314677588e-005, 2.0180887077e-005, 1.55707712111e-005, 1.45331723616e-005, 1.74823053385e-005, 1.09623451863e-005, 9.38927951211e-006, 6.6507250267e-006, 3.72664476345e-006, 2.7579055768e-006, 1.43036152167e-006, 1.57941519774e-006, 1.54195743107e-006, 6.25654024589e-007, 2.22229147084e-007, 1.48312466308e-007, 1.20627234423e-007, 8.41143403818e-008, 5.58400934381e-008, 6.89632884132e-008],
        "var": [9.63032448453e-007, 3.47176523974e-006, 9.86435452432e-007, 1.64250354828e-006, 1.01629098026e-006, 1.32407592446e-006, 7.6746793809e-008, 1.26410824919e-007, 2.23139963396e-007, 2.97790052173e-007, 4.67635992152e-008, 1.54456770929e-007, 4.56999771359e-007, 4.63656357752e-009, 6.14676665123e-009, 4.51104007482e-008, 3.50706272911e-008, 3.08517300596e-008, 1.51201962062e-009, 5.72683733768e-010, 6.71750743919e-009, 1.07985975717e-009, 7.71537722599e-010, 3.55398488416e-010, 3.42757378036e-010, 1.45853787381e-010, 1.06599701288e-010, 5.36281991037e-011, 1.57709262316e-011, 1.19517703026e-011, 3.05518197546e-012, 3.00462129135e-012, 3.25470770127e-012, 5.72343442171e-013, 1.44127114757e-013, 8.09154989106e-014, 2.06248389136e-013, 1.01458575428e-013, 3.38465488818e-014, 9.5091781129e-014]
    },
    "mfcc": {
        "mean": [-640.240478516, 163.10395813, -30.4850978851, 39.3741912842, -19.4941978455, 1.62329173088, -9.93765163422, -2.45788145065, -9.26678943634, -5.571393013, -5.6020617485, -15.6926841736, -8.50912570953],
        "cov": [[1743.46325684, -734.534667969, 94.4185256958, -27.1629009247, 73.9734191895, -55.5202636719, 65.1783905029, 53.8685951233, 0.680951178074, 9.67084312439, -31.1019859314, -5.96799135208, -65.7336883545], [-734.534667969, 802.513671875, -105.141242981, 81.9091033936, -8.73088264465, 129.414581299, 3.01490902901, 20.2961502075, 20.4569587708, 40.8436164856, 62.0898590088, 32.4196128845, 57.0921707153], [94.4185256958, -105.141242981, 277.445404053, -13.5509757996, 121.808441162, -8.30072402954, 54.0946006775, 17.637928009, 57.1946372986, 7.22986030579, 4.60368967056, 25.0211830139, 5.66982364655], [-27.1629009247, 81.9091033936, -13.5509757996, 236.532913208, -71.3647918701, 79.4489364624, -14.6366043091, 32.2912254333, 17.7636833191, -11.859746933, 10.1449289322, 10.7705745697, 31.2796783447], [73.9734191895, -8.73088264465, 121.808441162, -71.3647918701, 224.492828369, -14.2745847702, 60.9822158813, 8.60708522797, 31.7576370239, 29.6596813202, 7.02275848389, 32.250087738, 15.6777477264], [-55.5202636719, 129.414581299, -8.30072402954, 79.4489364624, -14.2745847702, 138.211898804, 32.7320899963, 37.3914718628, 11.2557735443, 10.2341299057, 30.2160243988, 21.7943840027, 23.2024364471], [65.1783905029, 3.01490902901, 54.0946006775, -14.6366043091, 60.9822158813, 32.7320899963, 101.484977722, 23.2708091736, 14.0151424408, 26.2269496918, 22.3093185425, 17.4517860413, -4.17377901077], [53.8685951233, 20.2961502075, 17.637928009, 32.2912254333, 8.60708522797, 37.3914718628, 23.2708091736, 82.0414199829, 36.4980888367, 13.7624807358, 9.63298511505, 11.065073967, 7.10938167572], [0.680951178074, 20.4569587708, 57.1946372986, 17.7636833191, 31.7576370239, 11.2557735443, 14.0151424408, 36.4980888367, 78.583656311, 18.9971733093, 8.31149196625, 6.96356868744, 8.77553272247], [9.67084312439, 40.8436164856, 7.22986030579, -11.859746933, 29.6596813202, 10.2341299057, 26.2269496918, 13.7624807358, 18.9971733093, 80.8450927734, 28.8433494568, 8.75022983551, -9.60038948059], [-31.1019859314, 62.0898590088, 4.60368967056, 10.1449289322, 7.02275848389, 30.2160243988, 22.3093185425, 9.63298511505, 8.31149196625, 28.8433494568, 57.0658073425, 24.6320419312, 5.2050318718], [-5.96799135208, 32.4196128845, 25.0211830139, 10.7705745697, 32.250087738, 21.7943840027, 17.4517860413, 11.065073967, 6.96356868744, 8.75022983551, 24.6320419312, 60.557888031, 24.4456539154], [-65.7336883545, 57.0921707153, 5.66982364655, 31.2796783447, 15.6777477264, 23.2024364471, -4.17377901077, 7.10938167572, 8.77553272247, -9.60038948059, 5.2050318718, 24.4456539154, 69.0343856812]],
        "icov": [[0.00107978493907, 0.00109405012336, 0.00031591070001, -0.000313868484227, -0.00048419018276, -0.000211527789361, -0.000312682619551, -0.000750669219997, 0.000211673454032, -0.00029761926271, -4.51378991784e-006, -0.00016125034017, 0.000468235492008], [0.00109405012336, 0.00286273122765, 0.0011853830656, -0.000393443449866, -0.000911500654183, -0.00159709376749, 0.000124453479657, -0.000222186776227, -0.000506065844093, -0.000742697855458, -0.00111476390157, 1.29815771288e-005, -0.000430163607234], [0.00031591070001, 0.0011853830656, 0.00629048468545, -0.000758498499636, -0.00273976754397, 0.000100653443951, -0.00179198908154, 0.000873281736858, -0.00398033158854, 0.00137175584678, -0.000323900661897, -0.00116815872025, 0.000672431429848], [-0.000313868484227, -0.000393443449866, -0.000758498499636, 0.00656790332869, 0.00235756509937, -0.00308239413425, 0.00124288152438, -0.000715995614883, -0.00112929195166, 0.00044354549027, 0.000402158941142, -0.000366047781426, -0.00193311821204], [-0.00048419018276, -0.000911500654183, -0.00273976754397, 0.00235756509937, 0.00856735091656, 0.00107367767487, -0.00307829165831, 0.000737471214961, -0.000978902564384, -0.00197002245113, 0.00249529606663, -0.00264394818805, -0.00252041569911], [-0.000211527789361, -0.00159709376749, 0.000100653443951, -0.00308239413425, 0.00107367767487, 0.0133317764848, -0.00419079884887, -0.00346461194567, 0.00141635257751, 0.000842001114506, -0.00305253523402, -0.000519808905665, -0.0017621681327], [-0.000312682619551, 0.000124453479657, -0.00179198908154, 0.00124288152438, -0.00307829165831, -0.00419079884887, 0.0160005018115, -0.00248374068178, 0.0016475636512, -0.00177206611261, -0.00308446353301, -0.000223198352614, 0.00236986600794], [-0.000750669219997, -0.000222186776227, 0.000873281736858, -0.000715995614883, 0.000737471214961, -0.00346461194567, -0.00248374068178, 0.0189269296825, -0.00843603722751, -0.000660074059851, 0.00171692797448, -0.00174557231367, 8.85728513822e-005], [0.000211673454032, -0.000506065844093, -0.00398033158854, -0.00112929195166, -0.000978902564384, 0.00141635257751, 0.0016475636512, -0.00843603722751, 0.0207517836243, -0.00357313989662, -0.000731481763069, 0.00234392029233, -0.00173636502586], [-0.00029761926271, -0.000742697855458, 0.00137175584678, 0.00044354549027, -0.00197002245113, 0.000842001114506, -0.00177206611261, -0.000660074059851, -0.00357313989662, 0.0181317348033, -0.00827617291361, 0.000871224387083, 0.0034336601384], [-4.51378991784e-006, -0.00111476390157, -0.000323900661897, 0.000402158941142, 0.00249529606663, -0.00305253523402, -0.00308446353301, 0.00171692797448, -0.000731481763069, -0.00827617291361, 0.0294947959483, -0.0101920207962, 0.00118526478764], [-0.00016125034017, 1.29815771288e-005, -0.00116815872025, -0.000366047781426, -0.00264394818805, -0.000519808905665, -0.000223198352614, -0.00174557231367, 0.00234392029233, 0.000871224387083, -0.0101920207962, 0.0257957652211, -0.00750389695168], [0.000468235492008, -0.000430163607234, 0.000672431429848, -0.00193311821204, -0.00252041569911, -0.0017621681327, 0.00236986600794, 8.85728513822e-005, -0.00173636502586, 0.0034336601384, 0.00118526478764, -0.00750389695168, 0.0206726770848]]
    },
    "spectral_contrast_coeffs": {
        "mean": [-0.536188304424, -0.670829951763, -0.714214861393, -0.764886081219, -0.787030041218, -0.676311373711],
        "var": [0.0056550167501, 0.00477441679686, 0.00308345584199, 0.00203860830516, 0.000912004325073, 0.00275407684967]
    },
    "spectral_contrast_valleys": {
        "mean": [-7.52587032318, -6.43627691269, -7.00414943695, -7.56872224808, -7.29592514038, -11.4918899536],
        "var": [0.65030413866, 0.371585488319, 0.354027658701, 0.340245127678, 0.496430009604, 0.998029470444]
    }
},
"metadata": {
    "audio_properties": {
        "analysis_sample_rate": 44100,
        "bit_rate": 128074,
        "equal_loudness": 0,
        "length": 45.0612258911,
        "lossless": 0,
        "replay_gain": -5.40054893494,
        "sample_rate": 44100,
        "codec": "mp3",
        "downmix": "mix",
        "md5_encoded": "2e8cd642aa94cca1158804bcd7e998c7"
    },
    "tags": {
        "file_name": "1004.mp3"
    },
    "version": {
        "essentia": "2.1-beta2",
        "essentia_git_sha": "v2.1_beta2",
        "extractor": "music 1.0"
    }
},
"rhythm": {
    "beats_count": 84,
    "beats_loudness": {
        "mean": 0.0404691360891,
        "var": 0.000299580191495
    },
    "bpm": 112.455299377,
    "bpm_histogram_first_peak_bpm": {
        "mean": 112,
        "var": 0
    },
    "bpm_histogram_first_peak_spread": {
        "mean": 0.337349414825,
        "var": 0
    },
    "bpm_histogram_first_peak_weight": {
        "mean": 0.662650585175,
        "var": 0
    },
    "bpm_histogram_second_peak_bpm": {
        "mean": 0,
        "var": 0
    },
    "bpm_histogram_second_peak_spread": {
        "mean": 0,
        "var": 0
    },
    "bpm_histogram_second_peak_weight": {
        "mean": 0,
        "var": 0
    },
    "danceability": 1.17080509663,
    "onset_rate": 2.04074645042,
    "beats_loudness_band_ratio": {
        "mean": [0.263333797455, 0.431983888149, 0.164392828941, 0.103917874396, 0.0565807633102, 0.0342588052154],
        "var": [0.024582715705, 0.03121734038, 0.00846960674971, 0.00718204956502, 0.00172812386882, 0.000604503613431]
    },
    "beats_position": [0.510838985443, 1.04489791393, 1.5673469305, 2.10140585899, 2.63546490669, 3.16952371597, 3.7151927948, 4.27247142792, 4.81814050674, 5.36380958557, 5.89786815643, 6.43192720413, 6.96598625183, 7.50004529953, 8.04571437836, 8.59138298035, 9.12544155121, 9.65950107574, 10.1935596466, 10.7276191711, 11.261677742, 11.7957363129, 12.3297958374, 12.8754644394, 13.4095239639, 13.9435825348, 14.4660310745, 15.0000905991, 15.5341491699, 16.0682086945, 16.602268219, 17.1363258362, 17.6703853607, 18.2044448853, 18.7385025024, 19.2609519958, 19.7834014893, 20.3174591064, 20.851518631, 21.3855781555, 21.9196376801, 22.4536952972, 22.9877548218, 23.5218143463, 24.0558719635, 24.589931488, 25.1356010437, 25.681268692, 26.2153282166, 26.7493877411, 27.2718353271, 27.7942848206, 28.316734314, 28.8391838074, 29.3732414246, 29.9073009491, 30.4413604736, 30.9754180908, 31.5094776154, 32.0435371399, 32.5659866333, 33.0884361267, 33.6224937439, 34.1565513611, 34.690612793, 35.2130622864, 35.7471199036, 36.269569397, 36.8036270142, 37.3376846313, 37.8717460632, 38.3941955566, 38.91664505, 39.4390907288, 39.9615402222, 40.4956016541, 41.0296592712, 41.5637168884, 42.1093864441, 42.6550559998, 43.1891136169, 43.7231750488, 44.257232666, 44.8029022217]
},
"tonal": {
    "chords_changes_rate": 0.0205761324614,
    "chords_number_rate": 0.00308641977608,
    "chords_strength": {
        "mean": 0.572011470795,
        "var": 0.00298966001719
    },
    "hpcp_entropy": {
        "mean": 1.76341283321,
        "var": 0.508628606796
    },
    "key_strength": 0.698658406734,
    "tuning_diatonic_strength": 0.543294727802,
    "tuning_equal_tempered_deviation": 0.034316778183,
    "tuning_frequency": 445.369720459,
    "tuning_nontempered_energy_ratio": 0.62236481905,
    "hpcp": {
        "mean": [0.1660631001, 0.128798678517, 0.0562982596457, 0.0552288889885, 0.080101467669, 0.308480352163, 0.501727938652, 0.281092584133, 0.0600232593715, 0.0285703800619, 0.0163633339107, 0.0206482913345, 0.0360403060913, 0.0496507026255, 0.153602838516, 0.31559830904, 0.23686029017, 0.075202293694, 0.0603038519621, 0.0679655149579, 0.238571837544, 0.454754382372, 0.316328942776, 0.0827127769589, 0.0264726337045, 0.019780760631, 0.076369702816, 0.146343871951, 0.109348535538, 0.15793633461, 0.282295972109, 0.187902763486, 0.0557900033891, 0.0362350232899, 0.0435728915036, 0.0992337316275],
        "var": [0.0745722874999, 0.0528015457094, 0.0129447160289, 0.0176374576986, 0.0263433083892, 0.0636397823691, 0.122509330511, 0.0564849972725, 0.0155520681292, 0.00604771263897, 0.00300609273836, 0.00355558819138, 0.00807207264006, 0.0125415902585, 0.0345649011433, 0.135245665908, 0.0885628685355, 0.0169002488256, 0.017662031576, 0.0200886148959, 0.0640455111861, 0.180832415819, 0.112495824695, 0.0240711532533, 0.00485160760581, 0.00336461281404, 0.01175245177, 0.0379781089723, 0.0211974941194, 0.0314209014177, 0.0797043815255, 0.0397282578051, 0.00822075456381, 0.00523370085284, 0.0109751597047, 0.0333319418132]
    },
    "chords_histogram": [59.7736625671, 26.3374481201, 13.5802469254, 0, 0, 0, 0, 0, 0, 0.308641970158, 0, 0, 0, 0, 0, 0, 0, 0, 0, 0, 0, 0, 0, 0],
    "thpcp": [1, 0.56024903059, 0.119633078575, 0.0569439679384, 0.0326139591634, 0.041154358536, 0.0718323662877, 0.098959416151, 0.306147664785, 0.629022777081, 0.472089111805, 0.149886593223, 0.120192334056, 0.135462880135, 0.475500404835, 0.906376421452, 0.630479037762, 0.164855837822, 0.0527629256248, 0.0394252724946, 0.152213379741, 0.291679739952, 0.217943876982, 0.314784824848, 0.562647521496, 0.374511271715, 0.111195728183, 0.0722204595804, 0.0868456587195, 0.197783946991, 0.330982357264, 0.256710201502, 0.112208738923, 0.110077366233, 0.159651204944, 0.61483591795],
    "chords_key": "E",
    "chords_scale": "minor",
    "key_key": "E",
    "key_scale": "minor"
}
}