{
"lowlevel": {
    "average_loudness": 0.783462166786,
    "barkbands_crest": {
        "mean": 10.2038822174,
        "var": 15.1203203201
    },
    "barkbands_flatness_db": {
        "mean": 0.162352055311,
        "var": 0.00243068509735
    },
    "barkbands_kurtosis": {
        "mean": 6.26752281189,
        "var": 85.2407913208
    },
    "barkbands_skewness": {
        "mean": 1.95090556145,
        "var": 1.40852200985
    },
    "barkbands_spread": {
        "mean": 15.7669506073,
        "var": 75.7233200073
    },
    "dissonance": {
        "mean": 0.461279511452,
        "var": 0.000934961892199
    },
    "dynamic_complexity": 2.30833506584,
    "erbbands_crest": {
        "mean": 8.44972801208,
        "var": 20.136428833
    },
    "erbbands_flatness_db": {
        "mean": 0.171969130635,
        "var": 0.00121792708524
    },
    "erbbands_kurtosis": {
        "mean": 0.199993252754,
        "var": 4.90091991425
    },
    "erbbands_skewness": {
        "mean": 0.346336096525,
        "var": 0.495497763157
    },
    "erbbands_spread": {
        "mean": 37.772480011,
        "var": 186.628814697
    },
    "hfc": {
        "mean": 14.0529489517,
        "var": 144.63293457
    },
    "melbands_crest": {
        "mean": 14.3191184998,
        "var": 23.8295917511
    },
    "melbands_flatness_db": {
        "mean": 0.227275013924,
        "var": 0.00404469622299
    },
    "melbands_kurtosis": {
        "mean": 15.6137886047,
        "var": 296.548492432
    },
    "melbands_skewness": {
        "mean": 2.95980358124,
        "var": 2.13107681274
    },
    "melbands_spread": {
        "mean": 16.3732261658,
        "var": 119.66595459
    },
    "pitch_salience": {
        "mean": 0.547996461391,
        "var": 0.0123090902343
    },
    "silence_rate_20dB": {
        "mean": 1,
        "var": 0
    },
    "silence_rate_30dB": {
        "mean": 0.977342963219,
        "var": 0.0221439693123
    },
    "silence_rate_60dB": {
        "mean": 0.00566426385194,
        "var": 0.00563240610063
    },
    "spectral_centroid": {
        "mean": 995.224121094,
        "var": 236267.484375
    },
    "spectral_complexity": {
        "mean": 18.402677536,
        "var": 71.1107025146
    },
    "spectral_decrease": {
        "mean": -7.60872875816e-009,
        "var": 5.58002475466e-017
    },
    "spectral_energy": {
        "mean": 0.0299917533994,
        "var": 0.000841513334308
    },
    "spectral_energyband_high": {
        "mean": 0.000314115284709,
        "var": 1.28970611968e-007
    },
    "spectral_energyband_low": {
        "mean": 0.0129214283079,
        "var": 0.000289267773042
    },
    "spectral_energyband_middle_high": {
        "mean": 0.00439300434664,
        "var": 4.47703787358e-005
    },
    "spectral_energyband_middle_low": {
        "mean": 0.0147086651996,
        "var": 0.000400252494728
    },
    "spectral_entropy": {
        "mean": 7.34448862076,
        "var": 0.151906609535
    },
    "spectral_flux": {
        "mean": 0.0929177850485,
        "var": 0.00380828371271
    },
    "spectral_kurtosis": {
        "mean": 4.63051462173,
        "var": 9.52409648895
    },
    "spectral_rms": {
        "mean": 0.00498401839286,
        "var": 4.41980591859e-006
    },
    "spectral_rolloff": {
        "mean": 912.453857422,
        "var": 636390.5
    },
    "spectral_skewness": {
        "mean": 1.52862286568,
        "var": 0.229764923453
    },
    "spectral_spread": {
        "mean": 3618851.5,
        "var": 1.63706188595e+012
    },
    "spectral_strongpeak": {
        "mean": 0.796814084053,
        "var": 1.50072920322
    },
    "zerocrossingrate": {
        "mean": 0.0402975343168,
        "var": 0.000439126888523
    },
    "barkbands": {
        "mean": [0.000672645866871, 0.00375069235452, 0.00625968677923, 0.00423251045868, 0.00497604440898, 0.00240647629835, 0.000812258338556, 0.00118456420023, 0.000874309451319, 0.000414622249082, 0.00136470154393, 0.0005336071481, 0.000289843243081, 0.000557010411285, 0.000319114304148, 0.000239825909375, 0.000287898670649, 0.000218336630496, 0.000205793505302, 0.000152311069542, 9.66630759649e-005, 5.82685934205e-005, 5.66114613321e-005, 1.97544050025e-005, 6.45567661195e-006, 1.72578302227e-006, 4.91918186185e-008],
        "var": [5.05610159962e-006, 9.61419791565e-005, 6.59611323499e-005, 4.15236172557e-005, 6.67354179313e-005, 3.76617463189e-005, 2.20034871745e-006, 3.89850401916e-006, 2.24131258619e-006, 1.18482432754e-006, 3.57655444532e-005, 6.75904004765e-007, 1.37264024147e-007, 8.07928643098e-007, 1.7264575547e-007, 9.99580080929e-008, 1.17474414196e-007, 7.88604879176e-008, 4.90210041448e-008, 4.03663094062e-008, 1.47213690127e-008, 5.81392400889e-009, 5.78174663701e-009, 8.55999382487e-010, 1.49727133469e-010, 7.17761483929e-012, 1.5459730257e-014]
    },
    "erbbands": {
        "mean": [0.149563655257, 0.754216134548, 4.88991451263, 13.3585557938, 16.2669048309, 15.2030525208, 16.7104377747, 20.4730968475, 12.3486948013, 23.6771411896, 18.8671092987, 22.9518470764, 15.7137784958, 19.5795135498, 50.0466461182, 26.8447341919, 14.5010662079, 26.7696323395, 19.5819644928, 16.5781574249, 14.8110513687, 13.8659362793, 12.3438034058, 11.052646637, 10.2189903259, 7.29700565338, 4.55061006546, 3.42015552521, 2.29589319229, 2.2293035984, 1.21615588665, 0.593329489231, 0.232498586178, 0.102940373123, 0.0297944247723, 0.0106639694422, 0.00256022042595, 0.000321752129821, 2.2706359232e-005, 3.4588327253e-005],
        "var": [0.217812910676, 2.54390954971, 36.5647392273, 270.08392334, 1155.75683594, 586.561462402, 847.218994141, 3660.66259766, 595.864135742, 1015.73535156, 1114.3092041, 1612.72851563, 1520.98181152, 3487.58642578, 41085.921875, 1481.53710938, 297.13482666, 1160.70568848, 931.520507813, 543.218383789, 303.374725342, 233.587539673, 204.66986084, 144.350921631, 132.504745483, 82.8170089722, 35.0776634216, 17.389421463, 8.50232410431, 8.72095870972, 3.45596218109, 0.676759302616, 0.143880620599, 0.0365440584719, 0.00299572828226, 0.000268430507276, 1.64953944477e-005, 3.59868266742e-007, 5.36328093048e-010, 1.05897435265e-009]
    },
    "gfcc": {
        "mean": [-18.4918956757, 129.228057861, -128.96661377, 43.9759140015, -59.2886276245, 9.6185131073, -35.0514793396, -5.15786123276, -21.2852497101, -6.85533285141, -12.5415496826, -11.2992753983, -14.9223423004],
        "cov": [[3721.84912109, -580.095703125, -529.60168457, 206.438796997, -63.0915794373, 59.9523239136, -101.479446411, 176.786865234, -60.7855758667, 31.3396835327, -155.047348022, 130.975250244, -11.2282390594], [-580.095703125, 550.919372559, 107.846855164, -92.0215911865, 134.537750244, -33.608417511, 54.2143783569, -104.526695251, 59.8615722656, -36.7126464844, 83.1983566284, -68.9842071533, 44.7840156555], [-529.60168457, 107.846855164, 618.565917969, 47.7244758606, -26.2392692566, -11.9445848465, -4.31827116013, -25.9372959137, -35.0675811768, 34.5125350952, 1.97115361691, -23.068862915, -11.1482439041], [206.438796997, -92.0215911865, 47.7244758606, 251.181671143, 3.34829092026, 23.1168823242, 61.205783844, 24.9390354156, 31.9888648987, 1.56403315067, 3.67034935951, 0.135661542416, 11.2942895889], [-63.0915794373, 134.537750244, -26.2392692566, 3.34829092026, 207.407333374, 40.380191803, 16.5015869141, 1.39516758919, 40.8971366882, 10.1952724457, 19.3564853668, -5.13972568512, 29.558801651], [59.9523239136, -33.608417511, -11.9445848465, 23.1168823242, 40.380191803, 122.795036316, 71.9132156372, 28.5478000641, 11.5047626495, 0.74199783802, 20.2440299988, 12.5530576706, 2.37932014465], [-101.479446411, 54.2143783569, -4.31827116013, 61.205783844, 16.5015869141, 71.9132156372, 174.334121704, 44.6173858643, 28.9069328308, -34.570186615, 34.1976699829, 11.5577878952, 13.7761163712], [176.786865234, -104.526695251, -25.9372959137, 24.9390354156, 1.39516758919, 28.5478000641, 44.6173858643, 118.796958923, 28.8439903259, 9.7613286972, -21.5013103485, 27.2284889221, 5.4429268837], [-60.7855758667, 59.8615722656, -35.0675811768, 31.9888648987, 40.8971366882, 11.5047626495, 28.9069328308, 28.8439903259, 93.0892715454, 18.5069084167, 14.9145030975, -12.7230768204, 13.3165388107], [31.3396835327, -36.7126464844, 34.5125350952, 1.56403315067, 10.1952724457, 0.74199783802, -34.570186615, 9.7613286972, 18.5069084167, 78.8261032104, 4.87594032288, -3.18866348267, -9.56126880646], [-155.047348022, 83.1983566284, 1.97115361691, 3.67034935951, 19.3564853668, 20.2440299988, 34.1976699829, -21.5013103485, 14.9145030975, 4.87594032288, 75.3071975708, 13.3905754089, 9.46545219421], [130.975250244, -68.9842071533, -23.068862915, 0.135661542416, -5.13972568512, 12.5530576706, 11.5577878952, 27.2284889221, -12.7230768204, -3.18866348267, 13.3905754089, 81.7004318237, 29.6745567322], [-11.2282390594, 44.7840156555, -11.1482439041, 11.2942895889, 29.558801651, 2.37932014465, 13.7761163712, 5.4429268837, 13.3165388107, -9.56126880646, 9.46545219421, 29.6745567322, 69.5445861816]],
        "icov": [[0.00052902509924, -0.000797478365712, 0.000700379547197, -0.00110766873695, 0.000458690250525, -0.00091654935386, 0.000988299725577, -0.000921271042898, 0.00101640983485, -0.000665439816657, 0.00141464802437, -0.00133720156737, 0.000695778348017], [-0.000797478365712, 0.0107708303258, -0.00336616812274, 0.00686045316979, -0.00550397811458, 0.00701826065779, -0.00660358089954, 0.00708188209683, -0.00701569207013, 0.00533348694444, -0.00906232185662, 0.00957309547812, -0.00664015812799], [0.000700379547197, -0.00336616812274, 0.00332032865845, -0.00313924229704, 0.00188745639753, -0.00229698419571, 0.00207668403164, -0.00237816595472, 0.00394176272675, -0.00327557115816, 0.00343067082576, -0.00282011786476, 0.00190524384379], [-0.00110766873695, 0.00686045316979, -0.00313924229704, 0.00978398509324, -0.00327136181295, 0.00491527747363, -0.00654344214126, 0.00520936958492, -0.00651221396402, 0.00323259597644, -0.00577162578702, 0.00676366128027, -0.00498722074553], [0.000458690250525, -0.00550397811458, 0.00188745639753, -0.00327136181295, 0.0089788781479, -0.00600721267983, 0.00414505880326, -0.00322857126594, 0.00157634483185, -0.00310033932328, 0.00410162191838, -0.00360529636964, 0.000525066512637], [-0.00091654935386, 0.00701826065779, -0.00229698419571, 0.00491527747363, -0.00600721267983, 0.0172455627471, -0.0098876003176, 0.00378265068866, -0.00318127963692, 0.00144893745892, -0.00745874457061, 0.00564750982448, -0.00279434188269], [0.000988299725577, -0.00660358089954, 0.00207668403164, -0.00654344214126, 0.00414505880326, -0.0098876003176, 0.0169879980385, -0.00957519095391, 0.00311805284582, 0.00344374286942, 0.000285403744783, -0.00473963469267, 0.00362828886136], [-0.000921271042898, 0.00708188209683, -0.00237816595472, 0.00520936958492, -0.00322857126594, 0.00378265068866, -0.00957519095391, 0.0203254669905, -0.0103818913922, 0.000228502918617, 0.00250159320422, -0.000545865274034, -0.00247583864257], [0.00101640983485, -0.00701569207013, 0.00394176272675, -0.00651221396402, 0.00157634483185, -0.00318127963692, 0.00311805284582, -0.0103818913922, 0.0228641293943, -0.00826282612979, 0.00210936856456, -4.9631253205e-006, 0.000206091324799], [-0.000665439816657, 0.00533348694444, -0.00327557115816, 0.00323259597644, -0.00310033932328, 0.00144893745892, 0.00344374286942, 0.000228502918617, -0.00826282612979, 0.021323017776, -0.00898061320186, 0.00479798950255, -0.000335166725563], [0.00141464802437, -0.00906232185662, 0.00343067082576, -0.00577162578702, 0.00410162191838, -0.00745874457061, 0.000285403744783, 0.00250159320422, 0.00210936856456, -0.00898061320186, 0.0300513040274, -0.0158442556858, 0.006842948962], [-0.00133720156737, 0.00957309547812, -0.00282011786476, 0.00676366128027, -0.00360529636964, 0.00564750982448, -0.00473963469267, -0.000545865274034, -4.9631253205e-006, 0.00479798950255, -0.0158442556858, 0.0298394411802, -0.0155257014558], [0.000695778348017, -0.00664015812799, 0.00190524384379, -0.00498722074553, 0.000525066512637, -0.00279434188269, 0.00362828886136, -0.00247583864257, 0.000206091324799, -0.000335166725563, 0.006842948962, -0.0155257014558, 0.0248383190483]]
    },
    "melbands": {
        "mean": [0.00119228486437, 0.0021096880082, 0.00244414736517, 0.00111482315697, 0.000632452196442, 0.000457821588498, 0.000180167029612, 0.000273806421319, 0.000149261875777, 0.000136635702802, 7.34758505132e-005, 6.55454059597e-005, 0.000206838580198, 6.67207350489e-005, 4.50652987638e-005, 2.63576948782e-005, 5.57197417947e-005, 3.41164777637e-005, 2.07390912692e-005, 2.09010304388e-005, 1.74166743818e-005, 1.47356640809e-005, 1.35785567181e-005, 1.0040482266e-005, 8.81003870745e-006, 7.02578381606e-006, 7.00547934684e-006, 4.3389864004e-006, 2.85630903818e-006, 2.41401312451e-006, 1.88315232208e-006, 1.35960988246e-006, 9.40484710554e-007, 1.45633430293e-006, 7.09440882929e-007, 4.67693269002e-007, 3.12783356549e-007, 1.63059851843e-007, 1.24592546058e-007, 7.40018109013e-008],
        "var": [1.15555194498e-005, 6.78170317769e-006, 1.01639907371e-005, 3.95454617319e-006, 9.70537598732e-007, 1.61234470397e-006, 1.21703251921e-007, 1.52299890033e-007, 6.66552963935e-008, 5.44372156241e-008, 3.78364504172e-008, 3.1187997962e-008, 8.70758697147e-007, 9.17067310979e-009, 3.26457016975e-009, 1.01460950752e-009, 6.03305672087e-009, 4.24955626244e-009, 7.15680403829e-010, 8.43477565571e-010, 4.79977502188e-010, 3.11869446934e-010, 2.73849359855e-010, 2.34004038369e-010, 9.63625082506e-011, 6.39206604314e-011, 9.24852208706e-011, 2.98254129727e-011, 1.55180868155e-011, 1.07727377366e-011, 5.74848458765e-012, 3.31109705626e-012, 1.77620429215e-012, 4.150846767e-012, 1.48724500597e-012, 4.22823099233e-013, 2.41332426048e-013, 7.49142433742e-014, 6.03968914811e-014, 1.91141624284e-014]
    },
    "mfcc": {
        "mean": [-651.789550781, 143.777694702, -4.91675901413, 32.5197181702, -0.0920565500855, 11.7731266022, -3.88220953941, 1.90303969383, -9.06751537323, 2.80818200111, -2.5363714695, -2.14813280106, -3.87281298637],
        "cov": [[3585.97558594, -781.0546875, -551.987121582, 43.0889396667, -5.65143871307, -67.5130996704, -58.6712608337, 115.188606262, 134.784057617, -36.5321502686, -60.6021156311, 1.20668315887, -4.40782833099], [-781.0546875, 658.749267578, 45.9835968018, -50.1214675903, 79.2017974854, 31.5332317352, 12.0614147186, -62.780292511, -38.239818573, 0.204688593745, 3.92657732964, 0.970157027245, -7.09082698822], [-551.987121582, 45.9835968018, 539.377868652, 80.4417800903, -36.7764320374, 19.077835083, 40.3050537109, -32.6282539368, -35.4426803589, 5.38396406174, 4.76985406876, -7.28297901154, -2.2226395607], [43.0889396667, -50.1214675903, 80.4417800903, 187.037780762, 12.2369403839, 25.2898731232, 9.7749786377, 21.1498622894, 23.2068157196, 18.1858711243, 4.46403503418, 2.85339856148, 6.13255643845], [-5.65143871307, 79.2017974854, -36.7764320374, 12.2369403839, 155.63432312, 24.7921180725, -12.7549943924, -31.9276714325, 17.8163032532, 14.8501386642, 2.92353582382, 10.5355510712, -7.92056083679], [-67.5130996704, 31.5332317352, 19.077835083, 25.2898731232, 24.7921180725, 108.375297546, 45.339717865, 17.1546440125, -3.22975826263, 17.5652503967, 14.9824056625, 5.39431190491, 11.8742303848], [-58.6712608337, 12.0614147186, 40.3050537109, 9.7749786377, -12.7549943924, 45.339717865, 107.920936584, 57.1364860535, 9.44465065002, 5.32397794724, 10.7983732224, 8.86185073853, 9.90248203278], [115.188606262, -62.780292511, -32.6282539368, 21.1498622894, -31.9276714325, 17.1546440125, 57.1364860535, 136.155349731, 49.5537071228, 4.85351324081, 7.94609498978, 11.6708898544, 24.4022827148], [134.784057617, -38.239818573, -35.4426803589, 23.2068157196, 17.8163032532, -3.22975826263, 9.44465065002, 49.5537071228, 99.2468261719, 27.7920246124, 5.36266183853, 4.44566345215, 0.868042171001], [-36.5321502686, 0.204688593745, 5.38396406174, 18.1858711243, 14.8501386642, 17.5652503967, 5.32397794724, 4.85351324081, 27.7920246124, 87.0536499023, 34.47057724, 6.1367354393, -2.4262611866], [-60.6021156311, 3.92657732964, 4.76985406876, 4.46403503418, 2.92353582382, 14.9824056625, 10.7983732224, 7.94609498978, 5.36266183853, 34.47057724, 66.3665466309, 25.8937778473, -2.54162430763], [1.20668315887, 0.970157027245, -7.28297901154, 2.85339856148, 10.5355510712, 5.39431190491, 8.86185073853, 11.6708898544, 4.44566345215, 6.1367354393, 25.8937778473, 54.436668396, 17.5310306549], [-4.40782833099, -7.09082698822, -2.2226395607, 6.13255643845, -7.92056083679, 11.8742303848, 9.90248203278, 24.4022827148, 0.868042171001, -2.4262611866, -2.54162430763, 17.5310306549, 56.8592681885]],
        "icov": [[0.000482725008624, 0.000523513532244, 0.000434097106336, -0.000145390382386, -0.000105738887214, 1.89530819625e-005, 1.63738495758e-005, -1.49155703184e-005, -0.000303596141748, 0.000175351611688, 0.000403153855586, -0.000189159734873, 0.000208681027289], [0.000523513532244, 0.00235611246899, 0.000281885033473, 0.000412655790569, -0.00105881248601, -0.000219537119847, -0.000511343125254, 0.000578807899728, 7.51131447032e-005, 0.000189256839803, 0.000321913801599, -5.77365171921e-005, 7.90436679381e-005], [0.000434097106336, 0.000281885033473, 0.00270999176428, -0.00136510422453, 0.000699615222402, 0.000224165327381, -0.0014111942146, 0.00125537719578, 0.000179421447683, -2.86166323349e-006, 0.000234393010032, 7.60816619731e-005, 6.37751509203e-005], [-0.000145390382386, 0.000412655790569, -0.00136510422453, 0.00659034028649, -0.000779255991802, -0.0015067148488, 0.000998141360469, -0.00104690529406, -0.000956868287176, -0.000743404787499, 0.000326987559674, -9.42023907555e-005, -0.0002158551506], [-0.000105738887214, -0.00105881248601, 0.000699615222402, -0.000779255991802, 0.00891544204205, -0.00271923840046, 0.000716826994903, 0.00303486944176, -0.00293056224473, -0.000468991784146, 0.00134816812351, -0.0028400470037, 0.00131428672466], [1.89530819625e-005, -0.000219537119847, 0.000224165327381, -0.0015067148488, -0.00271923840046, 0.0134761705995, -0.00563980080187, -0.000155593821546, 0.00239539844915, -0.00175252836198, -0.00211992487311, 0.002192937769, -0.00288099027239], [1.63738495758e-005, -0.000511343125254, -0.0014111942146, 0.000998141360469, 0.000716826994903, -0.00563980080187, 0.0157772060484, -0.00692487088963, 0.000673075963277, 0.000231638274272, 9.85011720331e-005, -0.00159466115292, 0.00177223316859], [-1.49155703184e-005, 0.000578807899728, 0.00125537719578, -0.00104690529406, 0.00303486944176, -0.000155593821546, -0.00692487088963, 0.0150367161259, -0.00686896964908, 0.00186545029283, -0.00142461655196, 2.28511134992e-006, -0.00443893671036], [-0.000303596141748, 7.51131447032e-005, 0.000179421447683, -0.000956868287176, -0.00293056224473, 0.00239539844915, 0.000673075963277, -0.00686896964908, 0.0161827653646, -0.00536656240001, 0.00174491200596, -0.00032857779297, 0.0017215606058], [0.000175351611688, 0.000189256839803, -2.86166323349e-006, -0.000743404787499, -0.000468991784146, -0.00175252836198, 0.000231638274272, 0.00186545029283, -0.00536656240001, 0.017228955403, -0.00943376123905, 0.00316457357258, -0.00100330589339], [0.000403153855586, 0.000321913801599, 0.000234393010032, 0.000326987559674, 0.00134816812351, -0.00211992487311, 9.85011720331e-005, -0.00142461655196, 0.00174491200596, -0.00943376123905, 0.0260992459953, -0.0132140889764, 0.00608172127977], [-0.000189159734873, -5.77365171921e-005, 7.60816619731e-005, -9.42023907555e-005, -0.0028400470037, 0.002192937769, -0.00159466115292, 2.28511134992e-006, -0.00032857779297, 0.00316457357258, -0.0132140889764, 0.028056954965, -0.00968680344522], [0.000208681027289, 7.90436679381e-005, 6.37751509203e-005, -0.0002158551506, 0.00131428672466, -0.00288099027239, 0.00177223316859, -0.00443893671036, 0.0017215606058, -0.00100330589339, 0.00608172127977, -0.00968680344522, 0.0232096612453]]
    },
    "spectral_contrast_coeffs": {
        "mean": [-0.584215044975, -0.745842993259, -0.767926990986, -0.777117848396, -0.783054113388, -0.729747533798],
        "var": [0.00804128590971, 0.00348244188353, 0.00418689288199, 0.00239953771234, 0.00131802086253, 0.00145733519457]
    },
    "spectral_contrast_valleys": {
        "mean": [-7.16194105148, -6.51191806793, -7.27235794067, -7.71502065659, -7.75134420395, -10.8549365997],
        "var": [0.671516895294, 0.548446774483, 0.662449419498, 0.784700512886, 0.790273368359, 0.702717781067]
    }
},
"metadata": {
    "audio_properties": {
        "analysis_sample_rate": 44100,
        "bit_rate": 128074,
        "equal_loudness": 0,
        "length": 45.0612258911,
        "lossless": 0,
        "replay_gain": -4.82534980774,
        "sample_rate": 44100,
        "codec": "mp3",
        "downmix": "mix",
        "md5_encoded": "641806667ae2a9b0f6cec020260f22e8"
    },
    "tags": {
        "file_name": "1005.mp3"
    },
    "version": {
        "essentia": "2.1-beta2",
        "essentia_git_sha": "v2.1_beta2",
        "extractor": "music 1.0"
    }
},
"rhythm": {
    "beats_count": 65,
    "beats_loudness": {
        "mean": 0.0492489077151,
        "var": 0.00133470119908
    },
    "bpm": 87.321975708,
    "bpm_histogram_first_peak_bpm": {
        "mean": 88,
        "var": 0
    },
    "bpm_histogram_first_peak_spread": {
        "mean": 0.40625,
        "var": 0
    },
    "bpm_histogram_first_peak_weight": {
        "mean": 0.59375,
        "var": 0
    },
    "bpm_histogram_second_peak_bpm": {
        "mean": 0,
        "var": 0
    },
    "bpm_histogram_second_peak_spread": {
        "mean": 0,
        "var": 0
    },
    "bpm_histogram_second_peak_weight": {
        "mean": 0,
        "var": 0
    },
    "danceability": 1.19155955315,
    "onset_rate": 3.85967278481,
    "beats_loudness_band_ratio": {
        "mean": [0.474470108747, 0.354974687099, 0.131029501557, 0.0797818750143, 0.0364671424031, 0.019696848467],
        "var": [0.0264028981328, 0.0159270986915, 0.0113628320396, 0.00723842717707, 0.00116436148528, 8.07093601907e-005]
    },
    "beats_position": [0.708208620548, 1.4164172411, 2.11301589012, 2.79800438881, 3.50621318817, 4.21442174911, 4.92263031006, 5.61922883987, 6.32743740082, 7.03564596176, 7.73224496841, 8.42884349823, 9.12544155121, 9.83365058899, 10.5418596268, 11.2384576797, 11.9350566864, 12.6316547394, 13.328253746, 14.0248527527, 14.7330608368, 15.4296598434, 16.1262588501, 16.8112468719, 17.4962348938, 18.181224823, 18.8546028137, 19.5395908356, 20.2245807648, 20.9095687866, 21.5945568085, 22.2795467377, 22.9645347595, 23.6379127502, 24.3229026794, 24.9962806702, 25.6580486298, 26.343038559, 27.0280265808, 27.7014045715, 28.3980045319, 29.0713825226, 29.7563705444, 30.4413604736, 31.1263484955, 31.8113365173, 32.4847145081, 33.1580963135, 33.843082428, 34.5164604187, 35.2014503479, 35.8748283386, 36.5249862671, 37.2215881348, 37.8949661255, 38.5683441162, 39.2417221069, 39.9151000977, 40.5884780884, 41.2734680176, 41.9584579468, 42.6318359375, 43.3284339905, 44.0134239197, 44.6984100342]
},
"tonal": {
    "chords_changes_rate": 0.0298353917897,
    "chords_number_rate": 0.00823045242578,
    "chords_strength": {
        "mean": 0.538334429264,
        "var": 0.00656480109319
    },
    "hpcp_entropy": {
        "mean": 1.94633543491,
        "var": 0.622159659863
    },
    "key_strength": 0.771962463856,
    "tuning_diatonic_strength": 0.675859212875,
    "tuning_equal_tempered_deviation": 0.201717823744,
    "tuning_frequency": 434.193115234,
    "tuning_nontempered_energy_ratio": 0.940262377262,
    "hpcp": {
        "mean": [0.117679275572, 0.109735436738, 0.0652905479074, 0.0548998340964, 0.0634004473686, 0.0741414278746, 0.131886482239, 0.173804149032, 0.217413380742, 0.457555741072, 0.488360375166, 0.217861890793, 0.0902790054679, 0.064801722765, 0.0553787797689, 0.108437627554, 0.130461633205, 0.0712827965617, 0.0389153175056, 0.0393577218056, 0.0680181086063, 0.14552256465, 0.160047769547, 0.14576920867, 0.177623689175, 0.134081587195, 0.0819282233715, 0.0888318344951, 0.0812416672707, 0.0966575741768, 0.21133325994, 0.227101132274, 0.109214901924, 0.0630125552416, 0.0610490292311, 0.0766679048538],
        "var": [0.0542971417308, 0.048116017133, 0.0171934999526, 0.0167647656053, 0.0273762140423, 0.0247060470283, 0.0422926880419, 0.0724223703146, 0.0547125451267, 0.136487454176, 0.152267664671, 0.057209469378, 0.0328036695719, 0.0239994134754, 0.0142565537244, 0.0324607975781, 0.0487226955593, 0.0181039310992, 0.0109456656501, 0.00764609547332, 0.014402449131, 0.0462210327387, 0.0541566573083, 0.0456566549838, 0.0840662270784, 0.0496442057192, 0.0304810721427, 0.038097769022, 0.0301876105368, 0.0291042290628, 0.0714827626944, 0.0788521617651, 0.0262439418584, 0.0218026973307, 0.0221962854266, 0.023980114609]
    },
    "chords_histogram": [68.6213989258, 1.64609050751, 8.95061683655, 0.411522626877, 2.88065838814, 0, 0, 0, 0, 0, 0, 0, 0, 0, 0, 1.02880656719, 0.411522626877, 6.99588489532, 0, 0, 0, 0, 3.08641982079, 5.96707820892],
    "thpcp": [1, 0.446108847857, 0.184861451387, 0.132692426443, 0.113397367299, 0.222044274211, 0.267142146826, 0.145963519812, 0.0796856582165, 0.0805915519595, 0.139278516173, 0.297981917858, 0.327724725008, 0.298486977816, 0.363714367151, 0.274554610252, 0.167761817575, 0.181898117065, 0.166355982423, 0.197922632098, 0.432740390301, 0.465027749538, 0.223635882139, 0.12902879715, 0.125008150935, 0.156990423799, 0.240968108177, 0.224701762199, 0.133693382144, 0.112416639924, 0.129823073745, 0.151817038655, 0.270059764385, 0.355893224478, 0.44519045949, 0.936922311783],
    "chords_key": "C",
    "chords_scale": "major",
    "key_key": "C",
    "key_scale": "major"
}
}