{
"lowlevel": {
    "average_loudness": 0.0191072039306,
    "barkbands_crest": {
        "mean": 15.4338359833,
        "var": 38.2326545715
    },
    "barkbands_flatness_db": {
        "mean": 0.233172148466,
        "var": 0.00858694501221
    },
    "barkbands_kurtosis": {
        "mean": 28.0708904266,
        "var": 7600.40820313
    },
    "barkbands_skewness": {
        "mean": 2.91580200195,
        "var": 10.687253952
    },
    "barkbands_spread": {
        "mean": 12.0982513428,
        "var": 173.145721436
    },
    "dissonance": {
        "mean": 0.402833282948,
        "var": 0.00533284572884
    },
    "dynamic_complexity": 7.5360121727,
    "erbbands_crest": {
        "mean": 15.7872133255,
        "var": 55.2579879761
    },
    "erbbands_flatness_db": {
        "mean": 0.248248979449,
        "var": 0.00760037032887
    },
    "erbbands_kurtosis": {
        "mean": 9.14888381958,
        "var": 515.502990723
    },
    "erbbands_skewness": {
        "mean": 1.72753870487,
        "var": 3.92615890503
    },
    "erbbands_spread": {
        "mean": 28.4250984192,
        "var": 573.193847656
    },
    "hfc": {
        "mean": 11.266957283,
        "var": 1463.046875
    },
    "melbands_crest": {
        "mean": 19.2287216187,
        "var": 50.4318084717
    },
    "melbands_flatness_db": {
        "mean": 0.276509821415,
        "var": 0.00888212956488
    },
    "melbands_kurtosis": {
        "mean": 35.1317405701,
        "var": 4051.55712891
    },
    "melbands_skewness": {
        "mean": 3.26970052719,
        "var": 7.3249502182
    },
    "melbands_spread": {
        "mean": 13.9849452972,
        "var": 352.666992188
    },
    "pitch_salience": {
        "mean": 0.472512304783,
        "var": 0.0308170411736
    },
    "silence_rate_20dB": {
        "mean": 0.995880544186,
        "var": 0.0041025057435
    },
    "silence_rate_30dB": {
        "mean": 0.984552025795,
        "var": 0.015209197998
    },
    "silence_rate_60dB": {
        "mean": 0.454685896635,
        "var": 0.247942373157
    },
    "spectral_centroid": {
        "mean": 1048.12158203,
        "var": 529700.3125
    },
    "spectral_complexity": {
        "mean": 4.96035003662,
        "var": 16.1791610718
    },
    "spectral_decrease": {
        "mean": -3.49813267242e-009,
        "var": 1.08588432698e-016
    },
    "spectral_energy": {
        "mean": 0.0142246820033,
        "var": 0.00182474800386
    },
    "spectral_energyband_high": {
        "mean": 0.000168073413079,
        "var": 2.77508576119e-007
    },
    "spectral_energyband_low": {
        "mean": 0.000321283063386,
        "var": 9.46979241689e-007
    },
    "spectral_energyband_middle_high": {
        "mean": 0.00576998945326,
        "var": 0.00151902076323
    },
    "spectral_energyband_middle_low": {
        "mean": 0.00830910727382,
        "var": 0.000275100872386
    },
    "spectral_entropy": {
        "mean": 6.69506120682,
        "var": 0.84620565176
    },
    "spectral_flux": {
        "mean": 0.0435179620981,
        "var": 0.00198440859094
    },
    "spectral_kurtosis": {
        "mean": 7.4458117485,
        "var": 55.511631012
    },
    "spectral_rms": {
        "mean": 0.00263853906654,
        "var": 6.91585501045e-006
    },
    "spectral_rolloff": {
        "mean": 1162.14160156,
        "var": 1859866
    },
    "spectral_skewness": {
        "mean": 1.88568198681,
        "var": 0.905071794987
    },
    "spectral_spread": {
        "mean": 4088180,
        "var": 2.7863262167e+012
    },
    "spectral_strongpeak": {
        "mean": 1.35501468182,
        "var": 4.97684717178
    },
    "zerocrossingrate": {
        "mean": 0.0452474802732,
        "var": 0.00118945771828
    },
    "barkbands": {
        "mean": [7.93186416104e-007, 2.75847123703e-005, 0.000185253098607, 0.000166504687513, 0.000371618603822, 0.00289106927812, 0.0012300707167, 0.00194877467584, 0.00143473921344, 0.00396539783105, 0.000309220515192, 0.000112854002509, 0.000566275091842, 6.90194865456e-005, 0.000160234980285, 0.00019941109349, 0.000131074601086, 0.000150708088768, 5.67857714486e-005, 0.000177407957381, 2.61825516645e-005, 1.2172001334e-005, 1.35903546834e-005, 1.24491234601e-005, 4.23622577728e-006, 1.22513142742e-006, 5.93709508223e-008],
        "var": [1.42599126951e-011, 1.19662297848e-008, 3.17274555073e-007, 4.02585044412e-007, 4.53706070402e-006, 8.49501957418e-005, 3.13957825711e-005, 8.83156171767e-005, 2.64143145614e-005, 0.00137799954973, 3.61392653758e-006, 1.44853842698e-007, 7.65819186199e-006, 8.79268000631e-008, 6.79833931372e-007, 1.24064911233e-006, 3.38462712079e-007, 2.27931792551e-007, 3.02317992862e-008, 3.00077886095e-007, 6.33128971472e-009, 2.00592187305e-009, 9.6877539324e-010, 1.00438479755e-009, 2.19824075609e-010, 2.76436790125e-011, 1.60787886911e-013]
    },
    "erbbands": {
        "mean": [0.000465597113362, 0.0100998999551, 0.147929996252, 0.490386039019, 0.473852872849, 1.3825032711, 6.46754550934, 33.0149688721, 18.2155799866, 40.1967086792, 28.939994812, 36.2213249207, 93.207321167, 71.30809021, 9.00411224365, 5.55565643311, 20.4127788544, 10.9345617294, 7.95691633224, 9.44563770294, 8.81296062469, 8.85525894165, 7.89385938644, 5.30317163467, 3.52423191071, 8.60228919983, 2.90647697449, 0.667165338993, 0.456122279167, 0.365860819817, 0.389613300562, 0.322771012783, 0.164109036326, 0.0659436136484, 0.0212954506278, 0.00686735194176, 0.00202335766517, 0.000308691640384, 1.61745483638e-005, 1.70864623215e-005],
        "var": [5.20700177731e-006, 0.00112282368354, 0.197369456291, 2.80398249626, 3.54613256454, 86.9250946045, 1596.86987305, 11808.8388672, 2510.81518555, 51097.78125, 10762.5830078, 17207.1777344, 728491.875, 281192.5, 865.149841309, 347.607757568, 8654.35253906, 3692.24584961, 1355.47583008, 3181.41601563, 1706.93933105, 1572.31079102, 724.990600586, 241.355697632, 85.2531738281, 824.391418457, 71.843132019, 4.15437602997, 2.89285182953, 1.25853657722, 0.753691136837, 0.606613099575, 0.228006273508, 0.046292424202, 0.00738246552646, 0.00082374655176, 7.94419029262e-005, 2.78932179754e-006, 5.42460254493e-009, 2.61280153069e-009]
    },
    "gfcc": {
        "mean": [-162.46232605, 96.2071990967, -128.752639771, 14.6483888626, -88.0277709961, -9.53350353241, -40.406879425, 0.35637319088, -25.4936943054, -5.76934146881, -5.04965686798, -12.8030023575, -10.8746852875],
        "cov": [[10753.2871094, -1205.3515625, -2310.62475586, -446.703643799, 2.01961708069, 136.304595947, 104.993179321, 593.011779785, 76.1014404297, -201.601135254, 174.624664307, -90.3879013062, 45.240650177], [-1205.3515625, 1004.24255371, 245.815414429, -322.850097656, 14.7831220627, -165.434692383, 55.5926246643, -147.323028564, 47.199848175, -137.780792236, 128.141601563, -73.8649215698, 2.25043034554], [-2310.62475586, 245.815414429, 1662.69140625, 561.953979492, -185.346176147, 65.9780273438, -108.254325867, -225.845703125, -135.0025177, 158.149032593, -295.834686279, 201.223022461, -92.0501937866], [-446.703643799, -322.850097656, 561.953979492, 951.864074707, 124.654075623, 27.0043087006, -176.31149292, -26.6674537659, -57.1526794434, 87.5581665039, -288.857574463, 145.540390015, 72.0970840454], [2.01961708069, 14.7831220627, -185.346176147, 124.654075623, 295.371490479, 40.6990890503, -12.2256240845, 42.586856842, 5.41098308563, -4.25891256332, -36.1663284302, -26.9819736481, 38.9927139282], [136.304595947, -165.434692383, 65.9780273438, 27.0043087006, 40.6990890503, 349.628295898, 157.749633789, 34.4581489563, -95.6917724609, 99.1025695801, -92.6114578247, -45.1330947876, -125.691772461], [104.993179321, 55.5926246643, -108.254325867, -176.31149292, -12.2256240845, 157.749633789, 295.580047607, 43.2941894531, -93.6106414795, 23.0539608002, 20.3078327179, -77.9158782959, -112.767318726], [593.011779785, -147.323028564, -225.845703125, -26.6674537659, 42.586856842, 34.4581489563, 43.2941894531, 202.834823608, 74.7733688354, -17.2212696075, -37.5939445496, -55.3767356873, 7.78102779388], [76.1014404297, 47.199848175, -135.0025177, -57.1526794434, 5.41098308563, -95.6917724609, -93.6106414795, 74.7733688354, 243.143966675, -31.1219844818, 55.3640899658, -32.1888771057, 50.2112007141], [-201.601135254, -137.780792236, 158.149032593, 87.5581665039, -4.25891256332, 99.1025695801, 23.0539608002, -17.2212696075, -31.1219844818, 176.409469604, -27.2288990021, 18.9193496704, -70.1204147339], [174.624664307, 128.141601563, -295.834686279, -288.857574463, -36.1663284302, -92.6114578247, 20.3078327179, -37.5939445496, 55.3640899658, -27.2288990021, 356.945648193, 4.30587768555, -9.4601392746], [-90.3879013062, -73.8649215698, 201.223022461, 145.540390015, -26.9819736481, -45.1330947876, -77.9158782959, -55.3767356873, -32.1888771057, 18.9193496704, 4.30587768555, 190.003341675, 57.3835105896], [45.240650177, 2.25043034554, -92.0501937866, 72.0970840454, 38.9927139282, -125.691772461, -112.767318726, 7.78102779388, 50.2112007141, -70.1204147339, -9.4601392746, 57.3835105896, 202.304718018]],
        "icov": [[0.000176319023012, -1.76405808361e-006, 0.000325918692397, -7.10407257429e-005, 0.000268797099125, -0.000151217536768, 0.000194943102542, -0.000352820759872, 0.000152350738063, 0.000117520132335, 6.05422756053e-005, -0.000274100631941, 0.000194177002413], [-1.76405808361e-006, 0.00303575955331, -0.00163681106642, 0.00130277290009, -0.00212730607018, 0.0014683305053, -0.00185905455146, 0.00212070299312, -0.00123026024085, 0.00210321391933, -0.000576724472921, 0.00155497167725, -0.000471648701932], [0.000325918692397, -0.00163681106642, 0.00286031048745, -0.00132686900906, 0.00244745798409, -0.00103163195308, 0.001334860106, -0.000479252659716, 0.000595594290644, -0.00122532376554, 0.0014599992428, -0.00224795285612, 0.00150284578558], [-7.10407257429e-005, 0.00130277290009, -0.00132686900906, 0.00278009637259, -0.00208897492848, 0.000742196978536, 8.83955726749e-006, 0.000586326117627, -0.000204594252864, 0.000210795173189, 0.000793607905507, -0.000102945443359, -0.000556817627512], [0.000268797099125, -0.00212730607018, 0.00244745798409, -0.00208897492848, 0.00653811683878, -0.00215942086652, 0.00183114723768, -0.00191018253099, 0.00116426532622, -0.00128795451019, 0.000491404556669, -0.000707180763129, -0.000197823479539], [-0.000151217536768, 0.0014683305053, -0.00103163195308, 0.000742196978536, -0.00215942086652, 0.00648463703692, -0.00297719496302, 0.000687645282596, 7.9087119957e-005, -0.00107577792369, 0.000930861569941, 0.000901250459719, 0.00143810338341], [0.000194943102542, -0.00185905455146, 0.001334860106, 8.83955726749e-006, 0.00183114723768, -0.00297719496302, 0.00840316619724, -0.00370911159553, 0.00377957569435, -0.000773754029069, -0.000362748512998, -6.26849168839e-006, 0.00198388425633], [-0.000352820759872, 0.00212070299312, -0.000479252659716, 0.000586326117627, -0.00191018253099, 0.000687645282596, -0.00370911159553, 0.01068811398, -0.00466955034062, 0.00147075287532, 0.00161008152645, 0.00144479423761, -0.000720680807717], [0.000152350738063, -0.00123026024085, 0.000595594290644, -0.000204594252864, 0.00116426532622, 7.9087119957e-005, 0.00377957569435, -0.00466955034062, 0.00779398111627, -0.00121512787882, -0.00119457929395, 0.00104415626265, -0.000272994220722], [0.000117520132335, 0.00210321391933, -0.00122532376554, 0.000210795173189, -0.00128795451019, -0.00107577792369, -0.000773754029069, 0.00147075287532, -0.00121512787882, 0.0097428848967, -0.000880278996192, -0.000100191617094, 0.00207547005266], [6.05422756053e-005, -0.000576724472921, 0.0014599992428, 0.000793607905507, 0.000491404556669, 0.000930861569941, -0.000362748512998, 0.00161008152645, -0.00119457929395, -0.000880278996192, 0.00550101604313, -0.0024410483893, 0.00153488025535], [-0.000274100631941, 0.00155497167725, -0.00224795285612, -0.000102945443359, -0.000707180763129, 0.000901250459719, -6.26849168839e-006, 0.00144479423761, 0.00104415626265, -0.000100191617094, -0.0024410483893, 0.0100471125916, -0.00356284622103], [0.000194177002413, -0.000471648701932, 0.00150284578558, -0.000556817627512, -0.000197823479539, 0.00143810338341, 0.00198388425633, -0.000720680807717, -0.000272994220722, 0.00207547005266, 0.00153488025535, -0.00356284622103, 0.0097217913717]]
    },
    "melbands": {
        "mean": [5.713839073e-006, 5.66835806239e-005, 8.1350794062e-005, 5.52165911358e-005, 0.000188865931705, 0.000663711107336, 0.000279317464447, 0.000471594306873, 0.000212348953937, 0.000222432834562, 0.000512589002028, 0.000365360552678, 3.14336502925e-005, 1.2756848264e-005, 2.41100533458e-005, 5.68056311749e-005, 1.43589741128e-005, 1.21927696455e-005, 1.06310308183e-005, 1.62937649293e-005, 7.43655027691e-006, 9.30263286136e-006, 5.3580633903e-006, 8.89418515726e-006, 3.72202475774e-006, 2.21320988203e-006, 4.14211035604e-006, 6.2983749558e-006, 2.43198519456e-006, 4.73131393619e-007, 3.23521419432e-007, 2.73488637959e-007, 1.95563970351e-007, 2.1035864961e-007, 2.22456549182e-007, 2.33196274735e-007, 1.78132708584e-007, 1.11544594006e-007, 9.37004358548e-008, 4.36232916456e-008],
        "var": [6.12100481412e-010, 2.82635195248e-008, 7.98364894194e-008, 1.26500083297e-007, 1.19218589134e-006, 4.56424868389e-006, 6.57469911403e-007, 6.43501243758e-006, 4.90660568175e-007, 7.92371906755e-007, 2.30340610869e-005, 8.64040976012e-006, 2.4006668653e-008, 1.57780732923e-009, 1.29860762144e-008, 9.55456158636e-008, 7.40215266859e-009, 4.06483868787e-009, 4.08272349262e-009, 1.09816484795e-008, 1.54462309609e-009, 2.23270824051e-009, 3.16432907654e-010, 9.78861214307e-010, 1.28302563018e-010, 4.86621992701e-011, 1.84772031009e-010, 6.17155493376e-010, 5.64359149691e-011, 2.24730108654e-012, 1.33443093814e-012, 1.19589396979e-012, 5.00605850176e-013, 4.36651637157e-013, 2.49787685111e-013, 3.45717622282e-013, 1.86886232401e-013, 1.09667598624e-013, 8.87646550772e-014, 2.42569720956e-014]
    },
    "mfcc": {
        "mean": [-804.250427246, 118.658126831, 5.15805149078, 13.58959198, -16.9148426056, -18.5532169342, -7.27611637115, -9.40519618988, -18.299621582, 5.40580606461, -11.7248373032, -4.42884492874, -4.96907424927],
        "cov": [[10148.5078125, -851.196289063, -2255.72827148, -313.398101807, -24.5382976532, -485.797363281, 96.0581588745, 464.300811768, -39.8234329224, 394.372528076, -297.452178955, 193.512039185, 110.755104065], [-851.196289063, 1029.92321777, 79.2819671631, -271.064178467, -133.465896606, -86.3789672852, 32.2810401917, -15.637093544, -148.676452637, -24.1062755585, 83.8537826538, -39.8527984619, -71.3694152832], [-2255.72827148, 79.2819671631, 1492.04748535, 335.336273193, -109.67527771, 361.590881348, -85.8836517334, -125.259803772, 132.554367065, -339.146484375, 138.675109863, 12.2610330582, -19.1425857544], [-313.398101807, -271.064178467, 335.336273193, 570.657531738, 177.373703003, 101.91885376, -109.225532532, -31.4441833496, 159.067352295, -145.59046936, -92.6008605957, -5.3384308815, 18.272321701], [-24.5382976532, -133.465896606, -109.67527771, 177.373703003, 366.921813965, -53.8719940186, -135.106765747, -5.46861219406, 78.2981262207, 29.2123165131, -117.335494995, -11.8784990311, 22.8804645538], [-485.797363281, -86.3789672852, 361.590881348, 101.91885376, -53.8719940186, 381.092376709, 121.989730835, -32.178691864, 84.6479873657, -75.6012420654, 108.373161316, -32.3426589966, -37.2138442993], [96.0581588745, 32.2810401917, -85.8836517334, -109.225532532, -135.106765747, 121.989730835, 333.017333984, 40.1006584167, -45.2287254333, 62.8592262268, 88.1553115845, -14.3556509018, -9.40417957306], [464.300811768, -15.637093544, -125.259803772, -31.4441833496, -5.46861219406, -32.178691864, 40.1006584167, 155.443084717, 14.782169342, 43.500087738, -0.424499720335, -11.4770994186, 12.7663946152], [-39.8234329224, -148.676452637, 132.554367065, 159.067352295, 78.2981262207, 84.6479873657, -45.2287254333, 14.782169342, 323.785614014, -6.0040063858, -14.4555425644, -21.49949646, -54.1193885803], [394.372528076, -24.1062755585, -339.146484375, -145.59046936, 29.2123165131, -75.6012420654, 62.8592262268, 43.500087738, -6.0040063858, 275.450927734, 31.9519729614, -2.27154898643, 18.1525535583], [-297.452178955, 83.8537826538, 138.675109863, -92.6008605957, -117.335494995, 108.373161316, 88.1553115845, -0.424499720335, -14.4555425644, 31.9519729614, 217.205993652, 21.8900279999, -9.38327121735], [193.512039185, -39.8527984619, 12.2610330582, -5.3384308815, -11.8784990311, -32.3426589966, -14.3556509018, -11.4770994186, -21.49949646, -2.27154898643, 21.8900279999, 162.541397095, 55.8677558899], [110.755104065, -71.3694152832, -19.1425857544, 18.272321701, 22.8804645538, -37.2138442993, -9.40417957306, 12.7663946152, -54.1193885803, 18.1525535583, -9.38327121735, 55.8677558899, 145.248794556]],
        "icov": [[0.000199753354536, 0.00011913736671, 0.000322601757944, -2.69431675406e-005, 0.000226652322453, -9.67373562162e-005, 0.000110753484478, -0.000411281682318, -4.05665814469e-005, 7.33491033316e-005, 0.000152402513777, -0.000291907257633, 3.2801523048e-005], [0.00011913736671, 0.00142872903962, -0.000110474327812, 0.000568599498365, 9.51464062382e-006, 0.000610442541074, -0.00010097015911, -0.00021094676049, 0.000390441680793, 0.00034671658068, -0.000349320529494, 0.000198384732357, 0.000695264840033], [0.000322601757944, -0.000110474327812, 0.00205472414382, -0.000648112560157, 0.000873836048413, -0.00113211246207, 0.000857638835441, -0.000176406814717, -0.000436436472228, 0.00123152672313, -0.000597272301093, -0.000482692412334, -0.000474069616757], [-2.69431675406e-005, 0.000568599498365, -0.000648112560157, 0.00353647605516, -0.00137870025355, -0.000239973669522, -9.57533702604e-005, 7.16426147847e-005, -0.000860636180732, 0.00117716460954, 0.000806371215731, 0.000174562839675, -0.000570010219235], [0.000226652322453, 9.51464062382e-006, 0.000873836048413, -0.00137870025355, 0.00494014564902, -0.000702803139575, 0.00171219848562, -0.000239476838033, -0.000463476579171, -0.00120712758508, 0.00161904515699, -0.000121278746519, -0.000576494785491], [-9.67373562162e-005, 0.000610442541074, -0.00113211246207, -0.000239973669522, -0.000702803139575, 0.00575989112258, -0.00254280702211, 0.00107047450729, -0.000801081012469, 0.000961718382314, -0.00227378774434, 0.00132785562892, 0.000506110314745], [0.000110753484478, -0.00010097015911, 0.000857638835441, -9.57533702604e-005, 0.00171219848562, -0.00254280702211, 0.00526073295623, -0.00127716432326, 0.000662876758724, -0.00100590183865, -0.00014111593191, -0.000114227899758, -6.98098156136e-005], [-0.000411281682318, -0.00021094676049, -0.000176406814717, 7.16426147847e-005, -0.000239476838033, 0.00107047450729, -0.00127716432326, 0.00842536985874, -0.00105346424971, -0.000165716948686, -0.000727615784854, 0.00155121088028, -0.00134900095873], [-4.05665814469e-005, 0.000390441680793, -0.000436436472228, -0.000860636180732, -0.000463476579171, -0.000801081012469, 0.000662876758724, -0.00105346424971, 0.00467630848289, -0.00112722732592, 0.000185547483852, -0.000264112110017, 0.0022736384999], [7.33491033316e-005, 0.00034671658068, 0.00123152672313, 0.00117716460954, -0.00120712758508, 0.000961718382314, -0.00100590183865, -0.000165716948686, -0.00112722732592, 0.00664921524003, -0.00219892337918, 0.000562269298825, -0.00109467247967], [0.000152402513777, -0.000349320529494, -0.000597272301093, 0.000806371215731, 0.00161904515699, -0.00227378774434, -0.00014111593191, -0.000727615784854, 0.000185547483852, -0.00219892337918, 0.00827178824693, -0.00182723323815, 0.000330336217303], [-0.000291907257633, 0.000198384732357, -0.000482692412334, 0.000174562839675, -0.000121278746519, 0.00132785562892, -0.000114227899758, 0.00155121088028, -0.000264112110017, 0.000562269298825, -0.00182723323815, 0.00819115620106, -0.00298726093024], [3.2801523048e-005, 0.000695264840033, -0.000474069616757, -0.000570010219235, -0.000576494785491, 0.000506110314745, -6.98098156136e-005, -0.00134900095873, 0.0022736384999, -0.00109467247967, 0.000330336217303, -0.00298726093024, 0.00969941634685]]
    },
    "spectral_contrast_coeffs": {
        "mean": [-0.643418729305, -0.647238910198, -0.720850408077, -0.760805308819, -0.776393890381, -0.793422996998],
        "var": [0.00693321367726, 0.0183872673661, 0.0164816621691, 0.0112066781148, 0.00681483652443, 0.00109379191417]
    },
    "spectral_contrast_valleys": {
        "mean": [-9.6552066803, -8.11971282959, -9.0629491806, -9.73659038544, -9.35064220428, -11.7729787827],
        "var": [0.939483344555, 0.933966398239, 1.07938706875, 1.17688441277, 1.29773950577, 1.29117691517]
    }
},
"metadata": {
    "audio_properties": {
        "analysis_sample_rate": 44100,
        "bit_rate": 128074,
        "equal_loudness": 0,
        "length": 45.0612258911,
        "lossless": 0,
        "replay_gain": -8.14287948608,
        "sample_rate": 44100,
        "codec": "mp3",
        "downmix": "mix",
        "md5_encoded": "38b9afecd6973f4fbe30735a5aac03f6"
    },
    "tags": {
        "file_name": "1006.mp3"
    },
    "version": {
        "essentia": "2.1-beta2",
        "essentia_git_sha": "v2.1_beta2",
        "extractor": "music 1.0"
    }
},
"rhythm": {
    "beats_count": 129,
    "beats_loudness": {
        "mean": 0.017817851156,
        "var": 0.00174617301673
    },
    "bpm": 172.265579224,
    "bpm_histogram_first_peak_bpm": {
        "mean": 172,
        "var": 0
    },
    "bpm_histogram_first_peak_spread": {
        "mean": 0,
        "var": 0
    },
    "bpm_histogram_first_peak_weight": {
        "mean": 0.6171875,
        "var": 0
    },
    "bpm_histogram_second_peak_bpm": {
        "mean": 178,
        "var": 0
    },
    "bpm_histogram_second_peak_spread": {
        "mean": 0,
        "var": 0
    },
    "bpm_histogram_second_peak_weight": {
        "mean": 0.265625,
        "var": 0
    },
    "danceability": 1.07259523869,
    "onset_rate": 4.769135952,
    "beats_loudness_band_ratio": {
        "mean": [0.14694160223, 0.283050328493, 0.394753664732, 0.125443160534, 0.0410715080798, 0.0407002680004],
        "var": [0.0327887274325, 0.0768182501197, 0.0866386815906, 0.0392963029444, 0.00461436016485, 0.00475971354172]
    },
    "beats_position": [0.325079351664, 0.650158703327, 0.975238084793, 1.30031740665, 1.64861679077, 1.99691605568, 2.34521532059, 2.69351458549, 3.04181408882, 3.39011335373, 3.73841261864, 4.07510185242, 4.41179132462, 4.76009082794, 5.10838985443, 5.45668935776, 5.79337835312, 6.14167785645, 6.48997735977, 6.84988641739, 7.19818592072, 7.5464849472, 7.90639448166, 8.26630401611, 8.6146030426, 8.96290206909, 9.31120204926, 9.64789104462, 9.98458003998, 10.3444900513, 10.6927890778, 11.0410881042, 11.3777770996, 11.7144670486, 12.051156044, 12.3994560242, 12.7477550507, 13.0960540771, 13.4443531036, 13.7926530838, 14.1293420792, 14.4660310745, 14.8027210236, 15.1394100189, 15.4877090454, 15.8360090256, 16.1843090057, 16.5326080322, 16.8692970276, 17.2059860229, 17.5426750183, 17.8793640137, 18.2276649475, 18.575963974, 18.9242630005, 19.272562027, 19.6208610535, 19.96916008, 20.3058490753, 20.642539978, 20.9908390045, 21.339138031, 21.6874370575, 22.0241260529, 22.3608150482, 22.7091159821, 23.0574150085, 23.405714035, 23.7424030304, 24.0907020569, 24.4273910522, 24.7756919861, 25.1239910126, 25.4722900391, 25.8205890656, 26.168888092, 26.5171871185, 26.8538761139, 27.1905670166, 27.5388660431, 27.8639450073, 28.2122440338, 28.5605430603, 28.9088420868, 29.2571430206, 29.6054420471, 29.9537410736, 30.3020401001, 30.6503391266, 30.9986381531, 31.3469390869, 31.6952381134, 32.0435371399, 32.391834259, 32.7285270691, 33.0652160645, 33.4135131836, 33.7618141174, 34.1101112366, 34.4584121704, 34.8067131042, 35.1550102234, 35.5033111572, 35.8516082764, 36.1999092102, 36.5482063293, 36.8965072632, 37.244808197, 37.5931053162, 37.9297943115, 38.2664833069, 38.6147842407, 38.9630813599, 39.2997741699, 39.6364631653, 39.9847602844, 40.3214492798, 40.6581382751, 41.0296592712, 41.3779602051, 41.7378692627, 42.0977783203, 42.4460754395, 42.7827644348, 43.1194534302, 43.4793624878, 43.8508834839, 44.22240448, 44.6055335999]
},
"tonal": {
    "chords_changes_rate": 0.130658432841,
    "chords_number_rate": 0.0174897126853,
    "chords_strength": {
        "mean": 0.461058646441,
        "var": 0.0106539223343
    },
    "hpcp_entropy": {
        "mean": 1.44233250618,
        "var": 1.04809272289
    },
    "key_strength": 0.723853766918,
    "tuning_diatonic_strength": 0.573663175106,
    "tuning_equal_tempered_deviation": 0.252356350422,
    "tuning_frequency": 438.731048584,
    "tuning_nontempered_energy_ratio": 0.920914471149,
    "hpcp": {
        "mean": [0.0945257693529, 0.0814838930964, 0.0748405531049, 0.112549319863, 0.142939284444, 0.116587422788, 0.085390612483, 0.0855424851179, 0.0957682132721, 0.0979481041431, 0.112444609404, 0.131988033652, 0.128868058324, 0.099182613194, 0.0854201465845, 0.0955141782761, 0.0949994549155, 0.0858364626765, 0.0934034213424, 0.108934871852, 0.124672554433, 0.124443024397, 0.0971796214581, 0.0824843496084, 0.112312749028, 0.191075608134, 0.204684540629, 0.16285559535, 0.123450994492, 0.067828565836, 0.0389789454639, 0.0322235785425, 0.0456936173141, 0.0621428266168, 0.0721422657371, 0.0890940651298],
        "var": [0.0484437011182, 0.0397392548621, 0.0314928479493, 0.0488581396639, 0.0706355795264, 0.0479089356959, 0.0325891152024, 0.0381490141153, 0.0464226491749, 0.0477833077312, 0.0538794286549, 0.0628007277846, 0.0666596665978, 0.0470465235412, 0.0415412411094, 0.044844776392, 0.0486872605979, 0.0384649001062, 0.0489417053759, 0.0557342730463, 0.0682518109679, 0.0647835582495, 0.0483277738094, 0.0357765927911, 0.0474430695176, 0.107607603073, 0.108137011528, 0.0735085383058, 0.0559115149081, 0.0212289839983, 0.0102419918403, 0.00782097689807, 0.0185725484043, 0.0307770017534, 0.0292329583317, 0.0477447621524]
    },
    "chords_histogram": [17.7983531952, 1.54320991039, 16.1522636414, 7.61316871643, 2.77777767181, 0, 0, 12.551440239, 2.16049385071, 6.27572011948, 1.23456788063, 0.823045253754, 0.411522626877, 0, 2.26337456703, 0, 5.34979438782, 2.26337456703, 1.02880656719, 0.514403283596, 3.49794244766, 5.65843629837, 5.14403295517, 4.93827152252],
    "thpcp": [1, 0.795641899109, 0.6031280756, 0.331380993128, 0.190434247255, 0.157430440187, 0.223239213228, 0.303602933884, 0.352455854416, 0.435275018215, 0.461811959743, 0.398095011711, 0.365638524294, 0.549867212772, 0.698339402676, 0.569595634937, 0.417181551456, 0.417923539877, 0.46788200736, 0.478532016277, 0.549355626106, 0.644836366177, 0.629593491554, 0.484563291073, 0.417325824499, 0.466640889645, 0.464126199484, 0.419359773397, 0.45632866025, 0.532208621502, 0.609096109867, 0.60797470808, 0.474777519703, 0.402982801199, 0.548711419106, 0.933512628078],
    "chords_key": "A#",
    "chords_scale": "minor",
    "key_key": "A#",
    "key_scale": "minor"
}
}