{
"lowlevel": {
    "average_loudness": 0.342329859734,
    "barkbands_crest": {
        "mean": 14.6636190414,
        "var": 32.9435348511
    },
    "barkbands_flatness_db": {
        "mean": 0.209705367684,
        "var": 0.00813918560743
    },
    "barkbands_kurtosis": {
        "mean": 20.8852806091,
        "var": 2296.54077148
    },
    "barkbands_skewness": {
        "mean": 2.78697776794,
        "var": 5.84969139099
    },
    "barkbands_spread": {
        "mean": 14.3263711929,
        "var": 240.099121094
    },
    "dissonance": {
        "mean": 0.416262626648,
        "var": 0.00522758439183
    },
    "dynamic_complexity": 7.50148296356,
    "erbbands_crest": {
        "mean": 14.313952446,
        "var": 59.6938362122
    },
    "erbbands_flatness_db": {
        "mean": 0.212073653936,
        "var": 0.00812129676342
    },
    "erbbands_kurtosis": {
        "mean": 6.73083782196,
        "var": 362.974395752
    },
    "erbbands_skewness": {
        "mean": 1.39966070652,
        "var": 3.25491952896
    },
    "erbbands_spread": {
        "mean": 36.691608429,
        "var": 740.500549316
    },
    "hfc": {
        "mean": 8.8245344162,
        "var": 258.030303955
    },
    "melbands_crest": {
        "mean": 18.7447891235,
        "var": 34.7604560852
    },
    "melbands_flatness_db": {
        "mean": 0.265654265881,
        "var": 0.00879816804081
    },
    "melbands_kurtosis": {
        "mean": 34.028087616,
        "var": 2115.84033203
    },
    "melbands_skewness": {
        "mean": 3.59771609306,
        "var": 6.21873521805
    },
    "melbands_spread": {
        "mean": 14.5312948227,
        "var": 457.013153076
    },
    "pitch_salience": {
        "mean": 0.4645396173,
        "var": 0.0283734686673
    },
    "silence_rate_20dB": {
        "mean": 1,
        "var": 0
    },
    "silence_rate_30dB": {
        "mean": 0.984037101269,
        "var": 0.0157081726938
    },
    "silence_rate_60dB": {
        "mean": 0.475283205509,
        "var": 0.249388366938
    },
    "spectral_centroid": {
        "mean": 1001.97314453,
        "var": 479388.4375
    },
    "spectral_complexity": {
        "mean": 5.48609685898,
        "var": 35.7697753906
    },
    "spectral_decrease": {
        "mean": -3.67200803097e-009,
        "var": 6.22168993164e-017
    },
    "spectral_energy": {
        "mean": 0.0146594159305,
        "var": 0.000961007550359
    },
    "spectral_energyband_high": {
        "mean": 0.000210184662137,
        "var": 3.33834293542e-007
    },
    "spectral_energyband_low": {
        "mean": 0.00360555830412,
        "var": 0.00028683320852
    },
    "spectral_energyband_middle_high": {
        "mean": 0.00178784015588,
        "var": 1.67415873875e-005
    },
    "spectral_energyband_middle_low": {
        "mean": 0.0103889871389,
        "var": 0.000518182991073
    },
    "spectral_entropy": {
        "mean": 6.99301862717,
        "var": 0.850854754448
    },
    "spectral_flux": {
        "mean": 0.0617280192673,
        "var": 0.00508456677198
    },
    "spectral_kurtosis": {
        "mean": 6.11920118332,
        "var": 36.6219673157
    },
    "spectral_rms": {
        "mean": 0.00269004027359,
        "var": 7.06555101715e-006
    },
    "spectral_rolloff": {
        "mean": 1139.14147949,
        "var": 2656367.25
    },
    "spectral_skewness": {
        "mean": 1.76404416561,
        "var": 0.682017743587
    },
    "spectral_spread": {
        "mean": 4563244.5,
        "var": 3.10888182579e+012
    },
    "spectral_strongpeak": {
        "mean": 1.00497853756,
        "var": 2.16597795486
    },
    "zerocrossingrate": {
        "mean": 0.0481930077076,
        "var": 0.0019245040603
    },
    "barkbands": {
        "mean": [3.92858637497e-005, 0.000357752200216, 0.00198869989254, 0.00184395432007, 0.000761050148867, 0.00222438271157, 0.00189907918684, 0.00111305934843, 0.00222270027734, 0.000602146727033, 0.000216829546844, 0.00030952488305, 0.000176456727786, 0.000133666777401, 0.000128644096549, 0.000117874093121, 0.000106242077891, 9.33966803132e-005, 7.18707378837e-005, 8.00421548774e-005, 4.52819949714e-005, 3.8186317397e-005, 3.51278977178e-005, 2.63459915004e-005, 1.47715818457e-005, 1.06453044282e-005, 2.40921622208e-006],
        "var": [9.27796008909e-008, 8.10543133412e-006, 7.87352619227e-005, 0.00010057532927, 6.26533528703e-006, 3.93828995584e-005, 5.41880945093e-005, 4.36039117631e-005, 0.00015462502779, 7.664113582e-006, 1.15291379643e-006, 3.17485773849e-006, 8.46787088449e-007, 7.50873766719e-007, 2.32303548842e-007, 3.13233016414e-007, 1.18207928779e-007, 4.58457130037e-008, 2.62933195216e-008, 3.03397165169e-008, 1.63090216887e-008, 1.51653942737e-008, 1.04688915314e-008, 5.29262056403e-009, 3.47376261089e-009, 5.21416909649e-009, 5.94930715803e-010]
    },
    "erbbands": {
        "mean": [0.0103868693113, 0.105897322297, 1.51300525665, 5.50223016739, 3.49666905403, 2.68651628494, 6.3245472908, 21.2578010559, 33.6352310181, 16.9284763336, 39.086807251, 47.0630111694, 26.2238731384, 13.4448852539, 8.8872718811, 12.5922431946, 8.2960691452, 7.67219018936, 5.24909830093, 7.57083797455, 6.94065380096, 5.73100090027, 5.12983989716, 4.00880432129, 3.96754765511, 3.45799970627, 2.47118830681, 1.50146174431, 1.33061432838, 1.19171488285, 1.01495981216, 0.648962199688, 0.400574564934, 0.173275634646, 0.102840967476, 0.0484197027981, 0.0180630516261, 0.00620318576694, 0.000232124788454, 2.13856219489e-005],
        "var": [0.00834085512906, 0.444244742393, 43.413860321, 822.824584961, 225.578216553, 111.936256409, 276.958343506, 3575.79272461, 17398.7070313, 7068.07958984, 50732.2460938, 72014.9453125, 13464.0019531, 5080.54394531, 1249.83227539, 4471.8203125, 1545.36169434, 2176.41064453, 388.906799316, 1102.10449219, 871.076538086, 296.951416016, 144.655090332, 77.2662658691, 74.44556427, 54.6730537415, 42.7449188232, 17.8369407654, 18.6348800659, 12.5864210129, 9.18472290039, 3.18892407417, 1.43994700909, 0.325091153383, 0.235844418406, 0.0750804319978, 0.0167216900736, 0.00330763380043, 5.21751826454e-006, 3.15811465867e-009]
    },
    "gfcc": {
        "mean": [-151.779953003, 89.2457351685, -115.046165466, 27.2309684753, -75.5001754761, -3.4064655304, -46.7919425964, 2.94768643379, -24.3643875122, -7.07978963852, -10.7584552765, -9.10404491425, -15.3689117432],
        "cov": [[14876.25, -1243.75109863, -1804.4432373, -433.256286621, -541.098388672, 86.8544311523, -22.6295146942, 306.280944824, -148.527145386, 46.6706733704, -38.3344268799, 91.4020309448, -89.4983596802], [-1243.75109863, 1327.77331543, 135.980499268, -227.500305176, 69.0644607544, -133.801544189, 114.219894409, -136.326446533, 82.9897613525, -194.264877319, 215.318862915, -137.764083862, 40.4100608826], [-1804.4432373, 135.980499268, 1423.39111328, 558.421569824, 71.4879379272, 93.3176040649, -88.4243164063, -233.07472229, -143.368682861, 147.625457764, -243.006271362, 125.773338318, -65.4240036011], [-433.256286621, -227.500305176, 558.421569824, 837.739013672, 216.889251709, 133.151275635, -148.220077515, -145.077560425, -104.560317993, 116.932067871, -262.718383789, 76.9501037598, 5.96983242035], [-541.098388672, 69.0644607544, 71.4879379272, 216.889251709, 325.782318115, 104.866325378, 0.469197779894, -17.288230896, -21.5597858429, 15.4962024689, -102.089782715, -29.2882461548, 4.03793811798], [86.8544311523, -133.801544189, 93.3176040649, 133.151275635, 104.866325378, 338.46295166, 143.819595337, -43.3568382263, -128.078979492, 77.5529937744, -97.3321914673, -39.5408706665, -84.4365463257], [-22.6295146942, 114.219894409, -88.4243164063, -148.220077515, 0.469197779894, 143.819595337, 299.017852783, 40.0222091675, -39.9559860229, -4.15432882309, 19.0592556, -69.7105636597, -81.0848312378], [306.280944824, -136.326446533, -233.07472229, -145.077560425, -17.288230896, -43.3568382263, 40.0222091675, 208.879653931, 100.871459961, -22.1499271393, 3.80723333359, -31.2009334564, 3.07035303116], [-148.527145386, 82.9897613525, -143.368682861, -104.560317993, -21.5597858429, -128.078979492, -39.9559860229, 100.871459961, 226.106369019, -28.2551574707, 50.9888153076, -44.488571167, 16.5727138519], [46.6706733704, -194.264877319, 147.625457764, 116.932067871, 15.4962024689, 77.5529937744, -4.15432882309, -22.1499271393, -28.2551574707, 157.320953369, -52.8939628601, 37.5348052979, -57.7980003357], [-38.3344268799, 215.318862915, -243.006271362, -262.718383789, -102.089782715, -97.3321914673, 19.0592556, 3.80723333359, 50.9888153076, -52.8939628601, 348.563903809, 24.9877929688, 6.27656316757], [91.4020309448, -137.764083862, 125.773338318, 76.9501037598, -29.2882461548, -39.5408706665, -69.7105636597, -31.2009334564, -44.488571167, 37.5348052979, 24.9877929688, 160.130172729, 39.4814338684], [-89.4983596802, 40.4100608826, -65.4240036011, 5.96983242035, 4.03793811798, -84.4365463257, -81.0848312378, 3.07035303116, 16.5727138519, -57.7980003357, 6.27656316757, 39.4814338684, 150.472320557]],
        "icov": [[0.000104931430542, -5.56323720957e-005, 0.000222148912144, -4.95914428029e-005, 0.000241493049543, -9.88996325759e-005, 0.000145794037962, -0.000120671735203, 0.000145664860611, -3.48508765455e-005, 0.000186031815247, -0.000233073486015, 0.000218921311898], [-5.56323720957e-005, 0.002175840782, -0.000943473482039, 0.000510123907588, -0.00130849785637, 0.00114279601257, -0.00151207088493, 0.00218249880709, -0.0009309098823, 0.00154483388178, -0.00138723070268, 0.00205579400063, -0.00101645500399], [0.000222148912144, -0.000943473482039, 0.0020417002961, -0.000769771344494, 0.0011008575093, -0.000343993422575, 0.000645098334644, 2.48677461059e-005, 0.000466719036922, -0.000821455032565, 0.00156919565052, -0.00207240972668, 0.00153967994265], [-4.95914428029e-005, 0.000510123907588, -0.000769771344494, 0.00286756735295, -0.00152624386828, -0.000421416771132, 0.000758425216191, 0.00133095413912, -0.000420164113166, -0.000124299549498, 0.000747948011849, -0.00020359174232, -0.000408182590036], [0.000241493049543, -0.00130849785637, 0.0011008575093, -0.00152624386828, 0.00549547979608, -0.0020405058749, 0.00112707598601, -0.00159961113241, 0.000364760053344, -0.000492294435389, 0.00137044943403, -0.000786018616054, 0.000301535998005], [-9.88996325759e-005, 0.00114279601257, -0.000343993422575, -0.000421416771132, -0.0020405058749, 0.00753642152995, -0.00353607162833, 0.00140596926212, 0.00232997629791, -0.00159328721929, -0.000373877206584, 0.00274532358162, 0.000277681043372], [0.000145794037962, -0.00151207088493, 0.000645098334644, 0.000758425216191, 0.00112707598601, -0.00353607162833, 0.00736201507971, -0.00294831581414, 0.00165660528, 2.50692392001e-006, 0.000696728122421, -0.000607751309872, 0.00270492350683], [-0.000120671735203, 0.00218249880709, 2.48677461059e-005, 0.00133095413912, -0.00159961113241, 0.00140596926212, -0.00294831581414, 0.010524363257, -0.00457169674337, 0.00150968402158, 0.000498283479828, 0.000596073863562, -0.000765293953009], [0.000145664860611, -0.0009309098823, 0.000466719036922, -0.000420164113166, 0.000364760053344, 0.00232997629791, 0.00165660528, -0.00457169674337, 0.00892554409802, -0.00204131519422, -0.000475080363685, 0.00233800755814, 0.000479104317492], [-3.48508765455e-005, 0.00154483388178, -0.000821455032565, -0.000124299549498, -0.000492294435389, -0.00159328721929, 2.50692392001e-006, 0.00150968402158, -0.00204131519422, 0.0116865895689, -5.67406568734e-005, -0.00232659466565, 0.00362845812924], [0.000186031815247, -0.00138723070268, 0.00156919565052, 0.000747948011849, 0.00137044943403, -0.000373877206584, 0.000696728122421, 0.000498283479828, -0.000475080363685, -5.67406568734e-005, 0.00596010778099, -0.00388871319592, 0.00205674977042], [-0.000233073486015, 0.00205579400063, -0.00207240972668, -0.00020359174232, -0.000786018616054, 0.00274532358162, -0.000607751309872, 0.000596073863562, 0.00233800755814, -0.00232659466565, -0.00388871319592, 0.0132498545572, -0.00482726376504], [0.000218921311898, -0.00101645500399, 0.00153967994265, -0.000408182590036, 0.000301535998005, 0.000277681043372, 0.00270492350683, -0.000765293953009, 0.000479104317492, 0.00362845812924, 0.00205674977042, -0.00482726376504, 0.0118772629648]]
    },
    "melbands": {
        "mean": [9.36364158406e-005, 0.000588251452427, 0.000887541682459, 0.00019772160158, 0.000197708082851, 0.000488574616611, 0.000481351016788, 0.000171064108144, 0.00038265119656, 0.000273978512269, 0.000122260622447, 5.29454264324e-005, 2.82917826553e-005, 4.17493174609e-005, 1.84395576071e-005, 1.86401121027e-005, 1.32482146e-005, 7.82886036177e-006, 9.9083472378e-006, 8.85811550688e-006, 8.11285281088e-006, 6.15445014773e-006, 4.94200230605e-006, 4.44929810328e-006, 3.04029913423e-006, 2.89189665637e-006, 2.93699758913e-006, 2.15039926843e-006, 1.70852410974e-006, 1.11894939891e-006, 7.82491838436e-007, 6.90134527304e-007, 8.21894275305e-007, 5.95362337208e-007, 5.87139993513e-007, 5.39811765066e-007, 3.34771527832e-007, 2.88843580165e-007, 2.16352987081e-007, 1.22373847944e-007],
        "var": [6.26819144145e-007, 6.54600262351e-006, 1.98420439119e-005, 4.89915521484e-007, 2.57318873764e-007, 2.00264321393e-006, 3.32828312821e-006, 8.64115577315e-007, 5.27605743628e-006, 2.20901688408e-006, 3.23479127928e-007, 9.55789403179e-008, 1.55737929219e-008, 6.58940706444e-008, 7.37741245871e-009, 1.03635171556e-008, 8.34688052009e-009, 1.46887524366e-009, 1.44014189463e-009, 1.7818481135e-009, 1.08742781446e-009, 4.73042549576e-010, 2.02100031155e-010, 1.20393847669e-010, 5.22021245675e-011, 5.21411733234e-011, 3.87855580986e-011, 2.47446473034e-011, 2.13511951175e-011, 1.15302472431e-011, 5.28149312479e-012, 4.84737337075e-012, 8.53468944823e-012, 2.94859904722e-012, 3.19868979394e-012, 2.98480879769e-012, 8.01890075609e-013, 8.32231202355e-013, 4.04879255123e-013, 1.97024945729e-013]
    },
    "mfcc": {
        "mean": [-795.815002441, 110.548957825, 11.1827630997, 21.9994735718, -0.943468749523, -11.292137146, -8.87038898468, -3.10099768639, -14.8295879364, 1.95756065845, -9.61806106567, -3.08273148537, -3.43249130249],
        "cov": [[14149.4394531, -738.874938965, -1704.93505859, -319.260772705, -615.737609863, -232.700714111, -106.855567932, 164.971008301, -187.326721191, 202.17074585, -28.4390926361, -24.211856842, -17.3302726746], [-738.874938965, 1206.42822266, 68.4159698486, -168.950317383, -69.2139434814, -112.012786865, 52.5440292358, 32.0571098328, -128.997634888, 16.8988857269, 1.6360193491, -46.9014587402, -3.2126352787], [-1704.93505859, 68.4159698486, 1115.25927734, 317.94152832, 59.5684547424, 356.810424805, 0.903523683548, -141.445648193, 85.2015686035, -227.723434448, 49.3286399841, 30.4983043671, -50.714263916], [-319.260772705, -168.950317383, 317.94152832, 458.630493164, 199.493225098, 180.950317383, -74.7961807251, -66.4513320923, 111.991973877, -111.747871399, -36.5545730591, 5.01428127289, -38.0931892395], [-615.737609863, -69.2139434814, 59.5684547424, 199.493225098, 354.629608154, 44.5375442505, -68.4167480469, -31.6022930145, 68.2428283691, -20.5920391083, -58.3391113281, -7.67861127853, 2.88167119026], [-232.700714111, -112.012786865, 356.810424805, 180.950317383, 44.5375442505, 482.290374756, 161.131011963, -74.5250701904, 94.5271148682, -81.6089096069, 58.2921180725, -39.8847885132, -75.571144104], [-106.855567932, 52.5440292358, 0.903523683548, -74.7961807251, -68.4167480469, 161.131011963, 294.624450684, 51.2982559204, -31.13530159, 19.2631225586, 41.4622077942, -25.3685646057, -14.5612459183], [164.971008301, 32.0571098328, -141.445648193, -66.4513320923, -31.6022930145, -74.5250701904, 51.2982559204, 144.301193237, -10.2192611694, 57.4165725708, 5.11723947525, -9.29981231689, 19.6046390533], [-187.326721191, -128.997634888, 85.2015686035, 111.991973877, 68.2428283691, 94.5271148682, -31.13530159, -10.2192611694, 281.669921875, 28.1002979279, 2.13703107834, -21.7612476349, -63.5413246155], [202.17074585, 16.8988857269, -227.723434448, -111.747871399, -20.5920391083, -81.6089096069, 19.2631225586, 57.4165725708, 28.1002979279, 187.793945313, 27.7294445038, -6.13448286057, 8.56487464905], [-28.4390926361, 1.6360193491, 49.3286399841, -36.5545730591, -58.3391113281, 58.2921180725, 41.4622077942, 5.11723947525, 2.13703107834, 27.7294445038, 140.751647949, 57.7720680237, 12.8094158173], [-24.211856842, -46.9014587402, 30.4983043671, 5.01428127289, -7.67861127853, -39.8847885132, -25.3685646057, -9.29981231689, -21.7612476349, -6.13448286057, 57.7720680237, 154.298065186, 69.0579071045], [-17.3302726746, -3.2126352787, -50.714263916, -38.0931892395, 2.88167119026, -75.571144104, -14.5612459183, 19.6046390533, -63.5413246155, 8.56487464905, 12.8094158173, 69.0579071045, 129.74420166]],
        "icov": [[0.000108746076876, 3.96298055421e-005, 0.000224465096835, -9.0199704573e-005, 0.000253316800809, -0.000175641587703, 0.000171735911863, -7.06957362127e-005, 7.8311029938e-005, 2.78793741018e-005, 6.11746436334e-005, -5.90653326071e-005, 6.06983885518e-005], [3.96298055421e-005, 0.0010134432232, -0.000262152694631, 0.000282414985122, -3.76890748157e-005, 0.000381134799682, -0.000182431671419, -6.40124198981e-005, 0.000411814835388, -0.000122213939903, -0.000132154455059, 0.000423930643592, 0.000220023706788], [0.000224465096835, -0.000262152694631, 0.00221803993918, -0.000810904661193, 0.00076060538413, -0.00120804517064, 0.000605887034908, 0.000315361481626, -0.000187534227734, 0.00146311603021, -0.000422207842348, -0.000440348667325, 3.98408883484e-005], [-9.0199704573e-005, 0.000282414985122, -0.000810904661193, 0.00485099898651, -0.00204446981661, -0.00128624844365, 0.00118202331942, -0.00075233716052, -0.000635712465737, 0.00119311036542, 0.000974576396402, -0.000904404034372, 0.000639863545075], [0.000253316800809, -3.76890748157e-005, 0.00076060538413, -0.00204446981661, 0.00482877064496, -0.000803653674666, 0.000844091526233, 0.000188072546734, -0.000231471989537, -0.000689926499035, 0.00160345865879, -0.000109576867544, -0.000946886313614], [-0.000175641587703, 0.000381134799682, -0.00120804517064, -0.00128624844365, -0.000803653674666, 0.00623509241268, -0.00406692316756, 0.00260867248289, -0.00110232911538, 0.000796783424448, -0.00282943085767, 0.00215133791789, 0.000476893415907], [0.000171735911863, -0.000182431671419, 0.000605887034908, 0.00118202331942, 0.000844091526233, -0.00406692316756, 0.00683339871466, -0.00318916747347, 0.00124421878718, -0.000412170455093, 0.000471503735753, -0.000401772675104, 0.000267376366537], [-7.06957362127e-005, -6.40124198981e-005, 0.000315361481626, -0.00075233716052, 0.000188072546734, 0.00260867248289, -0.00318916747347, 0.0103069785982, -0.000882491644006, -0.00124005717225, -0.0010308555793, 0.00165829132311, -0.00163990445435], [7.8311029938e-005, 0.000411814835388, -0.000187534227734, -0.000635712465737, -0.000231471989537, -0.00110232911538, 0.00124421878718, -0.000882491644006, 0.00532924104482, -0.0020376346074, 0.000211484235479, -0.000403628888307, 0.00233519612812], [2.78793741018e-005, -0.000122213939903, 0.00146311603021, 0.00119311036542, -0.000689926499035, 0.000796783424448, -0.000412170455093, -0.00124005717225, -0.0020376346074, 0.00924084614962, -0.00278531969525, 0.000915044860449, -0.000276556151221], [6.11746436334e-005, -0.000132154455059, -0.000422207842348, 0.000974576396402, 0.00160345865879, -0.00282943085767, 0.000471503735753, -0.0010308555793, 0.000211484235479, -0.00278531969525, 0.0119913183153, -0.00548808788881, 0.000675695715472], [-5.90653326071e-005, 0.000423930643592, -0.000440348667325, -0.000904404034372, -0.000109576867544, 0.00215133791789, -0.000401772675104, 0.00165829132311, -0.000403628888307, 0.000915044860449, -0.00548808788881, 0.0117802396417, -0.00546162948012], [6.06983885518e-005, 0.000220023706788, 3.98408883484e-005, 0.000639863545075, -0.000946886313614, 0.000476893415907, 0.000267376366537, -0.00163990445435, 0.00233519612812, -0.000276556151221, 0.000675695715472, -0.00546162948012, 0.012503282167]]
    },
    "spectral_contrast_coeffs": {
        "mean": [-0.630461335182, -0.654720425606, -0.754986763, -0.799569308758, -0.807601988316, -0.80111438036],
        "var": [0.00745258806273, 0.0190301313996, 0.0150967407972, 0.00821077916771, 0.00569027522579, 0.00136644218583]
    },
    "spectral_contrast_valleys": {
        "mean": [-9.29950523376, -8.30557727814, -9.08462810516, -9.38974094391, -8.99561786652, -11.4268102646],
        "var": [1.3907456398, 1.65561628342, 1.67438733578, 1.59854674339, 1.70783019066, 1.81668961048]
    }
},
"metadata": {
    "audio_properties": {
        "analysis_sample_rate": 44100,
        "bit_rate": 128074,
        "equal_loudness": 0,
        "length": 45.0612258911,
        "lossless": 0,
        "replay_gain": -8.67244911194,
        "sample_rate": 44100,
        "codec": "mp3",
        "downmix": "mix",
        "md5_encoded": "c5b01f131faecebd94d10e5a404d6c45"
    },
    "tags": {
        "file_name": "1007.mp3"
    },
    "version": {
        "essentia": "2.1-beta2",
        "essentia_git_sha": "v2.1_beta2",
        "extractor": "music 1.0"
    }
},
"rhythm": {
    "beats_count": 100,
    "beats_loudness": {
        "mean": 0.0176804028451,
        "var": 0.000427732797107
    },
    "bpm": 133.589508057,
    "bpm_histogram_first_peak_bpm": {
        "mean": 133,
        "var": 0
    },
    "bpm_histogram_first_peak_spread": {
        "mean": 0.528089880943,
        "var": 0
    },
    "bpm_histogram_first_peak_weight": {
        "mean": 0.424242436886,
        "var": 0
    },
    "bpm_histogram_second_peak_bpm": {
        "mean": 140,
        "var": 0
    },
    "bpm_histogram_second_peak_spread": {
        "mean": 0.111111141741,
        "var": 0
    },
    "bpm_histogram_second_peak_weight": {
        "mean": 0.0808080807328,
        "var": 0
    },
    "danceability": 1.20130360126,
    "onset_rate": 4.43640565872,
    "beats_loudness_band_ratio": {
        "mean": [0.359637290239, 0.286205530167, 0.20878739655, 0.0834029167891, 0.0581995248795, 0.0456307046115],
        "var": [0.0444476269186, 0.0345653891563, 0.0461833961308, 0.0182260181755, 0.00701743504032, 0.000841609900817]
    },
    "beats_position": [0.383129239082, 0.777868449688, 1.19582760334, 1.62539684772, 2.06657600403, 2.50775504112, 2.94893407822, 3.40172338486, 3.85451245308, 4.29569149017, 4.74848079681, 5.20126962662, 5.65405893326, 6.10684776306, 6.5596370697, 7.01242637634, 7.46521520615, 7.91800451279, 8.37079334259, 8.82358264923, 9.287981987, 9.75238037109, 10.2051696777, 10.6579589844, 11.110748291, 11.5635375977, 12.0163259506, 12.4691152573, 12.9102945328, 13.3746938705, 13.8390922546, 14.2918815613, 14.7446708679, 15.1974601746, 15.6502494812, 16.0914287567, 16.5558280945, 17.0202255249, 17.4846248627, 17.9258041382, 18.3669834137, 18.8197727203, 19.272562027, 19.7253513336, 20.1781406403, 20.6193199158, 21.0604991913, 21.5016784668, 21.9544658661, 22.4072551727, 22.8484344482, 23.312833786, 23.7656230927, 24.2068023682, 24.6595916748, 25.1123809814, 25.5651702881, 26.0063495636, 26.4475269318, 26.8887062073, 27.3414955139, 27.7942848206, 28.2354640961, 28.6882534027, 29.1410427094, 29.5822219849, 30.0234012604, 30.4645805359, 30.9057598114, 31.3469390869, 31.7881164551, 32.2409057617, 32.6936950684, 33.1348762512, 33.5760536194, 34.0172348022, 34.4584121704, 34.8995895386, 35.3407707214, 35.7935600281, 36.2463493347, 36.6875267029, 37.1287078857, 37.5698852539, 38.0110664368, 38.4522438049, 38.8934249878, 39.334602356, 39.7641716003, 40.1937408447, 40.6581382751, 41.1225395203, 41.5637168884, 41.9932861328, 42.4228553772, 42.8524246216, 43.281993866, 43.7347831726, 44.1875724792, 44.6171417236]
},
"tonal": {
    "chords_changes_rate": 0.151234567165,
    "chords_number_rate": 0.0185185186565,
    "chords_strength": {
        "mean": 0.444470733404,
        "var": 0.0123644452542
    },
    "hpcp_entropy": {
        "mean": 1.75168192387,
        "var": 1.38548183441
    },
    "key_strength": 0.630550026894,
    "tuning_diatonic_strength": 0.529045403004,
    "tuning_equal_tempered_deviation": 0.192098855972,
    "tuning_frequency": 453.678466797,
    "tuning_nontempered_energy_ratio": 0.885373592377,
    "hpcp": {
        "mean": [0.0810166969895, 0.0957806259394, 0.13003179431, 0.153203353286, 0.133630111814, 0.120221555233, 0.136695846915, 0.139991670847, 0.121308580041, 0.0916766896844, 0.0728386193514, 0.0847081243992, 0.0941836163402, 0.0851668715477, 0.07841989398, 0.0759795308113, 0.0847249105573, 0.112357877195, 0.13420163095, 0.139941871166, 0.140987887979, 0.131811931729, 0.102509535849, 0.0718066617846, 0.0548221357167, 0.0581636540592, 0.0845732688904, 0.11157592386, 0.108946293592, 0.078873462975, 0.0590299479663, 0.0665000453591, 0.0759846493602, 0.0810176506639, 0.0828153192997, 0.077943302691],
        "var": [0.0383983924985, 0.0450217165053, 0.0650382936001, 0.0806828588247, 0.0633649379015, 0.057712752372, 0.0710264369845, 0.0727064684033, 0.0636119544506, 0.0483256578445, 0.0321280024946, 0.0467670150101, 0.0514499172568, 0.0428400710225, 0.0371151939034, 0.0376265384257, 0.0407591164112, 0.0546464137733, 0.0692026913166, 0.0639766380191, 0.0667951181531, 0.0529607795179, 0.0400260053575, 0.0318090952933, 0.0249353293329, 0.0256827306002, 0.0412157736719, 0.0574315860868, 0.0561837106943, 0.0390827395022, 0.025112086907, 0.0323166139424, 0.0373422764242, 0.041450239718, 0.0436647087336, 0.0371765270829]
    },
    "chords_histogram": [1.95473253727, 6.68724298477, 5.24691343307, 1.23456788063, 1.13168728352, 1.02880656719, 1.64609050751, 0.308641970158, 1.64609050751, 4.01234579086, 0.102880656719, 0.205761313438, 22.7366256714, 0.102880656719, 1.13168728352, 1.02880656719, 11.3168725967, 0.102880656719, 0.617283940315, 1.64609050751, 4.21810722351, 6.06995868683, 9.77366256714, 16.0493831635],
    "thpcp": [1, 0.872240126133, 0.784718811512, 0.892251014709, 0.91376376152, 0.791814148426, 0.598398685455, 0.475437492132, 0.55291301012, 0.614762127399, 0.55590736866, 0.511868000031, 0.495939075947, 0.553022563457, 0.733390450478, 0.875970602036, 0.913438677788, 0.920266330242, 0.860372364521, 0.669107675552, 0.468701630831, 0.357839018106, 0.379649996758, 0.552032768726, 0.728286445141, 0.711122095585, 0.514828562737, 0.385304540396, 0.434063911438, 0.49597248435, 0.528824269772, 0.540558159351, 0.508757174015, 0.528818011284, 0.62518620491, 0.848752915859],
    "chords_key": "A",
    "chords_scale": "minor",
    "key_key": "D#",
    "key_scale": "minor"
}
}