{
"lowlevel": {
    "average_loudness": 0.901335775852,
    "barkbands_crest": {
        "mean": 12.0942001343,
        "var": 19.8821697235
    },
    "barkbands_flatness_db": {
        "mean": 0.270513653755,
        "var": 0.00244810781442
    },
    "barkbands_kurtosis": {
        "mean": 4.95509624481,
        "var": 50.6817703247
    },
    "barkbands_skewness": {
        "mean": 1.43948400021,
        "var": 1.36936998367
    },
    "barkbands_spread": {
        "mean": 9.58815288544,
        "var": 46.2926635742
    },
    "dissonance": {
        "mean": 0.403039425611,
        "var": 0.0041410648264
    },
    "dynamic_complexity": 4.6753616333,
    "erbbands_crest": {
        "mean": 12.6739234924,
        "var": 27.5642242432
    },
    "erbbands_flatness_db": {
        "mean": 0.315367370844,
        "var": 0.00308889546432
    },
    "erbbands_kurtosis": {
        "mean": 1.20469641685,
        "var": 13.4031181335
    },
    "erbbands_skewness": {
        "mean": 0.571158051491,
        "var": 0.881848633289
    },
    "erbbands_spread": {
        "mean": 21.9269809723,
        "var": 151.901519775
    },
    "hfc": {
        "mean": 11.6621055603,
        "var": 221.951522827
    },
    "melbands_crest": {
        "mean": 15.5657501221,
        "var": 30.879535675
    },
    "melbands_flatness_db": {
        "mean": 0.350035607815,
        "var": 0.00349670881405
    },
    "melbands_kurtosis": {
        "mean": 9.2806968689,
        "var": 130.190368652
    },
    "melbands_skewness": {
        "mean": 1.96598780155,
        "var": 2.17750835419
    },
    "melbands_spread": {
        "mean": 12.7470321655,
        "var": 103.739990234
    },
    "pitch_salience": {
        "mean": 0.571187674999,
        "var": 0.0165623873472
    },
    "silence_rate_20dB": {
        "mean": 1,
        "var": 0
    },
    "silence_rate_30dB": {
        "mean": 1,
        "var": 0
    },
    "silence_rate_60dB": {
        "mean": 0.228630274534,
        "var": 0.176360592246
    },
    "spectral_centroid": {
        "mean": 787.562744141,
        "var": 200908.3125
    },
    "spectral_complexity": {
        "mean": 9.21730136871,
        "var": 24.1351509094
    },
    "spectral_decrease": {
        "mean": -4.00618116458e-009,
        "var": 1.67549171929e-017
    },
    "spectral_energy": {
        "mean": 0.0161780323833,
        "var": 0.000279176718323
    },
    "spectral_energyband_high": {
        "mean": 2.01745097002e-005,
        "var": 1.8709149785e-009
    },
    "spectral_energyband_low": {
        "mean": 0.000712488079444,
        "var": 1.29015904804e-006
    },
    "spectral_energyband_middle_high": {
        "mean": 0.00460244994611,
        "var": 6.37995472061e-005
    },
    "spectral_energyband_middle_low": {
        "mean": 0.0111241945997,
        "var": 0.000141097567393
    },
    "spectral_entropy": {
        "mean": 6.48648643494,
        "var": 0.206482619047
    },
    "spectral_flux": {
        "mean": 0.0596463494003,
        "var": 0.00222860043868
    },
    "spectral_kurtosis": {
        "mean": 19.2611351013,
        "var": 195.507553101
    },
    "spectral_rms": {
        "mean": 0.003451945493,
        "var": 3.86750252801e-006
    },
    "spectral_rolloff": {
        "mean": 955.068054199,
        "var": 534534.5625
    },
    "spectral_skewness": {
        "mean": 2.49375295639,
        "var": 1.40296506882
    },
    "spectral_spread": {
        "mean": 1808286.625,
        "var": 979011239936
    },
    "spectral_strongpeak": {
        "mean": 1.35274267197,
        "var": 2.46057367325
    },
    "zerocrossingrate": {
        "mean": 0.0332084037364,
        "var": 0.000321184954373
    },
    "barkbands": {
        "mean": [1.89062793652e-005, 0.000132469838718, 0.000370021152776, 0.000665039638989, 0.00195444654673, 0.00233338726684, 0.00248596258461, 0.00121267826762, 0.00196720240638, 0.00112718355376, 0.000889045244548, 0.000474870874314, 0.000813407008536, 0.00038156483788, 0.000692938396242, 0.000272654840956, 0.000229063152801, 6.56907795928e-005, 5.3806201322e-005, 2.70702239504e-005, 9.60257784755e-006, 8.87764883828e-007, 9.67635074289e-008, 3.43160806437e-008, 1.23032739552e-008, 8.85874573697e-009, 1.4295644668e-009],
        "var": [8.46795689124e-010, 7.3505972864e-008, 5.62982336305e-007, 1.87435489352e-006, 1.13291152957e-005, 2.18809473154e-005, 5.32468657184e-005, 1.9620760213e-005, 3.51262460754e-005, 1.27081530081e-005, 8.34488582768e-006, 3.25784003508e-006, 1.15074744826e-005, 1.44443094996e-006, 4.45157274953e-006, 6.44267288408e-007, 2.92460583751e-007, 1.55545620828e-008, 1.30845174695e-008, 4.06724387503e-009, 5.16573561704e-010, 4.2501323641e-012, 4.96138449334e-013, 1.3453562537e-013, 1.02459510873e-014, 5.43820351367e-015, 2.38966179159e-016]
    },
    "erbbands": {
        "mean": [0.00255656382069, 0.0390073731542, 0.348109871149, 1.31901109219, 5.66039657593, 5.14421463013, 8.8906879425, 21.8667583466, 34.246295929, 28.696516037, 32.4232063293, 38.7206230164, 51.3581924438, 46.7952308655, 23.6706199646, 21.7988529205, 41.09790802, 21.579536438, 31.6599769592, 23.7362232208, 14.4920787811, 13.0575323105, 5.12280702591, 2.34087896347, 2.72626924515, 1.24658119678, 0.569633722305, 0.230613455176, 0.0441082529724, 0.00642543658614, 0.00260353973135, 0.000996750546619, 0.000522150949109, 0.000133343215566, 0.00011849735165, 6.39000136289e-005, 1.81713967322e-005, 4.69157248517e-006, 8.46828697831e-006, 1.87992864085e-005],
        "var": [2.10995895031e-005, 0.00671084830537, 0.489617079496, 4.98662471771, 158.017684937, 97.6193313599, 410.711486816, 2415.58813477, 6624.99462891, 7966.72851563, 11972.3935547, 14126.1679688, 27949.3652344, 29185.3457031, 5517.75146484, 5782.29638672, 31253.7714844, 4174.63134766, 8955.20605469, 4218.31542969, 1046.38928223, 955.930480957, 115.735572815, 17.6114253998, 42.6192970276, 7.92245197296, 2.00255584717, 0.276644021273, 0.00947150867432, 0.000459618546301, 0.000439148017904, 0.000109669206722, 3.02611879306e-005, 7.44567103084e-007, 1.29409784222e-006, 3.52171895202e-007, 6.04292704764e-009, 1.40149414296e-009, 7.96777435697e-011, 3.8597286478e-010]
    },
    "gfcc": {
        "mean": [-161.241470337, 196.692810059, -165.248214722, -2.44660568237, -28.0951633453, -42.7737503052, -20.2492637634, -14.1054353714, -19.5809993744, -5.00594758987, -13.1708078384, -9.38651657104, -0.70156365633],
        "cov": [[4697.18945313, -155.105484009, -1829.80505371, -288.973175049, -120.827064514, -476.009918213, 255.796325684, -235.679443359, 282.162872314, -118.640129089, -117.820251465, -319.991638184, 99.207069397], [-155.105484009, 623.029418945, 441.047790527, -123.490768433, 142.241333008, -1.25839912891, -15.1796522141, 11.7001104355, -36.1911811829, -74.714225769, -19.0795516968, -37.3829650879, -42.92004776], [-1829.80505371, 441.047790527, 1336.27319336, 280.082397461, 74.5587539673, 200.515167236, -156.676864624, 58.4291610718, -152.511398315, -38.7712402344, 23.0763397217, 132.715332031, -60.5293312073], [-288.973175049, -123.490768433, 280.082397461, 709.242614746, 188.232437134, 14.7060861588, -250.697723389, -65.5660171509, -11.8318052292, 31.3728694916, 32.8083724976, 22.3810119629, -18.8442134857], [-120.827064514, 142.241333008, 74.5587539673, 188.232437134, 342.547515869, 35.0980873108, -162.141921997, -32.8098983765, -7.65314483643, 12.0169448853, 0.0329768545926, -66.7923736572, -55.2374572754], [-476.009918213, -1.25839912891, 200.515167236, 14.7060861588, 35.0980873108, 296.817962646, 135.827148438, 40.5154457092, -111.549827576, -8.0400352478, 4.14440059662, 32.3490524292, -41.5971221924], [255.796325684, -15.1796522141, -156.676864624, -250.697723389, -162.141921997, 135.827148438, 414.675109863, 91.3639297485, -77.9979782104, -81.6639785767, -45.2565765381, 17.0153865814, 13.6465158463], [-235.679443359, 11.7001104355, 58.4291610718, -65.5660171509, -32.8098983765, 40.5154457092, 91.3639297485, 142.132980347, 8.86919879913, -12.9874248505, -13.557765007, 12.8488130569, -14.4469146729], [282.162872314, -36.1911811829, -152.511398315, -11.8318052292, -7.65314483643, -111.549827576, -77.9979782104, 8.86919879913, 163.587097168, 77.6895523071, -2.35308909416, -27.8694286346, 23.0333633423], [-118.640129089, -74.714225769, -38.7712402344, 31.3728694916, 12.0169448853, -8.0400352478, -81.6639785767, -12.9874248505, 77.6895523071, 160.404266357, 57.8531913757, -0.592233657837, 1.40304529667], [-117.820251465, -19.0795516968, 23.0763397217, 32.8083724976, 0.0329768545926, 4.14440059662, -45.2565765381, -13.557765007, -2.35308909416, 57.8531913757, 105.488037109, 45.1594581604, -6.46110534668], [-319.991638184, -37.3829650879, 132.715332031, 22.3810119629, -66.7923736572, 32.3490524292, 17.0153865814, 12.8488130569, -27.8694286346, -0.592233657837, 45.1594581604, 139.331207275, 55.3137207031], [99.207069397, -42.92004776, -60.5293312073, -18.8442134857, -55.2374572754, -41.5971221924, 13.6465158463, -14.4469146729, 23.0333633423, 1.40304529667, -6.46110534668, 55.3137207031, 97.4534606934]],
        "icov": [[0.00107544928323, -0.00111564807594, 0.00155016162898, -0.000820752349682, 0.000841732777189, 3.69644112652e-005, -0.000744931050576, 0.00156170630362, -0.00154768058565, 0.00145368580706, -0.000554834725335, 0.00116609793622, -0.000307111215079], [-0.00111564807594, 0.00634598080069, -0.00471550831571, 0.00306969555095, -0.00457384577021, 0.00216101971455, -0.00170316628646, 0.000141206852277, -0.000579081533942, 0.00101643591188, -0.00204912945628, 0.00145134143531, -0.000652725400869], [0.00155016162898, -0.00471550831571, 0.00547962449491, -0.00269385962747, 0.00371885881759, -0.00198962609284, 0.00171898992267, 0.000257554580458, 0.000129145773826, 0.000608858943451, 0.00175120250788, -0.00150140549522, 0.00121280318126], [-0.000820752349682, 0.00306969555095, -0.00269385962747, 0.00364129547961, -0.00289255823009, 0.000591192627326, 0.000504134281073, -4.29462561442e-005, 0.000299740961054, 2.36913056142e-005, -0.000581772706937, -0.000351186114131, -0.000156185269589], [0.000841732777189, -0.00457384577021, 0.00371885881759, -0.00289255823009, 0.00838709343225, -0.0035410283599, 0.00375555246137, -0.000584871973842, 0.000681956764311, 0.000324115244439, 0.00100803212263, 0.00170091504697, 0.000444606499514], [3.69644112652e-005, 0.00216101971455, -0.00198962609284, 0.000591192627326, -0.0035410283599, 0.0087544824928, -0.00470180576667, 0.000703783938661, 0.00294312625192, -0.00297093298286, 0.000894483411685, -0.00147321517579, 0.00252771982923], [-0.000744931050576, -0.00170316628646, 0.00171898992267, 0.000504134281073, 0.00375555246137, -0.00470180576667, 0.00897754635662, -0.00515957735479, 0.00414761994034, -0.000269145879429, 0.00241640256718, -0.00123517005704, -0.000842005887534], [0.00156170630362, 0.000141206852277, 0.000257554580458, -4.29462561442e-005, -0.000584871973842, 0.000703783938661, -0.00515957735479, 0.0135017484426, -0.00732805300504, 0.00361356209032, -0.000703907222487, -8.54448371683e-005, 0.00299880560488], [-0.00154768058565, -0.000579081533942, 0.000129145773826, 0.000299740961054, 0.000681956764311, 0.00294312625192, 0.00414761994034, -0.00732805300504, 0.0182816311717, -0.0107539556921, 0.00575974350795, -0.00179561285768, -0.00133072619792], [0.00145368580706, 0.00101643591188, 0.000608858943451, 2.36913056142e-005, 0.000324115244439, -0.00297093298286, -0.000269145879429, 0.00361356209032, -0.0107539556921, 0.0167636815459, -0.00998372770846, 0.00585882505402, -0.00284742214717], [-0.000554834725335, -0.00204912945628, 0.00175120250788, -0.000581772706937, 0.00100803212263, 0.000894483411685, 0.00241640256718, -0.000703907222487, 0.00575974350795, -0.00998372770846, 0.0204966589808, -0.0121326083317, 0.00817566923797], [0.00116609793622, 0.00145134143531, -0.00150140549522, -0.000351186114131, 0.00170091504697, -0.00147321517579, -0.00123517005704, -8.54448371683e-005, -0.00179561285768, 0.00585882505402, -0.0121326083317, 0.0222645904869, -0.0141542945057], [-0.000307111215079, -0.000652725400869, 0.00121280318126, -0.000156185269589, 0.000444606499514, 0.00252771982923, -0.000842005887534, 0.00299880560488, -0.00133072619792, -0.00284742214717, 0.00817566923797, -0.0141542945057, 0.0218343716115]]
    },
    "melbands": {
        "mean": [2.86952054012e-005, 0.000136487331474, 0.000372619892005, 0.000396486721002, 0.000285296729999, 0.000483181211166, 0.000565021065995, 0.000299479957903, 0.000242046458879, 0.000274724065093, 0.00024303139071, 0.000178247209988, 9.44115963648e-005, 6.54981704429e-005, 6.56193151372e-005, 7.53672793508e-005, 3.56714699592e-005, 4.44140787295e-005, 5.2980176406e-005, 1.89917373064e-005, 1.65624987858e-005, 1.40662941703e-005, 8.42853478389e-006, 2.37435278905e-006, 1.70764599261e-006, 2.38057964452e-006, 1.42803889958e-006, 6.67449910452e-007, 3.74972870532e-007, 2.47639206918e-007, 8.93354012987e-008, 2.71760676185e-008, 5.50244472208e-009, 2.30436425497e-009, 1.53996693175e-009, 8.4946344403e-010, 5.20639864554e-010, 4.35763897189e-010, 1.3567388879e-010, 8.08284064679e-011],
        "var": [2.82936807317e-009, 7.53698330413e-008, 5.20529169989e-007, 6.13703548424e-007, 3.83157299666e-007, 1.1226376273e-006, 1.83024610578e-006, 7.25556333236e-007, 6.65771494823e-007, 7.07703065927e-007, 6.64667084038e-007, 4.67249350322e-007, 8.68555289912e-008, 5.93519189351e-008, 6.82577052658e-008, 9.73561640194e-008, 1.43158160881e-008, 1.9007552865e-008, 2.68191016062e-008, 4.62867211226e-009, 1.21549248444e-009, 1.13956699632e-009, 4.58446530738e-010, 2.07282420395e-011, 1.26502584449e-011, 2.94425976655e-011, 1.51335576015e-011, 2.37686433036e-012, 1.38931390264e-012, 3.11423928095e-013, 5.24226590414e-014, 4.06184061944e-015, 2.60403736021e-016, 1.22539065339e-016, 1.55094922251e-016, 1.00327962256e-016, 3.42609805564e-017, 2.54914532389e-017, 1.2614948951e-018, 3.17365781486e-019]
    },
    "mfcc": {
        "mean": [-781.153381348, 208.626937866, -47.248664856, 21.2563400269, 0.823007047176, -17.8942241669, -2.94453787804, -13.2696504593, -2.26998472214, -8.12076377869, -8.02415657043, 0.273117929697, -5.04325485229],
        "cov": [[4130.42822266, 396.900177002, -2195.5222168, 219.41015625, -696.11151123, -175.415054321, -102.274345398, -360.687591553, 352.325164795, 20.727481842, -38.3854904175, -3.43536686897, -99.0339889526], [396.900177002, 647.039611816, 77.8157653809, -217.258178711, -24.7104969025, -85.2045440674, 12.3386983871, 50.7766036987, 33.9231033325, 0.351633727551, 5.09808254242, -1.42983412743, -77.1415023804], [-2195.5222168, 77.8157653809, 1631.33215332, -24.3069782257, 365.634674072, 119.220039368, 63.1606216431, 261.566894531, -191.235870361, -55.4934539795, -5.49732017517, -14.8577919006, 48.6195869446], [219.41015625, -217.258178711, -24.3069782257, 552.759460449, 268.397369385, 46.1172027588, -117.994415283, -123.923347473, -38.9936485291, -4.95405197144, -33.2416534424, -58.4786300659, 40.694519043], [-696.11151123, -24.7104969025, 365.634674072, 268.397369385, 675.198181152, 110.957847595, -137.876724243, -68.985244751, -180.818222046, 68.0818252563, 29.4157505035, -69.2167892456, 12.4857625961], [-175.415054321, -85.2045440674, 119.220039368, 46.1172027588, 110.957847595, 217.593063354, 91.7528915405, -0.703977942467, -37.2923583984, -1.22258937359, 6.78774738312, -9.86878681183, 18.9039039612], [-102.274345398, 12.3386983871, 63.1606216431, -117.994415283, -137.876724243, 91.7528915405, 297.342254639, 170.682983398, 6.27186441422, -24.8182086945, 5.92154026031, 25.9620857239, -35.2403144836], [-360.687591553, 50.7766036987, 261.566894531, -123.923347473, -68.985244751, -0.703977942467, 170.682983398, 248.133041382, 31.4739685059, -49.5704536438, 0.468544572592, 17.2291603088, -32.6236724854], [352.325164795, 33.9231033325, -191.235870361, -38.9936485291, -180.818222046, -37.2923583984, 6.27186441422, 31.4739685059, 187.141723633, 12.637345314, -39.1674423218, 27.2593688965, -17.8329715729], [20.727481842, 0.351633727551, -55.4934539795, -4.95405197144, 68.0818252563, -1.22258937359, -24.8182086945, -49.5704536438, 12.637345314, 146.769058228, 66.4287490845, -15.1094264984, 3.77917313576], [-38.3854904175, 5.09808254242, -5.49732017517, -33.2416534424, 29.4157505035, 6.78774738312, 5.92154026031, 0.468544572592, -39.1674423218, 66.4287490845, 123.912536621, 16.9150123596, -17.8139667511], [-3.43536686897, -1.42983412743, -14.8577919006, -58.4786300659, -69.2167892456, -9.86878681183, 25.9620857239, 17.2291603088, 27.2593688965, -15.1094264984, 16.9150123596, 82.7704315186, 15.0773086548], [-99.0339889526, -77.1415023804, 48.6195869446, 40.694519043, 12.4857625961, 18.9039039612, -35.2403144836, -32.6236724854, -17.8329715729, 3.77917313576, -17.8139667511, 15.0773086548, 128.819625854]],
        "icov": [[0.0143339140341, -0.0193050950766, 0.0199663117528, -0.0208039693534, 0.0217574946582, -0.0203993488103, 0.0196813233197, -0.0182804930955, 0.0176029726863, -0.0164295118302, 0.01217846293, -0.00981599092484, 0.00588645366952], [-0.0193050950766, 0.028293762356, -0.0273090470582, 0.0293826144189, -0.0306023191661, 0.0294196214527, -0.028253076598, 0.0267250034958, -0.0260595772415, 0.0240423325449, -0.0178199131042, 0.0147741464898, -0.00769140105695], [0.0199663117528, -0.0273090470582, 0.0292284488678, -0.0293642822653, 0.0307935681194, -0.0301964469254, 0.0297872759402, -0.0291883293539, 0.0274249389768, -0.0247977580875, 0.0190048031509, -0.0152282575145, 0.00837869290262], [-0.0208039693534, 0.0293826144189, -0.0293642822653, 0.0341811478138, -0.0345639958978, 0.0319738015532, -0.0315654501319, 0.0308705698699, -0.0299999453127, 0.0282903984189, -0.0205135103315, 0.0180001333356, -0.0101991211995], [0.0217574946582, -0.0306023191661, 0.0307935681194, -0.0345639958978, 0.0396331772208, -0.0368467010558, 0.0374098643661, -0.0349125601351, 0.0357714891434, -0.0331648103893, 0.0245280452073, -0.0193107035011, 0.0122327292338], [-0.0203993488103, 0.0294196214527, -0.0301964469254, 0.0319738015532, -0.0368467010558, 0.0423146933317, -0.0401921272278, 0.0375856645405, -0.0350527390838, 0.0328180007637, -0.0254282020032, 0.0208839159459, -0.0126595543697], [0.0196813233197, -0.028253076598, 0.0297872759402, -0.0315654501319, 0.0374098643661, -0.0401921272278, 0.0461170114577, -0.0428218431771, 0.0386307276785, -0.0355114862323, 0.0277957580984, -0.0231068450958, 0.0139221567661], [-0.0182804930955, 0.0267250034958, -0.0291883293539, 0.0308705698699, -0.0349125601351, 0.0375856645405, -0.0428218431771, 0.0473201051354, -0.039589587599, 0.0368940494955, -0.0288156270981, 0.0229681450874, -0.0118838613853], [0.0176029726863, -0.0260595772415, 0.0274249389768, -0.0299999453127, 0.0357714891434, -0.0350527390838, 0.0386307276785, -0.039589587599, 0.0459177903831, -0.0381364710629, 0.0318678766489, -0.0253017339855, 0.0141159603372], [-0.0164295118302, 0.0240423325449, -0.0247977580875, 0.0282903984189, -0.0331648103893, 0.0328180007637, -0.0355114862323, 0.0368940494955, -0.0381364710629, 0.0438186228275, -0.032853782177, 0.0246906168759, -0.0137816853821], [0.01217846293, -0.0178199131042, 0.0190048031509, -0.0205135103315, 0.0245280452073, -0.0254282020032, 0.0277957580984, -0.0288156270981, 0.0318678766489, -0.032853782177, 0.0347368381917, -0.0219767577946, 0.0124105280265], [-0.00981599092484, 0.0147741464898, -0.0152282575145, 0.0180001333356, -0.0193107035011, 0.0208839159459, -0.0231068450958, 0.0229681450874, -0.0253017339855, 0.0246906168759, -0.0219767577946, 0.0300785768777, -0.011121833697], [0.00588645366952, -0.00769140105695, 0.00837869290262, -0.0101991211995, 0.0122327292338, -0.0126595543697, 0.0139221567661, -0.0118838613853, 0.0141159603372, -0.0137816853821, 0.0124105280265, -0.011121833697, 0.0145893879235]]
    },
    "spectral_contrast_coeffs": {
        "mean": [-0.57990527153, -0.647378385067, -0.727537691593, -0.748436152935, -0.75568908453, -0.709368169308],
        "var": [0.00762390391901, 0.0107734138146, 0.00975876208395, 0.0058862012811, 0.00311684072949, 0.00313241546974]
    },
    "spectral_contrast_valleys": {
        "mean": [-8.68409824371, -7.54744815826, -8.13840198517, -8.63574314117, -9.11092853546, -14.0227680206],
        "var": [0.767398416996, 0.690145134926, 0.806774735451, 0.954360485077, 0.916833877563, 0.417473942041]
    }
},
"metadata": {
    "audio_properties": {
        "analysis_sample_rate": 44100,
        "bit_rate": 128074,
        "equal_loudness": 0,
        "length": 45.0612258911,
        "lossless": 0,
        "replay_gain": -4.65180015564,
        "sample_rate": 44100,
        "codec": "mp3",
        "downmix": "mix",
        "md5_encoded": "2f473f1b11e97d42dabf094fb009f8ab"
    },
    "tags": {
        "file_name": "1009.mp3"
    },
    "version": {
        "essentia": "2.1-beta2",
        "essentia_git_sha": "v2.1_beta2",
        "extractor": "music 1.0"
    }
},
"rhythm": {
    "beats_count": 100,
    "beats_loudness": {
        "mean": 0.0244994144887,
        "var": 0.000329279777361
    },
    "bpm": 136.218719482,
    "bpm_histogram_first_peak_bpm": {
        "mean": 136,
        "var": 0
    },
    "bpm_histogram_first_peak_spread": {
        "mean": 0.405063271523,
        "var": 0
    },
    "bpm_histogram_first_peak_weight": {
        "mean": 0.474747478962,
        "var": 0
    },
    "bpm_histogram_second_peak_bpm": {
        "mean": 129,
        "var": 0
    },
    "bpm_histogram_second_peak_spread": {
        "mean": 0.375,
        "var": 0
    },
    "bpm_histogram_second_peak_weight": {
        "mean": 0.101010099053,
        "var": 0
    },
    "danceability": 1.16429162025,
    "onset_rate": 3.28294014931,
    "beats_loudness_band_ratio": {
        "mean": [0.253248095512, 0.292509824038, 0.296983659267, 0.150364756584, 0.0845673531294, 0.00627552811056],
        "var": [0.0617754757404, 0.0527862943709, 0.0561755560338, 0.0358074009418, 0.0140359327197, 8.97447098396e-005]
    },
    "beats_position": [0.452789098024, 0.9287981987, 1.369977355, 1.8111563921, 2.24072551727, 2.68190479279, 3.11147379875, 3.55265307426, 3.99383211136, 4.43501138687, 4.8994102478, 5.36380958557, 5.83981847763, 6.31582736969, 6.79183673859, 7.2910656929, 7.74385452271, 8.18503379822, 8.63782310486, 9.0906124115, 9.54340076447, 9.98458003998, 10.4373693466, 10.9017686844, 11.3429479599, 11.7725172043, 12.2136955261, 12.6432647705, 13.0728340149, 13.5140132904, 13.966802597, 14.4195919037, 14.8607711792, 15.301949501, 15.7315187454, 16.1726989746, 16.602268219, 17.031835556, 17.4614048004, 17.9025840759, 18.3437633514, 18.784942627, 19.2145118713, 19.6556911469, 20.0968704224, 20.5264396667, 20.9676189423, 21.3971881866, 21.826757431, 22.2679367065, 22.7091159821, 23.1502952576, 23.5914726257, 24.0442619324, 24.4854412079, 24.9266204834, 25.3561897278, 25.7973690033, 26.2385482788, 26.6797275543, 27.1092967987, 27.5388660431, 27.9800453186, 28.4212245941, 28.8624038696, 29.3035831451, 29.7447605133, 30.2091598511, 30.6735591888, 31.1495685577, 31.6371879578, 32.1131973267, 32.6008148193, 33.0652160645, 33.5180053711, 33.9707946777, 34.4119720459, 34.8647613525, 35.3059387207, 35.7355079651, 36.1766891479, 36.6178665161, 37.059047699, 37.5234451294, 37.976234436, 38.4290237427, 38.8934249878, 39.3578224182, 39.8222198486, 40.2634010315, 40.7161903381, 41.1573677063, 41.5869369507, 42.0048980713, 42.4460754395, 42.8872566223, 43.3284339905, 43.7696151733, 44.2107925415, 44.6519737244]
},
"tonal": {
    "chords_changes_rate": 0.0596707835793,
    "chords_number_rate": 0.0113168722019,
    "chords_strength": {
        "mean": 0.664748072624,
        "var": 0.00653670681641
    },
    "hpcp_entropy": {
        "mean": 1.48495042324,
        "var": 0.713264226913
    },
    "key_strength": 0.702735006809,
    "tuning_diatonic_strength": 0.695642650127,
    "tuning_equal_tempered_deviation": 0.0899984464049,
    "tuning_frequency": 453.416503906,
    "tuning_nontempered_energy_ratio": 0.77740329504,
    "hpcp": {
        "mean": [0.122118115425, 0.141570851207, 0.142138823867, 0.119538828731, 0.0738095864654, 0.0605146884918, 0.0815118998289, 0.0727511271834, 0.0437479428947, 0.0404280386865, 0.0763221010566, 0.15840215981, 0.229676350951, 0.177156493068, 0.0752037614584, 0.0434963665903, 0.045382373035, 0.068171851337, 0.0943888127804, 0.0816508680582, 0.067444846034, 0.0856944099069, 0.0889406725764, 0.0813216567039, 0.0854015648365, 0.118421696126, 0.267302125692, 0.388268142939, 0.272146433592, 0.1168923527, 0.0709573477507, 0.0584500953555, 0.0617364943027, 0.0728535577655, 0.0803386047482, 0.0929840058088],
        "var": [0.0599802583456, 0.0752902552485, 0.0602460056543, 0.0479225181043, 0.0235830880702, 0.0219059567899, 0.0372061282396, 0.0313579775393, 0.012699672021, 0.0156276337802, 0.0334691517055, 0.072913646698, 0.0979202091694, 0.0764193460345, 0.028274314478, 0.0183424558491, 0.0201285630465, 0.029034525156, 0.0468767657876, 0.0324957743287, 0.0239649545401, 0.040227741003, 0.0413056388497, 0.0355256646872, 0.0395249053836, 0.0508384257555, 0.104756996036, 0.164434671402, 0.102438025177, 0.045482929796, 0.0264042411, 0.0202873572707, 0.0197515189648, 0.0274049378932, 0.0324308872223, 0.0425201542675]
    },
    "chords_histogram": [25.6172847748, 3.29218101501, 2.77777767181, 1.44032919407, 0, 0, 0, 0, 0, 1.02880656719, 1.54320991039, 0, 0, 0, 0, 0, 2.16049385071, 41.0493812561, 0.102880656719, 3.90946507454, 0, 0, 13.9917697906, 3.08641982079],
    "thpcp": [1, 0.700923919678, 0.301060885191, 0.182753458619, 0.150540545583, 0.159004792571, 0.187637224793, 0.206915259361, 0.239483997226, 0.314520061016, 0.364621341228, 0.366084188223, 0.307877004147, 0.190099522471, 0.155857980251, 0.209937125444, 0.187373414636, 0.112674564123, 0.10412401706, 0.19657060504, 0.407971054316, 0.591540575027, 0.456273585558, 0.193690270185, 0.112026616931, 0.116884104908, 0.175579309464, 0.243102133274, 0.210295051336, 0.173706874251, 0.220709353685, 0.229070231318, 0.209447145462, 0.21995511651, 0.304999768734, 0.688447237015],
    "chords_key": "F#",
    "chords_scale": "minor",
    "key_key": "F#",
    "key_scale": "major"
}
}