{
"lowlevel": {
    "average_loudness": 0.305121958256,
    "barkbands_crest": {
        "mean": 14.879483223,
        "var": 23.7268772125
    },
    "barkbands_flatness_db": {
        "mean": 0.325395911932,
        "var": 0.00522618740797
    },
    "barkbands_kurtosis": {
        "mean": 15.7461099625,
        "var": 494.655761719
    },
    "barkbands_skewness": {
        "mean": 2.25108480453,
        "var": 3.72904324532
    },
    "barkbands_spread": {
        "mean": 6.16385173798,
        "var": 99.3817138672
    },
    "dissonance": {
        "mean": 0.374238312244,
        "var": 0.00347721087746
    },
    "dynamic_complexity": 9.88440799713,
    "erbbands_crest": {
        "mean": 13.5881671906,
        "var": 28.4203395844
    },
    "erbbands_flatness_db": {
        "mean": 0.324095249176,
        "var": 0.00445896899328
    },
    "erbbands_kurtosis": {
        "mean": 5.99452590942,
        "var": 55.1492271423
    },
    "erbbands_skewness": {
        "mean": 1.35023057461,
        "var": 1.65506362915
    },
    "erbbands_spread": {
        "mean": 15.7221050262,
        "var": 316.327270508
    },
    "hfc": {
        "mean": 7.62711954117,
        "var": 268.562988281
    },
    "melbands_crest": {
        "mean": 15.3127317429,
        "var": 21.8738899231
    },
    "melbands_flatness_db": {
        "mean": 0.391105383635,
        "var": 0.00919339805841
    },
    "melbands_kurtosis": {
        "mean": 16.9698371887,
        "var": 563.254272461
    },
    "melbands_skewness": {
        "mean": 2.2144048214,
        "var": 3.62094521523
    },
    "melbands_spread": {
        "mean": 8.39032840729,
        "var": 250.381240845
    },
    "pitch_salience": {
        "mean": 0.526146769524,
        "var": 0.0130533268675
    },
    "silence_rate_20dB": {
        "mean": 1,
        "var": 0
    },
    "silence_rate_30dB": {
        "mean": 0.992280006409,
        "var": 0.00766030931845
    },
    "silence_rate_60dB": {
        "mean": 0.558414816856,
        "var": 0.246588647366
    },
    "spectral_centroid": {
        "mean": 597.375793457,
        "var": 345013.25
    },
    "spectral_complexity": {
        "mean": 5.5959854126,
        "var": 21.0714569092
    },
    "spectral_decrease": {
        "mean": -2.83553047709e-009,
        "var": 2.71737847492e-017
    },
    "spectral_energy": {
        "mean": 0.0113937351853,
        "var": 0.000442407443188
    },
    "spectral_energyband_high": {
        "mean": 3.40720398526e-005,
        "var": 2.3134139937e-008
    },
    "spectral_energyband_low": {
        "mean": 0.000431513850344,
        "var": 2.50047401096e-006
    },
    "spectral_energyband_middle_high": {
        "mean": 0.00358329992741,
        "var": 0.000119063661259
    },
    "spectral_energyband_middle_low": {
        "mean": 0.00795517768711,
        "var": 0.00022766776965
    },
    "spectral_entropy": {
        "mean": 5.8224773407,
        "var": 0.535534322262
    },
    "spectral_flux": {
        "mean": 0.0280844047666,
        "var": 0.00125479162671
    },
    "spectral_kurtosis": {
        "mean": 38.5946083069,
        "var": 1829.83300781
    },
    "spectral_rms": {
        "mean": 0.00235698278993,
        "var": 5.56047234568e-006
    },
    "spectral_rolloff": {
        "mean": 813.086181641,
        "var": 1912246.25
    },
    "spectral_skewness": {
        "mean": 4.21950340271,
        "var": 6.06854629517
    },
    "spectral_spread": {
        "mean": 2463855.25,
        "var": 6.09509756109e+012
    },
    "spectral_strongpeak": {
        "mean": 1.01985526085,
        "var": 2.86658430099
    },
    "zerocrossingrate": {
        "mean": 0.0311866719276,
        "var": 0.00137510127388
    },
    "barkbands": {
        "mean": [1.2727625176e-007, 8.52444316024e-007, 0.000303090841044, 0.000192343562958, 0.00326848076656, 0.000647984386887, 0.000502787122969, 0.000972591456957, 0.00111824285705, 0.00236249086447, 0.000647011736874, 0.000587070942856, 0.0003376371169, 0.000116935538244, 8.49662028486e-005, 5.87889080634e-005, 6.41241495032e-005, 3.19766404573e-005, 3.94988528569e-005, 2.78497136605e-005, 4.60618912257e-006, 2.30876389651e-006, 2.48821743298e-006, 1.17697609312e-005, 7.54233906264e-006, 1.77792728095e-007, 7.5196954219e-010],
        "var": [7.04077028342e-014, 1.13287408968e-011, 1.17622096241e-006, 4.59279760889e-007, 7.76355809649e-005, 1.33854553042e-006, 1.93515711544e-006, 9.26401662582e-006, 1.65971177921e-005, 7.55561268306e-005, 6.59437318973e-006, 8.19041906652e-006, 4.28897055826e-006, 2.24787669367e-007, 5.71014709294e-007, 1.30574747459e-007, 1.38303903441e-007, 1.41977718471e-008, 2.65115094322e-008, 8.57384740982e-009, 5.56099444271e-010, 1.76887018921e-010, 2.66846322816e-010, 4.6198134207e-009, 2.09840633758e-009, 1.03019036444e-012, 2.61164957252e-017]
    },
    "erbbands": {
        "mean": [7.56457666284e-005, 0.00381734967232, 0.19473785162, 0.7419475317, 2.52837777138, 14.4563579559, 10.6076345444, 5.31820106506, 6.1822886467, 19.1766796112, 14.9363880157, 17.1665992737, 77.743560791, 55.1548309326, 25.3827381134, 29.6947116852, 16.4629364014, 7.94614171982, 4.57922458649, 2.84713816643, 2.91181778908, 3.54950618744, 1.98746621609, 1.36026275158, 2.47880649567, 1.32049918175, 0.286457031965, 0.135289251804, 0.0862278789282, 0.0738964751363, 0.0704222545028, 0.145666003227, 0.247324451804, 0.136177584529, 0.021080929786, 0.00215294561349, 0.000237184707657, 1.4146263311e-005, 6.62481807012e-006, 1.33046787596e-005],
        "var": [6.02803638117e-008, 0.000169033839484, 0.472086817026, 6.92684745789, 55.3673629761, 1913.91577148, 642.319335938, 88.6188812256, 185.746688843, 3979.95825195, 3892.39160156, 2800.52685547, 71858.3203125, 79529.5, 9842.42480469, 17382.1582031, 7064.13476563, 1103.77148438, 1137.57275391, 322.7784729, 298.285369873, 304.618255615, 39.9580612183, 24.2865314484, 104.568992615, 17.2953720093, 1.41951882839, 0.553958833218, 0.249116837978, 0.262823015451, 0.191776648164, 0.760691225529, 2.0969285965, 0.678803443909, 0.01726199314, 0.000130722793983, 1.98884640668e-006, 7.54699058803e-009, 1.39663905441e-010, 5.96127702757e-010]
    },
    "gfcc": {
        "mean": [-259.664459229, 160.21144104, -121.684120178, -14.5503787994, -78.9017868042, -29.9740276337, -54.0289459229, -20.4496994019, -35.4138526917, -27.0584278107, -3.50940585136, -19.3870372772, -0.313772469759],
        "cov": [[18036.3164063, -1238.29101563, -4056.67163086, -569.145263672, -674.516906738, 456.13381958, 241.344238281, 1271.90893555, -640.893737793, -873.672790527, 517.145690918, -1185.74511719, 536.412231445], [-1238.29101563, 2510.4909668, 741.991943359, -138.6849823, 756.098632813, -469.769317627, 308.811859131, -464.06137085, 499.65447998, -123.458984375, 30.9330997467, -37.8044776917, -227.553909302], [-4056.67163086, 741.991943359, 2803.34619141, 566.283508301, 136.315826416, -95.3127593994, -288.439422607, -147.639663696, 240.391540527, 311.566986084, -356.265869141, 234.292663574, -202.628997803], [-569.145263672, -138.6849823, 566.283508301, 822.354675293, 32.7471809387, 24.2156829834, -162.380569458, -121.284553528, 77.1952667236, 64.4896240234, -143.016311646, 122.251754761, -70.6147842407], [-674.516906738, 756.098632813, 136.315826416, 32.7471809387, 574.367980957, -115.00276947, 45.8556251526, -114.429840088, 172.838928223, -45.027557373, -12.4219360352, 19.9100074768, -108.878059387], [456.13381958, -469.769317627, -95.3127593994, 24.2156829834, -115.00276947, 355.485961914, -24.4724197388, 54.8663330078, -135.597915649, 12.1754274368, -21.9750671387, -30.370634079, 46.8741493225], [241.344238281, 308.811859131, -288.439422607, -162.380569458, 45.8556251526, -24.4724197388, 357.575042725, -91.4953460693, -22.4985198975, -82.4124755859, 76.2093582153, -17.4407463074, -13.1283512115], [1271.90893555, -464.06137085, -147.639663696, -121.284553528, -114.429840088, 54.8663330078, -91.4953460693, 485.532897949, -150.898391724, -77.3385848999, -11.5087957382, -134.002334595, 91.8759536743], [-640.893737793, 499.65447998, 240.391540527, 77.1952667236, 172.838928223, -135.597915649, -22.4985198975, -150.898391724, 297.908081055, 22.4839935303, -44.0833053589, 29.256608963, -88.5937042236], [-873.672790527, -123.458984375, 311.566986084, 64.4896240234, -45.027557373, 12.1754274368, -82.4124755859, -77.3385848999, 22.4839935303, 227.130340576, -46.4284210205, 27.4981784821, -37.4991378784], [517.145690918, 30.9330997467, -356.265869141, -143.016311646, -12.4219360352, -21.9750671387, 76.2093582153, -11.5087957382, -44.0833053589, -46.4284210205, 212.229492188, -44.8410415649, -26.4679450989], [-1185.74511719, -37.8044776917, 234.292663574, 122.251754761, 19.9100074768, -30.370634079, -17.4407463074, -134.002334595, 29.256608963, 27.4981784821, -44.8410415649, 234.003311157, -58.336151123], [536.412231445, -227.553909302, -202.628997803, -70.6147842407, -108.878059387, 46.8741493225, -13.1283512115, 91.8759536743, -88.5937042236, -37.4991378784, -26.4679450989, -58.336151123, 165.705505371]],
        "icov": [[0.000165735327755, -0.000166911559063, 0.000235578976572, -0.000190134058357, 0.000261507433606, -0.000164561104611, 9.60650868365e-005, -0.000297624472296, 9.44244166021e-005, 0.000225788186071, 1.33225330501e-005, 0.00045788634452, 9.7238975286e-005], [-0.000166911559063, 0.00280428840779, -0.00133645092137, 0.00104664452374, -0.00210895482451, 0.00188050267752, -0.00132187537383, 0.00245258025825, -0.00134231930133, 0.00214382121339, -0.000195932923816, 0.00207835272886, 0.000288702110993], [0.000235578976572, -0.00133645092137, 0.0014259563759, -0.000777330133133, 0.00112191645894, -0.000805657356977, 0.000793320359662, -0.00141298421659, 0.000592974713072, -0.00117880385369, 0.000926623586565, -0.000598987215199, 0.000613321783021], [-0.000190134058357, 0.00104664452374, -0.000777330133133, 0.00222071143799, -0.000803809321951, 0.000591785123106, 0.000233057027799, 0.00159147812519, -0.000307669775793, 0.00100507331081, 0.00079927657498, 0.000154190071044, 0.000734013156034], [0.000261507433606, -0.00210895482451, 0.00112191645894, -0.000803809321951, 0.00412817345932, -0.0011675512651, 0.000949504494201, -0.00164757738821, 0.000287621311145, -0.000384415558074, 0.00070316781057, -0.000632769719232, 0.00127450900618], [-0.000164561104611, 0.00188050267752, -0.000805657356977, 0.000591785123106, -0.0011675512651, 0.00499083613977, -0.000562758243177, 0.00215734774247, 0.00102878233884, 0.00131766905542, 0.000939906691201, 0.00196751835756, 0.00065344304312], [9.60650868365e-005, -0.00132187537383, 0.000793320359662, 0.000233057027799, 0.000949504494201, -0.000562758243177, 0.00478041404858, 0.000403726764489, 0.00179231830407, 0.000665768806357, 0.000346693763277, -0.000202179377084, 0.000974255905021], [-0.000297624472296, 0.00245258025825, -0.00141298421659, 0.00159147812519, -0.00164757738821, 0.00215734774247, 0.000403726764489, 0.00622698012739, 0.000911647744942, 0.00335922534578, 0.00112734979484, 0.00339183048345, 0.000790165911894], [9.44244166021e-005, -0.00134231930133, 0.000592974713072, -0.000307669775793, 0.000287621311145, 0.00102878233884, 0.00179231830407, 0.000911647744942, 0.00732051068917, -7.05239799572e-005, 0.00225635780953, 0.000741714029573, 0.00249893870205], [0.000225788186071, 0.00214382121339, -0.00117880385369, 0.00100507331081, -0.000384415558074, 0.00131766905542, 0.000665768806357, 0.00335922534578, -7.05239799572e-005, 0.00912683550268, 0.00102759210858, 0.00404977891594, 0.00238235387951], [1.33225330501e-005, -0.000195932923816, 0.000926623586565, 0.00079927657498, 0.00070316781057, 0.000939906691201, 0.000346693763277, 0.00112734979484, 0.00225635780953, 0.00102759210858, 0.00843897461891, 0.00166907289531, 0.00413450226188], [0.00045788634452, 0.00207835272886, -0.000598987215199, 0.000154190071044, -0.000632769719232, 0.00196751835756, -0.000202179377084, 0.00339183048345, 0.000741714029573, 0.00404977891594, 0.00166907289531, 0.0101844416931, 0.0030011520721], [9.7238975286e-005, 0.000288702110993, 0.000613321783021, 0.000734013156034, 0.00127450900618, 0.00065344304312, 0.000974255905021, 0.000790165911894, 0.00249893870205, 0.00238235387951, 0.00413450226188, 0.0030011520721, 0.0110630458221]]
    },
    "melbands": {
        "mean": [1.4728398412e-007, 7.53674394218e-005, 0.000150795312948, 0.000561856257264, 0.000519058783539, 0.000125548234791, 9.22415856621e-005, 0.00021357552032, 0.000106646883069, 0.000145521233208, 0.00038150823093, 0.000216692569666, 8.4747429355e-005, 6.12196236034e-005, 8.10274214018e-005, 1.77543442987e-005, 1.42614653669e-005, 5.93988488617e-006, 6.06991943641e-006, 4.5600500016e-006, 3.05592493532e-006, 4.04188267566e-006, 2.27205646297e-006, 1.44336638641e-006, 9.84422626971e-007, 1.6134249563e-006, 1.82229723578e-006, 6.2168697923e-007, 1.90859068994e-007, 9.55022159133e-008, 6.60237802208e-008, 4.78427679695e-008, 4.27815649573e-008, 4.17833305733e-008, 3.7142825704e-008, 4.23828936391e-008, 1.17898210306e-007, 1.86793528201e-007, 1.62033046536e-007, 9.80696484021e-008],
        "var": [3.0641851903e-013, 7.15893193615e-008, 2.42120052008e-007, 2.96031589642e-006, 1.72248428498e-006, 5.12844842149e-008, 4.16346352949e-008, 4.73850917615e-007, 2.46981414875e-007, 2.39870360019e-007, 1.75289619619e-006, 1.41034263379e-006, 9.81103767117e-008, 9.50991960735e-008, 1.2982408748e-007, 9.24131171587e-009, 3.46925843608e-009, 1.74257819285e-009, 2.91331558877e-009, 1.01689168197e-009, 3.72591929532e-010, 5.92617122042e-010, 6.11465253431e-011, 3.05720067317e-011, 1.55015930647e-011, 4.38661502955e-011, 4.8858611601e-011, 3.56087598644e-012, 9.24542560565e-013, 2.41620905141e-013, 1.55954689809e-013, 8.06874098785e-014, 7.004191335e-014, 1.00049688586e-013, 5.72224830454e-014, 6.61404457136e-014, 5.64942461301e-013, 1.39003793285e-012, 7.38058323225e-013, 4.4691908594e-013]
    },
    "mfcc": {
        "mean": [-881.728027344, 164.032501221, 15.2207670212, -5.86625766754, -11.3830070496, -32.3049545288, -15.2212305069, -21.4858093262, -26.9131641388, -21.3921489716, -21.5415611267, -15.4209413528, -16.7878570557],
        "cov": [[12586.7109375, 1342.23400879, -3977.90209961, -1249.78076172, -454.96975708, -1565.56921387, 1131.34033203, 350.971435547, -118.573867798, 557.422851563, -454.549346924, -72.2390060425, -221.971694946], [1342.23400879, 2102.41259766, -398.67489624, -143.422058105, 45.380443573, -127.280052185, 27.6845149994, 99.1204605103, -56.9750328064, 70.3336257935, 74.3216934204, -46.2039337158, -15.9640893936], [-3977.90209961, -398.67489624, 2684.00585938, 824.139648438, 288.03527832, 544.230224609, -512.848449707, -243.6512146, 187.612091064, -177.189193726, 167.069213867, 77.6776885986, 7.38726806641], [-1249.78076172, -143.422058105, 824.139648438, 691.497314453, 238.07875061, 239.070678711, -247.150161743, -52.5859603882, 62.6332969666, -121.126960754, 102.145141602, 44.9429588318, 1.40421402454], [-454.96975708, 45.380443573, 288.03527832, 238.07875061, 499.805938721, 72.8290100098, -159.071502686, 2.69996786118, 81.7915878296, -11.2304296494, 46.5262565613, 35.8155403137, -26.6091079712], [-1565.56921387, -127.280052185, 544.230224609, 239.070678711, 72.8290100098, 662.237304688, -188.939254761, -61.2288818359, 3.58184742928, -153.758422852, 123.249389648, -1.06615531445, -12.1891498566], [1131.34033203, 27.6845149994, -512.848449707, -247.150161743, -159.071502686, -188.939254761, 438.019287109, 84.1604614258, -67.8069839478, 85.5564956665, -87.7945098877, -23.9919261932, 7.50867271423], [350.971435547, 99.1204605103, -243.6512146, -52.5859603882, 2.69996786118, -61.2288818359, 84.1604614258, 230.520599365, -11.0737953186, -40.106086731, -10.3366994858, -12.2953538895, -20.090429306], [-118.573867798, -56.9750328064, 187.612091064, 62.6332969666, 81.7915878296, 3.58184742928, -67.8069839478, -11.0737953186, 226.170349121, 16.8435516357, -44.9180297852, -43.0174980164, -3.81030249596], [557.422851563, 70.3336257935, -177.189193726, -121.126960754, -11.2304296494, -153.758422852, 85.5564956665, -40.106086731, 16.8435516357, 218.549911499, -20.2127971649, -26.8689689636, 16.1769771576], [-454.549346924, 74.3216934204, 167.069213867, 102.145141602, 46.5262565613, 123.249389648, -87.7945098877, -10.3366994858, -44.9180297852, -20.2127971649, 176.032180786, 22.9967689514, -13.122048378], [-72.2390060425, -46.2039337158, 77.6776885986, 44.9429588318, 35.8155403137, -1.06615531445, -23.9919261932, -12.2953538895, -43.0174980164, -26.8689689636, 22.9967689514, 147.448959351, 16.5854740143], [-221.971694946, -15.9640893936, 7.38726806641, 1.40421402454, -26.6091079712, -12.1891498566, 7.50867271423, -20.090429306, -3.81030249596, 16.1769771576, -13.122048378, 16.5854740143, 138.117904663]],
        "icov": [[0.000230980760534, -9.97944152914e-005, 0.000277633662336, -0.000132164408569, 7.13387926226e-005, 0.00022007181542, -0.000211969425436, 8.58734565554e-005, -0.000173650914803, -0.000180844217539, 0.000177830341272, -0.000230732825003, 0.000464345677756], [-9.97944152914e-005, 0.000570925709326, -7.43404161767e-005, 0.000141087060911, -0.000134325295221, -7.09152664058e-006, 0.000178402580786, -0.000223992785322, 0.000180853458005, -3.1422234315e-005, -0.00040805968456, 0.000305355846649, -0.000227401294978], [0.000277633662336, -7.43404161767e-005, 0.0010794919217, -0.000772528001107, 0.000156630427227, 3.12041229336e-005, -2.00408248929e-005, 0.000555956677999, -0.000655254116282, -0.000145781261381, 5.58486244699e-005, -0.000505503849126, 0.000567607989069], [-0.000132164408569, 0.000141087060911, -0.000772528001107, 0.00291599752381, -0.000883220520336, -0.000149686340592, 0.000384642800782, -9.48602246353e-005, 2.12056111195e-005, 0.00095004402101, -0.000783357885666, 0.000135165668325, -0.000603843014687], [7.13387926226e-005, -0.000134325295221, 0.000156630427227, -0.000883220520336, 0.00282791443169, -2.81996071863e-005, 0.000580925028771, -0.00050662929425, -0.000860258645844, -0.000797578832135, 1.37318897941e-006, -0.000932634342462, 0.000718581082765], [0.00022007181542, -7.09152664058e-006, 3.12041229336e-005, -0.000149686340592, -2.81996071863e-005, 0.00261578871869, -9.72866619122e-005, 0.00063017179491, -0.000114199530799, 0.00132136978209, -0.00112954876386, 0.000542125490028, 0.000344753760146], [-0.000211969425436, 0.000178402580786, -2.00408248929e-005, 0.000384642800782, 0.000580925028771, -9.72866619122e-005, 0.00408279756084, -0.00131967454217, 0.00114796531852, -0.00112101784907, 0.00114838639274, 0.00025344392634, -0.000391824287362], [8.58734565554e-005, -0.000223992785322, 0.000555956677999, -9.48602246353e-005, -0.00050662929425, 0.00063017179491, -0.00131967454217, 0.00593125447631, -0.000595975143369, 0.0022624109406, -0.000673689879477, 0.000393259426346, 0.000583198794629], [-0.000173650914803, 0.000180853458005, -0.000655254116282, 2.12056111195e-005, -0.000860258645844, -0.000114199530799, 0.00114796531852, -0.000595975143369, 0.00642552925274, -0.000833464378957, 0.00217915279791, 0.00207389332354, -0.000315374636557], [-0.000180844217539, -3.1422234315e-005, -0.000145781261381, 0.00095004402101, -0.000797578832135, 0.00132136978209, -0.00112101784907, 0.0022624109406, -0.000833464378957, 0.00736567657441, -0.00164055719506, 0.00138267641887, -0.00115073670167], [0.000177830341272, -0.00040805968456, 5.58486244699e-005, -0.000783357885666, 1.37318897941e-006, -0.00112954876386, 0.00114838639274, -0.000673689879477, 0.00217915279791, -0.00164055719506, 0.0086014624685, -0.000843797344714, 0.00115454418119], [-0.000230732825003, 0.000305355846649, -0.000505503849126, 0.000135165668325, -0.000932634342462, 0.000542125490028, 0.00025344392634, 0.000393259426346, 0.00207389332354, 0.00138267641887, -0.000843797344714, 0.00846275966614, -0.00159938947763], [0.000464345677756, -0.000227401294978, 0.000567607989069, -0.000603843014687, 0.000718581082765, 0.000344753760146, -0.000391824287362, 0.000583198794629, -0.000315374636557, -0.00115073670167, 0.00115454418119, -0.00159938947763, 0.00863876752555]]
    },
    "spectral_contrast_coeffs": {
        "mean": [-0.418357491493, -0.681757152081, -0.71297031641, -0.754115283489, -0.776778519154, -0.796625494957],
        "var": [0.00581177836284, 0.00554360542446, 0.0135995997116, 0.00739604001865, 0.006137621589, 0.00380334770307]
    },
    "spectral_contrast_valleys": {
        "mean": [-11.1538286209, -8.39448833466, -9.7110824585, -10.7243518829, -10.9367628098, -13.9004459381],
        "var": [2.04959511757, 2.06598854065, 2.35871267319, 2.26249837875, 2.51699972153, 1.70047032833]
    }
},
"metadata": {
    "audio_properties": {
        "analysis_sample_rate": 44100,
        "bit_rate": 92535,
        "equal_loudness": 0,
        "length": 45.0873451233,
        "lossless": 0,
        "replay_gain": -3.38787841797,
        "sample_rate": 44100,
        "codec": "mp3",
        "downmix": "mix",
        "md5_encoded": "f7e23a6038b4b13ac8f187551475ff99"
    },
    "tags": {
        "file_name": "101.mp3"
    },
    "version": {
        "essentia": "2.1-beta2",
        "essentia_git_sha": "v2.1_beta2",
        "extractor": "music 1.0"
    }
},
"rhythm": {
    "beats_count": 100,
    "beats_loudness": {
        "mean": 0.0166880078614,
        "var": 0.000593741075136
    },
    "bpm": 155.947113037,
    "bpm_histogram_first_peak_bpm": {
        "mean": 157,
        "var": 0
    },
    "bpm_histogram_first_peak_spread": {
        "mean": 0.5,
        "var": 0
    },
    "bpm_histogram_first_peak_weight": {
        "mean": 0.181818187237,
        "var": 0
    },
    "bpm_histogram_second_peak_bpm": {
        "mean": 126,
        "var": 0
    },
    "bpm_histogram_second_peak_spread": {
        "mean": 0.518518507481,
        "var": 0
    },
    "bpm_histogram_second_peak_weight": {
        "mean": 0.13131313026,
        "var": 0
    },
    "danceability": 1.01546013355,
    "onset_rate": 2.74915552139,
    "beats_loudness_band_ratio": {
        "mean": [0.186948657036, 0.536086678505, 0.227048128843, 0.150235489011, 0.0150520624593, 0.0115626929328],
        "var": [0.0417931638658, 0.0718073099852, 0.0385098829865, 0.0441669337451, 0.000729229475837, 0.00311910151504]
    },
    "beats_position": [0.476009070873, 0.940408170223, 1.4164172411, 1.88081634045, 2.34521532059, 2.83283448219, 3.28562355042, 3.73841261864, 4.21442174911, 4.69043064117, 5.16644001007, 5.64244890213, 6.11845779419, 6.59446716309, 7.05886602402, 7.52326536179, 7.98766422272, 8.46367359161, 8.93968200684, 9.42730140686, 9.90331077576, 10.379319191, 10.866938591, 11.3313379288, 11.7957363129, 12.2717456818, 12.7477550507, 13.235373497, 13.722992897, 14.2106122971, 14.7098407745, 15.15102005, 15.6038093567, 16.0449886322, 16.4629478455, 16.8809070587, 17.298866272, 17.7052154541, 18.088344574, 18.483083725, 18.877822876, 19.2609519958, 19.6208610535, 19.9923801422, 20.3755092621, 20.7470283508, 21.1185474396, 21.5016784668, 21.8731975555, 22.2447166443, 22.616235733, 22.9877548218, 23.3592739105, 23.9165534973, 24.4738311768, 25.0195007324, 25.5651702881, 26.1340579987, 26.6913375854, 27.2486171722, 27.8058948517, 28.3631744385, 28.9204521179, 29.4893417358, 30.0698413849, 30.6271190643, 31.1843986511, 31.7648983002, 32.3337860107, 32.8330154419, 33.3438529968, 33.8546943665, 34.2726516724, 34.6790008545, 35.0853500366, 35.4684791565, 35.8516082764, 36.2347373962, 36.6178665161, 36.9893875122, 37.3609046936, 37.7440338135, 38.1271629333, 38.4986839294, 38.8702049255, 39.2417221069, 39.6248512268, 40.0079803467, 40.3911094666, 40.7742385864, 41.1457595825, 41.5288887024, 41.9120178223, 42.2835350037, 42.6550559998, 43.0381851196, 43.4213142395, 43.8160552979, 44.1875724792, 44.5590934753]
},
"tonal": {
    "chords_changes_rate": 0.0545267499983,
    "chords_number_rate": 0.00720164598897,
    "chords_strength": {
        "mean": 0.506948173046,
        "var": 0.00434737280011
    },
    "hpcp_entropy": {
        "mean": 1.31834232807,
        "var": 0.482617050409
    },
    "key_strength": 0.755394160748,
    "tuning_diatonic_strength": 0.571348845959,
    "tuning_equal_tempered_deviation": 0.0414824411273,
    "tuning_frequency": 442.293365479,
    "tuning_nontempered_energy_ratio": 0.640549182892,
    "hpcp": {
        "mean": [0.0784531086683, 0.0620187185705, 0.0490630753338, 0.0699101611972, 0.0724732577801, 0.0700034201145, 0.0862413272262, 0.12925979495, 0.411096632481, 0.598374307156, 0.298817634583, 0.0399057231843, 0.0186258405447, 0.0142980292439, 0.0457582809031, 0.0701058655977, 0.046705275774, 0.0542331635952, 0.100302740932, 0.0745668932796, 0.0195043236017, 0.00860509648919, 0.00558604858816, 0.0309740249068, 0.0500808767974, 0.0320929810405, 0.0311165321618, 0.0500099137425, 0.0850338935852, 0.32175335288, 0.429300069809, 0.180455639958, 0.0236859284341, 0.0140488343313, 0.0208245031536, 0.0520539805293],
        "var": [0.0434937514365, 0.0322969630361, 0.021353719756, 0.0353436134756, 0.0356879718602, 0.0370331592858, 0.0517001636326, 0.065329246223, 0.0869516432285, 0.155387371778, 0.0594015084207, 0.0124263763428, 0.00626938045025, 0.00485593965277, 0.0177387166768, 0.027470946312, 0.0138556761667, 0.013198107481, 0.040015950799, 0.0251921806484, 0.00550664542243, 0.00213454035111, 0.000507911841851, 0.00947216805071, 0.0240861866623, 0.01067576278, 0.0162526946515, 0.0311436392367, 0.0316496863961, 0.081796489656, 0.144752815366, 0.0385841950774, 0.00985804479569, 0.00654866965488, 0.00953539088368, 0.0229624528438]
    },
    "chords_histogram": [63.2716064453, 0, 4.11522626877, 0, 0, 16.1522636414, 0, 1.33744859695, 0, 0.514403283596, 6.48148155212, 0, 0, 0, 0, 0.205761313438, 1.23456788063, 6.58436203003, 0.102880656719, 0, 0, 0, 0, 0],
    "thpcp": [1, 0.499382466078, 0.06669023633, 0.0311274062842, 0.02389479056, 0.0764710009098, 0.11716055125, 0.0780536085367, 0.0906341746449, 0.167625412345, 0.124615803361, 0.0325955227017, 0.0143807921559, 0.00933537539095, 0.0517636276782, 0.0836948975921, 0.0536336228251, 0.0520017854869, 0.0835763067007, 0.142108201981, 0.5377125144, 0.717444002628, 0.301576524973, 0.0395837984979, 0.0234783384949, 0.034801799804, 0.0869923382998, 0.131110429764, 0.103645354509, 0.0819939523935, 0.116833493114, 0.121116928756, 0.116989351809, 0.144126057625, 0.216018289328, 0.687022507191],
    "chords_key": "C",
    "chords_scale": "minor",
    "key_key": "C",
    "key_scale": "minor"
}
}