{
"lowlevel": {
    "average_loudness": 0.025234112516,
    "barkbands_crest": {
        "mean": 17.9357585907,
        "var": 31.6611976624
    },
    "barkbands_flatness_db": {
        "mean": 0.332578420639,
        "var": 0.00650174403563
    },
    "barkbands_kurtosis": {
        "mean": 71.1248626709,
        "var": 54024
    },
    "barkbands_skewness": {
        "mean": 3.62702202797,
        "var": 19.4254112244
    },
    "barkbands_spread": {
        "mean": 3.84794306755,
        "var": 18.3239574432
    },
    "dissonance": {
        "mean": 0.363111287355,
        "var": 0.00486024515703
    },
    "dynamic_complexity": 7.80833673477,
    "erbbands_crest": {
        "mean": 16.9543514252,
        "var": 39.0170402527
    },
    "erbbands_flatness_db": {
        "mean": 0.305661678314,
        "var": 0.0045878184028
    },
    "erbbands_kurtosis": {
        "mean": 22.6259746552,
        "var": 1581.01159668
    },
    "erbbands_skewness": {
        "mean": 2.63148784637,
        "var": 6.48124647141
    },
    "erbbands_spread": {
        "mean": 13.6262283325,
        "var": 134.664779663
    },
    "hfc": {
        "mean": 5.09424209595,
        "var": 178.162658691
    },
    "melbands_crest": {
        "mean": 20.1663627625,
        "var": 28.8134822845
    },
    "melbands_flatness_db": {
        "mean": 0.428882300854,
        "var": 0.00888866372406
    },
    "melbands_kurtosis": {
        "mean": 34.4297332764,
        "var": 2447.70581055
    },
    "melbands_skewness": {
        "mean": 2.97302365303,
        "var": 5.39631700516
    },
    "melbands_spread": {
        "mean": 4.75269985199,
        "var": 38.6289825439
    },
    "pitch_salience": {
        "mean": 0.412974178791,
        "var": 0.0269943363965
    },
    "silence_rate_20dB": {
        "mean": 1,
        "var": 0
    },
    "silence_rate_30dB": {
        "mean": 0.986096799374,
        "var": 0.0137099251151
    },
    "silence_rate_60dB": {
        "mean": 0.559217274189,
        "var": 0.24648848176
    },
    "spectral_centroid": {
        "mean": 398.473358154,
        "var": 85762.3046875
    },
    "spectral_complexity": {
        "mean": 3.87075185776,
        "var": 12.8345909119
    },
    "spectral_decrease": {
        "mean": -2.82681145158e-009,
        "var": 3.09265956549e-017
    },
    "spectral_energy": {
        "mean": 0.0111311022192,
        "var": 0.000488609133754
    },
    "spectral_energyband_high": {
        "mean": 1.1243836525e-005,
        "var": 2.32227614916e-009
    },
    "spectral_energyband_low": {
        "mean": 0.000578158709686,
        "var": 2.15381510316e-006
    },
    "spectral_energyband_middle_high": {
        "mean": 0.00155968440231,
        "var": 5.37195373909e-005
    },
    "spectral_energyband_middle_low": {
        "mean": 0.00924079678953,
        "var": 0.000327061337885
    },
    "spectral_entropy": {
        "mean": 5.6843085289,
        "var": 0.730893075466
    },
    "spectral_flux": {
        "mean": 0.0314864479005,
        "var": 0.00109476409853
    },
    "spectral_kurtosis": {
        "mean": 31.664855957,
        "var": 518.89251709
    },
    "spectral_rms": {
        "mean": 0.00234689796343,
        "var": 5.35166827831e-006
    },
    "spectral_rolloff": {
        "mean": 457.849395752,
        "var": 284987.8125
    },
    "spectral_skewness": {
        "mean": 4.09228992462,
        "var": 2.78664135933
    },
    "spectral_spread": {
        "mean": 2451893.75,
        "var": 1.80226752512e+012
    },
    "spectral_strongpeak": {
        "mean": 0.659679353237,
        "var": 1.30813550949
    },
    "zerocrossingrate": {
        "mean": 0.0172034911811,
        "var": 0.000210568527109
    },
    "barkbands": {
        "mean": [1.33291621296e-006, 5.75899030082e-005, 0.000274476333288, 0.000671076588333, 0.00319181592204, 0.00389342661947, 0.000922841893043, 0.000203949603019, 0.000328017806169, 0.000300087907817, 0.00023618346313, 0.000470582948765, 0.000170763436472, 0.000124427228002, 0.000162923199241, 4.72715764772e-005, 3.369654587e-005, 1.5391391571e-005, 8.82798485691e-006, 7.69515463617e-006, 4.81455072077e-006, 2.01294869839e-006, 4.2510947651e-007, 9.97129404823e-007, 2.11168156738e-007, 2.70375181799e-007, 1.04962838421e-008],
        "var": [4.36937682216e-012, 1.95800300418e-008, 8.62056765527e-007, 3.28289911522e-006, 5.09990240971e-005, 0.000230257734074, 3.28733731294e-005, 7.39393669846e-007, 1.32299794586e-006, 4.37371227235e-006, 5.95670996972e-007, 3.41935628967e-005, 3.26021364572e-007, 2.48882457754e-007, 3.95543935383e-007, 3.47841542236e-008, 2.01599981153e-008, 9.76024772115e-009, 2.57935095505e-009, 9.02608821018e-010, 3.83929055214e-010, 1.52390516872e-010, 7.63996591685e-012, 1.31741548226e-010, 6.3737921191e-012, 1.83248251642e-012, 2.29912397511e-015]
    },
    "erbbands": {
        "mean": [0.000604750879575, 0.0207932069898, 0.244323894382, 1.29359376431, 3.54378557205, 16.015083313, 23.1949234009, 31.5441684723, 15.7865982056, 7.00430107117, 3.54054880142, 5.13011169434, 9.01323413849, 12.2084236145, 9.91847038269, 22.9410209656, 8.32452106476, 6.1025519371, 6.41352796555, 8.98910427094, 3.03677916527, 1.62248265743, 0.858251273632, 0.600702464581, 0.457480698824, 0.410338580608, 0.200070902705, 0.18702711165, 0.0918906629086, 0.0207118727267, 0.0123057663441, 0.0210743807256, 0.0138091137633, 0.0034106161911, 0.00112509098835, 0.000890756840818, 0.000574872887228, 8.12800135463e-005, 7.15804117135e-006, 1.25912292788e-005],
        "var": [1.8626350311e-006, 0.00198968243785, 0.497581988573, 10.7350692749, 77.7006149292, 1588.96716309, 4378.84082031, 15576.0771484, 9586.16601563, 559.132141113, 157.02973938, 251.957061768, 1139.83325195, 3519.31640625, 1191.92956543, 89440.6875, 1029.66711426, 575.315063477, 1061.96508789, 1718.19750977, 98.1936721802, 39.1998214722, 16.4763774872, 15.3650751114, 5.48300743103, 2.59135222435, 0.618308246136, 0.679193079472, 0.353678554296, 0.0117635028437, 0.00795092899352, 0.0627108588815, 0.0209766328335, 0.00148529012222, 0.000218036482693, 2.74511257885e-005, 9.01543171494e-006, 1.70174843106e-007, 2.95836161124e-010, 6.41924735589e-010]
    },
    "gfcc": {
        "mean": [-260.475738525, 152.645797729, -90.3709716797, 1.21832811832, -50.4240760803, -23.0092124939, -46.1678886414, -23.9484138489, -31.9827442169, -5.01973485947, -13.1206560135, -0.795800805092, -2.5861890316],
        "cov": [[13272.4033203, 356.005310059, -4543.00097656, -1618.45178223, -46.509475708, 313.959075928, 262.803649902, -544.873596191, -185.390029907, -510.449554443, -224.940551758, -536.212646484, 161.164733887], [356.005310059, 1109.83666992, 406.023101807, -228.957519531, 322.850708008, 112.32774353, 244.562759399, -51.730342865, 4.73779773712, -207.800476074, -74.668182373, -188.179000854, -48.9936180115], [-4543.00097656, 406.023101807, 2323.78149414, 778.937683105, 192.950942993, -42.9439315796, 14.1772699356, 193.102401733, 67.7320251465, 103.140151978, 86.545173645, 155.938598633, -91.8804550171], [-1618.45178223, -228.957519531, 778.937683105, 847.485595703, 99.5593490601, 23.3225860596, -30.3679103851, 132.487335205, 68.9154434204, 136.83442688, 58.0063972473, 91.7418441772, -35.5122909546], [-46.509475708, 322.850708008, 192.950942993, 99.5593490601, 399.210144043, 92.5923080444, 85.4988174438, 2.66899871826, -15.9810657501, -61.5227546692, -83.0950164795, -32.7146453857, 44.0184326172], [313.959075928, 112.32774353, -42.9439315796, 23.3225860596, 92.5923080444, 310.209747314, 145.910385132, 83.4346694946, 10.5596199036, -56.8113212585, -56.4463691711, -99.1714553833, -105.877311707], [262.803649902, 244.562759399, 14.1772699356, -30.3679103851, 85.4988174438, 145.910385132, 209.770721436, 88.0694580078, 25.9587841034, -26.5836219788, -39.0291023254, -85.6310195923, -108.893875122], [-544.873596191, -51.730342865, 193.102401733, 132.487335205, 2.66899871826, 83.4346694946, 88.0694580078, 215.993148804, 104.056472778, 108.021408081, 22.4614009857, 13.7497587204, -100.17073822], [-185.390029907, 4.73779773712, 67.7320251465, 68.9154434204, -15.9810657501, 10.5596199036, 25.9587841034, 104.056472778, 165.602722168, 122.112174988, 83.3184661865, 24.9863681793, -49.1699066162], [-510.449554443, -207.800476074, 103.140151978, 136.83442688, -61.5227546692, -56.8113212585, -26.5836219788, 108.021408081, 122.112174988, 252.702209473, 161.275283813, 133.120880127, -25.7533969879], [-224.940551758, -74.668182373, 86.545173645, 58.0063972473, -83.0950164795, -56.4463691711, -39.0291023254, 22.4614009857, 83.3184661865, 161.275283813, 245.745574951, 167.607803345, 24.7854652405], [-536.212646484, -188.179000854, 155.938598633, 91.7418441772, -32.7146453857, -99.1714553833, -85.6310195923, 13.7497587204, 24.9863681793, 133.120880127, 167.607803345, 253.802215576, 113.886833191], [161.164733887, -48.9936180115, -91.8804550171, -35.5122909546, 44.0184326172, -105.877311707, -108.893875122, -100.17073822, -49.1699066162, -25.7533969879, 24.7854652405, 113.886833191, 239.260177612]],
        "icov": [[0.000363840314094, -0.000487852375954, 0.000865404261276, -0.000289005198283, 0.000132632645546, -0.000135676120408, -9.13003168534e-005, 0.000209523001104, 6.52159797028e-005, 0.000128218365717, -0.000114579546789, -9.12762989174e-005, -1.12967300083e-005], [-0.000487852375954, 0.00521729839966, -0.00274523184635, 0.00239836680703, -0.00285377213731, 0.00130832730792, -0.00443905266002, 0.00177999958396, -0.00266640237533, 0.0028933538124, -0.00339418835938, 0.0036935263779, -0.00111541477963], [0.000865404261276, -0.00274523184635, 0.00338168418966, -0.00198830198497, 0.000811262289062, -0.000143270430272, 0.00145327765495, -0.000843005836941, 0.00111086003017, 0.000142987511936, 0.000620326027274, -0.00207972945645, 0.00112363463268], [-0.000289005198283, 0.00239836680703, -0.00198830198497, 0.00315733253956, -0.00168694427703, -8.81317987478e-007, -0.000875889963936, 0.00023337683524, -0.000975409639068, 0.000172085390659, -0.00126172753517, 0.00178608426359, -0.000501487753354], [0.000132632645546, -0.00285377213731, 0.000811262289062, -0.00168694427703, 0.00572145311162, -0.00182102585677, 0.000142018223414, 0.000454005901702, 0.000633615069091, -0.00253004254773, 0.0040948567912, -0.00237284344621, -0.00165314530022], [-0.000135676120408, 0.00130832730792, -0.000143270430272, -8.81317987478e-007, -0.00182102585677, 0.00642709806561, -0.00303105753846, -0.00207286234945, -8.58123094076e-005, 0.00333193340339, -0.00237577105872, 0.00146198063157, 0.0011271542171], [-9.13003168534e-005, -0.00443905266002, 0.00145327765495, -0.000875889963936, 0.000142018223414, -0.00303105753846, 0.0154638066888, -0.00634203245863, 0.00330092897639, -0.00124934443738, 0.00128197844606, -0.0019470716361, 0.00393383949995], [0.000209523001104, 0.00177999958396, -0.000843005836941, 0.00023337683524, 0.000454005901702, -0.00207286234945, -0.00634203245863, 0.0146941002458, -0.00661205500364, -0.00330364145339, 0.00428271805868, -0.00248484848998, 0.00122367963195], [6.52159797028e-005, -0.00266640237533, 0.00111086003017, -0.000975409639068, 0.000633615069091, -8.58123094076e-005, 0.00330092897639, -0.00661205500364, 0.0148685611784, -0.00555199105293, -0.00291107059456, 0.00287254783325, -0.000336327415425], [0.000128218365717, 0.0028933538124, 0.000142987511936, 0.000172085390659, -0.00253004254773, 0.00333193340339, -0.00124934443738, -0.00330364145339, -0.00555199105293, 0.0159837733954, -0.00705005368218, -0.00130660855211, 0.00250648055226], [-0.000114579546789, -0.00339418835938, 0.000620326027274, -0.00126172753517, 0.0040948567912, -0.00237577105872, 0.00128197844606, 0.00428271805868, -0.00291107059456, -0.00705005368218, 0.0162493884563, -0.0105137405917, 0.0019689979963], [-9.12762989174e-005, 0.0036935263779, -0.00207972945645, 0.00178608426359, -0.00237284344621, 0.00146198063157, -0.0019470716361, -0.00248484848998, 0.00287254783325, -0.00130660855211, -0.0105137405917, 0.0175060387701, -0.00735270231962], [-1.12967300083e-005, -0.00111541477963, 0.00112363463268, -0.000501487753354, -0.00165314530022, 0.0011271542171, 0.00393383949995, 0.00122367963195, -0.000336327415425, 0.00250648055226, 0.0019689979963, -0.00735270231962, 0.0109180184081]]
    },
    "melbands": {
        "mean": [1.03136972029e-005, 9.12870164029e-005, 0.000291882344754, 0.000632506795228, 0.000883981701918, 0.000715391535778, 0.000216632513911, 6.75209303154e-005, 2.42891528615e-005, 4.11446744693e-005, 4.7470395657e-005, 5.05313655594e-005, 3.49091460521e-005, 4.99705201946e-005, 4.07415100199e-005, 1.18670404845e-005, 1.11024191938e-005, 1.18428561109e-005, 8.99273163668e-006, 8.10765686765e-006, 3.27569614456e-006, 1.92691800294e-006, 8.53603410178e-007, 9.43384009133e-007, 4.1309789367e-007, 3.42429473221e-007, 3.19519529057e-007, 2.46894131806e-007, 1.12891889614e-007, 1.3637405516e-007, 9.61001873634e-008, 6.32997867456e-008, 1.84991471031e-008, 8.10803157947e-009, 6.4520615517e-009, 8.35223978868e-009, 1.55979336114e-008, 1.23289414233e-008, 4.16132595049e-009, 2.28852159445e-009],
        "var": [6.25387963638e-010, 6.97937920791e-008, 5.47645640836e-007, 2.01452144211e-006, 4.49215531262e-006, 7.98573637439e-006, 1.9394260562e-006, 4.2543170764e-008, 7.23552551207e-009, 1.94899971717e-008, 3.75279398668e-008, 7.89229517295e-008, 1.34913387129e-008, 4.09140568536e-007, 1.2370273339e-007, 1.10531839237e-009, 2.50758613873e-009, 4.20376800037e-009, 1.3132931409e-009, 1.46195455741e-009, 1.68525346456e-010, 6.16296666478e-011, 1.98700344373e-011, 3.97326060941e-011, 7.97497831662e-012, 6.12041580611e-012, 1.66042537792e-012, 1.04389879987e-012, 2.3776025094e-013, 3.62355165404e-013, 2.20906043566e-013, 2.2060708837e-013, 9.57056004949e-015, 2.18753204299e-015, 2.0425824711e-015, 5.61057090679e-015, 4.05423477179e-014, 1.8827756872e-014, 1.03283301237e-015, 1.08765160828e-015]
    },
    "mfcc": {
        "mean": [-902.374145508, 168.693283081, 23.477148056, 15.9349460602, 5.48908138275, -1.16931831837, -10.6251020432, -19.3131256104, -16.6663417816, -18.7779827118, -16.142993927, -6.67033815384, -4.4511680603],
        "cov": [[11694.1376953, 1846.90063477, -4816.70410156, -1379.63586426, -937.408813477, 97.4446411133, 105.932060242, -356.433288574, 152.39881897, -80.005355835, -354.961853027, -204.696975708, -512.960021973], [1846.90063477, 1399.70837402, -502.247589111, -441.72253418, -72.3840637207, 106.442214966, 168.693756104, 82.9164123535, 80.1266403198, -6.82762241364, -38.8361968994, -93.2926025391, -121.358383179], [-4816.70410156, -502.247589111, 2690.29638672, 778.240783691, 470.67288208, 45.2203979492, 37.1880340576, 270.097961426, -67.1561126709, 31.4885063171, 201.568771362, 197.940078735, 283.987182617], [-1379.63586426, -441.72253418, 778.240783691, 616.085205078, 278.162506104, 40.8975410461, -1.03266620636, 37.0226097107, -1.82905292511, 8.46209526062, 46.6809387207, 98.8788146973, 119.128585815], [-937.408813477, -72.3840637207, 470.67288208, 278.162506104, 312.541351318, 105.519287109, 33.4998474121, 74.8105926514, 38.1898460388, 29.714925766, 17.3410434723, 1.45922470093, 22.4486961365], [97.4446411133, 106.442214966, 45.2203979492, 40.8975410461, 105.519287109, 164.756439209, 112.755012512, 73.2701568604, 57.1563529968, 25.1244316101, 0.318782538176, -21.9032249451, -36.031036377], [105.932060242, 168.693756104, 37.1880340576, -1.03266620636, 33.4998474121, 112.755012512, 180.236587524, 118.244216919, 64.5450515747, 31.1752586365, 20.2116794586, -5.76840209961, -29.2674846649], [-356.433288574, 82.9164123535, 270.097961426, 37.0226097107, 74.8105926514, 73.2701568604, 118.244216919, 183.884536743, 80.9991226196, 42.9380302429, 59.0522956848, 19.974237442, 2.82775568962], [152.39881897, 80.1266403198, -67.1561126709, -1.82905292511, 38.1898460388, 57.1563529968, 64.5450515747, 80.9991226196, 139.990402222, 87.345199585, 7.15683698654, -35.4305343628, -36.0191192627], [-80.005355835, -6.82762241364, 31.4885063171, 8.46209526062, 29.714925766, 25.1244316101, 31.1752586365, 42.9380302429, 87.345199585, 136.703536987, 75.0902862549, 14.0713300705, 10.1934900284], [-354.961853027, -38.8361968994, 201.568771362, 46.6809387207, 17.3410434723, 0.318782538176, 20.2116794586, 59.0522956848, 7.15683698654, 75.0902862549, 196.937255859, 164.179138184, 91.46144104], [-204.696975708, -93.2926025391, 197.940078735, 98.8788146973, 1.45922470093, -21.9032249451, -5.76840209961, 19.974237442, -35.4305343628, 14.0713300705, 164.179138184, 272.387908936, 188.625991821], [-512.960021973, -121.358383179, 283.987182617, 119.128585815, 22.4486961365, -36.031036377, -29.2674846649, 2.82775568962, -36.0191192627, 10.1934900284, 91.46144104, 188.625991821, 229.018478394]],
        "icov": [[0.000795188592747, -0.000860156258568, 0.00140996067785, -0.00120685098227, 0.00171692867298, -0.00167729775421, 0.00144740892574, -0.00153426418547, 0.00140038924292, -0.00157919968478, 0.00193370762281, -0.00194649829064, 0.00109787750989], [-0.000860156258568, 0.00213417573832, -0.00158598122653, 0.00257768691517, -0.00267530139536, 0.00205515814014, -0.00294475909323, 0.00239674863406, -0.00256155850366, 0.00279919314198, -0.00246796407737, 0.00216114358045, -0.00131204724312], [0.00140996067785, -0.00158598122653, 0.00356633891352, -0.00316000403836, 0.00268522556871, -0.00283999624662, 0.00326560693793, -0.00518419221044, 0.00466308137402, -0.00359024107456, 0.00316486926749, -0.0025668758899, 0.00105377845466], [-0.00120685098227, 0.00257768691517, -0.00316000403836, 0.00734239025041, -0.00659998552874, 0.00411398755386, -0.00513930013403, 0.0061421142891, -0.00553863868117, 0.00470409682021, -0.00283799227327, 0.00137964973692, -0.00175985705573], [0.00171692867298, -0.00267530139536, 0.00268522556871, -0.00659998552874, 0.0132790384814, -0.0102224089205, 0.00828345865011, -0.0066214967519, 0.00437953183427, -0.005373835098, 0.00464846985415, -0.00291589833796, 0.00223495159298], [-0.00167729775421, 0.00205515814014, -0.00283999624662, 0.00411398755386, -0.0102224089205, 0.0198406036943, -0.013465189375, 0.00652555795386, -0.00585045106709, 0.00488346768543, -0.00413228245452, 0.00303785409778, -0.000953268667217], [0.00144740892574, -0.00294475909323, 0.00326560693793, -0.00513930013403, 0.00828345865011, -0.013465189375, 0.0214293263853, -0.0143491793424, 0.0069305957295, -0.00697368010879, 0.00609751464799, -0.00453324662521, 0.00298971659504], [-0.00153426418547, 0.00239674863406, -0.00518419221044, 0.0061421142891, -0.0066214967519, 0.00652555795386, -0.0143491793424, 0.0248785931617, -0.0174168981612, 0.012713804841, -0.0112985493615, 0.00528959557414, -0.00254769483581], [0.00140038924292, -0.00256155850366, 0.00466308137402, -0.00553863868117, 0.00437953183427, -0.00585045106709, 0.0069305957295, -0.0174168981612, 0.0298970453441, -0.0219485796988, 0.012967328541, -0.00573322223499, 0.0038513627369], [-0.00157919968478, 0.00279919314198, -0.00359024107456, 0.00470409682021, -0.005373835098, 0.00488346768543, -0.00697368010879, 0.012713804841, -0.0219485796988, 0.0289843250066, -0.0196162126958, 0.0121210124344, -0.00669318530709], [0.00193370762281, -0.00246796407737, 0.00316486926749, -0.00283799227327, 0.00464846985415, -0.00413228245452, 0.00609751464799, -0.0112985493615, 0.012967328541, -0.0196162126958, 0.0274861864746, -0.0200455337763, 0.00883373245597], [-0.00194649829064, 0.00216114358045, -0.0025668758899, 0.00137964973692, -0.00291589833796, 0.00303785409778, -0.00453324662521, 0.00528959557414, -0.00573322223499, 0.0121210124344, -0.0200455337763, 0.0248814281076, -0.014558956027], [0.00109787750989, -0.00131204724312, 0.00105377845466, -0.00175985705573, 0.00223495159298, -0.000953268667217, 0.00298971659504, -0.00254769483581, 0.0038513627369, -0.00669318530709, 0.00883373245597, -0.014558956027, 0.0151503803208]]
    },
    "spectral_contrast_coeffs": {
        "mean": [-0.524968266487, -0.666729986668, -0.793349444866, -0.804047167301, -0.837216198444, -0.80396437645],
        "var": [0.0155771560967, 0.0142554100603, 0.0124983917922, 0.00849140528589, 0.00371193536557, 0.00237458478659]
    },
    "spectral_contrast_valleys": {
        "mean": [-9.78893756866, -8.75653934479, -9.64619064331, -10.2120809555, -10.5809869766, -13.5244922638],
        "var": [1.19118416309, 1.48115086555, 1.86638975143, 1.7621986866, 1.29345655441, 0.853785037994]
    }
},
"metadata": {
    "audio_properties": {
        "analysis_sample_rate": 44100,
        "bit_rate": 128074,
        "equal_loudness": 0,
        "length": 45.0612258911,
        "lossless": 0,
        "replay_gain": -5.64115142822,
        "sample_rate": 44100,
        "codec": "mp3",
        "downmix": "mix",
        "md5_encoded": "c92dbe26062bd8248c6e85910f7cad86"
    },
    "tags": {
        "file_name": "1011.mp3"
    },
    "version": {
        "essentia": "2.1-beta2",
        "essentia_git_sha": "v2.1_beta2",
        "extractor": "music 1.0"
    }
},
"rhythm": {
    "beats_count": 84,
    "beats_loudness": {
        "mean": 0.0149802835658,
        "var": 0.00059530546423
    },
    "bpm": 112.450141907,
    "bpm_histogram_first_peak_bpm": {
        "mean": 112,
        "var": 0
    },
    "bpm_histogram_first_peak_spread": {
        "mean": 0.521739125252,
        "var": 0
    },
    "bpm_histogram_first_peak_weight": {
        "mean": 0.397590368986,
        "var": 0
    },
    "bpm_histogram_second_peak_bpm": {
        "mean": 117,
        "var": 0
    },
    "bpm_histogram_second_peak_spread": {
        "mean": 0.300000011921,
        "var": 0
    },
    "bpm_histogram_second_peak_weight": {
        "mean": 0.0843373462558,
        "var": 0
    },
    "danceability": 0.840858578682,
    "onset_rate": 5.61205291748,
    "beats_loudness_band_ratio": {
        "mean": [0.216032937169, 0.646605610847, 0.166606068611, 0.0374074056745, 0.00721146864817, 0.000555609061848],
        "var": [0.0700180456042, 0.106586441398, 0.068567417562, 0.00693424325436, 0.000235227897065, 1.77571132554e-006]
    },
    "beats_position": [0.510838985443, 1.03328800201, 1.53251695633, 2.00852608681, 2.50775504112, 3.01859402657, 3.55265307426, 4.07510185242, 4.59755086899, 5.13160991669, 5.66566896439, 6.18811798096, 6.73378658295, 7.26784563065, 7.80190467834, 8.33596324921, 8.87002277374, 9.4040813446, 9.93814086914, 10.47219944, 11.0062580109, 11.5287075043, 12.0627660751, 12.5852155685, 13.1192741394, 13.6649427414, 14.1990022659, 14.7214508057, 15.2555103302, 15.7895689011, 16.3352375031, 16.8809070587, 17.4149665833, 17.9606342316, 18.5063037872, 19.0403633118, 19.5628108978, 20.0852603912, 20.6077098846, 21.1185474396, 21.6526069641, 22.1866664886, 22.7323360443, 23.2663936615, 23.800453186, 24.3229026794, 24.8453502655, 25.3561897278, 25.8786392212, 26.4010887146, 26.9467563629, 27.4924259186, 28.0264854431, 28.5605430603, 29.0946025848, 29.6286621094, 30.1859397888, 30.7199993134, 31.2424488068, 31.7648983002, 32.2873458862, 32.8097953796, 33.3554649353, 33.8895225525, 34.4351921082, 34.9808616638, 35.514919281, 36.0489807129, 36.5946464539, 37.1287078857, 37.6627655029, 38.2084350586, 38.7889328003, 39.3810424805, 39.9383201599, 40.4491615295, 40.9832191467, 41.5056686401, 42.0281181335, 42.5389556885, 43.0265769958, 43.5374145508, 44.0366439819, 44.5474815369]
},
"tonal": {
    "chords_changes_rate": 0.0761316865683,
    "chords_number_rate": 0.0144032919779,
    "chords_strength": {
        "mean": 0.499341338873,
        "var": 0.00945726968348
    },
    "hpcp_entropy": {
        "mean": 1.86620521545,
        "var": 0.619353950024
    },
    "key_strength": 0.812094330788,
    "tuning_diatonic_strength": 0.649747788906,
    "tuning_equal_tempered_deviation": 0.145851448178,
    "tuning_frequency": 441.782684326,
    "tuning_nontempered_energy_ratio": 0.839471638203,
    "hpcp": {
        "mean": [0.125134676695, 0.0834262594581, 0.0396713390946, 0.0652563348413, 0.121661044657, 0.198418587446, 0.269140183926, 0.234195932746, 0.138867527246, 0.0602981336415, 0.0353023968637, 0.039813067764, 0.0292399078608, 0.0363090969622, 0.0761419758201, 0.0805084705353, 0.0443057045341, 0.0262192990631, 0.0293842498213, 0.0575127787888, 0.201832592487, 0.319983780384, 0.183462515473, 0.0370804183185, 0.0183531623334, 0.0422391146421, 0.094582863152, 0.0726620852947, 0.0300158597529, 0.0575032420456, 0.0966941267252, 0.0837129950523, 0.0427798740566, 0.0193165652454, 0.0245662163943, 0.086680136621],
        "var": [0.0828628614545, 0.0405313111842, 0.0128714023158, 0.0332549586892, 0.0700128301978, 0.0877259150147, 0.137253075838, 0.108133658767, 0.0766180753708, 0.0282070077956, 0.0108508449048, 0.0126987490803, 0.00619199220091, 0.00957591924816, 0.0388683341444, 0.0453612543643, 0.0197073090822, 0.00966514181346, 0.0109521988779, 0.0225296635181, 0.0794422030449, 0.16435213387, 0.0667715743184, 0.0161100067198, 0.0083189336583, 0.0165255460888, 0.0628053545952, 0.0295332483947, 0.0102073466405, 0.0331145711243, 0.0580181963742, 0.0451343804598, 0.0178422238678, 0.00623655738309, 0.00948259234428, 0.047103613615]
    },
    "chords_histogram": [14.7119340897, 4.62962961197, 9.67078208923, 0, 0, 11.5226335526, 1.02880656719, 0.514403283596, 10.5967073441, 13.1687240601, 0, 1.13168728352, 0, 1.13168728352, 0, 0, 5.45267486572, 3.90946507454, 0, 0, 0, 7.81893014908, 10.5967073441, 4.11522626877],
    "thpcp": [1, 0.573349416256, 0.115882180631, 0.0573565401137, 0.13200391829, 0.295586436987, 0.227080523968, 0.0938043147326, 0.179706737399, 0.302184462547, 0.261616379023, 0.133693888783, 0.0603673271835, 0.0767733156681, 0.270889163017, 0.391065686941, 0.260720282793, 0.123979218304, 0.203936383128, 0.380210042, 0.620089530945, 0.841105699539, 0.731899380684, 0.433983027935, 0.188441216946, 0.110325582325, 0.124422140419, 0.0913793444633, 0.113471679389, 0.237955734134, 0.251601725817, 0.138462349772, 0.0819394662976, 0.091830432415, 0.179736539721, 0.630758821964],
    "chords_key": "E",
    "chords_scale": "minor",
    "key_key": "E",
    "key_scale": "minor"
}
}