{
"lowlevel": {
    "average_loudness": 0.954996228218,
    "barkbands_crest": {
        "mean": 13.7616605759,
        "var": 26.9745845795
    },
    "barkbands_flatness_db": {
        "mean": 0.32754868269,
        "var": 0.00507866078988
    },
    "barkbands_kurtosis": {
        "mean": 22.5086402893,
        "var": 2665.37231445
    },
    "barkbands_skewness": {
        "mean": 2.50401329994,
        "var": 4.98709917068
    },
    "barkbands_spread": {
        "mean": 6.91313934326,
        "var": 56.8351211548
    },
    "dissonance": {
        "mean": 0.427545309067,
        "var": 0.00260264379904
    },
    "dynamic_complexity": 3.74139475822,
    "erbbands_crest": {
        "mean": 13.4138584137,
        "var": 28.0771064758
    },
    "erbbands_flatness_db": {
        "mean": 0.294123888016,
        "var": 0.00272319535725
    },
    "erbbands_kurtosis": {
        "mean": 7.89435052872,
        "var": 505.744354248
    },
    "erbbands_skewness": {
        "mean": 1.46518743038,
        "var": 3.98506903648
    },
    "erbbands_spread": {
        "mean": 23.952501297,
        "var": 265.685394287
    },
    "hfc": {
        "mean": 9.14853668213,
        "var": 96.5086288452
    },
    "melbands_crest": {
        "mean": 18.0148143768,
        "var": 32.1532058716
    },
    "melbands_flatness_db": {
        "mean": 0.440318077803,
        "var": 0.00770872319117
    },
    "melbands_kurtosis": {
        "mean": 34.4654579163,
        "var": 1671.00415039
    },
    "melbands_skewness": {
        "mean": 3.45273137093,
        "var": 5.40285348892
    },
    "melbands_spread": {
        "mean": 7.76388025284,
        "var": 104.122131348
    },
    "pitch_salience": {
        "mean": 0.506226658821,
        "var": 0.0193064305931
    },
    "silence_rate_20dB": {
        "mean": 1,
        "var": 0
    },
    "silence_rate_30dB": {
        "mean": 0.998455226421,
        "var": 0.00154241267592
    },
    "silence_rate_60dB": {
        "mean": 0.067971162498,
        "var": 0.0633521452546
    },
    "spectral_centroid": {
        "mean": 486.897613525,
        "var": 216502.890625
    },
    "spectral_complexity": {
        "mean": 9.28321361542,
        "var": 47.9252586365
    },
    "spectral_decrease": {
        "mean": -6.64086430291e-009,
        "var": 3.00472894289e-017
    },
    "spectral_energy": {
        "mean": 0.0258938893676,
        "var": 0.000454388791695
    },
    "spectral_energyband_high": {
        "mean": 1.65297024068e-005,
        "var": 7.14710335359e-009
    },
    "spectral_energyband_low": {
        "mean": 0.0084781544283,
        "var": 9.26960419747e-005
    },
    "spectral_energyband_middle_high": {
        "mean": 0.00215404294431,
        "var": 1.54314820975e-005
    },
    "spectral_energyband_middle_low": {
        "mean": 0.01678519696,
        "var": 0.000376618292648
    },
    "spectral_entropy": {
        "mean": 6.01756811142,
        "var": 0.590837299824
    },
    "spectral_flux": {
        "mean": 0.0763821005821,
        "var": 0.00195175490808
    },
    "spectral_kurtosis": {
        "mean": 34.9047966003,
        "var": 618.709411621
    },
    "spectral_rms": {
        "mean": 0.00457759900019,
        "var": 4.30790123573e-006
    },
    "spectral_rolloff": {
        "mean": 510.651763916,
        "var": 506117.15625
    },
    "spectral_skewness": {
        "mean": 3.79338359833,
        "var": 3.40405869484
    },
    "spectral_spread": {
        "mean": 1788351.625,
        "var": 2.44059629158e+012
    },
    "spectral_strongpeak": {
        "mean": 0.886243999004,
        "var": 1.01988995075
    },
    "zerocrossingrate": {
        "mean": 0.0188976414502,
        "var": 0.000287207658403
    },
    "barkbands": {
        "mean": [0.000165404358995, 0.00258457753807, 0.00426933774725, 0.0021918520797, 0.00974900647998, 0.00150442426093, 0.00184023019392, 0.000187104713405, 0.00113064143807, 0.00038895153557, 9.95614682324e-005, 5.85619236517e-005, 0.000357483600965, 0.000339151505614, 0.000344736356055, 0.000395347829908, 0.00017744069919, 7.40449613659e-005, 1.67212710949e-005, 6.40726329948e-006, 7.77561126597e-006, 3.79650077775e-006, 1.04735636342e-006, 2.70437254812e-007, 4.38171383621e-008, 2.93300015386e-008, 3.90661991645e-009],
        "var": [2.32906032238e-007, 1.56978403538e-005, 2.77391864074e-005, 8.97516292753e-006, 0.000300954561681, 1.56283495016e-005, 4.41486918135e-005, 5.94706307311e-007, 1.61294465215e-005, 2.30907357945e-006, 1.65588744494e-007, 2.71838640487e-008, 1.23183622236e-006, 5.046338174e-007, 9.19242665987e-007, 1.0370659993e-006, 2.40604805413e-007, 5.35369224508e-008, 4.31692503966e-009, 6.64433230657e-010, 1.56356461112e-009, 1.02541697355e-009, 1.04983098603e-010, 3.66368480692e-012, 3.01657333281e-014, 4.88275403522e-015, 3.24207088343e-017]
    },
    "erbbands": {
        "mean": [0.0635757371783, 0.659688055515, 3.94902849197, 8.10746479034, 29.10688591, 26.5525588989, 7.88642263412, 14.9430952072, 26.96027565, 13.4303865433, 6.73584413528, 27.6724281311, 18.6189289093, 8.88224697113, 2.35514068604, 3.58231377602, 15.2442464828, 16.8185119629, 20.0401096344, 17.8057518005, 21.7937641144, 9.77114009857, 4.65528392792, 1.28768336773, 0.695358216763, 0.321720659733, 0.358939111233, 0.253580510616, 0.151752337813, 0.0597081035376, 0.0264930576086, 0.0102211190388, 0.00234360620379, 0.000603398308158, 0.000308031769237, 0.000143859972013, 5.9474758018e-005, 1.37793713293e-005, 1.26160120999e-005, 2.88729461317e-005],
        "var": [0.0216957572848, 0.80231744051, 22.3915309906, 94.5254516602, 2786.21508789, 2277.03393555, 200.702148438, 1820.32873535, 8467.41992188, 2860.95849609, 449.952728271, 11424.1083984, 3943.17456055, 1528.43359375, 47.2844772339, 97.3464584351, 2251.48486328, 1310.28076172, 2442.96508789, 1960.1217041, 3478.57006836, 620.399902344, 196.801315308, 13.4206771851, 11.290058136, 1.5546849966, 2.954870224, 2.34355711937, 1.48899352551, 0.379395157099, 0.0596422627568, 0.00644531147555, 0.00016168122238, 4.39730365542e-006, 1.68883480001e-006, 1.86048666251e-007, 1.17913252495e-008, 4.38006908521e-010, 1.02911824895e-010, 5.61288182599e-010]
    },
    "gfcc": {
        "mean": [-161.446182251, 198.11088562, -98.1058502197, 17.4770030975, -2.36257195473, -14.1613960266, -37.9428863525, -11.6426801682, -10.009018898, -15.4720716476, -22.5055274963, -13.027545929, -3.72442674637],
        "cov": [[6597.69580078, 806.909179688, -2958.13330078, -431.876251221, -38.3786964417, -533.441711426, 228.986495972, -109.712913513, 493.272827148, 146.548477173, 73.2684936523, -108.987937927, 25.0246524811], [806.909179688, 632.803466797, -240.86680603, -435.190460205, 186.502853394, -86.4159317017, 9.1658372879, 37.776348114, 123.372367859, 2.31396150589, 13.2847661972, 34.5389823914, 36.4793701172], [-2958.13330078, -240.86680603, 1892.69812012, 255.26890564, -88.3328323364, 293.197052002, -94.7232284546, 2.73916459084, -253.795623779, -150.057510376, -27.4272689819, 48.5887107849, 4.71799325943], [-431.876251221, -435.190460205, 255.26890564, 657.899536133, -25.2584381104, -26.4457645416, 39.1049346924, -91.2328033447, -176.37336731, -27.2634735107, 30.0666942596, -35.4066543579, 6.49846315384], [-38.3786964417, 186.502853394, -88.3328323364, -25.2584381104, 460.238555908, 21.0955600739, -61.1643104553, -4.26295232773, -51.9550170898, 0.653784453869, 15.6544046402, -21.3129615784, 24.02825737], [-533.441711426, -86.4159317017, 293.197052002, -26.4457645416, 21.0955600739, 442.606781006, 152.270309448, 46.0722312927, 15.2137708664, 19.514629364, -5.02051067352, -9.95616912842, -44.637462616], [228.986495972, 9.1658372879, -94.7232284546, 39.1049346924, -61.1643104553, 152.270309448, 330.720214844, 72.3797607422, -66.905632019, -10.60115242, -7.66901302338, -39.1472206116, 2.66338396072], [-109.712913513, 37.776348114, 2.73916459084, -91.2328033447, -4.26295232773, 46.0722312927, 72.3797607422, 171.834411621, 47.0171890259, 12.3564319611, -2.1233112812, 26.7400016785, -4.80415582657], [493.272827148, 123.372367859, -253.795623779, -176.37336731, -51.9550170898, 15.2137708664, -66.905632019, 47.0171890259, 302.949035645, 96.9683685303, 8.32525634766, 42.4088554382, -41.9367904663], [146.548477173, 2.31396150589, -150.057510376, -27.2634735107, 0.653784453869, 19.514629364, -10.60115242, 12.3564319611, 96.9683685303, 145.301467896, 57.544883728, 6.72583341599, -31.0145721436], [73.2684936523, 13.2847661972, -27.4272689819, 30.0666942596, 15.6544046402, -5.02051067352, -7.66901302338, -2.1233112812, 8.32525634766, 57.544883728, 105.806488037, 41.8263969421, -16.6191978455], [-108.987937927, 34.5389823914, 48.5887107849, -35.4066543579, -21.3129615784, -9.95616912842, -39.1472206116, 26.7400016785, 42.4088554382, 6.72583341599, 41.8263969421, 111.997131348, 20.4561691284], [25.0246524811, 36.4793701172, 4.71799325943, 6.49846315384, 24.02825737, -44.637462616, 2.66338396072, -4.80415582657, -41.9367904663, -31.0145721436, -16.6191978455, 20.4561691284, 70.977142334]],
        "icov": [[0.0012299324153, -0.00228031631559, 0.00204474967904, -0.00139126623981, 0.00161030737218, -0.000872265838552, 0.000757177767809, 0.000174048487679, -0.00052793539362, 0.00145388965029, -0.00149863178376, 0.00187046825886, -0.000947151216678], [-0.00228031631559, 0.0121495109051, -0.00534369656816, 0.00821572355926, -0.00746722798795, 0.00622207764536, -0.00746303843334, 0.00322521198541, -0.00427492661402, -0.000204863303225, -0.00124223972671, -0.00303185707889, -0.000930470530875], [0.00204474967904, -0.00534369656816, 0.00476513244212, -0.00373443844728, 0.00407668296248, -0.003566743806, 0.0037964368239, -0.00110792007763, 0.00127605919261, 0.00252467021346, -0.00164340320043, 0.00261469045654, -0.00107120943721], [-0.00139126623981, 0.00821572355926, -0.00373443844728, 0.0076553937979, -0.0049288906157, 0.00469524879009, -0.00573595846072, 0.00331644597463, -0.00238247890957, -0.000208582205232, -0.0018347610021, -0.00144879915752, -0.000634418975096], [0.00161030737218, -0.00746722798795, 0.00407668296248, -0.0049288906157, 0.00756796449423, -0.00500206369907, 0.00629047956318, -0.00276251300238, 0.00332655478269, 0.000804534764029, -0.00116999389138, 0.00384466792457, -0.00174542539753], [-0.000872265838552, 0.00622207764536, -0.003566743806, 0.00469524879009, -0.00500206369907, 0.00788274686784, -0.00746154459193, 0.00306033552624, -0.00390311540104, -0.000759778427891, 0.000129958265461, -0.0022326153703, 0.00209054397419], [0.000757177767809, -0.00746303843334, 0.0037964368239, -0.00573595846072, 0.00629047956318, -0.00746154459193, 0.0120849944651, -0.00615335907787, 0.00607112795115, -8.06945899967e-005, 0.00046199807548, 0.00356069812551, -0.00121672218665], [0.000174048487679, 0.00322521198541, -0.00110792007763, 0.00331644597463, -0.00276251300238, 0.00306033552624, -0.00615335907787, 0.0101534314454, -0.00384378386661, 0.000421181204729, -0.000232986189076, -0.00269223470241, 0.000463320000563], [-0.00052793539362, -0.00427492661402, 0.00127605919261, -0.00238247890957, 0.00332655478269, -0.00390311540104, 0.00607112795115, -0.00384378386661, 0.0115134576336, -0.00624177325517, 0.00680188182741, -0.00470056151971, 0.00547044444829], [0.00145388965029, -0.000204863303225, 0.00252467021346, -0.000208582205232, 0.000804534764029, -0.000759778427891, -8.06945899967e-005, 0.000421181204729, -0.00624177325517, 0.0159390829504, -0.0115560814738, 0.00646441010758, -0.00256673526019], [-0.00149863178376, -0.00124223972671, -0.00164340320043, -0.0018347610021, -0.00116999389138, 0.000129958265461, 0.00046199807548, -0.000232986189076, 0.00680188182741, -0.0115560814738, 0.0236683581024, -0.0135387508199, 0.0103019354865], [0.00187046825886, -0.00303185707889, 0.00261469045654, -0.00144879915752, 0.00384466792457, -0.0022326153703, 0.00356069812551, -0.00269223470241, -0.00470056151971, 0.00646441010758, -0.0135387508199, 0.0210328344256, -0.0113483723253], [-0.000947151216678, -0.000930470530875, -0.00107120943721, -0.000634418975096, -0.00174542539753, 0.00209054397419, -0.00121672218665, 0.000463320000563, 0.00547044444829, -0.00256673526019, 0.0103019354865, -0.0113483723253, 0.0248066503555]]
    },
    "melbands": {
        "mean": [0.000635543139651, 0.00170168234035, 0.0017737117596, 0.00252844113857, 0.000323295796989, 0.000325049040839, 0.000412636261899, 0.000116521710879, 6.12107978668e-005, 0.000182731688255, 8.7733293185e-005, 3.59701552952e-005, 1.02526255432e-005, 5.24389224665e-006, 1.72608779394e-005, 3.99424752686e-005, 2.96239813906e-005, 3.33654097631e-005, 2.45680585067e-005, 2.35664483625e-005, 2.63704259851e-005, 1.08150052256e-005, 6.58505905449e-006, 2.22374228542e-006, 8.82062693108e-007, 5.86551379911e-007, 3.02650676076e-007, 1.92066011095e-007, 2.31346220403e-007, 1.84117411095e-007, 1.35819007596e-007, 1.02549570613e-007, 4.17074765835e-008, 2.76680793831e-008, 1.66565818915e-008, 9.16664610884e-009, 4.82856821193e-009, 1.78228543035e-009, 6.14344242145e-010, 4.20389584255e-010],
        "var": [1.33125945467e-006, 4.00397311751e-006, 3.52851088792e-006, 2.12596769416e-005, 2.77346146049e-007, 8.15425721612e-007, 2.00968020181e-006, 2.21896058861e-007, 4.06463165348e-008, 4.99325267356e-007, 9.46971425719e-008, 2.59023824611e-008, 1.2731786736e-009, 2.00136796025e-010, 2.85821810664e-009, 1.55479913388e-008, 4.15004075549e-009, 6.71539535091e-009, 4.92866458757e-009, 3.23146198689e-009, 7.01098556988e-009, 9.23567222699e-010, 4.50860349055e-010, 5.60114073178e-011, 6.99659037304e-012, 6.35017472633e-012, 2.03067901036e-012, 6.61805950753e-013, 1.25955810452e-012, 1.0558434552e-012, 8.39478280727e-013, 7.32283970874e-013, 1.4603386046e-013, 9.42259643791e-014, 2.55079042334e-014, 5.47075710742e-015, 1.38026369272e-015, 9.74851674833e-017, 4.75199710916e-018, 2.66947934078e-018]
    },
    "mfcc": {
        "mean": [-809.451843262, 221.785476685, -4.68740987778, 33.5726547241, 42.8657035828, 7.91341209412, -9.83202552795, -0.270030885935, 7.45062828064, -1.77657866478, -5.30096960068, -8.61484909058, -15.5715055466],
        "cov": [[6924.88574219, 1006.17871094, -3164.42407227, -68.7371520996, -674.978088379, -354.970550537, -336.851257324, -297.7394104, 127.153213501, 79.1948547363, 215.517211914, 310.243621826, -39.821018219], [1006.17871094, 1081.98034668, -524.66986084, -458.050231934, 117.095367432, -199.813919067, -153.25617981, -28.3397579193, 102.943115234, -29.7438869476, 79.6158676147, 59.0848693848, 43.3855133057], [-3164.42407227, -524.66986084, 1928.61352539, 98.0436782837, 92.3804473877, 233.781555176, 139.405380249, 198.287567139, -78.0488128662, -37.1147918701, -113.750595093, -143.053390503, 23.952457428], [-68.7371520996, -458.050231934, 98.0436782837, 613.270080566, -2.65727996826, -35.075843811, 110.374992371, -70.0758209229, -115.827781677, -49.2513237, -114.035942078, -67.0242767334, -49.6994819641], [-674.978088379, 117.095367432, 92.3804473877, -2.65727996826, 472.665283203, 41.9291610718, -58.382106781, -18.037355423, -42.1911354065, -35.6919403076, -21.9886360168, -56.1387252808, 24.6350326538], [-354.970550537, -199.813919067, 233.781555176, -35.075843811, 41.9291610718, 312.896514893, 132.561584473, 46.8087310791, -2.48694777489, 51.2248382568, 11.375453949, 0.716198384762, 11.7488107681], [-336.851257324, -153.25617981, 139.405380249, 110.374992371, -58.382106781, 132.561584473, 434.421936035, 103.33265686, -29.3629188538, 47.4076080322, -70.2882843018, -31.2355766296, -17.568277359], [-297.7394104, -28.3397579193, 198.287567139, -70.0758209229, -18.037355423, 46.8087310791, 103.33265686, 185.886795044, 55.6960754395, 4.33772563934, 2.57588434219, -6.56941509247, 5.86459589005], [127.153213501, 102.943115234, -78.0488128662, -115.827781677, -42.1911354065, -2.48694777489, -29.3629188538, 55.6960754395, 145.392440796, 46.8148422241, 30.691860199, 23.2187919617, -10.8570861816], [79.1948547363, -29.7438869476, -37.1147918701, -49.2513237, -35.6919403076, 51.2248382568, 47.4076080322, 4.33772563934, 46.8148422241, 132.424087524, 59.4885787964, 9.50546073914, -4.74351978302], [215.517211914, 79.6158676147, -113.750595093, -114.035942078, -21.9886360168, 11.375453949, -70.2882843018, 2.57588434219, 30.691860199, 59.4885787964, 154.237213135, 74.5099563599, 23.8906002045], [310.243621826, 59.0848693848, -143.053390503, -67.0242767334, -56.1387252808, 0.716198384762, -31.2355766296, -6.56941509247, 23.2187919617, 9.50546073914, 74.5099563599, 111.708534241, 50.8098258972], [-39.821018219, 43.3855133057, 23.952457428, -49.6994819641, 24.6350326538, 11.7488107681, -17.568277359, 5.86459589005, -10.8570861816, -4.74351978302, 23.8906002045, 50.8098258972, 103.892623901]],
        "icov": [[0.00355576840229, -0.00420148763806, 0.00553256738931, -0.00437768129632, 0.00585449440405, -0.00492098322138, 0.00557661149651, -0.00549085251987, 0.00546438945457, -0.00490964902565, 0.00383419194259, -0.00269249058329, 0.00095094559947], [-0.00420148763806, 0.0073344106786, -0.00622076308355, 0.0070291813463, -0.00770928058773, 0.00743145542219, -0.00763129489496, 0.00775078684092, -0.00787517055869, 0.00746070221066, -0.00548015302047, 0.00388988596387, -0.00174135062844], [0.00553256738931, -0.00622076308355, 0.00944505631924, -0.00669638672844, 0.00911497231573, -0.0080314418301, 0.00890012457967, -0.00943729747087, 0.00890129525214, -0.00748827541247, 0.00607187161222, -0.0030643704813, 0.000812791578937], [-0.00437768129632, 0.0070291813463, -0.00669638672844, 0.00921401102096, -0.00778888026252, 0.00775165203959, -0.00828108936548, 0.00857055932283, -0.00654453551397, 0.00733964657411, -0.00439571077004, 0.00358960963786, -0.000669082102831], [0.00585449440405, -0.00770928058773, 0.00911497231573, -0.00778888026252, 0.0125794382766, -0.00934711843729, 0.00994004216045, -0.00926977675408, 0.00963824428618, -0.00773765752092, 0.00589715316892, -0.00191184401046, 0.0001471011783], [-0.00492098322138, 0.00743145542219, -0.0080314418301, 0.00775165203959, -0.00934711843729, 0.0124693028629, -0.0098462048918, 0.00874728150666, -0.0083387112245, 0.00658426713198, -0.00614887895063, 0.00299990922213, -0.00140615587588], [0.00557661149651, -0.00763129489496, 0.00890012457967, -0.00828108936548, 0.00994004216045, -0.0098462048918, 0.014108155854, -0.0130843175575, 0.0122482813895, -0.0121771311387, 0.0103125777096, -0.00639120070264, 0.00266993697733], [-0.00549085251987, 0.00775078684092, -0.00943729747087, 0.00857055932283, -0.00926977675408, 0.00874728150666, -0.0130843175575, 0.0200324878097, -0.0152868088335, 0.0130899548531, -0.0103345755488, 0.00757280131802, -0.00352706364356], [0.00546438945457, -0.00787517055869, 0.00890129525214, -0.00654453551397, 0.00963824428618, -0.0083387112245, 0.0122482813895, -0.0152868088335, 0.0226854495704, -0.0151131851599, 0.010970659554, -0.00938084814698, 0.00553757697344], [-0.00490964902565, 0.00746070221066, -0.00748827541247, 0.00733964657411, -0.00773765752092, 0.00658426713198, -0.0121771311387, 0.0130899548531, -0.0151131851599, 0.0232972744852, -0.0151008898392, 0.0109209325165, -0.00385194015689], [0.00383419194259, -0.00548015302047, 0.00607187161222, -0.00439571077004, 0.00589715316892, -0.00614887895063, 0.0103125777096, -0.0103345755488, 0.010970659554, -0.0151008898392, 0.0213654171675, -0.014670630917, 0.00459845270962], [-0.00269249058329, 0.00388988596387, -0.0030643704813, 0.00358960963786, -0.00191184401046, 0.00299990922213, -0.00639120070264, 0.00757280131802, -0.00938084814698, 0.0109209325165, -0.014670630917, 0.0263781808317, -0.0116355512291], [0.00095094559947, -0.00174135062844, 0.000812791578937, -0.000669082102831, 0.0001471011783, -0.00140615587588, 0.00266993697733, -0.00352706364356, 0.00553757697344, -0.00385194015689, 0.00459845270962, -0.0116355512291, 0.0160201378167]]
    },
    "spectral_contrast_coeffs": {
        "mean": [-0.575743854046, -0.705618321896, -0.748924434185, -0.796249985695, -0.750446736813, -0.794218480587],
        "var": [0.00847220979631, 0.00880071055144, 0.00675602676347, 0.00454542879015, 0.00763155519962, 0.00408552587032]
    },
    "spectral_contrast_valleys": {
        "mean": [-7.30057764053, -7.82173299789, -8.77608585358, -8.54193496704, -9.85966968536, -13.3196868896],
        "var": [0.81561678648, 1.49980485439, 1.6610802412, 1.86258757114, 1.4517749548, 0.456507951021]
    }
},
"metadata": {
    "audio_properties": {
        "analysis_sample_rate": 44100,
        "bit_rate": 128074,
        "equal_loudness": 0,
        "length": 45.0612258911,
        "lossless": 0,
        "replay_gain": -5.49029541016,
        "sample_rate": 44100,
        "codec": "mp3",
        "downmix": "mix",
        "md5_encoded": "62a6073fd60b6fb7bb233c03d7834c58"
    },
    "tags": {
        "file_name": "1012.mp3"
    },
    "version": {
        "essentia": "2.1-beta2",
        "essentia_git_sha": "v2.1_beta2",
        "extractor": "music 1.0"
    }
},
"rhythm": {
    "beats_count": 80,
    "beats_loudness": {
        "mean": 0.0372605398297,
        "var": 0.000364501873264
    },
    "bpm": 108.537490845,
    "bpm_histogram_first_peak_bpm": {
        "mean": 108,
        "var": 0
    },
    "bpm_histogram_first_peak_spread": {
        "mean": 0.682539701462,
        "var": 0
    },
    "bpm_histogram_first_peak_weight": {
        "mean": 0.253164559603,
        "var": 0
    },
    "bpm_histogram_second_peak_bpm": {
        "mean": 103,
        "var": 0
    },
    "bpm_histogram_second_peak_spread": {
        "mean": 0.545454502106,
        "var": 0
    },
    "bpm_histogram_second_peak_weight": {
        "mean": 0.0632911399007,
        "var": 0
    },
    "danceability": 1.20248126984,
    "onset_rate": 4.05931091309,
    "beats_loudness_band_ratio": {
        "mean": [0.659610271454, 0.27954390645, 0.0978167355061, 0.0393316224217, 0.0388718917966, 0.00151187228039],
        "var": [0.0509374439716, 0.0671515241265, 0.0271069612354, 0.00368763203733, 0.00321861356497, 2.17266024265e-005]
    },
    "beats_position": [0.603718817234, 1.20743763447, 1.82276642323, 2.41487526894, 2.99537420273, 3.59909296036, 4.1679816246, 4.73687076569, 5.28253936768, 5.83981847763, 6.39709758759, 6.9543762207, 7.50004529953, 8.05732440948, 8.62621307373, 9.17188167572, 9.70594120026, 10.2399997711, 10.774058342, 11.3081178665, 11.8305664063, 12.387845993, 12.933514595, 13.4907932281, 14.0480718613, 14.5937414169, 15.1394100189, 15.7082986832, 16.2655773163, 16.8344669342, 17.4149665833, 17.9606342316, 18.5295238495, 19.0751914978, 19.6208610535, 20.1781406403, 20.7354183197, 21.2926979065, 21.8499774933, 22.3724250793, 22.9064846039, 23.4521541595, 23.9862117767, 24.5202713013, 25.0543308258, 25.6000003815, 26.1340579987, 26.6565074921, 27.1905670166, 27.747844696, 28.3051242828, 28.8624038696, 29.3964614868, 29.9305210114, 30.4878005981, 31.0218582153, 31.567527771, 32.1248054504, 32.6936950684, 33.2509727478, 33.8198623657, 34.3771438599, 34.9228096008, 35.4568710327, 35.9677085876, 36.5017662048, 37.0358276367, 37.5931053162, 38.1271629333, 38.6960525513, 39.2649421692, 39.8454399109, 40.4259414673, 41.0296592712, 41.6333770752, 42.2138786316, 42.8059844971, 43.374874115, 43.9437637329, 44.5126533508]
},
"tonal": {
    "chords_changes_rate": 0.114197529852,
    "chords_number_rate": 0.0133744860068,
    "chords_strength": {
        "mean": 0.489862561226,
        "var": 0.0121521791443
    },
    "hpcp_entropy": {
        "mean": 2.26882362366,
        "var": 0.601759135723
    },
    "key_strength": 0.39410763979,
    "tuning_diatonic_strength": 0.28342205286,
    "tuning_equal_tempered_deviation": 0.149551019073,
    "tuning_frequency": 431.193908691,
    "tuning_nontempered_energy_ratio": 0.8244099617,
    "hpcp": {
        "mean": [0.172099426389, 0.148464441299, 0.146732717752, 0.141213878989, 0.122390322387, 0.11607581377, 0.098930247128, 0.0829098671675, 0.0915579125285, 0.109018407762, 0.0958479270339, 0.0793609544635, 0.0878245905042, 0.106515675783, 0.135739117861, 0.126558706164, 0.0801777467132, 0.0513262934983, 0.0386723689735, 0.0290035270154, 0.0311308167875, 0.041595492512, 0.0481607057154, 0.0698776841164, 0.0993806198239, 0.0920269712806, 0.0714363977313, 0.0703112632036, 0.0751128643751, 0.102609440684, 0.141611322761, 0.144204229116, 0.237397789955, 0.380375921726, 0.306998580694, 0.189753100276],
        "var": [0.0782295539975, 0.0620344728231, 0.0725442767143, 0.072167776525, 0.057547390461, 0.0572692044079, 0.0426851138473, 0.0322005748749, 0.037643995136, 0.0516460984945, 0.0411757677794, 0.0330061987042, 0.0403176210821, 0.0486167557538, 0.0683930888772, 0.0639269053936, 0.0300267785788, 0.0167926046997, 0.0122456047684, 0.00821728352457, 0.0100401155651, 0.0162008646876, 0.0182612147182, 0.0259577035904, 0.0435072034597, 0.0391125865281, 0.0274635031819, 0.0286824237555, 0.0331908352673, 0.0441164858639, 0.0706076100469, 0.061047911644, 0.0766850560904, 0.159861654043, 0.103851079941, 0.0760851427913]
    },
    "chords_histogram": [30.4526748657, 14.1975307465, 0, 0, 0.205761313438, 3.08641982079, 0.514403283596, 9.36213970184, 9.87654304504, 0, 1.13168728352, 4.73251008987, 0.102880656719, 0, 2.67489719391, 2.36625504494, 0, 5.65843629837, 2.77777767181, 10.4938268661, 0, 0, 2.16049385071, 0.205761313438],
    "thpcp": [1, 0.807092547417, 0.498856753111, 0.452445626259, 0.390309780836, 0.385757118464, 0.371248215437, 0.321761488914, 0.305160790682, 0.260085463524, 0.217968225479, 0.240703761578, 0.286607027054, 0.25198212266, 0.208638221025, 0.230888932943, 0.280027389526, 0.35685518384, 0.332720071077, 0.210785552859, 0.134935706854, 0.101668812335, 0.0762496367097, 0.0818422362208, 0.109353639185, 0.126613438129, 0.183706909418, 0.26126947999, 0.241936907172, 0.187804728746, 0.184846773744, 0.197470083833, 0.269757986069, 0.37229308486, 0.37910977006, 0.624113619328],
    "chords_key": "C#",
    "chords_scale": "major",
    "key_key": "C#",
    "key_scale": "major"
}
}