{
"lowlevel": {
    "average_loudness": 0.815294146538,
    "barkbands_crest": {
        "mean": 11.988899231,
        "var": 17.8803787231
    },
    "barkbands_flatness_db": {
        "mean": 0.333719432354,
        "var": 0.00550252618268
    },
    "barkbands_kurtosis": {
        "mean": 9.58013153076,
        "var": 227.283874512
    },
    "barkbands_skewness": {
        "mean": 1.63197183609,
        "var": 2.34830474854
    },
    "barkbands_spread": {
        "mean": 8.19814777374,
        "var": 61.2430229187
    },
    "dissonance": {
        "mean": 0.426067441702,
        "var": 0.0028842582833
    },
    "dynamic_complexity": 2.80054068565,
    "erbbands_crest": {
        "mean": 12.8559656143,
        "var": 30.0401420593
    },
    "erbbands_flatness_db": {
        "mean": 0.340642958879,
        "var": 0.00239186431281
    },
    "erbbands_kurtosis": {
        "mean": 3.60935688019,
        "var": 39.7950935364
    },
    "erbbands_skewness": {
        "mean": 0.834598600864,
        "var": 1.82845544815
    },
    "erbbands_spread": {
        "mean": 17.9328842163,
        "var": 126.344932556
    },
    "hfc": {
        "mean": 11.3078918457,
        "var": 330.591064453
    },
    "melbands_crest": {
        "mean": 14.1882896423,
        "var": 25.2718410492
    },
    "melbands_flatness_db": {
        "mean": 0.428290128708,
        "var": 0.00995966885239
    },
    "melbands_kurtosis": {
        "mean": 11.968536377,
        "var": 296.514221191
    },
    "melbands_skewness": {
        "mean": 2.0266058445,
        "var": 2.28524231911
    },
    "melbands_spread": {
        "mean": 11.6125822067,
        "var": 186.370620728
    },
    "pitch_salience": {
        "mean": 0.530502438545,
        "var": 0.0137648712844
    },
    "silence_rate_20dB": {
        "mean": 1,
        "var": 0
    },
    "silence_rate_30dB": {
        "mean": 1,
        "var": 0
    },
    "silence_rate_60dB": {
        "mean": 0.0319258496165,
        "var": 0.0309061650187
    },
    "spectral_centroid": {
        "mean": 666.558166504,
        "var": 286017.4375
    },
    "spectral_complexity": {
        "mean": 11.1225538254,
        "var": 52.5648117065
    },
    "spectral_decrease": {
        "mean": -4.8133661501e-009,
        "var": 9.22358495375e-018
    },
    "spectral_energy": {
        "mean": 0.0191924143583,
        "var": 0.000158486625878
    },
    "spectral_energyband_high": {
        "mean": 3.63527287845e-005,
        "var": 5.15069586982e-008
    },
    "spectral_energyband_low": {
        "mean": 0.00285699591041,
        "var": 1.11341132651e-005
    },
    "spectral_energyband_middle_high": {
        "mean": 0.00333870109171,
        "var": 6.11662399024e-005
    },
    "spectral_energyband_middle_low": {
        "mean": 0.0141517808661,
        "var": 9.26144130062e-005
    },
    "spectral_entropy": {
        "mean": 6.00227546692,
        "var": 0.421928286552
    },
    "spectral_flux": {
        "mean": 0.0529939308763,
        "var": 0.000847702438477
    },
    "spectral_kurtosis": {
        "mean": 45.8277816772,
        "var": 1925.02868652
    },
    "spectral_rms": {
        "mean": 0.00409034779295,
        "var": 1.99332112061e-006
    },
    "spectral_rolloff": {
        "mean": 778.609924316,
        "var": 642009.625
    },
    "spectral_skewness": {
        "mean": 3.95700335503,
        "var": 6.17603540421
    },
    "spectral_spread": {
        "mean": 1312285.125,
        "var": 1.49766419251e+012
    },
    "spectral_strongpeak": {
        "mean": 1.17171943188,
        "var": 3.33135890961
    },
    "zerocrossingrate": {
        "mean": 0.0275813527405,
        "var": 0.000505228119437
    },
    "barkbands": {
        "mean": [4.98175313624e-006, 0.00127360771876, 0.000470810307888, 0.00253480952233, 0.00527765369043, 0.00294073554687, 0.000880939187482, 0.00137336261105, 0.000896930752788, 0.000444314384367, 0.000363966973964, 8.41756627779e-005, 0.000223836264922, 0.000221696856897, 0.000658677716274, 0.000666033476591, 0.000280386855593, 0.000390964065446, 0.000155483081471, 4.35923611803e-005, 3.74303431272e-006, 9.93378307612e-007, 4.80702567529e-007, 1.85084800819e-007, 4.49982557882e-008, 1.31555504268e-008, 1.33852651185e-009],
        "var": [5.55341432562e-011, 4.92661729368e-006, 6.08801542512e-007, 1.30040298245e-005, 3.57674398401e-005, 1.2007881196e-005, 1.65391986684e-006, 8.09681932878e-006, 3.51271160071e-006, 8.19812271402e-007, 1.47958439811e-006, 5.23323357982e-008, 3.41488345157e-007, 2.37614401044e-007, 6.69920154905e-006, 9.31660269998e-006, 1.50365303853e-006, 2.33001924244e-006, 5.33043419182e-007, 7.06267684336e-008, 9.39066935324e-010, 3.57638467452e-011, 9.62623383782e-012, 3.42225206507e-012, 1.33956309044e-013, 1.14339393598e-014, 1.82346010337e-016]
    },
    "erbbands": {
        "mean": [0.0148483570665, 0.349100261927, 0.662334084511, 4.89928436279, 15.6974878311, 17.345741272, 16.9787330627, 21.8313751221, 16.9894332886, 18.135717392, 30.5208320618, 21.2281017303, 19.3199005127, 11.4138879776, 9.42765426636, 4.58964395523, 8.40490913391, 11.4585132599, 15.5920562744, 44.5043487549, 43.5395469666, 16.2211208344, 18.6428642273, 16.2826461792, 4.80919218063, 2.60312247276, 0.57230168581, 0.0845356434584, 0.0403648726642, 0.0237888339907, 0.0116039738059, 0.00545478006825, 0.00219161645509, 0.000771201215684, 0.000232084421441, 8.27701587696e-005, 2.86400027107e-005, 5.80554160479e-006, 9.89037744148e-006, 2.20796046051e-005],
        "var": [0.00062856497243, 0.363101750612, 0.684877753258, 45.8604202271, 593.207702637, 362.257720947, 621.950683594, 726.051879883, 709.063476563, 1404.39453125, 4380.04101563, 2151.04980469, 1131.04760742, 730.380249023, 1012.26873779, 117.922134399, 364.474914551, 693.465087891, 1601.47875977, 31993.3007813, 40895.2421875, 3328.5793457, 4688.42041016, 4822.09423828, 668.191467285, 260.935211182, 11.6700773239, 0.206069976091, 0.0533354692161, 0.0220515895635, 0.0060402485542, 0.00253691570833, 0.000369261659216, 4.61719282612e-005, 2.26247243518e-006, 2.70706863148e-007, 3.91290733148e-008, 1.68542968471e-009, 6.56577292535e-011, 2.42262349071e-010]
    },
    "gfcc": {
        "mean": [-168.052856445, 230.71081543, -134.156784058, -7.02510452271, -12.0903587341, -49.4748001099, -32.7557792664, -7.49300765991, -14.3585062027, -16.7679729462, -9.49066352844, -22.064157486, -1.64818906784],
        "cov": [[5231.79101563, -905.622314453, -2439.28808594, 729.509094238, 182.115310669, 49.3316078186, 312.017028809, 124.711601257, 47.9782943726, -56.6847991943, 63.1733322144, 183.76739502, 52.1894302368], [-905.622314453, 938.830749512, 676.66003418, -411.637390137, 152.467849731, -106.860877991, 45.5458831787, -10.7643213272, 7.81998968124, 57.557674408, 40.3015289307, -88.7424697876, 1.17865633965], [-2439.28808594, 676.66003418, 1766.23596191, -325.446685791, -105.921768188, -4.39680862427, -199.059173584, -72.6805496216, -14.2708768845, 7.62064027786, -18.6361446381, -100.690193176, -26.0937480927], [729.509094238, -411.637390137, -325.446685791, 611.334655762, 161.569671631, 64.126083374, 46.7546081543, 46.8933830261, 7.50443649292, 18.2359905243, 23.1642360687, 79.431350708, 41.781452179], [182.115310669, 152.467849731, -105.921768188, 161.569671631, 333.951568604, 56.3014717102, 46.9147491455, 32.0560760498, 7.07136917114, 22.8125343323, 40.4544906616, 30.8498382568, 21.9876823425], [49.3316078186, -106.860877991, -4.39680862427, 64.126083374, 56.3014717102, 233.883895874, 58.6978034973, 68.8602294922, 53.7107620239, 6.89861631393, 19.7919750214, 62.0879478455, 5.16501283646], [312.017028809, 45.5458831787, -199.059173584, 46.7546081543, 46.9147491455, 58.6978034973, 235.277877808, 114.653022766, 19.1830806732, 34.8833351135, 7.49675321579, 10.5533161163, 26.8430900574], [124.711601257, -10.7643213272, -72.6805496216, 46.8933830261, 32.0560760498, 68.8602294922, 114.653022766, 174.798217773, 80.3272781372, 21.5040779114, 26.9227371216, 30.2762756348, -2.28929686546], [47.9782943726, 7.81998968124, -14.2708768845, 7.50443649292, 7.07136917114, 53.7107620239, 19.1830806732, 80.3272781372, 126.99067688, 42.688243866, 20.2316093445, 30.3975505829, -6.81511211395], [-56.6847991943, 57.557674408, 7.62064027786, 18.2359905243, 22.8125343323, 6.89861631393, 34.8833351135, 21.5040779114, 42.688243866, 114.313339233, 52.937286377, 13.3753967285, 23.1295719147], [63.1733322144, 40.3015289307, -18.6361446381, 23.1642360687, 40.4544906616, 19.7919750214, 7.49675321579, 26.9227371216, 20.2316093445, 52.937286377, 94.543510437, 51.4127960205, 2.43192005157], [183.76739502, -88.7424697876, -100.690193176, 79.431350708, 30.8498382568, 62.0879478455, 10.5533161163, 30.2762756348, 30.3975505829, 13.3753967285, 51.4127960205, 95.8209533691, 32.5643844604], [52.1894302368, 1.17865633965, -26.0937480927, 41.781452179, 21.9876823425, 5.16501283646, 26.8430900574, -2.28929686546, -6.81511211395, 23.1295719147, 2.43192005157, 32.5643844604, 77.9877700806]],
        "icov": [[0.000743463227991, -0.000915364420507, 0.00127226556651, -0.00109194661491, 0.000993976951577, -0.000597145117354, 0.000243694565143, 0.000190216422197, -0.000350032059941, 0.00112640054431, -0.000723003759049, 0.000391332490835, -0.000297503749607], [-0.000915364420507, 0.0099625075236, -0.00489049684256, 0.00703868549317, -0.00882392842323, 0.0062366318889, -0.00741269020364, 0.00386422267184, -0.0054276236333, 0.00170969311148, -0.00641175825149, 0.00426804553717, -0.00276920758188], [0.00127226556651, -0.00489049684256, 0.00421452708542, -0.00371236959472, 0.00464969500899, -0.00366049795412, 0.00408469466493, -0.00165806442965, 0.00178260635585, 0.000619142781943, 0.000991643406451, 0.000335980323143, -0.000100646131614], [-0.00109194661491, 0.00703868549317, -0.00371236959472, 0.0075967470184, -0.00733809126541, 0.0043877302669, -0.00438998127356, 0.00143032788765, -0.0020736483857, -0.00094973819796, -0.00176385929808, 0.000128696658066, -0.00125464925077], [0.000993976951577, -0.00882392842323, 0.00464969500899, -0.00733809126541, 0.0117290532216, -0.00645099161193, 0.00607601832598, -0.0029800827615, 0.00415462488309, -7.15642017894e-005, 0.00230880198069, -0.00122490443755, 0.000720569980331], [-0.000597145117354, 0.0062366318889, -0.00366049795412, 0.0043877302669, -0.00645099161193, 0.010614933446, -0.00643483363092, 0.00209775450639, -0.00433372426778, 0.000535937957466, -0.000831046665553, -0.00400833133608, 0.00128405133728], [0.000243694565143, -0.00741269020364, 0.00408469466493, -0.00438998127356, 0.00607601832598, -0.00643483363092, 0.0152992010117, -0.0107222106308, 0.00906960945576, -0.00592212518677, 0.00771565595642, -0.00159917701967, -0.000223922339501], [0.000190216422197, 0.00386422267184, -0.00165806442965, 0.00143032788765, -0.0029800827615, 0.00209775450639, -0.0107222106308, 0.0170351490378, -0.0124204428867, 0.00718293664977, -0.0090606585145, 0.00388061464764, -0.00116841658019], [-0.000350032059941, -0.0054276236333, 0.00178260635585, -0.0020736483857, 0.00415462488309, -0.00433372426778, 0.00906960945576, -0.0124204428867, 0.0223620869219, -0.0135903349146, 0.0146097047254, -0.0122182685882, 0.00828402303159], [0.00112640054431, 0.00170969311148, 0.000619142781943, -0.00094973819796, -7.15642017894e-005, 0.000535937957466, -0.00592212518677, 0.00718293664977, -0.0135903349146, 0.0249665789306, -0.0221393071115, 0.0158170051873, -0.0123360715806], [-0.000723003759049, -0.00641175825149, 0.000991643406451, -0.00176385929808, 0.00230880198069, -0.000831046665553, 0.00771565595642, -0.0090606585145, 0.0146097047254, -0.0221393071115, 0.0402985773981, -0.0292271953076, 0.0171300899237], [0.000391332490835, 0.00426804553717, 0.000335980323143, 0.000128696658066, -0.00122490443755, -0.00400833133608, -0.00159917701967, 0.00388061464764, -0.0122182685882, 0.0158170051873, -0.0292271953076, 0.0401896312833, -0.0206365603954], [-0.000297503749607, -0.00276920758188, -0.000100646131614, -0.00125464925077, 0.000720569980331, 0.00128405133728, -0.000223922339501, -0.00116841658019, 0.00828402303159, -0.0123360715806, 0.0171300899237, -0.0206365603954, 0.0259218588471]]
    },
    "melbands": {
        "mean": [0.000258224346908, 0.000404462800361, 0.00116462109145, 0.00124614464585, 0.000620311591774, 0.000531929836143, 0.000241789282882, 0.000228961944231, 0.000228990902542, 0.000127253253595, 9.33315823204e-005, 4.47252350568e-005, 4.70094273624e-005, 6.72571968607e-006, 1.65434448718e-005, 2.18338191189e-005, 1.99211117433e-005, 2.37389813265e-005, 4.49528561148e-005, 5.1785766118e-005, 4.8117559345e-005, 1.41538039315e-005, 1.47022374222e-005, 2.25908006541e-005, 1.21895409393e-005, 4.28235807703e-006, 1.40253939662e-006, 1.89921729543e-006, 4.42652151378e-007, 4.12051903709e-008, 4.09768929899e-008, 2.24192113762e-008, 1.67107181426e-008, 1.19976970581e-008, 7.25760695985e-009, 4.25427781892e-009, 2.83091328157e-009, 1.61614077676e-009, 1.00937824765e-009, 4.90674889608e-010],
        "var": [2.00086034852e-007, 3.50928957005e-007, 2.2820599952e-006, 2.14744000004e-006, 6.37306413864e-007, 4.16695058902e-007, 1.33985608386e-007, 2.1693305996e-007, 2.57620769162e-007, 7.03548366232e-008, 2.73623612657e-008, 1.20798002712e-008, 2.61746944119e-008, 2.46117154434e-010, 1.99731187145e-009, 3.55719054212e-009, 2.12671480426e-009, 4.28726876223e-009, 3.29891989281e-008, 3.0695890274e-008, 5.73748124566e-008, 3.80622422469e-009, 4.59356819249e-009, 7.9840285494e-009, 3.18092441276e-009, 4.6362005901e-010, 8.9903910705e-011, 1.6402829095e-010, 8.42789379951e-012, 4.21092163688e-014, 5.59834195332e-014, 1.75387844845e-014, 1.06961423225e-014, 6.00396773585e-015, 2.51460322766e-015, 1.24307887185e-015, 7.44980935461e-016, 2.09897781884e-016, 9.42694598386e-017, 1.81956408268e-017]
    },
    "mfcc": {
        "mean": [-790.093261719, 234.83152771, -18.991645813, 22.0168418884, 23.4171199799, -24.5588569641, -13.9497394562, -6.77271699905, -7.65958547592, 2.35264825821, -5.04381561279, -10.3409347534, -10.19277668],
        "cov": [[4925.72509766, -445.740509033, -2752.53100586, 604.716064453, -192.888031006, -138.725509644, 362.577331543, 258.225494385, 19.5709648132, 111.719085693, -48.0232429504, 16.3867092133, 167.705734253], [-445.740509033, 723.912841797, 363.517486572, -231.764785767, 68.0325622559, -45.3381080627, 13.5537805557, -37.0958099365, 13.3340730667, 20.4046573639, 60.7808990479, 53.5614852905, -17.6267356873], [-2752.53100586, 363.517486572, 1949.07458496, -311.791259766, 52.4210090637, 129.329040527, -247.117675781, -129.577468872, -3.20365142822, -74.3752059937, 54.5254325867, 23.8206615448, -116.920967102], [604.716064453, -231.764785767, -311.791259766, 421.43951416, 109.09147644, 7.84588670731, 109.834274292, 40.4497489929, 1.57444286346, 24.3489055634, -33.5755157471, 6.63773488998, 44.2996788025], [-192.888031006, 68.0325622559, 52.4210090637, 109.09147644, 292.638336182, 86.7478027344, 29.1070156097, 32.3797416687, -7.55173206329, -3.20326328278, 20.6596794128, 15.8224334717, 30.5473213196], [-138.725509644, -45.3381080627, 129.329040527, 7.84588670731, 86.7478027344, 167.242492676, 23.2344799042, 22.3728790283, 23.8281078339, -20.0802822113, 1.45385909081, 17.3223190308, 11.7282094955], [362.577331543, 13.5537805557, -247.117675781, 109.834274292, 29.1070156097, 23.2344799042, 210.610336304, 82.5379943848, 37.0332679749, 59.1410942078, -0.01381516736, 28.8901348114, 29.0147247314], [258.225494385, -37.0958099365, -129.577468872, 40.4497489929, 32.3797416687, 22.3728790283, 82.5379943848, 176.669219971, 76.0883331299, 36.3377723694, 61.6518249512, 10.866232872, 15.2673568726], [19.5709648132, 13.3340730667, -3.20365142822, 1.57444286346, -7.55173206329, 23.8281078339, 37.0332679749, 76.0883331299, 128.175216675, 62.1984329224, 19.1819267273, 35.5637397766, 23.3291320801], [111.719085693, 20.4046573639, -74.3752059937, 24.3489055634, -3.20326328278, -20.0802822113, 59.1410942078, 36.3377723694, 62.1984329224, 109.189247131, 49.2242240906, 21.1840000153, 23.4366207123], [-48.0232429504, 60.7808990479, 54.5254325867, -33.5755157471, 20.6596794128, 1.45385909081, -0.01381516736, 61.6518249512, 19.1819267273, 49.2242240906, 136.832489014, 39.3027687073, -0.780984163284], [16.3867092133, 53.5614852905, 23.8206615448, 6.63773488998, 15.8224334717, 17.3223190308, 28.8901348114, 10.866232872, 35.5637397766, 21.1840000153, 39.3027687073, 117.685806274, 51.338886261], [167.705734253, -17.6267356873, -116.920967102, 44.2996788025, 30.5473213196, 11.7282094955, 29.0147247314, 15.2673568726, 23.3291320801, 23.4366207123, -0.780984163284, 51.338886261, 95.7926025391]],
        "icov": [[0.00293306424282, -0.00286782905459, 0.00433986866847, -0.00409885216504, 0.00490418961272, -0.00512655219063, 0.00508237816393, -0.00592831568792, 0.00557758938521, -0.00453563174233, 0.00323916599154, -0.00288301473483, 0.0013220096007], [-0.00286782905459, 0.00575805641711, -0.0046773054637, 0.00607235869393, -0.00688107777387, 0.0078194681555, -0.00789456628263, 0.00824447348714, -0.00776547612622, 0.00653430586681, -0.00503864046186, 0.00278112199157, -0.00136178627145], [0.00433986866847, -0.0046773054637, 0.00730201322585, -0.00602565472946, 0.00726267043501, -0.00860977265984, 0.008624647744, -0.00860702246428, 0.00817260798067, -0.00699989544228, 0.00486233364791, -0.00482512358576, 0.00308605423197], [-0.00409885216504, 0.00607235869393, -0.00602565472946, 0.010593386367, -0.00964408181608, 0.00942042004317, -0.0100007997826, 0.00948553998023, -0.00872414838523, 0.00700646080077, -0.00442707166076, 0.00370143796317, -0.00213033892214], [0.00490418961272, -0.00688107777387, 0.00726267043501, -0.00964408181608, 0.0146672623232, -0.013006048277, 0.0108990240842, -0.0126857971773, 0.0128093324602, -0.00964341964573, 0.00616054004058, -0.00461066653952, 0.000869288109243], [-0.00512655219063, 0.0078194681555, -0.00860977265984, 0.00942042004317, -0.013006048277, 0.0209018867463, -0.0147442482412, 0.014516569674, -0.0167062617838, 0.0158965792507, -0.00959581602365, 0.0064932317473, -0.0040894667618], [0.00508237816393, -0.00789456628263, 0.008624647744, -0.0100007997826, 0.0108990240842, -0.0147442482412, 0.0229399073869, -0.0201811306179, 0.0186255481094, -0.0201115719974, 0.0147566050291, -0.0107726221904, 0.00567735498771], [-0.00592831568792, 0.00824447348714, -0.00860702246428, 0.00948553998023, -0.0126857971773, 0.014516569674, -0.0201811306179, 0.0314084328711, -0.0271713044494, 0.0227906312793, -0.020691787824, 0.0135425068438, -0.00600664177909], [0.00557758938521, -0.00776547612622, 0.00817260798067, -0.00872414838523, 0.0128093324602, -0.0167062617838, 0.0186255481094, -0.0271713044494, 0.0367125123739, -0.0287442952394, 0.0199693087488, -0.01478168834, 0.0056422338821], [-0.00453563174233, 0.00653430586681, -0.00699989544228, 0.00700646080077, -0.00964341964573, 0.0158965792507, -0.0201115719974, 0.0227906312793, -0.0287442952394, 0.0380088202655, -0.0226135142148, 0.0137502392754, -0.0089053735137], [0.00323916599154, -0.00503864046186, 0.00486233364791, -0.00442707166076, 0.00616054004058, -0.00959581602365, 0.0147566050291, -0.020691787824, 0.0199693087488, -0.0226135142148, 0.0255237445235, -0.0138854235411, 0.00774175021797], [-0.00288301473483, 0.00278112199157, -0.00482512358576, 0.00370143796317, -0.00461066653952, 0.0064932317473, -0.0107726221904, 0.0135425068438, -0.01478168834, 0.0137502392754, -0.0138854235411, 0.0210765544325, -0.011435338296], [0.0013220096007, -0.00136178627145, 0.00308605423197, -0.00213033892214, 0.000869288109243, -0.0040894667618, 0.00567735498771, -0.00600664177909, 0.0056422338821, -0.0089053735137, 0.00774175021797, -0.011435338296, 0.0190837159753]]
    },
    "spectral_contrast_coeffs": {
        "mean": [-0.533026278019, -0.688657462597, -0.71586149931, -0.756975531578, -0.731371283531, -0.81822270155],
        "var": [0.0112629169598, 0.00545928394422, 0.00472644669935, 0.00501914648339, 0.00348740653135, 0.00311788078398]
    },
    "spectral_contrast_valleys": {
        "mean": [-8.03588485718, -6.8452296257, -8.40714740753, -8.76632595062, -9.79441070557, -14.1060390472],
        "var": [1.03896903992, 0.621326565742, 0.797361016273, 1.03899097443, 1.48557531834, 0.677257955074]
    }
},
"metadata": {
    "audio_properties": {
        "analysis_sample_rate": 44100,
        "bit_rate": 128074,
        "equal_loudness": 0,
        "length": 45.0612258911,
        "lossless": 0,
        "replay_gain": -6.02641487122,
        "sample_rate": 44100,
        "codec": "mp3",
        "downmix": "mix",
        "md5_encoded": "4440405b9aaf36f0d79d82f4d7fb0a11"
    },
    "tags": {
        "file_name": "1013.mp3"
    },
    "version": {
        "essentia": "2.1-beta2",
        "essentia_git_sha": "v2.1_beta2",
        "extractor": "music 1.0"
    }
},
"rhythm": {
    "beats_count": 98,
    "beats_loudness": {
        "mean": 0.0212002191693,
        "var": 0.00024736582418
    },
    "bpm": 136.195022583,
    "bpm_histogram_first_peak_bpm": {
        "mean": 136,
        "var": 0
    },
    "bpm_histogram_first_peak_spread": {
        "mean": 0.588235259056,
        "var": 0
    },
    "bpm_histogram_first_peak_weight": {
        "mean": 0.216494843364,
        "var": 0
    },
    "bpm_histogram_second_peak_bpm": {
        "mean": 126,
        "var": 0
    },
    "bpm_histogram_second_peak_spread": {
        "mean": 0.428571432829,
        "var": 0
    },
    "bpm_histogram_second_peak_weight": {
        "mean": 0.164948448539,
        "var": 0
    },
    "danceability": 0.889120459557,
    "onset_rate": 1.97420048714,
    "beats_loudness_band_ratio": {
        "mean": [0.370070278645, 0.410233348608, 0.183188557625, 0.043676994741, 0.099536202848, 0.00804691109806],
        "var": [0.0567773804069, 0.0494580306113, 0.0298393014818, 0.00333121605217, 0.033877402544, 0.000443700177129]
    },
    "beats_position": [0.441179126501, 0.905578196049, 1.35836732388, 1.8111563921, 2.26394557953, 2.71673464775, 3.20435357094, 3.69197273254, 4.15637159348, 4.60916090012, 5.06195020676, 5.52634906769, 5.95591831207, 6.38548755646, 6.82666635513, 7.26784563065, 7.73224496841, 8.18503379822, 8.64943313599, 9.10222244263, 9.56662082672, 10.0194101334, 10.4373693466, 10.866938591, 11.2848978043, 11.7028570175, 12.144036293, 12.5852155685, 13.0263938904, 13.4443531036, 13.873922348, 14.3034915924, 14.7446708679, 15.1974601746, 15.6618595123, 16.114648819, 16.5790481567, 17.0434455872, 17.4846248627, 17.9258041382, 18.3669834137, 18.8081626892, 19.2377319336, 19.667301178, 20.0968704224, 20.5380496979, 20.9908390045, 21.43201828, 21.8731975555, 22.3492050171, 22.825214386, 23.3012237549, 23.7772331238, 24.2532424927, 24.7292518616, 25.1936511993, 25.6696586609, 26.1456680298, 26.6216773987, 27.0512466431, 27.4808158875, 27.8987751007, 28.3051242828, 28.711473465, 29.1178226471, 29.5357818604, 29.9537410736, 30.383310318, 30.8128795624, 31.2540588379, 31.6952381134, 32.1480255127, 32.5775947571, 33.0884361267, 33.5992736816, 34.1101112366, 34.6673927307, 35.2246704102, 35.7355079651, 36.2463493347, 36.7455787659, 37.2215881348, 37.6975975037, 38.1736030579, 38.6496124268, 39.1256217957, 39.6016311646, 40.0776405334, 40.5188217163, 40.9599990845, 41.4011802673, 41.830745697, 42.2719268799, 42.7247161865, 43.1658935547, 43.6070747375, 44.0366439819, 44.4662132263]
},
"tonal": {
    "chords_changes_rate": 0.0493827164173,
    "chords_number_rate": 0.0123456791043,
    "chords_strength": {
        "mean": 0.494060218334,
        "var": 0.00808747857809
    },
    "hpcp_entropy": {
        "mean": 1.85338675976,
        "var": 0.403456419706
    },
    "key_strength": 0.615735352039,
    "tuning_diatonic_strength": 0.491383850574,
    "tuning_equal_tempered_deviation": 0.217946946621,
    "tuning_frequency": 436.708374023,
    "tuning_nontempered_energy_ratio": 0.87519288063,
    "hpcp": {
        "mean": [0.0769488811493, 0.0288614239544, 0.0107352221385, 0.0161798950285, 0.0926054865122, 0.231715977192, 0.227170497179, 0.102422326803, 0.0698846504092, 0.0777199044824, 0.0443217270076, 0.0356718935072, 0.0688085705042, 0.124197863042, 0.157584518194, 0.125015065074, 0.076202519238, 0.0651575550437, 0.084119066596, 0.278475999832, 0.505696117878, 0.34770655632, 0.0944050475955, 0.0453418530524, 0.041929256171, 0.0352990888059, 0.0722396373749, 0.108991920948, 0.120551370084, 0.264716297388, 0.335178732872, 0.183719322085, 0.0912388637662, 0.0783602073789, 0.0831534564495, 0.10322060436],
        "var": [0.0274213720113, 0.00556401070207, 0.000940555415582, 0.00196860753931, 0.0246351528913, 0.0890941917896, 0.0878380015492, 0.0323766246438, 0.0266657657921, 0.0444589219987, 0.0129677187651, 0.00907705724239, 0.0255492646247, 0.049198653549, 0.0743641331792, 0.0572957843542, 0.0239450391382, 0.0266576334834, 0.0288713276386, 0.0769723504782, 0.166150778532, 0.0940585881472, 0.0257346890867, 0.0148232243955, 0.0149469971657, 0.00819760654122, 0.019089628011, 0.0373541936278, 0.0309342686087, 0.093214571476, 0.138344779611, 0.0544660799205, 0.0328900292516, 0.0359599255025, 0.0350284390152, 0.0457567721605]
    },
    "chords_histogram": [19.0329227448, 7.81893014908, 0, 0, 0, 3.18930029869, 1.13168728352, 0, 0.102880656719, 2.67489719391, 29.6296291351, 7.40740728378, 1.85185182095, 0.925925910473, 0.823045253754, 2.57201647758, 11.0082302094, 4.73251008987, 0, 0, 0, 0, 0, 7.09876537323],
    "thpcp": [1, 0.687580049038, 0.186683356762, 0.0896622538567, 0.0829139351845, 0.0698029622436, 0.142851874232, 0.215528488159, 0.238386973739, 0.523469090462, 0.662806630135, 0.363299846649, 0.180422320962, 0.154955133796, 0.164433643222, 0.204115867615, 0.152164265513, 0.0570726618171, 0.021228602156, 0.031995292753, 0.183124765754, 0.458211898804, 0.449223339558, 0.202537298203, 0.138194948435, 0.153688952327, 0.0876449793577, 0.0705401748419, 0.136067032814, 0.245597824454, 0.311619013548, 0.247213810682, 0.150688365102, 0.128847256303, 0.16634310782, 0.550678551197],
    "chords_key": "D#",
    "chords_scale": "minor",
    "key_key": "E",
    "key_scale": "minor"
}
}