{
"lowlevel": {
    "average_loudness": 0.961477100849,
    "barkbands_crest": {
        "mean": 12.0432472229,
        "var": 17.3107585907
    },
    "barkbands_flatness_db": {
        "mean": 0.224968001246,
        "var": 0.00393663579598
    },
    "barkbands_kurtosis": {
        "mean": 8.00922870636,
        "var": 103.778785706
    },
    "barkbands_skewness": {
        "mean": 1.96423304081,
        "var": 1.74843156338
    },
    "barkbands_spread": {
        "mean": 12.1976909637,
        "var": 116.949058533
    },
    "dissonance": {
        "mean": 0.406714141369,
        "var": 0.00266122352332
    },
    "dynamic_complexity": 2.40738272667,
    "erbbands_crest": {
        "mean": 12.6893825531,
        "var": 31.3956260681
    },
    "erbbands_flatness_db": {
        "mean": 0.213062748313,
        "var": 0.00364082655869
    },
    "erbbands_kurtosis": {
        "mean": 2.51514458656,
        "var": 42.7453460693
    },
    "erbbands_skewness": {
        "mean": 0.765484988689,
        "var": 1.05885958672
    },
    "erbbands_spread": {
        "mean": 29.5632610321,
        "var": 372.782806396
    },
    "hfc": {
        "mean": 15.224855423,
        "var": 122.188316345
    },
    "melbands_crest": {
        "mean": 15.1442518234,
        "var": 24.4772834778
    },
    "melbands_flatness_db": {
        "mean": 0.306481361389,
        "var": 0.00630243495107
    },
    "melbands_kurtosis": {
        "mean": 16.1967487335,
        "var": 439.819396973
    },
    "melbands_skewness": {
        "mean": 2.67981433868,
        "var": 2.62466430664
    },
    "melbands_spread": {
        "mean": 12.3876094818,
        "var": 127.437179565
    },
    "pitch_salience": {
        "mean": 0.492205679417,
        "var": 0.0128987552598
    },
    "silence_rate_20dB": {
        "mean": 1,
        "var": 0
    },
    "silence_rate_30dB": {
        "mean": 0.995880544186,
        "var": 0.00410253508016
    },
    "silence_rate_60dB": {
        "mean": 0.00720906304196,
        "var": 0.00715697975829
    },
    "spectral_centroid": {
        "mean": 731.446472168,
        "var": 238247.21875
    },
    "spectral_complexity": {
        "mean": 11.2512874603,
        "var": 10.944070816
    },
    "spectral_decrease": {
        "mean": -8.39362979121e-009,
        "var": 2.48237580115e-017
    },
    "spectral_energy": {
        "mean": 0.0330604985356,
        "var": 0.000374796974938
    },
    "spectral_energyband_high": {
        "mean": 0.000405982485972,
        "var": 5.39230882168e-007
    },
    "spectral_energyband_low": {
        "mean": 0.0100101260468,
        "var": 8.99097576621e-005
    },
    "spectral_energyband_middle_high": {
        "mean": 0.0041670948267,
        "var": 3.61725069524e-005
    },
    "spectral_energyband_middle_low": {
        "mean": 0.0202289074659,
        "var": 0.000304808956571
    },
    "spectral_entropy": {
        "mean": 6.58825826645,
        "var": 0.287572830915
    },
    "spectral_flux": {
        "mean": 0.0731110423803,
        "var": 0.00145154655911
    },
    "spectral_kurtosis": {
        "mean": 10.5145120621,
        "var": 109.546913147
    },
    "spectral_rms": {
        "mean": 0.0054242555052,
        "var": 2.83158988168e-006
    },
    "spectral_rolloff": {
        "mean": 796.571716309,
        "var": 1428484.25
    },
    "spectral_skewness": {
        "mean": 2.3375313282,
        "var": 0.9905590415
    },
    "spectral_spread": {
        "mean": 4001705,
        "var": 5.10377800499e+012
    },
    "spectral_strongpeak": {
        "mean": 1.1798145771,
        "var": 1.59444713593
    },
    "zerocrossingrate": {
        "mean": 0.0355125293136,
        "var": 0.000983080943115
    },
    "barkbands": {
        "mean": [0.000199399422854, 0.00576116144657, 0.00233838730492, 0.00320856110193, 0.00752747338265, 0.00586907705292, 0.00135185371619, 0.00106870918535, 0.00112893851474, 0.000707762024831, 0.00123115465976, 0.0011500705732, 0.000204525655136, 0.000243921691435, 0.000201237926376, 0.000127948704176, 0.000126501487102, 6.98892690707e-005, 9.34440977289e-005, 8.40705542942e-005, 7.60223774705e-005, 0.000102836260339, 6.39021454845e-005, 5.57856474188e-005, 2.62059002125e-005, 4.14978348999e-005, 1.58482137635e-007],
        "var": [1.37392902388e-007, 3.85999155696e-005, 1.02680305645e-005, 2.57310875895e-005, 0.000156242575031, 7.82714050729e-005, 1.56786190928e-005, 3.87002091884e-006, 8.87191708898e-006, 1.47528260186e-006, 9.43155282584e-006, 1.30546313812e-005, 2.68825061767e-007, 7.67641950006e-007, 4.63122603378e-007, 1.94010738142e-007, 1.43236164263e-007, 2.72063491735e-008, 2.54373908604e-008, 1.57234101295e-008, 3.28150235873e-008, 3.47748994045e-008, 2.04583479047e-008, 7.36016048108e-008, 7.01953917215e-009, 3.08681578076e-008, 5.86297828863e-013]
    },
    "erbbands": {
        "mean": [0.160029917955, 1.30584299564, 2.676445961, 7.66208314896, 15.6165351868, 24.5026760101, 46.3448143005, 45.9450149536, 22.3726787567, 15.1605005264, 27.8899860382, 31.171289444, 15.1471700668, 25.1154670715, 84.738067627, 29.1261692047, 11.1094331741, 10.0431156158, 15.0621461868, 8.13418292999, 6.31959438324, 5.92572975159, 4.02661705017, 4.09237289429, 5.49890899658, 4.33184528351, 3.42746686935, 2.46403384209, 3.26710724831, 4.29123973846, 1.00691902637, 0.835173904896, 1.06326425076, 0.417016804218, 0.142326757312, 0.181653574109, 0.0843405723572, 0.003812572686, 0.000103226986539, 4.24487152486e-005],
        "var": [0.0357109606266, 2.23228883743, 9.30927276611, 93.1488571167, 945.146057129, 1698.96203613, 4278.52050781, 6771.07666016, 2989.8347168, 1666.04907227, 2614.09008789, 7500.87939453, 594.135314941, 1267.89440918, 51351.9726563, 3691.77661133, 653.373901367, 860.508544922, 2464.1237793, 649.399230957, 335.970031738, 304.073120117, 94.8099517822, 57.4469680786, 81.4257659912, 37.6830787659, 70.9083023071, 23.3708572388, 32.8784217834, 72.7477416992, 7.49281024933, 24.5833892822, 20.6575431824, 1.95723164082, 0.315263867378, 0.744418084621, 0.112642966211, 0.00019461599004, 1.06401728317e-007, 8.04314614911e-010]
    },
    "gfcc": {
        "mean": [-42.9038085938, 137.274215698, -95.5887680054, 21.8879623413, -62.2362823486, 4.13866043091, -18.7114295959, -6.15719747543, -32.6618652344, 1.13702940941, -15.3297834396, 6.34693861008, -6.25341510773],
        "cov": [[4999.97021484, -2238.43676758, -138.221694946, 512.58013916, -588.069702148, 311.511260986, -1152.47253418, 353.775360107, 192.19078064, 18.3910655975, -295.266174316, 97.400970459, -267.329101563], [-2238.43676758, 2375.69970703, -116.61769104, -241.020629883, 562.554199219, -211.889221191, 1040.43115234, -316.725311279, -47.9370117188, -13.1811037064, 329.106170654, -154.875427246, 305.147277832], [-138.221694946, -116.61769104, 840.375854492, 46.6090965271, 51.2213478088, 113.763137817, -180.368179321, 138.854141235, -0.33337661624, 3.54435491562, -115.001228333, 19.7507953644, -59.8197898865], [512.58013916, -241.020629883, 46.6090965271, 495.474029541, -30.2298679352, 27.2264041901, 24.3445663452, 114.868156433, 106.398384094, -5.1253619194, 36.5608291626, -13.4986391068, -20.4234046936], [-588.069702148, 562.554199219, 51.2213478088, -30.2298679352, 388.862060547, 27.8574562073, 230.172897339, -11.2311372757, 38.6329650879, 54.8366470337, 57.0282440186, 12.7808618546, 57.2015724182], [311.511260986, -211.889221191, 113.763137817, 27.2264041901, 27.8574562073, 321.478790283, -22.7703590393, 9.14350414276, 44.4772224426, 28.8244228363, 6.89842319489, 12.8141174316, -54.8583259583], [-1152.47253418, 1040.43115234, -180.368179321, 24.3445663452, 230.172897339, -22.7703590393, 813.540161133, -138.661407471, -31.4421787262, 27.5806694031, 252.413619995, -62.5640869141, 113.13079834], [353.775360107, -316.725311279, 138.854141235, 114.868156433, -11.2311372757, 9.14350414276, -138.661407471, 264.368377686, 79.468536377, 21.1799697876, -43.696598053, 53.056186676, -41.3987503052], [192.19078064, -47.9370117188, -0.33337661624, 106.398384094, 38.6329650879, 44.4772224426, -31.4421787262, 79.468536377, 152.027069092, 36.2623977661, 2.80780100822, 20.1602916718, -6.77790975571], [18.3910655975, -13.1811037064, 3.54435491562, -5.1253619194, 54.8366470337, 28.8244228363, 27.5806694031, 21.1799697876, 36.2623977661, 122.22026825, 20.8387680054, 11.6953105927, -2.60375213623], [-295.266174316, 329.106170654, -115.001228333, 36.5608291626, 57.0282440186, 6.89842319489, 252.413619995, -43.696598053, 2.80780100822, 20.8387680054, 199.510284424, 11.4763412476, 47.4945144653], [97.400970459, -154.875427246, 19.7507953644, -13.4986391068, 12.7808618546, 12.8141174316, -62.5640869141, 53.056186676, 20.1602916718, 11.6953105927, 11.4763412476, 132.226196289, -10.912150383], [-267.329101563, 305.147277832, -59.8197898865, -20.4234046936, 57.2015724182, -54.8583259583, 113.13079834, -41.3987503052, -6.77790975571, -2.60375213623, 47.4945144653, -10.912150383, 150.821350098]],
        "icov": [[0.000517859589309, -0.000213151433854, 0.000445046025561, -0.00065572274616, 0.00052811083151, -0.000690576911438, 0.000775393040385, -0.000365339394193, 0.000298765138723, -0.000441545504145, 0.000317663128953, -0.000253505073488, 0.000190925798961], [-0.000213151433854, 0.00395960034803, -0.0014395051403, 0.00248173484579, -0.00338630541228, 0.00281654065475, -0.00318472250365, 0.00202442938462, -0.00306540331803, 0.00282902596518, -0.00265953107737, 0.00324940541759, -0.00238690548576], [0.000445046025561, -0.0014395051403, 0.00236946274526, -0.00148270686623, 0.000982367433608, -0.00201210007071, 0.00174765323754, -0.0017367991386, 0.0020892219618, -0.00120598741341, 0.00180221768096, -0.00118374917656, 0.000968120933976], [-0.00065572274616, 0.00248173484579, -0.00148270686623, 0.00491825444624, -0.00198153126985, 0.00235242838971, -0.00286482297815, 0.000549081887584, -0.00397525029257, 0.00282844365574, -0.00270135444589, 0.00298740342259, -0.0012616844615], [0.00052811083151, -0.00338630541228, 0.000982367433608, -0.00198153126985, 0.00695839244872, -0.00294306268916, 0.00180057913531, -0.00181005976629, 0.00140272115823, -0.00364345614798, 0.0030304978136, -0.00357417063788, 0.00113887048792], [-0.000690576911438, 0.00281654065475, -0.00201210007071, 0.00235242838971, -0.00294306268916, 0.00638607749715, -0.00278617301956, 0.00249512889422, -0.00360782444477, 0.00189436727669, -0.00278054829687, 0.00229558045976, -0.000275993952528], [0.000775393040385, -0.00318472250365, 0.00174765323754, -0.00286482297815, 0.00180057913531, -0.00278617301956, 0.00611101510003, -0.00151757127605, 0.00332513172179, -0.00261276238598, -0.000634139636531, -0.00134461163543, 0.00163305155002], [-0.000365339394193, 0.00202442938462, -0.0017367991386, 0.000549081887584, -0.00181005976629, 0.00249512889422, -0.00151757127605, 0.00731651997194, -0.00390490610152, 0.0009746652795, -0.000945276173297, -0.000214420666452, -0.00049378775293], [0.000298765138723, -0.00306540331803, 0.0020892219618, -0.00397525029257, 0.00140272115823, -0.00360782444477, 0.00332513172179, -0.00390490610152, 0.0128780361265, -0.00436055799946, 0.00224506366067, -0.00284768454731, 0.00120206107385], [-0.000441545504145, 0.00282902596518, -0.00120598741341, 0.00282844365574, -0.00364345614798, 0.00189436727669, -0.00261276238598, 0.0009746652795, -0.00436055799946, 0.0118779353797, -0.00308508751914, 0.0024363945704, -0.00114660931285], [0.000317663128953, -0.00265953107737, 0.00180221768096, -0.00270135444589, 0.0030304978136, -0.00278054829687, -0.000634139636531, -0.000945276173297, 0.00224506366067, -0.00308508751914, 0.0117169357836, -0.004895595368, 0.000352079368895], [-0.000253505073488, 0.00324940541759, -0.00118374917656, 0.00298740342259, -0.00357417063788, 0.00229558045976, -0.00134461163543, -0.000214420666452, -0.00284768454731, 0.0024363945704, -0.004895595368, 0.0121204154566, -0.0016156793572], [0.000190925798961, -0.00238690548576, 0.000968120933976, -0.0012616844615, 0.00113887048792, -0.000275993952528, 0.00163305155002, -0.00049378775293, 0.00120206107385, -0.00114660931285, 0.000352079368895, -0.0016156793572, 0.00992482714355]]
    },
    "melbands": {
        "mean": [0.00155223556794, 0.00154356251005, 0.00146433629561, 0.00154405704234, 0.00152814364992, 0.00102186389267, 0.00031913202838, 0.000161964358995, 0.000233575687162, 0.000179929949809, 7.22893601051e-005, 9.74680369836e-005, 0.000222646762268, 0.000177293972229, 2.55699633271e-005, 2.13741113839e-005, 1.79947273864e-005, 2.75681450148e-005, 1.0443813153e-005, 1.06987517938e-005, 6.9097609412e-006, 6.03737544225e-006, 5.41636654816e-006, 3.38192671734e-006, 3.05724165628e-006, 4.25409052696e-006, 3.37638130077e-006, 2.69917450169e-006, 2.02073442779e-006, 1.95414349946e-006, 1.29457271214e-006, 1.60540980687e-006, 2.40422741626e-006, 2.42790406446e-006, 5.17174555625e-007, 3.66830732901e-007, 5.5361408613e-007, 7.66283392295e-007, 6.37766049749e-007, 2.57211496546e-007],
        "var": [2.82838664134e-006, 2.57192027675e-006, 3.56318878403e-006, 1.02907397377e-005, 4.15383237851e-006, 3.03171464111e-006, 7.32755097488e-007, 1.53302764261e-007, 1.91331508859e-007, 2.6347274229e-007, 1.59575428427e-008, 2.55164867013e-008, 3.09305761448e-007, 2.48385617851e-007, 2.73271294482e-009, 3.19902704327e-009, 3.9716168132e-009, 9.51948031513e-009, 1.15152753999e-009, 1.56188140199e-009, 4.79922213081e-010, 3.76488756837e-010, 3.2093780411e-010, 7.15061967971e-011, 4.19000979746e-011, 7.52870821241e-011, 2.84337570849e-011, 1.75166842836e-011, 3.04548365693e-011, 3.95358155936e-011, 6.75277108536e-012, 8.38148127291e-012, 2.30207589103e-011, 2.47385445462e-011, 1.96819860757e-012, 4.00015307336e-012, 1.29092318432e-011, 1.31131121586e-011, 5.07933018562e-012, 7.81729607262e-013]
    },
    "mfcc": {
        "mean": [-697.952392578, 169.2784729, 19.1303596497, 26.9505023956, -16.7073898315, 11.601691246, 8.15146350861, 0.150368124247, -3.452013731, -7.82751607895, -6.76711940765, -9.95511054993, 7.14025831223],
        "cov": [[4579.83886719, -2263.51245117, 45.1491394043, -123.751556396, 447.494415283, -232.158294678, -791.729309082, 78.2041244507, -121.250297546, 4.40689468384, 235.26751709, -280.907714844, 17.7821846008], [-2263.51245117, 2260.38525391, -313.973480225, 132.831588745, -332.872436523, 265.238586426, 634.664550781, -95.6956634521, 102.75756073, 74.4204177856, -171.144836426, 175.242385864, 45.0569229126], [45.1491394043, -313.973480225, 690.457946777, -19.2573986053, 194.575149536, -48.2212257385, -79.2926712036, 70.7147293091, 19.7947559357, 43.9702682495, 7.85271453857, -38.3657875061, -34.668170929], [-123.751556396, 132.831588745, -19.2573986053, 449.113739014, -85.8357162476, 9.12361717224, 117.164390564, 56.5743293762, 81.8154373169, 21.9616317749, -10.6176462173, 120.056770325, 63.4527702332], [447.494415283, -332.872436523, 194.575149536, -85.8357162476, 496.142700195, -79.1975860596, -220.038955688, 43.4019584656, 40.4868965149, 12.5910902023, 87.8476715088, -76.995513916, -36.5727882385], [-232.158294678, 265.238586426, -48.2212257385, 9.12361717224, -79.1975860596, 348.960693359, 170.366271973, 9.05707454681, -14.6425113678, 74.1760559082, 43.3038024902, 5.86288976669, 0.417608469725], [-791.729309082, 634.664550781, -79.2926712036, 117.164390564, -220.038955688, 170.366271973, 419.187713623, 18.7588596344, 24.0491600037, 62.9881286621, -43.8526496887, 122.612251282, 43.3983192444], [78.2041244507, -95.6956634521, 70.7147293091, 56.5743293762, 43.4019584656, 9.05707454681, 18.7588596344, 184.916885376, 29.6549358368, -6.56697177887, 51.6738777161, 60.8054656982, 29.3135700226], [-121.250297546, 102.75756073, 19.7947559357, 81.8154373169, 40.4868965149, -14.6425113678, 24.0491600037, 29.6549358368, 164.944046021, 13.019867897, -14.4371700287, 50.6666679382, 23.3446311951], [4.40689468384, 74.4204177856, 43.9702682495, 21.9616317749, 12.5910902023, 74.1760559082, 62.9881286621, -6.56697177887, 13.019867897, 192.008132935, 32.4794616699, -39.7749595642, 5.42119121552], [235.26751709, -171.144836426, 7.85271453857, -10.6176462173, 87.8476715088, 43.3038024902, -43.8526496887, 51.6738777161, -14.4371700287, 32.4794616699, 192.934371948, 4.74394083023, -15.8209447861], [-280.907714844, 175.242385864, -38.3657875061, 120.056770325, -76.995513916, 5.86288976669, 122.612251282, 60.8054656982, 50.6666679382, -39.7749595642, 4.74394083023, 245.404281616, 48.3617782593], [17.7821846008, 45.0569229126, -34.668170929, 63.4527702332, -36.5727882385, 0.417608469725, 43.3983192444, 29.3135700226, 23.3446311951, 5.42119121552, -15.8209447861, 48.3617782593, 123.120643616]],
        "icov": [[0.000524009170476, 0.000436589441961, 0.000247707532253, -9.18906953302e-005, -0.000118665186164, -9.99890035018e-005, 0.000401886296459, -7.94729785412e-005, 0.000123645950225, -0.000271847064141, -5.58309038752e-005, 0.000157536822371, -0.000356525299139], [0.000436589441961, 0.00128821271937, 0.000476525368867, 1.91201652342e-005, -0.000280295527773, -0.000228227232583, -0.00101125927176, 0.000415773421992, -0.000363486498827, -0.000208805242437, 0.000428126892075, 1.92694988073e-005, -0.000109625914774], [0.000247707532253, 0.000476525368867, 0.00198280159384, -3.87506042898e-005, -0.00073614664143, 6.29227724858e-005, -0.000135767986649, -0.0007374418783, 3.70978486899e-005, -0.000715110858437, 0.000684906321112, 6.273528561e-005, 0.000460490817204], [-9.18906953302e-005, 1.91201652342e-005, -3.87506042898e-005, 0.00296945497394, 0.000411364424508, 0.000222056012717, -0.000465137563879, -0.000367564585758, -0.00111952947918, -0.000391410081647, 3.22479104398e-006, -0.000844403577503, -0.000600495666731], [-0.000118665186164, -0.000280295527773, -0.00073614664143, 0.000411364424508, 0.00346003519371, 0.000212283703149, 0.00154169742018, -0.000557077350095, -0.00122443749569, -0.000239913919359, -0.00121476571076, 0.000383877399145, 0.000252553698374], [-9.99890035018e-005, -0.000228227232583, 6.29227724858e-005, 0.000222056012717, 0.000212283703149, 0.00418583489954, -0.0017377124168, -0.00020206507179, 0.000265300564934, -0.00068918307079, -0.00130545673892, 0.00063982832944, 0.000271696568234], [0.000401886296459, -0.00101125927176, -0.000135767986649, -0.000465137563879, 0.00154169742018, -0.0017377124168, 0.00721704214811, -0.0011790789431, 0.000607628375292, -0.00185326731298, 0.000590550713241, -0.00172578601632, -0.000565641734283], [-7.94729785412e-005, 0.000415773421992, -0.0007374418783, -0.000367564585758, -0.000557077350095, -0.00020206507179, -0.0011790789431, 0.00758700724691, -0.000808389158919, 0.000979066360742, -0.00183645554353, -0.00114928837866, -0.00138883071486], [0.000123645950225, -0.000363486498827, 3.70978486899e-005, -0.00111952947918, -0.00122443749569, 0.000265300564934, 0.000607628375292, -0.000808389158919, 0.00793728791177, -0.000953293812927, 0.00105883635115, -0.00125055678654, -0.000519466411788], [-0.000271847064141, -0.000208805242437, -0.000715110858437, -0.000391410081647, -0.000239913919359, -0.00068918307079, -0.00185326731298, 0.000979066360742, -0.000953293812927, 0.0072236196138, -0.00166168308351, 0.00207998370752, -0.000700602016877], [-5.58309038752e-005, 0.000428126892075, 0.000684906321112, 3.22479104398e-006, -0.00121476571076, -0.00130545673892, 0.000590550713241, -0.00183645554353, 0.00105883635115, -0.00166168308351, 0.00757306674495, -0.0013422658667, 0.00128802191466], [0.000157536822371, 1.92694988073e-005, 6.273528561e-005, -0.000844403577503, 0.000383877399145, 0.00063982832944, -0.00172578601632, -0.00114928837866, -0.00125055678654, 0.00207998370752, -0.0013422658667, 0.0067894901149, -0.00127701251768], [-0.000356525299139, -0.000109625914774, 0.000460490817204, -0.000600495666731, 0.000252553698374, 0.000271696568234, -0.000565641734283, -0.00138883071486, -0.000519466411788, -0.000700602016877, 0.00128802191466, -0.00127701251768, 0.0100534763187]]
    },
    "spectral_contrast_coeffs": {
        "mean": [-0.602947473526, -0.646354615688, -0.694658398628, -0.733931720257, -0.729625701904, -0.714737892151],
        "var": [0.0108366711065, 0.00678634596989, 0.00572490273044, 0.00454846583307, 0.00469508115202, 0.00378935295157]
    },
    "spectral_contrast_valleys": {
        "mean": [-7.13311719894, -6.97435092926, -7.68595218658, -9.01834774017, -9.21501350403, -11.6766500473],
        "var": [1.00969004631, 0.533514738083, 0.510151445866, 0.617162644863, 0.743616998196, 1.96970915794]
    }
},
"metadata": {
    "audio_properties": {
        "analysis_sample_rate": 44100,
        "bit_rate": 128074,
        "equal_loudness": 0,
        "length": 45.0612258911,
        "lossless": 0,
        "replay_gain": -5.74754714966,
        "sample_rate": 44100,
        "codec": "mp3",
        "downmix": "mix",
        "md5_encoded": "16165e7557eb0a198f1136810f415f35"
    },
    "tags": {
        "file_name": "1014.mp3"
    },
    "version": {
        "essentia": "2.1-beta2",
        "essentia_git_sha": "v2.1_beta2",
        "extractor": "music 1.0"
    }
},
"rhythm": {
    "beats_count": 77,
    "beats_loudness": {
        "mean": 0.044949311763,
        "var": 0.000360979349352
    },
    "bpm": 102.896987915,
    "bpm_histogram_first_peak_bpm": {
        "mean": 103,
        "var": 0
    },
    "bpm_histogram_first_peak_spread": {
        "mean": 0.581081092358,
        "var": 0
    },
    "bpm_histogram_first_peak_weight": {
        "mean": 0.407894730568,
        "var": 0
    },
    "bpm_histogram_second_peak_bpm": {
        "mean": 108,
        "var": 0
    },
    "bpm_histogram_second_peak_spread": {
        "mean": 0.5,
        "var": 0
    },
    "bpm_histogram_second_peak_weight": {
        "mean": 0.0131578948349,
        "var": 0
    },
    "danceability": 1.19090723991,
    "onset_rate": 3.14984798431,
    "beats_loudness_band_ratio": {
        "mean": [0.510576844215, 0.336185872555, 0.0926592722535, 0.0898232161999, 0.0169990938157, 0.0138392215595],
        "var": [0.0390161760151, 0.0455092787743, 0.00840576644987, 0.0139045715332, 0.000771138526034, 0.000245511328103]
    },
    "beats_position": [0.522448956966, 1.06811785698, 1.64861679077, 2.24072551727, 2.80961441994, 3.3785033226, 3.94739222527, 4.5046710968, 5.08516979218, 5.66566896439, 6.23455762863, 6.82666635513, 7.39555549622, 7.96444416046, 8.54494285583, 9.12544155121, 9.70594120026, 10.2864398956, 10.8901586533, 11.4938774109, 12.0743761063, 12.6548748016, 13.2469835281, 13.8390922546, 14.4428119659, 15.0233106613, 15.6154193878, 16.1959171295, 16.7764167786, 17.3453063965, 17.9141941071, 18.5063037872, 19.0868015289, 19.667301178, 20.247800827, 20.8282985687, 21.4087982178, 21.9892959595, 22.5697956085, 23.1619052887, 23.7540130615, 24.3345127106, 24.9266204834, 25.5187301636, 26.0876178741, 26.6565074921, 27.2370071411, 27.8175048828, 28.3980045319, 28.9901123047, 29.5706119537, 30.1627197266, 30.7432193756, 31.3237190247, 31.9274368286, 32.5195465088, 33.111656189, 33.7037620544, 34.2958717346, 34.8763694763, 35.4684791565, 36.0605888367, 36.6410865784, 37.2331962585, 37.8253059387, 38.4174156189, 39.0095214844, 39.6016311646, 40.1937408447, 40.7742385864, 41.3431282043, 41.9120178223, 42.492515564, 43.0614051819, 43.6302947998, 44.2107925415, 44.8145103455]
},
"tonal": {
    "chords_changes_rate": 0.0627572014928,
    "chords_number_rate": 0.0133744860068,
    "chords_strength": {
        "mean": 0.507050156593,
        "var": 0.012846659869
    },
    "hpcp_entropy": {
        "mean": 1.56736528873,
        "var": 0.522936403751
    },
    "key_strength": 0.695619761944,
    "tuning_diatonic_strength": 0.540416002274,
    "tuning_equal_tempered_deviation": 0.068159237504,
    "tuning_frequency": 443.572570801,
    "tuning_nontempered_energy_ratio": 0.738480746746,
    "hpcp": {
        "mean": [0.249015897512, 0.119864761829, 0.0380465239286, 0.0309067089111, 0.0340440347791, 0.0416964255273, 0.051300290972, 0.0677472278476, 0.131081774831, 0.176782399416, 0.133405730128, 0.0881321132183, 0.0818710848689, 0.098766438663, 0.219056293368, 0.325947761536, 0.204386115074, 0.06006263569, 0.0409867465496, 0.075277030468, 0.174762248993, 0.206125989556, 0.166250675917, 0.152446061373, 0.0905654355884, 0.0304034072906, 0.0389119572937, 0.0453098863363, 0.0399384647608, 0.0757651776075, 0.0957384333014, 0.0703034549952, 0.0727088078856, 0.0878810957074, 0.132524013519, 0.241175994277],
        "var": [0.110226072371, 0.0398269742727, 0.0138532454148, 0.0136097567156, 0.0131792062894, 0.0145723568276, 0.02116737701, 0.0243434775621, 0.0575202964246, 0.0899096727371, 0.0632544085383, 0.0363628193736, 0.0400900505483, 0.0430036149919, 0.0765263587236, 0.147709995508, 0.0745224058628, 0.0239122845232, 0.0188725534827, 0.0304047185928, 0.0789831280708, 0.0946323573589, 0.0617560334504, 0.0836560353637, 0.0443394556642, 0.00739114452153, 0.0123382126912, 0.0203096568584, 0.0124843679368, 0.0332421287894, 0.0504402890801, 0.027922058478, 0.0328863859177, 0.0375480875373, 0.0520470291376, 0.104110822082]
    },
    "chords_histogram": [17.3868312836, 5.04115247726, 11.0082302094, 2.88065838814, 0.617283940315, 2.57201647758, 0, 12.6543207169, 0, 10.4938268661, 19.6502056122, 9.15637874603, 1.95473253727, 0, 0, 0, 0, 0, 2.98353910446, 2.26337456703, 0.205761313438, 0, 1.13168728352, 0],
    "thpcp": [1, 0.627051770687, 0.184270739555, 0.125746369362, 0.230948150158, 0.53616642952, 0.63238966465, 0.510053157806, 0.467700898647, 0.277852594852, 0.0932769328356, 0.119380958378, 0.139009654522, 0.122530259192, 0.232445761561, 0.293723255396, 0.215689331293, 0.223068892956, 0.269617110491, 0.406580537558, 0.739922225475, 0.763974845409, 0.367742240429, 0.116725832224, 0.0948210507631, 0.104446291924, 0.127923637629, 0.157388076186, 0.20784689486, 0.402155786753, 0.542364180088, 0.409285604954, 0.270387232304, 0.251178532839, 0.303013086319, 0.67205953598],
    "chords_key": "C#",
    "chords_scale": "minor",
    "key_key": "D",
    "key_scale": "minor"
}
}