{
"lowlevel": {
    "average_loudness": 0.984124898911,
    "barkbands_crest": {
        "mean": 6.64362430573,
        "var": 11.2534446716
    },
    "barkbands_flatness_db": {
        "mean": 0.0986155420542,
        "var": 0.00168068835046
    },
    "barkbands_kurtosis": {
        "mean": -0.0081490110606,
        "var": 2.8069164753
    },
    "barkbands_skewness": {
        "mean": 0.407009720802,
        "var": 0.424509912729
    },
    "barkbands_spread": {
        "mean": 25.2936229706,
        "var": 97.5407714844
    },
    "dissonance": {
        "mean": 0.476150274277,
        "var": 0.000440145551693
    },
    "dynamic_complexity": 0.94203042984,
    "erbbands_crest": {
        "mean": 8.0208234787,
        "var": 12.6860551834
    },
    "erbbands_flatness_db": {
        "mean": 0.174384877086,
        "var": 0.00187802920118
    },
    "erbbands_kurtosis": {
        "mean": 0.403647124767,
        "var": 2.2325937748
    },
    "erbbands_skewness": {
        "mean": -0.0390700772405,
        "var": 0.401691287756
    },
    "erbbands_spread": {
        "mean": 27.3388500214,
        "var": 107.859085083
    },
    "hfc": {
        "mean": 33.8584213257,
        "var": 311.37991333
    },
    "melbands_crest": {
        "mean": 9.22641086578,
        "var": 17.4419536591
    },
    "melbands_flatness_db": {
        "mean": 0.137310504913,
        "var": 0.00219393032603
    },
    "melbands_kurtosis": {
        "mean": 1.95255661011,
        "var": 14.8924674988
    },
    "melbands_skewness": {
        "mean": 1.14078104496,
        "var": 0.582327127457
    },
    "melbands_spread": {
        "mean": 38.1786155701,
        "var": 266.053131104
    },
    "pitch_salience": {
        "mean": 0.640462338924,
        "var": 0.00846378598362
    },
    "silence_rate_20dB": {
        "mean": 1,
        "var": 0
    },
    "silence_rate_30dB": {
        "mean": 1,
        "var": 0
    },
    "silence_rate_60dB": {
        "mean": 0.00154479919001,
        "var": 0.00154241069686
    },
    "spectral_centroid": {
        "mean": 1731.28710938,
        "var": 294794.96875
    },
    "spectral_complexity": {
        "mean": 32.0839347839,
        "var": 93.873916626
    },
    "spectral_decrease": {
        "mean": -6.45177600234e-009,
        "var": 4.58372127561e-018
    },
    "spectral_energy": {
        "mean": 0.0274216029793,
        "var": 8.03657603683e-005
    },
    "spectral_energyband_high": {
        "mean": 0.00117156386841,
        "var": 2.69369775197e-006
    },
    "spectral_energyband_low": {
        "mean": 0.00353485718369,
        "var": 1.17040781333e-005
    },
    "spectral_energyband_middle_high": {
        "mean": 0.01218065992,
        "var": 4.17132941948e-005
    },
    "spectral_energyband_middle_low": {
        "mean": 0.0113685037941,
        "var": 4.39899558842e-005
    },
    "spectral_entropy": {
        "mean": 7.74893283844,
        "var": 0.106666244566
    },
    "spectral_flux": {
        "mean": 0.0943774208426,
        "var": 0.00056059245253
    },
    "spectral_kurtosis": {
        "mean": 4.91998958588,
        "var": 7.36682510376
    },
    "spectral_rms": {
        "mean": 0.00510215386748,
        "var": 7.20725040537e-007
    },
    "spectral_rolloff": {
        "mean": 2171.73925781,
        "var": 1172376.375
    },
    "spectral_skewness": {
        "mean": 1.50627624989,
        "var": 0.105531103909
    },
    "spectral_spread": {
        "mean": 3739746.5,
        "var": 2.1601264599e+012
    },
    "spectral_strongpeak": {
        "mean": 1.48824226856,
        "var": 2.35249495506
    },
    "zerocrossingrate": {
        "mean": 0.0770010948181,
        "var": 0.000881779240444
    },
    "barkbands": {
        "mean": [3.36899611284e-005, 0.00177456915844, 0.00123356212862, 0.00113912648521, 0.00191508198623, 0.00196932349354, 0.00221562990919, 0.00230336654931, 0.00126822886523, 0.00128219265025, 0.000831912853755, 0.00152672384866, 0.00182165042497, 0.00176912697498, 0.00139555532951, 0.00105408101808, 0.000919786456507, 0.00112283194903, 0.000526899297256, 0.000312360789394, 0.00031738015241, 0.000258362560999, 0.000169786828337, 0.000139921685332, 8.87711357791e-005, 2.70017189905e-005, 4.65093080493e-006],
        "var": [1.69077452039e-009, 4.6076520448e-006, 1.83569272849e-006, 1.93892606148e-006, 5.19427021572e-006, 7.94071365817e-006, 1.37183451443e-005, 1.43277502502e-005, 5.27632982994e-006, 2.50531547863e-006, 6.55815426853e-007, 4.01083480028e-006, 3.93646769226e-006, 4.8767115004e-006, 3.62852597391e-006, 8.12152791241e-007, 1.18583068343e-006, 1.82916733138e-006, 3.84916319263e-007, 1.15865759653e-007, 1.60092255896e-007, 3.20498827477e-007, 8.78302586216e-008, 5.98625007342e-008, 2.76512750474e-008, 3.23452065132e-009, 1.73357855848e-010]
    },
    "erbbands": {
        "mean": [0.0304771866649, 0.475987911224, 1.37930226326, 2.70561766624, 4.12525367737, 6.8657579422, 13.2625179291, 16.4790935516, 25.7773895264, 47.4043807983, 42.2376899719, 29.3425064087, 38.9826889038, 31.6810874939, 43.5000991821, 61.2258796692, 83.365737915, 98.1791229248, 78.6415634155, 61.6218566895, 57.7836685181, 51.5254554749, 60.9131698608, 41.9475746155, 19.6807994843, 15.1584892273, 14.4666824341, 10.9196710587, 9.16558837891, 7.50584125519, 4.32102489471, 3.03650283813, 2.2204914093, 1.29090237617, 0.497185438871, 0.136830180883, 0.043943900615, 0.0147292949259, 0.000428925530287, 4.51891028206e-005],
        "var": [0.00142998842057, 0.330336332321, 2.36708664894, 6.94662761688, 30.1981258392, 79.8591690063, 461.781280518, 444.353820801, 2353.92114258, 4074.46386719, 4327.60546875, 2085.54541016, 2287.36523438, 927.958740234, 2665.39941406, 4799.15722656, 7315.31542969, 10807.7460938, 14940.1708984, 2659.92626953, 2310.03198242, 3435.92529297, 5213.44970703, 2177.15014648, 415.828979492, 274.072113037, 280.867218018, 239.961471558, 399.299804688, 280.444091797, 50.3389396667, 27.8263702393, 15.2500038147, 5.80245447159, 0.928867995739, 0.0790314897895, 0.00898406002671, 0.00120868871454, 1.63169613643e-006, 9.70033608994e-010]
    },
    "gfcc": {
        "mean": [37.5087966919, 91.1667327881, -151.789260864, 26.3645591736, -57.3359527588, 11.945224762, -40.80286026, 6.55018806458, -19.7547168732, 2.16572165489, -11.6400661469, -3.09298920631, -12.7594213486],
        "cov": [[2479.48901367, -1000.64685059, 323.009155273, 23.0978069305, -79.9675445557, 275.987792969, -124.124427795, 81.8922195435, -193.026519775, 180.732849121, -163.146408081, 105.011795044, -105.146202087], [-1000.64685059, 1244.734375, -309.519927979, 42.0296211243, 133.385971069, -184.496124268, 127.99710083, -84.0897827148, 146.193084717, -133.52671814, 177.660995483, -97.092086792, 117.101020813], [323.009155273, -309.519927979, 515.100830078, 73.171081543, -37.4681015015, 130.323150635, -16.3490638733, 71.1373214722, -47.4121551514, 50.2551727295, -73.8886108398, 83.5461883545, -41.3947563171], [23.0978069305, 42.0296211243, 73.171081543, 232.409057617, 43.3612136841, 30.2430896759, 33.5674629211, -4.88325881958, 31.8938159943, -25.8964138031, -3.94023799896, 3.16242265701, 2.57207894325], [-79.9675445557, 133.385971069, -37.4681015015, 43.3612136841, 205.923110962, 25.6953773499, -3.55645179749, 27.3658466339, 27.6023826599, 3.08721899986, 13.9770269394, -21.8519878387, 1.56861364841], [275.987792969, -184.496124268, 130.323150635, 30.2430896759, 25.6953773499, 160.739974976, 29.2422046661, 28.231760025, -35.7866821289, 39.3455581665, -35.2580070496, 16.6038360596, -13.800195694], [-124.124427795, 127.99710083, -16.3490638733, 33.5674629211, -3.55645179749, 29.2422046661, 121.962005615, 20.5280952454, 23.0749797821, -12.9502000809, 26.6258659363, -2.78874325752, 8.89392471313], [81.8922195435, -84.0897827148, 71.1373214722, -4.88325881958, 27.3658466339, 28.231760025, 20.5280952454, 117.727264404, 37.2783203125, 13.1262016296, -10.7785568237, 15.5293645859, -26.7408866882], [-193.026519775, 146.193084717, -47.4121551514, 31.8938159943, 27.6023826599, -35.7866821289, 23.0749797821, 37.2783203125, 112.344078064, 2.06422805786, 28.7953453064, -12.9476318359, 1.59636855125], [180.732849121, -133.52671814, 50.2551727295, -25.8964138031, 3.08721899986, 39.3455581665, -12.9502000809, 13.1262016296, 2.06422805786, 90.8333435059, 2.43522715569, 8.05725765228, -13.1152896881], [-163.146408081, 177.660995483, -73.8886108398, -3.94023799896, 13.9770269394, -35.2580070496, 26.6258659363, -10.7785568237, 28.7953453064, 2.43522715569, 91.5677490234, 13.2000112534, 15.0480880737], [105.011795044, -97.092086792, 83.5461883545, 3.16242265701, -21.8519878387, 16.6038360596, -2.78874325752, 15.5293645859, -12.9476318359, 8.05725765228, 13.2000112534, 77.7775115967, 10.8568725586], [-105.146202087, 117.101020813, -41.3947563171, 2.57207894325, 1.56861364841, -13.800195694, 8.89392471313, -26.7408866882, 1.59636855125, -13.1152896881, 15.0480880737, 10.8568725586, 75.2981872559]],
        "icov": [[0.000892090261914, -0.000300754152704, 0.000772822299041, -0.000862116226926, 0.000718574621715, -0.00107443449087, 0.00112543813884, -0.00119087740313, 0.00162933592219, -0.00190958927851, 0.00137108087074, -0.00156670017168, 0.000984737765975], [-0.000300754152704, 0.00399506743997, -0.00213706376962, 0.00168085610494, -0.0027155529242, 0.00246724160388, -0.00335529516451, 0.00326189934276, -0.00374651094899, 0.00528506236151, -0.00632843747735, 0.00607813009992, -0.00441342545673], [0.000772822299041, -0.00213706376962, 0.0056440634653, -0.00300403544679, 0.00265838345513, -0.00340856565163, 0.00308214267716, -0.00410328479484, 0.00389596377499, -0.00524129066616, 0.00621712766588, -0.00766573799774, 0.00397401163355], [-0.000862116226926, 0.00168085610494, -0.00300403544679, 0.00764561863616, -0.00317087350413, 0.000648590677883, -0.00363882444799, 0.00531264860183, -0.00614857207984, 0.00624353904277, -0.00283534592018, 0.00303118978627, -0.00188162876293], [0.000718574621715, -0.0027155529242, 0.00265838345513, -0.00317087350413, 0.00872267596424, -0.00471745897084, 0.00540917925537, -0.00556403957307, 0.00310859130695, -0.00410339701921, 0.00225000805221, -0.00207093940116, 0.00220342120156], [-0.00107443449087, 0.00246724160388, -0.00340856565163, 0.000648590677883, -0.00471745897084, 0.0150468451902, -0.00822182185948, 0.00203622574918, 0.000913804396987, -0.000795337720774, -0.000543639704119, 0.00370950018987, -0.00326718133874], [0.00112543813884, -0.00335529516451, 0.00308214267716, -0.00363882444799, 0.00540917925537, -0.00822182185948, 0.016376638785, -0.00705292215571, 0.00320880836807, -0.00263530947268, 0.00038827789831, -0.00319503596984, 0.00240571866743], [-0.00119087740313, 0.00326189934276, -0.00410328479484, 0.00531264860183, -0.00556403957307, 0.00203622574918, -0.00705292215571, 0.0190754625946, -0.0117428153753, 0.00678471103311, -0.0024061135482, 0.00147571146954, 0.000622315215878], [0.00162933592219, -0.00374651094899, 0.00389596377499, -0.00614857207984, 0.00310859130695, 0.000913804396987, 0.00320880836807, -0.0117428153753, 0.0213061533868, -0.0107311261818, 0.00423982180655, -0.00421585608274, 0.00344661204144], [-0.00190958927851, 0.00528506236151, -0.00524129066616, 0.00624353904277, -0.00410339701921, -0.000795337720774, -0.00263530947268, 0.00678471103311, -0.0107311261818, 0.0252400152385, -0.0136798964813, 0.0108109219, -0.00552098825574], [0.00137108087074, -0.00632843747735, 0.00621712766588, -0.00283534592018, 0.00225000805221, -0.000543639704119, 0.00038827789831, -0.0024061135482, 0.00423982180655, -0.0136798964813, 0.0299886446446, -0.0192289687693, 0.00853093061596], [-0.00156670017168, 0.00607813009992, -0.00766573799774, 0.00303118978627, -0.00207093940116, 0.00370950018987, -0.00319503596984, 0.00147571146954, -0.00421585608274, 0.0108109219, -0.0192289687693, 0.0321662388742, -0.0131561495364], [0.000984737765975, -0.00441342545673, 0.00397401163355, -0.00188162876293, 0.00220342120156, -0.00326718133874, 0.00240571866743, 0.000622315215878, 0.00344661204144, -0.00552098825574, 0.00853093061596, -0.0131561495364, 0.0222176797688]]
    },
    "melbands": {
        "mean": [0.000403224636102, 0.000716729438864, 0.000533959129825, 0.00036356630153, 0.000463505915832, 0.000368414097466, 0.000418837211328, 0.000537580926903, 0.000330002862029, 0.000172315820237, 0.000194861160708, 0.000126982966322, 0.000126928585814, 0.000157732254593, 0.000158388691489, 0.000208093842957, 0.000178076792508, 0.000124512109323, 0.000106477280497, 7.57931047701e-005, 6.38765923213e-005, 5.58976753382e-005, 4.80034541397e-005, 5.69689727854e-005, 3.20476246998e-005, 1.62509586517e-005, 1.09278125819e-005, 9.70137989498e-006, 9.34394211072e-006, 7.76309389039e-006, 5.68192626815e-006, 4.95471658724e-006, 5.38483709533e-006, 3.73114585273e-006, 2.59177318185e-006, 1.94194308278e-006, 1.82427106665e-006, 1.53197436248e-006, 1.38968539432e-006, 1.01700015875e-006],
        "var": [2.40280854769e-007, 6.19568652382e-007, 3.03720895545e-007, 1.7423109e-007, 4.23617478873e-007, 2.21292935976e-007, 5.80686275953e-007, 5.90010415635e-007, 2.94652579669e-007, 6.71271891406e-008, 6.1449739519e-008, 1.82083148559e-008, 1.81943597966e-008, 4.2588336413e-008, 3.15831769626e-008, 5.5534183474e-008, 4.25495336742e-008, 4.61324276557e-008, 1.40620119993e-008, 4.54018289631e-009, 3.2718547871e-009, 5.24188115136e-009, 3.00412938969e-009, 5.89019100161e-009, 1.49854040288e-009, 4.03914679481e-010, 1.38336300748e-010, 1.24734417239e-010, 1.17852977377e-010, 1.1070639544e-010, 7.20778922658e-011, 1.14012313479e-010, 1.8219030451e-010, 6.41451614047e-011, 1.94177660062e-011, 1.05460154498e-011, 1.08270423876e-011, 7.14081528283e-012, 6.55917898121e-012, 3.91065435243e-012]
    },
    "mfcc": {
        "mean": [-591.349609375, 117.075218201, -30.1544380188, 12.7456092834, 1.88946735859, 2.7414419651, -4.93864965439, -0.131539598107, -3.330991745, -0.46140190959, 3.26879954338, 3.0595972538, -3.32281208038],
        "cov": [[1646.5612793, -728.711975098, 198.876953125, -143.813034058, 43.6557121277, 112.086784363, 93.7914047241, -70.8332138062, 15.255238533, 34.5303916931, -37.9619598389, -25.1905002594, -1.60748803616], [-728.711975098, 927.218383789, -250.844512939, 103.342224121, 5.23321962357, -49.9473152161, -10.6284379959, 13.3219251633, -16.6451244354, -20.075881958, 10.5802869797, 60.1217269897, 10.796869278], [198.876953125, -250.844512939, 463.273712158, 8.36229705811, -9.47476196289, 50.7998199463, 27.4333553314, 44.7411155701, 25.88164711, -10.1674814224, -9.0189666748, -18.6526470184, 24.0395011902], [-143.813034058, 103.342224121, 8.36229705811, 196.839569092, 38.540977478, 20.3113765717, -20.6184673309, 48.0481491089, 4.98567247391, -1.53136897087, 22.0404281616, -7.79780960083, -0.216594532132], [43.6557121277, 5.23321962357, -9.47476196289, 38.540977478, 189.448196411, 22.115901947, 3.0458521843, 10.4465427399, 25.1874637604, 20.634469986, 16.1525363922, 3.43353462219, -13.3437156677], [112.086784363, -49.9473152161, 50.7998199463, 20.3113765717, 22.115901947, 128.030548096, 51.0505599976, -8.97710895538, 12.7198801041, 7.62878799438, -12.0111284256, -2.80827713013, 3.64742493629], [93.7914047241, -10.6284379959, 27.4333553314, -20.6184673309, 3.0458521843, 51.0505599976, 111.896240234, 16.712430954, 8.63332462311, 4.07310390472, -7.48086500168, 13.9748392105, -0.480049401522], [-70.8332138062, 13.3219251633, 44.7411155701, 48.0481491089, 10.4465427399, -8.97710895538, 16.712430954, 123.248931885, 29.3472537994, -6.44291114807, 27.098197937, 7.50629043579, 6.23804140091], [15.255238533, -16.6451244354, 25.88164711, 4.98567247391, 25.1874637604, 12.7198801041, 8.63332462311, 29.3472537994, 77.989730835, 37.5538673401, -2.9326145649, -0.291274577379, 7.77130270004], [34.5303916931, -20.075881958, -10.1674814224, -1.53136897087, 20.634469986, 7.62878799438, 4.07310390472, -6.44291114807, 37.5538673401, 70.4378356934, 23.3868656158, 3.31178927422, 4.84970092773], [-37.9619598389, 10.5802869797, -9.0189666748, 22.0404281616, 16.1525363922, -12.0111284256, -7.48086500168, 27.098197937, -2.9326145649, 23.3868656158, 78.3016586304, 29.4910488129, 5.8091635704], [-25.1905002594, 60.1217269897, -18.6526470184, -7.79780960083, 3.43353462219, -2.80827713013, 13.9748392105, 7.50629043579, -0.291274577379, 3.31178927422, 29.4910488129, 67.8651123047, 28.9857635498], [-1.60748803616, 10.796869278, 24.0395011902, -0.216594532132, -13.3437156677, 3.64742493629, -0.480049401522, 6.23804140091, 7.77130270004, 4.84970092773, 5.8091635704, 28.9857635498, 59.2996025085]],
        "icov": [[0.001075491542, 0.000799063243903, -2.93392295134e-005, 0.000225251191296, -0.000322832667734, -0.000279903557384, -0.000643940060399, 0.000430143729318, 0.000181425100891, -0.000299186533084, 0.000380080949981, -0.000310642004479, -9.42062251852e-005], [0.000799063243903, 0.00212293141522, 0.000739782874007, -0.000919828016777, -0.0001362440089, 0.000377414224204, -0.000763948366512, 0.000369316403521, -2.00618887902e-006, 0.000145967307617, 0.00095123751089, -0.00176383100916, -9.73225996859e-006], [-2.93392295134e-005, 0.000739782874007, 0.00294167432003, -0.000265441340161, 0.000187616547919, -0.00068529607961, -0.00038820062764, -0.000711944478098, -0.000884429377038, 0.00125448184554, -0.000293862482067, 0.000983573962003, -0.001611541491], [0.000225251191296, -0.000919828016777, -0.000265441340161, 0.00752305146307, -0.00120438053273, -0.00282484665513, 0.00247430591844, -0.00314635457471, 0.00126739672851, -0.000265270558884, -0.00150902743917, 0.00240756664425, -0.000610974500887], [-0.000322832667734, -0.0001362440089, 0.000187616547919, -0.00120438053273, 0.00626866426319, -0.000846128445119, 0.000424041994847, 0.000236956417211, -0.00211145356297, -0.000278946245089, -0.000993814785033, -0.00110303831752, 0.00231278222054], [-0.000279903557384, 0.000377414224204, -0.00068529607961, -0.00282484665513, -0.000846128445119, 0.0119153242558, -0.00595845188946, 0.00331455818377, -0.00186046166345, 0.000623150612228, 0.000342534302035, 0.000849282718264, -0.00138484535273], [-0.000643940060399, -0.000763948366512, -0.00038820062764, 0.00247430591844, 0.000424041994847, -0.00595845188946, 0.0142157422379, -0.00493236025795, 0.00235944008455, -0.00316284620203, 0.00375943514518, -0.00494903326035, 0.00338417594321], [0.000430143729318, 0.000369316403521, -0.000711944478098, -0.00314635457471, 0.000236956417211, 0.00331455818377, -0.00493236025795, 0.0151997823268, -0.0097873006016, 0.00886652898043, -0.00811696890742, 0.00237533799373, -0.00137628568336], [0.000181425100891, -2.00618887902e-006, -0.000884429377038, 0.00126739672851, -0.00211145356297, -0.00186046166345, 0.00235944008455, -0.0097873006016, 0.0265219341964, -0.0179784800857, 0.0108858970925, -0.00288206664845, -0.00060661858879], [-0.000299186533084, 0.000145967307617, 0.00125448184554, -0.000265270558884, -0.000278946245089, 0.000623150612228, -0.00316284620203, 0.00886652898043, -0.0179784800857, 0.030020294711, -0.0148498415947, 0.00606811186299, -0.00321404542774], [0.000380080949981, 0.00095123751089, -0.000293862482067, -0.00150902743917, -0.000993814785033, 0.000342534302035, 0.00375943514518, -0.00811696890742, 0.0108858970925, -0.0148498415947, 0.026130778715, -0.0131690390408, 0.00425538374111], [-0.000310642004479, -0.00176383100916, 0.000983573962003, 0.00240756664425, -0.00110303831752, 0.000849282718264, -0.00494903326035, 0.00237533799373, -0.00288206664845, 0.00606811186299, -0.0131690390408, 0.0287851411849, -0.0135663226247], [-9.42062251852e-005, -9.73225996859e-006, -0.001611541491, -0.000610974500887, 0.00231278222054, -0.00138484535273, 0.00338417594321, -0.00137628568336, -0.00060661858879, -0.00321404542774, 0.00425538374111, -0.0135663226247, 0.0248483195901]]
    },
    "spectral_contrast_coeffs": {
        "mean": [-0.658283293247, -0.731761574745, -0.788845658302, -0.769385039806, -0.771164238453, -0.747264266014],
        "var": [0.0049792882055, 0.00546311540529, 0.00220551341772, 0.00207852851599, 0.0023453165777, 0.00134407612495]
    },
    "spectral_contrast_valleys": {
        "mean": [-7.27332305908, -6.2120308876, -6.54726171494, -6.65803956985, -6.88219451904, -9.81704521179],
        "var": [0.624460697174, 0.456259310246, 0.473487615585, 0.517921864986, 0.481782317162, 0.855734288692]
    }
},
"metadata": {
    "audio_properties": {
        "analysis_sample_rate": 44100,
        "bit_rate": 128074,
        "equal_loudness": 0,
        "length": 45.0612258911,
        "lossless": 0,
        "replay_gain": -1.64451408386,
        "sample_rate": 44100,
        "codec": "mp3",
        "downmix": "mix",
        "md5_encoded": "c125a8ac185306a3cc60741b64503ceb"
    },
    "tags": {
        "file_name": "1015.mp3"
    },
    "version": {
        "essentia": "2.1-beta2",
        "essentia_git_sha": "v2.1_beta2",
        "extractor": "music 1.0"
    }
},
"rhythm": {
    "beats_count": 69,
    "beats_loudness": {
        "mean": 0.0304441079497,
        "var": 8.59981882968e-005
    },
    "bpm": 92.9161987305,
    "bpm_histogram_first_peak_bpm": {
        "mean": 92,
        "var": 0
    },
    "bpm_histogram_first_peak_spread": {
        "mean": 0.397058844566,
        "var": 0
    },
    "bpm_histogram_first_peak_weight": {
        "mean": 0.602941155434,
        "var": 0
    },
    "bpm_histogram_second_peak_bpm": {
        "mean": 0,
        "var": 0
    },
    "bpm_histogram_second_peak_spread": {
        "mean": 0,
        "var": 0
    },
    "bpm_histogram_second_peak_weight": {
        "mean": 0,
        "var": 0
    },
    "danceability": 1.59995365143,
    "onset_rate": 3.70439863205,
    "beats_loudness_band_ratio": {
        "mean": [0.146652773023, 0.110519595444, 0.174319460988, 0.200388669968, 0.245275110006, 0.16121225059],
        "var": [0.0108527550474, 0.00465914979577, 0.0113396635279, 0.00600944412872, 0.0146089168265, 0.0061933468096]
    },
    "beats_position": [0.650158703327, 1.30031740665, 1.92725622654, 2.55419492722, 3.1811337471, 3.8196823597, 4.45823097229, 5.0967798233, 5.73532867432, 6.38548755646, 7.03564596176, 7.6858048439, 8.34757328033, 8.99773216248, 9.65950107574, 10.3096599579, 10.95981884, 11.5983667374, 12.2369155884, 12.8870744705, 13.5372333527, 14.1873922348, 14.8375511169, 15.4760990143, 16.114648819, 16.7531967163, 17.391746521, 18.0186843872, 18.6572322845, 19.2957820892, 19.9227199554, 20.5612697601, 21.1998176575, 21.826757431, 22.4769153595, 23.1038551331, 23.7424030304, 24.3809528351, 25.0427207947, 25.6928787231, 26.343038559, 26.9931964874, 27.6549663544, 28.3051242828, 28.9668922424, 29.6286621094, 30.290430069, 30.9521980286, 31.6023578644, 32.2525177002, 32.9026756287, 33.5528335571, 34.2029914856, 34.8415412903, 35.4916992188, 36.1302490234, 36.7804069519, 37.4305648804, 38.0807266235, 38.730884552, 39.3810424805, 40.0312004089, 40.6929702759, 41.3431282043, 41.981678009, 42.6318359375, 43.281993866, 43.9321517944, 44.5707015991]
},
"tonal": {
    "chords_changes_rate": 0.074074074626,
    "chords_number_rate": 0.0102880662307,
    "chords_strength": {
        "mean": 0.508435368538,
        "var": 0.00554533023387
    },
    "hpcp_entropy": {
        "mean": 2.38815140724,
        "var": 0.8543638587
    },
    "key_strength": 0.784270644188,
    "tuning_diatonic_strength": 0.628503024578,
    "tuning_equal_tempered_deviation": 0.0655107349157,
    "tuning_frequency": 441.017791748,
    "tuning_nontempered_energy_ratio": 0.763293027878,
    "hpcp": {
        "mean": [0.239417091012, 0.195020362735, 0.196631804109, 0.229846283793, 0.199422195554, 0.152304410934, 0.14332960546, 0.168088465929, 0.335094720125, 0.46348080039, 0.317541658878, 0.197763025761, 0.183391317725, 0.148235291243, 0.172014415264, 0.24404270947, 0.281381994486, 0.273373961449, 0.22868809104, 0.165663763881, 0.191218331456, 0.235054656863, 0.223416686058, 0.285622805357, 0.332627564669, 0.245259806514, 0.19583825767, 0.209088861942, 0.180503755808, 0.23086450994, 0.320851176977, 0.261487185955, 0.166696235538, 0.145858719945, 0.14582593739, 0.202833801508],
        "var": [0.0736101791263, 0.0397685281932, 0.042574878782, 0.0623867847025, 0.0529598481953, 0.0332359373569, 0.0305769983679, 0.0374517738819, 0.0674817040563, 0.130158573389, 0.0636057257652, 0.0450524240732, 0.0429775193334, 0.0321878679097, 0.0402675122023, 0.0724675133824, 0.0718622356653, 0.07190297544, 0.0590640790761, 0.036267798394, 0.0433939099312, 0.0630806386471, 0.0448512472212, 0.077936783433, 0.10541202873, 0.0523664429784, 0.0428524315357, 0.0550125427544, 0.0372717753053, 0.044893220067, 0.0787975266576, 0.0558125190437, 0.0310111735016, 0.0292052011937, 0.0304908454418, 0.0527957603335]
    },
    "chords_histogram": [27.0576133728, 4.62962961197, 21.1934146881, 0, 5.34979438782, 0.720164597034, 0.102880656719, 0, 0, 0, 0, 0, 0, 1.13168728352, 0, 0, 0, 6.17283964157, 0.411522626877, 22.2222213745, 0, 2.46913576126, 5.96707820892, 2.57201647758],
    "thpcp": [1, 0.685123682022, 0.426690876484, 0.395682662725, 0.319830477238, 0.371136009693, 0.526543319225, 0.607106029987, 0.589828014374, 0.493414372206, 0.357433915138, 0.412570118904, 0.507150769234, 0.482040852308, 0.616255939007, 0.71767282486, 0.529169261456, 0.422538012266, 0.45112735033, 0.38945248723, 0.498110204935, 0.692264199257, 0.564181268215, 0.359661579132, 0.314702838659, 0.314632087946, 0.437631517649, 0.516563117504, 0.420773327351, 0.424250155687, 0.495913267136, 0.430270671844, 0.328609973192, 0.30924603343, 0.362665444613, 0.722995877266],
    "chords_key": "F",
    "chords_scale": "major",
    "key_key": "F",
    "key_scale": "major"
}
}