{
"lowlevel": {
    "average_loudness": 0.00684063788503,
    "barkbands_crest": {
        "mean": 20.6570587158,
        "var": 28.4294586182
    },
    "barkbands_flatness_db": {
        "mean": 0.33603951335,
        "var": 0.0161052513868
    },
    "barkbands_kurtosis": {
        "mean": 318.957305908,
        "var": 410998.9375
    },
    "barkbands_skewness": {
        "mean": 9.76189041138,
        "var": 96.914894104
    },
    "barkbands_spread": {
        "mean": 4.48113203049,
        "var": 89.1896438599
    },
    "dissonance": {
        "mean": 0.335782915354,
        "var": 0.0103789409623
    },
    "dynamic_complexity": 14.7563247681,
    "erbbands_crest": {
        "mean": 20.7894210815,
        "var": 45.9458770752
    },
    "erbbands_flatness_db": {
        "mean": 0.30473524332,
        "var": 0.0140873044729
    },
    "erbbands_kurtosis": {
        "mean": 59.1213378906,
        "var": 5619.79785156
    },
    "erbbands_skewness": {
        "mean": 4.58864498138,
        "var": 11.8808717728
    },
    "erbbands_spread": {
        "mean": 13.6158866882,
        "var": 371.773040771
    },
    "hfc": {
        "mean": 5.66219902039,
        "var": 699.580627441
    },
    "melbands_crest": {
        "mean": 24.5884647369,
        "var": 38.6066322327
    },
    "melbands_flatness_db": {
        "mean": 0.430346399546,
        "var": 0.0158400591463
    },
    "melbands_kurtosis": {
        "mean": 96.2791366577,
        "var": 12469.7724609
    },
    "melbands_skewness": {
        "mean": 4.49062633514,
        "var": 10.8304872513
    },
    "melbands_spread": {
        "mean": 3.60065126419,
        "var": 68.5019226074
    },
    "pitch_salience": {
        "mean": 0.335801035166,
        "var": 0.0345311015844
    },
    "silence_rate_20dB": {
        "mean": 0.992790937424,
        "var": 0.00715691223741
    },
    "silence_rate_30dB": {
        "mean": 0.970648825169,
        "var": 0.0284900758415
    },
    "silence_rate_60dB": {
        "mean": 0.644181251526,
        "var": 0.229214593768
    },
    "spectral_centroid": {
        "mean": 426.139526367,
        "var": 132897.890625
    },
    "spectral_complexity": {
        "mean": 1.67456233501,
        "var": 2.23088026047
    },
    "spectral_decrease": {
        "mean": -3.61052543418e-009,
        "var": 2.84121664396e-016
    },
    "spectral_energy": {
        "mean": 0.0141404820606,
        "var": 0.00435690861195
    },
    "spectral_energyband_high": {
        "mean": 4.88901287099e-006,
        "var": 7.12985837037e-010
    },
    "spectral_energyband_low": {
        "mean": 1.04929722511e-005,
        "var": 1.98383371952e-008
    },
    "spectral_energyband_middle_high": {
        "mean": 0.000102085847175,
        "var": 3.55706276878e-007
    },
    "spectral_energyband_middle_low": {
        "mean": 0.0140292681754,
        "var": 0.00433413404971
    },
    "spectral_entropy": {
        "mean": 5.45956993103,
        "var": 1.62167823315
    },
    "spectral_flux": {
        "mean": 0.0155615974218,
        "var": 0.000788991164882
    },
    "spectral_kurtosis": {
        "mean": 24.4790096283,
        "var": 481.814147949
    },
    "spectral_rms": {
        "mean": 0.00199821451679,
        "var": 9.80273853202e-006
    },
    "spectral_rolloff": {
        "mean": 462.189849854,
        "var": 456739.15625
    },
    "spectral_skewness": {
        "mean": 3.9046664238,
        "var": 3.08581924438
    },
    "spectral_spread": {
        "mean": 3941237.5,
        "var": 4.6794497065e+012
    },
    "spectral_strongpeak": {
        "mean": 0.811548054218,
        "var": 2.14098358154
    },
    "zerocrossingrate": {
        "mean": 0.0254494603723,
        "var": 0.000677561503835
    },
    "barkbands": {
        "mean": [4.58761604705e-007, 3.24954203279e-006, 4.60484307041e-006, 1.95711218112e-005, 0.00100248120725, 0.0115196108818, 0.000366322085029, 6.08235495747e-005, 0.00100553536322, 5.96128520556e-005, 2.70903638011e-006, 1.90794944501e-005, 3.23794338328e-005, 1.92295210582e-005, 4.94230971526e-006, 6.88412546879e-006, 2.29476063396e-006, 2.74567173619e-006, 2.74406852441e-006, 6.31940906715e-007, 9.29443842779e-007, 5.7587936908e-007, 7.49641515085e-007, 1.35613174734e-006, 6.80588300384e-007, 2.68427214678e-007, 4.12030978225e-008],
        "var": [1.16497289246e-011, 1.09771325363e-009, 6.18305406874e-009, 5.60674973116e-009, 4.63881951873e-006, 0.00371190649457, 4.32513525084e-006, 1.13521174683e-007, 4.50441621069e-005, 1.55376753241e-007, 4.58303978101e-010, 9.18894293989e-009, 1.34872095714e-007, 2.48444465001e-008, 1.18343166378e-008, 2.12657962351e-008, 6.16572126688e-010, 2.67266569987e-010, 6.90451473773e-010, 1.26240424364e-011, 4.41633118964e-011, 3.94079179011e-011, 2.3599467866e-011, 7.69884017648e-011, 1.47595720368e-011, 1.31605934917e-012, 4.69403704274e-014]
    },
    "erbbands": {
        "mean": [9.01885941857e-005, 0.000850872253068, 0.004830325488, 0.0483991801739, 1.08283233643, 3.67264509201, 10.7294216156, 127.252059937, 49.8360939026, 2.19689631462, 1.92560017109, 12.5483875275, 21.5916786194, 0.929883897305, 0.410290151834, 0.572948873043, 1.04808032513, 1.720672369, 0.146030336618, 0.534587442875, 0.227522134781, 0.14667879045, 0.11255621165, 0.144921734929, 0.142308473587, 0.0343209952116, 0.0389189980924, 0.0315201431513, 0.0212183445692, 0.0197957102209, 0.0226264409721, 0.0231981966645, 0.0249904375523, 0.0134245492518, 0.0017732916167, 0.000688420026563, 0.000655876123346, 0.00014381215442, 1.04427699625e-005, 1.58756829478e-005],
        "var": [4.36685866134e-007, 9.04858970898e-005, 0.0046969903633, 0.0329063460231, 4.32111501694, 80.5201263428, 1031.24731445, 457186.03125, 79464.4765625, 88.3575668335, 97.2698822021, 6270.49169922, 21759.9921875, 26.009803772, 4.21965837479, 8.27271652222, 122.439750671, 215.231506348, 1.15523803234, 195.309295654, 8.49496555328, 2.16078996658, 0.384514033794, 0.611999094486, 2.9903178215, 0.0461723916233, 0.0674984231591, 0.091709844768, 0.0502165108919, 0.0215065814555, 0.0198545958847, 0.019251562655, 0.0344450324774, 0.00613856734708, 6.84434344294e-005, 8.15467137727e-006, 1.16376013466e-005, 4.14774774526e-007, 1.78271297724e-009, 5.46765210885e-009]
    },
    "gfcc": {
        "mean": [-312.855804443, 102.855705261, -57.2613487244, -5.98695516586, -76.2371749878, -25.0292606354, -62.3810424805, -15.8112888336, -31.9813518524, -5.54995298386, -10.3580036163, 7.48686647415, -7.4027967453],
        "cov": [[9140.12695313, 1264.0657959, -1534.47998047, -1506.83813477, -1568.91186523, -980.901000977, -328.635620117, -192.446228027, 235.345779419, -322.461364746, 718.594726563, -322.569641113, 388.594451904], [1264.0657959, 879.623352051, 65.8045196533, -520.80065918, -258.430664063, -384.863006592, -136.813018799, -239.288665771, -5.63355922699, -86.3835906982, 138.69682312, -78.2742156982, 53.291885376], [-1534.47998047, 65.8045196533, 751.328308105, 269.330932617, 139.321228027, -62.8950233459, -108.567993164, -140.584365845, -107.84047699, -51.7614860535, -24.0446243286, 73.7988128662, -70.5655517578], [-1506.83813477, -520.80065918, 269.330932617, 761.54083252, 442.518737793, 266.048919678, 7.97013473511, 28.7145729065, -67.7810668945, -33.5144844055, -183.39289856, 50.765537262, -77.9790725708], [-1568.91186523, -258.430664063, 139.321228027, 442.518737793, 627.203125, 343.180023193, 103.142044067, -1.8947365284, -109.342376709, 39.0437660217, -247.175750732, 0.0323643013835, -91.2294387817], [-980.901000977, -384.863006592, -62.8950233459, 266.048919678, 343.180023193, 560.995178223, 251.712997437, 96.9216995239, -141.088531494, 37.2015800476, -244.422927856, -105.497619629, -144.091705322], [-328.635620117, -136.813018799, -108.567993164, 7.97013473511, 103.142044067, 251.712997437, 265.714172363, 120.222839355, -69.2470321655, 41.8123664856, -114.837348938, -64.0497436523, -79.5944519043], [-192.446228027, -239.288665771, -140.584365845, 28.7145729065, -1.8947365284, 96.9216995239, 120.222839355, 266.630401611, 97.552772522, 29.0758857727, -59.8214988708, 29.8684005737, -7.7240524292], [235.345779419, -5.63355922699, -107.84047699, -67.7810668945, -109.342376709, -141.088531494, -69.2470321655, 97.552772522, 223.694580078, 70.250579834, 61.7379493713, 76.1117630005, 71.2250442505], [-322.461364746, -86.3835906982, -51.7614860535, -33.5144844055, 39.0437660217, 37.2015800476, 41.8123664856, 29.0758857727, 70.250579834, 227.036834717, 62.7737693787, 71.4851379395, 15.9638023376], [718.594726563, 138.69682312, -24.0446243286, -183.39289856, -247.175750732, -244.422927856, -114.837348938, -59.8214988708, 61.7379493713, 62.7737693787, 288.708435059, 84.5742340088, 77.2483673096], [-322.569641113, -78.2742156982, 73.7988128662, 50.765537262, 0.0323643013835, -105.497619629, -64.0497436523, 29.8684005737, 76.1117630005, 71.4851379395, 84.5742340088, 177.372879028, 71.2030258179], [388.594451904, 53.291885376, -70.5655517578, -77.9790725708, -91.2294387817, -144.091705322, -79.5944519043, -7.7240524292, 71.2250442505, 15.9638023376, 77.2483673096, 71.2030258179, 130.512527466]],
        "icov": [[0.00069393607555, -0.000709055399057, 0.00145107775461, -0.000483072595671, 0.000963949423749, 5.91236675973e-005, 0.000282397988485, 4.44589350082e-005, 0.000303094449919, 0.000661024183501, -0.000887871021405, 0.000864394824021, -0.000559080915991], [-0.000709055399057, 0.00590072525665, -0.00262154382654, 0.00425014691427, -0.00298723462038, 0.00264911423437, -0.0020414320752, 0.00361481355503, -0.00232933089137, 0.00133576802909, 0.000695538066793, 0.00130164669827, 0.000615300261416], [0.00145107775461, -0.00262154382654, 0.00583114195615, -0.00252802530304, 0.00270426855423, 0.000625412852969, 0.00163280742709, 8.16306492197e-005, 0.00243074051104, 0.000770658429246, -0.000799633096904, -0.000841872766614, 0.00148546334822], [-0.000483072595671, 0.00425014691427, -0.00252802530304, 0.00619596522301, -0.00380962155759, 0.000460737006506, -7.28386658011e-005, 0.00192081497516, -0.00209940224886, 0.00222419132479, 0.000190002640011, -0.000220600442844, 0.00083452736726], [0.000963949423749, -0.00298723462038, 0.00270426855423, -0.00380962155759, 0.0068965293467, -0.00179361586925, 0.00115706212819, 2.23950137297e-005, 0.00216932105832, -0.00160878617316, 0.00208422658034, -0.00137473782524, -0.000387609004974], [5.91236675973e-005, 0.00264911423437, 0.000625412852969, 0.000460737006506, -0.00179361586925, 0.0083587449044, -0.00297827506438, 0.000618222809862, 0.00201338436455, -0.00143124186434, 0.00197775079869, 0.00263667618856, 0.00201783375815], [0.000282397988485, -0.0020414320752, 0.00163280742709, -7.28386658011e-005, 0.00115706212819, -0.00297827506438, 0.0125403692946, -0.00684164837003, 0.00606106873602, -0.00364967435598, 0.00132239377126, 0.000408532097936, 0.00172877544537], [4.44589350082e-005, 0.00361481355503, 8.16306492197e-005, 0.00192081497516, 2.23950137297e-005, 0.000618222809862, -0.00684164837003, 0.0126117132604, -0.00767759606242, 0.00408065086231, 0.00093276851112, -0.0024670464918, 0.00134016142692], [0.000303094449919, -0.00232933089137, 0.00243074051104, -0.00209940224886, 0.00216932105832, 0.00201338436455, 0.00606106873602, -0.00767759606242, 0.0137931779027, -0.00570078380406, 0.00228888052516, -0.000616601086222, -0.00075860961806], [0.000661024183501, 0.00133576802909, 0.000770658429246, 0.00222419132479, -0.00160878617316, -0.00143124186434, -0.00364967435598, 0.00408065086231, -0.00570078380406, 0.0105672599748, -0.00459891138598, -0.00163066771347, -2.67807190539e-005], [-0.000887871021405, 0.000695538066793, -0.000799633096904, 0.000190002640011, 0.00208422658034, 0.00197775079869, 0.00132239377126, 0.00093276851112, 0.00228888052516, -0.00459891138598, 0.010928359814, -0.00464389938861, 0.00192148133647], [0.000864394824021, 0.00130164669827, -0.000841872766614, -0.000220600442844, -0.00137473782524, 0.00263667618856, 0.000408532097936, -0.0024670464918, -0.000616601086222, -0.00163066771347, -0.00464389938861, 0.0163952223957, -0.00729902694002], [-0.000559080915991, 0.000615300261416, 0.00148546334822, 0.00083452736726, -0.000387609004974, 0.00201783375815, 0.00172877544537, 0.00134016142692, -0.00075860961806, -2.67807190539e-005, 0.00192148133647, -0.00729902694002, 0.0167298018932]]
    },
    "melbands": {
        "mean": [8.5436676045e-007, 1.83363920314e-006, 2.31626527238e-005, 0.000171170249814, 0.000276502192719, 0.00263400981203, 0.000731765991077, 8.16351166577e-006, 1.47323244164e-005, 0.00011631660891, 0.000109100445115, 8.98414612038e-007, 7.41844758068e-007, 2.5290096346e-006, 4.86084786644e-007, 4.46845160695e-006, 2.76987839243e-006, 9.13753765985e-008, 4.46062188075e-007, 6.93005119956e-007, 2.00659712846e-007, 1.66842227145e-007, 6.87074432904e-008, 1.58201274303e-007, 1.07187730691e-007, 1.1746691797e-007, 5.1339103635e-008, 1.69036429298e-008, 2.504427421e-008, 1.92246769615e-008, 1.82171717711e-008, 1.33764359589e-008, 8.09018363412e-009, 1.16583702692e-008, 1.26957040436e-008, 1.51865862108e-008, 1.27834667296e-008, 1.63096665062e-008, 1.78865899869e-008, 9.14273723396e-009],
        "var": [5.83771780915e-011, 8.13275669032e-010, 3.60655461051e-009, 1.42862703001e-007, 6.09043183886e-007, 0.000196955093998, 1.7467969883e-005, 1.68864255912e-009, 9.38035427112e-009, 5.87635156535e-007, 5.57592045425e-007, 1.8267278315e-011, 1.27663947122e-011, 1.66298599891e-010, 1.24315453764e-011, 2.22592966281e-009, 5.5691573575e-010, 2.43450658938e-013, 1.03774766558e-010, 3.55237700367e-010, 4.37873348691e-012, 4.10111831647e-012, 2.08833235535e-013, 9.82304190246e-013, 3.49679080179e-013, 1.88814827488e-012, 2.68730946783e-013, 1.25862929562e-014, 2.83662321605e-014, 2.40454815212e-014, 4.4915666916e-014, 2.46732549078e-014, 4.3034889549e-015, 8.55723081777e-015, 7.03927281387e-015, 8.4497948528e-015, 6.43739703606e-015, 1.50276468922e-014, 1.76034368153e-014, 2.44397910282e-015]
    },
    "mfcc": {
        "mean": [-971.929016113, 134.639907837, 52.21717453, 13.713684082, -1.1658782959, -15.6830749512, -19.5249786377, -19.1662158966, -25.2522125244, -20.0329284668, -14.3477191925, -10.6684074402, -8.42738819122],
        "cov": [[7117.88818359, 1569.97290039, -967.645019531, -1049.54748535, -857.159179688, -957.648742676, -508.393310547, -457.082580566, -524.763244629, -57.562877655, -90.1217269897, -298.047515869, -370.872497559], [1569.97290039, 1233.03430176, 31.9680347443, -346.656799316, -308.852386475, -323.494750977, -273.090301514, -278.778381348, -272.897003174, -160.096588135, -97.4439315796, -96.9981842041, -106.777839661], [-967.645019531, 31.9680347443, 508.921295166, 201.956710815, 49.9355354309, 8.98530578613, -34.0661468506, -29.4829139709, -104.548851013, -137.759414673, -37.9431991577, 41.2221984863, 38.1613044739], [-1049.54748535, -346.656799316, 201.956710815, 441.473449707, 290.830841064, 146.521133423, 6.99778938293, 65.3990783691, 42.3405647278, -64.2174453735, -23.2257537842, 28.8109436035, 55.2893714905], [-857.159179688, -308.852386475, 49.9355354309, 290.830841064, 369.660461426, 217.754745483, 25.7201290131, 72.6520996094, 83.5108947754, -6.40823125839, -37.934753418, -7.10639572144, 22.5410385132], [-957.648742676, -323.494750977, 8.98530578613, 146.521133423, 217.754745483, 428.472991943, 252.940841675, 72.620475769, 131.864151001, 74.8087997437, 21.6143321991, -2.54688763618, -4.52421712875], [-508.393310547, -273.090301514, -34.0661468506, 6.99778938293, 25.7201290131, 252.940841675, 360.131866455, 121.233123779, 89.3702392578, 79.1693496704, 52.698299408, 8.77552127838, -43.7718276978], [-457.082580566, -278.778381348, -29.4829139709, 65.3990783691, 72.6520996094, 72.620475769, 121.233123779, 221.592819214, 166.715484619, 80.9045257568, 22.6696720123, 7.9511179924, -12.7082138062], [-524.763244629, -272.897003174, -104.548851013, 42.3405647278, 83.5108947754, 131.864151001, 89.3702392578, 166.715484619, 287.602722168, 145.135391235, 23.6700649261, 24.5769081116, 45.3796768188], [-57.562877655, -160.096588135, -137.759414673, -64.2174453735, -6.40823125839, 74.8087997437, 79.1693496704, 80.9045257568, 145.135391235, 183.261672974, 61.1383514404, 10.3936309814, 19.4302883148], [-90.1217269897, -97.4439315796, -37.9431991577, -23.2257537842, -37.934753418, 21.6143321991, 52.698299408, 22.6696720123, 23.6700649261, 61.1383514404, 115.394592285, 46.1932220459, 7.70385026932], [-298.047515869, -96.9981842041, 41.2221984863, 28.8109436035, -7.10639572144, -2.54688763618, 8.77552127838, 7.9511179924, 24.5769081116, 10.3936309814, 46.1932220459, 137.54460144, 91.0601882935], [-370.872497559, -106.777839661, 38.1613044739, 55.2893714905, 22.5410385132, -4.52421712875, -43.7718276978, -12.7082138062, 45.3796768188, 19.4302883148, 7.70385026932, 91.0601882935, 181.619247437]],
        "icov": [[0.000628317066003, -0.000203896837775, 0.00122371653561, -3.82146026823e-005, 0.000577705912292, 0.000590478477534, 0.000192289124243, 0.000245477305725, 0.000799399742391, -0.000407358398661, 0.000625795335509, 9.00609666132e-005, 0.000696349423379], [-0.000203896837775, 0.00206826836802, -0.000817660125904, 0.00125619384926, 0.000316182035021, -0.000149234445416, 0.000761643517762, 0.00125995604321, -0.000495700049214, 0.000855418504216, 0.00061131286202, 0.000245181494392, 0.000701249111444], [0.00122371653561, -0.000817660125904, 0.00584578886628, -0.0022620332893, 0.00279874168336, -0.000128955696709, 0.000930905458517, -0.000986663275398, 0.0030388305895, 0.000379241013434, 0.00188817526214, -0.000802311929874, 0.0008055291255], [-3.82146026823e-005, 0.00125619384926, -0.0022620332893, 0.0079057989642, -0.00506858807057, 0.000492718827445, 0.000242879643338, -4.97412002005e-005, -0.000998983392492, 0.00308139645495, -0.00160785834305, 0.000648860179354, -0.000911695940886], [0.000577705912292, 0.000316182035021, 0.00279874168336, -0.00506858807057, 0.0111214956269, -0.00549690192565, 0.00457045529038, -0.00281797978096, 0.00245789019391, -0.000576274411287, 0.00363491894677, -0.00035509452573, 0.00117900129408], [0.000590478477534, -0.000149234445416, -0.000128955696709, 0.000492718827445, -0.00549690192565, 0.010701989755, -0.00721337553114, 0.00622627232224, -0.00339367007837, -0.00137640954927, -0.000537413987331, 0.0013720926363, 0.000971192726865], [0.000192289124243, 0.000761643517762, 0.000930905458517, 0.000242879643338, 0.00457045529038, -0.00721337553114, 0.0096049150452, -0.00538759166375, 0.00334948161617, -5.54339312657e-005, 0.000465405842988, -0.00139012164436, 0.0016081253998], [0.000245477305725, 0.00125995604321, -0.000986663275398, -4.97412002005e-005, -0.00281797978096, 0.00622627232224, -0.00538759166375, 0.0146353151649, -0.00790060311556, -0.000468060898129, -7.73626743467e-005, 0.000303412089124, 0.00357021880336], [0.000799399742391, -0.000495700049214, 0.0030388305895, -0.000998983392492, 0.00245789019391, -0.00339367007837, 0.00334948161617, -0.00790060311556, 0.013265805319, -0.00625525275245, 0.00366576900706, -0.00129191251472, -0.00128174212296], [-0.000407358398661, 0.000855418504216, 0.000379241013434, 0.00308139645495, -0.000576274411287, -0.00137640954927, -5.54339312657e-005, -0.000468060898129, -0.00625525275245, 0.0154509376734, -0.00650365324691, 0.00276247435249, -0.00255476334132], [0.000625795335509, 0.00061131286202, 0.00188817526214, -0.00160785834305, 0.00363491894677, -0.000537413987331, 0.000465405842988, -7.73626743467e-005, 0.00366576900706, -0.00650365324691, 0.0160021018237, -0.00619762111455, 0.00358070363291], [9.00609666132e-005, 0.000245181494392, -0.000802311929874, 0.000648860179354, -0.00035509452573, 0.0013720926363, -0.00139012164436, 0.000303412089124, -0.00129191251472, 0.00276247435249, -0.00619762111455, 0.0145053463057, -0.00691898213699], [0.000696349423379, 0.000701249111444, 0.0008055291255, -0.000911695940886, 0.00117900129408, 0.000971192726865, 0.0016081253998, 0.00357021880336, -0.00128174212296, -0.00255476334132, 0.00358070363291, -0.00691898213699, 0.0118745388463]]
    },
    "spectral_contrast_coeffs": {
        "mean": [-0.574302732944, -0.638830304146, -0.807595849037, -0.843639791012, -0.853432655334, -0.853312432766],
        "var": [0.0176919959486, 0.0309089105576, 0.0100761186332, 0.00320438318886, 0.00212507741526, 0.000909505528398]
    },
    "spectral_contrast_valleys": {
        "mean": [-10.5874242783, -9.47358036041, -10.552690506, -11.1906099319, -11.2747859955, -13.0991449356],
        "var": [0.494508802891, 1.22007381916, 1.02332139015, 0.850586771965, 0.639243960381, 0.548396348953]
    }
},
"metadata": {
    "audio_properties": {
        "analysis_sample_rate": 44100,
        "bit_rate": 128074,
        "equal_loudness": 0,
        "length": 45.0612258911,
        "lossless": 0,
        "replay_gain": -7.00674057007,
        "sample_rate": 44100,
        "codec": "mp3",
        "downmix": "mix",
        "md5_encoded": "3016947a8a35592b02e99c2522c3ce93"
    },
    "tags": {
        "file_name": "1016.mp3"
    },
    "version": {
        "essentia": "2.1-beta2",
        "essentia_git_sha": "v2.1_beta2",
        "extractor": "music 1.0"
    }
},
"rhythm": {
    "beats_count": 95,
    "beats_loudness": {
        "mean": 0.0268622748554,
        "var": 0.0166073590517
    },
    "bpm": 172.265609741,
    "bpm_histogram_first_peak_bpm": {
        "mean": 172,
        "var": 0
    },
    "bpm_histogram_first_peak_spread": {
        "mean": 0,
        "var": 0
    },
    "bpm_histogram_first_peak_weight": {
        "mean": 0.148936167359,
        "var": 0
    },
    "bpm_histogram_second_peak_bpm": {
        "mean": 140,
        "var": 0
    },
    "bpm_histogram_second_peak_spread": {
        "mean": 0.5,
        "var": 0
    },
    "bpm_histogram_second_peak_weight": {
        "mean": 0.138297870755,
        "var": 0
    },
    "danceability": 0.911001980305,
    "onset_rate": 1.79674422741,
    "beats_loudness_band_ratio": {
        "mean": [0.149872273207, 0.828402400017, 0.0796562060714, 0.022292284295, 0.0128094963729, 0.0122192762792],
        "var": [0.0585672669113, 0.0519860461354, 0.016560126096, 0.00442105857655, 0.00197248160839, 0.00124595756643]
    },
    "beats_position": [0.371519267559, 0.743038535118, 1.10294783115, 1.47446703911, 1.84598636627, 2.22911548615, 2.60063481331, 3.01859402657, 3.43655323982, 3.86612248421, 4.29569149017, 4.72526073456, 5.15482997894, 5.58439922333, 6.00235795975, 6.40870714188, 6.82666635513, 7.23301553726, 7.58131504059, 7.91800451279, 8.26630401611, 8.6146030426, 8.96290206909, 9.31120204926, 9.67111110687, 10.0310201645, 10.379319191, 10.71600914, 11.0526981354, 11.4009971619, 11.749297142, 12.0975961685, 12.445895195, 12.7941951752, 13.1308841705, 13.4907932281, 13.8507022858, 14.2106122971, 14.5705213547, 14.9304304123, 15.2787294388, 15.6270294189, 15.9753284454, 16.3352375031, 16.7648067474, 17.1827659607, 17.600725174, 18.0419044495, 18.4714736938, 18.9010429382, 19.3422222137, 19.7717914581, 20.2013607025, 20.642539978, 21.0837192535, 21.5248966217, 21.9544658661, 22.3840351105, 22.825214386, 23.2547836304, 23.6959629059, 24.0790920258, 24.4738311768, 24.8569602966, 25.2516994476, 25.7393188477, 26.2269382477, 26.7609977722, 27.2950553894, 27.8175048828, 28.3515644073, 28.9204521179, 29.4893417358, 30.0582313538, 30.6271190643, 31.1960086823, 31.7881164551, 32.3453979492, 33.0768241882, 33.7734222412, 34.4584121704, 35.1317901611, 35.8051681519, 36.4901580811, 37.186756134, 37.883354187, 38.5683441162, 39.2881622314, 40.0079803467, 40.7277984619, 41.4476165771, 42.1674385071, 42.8872566223, 43.6070747375, 44.3268928528]
},
"tonal": {
    "chords_changes_rate": 0.0658436194062,
    "chords_number_rate": 0.0133744860068,
    "chords_strength": {
        "mean": 0.468996047974,
        "var": 0.00869767460972
    },
    "hpcp_entropy": {
        "mean": 1.48966395855,
        "var": 0.81382137537
    },
    "key_strength": 0.626740157604,
    "tuning_diatonic_strength": 0.440596282482,
    "tuning_equal_tempered_deviation": 0.207459151745,
    "tuning_frequency": 445.369720459,
    "tuning_nontempered_energy_ratio": 0.894969344139,
    "hpcp": {
        "mean": [0.190134942532, 0.0377148240805, 0.0252879168838, 0.0391689017415, 0.0567023120821, 0.0721877217293, 0.0634064525366, 0.039300352335, 0.0265360660851, 0.0253126081079, 0.0360929295421, 0.0446593016386, 0.0438218675554, 0.067696519196, 0.151361078024, 0.148032054305, 0.0509741082788, 0.0147648444399, 0.0168186407536, 0.0384866334498, 0.0658991113305, 0.0508995838463, 0.0223413147032, 0.0138665186241, 0.0171111505479, 0.0728527754545, 0.305683910847, 0.33682602644, 0.148547321558, 0.145006746054, 0.100755192339, 0.0167121738195, 0.0144633278251, 0.0205307975411, 0.0964131504297, 0.248332232237],
        "var": [0.0963862538338, 0.0141751049086, 0.0111755533144, 0.0204920638353, 0.0304261669517, 0.0452162697911, 0.0366999395192, 0.017108682543, 0.0134828109294, 0.0107892472297, 0.0188806131482, 0.0268143508583, 0.0258538834751, 0.035594381392, 0.0912899747491, 0.0963968262076, 0.0151651725173, 0.0087805390358, 0.0061940299347, 0.0228734407574, 0.0495972074568, 0.0322099588811, 0.00865274854004, 0.00514822779223, 0.00669304607436, 0.0207900330424, 0.150743380189, 0.177643373609, 0.037409145385, 0.0992895066738, 0.0522619336843, 0.00561247393489, 0.00441108644009, 0.00623032823205, 0.0280782636255, 0.160966172814]
    },
    "chords_histogram": [10.1851854324, 0.925925910473, 4.42386817932, 15.2263374329, 10.5967073441, 0, 0, 0, 5.65843629837, 0.102880656719, 5.55555534363, 0.205761313438, 0, 0, 0, 19.855966568, 3.70370364189, 6.27572011948, 0.411522626877, 0, 4.11522626877, 2.88065838814, 5.55555534363, 4.32098770142],
    "thpcp": [1, 0.441020905972, 0.430509328842, 0.299131244421, 0.0496166348457, 0.0429400540888, 0.0609537139535, 0.286240190268, 0.737271487713, 0.56449007988, 0.111971229315, 0.0750770866871, 0.116288229823, 0.168343022466, 0.214317530394, 0.188246890903, 0.116678491235, 0.0787827074528, 0.0751503929496, 0.107156001031, 0.132588624954, 0.13010238111, 0.200983628631, 0.449374645948, 0.439491152763, 0.151336610317, 0.0438352227211, 0.0499327220023, 0.114262647927, 0.195647329092, 0.151115357876, 0.0663289427757, 0.0411681905389, 0.0508011542261, 0.216292008758, 0.907542407513],
    "chords_key": "B",
    "chords_scale": "minor",
    "key_key": "F#",
    "key_scale": "major"
}
}