{
"lowlevel": {
    "average_loudness": 0.81575602293,
    "barkbands_crest": {
        "mean": 15.7896471024,
        "var": 26.7730712891
    },
    "barkbands_flatness_db": {
        "mean": 0.256915688515,
        "var": 0.00645551318303
    },
    "barkbands_kurtosis": {
        "mean": 22.6552333832,
        "var": 999.06060791
    },
    "barkbands_skewness": {
        "mean": 3.11439037323,
        "var": 4.43170118332
    },
    "barkbands_spread": {
        "mean": 6.55492401123,
        "var": 67.9554824829
    },
    "dissonance": {
        "mean": 0.411250829697,
        "var": 0.00312296883203
    },
    "dynamic_complexity": 7.2370724678,
    "erbbands_crest": {
        "mean": 13.4454946518,
        "var": 28.4572429657
    },
    "erbbands_flatness_db": {
        "mean": 0.242287755013,
        "var": 0.00474671367556
    },
    "erbbands_kurtosis": {
        "mean": 4.59279584885,
        "var": 71.7037734985
    },
    "erbbands_skewness": {
        "mean": 1.35943508148,
        "var": 1.76634001732
    },
    "erbbands_spread": {
        "mean": 22.3539886475,
        "var": 251.128677368
    },
    "hfc": {
        "mean": 4.51629686356,
        "var": 56.9667167664
    },
    "melbands_crest": {
        "mean": 18.4088993073,
        "var": 31.9561710358
    },
    "melbands_flatness_db": {
        "mean": 0.339588165283,
        "var": 0.00849620625377
    },
    "melbands_kurtosis": {
        "mean": 28.2273521423,
        "var": 1129.04052734
    },
    "melbands_skewness": {
        "mean": 3.39837861061,
        "var": 4.24444723129
    },
    "melbands_spread": {
        "mean": 8.02239513397,
        "var": 152.748428345
    },
    "pitch_salience": {
        "mean": 0.508450865746,
        "var": 0.0224902257323
    },
    "silence_rate_20dB": {
        "mean": 1,
        "var": 0
    },
    "silence_rate_30dB": {
        "mean": 0.985581874847,
        "var": 0.0142102558166
    },
    "silence_rate_60dB": {
        "mean": 0.451596289873,
        "var": 0.24765971303
    },
    "spectral_centroid": {
        "mean": 527.815551758,
        "var": 191401.140625
    },
    "spectral_complexity": {
        "mean": 5.49124622345,
        "var": 16.2675056458
    },
    "spectral_decrease": {
        "mean": -3.66308583466e-009,
        "var": 4.40877671196e-017
    },
    "spectral_energy": {
        "mean": 0.014234945178,
        "var": 0.000657966651488
    },
    "spectral_energyband_high": {
        "mean": 3.92189976992e-005,
        "var": 2.89298100142e-007
    },
    "spectral_energyband_low": {
        "mean": 0.000922155217268,
        "var": 1.16526716738e-005
    },
    "spectral_energyband_middle_high": {
        "mean": 0.000536165840458,
        "var": 1.73748185262e-006
    },
    "spectral_energyband_middle_low": {
        "mean": 0.0129178753123,
        "var": 0.000599073129706
    },
    "spectral_entropy": {
        "mean": 6.3086810112,
        "var": 0.615097403526
    },
    "spectral_flux": {
        "mean": 0.0426576212049,
        "var": 0.00207940512337
    },
    "spectral_kurtosis": {
        "mean": 24.0670108795,
        "var": 684.015075684
    },
    "spectral_rms": {
        "mean": 0.00275454460643,
        "var": 6.30025806458e-006
    },
    "spectral_rolloff": {
        "mean": 584.234985352,
        "var": 632930.6875
    },
    "spectral_skewness": {
        "mean": 3.49046134949,
        "var": 3.00736236572
    },
    "spectral_spread": {
        "mean": 3014537.5,
        "var": 3.26204994355e+012
    },
    "spectral_strongpeak": {
        "mean": 0.631409823895,
        "var": 0.609363675117
    },
    "zerocrossingrate": {
        "mean": 0.0263493359089,
        "var": 0.000516565341968
    },
    "barkbands": {
        "mean": [1.36774235671e-006, 5.52157762286e-005, 0.00072262797039, 0.000840366992634, 0.00924618914723, 0.00162854383234, 0.000317674857797, 0.000587464484852, 0.000230492762057, 0.000148081890075, 6.67824788252e-005, 3.99911987188e-005, 4.63329633931e-005, 4.24485660915e-005, 4.93343140988e-005, 5.74158293603e-005, 8.96363708307e-005, 1.66186218848e-005, 7.17764532965e-006, 9.64663740888e-006, 2.08370347536e-005, 2.73059072242e-006, 2.29123975259e-006, 2.9552718388e-006, 2.48924879998e-006, 2.60969329702e-007, 7.30029858786e-009],
        "var": [1.47756650665e-011, 2.65967567969e-008, 9.50617959461e-006, 3.86987176171e-006, 0.000454186199931, 1.19055803225e-005, 1.05039293885e-006, 3.10294467454e-006, 2.52388019817e-007, 2.5211855359e-007, 3.33247918149e-008, 1.00972187056e-007, 1.36057982658e-008, 1.77008629976e-008, 7.36554568448e-008, 2.29276423624e-007, 4.39975138988e-007, 4.60666749191e-009, 6.11994899202e-010, 1.64222875298e-008, 1.64768096056e-007, 8.13393588595e-011, 1.53366083722e-010, 2.28752558562e-010, 3.33017169396e-010, 1.11097882196e-012, 9.12513993912e-016]
    },
    "erbbands": {
        "mean": [0.000644580810331, 0.0308395437896, 0.638662934303, 2.07483744621, 25.1799678802, 26.7051067352, 9.4180803299, 17.6890983582, 5.83165884018, 12.0075244904, 8.66142749786, 4.5508184433, 5.04021930695, 3.66683578491, 1.96749997139, 1.87128174305, 2.15256047249, 2.33235812187, 2.47689461708, 2.19237828255, 4.3811211586, 5.15254545212, 1.21707057953, 0.530822515488, 0.34793099761, 0.488156437874, 1.34996044636, 0.193633511662, 0.095821775496, 0.100839845836, 0.0530987232924, 0.0483730696142, 0.0588226951659, 0.0322228074074, 0.0150459343567, 0.00255491118878, 0.0002970964415, 3.11119692924e-005, 7.70804490458e-006, 1.58695656864e-005],
        "var": [2.43177623815e-006, 0.0110612306744, 6.6688952446, 18.5022830963, 4196.81542969, 3719.13647461, 243.120758057, 1604.28979492, 202.85987854, 1622.78173828, 321.575012207, 86.1825332642, 350.256469727, 63.2840576172, 28.1141166687, 257.348602295, 26.7328262329, 39.4399833679, 137.094284058, 171.243713379, 1168.88024902, 1313.5402832, 28.140329361, 3.13780093193, 2.09519052505, 39.3806915283, 736.76940918, 3.49896264076, 0.1005410254, 0.240787804127, 0.0450891293585, 0.0343804061413, 0.160886883736, 0.0303227044642, 0.0248346496373, 0.000119477968838, 1.96874407266e-006, 1.20944578796e-008, 1.71764977241e-010, 8.00396193767e-010]
    },
    "gfcc": {
        "mean": [-188.416931152, 143.49822998, -100.25012207, 7.39019632339, -58.6176338196, -7.14614486694, -57.2992172241, -8.67072105408, -30.4117183685, -15.6372022629, -20.9614524841, -10.7951278687, -6.29180192947],
        "cov": [[9419.08496094, 292.615631104, -1150.85925293, 371.404296875, -430.044342041, -303.859802246, -417.256866455, -331.47567749, 31.5053920746, -488.765563965, -19.7055969238, -468.208404541, 149.3412323], [292.615631104, 1450.02001953, 301.018951416, -767.229309082, 23.6865406036, -431.71395874, 100.626037598, -258.364135742, 119.265312195, -194.052032471, 89.9058532715, -79.8835144043, 21.599855423], [-1150.85925293, 301.018951416, 704.881347656, -82.4509277344, 1.18015468121, -8.80152511597, 80.4436416626, -19.9964580536, -50.843952179, -24.9841346741, 0.865616083145, 32.829750061, -11.4233913422], [371.404296875, -767.229309082, -82.4509277344, 758.335693359, 100.436378479, 247.818115234, -59.0678863525, 89.9297332764, -114.526924133, 8.38836288452, -68.2238540649, 1.98009896278, -0.258011490107], [-430.044342041, 23.6865406036, 1.18015468121, 100.436378479, 288.059631348, 46.2384796143, 4.63097667694, -14.9486980438, -13.9156827927, -16.6654605865, -31.7754917145, -3.53299856186, -8.12141036987], [-303.859802246, -431.71395874, -8.80152511597, 247.818115234, 46.2384796143, 296.426879883, 41.6766967773, 104.994895935, -56.2194862366, 78.5467910767, -35.1925926208, 30.292339325, -17.1095962524], [-417.256866455, 100.626037598, 80.4436416626, -59.0678863525, 4.63097667694, 41.6766967773, 163.940093994, 28.6521205902, -3.13854002953, 15.450920105, 8.31389522552, -4.72488307953, -21.383928299], [-331.47567749, -258.364135742, -19.9964580536, 89.9297332764, -14.9486980438, 104.994895935, 28.6521205902, 179.68309021, 29.4357337952, 60.4621887207, -28.8694629669, 32.7121047974, -12.9196472168], [31.5053920746, 119.265312195, -50.843952179, -114.526924133, -13.9156827927, -56.2194862366, -3.13854002953, 29.4357337952, 124.071807861, 20.4477844238, 2.92836523056, -8.19506835938, -1.88679146767], [-488.765563965, -194.052032471, -24.9841346741, 8.38836288452, -16.6654605865, 78.5467910767, 15.450920105, 60.4621887207, 20.4477844238, 160.767745972, 28.0931339264, 33.374874115, -25.0790500641], [-19.7055969238, 89.9058532715, 0.865616083145, -68.2238540649, -31.7754917145, -35.1925926208, 8.31389522552, -28.8694629669, 2.92836523056, 28.0931339264, 95.3097763062, 26.2946186066, -19.5043334961], [-468.208404541, -79.8835144043, 32.829750061, 1.98009896278, -3.53299856186, 30.292339325, -4.72488307953, 32.7121047974, -8.19506835938, 33.374874115, 26.2946186066, 121.986427307, 12.2917480469], [149.3412323, 21.599855423, -11.4233913422, -0.258011490107, -8.12141036987, -17.1095962524, -21.383928299, -12.9196472168, -1.88679146767, -25.0790500641, -19.5043334961, 12.2917480469, 83.1509246826]],
        "icov": [[0.000404167047236, -0.000804320850875, 0.000767592864577, -0.000797660381068, 0.00104184413794, -0.000595340272412, 0.000952939502895, -6.86249622959e-005, 0.000115639712021, 0.000529018987436, -0.000192229752429, 0.000991881708615, -0.000229852928896], [-0.000804320850875, 0.00724958768114, -0.00327683705837, 0.00520006520674, -0.00425942009315, 0.00342637253925, -0.00469975126907, 0.00318314763717, -0.00362261245027, 0.00350482319482, -0.00318693765439, 4.10640495829e-005, -0.00107643613592], [0.000767592864577, -0.00327683705837, 0.00364474742673, -0.00243465299718, 0.0026761002373, -0.00161826156545, 0.0018666239921, -0.000935548858251, 0.00208657374606, -0.000220668633119, 0.0012588489335, 0.000547968607862, 0.000423905526986], [-0.000797660381068, 0.00520006520674, -0.00243465299718, 0.00633828435093, -0.00398763082922, 0.000990693923086, -0.00228010769933, 0.00100311893038, -0.000606398039963, 0.00240500317886, -0.00174617255107, -9.13334515644e-005, -0.000533613900188], [0.00104184413794, -0.00425942009315, 0.0026761002373, -0.00398763082922, 0.00753113860264, -0.00295536639169, 0.00308915437199, 0.000102023463114, 0.000842243607622, -6.41422520857e-005, 0.00243089301512, 0.00105349486694, 0.000942535814829], [-0.000595340272412, 0.00342637253925, -0.00161826156545, 0.000990693923086, -0.00295536639169, 0.00939712114632, -0.00445584347472, -0.000945559411775, 0.00137095048558, -0.00209512910806, 0.000985691440292, -0.00152403989341, 0.000167766789673], [0.000952939502895, -0.00469975126907, 0.0018666239921, -0.00228010769933, 0.00308915437199, -0.00445584347472, 0.0116420323029, -0.00342876673676, 0.00265849684365, -0.000440250471001, -0.0002332485019, 0.00292493286543, 0.00104524742346], [-6.86249622959e-005, 0.00318314763717, -0.000935548858251, 0.00100311893038, 0.000102023463114, -0.000945559411775, -0.00342876673676, 0.0121128614992, -0.00617789244279, 0.000698227493558, 0.00214905547909, -0.00224594352767, 0.000893140619155], [0.000115639712021, -0.00362261245027, 0.00208657374606, -0.000606398039963, 0.000842243607622, 0.00137095048558, 0.00265849684365, -0.00617789244279, 0.0147931519896, -0.00453419098631, 0.0025057499297, 0.000599878374487, 0.000573472527321], [0.000529018987436, 0.00350482319482, -0.000220668633119, 0.00240500317886, -6.41422520857e-005, -0.00209512910806, -0.000440250471001, 0.000698227493558, -0.00453419098631, 0.0140109593049, -0.00654800515622, 0.00193611183204, -2.47219777521e-005], [-0.000192229752429, -0.00318693765439, 0.0012588489335, -0.00174617255107, 0.00243089301512, 0.000985691440292, -0.0002332485019, 0.00214905547909, 0.0025057499297, -0.00654800515622, 0.0188336260617, -0.00655126618221, 0.00552288815379], [0.000991881708615, 4.10640495829e-005, 0.000547968607862, -9.13334515644e-005, 0.00105349486694, -0.00152403989341, 0.00292493286543, -0.00224594352767, 0.000599878374487, 0.00193611183204, -0.00655126618221, 0.014395528473, -0.0045917276293], [-0.000229852928896, -0.00107643613592, 0.000423905526986, -0.000533613900188, 0.000942535814829, 0.000167766789673, 0.00104524742346, 0.000893140619155, 0.000573472527321, -2.47219777521e-005, 0.00552288815379, -0.0045917276293, 0.0152893122286]]
    },
    "melbands": {
        "mean": [8.76564899954e-006, 0.000228441815125, 0.000877563259564, 0.00230303546414, 0.000420968368417, 0.000359973986633, 8.22005313239e-005, 0.00014012720203, 6.4821630076e-005, 2.72003908321e-005, 2.50604789471e-005, 1.50320356624e-005, 7.18286537449e-006, 4.99515499541e-006, 3.38488825946e-006, 5.60922308068e-006, 4.21405547968e-006, 3.8587322706e-006, 3.3156977679e-006, 2.98292434309e-006, 5.37993719263e-006, 6.39853669782e-006, 1.50211576511e-006, 8.09086486697e-007, 3.79903212888e-007, 2.57403570458e-007, 1.86775963584e-007, 2.96599466765e-007, 1.20575828078e-006, 2.00378508453e-007, 6.92370463184e-008, 4.85903761671e-008, 5.81613832651e-008, 5.72202480953e-008, 3.15625392489e-008, 2.55259973159e-008, 2.94298860837e-008, 4.7558181393e-008, 2.83911649746e-008, 2.66386006587e-008],
        "var": [5.44869538377e-010, 8.94809659258e-007, 4.09466792917e-006, 3.15762481478e-005, 5.19252978393e-007, 6.33360855318e-007, 4.10311677967e-008, 2.11075445122e-007, 1.66723950201e-008, 3.20852922009e-009, 8.73514771627e-009, 1.05914865767e-009, 3.35836969345e-010, 1.15063714112e-009, 4.07876704633e-010, 2.24909743607e-010, 1.73440747875e-010, 3.10655556834e-010, 3.00456964863e-010, 2.97182028985e-010, 1.90751592299e-009, 2.37671526904e-009, 5.8287548399e-011, 1.16937726863e-011, 1.74708966912e-012, 1.25105850159e-012, 4.80700982491e-013, 1.61208303651e-011, 6.48268216885e-010, 7.35578351702e-012, 1.34235626629e-013, 2.7583697384e-014, 5.24437501618e-014, 1.41781456909e-013, 1.93972764148e-014, 2.18002699226e-014, 1.10692688061e-014, 1.30574967071e-013, 2.02071025928e-014, 2.26618532018e-014]
    },
    "mfcc": {
        "mean": [-835.804870605, 173.066345215, 15.0024757385, 11.7530431747, 10.2222642899, -7.8118019104, -14.1638145447, -8.54995059967, -8.1410150528, -12.9110136032, -13.6661558151, -11.068526268, -11.188706398],
        "cov": [[8984.75488281, 276.991638184, -1025.22949219, 216.408554077, -40.9554862976, -280.20980835, -383.974731445, -175.901992798, -131.566467285, -132.401351929, -108.177947998, -245.718185425, -312.324584961], [276.991638184, 1655.97424316, 184.292068481, -309.981536865, -216.96434021, -226.730926514, -202.609329224, -85.8679428101, -146.616485596, -67.2826080322, -25.8014373779, -149.774398804, -55.6181640625], [-1025.22949219, 184.292068481, 610.105407715, -21.6793518066, -80.6411895752, 15.5360956192, 64.6079101563, 26.3314685822, -6.18213224411, -12.6785106659, 5.24741506577, -9.50929832458, -0.233345001936], [216.408554077, -309.981536865, -21.6793518066, 308.5675354, 145.419754028, 65.8587341309, 66.1245346069, 40.1097335815, 13.6122484207, -22.9213314056, -21.1873188019, 0.0667789727449, -24.7417736053], [-40.9554862976, -216.96434021, -80.6411895752, 145.419754028, 262.188690186, 102.038597107, 31.1954059601, 29.2776432037, 38.1176223755, -22.8714084625, -16.5131130219, 13.5901641846, -18.3977203369], [-280.20980835, -226.730926514, 15.5360956192, 65.8587341309, 102.038597107, 188.64074707, 108.890968323, 23.1653270721, 29.4960918427, 15.1388940811, -3.5261797905, 15.9418430328, 0.456908583641], [-383.974731445, -202.609329224, 64.6079101563, 66.1245346069, 31.1954059601, 108.890968323, 199.502365112, 59.0520935059, 11.1056308746, 27.695602417, 8.72697544098, 20.6992301941, 3.57213664055], [-175.901992798, -85.8679428101, 26.3314685822, 40.1097335815, 29.2776432037, 23.1653270721, 59.0520935059, 131.737319946, 45.5190582275, -3.67640137672, 3.79930305481, 4.96273565292, 2.12599396706], [-131.566467285, -146.616485596, -6.18213224411, 13.6122484207, 38.1176223755, 29.4960918427, 11.1056308746, 45.5190582275, 158.625900269, 36.3543586731, -13.4244127274, 27.7351131439, 3.89059042931], [-132.401351929, -67.2826080322, -12.6785106659, -22.9213314056, -22.8714084625, 15.1388940811, 27.695602417, -3.67640137672, 36.3543586731, 126.050956726, 29.0602073669, 5.00541877747, 22.2449035645], [-108.177947998, -25.8014373779, 5.24741506577, -21.1873188019, -16.5131130219, -3.5261797905, 8.72697544098, 3.79930305481, -13.4244127274, 29.0602073669, 97.5808944702, 32.3724250793, 9.73670864105], [-245.718185425, -149.774398804, -9.50929832458, 0.0667789727449, 13.5901641846, 15.9418430328, 20.6992301941, 4.96273565292, 27.7351131439, 5.00541877747, 32.3724250793, 145.276626587, 51.8848876953], [-312.324584961, -55.6181640625, -0.233345001936, -24.7417736053, -18.3977203369, 0.456908583641, 3.57213664055, 2.12599396706, 3.89059042931, 22.2449035645, 9.73670864105, 51.8848876953, 117.383117676]],
        "icov": [[0.000185685785254, -2.19784433284e-005, 0.000316205492709, -0.000263851252384, 0.000232438644161, 4.25094767706e-005, 0.000208279438084, 7.66785160522e-005, 3.4000051528e-005, 6.2490667915e-005, 6.18922422291e-005, 8.81863452378e-005, 0.000400115677621], [-2.19784433284e-005, 0.00108087540139, -0.000383955019061, 0.000932500872295, -0.000112883455586, 0.000635464850347, 0.000412070337916, -5.40262117283e-005, 0.000636392855085, 0.000187009049114, 0.000239941102336, 0.000665975559969, 0.0002469138999], [0.000316205492709, -0.000383955019061, 0.00249024294317, -0.00074977678014, 0.00123287097085, -0.000380779412808, -0.000414642097894, 2.28154249271e-006, -0.000329724542098, 0.000631365168374, -0.000160024181241, 0.000170828017872, 0.000542661873624], [-0.000263851252384, 0.000932500872295, -0.00074977678014, 0.0059478408657, -0.00301309907809, 0.00104052072857, -0.00138484220952, -0.000610159477219, 0.000809478398878, 0.000368391454685, 0.000799747358542, 0.000425967329647, 0.000217612483539], [0.000232438644161, -0.000112883455586, 0.00123287097085, -0.00301309907809, 0.00747968675569, -0.00387030397542, 0.00196697073989, -0.000627053901553, -0.000859703985043, 0.00119830062613, 4.72746578453e-005, -0.000442829419626, 0.00106442149263], [4.25094767706e-005, 0.000635464850347, -0.000380779412808, 0.00104052072857, -0.00387030397542, 0.0108477016911, -0.00538759399205, 0.00184148468543, -0.00080556597095, -6.1931903474e-005, 0.000290622934699, 0.000740013259929, -0.000198229026864], [0.000208279438084, 0.000412070337916, -0.000414642097894, -0.00138484220952, 0.00196697073989, -0.00538759399205, 0.0105145443231, -0.00403550872579, 0.00238040229306, -0.00232355180196, 0.000705273414496, -0.00122870528139, 0.00138511287514], [7.66785160522e-005, -5.40262117283e-005, 2.28154249271e-006, -0.000610159477219, -0.000627053901553, 0.00184148468543, -0.00403550872579, 0.0109173990786, -0.00396130653098, 0.00250402954407, -0.00188079138752, 0.00158600462601, -0.00101881660521], [3.4000051528e-005, 0.000636392855085, -0.000329724542098, 0.000809478398878, -0.000859703985043, -0.00080556597095, 0.00238040229306, -0.00396130653098, 0.00973448343575, -0.00397581141442, 0.0033187167719, -0.00239074858837, 0.00164192356169], [6.2490667915e-005, 0.000187009049114, 0.000631365168374, 0.000368391454685, 0.00119830062613, -6.1931903474e-005, -0.00232355180196, 0.00250402954407, -0.00397581141442, 0.0114310532808, -0.00410190876573, 0.00257530575618, -0.00228536711074], [6.18922422291e-005, 0.000239941102336, -0.000160024181241, 0.000799747358542, 4.72746578453e-005, 0.000290622934699, 0.000705273414496, -0.00188079138752, 0.0033187167719, -0.00410190876573, 0.01336301025, -0.00381177081726, 0.00170925690327], [8.81863452378e-005, 0.000665975559969, 0.000170828017872, 0.000425967329647, -0.000442829419626, 0.000740013259929, -0.00122870528139, 0.00158600462601, -0.00239074858837, 0.00257530575618, -0.00381177081726, 0.0105154644698, -0.00416389806196], [0.000400115677621, 0.0002469138999, 0.000542661873624, 0.000217612483539, 0.00106442149263, -0.000198229026864, 0.00138511287514, -0.00101881660521, 0.00164192356169, -0.00228536711074, 0.00170925690327, -0.00416389806196, 0.0119689432904]]
    },
    "spectral_contrast_coeffs": {
        "mean": [-0.520571172237, -0.70872849226, -0.778811335564, -0.792359650135, -0.799764633179, -0.826658248901],
        "var": [0.0143587468192, 0.00912325829268, 0.00523891020566, 0.00405918620527, 0.00345616019331, 0.00147381436545]
    },
    "spectral_contrast_valleys": {
        "mean": [-9.02279949188, -7.98536634445, -8.97876739502, -9.60336208344, -10.0629892349, -12.5007982254],
        "var": [0.84845739603, 1.27977466583, 0.997109055519, 1.16665911674, 1.28709340096, 1.08299505711]
    }
},
"metadata": {
    "audio_properties": {
        "analysis_sample_rate": 44100,
        "bit_rate": 128074,
        "equal_loudness": 0,
        "length": 45.0612258911,
        "lossless": 0,
        "replay_gain": -6.3102645874,
        "sample_rate": 44100,
        "codec": "mp3",
        "downmix": "mix",
        "md5_encoded": "e19d608cdac5157f0955f1451c7b343e"
    },
    "tags": {
        "file_name": "1017.mp3"
    },
    "version": {
        "essentia": "2.1-beta2",
        "essentia_git_sha": "v2.1_beta2",
        "extractor": "music 1.0"
    }
},
"rhythm": {
    "beats_count": 71,
    "beats_loudness": {
        "mean": 0.031251847744,
        "var": 0.00148289627396
    },
    "bpm": 100.886260986,
    "bpm_histogram_first_peak_bpm": {
        "mean": 101,
        "var": 0
    },
    "bpm_histogram_first_peak_spread": {
        "mean": 0.65625,
        "var": 0
    },
    "bpm_histogram_first_peak_weight": {
        "mean": 0.157142862678,
        "var": 0
    },
    "bpm_histogram_second_peak_bpm": {
        "mean": 89,
        "var": 0
    },
    "bpm_histogram_second_peak_spread": {
        "mean": 0.380952388048,
        "var": 0
    },
    "bpm_histogram_second_peak_weight": {
        "mean": 0.185714289546,
        "var": 0
    },
    "danceability": 1.3012547493,
    "onset_rate": 4.52513360977,
    "beats_loudness_band_ratio": {
        "mean": [0.350489228964, 0.651710689068, 0.0999341979623, 0.0337871983647, 0.0451666302979, 0.00497183483094],
        "var": [0.0503633357584, 0.0552296303213, 0.0165862943977, 0.00250976067036, 0.018561270088, 0.00015908718342]
    },
    "beats_position": [0.638548731804, 1.25387752056, 1.88081634045, 2.51936507225, 3.11147379875, 3.70358276367, 4.3073015213, 4.93424034119, 5.54956912994, 6.13006782532, 6.73378658295, 7.2910656929, 7.89478445053, 8.48689365387, 9.0906124115, 9.682721138, 10.2864398956, 10.866938591, 11.4474372864, 12.0743761063, 12.7013149261, 13.328253746, 13.9435825348, 14.5589113235, 15.15102005, 15.7431287766, 16.3352375031, 16.9853973389, 17.5658950806, 18.181224823, 18.8081626892, 19.4234924316, 20.062040329, 20.6889801025, 21.3275279999, 21.9776859283, 22.6394557953, 23.2896137238, 23.9629936218, 24.6363716125, 25.286529541, 25.9250793457, 26.563627243, 27.2137870789, 27.8755550385, 28.5489330292, 29.2339229584, 29.9073009491, 30.5806789398, 31.265668869, 31.9506568909, 32.6240348816, 33.2974128723, 33.9707946777, 34.6557807922, 35.3407707214, 36.0605888367, 36.7804069519, 37.5002250671, 38.2084350586, 38.8005447388, 39.4042625427, 39.9963722229, 40.5884780884, 41.1689796448, 41.7494773865, 42.3183670044, 42.9104766846, 43.4909744263, 44.0482521057, 44.6287536621]
},
"tonal": {
    "chords_changes_rate": 0.109053499997,
    "chords_number_rate": 0.0185185186565,
    "chords_strength": {
        "mean": 0.465972334146,
        "var": 0.0143374819309
    },
    "hpcp_entropy": {
        "mean": 1.86408221722,
        "var": 0.591558992863
    },
    "key_strength": 0.420771956444,
    "tuning_diatonic_strength": 0.441384077072,
    "tuning_equal_tempered_deviation": 0.100415945053,
    "tuning_frequency": 440.508636475,
    "tuning_nontempered_energy_ratio": 0.772036373615,
    "hpcp": {
        "mean": [0.102512098849, 0.0694873556495, 0.0698390305042, 0.170735672116, 0.230163887143, 0.178303018212, 0.141270458698, 0.100626811385, 0.0795034095645, 0.109536148608, 0.0824648290873, 0.0621226131916, 0.116221673787, 0.0958784222603, 0.0489471815526, 0.0629206076264, 0.051824554801, 0.051775444299, 0.0803754776716, 0.0543450601399, 0.0288760215044, 0.0613563992083, 0.0642692223191, 0.0923080816865, 0.190808847547, 0.160167381167, 0.076397806406, 0.0820574164391, 0.0707672983408, 0.088536888361, 0.128887206316, 0.140208527446, 0.219736889005, 0.270940274, 0.210696935654, 0.142256230116],
        "var": [0.0490126125515, 0.0313031561673, 0.0259982962161, 0.0770860239863, 0.108527265489, 0.0671968013048, 0.0704079568386, 0.0429045371711, 0.0302225612104, 0.0536058954895, 0.0305482689291, 0.013170408085, 0.0648057460785, 0.0414070747793, 0.0152141712606, 0.0300520751625, 0.0181042924523, 0.0140157621354, 0.0375567227602, 0.0165477991104, 0.00600299984217, 0.032068669796, 0.0273511167616, 0.0284714195877, 0.108889594674, 0.0799571275711, 0.0244809128344, 0.0491147190332, 0.0339069589972, 0.0393523611128, 0.0733546689153, 0.0579818859696, 0.106854133308, 0.128689333797, 0.0907167643309, 0.0695941820741]
    },
    "chords_histogram": [9.67078208923, 22.4279842377, 6.79012346268, 3.08641982079, 3.80658435822, 4.62962961197, 1.64609050751, 0.411522626877, 2.67489719391, 0.411522626877, 5.86419773102, 0.411522626877, 7.30452680588, 0, 0, 1.64609050751, 0, 1.74897122383, 2.67489719391, 6.58436203003, 6.99588489532, 1.95473253727, 1.44032919407, 7.81893014908],
    "thpcp": [1, 0.77765083313, 0.525046467781, 0.378356814384, 0.256467431784, 0.257765412331, 0.630159795284, 0.849500477314, 0.658089756966, 0.521408140659, 0.371398508549, 0.293435186148, 0.404281526804, 0.304365336895, 0.229285269976, 0.42895680666, 0.353872895241, 0.180656716228, 0.23223054409, 0.191276669502, 0.191095411777, 0.296653866768, 0.200579479337, 0.106577076018, 0.226457282901, 0.237208083272, 0.34069532156, 0.704246878624, 0.591153860092, 0.28197285533, 0.302861630917, 0.261191517115, 0.32677641511, 0.475703388453, 0.517488718033, 0.811015963554],
    "chords_key": "F",
    "chords_scale": "minor",
    "key_key": "C#",
    "key_scale": "major"
}
}