{
"lowlevel": {
    "average_loudness": 0.95393538475,
    "barkbands_crest": {
        "mean": 10.3780927658,
        "var": 12.6702537537
    },
    "barkbands_flatness_db": {
        "mean": 0.26109701395,
        "var": 0.00459511065856
    },
    "barkbands_kurtosis": {
        "mean": 5.35371112823,
        "var": 75.2341384888
    },
    "barkbands_skewness": {
        "mean": 1.75673663616,
        "var": 1.52341532707
    },
    "barkbands_spread": {
        "mean": 16.2527980804,
        "var": 98.8256912231
    },
    "dissonance": {
        "mean": 0.462163388729,
        "var": 0.000692709698342
    },
    "dynamic_complexity": 1.59920942783,
    "erbbands_crest": {
        "mean": 10.0058221817,
        "var": 15.1635255814
    },
    "erbbands_flatness_db": {
        "mean": 0.275662869215,
        "var": 0.000993286608718
    },
    "erbbands_kurtosis": {
        "mean": -0.244326323271,
        "var": 2.89123868942
    },
    "erbbands_skewness": {
        "mean": 0.0341420099139,
        "var": 0.999397456646
    },
    "erbbands_spread": {
        "mean": 36.4759140015,
        "var": 117.120040894
    },
    "hfc": {
        "mean": 15.6698217392,
        "var": 161.941131592
    },
    "melbands_crest": {
        "mean": 15.7922697067,
        "var": 23.3081169128
    },
    "melbands_flatness_db": {
        "mean": 0.322830498219,
        "var": 0.00953186303377
    },
    "melbands_kurtosis": {
        "mean": 14.7142906189,
        "var": 336.28692627
    },
    "melbands_skewness": {
        "mean": 2.91037130356,
        "var": 2.08911848068
    },
    "melbands_spread": {
        "mean": 19.6055049896,
        "var": 257.536254883
    },
    "pitch_salience": {
        "mean": 0.534581243992,
        "var": 0.0100898714736
    },
    "silence_rate_20dB": {
        "mean": 1,
        "var": 0
    },
    "silence_rate_30dB": {
        "mean": 1,
        "var": 0
    },
    "silence_rate_60dB": {
        "mean": 0.00566134834662,
        "var": 0.00562946079299
    },
    "spectral_centroid": {
        "mean": 1060.68078613,
        "var": 518549.46875
    },
    "spectral_complexity": {
        "mean": 17.8172931671,
        "var": 85.5944900513
    },
    "spectral_decrease": {
        "mean": -6.23474916139e-009,
        "var": 8.47298554949e-018
    },
    "spectral_energy": {
        "mean": 0.0249526593834,
        "var": 0.000135564012453
    },
    "spectral_energyband_high": {
        "mean": 0.000104216342152,
        "var": 2.85260970401e-008
    },
    "spectral_energyband_low": {
        "mean": 0.00607329932973,
        "var": 4.80025264551e-005
    },
    "spectral_energyband_middle_high": {
        "mean": 0.00469610234722,
        "var": 2.40360732278e-005
    },
    "spectral_energyband_middle_low": {
        "mean": 0.0162172410637,
        "var": 8.4060106019e-005
    },
    "spectral_entropy": {
        "mean": 6.83773946762,
        "var": 0.247412353754
    },
    "spectral_flux": {
        "mean": 0.0625765919685,
        "var": 0.000967155850958
    },
    "spectral_kurtosis": {
        "mean": 13.1883773804,
        "var": 194.968521118
    },
    "spectral_rms": {
        "mean": 0.00479070376605,
        "var": 1.39322810355e-006
    },
    "spectral_rolloff": {
        "mean": 1308.46936035,
        "var": 1532074.875
    },
    "spectral_skewness": {
        "mean": 1.74424386024,
        "var": 1.35145354271
    },
    "spectral_spread": {
        "mean": 2041425,
        "var": 2.51861270528e+012
    },
    "spectral_strongpeak": {
        "mean": 0.89234405756,
        "var": 0.723495900631
    },
    "zerocrossingrate": {
        "mean": 0.0382063128054,
        "var": 0.000838646956254
    },
    "barkbands": {
        "mean": [3.2719169667e-006, 0.00161000248045, 0.0023377679754, 0.00424779905006, 0.00543476128951, 0.00356143247336, 0.00204373453744, 0.000450811814517, 0.00044717270066, 0.000157597765792, 9.83079371508e-005, 0.000166527825058, 0.000337082834449, 0.00031106089591, 0.000836159684695, 0.000883484724909, 0.000784951960668, 0.000942251703236, 0.000169010469108, 6.13629890722e-005, 5.20447829331e-005, 1.46533075167e-005, 1.19246840313e-006, 1.16851097687e-007, 9.74860938641e-008, 2.39087416531e-008, 1.43572131961e-009],
        "var": [2.87602060223e-011, 5.32829017175e-006, 1.12753414214e-005, 2.55640388787e-005, 2.51791916526e-005, 1.71789124579e-005, 1.29728878164e-005, 5.85210841564e-007, 3.92137735616e-007, 5.73097906909e-008, 2.18495515014e-008, 6.96413380297e-008, 2.91500185767e-007, 1.37918249266e-007, 1.72397483311e-006, 1.32644947826e-006, 1.26302245462e-006, 1.60680474437e-006, 7.76923840817e-008, 8.7066531762e-009, 8.33163316116e-009, 8.38633551492e-010, 8.02783187148e-012, 7.69458485101e-014, 6.37191037781e-014, 6.97563353448e-015, 1.4523526353e-017]
    },
    "erbbands": {
        "mean": [0.0251235589385, 0.460803151131, 2.2083261013, 9.493268013, 15.7403869629, 16.4951648712, 37.3894844055, 20.177936554, 32.8605880737, 12.8777732849, 11.6840057373, 11.7039108276, 5.22282075882, 5.72274017334, 5.41611862183, 7.85223865509, 14.1439418793, 17.7210941315, 24.9092388153, 66.1177215576, 32.1810951233, 46.1298294067, 51.5724906921, 27.8686256409, 4.15620851517, 3.39270401001, 1.84567582607, 2.09194684029, 0.658527374268, 0.214957967401, 0.0183933116496, 0.00384851288982, 0.00175062334165, 0.00126124569215, 0.000583951477893, 0.000194491411094, 3.87827785744e-005, 6.31782631899e-006, 1.31481647259e-005, 2.89637009701e-005],
        "var": [0.00131463771686, 0.40137848258, 8.40500736237, 129.021209717, 392.624816895, 336.008117676, 2662.34277344, 706.531982422, 2621.18774414, 404.602996826, 401.264282227, 275.827270508, 64.2632217407, 81.5650405884, 43.7564544678, 146.145706177, 438.311035156, 418.301391602, 1073.75610352, 10264.8427734, 1563.06225586, 4310.23632813, 4427.85839844, 1896.00463867, 32.082157135, 27.1358795166, 8.74938774109, 14.9321203232, 1.66613447666, 0.210918530822, 0.00153233192395, 7.08993829903e-005, 1.83141073649e-005, 1.06090737972e-005, 2.12513305087e-006, 2.65488608875e-007, 2.02414902617e-008, 2.45323455994e-010, 4.24679458266e-011, 1.87398499496e-010]
    },
    "gfcc": {
        "mean": [-92.6203308105, 195.189285278, -165.330307007, 37.3751296997, -14.6861219406, -41.0686225891, -29.2497768402, -21.5016269684, -7.11901760101, -10.5482912064, -13.6769351959, -6.24988937378, -1.36761248112],
        "cov": [[5826.27587891, -1216.39782715, -1756.03674316, 696.697875977, -947.712280273, -38.7503929138, -251.465408325, -91.1232528687, -41.3735542297, 95.0857543945, -97.7892456055, 97.0236740112, -55.3345680237], [-1216.39782715, 1402.7376709, 909.661804199, -379.074249268, 604.216247559, -30.4217205048, 147.264709473, -54.1889266968, 21.8075656891, -96.6195297241, -1.1846255064, -75.511428833, 3.73862743378], [-1756.03674316, 909.661804199, 1138.10168457, -242.841186523, 535.076843262, 138.312637329, 124.110961914, 39.9447021484, -18.602016449, -64.76953125, -18.9809684753, -74.8592300415, -13.1150302887], [696.697875977, -379.074249268, -242.841186523, 267.353515625, -153.346359253, 34.7924690247, -19.7642860413, 22.9238319397, -7.29696464539, 9.02230548859, -23.3517589569, -2.24758672714, -23.4323387146], [-947.712280273, 604.216247559, 535.076843262, -153.346359253, 404.836730957, 46.9318962097, 72.0167617798, -3.11216044426, -9.54045581818, -57.0389060974, -18.2603988647, -45.7547721863, -3.1670191288], [-38.7503929138, -30.4217205048, 138.312637329, 34.7924690247, 46.9318962097, 192.162765503, 41.9062385559, 30.7109622955, -4.94155216217, 5.54643392563, -20.401725769, 7.20609140396, 27.2966079712], [-251.465408325, 147.264709473, 124.110961914, -19.7642860413, 72.0167617798, 41.9062385559, 99.4540023804, 37.8404502869, 24.2319869995, -7.34848642349, 5.97456645966, 0.387124270201, 12.9812994003], [-91.1232528687, -54.1889266968, 39.9447021484, 22.9238319397, -3.11216044426, 30.7109622955, 37.8404502869, 107.721946716, 26.6276664734, 18.375164032, 8.72708320618, -3.97197771072, -6.41359806061], [-41.3735542297, 21.8075656891, -18.602016449, -7.29696464539, -9.54045581818, -4.94155216217, 24.2319869995, 26.6276664734, 76.5869369507, 43.4812316895, 31.0225639343, 17.8173809052, 9.67521858215], [95.0857543945, -96.6195297241, -64.76953125, 9.02230548859, -57.0389060974, 5.54643392563, -7.34848642349, 18.375164032, 43.4812316895, 85.7697753906, 51.9940834045, 32.4369277954, 5.40351104736], [-97.7892456055, -1.1846255064, -18.9809684753, -23.3517589569, -18.2603988647, -20.401725769, 5.97456645966, 8.72708320618, 31.0225639343, 51.9940834045, 95.5969009399, 50.7265472412, 13.7725753784], [97.0236740112, -75.511428833, -74.8592300415, -2.24758672714, -45.7547721863, 7.20609140396, 0.387124270201, -3.97197771072, 17.8173809052, 32.4369277954, 50.7265472412, 90.0893325806, 50.2561836243], [-55.3345680237, 3.73862743378, -13.1150302887, -23.4323387146, -3.1670191288, 27.2966079712, 12.9812994003, -6.41359806061, 9.67521858215, 5.40351104736, 13.7725753784, 50.2561836243, 87.6558685303]],
        "icov": [[0.00123500591144, -0.00302004930563, 0.00229684403166, -0.00281142676249, 0.00264916336164, -0.00212309136987, 0.0025707136374, -0.00133918959182, 0.00221023708582, -0.00213586050086, 0.00265731127001, -0.00276552070864, 0.0018344494747], [-0.00302004930563, 0.0114687904716, -0.00698200054467, 0.00877693854272, -0.00944596622139, 0.0072012282908, -0.00925333704799, 0.00625058123842, -0.00793781131506, 0.0068025868386, -0.00718245003372, 0.00814094953239, -0.00493225641549], [0.00229684403166, -0.00698200054467, 0.00759322894737, -0.00475750351325, 0.00287104118615, -0.0060659404844, 0.00531750591472, -0.00436574267223, 0.00580523582175, -0.00460547674447, 0.00445633940399, -0.00471917819232, 0.00414643529803], [-0.00281142676249, 0.00877693854272, -0.00475750351325, 0.0134163005278, -0.00616895779967, 0.00351662933826, -0.00732408743352, 0.00329855689779, -0.00591127248481, 0.00623852713034, -0.00537726189941, 0.00654137134552, -0.00190406513866], [0.00264916336164, -0.00944596622139, 0.00287104118615, -0.00616895779967, 0.0155717888847, -0.00606248062104, 0.0061240834184, -0.00345758488402, 0.00521364063025, -0.00285579217598, 0.00562537368387, -0.00584524264559, 0.00421426491812], [-0.00212309136987, 0.0072012282908, -0.0060659404844, 0.00351662933826, -0.00606248062104, 0.0131599903107, -0.00862311478704, 0.00283108372241, -0.00216399435885, -0.00016758403217, -0.000855006510392, 0.00387696176767, -0.0062871389091], [0.0025707136374, -0.00925333704799, 0.00531750591472, -0.00732408743352, 0.0061240834184, -0.00862311478704, 0.0244755968451, -0.00926020089537, -0.000203707953915, 0.000683829246555, 0.00317546608858, -0.00647675897926, 0.0026542681735], [-0.00133918959182, 0.00625058123842, -0.00436574267223, 0.00329855689779, -0.00345758488402, 0.00283108372241, -0.00926020089537, 0.016374591738, -0.00693405559286, 0.00197935313918, -0.0038425042294, 0.00538515206426, -0.00116088869981], [0.00221023708582, -0.00793781131506, 0.00580523582175, -0.00591127248481, 0.00521364063025, -0.00216399435885, -0.000203707953915, -0.00693405559286, 0.0290646329522, -0.0176692921668, 0.00583995552734, -0.0053031379357, 0.00141128350515], [-0.00213586050086, 0.0068025868386, -0.00460547674447, 0.00623852713034, -0.00285579217598, -0.00016758403217, 0.000683829246555, 0.00197935313918, -0.0176692921668, 0.0326882265508, -0.0165839325637, 0.00440463982522, -0.000651672191452], [0.00265731127001, -0.00718245003372, 0.00445633940399, -0.00537726189941, 0.00562537368387, -0.000855006510392, 0.00317546608858, -0.0038425042294, 0.00583995552734, -0.0165839325637, 0.0295748189092, -0.0184446405619, 0.00723704881966], [-0.00276552070864, 0.00814094953239, -0.00471917819232, 0.00654137134552, -0.00584524264559, 0.00387696176767, -0.00647675897926, 0.00538515206426, -0.0053031379357, 0.00440463982522, -0.0184446405619, 0.0335353314877, -0.0171308722347], [0.0018344494747, -0.00493225641549, 0.00414643529803, -0.00190406513866, 0.00421426491812, -0.0062871389091, 0.0026542681735, -0.00116088869981, 0.00141128350515, -0.000651672191452, 0.00723704881966, -0.0171308722347, 0.0230891723186]]
    },
    "melbands": {
        "mean": [0.000354430027073, 0.000978997326456, 0.00186678371392, 0.00109876471106, 0.00115292484406, 0.000483846990392, 0.000502248061821, 0.000121681587189, 9.24323030631e-005, 7.0074602263e-005, 2.40240769926e-005, 2.31772683037e-005, 1.6454321667e-005, 2.02244154934e-005, 2.5248473321e-005, 3.09203642246e-005, 3.35185686708e-005, 3.06569054374e-005, 7.77663299232e-005, 7.82972638262e-005, 3.02396110783e-005, 4.3978147005e-005, 4.95655694976e-005, 4.85266573378e-005, 1.99409751076e-005, 3.174727226e-006, 1.8206412733e-006, 2.34339904637e-006, 1.03874219803e-006, 1.27059956867e-006, 1.12511372663e-006, 3.5864403003e-007, 2.21364302888e-007, 7.35692822218e-008, 7.01547531179e-009, 2.64785460224e-009, 1.7208732217e-009, 1.178389053e-009, 1.09369702184e-009, 9.94272775223e-010],
        "var": [2.58917651763e-007, 1.49815332406e-006, 4.04439424528e-006, 1.41303235068e-006, 2.10707116821e-006, 3.74843779127e-007, 6.54035432035e-007, 3.06984162535e-008, 2.51754226355e-008, 1.12673692598e-008, 1.51157431016e-009, 1.5285819277e-009, 4.83920514771e-010, 1.06319930637e-009, 1.78482839619e-009, 2.86403234462e-009, 1.71588954156e-009, 1.774975944e-009, 1.37437314862e-008, 1.35655939815e-008, 2.02017558237e-009, 3.95815247245e-009, 5.20086951283e-009, 5.16625098257e-009, 1.1885118445e-009, 2.0938476647e-011, 8.22407506679e-012, 1.35130301046e-011, 2.82844385933e-012, 5.09657290329e-012, 4.54754940302e-012, 5.06009622224e-013, 2.2301169971e-013, 2.77095681741e-014, 2.81442869761e-016, 4.20454284087e-017, 1.6848026297e-017, 9.39767421265e-018, 8.50112954265e-018, 7.27496001599e-018]
    },
    "mfcc": {
        "mean": [-712.971923828, 201.969909668, -57.6406860352, 58.2255935669, 16.8764533997, -0.119567289948, -16.8959445953, -9.36913776398, 1.50548028946, -16.1932125092, 3.43647885323, -4.5000371933, -8.64062309265],
        "cov": [[3958.52832031, -1048.56604004, -1565.47253418, 712.518859863, -1025.32458496, 137.808135986, -407.716766357, -178.980178833, 1.14532887936, -276.371459961, 210.746673584, -119.489639282, 27.8080997467], [-1048.56604004, 1014.54418945, 706.219482422, -299.604034424, 499.99230957, -12.8649635315, 186.328933716, 56.2995300293, 11.8349695206, 87.6719665527, -102.030792236, 66.4915466309, -35.5374183655], [-1565.47253418, 706.219482422, 995.555603027, -327.164916992, 540.232055664, 40.8960456848, 224.620010376, 139.379455566, 26.3629989624, 148.711868286, -111.07019043, 76.5790100098, -3.68061923981], [712.518859863, -299.604034424, -327.164916992, 291.816009521, -200.446182251, 2.5760409832, -67.8256988525, -29.4370079041, 9.89081478119, -43.0587997437, 67.7267608643, -29.5814056396, -9.23807048798], [-1025.32458496, 499.99230957, 540.232055664, -200.446182251, 446.349884033, 12.7625741959, 149.569259644, 67.8781356812, 4.29081439972, 83.4158859253, -87.2222900391, 40.0230140686, -20.631313324], [137.808135986, -12.8649635315, 40.8960456848, 2.5760409832, 12.7625741959, 145.86869812, 23.3075370789, 30.9694042206, 33.6408996582, -12.5002183914, -15.5831050873, -9.06168079376, 15.7616987228], [-407.716766357, 186.328933716, 224.620010376, -67.8256988525, 149.569259644, 23.3075370789, 126.674621582, 60.2186279297, 19.3158683777, 42.7127113342, -33.3652877808, 13.5912952423, -12.5401334763], [-178.980178833, 56.2995300293, 139.379455566, -29.4370079041, 67.8781356812, 30.9694042206, 60.2186279297, 101.360359192, 44.0027008057, 30.3625869751, -9.80138874054, -1.36558318138, -5.39915275574], [1.14532887936, 11.8349695206, 26.3629989624, 9.89081478119, 4.29081439972, 33.6408996582, 19.3158683777, 44.0027008057, 80.8502502441, 30.7672634125, -2.56478762627, -7.52141237259, -7.87575006485], [-276.371459961, 87.6719665527, 148.711868286, -43.0587997437, 83.4158859253, -12.5002183914, 42.7127113342, 30.3625869751, 30.7672634125, 93.7111968994, 10.659081459, 16.4024753571, -3.04556560516], [210.746673584, -102.030792236, -111.07019043, 67.7267608643, -87.2222900391, -15.5831050873, -33.3652877808, -9.80138874054, -2.56478762627, 10.659081459, 86.3579864502, 27.0199890137, 9.29264450073], [-119.489639282, 66.4915466309, 76.5790100098, -29.5814056396, 40.0230140686, -9.06168079376, 13.5912952423, -1.36558318138, -7.52141237259, 16.4024753571, 27.0199890137, 80.9779281616, 40.7833251953], [27.8080997467, -35.5374183655, -3.68061923981, -9.23807048798, -20.631313324, 15.7616987228, -12.5401334763, -5.39915275574, -7.87575006485, -3.04556560516, 9.29264450073, 40.7833251953, 77.0929489136]],
        "icov": [[0.00169021706097, -0.00142587022856, 0.00189010950271, -0.00205850228667, 0.00251040910371, -0.00293389032595, 0.00221955729648, -0.00179106323048, 0.0018020006828, -0.00118980614934, 0.0014180423459, -0.00127642962616, 0.000725284451619], [-0.00142587022856, 0.00408942205831, -0.00267269928008, 0.00268610869534, -0.0040394118987, 0.00335995457135, -0.00313238031231, 0.00366541882977, -0.0036139478907, 0.00305725377984, -0.00222174287774, 0.00067478773417, 0.000235333209275], [0.00189010950271, -0.00267269928008, 0.00692413235083, -0.00136788317468, 0.000712938548531, -0.00464206840843, 0.00246754917316, -0.00554885994643, 0.00452250614762, -0.00535566546023, 0.00433104950935, -0.00401831418276, 0.00125961878803], [-0.00205850228667, 0.00268610869534, -0.00136788317468, 0.00920662563294, -0.00341170001775, 0.00358608155511, -0.00407342379913, 0.00328649627045, -0.00451386813074, 0.00372476642951, -0.00639770692214, 0.0034047702793, -0.000403962709242], [0.00251040910371, -0.0040394118987, 0.000712938548531, -0.00341170001775, 0.0133760366589, -0.00533548137173, 0.00183139787987, -0.00384306092747, 0.00614879699424, -0.00556608708575, 0.00761205470189, -0.00524651631713, 0.00382309244014], [-0.00293389032595, 0.00335995457135, -0.00464206840843, 0.00358608155511, -0.00533548137173, 0.0150651065633, -0.00643826741725, 0.00410631624982, -0.00920421630144, 0.00789539329708, -0.0049022580497, 0.00616180384532, -0.00574956601486], [0.00221955729648, -0.00313238031231, 0.00246754917316, -0.00407342379913, 0.00183139787987, -0.00643826741725, 0.0218350607902, -0.0108360731974, 0.00608866754919, -0.00681705074385, 0.00768163241446, -0.00650930358097, 0.004854707513], [-0.00179106323048, 0.00366541882977, -0.00554885994643, 0.00328649627045, -0.00384306092747, 0.00410631624982, -0.0108360731974, 0.0239163562655, -0.0135511448607, 0.0068010869436, -0.00881907343864, 0.00743353646249, -0.00347617408261], [0.0018020006828, -0.0036139478907, 0.00452250614762, -0.00451386813074, 0.00614879699424, -0.00920421630144, 0.00608866754919, -0.0135511448607, 0.0271226223558, -0.0144473006949, 0.00999723374844, -0.00610352633521, 0.00515167182311], [-0.00118980614934, 0.00305725377984, -0.00535566546023, 0.00372476642951, -0.00556608708575, 0.00789539329708, -0.00681705074385, 0.0068010869436, -0.0144473006949, 0.0264090672135, -0.0149289341643, 0.00751720787957, -0.00431708386168], [0.0014180423459, -0.00222174287774, 0.00433104950935, -0.00639770692214, 0.00761205470189, -0.0049022580497, 0.00768163241446, -0.00881907343864, 0.00999723374844, -0.0149289341643, 0.0321081839502, -0.0192044042051, 0.00829643104225], [-0.00127642962616, 0.00067478773417, -0.00401831418276, 0.0034047702793, -0.00524651631713, 0.00616180384532, -0.00650930358097, 0.00743353646249, -0.00610352633521, 0.00751720787957, -0.0192044042051, 0.0325641185045, -0.0174530353397], [0.000725284451619, 0.000235333209275, 0.00125961878803, -0.000403962709242, 0.00382309244014, -0.00574956601486, 0.004854707513, -0.00347617408261, 0.00515167182311, -0.00431708386168, 0.00829643104225, -0.0174530353397, 0.0241634249687]]
    },
    "spectral_contrast_coeffs": {
        "mean": [-0.568708777428, -0.663817346096, -0.786465346813, -0.758858919144, -0.71452742815, -0.644022345543],
        "var": [0.00811774469912, 0.00742438947782, 0.00299181346782, 0.00290763797238, 0.00162327091675, 0.00510146049783]
    },
    "spectral_contrast_valleys": {
        "mean": [-7.43316745758, -7.03214120865, -7.77869224548, -7.62872314453, -8.24263763428, -13.4918031693],
        "var": [1.2489824295, 1.10051894188, 1.0512406826, 1.16523492336, 1.69780981541, 1.06090986729]
    }
},
"metadata": {
    "audio_properties": {
        "analysis_sample_rate": 44100,
        "bit_rate": 113289,
        "equal_loudness": 0,
        "length": 45.0873451233,
        "lossless": 0,
        "replay_gain": -12.9261417389,
        "sample_rate": 44100,
        "codec": "mp3",
        "downmix": "mix",
        "md5_encoded": "4b362965c8faa66e2914a47e73aa0c53"
    },
    "tags": {
        "file_name": "102.mp3"
    },
    "version": {
        "essentia": "2.1-beta2",
        "essentia_git_sha": "v2.1_beta2",
        "extractor": "music 1.0"
    }
},
"rhythm": {
    "beats_count": 120,
    "beats_loudness": {
        "mean": 0.0301723815501,
        "var": 0.00012135966972
    },
    "bpm": 163.649047852,
    "bpm_histogram_first_peak_bpm": {
        "mean": 161,
        "var": 0
    },
    "bpm_histogram_first_peak_spread": {
        "mean": 0.447761207819,
        "var": 0
    },
    "bpm_histogram_first_peak_weight": {
        "mean": 0.310924381018,
        "var": 0
    },
    "bpm_histogram_second_peak_bpm": {
        "mean": 167,
        "var": 0
    },
    "bpm_histogram_second_peak_spread": {
        "mean": 0,
        "var": 0
    },
    "bpm_histogram_second_peak_weight": {
        "mean": 0.218487396836,
        "var": 0
    },
    "danceability": 1.39028120041,
    "onset_rate": 4.19024515152,
    "beats_loudness_band_ratio": {
        "mean": [0.360364556313, 0.339809447527, 0.126178532839, 0.0466205738485, 0.164832189679, 0.0110211987048],
        "var": [0.075750477612, 0.031019937247, 0.0148649159819, 0.00162064679898, 0.0186789855361, 0.00014482018014]
    },
    "beats_position": [0.301859408617, 0.650158703327, 1.02167797089, 1.39319729805, 1.764716506, 2.13623571396, 2.50775504112, 2.89088439941, 3.25079369545, 3.61070299149, 3.99383211136, 4.35374164581, 4.71365070343, 5.08516979218, 5.45668935776, 5.81659841537, 6.17650794983, 6.53641700745, 6.88471651077, 7.24462556839, 7.61614513397, 7.99927425385, 8.38240337372, 8.73070240021, 9.0906124115, 9.45052146912, 9.81043052673, 10.1703395844, 10.5418596268, 10.9133787155, 11.2732877731, 11.6331968307, 11.9931058884, 12.3530158997, 12.7245349884, 13.0960540771, 13.4675731659, 13.8274831772, 14.1873922348, 14.5356912613, 14.8839902878, 15.2439002991, 15.6154193878, 15.9985485077, 16.3700675964, 16.7299766541, 17.1131057739, 17.4846248627, 17.8561439514, 18.2276649475, 18.5991840363, 18.9590930939, 19.3190021515, 19.7021312714, 20.0852603912, 20.4799995422, 20.8747386932, 21.2694778442, 21.6642169952, 22.0473461151, 22.4188652039, 22.7903842926, 23.1502952576, 23.5102043152, 23.8701133728, 24.2416324615, 24.6131515503, 24.984670639, 25.3561897278, 25.7277088165, 26.0992279053, 26.470746994, 26.8422679901, 27.22539711, 27.6085262299, 27.9800453186, 28.3631744385, 28.7463035583, 29.1294326782, 29.5241718292, 29.9073009491, 30.3020401001, 30.7083892822, 31.1263484955, 31.5094776154, 31.9042167664, 32.2873458862, 32.6936950684, 33.0768241882, 33.4599533081, 33.8546943665, 34.2494316101, 34.6441726685, 35.0505218506, 35.4452590942, 35.8283882141, 36.211517334, 36.5946464539, 36.9893875122, 37.3609046936, 37.7440338135, 38.1387748718, 38.545124054, 38.9398651123, 39.334602356, 39.7061233521, 40.0892524719, 40.4491615295, 40.8322906494, 41.2154197693, 41.5869369507, 41.9584579468, 42.3299751282, 42.7014961243, 43.0846252441, 43.467754364, 43.8160552979, 44.1875724792, 44.5707015991, 44.953830719]
},
"tonal": {
    "chords_changes_rate": 0.0637860074639,
    "chords_number_rate": 0.0113168722019,
    "chords_strength": {
        "mean": 0.501504480839,
        "var": 0.0144319785759
    },
    "hpcp_entropy": {
        "mean": 2.13477873802,
        "var": 0.65236055851
    },
    "key_strength": 0.753757715225,
    "tuning_diatonic_strength": 0.552622199059,
    "tuning_equal_tempered_deviation": 0.114326223731,
    "tuning_frequency": 441.017791748,
    "tuning_nontempered_energy_ratio": 0.748489439487,
    "hpcp": {
        "mean": [0.318270146847, 0.261194139719, 0.121338613331, 0.076718211174, 0.0443214848638, 0.0768281817436, 0.133852288127, 0.115555658937, 0.0673576295376, 0.0558754429221, 0.0531460531056, 0.0539969131351, 0.0591412745416, 0.0951455757022, 0.292049199343, 0.430544137955, 0.259882748127, 0.0873664170504, 0.0515515506268, 0.0590188913047, 0.105717122555, 0.138612031937, 0.114120811224, 0.105339378119, 0.125085428357, 0.136017486453, 0.23514585197, 0.256137698889, 0.129184529185, 0.0821085497737, 0.0696944892406, 0.0367935784161, 0.0243861991912, 0.0191420465708, 0.0324317589402, 0.150282680988],
        "var": [0.1276255548, 0.100025907159, 0.0418834537268, 0.0274257063866, 0.0104125263169, 0.0304704587907, 0.0585095286369, 0.0382834933698, 0.0199973657727, 0.0166411548853, 0.0177820529789, 0.0175742506981, 0.0151402829215, 0.0259627625346, 0.0922044739127, 0.162249401212, 0.0705764517188, 0.0269634500146, 0.0163102131337, 0.0149353435263, 0.0406909175217, 0.0527315028012, 0.0362723171711, 0.0484576709569, 0.0677294582129, 0.0507697090507, 0.100743487477, 0.118879280984, 0.0462695248425, 0.0279889442027, 0.0262039024383, 0.006773120258, 0.00463247066364, 0.00341903162189, 0.00455968407914, 0.0384693443775]
    },
    "chords_histogram": [34.5679016113, 3.18930029869, 3.90946507454, 0.102880656719, 1.13168728352, 0.102880656719, 0, 0, 0, 0.308641970158, 1.44032919407, 0, 0, 0, 0, 0.617283940315, 5.55555534363, 10.3909463882, 1.54320991039, 0.205761313438, 0, 7.20164632797, 1.23456788063, 28.4979419708],
    "thpcp": [1, 0.603614628315, 0.202920928597, 0.11973580718, 0.137079775333, 0.245543047786, 0.321946173906, 0.265061825514, 0.244665682316, 0.290528684855, 0.315919965506, 0.546159684658, 0.59491622448, 0.300049453974, 0.190708786249, 0.161875367165, 0.0854583159089, 0.0566404163837, 0.0444601252675, 0.0753273740411, 0.349052906036, 0.739227712154, 0.606660544872, 0.281826198101, 0.178188964725, 0.102942951024, 0.178444385529, 0.310890972614, 0.268394440413, 0.156447678804, 0.129778668284, 0.123439267278, 0.125415503979, 0.137364014983, 0.220989137888, 0.67832583189],
    "chords_key": "D",
    "chords_scale": "major",
    "key_key": "D",
    "key_scale": "major"
}
}