{
"lowlevel": {
    "average_loudness": 0.617553949356,
    "barkbands_crest": {
        "mean": 13.3271436691,
        "var": 21.7170181274
    },
    "barkbands_flatness_db": {
        "mean": 0.321934223175,
        "var": 0.00196427456103
    },
    "barkbands_kurtosis": {
        "mean": 4.84313392639,
        "var": 57.2842025757
    },
    "barkbands_skewness": {
        "mean": 1.40884757042,
        "var": 1.28084421158
    },
    "barkbands_spread": {
        "mean": 4.80036354065,
        "var": 8.28842353821
    },
    "dissonance": {
        "mean": 0.359874069691,
        "var": 0.00360805541277
    },
    "dynamic_complexity": 3.89189314842,
    "erbbands_crest": {
        "mean": 14.4979572296,
        "var": 26.7615375519
    },
    "erbbands_flatness_db": {
        "mean": 0.342994064093,
        "var": 0.00221365178004
    },
    "erbbands_kurtosis": {
        "mean": 1.38000154495,
        "var": 6.13844442368
    },
    "erbbands_skewness": {
        "mean": 0.599482357502,
        "var": 0.583277642727
    },
    "erbbands_spread": {
        "mean": 11.6849536896,
        "var": 26.1838226318
    },
    "hfc": {
        "mean": 9.54462528229,
        "var": 222.413284302
    },
    "melbands_crest": {
        "mean": 14.6782398224,
        "var": 19.0340461731
    },
    "melbands_flatness_db": {
        "mean": 0.42150336504,
        "var": 0.00254892162047
    },
    "melbands_kurtosis": {
        "mean": 5.16042757034,
        "var": 47.6224975586
    },
    "melbands_skewness": {
        "mean": 1.48822832108,
        "var": 1.134288311
    },
    "melbands_spread": {
        "mean": 7.56631231308,
        "var": 29.4221916199
    },
    "pitch_salience": {
        "mean": 0.509959578514,
        "var": 0.00971945468336
    },
    "silence_rate_20dB": {
        "mean": 1,
        "var": 0
    },
    "silence_rate_30dB": {
        "mean": 0.991761088371,
        "var": 0.00817093905061
    },
    "silence_rate_60dB": {
        "mean": 0.121009267867,
        "var": 0.106369674206
    },
    "spectral_centroid": {
        "mean": 481.472137451,
        "var": 72508.421875
    },
    "spectral_complexity": {
        "mean": 9.04840373993,
        "var": 10.3365106583
    },
    "spectral_decrease": {
        "mean": -4.60248728018e-009,
        "var": 2.84877594979e-017
    },
    "spectral_energy": {
        "mean": 0.0182365253568,
        "var": 0.0004558491637
    },
    "spectral_energyband_high": {
        "mean": 1.87351588465e-006,
        "var": 4.9662499807e-011
    },
    "spectral_energyband_low": {
        "mean": 0.00125041545834,
        "var": 4.29936017099e-006
    },
    "spectral_energyband_middle_high": {
        "mean": 0.00290037272498,
        "var": 5.92526121181e-005
    },
    "spectral_energyband_middle_low": {
        "mean": 0.0146555155516,
        "var": 0.000308439106448
    },
    "spectral_entropy": {
        "mean": 5.84586143494,
        "var": 0.128495022655
    },
    "spectral_flux": {
        "mean": 0.0500261262059,
        "var": 0.00132736447267
    },
    "spectral_kurtosis": {
        "mean": 65.9513778687,
        "var": 1093.14770508
    },
    "spectral_rms": {
        "mean": 0.0037356512621,
        "var": 3.83663518733e-006
    },
    "spectral_rolloff": {
        "mean": 657.349060059,
        "var": 257963.5
    },
    "spectral_skewness": {
        "mean": 5.66416072845,
        "var": 3.18806958199
    },
    "spectral_spread": {
        "mean": 1238884.75,
        "var": 1.1583609897e+012
    },
    "spectral_strongpeak": {
        "mean": 1.24435305595,
        "var": 1.89089369774
    },
    "zerocrossingrate": {
        "mean": 0.0232200119644,
        "var": 0.00019460322801
    },
    "barkbands": {
        "mean": [6.7902402634e-007, 7.54387656343e-006, 0.000710956810508, 0.000869286537636, 0.00585240777582, 0.001208129921, 0.00194187054876, 0.00227146153338, 0.00242541334592, 0.000672611349728, 0.000605641165748, 0.000616445438936, 0.000478599395137, 0.000215905791265, 0.000250148412306, 7.82220595283e-005, 1.43247852975e-005, 1.16044684546e-005, 2.98114673569e-006, 1.07065534394e-006, 8.51565403082e-007, 2.93944850682e-007, 3.61514089775e-008, 2.13286259765e-008, 3.48909026116e-008, 4.41175806998e-008, 4.45793801873e-009],
        "var": [3.9452659889e-012, 9.9956126709e-011, 1.33085552534e-006, 2.45875412475e-006, 8.81537853274e-005, 8.30404769658e-006, 7.58530813982e-006, 7.53556159907e-005, 6.54794639559e-005, 3.44661270901e-006, 7.55813152864e-006, 7.80174832471e-006, 8.86124871613e-006, 7.31668365006e-007, 1.0194872857e-006, 1.92409700617e-007, 1.00167807382e-009, 1.06432462843e-009, 4.80128437008e-011, 1.66793141798e-011, 1.87922698236e-011, 3.27781443481e-012, 1.81438607763e-014, 4.81504306845e-015, 2.43504150762e-014, 1.12704916472e-014, 3.30306982878e-017]
    },
    "erbbands": {
        "mean": [0.000259292806732, 0.011627077125, 0.497135221958, 2.40060377121, 3.62995314598, 32.992389679, 13.5352487564, 12.930644989, 7.5241651535, 64.3193817139, 47.3783836365, 58.3973350525, 30.0178756714, 21.8839054108, 33.8856124878, 18.6120586395, 17.3608055115, 12.4966201782, 16.5474357605, 9.04303646088, 3.92329239845, 1.04853916168, 0.730192065239, 0.262193739414, 0.0881356149912, 0.0534825660288, 0.0387932993472, 0.0288393702358, 0.0129913231358, 0.00304852752015, 0.00104834686499, 0.000593309057876, 0.000327774730977, 0.000409111613408, 0.000255722843576, 0.000171298423083, 9.37157310545e-005, 1.80645929504e-005, 9.35609659791e-006, 2.06623171835e-005],
        "var": [1.05756861046e-007, 0.000224396251724, 0.558227956295, 17.1886730194, 32.1364173889, 2887.33740234, 330.042114258, 1226.8215332, 85.8207168579, 9470.94921875, 37911.5625, 52809.3984375, 3721.44018555, 2810.21191406, 23708.4746094, 7346.82958984, 10223.203125, 2416.12182617, 3712.05444336, 3568.77954102, 492.834777832, 7.59376430511, 3.98963499069, 0.399153828621, 0.0453530102968, 0.0414603948593, 0.0217165518552, 0.0499057210982, 0.00674718664959, 0.000227268887102, 1.63080858329e-005, 4.65094990432e-006, 1.11350402676e-006, 5.75292324356e-006, 6.85696022629e-007, 2.42066960254e-007, 4.05632682998e-008, 8.72230176974e-010, 1.14508486027e-010, 5.98799065887e-010]
    },
    "gfcc": {
        "mean": [-175.449417114, 207.463195801, -119.802055359, -47.9264564514, -42.6178627014, -28.7099151611, -34.6105690002, -17.4993801117, -26.6099414825, -16.6551246643, -28.3823776245, -13.9280853271, -11.8810482025],
        "cov": [[3117.81665039, 232.415313721, -1189.64416504, -87.6153106689, 256.985076904, -323.503326416, 39.6277999878, -35.4468154907, 41.1295890808, -50.9955978394, 69.8308029175, -169.847579956, 62.5816879272], [232.415313721, 463.233551025, -22.8768177032, -179.744628906, 168.739852905, -75.4383163452, 26.2900772095, -36.9853286743, 38.0509223938, -77.0805587769, 51.6894683838, -85.8615570068, -19.7879600525], [-1189.64416504, -22.8768177032, 905.111083984, 185.520339966, -194.774307251, 177.252288818, -34.0004615784, 5.78267765045, -48.2987174988, -31.6495437622, -64.8601531982, 111.954025269, -31.3770332336], [-87.6153106689, -179.744628906, 185.520339966, 342.355377197, -34.29504776, 28.3471107483, -24.3276119232, 25.4938678741, -22.4474334717, 5.013048172, -54.4240570068, 48.7981414795, 8.27690029144], [256.985076904, 168.739852905, -194.774307251, -34.29504776, 241.081863403, -15.3730802536, 5.58213424683, -15.3911361694, 20.2491645813, -14.6026382446, 4.04062271118, -73.4728088379, 2.6837041378], [-323.503326416, -75.4383163452, 177.252288818, 28.3471107483, -15.3730802536, 211.657745361, 41.3703727722, -4.55603408813, -22.6689529419, 18.6242675781, -49.2005119324, 26.5543231964, -25.7242736816], [39.6277999878, 26.2900772095, -34.0004615784, -24.3276119232, 5.58213424683, 41.3703727722, 127.932403564, 33.3900756836, -32.3327827454, -15.8684005737, -5.3439078331, -31.4377250671, -10.5818738937], [-35.4468154907, -36.9853286743, 5.78267765045, 25.4938678741, -15.3911361694, -4.55603408813, 33.3900756836, 100.501441956, 13.9808626175, -4.56061935425, -18.6613731384, -3.76003599167, -11.5943059921], [41.1295890808, 38.0509223938, -48.2987174988, -22.4474334717, 20.2491645813, -22.6689529419, -32.3327827454, 13.9808626175, 101.46824646, 28.6448383331, -20.8462581635, -30.4695186615, -17.0875740051], [-50.9955978394, -77.0805587769, -31.6495437622, 5.013048172, -14.6026382446, 18.6242675781, -15.8684005737, -4.56061935425, 28.6448383331, 91.1062393188, 4.25357723236, -7.41398048401, -6.61773443222], [69.8308029175, 51.6894683838, -64.8601531982, -54.4240570068, 4.04062271118, -49.2005119324, -5.3439078331, -18.6613731384, -20.8462581635, 4.25357723236, 122.428222656, 27.7834300995, -13.3226385117], [-169.847579956, -85.8615570068, 111.954025269, 48.7981414795, -73.4728088379, 26.5543231964, -31.4377250671, -3.76003599167, -30.4695186615, -7.41398048401, 27.7834300995, 110.513053894, 15.6861467361], [62.5816879272, -19.7879600525, -31.3770332336, 8.27690029144, 2.6837041378, -25.7242736816, -10.5818738937, -11.5943059921, -17.0875740051, -6.61773443222, -13.3226385117, 15.6861467361, 70.3885116577]],
        "icov": [[0.00100963329896, -0.00172531907447, 0.00208949111402, -0.00142989121377, 0.00157659722026, -0.000558756350074, 0.000766209908761, -0.000124117505038, 0.000834318459965, 0.000129957930767, 0.000409089028835, 0.000289919233182, -0.000225106487051], [-0.00172531907447, 0.0128976432607, -0.00740769319236, 0.00655943201855, -0.0097668711096, 0.00519846891984, -0.00597017956898, 0.00426352396607, -0.00761298043653, 0.00637738592923, -0.00459655513987, 0.00208322727121, 0.00058054656256], [0.00208949111402, -0.00740769319236, 0.00787331257015, -0.0052940887399, 0.00749769667163, -0.00458698812872, 0.00466229906306, -0.00189147354104, 0.00436495104805, -0.000715351372492, 0.00243134959601, -0.000309184368234, 0.000140564501635], [-0.00142989121377, 0.00655943201855, -0.0052940887399, 0.00789517257363, -0.00629442138597, 0.0040140254423, -0.00281404866837, 0.000917574914638, -0.00191000301857, 0.000703124562278, 0.000866556598339, -0.00205110898241, 0.00148558337241], [0.00157659722026, -0.0097668711096, 0.00749769667163, -0.00629442138597, 0.0147476438433, -0.0071418127045, 0.00676996354014, -0.00292954966426, 0.00451431516558, -0.000807151140179, 0.000286999536911, 0.00486912159249, -0.00271293194965], [-0.000558756350074, 0.00519846891984, -0.00458698812872, 0.0040140254423, -0.0071418127045, 0.0131660476327, -0.00795052945614, 0.00457469979301, -0.000859687279444, -0.00280124950223, 0.0054787453264, -0.00663528032601, 0.00612732348964], [0.000766209908761, -0.00597017956898, 0.00466229906306, -0.00281404866837, 0.00676996354014, -0.00795052945614, 0.0177076105028, -0.00793612841517, 0.0087788598612, 0.000306566013023, -0.000818321772385, 0.00707271369174, -0.00133032607846], [-0.000124117505038, 0.00426352396607, -0.00189147354104, 0.000917574914638, -0.00292954966426, 0.00457469979301, -0.00793612841517, 0.0152054615319, -0.00593131035566, 0.00263314531185, 0.00135495048016, -0.00238651246764, 0.00304895523004], [0.000834318459965, -0.00761298043653, 0.00436495104805, -0.00191000301857, 0.00451431516558, -0.000859687279444, 0.0087788598612, -0.00593131035566, 0.021498657763, -0.00898057688028, 0.00770782167092, -2.80478489003e-005, 0.00498468335718], [0.000129957930767, 0.00637738592923, -0.000715351372492, 0.000703124562278, -0.000807151140179, -0.00280124950223, 0.000306566013023, 0.00263314531185, -0.00898057688028, 0.0203560423106, -0.00762688741088, 0.00704639451578, -0.00251759379171], [0.000409089028835, -0.00459655513987, 0.00243134959601, 0.000866556598339, 0.000286999536911, 0.0054787453264, -0.000818321772385, 0.00135495048016, 0.00770782167092, -0.00762688741088, 0.0190548934042, -0.011518814601, 0.00874514319003], [0.000289919233182, 0.00208322727121, -0.000309184368234, -0.00205110898241, 0.00486912159249, -0.00663528032601, 0.00707271369174, -0.00238651246764, -2.80478489003e-005, 0.00704639451578, -0.011518814601, 0.0236330050975, -0.00830032583326], [-0.000225106487051, 0.00058054656256, 0.000140564501635, 0.00148558337241, -0.00271293194965, 0.00612732348964, -0.00133032607846, 0.00304895523004, 0.00498468335718, -0.00251759379171, 0.00874514319003, -0.00830032583326, 0.0215814840049]]
    },
    "melbands": {
        "mean": [1.377391186e-006, 0.00018303609977, 0.000391569599742, 0.00121993245557, 0.000813307531644, 0.000256625906331, 0.000179918395588, 0.000688248255756, 0.000347163790138, 0.00036770675797, 0.000143931843922, 9.08852525754e-005, 0.000104860926513, 7.78786561568e-005, 4.41773845523e-005, 3.80168057745e-005, 1.88618396351e-005, 2.97088299703e-005, 1.31553415486e-005, 7.84634448792e-006, 3.85958446714e-006, 9.08963329493e-007, 7.4930341043e-007, 5.31979708285e-007, 1.7663676033e-007, 8.44758147878e-008, 3.84119509533e-008, 3.40103589735e-008, 2.82351244607e-008, 1.57949351376e-008, 1.69682952134e-008, 7.83758480338e-009, 3.67597219331e-009, 8.9856089236e-010, 5.73935010628e-010, 4.90627094507e-010, 3.02803310204e-010, 2.24749108213e-010, 1.90592611138e-010, 4.03732852705e-010],
        "var": [3.59231134422e-012, 8.09998965678e-008, 4.11376191778e-007, 3.99871078116e-006, 1.394684773e-006, 4.71291599524e-007, 4.79932964481e-008, 1.52986206103e-006, 1.99473220164e-006, 1.96252153728e-006, 9.33189809871e-008, 5.11804039149e-008, 1.9285268138e-007, 1.3020532208e-007, 1.53706736228e-007, 3.09009173804e-008, 6.21993079264e-009, 1.39690863321e-008, 4.67656802172e-009, 2.67640398732e-009, 5.49316592213e-010, 4.16425487842e-012, 3.78372506937e-012, 3.10604320042e-012, 1.91068013733e-013, 3.62553953873e-014, 1.96514998013e-014, 1.93391089682e-014, 1.41075717528e-014, 3.83262418655e-015, 2.91153548753e-014, 2.82806682803e-015, 3.47327157041e-016, 1.68940506263e-017, 4.14788973702e-018, 6.23442098573e-018, 1.08722448365e-018, 6.21181207164e-019, 5.52467106884e-019, 7.57602315328e-018]
    },
    "mfcc": {
        "mean": [-817.530395508, 241.794448853, -8.80864238739, -20.5940189362, -4.36502408981, -17.5565662384, -16.3255023956, -10.7771577835, -7.66151475906, -11.7357263565, -11.8972015381, -15.4073619843, -18.5789222717],
        "cov": [[2632.62255859, 475.443756104, -1481.81982422, 167.500228882, -23.3028411865, -207.258209229, 25.9326248169, -153.676528931, 4.62796497345, 27.5677223206, 1.87413167953, 29.1777572632, -34.9772720337], [475.443756104, 421.220001221, -174.918930054, -107.837020874, 56.8643188477, -62.9558296204, 8.40487003326, -0.268063634634, -53.8659896851, 22.2610607147, 0.0570469126105, -4.9181189537, -7.02313375473], [-1481.81982422, -174.918930054, 1119.33105469, -8.64765357971, -18.0984210968, 138.019393921, -23.4069805145, 125.080574036, -1.72505366802, -68.4314880371, -6.87249612808, -33.4298973083, 18.1206054688], [167.500228882, -107.837020874, -8.64765357971, 286.121612549, 24.2387962341, -40.7443847656, 4.78206205368, -3.90302920341, 25.1290283203, -31.993144989, -25.0766086578, 0.780251920223, -5.50288009644], [-23.3028411865, 56.8643188477, -18.0984210968, 24.2387962341, 165.679275513, 36.8970680237, -36.2155609131, -5.05533313751, -2.51425790787, 16.5207977295, -2.13736557961, -8.53315162659, -9.14552783966], [-207.258209229, -62.9558296204, 138.019393921, -40.7443847656, 36.8970680237, 168.706787109, 30.0526714325, -3.9660384655, 30.1850128174, 9.5857334137, 8.12487030029, -24.008146286, -21.8120059967], [25.9326248169, 8.40487003326, -23.4069805145, 4.78206205368, -36.2155609131, 30.0526714325, 152.081176758, 47.1392250061, -19.4540367126, 17.2596359253, -7.20980644226, -15.3069877625, -5.83178663254], [-153.676528931, -0.268063634634, 125.080574036, -3.90302920341, -5.05533313751, -3.9660384655, 47.1392250061, 116.818023682, 21.8587665558, -26.0859336853, -8.57258319855, -7.37975168228, 5.99359560013], [4.62796497345, -53.8659896851, -1.72505366802, 25.1290283203, -2.51425790787, 30.1850128174, -19.4540367126, 21.8587665558, 135.768600464, 35.9670219421, -22.416021347, -1.51616811752, -26.91248703], [27.5677223206, 22.2610607147, -68.4314880371, -31.993144989, 16.5207977295, 9.5857334137, 17.2596359253, -26.0859336853, 35.9670219421, 108.135238647, 29.7688140869, -8.47592449188, -11.1540203094], [1.87413167953, 0.0570469126105, -6.87249612808, -25.0766086578, -2.13736557961, 8.12487030029, -7.20980644226, -8.57258319855, -22.416021347, 29.7688140869, 77.6886444092, 24.3522968292, -0.150030940771], [29.1777572632, -4.9181189537, -33.4298973083, 0.780251920223, -8.53315162659, -24.008146286, -15.3069877625, -7.37975168228, -1.51616811752, -8.47592449188, 24.3522968292, 69.752243042, 32.6442070007], [-34.9772720337, -7.02313375473, 18.1206054688, -5.50288009644, -9.14552783966, -21.8120059967, -5.83178663254, 5.99359560013, -26.91248703, -11.1540203094, -0.150030940771, 32.6442070007, 83.4012680054]],
        "icov": [[0.0101085919887, -0.0127800209448, 0.0137862702832, -0.0133244004101, 0.0131552396342, -0.0111240642145, 0.00810690782964, -0.00450038583949, 0.000294494820992, 0.00227320869453, -0.00331009179354, 0.00314288283698, -0.00212479778565], [-0.0127800209448, 0.0199178885669, -0.0172750931233, 0.0189880784601, -0.0191833898425, 0.0168451946229, -0.0118825938553, 0.00639059720561, -0.000370666064555, -0.00219717854634, 0.00402519432828, -0.00343407830223, 0.00327344657853], [0.0137862702832, -0.0172750931233, 0.0207617748529, -0.0196404308081, 0.0207029562443, -0.0196583773941, 0.0159161388874, -0.0120805250481, 0.00542691815645, -0.00110130931716, -0.00074806966586, 0.00216773152351, -0.00161563698202], [-0.0133244004101, 0.0189880784601, -0.0196404308081, 0.0256761219352, -0.0248460397124, 0.0245634596795, -0.0209785718471, 0.0166061148047, -0.0116030527279, 0.00866901129484, -0.00384214892983, 0.00211377791129, -0.000407460029237], [0.0131552396342, -0.0191833898425, 0.0207029562443, -0.0248460397124, 0.0347534902394, -0.0307623092085, 0.0289165303111, -0.0239628069103, 0.0192396342754, -0.0163495689631, 0.0116267632693, -0.00664209015667, 0.00391642516479], [-0.0111240642145, 0.0168451946229, -0.0196583773941, 0.0245634596795, -0.0307623092085, 0.0395199917257, -0.033220693469, 0.0305499881506, -0.026910699904, 0.0226738229394, -0.0189243946224, 0.0134448735043, -0.00585872959346], [0.00810690782964, -0.0118825938553, 0.0159161388874, -0.0209785718471, 0.0289165303111, -0.033220693469, 0.0412056967616, -0.036125574261, 0.0325456783175, -0.0301888883114, 0.0242796726525, -0.0151369171217, 0.00995016936213], [-0.00450038583949, 0.00639059720561, -0.0120805250481, 0.0166061148047, -0.0239628069103, 0.0305499881506, -0.036125574261, 0.0451886057854, -0.0364224389195, 0.0347676835954, -0.0279866475612, 0.0201134886593, -0.0130665032193], [0.000294494820992, -0.000370666064555, 0.00542691815645, -0.0116030527279, 0.0192396342754, -0.026910699904, 0.0325456783175, -0.0364224389195, 0.0459450483322, -0.0398078076541, 0.0356439575553, -0.025605654344, 0.0177010688931], [0.00227320869453, -0.00219717854634, -0.00110130931716, 0.00866901129484, -0.0163495689631, 0.0226738229394, -0.0301888883114, 0.0347676835954, -0.0398078076541, 0.0487787052989, -0.0377242974937, 0.026727758348, -0.015744086355], [-0.00331009179354, 0.00402519432828, -0.00074806966586, -0.00384214892983, 0.0116267632693, -0.0189243946224, 0.0242796726525, -0.0279866475612, 0.0356439575553, -0.0377242974937, 0.0471623465419, -0.029614996165, 0.0170275140554], [0.00314288283698, -0.00343407830223, 0.00216773152351, 0.00211377791129, -0.00664209015667, 0.0134448735043, -0.0151369171217, 0.0201134886593, -0.025605654344, 0.026727758348, -0.029614996165, 0.0382048748434, -0.0187137592584], [-0.00212479778565, 0.00327344657853, -0.00161563698202, -0.000407460029237, 0.00391642516479, -0.00585872959346, 0.00995016936213, -0.0130665032193, 0.0177010688931, -0.015744086355, 0.0170275140554, -0.0187137592584, 0.0231926273555]]
    },
    "spectral_contrast_coeffs": {
        "mean": [-0.440392374992, -0.664321959019, -0.703106343746, -0.756996691227, -0.775580108166, -0.803394913673],
        "var": [0.00527127832174, 0.0069876620546, 0.00480537815019, 0.00435590883717, 0.00317934015766, 0.00149333907757]
    },
    "spectral_contrast_valleys": {
        "mean": [-9.20045948029, -7.26365280151, -7.90214681625, -9.04831123352, -10.4852495193, -13.7828865051],
        "var": [0.447586536407, 0.529433965683, 0.561503648758, 0.575658023357, 0.542671144009, 0.265656113625]
    }
},
"metadata": {
    "audio_properties": {
        "analysis_sample_rate": 44100,
        "bit_rate": 128074,
        "equal_loudness": 0,
        "length": 45.0612258911,
        "lossless": 0,
        "replay_gain": -5.63820457458,
        "sample_rate": 44100,
        "codec": "mp3",
        "downmix": "mix",
        "md5_encoded": "fe93674835e42c06fc3882beecee62b7"
    },
    "tags": {
        "file_name": "1023.mp3"
    },
    "version": {
        "essentia": "2.1-beta2",
        "essentia_git_sha": "v2.1_beta2",
        "extractor": "music 1.0"
    }
},
"rhythm": {
    "beats_count": 82,
    "beats_loudness": {
        "mean": 0.0282680876553,
        "var": 0.000959482742473
    },
    "bpm": 119.420799255,
    "bpm_histogram_first_peak_bpm": {
        "mean": 120,
        "var": 0
    },
    "bpm_histogram_first_peak_spread": {
        "mean": 0.530612289906,
        "var": 0
    },
    "bpm_histogram_first_peak_weight": {
        "mean": 0.28395062685,
        "var": 0
    },
    "bpm_histogram_second_peak_bpm": {
        "mean": 91,
        "var": 0
    },
    "bpm_histogram_second_peak_spread": {
        "mean": 0.25,
        "var": 0
    },
    "bpm_histogram_second_peak_weight": {
        "mean": 0.148148149252,
        "var": 0
    },
    "danceability": 0.974042832851,
    "onset_rate": 2.7727534771,
    "beats_loudness_band_ratio": {
        "mean": [0.135623037815, 0.502879142761, 0.273660391569, 0.08177819103, 0.014541586861, 0.000407651416026],
        "var": [0.0163586121053, 0.0637031197548, 0.0481733083725, 0.00827893521637, 0.000725987600163, 2.66079200628e-006]
    },
    "beats_position": [0.53405892849, 1.09133780003, 1.63700675964, 2.18267560005, 2.72834467888, 3.27401351929, 3.83129239082, 4.37696123123, 4.91102027893, 5.42185926437, 5.94430828094, 6.45514726639, 6.96598625183, 7.47682523727, 7.98766422272, 8.498503685, 9.0093421936, 9.52018165588, 10.0194101334, 10.5186395645, 11.017868042, 11.505487442, 11.9931058884, 12.4923353195, 12.9915647507, 13.4907932281, 14.0016326904, 14.512471199, 15.0233106613, 15.5341491699, 16.0449886322, 16.5558280945, 17.0666656494, 17.5775051117, 18.0767345428, 18.575963974, 19.0751914978, 19.5860309601, 20.0852603912, 20.5844898224, 21.0837192535, 21.5713367462, 22.0705661774, 22.5697956085, 23.0690250397, 23.5566444397, 24.0558719635, 24.5551013947, 25.0543308258, 25.5651702881, 26.076007843, 26.5984573364, 27.1209068298, 27.6433563232, 28.1658039093, 28.6650333405, 29.1410427094, 29.6402721405, 30.1394996643, 30.6271190643, 31.1147384644, 31.6139678955, 32.1131973267, 32.6240348816, 33.146484375, 33.6921539307, 34.3771438599, 35.0505218506, 35.7238998413, 36.4088897705, 37.0706558228, 37.7208137512, 38.3825836182, 39.0443534851, 39.7061233521, 40.3562812805, 41.006439209, 41.6682090759, 42.3299751282, 42.9801368713, 43.6419029236, 44.3036727905]
},
"tonal": {
    "chords_changes_rate": 0.0236625522375,
    "chords_number_rate": 0.00411522621289,
    "chords_strength": {
        "mean": 0.532318353653,
        "var": 0.00581683916971
    },
    "hpcp_entropy": {
        "mean": 1.71347475052,
        "var": 0.298739612103
    },
    "key_strength": 0.625201940536,
    "tuning_diatonic_strength": 0.572983264923,
    "tuning_equal_tempered_deviation": 0.0633812025189,
    "tuning_frequency": 442.548919678,
    "tuning_nontempered_energy_ratio": 0.642898380756,
    "hpcp": {
        "mean": [0.0557747706771, 0.0378922820091, 0.0259872600436, 0.0424099676311, 0.109161004424, 0.514687716961, 0.797203481197, 0.42025026679, 0.0885156020522, 0.057192273438, 0.0565434843302, 0.0782755538821, 0.106885991991, 0.0834432244301, 0.0517802163959, 0.0708221495152, 0.0551785267889, 0.0249466113746, 0.0338197797537, 0.0454277098179, 0.084942035377, 0.118029460311, 0.0850015878677, 0.0462675243616, 0.0497290194035, 0.0713946074247, 0.118102937937, 0.12752532959, 0.0569642186165, 0.00737747177482, 0.00351679534651, 0.00768476864323, 0.0264039002359, 0.0351372584701, 0.0284320283681, 0.0451792217791],
        "var": [0.0130427051336, 0.0108916275203, 0.00841007102281, 0.0214064586908, 0.0401373654604, 0.070262670517, 0.100318960845, 0.0576421804726, 0.0346540771425, 0.0213458295912, 0.0253786183894, 0.0317841768265, 0.0437793843448, 0.0333032906055, 0.0123986452818, 0.0221044681966, 0.0149076450616, 0.00347646954469, 0.0103021720424, 0.0213231146336, 0.0319052450359, 0.043336071074, 0.027797780931, 0.0198793038726, 0.024991935119, 0.0392602980137, 0.0490580163896, 0.0446190200746, 0.0116441501305, 0.00107196962927, 0.000418907497078, 0.0013151098974, 0.00527569605038, 0.0093064410612, 0.00424335384741, 0.00724713876843]
    },
    "chords_histogram": [36.2139930725, 0, 17.9012336731, 0, 0, 0, 0, 0.720164597034, 0, 0, 0, 0, 0, 0, 2.05761313438, 0, 0, 0, 0, 43.1069946289, 0, 0, 0, 0],
    "thpcp": [1, 0.527155578136, 0.111032634974, 0.0717411264777, 0.0709272921085, 0.0981876701117, 0.134076178074, 0.1046699211, 0.0649523213506, 0.0888382345438, 0.0692151114345, 0.0312926508486, 0.0424230210483, 0.0569838322699, 0.106550008059, 0.148054376245, 0.10662470758, 0.0580372847617, 0.0623793303967, 0.0895563140512, 0.148146539927, 0.159965842962, 0.0714550539851, 0.00925418920815, 0.00441141473129, 0.00963965803385, 0.0331206545234, 0.0440756455064, 0.0356647074223, 0.0566721335053, 0.0699630305171, 0.047531504184, 0.0325980260968, 0.0531984232366, 0.136929914355, 0.645616471767],
    "chords_key": "B",
    "chords_scale": "minor",
    "key_key": "E",
    "key_scale": "major"
}
}