{
"lowlevel": {
    "average_loudness": 0.899869143963,
    "barkbands_crest": {
        "mean": 18.9044971466,
        "var": 39.3524971008
    },
    "barkbands_flatness_db": {
        "mean": 0.399913400412,
        "var": 0.00757717387751
    },
    "barkbands_kurtosis": {
        "mean": 289.461303711,
        "var": 385572.4375
    },
    "barkbands_skewness": {
        "mean": 7.68112421036,
        "var": 102.911155701
    },
    "barkbands_spread": {
        "mean": 2.65059304237,
        "var": 47.2515029907
    },
    "dissonance": {
        "mean": 0.357257008553,
        "var": 0.00809473916888
    },
    "dynamic_complexity": 6.01729393005,
    "erbbands_crest": {
        "mean": 18.7483139038,
        "var": 40.5341796875
    },
    "erbbands_flatness_db": {
        "mean": 0.265584915876,
        "var": 0.00532625103369
    },
    "erbbands_kurtosis": {
        "mean": 31.7163295746,
        "var": 2363.02197266
    },
    "erbbands_skewness": {
        "mean": 3.46435236931,
        "var": 8.31081771851
    },
    "erbbands_spread": {
        "mean": 16.1987342834,
        "var": 348.380065918
    },
    "hfc": {
        "mean": 6.86029720306,
        "var": 76.2123718262
    },
    "melbands_crest": {
        "mean": 23.0213527679,
        "var": 44.7687835693
    },
    "melbands_flatness_db": {
        "mean": 0.508245050907,
        "var": 0.0104145035148
    },
    "melbands_kurtosis": {
        "mean": 81.8246765137,
        "var": 15452.0966797
    },
    "melbands_skewness": {
        "mean": 3.54686641693,
        "var": 13.7263669968
    },
    "melbands_spread": {
        "mean": 3.10330677032,
        "var": 67.7867279053
    },
    "pitch_salience": {
        "mean": 0.339695066214,
        "var": 0.0439270287752
    },
    "silence_rate_20dB": {
        "mean": 1,
        "var": 0
    },
    "silence_rate_30dB": {
        "mean": 1,
        "var": 0
    },
    "silence_rate_60dB": {
        "mean": 0.00514933047816,
        "var": 0.00512281944975
    },
    "spectral_centroid": {
        "mean": 325.617279053,
        "var": 181240.25
    },
    "spectral_complexity": {
        "mean": 2.93357372284,
        "var": 6.55739402771
    },
    "spectral_decrease": {
        "mean": -6.50191545049e-009,
        "var": 2.30884141501e-017
    },
    "spectral_energy": {
        "mean": 0.0251619759947,
        "var": 0.000351677590515
    },
    "spectral_energyband_high": {
        "mean": 5.45283000974e-005,
        "var": 3.11294996891e-007
    },
    "spectral_energyband_low": {
        "mean": 0.00676384288818,
        "var": 2.25137118832e-005
    },
    "spectral_energyband_middle_high": {
        "mean": 0.000793035665993,
        "var": 7.56041436034e-006
    },
    "spectral_energyband_middle_low": {
        "mean": 0.0180782135576,
        "var": 0.000429249281297
    },
    "spectral_entropy": {
        "mean": 5.67058372498,
        "var": 0.799655973911
    },
    "spectral_flux": {
        "mean": 0.0318947061896,
        "var": 0.00113749504089
    },
    "spectral_kurtosis": {
        "mean": 16.0605316162,
        "var": 170.372177124
    },
    "spectral_rms": {
        "mean": 0.00464184395969,
        "var": 3.0015298762e-006
    },
    "spectral_rolloff": {
        "mean": 302.064147949,
        "var": 432525.34375
    },
    "spectral_skewness": {
        "mean": 3.22565507889,
        "var": 1.53227007389
    },
    "spectral_spread": {
        "mean": 3880654.25,
        "var": 2.99232578765e+012
    },
    "spectral_strongpeak": {
        "mean": 0.93826341629,
        "var": 0.793275117874
    },
    "zerocrossingrate": {
        "mean": 0.0117894019932,
        "var": 0.000307126640109
    },
    "barkbands": {
        "mean": [0.00017704385391, 0.00593605358154, 0.000176176356035, 0.00291591044515, 0.00965106952935, 0.0023634985555, 0.000954693823587, 0.00153917667922, 0.000534626073204, 0.000493124185596, 0.00019587946008, 8.35684040794e-005, 2.64824429905e-005, 2.02868141059e-005, 1.22376522995e-005, 5.77812807023e-006, 4.32139950135e-006, 1.00302704595e-005, 3.30677335114e-006, 1.02281283034e-005, 9.83311565506e-006, 7.32839680495e-006, 9.57348765951e-006, 1.56049700308e-005, 4.68601638204e-006, 1.33200080654e-006, 1.64007573744e-007],
        "var": [2.72840725302e-006, 1.62619617186e-005, 3.0519791494e-007, 3.52891802322e-005, 0.000197005530936, 2.83455319732e-005, 1.59492556122e-005, 2.27836317208e-005, 4.59432794742e-006, 3.56009377356e-006, 9.63893285189e-007, 2.67055327186e-007, 3.53344837833e-008, 1.34682158759e-008, 3.58201490691e-009, 5.77827785619e-010, 2.41835607095e-010, 1.95427363181e-009, 1.06918286724e-010, 1.87850490718e-009, 4.97929386611e-009, 2.45552698175e-008, 2.39411601655e-008, 5.72827580925e-008, 5.78002756768e-010, 4.67095563617e-011, 1.73541834115e-012]
    },
    "erbbands": {
        "mean": [0.216525584459, 1.16602909565, 0.420952349901, 4.20376491547, 22.8354320526, 28.5910701752, 36.4186782837, 18.0646896362, 13.5036687851, 23.3408641815, 28.3278007507, 11.8394832611, 16.7401561737, 13.9739408493, 6.06860113144, 2.59201431274, 1.33657252789, 1.01444888115, 0.975903511047, 0.445440739393, 0.312734305859, 0.284776926041, 0.534346163273, 0.242602884769, 0.2526884377, 0.492883205414, 0.498307973146, 0.310219079256, 0.235977694392, 0.240835994482, 0.300874322653, 0.40456572175, 0.186782553792, 0.0701763033867, 0.0242846757174, 0.00552125554532, 0.00266506220214, 0.000667958462145, 3.02056032524e-005, 2.82843120658e-005],
        "var": [0.025508493185, 0.589096665382, 0.190445035696, 61.1648330688, 1538.10107422, 3198.82763672, 8515.56054688, 2267.82104492, 2338.84179688, 4764.39599609, 9043.08886719, 2035.72229004, 3029.76513672, 2722.40576172, 720.420288086, 181.226257324, 99.1795959473, 28.5987968445, 23.6886672974, 4.74607276917, 1.52125656605, 1.05331504345, 5.77849197388, 0.652422964573, 0.525583267212, 3.96319556236, 8.96725749969, 8.91409873962, 17.8728466034, 26.5446033478, 22.1395244598, 45.2697067261, 4.71529579163, 0.189486220479, 0.00966995302588, 0.000623248633929, 0.000215713400394, 1.65277215274e-005, 1.57396691236e-008, 4.59617177651e-010]
    },
    "gfcc": {
        "mean": [-186.919494629, 140.161941528, -25.8752098083, 39.7780303955, -55.279094696, 5.57537841797, -21.6159420013, 10.0740718842, -16.8071079254, -2.03201174736, -2.4793844223, -4.70969152451, 6.80006694794],
        "cov": [[8554.4453125, 48.5075683594, -2116.40258789, -1504.33300781, -1663.80932617, -1065.3861084, -991.348754883, 277.002227783, -870.537780762, -299.808013916, -141.920898438, -266.279327393, -23.8849239349], [48.5075683594, 887.329101563, -120.844612122, -463.139587402, -69.9850692749, -110.099128723, 96.3614501953, -120.342941284, -39.3807792664, -195.93661499, -10.7948303223, -66.0764694214, -12.183303833], [-2116.40258789, -120.844612122, 1473.0123291, 707.335998535, 74.9869766235, 37.300037384, -144.039932251, -121.920402527, 41.6604309082, -83.8233032227, 47.1648101807, -55.0378913879, -15.4412231445], [-1504.33300781, -463.139587402, 707.335998535, 1045.2019043, 434.383850098, 151.737625122, -66.5093688965, -57.0975379944, 160.275131226, 31.199546814, -28.8723659515, -36.6525001526, -10.0644054413], [-1663.80932617, -69.9850692749, 74.9869766235, 434.383850098, 834.537475586, 436.338928223, 303.703338623, -64.4398040771, 275.156890869, 172.656936646, -76.7405319214, 108.477836609, -15.5993881226], [-1065.3861084, -110.099128723, 37.300037384, 151.737625122, 436.338928223, 472.759460449, 309.931335449, -30.6548404694, 195.015228271, 171.024429321, -33.6573753357, 62.5885314941, -18.8243160248], [-991.348754883, 96.3614501953, -144.039932251, -66.5093688965, 303.703338623, 309.931335449, 495.254821777, -1.21864378452, 163.451766968, 133.990478516, 18.5563716888, 119.773651123, -14.7379846573], [277.002227783, -120.342941284, -121.920402527, -57.0975379944, -64.4398040771, -30.6548404694, -1.21864378452, 177.748458862, 7.72855806351, 34.9428482056, 17.331653595, -6.55787467957, 11.0482625961], [-870.537780762, -39.3807792664, 41.6604309082, 160.275131226, 275.156890869, 195.015228271, 163.451766968, 7.72855806351, 277.012817383, 106.916290283, 4.27804899216, 30.3225326538, -3.93220376968], [-299.808013916, -195.93661499, -83.8233032227, 31.199546814, 172.656936646, 171.024429321, 133.990478516, 34.9428482056, 106.916290283, 257.137908936, 3.98948264122, 40.1518707275, 13.3885765076], [-141.920898438, -10.7948303223, 47.1648101807, -28.8723659515, -76.7405319214, -33.6573753357, 18.5563716888, 17.331653595, 4.27804899216, 3.98948264122, 133.859695435, 36.9288825989, 5.57533740997], [-266.279327393, -66.0764694214, -55.0378913879, -36.6525001526, 108.477836609, 62.5885314941, 119.773651123, -6.55787467957, 30.3225326538, 40.1518707275, 36.9288825989, 183.65927124, 21.5505714417], [-23.8849239349, -12.183303833, -15.4412231445, -10.0644054413, -15.5993881226, -18.8243160248, -14.7379846573, 11.0482625961, -3.93220376968, 13.3885765076, 5.57533740997, 21.5505714417, 102.093078613]],
        "icov": [[0.000918408448342, -0.000263123743935, 0.00141214602627, -0.000321949482895, 0.00139270664658, -0.000434945599409, 0.0015544310445, -0.000432007975178, 0.00106879801024, -0.000458389607957, 0.000991735374555, -0.000491296232212, 0.000919883488677], [-0.000263123743935, 0.0047203656286, -0.00127534940839, 0.00366639671847, -0.00322113605216, 0.00293278344907, -0.00277583836578, 0.00289987400174, -0.00126990233548, 0.00364496163093, -0.00094037479721, 0.00424554245546, -0.00136740074959], [0.00141214602627, -0.00127534940839, 0.00356348743662, -0.00211706571281, 0.00318796187639, -0.00167091516778, 0.00298234377988, -0.000551961478777, 0.00177743344102, -0.00101841206197, 0.00107311096508, -0.00152357714251, 0.00164273940027], [-0.000321949482895, 0.00366639671847, -0.00211706571281, 0.00516764074564, -0.00420865695924, 0.00260803266428, -0.00154270092025, 0.00193793221842, -0.00147811998613, 0.00281864614226, -0.00104143691715, 0.00390386371873, -0.00123691977933], [0.00139270664658, -0.00322113605216, 0.00318796187639, -0.00420865695924, 0.00794216897339, -0.00433448562399, 0.00327518489212, -0.00150002399459, 0.000811250880361, -0.00297944829799, 0.00371549022384, -0.00492921145633, 0.00231772172265], [-0.000434945599409, 0.00293278344907, -0.00167091516778, 0.00260803266428, -0.00433448562399, 0.00823927856982, -0.004509517923, 0.00231739715673, -0.0017001532251, 0.0005315534072, -5.36863299203e-005, 0.00347268930636, -0.000657561584376], [0.0015544310445, -0.00277583836578, 0.00298234377988, -0.00154270092025, 0.00327518489212, -0.004509517923, 0.00844889320433, -0.00228449725546, 0.00139595626388, -0.00249231117778, 0.00102819490712, -0.00435890257359, 0.00271180877462], [-0.000432007975178, 0.00289987400174, -0.000551961478777, 0.00193793221842, -0.00150002399459, 0.00231739715673, -0.00228449725546, 0.00854076258838, -0.00179354427382, 0.00115812837612, -0.00143048376776, 0.00303436396644, -0.00148675998207], [0.00106879801024, -0.00126990233548, 0.00177743344102, -0.00147811998613, 0.000811250880361, -0.0017001532251, 0.00139595626388, -0.00179354427382, 0.00788220856339, -0.0021144466009, 7.23755802028e-005, -0.000528436852619, 0.00111618055962], [-0.000458389607957, 0.00364496163093, -0.00101841206197, 0.00281864614226, -0.00297944829799, 0.0005315534072, -0.00249231117778, 0.00115812837612, -0.0021144466009, 0.00877175759524, -0.00157705461606, 0.00315644568764, -0.00220272759907], [0.000991735374555, -0.00094037479721, 0.00107311096508, -0.00104143691715, 0.00371549022384, -5.36863299203e-005, 0.00102819490712, -0.00143048376776, 7.23755802028e-005, -0.00157705461606, 0.0110180964693, -0.00373579608276, 0.00143696367741], [-0.000491296232212, 0.00424554245546, -0.00152357714251, 0.00390386371873, -0.00492921145633, 0.00347268930636, -0.00435890257359, 0.00303436396644, -0.000528436852619, 0.00315644568764, -0.00373579608276, 0.0117904422805, -0.00324345123954], [0.000919883488677, -0.00136740074959, 0.00164273940027, -0.00123691977933, 0.00231772172265, -0.000657561584376, 0.00271180877462, -0.00148675998207, 0.00111618055962, -0.00220272759907, 0.00143696367741, -0.00324345123954, 0.0116968322545]]
    },
    "melbands": {
        "mean": [0.00184906006325, 0.000634718162473, 0.00139897491317, 0.00178519904148, 0.00137589091901, 0.000386721018003, 0.000215496431338, 0.00029640091816, 0.000193394342205, 7.54608627176e-005, 8.49493517308e-005, 5.95293095103e-005, 2.40552290052e-005, 1.11208246381e-005, 2.44966850005e-006, 3.07113964482e-006, 1.69717452536e-006, 1.77995059403e-006, 7.34640309474e-007, 4.30464865531e-007, 3.48237250591e-007, 2.58418282328e-007, 4.28109729e-007, 4.7478275178e-007, 1.59094042829e-007, 1.34325702561e-007, 2.61696840198e-007, 3.40556852052e-007, 3.37064960831e-007, 2.1038657394e-007, 1.77410825586e-007, 1.31911576773e-007, 1.39158046863e-007, 1.257073734e-007, 1.63573261602e-007, 1.88240548482e-007, 2.92630119247e-007, 1.4395254766e-007, 7.69325367855e-008, 5.16767890701e-008],
        "var": [1.76409139385e-006, 1.8704574245e-007, 6.51536402074e-006, 7.28978875486e-006, 1.05051231003e-005, 9.68875610852e-007, 6.03848036462e-007, 6.68937389037e-007, 4.29334562568e-007, 9.97117979296e-008, 8.30754345316e-008, 5.16325506794e-008, 1.3122920528e-008, 4.27588853213e-009, 1.95137572767e-010, 4.58961729732e-010, 8.60684232218e-011, 8.64866928074e-011, 1.3831705746e-011, 4.05560654504e-012, 1.86894228392e-012, 8.46024585024e-013, 4.32210300536e-012, 4.25834714712e-012, 2.8331200233e-013, 1.8807472127e-013, 6.97490242646e-013, 2.60289966664e-012, 4.08572307931e-012, 2.43666436854e-012, 4.44035390054e-012, 5.29035626071e-012, 1.09756136471e-011, 6.48740783316e-012, 7.55563667187e-012, 5.56178323882e-012, 3.62048863112e-011, 3.23377761201e-012, 1.97954486462e-013, 9.8684888115e-014]
    },
    "mfcc": {
        "mean": [-860.473327637, 170.124481201, 77.2696609497, 43.2414093018, 10.4431371689, 0.954112648964, 13.401927948, 4.40625715256, 6.31543636322, 6.83368110657, -4.31276082993, 6.55352163315, -6.44239759445],
        "cov": [[8474.70800781, 336.944274902, -1737.56530762, -1042.57849121, -1103.97888184, -1646.11303711, -323.919708252, -629.597229004, -541.222106934, 5.69887161255, -832.443664551, -177.526824951, -427.385314941], [336.944274902, 1148.88098145, -238.332199097, -420.000762939, -322.214996338, -132.366577148, 0.303170770407, 56.5411376953, -82.1903686523, -26.6895179749, -75.4084091187, -137.998245239, -71.0566253662], [-1737.56530762, -238.332199097, 1409.18640137, 462.054534912, 281.046966553, -60.7681312561, -63.9137001038, -57.0906410217, -131.395339966, -46.5812072754, -110.647407532, 112.800987244, -136.392242432], [-1042.57849121, -420.000762939, 462.054534912, 632.700927734, 382.719787598, 136.50970459, -18.3063564301, 8.14751720428, 48.6150588989, -97.8419342041, 45.5046958923, 57.122253418, -2.47230744362], [-1103.97888184, -322.214996338, 281.046966553, 382.719787598, 583.027770996, 281.537384033, -22.4936141968, 9.94666481018, 147.67980957, -59.7734413147, 110.473876953, 58.7844047546, 43.5122528076], [-1646.11303711, -132.366577148, -60.7681312561, 136.50970459, 281.537384033, 830.573974609, 137.981719971, 190.445083618, 266.146697998, -1.96515774727, 342.84274292, -11.445063591, 198.413467407], [-323.919708252, 0.303170770407, -63.9137001038, -18.3063564301, -22.4936141968, 137.981719971, 189.938873291, 54.9277458191, 56.2311630249, -1.52368462086, 90.1020355225, 7.04108762741, 44.0766639709], [-629.597229004, 56.5411376953, -57.0906410217, 8.14751720428, 9.94666481018, 190.445083618, 54.9277458191, 254.440948486, 51.8264694214, -2.5205578804, 88.3108901978, -24.1287574768, 92.9445419312], [-541.222106934, -82.1903686523, -131.395339966, 48.6150588989, 147.67980957, 266.146697998, 56.2311630249, 51.8264694214, 294.136688232, 22.4455013275, 164.806976318, 8.73713874817, 96.5356140137], [5.69887161255, -26.6895179749, -46.5812072754, -97.8419342041, -59.7734413147, -1.96515774727, -1.52368462086, -2.5205578804, 22.4455013275, 182.679367065, 29.8054428101, 16.5171852112, 36.6101226807], [-832.443664551, -75.4084091187, -110.647407532, 45.5046958923, 110.473876953, 342.84274292, 90.1020355225, 88.3108901978, 164.806976318, 29.8054428101, 311.917144775, 11.0860471725, 130.283126831], [-177.526824951, -137.998245239, 112.800987244, 57.122253418, 58.7844047546, -11.445063591, 7.04108762741, -24.1287574768, 8.73713874817, 16.5171852112, 11.0860471725, 137.59526062, 14.0811386108], [-427.385314941, -71.0566253662, -136.392242432, -2.47230744362, 43.5122528076, 198.413467407, 44.0766639709, 92.9445419312, 96.5356140137, 36.6101226807, 130.283126831, 14.0811386108, 201.31552124]],
        "icov": [[0.000656145450193, 0.000336954835802, 0.000881668471266, 0.000304349028738, 0.000322623120155, 0.000555628503207, 0.000334560550982, 0.000815794337541, 0.000196480410523, 0.000296524405712, 0.000739880953915, 0.000220724556129, 0.000403335056035], [0.000336954835802, 0.00157485436648, 0.000307738111587, 0.00110698817298, 0.000345362408552, 0.000350249494659, 0.000267732364591, -5.01488539157e-005, 3.71835958504e-005, 0.000743526557926, 0.000261337379925, 0.000982560333796, 0.000647085369565], [0.000881668471266, 0.000307738111587, 0.00237309024669, -0.000436240428826, 0.000203773393878, 0.000560223299544, 0.00045269302791, 0.00102600490209, 0.000866029004101, -3.48715875589e-005, 0.0012814233778, -0.000479676818941, 0.00120912143029], [0.000304349028738, 0.00110698817298, -0.000436240428826, 0.00411932775751, -0.00144351448398, 0.000513933598995, 0.000207854696782, -0.000114207527076, 3.73716466129e-005, 0.00168027193286, -7.99980043666e-005, 0.000551455130335, 0.000294288562145], [0.000322623120155, 0.000345362408552, 0.000203773393878, -0.00144351448398, 0.00408710818738, -0.000726421829313, 0.00136565207504, 0.00085298641352, -0.00112310948316, 0.00074987631524, 0.000372703070752, -0.000608413305599, 0.000270446005743], [0.000555628503207, 0.000350249494659, 0.000560223299544, 0.000513933598995, -0.000726421829313, 0.00359454937279, -0.000546157418285, -0.000265930517344, -0.000623306666967, 0.000531562836841, -0.00133599247783, 0.00111723679584, -0.000465624500066], [0.000334560550982, 0.000267732364591, 0.00045269302791, 0.000207854696782, 0.00136565207504, -0.000546157418285, 0.00705728167668, -0.000197064713575, -0.000389767083107, 0.000909226597287, -0.000852887809742, -0.000852347933687, 0.000536091800313], [0.000815794337541, -5.01488539157e-005, 0.00102600490209, -0.000114207527076, 0.00085298641352, -0.000265930517344, -0.000197064713575, 0.00662607513368, 0.000533280603122, 0.000536251056474, 0.00102327321656, 0.000978558557108, -0.00161427259445], [0.000196480410523, 3.71835958504e-005, 0.000866029004101, 3.73716466129e-005, -0.00112310948316, -0.000623306666967, -0.000389767083107, 0.000533280603122, 0.00604530889541, -0.000614606542513, -0.00110587838572, -7.81924318289e-005, -0.000352311821189], [0.000296524405712, 0.000743526557926, -3.48715875589e-005, 0.00168027193286, 0.00074987631524, 0.000531562836841, 0.000909226597287, 0.000536251056474, -0.000614606542513, 0.00710700033233, -0.000525854353327, -0.000452095729997, -0.000869458424859], [0.000739880953915, 0.000261337379925, 0.0012814233778, -7.99980043666e-005, 0.000372703070752, -0.00133599247783, -0.000852887809742, 0.00102327321656, -0.00110587838572, -0.000525854353327, 0.00811849720776, -0.000253019999946, -0.00112968555186], [0.000220724556129, 0.000982560333796, -0.000479676818941, 0.000551455130335, -0.000608413305599, 0.00111723679584, -0.000852347933687, 0.000978558557108, -7.81924318289e-005, -0.000452095729997, -0.000253019999946, 0.00946413911879, -0.00111613539048], [0.000403335056035, 0.000647085369565, 0.00120912143029, 0.000294288562145, 0.000270446005743, -0.000465624500066, 0.000536091800313, -0.00161427259445, -0.000352311821189, -0.000869458424859, -0.00112968555186, -0.00111613539048, 0.00903937127441]]
    },
    "spectral_contrast_coeffs": {
        "mean": [-0.569157123566, -0.672884643078, -0.765460073948, -0.83150434494, -0.83314961195, -0.807931780815],
        "var": [0.0159413330257, 0.019137006253, 0.0110786985606, 0.00319059751928, 0.00220998842269, 0.00145186879672]
    },
    "spectral_contrast_valleys": {
        "mean": [-7.92042636871, -8.48132705688, -9.61914539337, -10.6199712753, -10.1867856979, -12.2526302338],
        "var": [0.637325882912, 0.926286876202, 1.15947043896, 1.04162955284, 1.10085737705, 0.761023819447]
    }
},
"metadata": {
    "audio_properties": {
        "analysis_sample_rate": 44100,
        "bit_rate": 128074,
        "equal_loudness": 0,
        "length": 45.0612258911,
        "lossless": 0,
        "replay_gain": -5.82061004639,
        "sample_rate": 44100,
        "codec": "mp3",
        "downmix": "mix",
        "md5_encoded": "9531b85e9ba3f249625a197dd44f8ef5"
    },
    "tags": {
        "file_name": "1026.mp3"
    },
    "version": {
        "essentia": "2.1-beta2",
        "essentia_git_sha": "v2.1_beta2",
        "extractor": "music 1.0"
    }
},
"rhythm": {
    "beats_count": 74,
    "beats_loudness": {
        "mean": 0.0296926666051,
        "var": 0.000476074725157
    },
    "bpm": 100.910072327,
    "bpm_histogram_first_peak_bpm": {
        "mean": 101,
        "var": 0
    },
    "bpm_histogram_first_peak_spread": {
        "mean": 0.647058844566,
        "var": 0
    },
    "bpm_histogram_first_peak_weight": {
        "mean": 0.0821917802095,
        "var": 0
    },
    "bpm_histogram_second_peak_bpm": {
        "mean": 136,
        "var": 0
    },
    "bpm_histogram_second_peak_spread": {
        "mean": 0.5,
        "var": 0
    },
    "bpm_histogram_second_peak_weight": {
        "mean": 0.0821917802095,
        "var": 0
    },
    "danceability": 1.02701866627,
    "onset_rate": 2.37347698212,
    "beats_loudness_band_ratio": {
        "mean": [0.628668069839, 0.311504006386, 0.0990680977702, 0.0292103867978, 0.00204371847212, 0.00631821900606],
        "var": [0.138831406832, 0.0808130949736, 0.0251624546945, 0.00929646752775, 3.92831207137e-005, 0.00148537650239]
    },
    "beats_position": [0.452789098024, 0.905578196049, 1.35836732388, 1.79954648018, 2.24072551727, 2.68190479279, 3.12308382988, 3.5758728981, 4.02866220474, 4.45823097229, 4.8994102478, 5.34058952332, 5.7701587677, 6.26938772202, 6.76861667633, 7.26784563065, 7.75546455383, 8.24308395386, 8.75392246246, 9.27637195587, 9.78721046448, 10.3096599579, 10.8437185287, 11.3777770996, 11.9582767487, 12.5503854752, 13.1424942017, 13.7578229904, 14.3499317169, 14.9420404434, 15.5225391388, 16.114648819, 16.7299766541, 17.3453063965, 18.0767345428, 18.8197727203, 19.6324710846, 20.4335594177, 21.2230377197, 22.0125160217, 22.7903842926, 23.5682544708, 24.3229026794, 25.0891609192, 25.8321990967, 26.5752372742, 27.2602272034, 27.9452152252, 28.6766433716, 29.4080715179, 30.1278915405, 30.8593196869, 31.5791378021, 32.2873458862, 32.9955558777, 33.6921539307, 34.3655319214, 35.0273017883, 35.6658477783, 36.3160095215, 36.9777755737, 37.5698852539, 38.1736030579, 38.7773246765, 39.3810424805, 39.9615402222, 40.5420417786, 41.1225395203, 41.6798171997, 42.2022666931, 42.7363243103, 43.2587738037, 43.8160552979, 44.350112915]
},
"tonal": {
    "chords_changes_rate": 0.0864197537303,
    "chords_number_rate": 0.0102880662307,
    "chords_strength": {
        "mean": 0.445788353682,
        "var": 0.0148661620915
    },
    "hpcp_entropy": {
        "mean": 1.4405425787,
        "var": 0.613179147243
    },
    "key_strength": 0.606413722038,
    "tuning_diatonic_strength": 0.496520787477,
    "tuning_equal_tempered_deviation": 0.148750990629,
    "tuning_frequency": 456.04309082,
    "tuning_nontempered_energy_ratio": 0.698712408543,
    "hpcp": {
        "mean": [0.0331083014607, 0.0381624549627, 0.306110471487, 0.567040026188, 0.308327049017, 0.039081543684, 0.0366769842803, 0.0417373366654, 0.0437967330217, 0.0559466741979, 0.0637237504125, 0.061311494559, 0.0646147504449, 0.0667176023126, 0.0430156774819, 0.0151946721599, 0.0066668074578, 0.00704445317388, 0.00740173272789, 0.00627850508317, 0.0117312464863, 0.024729937315, 0.0307092517614, 0.0587107464671, 0.107391409576, 0.11298533529, 0.0902541577816, 0.076471246779, 0.0554395355284, 0.0304370876402, 0.0229694247246, 0.0212749317288, 0.0195047259331, 0.0234508682042, 0.028358489275, 0.0332259833813],
        "var": [0.0214212983847, 0.0169838778675, 0.0678655430675, 0.191448435187, 0.0707297325134, 0.0218899380416, 0.0258819013834, 0.0283947438002, 0.026919381693, 0.033893097192, 0.0420474782586, 0.0380015186965, 0.042155560106, 0.0429771915078, 0.0230026971549, 0.00718660466373, 0.00247446540743, 0.00402103224769, 0.00483463238925, 0.00227394979447, 0.00603352487087, 0.0179233010858, 0.0186420138925, 0.0360222049057, 0.0767917856574, 0.0725003257394, 0.0555887036026, 0.048779848963, 0.0359369181097, 0.0155574725941, 0.0144969150424, 0.0122901406139, 0.00990462675691, 0.0134282428771, 0.0169323310256, 0.0192405320704]
    },
    "chords_histogram": [25.6172847748, 0, 6.58436203003, 1.64609050751, 0.720164597034, 0, 4.42386817932, 7.71604919434, 0, 7.30452680588, 6.37860059738, 0.102880656719, 0, 0, 0.308641970158, 0, 0.411522626877, 1.95473253727, 0, 0, 0, 0.308641970158, 2.88065838814, 33.6419754028],
    "thpcp": [1, 0.543748319149, 0.0689220204949, 0.0646814703941, 0.0736056268215, 0.0772374644876, 0.0986644178629, 0.11237963289, 0.108125515282, 0.113950952888, 0.117659419775, 0.0758600383997, 0.0267964713275, 0.0117572080344, 0.0124232023954, 0.0130532812327, 0.0110724195838, 0.0206885691732, 0.043612331152, 0.054157115519, 0.10353898257, 0.189389467239, 0.199254602194, 0.159167170525, 0.134860396385, 0.0977700576186, 0.0536771416664, 0.0405075885355, 0.0375192761421, 0.0343974418938, 0.0413566380739, 0.0500114411116, 0.05859548226, 0.0583879426122, 0.0673011690378, 0.539839267731],
    "chords_key": "F#",
    "chords_scale": "major",
    "key_key": "A#",
    "key_scale": "minor"
}
}