{
"lowlevel": {
    "average_loudness": 0.976827681065,
    "barkbands_crest": {
        "mean": 9.58392238617,
        "var": 9.13369274139
    },
    "barkbands_flatness_db": {
        "mean": 0.129373043776,
        "var": 0.00140268879477
    },
    "barkbands_kurtosis": {
        "mean": 2.55968046188,
        "var": 9.77605342865
    },
    "barkbands_skewness": {
        "mean": 1.55402386189,
        "var": 0.465153485537
    },
    "barkbands_spread": {
        "mean": 20.142791748,
        "var": 70.7094497681
    },
    "dissonance": {
        "mean": 0.472969472408,
        "var": 0.000301729422063
    },
    "dynamic_complexity": 1.21463596821,
    "erbbands_crest": {
        "mean": 7.13974809647,
        "var": 12.2109622955
    },
    "erbbands_flatness_db": {
        "mean": 0.151556104422,
        "var": 0.000957540469244
    },
    "erbbands_kurtosis": {
        "mean": -0.287969708443,
        "var": 0.660247504711
    },
    "erbbands_skewness": {
        "mean": 0.0273602958769,
        "var": 0.222451746464
    },
    "erbbands_spread": {
        "mean": 38.7076950073,
        "var": 114.158119202
    },
    "hfc": {
        "mean": 21.7836875916,
        "var": 174.564254761
    },
    "melbands_crest": {
        "mean": 14.8720664978,
        "var": 19.298789978
    },
    "melbands_flatness_db": {
        "mean": 0.199908971786,
        "var": 0.00200678082183
    },
    "melbands_kurtosis": {
        "mean": 9.65390396118,
        "var": 54.9235572815
    },
    "melbands_skewness": {
        "mean": 2.6620953083,
        "var": 0.793820619583
    },
    "melbands_spread": {
        "mean": 20.034784317,
        "var": 116.688362122
    },
    "pitch_salience": {
        "mean": 0.593159615993,
        "var": 0.00656154192984
    },
    "silence_rate_20dB": {
        "mean": 1,
        "var": 0
    },
    "silence_rate_30dB": {
        "mean": 1,
        "var": 0
    },
    "silence_rate_60dB": {
        "mean": 0.00154479919001,
        "var": 0.00154241069686
    },
    "spectral_centroid": {
        "mean": 1165.57702637,
        "var": 226649.703125
    },
    "spectral_complexity": {
        "mean": 25.7646751404,
        "var": 53.9113578796
    },
    "spectral_decrease": {
        "mean": -8.66692140278e-009,
        "var": 1.11032685234e-017
    },
    "spectral_energy": {
        "mean": 0.0346868187189,
        "var": 0.000177557085408
    },
    "spectral_energyband_high": {
        "mean": 0.000604017870501,
        "var": 6.13544045791e-007
    },
    "spectral_energyband_low": {
        "mean": 0.011931322515,
        "var": 6.49921057629e-005
    },
    "spectral_energyband_middle_high": {
        "mean": 0.00708804791793,
        "var": 2.52184890996e-005
    },
    "spectral_energyband_middle_low": {
        "mean": 0.0162748396397,
        "var": 7.3108531069e-005
    },
    "spectral_entropy": {
        "mean": 7.53299188614,
        "var": 0.0746764540672
    },
    "spectral_flux": {
        "mean": 0.0956654548645,
        "var": 0.00085502571892
    },
    "spectral_kurtosis": {
        "mean": 5.02923202515,
        "var": 5.46030426025
    },
    "spectral_rms": {
        "mean": 0.00570492073894,
        "var": 1.29457760067e-006
    },
    "spectral_rolloff": {
        "mean": 1167.15905762,
        "var": 646240.75
    },
    "spectral_skewness": {
        "mean": 1.60179305077,
        "var": 0.158609122038
    },
    "spectral_spread": {
        "mean": 3902050.5,
        "var": 2.09543036928e+012
    },
    "spectral_strongpeak": {
        "mean": 0.707223534584,
        "var": 0.724578678608
    },
    "zerocrossingrate": {
        "mean": 0.0484492182732,
        "var": 0.000435842754086
    },
    "barkbands": {
        "mean": [5.25542964169e-005, 0.00212810118683, 0.00900018680841, 0.00220531714149, 0.00804863590747, 0.00225376780145, 0.00097939488478, 0.00114639825188, 0.000922653067391, 0.00157835893333, 0.00114231370389, 0.000468813144835, 0.000646088214125, 0.000605071894825, 0.000508660508785, 0.000716999405995, 0.000719460076652, 0.00033861445263, 0.000434990943177, 0.000347004970536, 0.000140091928188, 0.000106097031676, 8.02826398285e-005, 5.43620080862e-005, 3.86537103623e-005, 2.25432104344e-005, 1.40129532156e-006],
        "var": [1.02821902104e-008, 2.47439902523e-006, 4.89217309223e-005, 7.65886125009e-006, 3.20731123793e-005, 6.53482538837e-006, 1.22411972825e-006, 9.30503688323e-007, 1.22940002711e-006, 5.49435753783e-006, 3.41474083143e-006, 2.83671880652e-007, 6.85641850851e-007, 2.24659331138e-007, 1.75691937443e-007, 3.26746271639e-006, 1.64261598457e-006, 1.70634280039e-007, 2.88241523094e-007, 1.73796252056e-007, 4.03801543314e-008, 5.12532736252e-008, 1.61063979931e-008, 9.0419094434e-009, 4.94814544894e-009, 1.8604825458e-009, 8.91265620334e-012]
    },
    "erbbands": {
        "mean": [0.0155019713566, 0.81686425209, 9.24485588074, 8.05622005463, 23.2877254486, 24.6864624023, 14.7822618484, 19.2582416534, 14.5971746445, 18.9971313477, 22.3049221039, 25.6520042419, 41.5924835205, 41.1056747437, 46.2777252197, 22.0118045807, 32.75730896, 29.1606712341, 28.6980190277, 22.8216190338, 53.0212974548, 33.3767929077, 17.6967658997, 26.8132286072, 17.2188472748, 16.7005939484, 9.0003080368, 3.92596435547, 3.69287753105, 3.11375570297, 2.23402810097, 1.35090923309, 0.818792045116, 0.475009948015, 0.254905074835, 0.118330672383, 0.0372905135155, 0.00621305266395, 0.000167508202139, 4.52822132502e-005],
        "var": [0.000160519615747, 0.302119493484, 47.0543479919, 36.0309333801, 426.639251709, 354.780212402, 233.063400269, 425.351196289, 338.924804688, 216.647644043, 383.263793945, 873.846191406, 6525.18505859, 2173.46777344, 5152.56787109, 518.44909668, 1617.9979248, 598.677978516, 351.39163208, 574.854614258, 16687.7148438, 3014.99267578, 289.209960938, 1194.69213867, 365.269683838, 382.73248291, 177.077285767, 27.3880939484, 54.1255149841, 36.8417549133, 13.2422485352, 4.93227815628, 2.53641223907, 0.757063984871, 0.237507641315, 0.0540771707892, 0.00503993686289, 0.000141228752909, 9.06022776803e-008, 3.90131205119e-010]
    },
    "gfcc": {
        "mean": [28.1961345673, 113.426940918, -125.935028076, 32.6701927185, -53.247379303, 9.76958942413, -39.4932632446, 3.22398543358, -32.1407318115, -8.42366886139, -20.3653869629, -7.94371271133, -14.897819519],
        "cov": [[2180.46142578, -664.223022461, 35.9425582886, 104.612716675, -144.515762329, -8.63005065918, -71.1102828979, 54.9125328064, -124.417366028, 112.498123169, -139.566864014, 119.741958618, -98.8870620728], [-664.223022461, 858.900268555, -267.068817139, 36.1209793091, 147.041809082, -42.4309425354, 112.334587097, -70.056602478, 115.352333069, -140.666549683, 137.309051514, -162.26550293, 114.528511047], [35.9425582886, -267.068817139, 430.831176758, -101.926895142, -39.6270561218, 88.0333786011, -82.3980865479, 38.1593780518, -49.5336837769, 61.9801101685, -73.4912109375, 68.9365234375, -76.2323074341], [104.612716675, 36.1209793091, -101.926895142, 157.686462402, 19.7607383728, -33.0011482239, 30.1323413849, -17.6006698608, 31.4161186218, -19.1516704559, 17.9076004028, -24.6302776337, 23.1439304352], [-144.515762329, 147.041809082, -39.6270561218, 19.7607383728, 118.496887207, -4.74718999863, 16.3192272186, -1.61815822124, 16.6988372803, -15.3740110397, 15.5871086121, -27.2163963318, 11.0828866959], [-8.63005065918, -42.4309425354, 88.0333786011, -33.0011482239, -4.74718999863, 96.8822784424, 8.26498222351, 3.00799775124, -5.61453962326, 5.96855735779, -5.87471342087, 5.64351415634, -26.2441482544], [-71.1102828979, 112.334587097, -82.3980865479, 30.1323413849, 16.3192272186, 8.26498222351, 94.5980682373, 0.234486684203, 6.66304206848, -26.3389434814, 23.078660965, -28.304101944, 14.3665657043], [54.9125328064, -70.056602478, 38.1593780518, -17.6006698608, -1.61815822124, 3.00799775124, 0.234486684203, 56.8852462769, 3.57216095924, 9.38668346405, -20.3112373352, 11.9027433395, -12.0806598663], [-124.417366028, 115.352333069, -49.5336837769, 31.4161186218, 16.6988372803, -5.61453962326, 6.66304206848, 3.57216095924, 77.0814971924, -11.2692108154, 15.3818941116, -28.0150604248, 19.4671535492], [112.498123169, -140.666549683, 61.9801101685, -19.1516704559, -15.3740110397, 5.96855735779, -26.3389434814, 9.38668346405, -11.2692108154, 71.2169723511, -11.4883584976, 26.7808437347, -29.0918235779], [-139.566864014, 137.309051514, -73.4912109375, 17.9076004028, 15.5871086121, -5.87471342087, 23.078660965, -20.3112373352, 15.3818941116, -11.4883584976, 66.1855239868, -19.7603225708, 16.1799316406], [119.741958618, -162.26550293, 68.9365234375, -24.6302776337, -27.2163963318, 5.64351415634, -28.304101944, 11.9027433395, -28.0150604248, 26.7808437347, -19.7603225708, 71.799079895, -13.5721092224], [-98.8870620728, 114.528511047, -76.2323074341, 23.1439304352, 11.0828866959, -26.2441482544, 14.3665657043, -12.0806598663, 19.4671535492, -29.0918235779, 16.1799316406, -13.5721092224, 64.7786941528]],
        "icov": [[0.000967358297203, -0.000928574707359, 0.00108530244324, -0.00198932993226, 0.00139898061752, -0.00112726248335, 0.00129917787854, -0.00162963336334, 0.00238262955099, -0.00187826668844, 0.00271032936871, -0.00141600938514, 0.00128509174101], [-0.000928574707359, 0.010148961097, -0.00324077438563, 0.00777904642746, -0.00738956127316, 0.00557039771229, -0.00637628091499, 0.00829811021686, -0.0102948872373, 0.0107894074172, -0.0128387371078, 0.01040055044, -0.00614609289914], [0.00108530244324, -0.00324077438563, 0.00691372109577, -0.00287451315671, 0.00298117147759, -0.00619091186672, 0.00571780512109, -0.00487158400938, 0.00561443762854, -0.00519309006631, 0.0079932063818, -0.00493883900344, 0.00430409936234], [-0.00198932993226, 0.00777904642746, -0.00287451315671, 0.0163353215903, -0.0072561847046, 0.00753703061491, -0.00832075439394, 0.0103822704405, -0.0131026720628, 0.00972680188715, -0.0110486801714, 0.00816146377474, -0.00515710934997], [0.00139898061752, -0.00738956127316, 0.00298117147759, -0.0072561847046, 0.0154636278749, -0.00462697958574, 0.00515713868663, -0.0078517049551, 0.00834989268333, -0.00802816823125, 0.00928660482168, -0.00513525819406, 0.00466267857701], [-0.00112726248335, 0.00557039771229, -0.00619091186672, 0.00753703061491, -0.00462697958574, 0.0194560345262, -0.00948130432516, 0.00833360664546, -0.00955261010677, 0.00825755205005, -0.00907851103693, 0.00543572101742, 0.000768845842686], [0.00129917787854, -0.00637628091499, 0.00571780512109, -0.00832075439394, 0.00515713868663, -0.00948130432516, 0.0215170234442, -0.0112540805712, 0.0115930205211, -0.00513537880033, 0.00622462620959, -0.00308358902112, 0.00337273930199], [-0.00162963336334, 0.00829811021686, -0.00487158400938, 0.0103822704405, -0.0078517049551, 0.00833360664546, -0.0112540805712, 0.0312311649323, -0.0157600715756, 0.00913483463228, -0.00547662284225, 0.00496369227767, -0.00231469748542], [0.00238262955099, -0.0102948872373, 0.00561443762854, -0.0131026720628, 0.00834989268333, -0.00955261010677, 0.0115930205211, -0.0157600715756, 0.0315285883844, -0.0137252686545, 0.0127633316442, -0.00461522024125, 0.00252428883687], [-0.00187826668844, 0.0107894074172, -0.00519309006631, 0.00972680188715, -0.00802816823125, 0.00825755205005, -0.00513537880033, 0.00913483463228, -0.0137252686545, 0.0327844396234, -0.0168172642589, 0.00647867936641, 0.000438015384134], [0.00271032936871, -0.0128387371078, 0.0079932063818, -0.0110486801714, 0.00928660482168, -0.00907851103693, 0.00622462620959, -0.00547662284225, 0.0127633316442, -0.0168172642589, 0.040583640337, -0.0134360324591, 0.008181611076], [-0.00141600938514, 0.01040055044, -0.00493883900344, 0.00816146377474, -0.00513525819406, 0.00543572101742, -0.00308358902112, 0.00496369227767, -0.00461522024125, 0.00647867936641, -0.0134360324591, 0.0331191644073, -0.00999594945461], [0.00128509174101, -0.00614609289914, 0.00430409936234, -0.00515710934997, 0.00466267857701, 0.000768845842686, 0.00337273930199, -0.00231469748542, 0.00252428883687, 0.000438015384134, 0.008181611076, -0.00999594945461, 0.0288071706891]]
    },
    "melbands": {
        "mean": [0.000327326764818, 0.00349467340857, 0.00186307122931, 0.00201153592207, 0.000586180656683, 0.00043343991274, 0.00021119324083, 0.000225554758799, 0.00017961145204, 0.000147146129166, 0.000204790994758, 0.000160385679919, 0.000174304062966, 6.05651803198e-005, 6.65668048896e-005, 6.05226305197e-005, 5.52907622478e-005, 4.51779051218e-005, 4.01599681936e-005, 2.56493367488e-005, 7.56305162213e-005, 4.01897814299e-005, 1.63715012604e-005, 1.74903943844e-005, 2.29886554735e-005, 1.31801743919e-005, 1.23271856864e-005, 1.06184197648e-005, 6.0044330894e-006, 3.62214200322e-006, 1.82266251159e-006, 1.96777091332e-006, 2.26402244152e-006, 1.52065808834e-006, 1.38174493713e-006, 9.95504024104e-007, 7.52219762035e-007, 6.04087460943e-007, 4.43457253141e-007, 3.87455685313e-007],
        "var": [5.88905884058e-008, 6.27795861874e-006, 1.7347076664e-006, 2.16451826418e-006, 2.54564270108e-007, 2.18604156998e-007, 6.89559485068e-008, 3.07576613068e-008, 2.56594283599e-008, 2.92464790164e-008, 1.68413151869e-007, 3.755156186e-008, 8.42807139634e-008, 4.37691616284e-009, 6.52015108571e-009, 6.05397332265e-009, 2.18026752208e-009, 1.0079294066e-009, 1.31002120263e-009, 2.1861397137e-009, 3.81790101756e-008, 5.37785904697e-009, 2.40599651313e-010, 5.08030117974e-010, 9.95740379039e-010, 2.60296006971e-010, 2.26822546856e-010, 1.72816108646e-010, 9.58742529811e-011, 2.97211560918e-011, 6.85139878859e-012, 1.30684386923e-011, 4.05152821015e-011, 5.99367213847e-012, 5.50493374843e-012, 3.45454242469e-012, 1.5467583811e-012, 1.34598593122e-012, 7.96245773309e-013, 5.24801502168e-013]
    },
    "mfcc": {
        "mean": [-609.922363281, 139.845230103, -10.1729030609, 25.3886432648, 5.46607017517, 4.57172107697, 2.55530786514, 4.55542135239, -6.38009548187, 1.95841383934, -8.65525722504, -6.46962547302, -5.43643379211],
        "cov": [[1542.96911621, -549.29864502, -30.1464691162, 116.431335449, -109.82258606, -15.4737167358, -10.1943473816, -38.5296669006, 16.8794384003, -63.1058654785, 7.73069763184, 18.96849823, 26.5695514679], [-549.29864502, 638.604125977, -145.884765625, 12.0574321747, 63.1723899841, 12.8157749176, 41.1290245056, 34.4782295227, -4.43133115768, 62.0375556946, -22.0250396729, -4.11577177048, -10.2675199509], [-30.1464691162, -145.884765625, 329.012084961, -106.530082703, 25.8841743469, 11.263130188, -23.4821281433, 1.04691445827, -1.18382370472, -19.4804821014, 26.1116504669, -22.2046222687, -19.119178772], [116.431335449, 12.0574321747, -106.530082703, 164.19720459, -3.80745196342, -3.10361909866, -0.347551763058, -1.81430459023, 13.7377300262, 3.97873330116, -12.8069648743, 13.7032642365, 11.9983062744], [-109.82258606, 63.1723899841, 25.8841743469, -3.80745196342, 101.187789917, 9.78464221954, -13.0179824829, 0.861168324947, 4.90680027008, 9.53684711456, 0.237091168761, 1.58583831787, 7.76254272461], [-15.4737167358, 12.8157749176, 11.263130188, -3.10361909866, 9.78464221954, 74.1393661499, 18.6427574158, 5.69869852066, -6.34662818909, 4.34612131119, 13.4242506027, 2.03891301155, -2.68995833397], [-10.1943473816, 41.1290245056, -23.4821281433, -0.347551763058, -13.0179824829, 18.6427574158, 80.0049057007, 15.0071001053, -10.528295517, 2.85601472855, 5.57754611969, 0.938924908638, -8.84631061554], [-38.5296669006, 34.4782295227, 1.04691445827, -1.81430459023, 0.861168324947, 5.69869852066, 15.0071001053, 63.265789032, 12.6773462296, 4.73087930679, 2.61146116257, -6.81537628174, -3.79542684555], [16.8794384003, -4.43133115768, -1.18382370472, 13.7377300262, 4.90680027008, -6.34662818909, -10.528295517, 12.6773462296, 58.7451667786, 10.1580972672, -10.2978849411, 0.584366798401, -0.171694412827], [-63.1058654785, 62.0375556946, -19.4804821014, 3.97873330116, 9.53684711456, 4.34612131119, 2.85601472855, 4.73087930679, 10.1580972672, 57.3053207397, 10.0055189133, -2.46286177635, -2.72607421875], [7.73069763184, -22.0250396729, 26.1116504669, -12.8069648743, 0.237091168761, 13.4242506027, 5.57754611969, 2.61146116257, -10.2978849411, 10.0055189133, 58.4847602844, 6.59566164017, -11.0114545822], [18.96849823, -4.11577177048, -22.2046222687, 13.7032642365, 1.58583831787, 2.03891301155, 0.938924908638, -6.81537628174, 0.584366798401, -2.46286177635, 6.59566164017, 47.4871101379, 15.3226108551], [26.5695514679, -10.2675199509, -19.119178772, 11.9983062744, 7.76254272461, -2.68995833397, -8.84631061554, -3.79542684555, -0.171694412827, -2.72607421875, -11.0114545822, 15.3226108551, 49.6315002441]],
        "icov": [[0.0010917118052, 0.000922892126255, 0.000271912373137, -0.000638601370156, 0.000484588264953, -3.15259858326e-005, -0.000298916100292, 0.000254869257333, -0.000345036562067, 0.00034800908179, -0.000232736347243, 0.000141898461152, -0.000323193409713], [0.000922892126255, 0.00316230556928, 0.00136181944981, -2.03586732823e-005, -0.00135171320289, -8.91914532986e-005, -0.000967699510511, -0.000930845038965, 0.000679594522808, -0.00188290595543, 0.00122422445565, -6.55883850413e-005, 0.00084337266162], [0.000271912373137, 0.00136181944981, 0.00510526681319, 0.00266965827905, -0.00176799832843, -0.000669055676553, 0.000854249286931, -0.000369166809833, -0.000653980532661, 0.00118930789176, -0.00141101353802, 0.00155786820687, 0.00109078362584], [-0.000638601370156, -2.03586732823e-005, 0.00266965827905, 0.00851482152939, -0.000839832006022, -0.000399575190386, 0.000489284924697, -7.94340958237e-005, -0.0014789524721, -0.000111237626697, 0.000660469697323, -0.000991218723357, -6.02147447353e-005], [0.000484588264953, -0.00135171320289, -0.00176799832843, -0.000839832006022, 0.012423700653, -0.00173334835563, 0.00217289850116, 0.00057933566859, -0.00102742819581, -0.000523080700077, -0.00041106613935, -0.000296195066767, -0.00265459739603], [-3.15259858326e-005, -8.91914532986e-005, -0.000669055676553, -0.000399575190386, -0.00173334835563, 0.0153667246923, -0.00359575473703, -0.00058250100119, 0.000985998078249, -0.000517665350344, -0.00271061435342, -0.000388715066947, -0.00025061215274], [-0.000298916100292, -0.000967699510511, 0.000854249286931, 0.000489284924697, 0.00217289850116, -0.00359575473703, 0.0157972257584, -0.00370004423894, 0.00302146095783, -7.73310894147e-005, 6.59582728986e-005, -0.00136009242851, 0.00260936771519], [0.000254869257333, -0.000930845038965, -0.000369166809833, -7.94340958237e-005, 0.00057933566859, -0.00058250100119, -0.00370004423894, 0.0188138633966, -0.00564580364153, 0.00125278928317, -0.00242584198713, 0.00334280054085, -0.00131589989178], [-0.000345036562067, 0.000679594522808, -0.000653980532661, -0.0014789524721, -0.00102742819581, 0.000985998078249, 0.00302146095783, -0.00564580364153, 0.0214275252074, -0.00558158895001, 0.0055323485285, -0.00271613756195, 0.00258536520414], [0.00034800908179, -0.00188290595543, 0.00118930789176, -0.000111237626697, -0.000523080700077, -0.000517665350344, -7.73310894147e-005, 0.00125278928317, -0.00558158895001, 0.022534456104, -0.00663405703381, 0.00303551694378, -0.00114559603389], [-0.000232736347243, 0.00122422445565, -0.00141101353802, 0.000660469697323, -0.00041106613935, -0.00271061435342, 6.59582728986e-005, -0.00242584198713, 0.0055323485285, -0.00663405703381, 0.0230998210609, -0.00649256259203, 0.00620247144252], [0.000141898461152, -6.55883850413e-005, 0.00155786820687, -0.000991218723357, -0.000296195066767, -0.000388715066947, -0.00136009242851, 0.00334280054085, -0.00271613756195, 0.00303551694378, -0.00649256259203, 0.0264286044985, -0.00865368638188], [-0.000323193409713, 0.00084337266162, 0.00109078362584, -6.02147447353e-005, -0.00265459739603, -0.00025061215274, 0.00260936771519, -0.00131589989178, 0.00258536520414, -0.00114559603389, 0.00620247144252, -0.00865368638188, 0.0256905630231]]
    },
    "spectral_contrast_coeffs": {
        "mean": [-0.558705210686, -0.761412203312, -0.764426529408, -0.781077265739, -0.768336772919, -0.765743076801],
        "var": [0.00326192146167, 0.00247031194158, 0.00213613873348, 0.00102818710729, 0.00148898852058, 0.00147579947952]
    },
    "spectral_contrast_valleys": {
        "mean": [-6.99290752411, -6.19014310837, -6.71621131897, -7.18412065506, -7.27129936218, -10.1628131866],
        "var": [0.419736623764, 0.359510302544, 0.344120889902, 0.386349022388, 0.548358738422, 0.651582896709]
    }
},
"metadata": {
    "audio_properties": {
        "analysis_sample_rate": 44100,
        "bit_rate": 128074,
        "equal_loudness": 0,
        "length": 45.0612258911,
        "lossless": 0,
        "replay_gain": -3.21229743958,
        "sample_rate": 44100,
        "codec": "mp3",
        "downmix": "mix",
        "md5_encoded": "528a45b1998027a30ea1d398bd3cfb3b"
    },
    "tags": {
        "file_name": "1027.mp3"
    },
    "version": {
        "essentia": "2.1-beta2",
        "essentia_git_sha": "v2.1_beta2",
        "extractor": "music 1.0"
    }
},
"rhythm": {
    "beats_count": 79,
    "beats_loudness": {
        "mean": 0.0393303968012,
        "var": 0.000149483967107
    },
    "bpm": 106.321922302,
    "bpm_histogram_first_peak_bpm": {
        "mean": 105,
        "var": 0
    },
    "bpm_histogram_first_peak_spread": {
        "mean": 0.418918937445,
        "var": 0
    },
    "bpm_histogram_first_peak_weight": {
        "mean": 0.551282048225,
        "var": 0
    },
    "bpm_histogram_second_peak_bpm": {
        "mean": 112,
        "var": 0
    },
    "bpm_histogram_second_peak_spread": {
        "mean": 0.5,
        "var": 0
    },
    "bpm_histogram_second_peak_weight": {
        "mean": 0.0256410259753,
        "var": 0
    },
    "danceability": 1.21523165703,
    "onset_rate": 3.48257827759,
    "beats_loudness_band_ratio": {
        "mean": [0.46060615778, 0.247453808784, 0.13889978826, 0.127211347222, 0.0774365290999, 0.0486724451184],
        "var": [0.0250154957175, 0.0125613911077, 0.00613704603165, 0.0078995320946, 0.00457816524431, 0.000719770963769]
    },
    "beats_position": [0.510838985443, 1.03328800201, 1.5673469305, 2.10140585899, 2.65868473053, 3.21596360207, 3.78485250473, 4.35374164581, 4.92263031006, 5.4915189743, 6.06040811539, 6.62929677963, 7.19818592072, 7.75546455383, 8.33596324921, 8.90485286713, 9.47374153137, 10.0426301956, 10.6115188599, 11.1687984467, 11.7376871109, 12.3065757751, 12.8754644394, 13.4327430725, 14.0016326904, 14.5589113235, 15.1161899567, 15.6734695435, 16.2539672852, 16.8228569031, 17.391746521, 17.9606342316, 18.5295238495, 19.0984115601, 19.667301178, 20.2245807648, 20.7934684753, 21.3623580933, 21.9196376801, 22.4885253906, 23.0574150085, 23.6030826569, 24.1603622437, 24.7176418304, 25.286529541, 25.8438091278, 26.4126987457, 26.9815864563, 27.5388660431, 28.1077537537, 28.6650333405, 29.2223129272, 29.7912006378, 30.3484802246, 30.9173698425, 31.4862575531, 32.0551452637, 32.6240348816, 33.1813163757, 33.7385940552, 34.2958717346, 34.8647613525, 35.4336509705, 36.0025405884, 36.5714263916, 37.1287078857, 37.6859855652, 38.2432632446, 38.8005447388, 39.3578224182, 39.9267120361, 40.4956016541, 41.0528793335, 41.6101570129, 42.1674385071, 42.7247161865, 43.2936058044, 43.8624954224, 44.4313812256]
},
"tonal": {
    "chords_changes_rate": 0.0483539104462,
    "chords_number_rate": 0.00411522621289,
    "chords_strength": {
        "mean": 0.488164871931,
        "var": 0.00429136585444
    },
    "hpcp_entropy": {
        "mean": 2.28527188301,
        "var": 0.439162552357
    },
    "key_strength": 0.525987029076,
    "tuning_diatonic_strength": 0.481285661459,
    "tuning_equal_tempered_deviation": 0.0913735404611,
    "tuning_frequency": 441.527557373,
    "tuning_nontempered_energy_ratio": 0.714232802391,
    "hpcp": {
        "mean": [0.57935076952, 0.419939100742, 0.168358370662, 0.0889907553792, 0.0620861575007, 0.0728507786989, 0.112383976579, 0.107834607363, 0.108100600541, 0.13188560307, 0.0879394635558, 0.050163641572, 0.0603259578347, 0.0561407618225, 0.0594582110643, 0.0685528069735, 0.0529070012271, 0.0377548262477, 0.0313154533505, 0.0368418209255, 0.113950833678, 0.231182664633, 0.20090174675, 0.093233384192, 0.0565477795899, 0.0479263700545, 0.0466513931751, 0.0491725616157, 0.0762670114636, 0.208858117461, 0.358433544636, 0.265736818314, 0.110060237348, 0.0837307199836, 0.1255749017, 0.359818339348],
        "var": [0.164889484644, 0.107607036829, 0.0557008348405, 0.0361558049917, 0.0261594410986, 0.0139629505575, 0.0199150964618, 0.0235430430621, 0.0195382386446, 0.0257120933384, 0.0152776381001, 0.0050863684155, 0.00779361324385, 0.00948079209775, 0.0089001590386, 0.00817965716124, 0.00843458343297, 0.00644480343908, 0.00453740172088, 0.00523363193497, 0.0179250258952, 0.0471104569733, 0.044693313539, 0.0259906779975, 0.0186445619911, 0.0162724032998, 0.0135851958767, 0.00997981708497, 0.0218960437924, 0.0638097003102, 0.145627185702, 0.0894638523459, 0.0310713071376, 0.0252129025757, 0.0438489057124, 0.108344115317]
    },
    "chords_histogram": [0, 0, 68.1069946289, 9.25925922394, 5.45267486572, 0.205761313438, 0, 0, 0, 16.563785553, 0, 0, 0, 0, 0, 0, 0, 0, 0, 0, 0.411522626877, 0, 0, 0],
    "thpcp": [1, 0.724844276905, 0.290598332882, 0.153604269028, 0.107165053487, 0.125745549798, 0.193982616067, 0.186130076647, 0.186589211226, 0.227643787861, 0.151789665222, 0.0865859612823, 0.104126825929, 0.0969028845429, 0.102629035711, 0.118326947093, 0.0913211926818, 0.0651674717665, 0.0540526658297, 0.0635915622115, 0.196687117219, 0.399037480354, 0.346770495176, 0.160927355289, 0.0976054295897, 0.0827242732048, 0.0805235728621, 0.0848752856255, 0.131642207503, 0.360503733158, 0.618681371212, 0.458680361509, 0.189971670508, 0.144525080919, 0.21675106883, 0.621071636677],
    "chords_key": "A",
    "chords_scale": "minor",
    "key_key": "D",
    "key_scale": "minor"
}
}