{
"lowlevel": {
    "average_loudness": 0.958900272846,
    "barkbands_crest": {
        "mean": 12.5411834717,
        "var": 21.4308280945
    },
    "barkbands_flatness_db": {
        "mean": 0.193264469504,
        "var": 0.00641941046342
    },
    "barkbands_kurtosis": {
        "mean": 20.1926136017,
        "var": 1314.98925781
    },
    "barkbands_skewness": {
        "mean": 2.67734289169,
        "var": 7.1577796936
    },
    "barkbands_spread": {
        "mean": 17.1007537842,
        "var": 233.888458252
    },
    "dissonance": {
        "mean": 0.471659213305,
        "var": 0.000510519137606
    },
    "dynamic_complexity": 2.88594841957,
    "erbbands_crest": {
        "mean": 11.990480423,
        "var": 28.7667827606
    },
    "erbbands_flatness_db": {
        "mean": 0.185602277517,
        "var": 0.00133719900623
    },
    "erbbands_kurtosis": {
        "mean": 2.20708608627,
        "var": 23.0116329193
    },
    "erbbands_skewness": {
        "mean": 0.257590174675,
        "var": 2.04000997543
    },
    "erbbands_spread": {
        "mean": 40.0090179443,
        "var": 492.433837891
    },
    "hfc": {
        "mean": 17.4999256134,
        "var": 668.779907227
    },
    "melbands_crest": {
        "mean": 18.0270862579,
        "var": 34.0085258484
    },
    "melbands_flatness_db": {
        "mean": 0.262829601765,
        "var": 0.0116156367585
    },
    "melbands_kurtosis": {
        "mean": 48.1593132019,
        "var": 4112.06933594
    },
    "melbands_skewness": {
        "mean": 4.45983219147,
        "var": 10.2264995575
    },
    "melbands_spread": {
        "mean": 22.9740467072,
        "var": 902.903320313
    },
    "pitch_salience": {
        "mean": 0.4767152071,
        "var": 0.0238747093827
    },
    "silence_rate_20dB": {
        "mean": 1,
        "var": 0
    },
    "silence_rate_30dB": {
        "mean": 1,
        "var": 0
    },
    "silence_rate_60dB": {
        "mean": 0.0576725043356,
        "var": 0.0543465912342
    },
    "spectral_centroid": {
        "mean": 1102.41931152,
        "var": 779720.5
    },
    "spectral_complexity": {
        "mean": 12.417096138,
        "var": 94.868270874
    },
    "spectral_decrease": {
        "mean": -5.9479385861e-009,
        "var": 1.58634878078e-017
    },
    "spectral_energy": {
        "mean": 0.0240362267941,
        "var": 0.000248511409154
    },
    "spectral_energyband_high": {
        "mean": 0.000838100502733,
        "var": 7.75492753746e-006
    },
    "spectral_energyband_low": {
        "mean": 0.0110271116719,
        "var": 0.000125592108816
    },
    "spectral_energyband_middle_high": {
        "mean": 0.00461980048567,
        "var": 6.27928311587e-005
    },
    "spectral_energyband_middle_low": {
        "mean": 0.0109057612717,
        "var": 0.000124324389617
    },
    "spectral_entropy": {
        "mean": 7.20679283142,
        "var": 0.378571152687
    },
    "spectral_flux": {
        "mean": 0.0802902057767,
        "var": 0.00191601517145
    },
    "spectral_kurtosis": {
        "mean": 5.159471035,
        "var": 19.6514186859
    },
    "spectral_rms": {
        "mean": 0.00452092615888,
        "var": 3.01122759083e-006
    },
    "spectral_rolloff": {
        "mean": 1184.90075684,
        "var": 2191863.25
    },
    "spectral_skewness": {
        "mean": 1.56625759602,
        "var": 0.361409187317
    },
    "spectral_spread": {
        "mean": 3852214.5,
        "var": 879041118208
    },
    "spectral_strongpeak": {
        "mean": 1.18221497536,
        "var": 3.98446583748
    },
    "zerocrossingrate": {
        "mean": 0.0460042916238,
        "var": 0.00174503959715
    },
    "barkbands": {
        "mean": [8.04223673185e-005, 0.00140693993308, 0.00623446609825, 0.00487470580265, 0.00474136089906, 0.000347747089108, 0.00032327932422, 0.000325139000779, 0.000204251948162, 0.000214483152376, 0.000144810968777, 0.000299653242109, 0.000412379973568, 0.000370745401597, 0.000834681850392, 0.00146720150951, 0.000500563997775, 0.0002212417603, 0.000137680617627, 0.000134055371745, 0.000257048086496, 0.000198438036023, 0.000146352555021, 0.000122747223941, 2.59284479398e-005, 9.26548727875e-006, 6.3806817252e-007],
        "var": [3.47290232128e-008, 6.33937588645e-006, 5.43920250493e-005, 4.1630853957e-005, 6.62031379761e-005, 5.65796085539e-007, 6.30664885648e-007, 7.29385703835e-007, 2.77460742382e-007, 3.95516906337e-007, 1.87670849527e-007, 9.30822579903e-007, 1.78800928552e-006, 1.10898497496e-006, 6.00924931859e-006, 2.01974671654e-005, 1.79841265435e-006, 2.35058550402e-007, 6.7281838767e-008, 8.55695319046e-008, 9.01596934e-007, 4.12714911135e-007, 3.65659957424e-007, 2.87988740411e-007, 7.37268690543e-009, 1.27022792284e-009, 6.68846401874e-012]
    },
    "erbbands": {
        "mean": [0.0206549111754, 0.458283752203, 5.02322530746, 15.5090446472, 18.0739612579, 13.1094903946, 3.76233959198, 2.87169718742, 4.90041589737, 5.28440093994, 6.59948682785, 4.95307064056, 6.55425214767, 5.49149656296, 8.56956481934, 13.1070957184, 18.3758983612, 17.8835811615, 41.4727630615, 44.0488204956, 84.9882507324, 26.2134628296, 12.9635810852, 8.62016391754, 6.71532297134, 6.39841413498, 9.43282699585, 10.0144996643, 7.73287296295, 4.91237068176, 4.16016435623, 3.46038222313, 1.44364190102, 0.418299376965, 0.129999145865, 0.0495327189565, 0.0149725042284, 0.00282443291508, 8.11647987575e-005, 3.1393556128e-005],
        "var": [0.00200860225596, 0.483291834593, 31.3084545135, 319.077819824, 748.645080566, 743.376708984, 56.6076278687, 50.6099319458, 141.545639038, 195.726806641, 231.444671631, 133.466278076, 293.92755127, 355.142150879, 939.280029297, 877.432739258, 3824.77148438, 1610.73266602, 12410.1181641, 13778.4589844, 65201.296875, 4102.0546875, 738.314880371, 410.249664307, 127.035514832, 186.616317749, 1118.76257324, 1409.42199707, 633.869995117, 308.404663086, 322.841522217, 265.791351318, 30.7730731964, 1.97645962238, 0.196395620704, 0.0353439338505, 0.00340334163047, 0.000122051453218, 7.08816543238e-008, 6.01448113535e-010]
    },
    "gfcc": {
        "mean": [-53.3802108765, 103.303604126, -116.347373962, 56.3294029236, -37.6553115845, 15.6706399918, -40.9358444214, -7.69451761246, -20.3753662109, -11.2728281021, -25.3267173767, -12.1284399033, -15.9385700226],
        "cov": [[5893.50390625, -1938.41333008, -1051.62609863, -175.118392944, -651.72454834, 236.290267944, -367.791564941, 270.027954102, -18.7599086761, 350.77331543, -168.687698364, 253.291442871, -76.8824310303], [-1938.41333008, 1864.62316895, 536.11541748, -133.536773682, 330.484863281, -295.70880127, 234.972763062, -198.645736694, 77.4944610596, -281.48425293, 125.309783936, -191.428207397, 82.6484298706], [-1051.62609863, 536.11541748, 764.38092041, 203.085403442, 81.7565612793, -62.7801094055, 121.934326172, -101.386688232, -12.040561676, -147.169754028, 40.9104232788, -82.3759765625, 35.4984550476], [-175.118392944, -133.536773682, 203.085403442, 328.722290039, 75.3776092529, 11.2749986649, 15.7591028214, -26.7474937439, -35.4588165283, -7.20069885254, 2.4259288311, -12.8060808182, 1.85190272331], [-651.72454834, 330.484863281, 81.7565612793, 75.3776092529, 397.961700439, -31.8863277435, 24.3338699341, -73.7267608643, -25.1409511566, -10.7492837906, -21.468132019, -83.8279190063, -5.48818969727], [236.290267944, -295.70880127, -62.7801094055, 11.2749986649, -31.8863277435, 231.321960449, 1.02998650074, 41.5822639465, 24.3040618896, 24.8763942719, -12.3648586273, 7.4508728981, -30.4627285004], [-367.791564941, 234.972763062, 121.934326172, 15.7591028214, 24.3338699341, 1.02998650074, 218.928207397, 43.1962051392, -38.1470718384, -55.5245094299, 18.3613491058, -41.3169784546, -16.3583889008], [270.027954102, -198.645736694, -101.386688232, -26.7474937439, -73.7267608643, 41.5822639465, 43.1962051392, 127.702156067, 11.1630182266, 26.83152771, -8.64398479462, 25.7317657471, -29.2848339081], [-18.7599086761, 77.4944610596, -12.040561676, -35.4588165283, -25.1409511566, 24.3040618896, -38.1470718384, 11.1630182266, 160.712295532, 14.3081617355, 10.4410905838, -1.59244561195, -1.81612455845], [350.77331543, -281.48425293, -147.169754028, -7.20069885254, -10.7492837906, 24.8763942719, -55.5245094299, 26.83152771, 14.3081617355, 148.302078247, -5.64940452576, 22.8214454651, -22.3384876251], [-168.687698364, 125.309783936, 40.9104232788, 2.4259288311, -21.468132019, -12.3648586273, 18.3613491058, -8.64398479462, 10.4410905838, -5.64940452576, 82.9231796265, 5.98667907715, 1.03761303425], [253.291442871, -191.428207397, -82.3759765625, -12.8060808182, -83.8279190063, 7.4508728981, -41.3169784546, 25.7317657471, -1.59244561195, 22.8214454651, 5.98667907715, 106.058700562, 14.9253263474], [-76.8824310303, 82.6484298706, 35.4984550476, 1.85190272331, -5.48818969727, -30.4627285004, -16.3583889008, -29.2848339081, -1.81612455845, -22.3384876251, 1.03761303425, 14.9253263474, 72.9162597656]],
        "icov": [[0.000338299723808, 1.19939086289e-005, 0.00025488313986, -9.99744515866e-005, 0.000473505700938, -0.000101137098682, 0.000335534481565, -0.000214990534005, 0.000208856814425, -0.000294694240438, 0.00051128823543, -1.45821622937e-005, 0.000114504531666], [1.19939086289e-005, 0.0041716764681, -0.00087053788593, 0.00300540216267, -0.00264902645722, 0.00337694888003, -0.00342696439475, 0.00316456821747, -0.00344114843756, 0.00407052086666, -0.00446661841124, 0.00234725791961, -0.00191035098396], [0.00025488313986, -0.00087053788593, 0.00288098864257, -0.00214285613038, 0.00122673483565, -0.000483894109493, -0.00020990917983, 0.000772210943978, 0.000269720243523, 0.000412115419749, 0.000812558922917, 0.000388516113162, 0.000102425459772], [-9.99744515866e-005, 0.00300540216267, -0.00214285613038, 0.00632098596543, -0.00280468328856, 0.0018788985908, -0.00208411249332, 0.00194066204131, -0.0015553975245, 0.00214278395288, -0.0033704417292, 0.00101743452251, -0.00128612457775], [0.000473505700938, -0.00264902645722, 0.00122673483565, -0.00280468328856, 0.00590574601665, -0.00199212692678, 0.00201406376436, -0.000281421060208, 0.00256018410437, -0.00340469600633, 0.00457812193781, 0.000628537440207, 0.00175383477472], [-0.000101137098682, 0.00337694888003, -0.000483894109493, 0.0018788985908, -0.00199212692678, 0.00772747443989, -0.0030533040408, 0.00189488101751, -0.00367428339086, 0.00328804599121, -0.00306048430502, 0.00183223141357, -7.68487916503e-006], [0.000335534481565, -0.00342696439475, -0.00020990917983, -0.00208411249332, 0.00201406376436, -0.0030533040408, 0.0110129844397, -0.00784081034362, 0.00519496481866, -0.00161607621703, 0.0020012082532, 0.000619060709141, 0.00207002204843], [-0.000214990534005, 0.00316456821747, 0.000772210943978, 0.00194066204131, -0.000281421060208, 0.00189488101751, -0.00784081034362, 0.0167437512428, -0.00450316490605, 0.00197620224208, -0.00120917765889, -0.00115340540651, 0.00224378705025], [0.000208856814425, -0.00344114843756, 0.000269720243523, -0.0015553975245, 0.00256018410437, -0.00367428339086, 0.00519496481866, -0.00450316490605, 0.0102766836062, -0.00389442034066, 0.00250223232433, -0.000607234193012, 0.00119496975094], [-0.000294694240438, 0.00407052086666, 0.000412115419749, 0.00214278395288, -0.00340469600633, 0.00328804599121, -0.00161607621703, 0.00197620224208, -0.00389442034066, 0.0138297500089, -0.0055474746041, 0.00184787088074, 0.000209499397897], [0.00051128823543, -0.00446661841124, 0.000812558922917, -0.0033704417292, 0.00457812193781, -0.00306048430502, 0.0020012082532, -0.00120917765889, 0.00250223232433, -0.0055474746041, 0.0192953366786, -0.00447832047939, 0.00332611077465], [-1.45821622937e-005, 0.00234725791961, 0.000388516113162, 0.00101743452251, 0.000628537440207, 0.00183223141357, 0.000619060709141, -0.00115340540651, -0.000607234193012, 0.00184787088074, -0.00447832047939, 0.0155597263947, -0.00497271446511], [0.000114504531666, -0.00191035098396, 0.000102425459772, -0.00128612457775, 0.00175383477472, -7.68487916503e-006, 0.00207002204843, 0.00224378705025, 0.00119496975094, 0.000209499397897, 0.00332611077465, -0.00497271446511, 0.0185420569032]]
    },
    "melbands": {
        "mean": [0.000278257444734, 0.00201668567024, 0.00265826005489, 0.00126002856996, 0.000171833075001, 6.7340231908e-005, 7.14378984412e-005, 6.14349919488e-005, 5.0265705795e-005, 3.01709424093e-005, 3.25087494275e-005, 2.19068169827e-005, 2.33486862271e-005, 3.56101954821e-005, 3.36637785949e-005, 4.07689221902e-005, 3.07199989038e-005, 6.27948029432e-005, 5.80156229262e-005, 7.68304817029e-005, 0.000102458281617, 2.86038739432e-005, 1.24774014694e-005, 1.099749079e-005, 6.40392272544e-006, 5.05086791236e-006, 4.16216971644e-006, 4.17115916207e-006, 5.57452904104e-006, 6.38220262772e-006, 5.50589402337e-006, 4.4911207624e-006, 3.46016668118e-006, 2.45179307967e-006, 2.3173961381e-006, 2.52341237683e-006, 1.92378865904e-006, 1.15167358672e-006, 5.18538627148e-007, 2.88103024104e-007],
        "var": [2.83701467652e-007, 4.91808577863e-006, 8.2281021605e-006, 4.62475645691e-006, 1.59941535571e-007, 2.53093404012e-008, 2.94568813786e-008, 2.84772259107e-008, 1.40120528513e-008, 5.28265520217e-009, 7.48069695078e-009, 6.43315090088e-009, 6.10874062446e-009, 1.40452849351e-008, 1.33029107729e-008, 1.6756368737e-008, 6.07299366351e-009, 2.97519182624e-008, 3.40308190516e-008, 5.70309310888e-008, 1.01443760059e-007, 6.11862782662e-009, 1.13185061323e-009, 5.30372079588e-010, 2.87239093621e-010, 7.90710968923e-011, 7.43257053126e-011, 8.34676633366e-011, 3.65678154424e-010, 6.42847330923e-010, 4.09422135084e-010, 2.13493348e-010, 1.39320097126e-010, 8.72141525665e-011, 1.02427552551e-010, 1.43349290771e-010, 8.32621055435e-011, 2.02247593672e-011, 3.3558548735e-012, 9.29918468617e-013]
    },
    "mfcc": {
        "mean": [-693.500732422, 121.63444519, -4.10566616058, 41.0120429993, 21.7247505188, 23.2598609924, -5.22223615646, 5.20952558517, 0.907513082027, -0.0150395752862, -7.17884302139, -1.58821713924, -8.57572460175],
        "cov": [[6489.90039063, -2087.23657227, -687.049316406, -663.470336914, -388.928497314, -202.319885254, -365.255065918, -140.380325317, 33.3890228271, 49.8342552185, -1.54423677921, 90.9639434814, 127.860748291], [-2087.23657227, 1899.22473145, 158.007369995, 232.547149658, 95.8765258789, -20.0702476501, 85.9079055786, 47.3215751648, -31.0782032013, -22.2682056427, -28.7093963623, -74.9791030884, -45.9815101624], [-687.049316406, 158.007369995, 636.290100098, 142.548309326, -19.4184875488, 30.2025566101, 35.7568778992, 87.8195037842, -26.0698719025, -22.0973529816, -28.7404670715, 4.48876857758, -59.397315979], [-663.470336914, 232.547149658, 142.548309326, 410.11151123, 89.8695144653, 28.4561653137, 104.528038025, -16.7632579803, -8.03936290741, -44.3087081909, -11.6750268936, -19.1925086975, -28.2342567444], [-388.928497314, 95.8765258789, -19.4184875488, 89.8695144653, 263.327880859, 104.837677002, -16.8844108582, -46.1098251343, 4.44298505783, 18.4104156494, -15.8343410492, -35.9136123657, 15.0247964859], [-202.319885254, -20.0702476501, 30.2025566101, 28.4561653137, 104.837677002, 158.773590088, 34.6205558777, -6.61376476288, 11.9765987396, 21.7404136658, 8.34938621521, -16.5281505585, -0.0450230576098], [-365.255065918, 85.9079055786, 35.7568778992, 104.528038025, -16.8844108582, 34.6205558777, 238.234573364, 36.7618904114, 6.99021530151, -9.05406284332, 16.1557044983, 1.84457206726, -40.0276031494], [-140.380325317, 47.3215751648, 87.8195037842, -16.7632579803, -46.1098251343, -6.61376476288, 36.7618904114, 161.824584961, 13.8080863953, -3.41607952118, 8.6145658493, 14.0589265823, -14.5892305374], [33.3890228271, -31.0782032013, -26.0698719025, -8.03936290741, 4.44298505783, 11.9765987396, 6.99021530151, 13.8080863953, 92.5102005005, 25.6737613678, 6.02634859085, -2.11933732033, 12.7397375107], [49.8342552185, -22.2682056427, -22.0973529816, -44.3087081909, 18.4104156494, 21.7404136658, -9.05406284332, -3.41607952118, 25.6737613678, 99.2372512817, 27.5244121552, 2.29892086983, 2.20415377617], [-1.54423677921, -28.7093963623, -28.7404670715, -11.6750268936, -15.8343410492, 8.34938621521, 16.1557044983, 8.6145658493, 6.02634859085, 27.5244121552, 89.374458313, 36.6919403076, 6.88892793655], [90.9639434814, -74.9791030884, 4.48876857758, -19.1925086975, -35.9136123657, -16.5281505585, 1.84457206726, 14.0589265823, -2.11933732033, 2.29892086983, 36.6919403076, 96.8177719116, 21.3609790802], [127.860748291, -45.9815101624, -59.397315979, -28.2342567444, 15.0247964859, -0.0450230576098, -40.0276031494, -14.5892305374, 12.7397375107, 2.20415377617, 6.88892793655, 21.3609790802, 88.5687332153]],
        "icov": [[0.000334458483849, 0.000299392821034, 0.000237364933128, 0.000118290823593, 0.000392786692828, 8.45170361572e-005, 0.000282446562778, 0.000114685033623, 1.73610824277e-005, -0.00012554920977, 0.000237486921833, -3.57799808626e-006, -6.75389746903e-005], [0.000299392821034, 0.000883372907992, 0.000124762256746, -0.000130549960886, 4.67388454126e-005, 0.000486722856294, 9.54073911998e-005, -0.000145959944348, 0.000229004523135, -0.000199197602342, 0.000131477921968, 0.000466518569738, -7.0876943937e-005], [0.000237364933128, 0.000124762256746, 0.0023309532553, -0.000831424549688, 0.000915314885788, -0.000927478889935, 0.000771391962189, -0.00109768717084, 0.000586205569562, -0.00036662328057, 0.00119495962281, -0.000734465953428, 0.00104133936111], [0.000118290823593, -0.000130549960886, -0.000831424549688, 0.00391760515049, -0.00157817162108, 0.000874878081959, -0.00161720940378, 0.00106761755887, -0.000528644304723, 0.00174629734829, -0.000547753064893, 0.000152089050971, 0.000204392563319], [0.000392786692828, 4.67388454126e-005, 0.000915314885788, -0.00157817162108, 0.00735824555159, -0.00443994160742, 0.00181766203605, 0.000854892423376, 0.000407654966693, -0.00142369489186, 0.00158081261907, 0.00080208608415, -0.00105985626578], [8.45170361572e-005, 0.000486722856294, -0.000927478889935, 0.000874878081959, -0.00443994160742, 0.0102645624429, -0.00210634642281, 0.000117873780255, -0.000607264926657, -0.000767429592088, -0.00165473425295, 0.00138126371894, -0.000484518677695], [0.000282446562778, 9.54073911998e-005, 0.000771391962189, -0.00161720940378, 0.00181766203605, -0.00210634642281, 0.00620473967865, -0.00103738403413, -0.000459314062027, 0.00017714893329, -0.000398136675358, -0.00054777826881, 0.00219216570258], [0.000114685033623, -0.000145959944348, -0.00109768717084, 0.00106761755887, 0.000854892423376, 0.000117873780255, -0.00103738403413, 0.00780291343108, -0.00169592804741, 0.00072746083606, -0.000547273026314, -0.000684537633788, 0.000467868638225], [1.73610824277e-005, 0.000229004523135, 0.000586205569562, -0.000528644304723, 0.000407654966693, -0.000607264926657, -0.000459314062027, -0.00169592804741, 0.0126115130261, -0.00349947949871, 0.000571094686165, 0.000969253189396, -0.00224310392514], [-0.00012554920977, -0.000199197602342, -0.00036662328057, 0.00174629734829, -0.00142369489186, -0.000767429592088, 0.00017714893329, 0.00072746083606, -0.00349947949871, 0.0133667588234, -0.00445279385895, 0.000586331705563, 0.00120531138964], [0.000237486921833, 0.000131477921968, 0.00119495962281, -0.000547753064893, 0.00158081261907, -0.00165473425295, -0.000398136675358, -0.000547273026314, 0.000571094686165, -0.00445279385895, 0.015807710588, -0.00576761877164, 3.25743530993e-006], [-3.57799808626e-006, 0.000466518569738, -0.000734465953428, 0.000152089050971, 0.00080208608415, 0.00138126371894, -0.00054777826881, -0.000684537633788, 0.000969253189396, 0.000586331705563, -0.00576761877164, 0.0144505035132, -0.00388296367601], [-6.75389746903e-005, -7.0876943937e-005, 0.00104133936111, 0.000204392563319, -0.00105985626578, -0.000484518677695, 0.00219216570258, 0.000467868638225, -0.00224310392514, 0.00120531138964, 3.25743530993e-006, -0.00388296367601, 0.0145911173895]]
    },
    "spectral_contrast_coeffs": {
        "mean": [-0.557575702667, -0.771878063679, -0.808010995388, -0.781218528748, -0.790706455708, -0.737662494183],
        "var": [0.00638794573024, 0.00459501100704, 0.0039791604504, 0.00520288664848, 0.00281366589479, 0.00138041132595]
    },
    "spectral_contrast_valleys": {
        "mean": [-7.55282640457, -7.50563097, -7.98332500458, -7.91527748108, -7.96304702759, -10.889374733],
        "var": [0.494002282619, 0.630918562412, 0.604811012745, 0.698666095734, 0.81637853384, 1.35980522633]
    }
},
"metadata": {
    "audio_properties": {
        "analysis_sample_rate": 44100,
        "bit_rate": 128074,
        "equal_loudness": 0,
        "length": 45.0612258911,
        "lossless": 0,
        "replay_gain": -5.71250915527,
        "sample_rate": 44100,
        "codec": "mp3",
        "downmix": "mix",
        "md5_encoded": "ba8dfb8a666022f2a69a996e365304f1"
    },
    "tags": {
        "file_name": "1029.mp3",
        "album": ["Brave Nu World"],
        "artist": ["Little Howlin' Wolf"],
        "date": ["2005-08-23 00:00:00", "2005-08-23 00:00:00"],
        "genre": ["Blues"],
        "title": ["Big Ole Bear"],
        "tracknumber": ["0"]
    },
    "version": {
        "essentia": "2.1-beta2",
        "essentia_git_sha": "v2.1_beta2",
        "extractor": "music 1.0"
    }
},
"rhythm": {
    "beats_count": 102,
    "beats_loudness": {
        "mean": 0.0325142145157,
        "var": 0.000138793111546
    },
    "bpm": 136.12171936,
    "bpm_histogram_first_peak_bpm": {
        "mean": 136,
        "var": 0
    },
    "bpm_histogram_first_peak_spread": {
        "mean": 0.350000023842,
        "var": 0
    },
    "bpm_histogram_first_peak_weight": {
        "mean": 0.514851510525,
        "var": 0
    },
    "bpm_histogram_second_peak_bpm": {
        "mean": 129,
        "var": 0
    },
    "bpm_histogram_second_peak_spread": {
        "mean": 0,
        "var": 0
    },
    "bpm_histogram_second_peak_weight": {
        "mean": 0.0693069323897,
        "var": 0
    },
    "danceability": 1.45810472965,
    "onset_rate": 3.83749079704,
    "beats_loudness_band_ratio": {
        "mean": [0.65286231041, 0.180409654975, 0.040987841785, 0.0482173748314, 0.112222313881, 0.0447813570499],
        "var": [0.0778853818774, 0.0369740612805, 0.00362106971443, 0.00689062662423, 0.0341789498925, 0.0116110406816]
    },
    "beats_position": [0.359909296036, 0.731428563595, 1.09133780003, 1.46285712719, 1.82276642323, 2.18267560005, 2.54258489609, 2.90249419212, 3.27401351929, 3.64553284645, 4.01705217361, 4.45823097229, 4.8994102478, 5.34058952332, 5.79337835312, 6.24616765976, 6.68734693527, 7.12852573395, 7.56970500946, 8.01088428497, 8.45206356049, 8.893242836, 9.33442115784, 9.77560043335, 10.2167797089, 10.6579589844, 11.110748291, 11.5635375977, 12.0163259506, 12.4691152573, 12.9102945328, 13.3514738083, 13.7810430527, 14.2222223282, 14.66340065, 15.0929698944, 15.5225391388, 15.9521083832, 16.3932876587, 16.8344669342, 17.2756462097, 17.7284355164, 18.181224823, 18.6224040985, 19.0635814667, 19.4931507111, 19.9343299866, 20.3871192932, 20.8166885376, 21.246257782, 21.6874370575, 22.128616333, 22.5697956085, 23.010974884, 23.4521541595, 23.9049434662, 24.369342804, 24.8221302032, 25.2633094788, 25.7044887543, 26.1456680298, 26.5868473053, 27.0164165497, 27.4459857941, 27.8871650696, 28.3283443451, 28.7695236206, 29.199092865, 29.6286621094, 30.0698413849, 30.5110206604, 30.9521980286, 31.3933773041, 31.8345565796, 32.2757377625, 32.7169151306, 33.1697044373, 33.6224937439, 34.0636711121, 34.5048522949, 34.9460296631, 35.3872108459, 35.8283882141, 36.2579574585, 36.6875267029, 37.1170959473, 37.5466651917, 37.9878463745, 38.4058036804, 38.91664505, 39.427482605, 39.9615402222, 40.4259414673, 40.8903388977, 41.3547401428, 41.8191375732, 42.2603149414, 42.7014961243, 43.1658935547, 43.6302947998, 44.071472168, 44.5126533508]
},
"tonal": {
    "chords_changes_rate": 0.0853909477592,
    "chords_number_rate": 0.0154320988804,
    "chords_strength": {
        "mean": 0.488432973623,
        "var": 0.00613251887262
    },
    "hpcp_entropy": {
        "mean": 2.19398713112,
        "var": 0.616499841213
    },
    "key_strength": 0.600438117981,
    "tuning_diatonic_strength": 0.526117622852,
    "tuning_equal_tempered_deviation": 0.185303345323,
    "tuning_frequency": 432.441040039,
    "tuning_nontempered_energy_ratio": 0.892759203911,
    "hpcp": {
        "mean": [0.214316368103, 0.151569768786, 0.0855882465839, 0.0589918419719, 0.0551031455398, 0.0605887845159, 0.0663265660405, 0.0728689208627, 0.146276339889, 0.242317423224, 0.203330308199, 0.12587030232, 0.130154371262, 0.166677370667, 0.207575693727, 0.229722887278, 0.216482400894, 0.164117619395, 0.100387245417, 0.0562553480268, 0.0441052131355, 0.0499680377543, 0.0479211695492, 0.0557655021548, 0.0707389935851, 0.0617332607508, 0.066004537046, 0.108979456127, 0.122643195093, 0.123337730765, 0.142197400331, 0.134972289205, 0.121291533113, 0.110887028277, 0.113138444722, 0.178956821561],
        "var": [0.104027673602, 0.0579566881061, 0.0318286009133, 0.0211599264294, 0.0188211351633, 0.0229056216776, 0.0281763803214, 0.0227558277547, 0.0561875328422, 0.123251885176, 0.0898046270013, 0.0502666048706, 0.0624236613512, 0.0726150870323, 0.100335203111, 0.099674411118, 0.0973864495754, 0.0713026970625, 0.0439323671162, 0.0176386777312, 0.0138075277209, 0.0183859989047, 0.0143039822578, 0.0175367984921, 0.0315652601421, 0.0201843939722, 0.0209164824337, 0.0458622574806, 0.0533368512988, 0.0529158562422, 0.068932197988, 0.053705342114, 0.0504930652678, 0.0467893406749, 0.0421861894429, 0.0786049440503]
    },
    "chords_histogram": [0, 1.13168728352, 18.0041160583, 7.92181062698, 4.21810722351, 3.70370364189, 0, 8.23045253754, 5.96707820892, 28.8065853119, 2.88065838814, 2.26337456703, 1.33744859695, 0, 0, 0, 0, 0, 0, 4.42386817932, 1.54320991039, 3.80658435822, 5.76131677628, 0],
    "thpcp": [1, 0.839107275009, 0.519443869591, 0.537123441696, 0.68784725666, 0.856627166271, 0.948024630547, 0.893383562565, 0.677283585072, 0.414279937744, 0.232155606151, 0.182014212012, 0.206209018826, 0.197761967778, 0.230134099722, 0.291926980019, 0.254761964083, 0.272388726473, 0.449738413095, 0.50612616539, 0.508992433548, 0.586822867393, 0.557006120682, 0.500548124313, 0.45761063695, 0.466901808977, 0.738522291183, 0.884444713593, 0.625500917435, 0.353207141161, 0.243448615074, 0.227400675416, 0.250038921833, 0.273717701435, 0.300716817379, 0.603655874729],
    "chords_key": "D",
    "chords_scale": "major",
    "key_key": "G",
    "key_scale": "minor"
}
}