{
"lowlevel": {
    "average_loudness": 0.957720220089,
    "barkbands_crest": {
        "mean": 9.2823009491,
        "var": 12.6241569519
    },
    "barkbands_flatness_db": {
        "mean": 0.162993356586,
        "var": 0.00458097690716
    },
    "barkbands_kurtosis": {
        "mean": 4.5763258934,
        "var": 24.6228160858
    },
    "barkbands_skewness": {
        "mean": 1.68294513226,
        "var": 0.638469457626
    },
    "barkbands_spread": {
        "mean": 12.6606931686,
        "var": 39.1025505066
    },
    "dissonance": {
        "mean": 0.448380380869,
        "var": 0.00157551956363
    },
    "dynamic_complexity": 2.41311430931,
    "erbbands_crest": {
        "mean": 7.44989728928,
        "var": 8.77740955353
    },
    "erbbands_flatness_db": {
        "mean": 0.17324487865,
        "var": 0.00196033786051
    },
    "erbbands_kurtosis": {
        "mean": 0.730750620365,
        "var": 1.48300325871
    },
    "erbbands_skewness": {
        "mean": 0.513227283955,
        "var": 0.222281396389
    },
    "erbbands_spread": {
        "mean": 28.7802009583,
        "var": 126.667533875
    },
    "hfc": {
        "mean": 17.0410499573,
        "var": 145.468139648
    },
    "melbands_crest": {
        "mean": 13.4834899902,
        "var": 26.302822113
    },
    "melbands_flatness_db": {
        "mean": 0.24332433939,
        "var": 0.0070110661909
    },
    "melbands_kurtosis": {
        "mean": 9.38335990906,
        "var": 92.2773284912
    },
    "melbands_skewness": {
        "mean": 2.31699633598,
        "var": 0.944119870663
    },
    "melbands_spread": {
        "mean": 14.198718071,
        "var": 65.4165496826
    },
    "pitch_salience": {
        "mean": 0.602230966091,
        "var": 0.011396728456
    },
    "silence_rate_20dB": {
        "mean": 1,
        "var": 0
    },
    "silence_rate_30dB": {
        "mean": 0.989186406136,
        "var": 0.010696339421
    },
    "silence_rate_60dB": {
        "mean": 0.0396498441696,
        "var": 0.0380777306855
    },
    "spectral_centroid": {
        "mean": 694.774841309,
        "var": 139770.8125
    },
    "spectral_complexity": {
        "mean": 18.1843452454,
        "var": 39.5509529114
    },
    "spectral_decrease": {
        "mean": -8.83603945567e-009,
        "var": 3.35420050942e-017
    },
    "spectral_energy": {
        "mean": 0.034894939512,
        "var": 0.000514761020895
    },
    "spectral_energyband_high": {
        "mean": 0.000345306500094,
        "var": 3.32460786012e-007
    },
    "spectral_energyband_low": {
        "mean": 0.0101973349229,
        "var": 0.000120419092127
    },
    "spectral_energyband_middle_high": {
        "mean": 0.00567638035864,
        "var": 2.21877453441e-005
    },
    "spectral_energyband_middle_low": {
        "mean": 0.0211231037974,
        "var": 0.000226850723266
    },
    "spectral_entropy": {
        "mean": 7.10865783691,
        "var": 0.322216272354
    },
    "spectral_flux": {
        "mean": 0.0891973152757,
        "var": 0.00184881279711
    },
    "spectral_kurtosis": {
        "mean": 9.51038646698,
        "var": 106.412132263
    },
    "spectral_rms": {
        "mean": 0.00551917729899,
        "var": 3.58246074939e-006
    },
    "spectral_rolloff": {
        "mean": 833.908508301,
        "var": 356248.84375
    },
    "spectral_skewness": {
        "mean": 2.35464286804,
        "var": 0.845963060856
    },
    "spectral_spread": {
        "mean": 3867415.75,
        "var": 2.85351686963e+012
    },
    "spectral_strongpeak": {
        "mean": 0.637380063534,
        "var": 0.350868552923
    },
    "zerocrossingrate": {
        "mean": 0.0372396185994,
        "var": 0.000353239011019
    },
    "barkbands": {
        "mean": [0.000143695040606, 0.00310988537967, 0.00455489102751, 0.00475591700524, 0.00904732383788, 0.00260710995644, 0.00229434529319, 0.000767177785747, 0.00142787571531, 0.00126397295389, 0.00146652793046, 0.000807324191555, 0.000501800037455, 0.000627953850199, 0.000464824493974, 0.000337257777574, 0.000131077133119, 0.000117511139251, 6.83079342707e-005, 8.65770198288e-005, 7.11514439899e-005, 6.97442374076e-005, 6.14061718807e-005, 5.99317645538e-005, 4.03346421081e-005, 1.08144458864e-005, 2.30359489706e-007],
        "var": [8.13691798385e-008, 4.76085515402e-005, 2.82258824882e-005, 3.73997936549e-005, 8.63447130541e-005, 7.7013637565e-006, 4.96091979585e-006, 7.51833567847e-007, 1.54272288455e-006, 2.76240211861e-006, 2.3790951218e-006, 8.15041005353e-007, 3.30355362621e-007, 9.66359493759e-007, 8.40775840061e-007, 5.88565058024e-007, 5.66734819074e-008, 3.57186671351e-008, 1.01056034651e-008, 1.53526471536e-008, 1.1576649861e-008, 1.41425431366e-008, 1.44230334342e-008, 1.25862902323e-008, 6.58964038891e-009, 5.1622717212e-010, 4.04102478476e-013]
    },
    "erbbands": {
        "mean": [0.0845505222678, 0.776215672493, 4.16319322586, 12.2229585648, 27.2281780243, 26.6590595245, 26.034450531, 18.1014919281, 29.2813072205, 27.8738327026, 19.4026832581, 23.635723114, 43.6645240784, 50.8547592163, 46.7117233276, 31.6727581024, 21.6354808807, 25.8459186554, 34.744594574, 21.3383235931, 14.2147169113, 8.75892353058, 6.76157999039, 4.39364051819, 4.30384492874, 3.29617738724, 2.67841601372, 2.96179223061, 2.59843373299, 1.99506568909, 1.82583165169, 1.32297813892, 0.970581114292, 0.506787061691, 0.262472093105, 0.0753657370806, 0.015316080302, 0.00168244563974, 5.80762934987e-005, 4.19112802774e-005],
        "var": [0.034518558532, 2.64975881577, 20.1164340973, 164.588562012, 1090.98181152, 803.690307617, 794.390075684, 360.398254395, 771.251403809, 945.513366699, 388.919677734, 422.614349365, 1697.29077148, 2740.67919922, 2251.16870117, 1052.52368164, 472.153137207, 1048.47290039, 5311.63720703, 1568.02148438, 757.264099121, 195.489379883, 104.099777222, 47.4780044556, 31.2767066956, 29.1208782196, 20.0657272339, 19.5875148773, 19.1119155884, 14.3225603104, 12.6751022339, 6.46547031403, 3.16028881073, 1.05191063881, 0.27386572957, 0.0245612040162, 0.000976585550234, 1.31629240059e-005, 8.69740635068e-009, 7.84645570739e-010]
    },
    "gfcc": {
        "mean": [-9.38914871216, 130.928100586, -108.373519897, 17.2680721283, -65.046875, 19.5237197876, -40.7778167725, -2.761105299, -28.7362041473, -6.20484685898, -19.0891113281, -6.97472238541, -7.29729652405],
        "cov": [[9012.48925781, -1778.20397949, -1373.27770996, 267.495544434, -386.872833252, 537.702087402, -620.547668457, 87.1696395874, -565.074523926, 50.1554794312, -267.48260498, 187.877120972, -2.97934484482], [-1778.20397949, 1007.38391113, 171.523086548, -129.599716187, 192.198577881, -232.698867798, 193.304367065, -108.27041626, 188.244247437, -130.297866821, 112.726005554, -117.470535278, 89.0043411255], [-1373.27770996, 171.523086548, 853.159423828, 78.4689254761, -39.7915992737, 63.2281913757, 131.910736084, 30.9898834229, 103.875900269, 79.3775177002, 36.2564811707, 30.7220039368, -0.976181566715], [267.495544434, -129.599716187, 78.4689254761, 120.911697388, -14.3340444565, 56.69764328, 10.6587409973, 30.1731128693, -9.70335769653, 29.9706935883, 0.210499823093, 30.0661239624, 5.74930667877], [-386.872833252, 192.198577881, -39.7915992737, -14.3340444565, 154.221069336, -51.0190086365, 36.4931221008, 0.232927829027, 41.3575401306, -36.2551994324, 21.8562450409, -7.01115226746, 15.0315465927], [537.702087402, -232.698867798, 63.2281913757, 56.69764328, -51.0190086365, 170.801071167, -18.8577613831, 40.9320373535, -25.370141983, 40.8064575195, -18.233039856, 53.3672676086, -1.15682244301], [-620.547668457, 193.304367065, 131.910736084, 10.6587409973, 36.4931221008, -18.8577613831, 123.300369263, 12.2015180588, 49.0063400269, -7.58703565598, 37.8211746216, -6.3809762001, 12.9045267105], [87.1696395874, -108.27041626, 30.9898834229, 30.1731128693, 0.232927829027, 40.9320373535, 12.2015180588, 97.4745941162, 5.1440615654, 19.0006370544, -3.69285297394, 39.6449775696, -7.40988111496], [-565.074523926, 188.244247437, 103.875900269, -9.70335769653, 41.3575401306, -25.370141983, 49.0063400269, 5.1440615654, 104.313041687, 5.76379108429, 29.8233547211, -5.97880506516, 16.5725765228], [50.1554794312, -130.297866821, 79.3775177002, 29.9706935883, -36.2551994324, 40.8064575195, -7.58703565598, 19.0006370544, 5.76379108429, 96.6169052124, 3.22297644615, 22.0676136017, -16.506565094], [-267.48260498, 112.726005554, 36.2564811707, 0.210499823093, 21.8562450409, -18.233039856, 37.8211746216, -3.69285297394, 29.8233547211, 3.22297644615, 59.7648887634, 3.45999622345, 7.8473033905], [187.877120972, -117.470535278, 30.7220039368, 30.0661239624, -7.01115226746, 53.3672676086, -6.3809762001, 39.6449775696, -5.97880506516, 22.0676136017, 3.45999622345, 72.0242767334, 1.53061711788], [-2.97934484482, 89.0043411255, -0.976181566715, 5.74930667877, 15.0315465927, -1.15682244301, 12.9045267105, -7.40988111496, 16.5725765228, -16.506565094, 7.8473033905, 1.53061711788, 61.6254272461]],
        "icov": [[0.000468726182589, -0.000714213296305, 0.000777581648435, -0.00131073896773, 0.000779168622103, -0.00123318459373, 0.00157636136282, -0.000471521459986, 0.00140326225664, -0.000372936890926, 0.000637762597762, -0.000584120221902, 4.48264981969e-005], [-0.000714213296305, 0.00956453289837, -0.00279102078639, 0.00670821359381, -0.0047146785073, 0.00534482719377, -0.00776747148484, 0.0048736189492, -0.00818597711623, 0.00612518377602, -0.00673265848309, 0.005968243815, -0.00650442531332], [0.000777581648435, -0.00279102078639, 0.0034556966275, -0.00380632095039, 0.00282442057505, -0.0030676019378, 0.00171717128251, -0.00101449142676, 0.00176073948387, -0.00245106918737, 0.00269899121486, -0.0024786668364, 0.00183822633699], [-0.00131073896773, 0.00670821359381, -0.00380632095039, 0.0176325235516, -0.00476004183292, 0.00318976398557, -0.00848115794361, 0.00197601737455, -0.00470363348722, 0.00188040698413, -0.00524741224945, 0.00336738838814, -0.0058695464395], [0.000779168622103, -0.0047146785073, 0.00282442057505, -0.00476004183292, 0.0119721479714, -0.00166635611095, 0.00322106410749, -0.00293012917973, 0.00148881971836, -0.000251603603829, 0.00276753376238, -0.00463004224002, 0.00265229842626], [-0.00123318459373, 0.00534482719377, -0.0030676019378, 0.00318976398557, -0.00166635611095, 0.0145191000775, -0.00603428250179, 0.00179312110413, -0.00509912148118, 0.00180520082358, -0.00175120832864, -0.00134116911795, -0.00385590433143], [0.00157636136282, -0.00776747148484, 0.00171717128251, -0.00848115794361, 0.00322106410749, -0.00603428250179, 0.0229730643332, -0.00717190047726, 0.00660826871172, -0.00247388216667, -0.000785303942394, -0.00192973553203, 0.00324929994531], [-0.000471521459986, 0.0048736189492, -0.00101449142676, 0.00197601737455, -0.00293012917973, 0.00179312110413, -0.00717190047726, 0.017564361915, -0.00634821178392, 0.00248294346966, -0.000109733889985, -0.00440459931269, -0.000404324440751], [0.00140326225664, -0.00818597711623, 0.00176073948387, -0.00470363348722, 0.00148881971836, -0.00509912148118, 0.00660826871172, -0.00634821178392, 0.0246180146933, -0.00788837764412, 0.0022279242985, -0.00346021144651, 0.000820355140604], [-0.000372936890926, 0.00612518377602, -0.00245106918737, 0.00188040698413, -0.000251603603829, 0.00180520082358, -0.00247388216667, 0.00248294346966, -0.00788837764412, 0.0188537817448, -0.00655761640519, 0.0021635980811, -0.000214197454625], [0.000637762597762, -0.00673265848309, 0.00269899121486, -0.00524741224945, 0.00276753376238, -0.00175120832864, -0.000785303942394, -0.000109733889985, 0.0022279242985, -0.00655761640519, 0.0288761686534, -0.00932398345321, 0.00392921548337], [-0.000584120221902, 0.005968243815, -0.0024786668364, 0.00336738838814, -0.00463004224002, -0.00134116911795, -0.00192973553203, -0.00440459931269, -0.00346021144651, 0.0021635980811, -0.00932398345321, 0.0272154565901, -0.00600141612813], [4.48264981969e-005, -0.00650442531332, 0.00183822633699, -0.0058695464395, 0.00265229842626, -0.00385590433143, 0.00324929994531, -0.000404324440751, 0.000820355140604, -0.000214197454625, 0.00392921548337, -0.00600141612813, 0.0241225343198]]
    },
    "melbands": {
        "mean": [0.000822661328129, 0.00179205788299, 0.00253101671115, 0.00208674813621, 0.000945903360844, 0.000440891017206, 0.000447666679975, 0.000269979122095, 0.000156001973664, 0.000168449943885, 0.00022741239809, 0.000208540077438, 0.000185396464076, 9.67091546045e-005, 7.97715110821e-005, 3.89944689232e-005, 4.59485563624e-005, 6.07494257565e-005, 3.19939972542e-005, 2.1840158297e-005, 1.68480019056e-005, 8.55767484609e-006, 6.85113354848e-006, 5.25095538251e-006, 3.39463326782e-006, 2.64520508608e-006, 3.91399271393e-006, 1.75668333213e-006, 1.57640135967e-006, 1.75531215518e-006, 1.60059551035e-006, 1.52668974351e-006, 1.23608811009e-006, 1.04289858882e-006, 1.10122346086e-006, 8.81332084646e-007, 7.58929957101e-007, 7.0725701562e-007, 5.20702826634e-007, 3.98883400976e-007],
        "var": [3.53255813934e-006, 4.34019329987e-006, 6.74569355397e-006, 5.07265121996e-006, 9.64683977145e-007, 1.95781822754e-007, 1.7156686738e-007, 8.09058633422e-008, 2.42132447426e-008, 2.20786535721e-008, 4.8910681727e-008, 5.369203393e-008, 3.83482188226e-008, 1.44827261295e-008, 8.6291835899e-009, 2.95412805329e-009, 3.76460418394e-009, 1.8107082056e-008, 2.96009616818e-009, 2.63669819311e-009, 1.32636268635e-009, 2.21740903417e-010, 1.06674502565e-010, 7.73614922123e-011, 3.08431544194e-011, 1.47106441611e-011, 2.55400162824e-011, 1.4346876985e-011, 9.54103115958e-012, 6.59431450417e-012, 6.38462199776e-012, 6.85959665805e-012, 5.34595935228e-012, 4.30262379544e-012, 4.79629400432e-012, 3.10451013855e-012, 2.23058897741e-012, 1.65759918812e-012, 1.11293461426e-012, 6.87609040886e-013]
    },
    "mfcc": {
        "mean": [-651.806213379, 158.539093018, 13.8296327591, 4.40353107452, -0.829538822174, 9.5788192749, -0.43719291687, -0.0298286918551, -2.6005358696, -3.6711807251, -8.72565174103, -7.74533748627, -5.90225458145],
        "cov": [[8330.18554688, -1357.95092773, -1389.72009277, -344.371398926, -17.6934967041, 111.365089417, -60.3614425659, -54.5923156738, -203.857849121, -155.604751587, -206.802017212, -187.180374146, -203.64944458], [-1357.95092773, 897.973449707, 0.853469789028, 80.0096588135, 1.34595549107, -42.3950195313, -12.3457050323, 6.40869188309, 34.449256897, -0.729548752308, -20.0345115662, 1.79112315178, 21.4290657043], [-1389.72009277, 0.853469789028, 889.914428711, 70.2790222168, -5.89298629761, 84.9658126831, 49.446849823, 28.9307422638, 76.6190185547, 49.6925468445, 68.5851287842, 63.0421981812, 86.3753204346], [-344.371398926, 80.0096588135, 70.2790222168, 124.144302368, 14.1422519684, -13.4327459335, 19.9779186249, 9.84042167664, 16.1343193054, 5.1140499115, 11.0854129791, 7.82359790802, 21.2941226959], [-17.6934967041, 1.34595549107, -5.89298629761, 14.1422519684, 89.7779541016, 7.42188215256, -7.74211168289, 25.7252120972, 11.227142334, 6.8106546402, -1.45271253586, 2.3596906662, 9.19150352478], [111.365089417, -42.3950195313, 84.9658126831, -13.4327459335, 7.42188215256, 95.0355987549, 12.5199813843, -5.61684989929, 2.22728872299, 9.22726249695, 4.00014734268, -1.00908768177, 8.53185272217], [-60.3614425659, -12.3457050323, 49.446849823, 19.9779186249, -7.74211168289, 12.5199813843, 74.3551483154, 27.0253505707, 5.25375032425, -0.57746553421, 10.325750351, 5.01626014709, 8.9617061615], [-54.5923156738, 6.40869188309, 28.9307422638, 9.84042167664, 25.7252120972, -5.61684989929, 27.0253505707, 103.733261108, 20.69348526, -2.71654558182, 6.99665927887, 10.4641456604, 10.489979744], [-203.857849121, 34.449256897, 76.6190185547, 16.1343193054, 11.227142334, 2.22728872299, 5.25375032425, 20.69348526, 73.3502349854, 5.70708942413, 6.83558511734, 8.96319961548, 12.4650478363], [-155.604751587, -0.729548752308, 49.6925468445, 5.1140499115, 6.8106546402, 9.22726249695, -0.57746553421, -2.71654558182, 5.70708942413, 59.4284591675, 14.8874597549, 2.61184263229, 13.6830682755], [-206.802017212, -20.0345115662, 68.5851287842, 11.0854129791, -1.45271253586, 4.00014734268, 10.325750351, 6.99665927887, 6.83558511734, 14.8874597549, 72.8861541748, 24.2411365509, 0.659917831421], [-187.180374146, 1.79112315178, 63.0421981812, 7.82359790802, 2.3596906662, -1.00908768177, 5.01626014709, 10.4641456604, 8.96319961548, 2.61184263229, 24.2411365509, 54.5819244385, 12.727350235], [-203.64944458, 21.4290657043, 86.3753204346, 21.2941226959, 9.19150352478, 8.53185272217, 8.9617061615, 10.489979744, 12.4650478363, 13.6830682755, 0.659917831421, 12.727350235, 66.6371231079]],
        "icov": [[0.000302413885947, 0.000419548887294, 0.000432563276263, 0.000145675585372, 0.000110944267362, -0.00062118191272, 6.71282614348e-005, -0.000154075518367, 8.1170561316e-005, 0.000348506961018, 0.000417170784203, 0.000266722025117, 0.000119684147649], [0.000419548887294, 0.00182300584856, 0.000650303554721, -0.000602503539994, 0.000382362224627, -0.000521645066328, 0.000472824031021, -0.000265770911938, -0.000396080955397, 0.000439992669271, 0.00101393263321, 0.000299878622172, -4.57271016785e-005], [0.000432563276263, 0.000650303554721, 0.00235584005713, -0.000445083802333, 0.000857480452396, -0.00231460365467, -9.71775079961e-005, -0.000317422207445, -0.00112135359086, -7.93931394583e-005, -0.000208404570003, -0.000643384759314, -0.00120647111908], [0.000145675585372, -0.000602503539994, -0.000445083802333, 0.0104604288936, -0.00218960363418, 0.00227603805251, -0.00311215990223, 0.00106054684147, -0.000657813448925, 0.000505273928866, -0.00102885102388, 0.000755840388592, -0.00197947304696], [0.000110944267362, 0.000382362224627, 0.000857480452396, -0.00218960363418, 0.0136672509834, -0.00261854077689, 0.00367703940719, -0.00421224301681, -0.00112095579971, -0.0013783351751, 0.000748048478272, -0.000320167804603, -0.00103055650834], [-0.00062118191272, -0.000521645066328, -0.00231460365467, 0.00227603805251, -0.00261854077689, 0.0144107453525, -0.00309849553742, 0.00233298400417, 0.000158654962434, -0.00143777194899, -0.000754801731091, 0.00101884582546, -0.000813771388493], [6.71282614348e-005, 0.000472824031021, -9.71775079961e-005, -0.00311215990223, 0.00367703940719, -0.00309849553742, 0.0175214689225, -0.00530383735895, 0.000645749387331, 0.00095419108402, -0.00128744577523, 0.000587309128605, -0.000874507240951], [-0.000154075518367, -0.000265770911938, -0.000317422207445, 0.00106054684147, -0.00421224301681, 0.00233298400417, -0.00530383735895, 0.0129197202623, -0.00262992689386, 0.00108753831591, -0.00063963647699, -0.00120824412443, -0.000845339440275], [8.1170561316e-005, -0.000396080955397, -0.00112135359086, -0.000657813448925, -0.00112095579971, 0.000158654962434, 0.000645749387331, -0.00262992689386, 0.0163623932749, -0.00028323836159, 7.76909437263e-005, -0.000432907894719, -0.000420045224018], [0.000348506961018, 0.000439992669271, -7.93931394583e-005, 0.000505273928866, -0.0013783351751, -0.00143777194899, 0.00095419108402, 0.00108753831591, -0.00028323836159, 0.0199332684278, -0.00396486837417, 0.00262087071314, -0.00356165878475], [0.000417170784203, 0.00101393263321, -0.000208404570003, -0.00102885102388, 0.000748048478272, -0.000754801731091, -0.00128744577523, -0.00063963647699, 7.76909437263e-005, -0.00396486837417, 0.0189842768013, -0.00715889083222, 0.00379396486096], [0.000266722025117, 0.000299878622172, -0.000643384759314, 0.000755840388592, -0.000320167804603, 0.00101884582546, 0.000587309128605, -0.00120824412443, -0.000432907894719, 0.00262087071314, -0.00715889083222, 0.0240455754101, -0.00364281772636], [0.000119684147649, -4.57271016785e-005, -0.00120647111908, -0.00197947304696, -0.00103055650834, -0.000813771388493, -0.000874507240951, -0.000845339440275, -0.000420045224018, -0.00356165878475, 0.00379396486096, -0.00364281772636, 0.0195486228913]]
    },
    "spectral_contrast_coeffs": {
        "mean": [-0.558680891991, -0.745979905128, -0.751868367195, -0.759224295616, -0.777986168861, -0.775665938854],
        "var": [0.00671479525045, 0.00308535876684, 0.00287313573062, 0.00264796614647, 0.00249924231321, 0.00158260832541]
    },
    "spectral_contrast_valleys": {
        "mean": [-7.12235736847, -6.24335050583, -6.88860416412, -7.82739782333, -8.43241977692, -10.6248188019],
        "var": [0.89103102684, 0.766617834568, 1.11956369877, 1.34311032295, 1.36480867863, 1.87195599079]
    }
},
"metadata": {
    "audio_properties": {
        "analysis_sample_rate": 44100,
        "bit_rate": 128074,
        "equal_loudness": 0,
        "length": 45.0612258911,
        "lossless": 0,
        "replay_gain": -5.1473941803,
        "sample_rate": 44100,
        "codec": "mp3",
        "downmix": "mix",
        "md5_encoded": "78e5a931b0f21eb5b5a4bb31b01a8e09"
    },
    "tags": {
        "file_name": "1031.mp3"
    },
    "version": {
        "essentia": "2.1-beta2",
        "essentia_git_sha": "v2.1_beta2",
        "extractor": "music 1.0"
    }
},
"rhythm": {
    "beats_count": 70,
    "beats_loudness": {
        "mean": 0.0494246706367,
        "var": 0.000668709166348
    },
    "bpm": 94.8296890259,
    "bpm_histogram_first_peak_bpm": {
        "mean": 94,
        "var": 0
    },
    "bpm_histogram_first_peak_spread": {
        "mean": 0.521739125252,
        "var": 0
    },
    "bpm_histogram_first_peak_weight": {
        "mean": 0.478260874748,
        "var": 0
    },
    "bpm_histogram_second_peak_bpm": {
        "mean": 0,
        "var": 0
    },
    "bpm_histogram_second_peak_spread": {
        "mean": 0,
        "var": 0
    },
    "bpm_histogram_second_peak_weight": {
        "mean": 0,
        "var": 0
    },
    "danceability": 1.28734278679,
    "onset_rate": 3.10548377037,
    "beats_loudness_band_ratio": {
        "mean": [0.439890444279, 0.275891542435, 0.153364866972, 0.131060287356, 0.0654822587967, 0.0237274933606],
        "var": [0.0423754043877, 0.0164974052459, 0.00780167430639, 0.00519898394123, 0.00427452195436, 0.000377790362108]
    },
    "beats_position": [0.66176867485, 1.3235373497, 1.9620860815, 2.60063481331, 3.22757363319, 3.86612248421, 4.5046710968, 5.14321994781, 5.78176879883, 6.420317173, 7.05886602402, 7.6858048439, 8.31274318695, 8.93968200684, 9.56662082672, 10.1935596466, 10.8088884354, 11.4242172241, 12.0627660751, 12.7013149261, 13.3514738083, 14.0016326904, 14.6401815414, 15.2787294388, 15.9056682587, 16.5326080322, 17.1711559296, 17.8097057343, 18.4366436005, 19.0519733429, 19.6789112091, 20.3174591064, 20.94439888, 21.5713367462, 22.1982765198, 22.825214386, 23.4521541595, 24.0790920258, 24.7176418304, 25.3561897278, 25.9831295013, 26.6216773987, 27.2602272034, 27.8871650696, 28.5257129669, 29.1642627716, 29.8028106689, 30.4413604736, 31.079908371, 31.7184581757, 32.357006073, 32.9955558777, 33.6341018677, 34.2726516724, 34.8995895386, 35.5265312195, 36.1650772095, 36.8036270142, 37.4305648804, 38.0575065613, 38.6960525513, 39.334602356, 39.9615402222, 40.5884780884, 41.2038078308, 41.8191375732, 42.4460754395, 43.0730133057, 43.6999549866, 44.3268928528]
},
"tonal": {
    "chords_changes_rate": 0.0637860074639,
    "chords_number_rate": 0.00925925932825,
    "chords_strength": {
        "mean": 0.474938392639,
        "var": 0.0054764947854
    },
    "hpcp_entropy": {
        "mean": 2.16715240479,
        "var": 0.517912209034
    },
    "key_strength": 0.587397992611,
    "tuning_diatonic_strength": 0.529158949852,
    "tuning_equal_tempered_deviation": 0.0532983988523,
    "tuning_frequency": 448.467559814,
    "tuning_nontempered_energy_ratio": 0.730886876583,
    "hpcp": {
        "mean": [0.106586277485, 0.0677236691117, 0.118150986731, 0.174950018525, 0.134227082133, 0.185458034277, 0.252933502197, 0.19058868289, 0.114099413157, 0.0770277306437, 0.0770327225327, 0.186420753598, 0.244286239147, 0.134677782655, 0.0524921566248, 0.041065055877, 0.0572578907013, 0.182252898812, 0.293232113123, 0.194390460849, 0.0648922100663, 0.0295341573656, 0.0254043545574, 0.0364424474537, 0.0452315956354, 0.0773791745305, 0.216009035707, 0.304610610008, 0.202415883541, 0.0957265347242, 0.0689902901649, 0.0920468643308, 0.297477722168, 0.515089869499, 0.374890059233, 0.160224631429],
        "var": [0.0364253297448, 0.0194751955569, 0.0216920059174, 0.0541522055864, 0.0262699183077, 0.0393274687231, 0.0818079859018, 0.083144672215, 0.043677136302, 0.031793653965, 0.0262246672064, 0.0588362850249, 0.0968847796321, 0.0411095991731, 0.016886157915, 0.0130543662235, 0.0192152839154, 0.0529275536537, 0.109390735626, 0.0587357766926, 0.0133234933019, 0.00481342198327, 0.00462636491284, 0.00552166672423, 0.00583694549277, 0.0157601553947, 0.056023593992, 0.0976314619184, 0.0695719793439, 0.0349568538368, 0.0289788600057, 0.0310567133129, 0.0644288361073, 0.133200019598, 0.100850045681, 0.041178945452]
    },
    "chords_histogram": [3.39506173134, 0, 2.05761313438, 0, 0, 0, 0, 0, 0, 0, 0, 0, 0, 0, 0, 2.98353910446, 0, 1.54320991039, 2.46913576126, 45.8847732544, 17.3868312836, 11.8312759399, 12.448559761, 0],
    "thpcp": [1, 0.727814853191, 0.311061501503, 0.206927537918, 0.13147932291, 0.229379370809, 0.339649498463, 0.260589629412, 0.360049843788, 0.49104732275, 0.37001055479, 0.221513599157, 0.149542316794, 0.149552002549, 0.361918896437, 0.474259465933, 0.261464625597, 0.101908735931, 0.0797240585089, 0.111160971224, 0.353827387094, 0.569283425808, 0.377391338348, 0.125982314348, 0.057337872684, 0.0493202358484, 0.0707496851683, 0.0878130197525, 0.150224611163, 0.419361829758, 0.591373741627, 0.39297196269, 0.18584433198, 0.133938357234, 0.178700596094, 0.577525854111],
    "chords_key": "G#",
    "chords_scale": "minor",
    "key_key": "C#",
    "key_scale": "major"
}
}