{
"lowlevel": {
    "average_loudness": 0.817324817181,
    "barkbands_crest": {
        "mean": 11.961180687,
        "var": 17.7199001312
    },
    "barkbands_flatness_db": {
        "mean": 0.243112295866,
        "var": 0.00190351519268
    },
    "barkbands_kurtosis": {
        "mean": 3.60081362724,
        "var": 20.7515735626
    },
    "barkbands_skewness": {
        "mean": 1.45439469814,
        "var": 0.739754378796
    },
    "barkbands_spread": {
        "mean": 8.48460483551,
        "var": 39.4837417603
    },
    "dissonance": {
        "mean": 0.412739813328,
        "var": 0.00213712290861
    },
    "dynamic_complexity": 2.98689508438,
    "erbbands_crest": {
        "mean": 11.7633275986,
        "var": 13.8767004013
    },
    "erbbands_flatness_db": {
        "mean": 0.278517842293,
        "var": 0.00140941806603
    },
    "erbbands_kurtosis": {
        "mean": 0.671903908253,
        "var": 2.80917000771
    },
    "erbbands_skewness": {
        "mean": 0.579309225082,
        "var": 0.313999205828
    },
    "erbbands_spread": {
        "mean": 19.1619262695,
        "var": 161.012512207
    },
    "hfc": {
        "mean": 11.1818199158,
        "var": 148.133453369
    },
    "melbands_crest": {
        "mean": 12.6498403549,
        "var": 15.2655677795
    },
    "melbands_flatness_db": {
        "mean": 0.318840801716,
        "var": 0.00375510542654
    },
    "melbands_kurtosis": {
        "mean": 5.96771621704,
        "var": 58.8049888611
    },
    "melbands_skewness": {
        "mean": 1.71841359138,
        "var": 1.13566541672
    },
    "melbands_spread": {
        "mean": 11.4570446014,
        "var": 47.9384613037
    },
    "pitch_salience": {
        "mean": 0.543367862701,
        "var": 0.00925190281123
    },
    "silence_rate_20dB": {
        "mean": 1,
        "var": 0
    },
    "silence_rate_30dB": {
        "mean": 0.999485075474,
        "var": 0.000514646118972
    },
    "silence_rate_60dB": {
        "mean": 0.0355303809047,
        "var": 0.0342676118016
    },
    "spectral_centroid": {
        "mean": 661.295593262,
        "var": 72647.390625
    },
    "spectral_complexity": {
        "mean": 12.7584962845,
        "var": 18.7156257629
    },
    "spectral_decrease": {
        "mean": -4.70508298989e-009,
        "var": 1.88656025291e-017
    },
    "spectral_energy": {
        "mean": 0.0187722500414,
        "var": 0.000304781337036
    },
    "spectral_energyband_high": {
        "mean": 4.10990651289e-005,
        "var": 2.08965449389e-008
    },
    "spectral_energyband_low": {
        "mean": 0.000445333746029,
        "var": 2.69536911901e-007
    },
    "spectral_energyband_middle_high": {
        "mean": 0.00321882055141,
        "var": 2.95822737826e-005
    },
    "spectral_energyband_middle_low": {
        "mean": 0.0154507253319,
        "var": 0.000189348735148
    },
    "spectral_entropy": {
        "mean": 6.398665905,
        "var": 0.231073617935
    },
    "spectral_flux": {
        "mean": 0.0501637943089,
        "var": 0.00160160032101
    },
    "spectral_kurtosis": {
        "mean": 28.4328594208,
        "var": 336.282684326
    },
    "spectral_rms": {
        "mean": 0.00393618177623,
        "var": 2.82084852188e-006
    },
    "spectral_rolloff": {
        "mean": 910.254577637,
        "var": 580873
    },
    "spectral_skewness": {
        "mean": 3.72858405113,
        "var": 1.96690368652
    },
    "spectral_spread": {
        "mean": 2188320.25,
        "var": 3.64451384525e+012
    },
    "spectral_strongpeak": {
        "mean": 1.18610596657,
        "var": 0.962656617165
    },
    "zerocrossingrate": {
        "mean": 0.0336534418166,
        "var": 0.000439105293481
    },
    "barkbands": {
        "mean": [2.1441608169e-006, 2.35805819102e-005, 0.000175245630089, 0.000620985520072, 0.00525704910979, 0.00110247242264, 0.002323678229, 0.0017916331999, 0.00396923674271, 0.00133502203971, 0.00026657039416, 0.0006484745536, 0.000495351501741, 0.000256830011494, 0.000106976440293, 0.000197079396457, 6.37799239485e-005, 3.64654842997e-005, 5.44605827599e-005, 8.57750364958e-006, 1.70150644863e-006, 2.36253072217e-006, 1.36002054205e-005, 1.59219052875e-005, 2.8141932944e-006, 2.65759268814e-007, 1.95030569472e-008],
        "var": [1.06093550611e-010, 8.4301614578e-009, 9.55311350026e-008, 6.93624599535e-007, 1.81828618224e-005, 2.44637431024e-006, 2.25023086386e-005, 2.60460328718e-005, 5.73993747821e-005, 1.2865251847e-005, 3.46657600403e-007, 2.07187690648e-006, 1.50478763317e-006, 2.9309020988e-007, 4.80112625212e-008, 5.43189635493e-008, 1.72379337471e-008, 5.62855362318e-009, 7.28488691593e-009, 3.56718737882e-010, 2.84660663097e-011, 6.12775108433e-011, 3.20263615627e-009, 5.08505904051e-009, 1.30462363135e-010, 3.10138145634e-013, 3.33233931697e-016]
    },
    "erbbands": {
        "mean": [0.000564653484616, 0.00897171255201, 0.157875269651, 1.16049146652, 3.28060483932, 28.040184021, 15.7321767807, 10.1904439926, 22.040769577, 47.2608757019, 43.0006637573, 94.6806564331, 57.5492858887, 32.6587867737, 15.0405139923, 28.4359092712, 25.1983718872, 14.4423360825, 8.03089237213, 11.6701946259, 6.47921514511, 3.88428616524, 2.09741592407, 2.91424560547, 1.68708062172, 0.497074723244, 0.153446599841, 0.0434026606381, 0.0669104531407, 0.236608862877, 0.405017077923, 0.374877363443, 0.227384462953, 0.0535717085004, 0.012846397236, 0.00214895769022, 0.000360831210855, 7.87579192547e-005, 1.16026258183e-005, 2.1633139113e-005],
        "var": [4.51390087619e-006, 0.000608590198681, 0.0655980557203, 1.8768362999, 8.01041126251, 550.977233887, 218.721618652, 223.780685425, 3753.23583984, 7094.28710938, 13586.3046875, 39921.4453125, 15019.1083984, 6547.92089844, 1322.6739502, 3156.23486328, 3316.74560547, 888.235595703, 236.689559937, 220.652694702, 101.704307556, 55.5974197388, 14.1115427017, 26.5786304474, 6.296895504, 0.947265923023, 0.172886282206, 0.0157124157995, 0.0450322963297, 0.82466596365, 3.04617238045, 2.91419029236, 1.00056374073, 0.0503450743854, 0.00283383810893, 5.3940948419e-005, 1.82388745884e-007, 3.93888610617e-009, 1.00498789846e-010, 4.0293648973e-010]
    },
    "gfcc": {
        "mean": [-101.110275269, 157.157272339, -136.067901611, -33.7799530029, -59.9108200073, -13.8457717896, -59.341178894, -1.77813863754, -28.9690933228, -21.7854957581, -13.700422287, -17.7388763428, -11.4573459625],
        "cov": [[3244.87744141, -534.338684082, -704.001708984, 426.936645508, -499.192321777, 166.389648438, 80.9611358643, 136.701217651, 45.5198822021, -99.1236953735, 237.539978027, -144.503158569, -152.611526489], [-534.338684082, 667.786987305, 135.378692627, -397.979156494, 397.837615967, -174.388275146, 25.7998180389, -71.6761550903, -15.9425992966, 27.7890090942, -77.2167434692, 37.6996116638, -23.5247879028], [-704.001708984, 135.378692627, 479.675964355, -101.149421692, 14.8479318619, 85.10597229, -134.740737915, -49.0026931763, 10.7745132446, 1.9096493721, -30.1461029053, 9.07820606232, 49.0679740906], [426.936645508, -397.979156494, -101.149421692, 515.378234863, -174.202484131, 37.1707000732, -18.3258228302, 47.8300704956, -12.3593301773, -23.1101951599, 60.0316085815, -35.7104492188, 18.5715084076], [-499.192321777, 397.837615967, 14.8479318619, -174.202484131, 410.392272949, -141.726531982, 5.78672218323, 13.7203197479, -30.366481781, 12.0137491226, -59.7048034668, 42.5244026184, 2.47226214409], [166.389648438, -174.388275146, 85.10597229, 37.1707000732, -141.726531982, 280.904907227, -18.0803375244, -7.12691879272, 26.4355926514, -32.4793663025, 45.2406425476, -2.22095656395, -18.6121921539], [80.9611358643, 25.7998180389, -134.740737915, -18.3258228302, 5.78672218323, -18.0803375244, 192.866271973, -34.3940010071, -36.4603614807, 24.5736618042, -22.1376342773, 29.9894008636, -29.6919784546], [136.701217651, -71.6761550903, -49.0026931763, 47.8300704956, 13.7203197479, -7.12691879272, -34.3940010071, 140.192230225, 18.586812973, -32.0570526123, 48.2229804993, 0.846403419971, 12.3860139847], [45.5198822021, -15.9425992966, 10.7745132446, -12.3593301773, -30.366481781, 26.4355926514, -36.4603614807, 18.586812973, 98.955039978, 8.35491752625, -14.7761974335, -1.51690626144, 0.12264854461], [-99.1236953735, 27.7890090942, 1.9096493721, -23.1101951599, 12.0137491226, -32.4793663025, 24.5736618042, -32.0570526123, 8.35491752625, 115.226646423, -26.2573051453, -37.4684715271, 1.51500225067], [237.539978027, -77.2167434692, -30.1461029053, 60.0316085815, -59.7048034668, 45.2406425476, -22.1376342773, 48.2229804993, -14.7761974335, -26.2573051453, 130.081802368, 3.26003932953, -31.935503006], [-144.503158569, 37.6996116638, 9.07820606232, -35.7104492188, 42.5244026184, -2.22095656395, 29.9894008636, 0.846403419971, -1.51690626144, -37.4684715271, 3.26003932953, 98.4211502075, 18.9708347321], [-152.611526489, -23.5247879028, 49.0679740906, 18.5715084076, 2.47226214409, -18.6121921539, -29.6919784546, 12.3860139847, 0.12264854461, 1.51500225067, -31.935503006, 18.9708347321, 97.8240737915]],
        "icov": [[0.00104966654908, -0.00209943135269, 0.00214687455446, -0.000995283364318, 0.0023933770135, -0.00120154826436, 0.000871475844178, -0.0011226675706, 0.000399426324293, 0.00022483873181, 1.79051694431e-005, 0.000509051606059, 0.000265470764134], [-0.00209943135269, 0.0164149589837, -0.00825896579772, 0.00725896377116, -0.0145618580282, 0.00734007498249, -0.00674096075818, 0.00887388642877, -0.00625452958047, 0.003865737468, -0.00554938334972, 0.00414204923436, -0.000635192322079], [0.00214687455446, -0.00825896579772, 0.00930933281779, -0.00312547269277, 0.00802971608937, -0.00546856690198, 0.00662950472906, -0.00329910800792, 0.00381026510149, -0.00194737827405, 0.0027521669399, -0.00199368828908, -0.00021598872263], [-0.000995283364318, 0.00725896377116, -0.00312547269277, 0.0058423653245, -0.00548008549958, 0.00323017220944, -0.00262031774037, 0.0034377372358, -0.00200873380527, 0.00190587295219, -0.0028650672175, 0.00240724673495, -0.0012551760301], [0.0023933770135, -0.0145618580282, 0.00802971608937, -0.00548008549958, 0.0175244603306, -0.00529220700264, 0.00732799898833, -0.00986068323255, 0.00764198740944, -0.00412855250761, 0.00700471736491, -0.0056849559769, 0.00271121016704], [-0.00120154826436, 0.00734007498249, -0.00546856690198, 0.00323017220944, -0.00529220700264, 0.00866138655692, -0.0041694235988, 0.00443031266332, -0.00438087247312, 0.00314329378307, -0.00384335778654, 0.00201625516638, 0.000286742142634], [0.000871475844178, -0.00674096075818, 0.00662950472906, -0.00262031774037, 0.00732799898833, -0.0041694235988, 0.0139022888616, -0.0037149481941, 0.00802690628916, -0.00605226960033, 0.00672535877675, -0.00844302307814, 0.00453875120729], [-0.0011226675706, 0.00887388642877, -0.00329910800792, 0.0034377372358, -0.00986068323255, 0.00443031266332, -0.0037149481941, 0.0164119936526, -0.00762888090685, 0.00550743332133, -0.00884282775223, 0.00502686714754, -0.00466611701995], [0.000399426324293, -0.00625452958047, 0.00381026510149, -0.00200873380527, 0.00764198740944, -0.00438087247312, 0.00802690628916, -0.00762888090685, 0.0178435463458, -0.00616374472156, 0.00858536362648, -0.00704580545425, 0.0042070588097], [0.00022483873181, 0.003865737468, -0.00194737827405, 0.00190587295219, -0.00412855250761, 0.00314329378307, -0.00605226960033, 0.00550743332133, -0.00616374472156, 0.0152367418632, -0.00422881590202, 0.00988503359258, -0.00346234161407], [1.79051694431e-005, -0.00554938334972, 0.0027521669399, -0.0028650672175, 0.00700471736491, -0.00384335778654, 0.00672535877675, -0.00884282775223, 0.00858536362648, -0.00422881590202, 0.017411859706, -0.00769722182304, 0.00734122470021], [0.000509051606059, 0.00414204923436, -0.00199368828908, 0.00240724673495, -0.0056849559769, 0.00201625516638, -0.00844302307814, 0.00502686714754, -0.00704580545425, 0.00988503359258, -0.00769722182304, 0.0206693150103, -0.0070040402934], [0.000265470764134, -0.000635192322079, -0.00021598872263, -0.0012551760301, 0.00271121016704, 0.000286742142634, 0.00453875120729, -0.00466611701995, 0.0042070588097, -0.00346234161407, 0.00734122470021, -0.0070040402934, 0.0165881514549]]
    },
    "melbands": {
        "mean": [5.47115041627e-006, 5.35537292308e-005, 0.000237146523432, 0.00101992057171, 0.000847734394483, 0.000216493179323, 0.000371920730686, 0.000501224014442, 0.000387823471101, 0.000580939464271, 0.00026879273355, 0.000138324845466, 4.21535369242e-005, 7.5143056165e-005, 6.07951915299e-005, 4.64202712465e-005, 2.41755806201e-005, 1.36729804581e-005, 1.0899741028e-005, 1.41154778248e-005, 6.94247546562e-006, 3.93916343455e-006, 2.59096668742e-006, 1.60584693276e-006, 2.56551538769e-006, 1.73460671249e-006, 5.81216227147e-007, 2.78093892803e-007, 1.17464303173e-007, 2.81276744118e-008, 2.19177174188e-008, 3.06891116963e-008, 5.96103006956e-008, 1.62920557045e-007, 2.28809454939e-007, 2.46856700414e-007, 2.28141630032e-007, 1.789613151e-007, 8.98240415381e-008, 3.02624556525e-008],
        "var": [4.52935744466e-010, 9.51636724977e-009, 8.03012767392e-008, 6.73887541325e-007, 4.78348908928e-007, 1.03876686808e-007, 9.03095326521e-007, 8.93169271876e-007, 9.37129868817e-007, 1.3915287127e-006, 3.79122184313e-007, 1.4076493926e-007, 8.57686544009e-009, 3.46351924918e-008, 1.64825859628e-008, 1.1615902018e-008, 3.02722358292e-009, 9.21154486022e-010, 3.08085917888e-010, 2.93918500649e-010, 1.75091233179e-010, 7.15516812466e-011, 2.84274097317e-011, 1.07810557357e-011, 2.14183306507e-011, 8.60868494545e-012, 1.20226951224e-012, 3.96483518759e-013, 1.29049291327e-013, 7.98589015418e-015, 4.68607340838e-015, 1.06445910503e-014, 4.10172316576e-014, 4.24739236837e-013, 1.03899224294e-012, 1.176787617e-012, 1.19440546863e-012, 6.38439659213e-013, 1.54512023293e-013, 1.55358243089e-014]
    },
    "mfcc": {
        "mean": [-749.927368164, 207.090255737, -24.5436782837, -20.1840248108, 2.73477172852, -28.1765575409, -16.401807785, -7.03036355972, -23.1566390991, 3.01315903664, -14.065612793, -20.4111614227, -6.90312957764],
        "cov": [[3430.19750977, -1074.98156738, -268.36517334, 8.81492614746, -189.858291626, -201.307357788, 102.658699036, 297.268707275, -240.434188843, 144.781890869, 189.614532471, 167.818908691, 8.60193824768], [-1074.98156738, 1294.37756348, -309.680419922, -93.7673110962, 120.422607422, 43.3585205078, -19.3211612701, -112.45211792, 114.072662354, -124.284629822, 24.3597927094, -45.3509063721, -13.0738334656], [-268.36517334, -309.680419922, 628.52355957, -148.522705078, 30.2777328491, 83.1740493774, -55.0532836914, -33.5350189209, -35.85887146, 37.4610176086, -88.0078048706, 46.5847244263, 5.07716464996], [8.81492614746, -93.7673110962, -148.522705078, 358.916351318, 13.2739782333, -59.3073234558, 26.0406322479, -31.8736896515, 18.6980819702, -14.8828344345, 1.51007270813, -47.419002533, -29.6200752258], [-189.858291626, 120.422607422, 30.2777328491, 13.2739782333, 300.391265869, -72.5032653809, -31.8986129761, 34.7608108521, -3.84821581841, 12.0995512009, -55.2642250061, 28.7905273438, 19.9364643097], [-201.307357788, 43.3585205078, 83.1740493774, -59.3073234558, -72.5032653809, 225.159210205, 10.6946363449, -37.9629364014, 46.0546455383, -37.9195365906, 20.7560863495, -5.13674449921, -19.4592342377], [102.658699036, -19.3211612701, -55.0532836914, 26.0406322479, -31.8986129761, 10.6946363449, 143.243881226, 26.6500492096, -34.6708984375, -6.60682106018, 0.381508409977, 14.166469574, 7.73220300674], [297.268707275, -112.45211792, -33.5350189209, -31.8736896515, 34.7608108521, -37.9629364014, 26.6500492096, 220.380508423, -42.2794685364, -29.1588897705, -0.0210662521422, 17.1676845551, 30.0004825592], [-240.434188843, 114.072662354, -35.85887146, 18.6980819702, -3.84821581841, 46.0546455383, -34.6708984375, -42.2794685364, 159.977584839, -20.9585933685, -10.9924163818, -2.34642410278, -27.4730186462], [144.781890869, -124.284629822, 37.4610176086, -14.8828344345, 12.0995512009, -37.9195365906, -6.60682106018, -29.1588897705, -20.9585933685, 118.275474548, 3.85349774361, -3.73616361618, 9.36081886292], [189.614532471, 24.3597927094, -88.0078048706, 1.51007270813, -55.2642250061, 20.7560863495, 0.381508409977, -0.0210662521422, -10.9924163818, 3.85349774361, 137.489715576, 4.25485801697, -19.0911865234], [167.818908691, -45.3509063721, 46.5847244263, -47.419002533, 28.7905273438, -5.13674449921, 14.166469574, 17.1676845551, -2.34642410278, -3.73616361618, 4.25485801697, 119.641700745, 16.3611068726], [8.60193824768, -13.0738334656, 5.07716464996, -29.6200752258, 19.9364643097, -19.4592342377, 7.73220300674, 30.0004825592, -27.4730186462, 9.36081886292, -19.0911865234, 16.3611068726, 80.7938613892]],
        "icov": [[0.000740276125725, 0.00059134780895, 0.000689663400408, 0.00024825904984, 0.000285568559775, 0.000205792472116, 0.000120142824017, -0.000526281597558, 0.000646425702143, -0.000512649537995, -0.000418583600549, -0.00105642201379, 0.000621797516942], [0.00059134780895, 0.0020617058035, 0.00144552497659, 0.00141082482878, -0.000979578937404, 0.000213141160202, -0.000246190378675, 0.00105179089587, -8.71302181622e-005, 0.00157075643074, -0.000720362877473, 0.000114600807137, 0.000218068773393], [0.000689663400408, 0.00144552497659, 0.00370276090689, 0.00143187737558, -0.000407201994676, -0.00123404629994, 0.00124978309032, 0.00050586956786, 0.00166579824872, -0.000385053572245, 0.00153753370978, -0.001675887499, 0.00126228900626], [0.00024825904984, 0.00141082482878, 0.00143187737558, 0.00465144729242, -0.00117385166232, 0.00125064980239, -0.00122599711176, 0.00171329861041, -0.00061601883499, 0.00206056819297, -0.000400525226723, 0.00163577753119, 0.00101508456282], [0.000285568559775, -0.000979578937404, -0.000407201994676, -0.00117385166232, 0.00520222308114, 0.0008802076336, 0.00146320310887, -0.0019580272492, 0.000704297563061, -0.00207539577968, 0.00171121349558, -0.00233491067775, 0.000278785766568], [0.000205792472116, 0.000213141160202, -0.00123404629994, 0.00125064980239, 0.0008802076336, 0.00699106277898, -0.00183655740693, 0.000926442968193, -0.00219153403305, 0.00250095431693, -0.00208367267624, 0.00103536341339, 0.000109996486572], [0.000120142824017, -0.000246190378675, 0.00124978309032, -0.00122599711176, 0.00146320310887, -0.00183655740693, 0.00918598193675, -0.0013603689149, 0.00298276124522, -0.00116584065836, 0.00193828239571, -0.00265765632503, 0.000387506501283], [-0.000526281597558, 0.00105179089587, 0.00050586956786, 0.00171329861041, -0.0019580272492, 0.000926442968193, -0.0013603689149, 0.00744950957596, -7.94248626335e-005, 0.00428476510569, -0.000546382274479, 0.00166035222355, -0.00209589954466], [0.000646425702143, -8.71302181622e-005, 0.00166579824872, -0.00061601883499, 0.000704297563061, -0.00219153403305, 0.00298276124522, -7.94248626335e-005, 0.00951601844281, -0.000823269598186, 0.0020905227866, -0.00276343617588, 0.00301375193521], [-0.000512649537995, 0.00157075643074, -0.000385053572245, 0.00206056819297, -0.00207539577968, 0.00250095431693, -0.00116584065836, 0.00428476510569, -0.000823269598186, 0.0133087392896, -0.0018892789958, 0.00317701301537, -0.00218827836215], [-0.000418583600549, -0.000720362877473, 0.00153753370978, -0.000400525226723, 0.00171121349558, -0.00208367267624, 0.00193828239571, -0.000546382274479, 0.0020905227866, -0.0018892789958, 0.0105998916551, -0.00184425222687, 0.00258573889732], [-0.00105642201379, 0.000114600807137, -0.001675887499, 0.00163577753119, -0.00233491067775, 0.00103536341339, -0.00265765632503, 0.00166035222355, -0.00276343617588, 0.00317701301537, -0.00184425222687, 0.0123813962564, -0.00295146321878], [0.000621797516942, 0.000218068773393, 0.00126228900626, 0.00101508456282, 0.000278785766568, 0.000109996486572, 0.000387506501283, -0.00209589954466, 0.00301375193521, -0.00218827836215, 0.00258573889732, -0.00295146321878, 0.0158249586821]]
    },
    "spectral_contrast_coeffs": {
        "mean": [-0.443448960781, -0.678461313248, -0.675976097584, -0.721033513546, -0.720035135746, -0.828694045544],
        "var": [0.0047612041235, 0.00392260961235, 0.00396504811943, 0.00173015554901, 0.0031796337571, 0.0017248634249]
    },
    "spectral_contrast_valleys": {
        "mean": [-9.10356426239, -6.94850254059, -7.61538028717, -8.54308128357, -9.75294780731, -12.3276395798],
        "var": [0.490593016148, 0.550759315491, 0.715680718422, 0.80182993412, 1.24270439148, 0.895015120506]
    }
},
"metadata": {
    "audio_properties": {
        "analysis_sample_rate": 44100,
        "bit_rate": 128074,
        "equal_loudness": 0,
        "length": 45.0612258911,
        "lossless": 0,
        "replay_gain": -4.75833511353,
        "sample_rate": 44100,
        "codec": "mp3",
        "downmix": "mix",
        "md5_encoded": "3620dd102bd9206cffb61c853b5c5087"
    },
    "tags": {
        "file_name": "1032.mp3"
    },
    "version": {
        "essentia": "2.1-beta2",
        "essentia_git_sha": "v2.1_beta2",
        "extractor": "music 1.0"
    }
},
"rhythm": {
    "beats_count": 104,
    "beats_loudness": {
        "mean": 0.0209794417024,
        "var": 0.00026502404944
    },
    "bpm": 139.820724487,
    "bpm_histogram_first_peak_bpm": {
        "mean": 140,
        "var": 0
    },
    "bpm_histogram_first_peak_spread": {
        "mean": 0.547619044781,
        "var": 0
    },
    "bpm_histogram_first_peak_weight": {
        "mean": 0.368932038546,
        "var": 0
    },
    "bpm_histogram_second_peak_bpm": {
        "mean": 129,
        "var": 0
    },
    "bpm_histogram_second_peak_spread": {
        "mean": 0.538461565971,
        "var": 0
    },
    "bpm_histogram_second_peak_weight": {
        "mean": 0.058252427727,
        "var": 0
    },
    "danceability": 1.06491851807,
    "onset_rate": 2.66184329987,
    "beats_loudness_band_ratio": {
        "mean": [0.072654299438, 0.308995693922, 0.405240207911, 0.161201059818, 0.0605323575437, 0.0104925679043],
        "var": [0.00431259348989, 0.0299224834889, 0.0318071320653, 0.0129934595898, 0.00265359529294, 0.000157849543029]
    },
    "beats_position": [0.394739210606, 0.801088392735, 1.23065757751, 1.64861679077, 2.07818579674, 2.50775504112, 2.94893407822, 3.39011335373, 3.83129239082, 4.26086139679, 4.7020406723, 5.14321994781, 5.59600877762, 6.06040811539, 6.52480697632, 6.97759628296, 7.44199514389, 7.91800451279, 8.38240337372, 8.83519268036, 9.31120204926, 9.75238037109, 10.2051696777, 10.6695690155, 11.1339683533, 11.5867567062, 11.9931058884, 12.4110651016, 12.8290243149, 13.2469835281, 13.6649427414, 14.0712919235, 14.4776411057, 14.8956003189, 15.301949501, 15.7199087143, 16.1378688812, 16.5674381256, 17.0086174011, 17.4497947693, 17.8793640137, 18.3089332581, 18.7385025024, 19.1564617157, 19.5860309601, 20.0156002045, 20.4451694489, 20.8747386932, 21.2926979065, 21.7106571198, 22.128616333, 22.5465755463, 22.9761447906, 23.405714035, 23.8468933105, 24.2880725861, 24.7292518616, 25.1704311371, 25.5883903503, 26.0063495636, 26.4010887146, 26.8190479279, 27.2486171722, 27.6781845093, 28.0961437225, 28.5141029358, 28.932062149, 29.3500213623, 29.7679805756, 30.1975498199, 30.6387290955, 31.0682983398, 31.4978675842, 31.9390468597, 32.3802261353, 32.8097953796, 33.239364624, 33.6689338684, 34.0985031128, 34.5280723572, 34.9460296631, 35.3639907837, 35.7935600281, 36.2231292725, 36.6526985168, 37.0822677612, 37.5118370056, 37.94140625, 38.3593635559, 38.7889328003, 39.2185020447, 39.6596832275, 40.1008605957, 40.5420417786, 40.9716110229, 41.4011802673, 41.830745697, 42.2719268799, 42.7014961243, 43.1426734924, 43.5722427368, 44.0018119812, 44.4429931641, 44.8841705322]
},
"tonal": {
    "chords_changes_rate": 0.0401234552264,
    "chords_number_rate": 0.00411522621289,
    "chords_strength": {
        "mean": 0.492089807987,
        "var": 0.00287953787483
    },
    "hpcp_entropy": {
        "mean": 1.42881453037,
        "var": 0.356418669224
    },
    "key_strength": 0.774663865566,
    "tuning_diatonic_strength": 0.590504169464,
    "tuning_equal_tempered_deviation": 0.0350113548338,
    "tuning_frequency": 445.369720459,
    "tuning_nontempered_energy_ratio": 0.603847503662,
    "hpcp": {
        "mean": [0.145620271564, 0.113390184939, 0.0453000888228, 0.0285782720894, 0.0371488928795, 0.37858107686, 0.759726583958, 0.439861655235, 0.0485083647072, 0.0275443997234, 0.0330284647644, 0.0501889139414, 0.0590727292001, 0.0517132654786, 0.0740667134523, 0.104944467545, 0.0674064084888, 0.0255019888282, 0.0357157364488, 0.0617184937, 0.254044830799, 0.421139955521, 0.242715671659, 0.0561071224511, 0.0278595164418, 0.0176588259637, 0.0779361948371, 0.180526912212, 0.126125320792, 0.0279647633433, 0.0392262972891, 0.0437462963164, 0.0477368980646, 0.0573851428926, 0.0595147386193, 0.0942017734051],
        "var": [0.0535709783435, 0.0373607799411, 0.0139952106401, 0.0125820254907, 0.0139823062345, 0.0398251712322, 0.103518471122, 0.0428897440434, 0.0157278012484, 0.0110002476722, 0.0148742962629, 0.0257815569639, 0.0281124357134, 0.0190135128796, 0.0249080061913, 0.0460199192166, 0.0201307497919, 0.00794325396419, 0.0169126391411, 0.0264015980065, 0.0552271455526, 0.121820427477, 0.0516322143376, 0.0262413658202, 0.00954561214894, 0.00455030659214, 0.0153077095747, 0.0754671543837, 0.0367193706334, 0.00536622060463, 0.0082284566015, 0.00984689034522, 0.0128495078534, 0.0177923049778, 0.0238878186792, 0.0356131121516]
    },
    "chords_histogram": [56.7901229858, 0, 0, 0, 0, 0, 0, 0, 0, 0, 0, 0, 0, 0, 0, 0, 0, 33.127571106, 0, 8.64197540283, 0, 0, 1.44032919407, 0],
    "thpcp": [1, 0.578973650932, 0.0638497695327, 0.0362556762993, 0.0434741452336, 0.066061809659, 0.0777552500367, 0.0680682584643, 0.0974912717938, 0.138134524226, 0.0887245610356, 0.0335673242807, 0.0470113009214, 0.081237770617, 0.334389805794, 0.554330945015, 0.319477647543, 0.0738517269492, 0.0366704501212, 0.0232436601073, 0.102584533393, 0.237620890141, 0.16601409018, 0.0368089824915, 0.0516321249306, 0.0575816333294, 0.062834315002, 0.0755339413881, 0.0783370509744, 0.12399431318, 0.19167457521, 0.149251312017, 0.0596268326044, 0.0376165211201, 0.0488977134228, 0.498312264681],
    "chords_key": "E",
    "chords_scale": "major",
    "key_key": "E",
    "key_scale": "major"
}
}