{
"lowlevel": {
    "average_loudness": 0.694283723831,
    "barkbands_crest": {
        "mean": 13.4850597382,
        "var": 25.3011436462
    },
    "barkbands_flatness_db": {
        "mean": 0.268877983093,
        "var": 0.00576685927808
    },
    "barkbands_kurtosis": {
        "mean": 22.9171218872,
        "var": 1790.80517578
    },
    "barkbands_skewness": {
        "mean": 2.5463719368,
        "var": 4.06086301804
    },
    "barkbands_spread": {
        "mean": 9.13298892975,
        "var": 101.667221069
    },
    "dissonance": {
        "mean": 0.375524908304,
        "var": 0.00581824732944
    },
    "dynamic_complexity": 5.45798397064,
    "erbbands_crest": {
        "mean": 11.7766189575,
        "var": 13.2448387146
    },
    "erbbands_flatness_db": {
        "mean": 0.250877976418,
        "var": 0.00221937661991
    },
    "erbbands_kurtosis": {
        "mean": 4.93596172333,
        "var": 110.448066711
    },
    "erbbands_skewness": {
        "mean": 1.09253931046,
        "var": 2.14285326004
    },
    "erbbands_spread": {
        "mean": 22.8202152252,
        "var": 239.102935791
    },
    "hfc": {
        "mean": 9.54980373383,
        "var": 74.5858459473
    },
    "melbands_crest": {
        "mean": 16.3403625488,
        "var": 40.4548454285
    },
    "melbands_flatness_db": {
        "mean": 0.363891154528,
        "var": 0.0104770921171
    },
    "melbands_kurtosis": {
        "mean": 20.4618282318,
        "var": 1567.78515625
    },
    "melbands_skewness": {
        "mean": 2.63906812668,
        "var": 2.61835026741
    },
    "melbands_spread": {
        "mean": 11.2689476013,
        "var": 207.155151367
    },
    "pitch_salience": {
        "mean": 0.467990845442,
        "var": 0.0123592065647
    },
    "silence_rate_20dB": {
        "mean": 1,
        "var": 0
    },
    "silence_rate_30dB": {
        "mean": 0.996395468712,
        "var": 0.00359143549576
    },
    "silence_rate_60dB": {
        "mean": 0.181256443262,
        "var": 0.148401588202
    },
    "spectral_centroid": {
        "mean": 686.549316406,
        "var": 399743.375
    },
    "spectral_complexity": {
        "mean": 9.34397506714,
        "var": 29.2431240082
    },
    "spectral_decrease": {
        "mean": -5.38054090171e-009,
        "var": 2.81499290096e-017
    },
    "spectral_energy": {
        "mean": 0.0211735703051,
        "var": 0.000429218169302
    },
    "spectral_energyband_high": {
        "mean": 2.48293017648e-005,
        "var": 1.55870438778e-009
    },
    "spectral_energyband_low": {
        "mean": 0.00335308304057,
        "var": 1.35760428748e-005
    },
    "spectral_energyband_middle_high": {
        "mean": 0.00194211024791,
        "var": 5.48685238755e-006
    },
    "spectral_energyband_middle_low": {
        "mean": 0.0167961902916,
        "var": 0.000332319090376
    },
    "spectral_entropy": {
        "mean": 6.00614881516,
        "var": 0.405319392681
    },
    "spectral_flux": {
        "mean": 0.0334850028157,
        "var": 0.00103773549199
    },
    "spectral_kurtosis": {
        "mean": 25.046459198,
        "var": 448.36730957
    },
    "spectral_rms": {
        "mean": 0.0039967270568,
        "var": 4.68330017611e-006
    },
    "spectral_rolloff": {
        "mean": 725.629760742,
        "var": 727916.25
    },
    "spectral_skewness": {
        "mean": 3.52239322662,
        "var": 2.86229467392
    },
    "spectral_spread": {
        "mean": 2606001.25,
        "var": 2.13988946739e+012
    },
    "spectral_strongpeak": {
        "mean": 1.07156312466,
        "var": 0.938125371933
    },
    "zerocrossingrate": {
        "mean": 0.0285134129226,
        "var": 0.000571529031731
    },
    "barkbands": {
        "mean": [5.93935737925e-006, 0.000166142737726, 0.00225106324069, 0.00203633960336, 0.00678837671876, 0.00373215880245, 0.000925749598537, 0.00171689956915, 0.00154309475329, 0.000539878965355, 7.93715371401e-005, 0.000154340435984, 0.000149756087922, 0.000262863468379, 0.000138227216667, 0.000169589635334, 0.000102310514194, 0.000335595221259, 4.1637718823e-005, 2.46596227953e-005, 3.34970172844e-006, 1.83309407475e-006, 2.67100585916e-006, 9.19614933537e-007, 4.42946202384e-007, 3.80184872029e-007, 2.0305170878e-008],
        "var": [7.20720497172e-011, 1.00056119834e-007, 6.45417958367e-006, 1.68046408362e-005, 0.000162511234521, 3.34829201165e-005, 2.46192894338e-006, 1.08448330138e-005, 1.37609267767e-005, 2.14918645725e-006, 2.99041005292e-008, 1.0488528801e-007, 3.92588326292e-008, 2.76011036249e-007, 6.76370177644e-008, 6.88889443268e-008, 2.42131896755e-008, 2.93309739163e-007, 5.71959635209e-009, 1.44326783857e-009, 7.00407024046e-011, 2.49786892559e-011, 2.0512323784e-010, 2.69962056182e-011, 5.65441487035e-012, 3.31206091199e-013, 2.06861115829e-016]
    },
    "erbbands": {
        "mean": [0.00399156007916, 0.0813048928976, 1.81825363636, 5.2361869812, 8.02474784851, 36.1351661682, 18.7819919586, 35.0090255737, 22.8680152893, 17.2955150604, 53.2264099121, 25.641702652, 16.5477981567, 18.2205314636, 3.08262372017, 7.39449071884, 7.42463731766, 14.8562240601, 5.51406574249, 10.3654251099, 10.1874084473, 4.31278133392, 13.0633840561, 9.10089111328, 2.14069128036, 1.4970293045, 0.328273057938, 0.148242726922, 0.0494999438524, 0.0894947052002, 0.0698802322149, 0.031182276085, 0.0122986817732, 0.00578441563994, 0.00229678349569, 0.00142760085873, 0.000741132069379, 0.000136880087666, 1.30956577777e-005, 2.39604887611e-005],
        "var": [9.30584883463e-006, 0.0183804836124, 4.7495675087, 57.8915901184, 315.772918701, 4427.09814453, 873.23046875, 3418.17114258, 1471.87817383, 1082.5690918, 9753.79882813, 2958.68188477, 1217.67114258, 2815.97290039, 27.6603527069, 249.10295105, 76.3153305054, 767.57800293, 98.493560791, 273.445587158, 197.850189209, 34.6499214172, 413.005645752, 188.193405151, 11.2911958694, 5.41003274918, 0.24472732842, 0.107265666127, 0.0111520197242, 0.119421057403, 0.183748185635, 0.0360898263752, 0.00314605399035, 0.00113738537766, 1.20122758744e-005, 5.71131977267e-006, 1.50598998516e-006, 9.46408018621e-009, 1.08717965186e-010, 5.33891320043e-010]
    },
    "gfcc": {
        "mean": [-128.062545776, 154.639434814, -90.48487854, 8.30183887482, -42.864402771, -15.5574197769, -47.659828186, -0.0356303192675, -21.926530838, -7.41744709015, -17.9934654236, -8.22554588318, -17.3932952881],
        "cov": [[10777.6894531, 1158.5435791, -5387.15722656, -1023.88806152, 21.2104892731, -1182.92919922, -148.881072998, -15.7935476303, -54.3425712585, -541.012695313, 239.027984619, -391.419799805, 80.2068634033], [1158.5435791, 890.815734863, -118.8959198, -780.539001465, -69.280670166, -67.707572937, -71.2210388184, -146.130065918, 36.2344665527, -87.3106994629, -19.9026641846, -115.525726318, 28.7277908325], [-5387.15722656, -118.8959198, 3478.03491211, 313.889862061, -151.660552979, 649.762878418, 33.1132736206, -158.283843994, 9.43118190765, 239.607421875, -141.660049438, 145.396911621, -78.3601837158], [-1023.88806152, -780.539001465, 313.889862061, 971.124450684, 113.652084351, -18.82081604, 65.049621582, 106.193771362, -76.1516342163, 72.3752670288, 28.8352146149, 90.6791992188, -55.6827125549], [21.2104892731, -69.280670166, -151.660552979, 113.652084351, 179.71812439, 0.339226514101, -26.314245224, 30.4379863739, -5.36514043808, 17.2005996704, 6.50769519806, 6.31223630905, 3.66039896011], [-1182.92919922, -67.707572937, 649.762878418, -18.82081604, 0.339226514101, 335.673828125, 71.7060241699, -3.13868141174, 13.6032924652, 58.5836105347, -48.8510437012, 43.7543144226, -21.4286384583], [-148.881072998, -71.2210388184, 33.1132736206, 65.049621582, -26.314245224, 71.7060241699, 137.863372803, 70.9808044434, -34.4072532654, -19.9415130615, -12.5104703903, 5.42053365707, -23.8512439728], [-15.7935476303, -146.130065918, -158.283843994, 106.193771362, 30.4379863739, -3.13868141174, 70.9808044434, 153.694046021, 6.052983284, -30.1904315948, -19.5048789978, 19.1389770508, -9.66240310669], [-54.3425712585, 36.2344665527, 9.43118190765, -76.1516342163, -5.36514043808, 13.6032924652, -34.4072532654, 6.052983284, 84.7688598633, 30.1986694336, -35.184211731, -6.58771133423, 18.4630470276], [-541.012695313, -87.3106994629, 239.607421875, 72.3752670288, 17.2005996704, 58.5836105347, -19.9415130615, -30.1904315948, 30.1986694336, 125.833511353, 15.265411377, 12.1850194931, 11.2791881561], [239.027984619, -19.9026641846, -141.660049438, 28.8352146149, 6.50769519806, -48.8510437012, -12.5104703903, -19.5048789978, -35.184211731, 15.265411377, 95.2814483643, 8.39981842041, -24.3306503296], [-391.419799805, -115.525726318, 145.396911621, 90.6791992188, 6.31223630905, 43.7543144226, 5.42053365707, 19.1389770508, -6.58771133423, 12.1850194931, 8.39981842041, 70.1988983154, 8.59725666046], [80.2068634033, 28.7277908325, -78.3601837158, -55.6827125549, 3.66039896011, -21.4286384583, -23.8512439728, -9.66240310669, 18.4630470276, 11.2791881561, -24.3306503296, 8.59725666046, 82.208480835]],
        "icov": [[0.0018518823199, -0.00454422039911, 0.00343235419132, -0.00350832077675, 0.0034642633982, -0.00218668719754, 0.00264278333634, -0.000140369011206, 0.000799263943918, 0.000954799586907, -0.000381405698135, 0.00109051668551, 0.000165145524079], [-0.00454422039911, 0.0196046326309, -0.0102120293304, 0.0155849820003, -0.0133521584794, 0.0106627196074, -0.0116283781826, 0.00540136219934, -0.00459777424112, 0.00197368115187, -0.000715026690159, 0.00130294810515, -0.000546090421267], [0.00343235419132, -0.0102120293304, 0.00753786880523, -0.00818550493568, 0.00843005161732, -0.00627874210477, 0.00697610806674, -0.000904710963368, 0.00328701129183, -0.000442979595391, 0.00153537513688, 0.000171863779542, 0.00152515398804], [-0.00350832077675, 0.0155849820003, -0.00818550493568, 0.0145196029916, -0.0117455245927, 0.0103010786697, -0.0100555540994, 0.00353016401641, -0.00142864440568, -0.000758005131502, 0.00113354856148, -0.0016053316649, 0.00164282904007], [0.0034642633982, -0.0133521584794, 0.00843005161732, -0.0117455245927, 0.0181354936212, -0.0103116659448, 0.0141445146874, -0.00667407270521, 0.00717978179455, -0.00279446365312, 0.00161098316312, 0.00151024071965, 0.000279503903585], [-0.00218668719754, 0.0106627196074, -0.00627874210477, 0.0103010786697, -0.0103116659448, 0.0144874388352, -0.0128594022244, 0.0056067565456, -0.00404616538435, -0.00118355778977, 0.00267626089044, -0.0044336928986, 0.00289020501077], [0.00264278333634, -0.0116283781826, 0.00697610806674, -0.0100555540994, 0.0141445146874, -0.0128594022244, 0.0269264914095, -0.0133284563199, 0.0143485879526, -0.00345005351119, 0.00349921849556, 0.00378287793137, 0.00147842697334], [-0.000140369011206, 0.00540136219934, -0.000904710963368, 0.00353016401641, -0.00667407270521, 0.0056067565456, -0.0133284563199, 0.0179795473814, -0.00958267878741, 0.00575515115634, 0.000611057330389, -0.00352616491728, 0.00169520510826], [0.000799263943918, -0.00459777424112, 0.00328701129183, -0.00142864440568, 0.00717978179455, -0.00404616538435, 0.0143485879526, -0.00958267878741, 0.0298032853752, -0.0133745521307, 0.014073790051, -0.00176501320675, 0.00414611911401], [0.000954799586907, 0.00197368115187, -0.000442979595391, -0.000758005131502, -0.00279446365312, -0.00118355778977, -0.00345005351119, 0.00575515115634, -0.0133745521307, 0.021201485768, -0.0130718164146, 0.00772026879713, -0.00764681305736], [-0.000381405698135, -0.000715026690159, 0.00153537513688, 0.00113354856148, 0.00161098316312, 0.00267626089044, 0.00349921849556, 0.000611057330389, 0.014073790051, -0.0130718164146, 0.026494462043, -0.0112745109946, 0.012219327502], [0.00109051668551, 0.00130294810515, 0.000171863779542, -0.0016053316649, 0.00151024071965, -0.0044336928986, 0.00378287793137, -0.00352616491728, -0.00176501320675, 0.00772026879713, -0.0112745109946, 0.028548873961, -0.00996794551611], [0.000165145524079, -0.000546090421267, 0.00152515398804, 0.00164282904007, 0.000279503903585, 0.00289020501077, 0.00147842697334, 0.00169520510826, 0.00414611911401, -0.00764681305736, 0.012219327502, -0.00996794551611, 0.0209064055234]]
    },
    "melbands": {
        "mean": [3.76420066459e-005, 0.000666161475237, 0.000979293952696, 0.00150206568651, 0.000947619031649, 0.000776364351623, 0.000332503288519, 0.000202363735298, 0.00045945122838, 0.000148097416968, 8.1771700934e-005, 7.88573961472e-005, 1.01172881841e-005, 1.40170532177e-005, 1.93924806808e-005, 1.7481532268e-005, 2.88121045742e-005, 7.66860466683e-006, 1.21989705804e-005, 1.02187132143e-005, 1.39671101351e-005, 4.7172743507e-006, 2.33095875046e-006, 2.35966253967e-005, 5.27612155565e-006, 1.92641755348e-006, 7.87838246197e-007, 1.02443948435e-006, 2.17898829646e-007, 8.16608292098e-008, 8.54039825526e-008, 2.74401905642e-008, 2.55000607297e-008, 5.82044314967e-008, 4.42249010746e-008, 3.12314831774e-008, 1.33690134518e-008, 8.16195644404e-009, 7.82525688692e-009, 3.77204978363e-009],
        "var": [2.19006568436e-009, 6.58975011447e-007, 2.0336419766e-006, 9.20363618206e-006, 2.12648933484e-006, 1.55553232162e-006, 2.85116072973e-007, 1.49929363147e-007, 8.17924160401e-007, 9.84475789778e-008, 3.1475369866e-008, 5.54752546122e-008, 3.18382292752e-010, 1.14789011629e-009, 6.77406297722e-010, 1.08485564976e-009, 2.9368458776e-009, 2.99803404324e-010, 6.0471322394e-010, 2.99372443502e-010, 4.06511185824e-010, 5.1464811579e-011, 3.58084915886e-011, 1.50710932623e-009, 6.23070484096e-011, 1.38121849028e-011, 1.59918855502e-012, 2.56944053707e-012, 1.1485022731e-013, 5.1514666827e-014, 3.31717956597e-014, 4.1326415624e-015, 7.2851880778e-015, 5.48472400309e-014, 9.58838043685e-014, 3.77465291283e-014, 5.52666255249e-015, 9.29894898232e-016, 3.97331424151e-015, 2.51394561245e-016]
    },
    "mfcc": {
        "mean": [-789.614624023, 197.36378479, 9.42467689514, 27.7466945648, 13.2110767365, -10.188867569, -12.9816808701, -5.24524307251, -11.7200202942, 0.161364227533, -4.01765060425, -7.70260763168, -8.22866153717],
        "cov": [[12857.3544922, 802.106445313, -5493.2578125, -517.69744873, -805.681274414, -1237.30102539, -406.970458984, -88.7009353638, -592.218994141, 264.089447021, -251.597930908, -232.947265625, -254.423904419], [802.106445313, 1500.27636719, 1.81268155575, -784.539489746, -170.609695435, -115.496231079, -137.037414551, -130.315505981, -31.6111373901, -61.6954307556, -25.1013221741, -87.9276733398, -98.1811065674], [-5493.2578125, 1.81268155575, 2808.99194336, 133.390274048, 248.797317505, 556.960571289, 150.791793823, 0.101303592324, 184.068740845, -165.876525879, 93.9633255005, 95.1981735229, 54.629322052], [-517.69744873, -784.539489746, 133.390274048, 709.646179199, 149.675994873, 22.1874294281, 81.3493270874, 23.097661972, -7.48288202286, -3.17089891434, 0.614202558994, 58.2999610901, 39.8840560913], [-805.681274414, -170.609695435, 248.797317505, 149.675994873, 215.902816772, 102.54498291, 14.6824569702, -2.90285372734, 23.618391037, -8.65317726135, 18.7952270508, 7.09609699249, 24.6306114197], [-1237.30102539, -115.496231079, 556.960571289, 22.1874294281, 102.54498291, 255.571304321, 71.7891235352, -8.32328796387, 54.4700050354, -15.9358272552, 34.6162109375, 22.7326316833, 19.9368076324], [-406.970458984, -137.037414551, 150.791793823, 81.3493270874, 14.6824569702, 71.7891235352, 167.91116333, 73.9522094727, -5.74866676331, -4.85515737534, 29.0053272247, 20.5228729248, -0.296487212181], [-88.7009353638, -130.315505981, 0.101303592324, 23.097661972, -2.90285372734, -8.32328796387, 73.9522094727, 177.491043091, 33.5327644348, -7.54083967209, 30.5511627197, 0.453542590141, 0.717419147491], [-592.218994141, -31.6111373901, 184.068740845, -7.48288202286, 23.618391037, 54.4700050354, -5.74866676331, 33.5327644348, 170.677093506, 24.4260501862, -13.4194784164, -0.654612600803, 34.9147224426], [264.089447021, -61.6954307556, -165.876525879, -3.17089891434, -8.65317726135, -15.9358272552, -4.85515737534, -7.54083967209, 24.4260501862, 99.4597854614, 8.37130355835, -23.3394317627, 2.49459385872], [-251.597930908, -25.1013221741, 93.9633255005, 0.614202558994, 18.7952270508, 34.6162109375, 29.0053272247, 30.5511627197, -13.4194784164, 8.37130355835, 91.1680221558, 20.0896835327, -17.6278800964], [-232.947265625, -87.9276733398, 95.1981735229, 58.2999610901, 7.09609699249, 22.7326316833, 20.5228729248, 0.453542590141, -0.654612600803, -23.3394317627, 20.0896835327, 73.652923584, 27.3046855927], [-254.423904419, -98.1811065674, 54.629322052, 39.8840560913, 24.6306114197, 19.9368076324, -0.296487212181, 0.717419147491, 34.9147224426, 2.49459385872, -17.6278800964, 27.3046855927, 79.379119873]],
        "icov": [[0.00147930474486, -0.00137584027834, 0.00262902933173, -0.00152689917013, 0.00239698868245, -0.00162801914848, 0.00195628474467, -0.00189216993749, 0.00272688083351, -0.00167638086714, 0.00218972703442, -0.00103157677222, 0.00138149980921], [-0.00137584027834, 0.00398089410737, -0.00289483717643, 0.00438831653446, -0.00279348809272, 0.00420643389225, -0.00286245043389, 0.00422544544563, -0.00333076738752, 0.00358796888031, -0.00255431397818, 0.00217913580127, 9.82368655968e-005], [0.00262902933173, -0.00289483717643, 0.0055201118812, -0.00332503626123, 0.00437992811203, -0.00467836856842, 0.00356123666279, -0.0034831345547, 0.00427469843999, -0.00196170364507, 0.00333906686865, -0.00188394426368, 0.00214938912541], [-0.00152689917013, 0.00438831653446, -0.00332503626123, 0.00688972277567, -0.00489300163463, 0.00566805526614, -0.00427971873432, 0.00462943408638, -0.00342462165281, 0.00319320848212, -0.00183516705874, 0.000544501410332, 0.000208310229937], [0.00239698868245, -0.00279348809272, 0.00437992811203, -0.00489300163463, 0.011609358713, -0.00635702628642, 0.00497295381501, -0.00364440004341, 0.00463777547702, -0.00203242665157, 0.00163364002947, 0.000975751841906, -0.000231240395806], [-0.00162801914848, 0.00420643389225, -0.00467836856842, 0.00566805526614, -0.00635702628642, 0.0144171137363, -0.00741590326652, 0.00721001811326, -0.00566420936957, 0.00357531406917, -0.00458198739216, 0.00224502920173, -0.00079559860751], [0.00195628474467, -0.00286245043389, 0.00356123666279, -0.00427971873432, 0.00497295381501, -0.00741590326652, 0.0136494673789, -0.00866447109729, 0.00658321985975, -0.00482518970966, 0.00402849540114, -0.00382383540273, 0.0023440066725], [-0.00189216993749, 0.00422544544563, -0.0034831345547, 0.00462943408638, -0.00364440004341, 0.00721001811326, -0.00866447109729, 0.0142739368603, -0.00797806400806, 0.00747381523252, -0.00799541547894, 0.00558035541326, -0.002029604977], [0.00272688083351, -0.00333076738752, 0.00427469843999, -0.00342462165281, 0.00463777547702, -0.00566420936957, 0.00658321985975, -0.00797806400806, 0.0146198151633, -0.00805282685906, 0.00760743301362, -0.00317834783345, 8.4758932644e-005], [-0.00167638086714, 0.00358796888031, -0.00196170364507, 0.00319320848212, -0.00203242665157, 0.00357531406917, -0.00482518970966, 0.00747381523252, -0.00805282685906, 0.0193726252764, -0.00935717206448, 0.00946094002575, -0.00394165096804], [0.00218972703442, -0.00255431397818, 0.00333906686865, -0.00183516705874, 0.00163364002947, -0.00458198739216, 0.00402849540114, -0.00799541547894, 0.00760743301362, -0.00935717206448, 0.0217413976789, -0.0108670294285, 0.00872856844217], [-0.00103157677222, 0.00217913580127, -0.00188394426368, 0.000544501410332, 0.000975751841906, 0.00224502920173, -0.00382383540273, 0.00558035541326, -0.00317834783345, 0.00946094002575, -0.0108670294285, 0.0249602664262, -0.0104178581387], [0.00138149980921, 9.82368655968e-005, 0.00214938912541, 0.000208310229937, -0.000231240395806, -0.00079559860751, 0.0023440066725, -0.002029604977, 8.4758932644e-005, -0.00394165096804, 0.00872856844217, -0.0104178581387, 0.0214704815298]]
    },
    "spectral_contrast_coeffs": {
        "mean": [-0.528225779533, -0.655621647835, -0.728141009808, -0.737266540527, -0.737569093704, -0.818252265453],
        "var": [0.00899085588753, 0.0076208235696, 0.00822853390127, 0.00876446720213, 0.0102585703135, 0.00229446543381]
    },
    "spectral_contrast_valleys": {
        "mean": [-8.1572971344, -7.52096700668, -8.94769096375, -9.51392745972, -9.99485588074, -12.3639745712],
        "var": [0.54295951128, 1.61409187317, 1.56271481514, 1.44138658047, 1.30079209805, 0.338862717152]
    }
},
"metadata": {
    "audio_properties": {
        "analysis_sample_rate": 44100,
        "bit_rate": 128074,
        "equal_loudness": 0,
        "length": 45.0612258911,
        "lossless": 0,
        "replay_gain": -5.72310638428,
        "sample_rate": 44100,
        "codec": "mp3",
        "downmix": "mix",
        "md5_encoded": "fd5ad94305baa03604bba91eb8e65c05"
    },
    "tags": {
        "file_name": "1034.mp3"
    },
    "version": {
        "essentia": "2.1-beta2",
        "essentia_git_sha": "v2.1_beta2",
        "extractor": "music 1.0"
    }
},
"rhythm": {
    "beats_count": 101,
    "beats_loudness": {
        "mean": 0.0283996965736,
        "var": 0.000960717967246
    },
    "bpm": 136.725479126,
    "bpm_histogram_first_peak_bpm": {
        "mean": 136,
        "var": 0
    },
    "bpm_histogram_first_peak_spread": {
        "mean": 0.5,
        "var": 0
    },
    "bpm_histogram_first_peak_weight": {
        "mean": 0.289999991655,
        "var": 0
    },
    "bpm_histogram_second_peak_bpm": {
        "mean": 144,
        "var": 0
    },
    "bpm_histogram_second_peak_spread": {
        "mean": 0.117647029459,
        "var": 0
    },
    "bpm_histogram_second_peak_weight": {
        "mean": 0.15000000596,
        "var": 0
    },
    "danceability": 0.990152776241,
    "onset_rate": 1.46401381493,
    "beats_loudness_band_ratio": {
        "mean": [0.403755605221, 0.374613016844, 0.166827112436, 0.0422062911093, 0.0479278415442, 0.00393564952537],
        "var": [0.104159891605, 0.0584218613803, 0.0237956605852, 0.00305658113211, 0.00800030026585, 6.1601633206e-005]
    },
    "beats_position": [0.441179126501, 0.905578196049, 1.369977355, 1.84598636627, 2.32199549675, 2.7863945961, 3.25079369545, 3.69197273254, 4.14476203918, 4.59755086899, 5.0387301445, 5.47990942001, 5.89786815643, 6.33904743195, 6.7570066452, 7.20979595184, 7.65097475052, 8.09215450287, 8.52172279358, 8.92807197571, 9.35764122009, 9.77560043335, 10.2051696777, 10.6347389221, 11.0526981354, 11.4938774109, 11.9350566864, 12.3762359619, 12.7941951752, 13.2237634659, 13.6533327103, 14.0945119858, 14.5356912613, 14.9768705368, 15.4180498123, 15.8476190567, 16.2771873474, 16.6951465607, 17.1247158051, 17.5542850494, 17.995464325, 18.4366436005, 18.8894329071, 19.3306121826, 19.760181427, 20.1781406403, 20.5960998535, 21.037279129, 21.4552383423, 21.8731975555, 22.2911567688, 22.7091159821, 23.1270751953, 23.5450344086, 23.9513835907, 24.369342804, 24.7989120483, 25.2284793854, 25.7277088165, 26.2269382477, 26.7261676788, 27.2370071411, 27.7362346649, 28.2354640961, 28.7230834961, 29.2107028961, 29.7099323273, 30.1859397888, 30.6619491577, 31.1495685577, 31.5326976776, 31.9274368286, 32.322177887, 32.7169151306, 33.111656189, 33.5063934326, 33.901134491, 34.3423118591, 34.783493042, 35.2246704102, 35.6658477783, 36.0954170227, 36.5249862671, 36.96616745, 37.4073448181, 37.848526001, 38.2780952454, 38.7076644897, 39.1488418579, 39.5900230408, 40.0312004089, 40.4607696533, 40.8903388977, 41.3199081421, 41.7726974487, 42.2138786316, 42.6550559998, 43.1078453064, 43.560634613, 44.0134239197, 44.4662132263]
},
"tonal": {
    "chords_changes_rate": 0.0360082313418,
    "chords_number_rate": 0.0102880662307,
    "chords_strength": {
        "mean": 0.546547889709,
        "var": 0.0133366258815
    },
    "hpcp_entropy": {
        "mean": 1.62969112396,
        "var": 0.449236780405
    },
    "key_strength": 0.743573725224,
    "tuning_diatonic_strength": 0.529237687588,
    "tuning_equal_tempered_deviation": 0.084549896419,
    "tuning_frequency": 438.477722168,
    "tuning_nontempered_energy_ratio": 0.783790171146,
    "hpcp": {
        "mean": [0.0606061071157, 0.0493538454175, 0.0170317348093, 0.0212695542723, 0.0890076383948, 0.371976554394, 0.595527887344, 0.38719278574, 0.094738163054, 0.00599543796852, 0.0031529602129, 0.0174640268087, 0.0635211765766, 0.0689918547869, 0.0704901739955, 0.128342345357, 0.0903802961111, 0.0322439149022, 0.0822557881474, 0.0733994990587, 0.0759720206261, 0.159201860428, 0.106360562146, 0.0130409887061, 0.00363953481428, 0.00632360298187, 0.0911147817969, 0.228711888194, 0.174646094441, 0.0902045294642, 0.129112288356, 0.0745497643948, 0.00755861029029, 0.0127331065014, 0.0159343760461, 0.0300549585372],
        "var": [0.0295767802745, 0.0211803019047, 0.00404958287254, 0.00539142126217, 0.021246407181, 0.108404882252, 0.148526951671, 0.125156164169, 0.0314741432667, 0.00137700990308, 0.000454783526948, 0.00380669930018, 0.0349425412714, 0.0382147617638, 0.0159332454205, 0.068271227181, 0.0397000275552, 0.00380648602732, 0.057651668787, 0.0484901107848, 0.0216968879104, 0.100185386837, 0.0374818667769, 0.00152921897825, 0.000702481775079, 0.000177661364432, 0.021498804912, 0.105117537081, 0.0574580170214, 0.0230139847845, 0.0789807960391, 0.0265481583774, 0.000245322386036, 0.00118181062862, 0.00282674352638, 0.00992379523814]
    },
    "chords_histogram": [2.05761313438, 19.2386837006, 30.5555553436, 0, 0.823045253754, 0.411522626877, 1.95473253727, 2.77777767181, 3.80658435822, 30.0411529541, 0, 0.102880656719, 2.77777767181, 0, 0, 0, 0.411522626877, 2.16049385071, 1.95473253727, 0, 0, 0, 0, 0.925925910473],
    "thpcp": [1, 0.650167346001, 0.159082666039, 0.0100674340501, 0.00529439561069, 0.0293252877891, 0.106663644314, 0.115849912167, 0.118365868926, 0.215510219336, 0.1517650038, 0.0541434176266, 0.138122484088, 0.123251155019, 0.12757088244, 0.267328977585, 0.178598791361, 0.0218982007354, 0.00611144304276, 0.0106184836477, 0.15299834311, 0.384048998356, 0.293262660503, 0.151469871402, 0.216803088784, 0.125182658434, 0.0126922857016, 0.0213812086731, 0.0267567243427, 0.0504677593708, 0.10176871717, 0.0828741118312, 0.0285993907601, 0.0357154645026, 0.149460062385, 0.624616503716],
    "chords_key": "B",
    "chords_scale": "minor",
    "key_key": "E",
    "key_scale": "minor"
}
}