{
"lowlevel": {
    "average_loudness": 0.801642119884,
    "barkbands_crest": {
        "mean": 12.3233242035,
        "var": 26.1662826538
    },
    "barkbands_flatness_db": {
        "mean": 0.193240389228,
        "var": 0.00437625544146
    },
    "barkbands_kurtosis": {
        "mean": 8.4936876297,
        "var": 181.82333374
    },
    "barkbands_skewness": {
        "mean": 2.06398415565,
        "var": 2.00916028023
    },
    "barkbands_spread": {
        "mean": 12.847738266,
        "var": 132.368652344
    },
    "dissonance": {
        "mean": 0.43617016077,
        "var": 0.00153428234626
    },
    "dynamic_complexity": 3.77624130249,
    "erbbands_crest": {
        "mean": 10.5952320099,
        "var": 19.5485401154
    },
    "erbbands_flatness_db": {
        "mean": 0.209630891681,
        "var": 0.00271829008125
    },
    "erbbands_kurtosis": {
        "mean": 1.26198589802,
        "var": 10.3961858749
    },
    "erbbands_skewness": {
        "mean": 0.81771749258,
        "var": 0.642609715462
    },
    "erbbands_spread": {
        "mean": 31.1876239777,
        "var": 436.442474365
    },
    "hfc": {
        "mean": 13.0320482254,
        "var": 221.299468994
    },
    "melbands_crest": {
        "mean": 13.6567983627,
        "var": 19.7749977112
    },
    "melbands_flatness_db": {
        "mean": 0.255490809679,
        "var": 0.00601194705814
    },
    "melbands_kurtosis": {
        "mean": 15.5614738464,
        "var": 331.725769043
    },
    "melbands_skewness": {
        "mean": 2.70436620712,
        "var": 2.62154197693
    },
    "melbands_spread": {
        "mean": 13.8500022888,
        "var": 108.363143921
    },
    "pitch_salience": {
        "mean": 0.558157444,
        "var": 0.0119757764041
    },
    "silence_rate_20dB": {
        "mean": 1,
        "var": 0
    },
    "silence_rate_30dB": {
        "mean": 0.998455226421,
        "var": 0.00154241139535
    },
    "silence_rate_60dB": {
        "mean": 0.0690010264516,
        "var": 0.0642395690084
    },
    "spectral_centroid": {
        "mean": 812.354736328,
        "var": 218828.59375
    },
    "spectral_complexity": {
        "mean": 13.1951599121,
        "var": 46.7276344299
    },
    "spectral_decrease": {
        "mean": -4.85276441253e-009,
        "var": 2.0927497444e-017
    },
    "spectral_energy": {
        "mean": 0.0194974709302,
        "var": 0.000337025237968
    },
    "spectral_energyband_high": {
        "mean": 0.000255170918535,
        "var": 2.61484018438e-007
    },
    "spectral_energyband_low": {
        "mean": 0.00145738315769,
        "var": 4.05427726946e-006
    },
    "spectral_energyband_middle_high": {
        "mean": 0.00429884018376,
        "var": 6.48463246762e-005
    },
    "spectral_energyband_middle_low": {
        "mean": 0.0140454135835,
        "var": 0.000211648235563
    },
    "spectral_entropy": {
        "mean": 6.99888134003,
        "var": 0.364666670561
    },
    "spectral_flux": {
        "mean": 0.0566667839885,
        "var": 0.00127070443705
    },
    "spectral_kurtosis": {
        "mean": 8.73281669617,
        "var": 78.0353775024
    },
    "spectral_rms": {
        "mean": 0.00394927058369,
        "var": 3.42519024343e-006
    },
    "spectral_rolloff": {
        "mean": 1055.29370117,
        "var": 1860455.25
    },
    "spectral_skewness": {
        "mean": 2.01233029366,
        "var": 0.733045697212
    },
    "spectral_spread": {
        "mean": 3736599.5,
        "var": 5.43639627366e+012
    },
    "spectral_strongpeak": {
        "mean": 1.05815398693,
        "var": 1.51427471638
    },
    "zerocrossingrate": {
        "mean": 0.0426904149354,
        "var": 0.00112015916966
    },
    "barkbands": {
        "mean": [5.78411072638e-006, 0.000396007148083, 0.000741005351301, 0.000684970116708, 0.00724175618961, 0.00165270711295, 0.00119359756354, 0.00102510256693, 0.00176398770418, 0.000767737976275, 0.000824046728667, 0.000749701226596, 0.000668070395477, 0.000729127728846, 0.000284982321318, 0.000120240656543, 0.000115095994261, 9.53203416429e-005, 0.000124340018374, 0.000109235530545, 4.64963486593e-005, 5.16450927535e-005, 2.57557494479e-005, 2.93969605991e-005, 3.7347937905e-005, 1.36301796374e-005, 3.98813227775e-007],
        "var": [4.53526383115e-010, 5.17188311733e-007, 2.16755029214e-006, 1.04586797534e-006, 0.00011618436838, 5.57965495318e-006, 4.85915234094e-006, 8.31617944641e-006, 1.93336527445e-005, 2.64825575869e-006, 5.92369997321e-006, 8.64922913024e-006, 4.90085858473e-006, 5.93388813286e-006, 8.41588075673e-007, 5.98364593429e-008, 4.88886513494e-008, 3.43690444993e-008, 3.03421501258e-008, 2.86592172216e-008, 7.82808573518e-009, 1.72948144694e-008, 6.28355589782e-009, 1.28737482896e-008, 2.56204586435e-008, 3.77445807942e-009, 7.34755225412e-012]
    },
    "erbbands": {
        "mean": [0.00554671417922, 0.117781035602, 0.682316243649, 1.80739891529, 6.35471630096, 36.3120574951, 19.6804695129, 14.2133321762, 15.6957807541, 21.1146869659, 24.3806495667, 35.8929710388, 42.7101325989, 18.7584323883, 33.6703948975, 33.1148414612, 32.1229743958, 41.7552719116, 21.9309120178, 10.3157596588, 5.95677995682, 6.41817855835, 5.40461730957, 6.04764223099, 6.26628780365, 5.16188192368, 2.39656853676, 1.79981660843, 2.10804915428, 1.03006446362, 0.712714374065, 0.622388839722, 0.507579267025, 0.418229848146, 0.25323420763, 0.0985900461674, 0.0162164457142, 0.00189376005437, 6.23949235887e-005, 2.49529148277e-005],
        "var": [0.000138358562253, 0.0378636159003, 1.43263685703, 6.02972841263, 52.3509063721, 3671.20898438, 723.195556641, 511.650390625, 654.06640625, 2698.04614258, 4059.29321289, 10572.0019531, 7149.90820313, 1116.48669434, 9064.69238281, 14971.3642578, 9086.85742188, 23675.7597656, 4050.140625, 544.170593262, 106.56778717, 136.110595703, 127.496261597, 76.2843017578, 85.1351165771, 71.6374511719, 14.8050165176, 14.3618078232, 34.0261459351, 5.31158828735, 5.49308919907, 4.75915002823, 4.45888090134, 3.22128248215, 1.22005343437, 0.201057970524, 0.00549184717238, 8.83084358065e-005, 8.65759446356e-008, 5.53694423644e-010]
    },
    "gfcc": {
        "mean": [-64.4803085327, 129.940109253, -128.531265259, 16.9780101776, -68.099609375, -7.9854927063, -36.9537162781, -11.3322353363, -34.6292915344, -5.65857839584, -19.7288265228, -8.13006401062, -7.2845697403],
        "cov": [[7294.16894531, -2231.05981445, -661.47265625, -208.295974731, -512.787231445, 535.04901123, -492.330841064, 779.243225098, -241.867752075, 460.968353271, -131.939682007, 107.924552917, -449.468566895], [-2231.05981445, 1928.03991699, -302.439788818, 59.6683692932, 403.01071167, -403.557647705, 512.58581543, -482.031707764, 220.183029175, -248.991439819, 161.71295166, -111.88974762, 233.585769653], [-661.47265625, -302.439788818, 856.61138916, 72.1568908691, -44.8240242004, 159.787979126, -170.432723999, 116.939544678, -46.6786727905, 11.4757957458, -33.652469635, 62.1352272034, 24.7602615356], [-208.295974731, 59.6683692932, 72.1568908691, 369.218811035, 13.4011201859, -30.9599781036, 50.1854629517, -43.2117538452, 105.965286255, 7.42409467697, -1.1110188961, -2.42649054527, 51.585067749], [-512.787231445, 403.01071167, -44.8240242004, 13.4011201859, 254.284942627, -11.1738166809, 93.8494644165, -27.1983146667, 37.562789917, -30.9284381866, 30.6112785339, -22.3817424774, 42.2868766785], [535.04901123, -403.557647705, 159.787979126, -30.9599781036, -11.1738166809, 306.532104492, -41.1175575256, 168.56477356, -43.5212554932, 70.0559768677, -3.32946777344, 31.3653450012, -81.3124771118], [-492.330841064, 512.58581543, -170.432723999, 50.1854629517, 93.8494644165, -41.1175575256, 327.893432617, -120.48135376, 64.4513244629, -39.6692123413, 69.6887054443, -7.66525888443, 26.1877307892], [779.243225098, -482.031707764, 116.939544678, -43.2117538452, -27.1983146667, 168.56477356, -120.48135376, 338.015533447, -26.3035182953, 104.259735107, -34.4055519104, 39.3700523376, -77.852104187], [-241.867752075, 220.183029175, -46.6786727905, 105.965286255, 37.562789917, -43.5212554932, 64.4513244629, -26.3035182953, 157.465133667, 1.04305183887, 9.02071094513, -24.465801239, 31.1009159088], [460.968353271, -248.991439819, 11.4757957458, 7.42409467697, -30.9284381866, 70.0559768677, -39.6692123413, 104.259735107, 1.04305183887, 150.058502197, 2.19592356682, 16.6148929596, -62.5181808472], [-131.939682007, 161.71295166, -33.652469635, -1.1110188961, 30.6112785339, -3.32946777344, 69.6887054443, -34.4055519104, 9.02071094513, 2.19592356682, 105.034660339, 22.2468128204, 5.07163667679], [107.924552917, -111.88974762, 62.1352272034, -2.42649054527, -22.3817424774, 31.3653450012, -7.66525888443, 39.3700523376, -24.465801239, 16.6148929596, 22.2468128204, 91.9463729858, 15.4221858978], [-449.468566895, 233.585769653, 24.7602615356, 51.585067749, 42.2868766785, -81.3124771118, 26.1877307892, -77.852104187, 31.1009159088, -62.5181808472, 5.07163667679, 15.4221858978, 129.217346191]],
        "icov": [[0.000396211515181, -0.000151176282088, 0.000649907218758, -0.000251317513175, 0.000654808187392, -0.000566417758819, 0.000527687312569, -0.000556085549761, 0.000415972928749, -0.000391023117118, 0.000233813276282, -0.00039631940308, 0.000363377883332], [-0.000151176282088, 0.00501215877011, -0.00114024232607, 0.00195201451425, -0.00460709258914, 0.00371632282622, -0.00446543609723, 0.00205522379838, -0.00334683805704, 0.0020733224228, -0.00352212018333, 0.00348488171585, -0.00262662488967], [0.000649907218758, -0.00114024232607, 0.00285415654071, -0.00124205101747, 0.00190060283057, -0.00249827490188, 0.00242926366627, -0.00130081153475, 0.00151984987315, -0.00063967105234, 0.00105684192386, -0.00182386359666, 0.000301567983115], [-0.000251317513175, 0.00195201451425, -0.00124205101747, 0.00458982121199, -0.00180524156895, 0.00162410549819, -0.00235116365366, 0.0015267112758, -0.00378369563259, 4.69845072075e-005, -0.000890201888978, 0.00135365815368, -0.00218124943785], [0.000654808187392, -0.00460709258914, 0.00190060283057, -0.00180524156895, 0.00999375060201, -0.00451190350577, 0.00338999880478, -0.0033361739479, 0.00322937453166, -0.00203182594851, 0.00214586080983, -0.00139696418773, 0.000477850233437], [-0.000566417758819, 0.00371632282622, -0.00249827490188, 0.00162410549819, -0.00451190350577, 0.00896286312491, -0.00450674071908, 0.000125501683215, -0.00206850282848, 0.00160381360911, -0.00291236140765, 0.00213367980905, 0.000381173944334], [0.000527687312569, -0.00446543609723, 0.00242926366627, -0.00235116365366, 0.00338999880478, -0.00450674071908, 0.0094148023054, -0.000878018210642, 0.0019004807109, -0.00134896079544, 0.00125054619275, -0.00435010204092, 0.00335842580535], [-0.000556085549761, 0.00205522379838, -0.00130081153475, 0.0015267112758, -0.0033361739479, 0.000125501683215, -0.000878018210642, 0.00729762995616, -0.0028562922962, -0.000763355521485, 7.69128164393e-005, -0.000641835678834, 0.000127440158394], [0.000415972928749, -0.00334683805704, 0.00151984987315, -0.00378369563259, 0.00322937453166, -0.00206850282848, 0.0019004807109, -0.0028562922962, 0.0121008362621, -0.00289036589675, 0.0018405308947, 0.000514411367476, -0.000192833555047], [-0.000391023117118, 0.0020733224228, -0.00063967105234, 4.69845072075e-005, -0.00203182594851, 0.00160381360911, -0.00134896079544, -0.000763355521485, -0.00289036589675, 0.0116568282247, -0.00271085719578, -0.000124523969134, 0.00294013274834], [0.000233813276282, -0.00352212018333, 0.00105684192386, -0.000890201888978, 0.00214586080983, -0.00291236140765, 0.00125054619275, 7.69128164393e-005, 0.0018405308947, -0.00271085719578, 0.0152643145993, -0.00693890452385, 0.00306557980366], [-0.00039631940308, 0.00348488171585, -0.00182386359666, 0.00135365815368, -0.00139696418773, 0.00213367980905, -0.00435010204092, -0.000641835678834, 0.000514411367476, -0.000124523969134, -0.00693890452385, 0.0188297722489, -0.00773340696469], [0.000363377883332, -0.00262662488967, 0.000301567983115, -0.00218124943785, 0.000477850233437, 0.000381173944334, 0.00335842580535, 0.000127440158394, -0.000192833555047, 0.00294013274834, 0.00306557980366, -0.00773340696469, 0.0163152161986]]
    },
    "melbands": {
        "mean": [8.25564129627e-005, 0.000297122023767, 0.000382201425964, 0.00146706181113, 0.00103698042221, 0.000321016530506, 0.000238889741013, 0.000223266368266, 0.00020469033916, 0.000240704510361, 0.000207494274946, 6.42797749606e-005, 0.00012644463277, 6.78973592585e-005, 9.41570833675e-005, 7.18428418622e-005, 7.46895093471e-005, 3.74932023988e-005, 1.65452802321e-005, 9.78975367616e-006, 6.57241434965e-006, 6.44697183816e-006, 6.02082127443e-006, 4.40571011495e-006, 4.95969334224e-006, 4.58699696537e-006, 4.32885963164e-006, 3.25017572322e-006, 1.55892985276e-006, 1.18313323583e-006, 9.68869130702e-007, 1.24969767512e-006, 8.68556639944e-007, 4.73377497201e-007, 4.00326371164e-007, 3.92855781683e-007, 3.72409800775e-007, 3.51095025053e-007, 3.65808801917e-007, 3.43105824641e-007],
        "var": [2.55149235073e-008, 2.26192923947e-007, 2.00845349241e-007, 4.44370107289e-006, 2.63754418484e-006, 2.41921952693e-007, 1.55154737058e-007, 3.21708085949e-007, 2.91011843956e-007, 4.1925366645e-007, 1.79569269676e-007, 1.36140165807e-008, 1.41396228059e-007, 4.08177349698e-008, 1.40888502642e-007, 6.53171952081e-008, 7.16293300229e-008, 1.26372770026e-008, 2.0964650016e-009, 5.36269251228e-010, 1.45856521305e-010, 1.32751420967e-010, 1.84484247323e-010, 8.43719885624e-011, 5.67578033184e-011, 4.73844158355e-011, 4.82014463066e-011, 3.46558476361e-011, 6.8078151623e-012, 5.74816973534e-012, 5.53576542245e-012, 1.4791376457e-011, 3.01994345329e-012, 1.84604762032e-012, 1.86391050164e-012, 1.95648575466e-012, 1.76013923488e-012, 2.37378562987e-012, 2.51845506255e-012, 2.21214192797e-012]
    },
    "mfcc": {
        "mean": [-703.653198242, 157.99369812, -7.69390869141, 21.4313716888, -14.9818477631, -0.997994184494, -3.67197775841, -11.0597829819, -10.5999946594, -5.82795095444, -6.8300037384, -16.438999176, -10.6799573898],
        "cov": [[6617.91259766, -1523.77307129, -876.383728027, -401.103881836, -292.333496094, -179.295227051, -119.162254333, 119.015396118, -103.922180176, 233.664291382, 233.243606567, 268.587493896, 83.6774673462], [-1523.77307129, 1354.7611084, -280.104064941, 187.850738525, -61.9705085754, 94.4683227539, 115.255722046, -17.4584789276, 21.5187683105, -87.7018127441, -3.44893217087, -82.2102508545, -7.52112865448], [-876.383728027, -280.104064941, 811.975708008, -33.8272705078, 187.965499878, 10.9591379166, -11.3388929367, 22.3109397888, 24.8416786194, 0.0142555907369, -47.2858772278, -7.90719127655, -21.7301006317], [-401.103881836, 187.850738525, -33.8272705078, 400.351318359, -34.380569458, 55.7675552368, -47.6317901611, -43.4904136658, 72.9066238403, -15.2262029648, -0.574716448784, -34.7866706848, 23.5967178345], [-292.333496094, -61.9705085754, 187.965499878, -34.380569458, 298.864685059, -37.089969635, -9.17916488647, 26.5041351318, 32.5221405029, 56.8216781616, -52.9047164917, 8.90513801575, 1.42673480511], [-179.295227051, 94.4683227539, 10.9591379166, 55.7675552368, -37.089969635, 189.852340698, 63.7956008911, 0.614468812943, 9.8165178299, -15.2884817123, 58.9725151062, -14.1025438309, -7.72693681717], [-119.162254333, 115.255722046, -11.3388929367, -47.6317901611, -9.17916488647, 63.7956008911, 184.601837158, 65.5840530396, -18.0869007111, 0.860670983791, 35.5646438599, 30.440454483, 14.8545761108], [119.015396118, -17.4584789276, 22.3109397888, -43.4904136658, 26.5041351318, 0.614468812943, 65.5840530396, 145.140609741, 28.1649112701, 22.9850444794, 8.65115642548, 36.8632583618, 37.9882850647], [-103.922180176, 21.5187683105, 24.8416786194, 72.9066238403, 32.5221405029, 9.8165178299, -18.0869007111, 28.1649112701, 132.850692749, 39.77293396, 3.62813687325, 0.91739153862, 9.10969924927], [233.664291382, -87.7018127441, 0.0142555907369, -15.2262029648, 56.8216781616, -15.2884817123, 0.860670983791, 22.9850444794, 39.77293396, 125.00655365, 45.0967636108, 23.3999500275, 17.1073646545], [233.243606567, -3.44893217087, -47.2858772278, -0.574716448784, -52.9047164917, 58.9725151062, 35.5646438599, 8.65115642548, 3.62813687325, 45.0967636108, 151.595306396, 48.4350585938, 15.08040905], [268.587493896, -82.2102508545, -7.90719127655, -34.7866706848, 8.90513801575, -14.1025438309, 30.440454483, 36.8632583618, 0.91739153862, 23.3999500275, 48.4350585938, 124.625984192, 41.0983810425], [83.6774673462, -7.52112865448, -21.7301006317, 23.5967178345, 1.42673480511, -7.72693681717, 14.8545761108, 37.9882850647, 9.10969924927, 17.1073646545, 15.08040905, 41.0983810425, 98.7780838013]],
        "icov": [[0.000400521268602, 0.000474203116028, 0.000543298781849, 0.000138781571877, 0.000231905243709, 1.83987231139e-005, 0.000291161006317, -0.00040536315646, 0.000242528170929, -0.000386611995054, -0.000203416406293, -0.000327762041707, 0.000105397943116], [0.000474203116028, 0.00161544396542, 0.0010458601173, -0.00025354855461, -4.72450592497e-005, 8.82022504811e-005, -0.000617254932877, -0.000280883570667, -9.11285460461e-005, 0.000437416776549, -0.000514434359502, 0.000380811863579, 7.31126274331e-005], [0.000543298781849, 0.0010458601173, 0.00239029503427, 0.000148523395183, -0.000815233739559, -0.000311856390908, 0.0002590881777, -0.000699256197549, 3.24308712152e-005, 0.00027801989927, -0.000314718839945, -0.000183503521839, 0.000400345481467], [0.000138781571877, -0.00025354855461, 0.000148523395183, 0.00369293801486, 0.00041042274097, -0.00109430553857, 0.00109201413579, 0.00106934818905, -0.00196441356093, 0.000233459228184, 0.000139057970955, 0.000301470572595, -0.00165932171512], [0.000231905243709, -4.72450592497e-005, -0.000815233739559, 0.00041042274097, 0.00534573895857, -0.000103021302493, 0.000374170980649, -0.000426977931056, -7.40004688851e-005, -0.00351846427657, 0.00266576954164, -0.00129895692226, 0.000294889323413], [1.83987231139e-005, 8.82022504811e-005, -0.000311856390908, -0.00109430553857, -0.000103021302493, 0.00831009540707, -0.00314485933632, 0.000511031772476, -0.00106548820622, 0.00220645545051, -0.0040964204818, 0.0022766883485, 0.000506156822667], [0.000291161006317, -0.000617254932877, 0.0002590881777, 0.00109201413579, 0.000374170980649, -0.00314485933632, 0.00944542326033, -0.00417838199064, 0.00230308435857, -0.0010405338835, -0.000124625774333, -0.00202889484353, 0.000268560746918], [-0.00040536315646, -0.000280883570667, -0.000699256197549, 0.00106934818905, -0.000426977931056, 0.000511031772476, -0.00417838199064, 0.0111683662981, -0.00346501776949, 0.000255085818935, 0.000905264285393, -0.000520170957316, -0.00335432775319], [0.000242528170929, -9.11285460461e-005, 3.24308712152e-005, -0.00196441356093, -7.40004688851e-005, -0.00106548820622, 0.00230308435857, -0.00346501776949, 0.0110669694841, -0.00402336055413, 0.000737770926207, -0.000737093272619, 0.00103818625212], [-0.000386611995054, 0.000437416776549, 0.00027801989927, 0.000233459228184, -0.00351846427657, 0.00220645545051, -0.0010405338835, 0.000255085818935, -0.00402336055413, 0.0140570215881, -0.00573843345046, 0.0019502772484, -0.00135084334761], [-0.000203416406293, -0.000514434359502, -0.000314718839945, 0.000139057970955, 0.00266576954164, -0.0040964204818, -0.000124625774333, 0.000905264285393, 0.000737770926207, -0.00573843345046, 0.0124423727393, -0.00463505135849, 0.000297063816106], [-0.000327762041707, 0.000380811863579, -0.000183503521839, 0.000301470572595, -0.00129895692226, 0.0022766883485, -0.00202889484353, -0.000520170957316, -0.000737093272619, 0.0019502772484, -0.00463505135849, 0.0128126293421, -0.00399679969996], [0.000105397943116, 7.31126274331e-005, 0.000400345481467, -0.00165932171512, 0.000294889323413, 0.000506156822667, 0.000268560746918, -0.00335432775319, 0.00103818625212, -0.00135084334761, 0.000297063816106, -0.00399679969996, 0.0135652013123]]
    },
    "spectral_contrast_coeffs": {
        "mean": [-0.522062778473, -0.701696395874, -0.716785609722, -0.752767443657, -0.786727190018, -0.743027627468],
        "var": [0.00912691000849, 0.00481521571055, 0.00436305813491, 0.00376788526773, 0.00178933294956, 0.00382923264988]
    },
    "spectral_contrast_valleys": {
        "mean": [-8.10722255707, -7.00860214233, -7.75443458557, -8.37413978577, -8.3857383728, -11.5750932693],
        "var": [0.826160848141, 0.810617387295, 0.971367835999, 1.05391955376, 1.18579721451, 2.15906763077]
    }
},
"metadata": {
    "audio_properties": {
        "analysis_sample_rate": 44100,
        "bit_rate": 128074,
        "equal_loudness": 0,
        "length": 45.0612258911,
        "lossless": 0,
        "replay_gain": -4.46110534668,
        "sample_rate": 44100,
        "codec": "mp3",
        "downmix": "mix",
        "md5_encoded": "7f2470f1b3fdf0a285c0b86a9bdb35bd"
    },
    "tags": {
        "file_name": "1036.mp3"
    },
    "version": {
        "essentia": "2.1-beta2",
        "essentia_git_sha": "v2.1_beta2",
        "extractor": "music 1.0"
    }
},
"rhythm": {
    "beats_count": 104,
    "beats_loudness": {
        "mean": 0.0268357209861,
        "var": 0.00043094943976
    },
    "bpm": 137.176422119,
    "bpm_histogram_first_peak_bpm": {
        "mean": 136,
        "var": 0
    },
    "bpm_histogram_first_peak_spread": {
        "mean": 0.491228044033,
        "var": 0
    },
    "bpm_histogram_first_peak_weight": {
        "mean": 0.281553387642,
        "var": 0
    },
    "bpm_histogram_second_peak_bpm": {
        "mean": 144,
        "var": 0
    },
    "bpm_histogram_second_peak_spread": {
        "mean": 0.378378421068,
        "var": 0
    },
    "bpm_histogram_second_peak_weight": {
        "mean": 0.22330096364,
        "var": 0
    },
    "danceability": 1.06522214413,
    "onset_rate": 2.28474879265,
    "beats_loudness_band_ratio": {
        "mean": [0.177312999964, 0.447770446539, 0.230707332492, 0.132243767381, 0.0494188591838, 0.027211079374],
        "var": [0.0222691223025, 0.0610219314694, 0.0204438362271, 0.0244733262807, 0.00335155334324, 0.000917510071304]
    },
    "beats_position": [0.406349211931, 0.824308395386, 1.24226760864, 1.68344664574, 2.12462592125, 2.56580495834, 2.99537420273, 3.43655323982, 3.87773227692, 4.33052158356, 4.76009082794, 5.20126962662, 5.64244890213, 6.08362817764, 6.52480697632, 6.94276618958, 7.36072540283, 7.79029464722, 8.2198638916, 8.66104316711, 9.10222244263, 9.55501079559, 10.0194101334, 10.4954195023, 10.95981884, 11.4242172241, 11.8886165619, 12.3530158997, 12.8174142838, 13.2702035904, 13.7113828659, 14.1641721725, 14.6053514481, 15.0465307236, 15.4877090454, 15.9288883209, 16.3700675964, 16.8112468719, 17.2524261475, 17.693605423, 18.1231746674, 18.5527439117, 18.9939231873, 19.4351024628, 19.8646717072, 20.2942390442, 20.7238082886, 21.1417675018, 21.5713367462, 22.0009059906, 22.430475235, 22.8484344482, 23.2663936615, 23.6843528748, 24.0790920258, 24.5086612701, 24.9498405457, 25.4026298523, 25.8438091278, 26.2733783722, 26.7029476166, 27.1209068298, 27.5388660431, 27.9568252563, 28.3747844696, 28.804353714, 29.2455329895, 29.6751022339, 30.1162815094, 30.5574588776, 30.9986381531, 31.4165973663, 31.8461666107, 32.264125824, 32.6936950684, 33.1232643127, 33.5412254333, 33.9591827393, 34.3771438599, 34.7951011658, 35.2130622864, 35.6310195923, 36.0373687744, 36.4437179565, 36.8500671387, 37.2564163208, 37.6627655029, 38.0807266235, 38.4870758057, 38.8934249878, 39.2881622314, 39.6945114136, 40.1008605957, 40.5072097778, 40.91355896, 41.3199081421, 41.7494773865, 42.1674385071, 42.585395813, 43.0149650574, 43.4445343018, 43.8508834839, 44.257232666, 44.6984100342]
},
"tonal": {
    "chords_changes_rate": 0.0555555559695,
    "chords_number_rate": 0.00823045242578,
    "chords_strength": {
        "mean": 0.565518438816,
        "var": 0.00916673336178
    },
    "hpcp_entropy": {
        "mean": 1.92097592354,
        "var": 0.416998267174
    },
    "key_strength": 0.713844835758,
    "tuning_diatonic_strength": 0.561903774738,
    "tuning_equal_tempered_deviation": 0.0478609241545,
    "tuning_frequency": 445.627075195,
    "tuning_nontempered_energy_ratio": 0.70890712738,
    "hpcp": {
        "mean": [0.188088551164, 0.191145315766, 0.0870359390974, 0.0406183339655, 0.071734175086, 0.348428785801, 0.534258186817, 0.319302618504, 0.131012231112, 0.106642223895, 0.0782002881169, 0.043446496129, 0.0383279845119, 0.0519752241671, 0.133363470435, 0.195997163653, 0.135332897305, 0.0683942437172, 0.0667608678341, 0.0809057578444, 0.113931708038, 0.188679918647, 0.172585397959, 0.0701799988747, 0.0269628223032, 0.0443011745811, 0.12780328095, 0.161991342902, 0.102543883026, 0.137955278158, 0.232827275991, 0.182724103332, 0.0774464309216, 0.0478088408709, 0.0521805211902, 0.0898993760347],
        "var": [0.0896447002888, 0.0949749425054, 0.0299935918301, 0.0119505599141, 0.0191673710942, 0.0973696038127, 0.163488119841, 0.0800931304693, 0.0537108927965, 0.062855258584, 0.0398101769388, 0.0113476188853, 0.00845598056912, 0.0121005000547, 0.0414489656687, 0.0823969393969, 0.0457547903061, 0.0203948896378, 0.0250568557531, 0.0308183096349, 0.0305431857705, 0.0659666582942, 0.0672258064151, 0.0161233823746, 0.0057600364089, 0.0125476736575, 0.0396797135472, 0.0461287274957, 0.0215899627656, 0.0354004949331, 0.087166339159, 0.0695843994617, 0.0250038839877, 0.0144623890519, 0.0184031128883, 0.026023613289]
    },
    "chords_histogram": [31.0699596405, 21.9135799408, 17.3868312836, 7.71604919434, 0, 0, 0, 1.33744859695, 0, 10.3909463882, 0, 0, 0, 0, 0, 0, 0.823045253754, 0, 0.411522626877, 0, 0, 0, 3.29218101501, 5.65843629837],
    "thpcp": [1, 0.597656011581, 0.245222687721, 0.199608027935, 0.146371722221, 0.081321157515, 0.0717405676842, 0.0972848460078, 0.249623641372, 0.366858512163, 0.253309905529, 0.128017216921, 0.124959930778, 0.151435688138, 0.213252156973, 0.353162437677, 0.323037445545, 0.131359711289, 0.050467774272, 0.0829209089279, 0.239216327667, 0.303207963705, 0.191936939955, 0.258218377829, 0.435795426369, 0.342014610767, 0.144960686564, 0.0894863978028, 0.0976691097021, 0.168269529939, 0.352055519819, 0.357777059078, 0.16290988028, 0.0760275349021, 0.13426874578, 0.652173042297],
    "chords_key": "E",
    "chords_scale": "minor",
    "key_key": "E",
    "key_scale": "minor"
}
}