{
"lowlevel": {
    "average_loudness": 0.965831577778,
    "barkbands_crest": {
        "mean": 10.5025281906,
        "var": 21.6246910095
    },
    "barkbands_flatness_db": {
        "mean": 0.155478611588,
        "var": 0.00424069026485
    },
    "barkbands_kurtosis": {
        "mean": 14.2903251648,
        "var": 902.557495117
    },
    "barkbands_skewness": {
        "mean": 2.43065643311,
        "var": 4.87520551682
    },
    "barkbands_spread": {
        "mean": 20.8811244965,
        "var": 317.182800293
    },
    "dissonance": {
        "mean": 0.458527237177,
        "var": 0.00119446928147
    },
    "dynamic_complexity": 2.98416376114,
    "erbbands_crest": {
        "mean": 8.37461471558,
        "var": 12.7992734909
    },
    "erbbands_flatness_db": {
        "mean": 0.139918729663,
        "var": 0.00184172892477
    },
    "erbbands_kurtosis": {
        "mean": 1.11809790134,
        "var": 7.65811872482
    },
    "erbbands_skewness": {
        "mean": 0.378780633211,
        "var": 1.10596239567
    },
    "erbbands_spread": {
        "mean": 45.0992927551,
        "var": 780.893188477
    },
    "hfc": {
        "mean": 22.5038127899,
        "var": 1353.09265137
    },
    "melbands_crest": {
        "mean": 15.3757238388,
        "var": 32.7547798157
    },
    "melbands_flatness_db": {
        "mean": 0.244881302118,
        "var": 0.00741626648232
    },
    "melbands_kurtosis": {
        "mean": 37.0199203491,
        "var": 3866.15478516
    },
    "melbands_skewness": {
        "mean": 3.79682159424,
        "var": 8.18738460541
    },
    "melbands_spread": {
        "mean": 20.0472412109,
        "var": 527.893127441
    },
    "pitch_salience": {
        "mean": 0.553840041161,
        "var": 0.0159328766167
    },
    "silence_rate_20dB": {
        "mean": 1,
        "var": 0
    },
    "silence_rate_30dB": {
        "mean": 0.99794024229,
        "var": 0.00205552880652
    },
    "silence_rate_60dB": {
        "mean": 0.0355303809047,
        "var": 0.0342675596476
    },
    "spectral_centroid": {
        "mean": 1111.78552246,
        "var": 582619.9375
    },
    "spectral_complexity": {
        "mean": 15.4495363235,
        "var": 99.9139175415
    },
    "spectral_decrease": {
        "mean": -7.80241027343e-009,
        "var": 3.59468110408e-017
    },
    "spectral_energy": {
        "mean": 0.0314892679453,
        "var": 0.000559417763725
    },
    "spectral_energyband_high": {
        "mean": 0.00111126410775,
        "var": 1.30692660605e-005
    },
    "spectral_energyband_low": {
        "mean": 0.0167570579797,
        "var": 0.00035990626202
    },
    "spectral_energyband_middle_high": {
        "mean": 0.005343219731,
        "var": 6.06087232882e-005
    },
    "spectral_energyband_middle_low": {
        "mean": 0.00944563001394,
        "var": 6.62813399686e-005
    },
    "spectral_entropy": {
        "mean": 7.45775079727,
        "var": 0.251994967461
    },
    "spectral_flux": {
        "mean": 0.0981443226337,
        "var": 0.00275270594284
    },
    "spectral_kurtosis": {
        "mean": 5.12536096573,
        "var": 14.8667211533
    },
    "spectral_rms": {
        "mean": 0.00514337513596,
        "var": 4.26693577538e-006
    },
    "spectral_rolloff": {
        "mean": 1283.46557617,
        "var": 3530476.25
    },
    "spectral_skewness": {
        "mean": 1.78903520107,
        "var": 0.345463365316
    },
    "spectral_spread": {
        "mean": 5537559,
        "var": 7.13653957427e+012
    },
    "spectral_strongpeak": {
        "mean": 0.63314306736,
        "var": 1.11099362373
    },
    "zerocrossingrate": {
        "mean": 0.052615698427,
        "var": 0.00210623443127
    },
    "barkbands": {
        "mean": [0.000748640159145, 0.0100046470761, 0.00495281908661, 0.00198490358889, 0.00292676361278, 0.00158855121117, 0.00139751657844, 0.000500640657265, 0.000834458041936, 0.000971403613221, 0.000710105523467, 0.000533651735168, 0.000462636642624, 0.000472952233395, 0.000510510464665, 0.000403630285291, 0.000529589364305, 0.00055977224838, 0.000231392754358, 0.000114961869258, 0.000144195422763, 0.000231800542679, 0.000135039357701, 0.000153767119627, 0.000266519695288, 0.000108500811621, 9.90527132672e-006],
        "var": [2.19534490498e-006, 0.000227009077207, 3.62179780495e-005, 7.17112288839e-006, 9.72124507825e-006, 6.4113710323e-006, 9.59465796768e-006, 1.56648422944e-006, 3.68800647266e-006, 8.37845709611e-006, 3.80061146643e-006, 2.61334002971e-006, 1.41653492847e-006, 1.04520108835e-006, 1.5290435158e-006, 1.06719323867e-006, 1.07397363536e-006, 1.44381760947e-006, 3.92179629216e-007, 1.09321895536e-007, 5.05465152401e-007, 5.24415042946e-007, 1.47530116124e-007, 4.77159915135e-007, 2.60994647761e-006, 2.15860509911e-007, 1.47462353439e-009]
    },
    "erbbands": {
        "mean": [0.358996391296, 1.97895276546, 5.44393777847, 6.5293469429, 7.80951070786, 10.6624240875, 10.2209949493, 14.3240633011, 17.0054264069, 21.7099723816, 10.3989925385, 18.1426544189, 27.0990047455, 32.3441009521, 27.796257019, 19.5484962463, 20.7225990295, 24.5247840881, 25.9749946594, 25.4803600311, 22.287733078, 30.4859371185, 33.3923377991, 18.0710926056, 8.09349155426, 5.47636175156, 5.48094558716, 6.52601718903, 8.30760860443, 6.51464319229, 3.36208415031, 2.1627907753, 3.36219334602, 3.52407026291, 1.53470623493, 0.513846695423, 0.19591858983, 0.0386532209814, 0.0010652365163, 6.61102239974e-005],
        "var": [0.371030420065, 8.28004550934, 36.4899177551, 61.353553772, 83.1989898682, 154.415664673, 217.324356079, 684.061645508, 1764.34936523, 2835.6003418, 454.248443604, 1433.91772461, 5719.10351563, 7118.04003906, 5049.62597656, 2153.37426758, 2465.26831055, 2641.30615234, 3707.63671875, 3873.79174805, 2451.30102539, 3484.52709961, 5033.17480469, 1678.33361816, 509.573516846, 235.822921753, 530.949584961, 1039.52734375, 707.073181152, 383.788787842, 94.4898071289, 55.3045692444, 293.7706604, 471.578033447, 83.5958480835, 6.31624555588, 0.699844479561, 0.0206219740212, 1.66668851307e-005, 1.53459946972e-008]
    },
    "gfcc": {
        "mean": [-8.6056728363, 90.9488983154, -85.6397171021, 35.7970848083, -44.8097305298, 22.3445148468, -40.98777771, 12.16410923, -21.9668045044, 2.22778248787, -19.5429420471, 7.35344314575, -12.0788097382],
        "cov": [[5859.26123047, -966.002563477, -927.975891113, -187.476760864, -235.356109619, 50.6611671448, -116.380363464, 134.643875122, -115.159179688, -13.5584011078, -113.906349182, 167.336029053, -161.093063354], [-966.002563477, 1474.09558105, -286.560058594, -262.164398193, 61.2827529907, -206.698196411, 11.6113452911, -35.3222122192, 164.580032349, -162.081329346, 127.755096436, -78.3247528076, 7.9074640274], [-927.975891113, -286.560058594, 1332.84790039, 217.92666626, 64.2398757935, 199.104492188, 51.2972068787, -75.0267181396, -104.25831604, 169.076782227, -39.8679084778, -46.688873291, 50.8629074097], [-187.476760864, -262.164398193, 217.92666626, 553.878234863, 114.148269653, -66.2213821411, -51.8347892761, -51.9845161438, 8.87058162689, 3.55440807343, -28.369852066, 32.4113731384, 26.2316055298], [-235.356109619, 61.2827529907, 64.2398757935, 114.148269653, 360.281219482, 57.0786590576, -19.752368927, 11.1887845993, 15.5541772842, -10.2540102005, -8.27100372314, -7.87523508072, 6.12273550034], [50.6611671448, -206.698196411, 199.104492188, -66.2213821411, 57.0786590576, 296.844940186, 124.791297913, 4.71307229996, -65.8190155029, 18.8243865967, -32.8686256409, -31.3681125641, 1.52818727493], [-116.380363464, 11.6113452911, 51.2972068787, -51.8347892761, -19.752368927, 124.791297913, 218.258712769, 45.5376167297, -37.6881065369, -18.2584571838, 14.6406793594, -3.98242855072, 0.150913521647], [134.643875122, -35.3222122192, -75.0267181396, -51.9845161438, 11.1887845993, 4.71307229996, 45.5376167297, 124.791366577, 35.3927650452, -3.3756313324, 18.07280159, 18.0727062225, -4.33526706696], [-115.159179688, 164.580032349, -104.25831604, 8.87058162689, 15.5541772842, -65.8190155029, -37.6881065369, 35.3927650452, 182.521392822, 3.83773303032, 19.3003025055, 32.9933853149, -2.90856838226], [-13.5584011078, -162.081329346, 169.076782227, 3.55440807343, -10.2540102005, 18.8243865967, -18.2584571838, -3.3756313324, 3.83773303032, 147.710144043, 9.04881763458, -10.6031074524, 22.6221504211], [-113.906349182, 127.755096436, -39.8679084778, -28.369852066, -8.27100372314, -32.8686256409, 14.6406793594, 18.07280159, 19.3003025055, 9.04881763458, 93.3980255127, 23.2564373016, -3.58159899712], [167.336029053, -78.3247528076, -46.688873291, 32.4113731384, -7.87523508072, -31.3681125641, -3.98242855072, 18.0727062225, 32.9933853149, -10.6031074524, 23.2564373016, 106.602981567, -2.38947105408], [-161.093063354, 7.9074640274, 50.8629074097, 26.2316055298, 6.12273550034, 1.52818727493, 0.150913521647, -4.33526706696, -2.90856838226, 22.6221504211, -3.58159899712, -2.38947105408, 81.0975341797]],
        "icov": [[0.000283933302853, 8.30800308904e-006, 0.000257258216152, -5.57226048841e-005, 0.000200008915272, -0.000308462622343, 0.000358595309081, -0.000404688995332, 0.000411432265537, -0.00032463579555, 0.00046234819456, -0.000553298392333, 0.000497715664096], [8.30800308904e-006, 0.00247642793693, -0.000401074299589, 0.00171288009733, -0.00120255234651, 0.00239744596183, -0.00156805757433, 0.0025727134198, -0.00270910910331, 0.00330784963444, -0.00311656785198, 0.00304770679213, -0.00140912644565], [0.000257258216152, -0.000401074299589, 0.00145109067671, -0.000835550075863, 0.000377681601094, -0.00133400736377, 0.000443139346316, -0.000395266426494, 0.00114906625822, -0.00204632082023, 0.000992222689092, -0.000854071113281, 0.000515652063768], [-5.57226048841e-005, 0.00171288009733, -0.000835550075863, 0.00372176943347, -0.00179726886563, 0.00288307620212, -0.00146302010398, 0.00278986035846, -0.00204381952062, 0.00258257077076, -0.00127000035718, 0.00116840389092, -0.00153964362107], [0.000200008915272, -0.00120255234651, 0.000377681601094, -0.00179726886563, 0.00416930578649, -0.00288111250848, 0.0022032991983, -0.00247953622602, 0.00119106436614, -0.00114059296902, 0.00120118353516, -0.0012480764417, 0.000839047599584], [-0.000308462622343, 0.00239744596183, -0.00133400736377, 0.00288307620212, -0.00288111250848, 0.00905114877969, -0.00550415134057, 0.00361307524145, -0.00220283982344, 0.00270704133436, -0.00100375863258, 0.00355433044024, -0.00146577437408], [0.000358595309081, -0.00156805757433, 0.000443139346316, -0.00146302010398, 0.0022032991983, -0.00550415134057, 0.0092399418354, -0.00508815981448, 0.00312770996243, -0.000687278981786, 0.000169876919244, -0.0023772905115, 0.000950036628637], [-0.000404688995332, 0.0025727134198, -0.000395266426494, 0.00278986035846, -0.00247953622602, 0.00361307524145, -0.00508815981448, 0.0137679409236, -0.0052867392078, 0.00311001390219, -0.00409509986639, 0.00265396665782, -0.00200445251539], [0.000411432265537, -0.00270910910331, 0.00114906625822, -0.00204381952062, 0.00119106436614, -0.00220283982344, 0.00312770996243, -0.0052867392078, 0.0104593839496, -0.00483778677881, 0.00371787184849, -0.00553411990404, 0.00241075758822], [-0.00032463579555, 0.00330784963444, -0.00204632082023, 0.00258257077076, -0.00114059296902, 0.00270704133436, -0.000687278981786, 0.00311001390219, -0.00483778677881, 0.0138282580301, -0.00656350329518, 0.00562225887552, -0.00447181146592], [0.00046234819456, -0.00311656785198, 0.000992222689092, -0.00127000035718, 0.00120118353516, -0.00100375863258, 0.000169876919244, -0.00409509986639, 0.00371787184849, -0.00656350329518, 0.0179103929549, -0.00733870593831, 0.00325877894647], [-0.000553298392333, 0.00304770679213, -0.000854071113281, 0.00116840389092, -0.0012480764417, 0.00355433044024, -0.0023772905115, 0.00265396665782, -0.00553411990404, 0.00562225887552, -0.00733870593831, 0.0159868318588, -0.00268484768458], [0.000497715664096, -0.00140912644565, 0.000515652063768, -0.00153964362107, 0.000839047599584, -0.00146577437408, 0.000950036628637, -0.00200445251539, 0.00241075758822, -0.00447181146592, 0.00325877894647, -0.00268484768458, 0.014885539189]]
    },
    "melbands": {
        "mean": [0.00293959211558, 0.00279310066253, 0.00119711516891, 0.000658770150039, 0.000387981097447, 0.000310626986902, 0.000274041696684, 0.00020837658667, 8.14910235931e-005, 0.000118979587569, 0.00013775928528, 0.000134331392474, 0.000101929530501, 6.390978524e-005, 4.50703082606e-005, 4.73135078209e-005, 4.36459122284e-005, 4.08181840612e-005, 3.73517432308e-005, 3.0281200452e-005, 2.48084779741e-005, 2.87476577796e-005, 3.75751442334e-005, 2.38733700826e-005, 1.39573376146e-005, 7.18445380699e-006, 4.05614719057e-006, 3.463265557e-006, 3.44051954926e-006, 3.23321205542e-006, 3.95887127524e-006, 4.83445364807e-006, 4.34664207205e-006, 3.33546495312e-006, 2.05292030842e-006, 1.31857609631e-006, 1.26913630538e-006, 2.06037498174e-006, 3.05321623273e-006, 3.00582973978e-006],
        "var": [2.18565601244e-005, 9.19363264984e-006, 1.62105027357e-006, 4.61133367935e-007, 2.68884122079e-007, 3.13065953605e-007, 3.85729777008e-007, 2.63222602825e-007, 3.07418090983e-008, 6.4376870057e-008, 1.53943233272e-007, 1.33817110282e-007, 7.09547336442e-008, 4.19612646851e-008, 1.27932899829e-008, 1.30090400674e-008, 8.8605265347e-009, 1.01594768154e-008, 8.88341222804e-009, 6.87799373011e-009, 3.28719740317e-009, 3.45497253029e-009, 6.64067423273e-009, 2.70990230256e-009, 1.19426835088e-009, 5.39109257236e-010, 1.31155517002e-010, 9.97036619932e-011, 1.93305593754e-010, 3.19482551525e-010, 3.52110784974e-010, 2.68979644114e-010, 1.88082466268e-010, 1.0503273945e-010, 3.51949892841e-011, 2.07717558431e-011, 1.97942565117e-011, 1.10021596e-010, 2.97305791097e-010, 3.92978566355e-010]
    },
    "mfcc": {
        "mean": [-663.198486328, 126.472793579, 20.1961975098, 23.1359195709, 20.3820133209, 11.4306430817, -0.609797596931, 9.86168003082, 3.53788042068, -4.39278888702, 4.31156301498, -3.79746985435, -0.878390848637],
        "cov": [[5867.16650391, -871.285583496, -1038.89050293, -357.588165283, -297.458099365, -248.589675903, -167.187744141, 157.463653564, -90.9596786499, -126.024017334, 88.3135299683, -110.739387512, -41.0722885132], [-871.285583496, 1409.3840332, -211.854156494, -183.262451172, -15.4593257904, -139.340332031, -86.6349334717, 61.2277107239, -76.4816894531, 47.842338562, 48.7127151489, 21.7155799866, -32.0990180969], [-1038.89050293, -211.854156494, 1053.20251465, 123.452529907, 37.3119087219, 196.816268921, 162.125045776, -138.688995361, 62.4683799744, 31.5117149353, -41.9714126587, 21.2510967255, 41.7430610657], [-357.588165283, -183.262451172, 123.452529907, 528.195495605, 165.725601196, 18.5723266602, -76.8512191772, -39.3444213867, 4.86360931396, -68.6939849854, -14.0330057144, 7.82035827637, 50.3921279907], [-297.458099365, -15.4593257904, 37.3119087219, 165.725601196, 353.124023438, 84.3651809692, -20.9640312195, -20.1682338715, 30.7754573822, 1.06794643402, -4.99812698364, 13.196305275, 3.52792191505], [-248.589675903, -139.340332031, 196.816268921, 18.5723266602, 84.3651809692, 240.926879883, 110.961326599, -11.147236824, 48.3274993896, 8.54909706116, -15.1047973633, 6.8451128006, -23.5800628662], [-167.187744141, -86.6349334717, 162.125045776, -76.8512191772, -20.9640312195, 110.961326599, 320.025390625, 6.01222658157, 26.863193512, 41.8888282776, -43.2318534851, 18.6553382874, -25.5316257477], [157.463653564, 61.2277107239, -138.688995361, -39.3444213867, -20.1682338715, -11.147236824, 6.01222658157, 234.796066284, 4.54845333099, -32.7068710327, 61.6601982117, -19.7875728607, -16.2917575836], [-90.9596786499, -76.4816894531, 62.4683799744, 4.86360931396, 30.7754573822, 48.3274993896, 26.863193512, 4.54845333099, 120.644500732, 31.8979434967, -15.4062242508, 4.27330732346, -0.00782055407763], [-126.024017334, 47.842338562, 31.5117149353, -68.6939849854, 1.06794643402, 8.54909706116, 41.8888282776, -32.7068710327, 31.8979434967, 134.942855835, -3.36988019943, -5.40640735626, -0.688054740429], [88.3135299683, 48.7127151489, -41.9714126587, -14.0330057144, -4.99812698364, -15.1047973633, -43.2318534851, 61.6601982117, -15.4062242508, -3.36988019943, 114.025642395, 11.5145559311, 2.36200475693], [-110.739387512, 21.7155799866, 21.2510967255, 7.82035827637, 13.196305275, 6.8451128006, 18.6553382874, -19.7875728607, 4.27330732346, -5.40640735626, 11.5145559311, 88.8063735962, 23.6708278656], [-41.0722885132, -32.0990180969, 41.7430610657, 50.3921279907, 3.52792191505, -23.5800628662, -25.5316257477, -16.2917575836, -0.00782055407763, -0.688054740429, 2.36200475693, 23.6708278656, 100.144676208]],
        "icov": [[0.000293370103464, 0.00026401586365, 0.000267381750746, 0.000226361240493, 7.55024811951e-005, 0.0001430822158, 1.72493273567e-005, 4.95186613989e-005, 6.36070835753e-005, 0.000219433015445, -0.000221190464799, 0.000249248259934, -2.91122378258e-005], [0.00026401586365, 0.00110869272612, 0.000211900871363, 0.00048569709179, -0.000156004010933, 0.000543673755601, 0.000268819043413, -0.000272901088465, 0.000616028672084, -0.000290469353786, -0.000128393134219, -0.000298022991046, 0.000360091420589], [0.000267381750746, 0.000211900871363, 0.00161874864716, -0.000134999645525, 0.000346824468579, -0.00081130838953, -0.000538200780284, 0.000886826601345, -0.000328671885654, 0.000239389104536, -0.000569692172576, 0.000527994299773, -0.000735162058845], [0.000226361240493, 0.00048569709179, -0.000134999645525, 0.00299118156545, -0.00125407718588, 0.000441873475211, 0.000512661063112, 0.000190906066564, 5.93588010815e-005, 0.00145936349872, 6.56838674331e-005, 0.000354397867341, -0.000965659157373], [7.55024811951e-005, -0.000156004010933, 0.000346824468579, -0.00125407718588, 0.00393055053428, -0.00165602786001, 0.000502213777509, 0.000136860719067, -0.000465320103103, -0.000548642303329, 1.16917653941e-005, -0.000434301182395, 0.000187920362805], [0.0001430822158, 0.000543673755601, -0.00081130838953, 0.000441873475211, -0.00165602786001, 0.00699866656214, -0.00173353031278, 2.71980457001e-006, -0.00142831518315, 0.000796092208475, -0.000598062644713, 3.37077217409e-005, 0.00162499689031], [1.72493273567e-005, 0.000268819043413, -0.000538200780284, 0.000512661063112, 0.000502213777509, -0.00173353031278, 0.00494758039713, -0.00146262871567, 0.00078645022586, -0.00167708878871, 0.00243311934173, -0.00200538756326, 0.0010623249691], [4.95186613989e-005, -0.000272901088465, 0.000886826601345, 0.000190906066564, 0.000136860719067, 2.71980457001e-006, -0.00146262871567, 0.00654545472935, -0.00183049601037, 0.00250167166814, -0.00407867087051, 0.00249984418042, -0.000322759296978], [6.36070835753e-005, 0.000616028672084, -0.000328671885654, 5.93588010815e-005, -0.000465320103103, -0.00142831518315, 0.00078645022586, -0.00183049601037, 0.0106393005699, -0.00316325621679, 0.00213610101491, -0.00142066727858, 0.000177980182343], [0.000219433015445, -0.000290469353786, 0.000239389104536, 0.00145936349872, -0.000548642303329, 0.000796092208475, -0.00167708878871, 0.00250167166814, -0.00316325621679, 0.010274823755, -0.00203105178662, 0.00242458167486, -0.00110588734969], [-0.000221190464799, -0.000128393134219, -0.000569692172576, 6.56838674331e-005, 1.16917653941e-005, -0.000598062644713, 0.00243311934173, -0.00407867087051, 0.00213610101491, -0.00203105178662, 0.0124106528237, -0.00342957489192, 0.000392231682781], [0.000249248259934, -0.000298022991046, 0.000527994299773, 0.000354397867341, -0.000434301182395, 3.37077217409e-005, -0.00200538756326, 0.00249984418042, -0.00142066727858, 0.00242458167486, -0.00342957489192, 0.0141809862107, -0.00372753548436], [-2.91122378258e-005, 0.000360091420589, -0.000735162058845, -0.000965659157373, 0.000187920362805, 0.00162499689031, 0.0010623249691, -0.000322759296978, 0.000177980182343, -0.00110588734969, 0.000392231682781, -0.00372753548436, 0.0123399412259]]
    },
    "spectral_contrast_coeffs": {
        "mean": [-0.673387825489, -0.71100962162, -0.777780950069, -0.78416466713, -0.768019735813, -0.78362929821],
        "var": [0.00449637835845, 0.00606986880302, 0.00486690923572, 0.00350211840123, 0.00548727717251, 0.00279733794741]
    },
    "spectral_contrast_valleys": {
        "mean": [-6.73539113998, -7.18437004089, -7.55807733536, -7.94906997681, -8.13085842133, -10.1223869324],
        "var": [0.702024698257, 0.85760897398, 1.02108323574, 1.04483997822, 1.10343503952, 1.11210405827]
    }
},
"metadata": {
    "audio_properties": {
        "analysis_sample_rate": 44100,
        "bit_rate": 128074,
        "equal_loudness": 0,
        "length": 45.0612258911,
        "lossless": 0,
        "replay_gain": -5.89217567444,
        "sample_rate": 44100,
        "codec": "mp3",
        "downmix": "mix",
        "md5_encoded": "9457d43670b347ed3333b6d34c30a357"
    },
    "tags": {
        "file_name": "1037.mp3"
    },
    "version": {
        "essentia": "2.1-beta2",
        "essentia_git_sha": "v2.1_beta2",
        "extractor": "music 1.0"
    }
},
"rhythm": {
    "beats_count": 82,
    "beats_loudness": {
        "mean": 0.049129974097,
        "var": 0.000440749456175
    },
    "bpm": 111.256484985,
    "bpm_histogram_first_peak_bpm": {
        "mean": 112,
        "var": 0
    },
    "bpm_histogram_first_peak_spread": {
        "mean": 0.550724625587,
        "var": 0
    },
    "bpm_histogram_first_peak_weight": {
        "mean": 0.382716059685,
        "var": 0
    },
    "bpm_histogram_second_peak_bpm": {
        "mean": 105,
        "var": 0
    },
    "bpm_histogram_second_peak_spread": {
        "mean": 0.222222223878,
        "var": 0
    },
    "bpm_histogram_second_peak_weight": {
        "mean": 0.0864197537303,
        "var": 0
    },
    "danceability": 1.59110701084,
    "onset_rate": 4.48076963425,
    "beats_loudness_band_ratio": {
        "mean": [0.555840015411, 0.110908575356, 0.100010663271, 0.12791235745, 0.0925689339638, 0.04159168154],
        "var": [0.0632966756821, 0.00686824228615, 0.0151678686962, 0.0168088264763, 0.00879892893136, 0.00236313510686]
    },
    "beats_position": [0.568888902664, 1.17260766029, 1.74149656296, 2.29877543449, 2.85605430603, 3.42494320869, 4.00544214249, 4.58594083786, 5.15482997894, 5.72371864319, 6.29260778427, 6.86149644852, 7.4303855896, 7.98766422272, 8.53333282471, 9.07900238037, 9.62467098236, 10.1587295532, 10.7043991089, 11.2500677109, 11.7957363129, 12.3297958374, 12.8638544083, 13.3979139328, 13.9435825348, 14.4776411057, 15.0233106613, 15.5573692322, 16.0682086945, 16.602268219, 17.1363258362, 17.6703853607, 18.2276649475, 18.7733325958, 19.3190021515, 19.853061676, 20.3987293243, 20.9327888489, 21.4784584045, 22.0125160217, 22.5465755463, 23.0806350708, 23.614692688, 24.1487522125, 24.6828117371, 25.2052612305, 25.7509288788, 26.2849884033, 26.830657959, 27.3763256073, 27.9103851318, 28.4444446564, 28.9785022736, 29.5125617981, 30.0466213226, 30.5806789398, 31.1263484955, 31.66040802, 32.2060775757, 32.7517471313, 33.2858047485, 33.8314743042, 34.3771438599, 34.9112014771, 35.4568710327, 35.9909286499, 36.5133781433, 37.0358276367, 37.5582771301, 38.0923347473, 38.638004303, 39.1720619202, 39.7061233521, 40.2285690308, 40.7510185242, 41.2618598938, 41.8075294495, 42.3531951904, 42.9104766846, 43.467754364, 44.0134239197, 44.5590934753]
},
"tonal": {
    "chords_changes_rate": 0.09465020895,
    "chords_number_rate": 0.0123456791043,
    "chords_strength": {
        "mean": 0.447885811329,
        "var": 0.0116175347939
    },
    "hpcp_entropy": {
        "mean": 2.42585802078,
        "var": 0.552027404308
    },
    "key_strength": 0.41900703311,
    "tuning_diatonic_strength": 0.427958607674,
    "tuning_equal_tempered_deviation": 0.199606254697,
    "tuning_frequency": 434.193115234,
    "tuning_nontempered_energy_ratio": 0.901150107384,
    "hpcp": {
        "mean": [0.233065888286, 0.24217261374, 0.152154415846, 0.128600642085, 0.14031855762, 0.162518426776, 0.262525498867, 0.257276296616, 0.135207355022, 0.0859568938613, 0.0735636427999, 0.0734184235334, 0.108808517456, 0.123278126121, 0.0952399745584, 0.100441016257, 0.117892608047, 0.0902153477073, 0.0598209090531, 0.0560370832682, 0.0703342184424, 0.104904577136, 0.111683800817, 0.143345788121, 0.192458674312, 0.137807443738, 0.103519245982, 0.183642268181, 0.214209198952, 0.157358244061, 0.16350723803, 0.180323049426, 0.142545223236, 0.125908300281, 0.126984536648, 0.150634929538],
        "var": [0.100284591317, 0.111528791487, 0.0527052432299, 0.0515388175845, 0.0653292834759, 0.0558288730681, 0.102822579443, 0.105501189828, 0.0479671247303, 0.0376405529678, 0.0314550846815, 0.0265685860068, 0.0357252694666, 0.039404887706, 0.0306506771594, 0.0261820405722, 0.0363169200718, 0.0302231665701, 0.0185750573874, 0.0178083796054, 0.0227982848883, 0.0350703708827, 0.0313714407384, 0.0396989919245, 0.0889997780323, 0.0419909469783, 0.0348313078284, 0.0577152445912, 0.0741335526109, 0.0571768991649, 0.0748752579093, 0.0988005101681, 0.0580375418067, 0.0552942827344, 0.0547443665564, 0.0597526580095]
    },
    "chords_histogram": [21.9135799408, 28.3950614929, 8.74485588074, 3.49794244766, 0, 6.37860059738, 1.74897122383, 0, 0, 1.44032919407, 1.64609050751, 1.85185182095, 0, 0, 0.720164597034, 0, 0.411522626877, 0.411522626877, 3.60082316399, 0, 0, 2.98353910446, 15.4320983887, 0.823045253754],
    "thpcp": [1, 0.980004966259, 0.515025615692, 0.327423036098, 0.280215233564, 0.279662072659, 0.414468377829, 0.469585329294, 0.362783700228, 0.382595270872, 0.449071079493, 0.343644142151, 0.227867037058, 0.213453873992, 0.267913848162, 0.399597674608, 0.425420761108, 0.546026170254, 0.733104705811, 0.524929761887, 0.394320726395, 0.699521660805, 0.815955758095, 0.599401772022, 0.622824192047, 0.686878204346, 0.542976677418, 0.479604065418, 0.483703643084, 0.573791623116, 0.887783825397, 0.922472715378, 0.579579591751, 0.489859610796, 0.534494936466, 0.619057655334],
    "chords_key": "D",
    "chords_scale": "major",
    "key_key": "B",
    "key_scale": "minor"
}
}