{
"lowlevel": {
    "average_loudness": 0.90693295002,
    "barkbands_crest": {
        "mean": 12.0973014832,
        "var": 22.0980701447
    },
    "barkbands_flatness_db": {
        "mean": 0.193563342094,
        "var": 0.00491064041853
    },
    "barkbands_kurtosis": {
        "mean": 9.17742156982,
        "var": 245.864929199
    },
    "barkbands_skewness": {
        "mean": 2.04853510857,
        "var": 2.79451346397
    },
    "barkbands_spread": {
        "mean": 16.9509506226,
        "var": 379.22543335
    },
    "dissonance": {
        "mean": 0.436884999275,
        "var": 0.00263093761168
    },
    "dynamic_complexity": 2.7239613533,
    "erbbands_crest": {
        "mean": 11.1133832932,
        "var": 24.2903938293
    },
    "erbbands_flatness_db": {
        "mean": 0.171183854342,
        "var": 0.00268845469691
    },
    "erbbands_kurtosis": {
        "mean": 1.90872752666,
        "var": 8.83164596558
    },
    "erbbands_skewness": {
        "mean": 0.331244438887,
        "var": 0.846562027931
    },
    "erbbands_spread": {
        "mean": 31.5231494904,
        "var": 462.984802246
    },
    "hfc": {
        "mean": 25.6462173462,
        "var": 2260.24047852
    },
    "melbands_crest": {
        "mean": 16.3534221649,
        "var": 27.9554138184
    },
    "melbands_flatness_db": {
        "mean": 0.288277983665,
        "var": 0.0083438269794
    },
    "melbands_kurtosis": {
        "mean": 19.7270832062,
        "var": 1075.77099609
    },
    "melbands_skewness": {
        "mean": 3.04412603378,
        "var": 4.31029939651
    },
    "melbands_spread": {
        "mean": 17.7177219391,
        "var": 690.265014648
    },
    "pitch_salience": {
        "mean": 0.502071499825,
        "var": 0.016588896513
    },
    "silence_rate_20dB": {
        "mean": 1,
        "var": 0
    },
    "silence_rate_30dB": {
        "mean": 0.959835231304,
        "var": 0.0385509952903
    },
    "silence_rate_60dB": {
        "mean": 0.0221421215683,
        "var": 0.0216520931572
    },
    "spectral_centroid": {
        "mean": 1008.41888428,
        "var": 812974.9375
    },
    "spectral_complexity": {
        "mean": 13.8063850403,
        "var": 79.7358169556
    },
    "spectral_decrease": {
        "mean": -1.05022799346e-008,
        "var": 6.14099416155e-017
    },
    "spectral_energy": {
        "mean": 0.0419642180204,
        "var": 0.000940729631111
    },
    "spectral_energyband_high": {
        "mean": 0.00167012936436,
        "var": 3.59707555617e-005
    },
    "spectral_energyband_low": {
        "mean": 0.0259523279965,
        "var": 0.000555801088922
    },
    "spectral_energyband_middle_high": {
        "mean": 0.00504609569907,
        "var": 6.25720640528e-005
    },
    "spectral_energyband_middle_low": {
        "mean": 0.0112565401942,
        "var": 0.000114971218864
    },
    "spectral_entropy": {
        "mean": 7.22996711731,
        "var": 0.423184245825
    },
    "spectral_flux": {
        "mean": 0.0998269170523,
        "var": 0.00287628290243
    },
    "spectral_kurtosis": {
        "mean": 8.63344669342,
        "var": 103.535209656
    },
    "spectral_rms": {
        "mean": 0.00597212743014,
        "var": 5.27446127307e-006
    },
    "spectral_rolloff": {
        "mean": 1150.47644043,
        "var": 4004061.5
    },
    "spectral_skewness": {
        "mean": 2.16841745377,
        "var": 1.07042515278
    },
    "spectral_spread": {
        "mean": 4590092,
        "var": 5.61972720435e+012
    },
    "spectral_strongpeak": {
        "mean": 0.586986362934,
        "var": 1.26276278496
    },
    "zerocrossingrate": {
        "mean": 0.0432073585689,
        "var": 0.00274834036827
    },
    "barkbands": {
        "mean": [0.000799744157121, 0.0175362229347, 0.00604345835745, 0.00244442885742, 0.00222266209312, 0.00157481455244, 0.00159812811762, 0.00128193804994, 0.00126681511756, 0.00209945719689, 0.000737479364034, 0.000625096261501, 0.000554528844077, 0.000334080250468, 0.00028924428625, 0.000147679427755, 0.000208303623367, 0.000261538370978, 0.00018907863705, 0.000159846036695, 0.00018665616517, 0.000459921255242, 0.000300294079352, 0.000306382891722, 0.000236120889895, 9.23938860069e-005, 7.91575530457e-006],
        "var": [2.15389445657e-006, 0.000332389085088, 5.54780126549e-005, 9.61526166066e-006, 6.12808435108e-006, 9.12538325792e-006, 9.31788054004e-006, 8.88604881766e-006, 5.46275077795e-006, 1.1437545254e-005, 4.34988987763e-006, 3.27905831909e-006, 2.70304826699e-006, 1.0621625961e-006, 1.20564072859e-006, 2.12523460164e-007, 7.51568336455e-007, 6.94628056408e-007, 6.14483212757e-007, 4.2986098947e-007, 6.25210930139e-007, 5.77152241021e-006, 1.41699376854e-006, 1.59130070188e-006, 9.02441456674e-007, 1.92305051883e-007, 2.04076178179e-009]
    },
    "erbbands": {
        "mean": [0.587229311466, 3.60194134712, 7.3455119133, 8.02890872955, 5.89488315582, 7.56936216354, 12.4657640457, 12.634522438, 24.5090789795, 19.5729122162, 28.7942790985, 30.6923370361, 57.0869674683, 52.7131080627, 30.5404663086, 28.6273708344, 26.747215271, 18.0278358459, 19.4554920197, 9.4329996109, 8.94969177246, 11.8523445129, 14.8498868942, 10.3261852264, 9.33909416199, 7.35622930527, 6.51337528229, 9.151222229, 16.6681938171, 12.6006717682, 8.31038570404, 6.94228649139, 4.86740875244, 3.34035992622, 1.22900807858, 0.448126465082, 0.162008628249, 0.0318911708891, 0.000885603600182, 7.41913827369e-005],
        "var": [0.517503142357, 13.2711553574, 72.5231246948, 80.7348251343, 39.6162261963, 91.3968734741, 384.005523682, 737.955871582, 2449.48217773, 1313.64306641, 3803.31518555, 2620.89697266, 12476.7617188, 7918.79589844, 6493.18652344, 7139.421875, 6041.22070313, 2306.74462891, 4487.27099609, 989.990356445, 862.79486084, 1734.0703125, 2106.18115234, 1886.5748291, 1195.43212891, 804.351928711, 942.838989258, 1516.17272949, 6605.23632813, 4297.5625, 1133.3614502, 857.837585449, 410.419067383, 191.394042969, 25.5120029449, 4.09914302826, 0.665024101734, 0.0274914670736, 2.08285855479e-005, 1.60568980334e-008]
    },
    "gfcc": {
        "mean": [-20.2919826508, 114.668319702, -80.822052002, 26.5490856171, -53.5817108154, 22.3628158569, -24.9455089569, 20.7023773193, -20.8711872101, -2.49552536011, -12.5119075775, 1.59551715851, -9.57745933533],
        "cov": [[6273.91259766, -1950.52722168, -619.003723145, 401.241729736, -150.303344727, 372.316253662, -212.800338745, 108.169769287, -56.0151481628, 257.773284912, -128.624420166, 205.003189087, -255.728759766], [-1950.52722168, 2599.86132813, -95.5458908081, -626.345031738, 275.579528809, -415.519226074, 153.210571289, -55.3145294189, 48.0298156738, -245.750427246, 368.175750732, -157.770477295, 39.6891937256], [-619.003723145, -95.5458908081, 872.262023926, 167.900894165, 18.3108005524, 116.500907898, 70.3825531006, -5.32207345963, 20.3903198242, 36.0911369324, -106.71598053, 43.2866592407, 98.430229187], [401.241729736, -626.345031738, 167.900894165, 523.254455566, 68.2264633179, 107.771133423, -44.0078964233, 50.8267250061, 78.5118408203, 34.8087463379, -112.754768372, 12.1413974762, 57.7069282532], [-150.303344727, 275.579528809, 18.3108005524, 68.2264633179, 423.384185791, 38.868637085, 42.388923645, 54.2904472351, 32.8473854065, -9.96652030945, 24.3358802795, -30.3033657074, 35.9095611572], [372.316253662, -415.519226074, 116.500907898, 107.771133423, 38.868637085, 325.263763428, 91.4290771484, -2.1517701149, -31.879529953, 23.7589244843, -44.8783340454, 30.8081054688, 6.64452791214], [-212.800338745, 153.210571289, 70.3825531006, -44.0078964233, 42.388923645, 91.4290771484, 236.756332397, 48.6624412537, -50.1313972473, -57.1638336182, 34.0502243042, 25.6629581451, 9.69348049164], [108.169769287, -55.3145294189, -5.32207345963, 50.8267250061, 54.2904472351, -2.1517701149, 48.6624412537, 161.945144653, 27.0308170319, -27.5641517639, -7.83982229233, 1.32083642483, -3.39233326912], [-56.0151481628, 48.0298156738, 20.3903198242, 78.5118408203, 32.8473854065, -31.879529953, -50.1313972473, 27.0308170319, 162.856399536, 27.5568294525, -8.55206012726, -29.7136878967, 15.2374591827], [257.773284912, -245.750427246, 36.0911369324, 34.8087463379, -9.96652030945, 23.7589244843, -57.1638336182, -27.5641517639, 27.5568294525, 167.156021118, -9.65381813049, -11.9637060165, -13.8247499466], [-128.624420166, 368.175750732, -106.71598053, -112.754768372, 24.3358802795, -44.8783340454, 34.0502243042, -7.83982229233, -8.55206012726, -9.65381813049, 167.541015625, -9.51602363586, -22.4052944183], [205.003189087, -157.770477295, 43.2866592407, 12.1413974762, -30.3033657074, 30.8081054688, 25.6629581451, 1.32083642483, -29.7136878967, -11.9637060165, -9.51602363586, 117.393440247, 15.82837677], [-255.728759766, 39.6891937256, 98.430229187, 57.7069282532, 35.9095611572, 6.64452791214, 9.69348049164, -3.39233326912, 15.2374591827, -13.8247499466, -22.4052944183, 15.82837677, 121.465118408]],
        "icov": [[0.000298496946925, -2.00321701413e-005, 0.000274931575404, -0.000226339063374, 6.87457068125e-005, -0.000380430166842, 0.000324291497236, -0.000325577158947, 0.000158737340826, -0.000408060906921, 0.000121425648103, -0.000638072146103, 0.000524433446117], [-2.00321701413e-005, 0.0022545629181, -0.000714737805538, 0.0019086052198, -0.00142171501648, 0.00210160412826, -0.00124009430874, 0.00157874973956, -0.00156269106083, 0.00271924771369, -0.00297387549654, 0.00224035233259, -0.00099299615249], [0.000274931575404, -0.000714737805538, 0.00196085707285, -0.0010120247025, 0.000534954946488, -0.00109510554466, -4.07208572142e-005, -0.000483344891109, 0.000402749341447, -0.00167575303931, 0.00178580556531, -0.00152750546113, -0.000117106021207], [-0.000226339063374, 0.0019086052198, -0.0010120247025, 0.0046457760036, -0.0015278441133, 0.0010616624495, -0.000403558689868, 0.000645531225018, -0.00239142775536, 0.0024284562096, -0.00139925221447, 0.00205847271718, -0.00199333927594], [6.87457068125e-005, -0.00142171501648, 0.000534954946488, -0.0015278441133, 0.00367780239321, -0.00177460850682, 0.000596188183408, -0.00183831329923, 0.000770178099629, -0.00174233282451, 0.00115083239507, -0.00062850950053, -0.000188231570064], [-0.000380430166842, 0.00210160412826, -0.00109510554466, 0.0010616624495, -0.00177460850682, 0.00683682458475, -0.0037583746016, 0.00278567476198, -0.000983160105534, 0.0019329165807, -0.0018373625353, 0.00223632645793, -0.00086323719006], [0.000324291497236, -0.00124009430874, -4.07208572142e-005, -0.000403558689868, 0.000596188183408, -0.0037583746016, 0.00809299200773, -0.00358354812488, 0.00244102720171, -9.97538245429e-006, -0.000158499213285, -0.00223507988267, 0.000550748372916], [-0.000325577158947, 0.00157874973956, -0.000483344891109, 0.000645531225018, -0.00183831329923, 0.00278567476198, -0.00358354812488, 0.0093800611794, -0.00285610393621, 0.00313851376995, -0.00126730196644, 0.00175807147752, 7.53590356908e-005], [0.000158737340826, -0.00156269106083, 0.000402749341447, -0.00239142775536, 0.000770178099629, -0.000983160105534, 0.00244102720171, -0.00285610393621, 0.00919105205685, -0.00302400789224, 0.00148331501987, -0.000185696655535, 6.74119019095e-006], [-0.000408060906921, 0.00271924771369, -0.00167575303931, 0.0024284562096, -0.00174233282451, 0.0019329165807, -9.97538245429e-006, 0.00313851376995, -0.00302400789224, 0.0110775446519, -0.00419016182423, 0.00385941704735, -0.000681287026964], [0.000121425648103, -0.00297387549654, 0.00178580556531, -0.00139925221447, 0.00115083239507, -0.0018373625353, -0.000158499213285, -0.00126730196644, 0.00148331501987, -0.00419016182423, 0.0120451794937, -0.00326166162267, 0.00216642091982], [-0.000638072146103, 0.00224035233259, -0.00152750546113, 0.00205847271718, -0.00062850950053, 0.00223632645793, -0.00223507988267, 0.00175807147752, -0.000185696655535, 0.00385941704735, -0.00326166162267, 0.0132526643574, -0.003390672151], [0.000524433446117, -0.00099299615249, -0.000117106021207, -0.00199333927594, -0.000188231570064, -0.00086323719006, 0.000550748372916, 7.53590356908e-005, 6.74119019095e-006, -0.000681287026964, 0.00216642091982, -0.003390672151, 0.0115274172276]]
    },
    "melbands": {
        "mean": [0.00503520481288, 0.00418928824365, 0.00133282435127, 0.000456352776382, 0.000420110533014, 0.000291205447866, 0.000367469183402, 0.000225546406, 0.000220828413148, 0.000200291367946, 0.000284711917629, 0.000218352710363, 0.000100743840449, 7.94114021119e-005, 6.32570081507e-005, 5.08632110723e-005, 3.16122823278e-005, 3.23157037201e-005, 1.67211073858e-005, 1.0533583918e-005, 1.04692844616e-005, 1.16938435895e-005, 1.43111901707e-005, 1.18248617582e-005, 7.87552653492e-006, 7.38089420338e-006, 5.86872329222e-006, 4.60335695607e-006, 3.99206282964e-006, 4.08744244851e-006, 5.59271302336e-006, 8.82272797753e-006, 1.01598106994e-005, 5.87683371123e-006, 4.74956004837e-006, 4.61455874756e-006, 4.04769662055e-006, 3.32943591275e-006, 3.42291309607e-006, 2.57443389273e-006],
        "var": [3.11538497044e-005, 1.67757189047e-005, 1.91159415408e-006, 2.37510874967e-007, 3.81224623425e-007, 3.74614472776e-007, 5.00322528296e-007, 2.21157634428e-007, 2.20632074388e-007, 1.19220175065e-007, 3.11419313448e-007, 1.42464571695e-007, 7.95159849076e-008, 4.64488500995e-008, 3.10931476122e-008, 2.41124347156e-008, 9.32452071112e-009, 1.20506564727e-008, 3.16052295446e-009, 1.38296674113e-009, 1.52259571617e-009, 2.30238983434e-009, 2.16998996549e-009, 1.63120039698e-009, 1.29361898971e-009, 8.80245043522e-010, 4.44437375791e-010, 3.5567976342e-010, 4.71817696024e-010, 3.89994980754e-010, 6.07823735788e-010, 1.80634296409e-009, 4.03364008861e-009, 6.97539359606e-010, 3.68340691281e-010, 4.0403758117e-010, 3.09647002483e-010, 1.96325858348e-010, 2.12635242747e-010, 1.15461140648e-010]
    },
    "mfcc": {
        "mean": [-676.666992188, 148.399841309, 29.6877498627, 18.6429176331, 6.93322753906, 2.11485552788, 9.88486289978, 16.9889526367, 3.75994443893, 6.2978219986, 3.1529943943, -1.22306323051, -1.37286102772],
        "cov": [[6220.24365234, -2038.89733887, -631.343444824, -137.934967041, -2.84523272514, 169.301757813, -120.703720093, 37.0993461609, -134.914306641, 99.5626754761, 147.719161987, -24.984254837, 4.40976572037], [-2038.89733887, 2716.59643555, -270.296722412, -137.708557129, -52.7850227356, -361.596588135, 156.381134033, 41.8216781616, -216.833129883, -65.4236526489, -9.83823490143, 119.183174133, 100.534484863], [-631.343444824, -270.296722412, 793.645996094, 81.5379714966, -21.2612323761, 152.730178833, -24.3713245392, -10.7751283646, 133.649154663, -39.7146186829, -15.0712976456, -33.9846343994, -6.9321346283], [-137.934967041, -137.708557129, 81.5379714966, 351.482574463, 162.993438721, 0.0929948091507, -39.3961791992, 2.60858893394, 102.527366638, 40.697681427, -29.6700592041, -14.4723768234, 11.4664077759], [-2.84523272514, -52.7850227356, -21.2612323761, 162.993438721, 350.538330078, 66.5375366211, -20.3769111633, -9.34847450256, 88.6085281372, 83.8102035522, -19.0972137451, -1.32440268993, 0.487597465515], [169.301757813, -361.596588135, 152.730178833, 0.0929948091507, 66.5375366211, 293.490783691, 61.3596382141, -0.318311065435, 69.1731567383, -4.91711378098, 15.4350891113, -27.2543640137, -16.212392807], [-120.703720093, 156.381134033, -24.3713245392, -39.3961791992, -20.3769111633, 61.3596382141, 285.82723999, 97.3459014893, -14.2883358002, -11.2054681778, 5.2168135643, 13.0917720795, 5.01849079132], [37.0993461609, 41.8216781616, -10.7751283646, 2.60858893394, -9.34847450256, -0.318311065435, 97.3459014893, 247.772689819, 24.2579898834, -16.5279903412, 2.1027276516, -22.1371555328, -0.636515796185], [-134.914306641, -216.833129883, 133.649154663, 102.527366638, 88.6085281372, 69.1731567383, -14.2883358002, 24.2579898834, 200.140258789, 37.6371879578, -22.4068107605, -26.9190216064, -27.1409473419], [99.5626754761, -65.4236526489, -39.7146186829, 40.697681427, 83.8102035522, -4.91711378098, -11.2054681778, -16.5279903412, 37.6371879578, 156.821777344, 24.5720214844, 1.99989771843, -20.3409671783], [147.719161987, -9.83823490143, -15.0712976456, -29.6700592041, -19.0972137451, 15.4350891113, 5.2168135643, 2.1027276516, -22.4068107605, 24.5720214844, 124.511291504, 25.8865966797, -7.62753486633], [-24.984254837, 119.183174133, -33.9846343994, -14.4723768234, -1.32440268993, -27.2543640137, 13.0917720795, -22.1371555328, -26.9190216064, 1.99989771843, 25.8865966797, 100.433036804, 30.875869751], [4.40976572037, 100.534484863, -6.9321346283, 11.4664077759, 0.487597465515, -16.212392807, 5.01849079132, -0.636515796185, -27.1409473419, -20.3409671783, -7.62753486633, 30.875869751, 97.534072876]],
        "icov": [[0.000297539198073, 0.000273148267297, 0.000271543278359, 0.000110585664515, -3.96209397877e-005, -5.57683451916e-005, 9.29719390115e-005, -0.000148961320519, 0.000277607323369, -9.08314541448e-005, -0.000223918963457, 1.30599246404e-005, -0.000266871036729], [0.000273148267297, 0.000787708384451, 0.000203571718885, 0.000320714432746, -0.000343470455846, 0.000709862273652, -0.000344616215443, -0.000100286975794, 0.000484269490698, 0.000149910643813, -0.00021534327243, -0.00020587760082, -0.000496380380355], [0.000271543278359, 0.000203571718885, 0.00192565913312, -0.000311169482302, 0.000599586463068, -0.000932150112931, 0.000345885229763, 4.55646477349e-006, -0.000766397861298, 0.000315956567647, -0.000204337004106, 0.000114952366857, -0.00042411746108], [0.000110585664515, 0.000320714432746, -0.000311169482302, 0.00441423850134, -0.00193354382645, 0.00121071876492, 2.95229619951e-006, -3.52727183781e-005, -0.00128728174604, 5.16567997693e-005, 5.18372398801e-005, 0.000469203485409, -0.0011580347782], [-3.96209397877e-005, -0.000343470455846, 0.000599586463068, -0.00193354382645, 0.0048928889446, -0.00189524330199, 0.000623629952315, -6.74509210512e-005, -0.000877235084772, -0.00205230666324, 0.000959203345701, -0.000620234757662, -0.000147030601511], [-5.57683451916e-005, 0.000709862273652, -0.000932150112931, 0.00121071876492, -0.00189524330199, 0.00612933188677, -0.00211917678826, 0.000927451008465, -0.00109948404133, 0.00136162049603, -0.00143034139182, 0.00127016869374, -0.000330298295012], [9.29719390115e-005, -0.000344616215443, 0.000345885229763, 2.95229619951e-006, 0.000623629952315, -0.00211917678826, 0.00501436367631, -0.00209154095501, 0.000561424065381, -0.000558382773306, 0.000556982879061, -0.00117664819118, 0.000204039839446], [-0.000148961320519, -0.000100286975794, 4.55646477349e-006, -3.52727183781e-005, -6.74509210512e-005, 0.000927451008465, -0.00209154095501, 0.00524477148429, -0.00134799163789, 0.000904656480998, -0.000759988906793, 0.00168798665982, -0.000369306944776], [0.000277607323369, 0.000484269490698, -0.000766397861298, -0.00128728174604, -0.000877235084772, -0.00109948404133, 0.000561424065381, -0.00134799163789, 0.00847242679447, -0.00153013877571, 0.00125870783813, -0.000129381704028, 0.00154700293206], [-9.08314541448e-005, 0.000149910643813, 0.000315956567647, 5.16567997693e-005, -0.00205230666324, 0.00136162049603, -0.000558382773306, 0.000904656480998, -0.00153013877571, 0.0086425403133, -0.00223184167407, 0.000121631848742, 0.0013007808011], [-0.000223918963457, -0.00021534327243, -0.000204337004106, 5.18372398801e-005, 0.000959203345701, -0.00143034139182, 0.000556982879061, -0.000759988906793, 0.00125870783813, -0.00223184167407, 0.0100055839866, -0.00316815380938, 0.00160551280715], [1.30599246404e-005, -0.00020587760082, 0.000114952366857, 0.000469203485409, -0.000620234757662, 0.00127016869374, -0.00117664819118, 0.00168798665982, -0.000129381704028, 0.000121631848742, -0.00316815380938, 0.0131756206974, -0.00397891784087], [-0.000266871036729, -0.000496380380355, -0.00042411746108, -0.0011580347782, -0.000147030601511, -0.000330298295012, 0.000204039839446, -0.000369306944776, 0.00154700293206, 0.0013007808011, 0.00160551280715, -0.00397891784087, 0.012902376242]]
    },
    "spectral_contrast_coeffs": {
        "mean": [-0.68653845787, -0.726633906364, -0.720854401588, -0.792949974537, -0.796799719334, -0.801103711128],
        "var": [0.00474006123841, 0.00496895704418, 0.00565297016874, 0.0037410617806, 0.00244135269895, 0.0015891243238]
    },
    "spectral_contrast_valleys": {
        "mean": [-6.62287139893, -6.82863378525, -7.47652578354, -8.22543621063, -8.20409870148, -10.4073925018],
        "var": [0.917911171913, 0.865049362183, 1.11019730568, 1.02279293537, 1.18546795845, 1.68084335327]
    }
},
"metadata": {
    "audio_properties": {
        "analysis_sample_rate": 44100,
        "bit_rate": 128074,
        "equal_loudness": 0,
        "length": 45.0612258911,
        "lossless": 0,
        "replay_gain": -6.42860603333,
        "sample_rate": 44100,
        "codec": "mp3",
        "downmix": "mix",
        "md5_encoded": "f1ea199cbc774d55bae1ad7e131bb112"
    },
    "tags": {
        "file_name": "1038.mp3"
    },
    "version": {
        "essentia": "2.1-beta2",
        "essentia_git_sha": "v2.1_beta2",
        "extractor": "music 1.0"
    }
},
"rhythm": {
    "beats_count": 75,
    "beats_loudness": {
        "mean": 0.0581907853484,
        "var": 0.00126949127298
    },
    "bpm": 101.38218689,
    "bpm_histogram_first_peak_bpm": {
        "mean": 101,
        "var": 0
    },
    "bpm_histogram_first_peak_spread": {
        "mean": 0.592592597008,
        "var": 0
    },
    "bpm_histogram_first_peak_weight": {
        "mean": 0.297297298908,
        "var": 0
    },
    "bpm_histogram_second_peak_bpm": {
        "mean": 96,
        "var": 0
    },
    "bpm_histogram_second_peak_spread": {
        "mean": 0,
        "var": 0
    },
    "bpm_histogram_second_peak_weight": {
        "mean": 0.0540540553629,
        "var": 0
    },
    "danceability": 1.31226575375,
    "onset_rate": 4.21458530426,
    "beats_loudness_band_ratio": {
        "mean": [0.626792132854, 0.0940575152636, 0.122467853129, 0.100942194462, 0.0303752478212, 0.0501894503832],
        "var": [0.0579461976886, 0.00724294967949, 0.0115728192031, 0.0115555757657, 0.00147646153346, 0.0178042482585]
    },
    "beats_position": [0.545668900013, 1.11455774307, 1.67183673382, 2.21750569344, 2.75156450272, 3.28562355042, 3.83129239082, 4.37696123123, 4.92263031006, 5.4915189743, 6.11845779419, 6.73378658295, 7.33750534058, 7.94122457504, 8.54494285583, 9.13705158234, 9.71755123138, 10.3096599579, 10.9133787155, 11.505487442, 12.0975961685, 12.689704895, 13.2818136215, 13.8623123169, 14.4544210434, 15.0465307236, 15.6502494812, 16.242357254, 16.8344669342, 17.4381847382, 18.0535144806, 18.6804523468, 19.3073921204, 19.8994998932, 20.4799995422, 21.0488891602, 21.6177768707, 22.1750564575, 22.7091159821, 23.2431735992, 23.7656230927, 24.3577327728, 24.9498405457, 25.5651702881, 26.1921081543, 26.8770961761, 27.5736961365, 28.2354640961, 28.897233963, 29.5590019226, 30.1278915405, 30.6967792511, 31.265668869, 31.8345565796, 32.4150543213, 33.0187759399, 33.6224937439, 34.2146034241, 34.8067131042, 35.3988189697, 35.9909286499, 36.5946464539, 37.1751480103, 37.7672538757, 38.3477554321, 38.9514732361, 39.5668029785, 40.1705207825, 40.7742385864, 41.3779602051, 41.981678009, 42.5737876892, 43.1658935547, 43.7580032349, 44.350112915]
},
"tonal": {
    "chords_changes_rate": 0.0555555559695,
    "chords_number_rate": 0.00925925932825,
    "chords_strength": {
        "mean": 0.503352701664,
        "var": 0.0101952878758
    },
    "hpcp_entropy": {
        "mean": 1.72956049442,
        "var": 0.613137304783
    },
    "key_strength": 0.705860674381,
    "tuning_diatonic_strength": 0.5325127244,
    "tuning_equal_tempered_deviation": 0.214469984174,
    "tuning_frequency": 434.193115234,
    "tuning_nontempered_energy_ratio": 0.961231887341,
    "hpcp": {
        "mean": [0.301326185465, 0.298063158989, 0.139129683375, 0.0886289775372, 0.0848053246737, 0.069032907486, 0.0592359527946, 0.0549258440733, 0.063030064106, 0.0928997322917, 0.0996657237411, 0.0860513150692, 0.0839722380042, 0.0822488665581, 0.0992974117398, 0.222765192389, 0.28853482008, 0.166082888842, 0.0660021081567, 0.0442266687751, 0.048438899219, 0.0683564916253, 0.0644606798887, 0.0939347520471, 0.161176264286, 0.127090722322, 0.0588749647141, 0.046078696847, 0.052467212081, 0.0849938094616, 0.181585431099, 0.23014947772, 0.154698237777, 0.0972788631916, 0.103610962629, 0.157503917813],
        "var": [0.125355899334, 0.120088890195, 0.0403930395842, 0.0421141199768, 0.0402412302792, 0.0307678431273, 0.0220297239721, 0.0214631464332, 0.0260514970869, 0.0431481972337, 0.0438562594354, 0.0371107123792, 0.0357878915966, 0.0329806134105, 0.0324140787125, 0.0823559314013, 0.13202226162, 0.0546864047647, 0.0283613074571, 0.0173518117517, 0.0186039786786, 0.022213453427, 0.0152227291837, 0.0261446721852, 0.0758200585842, 0.0395453684032, 0.0153469173238, 0.01659983024, 0.0199589449912, 0.0320600382984, 0.0741773769259, 0.11529827863, 0.0702634826303, 0.0423648506403, 0.0487081110477, 0.0642250031233]
    },
    "chords_histogram": [49.6913566589, 8.53909492493, 0.617283940315, 0.617283940315, 0, 5.14403295517, 0, 2.26337456703, 1.02880656719, 6.48148155212, 0, 0, 0, 0, 0, 0, 0, 1.33744859695, 0, 0, 1.64609050751, 0.720164597034, 21.9135799408, 0],
    "thpcp": [1, 0.989171087742, 0.461724489927, 0.294129699469, 0.281440287828, 0.229096934199, 0.196584150195, 0.182280361652, 0.209175527096, 0.308302879333, 0.330756932497, 0.285575300455, 0.278675556183, 0.272956252098, 0.329534620047, 0.739282548428, 0.957549750805, 0.551173090935, 0.2190387398, 0.146773397923, 0.160752370954, 0.226852148771, 0.21392326057, 0.311737775803, 0.534889698029, 0.421771258116, 0.19538615644, 0.152919650078, 0.174120977521, 0.282065778971, 0.602620840073, 0.76378852129, 0.513391256332, 0.322835743427, 0.34384983778, 0.522702395916],
    "chords_key": "D",
    "chords_scale": "minor",
    "key_key": "D",
    "key_scale": "minor"
}
}