{
"lowlevel": {
    "average_loudness": 0.972704291344,
    "barkbands_crest": {
        "mean": 10.8729352951,
        "var": 16.8389930725
    },
    "barkbands_flatness_db": {
        "mean": 0.202304497361,
        "var": 0.00537952268496
    },
    "barkbands_kurtosis": {
        "mean": 15.0240221024,
        "var": 1049.92138672
    },
    "barkbands_skewness": {
        "mean": 2.27749586105,
        "var": 4.59396839142
    },
    "barkbands_spread": {
        "mean": 14.53038311,
        "var": 170.398651123
    },
    "dissonance": {
        "mean": 0.432109981775,
        "var": 0.00176054297481
    },
    "dynamic_complexity": 3.30001497269,
    "erbbands_crest": {
        "mean": 10.4033508301,
        "var": 16.4895324707
    },
    "erbbands_flatness_db": {
        "mean": 0.178778275847,
        "var": 0.00223521119915
    },
    "erbbands_kurtosis": {
        "mean": 1.62992835045,
        "var": 11.7751255035
    },
    "erbbands_skewness": {
        "mean": 0.599857330322,
        "var": 1.10137820244
    },
    "erbbands_spread": {
        "mean": 32.1496200562,
        "var": 410.033752441
    },
    "hfc": {
        "mean": 12.7723398209,
        "var": 264.088684082
    },
    "melbands_crest": {
        "mean": 15.3622961044,
        "var": 26.4776210785
    },
    "melbands_flatness_db": {
        "mean": 0.296659648418,
        "var": 0.00874704588205
    },
    "melbands_kurtosis": {
        "mean": 29.9628925323,
        "var": 4416.72412109
    },
    "melbands_skewness": {
        "mean": 3.11341691017,
        "var": 6.05193853378
    },
    "melbands_spread": {
        "mean": 15.6021509171,
        "var": 241.043441772
    },
    "pitch_salience": {
        "mean": 0.50198340416,
        "var": 0.0138297015801
    },
    "silence_rate_20dB": {
        "mean": 1,
        "var": 0
    },
    "silence_rate_30dB": {
        "mean": 0.999485075474,
        "var": 0.000514645013027
    },
    "silence_rate_60dB": {
        "mean": 0.0545829050243,
        "var": 0.051605656743
    },
    "spectral_centroid": {
        "mean": 880.00189209,
        "var": 377602.5
    },
    "spectral_complexity": {
        "mean": 10.1936149597,
        "var": 43.036605835
    },
    "spectral_decrease": {
        "mean": -6.13583495124e-009,
        "var": 2.49857067406e-017
    },
    "spectral_energy": {
        "mean": 0.0243165213615,
        "var": 0.000387822714401
    },
    "spectral_energyband_high": {
        "mean": 0.000257760315435,
        "var": 4.00382702992e-007
    },
    "spectral_energyband_low": {
        "mean": 0.0120595693588,
        "var": 0.000214580111788
    },
    "spectral_energyband_middle_high": {
        "mean": 0.00396146997809,
        "var": 3.49383699358e-005
    },
    "spectral_energyband_middle_low": {
        "mean": 0.00885721668601,
        "var": 6.66821651976e-005
    },
    "spectral_entropy": {
        "mean": 6.82062721252,
        "var": 0.363904982805
    },
    "spectral_flux": {
        "mean": 0.0690538063645,
        "var": 0.00197912892327
    },
    "spectral_kurtosis": {
        "mean": 9.53766345978,
        "var": 94.8107757568
    },
    "spectral_rms": {
        "mean": 0.00448153959587,
        "var": 3.63923663826e-006
    },
    "spectral_rolloff": {
        "mean": 929.065307617,
        "var": 1291954.625
    },
    "spectral_skewness": {
        "mean": 2.27191948891,
        "var": 0.802741348743
    },
    "spectral_spread": {
        "mean": 4247351,
        "var": 4.99523308749e+012
    },
    "spectral_strongpeak": {
        "mean": 0.851693511009,
        "var": 3.0933804512
    },
    "zerocrossingrate": {
        "mean": 0.0373364165425,
        "var": 0.000896696350537
    },
    "barkbands": {
        "mean": [0.000540549925063, 0.0063405437395, 0.00440641446039, 0.00199191761203, 0.00280859973282, 0.000909020134714, 0.00151755555999, 0.00071733049117, 0.000806521682534, 0.000842838257086, 0.000246121227974, 0.000468483864097, 0.000224310890189, 0.000327317364281, 0.000259902444668, 0.000301651482005, 0.000664419436362, 0.000590494659264, 7.61256669648e-005, 5.05150455865e-005, 8.07349497336e-005, 3.57768294634e-005, 3.21163315675e-005, 2.72542019957e-005, 3.05257963191e-005, 1.75495588337e-005, 1.95648794943e-006],
        "var": [1.50515609221e-006, 0.000128085725009, 2.29749493883e-005, 6.85180975779e-006, 1.19252190416e-005, 2.18557715925e-006, 6.47073420623e-006, 3.32940976477e-006, 4.03235526392e-006, 4.28946214015e-006, 3.17962758345e-007, 1.72823308731e-006, 2.96183713999e-007, 1.34861750212e-006, 8.99250380826e-007, 6.35388175851e-007, 3.22997107105e-006, 4.35013453171e-006, 3.80062950001e-008, 2.43553888168e-008, 1.50903858298e-007, 6.09926731343e-009, 4.26427071432e-009, 5.8117999302e-009, 1.22281127446e-008, 4.28988844448e-009, 8.36280211747e-011]
    },
    "erbbands": {
        "mean": [0.225465327501, 1.29440510273, 4.56847524643, 5.83888578415, 8.91374588013, 9.05468845367, 6.62904787064, 9.45174121857, 20.9330482483, 18.6460380554, 14.9495420456, 16.0779285431, 20.182302475, 28.410577774, 15.6532592773, 16.3670463562, 12.6993837357, 18.2210578918, 13.1697816849, 11.6415262222, 22.7153129578, 34.0671043396, 30.5235042572, 15.1614313126, 3.41851425171, 2.7263417244, 4.12479543686, 2.03359389305, 1.38904500008, 0.914768755436, 0.928487598896, 0.712756216526, 0.385517805815, 0.330329805613, 0.215891242027, 0.0868455469608, 0.0300365425646, 0.0070211449638, 0.0002061604755, 3.28136156895e-005],
        "var": [0.193941041827, 4.57653617859, 23.4866809845, 36.3661956787, 149.688583374, 131.172927856, 93.2603607178, 272.820678711, 1417.67749023, 964.807678223, 1221.19396973, 2308.11132813, 1657.48815918, 4792.64111328, 1155.31787109, 2043.34997559, 746.233215332, 4042.62890625, 2087.14257813, 930.901489258, 3518.40283203, 7723.97363281, 8969.48046875, 2558.91625977, 66.7548370361, 59.5852088928, 477.811523438, 47.9051399231, 9.84345817566, 3.86944675446, 3.38609194756, 3.01767516136, 1.71442043781, 2.132188797, 0.460559874773, 0.0901973471045, 0.0143133802339, 0.000825996394269, 7.07594722371e-007, 9.78812031427e-010]
    },
    "gfcc": {
        "mean": [-57.5137062073, 117.819969177, -88.8955688477, 32.1260948181, -43.7221946716, 13.7728300095, -33.0147972107, 15.3171262741, -20.2893657684, -2.58150196075, -16.2288646698, 3.58488345146, -12.4092502594],
        "cov": [[7439, -1413.74914551, -1631.63989258, -48.6990509033, -180.849380493, 58.0417251587, -475.904693604, 304.649047852, -7.08014059067, 132.346099854, -125.962173462, 328.360229492, -257.212463379], [-1413.74914551, 1751.93395996, 156.947128296, -333.838287354, 104.39365387, -253.012741089, 116.877105713, -291.940643311, 25.0506038666, -256.839752197, 121.494941711, -148.625823975, 181.057052612], [-1631.63989258, 156.947128296, 1529.58984375, 244.917709351, -122.671272278, 19.0391082764, 192.036865234, -84.2257614136, -181.089004517, -31.5362472534, -85.7247009277, -134.851654053, 78.794593811], [-48.6990509033, -333.838287354, 244.917709351, 433.774871826, 78.5610961914, 44.7037620544, 14.6308507919, 24.424446106, -35.7523269653, 18.4804401398, -38.8332672119, -54.8493156433, -41.6583595276], [-180.849380493, 104.39365387, -122.671272278, 78.5610961914, 355.872619629, 78.3758621216, -21.6383457184, -23.4911193848, 97.9142532349, 10.9302759171, 23.0190353394, -19.4383277893, -22.5534477234], [58.0417251587, -253.012741089, 19.0391082764, 44.7037620544, 78.3758621216, 187.755706787, 30.820898056, 42.7801780701, 32.7316551208, 67.4912567139, -2.80204391479, 30.6239089966, -19.0933933258], [-475.904693604, 116.877105713, 192.036865234, 14.6308507919, -21.6383457184, 30.820898056, 179.598678589, 39.3473205566, -0.320780366659, -7.16253948212, 28.129278183, -14.2288188934, 28.5472717285], [304.649047852, -291.940643311, -84.2257614136, 24.424446106, -23.4911193848, 42.7801780701, 39.3473205566, 166.298690796, 39.9353179932, 46.6227684021, -6.70289468765, 45.9673233032, -31.2587985992], [-7.08014059067, 25.0506038666, -181.089004517, -35.7523269653, 97.9142532349, 32.7316551208, -0.320780366659, 39.9353179932, 156.712005615, 55.2078208923, 11.5608072281, 3.78445911407, -8.85970497131], [132.346099854, -256.839752197, -31.5362472534, 18.4804401398, 10.9302759171, 67.4912567139, -7.16253948212, 46.6227684021, 55.2078208923, 153.099945068, 20.5489902496, 30.6102523804, -9.77346992493], [-125.962173462, 121.494941711, -85.7247009277, -38.8332672119, 23.0190353394, -2.80204391479, 28.129278183, -6.70289468765, 11.5608072281, 20.5489902496, 134.666549683, 56.1206016541, 15.0213356018], [328.360229492, -148.625823975, -134.851654053, -54.8493156433, -19.4383277893, 30.6239089966, -14.2288188934, 45.9673233032, 3.78445911407, 30.6102523804, 56.1206016541, 127.819190979, 13.8404846191], [-257.212463379, 181.057052612, 78.794593811, -41.6583595276, -22.5534477234, -19.0933933258, 28.5472717285, -31.2587985992, -8.85970497131, -9.77346992493, 15.0213356018, 13.8404846191, 130.438751221]],
        "icov": [[0.000275590457022, -0.00017705654318, 0.000285929447273, -0.000229330849834, 0.000220904999878, -0.000179948707228, 0.000483099574922, -0.000404962716857, 0.00042457395466, -0.000316690013278, 0.00062866328517, -0.000685977633111, 0.000357817392796], [-0.00017705654318, 0.00384095218033, -0.000635661999695, 0.00264220498502, -0.00162593857385, 0.0028446642682, -0.00243596173823, 0.00363673362881, -0.00274929590523, 0.00434913532808, -0.00402846187353, 0.00398082239553, -0.00273222243413], [0.000285929447273, -0.000635661999695, 0.00154350837693, -0.00102987396531, 0.000590002338868, -0.000652295653708, -0.000613485870417, -7.68109966884e-005, 0.00183303363156, -0.00140163360629, 0.00183308171108, -0.000624987180345, 0.000181949086254], [-0.000229330849834, 0.00264220498502, -0.00102987396531, 0.00513425609097, -0.00241099530831, 0.00183101964649, -0.00140154233668, 0.00119025597814, -0.000423435500124, 0.00233741267584, -0.00291731511243, 0.00427239807323, -0.00138578505721], [0.000220904999878, -0.00162593857385, 0.000590002338868, -0.00241099530831, 0.00570449884981, -0.00374592188746, 0.00228527979925, -0.000329370785039, -0.00220197159797, -2.42475489358e-005, 0.000227898810408, -0.000906942877918, 0.0013436418958], [-0.000179948707228, 0.0028446642682, -0.000652295653708, 0.00183101964649, -0.00374592188746, 0.010977328755, -0.00474980566651, 0.00304322247393, -0.00135718856473, -0.000556037470233, -4.78754081996e-005, -0.000690405140631, -0.000651711772662], [0.000483099574922, -0.00243596173823, -0.000613485870417, -0.00140154233668, 0.00228527979925, -0.00474980566651, 0.0123585043475, -0.00731184380129, 0.000955092604272, -3.01157760987e-005, -0.00207823119126, 0.00109405873809, -0.000314372096909], [-0.000404962716857, 0.00363673362881, -7.68109966884e-005, 0.00119025597814, -0.000329370785039, 0.00304322247393, -0.00731184380129, 0.014917101711, -0.00544892298058, 0.00241210195236, -0.000230248537264, -0.00159039604478, 0.000149409417645], [0.00042457395466, -0.00274929590523, 0.00183303363156, -0.000423435500124, -0.00220197159797, -0.00135718856473, 0.000955092604272, -0.00544892298058, 0.0143684204668, -0.00751828216016, 0.00397611828521, -0.000998998526484, 0.00137739116326], [-0.000316690013278, 0.00434913532808, -0.00140163360629, 0.00233741267584, -2.42475489358e-005, -0.000556037470233, -3.01157760987e-005, 0.00241210195236, -0.00751828216016, 0.0155780566856, -0.00770201906562, 0.00491131097078, -0.00354669988155], [0.00062866328517, -0.00402846187353, 0.00183308171108, -0.00291731511243, 0.000227898810408, -4.78754081996e-005, -0.00207823119126, -0.000230248537264, 0.00397611828521, -0.00770201906562, 0.0178424511105, -0.0122777996585, 0.0041654445231], [-0.000685977633111, 0.00398082239553, -0.000624987180345, 0.00427239807323, -0.000906942877918, -0.000690405140631, 0.00109405873809, -0.00159039604478, -0.000998998526484, 0.00491131097078, -0.0122777996585, 0.0210616346449, -0.00653547327965], [0.000357817392796, -0.00273222243413, 0.000181949086254, -0.00138578505721, 0.0013436418958, -0.000651711772662, -0.000314372096909, 0.000149409417645, 0.00137739116326, -0.00354669988155, 0.0041654445231, -0.00653547327965, 0.0118951275945]]
    },
    "melbands": {
        "mean": [0.00186441733968, 0.00216610915959, 0.00116989342496, 0.000670087523758, 0.000266999821179, 0.000193272935576, 0.000328745954903, 0.000194408858079, 0.000114369438961, 0.000107408610347, 0.000101624755189, 0.000121252662211, 4.44177021564e-005, 6.04970700806e-005, 2.73144487437e-005, 3.08762282657e-005, 3.09749157168e-005, 1.77195179276e-005, 1.82558014785e-005, 1.43162769746e-005, 3.09465285682e-005, 3.87459767808e-005, 2.41935867962e-005, 3.45641383319e-005, 9.48055094341e-006, 2.64408527073e-006, 1.48833396452e-006, 1.80635993274e-006, 2.70595660368e-006, 1.47649018345e-006, 1.23437564525e-006, 8.18987359708e-007, 6.11352220403e-007, 4.75426247704e-007, 5.5418388456e-007, 4.93693562476e-007, 4.11065087746e-007, 2.5416161975e-007, 2.75499985491e-007, 2.76583364212e-007],
        "var": [1.19708183774e-005, 5.6039411902e-006, 1.47139883211e-006, 7.31494253614e-007, 1.27834468344e-007, 1.1193296956e-007, 3.26764592273e-007, 1.27952645812e-007, 8.46432541834e-008, 8.33469471218e-008, 4.3322017973e-008, 9.55499359634e-008, 8.76968009322e-009, 3.13316483869e-008, 4.86578510817e-009, 5.9386580098e-009, 1.24333396911e-008, 3.73810538079e-009, 3.96027521887e-009, 1.57601742767e-009, 9.13894293575e-009, 1.32819968357e-008, 4.52679316254e-009, 2.04358432399e-008, 1.08135567167e-009, 4.47916287394e-011, 1.93576890628e-011, 3.4511542929e-011, 2.13521436643e-010, 2.88522244291e-011, 2.84559511371e-011, 3.51735524387e-012, 2.83152624611e-012, 1.12832475568e-012, 1.26855166996e-012, 1.37958373024e-012, 1.18896082216e-012, 5.22176702919e-013, 1.95880247786e-012, 1.49703903787e-012]
    },
    "mfcc": {
        "mean": [-716.903503418, 149.474456787, 19.3206710815, 31.5121135712, 14.3788471222, 3.92929005623, 1.6314483881, 13.7032928467, 3.80934500694, -1.45669770241, 0.0539153032005, 3.99542379379, -0.854637742043],
        "cov": [[7552.02734375, -1383.42712402, -1480.87365723, -344.067657471, -112.823768616, -287.841522217, -482.038726807, 130.338272095, -112.453193665, -209.032287598, 91.739440918, 305.722076416, -118.089447021], [-1383.42712402, 1751.00073242, 41.8672599792, -135.43812561, -57.5350189209, -42.0647125244, 5.6357665062, -59.341217041, -73.2777633667, -39.8706512451, -131.075759888, -193.257766724, 10.326543808], [-1480.87365723, 41.8672599792, 1214.54467773, 245.823608398, -86.4097213745, 50.0551147461, 234.556900024, -79.7826309204, 57.8572769165, 57.7462501526, -49.3894615173, -210.276031494, -55.2243156433], [-344.067657471, -135.43812561, 245.823608398, 350.535888672, 85.3369522095, 42.8455085754, 70.0657577515, -5.10291147232, 4.67335414886, 34.716129303, -5.73903942108, -7.49913883209, -23.8625717163], [-112.823768616, -57.5350189209, -86.4097213745, 85.3369522095, 275.096130371, 125.044883728, -4.58992576599, 8.6660490036, 15.0135650635, 2.36984753609, 2.36690115929, 73.7362289429, 31.623714447], [-287.841522217, -42.0647125244, 50.0551147461, 42.8455085754, 125.044883728, 194.363525391, 45.7167320251, -8.20753192902, 21.1442832947, 24.3741226196, 10.5165290833, 47.6666145325, 17.5612926483], [-482.038726807, 5.6357665062, 234.556900024, 70.0657577515, -4.58992576599, 45.7167320251, 181.704406738, 16.6403827667, -3.19535446167, 6.66781282425, -3.40554189682, -33.9797134399, 22.2223682404], [130.338272095, -59.341217041, -79.7826309204, -5.10291147232, 8.6660490036, -8.20753192902, 16.6403827667, 142.633087158, 12.161397934, -18.0316848755, 38.2445640564, 38.1409759521, -13.2302522659], [-112.453193665, -73.2777633667, 57.8572769165, 4.67335414886, 15.0135650635, 21.1442832947, -3.19535446167, 12.161397934, 140.225402832, 67.7833023071, 6.18357658386, 1.86593449116, 6.26279067993], [-209.032287598, -39.8706512451, 57.7462501526, 34.716129303, 2.36984753609, 24.3741226196, 6.66781282425, -18.0316848755, 67.7833023071, 122.923576355, 28.1214904785, -0.918244898319, 9.28548526764], [91.739440918, -131.075759888, -49.3894615173, -5.73903942108, 2.36690115929, 10.5165290833, -3.40554189682, 38.2445640564, 6.18357658386, 28.1214904785, 154.030654907, 62.6412315369, -20.4853515625], [305.722076416, -193.257766724, -210.276031494, -7.49913883209, 73.7362289429, 47.6666145325, -33.9797134399, 38.1409759521, 1.86593449116, -0.918244898319, 62.6412315369, 173.726165771, 45.1227684021], [-118.089447021, 10.326543808, -55.2243156433, -23.8625717163, 31.623714447, 17.5612926483, 22.2223682404, -13.2302522659, 6.26279067993, 9.28548526764, -20.4853515625, 45.1227684021, 140.174514771]],
        "icov": [[0.00025994569296, 0.000218594446778, 0.000234411258134, 6.08556692896e-005, 0.00012135754514, 0.000169660212123, 0.000268073374173, -1.84561974947e-006, 4.99317029607e-005, 0.000263190508122, 0.000112849891593, -7.40038740332e-005, 0.000234939172515], [0.000218594446778, 0.000907787121832, 0.000240174093051, 0.000346761546098, -2.06161676033e-005, 2.95770350931e-005, 0.000287893984932, -7.07038634573e-005, 0.000482172705233, 8.60976506374e-005, 0.000356206757715, 0.000880271138158, -3.8991071051e-005], [0.000234411258134, 0.000240174093051, 0.00195517227985, -0.000890020164661, 0.000776864297222, -0.000421828997787, -0.00134797010105, 0.000888452108484, -0.000914758769795, 0.000602050975431, -0.000180194809218, 0.00146413571201, 0.000477031513583], [6.08556692896e-005, 0.000346761546098, -0.000890020164661, 0.00448600435629, -0.00205619237386, 0.00108586146962, -0.000976059527602, -0.000168450947967, 0.00128377682995, -0.0018206484383, 0.000959382858127, -0.000918239005841, 0.00140447623562], [0.00012135754514, -2.06161676033e-005, 0.000776864297222, -0.00205619237386, 0.0067757605575, -0.00410022260621, 0.00127855781466, -0.000277003418887, -0.000902618980035, 0.00150130328257, 0.000241965826717, -0.000633860938251, -0.00100372242741], [0.000169660212123, 2.95770350931e-005, -0.000421828997787, 0.00108586146962, -0.00410022260621, 0.00938172079623, -0.00273520243354, 0.0014399914071, -0.000277490267763, -0.00135054765269, 0.000546333321836, -0.00304128159769, 0.00163931632414], [0.000268073374173, 0.000287893984932, -0.00134797010105, -0.000976059527602, 0.00127855781466, -0.00273520243354, 0.0101079652086, -0.00308908335865, 0.00164157594554, 0.000477144145407, -0.000656025949866, 0.00209219148383, -0.00320668425411], [-1.84561974947e-006, -7.07038634573e-005, 0.000888452108484, -0.000168450947967, -0.000277003418887, 0.0014399914071, -0.00308908335865, 0.00963200815022, -0.00276505528018, 0.00266406941228, -0.00171192875132, -0.00183441420086, 0.0018933059182], [4.99317029607e-005, 0.000482172705233, -0.000914758769795, 0.00128377682995, -0.000902618980035, -0.000277490267763, 0.00164157594554, -0.00276505528018, 0.011361066252, -0.00671274075285, 0.00156364985742, 0.00014008700964, -0.000297632068396], [0.000263190508122, 8.60976506374e-005, 0.000602050975431, -0.0018206484383, 0.00150130328257, -0.00135054765269, 0.000477144145407, 0.00266406941228, -0.00671274075285, 0.0140835409984, -0.00357481278479, 0.00133292365354, -0.00143557821866], [0.000112849891593, 0.000356206757715, -0.000180194809218, 0.000959382858127, 0.000241965826717, 0.000546333321836, -0.000656025949866, -0.00171192875132, 0.00156364985742, -0.00357481278479, 0.00982523616403, -0.0043363342993, 0.00297925132327], [-7.40038740332e-005, 0.000880271138158, 0.00146413571201, -0.000918239005841, -0.000633860938251, -0.00304128159769, 0.00209219148383, -0.00183441420086, 0.00014008700964, 0.00133292365354, -0.0043363342993, 0.0133030069992, -0.00469805952162], [0.000234939172515, -3.8991071051e-005, 0.000477031513583, 0.00140447623562, -0.00100372242741, 0.00163931632414, -0.00320668425411, 0.0018933059182, -0.000297632068396, -0.00143557821866, 0.00297925132327, -0.00469805952162, 0.0105260293931]]
    },
    "spectral_contrast_coeffs": {
        "mean": [-0.658085942268, -0.6816162467, -0.703295886517, -0.750057637691, -0.760896205902, -0.78475278616],
        "var": [0.006148413755, 0.00782961491495, 0.00813898444176, 0.00757385743782, 0.00792662426829, 0.00226747756824]
    },
    "spectral_contrast_valleys": {
        "mean": [-7.03495931625, -7.53732776642, -8.38690090179, -9.04235839844, -8.78865242004, -11.1598854065],
        "var": [0.725293874741, 1.05596601963, 1.03465819359, 1.02368283272, 0.994465351105, 1.17162549496]
    }
},
"metadata": {
    "audio_properties": {
        "analysis_sample_rate": 44100,
        "bit_rate": 128074,
        "equal_loudness": 0,
        "length": 45.0612258911,
        "lossless": 0,
        "replay_gain": -5.41263961792,
        "sample_rate": 44100,
        "codec": "mp3",
        "downmix": "mix",
        "md5_encoded": "120d1988a8995b383b647d3ceaeb7d53"
    },
    "tags": {
        "file_name": "1039.mp3"
    },
    "version": {
        "essentia": "2.1-beta2",
        "essentia_git_sha": "v2.1_beta2",
        "extractor": "music 1.0"
    }
},
"rhythm": {
    "beats_count": 73,
    "beats_loudness": {
        "mean": 0.0387371852994,
        "var": 0.000464659940917
    },
    "bpm": 98.6178665161,
    "bpm_histogram_first_peak_bpm": {
        "mean": 99,
        "var": 0
    },
    "bpm_histogram_first_peak_spread": {
        "mean": 0.152777791023,
        "var": 0
    },
    "bpm_histogram_first_peak_weight": {
        "mean": 0.847222208977,
        "var": 0
    },
    "bpm_histogram_second_peak_bpm": {
        "mean": 0,
        "var": 0
    },
    "bpm_histogram_second_peak_spread": {
        "mean": 0,
        "var": 0
    },
    "bpm_histogram_second_peak_weight": {
        "mean": 0,
        "var": 0
    },
    "danceability": 1.51319026947,
    "onset_rate": 3.57130646706,
    "beats_loudness_band_ratio": {
        "mean": [0.62368285656, 0.127106025815, 0.116774819791, 0.07158344239, 0.0712523758411, 0.0207457430661],
        "var": [0.0618419982493, 0.0109327398241, 0.0112357186154, 0.0059698340483, 0.00942047126591, 0.000963514205068]
    },
    "beats_position": [0.603718817234, 1.21904754639, 1.82276642323, 2.43809509277, 3.04181408882, 3.64553284645, 4.26086139679, 4.87619018555, 5.4915189743, 6.10684776306, 6.72217655182, 7.33750534058, 7.94122457504, 8.54494285583, 9.16027164459, 9.77560043335, 10.3909292221, 11.0062580109, 11.6215867996, 12.2369155884, 12.840634346, 13.4443531036, 14.0596818924, 14.6750106812, 15.2903394699, 15.9056682587, 16.5209980011, 17.1363258362, 17.7632656097, 18.390203476, 19.0171432495, 19.6208610535, 20.2129707336, 20.7934684753, 21.3971881866, 22.0125160217, 22.6278457642, 23.2431735992, 23.8701133728, 24.4738311768, 25.0775508881, 25.681268692, 26.2849884033, 26.8887062073, 27.4924259186, 28.0961437225, 28.6998634338, 29.3035831451, 29.9073009491, 30.5110206604, 31.1147384644, 31.7300682068, 32.3337860107, 32.9375038147, 33.5528335571, 34.1681632996, 34.7718811035, 35.3639907837, 35.9677085876, 36.5714263916, 37.1751480103, 37.755645752, 38.3593635559, 38.9863014221, 39.5900230408, 40.1937408447, 40.8090705872, 41.4243965149, 42.0165061951, 42.6086158752, 43.2123336792, 43.8160552979, 44.4197731018]
},
"tonal": {
    "chords_changes_rate": 0.0524691343307,
    "chords_number_rate": 0.00823045242578,
    "chords_strength": {
        "mean": 0.569519579411,
        "var": 0.00819475762546
    },
    "hpcp_entropy": {
        "mean": 1.81974458694,
        "var": 0.52441072464
    },
    "key_strength": 0.634361982346,
    "tuning_diatonic_strength": 0.509687960148,
    "tuning_equal_tempered_deviation": 0.237664520741,
    "tuning_frequency": 434.193115234,
    "tuning_nontempered_energy_ratio": 0.933512747288,
    "hpcp": {
        "mean": [0.334741562605, 0.382113486528, 0.198839753866, 0.0869104936719, 0.058545216918, 0.0855078548193, 0.210936531425, 0.246253862977, 0.131277278066, 0.0607282929122, 0.0557162053883, 0.0714841857553, 0.107472531497, 0.114537641406, 0.0775608867407, 0.0728614926338, 0.0767485648394, 0.0602621361613, 0.0536608509719, 0.0515901371837, 0.0633150860667, 0.125856310129, 0.136878609657, 0.129314631224, 0.150048926473, 0.102502703667, 0.0850766971707, 0.190990626812, 0.262806922197, 0.164133936167, 0.0675173848867, 0.0563858561218, 0.0539235323668, 0.0576350018382, 0.0782777518034, 0.144276186824],
        "var": [0.143360882998, 0.161561176181, 0.0682285949588, 0.0346333943307, 0.0279561206698, 0.0289992708713, 0.104820005596, 0.122999317944, 0.0441063456237, 0.021184027195, 0.0240573957562, 0.0267439950258, 0.0347957871854, 0.039588265121, 0.0224762205034, 0.0308299530298, 0.0368120893836, 0.0268990788609, 0.0235243327916, 0.020886246115, 0.0184923186898, 0.0416363030672, 0.0464158207178, 0.0418484061956, 0.0753741115332, 0.0361924543977, 0.0374544374645, 0.0732520967722, 0.11552990973, 0.0613108538091, 0.0247958265245, 0.0264503043145, 0.0262704566121, 0.0248993057758, 0.0349845401943, 0.0505169928074]
    },
    "chords_histogram": [16.563785553, 0, 2.36625504494, 0, 10.9053497314, 0, 0.308641970158, 0, 0, 2.98353910446, 0, 0, 0, 0, 0, 0.205761313438, 2.67489719391, 0.411522626877, 0, 0, 0, 19.2386837006, 9.56790161133, 34.7736625671],
    "thpcp": [1, 0.520368337631, 0.227446809411, 0.153214216232, 0.223776072264, 0.552025854588, 0.644452154636, 0.34355571866, 0.158927381039, 0.145810618997, 0.187075793743, 0.281258136034, 0.29974770546, 0.202978670597, 0.190680250525, 0.200852796435, 0.157707437873, 0.140431717038, 0.135012611747, 0.165697067976, 0.329368919134, 0.358214557171, 0.338419437408, 0.392681568861, 0.268251985312, 0.222647726536, 0.499826967716, 0.687771916389, 0.429542392492, 0.176694586873, 0.147563114762, 0.141119152308, 0.150832161307, 0.204854726791, 0.377574175596, 0.876026570797],
    "chords_key": "F#",
    "chords_scale": "minor",
    "key_key": "A",
    "key_scale": "major"
}
}