{
"lowlevel": {
    "average_loudness": 0.945394456387,
    "barkbands_crest": {
        "mean": 8.17187309265,
        "var": 7.8490729332
    },
    "barkbands_flatness_db": {
        "mean": 0.167852729559,
        "var": 0.00399349723011
    },
    "barkbands_kurtosis": {
        "mean": 3.53892016411,
        "var": 26.9395065308
    },
    "barkbands_skewness": {
        "mean": 1.54229533672,
        "var": 0.993518471718
    },
    "barkbands_spread": {
        "mean": 18.8252544403,
        "var": 108.0704422
    },
    "dissonance": {
        "mean": 0.471228927374,
        "var": 0.000378669326892
    },
    "dynamic_complexity": 1.36110889912,
    "erbbands_crest": {
        "mean": 7.88231372833,
        "var": 10.9552316666
    },
    "erbbands_flatness_db": {
        "mean": 0.181153029203,
        "var": 0.00181558565237
    },
    "erbbands_kurtosis": {
        "mean": -0.469022631645,
        "var": 0.727738797665
    },
    "erbbands_skewness": {
        "mean": 0.11403530091,
        "var": 0.311492711306
    },
    "erbbands_spread": {
        "mean": 36.8127784729,
        "var": 175.717147827
    },
    "hfc": {
        "mean": 22.1761569977,
        "var": 190.165939331
    },
    "melbands_crest": {
        "mean": 14.4452505112,
        "var": 25.7757282257
    },
    "melbands_flatness_db": {
        "mean": 0.22659945488,
        "var": 0.00751288514584
    },
    "melbands_kurtosis": {
        "mean": 11.529132843,
        "var": 152.281555176
    },
    "melbands_skewness": {
        "mean": 2.64832687378,
        "var": 1.69320976734
    },
    "melbands_spread": {
        "mean": 20.9547080994,
        "var": 234.493789673
    },
    "pitch_salience": {
        "mean": 0.574438393116,
        "var": 0.00798411015421
    },
    "silence_rate_20dB": {
        "mean": 1,
        "var": 0
    },
    "silence_rate_30dB": {
        "mean": 1,
        "var": 0
    },
    "silence_rate_60dB": {
        "mean": 0.00205867225304,
        "var": 0.00205448735505
    },
    "spectral_centroid": {
        "mean": 1192.08728027,
        "var": 534385.5625
    },
    "spectral_complexity": {
        "mean": 26.0514659882,
        "var": 116.220779419
    },
    "spectral_decrease": {
        "mean": -8.8856078051e-009,
        "var": 1.33027095121e-017
    },
    "spectral_energy": {
        "mean": 0.0355477780104,
        "var": 0.000200420356123
    },
    "spectral_energyband_high": {
        "mean": 0.000514484534506,
        "var": 5.97314908646e-007
    },
    "spectral_energyband_low": {
        "mean": 0.0126114431769,
        "var": 9.7609241493e-005
    },
    "spectral_energyband_middle_high": {
        "mean": 0.0069535668008,
        "var": 3.0564100598e-005
    },
    "spectral_energyband_middle_low": {
        "mean": 0.017175341025,
        "var": 0.000117038551252
    },
    "spectral_entropy": {
        "mean": 7.367436409,
        "var": 0.226068153977
    },
    "spectral_flux": {
        "mean": 0.0786483585835,
        "var": 0.000832168094348
    },
    "spectral_kurtosis": {
        "mean": 7.42604827881,
        "var": 43.1572380066
    },
    "spectral_rms": {
        "mean": 0.00577495852485,
        "var": 1.33059461405e-006
    },
    "spectral_rolloff": {
        "mean": 1235.4284668,
        "var": 1557669
    },
    "spectral_skewness": {
        "mean": 1.73094832897,
        "var": 0.431050956249
    },
    "spectral_spread": {
        "mean": 3319949.75,
        "var": 3.80700983296e+012
    },
    "spectral_strongpeak": {
        "mean": 0.885942935944,
        "var": 0.640813410282
    },
    "zerocrossingrate": {
        "mean": 0.0459713153541,
        "var": 0.00100657076109
    },
    "barkbands": {
        "mean": [1.32869981826e-005, 0.00542074022815, 0.00572768272832, 0.00328240008093, 0.00536465179175, 0.00458659557626, 0.00119197531603, 0.000598178245127, 0.00135982385837, 0.00175145629328, 0.000947320077103, 0.000381758407457, 0.000692125817295, 0.000317568774335, 0.000749615486711, 0.000965167651884, 0.000713343091775, 0.000424730795203, 0.000410764449043, 0.00025801215088, 0.000131998371216, 8.75908881426e-005, 6.14239033894e-005, 5.26790936419e-005, 3.78300937882e-005, 1.8347896912e-005, 7.14672921731e-007],
        "var": [2.89103718742e-009, 2.17819306272e-005, 2.58452400885e-005, 2.12898357859e-005, 2.29423731071e-005, 3.47790337401e-005, 5.98507904215e-006, 1.68732435668e-006, 3.68950236407e-006, 3.41561371897e-006, 2.06000595426e-006, 4.07043643236e-007, 4.31112141541e-007, 1.33998028673e-007, 5.44897375221e-007, 1.07578853203e-006, 7.62905301599e-007, 2.41346185703e-007, 1.88177523341e-007, 8.49067021136e-008, 5.47449232613e-008, 1.69026517227e-008, 1.60870783361e-008, 3.6386065716e-008, 1.39917544217e-008, 8.16087730726e-009, 7.31386964881e-011]
    },
    "erbbands": {
        "mean": [0.0320461466908, 1.65211379528, 7.67326641083, 7.51470184326, 16.5596733093, 12.7984819412, 31.5554924011, 35.7486000061, 25.3705482483, 16.0186309814, 12.9235038757, 33.3456993103, 52.9970932007, 38.6041717529, 39.6785812378, 20.0670070648, 31.4889717102, 23.4759502411, 16.0158462524, 55.8165512085, 51.3749160767, 43.2514839172, 21.664068222, 26.988861084, 19.9654006958, 10.3742361069, 7.36936283112, 4.54047966003, 3.01063585281, 2.23859882355, 1.64672994614, 1.33754777908, 0.732975363731, 0.474137634039, 0.244029119611, 0.105424799025, 0.0280387569219, 0.00339528941549, 0.000108682681457, 4.47592392447e-005],
        "var": [0.00136022805236, 2.00512957573, 44.0336532593, 88.3097381592, 268.554595947, 151.368835449, 1551.93652344, 3198.38842773, 3188.31054688, 845.320739746, 655.989929199, 2725.8125, 4141.35644531, 1381.44787598, 4082.5715332, 880.146911621, 928.760192871, 545.320251465, 202.499526978, 2668.22290039, 3505.88842773, 2719.1887207, 534.175231934, 978.635681152, 461.567382813, 121.749427795, 172.967468262, 35.7575340271, 19.7205677032, 12.2447376251, 15.6786136627, 26.281211853, 5.65087938309, 2.37694430351, 0.541549861431, 0.159408822656, 0.0335049852729, 0.00080354209058, 7.30681335881e-007, 7.64139973519e-010]
    },
    "gfcc": {
        "mean": [4.0602183342, 132.169174194, -134.22706604, 35.7981681824, -45.1670913696, 6.35759544373, -38.655632019, 6.84876871109, -26.1025218964, -9.58168506622, -16.6532802582, -5.78673505783, -1.25690543652],
        "cov": [[5462.38427734, -1771.45568848, -590.689697266, 324.152587891, -838.505249023, 449.753662109, -211.671798706, 418.02432251, -235.660491943, 358.824523926, -159.368225098, 342.263061523, -208.279541016], [-1771.45568848, 2017.41516113, 59.7151794434, -192.983963013, 631.999511719, -410.419372559, 116.629981995, -333.377929688, 208.632720947, -319.552734375, 166.813766479, -317.292541504, 195.999816895], [-590.689697266, 59.7151794434, 794.595825195, -65.8546295166, 82.7995681763, 32.1115608215, -84.8221054077, -32.4890670776, -47.4477958679, 79.2913131714, -30.9399433136, -1.88696575165, -77.6969833374], [324.152587891, -192.983963013, -65.8546295166, 197.082473755, -55.6993026733, 57.2925300598, 19.9057197571, 21.3095149994, -3.46716427803, 1.2026925087, -13.9124107361, 15.5012331009, 12.9162359238], [-838.505249023, 631.999511719, 82.7995681763, -55.6993026733, 351.053131104, -136.425674438, 70.5126724243, -76.3102416992, 61.3676490784, -92.4496841431, 22.8185520172, -102.633987427, 54.2015266418], [449.753662109, -410.419372559, 32.1115608215, 57.2925300598, -136.425674438, 189.366760254, -7.04467868805, 82.3506546021, -32.1634254456, 67.5536270142, -22.1613616943, 65.7473602295, -37.2382698059], [-211.671798706, 116.629981995, -84.8221054077, 19.9057197571, 70.5126724243, -7.04467868805, 113.494255066, 8.77954673767, 34.6934089661, -27.8124866486, 12.8871297836, -10.6649589539, 21.7799015045], [418.02432251, -333.377929688, -32.4890670776, 21.3095149994, -76.3102416992, 82.3506546021, 8.77954673767, 148.399887085, -21.2711982727, 86.5887527466, -30.7765350342, 53.6337471008, -40.9461364746], [-235.660491943, 208.632720947, -47.4477958679, -3.46716427803, 61.3676490784, -32.1634254456, 34.6934089661, -21.2711982727, 83.3418579102, -31.9319820404, 33.4548454285, -32.914894104, 30.5169143677], [358.824523926, -319.552734375, 79.2913131714, 1.2026925087, -92.4496841431, 67.5536270142, -27.8124866486, 86.5887527466, -31.9319820404, 135.472976685, -14.9778223038, 66.4639816284, -61.1645507813], [-159.368225098, 166.813766479, -30.9399433136, -13.9124107361, 22.8185520172, -22.1613616943, 12.8871297836, -30.7765350342, 33.4548454285, -14.9778223038, 85.8920593262, -2.62783575058, 30.5320854187], [342.263061523, -317.292541504, -1.88696575165, 15.5012331009, -102.633987427, 65.7473602295, -10.6649589539, 53.6337471008, -32.914894104, 66.4639816284, -2.62783575058, 114.972244263, -20.2931747437], [-208.279541016, 195.999816895, -77.6969833374, 12.9162359238, 54.2015266418, -37.2382698059, 21.7799015045, -40.9461364746, 30.5169143677, -61.1645507813, 30.5320854187, -20.2931747437, 82.7361297607]],
        "icov": [[0.000647227221634, -0.00100069958717, 0.0007862909697, -0.00110555836, 0.00105617707595, -0.000896201410796, 0.00141415873077, -0.00111368659418, 0.000974612194113, -0.000725189456716, 0.00114358426072, -0.00148227042519, 0.00121105962899], [-0.00100069958717, 0.00539429159835, -0.00174261594657, 0.00331929046661, -0.00436999136582, 0.0034576645121, -0.0030878148973, 0.00379091245122, -0.00348999118432, 0.00239826971665, -0.00522184791043, 0.00627777306363, -0.00381765863858], [0.0007862909697, -0.00174261594657, 0.00309455534443, -0.00132917275187, 2.49419354077e-005, -0.00267270533368, 0.00329212821089, 0.000101590143458, 0.00189575436525, -0.00283366581425, 0.00221962248906, -0.00235090008937, 0.00299573526718], [-0.00110555836, 0.00331929046661, -0.00132917275187, 0.00882305763662, -0.00203495495953, 0.000552273879293, -0.00419568177313, 0.00317527307197, -0.00247747055255, 0.00145628710743, -0.00189811515156, 0.0047314716503, -0.00516305211931], [0.00105617707595, -0.00436999136582, 2.49419354077e-005, -0.00203495495953, 0.0105948401615, 0.000300522631733, -0.00122473167721, -0.00416227662936, 0.00205498212017, -0.000993741676211, 0.00467606727034, -0.00236732349731, 0.00101038394496], [-0.000896201410796, 0.0034576645121, -0.00267270533368, 0.000552273879293, 0.000300522631733, 0.0126577848569, -0.00420588208362, -0.00118055276107, -0.0022348118946, 0.00262698461302, -0.00364417466335, 0.00264143827371, -0.00226118019782], [0.00141415873077, -0.0030878148973, 0.00329212821089, -0.00419568177313, -0.00122473167721, -0.00420588208362, 0.017365090549, -0.00527390651405, -0.000871981726959, 0.000595765013713, 0.00247788103297, -0.00645163143054, 0.00461478857324], [-0.00111368659418, 0.00379091245122, 0.000101590143458, 0.00317527307197, -0.00416227662936, -0.00118055276107, -0.00527390651405, 0.0184261091053, -0.00329849985428, -0.00727340765297, 0.000462463358417, 0.0039964299649, -0.00283246091567], [0.000974612194113, -0.00348999118432, 0.00189575436525, -0.00247747055255, 0.00205498212017, -0.0022348118946, -0.000871981726959, -0.00329849985428, 0.0214492343366, -0.00260125542991, -0.00214690039866, 1.46271231642e-005, 9.46097497945e-005], [-0.000725189456716, 0.00239826971665, -0.00283366581425, 0.00145628710743, -0.000993741676211, 0.00262698461302, 0.000595765013713, -0.00727340765297, -0.00260125542991, 0.0228653196245, -0.00613155029714, -0.0032731925603, 0.00700453668833], [0.00114358426072, -0.00522184791043, 0.00221962248906, -0.00189811515156, 0.00467606727034, -0.00364417466335, 0.00247788103297, 0.000462463358417, -0.00214690039866, -0.00613155029714, 0.0220039729029, -0.00805306248367, -0.00133327301592], [-0.00148227042519, 0.00627777306363, -0.00235090008937, 0.0047314716503, -0.00236732349731, 0.00264143827371, -0.00645163143054, 0.0039964299649, 1.46271231642e-005, -0.0032731925603, -0.00805306248367, 0.0238420441747, -0.00873925723135], [0.00121105962899, -0.00381765863858, 0.00299573526718, -0.00516305211931, 0.00101038394496, -0.00226118019782, 0.00461478857324, -0.00283246091567, 9.46097497945e-005, 0.00700453668833, -0.00133327301592, -0.00873925723135, 0.0269941780716]]
    },
    "melbands": {
        "mean": [0.000833197613247, 0.00345203024335, 0.00167375127785, 0.00101041828748, 0.00100037280936, 0.00082687207032, 0.000362910941476, 0.000163692049682, 0.000108059182821, 0.000221878042794, 0.000264167407295, 0.00015596144658, 0.00013447550009, 6.00450621278e-005, 4.89610101795e-005, 7.21655014786e-005, 3.97398325731e-005, 1.52049369717e-005, 6.98162766639e-005, 7.03291589161e-005, 5.33152706339e-005, 4.29293795605e-005, 3.02310163534e-005, 1.86544730241e-005, 2.27287328016e-005, 1.28767105707e-005, 1.28347992359e-005, 6.000168014e-006, 5.10811514687e-006, 3.99125747208e-006, 2.18999002755e-006, 1.79413473234e-006, 1.46650552324e-006, 1.15835689485e-006, 9.24872381347e-007, 9.21202968129e-007, 7.6113559544e-007, 5.13284419412e-007, 4.40661125367e-007, 3.89741330764e-007],
        "var": [5.33632430688e-007, 8.77338425198e-006, 2.71239173344e-006, 8.63547313656e-007, 1.42839292039e-006, 1.6148743498e-006, 6.32720286831e-007, 9.88618893416e-008, 4.985619384e-008, 1.11042723461e-007, 9.96492488525e-008, 2.35949073613e-008, 4.57237270268e-008, 8.17827405797e-009, 2.71227240667e-009, 5.31057686715e-009, 1.8443790939e-009, 3.93778259999e-010, 4.65514338188e-009, 4.57056348324e-009, 4.46099868157e-009, 2.91629431715e-009, 1.36169764353e-009, 4.48726250601e-010, 7.51356810103e-010, 1.84463971875e-010, 2.17938486702e-010, 4.73230760134e-011, 8.56262075133e-011, 3.62449723013e-011, 9.19988564496e-012, 7.95680448612e-012, 4.68348190091e-012, 3.74507022616e-012, 4.08863047585e-012, 1.19799378751e-011, 8.8033608181e-012, 2.46094984668e-012, 2.57587983062e-012, 1.60827416922e-012]
    },
    "mfcc": {
        "mean": [-630.287353516, 154.785110474, -19.6563034058, 32.0261192322, 10.4914417267, 1.58859336376, 2.14351844788, 6.67459344864, 1.87734794617, -1.46550416946, -8.96319961548, -8.3132982254, -0.844220876694],
        "cov": [[3832.90307617, -2161.140625, -103.406738281, -256.839752197, -479.157867432, -22.5499229431, -44.2521057129, 103.946510315, 26.0883712769, -2.01714730263, 58.9029884338, 223.209503174, 19.0122966766], [-2161.140625, 2093.1484375, -135.871032715, 241.005340576, 370.478820801, -27.1795349121, 20.7665672302, -83.7833557129, -18.5983505249, 12.4103813171, -18.8434524536, -157.42199707, 30.8730449677], [-103.406738281, -135.871032715, 569.865966797, -60.3879318237, 67.8542251587, 59.0085067749, -5.63150453568, -47.1193313599, -56.2225189209, 22.942533493, 13.799955368, 6.519572258, -3.6431183815], [-256.839752197, 241.005340576, -60.3879318237, 193.69909668, 57.6925354004, 14.1895933151, 13.2820386887, 1.07012701035, 25.6370029449, 3.77791929245, -12.9754495621, -28.9700679779, -11.3702878952], [-479.157867432, 370.478820801, 67.8542251587, 57.6925354004, 168.556182861, 7.22847080231, 17.0672283173, -19.5278129578, 1.16642618179, 19.049407959, -9.6774930954, -37.1228904724, 6.55452251434], [-22.5499229431, -27.1795349121, 59.0085067749, 14.1895933151, 7.22847080231, 85.2947616577, 10.5558567047, 17.325258255, 2.36164855957, -6.44334316254, 1.2092936039, 1.01910960674, -16.1763877869], [-44.2521057129, 20.7665672302, -5.63150453568, 13.2820386887, 17.0672283173, 10.5558567047, 73.9872436523, 20.4727973938, 20.0065441132, 7.87667608261, 11.5752248764, 3.70224690437, 3.22898197174], [103.946510315, -83.7833557129, -47.1193313599, 1.07012701035, -19.5278129578, 17.325258255, 20.4727973938, 76.1603240967, 29.4654083252, 2.1475007534, -3.16765666008, 9.03954601288, 0.331707060337], [26.0883712769, -18.5983505249, -56.2225189209, 25.6370029449, 1.16642618179, 2.36164855957, 20.0065441132, 29.4654083252, 75.751083374, 18.1681575775, 3.85791993141, 1.41057598591, -3.04504680634], [-2.01714730263, 12.4103813171, 22.942533493, 3.77791929245, 19.049407959, -6.44334316254, 7.87667608261, 2.1475007534, 18.1681575775, 68.0453720093, 25.7077922821, 4.95586204529, -1.39758741856], [58.9029884338, -18.8434524536, 13.799955368, -12.9754495621, -9.6774930954, 1.2092936039, 11.5752248764, -3.16765666008, 3.85791993141, 25.7077922821, 71.508605957, 22.8461856842, 4.38863658905], [223.209503174, -157.42199707, 6.519572258, -28.9700679779, -37.1228904724, 1.01910960674, 3.70224690437, 9.03954601288, 1.41057598591, 4.95586204529, 22.8461856842, 65.4053573608, 16.1359825134], [19.0122966766, 30.8730449677, -3.6431183815, -11.3702878952, 6.55452251434, -16.1763877869, 3.22898197174, 0.331707060337, -3.04504680634, -1.39758741856, 4.38863658905, 16.1359825134, 65.5106887817]],
        "icov": [[0.000734122295398, 0.000674078590237, 0.00025799908326, -5.78696926823e-005, 0.000395190843847, 0.000100644145277, 0.000262439309154, -8.39647182147e-005, 0.000139970536111, -0.00024221460626, -0.000209285892197, -0.000525495386682, -0.000408826512285], [0.000674078590237, 0.0016931174323, 0.000781429349445, -0.00055806414457, -0.00170976354275, 6.74652401358e-005, 0.000285527290544, 0.000487316166982, 0.000705083773937, -2.81786324194e-005, -0.00088456843514, 0.0009412059444, -0.00101615733001], [0.00025799908326, 0.000781429349445, 0.0028961612843, 0.000768725993112, -0.00201598927379, -0.00219836435281, 6.39498248347e-005, 0.00161614187527, 0.00174043979496, -0.00124920601957, -0.000202401948627, -5.33663260285e-005, -0.000420170516009], [-5.78696926823e-005, -0.00055806414457, 0.000768725993112, 0.00702388957143, -0.00126936752349, -0.00168211094569, -0.00040568728582, 0.000752692576498, -0.00201912922785, -0.000151945801917, 0.000888577720616, 0.000621342624072, 0.000959800032433], [0.000395190843847, -0.00170976354275, -0.00201598927379, -0.00126936752349, 0.0133349020034, -0.000450623279903, -0.00222916016355, 0.000868623785209, -0.000998313073069, -0.00326743838377, 0.00241642072797, 0.00158895819914, -0.00165071780793], [0.000100644145277, 6.74652401358e-005, -0.00219836435281, -0.00168211094569, -0.000450623279903, 0.0157646611333, -0.000868770875968, -0.00489835161716, 8.82018866832e-006, 0.00340856029652, -0.001428905176, -0.0012288573198, 0.00400175945833], [0.000262439309154, 0.000285527290544, 6.39498248347e-005, -0.00040568728582, -0.00222916016355, -0.000868770875968, 0.0165972765535, -0.00386143941432, -0.00266715954058, 0.000649118097499, -0.00317622371949, -0.000741147960071, -0.000782382150646], [-8.39647182147e-005, 0.000487316166982, 0.00161614187527, 0.000752692576498, 0.000868623785209, -0.00489835161716, -0.00386143941432, 0.0193809047341, -0.00519124092534, -0.00116791203618, 0.00270041939802, -0.000636791577563, -0.00147929275408], [0.000139970536111, 0.000705083773937, 0.00174043979496, -0.00201912922785, -0.000998313073069, 8.82018866832e-006, -0.00266715954058, -0.00519124092534, 0.0192509610206, -0.00503473635763, 8.78935097717e-005, 0.00030504600727, 0.000339628109941], [-0.00024221460626, -2.81786324194e-005, -0.00124920601957, -0.000151945801917, -0.00326743838377, 0.00340856029652, 0.000649118097499, -0.00116791203618, -0.00503473635763, 0.0205142032355, -0.00737317092717, -0.000306902162265, 0.00190338655375], [-0.000209285892197, -0.00088456843514, -0.000202401948627, 0.000888577720616, 0.00241642072797, -0.001428905176, -0.00317622371949, 0.00270041939802, 8.78935097717e-005, -0.00737317092717, 0.0197175126523, -0.00618510879576, 0.00021819867834], [-0.000525495386682, 0.0009412059444, -5.33663260285e-005, 0.000621342624072, 0.00158895819914, -0.0012288573198, -0.000741147960071, -0.000636791577563, 0.00030504600727, -0.000306902162265, -0.00618510879576, 0.0243845004588, -0.00619302410632], [-0.000408826512285, -0.00101615733001, -0.000420170516009, 0.000959800032433, -0.00165071780793, 0.00400175945833, -0.000782382150646, -0.00147929275408, 0.000339628109941, 0.00190338655375, 0.00021819867834, -0.00619302410632, 0.0187719743699]]
    },
    "spectral_contrast_coeffs": {
        "mean": [-0.594137966633, -0.708179712296, -0.754212081432, -0.764298200607, -0.765481054783, -0.739643096924],
        "var": [0.00444051250815, 0.00563689460978, 0.00200966116972, 0.00143429043237, 0.00101971102413, 0.00224803481251]
    },
    "spectral_contrast_valleys": {
        "mean": [-6.98241996765, -6.59857082367, -6.85038328171, -7.27148151398, -7.43235397339, -10.8608379364],
        "var": [0.971366226673, 0.931988596916, 1.02647328377, 1.02761483192, 1.34160244465, 1.69411861897]
    }
},
"metadata": {
    "audio_properties": {
        "analysis_sample_rate": 44100,
        "bit_rate": 106462,
        "equal_loudness": 0,
        "length": 45.0873451233,
        "lossless": 0,
        "replay_gain": -14.1081905365,
        "sample_rate": 44100,
        "codec": "mp3",
        "downmix": "mix",
        "md5_encoded": "32e445ea84fd1825b6e74874c8b1e72d"
    },
    "tags": {
        "file_name": "104.mp3"
    },
    "version": {
        "essentia": "2.1-beta2",
        "essentia_git_sha": "v2.1_beta2",
        "extractor": "music 1.0"
    }
},
"rhythm": {
    "beats_count": 78,
    "beats_loudness": {
        "mean": 0.0393034443259,
        "var": 0.000215403662878
    },
    "bpm": 104.90663147,
    "bpm_histogram_first_peak_bpm": {
        "mean": 105,
        "var": 0
    },
    "bpm_histogram_first_peak_spread": {
        "mean": 0.540540575981,
        "var": 0
    },
    "bpm_histogram_first_peak_weight": {
        "mean": 0.44155845046,
        "var": 0
    },
    "bpm_histogram_second_peak_bpm": {
        "mean": 110,
        "var": 0
    },
    "bpm_histogram_second_peak_spread": {
        "mean": 0,
        "var": 0
    },
    "bpm_histogram_second_peak_weight": {
        "mean": 0.0259740259498,
        "var": 0
    },
    "danceability": 0.940739631653,
    "onset_rate": 2.08403706551,
    "beats_loudness_band_ratio": {
        "mean": [0.454328536987, 0.273691564798, 0.116974107921, 0.10766287148, 0.0891546458006, 0.037485986948],
        "var": [0.0407483577728, 0.0229388270527, 0.00852454733104, 0.00696823978797, 0.00655059237033, 0.00151125318371]
    },
    "beats_position": [0.53405892849, 1.07972788811, 1.63700675964, 2.19428563118, 2.73995471001, 3.30884337425, 3.87773227692, 4.446621418, 5.01551008224, 5.59600877762, 6.17650794983, 6.7570066452, 7.32589578629, 7.90639448166, 8.48689365387, 9.06739234924, 9.63628101349, 10.2167797089, 10.7856683731, 11.354557991, 11.9350566864, 12.5039453506, 13.0728340149, 13.6533327103, 14.2338323593, 14.8027210236, 15.3716096878, 15.9404983521, 16.50938797, 17.0782756805, 17.6471652985, 18.2160549164, 18.784942627, 19.365442276, 19.9459400177, 20.5148296356, 21.0837192535, 21.6642169952, 22.2447166443, 22.825214386, 23.405714035, 23.9862117767, 24.5667114258, 25.1472110748, 25.7277088165, 26.3198184967, 26.9003162384, 27.4924259186, 28.0961437225, 28.6766433716, 29.2571430206, 29.8260307312, 30.383310318, 30.9521980286, 31.5210876465, 32.1015853882, 32.6704750061, 33.239364624, 33.8082542419, 34.3887519836, 34.9692497253, 35.5613594055, 36.1418571472, 36.7223587036, 37.2912483215, 37.8601341248, 38.4290237427, 38.9979133606, 39.55519104, 40.124080658, 40.6813583374, 41.2502479553, 41.8191375732, 42.3764152527, 42.9336967468, 43.4909744263, 44.0482521057, 44.6171417236]
},
"tonal": {
    "chords_changes_rate": 0.0390946492553,
    "chords_number_rate": 0.00823045242578,
    "chords_strength": {
        "mean": 0.473444342613,
        "var": 0.00729030650109
    },
    "hpcp_entropy": {
        "mean": 2.05213546753,
        "var": 0.574752509594
    },
    "key_strength": 0.675981283188,
    "tuning_diatonic_strength": 0.591230213642,
    "tuning_equal_tempered_deviation": 0.113748162985,
    "tuning_frequency": 433.691802979,
    "tuning_nontempered_energy_ratio": 0.713541030884,
    "hpcp": {
        "mean": [0.100560806692, 0.068931736052, 0.0444309003651, 0.045730356127, 0.0584249198437, 0.0844244882464, 0.0841419249773, 0.0631183236837, 0.103555262089, 0.133150115609, 0.0795540511608, 0.049074023962, 0.0667974576354, 0.0892761945724, 0.174087494612, 0.199470579624, 0.0938994064927, 0.0363416820765, 0.0367672815919, 0.0764428749681, 0.192081436515, 0.194865375757, 0.114364638925, 0.14369943738, 0.138974741101, 0.0728785544634, 0.0474025867879, 0.0480590686202, 0.0905126184225, 0.482169747353, 0.812641620636, 0.475154489279, 0.113265730441, 0.0532450415194, 0.0465197227895, 0.0819506496191],
        "var": [0.016722265631, 0.00981067772955, 0.00679248338565, 0.00661838101223, 0.00668826838955, 0.0125452876091, 0.0114268651232, 0.00898259691894, 0.0269356407225, 0.0536367446184, 0.0182387847453, 0.00899302586913, 0.0166535545141, 0.023082876578, 0.039638813585, 0.0513554625213, 0.0185879543424, 0.00622915476561, 0.00685067707673, 0.0132937459275, 0.0921953320503, 0.0866794213653, 0.0317559093237, 0.0462659187615, 0.0468017682433, 0.016191734001, 0.0089863743633, 0.0092530362308, 0.0202807653695, 0.0699516907334, 0.103918552399, 0.0658338069916, 0.0352559909225, 0.0158580355346, 0.00765236699954, 0.0148584321141]
    },
    "chords_histogram": [29.4238681793, 13.8888893127, 36.0082321167, 0, 0, 0, 2.16049385071, 2.98353910446, 0, 2.26337456703, 0, 2.26337456703, 0, 0, 0, 0, 0, 10.1851854324, 0.720164597034, 0, 0, 0, 0, 0.102880656719],
    "thpcp": [1, 0.584703624249, 0.139379680157, 0.0655209347606, 0.0572450645268, 0.100844763219, 0.123745575547, 0.0848242715001, 0.0546746551991, 0.0562737062573, 0.0718950629234, 0.103888951242, 0.103541247547, 0.0776705518365, 0.127430424094, 0.163848504424, 0.0978956148028, 0.0603882744908, 0.0821979269385, 0.109859243035, 0.21422418952, 0.245459467173, 0.115548357368, 0.0447204299271, 0.045244153589, 0.0940671414137, 0.236366719007, 0.239792510867, 0.140731945634, 0.176830023527, 0.171016022563, 0.0896810516715, 0.0583314783871, 0.0591393150389, 0.11138073355, 0.593336284161],
    "chords_key": "G",
    "chords_scale": "major",
    "key_key": "C",
    "key_scale": "major"
}
}