{
"lowlevel": {
    "average_loudness": 0.792887091637,
    "barkbands_crest": {
        "mean": 9.30588436127,
        "var": 15.8210163116
    },
    "barkbands_flatness_db": {
        "mean": 0.14224421978,
        "var": 0.00254986947402
    },
    "barkbands_kurtosis": {
        "mean": 5.51671409607,
        "var": 50.9515304565
    },
    "barkbands_skewness": {
        "mean": 1.71066749096,
        "var": 1.2905497551
    },
    "barkbands_spread": {
        "mean": 17.6768951416,
        "var": 127.780136108
    },
    "dissonance": {
        "mean": 0.456201314926,
        "var": 0.00100458832458
    },
    "dynamic_complexity": 3.48484373093,
    "erbbands_crest": {
        "mean": 8.87567996979,
        "var": 19.1006851196
    },
    "erbbands_flatness_db": {
        "mean": 0.158274233341,
        "var": 0.00188426556997
    },
    "erbbands_kurtosis": {
        "mean": 0.951596438885,
        "var": 5.12005376816
    },
    "erbbands_skewness": {
        "mean": 0.676413238049,
        "var": 0.586108267307
    },
    "erbbands_spread": {
        "mean": 37.5202064514,
        "var": 416.549499512
    },
    "hfc": {
        "mean": 12.4220371246,
        "var": 319.908447266
    },
    "melbands_crest": {
        "mean": 13.1208467484,
        "var": 26.2623310089
    },
    "melbands_flatness_db": {
        "mean": 0.213916197419,
        "var": 0.00452938117087
    },
    "melbands_kurtosis": {
        "mean": 14.8628950119,
        "var": 365.439056396
    },
    "melbands_skewness": {
        "mean": 2.60228133202,
        "var": 2.65413355827
    },
    "melbands_spread": {
        "mean": 18.5714435577,
        "var": 198.481201172
    },
    "pitch_salience": {
        "mean": 0.598379731178,
        "var": 0.0146939782426
    },
    "silence_rate_20dB": {
        "mean": 1,
        "var": 0
    },
    "silence_rate_30dB": {
        "mean": 0.996395468712,
        "var": 0.00359153049067
    },
    "silence_rate_60dB": {
        "mean": 0.0911431536078,
        "var": 0.0828357040882
    },
    "spectral_centroid": {
        "mean": 1085.1776123,
        "var": 373136.09375
    },
    "spectral_complexity": {
        "mean": 13.9001026154,
        "var": 78.2350921631
    },
    "spectral_decrease": {
        "mean": -4.42922987176e-009,
        "var": 2.02757204804e-017
    },
    "spectral_energy": {
        "mean": 0.0178436655551,
        "var": 0.000332700001309
    },
    "spectral_energyband_high": {
        "mean": 0.000384058716008,
        "var": 5.03475405367e-007
    },
    "spectral_energyband_low": {
        "mean": 0.0063034389168,
        "var": 7.9813064076e-005
    },
    "spectral_energyband_middle_high": {
        "mean": 0.0035509550944,
        "var": 4.70420673082e-005
    },
    "spectral_energyband_middle_low": {
        "mean": 0.00802486296743,
        "var": 0.000124377242173
    },
    "spectral_entropy": {
        "mean": 7.46623325348,
        "var": 0.188942626119
    },
    "spectral_flux": {
        "mean": 0.071790702641,
        "var": 0.00176669412758
    },
    "spectral_kurtosis": {
        "mean": 4.65200233459,
        "var": 15.7214622498
    },
    "spectral_rms": {
        "mean": 0.00372921465896,
        "var": 3.5013742945e-006
    },
    "spectral_rolloff": {
        "mean": 1070.13891602,
        "var": 1246889.375
    },
    "spectral_skewness": {
        "mean": 1.65387749672,
        "var": 0.333430081606
    },
    "spectral_spread": {
        "mean": 4610331,
        "var": 3.5054640169e+012
    },
    "spectral_strongpeak": {
        "mean": 0.721396744251,
        "var": 1.64313197136
    },
    "zerocrossingrate": {
        "mean": 0.0488532669842,
        "var": 0.000765840231907
    },
    "barkbands": {
        "mean": [0.000575956830289, 0.00357965868898, 0.00182302121539, 0.000814502185676, 0.00164121645503, 0.00151754764374, 0.000835509388708, 0.00127109477762, 0.00177060731221, 0.0005201290478, 0.000263331545284, 0.00052112119738, 0.000562010158319, 0.000495470245369, 0.000272292760201, 0.000223402108531, 0.000188423960935, 0.000292768789222, 0.000235063154832, 0.000102386722574, 6.96352872183e-005, 0.000100484867289, 9.1559770226e-005, 4.17507253587e-005, 2.49338663707e-005, 9.03420914256e-006, 7.58616238272e-007],
        "var": [2.38275310949e-006, 3.95774877688e-005, 8.0051504483e-006, 1.24837242765e-006, 6.78836113366e-006, 5.96786549067e-006, 1.46235811371e-006, 1.64133234648e-005, 6.99771699146e-005, 1.2641696685e-006, 3.11537405651e-007, 2.54771020991e-006, 4.51476580565e-006, 3.43834585692e-006, 7.3889759733e-007, 3.81450803388e-007, 1.60095027013e-007, 5.62982620522e-007, 5.1135572221e-007, 7.28540356931e-008, 3.54351463727e-008, 4.95012244528e-008, 3.81686966477e-008, 9.59758317265e-009, 1.51050389974e-008, 2.89540014187e-009, 4.37682008692e-012]
    },
    "erbbands": {
        "mean": [0.115549914539, 0.769414186478, 2.05583524704, 2.60267090797, 2.60186958313, 6.33817052841, 12.4592065811, 10.8852567673, 11.3746862411, 14.7501277924, 38.5056419373, 43.5430335999, 15.2369842529, 14.4691591263, 12.8426589966, 24.8123435974, 25.6925754547, 24.5167446136, 19.2922000885, 13.0710306168, 12.0095767975, 10.8897809982, 15.6718444824, 14.4638433456, 9.34170055389, 4.85439443588, 3.10395336151, 2.92561864853, 3.62912368774, 3.29975700378, 2.45167994499, 1.0398529768, 0.660638928413, 0.36407148838, 0.130983605981, 0.0429252721369, 0.0163757503033, 0.00299890176393, 8.59163847053e-005, 2.35053357756e-005],
        "var": [0.0499723181129, 1.82782351971, 9.67862415314, 11.9930534363, 11.3641042709, 151.718582153, 387.396972656, 376.414733887, 250.172668457, 664.57824707, 15262.8164063, 40271.6914063, 1065.21789551, 1288.43383789, 576.146118164, 5817.42871094, 7198.265625, 7674.19824219, 5041.27929688, 1231.83898926, 1050.33398438, 507.277984619, 1437.95556641, 2273.04907227, 558.607727051, 145.907363892, 70.8667907715, 60.0601081848, 69.9453735352, 57.2346725464, 29.2626991272, 3.45818781853, 3.84702134132, 3.42916607857, 0.364997327328, 0.0559339746833, 0.0112648550421, 0.000133741341415, 8.12789622273e-008, 6.41760533604e-010]
    },
    "gfcc": {
        "mean": [-41.5237541199, 106.89151001, -109.569442749, 34.2608146667, -65.7152481079, 15.8570280075, -37.8976974487, 5.91532278061, -15.7424316406, -0.0102362921461, -10.4546604156, 0.509446084499, -12.1466312408],
        "cov": [[5699.98339844, -968.159118652, -858.078735352, 54.3365974426, -3.762332201, 76.0516738892, -52.3684272766, 258.994781494, -57.8766212463, 101.421356201, -71.208946228, 131.648300171, -168.414138794], [-968.159118652, 1179.72888184, 150.500228882, -108.852981567, 93.5519714355, -104.670722961, 102.948394775, -115.169593811, 127.23878479, -112.913589478, 52.1119537354, -111.928878784, 90.3433074951], [-858.078735352, 150.500228882, 1110.31604004, 150.939941406, 27.2021045685, 61.076789856, 10.1795539856, 62.0410079956, 50.7702102661, 119.366630554, -39.2402648926, -22.5893230438, 32.9955024719], [54.3365974426, -108.852981567, 150.939941406, 397.454528809, 42.1817169189, -40.5187759399, 8.43005180359, 39.3494491577, 25.9870758057, 15.1838178635, 22.1623725891, -16.2827892303, 10.4509677887], [-3.762332201, 93.5519714355, 27.2021045685, 42.1817169189, 257.714691162, 41.2237358093, -5.68286466599, 12.1666917801, 19.4637966156, 36.6259231567, 22.2347412109, -7.82929754257, 30.3781356812], [76.0516738892, -104.670722961, 61.076789856, -40.5187759399, 41.2237358093, 198.166412354, 60.613117218, 8.05575656891, -8.21468448639, 53.1898384094, 8.60142326355, -9.45350646973, 2.39479327202], [-52.3684272766, 102.948394775, 10.1795539856, 8.43005180359, -5.68286466599, 60.613117218, 155.900787354, 26.2569065094, 10.6129713058, -8.6112909317, 29.7795124054, -16.5802268982, -1.30888295174], [258.994781494, -115.169593811, 62.0410079956, 39.3494491577, 12.1666917801, 8.05575656891, 26.2569065094, 127.684715271, 26.663564682, 15.5393714905, -4.56658744812, 14.0129432678, -20.1732501984], [-57.8766212463, 127.23878479, 50.7702102661, 25.9870758057, 19.4637966156, -8.21468448639, 10.6129713058, 26.663564682, 126.169563293, 12.9570894241, -8.2665643692, -22.5279331207, 1.21491491795], [101.421356201, -112.913589478, 119.366630554, 15.1838178635, 36.6259231567, 53.1898384094, -8.6112909317, 15.5393714905, 12.9570894241, 111.390007019, -3.08658623695, -5.64855718613, 4.55258750916], [-71.208946228, 52.1119537354, -39.2402648926, 22.1623725891, 22.2347412109, 8.60142326355, 29.7795124054, -4.56658744812, -8.2665643692, -3.08658623695, 109.312744141, 23.9380264282, -8.83171081543], [131.648300171, -111.928878784, -22.5893230438, -16.2827892303, -7.82929754257, -9.45350646973, -16.5802268982, 14.0129432678, -22.5279331207, -5.64855718613, 23.9380264282, 98.0628204346, -5.23332834244], [-168.414138794, 90.3433074951, 32.9955024719, 10.4509677887, 30.3781356812, 2.39479327202, -1.30888295174, -20.1732501984, 1.21491491795, 4.55258750916, -8.83171081543, -5.23332834244, 85.1773452759]],
        "icov": [[0.000294496014249, -0.000152318767505, 0.000384050246794, -0.000257667212281, 9.93127032416e-005, -0.000292536307825, 0.000227182230446, -0.000716696609743, 0.000295568286674, -0.000638373428956, 0.000512370548677, -0.00047091403394, 0.000487335229991], [-0.000152318767505, 0.00346159911714, -0.00137470744085, 0.00214544101618, -0.00181778427213, 0.00298322946765, -0.00285765039735, 0.00336825754493, -0.00340405572206, 0.00390793755651, -0.00271372520365, 0.00333872181363, -0.00262173544616], [0.000384050246794, -0.00137470744085, 0.00203226110898, -0.00142370758113, 0.000908329442609, -0.00154321081936, 0.00120401976164, -0.0022824855987, 0.00131092814263, -0.00310508953407, 0.00190191529691, -0.00168574939016, 0.00104312307667], [-0.000257667212281, 0.00214544101618, -0.00142370758113, 0.00442827306688, -0.00153693032917, 0.00298138731159, -0.00198810594156, 0.00153740495443, -0.00222732778639, 0.00246767280623, -0.00285283057019, 0.00302094686776, -0.00218928349204], [9.93127032416e-005, -0.00181778427213, 0.000908329442609, -0.00153693032917, 0.00563304079697, -0.00266145169735, 0.00253675458953, -0.00253505655564, 0.00120286876336, -0.00290855346248, 7.04573758412e-005, -0.00120287248865, -0.000462780823], [-0.000292536307825, 0.00298322946765, -0.00154321081936, 0.00298138731159, -0.00266145169735, 0.0102507900447, -0.00592466304079, 0.00356604973786, -0.0018646789249, -3.47869208781e-005, -0.00229036691599, 0.0032180051785, -0.00210735714063], [0.000227182230446, -0.00285765039735, 0.00120401976164, -0.00198810594156, 0.00253675458953, -0.00592466304079, 0.0116008594632, -0.00538184633479, 0.00222404417582, -0.000840935274027, -0.000717401213478, -0.000549092888832, 0.00132827484049], [-0.000716696609743, 0.00336825754493, -0.0022824855987, 0.00153740495443, -0.00253505655564, 0.00356604973786, -0.00538184633479, 0.0145569583401, -0.00541293341666, 0.00364046590403, -0.00144413742237, 0.000988467712887, -0.000331639981596], [0.000295568286674, -0.00340405572206, 0.00131092814263, -0.00222732778639, 0.00120286876336, -0.0018646789249, 0.00222404417582, -0.00541293341666, 0.0125280227512, -0.00494518782943, 0.0031174083706, -0.00130982336123, 0.00266436953098], [-0.000638373428956, 0.00390793755651, -0.00310508953407, 0.00246767280623, -0.00290855346248, -3.47869208781e-005, -0.000840935274027, 0.00364046590403, -0.00494518782943, 0.0177645441145, -0.00413908995688, 0.00481781549752, -0.00363162648864], [0.000512370548677, -0.00271372520365, 0.00190191529691, -0.00285283057019, 7.04573758412e-005, -0.00229036691599, -0.000717401213478, -0.00144413742237, 0.0031174083706, -0.00413908995688, 0.014287430793, -0.00672419834882, 0.00443590851501], [-0.00047091403394, 0.00333872181363, -0.00168574939016, 0.00302094686776, -0.00120287248865, 0.0032180051785, -0.000549092888832, 0.000988467712887, -0.00130982336123, 0.00481781549752, -0.00672419834882, 0.0161615330726, -0.00356882112101], [0.000487335229991, -0.00262173544616, 0.00104312307667, -0.00218928349204, -0.000462780823, -0.00210735714063, 0.00132827484049, -0.000331639981596, 0.00266436953098, -0.00363162648864, 0.00443590851501, -0.00356882112101, 0.0159119982272]]
    },
    "melbands": {
        "mean": [0.00104793044738, 0.00106359575875, 0.000443374039605, 0.00030456125387, 0.000419817893999, 0.000253871257883, 0.00017267948715, 0.000174799570232, 0.000364367151633, 0.000234932609601, 6.91408204148e-005, 5.95691599301e-005, 3.81131212635e-005, 5.62686182093e-005, 6.9373032602e-005, 4.71967177873e-005, 4.71050516353e-005, 3.44036852766e-005, 1.82639232662e-005, 1.56210990099e-005, 1.3828340343e-005, 1.00692022897e-005, 1.40778229252e-005, 1.39369003591e-005, 1.17185027193e-005, 7.88976467447e-006, 4.73936415801e-006, 2.85007104139e-006, 2.01250327336e-006, 1.63432446243e-006, 1.68971428138e-006, 2.04321872843e-006, 1.99344572138e-006, 1.80452275345e-006, 1.54882184233e-006, 9.28111603571e-007, 5.2301083997e-007, 4.60032737237e-007, 4.13833163293e-007, 2.75349549383e-007],
        "var": [3.68250289284e-006, 2.43531235355e-006, 3.13169636001e-007, 2.86913490299e-007, 3.93223757555e-007, 1.85479805737e-007, 5.93109206193e-008, 1.35804555157e-007, 1.55052623541e-006, 1.17681679512e-006, 2.58202383918e-008, 2.42280897567e-008, 5.85030779376e-009, 2.91109643058e-008, 7.35367180482e-008, 2.75104330427e-008, 3.28995781729e-008, 1.93450162556e-008, 2.85574364156e-009, 1.68044411719e-009, 1.71021641293e-009, 4.96342744682e-010, 1.21931520436e-009, 1.5115296792e-009, 1.89623139413e-009, 4.01457422861e-010, 2.01949110212e-010, 5.58072234258e-011, 3.50097902058e-011, 2.98473155913e-011, 1.87127500995e-011, 2.01951736584e-011, 2.62849637889e-011, 1.82950633809e-011, 1.28663434074e-011, 3.27056892853e-012, 1.01748655074e-012, 1.6694754303e-012, 2.60818753747e-012, 2.66431820183e-012]
    },
    "mfcc": {
        "mean": [-682.991577148, 130.237426758, 13.5547046661, 19.5264663696, 1.64540505409, 6.90437269211, -7.4189491272, 6.14888095856, -6.06044149399, 4.01176118851, 2.59326124191, -0.677173674107, -0.487211942673],
        "cov": [[5563.71142578, -1032.65429688, -1023.53894043, -95.0707092285, -96.2706298828, -102.58052063, -12.0947580338, 125.889472961, -43.6893501282, -9.18183517456, 144.282943726, 63.2568359375, -6.50398921967], [-1032.65429688, 1152.61279297, 115.969917297, -54.3079948425, 14.5510969162, 14.0536556244, -26.4165706635, -18.6195468903, 49.2603416443, 17.016626358, -57.0780334473, -2.87981414795, -2.6608505249], [-1023.53894043, 115.969917297, 908.518188477, 149.622116089, 56.4594917297, 39.3359832764, 35.6881103516, -41.555847168, 99.2701721191, 75.6546859741, -2.01512026787, -6.60359525681, 51.9147834778], [-95.0707092285, -54.3079948425, 149.622116089, 375.500946045, 82.4972076416, -30.279504776, -20.3050403595, 13.5116386414, 14.0785131454, 20.0897655487, 7.19960832596, -18.8129310608, 45.0756263733], [-96.2706298828, 14.5510969162, 56.4594917297, 82.4972076416, 239.313217163, 30.3406505585, 5.17946767807, -31.2537002563, 31.6723613739, 52.8373336792, -21.0984287262, 9.00996589661, 37.7025794983], [-102.58052063, 14.0536556244, 39.3359832764, -30.279504776, 30.3406505585, 165.436508179, 57.9858093262, -37.4132843018, 25.5247917175, 35.6898765564, 1.24241018295, 16.3118286133, 1.20139050484], [-12.0947580338, -26.4165706635, 35.6881103516, -20.3050403595, 5.17946767807, 57.9858093262, 189.296020508, 10.6097221375, 1.33625245094, 22.0827503204, -9.89235210419, 30.5318908691, 0.994997084141], [125.889472961, -18.6195468903, -41.555847168, 13.5116386414, -31.2537002563, -37.4132843018, 10.6097221375, 138.221954346, -14.6979265213, -25.9462928772, 44.98254776, 10.9440917969, 1.06025028229], [-43.6893501282, 49.2603416443, 99.2701721191, 14.0785131454, 31.6723613739, 25.5247917175, 1.33625245094, -14.6979265213, 141.548110962, 55.4112472534, -25.6249389648, 4.47402238846, -1.39778888226], [-9.18183517456, 17.016626358, 75.6546859741, 20.0897655487, 52.8373336792, 35.6898765564, 22.0827503204, -25.9462928772, 55.4112472534, 144.144546509, 10.1657629013, -3.35590195656, 19.6015281677], [144.282943726, -57.0780334473, -2.01512026787, 7.19960832596, -21.0984287262, 1.24241018295, -9.89235210419, 44.98254776, -25.6249389648, 10.1657629013, 123.940498352, 13.7353458405, -9.51307487488], [63.2568359375, -2.87981414795, -6.60359525681, -18.8129310608, 9.00996589661, 16.3118286133, 30.5318908691, 10.9440917969, 4.47402238846, -3.35590195656, 13.7353458405, 78.0495376587, 7.82430076599], [-6.50398921967, -2.6608505249, 51.9147834778, 45.0756263733, 37.7025794983, 1.20139050484, 0.994997084141, 1.06025028229, -1.39778888226, 19.6015281677, -9.51307487488, 7.82430076599, 82.8207397461]],
        "icov": [[0.000295327743515, 0.000225569834583, 0.000342131563229, 6.86192879584e-006, 7.55572982598e-005, 0.000162672309671, -4.0911258111e-005, -1.93212599697e-005, -0.00028442038456, -9.79708202067e-005, -0.000271926692221, -0.000142116798088, -0.000223192866542], [0.000225569834583, 0.00110007252079, 0.000110504741315, 0.000202543829801, 1.58100865519e-005, 3.00922620227e-005, 0.000242433292442, -0.000200437745661, -0.000308782997308, -0.00018949904188, 0.000298951403238, -0.0001977737993, -4.17658775405e-005], [0.000342131563229, 0.000110504741315, 0.00178039760794, -0.000486717035528, 0.000215091451537, 0.000156079709996, -0.000468743877718, 0.000521917711012, -0.00126644270495, -0.000122622746858, -0.000826312229037, 0.000127962426632, -0.00102128065191], [6.86192879584e-006, 0.000202543829801, -0.000486717035528, 0.0034138825722, -0.00111606123392, 0.000680401280988, 0.000142189077451, -0.000465222197818, -0.000171713531017, 0.00017462518008, -0.000391071633203, 0.000988936168142, -0.00122601841576], [7.55572982598e-005, 1.58100865519e-005, 0.000215091451537, -0.00111606123392, 0.00540484301746, -0.000668678840157, 0.000244863447733, 0.00067644182127, -0.000330417678924, -0.00143450743053, 0.000737133494113, -0.00101146893576, -0.00146915705409], [0.000162672309671, 3.00922620227e-005, 0.000156079709996, 0.000680401280988, -0.000668678840157, 0.00815153867006, -0.00248738215305, 0.00245149363764, -0.00128184084315, -0.000479426322272, -0.00168323260732, -0.000569760450162, -0.000317429978168], [-4.0911258111e-005, 0.000242433292442, -0.000468743877718, 0.000142189077451, 0.000244863447733, -0.00248738215305, 0.00699137058109, -0.00192849629093, 0.00148412154522, -0.00162440305576, 0.00227209436707, -0.00259139528498, 0.00100161903538], [-1.93212599697e-005, -0.000200437745661, 0.000521917711012, -0.000465222197818, 0.00067644182127, 0.00245149363764, -0.00192849629093, 0.0100711546838, -0.00139959272929, 0.00211100280285, -0.00430761883035, -0.000225695272093, -0.00152787787374], [-0.00028442038456, -0.000308782997308, -0.00126644270495, -0.000171713531017, -0.000330417678924, -0.00128184084315, 0.00148412154522, -0.00139959272929, 0.0104499142617, -0.00401913328096, 0.00364901754074, -0.00169547216501, 0.00273105152883], [-9.79708202067e-005, -0.00018949904188, -0.000122622746858, 0.00017462518008, -0.00143450743053, -0.000479426322272, -0.00162440305576, 0.00211100280285, -0.00401913328096, 0.0104318587109, -0.00324372272007, 0.00220950506628, -0.00249758735299], [-0.000271926692221, 0.000298951403238, -0.000826312229037, -0.000391071633203, 0.000737133494113, -0.00168323260732, 0.00227209436707, -0.00430761883035, 0.00364901754074, -0.00324372272007, 0.0119601693004, -0.00269434088841, 0.0028933705762], [-0.000142116798088, -0.0001977737993, 0.000127962426632, 0.000988936168142, -0.00101146893576, -0.000569760450162, -0.00259139528498, -0.000225695272093, -0.00169547216501, 0.00220950506628, -0.00269434088841, 0.0153621714562, -0.0024455555249], [-0.000223192866542, -4.17658775405e-005, -0.00102128065191, -0.00122601841576, -0.00146915705409, -0.000317429978168, 0.00100161903538, -0.00152787787374, 0.00273105152883, -0.00249758735299, 0.0028933705762, -0.0024455555249, 0.0152443647385]]
    },
    "spectral_contrast_coeffs": {
        "mean": [-0.673386752605, -0.735139608383, -0.7686804533, -0.789935946465, -0.793288230896, -0.772487521172],
        "var": [0.00541758816689, 0.00544168241322, 0.00448088673875, 0.00378030887805, 0.00361906108446, 0.00222954223864]
    },
    "spectral_contrast_valleys": {
        "mean": [-7.34155845642, -6.79847764969, -7.70844173431, -8.10658359528, -8.17641067505, -10.5257511139],
        "var": [0.86936455965, 0.841928184032, 0.992483615875, 0.967975795269, 1.01097559929, 0.962565362453]
    }
},
"metadata": {
    "audio_properties": {
        "analysis_sample_rate": 44100,
        "bit_rate": 128074,
        "equal_loudness": 0,
        "length": 45.0612258911,
        "lossless": 0,
        "replay_gain": -6.31860351563,
        "sample_rate": 44100,
        "codec": "mp3",
        "downmix": "mix",
        "md5_encoded": "5718ed6c51a2a513353da1661852822b"
    },
    "tags": {
        "file_name": "1040.mp3"
    },
    "version": {
        "essentia": "2.1-beta2",
        "essentia_git_sha": "v2.1_beta2",
        "extractor": "music 1.0"
    }
},
"rhythm": {
    "beats_count": 97,
    "beats_loudness": {
        "mean": 0.0283705554903,
        "var": 0.000397720257752
    },
    "bpm": 130.145782471,
    "bpm_histogram_first_peak_bpm": {
        "mean": 129,
        "var": 0
    },
    "bpm_histogram_first_peak_spread": {
        "mean": 0.34736841917,
        "var": 0
    },
    "bpm_histogram_first_peak_weight": {
        "mean": 0.645833313465,
        "var": 0
    },
    "bpm_histogram_second_peak_bpm": {
        "mean": 136,
        "var": 0
    },
    "bpm_histogram_second_peak_spread": {
        "mean": 0,
        "var": 0
    },
    "bpm_histogram_second_peak_weight": {
        "mean": 0.0104166669771,
        "var": 0
    },
    "danceability": 1.30989408493,
    "onset_rate": 4.72477197647,
    "beats_loudness_band_ratio": {
        "mean": [0.42323154211, 0.195150628686, 0.175120383501, 0.111743412912, 0.0734517127275, 0.0463207736611],
        "var": [0.0740970447659, 0.0221978761256, 0.021989621222, 0.0180883426219, 0.00407671509311, 0.00157906033564]
    },
    "beats_position": [0.429569154978, 0.870748281479, 1.3235373497, 1.77632653713, 2.22911548615, 2.69351458549, 3.15791368484, 3.62231278419, 4.08671188354, 4.53950119019, 5.00390005112, 5.45668935776, 5.92108821869, 6.37387752533, 6.83827638626, 7.2910656929, 7.75546455383, 8.2198638916, 8.68426322937, 9.14866161346, 9.61306095123, 10.0658502579, 10.5186395645, 10.9830379486, 11.4474372864, 11.9118366241, 12.3762359619, 12.840634346, 13.3050336838, 13.7694330215, 14.2338323593, 14.6982307434, 15.1626300812, 15.6154193878, 16.0798187256, 16.5326080322, 16.99700737, 17.4497947693, 17.9258041382, 18.390203476, 18.8546028137, 19.3190021515, 19.7717914581, 20.2245807648, 20.6773700714, 21.1417675018, 21.6061668396, 22.0589561462, 22.523355484, 22.9877548218, 23.4521541595, 23.9165534973, 24.3809528351, 24.8453502655, 25.3097496033, 25.774148941, 26.2385482788, 26.7029476166, 27.1673469543, 27.620136261, 28.0729255676, 28.5257129669, 28.9785022736, 29.4429016113, 29.9073009491, 30.3717002869, 30.8360996246, 31.3004989624, 31.7648983002, 32.2176856995, 32.6820869446, 33.1348762512, 33.5992736816, 34.0636711121, 34.5280723572, 34.9924697876, 35.4568710327, 35.9096603394, 36.3740577698, 36.8500671387, 37.3144645691, 37.7788658142, 38.2432632446, 38.6960525513, 39.1488418579, 39.6016311646, 40.0776405334, 40.5420417786, 41.006439209, 41.4708366394, 41.9352378845, 42.3880271912, 42.8408164978, 43.2936058044, 43.7580032349, 44.2107925415, 44.6751937866]
},
"tonal": {
    "chords_changes_rate": 0.0812757238746,
    "chords_number_rate": 0.00823045242578,
    "chords_strength": {
        "mean": 0.498234987259,
        "var": 0.00738822342828
    },
    "hpcp_entropy": {
        "mean": 2.15585660934,
        "var": 0.63860809803
    },
    "key_strength": 0.716012239456,
    "tuning_diatonic_strength": 0.536553144455,
    "tuning_equal_tempered_deviation": 0.228291854262,
    "tuning_frequency": 434.193115234,
    "tuning_nontempered_energy_ratio": 0.928453564644,
    "hpcp": {
        "mean": [0.324455142021, 0.313860207796, 0.167612224817, 0.0896563380957, 0.0768164545298, 0.0842768549919, 0.135767146945, 0.161310851574, 0.14391182363, 0.181682273746, 0.18535387516, 0.120801888406, 0.0964847579598, 0.108404576778, 0.129734963179, 0.239637464285, 0.281392425299, 0.167058780789, 0.102044977248, 0.104703448713, 0.155429422855, 0.267694920301, 0.281025499105, 0.200094535947, 0.16856007278, 0.120148532093, 0.0677086561918, 0.0664272382855, 0.0792289450765, 0.105009667575, 0.171196386218, 0.188459813595, 0.130258664489, 0.108238808811, 0.124751187861, 0.194266110659],
        "var": [0.115250326693, 0.0998439639807, 0.0478864721954, 0.0274160578847, 0.0249852836132, 0.0241811927408, 0.0449314378202, 0.053368024528, 0.0462173372507, 0.0746220350266, 0.0805381834507, 0.0371214710176, 0.0270957481116, 0.0371809303761, 0.0399414114654, 0.0826633274555, 0.112783253193, 0.0531455241144, 0.0390765964985, 0.0391914434731, 0.0548102855682, 0.0877140909433, 0.0930118486285, 0.0531184338033, 0.0614227205515, 0.0392042808235, 0.019876467064, 0.016540940851, 0.0197113510221, 0.033492334187, 0.0691492035985, 0.0773803889751, 0.0426079630852, 0.032264880836, 0.0391807444394, 0.0615903101861]
    },
    "chords_histogram": [39.4032936096, 10.8024692535, 5.04115247726, 4.73251008987, 0, 2.98353910446, 0, 18.8271598816, 0, 1.95473253727, 0, 0, 0, 0, 0, 0, 0, 0, 0.411522626877, 0, 0, 0, 15.843621254, 0],
    "thpcp": [1, 0.967345476151, 0.516595959663, 0.276328921318, 0.236755236983, 0.259748876095, 0.418446600437, 0.497174590826, 0.443549215794, 0.559961140156, 0.57127737999, 0.372322320938, 0.297374725342, 0.334112673998, 0.399854838848, 0.738584280014, 0.867276847363, 0.514890253544, 0.314511805773, 0.322705477476, 0.479047507048, 0.825059890747, 0.866145908833, 0.616709411144, 0.519517362118, 0.370308607817, 0.208684176207, 0.204734742641, 0.244190752506, 0.323649257421, 0.527642667294, 0.580850124359, 0.401468962431, 0.333601772785, 0.384494394064, 0.598745644093],
    "chords_key": "A",
    "chords_scale": "minor",
    "key_key": "A",
    "key_scale": "minor"
}
}