{
"lowlevel": {
    "average_loudness": 0.906628668308,
    "barkbands_crest": {
        "mean": 12.4382066727,
        "var": 18.7116889954
    },
    "barkbands_flatness_db": {
        "mean": 0.168516948819,
        "var": 0.00454922020435
    },
    "barkbands_kurtosis": {
        "mean": 15.6825990677,
        "var": 609.886962891
    },
    "barkbands_skewness": {
        "mean": 2.82893013954,
        "var": 3.89685583115
    },
    "barkbands_spread": {
        "mean": 18.6314945221,
        "var": 272.844604492
    },
    "dissonance": {
        "mean": 0.451628386974,
        "var": 0.00148131337482
    },
    "dynamic_complexity": 3.25883173943,
    "erbbands_crest": {
        "mean": 9.36113834381,
        "var": 25.0115280151
    },
    "erbbands_flatness_db": {
        "mean": 0.137162610888,
        "var": 0.00184259365778
    },
    "erbbands_kurtosis": {
        "mean": 1.23337209225,
        "var": 18.6390972137
    },
    "erbbands_skewness": {
        "mean": 0.582436263561,
        "var": 1.28884017467
    },
    "erbbands_spread": {
        "mean": 54.7953567505,
        "var": 739.629760742
    },
    "hfc": {
        "mean": 12.6205701828,
        "var": 228.386703491
    },
    "melbands_crest": {
        "mean": 16.5307426453,
        "var": 31.4901542664
    },
    "melbands_flatness_db": {
        "mean": 0.246524393559,
        "var": 0.00728552229702
    },
    "melbands_kurtosis": {
        "mean": 46.730304718,
        "var": 3746.40161133
    },
    "melbands_skewness": {
        "mean": 4.59280776978,
        "var": 8.07357597351
    },
    "melbands_spread": {
        "mean": 16.7943058014,
        "var": 627.510253906
    },
    "pitch_salience": {
        "mean": 0.518788814545,
        "var": 0.0133535936475
    },
    "silence_rate_20dB": {
        "mean": 1,
        "var": 0
    },
    "silence_rate_30dB": {
        "mean": 0.978887736797,
        "var": 0.020666770637
    },
    "silence_rate_60dB": {
        "mean": 0.069515965879,
        "var": 0.0646819770336
    },
    "spectral_centroid": {
        "mean": 1104.24377441,
        "var": 679722.625
    },
    "spectral_complexity": {
        "mean": 10.5499486923,
        "var": 46.1135368347
    },
    "spectral_decrease": {
        "mean": -7.30557658812e-009,
        "var": 5.52137235528e-017
    },
    "spectral_energy": {
        "mean": 0.0287176556885,
        "var": 0.000834191858303
    },
    "spectral_energyband_high": {
        "mean": 0.000559352571145,
        "var": 1.38767870794e-006
    },
    "spectral_energyband_low": {
        "mean": 0.0155324852094,
        "var": 0.000390193774365
    },
    "spectral_energyband_middle_high": {
        "mean": 0.00232804194093,
        "var": 2.66701154032e-005
    },
    "spectral_energyband_middle_low": {
        "mean": 0.0113436598331,
        "var": 0.000220845889999
    },
    "spectral_entropy": {
        "mean": 7.51045370102,
        "var": 0.293948322535
    },
    "spectral_flux": {
        "mean": 0.0746146366,
        "var": 0.0027003637515
    },
    "spectral_kurtosis": {
        "mean": 2.99299645424,
        "var": 7.26872014999
    },
    "spectral_rms": {
        "mean": 0.00473137618974,
        "var": 5.63132107345e-006
    },
    "spectral_rolloff": {
        "mean": 1025.82128906,
        "var": 3030856.25
    },
    "spectral_skewness": {
        "mean": 1.41008579731,
        "var": 0.264948993921
    },
    "spectral_spread": {
        "mean": 5889305,
        "var": 3.280699392e+012
    },
    "spectral_strongpeak": {
        "mean": 0.643076479435,
        "var": 0.804830372334
    },
    "zerocrossingrate": {
        "mean": 0.0539565868676,
        "var": 0.00207365071401
    },
    "barkbands": {
        "mean": [0.00108104478568, 0.0101224128157, 0.00332982093096, 0.00179647805635, 0.00454560900107, 0.00119233620353, 0.00153139117174, 0.00121982116252, 0.000942990824115, 0.000393270514905, 0.000381943449611, 0.000179203532753, 0.000271893455647, 0.000261622655671, 0.000240153516643, 0.000215111314901, 0.000143559213029, 0.000165932375239, 0.000104155551526, 8.38256746647e-005, 0.000112863395771, 0.000135110705742, 0.000110651213618, 8.55840771692e-005, 4.77210596728e-005, 2.15829422814e-005, 1.59120122589e-006],
        "var": [1.33853054649e-005, 0.000181539537152, 3.06643087242e-005, 6.24669155513e-006, 6.54492178001e-005, 8.10913934401e-006, 2.49467393587e-005, 3.32447962137e-005, 1.38069763125e-005, 2.61085460806e-006, 5.54820007892e-006, 4.16160133909e-007, 1.77393872036e-006, 7.60279931455e-007, 6.26065514098e-007, 3.53576893986e-007, 1.07930311799e-007, 1.32305615352e-007, 8.56660591353e-008, 4.00297501812e-008, 6.91342734171e-008, 1.11955372972e-007, 1.48887949081e-007, 4.33263416255e-008, 1.4016571015e-008, 4.56064119803e-009, 2.33091046464e-011]
    },
    "erbbands": {
        "mean": [0.344264835119, 2.05291557312, 3.72293376923, 6.00637960434, 6.54685783386, 20.0050792694, 16.0611877441, 8.41492462158, 16.4208889008, 31.350271225, 23.3064517975, 20.2672634125, 15.2781190872, 13.1611776352, 14.3192338943, 8.34265422821, 12.7489938736, 13.5297660828, 12.8471221924, 13.2269706726, 10.524728775, 8.22259902954, 9.34057331085, 5.83688879013, 5.18592405319, 3.74393081665, 4.51745557785, 4.58022022247, 4.67105150223, 4.37370252609, 2.92134857178, 2.09556460381, 1.26215970516, 0.658084273338, 0.264466613531, 0.112504839897, 0.0359368287027, 0.00633190525696, 0.00018606048252, 3.80272504117e-005],
        "var": [0.326234906912, 6.65256643295, 28.8149471283, 61.9191627502, 89.1758880615, 1634.37158203, 1795.91467285, 413.43359375, 3826.27172852, 15180.4355469, 12762.3671875, 6403.1640625, 3662.4777832, 2520.1484375, 8936.02441406, 827.78527832, 4452.50048828, 2127.50610352, 1961.73242188, 1619.4251709, 841.631835938, 405.200531006, 380.941436768, 184.064743042, 178.877197266, 100.805160522, 111.729202271, 120.220336914, 125.882652283, 173.580978394, 120.517486572, 55.1122665405, 4.9005856514, 2.19182062149, 0.574158847332, 0.134673118591, 0.0119625059888, 0.000353061186615, 2.38046510503e-007, 1.27118326976e-009]
    },
    "gfcc": {
        "mean": [-29.8099422455, 83.252204895, -85.1443328857, 52.2288703918, -59.5612678528, 19.9530773163, -42.9352302551, 8.09153461456, -16.6640319824, 4.41196155548, -14.8597621918, 1.77454805374, -10.4115514755],
        "cov": [[5026.99169922, 200.727218628, -781.4921875, -355.547485352, 12.0450677872, 61.3829193115, -54.3099441528, 161.29598999, 84.2680206299, 59.837474823, -132.382415771, 34.235912323, -99.7383804321], [200.727218628, 1344.12365723, -2.03773021698, -120.414916992, 181.456451416, 53.3697357178, 106.186172485, -61.4653091431, 107.720954895, -166.389541626, 99.6596755981, -88.7425842285, 26.9371070862], [-781.4921875, -2.03773021698, 1105.44885254, 447.647857666, 164.033554077, 118.330871582, 130.304153442, 39.1971549988, -0.255457907915, 16.2431335449, -32.6059913635, -66.5934829712, -43.6306800842], [-355.547485352, -120.414916992, 447.647857666, 746.180175781, 231.16229248, 40.2224769592, 64.854927063, 7.98245573044, -3.61574220657, -8.71434497833, 0.371473908424, -61.3475036621, 33.4558448792], [12.0450677872, 181.456451416, 164.033554077, 231.16229248, 414.56137085, 102.434371948, 43.2642669678, 17.2273521423, 25.8602180481, -20.1943759918, -12.5233459473, -35.4753189087, 1.79751694202], [61.3829193115, 53.3697357178, 118.330871582, 40.2224769592, 102.434371948, 240.729217529, 136.730911255, 48.8073883057, -7.04612493515, -7.46327066422, 17.4588069916, -24.7086219788, -13.5386829376], [-54.3099441528, 106.186172485, 130.304153442, 64.854927063, 43.2642669678, 136.730911255, 229.71812439, 77.568031311, 27.784696579, -7.29631471634, 23.4581947327, -21.4409980774, -15.4052762985], [161.29598999, -61.4653091431, 39.1971549988, 7.98245573044, 17.2273521423, 48.8073883057, 77.568031311, 141.953842163, 51.9343070984, 31.5396327972, 5.94747829437, -3.05876755714, -21.187915802], [84.2680206299, 107.720954895, -0.255457907915, -3.61574220657, 25.8602180481, -7.04612493515, 27.784696579, 51.9343070984, 122.110214233, 35.9078102112, 1.89647483826, -11.8078708649, -3.98423218727], [59.837474823, -166.389541626, 16.2431335449, -8.71434497833, -20.1943759918, -7.46327066422, -7.29631471634, 31.5396327972, 35.9078102112, 118.360992432, 9.2326669693, 6.06228399277, -17.8803730011], [-132.382415771, 99.6596755981, -32.6059913635, 0.371473908424, -12.5233459473, 17.4588069916, 23.4581947327, 5.94747829437, 1.89647483826, 9.2326669693, 109.598815918, 17.0855617523, 14.8385648727], [34.235912323, -88.7425842285, -66.5934829712, -61.3475036621, -35.4753189087, -24.7086219788, -21.4409980774, -3.05876755714, -11.8078708649, 6.06228399277, 17.0855617523, 83.0127868652, 23.9384727478], [-99.7383804321, 26.9371070862, -43.6306800842, 33.4558448792, 1.79751694202, -13.5386829376, -15.4052762985, -21.187915802, -3.98423218727, -17.8803730011, 14.8385648727, 23.9384727478, 82.4901123047]],
        "icov": [[0.000316212652251, -0.000346527900547, 0.000335984514095, -0.000235202038311, 0.000143482160638, -0.00036454576184, 0.000338876619935, -0.000633923278656, 0.000334570242558, -0.000580680789426, 0.000906032451894, -0.000633836025372, 0.000517344044056], [-0.000346527900547, 0.00253611966036, -0.000691196881235, 0.00144006940536, -0.00127437734045, 0.000984787824564, -0.00134434911888, 0.0024997680448, -0.00322259473614, 0.00396094657481, -0.00370460678823, 0.00321211339906, -0.0011792217847], [0.000335984514095, -0.000691196881235, 0.00176173320506, -0.00123590114526, 0.000345370877767, -0.000807516509667, 0.00010435146396, -0.000813639548142, 0.000870484160259, -0.00137584027834, 0.00181904050987, -0.00104292796459, 0.00145471584983], [-0.000235202038311, 0.00144006940536, -0.00123590114526, 0.0031876815483, -0.00181804399472, 0.0014828951098, -0.00128934928216, 0.00123987684492, -0.00105604506098, 0.00189177365974, -0.00252993428148, 0.00332894478925, -0.00249240640551], [0.000143482160638, -0.00127437734045, 0.000345370877767, -0.00181804399472, 0.00416293088347, -0.00235660956241, 0.00153146102093, -0.00106955436058, 0.000226719334023, -0.00112993805669, 0.00225226185285, -0.00165846687742, 0.000885617977474], [-0.00036454576184, 0.000984787824564, -0.000807516509667, 0.0014828951098, -0.00235660956241, 0.00833262596279, -0.00480250408873, 0.000281870714389, 0.0013696947135, 0.000977211515419, -0.00254925829358, 0.00291932653636, -0.00130706781056], [0.000338876619935, -0.00134434911888, 0.00010435146396, -0.00128934928216, 0.00153146102093, -0.00480250408873, 0.00922458525747, -0.00429398845881, -1.47750563428e-006, -0.000269935495453, 0.000939058838412, -0.0015912723029, 0.00145934079774], [-0.000633923278656, 0.0024997680448, -0.000813639548142, 0.00123987684492, -0.00106955436058, 0.000281870714389, -0.00429398845881, 0.0136153316125, -0.00674712751061, 0.00232073012739, -0.00369341718033, 0.00167334068101, 0.000604757864494], [0.000334570242558, -0.00322259473614, 0.000870484160259, -0.00105604506098, 0.000226719334023, 0.0013696947135, -1.47750563428e-006, -0.00674712751061, 0.0158558171242, -0.00815537478775, 0.00446802470833, -0.00130685942713, -0.000594242941588], [-0.000580680789426, 0.00396094657481, -0.00137584027834, 0.00189177365974, -0.00112993805669, 0.000977211515419, -0.000269935495453, 0.00232073012739, -0.00815537478775, 0.0168305821717, -0.00698453886434, 0.0034218095243, 0.000757832778618], [0.000906032451894, -0.00370460678823, 0.00181904050987, -0.00252993428148, 0.00225226185285, -0.00254925829358, 0.000939058838412, -0.00369341718033, 0.00446802470833, -0.00698453886434, 0.0162712503225, -0.00687474198639, 0.000822614296339], [-0.000633836025372, 0.00321211339906, -0.00104292796459, 0.00332894478925, -0.00165846687742, 0.00291932653636, -0.0015912723029, 0.00167334068101, -0.00130685942713, 0.0034218095243, -0.00687474198639, 0.0201762653887, -0.0070090200752], [0.000517344044056, -0.0011792217847, 0.00145471584983, -0.00249240640551, 0.000885617977474, -0.00130706781056, 0.00145934079774, 0.000604757864494, -0.000594242941588, 0.000757832778618, 0.000822614296339, -0.0070090200752, 0.0171291865408]]
    },
    "melbands": {
        "mean": [0.00299483956769, 0.00227305083536, 0.000984805403277, 0.00095705606509, 0.000665986444801, 0.000190002450836, 0.000269134790869, 0.000333815958584, 0.000183388110599, 0.000123641977552, 7.48657621443e-005, 5.2462452004e-005, 5.40315631952e-005, 2.26970732911e-005, 2.53285215877e-005, 2.67306240858e-005, 2.40088302235e-005, 2.07638295251e-005, 1.6725191017e-005, 1.67297876033e-005, 1.14359254439e-005, 7.62492891226e-006, 1.00851575553e-005, 7.33887509341e-006, 4.30809996033e-006, 4.21338336309e-006, 3.08944368044e-006, 2.25944563681e-006, 3.02345438286e-006, 2.42520036409e-006, 2.69866268354e-006, 2.57301530837e-006, 2.70211285169e-006, 2.30850150729e-006, 1.65751896475e-006, 1.54079282311e-006, 1.19045091651e-006, 9.629085298e-007, 6.84705980802e-007, 4.96542156725e-007],
        "var": [1.93116866285e-005, 8.56641236169e-006, 1.52410325427e-006, 2.75124057225e-006, 2.38287248067e-006, 1.96585489221e-007, 9.22581989471e-007, 1.83402039511e-006, 8.53559015468e-007, 2.23034163582e-007, 9.35852924044e-008, 4.31766693509e-008, 1.20870794262e-007, 8.46464764948e-009, 1.46290268788e-008, 1.09151034877e-008, 8.0818463033e-009, 6.47418652022e-009, 2.91377943995e-009, 2.22240426062e-009, 1.15534148915e-009, 4.3129960714e-010, 5.33059152374e-010, 2.71111300076e-010, 1.22864246554e-010, 1.49740705946e-010, 4.43938358297e-011, 4.93427451675e-011, 4.6748480087e-011, 4.61317546663e-011, 4.27259790048e-011, 4.3872953881e-011, 5.28196202054e-011, 5.35807301305e-011, 3.51329070003e-011, 5.3036158798e-011, 1.22134602779e-011, 2.79965460537e-012, 1.78202092839e-012, 1.56774007838e-012]
    },
    "mfcc": {
        "mean": [-678.235839844, 105.473312378, 33.0397758484, 32.9478530884, 14.5287008286, 12.1187391281, -5.99826288223, 4.2470946312, -0.728404700756, 3.85635280609, 2.76044845581, -0.0183370169252, -2.07192468643],
        "cov": [[4807.40429688, 220.999099731, -950.060302734, -397.116973877, -111.981445313, -121.15322113, -165.52255249, 49.5501708984, 70.5653152466, 24.9843444824, 30.6007709503, 71.0115432739, -22.3318653107], [220.999099731, 1257.93713379, -86.1915435791, -209.073303223, 53.3174972534, 35.8020324707, -1.72919070721, 113.319168091, -32.3171539307, 12.1155328751, 55.053150177, -11.3201761246, -20.8683929443], [-950.060302734, -86.1915435791, 888.243225098, 323.47366333, 80.8230743408, 120.96081543, 146.785339355, 45.1794662476, 63.6118431091, 52.637096405, 17.3145694733, 36.5462036133, 14.5621509552], [-397.116973877, -209.073303223, 323.47366333, 605.704223633, 242.122329712, 112.142585754, 77.6535339355, 11.513674736, 76.4104156494, 11.1009941101, -19.2764625549, 9.12487697601, 34.6641197205], [-111.981445313, 53.3174972534, 80.8230743408, 242.122329712, 351.756774902, 117.079231262, 63.5955810547, 20.9337654114, 50.6272315979, 20.6695594788, -25.3605995178, 11.9777269363, 11.3451290131], [-121.15322113, 35.8020324707, 120.96081543, 112.142585754, 117.079231262, 201.926116943, 115.256866455, 48.1871833801, 45.0100097656, 22.5978736877, 7.76666975021, 3.70113587379, -4.31501054764], [-165.52255249, -1.72919070721, 146.785339355, 77.6535339355, 63.5955810547, 115.256866455, 232.848709106, 97.193107605, 28.4488277435, 40.3441352844, 10.358174324, 27.8299198151, 5.03697633743], [49.5501708984, 113.319168091, 45.1794662476, 11.513674736, 20.9337654114, 48.1871833801, 97.193107605, 161.052597046, 48.5092887878, 23.275144577, 21.8438224792, 2.72038006783, 6.26845550537], [70.5653152466, -32.3171539307, 63.6118431091, 76.4104156494, 50.6272315979, 45.0100097656, 28.4488277435, 48.5092887878, 128.833389282, 60.8873558044, 12.1532125473, 10.1597490311, 7.54048728943], [24.9843444824, 12.1155328751, 52.637096405, 11.1009941101, 20.6695594788, 22.5978736877, 40.3441352844, 23.275144577, 60.8873558044, 116.718315125, 45.2980308533, 20.2904949188, 4.34743404388], [30.6007709503, 55.053150177, 17.3145694733, -19.2764625549, -25.3605995178, 7.76666975021, 10.358174324, 21.8438224792, 12.1532125473, 45.2980308533, 106.687408447, 30.4154262543, -2.23464608192], [71.0115432739, -11.3201761246, 36.5462036133, 9.12487697601, 11.9777269363, 3.70113587379, 27.8299198151, 2.72038006783, 10.1597490311, 20.2904949188, 30.4154262543, 83.9906616211, 32.1580619812], [-22.3318653107, -20.8683929443, 14.5621509552, 34.6641197205, 11.3451290131, -4.31501054764, 5.03697633743, 6.26845550537, 7.54048728943, 4.34743404388, -2.23464608192, 32.1580619812, 77.3872528076]],
        "icov": [[0.000297683145618, -2.65974540525e-005, 0.000335259013809, -6.93451147527e-006, 8.23789523565e-005, -4.22607809014e-005, 0.00019071076531, -0.000212262617424, -0.00026109375176, -7.43030905141e-005, 0.000153362983838, -0.00058165990049, 0.000284848298179], [-2.65974540525e-005, 0.00105109706055, -0.00010835230205, 0.000533207959961, -0.000585768313613, -0.000289648683975, 0.000555912323762, -0.00104866735637, 0.000723740144167, -0.000168986429344, -0.000448337174021, 0.000209399673622, 1.4810238099e-005], [0.000335259013809, -0.00010835230205, 0.00197710259818, -0.000971211411525, 0.000673852278851, -0.000426384533057, -0.000359018216841, -0.000130165659357, -0.000325822649756, -0.000518356042448, 0.000326254754327, -0.00119326089043, 0.000608020694926], [-6.93451147527e-006, 0.000533207959961, -0.000971211411525, 0.00338069815189, -0.00211897189729, -2.61611949099e-005, -0.000231056241319, 0.000394863716792, -0.00114926614333, 0.00120482873172, -0.000804571027402, 0.00115952256601, -0.00135830789804], [8.23789523565e-005, -0.000585768313613, 0.000673852278851, -0.00211897189729, 0.00520390272141, -0.00209740106948, 0.000207600722206, 0.00013167130237, -0.00026688183425, -0.00108701037243, 0.00209943111986, -0.00163352233358, 0.00061063549947], [-4.22607809014e-005, -0.000289648683975, -0.000426384533057, -2.61611949099e-005, -0.00209740106948, 0.00903081614524, -0.00429818918929, 0.00118869612925, -0.00247382372618, 0.00173388898838, -0.00173359084874, 0.00185851345304, 0.000317433703458], [0.00019071076531, 0.000555912323762, -0.000359018216841, -0.000231056241319, 0.000207600722206, -0.00429818918929, 0.00972673483193, -0.0058033335954, 0.00342546892352, -0.00346472952515, 0.00248008128256, -0.00381482648663, 0.00146060856059], [-0.000212262617424, -0.00104866735637, -0.000130165659357, 0.000394863716792, 0.00013167130237, 0.00118869612925, -0.0058033335954, 0.0116878980771, -0.00512938573956, 0.0028701859992, -0.00280459737405, 0.00328111904673, -0.00212433352135], [-0.00026109375176, 0.000723740144167, -0.000325822649756, -0.00114926614333, -0.00026688183425, -0.00247382372618, 0.00342546892352, -0.00512938573956, 0.0145703032613, -0.0077198240906, 0.00231928261928, -0.00109968427569, 0.000327558373101], [-7.43030905141e-005, -0.000168986429344, -0.000518356042448, 0.00120482873172, -0.00108701037243, 0.00173388898838, -0.00346472952515, 0.0028701859992, -0.0077198240906, 0.0155066503212, -0.00627068569884, 0.00111941969953, -0.00102525460534], [0.000153362983838, -0.000448337174021, 0.000326254754327, -0.000804571027402, 0.00209943111986, -0.00173359084874, 0.00248008128256, -0.00280459737405, 0.00231928261928, -0.00627068569884, 0.0146237574518, -0.00645193830132, 0.00311331404373], [-0.00058165990049, 0.000209399673622, -0.00119326089043, 0.00115952256601, -0.00163352233358, 0.00185851345304, -0.00381482648663, 0.00328111904673, -0.00109968427569, 0.00111941969953, -0.00645193830132, 0.0195177402347, -0.00833318568766], [0.000284848298179, 1.4810238099e-005, 0.000608020694926, -0.00135830789804, 0.00061063549947, 0.000317433703458, 0.00146060856059, -0.00212433352135, 0.000327558373101, -0.00102525460534, 0.00311331404373, -0.00833318568766, 0.0170858297497]]
    },
    "spectral_contrast_coeffs": {
        "mean": [-0.65157610178, -0.71107763052, -0.766272544861, -0.777026057243, -0.797570347786, -0.777770280838],
        "var": [0.00836059544235, 0.0080891083926, 0.00703482655808, 0.00446653692052, 0.00201669242233, 0.00144567887764]
    },
    "spectral_contrast_valleys": {
        "mean": [-7.09453296661, -7.33945035934, -8.3128490448, -8.44316196442, -8.1116809845, -10.0001420975],
        "var": [1.31499361992, 0.90066754818, 0.967162966728, 0.898535549641, 0.849155724049, 0.708921134472]
    }
},
"metadata": {
    "audio_properties": {
        "analysis_sample_rate": 44100,
        "bit_rate": 128074,
        "equal_loudness": 0,
        "length": 45.0612258911,
        "lossless": 0,
        "replay_gain": -6.16683387756,
        "sample_rate": 44100,
        "codec": "mp3",
        "downmix": "mix",
        "md5_encoded": "b7dd9ea76c8ee908334ea6c5602167db"
    },
    "tags": {
        "file_name": "1041.mp3"
    },
    "version": {
        "essentia": "2.1-beta2",
        "essentia_git_sha": "v2.1_beta2",
        "extractor": "music 1.0"
    }
},
"rhythm": {
    "beats_count": 101,
    "beats_loudness": {
        "mean": 0.0469624437392,
        "var": 0.00123452174012
    },
    "bpm": 135.297653198,
    "bpm_histogram_first_peak_bpm": {
        "mean": 136,
        "var": 0
    },
    "bpm_histogram_first_peak_spread": {
        "mean": 0.391752630472,
        "var": 0
    },
    "bpm_histogram_first_peak_weight": {
        "mean": 0.589999973774,
        "var": 0
    },
    "bpm_histogram_second_peak_bpm": {
        "mean": 129,
        "var": 0
    },
    "bpm_histogram_second_peak_spread": {
        "mean": 0,
        "var": 0
    },
    "bpm_histogram_second_peak_weight": {
        "mean": 0.019999999553,
        "var": 0
    },
    "danceability": 1.46247255802,
    "onset_rate": 4.30331325531,
    "beats_loudness_band_ratio": {
        "mean": [0.587790489197, 0.183114394546, 0.130928128958, 0.0440697707236, 0.0376187451184, 0.0401062592864],
        "var": [0.0832549259067, 0.0379309356213, 0.029733357951, 0.00831340998411, 0.00366630451754, 0.00787563808262]
    },
    "beats_position": [0.394739210606, 0.812698423862, 1.24226760864, 1.67183673382, 2.11301589012, 2.55419492722, 2.99537420273, 3.44816327095, 3.90095233917, 4.3653512001, 4.80653047562, 5.24770975113, 5.67727899551, 6.10684776306, 6.54802703857, 6.98920631409, 7.4303855896, 7.8831744194, 8.33596324921, 8.78875255585, 9.21832180023, 9.65950107574, 10.1006803513, 10.5650787354, 11.0062580109, 11.4474372864, 11.8886165619, 12.3297958374, 12.7709751129, 13.2121543884, 13.6533327103, 14.0945119858, 14.5473012924, 15.0000905991, 15.4412698746, 15.8824491501, 16.3236274719, 16.7648067474, 17.2059860229, 17.6587753296, 18.1115646362, 18.5527439117, 18.9823131561, 19.4351024628, 19.8878898621, 20.3290691376, 20.7702484131, 21.2114276886, 21.6642169952, 22.1053962708, 22.5465755463, 22.9877548218, 23.4289340973, 23.8817234039, 24.3345127106, 24.7873020172, 25.2168693542, 25.6580486298, 26.0992279053, 26.5404071808, 26.9815864563, 27.4343757629, 27.8871650696, 28.3283443451, 28.7811336517, 29.2339229584, 29.6751022339, 30.1162815094, 30.5574588776, 30.9986381531, 31.4398174286, 31.8809967041, 32.322177887, 32.7633552551, 33.204536438, 33.6457138062, 34.0985031128, 34.5512924194, 35.0040817261, 35.4568710327, 35.8980484009, 36.3392295837, 36.7804069519, 37.2331962585, 37.6859855652, 38.1271629333, 38.5683441162, 39.0095214844, 39.462310791, 39.9151000977, 40.344669342, 40.7742385864, 41.2154197693, 41.6565971375, 42.0977783203, 42.5389556885, 42.9801368713, 43.432926178, 43.8857116699, 44.3268928528, 44.7680702209]
},
"tonal": {
    "chords_changes_rate": 0.0853909477592,
    "chords_number_rate": 0.0133744860068,
    "chords_strength": {
        "mean": 0.515016198158,
        "var": 0.00811287853867
    },
    "hpcp_entropy": {
        "mean": 2.09937810898,
        "var": 0.706155121326
    },
    "key_strength": 0.574210941792,
    "tuning_diatonic_strength": 0.516662061214,
    "tuning_equal_tempered_deviation": 0.199957832694,
    "tuning_frequency": 434.193115234,
    "tuning_nontempered_energy_ratio": 0.874354124069,
    "hpcp": {
        "mean": [0.165641546249, 0.13411898911, 0.0946265459061, 0.0800563022494, 0.100987114012, 0.146939620376, 0.182923987508, 0.164085745811, 0.125623077154, 0.115046136081, 0.093768671155, 0.0704427212477, 0.0730236917734, 0.0904335677624, 0.159896865487, 0.218786284328, 0.155777171254, 0.077603764832, 0.0601660497487, 0.0684952884912, 0.130061358213, 0.171075999737, 0.123676858842, 0.14520727098, 0.198134556413, 0.1176347211, 0.0542372874916, 0.0714594274759, 0.0720070898533, 0.0673957690597, 0.0694762021303, 0.0617652870715, 0.049735866487, 0.0521710477769, 0.0776390358806, 0.134684443474],
        "var": [0.0806411877275, 0.062078114599, 0.0434089526534, 0.0357126705348, 0.0435502752662, 0.0761095583439, 0.0813177153468, 0.0708650946617, 0.054842595011, 0.0647515356541, 0.04472733289, 0.0308176502585, 0.036167755723, 0.0380896367133, 0.0681833550334, 0.117497548461, 0.0631025508046, 0.0305097941309, 0.0315824113786, 0.0288002435118, 0.0653913542628, 0.0932556986809, 0.049683637917, 0.0470628999174, 0.107342891395, 0.0378576740623, 0.0254214704037, 0.029870884493, 0.0229467861354, 0.0258759837598, 0.0287866517901, 0.0236267838627, 0.019703194499, 0.0240416638553, 0.0314475297928, 0.0708716660738]
    },
    "chords_histogram": [11.1111106873, 0.823045253754, 6.58436203003, 5.55555534363, 27.5720157623, 4.83539104462, 3.49794244766, 3.18930029869, 1.13168728352, 10.4938268661, 0, 0.823045253754, 0, 1.33744859695, 1.74897122383, 0.102880656719, 0, 0, 0, 0, 0, 0, 14.7119340897, 6.48148155212],
    "thpcp": [1, 0.712006092072, 0.354701220989, 0.274999171495, 0.313069403172, 0.594467580318, 0.781931996346, 0.565286159515, 0.663694560528, 0.905607759953, 0.537669539452, 0.247900769114, 0.326617479324, 0.329120665789, 0.308043837547, 0.317552834749, 0.282308757305, 0.227326259017, 0.23845666647, 0.354862451553, 0.615598201752, 0.757092893124, 0.61301368475, 0.432506769896, 0.365910977125, 0.461578816175, 0.671612560749, 0.836085259914, 0.749981880188, 0.574181675911, 0.525837957859, 0.428585678339, 0.321970462799, 0.333767235279, 0.413342028856, 0.730835855007],
    "chords_key": "B",
    "chords_scale": "minor",
    "key_key": "A",
    "key_scale": "minor"
}
}