{
"lowlevel": {
    "average_loudness": 0.89703732729,
    "barkbands_crest": {
        "mean": 12.5092754364,
        "var": 21.9394664764
    },
    "barkbands_flatness_db": {
        "mean": 0.223202779889,
        "var": 0.00500844512135
    },
    "barkbands_kurtosis": {
        "mean": 18.9397182465,
        "var": 916.215637207
    },
    "barkbands_skewness": {
        "mean": 2.82302975655,
        "var": 4.55468702316
    },
    "barkbands_spread": {
        "mean": 10.4037075043,
        "var": 110.949508667
    },
    "dissonance": {
        "mean": 0.435926556587,
        "var": 0.00183465948794
    },
    "dynamic_complexity": 2.89416384697,
    "erbbands_crest": {
        "mean": 10.6878252029,
        "var": 19.4183254242
    },
    "erbbands_flatness_db": {
        "mean": 0.189360767603,
        "var": 0.00215790770017
    },
    "erbbands_kurtosis": {
        "mean": 1.90548563004,
        "var": 14.8102607727
    },
    "erbbands_skewness": {
        "mean": 0.750639379025,
        "var": 1.11686456203
    },
    "erbbands_spread": {
        "mean": 32.4412002563,
        "var": 431.699645996
    },
    "hfc": {
        "mean": 12.7999067307,
        "var": 154.792449951
    },
    "melbands_crest": {
        "mean": 17.626033783,
        "var": 39.2853469849
    },
    "melbands_flatness_db": {
        "mean": 0.315152138472,
        "var": 0.00844877772033
    },
    "melbands_kurtosis": {
        "mean": 36.497592926,
        "var": 3786.79370117
    },
    "melbands_skewness": {
        "mean": 3.71263670921,
        "var": 6.86633443832
    },
    "melbands_spread": {
        "mean": 11.1085643768,
        "var": 197.863037109
    },
    "pitch_salience": {
        "mean": 0.457958877087,
        "var": 0.0230530332774
    },
    "silence_rate_20dB": {
        "mean": 0.998455226421,
        "var": 0.00154241151176
    },
    "silence_rate_30dB": {
        "mean": 0.892378985882,
        "var": 0.0960381180048
    },
    "silence_rate_60dB": {
        "mean": 0.0262615866959,
        "var": 0.0255723297596
    },
    "spectral_centroid": {
        "mean": 649.011779785,
        "var": 259613.078125
    },
    "spectral_complexity": {
        "mean": 11.663233757,
        "var": 36.9946708679
    },
    "spectral_decrease": {
        "mean": -1.15543938861e-008,
        "var": 2.03695727235e-016
    },
    "spectral_energy": {
        "mean": 0.044769924134,
        "var": 0.00297952746041
    },
    "spectral_energyband_high": {
        "mean": 0.000202077979338,
        "var": 3.2116042803e-007
    },
    "spectral_energyband_low": {
        "mean": 0.0325980558991,
        "var": 0.00261718174443
    },
    "spectral_energyband_middle_high": {
        "mean": 0.00321160978638,
        "var": 2.82835771941e-005
    },
    "spectral_energyband_middle_low": {
        "mean": 0.0137006947771,
        "var": 0.000281357730273
    },
    "spectral_entropy": {
        "mean": 6.84051942825,
        "var": 0.33444210887
    },
    "spectral_flux": {
        "mean": 0.0873245671391,
        "var": 0.00462402077392
    },
    "spectral_kurtosis": {
        "mean": 10.6063766479,
        "var": 63.4167098999
    },
    "spectral_rms": {
        "mean": 0.00576577614993,
        "var": 1.04337514131e-005
    },
    "spectral_rolloff": {
        "mean": 707.401977539,
        "var": 1249072.75
    },
    "spectral_skewness": {
        "mean": 2.50988554955,
        "var": 0.753248631954
    },
    "spectral_spread": {
        "mean": 3994059.75,
        "var": 4.18579690291e+012
    },
    "spectral_strongpeak": {
        "mean": 0.879427134991,
        "var": 0.885062873363
    },
    "zerocrossingrate": {
        "mean": 0.0295251756907,
        "var": 0.000815570179839
    },
    "barkbands": {
        "mean": [0.000356660690159, 0.0141795584932, 0.0132999029011, 0.00645852368325, 0.00245679006912, 0.00150789914187, 0.00136340118479, 0.000596099591348, 0.00105267227627, 0.000799591070972, 0.000427308055805, 0.000342258950695, 0.000451093714219, 0.000435213267338, 0.000251099816523, 0.000218350949581, 0.000225718002184, 7.05396087142e-005, 5.03203955304e-005, 4.01067154598e-005, 2.55682116403e-005, 3.34334908985e-005, 2.41212073888e-005, 3.98333722842e-005, 4.17080009356e-005, 2.08603614738e-005, 1.32116520035e-006],
        "var": [1.97769122678e-006, 0.000887326779775, 0.000650898495223, 0.000195331696887, 8.49190837471e-006, 7.35836192689e-006, 5.70629845242e-006, 1.28114368181e-006, 1.43034276334e-005, 8.28494103189e-006, 1.98941620511e-006, 9.1728213647e-007, 1.66274469393e-006, 1.23613801861e-006, 4.37043411239e-007, 2.55389210224e-007, 1.78518106964e-007, 3.03726856998e-008, 1.07414575012e-008, 9.70627844765e-009, 8.19132495167e-009, 9.68831503911e-009, 5.24392174128e-009, 1.81672952237e-008, 2.23577867331e-008, 6.56254162124e-009, 4.17016005061e-011]
    },
    "erbbands": {
        "mean": [0.223702833056, 3.84903931618, 14.2112026215, 22.4139270782, 10.0384464264, 7.30264425278, 11.9382038116, 14.53150177, 21.7451648712, 11.9831361771, 17.210149765, 25.4848308563, 24.3136043549, 18.9989452362, 17.9252414703, 13.5325660706, 17.9760971069, 23.8216819763, 17.3586425781, 12.0886898041, 11.7025213242, 12.8271245956, 4.76927042007, 2.64609026909, 2.62053513527, 1.80899691582, 1.0317261219, 1.09837520123, 1.22542071342, 0.980044960976, 0.630793809891, 0.762207746506, 0.697176635265, 0.491720467806, 0.270232349634, 0.103636533022, 0.0350694917142, 0.00652652792633, 0.000185272234376, 5.45109069208e-005],
        "var": [0.196937501431, 67.4285964966, 789.982788086, 2001.74707031, 297.642669678, 107.355461121, 253.27532959, 925.624328613, 1293.9621582, 742.658996582, 1599.89831543, 9041.06835938, 7842.890625, 4926.65429688, 4581.50537109, 1113.97253418, 2012.0715332, 3188.25683594, 1568.33154297, 767.906860352, 579.504821777, 590.886047363, 119.870475769, 32.4236907959, 26.8537406921, 20.6190910339, 11.77983284, 17.8036060333, 14.0596027374, 6.66674995422, 3.74040484428, 7.96730089188, 4.81453084946, 2.65234899521, 1.13088679314, 0.157264441252, 0.0189422555268, 0.000841944070999, 5.59173543024e-007, 4.32651248161e-009]
    },
    "gfcc": {
        "mean": [-53.5379486084, 132.070526123, -90.5512924194, 24.2366657257, -48.2395057678, 16.9316940308, -44.7897720337, 5.43175649643, -20.6916103363, -6.70249938965, -12.3975315094, -6.79745578766, -12.2029056549],
        "cov": [[5027.29296875, -1018.12536621, -454.689666748, 139.447097778, -26.1273040771, 301.435150146, -7.82113647461, 287.975128174, 34.877040863, 139.384338379, -225.972900391, -42.5013618469, -158.763504028], [-1018.12536621, 1420.2109375, -54.9102134705, -256.105804443, 280.378692627, -113.129447937, 169.810592651, -95.1415481567, 137.703811646, -156.327087402, 236.165802002, -69.9461135864, 102.310562134], [-454.689666748, -54.9102134705, 1532.27124023, 327.959289551, 155.38243103, 174.789123535, 215.311355591, 51.2131118774, -78.0945892334, 294.246673584, 4.62533569336, 198.214706421, 1.88263690472], [139.447097778, -256.105804443, 327.959289551, 522.733093262, 49.1443252563, -2.34587955475, 18.9066677094, 25.7455806732, 77.3255233765, 46.4721832275, -4.05645179749, 40.8882865906, 41.9113769531], [-26.1273040771, 280.378692627, 155.38243103, 49.1443252563, 350.799041748, 66.2310638428, 69.3686752319, 56.0828552246, 78.1794433594, 21.5788040161, 42.7022819519, 0.158402308822, 24.7103614807], [301.435150146, -113.129447937, 174.789123535, -2.34587955475, 66.2310638428, 338.576141357, 127.378013611, 0.705722987652, -12.1538038254, 24.2080211639, -23.1964607239, -19.848575592, -10.1700353622], [-7.82113647461, 169.810592651, 215.311355591, 18.9066677094, 69.3686752319, 127.378013611, 281.87701416, 10.3657617569, -28.7084274292, 17.3070926666, 42.117061615, 8.9720287323, 1.08853125572], [287.975128174, -95.1415481567, 51.2131118774, 25.7455806732, 56.0828552246, 0.705722987652, 10.3657617569, 168.333206177, 54.0988044739, 46.9081459045, -7.56948184967, 23.9716358185, -1.97180140018], [34.877040863, 137.703811646, -78.0945892334, 77.3255233765, 78.1794433594, -12.1538038254, -28.7084274292, 54.0988044739, 196.908355713, -15.0544185638, 17.5434684753, -29.4961395264, 50.8418388367], [139.384338379, -156.327087402, 294.246673584, 46.4721832275, 21.5788040161, 24.2080211639, 17.3070926666, 46.9081459045, -15.0544185638, 203.831954956, 9.48113632202, 57.0775146484, -13.0463857651], [-225.972900391, 236.165802002, 4.62533569336, -4.05645179749, 42.7022819519, -23.1964607239, 42.117061615, -7.56948184967, 17.5434684753, 9.48113632202, 143.765838623, 20.8688163757, 22.8292236328], [-42.5013618469, -69.9461135864, 198.214706421, 40.8882865906, 0.158402308822, -19.848575592, 8.9720287323, 23.9716358185, -29.4961395264, 57.0775146484, 20.8688163757, 174.910797119, 30.1495246887], [-158.763504028, 102.310562134, 1.88263690472, 41.9113769531, 24.7103614807, -10.1700353622, 1.08853125572, -1.97180140018, 50.8418388367, -13.0463857651, 22.8292236328, 30.1495246887, 95.947845459]],
        "icov": [[0.00032793590799, -7.70626065787e-005, 0.000347478722688, -0.000318924780004, 5.44794129382e-005, -0.000430634303484, -1.58091679623e-005, -0.0005210271338, 0.000103502788988, -0.000463259551907, 0.000480660033645, -0.000226448333706, 0.000526047486346], [-7.70626065787e-005, 0.00383551209234, -0.00137312791776, 0.00310883787461, -0.00230015371926, 0.00277735874988, -0.00219262717292, 0.00279079284519, -0.00302538927644, 0.00307102734223, -0.00411730958149, 0.00173681927845, -0.00212482875213], [0.000347478722688, -0.00137312791776, 0.00220734090544, -0.00206301175058, 0.000376928248443, -0.00164603581652, 4.39617142547e-005, -0.00116331852041, 0.00161330390256, -0.0029909547884, 0.00226266891696, -0.00176961591933, 0.00135717610829], [-0.000318924780004, 0.00310883787461, -0.00206301175058, 0.0052607092075, -0.0017386575928, 0.0028412132524, -0.00172208098229, 0.00275213131681, -0.00371758779511, 0.00302474107593, -0.00332764117047, 0.00153766467702, -0.00258538778871], [5.44794129382e-005, -0.00230015371926, 0.000376928248443, -0.0017386575928, 0.00512680690736, -0.00216423952952, 0.00096374284476, -0.00256152101792, 0.000480922521092, -0.00150472891983, 0.00147960102186, -0.000666381965857, 0.00107948691584], [-0.000430634303484, 0.00277735874988, -0.00164603581652, 0.0028412132524, -0.00216423952952, 0.00641912873834, -0.00322570954449, 0.00295003200881, -0.00242630857974, 0.00240868073888, -0.0021668067202, 0.00212161359377, -0.00208580936305], [-1.58091679623e-005, -0.00219262717292, 4.39617142547e-005, -0.00172208098229, 0.00096374284476, -0.00322570954449, 0.0065626683645, -0.00233767367899, 0.00292266951874, -0.000735068344511, 0.000298775878036, -0.000341233069776, 0.00073812197661], [-0.0005210271338, 0.00279079284519, -0.00116331852041, 0.00275213131681, -0.00256152101792, 0.00295003200881, -0.00233767367899, 0.0106313806027, -0.00513043487445, 0.000973824295215, -0.00215715519153, -0.000196801585844, -0.000373872288037], [0.000103502788988, -0.00302538927644, 0.00161330390256, -0.00371758779511, 0.000480922521092, -0.00242630857974, 0.00292266951874, -0.00513043487445, 0.0112143969163, -0.00243682949804, 0.00238894647919, 0.000997814466245, -0.00268580415286], [-0.000463259551907, 0.00307102734223, -0.0029909547884, 0.00302474107593, -0.00150472891983, 0.00240868073888, -0.000735068344511, 0.000973824295215, -0.00243682949804, 0.0106653226539, -0.00485820882022, 0.000837264233269, -0.000998308300041], [0.000480660033645, -0.00411730958149, 0.00226266891696, -0.00332764117047, 0.00147960102186, -0.0021668067202, 0.000298775878036, -0.00215715519153, 0.00238894647919, -0.00485820882022, 0.0135278468952, -0.00321942381561, 0.00180283805821], [-0.000226448333706, 0.00173681927845, -0.00176961591933, 0.00153766467702, -0.000666381965857, 0.00212161359377, -0.000341233069776, -0.000196801585844, 0.000997814466245, 0.000837264233269, -0.00321942381561, 0.00944394245744, -0.00508375000209], [0.000526047486346, -0.00212482875213, 0.00135717610829, -0.00258538778871, 0.00107948691584, -0.00208580936305, 0.00073812197661, -0.000373872288037, -0.00268580415286, -0.000998308300041, 0.00180283805821, -0.00508375000209, 0.0166019964963]]
    },
    "melbands": {
        "mean": [0.00301832798868, 0.00696419272572, 0.00348071241751, 0.000514588144142, 0.000426243146649, 0.000329898117343, 0.000308952759951, 0.000123162186355, 0.000155505957082, 0.000153204673552, 0.00012057415006, 7.93900399003e-005, 5.68133182242e-005, 4.18526979047e-005, 2.93774537568e-005, 5.1403643738e-005, 4.45607838628e-005, 3.07679947582e-005, 1.9770786821e-005, 1.46604697875e-005, 1.34372230605e-005, 1.47455129991e-005, 7.44024509913e-006, 2.3027048428e-006, 2.0537504497e-006, 1.99568216885e-006, 1.79085191121e-006, 1.04578077753e-006, 6.16859722413e-007, 6.24120843895e-007, 6.35588378373e-007, 7.21119363334e-007, 5.93781464886e-007, 5.26533199263e-007, 3.66959113762e-007, 3.52905118461e-007, 5.0392486628e-007, 4.98420604345e-007, 4.57942519461e-007, 3.99624923375e-007],
        "var": [3.55859010597e-005, 0.00017455611669, 4.19399584644e-005, 4.40257565515e-007, 3.34084063525e-007, 3.96048477569e-007, 2.54709163983e-007, 6.75861002719e-008, 1.84574943773e-007, 3.53719741497e-007, 2.09619543057e-007, 8.73156622561e-008, 3.56973259841e-008, 1.93865581366e-008, 5.80033043818e-009, 2.28725518525e-008, 1.24602683726e-008, 5.68068925233e-009, 2.90334889463e-009, 1.48267609301e-009, 7.55901952143e-010, 8.08507594208e-010, 3.97894106552e-010, 2.08362944953e-011, 2.31883574842e-011, 1.81762504353e-011, 1.52037618606e-011, 8.38290374616e-012, 4.67119398717e-012, 5.85376452172e-012, 6.48950337911e-012, 5.69258746044e-012, 2.31955080143e-012, 2.11935417133e-012, 1.32269943696e-012, 1.36371480514e-012, 4.18765066026e-012, 2.87732988477e-012, 2.05908987777e-012, 1.95668828362e-012]
    },
    "mfcc": {
        "mean": [-706.024108887, 164.135574341, 19.6266479492, 14.9017953873, 20.5331821442, 5.07644414902, -0.99777585268, 4.95367908478, -3.9591293335, -1.4579410553, -1.22269594669, -1.90328359604, 1.06414115429],
        "cov": [[4738.47363281, -1157.04187012, -706.144042969, -217.046066284, -1.8412129879, -53.8227424622, -97.2590560913, 107.818061829, 147.458068848, 274.143829346, 32.0238571167, -86.3648147583, -109.360778809], [-1157.04187012, 1521.57165527, -128.485168457, -101.84564209, 66.1992111206, -10.7837514877, 123.223396301, 71.3019714355, -86.0993423462, 12.8066339493, 45.3669204712, 19.8386497498, 104.525123596], [-706.144042969, -128.485168457, 1081.21557617, 319.157012939, 16.8374004364, 261.554870605, 197.311035156, -28.5930252075, 125.202980042, -86.4589157104, 82.7252349854, 164.081558228, 65.9821548462], [-217.046066284, -101.84564209, 319.157012939, 513.78338623, 102.867324829, 7.50672721863, -3.16679930687, -1.14174950123, 63.9275665283, -30.0430831909, 15.9558095932, 74.6333007813, 107.490608215], [-1.8412129879, 66.1992111206, 16.8374004364, 102.867324829, 322.141937256, 29.8416061401, -42.9394111633, 28.8612136841, 70.0185928345, 65.8238830566, 28.3903369904, 14.3136339188, 27.7854175568], [-53.8227424622, -10.7837514877, 261.554870605, 7.50672721863, 29.8416061401, 303.011016846, 149.167282104, 29.0250530243, 66.7936019897, -5.18589735031, 39.2002563477, 42.5087814331, -33.8001060486], [-97.2590560913, 123.223396301, 197.311035156, -3.16679930687, -42.9394111633, 149.167282104, 283.874542236, 43.8639678955, 5.42724227905, 8.60579490662, 54.0477714539, 47.91355896, 13.6538362503], [107.818061829, 71.3019714355, -28.5930252075, -1.14174950123, 28.8612136841, 29.0250530243, 43.8639678955, 176.501556396, 43.9518966675, 0.135174080729, 12.5262546539, 9.90577983856, 0.227822482586], [147.458068848, -86.0993423462, 125.202980042, 63.9275665283, 70.0185928345, 66.7936019897, 5.42724227905, 43.9518966675, 166.846878052, 51.2956161499, 18.3865795135, 19.132932663, -8.75827312469], [274.143829346, 12.8066339493, -86.4589157104, -30.0430831909, 65.8238830566, -5.18589735031, 8.60579490662, 0.135174080729, 51.2956161499, 202.751495361, 26.9803314209, -32.9669570923, -3.1859664917], [32.0238571167, 45.3669204712, 82.7252349854, 15.9558095932, 28.3903369904, 39.2002563477, 54.0477714539, 12.5262546539, 18.3865795135, 26.9803314209, 122.504470825, 34.2206344604, 10.905749321], [-86.3648147583, 19.8386497498, 164.081558228, 74.6333007813, 14.3136339188, 42.5087814331, 47.91355896, 9.90577983856, 19.132932663, -32.9669570923, 34.2206344604, 127.681678772, 34.0733032227], [-109.360778809, 104.525123596, 65.9821548462, 107.490608215, 27.7854175568, -33.8001060486, 13.6538362503, 0.227822482586, -8.75827312469, -3.1859664917, 10.905749321, 34.0733032227, 136.055389404]],
        "icov": [[0.000371499219909, 0.000338932673912, 0.000346243585227, 7.64968499425e-005, 6.87447682139e-005, -9.26514039747e-005, -7.60757466196e-005, -0.000197088360437, -0.000247069605393, -0.000321717612678, -0.000230145320529, -0.000159234550665, -0.000184333446668], [0.000338932673912, 0.00112831091974, 0.000404846214224, 0.000350586138666, -0.000253300968325, -4.20997239416e-005, -0.000453998916782, -0.000444311008323, 0.000188396501471, -0.000249177654041, -0.000349851383362, -0.000182601943379, -0.000900072336663], [0.000346243585227, 0.000404846214224, 0.00231654546224, -0.00075585313607, 0.000317505211569, -0.00111213733908, -0.00080965901725, 0.000790380057879, -0.00141127384268, 0.000547741481569, -0.000700130476616, -0.00109453790355, -0.000567985174712], [7.64968499425e-005, 0.000350586138666, -0.00075585313607, 0.00326025416143, -0.000853677163832, 0.000546668830793, 0.000167311300174, -0.00012362418056, -0.000593227916397, 0.00034384051105, 0.0002076044766, -0.000402288133046, -0.00206951890141], [6.87447682139e-005, -0.000253300968325, 0.000317505211569, -0.000853677163832, 0.00434223888442, -0.00109700090252, 0.00148935092147, -0.000494891311973, -0.000908417045139, -0.00130549818277, -0.000726604543161, -0.000342642975738, -0.000482609844767], [-9.26514039747e-005, -4.20997239416e-005, -0.00111213733908, 0.000546668830793, -0.00109700090252, 0.00625841878355, -0.00280736968853, 9.14606353035e-005, -0.00142053957097, 0.000748571532313, 7.21256510587e-005, -2.13263920159e-005, 0.00205135135911], [-7.60757466196e-005, -0.000453998916782, -0.00080965901725, 0.000167311300174, 0.00148935092147, -0.00280736968853, 0.00659896759316, -0.00162028963678, 0.00169830198865, -0.00143191975076, -0.00114600092638, -0.000735063862521, -0.000761265459005], [-0.000197088360437, -0.000444311008323, 0.000790380057879, -0.00012362418056, -0.000494891311973, 9.14606353035e-005, -0.00162028963678, 0.00725579075515, -0.00272658304311, 0.00153216405306, -0.000146131700603, -0.000113460082503, 7.20189564163e-005], [-0.000247069605393, 0.000188396501471, -0.00141127384268, -0.000593227916397, -0.000908417045139, -0.00142053957097, 0.00169830198865, -0.00272658304311, 0.0101790959015, -0.0028797769919, 0.000381218618713, -0.000572185555939, 0.00117707822938], [-0.000321717612678, -0.000249177654041, 0.000547741481569, 0.00034384051105, -0.00130549818277, 0.000748571532313, -0.00143191975076, 0.00153216405306, -0.0028797769919, 0.00742292497307, -0.00144621450454, 0.00208167801611, -0.000427702907473], [-0.000230145320529, -0.000349851383362, -0.000700130476616, 0.0002076044766, -0.000726604543161, 7.21256510587e-005, -0.00114600092638, -0.000146131700603, 0.000381218618713, -0.00144621450454, 0.0102840559557, -0.00207121553831, 0.000225911542657], [-0.000159234550665, -0.000182601943379, -0.00109453790355, -0.000402288133046, -0.000342642975738, -2.13263920159e-005, -0.000735063862521, -0.000113460082503, -0.000572185555939, 0.00208167801611, -0.00207121553831, 0.0113469650969, -0.00166419753805], [-0.000184333446668, -0.000900072336663, -0.000567985174712, -0.00206951890141, -0.000482609844767, 0.00205135135911, -0.000761265459005, 7.20189564163e-005, 0.00117707822938, -0.000427702907473, 0.000225911542657, -0.00166419753805, 0.0109526179731]]
    },
    "spectral_contrast_coeffs": {
        "mean": [-0.577912032604, -0.701566159725, -0.755941331387, -0.760882854462, -0.776566922665, -0.813575983047],
        "var": [0.00934026855975, 0.0051038833335, 0.00464095920324, 0.00395405106246, 0.00333031406626, 0.00120044569485]
    },
    "spectral_contrast_valleys": {
        "mean": [-7.28784513474, -7.03093671799, -7.91304397583, -8.40563869476, -8.75689411163, -10.9015874863],
        "var": [1.33456790447, 0.680135130882, 0.874741852283, 0.906805038452, 0.941194474697, 1.07031989098]
    }
},
"metadata": {
    "audio_properties": {
        "analysis_sample_rate": 44100,
        "bit_rate": 128074,
        "equal_loudness": 0,
        "length": 45.0612258911,
        "lossless": 0,
        "replay_gain": -5.02546882629,
        "sample_rate": 44100,
        "codec": "mp3",
        "downmix": "mix",
        "md5_encoded": "2f1cc87ef970291b73f67da88b5643a5"
    },
    "tags": {
        "file_name": "1042.mp3"
    },
    "version": {
        "essentia": "2.1-beta2",
        "essentia_git_sha": "v2.1_beta2",
        "extractor": "music 1.0"
    }
},
"rhythm": {
    "beats_count": 75,
    "beats_loudness": {
        "mean": 0.100424237549,
        "var": 0.00568879209459
    },
    "bpm": 101.136863708,
    "bpm_histogram_first_peak_bpm": {
        "mean": 101,
        "var": 0
    },
    "bpm_histogram_first_peak_spread": {
        "mean": 0.445945978165,
        "var": 0
    },
    "bpm_histogram_first_peak_weight": {
        "mean": 0.55405408144,
        "var": 0
    },
    "bpm_histogram_second_peak_bpm": {
        "mean": 0,
        "var": 0
    },
    "bpm_histogram_second_peak_spread": {
        "mean": 0,
        "var": 0
    },
    "bpm_histogram_second_peak_weight": {
        "mean": 0,
        "var": 0
    },
    "danceability": 1.60969543457,
    "onset_rate": 3.85967278481,
    "beats_loudness_band_ratio": {
        "mean": [0.768929004669, 0.0880499333143, 0.0851613581181, 0.0482384599745, 0.0205594804138, 0.0154882334173],
        "var": [0.0602887868881, 0.00775759294629, 0.0109325507656, 0.00762114068493, 0.00116942904424, 0.000622893043328]
    },
    "beats_position": [0.53405892849, 1.10294783115, 1.68344664574, 2.26394557953, 2.85605430603, 3.44816327095, 4.04027223587, 4.63238096237, 5.23609972, 5.8282084465, 6.43192720413, 7.01242637634, 7.61614513397, 8.2198638916, 8.82358264923, 9.42730140686, 10.0194101334, 10.6115188599, 11.1920175552, 11.7725172043, 12.3646259308, 12.9567346573, 13.5488433838, 14.1293420792, 14.7214508057, 15.301949501, 15.9056682587, 16.4977779388, 17.0898857117, 17.693605423, 18.2973232269, 18.8894329071, 19.4815406799, 20.0736503601, 20.6657600403, 21.2578678131, 21.8499774933, 22.4536952972, 23.0458049774, 23.6379127502, 24.2416324615, 24.8337402344, 25.4258499146, 26.0063495636, 26.6100673676, 27.1905670166, 27.7710647583, 28.3515644073, 28.9436721802, 29.5357818604, 30.1394996643, 30.7432193756, 31.3353290558, 31.9274368286, 32.5195465088, 33.111656189, 33.7153739929, 34.3190917969, 34.9112014771, 35.5033111572, 36.1070289612, 36.7107467651, 37.3144645691, 37.9065742493, 38.4986839294, 39.0907936096, 39.6829032898, 40.2750091553, 40.8671188354, 41.4708366394, 42.0629463196, 42.6550559998, 43.2471656799, 43.8392753601, 44.4429931641]
},
"tonal": {
    "chords_changes_rate": 0.0833333358169,
    "chords_number_rate": 0.0123456791043,
    "chords_strength": {
        "mean": 0.537466883659,
        "var": 0.00757844792679
    },
    "hpcp_entropy": {
        "mean": 1.93975436687,
        "var": 0.490733683109
    },
    "key_strength": 0.803112626076,
    "tuning_diatonic_strength": 0.687701582909,
    "tuning_equal_tempered_deviation": 0.115783981979,
    "tuning_frequency": 441.272583008,
    "tuning_nontempered_energy_ratio": 0.770467638969,
    "hpcp": {
        "mean": [0.038843575865, 0.0573747083545, 0.115811191499, 0.14336438477, 0.0912415608764, 0.0422272458673, 0.0304133929312, 0.0417365767062, 0.0757662132382, 0.10478387028, 0.128375053406, 0.252050220966, 0.330367058516, 0.205805972219, 0.0846973434091, 0.0574382580817, 0.0770195648074, 0.126327648759, 0.143651396036, 0.102066233754, 0.0556328892708, 0.04490929842, 0.0861332118511, 0.155391141772, 0.139632210135, 0.0870691537857, 0.104405671358, 0.110985957086, 0.0749687626958, 0.0518151782453, 0.0768731236458, 0.145142361522, 0.218086332083, 0.177559942007, 0.0709321722388, 0.0368031188846],
        "var": [0.0155972642824, 0.024994533509, 0.0546321086586, 0.080219514668, 0.0457310564816, 0.0205644257367, 0.0105757722631, 0.0153837008402, 0.0296854767948, 0.0445228219032, 0.0509423166513, 0.0952721759677, 0.147731915116, 0.0856391042471, 0.0345384553075, 0.0230835154653, 0.031817600131, 0.0583377555013, 0.0660731047392, 0.0517946071923, 0.0232586096972, 0.0176132395864, 0.0348993837833, 0.0754283666611, 0.0608166791499, 0.0348068960011, 0.0540345795453, 0.0671063140035, 0.0397770255804, 0.0231276284903, 0.033895406872, 0.0671272799373, 0.0894073396921, 0.0664748102427, 0.0202330127358, 0.0147637603804]
    },
    "chords_histogram": [30.9670772552, 6.06995868683, 5.86419773102, 8.64197540283, 2.67489719391, 2.77777767181, 0, 0, 1.54320991039, 0, 6.37860059738, 0.823045253754, 0.720164597034, 0, 0, 0, 0, 2.46913576126, 0, 0, 0, 6.68724298477, 12.6543207169, 11.728395462],
    "thpcp": [1, 0.622961521149, 0.256373465061, 0.173861935735, 0.233133301139, 0.382385730743, 0.434823602438, 0.308947980404, 0.168397203088, 0.135937586427, 0.260719746351, 0.470359057188, 0.4226577878, 0.26355278492, 0.316029310226, 0.335947394371, 0.226925656199, 0.156841233373, 0.232690036297, 0.439336657524, 0.660133421421, 0.537462592125, 0.214707151055, 0.111400693655, 0.117577023804, 0.173669576645, 0.350553095341, 0.433954834938, 0.276182383299, 0.127819180489, 0.0920593962073, 0.12633395195, 0.229339495301, 0.317174077034, 0.388583093882, 0.762939929962],
    "chords_key": "C#",
    "chords_scale": "major",
    "key_key": "C#",
    "key_scale": "major"
}
}