{
"lowlevel": {
    "average_loudness": 0.832606554031,
    "barkbands_crest": {
        "mean": 11.4555358887,
        "var": 37.29114151
    },
    "barkbands_flatness_db": {
        "mean": 0.160034939647,
        "var": 0.0047420761548
    },
    "barkbands_kurtosis": {
        "mean": 7.77406406403,
        "var": 311.846221924
    },
    "barkbands_skewness": {
        "mean": 1.70735406876,
        "var": 3.89578509331
    },
    "barkbands_spread": {
        "mean": 21.1680793762,
        "var": 259.136322021
    },
    "dissonance": {
        "mean": 0.470203191042,
        "var": 0.000975702190772
    },
    "dynamic_complexity": 5.17000436783,
    "erbbands_crest": {
        "mean": 8.12338638306,
        "var": 18.6241016388
    },
    "erbbands_flatness_db": {
        "mean": 0.176245138049,
        "var": 0.00350531493314
    },
    "erbbands_kurtosis": {
        "mean": 0.785802602768,
        "var": 9.66140556335
    },
    "erbbands_skewness": {
        "mean": 0.0948359146714,
        "var": 0.852796196938
    },
    "erbbands_spread": {
        "mean": 36.0732116699,
        "var": 557.780456543
    },
    "hfc": {
        "mean": 15.3395233154,
        "var": 1772.79223633
    },
    "melbands_crest": {
        "mean": 16.4121246338,
        "var": 73.1722869873
    },
    "melbands_flatness_db": {
        "mean": 0.224352270365,
        "var": 0.00944053288549
    },
    "melbands_kurtosis": {
        "mean": 23.1975650787,
        "var": 2469.08789063
    },
    "melbands_skewness": {
        "mean": 2.95911288261,
        "var": 8.47958660126
    },
    "melbands_spread": {
        "mean": 25.770357132,
        "var": 565.721618652
    },
    "pitch_salience": {
        "mean": 0.534001231194,
        "var": 0.0308148469776
    },
    "silence_rate_20dB": {
        "mean": 0.998970150948,
        "var": 0.00102881214116
    },
    "silence_rate_30dB": {
        "mean": 0.938722968102,
        "var": 0.0575217492878
    },
    "silence_rate_60dB": {
        "mean": 0.36817714572,
        "var": 0.232624739408
    },
    "spectral_centroid": {
        "mean": 1454.2590332,
        "var": 708346.875
    },
    "spectral_complexity": {
        "mean": 11.6905250549,
        "var": 111.8695755
    },
    "spectral_decrease": {
        "mean": -6.10673422941e-009,
        "var": 1.22483558211e-016
    },
    "spectral_energy": {
        "mean": 0.0244395397604,
        "var": 0.00198808242567
    },
    "spectral_energyband_high": {
        "mean": 0.00103177211713,
        "var": 1.01874147731e-005
    },
    "spectral_energyband_low": {
        "mean": 0.0144037706777,
        "var": 0.00080686743604
    },
    "spectral_energyband_middle_high": {
        "mean": 0.00362259964459,
        "var": 0.000215879073949
    },
    "spectral_energyband_middle_low": {
        "mean": 0.00508701754734,
        "var": 0.000252877769526
    },
    "spectral_entropy": {
        "mean": 7.58857440948,
        "var": 0.289104133844
    },
    "spectral_flux": {
        "mean": 0.0775452554226,
        "var": 0.00700342282653
    },
    "spectral_kurtosis": {
        "mean": 7.16231966019,
        "var": 59.8072128296
    },
    "spectral_rms": {
        "mean": 0.00361493346281,
        "var": 1.07757186925e-005
    },
    "spectral_rolloff": {
        "mean": 1560.32580566,
        "var": 2932253.25
    },
    "spectral_skewness": {
        "mean": 1.71720504761,
        "var": 0.761674165726
    },
    "spectral_spread": {
        "mean": 4077216.25,
        "var": 5.13384749466e+012
    },
    "spectral_strongpeak": {
        "mean": 0.431096583605,
        "var": 0.482696771622
    },
    "zerocrossingrate": {
        "mean": 0.0554468259215,
        "var": 0.00174939690623
    },
    "barkbands": {
        "mean": [0.00240127579309, 0.0114618176594, 0.000888826325536, 0.000459920731373, 0.000814728206024, 0.000837198167574, 0.000857011007611, 0.00123296084348, 0.00078778155148, 0.00101546023507, 0.00102032313589, 0.00027950151707, 0.000276223872788, 0.000207218530704, 0.000188837133464, 0.000161833042512, 0.000180881324923, 0.000140260483022, 0.0001366957149, 0.000157546644914, 0.000158599563292, 0.000209235964576, 0.000224027666263, 0.000202191309654, 0.000116240174975, 2.21357822738e-005, 8.42948111313e-007],
        "var": [5.08596713189e-005, 0.000538858876098, 9.13020630833e-006, 1.3158062302e-006, 2.22695780394e-006, 3.58838997272e-006, 2.73916593869e-005, 5.0613150961e-005, 1.10533983388e-005, 3.25998444168e-005, 3.93769769289e-005, 8.70704695899e-007, 1.71325189058e-006, 3.35468001822e-007, 2.50121757972e-007, 1.64843541484e-007, 2.85207079287e-007, 1.93170976104e-007, 1.7605501057e-007, 2.21130292744e-007, 2.9049417094e-007, 7.13822487342e-007, 5.957821827e-007, 4.11539616607e-007, 1.47083014213e-007, 6.15957684857e-009, 1.24393750509e-011]
    },
    "erbbands": {
        "mean": [0.507588326931, 1.86309766769, 1.3794618845, 1.49030745029, 1.64796578884, 3.03652453423, 4.99453687668, 7.49971342087, 11.891746521, 15.3883647919, 26.8968505859, 19.7814693451, 16.4893760681, 53.9716529846, 26.7277946472, 12.663599968, 12.7881793976, 10.7617731094, 11.2884807587, 8.12710666656, 9.90942955017, 9.72326946259, 7.58416461945, 8.17484855652, 6.1093788147, 7.41859006882, 7.14130496979, 6.08865833282, 7.19862508774, 6.6581864357, 6.31222963333, 4.78536128998, 3.21863412857, 1.63865828514, 0.638712882996, 0.157692208886, 0.0302054677159, 0.00446584261954, 0.000128550993395, 3.4730801417e-005],
        "var": [1.28681588173, 14.1627511978, 14.5301084518, 15.053021431, 13.1049938202, 31.3982181549, 77.3060455322, 410.786804199, 5428.28857422, 4080.83203125, 26664.2207031, 7944.30957031, 4463.54101563, 110095.734375, 19418.734375, 1981.38220215, 3127.7121582, 722.040588379, 1174.41552734, 301.652587891, 708.953796387, 769.088745117, 464.945495605, 836.141296387, 209.325927734, 572.643188477, 441.005767822, 530.336730957, 812.352722168, 603.703979492, 434.924468994, 211.15007019, 120.652130127, 32.7955131531, 4.29528236389, 0.279983252287, 0.0107768196613, 0.000301584863337, 1.98802965201e-007, 4.41867875622e-009]
    },
    "gfcc": {
        "mean": [-87.5828552246, 105.574943542, -127.172088623, 24.9771995544, -53.5968132019, 13.2084531784, -32.8974876404, 5.97120761871, -17.5559196472, 4.63295459747, -11.3234014511, 3.41336655617, -3.48011541367],
        "cov": [[10270.3076172, -2494.8347168, 1164.95031738, 1422.46813965, -896.022583008, 1154.67126465, 93.1270065308, 813.539428711, -9.35402965546, 257.790252686, 241.640029907, 153.364028931, -41.2435874939], [-2494.8347168, 2364.28491211, -189.820953369, -648.377319336, 764.599243164, -482.663452148, 186.908798218, -265.750213623, 291.452545166, -138.168716431, 89.6914672852, -81.9553375244, 90.3407974243], [1164.95031738, -189.820953369, 1678.64526367, 523.429382324, 42.5876121521, 521.309692383, 25.3360691071, 421.932830811, 175.891067505, 189.278366089, 62.8150405884, 22.3297023773, 17.5378780365], [1422.46813965, -648.377319336, 523.429382324, 739.111022949, -44.49168396, 294.254547119, 117.408836365, 153.917114258, -18.2657699585, 104.979682922, 54.4878730774, 22.8167209625, 7.98107099533], [-896.022583008, 764.599243164, 42.5876121521, -44.49168396, 659.852416992, -4.19720029831, 113.596473694, 48.1033744812, 181.778686523, 26.2932510376, 57.7538719177, 0.282616049051, 37.3649177551], [1154.67126465, -482.663452148, 521.309692383, 294.254547119, -4.19720029831, 569.501403809, 86.1464767456, 262.124206543, 81.8514556885, 83.2768096924, 50.1879310608, 30.3650951385, 16.8475646973], [93.1270065308, 186.908798218, 25.3360691071, 117.408836365, 113.596473694, 86.1464767456, 267.108154297, 18.5448379517, 45.0910644531, 9.00757598877, 46.9022140503, 12.3849897385, 30.9308433533], [813.539428711, -265.750213623, 421.932830811, 153.917114258, 48.1033744812, 262.124206543, 18.5448379517, 377.67300415, 125.432495117, 105.789772034, 27.9866275787, 48.4683876038, -2.13051605225], [-9.35402965546, 291.452545166, 175.891067505, -18.2657699585, 181.778686523, 81.8514556885, 45.0910644531, 125.432495117, 208.452453613, 47.1869430542, 71.0322418213, 28.9645938873, 34.0783882141], [257.790252686, -138.168716431, 189.278366089, 104.979682922, 26.2932510376, 83.2768096924, 9.00757598877, 105.789772034, 47.1869430542, 129.661682129, 29.4679470062, 23.4832191467, -0.00598530191928], [241.640029907, 89.6914672852, 62.8150405884, 54.4878730774, 57.7538719177, 50.1879310608, 46.9022140503, 27.9866275787, 71.0322418213, 29.4679470062, 109.66153717, 36.4967727661, 27.5764255524], [153.364028931, -81.9553375244, 22.3297023773, 22.8167209625, 0.282616049051, 30.3650951385, 12.3849897385, 48.4683876038, 28.9645938873, 23.4832191467, 36.4967727661, 84.392539978, 31.6915588379], [-41.2435874939, 90.3407974243, 17.5378780365, 7.98107099533, 37.3649177551, 16.8475646973, 30.9308433533, -2.13051605225, 34.0783882141, -0.00598530191928, 27.5764255524, 31.6915588379, 68.295715332]],
        "icov": [[0.000212881059269, -9.53066846705e-005, 0.000120746255561, -0.000369097979274, 0.000365020270692, -0.000256397150224, 0.000132032611873, -0.000401540281018, 0.000107298175863, 7.56609806558e-005, -0.000427354418207, -5.91454008827e-005, 0.000204446099815], [-9.53066846705e-005, 0.00363950547762, -0.00158315850422, 0.00291926343925, -0.00273244315758, 0.00292694102973, -0.00272070104256, 0.00170878029894, -0.00266321445815, 0.00223136343993, -0.0020183774177, 0.0037589892745, -0.00234828121029], [0.000120746255561, -0.00158315850422, 0.0018627505051, -0.00193988508545, 0.00135511055123, -0.00180216040462, 0.00161330960691, -0.0013923846418, 0.000529746408574, -0.0013911438873, 0.000879925617483, -0.000942323356867, 0.000662056612782], [-0.000369097979274, 0.00291926343925, -0.00193988508545, 0.00515680294484, -0.00258845416829, 0.00207869778387, -0.00316123454832, 0.00165900145657, -0.000382483704016, 0.000608886824921, -0.00207222416066, 0.00308265374042, -0.00220493762754], [0.000365020270692, -0.00273244315758, 0.00135511055123, -0.00258845416829, 0.00467144139111, -0.00214963266626, 0.00140309310518, -0.00167087290902, -9.28437384573e-006, -0.00167950568721, 0.00102081685327, -0.00204192474484, 0.00161614455283], [-0.000256397150224, 0.00292694102973, -0.00180216040462, 0.00207869778387, -0.00214963266626, 0.00584564032033, -0.00292807118967, -9.39105520956e-005, -0.00202861544676, 0.00205866945907, -0.00184662803076, 0.0035180747509, -0.00262392754667], [0.000132032611873, -0.00272070104256, 0.00161330960691, -0.00316123454832, 0.00140309310518, -0.00292807118967, 0.00701058469713, -0.00114554609172, 0.00165342737455, -0.00117336364929, 0.00038404634688, -0.00237013562582, 0.000497275905218], [-0.000401540281018, 0.00170878029894, -0.0013923846418, 0.00165900145657, -0.00167087290902, -9.39105520956e-005, -0.00114554609172, 0.00782880559564, -0.00460590934381, -0.00115925527643, 0.00234692869708, -0.00164527108427, 0.00147517223377], [0.000107298175863, -0.00266321445815, 0.000529746408574, -0.000382483704016, -9.28437384573e-006, -0.00202861544676, 0.00165342737455, -0.00460590934381, 0.0136254513636, -0.00232537044212, -0.00416189432144, -0.00140534446109, -0.00135712849442], [7.56609806558e-005, 0.00223136343993, -0.0013911438873, 0.000608886824921, -0.00167950568721, 0.00205866945907, -0.00117336364929, -0.00115925527643, -0.00232537044212, 0.0129319950938, -0.00305470544845, 0.000727338017896, 0.000343792053172], [-0.000427354418207, -0.0020183774177, 0.000879925617483, -0.00207222416066, 0.00102081685327, -0.00184662803076, 0.00038404634688, 0.00234692869708, -0.00416189432144, -0.00305470544845, 0.0175299551338, -0.00709533737972, 0.00051501969574], [-5.91454008827e-005, 0.0037589892745, -0.000942323356867, 0.00308265374042, -0.00204192474484, 0.0035180747509, -0.00237013562582, -0.00164527108427, -0.00140534446109, 0.000727338017896, -0.00709533737972, 0.022420739755, -0.01069267001], [0.000204446099815, -0.00234828121029, 0.000662056612782, -0.00220493762754, 0.00161614455283, -0.00262392754667, 0.000497275905218, 0.00147517223377, -0.00135712849442, 0.000343792053172, 0.00051501969574, -0.01069267001, 0.022974524647]]
    },
    "melbands": {
        "mean": [0.00388934742659, 0.00130212970544, 0.000247223913902, 0.000172524611116, 0.000165901030414, 0.000165298974025, 0.000179734342964, 0.000203361560125, 0.000197612738702, 0.000118793883303, 7.98703404143e-005, 0.000218403612962, 0.000118428986752, 3.27913512592e-005, 3.16540499625e-005, 2.54725418927e-005, 1.91111921595e-005, 1.8596800146e-005, 1.298119696e-005, 9.8468754004e-006, 1.21722050608e-005, 1.01199284472e-005, 7.96609583631e-006, 6.93205356583e-006, 6.68040911478e-006, 4.79870914205e-006, 4.11722021454e-006, 5.16236877957e-006, 4.5468323151e-006, 4.13246516473e-006, 3.25102405441e-006, 3.8935363591e-006, 4.53130223832e-006, 3.4036274883e-006, 3.377306939e-006, 3.72628710466e-006, 2.75381307802e-006, 2.61741615759e-006, 1.52500035711e-006, 1.28660883547e-006],
        "var": [6.61973826936e-005, 7.63258231018e-006, 4.05727575981e-007, 1.16806489814e-007, 7.60486287277e-008, 1.82337686283e-007, 1.27789053295e-006, 8.6202106786e-007, 1.31956312543e-006, 2.75064479638e-007, 1.09403501369e-007, 1.79602500339e-006, 4.61869888113e-007, 1.23342855929e-008, 1.62686202287e-008, 1.20143903715e-008, 2.19464002527e-009, 3.60534579968e-009, 9.62236401669e-010, 4.62956922798e-010, 1.28220700724e-009, 9.07217689861e-010, 4.66770011531e-010, 6.37997210617e-010, 6.39948483094e-010, 1.63126415154e-010, 1.25485621894e-010, 2.88435386686e-010, 1.66082342323e-010, 2.83784995503e-010, 1.60234353563e-010, 2.61769689258e-010, 3.28366306368e-010, 1.58614482659e-010, 1.15272826007e-010, 1.75902889477e-010, 7.26242677107e-011, 9.18440393183e-011, 2.45435841789e-011, 2.16496976596e-011]
    },
    "mfcc": {
        "mean": [-725.343200684, 134.643295288, -10.8542566299, 15.6878890991, 1.80048537254, 7.46360492706, -1.48820507526, 2.07171726227, 1.73936247826, 1.8643001318, -1.70847213268, 1.99623596668, 0.78323918581],
        "cov": [[9703.54492188, -3024.57202148, 1372.54858398, 251.460754395, -229.624328613, 216.228363037, 377.890045166, 483.203277588, 23.7289810181, 282.248504639, 203.44380188, 256.069458008, 114.032905579], [-3024.57202148, 2740.0871582, -723.269165039, -105.208030701, 303.325866699, -118.702110291, -154.718444824, -87.9231719971, 91.1474838257, -95.2905578613, 35.9217681885, 38.9590606689, 30.5452728271], [1372.54858398, -723.269165039, 1654.37792969, 155.35559082, 222.153015137, 149.345687866, 166.241333008, 191.722351074, 147.152450562, 239.81817627, 84.2148132324, 120.670120239, 115.985328674], [251.460754395, -105.208030701, 155.35559082, 499.269165039, 58.6177330017, 95.3571472168, 104.605888367, 11.0351953506, 34.694442749, 15.8497056961, 56.8572120667, 28.5310821533, 44.3995094299], [-229.624328613, 303.325866699, 222.153015137, 58.6177330017, 492.674865723, 71.0764389038, 46.1066970825, 103.949134827, 129.707107544, 124.335250854, 81.8387756348, 102.899917603, 78.8947067261], [216.228363037, -118.702110291, 149.345687866, 95.3571472168, 71.0764389038, 262.19708252, 146.8230896, 66.7642211914, 41.5155334473, 59.1553840637, 41.3945159912, 17.1119289398, -7.46541643143], [377.890045166, -154.718444824, 166.241333008, 104.605888367, 46.1066970825, 146.8230896, 203.044219971, 98.6326217651, 56.864151001, 67.6711273193, 51.7717781067, 23.4629325867, 9.97663402557], [483.203277588, -87.9231719971, 191.722351074, 11.0351953506, 103.949134827, 66.7642211914, 98.6326217651, 211.462005615, 105.242134094, 86.9572067261, 61.8698501587, 60.2139472961, 40.3407440186], [23.7289810181, 91.1474838257, 147.152450562, 34.694442749, 129.707107544, 41.5155334473, 56.864151001, 105.242134094, 152.886032104, 88.4276809692, 55.2578201294, 56.0230941772, 52.1706771851], [282.248504639, -95.2905578613, 239.81817627, 15.8497056961, 124.335250854, 59.1553840637, 67.6711273193, 86.9572067261, 88.4276809692, 147.938049316, 67.1118774414, 51.2156028748, 48.2361526489], [203.44380188, 35.9217681885, 84.2148132324, 56.8572120667, 81.8387756348, 41.3945159912, 51.7717781067, 61.8698501587, 55.2578201294, 67.1118774414, 109.172935486, 66.5032806396, 38.7608184814], [256.069458008, 38.9590606689, 120.670120239, 28.5310821533, 102.899917603, 17.1119289398, 23.4629325867, 60.2139472961, 56.0230941772, 51.2156028748, 66.5032806396, 114.399078369, 56.4493026733], [114.032905579, 30.5452728271, 115.985328674, 44.3995094299, 78.8947067261, -7.46541643143, 9.97663402557, 40.3407440186, 52.1706771851, 48.2361526489, 38.7608184814, 56.4493026733, 95.3377838135]],
        "icov": [[0.000203760602744, 0.000181610579602, -3.89416054531e-005, -3.73643815692e-005, 0.000128508021589, 5.91082462051e-005, -6.49325593258e-005, -0.000368166278349, 0.000297373015201, -6.48174027447e-005, -0.000115032555186, -0.00043315810035, -2.95736799671e-006], [0.000181610579602, 0.000722208002117, 0.00017985557497, 0.000116921000881, -0.000359845260391, 9.52487898758e-005, 7.95032829046e-005, 5.75563353777e-005, -0.000503132177982, 0.000711925968062, -0.000577988335863, -0.000278614839772, -0.000134222296765], [-3.89416054531e-005, 0.00017985557497, 0.000967588275671, -0.000170806917595, -0.000180751070729, -0.000104049970105, -6.57673008391e-005, -8.11748177512e-005, -7.04995836713e-005, -0.00110217893962, 0.000707643281203, -0.000418859650381, -0.000369451736333], [-3.73643815692e-005, 0.000116921000881, -0.000170806917595, 0.00274236057885, -0.000336850818712, -0.000433881446952, -0.00134020030964, 0.00119856873062, -0.000703716126736, 0.00188764987979, -0.00160140765365, 0.000744172954001, -0.00154375936836], [0.000128508021589, -0.000359845260391, -0.000180751070729, -0.000336850818712, 0.00358572974801, -0.000684148923028, 0.00070741091622, -0.000635090458672, -0.000449905084679, -0.00206451956183, 0.000507357006427, -0.00181127700489, -0.000330887793098], [5.91082462051e-005, 9.52487898758e-005, -0.000104049970105, -0.000433881446952, -0.000684148923028, 0.0069456230849, -0.00452879769728, 0.000185327400686, 0.000236947395024, -0.000763801799621, -0.000162122276379, -0.000329492759192, 0.00225074565969], [-6.49325593258e-005, 7.95032829046e-005, -6.57673008391e-005, -0.00134020030964, 0.00070741091622, -0.00452879769728, 0.0112797049806, -0.00312849693, -0.000442683347501, -0.00143152591772, -0.001462787739, 0.00120618043002, 0.000806789728813], [-0.000368166278349, 5.75563353777e-005, -8.11748177512e-005, 0.00119856873062, -0.000635090458672, 0.000185327400686, -0.00312849693, 0.0102046169341, -0.00516309123486, 0.000434785411926, -0.00103499367833, -0.000609556969721, -0.000100915589428], [0.000297373015201, -0.000503132177982, -7.04995836713e-005, -0.000703716126736, -0.000449905084679, 0.000236947395024, -0.000442683347501, -0.00516309123486, 0.0151786739007, -0.00535008730367, 0.000655616691802, -0.00140341289807, -0.00219390005805], [-6.48174027447e-005, 0.000711925968062, -0.00110217893962, 0.00188764987979, -0.00206451956183, -0.000763801799621, -0.00143152591772, 0.000434785411926, -0.00535008730367, 0.0176304318011, -0.00671434774995, 0.0027130797971, -0.0029433593154], [-0.000115032555186, -0.000577988335863, 0.000707643281203, -0.00160140765365, 0.000507357006427, -0.000162122276379, -0.001462787739, -0.00103499367833, 0.000655616691802, -0.00671434774995, 0.0195626839995, -0.00836751237512, 0.000405408500228], [-0.00043315810035, -0.000278614839772, -0.000418859650381, 0.000744172954001, -0.00181127700489, -0.000329492759192, 0.00120618043002, -0.000609556969721, -0.00140341289807, 0.0027130797971, -0.00836751237512, 0.0192115828395, -0.00620276900008], [-2.95736799671e-006, -0.000134222296765, -0.000369451736333, -0.00154375936836, -0.000330887793098, 0.00225074565969, 0.000806789728813, -0.000100915589428, -0.00219390005805, -0.0029433593154, 0.000405408500228, -0.00620276900008, 0.0183098632842]]
    },
    "spectral_contrast_coeffs": {
        "mean": [-0.701569974422, -0.778099179268, -0.810792207718, -0.819597959518, -0.809928297997, -0.76935082674],
        "var": [0.0106516992673, 0.00420752028003, 0.00232125702314, 0.00106354872696, 0.00174911203794, 0.0033771074377]
    },
    "spectral_contrast_valleys": {
        "mean": [-8.04587936401, -7.19819927216, -7.60503005981, -7.95852994919, -8.29959201813, -11.1908407211],
        "var": [2.49335622787, 1.00354146957, 0.993292093277, 0.9204890728, 1.41841840744, 3.02967309952]
    }
},
"metadata": {
    "audio_properties": {
        "analysis_sample_rate": 44100,
        "bit_rate": 128074,
        "equal_loudness": 0,
        "length": 45.0612258911,
        "lossless": 0,
        "replay_gain": -6.36583709717,
        "sample_rate": 44100,
        "codec": "mp3",
        "downmix": "mix",
        "md5_encoded": "7f6015a8a125b86b953fa79c5fb30470"
    },
    "tags": {
        "file_name": "1043.mp3"
    },
    "version": {
        "essentia": "2.1-beta2",
        "essentia_git_sha": "v2.1_beta2",
        "extractor": "music 1.0"
    }
},
"rhythm": {
    "beats_count": 123,
    "beats_loudness": {
        "mean": 0.0630593001842,
        "var": 0.0030447114259
    },
    "bpm": 164.307739258,
    "bpm_histogram_first_peak_bpm": {
        "mean": 167,
        "var": 0
    },
    "bpm_histogram_first_peak_spread": {
        "mean": 0,
        "var": 0
    },
    "bpm_histogram_first_peak_weight": {
        "mean": 0.50819671154,
        "var": 0
    },
    "bpm_histogram_second_peak_bpm": {
        "mean": 161,
        "var": 0
    },
    "bpm_histogram_second_peak_spread": {
        "mean": 0,
        "var": 0
    },
    "bpm_histogram_second_peak_weight": {
        "mean": 0.434426218271,
        "var": 0
    },
    "danceability": 1.44076168537,
    "onset_rate": 4.45858764648,
    "beats_loudness_band_ratio": {
        "mean": [0.639083325863, 0.0879128724337, 0.0995035618544, 0.0624832734466, 0.0484870411456, 0.0727738514543],
        "var": [0.118133790791, 0.0107525214553, 0.0210535507649, 0.00612719496712, 0.005281384103, 0.00655873771757]
    },
    "beats_position": [0.394739210606, 0.801088392735, 1.20743763447, 1.57895684242, 1.95047616959, 2.32199549675, 2.69351458549, 3.05342388153, 3.41333317757, 3.7732424736, 4.14476203918, 4.5046710968, 4.87619018555, 5.24770975113, 5.60761880875, 5.9675283432, 6.33904743195, 6.6989569664, 7.05886602402, 7.4303855896, 7.79029464722, 8.15020370483, 8.52172279358, 8.893242836, 9.25315189362, 9.61306095123, 9.97297000885, 10.3328800201, 10.7043991089, 11.0759181976, 11.4358272552, 11.7957363129, 12.1556463242, 12.5155553818, 12.8870744705, 13.2469835281, 13.6068935394, 13.9784126282, 14.3499317169, 14.7098407745, 15.0697498322, 15.4412698746, 15.8011789322, 16.1610889435, 16.5326080322, 16.8925170898, 17.2524261475, 17.6239452362, 17.9838542938, 18.3437633514, 18.7152824402, 19.0751914978, 19.4118824005, 19.7834014893, 20.154920578, 20.5264396667, 20.8979587555, 21.2694778442, 21.640996933, 22.0125160217, 22.3724250793, 22.7323360443, 23.0922451019, 23.4521541595, 23.800453186, 24.1719722748, 24.5434913635, 24.9150104523, 25.2749195099, 25.6348285675, 26.0063495636, 26.3662586212, 26.7261676788, 27.0976867676, 27.4692058563, 27.8291149139, 28.1890239716, 28.5489330292, 28.9088420868, 29.2687530518, 29.6286621094, 30.0001811981, 30.3717002869, 30.7316093445, 31.0682983398, 31.4398174286, 31.8113365173, 32.1828575134, 32.5543746948, 32.9258956909, 33.2974128723, 33.6573219299, 34.0172348022, 34.3771438599, 34.7370529175, 35.0969619751, 35.4568710327, 35.8283882141, 36.1999092102, 36.5714263916, 36.9313354492, 37.2912483215, 37.6511573792, 38.0110664368, 38.3825836182, 38.7424926758, 39.1140136719, 39.4739227295, 39.8454399109, 40.2053489685, 40.5652618408, 40.9251708984, 41.2850799561, 41.6565971375, 42.0281181335, 42.3764152527, 42.7247161865, 43.0962333679, 43.467754364, 43.8392753601, 44.1991844177, 44.5590934753, 44.9306106567]
},
"tonal": {
    "chords_changes_rate": 0.091563783586,
    "chords_number_rate": 0.00823045242578,
    "chords_strength": {
        "mean": 0.521257042885,
        "var": 0.0115133095533
    },
    "hpcp_entropy": {
        "mean": 2.44388389587,
        "var": 0.643290698528
    },
    "key_strength": 0.733442723751,
    "tuning_diatonic_strength": 0.498693287373,
    "tuning_equal_tempered_deviation": 0.236671894789,
    "tuning_frequency": 434.193115234,
    "tuning_nontempered_energy_ratio": 0.89831495285,
    "hpcp": {
        "mean": [0.320526689291, 0.374342560768, 0.260169655085, 0.166215077043, 0.136866360903, 0.141392946243, 0.16211412847, 0.160645782948, 0.141426116228, 0.142398193479, 0.11874487251, 0.106206037104, 0.150326251984, 0.177311003208, 0.170399308205, 0.188873767853, 0.19524782896, 0.156530186534, 0.125609368086, 0.124136529863, 0.129412323236, 0.139305219054, 0.142337456346, 0.183503836393, 0.248743623495, 0.190152406693, 0.109822057188, 0.140149667859, 0.159310221672, 0.11519754678, 0.104304730892, 0.118754342198, 0.116776868701, 0.130595445633, 0.139217853546, 0.175645291805],
        "var": [0.11010543257, 0.13947211206, 0.0868698209524, 0.055864688009, 0.0406089015305, 0.0395011678338, 0.0525443218648, 0.0537877120078, 0.0426538512111, 0.0497177429497, 0.0394556820393, 0.0307037699968, 0.0527995824814, 0.0686134919524, 0.0593970306218, 0.0628660842776, 0.0711191222072, 0.0451158508658, 0.0347364880145, 0.0404261723161, 0.0386111214757, 0.0417889691889, 0.0425302833319, 0.0510168336332, 0.116944171488, 0.0661954507232, 0.0316917076707, 0.038206178695, 0.0525646694005, 0.0247875116765, 0.0340707227588, 0.0454980991781, 0.0383208803833, 0.0477288030088, 0.0524348132312, 0.0520766973495]
    },
    "chords_histogram": [10.2880659103, 16.1522636414, 5.04115247726, 0, 0, 0, 0, 28.6008224487, 6.79012346268, 22.6337451935, 0, 0, 0, 0.514403283596, 0, 0, 5.04115247726, 3.90946507454, 0, 0, 0.205761313438, 0, 0, 0.823045253754],
    "thpcp": [1, 0.695004224777, 0.444018632174, 0.365617960691, 0.377710044384, 0.433063566685, 0.429141104221, 0.377798646688, 0.380395412445, 0.317209124565, 0.283713489771, 0.40157404542, 0.473659753799, 0.455196201801, 0.504547953606, 0.521575272083, 0.418146908283, 0.335546582937, 0.331612110138, 0.345705598593, 0.372132986784, 0.380233168602, 0.490202963352, 0.664481282234, 0.507963657379, 0.293373137712, 0.374388813972, 0.425573348999, 0.307732969522, 0.278634428978, 0.317234426737, 0.311951875687, 0.348866134882, 0.371899604797, 0.469210058451, 0.85623896122],
    "chords_key": "D",
    "chords_scale": "major",
    "key_key": "D",
    "key_scale": "minor"
}
}