{
"lowlevel": {
    "average_loudness": 0.947753608227,
    "barkbands_crest": {
        "mean": 10.5073451996,
        "var": 17.6019744873
    },
    "barkbands_flatness_db": {
        "mean": 0.127587124705,
        "var": 0.00148167437874
    },
    "barkbands_kurtosis": {
        "mean": 4.14953804016,
        "var": 63.1696929932
    },
    "barkbands_skewness": {
        "mean": 1.66595745087,
        "var": 1.33724892139
    },
    "barkbands_spread": {
        "mean": 21.0766563416,
        "var": 113.198348999
    },
    "dissonance": {
        "mean": 0.458677500486,
        "var": 0.000560348387808
    },
    "dynamic_complexity": 2.89532423019,
    "erbbands_crest": {
        "mean": 8.67806720734,
        "var": 18.9546890259
    },
    "erbbands_flatness_db": {
        "mean": 0.158552646637,
        "var": 0.00164701556787
    },
    "erbbands_kurtosis": {
        "mean": -0.25994348526,
        "var": 3.29432582855
    },
    "erbbands_skewness": {
        "mean": 0.308242201805,
        "var": 0.487169325352
    },
    "erbbands_spread": {
        "mean": 43.784702301,
        "var": 248.722045898
    },
    "hfc": {
        "mean": 16.1173686981,
        "var": 207.618789673
    },
    "melbands_crest": {
        "mean": 15.0856199265,
        "var": 32.3885116577
    },
    "melbands_flatness_db": {
        "mean": 0.187442749739,
        "var": 0.00222120853141
    },
    "melbands_kurtosis": {
        "mean": 13.8380451202,
        "var": 368.912658691
    },
    "melbands_skewness": {
        "mean": 2.7849946022,
        "var": 2.35380172729
    },
    "melbands_spread": {
        "mean": 22.9056968689,
        "var": 274.161132813
    },
    "pitch_salience": {
        "mean": 0.535184383392,
        "var": 0.0132547672838
    },
    "silence_rate_20dB": {
        "mean": 1,
        "var": 0
    },
    "silence_rate_30dB": {
        "mean": 0.99794024229,
        "var": 0.00205553648993
    },
    "silence_rate_60dB": {
        "mean": 0.0916580855846,
        "var": 0.0832582786679
    },
    "spectral_centroid": {
        "mean": 1358.6472168,
        "var": 485507.84375
    },
    "spectral_complexity": {
        "mean": 15.2353248596,
        "var": 60.8226623535
    },
    "spectral_decrease": {
        "mean": -5.05905362047e-009,
        "var": 2.07541849077e-017
    },
    "spectral_energy": {
        "mean": 0.0205559562892,
        "var": 0.000329966278514
    },
    "spectral_energyband_high": {
        "mean": 0.000626148248557,
        "var": 6.73835870657e-007
    },
    "spectral_energyband_low": {
        "mean": 0.00388029008172,
        "var": 3.8051566662e-005
    },
    "spectral_energyband_middle_high": {
        "mean": 0.00393477967009,
        "var": 1.74625947693e-005
    },
    "spectral_energyband_middle_low": {
        "mean": 0.0139236673713,
        "var": 0.000208288824069
    },
    "spectral_entropy": {
        "mean": 7.4370136261,
        "var": 0.128576174378
    },
    "spectral_flux": {
        "mean": 0.0742127299309,
        "var": 0.00164664990734
    },
    "spectral_kurtosis": {
        "mean": 3.52146649361,
        "var": 3.44148659706
    },
    "spectral_rms": {
        "mean": 0.00405764207244,
        "var": 3.59013392881e-006
    },
    "spectral_rolloff": {
        "mean": 1456.87426758,
        "var": 1334272.75
    },
    "spectral_skewness": {
        "mean": 1.31838846207,
        "var": 0.129839912057
    },
    "spectral_spread": {
        "mean": 4428297.5,
        "var": 2.15403580621e+012
    },
    "spectral_strongpeak": {
        "mean": 1.01915168762,
        "var": 1.21829295158
    },
    "zerocrossingrate": {
        "mean": 0.0570265725255,
        "var": 0.000656377116684
    },
    "barkbands": {
        "mean": [5.82434695389e-005, 0.0011595695978, 0.000943992170505, 0.00400817813352, 0.00332464720123, 0.00145057053305, 0.00206675310619, 0.0018231801223, 0.00105538254138, 0.000579619081691, 0.000241039597313, 0.000517694163136, 0.000526691786945, 0.000382553116651, 0.00025407053181, 0.000200289447093, 0.000338553712936, 0.000392848072806, 0.000390422093915, 0.000333648058586, 0.000223510185606, 0.000147904385813, 7.16228387319e-005, 3.25210639858e-005, 2.24799823627e-005, 8.31704073789e-006, 1.66076745245e-006],
        "var": [1.43372247408e-007, 8.86605357664e-006, 4.04190359404e-006, 5.95914207224e-005, 3.25449982483e-005, 6.0095921981e-006, 2.21994851017e-005, 1.59548471856e-005, 4.60946375824e-006, 1.49873108057e-006, 1.48285266732e-007, 8.47902697387e-007, 6.83664666212e-007, 5.18931528859e-007, 1.73810008164e-007, 1.40927099324e-007, 1.23771178551e-006, 5.39186771675e-007, 3.87887610032e-007, 3.7274756437e-007, 1.11755149135e-007, 4.88704969825e-008, 1.67996923039e-008, 5.16263476413e-009, 2.7977726802e-009, 3.07322528537e-010, 1.82551786188e-011]
    },
    "erbbands": {
        "mean": [0.0178891029209, 0.313954651356, 1.1101641655, 7.40663576126, 11.6440954208, 10.0515489578, 13.2022781372, 12.6974420547, 21.5025081635, 46.6087341309, 33.1040420532, 22.0842475891, 21.5280189514, 14.5113668442, 10.6550331116, 23.8817539215, 25.2068462372, 21.0387172699, 14.2173862457, 12.8767633438, 12.6169261932, 19.3309307098, 16.7848644257, 24.3068580627, 19.8380432129, 16.7469902039, 7.49148368835, 10.3006849289, 5.36055469513, 3.52352428436, 1.93580102921, 0.763731479645, 0.526183307171, 0.3027972579, 0.128031551838, 0.0387650839984, 0.013296158053, 0.00516152195632, 0.000171609106474, 2.82022119791e-005],
        "var": [0.00277161458507, 0.621726691723, 5.2547955513, 176.450012207, 471.7159729, 400.585693359, 548.688781738, 581.757446289, 1351.09301758, 11220.9091797, 4663.20361328, 2077.83276367, 1724.33215332, 805.00189209, 208.299636841, 1904.06433105, 1441.97277832, 1315.91088867, 606.165100098, 330.118530273, 499.379302979, 5641.63134766, 632.277770996, 1956.5723877, 1043.18347168, 1139.33642578, 98.9728240967, 302.17175293, 54.95495224, 31.4578952789, 14.4536180496, 2.36916065216, 1.41020286083, 0.579518079758, 0.060603518039, 0.0056456355378, 0.000848324038088, 0.000158737762831, 1.78765574788e-007, 6.53269327522e-010]
    },
    "gfcc": {
        "mean": [-17.6190986633, 93.1726760864, -126.538879395, 38.1584205627, -64.9957580566, 4.14497756958, -34.9488258362, 0.349537730217, -27.1228141785, 0.716152489185, -17.6071872711, -4.67362976074, -17.5677394867],
        "cov": [[4938.01855469, -273.119598389, -398.632110596, -38.9128074646, -127.328460693, -175.082443237, -68.3267059326, 53.5609931946, -22.2410526276, -4.33926010132, -79.5233001709, 66.0669631958, -103.004806519], [-273.119598389, 736.536376953, -199.101257324, -108.121536255, 104.324539185, -45.3950157166, -33.9970664978, -137.875427246, 40.9160728455, -57.2602729797, 102.30078125, -54.1558227539, 62.8937149048], [-398.632110596, -199.101257324, 768.366943359, 45.1973075867, 61.9174156189, 217.911880493, -78.3409729004, -30.599105835, -132.521774292, 2.73799824715, -92.8498535156, 41.6913948059, -35.6298294067], [-38.9128074646, -108.121536255, 45.1973075867, 254.546630859, -5.02618265152, -3.95881795883, 95.3999099731, 64.2047729492, 26.365354538, -14.5286502838, -26.5965576172, -22.7543563843, -1.15264594555], [-127.328460693, 104.324539185, 61.9174156189, -5.02618265152, 175.059387207, 87.2163467407, -18.0230140686, -51.051448822, -34.547454834, -23.763710022, 0.661556184292, 7.37046480179, 3.18998265266], [-175.082443237, -45.3950157166, 217.911880493, -3.95881795883, 87.2163467407, 200.46257019, -21.8589096069, -37.4024543762, -60.470954895, -14.2071008682, -34.0584220886, 18.0099220276, 0.134590342641], [-68.3267059326, -33.9970664978, -78.3409729004, 95.3999099731, -18.0230140686, -21.8589096069, 160.148971558, 106.702072144, 69.1701660156, 5.51554012299, -5.03733921051, -27.0496616364, -9.39549350739], [53.5609931946, -137.875427246, -30.599105835, 64.2047729492, -51.051448822, -37.4024543762, 106.702072144, 182.065322876, 88.9140396118, 38.3011512756, -16.170715332, -20.3881664276, -23.6913414001], [-22.2410526276, 40.9160728455, -132.521774292, 26.365354538, -34.547454834, -60.470954895, 69.1701660156, 88.9140396118, 136.065139771, 42.7531242371, 26.0601844788, -20.7859535217, -1.19322514534], [-4.33926010132, -57.2602729797, 2.73799824715, -14.5286502838, -23.763710022, -14.2071008682, 5.51554012299, 38.3011512756, 42.7531242371, 97.4793243408, 39.708530426, 21.9593753815, -12.6151695251], [-79.5233001709, 102.30078125, -92.8498535156, -26.5965576172, 0.661556184292, -34.0584220886, -5.03733921051, -16.170715332, 26.0601844788, 39.708530426, 95.657661438, 30.4804534912, 18.8747081757], [66.0669631958, -54.1558227539, 41.6913948059, -22.7543563843, 7.37046480179, 18.0099220276, -27.0496616364, -20.3881664276, -20.7859535217, 21.9593753815, 30.4804534912, 83.834312439, 27.4515705109], [-103.004806519, 62.8937149048, -35.6298294067, -1.15264594555, 3.18998265266, 0.134590342641, -9.39549350739, -23.6913414001, -1.19322514534, -12.6151695251, 18.8747081757, 27.4515705109, 74.7044754028]],
        "icov": [[0.000276616076007, -0.000155552450451, 0.000345680600731, -0.000182452815352, 0.000166217199876, 3.1963129004e-005, 0.000377941236366, -0.000287633796688, 0.000256980652921, -9.84540893114e-005, 0.000787536089774, -0.000956216652412, 0.000763462041505], [-0.000155552450451, 0.00426166085526, -0.000991192646325, 0.00198318553157, -0.00236742780544, 0.00118746783119, -0.00123689661268, 0.00336465099826, -0.00335144205019, 0.00322520383634, -0.00575867388397, 0.00581888342276, -0.0034262619447], [0.000345680600731, -0.000991192646325, 0.0032663566526, -0.00158482720144, 0.000860115687829, -0.00243811565451, 0.00210530986078, -0.00173492229078, 0.00248003192246, -0.00202768133022, 0.00374496495351, -0.00329180434346, 0.0024874212686], [-0.000182452815352, 0.00198318553157, -0.00158482720144, 0.00661668134853, -0.00141587795224, 0.0014962782152, -0.00438275141641, 0.00158553593792, -0.00164584827144, 0.00219586351886, -0.00243644719012, 0.00365109997801, -0.00294717447832], [0.000166217199876, -0.00236742780544, 0.000860115687829, -0.00141587795224, 0.00946430955082, -0.0044856951572, 0.000552449666429, -0.000332992669428, 0.00136382994242, 0.000120847296785, 0.00149960722774, -0.00350738526322, 0.00313068204559], [3.1963129004e-005, 0.00118746783119, -0.00243811565451, 0.0014962782152, -0.0044856951572, 0.010160070844, -0.00227707577869, 0.0018980524037, 0.000273764482699, -0.000143657787703, 0.00080232572509, 0.000809256569482, -0.00212659942918], [0.000377941236366, -0.00123689661268, 0.00210530986078, -0.00438275141641, 0.000552449666429, -0.00227707577869, 0.0150296473876, -0.00797690916806, -0.000768859230448, 0.00137585378252, 0.00075779017061, -0.00161622662563, 0.0024624816142], [-0.000287633796688, 0.00336465099826, -0.00173492229078, 0.00158553593792, -0.000332992669428, 0.0018980524037, -0.00797690916806, 0.0166971255094, -0.00832484290004, -0.000849587260745, -0.000237461965298, 0.00344313913956, -0.00121120014228], [0.000256980652921, -0.00335144205019, 0.00248003192246, -0.00164584827144, 0.00136382994242, 0.000273764482699, -0.000768859230448, -0.00832484290004, 0.0193637069315, -0.00800793804228, 0.00260732928291, -0.000562229950447, 4.2677987949e-005], [-9.84540893114e-005, 0.00322520383634, -0.00202768133022, 0.00219586351886, 0.000120847296785, -0.000143657787703, 0.00137585378252, -0.000849587260745, -0.00800793804228, 0.0217351187021, -0.0123840626329, -7.43627970223e-005, 0.00281315809116], [0.000787536089774, -0.00575867388397, 0.00374496495351, -0.00243644719012, 0.00149960722774, 0.00080232572509, 0.00075779017061, -0.000237461965298, 0.00260732928291, -0.0123840626329, 0.0289189871401, -0.0148270325735, 0.00372939859517], [-0.000956216652412, 0.00581888342276, -0.00329180434346, 0.00365109997801, -0.00350738526322, 0.000809256569482, -0.00161622662563, 0.00344313913956, -0.000562229950447, -7.43627970223e-005, -0.0148270325735, 0.0292863659561, -0.0137312654406], [0.000763462041505, -0.0034262619447, 0.0024874212686, -0.00294717447832, 0.00313068204559, -0.00212659942918, 0.0024624816142, -0.00121120014228, 4.2677987949e-005, 0.00281315809116, 0.00372939859517, -0.0137312654406, 0.0228392407298]]
    },
    "melbands": {
        "mean": [0.000249040604103, 0.00051681289915, 0.00151700899005, 0.000685597362462, 0.000517576467246, 0.000286258989945, 0.000370160181774, 0.000497350469232, 0.000253884936683, 0.000138508461532, 0.000107836574898, 6.105540524e-005, 3.05077373923e-005, 5.2481835155e-005, 6.8969282438e-005, 4.53484208265e-005, 3.93384216295e-005, 2.20649835683e-005, 1.9746070393e-005, 1.57704671437e-005, 1.41110931509e-005, 2.17612578126e-005, 1.37112783705e-005, 1.79415237653e-005, 1.96296659851e-005, 1.60289182531e-005, 1.28020019474e-005, 1.00898369055e-005, 4.31011812907e-006, 5.56274471819e-006, 5.72713042857e-006, 3.33673165187e-006, 2.13058751797e-006, 1.80066706434e-006, 1.29639511215e-006, 5.56051986678e-007, 4.34824585227e-007, 3.70535218508e-007, 3.27781265241e-007, 2.32916022469e-007],
        "var": [4.41645937599e-007, 1.29846728214e-006, 7.28027544028e-006, 1.23032884858e-006, 1.00134104741e-006, 2.77562691053e-007, 4.67261486392e-007, 1.20667993997e-006, 2.97357303225e-007, 9.65102628925e-008, 4.44909282749e-008, 1.66247069444e-008, 1.78440939802e-009, 1.03622888048e-008, 1.32441799749e-008, 4.77265071908e-009, 5.61459989612e-009, 2.02174188502e-009, 9.17817599699e-010, 7.40865424564e-010, 7.01366131839e-010, 7.61529062032e-009, 8.27313939578e-010, 9.95232340983e-010, 1.50371659569e-009, 1.0627125846e-009, 5.2236009962e-010, 4.54351223311e-010, 4.80908472766e-011, 8.87801221428e-011, 9.28225135644e-011, 2.69069870551e-011, 9.69028763481e-012, 9.29375760378e-012, 8.32768229375e-012, 1.00777513504e-012, 1.23893159187e-012, 6.46403666271e-013, 9.32824997801e-013, 2.81186071606e-013]
    },
    "mfcc": {
        "mean": [-655.968444824, 116.837615967, -4.75407266617, 30.7166957855, -7.75945281982, 6.14948034286, -2.40995168686, -1.71285903454, -6.35911464691, -2.52031755447, 1.79982709885, -2.28964161873, -4.30551147461],
        "cov": [[4475.92382813, -222.801422119, -459.790710449, 46.3416290283, -199.535064697, -214.834136963, -177.461578369, -8.56799602509, -29.0262832642, -72.4807052612, 88.4163208008, -32.6561508179, -17.2550792694], [-222.801422119, 692.762207031, -150.133483887, -124.817810059, 110.047027588, 37.8470458984, -22.9241371155, -79.6027374268, -71.3351669312, -84.5295562744, -55.4978790283, 40.1128234863, 13.7017669678], [-459.790710449, -150.133483887, 562.945495605, -17.3859596252, 106.284835815, 96.2186355591, 75.5674438477, 19.8007392883, 31.4286556244, -5.0702495575, -57.1315002441, -22.7259902954, -17.8212718964], [46.3416290283, -124.817810059, -17.3859596252, 246.196334839, -78.9615859985, -42.5222015381, 7.70129966736, 52.9207000732, 45.0367507935, 66.3469314575, 46.8513641357, -2.15118360519, 17.4559612274], [-199.535064697, 110.047027588, 106.284835815, -78.9615859985, 206.08605957, 110.201530457, 38.3399925232, -19.2766246796, -28.5049438477, -62.0124015808, -53.0982208252, -8.99990844727, -25.1595611572], [-214.834136963, 37.8470458984, 96.2186355591, -42.5222015381, 110.201530457, 164.329437256, 55.3097038269, 2.04921984673, -15.8328170776, -44.5534210205, -41.615524292, -15.5015201569, -24.8662948608], [-177.461578369, -22.9241371155, 75.5674438477, 7.70129966736, 38.3399925232, 55.3097038269, 97.5310516357, 35.7628173828, 11.6329813004, 6.23152589798, -11.0119543076, -10.4196739197, -15.3411607742], [-8.56799602509, -79.6027374268, 19.8007392883, 52.9207000732, -19.2766246796, 2.04921984673, 35.7628173828, 102.989082336, 57.4173049927, 37.9934844971, 17.5779323578, -8.18696784973, -5.96662473679], [-29.0262832642, -71.3351669312, 31.4286556244, 45.0367507935, -28.5049438477, -15.8328170776, 11.6329813004, 57.4173049927, 107.344863892, 65.8170013428, 21.0134563446, 2.59683656693, 1.84063374996], [-72.4807052612, -84.5295562744, -5.0702495575, 66.3469314575, -62.0124015808, -44.5534210205, 6.23152589798, 37.9934844971, 65.8170013428, 124.594421387, 61.0268554688, 14.2327451706, 15.3180770874], [88.4163208008, -55.4978790283, -57.1315002441, 46.8513641357, -53.0982208252, -41.615524292, -11.0119543076, 17.5779323578, 21.0134563446, 61.0268554688, 105.370239258, 38.1092681885, 14.5850286484], [-32.6561508179, 40.1128234863, -22.7259902954, -2.15118360519, -8.99990844727, -15.5015201569, -10.4196739197, -8.18696784973, 2.59683656693, 14.2327451706, 38.1092681885, 80.381942749, 45.1342124939], [-17.2550792694, 13.7017669678, -17.8212718964, 17.4559612274, -25.1595611572, -24.8662948608, -15.3411607742, -5.96662473679, 1.84063374996, 15.3180770874, 14.5850286484, 45.1342124939, 97.8461456299]],
        "icov": [[0.000287051283522, 0.000137225535582, 0.000186284101801, 1.344631346e-005, 2.13469265873e-005, 0.000212462837226, 0.000277667597402, -6.83364269207e-005, -0.00012726476416, 0.000545337621588, -0.000309639261104, 0.000212888189708, 2.6761303161e-005], [0.000137225535582, 0.00220679561608, 0.000908442598302, 0.000370942550944, -0.00108431768604, 0.000175757100806, 7.40919640521e-005, 0.000662357604597, 9.26204083953e-005, 0.000296481215628, 0.00110407872126, -0.00140650605317, 6.83723483235e-005], [0.000186284101801, 0.000908442598302, 0.00270351418294, 5.70187039557e-005, -0.00114443677012, -0.000299653358525, -0.000934499723371, 0.000568585470319, -0.000893637828995, -8.50538781378e-005, 0.00124431645963, -0.000359918485628, -8.37312400108e-005], [1.344631346e-005, 0.000370942550944, 5.70187039557e-005, 0.00557525316253, 0.00106758705806, 0.000150730484165, -0.000381734513212, -0.00162184727378, -4.59520124423e-005, -0.00103545014281, -0.00113250873983, 0.00128077436239, -0.00113877013791], [2.13469265873e-005, -0.00108431768604, -0.00114443677012, 0.00106758705806, 0.00965172704309, -0.00432676682249, -0.00084917753702, 0.00041703946772, -0.000112801870273, 0.00159525824711, 0.000507195654791, -0.00065233442001, 0.00100887275767], [0.000212462837226, 0.000175757100806, -0.000299653358525, 0.000150730484165, -0.00432676682249, 0.0116104669869, -0.00413742661476, -0.000220257163164, -0.000128834595671, 0.00228008837439, 0.000216527027078, 0.000279337895336, 0.000591683725361], [0.000277667597402, 7.40919640521e-005, -0.000934499723371, -0.000381734513212, -0.00084917753702, -0.00413742661476, 0.0165209900588, -0.00591672863811, 0.0023552456405, -0.00239241984673, 0.0010020515183, -0.000384516082704, 0.00125440221746], [-6.83364269207e-005, 0.000662357604597, 0.000568585470319, -0.00162184727378, 0.00041703946772, -0.000220257163164, -0.00591672863811, 0.0176348704845, -0.00835518725216, 0.00144422717858, -0.00177438172977, 0.00170660321601, -0.000104601051135], [-0.00012726476416, 9.26204083953e-005, -0.000893637828995, -4.59520124423e-005, -0.000112801870273, -0.000128834595671, 0.0023552456405, -0.00835518725216, 0.0187897775322, -0.00920175854117, 0.00344270165078, -0.00222277198918, 0.00120729231276], [0.000545337621588, 0.000296481215628, -8.50538781378e-005, -0.00103545014281, 0.00159525824711, 0.00228008837439, -0.00239241984673, 0.00144422717858, -0.00920175854117, 0.0194725170732, -0.0087688760832, 0.00248886062764, -0.0017898340011], [-0.000309639261104, 0.00110407872126, 0.00124431645963, -0.00113250873983, 0.000507195654791, 0.000216527027078, 0.0010020515183, -0.00177438172977, 0.00344270165078, -0.0087688760832, 0.0198695398867, -0.0102734472603, 0.00353898433968], [0.000212888189708, -0.00140650605317, -0.000359918485628, 0.00128077436239, -0.00065233442001, 0.000279337895336, -0.000384516082704, 0.00170660321601, -0.00222277198918, 0.00248886062764, -0.0102734472603, 0.0231671333313, -0.00961544178426], [2.6761303161e-005, 6.83723483235e-005, -8.37312400108e-005, -0.00113877013791, 0.00100887275767, 0.000591683725361, 0.00125440221746, -0.000104601051135, 0.00120729231276, -0.0017898340011, 0.00353898433968, -0.00961544178426, 0.0151686156169]]
    },
    "spectral_contrast_coeffs": {
        "mean": [-0.608176112175, -0.694471359253, -0.749688863754, -0.758589625359, -0.755427002907, -0.729809522629],
        "var": [0.0086009176448, 0.00844540633261, 0.00544469151646, 0.00340583175421, 0.00475467834622, 0.00214078649879]
    },
    "spectral_contrast_valleys": {
        "mean": [-7.60610961914, -7.01601696014, -7.72583627701, -8.02614212036, -7.89563512802, -10.4930868149],
        "var": [0.654120266438, 0.778292298317, 0.670201778412, 0.671175837517, 0.657982230186, 0.758574664593]
    }
},
"metadata": {
    "audio_properties": {
        "analysis_sample_rate": 44100,
        "bit_rate": 128074,
        "equal_loudness": 0,
        "length": 45.0612258911,
        "lossless": 0,
        "replay_gain": -6.54502677917,
        "sample_rate": 44100,
        "codec": "mp3",
        "downmix": "mix",
        "md5_encoded": "64a4bf626cdb2f088252eb64b6c09e15"
    },
    "tags": {
        "file_name": "1044.mp3"
    },
    "version": {
        "essentia": "2.1-beta2",
        "essentia_git_sha": "v2.1_beta2",
        "extractor": "music 1.0"
    }
},
"rhythm": {
    "beats_count": 92,
    "beats_loudness": {
        "mean": 0.0419891402125,
        "var": 0.000337449106155
    },
    "bpm": 123.395805359,
    "bpm_histogram_first_peak_bpm": {
        "mean": 123,
        "var": 0
    },
    "bpm_histogram_first_peak_spread": {
        "mean": 0.227272719145,
        "var": 0
    },
    "bpm_histogram_first_peak_weight": {
        "mean": 0.747252762318,
        "var": 0
    },
    "bpm_histogram_second_peak_bpm": {
        "mean": 129,
        "var": 0
    },
    "bpm_histogram_second_peak_spread": {
        "mean": 0,
        "var": 0
    },
    "bpm_histogram_second_peak_weight": {
        "mean": 0.0219780225307,
        "var": 0
    },
    "danceability": 1.46803808212,
    "onset_rate": 4.79131793976,
    "beats_loudness_band_ratio": {
        "mean": [0.382369577885, 0.290847182274, 0.172485023737, 0.10314745456, 0.0550605691969, 0.0464298054576],
        "var": [0.0385687127709, 0.025730734691, 0.0166052617133, 0.00365278264508, 0.00104255217593, 0.00135587900877]
    },
    "beats_position": [0.46439909935, 0.952018141747, 1.45124709606, 1.95047616959, 2.43809509277, 2.92571425438, 3.41333317757, 3.90095233917, 4.40018129349, 4.87619018555, 5.36380958557, 5.85142850876, 6.33904743195, 6.82666635513, 7.31428575516, 7.80190467834, 8.28952407837, 8.77714252472, 9.25315189362, 9.72916126251, 10.2051696777, 10.7043991089, 11.1920175552, 11.6796369553, 12.1672563553, 12.6548748016, 13.1657142639, 13.6533327103, 14.1409521103, 14.6285715103, 15.1161899567, 15.6038093567, 16.0914287567, 16.5790481567, 17.0434455872, 17.5310649872, 18.0186843872, 18.5063037872, 18.9939231873, 19.4815406799, 19.96916008, 20.45677948, 20.94439888, 21.43201828, 21.9080276489, 22.3840351105, 22.8716545105, 23.3592739105, 23.8468933105, 24.3345127106, 24.8221302032, 25.3097496033, 25.7973690033, 26.2849884033, 26.7726078033, 27.2602272034, 27.747844696, 28.2354640961, 28.7230834961, 29.2107028961, 29.686712265, 30.1743297577, 30.6503391266, 31.1379585266, 31.6255779266, 32.1015853882, 32.5775947571, 33.0419960022, 33.5296134949, 34.0172348022, 34.5048522949, 34.9924697876, 35.4916992188, 35.9793205261, 36.4669380188, 36.9429473877, 37.4189567566, 37.9065742493, 38.3941955566, 38.8702049255, 39.3578224182, 39.8454399109, 40.3330612183, 40.8090705872, 41.2850799561, 41.7726974487, 42.2603149414, 42.7479362488, 43.2355537415, 43.7231750488, 44.2107925415, 44.6984100342]
},
"tonal": {
    "chords_changes_rate": 0.108024694026,
    "chords_number_rate": 0.0113168722019,
    "chords_strength": {
        "mean": 0.459929287434,
        "var": 0.00704476889223
    },
    "hpcp_entropy": {
        "mean": 1.86078321934,
        "var": 0.588749706745
    },
    "key_strength": 0.46579003334,
    "tuning_diatonic_strength": 0.38640794158,
    "tuning_equal_tempered_deviation": 0.0645527094603,
    "tuning_frequency": 438.224517822,
    "tuning_nontempered_energy_ratio": 0.774871587753,
    "hpcp": {
        "mean": [0.0737678036094, 0.0575036220253, 0.0852559581399, 0.148217946291, 0.113633036613, 0.0661198720336, 0.0709130838513, 0.0627033263445, 0.117796197534, 0.240015685558, 0.240540459752, 0.129071682692, 0.0678597167134, 0.0517149567604, 0.0710012689233, 0.127015128732, 0.152463436127, 0.184790611267, 0.238927587867, 0.205936431885, 0.173881068826, 0.198926746845, 0.207668378949, 0.222451075912, 0.196930482984, 0.12944483757, 0.100704580545, 0.102249614894, 0.102378964424, 0.144137144089, 0.176556304097, 0.112022735178, 0.0750593096018, 0.102068468928, 0.0824499204755, 0.0633983910084],
        "var": [0.024245524779, 0.0155792944133, 0.0221468023956, 0.0706739202142, 0.0407552756369, 0.0214030854404, 0.0290320105851, 0.017816670239, 0.0380442589521, 0.0973370149732, 0.0956415534019, 0.0376659110188, 0.0180708225816, 0.0150168193504, 0.0180485937744, 0.0462940968573, 0.0549007058144, 0.0671142190695, 0.100499287248, 0.084365516901, 0.0598437823355, 0.0757668688893, 0.0780879408121, 0.0956705138087, 0.0822477042675, 0.0477082245052, 0.0371605120599, 0.0425270274282, 0.0416892133653, 0.0493205450475, 0.0766233429313, 0.0397358760238, 0.0229629632086, 0.0413745865226, 0.0251053404063, 0.0135798491538]
    },
    "chords_histogram": [2.05761313438, 6.79012346268, 19.855966568, 0.925925910473, 0, 0, 0, 0, 0.205761313438, 0, 1.74897122383, 0, 0, 0.205761313438, 0, 0, 0, 5.24691343307, 14.9176950455, 25.6172847748, 6.48148155212, 2.77777767181, 9.25925922394, 3.90946507454],
    "thpcp": [1, 0.536590337753, 0.282113522291, 0.214994832873, 0.29517391324, 0.528040587902, 0.633836984634, 0.76823091507, 0.993294775486, 0.856140494347, 0.722876608372, 0.826999127865, 0.863340735435, 0.924796938896, 0.818700015545, 0.538141667843, 0.418659627438, 0.425082802773, 0.425620555878, 0.599222064018, 0.73399835825, 0.465712636709, 0.312044411898, 0.424329727888, 0.342769443989, 0.263566434383, 0.306675255299, 0.239060088992, 0.354434996843, 0.616187155247, 0.472407162189, 0.274880468845, 0.294807314873, 0.260676831007, 0.489714682102, 0.997818350792],
    "chords_key": "C",
    "chords_scale": "minor",
    "key_key": "F",
    "key_scale": "major"
}
}