{
"lowlevel": {
    "average_loudness": 0.797937333584,
    "barkbands_crest": {
        "mean": 12.5807790756,
        "var": 17.0430717468
    },
    "barkbands_flatness_db": {
        "mean": 0.232992082834,
        "var": 0.00267289113253
    },
    "barkbands_kurtosis": {
        "mean": 14.5706977844,
        "var": 214.498168945
    },
    "barkbands_skewness": {
        "mean": 2.7135887146,
        "var": 1.88273441792
    },
    "barkbands_spread": {
        "mean": 7.39976215363,
        "var": 33.3247184753
    },
    "dissonance": {
        "mean": 0.412250339985,
        "var": 0.00213563302532
    },
    "dynamic_complexity": 3.60383892059,
    "erbbands_crest": {
        "mean": 14.9521379471,
        "var": 34.943321228
    },
    "erbbands_flatness_db": {
        "mean": 0.233429312706,
        "var": 0.00241275480948
    },
    "erbbands_kurtosis": {
        "mean": 3.9046421051,
        "var": 33.9542503357
    },
    "erbbands_skewness": {
        "mean": 1.48461985588,
        "var": 0.823012173176
    },
    "erbbands_spread": {
        "mean": 24.6529579163,
        "var": 195.280990601
    },
    "hfc": {
        "mean": 8.78898429871,
        "var": 113.153587341
    },
    "melbands_crest": {
        "mean": 18.2206134796,
        "var": 29.4829654694
    },
    "melbands_flatness_db": {
        "mean": 0.297693759203,
        "var": 0.00368261849508
    },
    "melbands_kurtosis": {
        "mean": 22.1048679352,
        "var": 476.00201416
    },
    "melbands_skewness": {
        "mean": 3.03985571861,
        "var": 2.84972167015
    },
    "melbands_spread": {
        "mean": 8.4364233017,
        "var": 52.6855659485
    },
    "pitch_salience": {
        "mean": 0.483307123184,
        "var": 0.012807123363
    },
    "silence_rate_20dB": {
        "mean": 1,
        "var": 0
    },
    "silence_rate_30dB": {
        "mean": 0.997425317764,
        "var": 0.00256806518883
    },
    "silence_rate_60dB": {
        "mean": 0.109165810049,
        "var": 0.0972484126687
    },
    "spectral_centroid": {
        "mean": 666.471496582,
        "var": 173412.640625
    },
    "spectral_complexity": {
        "mean": 8.79454135895,
        "var": 19.0612411499
    },
    "spectral_decrease": {
        "mean": -4.6581924984e-009,
        "var": 2.45527918408e-017
    },
    "spectral_energy": {
        "mean": 0.0183782801032,
        "var": 0.000380023033358
    },
    "spectral_energyband_high": {
        "mean": 0.000116491122753,
        "var": 7.90984202581e-008
    },
    "spectral_energyband_low": {
        "mean": 0.00255046156235,
        "var": 2.53279067692e-005
    },
    "spectral_energyband_middle_high": {
        "mean": 0.0017529996112,
        "var": 9.34723448154e-006
    },
    "spectral_energyband_middle_low": {
        "mean": 0.0156404897571,
        "var": 0.00030437411624
    },
    "spectral_entropy": {
        "mean": 6.4896235466,
        "var": 0.207613900304
    },
    "spectral_flux": {
        "mean": 0.0509105809033,
        "var": 0.00195181730669
    },
    "spectral_kurtosis": {
        "mean": 10.4841747284,
        "var": 68.8165206909
    },
    "spectral_rms": {
        "mean": 0.00375930126756,
        "var": 3.79767470804e-006
    },
    "spectral_rolloff": {
        "mean": 617.509887695,
        "var": 345676.6875
    },
    "spectral_skewness": {
        "mean": 2.31696748734,
        "var": 0.715233206749
    },
    "spectral_spread": {
        "mean": 3266798,
        "var": 1.32781296845e+012
    },
    "spectral_strongpeak": {
        "mean": 1.15482163429,
        "var": 1.01323521137
    },
    "zerocrossingrate": {
        "mean": 0.0297750998288,
        "var": 0.000307883194182
    },
    "barkbands": {
        "mean": [1.28876195049e-006, 4.09250424127e-005, 0.000851612305269, 0.00268116896041, 0.00393487745896, 0.00393109163269, 0.00208433903754, 0.00257112365216, 0.000391934125219, 0.00037319920375, 0.000619315775111, 0.000118784264487, 6.4036299591e-005, 2.5174145776e-005, 9.52178816078e-005, 4.94361192978e-005, 0.000217490931391, 9.37689255807e-005, 7.66378361732e-005, 6.41080841888e-005, 4.37582857558e-005, 2.59812004515e-005, 1.20553841043e-005, 5.28376131115e-006, 3.23621316056e-006, 2.28420958592e-006, 1.51287977701e-007],
        "var": [2.10469766615e-011, 5.1957633751e-009, 2.6473555863e-006, 3.49624642695e-005, 3.65005107597e-005, 4.71102102892e-005, 1.73908174474e-005, 5.06806572957e-005, 2.43683757617e-006, 9.31815236527e-007, 3.1754725569e-006, 1.02416045422e-007, 2.85753074536e-008, 2.48356868404e-009, 5.55173436112e-008, 2.59168988492e-008, 6.51082757486e-007, 8.90359359573e-008, 3.3327061999e-008, 2.25703047363e-008, 1.3883105332e-008, 5.14305575905e-009, 2.34471020377e-009, 7.55835560806e-010, 2.6636118311e-010, 4.0165171189e-010, 2.36432639959e-012]
    },
    "erbbands": {
        "mean": [0.000491869519465, 0.0217250678688, 0.638548791409, 6.2233080864, 7.5198392868, 12.1925878525, 43.4534187317, 19.0657520294, 29.8827133179, 35.2743377686, 55.0849685669, 11.3792314529, 5.03869962692, 22.7309055328, 20.3605575562, 5.56435728073, 3.42798614502, 1.6353648901, 3.86318325996, 3.74622654915, 6.17249917984, 7.64835977554, 7.02625894547, 5.78603887558, 3.19103264809, 2.87901306152, 2.25786852837, 1.10775625706, 0.952836751938, 0.726844847202, 0.295953184366, 0.149232700467, 0.0729223042727, 0.0406937599182, 0.0211458150297, 0.00974893849343, 0.00373574136756, 0.000944354454987, 2.82277687802e-005, 2.14160918404e-005],
        "var": [5.10131030751e-007, 0.00105582037941, 1.34203863144, 165.002914429, 266.758911133, 469.052307129, 8599.82714844, 1246.38342285, 2471.30175781, 10097.8007813, 22592.6777344, 847.250976563, 57.2680625916, 2251.51782227, 6709.02441406, 171.110794067, 73.3840942383, 8.18824481964, 118.930580139, 97.9633483887, 886.391601563, 604.756347656, 453.72543335, 187.103225708, 45.8610916138, 34.0237312317, 45.5732879639, 7.1507692337, 5.97214841843, 4.99123668671, 2.08449959755, 0.43904709816, 0.152644708753, 0.0478614792228, 0.0132139278576, 0.00415497692302, 0.00109735084698, 0.000124497179058, 3.83482721134e-008, 5.51513223979e-010]
    },
    "gfcc": {
        "mean": [-97.8673324585, 127.291412354, -121.371704102, 16.920009613, -76.9252853394, -23.385766983, -45.2840461731, -7.97879743576, -32.6346473694, -15.3184089661, -20.4108924866, -7.01779842377, -12.7777290344],
        "cov": [[4969.30224609, -755.018371582, -802.412231445, 331.063079834, -231.479141235, -209.71496582, -34.0761222839, -88.882484436, -60.3291358948, -28.1559123993, 5.31651687622, 218.626663208, -121.013191223], [-755.018371582, 682.668762207, 212.920043945, -106.562026978, 136.604827881, -45.3604393005, 36.3544502258, -52.2143096924, 17.2606086731, -73.3693695068, 35.5517997742, -88.2434234619, 111.568153381], [-802.412231445, 212.920043945, 827.075317383, 125.524833679, 178.336410522, 169.785247803, -88.5232009888, -14.511973381, -104.266525269, -11.5128793716, -61.728969574, -52.359828949, 23.8154697418], [331.063079834, -106.562026978, 125.524833679, 455.595153809, 138.584075928, 121.811546326, 79.3224945068, -40.992023468, -93.1471099854, -41.1104698181, -8.57037258148, 28.3347816467, -6.05020141602], [-231.479141235, 136.604827881, 178.336410522, 138.584075928, 232.602676392, 108.334793091, 40.9882659912, -0.723815262318, -57.1984634399, -26.4588069916, -6.37918329239, -15.3197126389, 12.7872219086], [-209.71496582, -45.3604393005, 169.785247803, 121.811546326, 108.334793091, 220.918746948, 64.1875076294, 38.3007316589, -59.5732078552, -8.56962585449, -37.1384086609, -0.503353118896, -27.8315734863], [-34.0761222839, 36.3544502258, -88.5232009888, 79.3224945068, 40.9882659912, 64.1875076294, 175.036117554, 31.3761787415, -3.58517551422, -16.4875869751, 13.7529792786, 19.2381877899, -12.6877841949], [-88.882484436, -52.2143096924, -14.511973381, -40.992023468, -0.723815262318, 38.3007316589, 31.3761787415, 115.013130188, 42.7787704468, 4.87381076813, -27.7371120453, -13.0302209854, -38.1628913879], [-60.3291358948, 17.2606086731, -104.266525269, -93.1471099854, -57.1984634399, -59.5732078552, -3.58517551422, 42.7787704468, 148.455932617, 35.2082557678, -19.0553455353, -27.6022949219, -10.6824541092], [-28.1559123993, -73.3693695068, -11.5128793716, -41.1104698181, -26.4588069916, -8.56962585449, -16.4875869751, 4.87381076813, 35.2082557678, 92.3266448975, 6.71597337723, -2.7358686924, -15.9767961502], [5.31651687622, 35.5517997742, -61.728969574, -8.57037258148, -6.37918329239, -37.1384086609, 13.7529792786, -27.7371120453, -19.0553455353, 6.71597337723, 95.5672149658, 32.2916145325, 8.06998825073], [218.626663208, -88.2434234619, -52.359828949, 28.3347816467, -15.3197126389, -0.503353118896, 19.2381877899, -13.0302209854, -27.6022949219, -2.7358686924, 32.2916145325, 115.43586731, 12.5334672928], [-121.013191223, 111.568153381, 23.8154697418, -6.05020141602, 12.7872219086, -27.8315734863, -12.6877841949, -38.1628913879, -10.6824541092, -15.9767961502, 8.06998825073, 12.5334672928, 102.375991821]],
        "icov": [[0.000355189666152, 1.05089329736e-005, 0.000376165291527, -0.000427163788117, 0.000120492593851, 0.000338956248015, 0.000349456793629, 7.98599430709e-005, 0.00030192619306, 1.83918855328e-005, 0.00049257063074, -0.000541226414498, 0.000507630640641], [1.05089329736e-005, 0.0058029810898, -0.00216689985245, 0.00295762950554, -0.00347410258837, 0.00198601209559, -0.00421237433329, 0.00322440336458, -0.00296901562251, 0.00475464202464, -0.00317766354419, 0.00402389792725, -0.00378891057335], [0.000376165291527, -0.00216689985245, 0.00328359403647, -0.00171291118022, 0.000501895381603, -0.00171158683952, 0.0036183479242, -0.00122534343973, 0.00218653609045, -0.00207377667539, 0.00219686981291, -0.00142438709736, 0.00131041870918], [-0.000427163788117, 0.00295762950554, -0.00171291118022, 0.00550362747163, -0.00319606857374, -9.22939507291e-005, -0.00386850605719, 0.00355282053351, -0.00130858295597, 0.00303242797963, -0.00132127245888, 0.00186257634778, -0.00157250603661], [0.000120492593851, -0.00347410258837, 0.000501895381603, -0.00319606857374, 0.00936353486031, -0.00316963647492, 0.00182315357961, -0.00236808299087, 0.00230971048586, -0.00203955313191, 0.000625432061497, -0.000985962571576, 0.000928910449147], [0.000338956248015, 0.00198601209559, -0.00171158683952, -9.22939507291e-005, -0.00316963647492, 0.0110063040629, -0.00430083973333, -0.00160391558893, 0.00268383463845, -0.000212704762816, 0.00280805816874, 3.8300826418e-005, 0.000906973611563], [0.000349456793629, -0.00421237433329, 0.0036183479242, -0.00386850605719, 0.00182315357961, -0.00430083973333, 0.0125946076587, -0.00440753996372, 0.00132675364148, -0.00208383915015, 0.000360099977115, -0.00379082746804, 0.00270322081633], [7.98599430709e-005, 0.00322440336458, -0.00122534343973, 0.00355282053351, -0.00236808299087, -0.00160391558893, -0.00440753996372, 0.016079062596, -0.00572900800034, 0.00410329084843, 0.000756651163101, 0.0013913315488, 0.00219540996477], [0.00030192619306, -0.00296901562251, 0.00218653609045, -0.00130858295597, 0.00230971048586, 0.00268383463845, 0.00132675364148, -0.00572900800034, 0.013761905022, -0.00647876411676, 0.00496149854735, -0.000499451125506, 0.00157140672673], [1.83918855328e-005, 0.00475464202464, -0.00207377667539, 0.00303242797963, -0.00203955313191, -0.000212704762816, -0.00208383915015, 0.00410329084843, -0.00647876411676, 0.0172590781003, -0.00493411161005, 0.00279872189276, -0.000966198800597], [0.00049257063074, -0.00317766354419, 0.00219686981291, -0.00132127245888, 0.000625432061497, 0.00280805816874, 0.000360099977115, 0.000756651163101, 0.00496149854735, -0.00493411161005, 0.0173076838255, -0.00608320906758, 0.00359616265632], [-0.000541226414498, 0.00402389792725, -0.00142438709736, 0.00186257634778, -0.000985962571576, 3.8300826418e-005, -0.00379082746804, 0.0013913315488, -0.000499451125506, 0.00279872189276, -0.00608320906758, 0.0145447067916, -0.00531759625301], [0.000507630640641, -0.00378891057335, 0.00131041870918, -0.00157250603661, 0.000928910449147, 0.000906973611563, 0.00270322081633, 0.00219540996477, 0.00157140672673, -0.000966198800597, 0.00359616265632, -0.00531759625301, 0.015763964504]]
    },
    "melbands": {
        "mean": [6.39325935481e-006, 0.000218417117139, 0.00107441970613, 0.000615362194367, 0.00126931862906, 0.000496668682899, 0.000468101497972, 0.000404035527026, 0.000419494434027, 4.52258173027e-005, 2.29110592045e-005, 8.94410695764e-005, 6.76908675814e-005, 2.69568736257e-005, 8.69001360115e-006, 6.3684296947e-006, 2.45431533585e-006, 5.31847763341e-006, 6.28271072856e-006, 4.24622476203e-006, 8.81438245415e-006, 7.73637202656e-006, 9.94754464045e-006, 4.23010078521e-006, 4.86343105877e-006, 1.96427117771e-006, 2.53284406426e-006, 1.68437816228e-006, 1.41452335356e-006, 1.19549383726e-006, 4.26178274893e-007, 5.23574101408e-007, 5.16205773238e-007, 3.51089141759e-007, 1.77696563242e-007, 1.26705359094e-007, 7.16841412896e-008, 4.74491876901e-008, 4.44903740515e-008, 3.20691704303e-008],
        "var": [1.17219997597e-010, 1.56909621296e-007, 4.83387202621e-006, 1.44609214203e-006, 6.64119170324e-006, 7.08685263362e-007, 6.90718820806e-007, 1.47545824802e-006, 1.32839238631e-006, 1.87652737793e-008, 1.53619450494e-009, 3.80651137277e-008, 4.87523870163e-008, 1.22098393618e-008, 6.91465495972e-010, 3.3007985234e-010, 2.22889675466e-011, 2.57743243415e-010, 2.11947223661e-010, 1.40570291518e-010, 2.49850584666e-009, 9.1381258116e-010, 9.21808573917e-010, 1.51891554889e-010, 1.5327149272e-010, 1.78375508808e-011, 5.00120465874e-011, 1.30126465159e-011, 1.86315216727e-011, 1.16829722979e-011, 1.25588049075e-012, 1.98171166976e-012, 2.55939583763e-012, 1.33540606958e-012, 1.17998351975e-012, 4.10907337886e-013, 8.67920576446e-014, 4.56078724049e-014, 1.0066825303e-013, 2.58268544897e-014]
    },
    "mfcc": {
        "mean": [-744.40838623, 155.909988403, -1.14925098419, 29.4476680756, -17.319486618, -17.849571228, -17.9824981689, -7.2923541069, -13.6765193939, -14.2908334732, -15.9239435196, -9.77417373657, -4.95531845093],
        "cov": [[4848.6953125, -1039.17248535, -621.69921875, 287.603393555, -331.84185791, -70.7156829834, -181.480316162, 71.1171417236, -159.926757813, -186.470932007, -26.313835144, 49.2480697632, 154.699279785], [-1039.17248535, 815.798950195, 106.741188049, -114.18032074, 93.8252716064, -53.0297088623, 7.24412107468, -71.4343490601, 36.7379951477, 33.9133033752, -36.078704834, -47.2795219421, -52.6755905151], [-621.69921875, 106.741188049, 495.917572021, 40.8464050293, 189.960342407, 118.136276245, 92.8863067627, -1.22949635983, 8.96644496918, 22.9699249268, -18.9251842499, -78.8945999146, -48.5072364807], [287.603393555, -114.18032074, 40.8464050293, 292.462402344, 71.9373245239, 121.65322113, 91.5881958008, 56.7075004578, -9.56457710266, -26.7851219177, -29.9619007111, -20.346157074, -14.4857234955], [-331.84185791, 93.8252716064, 189.960342407, 71.9373245239, 255.971969604, 102.353904724, 96.5137405396, 11.6864099503, 6.33904647827, 34.2023200989, -28.3407325745, -70.3242797852, -36.2623596191], [-70.7156829834, -53.0297088623, 118.136276245, 121.65322113, 102.353904724, 205.700592041, 128.189666748, 43.2507705688, 16.982383728, -8.10620880127, -12.1510868073, -31.9470119476, -21.83852005], [-181.480316162, 7.24412107468, 92.8863067627, 91.5881958008, 96.5137405396, 128.189666748, 227.120559692, 71.2331924438, -0.152256146073, -20.2560901642, -13.2462205887, -5.6804690361, -28.491651535], [71.1171417236, -71.4343490601, -1.22949635983, 56.7075004578, 11.6864099503, 43.2507705688, 71.2331924438, 140.780471802, 42.9455375671, -21.6736621857, 21.1154766083, 28.764881134, 9.81879806519], [-159.926757813, 36.7379951477, 8.96644496918, -9.56457710266, 6.33904647827, 16.982383728, -0.152256146073, 42.9455375671, 140.522369385, 39.9420852661, 10.2544345856, 32.8295707703, 19.3978557587], [-186.470932007, 33.9133033752, 22.9699249268, -26.7851219177, 34.2023200989, -8.10620880127, -20.2560901642, -21.6736621857, 39.9420852661, 146.467651367, 11.9526634216, -31.0251255035, 11.9182662964], [-26.313835144, -36.078704834, -18.9251842499, -29.9619007111, -28.3407325745, -12.1510868073, -13.2462205887, 21.1154766083, 10.2544345856, 11.9526634216, 113.965232849, 51.961643219, 9.24943351746], [49.2480697632, -47.2795219421, -78.8945999146, -20.346157074, -70.3242797852, -31.9470119476, -5.6804690361, 28.764881134, 32.8295707703, -31.0251255035, 51.961643219, 142.744049072, 40.702545166], [154.699279785, -52.6755905151, -48.5072364807, -14.4857234955, -36.2623596191, -21.83852005, -28.491651535, 9.81879806519, 19.3978557587, 11.9182662964, 9.24943351746, 40.702545166, 107.094650269]],
        "icov": [[0.000398518051952, 0.000371154601453, 0.000345681473846, -0.000363657221897, 0.000101340032415, 7.35525391065e-005, 0.000249407283263, -7.85135052865e-005, 0.000192086474271, 0.000343642488588, 7.66769589973e-005, 0.000323623302393, -0.000365514191799], [0.000371154601453, 0.00197349744849, 0.000188257108675, 0.000171356121427, -0.000556471117307, 0.000978508847766, -0.000383334554499, 0.000839340558741, -0.000782332906965, 0.000558811298106, 0.000298397615552, 0.000543941510841, 0.000222183094593], [0.000345681473846, 0.000188257108675, 0.00336184352636, 4.81242968817e-005, -0.00162326626014, -0.000891995732673, 2.59626631305e-005, 0.000298126571579, -0.000145543905091, 0.000546880823094, -0.000356776203262, 0.00103995902464, -2.84211473627e-005], [-0.000363657221897, 0.000171356121427, 4.81242968817e-005, 0.00559292826802, -0.000914469826967, -0.00257925409824, -0.000157991104061, -0.0013857325539, 0.000685393519234, -0.000123667297885, 0.00136315240525, -0.000612601288594, 0.00064202491194], [0.000101340032415, -0.000556471117307, -0.00162326626014, -0.000914469826967, 0.00737150944769, -0.00124875037, -0.00128025945742, -0.00020872814639, 0.000163753487868, -0.00139468966518, 0.000317134865327, 0.00160326447804, 0.00012969065574], [7.35525391065e-005, 0.000978508847766, -0.000891995732673, -0.00257925409824, -0.00124875037, 0.010869346559, -0.0045399828814, 0.00135971710552, -0.00276079517789, 0.0013869300019, -0.00136253482196, 0.00232982658781, -0.000338800164172], [0.000249407283263, -0.000383334554499, 2.59626631305e-005, -0.000157991104061, -0.00128025945742, -0.0045399828814, 0.00923853181303, -0.00414534378797, 0.00260026659817, -0.000348354660673, 0.00169156503398, -0.00230140751228, 0.00121655140538], [-7.85135052865e-005, 0.000839340558741, 0.000298126571579, -0.0013857325539, -0.00020872814639, 0.00135971710552, -0.00414534378797, 0.0120111396536, -0.00483496813104, 0.00255182455294, -0.00283081200905, 0.000876544276252, -0.0010205010185], [0.000192086474271, -0.000782332906965, -0.000145543905091, 0.000685393519234, 0.000163753487868, -0.00276079517789, 0.00260026659817, -0.00483496813104, 0.011365194805, -0.00405928539112, 0.00212684716098, -0.0039535658434, -0.000295848934911], [0.000343642488588, 0.000558811298106, 0.000546880823094, -0.000123667297885, -0.00139468966518, 0.0013869300019, -0.000348354660673, 0.00255182455294, -0.00405928539112, 0.01019694563, -0.00287463795394, 0.00429580779746, -0.00229055853561], [7.66769589973e-005, 0.000298397615552, -0.000356776203262, 0.00136315240525, 0.000317134865327, -0.00136253482196, 0.00169156503398, -0.00283081200905, 0.00212684716098, -0.00287463795394, 0.0123254861683, -0.0054848450236, 0.00155263778288], [0.000323623302393, 0.000543941510841, 0.00103995902464, -0.000612601288594, 0.00160326447804, 0.00232982658781, -0.00230140751228, 0.000876544276252, -0.0039535658434, 0.00429580779746, -0.0054848450236, 0.0135648082942, -0.00393015053123], [-0.000365514191799, 0.000222183094593, -2.84211473627e-005, 0.00064202491194, 0.00012969065574, -0.000338800164172, 0.00121655140538, -0.0010205010185, -0.000295848934911, -0.00229055853561, 0.00155263778288, -0.00393015053123, 0.0121089154854]]
    },
    "spectral_contrast_coeffs": {
        "mean": [-0.472579985857, -0.648488879204, -0.734845399857, -0.776447832584, -0.75189012289, -0.746198117733],
        "var": [0.00794105697423, 0.00842143315822, 0.00527496775612, 0.00360863376409, 0.00516315782443, 0.00425851671025]
    },
    "spectral_contrast_valleys": {
        "mean": [-9.11349391937, -7.13484239578, -8.26237392426, -9.1409034729, -9.10867118835, -12.0568447113],
        "var": [0.975369036198, 0.649638950825, 0.575288176537, 0.575555503368, 0.664909303188, 0.600189745426]
    }
},
"metadata": {
    "audio_properties": {
        "analysis_sample_rate": 44100,
        "bit_rate": 128074,
        "equal_loudness": 0,
        "length": 45.0612258911,
        "lossless": 0,
        "replay_gain": -6.56139945984,
        "sample_rate": 44100,
        "codec": "mp3",
        "downmix": "mix",
        "md5_encoded": "c9e5583fe83c5a874d55a1669c0c6f32"
    },
    "tags": {
        "file_name": "1045.mp3"
    },
    "version": {
        "essentia": "2.1-beta2",
        "essentia_git_sha": "v2.1_beta2",
        "extractor": "music 1.0"
    }
},
"rhythm": {
    "beats_count": 112,
    "beats_loudness": {
        "mean": 0.0338989160955,
        "var": 0.000421692355303
    },
    "bpm": 161.972625732,
    "bpm_histogram_first_peak_bpm": {
        "mean": 161,
        "var": 0
    },
    "bpm_histogram_first_peak_spread": {
        "mean": 0.464285731316,
        "var": 0
    },
    "bpm_histogram_first_peak_weight": {
        "mean": 0.270270258188,
        "var": 0
    },
    "bpm_histogram_second_peak_bpm": {
        "mean": 152,
        "var": 0
    },
    "bpm_histogram_second_peak_spread": {
        "mean": 0.269230782986,
        "var": 0
    },
    "bpm_histogram_second_peak_weight": {
        "mean": 0.171171173453,
        "var": 0
    },
    "danceability": 1.51360917091,
    "onset_rate": 2.97239160538,
    "beats_loudness_band_ratio": {
        "mean": [0.280507028103, 0.465727627277, 0.228024601936, 0.0627543702722, 0.0203247703612, 0.0106849418953],
        "var": [0.0435679033399, 0.0614329613745, 0.0552421584725, 0.00832402519882, 0.000608794565778, 0.000158693903359]
    },
    "beats_position": [0.406349211931, 0.824308395386, 1.24226760864, 1.64861679077, 2.06657600403, 2.47292518616, 2.97215414047, 3.43655323982, 3.90095233917, 4.37696123123, 4.86458063126, 5.35219955444, 5.83981847763, 6.31582736969, 6.78022670746, 7.24462556839, 7.70902490616, 8.17342376709, 8.63782310486, 9.10222244263, 9.55501079559, 10.0078001022, 10.4373693466, 10.866938591, 11.3081178665, 11.749297142, 12.1904764175, 12.6084346771, 13.0263938904, 13.4327430725, 13.8274831772, 14.2338323593, 14.6285715103, 15.0349206924, 15.4412698746, 15.8243989944, 16.2075271606, 16.602268219, 16.9737873077, 17.3685264587, 17.7632656097, 18.1580047607, 18.5411338806, 18.9242630005, 19.3073921204, 19.6905212402, 20.062040329, 20.4335594177, 20.8166885376, 21.1998176575, 21.5945568085, 21.9892959595, 22.3840351105, 22.7671642303, 23.1502952576, 23.5450344086, 23.9165534973, 24.3112926483, 24.7060317993, 25.0775508881, 25.4490699768, 25.8205890656, 26.1921081543, 26.563627243, 26.9351463318, 27.3298854828, 27.7130146027, 28.0961437225, 28.4676647186, 28.8391838074, 29.2107028961, 29.593832016, 29.9769611359, 30.3717002869, 30.7664394379, 31.1379585266, 31.5094776154, 31.8809967041, 32.2525177002, 32.6240348816, 32.9955558777, 33.3902931213, 33.7734222412, 34.1565513611, 34.539680481, 34.9228096008, 35.3059387207, 35.6890678406, 36.0722007751, 36.4785499573, 36.8732872009, 37.244808197, 37.6163253784, 38.0110664368, 38.4058036804, 38.7889328003, 39.1720619202, 39.55519104, 39.9383201599, 40.309841156, 40.6813583374, 41.0528793335, 41.4127883911, 41.7726974487, 42.1442184448, 42.5157356262, 42.8872566223, 43.2587738037, 43.6419029236, 44.0134239197, 44.3733329773, 44.7448501587]
},
"tonal": {
    "chords_changes_rate": 0.0360082313418,
    "chords_number_rate": 0.00514403311536,
    "chords_strength": {
        "mean": 0.532751321793,
        "var": 0.00754372356459
    },
    "hpcp_entropy": {
        "mean": 1.23642599583,
        "var": 0.552373528481
    },
    "key_strength": 0.76649928093,
    "tuning_diatonic_strength": 0.569531321526,
    "tuning_equal_tempered_deviation": 0.0479535423219,
    "tuning_frequency": 441.782684326,
    "tuning_nontempered_energy_ratio": 0.653512239456,
    "hpcp": {
        "mean": [0.141294315457, 0.0812428295612, 0.168526008725, 0.240358486772, 0.0997813120484, 0.0162512455136, 0.0130532803014, 0.0115830376744, 0.0599630922079, 0.100083976984, 0.0557260625064, 0.0153494682163, 0.0162386428565, 0.0741550549865, 0.40959072113, 0.590196669102, 0.297715485096, 0.0845237374306, 0.0581891834736, 0.0378186367452, 0.02573514916, 0.0319862216711, 0.0411540716887, 0.0726044997573, 0.0793733075261, 0.0379701964557, 0.0165099892765, 0.0144728645682, 0.029253192246, 0.14057444036, 0.18813765049, 0.0841964036226, 0.0196036398411, 0.0092788496986, 0.0104815568775, 0.0876802653074],
        "var": [0.0746561363339, 0.0190962478518, 0.0667202323675, 0.13218639791, 0.0247585810721, 0.00139002653304, 0.00120399927255, 0.00108204386197, 0.023710899055, 0.0677452534437, 0.022416818887, 0.00484900828451, 0.00505392905325, 0.0166517160833, 0.10779234767, 0.171603247523, 0.0736988708377, 0.0318328328431, 0.0312323495746, 0.0151236588135, 0.00743771158159, 0.0077514112927, 0.0140825100243, 0.0330367051065, 0.0450942218304, 0.0120290219784, 0.00678367912769, 0.00408809632063, 0.00624960707501, 0.0519976057112, 0.0923237204552, 0.021402169019, 0.005871205125, 0.00169200031087, 0.00155963818543, 0.0265278555453]
    },
    "chords_histogram": [62.139919281, 10.3909463882, 17.5925922394, 0.102880656719, 0, 0, 0, 2.67489719391, 0, 7.09876537323, 0, 0, 0, 0, 0, 0, 0, 0, 0, 0, 0, 0, 0, 0],
    "thpcp": [1, 0.504434347153, 0.143212839961, 0.0985928699374, 0.0640780255198, 0.043604362756, 0.054195869714, 0.0697294175625, 0.123017467558, 0.134486198425, 0.0643348172307, 0.0279737077653, 0.0245221052319, 0.0495651587844, 0.238182365894, 0.318771123886, 0.142658218741, 0.0332154370844, 0.0157216228545, 0.0177594311535, 0.148561105132, 0.239402085543, 0.137653827667, 0.28554213047, 0.407251507044, 0.169064506888, 0.0275353062898, 0.0221168324351, 0.0196257252246, 0.101598493755, 0.169577330351, 0.0944194793701, 0.0260073784739, 0.0275139529258, 0.125644654036, 0.69399023056],
    "chords_key": "G",
    "chords_scale": "minor",
    "key_key": "G",
    "key_scale": "minor"
}
}