{
"lowlevel": {
    "average_loudness": 0.904693126678,
    "barkbands_crest": {
        "mean": 12.0330905914,
        "var": 22.0268669128
    },
    "barkbands_flatness_db": {
        "mean": 0.186984598637,
        "var": 0.00279349321499
    },
    "barkbands_kurtosis": {
        "mean": 4.40926027298,
        "var": 131.483917236
    },
    "barkbands_skewness": {
        "mean": 1.26536643505,
        "var": 1.46853840351
    },
    "barkbands_spread": {
        "mean": 14.1431570053,
        "var": 62.5614013672
    },
    "dissonance": {
        "mean": 0.441943466663,
        "var": 0.00173153867945
    },
    "dynamic_complexity": 3.31658697128,
    "erbbands_crest": {
        "mean": 13.0317344666,
        "var": 40.3266448975
    },
    "erbbands_flatness_db": {
        "mean": 0.221073701978,
        "var": 0.00245444523171
    },
    "erbbands_kurtosis": {
        "mean": 2.57534074783,
        "var": 51.3910522461
    },
    "erbbands_skewness": {
        "mean": 0.599567711353,
        "var": 0.534072101116
    },
    "erbbands_spread": {
        "mean": 25.9848575592,
        "var": 174.058441162
    },
    "hfc": {
        "mean": 17.1450099945,
        "var": 392.005065918
    },
    "melbands_crest": {
        "mean": 14.1581707001,
        "var": 26.059135437
    },
    "melbands_flatness_db": {
        "mean": 0.210634320974,
        "var": 0.00375903071836
    },
    "melbands_kurtosis": {
        "mean": 7.85668325424,
        "var": 183.342651367
    },
    "melbands_skewness": {
        "mean": 1.76143932343,
        "var": 2.2217028141
    },
    "melbands_spread": {
        "mean": 19.6950798035,
        "var": 146.216781616
    },
    "pitch_salience": {
        "mean": 0.480689018965,
        "var": 0.0122352316976
    },
    "silence_rate_20dB": {
        "mean": 1,
        "var": 0
    },
    "silence_rate_30dB": {
        "mean": 0.993820786476,
        "var": 0.00614097854123
    },
    "silence_rate_60dB": {
        "mean": 0.0834191590548,
        "var": 0.0764597281814
    },
    "spectral_centroid": {
        "mean": 1111.34179688,
        "var": 281517.25
    },
    "spectral_complexity": {
        "mean": 13.49330616,
        "var": 38.0758705139
    },
    "spectral_decrease": {
        "mean": -4.88729767767e-009,
        "var": 2.47333438619e-017
    },
    "spectral_energy": {
        "mean": 0.0200008973479,
        "var": 0.000412284134654
    },
    "spectral_energyband_high": {
        "mean": 0.000392526795622,
        "var": 5.27333099853e-007
    },
    "spectral_energyband_low": {
        "mean": 0.000693121924996,
        "var": 1.78086008873e-006
    },
    "spectral_energyband_middle_high": {
        "mean": 0.00839760806412,
        "var": 0.000207742661587
    },
    "spectral_energyband_middle_low": {
        "mean": 0.0107116708532,
        "var": 0.000155237372383
    },
    "spectral_entropy": {
        "mean": 7.07188463211,
        "var": 0.214490175247
    },
    "spectral_flux": {
        "mean": 0.0567431971431,
        "var": 0.00128542515449
    },
    "spectral_kurtosis": {
        "mean": 6.2773399353,
        "var": 21.1737556458
    },
    "spectral_rms": {
        "mean": 0.00397084280849,
        "var": 3.74545902559e-006
    },
    "spectral_rolloff": {
        "mean": 1274.32971191,
        "var": 816965.5
    },
    "spectral_skewness": {
        "mean": 1.86358726025,
        "var": 0.281441777945
    },
    "spectral_spread": {
        "mean": 3899744.5,
        "var": 1.5464955904e+012
    },
    "spectral_strongpeak": {
        "mean": 1.97197365761,
        "var": 5.47858047485
    },
    "zerocrossingrate": {
        "mean": 0.054735776037,
        "var": 0.000715959700756
    },
    "barkbands": {
        "mean": [1.19386356801e-006, 8.40562133817e-005, 0.000452075153589, 0.000698172603734, 0.00448191771284, 0.00254911091179, 0.00144138454925, 0.000662027567159, 0.000818301632535, 0.00100258470047, 0.00271521275863, 0.00169082777575, 0.00130967760924, 0.000621581042651, 0.000305548950564, 9.90342887235e-005, 0.000347785389749, 0.000175011635292, 0.000100213197584, 8.68011265993e-005, 0.00011020063539, 9.13312760531e-005, 4.95753156429e-005, 7.55118599045e-005, 2.83097233478e-005, 3.41491363542e-006, 3.2099300995e-008],
        "var": [2.90533395952e-011, 4.5197719345e-008, 1.00759302768e-006, 4.52144104202e-006, 6.29085989203e-005, 1.82794756256e-005, 4.73354384667e-006, 2.74898206953e-006, 5.84906501899e-006, 4.46184230896e-006, 0.000123771518702, 4.01597862947e-005, 1.96840082936e-005, 6.02848012932e-006, 1.49004131345e-006, 2.46132945136e-008, 1.04186892713e-006, 4.60934401758e-008, 2.05208472437e-008, 3.48079964851e-008, 8.46651460051e-008, 3.03620488751e-008, 2.60900474558e-008, 6.25245419883e-008, 6.43110187326e-009, 1.93422569628e-010, 5.39525699507e-014]
    },
    "erbbands": {
        "mean": [0.000597414269578, 0.035253521055, 0.472304522991, 1.33213531971, 9.56415939331, 14.9403705597, 16.3122653961, 22.6278018951, 23.8200531006, 11.879275322, 19.2647781372, 21.2906589508, 20.0277805328, 67.8282546997, 78.5485153198, 80.3046798706, 57.542678833, 54.4063491821, 18.4992923737, 8.8309173584, 8.41807746887, 19.8288154602, 10.2848978043, 6.23111915588, 5.54726886749, 4.13178730011, 5.33726835251, 2.91913890839, 3.03601837158, 2.56238913536, 1.18634343147, 2.09041857719, 0.825044155121, 0.392434239388, 0.18360888958, 0.0350882075727, 0.00297996704467, 0.000238082342548, 1.97883528017e-005, 2.48902379099e-005],
        "var": [1.61867228599e-006, 0.00729592004791, 1.10701930523, 9.48378181458, 625.548522949, 526.47277832, 899.727416992, 1404.4934082, 1261.35510254, 288.839355469, 2160.13500977, 3650.81616211, 1379.44702148, 45471.5820313, 61030.0507813, 86381.3203125, 20507.6679688, 53539.6875, 5110.07714844, 306.290496826, 196.299728394, 3871.84277344, 127.750244141, 66.543800354, 105.163040161, 70.3330001831, 233.511077881, 29.3393707275, 35.8821411133, 56.4883956909, 8.37655448914, 70.142288208, 3.52015447617, 0.91607517004, 0.498010456562, 0.0171969961375, 0.000145254962263, 1.60188881182e-006, 1.67166169796e-009, 6.22711382459e-010]
    },
    "gfcc": {
        "mean": [-50.5360298157, 92.567527771, -154.839263916, 10.6333255768, -88.399269104, 2.66750216484, -52.254283905, -8.28604412079, -39.5678634644, -15.2012310028, -8.22531700134, 1.11204171181, -5.59419202805],
        "cov": [[4736.58984375, -395.313690186, -243.11328125, 312.618133545, -181.258117676, 329.474853516, -274.731140137, -107.856544495, -120.46282959, 87.5796966553, -127.240768433, -297.285980225, -140.748825073], [-395.313690186, 1211.47399902, 349.575500488, 5.07827186584, 382.542541504, -70.5927352905, 206.742324829, -153.542541504, 24.886838913, -189.927093506, 4.30589103699, -146.209136963, -46.7321548462], [-243.11328125, 349.575500488, 472.847808838, 167.275024414, 196.150756836, 94.7377319336, 53.2942008972, -14.0899171829, -46.3152427673, -57.7552566528, -89.3674850464, -79.756072998, -78.1035766602], [312.618133545, 5.07827186584, 167.275024414, 292.74005127, 124.61164856, 140.172622681, 5.83585929871, 7.92532920837, -14.7701654434, 20.3259048462, -71.0882415771, -81.3789367676, -68.6479949951], [-181.258117676, 382.542541504, 196.150756836, 124.61164856, 387.827545166, 173.747848511, 68.4942932129, -82.9632797241, 4.91276788712, -0.572467327118, -5.68458843231, -93.1083068848, -65.787902832], [329.474853516, -70.5927352905, 94.7377319336, 140.172622681, 173.747848511, 318.28994751, 43.2446098328, -5.13496875763, -29.7697181702, 43.0263633728, -19.677066803, -50.5804443359, -67.6936645508], [-274.731140137, 206.742324829, 53.2942008972, 5.83585929871, 68.4942932129, 43.2446098328, 219.827041626, 47.4447479248, -11.5324468613, -67.7196044922, 4.85167551041, 25.0060997009, 4.41110944748], [-107.856544495, -153.542541504, -14.0899171829, 7.92532920837, -82.9632797241, -5.13496875763, 47.4447479248, 164.40032959, 41.6438331604, 3.41556549072, -32.0951805115, 35.6398696899, 11.8746957779], [-120.46282959, 24.886838913, -46.3152427673, -14.7701654434, 4.91276788712, -29.7697181702, -11.5324468613, 41.6438331604, 139.719863892, 61.313709259, 2.09756350517, -11.912560463, -6.79819059372], [87.5796966553, -189.927093506, -57.7552566528, 20.3259048462, -0.572467327118, 43.0263633728, -67.7196044922, 3.41556549072, 61.313709259, 173.388519287, 22.2949485779, -11.3395233154, -25.5773353577], [-127.240768433, 4.30589103699, -89.3674850464, -71.0882415771, -5.68458843231, -19.677066803, 4.85167551041, -32.0951805115, 2.09756350517, 22.2949485779, 132.702972412, 76.6489562988, 26.4571170807], [-297.285980225, -146.209136963, -79.756072998, -81.3789367676, -93.1083068848, -50.5804443359, 25.0060997009, 35.6398696899, -11.912560463, -11.3395233154, 76.6489562988, 197.144744873, 77.6193008423], [-140.748825073, -46.7321548462, -78.1035766602, -68.6479949951, -65.787902832, -67.6936645508, 4.41110944748, 11.8746957779, -6.79819059372, -25.5773353577, 26.4571170807, 77.6193008423, 109.433074951]],
        "icov": [[0.000439830677351, -0.000608732749242, 0.000750800420064, -0.000611244118772, 0.000993296038359, -0.00101749971509, 0.000795411993749, -0.000100194236438, 0.000638152298052, -0.00022907674429, 0.000324428168824, 0.000228605698794, 0.000150219158968], [-0.000608732749242, 0.0056828437373, -0.00370362540707, 0.00182409619447, -0.00431804079562, 0.004444103688, -0.00483320048079, 0.00376474740915, -0.00452172989026, 0.00407836819068, -0.0028984725941, 0.00291238725185, -0.000608348054811], [0.000750800420064, -0.00370362540707, 0.00660800328478, -0.00265295570716, 0.00141681649256, -0.00266784685664, 0.00335412542336, -0.00257481285371, 0.00425147591159, -0.00170072808396, 0.00385239301249, -0.0022652335465, 0.00232363119721], [-0.000611244118772, 0.00182409619447, -0.00265295570716, 0.00687432102859, -0.00270367017947, 0.000606081564911, -0.00135259167291, -4.14893984271e-005, -0.000932677299716, 0.00029857919435, 0.00070013088407, 0.000726022233721, 0.000547849398572], [0.000993296038359, -0.00431804079562, 0.00141681649256, -0.00270367017947, 0.010336172767, -0.00671732379124, 0.00219281343743, 0.00114320905413, 0.0008617946296, -0.00229031965137, 0.000526241608895, 0.000204313051654, -0.0001590513275], [-0.00101749971509, 0.004444103688, -0.00266784685664, 0.000606081564911, -0.00671732379124, 0.0101644797251, -0.00487463641912, 0.00112390157301, -0.000999433803372, 0.000795999309048, -0.00186841830146, 0.00100060168188, 0.00125510036014], [0.000795411993749, -0.00483320048079, 0.00335412542336, -0.00135259167291, 0.00219281343743, -0.00487463641912, 0.0112940864637, -0.00619442481548, 0.00412252917886, -0.00035603941069, 0.00131545343902, -0.00271341390908, 0.000803681672551], [-0.000100194236438, 0.00376474740915, -0.00257481285371, -4.14893984271e-005, 0.00114320905413, 0.00112390157301, -0.00619442481548, 0.0138541627675, -0.00726847117767, 0.00265022739768, 0.00160129833966, -4.24638783443e-005, -0.00044514410547], [0.000638152298052, -0.00452172989026, 0.00425147591159, -0.000932677299716, 0.0008617946296, -0.000999433803372, 0.00412252917886, -0.00726847117767, 0.015239180997, -0.00733535457402, 0.00245905504562, -0.00106584711466, 0.00125515216496], [-0.00022907674429, 0.00407836819068, -0.00170072808396, 0.00029857919435, -0.00229031965137, 0.000795999309048, -0.00035603941069, 0.00265022739768, -0.00733535457402, 0.0128228571266, -0.00425746617839, 0.00227134721354, 0.00122237729374], [0.000324428168824, -0.0028984725941, 0.00385239301249, 0.00070013088407, 0.000526241608895, -0.00186841830146, 0.00131545343902, 0.00160129833966, 0.00245905504562, -0.00425746617839, 0.0155663173646, -0.0074197370559, 0.0019589997828], [0.000228605698794, 0.00291238725185, -0.0022652335465, 0.000726022233721, 0.000204313051654, 0.00100060168188, -0.00271341390908, -4.24638783443e-005, -0.00106584711466, 0.00227134721354, -0.0074197370559, 0.0128229781985, -0.00560444965959], [0.000150219158968, -0.000608348054811, 0.00232363119721, 0.000547849398572, -0.0001590513275, 0.00125510036014, 0.000803681672551, -0.00044514410547, 0.00125515216496, 0.00122237729374, 0.0019589997828, -0.00560444965959, 0.0156353805214]]
    },
    "melbands": {
        "mean": [1.23041527331e-005, 0.000169149978319, 0.000454384251498, 0.000934237614274, 0.000627163739409, 0.000513177597895, 0.000345578562701, 0.000118772040878, 0.000163801989402, 0.000118859286886, 0.0001007364408, 0.000266943767201, 0.000364155188436, 0.000141753946082, 0.000187744313735, 0.000136417424073, 8.94187178346e-005, 2.55246468441e-005, 1.69466693478e-005, 7.84458188718e-006, 9.94529636955e-006, 2.50936482189e-005, 9.62137710303e-006, 8.82553285919e-006, 4.40501480625e-006, 4.2225319703e-006, 3.41137456417e-006, 2.35120546677e-006, 4.21606500822e-006, 1.82752273759e-006, 1.67402038187e-006, 1.82275107363e-006, 1.56507132942e-006, 1.27129737848e-006, 5.41362680906e-007, 9.48411070567e-007, 1.42780493206e-006, 6.00248768023e-007, 3.91232191532e-007, 2.96276965628e-007],
        "var": [9.17398046418e-010, 1.51069173171e-007, 1.18508876312e-006, 3.46405909113e-006, 1.10238272555e-006, 6.95359460678e-007, 2.5881286092e-007, 2.89634005668e-008, 1.46169440995e-007, 1.28644529696e-007, 4.02444619851e-008, 6.53213874102e-007, 1.83885708793e-006, 2.23649365694e-007, 3.9364564941e-007, 2.84646034743e-007, 1.4496859535e-007, 1.01179811196e-008, 3.3902591845e-009, 2.08636372068e-010, 3.45001333057e-010, 8.25199641952e-009, 1.32566999045e-010, 1.47733700273e-010, 4.36383290614e-011, 5.53354653765e-011, 6.74175368309e-011, 2.58818175225e-011, 2.26278856763e-010, 1.88928855199e-011, 1.25525362674e-011, 1.56035913357e-011, 1.04691368422e-011, 2.10398105188e-011, 1.45026731509e-012, 1.55682810393e-011, 2.90523039653e-011, 1.81921730284e-012, 9.43462213736e-013, 6.07773976546e-013]
    },
    "mfcc": {
        "mean": [-681.194946289, 117.301452637, -16.7987136841, -0.937159597874, -18.2079219818, -10.1526670456, -8.93222427368, -4.0973610878, -20.776102066, -24.4097366333, -12.286324501, -4.11633634567, -8.5274810791],
        "cov": [[4522.8828125, -663.43536377, 0.643641710281, -127.521339417, 65.8159484863, 214.04586792, -19.9074745178, -218.751159668, -53.6344833374, 146.349533081, 55.7236976624, 32.7939834595, -102.54485321], [-663.43536377, 1210.04284668, 71.447883606, 182.304870605, 145.771621704, 112.387153625, 115.470481873, 80.2323760986, -3.60371637344, 21.6337089539, 9.45463466644, -95.2479095459, -86.1797180176], [0.643641710281, 71.447883606, 290.285949707, 103.571075439, 70.0001754761, 56.7059516907, 57.566986084, 62.2448997498, 37.8816680908, 32.9446258545, -6.64923334122, -33.7943725586, -22.9136981964], [-127.521339417, 182.304870605, 103.571075439, 206.79838562, 61.6679458618, 48.7034797668, 51.8835525513, 53.2680931091, 37.5714073181, 20.4760036469, 3.6990237236, -19.0413379669, -18.1529026031], [65.8159484863, 145.771621704, 70.0001754761, 61.6679458618, 312.017974854, 221.825180054, 78.4425964355, -34.5707969666, 17.6736373901, 78.1779403687, 46.4517822266, 1.04518592358, -33.8320350647], [214.04586792, 112.387153625, 56.7059516907, 48.7034797668, 221.825180054, 329.122253418, 136.92288208, -6.18088245392, 19.436914444, 51.3489112854, 69.4857254028, 24.4471740723, -21.4076385498], [-19.9074745178, 115.470481873, 57.566986084, 51.8835525513, 78.4425964355, 136.92288208, 210.590255737, 84.1159744263, 20.4205322266, -4.77346801758, -0.881395876408, 5.92676925659, -14.5549850464], [-218.751159668, 80.2323760986, 62.2448997498, 53.2680931091, -34.5707969666, -6.18088245392, 84.1159744263, 213.0703125, 57.8111572266, -34.0591583252, -30.7270240784, -2.61787676811, 27.2895565033], [-53.6344833374, -3.60371637344, 37.8816680908, 37.5714073181, 17.6736373901, 19.436914444, 20.4205322266, 57.8111572266, 157.035888672, 62.0105323792, 18.3815517426, 4.45501995087, 5.97276926041], [146.349533081, 21.6337089539, 32.9446258545, 20.4760036469, 78.1779403687, 51.3489112854, -4.77346801758, -34.0591583252, 62.0105323792, 165.563217163, 53.1726341248, -10.217874527, -35.7893066406], [55.7236976624, 9.45463466644, -6.64923334122, 3.6990237236, 46.4517822266, 69.4857254028, -0.881395876408, -30.7270240784, 18.3815517426, 53.1726341248, 141.326171875, 49.3892784119, -0.840614676476], [32.7939834595, -95.2479095459, -33.7943725586, -19.0413379669, 1.04518592358, 24.4471740723, 5.92676925659, -2.61787676811, 4.45501995087, -10.217874527, 49.3892784119, 130.061828613, 45.0282020569], [-102.54485321, -86.1797180176, -22.9136981964, -18.1529026031, -33.8320350647, -21.4076385498, -14.5549850464, 27.2895565033, 5.97276926041, -35.7893066406, -0.840614676476, 45.0282020569, 117.59463501]],
        "icov": [[0.000282428954961, 0.000167355319718, -4.3324111175e-005, 4.71169005323e-005, 0.000184106553206, -0.000350986898411, 4.2338608182e-005, 0.000131458829856, 0.000147144673974, -0.000254287180724, 0.000109304863145, -4.61203962914e-005, 0.000265144131845], [0.000167355319718, 0.00122052745428, 0.000277951417957, -0.000785700161941, -0.000308354006847, -0.000140162868774, -0.00019767419144, -0.000390770088416, 0.000440599687863, -4.82928771817e-005, -0.00032138696406, 0.000732324668206, 0.000605477427598], [-4.3324111175e-005, 0.000277951417957, 0.00472773052752, -0.00189277529716, -0.000699971918948, -4.93178449688e-005, -0.000241950488999, -0.00116885872558, 4.23482379119e-006, -0.000524823612068, 0.00012613038416, 0.000977646326646, 0.000292499229545], [4.71169005323e-005, -0.000785700161941, -0.00189277529716, 0.00707927625626, -0.000654623436276, 0.00014350375568, -0.000271275115665, -0.000637317250948, -0.000962322345003, 0.000146828984725, -0.000146106875036, -5.28428572579e-005, 0.000254151673289], [0.000184106553206, -0.000308354006847, -0.000699971918948, -0.000654623436276, 0.00743955792859, -0.00477360095829, 0.000289270334179, 0.00132694188505, 0.000311196956318, -0.00206014188007, 0.000964111182839, -0.000297974445857, 0.000174527842319], [-0.000350986898411, -0.000140162868774, -4.93178449688e-005, 0.00014350375568, -0.00477360095829, 0.00866883806884, -0.00410369643942, 0.00068118883064, -0.000363116065273, 0.000753509346396, -0.00262414012104, -0.000127530322061, -0.000579644169193], [4.2338608182e-005, -0.00019767419144, -0.000241950488999, -0.000271275115665, 0.000289270334179, -0.00410369643942, 0.00903920084238, -0.00340373208746, 0.000299400824588, 0.000494469655678, 0.00136729923543, -0.00100645399652, 0.00157832261175], [0.000131458829856, -0.000390770088416, -0.00116885872558, -0.000637317250948, 0.00132694188505, 0.00068118883064, -0.00340373208746, 0.00848484225571, -0.00309756048955, 0.00159003294539, 0.000780164904427, 7.48096272218e-006, -0.00173847191036], [0.000147144673974, 0.000440599687863, 4.23482379119e-006, -0.000962322345003, 0.000311196956318, -0.000363116065273, 0.000299400824588, -0.00309756048955, 0.00956528726965, -0.00442302133888, -0.000151808955707, -0.000256154831732, -0.000652155373245], [-0.000254287180724, -4.82928771817e-005, -0.000524823612068, 0.000146828984725, -0.00206014188007, 0.000753509346396, 0.000494469655678, 0.00159003294539, -0.00442302133888, 0.01057338994, -0.00313162081875, 0.00134462537244, 0.00180529674981], [0.000109304863145, -0.00032138696406, 0.00012613038416, -0.000146106875036, 0.000964111182839, -0.00262414012104, 0.00136729923543, 0.000780164904427, -0.000151808955707, -0.00313162081875, 0.0109418407083, -0.00436572404578, 0.00045417106594], [-4.61203962914e-005, 0.000732324668206, 0.000977646326646, -5.28428572579e-005, -0.000297974445857, -0.000127530322061, -0.00100645399652, 7.48096272218e-006, -0.000256154831732, 0.00134462537244, -0.00436572404578, 0.0115726897493, -0.00359671236947], [0.000265144131845, 0.000605477427598, 0.000292499229545, 0.000254151673289, 0.000174527842319, -0.000579644169193, 0.00157832261175, -0.00173847191036, -0.000652155373245, 0.00180529674981, 0.00045417106594, -0.00359671236947, 0.0117814559489]]
    },
    "spectral_contrast_coeffs": {
        "mean": [-0.511074960232, -0.66923636198, -0.690239608288, -0.724189221859, -0.738391518593, -0.740403175354],
        "var": [0.0104459291324, 0.00676967995241, 0.00636422121897, 0.00448428886011, 0.00211174646392, 0.00146016059443]
    },
    "spectral_contrast_valleys": {
        "mean": [-9.20602416992, -7.18803405762, -7.68760681152, -8.43595981598, -8.42579555511, -11.0455226898],
        "var": [1.0641721487, 0.796518146992, 0.666514277458, 0.816790819168, 0.792525529861, 0.928731024265]
    }
},
"metadata": {
    "audio_properties": {
        "analysis_sample_rate": 44100,
        "bit_rate": 128074,
        "equal_loudness": 0,
        "length": 45.0612258911,
        "lossless": 0,
        "replay_gain": -4.97965240479,
        "sample_rate": 44100,
        "codec": "mp3",
        "downmix": "mix",
        "md5_encoded": "13156f9e0f68eb3e529127d60414bf5d"
    },
    "tags": {
        "file_name": "1047.mp3"
    },
    "version": {
        "essentia": "2.1-beta2",
        "essentia_git_sha": "v2.1_beta2",
        "extractor": "music 1.0"
    }
},
"rhythm": {
    "beats_count": 79,
    "beats_loudness": {
        "mean": 0.0330914482474,
        "var": 0.000437485723523
    },
    "bpm": 106.966964722,
    "bpm_histogram_first_peak_bpm": {
        "mean": 108,
        "var": 0
    },
    "bpm_histogram_first_peak_spread": {
        "mean": 0.500000059605,
        "var": 0
    },
    "bpm_histogram_first_peak_weight": {
        "mean": 0.474358975887,
        "var": 0
    },
    "bpm_histogram_second_peak_bpm": {
        "mean": 103,
        "var": 0
    },
    "bpm_histogram_second_peak_spread": {
        "mean": 0.249999985099,
        "var": 0
    },
    "bpm_histogram_second_peak_weight": {
        "mean": 0.0384615398943,
        "var": 0
    },
    "danceability": 1.26317369938,
    "onset_rate": 3.77094459534,
    "beats_loudness_band_ratio": {
        "mean": [0.133640781045, 0.351256400347, 0.191282883286, 0.325973898172, 0.0578804388642, 0.0307597722858],
        "var": [0.0268070269376, 0.052521109581, 0.0243093539029, 0.0540232434869, 0.00287930597551, 0.00127322948538]
    },
    "beats_position": [0.592108845711, 1.17260766029, 1.74149656296, 2.29877543449, 2.85605430603, 3.41333317757, 3.97061228752, 4.53950119019, 5.10838985443, 5.66566896439, 6.2229475975, 6.78022670746, 7.33750534058, 7.89478445053, 8.45206356049, 9.0093421936, 9.56662082672, 10.1239004135, 10.6811790466, 11.2384576797, 11.807346344, 12.3762359619, 12.9567346573, 13.5140132904, 14.0712919235, 14.6169614792, 15.1858501434, 15.7431287766, 16.3004074097, 16.8576869965, 17.4033565521, 17.9606342316, 18.5179138184, 19.0635814667, 19.6208610535, 20.1781406403, 20.7354183197, 21.3043079376, 21.8615875244, 22.430475235, 22.9993648529, 23.5450344086, 24.1139221191, 24.6828117371, 25.2516994476, 25.8205890656, 26.4126987457, 26.9815864563, 27.5388660431, 28.1077537537, 28.6882534027, 29.2455329895, 29.8144207001, 30.383310318, 30.9521980286, 31.5094776154, 32.0667572021, 32.6356468201, 33.204536438, 33.7734222412, 34.3423118591, 34.9112014771, 35.480091095, 36.0373687744, 36.6062583923, 37.1751480103, 37.7208137512, 38.2664833069, 38.823764801, 39.369430542, 39.9151000977, 40.4723815918, 41.0296592712, 41.5869369507, 42.1326065063, 42.6898841858, 43.2471656799, 43.8160552979, 44.3849411011]
},
"tonal": {
    "chords_changes_rate": 0.0637860074639,
    "chords_number_rate": 0.0123456791043,
    "chords_strength": {
        "mean": 0.491932541132,
        "var": 0.0058973566629
    },
    "hpcp_entropy": {
        "mean": 1.51980435848,
        "var": 0.526676476002
    },
    "key_strength": 0.712550222874,
    "tuning_diatonic_strength": 0.522850513458,
    "tuning_equal_tempered_deviation": 0.0220212806016,
    "tuning_frequency": 441.017791748,
    "tuning_nontempered_energy_ratio": 0.65258038044,
    "hpcp": {
        "mean": [0.232690140605, 0.11450111866, 0.047310911119, 0.055262517184, 0.0690876990557, 0.246964544058, 0.407771497965, 0.230800434947, 0.0339413173497, 0.0158689375967, 0.0198422372341, 0.0737514123321, 0.110659383237, 0.0755764469504, 0.100646622479, 0.132197141647, 0.105363659561, 0.0973833054304, 0.0686850100756, 0.0363582186401, 0.148290902376, 0.26871573925, 0.158480137587, 0.0464793331921, 0.041354700923, 0.0396341644228, 0.114856079221, 0.164894998074, 0.100730217993, 0.0859241932631, 0.113475218415, 0.108368352056, 0.159367471933, 0.160280048847, 0.0856021568179, 0.165194064379],
        "var": [0.117738589644, 0.0316200591624, 0.0176085531712, 0.0297425407916, 0.0207488704473, 0.0738010630012, 0.171258121729, 0.0736648365855, 0.00565879233181, 0.00161938765086, 0.00268853758462, 0.0234317276627, 0.0589943900704, 0.0177771467716, 0.0346937067807, 0.0543601885438, 0.0395742692053, 0.041725449264, 0.0174511894584, 0.0054684705101, 0.0374337434769, 0.116906121373, 0.0449552461505, 0.0191368032247, 0.0211191233248, 0.00990594550967, 0.0466210581362, 0.0853921845555, 0.0322477817535, 0.0380417816341, 0.0650210604072, 0.0521295815706, 0.065171957016, 0.0720545649529, 0.0213911812752, 0.0598434247077]
    },
    "chords_histogram": [38.8888893127, 1.95473253727, 4.42386817932, 0.411522626877, 0.102880656719, 0, 0, 0, 0, 0, 2.05761313438, 1.33744859695, 0, 0, 0, 0, 0, 15.0205764771, 6.37860059738, 4.62962961197, 8.02469158173, 2.46913576126, 9.25925922394, 5.04115247726],
    "thpcp": [1, 0.56600433588, 0.0832361206412, 0.0389162488282, 0.0486601851881, 0.180864557624, 0.271375954151, 0.185340195894, 0.246821135283, 0.324194163084, 0.258388966322, 0.238818317652, 0.168439954519, 0.0891632139683, 0.363661766052, 0.658986091614, 0.388649374247, 0.113983772695, 0.101416356862, 0.097196996212, 0.281667739153, 0.404380887747, 0.247026130557, 0.210716530681, 0.278281390667, 0.265757530928, 0.390825420618, 0.393063396215, 0.209926784039, 0.405114293098, 0.570638537407, 0.280797272921, 0.116023093462, 0.135523244739, 0.169427484274, 0.605644464493],
    "chords_key": "E",
    "chords_scale": "major",
    "key_key": "E",
    "key_scale": "major"
}
}