{
"lowlevel": {
    "average_loudness": 0.983149647713,
    "barkbands_crest": {
        "mean": 8.25874996185,
        "var": 9.85482311249
    },
    "barkbands_flatness_db": {
        "mean": 0.123307399452,
        "var": 0.00104820798151
    },
    "barkbands_kurtosis": {
        "mean": 3.2498691082,
        "var": 29.254699707
    },
    "barkbands_skewness": {
        "mean": 1.6566529274,
        "var": 0.668071210384
    },
    "barkbands_spread": {
        "mean": 24.5614013672,
        "var": 80.9025650024
    },
    "dissonance": {
        "mean": 0.47557631135,
        "var": 0.000352961185854
    },
    "dynamic_complexity": 0.867693006992,
    "erbbands_crest": {
        "mean": 6.47260141373,
        "var": 8.63301372528
    },
    "erbbands_flatness_db": {
        "mean": 0.147402107716,
        "var": 0.000467388628749
    },
    "erbbands_kurtosis": {
        "mean": -0.621812403202,
        "var": 1.87017524242
    },
    "erbbands_skewness": {
        "mean": 0.127684488893,
        "var": 0.399829626083
    },
    "erbbands_spread": {
        "mean": 49.1925163269,
        "var": 147.646743774
    },
    "hfc": {
        "mean": 27.2131538391,
        "var": 86.3600158691
    },
    "melbands_crest": {
        "mean": 12.2258958817,
        "var": 15.8819694519
    },
    "melbands_flatness_db": {
        "mean": 0.181680843234,
        "var": 0.00178210844751
    },
    "melbands_kurtosis": {
        "mean": 13.2710428238,
        "var": 148.165390015
    },
    "melbands_skewness": {
        "mean": 2.96694016457,
        "var": 1.1995960474
    },
    "melbands_spread": {
        "mean": 22.2991905212,
        "var": 114.739044189
    },
    "pitch_salience": {
        "mean": 0.633301973343,
        "var": 0.0091510321945
    },
    "silence_rate_20dB": {
        "mean": 1,
        "var": 0
    },
    "silence_rate_30dB": {
        "mean": 1,
        "var": 0
    },
    "silence_rate_60dB": {
        "mean": 0.00102986616548,
        "var": 0.00102881784551
    },
    "spectral_centroid": {
        "mean": 1551.24133301,
        "var": 250746.21875
    },
    "spectral_complexity": {
        "mean": 33.2260551453,
        "var": 107.891952515
    },
    "spectral_decrease": {
        "mean": -1.04440394111e-008,
        "var": 1.98904329859e-017
    },
    "spectral_energy": {
        "mean": 0.04188657552,
        "var": 0.000295393285342
    },
    "spectral_energyband_high": {
        "mean": 0.00130861112848,
        "var": 5.07257368554e-007
    },
    "spectral_energyband_low": {
        "mean": 0.0140598425642,
        "var": 0.000189034486539
    },
    "spectral_energyband_middle_high": {
        "mean": 0.00664100470021,
        "var": 1.19203668874e-005
    },
    "spectral_energyband_middle_low": {
        "mean": 0.0213092602789,
        "var": 0.000131639666506
    },
    "spectral_entropy": {
        "mean": 7.68283939362,
        "var": 0.0596301145852
    },
    "spectral_flux": {
        "mean": 0.118626818061,
        "var": 0.00152321788482
    },
    "spectral_kurtosis": {
        "mean": 2.57260799408,
        "var": 1.70170140266
    },
    "spectral_rms": {
        "mean": 0.00626053800806,
        "var": 1.67052644429e-006
    },
    "spectral_rolloff": {
        "mean": 1295.19506836,
        "var": 805708.625
    },
    "spectral_skewness": {
        "mean": 1.0161396265,
        "var": 0.0826601460576
    },
    "spectral_spread": {
        "mean": 3942781,
        "var": 1.17641982771e+012
    },
    "spectral_strongpeak": {
        "mean": 0.67057800293,
        "var": 0.481390744448
    },
    "zerocrossingrate": {
        "mean": 0.056208666414,
        "var": 0.000342779909261
    },
    "barkbands": {
        "mean": [0.00113367673475, 0.00778400385752, 0.00408949749544, 0.00387067114934, 0.00870740227401, 0.00315483077429, 0.00187373661902, 0.00187139608897, 0.00117565831169, 0.0015690443106, 0.000639701727778, 0.000413958274294, 0.000486501347041, 0.000477490160847, 0.000329544767737, 0.000520926900208, 0.000816252315417, 0.000628743378911, 0.000751526153181, 0.000653638911899, 0.000596286146902, 0.000169084072695, 8.87333007995e-005, 5.76475176786e-005, 2.20273122977e-005, 4.50273228125e-006, 6.49139408893e-008],
        "var": [4.14499118051e-006, 0.000108966203697, 1.5082572645e-005, 1.97720110009e-005, 5.36093502888e-005, 7.95925370767e-006, 3.66547556041e-006, 7.1135204962e-006, 4.96706434205e-006, 4.17870023739e-006, 5.46157593817e-007, 2.79335239384e-007, 4.44703658786e-007, 3.54517140977e-007, 1.00265367564e-007, 1.91081412027e-007, 4.8280980991e-007, 2.23223366902e-007, 2.4231528073e-007, 3.78491336051e-007, 1.20634425116e-007, 1.45253524764e-008, 7.76269981628e-009, 2.76593414839e-009, 4.44241005093e-010, 1.87118515127e-011, 1.28617277419e-014]
    },
    "erbbands": {
        "mean": [0.255762189627, 1.62918758392, 4.53754901886, 8.74438667297, 26.3261394501, 25.5100021362, 25.6206970215, 26.2816543579, 26.1387672424, 36.1964607239, 36.3150215149, 29.1956958771, 48.5915718079, 33.4430084229, 26.1500301361, 18.2608509064, 23.462638855, 24.7578296661, 19.2533855438, 18.3462104797, 36.5622367859, 43.775188446, 33.2097053528, 44.3119773865, 32.478679657, 31.3307628632, 27.6721076965, 18.8828353882, 6.6644744873, 3.72915172577, 2.67935228348, 1.45374178886, 0.751978754997, 0.329563528299, 0.11293489486, 0.0294425487518, 0.00675277039409, 0.000596711761318, 3.8036985643e-005, 5.04709096276e-005],
        "var": [0.170063734055, 4.2710518837, 18.8366279602, 56.2407989502, 954.65802002, 635.067077637, 799.006958008, 558.526916504, 529.130004883, 2299.10107422, 2722.5324707, 3357.70239258, 5037.47363281, 1160.82946777, 907.303955078, 437.179016113, 940.383056641, 842.491638184, 510.195831299, 228.573699951, 904.44744873, 1235.87609863, 484.869567871, 953.727905273, 522.184143066, 874.773376465, 293.958679199, 132.498901367, 20.0717754364, 11.2276906967, 7.06980323792, 1.64243304729, 0.479698896408, 0.0975295230746, 0.0150300553069, 0.000836027786136, 4.34122266597e-005, 3.45498733623e-007, 3.46743828095e-010, 3.72034320018e-010]
    },
    "gfcc": {
        "mean": [42.2918205261, 111.360221863, -129.056716919, 58.320148468, -64.9273147583, 4.50843381882, -31.2491226196, 7.31471967697, -24.9019947052, -2.00975704193, -14.3590984344, -3.24456095695, -4.83639192581],
        "cov": [[2055.45874023, -142.689941406, -369.828948975, 129.243392944, 60.302230835, 61.8991737366, -21.6767234802, 123.623001099, -35.067325592, 19.4004230499, -44.9152908325, 7.23850393295, -16.024438858], [-142.689941406, 276.566314697, 3.39140367508, -13.0355167389, 42.5614204407, -74.8419799805, 49.1613578796, -35.9832000732, 48.4962997437, -13.1708574295, 38.035369873, -18.6979637146, 25.9874572754], [-369.828948975, 3.39140367508, 397.515594482, 3.93891429901, -85.0234451294, 37.6926002502, -60.3157348633, -26.4455795288, -0.205066025257, 6.02612304688, -2.9324657917, 10.0279350281, -7.48295307159], [129.243392944, -13.0355167389, 3.93891429901, 116.426498413, 77.2333068848, 17.4051837921, -1.76325237751, -1.56887483597, 9.69718551636, 1.04134213924, 0.848355829716, 12.9628591537, 12.0391950607], [60.302230835, 42.5614204407, -85.0234451294, 77.2333068848, 183.455490112, 17.6279354095, 30.4327983856, -4.67623472214, 16.5142307281, 10.0763902664, -3.21780085564, 6.2159075737, 9.01976299286], [61.8991737366, -74.8419799805, 37.6926002502, 17.4051837921, 17.6279354095, 121.837089539, 38.6591911316, 19.1059360504, -14.3713960648, 14.1172714233, 3.60821771622, 1.57466173172, -9.17700576782], [-21.6767234802, 49.1613578796, -60.3157348633, -1.76325237751, 30.4327983856, 38.6591911316, 127.01713562, 40.6163597107, 9.02756023407, 0.47464120388, 20.0614318848, -10.2296390533, 4.19417381287], [123.623001099, -35.9832000732, -26.4455795288, -1.56887483597, -4.67623472214, 19.1059360504, 40.6163597107, 94.0825500488, 30.7704734802, 14.1473999023, 1.9471681118, 1.88439619541, 0.215819239616], [-35.067325592, 48.4962997437, -0.205066025257, 9.69718551636, 16.5142307281, -14.3713960648, 9.02756023407, 30.7704734802, 72.4983901978, 27.3961086273, 17.0104866028, 1.25578594208, 7.81947374344], [19.4004230499, -13.1708574295, 6.02612304688, 1.04134213924, 10.0763902664, 14.1172714233, 0.47464120388, 14.1473999023, 27.3961086273, 54.2622795105, 23.1816368103, 5.15902090073, -6.28054380417], [-44.9152908325, 38.035369873, -2.9324657917, 0.848355829716, -3.21780085564, 3.60821771622, 20.0614318848, 1.9471681118, 17.0104866028, 23.1816368103, 59.885597229, 16.5000858307, 10.1138296127], [7.23850393295, -18.6979637146, 10.0279350281, 12.9628591537, 6.2159075737, 1.57466173172, -10.2296390533, 1.88439619541, 1.25578594208, 5.15902090073, 16.5000858307, 49.1020698547, 19.0917377472], [-16.024438858, 25.9874572754, -7.48295307159, 12.0391950607, 9.01976299286, -9.17700576782, 4.19417381287, 0.215819239616, 7.81947374344, -6.28054380417, 10.1138296127, 19.0917377472, 43.3669433594]],
        "icov": [[0.00136245461181, -0.0030054145027, 0.00243616127409, -0.00327889993787, 0.00228099431843, -0.0027794779744, 0.00315886503085, -0.00376087380573, 0.00356513424776, -0.00285182939842, 0.00276393373497, -0.00159535207786, 0.00128756486811], [-0.0030054145027, 0.0203630588949, -0.00873369816691, 0.0118760950863, -0.0108623048291, 0.0147928018123, -0.0146344890818, 0.0159138441086, -0.0174222122878, 0.014293750748, -0.0152405453846, 0.0110670682043, -0.00749757234007], [0.00243616127409, -0.00873369816691, 0.00872112438083, -0.00812177546322, 0.00784173514694, -0.00919358246028, 0.00871477462351, -0.00699636107311, 0.00688482495025, -0.00695859827101, 0.00780188292265, -0.00550449406728, 0.00386346364394], [-0.00327889993787, 0.0118760950863, -0.00812177546322, 0.0230180993676, -0.0138998972252, 0.00785541534424, -0.00783894583583, 0.0105279777199, -0.0128433816135, 0.0123748686165, -0.0111864730716, 0.00537725025788, -0.00651120720431], [0.00228099431843, -0.0108623048291, 0.00784173514694, -0.0138998972252, 0.0168041735888, -0.00940142571926, 0.0055133565329, -0.0056003681384, 0.00717476475984, -0.011162923649, 0.0127195958048, -0.00774922827259, 0.00410881219432], [-0.0027794779744, 0.0147928018123, -0.00919358246028, 0.00785541534424, -0.00940142571926, 0.023678323254, -0.0157377459109, 0.00993871781975, -0.00705757830292, 0.00548669230193, -0.0104852840304, 0.00726305088028, -0.00390505301766], [0.00315886503085, -0.0146344890818, 0.00871477462351, -0.00783894583583, 0.0055133565329, -0.0157377459109, 0.0257119406015, -0.0187176018953, 0.0136587405577, -0.00564689468592, 0.00377107015811, -0.00228732451797, 0.00359313003719], [-0.00376087380573, 0.0159138441086, -0.00699636107311, 0.0105279777199, -0.0056003681384, 0.00993871781975, -0.0187176018953, 0.0319610759616, -0.0236279945821, 0.00984033569694, -0.00652386853471, 0.00413813255727, -0.00475156959146], [0.00356513424776, -0.0174222122878, 0.00688482495025, -0.0128433816135, 0.00717476475984, -0.00705757830292, 0.0136587405577, -0.0236279945821, 0.0408085696399, -0.0237472932786, 0.00988585501909, -0.00443019205704, 0.0011693231063], [-0.00285182939842, 0.014293750748, -0.00695859827101, 0.0123748686165, -0.011162923649, 0.00548669230193, -0.00564689468592, 0.00984033569694, -0.0237472932786, 0.0432695560157, -0.023371161893, 0.0065032094717, 0.00286045484245], [0.00276393373497, -0.0152405453846, 0.00780188292265, -0.0111864730716, 0.0127195958048, -0.0104852840304, 0.00377107015811, -0.00652386853471, 0.00988585501909, -0.023371161893, 0.0398189760745, -0.0172601267695, 0.00255421851762], [-0.00159535207786, 0.0110670682043, -0.00550449406728, 0.00537725025788, -0.00774922827259, 0.00726305088028, -0.00228732451797, 0.00413813255727, -0.00443019205704, 0.0065032094717, -0.0172601267695, 0.0362873263657, -0.0165237430483], [0.00128756486811, -0.00749757234007, 0.00386346364394, -0.00651120720431, 0.00410881219432, -0.00390505301766, 0.00359313003719, -0.00475156959146, 0.0011693231063, 0.00286045484245, 0.00255421851762, -0.0165237430483, 0.0353792272508]]
    },
    "melbands": {
        "mean": [0.00224844901823, 0.00233560870402, 0.00214369432069, 0.00189681502525, 0.000972897454631, 0.000592296826653, 0.000398593052523, 0.000406453938922, 0.000269197043963, 0.000181556868483, 0.000244903727435, 0.000139950585435, 8.74962206581e-005, 5.34808059456e-005, 4.84465854242e-005, 4.65390548925e-005, 4.77035646327e-005, 3.13632845064e-005, 2.39564069489e-005, 2.82755718217e-005, 4.63320830022e-005, 4.89202939207e-005, 2.94958099403e-005, 3.20425679092e-005, 3.69674562535e-005, 2.49348322541e-005, 2.0376408429e-005, 2.10439520743e-005, 1.70272396645e-005, 1.68977039721e-005, 8.59023930389e-006, 3.95643110096e-006, 2.36082564697e-006, 1.89072227386e-006, 1.68001304246e-006, 1.08530093712e-006, 7.99282588559e-007, 5.29538056071e-007, 4.34351790091e-007, 2.21437858272e-007],
        "var": [1.07428286356e-005, 5.17660964761e-006, 4.28972680311e-006, 3.05850676341e-006, 9.64352352639e-007, 2.64502233449e-007, 1.23229824567e-007, 2.93128778139e-007, 1.51783609681e-007, 1.41461811154e-007, 1.29756131173e-007, 2.4091757922e-008, 1.01792156926e-008, 3.95476140724e-009, 4.9082289344e-009, 3.53843798706e-009, 3.80332743077e-009, 1.89201365686e-009, 5.76791836515e-010, 6.33938179728e-010, 1.58328827826e-009, 1.78026848818e-009, 4.60191384999e-010, 5.53758705557e-010, 7.65769225808e-010, 3.29402866095e-010, 3.43243489187e-010, 4.69191130392e-010, 1.65087207793e-010, 1.2045513198e-010, 3.19855808506e-011, 8.36890539507e-012, 3.67637127338e-012, 3.88154916195e-012, 3.3707982152e-012, 8.76699483409e-013, 5.93650616946e-013, 2.6810525371e-013, 1.61812132703e-013, 5.19929219578e-014]
    },
    "mfcc": {
        "mean": [-588.059265137, 121.761444092, -3.0569460392, 46.6178245544, -5.7546620369, 3.36825203896, 0.98066598177, 3.1399512291, 0.515505731106, -0.882141232491, -5.79819536209, 2.23878836632, -5.98052215576],
        "cov": [[1647.25830078, -221.216567993, -415.446166992, 63.4279670715, 62.2439689636, -24.5120487213, 52.1437606812, 58.4524116516, 60.9797935486, 45.7559280396, 17.5366516113, 18.7293205261, -12.3765830994], [-221.216567993, 287.428375244, -5.70137691498, 39.0411758423, -25.2496738434, -11.303150177, -17.1988639832, -18.3992195129, -1.12139439583, 5.84748649597, 2.07942509651, 15.4088582993, 10.2217798233], [-415.446166992, -5.70137691498, 454.081726074, -64.806060791, -14.8897247314, -2.80580472946, -36.6110839844, -24.9503192902, -31.7324104309, -15.6546583176, -0.956421911716, -18.1040210724, 13.3306627274], [63.4279670715, 39.0411758423, -64.806060791, 129.084472656, 55.0095176697, 11.6158466339, -12.2030506134, 3.7293112278, 14.0258369446, -7.80772638321, -5.98271274567, 2.6336722374, 0.411976695061], [62.2439689636, -25.2496738434, -14.8897247314, 55.0095176697, 125.982658386, 42.6448020935, -18.770406723, -8.31593036652, 10.0890655518, -10.8157548904, 3.11952471733, -5.47230291367, -5.80992031097], [-24.5120487213, -11.303150177, -2.80580472946, 11.6158466339, 42.6448020935, 105.709495544, 40.2966117859, 3.63564372063, -5.64059448242, -3.08174324036, 6.61082267761, -1.85909843445, -11.6571407318], [52.1437606812, -17.1988639832, -36.6110839844, -12.2030506134, -18.770406723, 40.2966117859, 101.086982727, 39.0316085815, 7.32121324539, 17.5360774994, 6.05896663666, 9.50813865662, -0.347489207983], [58.4524116516, -18.3992195129, -24.9503192902, 3.7293112278, -8.31593036652, 3.63564372063, 39.0316085815, 65.0360183716, 30.6043338776, 7.64356708527, 1.43473124504, 8.91958236694, 4.69108438492], [60.9797935486, -1.12139439583, -31.7324104309, 14.0258369446, 10.0890655518, -5.64059448242, 7.32121324539, 30.6043338776, 57.8526649475, 26.6882839203, 4.25549936295, 6.42658424377, 4.25281620026], [45.7559280396, 5.84748649597, -15.6546583176, -7.80772638321, -10.8157548904, -3.08174324036, 17.5360774994, 7.64356708527, 26.6882839203, 64.7832336426, 25.1388053894, 9.09715080261, 2.22704291344], [17.5366516113, 2.07942509651, -0.956421911716, -5.98271274567, 3.11952471733, 6.61082267761, 6.05896663666, 1.43473124504, 4.25549936295, 25.1388053894, 55.0922775269, 25.1272296906, 4.50757408142], [18.7293205261, 15.4088582993, -18.1040210724, 2.6336722374, -5.47230291367, -1.85909843445, 9.50813865662, 8.91958236694, 6.42658424377, 9.09715080261, 25.1272296906, 55.0918998718, 23.6081409454], [-12.3765830994, 10.2217798233, 13.3306627274, 0.411976695061, -5.80992031097, -11.6571407318, -0.347489207983, 4.69108438492, 4.25281620026, 2.22704291344, 4.50757408142, 23.6081409454, 46.2985801697]],
        "icov": [[0.000982810393907, 0.00077545462409, 0.000807662727311, -0.000230814912356, -0.000448739650892, 0.000647213426419, -0.00027005240554, -0.000202036069822, 3.49915012521e-006, -0.000494086067192, -9.23668558244e-005, -0.000131320019136, 8.55145990499e-005], [0.00077545462409, 0.00473789824173, 0.000506364449393, -0.00223559932783, 0.00166448648088, -7.2946650107e-006, 0.000328065507347, 0.00150873721577, -0.000542266701814, -0.000763051095419, 0.000144263423863, -0.00124097452499, -0.000202753915801], [0.000807662727311, 0.000506364449393, 0.00333120161667, 0.00123719021212, -0.000392736139474, -0.000120014046843, 0.0011197719723, -0.000623975705821, 0.00108841178007, -0.000321874336805, -0.000580523803364, 0.0013582771644, -0.00159449479543], [-0.000230814912356, -0.00223559932783, 0.00123719021212, 0.0117516890168, -0.00520434835926, 1.3462960851e-005, 0.00112002331298, -0.00163722073194, -0.000781466427725, 0.000893166172318, 0.0015881175641, -0.000520601752214, -0.000364656123566], [-0.000448739650892, 0.00166448648088, -0.000392736139474, -0.00520434835926, 0.0145956138149, -0.006940709427, 0.00401821732521, 0.00274240877479, -0.00493171112612, 0.00299563608132, -0.00258073443547, 0.00142444192898, -0.000657898315694], [0.000647213426419, -7.2946650107e-006, -0.000120014046843, 1.3462960851e-005, -0.006940709427, 0.0164448972791, -0.00927000399679, 0.00214602029882, 0.00133827293757, 0.00144867028575, -0.00180978828575, -9.04033076949e-005, 0.00322127877735], [-0.00027005240554, 0.000328065507347, 0.0011197719723, 0.00112002331298, 0.00401821732521, -0.00927000399679, 0.0206006914377, -0.0125213190913, 0.00609457027167, -0.00651803938672, 0.002464201767, -0.00166218494996, -0.000522115733474], [-0.000202036069822, 0.00150873721577, -0.000623975705821, -0.00163722073194, 0.00274240877479, 0.00214602029882, -0.0125213190913, 0.031655151397, -0.0187480412424, 0.00851259380579, -0.00186069670599, -0.0012682385277, -0.000469265331049], [3.49915012521e-006, -0.000542266701814, 0.00108841178007, -0.000781466427725, -0.00493171112612, 0.00133827293757, 0.00609457027167, -0.0187480412424, 0.0356458202004, -0.0165360216051, 0.00542300520465, -0.00148613075726, -0.000771417748183], [-0.000494086067192, -0.000763051095419, -0.000321874336805, 0.000893166172318, 0.00299563608132, 0.00144867028575, -0.00651803938672, 0.00851259380579, -0.0165360216051, 0.0285543445498, -0.0129540553316, 0.00366831710562, -0.000513555307407], [-9.23668558244e-005, 0.000144263423863, -0.000580523803364, 0.0015881175641, -0.00258073443547, -0.00180978828575, 0.002464201767, -0.00186069670599, 0.00542300520465, -0.0129540553316, 0.0304291117936, -0.0149320848286, 0.00430044112727], [-0.000131320019136, -0.00124097452499, 0.0013582771644, -0.000520601752214, 0.00142444192898, -9.04033076949e-005, -0.00166218494996, -0.0012682385277, -0.00148613075726, 0.00366831710562, -0.0149320848286, 0.0324559099972, -0.0150113496929], [8.55145990499e-005, -0.000202753915801, -0.00159449479543, -0.000364656123566, -0.000657898315694, 0.00322127877735, -0.000522115733474, -0.000469265331049, -0.000771417748183, -0.000513555307407, 0.00430044112727, -0.0150113496929, 0.0302323568612]]
    },
    "spectral_contrast_coeffs": {
        "mean": [-0.622119367123, -0.740589261055, -0.768143713474, -0.795685350895, -0.786112964153, -0.684559524059],
        "var": [0.00610995804891, 0.00360014336184, 0.00335399876349, 0.00208748225123, 0.00126558658667, 0.00119151303079]
    },
    "spectral_contrast_valleys": {
        "mean": [-6.48832845688, -6.07924127579, -6.82122325897, -7.25227165222, -6.68945550919, -10.0840682983],
        "var": [0.434658616781, 0.427958220243, 0.45838919282, 0.501492023468, 0.54661655426, 0.41797721386]
    }
},
"metadata": {
    "audio_properties": {
        "analysis_sample_rate": 44100,
        "bit_rate": 128074,
        "equal_loudness": 0,
        "length": 45.0612258911,
        "lossless": 0,
        "replay_gain": -5.25266456604,
        "sample_rate": 44100,
        "codec": "mp3",
        "downmix": "mix",
        "md5_encoded": "de78cda30622b1f7fb5d7df48a253b72"
    },
    "tags": {
        "file_name": "1048.mp3"
    },
    "version": {
        "essentia": "2.1-beta2",
        "essentia_git_sha": "v2.1_beta2",
        "extractor": "music 1.0"
    }
},
"rhythm": {
    "beats_count": 121,
    "beats_loudness": {
        "mean": 0.0436159335077,
        "var": 0.000226955962717
    },
    "bpm": 162.758453369,
    "bpm_histogram_first_peak_bpm": {
        "mean": 161,
        "var": 0
    },
    "bpm_histogram_first_peak_spread": {
        "mean": 0.241758242249,
        "var": 0
    },
    "bpm_histogram_first_peak_weight": {
        "mean": 0.574999988079,
        "var": 0
    },
    "bpm_histogram_second_peak_bpm": {
        "mean": 167,
        "var": 0
    },
    "bpm_histogram_second_peak_spread": {
        "mean": 0,
        "var": 0
    },
    "bpm_histogram_second_peak_weight": {
        "mean": 0.183333337307,
        "var": 0
    },
    "danceability": 1.231544137,
    "onset_rate": 1.61928796768,
    "beats_loudness_band_ratio": {
        "mean": [0.523734271526, 0.264607936144, 0.128540024161, 0.0711484029889, 0.0616675764322, 0.0542210750282],
        "var": [0.0307672377676, 0.0204370040447, 0.00822485145181, 0.00342163885944, 0.00165728118736, 0.000657900469378]
    },
    "beats_position": [0.336689323187, 0.684988677502, 1.04489791393, 1.4164172411, 1.78793644905, 2.15945577621, 2.53097510338, 2.91410422325, 3.28562355042, 3.65714287758, 4.02866220474, 4.40018129349, 4.76009082794, 5.13160991669, 5.4915189743, 5.83981847763, 6.19972801208, 6.5596370697, 6.91954612732, 7.27945566177, 7.63936471939, 8.01088428497, 8.38240337372, 8.76553249359, 9.12544155121, 9.49696159363, 9.86848068237, 10.2516098022, 10.6347389221, 11.0062580109, 11.3777770996, 11.749297142, 12.1208162308, 12.4923353195, 12.8522443771, 13.235373497, 13.6068935394, 13.9784126282, 14.3499317169, 14.7214508057, 15.0929698944, 15.4644899368, 15.8360090256, 16.2075271606, 16.5674381256, 16.9389572144, 17.298866272, 17.6703853607, 18.0419044495, 18.4134235382, 18.784942627, 19.179681778, 19.5512008667, 19.9227199554, 20.3174591064, 20.7005901337, 21.0837192535, 21.4552383423, 21.8151473999, 22.1866664886, 22.5697956085, 22.9413146973, 23.312833786, 23.6843528748, 24.0674819946, 24.4390010834, 24.8221302032, 25.1936511993, 25.5767803192, 25.9599094391, 26.3314285278, 26.7145576477, 27.0976867676, 27.4692058563, 27.8407249451, 28.2122440338, 28.5953731537, 28.9785022736, 29.3500213623, 29.7215423584, 30.0930614471, 30.4529705048, 30.8128795624, 31.1960086823, 31.5791378021, 31.9390468597, 32.3105659485, 32.6820869446, 33.053604126, 33.4251251221, 33.8082542419, 34.1797714233, 34.5512924194, 34.8995895386, 35.2478904724, 35.6194114685, 35.9909286499, 36.362449646, 36.7455787659, 37.1170959473, 37.4886169434, 37.8369140625, 38.1968231201, 38.5683441162, 38.9398651123, 39.3113822937, 39.6829032898, 40.0544204712, 40.4259414673, 40.7974586487, 41.1573677063, 41.5288887024, 41.88879776, 42.2603149414, 42.6318359375, 43.0033569336, 43.3632659912, 43.7231750488, 44.0830841064, 44.4662132263, 44.8493423462]
},
"tonal": {
    "chords_changes_rate": 0.0936213955283,
    "chords_number_rate": 0.00720164598897,
    "chords_strength": {
        "mean": 0.476991713047,
        "var": 0.00739591522142
    },
    "hpcp_entropy": {
        "mean": 2.51585197449,
        "var": 0.524253189564
    },
    "key_strength": 0.683289587498,
    "tuning_diatonic_strength": 0.697194337845,
    "tuning_equal_tempered_deviation": 0.162879675627,
    "tuning_frequency": 434.193115234,
    "tuning_nontempered_energy_ratio": 0.880422472954,
    "hpcp": {
        "mean": [0.137903094292, 0.1339276582, 0.138354584575, 0.172370791435, 0.180052086711, 0.148393437266, 0.145770803094, 0.158874601126, 0.175916150212, 0.242230251431, 0.240189805627, 0.144591495395, 0.097844466567, 0.0976876467466, 0.132971912622, 0.185648992658, 0.179867893457, 0.129343405366, 0.0918426811695, 0.0738849937916, 0.0793494731188, 0.09514888376, 0.100043922663, 0.168997734785, 0.262258499861, 0.230765640736, 0.168877482414, 0.176576688886, 0.170438319445, 0.207114875317, 0.368163943291, 0.392899155617, 0.235494211316, 0.143700763583, 0.120154604316, 0.123336695135],
        "var": [0.0402512289584, 0.0381913110614, 0.0426215864718, 0.0651382133365, 0.0797609016299, 0.045245539397, 0.0380067266524, 0.0500982515514, 0.0521736368537, 0.0844601616263, 0.0863298103213, 0.0357088074088, 0.0213591009378, 0.025386556983, 0.0355550199747, 0.0508040599525, 0.0407590419054, 0.029540002346, 0.0205287598073, 0.0142770586535, 0.0197433307767, 0.0273431036621, 0.0266904234886, 0.043069280684, 0.0924242511392, 0.0795063823462, 0.0555480532348, 0.0747137740254, 0.0688484460115, 0.0576454102993, 0.116601653397, 0.13679818809, 0.0694125294685, 0.0416904203594, 0.034672267735, 0.0347015559673]
    },
    "chords_histogram": [22.3251037598, 0, 19.4444446564, 0.823045253754, 0.823045253754, 0, 0, 0, 0, 0, 0, 0, 0.205761313438, 0, 0, 4.01234579086, 0, 16.9753093719, 0, 20.9876537323, 0.720164597034, 7.30452680588, 6.37860059738, 0],
    "thpcp": [1, 0.599375724792, 0.365744650364, 0.305815368891, 0.313914388418, 0.350988537073, 0.340870320797, 0.35213765502, 0.438715100288, 0.458265393972, 0.377688348293, 0.37101328373, 0.404364824295, 0.447738677263, 0.616520166397, 0.611326873302, 0.368011713028, 0.249032005668, 0.248632878065, 0.338437765837, 0.472510546446, 0.457796603441, 0.329202562571, 0.233756378293, 0.18805077672, 0.201958879828, 0.242171257734, 0.254630029202, 0.430130064487, 0.667495727539, 0.587340652943, 0.429823994637, 0.449419885874, 0.433796614408, 0.527145147324, 0.937044382095],
    "chords_key": "C",
    "chords_scale": "major",
    "key_key": "C",
    "key_scale": "major"
}
}