{
"lowlevel": {
    "average_loudness": 0.976157665253,
    "barkbands_crest": {
        "mean": 8.89726543427,
        "var": 13.4513235092
    },
    "barkbands_flatness_db": {
        "mean": 0.110338836908,
        "var": 0.00119558465667
    },
    "barkbands_kurtosis": {
        "mean": 1.9018484354,
        "var": 30.3245391846
    },
    "barkbands_skewness": {
        "mean": 1.24900591373,
        "var": 1.24615848064
    },
    "barkbands_spread": {
        "mean": 29.0812034607,
        "var": 107.828834534
    },
    "dissonance": {
        "mean": 0.480151325464,
        "var": 0.000268127216259
    },
    "dynamic_complexity": 1.10152292252,
    "erbbands_crest": {
        "mean": 8.15941524506,
        "var": 10.5691375732
    },
    "erbbands_flatness_db": {
        "mean": 0.140123650432,
        "var": 0.00150493439287
    },
    "erbbands_kurtosis": {
        "mean": 0.10308829695,
        "var": 1.57873177528
    },
    "erbbands_skewness": {
        "mean": -0.391915410757,
        "var": 0.317140072584
    },
    "erbbands_spread": {
        "mean": 43.49559021,
        "var": 436.758666992
    },
    "hfc": {
        "mean": 31.1033096313,
        "var": 147.039764404
    },
    "melbands_crest": {
        "mean": 14.3328466415,
        "var": 26.2413768768
    },
    "melbands_flatness_db": {
        "mean": 0.175463333726,
        "var": 0.00223693228327
    },
    "melbands_kurtosis": {
        "mean": 13.0292100906,
        "var": 506.309112549
    },
    "melbands_skewness": {
        "mean": 2.79164791107,
        "var": 3.64286351204
    },
    "melbands_spread": {
        "mean": 30.2939434052,
        "var": 317.268951416
    },
    "pitch_salience": {
        "mean": 0.562155246735,
        "var": 0.0109753254801
    },
    "silence_rate_20dB": {
        "mean": 1,
        "var": 0
    },
    "silence_rate_30dB": {
        "mean": 1,
        "var": 0
    },
    "silence_rate_60dB": {
        "mean": 0.00257466523908,
        "var": 0.00256808265112
    },
    "spectral_centroid": {
        "mean": 1627.62890625,
        "var": 220029.953125
    },
    "spectral_complexity": {
        "mean": 28.6585998535,
        "var": 82.4681472778
    },
    "spectral_decrease": {
        "mean": -9.05705199727e-009,
        "var": 1.82698554714e-017
    },
    "spectral_energy": {
        "mean": 0.0370046198368,
        "var": 0.000269028620096
    },
    "spectral_energyband_high": {
        "mean": 0.00104713602923,
        "var": 9.14551037567e-007
    },
    "spectral_energyband_low": {
        "mean": 0.0143038118258,
        "var": 0.000199605870876
    },
    "spectral_energyband_middle_high": {
        "mean": 0.00960863009095,
        "var": 3.88420776289e-005
    },
    "spectral_energyband_middle_low": {
        "mean": 0.0143872946501,
        "var": 0.000135165973916
    },
    "spectral_entropy": {
        "mean": 7.74127531052,
        "var": 0.0732713937759
    },
    "spectral_flux": {
        "mean": 0.107523977757,
        "var": 0.00180305319373
    },
    "spectral_kurtosis": {
        "mean": 4.52327203751,
        "var": 5.83781051636
    },
    "spectral_rms": {
        "mean": 0.00587476091459,
        "var": 1.58929026384e-006
    },
    "spectral_rolloff": {
        "mean": 1809.12268066,
        "var": 1484118.625
    },
    "spectral_skewness": {
        "mean": 1.52514970303,
        "var": 0.123692974448
    },
    "spectral_spread": {
        "mean": 4696795.5,
        "var": 3.16719077786e+012
    },
    "spectral_strongpeak": {
        "mean": 0.917249500751,
        "var": 1.3033567667
    },
    "zerocrossingrate": {
        "mean": 0.068891659379,
        "var": 0.000802940223366
    },
    "barkbands": {
        "mean": [0.000161210627994, 0.00484029902145, 0.00710794562474, 0.00407628063112, 0.00583353685215, 0.00110787840094, 0.00145323341712, 0.000921423605178, 0.000710158492438, 0.000731732987333, 0.000750133185647, 0.00117404141929, 0.00138537795283, 0.000696364615578, 0.000669087225106, 0.00090928922873, 0.00173546629958, 0.000834852515254, 0.000681687088218, 0.000310947216349, 0.000215667489101, 0.000182254851097, 0.000163005432114, 0.00015687722771, 0.000136401882628, 5.71842610952e-005, 2.26549082072e-006],
        "var": [6.10577757243e-008, 7.94567094999e-005, 5.46026858501e-005, 1.64880693774e-005, 8.29203854664e-005, 1.89685454188e-006, 4.71227940579e-006, 3.18141292155e-006, 1.45796707329e-006, 1.1148122212e-006, 2.46732656706e-006, 5.31267460246e-006, 6.42210306978e-006, 1.58348871082e-006, 1.98192105927e-006, 7.58180931371e-007, 1.97315375772e-006, 6.25130724075e-007, 2.93488881198e-007, 1.04748131946e-007, 5.78530148232e-008, 5.18624148071e-008, 4.05774898127e-008, 4.51753692232e-008, 2.66967816742e-008, 5.32329735847e-009, 1.29846827734e-011]
    },
    "erbbands": {
        "mean": [0.0939534157515, 1.34105622768, 7.3643655777, 11.7212677002, 18.0003223419, 18.6311454773, 12.9509649277, 7.74048709869, 18.2741775513, 24.1883583069, 14.9348173141, 17.1567745209, 21.4728164673, 23.6273345947, 42.2415046692, 49.3563690186, 63.8042259216, 37.9585266113, 37.2887802124, 33.6880760193, 64.3640060425, 92.1931915283, 55.5467796326, 37.1190643311, 27.7084617615, 14.6260251999, 10.3927783966, 7.35064029694, 6.15979290009, 5.90393066406, 4.78440284729, 3.1350672245, 2.65818667412, 1.77944338322, 0.839640557766, 0.328563600779, 0.0884598568082, 0.012425750494, 0.000322992535075, 5.59579930268e-005],
        "var": [0.026524445042, 5.65110778809, 69.9577865601, 85.0022583008, 751.910644531, 831.328857422, 299.643981934, 79.4950790405, 826.399475098, 1338.42773438, 666.02142334, 892.397583008, 1187.70739746, 1792.38293457, 5966.99462891, 6773.5625, 12561.6494141, 3552.95532227, 5236.50976563, 2531.94775391, 2843.0300293, 5556.37841797, 2446.97265625, 683.805236816, 690.143798828, 239.140533447, 102.411849976, 81.6272735596, 63.3964080811, 48.530002594, 34.6818695068, 18.5857162476, 12.9478321075, 4.68572282791, 1.16198170185, 0.195553690195, 0.0137400105596, 0.000240297464188, 1.74724817725e-007, 4.97628438456e-010]
    },
    "gfcc": {
        "mean": [48.9497299194, 75.1059494019, -116.710350037, 42.4225158691, -44.1932525635, 16.0681324005, -48.4413948059, 15.1533002853, -33.3283576965, -4.48746013641, -19.5575351715, 2.12372374535, -19.0873832703],
        "cov": [[1916.90905762, -46.5302505493, 34.8429450989, 73.4579620361, -87.4554367065, 80.9220504761, -36.0335884094, -8.06158733368, -59.1895675659, 33.0764465332, -98.7881546021, 7.97686719894, -32.0680427551], [-46.5302505493, 609.729064941, -217.544815063, 3.13010525703, 134.765380859, -96.6117324829, 100.434822083, 29.5784225464, 37.9172019958, -49.1861724854, 95.4412002563, -46.7513771057, 56.7715301514], [34.8429450989, -217.544815063, 743.086669922, 242.437332153, -0.718828558922, 146.658584595, -23.8219833374, 19.0083885193, 54.7996101379, 50.4110031128, -76.3055343628, 71.3168640137, -20.345413208], [73.4579620361, 3.13010525703, 242.437332153, 347.356872559, 40.0924949646, 31.8183040619, -22.3310947418, -64.2121734619, 84.0949630737, 11.4288873672, -36.329750061, -11.8420877457, 58.8858222961], [-87.4554367065, 134.765380859, -0.718828558922, 40.0924949646, 218.510055542, 6.09338378906, -7.40150499344, 32.433757782, 40.0271034241, 30.662147522, 8.98148059845, -17.5896282196, 20.8058757782], [80.9220504761, -96.6117324829, 146.658584595, 31.8183040619, 6.09338378906, 146.749542236, 53.1538314819, 11.5420351028, -2.02321791649, 5.21277570724, -11.0384464264, 17.5703792572, -23.4386520386], [-36.0335884094, 100.434822083, -23.8219833374, -22.3310947418, -7.40150499344, 53.1538314819, 189.096481323, 61.7329559326, -31.4422588348, -38.2181968689, 38.4465065002, 15.0627307892, -10.0087680817], [-8.06158733368, 29.5784225464, 19.0083885193, -64.2121734619, 32.433757782, 11.5420351028, 61.7329559326, 130.680847168, 11.1190700531, -2.0830078125, 23.5768127441, 31.4862689972, -17.4534683228], [-59.1895675659, 37.9172019958, 54.7996101379, 84.0949630737, 40.0271034241, -2.02321791649, -31.4422588348, 11.1190700531, 113.519073486, 40.6707267761, 1.4916189909, -8.23142528534, 13.8231344223], [33.0764465332, -49.1861724854, 50.4110031128, 11.4288873672, 30.662147522, 5.21277570724, -38.2181968689, -2.0830078125, 40.6707267761, 89.7435073853, 2.64291238785, -6.54143714905, -7.11480760574], [-98.7881546021, 95.4412002563, -76.3055343628, -36.329750061, 8.98148059845, -11.0384464264, 38.4465065002, 23.5768127441, 1.4916189909, 2.64291238785, 86.7493362427, 18.0365371704, -3.40956377983], [7.97686719894, -46.7513771057, 71.3168640137, -11.8420877457, -17.5896282196, 17.5703792572, 15.0627307892, 31.4862689972, -8.23142528534, -6.54143714905, 18.0365371704, 75.3453216553, 8.12741756439], [-32.0680427551, 56.7715301514, -20.345413208, 58.8858222961, 20.8058757782, -23.4386520386, -10.0087680817, -17.4534683228, 13.8231344223, -7.11480760574, -3.40956377983, 8.12741756439, 81.9404678345]],
        "icov": [[0.000927489250898, -0.00121198117267, 0.000904219807126, -0.00139377568848, 0.00125314365141, -0.0016475643497, 0.00131820689421, -0.00135545548983, 0.00196652812883, -0.00212263502181, 0.00246782647446, -0.00164173438679, 0.00126112892758], [-0.00121198117267, 0.00625353585929, -0.00195734831505, 0.00299673737027, -0.00444247946143, 0.00553936092183, -0.00488399574533, 0.00315986992791, -0.00529368128628, 0.00651672342792, -0.00776233291253, 0.00594847509637, -0.00411171326414], [0.000904219807126, -0.00195734831505, 0.00449780048802, -0.00446654018015, 0.00207041669637, -0.00418716482818, 0.00269950623624, -0.00321130943485, 0.00315656559542, -0.00446818396449, 0.00564059428871, -0.00581613508984, 0.00385003723204], [-0.00139377568848, 0.00299673737027, -0.00446654018015, 0.0100260255858, -0.00359987979755, 0.00382850132883, -0.00465377653018, 0.00707963295281, -0.00869662780315, 0.00654592365026, -0.00509688211605, 0.00561243621632, -0.00672043254599], [0.00125314365141, -0.00444247946143, 0.00207041669637, -0.00359987979755, 0.00935368705541, -0.00550181185827, 0.00483255786821, -0.00588521920145, 0.00440214015543, -0.00674531981349, 0.00498075317591, -0.00187281949911, 0.00112205487676], [-0.0016475643497, 0.00553936092183, -0.00418716482818, 0.00382850132883, -0.00550181185827, 0.0164167713374, -0.00909623969346, 0.00594601547346, -0.0059679178521, 0.00576093606651, -0.00587901379913, 0.0037757139653, -0.00113742484245], [0.00131820689421, -0.00488399574533, 0.00269950623624, -0.00465377653018, 0.00483255786821, -0.00909623969346, 0.0140714412555, -0.00867885537446, 0.00787567626685, -0.00303521263413, 0.0023821501527, -0.00266099115834, 0.00272647105157], [-0.00135545548983, 0.00315986992791, -0.00321130943485, 0.00707963295281, -0.00588521920145, 0.00594601547346, -0.00867885537446, 0.0178192257881, -0.00948894117028, 0.00577182136476, -0.00419579586014, -0.00168409594335, -0.000579844112508], [0.00196652812883, -0.00529368128628, 0.00315656559542, -0.00869662780315, 0.00440214015543, -0.0059679178521, 0.00787567626685, -0.00948894117028, 0.0216105096042, -0.0122667169198, 0.005945939105, -0.00353947724216, 0.00347450887784], [-0.00212263502181, 0.00651672342792, -0.00446818396449, 0.00654592365026, -0.00674531981349, 0.00576093606651, -0.00303521263413, 0.00577182136476, -0.0122667169198, 0.0242205504328, -0.0121113676578, 0.00891329161823, -0.00415569171309], [0.00246782647446, -0.00776233291253, 0.00564059428871, -0.00509688211605, 0.00498075317591, -0.00587901379913, 0.0023821501527, -0.00419579586014, 0.005945939105, -0.0121113676578, 0.0283532943577, -0.0155154792592, 0.0085221612826], [-0.00164173438679, 0.00594847509637, -0.00581613508984, 0.00561243621632, -0.00187281949911, 0.0037757139653, -0.00266099115834, -0.00168409594335, -0.00353947724216, 0.00891329161823, -0.0155154792592, 0.0287840757519, -0.0114990472794], [0.00126112892758, -0.00411171326414, 0.00385003723204, -0.00672043254599, 0.00112205487676, -0.00113742484245, 0.00272647105157, -0.000579844112508, 0.00347450887784, -0.00415569171309, 0.0085221612826, -0.0114990472794, 0.0214792657644]]
    },
    "melbands": {
        "mean": [0.00110219616909, 0.00315470108762, 0.00222160061821, 0.00142532598693, 0.000511138990987, 0.000181304683792, 0.000288769660983, 0.000262324465439, 0.000111903180368, 0.000107808344183, 0.000105287304905, 9.08829315449e-005, 0.000120021242765, 0.000143657758599, 0.000156271329615, 0.000103623628092, 6.87876599841e-005, 5.89567316638e-005, 4.73498403153e-005, 4.87914767291e-005, 8.34120364743e-005, 9.80263430392e-005, 7.85545053077e-005, 3.20168001053e-005, 2.99420808005e-005, 2.46843319474e-005, 1.40447609738e-005, 8.46811508382e-006, 6.81721257934e-006, 5.34296759724e-006, 3.73612010662e-006, 3.39602115673e-006, 3.60941999134e-006, 3.08553444484e-006, 2.94878122986e-006, 2.16762441596e-006, 1.77201206952e-006, 1.8322342612e-006, 1.79220899099e-006, 1.41360976613e-006],
        "var": [3.9469314288e-006, 1.40893680509e-005, 3.03092065224e-006, 5.47661875316e-006, 4.06153390031e-007, 4.48120829333e-008, 1.98326304712e-007, 1.70537546751e-007, 3.6356446742e-008, 3.68025894204e-008, 3.01822637994e-008, 2.8388026152e-008, 5.29083337142e-008, 8.35063431737e-008, 8.6639431629e-008, 2.95740356648e-008, 1.58403743455e-008, 1.42367699851e-008, 1.04300728054e-008, 3.59366669755e-009, 5.18629361679e-009, 7.07025638036e-009, 5.31881294563e-009, 8.80626405131e-010, 5.12892783799e-010, 5.3324361593e-010, 3.01875580089e-010, 9.14325004597e-011, 4.20613058272e-011, 5.01919131257e-011, 2.22251297227e-011, 2.13872201199e-011, 2.15709793777e-011, 1.39272543151e-011, 1.25191879433e-011, 1.09196462636e-011, 5.88885017139e-012, 6.36057005676e-012, 5.89215655433e-012, 3.02354018558e-012]
    },
    "mfcc": {
        "mean": [-594.026306152, 104.567817688, -6.85491514206, 28.4748344421, 22.3956375122, 0.884416759014, 3.89099788666, 9.98042011261, -3.96994137764, -6.78263759613, -2.6648683548, 1.90754520893, -1.30912590027],
        "cov": [[1324.55126953, -61.9770698547, -41.4186706543, -7.1391043663, -80.3197097778, 51.8557319641, -14.7412729263, -35.9068336487, 16.4802417755, 11.6847639084, -21.6312026978, -28.5445709229, -50.5097923279], [-61.9770698547, 556.83013916, -297.019073486, 12.2400102615, 10.5402259827, -111.088775635, 94.7423400879, 45.5365066528, -6.3820567131, 28.8958892822, 3.86985421181, 50.98254776, 35.5986938477], [-41.4186706543, -297.019073486, 713.552612305, 110.901512146, 58.3170852661, 150.050369263, -40.6075401306, 45.8355293274, 72.97265625, -40.1937522888, 22.7177867889, -7.58172607422, -0.912295162678], [-7.1391043663, 12.2400102615, 110.901512146, 250.098236084, 92.0227203369, 57.3173294067, -43.404499054, -21.7677116394, 52.0696601868, 26.0682601929, -24.1867046356, -23.4973278046, 7.05125427246], [-80.3197097778, 10.5402259827, 58.3170852661, 92.0227203369, 232.379165649, 51.9640274048, -64.4820022583, -45.6150169373, 43.4183235168, 37.9661636353, 14.7431135178, -26.0209579468, 1.47866296768], [51.8557319641, -111.088775635, 150.050369263, 57.3173294067, 51.9640274048, 164.341964722, -7.21324014664, -20.1466827393, 23.273979187, 18.8731575012, 5.19536876678, -16.8428592682, -19.8712043762], [-14.7412729263, 94.7423400879, -40.6075401306, -43.404499054, -64.4820022583, -7.21324014664, 170.854476929, 83.5391693115, -3.76396799088, -15.0984067917, 7.74193382263, 41.6352310181, 18.1929283142], [-35.9068336487, 45.5365066528, 45.8355293274, -21.7677116394, -45.6150169373, -20.1466827393, 83.5391693115, 149.223175049, 18.2773418427, -26.0490856171, 13.1935176849, 37.7031669617, 18.1707515717], [16.4802417755, -6.3820567131, 72.97265625, 52.0696601868, 43.4183235168, 23.273979187, -3.76396799088, 18.2773418427, 94.1855697632, 20.7775306702, -7.89151287079, -2.52764105797, -1.44580054283], [11.6847639084, 28.8958892822, -40.1937522888, 26.0682601929, 37.9661636353, 18.8731575012, -15.0984067917, -26.0490856171, 20.7775306702, 92.2527542114, 19.1428718567, -4.25803375244, 0.242634937167], [-21.6312026978, 3.86985421181, 22.7177867889, -24.1867046356, 14.7431135178, 5.19536876678, 7.74193382263, 13.1935176849, -7.89151287079, 19.1428718567, 83.2969665527, 26.5744667053, 8.62006664276], [-28.5445709229, 50.98254776, -7.58172607422, -23.4973278046, -26.0209579468, -16.8428592682, 41.6352310181, 37.7031669617, -2.52764105797, -4.25803375244, 26.5744667053, 81.6405715942, 30.5942459106], [-50.5097923279, 35.5986938477, -0.912295162678, 7.05125427246, 1.47866296768, -19.8712043762, 18.1929283142, 18.1707515717, -1.44580054283, 0.242634937167, 8.62006664276, 30.5942459106, 68.6726608276]],
        "icov": [[0.000831321987789, 6.47635033602e-006, 0.000133923589601, -1.58776492754e-005, 0.000497957400512, -0.00039499727427, 0.000113362402772, 0.000172233907506, -0.000394841801608, -2.36934283748e-006, -3.20388826367e-005, 9.6109797596e-005, 0.000363777566236], [6.47635033602e-006, 0.00321514904499, 0.00110945000779, -0.00105501560029, -0.000972126901615, 0.00163973972667, -0.00161780952476, -0.000486683566123, 0.00013618383673, -0.000668223947287, 8.63824097905e-005, -0.00120326178148, 4.43813987658e-005], [0.000133923589601, 0.00110945000779, 0.00274385884404, -0.000899517559446, 1.80823208211e-005, -0.00163336331025, 0.000570932519622, -0.00112970755436, -0.00144613126758, 0.00177010137122, -0.00126020296011, -0.000103530226625, -0.000505548494402], [-1.58776492754e-005, -0.00105501560029, -0.000899517559446, 0.00613415054977, -0.00110850075725, -0.00146610755473, 0.00114040833432, 0.0001283812162, -0.00148922798689, -0.00089430261869, 0.00219969428144, 0.000792013248429, -0.00150018872228], [0.000497957400512, -0.000972126901615, 1.80823208211e-005, -0.00110850075725, 0.00704973377287, -0.00193049921654, 0.00200804835185, 0.00120421964675, -0.00262142065912, -0.000109187778435, -0.0023487478029, 0.00184399913996, -0.00115826807451], [-0.00039499727427, 0.00163973972667, -0.00163336331025, -0.00146610755473, -0.00193049921654, 0.0104326996952, -0.00311763188802, 0.00153606338426, 0.000703166122548, -0.0023744830396, 5.45624461665e-005, -0.000443017052021, 0.00268188910559], [0.000113362402772, -0.00161780952476, 0.000570932519622, 0.00114040833432, 0.00200804835185, -0.00311763188802, 0.0105800228193, -0.00460682855919, -0.000199008849449, 0.000575129175559, 0.000308326765662, -0.00150825211313, -0.00108975311741], [0.000172233907506, -0.000486683566123, -0.00112970755436, 0.0001283812162, 0.00120421964675, 0.00153606338426, -0.00460682855919, 0.0117985988036, -0.00339239276946, 0.00243280385621, -0.00174042256549, -0.00137060333509, -0.000383061647881], [-0.000394841801608, 0.00013618383673, -0.00144613126758, -0.00148922798689, -0.00262142065912, 0.000703166122548, -0.000199008849449, -0.00339239276946, 0.0156291536987, -0.00459301983938, 0.00362598057836, -0.00128614751156, 0.00144607329275], [-2.36934283748e-006, -0.000668223947287, 0.00177010137122, -0.00089430261869, -0.000109187778435, -0.0023744830396, 0.000575129175559, 0.00243280385621, -0.00459301983938, 0.0155656356364, -0.00525535224006, 0.00114570837468, -0.00102326693013], [-3.20388826367e-005, 8.63824097905e-005, -0.00126020296011, 0.00219969428144, -0.0023487478029, 5.45624461665e-005, 0.000308326765662, -0.00174042256549, 0.00362598057836, -0.00525535224006, 0.0168852210045, -0.00550937652588, 0.000564126356039], [9.6109797596e-005, -0.00120326178148, -0.000103530226625, 0.000792013248429, 0.00184399913996, -0.000443017052021, -0.00150825211313, -0.00137060333509, -0.00128614751156, 0.00114570837468, -0.00550937652588, 0.019524011761, -0.00683160312474], [0.000363777566236, 4.43813987658e-005, -0.000505548494402, -0.00150018872228, -0.00115826807451, 0.00268188910559, -0.00108975311741, -0.000383061647881, 0.00144607329275, -0.00102326693013, 0.000564126356039, -0.00683160312474, 0.0191515330225]]
    },
    "spectral_contrast_coeffs": {
        "mean": [-0.589253306389, -0.718392670155, -0.777279496193, -0.770589709282, -0.756666779518, -0.775898754597],
        "var": [0.00533291557804, 0.0057023121044, 0.00402468396351, 0.00283854454756, 0.00193143053912, 0.000942831742577]
    },
    "spectral_contrast_valleys": {
        "mean": [-6.93586111069, -6.78761291504, -7.0204501152, -7.16983604431, -6.83451509476, -9.50740242004],
        "var": [0.643116295338, 0.451052904129, 0.468074768782, 0.415946006775, 0.423856526613, 0.582723796368]
    }
},
"metadata": {
    "audio_properties": {
        "analysis_sample_rate": 44100,
        "bit_rate": 128074,
        "equal_loudness": 0,
        "length": 45.0612258911,
        "lossless": 0,
        "replay_gain": -5.47764015198,
        "sample_rate": 44100,
        "codec": "mp3",
        "downmix": "mix",
        "md5_encoded": "cfbf467350bd9dbf52cab2dc825f5d8f"
    },
    "tags": {
        "file_name": "1049.mp3"
    },
    "version": {
        "essentia": "2.1-beta2",
        "essentia_git_sha": "v2.1_beta2",
        "extractor": "music 1.0"
    }
},
"rhythm": {
    "beats_count": 74,
    "beats_loudness": {
        "mean": 0.0398972406983,
        "var": 0.000166429454111
    },
    "bpm": 100.067703247,
    "bpm_histogram_first_peak_bpm": {
        "mean": 99,
        "var": 0
    },
    "bpm_histogram_first_peak_spread": {
        "mean": 0.424657553434,
        "var": 0
    },
    "bpm_histogram_first_peak_weight": {
        "mean": 0.575342416763,
        "var": 0
    },
    "bpm_histogram_second_peak_bpm": {
        "mean": 0,
        "var": 0
    },
    "bpm_histogram_second_peak_spread": {
        "mean": 0,
        "var": 0
    },
    "bpm_histogram_second_peak_weight": {
        "mean": 0,
        "var": 0
    },
    "danceability": 1.30965971947,
    "onset_rate": 3.03893780708,
    "beats_loudness_band_ratio": {
        "mean": [0.427043944597, 0.215948432684, 0.102276690304, 0.146896481514, 0.119878642261, 0.0914452821016],
        "var": [0.0406440980732, 0.017078043893, 0.00619286391884, 0.0172654110938, 0.00634925113991, 0.00287551805377]
    },
    "beats_position": [0.568888902664, 1.14938771725, 1.74149656296, 2.32199549675, 2.91410422325, 3.50621318817, 4.13315200806, 4.73687076569, 5.32897949219, 5.92108821869, 6.52480697632, 7.14013576508, 7.74385452271, 8.34757328033, 8.93968200684, 9.53179073334, 10.1239004135, 10.7043991089, 11.2965078354, 11.8770065308, 12.4691152573, 13.084444046, 13.6997728348, 14.3267116547, 14.9304304123, 15.5341491699, 16.1378688812, 16.7415866852, 17.3453063965, 17.9490242004, 18.5527439117, 19.1564617157, 19.7485713959, 20.3406791687, 20.9211788177, 21.5248966217, 22.128616333, 22.7323360443, 23.3360538483, 23.9397735596, 24.5318813324, 25.1239910126, 25.7277088165, 26.3198184967, 26.9119262695, 27.5156459808, 28.1193637848, 28.711473465, 29.3035831451, 29.9073009491, 30.5110206604, 31.1147384644, 31.7184581757, 32.322177887, 32.9258956909, 33.5296134949, 34.1333312988, 34.7370529175, 35.3407707214, 35.9444885254, 36.5482063293, 37.1403160095, 37.7440338135, 38.3477554321, 38.9398651123, 39.5319709778, 40.1356925964, 40.7277984619, 41.3199081421, 41.9120178223, 42.5157356262, 43.1310653687, 43.7463951111, 44.350112915]
},
"tonal": {
    "chords_changes_rate": 0.0442386828363,
    "chords_number_rate": 0.00514403311536,
    "chords_strength": {
        "mean": 0.589196681976,
        "var": 0.0116285616532
    },
    "hpcp_entropy": {
        "mean": 2.40587496758,
        "var": 0.72470676899
    },
    "key_strength": 0.660346090794,
    "tuning_diatonic_strength": 0.651641190052,
    "tuning_equal_tempered_deviation": 0.102136798203,
    "tuning_frequency": 440.763122559,
    "tuning_nontempered_energy_ratio": 0.806179344654,
    "hpcp": {
        "mean": [0.378484845161, 0.229872778058, 0.127773240209, 0.0887174829841, 0.0629260465503, 0.0588144212961, 0.0691178813577, 0.0977499634027, 0.184840276837, 0.218413844705, 0.153217881918, 0.11277038604, 0.106270082295, 0.113677211106, 0.178893268108, 0.24306961894, 0.18905942142, 0.107768386602, 0.0913141444325, 0.127979934216, 0.229677125812, 0.265772104263, 0.177854970098, 0.109907850623, 0.0778215825558, 0.052862688899, 0.0463128350675, 0.0470444522798, 0.0651100277901, 0.142011225224, 0.206686675549, 0.172937050462, 0.121736072004, 0.110621146858, 0.159378170967, 0.32648447156],
        "var": [0.14527592063, 0.0708155557513, 0.0430447645485, 0.0286867003888, 0.0164562966675, 0.0114810662344, 0.0157014522702, 0.0324318893254, 0.0797603428364, 0.112926751375, 0.0528127141297, 0.0360689647496, 0.0307709034532, 0.0317042805254, 0.0598717480898, 0.109701648355, 0.0714284852147, 0.0285173859447, 0.0214003194124, 0.0367047674954, 0.0676463022828, 0.0826703161001, 0.0401523262262, 0.0246890485287, 0.0153267960995, 0.00997379329056, 0.00615940475836, 0.0084719043225, 0.0169478356838, 0.046064760536, 0.0845741257071, 0.0616980604827, 0.0448253974319, 0.0377863198519, 0.0501980409026, 0.124717757106]
    },
    "chords_histogram": [16.9753093719, 0, 13.1687240601, 18.9300403595, 0, 4.93827152252, 0.205761313438, 0, 0.102880656719, 43.2098770142, 0.514403283596, 0, 0.720164597034, 0, 0, 0, 0, 0, 0, 0.514403283596, 0.102880656719, 0, 0.617283940315, 0],
    "thpcp": [1, 0.607349991798, 0.337591439486, 0.234401673079, 0.166257768869, 0.155394390225, 0.182617306709, 0.258266508579, 0.488369017839, 0.577074229717, 0.404819071293, 0.29795217514, 0.28077763319, 0.300348132849, 0.472656369209, 0.642217576504, 0.499516487122, 0.284736335278, 0.241262346506, 0.338137537241, 0.606833100319, 0.702200114727, 0.469913065434, 0.290389031172, 0.205613464117, 0.139669239521, 0.122363775969, 0.124296791852, 0.17202809453, 0.37520980835, 0.546089708805, 0.456919342279, 0.32164055109, 0.292273640633, 0.421095252037, 0.862609088421],
    "chords_key": "A",
    "chords_scale": "major",
    "key_key": "D",
    "key_scale": "minor"
}
}