{
"lowlevel": {
    "average_loudness": 0.922729313374,
    "barkbands_crest": {
        "mean": 10.2469434738,
        "var": 18.2780017853
    },
    "barkbands_flatness_db": {
        "mean": 0.153695881367,
        "var": 0.00259254919365
    },
    "barkbands_kurtosis": {
        "mean": 4.92577028275,
        "var": 399.801208496
    },
    "barkbands_skewness": {
        "mean": 1.62300646305,
        "var": 2.08438825607
    },
    "barkbands_spread": {
        "mean": 22.2855434418,
        "var": 137.954925537
    },
    "dissonance": {
        "mean": 0.465225428343,
        "var": 0.000628728768788
    },
    "dynamic_complexity": 3.23407626152,
    "erbbands_crest": {
        "mean": 8.80552196503,
        "var": 15.0589084625
    },
    "erbbands_flatness_db": {
        "mean": 0.168315067887,
        "var": 0.00265564932488
    },
    "erbbands_kurtosis": {
        "mean": 0.0369985923171,
        "var": 3.52001476288
    },
    "erbbands_skewness": {
        "mean": -0.178108260036,
        "var": 0.702320754528
    },
    "erbbands_spread": {
        "mean": 39.4130210876,
        "var": 307.9609375
    },
    "hfc": {
        "mean": 20.2193412781,
        "var": 320.22265625
    },
    "melbands_crest": {
        "mean": 15.0802679062,
        "var": 35.3215179443
    },
    "melbands_flatness_db": {
        "mean": 0.224396541715,
        "var": 0.00459157070145
    },
    "melbands_kurtosis": {
        "mean": 18.0243148804,
        "var": 3414.21826172
    },
    "melbands_skewness": {
        "mean": 2.99454712868,
        "var": 4.50677442551
    },
    "melbands_spread": {
        "mean": 23.7641124725,
        "var": 382.637481689
    },
    "pitch_salience": {
        "mean": 0.534434139729,
        "var": 0.0152133023366
    },
    "silence_rate_20dB": {
        "mean": 1,
        "var": 0
    },
    "silence_rate_30dB": {
        "mean": 0.983530640602,
        "var": 0.0161978378892
    },
    "silence_rate_60dB": {
        "mean": 0.0988162606955,
        "var": 0.0890521556139
    },
    "spectral_centroid": {
        "mean": 1419.64038086,
        "var": 576360.375
    },
    "spectral_complexity": {
        "mean": 19.5615024567,
        "var": 108.364723206
    },
    "spectral_decrease": {
        "mean": -8.67242100355e-009,
        "var": 5.55289389232e-017
    },
    "spectral_energy": {
        "mean": 0.0345657095313,
        "var": 0.000854536949191
    },
    "spectral_energyband_high": {
        "mean": 0.000746939214878,
        "var": 2.01762213692e-006
    },
    "spectral_energyband_low": {
        "mean": 0.0180767159909,
        "var": 0.000484470743686
    },
    "spectral_energyband_middle_high": {
        "mean": 0.00510025629774,
        "var": 2.64799673459e-005
    },
    "spectral_energyband_middle_low": {
        "mean": 0.0118627771735,
        "var": 0.000123108940898
    },
    "spectral_entropy": {
        "mean": 7.44381904602,
        "var": 0.189225688577
    },
    "spectral_flux": {
        "mean": 0.0833928361535,
        "var": 0.00341407977976
    },
    "spectral_kurtosis": {
        "mean": 6.47646093369,
        "var": 22.6733856201
    },
    "spectral_rms": {
        "mean": 0.00522928778082,
        "var": 6.37710400042e-006
    },
    "spectral_rolloff": {
        "mean": 1354.29724121,
        "var": 1853622.25
    },
    "spectral_skewness": {
        "mean": 1.62773811817,
        "var": 0.36925059557
    },
    "spectral_spread": {
        "mean": 3794868,
        "var": 4.09953212826e+012
    },
    "spectral_strongpeak": {
        "mean": 0.695858240128,
        "var": 0.78217446804
    },
    "zerocrossingrate": {
        "mean": 0.0532646253705,
        "var": 0.00119300954975
    },
    "barkbands": {
        "mean": [0.000484638439957, 0.0123365391046, 0.00432687113062, 0.00178063998464, 0.0033620595932, 0.00223165936768, 0.00133774499409, 0.00178933725692, 0.000836615858134, 0.00081383617362, 0.000225161129492, 0.000309267139528, 0.000434638757724, 0.000598444428761, 0.000509510689881, 0.000698649091646, 0.000823656620923, 0.000422388722654, 0.00038965215208, 0.000210932397749, 0.00020676504937, 0.0002051484189, 9.2639347713e-005, 6.07365182077e-005, 4.97429173265e-005, 2.69103784376e-005, 1.48176263792e-006],
        "var": [7.83519396919e-007, 0.000324710912537, 2.81150023511e-005, 7.56005692892e-006, 2.13241928577e-005, 7.31388627173e-006, 5.86067926633e-006, 1.59409664775e-005, 2.91271180686e-006, 3.31974706569e-006, 1.75439453187e-007, 3.79023191499e-007, 1.5560101474e-006, 1.17414174383e-006, 1.09213635824e-006, 1.74174988388e-006, 1.28053909521e-006, 4.45583083319e-007, 6.24276424332e-007, 1.87923163253e-007, 2.94068229323e-007, 2.24181931685e-007, 3.52723752428e-008, 1.15669998024e-008, 8.91427909266e-009, 3.52603368725e-009, 1.89208006901e-011]
    },
    "erbbands": {
        "mean": [0.362922012806, 2.68001151085, 5.67244052887, 5.3389081955, 9.52818393707, 10.0623683929, 12.9815835953, 18.7388343811, 23.9549865723, 22.8298892975, 37.201385498, 22.6950492859, 30.1542682648, 12.2265520096, 11.3640708923, 12.5407819748, 21.1547908783, 28.2738113403, 27.0974006653, 32.8146438599, 40.6067504883, 43.8143348694, 28.3417606354, 18.2547779083, 18.2205810547, 9.79007053375, 8.94304084778, 7.71329927444, 8.25396537781, 4.3734369278, 2.35710716248, 1.43727183342, 0.934039413929, 0.589032173157, 0.330828547478, 0.140660583973, 0.0434882342815, 0.00720767397434, 0.000201029819436, 4.60744122392e-005],
        "var": [0.393435388803, 15.2328395844, 46.0945739746, 46.1455764771, 279.456878662, 204.877655029, 312.965301514, 545.831359863, 1543.41918945, 2260.38452148, 7068.18310547, 2013.28076172, 4713.76806641, 453.300323486, 588.019775391, 436.489105225, 3766.16357422, 2066.17285156, 4102.34423828, 2782.17431641, 5582.39404297, 3470.56713867, 1704.35742188, 1011.10205078, 1598.34606934, 361.18963623, 435.484680176, 475.820678711, 406.741668701, 79.6173171997, 20.0518245697, 7.52160692215, 2.5348944664, 1.17225766182, 0.447255313396, 0.0924392789602, 0.00966686569154, 0.000298844941426, 2.415902145e-007, 1.63864577463e-009]
    },
    "gfcc": {
        "mean": [-13.5452232361, 110.138847351, -120.501251221, 39.2760658264, -42.8367080688, 4.55465316772, -43.4711494446, 14.5260925293, -12.9651269913, 2.53089570999, -16.4055690765, 0.0199117474258, -10.8017454147],
        "cov": [[8653.99707031, -1175.55163574, 483.632720947, 454.719116211, -508.850006104, 495.313995361, 91.0492324829, 232.736724854, -271.439880371, 320.815795898, -284.057647705, 274.263671875, -116.985916138], [-1175.55163574, 1690.88928223, -296.631958008, -321.183105469, 449.989929199, -266.856781006, 73.2081680298, -94.8825836182, 164.63130188, -214.259780884, 182.480484009, -188.709579468, 109.067604065], [483.632720947, -296.631958008, 845.338684082, 155.189056396, 38.4271011353, 236.027389526, 25.2869815826, 86.7753448486, -38.6287345886, 114.366744995, -66.0437469482, 98.2984085083, -45.3855895996], [454.719116211, -321.183105469, 155.189056396, 614.516235352, -72.7515335083, 130.202728271, 158.476379395, -41.5861701965, 38.1828765869, 43.1521110535, -2.28599476814, -10.9411354065, 29.3325843811], [-508.850006104, 449.989929199, 38.4271011353, -72.7515335083, 415.201293945, 1.31261003017, 11.8289499283, 53.2691955566, 49.6656684875, -43.6558647156, 25.3672008514, -49.5509872437, 11.1099014282], [495.313995361, -266.856781006, 236.027389526, 130.202728271, 1.31261003017, 315.119781494, 101.553604126, 33.8943977356, -39.7486076355, 61.7294960022, -34.1286506653, 10.8666543961, -32.7075386047], [91.0492324829, 73.2081680298, 25.2869815826, 158.476379395, 11.8289499283, 101.553604126, 263.317169189, 11.964217186, 33.7697029114, 9.53524208069, 37.5163497925, -25.7931900024, 17.1591415405], [232.736724854, -94.8825836182, 86.7753448486, -41.5861701965, 53.2691955566, 33.8943977356, 11.964217186, 159.861175537, 27.333814621, 27.6091632843, -28.6555919647, 33.5767784119, -14.0195646286], [-271.439880371, 164.63130188, -38.6287345886, 38.1828765869, 49.6656684875, -39.7486076355, 33.7697029114, 27.333814621, 137.996047974, 3.88524627686, 26.9228839874, -30.6184673309, 23.745716095], [320.815795898, -214.259780884, 114.366744995, 43.1521110535, -43.6558647156, 61.7294960022, 9.53524208069, 27.6091632843, 3.88524627686, 118.113693237, 1.66149902344, 31.189907074, -30.7120666504], [-284.057647705, 182.480484009, -66.0437469482, -2.28599476814, 25.3672008514, -34.1286506653, 37.5163497925, -28.6555919647, 26.9228839874, 1.66149902344, 119.845054626, -1.99729907513, 15.5073022842], [274.263671875, -188.709579468, 98.2984085083, -10.9411354065, -49.5509872437, 10.8666543961, -25.7931900024, 33.5767784119, -30.6184673309, 31.189907074, -1.99729907513, 114.187179565, 6.79209089279], [-116.985916138, 109.067604065, -45.3855895996, 29.3325843811, 11.1099014282, -32.7075386047, 17.1591415405, -14.0195646286, 23.745716095, -30.7120666504, 15.5073022842, 6.79209089279, 89.3088150024]],
        "icov": [[0.000215497639147, -0.00037707190495, 0.000187656347407, -0.000368267705198, 0.000389318040106, -0.000305228808429, 0.000137644965434, -0.000517677690368, 0.000583804794587, -0.000715905625839, 0.000685762206558, -0.00060509092873, 0.000216700995225], [-0.00037707190495, 0.00334001728334, -0.0010087689152, 0.00222918810323, -0.00249430187978, 0.0017358440673, -0.00153871090151, 0.00252675567754, -0.00267045013607, 0.00368196377531, -0.00353750376962, 0.00349602871574, -0.00185483740643], [0.000187656347407, -0.0010087689152, 0.00228660483845, -0.00111924216617, 0.000222569389734, -0.00155959278345, 0.000658759206999, -0.000985274440609, 0.000939900462981, -0.00215496635064, 0.0019300871063, -0.0026954410132, 0.00100618810393], [-0.000368267705198, 0.00222918810323, -0.00111924216617, 0.00395796680823, -0.00132602720987, 0.000735415553208, -0.00215499056503, 0.00296885729767, -0.00289132376201, 0.00217167777009, -0.00199938751757, 0.00262736808509, -0.00209621642716], [0.000389318040106, -0.00249430187978, 0.000222569389734, -0.00132602720987, 0.00519495131448, -0.00167646561749, 0.00140150974039, -0.00348929874599, 0.00156869564671, -0.00142590189353, 0.00150195870083, -0.000837957195472, 0.000922997831367], [-0.000305228808429, 0.0017358440673, -0.00155959278345, 0.000735415553208, -0.00167646561749, 0.00657599698752, -0.0028318380937, 0.000963215017691, 0.000529323122464, 0.000341453298461, -0.000903321022633, 0.00279059936292, -0.000320338469464], [0.000137644965434, -0.00153871090151, 0.000658759206999, -0.00215499056503, 0.00140150974039, -0.0028318380937, 0.00663206260651, -0.00248048920184, 0.00063255301211, -0.000981272780336, -0.000896804907825, -0.000113205096568, -0.000114375448902], [-0.000517677690368, 0.00252675567754, -0.000985274440609, 0.00296885729767, -0.00348929874599, 0.000963215017691, -0.00248048920184, 0.0119227152318, -0.00576938129961, 0.00203262805007, 0.000305101915728, -0.00122708769049, 0.000168653859873], [0.000583804794587, -0.00267045013607, 0.000939900462981, -0.00289132376201, 0.00156869564671, 0.000529323122464, 0.00063255301211, -0.00576938129961, 0.0135620897636, -0.00576761458069, 0.00139276089612, 0.000892104580998, -0.00147424545139], [-0.000715905625839, 0.00368196377531, -0.00215496635064, 0.00217167777009, -0.00142590189353, 0.000341453298461, -0.000981272780336, 0.00203262805007, -0.00576761458069, 0.0176506880671, -0.00645515881479, 0.0017881373642, 0.00215552118607], [0.000685762206558, -0.00353750376962, 0.0019300871063, -0.00199938751757, 0.00150195870083, -0.000903321022633, -0.000896804907825, 0.000305101915728, 0.00139276089612, -0.00645515881479, 0.0155986119062, -0.00659623881802, 0.00176149699837], [-0.00060509092873, 0.00349602871574, -0.0026954410132, 0.00262736808509, -0.000837957195472, 0.00279059936292, -0.000113205096568, -0.00122708769049, 0.000892104580998, 0.0017881373642, -0.00659623881802, 0.0182712972164, -0.00620595458895], [0.000216700995225, -0.00185483740643, 0.00100618810393, -0.00209621642716, 0.000922997831367, -0.000320338469464, -0.000114375448902, 0.000168653859873, -0.00147424545139, 0.00215552118607, 0.00176149699837, -0.00620595458895, 0.0160616338253]]
    },
    "melbands": {
        "mean": [0.00331012089737, 0.00324707105756, 0.00106751150452, 0.000719207630027, 0.00044970982708, 0.000441899843281, 0.000344445201335, 0.000278746359982, 0.000283337052679, 0.000130910688313, 0.000147933445987, 4.80915186927e-005, 3.32836389134e-005, 3.72568829334e-005, 3.21196457662e-005, 4.86645876663e-005, 5.40250439371e-005, 4.52182357549e-005, 3.78558252123e-005, 4.98799672641e-005, 4.73856671306e-005, 4.73893342132e-005, 3.55644770025e-005, 1.77183683263e-005, 1.41523141792e-005, 1.50373434735e-005, 9.4202996479e-006, 5.85136785958e-006, 5.41283679922e-006, 5.29155522599e-006, 4.14811893279e-006, 5.06604146722e-006, 3.39076268574e-006, 2.10603411688e-006, 1.44643729527e-006, 9.43125769481e-007, 8.59058786773e-007, 7.06348657786e-007, 5.07386232584e-007, 4.94611356316e-007],
        "var": [2.70902692137e-005, 1.50270097947e-005, 1.7423119516e-006, 1.3047919083e-006, 3.25739932805e-007, 2.92907685662e-007, 3.06492466962e-007, 3.61540145377e-007, 3.91221703921e-007, 7.37821679309e-008, 1.17936778565e-007, 8.23299028951e-009, 4.28043911427e-009, 5.63609603432e-009, 6.37914254753e-009, 1.68775304843e-008, 8.48848991097e-009, 1.36501423498e-008, 4.75279282597e-009, 7.40574135349e-009, 8.30129387452e-009, 4.65416150064e-009, 2.79273515424e-009, 6.3108129833e-010, 7.65199792419e-010, 1.18264442683e-009, 4.22249513132e-010, 1.60415292161e-010, 1.74760386717e-010, 1.64065830366e-010, 1.60450597253e-010, 1.81679990496e-010, 4.88586081315e-011, 2.15790493113e-011, 7.97636349331e-012, 3.4239774644e-012, 2.80186160731e-012, 1.53275070587e-012, 7.5675089025e-013, 9.73653449532e-013]
    },
    "mfcc": {
        "mean": [-654.456970215, 137.61668396, -11.1976032257, 35.1566467285, 18.2359771729, 0.111434459686, -10.5752601624, 5.47509670258, 3.30250549316, 2.75488591194, 4.92939996719, 1.32511758804, -1.69079530239],
        "cov": [[6301.625, -1354.36303711, 705.22064209, 68.4315872192, -379.522857666, 271.261199951, 213.198196411, 72.1720199585, 158.42376709, 29.283864975, 3.54191303253, -86.0246200562, 101.246803284], [-1354.36303711, 1915.80883789, -540.032836914, -140.026077271, 290.749847412, -220.335128784, -31.2896652222, 22.002243042, -59.7114372253, 10.0547742844, 21.319486618, -22.7415237427, -42.2928276062], [705.22064209, -540.032836914, 770.152404785, 77.3759841919, -26.6030635834, 193.893554688, 86.5310440063, 27.0134048462, 65.5972595215, -4.19566726685, 17.728433609, 32.9077606201, 48.5886383057], [68.4315872192, -140.026077271, 77.3759841919, 394.668731689, -5.55916690826, 93.0194396973, 17.686422348, 24.780500412, 45.7985191345, 34.451461792, 1.90603649616, 8.61513519287, 25.2797603607], [-379.522857666, 290.749847412, -26.6030635834, -5.55916690826, 338.083190918, -17.5703868866, 0.926259994507, 19.2046298981, 26.1771812439, 27.6086158752, -1.42479550838, -0.615287601948, -5.29714441299], [271.261199951, -220.335128784, 193.893554688, 93.0194396973, -17.5703868866, 269.57510376, 124.891448975, 24.4565792084, 36.4397621155, 33.0095939636, 24.5434589386, 25.3012161255, -7.61499881744], [213.198196411, -31.2896652222, 86.5310440063, 17.686422348, 0.926259994507, 124.891448975, 199.34135437, 64.7977218628, 20.2021331787, 31.417924881, 33.496635437, 10.2757768631, -9.602643013], [72.1720199585, 22.002243042, 27.0134048462, 24.780500412, 19.2046298981, 24.4565792084, 64.7977218628, 117.716018677, 53.1382675171, 14.108710289, 18.4668178558, 11.8839206696, -3.21068000793], [158.42376709, -59.7114372253, 65.5972595215, 45.7985191345, 26.1771812439, 36.4397621155, 20.2021331787, 53.1382675171, 135.14163208, 49.492477417, 1.29998970032, 5.4020242691, 0.78807914257], [29.283864975, 10.0547742844, -4.19566726685, 34.451461792, 27.6086158752, 33.0095939636, 31.417924881, 14.108710289, 49.492477417, 111.329566956, 40.0100135803, -1.04012012482, -9.6954574585], [3.54191303253, 21.319486618, 17.728433609, 1.90603649616, -1.42479550838, 24.5434589386, 33.496635437, 18.4668178558, 1.29998970032, 40.0100135803, 118.552330017, 34.0035629272, -11.5476541519], [-86.0246200562, -22.7415237427, 32.9077606201, 8.61513519287, -0.615287601948, 25.3012161255, 10.2757768631, 11.8839206696, 5.4020242691, -1.04012012482, 34.0035629272, 86.2833251953, 28.1236991882], [101.246803284, -42.2928276062, 48.5886383057, 25.2797603607, -5.29714441299, -7.61499881744, -9.602643013, -3.21068000793, 0.78807914257, -9.6954574585, -11.5476541519, 28.1236991882, 92.9254455566]],
        "icov": [[0.00022423894552, 0.000100280500192, -8.41136425151e-005, 6.55794356135e-005, 0.000167755235452, -3.26777080772e-005, -0.000171371459146, -1.73069238372e-005, -0.000227592332521, 5.47952404304e-005, -0.000144066099892, 0.000492692459375, -0.000343328283634], [0.000100280500192, 0.000851643679198, 0.000421009521233, 0.000121855300677, -0.000572278047912, 0.000349779089447, -0.000313135853503, -0.000196862893063, 0.000121872675663, 6.86890853103e-005, -0.000292425043881, 0.000259210617514, -0.000126715967781], [-8.41136425151e-005, 0.000421009521233, 0.00206152698956, 6.28670895821e-005, -0.0003898794821, -0.00103791826405, -0.000161101692356, 0.000132310160552, -0.000747331010643, 0.000937308883294, -0.000584903929848, 0.000131970955408, -0.000939618912525], [6.55794356135e-005, 0.000121855300677, 6.28670895821e-005, 0.00303082587197, 6.07641268289e-005, -0.00129224010743, 0.000748562859371, -0.000730043509975, -0.00033359930967, -0.000682821380906, 6.13925076323e-005, 0.000522559334058, -0.00114261801355], [0.000167755235452, -0.000572278047912, -0.0003898794821, 6.07641268289e-005, 0.00374043826014, -1.7250309611e-005, 8.66163536557e-005, -0.000290304335067, -0.000594604061916, -0.00085339602083, 0.000484637945192, 8.75020050444e-005, -9.5434494142e-005], [-3.26777080772e-005, 0.000349779089447, -0.00103791826405, -0.00129224010743, -1.7250309611e-005, 0.00742730172351, -0.00432184524834, 0.00185964209959, -0.000650106638204, -0.000628778943792, 0.000538054155186, -0.00215735193342, 0.00197404855862], [-0.000171371459146, -0.000313135853503, -0.000161101692356, 0.000748562859371, 8.66163536557e-005, -0.00432184524834, 0.00965124834329, -0.00516863679513, 0.00225266627967, -0.0017683187034, -0.000575694139116, 0.000653910974506, -7.87297030911e-005], [-1.73069238372e-005, -0.000196862893063, 0.000132310160552, -0.000730043509975, -0.000290304335067, 0.00185964209959, -0.00516863679513, 0.0139081226662, -0.0059682126157, 0.00272434181534, -0.00155361159705, -0.00107341189869, 0.000607618188951], [-0.000227592332521, 0.000121872675663, -0.000747331010643, -0.00033359930967, -0.000594604061916, -0.000650106638204, 0.00225266627967, -0.0059682126157, 0.0127442860976, -0.00607286812738, 0.00291042914614, -0.00140526483301, 0.000769636768382], [5.47952404304e-005, 6.86890853103e-005, 0.000937308883294, -0.000682821380906, -0.00085339602083, -0.000628778943792, -0.0017683187034, 0.00272434181534, -0.00607286812738, 0.0144492406398, -0.00558000290766, 0.00270522059873, -0.000474626780488], [-0.000144066099892, -0.000292425043881, -0.000584903929848, 6.13925076323e-005, 0.000484637945192, 0.000538054155186, -0.000575694139116, -0.00155361159705, 0.00291042914614, -0.00558000290766, 0.0128104584292, -0.00619413657114, 0.0031312527135], [0.000492692459375, 0.000259210617514, 0.000131970955408, 0.000522559334058, 8.75020050444e-005, -0.00215735193342, 0.000653910974506, -0.00107341189869, -0.00140526483301, 0.00270522059873, -0.00619413657114, 0.0174382459372, -0.00652453163639], [-0.000343328283634, -0.000126715967781, -0.000939618912525, -0.00114261801355, -9.5434494142e-005, 0.00197404855862, -7.87297030911e-005, 0.000607618188951, 0.000769636768382, -0.000474626780488, 0.0031312527135, -0.00652453163639, 0.0143567528576]]
    },
    "spectral_contrast_coeffs": {
        "mean": [-0.646197080612, -0.704768240452, -0.766683042049, -0.76060205698, -0.752268373966, -0.746286213398],
        "var": [0.00582035724074, 0.00577673316002, 0.00447055697441, 0.0033460939303, 0.00337691092864, 0.00321670435369]
    },
    "spectral_contrast_valleys": {
        "mean": [-7.20130968094, -6.82974338531, -7.63995933533, -7.71975231171, -7.70988845825, -10.7840557098],
        "var": [1.90354609489, 1.27165794373, 1.3273396492, 1.14392483234, 1.47314524651, 1.86986577511]
    }
},
"metadata": {
    "audio_properties": {
        "analysis_sample_rate": 44100,
        "bit_rate": 111707,
        "equal_loudness": 0,
        "length": 45.0873451233,
        "lossless": 0,
        "replay_gain": -12.13829422,
        "sample_rate": 44100,
        "codec": "mp3",
        "downmix": "mix",
        "md5_encoded": "512fb7e0368cacaa4f8fe20f2ce8af7a"
    },
    "tags": {
        "file_name": "105.mp3"
    },
    "version": {
        "essentia": "2.1-beta2",
        "essentia_git_sha": "v2.1_beta2",
        "extractor": "music 1.0"
    }
},
"rhythm": {
    "beats_count": 81,
    "beats_loudness": {
        "mean": 0.0790820717812,
        "var": 0.000573219382204
    },
    "bpm": 107.999977112,
    "bpm_histogram_first_peak_bpm": {
        "mean": 108,
        "var": 0
    },
    "bpm_histogram_first_peak_spread": {
        "mean": 0.207792252302,
        "var": 0
    },
    "bpm_histogram_first_peak_weight": {
        "mean": 0.762499988079,
        "var": 0
    },
    "bpm_histogram_second_peak_bpm": {
        "mean": 115,
        "var": 0
    },
    "bpm_histogram_second_peak_spread": {
        "mean": 0,
        "var": 0
    },
    "bpm_histogram_second_peak_weight": {
        "mean": 0.0250000003725,
        "var": 0
    },
    "danceability": 1.13547730446,
    "onset_rate": 3.59163856506,
    "beats_loudness_band_ratio": {
        "mean": [0.742691993713, 0.104550689459, 0.0736767426133, 0.0337992608547, 0.0594593137503, 0.0325969979167],
        "var": [0.0400029942393, 0.00916154868901, 0.00560126639903, 0.00326253823005, 0.00322583271191, 0.000521175214089]
    },
    "beats_position": [0.49922901392, 1.02167797089, 1.54412698746, 2.07818579674, 2.62385487556, 3.1811337471, 3.73841261864, 4.29569149017, 4.85297060013, 5.41024923325, 5.9675283432, 6.5015873909, 7.05886602402, 7.61614513397, 8.17342376709, 8.73070240021, 9.287981987, 9.84526062012, 10.4025392532, 10.95981884, 11.5170974731, 12.0743761063, 12.6316547394, 13.1889343262, 13.7462129593, 14.2918815613, 14.8375511169, 15.3948297501, 15.9521083832, 16.50938797, 17.0550556183, 17.6239452362, 18.181224823, 18.7385025024, 19.2957820892, 19.853061676, 20.4103393555, 20.9676189423, 21.5132884979, 22.0589561462, 22.616235733, 23.1735134125, 23.7307929993, 24.2880725861, 24.8453502655, 25.4026298523, 25.9599094391, 26.5171871185, 27.0744667053, 27.6317462921, 28.1890239716, 28.7463035583, 29.3035831451, 29.8608608246, 30.3949203491, 30.9521980286, 31.5326976776, 32.0899772644, 32.6472549438, 33.1929244995, 33.7618141174, 34.3074836731, 34.8647613525, 35.4104309082, 35.9677085876, 36.5249862671, 37.0822677612, 37.6395454407, 38.1968231201, 38.7541046143, 39.3113822937, 39.8686599731, 40.4259414673, 40.9832191467, 41.5404968262, 42.0977783203, 42.6434440613, 43.2007255554, 43.7580032349, 44.3268928528, 44.8841705322]
},
"tonal": {
    "chords_changes_rate": 0.0586419738829,
    "chords_number_rate": 0.0113168722019,
    "chords_strength": {
        "mean": 0.536742389202,
        "var": 0.00690403115004
    },
    "hpcp_entropy": {
        "mean": 2.17311668396,
        "var": 0.571185946465
    },
    "key_strength": 0.624486327171,
    "tuning_diatonic_strength": 0.647058367729,
    "tuning_equal_tempered_deviation": 0.241694152355,
    "tuning_frequency": 434.193115234,
    "tuning_nontempered_energy_ratio": 0.924212992191,
    "hpcp": {
        "mean": [0.107783682644, 0.0911691114306, 0.0740904659033, 0.100821271539, 0.112017422915, 0.0811509042978, 0.0756230503321, 0.0831698700786, 0.0886044278741, 0.114083535969, 0.121593862772, 0.103515855968, 0.0869888216257, 0.0764761939645, 0.08678214252, 0.16373860836, 0.202178761363, 0.137184754014, 0.0964885726571, 0.08027497679, 0.0600325912237, 0.0820591747761, 0.103044264019, 0.125825956464, 0.174956634641, 0.14990913868, 0.0857106372714, 0.0736424252391, 0.0929400101304, 0.158363685012, 0.369040220976, 0.436851292849, 0.24332408607, 0.129758149385, 0.115079127252, 0.108283661306],
        "var": [0.0491928867996, 0.0375581383705, 0.0234733503312, 0.0435545742512, 0.0546609051526, 0.0268232673407, 0.0274251066148, 0.0301026590168, 0.0332214161754, 0.0523627884686, 0.0455583557487, 0.036532625556, 0.0343599840999, 0.0286189690232, 0.0249338429421, 0.0558946095407, 0.0741346850991, 0.0398107580841, 0.0407032109797, 0.0318814180791, 0.015200542286, 0.0277315974236, 0.0415361151099, 0.0396781079471, 0.0803541615605, 0.0624586679041, 0.0282762758434, 0.0224959421903, 0.0330985859036, 0.0510607995093, 0.122329510748, 0.155088037252, 0.0676912665367, 0.0549339540303, 0.0582567900419, 0.0522772148252]
    },
    "chords_histogram": [26.2345676422, 2.88065838814, 16.4609050751, 2.05761313438, 2.26337456703, 0, 0, 0, 0, 0, 0, 0, 0, 0, 0.205761313438, 1.13168728352, 0, 12.1399173737, 5.65843629837, 27.1604938507, 0, 1.33744859695, 0.205761313438, 2.26337456703],
    "thpcp": [1, 0.556995213032, 0.297030478716, 0.263428598642, 0.247873052955, 0.246728539467, 0.208695992827, 0.169601112604, 0.230790823698, 0.256420046091, 0.185763224959, 0.17310936749, 0.190384849906, 0.202825143933, 0.261149585247, 0.278341531754, 0.236959025264, 0.199126854539, 0.175062298775, 0.198653742671, 0.374815434217, 0.462809115648, 0.314030796289, 0.220872804523, 0.183758124709, 0.137421116233, 0.187842354178, 0.23587949574, 0.288029253483, 0.400494724512, 0.343158274889, 0.196200951934, 0.168575495481, 0.212749764323, 0.362511664629, 0.844773113728],
    "chords_key": "G",
    "chords_scale": "minor",
    "key_key": "C",
    "key_scale": "major"
}
}