{
"lowlevel": {
    "average_loudness": 0.751994788647,
    "barkbands_crest": {
        "mean": 9.91125965118,
        "var": 13.1559400558
    },
    "barkbands_flatness_db": {
        "mean": 0.166442379355,
        "var": 0.00184234813787
    },
    "barkbands_kurtosis": {
        "mean": 8.30195045471,
        "var": 106.236602783
    },
    "barkbands_skewness": {
        "mean": 2.21676301956,
        "var": 1.7224727869
    },
    "barkbands_spread": {
        "mean": 13.9886932373,
        "var": 51.8414535522
    },
    "dissonance": {
        "mean": 0.459908157587,
        "var": 0.000854739453644
    },
    "dynamic_complexity": 2.82872533798,
    "erbbands_crest": {
        "mean": 9.07249259949,
        "var": 19.9328212738
    },
    "erbbands_flatness_db": {
        "mean": 0.168999329209,
        "var": 0.00162789889146
    },
    "erbbands_kurtosis": {
        "mean": 0.177206963301,
        "var": 3.78559994698
    },
    "erbbands_skewness": {
        "mean": 0.538167417049,
        "var": 0.511771976948
    },
    "erbbands_spread": {
        "mean": 41.3641738892,
        "var": 296.985168457
    },
    "hfc": {
        "mean": 13.2562332153,
        "var": 260.626953125
    },
    "melbands_crest": {
        "mean": 15.1801700592,
        "var": 28.8229598999
    },
    "melbands_flatness_db": {
        "mean": 0.232948109508,
        "var": 0.00296235829592
    },
    "melbands_kurtosis": {
        "mean": 22.8235530853,
        "var": 674.74597168
    },
    "melbands_skewness": {
        "mean": 3.3807990551,
        "var": 3.66860580444
    },
    "melbands_spread": {
        "mean": 14.416680336,
        "var": 106.881072998
    },
    "pitch_salience": {
        "mean": 0.55436372757,
        "var": 0.0117742205039
    },
    "silence_rate_20dB": {
        "mean": 1,
        "var": 0
    },
    "silence_rate_30dB": {
        "mean": 0.984552025795,
        "var": 0.0152091896161
    },
    "silence_rate_60dB": {
        "mean": 0.00205973233096,
        "var": 0.00205550855026
    },
    "spectral_centroid": {
        "mean": 931.384460449,
        "var": 178552.875
    },
    "spectral_complexity": {
        "mean": 14.0185375214,
        "var": 44.1533508301
    },
    "spectral_decrease": {
        "mean": -6.06810246495e-009,
        "var": 3.07306663463e-017
    },
    "spectral_energy": {
        "mean": 0.0241047851741,
        "var": 0.000494241947308
    },
    "spectral_energyband_high": {
        "mean": 0.000188004007214,
        "var": 4.04877695814e-008
    },
    "spectral_energyband_low": {
        "mean": 0.00697054155171,
        "var": 5.51290358999e-005
    },
    "spectral_energyband_middle_high": {
        "mean": 0.00413570087403,
        "var": 5.20194807905e-005
    },
    "spectral_energyband_middle_low": {
        "mean": 0.0141330715269,
        "var": 0.000317723373882
    },
    "spectral_entropy": {
        "mean": 7.34011459351,
        "var": 0.096577450633
    },
    "spectral_flux": {
        "mean": 0.0795292854309,
        "var": 0.00187905691564
    },
    "spectral_kurtosis": {
        "mean": 4.94089317322,
        "var": 9.50797176361
    },
    "spectral_rms": {
        "mean": 0.00452963402495,
        "var": 2.99932435155e-006
    },
    "spectral_rolloff": {
        "mean": 814.225219727,
        "var": 580733.6875
    },
    "spectral_skewness": {
        "mean": 1.6191110611,
        "var": 0.170063942671
    },
    "spectral_spread": {
        "mean": 3952936.75,
        "var": 1.80345962496e+012
    },
    "spectral_strongpeak": {
        "mean": 0.88432943821,
        "var": 1.58180522919
    },
    "zerocrossingrate": {
        "mean": 0.0383763425052,
        "var": 0.000312222196953
    },
    "barkbands": {
        "mean": [6.75139090163e-005, 0.00297090387903, 0.00285804783925, 0.00257809087634, 0.00381770473905, 0.0013292307267, 0.00354220671579, 0.00144883501343, 0.000951783033088, 0.00101978948805, 0.000783786876127, 0.000481620954815, 0.000303135544527, 0.000316715944791, 0.000210537793464, 0.000246230745688, 0.00052334292559, 0.000310092902509, 0.000126655679196, 6.11568757449e-005, 5.74667792534e-005, 5.05034149683e-005, 2.15493764699e-005, 1.50383566506e-005, 1.02662997961e-005, 2.45578507929e-006, 1.39522882137e-007],
        "var": [3.43807471381e-008, 2.49111672019e-005, 9.49629156821e-006, 1.04798346001e-005, 1.09323609649e-005, 4.37959397459e-006, 0.000140428150189, 3.98271113227e-005, 6.65144398226e-006, 7.28923805582e-006, 1.21643342936e-005, 2.08135702451e-006, 1.1171451888e-006, 1.00328952612e-006, 2.95073476764e-007, 2.00154133267e-007, 7.7525658071e-007, 3.41495024259e-007, 3.16615640372e-008, 8.79453221359e-009, 4.67764538215e-009, 3.83289977535e-009, 4.87264395499e-010, 2.27080507176e-010, 1.89327983846e-010, 1.8423377407e-011, 1.42444311012e-013]
    },
    "erbbands": {
        "mean": [0.0447325743735, 0.824686765671, 3.46499323845, 5.70349025726, 13.5125713348, 10.8446741104, 8.90184402466, 11.9495849609, 32.5850944519, 65.1291809082, 24.7917728424, 22.8215084076, 32.7800369263, 30.58253479, 25.8008232117, 21.2106437683, 14.7374515533, 16.7761325836, 14.0576324463, 10.072807312, 16.7119064331, 26.7321472168, 20.5489025116, 10.7067165375, 4.8123087883, 2.6682434082, 2.50416135788, 2.38713145256, 1.91311657429, 1.0835814476, 0.519807398319, 0.32580435276, 0.258339256048, 0.149567559361, 0.0498773194849, 0.0148652344942, 0.00368143594824, 0.000643372535706, 2.89232430077e-005, 2.82938563032e-005],
        "var": [0.0117592411116, 1.599619627, 15.5558223724, 30.2047901154, 204.164901733, 142.615890503, 80.2610244751, 476.410308838, 7962.91943359, 83752.8828125, 5067.10107422, 4119.99902344, 5642.89648438, 13523.9501953, 10348.0185547, 3714.7253418, 2244.64672852, 2811.60229492, 1322.63269043, 310.896209717, 687.384216309, 2089.16186523, 1307.83483887, 330.428039551, 34.8760986328, 12.2330646515, 10.4901409149, 9.54808044434, 5.80444383621, 1.30859577656, 0.263664394617, 0.101237729192, 0.0751872360706, 0.036955345422, 0.00531370379031, 0.000564574205782, 4.66658457299e-005, 2.00939257411e-006, 1.82685611083e-009, 6.73355537995e-010]
    },
    "gfcc": {
        "mean": [-27.9238300323, 122.252174377, -119.908958435, 43.3392944336, -62.2381858826, 5.13803339005, -42.4558601379, 5.54069471359, -21.4469680786, -11.2993831635, -16.8875923157, -4.77597856522, -8.65997409821],
        "cov": [[2938.90795898, -301.600494385, -542.923034668, -358.215393066, -112.442298889, -87.4320144653, -40.7821731567, 178.822250366, -39.0010681152, 48.54737854, -103.430862427, 115.803161621, -174.87171936], [-301.600494385, 500.086486816, -79.4592971802, -15.7603158951, 93.3215942383, -9.10193729401, 105.721176147, -19.510931015, 104.027519226, -91.4008789063, 106.105628967, -47.2853851318, 70.1577682495], [-542.923034668, -79.4592971802, 702.812438965, 231.61882019, 65.7814102173, 116.105834961, 1.25350987911, -9.13733863831, -28.0754852295, 100.351333618, -28.6906681061, 33.5385475159, 23.2400302887], [-358.215393066, -15.7603158951, 231.61882019, 392.701904297, 29.0437278748, 69.1631164551, 7.8833899498, -59.3399810791, 32.7788963318, 28.1873416901, 27.7686443329, -61.1625862122, 46.9092178345], [-112.442298889, 93.3215942383, 65.7814102173, 29.0437278748, 245.023696899, 57.8093757629, -15.9457731247, 23.734249115, 68.6812667847, 46.0552101135, 13.7757930756, -5.8875336647, -8.13195705414], [-87.4320144653, -9.10193729401, 116.105834961, 69.1631164551, 57.8093757629, 143.373458862, 69.6907653809, 6.30378293991, -11.0947875977, 13.4837055206, 5.43274259567, 5.93391656876, 12.9364805222], [-40.7821731567, 105.721176147, 1.25350987911, 7.8833899498, -15.9457731247, 69.6907653809, 191.145263672, 42.1277046204, -6.43537521362, -53.2255325317, 39.2978973389, 25.1794300079, 36.2666244507], [178.822250366, -19.510931015, -9.13733863831, -59.3399810791, 23.734249115, 6.30378293991, 42.1277046204, 126.874855042, 37.2382926941, 10.8755598068, -8.83443260193, 39.6659393311, -7.93367862701], [-39.0010681152, 104.027519226, -28.0754852295, 32.7788963318, 68.6812667847, -11.0947875977, -6.43537521362, 37.2382926941, 130.548934937, 33.2075309753, 30.4817810059, -24.4386444092, 3.48150277138], [48.54737854, -91.4008789063, 100.351333618, 28.1873416901, 46.0552101135, 13.4837055206, -53.2255325317, 10.8755598068, 33.2075309753, 112.75592804, 4.94670915604, 8.43211078644, -32.0348358154], [-103.430862427, 106.105628967, -28.6906681061, 27.7686443329, 13.7757930756, 5.43274259567, 39.2978973389, -8.83443260193, 30.4817810059, 4.94670915604, 84.3390884399, -3.09706616402, 11.8373670578], [115.803161621, -47.2853851318, 33.5385475159, -61.1625862122, -5.8875336647, 5.93391656876, 25.1794300079, 39.6659393311, -24.4386444092, 8.43211078644, -3.09706616402, 83.3591384888, 9.82022666931], [-174.87171936, 70.1577682495, 23.2400302887, 46.9092178345, -8.13195705414, 12.9364805222, 36.2666244507, -7.93367862701, 3.48150277138, -32.0348358154, 11.8373670578, 9.82022666931, 76.9279556274]],
        "icov": [[0.000659611425363, -0.000651269685477, 0.000874635064974, -0.000525134964846, 0.00052127300296, -0.000306170084514, 0.000116271541629, -0.00073970167432, 0.000590154668316, -0.00119342654943, 0.00148466322571, -0.00148261256982, 0.00156197801698], [-0.000651269685477, 0.0102276029065, -0.00321828760207, 0.00477053923532, -0.00442195357755, 0.0029477335047, -0.00342085654847, 0.0044012456201, -0.00773046026006, 0.0100458515808, -0.0103831812739, 0.00700446357951, -0.00640443572775], [0.000874635064974, -0.00321828760207, 0.00433842465281, -0.00326891290024, 0.00126772397198, -0.00173353264108, 0.00060079107061, -0.00179082772229, 0.00358561077155, -0.00609403615817, 0.00563353253528, -0.00473041040823, 0.0026005494874], [-0.000525134964846, 0.00477053923532, -0.00326891290024, 0.00726764835417, -0.00161575584207, 5.46413393749e-005, -0.00139780528843, 0.00318848784082, -0.0046022371389, 0.00416565639898, -0.00633201375604, 0.00759870791808, -0.0062334369868], [0.00052127300296, -0.00442195357755, 0.00126772397198, -0.00161575584207, 0.00814652722329, -0.00504169380292, 0.0034764923621, -0.00237560528331, -0.00019939156482, -0.00412604538724, 0.0039267023094, -0.00385922635905, 0.00382431712933], [-0.000306170084514, 0.0029477335047, -0.00173353264108, 5.46413393749e-005, -0.00504169380292, 0.0143677173182, -0.0077283331193, 0.00189883681014, 0.00129987730179, -0.000832812918816, -0.000896956655197, 0.00364135205746, -0.00273619359359], [0.000116271541629, -0.00342085654847, 0.00060079107061, -0.00139780528843, 0.0034764923621, -0.0077283331193, 0.0137153491378, -0.00610308488831, 0.00230460031889, 0.0035905467812, -0.00331100053154, -0.0037413132377, 0.00100472953636], [-0.00073970167432, 0.0044012456201, -0.00179082772229, 0.00318848784082, -0.00237560528331, 0.00189883681014, -0.00610308488831, 0.0170983131975, -0.0104018365964, 0.00407018652186, 0.000258354324615, -0.0034079735633, -0.000467531441245], [0.000590154668316, -0.00773046026006, 0.00358561077155, -0.0046022371389, -0.00019939156482, 0.00129987730179, 0.00230460031889, -0.0104018365964, 0.0220799390227, -0.0132665922865, 0.00379374530166, 0.00203770911321, 0.000348188972566], [-0.00119342654943, 0.0100458515808, -0.00609403615817, 0.00416565639898, -0.00412604538724, -0.000832812918816, 0.0035905467812, 0.00407018652186, -0.0132665922865, 0.0296527650207, -0.0150551041588, 0.00206178613007, 0.000859205552842], [0.00148466322571, -0.0103831812739, 0.00563353253528, -0.00633201375604, 0.0039267023094, -0.000896956655197, -0.00331100053154, 0.000258354324615, 0.00379374530166, -0.0150551041588, 0.0297897346318, -0.0107892761007, 0.00750938849524], [-0.00148261256982, 0.00700446357951, -0.00473041040823, 0.00759870791808, -0.00385922635905, 0.00364135205746, -0.0037413132377, -0.0034079735633, 0.00203770911321, 0.00206178613007, -0.0107892761007, 0.0293522235006, -0.0138911213726], [0.00156197801698, -0.00640443572775, 0.0026005494874, -0.0062334369868, 0.00382431712933, -0.00273619359359, 0.00100472953636, -0.000467531441245, 0.000348188972566, 0.000859205552842, 0.00750938849524, -0.0138911213726, 0.0267083514482]]
    },
    "melbands": {
        "mean": [0.000608098227531, 0.00158321403433, 0.00128141068853, 0.000902343424968, 0.000345012376783, 0.000273862446193, 0.000566519622225, 0.000632466399111, 0.000173752196133, 0.000142622317071, 0.000161670512171, 0.000120191783935, 0.000100250472315, 5.31278237759e-005, 4.33363311458e-005, 3.08825801767e-005, 3.14030185109e-005, 2.39063028857e-005, 1.40335541801e-005, 1.35714590215e-005, 2.13240109588e-005, 2.76242262771e-005, 2.64946629613e-005, 1.41338668982e-005, 8.08841195976e-006, 4.00177532356e-006, 2.40055010181e-006, 1.60431011409e-006, 1.67857410815e-006, 1.29891816414e-006, 1.44435182392e-006, 1.18023001505e-006, 7.67628421272e-007, 5.43113571894e-007, 3.0380428484e-007, 2.34366609675e-007, 1.81684143286e-007, 1.80700411079e-007, 1.6299395611e-007, 1.1650873688e-007],
        "var": [1.4394217942e-006, 3.4502413655e-006, 1.55593477302e-006, 6.67852759761e-007, 1.25746836943e-007, 2.68400071946e-007, 2.47817570198e-006, 7.89169826021e-006, 2.7266565894e-007, 1.54232850491e-007, 1.46787911603e-007, 2.15920792357e-007, 1.96048929979e-007, 2.48999096897e-008, 2.16458690971e-008, 1.08332374182e-008, 1.16073524126e-008, 4.49631709643e-009, 1.30773780693e-009, 4.71084837805e-010, 1.21113108431e-009, 2.60756549686e-009, 2.42128406214e-009, 7.06116443094e-010, 2.11742096079e-010, 2.528614991e-011, 1.53924806928e-011, 5.34652443845e-012, 6.44311557232e-012, 2.22922743633e-012, 4.06629374269e-012, 2.61741800109e-012, 7.41946597476e-013, 3.54106338436e-013, 1.00972724106e-013, 5.87588856152e-014, 3.4012248855e-014, 3.64933709879e-014, 3.97782731775e-014, 2.7065716408e-014]
    },
    "mfcc": {
        "mean": [-664.012145996, 138.852722168, 3.55354809761, 33.1058883667, 5.46550703049, -0.697018802166, -7.69600868225, 6.82786178589, 0.431472957134, -9.13252258301, -2.49237751961, -1.76053667068, -3.64656591415],
        "cov": [[2531.14282227, -164.810913086, -618.043945313, -278.761108398, -224.657226563, -252.804443359, -102.955963135, 58.8879890442, -11.2408342361, -80.1425476074, 118.557403564, 62.2902336121, -128.144226074], [-164.810913086, 504.29397583, -132.086410522, -69.8935775757, 43.3271636963, -26.8993053436, 11.1664943695, 76.371673584, 20.7968082428, -10.7974185944, 38.6805915833, 31.2659606934, 11.045129776], [-618.043945313, -132.086410522, 581.686767578, 182.434173584, 42.1799049377, 138.95211792, 83.9861450195, -26.6583156586, 34.7594184875, 29.1489810944, -67.8215179443, -14.4834451675, 90.8984909058], [-278.761108398, -69.8935775757, 182.434173584, 226.883834839, 79.5420150757, 75.9775009155, 5.5661034584, -22.3128547668, 9.22169399261, 57.1378479004, -13.2918405533, -4.02714633942, 32.3007278442], [-224.657226563, 43.3271636963, 42.1799049377, 79.5420150757, 261.215820313, 80.1302108765, -35.8330612183, -51.5494537354, 21.580488205, 68.8952102661, 37.748374939, 11.7388868332, 31.9373207092], [-252.804443359, -26.8993053436, 138.95211792, 75.9775009155, 80.1302108765, 175.599685669, 66.9308929443, -14.3652496338, 2.62848210335, 35.3049545288, -8.11299610138, -0.607107281685, 24.4577312469], [-102.955963135, 11.1664943695, 83.9861450195, 5.5661034584, -35.8330612183, 66.9308929443, 146.029373169, 70.8745498657, 12.5045995712, -7.63538646698, -19.7483692169, 4.53440666199, 15.7107982635], [58.8879890442, 76.371673584, -26.6583156586, -22.3128547668, -51.5494537354, -14.3652496338, 70.8745498657, 137.473815918, 52.0902366638, -14.0056819916, 0.297330796719, 21.487575531, 1.75044035912], [-11.2408342361, 20.7968082428, 34.7594184875, 9.22169399261, 21.580488205, 2.62848210335, 12.5045995712, 52.0902366638, 86.3468017578, 26.7637844086, -6.31441640854, 9.31628322601, 21.577703476], [-80.1425476074, -10.7974185944, 29.1489810944, 57.1378479004, 68.8952102661, 35.3049545288, -7.63538646698, -14.0056819916, 26.7637844086, 90.3739318848, 32.876247406, 2.28061962128, 9.51920127869], [118.557403564, 38.6805915833, -67.8215179443, -13.2918405533, 37.748374939, -8.11299610138, -19.7483692169, 0.297330796719, -6.31441640854, 32.876247406, 110.212799072, 41.9225769043, -23.7389469147], [62.2902336121, 31.2659606934, -14.4834451675, -4.02714633942, 11.7388868332, -0.607107281685, 4.53440666199, 21.487575531, 9.31628322601, 2.28061962128, 41.9225769043, 76.1901321411, 23.4417552948], [-128.144226074, 11.045129776, 90.8984909058, 32.3007278442, 31.9373207092, 24.4577312469, 15.7107982635, 1.75044035912, 21.577703476, 9.51920127869, -23.7389469147, 23.4417552948, 92.2328262329]],
        "icov": [[0.000714569876436, 0.000512225728016, 0.000660371675622, 0.000173481137608, 0.000348388712155, 0.000214578496525, 5.3040090279e-005, 4.79569052914e-006, -0.000579008483328, 0.000442749646027, -0.000656706979498, -0.00030714055174, 3.20176877722e-005], [0.000512225728016, 0.00294956169091, 0.000819426961243, 0.000755100103561, -0.000776197295636, 0.000237155196373, 0.000275599159067, -0.00199642311782, 0.000229050448979, 0.000697410840075, -0.00107341748662, 6.40007856418e-005, -0.000934847455937], [0.000660371675622, 0.000819426961243, 0.00412594573572, -0.00212354911491, 0.000992959947325, -0.000907854468096, -0.00185432133731, 0.00222295452841, -0.0030155563727, 0.00192807486746, -0.000923215819057, 0.000621712883003, -0.00222176639363], [0.000173481137608, 0.000755100103561, -0.00212354911491, 0.00818179920316, -0.00140286621172, -0.000999620766379, 0.00229702703655, -0.00301057449542, 0.00338343880139, -0.00486022140831, 0.00218049809337, -0.0010747857159, 0.000339249061653], [0.000348388712155, -0.000776197295636, 0.000992959947325, -0.00140286621172, 0.00743849854916, -0.00325546599925, 0.00177422037814, 0.00286675640382, -0.00326046883129, -0.000877319660503, -0.00271023437381, 0.000585254456382, -0.00197237124667], [0.000214578496525, 0.000237155196373, -0.000907854468096, -0.000999620766379, -0.00325546599925, 0.0117791807279, -0.00694889528677, 0.00275552389212, 0.000715243862942, -0.00185184308793, 0.00110171700362, -0.00130067614373, 0.00128755974583], [5.3040090279e-005, 0.000275599159067, -0.00185432133731, 0.00229702703655, 0.00177422037814, -0.00694889528677, 0.0165231488645, -0.0109624387696, 0.00525029981509, -0.00157677161042, 0.00115896423813, 0.000534127175342, -0.00121744477656], [4.79569052914e-006, -0.00199642311782, 0.00222295452841, -0.00301057449542, 0.00286675640382, 0.00275552389212, -0.0109624387696, 0.0216047130525, -0.014166707173, 0.00489555951208, -0.00195973482914, -0.00268032052554, 0.00182905513793], [-0.000579008483328, 0.000229050448979, -0.0030155563727, 0.00338343880139, -0.00326046883129, 0.000715243862942, 0.00525029981509, -0.014166707173, 0.0251830145717, -0.0106580452994, 0.00606489600614, -0.00142975582276, -0.001598138595], [0.000442749646027, 0.000697410840075, 0.00192807486746, -0.00486022140831, -0.000877319660503, -0.00185184308793, -0.00157677161042, 0.00489555951208, -0.0106580452994, 0.0230841562152, -0.0103834504262, 0.00543233286589, -0.00263816816732], [-0.000656706979498, -0.00107341748662, -0.000923215819057, 0.00218049809337, -0.00271023437381, 0.00110171700362, 0.00115896423813, -0.00195973482914, 0.00606489600614, -0.0103834504262, 0.0211282204837, -0.0127454269677, 0.0081786159426], [-0.00030714055174, 6.40007856418e-005, 0.000621712883003, -0.0010747857159, 0.000585254456382, -0.00130067614373, 0.000534127175342, -0.00268032052554, -0.00142975582276, 0.00543233286589, -0.0127454269677, 0.0242068432271, -0.0102275498211], [3.20176877722e-005, -0.000934847455937, -0.00222176639363, 0.000339249061653, -0.00197237124667, 0.00128755974583, -0.00121744477656, 0.00182905513793, -0.001598138595, -0.00263816816732, 0.0081786159426, -0.0102275498211, 0.0189341846853]]
    },
    "spectral_contrast_coeffs": {
        "mean": [-0.593352794647, -0.721418619156, -0.774210035801, -0.796136498451, -0.776786327362, -0.752068459988],
        "var": [0.00629323767498, 0.00617751013488, 0.00594318425283, 0.00306754908524, 0.00247451243922, 0.000945809006225]
    },
    "spectral_contrast_valleys": {
        "mean": [-7.25438642502, -6.69926071167, -7.41752481461, -7.95619821548, -7.84312295914, -10.6740732193],
        "var": [0.60164886713, 0.514669120312, 0.54965287447, 0.495374172926, 0.529020011425, 0.554149568081]
    }
},
"metadata": {
    "audio_properties": {
        "analysis_sample_rate": 44100,
        "bit_rate": 128074,
        "equal_loudness": 0,
        "length": 45.0612258911,
        "lossless": 0,
        "replay_gain": -6.4969291687,
        "sample_rate": 44100,
        "codec": "mp3",
        "downmix": "mix",
        "md5_encoded": "6908591932b1788e62e2a318ea0ed877"
    },
    "tags": {
        "file_name": "1050.mp3"
    },
    "version": {
        "essentia": "2.1-beta2",
        "essentia_git_sha": "v2.1_beta2",
        "extractor": "music 1.0"
    }
},
"rhythm": {
    "beats_count": 116,
    "beats_loudness": {
        "mean": 0.0316063426435,
        "var": 0.000798775290605
    },
    "bpm": 155.854232788,
    "bpm_histogram_first_peak_bpm": {
        "mean": 157,
        "var": 0
    },
    "bpm_histogram_first_peak_spread": {
        "mean": 0.197916671634,
        "var": 0
    },
    "bpm_histogram_first_peak_weight": {
        "mean": 0.669565200806,
        "var": 0
    },
    "bpm_histogram_second_peak_bpm": {
        "mean": 152,
        "var": 0
    },
    "bpm_histogram_second_peak_spread": {
        "mean": 0.0624999664724,
        "var": 0
    },
    "bpm_histogram_second_peak_weight": {
        "mean": 0.130434781313,
        "var": 0
    },
    "danceability": 1.14414930344,
    "onset_rate": 4.3698592186,
    "beats_loudness_band_ratio": {
        "mean": [0.466421365738, 0.214216932654, 0.218638211489, 0.092207223177, 0.071748316288, 0.0181179288775],
        "var": [0.0568231455982, 0.0160055942833, 0.0365860201418, 0.0141842383891, 0.00487690744922, 0.00018726233975]
    },
    "beats_position": [0.406349211931, 0.835918366909, 1.26548755169, 1.67183673382, 2.06657600403, 2.46131515503, 2.85605430603, 3.25079369545, 3.64553284645, 4.02866220474, 4.41179132462, 4.79492044449, 5.17804956436, 5.56117916107, 5.95591831207, 6.33904743195, 6.72217655182, 7.10530614853, 7.50004529953, 7.89478445053, 8.28952407837, 8.67265319824, 9.05578231812, 9.43891143799, 9.82204055786, 10.2051696777, 10.5882987976, 10.95981884, 11.3313379288, 11.749297142, 12.1324262619, 12.5155553818, 12.8986845016, 13.2934236526, 13.6765527725, 14.0596818924, 14.4428119659, 14.8259410858, 15.2090702057, 15.5921993256, 15.9753284454, 16.3584575653, 16.7415866852, 17.1131057739, 17.4962348938, 17.8793640137, 18.2624931335, 18.6456241608, 19.0287532806, 19.4002723694, 19.7834014893, 20.1665306091, 20.549659729, 20.9327888489, 21.3159179688, 21.6990470886, 22.0821762085, 22.4653053284, 22.8484344482, 23.219953537, 23.6030826569, 23.9862117767, 24.369342804, 24.7524719238, 25.1356010437, 25.5303401947, 25.9250793457, 26.3082084656, 26.7029476166, 27.0744667053, 27.4575958252, 27.8407249451, 28.2238540649, 28.6069831848, 28.9785022736, 29.3616313934, 29.7447605133, 30.1394996643, 30.5110206604, 30.8825397491, 31.265668869, 31.6487979889, 32.0203170776, 32.4034461975, 32.7865753174, 33.1580963135, 33.5296134949, 33.901134491, 34.2726516724, 34.6441726685, 35.0273017883, 35.4104309082, 35.7935600281, 36.1766891479, 36.5598182678, 36.9429473877, 37.3260765076, 37.6975975037, 38.0807266235, 38.4638557434, 38.8469848633, 39.2301139832, 39.613243103, 39.9963722229, 40.3795013428, 40.7510185242, 41.134147644, 41.5172767639, 41.9004058838, 42.2835350037, 42.6550559998, 43.0265769958, 43.4097061157, 43.7928352356, 44.1759643555, 44.5707015991]
},
"tonal": {
    "chords_changes_rate": 0.0853909477592,
    "chords_number_rate": 0.00925925932825,
    "chords_strength": {
        "mean": 0.507141232491,
        "var": 0.00763740250841
    },
    "hpcp_entropy": {
        "mean": 2.13971066475,
        "var": 0.55914825201
    },
    "key_strength": 0.698950469494,
    "tuning_diatonic_strength": 0.680217027664,
    "tuning_equal_tempered_deviation": 0.0702786445618,
    "tuning_frequency": 440.254241943,
    "tuning_nontempered_energy_ratio": 0.747351884842,
    "hpcp": {
        "mean": [0.15238314867, 0.110811933875, 0.0778165757656, 0.0943872928619, 0.0921851173043, 0.104340165854, 0.142380058765, 0.136000275612, 0.143884271383, 0.15421974659, 0.0979922786355, 0.0576688051224, 0.0595209822059, 0.0733773633838, 0.134540945292, 0.206723570824, 0.169566214085, 0.0945918560028, 0.0664493367076, 0.0541353672743, 0.0829494744539, 0.12197574228, 0.100797392428, 0.0905277356505, 0.128976047039, 0.160744145513, 0.163274034858, 0.126647800207, 0.118626095355, 0.299670100212, 0.51379686594, 0.371809244156, 0.12655633688, 0.0735643431544, 0.0750132352114, 0.115513265133],
        "var": [0.0594853796065, 0.0321703217924, 0.0260307509452, 0.0388495139778, 0.0379456244409, 0.0368701890111, 0.0572683401406, 0.0501020401716, 0.0493530444801, 0.0614871494472, 0.0300964359194, 0.0194531753659, 0.0207989867777, 0.0231361296028, 0.0348414666951, 0.0712903961539, 0.0508059374988, 0.0256524067372, 0.023679131642, 0.015762347728, 0.025048693642, 0.0468402542174, 0.0316232293844, 0.03151505813, 0.0578973479569, 0.0762959495187, 0.0726912841201, 0.0427045077085, 0.0376315526664, 0.0830185636878, 0.169291257858, 0.11680521071, 0.0404484346509, 0.0262706503272, 0.0257946457714, 0.034538321197]
    },
    "chords_histogram": [23.3539085388, 1.23456788063, 42.3868293762, 0.720164597034, 5.14403295517, 0.617283940315, 0, 0, 0, 0, 0, 0, 0, 0, 0, 0, 0, 5.04115247726, 1.54320991039, 13.271604538, 0, 0.720164597034, 4.42386817932, 1.54320991039],
    "thpcp": [1, 0.723650276661, 0.246315896511, 0.143177881837, 0.145997852087, 0.224822834134, 0.296582490206, 0.215672656894, 0.151453971863, 0.183705464005, 0.179419383407, 0.203076690435, 0.27711352706, 0.264696598053, 0.280041158199, 0.300157040358, 0.190721824765, 0.112240478396, 0.115845359862, 0.142813950777, 0.261856287718, 0.402344942093, 0.330025792122, 0.184103608131, 0.12932997942, 0.105363368988, 0.161444097757, 0.237400710583, 0.19618140161, 0.176193624735, 0.251025378704, 0.312855452299, 0.317779362202, 0.246493920684, 0.23088131845, 0.583246231079],
    "chords_key": "G",
    "chords_scale": "major",
    "key_key": "C",
    "key_scale": "major"
}
}