{
"lowlevel": {
    "average_loudness": 0.925824761391,
    "barkbands_crest": {
        "mean": 11.917052269,
        "var": 14.1842164993
    },
    "barkbands_flatness_db": {
        "mean": 0.212507650256,
        "var": 0.00419519934803
    },
    "barkbands_kurtosis": {
        "mean": 21.5324726105,
        "var": 486.690429688
    },
    "barkbands_skewness": {
        "mean": 3.03721404076,
        "var": 2.70766401291
    },
    "barkbands_spread": {
        "mean": 7.5057091713,
        "var": 45.9123420715
    },
    "dissonance": {
        "mean": 0.435590386391,
        "var": 0.0021135804709
    },
    "dynamic_complexity": 1.9193931818,
    "erbbands_crest": {
        "mean": 12.1271495819,
        "var": 22.3197097778
    },
    "erbbands_flatness_db": {
        "mean": 0.177883535624,
        "var": 0.00266182539053
    },
    "erbbands_kurtosis": {
        "mean": 7.03396654129,
        "var": 91.7709274292
    },
    "erbbands_skewness": {
        "mean": 1.90543425083,
        "var": 1.36814749241
    },
    "erbbands_spread": {
        "mean": 31.171251297,
        "var": 500.550323486
    },
    "hfc": {
        "mean": 12.9626722336,
        "var": 63.9064941406
    },
    "melbands_crest": {
        "mean": 14.5935163498,
        "var": 15.4481067657
    },
    "melbands_flatness_db": {
        "mean": 0.309573084116,
        "var": 0.00559678906575
    },
    "melbands_kurtosis": {
        "mean": 38.1466064453,
        "var": 1968.65234375
    },
    "melbands_skewness": {
        "mean": 3.55125403404,
        "var": 4.82198047638
    },
    "melbands_spread": {
        "mean": 6.48616456985,
        "var": 37.8539428711
    },
    "pitch_salience": {
        "mean": 0.566043436527,
        "var": 0.0135704586282
    },
    "silence_rate_20dB": {
        "mean": 1,
        "var": 0
    },
    "silence_rate_30dB": {
        "mean": 0.950566411018,
        "var": 0.0469897575676
    },
    "silence_rate_60dB": {
        "mean": 0.0159629248083,
        "var": 0.0157087258995
    },
    "spectral_centroid": {
        "mean": 502.642242432,
        "var": 88132.7734375
    },
    "spectral_complexity": {
        "mean": 10.2646751404,
        "var": 19.9011764526
    },
    "spectral_decrease": {
        "mean": -1.15483462793e-008,
        "var": 7.34222386187e-017
    },
    "spectral_energy": {
        "mean": 0.044761877507,
        "var": 0.00107782694977
    },
    "spectral_energyband_high": {
        "mean": 0.000276322272839,
        "var": 2.23761148277e-007
    },
    "spectral_energyband_low": {
        "mean": 0.0217129215598,
        "var": 0.000750420673285
    },
    "spectral_energyband_middle_high": {
        "mean": 0.00108690501656,
        "var": 1.48878336859e-006
    },
    "spectral_energyband_middle_low": {
        "mean": 0.0252474099398,
        "var": 0.000298758881399
    },
    "spectral_entropy": {
        "mean": 6.9004445076,
        "var": 0.379432499409
    },
    "spectral_flux": {
        "mean": 0.104850769043,
        "var": 0.00424448540434
    },
    "spectral_kurtosis": {
        "mean": 6.62469911575,
        "var": 33.724445343
    },
    "spectral_rms": {
        "mean": 0.00624324800447,
        "var": 4.69191854791e-006
    },
    "spectral_rolloff": {
        "mean": 437.050598145,
        "var": 308850.3125
    },
    "spectral_skewness": {
        "mean": 2.07996869087,
        "var": 0.540852487087
    },
    "spectral_spread": {
        "mean": 4818679,
        "var": 3.61218991718e+012
    },
    "spectral_strongpeak": {
        "mean": 0.9371124506,
        "var": 0.516266167164
    },
    "zerocrossingrate": {
        "mean": 0.0284332055598,
        "var": 0.000437980925199
    },
    "barkbands": {
        "mean": [0.000633118033875, 0.00699272332713, 0.0107225496322, 0.00569666177034, 0.00874668546021, 0.0057094884105, 0.00245618773624, 0.00123182602692, 0.000814801140223, 0.000800894922577, 0.000182027579285, 9.83128338703e-005, 3.87384643545e-005, 7.39081151551e-005, 3.38680620189e-005, 3.44644831785e-005, 5.73219112994e-005, 6.84240294504e-005, 7.01493554516e-005, 4.52736021543e-005, 5.56991180929e-005, 4.91828068334e-005, 5.63969697396e-005, 5.09050987603e-005, 2.8104725061e-005, 1.14054055302e-005, 2.78391507891e-006],
        "var": [3.67589177586e-006, 0.000336467055604, 0.000163596792845, 5.36937259312e-005, 9.84477155725e-005, 8.33235535538e-005, 3.28682290274e-005, 1.1852885109e-005, 2.47511388807e-006, 1.75409797976e-006, 1.7771283467e-007, 4.74927439598e-008, 5.93943116911e-009, 1.87917663652e-008, 1.92292648471e-009, 2.35870634135e-009, 1.18197460708e-008, 1.53067922781e-008, 9.42779010416e-009, 6.62023458275e-009, 7.81060904842e-009, 7.49008766121e-009, 1.23560992549e-008, 1.10954161414e-008, 2.97002866745e-009, 6.33106178594e-010, 4.7459893654e-011]
    },
    "erbbands": {
        "mean": [0.14527978003, 1.84204232693, 8.95025348663, 20.4661922455, 22.745677948, 27.5572547913, 33.9497528076, 55.5718841553, 39.0397071838, 36.321598053, 21.5840492249, 19.8073787689, 30.7716407776, 9.52889251709, 7.44509887695, 3.59013295174, 1.99208152294, 3.61798429489, 2.66576313972, 1.47515594959, 2.53414583206, 2.89678025246, 2.80000662804, 5.04530668259, 2.58111858368, 2.08577060699, 2.41314768791, 1.97977399826, 1.58491408825, 1.82776844501, 1.61482453346, 1.17646634579, 0.775027036667, 0.423248976469, 0.143589824438, 0.0521706305444, 0.0194205865264, 0.00711539480835, 0.000275226018857, 5.48616080778e-005],
        "var": [0.1465523839, 21.0790214539, 117.58934021, 560.45703125, 742.189086914, 1429.26367188, 3225.63256836, 9644.69628906, 7179.42529297, 7282.26025391, 2201.41455078, 1041.91503906, 2906.59936523, 161.014678955, 455.665252686, 48.044380188, 14.0648498535, 44.9124526978, 11.8909749985, 3.75817394257, 17.9725456238, 26.102437973, 16.4934539795, 75.9789810181, 13.5958299637, 10.5789394379, 17.6404933929, 12.0997047424, 7.53932237625, 13.2278461456, 9.30241298676, 6.44024133682, 2.4732568264, 0.67654812336, 0.0866518840194, 0.014057922177, 0.00187205756083, 0.000253970385529, 4.40897878207e-007, 1.53702228722e-009]
    },
    "gfcc": {
        "mean": [-26.4787693024, 116.541259766, -65.7673721313, 36.1167144775, -70.2644729614, 3.57125878334, -34.3529548645, 4.60144519806, -26.2581119537, -9.36841487885, -17.4220600128, -4.36663675308, -11.5489931107],
        "cov": [[2964.33251953, -684.883850098, -367.498138428, 32.4057350159, -150.492828369, 77.9239044189, -107.154624939, 163.998046875, 8.33700084686, 178.997711182, -13.2140960693, 114.216705322, -66.6386795044], [-684.883850098, 979.067626953, -43.2556610107, -117.575782776, 144.428863525, -198.300643921, 70.6850509644, -89.7553253174, 84.7135238647, -116.824195862, 104.217704773, -91.9125595093, 75.6647491455], [-367.498138428, -43.2556610107, 724.18548584, 165.913284302, -57.2888031006, 49.957321167, -16.6903896332, -112.533599854, -52.1764030457, 5.68682432175, -26.8431129456, 2.83526754379, -40.829788208], [32.4057350159, -117.575782776, 165.913284302, 266.463012695, 113.737579346, 120.707298279, 40.6414833069, -22.2871894836, -39.2744483948, -40.2306976318, -27.5656852722, -4.33911991119, 26.3858890533], [-150.492828369, 144.428863525, -57.2888031006, 113.737579346, 291.83770752, 68.0613098145, 73.3377304077, 21.0468139648, 1.58385968208, -72.8068618774, -10.0565786362, -14.535449028, 49.2245445251], [77.9239044189, -198.300643921, 49.957321167, 120.707298279, 68.0613098145, 225.356872559, 94.8751296997, 41.3329849243, -24.8169288635, -26.0251159668, -62.3176651001, -6.40549087524, -7.59064435959], [-107.154624939, 70.6850509644, -16.6903896332, 40.6414833069, 73.3377304077, 94.8751296997, 126.598342896, 50.3611946106, 26.3755283356, -35.5099601746, -24.7138996124, -42.2603416443, 5.07159662247], [163.998046875, -89.7553253174, -112.533599854, -22.2871894836, 21.0468139648, 41.3329849243, 50.3611946106, 130.710479736, 61.779548645, 33.3683509827, -21.0519504547, -14.5654573441, -17.1999893188], [8.33700084686, 84.7135238647, -52.1764030457, -39.2744483948, 1.58385968208, -24.8169288635, 26.3755283356, 61.779548645, 110.186477661, 59.5822143555, 34.7610015869, -24.5730781555, -16.7885112762], [178.997711182, -116.824195862, 5.68682432175, -40.2306976318, -72.8068618774, -26.0251159668, -35.5099601746, 33.3683509827, 59.5822143555, 132.813217163, 48.0138626099, 27.7842655182, -39.056427002], [-13.2140960693, 104.217704773, -26.8431129456, -27.5656852722, -10.0565786362, -62.3176651001, -24.7138996124, -21.0519504547, 34.7610015869, 48.0138626099, 96.3425674438, 35.5007820129, 16.9516067505], [114.216705322, -91.9125595093, 2.83526754379, -4.33911991119, -14.535449028, -6.40549087524, -42.2603416443, -14.5654573441, -24.5730781555, 27.7842655182, 35.5007820129, 84.9535903931, 29.141254425], [-66.6386795044, 75.6647491455, -40.829788208, 26.3858890533, 49.2245445251, -7.59064435959, 5.07159662247, -17.1999893188, -16.7885112762, -39.056427002, 16.9516067505, 29.141254425, 79.2428894043]],
        "icov": [[0.000527837255504, -0.000156735637574, 0.000459202798083, -0.000723139033653, 0.000408244930441, -0.000182922376553, 0.00056824774947, -0.000656790682115, 0.00023297102598, -0.000459065049654, 0.000449400802609, -0.000909715075977, 0.000682391051669], [-0.000156735637574, 0.00547280069441, -0.00120438914746, 0.00367497699335, -0.00261600827798, 0.00350173655897, -0.00428583519533, 0.00454008160159, -0.00445320783183, 0.0052265250124, -0.00574454339221, 0.00527537707239, -0.00306012062356], [0.000459202798083, -0.00120438914746, 0.00297256489284, -0.00321282958612, 0.00156078045256, -0.000166805766639, -6.44607571303e-005, 0.00154807767831, -0.000201897273655, -0.00179816095624, 0.00341870542616, -0.00368849607185, 0.00318826804869], [-0.000723139033653, 0.00367497699335, -0.00321282958612, 0.0112982401624, -0.00476319994777, -0.0021312716417, -0.000779391673859, 0.00318459700793, -0.000799965346232, 0.00240523787215, -0.00600775517523, 0.00868541840464, -0.00693166535348], [0.000408244930441, -0.00261600827798, 0.00156078045256, -0.00476319994777, 0.00729226134717, -0.00164259667508, 0.00086507020751, -0.0030573848635, 0.00037260982208, 0.000626003951766, 0.0020234384574, -0.00401848880574, 0.00125764671247], [-0.000182922376553, 0.00350173655897, -0.000166805766639, -0.0021312716417, -0.00164259667508, 0.015364266932, -0.01374032069, 0.00338933686726, -0.000896682904568, 0.00101111165714, 0.00350468675606, -0.00431618327275, 0.00237933243625], [0.00056824774947, -0.00428583519533, -6.44607571303e-005, -0.000779391673859, 0.00086507020751, -0.01374032069, 0.027352264151, -0.0109188333154, 0.000619879516307, 0.0018237932818, -0.00302973180078, 0.00696336990222, -0.00206001941115], [-0.000656790682115, 0.00454008160159, 0.00154807767831, 0.00318459700793, -0.0030573848635, 0.00338933686726, -0.0109188333154, 0.0252440720797, -0.0156448557973, 0.000296730548143, 0.00765743805096, -0.0031516298186, -0.00039550891961], [0.00023297102598, -0.00445320783183, -0.000201897273655, -0.000799965346232, 0.00037260982208, -0.000896682904568, 0.000619879516307, -0.0156448557973, 0.033370565623, -0.0157699398696, -0.00706476671621, 0.0110403364524, -0.00239375932142], [-0.000459065049654, 0.0052265250124, -0.00179816095624, 0.00240523787215, 0.000626003951766, 0.00101111165714, 0.0018237932818, 0.000296730548143, -0.0157699398696, 0.0295592416078, -0.0133248027414, -0.00382072618231, 0.00803502462804], [0.000449400802609, -0.00574454339221, 0.00341870542616, -0.00600775517523, 0.0020234384574, 0.00350468675606, -0.00302973180078, 0.00765743805096, -0.00706476671621, -0.0133248027414, 0.0354604832828, -0.0201200898737, 0.00230899802409], [-0.000909715075977, 0.00527537707239, -0.00368849607185, 0.00868541840464, -0.00401848880574, -0.00431618327275, 0.00696336990222, -0.0031516298186, 0.0110403364524, -0.00382072618231, -0.0201200898737, 0.0408586338162, -0.0199072770774], [0.000682391051669, -0.00306012062356, 0.00318826804869, -0.00693166535348, 0.00125764671247, 0.00237933243625, -0.00206001941115, -0.00039550891961, -0.00239375932142, 0.00803502462804, 0.00230899802409, -0.0199072770774, 0.029838681221]]
    },
    "melbands": {
        "mean": [0.00169427262153, 0.00419694418088, 0.00362714263611, 0.00171366543509, 0.00131417403463, 0.0012089087395, 0.000583900138736, 0.000382692553103, 0.000166923608049, 0.000123154895846, 0.00014902264229, 3.59670921171e-005, 2.33578812185e-005, 1.47198225022e-005, 5.56925397177e-006, 3.89292245018e-006, 7.46017349229e-006, 4.58374870504e-006, 2.20311858357e-006, 1.8912151063e-006, 3.48422099705e-006, 3.44569184563e-006, 1.99696501113e-006, 3.23655672219e-006, 4.34615503764e-006, 2.24328255172e-006, 1.56034957399e-006, 1.27903115299e-006, 1.42989426877e-006, 1.413171276e-006, 1.07862410914e-006, 8.07801882274e-007, 1.0592941635e-006, 1.00567149275e-006, 9.42467750065e-007, 8.30594444778e-007, 6.70014287607e-007, 5.67159418097e-007, 4.55889249906e-007, 3.14292805115e-007],
        "var": [1.95817283384e-005, 3.19852952089e-005, 1.43808692883e-005, 3.21315860674e-006, 4.32958222518e-006, 4.18700847149e-006, 1.44158968851e-006, 8.15809812593e-007, 1.50170421875e-007, 3.61565923868e-008, 7.00654254615e-008, 2.61492916209e-009, 3.26184101951e-009, 1.50179424452e-009, 1.73232178602e-010, 5.07565760255e-011, 2.19639154087e-010, 3.95462135261e-011, 8.76934722754e-012, 7.04003652249e-012, 4.43386508064e-011, 4.60800529678e-011, 8.30240216854e-012, 3.29486680994e-011, 5.91332954825e-011, 1.02323488224e-011, 7.88898460446e-012, 4.29451352951e-012, 8.66384828463e-012, 5.29102326188e-012, 4.035166732e-012, 2.13983843665e-012, 3.55692190111e-012, 4.92115462963e-012, 3.36492075523e-012, 2.67197245232e-012, 2.43785178676e-012, 1.36202063083e-012, 7.95834969106e-013, 3.92749607793e-013]
    },
    "mfcc": {
        "mean": [-682.508728027, 144.590591431, 50.4263267517, 33.3692855835, -1.73961865902, -1.69431459904, -0.735786139965, 5.73415994644, -3.62899398804, -1.01480066776, -5.96454524994, -6.79889774323, -7.48955583572],
        "cov": [[2689.56347656, -700.899047852, -397.173400879, -145.425018311, -64.9947280884, -91.3643951416, -67.8131790161, -13.4416503906, 12.1351413727, 83.159362793, 82.8786392212, 45.9978523254, 29.2819232941], [-700.899047852, 949.802368164, -118.228675842, 63.8284645081, -2.6285533905, -101.112297058, -52.2031059265, -31.8292732239, -47.3818016052, -21.5026130676, 7.28642988205, -6.05234909058, -11.255449295], [-397.173400879, -118.228675842, 674.317443848, 67.6063537598, -17.0650596619, 114.743865967, 0.861423194408, -56.0773124695, -33.9919586182, -59.5646896362, -41.3727302551, 26.6425743103, 59.9731750488], [-145.425018311, 63.8284645081, 67.6063537598, 177.861953735, 101.940879822, 52.9869804382, 40.7704620361, 14.8174991608, 1.11309480667, -8.00372886658, -23.5234107971, -22.4155921936, -16.6582508087], [-64.9947280884, -2.6285533905, -17.0650596619, 101.940879822, 162.92338562, 77.8358306885, 63.34715271, 54.5385398865, 27.8937568665, -0.866097033024, -10.4374370575, -27.2425079346, -24.6383953094], [-91.3643951416, -101.112297058, 114.743865967, 52.9869804382, 77.8358306885, 180.785842896, 106.299415588, 65.4294891357, 37.3017578125, -8.58791255951, -34.8189811707, -6.41476535797, 4.74792432785], [-67.8131790161, -52.2031059265, 0.861423194408, 40.7704620361, 63.34715271, 106.299415588, 128.394302368, 95.7097015381, 56.7509002686, 11.8572263718, -25.2337398529, -24.6139335632, -22.0703239441], [-13.4416503906, -31.8292732239, -56.0773124695, 14.8174991608, 54.5385398865, 65.4294891357, 95.7097015381, 132.307693481, 84.8531570435, 33.5066261292, -8.20513725281, -27.872549057, -35.8458786011], [12.1351413727, -47.3818016052, -33.9919586182, 1.11309480667, 27.8937568665, 37.3017578125, 56.7509002686, 84.8531570435, 109.084213257, 67.1863555908, 23.9921035767, -5.79569768906, -27.5943050385], [83.159362793, -21.5026130676, -59.5646896362, -8.00372886658, -0.866097033024, -8.58791255951, 11.8572263718, 33.5066261292, 67.1863555908, 102.452194214, 66.8834609985, 20.9834480286, -11.1836490631], [82.8786392212, 7.28642988205, -41.3727302551, -23.5234107971, -10.4374370575, -34.8189811707, -25.2337398529, -8.20513725281, 23.9921035767, 66.8834609985, 99.9025497437, 51.8793029785, 13.7814702988], [45.9978523254, -6.05234909058, 26.6425743103, -22.4155921936, -27.2425079346, -6.41476535797, -24.6139335632, -27.872549057, -5.79569768906, 20.9834480286, 51.8793029785, 79.0812149048, 49.1965560913], [29.2819232941, -11.255449295, 59.9731750488, -16.6582508087, -24.6383953094, 4.74792432785, -22.0703239441, -35.8458786011, -27.5943050385, -11.1836490631, 13.7814702988, 49.1965560913, 82.3392410278]],
        "icov": [[0.000600301194936, 0.000531594851054, 0.000457476009615, -0.000106615145341, 0.000144944075146, -7.86746295489e-006, 0.00049149536062, -0.000248629192356, 0.000311180134304, -0.00026535341749, -0.000103351456346, -6.3038692133e-006, -0.000338959041983], [0.000531594851054, 0.00170755223371, 0.000619164435193, -0.00102993822657, 0.000448116188636, 0.000633451913018, 0.000618030433543, -0.000692586938385, 0.000613321026322, 0.00029268412618, -0.000439083582023, -9.80745826382e-005, -0.000275888596661], [0.000457476009615, 0.000619164435193, 0.00269417045638, -0.00170478131622, 0.00183043023571, -0.00243437965401, 0.00153943011537, 0.000929058995098, -0.00113306287676, 0.00148288207129, -0.000583962304518, 0.000213785024243, -0.00108841597103], [-0.000106615145341, -0.00102993822657, -0.00170478131622, 0.0114241437986, -0.00781240081415, 0.00133578944951, -0.00301565835252, 0.00272200861946, 0.00193934759591, -0.00419179536402, 0.00389300775714, -0.000937740202062, 0.00140131812077], [0.000144944075146, 0.000448116188636, 0.00183043023571, -0.00781240081415, 0.0147297242656, -0.00550951249897, 0.00168154330458, -0.00290765287355, -0.00114650186151, 0.00517814047635, -0.00688262702897, 0.00439418526366, -0.000148292383528], [-7.86746295489e-006, 0.000633451913018, -0.00243437965401, 0.00133578944951, -0.00550951249897, 0.017262712121, -0.0124633563682, 0.00132693839259, -0.00091913761571, -0.000655171519611, 0.00509144878015, -0.00489720515907, -0.00159747968428], [0.00049149536062, 0.000618030433543, 0.00153943011537, -0.00301565835252, 0.00168154330458, -0.0124633563682, 0.0303213708103, -0.0153611693531, 0.00118842278607, -0.0011388551211, 0.00143747427501, 0.00143465236761, -1.40355959957e-005], [-0.000248629192356, -0.000692586938385, 0.000929058995098, 0.00272200861946, -0.00290765287355, 0.00132693839259, -0.0153611693531, 0.0296805035323, -0.0163534898311, 0.00295826559886, 0.000664606166538, 0.00213201646693, 0.00126114569139], [0.000311180134304, 0.000613321026322, -0.00113306287676, 0.00193934759591, -0.00114650186151, -0.00091913761571, 0.00118842278607, -0.0163534898311, 0.0332770422101, -0.0187101587653, 0.00321912672371, -0.00179169443436, 0.00324244308285], [-0.00026535341749, 0.00029268412618, 0.00148288207129, -0.00419179536402, 0.00517814047635, -0.000655171519611, -0.0011388551211, 0.00295826559886, -0.0187101587653, 0.0347882658243, -0.0205495450646, 0.00338325020857, 0.000648856454063], [-0.000103351456346, -0.000439083582023, -0.000583962304518, 0.00389300775714, -0.00688262702897, 0.00509144878015, 0.00143747427501, 0.000664606166538, 0.00321912672371, -0.0205495450646, 0.0347649380565, -0.0192241668701, 0.00346635165624], [-6.3038692133e-006, -9.80745826382e-005, 0.000213785024243, -0.000937740202062, 0.00439418526366, -0.00489720515907, 0.00143465236761, 0.00213201646693, -0.00179169443436, 0.00338325020857, -0.0192241668701, 0.0361260101199, -0.0159547105432], [-0.000338959041983, -0.000275888596661, -0.00108841597103, 0.00140131812077, -0.000148292383528, -0.00159747968428, -1.40355959957e-005, 0.00126114569139, 0.00324244308285, 0.000648856454063, 0.00346635165624, -0.0159547105432, 0.0240242984146]]
    },
    "spectral_contrast_coeffs": {
        "mean": [-0.564264297485, -0.70365691185, -0.776823878288, -0.838448107243, -0.828589975834, -0.79308873415],
        "var": [0.00718548009172, 0.00940554309636, 0.00444119563326, 0.00110115495045, 0.000960505683906, 0.000524377275724]
    },
    "spectral_contrast_valleys": {
        "mean": [-6.890229702, -6.58142518997, -7.47584676743, -8.47392940521, -8.14019870758, -10.3023605347],
        "var": [0.61987221241, 0.60574477911, 0.51175570488, 0.549749732018, 0.556168913841, 0.736863732338]
    }
},
"metadata": {
    "audio_properties": {
        "analysis_sample_rate": 44100,
        "bit_rate": 128074,
        "equal_loudness": 0,
        "length": 45.0612258911,
        "lossless": 0,
        "replay_gain": -5.63220977783,
        "sample_rate": 44100,
        "codec": "mp3",
        "downmix": "mix",
        "md5_encoded": "4518fe5a732c727ea316b56ad0283a35"
    },
    "tags": {
        "file_name": "1051.mp3"
    },
    "version": {
        "essentia": "2.1-beta2",
        "essentia_git_sha": "v2.1_beta2",
        "extractor": "music 1.0"
    }
},
"rhythm": {
    "beats_count": 120,
    "beats_loudness": {
        "mean": 0.0486833117902,
        "var": 0.000811127305496
    },
    "bpm": 162.650009155,
    "bpm_histogram_first_peak_bpm": {
        "mean": 161,
        "var": 0
    },
    "bpm_histogram_first_peak_spread": {
        "mean": 0.247190997005,
        "var": 0
    },
    "bpm_histogram_first_peak_weight": {
        "mean": 0.56302523613,
        "var": 0
    },
    "bpm_histogram_second_peak_bpm": {
        "mean": 167,
        "var": 0
    },
    "bpm_histogram_second_peak_spread": {
        "mean": 0,
        "var": 0
    },
    "bpm_histogram_second_peak_weight": {
        "mean": 0.159663870931,
        "var": 0
    },
    "danceability": 1.07808530331,
    "onset_rate": 4.03712892532,
    "beats_loudness_band_ratio": {
        "mean": [0.556563258171, 0.325060397387, 0.1619002074, 0.0223308894783, 0.00679556978866, 0.0163784753531],
        "var": [0.0599412880838, 0.0375360324979, 0.0354153253138, 0.00290480908006, 0.000113277659693, 0.000597985752393]
    },
    "beats_position": [0.371519267559, 0.766258478165, 1.16099774837, 1.55573689938, 1.9620860815, 2.36843538284, 2.76317453384, 3.16952371597, 3.5758728981, 3.98222208023, 4.37696123123, 4.76009082794, 5.14321994781, 5.52634906769, 5.90947818756, 6.29260778427, 6.66412687302, 7.04725599289, 7.4303855896, 7.80190467834, 8.17342376709, 8.54494285583, 8.91646194458, 9.29959201813, 9.682721138, 10.0542402267, 10.4257593155, 10.7972784042, 11.1804075241, 11.5635375977, 11.9466667175, 12.3181858063, 12.7013149261, 13.084444046, 13.4675731659, 13.8507022858, 14.2338323593, 14.6169614792, 15.0000905991, 15.3832197189, 15.7547388077, 16.1378688812, 16.50938797, 16.8809070587, 17.2524261475, 17.6239452362, 17.995464325, 18.3669834137, 18.7385025024, 19.1100215912, 19.4815406799, 19.853061676, 20.2129707336, 20.5728797913, 20.94439888, 21.3159179688, 21.6874370575, 22.0589561462, 22.430475235, 22.8019943237, 23.1735134125, 23.5450344086, 23.9165534973, 24.2880725861, 24.6595916748, 25.0311107635, 25.4026298523, 25.774148941, 26.1340579987, 26.4939670563, 26.865486145, 27.2370071411, 27.6085262299, 27.9800453186, 28.3515644073, 28.7230834961, 29.0829925537, 29.4429016113, 29.8144207001, 30.1859397888, 30.5574588776, 30.9289798737, 31.3004989624, 31.6836280823, 32.0435371399, 32.4150543213, 32.7865753174, 33.1580963135, 33.5296134949, 33.901134491, 34.2726516724, 34.6441726685, 35.0040817261, 35.3639907837, 35.7238998413, 36.0838088989, 36.4437179565, 36.8036270142, 37.1751480103, 37.5466651917, 37.9181861877, 38.2897033691, 38.6612243652, 39.0327415466, 39.3926506042, 39.7525634766, 40.124080658, 40.4839897156, 40.8438987732, 41.2154197693, 41.5869369507, 41.9584579468, 42.3299751282, 42.7014961243, 43.0730133057, 43.4213142395, 43.7812232971, 44.1411323547, 44.5126533508, 44.8841705322]
},
"tonal": {
    "chords_changes_rate": 0.0586419738829,
    "chords_number_rate": 0.00823045242578,
    "chords_strength": {
        "mean": 0.517147064209,
        "var": 0.00657513178885
    },
    "hpcp_entropy": {
        "mean": 1.96986329556,
        "var": 0.410462796688
    },
    "key_strength": 0.752020895481,
    "tuning_diatonic_strength": 0.665243029594,
    "tuning_equal_tempered_deviation": 0.1418402493,
    "tuning_frequency": 435.952270508,
    "tuning_nontempered_energy_ratio": 0.808117389679,
    "hpcp": {
        "mean": [0.0195514075458, 0.0215398222208, 0.0371248424053, 0.077605471015, 0.110022783279, 0.0911681205034, 0.0661190003157, 0.0751054808497, 0.235863029957, 0.480102688074, 0.390561282635, 0.139547631145, 0.0694981589913, 0.061659604311, 0.0500316172838, 0.0547876954079, 0.073601461947, 0.0931109562516, 0.112729601562, 0.103489272296, 0.0851432308555, 0.0861532390118, 0.0825242698193, 0.09527849406, 0.184799686074, 0.21865862608, 0.115652292967, 0.044296618551, 0.0432457849383, 0.131401374936, 0.271170377731, 0.228482171893, 0.0914365202188, 0.0409045629203, 0.0276991371065, 0.023482106626],
        "var": [0.00453661102802, 0.00348641304299, 0.00836923811585, 0.0251269116998, 0.0496897809207, 0.0362132713199, 0.0252900421619, 0.0279106236994, 0.0696085691452, 0.167257726192, 0.124618060887, 0.0446998886764, 0.028050204739, 0.0298909135163, 0.0206380523741, 0.020812664181, 0.032385725528, 0.0440385937691, 0.0654115006328, 0.05380621925, 0.038198877126, 0.036047231406, 0.0358786508441, 0.030822288245, 0.0831528380513, 0.111297316849, 0.049986332655, 0.0176494624466, 0.0163696128875, 0.0340845547616, 0.105073079467, 0.078118249774, 0.0330022946, 0.011205824092, 0.00563458353281, 0.00454239966348]
    },
    "chords_histogram": [7.51028823853, 8.33333301544, 15.5349798203, 0, 0, 5.55555534363, 0, 4.21810722351, 0, 43.8271598816, 0.411522626877, 0, 0, 0, 0, 0, 0.720164597034, 0, 0, 0, 0, 0.205761313438, 4.32098770142, 9.36213970184],
    "thpcp": [1, 0.813495278358, 0.290662050247, 0.144756868482, 0.128430038691, 0.104210242629, 0.114116616547, 0.153303578496, 0.19393967092, 0.234803110361, 0.215556532145, 0.177343785763, 0.1794475317, 0.171888783574, 0.198454409838, 0.384916990995, 0.455441355705, 0.240890741348, 0.0922648832202, 0.0900761187077, 0.273694306612, 0.564817428589, 0.475902706385, 0.190452009439, 0.0851996093988, 0.0576941929758, 0.0489105917513, 0.040723387152, 0.0448650307953, 0.0773268789053, 0.161643490195, 0.229165107012, 0.189892962575, 0.137718454003, 0.156436279416, 0.491276204586],
    "chords_key": "C",
    "chords_scale": "major",
    "key_key": "F",
    "key_scale": "minor"
}
}