{
"lowlevel": {
    "average_loudness": 0.938411474228,
    "barkbands_crest": {
        "mean": 11.099070549,
        "var": 15.8424873352
    },
    "barkbands_flatness_db": {
        "mean": 0.159972444177,
        "var": 0.00415642512962
    },
    "barkbands_kurtosis": {
        "mean": 7.52100896835,
        "var": 186.738693237
    },
    "barkbands_skewness": {
        "mean": 2.13750910759,
        "var": 1.93043220043
    },
    "barkbands_spread": {
        "mean": 18.8833332062,
        "var": 95.4669189453
    },
    "dissonance": {
        "mean": 0.46064350009,
        "var": 0.000663266866468
    },
    "dynamic_complexity": 1.77195847034,
    "erbbands_crest": {
        "mean": 11.958272934,
        "var": 41.0984954834
    },
    "erbbands_flatness_db": {
        "mean": 0.159299299121,
        "var": 0.00205077114515
    },
    "erbbands_kurtosis": {
        "mean": -0.108920231462,
        "var": 2.52590799332
    },
    "erbbands_skewness": {
        "mean": 0.546401560307,
        "var": 0.358810842037
    },
    "erbbands_spread": {
        "mean": 47.0047836304,
        "var": 272.796325684
    },
    "hfc": {
        "mean": 22.2107601166,
        "var": 168.387573242
    },
    "melbands_crest": {
        "mean": 14.4089097977,
        "var": 17.8966178894
    },
    "melbands_flatness_db": {
        "mean": 0.237276241183,
        "var": 0.00587706174701
    },
    "melbands_kurtosis": {
        "mean": 22.6252498627,
        "var": 1102.36865234
    },
    "melbands_skewness": {
        "mean": 3.37761616707,
        "var": 4.09912014008
    },
    "melbands_spread": {
        "mean": 17.1442642212,
        "var": 115.16255188
    },
    "pitch_salience": {
        "mean": 0.488814949989,
        "var": 0.0166993159801
    },
    "silence_rate_20dB": {
        "mean": 1,
        "var": 0
    },
    "silence_rate_30dB": {
        "mean": 0.968589067459,
        "var": 0.0304247029126
    },
    "silence_rate_60dB": {
        "mean": 0.00360453152098,
        "var": 0.00359148345888
    },
    "spectral_centroid": {
        "mean": 1269.19567871,
        "var": 257328
    },
    "spectral_complexity": {
        "mean": 18.0875377655,
        "var": 91.5029602051
    },
    "spectral_decrease": {
        "mean": -1.12928288942e-008,
        "var": 5.17583221276e-017
    },
    "spectral_energy": {
        "mean": 0.0446363314986,
        "var": 0.000759062764701
    },
    "spectral_energyband_high": {
        "mean": 0.000902358384337,
        "var": 1.29390696202e-006
    },
    "spectral_energyband_low": {
        "mean": 0.0249727349728,
        "var": 0.000681882898789
    },
    "spectral_energyband_middle_high": {
        "mean": 0.0036701168865,
        "var": 7.51220386519e-006
    },
    "spectral_energyband_middle_low": {
        "mean": 0.0184699930251,
        "var": 0.000126942366478
    },
    "spectral_entropy": {
        "mean": 7.3708024025,
        "var": 0.318776011467
    },
    "spectral_flux": {
        "mean": 0.0948487594724,
        "var": 0.00354260066524
    },
    "spectral_kurtosis": {
        "mean": 3.01486182213,
        "var": 2.57440662384
    },
    "spectral_rms": {
        "mean": 0.00629638042301,
        "var": 3.90318700738e-006
    },
    "spectral_rolloff": {
        "mean": 888.141906738,
        "var": 851754.375
    },
    "spectral_skewness": {
        "mean": 1.23909640312,
        "var": 0.0783350393176
    },
    "spectral_spread": {
        "mean": 4663744,
        "var": 2.23439041331e+012
    },
    "spectral_strongpeak": {
        "mean": 1.21475672722,
        "var": 1.64899873734
    },
    "zerocrossingrate": {
        "mean": 0.0469036623836,
        "var": 0.000566553033423
    },
    "barkbands": {
        "mean": [0.00157090730499, 0.00835619028658, 0.0117975501344, 0.00467718113214, 0.00322372373194, 0.00125190475956, 0.0016432373086, 0.000809060991742, 0.00665350537747, 0.000591092335526, 0.000473076099297, 0.000388224114431, 0.000217927998165, 0.000131311127916, 0.00025542548974, 0.000270451942924, 0.000226926989853, 0.000466374098323, 0.000501066097058, 0.000488466932438, 0.000230569814448, 0.000158632683451, 0.000125341844978, 8.44244423206e-005, 3.04834720737e-005, 1.06903853521e-005, 2.58196087088e-006],
        "var": [2.32243965002e-005, 0.000301726046018, 0.000163620890817, 2.46591207542e-005, 1.25640781334e-005, 7.48597176425e-006, 1.02232734207e-005, 2.23352571993e-006, 9.77397721726e-005, 1.4371044017e-006, 5.54938765163e-007, 5.60318767384e-007, 7.86507428074e-008, 4.12971523645e-008, 1.01005809938e-007, 1.03102806293e-007, 7.6828911233e-008, 3.259317225e-007, 3.30941361426e-007, 2.14385025288e-007, 9.23711169776e-008, 8.29806054981e-008, 5.14920373007e-008, 1.84712778406e-008, 1.35330535667e-009, 2.70074240749e-010, 2.94547615465e-011]
    },
    "erbbands": {
        "mean": [0.252216428518, 1.94681596756, 9.11974143982, 21.0051708221, 11.1502561569, 9.98218536377, 7.65740346909, 12.0495119095, 18.3333683014, 26.9635276794, 39.6251335144, 184.205871582, 32.6926269531, 20.1459388733, 17.704744339, 14.2157125473, 11.043255806, 7.7956943512, 9.75637149811, 17.8971252441, 9.50067996979, 15.1756134033, 26.9268093109, 21.9523277283, 24.3728046417, 22.4457416534, 12.6345415115, 7.55371856689, 5.50899410248, 4.87069272995, 3.47599959373, 2.17866015434, 1.18328809738, 0.493417650461, 0.14005471766, 0.0493855327368, 0.0186497159302, 0.00648766802624, 0.00025711444323, 5.63804351259e-005],
        "var": [0.240317985415, 17.0849685669, 103.867530823, 517.591247559, 101.693969727, 214.912445068, 162.276290894, 826.513000488, 965.471984863, 2268.25268555, 3113.89648438, 78800.1171875, 1762.78601074, 1070.73242188, 897.928894043, 561.402099609, 184.998550415, 116.544624329, 169.724884033, 255.581634521, 96.5511779785, 250.047241211, 1012.19415283, 501.013153076, 454.898254395, 451.763336182, 254.153198242, 95.5578613281, 98.2225418091, 83.8360900879, 39.4850120544, 13.5249166489, 3.59755277634, 0.411140799522, 0.027404230088, 0.00558451516554, 0.000842446053866, 0.000124647049233, 2.58548340071e-007, 1.00364394573e-009]
    },
    "gfcc": {
        "mean": [15.7004899979, 94.6792373657, -108.222579956, 52.3960227966, -54.9543075562, 9.14328861237, -19.7464637756, 20.5400466919, -22.0576515198, -7.51825332642, -24.304895401, -15.1766290665, -16.3195800781],
        "cov": [[2778.859375, -114.132705688, -328.200622559, -65.4442520142, -393.505096436, 80.4183044434, -221.799621582, -140.40447998, 5.61144065857, 117.001625061, 140.984939575, 153.606369019, 37.5964355469], [-114.132705688, 629.676330566, -114.384605408, -26.4707984924, 102.566680908, -128.49899292, 67.3917770386, -75.1823806763, 8.33194541931, -10.1903495789, 110.555130005, -16.653049469, 83.0847167969], [-328.200622559, -114.384605408, 489.880737305, 70.5366439819, 124.30431366, 89.0976715088, 22.8561992645, 32.6935577393, 11.1334609985, 13.8437108994, -13.9879169464, 31.3532581329, -50.9237060547], [-65.4442520142, -26.4707984924, 70.5366439819, 284.428405762, 123.953361511, -2.64814853668, 61.4840812683, 76.889831543, 44.9076843262, -48.702495575, -99.9890136719, -131.968215942, -17.4926109314], [-393.505096436, 102.566680908, 124.30431366, 123.953361511, 336.257568359, -69.794052124, 129.912261963, 117.792015076, -6.64437961578, -55.9874954224, -126.415489197, -126.021080017, -51.87266922], [80.4183044434, -128.49899292, 89.0976715088, -2.64814853668, -69.794052124, 237.117050171, -21.972158432, -61.7713012695, 18.1137256622, 12.7647361755, 42.5700073242, 50.9479942322, -13.7933950424], [-221.799621582, 67.3917770386, 22.8561992645, 61.4840812683, 129.912261963, -21.972158432, 147.049804688, 117.692764282, 27.7219905853, -53.7529144287, -97.8326187134, -99.4055633545, -19.2616462708], [-140.40447998, -75.1823806763, 32.6935577393, 76.889831543, 117.792015076, -61.7713012695, 117.692764282, 199.611953735, 38.0690193176, -50.3758659363, -148.594436646, -112.470191956, -38.3393440247], [5.61144065857, 8.33194541931, 11.1334609985, 44.9076843262, -6.64437961578, 18.1137256622, 27.7219905853, 38.0690193176, 82.137260437, 21.1471920013, 5.5263800621, -23.3987503052, 8.32833957672], [117.001625061, -10.1903495789, 13.8437108994, -48.702495575, -55.9874954224, 12.7647361755, -53.7529144287, -50.3758659363, 21.1471920013, 98.6016311646, 104.701957703, 77.9480209351, 18.9898605347], [140.984939575, 110.555130005, -13.9879169464, -99.9890136719, -126.415489197, 42.5700073242, -97.8326187134, -148.594436646, 5.5263800621, 104.701957703, 240.994155884, 164.634506226, 58.2443084717], [153.606369019, -16.653049469, 31.3532581329, -131.968215942, -126.021080017, 50.9479942322, -99.4055633545, -112.470191956, -23.3987503052, 77.9480209351, 164.634506226, 193.871322632, 56.8698768616], [37.5964355469, 83.0847167969, -50.9237060547, -17.4926109314, -51.87266922, -13.7933950424, -19.2616462708, -38.3393440247, 8.32833957672, 18.9898605347, 58.2443084717, 56.8698768616, 93.4515380859]],
        "icov": [[0.000541253539268, -0.000458875671029, 0.000446473975899, -0.00058944959892, 0.000598566257395, -0.000387082865927, 0.000705429236405, -0.000560446642339, 0.000249610253377, -0.000911434937734, 0.000883437576704, -0.000979869626462, 0.000722418248188], [-0.000458875671029, 0.0059457286261, -0.000352031522198, 0.00243499712087, -0.00293044210412, 0.00343757099472, -0.00501421885565, 0.00555730145425, -0.00261531793512, 0.00490958197042, -0.00677711050957, 0.00519292941317, -0.00441123219207], [0.000446473975899, -0.000352031522198, 0.00380394654348, -0.00181460322347, -0.00118565012235, -0.00123434979469, 0.000349906214979, -0.000538361025974, -0.000777955399826, -0.00116371421609, 0.00200312864035, -0.00501715065911, 0.00298800738528], [-0.00058944959892, 0.00243499712087, -0.00181460322347, 0.00857614446431, -0.00327515718527, 0.000245499308221, 0.00150713534094, 0.00117468310054, -0.00344478501938, 0.00414596358314, -0.00464398227632, 0.00963130407035, -0.00580261042342], [0.000598566257395, -0.00293044210412, -0.00118565012235, -0.00327515718527, 0.00888214539737, 0.000137905939482, -0.00309751997702, -0.00216045603156, 0.00506847351789, -0.00475807627663, 0.00380013906397, -0.00165024283342, 0.00368219823577], [-0.000387082865927, 0.00343757099472, -0.00123434979469, 0.000245499308221, 0.000137905939482, 0.00903815031052, -0.00657483795658, 0.00804615858942, -0.00526361959055, 0.00426587415859, -0.00171162036713, -0.00129432696849, 0.00128592713736], [0.000705429236405, -0.00501421885565, 0.000349906214979, 0.00150713534094, -0.00309751997702, -0.00657483795658, 0.0272228382528, -0.0154923144728, -0.000580765656196, 0.002435952425, 0.000303386565065, 0.00388015108183, -0.00178129482083], [-0.000560446642339, 0.00555730145425, -0.000538361025974, 0.00117468310054, -0.00216045603156, 0.00804615858942, -0.0154923144728, 0.0246467515826, -0.0108192386106, 0.00212362385355, 0.00520796654746, -0.00214680912904, 0.000711152679287], [0.000249610253377, -0.00261531793512, -0.000777955399826, -0.00344478501938, 0.00506847351789, -0.00526361959055, -0.000580765656196, -0.0108192386106, 0.026963153854, -0.0117488708347, -0.00344563880935, 0.00747588230297, -0.00378330470994], [-0.000911434937734, 0.00490958197042, -0.00116371421609, 0.00414596358314, -0.00475807627663, 0.00426587415859, 0.002435952425, 0.00212362385355, -0.0117488708347, 0.0300702545792, -0.0147090386599, 0.00184856646229, -0.00151530036237], [0.000883437576704, -0.00677711050957, 0.00200312864035, -0.00464398227632, 0.00380013906397, -0.00171162036713, 0.000303386565065, 0.00520796654746, -0.00344563880935, -0.0147090386599, 0.0287306047976, -0.0197233334184, 0.00734014622867], [-0.000979869626462, 0.00519292941317, -0.00501715065911, 0.00963130407035, -0.00165024283342, -0.00129432696849, 0.00388015108183, -0.00214680912904, 0.00747588230297, 0.00184856646229, -0.0197233334184, 0.0355785824358, -0.0167423356324], [0.000722418248188, -0.00441123219207, 0.00298800738528, -0.00580261042342, 0.00368219823577, 0.00128592713736, -0.00178129482083, 0.000711152679287, -0.00378330470994, -0.00151530036237, 0.00734014622867, -0.0167423356324, 0.0232911854982]]
    },
    "melbands": {
        "mean": [0.00243988703005, 0.00430883280933, 0.00328420335427, 0.000722186872736, 0.00031935700099, 0.000266215938609, 0.0003141387715, 0.00026956218062, 0.000474577915156, 0.00108791817911, 0.000111800756713, 7.87301105447e-005, 5.75377998757e-005, 4.56271591247e-005, 3.08407070406e-005, 2.12063987419e-005, 1.36733187901e-005, 1.28532992676e-005, 2.26911870413e-005, 2.58814616245e-005, 7.28748000256e-006, 1.21284510897e-005, 3.07418886223e-005, 1.54794997798e-005, 1.77203473868e-005, 2.21706523007e-005, 1.4956321138e-005, 1.51630893015e-005, 8.22734182293e-006, 6.11089126323e-006, 3.79106541004e-006, 3.09160986944e-006, 2.96723897009e-006, 2.5713834475e-006, 2.04905859391e-006, 1.65341816682e-006, 1.20309766771e-006, 8.95836308246e-007, 5.93477750499e-007, 3.43699753103e-007],
        "var": [2.25097428483e-005, 2.63081728917e-005, 1.03986076283e-005, 5.75460092023e-007, 2.61834628645e-007, 3.69594260974e-007, 3.06899266889e-007, 2.25570076395e-007, 6.67852134484e-007, 2.60683395936e-006, 3.83435185825e-008, 1.83918142938e-008, 7.98430654925e-009, 8.35127433874e-009, 2.61100741028e-009, 7.44070582925e-010, 4.68333927195e-010, 3.71746661232e-010, 7.58851759208e-010, 1.01851860279e-009, 8.60953114357e-011, 3.05518721433e-010, 1.72696068557e-009, 2.90595492114e-010, 4.44260073174e-010, 7.38459460248e-010, 3.10399178582e-010, 2.67121019748e-010, 1.20794985126e-010, 7.53581780311e-011, 2.70050214829e-011, 3.45767026122e-011, 3.19313187003e-011, 2.42661307714e-011, 1.38110842207e-011, 8.93600731605e-012, 4.23581395653e-012, 2.29017607829e-012, 6.63040314926e-013, 2.01314347679e-013]
    },
    "mfcc": {
        "mean": [-631.093200684, 113.671203613, 11.5089530945, 44.4756774902, -1.37470805645, 0.941037356853, 11.6522407532, 13.4772262573, 8.25311088562, 13.680642128, 0.0782976895571, -2.23962807655, -8.15491962433],
        "cov": [[2973.12084961, -185.435256958, -173.495819092, -459.098266602, -228.833282471, 55.4126434326, -301.60458374, -211.484573364, -272.730010986, -169.348251343, -76.3747940063, 66.5614547729, 181.037628174], [-185.435256958, 653.570251465, -165.677490234, 51.4087753296, -9.13937854767, -48.2997970581, 54.4342575073, -46.1155700684, -42.9451522827, -67.4212112427, -33.0775032043, 11.993221283, 49.6545372009], [-173.495819092, -165.677490234, 358.841064453, -17.8347396851, 82.3962173462, 92.9834518433, -8.71038150787, 41.9301223755, -0.913002669811, 3.37515711784, 10.8152704239, 21.9454288483, 38.2819404602], [-459.098266602, 51.4087753296, -17.8347396851, 439.057800293, 101.681221008, -67.2242660522, 103.532859802, 50.8839530945, 146.531066895, 154.03453064, 53.8776855469, -57.4219207764, -128.124481201], [-228.833282471, -9.13937854767, 82.3962173462, 101.681221008, 126.638244629, 44.4284286499, 50.3283653259, 31.8744125366, 32.8841972351, 32.4649467468, 23.2738609314, 3.7561416626, -12.1876878738], [55.4126434326, -48.2997970581, 92.9834518433, -67.2242660522, 44.4284286499, 140.145111084, 6.4043507576, 13.2886161804, -19.1115550995, -20.2391319275, -0.564339876175, 28.0077800751, 29.6608867645], [-301.60458374, 54.4342575073, -8.71038150787, 103.532859802, 50.3283653259, 6.4043507576, 107.276321411, 62.1525421143, 62.5455856323, 47.9054260254, 18.2824516296, -20.8250675201, -43.9355545044], [-211.484573364, -46.1155700684, 41.9301223755, 50.8839530945, 31.8744125366, 13.2886161804, 62.1525421143, 117.164863586, 90.2023391724, 55.9425086975, 26.5973587036, -17.5197105408, -63.0997200012], [-272.730010986, -42.9451522827, -0.913002669811, 146.531066895, 32.8841972351, -19.1115550995, 62.5455856323, 90.2023391724, 162.664428711, 119.287902832, 34.992893219, -38.3241081238, -90.0242462158], [-169.348251343, -67.4212112427, 3.37515711784, 154.03453064, 32.4649467468, -20.2391319275, 47.9054260254, 55.9425086975, 119.287902832, 147.406295776, 55.1789588928, -31.8796386719, -75.5177612305], [-76.3747940063, -33.0775032043, 10.8152704239, 53.8776855469, 23.2738609314, -0.564339876175, 18.2824516296, 26.5973587036, 34.992893219, 55.1789588928, 73.8898849487, 20.3990745544, -26.6105632782], [66.5614547729, 11.993221283, 21.9454288483, -57.4219207764, 3.7561416626, 28.0077800751, -20.8250675201, -17.5197105408, -38.3241081238, -31.8796386719, 20.3990745544, 77.0027694702, 54.5272254944], [181.037628174, 49.6545372009, 38.2819404602, -128.124481201, -12.1876878738, 29.6608867645, -43.9355545044, -63.0997200012, -90.0242462158, -75.5177612305, -26.6105632782, 54.5272254944, 152.886932373]],
        "icov": [[0.000590270617977, 0.000145150741446, 0.000526048999745, 1.27320754473e-005, 0.000368757901015, -0.000611828058027, 0.00134266680107, -0.000335495540639, 0.000807243515737, -0.000600554514676, 0.000165716774063, 0.000152977547259, -0.000318701786455], [0.000145150741446, 0.00235565728508, 0.00103117094841, -0.000739359180443, 0.000295324338367, 0.000201535003725, -0.00168737617787, 0.000488027028041, -0.000120684569993, 0.00162121735048, 0.000258787738858, -0.00037440014421, -0.00120549357962], [0.000526048999745, 0.00103117094841, 0.00536477379501, -0.000682806712575, -0.00228138943203, -0.00227994704619, 0.00373262469657, -0.00383923551999, 0.00189359416254, -0.000722021388356, 0.000365815416444, 0.000803129689302, -0.00258915848099], [1.27320754473e-005, -0.000739359180443, -0.000682806712575, 0.00688520306721, -0.00446123257279, 0.00316843832843, -0.0028148421552, 0.0043345768936, -0.0020807934925, -0.00355798006058, 0.00019917145255, -0.000165635268786, 0.00328685436398], [0.000368757901015, 0.000295324338367, -0.00228138943203, -0.00446123257279, 0.0166872479022, -0.0050648804754, -0.00395075418055, 7.87821190897e-005, 0.00043318173266, 0.00170680787414, -0.00220124493353, -0.000403294718126, -0.00163110508583], [-0.000611828058027, 0.000201535003725, -0.00227994704619, 0.00316843832843, -0.0050648804754, 0.0124908862635, -0.00385912018828, 0.00072813819861, -0.000342635408742, -0.000572817807551, 0.00192687450908, -0.00354990013875, 0.0013663880527], [0.00134266680107, -0.00168737617787, 0.00373262469657, -0.0028148421552, -0.00395075418055, -0.00385912018828, 0.0251202434301, -0.0121972793713, 0.00333827990107, -0.00271141971461, 3.98570809921e-005, 0.0038128416054, -0.00244341115467], [-0.000335495540639, 0.000488027028041, -0.00383923551999, 0.0043345768936, 7.87821190897e-005, 0.00072813819861, -0.0121972793713, 0.0262994170189, -0.0140171032399, 0.00509867165238, -0.00385606382042, -0.00117894099094, 0.00606089364737], [0.000807243515737, -0.000120684569993, 0.00189359416254, -0.0020807934925, 0.00043318173266, -0.000342635408742, 0.00333827990107, -0.0140171032399, 0.0272102188319, -0.0170088876039, 0.00673988927156, -0.00120363151655, 0.00136365834624], [-0.000600554514676, 0.00162121735048, -0.000722021388356, -0.00355798006058, 0.00170680787414, -0.000572817807551, -0.00271141971461, 0.00509867165238, -0.0170088876039, 0.0292100030929, -0.0154515374452, 0.00750695122406, -0.00199793395586], [0.000165716774063, 0.000258787738858, 0.000365815416444, 0.00019917145255, -0.00220124493353, 0.00192687450908, 3.98570809921e-005, -0.00385606382042, 0.00673988927156, -0.0154515374452, 0.0304007288069, -0.0163157749921, 0.0051125343889], [0.000152977547259, -0.00037440014421, 0.000803129689302, -0.000165635268786, -0.000403294718126, -0.00354990013875, 0.0038128416054, -0.00117894099094, -0.00120363151655, 0.00750695122406, -0.0163157749921, 0.0277461893857, -0.00887000281364], [-0.000318701786455, -0.00120549357962, -0.00258915848099, 0.00328685436398, -0.00163110508583, 0.0013663880527, -0.00244341115467, 0.00606089364737, 0.00136365834624, -0.00199793395586, 0.0051125343889, -0.00887000281364, 0.0159861072898]]
    },
    "spectral_contrast_coeffs": {
        "mean": [-0.610995531082, -0.727408707142, -0.718153715134, -0.774989783764, -0.756270766258, -0.749882161617],
        "var": [0.00706938607618, 0.00785122439265, 0.0119440155104, 0.00352307478897, 0.00447054812685, 0.00104354822543]
    },
    "spectral_contrast_valleys": {
        "mean": [-6.80847215652, -6.86674022675, -7.34189987183, -7.94375276566, -7.48601102829, -9.98936462402],
        "var": [0.588802456856, 0.874567806721, 1.01196670532, 0.884660065174, 0.812188327312, 0.648285746574]
    }
},
"metadata": {
    "audio_properties": {
        "analysis_sample_rate": 44100,
        "bit_rate": 128074,
        "equal_loudness": 0,
        "length": 45.0612258911,
        "lossless": 0,
        "replay_gain": -5.54167366028,
        "sample_rate": 44100,
        "codec": "mp3",
        "downmix": "mix",
        "md5_encoded": "7cacf6d18eaecddb2df49569030f43f7"
    },
    "tags": {
        "file_name": "1052.mp3"
    },
    "version": {
        "essentia": "2.1-beta2",
        "essentia_git_sha": "v2.1_beta2",
        "extractor": "music 1.0"
    }
},
"rhythm": {
    "beats_count": 63,
    "beats_loudness": {
        "mean": 0.0446212142706,
        "var": 0.000432264205301
    },
    "bpm": 84.5451965332,
    "bpm_histogram_first_peak_bpm": {
        "mean": 83,
        "var": 0
    },
    "bpm_histogram_first_peak_spread": {
        "mean": 0.542372882366,
        "var": 0
    },
    "bpm_histogram_first_peak_weight": {
        "mean": 0.43548387289,
        "var": 0
    },
    "bpm_histogram_second_peak_bpm": {
        "mean": 88,
        "var": 0
    },
    "bpm_histogram_second_peak_spread": {
        "mean": 0,
        "var": 0
    },
    "bpm_histogram_second_peak_weight": {
        "mean": 0.0483870953321,
        "var": 0
    },
    "danceability": 1.01088178158,
    "onset_rate": 3.34948611259,
    "beats_loudness_band_ratio": {
        "mean": [0.489094763994, 0.107841923833, 0.269125580788, 0.0821785330772, 0.0433952622116, 0.0491108335555],
        "var": [0.0663086920977, 0.0110780335963, 0.0279387030751, 0.00739006558433, 0.000735259905923, 0.000990005442873]
    },
    "beats_position": [0.66176867485, 1.34675729275, 2.04335594177, 2.73995471001, 3.44816327095, 4.15637159348, 4.87619018555, 5.59600877762, 6.31582736969, 7.04725599289, 7.76707458496, 8.47528362274, 9.18349170685, 9.89170074463, 10.5882987976, 11.2848978043, 11.9814968109, 12.6780948639, 13.3746938705, 14.0712919235, 14.7678909302, 15.4528799057, 16.1378688812, 16.8344669342, 17.5310649872, 18.2392749786, 18.9474830627, 19.6440811157, 20.3406791687, 21.0488891602, 21.7454872131, 22.4420852661, 23.1502952576, 23.8701133728, 24.5783214569, 25.286529541, 25.9831295013, 26.6797275543, 27.3995456696, 28.1077537537, 28.8275737762, 29.5473918915, 30.2788200378, 30.9986381531, 31.7068481445, 32.4150543213, 33.1348762512, 33.8546943665, 34.5745124817, 35.2943305969, 36.0141487122, 36.7223587036, 37.4421768188, 38.1619949341, 38.8818130493, 39.613243103, 40.3330612183, 41.0528793335, 41.7726974487, 42.5041275024, 43.2355537415, 43.9553718567, 44.6751937866]
},
"tonal": {
    "chords_changes_rate": 0.0771604925394,
    "chords_number_rate": 0.0113168722019,
    "chords_strength": {
        "mean": 0.49270170927,
        "var": 0.00770349986851
    },
    "hpcp_entropy": {
        "mean": 1.73070371151,
        "var": 0.57190489769
    },
    "key_strength": 0.779229402542,
    "tuning_diatonic_strength": 0.665149092674,
    "tuning_equal_tempered_deviation": 0.0617993026972,
    "tuning_frequency": 439.238189697,
    "tuning_nontempered_energy_ratio": 0.709079682827,
    "hpcp": {
        "mean": [0.0508561208844, 0.0473597794771, 0.0872887521982, 0.152898356318, 0.138507246971, 0.0905192643404, 0.0849689170718, 0.10508299619, 0.334293007851, 0.578193485737, 0.381821006536, 0.120238184929, 0.0717752948403, 0.0499986633658, 0.0444646030664, 0.0536041408777, 0.0551545470953, 0.0644237995148, 0.0890555605292, 0.0898953452706, 0.0940321907401, 0.127730682492, 0.176113829017, 0.231939792633, 0.216351017356, 0.112761445343, 0.0387153886259, 0.0247860383242, 0.0319388918579, 0.082960806787, 0.147022530437, 0.116897158325, 0.0546526573598, 0.0470081567764, 0.0491717457771, 0.0498848930001],
        "var": [0.0131831755862, 0.0134684126824, 0.0260037891567, 0.0743694677949, 0.0564390830696, 0.0336546190083, 0.03218812868, 0.0332597605884, 0.0764655247331, 0.174409359694, 0.0880917608738, 0.0393923632801, 0.02787190862, 0.016573317349, 0.0150432912633, 0.0228457655758, 0.0222219340503, 0.0216332450509, 0.0396991074085, 0.0376210696995, 0.0416678898036, 0.0541994683444, 0.0780507624149, 0.0855461210012, 0.087943136692, 0.0412890128791, 0.0109041938558, 0.00507259974256, 0.00910375639796, 0.0239629838616, 0.0476027615368, 0.0311369299889, 0.0127705121413, 0.0108493072912, 0.0127348294482, 0.0157709121704]
    },
    "chords_histogram": [21.3991775513, 7.92181062698, 14.6090536118, 1.33744859695, 0.617283940315, 7.30452680588, 0, 16.6666660309, 6.79012346268, 14.1975307465, 2.26337456703, 0, 0, 0, 0, 0, 0, 1.02880656719, 0, 0, 0, 0, 5.86419773102, 0],
    "thpcp": [1, 0.660368919373, 0.207954928279, 0.124137155712, 0.0864739269018, 0.0769026353955, 0.0927096903324, 0.0953911617398, 0.111422561109, 0.154023811221, 0.155476227403, 0.162631005049, 0.220913395286, 0.304593235254, 0.401145637035, 0.374184459448, 0.195023715496, 0.0669592246413, 0.0428680703044, 0.0552391074598, 0.143482774496, 0.254279106855, 0.20217654109, 0.0945231318474, 0.0813017785549, 0.0850437581539, 0.0862771645188, 0.0879569277167, 0.081909917295, 0.150968059897, 0.264441519976, 0.239551723003, 0.156555309892, 0.14695584774, 0.181743651628, 0.578168034554],
    "chords_key": "F",
    "chords_scale": "minor",
    "key_key": "F",
    "key_scale": "minor"
}
}