{
"lowlevel": {
    "average_loudness": 0.977116763592,
    "barkbands_crest": {
        "mean": 13.0218143463,
        "var": 18.613319397
    },
    "barkbands_flatness_db": {
        "mean": 0.17974871397,
        "var": 0.00652219634503
    },
    "barkbands_kurtosis": {
        "mean": 24.9082317352,
        "var": 1183.07104492
    },
    "barkbands_skewness": {
        "mean": 3.89087939262,
        "var": 5.26446914673
    },
    "barkbands_spread": {
        "mean": 20.3055496216,
        "var": 265.463043213
    },
    "dissonance": {
        "mean": 0.479278624058,
        "var": 0.000317907659337
    },
    "dynamic_complexity": 1.70289433002,
    "erbbands_crest": {
        "mean": 7.1519575119,
        "var": 13.0844898224
    },
    "erbbands_flatness_db": {
        "mean": 0.110408201814,
        "var": 0.00110196240712
    },
    "erbbands_kurtosis": {
        "mean": 0.102966122329,
        "var": 17.8395080566
    },
    "erbbands_skewness": {
        "mean": 0.073171235621,
        "var": 1.20046961308
    },
    "erbbands_spread": {
        "mean": 82.7793121338,
        "var": 1102.87915039
    },
    "hfc": {
        "mean": 25.0610141754,
        "var": 184.890533447
    },
    "melbands_crest": {
        "mean": 18.968996048,
        "var": 23.0077285767
    },
    "melbands_flatness_db": {
        "mean": 0.270635128021,
        "var": 0.00974139012396
    },
    "melbands_kurtosis": {
        "mean": 99.5834197998,
        "var": 10599.2587891
    },
    "melbands_skewness": {
        "mean": 7.43956947327,
        "var": 14.2565860748
    },
    "melbands_spread": {
        "mean": 11.9146575928,
        "var": 199.543075562
    },
    "pitch_salience": {
        "mean": 0.493986696005,
        "var": 0.0143056586385
    },
    "silence_rate_20dB": {
        "mean": 1,
        "var": 0
    },
    "silence_rate_30dB": {
        "mean": 0.874356329441,
        "var": 0.109858646989
    },
    "silence_rate_60dB": {
        "mean": 0.00720906304196,
        "var": 0.0071566561237
    },
    "spectral_centroid": {
        "mean": 1331.40344238,
        "var": 546929.625
    },
    "spectral_complexity": {
        "mean": 20.1400623322,
        "var": 176.913330078
    },
    "spectral_decrease": {
        "mean": -1.69735994149e-008,
        "var": 9.75627504073e-017
    },
    "spectral_energy": {
        "mean": 0.0663353800774,
        "var": 0.0014158472186
    },
    "spectral_energyband_high": {
        "mean": 0.00180925743189,
        "var": 1.73954924776e-006
    },
    "spectral_energyband_low": {
        "mean": 0.0511955805123,
        "var": 0.00129935820587
    },
    "spectral_energyband_middle_high": {
        "mean": 0.00259723444469,
        "var": 7.39163397157e-006
    },
    "spectral_energyband_middle_low": {
        "mean": 0.013770757243,
        "var": 0.000196769542526
    },
    "spectral_entropy": {
        "mean": 7.72407722473,
        "var": 0.29581362009
    },
    "spectral_flux": {
        "mean": 0.113756299019,
        "var": 0.00438038446009
    },
    "spectral_kurtosis": {
        "mean": 2.32226681709,
        "var": 12.6579456329
    },
    "spectral_rms": {
        "mean": 0.00770888337865,
        "var": 5.29058661414e-006
    },
    "spectral_rolloff": {
        "mean": 726.372741699,
        "var": 2066335.875
    },
    "spectral_skewness": {
        "mean": 1.13939642906,
        "var": 0.327922999859
    },
    "spectral_spread": {
        "mean": 6402200,
        "var": 4.37803076813e+012
    },
    "spectral_strongpeak": {
        "mean": 0.546968698502,
        "var": 0.139131039381
    },
    "zerocrossingrate": {
        "mean": 0.0509497113526,
        "var": 0.00124429806601
    },
    "barkbands": {
        "mean": [0.00221588113345, 0.0277981199324, 0.0181946437806, 0.00592648005113, 0.00430863257498, 0.0019626847934, 0.000389312859625, 0.000404766295105, 0.000692031579092, 0.00024477194529, 0.000208706842386, 0.000164007695275, 0.000178363770829, 0.000175653316546, 0.000216700893361, 0.000297253107419, 0.00028266501613, 0.000303457782138, 0.000394974689698, 0.000338013109285, 0.000558138941415, 0.000353198207449, 0.000213815714233, 0.000282246968709, 0.000152830820298, 7.07570652594e-005, 7.26378721083e-006],
        "var": [2.6600471756e-005, 0.000814954168163, 0.0003047909413, 4.51185151178e-005, 3.5341738112e-005, 1.18205334729e-005, 3.93035577417e-007, 1.63811500897e-006, 3.54227790922e-006, 2.94881573382e-007, 3.54029424443e-007, 1.40053131759e-007, 1.5547965404e-007, 1.30765002382e-007, 1.30330903403e-007, 1.553938489e-007, 1.26703397996e-007, 1.42891508403e-007, 1.64826843729e-007, 1.00117098611e-007, 3.27078652163e-007, 7.58777431997e-008, 3.66649999251e-008, 4.51532464751e-008, 2.08069579344e-008, 1.77027157378e-008, 5.55636925359e-010]
    },
    "erbbands": {
        "mean": [0.981201291084, 5.78122425079, 18.9178543091, 21.2482204437, 17.9604053497, 12.0196428299, 16.66056633, 13.7397651672, 6.24820995331, 6.44692087173, 11.826423645, 15.4910430908, 8.87316608429, 7.59717607498, 7.55017518997, 7.45420265198, 8.25747108459, 8.07034111023, 9.84540939331, 13.5096406937, 17.1204071045, 16.3571586609, 16.300983429, 17.4591121674, 20.8110389709, 17.6553726196, 23.2645568848, 17.269651413, 14.1281986237, 9.81639480591, 5.70512628555, 6.2420706749, 3.95171570778, 2.16274356842, 0.868722677231, 0.354526311159, 0.120592065156, 0.0263020340353, 0.000756174849812, 9.53035196289e-005],
        "var": [1.63561344147, 26.14884758, 280.227539063, 336.91885376, 791.280456543, 204.259048462, 754.720153809, 514.84564209, 100.343170166, 161.205032349, 1182.36816406, 1826.44335938, 318.492736816, 480.441864014, 357.365234375, 261.374511719, 320.095336914, 213.956924438, 280.90737915, 430.347167969, 521.887695313, 351.435119629, 385.896942139, 383.349700928, 413.512542725, 265.456451416, 636.95880127, 282.916687012, 116.841140747, 88.7154006958, 22.8945198059, 26.1247768402, 8.29718208313, 3.42173981667, 0.858293294907, 0.320933014154, 0.0643690153956, 0.00485214078799, 4.57720761915e-006, 3.64332497504e-009]
    },
    "gfcc": {
        "mean": [25.6187591553, 69.1252288818, -67.3968963623, 75.3479766846, -48.4940376282, 23.2351799011, -34.4391708374, 12.8738088608, -25.2059211731, 3.1702682972, -20.171913147, -1.06260538101, -8.65102481842],
        "cov": [[4426.20703125, -484.410247803, -1258.1282959, -93.8212738037, -448.284484863, -60.1784439087, -130.229476929, 50.7191619873, -31.9559936523, 116.719924927, -71.5025100708, 99.0234603882, -102.43510437], [-484.410247803, 860.135925293, -57.852596283, -151.071975708, 224.38079834, -103.821098328, 47.6441917419, -24.4624290466, 99.4368133545, -86.4554290771, 91.7967453003, -49.606842041, 50.5053367615], [-1258.1282959, -57.852596283, 1068.86633301, 151.013916016, 148.915847778, 123.372787476, 72.699508667, 28.7869300842, -8.31347465515, 43.7988853455, 14.7436723709, 3.4284362793, 39.6040267944], [-93.8212738037, -151.071975708, 151.013916016, 371.550750732, -14.1895341873, 19.6463871002, 23.2596969604, 25.6966609955, 41.8224754333, 28.8462181091, 20.7788028717, -22.7584342957, 52.0085144043], [-448.284484863, 224.38079834, 148.915847778, -14.1895341873, 324.730072021, -15.9365272522, 19.7066822052, 1.14920282364, 56.748134613, -20.7914676666, 38.3868293762, 17.4406757355, 0.530558884144], [-60.1784439087, -103.821098328, 123.372787476, 19.6463871002, -15.9365272522, 161.548187256, 52.8690338135, 9.61960792542, -25.5265636444, 18.3657722473, -0.511033833027, -4.74982786179, 9.68352794647], [-130.229476929, 47.6441917419, 72.699508667, 23.2596969604, 19.7066822052, 52.8690338135, 129.040939331, 26.1761035919, 8.34175491333, -5.8302898407, 13.2083940506, -4.49193096161, -1.88318502903], [50.7191619873, -24.4624290466, 28.7869300842, 25.6966609955, 1.14920282364, 9.61960792542, 26.1761035919, 87.8194198608, 30.0378723145, 6.98074436188, -0.602790951729, -3.49001431465, 9.21327972412], [-31.9559936523, 99.4368133545, -8.31347465515, 41.8224754333, 56.748134613, -25.5265636444, 8.34175491333, 30.0378723145, 93.7463684082, 20.097486496, 16.6944198608, -11.6274604797, 14.0469999313], [116.719924927, -86.4554290771, 43.7988853455, 28.8462181091, -20.7914676666, 18.3657722473, -5.8302898407, 6.98074436188, 20.097486496, 78.194442749, 15.3602638245, 10.5576066971, 1.42617833614], [-71.5025100708, 91.7967453003, 14.7436723709, 20.7788028717, 38.3868293762, -0.511033833027, 13.2083940506, -0.602790951729, 16.6944198608, 15.3602638245, 66.0910415649, 16.1132526398, 14.1286296844], [99.0234603882, -49.606842041, 3.4284362793, -22.7584342957, 17.4406757355, -4.74982786179, -4.49193096161, -3.49001431465, -11.6274604797, 10.5576066971, 16.1132526398, 64.4434051514, 3.01470756531], [-102.43510437, 50.5053367615, 39.6040267944, 52.0085144043, 0.530558884144, 9.68352794647, -1.88318502903, 9.21327972412, 14.0469999313, 1.42617833614, 14.1286296844, 3.01470756531, 65.2227630615]],
        "icov": [[0.000535769329872, -0.000418053823523, 0.000664689519908, -0.000503915303852, 0.000446318474133, -0.000473713240353, 0.000461889314465, -0.000808226875961, 0.000431376160122, -0.00125306798145, 0.00113585463259, -0.00157890375704, 0.00111901306082], [-0.000418053823523, 0.00550371967256, -0.000714889727533, 0.00402757804841, -0.00182788469829, 0.00324532203376, -0.00296104117297, 0.00340383336879, -0.00453162565827, 0.00570399221033, -0.00815576408058, 0.00764076272026, -0.00646436167881], [0.000664689519908, -0.000714889727533, 0.00213684188202, -0.00122253969312, -0.000364119478036, -0.00121466699056, 0.000264128873823, -0.00144396885298, 0.00188379606698, -0.00286499108188, 0.0022233154159, -0.00195828382857, 0.000935567775741], [-0.000503915303852, 0.00402757804841, -0.00122253969312, 0.00654818117619, -0.000905016495381, 0.00265864492394, -0.0026666552294, 0.00262257317081, -0.00442292494699, 0.00380258006044, -0.00681928591803, 0.00727077526972, -0.00721361860633], [0.000446318474133, -0.00182788469829, -0.000364119478036, -0.000905016495381, 0.00570783112198, -0.00145648478065, 0.0013564156834, -0.000394531001803, -0.00296014710329, 0.00108662445564, 0.000647394976113, -0.00503453798592, 0.00403008051217], [-0.000473713240353, 0.00324532203376, -0.00121466699056, 0.00265864492394, -0.00145648478065, 0.0111147761345, -0.00566990440711, 0.00168245763052, 0.00150228664279, 6.40999933239e-005, -0.00417210767046, 0.0067425952293, -0.00641199713573], [0.000461889314465, -0.00296104117297, 0.000264128873823, -0.0026666552294, 0.0013564156834, -0.00566990440711, 0.0124024320394, -0.00457651354373, 0.000673611473758, -8.17794643808e-005, 0.00163495785091, -0.00469297869131, 0.00653910823166], [-0.000808226875961, 0.00340383336879, -0.00144396885298, 0.00262257317081, -0.000394531001803, 0.00168245763052, -0.00457651354373, 0.0169534627348, -0.00849394220859, 0.00485195964575, -0.00369200366549, 0.00455176783726, -0.00558048393577], [0.000431376160122, -0.00453162565827, 0.00188379606698, -0.00442292494699, -0.00296014710329, 0.00150228664279, 0.000673611473758, -0.00849394220859, 0.0240218453109, -0.0127158481628, 0.00594180077314, -0.000449598446721, 0.00142799818423], [-0.00125306798145, 0.00570399221033, -0.00286499108188, 0.00380258006044, 0.00108662445564, 6.40999933239e-005, -8.17794643808e-005, 0.00485195964575, -0.0127158481628, 0.026391196996, -0.0137462820858, 0.004760496784, -0.00346427643672], [0.00113585463259, -0.00815576408058, 0.0022233154159, -0.00681928591803, 0.000647394976113, -0.00417210767046, 0.00163495785091, -0.00369200366549, 0.00594180077314, -0.0137462820858, 0.0329543314874, -0.016315376386, 0.00600630883127], [-0.00157890375704, 0.00764076272026, -0.00195828382857, 0.00727077526972, -0.00503453798592, 0.0067425952293, -0.00469297869131, 0.00455176783726, -0.000449598446721, 0.004760496784, -0.016315376386, 0.0320885851979, -0.0126997651532], [0.00111901306082, -0.00646436167881, 0.000935567775741, -0.00721361860633, 0.00403008051217, -0.00641199713573, 0.00653910823166, -0.00558048393577, 0.00142799818423, -0.00346427643672, 0.00600630883127, -0.0126997651532, 0.0282296612859]]
    },
    "melbands": {
        "mean": [0.00827860180289, 0.00907081365585, 0.00376789062284, 0.00106213940307, 0.000564965361264, 0.000322871434037, 8.84128603502e-005, 7.36300717108e-005, 0.000113338464871, 8.9159955678e-005, 4.20647011197e-005, 3.01770232909e-005, 2.82026976492e-005, 1.79734452104e-005, 2.15881191252e-005, 1.50728337758e-005, 1.53955425048e-005, 1.55632860697e-005, 1.72706095327e-005, 1.86291017599e-005, 2.03563613468e-005, 1.67137313838e-005, 1.5483758034e-005, 1.4323074538e-005, 1.36914086397e-005, 1.62684846146e-005, 1.32090326588e-005, 1.0907115211e-005, 1.24958132801e-005, 1.37953666126e-005, 9.0212070063e-006, 7.60308921599e-006, 7.08839934305e-006, 4.85503369418e-006, 3.07408186018e-006, 3.40364340445e-006, 4.03415333494e-006, 2.92816412184e-006, 2.15992190533e-006, 1.72490376826e-006],
        "var": [8.95003176993e-005, 4.25200305472e-005, 1.05611597974e-005, 2.13782004721e-006, 6.88009265559e-007, 2.90643129119e-007, 2.03778718344e-008, 2.71610396396e-008, 1.00881756282e-007, 5.74677798681e-008, 7.71342101302e-009, 7.49156381374e-009, 6.17662543334e-009, 2.08977346539e-009, 1.98557237319e-009, 9.72877001182e-010, 9.02817598458e-010, 9.50875711503e-010, 8.46521464037e-010, 6.75753397683e-010, 8.15607803517e-010, 4.57879401061e-010, 3.54121787449e-010, 3.44089950977e-010, 2.58741278403e-010, 2.92728064011e-010, 1.6363733979e-010, 1.20325041597e-010, 1.63513161344e-010, 2.50551385195e-010, 8.50398224062e-011, 3.33224906002e-011, 3.96489369114e-011, 2.51567048443e-011, 7.50539127375e-012, 7.75293024224e-012, 1.21230343472e-011, 5.25744075011e-012, 3.30643607112e-012, 2.46715668728e-012]
    },
    "mfcc": {
        "mean": [-626.398986816, 88.6109313965, 43.9713134766, 53.2405433655, 20.9329605103, 17.1866569519, 9.06117916107, 7.39239454269, 7.68883895874, 3.72964048386, -2.44725108147, -0.424561917782, -3.12967205048],
        "cov": [[4970.30224609, -737.563354492, -1133.89807129, -277.203796387, -512.900390625, -221.620727539, -280.912963867, -86.8008346558, -110.880401611, -18.3637809753, 20.6685733795, 53.6905097961, -45.1167945862], [-737.563354492, 985.946289063, -146.723175049, -46.8966445923, 149.231506348, -40.3218345642, 15.6736650467, 52.0323371887, -27.2983379364, -0.270754367113, 36.8342552185, -35.0501441956, 0.16877040267], [-1133.89807129, -146.723175049, 827.093444824, 115.941085815, 76.2564620972, 116.42641449, 126.84954834, -10.0427646637, 84.2426300049, 34.3551177979, -12.2994995117, 5.05547475815, 38.9731140137], [-277.203796387, -46.8966445923, 115.941085815, 292.029174805, 94.6510009766, 12.4969873428, -6.43649673462, 11.6844472885, 27.9166278839, 31.7724399567, 2.28305435181, 26.5830211639, 21.1231403351], [-512.900390625, 149.231506348, 76.2564620972, 94.6510009766, 236.59324646, 35.2175483704, 11.409989357, 13.8094930649, 16.5785045624, 16.4292430878, -0.371904760599, 6.19609880447, 22.3879623413], [-221.620727539, -40.3218345642, 116.42641449, 12.4969873428, 35.2175483704, 129.23135376, 60.6539535522, 2.6451292038, 12.2223720551, 2.09454846382, 10.2725687027, 16.4432792664, -1.74850738049], [-280.912963867, 15.6736650467, 126.84954834, -6.43649673462, 11.409989357, 60.6539535522, 120.453094482, 42.220954895, 13.5642595291, -0.875731945038, 7.39043521881, 9.67820167542, 1.25874745846], [-86.8008346558, 52.0323371887, -10.0427646637, 11.6844472885, 13.8094930649, 2.6451292038, 42.220954895, 85.6341323853, 21.5838928223, 1.46599507332, 7.1288228035, 5.19972038269, -2.73980641365], [-110.880401611, -27.2983379364, 84.2426300049, 27.9166278839, 16.5785045624, 12.2223720551, 13.5642595291, 21.5838928223, 80.2902755737, 37.9907684326, -3.62668442726, 2.08448910713, 12.3063297272], [-18.3637809753, -0.270754367113, 34.3551177979, 31.7724399567, 16.4292430878, 2.09454846382, -0.875731945038, 1.46599507332, 37.9907684326, 73.0244445801, 21.7506523132, 8.22300434113, 5.32609891891], [20.6685733795, 36.8342552185, -12.2994995117, 2.28305435181, -0.371904760599, 10.2725687027, 7.39043521881, 7.1288228035, -3.62668442726, 21.7506523132, 64.6767578125, 19.0502071381, -7.14551639557], [53.6905097961, -35.0501441956, 5.05547475815, 26.5830211639, 6.19609880447, 16.4432792664, 9.67820167542, 5.19972038269, 2.08448910713, 8.22300434113, 19.0502071381, 53.5429916382, 13.5019311905], [-45.1167945862, 0.16877040267, 38.9731140137, 21.1231403351, 22.3879623413, -1.74850738049, 1.25874745846, -2.73980641365, 12.3063297272, 5.32609891891, -7.14551639557, 13.5019311905, 49.3406829834]],
        "icov": [[0.000497710483614, 0.000370912515791, 0.000611871422734, 0.000185416167369, 0.000586465001106, 0.000120345262985, 0.000375746167265, 5.32335870957e-005, 8.57548511703e-005, -0.000316272198688, -0.000115973198263, -0.000431101827417, -0.000263390509645], [0.000370912515791, 0.00169141043443, 0.000689477135893, 0.000521055189893, -0.000743456708733, 0.000720500946045, -0.000214181622141, -0.000554995436687, 0.00056616863003, -0.000285413436359, -0.00124161061831, 0.000998943112791, -0.000660349498503], [0.000611871422734, 0.000689477135893, 0.00279659708031, -0.000446571968496, 0.000436126923887, -0.000334729644237, -0.00198801280931, 0.0018930445658, -0.00169604632538, -0.000103387588752, -0.000328000693116, 0.000543837086298, -0.00127671309747], [0.000185416167369, 0.000521055189893, -0.000446571968496, 0.00478737987578, -0.00159169384278, 0.000321255502058, 0.00165763194673, -0.00140570325311, 0.000450566178188, -0.00153777503874, 0.000446057296358, -0.00214399653487, -0.000210844576941], [0.000586465001106, -0.000743456708733, 0.000436126923887, -0.00159169384278, 0.0070258830674, -0.00217279954813, 0.00153880810831, -0.00071948079858, 0.000392869638745, -0.0011317684548, 0.000901267223526, -0.000277596816886, -0.00223774951883], [0.000120345262985, 0.000720500946045, -0.000334729644237, 0.000321255502058, -0.00217279954813, 0.0126108033583, -0.00628764554858, 0.00353220547549, -0.00193781172857, 0.00166496820748, -0.00170603604056, -0.00290297833271, 0.00287468964234], [0.000375746167265, -0.000214181622141, -0.00198801280931, 0.00165763194673, 0.00153880810831, -0.00628764554858, 0.0174506846815, -0.00921638216823, 0.00263462006114, -0.000708024017513, 0.000363763654605, -0.00158866890706, -0.000766319571994], [5.32335870957e-005, -0.000554995436687, 0.0018930445658, -0.00140570325311, -0.00071948079858, 0.00353220547549, -0.00921638216823, 0.0193122513592, -0.00799187459052, 0.00403173174709, -0.00206666858867, -0.00132095080335, 0.00253649428487], [8.57548511703e-005, 0.00056616863003, -0.00169604632538, 0.000450566178188, 0.000392869638745, -0.00193781172857, 0.00263462006114, -0.00799187459052, 0.0229594502598, -0.0125136869028, 0.00494514917955, 0.00122945930343, -0.00353059428744], [-0.000316272198688, -0.000285413436359, -0.000103387588752, -0.00153777503874, -0.0011317684548, 0.00166496820748, -0.000708024017513, 0.00403173174709, -0.0125136869028, 0.0235723555088, -0.00896796025336, 0.000193512503756, 0.000491134240292], [-0.000115973198263, -0.00124161061831, -0.000328000693116, 0.000446057296358, 0.000901267223526, -0.00170603604056, 0.000363763654605, -0.00206666858867, 0.00494514917955, -0.00896796025336, 0.0229107700288, -0.00849709846079, 0.00475067831576], [-0.000431101827417, 0.000998943112791, 0.000543837086298, -0.00214399653487, -0.000277596816886, -0.00290297833271, -0.00158866890706, -0.00132095080335, 0.00122945930343, 0.000193512503756, -0.00849709846079, 0.0273182019591, -0.00895268283784], [-0.000263390509645, -0.000660349498503, -0.00127671309747, -0.000210844576941, -0.00223774951883, 0.00287468964234, -0.000766319571994, 0.00253649428487, -0.00353059428744, 0.000491134240292, 0.00475067831576, -0.00895268283784, 0.026370447129]]
    },
    "spectral_contrast_coeffs": {
        "mean": [-0.650318562984, -0.750681757927, -0.808955311775, -0.819056153297, -0.793300449848, -0.755681693554],
        "var": [0.00510057155043, 0.00411700503901, 0.00199799216352, 0.00139401550405, 0.00127960543614, 0.00151868746616]
    },
    "spectral_contrast_valleys": {
        "mean": [-6.17829847336, -6.98128128052, -7.76008033752, -7.85584449768, -7.30001163483, -9.34248161316],
        "var": [0.509556114674, 0.76704120636, 0.921933472157, 0.942055940628, 1.07015895844, 0.780191838741]
    }
},
"metadata": {
    "audio_properties": {
        "analysis_sample_rate": 44100,
        "bit_rate": 128074,
        "equal_loudness": 0,
        "length": 45.0612258911,
        "lossless": 0,
        "replay_gain": -4.65629386902,
        "sample_rate": 44100,
        "codec": "mp3",
        "downmix": "mix",
        "md5_encoded": "c24b8b6a92a5bdf67ffe96561912a8d4"
    },
    "tags": {
        "file_name": "1053.mp3"
    },
    "version": {
        "essentia": "2.1-beta2",
        "essentia_git_sha": "v2.1_beta2",
        "extractor": "music 1.0"
    }
},
"rhythm": {
    "beats_count": 85,
    "beats_loudness": {
        "mean": 0.07406437397,
        "var": 0.00101208221167
    },
    "bpm": 114.204353333,
    "bpm_histogram_first_peak_bpm": {
        "mean": 115,
        "var": 0
    },
    "bpm_histogram_first_peak_spread": {
        "mean": 0.500000059605,
        "var": 0
    },
    "bpm_histogram_first_peak_weight": {
        "mean": 0.416666656733,
        "var": 0
    },
    "bpm_histogram_second_peak_bpm": {
        "mean": 110,
        "var": 0
    },
    "bpm_histogram_second_peak_spread": {
        "mean": 0.111111104488,
        "var": 0
    },
    "bpm_histogram_second_peak_weight": {
        "mean": 0.095238097012,
        "var": 0
    },
    "danceability": 1.54116046429,
    "onset_rate": 3.08330178261,
    "beats_loudness_band_ratio": {
        "mean": [0.780425906181, 0.127731889486, 0.0343220829964, 0.0194345898926, 0.0317345522344, 0.056047141552],
        "var": [0.022987999022, 0.0118751199916, 0.00134055374656, 0.000357689452358, 0.000666646636091, 0.00148450455163]
    },
    "beats_position": [0.476009070873, 0.952018141747, 1.45124709606, 1.9620860815, 2.49614500999, 3.04181408882, 3.58748292923, 4.13315200806, 4.66721057892, 5.21287965775, 5.75854873657, 6.31582736969, 6.86149644852, 7.40716552734, 7.92961454391, 8.45206356049, 8.98612213135, 9.52018165588, 10.0542402267, 10.5882987976, 11.1223583221, 11.656416893, 12.1672563553, 12.6780948639, 13.2005443573, 13.722992897, 14.2570514679, 14.7795009613, 15.301949501, 15.8360090256, 16.3468475342, 16.8460769653, 17.3685264587, 17.9025840759, 18.4250335693, 18.9474830627, 19.4699325562, 19.9923801422, 20.5032196045, 21.037279129, 21.5713367462, 22.1053962708, 22.6278457642, 23.1502952576, 23.6727428436, 24.195192337, 24.7060317993, 25.2284793854, 25.774148941, 26.3082084656, 26.830657959, 27.353105545, 27.8755550385, 28.409614563, 28.932062149, 29.4545116425, 29.9769611359, 30.5110206604, 31.0334682465, 31.5559177399, 32.0783653259, 32.6008148193, 33.111656189, 33.6224937439, 34.1333312988, 34.6673927307, 35.1898422241, 35.7122879028, 36.2347373962, 36.7571868896, 37.2796363831, 37.790473938, 38.3245353699, 38.8469848633, 39.3578224182, 39.8686599731, 40.3795013428, 40.8787307739, 41.3895683289, 41.88879776, 42.4228553772, 42.9453048706, 43.4561424255, 43.9785919189, 44.5010414124]
},
"tonal": {
    "chords_changes_rate": 0.102880656719,
    "chords_number_rate": 0.0113168722019,
    "chords_strength": {
        "mean": 0.508728444576,
        "var": 0.0104199713096
    },
    "hpcp_entropy": {
        "mean": 2.65572786331,
        "var": 0.631589770317
    },
    "key_strength": 0.536767423153,
    "tuning_diatonic_strength": 0.601974666119,
    "tuning_equal_tempered_deviation": 0.222080811858,
    "tuning_frequency": 434.193115234,
    "tuning_nontempered_energy_ratio": 0.889429271221,
    "hpcp": {
        "mean": [0.32058942318, 0.11783387512, 0.0583767443895, 0.046965867281, 0.0695534422994, 0.0906124264002, 0.073776692152, 0.0543936416507, 0.0670834258199, 0.133674964309, 0.226893216372, 0.209827169776, 0.118455603719, 0.0689690262079, 0.0483099073172, 0.0409217178822, 0.0378468595445, 0.0381137430668, 0.0378335006535, 0.049761723727, 0.0769845172763, 0.0790920108557, 0.0497663617134, 0.0701040774584, 0.112359955907, 0.0882792025805, 0.0721307769418, 0.0683842152357, 0.0360597074032, 0.020355546847, 0.0234747566283, 0.0327275283635, 0.0504730567336, 0.0771190598607, 0.234634280205, 0.427466750145],
        "var": [0.122667491436, 0.0524790249765, 0.0278051849455, 0.0213315226138, 0.0346233174205, 0.0595985874534, 0.0355892255902, 0.0232344139367, 0.0296951308846, 0.059313390404, 0.131216615438, 0.108211241663, 0.0517241880298, 0.0282608345151, 0.0159657169133, 0.0145207233727, 0.0146846231073, 0.0137066598982, 0.0103175444528, 0.0128849269822, 0.0172602236271, 0.0198815092444, 0.0139761138707, 0.0242393407971, 0.0743066444993, 0.0347508043051, 0.0388135649264, 0.0345512926579, 0.011282668449, 0.00337092019618, 0.00649055372924, 0.0122252488509, 0.0184295494109, 0.0258068051189, 0.0831686854362, 0.205527096987]
    },
    "chords_histogram": [13.6831274033, 12.9629631042, 18.0041160583, 0, 0, 0, 0, 0.617283940315, 0.514403283596, 5.04115247726, 0, 0, 0, 1.13168728352, 2.67489719391, 5.04115247726, 6.79012346268, 22.3251037598, 7.61316871643, 3.60082316399, 0, 0, 0, 0],
    "thpcp": [1, 0.749975085258, 0.275656223297, 0.136564403772, 0.109870225191, 0.162710770965, 0.211975380778, 0.172590479255, 0.12724648416, 0.156932502985, 0.3127143085, 0.530785620213, 0.490861952305, 0.277110695839, 0.161343604326, 0.113014422357, 0.0957307592034, 0.0885375514627, 0.0891618877649, 0.0885063037276, 0.11641074717, 0.180094748735, 0.185024946928, 0.116421595216, 0.163998901844, 0.262850761414, 0.206517115235, 0.168740093708, 0.159975513816, 0.0843567550182, 0.0476190187037, 0.0549159832299, 0.0765615776181, 0.118074811995, 0.180409491062, 0.548894822598],
    "chords_key": "C#",
    "chords_scale": "minor",
    "key_key": "C#",
    "key_scale": "major"
}
}