{
"lowlevel": {
    "average_loudness": 0.818553268909,
    "barkbands_crest": {
        "mean": 8.96126461029,
        "var": 9.71149635315
    },
    "barkbands_flatness_db": {
        "mean": 0.134588852525,
        "var": 0.00431152712554
    },
    "barkbands_kurtosis": {
        "mean": 7.07355833054,
        "var": 56.0390281677
    },
    "barkbands_skewness": {
        "mean": 2.15933704376,
        "var": 1.15505456924
    },
    "barkbands_spread": {
        "mean": 20.9348678589,
        "var": 214.400512695
    },
    "dissonance": {
        "mean": 0.472549855709,
        "var": 0.000312897551339
    },
    "dynamic_complexity": 3.41574907303,
    "erbbands_crest": {
        "mean": 6.71363401413,
        "var": 9.74732398987
    },
    "erbbands_flatness_db": {
        "mean": 0.130618065596,
        "var": 0.00139841949567
    },
    "erbbands_kurtosis": {
        "mean": -0.177618712187,
        "var": 1.2163413763
    },
    "erbbands_skewness": {
        "mean": 0.384848296642,
        "var": 0.395109832287
    },
    "erbbands_spread": {
        "mean": 47.9098396301,
        "var": 235.621765137
    },
    "hfc": {
        "mean": 18.0088348389,
        "var": 380.05758667
    },
    "melbands_crest": {
        "mean": 14.6458177567,
        "var": 15.2885847092
    },
    "melbands_flatness_db": {
        "mean": 0.21331243217,
        "var": 0.00623239576817
    },
    "melbands_kurtosis": {
        "mean": 20.8353767395,
        "var": 251.785186768
    },
    "melbands_skewness": {
        "mean": 3.52585935593,
        "var": 1.81454396248
    },
    "melbands_spread": {
        "mean": 17.7948284149,
        "var": 201.688415527
    },
    "pitch_salience": {
        "mean": 0.585545420647,
        "var": 0.00804561376572
    },
    "silence_rate_20dB": {
        "mean": 1,
        "var": 0
    },
    "silence_rate_30dB": {
        "mean": 0.999485075474,
        "var": 0.000514642393682
    },
    "silence_rate_60dB": {
        "mean": 0.00978372804821,
        "var": 0.00968794338405
    },
    "spectral_centroid": {
        "mean": 1179.76245117,
        "var": 386711.78125
    },
    "spectral_complexity": {
        "mean": 20.8656024933,
        "var": 208.768035889
    },
    "spectral_decrease": {
        "mean": -5.9689946319e-009,
        "var": 2.34084949968e-017
    },
    "spectral_energy": {
        "mean": 0.0241618361324,
        "var": 0.00038542423863
    },
    "spectral_energyband_high": {
        "mean": 0.000900744169485,
        "var": 1.65214487424e-006
    },
    "spectral_energyband_low": {
        "mean": 0.0104882121086,
        "var": 0.000108886459202
    },
    "spectral_energyband_middle_high": {
        "mean": 0.00413693487644,
        "var": 3.11205294565e-005
    },
    "spectral_energyband_middle_low": {
        "mean": 0.0104194376618,
        "var": 0.000110965658678
    },
    "spectral_entropy": {
        "mean": 7.54012346268,
        "var": 0.257476270199
    },
    "spectral_flux": {
        "mean": 0.0707951337099,
        "var": 0.00220326799899
    },
    "spectral_kurtosis": {
        "mean": 4.47847270966,
        "var": 11.1571798325
    },
    "spectral_rms": {
        "mean": 0.00451503600925,
        "var": 3.18699540003e-006
    },
    "spectral_rolloff": {
        "mean": 1111.49194336,
        "var": 1496123.375
    },
    "spectral_skewness": {
        "mean": 1.543369174,
        "var": 0.186050012708
    },
    "spectral_spread": {
        "mean": 4546200.5,
        "var": 2.55504259482e+012
    },
    "spectral_strongpeak": {
        "mean": 0.470127761364,
        "var": 0.511532008648
    },
    "zerocrossingrate": {
        "mean": 0.0527477003634,
        "var": 0.00111904682126
    },
    "barkbands": {
        "mean": [0.000105570834421, 0.0043518752791, 0.00438562501222, 0.00246298918501, 0.00351378670894, 0.00145519932266, 0.000669566215947, 0.00071210344322, 0.00135545234662, 0.000724213023204, 0.00044458033517, 0.000349381851265, 0.000376037874958, 0.000471833685879, 0.000308005692204, 0.000404731952585, 0.000411837158026, 0.000281407352304, 0.000321290106513, 0.000243036061875, 0.000200343652978, 0.00020520677208, 0.000140073942021, 0.000130449829157, 9.2085574579e-005, 4.31890475738e-005, 1.97413692149e-006],
        "var": [5.62323769771e-008, 4.93669067509e-005, 1.6509422494e-005, 5.34608761882e-006, 4.43206226919e-005, 3.81468316846e-006, 1.34094034365e-006, 2.66551137429e-006, 1.80563110916e-005, 2.61696459347e-006, 1.84244902357e-006, 5.80259836624e-007, 5.24478195985e-007, 8.25273616556e-007, 3.0044358823e-007, 4.56648677982e-007, 3.6458365571e-007, 1.6053242291e-007, 1.54733072577e-007, 9.12993627367e-008, 7.85019338423e-008, 1.01345086989e-007, 5.1768164866e-008, 5.15262108536e-008, 6.10515442645e-008, 8.08606248626e-009, 1.98338272889e-011]
    },
    "erbbands": {
        "mean": [0.0912238508463, 1.13401114941, 4.69547843933, 7.70671701431, 10.2371778488, 11.1879177094, 11.3807096481, 10.5555582047, 10.4256038666, 9.64307308197, 19.679605484, 34.010093689, 24.1937656403, 19.0088710785, 19.3348751068, 15.308306694, 17.7754192352, 21.4778594971, 22.3610916138, 14.5546140671, 25.1948547363, 22.0817871094, 16.8115940094, 14.9288825989, 17.2366714478, 11.0399751663, 7.49147939682, 7.88029813766, 7.3573756218, 5.63228702545, 4.02953052521, 3.16019630432, 1.96522831917, 1.22661149502, 0.535365879536, 0.248488783836, 0.0671984180808, 0.00954805314541, 0.00025332623045, 3.75146992155e-005],
        "var": [0.0373107492924, 2.80186986923, 19.9300556183, 42.5684967041, 271.326660156, 531.669677734, 142.12449646, 381.824035645, 262.743530273, 452.658752441, 2142.85668945, 12720.2822266, 2955.65966797, 2547.22290039, 3407.328125, 777.124694824, 1072.56518555, 1462.27062988, 1677.49694824, 457.822357178, 1747.8963623, 974.332763672, 545.008361816, 389.004577637, 422.634765625, 184.14112854, 104.865379333, 127.95803833, 132.649703979, 83.8905105591, 42.9328460693, 27.2168006897, 14.3959188461, 10.4929828644, 2.17176198959, 0.299467921257, 0.0174547247589, 0.000383850943763, 2.70483212716e-007, 1.23018073506e-009]
    },
    "gfcc": {
        "mean": [-5.40335607529, 102.588874817, -104.638145447, 44.03673172, -52.6543388367, 12.944568634, -35.596824646, 9.62878131866, -29.06208992, -0.31050118804, -19.0525760651, -5.00062465668, -13.0593547821],
        "cov": [[7505.95214844, -2780.66796875, -574.41583252, -55.9250869751, -462.999511719, 760.364440918, -366.794372559, 482.447021484, 76.5188064575, 318.677581787, -438.780395508, 424.647644043, -414.605957031], [-2780.66796875, 1723.38928223, 7.51675462723, 40.4343032837, 309.681335449, -416.579711914, 237.308151245, -263.429840088, 58.0632514954, -202.447387695, 246.142929077, -234.99206543, 232.705215454], [-574.41583252, 7.51675462723, 357.486755371, 7.93564605713, -1.74380242825, -17.6818771362, -30.553024292, -19.6377105713, -86.9752426147, 22.7417869568, -1.81749677658, 3.84164786339, 6.96738243103], [-55.9250869751, 40.4343032837, 7.93564605713, 167.722351074, 7.70530080795, 1.56025445461, 13.9568719864, -16.2606754303, 11.9329023361, -13.0602321625, 34.3135299683, -16.5453834534, 23.1429462433], [-462.999511719, 309.681335449, -1.74380242825, 7.70530080795, 178.460693359, -47.4570503235, 53.8873291016, -27.241399765, 27.8220081329, -26.2125110626, 39.6186485291, -31.9960975647, 36.3328475952], [760.364440918, -416.579711914, -17.6818771362, 1.56025445461, -47.4570503235, 172.994903564, -30.3128013611, 83.5746994019, 1.01344752312, 50.7449493408, -52.9166717529, 62.6511688232, -56.9606399536], [-366.794372559, 237.308151245, -30.553024292, 13.9568719864, 53.8873291016, -30.3128013611, 92.9223098755, -15.0975818634, 28.8366451263, -31.4085464478, 36.3155975342, -36.9421768188, 28.7147445679], [482.447021484, -263.429840088, -19.6377105713, -16.2606754303, -27.241399765, 83.5746994019, -15.0975818634, 105.435050964, 22.7876338959, 44.3678016663, -40.4323310852, 37.5425872803, -41.4238586426], [76.5188064575, 58.0632514954, -86.9752426147, 11.9329023361, 27.8220081329, 1.01344752312, 28.8366451263, 22.7876338959, 93.1723480225, 4.69245052338, 14.7369384766, -6.92256164551, -1.60663664341], [318.677581787, -202.447387695, 22.7417869568, -13.0602321625, -26.2125110626, 50.7449493408, -31.4085464478, 44.3678016663, 4.69245052338, 75.6883087158, -13.0153179169, 35.4879264832, -30.5464630127], [-438.780395508, 246.142929077, -1.81749677658, 34.3135299683, 39.6186485291, -52.9166717529, 36.3155975342, -40.4323310852, 14.7369384766, -13.0153179169, 82.7844161987, -20.4781188965, 39.3427772522], [424.647644043, -234.99206543, 3.84164786339, -16.5453834534, -31.9960975647, 62.6511688232, -36.9421768188, 37.5425872803, -6.92256164551, 35.4879264832, -20.4781188965, 81.8692398071, -19.7353515625], [-414.605957031, 232.705215454, 6.96738243103, 23.1429462433, 36.3328475952, -56.9606399536, 28.7147445679, -41.4238586426, -1.60663664341, -30.5464630127, 39.3427772522, -19.7353515625, 73.9609680176]],
        "icov": [[0.000573574507143, 0.000154506400577, 0.000966196472291, -0.000450192863354, 0.000185915356269, -0.000703270488884, 0.000612960429862, -4.54460569017e-005, -7.72828789195e-005, -0.00056714360835, 0.00130715663545, -0.00103029527236, 0.000676491472404], [0.000154506400577, 0.00667494209483, -0.000741664203815, 0.00229750922881, -0.00371130439453, 0.00544717209414, -0.00426545040682, 0.00266495486721, -0.00237368210219, 0.00408111233264, -0.00686315027997, 0.00521361641586, -0.00494165578857], [0.000966196472291, -0.000741664203815, 0.00580694945529, -0.00179951300379, 0.000175119479536, -0.00107360770926, 0.00174892810173, -0.000727147271391, 0.00442307582125, -0.00406193779781, 0.00349242147058, -0.00234542624094, 0.00170155370142], [-0.000450192863354, 0.00229750922881, -0.00179951300379, 0.00863929279149, -0.000876147067174, -0.000368689885363, -0.000707996194251, 0.00143946195021, -0.0024434523657, 0.00363794900477, -0.00730387261137, 0.00505515001714, -0.00437508057803], [0.000185915356269, -0.00371130439453, 0.000175119479536, -0.000876147067174, 0.00972354970872, -0.00331934145652, 0.000124662663438, -0.00110263563693, -0.000823540845886, -0.0020129927434, 0.00340012693778, -0.00287218671292, 0.00155351997819], [-0.000703270488884, 0.00544717209414, -0.00107360770926, -0.000368689885363, -0.00331934145652, 0.0196457821876, -0.00745957065374, -0.00305637251586, 0.000491966726258, 0.00166265235748, -0.00365146435797, -0.000744749384467, -0.000478399626445], [0.000612960429862, -0.00426545040682, 0.00174892810173, -0.000707996194251, 0.000124662663438, -0.00745957065374, 0.0236914791167, -0.00520332530141, -0.00201327493414, 0.00282067339867, -0.000707662955392, 0.00185398117173, 0.000987262115814], [-4.54460569017e-005, 0.00266495486721, -0.000727147271391, 0.00143946195021, -0.00110263563693, -0.00305637251586, -0.00520332530141, 0.0226269420236, -0.00637797731906, -0.00500536616892, 0.00358010246418, -0.000150107589434, -0.000290947209578], [-7.72828789195e-005, -0.00237368210219, 0.00442307582125, -0.0024434523657, -0.000823540845886, 0.000491966726258, -0.00201327493414, -0.00637797731906, 0.0193265005946, -0.00466503202915, 9.1010108008e-005, -0.00127791019622, 0.00347970123403], [-0.00056714360835, 0.00408111233264, -0.00406193779781, 0.00363794900477, -0.0020129927434, 0.00166265235748, 0.00282067339867, -0.00500536616892, -0.00466503202915, 0.0282813757658, -0.0130049455911, 0.00128932564985, 0.000436377595179], [0.00130715663545, -0.00686315027997, 0.00349242147058, -0.00730387261137, 0.00340012693778, -0.00365146435797, -0.000707662955392, 0.00358010246418, 9.1010108008e-005, -0.0130049455911, 0.0349774174392, -0.0111475810409, 0.00172554189339], [-0.00103029527236, 0.00521361641586, -0.00234542624094, 0.00505515001714, -0.00287218671292, -0.000744749384467, 0.00185398117173, -0.000150107589434, -0.00127791019622, 0.00128932564985, -0.0111475810409, 0.0282547157258, -0.00953270960599], [0.000676491472404, -0.00494165578857, 0.00170155370142, -0.00437508057803, 0.00155351997819, -0.000478399626445, 0.000987262115814, -0.000290947209578, 0.00347970123403, 0.000436377595179, 0.00172554189339, -0.00953270960599, 0.0291860681027]]
    },
    "melbands": {
        "mean": [0.00102238298859, 0.00216221320443, 0.00134266738314, 0.00087104056729, 0.000375495146727, 0.00024330629094, 0.000156451875228, 0.000110255969048, 0.000177747686394, 0.000206643293495, 0.000116786781291, 7.76385277277e-005, 6.23100931989e-005, 4.33463756053e-005, 3.95112438127e-005, 3.62897590094e-005, 4.17206756538e-005, 3.97221047024e-005, 1.99684182007e-005, 2.14208739635e-005, 3.15371107718e-005, 2.28581939155e-005, 1.90578521142e-005, 1.31747683554e-005, 1.15970187835e-005, 1.32355526148e-005, 1.11588215077e-005, 6.26090377409e-006, 4.43841327069e-006, 4.87604074806e-006, 4.30731188317e-006, 3.86605188396e-006, 4.36064692622e-006, 2.59028593064e-006, 2.19039020521e-006, 2.29185320677e-006, 1.8532211925e-006, 1.40768599977e-006, 1.15753982755e-006, 9.89108798422e-007],
        "var": [3.34187848239e-006, 4.83737494505e-006, 1.16858143429e-006, 3.16847194881e-006, 1.62534178116e-007, 1.67949991692e-007, 6.14559994006e-008, 5.58775070658e-008, 1.87444200606e-007, 4.9815400871e-007, 7.21732718034e-008, 4.56387461156e-008, 3.39371446501e-008, 1.10286855204e-008, 6.36925978625e-009, 4.61425608833e-009, 6.4167777758e-009, 6.02049610166e-009, 1.23591470391e-009, 1.28192723103e-009, 2.94557822578e-009, 1.11913878165e-009, 7.19627801793e-010, 3.92658128234e-010, 2.60981208866e-010, 2.759099893e-010, 1.84346121701e-010, 6.98203231342e-011, 4.10670629447e-011, 4.67029678819e-011, 4.2174069792e-011, 3.7631051053e-011, 5.40336872468e-011, 1.99056587186e-011, 1.31706806919e-011, 1.43978561712e-011, 1.08888445136e-011, 6.869712698e-012, 8.29870980962e-012, 7.76421548582e-012]
    },
    "mfcc": {
        "mean": [-649.434020996, 127.501091003, 8.71247959137, 33.9579696655, 7.88899707794, 5.85125494003, 5.97229337692, 3.38865685463, -0.246124505997, 3.17834758759, -2.50025129318, -2.24510216713, -3.54474616051],
        "cov": [[7313.83837891, -2569.45166016, -379.863830566, -754.101623535, -55.5017852783, 124.295555115, -363.484375, 347.052612305, 201.36315918, 56.1738128662, 243.229736328, 66.8890762329, -18.8378734589], [-2569.45166016, 1439.44165039, -83.4965591431, 330.707550049, 31.5996017456, -51.6998825073, 126.293418884, -111.966201782, -70.285987854, -1.24269390106, -75.1814727783, -46.0420455933, -7.30035209656], [-379.863830566, -83.4965591431, 298.073974609, 25.1354808807, -6.58620834351, -1.2691423893, 30.2068424225, -48.2266654968, -25.3019561768, -27.6362190247, -33.4787826538, 2.27127408981, 15.9886398315], [-754.101623535, 330.707550049, 25.1354808807, 218.149459839, 23.8837451935, 1.84064102173, 42.0327033997, -39.2106056213, -28.0164794922, 2.37552428246, -40.1807861328, 4.5323767662, 5.16671514511], [-55.5017852783, 31.5996017456, -6.58620834351, 23.8837451935, 91.3338546753, 14.7737369537, 13.7200174332, 3.08591151237, 10.4267559052, 1.81198608875, 2.44883418083, 9.61999225616, 4.92045688629], [124.295555115, -51.6998825073, -1.2691423893, 1.84064102173, 14.7737369537, 62.152015686, 9.81010246277, 17.6250362396, -0.648966610432, 2.91811203957, 5.10773086548, -1.53437876701, 1.26513111591], [-363.484375, 126.293418884, 30.2068424225, 42.0327033997, 13.7200174332, 9.81010246277, 82.6866531372, -10.2028303146, -4.86909580231, -4.4737200737, -17.1960830688, -0.532108724117, 2.90473198891], [347.052612305, -111.966201782, -48.2266654968, -39.2106056213, 3.08591151237, 17.6250362396, -10.2028303146, 85.1032104492, 26.4537677765, 14.6010694504, 18.4541702271, 4.15839004517, -0.841767251492], [201.36315918, -70.285987854, -25.3019561768, -28.0164794922, 10.4267559052, -0.648966610432, -4.86909580231, 26.4537677765, 61.8162765503, 18.0958385468, 16.3939304352, 4.50299787521, 0.705286085606], [56.1738128662, -1.24269390106, -27.6362190247, 2.37552428246, 1.81198608875, 2.91811203957, -4.4737200737, 14.6010694504, 18.0958385468, 59.1307754517, 19.3547554016, 4.83226060867, -4.56939315796], [243.229736328, -75.1814727783, -33.4787826538, -40.1807861328, 2.44883418083, 5.10773086548, -17.1960830688, 18.4541702271, 16.3939304352, 19.3547554016, 66.8481140137, 19.6784305573, 0.729668498039], [66.8890762329, -46.0420455933, 2.27127408981, 4.5323767662, 9.61999225616, -1.53437876701, -0.532108724117, 4.15839004517, 4.50299787521, 4.83226060867, 19.6784305573, 57.205909729, 16.3296051025], [-18.8378734589, -7.30035209656, 15.9886398315, 5.16671514511, 4.92045688629, 1.26513111591, 2.90473198891, -0.841767251492, 0.705286085606, -4.56939315796, 0.729668498039, 16.3296051025, 37.2963752747]],
        "icov": [[0.000635049364064, 0.000977611285634, 0.000879806058947, 0.000320855964674, 1.68854548974e-005, -0.000450467836345, 0.000758823473006, -0.000377816846594, -0.000215072184801, 0.000132089335239, -0.000257127336226, 9.17507932172e-005, 2.10324596992e-005], [0.000977611285634, 0.00305144442245, 0.00230812071823, -0.00141964596696, -0.000170401181094, 0.000821129709948, -0.00061156519223, 0.000364402570995, 0.000493532046676, 2.99908206216e-005, -0.0007568236324, 0.00167881709058, -0.00037715487997], [0.000879806058947, 0.00230812071823, 0.00588988000527, -0.000360723322956, 0.000328900670866, -0.000235341794905, -0.00110218673944, 0.00200512842275, 0.000535104656592, 0.000810718687717, 0.000806762196589, 0.000480371469166, -0.00162001524586], [0.000320855964674, -0.00141964596696, -0.000360723322956, 0.00905828736722, -0.0012391761411, -0.00238896394148, 0.000439533469034, 0.000739338167477, 0.00102391873952, -0.00220147846267, 0.00403845356777, -0.00345467263833, 0.000155420872034], [1.68854548974e-005, -0.000170401181094, 0.000328900670866, -0.0012391761411, 0.0125869642943, -0.00314951897599, -0.00103126862086, 0.000363925588317, -0.00311318645254, 0.000982591067441, -0.000379404984415, -0.00188922614325, -0.00044552795589], [-0.000450467836345, 0.000821129709948, -0.000235341794905, -0.00238896394148, -0.00314951897599, 0.0206650178879, -0.00456650322303, -0.00376940495335, 0.00380878546275, -0.000696873175912, -0.00238748057745, 0.00367265567183, -0.00136855989695], [0.000758823473006, -0.00061156519223, -0.00110218673944, 0.000439533469034, -0.00103126862086, -0.00456650322303, 0.0174872502685, -0.00110419525299, -0.0021245055832, 0.000664858904202, 0.00233890209347, -0.00191051175352, 0.000491614860948], [-0.000377816846594, 0.000364402570995, 0.00200512842275, 0.000739338167477, 0.000363925588317, -0.00376940495335, -0.00110419525299, 0.0175330080092, -0.00438745180145, -0.00164790078998, 4.87510214953e-006, -0.000211340404348, -0.000546432740521], [-0.000215072184801, 0.000493532046676, 0.000535104656592, 0.00102391873952, -0.00311318645254, 0.00380878546275, -0.0021245055832, -0.00438745180145, 0.0222867038101, -0.00527468323708, -0.00154945102986, 0.00114469276741, -0.00157385924831], [0.000132089335239, 2.99908206216e-005, 0.000810718687717, -0.00220147846267, 0.000982591067441, -0.000696873175912, 0.000664858904202, -0.00164790078998, -0.00527468323708, 0.0213919915259, -0.00555496290326, -0.000328581139911, 0.00280818878673], [-0.000257127336226, -0.0007568236324, 0.000806762196589, 0.00403845356777, -0.000379404984415, -0.00238748057745, 0.00233890209347, 4.87510214953e-006, -0.00154945102986, -0.00555496290326, 0.0231119431555, -0.0083782505244, 0.00133052153978], [9.17507932172e-005, 0.00167881709058, 0.000480371469166, -0.00345467263833, -0.00188922614325, 0.00367265567183, -0.00191051175352, -0.000211340404348, 0.00114469276741, -0.000328581139911, -0.0083782505244, 0.0250532776117, -0.00995086692274], [2.10324596992e-005, -0.00037715487997, -0.00162001524586, 0.000155420872034, -0.00044552795589, -0.00136855989695, 0.000491614860948, -0.000546432740521, -0.00157385924831, 0.00280818878673, 0.00133052153978, -0.00995086692274, 0.0321811959147]]
    },
    "spectral_contrast_coeffs": {
        "mean": [-0.639963209629, -0.749322652817, -0.787134766579, -0.805339515209, -0.783818244934, -0.749254584312],
        "var": [0.00367045775056, 0.00332877505571, 0.00253030285239, 0.00133879820351, 0.00119549012743, 0.00140519766137]
    },
    "spectral_contrast_valleys": {
        "mean": [-6.85148668289, -6.70503520966, -7.32728767395, -7.74541091919, -7.67793560028, -10.4879369736],
        "var": [0.446450203657, 0.613667190075, 0.822868645191, 1.15967094898, 1.32372903824, 2.1344897747]
    }
},
"metadata": {
    "audio_properties": {
        "analysis_sample_rate": 44100,
        "bit_rate": 128074,
        "equal_loudness": 0,
        "length": 45.0612258911,
        "lossless": 0,
        "replay_gain": -5.2975025177,
        "sample_rate": 44100,
        "codec": "mp3",
        "downmix": "mix",
        "md5_encoded": "0f1bc4744ee35b63f404ba04a6f06b8e"
    },
    "tags": {
        "file_name": "1056.mp3"
    },
    "version": {
        "essentia": "2.1-beta2",
        "essentia_git_sha": "v2.1_beta2",
        "extractor": "music 1.0"
    }
},
"rhythm": {
    "beats_count": 80,
    "beats_loudness": {
        "mean": 0.030318537727,
        "var": 0.000527500000317
    },
    "bpm": 119.46231842,
    "bpm_histogram_first_peak_bpm": {
        "mean": 120,
        "var": 0
    },
    "bpm_histogram_first_peak_spread": {
        "mean": 0.264705896378,
        "var": 0
    },
    "bpm_histogram_first_peak_weight": {
        "mean": 0.316455692053,
        "var": 0
    },
    "bpm_histogram_second_peak_bpm": {
        "mean": 96,
        "var": 0
    },
    "bpm_histogram_second_peak_spread": {
        "mean": 0.44000005722,
        "var": 0
    },
    "bpm_histogram_second_peak_weight": {
        "mean": 0.177215188742,
        "var": 0
    },
    "danceability": 1.01699030399,
    "onset_rate": 2.6396613121,
    "beats_loudness_band_ratio": {
        "mean": [0.579784154892, 0.265500485897, 0.0872951820493, 0.04850564152, 0.0416563972831, 0.0439997911453],
        "var": [0.0409826263785, 0.0289514809847, 0.00729661947116, 0.00271093985066, 0.00166222802363, 0.00205254345201]
    },
    "beats_position": [0.684988677502, 1.39319729805, 2.06657600403, 2.69351458549, 3.32045340538, 3.95900225639, 4.59755086899, 5.23609972, 5.85142850876, 6.45514726639, 7.08208608627, 7.70902490616, 8.33596324921, 8.96290206909, 9.58984088898, 10.2051696777, 10.8204984665, 11.4358272552, 12.051156044, 12.6780948639, 13.3050336838, 13.9319725037, 14.5589113235, 15.1858501434, 15.8127889633, 16.4281177521, 17.0434455872, 17.6703853607, 18.2392749786, 18.8197727203, 19.3422222137, 19.8762817383, 20.4103393555, 20.94439888, 21.4668483734, 22.0009059906, 22.5349655151, 23.0690250397, 23.5914726257, 24.102312088, 24.6131515503, 25.1123809814, 25.6116104126, 26.1224479675, 26.6216773987, 27.1209068298, 27.620136261, 28.1193637848, 28.6185932159, 29.1178226471, 29.6170520782, 30.1162815094, 30.6271190643, 31.1379585266, 31.6487979889, 32.1596374512, 32.6588668823, 33.1580963135, 33.6573219299, 34.1565513611, 34.6557807922, 35.1550102234, 35.6542396545, 36.1534690857, 36.6526985168, 37.151927948, 37.6511573792, 38.1503829956, 38.672832489, 39.1952819824, 39.7177314758, 40.2401809692, 40.7626304626, 41.2850799561, 41.8191375732, 42.3299751282, 42.8408164978, 43.340045929, 43.8392753601, 44.3385009766]
},
"tonal": {
    "chords_changes_rate": 0.0514403283596,
    "chords_number_rate": 0.00925925932825,
    "chords_strength": {
        "mean": 0.477460235357,
        "var": 0.00519570847973
    },
    "hpcp_entropy": {
        "mean": 2.09918308258,
        "var": 0.641422212124
    },
    "key_strength": 0.764506816864,
    "tuning_diatonic_strength": 0.597081959248,
    "tuning_equal_tempered_deviation": 0.0491643436253,
    "tuning_frequency": 443.060424805,
    "tuning_nontempered_energy_ratio": 0.676356434822,
    "hpcp": {
        "mean": [0.458812654018, 0.249519780278, 0.0797040760517, 0.0475412942469, 0.0375353172421, 0.0385032147169, 0.0431691855192, 0.0501253195107, 0.0840695127845, 0.104580424726, 0.0772695913911, 0.0652642101049, 0.0764631927013, 0.101472914219, 0.291637271643, 0.533754467964, 0.392393916845, 0.121143460274, 0.0577623695135, 0.0520420074463, 0.0807769149542, 0.123267307878, 0.116184040904, 0.103654593229, 0.101090587676, 0.0732545107603, 0.0756591409445, 0.0903413742781, 0.0873843282461, 0.136021718383, 0.175298094749, 0.128457561135, 0.0855137705803, 0.094504237175, 0.167778134346, 0.375052988529],
        "var": [0.13900321722, 0.0604445561767, 0.0218491088599, 0.0142347877845, 0.00929113291204, 0.00777893606573, 0.00969874020666, 0.01249332726, 0.0344561450183, 0.0515862964094, 0.0284064859152, 0.016482854262, 0.0228308551013, 0.0286412220448, 0.0676991865039, 0.141762241721, 0.0916286483407, 0.030060403049, 0.0164457969368, 0.0168652236462, 0.0206327363849, 0.0262555908412, 0.0254503414035, 0.0431154035032, 0.0510668642819, 0.0249806195498, 0.0148093923926, 0.0238521043211, 0.0224101040512, 0.05227079615, 0.0866604670882, 0.0541363060474, 0.0281222704798, 0.037032365799, 0.0561716370285, 0.106230817735]
    },
    "chords_histogram": [27.6748962402, 1.44032919407, 6.48148155212, 4.93827152252, 0.102880656719, 9.97942352295, 0, 43.2098770142, 0, 2.36625504494, 0.514403283596, 0.102880656719, 0, 0, 0, 0, 0, 0, 0.411522626877, 0, 1.54320991039, 0, 1.23456788063, 0],
    "thpcp": [1, 0.735158085823, 0.226964771748, 0.108218990266, 0.0975017771125, 0.151337221265, 0.230943843722, 0.217673197389, 0.19419901073, 0.189395293593, 0.137243837118, 0.141748964787, 0.169256433845, 0.163716346025, 0.254839479923, 0.328424602747, 0.240667894483, 0.16021181643, 0.177055642009, 0.314335793257, 0.702669501305, 0.859594941139, 0.467480450869, 0.149327233434, 0.0890695974231, 0.0703231915832, 0.0721365660429, 0.0808783620596, 0.0939108207822, 0.157505959272, 0.195933580399, 0.144766166806, 0.12227384001, 0.143255367875, 0.190111592412, 0.546388447285],
    "chords_key": "D",
    "chords_scale": "major",
    "key_key": "D",
    "key_scale": "minor"
}
}