{
"lowlevel": {
    "average_loudness": 0.978509426117,
    "barkbands_crest": {
        "mean": 11.1976661682,
        "var": 16.7543525696
    },
    "barkbands_flatness_db": {
        "mean": 0.152396932244,
        "var": 0.00948889181018
    },
    "barkbands_kurtosis": {
        "mean": 12.0131092072,
        "var": 551.80255127
    },
    "barkbands_skewness": {
        "mean": 2.68135690689,
        "var": 2.46246528625
    },
    "barkbands_spread": {
        "mean": 24.3218841553,
        "var": 264.393615723
    },
    "dissonance": {
        "mean": 0.470124363899,
        "var": 0.00146266142838
    },
    "dynamic_complexity": 1.47242593765,
    "erbbands_crest": {
        "mean": 6.93473052979,
        "var": 13.8421821594
    },
    "erbbands_flatness_db": {
        "mean": 0.119353204966,
        "var": 0.00395171763375
    },
    "erbbands_kurtosis": {
        "mean": 0.0935356169939,
        "var": 18.0837726593
    },
    "erbbands_skewness": {
        "mean": 0.333154112101,
        "var": 0.839595794678
    },
    "erbbands_spread": {
        "mean": 66.3546981812,
        "var": 759.65838623
    },
    "hfc": {
        "mean": 29.731464386,
        "var": 307.659729004
    },
    "melbands_crest": {
        "mean": 16.1481876373,
        "var": 26.2749137878
    },
    "melbands_flatness_db": {
        "mean": 0.239925667644,
        "var": 0.0129775488749
    },
    "melbands_kurtosis": {
        "mean": 41.5347900391,
        "var": 2037.98205566
    },
    "melbands_skewness": {
        "mean": 4.88932561874,
        "var": 5.40034341812
    },
    "melbands_spread": {
        "mean": 14.8986520767,
        "var": 143.516479492
    },
    "pitch_salience": {
        "mean": 0.543102324009,
        "var": 0.0145637756214
    },
    "silence_rate_20dB": {
        "mean": 1,
        "var": 0
    },
    "silence_rate_30dB": {
        "mean": 0.960865080357,
        "var": 0.0376027412713
    },
    "silence_rate_60dB": {
        "mean": 0.00463439757004,
        "var": 0.00461289985105
    },
    "spectral_centroid": {
        "mean": 1204.73217773,
        "var": 374131.875
    },
    "spectral_complexity": {
        "mean": 23.9969100952,
        "var": 157.557037354
    },
    "spectral_decrease": {
        "mean": -1.26166792569e-008,
        "var": 5.73315110617e-017
    },
    "spectral_energy": {
        "mean": 0.0503149144351,
        "var": 0.000842796231154
    },
    "spectral_energyband_high": {
        "mean": 0.00189823866822,
        "var": 2.30854266192e-006
    },
    "spectral_energyband_low": {
        "mean": 0.0299723930657,
        "var": 0.000727595761418
    },
    "spectral_energyband_middle_high": {
        "mean": 0.00353736197576,
        "var": 9.60415309237e-006
    },
    "spectral_energyband_middle_low": {
        "mean": 0.0191694516689,
        "var": 0.000179947746801
    },
    "spectral_entropy": {
        "mean": 7.64335107803,
        "var": 0.61320412159
    },
    "spectral_flux": {
        "mean": 0.119026385248,
        "var": 0.00393807888031
    },
    "spectral_kurtosis": {
        "mean": 6.5754609108,
        "var": 320.019226074
    },
    "spectral_rms": {
        "mean": 0.00674382038414,
        "var": 3.60859053217e-006
    },
    "spectral_rolloff": {
        "mean": 1021.54022217,
        "var": 1723117.5
    },
    "spectral_skewness": {
        "mean": 1.57905614376,
        "var": 1.61479783058
    },
    "spectral_spread": {
        "mean": 5816928.5,
        "var": 5.70508233933e+012
    },
    "spectral_strongpeak": {
        "mean": 0.671050906181,
        "var": 0.279466837645
    },
    "zerocrossingrate": {
        "mean": 0.0648068934679,
        "var": 0.00158722384367
    },
    "barkbands": {
        "mean": [0.00119620608166, 0.012608891353, 0.0119757726789, 0.00678352545947, 0.0072402395308, 0.00220477674156, 0.000590415496845, 0.00109028303996, 0.00114597973879, 0.000460769457277, 0.000280526874121, 0.000270027521765, 0.000237820640905, 0.000272739096545, 0.00028136203764, 0.000403375335736, 0.000381949474104, 0.00030515625258, 0.000492782564834, 0.000335311255185, 0.000382537429687, 0.000307632086333, 0.000225018535275, 0.000300258077914, 0.000295803154586, 0.000217193097342, 2.86272352241e-005],
        "var": [1.06195684566e-005, 0.00044064244139, 0.000141024473123, 5.40163055121e-005, 3.78602489945e-005, 9.50293360802e-006, 8.49785237733e-007, 6.67589119985e-006, 7.03144769432e-006, 1.45074159263e-006, 3.92329212673e-007, 2.17483986376e-007, 1.38721631515e-007, 1.44590416085e-007, 1.299258372e-007, 1.2871825561e-007, 1.52125622321e-007, 1.01639002992e-007, 1.70689133938e-007, 8.76846115716e-008, 1.19890515293e-007, 9.76195408953e-008, 6.73002418239e-008, 8.05997260045e-008, 1.08049228231e-007, 7.64451115742e-008, 2.50727660855e-009]
    },
    "erbbands": {
        "mean": [0.400883466005, 2.78219842911, 10.2799530029, 23.5821456909, 21.2184791565, 21.6397609711, 24.9915447235, 18.7252426147, 8.7301492691, 14.4076690674, 26.5676860809, 26.9795589447, 16.7048625946, 12.4942159653, 11.1554040909, 11.0703172684, 11.2030572891, 12.8477802277, 14.9612674713, 16.8282375336, 23.135925293, 21.6926174164, 18.2212600708, 18.7399349213, 26.1897544861, 16.0146617889, 13.8659715652, 14.9841756821, 11.5858297348, 8.71918010712, 6.41217422485, 6.13767147064, 5.03221511841, 3.60616064072, 1.81367087364, 0.88045758009, 0.412291646004, 0.100106686354, 0.00285115046427, 0.000125250327983],
        "var": [0.825263738632, 14.5995588303, 105.665557861, 459.102722168, 647.076599121, 336.274536133, 791.70916748, 713.864196777, 112.444389343, 911.246826172, 3755.82202148, 4172.09814453, 1154.39160156, 765.598632813, 521.824645996, 331.347717285, 262.336730957, 337.941009521, 359.145080566, 341.002044678, 448.864471436, 411.348236084, 310.496612549, 319.603973389, 443.746002197, 203.395385742, 183.585571289, 162.049560547, 132.837554932, 111.664878845, 52.0520973206, 34.2371025085, 24.8263607025, 15.4240245819, 4.40884637833, 1.09701859951, 0.302471280098, 0.0225646402687, 2.27677901421e-005, 1.10538413978e-008]
    },
    "gfcc": {
        "mean": [32.3267784119, 80.9679718018, -81.3055953979, 51.3061180115, -46.3093719482, 10.1169195175, -38.9509811401, 6.60949087143, -28.6264362335, -0.116422899067, -22.8586330414, -1.93024361134, -11.9846515656],
        "cov": [[8143.42675781, -3830.70532227, -485.516937256, 89.4887313843, -998.941162109, 493.932403564, -817.20111084, 802.785583496, -428.167053223, 452.570037842, -468.059387207, 337.576263428, -446.185333252], [-3830.70532227, 3166.52124023, -270.694885254, -141.190795898, 634.114990234, -430.013641357, 573.747741699, -511.573547363, 330.605499268, -340.79598999, 349.335601807, -270.003204346, 315.414581299], [-485.516937256, -270.694885254, 776.100891113, -93.4018478394, 89.7172622681, 91.5029602051, -32.4332542419, 7.4134683609, -24.3262996674, 45.5862503052, -23.1617832184, 50.8853645325, -50.07787323], [89.4887313843, -141.190795898, -93.4018478394, 433.646484375, -12.4808311462, 11.6221055984, 2.5791246891, -5.0293006897, 27.7645759583, 13.4875898361, 29.5714187622, 12.3908672333, 52.1690139771], [-998.941162109, 634.114990234, 89.7172622681, -12.4808311462, 322.634765625, -93.3662872314, 139.167419434, -100.415603638, 79.7836761475, -59.3646430969, 85.4278182983, -30.6439590454, 63.8100852966], [493.932403564, -430.013641357, 91.5029602051, 11.6221055984, -93.3662872314, 199.212585449, -34.6665458679, 104.872451782, -40.3326950073, 67.9069290161, -31.1369876862, 45.0776367188, -32.3642349243], [-817.20111084, 573.747741699, -32.4332542419, 2.5791246891, 139.167419434, -34.6665458679, 211.467163086, -60.9663887024, 78.9072799683, -54.0713844299, 76.1934432983, -43.8761444092, 62.8674812317], [802.785583496, -511.573547363, 7.4134683609, -5.0293006897, -100.415603638, 104.872451782, -60.9663887024, 199.314025879, -11.086438179, 90.9251403809, -49.0935249329, 49.5046081543, -54.3575592041], [-428.167053223, 330.605499268, -24.3262996674, 27.7645759583, 79.7836761475, -40.3326950073, 78.9072799683, -11.086438179, 114.818809509, 4.75169563293, 48.4598083496, -33.2897796631, 38.9137992859], [452.570037842, -340.79598999, 45.5862503052, 13.4875898361, -59.3646430969, 67.9069290161, -54.0713844299, 90.9251403809, 4.75169563293, 103.355422974, -14.5974941254, 41.910484314, -30.6963691711], [-468.059387207, 349.335601807, -23.1617832184, 29.5714187622, 85.4278182983, -31.1369876862, 76.1934432983, -49.0935249329, 48.4598083496, -14.5974941254, 94.2034225464, 4.9226140976, 57.563243866], [337.576263428, -270.003204346, 50.8853645325, 12.3908672333, -30.6439590454, 45.0776367188, -43.8761444092, 49.5046081543, -33.2897796631, 41.910484314, 4.9226140976, 89.0264587402, 2.86998200417], [-446.185333252, 315.414581299, -50.07787323, 52.1690139771, 63.8100852966, -32.3642349243, 62.8674812317, -54.3575592041, 38.9137992859, -30.6963691711, 57.563243866, 2.86998200417, 89.4775543213]],
        "icov": [[0.000534468679689, -5.56965860596e-005, 0.000544553331565, -0.000197273489903, 0.000231856989558, -0.00017090147594, 0.000691231165547, -0.000840817694552, 0.000447029917268, -0.000439452996943, 0.000805917952675, -0.00121506024152, 0.0012329936726], [-5.56965860596e-005, 0.00395295536146, 0.00035386075615, 0.00223127822392, -0.00134021835402, 0.00119577522855, -0.00225497432984, 0.00246251584031, -0.00332721602172, 0.00361024634913, -0.00619357824326, 0.00567886140198, -0.00435855332762], [0.000544553331565, 0.00035386075615, 0.00243644556031, 0.000305722554913, -0.00108861876652, -0.00135276780929, 0.000745154626202, 0.000674175622407, -0.00058610382257, -0.000510354351718, 0.00116148707457, -0.00223927688785, 0.00223089428619], [-0.000197273489903, 0.00223127822392, 0.000305722554913, 0.00396471749991, -0.000681488483679, 0.000237632746575, -0.000947926018853, 0.00189408939332, -0.00253878906369, 0.00162756384816, -0.0037759821862, 0.00355557352304, -0.00462336838245], [0.000231856989558, -0.00134021835402, -0.00108861876652, -0.000681488483679, 0.00680843135342, 0.00136355741415, -0.00115895073395, -0.00073523510946, -0.000395164155634, -3.60011799785e-005, 0.000118670344818, -0.00293304468505, 0.00185130327009], [-0.00017090147594, 0.00119577522855, -0.00135276780929, 0.000237632746575, 0.00136355741415, 0.0102109257132, -0.00378155475482, -0.00271464185789, 0.003699360881, -0.00300643546507, -0.00230098702013, 0.0029981113039, -0.00349047314376], [0.000691231165547, -0.00225497432984, 0.000745154626202, -0.000947926018853, -0.00115895073395, -0.00378155475482, 0.0131601979956, -0.00348743912764, -0.00159856525715, 0.00247524329461, -0.000574440928176, -0.0016224446008, 0.00242514279671], [-0.000840817694552, 0.00246251584031, 0.000674175622407, 0.00189408939332, -0.00073523510946, -0.00271464185789, -0.00348743912764, 0.0158159788698, -0.00775603484362, -0.00202229013667, 0.000659624696709, -0.00137865636498, 0.000299780425848], [0.000447029917268, -0.00332721602172, -0.00058610382257, -0.00253878906369, -0.000395164155634, 0.003699360881, -0.00159856525715, -0.00775603484362, 0.0259003899992, -0.0138503201306, 0.000183881522389, 0.00671668723226, -0.00320808612742], [-0.000439452996943, 0.00361024634913, -0.000510354351718, 0.00162756384816, -3.60011799785e-005, -0.00300643546507, 0.00247524329461, -0.00202229013667, -0.0138503201306, 0.0292565170676, -0.00986087881029, -0.00194524833933, 0.00228475104086], [0.000805917952675, -0.00619357824326, 0.00116148707457, -0.0037759821862, 0.000118670344818, -0.00230098702013, -0.000574440928176, 0.000659624696709, 0.000183881522389, -0.00986087881029, 0.037298746407, -0.0188298411667, 0.00173642102163], [-0.00121506024152, 0.00567886140198, -0.00223927688785, 0.00355557352304, -0.00293304468505, 0.0029981113039, -0.0016224446008, -0.00137865636498, 0.00671668723226, -0.00194524833933, -0.0188298411667, 0.0363544784486, -0.0185659136623], [0.0012329936726, -0.00435855332762, 0.00223089428619, -0.00462336838245, 0.00185130327009, -0.00349047314376, 0.00242514279671, 0.000299780425848, -0.00320808612742, 0.00228475104086, 0.00173642102163, -0.0185659136623, 0.034185629338]]
    },
    "melbands": {
        "mean": [0.00362634821795, 0.00500362319872, 0.00399585068226, 0.00148935604375, 0.000958043267019, 0.0004066794354, 0.000125506470795, 0.00017782971554, 0.000225063165999, 0.000158373528393, 8.13199658296e-005, 5.25356153958e-005, 3.8501155359e-005, 3.03035922116e-005, 2.72886099992e-005, 2.33705432038e-005, 2.4013716029e-005, 2.44075145019e-005, 2.13048933801e-005, 2.5132247174e-005, 2.70353411906e-005, 2.21721711569e-005, 2.01137590921e-005, 1.34139281727e-005, 1.47317168739e-005, 2.07946104638e-005, 1.5906887711e-005, 9.1792880994e-006, 7.93508570496e-006, 8.95115135791e-006, 8.54036079545e-006, 6.50809488434e-006, 5.77468836127e-006, 4.4089201765e-006, 3.65890855392e-006, 3.26878011947e-006, 4.0460731725e-006, 3.52311349161e-006, 3.38214704243e-006, 2.93376888294e-006],
        "var": [4.60367555206e-005, 2.04948319151e-005, 1.14455651783e-005, 1.96631117433e-006, 9.22677770632e-007, 3.2860225474e-007, 2.45135023391e-008, 1.44196278029e-007, 2.62569557208e-007, 1.35256968292e-007, 3.19449284802e-008, 1.54378057005e-008, 6.14292705592e-009, 3.76013398196e-009, 1.75775660693e-009, 1.24216725794e-009, 1.2851767428e-009, 1.09673414794e-009, 7.51780193653e-010, 5.79880587992e-010, 7.28113680459e-010, 5.01744368275e-010, 3.96385840817e-010, 2.22215440493e-010, 2.21022311564e-010, 3.14582943028e-010, 1.76567413468e-010, 8.47192108133e-011, 5.84349860167e-011, 8.3314723176e-011, 5.57698540127e-011, 4.21101278847e-011, 4.50853555878e-011, 3.33596969493e-011, 1.95324277585e-011, 1.1232214811e-011, 1.56070469048e-011, 1.23233636837e-011, 1.45645058514e-011, 1.06781875009e-011]
    },
    "mfcc": {
        "mean": [-619.390258789, 109.620429993, 24.7731990814, 42.4395561218, 17.1092815399, 8.85700130463, 4.0695977211, 1.77176904678, 2.78020238876, -1.1176418066, -3.69231677055, -4.84665584564, -5.43192434311],
        "cov": [[7642.46875, -3235.02636719, -358.930999756, -505.904571533, -238.129989624, -473.246429443, -267.518768311, -6.93701696396, -2.70259308815, 83.9033508301, 57.6394767761, 15.3092021942, 72.8384628296], [-3235.02636719, 2487.58300781, -261.332214355, 188.934677124, 27.8627567291, 154.659332275, 124.120475769, 9.30985832214, -3.04422211647, -42.2874832153, 2.01123762131, -7.53818702698, -35.7283439636], [-358.930999756, -261.332214355, 548.399414063, -82.6350402832, 82.4866027832, 46.4719238281, 17.66447258, 1.76399433613, -6.13553857803, 14.255982399, -5.97414731979, 22.3142814636, 4.02234315872], [-505.904571533, 188.934677124, -82.6350402832, 366.377075195, 52.6204833984, 77.2766799927, 7.53871059418, 4.46004867554, 15.1650009155, -18.1633281708, -0.244282782078, 4.43806743622, 13.8149576187], [-238.129989624, 27.8627567291, 82.4866027832, 52.6204833984, 148.71786499, 24.3904323578, 10.8789644241, 1.09183192253, -0.075863853097, 5.86107110977, 5.07136249542, 7.65573263168, 14.4687852859], [-473.246429443, 154.659332275, 46.4719238281, 77.2766799927, 24.3904323578, 130.232757568, 47.4559898376, 9.42713928223, 3.31911253929, -8.83999824524, -3.29375100136, 9.71758651733, -0.247744858265], [-267.518768311, 124.120475769, 17.66447258, 7.53871059418, 10.8789644241, 47.4559898376, 91.8170089722, 40.605140686, 8.37585926056, -2.09466743469, 5.78785419464, 5.1805229187, 4.0865778923], [-6.93701696396, 9.30985832214, 1.76399433613, 4.46004867554, 1.09183192253, 9.42713928223, 40.605140686, 67.4680023193, 23.6879711151, 13.1060400009, 13.5705661774, 8.02435970306, 7.26620006561], [-2.70259308815, -3.04422211647, -6.13553857803, 15.1650009155, -0.075863853097, 3.31911253929, 8.37585926056, 23.6879711151, 63.1349067688, 39.562297821, 23.3336296082, 14.7600812912, 5.04981184006], [83.9033508301, -42.2874832153, 14.255982399, -18.1633281708, 5.86107110977, -8.83999824524, -2.09466743469, 13.1060400009, 39.562297821, 80.0999221802, 45.0728111267, 18.1932792664, 1.15704667568], [57.6394767761, 2.01123762131, -5.97414731979, -0.244282782078, 5.07136249542, -3.29375100136, 5.78785419464, 13.5705661774, 23.3336296082, 45.0728111267, 63.8964042664, 25.6504364014, 7.86031770706], [15.3092021942, -7.53818702698, 22.3142814636, 4.43806743622, 7.65573263168, 9.71758651733, 5.1805229187, 8.02435970306, 14.7600812912, 18.1932792664, 25.6504364014, 59.8162307739, 28.5009651184], [72.8384628296, -35.7283439636, 4.02234315872, 13.8149576187, 14.4687852859, -0.247744858265, 4.0865778923, 7.26620006561, 5.04981184006, 1.15704667568, 7.86031770706, 28.5009651184, 56.3593101501]],
        "icov": [[0.000524430244695, 0.000666099367663, 0.000651632260997, 0.000397069379687, 0.000157365124323, 0.000505925680045, 0.000362464139471, -0.000341949373251, 0.000277456158074, 4.15152771893e-006, -0.000374899420422, -0.000174806526047, -0.000303972454276], [0.000666099367663, 0.00135423906613, 0.00113170419354, 0.000422222161433, 3.47056557075e-005, 0.00025403793552, -0.000209492820431, -7.99170156824e-005, 0.0003214845201, 0.000219660199946, -0.000615038909018, -0.000391380628571, 8.14613376861e-005], [0.000651632260997, 0.00113170419354, 0.00333660561591, 0.00136506685521, -0.00134453177452, -0.000748768332414, 0.000302783184452, -0.000427603314165, 0.000737573835067, -0.000621498853434, 0.000517148990184, -0.00137886032462, 0.000249418284511], [0.000397069379687, 0.000422222161433, 0.00136506685521, 0.00420513236895, -0.00139537279028, -0.00232505868189, 0.00191199895926, -0.000704602571204, -0.00142320129089, 0.00170625152532, -0.000957167998422, 0.000345287262462, -0.00102212454658], [0.000157365124323, 3.47056557075e-005, -0.00134453177452, -0.00139537279028, 0.00846903864294, 0.000220111789531, -0.000570256670471, 0.000428846658906, 0.00113878783304, -0.00135545292869, -0.000515718013048, 0.000941619800869, -0.00240901880898], [0.000505925680045, 0.00025403793552, -0.000748768332414, -0.00232505868189, 0.000220111789531, 0.013212505728, -0.0062618041411, 0.00205547665246, -0.00012303738913, 0.000228254968533, 0.00106735795271, -0.00281351432204, 0.00160143256653], [0.000362464139471, -0.000209492820431, 0.000302783184452, 0.00191199895926, -0.000570256670471, -0.0062618041411, 0.0207051169127, -0.0119476355612, 0.000833849073388, 0.00226155249402, -0.00210819207132, 0.0011840298539, -0.00135949579999], [-0.000341949373251, -7.99170156824e-005, -0.000427603314165, -0.000704602571204, 0.000428846658906, 0.00205547665246, -0.0119476355612, 0.0246396996081, -0.00744586950168, 0.000510400801431, -0.00152073439676, 0.000547722389456, -0.0012251639273], [0.000277456158074, 0.0003214845201, 0.000737573835067, -0.00142320129089, 0.00113878783304, -0.00012303738913, 0.000833849073388, -0.00744586950168, 0.0273041129112, -0.0132693462074, 0.00172034127172, -0.00269376137294, -0.000303684733808], [4.15152771893e-006, 0.000219660199946, -0.000621498853434, 0.00170625152532, -0.00135545292869, 0.000228254968533, 0.00226155249402, 0.000510400801431, -0.0132693462074, 0.0287009440362, -0.016051903367, 0.000180843780981, 0.00262617878616], [-0.000374899420422, -0.000615038909018, 0.000517148990184, -0.000957167998422, -0.000515718013048, 0.00106735795271, -0.00210819207132, -0.00152073439676, 0.00172034127172, -0.016051903367, 0.0309080947191, -0.00924986321479, 0.0013207285665], [-0.000174806526047, -0.000391380628571, -0.00137886032462, 0.000345287262462, 0.000941619800869, -0.00281351432204, 0.0011840298539, 0.000547722389456, -0.00269376137294, 0.000180843780981, -0.00924986321479, 0.0282071828842, -0.013155689463], [-0.000303972454276, 8.14613376861e-005, 0.000249418284511, -0.00102212454658, -0.00240901880898, 0.00160143256653, -0.00135949579999, -0.0012251639273, -0.000303684733808, 0.00262617878616, 0.0013207285665, -0.013155689463, 0.025744503364]]
    },
    "spectral_contrast_coeffs": {
        "mean": [-0.59403771162, -0.727420628071, -0.788016855717, -0.808659374714, -0.802350640297, -0.756086707115],
        "var": [0.00925203599036, 0.00452320789918, 0.00306551926769, 0.00129830371588, 0.00071081740316, 0.00185768608935]
    },
    "spectral_contrast_valleys": {
        "mean": [-6.54411458969, -6.76629638672, -7.4508433342, -7.54163455963, -7.20693922043, -9.67823410034],
        "var": [0.699170053005, 0.769967675209, 0.879574894905, 1.0166336298, 1.48489379883, 2.58034110069]
    }
},
"metadata": {
    "audio_properties": {
        "analysis_sample_rate": 44100,
        "bit_rate": 128074,
        "equal_loudness": 0,
        "length": 45.0612258911,
        "lossless": 0,
        "replay_gain": -5.32061004639,
        "sample_rate": 44100,
        "codec": "mp3",
        "downmix": "mix",
        "md5_encoded": "3a03c63e00c09a88c3ad974e5540b689"
    },
    "tags": {
        "file_name": "1057.mp3"
    },
    "version": {
        "essentia": "2.1-beta2",
        "essentia_git_sha": "v2.1_beta2",
        "extractor": "music 1.0"
    }
},
"rhythm": {
    "beats_count": 82,
    "beats_loudness": {
        "mean": 0.0540752932429,
        "var": 0.000704618636519
    },
    "bpm": 110.199180603,
    "bpm_histogram_first_peak_bpm": {
        "mean": 110,
        "var": 0
    },
    "bpm_histogram_first_peak_spread": {
        "mean": 0.636363625526,
        "var": 0
    },
    "bpm_histogram_first_peak_weight": {
        "mean": 0.345679014921,
        "var": 0
    },
    "bpm_histogram_second_peak_bpm": {
        "mean": 115,
        "var": 0
    },
    "bpm_histogram_second_peak_spread": {
        "mean": 0,
        "var": 0
    },
    "bpm_histogram_second_peak_weight": {
        "mean": 0.037037037313,
        "var": 0
    },
    "danceability": 1.37600708008,
    "onset_rate": 3.2163939476,
    "beats_loudness_band_ratio": {
        "mean": [0.648899674416, 0.172723636031, 0.0652404725552, 0.032716203481, 0.0478209219873, 0.0703719034791],
        "var": [0.0331810005009, 0.0126186227426, 0.00386162800714, 0.000749690574594, 0.00127190281637, 0.00470940442756]
    },
    "beats_position": [0.557278871536, 1.11455774307, 1.67183673382, 2.22911548615, 2.7863945961, 3.34367346764, 3.90095233917, 4.45823097229, 5.01551008224, 5.58439922333, 6.14167785645, 6.68734693527, 7.24462556839, 7.79029464722, 8.33596324921, 8.87002277374, 9.41569137573, 9.96135997772, 10.5070295334, 11.0526981354, 11.6099767685, 12.1672563553, 12.7129249573, 13.2585935593, 13.8158731461, 14.3731517792, 14.90721035, 15.4412698746, 15.9869384766, 16.5326080322, 17.0666656494, 17.600725174, 18.1580047607, 18.7152824402, 19.2493419647, 19.7834014893, 20.3174591064, 20.8747386932, 21.3971881866, 21.942855835, 22.5001354218, 23.0574150085, 23.5914726257, 24.1255321503, 24.6595916748, 25.1936511993, 25.7277088165, 26.2733783722, 26.8190479279, 27.3647155762, 27.9103851318, 28.4444446564, 29.0017223358, 29.5473918915, 30.0930614471, 30.6271190643, 31.1611785889, 31.6952381134, 32.2409057617, 32.7865753174, 33.332244873, 33.8779144287, 34.4119720459, 34.9460296631, 35.4916992188, 36.0373687744, 36.5714263916, 37.1054878235, 37.6395454407, 38.1619949341, 38.7076644897, 39.2417221069, 39.7989997864, 40.344669342, 40.8903388977, 41.4360084534, 41.9584579468, 42.492515564, 43.0265769958, 43.560634613, 44.1179122925, 44.6751937866]
},
"tonal": {
    "chords_changes_rate": 0.0720164626837,
    "chords_number_rate": 0.00925925932825,
    "chords_strength": {
        "mean": 0.494668126106,
        "var": 0.00592650705948
    },
    "hpcp_entropy": {
        "mean": 2.47794723511,
        "var": 0.727053105831
    },
    "key_strength": 0.637032389641,
    "tuning_diatonic_strength": 0.582358181477,
    "tuning_equal_tempered_deviation": 0.080337151885,
    "tuning_frequency": 434.193115234,
    "tuning_nontempered_energy_ratio": 0.769036412239,
    "hpcp": {
        "mean": [0.055859811604, 0.0504530109465, 0.0486469604075, 0.0514183863997, 0.0823087990284, 0.155139565468, 0.194248855114, 0.160737320781, 0.123614512384, 0.127061411738, 0.188553720713, 0.353089421988, 0.411231130362, 0.253809630871, 0.132746130228, 0.100819431245, 0.0844099447131, 0.0730414316058, 0.0628158375621, 0.0594629384577, 0.0819202437997, 0.114193148911, 0.109627977014, 0.117074094713, 0.132693529129, 0.0962339267135, 0.0859288424253, 0.107647821307, 0.0789496898651, 0.0429496429861, 0.0452421717346, 0.0597891882062, 0.135030940175, 0.182449236512, 0.117159195244, 0.0656183734536],
        "var": [0.0197995454073, 0.0190223194659, 0.0189483668655, 0.0182834491134, 0.0325952805579, 0.0775389224291, 0.096989095211, 0.068587295711, 0.0542287714779, 0.0552328452468, 0.0726324543357, 0.123643435538, 0.154283046722, 0.0856663733721, 0.0550847612321, 0.045863121748, 0.0387001149356, 0.0325669459999, 0.022163419053, 0.0211168322712, 0.036136329174, 0.0570349022746, 0.0465703457594, 0.0392600186169, 0.0647007077932, 0.0393819287419, 0.0370027385652, 0.0455587804317, 0.0262827742845, 0.0110970856622, 0.0187974050641, 0.0213319174945, 0.0411666110158, 0.060021366924, 0.0299295280129, 0.0192040745169]
    },
    "chords_histogram": [0.308641970158, 0, 0, 0, 0, 0, 0, 0, 0, 0.411522626877, 0.411522626877, 0, 1.74897122383, 0, 2.67489719391, 1.02880656719, 14.8148145676, 0.205761313438, 3.49794244766, 2.77777767181, 0, 4.83539104462, 4.11522626877, 63.1687240601],
    "thpcp": [1, 0.617194592953, 0.32280176878, 0.245164886117, 0.205261558294, 0.177616491914, 0.152750685811, 0.144597366452, 0.199207305908, 0.277686059475, 0.266584813595, 0.284691721201, 0.322673857212, 0.234014213085, 0.208955094218, 0.261769622564, 0.191983744502, 0.104441612959, 0.110016405582, 0.145390719175, 0.32835778594, 0.443665921688, 0.284898638725, 0.159565672278, 0.135835558176, 0.122687719762, 0.118295907974, 0.125035241246, 0.200152158737, 0.37725636363, 0.472359329462, 0.390868574381, 0.30059620738, 0.308978110552, 0.45851033926, 0.858615517616],
    "chords_key": "C#",
    "chords_scale": "major",
    "key_key": "F",
    "key_scale": "minor"
}
}