{
"lowlevel": {
    "average_loudness": 0.967492580414,
    "barkbands_crest": {
        "mean": 11.012011528,
        "var": 17.2411441803
    },
    "barkbands_flatness_db": {
        "mean": 0.109802633524,
        "var": 0.00153706071433
    },
    "barkbands_kurtosis": {
        "mean": 6.13387346268,
        "var": 59.9705200195
    },
    "barkbands_skewness": {
        "mean": 2.33004045486,
        "var": 1.34504544735
    },
    "barkbands_spread": {
        "mean": 30.6673469543,
        "var": 192.592315674
    },
    "dissonance": {
        "mean": 0.483248114586,
        "var": 0.000143029159517
    },
    "dynamic_complexity": 1.08620738983,
    "erbbands_crest": {
        "mean": 5.61746788025,
        "var": 6.18295669556
    },
    "erbbands_flatness_db": {
        "mean": 0.0882653445005,
        "var": 0.000465086486656
    },
    "erbbands_kurtosis": {
        "mean": -0.651326179504,
        "var": 0.439932435751
    },
    "erbbands_skewness": {
        "mean": -0.225431919098,
        "var": 0.222015470266
    },
    "erbbands_spread": {
        "mean": 68.0865783691,
        "var": 369.812408447
    },
    "hfc": {
        "mean": 37.3332939148,
        "var": 202.426452637
    },
    "melbands_crest": {
        "mean": 16.3891086578,
        "var": 25.7023048401
    },
    "melbands_flatness_db": {
        "mean": 0.195287644863,
        "var": 0.00251172413118
    },
    "melbands_kurtosis": {
        "mean": 35.5491638184,
        "var": 1127.28564453
    },
    "melbands_skewness": {
        "mean": 4.93254852295,
        "var": 4.67803812027
    },
    "melbands_spread": {
        "mean": 18.4304714203,
        "var": 162.024078369
    },
    "pitch_salience": {
        "mean": 0.540105640888,
        "var": 0.0124265123159
    },
    "silence_rate_20dB": {
        "mean": 1,
        "var": 0
    },
    "silence_rate_30dB": {
        "mean": 0.890319287777,
        "var": 0.0976501554251
    },
    "silence_rate_60dB": {
        "mean": 0.00154479919001,
        "var": 0.00154241069686
    },
    "spectral_centroid": {
        "mean": 1648.11535645,
        "var": 292688.8125
    },
    "spectral_complexity": {
        "mean": 31.06848526,
        "var": 73.0926818848
    },
    "spectral_decrease": {
        "mean": -1.54539652186e-008,
        "var": 9.31202942095e-017
    },
    "spectral_energy": {
        "mean": 0.0617131516337,
        "var": 0.00135142821819
    },
    "spectral_energyband_high": {
        "mean": 0.002418394899,
        "var": 1.25331985146e-006
    },
    "spectral_energyband_low": {
        "mean": 0.0403682217002,
        "var": 0.00125548767392
    },
    "spectral_energyband_middle_high": {
        "mean": 0.00496892305091,
        "var": 8.1635234892e-006
    },
    "spectral_energyband_middle_low": {
        "mean": 0.0170740671456,
        "var": 0.000185686541954
    },
    "spectral_entropy": {
        "mean": 8.02205944061,
        "var": 0.0296870283782
    },
    "spectral_flux": {
        "mean": 0.127184256911,
        "var": 0.00406810408458
    },
    "spectral_kurtosis": {
        "mean": 2.43375873566,
        "var": 0.676483333111
    },
    "spectral_rms": {
        "mean": 0.00745318876579,
        "var": 4.657871159e-006
    },
    "spectral_rolloff": {
        "mean": 1137.31298828,
        "var": 1642571.125
    },
    "spectral_skewness": {
        "mean": 1.24897360802,
        "var": 0.0536356493831
    },
    "spectral_spread": {
        "mean": 6219978.5,
        "var": 2.17579651072e+012
    },
    "spectral_strongpeak": {
        "mean": 0.587189495564,
        "var": 0.197017833591
    },
    "zerocrossingrate": {
        "mean": 0.0749841108918,
        "var": 0.000932365946937
    },
    "barkbands": {
        "mean": [0.00176459620707, 0.0251051299274, 0.0104727558792, 0.0063162362203, 0.00570940412581, 0.00222666724585, 0.000878066115547, 0.000863842607941, 0.000931400980335, 0.000485739612486, 0.000308698712615, 0.000396916992031, 0.000394856819184, 0.000340067519573, 0.000403743149946, 0.000675858289469, 0.000594351731706, 0.000511301041115, 0.000663754472043, 0.000458735361462, 0.000502439390402, 0.000392076442949, 0.000229575962294, 0.000360726699, 0.00036670814734, 0.000302212371025, 5.7278037275e-005],
        "var": [1.56768546731e-005, 0.000862400745973, 0.000120677192172, 4.40415024059e-005, 4.52196145488e-005, 8.41407290864e-006, 1.23397160223e-006, 4.83483427161e-006, 4.69439646622e-006, 7.82272365996e-007, 4.4327583737e-007, 4.79973778056e-007, 3.31738078785e-007, 1.52151216071e-007, 1.41841795198e-007, 2.88538416271e-007, 1.77455106609e-007, 1.52334067138e-007, 1.53768553446e-007, 7.37874330525e-008, 1.12847416744e-007, 5.27100176839e-008, 2.2140440592e-008, 5.31153112604e-008, 1.2061769894e-007, 1.05242776272e-007, 7.81489806201e-009]
    },
    "erbbands": {
        "mean": [0.715880095959, 5.59201717377, 11.5542469025, 18.7536563873, 23.0209884644, 14.1955070496, 18.9132080078, 18.5042705536, 13.1569623947, 15.3820753098, 20.0644378662, 20.6223087311, 17.1184749603, 12.9346036911, 14.2726240158, 16.5464801788, 18.1595420837, 17.401140213, 18.1300773621, 27.8496780396, 37.4572944641, 35.0460472107, 30.9382572174, 27.5231666565, 34.0230102539, 22.6357154846, 19.9787902832, 17.837064743, 15.9435815811, 9.34632110596, 6.51222801208, 6.56537103653, 6.45324420929, 4.6309967041, 2.2837369442, 1.15505170822, 0.569904983044, 0.171541169286, 0.00537544256076, 0.000184301141417],
        "var": [1.60189163685, 30.2286643982, 125.122261047, 250.002700806, 1121.84118652, 274.272216797, 488.955230713, 636.211486816, 228.903808594, 701.267456055, 2549.05834961, 2491.40673828, 822.131896973, 484.803833008, 842.062316895, 628.689025879, 665.583496094, 363.420623779, 345.98526001, 499.464355469, 866.81060791, 537.686401367, 477.134002686, 338.565093994, 379.118774414, 193.731994629, 225.20880127, 109.22366333, 103.171630859, 40.5256462097, 18.977558136, 18.5450839996, 21.1787796021, 17.5314922333, 5.5675740242, 1.40040433407, 0.409467965364, 0.050118252635, 6.33720774204e-005, 2.34803430033e-008]
    },
    "gfcc": {
        "mean": [76.0470275879, 55.6247558594, -83.1652145386, 55.8847389221, -42.6574325562, 18.010389328, -39.8369674683, 15.8753738403, -26.7812232971, 7.53095197678, -21.082775116, 3.31279325485, -13.4179210663],
        "cov": [[1755.45739746, -125.576622009, 107.7684021, -217.995956421, 86.9396514893, -41.4257164001, -52.0926055908, 53.8492927551, -37.1864471436, 7.54657745361, -45.9410591125, 43.4592819214, -59.7485923767], [-125.576622009, 455.886657715, -206.932785034, 121.756484985, -111.977058411, 14.5796413422, 76.1921691895, -32.2199058533, 10.6938924789, -60.2133369446, 14.8141269684, -66.3333435059, 23.8994503021], [107.7684021, -206.932785034, 399.507507324, -33.2233772278, 164.006744385, -23.3578987122, -48.9575653076, 30.3791866302, 5.63350582123, 43.9670944214, 0.302644342184, 45.3764801025, -17.1841087341], [-217.995956421, 121.756484985, -33.2233772278, 302.194335938, -19.3665790558, 21.7890205383, 3.57731389999, -48.811214447, 33.3249664307, -1.53182864189, 25.4201755524, -20.8471183777, 42.9519309998], [86.9396514893, -111.977058411, 164.006744385, -19.3665790558, 193.352859497, 3.88454294205, -9.08908081055, 13.0608386993, 15.6733694077, 31.8864345551, 15.121389389, 38.5863952637, -1.80770468712], [-41.4257164001, 14.5796413422, -23.3578987122, 21.7890205383, 3.88454294205, 95.2414321899, 58.0311470032, 2.27877354622, -16.2313194275, -10.0194664001, 7.87334537506, 0.795724213123, 6.69655656815], [-52.0926055908, 76.1921691895, -48.9575653076, 3.57731389999, -9.08908081055, 58.0311470032, 103.645599365, 19.9679698944, 1.43453979492, -15.6492080688, 8.9039068222, -5.50077772141, 2.4376707077], [53.8492927551, -32.2199058533, 30.3791866302, -48.811214447, 13.0608386993, 2.27877354622, 19.9679698944, 72.4966049194, 31.0984916687, 22.2896938324, -0.145995870233, 3.75081205368, -6.89454174042], [-37.1864471436, 10.6938924789, 5.63350582123, 33.3249664307, 15.6733694077, -16.2313194275, 1.43453979492, 31.0984916687, 80.7005310059, 36.0929298401, 11.1813879013, -5.65015363693, 0.303488403559], [7.54657745361, -60.2133369446, 43.9670944214, -1.53182864189, 31.8864345551, -10.0194664001, -15.6492080688, 22.2896938324, 36.0929298401, 61.4577140808, 24.1907806396, 18.198972702, 1.4045920372], [-45.9410591125, 14.8141269684, 0.302644342184, 25.4201755524, 15.121389389, 7.87334537506, 8.9039068222, -0.145995870233, 11.1813879013, 24.1907806396, 54.2428779602, 30.2998352051, 17.4361286163], [43.4592819214, -66.3333435059, 45.3764801025, -20.8471183777, 38.5863952637, 0.795724213123, -5.50077772141, 3.75081205368, -5.65015363693, 18.198972702, 30.2998352051, 62.8829498291, 20.7882633209], [-59.7485923767, 23.8994503021, -17.1841087341, 42.9519309998, -1.80770468712, 6.69655656815, 2.4376707077, -6.89454174042, 0.303488403559, 1.4045920372, 17.4361286163, 20.7882633209, 47.4999542236]],
        "icov": [[0.00071743800072, -0.000345096777892, 0.000114047667012, 0.000146458740346, -0.000331357907271, -4.18415838794e-005, 0.000546687224414, -0.000677044328768, 0.000504097901285, -0.000304547866108, 0.00108090543654, -0.00133434904274, 0.00104484451003], [-0.000345096777892, 0.00539856869727, 0.000742648553569, -0.000598101236392, 0.00072380999336, 0.00235426542349, -0.0035748751834, 0.00127315742429, -0.00160753587261, 0.00480688363314, -0.00600607553497, 0.00673712557182, -0.00315262679942], [0.000114047667012, 0.000742648553569, 0.00494687119499, -0.00118958903477, -0.00345588871278, 0.000922389270272, 0.00114928022958, -0.00263405498117, 0.00202269270085, -0.000883064873051, 0.00133990054019, -0.00184929056559, 0.00226293131709], [0.000146458740346, -0.000598101236392, -0.00118958903477, 0.00634855311364, 0.000568469404243, -0.00243489677086, 0.000871218275279, 0.00518711283803, -0.00466809282079, 0.000690189772286, -0.00246905256063, 0.00405985023826, -0.00547383306548], [-0.000331357907271, 0.00072380999336, -0.00345588871278, 0.000568469404243, 0.00926877744496, -0.00132735085208, -0.00131343456451, 0.00264662806876, -0.00318878283724, -0.000267052906565, -0.000938989396673, -0.00191171036568, -0.00034422808676], [-4.18415838794e-005, 0.00235426542349, 0.000922389270272, -0.00243489677086, -0.00132735085208, 0.0194947812706, -0.0120269535109, -0.000646857020911, 0.00621560169384, -0.0010754193645, -0.00196758680977, 0.00292121432722, -0.00154140742961], [0.000546687224414, -0.0035748751834, 0.00114928022958, 0.000871218275279, -0.00131343456451, -0.0120269535109, 0.0218819826841, -0.00771421473473, -0.00167156697717, 0.00530022801831, -0.0017407592386, -0.00335173471831, 0.00347704580054], [-0.000677044328768, 0.00127315742429, -0.00263405498117, 0.00518711283803, 0.00264662806876, -0.000646857020911, -0.00771421473473, 0.0268587041646, -0.0113724404946, -0.00442160340026, 0.00168151385151, 0.00233693490736, -0.00408588489518], [0.000504097901285, -0.00160753587261, 0.00202269270085, -0.00466809282079, -0.00318878283724, 0.00621560169384, -0.00167156697717, -0.0113724404946, 0.0271455291659, -0.0142854535952, 0.0020880959928, 0.00213959324174, 0.00237936503254], [-0.000304547866108, 0.00480688363314, -0.000883064873051, 0.000690189772286, -0.000267052906565, -0.0010754193645, 0.00530022801831, -0.00442160340026, -0.0142854535952, 0.0394458137453, -0.0191733296961, 0.00363977090456, -0.000147575206938], [0.00108090543654, -0.00600607553497, 0.00133990054019, -0.00246905256063, -0.000938989396673, -0.00196758680977, -0.0017407592386, 0.00168151385151, 0.0020880959928, -0.0191733296961, 0.0441203452647, -0.0250293333083, 0.00298612262122], [-0.00133434904274, 0.00673712557182, -0.00184929056559, 0.00405985023826, -0.00191171036568, 0.00292121432722, -0.00335173471831, 0.00233693490736, 0.00213959324174, 0.00363977090456, -0.0250293333083, 0.0451513230801, -0.0200757235289], [0.00104484451003, -0.00315262679942, 0.00226293131709, -0.00547383306548, -0.00034422808676, -0.00154140742961, 0.00347704580054, -0.00408588489518, 0.00237936503254, -0.000147575206938, 0.00298612262122, -0.0200757235289, 0.0368333831429]]
    },
    "melbands": {
        "mean": [0.00686155771837, 0.00680721737444, 0.00351329077967, 0.00128419650719, 0.000669331697281, 0.000413202709751, 0.000193911211682, 0.000177051668288, 0.000167778227478, 0.000125219929032, 8.44259484438e-005, 5.32017693331e-005, 4.51482592325e-005, 4.44684883405e-005, 4.30962027167e-005, 3.74659975932e-005, 3.18753045576e-005, 2.8173551982e-005, 3.24218635797e-005, 4.31547996413e-005, 4.25716716563e-005, 3.50553200406e-005, 3.43764404533e-005, 2.18073782889e-005, 2.17382857954e-005, 2.7068417694e-005, 2.07681750908e-005, 1.33331313918e-005, 1.14704853331e-005, 1.17775116451e-005, 9.92427158053e-006, 8.94263394002e-006, 7.22201366443e-006, 4.51917276223e-006, 3.66994368051e-006, 3.38194445249e-006, 4.37132848674e-006, 4.67181189379e-006, 4.05855234931e-006, 3.90104833059e-006],
        "var": [8.96967103472e-005, 3.20449616993e-005, 9.33267710934e-006, 2.89273430099e-006, 4.98140821037e-007, 2.93101493298e-007, 4.99565615542e-008, 1.15267923206e-007, 1.83950803034e-007, 8.49763779343e-008, 2.10107096166e-008, 8.46418846123e-009, 9.15096443066e-009, 7.07923986099e-009, 4.00584232452e-009, 3.05641134624e-009, 1.36412658946e-009, 1.08160125301e-009, 8.68116023511e-010, 1.22899579402e-009, 1.27153965135e-009, 6.67056521131e-010, 5.87536519436e-010, 3.04277075758e-010, 2.52797255351e-010, 2.89038737389e-010, 1.46694323355e-010, 9.20322915099e-011, 7.16358500297e-011, 8.57548754229e-011, 3.86245237183e-011, 3.21905072043e-011, 2.47363952238e-011, 1.15866387665e-011, 7.07603984088e-012, 5.37262422051e-012, 9.38443593668e-012, 1.0764595812e-011, 1.37264219088e-011, 1.34040200814e-011]
    },
    "mfcc": {
        "mean": [-575.763244629, 87.3430099487, 21.1573638916, 41.479675293, 22.6863899231, 9.59690189362, 6.73374843597, 4.18287849426, 6.06368780136, 1.08388102055, 1.11334204674, 0.320217311382, -0.390687197447],
        "cov": [[957.140441895, 110.00553894, -71.0469055176, -84.7568435669, -18.0068759918, -53.2149085999, -12.0182523727, 20.0238418579, -8.90365982056, -0.385552406311, -2.33691096306, -20.8999481201, -24.5206279755], [110.00553894, 254.529663086, -37.6076812744, -24.4466762543, -46.6739196777, -22.9959220886, 22.4792900085, 23.3897285461, 5.03578042984, -1.30880463123, 17.9433574677, -8.87332057953, -17.0236606598], [-71.0469055176, -37.6076812744, 176.554031372, 55.4009437561, 57.9168777466, 6.24532318115, 0.441381812096, -8.60327148438, 4.25602245331, 0.00369988242164, -3.71846222878, 4.17123365402, 16.0944671631], [-84.7568435669, -24.4466762543, 55.4009437561, 185.001266479, 60.5020751953, 41.6388969421, -30.2919998169, -17.9467945099, 0.774808585644, 8.294008255, -5.49106645584, 8.62519359589, 11.0079984665], [-18.0068759918, -46.6739196777, 57.9168777466, 60.5020751953, 168.448623657, 14.348944664, -11.2045097351, -25.1121368408, -0.42750737071, 12.0436630249, 5.71388196945, -2.31350541115, 22.2581939697], [-53.2149085999, -22.9959220886, 6.24532318115, 41.6388969421, 14.348944664, 99.8118515015, 38.9772911072, 16.6934680939, -3.88450598717, -7.04667472839, -9.82807350159, 5.66272354126, -3.0313744545], [-12.0182523727, 22.4792900085, 0.441381812096, -30.2919998169, -11.2045097351, 38.9772911072, 91.2041091919, 38.3921775818, 1.86447131634, -14.6820421219, -4.21563625336, 1.95402920246, -1.01448178291], [20.0238418579, 23.3897285461, -8.60327148438, -17.9467945099, -25.1121368408, 16.6934680939, 38.3921775818, 61.9248046875, 15.8146371841, 1.99125957489, 4.94365215302, 1.74645149708, -7.03557395935], [-8.90365982056, 5.03578042984, 4.25602245331, 0.774808585644, -0.42750737071, -3.88450598717, 1.86447131634, 15.8146371841, 49.5160636902, 27.2689247131, 15.4953641891, 3.48629689217, -0.790105938911], [-0.385552406311, -1.30880463123, 0.00369988242164, 8.294008255, 12.0436630249, -7.04667472839, -14.6820421219, 1.99125957489, 27.2689247131, 55.1774864197, 27.8440551758, 9.79679679871, -0.542459607124], [-2.33691096306, 17.9433574677, -3.71846222878, -5.49106645584, 5.71388196945, -9.82807350159, -4.21563625336, 4.94365215302, 15.4953641891, 27.8440551758, 51.5566520691, 19.8939399719, 5.21843004227], [-20.8999481201, -8.87332057953, 4.17123365402, 8.62519359589, -2.31350541115, 5.66272354126, 1.95402920246, 1.74645149708, 3.48629689217, 9.79679679871, 19.8939399719, 49.1310768127, 22.8187046051], [-24.5206279755, -17.0236606598, 16.0944671631, 11.0079984665, 22.2581939697, -3.0313744545, -1.01448178291, -7.03557395935, -0.790105938911, -0.542459607124, 5.21843004227, 22.8187046051, 47.3015518188]],
        "icov": [[0.00121170899365, -0.000485407508677, 0.000294183118967, 0.00048473951756, -0.000435904948972, 0.000364994222764, 0.000520019384567, -0.000728646584321, 0.000450802006526, -0.000232421793044, 0.000521504494827, -0.000109161308501, 0.000371812348021], [-0.000485407508677, 0.00503075821325, 0.000622967258096, -0.00115879252553, 0.00113811390474, 0.00181608344428, -0.00214697094634, -0.000465152290417, 7.04355188645e-005, 0.000896975223441, -0.00290348147973, 0.00146132090595, 0.000709060579538], [0.000294183118967, 0.000622967258096, 0.0071484297514, -0.0018921578303, -0.00179192784708, 0.00154126482084, -0.00150453532115, 3.07849841192e-005, -0.00102088553831, 0.000759212416597, 0.000528238771949, -0.000227723678108, -0.00065769610228], [0.00048473951756, -0.00115879252553, -0.0018921578303, 0.00893735140562, -0.00206393701956, -0.00517107127234, 0.00539672002196, -0.000182350806426, -0.00053604261484, -0.000652720045764, 0.00213163183071, -0.0016666050069, -0.000321035447996], [-0.000435904948972, 0.00113811390474, -0.00179192784708, -0.00206393701956, 0.00891396962106, -0.00104125472717, -0.00139489991125, 0.00311774457805, 0.000614499382209, -0.00197782739997, -0.0027942371089, 0.00457492796704, -0.00446494668722], [0.000364994222764, 0.00181608344428, 0.00154126482084, -0.00517107127234, -0.00104125472717, 0.0171098485589, -0.00868825800717, -0.00186487822793, 0.00194316508714, -0.000540086533874, 0.0023121596314, -0.0031412190292, 0.003931093961], [0.000520019384567, -0.00214697094634, -0.00150453532115, 0.00539672002196, -0.00139489991125, -0.00868825800717, 0.0219176523387, -0.0100102694705, -0.000725921418052, 0.0046740048565, 0.000713843270205, -0.000918176723644, -0.00176071329042], [-0.000728646584321, -0.000465152290417, 3.07849841192e-005, -0.000182350806426, 0.00311774457805, -0.00186487822793, -0.0100102694705, 0.0268840752542, -0.00800697505474, 0.000443228491349, -0.0019483162323, -0.000146863880218, 0.00184137758333], [0.000450802006526, 7.04355188645e-005, -0.00102088553831, -0.00053604261484, 0.000614499382209, 0.00194316508714, -0.000725921418052, -0.00800697505474, 0.0316558331251, -0.015159746632, -0.00124008697458, 0.00238589756191, -0.00129925494548], [-0.000232421793044, 0.000896975223441, 0.000759212416597, -0.000652720045764, -0.00197782739997, -0.000540086533874, 0.0046740048565, 0.000443228491349, -0.015159746632, 0.0345890149474, -0.0135229034349, -0.00227132649161, 0.00388919189572], [0.000521504494827, -0.00290348147973, 0.000528238771949, 0.00213163183071, -0.0027942371089, 0.0023121596314, 0.000713843270205, -0.0019483162323, -0.00124008697458, -0.0135229034349, 0.0342214517295, -0.013137999922, 0.00212483108044], [-0.000109161308501, 0.00146132090595, -0.000227723678108, -0.0016666050069, 0.00457492796704, -0.0031412190292, -0.000918176723644, -0.000146863880218, 0.00238589756191, -0.00227132649161, -0.013137999922, 0.0349310599267, -0.0168487913907], [0.000371812348021, 0.000709060579538, -0.00065769610228, -0.000321035447996, -0.00446494668722, 0.003931093961, -0.00176071329042, 0.00184137758333, -0.00129925494548, 0.00388919189572, 0.00212483108044, -0.0168487913907, 0.0323929488659]]
    },
    "spectral_contrast_coeffs": {
        "mean": [-0.646277546883, -0.738634467125, -0.804390132427, -0.803349018097, -0.794856190681, -0.756321787834],
        "var": [0.00523128453642, 0.00456640357152, 0.00225511472672, 0.00122633657884, 0.00051560101565, 0.000829463417176]
    },
    "spectral_contrast_valleys": {
        "mean": [-6.23056221008, -6.54997014999, -7.1283454895, -7.07145214081, -6.63653326035, -8.95920658112],
        "var": [0.508355259895, 0.491438269615, 0.49354866147, 0.360847681761, 0.334100097418, 0.333161562681]
    }
},
"metadata": {
    "audio_properties": {
        "analysis_sample_rate": 44100,
        "bit_rate": 128074,
        "equal_loudness": 0,
        "length": 45.0612258911,
        "lossless": 0,
        "replay_gain": -4.87460327148,
        "sample_rate": 44100,
        "codec": "mp3",
        "downmix": "mix",
        "md5_encoded": "40c36386e00b3338909984e19da84beb"
    },
    "tags": {
        "file_name": "1058.mp3"
    },
    "version": {
        "essentia": "2.1-beta2",
        "essentia_git_sha": "v2.1_beta2",
        "extractor": "music 1.0"
    }
},
"rhythm": {
    "beats_count": 105,
    "beats_loudness": {
        "mean": 0.0711271613836,
        "var": 0.000852943339851
    },
    "bpm": 142.393981934,
    "bpm_histogram_first_peak_bpm": {
        "mean": 144,
        "var": 0
    },
    "bpm_histogram_first_peak_spread": {
        "mean": 0.541176497936,
        "var": 0
    },
    "bpm_histogram_first_peak_weight": {
        "mean": 0.375,
        "var": 0
    },
    "bpm_histogram_second_peak_bpm": {
        "mean": 136,
        "var": 0
    },
    "bpm_histogram_second_peak_spread": {
        "mean": 0.176470607519,
        "var": 0
    },
    "bpm_histogram_second_peak_weight": {
        "mean": 0.134615391493,
        "var": 0
    },
    "danceability": 1.46127867699,
    "onset_rate": 2.92802762985,
    "beats_loudness_band_ratio": {
        "mean": [0.734376966953, 0.110407546163, 0.0562478005886, 0.0315158963203, 0.0476982630789, 0.0665205717087],
        "var": [0.0204658061266, 0.0063970470801, 0.00475298287347, 0.00112272542901, 0.00085675646551, 0.00138334173243]
    },
    "beats_position": [0.441179126501, 0.893968224525, 1.34675729275, 1.764716506, 2.18267560005, 2.61224484444, 3.04181408882, 3.47138309479, 3.90095233917, 4.31891155243, 4.73687076569, 5.16644001007, 5.59600877762, 6.01396799088, 6.43192720413, 6.83827638626, 7.25623559952, 7.6858048439, 8.10376358032, 8.52172279358, 8.93968200684, 9.35764122009, 9.77560043335, 10.1819496155, 10.5999088287, 11.0062580109, 11.4242172241, 11.8305664063, 12.2485256195, 12.6664848328, 13.0728340149, 13.4907932281, 13.9087524414, 14.3267116547, 14.7446708679, 15.15102005, 15.5573692322, 15.9753284454, 16.3932876587, 16.8112468719, 17.2292060852, 17.6471652985, 18.0651245117, 18.483083725, 18.9010429382, 19.3073921204, 19.7137413025, 20.1084804535, 20.5032196045, 20.9211788177, 21.339138031, 21.7570972443, 22.1982765198, 22.6394557953, 23.0806350708, 23.4985942841, 23.9397735596, 24.3809528351, 24.8221302032, 25.2633094788, 25.6928787231, 26.1224479675, 26.5404071808, 26.9699764252, 27.3995456696, 27.8175048828, 28.2238540649, 28.6766433716, 29.1178226471, 29.5473918915, 29.9769611359, 30.4065303802, 30.8477096558, 31.2772789001, 31.7184581757, 32.1596374512, 32.6008148193, 33.0303840637, 33.4599533081, 33.8895225525, 34.3190917969, 34.7370529175, 35.1550102234, 35.5845794678, 36.0141487122, 36.4437179565, 36.8732872009, 37.2912483215, 37.7208137512, 38.1619949341, 38.5915641785, 39.0211334229, 39.4507026672, 39.8802719116, 40.2982292175, 40.7277984619, 41.1573677063, 41.5869369507, 42.0048980713, 42.4344673157, 42.8640365601, 43.2936058044, 43.7231750488, 44.1527442932, 44.5939216614]
},
"tonal": {
    "chords_changes_rate": 0.0884773656726,
    "chords_number_rate": 0.00823045242578,
    "chords_strength": {
        "mean": 0.437321066856,
        "var": 0.00414179172367
    },
    "hpcp_entropy": {
        "mean": 2.73448371887,
        "var": 0.849300205708
    },
    "key_strength": 0.706459283829,
    "tuning_diatonic_strength": 0.614255905151,
    "tuning_equal_tempered_deviation": 0.0874532014132,
    "tuning_frequency": 434.193115234,
    "tuning_nontempered_energy_ratio": 0.814193427563,
    "hpcp": {
        "mean": [0.0611785128713, 0.0469813235104, 0.0399887226522, 0.0450066812336, 0.0594473481178, 0.0980961546302, 0.147618308663, 0.164805725217, 0.143177077174, 0.126619145274, 0.158109992743, 0.248019710183, 0.321312487125, 0.259546667337, 0.141405016184, 0.0843397006392, 0.0645729154348, 0.0614017918706, 0.0631803795695, 0.0684952065349, 0.0833521038294, 0.0951693877578, 0.0846995711327, 0.10052473098, 0.121919430792, 0.0858619138598, 0.134429007769, 0.230917960405, 0.176259949803, 0.084000594914, 0.0749987438321, 0.0706774294376, 0.0717213153839, 0.0866107791662, 0.0721538290381, 0.0624493807554],
        "var": [0.0268756635487, 0.0153341153637, 0.013119447045, 0.0152865406126, 0.0228610001504, 0.038152679801, 0.0725380256772, 0.0860556960106, 0.067728869617, 0.0550817474723, 0.071167498827, 0.107514992356, 0.142582580447, 0.108075626194, 0.052619908005, 0.0332456082106, 0.0223873499781, 0.0239244550467, 0.0227195415646, 0.0250323805958, 0.0357840321958, 0.0449465177953, 0.042348369956, 0.0343110226095, 0.0598703287542, 0.0229810122401, 0.0528868809342, 0.118684098125, 0.0772861540318, 0.0293173324317, 0.0372810922563, 0.0306349880993, 0.0161476135254, 0.0231567602605, 0.0211890004575, 0.0255644377321]
    },
    "chords_histogram": [16.7695465088, 0.308641970158, 19.5473251343, 0, 0, 0.411522626877, 0, 20.0617275238, 0.823045253754, 27.1604938507, 0, 1.74897122383, 2.36625504494, 0, 0, 0, 0, 2.26337456703, 0, 0.102880656719, 0, 0, 8.23045253754, 0.205761313438],
    "thpcp": [1, 0.807770252228, 0.44008564949, 0.262484967709, 0.200966089964, 0.191096812487, 0.196632191539, 0.213173180819, 0.259411334991, 0.296189516783, 0.263604968786, 0.312856584787, 0.379441916943, 0.267222464085, 0.418374687433, 0.718670964241, 0.548562407494, 0.261429607868, 0.233413726091, 0.219964772463, 0.223213598132, 0.269553095102, 0.224559679627, 0.194357156754, 0.190401911736, 0.146216928959, 0.124454304576, 0.140071377158, 0.185014128685, 0.305298298597, 0.459422886372, 0.512914180756, 0.44560071826, 0.394068539143, 0.49207547307, 0.771895647049],
    "chords_key": "C#",
    "chords_scale": "major",
    "key_key": "F#",
    "key_scale": "minor"
}
}