{
"lowlevel": {
    "average_loudness": 0.982855796814,
    "barkbands_crest": {
        "mean": 12.0888128281,
        "var": 13.4669981003
    },
    "barkbands_flatness_db": {
        "mean": 0.121359460056,
        "var": 0.00136854080483
    },
    "barkbands_kurtosis": {
        "mean": 6.04839658737,
        "var": 58.9851951599
    },
    "barkbands_skewness": {
        "mean": 2.3755030632,
        "var": 1.21428489685
    },
    "barkbands_spread": {
        "mean": 32.034362793,
        "var": 209.203323364
    },
    "dissonance": {
        "mean": 0.484034121037,
        "var": 0.00017451911117
    },
    "dynamic_complexity": 1.09573543072,
    "erbbands_crest": {
        "mean": 6.51089763641,
        "var": 10.1386365891
    },
    "erbbands_flatness_db": {
        "mean": 0.092605099082,
        "var": 0.000428271770943
    },
    "erbbands_kurtosis": {
        "mean": -0.253112018108,
        "var": 1.52758193016
    },
    "erbbands_skewness": {
        "mean": -0.432689368725,
        "var": 0.405085891485
    },
    "erbbands_spread": {
        "mean": 66.2144012451,
        "var": 405.30947876
    },
    "hfc": {
        "mean": 38.7725982666,
        "var": 182.236740112
    },
    "melbands_crest": {
        "mean": 17.1523036957,
        "var": 18.4671516418
    },
    "melbands_flatness_db": {
        "mean": 0.209970146418,
        "var": 0.00217872764915
    },
    "melbands_kurtosis": {
        "mean": 37.9764060974,
        "var": 1106.58544922
    },
    "melbands_skewness": {
        "mean": 5.22536802292,
        "var": 4.6233997345
    },
    "melbands_spread": {
        "mean": 17.8645839691,
        "var": 141.477661133
    },
    "pitch_salience": {
        "mean": 0.509794592857,
        "var": 0.00893707759678
    },
    "silence_rate_20dB": {
        "mean": 1,
        "var": 0
    },
    "silence_rate_30dB": {
        "mean": 0.917095780373,
        "var": 0.0760307610035
    },
    "silence_rate_60dB": {
        "mean": 0.00154479919001,
        "var": 0.00154241069686
    },
    "spectral_centroid": {
        "mean": 1869.25268555,
        "var": 298149.34375
    },
    "spectral_complexity": {
        "mean": 29.7054576874,
        "var": 92.6413497925
    },
    "spectral_decrease": {
        "mean": -1.55666235457e-008,
        "var": 6.90743986481e-017
    },
    "spectral_energy": {
        "mean": 0.0622688755393,
        "var": 0.000998688512482
    },
    "spectral_energyband_high": {
        "mean": 0.0026769398246,
        "var": 1.96929840968e-006
    },
    "spectral_energyband_low": {
        "mean": 0.0441806390882,
        "var": 0.000887894595508
    },
    "spectral_energyband_middle_high": {
        "mean": 0.00476411683485,
        "var": 7.56760437071e-006
    },
    "spectral_energyband_middle_low": {
        "mean": 0.0126882698387,
        "var": 0.000104228376586
    },
    "spectral_entropy": {
        "mean": 8.0368938446,
        "var": 0.0248447526246
    },
    "spectral_flux": {
        "mean": 0.118259519339,
        "var": 0.00286496873014
    },
    "spectral_kurtosis": {
        "mean": 2.51323866844,
        "var": 0.835237503052
    },
    "spectral_rms": {
        "mean": 0.00757093168795,
        "var": 3.43102556144e-006
    },
    "spectral_rolloff": {
        "mean": 1114.16064453,
        "var": 1697774.625
    },
    "spectral_skewness": {
        "mean": 1.20136725903,
        "var": 0.0635462254286
    },
    "spectral_spread": {
        "mean": 6187411,
        "var": 2.4648047657e+012
    },
    "spectral_strongpeak": {
        "mean": 0.531803309917,
        "var": 0.225405082107
    },
    "zerocrossingrate": {
        "mean": 0.0741833001375,
        "var": 0.000773867708631
    },
    "barkbands": {
        "mean": [0.0021713601891, 0.0257888808846, 0.014270754531, 0.00447792932391, 0.00333254877478, 0.00185701844748, 0.000515596999321, 0.000827392097563, 0.00153552321717, 0.00038308268995, 0.000319890939863, 0.000324749387801, 0.00031203837716, 0.000255216757068, 0.000329915608745, 0.000500608643051, 0.000589863513596, 0.000586045440286, 0.000865654903464, 0.000626232940704, 0.000621676968876, 0.000406745239161, 0.000262586137978, 0.000374249066226, 0.000367501575965, 0.000315265846439, 5.05848111061e-005],
        "var": [3.39448160958e-005, 0.000553344842046, 0.000147809652844, 2.18367476919e-005, 1.77713536686e-005, 9.09879872779e-006, 1.10967084765e-006, 5.04282843394e-006, 1.03937300082e-005, 6.17199816588e-007, 5.31248531388e-007, 4.09538216672e-007, 3.62527828202e-007, 1.36257398253e-007, 1.38599929755e-007, 1.20186342656e-007, 1.29020662598e-007, 2.13509579794e-007, 1.97049473627e-007, 2.29214364822e-007, 3.12851170747e-007, 7.83950895311e-008, 3.83334821663e-008, 7.62809193589e-008, 7.54171196604e-008, 8.28992199331e-008, 4.07946965097e-009]
    },
    "erbbands": {
        "mean": [0.850093960762, 5.52045249939, 13.6526145935, 18.3063373566, 14.7494487762, 8.7489824295, 11.7139825821, 17.2303085327, 7.26172637939, 10.6174287796, 22.6265926361, 39.8367729187, 17.7166347504, 10.8273115158, 14.7798814774, 13.037322998, 14.3919487, 13.2840909958, 17.3205451965, 19.4308261871, 28.7651538849, 34.7307243347, 33.9382553101, 33.661277771, 46.3874893188, 30.8394508362, 24.0554275513, 23.2269096375, 15.8075046539, 10.1432199478, 7.56833600998, 7.31108140945, 6.46210050583, 4.68514966965, 2.18262672424, 1.19286441803, 0.599216401577, 0.165839463472, 0.0047627161257, 0.000178732501809],
        "var": [1.02203464508, 21.4139633179, 102.716247559, 190.787506104, 426.991943359, 92.9192886353, 250.164825439, 1081.44848633, 134.884338379, 438.05166626, 3389.26489258, 7696.43505859, 946.623535156, 539.958496094, 1043.05004883, 591.18939209, 808.66003418, 358.489868164, 516.104309082, 248.451583862, 314.804595947, 416.801513672, 554.360290527, 502.356109619, 532.432617188, 763.086608887, 624.491760254, 288.737121582, 118.807022095, 63.0388870239, 32.8302574158, 32.3422088623, 23.8107357025, 11.6931867599, 3.06725168228, 1.10594952106, 0.320047855377, 0.0315271653235, 3.29792746925e-005, 1.34586146672e-008]
    },
    "gfcc": {
        "mean": [71.7994995117, 46.0875511169, -77.2738265991, 64.3086547852, -36.5240020752, 18.6684989929, -34.1933059692, 21.8125305176, -26.1238861084, 7.29474878311, -22.5305252075, 2.6106877327, -14.7887077332],
        "cov": [[1723.72241211, 91.7149887085, -84.5695877075, -280.091827393, -112.31337738, -4.26321792603, 49.999206543, 58.8622550964, -24.7648792267, -0.625949442387, -28.0955142975, 17.7421264648, -63.4223098755], [91.7149887085, 423.641601563, -205.132415771, -27.2952060699, -89.9562072754, -51.3843688965, 47.3836174011, -14.8951501846, 20.7845211029, -23.1099376678, 27.5264015198, -21.9827022552, 21.9633560181], [-84.5695877075, -205.132415771, 405.267425537, 4.14273023605, 135.445480347, -25.842130661, -65.8039703369, 18.6879005432, 1.03327918053, 31.5202865601, -5.14782524109, 40.4122543335, -25.8028869629], [-280.091827393, -27.2952060699, 4.14273023605, 474.501556396, 20.1211414337, -3.83874201775, -109.686851501, -89.105430603, 18.897064209, 22.4921283722, 45.0884590149, -16.8894367218, 74.2230682373], [-112.31337738, -89.9562072754, 135.445480347, 20.1211414337, 160.175201416, 23.118730545, -11.7586154938, 4.6426410675, -14.4015769958, 9.55964279175, -6.18102884293, 19.0780792236, 2.15191888809], [-4.26321792603, -51.3843688965, -25.842130661, -3.83874201775, 23.118730545, 120.935134888, 55.4299850464, 6.74569272995, -36.0131149292, -26.1464691162, -7.66102457047, -6.49371433258, 1.39048612118], [49.999206543, 47.3836174011, -65.8039703369, -109.686851501, -11.7586154938, 55.4299850464, 122.379562378, 48.9826507568, -12.4661073685, -31.6139087677, -17.7944355011, -6.60392141342, -12.8322248459], [58.8622550964, -14.8951501846, 18.6879005432, -89.105430603, 4.6426410675, 6.74569272995, 48.9826507568, 88.7148513794, 26.5961074829, -3.1599111557, -27.9045066833, -15.918803215, -19.5464630127], [-24.7648792267, 20.7845211029, 1.03327918053, 18.897064209, -14.4015769958, -36.0131149292, -12.4661073685, 26.5961074829, 71.2993164063, 28.7520046234, -0.619268238544, -18.9075737, -3.7058596611], [-0.625949442387, -23.1099376678, 31.5202865601, 22.4921283722, 9.55964279175, -26.1464691162, -31.6139087677, -3.1599111557, 28.7520046234, 55.1229400635, 27.5693492889, 10.1618204117, -0.133637085557], [-28.0955142975, 27.5264015198, -5.14782524109, 45.0884590149, -6.18102884293, -7.66102457047, -17.7944355011, -27.9045066833, -0.619268238544, 27.5693492889, 66.3533935547, 37.1696014404, 20.0608158112], [17.7421264648, -21.9827022552, 40.4122543335, -16.8894367218, 19.0780792236, -6.49371433258, -6.60392141342, -15.918803215, -18.9075737, 10.1618204117, 37.1696014404, 63.1734085083, 18.0783119202], [-63.4223098755, 21.9633560181, -25.8028869629, 74.2230682373, 2.15191888809, 1.39048612118, -12.8322248459, -19.5464630127, -3.7058596611, -0.133637085557, 20.0608158112, 18.0783119202, 52.7712211609]],
        "icov": [[0.000747840560507, -0.000388210173696, 0.000121193923405, 0.000106162740849, 0.000637753109913, -0.000461627962068, 0.000558643660042, -0.000713830580935, 0.000731068255845, -0.00104577525053, 0.00118432368618, -0.00131668406539, 0.000877434387803], [-0.000388210173696, 0.00512665929273, 0.00122153793927, 0.000966805324424, -0.000840541848447, 0.00432940432802, -0.00321173225529, 0.00238634971902, -0.00199154601432, 0.00484707020223, -0.00663473829627, 0.00569080514833, -0.00289465696551], [0.000121193923405, 0.00122153793927, 0.00541090406477, -0.000466328958282, -0.00323176151142, 0.00112558156252, 0.00251236883923, -0.00240934360772, -6.76925119478e-005, 0.000462613446871, 0.000670985667966, -0.00404999963939, 0.00388827011921], [0.000106162740849, 0.000966805324424, -0.000466328958282, 0.00505224755034, -0.000723179953638, -0.000610153074376, 0.00207148166373, 0.0032601794228, -0.00234535662457, 0.00217716884799, -0.00479267025366, 0.00678068213165, -0.00651216413826], [0.000637753109913, -0.000840541848447, -0.00323176151142, -0.000723179953638, 0.0107933664694, -0.00323896319605, 8.37137195049e-005, -0.00106925051659, 0.00270963669755, -0.00515214679763, 0.00566756539047, -0.00391268869862, -0.00081407930702], [-0.000461627962068, 0.00432940432802, 0.00112558156252, -0.000610153074376, -0.00323896319605, 0.0178470034152, -0.00968092214316, 0.00148326484486, 0.00528679275885, 0.00439067417756, -0.00774889765307, 0.00919647235423, -0.00291342334822], [0.000558643660042, -0.00321173225529, 0.00251236883923, 0.00207148166373, 8.37137195049e-005, -0.00968092214316, 0.0226260963827, -0.0110690612346, 0.000613499549218, 0.00435524107888, 0.00110038067214, -0.00598478410393, 0.00366268889047], [-0.000713830580935, 0.00238634971902, -0.00240934360772, 0.0032601794228, -0.00106925051659, 0.00148326484486, -0.0110690612346, 0.0264742337167, -0.0124469483271, 0.00163289671764, 0.00187793897931, 0.00547173572704, -0.0039540361613], [0.000731068255845, -0.00199154601432, -6.76925119478e-005, -0.00234535662457, 0.00270963669755, 0.00528679275885, 0.000613499549218, -0.0124469483271, 0.0320953540504, -0.0174552034587, 0.00286526000127, 0.0061011724174, -0.000707460218109], [-0.00104577525053, 0.00484707020223, 0.000462613446871, 0.00217716884799, -0.00515214679763, 0.00439067417756, 0.00435524107888, 0.00163289671764, -0.0174552034587, 0.0450955331326, -0.0254409015179, 0.00712551176548, 0.00176671578083], [0.00118432368618, -0.00663473829627, 0.000670985667966, -0.00479267025366, 0.00566756539047, -0.00774889765307, 0.00110038067214, 0.00187793897931, 0.00286526000127, -0.0254409015179, 0.0493190847337, -0.0316001735628, 0.00440381793305], [-0.00131668406539, 0.00569080514833, -0.00404999963939, 0.00678068213165, -0.00391268869862, 0.00919647235423, -0.00598478410393, 0.00547173572704, 0.0061011724174, 0.00712551176548, -0.0316001735628, 0.0503978803754, -0.0197856854647], [0.000877434387803, -0.00289465696551, 0.00388827011921, -0.00651216413826, -0.00081407930702, -0.00291342334822, 0.00366268889047, -0.0039540361613, -0.000707460218109, 0.00176671578083, 0.00440381793305, -0.0197856854647, 0.0368644967675]]
    },
    "melbands": {
        "mean": [0.00762297259644, 0.00738362455741, 0.00323927914724, 0.0007931785658, 0.000408774416428, 0.00036297790939, 0.000111573164759, 0.000125336096971, 0.00019126351981, 0.000249584700214, 8.13487713458e-005, 4.23989404226e-005, 4.76464119856e-005, 3.90252462239e-005, 2.89204726869e-005, 3.2402407669e-005, 2.32854381466e-005, 2.7449836125e-005, 2.41892212216e-005, 3.06408583128e-005, 3.34906690114e-005, 3.50920854544e-005, 3.47157547367e-005, 2.6401170544e-005, 2.623722321e-005, 3.63387043762e-005, 2.86928734567e-005, 1.82325857168e-005, 1.37116821861e-005, 1.47202017615e-005, 1.30002645164e-005, 9.15545297175e-006, 7.13131203156e-006, 4.99540828969e-006, 4.35685069533e-006, 3.82344433092e-006, 4.80682911075e-006, 4.65674838779e-006, 4.27843542639e-006, 3.81877180189e-006],
        "var": [5.63173416595e-005, 2.2243722924e-005, 5.85404086451e-006, 1.03265631424e-006, 2.59326469632e-007, 4.36640931412e-007, 3.6722834551e-008, 6.85086263275e-008, 2.34848272385e-007, 3.21041909501e-007, 2.19260556378e-008, 9.5724752569e-009, 1.18071596944e-008, 6.21071549745e-009, 2.69520872287e-009, 4.0084975339e-009, 1.21968168898e-009, 1.54311941003e-009, 6.23670670663e-010, 6.19701678861e-010, 4.97563323876e-010, 5.55594625862e-010, 4.80611717091e-010, 5.4920168413e-010, 3.57491702907e-010, 3.79581449605e-010, 2.61148214165e-010, 4.10633638204e-010, 1.7428818111e-010, 2.33732422306e-010, 8.6707127589e-011, 3.74245287538e-011, 4.07382530487e-011, 1.67771439102e-011, 1.19230883847e-011, 9.64068928855e-012, 1.55314372474e-011, 1.45580058425e-011, 1.06948651324e-011, 8.41230210491e-012]
    },
    "mfcc": {
        "mean": [-582.463134766, 77.243522644, 23.2068099976, 50.6071548462, 25.6639976501, 9.52786636353, 11.3734292984, 8.90433979034, 9.51651477814, 4.5838804245, 2.76286196709, 0.475410073996, -1.10850834846],
        "cov": [[1102.81201172, 203.411636353, -116.773681641, -163.141571045, -202.986480713, -61.1784706116, -4.61670446396, 26.0335636139, -17.9444160461, 9.82527828217, 23.1215991974, -0.640133440495, -36.0560264587], [203.411636353, 408.611877441, -97.2825622559, -131.258102417, -113.807121277, -83.578704834, 14.0399618149, 32.3752861023, 6.06027650833, -3.8412771225, 32.4282836914, -11.0843029022, -7.07545042038], [-116.773681641, -97.2825622559, 202.034500122, 80.7330856323, 89.8049850464, 2.60838675499, -23.6680183411, -24.674905777, -10.7621269226, -9.02384185791, -9.18297672272, 19.454126358, 34.0341186523], [-163.141571045, -131.258102417, 80.7330856323, 283.055633545, 120.016036987, 44.2679748535, -66.1069030762, -70.469039917, -17.5995159149, -6.36649942398, -29.8499088287, 14.2664089203, 32.020198822], [-202.986480713, -113.807121277, 89.8049850464, 120.016036987, 186.876266479, 41.0927085876, -13.416308403, -40.9177398682, -5.47114801407, 0.176691189408, -10.3910160065, -11.9300489426, 13.4750261307], [-61.1784706116, -83.578704834, 2.60838675499, 44.2679748535, 41.0927085876, 101.680618286, 36.2473716736, -2.1089990139, -16.1776542664, -17.9157352448, -22.0180587769, 0.224632039666, -3.30068635941], [-4.61670446396, 14.0399618149, -23.6680183411, -66.1069030762, -13.416308403, 36.2473716736, 110.464370728, 58.318572998, 13.581114769, -18.5709838867, -4.98292016983, -6.31826400757, -8.98877716064], [26.0335636139, 32.3752861023, -24.674905777, -70.469039917, -40.9177398682, -2.1089990139, 58.318572998, 82.9769363403, 33.7883491516, 4.42663145065, 3.76380419731, -8.47519397736, -16.2563400269], [-17.9444160461, 6.06027650833, -10.7621269226, -17.5995159149, -5.47114801407, -16.1776542664, 13.581114769, 33.7883491516, 64.6415252686, 37.5404052734, 13.6133165359, -9.79160690308, -16.8586101532], [9.82527828217, -3.8412771225, -9.02384185791, -6.36649942398, 0.176691189408, -17.9157352448, -18.5709838867, 4.42663145065, 37.5404052734, 65.0890579224, 27.7933750153, -5.4236946106, -19.0523777008], [23.1215991974, 32.4282836914, -9.18297672272, -29.8499088287, -10.3910160065, -22.0180587769, -4.98292016983, 3.76380419731, 13.6133165359, 27.7933750153, 48.6414489746, 12.80809021, -3.68371033669], [-0.640133440495, -11.0843029022, 19.454126358, 14.2664089203, -11.9300489426, 0.224632039666, -6.31826400757, -8.47519397736, -9.79160690308, -5.4236946106, 12.80809021, 51.450630188, 31.1866493225], [-36.0560264587, -7.07545042038, 34.0341186523, 32.020198822, 13.4750261307, -3.30068635941, -8.98877716064, -16.2563400269, -16.8586101532, -19.0523777008, -3.68371033669, 31.1866493225, 59.8437309265]],
        "icov": [[0.00120895076543, -0.000273046491202, 1.89822628727e-006, 0.000145623620483, 0.00105297926348, 6.04636370554e-005, 8.38685082272e-005, 8.222489123e-005, 0.000869951269124, -0.000531203171704, 6.01832507527e-005, -3.56482196366e-005, 0.000516522966791], [-0.000273046491202, 0.00399229722098, 0.00113926141057, 0.000225137831876, 0.000896844197996, 0.00261077028699, -0.000694201502483, -3.74954652216e-005, 0.000200043505174, 0.00177370337769, -0.00259492290206, 0.00211057765409, -0.00127185718156], [1.89822628727e-006, 0.00113926141057, 0.00774355465546, -0.000207588484045, -0.00369298504665, 0.00245348084718, 0.000710272230208, -0.0015499801375, 0.000709319312591, 0.000468753627501, 0.00123743899167, -0.00280245416798, -0.00161877530627], [0.000145623620483, 0.000225137831876, -0.000207588484045, 0.00746147939935, -0.00298129860312, -0.00276323035359, 0.00415634503588, 0.00202294299379, -0.00248045963235, 0.000240083201788, 0.00381905003451, -0.00246362527832, -0.00117060274351], [0.00105297926348, 0.000896844197996, -0.00369298504665, -0.00298129860312, 0.012565786019, -0.00266114063561, -0.00250301370397, 0.0045372787863, -0.000985983409919, -0.000167737613083, -0.00480289151892, 0.00842095725238, -0.00269900099374], [6.04636370554e-005, 0.00261077028699, 0.00245348084718, -0.00276323035359, -0.00266114063561, 0.0195245351642, -0.0094149261713, 0.00100262486376, 0.0060948766768, -0.00183974183165, 0.00510617904365, -0.00446772109717, 0.00473643373698], [8.38685082272e-005, -0.000694201502483, 0.000710272230208, 0.00415634503588, -0.00250301370397, -0.0094149261713, 0.0227949712425, -0.012421711348, -0.00412957277149, 0.00804052501917, -0.00191151723266, -5.59567779419e-005, -0.00125748524442], [8.222489123e-005, -3.74954652216e-005, -0.0015499801375, 0.00202294299379, 0.0045372787863, 0.00100262486376, -0.012421711348, 0.0298614874482, -0.0130060035735, 0.00234278920107, 0.000975528848357, 0.000898698635865, 0.00179746816866], [0.000869951269124, 0.000200043505174, 0.000709319312591, -0.00248045963235, -0.000985983409919, 0.0060948766768, -0.00412957277149, -0.0130060035735, 0.0359235070646, -0.0202617626637, 0.00258707907051, 0.000865263864398, 0.00125411199406], [-0.000531203171704, 0.00177370337769, 0.000468753627501, 0.000240083201788, -0.000167737613083, -0.00183974183165, 0.00804052501917, 0.00234278920107, -0.0202617626637, 0.0381230078638, -0.0173914842308, 0.00284350756556, 0.00515187066048], [6.01832507527e-005, -0.00259492290206, 0.00123743899167, 0.00381905003451, -0.00480289151892, 0.00510617904365, -0.00191151723266, 0.000975528848357, 0.00258707907051, -0.0173914842308, 0.0401609651744, -0.0178353991359, 0.00528192799538], [-3.56482196366e-005, 0.00211057765409, -0.00280245416798, -0.00246362527832, 0.00842095725238, -0.00446772109717, -5.59567779419e-005, 0.000898698635865, 0.000865263864398, 0.00284350756556, -0.0178353991359, 0.0407419689, -0.0199476704001], [0.000516522966791, -0.00127185718156, -0.00161877530627, -0.00117060274351, -0.00269900099374, 0.00473643373698, -0.00125748524442, 0.00179746816866, 0.00125411199406, 0.00515187066048, 0.00528192799538, -0.0199476704001, 0.0323004089296]]
    },
    "spectral_contrast_coeffs": {
        "mean": [-0.665371894836, -0.750894904137, -0.794755220413, -0.801523149014, -0.791878521442, -0.754279494286],
        "var": [0.00372440065257, 0.00502459518611, 0.00497347209603, 0.00117395701818, 0.000534930324648, 0.00101049197838]
    },
    "spectral_contrast_valleys": {
        "mean": [-6.18085670471, -6.76489162445, -7.36503696442, -7.28103017807, -6.54766702652, -8.90428352356],
        "var": [0.404090076685, 0.56406968832, 0.586789727211, 0.364151030779, 0.343962520361, 0.326994925737]
    }
},
"metadata": {
    "audio_properties": {
        "analysis_sample_rate": 44100,
        "bit_rate": 128074,
        "equal_loudness": 0,
        "length": 45.0612258911,
        "lossless": 0,
        "replay_gain": -5.30762672424,
        "sample_rate": 44100,
        "codec": "mp3",
        "downmix": "mix",
        "md5_encoded": "d9d88a26144fda020ebaf3f8e37870c3"
    },
    "tags": {
        "file_name": "1059.mp3"
    },
    "version": {
        "essentia": "2.1-beta2",
        "essentia_git_sha": "v2.1_beta2",
        "extractor": "music 1.0"
    }
},
"rhythm": {
    "beats_count": 99,
    "beats_loudness": {
        "mean": 0.0714024379849,
        "var": 0.000973103626166
    },
    "bpm": 132.782913208,
    "bpm_histogram_first_peak_bpm": {
        "mean": 133,
        "var": 0
    },
    "bpm_histogram_first_peak_spread": {
        "mean": 0.472972989082,
        "var": 0
    },
    "bpm_histogram_first_peak_weight": {
        "mean": 0.397959172726,
        "var": 0
    },
    "bpm_histogram_second_peak_bpm": {
        "mean": 140,
        "var": 0
    },
    "bpm_histogram_second_peak_spread": {
        "mean": 0.13333337009,
        "var": 0
    },
    "bpm_histogram_second_peak_weight": {
        "mean": 0.132653057575,
        "var": 0
    },
    "danceability": 1.54962968826,
    "onset_rate": 3.26075792313,
    "beats_loudness_band_ratio": {
        "mean": [0.759790539742, 0.0714773163199, 0.0509577617049, 0.0234232582152, 0.0407678447664, 0.0733677074313],
        "var": [0.0184329599142, 0.00404910603538, 0.00550387986004, 0.000909248541575, 0.000839572108816, 0.00243296893314]
    },
    "beats_position": [0.452789098024, 0.917188167572, 1.39319729805, 1.86920630932, 2.34521532059, 2.80961441994, 3.27401351929, 3.73841261864, 4.20281171799, 4.66721057892, 5.11999988556, 5.5727891922, 6.01396799088, 6.45514726639, 6.90793657303, 7.36072540283, 7.81351470947, 8.26630401611, 8.71909236908, 9.17188167572, 9.62467098236, 10.077460289, 10.5418596268, 10.9946479797, 11.4590473175, 11.9350566864, 12.4110651016, 12.8754644394, 13.3398637772, 13.7926530838, 14.2570514679, 14.7098407745, 15.1626300812, 15.6154193878, 16.0682086945, 16.50938797, 16.9505672455, 17.4033565521, 17.8561439514, 18.3205432892, 18.7965526581, 19.272562027, 19.7485713959, 20.2245807648, 20.6773700714, 21.1069393158, 21.5365066528, 21.9660758972, 22.3956451416, 22.825214386, 23.2547836304, 23.6843528748, 24.102312088, 24.5434913635, 24.9730606079, 25.4142398834, 25.8438091278, 26.2733783722, 26.7145576477, 27.1673469543, 27.6085262299, 28.0497055054, 28.4676647186, 28.9088420868, 29.3500213623, 29.7912006378, 30.2323799133, 30.68516922, 31.1379585266, 31.5907478333, 32.0435371399, 32.4963264465, 32.9491157532, 33.4019050598, 33.843082428, 34.2958717346, 34.7370529175, 35.1666221619, 35.5961914063, 36.0373687744, 36.4785499573, 36.9429473877, 37.3957366943, 37.848526001, 38.3013153076, 38.7541046143, 39.1952819824, 39.6480712891, 40.0776405334, 40.5188217163, 40.9716110229, 41.4243965149, 41.8655776978, 42.3183670044, 42.771156311, 43.2355537415, 43.6883430481, 44.1411323547, 44.6055335999]
},
"tonal": {
    "chords_changes_rate": 0.0751028805971,
    "chords_number_rate": 0.00514403311536,
    "chords_strength": {
        "mean": 0.491267263889,
        "var": 0.00820611882955
    },
    "hpcp_entropy": {
        "mean": 2.72709822655,
        "var": 0.985120296478
    },
    "key_strength": 0.566508173943,
    "tuning_diatonic_strength": 0.452195972204,
    "tuning_equal_tempered_deviation": 0.256709575653,
    "tuning_frequency": 434.193115234,
    "tuning_nontempered_energy_ratio": 0.893835961819,
    "hpcp": {
        "mean": [0.0505689308047, 0.0471291579306, 0.057398095727, 0.0993303656578, 0.269927978516, 0.472652077675, 0.409878075123, 0.232289031148, 0.156985878944, 0.109614111483, 0.07622872293, 0.060940798372, 0.073307543993, 0.114361934364, 0.120463646948, 0.0786784440279, 0.0536867119372, 0.0501392967999, 0.0431231111288, 0.0535529740155, 0.0764489322901, 0.0636520236731, 0.045111540705, 0.0941360592842, 0.146813064814, 0.120131365955, 0.113457717001, 0.112244620919, 0.0599110536277, 0.028479391709, 0.0227504558861, 0.0259345583618, 0.0292615182698, 0.0308121182024, 0.0347712524235, 0.0460148528218],
        "var": [0.0173581335694, 0.0157491136342, 0.0229221079499, 0.0401703603566, 0.096781514585, 0.181390017271, 0.142231166363, 0.0955657958984, 0.077589944005, 0.055151026696, 0.0350548364222, 0.0230550765991, 0.0282869003713, 0.0680425092578, 0.0715225785971, 0.0354436933994, 0.016888115555, 0.0149930426851, 0.0122117791325, 0.0201976001263, 0.0491101592779, 0.0312209744006, 0.0146813690662, 0.0340892896056, 0.0813920423388, 0.0345373153687, 0.034609541297, 0.0397571511567, 0.0150142926723, 0.0056707020849, 0.00337069365196, 0.0081577533856, 0.0106559665874, 0.011508914642, 0.00928441807628, 0.0132993478328]
    },
    "chords_histogram": [0.308641970158, 0.308641970158, 78.1893005371, 0, 0, 0, 0, 2.26337456703, 0, 9.36213970184, 0, 0, 0, 0, 0, 0.308641970158, 6.79012346268, 0, 0, 0.205761313438, 0, 1.64609050751, 0.102880656719, 0.514403283596],
    "thpcp": [1, 0.867187738419, 0.491458803415, 0.332138359547, 0.231912896037, 0.16127872467, 0.128933742642, 0.155098319054, 0.241957962513, 0.254867494106, 0.166461646557, 0.113586112857, 0.106080770493, 0.0912364795804, 0.113303162158, 0.161744624376, 0.134669929743, 0.0954434424639, 0.199165657163, 0.310615509748, 0.254164487123, 0.240044891834, 0.23747831583, 0.126755088568, 0.0602544508874, 0.0481336191297, 0.0548702925444, 0.0619092136621, 0.0651898533106, 0.0735662728548, 0.0973545983434, 0.106989756227, 0.0997121557593, 0.121438361704, 0.21015535295, 0.571092307568],
    "chords_key": "A#",
    "chords_scale": "minor",
    "key_key": "D#",
    "key_scale": "minor"
}
}