{
"lowlevel": {
    "average_loudness": 0.893939852715,
    "barkbands_crest": {
        "mean": 10.3322505951,
        "var": 16.2337284088
    },
    "barkbands_flatness_db": {
        "mean": 0.215218663216,
        "var": 0.00460226088762
    },
    "barkbands_kurtosis": {
        "mean": 6.12009048462,
        "var": 161.680465698
    },
    "barkbands_skewness": {
        "mean": 1.40323746204,
        "var": 2.82564139366
    },
    "barkbands_spread": {
        "mean": 16.3537330627,
        "var": 169.728729248
    },
    "dissonance": {
        "mean": 0.429268985987,
        "var": 0.00201377249323
    },
    "dynamic_complexity": 3.47036790848,
    "erbbands_crest": {
        "mean": 12.567779541,
        "var": 21.75532341
    },
    "erbbands_flatness_db": {
        "mean": 0.226371511817,
        "var": 0.00258511118591
    },
    "erbbands_kurtosis": {
        "mean": 1.68926715851,
        "var": 7.06755542755
    },
    "erbbands_skewness": {
        "mean": -0.0140394661576,
        "var": 1.20836424828
    },
    "erbbands_spread": {
        "mean": 26.1668930054,
        "var": 265.477844238
    },
    "hfc": {
        "mean": 16.2440910339,
        "var": 558.087890625
    },
    "melbands_crest": {
        "mean": 14.406879425,
        "var": 27.0942707062
    },
    "melbands_flatness_db": {
        "mean": 0.276071429253,
        "var": 0.00781560875475
    },
    "melbands_kurtosis": {
        "mean": 12.6763515472,
        "var": 516.983642578
    },
    "melbands_skewness": {
        "mean": 2.19700407982,
        "var": 3.77584767342
    },
    "melbands_spread": {
        "mean": 23.095413208,
        "var": 412.740631104
    },
    "pitch_salience": {
        "mean": 0.482971787453,
        "var": 0.0142996348441
    },
    "silence_rate_20dB": {
        "mean": 1,
        "var": 0
    },
    "silence_rate_30dB": {
        "mean": 1,
        "var": 0
    },
    "silence_rate_60dB": {
        "mean": 0.0422245115042,
        "var": 0.0404420495033
    },
    "spectral_centroid": {
        "mean": 1001.99536133,
        "var": 490186.8125
    },
    "spectral_complexity": {
        "mean": 10.995880127,
        "var": 40.0278129578
    },
    "spectral_decrease": {
        "mean": -4.08518907591e-009,
        "var": 1.02775321682e-017
    },
    "spectral_energy": {
        "mean": 0.016891842708,
        "var": 0.000185757162399
    },
    "spectral_energyband_high": {
        "mean": 0.000509665464051,
        "var": 5.62410878047e-006
    },
    "spectral_energyband_low": {
        "mean": 0.00376857398078,
        "var": 1.8419144908e-005
    },
    "spectral_energyband_middle_high": {
        "mean": 0.00661860685796,
        "var": 6.40524012852e-005
    },
    "spectral_energyband_middle_low": {
        "mean": 0.00731527805328,
        "var": 4.85785894853e-005
    },
    "spectral_entropy": {
        "mean": 6.69687509537,
        "var": 0.438855320215
    },
    "spectral_flux": {
        "mean": 0.0518810786307,
        "var": 0.00137911573984
    },
    "spectral_kurtosis": {
        "mean": 11.86241436,
        "var": 87.133972168
    },
    "spectral_rms": {
        "mean": 0.00376896327361,
        "var": 2.27474492931e-006
    },
    "spectral_rolloff": {
        "mean": 1424.75671387,
        "var": 2606459
    },
    "spectral_skewness": {
        "mean": 2.4307641983,
        "var": 0.849503278732
    },
    "spectral_spread": {
        "mean": 3527232,
        "var": 4.40967836467e+012
    },
    "spectral_strongpeak": {
        "mean": 1.27985155582,
        "var": 1.9696739912
    },
    "zerocrossingrate": {
        "mean": 0.0471762157977,
        "var": 0.00177329173312
    },
    "barkbands": {
        "mean": [1.41360703765e-006, 0.000161300413311, 0.00237325043418, 0.00195633340627, 0.00220949482173, 0.000916093005799, 0.00115217850544, 0.000431765336543, 0.000428372586612, 0.000882333843037, 0.00177240499761, 0.000428113038652, 0.000880859792233, 0.000833341560792, 0.000663360173348, 0.000274721882306, 0.000378066877602, 0.00049995421432, 0.00010673252109, 5.90618074057e-005, 6.91112218192e-005, 0.000167676829733, 0.000107829735498, 6.38560813968e-005, 5.41726367373e-005, 1.95690536202e-005, 4.79257096231e-007],
        "var": [6.27930693553e-011, 1.90589730664e-007, 1.2527591025e-005, 4.16627199229e-006, 5.65641039429e-006, 5.17185117133e-006, 6.63916625854e-006, 2.20115430238e-006, 1.88027001968e-006, 5.07771346747e-006, 7.04773901816e-006, 1.96833730115e-006, 2.80687163468e-006, 2.67664472631e-006, 1.33396451929e-006, 8.56387714521e-007, 8.33170020087e-007, 1.94526319319e-006, 1.50715365521e-007, 1.09816532756e-007, 2.3874792987e-007, 6.74890713981e-007, 3.85678447401e-007, 1.29189217546e-007, 7.90022198771e-008, 8.24114732012e-009, 7.40410337208e-012]
    },
    "erbbands": {
        "mean": [0.00197459082119, 0.0836221650243, 1.84318375587, 5.90623569489, 6.49124717712, 8.39519691467, 5.24855422974, 8.00093746185, 14.8771028519, 15.0826721191, 9.55486679077, 8.13125324249, 20.6806583405, 45.8617172241, 58.7922286987, 22.8152523041, 35.6835289001, 53.9221572876, 26.3646354675, 32.6097946167, 17.9004840851, 21.9843711853, 27.7075023651, 12.6647233963, 3.85487270355, 2.93800258636, 2.48702979088, 3.19976806641, 6.04260540009, 4.97318410873, 2.82633686066, 1.75057423115, 0.869399130344, 0.709894835949, 0.312649577856, 0.116778314114, 0.0303270388395, 0.00354813388549, 8.93514807103e-005, 2.43003432843e-005],
        "var": [2.98658433167e-005, 0.0194749608636, 7.06718969345, 35.8834152222, 59.8699150085, 104.081474304, 76.2444229126, 467.902557373, 1860.41894531, 1087.16833496, 1092.51660156, 587.248352051, 3901.11425781, 7713.78466797, 8129.11767578, 3501.50292969, 4813.55664063, 9508.23144531, 2836.80444336, 3943.72021484, 3156.7980957, 2786.73486328, 5944.42822266, 1583.31884766, 188.981369019, 252.506698608, 295.180419922, 379.275268555, 775.056762695, 807.974121094, 304.544891357, 117.744148254, 21.5654964447, 13.6092748642, 2.78258013725, 0.345588207245, 0.0206514503807, 0.00028718507383, 1.4026730355e-007, 7.39167727026e-010]
    },
    "gfcc": {
        "mean": [-75.4185028076, 119.535369873, -123.241065979, 13.9695062637, -44.6714782715, 9.19163894653, -54.3635482788, -6.97089147568, -32.5175514221, -17.8103408813, -21.9726524353, -5.04248476028, -17.5201950073],
        "cov": [[8691.87695313, -2339.42260742, -1427.82788086, -88.3759689331, -990.008911133, 423.908172607, -296.361083984, 163.212997437, -345.715026855, 48.0030555725, -200.190475464, 691.866577148, -563.437255859], [-2339.42260742, 1987.13464355, -22.0618000031, -172.371749878, 652.08605957, -177.232116699, 211.699752808, -85.6790008545, 188.15574646, -162.142349243, 220.879425049, -366.213470459, 288.724243164], [-1427.82788086, -22.0618000031, 1253.0402832, 302.075378418, -140.975128174, -104.023246765, 13.7415866852, 57.0129127502, 18.2163887024, 118.978164673, -117.260192871, -14.9009122849, 29.4714756012], [-88.3759689331, -172.371749878, 302.075378418, 624.262634277, -38.1404953003, -158.118392944, 27.0879650116, -27.6573524475, 44.6531677246, 26.8852939606, -54.2748069763, -1.87742161751, 80.814201355], [-990.008911133, 652.08605957, -140.975128174, -38.1404953003, 633.343933105, 58.0556373596, 36.0273475647, -47.8293037415, 37.0010032654, 2.4405913353, 108.024856567, -200.236740112, 136.802276611], [423.908172607, -177.232116699, -104.023246765, -158.118392944, 58.0556373596, 329.252532959, 18.6810874939, 20.6782951355, -57.3199920654, 6.46997880936, 38.778503418, 5.68547582626, -44.8183860779], [-296.361083984, 211.699752808, 13.7415866852, 27.0879650116, 36.0273475647, 18.6810874939, 231.169128418, 64.7472076416, -16.8122177124, -51.8970336914, 38.2539291382, -16.0237140656, 66.1702728271], [163.212997437, -85.6790008545, 57.0129127502, -27.6573524475, -47.8293037415, 20.6782951355, 64.7472076416, 180.89881897, 6.68199253082, -3.4317677021, -21.2173042297, 11.7756233215, -23.5455608368], [-345.715026855, 188.15574646, 18.2163887024, 44.6531677246, 37.0010032654, -57.3199920654, -16.8122177124, 6.68199253082, 202.909164429, -0.350781470537, -36.6640625, -82.7016677856, -8.27285289764], [48.0030555725, -162.142349243, 118.978164673, 26.8852939606, 2.4405913353, 6.46997880936, -51.8970336914, -3.4317677021, -0.350781470537, 130.489013672, -18.9789581299, 9.82227897644, -27.2694511414], [-200.190475464, 220.879425049, -117.260192871, -54.2748069763, 108.024856567, 38.778503418, 38.2539291382, -21.2173042297, -36.6640625, -18.9789581299, 150.209121704, -14.522649765, 28.3818244934], [691.866577148, -366.213470459, -14.9009122849, -1.87742161751, -200.236740112, 5.68547582626, -16.0237140656, 11.7756233215, -82.7016677856, 9.82227897644, -14.522649765, 215.825622559, -68.9729385376], [-563.437255859, 288.724243164, 29.4714756012, 80.814201355, 136.802276611, -44.8183860779, 66.1702728271, -23.5455608368, -8.27285289764, -27.2694511414, 28.3818244934, -68.9729385376, 179.417037964]],
        "icov": [[0.000436937698396, -0.000329104717821, 0.000782942865044, -0.000663788989186, 0.00059106957633, -0.000757201749366, 0.000588825205341, -0.000670568959322, 0.000797114917077, -0.00057980051497, 0.000892398413271, -0.000651702517644, 0.000684074126184], [-0.000329104717821, 0.00282830302604, -0.00134652131237, 0.00208814651705, -0.00196381076239, 0.00246921577491, -0.00200040615164, 0.00172475352883, -0.00261744298041, 0.00262671662495, -0.0031691158656, 0.00174674321897, -0.00177464156877], [0.000782942865044, -0.00134652131237, 0.00272534275427, -0.00204672291875, 0.00179948227014, -0.00181739439722, 0.00132235733327, -0.00185889692511, 0.00222858623601, -0.00270625995472, 0.00282508647069, -0.00110482913442, 0.00136194191873], [-0.000663788989186, 0.00208814651705, -0.00204672291875, 0.00419474998489, -0.0017788001569, 0.00299833063036, -0.00225462671369, 0.00228190212511, -0.00291975960135, 0.00185408093967, -0.00247358880006, 0.00130570633337, -0.0027214072179], [0.00059106957633, -0.00196381076239, 0.00179948227014, -0.0017788001569, 0.00468858703971, -0.00266575510614, 0.00182132690679, -0.00142470886931, 0.00210527400486, -0.00303836376406, 0.00125916057732, 0.000569378375076, 7.74640284362e-005], [-0.000757201749366, 0.00246921577491, -0.00181739439722, 0.00299833063036, -0.00266575510614, 0.00665979227051, -0.00279034371488, 0.00185593217611, -0.00172618520446, 0.00219287117943, -0.00358833628707, 0.00232844194397, -0.000718127586879], [0.000588825205341, -0.00200040615164, 0.00132235733327, -0.00225462671369, 0.00182132690679, -0.00279034371488, 0.00828470382839, -0.00431790621951, 0.00239986018278, 2.75796446658e-005, 0.00116398313548, -0.00179102341644, -0.000599081802648], [-0.000670568959322, 0.00172475352883, -0.00185889692511, 0.00228190212511, -0.00142470886931, 0.00185593217611, -0.00431790621951, 0.00865537207574, -0.00257881940342, 0.0016549709253, -0.00138865981717, 0.00152336864267, -0.000387652893551], [0.000797114917077, -0.00261744298041, 0.00222858623601, -0.00291975960135, 0.00210527400486, -0.00172618520446, 0.00239986018278, -0.00257881940342, 0.0100773386657, -0.00250825518742, 0.00502300355583, 0.00107553193811, 0.00410675443709], [-0.00057980051497, 0.00262671662495, -0.00270625995472, 0.00185408093967, -0.00303836376406, 0.00219287117943, 2.75796446658e-005, 0.0016549709253, -0.00250825518742, 0.0125600527972, -0.00302049447782, 0.00124707841314, -0.000616335833911], [0.000892398413271, -0.0031691158656, 0.00282508647069, -0.00247358880006, 0.00125916057732, -0.00358833628707, 0.00116398313548, -0.00138865981717, 0.00502300355583, -0.00302049447782, 0.0134174777195, -0.00282863993198, 0.00264707650058], [-0.000651702517644, 0.00174674321897, -0.00110482913442, 0.00130570633337, 0.000569378375076, 0.00232844194397, -0.00179102341644, 0.00152336864267, 0.00107553193811, 0.00124707841314, -0.00282863993198, 0.0101426467299, 0.00032951994217], [0.000684074126184, -0.00177464156877, 0.00136194191873, -0.0027214072179, 7.74640284362e-005, -0.000718127586879, -0.000599081802648, -0.000387652893551, 0.00410675443709, -0.000616335833911, 0.00264707650058, 0.00032951994217, 0.0113149937242]]
    },
    "melbands": {
        "mean": [2.80999538518e-005, 0.000687914493028, 0.00102172943298, 0.000544719747268, 0.00021810006001, 0.000183935509995, 0.000234647872276, 0.000148328428622, 6.44439714961e-005, 5.95547280682e-005, 0.000104476101114, 0.000176678062417, 0.000247143470915, 6.31237344351e-005, 6.28831257927e-005, 9.66777006397e-005, 9.43956983974e-005, 3.90154091292e-005, 3.89207853004e-005, 3.23655440297e-005, 1.98701945919e-005, 2.34639010159e-005, 2.220476199e-005, 2.52523841482e-005, 8.59967985889e-006, 3.22674327435e-006, 2.0838817818e-006, 1.82499206858e-006, 1.43708552969e-006, 1.58086004376e-006, 1.91947628991e-006, 3.3343242194e-006, 3.4871779917e-006, 2.46843455898e-006, 1.65521623785e-006, 1.31915021484e-006, 9.60419697549e-007, 5.59219415663e-007, 6.34941500266e-007, 5.88018792769e-007],
        "var": [7.53509610263e-009, 9.95437630991e-007, 9.06322611627e-007, 3.62975043799e-007, 8.24088246532e-008, 2.65023572865e-007, 3.68073528989e-007, 1.05594594402e-007, 5.34418518328e-008, 3.59618859136e-008, 9.8408627025e-008, 1.29045318431e-007, 1.36411529184e-007, 3.74209641052e-008, 2.25820606659e-008, 2.71467648361e-008, 3.1380981369e-008, 7.73450103964e-009, 5.64260904667e-009, 3.97113586459e-009, 6.14712147851e-009, 3.32100191791e-009, 4.68242689067e-009, 4.54137216721e-009, 1.02173214334e-009, 1.27953980744e-010, 1.10354940464e-010, 1.08301229096e-010, 9.1256877055e-011, 1.43720965684e-010, 1.31780114598e-010, 2.15946927007e-010, 3.90833199138e-010, 1.88786944411e-010, 9.38848998544e-011, 8.85198997436e-011, 3.5085250677e-011, 9.21148747557e-012, 1.21779687029e-011, 9.4186316732e-012]
    },
    "mfcc": {
        "mean": [-725.733337402, 152.335754395, -10.3758001328, 11.5014925003, 19.2767086029, 2.85671710968, -11.3224725723, 2.28043460846, -12.2131500244, -14.7913293839, -8.83625125885, -15.7686691284, -5.35104322433],
        "cov": [[7437.16699219, -2284.64208984, -959.364807129, -584.743286133, -793.331787109, -51.2564735413, -330.316101074, 503.768157959, -325.168823242, -392.44934082, 240.837905884, -110.973846436, 17.3492145538], [-2284.64208984, 1825.46459961, -234.723190308, -38.8079910278, 344.909606934, -19.2515392303, 198.348190308, -55.6284484863, 73.0385818481, 191.070373535, -24.9690799713, 2.83499145508, -27.6955413818], [-959.364807129, -234.723190308, 1092.75976563, 274.738861084, -105.179084778, 1.57772815228, -40.3816146851, -59.6496734619, 83.8812561035, 5.90579652786, -24.8129405975, 39.9710731506, 51.3283042908], [-584.743286133, -38.8079910278, 274.738861084, 671.37701416, 97.705947876, 18.4301280975, 20.7431507111, -112.786193848, 149.073532104, -61.2769927979, -18.0940418243, 38.350479126, 46.5948448181], [-793.331787109, 344.909606934, -105.179084778, 97.705947876, 441.501342773, 91.4064788818, 93.9498672485, -125.994789124, 59.8320159912, 107.899269104, -30.3586940765, 32.1539230347, -10.1388082504], [-51.2564735413, -19.2515392303, 1.57772815228, 18.4301280975, 91.4064788818, 190.511657715, 53.3334465027, -20.8955364227, 2.62494802475, 32.2493286133, -2.60036802292, 5.57115983963, -6.20539855957], [-330.316101074, 198.348190308, -40.3816146851, 20.7431507111, 93.9498672485, 53.3334465027, 356.10144043, 1.65603721142, 48.2649841309, 10.7435894012, -59.2233276367, 49.5770339966, 16.0811500549], [503.768157959, -55.6284484863, -59.6496734619, -112.786193848, -125.994789124, -20.8955364227, 1.65603721142, 250.302276611, -28.1460132599, 5.06192493439, 52.103225708, -14.7493028641, -11.6526508331], [-325.168823242, 73.0385818481, 83.8812561035, 149.073532104, 59.8320159912, 2.62494802475, 48.2649841309, -28.1460132599, 191.355773926, 45.3332252502, -19.1826229095, 7.94869661331, -10.4149866104], [-392.44934082, 191.070373535, 5.90579652786, -61.2769927979, 107.899269104, 32.2493286133, 10.7435894012, 5.06192493439, 45.3332252502, 224.894332886, 29.9630947113, 0.895160675049, -47.6325263977], [240.837905884, -24.9690799713, -24.8129405975, -18.0940418243, -30.3586940765, -2.60036802292, -59.2233276367, 52.103225708, -19.1826229095, 29.9630947113, 160.785369873, 19.38022995, -13.6592855453], [-110.973846436, 2.83499145508, 39.9710731506, 38.350479126, 32.1539230347, 5.57115983963, 49.5770339966, -14.7493028641, 7.94869661331, 0.895160675049, 19.38022995, 117.073188782, 15.5004281998], [17.3492145538, -27.6955413818, 51.3283042908, 46.5948448181, -10.1388082504, -6.20539855957, 16.0811500549, -11.6526508331, -10.4149866104, -47.6325263977, -13.6592855453, 15.5004281998, 133.82421875]],
        "icov": [[0.000461679272121, 0.000536400591955, 0.000479724520119, 0.000153023051098, 0.000271421915386, -9.0325876954e-005, 2.98662635032e-005, -0.000419240823248, -2.97410351777e-005, 0.000294394238153, -0.00041303166654, 0.000165487334016, -0.000168694547028], [0.000536400591955, 0.00136735639535, 0.000644676270895, 0.000211190344999, -0.000177073467057, 0.000375284726033, -0.000336792261805, -0.00046241239761, -5.06526084791e-005, -0.00010056704923, -0.000528950360604, 0.000425561360316, -0.000246181880357], [0.000479724520119, 0.000644676270895, 0.00169284665026, -0.000323183339788, 0.000900667509995, -0.000248490629019, 0.000183760013897, -0.000175120352651, -0.000227849595831, -0.000302074913634, -8.90143783181e-005, -0.000263066351181, -0.000550022348762], [0.000153023051098, 0.000211190344999, -0.000323183339788, 0.00245716539212, -0.000551023404114, -0.000140763790114, 0.000147671875311, 0.000349507870851, -0.00181614956819, 0.00139348604716, -0.000631548638921, -0.000140056421515, -0.00043688894948], [0.000271421915386, -0.000177073467057, 0.000900667509995, -0.000551023404114, 0.00446089031175, -0.00153447408229, -0.000251225341344, 0.00141005555633, -0.000132270448375, -0.0015478876885, 0.000248411990469, -0.000719681207556, -0.000258173851762], [-9.0325876954e-005, 0.000375284726033, -0.000248490629019, -0.000140763790114, -0.00153447408229, 0.00643047969788, -0.00110081187449, 0.000126740531414, 0.000730590429157, -0.00069450418232, -0.00032716957503, 0.000608623202424, 0.000264710513875], [2.98662635032e-005, -0.000336792261805, 0.000183760013897, 0.000147671875311, -0.000251225341344, -0.00110081187449, 0.0039308979176, -0.000844265916385, -0.000907369132619, 0.00038086422137, 0.00162148394156, -0.00188597443048, -0.000362527993275], [-0.000419240823248, -0.00046241239761, -0.000175120352651, 0.000349507870851, 0.00141005555633, 0.000126740531414, -0.000844265916385, 0.00589064089581, -4.04061793233e-005, -0.000816787185613, -0.00127888435964, 0.000465900811832, 0.00015284550318], [-2.97410351777e-005, -5.06526084791e-005, -0.000227849595831, -0.00181614956819, -0.000132270448375, 0.000730590429157, -0.000907369132619, -4.04061793233e-005, 0.00753093929961, -0.00195007387083, 0.000754256849177, 0.000302406813717, 0.000776448170654], [0.000294394238153, -0.00010056704923, -0.000302074913634, 0.00139348604716, -0.0015478876885, -0.00069450418232, 0.00038086422137, -0.000816787185613, -0.00195007387083, 0.00721853924915, -0.00172857113648, 0.000285114947474, 0.00151343236212], [-0.00041303166654, -0.000528950360604, -8.90143783181e-005, -0.000631548638921, 0.000248411990469, -0.00032716957503, 0.00162148394156, -0.00127888435964, 0.000754256849177, -0.00172857113648, 0.00848662480712, -0.00255101453513, 0.000500695256051], [0.000165487334016, 0.000425561360316, -0.000263066351181, -0.000140056421515, -0.000719681207556, 0.000608623202424, -0.00188597443048, 0.000465900811832, 0.000302406813717, 0.000285114947474, -0.00255101453513, 0.0103659061715, -0.000878834398463], [-0.000168694547028, -0.000246181880357, -0.000550022348762, -0.00043688894948, -0.000258173851762, 0.000264710513875, -0.000362527993275, 0.00015284550318, 0.000776448170654, 0.00151343236212, 0.000500695256051, -0.000878834398463, 0.00860808137804]]
    },
    "spectral_contrast_coeffs": {
        "mean": [-0.501209557056, -0.653894662857, -0.660102367401, -0.705207586288, -0.737131893635, -0.76795566082],
        "var": [0.00699156755581, 0.00532902777195, 0.00776447728276, 0.00779267307371, 0.00523064751178, 0.00411301385611]
    },
    "spectral_contrast_valleys": {
        "mean": [-8.60061454773, -8.00940608978, -8.59087276459, -8.72704029083, -9.05652618408, -11.6621494293],
        "var": [1.29212141037, 1.16063046455, 1.38013422489, 1.15876555443, 1.44627797604, 1.86017823219]
    }
},
"metadata": {
    "audio_properties": {
        "analysis_sample_rate": 44100,
        "bit_rate": 108716,
        "equal_loudness": 0,
        "length": 45.0612258911,
        "lossless": 0,
        "replay_gain": -12.4309444427,
        "sample_rate": 44100,
        "codec": "mp3",
        "downmix": "mix",
        "md5_encoded": "dea8b076aaa3f642fa592e1f7588713c"
    },
    "tags": {
        "file_name": "106.mp3"
    },
    "version": {
        "essentia": "2.1-beta2",
        "essentia_git_sha": "v2.1_beta2",
        "extractor": "music 1.0"
    }
},
"rhythm": {
    "beats_count": 104,
    "beats_loudness": {
        "mean": 0.0221931040287,
        "var": 0.000267042662017
    },
    "bpm": 143.825668335,
    "bpm_histogram_first_peak_bpm": {
        "mean": 144,
        "var": 0
    },
    "bpm_histogram_first_peak_spread": {
        "mean": 0.444444477558,
        "var": 0
    },
    "bpm_histogram_first_peak_weight": {
        "mean": 0.194174751639,
        "var": 0
    },
    "bpm_histogram_second_peak_bpm": {
        "mean": 136,
        "var": 0
    },
    "bpm_histogram_second_peak_spread": {
        "mean": 0.319999992847,
        "var": 0
    },
    "bpm_histogram_second_peak_weight": {
        "mean": 0.165048539639,
        "var": 0
    },
    "danceability": 0.983885288239,
    "onset_rate": 3.19421195984,
    "beats_loudness_band_ratio": {
        "mean": [0.353759795427, 0.175310194492, 0.124453172088, 0.232614293694, 0.1061552912, 0.0445201769471],
        "var": [0.0588076300919, 0.024427043274, 0.0198142491281, 0.0367991067469, 0.0126049304381, 0.014430382289]
    },
    "beats_position": [0.429569154978, 0.859138309956, 1.27709746361, 1.69505667686, 2.08979582787, 2.49614500999, 2.90249419212, 3.29723358154, 3.70358276367, 4.1099319458, 4.48145103455, 4.87619018555, 5.27092981339, 5.66566896439, 6.11845779419, 6.5596370697, 7.00081634521, 7.45360517502, 7.89478445053, 8.32435321808, 8.75392246246, 9.17188167572, 9.58984088898, 10.0078001022, 10.4257593155, 10.8553285599, 11.2732877731, 11.7028570175, 12.1208162308, 12.538775444, 12.9567346573, 13.3746938705, 13.7926530838, 14.2106122971, 14.6169614792, 15.0349206924, 15.4412698746, 15.8592290878, 16.2771873474, 16.6951465607, 17.1131057739, 17.5194549561, 17.8909740448, 18.2624931335, 18.6456241608, 19.0171432495, 19.4234924316, 19.8298416138, 20.247800827, 20.6657600403, 21.153377533, 21.6293869019, 22.1053962708, 22.5697956085, 23.0458049774, 23.5218143463, 23.9862117767, 24.4622211456, 24.9382305145, 25.4490699768, 25.9599094391, 26.470746994, 27.0280265808, 27.5853061676, 28.1309738159, 28.6534233093, 29.1874828339, 29.7099323273, 30.1859397888, 30.6503391266, 31.1147384644, 31.5559177399, 31.9970970154, 32.4382743835, 32.8910636902, 33.332244873, 33.7734222412, 34.2029914856, 34.6441726685, 35.0853500366, 35.5265312195, 35.9793205261, 36.4321098328, 36.8732872009, 37.3144645691, 37.755645752, 38.1852149963, 38.6263923645, 39.0675735474, 39.520362854, 39.9731521606, 40.4375495911, 40.8903388977, 41.3315200806, 41.6798171997, 42.0281181335, 42.3880271912, 42.7479362488, 43.1078453064, 43.467754364, 43.8392753601, 44.1991844177, 44.5823135376, 44.953830719]
},
"tonal": {
    "chords_changes_rate": 0.0452674888074,
    "chords_number_rate": 0.00925925932825,
    "chords_strength": {
        "mean": 0.584958672523,
        "var": 0.0101928366348
    },
    "hpcp_entropy": {
        "mean": 1.78355097771,
        "var": 0.403150439262
    },
    "key_strength": 0.620358288288,
    "tuning_diatonic_strength": 0.558825194836,
    "tuning_equal_tempered_deviation": 0.0418797358871,
    "tuning_frequency": 438.477722168,
    "tuning_nontempered_energy_ratio": 0.752996563911,
    "hpcp": {
        "mean": [0.245866075158, 0.119230642915, 0.0399650596082, 0.0406172201037, 0.123915947974, 0.419388324022, 0.512118816376, 0.223232313991, 0.0564194023609, 0.0573651455343, 0.0471195802093, 0.0423909164965, 0.0612816773355, 0.0845115706325, 0.17045545578, 0.232732087374, 0.135506466031, 0.0428460650146, 0.0375753119588, 0.0578725934029, 0.150681629777, 0.191224455833, 0.0969436913729, 0.0319416485727, 0.0305910725147, 0.0476468279958, 0.124928370118, 0.204616874456, 0.176360726357, 0.151271298528, 0.13709141314, 0.0683164298534, 0.0293995458633, 0.02508886531, 0.0632913038135, 0.199218630791],
        "var": [0.108637742698, 0.0416170731187, 0.0150402765721, 0.0156681742519, 0.0264524668455, 0.132114425302, 0.164187043905, 0.0628807619214, 0.0169197190553, 0.0284565463662, 0.0191527251154, 0.0134532274678, 0.0260081626475, 0.0371852628887, 0.067791774869, 0.119627937675, 0.0508945807815, 0.0120321661234, 0.0117076644674, 0.0175581965595, 0.0514115765691, 0.0810167863965, 0.0264514833689, 0.0103581417352, 0.0102735543624, 0.0195565018803, 0.0460878647864, 0.0993146076798, 0.0680104866624, 0.0608166381717, 0.0588107146323, 0.0254278033972, 0.00986138358712, 0.007810364943, 0.0149365216494, 0.0828181579709]
    },
    "chords_histogram": [29.3209877014, 8.74485588074, 24.7942390442, 19.5473251343, 0, 5.65843629837, 0, 2.16049385071, 3.90946507454, 0.823045253754, 2.98353910446, 0, 0, 0.617283940315, 0, 0, 0, 0, 0, 0, 0, 0, 1.44032919407, 0],
    "thpcp": [1, 0.435899466276, 0.110168576241, 0.11201530695, 0.092009074986, 0.0827755481005, 0.119663007557, 0.165023371577, 0.332843571901, 0.454449385405, 0.264599651098, 0.0836643055081, 0.0733722522855, 0.113006182015, 0.294231772423, 0.373398602009, 0.189299210906, 0.0623715594411, 0.059734325856, 0.0930386185646, 0.243944108486, 0.399549603462, 0.344374626875, 0.295383214951, 0.267694532871, 0.133399575949, 0.0574076659977, 0.0489903204143, 0.123587146401, 0.389008611441, 0.480095773935, 0.232818320394, 0.0780386477709, 0.0793121010065, 0.241967186332, 0.818927764893],
    "chords_key": "E",
    "chords_scale": "minor",
    "key_key": "E",
    "key_scale": "minor"
}
}