{
"lowlevel": {
    "average_loudness": 0.982106804848,
    "barkbands_crest": {
        "mean": 7.74187803268,
        "var": 11.2151699066
    },
    "barkbands_flatness_db": {
        "mean": 0.0892999321222,
        "var": 0.000945309759118
    },
    "barkbands_kurtosis": {
        "mean": 0.77958136797,
        "var": 10.2193260193
    },
    "barkbands_skewness": {
        "mean": 0.948072373867,
        "var": 0.621519386768
    },
    "barkbands_spread": {
        "mean": 31.603433609,
        "var": 165.234786987
    },
    "dissonance": {
        "mean": 0.474560052156,
        "var": 0.000320697610732
    },
    "dynamic_complexity": 1.07201170921,
    "erbbands_crest": {
        "mean": 7.87882089615,
        "var": 13.100151062
    },
    "erbbands_flatness_db": {
        "mean": 0.137311175466,
        "var": 0.00123122695368
    },
    "erbbands_kurtosis": {
        "mean": 0.0657470524311,
        "var": 2.62180399895
    },
    "erbbands_skewness": {
        "mean": -0.0548088215292,
        "var": 0.475711107254
    },
    "erbbands_spread": {
        "mean": 38.9109077454,
        "var": 228.618927002
    },
    "hfc": {
        "mean": 35.2197341919,
        "var": 603.26550293
    },
    "melbands_crest": {
        "mean": 11.603225708,
        "var": 20.33502388
    },
    "melbands_flatness_db": {
        "mean": 0.151059284806,
        "var": 0.00161500473041
    },
    "melbands_kurtosis": {
        "mean": 6.21429681778,
        "var": 78.7159118652
    },
    "melbands_skewness": {
        "mean": 2.04580640793,
        "var": 1.04116463661
    },
    "melbands_spread": {
        "mean": 35.6372261047,
        "var": 589.919433594
    },
    "pitch_salience": {
        "mean": 0.587981164455,
        "var": 0.00869878474623
    },
    "silence_rate_20dB": {
        "mean": 1,
        "var": 0
    },
    "silence_rate_30dB": {
        "mean": 1,
        "var": 0
    },
    "silence_rate_60dB": {
        "mean": 0.00154479919001,
        "var": 0.00154241069686
    },
    "spectral_centroid": {
        "mean": 1741.12316895,
        "var": 473774
    },
    "spectral_complexity": {
        "mean": 30.7703399658,
        "var": 88.4571228027
    },
    "spectral_decrease": {
        "mean": -8.06824829169e-009,
        "var": 9.2980601602e-018
    },
    "spectral_energy": {
        "mean": 0.0336460024118,
        "var": 0.000147284838022
    },
    "spectral_energyband_high": {
        "mean": 0.00223888177425,
        "var": 1.42046146721e-005
    },
    "spectral_energyband_low": {
        "mean": 0.00983372423798,
        "var": 7.08125662641e-005
    },
    "spectral_energyband_middle_high": {
        "mean": 0.00822160299867,
        "var": 1.75875575223e-005
    },
    "spectral_energyband_middle_low": {
        "mean": 0.0142303081229,
        "var": 7.06274659024e-005
    },
    "spectral_entropy": {
        "mean": 7.85928297043,
        "var": 0.0651404559612
    },
    "spectral_flux": {
        "mean": 0.101880289614,
        "var": 0.00101092993282
    },
    "spectral_kurtosis": {
        "mean": 3.66720485687,
        "var": 5.07970571518
    },
    "spectral_rms": {
        "mean": 0.00563312089071,
        "var": 1.09335041998e-006
    },
    "spectral_rolloff": {
        "mean": 2056.9296875,
        "var": 1983324.75
    },
    "spectral_skewness": {
        "mean": 1.35314321518,
        "var": 0.20083899796
    },
    "spectral_spread": {
        "mean": 4600309.5,
        "var": 1.68166083789e+012
    },
    "spectral_strongpeak": {
        "mean": 0.900755822659,
        "var": 1.13510394096
    },
    "zerocrossingrate": {
        "mean": 0.0771054401994,
        "var": 0.0012134402059
    },
    "barkbands": {
        "mean": [0.00041805501678, 0.00604135543108, 0.00258576776832, 0.00172400113661, 0.00391059741378, 0.00260618585162, 0.00202353391796, 0.00211975793354, 0.00166968931444, 0.000915418495424, 0.000592277909163, 0.00105725601315, 0.000802595750429, 0.000845435773954, 0.00120099156629, 0.000756201450713, 0.000634284224361, 0.000687174033374, 0.000490519858431, 0.000597736565396, 0.000544256297871, 0.000678228912875, 0.000437765876995, 0.000140223215567, 9.62295016507e-005, 6.48964924039e-005, 5.58155807084e-006],
        "var": [3.9511093064e-007, 4.39701652795e-005, 6.05784725849e-006, 1.94771996576e-006, 2.16019270738e-005, 2.45520168392e-005, 1.2020327631e-005, 1.15791117423e-005, 3.9545961954e-006, 9.81302150649e-007, 5.36376091986e-007, 2.18373656935e-006, 1.54619885961e-006, 7.98555902293e-007, 1.83500549156e-006, 6.54961468172e-007, 3.89911036791e-007, 6.47362526252e-007, 3.03141661107e-007, 7.53862195779e-007, 5.37468565653e-007, 2.93427228826e-006, 1.83556153388e-006, 4.71901664412e-008, 1.05937187911e-008, 6.51698073284e-009, 7.54269008363e-011]
    },
    "erbbands": {
        "mean": [0.235459759831, 1.13085830212, 2.94910478592, 4.35908603668, 6.9913315773, 15.5220565796, 21.9406852722, 19.9318408966, 26.4825801849, 35.6344871521, 49.3561935425, 38.5456619263, 21.8533649445, 35.740272522, 28.5885848999, 43.4303512573, 39.1666870117, 42.5098075867, 59.2575454712, 55.0023765564, 36.8290061951, 36.1591415405, 39.5700149536, 25.8486423492, 29.0260601044, 27.3987026215, 24.651632309, 20.0229797363, 24.1867656708, 20.1994819641, 11.0661287308, 4.26975011826, 1.89272356033, 1.13200926781, 0.652588903904, 0.303056567907, 0.109331704676, 0.0236043483019, 0.000622346648015, 5.91096941207e-005],
        "var": [0.0855542942882, 1.48535108566, 7.69609069824, 10.3444442749, 50.6988487244, 381.397949219, 1673.58898926, 1791.9942627, 2219.01928711, 5392.52392578, 4593.77587891, 1979.90588379, 452.349578857, 1477.67248535, 824.496154785, 4125.453125, 3212.16137695, 1867.59594727, 3609.67993164, 3094.83300781, 1505.62304688, 1290.98620605, 2151.56274414, 671.457763672, 1278.21313477, 1544.49743652, 1020.02728271, 1035.27197266, 3289.11254883, 3699.01293945, 1251.07128906, 96.6621322632, 4.86286878586, 1.34106373787, 0.565764605999, 0.129528716207, 0.0198163837194, 0.0010701866122, 8.20222624043e-007, 9.78511827121e-010]
    },
    "gfcc": {
        "mean": [57.1235198975, 79.0822982788, -121.756164551, 38.2583580017, -55.1659126282, 17.8299770355, -35.8397026062, 10.4728355408, -19.2658004761, 8.95291423798, -19.1295013428, 3.23046088219, -13.4494543076],
        "cov": [[2210.86791992, -464.934387207, 190.059738159, 125.274978638, -78.8237457275, 26.5326690674, 13.9524717331, 56.8463554382, -122.868682861, 107.005935669, -106.52306366, 52.0451622009, -50.0801696777], [-464.934387207, 709.46105957, -207.244140625, -145.945800781, 180.721572876, 11.8647518158, 7.45721960068, 34.9822654724, 87.4618606567, -60.3234024048, 74.9966049194, -63.7591819763, 19.5629863739], [190.059738159, -207.244140625, 502.170623779, 70.2531280518, 56.0210227966, 10.7716360092, -33.3969116211, 3.34467244148, -80.4489059448, 80.5834884644, -65.3895339966, 61.1314315796, -10.7289495468], [125.274978638, -145.945800781, 70.2531280518, 382.300476074, -86.5745620728, 11.530962944, 40.3414115906, -57.4854774475, 44.9766693115, -35.3774337769, -5.75370121002, -17.4352302551, 12.5520811081], [-78.8237457275, 180.721572876, 56.0210227966, -86.5745620728, 260.033752441, 51.802936554, 11.1836633682, 82.2935409546, -16.557056427, 17.6636142731, -6.00874376297, 0.941405534744, -2.40934872627], [26.5326690674, 11.8647518158, 10.7716360092, 11.530962944, 51.802936554, 144.697311401, 78.9213027954, 31.4373531342, 13.4977073669, -9.21844482422, -8.46561050415, -21.8804092407, -25.0208072662], [13.9524717331, 7.45721960068, -33.3969116211, 40.3414115906, 11.1836633682, 78.9213027954, 114.35017395, 43.1777267456, 20.550327301, -4.73792505264, -2.85903286934, -28.6256828308, -22.9908733368], [56.8463554382, 34.9822654724, 3.34467244148, -57.4854774475, 82.2935409546, 31.4373531342, 43.1777267456, 127.243919373, 38.3515396118, 27.8660850525, -12.6921234131, -20.4958133698, -26.479932785], [-122.868682861, 87.4618606567, -80.4489059448, 44.9766693115, -16.557056427, 13.4977073669, 20.550327301, 38.3515396118, 134.959960938, 1.63071060181, 8.59223747253, -43.8426475525, -14.5867061615], [107.005935669, -60.3234024048, 80.5834884644, -35.3774337769, 17.6636142731, -9.21844482422, -4.73792505264, 27.8660850525, 1.63071060181, 83.7503738403, -1.30646574497, 12.0423269272, -5.58785581589], [-106.52306366, 74.9966049194, -65.3895339966, -5.75370121002, -6.00874376297, -8.46561050415, -2.85903286934, -12.6921234131, 8.59223747253, -1.30646574497, 80.7503356934, 21.7838153839, 9.81244754791], [52.0451622009, -63.7591819763, 61.1314315796, -17.4352302551, 0.941405534744, -21.8804092407, -28.6256828308, -20.4958133698, -43.8426475525, 12.0423269272, 21.7838153839, 86.6864471436, 36.9106483459], [-50.0801696777, 19.5629863739, -10.7289495468, 12.5520811081, -2.40934872627, -25.0208072662, -22.9908733368, -26.479932785, -14.5867061615, -5.58785581589, 9.81244754791, 36.9106483459, 82.2341995239]],
        "icov": [[0.000758449663408, -0.000310635135975, 0.000665568863042, -0.00101981672924, 0.000781953276601, -0.000834219856188, 0.00102826638613, -0.00133359641768, 0.00163774576504, -0.00177700584754, 0.00157942855731, -0.00128513621166, 0.000963553786278], [-0.000310635135975, 0.00443789362907, -0.00114662735723, 0.00298126181588, -0.00407530879602, 0.00234908447601, -0.00249721389264, 0.0031088697724, -0.00446449685842, 0.0049632852897, -0.00535498186946, 0.0051073776558, -0.00305944355205], [0.000665568863042, -0.00114662735723, 0.00536001147702, -0.00357114127837, 0.000655748008285, -0.0027194689028, 0.00386478356086, -0.00218263454735, 0.00439452333376, -0.00678727310151, 0.0060737025924, -0.00556016294286, 0.00358120840974], [-0.00101981672924, 0.00298126181588, -0.00357114127837, 0.00747179239988, -0.00263955187984, 0.00356540107168, -0.00619561644271, 0.0060049854219, -0.00728010432795, 0.00758736301214, -0.00567542156205, 0.00568253453821, -0.00437688268721], [0.000781953276601, -0.00407530879602, 0.000655748008285, -0.00263955187984, 0.0102633209899, -0.0053277136758, 0.00516449147835, -0.00837931316346, 0.0067053087987, -0.00476897181943, 0.0042985053733, -0.00382746220566, 0.00142987887375], [-0.000834219856188, 0.00234908447601, -0.0027194689028, 0.00356540107168, -0.0053277136758, 0.0153601868078, -0.0123574370518, 0.00556421140209, -0.00579294655472, 0.00665166042745, -0.0036880436819, 0.00344381341711, -0.00079285458196], [0.00102826638613, -0.00249721389264, 0.00386478356086, -0.00619561644271, 0.00516449147835, -0.0123574370518, 0.0227890759706, -0.0109172230586, 0.00794415362179, -0.00654259463772, 0.00375139759853, -0.00211306544952, 0.00338289071806], [-0.00133359641768, 0.0031088697724, -0.00218263454735, 0.0060049854219, -0.00837931316346, 0.00556421140209, -0.0109172230586, 0.0210076216608, -0.0111853554845, 0.00296528707258, -0.0027631924022, 0.00359847117215, -0.000661255035084], [0.00163774576504, -0.00446449685842, 0.00439452333376, -0.00728010432795, 0.0067053087987, -0.00579294655472, 0.00794415362179, -0.0111853554845, 0.019739728421, -0.0102435955778, 0.00557239726186, -0.00201645866036, 0.00384269771166], [-0.00177700584754, 0.0049632852897, -0.00678727310151, 0.00758736301214, -0.00476897181943, 0.00665166042745, -0.00654259463772, 0.00296528707258, -0.0102435955778, 0.0264857970178, -0.0111957835034, 0.00753726717085, -0.0053612170741], [0.00157942855731, -0.00535498186946, 0.0060737025924, -0.00567542156205, 0.0042985053733, -0.0036880436819, 0.00375139759853, -0.0027631924022, 0.00557239726186, -0.0111957835034, 0.0262506529689, -0.0160613842309, 0.00736181857064], [-0.00128513621166, 0.0051073776558, -0.00556016294286, 0.00568253453821, -0.00382746220566, 0.00344381341711, -0.00211306544952, 0.00359847117215, -0.00201645866036, 0.00753726717085, -0.0160613842309, 0.0298779085279, -0.0134264603257], [0.000963553786278, -0.00305944355205, 0.00358120840974, -0.00437688268721, 0.00142987887375, -0.00079285458196, 0.00338289071806, -0.000661255035084, 0.00384269771166, -0.0053612170741, 0.00736181857064, -0.0134264603257, 0.0206091590226]]
    },
    "melbands": {
        "mean": [0.00184036861174, 0.00149855122436, 0.000847926363349, 0.000765808683354, 0.000796861073468, 0.000455328379758, 0.000412041379604, 0.000398695090553, 0.000416270573623, 0.000219419031055, 0.000102960613731, 0.000146040008985, 8.99167571333e-005, 0.000114851085527, 0.000103925936855, 7.54115098971e-005, 7.86082600825e-005, 8.96618366824e-005, 8.49641510285e-005, 6.31520597381e-005, 3.83612386941e-005, 3.66643762391e-005, 3.74672890757e-005, 3.29211106873e-005, 1.90842602024e-005, 1.88799076568e-005, 2.31616286328e-005, 1.65565925272e-005, 1.61912830663e-005, 1.15718121378e-005, 1.19562373584e-005, 1.36078015203e-005, 1.33214161906e-005, 1.04457421912e-005, 6.89862417858e-006, 3.87959926229e-006, 2.12683653444e-006, 1.38099778724e-006, 1.00691363514e-006, 9.36174728849e-007],
        "var": [4.6055056373e-006, 1.91203866962e-006, 3.70378387515e-007, 6.4763167984e-007, 1.61902039508e-006, 8.39176721001e-007, 5.13969439453e-007, 6.46427110951e-007, 3.31515195739e-007, 6.38917825313e-008, 1.14676454999e-008, 2.63661252831e-008, 1.0314660237e-008, 2.20003197882e-008, 3.19809672078e-008, 1.08522666409e-008, 7.8135897752e-009, 8.50458903301e-009, 1.07407789329e-008, 4.29208313335e-009, 2.21761653485e-009, 1.45453527001e-009, 2.10454764726e-009, 1.61523350251e-009, 4.56919113656e-010, 5.33304733707e-010, 1.25108778892e-009, 6.88287038475e-010, 4.55525228649e-010, 3.06023290042e-010, 4.12171130559e-010, 9.98711224831e-010, 1.43654566021e-009, 1.08615272332e-009, 5.19371712304e-010, 1.68583050297e-010, 1.41874489587e-011, 2.53741407226e-012, 1.16091359616e-012, 1.01363383832e-012]
    },
    "mfcc": {
        "mean": [-582.496948242, 107.085044861, -6.05161190033, 23.8362255096, 3.12873935699, 11.1992206573, -4.01063537598, 3.89095664024, 1.85554432869, 4.89016199112, 2.70258164406, -0.074824899435, 0.347248643637],
        "cov": [[1473.68530273, -421.450683594, 106.106140137, 112.547958374, -116.452835083, 29.8977489471, 37.4606285095, -3.41714191437, 28.9944095612, 19.2251281738, -8.87824630737, 6.63540363312, -21.3448543549], [-421.450683594, 807.531066895, -270.27456665, -180.61289978, 180.293380737, -79.1457901001, 58.0640830994, 14.1395645142, 28.0631561279, 8.68937015533, 35.5602531433, 23.0204200745, 30.9816665649], [106.106140137, -270.27456665, 388.615386963, 135.942062378, -20.7433109283, 71.7720108032, -19.772485733, -37.678943634, -4.28882646561, -24.0357837677, -23.5056438446, -6.03908205032, -9.89206981659], [112.547958374, -180.61289978, 135.942062378, 236.730514526, 7.85174894333, 35.954460144, -26.8944301605, -9.42401313782, 3.07772803307, -5.16869115829, -18.3830909729, -8.87422084808, -5.76340675354], [-116.452835083, 180.293380737, -20.7433109283, 7.85174894333, 177.860671997, -1.10429525375, 33.6387481689, 10.3674573898, 30.0772190094, 8.87641906738, 1.28416395187, 1.42800819874, 11.0250940323], [29.8977489471, -79.1457901001, 71.7720108032, 35.954460144, -1.10429525375, 121.688285828, 29.8163814545, 25.8442440033, 4.99115896225, 4.13008975983, 8.36193656921, -12.9276208878, -14.3420133591], [37.4606285095, 58.0640830994, -19.772485733, -26.8944301605, 33.6387481689, 29.8163814545, 140.87600708, 31.1397628784, 15.5570363998, 2.80348396301, 4.97933101654, 9.07682704926, 3.43809604645], [-3.41714191437, 14.1395645142, -37.678943634, -9.42401313782, 10.3674573898, 25.8442440033, 31.1397628784, 106.744781494, 28.205368042, 28.1376571655, 33.6445503235, 3.38908815384, 0.602727591991], [28.9944095612, 28.0631561279, -4.28882646561, 3.07772803307, 30.0772190094, 4.99115896225, 15.5570363998, 28.205368042, 107.366546631, 53.1128883362, 13.1782226563, 8.38353061676, -1.973128438], [19.2251281738, 8.68937015533, -24.0357837677, -5.16869115829, 8.87641906738, 4.13008975983, 2.80348396301, 28.1376571655, 53.1128883362, 110.674674988, 49.6977462769, 3.88885712624, 2.77544522285], [-8.87824630737, 35.5602531433, -23.5056438446, -18.3830909729, 1.28416395187, 8.36193656921, 4.97933101654, 33.6445503235, 13.1782226563, 49.6977462769, 101.010696411, 24.87383461, -11.5484304428], [6.63540363312, 23.0204200745, -6.03908205032, -8.87422084808, 1.42800819874, -12.9276208878, 9.07682704926, 3.38908815384, 8.38353061676, 3.88885712624, 24.87383461, 69.7886123657, 20.6119976044], [-21.3448543549, 30.9816665649, -9.89206981659, -5.76340675354, 11.0250940323, -14.3420133591, 3.43809604645, 0.602727591991, -1.973128438, 2.77544522285, -11.5484304428, 20.6119976044, 71.7809371948]],
        "icov": [[0.00085566600319, 0.000435874884715, 0.00011593925592, -0.000233855796978, 0.000292156735668, 0.000184784003068, -0.000540346023627, 0.000197299610591, -0.000360191130312, -4.17847841163e-005, -4.20700853283e-005, -0.00012501773017, 0.000100629251392], [0.000435874884715, 0.00279684946872, 0.00119575066492, 0.00111226725858, -0.00229012221098, 0.00065758038545, -0.000531075056642, 0.000672471476719, -0.000603356573265, 0.000808094628155, -0.00108866172377, 6.77203788655e-005, -0.000562956905924], [0.00011593925592, 0.00119575066492, 0.0043304762803, -0.0012584857177, -0.000601339153945, -0.00190067023505, 9.52587943175e-005, 0.00184879836161, -0.000806873315014, 0.00101793871727, -0.000436861329945, -0.000340040220181, -0.000327556801494], [-0.000233855796978, 0.00111226725858, -0.0012584857177, 0.00624321727082, -0.00192485481966, -0.000644113519229, 0.0012557473965, -0.000223759911023, -4.41371448687e-005, -6.19711427134e-005, 0.000581817468628, -9.31819085963e-005, 8.46495731821e-006], [0.000292156735668, -0.00229012221098, -0.000601339153945, -0.00192485481966, 0.0087633728981, -0.000125726262922, -0.00147473264951, -0.000118386109534, -0.00173451798037, -6.06976063864e-005, 0.000362198799849, 0.000700347300153, -0.000649749126751], [0.000184784003068, 0.00065758038545, -0.00190067023505, -0.000644113519229, -0.000125726262922, 0.0115609001368, -0.00271008838899, -0.00258072838187, 0.000228033328312, 0.000123016172438, -0.00125031685457, 0.00222792616114, 0.00109876599163], [-0.000540346023627, -0.000531075056642, 9.52587943175e-005, 0.0012557473965, -0.00147473264951, -0.00271008838899, 0.00916156172752, -0.00201414059848, -0.000203779156436, 0.000378762779292, 0.00108499673661, -0.00156939926092, 5.05901334691e-005], [0.000197299610591, 0.000672471476719, 0.00184879836161, -0.000223759911023, -0.000118386109534, -0.00258072838187, -0.00201414059848, 0.0131193986163, -0.0030012591742, 0.000473677559057, -0.0042635621503, 0.00139392435085, -0.00169292755891], [-0.000360191130312, -0.000603356573265, -0.000806873315014, -4.41371448687e-005, -0.00173451798037, 0.000228033328312, -0.000203779156436, -0.0030012591742, 0.0145520120859, -0.00794099736959, 0.00408118311316, -0.00313485926017, 0.00264933495782], [-4.17847841163e-005, 0.000808094628155, 0.00101793871727, -6.19711427134e-005, -6.06976063864e-005, 0.000123016172438, 0.000378762779292, 0.000473677559057, -0.00794099736959, 0.016829656437, -0.00891004409641, 0.00404777377844, -0.00367894326337], [-4.20700853283e-005, -0.00108866172377, -0.000436861329945, 0.000581817468628, 0.000362198799849, -0.00125031685457, 0.00108499673661, -0.0042635621503, 0.00408118311316, -0.00891004409641, 0.0182286705822, -0.00797838717699, 0.00580267654732], [-0.00012501773017, 6.77203788655e-005, -0.000340040220181, -9.31819085963e-005, 0.000700347300153, 0.00222792616114, -0.00156939926092, 0.00139392435085, -0.00313485926017, 0.00404777377844, -0.00797838717699, 0.019858950749, -0.00694850925356], [0.000100629251392, -0.000562956905924, -0.000327556801494, 8.46495731821e-006, -0.000649749126751, 0.00109876599163, 5.05901334691e-005, -0.00169292755891, 0.00264933495782, -0.00367894326337, 0.00580267654732, -0.00694850925356, 0.0176347512752]]
    },
    "spectral_contrast_coeffs": {
        "mean": [-0.671574294567, -0.720856070518, -0.775941550732, -0.770429491997, -0.779046654701, -0.733954846859],
        "var": [0.00511563429609, 0.00559447240084, 0.00247113057412, 0.00183889560867, 0.00127684161998, 0.0021313871257]
    },
    "spectral_contrast_valleys": {
        "mean": [-6.695084095, -6.31245279312, -6.7811331749, -6.92761611938, -6.86827898026, -9.50433540344],
        "var": [0.620181143284, 0.44901522994, 0.474993944168, 0.414781987667, 0.477085441351, 0.553709506989]
    }
},
"metadata": {
    "audio_properties": {
        "analysis_sample_rate": 44100,
        "bit_rate": 128074,
        "equal_loudness": 0,
        "length": 45.0612258911,
        "lossless": 0,
        "replay_gain": -5.5762386322,
        "sample_rate": 44100,
        "codec": "mp3",
        "downmix": "mix",
        "md5_encoded": "ba35667541cfc984958074924859c1fd"
    },
    "tags": {
        "file_name": "1061.mp3"
    },
    "version": {
        "essentia": "2.1-beta2",
        "essentia_git_sha": "v2.1_beta2",
        "extractor": "music 1.0"
    }
},
"rhythm": {
    "beats_count": 103,
    "beats_loudness": {
        "mean": 0.043540854007,
        "var": 0.000107976469735
    },
    "bpm": 139.139328003,
    "bpm_histogram_first_peak_bpm": {
        "mean": 140,
        "var": 0
    },
    "bpm_histogram_first_peak_spread": {
        "mean": 0.418367385864,
        "var": 0
    },
    "bpm_histogram_first_peak_weight": {
        "mean": 0.558823525906,
        "var": 0
    },
    "bpm_histogram_second_peak_bpm": {
        "mean": 126,
        "var": 0
    },
    "bpm_histogram_second_peak_spread": {
        "mean": 0,
        "var": 0
    },
    "bpm_histogram_second_peak_weight": {
        "mean": 0.0392156876624,
        "var": 0
    },
    "danceability": 1.48819744587,
    "onset_rate": 3.26075792313,
    "beats_loudness_band_ratio": {
        "mean": [0.400575309992, 0.182607188821, 0.156320556998, 0.102982893586, 0.107519708574, 0.0880342200398],
        "var": [0.0312368702143, 0.0230132136494, 0.00936179235578, 0.00441453140229, 0.00309177604504, 0.00352532230318]
    },
    "beats_position": [0.46439909935, 0.940408170223, 1.4164172411, 1.89242625237, 2.36843538284, 2.80961441994, 3.25079369545, 3.69197273254, 4.13315200806, 4.57433080673, 5.00390005112, 5.4334692955, 5.87464857101, 6.29260778427, 6.72217655182, 7.1517457962, 7.58131504059, 8.01088428497, 8.44045352936, 8.87002277374, 9.287981987, 9.70594120026, 10.1355104446, 10.5650787354, 11.0062580109, 11.4358272552, 11.8653964996, 12.3065757751, 12.7477550507, 13.1889343262, 13.6185035706, 14.0480718613, 14.4776411057, 14.90721035, 15.3251695633, 15.7663488388, 16.1843090057, 16.6254863739, 17.0666656494, 17.4962348938, 17.9258041382, 18.3437633514, 18.7733325958, 19.2029018402, 19.6440811157, 20.0736503601, 20.5032196045, 20.9327888489, 21.3623580933, 21.8035373688, 22.2331066132, 22.6626758575, 23.1038551331, 23.5450344086, 23.974603653, 24.40417099, 24.8337402344, 25.2633094788, 25.681268692, 26.1224479675, 26.5520172119, 26.9815864563, 27.4227657318, 27.8523349762, 28.2819042206, 28.711473465, 29.1410427094, 29.5590019226, 29.988571167, 30.4181404114, 30.8593196869, 31.2888889313, 31.7184581757, 32.1480255127, 32.5892066956, 33.0187759399, 33.4483451843, 33.8779144287, 34.3074836731, 34.7370529175, 35.1782302856, 35.5961914063, 36.0141487122, 36.455329895, 36.8732872009, 37.3144645691, 37.7324256897, 38.1619949341, 38.5915641785, 39.0327415466, 39.462310791, 39.8918800354, 40.3330612183, 40.7742385864, 41.2038078308, 41.6333770752, 42.0629463196, 42.4809074402, 42.9104766846, 43.340045929, 43.7696151733, 44.2107925415, 44.6403617859]
},
"tonal": {
    "chords_changes_rate": 0.113168723881,
    "chords_number_rate": 0.00823045242578,
    "chords_strength": {
        "mean": 0.462914645672,
        "var": 0.00721266726032
    },
    "hpcp_entropy": {
        "mean": 2.40205049515,
        "var": 0.551518857479
    },
    "key_strength": 0.72491312027,
    "tuning_diatonic_strength": 0.603630959988,
    "tuning_equal_tempered_deviation": 0.254069685936,
    "tuning_frequency": 434.193115234,
    "tuning_nontempered_energy_ratio": 0.944489955902,
    "hpcp": {
        "mean": [0.416889280081, 0.448928385973, 0.230664923787, 0.125813230872, 0.113507129252, 0.104893915355, 0.184442430735, 0.275999963284, 0.213205978274, 0.122063361108, 0.0999356880784, 0.0999075621367, 0.142350122333, 0.149691611528, 0.112077303231, 0.150201871991, 0.213154405355, 0.196021229029, 0.155491113663, 0.130501404405, 0.124881207943, 0.222929149866, 0.272962838411, 0.213601723313, 0.176956668496, 0.112710595131, 0.0661809965968, 0.0995130911469, 0.123247615993, 0.121740698814, 0.175828889012, 0.200167372823, 0.159553125501, 0.166602090001, 0.192596957088, 0.232640013099],
        "var": [0.119579792023, 0.12658432126, 0.0471977517009, 0.0329162031412, 0.0318977162242, 0.0246450193226, 0.0410755760968, 0.0851074308157, 0.0596609450877, 0.0340372100472, 0.0268833823502, 0.0207324493676, 0.0345089137554, 0.0398098528385, 0.0251895356923, 0.0455574840307, 0.0798442214727, 0.0711125284433, 0.052358686924, 0.0459688454866, 0.0324946120381, 0.0457081645727, 0.0625820532441, 0.0521049164236, 0.0720118060708, 0.0277588330209, 0.0135611258447, 0.0213483944535, 0.031879991293, 0.0278120823205, 0.0619523786008, 0.0854344889522, 0.0553560890257, 0.0609780959785, 0.0795629322529, 0.0691487789154]
    },
    "chords_histogram": [56.0699577332, 0, 4.83539104462, 1.54320991039, 0, 0, 0, 0, 0, 0, 0.102880656719, 0, 0, 0, 0, 1.33744859695, 0.925925910473, 19.7530860901, 0, 2.77777767181, 1.64609050751, 0, 11.0082302094, 0],
    "thpcp": [1, 0.513812303543, 0.280252337456, 0.252840161324, 0.233654007316, 0.410850465298, 0.61479729414, 0.474922031164, 0.271899402142, 0.22260941565, 0.222546771169, 0.317088723183, 0.33344206214, 0.24965518713, 0.334578692913, 0.474807143211, 0.43664252758, 0.346360623837, 0.290695369244, 0.278176248074, 0.496580660343, 0.608032047749, 0.475803554058, 0.394175708294, 0.25106588006, 0.147419944406, 0.221668079495, 0.274537354708, 0.271180659533, 0.391663551331, 0.445878177881, 0.355408847332, 0.371110618114, 0.429014891386, 0.518211841583, 0.92863202095],
    "chords_key": "A",
    "chords_scale": "major",
    "key_key": "A",
    "key_scale": "major"
}
}