{
"lowlevel": {
    "average_loudness": 0.714549422264,
    "barkbands_crest": {
        "mean": 10.1637487411,
        "var": 16.2639198303
    },
    "barkbands_flatness_db": {
        "mean": 0.209592536092,
        "var": 0.00266060698777
    },
    "barkbands_kurtosis": {
        "mean": 1.95342421532,
        "var": 14.5151519775
    },
    "barkbands_skewness": {
        "mean": 0.421707093716,
        "var": 1.26061725616
    },
    "barkbands_spread": {
        "mean": 14.5307378769,
        "var": 93.6182556152
    },
    "dissonance": {
        "mean": 0.456108808517,
        "var": 0.0013911932474
    },
    "dynamic_complexity": 4.62752151489,
    "erbbands_crest": {
        "mean": 11.4252233505,
        "var": 21.7953605652
    },
    "erbbands_flatness_db": {
        "mean": 0.284357577562,
        "var": 0.00216481066309
    },
    "erbbands_kurtosis": {
        "mean": 1.6022939682,
        "var": 9.0866727829
    },
    "erbbands_skewness": {
        "mean": 0.0398062281311,
        "var": 0.895343959332
    },
    "erbbands_spread": {
        "mean": 19.6976280212,
        "var": 160.002532959
    },
    "hfc": {
        "mean": 17.8920059204,
        "var": 507.987884521
    },
    "melbands_crest": {
        "mean": 11.8507499695,
        "var": 21.2890529633
    },
    "melbands_flatness_db": {
        "mean": 0.240581795573,
        "var": 0.00646076211706
    },
    "melbands_kurtosis": {
        "mean": 3.78985071182,
        "var": 54.0297889709
    },
    "melbands_skewness": {
        "mean": 1.0118380785,
        "var": 1.72314631939
    },
    "melbands_spread": {
        "mean": 24.5833930969,
        "var": 294.636749268
    },
    "pitch_salience": {
        "mean": 0.602542459965,
        "var": 0.0100220870227
    },
    "silence_rate_20dB": {
        "mean": 1,
        "var": 0
    },
    "silence_rate_30dB": {
        "mean": 1,
        "var": 0
    },
    "silence_rate_60dB": {
        "mean": 0.265190511942,
        "var": 0.194862499833
    },
    "spectral_centroid": {
        "mean": 1332.78479004,
        "var": 493038.90625
    },
    "spectral_complexity": {
        "mean": 14.3439750671,
        "var": 78.3420944214
    },
    "spectral_decrease": {
        "mean": -3.23687410209e-009,
        "var": 1.21150162916e-017
    },
    "spectral_energy": {
        "mean": 0.0138395708054,
        "var": 0.000226192219998
    },
    "spectral_energyband_high": {
        "mean": 0.000364142702892,
        "var": 6.72210944686e-007
    },
    "spectral_energyband_low": {
        "mean": 0.000313051365083,
        "var": 1.47084858781e-006
    },
    "spectral_energyband_middle_high": {
        "mean": 0.00893949251622,
        "var": 0.00014226231724
    },
    "spectral_energyband_middle_low": {
        "mean": 0.00425454834476,
        "var": 2.81504962913e-005
    },
    "spectral_entropy": {
        "mean": 7.06554794312,
        "var": 0.232271626592
    },
    "spectral_flux": {
        "mean": 0.058587256819,
        "var": 0.00197622575797
    },
    "spectral_kurtosis": {
        "mean": 12.5247631073,
        "var": 258.612091064
    },
    "spectral_rms": {
        "mean": 0.00315848668106,
        "var": 3.52596657649e-006
    },
    "spectral_rolloff": {
        "mean": 1661.7800293,
        "var": 1040383.3125
    },
    "spectral_skewness": {
        "mean": 1.98749566078,
        "var": 1.37096583843
    },
    "spectral_spread": {
        "mean": 2507288.5,
        "var": 1.96745428992e+012
    },
    "spectral_strongpeak": {
        "mean": 1.91217434406,
        "var": 5.33846712112
    },
    "zerocrossingrate": {
        "mean": 0.05696195364,
        "var": 0.000795883650426
    },
    "barkbands": {
        "mean": [0.000273075245786, 9.36693541007e-005, 4.27762315667e-005, 0.000187237485079, 0.00108298205305, 0.000648723042104, 0.000234137667576, 0.000407374289352, 0.00142515322659, 0.000780199945439, 0.00114398461301, 0.00127903779503, 0.00112941965926, 0.0016238191165, 0.00111046107486, 0.00117894168943, 0.000575074227527, 0.000187905534403, 4.86623684992e-005, 8.65899928613e-005, 0.000205376854865, 7.36369765946e-005, 1.39218354889e-005, 4.73326826977e-006, 2.11314318221e-006, 5.67622464587e-007, 4.86626183793e-010],
        "var": [1.32189450142e-006, 3.04706048837e-007, 8.7787768166e-009, 1.57824786129e-007, 1.77246124622e-006, 9.32321370328e-007, 2.37451672547e-007, 1.38317932397e-006, 1.37553397508e-005, 5.63650201002e-006, 1.69557133631e-005, 9.82439723884e-006, 5.75217654841e-006, 1.16871715363e-005, 5.96749350734e-006, 6.34270554656e-006, 1.89759316527e-006, 3.59089142421e-007, 1.02366559673e-008, 6.35257038084e-008, 2.98265632637e-007, 2.32290471303e-008, 9.853848848e-010, 1.94263660713e-010, 4.54075249623e-011, 4.35762103485e-012, 7.91385922508e-019]
    },
    "erbbands": {
        "mean": [0.00559259392321, 0.0129772797227, 0.0428383387625, 0.339902162552, 1.61592853069, 4.99281167984, 4.87226390839, 4.74316072464, 3.24614524841, 4.59204864502, 13.9137639999, 31.3157482147, 29.2391300201, 34.9572753906, 44.6044502258, 53.9640808105, 48.8765602112, 94.7097320557, 52.8704299927, 57.6045150757, 71.4488754272, 33.1053848267, 12.8959608078, 4.84229803085, 2.26253247261, 3.91763210297, 8.05188941956, 7.00542211533, 2.9840323925, 1.15372502804, 0.328291863203, 0.134794279933, 0.0619541145861, 0.0290685743093, 0.0121823968366, 0.00455459719524, 0.000574406643864, 1.64659741131e-005, 9.34191575652e-006, 1.7555346858e-005],
        "var": [0.00119736569468, 0.00417256867513, 0.00945669319481, 0.464835256338, 11.1870651245, 39.7350883484, 35.9232559204, 58.3763465881, 31.4906482697, 108.018875122, 1215.02172852, 6850.32128906, 9144.40429688, 10493.6933594, 16696.7070313, 12529.6328125, 9599.40625, 39574.703125, 10598.9433594, 20386.1523438, 22094.1933594, 5589.25439453, 1558.01196289, 88.722946167, 23.2415714264, 110.860839844, 502.450653076, 375.357574463, 40.0459899902, 5.78826332092, 0.61168307066, 0.146959394217, 0.0333486273885, 0.00937096588314, 0.00130852626171, 0.000274205347523, 3.8810917431e-006, 2.10509210063e-009, 1.25832011477e-010, 3.77940984064e-010]
    },
    "gfcc": {
        "mean": [-124.422584534, 141.457977295, -187.440933228, 6.41953229904, -59.0183067322, -7.64042282104, -33.6807518005, -30.2708721161, -14.6784973145, -11.4137926102, -21.6857051849, -7.10638904572, 6.29572725296],
        "cov": [[11184.6884766, -3685.26855469, -1947.22790527, 686.844360352, -761.197692871, 1042.43981934, -253.575531006, 510.024475098, -361.748901367, 295.535552979, -314.208251953, 164.991363525, -179.893951416], [-3685.26855469, 2932.70214844, 705.045532227, -743.09375, 765.219970703, -748.925415039, 194.322402954, -354.695922852, 186.58807373, -335.453765869, 74.986907959, -156.584121704, 70.5946044922], [-1947.22790527, 705.045532227, 972.885681152, 36.5635643005, -66.2415924072, -53.0486030579, -17.7628211975, -31.6065273285, -18.6228466034, -10.71134758, 22.2819290161, -51.3800086975, 51.5018424988], [686.844360352, -743.09375, 36.5635643005, 627.369995117, -309.381195068, 160.468795776, -58.341255188, 1.18748688698, 10.930975914, 127.731033325, -40.5528488159, 22.2771816254, 1.22454679012], [-761.197692871, 765.219970703, -66.2415924072, -309.381195068, 741.617858887, -184.062072754, -98.1894760132, 23.8741493225, 38.9337921143, -87.6308822632, 36.7546577454, -30.1580486298, -25.4352054596], [1042.43981934, -748.925415039, -53.0486030579, 160.468795776, -184.062072754, 416.970977783, -16.7932453156, 148.023834229, -95.5102615356, 89.2295379639, 9.81755828857, 25.3443565369, -39.1097183228], [-253.575531006, 194.322402954, -17.7628211975, -58.341255188, -98.1894760132, -16.7932453156, 271.790161133, -38.0669212341, 13.7048654556, -14.8124580383, 27.7635612488, 1.89855885506, 11.2950143814], [510.024475098, -354.695922852, -31.6065273285, 1.18748688698, 23.8741493225, 148.023834229, -38.0669212341, 257.15536499, -26.3114128113, 60.331653595, 9.74792003632, 24.1211414337, -3.12347793579], [-361.748901367, 186.58807373, -18.6228466034, 10.930975914, 38.9337921143, -95.5102615356, 13.7048654556, -26.3114128113, 173.769821167, 19.022611618, -12.3123979568, -1.14077723026, 18.3276462555], [295.535552979, -335.453765869, -10.71134758, 127.731033325, -87.6308822632, 89.2295379639, -14.8124580383, 60.331653595, 19.022611618, 156.097091675, 6.6475315094, 21.5016708374, 9.28445911407], [-314.208251953, 74.986907959, 22.2819290161, -40.5528488159, 36.7546577454, 9.81755828857, 27.7635612488, 9.74792003632, -12.3123979568, 6.6475315094, 112.488586426, 16.5330429077, -6.31675434113], [164.991363525, -156.584121704, -51.3800086975, 22.2771816254, -30.1580486298, 25.3443565369, 1.89855885506, 24.1211414337, -1.14077723026, 21.5016708374, 16.5330429077, 87.1938858032, 31.9852733612], [-179.893951416, 70.5946044922, 51.5018424988, 1.22454679012, -25.4352054596, -39.1097183228, 11.2950143814, -3.12347793579, 18.3276462555, 9.28445911407, -6.31675434113, 31.9852733612, 106.488693237]],
        "icov": [[0.000339778722264, -0.000490126898512, 0.000987571547739, -0.000349980808096, 0.000581536209211, -0.000647767912596, 0.000567408453207, -0.000622518127784, 0.000811277248431, -0.000443592114607, 0.000940991565585, -0.000489173457026, 0.000349666166585], [-0.000490126898512, 0.0048873280175, -0.00431030709296, 0.00254258606583, -0.00381307653151, 0.00348338508047, -0.00366481067613, 0.00354784890078, -0.00360312289558, 0.00337260216475, -0.00256419181824, 0.00364964804612, -0.00207345467061], [0.000987571547739, -0.00431030709296, 0.00604923162609, -0.00253362674266, 0.00392422359437, -0.00345849734731, 0.0038243830204, -0.0036819241941, 0.00426054000854, -0.00308003439568, 0.00296442932449, -0.00227853702381, 0.0011782492511], [-0.000349980808096, 0.00254258606583, -0.00253362674266, 0.00393696781248, -0.00123210996389, 0.00127551332116, -0.00119518500287, 0.0026058673393, -0.00251981453039, 0.000367201049812, -0.000974024063908, 0.00161445490085, -0.000860375759657], [0.000581536209211, -0.00381307653151, 0.00392422359437, -0.00123210996389, 0.00533209601417, -0.00213172123767, 0.00405890960246, -0.00360210821964, 0.00268469331786, -0.00221292278729, 0.00160556193441, -0.00245963223279, 0.00214588548988], [-0.000647767912596, 0.00348338508047, -0.00345849734731, 0.00127551332116, -0.00213172123767, 0.00749123189598, -0.00287823006511, 0.000590231909882, -0.00096401112387, 0.00137338833883, -0.00280513591133, 0.00227715121582, 1.49685920405e-005], [0.000567408453207, -0.00366481067613, 0.0038243830204, -0.00119518500287, 0.00405890960246, -0.00287823006511, 0.00741156889126, -0.00236078421585, 0.00234000734054, -0.00223570549861, 0.0009457989363, -0.0023927683942, 0.00117620953824], [-0.000622518127784, 0.00354784890078, -0.0036819241941, 0.0026058673393, -0.00360210821964, 0.000590231909882, -0.00236078421585, 0.00856443122029, -0.00307424436323, 0.000853998237289, -0.00225105532445, 0.00190509762615, -0.00204596086405], [0.000811277248431, -0.00360312289558, 0.00426054000854, -0.00251981453039, 0.00268469331786, -0.00096401112387, 0.00234000734054, -0.00307424436323, 0.0107654798776, -0.00462613627315, 0.003736612387, -0.00273589603603, 0.00127029966097], [-0.000443592114607, 0.00337260216475, -0.00308003439568, 0.000367201049812, -0.00221292278729, 0.00137338833883, -0.00223570549861, 0.000853998237289, -0.00462613627315, 0.0119658745825, -0.00331904343329, 0.00211144937202, -0.00233991187997], [0.000940991565585, -0.00256419181824, 0.00296442932449, -0.000974024063908, 0.00160556193441, -0.00280513591133, 0.0009457989363, -0.00225105532445, 0.003736612387, -0.00331904343329, 0.0135193252936, -0.00524153886363, 0.00307651679032], [-0.000489173457026, 0.00364964804612, -0.00227853702381, 0.00161445490085, -0.00245963223279, 0.00227715121582, -0.0023927683942, 0.00190509762615, -0.00273589603603, 0.00211144937202, -0.00524153886363, 0.0182513277978, -0.00711007788777], [0.000349666166585, -0.00207345467061, 0.0011782492511, -0.000860375759657, 0.00214588548988, 1.49685920405e-005, 0.00117620953824, -0.00204596086405, 0.00127029966097, -0.00233991187997, 0.00307651679032, -0.00711007788777, 0.0134327346459]]
    },
    "melbands": {
        "mean": [5.11959478899e-005, 1.92716142919e-005, 9.09849331947e-005, 0.000233652302995, 0.000190036094864, 0.000111690140329, 4.85609707539e-005, 5.31682126166e-005, 0.000133571651531, 0.000203580857487, 0.000141146389069, 0.000133382010972, 0.000156875568791, 0.000142909120768, 0.000124955549836, 0.000114170259621, 0.000184857170098, 8.05865856819e-005, 7.65267759562e-005, 6.56835982227e-005, 8.98000507732e-005, 3.76300667995e-005, 1.52403972606e-005, 8.71220254339e-006, 3.28736427946e-006, 1.68340648088e-006, 1.52389714003e-006, 2.84829116026e-006, 4.62488105768e-006, 5.9079861785e-006, 3.3566179809e-006, 1.79077119355e-006, 1.05462277133e-006, 4.59342089698e-007, 1.92128553067e-007, 1.04640179188e-007, 7.25756450493e-008, 4.57537119303e-008, 3.1203494899e-008, 2.19063522877e-008],
        "var": [8.23429218144e-008, 3.21344839627e-009, 3.6487328714e-008, 1.04699758197e-007, 4.33361222463e-008, 3.02178122524e-008, 7.76363773269e-009, 1.6428769456e-008, 1.03766538473e-007, 3.22222149407e-007, 2.30779932053e-007, 1.56594907708e-007, 2.58534498698e-007, 1.35442348892e-007, 8.26398363074e-008, 5.25719521249e-008, 1.73639122636e-007, 2.86690777784e-008, 3.14575316906e-008, 2.53618583912e-008, 3.90885652735e-008, 9.55099555e-009, 1.94356686301e-009, 5.96195148805e-010, 4.85822597429e-011, 1.46542084023e-011, 1.27362842495e-011, 8.09878206165e-011, 2.17343296138e-010, 2.8106170169e-010, 8.85361714498e-011, 1.54987984252e-011, 5.08628686044e-012, 1.01410839361e-012, 2.38751645407e-013, 7.89906673599e-014, 5.13036065453e-014, 1.75694640179e-014, 1.18260817331e-014, 5.44937884286e-015]
    },
    "mfcc": {
        "mean": [-736.639587402, 154.780227661, -50.6322441101, 2.10415196419, -14.0945415497, 14.1432552338, -20.555223465, -12.9323425293, 2.50291275978, -14.8170585632, -11.5367164612, -6.02100801468, -9.84995555878],
        "cov": [[9509.58105469, -2212.02954102, -2333.15087891, 210.489395142, -715.523681641, 428.984710693, -119.409934998, 296.555847168, 94.8416213989, -14.4536590576, 96.5028991699, 133.058364868, -149.078735352], [-2212.02954102, 2131.23706055, 314.693267822, -311.69342041, 449.851623535, -313.432617188, 75.2191772461, -81.3351135254, -24.5968742371, -4.39224243164, -151.109344482, -102.145500183, 27.3505420685], [-2333.15087891, 314.693267822, 1334.90625, 41.0097999573, -34.6319274902, -17.89427948, 25.9439258575, -81.4270172119, -13.9845352173, 7.41234397888, -52.8821678162, -62.1021461487, 32.4215736389], [210.489395142, -311.69342041, 41.0097999573, 407.96496582, -100.955238342, 103.051971436, -93.7038040161, -65.7096939087, 49.1377296448, -39.0601081848, 39.321723938, 25.6200199127, 1.53747916222], [-715.523681641, 449.851623535, -34.6319274902, -100.955238342, 660.186889648, -147.055862427, 11.3817243576, -15.4814128876, -39.5477218628, 57.0904655457, -36.9035758972, -7.13645076752, -11.6247434616], [428.984710693, -313.432617188, -17.89427948, 103.051971436, -147.055862427, 227.176376343, -12.8756837845, -12.3587017059, 13.1878538132, -22.428144455, 43.8874816895, 13.5827798843, 0.632520139217], [-119.409934998, 75.2191772461, 25.9439258575, -93.7038040161, 11.3817243576, -12.8756837845, 247.726913452, 68.9459152222, -59.7938804626, 48.821346283, -8.45095729828, -9.23648071289, 26.9254436493], [296.555847168, -81.3351135254, -81.4270172119, -65.7096939087, -15.4814128876, -12.3587017059, 68.9459152222, 139.753509521, -2.04028558731, 22.9794101715, 9.14542388916, -6.24267244339, 9.92846393585], [94.8416213989, -24.5968742371, -13.9845352173, 49.1377296448, -39.5477218628, 13.1878538132, -59.7938804626, -2.04028558731, 141.349517822, 21.0164852142, -3.32206177711, 3.62493610382, 4.12667894363], [-14.4536590576, -4.39224243164, 7.41234397888, -39.0601081848, 57.0904655457, -22.428144455, 48.821346283, 22.9794101715, 21.0164852142, 133.943222046, 35.4671211243, -16.1612873077, 12.4932203293], [96.5028991699, -151.109344482, -52.8821678162, 39.321723938, -36.9035758972, 43.8874816895, -8.45095729828, 9.14542388916, -3.32206177711, 35.4671211243, 121.997673035, 25.2209510803, -6.07242059708], [133.058364868, -102.145500183, -62.1021461487, 25.6200199127, -7.13645076752, 13.5827798843, -9.23648071289, -6.24267244339, 3.62493610382, -16.1612873077, 25.2209510803, 92.92137146, 25.5916309357], [-149.078735352, 27.3505420685, 32.4215736389, 1.53747916222, -11.6247434616, 0.632520139217, 26.9254436493, 9.92846393585, 4.12667894363, 12.4932203293, -6.07242059708, 25.5916309357, 115.187561035]],
        "icov": [[0.000310988601996, 0.000142038392369, 0.00049254077021, -8.4792758571e-005, 0.000251022458542, -0.000316038291203, 0.000205630043638, -0.000436345930211, 0.000145371479448, -0.000415477494244, 0.000596149999183, -0.000221196343773, 0.000368299457477], [0.000142038392369, 0.000901413266547, 0.000109951201011, 0.000443882221589, -0.000290201773169, 0.000607215508353, -0.000323458894854, 0.000623897998594, -0.000435388559708, 0.000542637950275, 0.000189341182704, 0.000775339722168, -0.00028340035351], [0.00049254077021, 0.000109951201011, 0.00164119759575, -0.000313325464958, 0.000548096373677, -0.000495093234349, 0.000191527811694, -0.000193646221305, 0.000380095443688, -0.00085643841885, 0.00117179541849, 0.000157739326824, 0.000289544259431], [-8.4792758571e-005, 0.000443882221589, -0.000313325464958, 0.00364672834985, -0.000198314010049, -0.000508549564984, 0.000214985397179, 0.00169978640042, -0.00127677980345, 0.00134423852433, -0.00121972744819, 0.000379628152587, -0.000638306897599], [0.000251022458542, -0.000290201773169, 0.000548096373677, -0.000198314010049, 0.00234457291663, 0.00036819773959, 0.000636800948996, -0.000355987169314, 0.00109921838157, -0.00187144207302, 0.00121494592167, -0.00101344613358, 0.000811390462331], [-0.000316038291203, 0.000607215508353, -0.000495093234349, -0.000508549564984, 0.00036819773959, 0.00698203966022, -0.00118669192307, 0.00167174288072, -0.000961393001489, 0.00210160459392, -0.00260401214473, 0.00128677568864, -0.000891608244274], [0.000205630043638, -0.000323458894854, 0.000191527811694, 0.000214985397179, 0.000636800948996, -0.00118669192307, 0.00670032203197, -0.00329545047134, 0.00343247968704, -0.00349053926766, 0.00211083842441, -0.00114447344095, -0.000304071727442], [-0.000436345930211, 0.000623897998594, -0.000193646221305, 0.00169978640042, -0.000355987169314, 0.00167174288072, -0.00329545047134, 0.0109447417781, -0.00200442411005, 0.00159965397324, -0.00234644417651, 0.00229184306227, -0.00163378240541], [0.000145371479448, -0.000435388559708, 0.000380095443688, -0.00127677980345, 0.00109921838157, -0.000961393001489, 0.00343247968704, -0.00200442411005, 0.00997753068805, -0.0045158052817, 0.00294686900452, -0.00172247446608, 0.000358581484761], [-0.000415477494244, 0.000542637950275, -0.00085643841885, 0.00134423852433, -0.00187144207302, 0.00210160459392, -0.00349053926766, 0.00159965397324, -0.0045158052817, 0.0132497306913, -0.00652656750754, 0.0045234374702, -0.00259014801122], [0.000596149999183, 0.000189341182704, 0.00117179541849, -0.00121972744819, 0.00121494592167, -0.00260401214473, 0.00211083842441, -0.00234644417651, 0.00294686900452, -0.00652656750754, 0.0135556124151, -0.00464768707752, 0.00260830880143], [-0.000221196343773, 0.000775339722168, 0.000157739326824, 0.000379628152587, -0.00101344613358, 0.00128677568864, -0.00114447344095, 0.00229184306227, -0.00172247446608, 0.0045234374702, -0.00464768707752, 0.0150838717818, -0.00458435993642], [0.000368299457477, -0.00028340035351, 0.000289544259431, -0.000638306897599, 0.000811390462331, -0.000891608244274, -0.000304071727442, -0.00163378240541, 0.000358581484761, -0.00259014801122, 0.00260830880143, -0.00458435993642, 0.0108752595261]]
    },
    "spectral_contrast_coeffs": {
        "mean": [-0.546240270138, -0.728264629841, -0.743198812008, -0.747835695744, -0.755799412727, -0.670562386513],
        "var": [0.00765482522547, 0.00476302625611, 0.00570910936221, 0.00538825150579, 0.00381607422605, 0.00643559219316]
    },
    "spectral_contrast_valleys": {
        "mean": [-9.46486663818, -7.4956741333, -7.64873456955, -7.84557342529, -8.78466701508, -12.7268218994],
        "var": [0.919678449631, 0.903188943863, 1.15796649456, 1.32724928856, 1.76131677628, 2.89171743393]
    }
},
"metadata": {
    "audio_properties": {
        "analysis_sample_rate": 44100,
        "bit_rate": 128074,
        "equal_loudness": 0,
        "length": 45.0612258911,
        "lossless": 0,
        "replay_gain": -4.80691719055,
        "sample_rate": 44100,
        "codec": "mp3",
        "downmix": "mix",
        "md5_encoded": "d58a7278f7c2c89c4e20b81c10b53aba"
    },
    "tags": {
        "file_name": "1062.mp3"
    },
    "version": {
        "essentia": "2.1-beta2",
        "essentia_git_sha": "v2.1_beta2",
        "extractor": "music 1.0"
    }
},
"rhythm": {
    "beats_count": 81,
    "beats_loudness": {
        "mean": 0.0225652623922,
        "var": 0.000321560772136
    },
    "bpm": 109.424621582,
    "bpm_histogram_first_peak_bpm": {
        "mean": 110,
        "var": 0
    },
    "bpm_histogram_first_peak_spread": {
        "mean": 0.576923072338,
        "var": 0
    },
    "bpm_histogram_first_peak_weight": {
        "mean": 0.41249999404,
        "var": 0
    },
    "bpm_histogram_second_peak_bpm": {
        "mean": 99,
        "var": 0
    },
    "bpm_histogram_second_peak_spread": {
        "mean": 0,
        "var": 0
    },
    "bpm_histogram_second_peak_weight": {
        "mean": 0.0125000001863,
        "var": 0
    },
    "danceability": 1.12366449833,
    "onset_rate": 3.48257827759,
    "beats_loudness_band_ratio": {
        "mean": [0.151271820068, 0.14705838263, 0.153130933642, 0.321429371834, 0.242628917098, 0.0207000840455],
        "var": [0.0256837680936, 0.019719844684, 0.0163801796734, 0.0395380035043, 0.0239316616207, 0.00111892970745]
    },
    "beats_position": [0.603718817234, 1.20743763447, 1.77632653713, 2.33360528946, 2.89088439941, 3.43655323982, 3.99383211136, 4.52789115906, 5.08516979218, 5.61922883987, 6.17650794983, 6.71056699753, 7.24462556839, 7.79029464722, 8.33596324921, 8.88163280487, 9.43891143799, 9.98458003998, 10.5186395645, 11.0759181976, 11.6215867996, 12.1788663864, 12.7361450195, 13.2818136215, 13.8390922546, 14.3847618103, 14.9304304123, 15.4877090454, 16.0449886322, 16.5790481567, 17.1247158051, 17.6703853607, 18.2276649475, 18.7733325958, 19.3306121826, 19.8762817383, 20.4335594177, 20.9676189423, 21.5248966217, 22.0589561462, 22.616235733, 23.1502952576, 23.707572937, 24.2532424927, 24.7989120483, 25.3329696655, 25.8670291901, 26.4243087769, 26.9699764252, 27.5156459808, 28.0613155365, 28.6069831848, 29.1410427094, 29.6983222961, 30.2439899445, 30.7896595001, 31.3469390869, 31.9042167664, 32.449886322, 32.9955558777, 33.5528335571, 34.0985031128, 34.6557807922, 35.2014503479, 35.7471199036, 36.2927894592, 36.8384590149, 37.3957366943, 37.94140625, 38.4986839294, 39.0559616089, 39.5900230408, 40.1473007202, 40.6813583374, 41.2270278931, 41.7726974487, 42.3183670044, 42.8640365601, 43.4213142395, 43.9785919189, 44.5358734131]
},
"tonal": {
    "chords_changes_rate": 0.0380658432841,
    "chords_number_rate": 0.00720164598897,
    "chords_strength": {
        "mean": 0.573948562145,
        "var": 0.00901798252016
    },
    "hpcp_entropy": {
        "mean": 2.00461483002,
        "var": 0.539093434811
    },
    "key_strength": 0.672895133495,
    "tuning_diatonic_strength": 0.56742554903,
    "tuning_equal_tempered_deviation": 0.0998208224773,
    "tuning_frequency": 434.695007324,
    "tuning_nontempered_energy_ratio": 0.737147033215,
    "hpcp": {
        "mean": [0.128451481462, 0.126752451062, 0.0958271846175, 0.0828492194414, 0.0909280031919, 0.213985607028, 0.388792902231, 0.303062647581, 0.125695213675, 0.085924692452, 0.0862311199307, 0.115128211677, 0.152632042766, 0.165645956993, 0.197573646903, 0.241801202297, 0.197501167655, 0.157544255257, 0.16124689579, 0.1336902529, 0.192881047726, 0.276169419289, 0.186078354716, 0.106929726899, 0.113447405398, 0.0962049216032, 0.132732376456, 0.223521858454, 0.214738205075, 0.192047327757, 0.254696428776, 0.206375390291, 0.132147014141, 0.123198322952, 0.0845464318991, 0.0853159800172],
        "var": [0.046920824796, 0.0461050160229, 0.0283645875752, 0.0251124985516, 0.0299336761236, 0.0551892332733, 0.128483295441, 0.0969723984599, 0.0361650288105, 0.0287901312113, 0.0213856808841, 0.0338407196105, 0.0509389042854, 0.0523919761181, 0.0516813918948, 0.0829727649689, 0.0574952848256, 0.0539465583861, 0.0588901974261, 0.044924352318, 0.0528868474066, 0.112885758281, 0.0508064888418, 0.0326562188566, 0.0437855832279, 0.0321103520691, 0.0396868363023, 0.0819684118032, 0.0685011073947, 0.0544682182372, 0.121240705252, 0.0790302157402, 0.0330924540758, 0.0370423905551, 0.02147808671, 0.0203179195523]
    },
    "chords_histogram": [61.9341545105, 9.36213970184, 13.9917697906, 5.45267486572, 1.23456788063, 0.411522626877, 0, 3.08641982079, 0, 3.90946507454, 0, 0.102880656719, 0, 0, 0, 0, 0, 0.514403283596, 0, 0, 0, 0, 0, 0],
    "thpcp": [1, 0.779496371746, 0.323296070099, 0.221003755927, 0.221791908145, 0.296117067337, 0.392579287291, 0.426051914692, 0.508171975613, 0.621928036213, 0.507985532284, 0.405213803053, 0.414737254381, 0.343859821558, 0.496102273464, 0.710325241089, 0.47860532999, 0.275030046701, 0.291793912649, 0.247445166111, 0.341396093369, 0.574912369251, 0.552320301533, 0.493957906961, 0.655095338821, 0.530810594559, 0.339890509844, 0.316873908043, 0.21745878458, 0.219438105822, 0.330385357141, 0.326015353203, 0.2464735955, 0.213093444705, 0.233872592449, 0.550384521484],
    "chords_key": "E",
    "chords_scale": "minor",
    "key_key": "E",
    "key_scale": "minor"
}
}