{
"lowlevel": {
    "average_loudness": 0.978097379208,
    "barkbands_crest": {
        "mean": 11.9660243988,
        "var": 18.8152008057
    },
    "barkbands_flatness_db": {
        "mean": 0.184317857027,
        "var": 0.00334687577561
    },
    "barkbands_kurtosis": {
        "mean": 10.6937227249,
        "var": 176.328018188
    },
    "barkbands_skewness": {
        "mean": 2.61875009537,
        "var": 2.07210183144
    },
    "barkbands_spread": {
        "mean": 13.9040927887,
        "var": 70.582901001
    },
    "dissonance": {
        "mean": 0.474320858717,
        "var": 0.000255782739259
    },
    "dynamic_complexity": 0.947698950768,
    "erbbands_crest": {
        "mean": 8.92463302612,
        "var": 17.4498157501
    },
    "erbbands_flatness_db": {
        "mean": 0.163493275642,
        "var": 0.00164547283202
    },
    "erbbands_kurtosis": {
        "mean": -0.225055515766,
        "var": 1.66708350182
    },
    "erbbands_skewness": {
        "mean": 0.0506870150566,
        "var": 0.286241620779
    },
    "erbbands_spread": {
        "mean": 42.4013175964,
        "var": 211.201812744
    },
    "hfc": {
        "mean": 21.8660812378,
        "var": 64.5588912964
    },
    "melbands_crest": {
        "mean": 17.2474555969,
        "var": 29.8420906067
    },
    "melbands_flatness_db": {
        "mean": 0.282956182957,
        "var": 0.00525469705462
    },
    "melbands_kurtosis": {
        "mean": 28.3139095306,
        "var": 799.342041016
    },
    "melbands_skewness": {
        "mean": 4.11156702042,
        "var": 3.47148633003
    },
    "melbands_spread": {
        "mean": 12.3099451065,
        "var": 98.6805038452
    },
    "pitch_salience": {
        "mean": 0.521658539772,
        "var": 0.0145957199857
    },
    "silence_rate_20dB": {
        "mean": 1,
        "var": 0
    },
    "silence_rate_30dB": {
        "mean": 0.803810477257,
        "var": 0.157700836658
    },
    "silence_rate_60dB": {
        "mean": 0.00463439757004,
        "var": 0.00461289985105
    },
    "spectral_centroid": {
        "mean": 972.409118652,
        "var": 204922.375
    },
    "spectral_complexity": {
        "mean": 22.2451076508,
        "var": 47.462852478
    },
    "spectral_decrease": {
        "mean": -2.00161007768e-008,
        "var": 1.10811100091e-016
    },
    "spectral_energy": {
        "mean": 0.0775286331773,
        "var": 0.00157798093278
    },
    "spectral_energyband_high": {
        "mean": 0.00040504016215,
        "var": 2.72091853049e-007
    },
    "spectral_energyband_low": {
        "mean": 0.050135821104,
        "var": 0.00167124671862
    },
    "spectral_energyband_middle_high": {
        "mean": 0.00679456954822,
        "var": 2.14447427425e-005
    },
    "spectral_energyband_middle_low": {
        "mean": 0.0235321186483,
        "var": 0.00027328345459
    },
    "spectral_entropy": {
        "mean": 7.32921743393,
        "var": 0.105208478868
    },
    "spectral_flux": {
        "mean": 0.160594671965,
        "var": 0.00462105730549
    },
    "spectral_kurtosis": {
        "mean": 5.36441040039,
        "var": 10.7234830856
    },
    "spectral_rms": {
        "mean": 0.00841004680842,
        "var": 4.90881575388e-006
    },
    "spectral_rolloff": {
        "mean": 587.405883789,
        "var": 476803.15625
    },
    "spectral_skewness": {
        "mean": 1.49884271622,
        "var": 0.200029477477
    },
    "spectral_spread": {
        "mean": 3455121.5,
        "var": 1.98334952243e+012
    },
    "spectral_strongpeak": {
        "mean": 0.703476071358,
        "var": 0.341898709536
    },
    "zerocrossingrate": {
        "mean": 0.030525624752,
        "var": 0.000372480368242
    },
    "barkbands": {
        "mean": [0.00531056057662, 0.0317516364157, 0.00995682552457, 0.0105656115338, 0.00786060094833, 0.00306133367121, 0.000412617548136, 0.000486746022943, 0.000674424169119, 0.000969783519395, 0.00095073558623, 0.00217107753269, 0.000824631541036, 0.000222774644499, 0.000303666194668, 0.000253830687143, 0.000570054922719, 0.000232851802139, 0.000435238936916, 0.000211022808799, 0.000157755654072, 5.123954179e-005, 3.94702401536e-005, 2.66178176389e-005, 1.36724593176e-005, 1.05523176899e-005, 3.45901366927e-006],
        "var": [9.41734469961e-005, 0.00115875515621, 0.000130016109324, 0.000160167968716, 4.70027334813e-005, 2.18275818042e-005, 3.83978459695e-007, 6.02062868893e-007, 1.49220750245e-006, 5.15408328283e-006, 1.41116538543e-006, 7.02578654455e-006, 2.05757601179e-006, 7.12724030905e-008, 1.2184273146e-007, 6.77940334981e-008, 3.85793185842e-007, 5.79388412802e-008, 1.88600168372e-007, 3.98060038265e-008, 3.11799688291e-008, 1.43774530059e-008, 8.84142270507e-009, 3.08747583055e-009, 5.33089239418e-010, 3.20630133555e-010, 8.78414493921e-011]
    },
    "erbbands": {
        "mean": [0.941113352776, 6.92261838913, 12.4548778534, 24.1841831207, 37.2922172546, 20.9225788116, 16.6621303558, 31.7536811829, 8.73766517639, 8.60879135132, 9.83828926086, 16.393901825, 30.9880390167, 33.707233429, 46.4714241028, 89.800819397, 46.3300971985, 14.2362222672, 14.7985258102, 14.8077344894, 19.7006607056, 28.8827095032, 15.3341283798, 19.6055164337, 17.2948703766, 9.94873809814, 10.0537805557, 2.80825734138, 1.79302370548, 1.61024343967, 1.06321644783, 0.620183348656, 0.408621579409, 0.194232344627, 0.0742654800415, 0.0303050801158, 0.02107440494, 0.0093366522342, 0.000362568651326, 9.21347091207e-005],
        "var": [1.50169503689, 59.1933746338, 179.609863281, 650.73248291, 1402.16088867, 534.795837402, 291.186248779, 3197.03466797, 151.59954834, 153.776290894, 231.750930786, 736.767944336, 8223.54101563, 2125.10009766, 2865.75683594, 12158.7568359, 5417.05273438, 274.776367188, 247.568466187, 268.955810547, 407.317260742, 930.53692627, 258.748809814, 427.325378418, 288.73638916, 82.7199859619, 108.456085205, 15.1740226746, 16.4499969482, 16.2539024353, 6.45028972626, 1.89150822163, 0.710934758186, 0.133110031486, 0.0148507868871, 0.00247347145341, 0.00145663379226, 0.000386556814192, 8.70483859217e-007, 1.93926519287e-009]
    },
    "gfcc": {
        "mean": [18.6091575623, 131.214813232, -112.767852783, 42.1462249756, -24.5656890869, 9.08635425568, -16.229839325, 1.36944282055, -33.823059082, -6.65250349045, -9.81802463531, 1.92719757557, -7.26740550995],
        "cov": [[2105.50708008, -677.620544434, 54.8970489502, 65.0874176025, -313.231170654, 130.032669067, -237.337982178, 57.9430427551, -49.1486968994, 60.2387809753, -71.4143753052, 104.385856628, -82.6034851074], [-677.620544434, 1031.57519531, -286.943481445, -13.4609041214, 335.585540771, -245.601867676, 261.624298096, -52.7387695313, 49.8624839783, -67.8533554077, 92.9671783447, -114.976654053, 136.050338745], [54.8970489502, -286.943481445, 636.041870117, 0.272713989019, -2.60890388489, 176.329650879, -73.5774383545, 58.8950080872, 44.7635498047, 34.2028770447, -41.4917449951, 56.3475456238, -62.1838226318], [65.0874176025, -13.4609041214, 0.272713989019, 158.348983765, 8.91261863708, -13.7973957062, -2.38512825966, -10.7162942886, 29.40965271, 11.3179359436, 17.0170478821, -18.2730808258, 19.1292514801], [-313.231170654, 335.585540771, -2.60890388489, 8.91261863708, 290.121459961, -39.8332099915, 130.292724609, -2.79704642296, 3.14820718765, 4.72070884705, 34.3793563843, -19.3515090942, 30.2247009277], [130.032669067, -245.601867676, 176.329650879, -13.7973957062, -39.8332099915, 211.190002441, -16.1099720001, 10.9834947586, 0.449297040701, 10.2488431931, 2.67333650589, 34.3451423645, -46.3904724121], [-237.337982178, 261.624298096, -73.5774383545, -2.38512825966, 130.292724609, -16.1099720001, 155.312820435, 15.4624176025, 28.2217884064, -13.4215021133, 34.22397995, -23.7085113525, 36.6633872986], [57.9430427551, -52.7387695313, 58.8950080872, -10.7162942886, -2.79704642296, 10.9834947586, 15.4624176025, 84.0255584717, 32.8089179993, 15.4897222519, -18.4070224762, 13.8180589676, 6.45606184006], [-49.1486968994, 49.8624839783, 44.7635498047, 29.40965271, 3.14820718765, 0.449297040701, 28.2217884064, 32.8089179993, 98.5035858154, 24.2754421234, 22.3474884033, -8.52257919312, 23.6200065613], [60.2387809753, -67.8533554077, 34.2028770447, 11.3179359436, 4.72070884705, 10.2488431931, -13.4215021133, 15.4897222519, 24.2754421234, 80.077293396, 30.4400234222, 32.2146148682, -3.60465073586], [-71.4143753052, 92.9671783447, -41.4917449951, 17.0170478821, 34.3793563843, 2.67333650589, 34.22397995, -18.4070224762, 22.3474884033, 30.4400234222, 83.5358352661, 24.3589630127, 21.5289974213], [104.385856628, -114.976654053, 56.3475456238, -18.2730808258, -19.3515090942, 34.3451423645, -23.7085113525, 13.8180589676, -8.52257919312, 32.2146148682, 24.3589630127, 85.4490127563, 11.2781581879], [-82.6034851074, 136.050338745, -62.1838226318, 19.1292514801, 30.2247009277, -46.3904724121, 36.6633872986, 6.45606184006, 23.6200065613, -3.60465073586, 21.5289974213, 11.2781581879, 78.8952331543]],
        "icov": [[0.00075936637586, -0.000396458402975, 0.000413213274442, -0.000863301043864, 0.000516086583957, -0.000693303300068, 0.0008681412437, -0.000852106779348, 0.000220283443923, -0.000455838424386, 0.001006946899, -0.00135695154313, 0.000907079374883], [-0.000396458402975, 0.00724947080016, -0.00115448154975, 0.00416601123288, -0.00395805481821, 0.00575139839202, -0.00466161919758, 0.00338518177159, -0.00127486884594, 0.00407050037757, -0.00756523991004, 0.00820688251406, -0.00659011956304], [0.000413213274442, -0.00115448154975, 0.00351169751957, -0.00128305051476, -0.00105938932393, -0.00317578436807, 0.00324707431719, -0.00152135628741, -0.00271043018438, -7.00948003214e-005, 0.00369427376427, -0.00416466314346, 0.00305196223781], [-0.000863301043864, 0.00416601123288, -0.00128305051476, 0.0105634965003, -0.0028530175332, 0.0033519200515, -0.00147894537076, 0.00351912504993, -0.0022074370645, 0.00126054417342, -0.00635387934744, 0.00883331149817, -0.00700765801594], [0.000516086583957, -0.00395805481821, -0.00105938932393, -0.0028530175332, 0.00947811640799, -0.00137098098639, -0.00424793269485, -0.000842433131766, 0.00426992494613, -0.00499991886318, 0.00350313563831, -0.00327440607361, 0.00283369212411], [-0.000693303300068, 0.00575139839202, -0.00317578436807, 0.0033519200515, -0.00137098098639, 0.0127403093502, -0.00697672180831, 0.00346520938911, -0.000679980556015, 0.00436053425074, -0.00781709328294, 0.00412306189537, -0.00103799672797], [0.0008681412437, -0.00466161919758, 0.00324707431719, -0.00147894537076, -0.00424793269485, -0.00697672180831, 0.0209696702659, -0.0087136849761, -0.00207784329541, 0.00230093998834, -0.000872203090694, -0.00175494793802, 0.00157489802223], [-0.000852106779348, 0.00338518177159, -0.00152135628741, 0.00351912504993, -0.000842433131766, 0.00346520938911, -0.0087136849761, 0.023085527122, -0.00803492125124, -0.00247803493403, 0.00749320210889, -0.00189191056415, -0.00374355865642], [0.000220283443923, -0.00127486884594, -0.00271043018438, -0.0022074370645, 0.00426992494613, -0.000679980556015, -0.00207784329541, -0.00803492125124, 0.0209716018289, -0.00631614075974, -0.00621469272301, 0.00828280672431, -0.00563986506313], [-0.000455838424386, 0.00407050037757, -7.00948003214e-005, 0.00126054417342, -0.00499991886318, 0.00436053425074, 0.00230093998834, -0.00247803493403, -0.00631614075974, 0.0241156164557, -0.0118441917002, -0.0021431336645, 0.00228667026386], [0.001006946899, -0.00756523991004, 0.00369427376427, -0.00635387934744, 0.00350313563831, -0.00781709328294, -0.000872203090694, 0.00749320210889, -0.00621469272301, -0.0118441917002, 0.0351603925228, -0.0198197495192, 0.00696417829022], [-0.00135695154313, 0.00820688251406, -0.00416466314346, 0.00883331149817, -0.00327440607361, 0.00412306189537, -0.00175494793802, -0.00189191056415, 0.00828280672431, -0.0021431336645, -0.0198197495192, 0.036210373044, -0.0186937041581], [0.000907079374883, -0.00659011956304, 0.00305196223781, -0.00700765801594, 0.00283369212411, -0.00103799672797, 0.00157489802223, -0.00374355865642, -0.00563986506313, 0.00228667026386, 0.00696417829022, -0.0186937041581, 0.0295370426029]]
    },
    "melbands": {
        "mean": [0.00904466863722, 0.00770234828815, 0.00487617356703, 0.00204466748983, 0.000664835621137, 0.000649232650176, 0.000120433825941, 9.81271805358e-005, 7.6850890764e-005, 0.000109236396383, 0.000151665677549, 0.000128015366499, 0.000130964923301, 0.000230110206758, 0.000183316878974, 6.37578850728e-005, 2.21738500841e-005, 2.25168059842e-005, 2.13954936044e-005, 1.98401521629e-005, 2.48713859037e-005, 3.59033438144e-005, 1.60804302141e-005, 9.79017386271e-006, 1.67316593433e-005, 1.5835656086e-005, 8.66741993377e-006, 5.89262936046e-006, 7.49741639083e-006, 3.19930018122e-006, 1.13317958039e-006, 1.02696196791e-006, 9.29703446673e-007, 8.74142472185e-007, 6.43762064101e-007, 4.55083721818e-007, 3.51620769834e-007, 3.00240003526e-007, 2.27352373372e-007, 1.3940655208e-007],
        "var": [0.000101890967926, 6.0339250922e-005, 2.1513309548e-005, 3.02467833535e-006, 4.71078692499e-007, 1.22257131352e-006, 2.94555260183e-008, 2.21643929876e-008, 1.36935476291e-008, 3.98152728565e-008, 2.03854526148e-007, 3.16452855031e-008, 2.21220375352e-008, 8.09756457443e-008, 5.40347500078e-008, 1.4996620834e-008, 8.77428518731e-010, 6.32501939712e-010, 6.74670042056e-010, 5.16739762091e-010, 9.64659241376e-010, 1.77237469146e-009, 2.38808667286e-010, 9.30401519716e-011, 3.63014618365e-010, 2.461003068e-010, 8.88574352986e-011, 3.68342197021e-011, 6.61454988005e-011, 1.55573661592e-011, 3.75893283514e-012, 5.38710742681e-012, 6.33864315203e-012, 4.63752950972e-012, 2.46589836224e-012, 1.22268135287e-012, 5.97413665846e-013, 4.37530003547e-013, 1.97712072408e-013, 6.86005139955e-014]
    },
    "mfcc": {
        "mean": [-627.869506836, 160.262573242, -14.5178070068, 45.6228790283, 11.2605552673, 16.0725688934, 23.7433872223, 11.2904644012, -2.09477877617, -4.47202062607, -10.932639122, 3.63176059723, 2.02755975723],
        "cov": [[1614.11962891, -713.853515625, 130.009750366, -148.522918701, -69.9141921997, -63.3228187561, -150.944244385, -47.7905807495, -65.9281997681, -29.8165416718, -25.4877033234, -25.8171386719, 5.67936611176], [-713.853515625, 1025.03588867, -411.717132568, 248.408676147, 8.69832038879, -15.1227006912, 156.809249878, 18.2613677979, 68.8309555054, 20.5293979645, -17.6435470581, 40.3424110413, -9.58933830261], [130.009750366, -411.717132568, 613.838745117, -167.880355835, 95.2617111206, 53.8181915283, -89.903678894, 44.8428459167, -0.0405215546489, 18.3008823395, 54.5270462036, -36.1550750732, 12.405749321], [-148.522918701, 248.408676147, -167.880355835, 255.185516357, 24.8692073822, -21.3908920288, 28.9540786743, -30.9802780151, 33.0582122803, 16.688085556, -15.9793453217, 25.3036270142, -12.6220283508], [-69.9141921997, 8.69832038879, 95.2617111206, 24.8692073822, 116.591819763, 46.1586647034, 19.527551651, 9.78785419464, 10.4147462845, 8.67278957367, 18.6358356476, 5.68556785583, 8.56430244446], [-63.3228187561, -15.1227006912, 53.8181915283, -21.3908920288, 46.1586647034, 113.934059143, 47.18775177, 19.2523384094, -15.9377593994, -2.81940984726, 25.247297287, 21.3727340698, 17.1416873932], [-150.944244385, 156.809249878, -89.903678894, 28.9540786743, 19.527551651, 47.18775177, 110.495880127, 35.1900138855, 6.10438919067, -5.42660617828, 3.16483283043, 20.9839420319, 9.98751831055], [-47.7905807495, 18.2613677979, 44.8428459167, -30.9802780151, 9.78785419464, 19.2523384094, 35.1900138855, 75.9624099731, 29.6087474823, 6.27853107452, 8.13988685608, -3.6457901001, 4.10059785843], [-65.9281997681, 68.8309555054, -0.0405215546489, 33.0582122803, 10.4147462845, -15.9377593994, 6.10438919067, 29.6087474823, 79.3162918091, 40.9629364014, 1.10347890854, -6.54742622375, -8.60730457306], [-29.8165416718, 20.5293979645, 18.3008823395, 16.688085556, 8.67278957367, -2.81940984726, -5.42660617828, 6.27853107452, 40.9629364014, 67.0702133179, 26.1392040253, -1.00605118275, -7.04305505753], [-25.4877033234, -17.6435470581, 54.5270462036, -15.9793453217, 18.6358356476, 25.247297287, 3.16483283043, 8.13988685608, 1.10347890854, 26.1392040253, 64.7788925171, 28.06681633, 9.72040367126], [-25.8171386719, 40.3424110413, -36.1550750732, 25.3036270142, 5.68556785583, 21.3727340698, 20.9839420319, -3.6457901001, -6.54742622375, -1.00605118275, 28.06681633, 63.8126029968, 27.5262336731], [5.67936611176, -9.58933830261, 12.405749321, -12.6220283508, 8.56430244446, 17.1416873932, 9.98751831055, 4.10059785843, -8.60730457306, -7.04305505753, 9.72040367126, 27.5262336731, 56.5310020447]],
        "icov": [[0.000990090658888, 0.000737812137231, 0.000287626200588, 1.75956683961e-005, 3.33356729243e-005, 0.00036697887117, 0.000463681382826, -0.000198675843421, 0.000337089732056, -0.000187943354831, 0.000421434873715, -0.000304273475194, -0.000113739857625], [0.000737812137231, 0.00241439789534, 0.0009894274408, -0.000967454398051, -0.000292998651275, 0.000857180159073, -0.00154176342767, -0.000264203292318, -0.000676047697198, 4.44910474471e-005, -0.000274293997791, 3.82785619877e-005, -9.05532724573e-005], [0.000287626200588, 0.0009894274408, 0.0042009963654, 0.00103927333839, -0.00322783575393, -0.00107485591434, 0.00382829341106, -0.00279785133898, -0.000110716144263, 0.000249451579293, -0.00223316298798, 0.0020015691407, -0.000785800919402], [1.75956683961e-005, -0.000967454398051, 0.00103927333839, 0.00737494276837, -0.00307795102708, 0.00094761676155, -3.00156279991e-005, 0.00324468617328, -0.00240124668926, -0.00108260242268, 0.00265247817151, -0.00392486946657, 0.00215613725595], [3.33356729243e-005, -0.000292998651275, -0.00322783575393, -0.00307795102708, 0.0142798256129, -0.00413192994893, -0.00293889991008, 0.00262155104429, -0.00265281274915, 0.00154797185678, -0.00206872145645, 0.00212979246862, -0.00150570180267], [0.00036697887117, 0.000857180159073, -0.00107485591434, 0.00094761676155, -0.00413192994893, 0.0160782244056, -0.00751038827002, -0.000545612478163, 0.0042891446501, -0.00157797860447, -0.00128134188708, -0.00286852335557, -0.000253374746535], [0.000463681382826, -0.00154176342767, 0.00382829341106, -3.00156279991e-005, -0.00293889991008, -0.00751038827002, 0.0224864091724, -0.0109877074137, 0.00254228129052, 0.000411831249949, 0.00132329924963, -0.00204257364385, -0.000402653618949], [-0.000198675843421, -0.000264203292318, -0.00279785133898, 0.00324468617328, 0.00262155104429, -0.000545612478163, -0.0109877074137, 0.026369003579, -0.0135850384831, 0.00585949793458, -0.00359680922702, 0.00303275906481, -0.00108628545422], [0.000337089732056, -0.000676047697198, -0.000110716144263, -0.00240124668926, -0.00265281274915, 0.0042891446501, 0.00254228129052, -0.0135850384831, 0.0297524705529, -0.0181800611317, 0.00788787566125, -0.00254844245501, 0.00112682790495], [-0.000187943354831, 4.44910474471e-005, 0.000249451579293, -0.00108260242268, 0.00154797185678, -0.00157797860447, 0.000411831249949, 0.00585949793458, -0.0181800611317, 0.0320025421679, -0.0167909953743, 0.00700731342658, 0.000170361745404], [0.000421434873715, -0.000274293997791, -0.00223316298798, 0.00265247817151, -0.00206872145645, -0.00128134188708, 0.00132329924963, -0.00359680922702, 0.00788787566125, -0.0167909953743, 0.0332989357412, -0.0177103672177, 0.00372942420654], [-0.000304273475194, 3.82785619877e-005, 0.0020015691407, -0.00392486946657, 0.00212979246862, -0.00286852335557, -0.00204257364385, 0.00303275906481, -0.00254844245501, 0.00700731342658, -0.0177103672177, 0.0331666767597, -0.0132098225877], [-0.000113739857625, -9.05532724573e-005, -0.000785800919402, 0.00215613725595, -0.00150570180267, -0.000253374746535, -0.000402653618949, -0.00108628545422, 0.00112682790495, 0.000170361745404, 0.00372942420654, -0.0132098225877, 0.0247778967023]]
    },
    "spectral_contrast_coeffs": {
        "mean": [-0.624990999699, -0.726582229137, -0.774325430393, -0.768472671509, -0.783044457436, -0.73961186409],
        "var": [0.00644880812615, 0.00542927440256, 0.00281872646883, 0.00236132764257, 0.00143504154403, 0.00137954112142]
    },
    "spectral_contrast_valleys": {
        "mean": [-6.16974496841, -6.73317575455, -6.68168306351, -7.428794384, -7.22195577621, -10.8062896729],
        "var": [0.497018367052, 0.399435400963, 0.401424437761, 0.364546656609, 0.425632625818, 0.917335569859]
    }
},
"metadata": {
    "audio_properties": {
        "analysis_sample_rate": 44100,
        "bit_rate": 128074,
        "equal_loudness": 0,
        "length": 45.0612258911,
        "lossless": 0,
        "replay_gain": -6.22080039978,
        "sample_rate": 44100,
        "codec": "mp3",
        "downmix": "mix",
        "md5_encoded": "776158abae781ed35ebf14f5d864b352"
    },
    "tags": {
        "file_name": "1065.mp3"
    },
    "version": {
        "essentia": "2.1-beta2",
        "essentia_git_sha": "v2.1_beta2",
        "extractor": "music 1.0"
    }
},
"rhythm": {
    "beats_count": 106,
    "beats_loudness": {
        "mean": 0.123541511595,
        "var": 0.00117945391685
    },
    "bpm": 142.026901245,
    "bpm_histogram_first_peak_bpm": {
        "mean": 144,
        "var": 0
    },
    "bpm_histogram_first_peak_spread": {
        "mean": 0.475247502327,
        "var": 0
    },
    "bpm_histogram_first_peak_weight": {
        "mean": 0.50476193428,
        "var": 0
    },
    "bpm_histogram_second_peak_bpm": {
        "mean": 136,
        "var": 0
    },
    "bpm_histogram_second_peak_spread": {
        "mean": 0.250000029802,
        "var": 0
    },
    "bpm_histogram_second_peak_weight": {
        "mean": 0.0285714287311,
        "var": 0
    },
    "danceability": 1.2227230072,
    "onset_rate": 2.59529709816,
    "beats_loudness_band_ratio": {
        "mean": [0.879075527191, 0.0699433982372, 0.0179775450379, 0.0335966721177, 0.0134543739259, 0.00826306454837],
        "var": [0.0214496497065, 0.00610977364704, 0.000888957991265, 0.00168046669569, 0.000643223058432, 0.000222877351916]
    },
    "beats_position": [0.383129239082, 0.789478421211, 1.20743763447, 1.63700675964, 2.06657600403, 2.48453521729, 2.90249419212, 3.33206343651, 3.76163268089, 4.17959165573, 4.60916090012, 5.0387301445, 5.47990942001, 5.90947818756, 6.33904743195, 6.76861667633, 7.19818592072, 7.6277551651, 8.05732440948, 8.47528362274, 8.893242836, 9.31120204926, 9.72916126251, 10.1471195221, 10.5766887665, 11.0062580109, 11.4242172241, 11.8537864685, 12.2833557129, 12.7129249573, 13.1424942017, 13.572063446, 14.0016326904, 14.4312019348, 14.8607711792, 15.2787294388, 15.696688652, 16.1262588501, 16.5442180634, 16.9737873077, 17.391746521, 17.8213157654, 18.2392749786, 18.6572322845, 19.0868015289, 19.5163707733, 19.9459400177, 20.363899231, 20.7818584442, 21.1998176575, 21.6177768707, 22.035736084, 22.4536952972, 22.8716545105, 23.2896137238, 23.707572937, 24.1255321503, 24.5434913635, 24.9730606079, 25.3910198212, 25.7973690033, 26.2153282166, 26.6332874298, 27.0628566742, 27.4924259186, 27.9103851318, 28.3283443451, 28.7463035583, 29.1642627716, 29.5822219849, 30.0001811981, 30.4181404114, 30.8360996246, 31.2540588379, 31.6720180511, 32.0899772644, 32.5079345703, 32.9258956909, 33.3554649353, 33.7850341797, 34.2029914856, 34.6209526062, 35.0505218506, 35.480091095, 35.8980484009, 36.304397583, 36.7223587036, 37.1287078857, 37.5466651917, 37.9646263123, 38.3825836182, 38.8005447388, 39.2301139832, 39.6712913513, 40.124080658, 40.5536499023, 40.9832191467, 41.4127883911, 41.8423576355, 42.2719268799, 42.7014961243, 43.1310653687, 43.560634613, 43.9785919189, 44.4197731018, 44.8377304077]
},
"tonal": {
    "chords_changes_rate": 0.0627572014928,
    "chords_number_rate": 0.0113168722019,
    "chords_strength": {
        "mean": 0.478512018919,
        "var": 0.00473662093282
    },
    "hpcp_entropy": {
        "mean": 2.22886919975,
        "var": 0.446036607027
    },
    "key_strength": 0.749413013458,
    "tuning_diatonic_strength": 0.53986209631,
    "tuning_equal_tempered_deviation": 0.118370391428,
    "tuning_frequency": 440.508636475,
    "tuning_nontempered_energy_ratio": 0.767394781113,
    "hpcp": {
        "mean": [0.0583597272635, 0.066419929266, 0.101601220667, 0.130066514015, 0.118642129004, 0.110867150128, 0.114074885845, 0.133421912789, 0.204093590379, 0.23660607636, 0.164355963469, 0.101691588759, 0.0818952471018, 0.063499674201, 0.0835175514221, 0.133248314261, 0.144479975104, 0.143555194139, 0.134623557329, 0.0979533493519, 0.0892181172967, 0.109772622585, 0.164368137717, 0.2706810534, 0.277455806732, 0.166054308414, 0.0956515669823, 0.0735645368695, 0.0802052766085, 0.134232267737, 0.166292846203, 0.128631055355, 0.0802343338728, 0.0560733042657, 0.0551594048738, 0.0578900948167],
        "var": [0.0224203728139, 0.0250055920333, 0.0347764417529, 0.053499892354, 0.0477546080947, 0.0556680485606, 0.0547150783241, 0.0579177439213, 0.0878970399499, 0.105900995433, 0.0626428797841, 0.0396797135472, 0.0312284268439, 0.0206286702305, 0.0235682725906, 0.0482730530202, 0.0528180263937, 0.0622427538037, 0.0586906969547, 0.0411406122148, 0.0410297363997, 0.0425519756973, 0.0640012919903, 0.108108013868, 0.116709291935, 0.0642947182059, 0.0430807881057, 0.0358070395887, 0.0336230359972, 0.060784380883, 0.074246712029, 0.051619514823, 0.0320723764598, 0.0193907562643, 0.0194691549987, 0.022129021585]
    },
    "chords_histogram": [5.96707820892, 3.29218101501, 16.3580245972, 0, 6.99588489532, 2.16049385071, 0, 0, 0, 0, 0, 0, 0, 6.68724298477, 0, 0, 0, 0.617283940315, 8.12757205963, 3.60082316399, 0.514403283596, 15.0205764771, 24.3827152252, 6.27572011948],
    "thpcp": [1, 0.598489224911, 0.344745248556, 0.26513966918, 0.289074063301, 0.483796924353, 0.599348962307, 0.463609158993, 0.289178788662, 0.202098146081, 0.198804289103, 0.208646178246, 0.210338816047, 0.239389225841, 0.366188853979, 0.468782812357, 0.427607297897, 0.399584889412, 0.411146134138, 0.480876266956, 0.735589563847, 0.852770328522, 0.592368066311, 0.366514533758, 0.295165002346, 0.228864103556, 0.301012098789, 0.480250597, 0.520731508732, 0.517398416996, 0.48520720005, 0.353041261435, 0.321557939053, 0.395640015602, 0.592411935329, 0.97558259964],
    "chords_key": "A#",
    "chords_scale": "major",
    "key_key": "F",
    "key_scale": "major"
}
}