{
"lowlevel": {
    "average_loudness": 0.431859195232,
    "barkbands_crest": {
        "mean": 11.1195201874,
        "var": 15.9810056686
    },
    "barkbands_flatness_db": {
        "mean": 0.251689165831,
        "var": 0.0033367825672
    },
    "barkbands_kurtosis": {
        "mean": 7.03105258942,
        "var": 55.5683860779
    },
    "barkbands_skewness": {
        "mean": 1.49295961857,
        "var": 1.33640110493
    },
    "barkbands_spread": {
        "mean": 7.04344844818,
        "var": 75.3587493896
    },
    "dissonance": {
        "mean": 0.425677984953,
        "var": 0.00239088386297
    },
    "dynamic_complexity": 3.58121037483,
    "erbbands_crest": {
        "mean": 12.382062912,
        "var": 21.7351779938
    },
    "erbbands_flatness_db": {
        "mean": 0.272800445557,
        "var": 0.00350367696956
    },
    "erbbands_kurtosis": {
        "mean": 4.53572463989,
        "var": 27.9579906464
    },
    "erbbands_skewness": {
        "mean": 1.26751959324,
        "var": 0.809466898441
    },
    "erbbands_spread": {
        "mean": 14.3203258514,
        "var": 162.292709351
    },
    "hfc": {
        "mean": 11.8051185608,
        "var": 522.30859375
    },
    "melbands_crest": {
        "mean": 13.6211929321,
        "var": 23.3700370789
    },
    "melbands_flatness_db": {
        "mean": 0.331946611404,
        "var": 0.00658706342801
    },
    "melbands_kurtosis": {
        "mean": 8.08536911011,
        "var": 113.870887756
    },
    "melbands_skewness": {
        "mean": 1.46750545502,
        "var": 1.29732191563
    },
    "melbands_spread": {
        "mean": 9.85445594788,
        "var": 231.413482666
    },
    "pitch_salience": {
        "mean": 0.599845170975,
        "var": 0.0096709895879
    },
    "silence_rate_20dB": {
        "mean": 1,
        "var": 0
    },
    "silence_rate_30dB": {
        "mean": 0.978372812271,
        "var": 0.0211600456387
    },
    "silence_rate_60dB": {
        "mean": 0.0581874363124,
        "var": 0.0548022426665
    },
    "spectral_centroid": {
        "mean": 588.072387695,
        "var": 171630.796875
    },
    "spectral_complexity": {
        "mean": 10.6941299438,
        "var": 9.31118488312
    },
    "spectral_decrease": {
        "mean": -4.4683892142e-009,
        "var": 3.20455493393e-017
    },
    "spectral_energy": {
        "mean": 0.0179354678839,
        "var": 0.000541029963642
    },
    "spectral_energyband_high": {
        "mean": 0.000183070267667,
        "var": 7.21980484286e-007
    },
    "spectral_energyband_low": {
        "mean": 0.00143865228165,
        "var": 3.69906842934e-006
    },
    "spectral_energyband_middle_high": {
        "mean": 0.00306754582562,
        "var": 0.000137205162901
    },
    "spectral_energyband_middle_low": {
        "mean": 0.0137214176357,
        "var": 0.000247494172072
    },
    "spectral_entropy": {
        "mean": 6.379570961,
        "var": 0.306755304337
    },
    "spectral_flux": {
        "mean": 0.0520595945418,
        "var": 0.00171128159855
    },
    "spectral_kurtosis": {
        "mean": 35.8438835144,
        "var": 1366.27258301
    },
    "spectral_rms": {
        "mean": 0.00370987318456,
        "var": 3.73485295313e-006
    },
    "spectral_rolloff": {
        "mean": 828.174316406,
        "var": 1553017.5
    },
    "spectral_skewness": {
        "mean": 4.16275119781,
        "var": 4.43588113785
    },
    "spectral_spread": {
        "mean": 2812969.75,
        "var": 5.53896797798e+012
    },
    "spectral_strongpeak": {
        "mean": 1.19198811054,
        "var": 2.54576182365
    },
    "zerocrossingrate": {
        "mean": 0.0321488715708,
        "var": 0.00113474705722
    },
    "barkbands": {
        "mean": [3.19644937008e-006, 0.000163582997629, 0.00111454748549, 0.00040911056567, 0.00226138392463, 0.00292653543875, 0.00214107148349, 0.00200245971791, 0.00327375764027, 0.000931138347369, 0.000777285313234, 0.000549158256035, 0.000692490022629, 0.00017461758398, 0.000145328784129, 5.12413680553e-005, 3.10739851557e-005, 4.10625907534e-005, 4.00294193241e-005, 3.08179078274e-005, 1.29110903799e-005, 2.13521798287e-005, 3.85811617889e-005, 4.36131267634e-005, 5.03485680383e-005, 8.75605655892e-006, 3.82234475182e-008],
        "var": [3.09736680748e-011, 4.51318165062e-008, 2.72588658845e-006, 8.65026834163e-007, 1.07553487396e-005, 1.27355770019e-005, 5.30853794771e-005, 1.368989615e-005, 0.000126813451061, 3.52088900399e-005, 3.05784924421e-005, 1.03247111838e-005, 2.78697534668e-005, 7.98872690666e-007, 8.3223682168e-007, 4.15668353071e-008, 1.29806885241e-008, 3.92141181749e-008, 7.81298084007e-008, 3.11219316984e-008, 4.47084236299e-009, 1.42072922316e-008, 5.53659411651e-008, 4.64977460979e-008, 7.75975763645e-008, 3.05801628464e-009, 1.12158858047e-013]
    },
    "erbbands": {
        "mean": [0.00158350903075, 0.0704531669617, 1.05431854725, 1.30389678478, 2.31900000572, 8.410987854, 20.50481987, 23.9762058258, 28.3478813171, 34.8540077209, 48.78383255, 81.7489547729, 53.0241127014, 21.3757400513, 30.2216701508, 22.2138404846, 30.8228340149, 16.2218780518, 6.52435207367, 7.22594356537, 2.59175944328, 1.68826341629, 2.17914175987, 1.93489146233, 2.43588972092, 1.37212073803, 0.456436544657, 0.706828892231, 0.774115920067, 0.85036534071, 1.13749718666, 0.805673897266, 0.813791394234, 0.70065331459, 0.261745482683, 0.0726807639003, 0.00947201158851, 0.000442131917225, 2.47249536187e-005, 2.22886064876e-005],
        "var": [2.98155009659e-006, 0.00848377496004, 2.38145160675, 3.51075315475, 20.4272441864, 215.155960083, 790.86126709, 1264.50524902, 3219.93945313, 12679.8066406, 8124.73583984, 83359.875, 65610.75, 26054.2089844, 31174.0644531, 20959.7480469, 62205.4414063, 7938.12109375, 440.623718262, 3423.16430664, 91.1011886597, 36.1543617249, 88.7953643799, 122.660926819, 298.263671875, 60.0172119141, 2.41488265991, 18.3312683105, 21.3130950928, 14.3706960678, 62.4250717163, 24.6721572876, 12.0779943466, 16.1165294647, 3.02054047585, 0.237681180239, 0.00212862947956, 3.75254990104e-006, 6.15598638731e-009, 8.94704033083e-010]
    },
    "gfcc": {
        "mean": [-115.091415405, 162.51473999, -105.674926758, -22.63240242, -67.7665100098, -6.93221330643, -49.8335571289, 6.71704530716, -18.8659610748, -4.48392391205, -14.3023881912, -11.8990707397, -8.2422914505],
        "cov": [[7064.43994141, -3495.05517578, -435.465545654, 1010.52685547, -1384.43615723, 969.744018555, -412.072021484, 386.865783691, -574.451599121, 277.695739746, -24.9796180725, 44.2079391479, -81.3516998291], [-3495.05517578, 2827.6003418, -25.1778945923, -682.757629395, 1060.29174805, -797.108337402, 297.644470215, -275.446166992, 384.328063965, -235.120132446, 69.1935806274, -112.316246033, 70.7363357544], [-435.465545654, -25.1778945923, 1006.29681396, -49.1413841248, -179.338256836, 344.51953125, -46.5125465393, 96.3178787231, -44.0357322693, -13.9200153351, -38.4405250549, -12.1090106964, -90.4143753052], [1010.52685547, -682.757629395, -49.1413841248, 475.374420166, -263.195831299, 105.130813599, -85.1106719971, 70.2305984497, -44.4962081909, 33.1905708313, -31.3399028778, -9.29271030426, 18.0741195679], [-1384.43615723, 1060.29174805, -179.338256836, -263.195831299, 566.778686523, -328.176086426, 103.743606567, -87.1286315918, 155.012466431, -79.8843917847, 25.008436203, -38.835521698, 14.9362344742], [969.744018555, -797.108337402, 344.51953125, 105.130813599, -328.176086426, 551.665771484, -54.522518158, 152.380554199, -145.137695313, 55.8839035034, 1.64038383961, -8.11459827423, -101.980171204], [-412.072021484, 297.644470215, -46.5125465393, -85.1106719971, 103.743606567, -54.522518158, 238.743103027, -29.0069503784, 30.968296051, 17.441740036, 4.88452863693, 14.6367740631, -25.6208744049], [386.865783691, -275.446166992, 96.3178787231, 70.2305984497, -87.1286315918, 152.380554199, -29.0069503784, 166.331298828, -27.0698261261, -9.92102718353, 8.67586708069, -12.5351314545, -22.2663898468], [-574.451599121, 384.328063965, -44.0357322693, -44.4962081909, 155.012466431, -145.137695313, 30.968296051, -27.0698261261, 165.86857605, -37.8911437988, -8.27207183838, -4.32555341721, 27.4638309479], [277.695739746, -235.120132446, -13.9200153351, 33.1905708313, -79.8843917847, 55.8839035034, 17.441740036, -9.92102718353, -37.8911437988, 106.99974823, -8.96155166626, 21.2481117249, -18.4302806854], [-24.9796180725, 69.1935806274, -38.4405250549, -31.3399028778, 25.008436203, 1.64038383961, 4.88452863693, 8.67586708069, -8.27207183838, -8.96155166626, 72.56980896, -10.4782495499, -7.89570522308], [44.2079391479, -112.316246033, -12.1090106964, -9.29271030426, -38.835521698, -8.11459827423, 14.6367740631, -12.5351314545, -4.32555341721, 21.2481117249, -10.4782495499, 90.379234314, -5.88472509384], [-81.3516998291, 70.7363357544, -90.4143753052, 18.0741195679, 14.9362344742, -101.980171204, -25.6208744049, -22.2663898468, 27.4638309479, -18.4302806854, -7.89570522308, -5.88472509384, 84.6718292236]],
        "icov": [[0.000585043802857, -0.000224088784307, 0.00077352655353, -0.000476709217764, 0.00102756766137, -0.000525822397321, 0.000601067906246, -0.000707071216311, 0.000799922563601, -0.000459124858025, 0.000400866178097, -8.38575870148e-005, 0.000530577439349], [-0.000224088784307, 0.00502271670848, -0.0026339374017, 0.00228536175564, -0.00486483471468, 0.00355477328412, -0.00324183679186, 0.00312375975773, -0.00277201249264, 0.00367079279386, -0.00323664443567, 0.00398071017116, -0.00105869711842], [0.00077352655353, -0.0026339374017, 0.00362573913299, -0.00107738934457, 0.00389621639624, -0.00306095741689, 0.00241218553856, -0.00236239237711, 0.00171601190232, -0.00154531106818, 0.00306843803264, -0.00166039774194, 0.00205771974288], [-0.000476709217764, 0.00228536175564, -0.00107738934457, 0.00472328066826, -0.000847049697768, 0.00226558209397, -0.0012851995416, 0.000657600874547, -0.0023280819878, 0.00155913445633, -0.000329699512804, 0.00299860280938, -0.000591614982113], [0.00102756766137, -0.00486483471468, 0.00389621639624, -0.000847049697768, 0.0108447996899, -0.00176757981535, 0.00316189043224, -0.00409323256463, 0.00150585744996, -0.00262406375259, 0.00340464687906, -0.00132183881942, 0.00439713569358], [-0.000525822397321, 0.00355477328412, -0.00306095741689, 0.00226558209397, -0.00176757981535, 0.00831095222384, -0.00236510485411, -0.000209420613828, -0.00103149027564, 0.00189775391482, -0.00253649265505, 0.00425251200795, 0.00313050230034], [0.000601067906246, -0.00324183679186, 0.00241218553856, -0.0012851995416, 0.00316189043224, -0.00236510485411, 0.00760409189388, -0.00237944279797, 0.00170312228147, -0.00390587793663, 0.00235162489116, -0.00307860807516, 0.0030074971728], [-0.000707071216311, 0.00312375975773, -0.00236239237711, 0.000657600874547, -0.00409323256463, -0.000209420613828, -0.00237944279797, 0.0115286307409, -0.00300480425358, 0.00461543863639, -0.00355701521039, 0.00245625781827, -0.00135215825867], [0.000799922563601, -0.00277201249264, 0.00171601190232, -0.0023280819878, 0.00150585744996, -0.00103149027564, 0.00170312228147, -0.00300480425358, 0.0118207456544, -0.00115523603745, 0.00333746825345, -0.00278135132976, -0.000336793280439], [-0.000459124858025, 0.00367079279386, -0.00154531106818, 0.00155913445633, -0.00262406375259, 0.00189775391482, -0.00390587793663, 0.00461543863639, -0.00115523603745, 0.0154425362125, -0.00115798669867, 0.00130071595777, 0.00100819161162], [0.000400866178097, -0.00323664443567, 0.00306843803264, -0.000329699512804, 0.00340464687906, -0.00253649265505, 0.00235162489116, -0.00355701521039, 0.00333746825345, -0.00115798669867, 0.0180751625448, -0.00076668523252, 0.00285427202471], [-8.38575870148e-005, 0.00398071017116, -0.00166039774194, 0.00299860280938, -0.00132183881942, 0.00425251200795, -0.00307860807516, 0.00245625781827, -0.00278135132976, 0.00130071595777, -0.00076668523252, 0.0163612738252, 0.00150101899635], [0.000530577439349, -0.00105869711842, 0.00205771974288, -0.000591614982113, 0.00439713569358, 0.00313050230034, 0.0030074971728, -0.00135215825867, -0.000336793280439, 0.00100819161162, 0.00285427202471, 0.00150101899635, 0.0197764951736]]
    },
    "melbands": {
        "mean": [2.60083852481e-005, 0.000389916502172, 0.000262812711298, 0.000332893716404, 0.000681545119733, 0.000544931157492, 0.000447266997071, 0.000393872876884, 0.000396448856918, 0.000527917058207, 0.000247088930337, 7.37465452403e-005, 9.86152881524e-005, 7.53124913899e-005, 4.5050677727e-005, 7.38866801839e-005, 2.44089806074e-005, 9.76552018983e-006, 1.0562767784e-005, 6.95177277521e-006, 2.30855584959e-006, 1.77392882961e-006, 1.77383185473e-006, 1.91275557881e-006, 1.49556046836e-006, 1.51649703639e-006, 1.78654056526e-006, 6.81293101934e-007, 2.73938297823e-007, 2.6153426802e-007, 4.76538104976e-007, 4.83102837734e-007, 3.32347866561e-007, 5.54858786472e-007, 7.14010468528e-007, 5.17939156452e-007, 4.83803376028e-007, 4.87322779463e-007, 7.81456265031e-007, 5.12554606757e-007],
        "var": [9.91925652727e-010, 3.12069829533e-007, 1.73904638245e-007, 3.5749116023e-007, 7.56341819397e-007, 5.33862191787e-007, 1.21650271012e-006, 1.11599456432e-006, 6.98853000358e-007, 3.69900158148e-006, 1.61248681252e-006, 3.61050695119e-007, 3.81450689702e-007, 1.49630096757e-007, 1.15776117582e-007, 3.39269632832e-007, 1.96723650703e-008, 1.3985189673e-009, 4.50824444442e-009, 1.98938621132e-009, 6.15763412481e-011, 4.42771617981e-011, 7.74961206318e-011, 8.70712529855e-011, 1.04070335682e-010, 1.69061542543e-010, 1.13911081956e-010, 1.46539603368e-011, 8.33167573561e-013, 2.05606950736e-012, 9.11278951604e-012, 1.04235101453e-011, 2.47621476275e-012, 6.69420421873e-012, 2.68087219091e-011, 1.23478987452e-011, 9.13932297897e-012, 4.97055781951e-012, 1.17207866676e-011, 1.25386003663e-011]
    },
    "mfcc": {
        "mean": [-762.442565918, 200.152664185, 12.8149585724, -12.7362565994, -0.862380862236, -21.278137207, -15.6659917831, -9.44372653961, -3.84549069405, 0.046800557524, -1.19465124607, -5.73682928085, -5.13320159912],
        "cov": [[5868.66699219, -3015.68554688, -46.4348754883, -57.7659263611, -279.893798828, -23.7676773071, 262.799316406, -113.215232849, -122.101486206, 33.8286399841, 73.1057510376, -177.794204712, 140.289489746], [-3015.68554688, 2491.36889648, -425.250762939, 88.4900131226, 265.899230957, -89.8836669922, -148.900054932, 39.5381546021, 40.9090042114, -21.3105430603, -9.87980461121, 48.132183075, -58.7361755371], [-46.4348754883, -425.250762939, 1058.26074219, -153.902999878, -83.571762085, 149.737091064, 123.802986145, 73.1799087524, 21.6034851074, 26.0647964478, -11.0254440308, 62.4035415649, -39.9604721069], [-57.7659263611, 88.4900131226, -153.902999878, 285.89541626, -1.65593659878, -58.2314987183, -71.9806213379, -36.5635871887, 32.9625892639, -4.65167045593, -31.900894165, 18.5898933411, -7.25666618347], [-279.893798828, 265.899230957, -83.571762085, -1.65593659878, 283.853424072, -75.6354522705, -60.2669677734, 27.1160564423, 13.8252372742, 37.9107246399, -41.6522140503, 28.9255619049, -32.167640686], [-23.7676773071, -89.8836669922, 149.737091064, -58.2314987183, -75.6354522705, 173.671325684, 54.2247314453, 18.6447162628, 0.260370284319, 5.40802192688, 53.2960472107, 1.62431049347, 11.4635038376], [262.799316406, -148.900054932, 123.802986145, -71.9806213379, -60.2669677734, 54.2247314453, 193.949539185, 29.1470584869, -28.2097091675, 26.4021034241, 53.6601905823, -17.5142269135, 12.5818967819], [-113.215232849, 39.5381546021, 73.1799087524, -36.5635871887, 27.1160564423, 18.6447162628, 29.1470584869, 152.005950928, 12.6910495758, 33.2381591797, 20.8108921051, 25.0059223175, 2.50825309753], [-122.101486206, 40.9090042114, 21.6034851074, 32.9625892639, 13.8252372742, 0.260370284319, -28.2097091675, 12.6910495758, 100.894622803, 12.7927265167, -5.35905694962, 19.469701767, -10.433423996], [33.8286399841, -21.3105430603, 26.0647964478, -4.65167045593, 37.9107246399, 5.40802192688, 26.4021034241, 33.2381591797, 12.7927265167, 118.098899841, 0.0470116771758, 11.8374300003, -15.9523906708], [73.1057510376, -9.87980461121, -11.0254440308, -31.900894165, -41.6522140503, 53.2960472107, 53.6601905823, 20.8108921051, -5.35905694962, 0.0470116771758, 104.445823669, -1.8225107193, 19.9132080078], [-177.794204712, 48.132183075, 62.4035415649, 18.5898933411, 28.9255619049, 1.62431049347, -17.5142269135, 25.0059223175, 19.469701767, 11.8374300003, -1.8225107193, 89.8170852661, -7.44844579697], [140.289489746, -58.7361755371, -39.9604721069, -7.25666618347, -32.167640686, 11.4635038376, 12.5818967819, 2.50825309753, -10.433423996, -15.9523906708, 19.9132080078, -7.44844579697, 78.1220779419]],
        "icov": [[0.00061761966208, 0.000775384134613, 0.000240179870161, -8.92286989256e-005, -0.000177599242306, 0.000421481468948, -0.000408740364946, 0.000165959980222, 0.000157010435942, -0.000127184393932, -0.000387293141102, 0.000528839940671, -0.000341898878105], [0.000775384134613, 0.00147357245442, 0.000494001375046, -0.000157681337441, -0.000609590555541, 0.000435256341007, -0.00038015001337, 2.19195626414e-005, 0.000111807596113, 0.000115774630103, -0.000649860245176, 0.000485986762214, -5.02611437696e-005], [0.000240179870161, 0.000494001375046, 0.00161686318461, 0.000560294953175, 0.000196498294827, -0.000892612501048, -0.000945682171732, -0.000354507414158, -0.000371897884179, 0.000225928830332, 0.00111960980576, -0.00102087005507, 0.000808523967862], [-8.92286989256e-005, -0.000157681337441, 0.000560294953175, 0.00463409395888, 0.000992128741927, 0.000844540074468, 0.000829370168503, 0.000690376095008, -0.00127459724899, -0.000356830802048, 0.000773658743128, -0.00144110294059, 0.000309894647216], [-0.000177599242306, -0.000609590555541, 0.000196498294827, 0.000992128741927, 0.00533546274528, 0.00154841004405, 0.00106716935989, -0.000773787556682, -3.5749093513e-005, -0.00157406902872, 0.00109137850814, -0.00135744840372, 0.00114216131624], [0.000421481468948, 0.000435256341007, -0.000892612501048, 0.000844540074468, 0.00154841004405, 0.00908455066383, -0.000217329812585, 0.000180976916454, -0.000306451664073, -0.000813655555248, -0.00391813647002, 0.000330919225235, -0.00065085303504], [-0.000408740364946, -0.00038015001337, -0.000945682171732, 0.000829370168503, 0.00106716935989, -0.000217329812585, 0.0083221597597, -0.000796710781287, 0.00172191497404, -0.00199698004872, -0.00304980715737, 0.00120566890109, -8.74001852935e-005], [0.000165959980222, 2.19195626414e-005, -0.000354507414158, 0.000690376095008, -0.000773787556682, 0.000180976916454, -0.000796710781287, 0.00820839218795, -0.000788881676272, -0.00174574763514, -0.00141971500125, -0.00149527739268, -0.00112167478073], [0.000157010435942, 0.000111807596113, -0.000371897884179, -0.00127459724899, -3.5749093513e-005, -0.000306451664073, 0.00172191497404, -0.000788881676272, 0.011504647322, -0.00119419605471, -0.000661445839796, -0.000951092981268, 0.000642282306217], [-0.000127184393932, 0.000115774630103, 0.000225928830332, -0.000356830802048, -0.00157406902872, -0.000813655555248, -0.00199698004872, -0.00174574763514, -0.00119419605471, 0.0104065546766, 0.000724071229342, -0.000714115682058, 0.00195964681916], [-0.000387293141102, -0.000649860245176, 0.00111960980576, 0.000773658743128, 0.00109137850814, -0.00391813647002, -0.00304980715737, -0.00141971500125, -0.000661445839796, 0.000724071229342, 0.0146292950958, -0.00160863378551, -0.00141029676888], [0.000528839940671, 0.000485986762214, -0.00102087005507, -0.00144110294059, -0.00135744840372, 0.000330919225235, 0.00120566890109, -0.00149527739268, -0.000951092981268, -0.000714115682058, -0.00160863378551, 0.0142365163192, -0.000499452056829], [-0.000341898878105, -5.02611437696e-005, 0.000808523967862, 0.000309894647216, 0.00114216131624, -0.00065085303504, -8.74001852935e-005, -0.00112167478073, 0.000642282306217, 0.00195964681916, -0.00141029676888, -0.000499452056829, 0.0152327092364]]
    },
    "spectral_contrast_coeffs": {
        "mean": [-0.575001358986, -0.707892000675, -0.698444485664, -0.768154978752, -0.765589356422, -0.815229952335],
        "var": [0.006913845893, 0.00522825727239, 0.00546287512407, 0.00291346665472, 0.00272401352413, 0.00223676091991]
    },
    "spectral_contrast_valleys": {
        "mean": [-8.37256336212, -6.38811779022, -7.92356824875, -8.79948997498, -9.94596862793, -12.2346286774],
        "var": [0.661572277546, 0.467083692551, 0.475222945213, 0.606038093567, 1.30469036102, 2.23276853561]
    }
},
"metadata": {
    "audio_properties": {
        "analysis_sample_rate": 44100,
        "bit_rate": 128074,
        "equal_loudness": 0,
        "length": 45.0612258911,
        "lossless": 0,
        "replay_gain": -7.33106231689,
        "sample_rate": 44100,
        "codec": "mp3",
        "downmix": "mix",
        "md5_encoded": "b6e2f730b1c31f47e1c08642da0daa60"
    },
    "tags": {
        "file_name": "1067.mp3"
    },
    "version": {
        "essentia": "2.1-beta2",
        "essentia_git_sha": "v2.1_beta2",
        "extractor": "music 1.0"
    }
},
"rhythm": {
    "beats_count": 74,
    "beats_loudness": {
        "mean": 0.0203381981701,
        "var": 0.00046192901209
    },
    "bpm": 101.64616394,
    "bpm_histogram_first_peak_bpm": {
        "mean": 101,
        "var": 0
    },
    "bpm_histogram_first_peak_spread": {
        "mean": 0.454545468092,
        "var": 0
    },
    "bpm_histogram_first_peak_weight": {
        "mean": 0.410958915949,
        "var": 0
    },
    "bpm_histogram_second_peak_bpm": {
        "mean": 108,
        "var": 0
    },
    "bpm_histogram_second_peak_spread": {
        "mean": 0.285714298487,
        "var": 0
    },
    "bpm_histogram_second_peak_weight": {
        "mean": 0.0684931501746,
        "var": 0
    },
    "danceability": 1.02419316769,
    "onset_rate": 2.59529709816,
    "beats_loudness_band_ratio": {
        "mean": [0.153049498796, 0.367667526007, 0.463599026203, 0.0598369464278, 0.0129931895062, 0.014425015077],
        "var": [0.0223361440003, 0.041077464819, 0.0267368201166, 0.00470268214121, 0.000141875745612, 0.00775990867987]
    },
    "beats_position": [0.580498874187, 1.17260766029, 1.75310659409, 2.34521532059, 2.94893407822, 3.55265307426, 4.14476203918, 4.73687076569, 5.32897949219, 5.92108821869, 6.51319694519, 7.10530614853, 7.6858048439, 8.27791404724, 8.87002277374, 9.45052146912, 10.0426301956, 10.6347389221, 11.2152376175, 11.807346344, 12.387845993, 12.9567346573, 13.6417226791, 14.3267116547, 15.0233106613, 15.7199087143, 16.4165077209, 17.1014957428, 17.8097057343, 18.5179138184, 19.2261219025, 19.9111099243, 20.6077098846, 21.1998176575, 21.7803173065, 22.3840351105, 22.9877548218, 23.5914726257, 24.1835823059, 24.7756919861, 25.37940979, 25.9831295013, 26.5868473053, 27.1441268921, 27.7014045715, 28.2702941895, 28.8391838074, 29.4196815491, 29.9769611359, 30.5342407227, 31.079908371, 31.6371879578, 32.1828575134, 32.7749671936, 33.3786849976, 33.9707946777, 34.5629005432, 35.1550102234, 35.7587280273, 36.3508377075, 36.9429473877, 37.5234451294, 38.1039466858, 38.6844444275, 39.2765541077, 39.8686599731, 40.4491615295, 41.0296592712, 41.6217689514, 42.2138786316, 42.8059844971, 43.3980941772, 43.9902038574, 44.5823135376]
},
"tonal": {
    "chords_changes_rate": 0.0637860074639,
    "chords_number_rate": 0.00925925932825,
    "chords_strength": {
        "mean": 0.499045610428,
        "var": 0.0084151122719
    },
    "hpcp_entropy": {
        "mean": 1.61493349075,
        "var": 0.675879716873
    },
    "key_strength": 0.726631879807,
    "tuning_diatonic_strength": 0.468288719654,
    "tuning_equal_tempered_deviation": 0.0550012402236,
    "tuning_frequency": 441.272583008,
    "tuning_nontempered_energy_ratio": 0.66032397747,
    "hpcp": {
        "mean": [0.1735432446, 0.0983295589685, 0.168550178409, 0.286462694407, 0.169838011265, 0.0403699539602, 0.0255572460592, 0.0290507841855, 0.126252532005, 0.213665813208, 0.150706037879, 0.106873452663, 0.108422316611, 0.0805668011308, 0.187115386128, 0.276213616133, 0.172338396311, 0.103878930211, 0.110149219632, 0.0866283550858, 0.0895568057895, 0.102792352438, 0.0832504406571, 0.188940703869, 0.279261618853, 0.160810858011, 0.0566988624632, 0.0429275147617, 0.0664663463831, 0.225913763046, 0.276875257492, 0.120218165219, 0.0717109665275, 0.0918854549527, 0.0712096840143, 0.131973475218],
        "var": [0.0825669541955, 0.0284170135856, 0.0528224855661, 0.114703431726, 0.0492720454931, 0.012550694868, 0.00564333423972, 0.00795943289995, 0.0394943766296, 0.0928677543998, 0.05486593768, 0.0474181100726, 0.0603700578213, 0.0288215726614, 0.0662892460823, 0.128848820925, 0.0588793307543, 0.0341685339808, 0.0494490303099, 0.0343272089958, 0.0217259060591, 0.0353047065437, 0.0287258476019, 0.0533488988876, 0.101437486708, 0.0381030328572, 0.0233797878027, 0.0169945582747, 0.0123168360442, 0.0598446652293, 0.11205868423, 0.0254772175103, 0.0251809116453, 0.046392146498, 0.0252274386585, 0.054179020226]
    },
    "chords_histogram": [25.3086414337, 9.05349826813, 8.95061683655, 6.27572011948, 1.02880656719, 0, 0, 0, 1.33744859695, 0, 0, 0, 0, 0, 0.411522626877, 0, 0, 13.9917697906, 0, 0, 0.308641970158, 5.65843629837, 0.411522626877, 27.2633743286],
    "thpcp": [1, 0.592880010605, 0.140925690532, 0.0892166644335, 0.10141210258, 0.440729409456, 0.745876550674, 0.526093065739, 0.373079836369, 0.378486692905, 0.281247109175, 0.653192877769, 0.964221954346, 0.601608514786, 0.362626373768, 0.384515047073, 0.302407115698, 0.312629908323, 0.358833283186, 0.290615290403, 0.65956479311, 0.974862098694, 0.561367511749, 0.197927564383, 0.149853765965, 0.23202444613, 0.788632392883, 0.966531634331, 0.419664293528, 0.250332653522, 0.320758879185, 0.248582750559, 0.460700392723, 0.60581445694, 0.343254327774, 0.588384389877],
    "chords_key": "G",
    "chords_scale": "minor",
    "key_key": "A#",
    "key_scale": "major"
}
}