{
"lowlevel": {
    "average_loudness": 0.96599984169,
    "barkbands_crest": {
        "mean": 12.735004425,
        "var": 18.2301216125
    },
    "barkbands_flatness_db": {
        "mean": 0.193229809403,
        "var": 0.00284034269862
    },
    "barkbands_kurtosis": {
        "mean": 16.4426765442,
        "var": 877.408508301
    },
    "barkbands_skewness": {
        "mean": 2.83080077171,
        "var": 3.32738232613
    },
    "barkbands_spread": {
        "mean": 13.3497209549,
        "var": 174.279190063
    },
    "dissonance": {
        "mean": 0.430259466171,
        "var": 0.0021586806979
    },
    "dynamic_complexity": 2.18441343307,
    "erbbands_crest": {
        "mean": 12.2119531631,
        "var": 40.1008148193
    },
    "erbbands_flatness_db": {
        "mean": 0.156636714935,
        "var": 0.00243484624662
    },
    "erbbands_kurtosis": {
        "mean": 4.376994133,
        "var": 98.6288375854
    },
    "erbbands_skewness": {
        "mean": 1.40598607063,
        "var": 1.57942652702
    },
    "erbbands_spread": {
        "mean": 44.2070960999,
        "var": 840.765319824
    },
    "hfc": {
        "mean": 19.9135837555,
        "var": 313.376708984
    },
    "melbands_crest": {
        "mean": 16.3283042908,
        "var": 27.3596935272
    },
    "melbands_flatness_db": {
        "mean": 0.275278240442,
        "var": 0.00401312345639
    },
    "melbands_kurtosis": {
        "mean": 36.1556434631,
        "var": 2237.57617188
    },
    "melbands_skewness": {
        "mean": 3.78283381462,
        "var": 5.57764291763
    },
    "melbands_spread": {
        "mean": 10.368979454,
        "var": 126.207672119
    },
    "pitch_salience": {
        "mean": 0.501868963242,
        "var": 0.0139009617269
    },
    "silence_rate_20dB": {
        "mean": 1,
        "var": 0
    },
    "silence_rate_30dB": {
        "mean": 0.986096799374,
        "var": 0.0137097518891
    },
    "silence_rate_60dB": {
        "mean": 0.00360453152098,
        "var": 0.00359147367999
    },
    "spectral_centroid": {
        "mean": 705.327453613,
        "var": 205764.0625
    },
    "spectral_complexity": {
        "mean": 11.2893924713,
        "var": 27.1006126404
    },
    "spectral_decrease": {
        "mean": -1.128491256e-008,
        "var": 4.18908978354e-017
    },
    "spectral_energy": {
        "mean": 0.0443981252611,
        "var": 0.000626498716883
    },
    "spectral_energyband_high": {
        "mean": 0.000886465248186,
        "var": 3.34245760314e-006
    },
    "spectral_energyband_low": {
        "mean": 0.0198508929461,
        "var": 0.000408825551858
    },
    "spectral_energyband_middle_high": {
        "mean": 0.00247950502671,
        "var": 1.91595881915e-005
    },
    "spectral_energyband_middle_low": {
        "mean": 0.0232443735003,
        "var": 0.00029048306169
    },
    "spectral_entropy": {
        "mean": 7.20269918442,
        "var": 0.309013277292
    },
    "spectral_flux": {
        "mean": 0.0948956534266,
        "var": 0.00329699344002
    },
    "spectral_kurtosis": {
        "mean": 4.26474094391,
        "var": 14.5003185272
    },
    "spectral_rms": {
        "mean": 0.00632515409961,
        "var": 3.30770558321e-006
    },
    "spectral_rolloff": {
        "mean": 679.029663086,
        "var": 1487052.625
    },
    "spectral_skewness": {
        "mean": 1.75014603138,
        "var": 0.409041047096
    },
    "spectral_spread": {
        "mean": 6028929,
        "var": 4.50736842342e+012
    },
    "spectral_strongpeak": {
        "mean": 1.14741683006,
        "var": 1.71287095547
    },
    "zerocrossingrate": {
        "mean": 0.0414674468338,
        "var": 0.00106423732359
    },
    "barkbands": {
        "mean": [0.000340669823345, 0.0123857809231, 0.00511144008487, 0.00446835998446, 0.00612281588838, 0.00367205124348, 0.0060568433255, 0.00129107118119, 0.00149688648526, 0.000419179588789, 0.000318717968185, 0.000648845219985, 0.000429536885349, 0.000114023350761, 0.000137768205605, 0.00013335525, 9.67127780314e-005, 8.89066068339e-005, 0.000123953985167, 0.000102151258034, 0.000105548133433, 0.0001216433011, 0.000199319416424, 0.000224637886276, 0.000161140516866, 2.62833400484e-005, 5.07868264776e-007],
        "var": [2.14224726847e-007, 0.000221648297156, 5.79450024816e-005, 8.21209541755e-005, 3.43148130924e-005, 2.73247569567e-005, 0.000167003847309, 9.08166111913e-006, 1.78115878953e-005, 2.52359768638e-006, 2.77468279819e-006, 7.99598092271e-006, 1.43401246078e-006, 1.28424673562e-007, 1.39632618357e-007, 1.21974494505e-007, 4.8618655768e-008, 4.12880289957e-008, 3.54093430133e-008, 3.33700853616e-008, 5.04128010448e-008, 5.88454618367e-008, 2.15922597135e-007, 3.31388662289e-007, 3.31253659169e-007, 2.54535748034e-009, 2.02743486062e-012]
    },
    "erbbands": {
        "mean": [0.33875387907, 2.80817103386, 6.27289533615, 10.4940357208, 16.8647499084, 20.2154178619, 31.2698841095, 30.7553596497, 92.1734619141, 39.1046180725, 35.9326629639, 34.7411956787, 19.3649520874, 12.9875583649, 22.0546474457, 23.8193435669, 20.2446479797, 8.51464653015, 6.60609292984, 6.95060920715, 7.12317228317, 5.32759237289, 4.5631980896, 5.61825609207, 6.39474868774, 4.89916753769, 3.44417643547, 4.7489233017, 4.08622455597, 5.17833518982, 5.69714403152, 4.29591798782, 4.22594881058, 2.4432554245, 0.759334087372, 0.188686028123, 0.035563185811, 0.0036287161056, 0.000118819145428, 5.6821063481e-005],
        "var": [0.162803679705, 13.3659963608, 80.8169631958, 264.541290283, 535.506591797, 576.066772461, 1361.72570801, 2570.60253906, 37744.3828125, 4192.65527344, 5968.54443359, 10883.9882813, 3649.23144531, 3161.22241211, 9561.89746094, 8872.84667969, 2781.82055664, 607.953186035, 328.911346436, 266.516204834, 273.144348145, 161.325408936, 102.154838562, 77.7610473633, 95.1149520874, 76.7329177856, 33.8730201721, 125.065605164, 59.3544464111, 127.314033508, 184.448226929, 119.881385803, 127.079437256, 74.3233108521, 7.57511472702, 0.177436098456, 0.00454221712425, 4.62189309474e-005, 3.91425416524e-008, 1.10668763043e-009]
    },
    "gfcc": {
        "mean": [0.102244570851, 102.885360718, -71.8661422729, 42.841003418, -69.5357055664, 16.6508159637, -44.527179718, 12.9837684631, -23.1320858002, 5.93676805496, -9.20132923126, -2.47873330116, -10.5093002319],
        "cov": [[3486.94091797, -643.373901367, -347.062988281, 34.7620162964, -279.459533691, 335.714630127, -101.613594055, 66.2095413208, -135.812286377, 22.115146637, -122.36995697, 31.1292667389, -67.0659866333], [-643.373901367, 900.402954102, -46.5913009644, -194.608383179, 227.360198975, -132.130554199, 145.125457764, -13.8781347275, 67.2500839233, -18.8937358856, 99.2685394287, -49.0127296448, 84.1413345337], [-347.062988281, -46.5913009644, 470.101165771, 178.273010254, 31.4574298859, 34.9493103027, 38.3340530396, 35.9281692505, 48.0189933777, 40.1101646423, 13.3652219772, 19.9265060425, -7.99019622803], [34.7620162964, -194.608383179, 178.273010254, 527.58190918, 44.4291801453, -15.8004751205, -23.1289176941, 12.9071102142, 123.748695374, -40.5158691406, -32.1757240295, -14.2912349701, 35.5713691711], [-279.459533691, 227.360198975, 31.4574298859, 44.4291801453, 308.842102051, 25.2424278259, 30.613325119, 19.9504470825, 15.5508575439, -26.8999080658, -50.2491950989, -18.8931674957, 43.0089836121], [335.714630127, -132.130554199, 34.9493103027, -15.8004751205, 25.2424278259, 223.912460327, 48.2067260742, 13.0541582108, -42.6598320007, 6.08398866653, -27.8249816895, 13.0769643784, -3.75614666939], [-101.613594055, 145.125457764, 38.3340530396, -23.1289176941, 30.613325119, 48.2067260742, 164.188781738, 24.3691501617, 10.6196041107, 13.7549057007, 32.6321716309, 20.1644973755, 2.3971414566], [66.2095413208, -13.8781347275, 35.9281692505, 12.9071102142, 19.9504470825, 13.0541582108, 24.3691501617, 105.157432556, 36.0425224304, 9.20426082611, 5.43820571899, 7.99348402023, 18.7712898254], [-135.812286377, 67.2500839233, 48.0189933777, 123.748695374, 15.5508575439, -42.6598320007, 10.6196041107, 36.0425224304, 150.589950562, 23.3527641296, 22.0118293762, 1.46560811996, 35.9791412354], [22.115146637, -18.8937358856, 40.1101646423, -40.5158691406, -26.8999080658, 6.08398866653, 13.7549057007, 9.20426082611, 23.3527641296, 99.3576889038, 63.4647026062, 20.7674102783, -27.1182918549], [-122.36995697, 99.2685394287, 13.3652219772, -32.1757240295, -50.2491950989, -27.8249816895, 32.6321716309, 5.43820571899, 22.0118293762, 63.4647026062, 175.908889771, 25.5952720642, -23.9545211792], [31.1292667389, -49.0127296448, 19.9265060425, -14.2912349701, -18.8931674957, 13.0769643784, 20.1644973755, 7.99348402023, 1.46560811996, 20.7674102783, 25.5952720642, 83.0478286743, 14.4815893173], [-67.0659866333, 84.1413345337, -7.99019622803, 35.5713691711, 43.0089836121, -3.75614666939, 2.3971414566, 18.7712898254, 35.9791412354, -27.1182918549, -23.9545211792, 14.4815893173, 104.154327393]],
        "icov": [[0.000647296197712, -0.000804721668828, 0.000864525674842, -0.00105302513111, 0.00119124609046, -0.0014931159094, 0.00109001959208, -0.00137282384094, 0.00105896219611, -0.0012370533077, 0.00116315542255, -0.000954188755713, 0.000881720101461], [-0.000804721668828, 0.00669697625563, -0.00187927938532, 0.0050274473615, -0.00550454854965, 0.00525728566572, -0.00617868825793, 0.00521978829056, -0.00467253895476, 0.00489434646443, -0.00583925610408, 0.00609235372394, -0.00542707229033], [0.000864525674842, -0.00187927938532, 0.00407605431974, -0.00309872836806, 0.00194953999016, -0.00264925858937, 0.00161750207189, -0.0029981834814, 0.00222549168393, -0.0036656667944, 0.00241782469675, -0.00244296365418, 0.00222094869241], [-0.00105302513111, 0.0050274473615, -0.00309872836806, 0.00730998860672, -0.00468163844198, 0.00422617187724, -0.00416186265647, 0.00518796220422, -0.00692953029647, 0.00663452083245, -0.0048010116443, 0.00476204277948, -0.003872504225], [0.00119124609046, -0.00550454854965, 0.00194953999016, -0.00468163844198, 0.00884115882218, -0.00532484753057, 0.00453862827271, -0.00531579693779, 0.00438408646733, -0.00460856361315, 0.00608149264008, -0.00407044030726, 0.00322338775732], [-0.0014931159094, 0.00525728566572, -0.00264925858937, 0.00422617187724, -0.00532484753057, 0.0111008733511, -0.00715444749221, 0.00443343725055, -0.00199159770273, 0.00320485327393, -0.00385794881731, 0.00465394603088, -0.00490229437128], [0.00109001959208, -0.00617868825793, 0.00161750207189, -0.00416186265647, 0.00453862827271, -0.00715444749221, 0.01352529414, -0.00616818014532, 0.00339311850257, -0.0036830662284, 0.0039017808158, -0.00701706064865, 0.00564897200093], [-0.00137282384094, 0.00521978829056, -0.0029981834814, 0.00518796220422, -0.00531579693779, 0.00443343725055, -0.00616818014532, 0.0163153093308, -0.0072044050321, 0.00470034498721, -0.00516211753711, 0.00476084137335, -0.00568281160668], [0.00105896219611, -0.00467253895476, 0.00222549168393, -0.00692953029647, 0.00438408646733, -0.00199159770273, 0.00339311850257, -0.0072044050321, 0.0160447414964, -0.00924447644502, 0.00418575759977, -0.00291853747331, -0.000248882512096], [-0.0012370533077, 0.00489434646443, -0.0036656667944, 0.00663452083245, -0.00460856361315, 0.00320485327393, -0.0036830662284, 0.00470034498721, -0.00924447644502, 0.0220204722136, -0.0093737244606, 0.0017222953029, 0.000490202393848], [0.00116315542255, -0.00583925610408, 0.00241782469675, -0.0048010116443, 0.00608149264008, -0.00385794881731, 0.0039017808158, -0.00516211753711, 0.00418575759977, -0.0093737244606, 0.013913650997, -0.0067661725916, 0.0057357721962], [-0.000954188755713, 0.00609235372394, -0.00244296365418, 0.00476204277948, -0.00407044030726, 0.00465394603088, -0.00701706064865, 0.00476084137335, -0.00291853747331, 0.0017222953029, -0.0067661725916, 0.0202828291804, -0.00911743380129], [0.000881720101461, -0.00542707229033, 0.00222094869241, -0.003872504225, 0.00322338775732, -0.00490229437128, 0.00564897200093, -0.00568281160668, -0.000248882512096, 0.000490202393848, 0.0057357721962, -0.00911743380129, 0.018232896924]]
    },
    "melbands": {
        "mean": [0.00324993394315, 0.00351308751851, 0.00210551149212, 0.00125695602037, 0.00109362311196, 0.000670391367748, 0.00140331650618, 0.000356850563549, 0.000292210810585, 0.00021231645951, 9.18323203223e-005, 5.02445072925e-005, 5.82362081332e-005, 8.43857123982e-005, 4.93398292747e-005, 3.46162742062e-005, 1.32150034915e-005, 9.52553637035e-006, 9.5054256235e-006, 1.01794630609e-005, 7.43835107642e-006, 5.7290908444e-006, 4.28516068496e-006, 4.28573184763e-006, 4.47910178991e-006, 5.09394658366e-006, 3.99666259909e-006, 3.04103582494e-006, 2.08616324926e-006, 2.01283387469e-006, 3.22428536492e-006, 2.1640214527e-006, 2.62797789219e-006, 3.01709428641e-006, 3.25731684825e-006, 3.0589335438e-006, 2.44558600571e-006, 3.04792388306e-006, 2.70878604169e-006, 1.82098358437e-006],
        "var": [1.43469942486e-005, 2.14479732676e-005, 1.01108935269e-005, 1.77517199518e-006, 1.39301573654e-006, 1.17204444905e-006, 8.77679121913e-006, 3.17342369272e-007, 4.03961792017e-007, 4.17495442662e-007, 9.10822350875e-008, 5.63564519496e-008, 7.51209512373e-008, 1.45171682675e-007, 1.96619609483e-008, 9.47713463262e-009, 1.89059057298e-009, 7.66947005904e-010, 7.54085571764e-010, 8.42189540329e-010, 3.08426117979e-010, 2.32392008415e-010, 7.93556192979e-011, 1.34808872398e-010, 5.4306205366e-011, 7.62149440781e-011, 3.68140622153e-011, 3.57191637379e-011, 1.44296892143e-011, 1.24753757672e-011, 7.70374389281e-011, 1.80603084571e-011, 3.24024626575e-011, 4.7338147291e-011, 5.89509482896e-011, 6.21472109885e-011, 4.44323883242e-011, 6.71899411109e-011, 7.1681285907e-011, 4.70524452734e-011]
    },
    "mfcc": {
        "mean": [-654.284912109, 126.636489868, 48.8237686157, 28.7178668976, 9.8081073761, 0.677462399006, -0.390928983688, -0.890583336353, -4.34427261353, 3.2677564621, 2.992664814, 1.60044908524, 1.60537302494],
        "cov": [[3247.61279297, -821.324523926, -119.732139587, -256.216583252, -105.907875061, 72.7035980225, -24.3101673126, 49.6176452637, 6.55421352386, 26.4378490448, -40.9529914856, -81.6051101685, -36.7361717224], [-821.324523926, 1096.59594727, -249.937194824, -73.9995269775, 8.04373168945, -49.2174949646, 111.39339447, -26.1758308411, 27.0482158661, -0.434338718653, 31.8454761505, 1.04687297344, 58.9404335022], [-119.732139587, -249.937194824, 450.550323486, 108.459648132, -9.26710987091, 32.66147995, -4.11575078964, 27.9446773529, -9.50192832947, 30.2774791718, 38.1055145264, 53.2008628845, 1.63728129864], [-256.216583252, -73.9995269775, 108.459648132, 376.029571533, 97.733833313, 15.4375753403, -63.2070884705, 38.4792900085, 41.8601951599, 55.127040863, -22.3129882813, 23.3106441498, -5.26821088791], [-105.907875061, 8.04373168945, -9.26710987091, 97.733833313, 237.856765747, 35.730255127, 0.0509288534522, 11.1848840714, 67.2142715454, 18.9195919037, -28.4220905304, -12.0240726471, -26.4553947449], [72.7035980225, -49.2174949646, 32.66147995, 15.4375753403, 35.730255127, 168.706726074, 42.5939445496, 33.420135498, 28.9188327789, 9.08061027527, -0.906027078629, -13.0180091858, -15.8141536713], [-24.3101673126, 111.39339447, -4.11575078964, -63.2070884705, 0.0509288534522, 42.5939445496, 159.498336792, 30.430267334, -6.63643789291, -9.95541667938, 28.0559043884, -0.257002532482, 0.967612802982], [49.6176452637, -26.1758308411, 27.9446773529, 38.4792900085, 11.1848840714, 33.420135498, 30.430267334, 106.280021667, 41.2095108032, 15.9378843307, -8.22231388092, -5.85509538651, 7.24854278564], [6.55421352386, 27.0482158661, -9.50192832947, 41.8601951599, 67.2142715454, 28.9188327789, -6.63643789291, 41.2095108032, 131.617797852, 33.753578186, -33.4634361267, -32.8918037415, -12.6637029648], [26.4378490448, -0.434338718653, 30.2774791718, 55.127040863, 18.9195919037, 9.08061027527, -9.95541667938, 15.9378843307, 33.753578186, 93.1553649902, 20.925245285, -0.989327669144, 3.36196112633], [-40.9529914856, 31.8454761505, 38.1055145264, -22.3129882813, -28.4220905304, -0.906027078629, 28.0559043884, -8.22231388092, -33.4634361267, 20.925245285, 100.122612, 42.6914291382, 17.1657314301], [-81.6051101685, 1.04687297344, 53.2008628845, 23.3106441498, -12.0240726471, -13.0180091858, -0.257002532482, -5.85509538651, -32.8918037415, -0.989327669144, 42.6914291382, 107.759613037, 45.692325592], [-36.7361717224, 58.9404335022, 1.63728129864, -5.26821088791, -26.4553947449, -15.8141536713, 0.967612802982, 7.24854278564, -12.6637029648, 3.36196112633, 17.1657314301, 45.692325592, 92.2651901245]],
        "icov": [[0.000481222697999, 0.000460655137431, 0.0003254202893, 0.000369406625396, 0.000141466385685, -0.00011392361921, -7.89318582974e-005, -0.000178017362487, -4.91270475322e-005, -0.00045711468556, 0.000113268026325, 9.37268850976e-005, -0.000109079039248], [0.000460655137431, 0.00172975251917, 0.00100157014094, 0.000147505110363, 0.000155469897436, 0.000348510715412, -0.00123735854868, 0.000532976351678, -0.000760196708143, -0.000430554471677, -0.000359200144885, 0.000214481289731, -0.000983552192338], [0.0003254202893, 0.00100157014094, 0.00328422174789, -0.000565318448935, 0.000525549519807, -0.000339484977303, -0.000557659368496, -0.000305178953568, -0.00021635676967, -0.000668363063596, -0.000776705623139, -0.00111807184294, 0.00021438326803], [0.000369406625396, 0.000147505110363, -0.000565318448935, 0.00436769519001, -0.00135548098478, -0.000218811910599, 0.00167957658414, -0.00170960940886, 0.000558351981454, -0.00229118065909, 0.00142053514719, -0.00129666901194, 0.00054078840185], [0.000141466385685, 0.000155469897436, 0.000525549519807, -0.00135548098478, 0.00585226947442, -0.000714903639164, -0.000914153875783, 0.00117803411558, -0.00269655231386, -8.52667872095e-005, 0.000801945745479, -0.000916725257412, 0.00128060975112], [-0.00011392361921, 0.000348510715412, -0.000339484977303, -0.000218811910599, -0.000714903639164, 0.00729099474847, -0.00209471699782, -0.00097530183848, -0.000996120041236, 7.55260334699e-005, -0.000350653950591, 0.00046450246009, 0.000564540037885], [-7.89318582974e-005, -0.00123735854868, -0.000557659368496, 0.00167957658414, -0.000914153875783, -0.00209471699782, 0.00959423463792, -0.00371338194236, 0.00152003008407, 0.0012118529994, -0.00238047656603, 0.000388066662708, 0.000849949952681], [-0.000178017362487, 0.000532976351678, -0.000305178953568, -0.00170960940886, 0.00117803411558, -0.00097530183848, -0.00371338194236, 0.0134845338762, -0.00420715194196, -0.000249987991992, 0.000797315151431, 0.000497916771565, -0.00231662578881], [-4.91270475322e-005, -0.000760196708143, -0.00021635676967, 0.000558351981454, -0.00269655231386, -0.000996120041236, 0.00152003008407, -0.00420715194196, 0.0129129095003, -0.00412079505622, 0.00323931709863, 0.00180346169509, 0.000299145409372], [-0.00045711468556, -0.000430554471677, -0.000668363063596, -0.00229118065909, -8.52667872095e-005, 7.55260334699e-005, 0.0012118529994, -0.000249987991992, -0.00412079505622, 0.0155417174101, -0.00607893755659, 0.00225192587823, -0.00114664190914], [0.000113268026325, -0.000359200144885, -0.000776705623139, 0.00142053514719, 0.000801945745479, -0.000350653950591, -0.00238047656603, 0.000797315151431, 0.00323931709863, -0.00607893755659, 0.0163342822343, -0.005689304322, 0.000946281652432], [9.37268850976e-005, 0.000214481289731, -0.00111807184294, -0.00129666901194, -0.000916725257412, 0.00046450246009, 0.000388066662708, 0.000497916771565, 0.00180346169509, 0.00225192587823, -0.005689304322, 0.0159876886755, -0.00707391602919], [-0.000109079039248, -0.000983552192338, 0.00021438326803, 0.00054078840185, 0.00128060975112, 0.000564540037885, 0.000849949952681, -0.00231662578881, 0.000299145409372, -0.00114664190914, 0.000946281652432, -0.00707391602919, 0.0154973035678]]
    },
    "spectral_contrast_coeffs": {
        "mean": [-0.642062842846, -0.666562259197, -0.742760837078, -0.778694331646, -0.796337902546, -0.795225083828],
        "var": [0.00687019526958, 0.0097380913794, 0.00699719181284, 0.00422598375008, 0.00178591068834, 0.000927507353481]
    },
    "spectral_contrast_valleys": {
        "mean": [-6.53193378448, -6.64205884933, -7.96888256073, -8.35907363892, -8.07083129883, -9.832695961],
        "var": [0.719764530659, 0.560730338097, 0.590458035469, 0.576016306877, 0.590767741203, 0.922925770283]
    }
},
"metadata": {
    "audio_properties": {
        "analysis_sample_rate": 44100,
        "bit_rate": 128074,
        "equal_loudness": 0,
        "length": 45.0612258911,
        "lossless": 0,
        "replay_gain": -5.80727767944,
        "sample_rate": 44100,
        "codec": "mp3",
        "downmix": "mix",
        "md5_encoded": "6b15da3af4c92cf22016bd65877092a2"
    },
    "tags": {
        "file_name": "1068.mp3"
    },
    "version": {
        "essentia": "2.1-beta2",
        "essentia_git_sha": "v2.1_beta2",
        "extractor": "music 1.0"
    }
},
"rhythm": {
    "beats_count": 128,
    "beats_loudness": {
        "mean": 0.0595115311444,
        "var": 0.000608260917943
    },
    "bpm": 172.265533447,
    "bpm_histogram_first_peak_bpm": {
        "mean": 172,
        "var": 0
    },
    "bpm_histogram_first_peak_spread": {
        "mean": 0,
        "var": 0
    },
    "bpm_histogram_first_peak_weight": {
        "mean": 0.637795269489,
        "var": 0
    },
    "bpm_histogram_second_peak_bpm": {
        "mean": 167,
        "var": 0
    },
    "bpm_histogram_second_peak_spread": {
        "mean": 0,
        "var": 0
    },
    "bpm_histogram_second_peak_weight": {
        "mean": 0.181102365255,
        "var": 0
    },
    "danceability": 1.29475700855,
    "onset_rate": 3.37166810036,
    "beats_loudness_band_ratio": {
        "mean": [0.673978149891, 0.178086087108, 0.121644459665, 0.0291741080582, 0.0111106187105, 0.0240362565964],
        "var": [0.0464795604348, 0.0197731815279, 0.0265573654324, 0.00306136673316, 0.000312359217787, 0.00170650810469]
    },
    "beats_position": [0.290249437094, 0.603718817234, 0.9287981987, 1.26548755169, 1.60217678547, 1.95047616959, 2.28716540337, 2.63546490669, 2.97215414047, 3.32045340538, 3.68036270142, 4.04027223587, 4.38857126236, 4.73687076569, 5.08516979218, 5.4334692955, 5.78176879883, 6.13006782532, 6.46675729752, 6.80344676971, 7.14013576508, 7.50004529953, 7.84834432602, 8.19664382935, 8.53333282471, 8.893242836, 9.25315189362, 9.61306095123, 9.97297000885, 10.3328800201, 10.6811790466, 11.0294780731, 11.3777770996, 11.7260770798, 12.0743761063, 12.4226751328, 12.7593650818, 13.0960540771, 13.4443531036, 13.7926530838, 14.1409521103, 14.4892511368, 14.8375511169, 15.1858501434, 15.5225391388, 15.8592290878, 16.2075271606, 16.5674381256, 16.9273471832, 17.2756462097, 17.6239452362, 17.9838542938, 18.3437633514, 18.6920623779, 19.0403633118, 19.3886623383, 19.7369613647, 20.0852603912, 20.4335594177, 20.7818584442, 21.1417675018, 21.4784584045, 21.8151473999, 22.1518363953, 22.5001354218, 22.8600444794, 23.2083435059, 23.5566444397, 23.9049434662, 24.2532424927, 24.6131515503, 24.9614505768, 25.3097496033, 25.6580486298, 26.0063495636, 26.3546485901, 26.7029476166, 27.0628566742, 27.4227657318, 27.7594547272, 28.0961437225, 28.4444446564, 28.7927436829, 29.1410427094, 29.4893417358, 29.8376407623, 30.1975498199, 30.5574588776, 30.9057598114, 31.2540588379, 31.6023578644, 31.9506568909, 32.2989578247, 32.6472549438, 32.9955558777, 33.3438529968, 33.6921539307, 34.0404510498, 34.3887519836, 34.7370529175, 35.0853500366, 35.4336509705, 35.7819480896, 36.1302490234, 36.4785499573, 36.8268470764, 37.1751480103, 37.5234451294, 37.8717460632, 38.2200431824, 38.5683441162, 38.91664505, 39.2649421692, 39.613243103, 39.9615402222, 40.309841156, 40.6465301514, 40.9948310852, 41.3547401428, 41.703037262, 42.0513381958, 42.4112472534, 42.771156311, 43.1194534302, 43.4793624878, 43.8508834839, 44.22240448, 44.6055335999]
},
"tonal": {
    "chords_changes_rate": 0.0658436194062,
    "chords_number_rate": 0.0123456791043,
    "chords_strength": {
        "mean": 0.497692525387,
        "var": 0.0125334514305
    },
    "hpcp_entropy": {
        "mean": 1.82654798031,
        "var": 0.43076607585
    },
    "key_strength": 0.69203042984,
    "tuning_diatonic_strength": 0.535257101059,
    "tuning_equal_tempered_deviation": 0.0570031106472,
    "tuning_frequency": 441.272583008,
    "tuning_nontempered_energy_ratio": 0.679413855076,
    "hpcp": {
        "mean": [0.256634622812, 0.155996412039, 0.105480641127, 0.108708247542, 0.0772722810507, 0.0934406071901, 0.131695002317, 0.106452271342, 0.10316581279, 0.10128364712, 0.062617495656, 0.0562136396766, 0.0717059373856, 0.0671025887132, 0.117173932493, 0.176599606872, 0.115291595459, 0.0446617603302, 0.0363819412887, 0.0464617349207, 0.125832512975, 0.200385823846, 0.156443506479, 0.10609408468, 0.0798475444317, 0.0543247908354, 0.089273840189, 0.148108899593, 0.134340643883, 0.152408391237, 0.183074563742, 0.113032504916, 0.0642624646425, 0.0656925290823, 0.0863762050867, 0.199902832508],
        "var": [0.138494387269, 0.0615406148136, 0.0523806214333, 0.0598002113402, 0.0267387293279, 0.0355383753777, 0.0638492703438, 0.0420213229954, 0.0512191653252, 0.0599102005363, 0.0247898157686, 0.0202830396593, 0.0251313336194, 0.02419517003, 0.033190663904, 0.0661346837878, 0.039787646383, 0.0187308881432, 0.0166056845337, 0.0174381826073, 0.0520212948322, 0.101311273873, 0.0615788474679, 0.0475854836404, 0.0339598879218, 0.0257235150784, 0.0294949263334, 0.0742337033153, 0.0574218854308, 0.0612315870821, 0.0935693532228, 0.0440449751914, 0.0313613340259, 0.0379641465843, 0.0379539504647, 0.0921322703362]
    },
    "chords_histogram": [25.9259262085, 0.308641970158, 9.67078208923, 0, 0.720164597034, 0.205761313438, 0, 0, 7.30452680588, 1.85185182095, 0, 0, 3.39506173134, 0, 0, 1.13168728352, 0.925925910473, 5.45267486572, 0, 3.49794244766, 4.93827152252, 4.01234579086, 16.563785553, 14.0946502686],
    "thpcp": [1, 0.607854127884, 0.411014854908, 0.423591524363, 0.301098436117, 0.364099770784, 0.513161480427, 0.414800882339, 0.401994913816, 0.394660890102, 0.243994727731, 0.219041526318, 0.279408663511, 0.261471301317, 0.456578820944, 0.688136339188, 0.449244111776, 0.174028590322, 0.141765519977, 0.181042343378, 0.490317761898, 0.780821442604, 0.609596252441, 0.413405179977, 0.311133176088, 0.211681455374, 0.347863584757, 0.577119708061, 0.523470461369, 0.593873083591, 0.713366568089, 0.44044137001, 0.250404506922, 0.255976885557, 0.336572676897, 0.778939425945],
    "chords_key": "D",
    "chords_scale": "major",
    "key_key": "D",
    "key_scale": "major"
}
}