{
"lowlevel": {
    "average_loudness": 0.946206331253,
    "barkbands_crest": {
        "mean": 10.2499675751,
        "var": 39.4890441895
    },
    "barkbands_flatness_db": {
        "mean": 0.153735265136,
        "var": 0.00533554609865
    },
    "barkbands_kurtosis": {
        "mean": 5.95618009567,
        "var": 704.002563477
    },
    "barkbands_skewness": {
        "mean": -0.95263594389,
        "var": 4.43577528
    },
    "barkbands_spread": {
        "mean": 28.3530597687,
        "var": 235.742324829
    },
    "dissonance": {
        "mean": 0.488962084055,
        "var": 0.000114640395623
    },
    "dynamic_complexity": 2.37086606026,
    "erbbands_crest": {
        "mean": 13.8739385605,
        "var": 76.6378555298
    },
    "erbbands_flatness_db": {
        "mean": 0.248576328158,
        "var": 0.0068383985199
    },
    "erbbands_kurtosis": {
        "mean": 6.45782232285,
        "var": 192.554367065
    },
    "erbbands_skewness": {
        "mean": -1.51615440845,
        "var": 1.55660617352
    },
    "erbbands_spread": {
        "mean": 19.0139865875,
        "var": 130.870422363
    },
    "hfc": {
        "mean": 26.3015995026,
        "var": 413.353973389
    },
    "melbands_crest": {
        "mean": 14.3003358841,
        "var": 35.0057182312
    },
    "melbands_flatness_db": {
        "mean": 0.169288560748,
        "var": 0.00412998395041
    },
    "melbands_kurtosis": {
        "mean": 2.56594562531,
        "var": 78.4146575928
    },
    "melbands_skewness": {
        "mean": 0.238336920738,
        "var": 3.19760465622
    },
    "melbands_spread": {
        "mean": 51.6745796204,
        "var": 519.006591797
    },
    "pitch_salience": {
        "mean": 0.522967278957,
        "var": 0.0199026986957
    },
    "silence_rate_20dB": {
        "mean": 1,
        "var": 0
    },
    "silence_rate_30dB": {
        "mean": 1,
        "var": 0
    },
    "silence_rate_60dB": {
        "mean": 0.0391349121928,
        "var": 0.0376046709716
    },
    "spectral_centroid": {
        "mean": 2464.87402344,
        "var": 138221.6875
    },
    "spectral_complexity": {
        "mean": 23.3867149353,
        "var": 172.886444092
    },
    "spectral_decrease": {
        "mean": -3.2801645844e-009,
        "var": 4.61846658365e-018
    },
    "spectral_energy": {
        "mean": 0.0147657431662,
        "var": 9.19633166632e-005
    },
    "spectral_energyband_high": {
        "mean": 0.00092154199956,
        "var": 3.65090613741e-006
    },
    "spectral_energyband_low": {
        "mean": 0.00251747970469,
        "var": 1.38194018291e-005
    },
    "spectral_energyband_middle_high": {
        "mean": 0.00887732952833,
        "var": 3.06453293888e-005
    },
    "spectral_energyband_middle_low": {
        "mean": 0.00369835738093,
        "var": 1.54363406182e-005
    },
    "spectral_entropy": {
        "mean": 7.35082912445,
        "var": 0.410866707563
    },
    "spectral_flux": {
        "mean": 0.0690891295671,
        "var": 0.00117445364594
    },
    "spectral_kurtosis": {
        "mean": 8.50009250641,
        "var": 76.1538543701
    },
    "spectral_rms": {
        "mean": 0.00359491561539,
        "var": 1.48218441609e-006
    },
    "spectral_rolloff": {
        "mean": 2953.85791016,
        "var": 636295.375
    },
    "spectral_skewness": {
        "mean": 1.31781899929,
        "var": 0.640428841114
    },
    "spectral_spread": {
        "mean": 2528752.75,
        "var": 1.67880045363e+012
    },
    "spectral_strongpeak": {
        "mean": 2.79389452934,
        "var": 9.75905990601
    },
    "zerocrossingrate": {
        "mean": 0.0980980172753,
        "var": 0.000609108246863
    },
    "barkbands": {
        "mean": [7.41493859095e-005, 0.000284927315079, 0.00101280154195, 0.00183604902122, 0.000682526791934, 0.000326644600136, 0.000110467386548, 0.000114711656352, 0.000453434680821, 0.000600689032581, 0.000215990628931, 0.000415846385295, 0.000827133655548, 0.000546167022549, 0.0007183025009, 0.000745480181649, 0.00278816232458, 0.00104031991214, 0.000734765257221, 0.000495200103614, 0.00029294527485, 0.000206847456866, 0.000120089520351, 7.8016637417e-005, 3.35441291099e-005, 1.01408350019e-005, 3.96806626668e-007],
        "var": [2.50125236079e-008, 3.54223288923e-007, 2.49001232078e-006, 9.33303454076e-006, 8.20002753699e-007, 1.82518078873e-007, 3.34352314724e-008, 6.35541397287e-008, 5.14157648013e-007, 2.06366644306e-006, 3.53838458977e-007, 1.09803124815e-006, 7.39237748348e-007, 1.02829005755e-006, 1.54799056418e-006, 1.09529526071e-006, 1.15349512271e-005, 1.00409374681e-006, 6.44852775622e-007, 3.7240207007e-007, 2.52715551596e-007, 2.52041530757e-007, 1.27014246232e-007, 4.78396771086e-008, 9.04240149424e-009, 1.02768105137e-009, 2.03953997788e-012]
    },
    "erbbands": {
        "mean": [0.00669781165197, 0.0816491991282, 0.839960813522, 4.56629371643, 3.34708476067, 2.21171855927, 3.08269643784, 2.24710011482, 1.79353690147, 1.7684969902, 3.78943872452, 10.4607000351, 16.0540351868, 16.0734500885, 10.6818304062, 19.9035892487, 40.9365921021, 25.1317005157, 36.3801002502, 41.0024147034, 45.5702972412, 178.769866943, 67.8756484985, 51.7740745544, 30.9960803986, 21.9041824341, 15.4003829956, 9.42066001892, 7.69818639755, 5.22152090073, 2.98791384697, 1.71153473854, 1.23390221596, 0.533019483089, 0.165767475963, 0.0461717918515, 0.0183950383216, 0.00303151877597, 7.54639331717e-005, 2.30477271543e-005],
        "var": [0.000170082974364, 0.0268435440958, 1.65595090389, 57.248210907, 21.4863185883, 11.9304294586, 19.0574817657, 10.9026908875, 8.36403846741, 10.7168703079, 45.5130615234, 231.073287964, 1210.78393555, 2013.72717285, 502.2109375, 1909.11523438, 1730.31982422, 1930.16064453, 4339.13818359, 2972.52441406, 2904.38061523, 50744.3867188, 2655.87841797, 2194.43798828, 1169.28125, 776.594787598, 574.651062012, 430.007659912, 344.95425415, 224.267654419, 72.7028427124, 23.6172676086, 12.4630403519, 2.27677869797, 0.223164752126, 0.0175711289048, 0.00362111791037, 0.000119195399748, 5.19505718444e-008, 4.05946137816e-010]
    },
    "gfcc": {
        "mean": [-46.6750297546, 76.5589904785, -176.542160034, 49.4260864258, -31.4883289337, -1.51043224335, -34.3928146362, 3.70412397385, -27.3165817261, -11.6675081253, -20.1774463654, -5.48521232605, -15.5516004562],
        "cov": [[7137.50976563, -385.132995605, 961.984680176, 378.061248779, -1260.28735352, 603.525634766, -317.015899658, -129.438690186, -647.945617676, 182.016616821, -202.299728394, -324.100036621, 21.9944133759], [-385.132995605, 1582.40222168, -62.9968566895, 79.0078201294, 216.710327148, -418.945953369, 119.194503784, -369.320281982, -208.573486328, -90.5208740234, 30.2045898438, -194.604354858, 4.00358009338], [961.984680176, -62.9968566895, 528.53894043, 290.967773438, -179.4818573, 130.610366821, -56.3696479797, -24.1643447876, -164.639602661, 24.3307533264, -84.1954345703, -80.9564437866, -91.1902618408], [378.061248779, 79.0078201294, 290.967773438, 428.23248291, -24.8716545105, -45.2393951416, -1.96996510029, -89.2066497803, -163.047470093, 5.02152395248, -36.3038597107, -88.80443573, -82.4313049316], [-1260.28735352, 216.710327148, -179.4818573, -24.8716545105, 389.036315918, -101.876167297, 76.9196395874, 5.93382453918, 112.817520142, -53.5950126648, 33.4970359802, 45.9401626587, -27.2651252747], [603.525634766, -418.945953369, 130.610366821, -45.2393951416, -101.876167297, 313.407928467, -21.1195201874, 113.346832275, 35.9577636719, 37.1939163208, -22.9494476318, 23.6152820587, -17.471124649], [-317.015899658, 119.194503784, -56.3696479797, -1.96996510029, 76.9196395874, -21.1195201874, 114.537834167, 3.71422624588, 16.1295051575, -8.09363079071, -1.04302084446, -0.606803894043, -8.15623760223], [-129.438690186, -369.320281982, -24.1643447876, -89.2066497803, 5.93382453918, 113.346832275, 3.71422624588, 207.496948242, 156.503479004, 18.0156135559, 6.80418634415, 76.405456543, 10.7430372238], [-647.945617676, -208.573486328, -164.639602661, -163.047470093, 112.817520142, 35.9577636719, 16.1295051575, 156.503479004, 251.706375122, 13.8437929153, 31.4139556885, 105.571891785, 29.6018619537], [182.016616821, -90.5208740234, 24.3307533264, 5.02152395248, -53.5950126648, 37.1939163208, -8.09363079071, 18.0156135559, 13.8437929153, 75.2104568481, 23.4930992126, 6.39340353012, 7.82567358017], [-202.299728394, 30.2045898438, -84.1954345703, -36.3038597107, 33.4970359802, -22.9494476318, -1.04302084446, 6.80418634415, 31.4139556885, 23.4930992126, 89.3595428467, 41.5660629272, 26.7593841553], [-324.100036621, -194.604354858, -80.9564437866, -88.80443573, 45.9401626587, 23.6152820587, -0.606803894043, 76.405456543, 105.571891785, 6.39340353012, 41.5660629272, 131.820373535, 45.3082542419], [21.9944133759, 4.00358009338, -91.1902618408, -82.4313049316, -27.2651252747, -17.471124649, -8.15623760223, 10.7430372238, 29.6018619537, 7.82567358017, 26.7593841553, 45.3082542419, 88.0015869141]],
        "icov": [[0.000626383989584, -0.000665523053613, 0.000592539552599, -0.00065993424505, 0.00150946294889, -0.00144266849384, 0.00123002368491, -0.000975970178843, 0.00118048558943, -0.000827977841254, 0.00113592494745, -0.000425900507253, -0.000165620906046], [-0.000665523053613, 0.00395929347724, -0.00372584047727, 0.00273779314011, -0.00318368361332, 0.00419274577871, -0.00462281797081, 0.00535313272849, -0.00294861686416, 0.00322716892697, -0.00499811023474, 0.00594232790172, -0.00338084460236], [0.000592539552599, -0.00372584047727, 0.00948525965214, -0.00560674630105, 0.00406487844884, -0.00561975920573, 0.00600242242217, -0.005964291282, 0.00485891010612, -0.00419060513377, 0.00770358834416, -0.00713270436972, 0.0060946890153], [-0.00065993424505, 0.00273779314011, -0.00560674630105, 0.00746481912211, -0.00367776188068, 0.00495939003304, -0.00396626722068, 0.00324494740926, -0.00032524834387, 0.00102232955396, -0.00427299784496, 0.00425217812881, -0.000567255192436], [0.00150946294889, -0.00318368361332, 0.00406487844884, -0.00367776188068, 0.0100479917601, -0.00428829202428, 0.0023373530712, -0.00251446664333, 0.000174083179445, 0.000582467298955, 0.00280883093365, -0.00497958483174, 0.0049194432795], [-0.00144266849384, 0.00419274577871, -0.00561975920573, 0.00495939003304, -0.00428829202428, 0.0111703593284, -0.00570412958041, 0.00279819895513, -0.00307782017626, 0.00202573067509, -0.00510254316032, 0.00469729164615, -0.00100100249983], [0.00123002368491, -0.00462281797081, 0.00600242242217, -0.00396626722068, 0.0023373530712, -0.00570412958041, 0.0165954958647, -0.00764938350767, 0.00556253315881, -0.00551822967827, 0.00801879819483, -0.0060856109485, 0.00378572684713], [-0.000975970178843, 0.00535313272849, -0.005964291282, 0.00324494740926, -0.00251446664333, 0.00279819895513, -0.00764938350767, 0.0206204876304, -0.0130383521318, 0.00604711426422, -0.00702769355848, 0.00605919025838, -0.00372482021339], [0.00118048558943, -0.00294861686416, 0.00485891010612, -0.00032524834387, 0.000174083179445, -0.00307782017626, 0.00556253315881, -0.0130383521318, 0.0182171408087, -0.00767269684002, 0.00680184923112, -0.00789169967175, 0.00266879796982], [-0.000827977841254, 0.00322716892697, -0.00419060513377, 0.00102232955396, 0.000582467298955, 0.00202573067509, -0.00551822967827, 0.00604711426422, -0.00767269684002, 0.022825377062, -0.0121983075514, 0.00673019047827, -0.00319643225521], [0.00113592494745, -0.00499811023474, 0.00770358834416, -0.00427299784496, 0.00280883093365, -0.00510254316032, 0.00801879819483, -0.00702769355848, 0.00680184923112, -0.0121983075514, 0.024943811819, -0.0124396374449, 0.00299855391495], [-0.000425900507253, 0.00594232790172, -0.00713270436972, 0.00425217812881, -0.00497958483174, 0.00469729164615, -0.0060856109485, 0.00605919025838, -0.00789169967175, 0.00673019047827, -0.0124396374449, 0.0254479497671, -0.0127493161708], [-0.000165620906046, -0.00338084460236, 0.0060946890153, -0.000567255192436, 0.0049194432795, -0.00100100249983, 0.00378572684713, -0.00372482021339, 0.00266879796982, -0.00319643225521, 0.00299855391495, -0.0127493161708, 0.0245126411319]]
    },
    "melbands": {
        "mean": [7.19910094631e-005, 0.00032438247581, 0.000747187354136, 0.000175197244971, 0.000106000217784, 5.27481643076e-005, 2.63561050815e-005, 1.9706936655e-005, 3.85669154639e-005, 6.57702621538e-005, 8.1210542703e-005, 6.82211612002e-005, 3.09542519972e-005, 4.73257969134e-005, 8.05329109426e-005, 6.73203394399e-005, 4.53610045952e-005, 5.74956175114e-005, 5.50378754269e-005, 5.34152386535e-005, 4.7513483878e-005, 0.000178764355951, 0.000106726052763, 4.94906053063e-005, 4.22233497375e-005, 2.16255994019e-005, 2.30925452342e-005, 1.1964625628e-005, 1.02243584479e-005, 6.94042819305e-006, 4.94544747198e-006, 4.92271010444e-006, 2.93212269753e-006, 2.94229585052e-006, 1.81830580459e-006, 1.1846942698e-006, 9.73561327555e-007, 9.50891319462e-007, 5.83812436616e-007, 4.14559309547e-007],
        "var": [1.96510612227e-008, 2.62091958803e-007, 1.33988839934e-006, 5.42420615091e-008, 2.05005168397e-008, 5.395147884e-009, 1.75747294495e-009, 1.45190814926e-009, 3.91362320329e-009, 1.07504982694e-008, 3.26387237237e-008, 3.72799959791e-008, 4.82881024055e-009, 1.65400511065e-008, 9.25730159196e-009, 6.40267172614e-009, 7.924499279e-009, 1.2803684335e-008, 8.64315197191e-009, 6.17849948981e-009, 5.42849543095e-009, 5.25472323432e-008, 1.10978266576e-008, 2.12950745926e-009, 1.63803393072e-009, 8.90168050383e-010, 5.67880020785e-010, 3.51012052757e-010, 2.73246869575e-010, 1.63672742026e-010, 1.40016165329e-010, 1.48052431426e-010, 5.75688212379e-011, 8.50551434839e-011, 2.67575787916e-011, 1.3175102502e-011, 7.79684997121e-012, 7.81987929271e-012, 2.5109131354e-012, 1.56533141484e-012]
    },
    "mfcc": {
        "mean": [-673.000549316, 98.4010848999, -64.266456604, 44.7511062622, 10.2359342575, 3.81721234322, 1.81695222855, 6.98466300964, -1.68540668488, -7.30911636353, -0.86699706316, 3.9411945343, -12.9397583008],
        "cov": [[7255.24267578, -760.082641602, 1516.65893555, -342.187835693, -451.772979736, 134.343521118, 252.77041626, -332.906707764, -347.22479248, 429.136688232, -409.967163086, -1133.9798584, 220.077163696], [-760.082641602, 1423.4420166, -418.58493042, 335.975006104, -43.8523139954, 13.4519643784, 58.4605903625, -143.745391846, -114.390213013, -106.569618225, -62.5559272766, -82.2647018433, -57.9684524536], [1516.65893555, -418.58493042, 721.702758789, 15.1230983734, -22.6955242157, 70.2924957275, 74.1307144165, -31.7502784729, -47.7122764587, 76.4870300293, -32.4120025635, -189.586471558, 41.555393219], [-342.187835693, 335.975006104, 15.1230983734, 558.17779541, 9.21641254425, 35.042011261, 86.7949752808, -103.81426239, -89.1175231934, -97.4506225586, 5.1404914856, -63.7654495239, 9.23115825653], [-451.772979736, -43.8523139954, -22.6955242157, 9.21641254425, 176.337097168, 23.2795448303, -23.0145149231, 55.82081604, 48.5993843079, -27.6602611542, 49.8157958984, 135.921356201, -21.4581699371], [134.343521118, 13.4519643784, 70.2924957275, 35.042011261, 23.2795448303, 121.229217529, 60.7281455994, -3.81645298004, -14.8725252151, 2.63038444519, 5.76800012589, -32.233253479, 0.391589164734], [252.77041626, 58.4605903625, 74.1307144165, 86.7949752808, -23.0145149231, 60.7281455994, 133.04309082, -23.2805233002, -51.518825531, 5.78486919403, -9.02364253998, -88.2254562378, 16.3202762604], [-332.906707764, -143.745391846, -31.7502784729, -103.81426239, 55.82081604, -3.81645298004, -23.2805233002, 147.164596558, 93.5263900757, -6.41421794891, 47.3825759888, 125.847831726, -8.94949531555], [-347.22479248, -114.390213013, -47.7122764587, -89.1175231934, 48.5993843079, -14.8725252151, -51.518825531, 93.5263900757, 145.085906982, 11.8051490784, 53.5312271118, 125.697784424, -25.054977417], [429.136688232, -106.569618225, 76.4870300293, -97.4506225586, -27.6602611542, 2.63038444519, 5.78486919403, -6.41421794891, 11.8051490784, 115.615623474, -3.49966526031, -63.7321777344, 15.5911951065], [-409.967163086, -62.5559272766, -32.4120025635, 5.1404914856, 49.8157958984, 5.76800012589, -9.02364253998, 47.3825759888, 53.5312271118, -3.49966526031, 105.978599548, 125.480606079, -9.7131319046], [-1133.9798584, -82.2647018433, -189.586471558, -63.7654495239, 135.921356201, -32.233253479, -88.2254562378, 125.847831726, 125.697784424, -63.7321777344, 125.480606079, 364.554595947, -31.0123920441], [220.077163696, -57.9684524536, 41.555393219, 9.23115825653, -21.4581699371, 0.391589164734, 16.3202762604, -8.94949531555, -25.054977417, 15.5911951065, -9.7131319046, -31.0123920441, 75.7442245483]],
        "icov": [[0.000628235051408, 1.91182462004e-005, -0.000905834313016, 0.000496978580486, 0.000279161758954, -7.64474025345e-005, -0.000105862258351, 0.000391310692066, 5.41862391401e-005, -0.000606954621617, 0.000663181184791, 0.00089605723042, -0.000631019996945], [1.91182462004e-005, 0.00124568655156, 0.000798096123617, -0.00052582641365, 8.46843322506e-005, -0.000263232126599, -0.000330113456585, 0.000571712909732, 0.000215379724978, 0.000152077642269, 0.000543324043974, 0.000170655694092, 0.000867541239131], [-0.000905834313016, 0.000798096123617, 0.00366699299775, -0.0010993873002, -0.000901826249901, -0.000641631311737, -4.91493519803e-005, -0.000607902766205, 9.81900375336e-005, 0.000383392209187, -0.00116232666187, 6.28595153103e-005, 0.000881740415934], [0.000496978580486, -0.00052582641365, -0.0010993873002, 0.00375807122327, -0.000678623502608, 0.000459048111225, -0.00159916514531, 0.00250401510857, -0.000476542627439, 0.00270229927264, -0.00157894694712, 0.00160643307026, -0.00151408463717], [0.000279161758954, 8.46843322506e-005, -0.000901826249901, -0.000678623502608, 0.00938824471086, -0.00280890148133, 0.000988404615782, -0.00117094512098, 0.00050666887546, -0.000787554425187, 0.00106849521399, -0.00338044972159, 0.00123669230379], [-7.64474025345e-005, -0.000263232126599, -0.000641631311737, 0.000459048111225, -0.00280890148133, 0.0120974155143, -0.00536368880421, 0.000282828055788, -0.000534560182132, 0.000689818058163, -0.00146201031748, 0.00102653866634, 0.000561548455153], [-0.000105862258351, -0.000330113456585, -4.91493519803e-005, -0.00159916514531, 0.000988404615782, -0.00536368880421, 0.0140685271472, -0.00378946447745, 0.00368923600763, -0.000620146514848, -0.00305046467111, 0.00276192347519, -0.000806836702395], [0.000391310692066, 0.000571712909732, -0.000607902766205, 0.00250401510857, -0.00117094512098, 0.000282828055788, -0.00378946447745, 0.0159295760095, -0.00768950488418, 0.00249014771543, 0.000466034631245, -0.0017312921118, -0.00201085279696], [5.41862391401e-005, 0.000215379724978, 9.81900375336e-005, -0.000476542627439, 0.00050666887546, -0.000534560182132, 0.00368923600763, -0.00768950488418, 0.016287619248, -0.00421828497201, -0.00182934617624, -0.00191360991448, 0.00369234103709], [-0.000606954621617, 0.000152077642269, 0.000383392209187, 0.00270229927264, -0.000787554425187, 0.000689818058163, -0.000620146514848, 0.00249014771543, -0.00421828497201, 0.0158441588283, -0.00550108915195, 0.00409889547154, -0.00214250688441], [0.000663181184791, 0.000543324043974, -0.00116232666187, -0.00157894694712, 0.00106849521399, -0.00146201031748, -0.00305046467111, 0.000466034631245, -0.00182934617624, -0.00550108915195, 0.0209753587842, -0.007635879796, 0.000432251923485], [0.00089605723042, 0.000170655694092, 6.28595153103e-005, 0.00160643307026, -0.00338044972159, 0.00102653866634, 0.00276192347519, -0.0017312921118, -0.00191360991448, 0.00409889547154, -0.007635879796, 0.0123455859721, -0.00186700129416], [-0.000631019996945, 0.000867541239131, 0.000881740415934, -0.00151408463717, 0.00123669230379, 0.000561548455153, -0.000806836702395, -0.00201085279696, 0.00369234103709, -0.00214250688441, 0.000432251923485, -0.00186700129416, 0.0166375972331]]
    },
    "spectral_contrast_coeffs": {
        "mean": [-0.632883071899, -0.766251683235, -0.779908657074, -0.758032500744, -0.737108945847, -0.705520391464],
        "var": [0.011533331126, 0.00391500676051, 0.00490665668622, 0.00255429488607, 0.00308143300936, 0.00135664932895]
    },
    "spectral_contrast_valleys": {
        "mean": [-8.42031383514, -7.79538249969, -7.80877399445, -7.49129247665, -7.02648973465, -11.0456724167],
        "var": [1.09206151962, 1.19223916531, 1.06837463379, 0.886004269123, 1.03247582912, 1.94083964825]
    }
},
"metadata": {
    "audio_properties": {
        "analysis_sample_rate": 44100,
        "bit_rate": 128074,
        "equal_loudness": 0,
        "length": 45.0612258911,
        "lossless": 0,
        "replay_gain": -5.95071029663,
        "sample_rate": 44100,
        "codec": "mp3",
        "downmix": "mix",
        "md5_encoded": "86ba4a470baa8bef62820723a5d537ff"
    },
    "tags": {
        "file_name": "1069.mp3"
    },
    "version": {
        "essentia": "2.1-beta2",
        "essentia_git_sha": "v2.1_beta2",
        "extractor": "music 1.0"
    }
},
"rhythm": {
    "beats_count": 78,
    "beats_loudness": {
        "mean": 0.0277530755848,
        "var": 7.68837635405e-005
    },
    "bpm": 104.256568909,
    "bpm_histogram_first_peak_bpm": {
        "mean": 103,
        "var": 0
    },
    "bpm_histogram_first_peak_spread": {
        "mean": 0.394366204739,
        "var": 0
    },
    "bpm_histogram_first_peak_weight": {
        "mean": 0.558441579342,
        "var": 0
    },
    "bpm_histogram_second_peak_bpm": {
        "mean": 108,
        "var": 0
    },
    "bpm_histogram_second_peak_spread": {
        "mean": 0.166666641831,
        "var": 0
    },
    "bpm_histogram_second_peak_weight": {
        "mean": 0.0649350658059,
        "var": 0
    },
    "danceability": 1.13123965263,
    "onset_rate": 3.17202997208,
    "beats_loudness_band_ratio": {
        "mean": [0.388282030821, 0.0570903867483, 0.0385223962367, 0.114002287388, 0.258567452431, 0.167044922709],
        "var": [0.0265236534178, 0.00149810744915, 0.000528167060111, 0.00665828213096, 0.00961099844426, 0.00588933657855]
    },
    "beats_position": [0.522448956966, 1.06811785698, 1.62539684772, 2.19428563118, 2.76317453384, 3.34367346764, 3.92417216301, 4.5046710968, 5.08516979218, 5.66566896439, 6.24616765976, 6.82666635513, 7.40716552734, 7.96444416046, 8.54494285583, 9.12544155121, 9.70594120026, 10.2864398956, 10.866938591, 11.4474372864, 12.0163259506, 12.5852155685, 13.1657142639, 13.7462129593, 14.3267116547, 14.90721035, 15.4877090454, 16.0682086945, 16.6603164673, 17.2292060852, 17.8097057343, 18.390203476, 18.9823131561, 19.574420929, 20.154920578, 20.7354183197, 21.3043079376, 21.8731975555, 22.4536952972, 23.0341949463, 23.614692688, 24.1835823059, 24.7524719238, 25.3329696655, 25.9134693146, 26.4939670563, 27.0744667053, 27.6549663544, 28.2238540649, 28.7927436829, 29.3732414246, 29.9421310425, 30.5110206604, 31.0915184021, 31.6720180511, 32.2409057617, 32.8097953796, 33.3902931213, 33.9591827393, 34.5280723572, 35.1085700989, 35.6658477783, 36.2463493347, 36.8268470764, 37.3957366943, 37.9646263123, 38.5219039917, 39.1024017334, 39.6829032898, 40.2634010315, 40.8322906494, 41.4011802673, 41.9700660706, 42.5389556885, 43.1194534302, 43.6883430481, 44.257232666, 44.8145103455]
},
"tonal": {
    "chords_changes_rate": 0.101851850748,
    "chords_number_rate": 0.00925925932825,
    "chords_strength": {
        "mean": 0.405090719461,
        "var": 0.00847664382309
    },
    "hpcp_entropy": {
        "mean": 2.11701846123,
        "var": 0.662068605423
    },
    "key_strength": 0.49052631855,
    "tuning_diatonic_strength": 0.385294258595,
    "tuning_equal_tempered_deviation": 0.221658378839,
    "tuning_frequency": 449.245300293,
    "tuning_nontempered_energy_ratio": 0.849866986275,
    "hpcp": {
        "mean": [0.103605993092, 0.11215981096, 0.11433712393, 0.114890567958, 0.124225273728, 0.130021229386, 0.111580982804, 0.0887376517057, 0.0820863172412, 0.0843378379941, 0.0930912867188, 0.119734488428, 0.17097979784, 0.245683640242, 0.270430356264, 0.200872883201, 0.123574674129, 0.25375187397, 0.439403384924, 0.41277423501, 0.389425814152, 0.278133153915, 0.118442155421, 0.0912266597152, 0.0878743678331, 0.105546407402, 0.127351269126, 0.147304654121, 0.157258376479, 0.147700890899, 0.135447144508, 0.126729339361, 0.121262684464, 0.119384907186, 0.109695345163, 0.101081460714],
        "var": [0.0322423912585, 0.0319327116013, 0.0260971114039, 0.0253634564579, 0.0289383158088, 0.024804558605, 0.0211788341403, 0.0149067575112, 0.0120965121314, 0.0153845427558, 0.0201068352908, 0.0354357026517, 0.0578601323068, 0.0918581485748, 0.113768257201, 0.0750146731734, 0.0405664592981, 0.0505544394255, 0.174317449331, 0.0687579289079, 0.124006941915, 0.0691896080971, 0.0270149596035, 0.0150118786842, 0.0128556648269, 0.0163540448993, 0.0219492949545, 0.0322723314166, 0.042245645076, 0.0366363413632, 0.0331434234977, 0.0314027406275, 0.0317238494754, 0.0364486910403, 0.0376572646201, 0.036392416805]
    },
    "chords_histogram": [2.77777767181, 13.4773664474, 48.9711952209, 2.26337456703, 0.720164597034, 1.02880656719, 0, 7.92181062698, 9.67078208923, 11.1111106873, 0, 0, 0, 0, 0, 0, 0, 0, 0, 0, 0.205761313438, 1.44032919407, 0.411522626877, 0],
    "thpcp": [1, 0.939397037029, 0.886260390282, 0.632979094982, 0.269552201033, 0.207614824176, 0.199985638261, 0.240203902125, 0.28982770443, 0.33523786068, 0.357890695333, 0.33613961935, 0.308252394199, 0.288412302732, 0.275971204042, 0.271697729826, 0.249646112323, 0.230042517185, 0.235787883401, 0.255254775286, 0.260209918022, 0.261469453573, 0.282713502645, 0.295904010534, 0.253937453032, 0.201950311661, 0.186813116074, 0.191937163472, 0.211858376861, 0.272493332624, 0.389118075371, 0.559130072594, 0.615448951721, 0.457149147987, 0.281232863665, 0.577491879463],
    "chords_key": "D#",
    "chords_scale": "minor",
    "key_key": "G#",
    "key_scale": "minor"
}
}