{
"lowlevel": {
    "average_loudness": 0.944929242134,
    "barkbands_crest": {
        "mean": 11.0434408188,
        "var": 16.8571567535
    },
    "barkbands_flatness_db": {
        "mean": 0.22968506813,
        "var": 0.00466536451131
    },
    "barkbands_kurtosis": {
        "mean": 5.63773012161,
        "var": 105.019950867
    },
    "barkbands_skewness": {
        "mean": 1.31934642792,
        "var": 3.49743056297
    },
    "barkbands_spread": {
        "mean": 20.0292434692,
        "var": 172.302490234
    },
    "dissonance": {
        "mean": 0.461465358734,
        "var": 0.0016249435721
    },
    "dynamic_complexity": 5.36801433563,
    "erbbands_crest": {
        "mean": 10.7148666382,
        "var": 19.8967647552
    },
    "erbbands_flatness_db": {
        "mean": 0.250342279673,
        "var": 0.00412090774626
    },
    "erbbands_kurtosis": {
        "mean": 2.09745407104,
        "var": 22.0002098083
    },
    "erbbands_skewness": {
        "mean": -0.742594659328,
        "var": 1.58852219582
    },
    "erbbands_spread": {
        "mean": 30.3279018402,
        "var": 326.494293213
    },
    "hfc": {
        "mean": 12.8843069077,
        "var": 367.65914917
    },
    "melbands_crest": {
        "mean": 14.866601944,
        "var": 25.5579090118
    },
    "melbands_flatness_db": {
        "mean": 0.294111847878,
        "var": 0.00796123221517
    },
    "melbands_kurtosis": {
        "mean": 16.7624511719,
        "var": 542.785888672
    },
    "melbands_skewness": {
        "mean": 2.76571893692,
        "var": 5.40625810623
    },
    "melbands_spread": {
        "mean": 27.2100849152,
        "var": 514.721923828
    },
    "pitch_salience": {
        "mean": 0.504505574703,
        "var": 0.0140169048682
    },
    "silence_rate_20dB": {
        "mean": 1,
        "var": 0
    },
    "silence_rate_30dB": {
        "mean": 0.945417106152,
        "var": 0.051605489105
    },
    "silence_rate_60dB": {
        "mean": 0.1781668365,
        "var": 0.146423980594
    },
    "spectral_centroid": {
        "mean": 1380.76074219,
        "var": 517198.59375
    },
    "spectral_complexity": {
        "mean": 12.9660148621,
        "var": 69.068862915
    },
    "spectral_decrease": {
        "mean": -7.59620455426e-009,
        "var": 1.00227185187e-016
    },
    "spectral_energy": {
        "mean": 0.0298384670168,
        "var": 0.00149711070117
    },
    "spectral_energyband_high": {
        "mean": 0.000248970813118,
        "var": 3.2639075016e-006
    },
    "spectral_energyband_low": {
        "mean": 0.0173663105816,
        "var": 0.00089322932763
    },
    "spectral_energyband_middle_high": {
        "mean": 0.00360938208178,
        "var": 1.67486050486e-005
    },
    "spectral_energyband_middle_low": {
        "mean": 0.0101717785001,
        "var": 0.000248971075052
    },
    "spectral_entropy": {
        "mean": 6.81788825989,
        "var": 0.360731512308
    },
    "spectral_flux": {
        "mean": 0.0849839448929,
        "var": 0.00639216415584
    },
    "spectral_kurtosis": {
        "mean": 11.8504362106,
        "var": 200.121948242
    },
    "spectral_rms": {
        "mean": 0.00438090180978,
        "var": 9.91839169728e-006
    },
    "spectral_rolloff": {
        "mean": 1406.14074707,
        "var": 1445505.875
    },
    "spectral_skewness": {
        "mean": 1.73379397392,
        "var": 1.1220035553
    },
    "spectral_spread": {
        "mean": 2399249.25,
        "var": 1.60126140416e+012
    },
    "spectral_strongpeak": {
        "mean": 0.938407242298,
        "var": 1.48752915859
    },
    "zerocrossingrate": {
        "mean": 0.0488955080509,
        "var": 0.000966173480265
    },
    "barkbands": {
        "mean": [0.000198476656806, 0.0100493766367, 0.00557385152206, 0.00317990314215, 0.00562614342198, 0.000764102966059, 0.000228691278608, 0.000172562518856, 0.000178545407834, 6.55150943203e-005, 7.42476549931e-005, 0.000176444387762, 0.000329108646838, 0.00027276770561, 0.000277553568594, 0.000730896485038, 0.00137583434116, 0.00014859244402, 0.000126662722323, 8.42133522383e-005, 7.16648210073e-005, 5.07549266331e-005, 4.22268458351e-005, 2.54036731349e-005, 1.13954738481e-005, 3.32968102157e-006, 2.20360377057e-007],
        "var": [2.90439857054e-007, 0.000504574505612, 8.20196582936e-005, 5.35443068657e-005, 0.000124418715131, 4.05013543059e-006, 1.88672416357e-007, 7.98852255457e-008, 5.64433726424e-008, 1.45053595801e-008, 1.21869589975e-008, 7.31654097308e-008, 1.79570676551e-007, 1.2522139059e-007, 1.65796549823e-007, 1.27199712097e-006, 5.65320897294e-006, 9.89258595041e-008, 1.02078793418e-007, 1.70313882109e-007, 2.40335310764e-007, 1.56200997026e-007, 1.29374470248e-007, 4.42795560218e-008, 8.12768785607e-009, 7.23477111553e-010, 5.34896519438e-012]
    },
    "erbbands": {
        "mean": [0.186160087585, 2.61944556236, 6.75449991226, 8.75894451141, 15.7279071808, 19.7481307983, 10.3949251175, 5.23584270477, 3.00859642029, 4.08830928802, 3.58710718155, 4.52584171295, 2.31337881088, 2.26732230186, 4.5330247879, 8.06338787079, 16.7120018005, 12.1601762772, 15.9992256165, 19.8790798187, 65.9129333496, 57.4549980164, 11.2181987762, 7.41999959946, 5.21407699585, 3.91934561729, 3.2022497654, 2.68299126625, 1.7361921072, 1.63262224197, 1.13349485397, 0.613188743591, 0.378312379122, 0.169807523489, 0.0608361661434, 0.0192582141608, 0.00515880994499, 0.00101352203637, 4.04351158068e-005, 3.4816639527e-005],
        "var": [0.202248170972, 32.2550582886, 111.020889282, 273.575531006, 895.473754883, 2139.78759766, 898.086242676, 134.023483276, 29.4613285065, 57.9285125732, 30.646894455, 35.7385673523, 19.5696029663, 12.9581718445, 38.7791252136, 97.9704666138, 448.713897705, 249.514953613, 537.813842773, 459.374664307, 10859.484375, 8206.37597656, 377.223144531, 261.011077881, 224.088531494, 367.910186768, 360.83605957, 449.008728027, 177.405822754, 183.385437012, 90.7197418213, 25.058008194, 10.1623754501, 1.83303403854, 0.234148934484, 0.0246117282659, 0.00175366492476, 7.17699076631e-005, 6.26516580837e-008, 2.11888862012e-009]
    },
    "gfcc": {
        "mean": [-121.509872437, 153.21244812, -154.970046997, 42.9145355225, -5.47981357574, -10.329123497, -28.4801158905, -7.12728309631, -11.6512098312, -5.85549402237, -12.5044298172, -6.07651138306, -5.44354915619],
        "cov": [[16682.9902344, 761.60534668, 44.1152648926, 2177.71777344, 784.255187988, 586.018310547, -70.0111236572, 179.645706177, 323.399902344, -200.935699463, -36.0606842041, -305.498199463, 32.0602874756], [761.60534668, 1879.14038086, 233.793167114, 15.419216156, 641.420715332, -311.151855469, 214.016693115, -217.254486084, 25.7354793549, -273.014007568, 30.9572200775, -241.468933105, 29.4952983856], [44.1152648926, 233.793167114, 2284.2355957, 118.137435913, -205.584945679, 482.014953613, -155.122406006, 189.868026733, -223.880310059, -124.964019775, -131.724609375, -109.493309021, -117.639404297], [2177.71777344, 15.419216156, 118.137435913, 646.387512207, 243.716430664, 132.007034302, 65.475982666, 26.4351062775, 112.596054077, -0.642588078976, -17.4330768585, -66.0182800293, -8.18005084991], [784.255187988, 641.420715332, -205.584945679, 243.716430664, 519.759277344, -120.667098999, 147.988052368, -76.147102356, 97.2318725586, -61.1345787048, 38.3666954041, -81.2041091919, 38.8772125244], [586.018310547, -311.151855469, 482.014953613, 132.007034302, -120.667098999, 341.160217285, -19.6525020599, 167.02784729, -15.5459737778, 53.2850151062, -16.5280761719, 13.1200323105, -48.9109230042], [-70.0111236572, 214.016693115, -155.122406006, 65.475982666, 147.988052368, -19.6525020599, 180.706604004, 19.3617610931, 75.4041671753, 15.3988370895, 31.1009845734, -15.9866790771, 0.0997973158956], [179.645706177, -217.254486084, 189.868026733, 26.4351062775, -76.147102356, 167.02784729, 19.3617610931, 192.887619019, 41.5223655701, 74.7475967407, 16.2251052856, 38.3692016602, -11.4541044235], [323.399902344, 25.7354793549, -223.880310059, 112.596054077, 97.2318725586, -15.5459737778, 75.4041671753, 41.5223655701, 140.765579224, 59.1387710571, 40.9199943542, 8.12518119812, 19.7328567505], [-200.935699463, -273.014007568, -124.964019775, -0.642588078976, -61.1345787048, 53.2850151062, 15.3988370895, 74.7475967407, 59.1387710571, 142.501617432, 60.3447570801, 78.9235076904, 8.98046684265], [-36.0606842041, 30.9572200775, -131.724609375, -17.4330768585, 38.3666954041, -16.5280761719, 31.1009845734, 16.2251052856, 40.9199943542, 60.3447570801, 97.5071334839, 49.8205490112, 28.3582706451], [-305.498199463, -241.468933105, -109.493309021, -66.0182800293, -81.2041091919, 13.1200323105, -15.9866790771, 38.3692016602, 8.12518119812, 78.9235076904, 49.8205490112, 118.224700928, 38.1976890564], [32.0602874756, 29.4952983856, -117.639404297, -8.18005084991, 38.8772125244, -48.9109230042, 0.0997973158956, -11.4541044235, 19.7328567505, 8.98046684265, 28.3582706451, 38.1976890564, 69.5833816528]],
        "icov": [[0.000209417004953, -0.000517861102708, 0.000387132429751, -0.000921324710362, 0.000383873644751, -0.000570646428969, 0.000903391512111, -0.00058177288156, 0.000238618580624, 0.000223134338739, 3.89697379433e-005, -0.000201770977583, -4.5024920837e-005], [-0.000517861102708, 0.004227548372, -0.00209403294139, 0.00357760954648, -0.00319136027247, 0.0028273134958, -0.00413443055004, 0.00244851806201, -0.0019385702908, 0.00260707526468, -0.00348404003307, 0.00363239482976, -0.000854469020851], [0.000387132429751, -0.00209403294139, 0.00205922382884, -0.00230602058582, 0.00151745858602, -0.00255512888543, 0.00277719437145, -0.00221863342449, 0.00216332799755, -0.000104860228021, 0.00115496153012, -0.00090938527137, 0.000335049931891], [-0.000921324710362, 0.00357760954648, -0.00230602058582, 0.00770778814331, -0.00418266793713, 0.000688908621669, -0.00419874396175, 0.00470308959484, -0.00462396303192, 0.000135668582516, -0.000178082322236, 0.00251410645433, -0.00049690756714], [0.000383873644751, -0.00319136027247, 0.00151745858602, -0.00418266793713, 0.00715473620221, -0.00103597366251, 0.000566378526855, -0.00135788857006, 0.000910281436518, -0.000293427990982, -8.3610189904e-005, -0.000160320429131, -0.0017985253362], [-0.000570646428969, 0.0028273134958, -0.00255512888543, 0.000688908621669, -0.00103597366251, 0.0116668716073, -0.00367830065079, -0.00407925061882, 0.00188527873252, -0.000921989034396, -0.00197961716913, 0.00168086739723, 0.00240749260411], [0.000903391512111, -0.00413443055004, 0.00277719437145, -0.00419874396175, 0.000566378526855, -0.00367830065079, 0.0143685359508, -0.00461913645267, -0.00117438461166, -0.000375383533537, 0.00122812134214, -0.0029057089705, 0.00333101907745], [-0.00058177288156, 0.00244851806201, -0.00221863342449, 0.00470308959484, -0.00135788857006, -0.00407925061882, -0.00461913645267, 0.0156397297978, -0.00716045638546, -0.00173746084329, 4.06971084885e-005, -8.53387318784e-005, -0.00121033191681], [0.000238618580624, -0.0019385702908, 0.00216332799755, -0.00462396303192, 0.000910281436518, 0.00188527873252, -0.00117438461166, -0.00716045638546, 0.0200135670602, -0.00808647461236, -4.56904053863e-005, 0.00373526918702, -0.00319858686998], [0.000223134338739, 0.00260707526468, -0.000104860228021, 0.000135668582516, -0.000293427990982, -0.000921989034396, -0.000375383533537, -0.00173746084329, -0.00808647461236, 0.0245687589049, -0.0102488137782, -0.00681671313941, 0.00490238098428], [3.89697379433e-005, -0.00348404003307, 0.00115496153012, -0.000178082322236, -8.3610189904e-005, -0.00197961716913, 0.00122812134214, 4.06971084885e-005, -4.56904053863e-005, -0.0102488137782, 0.0231892000884, -0.00814178492874, -0.00159481551964], [-0.000201770977583, 0.00363239482976, -0.00090938527137, 0.00251410645433, -0.000160320429131, 0.00168086739723, -0.0029057089705, -8.53387318784e-005, 0.00373526918702, -0.00681671313941, -0.00814178492874, 0.0272634588182, -0.0132550345734], [-4.5024920837e-005, -0.000854469020851, 0.000335049931891, -0.00049690756714, -0.0017985253362, 0.00240749260411, 0.00333101907745, -0.00121033191681, -0.00319858686998, 0.00490238098428, -0.00159481551964, -0.0132550345734, 0.025955978781]]
    },
    "melbands": {
        "mean": [0.00232576043345, 0.0036552126985, 0.00171297893394, 0.00141524139326, 0.000447339290986, 0.000119205484225, 4.58281610918e-005, 4.33778732258e-005, 3.00386764138e-005, 2.64576083282e-005, 1.06534680526e-005, 8.66319714987e-006, 1.24455964396e-005, 1.82978801604e-005, 3.37604942615e-005, 2.88139708573e-005, 2.23220813496e-005, 2.64968257397e-005, 1.94130370801e-005, 3.11957592203e-005, 0.000100070319604, 7.87033714005e-005, 1.59767314472e-005, 5.70291922486e-006, 6.01615920459e-006, 4.26000860898e-006, 3.02062676383e-006, 2.47480875259e-006, 2.13865655496e-006, 1.59871467531e-006, 1.58604154876e-006, 9.90525222733e-007, 8.97716404324e-007, 9.02329361452e-007, 7.24925314444e-007, 4.50732898116e-007, 3.43007002357e-007, 2.94840845072e-007, 1.84271200965e-007, 1.28072940697e-007],
        "var": [2.95426561934e-005, 3.65987943951e-005, 9.43964369071e-006, 8.36715753394e-006, 1.40128418025e-006, 7.49133590716e-008, 7.32581773022e-009, 6.26740215282e-009, 1.81896020468e-009, 1.27030974628e-009, 4.81681305953e-010, 2.18836893051e-010, 2.71817623965e-010, 8.18681289427e-010, 1.64804592195e-009, 1.28322164006e-009, 9.04822883285e-010, 1.51073886734e-009, 6.83948786495e-010, 1.78126857708e-009, 2.96086479779e-008, 1.72300484991e-008, 6.31762198111e-010, 1.98039376564e-010, 1.71754013789e-010, 1.78444009569e-010, 8.56716711461e-011, 1.95662736013e-010, 1.52273568754e-010, 1.23458285262e-010, 1.71648834035e-010, 5.76953103348e-011, 5.3555226226e-011, 5.92445814629e-011, 3.82704944124e-011, 1.41235096535e-011, 7.98345937969e-012, 6.68055237865e-012, 2.17163678533e-012, 1.05626661931e-012]
    },
    "mfcc": {
        "mean": [-744.284179688, 162.411499023, -52.6336479187, 50.2373962402, 31.2456855774, 11.390045166, -0.212642475963, -0.777961730957, 3.9436352253, -3.24711084366, -1.41759288311, 4.32981491089, 1.98382031918],
        "cov": [[11164.4746094, 1554.66088867, -221.160110474, 1336.27087402, 463.785186768, 682.615478516, 96.4166412354, 397.613891602, 329.300109863, 146.41104126, 109.160079956, 256.74697876, 168.895065308], [1554.66088867, 2050.75683594, -43.5592041016, 486.102905273, 324.806396484, 94.4284896851, 146.670135498, 83.5516052246, 58.9615898132, -31.4403934479, -55.4211387634, -23.9379730225, 35.2940483093], [-221.160110474, -43.5592041016, 1735.27941895, -96.0359420776, 84.2415084839, 81.7305526733, 96.1048126221, 168.258743286, -18.6404342651, 49.1318359375, -108.510246277, -74.6119155884, -95.7672119141], [1336.27087402, 486.102905273, -96.0359420776, 576.229125977, 216.735519409, 209.399475098, 43.8564567566, 52.4742927551, 101.400032043, 28.8197441101, 52.2114372253, 37.2956542969, 12.4133911133], [463.785186768, 324.806396484, 84.2415084839, 216.735519409, 266.96786499, 95.9490127563, 54.9838027954, 40.2338829041, 40.8576622009, 31.1259994507, -0.944481432438, 24.0912322998, 2.93498730659], [682.615478516, 94.4284896851, 81.7305526733, 209.399475098, 95.9490127563, 180.739364624, 53.992641449, 52.764755249, 50.5142555237, 29.5625762939, 38.6500968933, 22.2683734894, 3.42167448997], [96.4166412354, 146.670135498, 96.1048126221, 43.8564567566, 54.9838027954, 53.992641449, 108.286849976, 62.2235031128, 29.7759971619, 20.2862415314, 8.84066963196, 13.6032896042, 17.0382556915], [397.613891602, 83.5516052246, 168.258743286, 52.4742927551, 40.2338829041, 52.764755249, 62.2235031128, 118.944343567, 60.095199585, 31.5448055267, 11.2278738022, 21.3679256439, 22.1025676727], [329.300109863, 58.9615898132, -18.6404342651, 101.400032043, 40.8576622009, 50.5142555237, 29.7759971619, 60.095199585, 99.4930877686, 50.9091567993, 32.5600738525, 30.3176059723, 24.630153656], [146.41104126, -31.4403934479, 49.1318359375, 28.8197441101, 31.1259994507, 29.5625762939, 20.2862415314, 31.5448055267, 50.9091567993, 77.979927063, 46.1202125549, 25.1563854218, 16.73620224], [109.160079956, -55.4211387634, -108.510246277, 52.2114372253, -0.944481432438, 38.6500968933, 8.84066963196, 11.2278738022, 32.5600738525, 46.1202125549, 93.7952041626, 51.8683319092, 29.5729141235], [256.74697876, -23.9379730225, -74.6119155884, 37.2956542969, 24.0912322998, 22.2683734894, 13.6032896042, 21.3679256439, 30.3176059723, 25.1563854218, 51.8683319092, 89.6678924561, 57.5954551697], [168.895065308, 35.2940483093, -95.7672119141, 12.4133911133, 2.93498730659, 3.42167448997, 17.0382556915, 22.1025676727, 24.630153656, 16.73620224, 29.5729141235, 57.5954551697, 95.1442947388]],
        "icov": [[0.000188981095562, -0.000122347220895, 0.000114807968203, -0.000246804876952, 0.00027212468558, -0.000628280104138, 0.000611063383985, -0.000763451098464, 0.000485467491671, -0.000692803412676, 0.000802883238066, -0.000713778252248, 0.00011852614989], [-0.000122347220895, 0.000935490825213, -4.31917796959e-005, -0.000672156689689, -0.000812008569483, 0.00137100275606, -0.00144612113945, 0.000294098164886, -0.000211723396205, 0.00104676489718, -0.000415281538153, 0.00136963988189, -0.000748577702325], [0.000114807968203, -4.31917796959e-005, 0.00111825054046, 3.75538584194e-005, 0.000178896152647, -0.00108912459109, 0.000424688594649, -0.00243801972829, 0.00211327755824, -0.00252091791481, 0.00241512758657, -0.000781717360951, 0.00107576441951], [-0.000246804876952, -0.000672156689689, 3.75538584194e-005, 0.00576301012188, -0.00249343691394, -0.00392824504524, 0.00156581611373, 0.00179049815051, -0.00450649019331, 0.00369026465341, -0.00306036463007, 0.0012798885582, 0.000189121739822], [0.00027212468558, -0.000812008569483, 0.000178896152647, -0.00249343691394, 0.00802342314273, -0.00214719842188, -0.000673003320117, -0.00068777607521, 0.00281993765384, -0.00625909073278, 0.00631199032068, -0.00535307591781, 0.00208311551251], [-0.000628280104138, 0.00137100275606, -0.00108912459109, -0.00392824504524, -0.00214719842188, 0.0158169511706, -0.00646354909986, 0.00136743206531, -0.00189054547809, 0.00403943657875, -0.00704030273482, 0.00373000698164, 6.93829570082e-005], [0.000611063383985, -0.00144612113945, 0.000424688594649, 0.00156581611373, -0.000673003320117, -0.00646354909986, 0.0184900928289, -0.00903939269483, 0.00248366384767, -0.00301183923148, 0.00198356388137, -0.00187817052938, -0.000875907950103], [-0.000763451098464, 0.000294098164886, -0.00243801972829, 0.00179049815051, -0.00068777607521, 0.00136743206531, -0.00903939269483, 0.0235872864723, -0.0136808939278, 0.00611973414198, -0.0037727013696, 0.00206963531673, -0.00294521194883], [0.000485467491671, -0.000211723396205, 0.00211327755824, -0.00450649019331, 0.00281993765384, -0.00189054547809, 0.00248366384767, -0.0136808939278, 0.0289931725711, -0.0183857884258, 0.00796036142856, -0.00510394759476, 0.000990243977867], [-0.000692803412676, 0.00104676489718, -0.00252091791481, 0.00369026465341, -0.00625909073278, 0.00403943657875, -0.00301183923148, 0.00611973414198, -0.0183857884258, 0.0363663211465, -0.0208992399275, 0.0085483090952, -0.0033280167263], [0.000802883238066, -0.000415281538153, 0.00241512758657, -0.00306036463007, 0.00631199032068, -0.00704030273482, 0.00198356388137, -0.0037727013696, 0.00796036142856, -0.0208992399275, 0.0327425971627, -0.0165569912642, 0.00359989819117], [-0.000713778252248, 0.00136963988189, -0.000781717360951, 0.0012798885582, -0.00535307591781, 0.00373000698164, -0.00187817052938, 0.00206963531673, -0.00510394759476, 0.0085483090952, -0.0165569912642, 0.030428359285, -0.0137641914189], [0.00011852614989, -0.000748577702325, 0.00107576441951, 0.000189121739822, 0.00208311551251, 6.93829570082e-005, -0.000875907950103, -0.00294521194883, 0.000990243977867, -0.0033280167263, 0.00359989819117, -0.0137641914189, 0.0199523307383]]
    },
    "spectral_contrast_coeffs": {
        "mean": [-0.629979252815, -0.709917008877, -0.753674030304, -0.724230289459, -0.70942813158, -0.729868650436],
        "var": [0.0134880216792, 0.00629144441336, 0.00529255345464, 0.00622163293883, 0.00504647661, 0.00416670832783]
    },
    "spectral_contrast_valleys": {
        "mean": [-7.96577358246, -8.16359424591, -8.81237220764, -8.54864501953, -8.72695732117, -12.8378372192],
        "var": [3.33952260017, 2.32188796997, 2.25524425507, 2.31481337547, 2.2129611969, 2.40588569641]
    }
},
"metadata": {
    "audio_properties": {
        "analysis_sample_rate": 44100,
        "bit_rate": 128074,
        "equal_loudness": 0,
        "length": 45.0612258911,
        "lossless": 0,
        "replay_gain": -5.6570186615,
        "sample_rate": 44100,
        "codec": "mp3",
        "downmix": "mix",
        "md5_encoded": "069c32cb9128da79fc9ea972fb3f7a8c"
    },
    "tags": {
        "file_name": "1070.mp3"
    },
    "version": {
        "essentia": "2.1-beta2",
        "essentia_git_sha": "v2.1_beta2",
        "extractor": "music 1.0"
    }
},
"rhythm": {
    "beats_count": 84,
    "beats_loudness": {
        "mean": 0.0708248913288,
        "var": 0.00206013466232
    },
    "bpm": 114.727005005,
    "bpm_histogram_first_peak_bpm": {
        "mean": 115,
        "var": 0
    },
    "bpm_histogram_first_peak_spread": {
        "mean": 0.309859156609,
        "var": 0
    },
    "bpm_histogram_first_peak_weight": {
        "mean": 0.59036141634,
        "var": 0
    },
    "bpm_histogram_second_peak_bpm": {
        "mean": 103,
        "var": 0
    },
    "bpm_histogram_second_peak_spread": {
        "mean": 0.166666612029,
        "var": 0
    },
    "bpm_histogram_second_peak_weight": {
        "mean": 0.0602409653366,
        "var": 0
    },
    "danceability": 1.54416358471,
    "onset_rate": 3.90403676033,
    "beats_loudness_band_ratio": {
        "mean": [0.780793607235, 0.0551145300269, 0.0175713673234, 0.0277130287141, 0.0992510691285, 0.0298024024814],
        "var": [0.0450905449688, 0.00516597367823, 0.000567144830711, 0.00148695427924, 0.0224099196494, 0.00537138199434]
    },
    "beats_position": [0.53405892849, 1.09133780003, 1.64861679077, 2.20589566231, 2.77478456497, 3.32045340538, 3.85451245308, 4.37696123123, 4.8994102478, 5.4334692955, 5.94430828094, 6.46675729752, 6.98920631409, 7.51165533066, 8.03410434723, 8.55655288696, 9.07900238037, 9.61306095123, 10.1239004135, 10.6463489532, 11.1687984467, 11.6912469864, 12.2136955261, 12.7245349884, 13.2469835281, 13.7694330215, 14.3034915924, 14.8259410858, 15.3483896255, 15.870839119, 16.3816776276, 16.904127121, 17.426574707, 17.9374141693, 18.4598636627, 18.9823131561, 19.5047607422, 20.0388202667, 20.549659729, 21.0837192535, 21.6061668396, 22.128616333, 22.6394557953, 23.1619052887, 23.6843528748, 24.2068023682, 24.7292518616, 25.2516994476, 25.774148941, 26.3082084656, 26.8190479279, 27.3414955139, 27.8639450073, 28.3863945007, 28.9088420868, 29.4312915802, 29.9537410736, 30.4878005981, 30.9986381531, 31.5210876465, 32.0435371399, 32.5543746948, 33.0768241882, 33.5992736816, 34.121723175, 34.6441726685, 35.1666221619, 35.6890678406, 36.211517334, 36.7339668274, 37.244808197, 37.7672538757, 38.2897033691, 38.823764801, 39.3462142944, 39.8802719116, 40.4143295288, 40.9599990845, 41.5172767639, 42.0977783203, 42.678276062, 43.2587738037, 43.8392753601, 44.4197731018]
},
"tonal": {
    "chords_changes_rate": 0.047325104475,
    "chords_number_rate": 0.0102880662307,
    "chords_strength": {
        "mean": 0.501530408859,
        "var": 0.00841321703047
    },
    "hpcp_entropy": {
        "mean": 2.01192259789,
        "var": 0.487943410873
    },
    "key_strength": 0.720052480698,
    "tuning_diatonic_strength": 0.579428911209,
    "tuning_equal_tempered_deviation": 0.085989497602,
    "tuning_frequency": 440.508636475,
    "tuning_nontempered_energy_ratio": 0.781494855881,
    "hpcp": {
        "mean": [0.232752263546, 0.125858664513, 0.0515849888325, 0.0429475083947, 0.03692631796, 0.0707196891308, 0.113455086946, 0.0943872630596, 0.0878950431943, 0.11373373121, 0.0815111249685, 0.05541908741, 0.0821543186903, 0.142920836806, 0.239048928022, 0.260324537754, 0.1936506778, 0.14446336031, 0.120236031711, 0.0996408611536, 0.157767191529, 0.23588564992, 0.209989458323, 0.20963871479, 0.195053890347, 0.0977071076632, 0.0579941757023, 0.0638592690229, 0.063502818346, 0.0952924638987, 0.110571749508, 0.0764078199863, 0.0697291120887, 0.0693388804793, 0.0835917145014, 0.188869521022],
        "var": [0.125343665481, 0.0450497381389, 0.0157541185617, 0.0166296940297, 0.0109083270654, 0.023932999, 0.0463687852025, 0.029548579827, 0.0277556274086, 0.0502617768943, 0.0280722361058, 0.0135264322162, 0.030791612342, 0.0508468896151, 0.102610461414, 0.101865075529, 0.073497787118, 0.0578175149858, 0.0556894019246, 0.0459544621408, 0.0587024688721, 0.100945778191, 0.0741741061211, 0.0906179174781, 0.109007842839, 0.0397575646639, 0.0215178839862, 0.0236196964979, 0.0212371386588, 0.049330662936, 0.0640082508326, 0.0296992752701, 0.0217007659376, 0.0209276136011, 0.0288723278791, 0.0917920917273]
    },
    "chords_histogram": [7.20164632797, 6.58436203003, 1.85185182095, 0.308641970158, 0, 9.25925922394, 5.04115247726, 0.205761313438, 0, 24.6913585663, 34.8765449524, 0, 0, 4.73251008987, 0, 0, 1.13168728352, 0, 0, 0, 0.823045253754, 0, 2.67489719391, 0.617283940315],
    "thpcp": [1, 0.743881762028, 0.554935634136, 0.461869746447, 0.382756322622, 0.606040418148, 0.906121432781, 0.806644916534, 0.805297553539, 0.749271988869, 0.375328063965, 0.222776442766, 0.245306372643, 0.243937119842, 0.366052567959, 0.424745768309, 0.293509870768, 0.26785454154, 0.266355544329, 0.321105778217, 0.725515604019, 0.894084990025, 0.483468323946, 0.19815646112, 0.164976790547, 0.141847237945, 0.271659702063, 0.435821712017, 0.362575352192, 0.33763641119, 0.436892092228, 0.313113480806, 0.212884604931, 0.315584242344, 0.54901021719, 0.918272733688],
    "chords_key": "C#",
    "chords_scale": "minor",
    "key_key": "D",
    "key_scale": "minor"
}
}