{
"lowlevel": {
    "average_loudness": 0.867725193501,
    "barkbands_crest": {
        "mean": 12.7188711166,
        "var": 20.2429275513
    },
    "barkbands_flatness_db": {
        "mean": 0.242413491011,
        "var": 0.00919891148806
    },
    "barkbands_kurtosis": {
        "mean": 14.6147098541,
        "var": 1619.1673584
    },
    "barkbands_skewness": {
        "mean": 2.32204627991,
        "var": 4.41126155853
    },
    "barkbands_spread": {
        "mean": 10.4217214584,
        "var": 118.646957397
    },
    "dissonance": {
        "mean": 0.398232668638,
        "var": 0.00480907782912
    },
    "dynamic_complexity": 3.91072511673,
    "erbbands_crest": {
        "mean": 12.1574878693,
        "var": 31.9241485596
    },
    "erbbands_flatness_db": {
        "mean": 0.234516605735,
        "var": 0.00858641788363
    },
    "erbbands_kurtosis": {
        "mean": 2.62050247192,
        "var": 36.6111373901
    },
    "erbbands_skewness": {
        "mean": 0.889202237129,
        "var": 1.20034039021
    },
    "erbbands_spread": {
        "mean": 26.7705154419,
        "var": 436.087188721
    },
    "hfc": {
        "mean": 11.8319921494,
        "var": 385.305175781
    },
    "melbands_crest": {
        "mean": 16.0089588165,
        "var": 24.7840480804
    },
    "melbands_flatness_db": {
        "mean": 0.319932550192,
        "var": 0.0127059640363
    },
    "melbands_kurtosis": {
        "mean": 21.7021331787,
        "var": 2000.38952637
    },
    "melbands_skewness": {
        "mean": 2.79799556732,
        "var": 4.05056381226
    },
    "melbands_spread": {
        "mean": 11.7951259613,
        "var": 244.416183472
    },
    "pitch_salience": {
        "mean": 0.511479377747,
        "var": 0.0177509337664
    },
    "silence_rate_20dB": {
        "mean": 1,
        "var": 0
    },
    "silence_rate_30dB": {
        "mean": 0.968589067459,
        "var": 0.0304246600717
    },
    "silence_rate_60dB": {
        "mean": 0.156539648771,
        "var": 0.132035538554
    },
    "spectral_centroid": {
        "mean": 696.94354248,
        "var": 291986.625
    },
    "spectral_complexity": {
        "mean": 10.3043251038,
        "var": 103.348152161
    },
    "spectral_decrease": {
        "mean": -6.30445917693e-009,
        "var": 7.05096496551e-017
    },
    "spectral_energy": {
        "mean": 0.0248676910996,
        "var": 0.00107383704744
    },
    "spectral_energyband_high": {
        "mean": 0.000512055004947,
        "var": 2.82384849015e-006
    },
    "spectral_energyband_low": {
        "mean": 0.00860049482435,
        "var": 0.00065657729283
    },
    "spectral_energyband_middle_high": {
        "mean": 0.00246441620402,
        "var": 1.50292489707e-005
    },
    "spectral_energyband_middle_low": {
        "mean": 0.0143379550427,
        "var": 0.00031673986814
    },
    "spectral_entropy": {
        "mean": 6.57326936722,
        "var": 0.854563951492
    },
    "spectral_flux": {
        "mean": 0.0735855549574,
        "var": 0.00551503058523
    },
    "spectral_kurtosis": {
        "mean": 23.2569923401,
        "var": 1241.55200195
    },
    "spectral_rms": {
        "mean": 0.00416210619733,
        "var": 6.93802803653e-006
    },
    "spectral_rolloff": {
        "mean": 948.094177246,
        "var": 2137496.75
    },
    "spectral_skewness": {
        "mean": 3.18689370155,
        "var": 4.27194547653
    },
    "spectral_spread": {
        "mean": 3895458.25,
        "var": 6.95741762765e+012
    },
    "spectral_strongpeak": {
        "mean": 0.889293372631,
        "var": 0.688353657722
    },
    "zerocrossingrate": {
        "mean": 0.0389553904533,
        "var": 0.00137945031747
    },
    "barkbands": {
        "mean": [7.33689157641e-005, 0.00473123462871, 0.00287189427763, 0.00251906225458, 0.00673246243969, 0.00304286787286, 0.000645440421067, 0.000625849410426, 0.000538764346857, 0.000422396202339, 0.000646611500997, 0.00032218763954, 0.000331352319336, 0.000177645080839, 0.000145277634147, 0.000215199543163, 0.000100631346868, 9.17134966585e-005, 7.69885227783e-005, 0.000102612684714, 0.00011894646741, 0.000126803774037, 9.04492189875e-005, 5.82512220717e-005, 3.79264602088e-005, 2.06133645406e-005, 1.12840882593e-006],
        "var": [1.08595457959e-007, 0.000295454461593, 0.000108360160084, 2.6055784474e-005, 0.0001207568057, 2.29621473409e-005, 1.28604040128e-006, 6.31347063518e-007, 7.36438778404e-007, 6.53150095786e-007, 1.98913699023e-006, 5.76806030494e-007, 8.19490026061e-007, 2.06069586284e-007, 2.27338532e-007, 3.17484733614e-007, 9.15992188766e-008, 7.47202761886e-008, 6.59069598896e-008, 1.20933179915e-007, 1.92560079881e-007, 2.15265416159e-007, 9.55165120331e-008, 2.98277420541e-008, 1.18741159127e-008, 2.25254837005e-009, 5.93888870373e-012]
    },
    "erbbands": {
        "mean": [0.0847571268678, 1.22654616833, 3.45950651169, 5.80532407761, 17.5605564117, 19.6237010956, 29.057226181, 20.3687114716, 15.1634559631, 10.1461009979, 11.362698555, 14.70789814, 14.610956192, 13.5585575104, 26.6733875275, 13.8657083511, 15.9965076447, 11.4210596085, 7.68665790558, 10.0054798126, 8.89776134491, 5.92387771606, 5.39531517029, 4.17253494263, 4.00076007843, 4.64585399628, 4.73953533173, 4.75691986084, 4.60674238205, 3.64101600647, 2.45657491684, 1.42360877991, 0.86348503828, 0.498992472887, 0.231809094548, 0.109164565802, 0.0343990586698, 0.00507023744285, 0.000144165867823, 3.28000714944e-005],
        "var": [0.0696888640523, 21.8063373566, 162.996383667, 134.243927002, 1666.82299805, 989.950073242, 2226.5090332, 1498.9050293, 928.593261719, 132.045211792, 289.781158447, 556.400024414, 701.231994629, 858.320983887, 4000.60522461, 882.619384766, 1638.73669434, 631.601196289, 521.378173828, 641.121765137, 426.080932617, 342.308990479, 247.504943848, 188.832962036, 182.030593872, 242.252059937, 292.482177734, 319.189361572, 294.976593018, 163.327667236, 68.2319335938, 18.818365097, 6.44383478165, 2.07299137115, 0.447517752647, 0.0754288509488, 0.00589009886608, 0.000102789017546, 7.80153968094e-008, 1.85240234263e-009]
    },
    "gfcc": {
        "mean": [-106.157218933, 125.401382446, -104.614105225, -3.37836694717, -65.9099502563, 0.0873292759061, -42.2974967957, -9.80759811401, -26.783197403, -6.48177957535, -17.9536972046, -3.21256995201, -11.238067627],
        "cov": [[13844.4287109, -3045.61816406, 940.607666016, 2284.69116211, -140.223770142, 975.970825195, -839.719848633, 263.32611084, -974.852172852, -33.7857933044, -839.817565918, 263.798614502, -244.698516846], [-3045.61816406, 4185.95996094, 311.777130127, -424.35848999, 891.153808594, -484.624145508, 576.30456543, -430.978881836, 422.636657715, -416.980895996, 357.865783691, -442.508209229, 256.124511719], [940.607666016, 311.777130127, 2572.30126953, 569.355834961, 128.370697021, 375.579284668, -111.890899658, 184.648834229, -219.756332397, 40.4240837097, -264.577758789, 115.544006348, -130.459869385], [2284.69116211, -424.35848999, 569.355834961, 1073.30688477, 162.186309814, 338.441375732, 2.05603027344, 108.890853882, -119.115837097, -15.7489538193, -116.732307434, -15.1642189026, -36.6528739929], [-140.223770142, 891.153808594, 128.370697021, 162.186309814, 662.227966309, 54.3522109985, 273.171783447, 23.2474746704, 162.811248779, -15.7589855194, 112.370910645, -45.8998374939, 32.9525489807], [975.970825195, -484.624145508, 375.579284668, 338.441375732, 54.3522109985, 411.335876465, 25.2838382721, 167.985214233, -46.1745262146, 80.2217102051, -34.1486701965, 72.1484680176, -53.8691291809], [-839.719848633, 576.30456543, -111.890899658, 2.05603027344, 273.171783447, 25.2838382721, 341.673339844, 39.3081626892, 204.757202148, 11.0318422318, 167.494842529, -44.646446228, 54.7920570374], [263.32611084, -430.978881836, 184.648834229, 108.890853882, 23.2474746704, 167.985214233, 39.3081626892, 238.164474487, 54.630569458, 137.911132813, 4.00906515121, 113.836791992, -29.1500797272], [-974.852172852, 422.636657715, -219.756332397, -119.115837097, 162.811248779, -46.1745262146, 204.757202148, 54.630569458, 308.251342773, 83.2951660156, 169.641571045, -41.6594963074, 72.4187393188], [-33.7857933044, -416.980895996, 40.4240837097, -15.7489538193, -15.7589855194, 80.2217102051, 11.0318422318, 137.911132813, 83.2951660156, 205.22869873, 52.643535614, 110.595291138, -22.3404445648], [-839.817565918, 357.865783691, -264.577758789, -116.732307434, 112.370910645, -34.1486701965, 167.494842529, 4.00906515121, 169.641571045, 52.643535614, 232.688858032, 6.26993131638, 55.4020080566], [263.798614502, -442.508209229, 115.544006348, -15.1642189026, -45.8998374939, 72.1484680176, -44.646446228, 113.836791992, -41.6594963074, 110.595291138, 6.26993131638, 194.142349243, -1.68558192253], [-244.698516846, 256.124511719, -130.459869385, -36.6528739929, 32.9525489807, -53.8691291809, 54.7920570374, -29.1500797272, 72.4187393188, -22.3404445648, 55.4020080566, -1.68558192253, 124.476303101]],
        "icov": [[0.000187478406588, -6.73886170262e-005, 0.000145912767039, -0.000350565358531, -7.86384989624e-005, -0.000249489821726, 0.000362262624549, -2.08162473427e-005, 0.000207815057365, -0.000132949018735, 0.00040157258627, -0.000245750852628, -2.14039173443e-005], [-6.73886170262e-005, 0.00169395294506, -0.000996346934699, 0.000860586587805, -0.0014144196175, 0.00104601425119, -0.000589893315919, 0.00080167473061, -0.00066917022923, 0.00229978212155, -0.00205390015617, 0.00188448640984, -0.00139256101102], [0.000145912767039, -0.000996346934699, 0.00119023153093, -0.000804883253295, 0.000574974925257, -0.00097072852077, 0.000529767188709, -0.000503513321746, 0.000503549759742, -0.00135056779254, 0.0019572970923, -0.00150385429151, 0.000997091177851], [-0.000350565358531, 0.000860586587805, -0.000804883253295, 0.00253470684402, -0.000926554552279, -0.000110830827907, -0.000817423337139, -0.00026063376572, 0.00037294649519, 0.000962305348366, -0.00142178335227, 0.00246712239459, -0.00143906765152], [-7.86384989624e-005, -0.0014144196175, 0.000574974925257, -0.000926554552279, 0.00383763224818, -0.000732300279196, -0.00156648200937, -9.83578956948e-006, -0.000687650404871, -0.00111098296475, 0.00161014380865, -0.00225685862824, 0.00189337716438], [-0.000249489821726, 0.00104601425119, -0.00097072852077, -0.000110830827907, -0.000732300279196, 0.00584279978648, -0.00159155274741, -0.0024046045728, 0.00124236545525, 0.000583823188208, -0.00226271734573, 0.00199519935995, -0.000416792841861], [0.000362262624549, -0.000589893315919, 0.000529767188709, -0.000817423337139, -0.00156648200937, -0.00159155274741, 0.00894659850746, -0.00206224969588, -0.00219019595534, 0.00160429044627, -0.00226734089665, -3.78129807359e-005, 0.000116116389108], [-2.08162473427e-005, 0.00080167473061, -0.000503513321746, -0.00026063376572, -9.83578956948e-006, -0.0024046045728, -0.00206224969588, 0.0131251532584, -0.00536651629955, -0.00131665554363, 0.00272590550594, -0.00561419641599, 0.0022450753022], [0.000207815057365, -0.00066917022923, 0.000503549759742, 0.00037294649519, -0.000687650404871, 0.00124236545525, -0.00219019595534, -0.00536651629955, 0.0143135068938, -0.00802391301841, -0.00277467723936, 0.00762407854199, -0.00557928485796], [-0.000132949018735, 0.00229978212155, -0.00135056779254, 0.000962305348366, -0.00111098296475, 0.000583823188208, 0.00160429044627, -0.00131665554363, -0.00802391301841, 0.0174990203232, -0.00429579196498, -0.00456211017445, 0.00306575116701], [0.00040157258627, -0.00205390015617, 0.0019572970923, -0.00142178335227, 0.00161014380865, -0.00226271734573, -0.00226734089665, 0.00272590550594, -0.00277467723936, -0.00429579196498, 0.0136795565486, -0.00597780756652, 0.00155303499196], [-0.000245750852628, 0.00188448640984, -0.00150385429151, 0.00246712239459, -0.00225685862824, 0.00199519935995, -3.78129807359e-005, -0.00561419641599, 0.00762407854199, -0.00456211017445, -0.00597780756652, 0.0172395855188, -0.00740784779191], [-2.14039173443e-005, -0.00139256101102, 0.000997091177851, -0.00143906765152, 0.00189337716438, -0.000416792841861, 0.000116116389108, 0.0022450753022, -0.00557928485796, 0.00306575116701, 0.00155303499196, -0.00740784779191, 0.0142758991569]]
    },
    "melbands": {
        "mean": [0.00104902044404, 0.00182957202196, 0.00140693038702, 0.00133609084878, 0.00102061603684, 0.000494039617479, 0.000209198187804, 0.000116499046271, 8.77224956639e-005, 9.1603025794e-005, 6.96387432981e-005, 4.93923180329e-005, 8.09605990071e-005, 4.7427474783e-005, 3.32162308041e-005, 3.75862655346e-005, 1.88841968338e-005, 1.17921154015e-005, 1.11978733912e-005, 1.84304590221e-005, 8.11886729934e-006, 6.22743073109e-006, 5.30822535438e-006, 4.02737578042e-006, 3.3386670566e-006, 2.75840557151e-006, 3.11761073135e-006, 3.1484316878e-006, 2.93990888167e-006, 2.84713064502e-006, 2.74288049695e-006, 2.59591661234e-006, 2.46547097049e-006, 1.8592717197e-006, 1.50330492943e-006, 1.03111085537e-006, 8.18394482849e-007, 6.38133826669e-007, 4.87034697016e-007, 3.96013462023e-007],
        "var": [1.26336071844e-005, 4.34117428085e-005, 7.41860958442e-006, 6.34738535155e-006, 2.40945450969e-006, 7.44867065805e-007, 1.69763367808e-007, 1.93227531753e-008, 1.81318711157e-008, 2.36081678651e-008, 1.73844725282e-008, 1.30870905224e-008, 3.32173968332e-008, 8.98854057851e-009, 9.89924142658e-009, 1.37776492437e-008, 2.15143991511e-009, 1.34617594849e-009, 1.44347966913e-009, 2.56625520834e-009, 3.86323556478e-010, 4.47499398648e-010, 2.34970681801e-010, 1.45548753605e-010, 1.32591354562e-010, 8.9464866071e-011, 1.30905911111e-010, 1.13092035736e-010, 1.10249878671e-010, 1.14251622052e-010, 1.12721422474e-010, 9.69074334667e-011, 8.31906071808e-011, 4.37692902755e-011, 2.73598799866e-011, 1.07454834961e-011, 6.07218442195e-012, 3.56640043019e-012, 2.07376151841e-012, 1.31780458941e-012]
    },
    "mfcc": {
        "mean": [-756.888793945, 159.255767822, 15.0387239456, -0.280567020178, -6.15345811844, -1.95236170292, -10.1198768616, -6.55523490906, -9.03870868683, -8.85336589813, -10.3765058517, -3.819262743, -4.4331946373],
        "cov": [[12429.1542969, -2595.08764648, 53.6904640198, 1181.64416504, 536.393310547, 748.916564941, 188.548660278, 242.507553101, -44.1556167603, -201.341384888, -362.135131836, -425.883972168, -460.482299805], [-2595.08764648, 3378.12158203, 310.572906494, 109.926734924, 285.284820557, -7.19495773315, 132.429016113, 25.2229938507, 41.1076660156, -0.93562400341, 15.4396877289, 13.4233999252, -40.3177642822], [53.6904640198, 310.572906494, 1774.00390625, 381.847991943, 247.460174561, 216.088577271, 110.157157898, 117.359680176, 6.56463289261, -6.55886173248, -1.73423147202, -95.0109481812, -221.828231812], [1181.64416504, 109.926734924, 381.847991943, 653.574462891, 309.914031982, 244.349563599, 177.950485229, 133.939193726, 82.2701187134, 52.1851501465, 24.8410148621, -7.35886240005, -67.0263671875], [536.393310547, 285.284820557, 247.460174561, 309.914031982, 378.123382568, 207.846908569, 156.723205566, 120.523994446, 82.82421875, 69.8454971313, 47.5085868835, 29.4850902557, -10.4309263229], [748.916564941, -7.19495773315, 216.088577271, 244.349563599, 207.846908569, 270.949981689, 164.876251221, 115.671211243, 59.4334106445, 46.5225906372, 35.2483215332, 7.95815324783, -22.4591274261], [188.548660278, 132.429016113, 110.157157898, 177.950485229, 156.723205566, 164.876251221, 206.948699951, 131.718673706, 56.2906608582, 43.9597625732, 68.0956420898, 41.5895805359, 2.37287592888], [242.507553101, 25.2229938507, 117.359680176, 133.939193726, 120.523994446, 115.671211243, 131.718673706, 163.219711304, 79.8178634644, 49.5165214539, 52.4788208008, 43.3738899231, 18.715089798], [-44.1556167603, 41.1076660156, 6.56463289261, 82.2701187134, 82.82421875, 59.4334106445, 56.2906608582, 79.8178634644, 152.754333496, 111.997291565, 56.030620575, 57.0138206482, 74.6341323853], [-201.341384888, -0.93562400341, -6.55886173248, 52.1851501465, 69.8454971313, 46.5225906372, 43.9597625732, 49.5165214539, 111.997291565, 172.181259155, 103.729408264, 60.2087631226, 65.443649292], [-362.135131836, 15.4396877289, -1.73423147202, 24.8410148621, 47.5085868835, 35.2483215332, 68.0956420898, 52.4788208008, 56.030620575, 103.729408264, 203.097244263, 119.82421875, 32.5321464539], [-425.883972168, 13.4233999252, -95.0109481812, -7.35886240005, 29.4850902557, 7.95815324783, 41.5895805359, 43.3738899231, 57.0138206482, 60.2087631226, 119.82421875, 193.47303772, 130.300872803], [-460.482299805, -40.3177642822, -221.828231812, -67.0263671875, -10.4309263229, -22.4591274261, 2.37287592888, 18.715089798, 74.6341323853, 65.443649292, 32.5321464539, 130.300872803, 249.536956787]],
        "icov": [[0.000187689467566, 0.000140298579936, 0.000129970896523, -0.000252075842582, -0.000149869170855, -0.000445293757366, 0.000384727813071, -0.000261944689555, 1.42466369653e-005, 0.000206309225177, 0.000177797235665, 0.000140269345138, 0.000231703786994], [0.000140298579936, 0.000470890663564, 2.90345742542e-005, -8.60946674948e-005, -0.000590262236074, 0.000234461331274, -0.000336167984642, 0.000230103178183, -0.000268173200311, 0.000320498016663, 0.000203515301109, 7.14155976311e-005, 0.000252365251072], [0.000129970896523, 2.90345742542e-005, 0.000850503682159, -0.000406731385738, -0.000201064671273, -0.000710130494554, 0.000823170528747, -0.000752698804718, 0.000192146922927, 9.64437931543e-005, 9.1346912086e-005, 0.000114334186947, 0.000713278481271], [-0.000252075842582, -8.60946674948e-005, -0.000406731385738, 0.00333967758343, -0.00136616756208, -0.000149754603626, -0.00132028700318, 0.000570033909753, -0.000876026402693, -0.000190738792298, 0.000303764914861, -0.000424862228101, 0.000449901795946], [-0.000149869170855, -0.000590262236074, -0.000201064671273, -0.00136616756208, 0.00660176575184, -0.00252310326323, -0.00047636902309, -0.000559263513424, -8.1350619439e-005, -0.00133354705758, 0.000368414039258, -0.000877918093465, -3.78158110834e-005], [-0.000445293757366, 0.000234461331274, -0.000710130494554, -0.000149754603626, -0.00252310326323, 0.011646441184, -0.00703342398629, 0.000926140754018, -0.000512092316058, -0.00101191364229, 0.000456465379102, 0.000226930962526, -0.000274630292552], [0.000384727813071, -0.000336167984642, 0.000823170528747, -0.00132028700318, -0.00047636902309, -0.00703342398629, 0.0172071326524, -0.00937109347433, 0.00232896278612, 0.00126455677673, -0.00285709532909, 0.000771877646912, -0.000139755022246], [-0.000261944689555, 0.000230103178183, -0.000752698804718, 0.000570033909753, -0.000559263513424, 0.000926140754018, -0.00937109347433, 0.0170232076198, -0.00686617102474, 0.0019806700293, -0.000286782713374, -0.00117478833999, 9.51367328526e-005], [1.42466369653e-005, -0.000268173200311, 0.000192146922927, -0.000876026402693, -8.1350619439e-005, -0.000512092316058, 0.00232896278612, -0.00686617102474, 0.0180932339281, -0.0102196829394, 0.00243490422145, -0.0010284029413, -0.00214994396083], [0.000206309225177, 0.000320498016663, 9.64437931543e-005, -0.000190738792298, -0.00133354705758, -0.00101191364229, 0.00126455677673, 0.0019806700293, -0.0102196829394, 0.0170048829168, -0.00819322932512, 0.00449326215312, -0.00252159056254], [0.000177797235665, 0.000203515301109, 9.1346912086e-005, 0.000303764914861, 0.000368414039258, 0.000456465379102, -0.00285709532909, -0.000286782713374, 0.00243490422145, -0.00819322932512, 0.0143213393167, -0.00944444537163, 0.00511397654191], [0.000140269345138, 7.14155976311e-005, 0.000114334186947, -0.000424862228101, -0.000877918093465, 0.000226930962526, 0.000771877646912, -0.00117478833999, -0.0010284029413, 0.00449326215312, -0.00944444537163, 0.015468288213, -0.00739423371851], [0.000231703786994, 0.000252365251072, 0.000713278481271, 0.000449901795946, -3.78158110834e-005, -0.000274630292552, -0.000139755022246, 9.51367328526e-005, -0.00214994396083, -0.00252159056254, 0.00511397654191, -0.00739423371851, 0.00969727057964]]
    },
    "spectral_contrast_coeffs": {
        "mean": [-0.533086597919, -0.661886334419, -0.729376673698, -0.760670661926, -0.807829856873, -0.800126194954],
        "var": [0.0198743194342, 0.00959907192737, 0.0076462617144, 0.00615051481873, 0.00327706267126, 0.00194400048349]
    },
    "spectral_contrast_valleys": {
        "mean": [-8.69944000244, -7.51405620575, -8.1631269455, -8.97961902618, -9.38638114929, -11.6054239273],
        "var": [2.88962173462, 1.04545485973, 1.32229483128, 1.84642064571, 2.63602733612, 3.54830121994]
    }
},
"metadata": {
    "audio_properties": {
        "analysis_sample_rate": 44100,
        "bit_rate": 128074,
        "equal_loudness": 0,
        "length": 45.0612258911,
        "lossless": 0,
        "replay_gain": -4.86681747437,
        "sample_rate": 44100,
        "codec": "mp3",
        "downmix": "mix",
        "md5_encoded": "8b887c483b0da1c8808d414742da2322"
    },
    "tags": {
        "file_name": "1071.mp3"
    },
    "version": {
        "essentia": "2.1-beta2",
        "essentia_git_sha": "v2.1_beta2",
        "extractor": "music 1.0"
    }
},
"rhythm": {
    "beats_count": 93,
    "beats_loudness": {
        "mean": 0.0476837307215,
        "var": 0.00116969167721
    },
    "bpm": 124.003318787,
    "bpm_histogram_first_peak_bpm": {
        "mean": 123,
        "var": 0
    },
    "bpm_histogram_first_peak_spread": {
        "mean": 0.340909063816,
        "var": 0
    },
    "bpm_histogram_first_peak_weight": {
        "mean": 0.630434811115,
        "var": 0
    },
    "bpm_histogram_second_peak_bpm": {
        "mean": 129,
        "var": 0
    },
    "bpm_histogram_second_peak_spread": {
        "mean": 0,
        "var": 0
    },
    "bpm_histogram_second_peak_weight": {
        "mean": 0.0326086953282,
        "var": 0
    },
    "danceability": 1.26910293102,
    "onset_rate": 4.81349992752,
    "beats_loudness_band_ratio": {
        "mean": [0.438299000263, 0.331461131573, 0.104882478714, 0.0930275321007, 0.0541925653815, 0.0695612430573],
        "var": [0.0852420479059, 0.0534958727658, 0.0154956551269, 0.00974832568318, 0.00458374246955, 0.00746559211984]
    },
    "beats_position": [0.441179126501, 0.905578196049, 1.39319729805, 1.88081634045, 2.36843538284, 2.8444442749, 3.33206343651, 3.80807256699, 4.28408145905, 4.76009082794, 5.24770975113, 5.73532867432, 6.2229475975, 6.71056699753, 7.19818592072, 7.67419481277, 8.16181373596, 8.63782310486, 9.12544155121, 9.61306095123, 10.1006803513, 10.5882987976, 11.0759181976, 11.5519275665, 12.0279359818, 12.5155553818, 13.0031747818, 13.4907932281, 13.9784126282, 14.4544210434, 14.9304304123, 15.4180498123, 15.9056682587, 16.3932876587, 16.8809070587, 17.3569164276, 17.8329238892, 18.3205432892, 18.8081626892, 19.2957820892, 19.7834014893, 20.2594108582, 20.7354183197, 21.2230377197, 21.7106571198, 22.1982765198, 22.6858959198, 23.1619052887, 23.6379127502, 24.1255321503, 24.6131515503, 25.0891609192, 25.5767803192, 26.0527877808, 26.5404071808, 27.0280265808, 27.5156459808, 27.9916553497, 28.4676647186, 28.9552822113, 29.4429016113, 29.9305210114, 30.4181404114, 30.9057598114, 31.3933773041, 31.8809967041, 32.3686180115, 32.8446235657, 33.3206329346, 33.8082542419, 34.2958717346, 34.7718811035, 35.2478904724, 35.7355079651, 36.2231292725, 36.7107467651, 37.1983680725, 37.6743774414, 38.1503829956, 38.638004303, 39.1372337341, 39.6480712891, 40.124080658, 40.5884780884, 41.0760993958, 41.5521087646, 42.0281181335, 42.5157356262, 43.0033569336, 43.4909744263, 43.9553718567, 44.4429931641, 44.9306106567]
},
"tonal": {
    "chords_changes_rate": 0.0534979440272,
    "chords_number_rate": 0.00823045242578,
    "chords_strength": {
        "mean": 0.496575951576,
        "var": 0.00954934302717
    },
    "hpcp_entropy": {
        "mean": 1.65605735779,
        "var": 0.667808413506
    },
    "key_strength": 0.728643119335,
    "tuning_diatonic_strength": 0.574740886688,
    "tuning_equal_tempered_deviation": 0.0318822339177,
    "tuning_frequency": 441.017791748,
    "tuning_nontempered_energy_ratio": 0.65282958746,
    "hpcp": {
        "mean": [0.101389847696, 0.0668932497501, 0.0787706300616, 0.112963601947, 0.0688560605049, 0.0330632850528, 0.0353435985744, 0.0527935028076, 0.229702085257, 0.363055169582, 0.195639416575, 0.0418331846595, 0.0276056807488, 0.0346556156874, 0.115258179605, 0.185604259372, 0.124848395586, 0.110076382756, 0.15097849071, 0.0932762995362, 0.0499550774693, 0.0629161521792, 0.0740156024694, 0.16982331872, 0.21602101624, 0.117286004126, 0.061053622514, 0.0651595294476, 0.0958961173892, 0.266778975725, 0.333388507366, 0.153660193086, 0.0441303513944, 0.0379422903061, 0.0409928523004, 0.0760648325086],
        "var": [0.0454850681126, 0.0199051313102, 0.0271221064031, 0.0618372745812, 0.0233602207154, 0.0110415518284, 0.0141715044156, 0.0168113466352, 0.0793481692672, 0.152517393231, 0.0587163753808, 0.014141947031, 0.00816520210356, 0.00751395476982, 0.0422408729792, 0.097737595439, 0.046967022121, 0.0401837415993, 0.087968043983, 0.0375117361546, 0.0204421486706, 0.0330666191876, 0.0260527059436, 0.073281571269, 0.105441220105, 0.0447460599244, 0.0303230490535, 0.0360984951258, 0.0386856757104, 0.106594510376, 0.147284030914, 0.0434248298407, 0.0161717738956, 0.0139862205833, 0.0154556874186, 0.0265598576516]
    },
    "chords_histogram": [28.3950614929, 4.42386817932, 20.5761318207, 4.01234579086, 0.102880656719, 27.3662548065, 0.411522626877, 6.89300394058, 2.67489719391, 0.308641970158, 0, 0, 0, 0, 0, 0, 0, 0, 0, 0, 0, 0, 4.83539104462, 0],
    "thpcp": [1, 0.538869678974, 0.115225419402, 0.0760371536016, 0.0954555049539, 0.317467391491, 0.51122879982, 0.343882709742, 0.303194642067, 0.415855497122, 0.256920456886, 0.137596383691, 0.173296391964, 0.203868746758, 0.46776175499, 0.595008790493, 0.323052853346, 0.168166235089, 0.179475560784, 0.264136493206, 0.734816610813, 0.918286085129, 0.423242002726, 0.121552743018, 0.104508332908, 0.112910807133, 0.209513157606, 0.279268443584, 0.184250921011, 0.21696600318, 0.311147212982, 0.18965728581, 0.091069586575, 0.0973504930735, 0.145414546132, 0.632691979408],
    "chords_key": "C",
    "chords_scale": "minor",
    "key_key": "C",
    "key_scale": "minor"
}
}