{
"lowlevel": {
    "average_loudness": 0.802341222763,
    "barkbands_crest": {
        "mean": 12.0432186127,
        "var": 24.8728351593
    },
    "barkbands_flatness_db": {
        "mean": 0.23109203577,
        "var": 0.0121439341456
    },
    "barkbands_kurtosis": {
        "mean": 16.8233623505,
        "var": 11999.65625
    },
    "barkbands_skewness": {
        "mean": 2.1005115509,
        "var": 6.56466722488
    },
    "barkbands_spread": {
        "mean": 15.3025693893,
        "var": 328.232330322
    },
    "dissonance": {
        "mean": 0.417970597744,
        "var": 0.00450066104531
    },
    "dynamic_complexity": 3.39454269409,
    "erbbands_crest": {
        "mean": 11.8787031174,
        "var": 28.0583305359
    },
    "erbbands_flatness_db": {
        "mean": 0.216563016176,
        "var": 0.00795198511332
    },
    "erbbands_kurtosis": {
        "mean": 4.43312454224,
        "var": 171.684631348
    },
    "erbbands_skewness": {
        "mean": 0.856597661972,
        "var": 2.19279170036
    },
    "erbbands_spread": {
        "mean": 36.9069671631,
        "var": 1080.65722656
    },
    "hfc": {
        "mean": 17.0537452698,
        "var": 322.439849854
    },
    "melbands_crest": {
        "mean": 15.7654256821,
        "var": 36.0557060242
    },
    "melbands_flatness_db": {
        "mean": 0.30895191431,
        "var": 0.0179713796824
    },
    "melbands_kurtosis": {
        "mean": 27.8330173492,
        "var": 3682.99389648
    },
    "melbands_skewness": {
        "mean": 3.08443236351,
        "var": 7.29900932312
    },
    "melbands_spread": {
        "mean": 17.7990322113,
        "var": 958.604125977
    },
    "pitch_salience": {
        "mean": 0.538964629173,
        "var": 0.023262700066
    },
    "silence_rate_20dB": {
        "mean": 1,
        "var": 0
    },
    "silence_rate_30dB": {
        "mean": 0.876416087151,
        "var": 0.108312010765
    },
    "silence_rate_60dB": {
        "mean": 0.0818743556738,
        "var": 0.0751712918282
    },
    "spectral_centroid": {
        "mean": 856.540039063,
        "var": 764703.875
    },
    "spectral_complexity": {
        "mean": 10.6513900757,
        "var": 55.2170257568
    },
    "spectral_decrease": {
        "mean": -1.02064978691e-008,
        "var": 2.14825515169e-016
    },
    "spectral_energy": {
        "mean": 0.0400685407221,
        "var": 0.00315190549009
    },
    "spectral_energyband_high": {
        "mean": 0.000773005594965,
        "var": 2.44742886935e-006
    },
    "spectral_energyband_low": {
        "mean": 0.0218188781291,
        "var": 0.00242930790409
    },
    "spectral_energyband_middle_high": {
        "mean": 0.00256287213415,
        "var": 1.20612448882e-005
    },
    "spectral_energyband_middle_low": {
        "mean": 0.0174597930163,
        "var": 0.000326615991071
    },
    "spectral_entropy": {
        "mean": 6.92470884323,
        "var": 1.06832170486
    },
    "spectral_flux": {
        "mean": 0.115180335939,
        "var": 0.00899147149175
    },
    "spectral_kurtosis": {
        "mean": 19.8716964722,
        "var": 2384.40405273
    },
    "spectral_rms": {
        "mean": 0.0051782336086,
        "var": 1.22771234601e-005
    },
    "spectral_rolloff": {
        "mean": 1496.13720703,
        "var": 6729945
    },
    "spectral_skewness": {
        "mean": 2.68961119652,
        "var": 6.46316385269
    },
    "spectral_spread": {
        "mean": 5103479.5,
        "var": 1.27739268956e+013
    },
    "spectral_strongpeak": {
        "mean": 0.883372843266,
        "var": 0.786269783974
    },
    "zerocrossingrate": {
        "mean": 0.0551026128232,
        "var": 0.00420316262171
    },
    "barkbands": {
        "mean": [0.000253517791862, 0.0147943338379, 0.00436870055273, 0.00497149815783, 0.00357141788118, 0.00297896843404, 0.00246546021663, 0.00177587359212, 0.00138682278339, 0.000678352545947, 0.000679900811519, 0.000390452478314, 0.000296444195556, 0.000144372825162, 0.000179909708095, 0.00012661346409, 9.33863047976e-005, 5.36804946023e-005, 5.85510788369e-005, 6.52738162898e-005, 8.42594963615e-005, 0.000110429115011, 0.000155637200805, 0.000169556500623, 0.000154416367877, 5.79082770855e-005, 2.81539564639e-006],
        "var": [5.08051812176e-007, 0.00153865292668, 0.000142275122926, 9.33991614147e-005, 3.04254099319e-005, 5.04560302943e-005, 2.90410844173e-005, 1.67339330801e-005, 9.86661325442e-006, 2.06056415664e-006, 2.43511249209e-006, 1.04391426703e-006, 6.94275513524e-007, 1.61978235269e-007, 1.76257501039e-007, 1.0774652992e-007, 4.70662300245e-008, 1.62467088671e-008, 2.05404599996e-008, 1.71904019908e-008, 3.41175265817e-008, 4.78816417626e-008, 1.24025049786e-007, 2.36952800492e-007, 2.65733092419e-007, 4.50253132556e-008, 6.04698721651e-011]
    },
    "erbbands": {
        "mean": [0.346334725618, 3.52113819122, 6.04234743118, 11.1544418335, 13.6950044632, 11.5102567673, 16.9941883087, 28.226940155, 29.4666938782, 45.596370697, 35.3405418396, 31.6968746185, 25.5387897491, 20.7452335358, 25.4146404266, 16.7770423889, 14.5570259094, 8.50544643402, 8.40222644806, 8.81169128418, 6.43972110748, 5.43520832062, 3.42131185532, 2.43760752678, 3.23106789589, 3.02579903603, 3.39377689362, 3.44568419456, 3.81863284111, 4.30371618271, 4.5166592598, 3.80066347122, 2.61380076408, 2.06264257431, 0.897632956505, 0.340612441301, 0.0945287570357, 0.0112546067685, 0.00036326071131, 5.74446203245e-005],
        "var": [0.827308177948, 93.976020813, 276.164520264, 394.346618652, 479.45425415, 456.0105896, 1255.85827637, 6082.37109375, 3687.17480469, 10629.5810547, 5849.234375, 5646.90917969, 2682.4831543, 2019.5657959, 3826.00585938, 1936.73168945, 1486.90722656, 385.231658936, 400.505096436, 381.440887451, 273.829376221, 171.229949951, 64.212020874, 33.1474151611, 58.659866333, 37.3221435547, 48.4858322144, 59.4364395142, 75.2825546265, 69.8583755493, 117.548973083, 111.138084412, 59.8527908325, 50.6131973267, 8.2408285141, 2.03557896614, 0.0954649820924, 0.000827766838484, 9.11535266823e-007, 5.58375123916e-009]
    },
    "gfcc": {
        "mean": [-76.7490463257, 110.026802063, -78.7922363281, 16.0802154541, -73.4147338867, 8.85165405273, -42.9406738281, -0.617549836636, -20.5230674744, -6.2022395134, -19.1482105255, -6.13890647888, -12.7356290817],
        "cov": [[15387.6513672, -1930.3951416, -1852.19812012, 476.044342041, -261.828613281, 826.700866699, 109.612770081, 789.417053223, -5.47031068802, 747.520568848, -31.9969081879, 485.285217285, -182.059005737], [-1930.3951416, 4990.22167969, 26.7171535492, -757.680786133, 1104.63122559, -483.213745117, 680.194702148, -203.06854248, 537.288879395, -456.884185791, 476.898040771, -259.091827393, 428.667297363], [-1852.19812012, 26.7171535492, 2103.62792969, 471.575500488, -12.8372144699, 157.749145508, -56.3920326233, -57.5643310547, -29.0059375763, -74.7034683228, -115.60609436, 65.7387771606, 11.7050533295], [476.044342041, -757.680786133, 471.575500488, 1034.00793457, 219.214370728, 11.3601884842, -17.908498764, 12.2622766495, -7.75719022751, 70.7833175659, -129.539398193, 74.7136306763, -62.6174507141], [-261.828613281, 1104.63122559, -12.8372144699, 219.214370728, 940.713623047, 14.8936777115, 240.660568237, -17.0988616943, 243.726226807, -6.95606279373, 75.9288253784, -12.603477478, 86.8978424072], [826.700866699, -483.213745117, 157.749145508, 11.3601884842, 14.8936777115, 541.879455566, 102.077796936, 105.885520935, -26.4789524078, 124.629043579, 22.2108955383, 109.306900024, -15.5344371796], [109.612770081, 680.194702148, -56.3920326233, -17.908498764, 240.660568237, 102.077796936, 462.994140625, 62.6019439697, 47.1184616089, -32.8811035156, 105.561920166, 2.6413602829, 53.1777000427], [789.417053223, -203.06854248, -57.5643310547, 12.2622766495, -17.0988616943, 105.885520935, 62.6019439697, 296.767700195, 77.5715026855, 71.2189025879, -0.606883406639, 47.3638000488, -0.444309562445], [-5.47031068802, 537.288879395, -29.0059375763, -7.75719022751, 243.726226807, -26.4789524078, 47.1184616089, 77.5715026855, 311.049407959, 36.4363975525, 27.7149448395, -31.8590393066, 48.0177497864], [747.520568848, -456.884185791, -74.7034683228, 70.7833175659, -6.95606279373, 124.629043579, -32.8811035156, 71.2189025879, 36.4363975525, 235.205245972, 9.10931491852, 26.9075489044, -65.9652557373], [-31.9969081879, 476.898040771, -115.60609436, -129.539398193, 75.9288253784, 22.2108955383, 105.561920166, -0.606883406639, 27.7149448395, 9.10931491852, 264.270477295, 50.1770858765, 65.1230010986], [485.285217285, -259.091827393, 65.7387771606, 74.7136306763, -12.603477478, 109.306900024, 2.6413602829, 47.3638000488, -31.8590393066, 26.9075489044, 50.1770858765, 207.909286499, 49.9306602478], [-182.059005737, 428.667297363, 11.7050533295, -62.6174507141, 86.8978424072, -15.5344371796, 53.1777000427, -0.444309562445, 48.0177497864, -65.9652557373, 65.1230010986, 49.9306602478, 177.739395142]],
        "icov": [[0.000134424873977, -0.000195598651771, 0.000203494579182, -0.000232338978094, 0.000196211432922, -0.000247156334808, 0.000133622001158, -0.000266578223091, 0.00018283247482, -0.000387872860301, 0.0002781341027, -0.000365667190636, 0.000163472010172], [-0.000195598651771, 0.00157108367421, -0.000671246962156, 0.00123622221872, -0.00122788944282, 0.00122666999232, -0.00126274500508, 0.000876548408996, -0.00141754071228, 0.00173073576298, -0.00169575191103, 0.001537435106, -0.00120748626068], [0.000203494579182, -0.000671246962156, 0.00101564254146, -0.000930397422053, 0.000690672313794, -0.000957195588853, 0.000596377532929, -0.000360312522389, 0.00043346194434, -0.000505976611748, 0.000894908036571, -0.000869211275131, 0.000443409458967], [-0.000232338978094, 0.00123622221872, -0.000930397422053, 0.00247504911385, -0.00153695081826, 0.00144667713903, -0.0010557154892, 0.000704774109181, -0.000773524341639, 0.000880905601662, -0.000642905943096, 0.00052118615713, -0.000465705787065], [0.000196211432922, -0.00122788944282, 0.000690672313794, -0.00153695081826, 0.00280596362427, -0.00119560735766, 0.000215754786041, -4.44846700702e-005, -0.000326341658365, -0.00127713987604, 0.00115717109293, -0.00114320358261, 0.000545749731828], [-0.000247156334808, 0.00122666999232, -0.000957195588853, 0.00144667713903, -0.00119560735766, 0.00385517766699, -0.00170726818033, 0.000297094811685, -0.000497289001942, -8.5327825218e-005, -0.00103009480517, 0.00010805898637, -0.000756148423534], [0.000133622001158, -0.00126274500508, 0.000596377532929, -0.0010557154892, 0.000215754786041, -0.00170726818033, 0.0041782730259, -0.00155464652926, 0.00152013194747, -0.000386174680898, 0.000196026798221, -0.00042917378596, 0.000757184927352], [-0.000266578223091, 0.000876548408996, -0.000360312522389, 0.000704774109181, -4.44846700702e-005, 0.000297094811685, -0.00155464652926, 0.0053333635442, -0.00249195611104, 0.000464523793198, -0.000417146540713, 2.31444519159e-005, -0.000596931145992], [0.00018283247482, -0.00141754071228, 0.00043346194434, -0.000773524341639, -0.000326341658365, -0.000497289001942, 0.00152013194747, -0.00249195611104, 0.00654703332111, -0.002902679611, 0.00144637445919, -0.000142180288094, -0.000375966686988], [-0.000387872860301, 0.00173073576298, -0.000505976611748, 0.000880905601662, -0.00127713987604, -8.5327825218e-005, -0.000386174680898, 0.000464523793198, -0.002902679611, 0.00898314360529, -0.00305731757544, 0.00159102200996, 0.00129724107683], [0.0002781341027, -0.00169575191103, 0.000894908036571, -0.000642905943096, 0.00115717109293, -0.00103009480517, 0.000196026798221, -0.000417146540713, 0.00144637445919, -0.00305731757544, 0.00716705573723, -0.00325533980504, 0.000136849994306], [-0.000365667190636, 0.001537435106, -0.000869211275131, 0.00052118615713, -0.00114320358261, 0.00010805898637, -0.00042917378596, 2.31444519159e-005, -0.000142180288094, 0.00159102200996, -0.00325533980504, 0.00902544986457, -0.00385861634277], [0.000163472010172, -0.00120748626068, 0.000443409458967, -0.000465705787065, 0.000545749731828, -0.000756148423534, 0.000757184927352, -0.000596931145992, -0.000375966686988, 0.00129724107683, 0.000136849994306, -0.00385861634277, 0.00956847891212]]
    },
    "melbands": {
        "mean": [0.00369565631263, 0.00384098547511, 0.002113009803, 0.000828249787446, 0.000609478796832, 0.00061125960201, 0.000473261316074, 0.000483840354718, 0.000280902197119, 0.000192939958652, 0.000123334000818, 8.00815614639e-005, 8.55857215356e-005, 4.88169389428e-005, 4.110471491e-005, 2.80109015875e-005, 1.40823049151e-005, 1.27846396936e-005, 1.43208162626e-005, 9.91517026705e-006, 6.85306576997e-006, 5.96775726081e-006, 3.74050841856e-006, 2.41391626332e-006, 1.84770294709e-006, 2.38602933678e-006, 2.13799239646e-006, 2.00744352696e-006, 2.08795768231e-006, 2.06510549106e-006, 1.96500559468e-006, 2.03191802939e-006, 2.33296600527e-006, 2.45828232437e-006, 2.6801255899e-006, 2.37452377405e-006, 2.28812473324e-006, 1.93139135263e-006, 1.36451535582e-006, 2.01659304366e-006],
        "var": [9.32563998504e-005, 0.000105809245724, 1.264724051e-005, 1.41250438901e-006, 1.4685961105e-006, 2.51425421993e-006, 9.45044007494e-007, 1.16529042771e-006, 3.91825295765e-007, 2.08313991834e-007, 6.69119515351e-008, 3.4128763815e-008, 4.08588469725e-008, 1.25871739698e-008, 1.62151181371e-008, 5.39142464007e-009, 1.41496880879e-009, 1.17348486484e-009, 1.17979503944e-009, 6.43666064892e-010, 3.63643060108e-010, 2.45614362182e-010, 6.23586182691e-011, 3.30892639677e-011, 2.18790367768e-011, 3.6093975031e-011, 2.09836540505e-011, 1.87506243171e-011, 1.87666149981e-011, 2.43896899205e-011, 1.77074743757e-011, 2.37540265235e-011, 2.09264203188e-011, 2.50991848832e-011, 4.61279625608e-011, 3.7312479495e-011, 4.750671731e-011, 3.54102858147e-011, 1.91980754211e-011, 6.58740145765e-011]
    },
    "mfcc": {
        "mean": [-729.088317871, 140.696640015, 39.8793449402, 10.4003362656, -1.79334676266, 0.0927464812994, -12.1050291061, -0.843408644199, -4.64024209976, -1.00356149673, -7.94262838364, -2.59002065659, -2.67015242577],
        "cov": [[13264.0410156, -1005.61560059, -1472.79150391, -368.641387939, -297.770446777, 264.515686035, 222.365814209, 276.807250977, 286.077667236, 339.840026855, 241.830383301, 355.090026855, 509.727203369], [-1005.61560059, 4455.59716797, -518.081298828, -131.082870483, 166.641326904, -52.2403907776, 192.721054077, 234.207122803, 162.365905762, 149.518585205, 58.4383010864, 147.526229858, 72.7007446289], [-1472.79150391, -518.081298828, 1761.2064209, 255.930831909, 118.091171265, 80.2274551392, -46.1625862122, 45.2208480835, -23.8393249512, -94.5121688843, 4.82574129105, -154.049743652, -100.596946716], [-368.641387939, -131.082870483, 255.930831909, 1047.9888916, 333.734466553, 136.22895813, 2.01127958298, 27.2247638702, 86.1558380127, -51.6456069946, 45.5996360779, -43.6627883911, -85.3987884521], [-297.770446777, 166.641326904, 118.091171265, 333.734466553, 569.074035645, 199.004501343, -35.3992805481, 50.3974952698, 112.778511047, 33.6410980225, 87.3877639771, 2.05895352364, -1.87055683136], [264.515686035, -52.2403907776, 80.2274551392, 136.22895813, 199.004501343, 430.864349365, 157.919616699, 75.7337799072, 82.544303894, 6.19484138489, 111.980537415, 24.3276958466, -10.2852077484], [222.365814209, 192.721054077, -46.1625862122, 2.01127958298, -35.3992805481, 157.919616699, 387.403381348, 145.702560425, 17.8411693573, 16.8431682587, 33.0479240417, 51.0999069214, 68.2996063232], [276.807250977, 234.207122803, 45.2208480835, 27.2247638702, 50.3974952698, 75.7337799072, 145.702560425, 276.785797119, 109.396125793, 6.11152076721, 44.508102417, 28.2332363129, 58.8707542419], [286.077667236, 162.365905762, -23.8393249512, 86.1558380127, 112.778511047, 82.544303894, 17.8411693573, 109.396125793, 276.512969971, 79.829574585, 67.7766647339, 27.3493118286, -19.5310688019], [339.840026855, 149.518585205, -94.5121688843, -51.6456069946, 33.6410980225, 6.19484138489, 16.8431682587, 6.11152076721, 79.829574585, 223.374023438, 94.459564209, 41.2031135559, 15.2832622528], [241.830383301, 58.4383010864, 4.82574129105, 45.5996360779, 87.3877639771, 111.980537415, 33.0479240417, 44.508102417, 67.7766647339, 94.459564209, 217.41192627, 83.131187439, -7.0972738266], [355.090026855, 147.526229858, -154.049743652, -43.6627883911, 2.05895352364, 24.3276958466, 51.0999069214, 28.2332363129, 27.3493118286, 41.2031135559, 83.131187439, 184.031356812, 88.0883331299], [509.727203369, 72.7007446289, -100.596946716, -85.3987884521, -1.87055683136, -10.2852077484, 68.2996063232, 58.8707542419, -19.5310688019, 15.2832622528, -7.0972738266, 88.0883331299, 203.859146118]],
        "icov": [[0.000108421656478, 4.04953789257e-005, 8.62144734128e-005, -1.56800306286e-005, 0.000120090902783, -0.000116391092888, 7.62482522987e-005, -8.62408414832e-005, -8.44208407216e-005, -0.000109632070235, -5.58579813514e-005, 2.2851054382e-005, -0.00026666172198], [4.04953789257e-005, 0.000280180451227, 9.3997005024e-005, 4.89010417368e-005, -0.000129417763674, 0.000121119192045, -0.000109472690383, -0.0002336796897, -4.93134102726e-005, -0.000151880580233, 7.51025072532e-005, -0.000183730691788, 6.34463140159e-005], [8.62144734128e-005, 9.3997005024e-005, 0.000746700447053, -9.95832742774e-005, 2.49162803811e-005, -0.000127524297568, 0.000142130127642, -0.000340136874001, 8.53162782732e-005, 9.95516893454e-005, -0.000296306970995, 0.000547259231098, -0.00012401517597], [-1.56800306286e-005, 4.89010417368e-005, -9.95832742774e-005, 0.00130899227224, -0.000823033449706, 0.00018584652571, -0.000326760986354, 0.000132545043016, -0.000256006140262, 0.000502750335727, -0.000135737005621, 9.85736824077e-006, 0.000522797810845], [0.000120090902783, -0.000129417763674, 2.49162803811e-005, -0.000823033449706, 0.00316429138184, -0.00155557633843, 0.00125083536841, -0.000258575368207, -0.000498948327731, -0.000451258965768, -0.000419876363594, 0.000514440238476, -0.00123133207671], [-0.000116391092888, 0.000121119192045, -0.000127524297568, 0.00018584652571, -0.00155557633843, 0.00436200480908, -0.00219423812814, 0.000624496431556, -0.000701921235304, 0.00124527036678, -0.00178484478965, 0.000337400386343, 0.000654817209579], [7.62482522987e-005, -0.000109472690383, 0.000142130127642, -0.000326760986354, 0.00125083536841, -0.00219423812814, 0.0046258289367, -0.00228194100782, 0.000950401939917, -0.000954484276008, 0.000702519784681, -0.000544933835045, -0.000785871292464], [-8.62408414832e-005, -0.0002336796897, -0.000340136874001, 0.000132545043016, -0.000258575368207, 0.000624496431556, -0.00228194100782, 0.00659790355712, -0.00277438154444, 0.00171559606679, -0.00151369103696, 0.00127458677161, -0.00192291545682], [-8.44208407216e-005, -4.93134102726e-005, 8.53162782732e-005, -0.000256006140262, -0.000498948327731, -0.000701921235304, 0.000950401939917, -0.00277438154444, 0.0059478264302, -0.00210051890463, 0.000700642704032, -0.00114345003385, 0.00185210851487], [-0.000109632070235, -0.000151880580233, 9.95516893454e-005, 0.000502750335727, -0.000451258965768, 0.00124527036678, -0.000954484276008, 0.00171559606679, -0.00210051890463, 0.00703079812229, -0.00345095316879, 0.00107886979822, -0.000843610672746], [-5.58579813514e-005, 7.51025072532e-005, -0.000296306970995, -0.000135737005621, -0.000419876363594, -0.00178484478965, 0.000702519784681, -0.00151369103696, 0.000700642704032, -0.00345095316879, 0.00913429353386, -0.00470159342512, 0.00269308802672], [2.2851054382e-005, -0.000183730691788, 0.000547259231098, 9.85736824077e-006, 0.000514440238476, 0.000337400386343, -0.000544933835045, 0.00127458677161, -0.00114345003385, 0.00107886979822, -0.00470159342512, 0.0101715177298, -0.00463046506047], [-0.00026666172198, 6.34463140159e-005, -0.00012401517597, 0.000522797810845, -0.00123133207671, 0.000654817209579, -0.000785871292464, -0.00192291545682, 0.00185210851487, -0.000843610672746, 0.00269308802672, -0.00463046506047, 0.00888291280717]]
    },
    "spectral_contrast_coeffs": {
        "mean": [-0.570833325386, -0.700697779655, -0.755774796009, -0.799152970314, -0.812181413174, -0.799663722515],
        "var": [0.0119990594685, 0.0100755654275, 0.00880804657936, 0.00481261638924, 0.00292619829997, 0.00272757885978]
    },
    "spectral_contrast_valleys": {
        "mean": [-7.95353794098, -7.05440807343, -8.06414413452, -8.74276733398, -8.94264221191, -10.8027553558],
        "var": [2.94852972031, 2.05629348755, 2.3868534565, 2.2735350132, 2.57060718536, 2.93284654617]
    }
},
"metadata": {
    "audio_properties": {
        "analysis_sample_rate": 44100,
        "bit_rate": 128074,
        "equal_loudness": 0,
        "length": 45.0612258911,
        "lossless": 0,
        "replay_gain": -5.41996383667,
        "sample_rate": 44100,
        "codec": "mp3",
        "downmix": "mix",
        "md5_encoded": "06ee4307e6a587485cbbf31531aad25e"
    },
    "tags": {
        "file_name": "1072.mp3"
    },
    "version": {
        "essentia": "2.1-beta2",
        "essentia_git_sha": "v2.1_beta2",
        "extractor": "music 1.0"
    }
},
"rhythm": {
    "beats_count": 86,
    "beats_loudness": {
        "mean": 0.0954260900617,
        "var": 0.00171948503703
    },
    "bpm": 115.858161926,
    "bpm_histogram_first_peak_bpm": {
        "mean": 115,
        "var": 0
    },
    "bpm_histogram_first_peak_spread": {
        "mean": 0.487804919481,
        "var": 0
    },
    "bpm_histogram_first_peak_weight": {
        "mean": 0.494117647409,
        "var": 0
    },
    "bpm_histogram_second_peak_bpm": {
        "mean": 105,
        "var": 0
    },
    "bpm_histogram_second_peak_spread": {
        "mean": 0,
        "var": 0
    },
    "bpm_histogram_second_peak_weight": {
        "mean": 0.0235294122249,
        "var": 0
    },
    "danceability": 1.24951541424,
    "onset_rate": 5.36805057526,
    "beats_loudness_band_ratio": {
        "mean": [0.707509219646, 0.133807420731, 0.120069250464, 0.0390768162906, 0.0112457871437, 0.0152671020478],
        "var": [0.0324258320034, 0.0185967031866, 0.0130235133693, 0.00258045550436, 0.000134923146106, 0.000208445286262]
    },
    "beats_position": [0.568888902664, 1.13777780533, 1.70666658878, 2.2523355484, 2.77478456497, 3.29723358154, 3.8196823597, 4.34213161469, 4.86458063126, 5.38702917099, 5.89786815643, 6.40870714188, 6.93115615845, 7.45360517502, 7.96444416046, 8.47528362274, 8.98612213135, 9.49696159363, 10.0194101334, 10.5418596268, 11.0643081665, 11.5867567062, 12.0975961685, 12.6200447083, 13.1424942017, 13.6533327103, 14.1757822037, 14.6982307434, 15.2090702057, 15.7199087143, 16.242357254, 16.7648067474, 17.2756462097, 17.8097057343, 18.3205432892, 18.8313827515, 19.3422222137, 19.8646717072, 20.3871192932, 20.8979587555, 21.4087982178, 21.942855835, 22.4536952972, 22.9645347595, 23.4869842529, 24.009431839, 24.5202713013, 25.0311107635, 25.553560257, 26.076007843, 26.5868473053, 27.1092967987, 27.6317462921, 28.142583847, 28.6534233093, 29.1642627716, 29.686712265, 30.2091598511, 30.7199993134, 31.2540588379, 31.7648983002, 32.2757377625, 32.7981834412, 33.3206329346, 33.8314743042, 34.3423118591, 34.8647613525, 35.3872108459, 35.8980484009, 36.4088897705, 36.9313354492, 37.4537849426, 37.9646263123, 38.4870758057, 39.0095214844, 39.520362854, 40.0312004089, 40.5536499023, 41.0760993958, 41.5869369507, 42.0977783203, 42.6202278137, 43.1310653687, 43.6535148621, 44.1759643555, 44.6984100342]
},
"tonal": {
    "chords_changes_rate": 0.10390946269,
    "chords_number_rate": 0.0113168722019,
    "chords_strength": {
        "mean": 0.449283987284,
        "var": 0.007381899748
    },
    "hpcp_entropy": {
        "mean": 1.99323534966,
        "var": 0.721296787262
    },
    "key_strength": 0.59705132246,
    "tuning_diatonic_strength": 0.516708493233,
    "tuning_equal_tempered_deviation": 0.163784712553,
    "tuning_frequency": 437.971466064,
    "tuning_nontempered_energy_ratio": 0.76892465353,
    "hpcp": {
        "mean": [0.081625200808, 0.0829078629613, 0.125338301063, 0.167027592659, 0.1403850317, 0.0974667742848, 0.0855853110552, 0.0935062021017, 0.180241540074, 0.266942352057, 0.187565132976, 0.0892786681652, 0.0777680948377, 0.0710971727967, 0.0681781247258, 0.0738168284297, 0.11202224344, 0.184634596109, 0.233330696821, 0.197907075286, 0.138658687472, 0.108471550047, 0.103280968964, 0.188301578164, 0.2838319242, 0.208560928702, 0.0919189304113, 0.0659127384424, 0.0679421648383, 0.0991693660617, 0.143536493182, 0.124049924314, 0.0787047147751, 0.0821907147765, 0.0949094891548, 0.0935810282826],
        "var": [0.0312987528741, 0.0315905585885, 0.0521575063467, 0.0743090882897, 0.0526043400168, 0.0365024916828, 0.0341125242412, 0.0388220138848, 0.0588384717703, 0.122012384236, 0.0627547949553, 0.0325342565775, 0.0319577790797, 0.0294391978532, 0.0256224032491, 0.0233965460211, 0.0443495437503, 0.0860573872924, 0.115367531776, 0.0908533334732, 0.0607521943748, 0.0446449331939, 0.0363959334791, 0.0693081915379, 0.14191454649, 0.0846338123083, 0.0322622954845, 0.0232916586101, 0.0250828750432, 0.0326172485948, 0.0577967092395, 0.0462901107967, 0.0296993311495, 0.0315151289105, 0.0434260964394, 0.038376826793]
    },
    "chords_histogram": [10.2880659103, 1.33744859695, 20.6790122986, 0.411522626877, 0.308641970158, 0, 1.54320991039, 1.23456788063, 0, 0, 0, 0, 0.102880656719, 0, 0, 1.64609050751, 0, 1.23456788063, 0, 12.2427988052, 19.6502056122, 25.2057609558, 4.11522626877, 0],
    "thpcp": [1, 0.734804332256, 0.323849856853, 0.232224538922, 0.239374637604, 0.34939467907, 0.505709469318, 0.437054157257, 0.277293384075, 0.289575308561, 0.334386229515, 0.329705774784, 0.287582874298, 0.292101979256, 0.441593378782, 0.588473618031, 0.49460619688, 0.343396097422, 0.301535189152, 0.329442173243, 0.635029137135, 0.940494477749, 0.660831689835, 0.314547657967, 0.273993462324, 0.250490397215, 0.240205973387, 0.2600723207, 0.394678086042, 0.650506794453, 0.822073459625, 0.697268545628, 0.488523930311, 0.382168263197, 0.363880723715, 0.663426339626],
    "chords_key": "C",
    "chords_scale": "minor",
    "key_key": "A#",
    "key_scale": "major"
}
}