{
"lowlevel": {
    "average_loudness": 0.956186115742,
    "barkbands_crest": {
        "mean": 16.0258045197,
        "var": 29.2011928558
    },
    "barkbands_flatness_db": {
        "mean": 0.292105674744,
        "var": 0.0129296481609
    },
    "barkbands_kurtosis": {
        "mean": 44.5250930786,
        "var": 12452.4003906
    },
    "barkbands_skewness": {
        "mean": 3.92242693901,
        "var": 11.6620769501
    },
    "barkbands_spread": {
        "mean": 8.89635658264,
        "var": 187.022872925
    },
    "dissonance": {
        "mean": 0.430788218975,
        "var": 0.00276549649425
    },
    "dynamic_complexity": 3.62770366669,
    "erbbands_crest": {
        "mean": 11.5611286163,
        "var": 25.6275272369
    },
    "erbbands_flatness_db": {
        "mean": 0.213405176997,
        "var": 0.00538272038102
    },
    "erbbands_kurtosis": {
        "mean": 5.39859819412,
        "var": 180.728012085
    },
    "erbbands_skewness": {
        "mean": 1.2474668026,
        "var": 2.46408343315
    },
    "erbbands_spread": {
        "mean": 32.5945739746,
        "var": 626.244628906
    },
    "hfc": {
        "mean": 14.6647148132,
        "var": 878.41229248
    },
    "melbands_crest": {
        "mean": 18.7346763611,
        "var": 28.8009738922
    },
    "melbands_flatness_db": {
        "mean": 0.389693409204,
        "var": 0.0198013279587
    },
    "melbands_kurtosis": {
        "mean": 55.0426864624,
        "var": 7354.80615234
    },
    "melbands_skewness": {
        "mean": 4.23976278305,
        "var": 9.97353744507
    },
    "melbands_spread": {
        "mean": 8.78152179718,
        "var": 271.862121582
    },
    "pitch_salience": {
        "mean": 0.419202595949,
        "var": 0.0308179631829
    },
    "silence_rate_20dB": {
        "mean": 0.981462419033,
        "var": 0.0181937105954
    },
    "silence_rate_30dB": {
        "mean": 0.875901162624,
        "var": 0.108697481453
    },
    "silence_rate_60dB": {
        "mean": 0.0962924808264,
        "var": 0.0870211645961
    },
    "spectral_centroid": {
        "mean": 650.577331543,
        "var": 418603.5625
    },
    "spectral_complexity": {
        "mean": 9.31874370575,
        "var": 79.1720428467
    },
    "spectral_decrease": {
        "mean": -1.56301389609e-008,
        "var": 5.64987969417e-016
    },
    "spectral_energy": {
        "mean": 0.0603218823671,
        "var": 0.00821623578668
    },
    "spectral_energyband_high": {
        "mean": 0.000526048941538,
        "var": 5.03480805492e-006
    },
    "spectral_energyband_low": {
        "mean": 0.0493268966675,
        "var": 0.00796823017299
    },
    "spectral_energyband_middle_high": {
        "mean": 0.00226515997201,
        "var": 3.91489484173e-005
    },
    "spectral_energyband_middle_low": {
        "mean": 0.00911628548056,
        "var": 8.50722281029e-005
    },
    "spectral_entropy": {
        "mean": 6.5878572464,
        "var": 0.755650401115
    },
    "spectral_flux": {
        "mean": 0.102580800653,
        "var": 0.016672924161
    },
    "spectral_kurtosis": {
        "mean": 20.1244983673,
        "var": 1018.47473145
    },
    "spectral_rms": {
        "mean": 0.00641690054908,
        "var": 1.76740632014e-005
    },
    "spectral_rolloff": {
        "mean": 685.755554199,
        "var": 2289544.5
    },
    "spectral_skewness": {
        "mean": 2.92760634422,
        "var": 4.16778516769
    },
    "spectral_spread": {
        "mean": 3874992.75,
        "var": 5.59583592448e+012
    },
    "spectral_strongpeak": {
        "mean": 0.635242581367,
        "var": 0.707480013371
    },
    "zerocrossingrate": {
        "mean": 0.0275567136705,
        "var": 0.0015138060553
    },
    "barkbands": {
        "mean": [0.000736759335268, 0.0373615734279, 0.010376509279, 0.00133801833726, 0.00314558972605, 0.00284229870886, 0.000300771003822, 0.000905469176359, 0.000464273878606, 0.000270721240668, 0.00024651165586, 0.000104530190583, 0.00030744750984, 0.000336018681992, 0.00026041615638, 0.000249618082307, 0.000202046867344, 0.000147949845996, 0.000150164531078, 9.0415996965e-005, 0.000102137812064, 8.99947990547e-005, 8.0923528003e-005, 9.98728282866e-005, 6.17269251961e-005, 4.87651814183e-005, 1.3716274907e-006],
        "var": [1.16289686503e-006, 0.00437272200361, 0.000740264717024, 1.09818420242e-005, 1.89692145796e-005, 1.49143679664e-005, 3.00206551174e-007, 5.51464290766e-006, 1.45282672293e-006, 6.06850790064e-007, 4.81847905576e-007, 1.44100781085e-007, 1.95164716388e-006, 2.66869233201e-006, 7.8331191844e-007, 1.12471684588e-006, 5.20429523476e-007, 3.60662113508e-007, 7.52012567773e-007, 1.11843327488e-007, 1.74332996039e-007, 2.15568448425e-007, 1.8228409715e-007, 2.06716734397e-007, 7.43462393871e-008, 5.20309910712e-008, 5.13510726996e-011]
    },
    "erbbands": {
        "mean": [1.06435215473, 8.32627391815, 14.0409812927, 7.17346382141, 4.52734184265, 12.4801073074, 24.0606536865, 19.7373714447, 4.83773565292, 10.7252693176, 19.9396343231, 11.7249574661, 8.24237155914, 7.98124027252, 8.63084411621, 5.73518037796, 15.0781002045, 17.2562294006, 13.5112104416, 12.6715135574, 13.7122297287, 10.8678607941, 8.3375415802, 9.37589740753, 5.7959446907, 4.63494253159, 3.33546352386, 4.64831113815, 3.32349205017, 1.673640728, 2.6262845993, 2.5418446064, 1.3677675724, 0.667734622955, 0.475253880024, 0.229072377086, 0.0815451070666, 0.0127069437876, 0.000303803419229, 7.65826480347e-005],
        "var": [2.12669897079, 274.858123779, 1232.4942627, 361.09753418, 63.0719490051, 352.508636475, 1292.52966309, 597.618347168, 60.056476593, 419.331878662, 3688.64648438, 625.371704102, 463.488708496, 518.867126465, 456.744293213, 360.823760986, 4739.36523438, 6996.06494141, 1762.2166748, 1981.11901855, 2848.53417969, 1611.11682129, 1007.02789307, 2788.07568359, 852.37902832, 346.899291992, 119.132972717, 472.838775635, 275.870452881, 59.6972198486, 202.638427734, 155.759353638, 36.5825691223, 7.33704185486, 5.32330608368, 1.30529141426, 0.130188688636, 0.00345116714016, 1.55339319008e-006, 1.31893944655e-008]
    },
    "gfcc": {
        "mean": [-102.921897888, 138.866622925, -74.9381103516, 34.7375564575, -41.8760948181, 6.70253896713, -33.093132019, 2.3397166729, -11.6650466919, 1.85073900223, -8.70994091034, -3.4052529335, 3.09718513489],
        "cov": [[11753.5615234, -2365.37866211, -1507.95202637, 232.246231079, -116.633239746, 729.984375, -268.549468994, 415.013061523, -385.013122559, 384.305480957, -328.982635498, 149.100799561, -298.948547363], [-2365.37866211, 3148.02905273, 338.912719727, -797.648498535, 504.731994629, -529.559082031, 385.230224609, -173.408477783, 431.981170654, -352.035186768, 289.609588623, -19.8258209229, 212.529708862], [-1507.95202637, 338.912719727, 2140.7199707, 536.18182373, 421.700500488, 213.203689575, 448.165496826, 173.310089111, 158.532302856, 134.387786865, 9.12684345245, -74.8539505005, 24.6395530701], [232.246231079, -797.648498535, 536.18182373, 1366.74389648, 207.092300415, 511.878173828, 187.390563965, 111.971252441, 194.223632813, 125.789505005, 80.0661468506, -213.965988159, 78.9481658936], [-116.633239746, 504.731994629, 421.700500488, 207.092300415, 947.995178223, 155.766815186, 348.346252441, 201.94984436, 173.758270264, 26.2449245453, 40.9824295044, 45.533454895, -102.544631958], [729.984375, -529.559082031, 213.203689575, 511.878173828, 155.766815186, 512.821228027, 148.254150391, 87.8242645264, 35.9486465454, 120.69744873, 32.739654541, -86.4988327026, 28.3696708679], [-268.549468994, 385.230224609, 448.165496826, 187.390563965, 348.346252441, 148.254150391, 416.010528564, 147.640579224, 168.402801514, 19.1654529572, 57.0016517639, -28.386806488, 16.6655197144], [415.013061523, -173.408477783, 173.310089111, 111.971252441, 201.94984436, 87.8242645264, 147.640579224, 255.606414795, 27.0653457642, 51.246711731, -41.6661376953, 44.4338188171, -75.9319992065], [-385.013122559, 431.981170654, 158.532302856, 194.223632813, 173.758270264, 35.9486465454, 168.402801514, 27.0653457642, 257.198181152, -9.03624153137, 67.2018127441, -63.2938919067, 64.0907363892], [384.305480957, -352.035186768, 134.387786865, 125.789505005, 26.2449245453, 120.69744873, 19.1654529572, 51.246711731, -9.03624153137, 154.038040161, -47.0122528076, -2.26822328568, -21.2480716705], [-328.982635498, 289.609588623, 9.12684345245, 80.0661468506, 40.9824295044, 32.739654541, 57.0016517639, -41.6661376953, 67.2018127441, -47.0122528076, 159.258071899, -32.8945198059, 67.0728607178], [149.100799561, -19.8258209229, -74.8539505005, -213.965988159, 45.533454895, -86.4988327026, -28.386806488, 44.4338188171, -63.2938919067, -2.26822328568, -32.8945198059, 159.882843018, -43.303440094], [-298.948547363, 212.529708862, 24.6395530701, 78.9481658936, -102.544631958, 28.3696708679, 16.6655197144, -75.9319992065, 64.0907363892, -21.2480716705, 67.0728607178, -43.303440094, 177.942718506]],
        "icov": [[0.000138486153446, -7.76865490479e-005, 0.00014051546168, -5.88609291299e-005, 6.59380020807e-005, -0.000268364237854, 6.85119302943e-005, -0.000223568204092, 0.000149212719407, -0.000249819393503, 0.000190075093997, -0.000111972505692, 0.000128602478071], [-7.76865490479e-005, 0.00237529329024, -0.000564920308534, 0.00192056200467, -0.0013837122824, 0.00146845018025, -0.000852477212902, 0.000990511849523, -0.00258977035992, 0.00244760909118, -0.00182759878226, 0.00153076299466, -0.00198393315077], [0.00014051546168, -0.000564920308534, 0.000941837206483, -0.000712086446583, 0.000231883284869, -0.000200489943381, -0.000578114995733, -0.000306438858388, 0.00101164414082, -0.00126645271666, 0.000734112923965, -0.000283802452032, 0.000323911139276], [-5.88609291299e-005, 0.00192056200467, -0.000712086446583, 0.0031881860923, -0.00120689417236, -9.12286923267e-005, 0.000131679742481, 6.36452168692e-005, -0.00293882447295, 0.0018581666518, -0.00180937862024, 0.00253044115379, -0.00179660134017], [6.59380020807e-005, -0.0013837122824, 0.000231883284869, -0.00120689417236, 0.00284712039866, -0.00134253432043, -0.000523612136021, -0.000663819140755, 0.000425797072239, -0.00110331969336, 0.000664597610012, -0.00212813168764, 0.00283383880742], [-0.000268364237854, 0.00146845018025, -0.000200489943381, -9.12286923267e-005, -0.00134253432043, 0.00570016400889, -0.00191727175843, 0.000548061158042, 0.00026758221793, -0.000811181496829, -0.00210138550028, 0.00223940308206, -0.00226170336828], [6.85119302943e-005, -0.000852477212902, -0.000578114995733, 0.000131679742481, -0.000523612136021, -0.00191727175843, 0.006687162444, -0.00307677476667, -0.00148441002239, -0.000141041120514, -0.000349500827724, 0.00020682347531, -8.05134623079e-005], [-0.000223568204092, 0.000990511849523, -0.000306438858388, 6.36452168692e-005, -0.000663819140755, 0.000548061158042, -0.00307677476667, 0.00818793661892, -0.00139301724266, 0.000711079919711, 0.000736522430088, -0.00202400260605, 0.00158422859386], [0.000149212719407, -0.00258977035992, 0.00101164414082, -0.00293882447295, 0.000425797072239, 0.00026758221793, -0.00148441002239, -0.00139301724266, 0.010631473735, -0.00345969689079, 0.00116939784493, 0.000547907548025, -0.000294843019219], [-0.000249819393503, 0.00244760909118, -0.00126645271666, 0.0018581666518, -0.00110331969336, -0.000811181496829, -0.000141041120514, 0.000711079919711, -0.00345969689079, 0.0127592366189, 0.000887960835826, 0.000646512664389, -0.00158965354785], [0.000190075093997, -0.00182759878226, 0.000734112923965, -0.00180937862024, 0.000664597610012, -0.00210138550028, -0.000349500827724, 0.000736522430088, 0.00116939784493, 0.000887960835826, 0.011165054515, -0.00146776332986, -0.000612523406744], [-0.000111972505692, 0.00153076299466, -0.000283802452032, 0.00253044115379, -0.00212813168764, 0.00223940308206, 0.00020682347531, -0.00202400260605, 0.000547907548025, 0.000646512664389, -0.00146776332986, 0.0115117616951, -0.0023317236919], [0.000128602478071, -0.00198393315077, 0.000323911139276, -0.00179660134017, 0.00283383880742, -0.00226170336828, -8.05134623079e-005, 0.00158422859386, -0.000294843019219, -0.00158965354785, -0.000612523406744, -0.0023317236919, 0.0112146958709]]
    },
    "melbands": {
        "mean": [0.0101030915976, 0.00881791859865, 0.00121980044059, 0.000552939018235, 0.000844082271215, 0.000462311320007, 6.27655535936e-005, 0.000132574015879, 0.000164775818121, 6.07985239185e-005, 3.94509843318e-005, 3.13895325235e-005, 3.35954973707e-005, 1.3916496755e-005, 2.82817454718e-005, 2.41754041781e-005, 3.52685274265e-005, 2.0472878532e-005, 1.94043404917e-005, 1.81729628821e-005, 1.50008145283e-005, 1.2052427337e-005, 7.55912242312e-006, 7.62248328101e-006, 7.71458326199e-006, 5.12994847668e-006, 3.27705470227e-006, 2.90198772745e-006, 1.92804986909e-006, 2.35797142523e-006, 2.87421357825e-006, 2.11603514799e-006, 1.27613952827e-006, 6.99700933637e-007, 1.34893389259e-006, 1.89834122466e-006, 1.48367757902e-006, 1.03070772184e-006, 6.96660436006e-007, 5.03571584431e-007],
        "var": [0.0002571613295, 0.000390586996218, 9.12514860829e-006, 5.61626563922e-007, 1.31496040012e-006, 3.39690473083e-007, 1.26360619745e-008, 6.90341366294e-008, 2.33722403209e-007, 1.7747121106e-008, 1.22278347447e-008, 9.06731223438e-009, 8.17877232606e-009, 2.15249906788e-009, 1.70355871632e-008, 8.73439542914e-009, 3.53104923079e-008, 4.48001413744e-009, 5.58606361167e-009, 5.82514436687e-009, 3.31138361176e-009, 2.20917018012e-009, 7.98328292362e-010, 9.76673297792e-010, 2.10672634893e-009, 8.76883676781e-010, 1.8907803101e-010, 1.27538882233e-010, 3.46995869538e-011, 9.28238250153e-011, 2.04608094356e-010, 1.12870268687e-010, 4.82354503561e-011, 9.04609460256e-012, 5.30842175772e-011, 1.08328096493e-010, 5.12812743658e-011, 2.3807579172e-011, 7.70877632561e-012, 4.46435596824e-012]
    },
    "mfcc": {
        "mean": [-758.123962402, 164.589233398, 31.6632461548, 33.9666862488, 18.3741931915, 9.85697841644, -1.61006999016, -1.33860218525, 6.59582328796, 2.49168348312, -2.62482905388, 3.05377745628, -4.0355758667],
        "cov": [[11230.7890625, -1874.19519043, -2007.12341309, -410.992919922, -203.600708008, 151.954559326, 69.9829940796, -62.9112434387, 6.36534881592, 42.922908783, -89.4700393677, 142.871429443, -164.124176025], [-1874.19519043, 3222.79052734, -61.5254631042, -239.609466553, 55.2645988464, -346.395202637, -131.50579834, 219.478744507, 17.4594612122, -159.194610596, 93.1162185669, 9.60205841064, 75.6645050049], [-2007.12341309, -61.5254631042, 1798.27026367, 445.420654297, 128.387145996, 250.83821106, 215.678131104, -13.6690216064, 223.690658569, 194.363235474, 5.83516359329, 47.407409668, 95.6682662964], [-410.992919922, -239.609466553, 445.420654297, 693.552307129, 341.202606201, 262.781188965, 204.024734497, 165.399261475, 202.960708618, 209.732925415, 129.61026001, 61.8714141846, 85.1983566284], [-203.600708008, 55.2645988464, 128.387145996, 341.202606201, 485.56463623, 238.623168945, 203.717010498, 163.860961914, 118.195671082, 113.169303894, 125.569976807, 56.2774658203, 78.7127990723], [151.954559326, -346.395202637, 250.83821106, 262.781188965, 238.623168945, 470.643829346, 232.191299438, 49.1039886475, 159.854537964, 172.722381592, 65.919418335, 85.0940322876, 35.6553115845], [69.9829940796, -131.50579834, 215.678131104, 204.024734497, 203.717010498, 232.191299438, 365.499572754, 153.452758789, 128.859100342, 129.331604004, 99.2918319702, 60.9183807373, 39.5814285278], [-62.9112434387, 219.478744507, -13.6690216064, 165.399261475, 163.860961914, 49.1039886475, 153.452758789, 274.998962402, 95.7470550537, 57.6500930786, 108.309059143, 32.9831581116, 61.2506027222], [6.36534881592, 17.4594612122, 223.690658569, 202.960708618, 118.195671082, 159.854537964, 128.859100342, 95.7470550537, 267.847686768, 113.919967651, 71.7781829834, 65.5863342285, 48.2597084045], [42.922908783, -159.194610596, 194.363235474, 209.732925415, 113.169303894, 172.722381592, 129.331604004, 57.6500930786, 113.919967651, 203.069854736, 67.1535949707, 51.6027030945, 27.1590957642], [-89.4700393677, 93.1162185669, 5.83516359329, 129.61026001, 125.569976807, 65.919418335, 99.2918319702, 108.309059143, 71.7781829834, 67.1535949707, 144.954544067, 36.6568031311, 26.5833339691], [142.871429443, 9.60205841064, 47.407409668, 61.8714141846, 56.2774658203, 85.0940322876, 60.9183807373, 32.9831581116, 65.5863342285, 51.6027030945, 36.6568031311, 95.2852325439, 23.0465316772], [-164.124176025, 75.6645050049, 95.6682662964, 85.1983566284, 78.7127990723, 35.6553115845, 39.5814285278, 61.2506027222, 48.2597084045, 27.1590957642, 26.5833339691, 23.0465316772, 97.0298690796]],
        "icov": [[0.000145153608173, 7.90802223491e-005, 0.000188917299965, 5.13933628099e-005, 2.65020789811e-005, 1.07334171844e-005, -9.0906607511e-005, -1.2590595361e-005, -0.000135233916808, -9.63368729572e-005, 0.000193319981918, -0.000263193971477, 7.58288006182e-005], [7.90802223491e-005, 0.000476228131447, -1.48879616972e-005, 0.000364244187949, -0.000254638754996, 0.000310592819005, 0.000241687215748, -0.000436560745584, -0.000242067180807, 0.000135959344334, -0.000187012890819, -0.000347265100572, -5.72681310587e-005], [0.000188917299965, -1.48879616972e-005, 0.0010945162503, -0.000530303223059, 0.000326416076859, 2.23081246986e-006, -0.000697141513228, 0.000706292688847, -0.000508312426973, -0.000363822153304, 0.000765274104197, -9.17883735383e-005, -0.000542645459063], [5.13933628099e-005, 0.000364244187949, -0.000530303223059, 0.00361390435137, -0.0016542567173, -2.35840288951e-005, 0.000778832356445, -0.00106464745477, -0.000758726499043, -0.00163421069738, -0.000627332541626, 0.000375181203708, -0.000224944698857], [2.65020789811e-005, -0.000254638754996, 0.000326416076859, -0.0016542567173, 0.00464348727837, -0.00163821701426, -0.000792256905697, -0.000410565844504, 0.000661305908579, 0.000807437289041, -0.0012696145568, 0.000217605323996, -0.00146721606143], [1.07334171844e-005, 0.000310592819005, 2.23081246986e-006, -2.35840288951e-005, -0.00163821701426, 0.00506757944822, -0.00175304838922, 0.00136660865974, -0.00110466545448, -0.00167111586779, 0.000808244396467, -0.00166266667657, 0.000304354151012], [-9.0906607511e-005, 0.000241687215748, -0.000697141513228, 0.000778832356445, -0.000792256905697, -0.00175304838922, 0.00611405959353, -0.00288721569814, 3.4606873669e-006, -0.000724931654986, -0.00117905356456, -0.000289426883683, 0.000869563606102], [-1.2590595361e-005, -0.000436560745584, 0.000706292688847, -0.00106464745477, -0.000410565844504, 0.00136660865974, -0.00288721569814, 0.00799663644284, -0.00102395389695, 0.000266160233878, -0.00236633978784, 0.000587546965107, -0.0025381387677], [-0.000135233916808, -0.000242067180807, -0.000508312426973, -0.000758726499043, 0.000661305908579, -0.00110466545448, 3.4606873669e-006, -0.00102395389695, 0.00666022580117, -0.000975843693595, -0.000827521260362, -0.001626871177, -0.000784483971074], [-9.63368729572e-005, 0.000135959344334, -0.000363822153304, -0.00163421069738, 0.000807437289041, -0.00167111586779, -0.000724931654986, 0.000266160233878, -0.000975843693595, 0.00999370310456, -0.00219400995411, -0.00118050992023, 0.000181020703167], [0.000193319981918, -0.000187012890819, 0.000765274104197, -0.000627332541626, -0.0012696145568, 0.000808244396467, -0.00117905356456, -0.00236633978784, -0.000827521260362, -0.00219400995411, 0.0127319507301, -0.00202441983856, 0.000995162408799], [-0.000263193971477, -0.000347265100572, -9.17883735383e-005, 0.000375181203708, 0.000217605323996, -0.00166266667657, -0.000289426883683, 0.000587546965107, -0.001626871177, -0.00118050992023, -0.00202441983856, 0.0151171041653, -0.00212809327058], [7.58288006182e-005, -5.72681310587e-005, -0.000542645459063, -0.000224944698857, -0.00146721606143, 0.000304354151012, 0.000869563606102, -0.0025381387677, -0.000784483971074, 0.000181020703167, 0.000995162408799, -0.00212809327058, 0.0141097912565]]
    },
    "spectral_contrast_coeffs": {
        "mean": [-0.631223499775, -0.703602075577, -0.768118441105, -0.785710334778, -0.794337272644, -0.790422916412],
        "var": [0.00918679591268, 0.00888036750257, 0.00598924653605, 0.00503146043047, 0.00391135690734, 0.00188808829989]
    },
    "spectral_contrast_valleys": {
        "mean": [-7.22224569321, -7.37173271179, -8.65478134155, -9.01162624359, -9.19947814941, -11.5625047684],
        "var": [1.7181198597, 1.3715184927, 1.54830467701, 1.53516805172, 1.71207606792, 2.34754395485]
    }
},
"metadata": {
    "audio_properties": {
        "analysis_sample_rate": 44100,
        "bit_rate": 128074,
        "equal_loudness": 0,
        "length": 45.0612258911,
        "lossless": 0,
        "replay_gain": -4.95088768005,
        "sample_rate": 44100,
        "codec": "mp3",
        "downmix": "mix",
        "md5_encoded": "c4d7c2ba59489f1966128435ddb7c711"
    },
    "tags": {
        "file_name": "1073.mp3"
    },
    "version": {
        "essentia": "2.1-beta2",
        "essentia_git_sha": "v2.1_beta2",
        "extractor": "music 1.0"
    }
},
"rhythm": {
    "beats_count": 63,
    "beats_loudness": {
        "mean": 0.0867470875382,
        "var": 0.00120739499107
    },
    "bpm": 84.9536972046,
    "bpm_histogram_first_peak_bpm": {
        "mean": 85,
        "var": 0
    },
    "bpm_histogram_first_peak_spread": {
        "mean": 0.112903237343,
        "var": 0
    },
    "bpm_histogram_first_peak_weight": {
        "mean": 0.887096762657,
        "var": 0
    },
    "bpm_histogram_second_peak_bpm": {
        "mean": 0,
        "var": 0
    },
    "bpm_histogram_second_peak_spread": {
        "mean": 0,
        "var": 0
    },
    "bpm_histogram_second_peak_weight": {
        "mean": 0,
        "var": 0
    },
    "danceability": 1.54828906059,
    "onset_rate": 3.94840097427,
    "beats_loudness_band_ratio": {
        "mean": [0.752153277397, 0.106404140592, 0.0386457256973, 0.0328164026141, 0.0385555066168, 0.0389591418207],
        "var": [0.0320334620774, 0.0195458922535, 0.00139045424294, 0.00116501364391, 0.00145392992999, 0.00183764274698]
    },
    "beats_position": [0.719818592072, 1.43963718414, 2.15945577621, 2.86766433716, 3.5758728981, 4.27247142792, 4.98067998886, 5.6888885498, 6.38548755646, 7.0936961174, 7.80190467834, 8.51011276245, 9.2067117691, 9.91492080688, 10.6347389221, 11.3313379288, 12.0279359818, 12.7361450195, 13.4443531036, 14.1641721725, 14.8607711792, 15.5689792633, 16.2771873474, 16.9853973389, 17.693605423, 18.390203476, 19.0984115601, 19.8066215515, 20.5032196045, 21.2114276886, 21.9196376801, 22.6394557953, 23.3360538483, 24.0442619324, 24.7524719238, 25.4490699768, 26.1456680298, 26.8538761139, 27.5620861053, 28.2819042206, 28.9785022736, 29.686712265, 30.3949203491, 31.1031284332, 31.7997264862, 32.5079345703, 33.2161445618, 33.9243545532, 34.6209526062, 35.329158783, 36.0373687744, 36.7455787659, 37.4537849426, 38.1619949341, 38.8702049255, 39.5668029785, 40.2634010315, 40.9716110229, 41.6798171997, 42.3996353149, 43.1078453064, 43.8044433594, 44.5126533508]
},
"tonal": {
    "chords_changes_rate": 0.0411522649229,
    "chords_number_rate": 0.00514403311536,
    "chords_strength": {
        "mean": 0.632952690125,
        "var": 0.0088843870908
    },
    "hpcp_entropy": {
        "mean": 1.95843434334,
        "var": 0.63439822197
    },
    "key_strength": 0.73341691494,
    "tuning_diatonic_strength": 0.586545288563,
    "tuning_equal_tempered_deviation": 0.120626918972,
    "tuning_frequency": 436.960693359,
    "tuning_nontempered_energy_ratio": 0.815487623215,
    "hpcp": {
        "mean": [0.237185969949, 0.148394659162, 0.0494494400918, 0.0394346863031, 0.0394099615514, 0.049068402499, 0.0980300456285, 0.123452104628, 0.176078140736, 0.250731885433, 0.163143739104, 0.0457642823458, 0.0257972311229, 0.0236916765571, 0.0378158912063, 0.070528768003, 0.0710185691714, 0.0441777221859, 0.0407790988684, 0.0439481660724, 0.0787305086851, 0.232463151217, 0.235308170319, 0.109951861203, 0.090936049819, 0.0627314448357, 0.0385722145438, 0.0361863225698, 0.0420497357845, 0.112156964839, 0.20716483891, 0.146865099669, 0.0427724421024, 0.0304185841233, 0.0488826967776, 0.153159171343],
        "var": [0.136825829744, 0.0599298998713, 0.0172499995679, 0.0204129889607, 0.0199599470943, 0.0200824029744, 0.0490457974374, 0.059576112777, 0.0656682252884, 0.133305549622, 0.0569303184748, 0.0140462480485, 0.00988627318293, 0.00989098194987, 0.0162975080311, 0.0387003496289, 0.0375285297632, 0.0205091312528, 0.0207453574985, 0.0259446203709, 0.023972755298, 0.121749311686, 0.12269307673, 0.0399440228939, 0.0485589504242, 0.0233528912067, 0.0164549667388, 0.0184439141303, 0.0200116317719, 0.0461917854846, 0.119427569211, 0.0630806311965, 0.0147301675752, 0.0143193872645, 0.0180624667555, 0.0761809274554]
    },
    "chords_histogram": [44.444442749, 0, 1.44032919407, 0, 0, 0.514403283596, 0, 0, 0, 0.720164597034, 0, 0, 0, 0, 0, 0, 0.205761313438, 6.27572011948, 0, 0, 0, 0, 2.57201647758, 43.8271598816],
    "thpcp": [1, 0.650670111179, 0.182522788644, 0.10288771987, 0.0944900810719, 0.150822028518, 0.28129157424, 0.283245056868, 0.176195070148, 0.16264025867, 0.175279527903, 0.314002782106, 0.927138388157, 0.938485205173, 0.438523650169, 0.362682431936, 0.250193327665, 0.153838485479, 0.144322782755, 0.167707964778, 0.447318315506, 0.826240479946, 0.585745632648, 0.170590355992, 0.121319167316, 0.194960027933, 0.610848426819, 0.94597452879, 0.591845989227, 0.197220385075, 0.157278299332, 0.157179698348, 0.19570069015, 0.390975594521, 0.492366999388, 0.702256679535],
    "chords_key": "C",
    "chords_scale": "major",
    "key_key": "C",
    "key_scale": "major"
}
}