{
"lowlevel": {
    "average_loudness": 0.974657952785,
    "barkbands_crest": {
        "mean": 11.9937314987,
        "var": 23.9665756226
    },
    "barkbands_flatness_db": {
        "mean": 0.177082046866,
        "var": 0.00534190377221
    },
    "barkbands_kurtosis": {
        "mean": 13.0128393173,
        "var": 2210.36230469
    },
    "barkbands_skewness": {
        "mean": 2.27883791924,
        "var": 4.21968460083
    },
    "barkbands_spread": {
        "mean": 19.9465045929,
        "var": 451.138702393
    },
    "dissonance": {
        "mean": 0.445315539837,
        "var": 0.00224055862054
    },
    "dynamic_complexity": 3.88561844826,
    "erbbands_crest": {
        "mean": 9.50428581238,
        "var": 23.4002971649
    },
    "erbbands_flatness_db": {
        "mean": 0.167717039585,
        "var": 0.00340321986005
    },
    "erbbands_kurtosis": {
        "mean": 2.71790528297,
        "var": 29.9699344635
    },
    "erbbands_skewness": {
        "mean": 0.681714713573,
        "var": 1.94408106804
    },
    "erbbands_spread": {
        "mean": 39.0542373657,
        "var": 674.641235352
    },
    "hfc": {
        "mean": 13.3830442429,
        "var": 239.109115601
    },
    "melbands_crest": {
        "mean": 15.7892217636,
        "var": 29.6081199646
    },
    "melbands_flatness_db": {
        "mean": 0.253352284431,
        "var": 0.00854003336281
    },
    "melbands_kurtosis": {
        "mean": 27.5592155457,
        "var": 2935.93847656
    },
    "melbands_skewness": {
        "mean": 3.36071395874,
        "var": 5.8115696907
    },
    "melbands_spread": {
        "mean": 22.7107505798,
        "var": 1704.8203125
    },
    "pitch_salience": {
        "mean": 0.546133339405,
        "var": 0.0220275484025
    },
    "silence_rate_20dB": {
        "mean": 1,
        "var": 0
    },
    "silence_rate_30dB": {
        "mean": 0.951596319675,
        "var": 0.0460602492094
    },
    "silence_rate_60dB": {
        "mean": 0.145211115479,
        "var": 0.124126136303
    },
    "spectral_centroid": {
        "mean": 1140.06445313,
        "var": 1136909
    },
    "spectral_complexity": {
        "mean": 13.4783725739,
        "var": 155.640701294
    },
    "spectral_decrease": {
        "mean": -7.37919370053e-009,
        "var": 8.82282421878e-017
    },
    "spectral_energy": {
        "mean": 0.0290646832436,
        "var": 0.00131682900246
    },
    "spectral_energyband_high": {
        "mean": 0.000561404798646,
        "var": 9.77329023044e-007
    },
    "spectral_energyband_low": {
        "mean": 0.0157797280699,
        "var": 0.00103815644979
    },
    "spectral_energyband_middle_high": {
        "mean": 0.00238788733259,
        "var": 1.44783771248e-005
    },
    "spectral_energyband_middle_low": {
        "mean": 0.0118453763425,
        "var": 0.00016107565898
    },
    "spectral_entropy": {
        "mean": 7.34839057922,
        "var": 0.531602621078
    },
    "spectral_flux": {
        "mean": 0.0945472940803,
        "var": 0.00570445042104
    },
    "spectral_kurtosis": {
        "mean": 6.93854475021,
        "var": 54.9288825989
    },
    "spectral_rms": {
        "mean": 0.00446963543072,
        "var": 8.37813240651e-006
    },
    "spectral_rolloff": {
        "mean": 1608.01843262,
        "var": 6850026.5
    },
    "spectral_skewness": {
        "mean": 1.87957441807,
        "var": 0.859640359879
    },
    "spectral_spread": {
        "mean": 5138336,
        "var": 7.57585988813e+012
    },
    "spectral_strongpeak": {
        "mean": 0.573379874229,
        "var": 0.3333517313
    },
    "zerocrossingrate": {
        "mean": 0.0614050142467,
        "var": 0.00485493987799
    },
    "barkbands": {
        "mean": [0.000164766897797, 0.0101345684379, 0.00404707621783, 0.00286087440327, 0.002935112454, 0.00292513426393, 0.00174100522418, 0.000754271168262, 0.000471539096907, 0.00030699648778, 0.000208154946449, 0.00026825958048, 0.000165091594681, 0.000319087354001, 0.000257698993664, 0.000214628234971, 0.000217135093408, 0.000220562331378, 0.000225261421292, 0.000133165085572, 0.000123156700283, 9.589317051e-005, 0.000103259662865, 6.930471136e-005, 7.18369192327e-005, 2.91022952297e-005, 1.72296552137e-006],
        "var": [1.44340646102e-007, 0.000715193513315, 0.000128004132421, 4.30326945207e-005, 1.2122292901e-005, 1.78501886694e-005, 2.74308022199e-005, 2.18279319597e-006, 1.24986058836e-006, 4.4799375587e-007, 1.09675902138e-007, 4.94387734307e-007, 9.42571958262e-008, 1.4184961401e-006, 2.43363274421e-007, 2.63522736077e-007, 1.67868421386e-007, 2.17821664705e-007, 2.54070101846e-007, 7.54977662609e-008, 7.22840169942e-008, 3.8555938886e-008, 7.70496555447e-008, 2.63346269236e-008, 1.70847105352e-008, 2.82577783395e-009, 1.47915950321e-011]
    },
    "erbbands": {
        "mean": [0.253313630819, 2.39756417274, 4.48761796951, 8.00969409943, 10.3333206177, 9.0268611908, 14.1973333359, 26.2591075897, 25.6260967255, 23.0185089111, 14.2174921036, 10.6211967468, 11.265912056, 7.39304876328, 9.64710235596, 10.5083675385, 7.90592861176, 13.8680534363, 15.9598655701, 11.4651956558, 13.3088703156, 12.2104578018, 11.8885116577, 11.6634483337, 9.94872188568, 6.4626288414, 5.31767034531, 4.39094161987, 3.33592104912, 3.50737500191, 2.80480241776, 1.64333665371, 1.08187198639, 0.828737854958, 0.487384706736, 0.170179903507, 0.0441635362804, 0.00793604645878, 0.000218988425331, 3.98396878154e-005],
        "var": [0.338457554579, 44.4226875305, 124.505149841, 369.595123291, 273.642120361, 130.305847168, 369.166229248, 1877.69335938, 3605.73681641, 3931.97509766, 699.443847656, 626.533447266, 662.930969238, 150.464736938, 411.826843262, 515.149475098, 183.910736084, 3042.17089844, 1177.07141113, 465.440460205, 997.297302246, 539.717834473, 625.127075195, 657.882995605, 438.115386963, 182.202407837, 131.117446899, 91.7254333496, 50.4473342896, 51.0902442932, 64.2292251587, 30.9263191223, 3.58756160736, 2.16741943359, 0.868833482265, 0.092666760087, 0.00697492156178, 0.000259508145973, 1.8323778761e-007, 2.06989581031e-009]
    },
    "gfcc": {
        "mean": [-58.1354026794, 93.4616851807, -93.1588821411, 31.1190471649, -60.3242378235, 7.80066347122, -48.0201034546, 4.99285125732, -24.2658023834, 2.52744913101, -14.0851078033, 0.71581184864, -12.4136457443],
        "cov": [[12345.5136719, -36.0245323181, -989.838317871, 55.703994751, 4.73578691483, 209.254135132, -169.886444092, 110.47644043, -161.842056274, 63.6893157959, -271.578826904, 22.8419075012, -284.999816895], [-36.0245323181, 3295.54711914, -568.017456055, -860.856689453, 211.223388672, -636.730773926, 33.006439209, -210.225784302, 243.794647217, -325.173492432, 318.603820801, -129.992141724, 199.801315308], [-989.838317871, -568.017456055, 1425.49523926, 214.887359619, -62.8713569641, 331.129638672, 125.825309753, 211.130828857, 81.6267623901, 220.085845947, -27.4256954193, 114.145774841, -10.5724925995], [55.703994751, -860.856689453, 214.887359619, 888.405334473, 264.805847168, 331.750396729, 186.396728516, 113.46762085, 38.4011917114, 136.059371948, -41.8047828674, 7.32727718353, -23.324842453], [4.73578691483, 211.223388672, -62.8713569641, 264.805847168, 511.611694336, 78.7226486206, 145.210418701, 64.9505081177, 89.8076934814, 52.5929450989, 28.6534404755, 3.0147395134, 11.0614614487], [209.254135132, -636.730773926, 331.129638672, 331.750396729, 78.7226486206, 462.137176514, 206.431289673, 158.097213745, 30.5029258728, 132.607757568, -29.006439209, 67.6682891846, -17.5232124329], [-169.886444092, 33.006439209, 125.825309753, 186.396728516, 145.210418701, 206.431289673, 342.363494873, 133.21786499, 80.3703689575, 51.6248703003, 42.2636032104, 45.3682365417, 26.0863609314], [110.47644043, -210.225784302, 211.130828857, 113.46762085, 64.9505081177, 158.097213745, 133.21786499, 215.407608032, 83.7584609985, 90.1838302612, 12.384188652, 45.9608802795, -0.193790599704], [-161.842056274, 243.794647217, 81.6267623901, 38.4011917114, 89.8076934814, 30.5029258728, 80.3703689575, 83.7584609985, 202.213378906, 76.5358581543, 71.1616363525, 22.7018985748, 50.8063392639], [63.6893157959, -325.173492432, 220.085845947, 136.059371948, 52.5929450989, 132.607757568, 51.6248703003, 90.1838302612, 76.5358581543, 176.554428101, 9.7810049057, 53.9725036621, 8.4731388092], [-271.578826904, 318.603820801, -27.4256954193, -41.8047828674, 28.6534404755, -29.006439209, 42.2636032104, 12.384188652, 71.1616363525, 9.7810049057, 140.497589111, 22.4727039337, 59.6396369934], [22.8419075012, -129.992141724, 114.145774841, 7.32727718353, 3.0147395134, 67.6682891846, 45.3682365417, 45.9608802795, 22.7018985748, 53.9725036621, 22.4727039337, 100.79045105, 24.0799446106], [-284.999816895, 199.801315308, -10.5724925995, -23.324842453, 11.0614614487, -17.5232124329, 26.0863609314, -0.193790599704, 50.8063392639, 8.4731388092, 59.6396369934, 24.0799446106, 112.691360474]],
        "icov": [[0.000132667788421, -0.000231163678109, 0.000204915151699, -0.000174180458998, 0.000175261462573, -0.000241789966822, 0.000272133300314, -0.000317952042678, 0.000280529842712, -0.000427592021879, 0.000418808223912, -0.000385599560104, 0.000376627489459], [-0.000231163678109, 0.00183317938354, -0.000603942375164, 0.00151401979383, -0.00133349117823, 0.00118626316544, -0.00141304929275, 0.00152045453433, -0.00219931919128, 0.00270412699319, -0.00228289002553, 0.00206214957871, -0.0013772972161], [0.000204915151699, -0.000603942375164, 0.00137265154626, -0.000518065702636, 0.000770025246311, -0.000838564534206, 0.000619216007181, -0.00109065917786, 0.000619466067292, -0.00170929811429, 0.0011350507848, -0.00124589074403, 0.000774138257839], [-0.000174180458998, 0.00151401979383, -0.000518065702636, 0.00317393103614, -0.00187582254875, -0.000122354191262, -0.00139048229903, 0.00146234803833, -0.00153419363778, 0.00134361023083, -0.00151373108383, 0.00269853370264, -0.00121188547928], [0.000175261462573, -0.00133349117823, 0.000770025246311, -0.00187582254875, 0.00373393879272, -0.000464355136501, 0.000164786863024, -0.00116286706179, 0.000757356872782, -0.00228629913181, 0.00160491641145, -0.00145489256829, 0.00130460248329], [-0.000241789966822, 0.00118626316544, -0.000838564534206, -0.000122354191262, -0.000464355136501, 0.00592781370506, -0.00302859675139, -0.000126157465274, -0.00038467993727, 0.000194207153982, -0.000690418411978, 0.00029971828917, -0.000690359156579], [0.000272133300314, -0.00141304929275, 0.000619216007181, -0.00139048229903, 0.000164786863024, -0.00302859675139, 0.00670762220398, -0.00313356937841, 0.000905090186279, -0.000256643572357, 0.000696358270943, -0.00243056891486, 0.000680711935274], [-0.000317952042678, 0.00152045453433, -0.00109065917786, 0.00146234803833, -0.00116286706179, -0.000126157465274, -0.00313356937841, 0.0101106883958, -0.00424077501521, 0.00100757740438, -0.0016678160755, 0.000850994547363, 7.47618469177e-005], [0.000280529842712, -0.00219931919128, 0.000619466067292, -0.00153419363778, 0.000757356872782, -0.00038467993727, 0.000905090186279, -0.00424077501521, 0.011741287075, -0.00663202488795, -5.13076411153e-005, -0.000659747747704, -0.000628259440418], [-0.000427592021879, 0.00270412699319, -0.00170929811429, 0.00134361023083, -0.00228629913181, 0.000194207153982, -0.000256643572357, 0.00100757740438, -0.00663202488795, 0.0152916880324, -0.00327280419879, -0.000528636795934, -0.00175702932756], [0.000418808223912, -0.00228289002553, 0.0011350507848, -0.00151373108383, 0.00160491641145, -0.000690418411978, 0.000696358270943, -0.0016678160755, -5.13076411153e-005, -0.00327280419879, 0.0140348188579, -0.0042943242006, -0.00176986912265], [-0.000385599560104, 0.00206214957871, -0.00124589074403, 0.00269853370264, -0.00145489256829, 0.00029971828917, -0.00243056891486, 0.000850994547363, -0.000659747747704, -0.000528636795934, -0.0042943242006, 0.0168799832463, -0.00443325005472], [0.000376627489459, -0.0013772972161, 0.000774138257839, -0.00121188547928, 0.00130460248329, -0.000690359156579, 0.000680711935274, 7.47618469177e-005, -0.000628259440418, -0.00175702932756, -0.00176986912265, -0.00443325005472, 0.0139965033159]]
    },
    "melbands": {
        "mean": [0.00263851811178, 0.0027580820024, 0.00150395580567, 0.00068966683466, 0.000475884589832, 0.000590022129472, 0.000392494315747, 0.000236791544012, 0.000110164699436, 6.43817038508e-005, 5.49635624338e-005, 2.87790408038e-005, 2.87742404907e-005, 3.20793697028e-005, 2.23261649808e-005, 1.52350567078e-005, 2.80575550278e-005, 2.70947766694e-005, 1.83482334251e-005, 1.37047409225e-005, 1.63479089679e-005, 1.34363035613e-005, 9.98725045065e-006, 1.0589206795e-005, 9.28256486077e-006, 8.48611307447e-006, 5.51907032786e-006, 3.9887654566e-006, 3.3296203128e-006, 3.02007083519e-006, 2.41557245317e-006, 1.84995224117e-006, 1.86358738574e-006, 2.00504791792e-006, 1.68214080531e-006, 1.22030530747e-006, 9.40677409744e-007, 7.92627645296e-007, 6.52355367947e-007, 7.142577374e-007],
        "var": [4.35977672169e-005, 4.27146696893e-005, 9.58058444667e-006, 8.19168747057e-007, 3.25220497643e-007, 8.54305824305e-007, 9.75379748525e-007, 3.46382364569e-007, 5.26542756063e-008, 2.42759519153e-008, 1.64100253386e-008, 2.53426746255e-009, 2.74163736158e-009, 7.90956367069e-009, 1.69745462131e-009, 8.14108891412e-010, 1.54887054293e-008, 4.10568334885e-009, 1.2810603689e-009, 7.92765408875e-010, 1.69140423889e-009, 6.81692702287e-010, 3.91535082134e-010, 5.63663782316e-010, 4.40171621374e-010, 3.62604307691e-010, 1.26903237918e-010, 7.58695120617e-011, 5.13752651532e-011, 4.9739899699e-011, 2.84619775665e-011, 1.78513523408e-011, 1.3765196448e-011, 1.89491842356e-011, 2.03526431819e-011, 1.90738570771e-011, 1.11248631834e-011, 2.08702434674e-012, 1.19332516958e-012, 1.74997397216e-012]
    },
    "mfcc": {
        "mean": [-707.660400391, 124.82736969, 19.4541969299, 23.4289932251, 9.12163257599, 0.892311036587, -7.57707595825, -2.21860003471, -8.0731086731, -2.03505563736, -1.81382024288, -3.25731682777, -0.273214578629],
        "cov": [[11870.453125, 101.697273254, -1209.74902344, -41.222026825, -67.9197463989, 119.350616455, -51.5021820068, 86.2479248047, -31.8062667847, 21.94713974, -62.3023262024, -77.5830535889, 3.97130084038], [101.697273254, 3384.06323242, -574.640441895, -331.274597168, -137.880493164, -498.845550537, -287.889373779, -71.9176635742, -241.591369629, -113.974052429, -27.4774265289, -88.3417053223, -9.28513717651], [-1209.74902344, -574.640441895, 1311.49694824, -8.63044261932, 18.0936603546, 148.735900879, 115.426345825, 77.479347229, 154.976364136, 100.121376038, 92.7523880005, 106.717559814, 74.1649551392], [-41.222026825, -331.274597168, -8.63044261932, 493.645294189, 207.863388062, 190.50869751, 123.922424316, 63.6507263184, 113.262809753, 73.7733535767, 43.0165672302, 67.8416366577, 41.6913795471], [-67.9197463989, -137.880493164, 18.0936603546, 207.863388062, 323.657958984, 133.84413147, 61.249382019, 29.8506145477, 87.1184234619, 69.3913574219, 55.4250640869, 52.055480957, 41.631690979], [119.350616455, -498.845550537, 148.735900879, 190.50869751, 133.84413147, 356.956787109, 191.578140259, 114.976623535, 153.943328857, 91.8383865356, 65.2520828247, 89.8781967163, 46.542339325], [-51.5021820068, -287.889373779, 115.426345825, 123.922424316, 61.249382019, 191.578140259, 288.731231689, 150.697555542, 126.10307312, 71.0478439331, 61.3494987488, 67.6950149536, 45.3844795227], [86.2479248047, -71.9176635742, 77.479347229, 63.6507263184, 29.8506145477, 114.976623535, 150.697555542, 206.521560669, 104.274497986, 79.0422286987, 57.7167778015, 53.1843528748, 53.3189926147], [-31.8062667847, -241.591369629, 154.976364136, 113.262809753, 87.1184234619, 153.943328857, 126.10307312, 104.274497986, 211.365264893, 105.985458374, 75.035949707, 73.2588500977, 51.0598373413], [21.94713974, -113.974052429, 100.121376038, 73.7733535767, 69.3913574219, 91.8383865356, 71.0478439331, 79.0422286987, 105.985458374, 140.897750854, 80.630531311, 63.0629234314, 40.6707839966], [-62.3023262024, -27.4774265289, 92.7523880005, 43.0165672302, 55.4250640869, 65.2520828247, 61.3494987488, 57.7167778015, 75.035949707, 80.630531311, 112.437347412, 67.3165054321, 38.4104690552], [-77.5830535889, -88.3417053223, 106.717559814, 67.8416366577, 52.055480957, 89.8781967163, 67.6950149536, 53.1843528748, 73.2588500977, 63.0629234314, 67.3165054321, 105.848991394, 60.0533256531], [3.97130084038, -9.28513717651, 74.1649551392, 41.6913795471, 41.631690979, 46.542339325, 45.3844795227, 53.3189926147, 51.0598373413, 40.6707839966, 38.4104690552, 60.0533256531, 87.3707733154]],
        "icov": [[9.84419311862e-005, 8.08945333119e-006, 0.000106656247226, 3.55406591552e-005, 4.73956642963e-005, -0.000120881064504, 7.47417725506e-005, -5.63059875276e-005, 3.6725755308e-006, -8.40634020278e-005, 2.32905913435e-005, 0.000111179586384, -0.000123435340356], [8.08945333119e-006, 0.000423332501668, 0.000154561901581, 0.000132073299028, -9.61398836807e-005, 0.000500524882227, 0.000175810477231, -0.000305972906062, 0.000147534490679, 0.000142327218782, -0.00033892627107, -5.08455086674e-005, -0.000243545291596], [0.000106656247226, 0.000154561901581, 0.00106388854329, 0.000314834207529, 0.000163100005011, -0.000150026389747, 5.09899909957e-005, 6.27372210147e-005, -0.000395639421185, -0.000146913866047, -0.000244553259108, -0.000281541782897, -0.000503681367263], [3.55406591552e-005, 0.000132073299028, 0.000314834207529, 0.00330445542932, -0.00158761895727, -0.000614664633758, -0.000447086727945, 7.8136639786e-005, -0.000361091835657, -0.000326266599586, 0.000854179263115, -0.000855605234392, 1.23079134937e-005], [4.73956642963e-005, -9.61398836807e-005, 0.000163100005011, -0.00158761895727, 0.00492205657065, -0.00121249584481, 0.000377789401682, 0.00103953108191, -0.000422838813392, -0.000774830812588, -0.00127728946973, 0.00106056127697, -0.00148295273539], [-0.000120881064504, 0.000500524882227, -0.000150026389747, -0.000614664633758, -0.00121249584481, 0.00679683452472, -0.00219023507088, -0.000662152946461, -0.00146339286584, 8.63509740157e-006, 0.000813359569293, -0.00291317328811, 0.00147417397238], [7.47417725506e-005, 0.000175810477231, 5.09899909957e-005, -0.000447086727945, 0.000377789401682, -0.00219023507088, 0.00763208698481, -0.00396621413529, -0.00100178364664, 0.00137556600384, -0.000981147983111, -0.000462826545117, 0.00032260993612], [-5.63059875276e-005, -0.000305972906062, 6.27372210147e-005, 7.8136639786e-005, 0.00103953108191, -0.000662152946461, -0.00396621413529, 0.0100200287998, -0.00130528910086, -0.00260163843632, -0.000500961963553, 0.00183565542102, -0.00338530843146], [3.6725755308e-006, 0.000147534490679, -0.000395639421185, -0.000361091835657, -0.000422838813392, -0.00146339286584, -0.00100178364664, -0.00130528910086, 0.0105150341988, -0.00403589894995, -0.000846893468406, -0.000365192623576, -0.000821379071567], [-8.40634020278e-005, 0.000142327218782, -0.000146913866047, -0.000326266599586, -0.000774830812588, 8.63509740157e-006, 0.00137556600384, -0.00260163843632, -0.00403589894995, 0.0162183940411, -0.00703577045351, -0.00141148047987, 0.000409354659496], [2.32905913435e-005, -0.00033892627107, -0.000244553259108, 0.000854179263115, -0.00127728946973, 0.000813359569293, -0.000981147983111, -0.000500961963553, -0.000846893468406, -0.00703577045351, 0.0197759028524, -0.00849595852196, 0.00166928919498], [0.000111179586384, -5.08455086674e-005, -0.000281541782897, -0.000855605234392, 0.00106056127697, -0.00291317328811, -0.000462826545117, 0.00183565542102, -0.000365192623576, -0.00141148047987, -0.00849595852196, 0.0247074048966, -0.0115733714774], [-0.000123435340356, -0.000243545291596, -0.000503681367263, 1.23079134937e-005, -0.00148295273539, 0.00147417397238, 0.00032260993612, -0.00338530843146, -0.000821379071567, 0.000409354659496, 0.00166928919498, -0.0115733714774, 0.0211769808084]]
    },
    "spectral_contrast_coeffs": {
        "mean": [-0.599330544472, -0.708299696445, -0.795019507408, -0.805806159973, -0.806587159634, -0.797193706036],
        "var": [0.0175327435136, 0.00978587288409, 0.00553262652829, 0.00299161230214, 0.00182348908857, 0.00194713589735]
    },
    "spectral_contrast_valleys": {
        "mean": [-7.89132261276, -7.15068149567, -8.07236766815, -8.33857727051, -8.30420017242, -10.514043808],
        "var": [2.11766409874, 1.83811068535, 1.97479379177, 1.91351020336, 1.80709719658, 1.85584247112]
    }
},
"metadata": {
    "audio_properties": {
        "analysis_sample_rate": 44100,
        "bit_rate": 128074,
        "equal_loudness": 0,
        "length": 45.0612258911,
        "lossless": 0,
        "replay_gain": -5.37480735779,
        "sample_rate": 44100,
        "codec": "mp3",
        "downmix": "mix",
        "md5_encoded": "a2891cbda5003fadf245522c4653eb34"
    },
    "tags": {
        "file_name": "1074.mp3"
    },
    "version": {
        "essentia": "2.1-beta2",
        "essentia_git_sha": "v2.1_beta2",
        "extractor": "music 1.0"
    }
},
"rhythm": {
    "beats_count": 89,
    "beats_loudness": {
        "mean": 0.061808809638,
        "var": 0.00123781966977
    },
    "bpm": 119.923690796,
    "bpm_histogram_first_peak_bpm": {
        "mean": 120,
        "var": 0
    },
    "bpm_histogram_first_peak_spread": {
        "mean": 0.425287365913,
        "var": 0
    },
    "bpm_histogram_first_peak_weight": {
        "mean": 0.568181812763,
        "var": 0
    },
    "bpm_histogram_second_peak_bpm": {
        "mean": 115,
        "var": 0
    },
    "bpm_histogram_second_peak_spread": {
        "mean": 0,
        "var": 0
    },
    "bpm_histogram_second_peak_weight": {
        "mean": 0.0113636367023,
        "var": 0
    },
    "danceability": 1.91512513161,
    "onset_rate": 5.05750226974,
    "beats_loudness_band_ratio": {
        "mean": [0.654559254646, 0.162476360798, 0.0858592092991, 0.0356187485158, 0.0623463392258, 0.0426006913185],
        "var": [0.0354715324938, 0.026976455003, 0.0109182521701, 0.000652676506434, 0.00316978059709, 0.00141339818947]
    },
    "beats_position": [0.545668900013, 1.06811785698, 1.57895684242, 2.08979582787, 2.60063481331, 3.08825397491, 3.59909296036, 4.08671188354, 4.59755086899, 5.0967798233, 5.59600877762, 6.08362817764, 6.59446716309, 7.0936961174, 7.59292507172, 8.08054447174, 8.59138298035, 9.0906124115, 9.58984088898, 10.0890703201, 10.5882987976, 11.0875282288, 11.5867567062, 12.0859861374, 12.5852155685, 13.0960540771, 13.5952835083, 14.0945119858, 14.6053514481, 15.0929698944, 15.6038093567, 16.0914287567, 16.602268219, 17.1014957428, 17.600725174, 18.088344574, 18.5991840363, 19.0868015289, 19.5976409912, 20.0852603912, 20.5960998535, 21.0953292847, 21.5945568085, 22.0937862396, 22.5930156708, 23.0922451019, 23.5914726257, 24.0907020569, 24.589931488, 25.0891609192, 25.5883903503, 26.0876178741, 26.5868473053, 27.0976867676, 27.5969161987, 28.0961437225, 28.5953731537, 29.0946025848, 29.593832016, 30.0930614471, 30.6038990021, 31.0915184021, 31.6023578644, 32.0899772644, 32.6008148193, 33.1000442505, 33.5992736816, 34.0868911743, 34.5977325439, 35.0853500366, 35.5961914063, 36.0838088989, 36.5946464539, 37.093875885, 37.5931053162, 38.0923347473, 38.5915641785, 39.0907936096, 39.5900230408, 40.0892524719, 40.5884780884, 41.0877075195, 41.5869369507, 42.0977783203, 42.5970077515, 43.0962333679, 43.5954627991, 44.0946922302, 44.6055335999]
},
"tonal": {
    "chords_changes_rate": 0.0648148134351,
    "chords_number_rate": 0.00925925932825,
    "chords_strength": {
        "mean": 0.558569252491,
        "var": 0.00761993136257
    },
    "hpcp_entropy": {
        "mean": 2.3670527935,
        "var": 0.864479482174
    },
    "key_strength": 0.588198363781,
    "tuning_diatonic_strength": 0.505658209324,
    "tuning_equal_tempered_deviation": 0.438211768866,
    "tuning_frequency": 452.37008667,
    "tuning_nontempered_energy_ratio": 0.969551861286,
    "hpcp": {
        "mean": [0.0889830440283, 0.141270369291, 0.137078791857, 0.105985455215, 0.10062892735, 0.0820995718241, 0.120484113693, 0.255402833223, 0.234689518809, 0.0963088497519, 0.0655698552728, 0.0665574595332, 0.0785260722041, 0.111111320555, 0.135000631213, 0.150988772511, 0.199031203985, 0.185285687447, 0.116314992309, 0.0858882367611, 0.0759854614735, 0.161085888743, 0.267114162445, 0.221095919609, 0.128157898784, 0.0942079722881, 0.0796312168241, 0.0987120196223, 0.153773382306, 0.152940139174, 0.138279020786, 0.181507617235, 0.158125072718, 0.0968327149749, 0.0820799693465, 0.0721726045012],
        "var": [0.0290683545172, 0.0687884762883, 0.0614313036203, 0.0457672141492, 0.051552824676, 0.0363482534885, 0.0361189395189, 0.114721298218, 0.0953494161367, 0.0273579061031, 0.0258634705096, 0.0275616887957, 0.0279958415776, 0.0458109490573, 0.0522525459528, 0.0643498599529, 0.0839004218578, 0.0800894722342, 0.047881655395, 0.0380750335753, 0.0328620895743, 0.0549501366913, 0.122665889561, 0.0897944867611, 0.0599743798375, 0.0379849672318, 0.0280714500695, 0.0357505828142, 0.0677507445216, 0.0611921958625, 0.0514761172235, 0.0832908302546, 0.0686401948333, 0.0363242924213, 0.0385874919593, 0.0296631120145]
    },
    "chords_histogram": [19.855966568, 21.5020580292, 41.0493812561, 0.205761313438, 1.54320991039, 3.60082316399, 2.88065838814, 5.34979438782, 0, 0, 0, 0, 0, 0.205761313438, 0, 1.44032919407, 0.720164597034, 0, 0, 0.205761313438, 0, 0, 0.411522626877, 1.02880656719],
    "thpcp": [1, 0.827720701694, 0.479786992073, 0.35268804431, 0.298116803169, 0.369549930096, 0.575684130192, 0.572564721107, 0.517677605152, 0.679513275623, 0.59197562933, 0.362514346838, 0.307284235954, 0.270193845034, 0.333127379417, 0.528876364231, 0.513184309006, 0.396779626608, 0.376726299524, 0.307357609272, 0.451058506966, 0.956156075001, 0.878611266613, 0.360553145409, 0.245475023985, 0.249172329903, 0.293979436159, 0.415969401598, 0.505404233932, 0.565259337425, 0.745116651058, 0.693657279015, 0.435450494289, 0.321541309357, 0.284468114376, 0.6030600667],
    "chords_key": "B",
    "chords_scale": "minor",
    "key_key": "E",
    "key_scale": "minor"
}
}