{
"lowlevel": {
    "average_loudness": 0.914238929749,
    "barkbands_crest": {
        "mean": 11.9696846008,
        "var": 24.5428924561
    },
    "barkbands_flatness_db": {
        "mean": 0.190020039678,
        "var": 0.00727973226458
    },
    "barkbands_kurtosis": {
        "mean": 13.2082576752,
        "var": 798.377502441
    },
    "barkbands_skewness": {
        "mean": 2.25443124771,
        "var": 4.44156980515
    },
    "barkbands_spread": {
        "mean": 19.2171878815,
        "var": 349.096740723
    },
    "dissonance": {
        "mean": 0.433435171843,
        "var": 0.00363247981295
    },
    "dynamic_complexity": 3.4708943367,
    "erbbands_crest": {
        "mean": 10.1915683746,
        "var": 23.5658836365
    },
    "erbbands_flatness_db": {
        "mean": 0.177749618888,
        "var": 0.0058344528079
    },
    "erbbands_kurtosis": {
        "mean": 3.22059011459,
        "var": 136.674346924
    },
    "erbbands_skewness": {
        "mean": 0.692309617996,
        "var": 1.9887881279
    },
    "erbbands_spread": {
        "mean": 45.8162498474,
        "var": 1303.70690918
    },
    "hfc": {
        "mean": 20.163105011,
        "var": 647.190917969
    },
    "melbands_crest": {
        "mean": 15.7636375427,
        "var": 29.5714187622
    },
    "melbands_flatness_db": {
        "mean": 0.267516851425,
        "var": 0.0119375931099
    },
    "melbands_kurtosis": {
        "mean": 37.7206459045,
        "var": 3952.81274414
    },
    "melbands_skewness": {
        "mean": 3.74347567558,
        "var": 9.66255760193
    },
    "melbands_spread": {
        "mean": 20.8448524475,
        "var": 1132.26391602
    },
    "pitch_salience": {
        "mean": 0.555271983147,
        "var": 0.0235869120806
    },
    "silence_rate_20dB": {
        "mean": 1,
        "var": 0
    },
    "silence_rate_30dB": {
        "mean": 0.944902181625,
        "var": 0.0520626343787
    },
    "silence_rate_60dB": {
        "mean": 0.131307929754,
        "var": 0.114066466689
    },
    "spectral_centroid": {
        "mean": 1084.26477051,
        "var": 892884.3125
    },
    "spectral_complexity": {
        "mean": 11.44490242,
        "var": 124.193138123
    },
    "spectral_decrease": {
        "mean": -8.82421247184e-009,
        "var": 9.36976398073e-017
    },
    "spectral_energy": {
        "mean": 0.0351334773004,
        "var": 0.00143744086381
    },
    "spectral_energyband_high": {
        "mean": 0.00106724305078,
        "var": 2.89830290967e-006
    },
    "spectral_energyband_low": {
        "mean": 0.0189533568919,
        "var": 0.00079550454393
    },
    "spectral_energyband_middle_high": {
        "mean": 0.00410795398057,
        "var": 7.80271802796e-005
    },
    "spectral_energyband_middle_low": {
        "mean": 0.0129668433219,
        "var": 0.000206572236493
    },
    "spectral_entropy": {
        "mean": 7.28763437271,
        "var": 0.741264283657
    },
    "spectral_flux": {
        "mean": 0.105195954442,
        "var": 0.00487204873934
    },
    "spectral_kurtosis": {
        "mean": 8.49891090393,
        "var": 247.299179077
    },
    "spectral_rms": {
        "mean": 0.00498114246875,
        "var": 9.46468298935e-006
    },
    "spectral_rolloff": {
        "mean": 1523.62353516,
        "var": 5975453.5
    },
    "spectral_skewness": {
        "mean": 1.96696352959,
        "var": 1.70397651196
    },
    "spectral_spread": {
        "mean": 5732226.5,
        "var": 1.05471163761e+013
    },
    "spectral_strongpeak": {
        "mean": 0.664847791195,
        "var": 0.522899389267
    },
    "zerocrossingrate": {
        "mean": 0.0633390322328,
        "var": 0.00385867455043
    },
    "barkbands": {
        "mean": [0.000349333975464, 0.0106803150848, 0.00606504222378, 0.00458125723526, 0.00366762164049, 0.00151081685908, 0.000928028137423, 0.00104699924123, 0.00103819323704, 0.000724777113646, 0.00058083795011, 0.000694818387274, 0.000474041618872, 0.000412320980104, 0.000378033553716, 0.000334426673362, 0.000227937824093, 0.000154868102982, 0.000138555973535, 0.000155308836838, 0.000114392576506, 0.000147387865582, 0.000163609220181, 0.000302636763081, 0.000184804506716, 7.25059217075e-005, 4.5766241783e-006],
        "var": [5.55475196506e-007, 0.000305489753373, 0.000188261547009, 7.11703323759e-005, 2.59061325778e-005, 5.71894724999e-006, 3.70288307749e-006, 6.0974043663e-006, 5.27894826519e-006, 3.3611015624e-006, 2.26082011068e-006, 2.78502693618e-006, 1.74592707936e-006, 1.74060630798e-006, 2.14618216887e-006, 1.75217121523e-006, 2.93513721772e-007, 1.55373456323e-007, 1.18230182977e-007, 1.05736098988e-007, 5.96627742766e-008, 7.91482719364e-008, 9.70772404685e-008, 2.67331159876e-007, 1.846245965e-007, 1.86225594945e-008, 8.34537508543e-011]
    },
    "erbbands": {
        "mean": [0.252088576555, 2.58848309517, 6.81817865372, 11.2410650253, 16.0098686218, 11.2424097061, 10.510559082, 12.7507400513, 11.6218166351, 19.8970279694, 21.1460533142, 23.5592708588, 23.5646972656, 22.8664360046, 25.6710071564, 28.7304954529, 23.2161865234, 19.4060955048, 22.7516288757, 19.5251808167, 16.7571811676, 12.9034328461, 9.04136180878, 6.57653617859, 7.62601709366, 7.46831178665, 5.06334877014, 4.66510915756, 5.2402305603, 4.76418113708, 4.82058191299, 7.19368457794, 4.12468481064, 2.55292057991, 1.05672049522, 0.391413480043, 0.121140561998, 0.0190387554467, 0.000536719511729, 5.77216633246e-005],
        "var": [0.174470975995, 19.3328819275, 198.392868042, 373.914154053, 743.870910645, 300.672668457, 267.973236084, 449.65322876, 511.261291504, 1586.14868164, 2708.38378906, 2740.11621094, 3023.56176758, 2994.95288086, 3966.68701172, 4643.95117188, 3833.86669922, 3083.66699219, 7192.20800781, 5501.17822266, 2879.20825195, 968.201660156, 511.474639893, 259.369506836, 325.940979004, 248.106002808, 117.710891724, 91.9963607788, 98.5238723755, 83.1413040161, 84.7727432251, 154.380615234, 56.3131141663, 33.8994598389, 6.40700626373, 0.536811828613, 0.0569378361106, 0.0012544245692, 9.79021933745e-007, 3.94015087224e-009]
    },
    "gfcc": {
        "mean": [-52.9761734009, 88.8728790283, -84.6733703613, 28.8949623108, -60.0071525574, 15.0646934509, -43.7126159668, 9.41690826416, -24.162065506, -0.703190326691, -15.3391990662, -2.46366786957, -10.243303299],
        "cov": [[12491.4326172, -2401.57177734, 460.119476318, 1005.73480225, 97.4964981079, 1465.58166504, 286.608551025, 403.332000732, -368.075286865, 205.213195801, -384.135650635, 182.347869873, -417.445587158], [-2401.57177734, 3524.28076172, -362.903289795, -701.229675293, 460.623382568, -696.167114258, 296.00869751, -223.391571045, 165.939758301, -311.065887451, 401.758728027, -307.569580078, 211.212219238], [460.119476318, -362.903289795, 2250.71069336, 835.955383301, 33.8018341064, 428.575897217, -4.98484611511, 22.4103889465, 86.034072876, 86.11378479, -59.2449798584, 107.262931824, -71.3638916016], [1005.73480225, -701.229675293, 835.955383301, 1222.54772949, 270.323455811, 144.941986084, -109.884002686, -3.03888893127, 42.7781181335, 89.4152526855, -53.4586334229, 82.0754776001, -17.4789924622], [97.4964981079, 460.623382568, 33.8018341064, 270.323455811, 563.252319336, 71.7244873047, 69.7775878906, -21.5231723785, 55.4236488342, 1.7299580574, 30.5880756378, -5.66623973846, 39.0486450195], [1465.58166504, -696.167114258, 428.575897217, 144.941986084, 71.7244873047, 738.024902344, 191.492477417, 95.3733520508, -33.4565010071, 73.6344833374, -104.610961914, 95.1334457397, -60.9752349854], [286.608551025, 296.00869751, -4.98484611511, -109.884002686, 69.7775878906, 191.492477417, 387.209472656, 121.585884094, -0.616238415241, -32.5728569031, 32.1260719299, -21.7242164612, 9.60074424744], [403.332000732, -223.391571045, 22.4103889465, -3.03888893127, -21.5231723785, 95.3733520508, 121.585884094, 256.781433105, 77.6164398193, 43.0120925903, -36.3293800354, 22.3659229279, -4.40671491623], [-368.075286865, 165.939758301, 86.034072876, 42.7781181335, 55.4236488342, -33.4565010071, -0.616238415241, 77.6164398193, 219.766586304, 65.2601623535, 23.0116043091, -21.8191738129, 27.1755371094], [205.213195801, -311.065887451, 86.11378479, 89.4152526855, 1.7299580574, 73.6344833374, -32.5728569031, 43.0120925903, 65.2601623535, 185.225723267, 5.04438638687, 23.1600341797, -32.3808937073], [-384.135650635, 401.758728027, -59.2449798584, -53.4586334229, 30.5880756378, -104.610961914, 32.1260719299, -36.3293800354, 23.0116043091, 5.04438638687, 191.155319214, -10.9995269775, 18.3326969147], [182.347869873, -307.569580078, 107.262931824, 82.0754776001, -5.66623973846, 95.1334457397, -21.7242164612, 22.3659229279, -21.8191738129, 23.1600341797, -10.9995269775, 125.422370911, 8.62312316895], [-417.445587158, 211.212219238, -71.3638916016, -17.4789924622, 39.0486450195, -60.9752349854, 9.60074424744, -4.40671491623, 27.1755371094, -32.3808937073, 18.3326969147, 8.62312316895, 126.073806763]],
        "icov": [[0.000148794279085, -0.00012144203356, 0.000114272035717, -0.000233437196584, 0.000125890102936, -0.000352023751475, 0.00013939391647, -0.000329853704898, 0.000346074055415, -0.000126598984934, 0.000149782150402, -3.21848274325e-005, 0.000370364548871], [-0.00012144203356, 0.00185925676487, -0.000687830441166, 0.00139318732545, -0.00174266158137, 0.0015932895476, -0.00143915950321, 0.00149560242426, -0.00142039579805, 0.00176138395909, -0.00193307001609, 0.0019592102617, -0.00133526057471], [0.000114272035717, -0.000687830441166, 0.00101409840863, -0.00109561090358, 0.000953882583417, -0.00108546705451, 0.000475200155051, -0.000404519902077, 0.000118314179417, -0.000410783279222, 0.000636773707811, -0.000893265299965, 0.000919566489756], [-0.000233437196584, 0.00139318732545, -0.00109561090358, 0.00260848528706, -0.0020966406446, 0.00159115169663, -0.000673508737236, 0.00114353711251, -0.00103906996083, 0.00089798506815, -0.00118710333481, 0.00100212660618, -0.00129658530932], [0.000125890102936, -0.00174266158137, 0.000953882583417, -0.0020966406446, 0.00405812356621, -0.00188225728925, 0.000714449794032, -0.00066734990105, 0.00048304896336, -0.00137870118488, 0.00150878774002, -0.00162876327522, 0.000774372718297], [-0.000352023751475, 0.0015932895476, -0.00108546705451, 0.00159115169663, -0.00188225728925, 0.00439514080063, -0.0028971421998, 0.00191710039508, -0.00125625764485, 0.000452720618341, -0.0001861401106, -0.000219649577048, -0.000803194241598], [0.00013939391647, -0.00143915950321, 0.000475200155051, -0.000673508737236, 0.000714449794032, -0.0028971421998, 0.00600447040051, -0.00397446099669, 0.00215939735062, -0.000104749364255, -0.000457232614281, 0.000611039984506, 0.000361867219908], [-0.000329853704898, 0.00149560242426, -0.000404519902077, 0.00114353711251, -0.00066734990105, 0.00191710039508, -0.00397446099669, 0.00818145554513, -0.0043686684221, 0.00062624347629, 0.000318309408613, -0.000676582334563, -0.000843171263114], [0.000346074055415, -0.00142039579805, 0.000118314179417, -0.00103906996083, 0.00048304896336, -0.00125625764485, 0.00215939735062, -0.0043686684221, 0.00885346811265, -0.00382220861502, 0.000630693219136, 0.00106831465382, -0.000680804310832], [-0.000126598984934, 0.00176138395909, -0.000410783279222, 0.00089798506815, -0.00137870118488, 0.000452720618341, -0.000104749364255, 0.00062624347629, -0.00382220861502, 0.00936544593424, -0.00303268595599, 0.00101643521339, 0.000798562599812], [0.000149782150402, -0.00193307001609, 0.000636773707811, -0.00118710333481, 0.00150878774002, -0.0001861401106, -0.000457232614281, 0.000318309408613, 0.000630693219136, -0.00303268595599, 0.00893167871982, -0.00329787028022, 0.00143082265276], [-3.21848274325e-005, 0.0019592102617, -0.000893265299965, 0.00100212660618, -0.00162876327522, -0.000219649577048, 0.000611039984506, -0.000676582334563, 0.00106831465382, 0.00101643521339, -0.00329787028022, 0.0132237067446, -0.00382161210291], [0.000370364548871, -0.00133526057471, 0.000919566489756, -0.00129658530932, 0.000774372718297, -0.000803194241598, 0.000361867219908, -0.000843171263114, -0.000680804310832, 0.000798562599812, 0.00143082265276, -0.00382161210291, 0.0114557584748]]
    },
    "melbands": {
        "mean": [0.00267102592625, 0.00365322921425, 0.00225749611855, 0.000954620481934, 0.000390584551496, 0.000284499517875, 0.000182512798347, 0.000228152712225, 0.000163378877915, 0.000152292690473, 0.000118368174299, 9.36422075029e-005, 8.07231190265e-005, 7.95081359684e-005, 6.57737255096e-005, 4.37902272097e-005, 3.53539689968e-005, 3.80035635317e-005, 2.72907964245e-005, 2.53608250205e-005, 1.84484124475e-005, 1.451764183e-005, 9.02440206119e-006, 6.95317839927e-006, 4.98877579957e-006, 5.49400738237e-006, 5.57138446311e-006, 4.82081031805e-006, 3.22770983985e-006, 2.70764599009e-006, 2.71105773209e-006, 2.9889124562e-006, 2.82262521978e-006, 2.56595535575e-006, 2.53863049693e-006, 3.49729202753e-006, 4.76172954222e-006, 2.85305554826e-006, 2.52720064964e-006, 1.99199098461e-006],
        "var": [1.88068315765e-005, 4.23541787313e-005, 1.37183860716e-005, 1.91802269001e-006, 3.11052559709e-007, 2.0991670624e-007, 1.25703962794e-007, 2.0738333717e-007, 1.60299109098e-007, 1.25631913761e-007, 7.94200474274e-008, 5.38706608211e-008, 4.18235472921e-008, 3.64089451921e-008, 2.76824394518e-008, 1.65714926226e-008, 1.17541354427e-008, 2.04202308396e-008, 1.00726404995e-008, 1.15752616381e-008, 3.09246694918e-009, 1.27882815448e-009, 5.16838127851e-010, 3.47132683709e-010, 1.61703608836e-010, 2.0347981633e-010, 1.65346861203e-010, 1.07346631584e-010, 5.01266216035e-011, 3.53693983823e-011, 3.15547588059e-011, 3.39839614782e-011, 3.42085249017e-011, 2.46765975709e-011, 2.56780516988e-011, 4.12929308802e-011, 7.24326917889e-011, 2.73134015405e-011, 2.70919953138e-011, 2.54834955221e-011]
    },
    "mfcc": {
        "mean": [-705.801208496, 121.729927063, 30.3167858124, 16.9864044189, 11.2870187759, 0.951362192631, -0.848487615585, 1.82705295086, -2.11935853958, 1.3194861412, -7.28548526764, 1.67622172832, 0.0797462835908],
        "cov": [[11569.7333984, -2106.37963867, -207.860473633, -18.9867630005, 156.193939209, 786.952453613, 674.208251953, 505.452087402, 259.22052002, 227.113998413, 112.26600647, 84.8502655029, -139.742080688], [-2106.37963867, 3360.57495117, -590.051269531, -215.937393188, -173.502288818, -394.788574219, 103.695884705, -57.1032867432, -166.560317993, 52.7243041992, -93.8932037354, -2.47083258629, 75.0890579224], [-207.860473633, -590.051269531, 2040.42456055, 420.515777588, 312.49508667, 385.699859619, 38.7644958496, 116.692436218, 84.5283203125, 36.3866004944, 128.786880493, 30.8538570404, -26.1729106903], [-18.9867630005, -215.937393188, 420.515777588, 990.63079834, 423.942962646, 82.234916687, -51.3112411499, -31.6851139069, 4.00402545929, -15.9096078873, 12.8206691742, 25.6542682648, 23.0444030762], [156.193939209, -173.502288818, 312.49508667, 423.942962646, 543.73236084, 250.695358276, -21.9915027618, 8.93715763092, 47.9827766418, 17.171333313, 28.6530361176, 14.0279636383, 6.15238904953], [786.952453613, -394.788574219, 385.699859619, 82.234916687, 250.695358276, 518.829589844, 191.065872192, 104.354530334, 93.9596176147, 25.3389205933, 77.159362793, -2.36494708061, -54.9888954163], [674.208251953, 103.695884705, 38.7644958496, -51.3112411499, -21.9915027618, 191.065872192, 356.736297607, 169.649078369, 52.9704399109, 30.1516952515, 33.7638320923, 25.07097435, -18.023859024], [505.452087402, -57.1032867432, 116.692436218, -31.6851139069, 8.93715763092, 104.354530334, 169.649078369, 263.607971191, 121.422737122, 44.8584594727, 23.7633857727, -3.53368830681, 3.20281195641], [259.22052002, -166.560317993, 84.5283203125, 4.00402545929, 47.9827766418, 93.9596176147, 52.9704399109, 121.422737122, 247.967407227, 88.080696106, 40.8996696472, 13.2708444595, -20.5865421295], [227.113998413, 52.7243041992, 36.3866004944, -15.9096078873, 17.171333313, 25.3389205933, 30.1516952515, 44.8584594727, 88.080696106, 178.281723022, 69.3241653442, 24.8339805603, 17.4666423798], [112.26600647, -93.8932037354, 128.786880493, 12.8206691742, 28.6530361176, 77.159362793, 33.7638320923, 23.7633857727, 40.8996696472, 69.3241653442, 166.377975464, 59.2815208435, -11.3885450363], [84.8502655029, -2.47083258629, 30.8538570404, 25.6542682648, 14.0279636383, -2.36494708061, 25.07097435, -3.53368830681, 13.2708444595, 24.8339805603, 59.2815208435, 137.231567383, 33.8750648499], [-139.742080688, 75.0890579224, -26.1729106903, 23.0444030762, 6.15238904953, -54.9888954163, -18.023859024, 3.20281195641, -20.5865421295, 17.4666423798, -11.3885450363, 33.8750648499, 123.729972839]],
        "icov": [[0.000131118446006, 9.30886162678e-005, 7.09594605723e-005, -1.95003667613e-005, 6.39140307612e-006, -0.00011528255709, -0.000137900191476, -0.000170878891367, 0.000142870470881, -0.000251593824942, 0.000146874997881, -0.000143578188727, 0.000155134242959], [9.30886162678e-005, 0.000452830223367, 7.54629727453e-005, 8.98971484276e-005, -0.00021806206496, 0.000377228832804, -0.000553999503609, 2.16438966163e-005, 0.000316885096254, -0.000450397375971, 0.000218075510929, -1.23846975839e-005, 6.65426850901e-005], [7.09594605723e-005, 7.54629727453e-005, 0.000701872340869, -0.000274520250969, 0.00010024648509, -0.000581223866902, 0.000295034929877, -0.000491103914101, 0.000227027878282, -0.000162378390087, -0.00018077166169, -0.000179817376193, 0.000119625554362], [-1.95003667613e-005, 8.98971484276e-005, -0.000274520250969, 0.00175995891914, -0.00162459362764, 0.000911572598852, -0.000503557559568, 0.000406220613513, -8.43454690767e-005, 0.00030579927261, -9.59261524258e-005, 6.0149726778e-005, -0.000142898366903], [6.39140307612e-006, -0.00021806206496, 0.00010024648509, -0.00162459362764, 0.00433023646474, -0.00273687695153, 0.00176436814945, -0.000445685611339, -8.61322987475e-005, -0.000344980246155, 0.000487832265208, -0.000576071150135, -0.000462778611109], [-0.00011528255709, 0.000377228832804, -0.000581223866902, 0.000911572598852, -0.00273687695153, 0.00531898578629, -0.00307800946757, 0.00103194301482, -0.000814934202936, 0.000690646993462, -0.00139017845504, 0.00139767164364, 0.000629337620921], [-0.000137900191476, -0.000553999503609, 0.000295034929877, -0.000503557559568, 0.00176436814945, -0.00307800946757, 0.00660035479814, -0.00365169299766, 0.00103166385088, -0.000178487272933, 0.00042200597818, -0.00184740440454, 0.000678461510688], [-0.000170878891367, 2.16438966163e-005, -0.000491103914101, 0.000406220613513, -0.000445685611339, 0.00103194301482, -0.00365169299766, 0.00793540943414, -0.00348461233079, 0.000736246642191, -0.000622671097517, 0.00202646013349, -0.00193807820324], [0.000142870470881, 0.000316885096254, 0.000227027878282, -8.43454690767e-005, -8.61322987475e-005, -0.000814934202936, 0.00103166385088, -0.00348461233079, 0.00712712155655, -0.00337228155695, 0.000869705050718, -0.00135680136736, 0.00202877633274], [-0.000251593824942, -0.000450397375971, -0.000162378390087, 0.00030579927261, -0.000344980246155, 0.000690646993462, -0.000178487272933, 0.000736246642191, -0.00337228155695, 0.00914023350924, -0.00385912158526, 0.00114291335922, -0.00234259152785], [0.000146874997881, 0.000218075510929, -0.00018077166169, -9.59261524258e-005, 0.000487832265208, -0.00139017845504, 0.00042200597818, -0.000622671097517, 0.000869705050718, -0.00385912158526, 0.00985995680094, -0.00439551193267, 0.00224911118858], [-0.000143578188727, -1.23846975839e-005, -0.000179817376193, 6.0149726778e-005, -0.000576071150135, 0.00139767164364, -0.00184740440454, 0.00202646013349, -0.00135680136736, 0.00114291335922, -0.00439551193267, 0.0105802686885, -0.0035640031565], [0.000155134242959, 6.65426850901e-005, 0.000119625554362, -0.000142898366903, -0.000462778611109, 0.000629337620921, 0.000678461510688, -0.00193807820324, 0.00202877633274, -0.00234259152785, 0.00224911118858, -0.0035640031565, 0.0105715962127]]
    },
    "spectral_contrast_coeffs": {
        "mean": [-0.620283901691, -0.713728606701, -0.779757857323, -0.791750311852, -0.801124274731, -0.811894595623],
        "var": [0.00824044086039, 0.00832099560648, 0.00722103798762, 0.00420975172892, 0.00221415911801, 0.00153452309314]
    },
    "spectral_contrast_valleys": {
        "mean": [-7.63810920715, -7.28388547897, -7.96795415878, -8.49135017395, -8.42787265778, -10.3358564377],
        "var": [2.67528295517, 1.15561389923, 1.70829904079, 1.75736129284, 1.97289323807, 2.86933064461]
    }
},
"metadata": {
    "audio_properties": {
        "analysis_sample_rate": 44100,
        "bit_rate": 128074,
        "equal_loudness": 0,
        "length": 45.0612258911,
        "lossless": 0,
        "replay_gain": -6.36857032776,
        "sample_rate": 44100,
        "codec": "mp3",
        "downmix": "mix",
        "md5_encoded": "c339ffae32cb2f873faff26502422b8e"
    },
    "tags": {
        "file_name": "1075.mp3"
    },
    "version": {
        "essentia": "2.1-beta2",
        "essentia_git_sha": "v2.1_beta2",
        "extractor": "music 1.0"
    }
},
"rhythm": {
    "beats_count": 86,
    "beats_loudness": {
        "mean": 0.0779763907194,
        "var": 0.00238715205342
    },
    "bpm": 115.636779785,
    "bpm_histogram_first_peak_bpm": {
        "mean": 115,
        "var": 0
    },
    "bpm_histogram_first_peak_spread": {
        "mean": 0.421686708927,
        "var": 0
    },
    "bpm_histogram_first_peak_weight": {
        "mean": 0.564705908298,
        "var": 0
    },
    "bpm_histogram_second_peak_bpm": {
        "mean": 101,
        "var": 0
    },
    "bpm_histogram_second_peak_spread": {
        "mean": 0.5,
        "var": 0
    },
    "bpm_histogram_second_peak_weight": {
        "mean": 0.0117647061124,
        "var": 0
    },
    "danceability": 1.24949061871,
    "onset_rate": 4.81349992752,
    "beats_loudness_band_ratio": {
        "mean": [0.587378621101, 0.107244238257, 0.143171936274, 0.120542317629, 0.0450607277453, 0.0377719663084],
        "var": [0.0791129916906, 0.00992740876973, 0.0369058735669, 0.0215447265655, 0.00236342707649, 0.00106670393143]
    },
    "beats_position": [0.568888902664, 1.14938771725, 1.74149656296, 2.27555561066, 2.80961441994, 3.33206343651, 3.85451245308, 4.3653512001, 4.87619018555, 5.39863920212, 5.92108821869, 6.43192720413, 6.94276618958, 7.47682523727, 7.98766422272, 8.51011276245, 9.03256225586, 9.55501079559, 10.077460289, 10.5882987976, 11.0991382599, 11.6215867996, 12.144036293, 12.6664848328, 13.1889343262, 13.6997728348, 14.2106122971, 14.7330608368, 15.2555103302, 15.7779588699, 16.3004074097, 16.8112468719, 17.3220863342, 17.8561439514, 18.3669834137, 18.8894329071, 19.4118824005, 19.9343299866, 20.4451694489, 20.9676189423, 21.4784584045, 22.0009059906, 22.5117454529, 23.0341949463, 23.5450344086, 24.0674819946, 24.589931488, 25.1007709503, 25.6116104126, 26.1456680298, 26.6681175232, 27.1905670166, 27.7014045715, 28.2122440338, 28.7346935272, 29.2571430206, 29.7679805756, 30.290430069, 30.8128795624, 31.3353290558, 31.8461666107, 32.3686180115, 32.8794555664, 33.4019050598, 33.9243545532, 34.4351921082, 34.9576416016, 35.480091095, 36.0025405884, 36.5249862671, 37.0358276367, 37.5582771301, 38.0807266235, 38.5915641785, 39.1024017334, 39.6248512268, 40.1473007202, 40.6697502136, 41.192199707, 41.7146492004, 42.2254867554, 42.7479362488, 43.2587738037, 43.7696151733, 44.2920608521, 44.8145103455]
},
"tonal": {
    "chords_changes_rate": 0.0956790149212,
    "chords_number_rate": 0.00925925932825,
    "chords_strength": {
        "mean": 0.522983074188,
        "var": 0.0135693065822
    },
    "hpcp_entropy": {
        "mean": 2.27624368668,
        "var": 0.676826000214
    },
    "key_strength": 0.846338570118,
    "tuning_diatonic_strength": 0.656042695045,
    "tuning_equal_tempered_deviation": 0.296417623758,
    "tuning_frequency": 434.193115234,
    "tuning_nontempered_energy_ratio": 0.923697829247,
    "hpcp": {
        "mean": [0.12658315897, 0.135809928179, 0.141896694899, 0.178700789809, 0.20076239109, 0.144302457571, 0.0833134278655, 0.0819643065333, 0.108986251056, 0.177165478468, 0.19588907063, 0.12267151475, 0.0895835012197, 0.102025218308, 0.111658737063, 0.125015214086, 0.139408648014, 0.144498258829, 0.139824151993, 0.123105436563, 0.11076374352, 0.106347121298, 0.102832362056, 0.150079786777, 0.275000244379, 0.303631871939, 0.18372617662, 0.0981018915772, 0.0810143351555, 0.0741849765182, 0.0838671326637, 0.0985698252916, 0.0882679000497, 0.0823621600866, 0.0891717597842, 0.104012914002],
        "var": [0.0576024726033, 0.0587732903659, 0.0644254013896, 0.0674510374665, 0.0922429785132, 0.0550537258387, 0.0282415896654, 0.0289321951568, 0.0397155359387, 0.0710716247559, 0.0834053754807, 0.0354015976191, 0.0319676399231, 0.0390100814402, 0.0457933917642, 0.0517541617155, 0.0640674903989, 0.0640956163406, 0.0657845363021, 0.0528732649982, 0.0457530729473, 0.043957002461, 0.0430609844625, 0.0549880489707, 0.105745300651, 0.125673726201, 0.0656559914351, 0.0399610847235, 0.0360770747066, 0.0318607762456, 0.028466636315, 0.0406206957996, 0.0310006532818, 0.0302079413086, 0.0343581549823, 0.042009986937]
    },
    "chords_histogram": [36.9341545105, 3.49794244766, 16.7695465088, 0.205761313438, 0.617283940315, 0, 3.08641982079, 0, 0, 0, 0, 0, 0, 0.411522626877, 0, 0, 1.64609050751, 16.872428894, 0.102880656719, 11.9341564178, 4.73251008987, 2.67489719391, 0.411522626877, 0.102880656719],
    "thpcp": [1, 0.605095148087, 0.323094844818, 0.266817629337, 0.244325399399, 0.2762131989, 0.324635952711, 0.290706962347, 0.271256625652, 0.293683797121, 0.342562556267, 0.416896820068, 0.447284817696, 0.46733134985, 0.588544249535, 0.66120326519, 0.475254654884, 0.274389594793, 0.269946306944, 0.358942061663, 0.5834877491, 0.645153164864, 0.404013961554, 0.295039862394, 0.336016178131, 0.36774379015, 0.411732852459, 0.4591370821, 0.475899517536, 0.460505515337, 0.405443072319, 0.364796161652, 0.350250184536, 0.338674455881, 0.494282066822, 0.905702829361],
    "chords_key": "A#",
    "chords_scale": "major",
    "key_key": "A#",
    "key_scale": "major"
}
}