{
"lowlevel": {
    "average_loudness": 0.973913550377,
    "barkbands_crest": {
        "mean": 14.6695356369,
        "var": 35.2038383484
    },
    "barkbands_flatness_db": {
        "mean": 0.195504710078,
        "var": 0.0114789158106
    },
    "barkbands_kurtosis": {
        "mean": 58.0674171448,
        "var": 39184.2539063
    },
    "barkbands_skewness": {
        "mean": 4.10923051834,
        "var": 25.6086654663
    },
    "barkbands_spread": {
        "mean": 18.6891155243,
        "var": 348.78503418
    },
    "dissonance": {
        "mean": 0.457782119513,
        "var": 0.00177135854028
    },
    "dynamic_complexity": 4.67053318024,
    "erbbands_crest": {
        "mean": 10.3336782455,
        "var": 34.3759384155
    },
    "erbbands_flatness_db": {
        "mean": 0.142245575786,
        "var": 0.00362148182467
    },
    "erbbands_kurtosis": {
        "mean": 3.19335770607,
        "var": 125.053016663
    },
    "erbbands_skewness": {
        "mean": 0.787875175476,
        "var": 2.28948163986
    },
    "erbbands_spread": {
        "mean": 51.4057922363,
        "var": 764.113525391
    },
    "hfc": {
        "mean": 10.6214580536,
        "var": 143.819549561
    },
    "melbands_crest": {
        "mean": 19.5963497162,
        "var": 55.907409668
    },
    "melbands_flatness_db": {
        "mean": 0.283303707838,
        "var": 0.0174653790891
    },
    "melbands_kurtosis": {
        "mean": 110.142425537,
        "var": 77127.5625
    },
    "melbands_skewness": {
        "mean": 5.69478321075,
        "var": 29.1679286957
    },
    "melbands_spread": {
        "mean": 17.7178936005,
        "var": 646.849243164
    },
    "pitch_salience": {
        "mean": 0.453842788935,
        "var": 0.0387071631849
    },
    "silence_rate_20dB": {
        "mean": 1,
        "var": 0
    },
    "silence_rate_30dB": {
        "mean": 0.880020618439,
        "var": 0.105583108962
    },
    "silence_rate_60dB": {
        "mean": 0.26570546627,
        "var": 0.19510550797
    },
    "spectral_centroid": {
        "mean": 1081.25671387,
        "var": 737406.4375
    },
    "spectral_complexity": {
        "mean": 8.05973243713,
        "var": 45.8624725342
    },
    "spectral_decrease": {
        "mean": -9.62233404067e-009,
        "var": 1.69530534194e-016
    },
    "spectral_energy": {
        "mean": 0.0372803583741,
        "var": 0.00249507371336
    },
    "spectral_energyband_high": {
        "mean": 0.000492619059514,
        "var": 4.69190098329e-007
    },
    "spectral_energyband_low": {
        "mean": 0.0265268497169,
        "var": 0.0017740058247
    },
    "spectral_energyband_middle_high": {
        "mean": 0.00115327036474,
        "var": 2.80302765532e-006
    },
    "spectral_energyband_middle_low": {
        "mean": 0.0116725834087,
        "var": 0.000697526556905
    },
    "spectral_entropy": {
        "mean": 7.46590709686,
        "var": 0.440933048725
    },
    "spectral_flux": {
        "mean": 0.100594386458,
        "var": 0.00905438233167
    },
    "spectral_kurtosis": {
        "mean": 4.30325460434,
        "var": 25.6446914673
    },
    "spectral_rms": {
        "mean": 0.00468159513548,
        "var": 1.44537334563e-005
    },
    "spectral_rolloff": {
        "mean": 1452.65710449,
        "var": 6658995.5
    },
    "spectral_skewness": {
        "mean": 1.65699696541,
        "var": 0.500395178795
    },
    "spectral_spread": {
        "mean": 6610536,
        "var": 5.96540705997e+012
    },
    "spectral_strongpeak": {
        "mean": 0.469179958105,
        "var": 0.263115853071
    },
    "zerocrossingrate": {
        "mean": 0.0620823726058,
        "var": 0.00422501610592
    },
    "barkbands": {
        "mean": [0.000483466894366, 0.0196587685496, 0.00384432054125, 0.00666450010613, 0.00267902086489, 0.00070856756065, 0.00064390769694, 0.000473022548249, 0.000453780434327, 0.000136449627462, 8.03727743914e-005, 0.000113620357297, 0.000238598760916, 7.13054832886e-005, 5.76685997657e-005, 9.80867334874e-005, 0.000137993294629, 0.000165210381965, 5.59933105251e-005, 6.34055613773e-005, 5.52091150894e-005, 9.83216596069e-005, 8.59386418597e-005, 9.01192324818e-005, 6.66045743856e-005, 5.21344372828e-005, 3.92787205783e-006],
        "var": [8.21064418233e-007, 0.00133307639044, 8.94310360309e-005, 0.000420316529926, 4.06405415561e-005, 1.39458802551e-006, 1.86694171589e-006, 1.11735437258e-006, 7.89025705217e-007, 4.90091949246e-008, 1.40335769672e-008, 3.29587024339e-008, 3.43293436345e-007, 2.78079053118e-008, 3.0869468759e-008, 1.49470992028e-007, 1.98648564265e-007, 1.17709021197e-007, 1.8362205978e-008, 9.09176289809e-009, 7.53276019339e-009, 2.69206079651e-008, 1.9165495857e-008, 2.03715497804e-008, 9.65528457186e-009, 7.43900141487e-009, 7.31211410865e-011]
    },
    "erbbands": {
        "mean": [0.485072314739, 4.56649065018, 6.16751480103, 12.5361118317, 17.8921260834, 7.56856870651, 5.70669269562, 5.98914861679, 8.13492965698, 11.3782558441, 9.77092838287, 10.5410490036, 6.12338829041, 2.99661827087, 3.90413880348, 4.88341283798, 10.9569730759, 5.29452323914, 3.36485099792, 4.49757289886, 5.14786720276, 8.88680934906, 10.5141859055, 3.43207240105, 2.82549500465, 2.9114074707, 2.47288942337, 2.31305718422, 3.68898868561, 2.66914916039, 2.60423445702, 2.20074343681, 1.28472030163, 0.730640828609, 0.491373121738, 0.238768279552, 0.0950244292617, 0.0167550928891, 0.000456165143987, 5.3702693549e-005],
        "var": [0.77125197649, 82.3886642456, 185.554946899, 1033.54785156, 2914.69433594, 384.16696167, 152.642425537, 102.152458191, 266.674377441, 498.797668457, 555.611328125, 430.723510742, 98.0755004883, 22.239824295, 31.2988700867, 52.2398719788, 676.507141113, 106.424850464, 54.8464660645, 435.979888916, 278.585998535, 758.220947266, 495.274536133, 63.0473365784, 31.1646881104, 18.6043300629, 13.9661874771, 13.1694374084, 39.7820625305, 18.1372108459, 18.6241950989, 12.5353727341, 4.14012098312, 1.24185049534, 0.561974585056, 0.141084298491, 0.0266781076789, 0.000954955641646, 7.27687108792e-007, 4.37381553198e-009]
    },
    "gfcc": {
        "mean": [-98.7200241089, 68.7866744995, -72.448928833, 32.0112915039, -55.0733680725, 24.0336666107, -32.7782249451, 15.0184020996, -21.6613388062, 8.88441562653, -15.9576435089, 5.60715675354, -20.7618618011],
        "cov": [[26163.40625, 862.124328613, 848.114440918, 1424.84802246, -298.828491211, 186.643157959, -389.721191406, -274.994598389, -391.765411377, -44.2464408875, -599.133056641, -145.682495117, -138.333572388], [862.124328613, 2348.29589844, 540.79284668, 223.862045288, 465.867370605, 57.6266860962, 355.843231201, -43.833316803, 196.915100098, 20.7789878845, 113.519645691, -39.9634933472, 219.795166016], [848.114440918, 540.79284668, 1629.5625, 449.11517334, 348.640289307, 426.579406738, 305.488311768, -22.5047969818, 125.643806458, 120.339019775, -47.829574585, 15.1308050156, 51.2638092041], [1424.84802246, 223.862045288, 449.11517334, 845.412536621, 372.606506348, 130.514633179, 6.26608181, -57.1960334778, 19.4019145966, -10.481959343, 88.1056365967, 28.1787281036, 21.3788566589], [-298.828491211, 465.867370605, 348.640289307, 372.606506348, 609.138305664, 187.383102417, 167.059204102, 83.9522399902, 151.731307983, 64.3831634521, 157.559249878, 40.0732078552, 59.2101135254], [186.643157959, 57.6266860962, 426.579406738, 130.514633179, 187.383102417, 544.456115723, 235.059509277, -42.8929138184, 40.2985572815, 121.261657715, -13.0691747665, -25.1502189636, -21.3524971008], [-389.721191406, 355.843231201, 305.488311768, 6.26608181, 167.059204102, 235.059509277, 347.687530518, 124.349815369, 141.133956909, 89.7391891479, 75.2662963867, 13.7721681595, 36.3145980835], [-274.994598389, -43.833316803, -22.5047969818, -57.1960334778, 83.9522399902, -42.8929138184, 124.349815369, 307.987365723, 181.763702393, 55.2324371338, 67.5861968994, 41.9900436401, 14.2450714111], [-391.765411377, 196.915100098, 125.643806458, 19.4019145966, 151.731307983, 40.2985572815, 141.133956909, 181.763702393, 250.831832886, 103.381515503, 90.3874969482, 54.0399894714, 38.5816497803], [-44.2464408875, 20.7789878845, 120.339019775, -10.481959343, 64.3831634521, 121.261657715, 89.7391891479, 55.2324371338, 103.381515503, 189.796600342, 92.0786819458, 36.6726760864, 6.28327131271], [-599.133056641, 113.519645691, -47.829574585, 88.1056365967, 157.559249878, -13.0691747665, 75.2662963867, 67.5861968994, 90.3874969482, 92.0786819458, 214.938995361, 58.2419128418, 17.4990539551], [-145.682495117, -39.9634933472, 15.1308050156, 28.1787281036, 40.0732078552, -25.1502189636, 13.7721681595, 41.9900436401, 54.0399894714, 36.6726760864, 58.2419128418, 104.642700195, 18.1530628204], [-138.333572388, 219.795166016, 51.2638092041, 21.3788566589, 59.2101135254, -21.3524971008, 36.3145980835, 14.2450714111, 38.5816497803, 6.28327131271, 17.4990539551, 18.1530628204, 123.722419739]],
        "icov": [[5.92254436924e-005, -8.29577620607e-005, 1.86713386938e-005, -0.000175735214725, 0.000104759303213, -3.19607024721e-005, 9.37468284974e-005, -0.000177308538696, 0.000174598040758, -0.000217416469241, 0.000259527761955, -6.99914598954e-005, 0.000103630816739], [-8.29577620607e-005, 0.00102769071236, -8.02317808848e-005, 0.000232853912166, -0.000728930113837, 0.000958718708716, -0.00149011367466, 0.00154931016732, -0.00105069275014, 0.000299233710393, -0.000136307571665, 0.000991025706753, -0.000965840590652], [1.86713386938e-005, -8.02317808848e-005, 0.00118848925922, -0.000669126573484, -0.000264722417342, 5.52119090571e-005, -0.00102583214175, 0.000402488920372, -0.0001141100729, -0.00101579108741, 0.00165552285034, -0.000430943706306, 9.38097582548e-005], [-0.000175735214725, 0.000232853912166, -0.000669126573484, 0.00269228871912, -0.00124155473895, -0.00049424788449, 0.00101613707375, 0.000611247960478, -0.000484385265736, 0.00188236963004, -0.00211501028389, 1.42934904943e-005, -0.000305384281091], [0.000104759303213, -0.000728930113837, -0.000264722417342, -0.00124155473895, 0.00426570139825, -0.00202924758196, 0.00146131415386, -0.0016891665291, -0.000456390931504, 0.00131341419183, -0.00237901951186, -0.000218914981815, -0.000445560348453], [-3.19607024721e-005, 0.000958718708716, 5.52119090571e-005, -0.00049424788449, -0.00202924758196, 0.00609891721979, -0.00528866657987, 0.00330816977657, -0.000122397454106, -0.00377162848599, 0.00351780280471, 0.00130146148149, 0.00105995032936], [9.37468284974e-005, -0.00149011367466, -0.00102583214175, 0.00101613707375, 0.00146131415386, -0.00528866657987, 0.0103035606444, -0.00481117703021, 5.8058569266e-005, 0.00226903543808, -0.00393705721945, -0.000348794070305, -0.000606220739428], [-0.000177308538696, 0.00154931016732, 0.000402488920372, 0.000611247960478, -0.0016891665291, 0.00330816977657, -0.00481117703021, 0.00954413693398, -0.00608149124309, 0.000245031173108, 0.000839967222419, 0.000937822391279, 9.71882400336e-005], [0.000174598040758, -0.00105069275014, -0.0001141100729, -0.000484385265736, -0.000456390931504, -0.000122397454106, 5.8058569266e-005, -0.00608149124309, 0.0118180168793, -0.0042382683605, 0.000990281580016, -0.00257454672828, -0.000159177652677], [-0.000217416469241, 0.000299233710393, -0.00101579108741, 0.00188236963004, 0.00131341419183, -0.00377162848599, 0.00226903543808, 0.000245031173108, -0.0042382683605, 0.0127147994936, -0.00730963796377, -0.000400293036364, -0.000884231412783], [0.000259527761955, -0.000136307571665, 0.00165552285034, -0.00211501028389, -0.00237901951186, 0.00351780280471, -0.00393705721945, 0.000839967222419, 0.000990281580016, -0.00730963796377, 0.0131416888908, -0.00297438330017, 0.00165645941161], [-6.99914598954e-005, 0.000991025706753, -0.000430943706306, 1.42934904943e-005, -0.000218914981815, 0.00130146148149, -0.000348794070305, 0.000937822391279, -0.00257454672828, -0.000400293036364, -0.00297438330017, 0.0134461093694, -0.00206796755083], [0.000103630816739, -0.000965840590652, 9.38097582548e-005, -0.000305384281091, -0.000445560348453, 0.00105995032936, -0.000606220739428, 9.71882400336e-005, -0.000159177652677, -0.000884231412783, 0.00165645941161, -0.00206796755083, 0.0106547996402]]
    },
    "melbands": {
        "mean": [0.00504393642768, 0.00439069606364, 0.00259233778343, 0.000825765659101, 0.00023155893723, 0.000135799738928, 0.000128006824525, 0.000121759738249, 7.81372509664e-005, 6.5638392698e-005, 2.95821355394e-005, 1.23601139421e-005, 1.11648760139e-005, 1.27353687276e-005, 1.36844182634e-005, 2.85954065475e-005, 6.96557754054e-006, 5.53562585992e-006, 4.70532995678e-006, 6.308083357e-006, 5.86381884204e-006, 8.80995594343e-006, 1.13657606562e-005, 6.05472405368e-006, 2.47026241595e-006, 1.94750305127e-006, 1.90596290395e-006, 2.06775621336e-006, 1.6565312535e-006, 1.26416432522e-006, 1.34504284688e-006, 1.99266082745e-006, 2.05313767765e-006, 1.29129250581e-006, 1.48573815295e-006, 1.47407195072e-006, 1.31657236579e-006, 9.45615568071e-007, 7.09380060471e-007, 5.76368734073e-007],
        "var": [8.40974316816e-005, 7.74528016336e-005, 5.07238582941e-005, 4.30326736023e-006, 3.11844331691e-007, 5.03094419457e-008, 6.68959998507e-008, 5.52236940621e-008, 3.36911192278e-008, 1.76197492152e-008, 2.39246622513e-009, 4.110278784e-010, 2.64513855264e-010, 4.09094924603e-010, 6.23349538653e-010, 5.67819302688e-009, 2.20126653017e-010, 1.72770242557e-010, 2.88183976682e-010, 8.85775952586e-010, 4.38726860397e-010, 1.08641140528e-009, 6.46465825316e-010, 1.59172883207e-010, 4.30943995766e-011, 1.78287887925e-011, 1.48217341178e-011, 1.08357827919e-011, 6.62701230697e-012, 4.22044647494e-012, 5.01525123514e-012, 1.00510736886e-011, 1.56921819289e-011, 4.42520846355e-012, 6.05330282427e-012, 6.56328854112e-012, 4.36033414236e-012, 2.27711491156e-012, 1.25401609669e-012, 8.13837766709e-013]
    },
    "mfcc": {
        "mean": [-754.338684082, 104.778335571, 36.8353767395, 20.2995605469, 7.42299938202, 11.4856815338, 3.96571040154, 9.34482192993, 0.584758758545, 1.60206592083, 7.81821632385, 10.8019647598, -1.55944752693],
        "cov": [[21935.8984375, 1629.78955078, 320.999389648, 948.912780762, 300.722106934, 214.736831665, -230.812850952, -73.4822692871, -159.290390015, 5.73973178864, -404.848846436, -309.200012207, -372.609100342], [1629.78955078, 2061.48486328, 388.054962158, 269.439697266, 54.1799545288, 285.450469971, 119.12815094, 125.001213074, 166.396148682, 157.975372314, -19.1088466644, 33.4022064209, 77.9507598877], [320.999389648, 388.054962158, 1082.3293457, 236.698913574, 176.433105469, 453.488739014, 161.31427002, 111.48764801, 146.651123047, 109.305366516, 29.1078681946, -27.0764198303, 37.3045082092], [948.912780762, 269.439697266, 236.698913574, 666.22668457, 345.876281738, 74.1982421875, 71.0693969727, 96.6110839844, 20.0278644562, -20.2111854553, -2.79947519302, 26.4029006958, 98.2214431763], [300.722106934, 54.1799545288, 176.433105469, 345.876281738, 426.292755127, 176.85369873, 118.268440247, 70.5002059937, 69.1772460938, 25.6804199219, 27.1449108124, 63.2271881104, 75.5585403442], [214.736831665, 285.450469971, 453.488739014, 74.1982421875, 176.85369873, 616.123779297, 211.455230713, 79.111289978, 78.1825332642, 82.583984375, 18.8585700989, 46.4590568542, 0.17352245748], [-230.812850952, 119.12815094, 161.31427002, 71.0693969727, 118.268440247, 211.455230713, 253.140258789, 90.8301239014, 51.9804878235, 72.2588500977, 63.8173332214, 72.4275283813, 26.62458992], [-73.4822692871, 125.001213074, 111.48764801, 96.6110839844, 70.5002059937, 79.111289978, 90.8301239014, 194.410079956, 110.596328735, 51.2029457092, 77.2007369995, 58.0641136169, 40.5500144958], [-159.290390015, 166.396148682, 146.651123047, 20.0278644562, 69.1772460938, 78.1825332642, 51.9804878235, 110.596328735, 211.568939209, 131.500320435, 47.0215644836, 48.8206558228, 57.9235038757], [5.73973178864, 157.975372314, 109.305366516, -20.2111854553, 25.6804199219, 82.583984375, 72.2588500977, 51.2029457092, 131.500320435, 171.986694336, 74.2582092285, 51.5644454956, 57.4656333923], [-404.848846436, -19.1088466644, 29.1078681946, -2.79947519302, 27.1449108124, 18.8585700989, 63.8173332214, 77.2007369995, 47.0215644836, 74.2582092285, 209.654434204, 130.836090088, 60.8336715698], [-309.200012207, 33.4022064209, -27.0764198303, 26.4029006958, 63.2271881104, 46.4590568542, 72.4275283813, 58.0641136169, 48.8206558228, 51.5644454956, 130.836090088, 192.207687378, 90.3382263184], [-372.609100342, 77.9507598877, 37.3045082092, 98.2214431763, 75.5585403442, 0.17352245748, 26.62458992, 40.5500144958, 57.9235038757, 57.4656333923, 60.8336715698, 90.3382263184, 159.07409668]],
        "icov": [[6.29833957646e-005, -3.90904278902e-005, -1.10822782062e-006, -0.000111924964585, -3.70882844436e-005, -9.22196886677e-006, 0.000168118596775, -7.86368909758e-005, 0.000204288779059, -0.000296928657917, 0.000142184420838, -0.000103908008896, 0.000283100758679], [-3.90904278902e-005, 0.000665322644636, -3.68045257346e-005, -0.000384525541449, 0.000508693512529, -0.000243985879933, -8.55635662447e-005, -7.43514538044e-005, -0.000268642819719, -0.000361483806046, 0.000337936915457, -0.000160336130648, -0.00018938856374], [-1.10822782062e-006, -3.68045257346e-005, 0.00174400606193, -0.000680714962073, 0.00044245866593, -0.00128270674031, -0.000206925979001, 0.000445100915385, -0.00123836100101, 0.000418713636464, -0.00100780511275, 0.00155594956595, -0.000459381059045], [-0.000111924964585, -0.000384525541449, -0.000680714962073, 0.00402341550216, -0.00306811300106, 0.000968972803093, 4.56728776044e-005, -0.00182854174636, 0.00174127670471, 0.000717478164006, 0.000469547783723, 0.00044411761337, -0.00180867337622], [-3.70882844436e-005, 0.000508693512529, 0.00044245866593, -0.00306811300106, 0.00590607710183, -0.00138276896905, -0.00152448774315, 0.00182619458064, -0.00314347492531, 0.00170652614906, -0.000539728265721, -0.000210430342122, -0.000705606071278], [-9.22196886677e-006, -0.000243985879933, -0.00128270674031, 0.000968972803093, -0.00138276896905, 0.00360704842024, -0.00153949006926, -0.000516817031894, 0.00101597339381, -0.000847680377774, 0.00128432188649, -0.00137390603777, 0.00106811127625], [0.000168118596775, -8.55635662447e-005, -0.000206925979001, 4.56728776044e-005, -0.00152448774315, -0.00153949006926, 0.00825305096805, -0.00363406399265, 0.0039238142781, -0.00463849352673, 0.00117630593013, -0.00230234116316, 0.00183141848538], [-7.86368909758e-005, -7.43514538044e-005, 0.000445100915385, -0.00182854174636, 0.00182619458064, -0.000516817031894, -0.00363406399265, 0.012018323876, -0.00882506463677, 0.00597311602905, -0.00470728147775, 0.00151919131167, -0.000452242442407], [0.000204288779059, -0.000268642819719, -0.00123836100101, 0.00174127670471, -0.00314347492531, 0.00101597339381, 0.0039238142781, -0.00882506463677, 0.0172118730843, -0.0125985750929, 0.00513013219461, -0.00298143690452, 0.000925475964323], [-0.000296928657917, -0.000361483806046, 0.000418713636464, 0.000717478164006, 0.00170652614906, -0.000847680377774, -0.00463849352673, 0.00597311602905, -0.0125985750929, 0.0191747378558, -0.00662906840444, 0.00387161271647, -0.00461846683174], [0.000142184420838, 0.000337936915457, -0.00100780511275, 0.000469547783723, -0.000539728265721, 0.00128432188649, 0.00117630593013, -0.00470728147775, 0.00513013219461, -0.00662906840444, 0.0120858028531, -0.00772367184982, 0.00166299915873], [-0.000103908008896, -0.000160336130648, 0.00155594956595, 0.00044411761337, -0.000210430342122, -0.00137390603777, -0.00230234116316, 0.00151919131167, -0.00298143690452, 0.00387161271647, -0.00772367184982, 0.0137741258368, -0.00588600430638], [0.000283100758679, -0.00018938856374, -0.000459381059045, -0.00180867337622, -0.000705606071278, 0.00106811127625, 0.00183141848538, -0.000452242442407, 0.000925475964323, -0.00461846683174, 0.00166299915873, -0.00588600430638, 0.0124476859346]]
    },
    "spectral_contrast_coeffs": {
        "mean": [-0.67181122303, -0.783902347088, -0.805729210377, -0.807693600655, -0.811869561672, -0.79890024662],
        "var": [0.0119167426601, 0.00677798176184, 0.00658023264259, 0.00395591696724, 0.00295262015425, 0.00323282531463]
    },
    "spectral_contrast_valleys": {
        "mean": [-7.98606586456, -7.68405628204, -8.529337883, -9.04850101471, -8.92884540558, -10.7448205948],
        "var": [4.47784996033, 2.98462963104, 2.53667497635, 2.52011680603, 2.90977954865, 3.09086060524]
    }
},
"metadata": {
    "audio_properties": {
        "analysis_sample_rate": 44100,
        "bit_rate": 128074,
        "equal_loudness": 0,
        "length": 45.0612258911,
        "lossless": 0,
        "replay_gain": -6.53008079529,
        "sample_rate": 44100,
        "codec": "mp3",
        "downmix": "mix",
        "md5_encoded": "0cf27d96ec600a56a5effc5e9248fa33"
    },
    "tags": {
        "file_name": "1076.mp3"
    },
    "version": {
        "essentia": "2.1-beta2",
        "essentia_git_sha": "v2.1_beta2",
        "extractor": "music 1.0"
    }
},
"rhythm": {
    "beats_count": 89,
    "beats_loudness": {
        "mean": 0.0922424122691,
        "var": 0.00142264110036
    },
    "bpm": 119.914451599,
    "bpm_histogram_first_peak_bpm": {
        "mean": 120,
        "var": 0
    },
    "bpm_histogram_first_peak_spread": {
        "mean": 0.388235300779,
        "var": 0
    },
    "bpm_histogram_first_peak_weight": {
        "mean": 0.590909063816,
        "var": 0
    },
    "bpm_histogram_second_peak_bpm": {
        "mean": 108,
        "var": 0
    },
    "bpm_histogram_second_peak_spread": {
        "mean": 0,
        "var": 0
    },
    "bpm_histogram_second_peak_weight": {
        "mean": 0.0227272734046,
        "var": 0
    },
    "danceability": 1.8434497118,
    "onset_rate": 4.45858764648,
    "beats_loudness_band_ratio": {
        "mean": [0.878467023373, 0.0341909267008, 0.0453526042402, 0.0182686205953, 0.0166714824736, 0.0149987591431],
        "var": [0.0270642638206, 0.00245350040495, 0.00706215109676, 0.000709399406333, 0.000677922565956, 0.000319316284731]
    },
    "beats_position": [0.545668900013, 1.10294783115, 1.66022670269, 2.18267560005, 2.69351458549, 3.19274377823, 3.69197273254, 4.19120168686, 4.69043064117, 5.18965959549, 5.6888885498, 6.19972801208, 6.6989569664, 7.19818592072, 7.6858048439, 8.19664382935, 8.6958732605, 9.19510173798, 9.70594120026, 10.1935596466, 10.6927890778, 11.1920175552, 11.7028570175, 12.2136955261, 12.7013149261, 13.2005443573, 13.6997728348, 14.1873922348, 14.6982307434, 15.1974601746, 15.696688652, 16.2075271606, 16.6951465607, 17.1943759918, 17.693605423, 18.1928348541, 18.6920623779, 19.2029018402, 19.7021312714, 20.2013607025, 20.6889801025, 21.1882076263, 21.6874370575, 22.1982765198, 22.6975059509, 23.1967334747, 23.6843528748, 24.195192337, 24.7060317993, 25.1936511993, 25.7044887543, 26.1921081543, 26.7029476166, 27.2021770477, 27.7014045715, 28.2006340027, 28.6998634338, 29.199092865, 29.6983222961, 30.1859397888, 30.6967792511, 31.1960086823, 31.6952381134, 32.1944656372, 32.6936950684, 33.1929244995, 33.6921539307, 34.1913833618, 34.690612793, 35.1898422241, 35.6890678406, 36.1882972717, 36.6875267029, 37.1983680725, 37.6859855652, 38.1968231201, 38.6844444275, 39.1952819824, 39.6945114136, 40.1937408447, 40.6929702759, 41.192199707, 41.6914291382, 42.1906585693, 42.6898841858, 43.1891136169, 43.6999549866, 44.2107925415, 44.7216300964]
},
"tonal": {
    "chords_changes_rate": 0.102880656719,
    "chords_number_rate": 0.00720164598897,
    "chords_strength": {
        "mean": 0.476445138454,
        "var": 0.00599453644827
    },
    "hpcp_entropy": {
        "mean": 2.06307244301,
        "var": 0.763644397259
    },
    "key_strength": 0.615679264069,
    "tuning_diatonic_strength": 0.51782476902,
    "tuning_equal_tempered_deviation": 0.157610207796,
    "tuning_frequency": 434.193115234,
    "tuning_nontempered_energy_ratio": 0.832059323788,
    "hpcp": {
        "mean": [0.0526311919093, 0.0433340184391, 0.0576908364892, 0.0832500010729, 0.0725700780749, 0.0489937998354, 0.0589947253466, 0.0851916000247, 0.11687348038, 0.159609660506, 0.129039853811, 0.0625340640545, 0.0464998707175, 0.046171169728, 0.0497808642685, 0.0503696538508, 0.0577030666173, 0.107223987579, 0.160905852914, 0.139953687787, 0.0977216288447, 0.102362811565, 0.14424584806, 0.301127105951, 0.433717548847, 0.285465300083, 0.111895442009, 0.0676333457232, 0.0401002243161, 0.0411704480648, 0.0558834709227, 0.059218749404, 0.0460699535906, 0.0460703261197, 0.0510630495846, 0.0537069179118],
        "var": [0.021699808538, 0.0169675648212, 0.0262355674058, 0.0416602753103, 0.0289196204394, 0.0206723250449, 0.0275759566575, 0.046738166362, 0.0452709496021, 0.0723578035831, 0.0532042905688, 0.0245557818562, 0.022254884243, 0.0205245893449, 0.0223192684352, 0.0205067861825, 0.021912612021, 0.0492120049894, 0.0892709940672, 0.0653588026762, 0.0437623970211, 0.0481797270477, 0.0706486850977, 0.10225725919, 0.178224012256, 0.0948247164488, 0.0503402128816, 0.033629335463, 0.0156272500753, 0.0175184421241, 0.0178800933063, 0.0244552660733, 0.018076883629, 0.0189671572298, 0.0198338367045, 0.0182514544576]
    },
    "chords_histogram": [2.67489719391, 0.102880656719, 56.8930053711, 1.23456788063, 0.411522626877, 0, 0, 3.70370364189, 3.29218101501, 29.9382724762, 0, 0, 0, 0, 0, 0, 0, 0, 1.74897122383, 0, 0, 0, 0, 0],
    "thpcp": [1, 0.658182501793, 0.257991492748, 0.15593868494, 0.0924570038915, 0.0949245616794, 0.128847613931, 0.136537596583, 0.106221094728, 0.106221958995, 0.117733418941, 0.123829245567, 0.121348999441, 0.0999129936099, 0.133014768362, 0.191945195198, 0.167321056128, 0.112962454557, 0.136021077633, 0.196421846747, 0.269469112158, 0.368003696203, 0.297520488501, 0.144181534648, 0.107212334871, 0.106454461813, 0.11477714777, 0.116134688258, 0.133042961359, 0.247220769525, 0.370992273092, 0.322683930397, 0.225311681628, 0.236012607813, 0.332580149174, 0.69429308176],
    "chords_key": "F",
    "chords_scale": "minor",
    "key_key": "A#",
    "key_scale": "minor"
}
}