{
"lowlevel": {
    "average_loudness": 0.903892815113,
    "barkbands_crest": {
        "mean": 14.2385931015,
        "var": 33.5649108887
    },
    "barkbands_flatness_db": {
        "mean": 0.257583171129,
        "var": 0.0148099558428
    },
    "barkbands_kurtosis": {
        "mean": 22.5070724487,
        "var": 7397.36425781
    },
    "barkbands_skewness": {
        "mean": 2.70980644226,
        "var": 7.39996051788
    },
    "barkbands_spread": {
        "mean": 12.1175880432,
        "var": 191.778656006
    },
    "dissonance": {
        "mean": 0.420496553183,
        "var": 0.00422096438706
    },
    "dynamic_complexity": 5.73370933533,
    "erbbands_crest": {
        "mean": 11.6123685837,
        "var": 34.6244316101
    },
    "erbbands_flatness_db": {
        "mean": 0.224243924022,
        "var": 0.00787994358689
    },
    "erbbands_kurtosis": {
        "mean": 4.15827989578,
        "var": 69.9358673096
    },
    "erbbands_skewness": {
        "mean": 0.924648880959,
        "var": 1.97190642357
    },
    "erbbands_spread": {
        "mean": 31.7727127075,
        "var": 713.705444336
    },
    "hfc": {
        "mean": 12.6511507034,
        "var": 290.701873779
    },
    "melbands_crest": {
        "mean": 17.2202014923,
        "var": 30.9335365295
    },
    "melbands_flatness_db": {
        "mean": 0.338540375233,
        "var": 0.0220572222024
    },
    "melbands_kurtosis": {
        "mean": 31.9555778503,
        "var": 3804.25439453
    },
    "melbands_skewness": {
        "mean": 3.33133840561,
        "var": 7.334400177
    },
    "melbands_spread": {
        "mean": 14.7146224976,
        "var": 673.238891602
    },
    "pitch_salience": {
        "mean": 0.496936649084,
        "var": 0.0351670905948
    },
    "silence_rate_20dB": {
        "mean": 1,
        "var": 0
    },
    "silence_rate_30dB": {
        "mean": 0.908341944218,
        "var": 0.0832575559616
    },
    "silence_rate_60dB": {
        "mean": 0.231204941869,
        "var": 0.177750408649
    },
    "spectral_centroid": {
        "mean": 917.171813965,
        "var": 1260858.875
    },
    "spectral_complexity": {
        "mean": 9.86869239807,
        "var": 91.500213623
    },
    "spectral_decrease": {
        "mean": -1.02485762099e-008,
        "var": 1.28502984616e-016
    },
    "spectral_energy": {
        "mean": 0.0398279689252,
        "var": 0.00191217637621
    },
    "spectral_energyband_high": {
        "mean": 0.000567839597352,
        "var": 2.69642373496e-006
    },
    "spectral_energyband_low": {
        "mean": 0.0261512566358,
        "var": 0.0013213098282
    },
    "spectral_energyband_middle_high": {
        "mean": 0.00168614077847,
        "var": 8.40881148179e-006
    },
    "spectral_energyband_middle_low": {
        "mean": 0.0130793480203,
        "var": 0.000251273653703
    },
    "spectral_entropy": {
        "mean": 6.70738697052,
        "var": 1.04056370258
    },
    "spectral_flux": {
        "mean": 0.0820683836937,
        "var": 0.00594740733504
    },
    "spectral_kurtosis": {
        "mean": 19.8039550781,
        "var": 1005.43603516
    },
    "spectral_rms": {
        "mean": 0.00506304297596,
        "var": 1.32221075546e-005
    },
    "spectral_rolloff": {
        "mean": 1240.35791016,
        "var": 7031628
    },
    "spectral_skewness": {
        "mean": 2.88845252991,
        "var": 4.48428583145
    },
    "spectral_spread": {
        "mean": 4298460,
        "var": 1.54525803479e+013
    },
    "spectral_strongpeak": {
        "mean": 0.576322078705,
        "var": 0.225349888206
    },
    "zerocrossingrate": {
        "mean": 0.0467955470085,
        "var": 0.00491791777313
    },
    "barkbands": {
        "mean": [0.000179028953426, 0.0193850640208, 0.00507711526006, 0.00232493714429, 0.00358583265916, 0.00320835202001, 0.00163458823226, 0.0012099010637, 0.000763418152928, 0.000488103745738, 0.000436216912931, 0.000282117514871, 7.34994173399e-005, 0.000132292814669, 0.000113127651275, 8.69271389092e-005, 6.44536412437e-005, 7.58043897804e-005, 0.000101157500467, 0.000100127872429, 0.000144237856148, 0.000111766639748, 0.000112570392957, 7.35821886337e-005, 4.7556561185e-005, 1.5040434846e-005, 1.16788669402e-006],
        "var": [1.34999652346e-007, 0.00087249831995, 0.000223844108405, 2.47205589403e-005, 2.7045411116e-005, 3.2330659451e-005, 9.97143433779e-006, 8.76339436218e-006, 4.2100355131e-006, 1.26966961034e-006, 1.00686520454e-006, 6.68621851219e-007, 3.3889957507e-008, 1.50305524471e-007, 4.16227763367e-008, 3.49721958059e-008, 2.76689533507e-008, 4.08496596549e-008, 9.35555561909e-008, 7.34408232006e-008, 2.34384998521e-007, 1.84666575365e-007, 3.49655181253e-007, 3.77555728903e-008, 1.6712611739e-008, 1.78251968741e-009, 1.33028917743e-011]
    },
    "erbbands": {
        "mean": [0.399111926556, 4.81458854675, 7.10374689102, 7.76565170288, 7.83470821381, 12.756072998, 22.8127632141, 24.0106391907, 22.9394416809, 31.6737670898, 21.7875404358, 16.7715148926, 19.3384532928, 12.8492822647, 14.3313579559, 12.6425590515, 4.63697719574, 7.14680337906, 4.74793720245, 5.5647687912, 4.64096641541, 3.54376840591, 3.54550719261, 5.25915527344, 4.98019790649, 4.31106996536, 5.93222856522, 5.48065853119, 4.18998527527, 3.38904833794, 3.38585615158, 1.57698369026, 1.25783538818, 0.670881450176, 0.262200891972, 0.0887407511473, 0.021765395999, 0.00434248708189, 0.000139004565426, 4.85124255647e-005],
        "var": [0.364920139313, 57.8322105408, 237.831924438, 286.236785889, 153.11164856, 361.590057373, 1705.9453125, 2051.80102539, 1450.36022949, 7224.69482422, 2303.59448242, 2367.41235352, 2059.01538086, 788.414367676, 1107.19384766, 1401.3293457, 133.487197876, 454.951538086, 72.1219406128, 99.2578430176, 97.6659851074, 81.7780227661, 74.6800384521, 243.148406982, 196.734680176, 145.712524414, 404.156860352, 343.003204346, 237.120773315, 198.21131897, 396.502746582, 18.2860794067, 11.7952327728, 3.44804573059, 0.507322251797, 0.0623143278062, 0.00379430409521, 0.000152937544044, 1.33003013048e-007, 2.82220447012e-009]
    },
    "gfcc": {
        "mean": [-135.817169189, 116.945785522, -84.2041168213, 20.4255542755, -60.0216636658, 1.34912025928, -38.5780181885, 1.23197698593, -19.8892097473, 1.70179331303, -10.5820798874, -3.33719968796, -4.02565860748],
        "cov": [[34115.7109375, 2826.92626953, 463.53994751, 2341.88818359, -674.024902344, 926.415039063, -398.653289795, 843.042541504, 37.2713012695, 123.75969696, -147.187286377, -130.613006592, -201.468612671], [2826.92626953, 4846.45800781, 1206.94775391, -300.221313477, 601.945251465, -509.584655762, 641.224304199, 13.2202186584, 766.198730469, -211.681884766, 461.342254639, -130.493240356, 371.125396729], [463.53994751, 1206.94775391, 2170.75585938, 631.939025879, 393.654907227, 155.040542603, 366.340484619, 185.767105103, 400.998626709, 62.8994674683, 172.319381714, -0.265218943357, 54.5741577148], [2341.88818359, -300.221313477, 631.939025879, 1901.01953125, -61.5489044189, -57.7096099854, -92.7919158936, -97.3287963867, 198.701187134, -68.3769302368, 45.0752830505, -202.798858643, -39.1487159729], [-674.024902344, 601.945251465, 393.654907227, -61.5489044189, 982.258911133, 228.961227417, 259.830413818, 177.77835083, 173.185440063, 146.574935913, 136.878845215, -26.4102535248, 44.1126365662], [926.415039063, -509.584655762, 155.040542603, -57.7096099854, 228.961227417, 678.814758301, 193.355545044, 225.818725586, -74.7179107666, 152.393096924, -38.1035385132, 63.5636405945, -78.0695343018], [-398.653289795, 641.224304199, 366.340484619, -92.7919158936, 259.830413818, 193.355545044, 532.936523438, 142.977859497, 178.721954346, 39.2373352051, 95.3360214233, -21.8331871033, 68.2649078369], [843.042541504, 13.2202186584, 185.767105103, -97.3287963867, 177.77835083, 225.818725586, 142.977859497, 293.18939209, 75.8333511353, 108.43421936, 2.89247393608, 25.7354927063, -28.916053772], [37.2713012695, 766.198730469, 400.998626709, 198.701187134, 173.185440063, -74.7179107666, 178.721954346, 75.8333511353, 396.619232178, 40.1941833496, 162.086395264, -86.4609222412, 51.6128997803], [123.75969696, -211.681884766, 62.8994674683, -68.3769302368, 146.574935913, 152.393096924, 39.2373352051, 108.43421936, 40.1941833496, 247.136138916, 40.6862983704, 12.4135723114, -25.4173717499], [-147.187286377, 461.342254639, 172.319381714, 45.0752830505, 136.878845215, -38.1035385132, 95.3360214233, 2.89247393608, 162.086395264, 40.6862983704, 207.933868408, -6.05160427094, 31.1347408295], [-130.613006592, -130.493240356, -0.265218943357, -202.798858643, -26.4102535248, 63.5636405945, -21.8331871033, 25.7354927063, -86.4609222412, 12.4135723114, -6.05160427094, 187.993789673, 33.9435501099], [-201.468612671, 371.125396729, 54.5741577148, -39.1487159729, 44.1126365662, -78.0695343018, 68.2649078369, -28.916053772, 51.6128997803, -25.4173717499, 31.1347408295, 33.9435501099, 182.121994019]],
        "icov": [[8.9031389507e-005, -0.000243979535298, 0.000109032800538, -0.000235880143009, 0.000182935938938, -0.0002479130344, 0.000249537464697, -0.000414260197431, 0.000267453695415, -0.000210556041566, 0.000109186803456, -4.17514020228e-005, 8.63346431288e-005], [-0.000243979535298, 0.00122797605582, -0.00051830871962, 0.000912577903364, -0.000653137278277, 0.000967456609942, -0.000895374570973, 0.00111203931738, -0.00120621861424, 0.00123517157044, -0.000836462015286, 0.000466452242108, -0.000765391509049], [0.000109032800538, -0.00051830871962, 0.000938963552471, -0.000661756901536, 0.000139879615745, -0.000429685023846, 7.92849386926e-005, -0.000604155764449, -4.95933491038e-005, -0.000465304736281, 0.000435480615124, -0.000795876665507, 0.000432486616774], [-0.000235880143009, 0.000912577903364, -0.000661756901536, 0.00152086757589, -0.000447656057077, 0.000503610761371, -0.000343586259987, 0.00138262275141, -0.00120532407891, 0.00107812706847, -0.000607587222476, 0.00109778705519, -0.00053141254466], [0.000182935938938, -0.000653137278277, 0.000139879615745, -0.000447656057077, 0.00187251449097, -0.000933980743866, 0.00044020198402, -0.00125027250033, 0.000741237716284, -0.000964147446211, -0.00037857904681, 0.000417014525738, -0.000179874448804], [-0.0002479130344, 0.000967456609942, -0.000429685023846, 0.000503610761371, -0.000933980743866, 0.00379090569913, -0.0019887178205, -0.000190324819414, 0.000257594307186, -0.000112851412268, -0.000135565845994, -0.000562143570278, 0.000596963393036], [0.000249537464697, -0.000895374570973, 7.92849386926e-005, -0.000343586259987, 0.00044020198402, -0.0019887178205, 0.00419198768213, -0.00181692966726, 0.000137422190164, -2.54923634202e-005, -0.000310260715196, 0.000881121668499, -0.000969557266217], [-0.000414260197431, 0.00111203931738, -0.000604155764449, 0.00138262275141, -0.00125027250033, -0.000190324819414, -0.00181692966726, 0.00837372709066, -0.00340048642829, -0.000381465360988, 0.00151013571303, -0.00113748537842, 0.000849981792271], [0.000267453695415, -0.00120621861424, -4.95933491038e-005, -0.00120532407891, 0.000741237716284, 0.000257594307186, 0.000137422190164, -0.00340048642829, 0.0076179089956, -0.00154892413411, -0.00279423058964, 0.0021434884984, -0.000447764934506], [-0.000210556041566, 0.00123517157044, -0.000465304736281, 0.00107812706847, -0.000964147446211, -0.000112851412268, -2.54923634202e-005, -0.000381465360988, -0.00154892413411, 0.00694881053641, -0.00214925035834, 0.000692930538207, -0.000597575621214], [0.000109186803456, -0.000836462015286, 0.000435480615124, -0.000607587222476, -0.00037857904681, -0.000135565845994, -0.000310260715196, 0.00151013571303, -0.00279423058964, -0.00214925035834, 0.0091838426888, -0.00249948212877, 0.00134160730522], [-4.17514020228e-005, 0.000466452242108, -0.000795876665507, 0.00109778705519, 0.000417014525738, -0.000562143570278, 0.000881121668499, -0.00113748537842, 0.0021434884984, 0.000692930538207, -0.00249948212877, 0.00872032903135, -0.00308382953517], [8.63346431288e-005, -0.000765391509049, 0.000432486616774, -0.00053141254466, -0.000179874448804, 0.000596963393036, -0.000969557266217, 0.000849981792271, -0.000447764934506, -0.000597575621214, 0.00134160730522, -0.00308382953517, 0.00808894447982]]
    },
    "melbands": {
        "mean": [0.00471157301217, 0.0049434020184, 0.00131825741846, 0.000720440817531, 0.000761712377425, 0.000564143410884, 0.000347432884155, 0.000332898023771, 0.000172911139089, 0.000102394151327, 9.2401081929e-005, 4.6313918574e-005, 4.85987293359e-005, 3.59417645086e-005, 2.18683671847e-005, 6.23880760031e-006, 1.49785291796e-005, 6.30057047601e-006, 9.84415055427e-006, 6.49307276035e-006, 5.02649118062e-006, 3.64704078493e-006, 3.19931268677e-006, 3.59739419764e-006, 4.31327453043e-006, 3.9857604861e-006, 2.93307766697e-006, 2.8938820833e-006, 3.81016843676e-006, 3.65618416254e-006, 2.94371716336e-006, 2.49143522524e-006, 1.90486423435e-006, 1.84189229913e-006, 2.18049945033e-006, 1.21071047943e-006, 8.78298465068e-007, 9.36937681217e-007, 7.50186757159e-007, 4.99835152823e-007],
        "var": [4.8715970479e-005, 6.8501009082e-005, 6.94939944879e-006, 1.07594712517e-006, 1.67699124631e-006, 1.04262414879e-006, 3.28833920094e-007, 7.86372652328e-007, 1.53808073833e-007, 9.80503074288e-008, 4.81767550298e-008, 1.05804724981e-008, 1.23898038495e-008, 8.97910990005e-009, 4.56463933318e-009, 3.3072913852e-010, 2.31347274671e-009, 1.4878412391e-010, 3.24899440685e-010, 1.88039944726e-010, 1.26932769851e-010, 8.63104102078e-011, 7.59317539401e-011, 9.63883417526e-011, 1.65476465863e-010, 1.77047265737e-010, 4.63819815888e-011, 7.49820067147e-011, 1.65192817758e-010, 1.75730902052e-010, 1.06115741194e-010, 8.9292268024e-011, 5.60470975186e-011, 6.69245145413e-011, 2.31172428422e-010, 2.0069841622e-011, 5.25920539757e-012, 6.22344623752e-012, 5.16511573095e-012, 1.86335235436e-012]
    },
    "mfcc": {
        "mean": [-779.306945801, 147.616516113, 30.1065254211, 21.5249767303, 2.74337553978, -1.35902738571, -5.73749399185, -5.11548900604, -3.8399875164, 3.63554549217, -5.91989183426, -8.54645633698, 2.9833688736],
        "cov": [[19468.8945313, 747.588806152, 894.13861084, 1212.39123535, 450.507507324, 494.00894165, 247.318603516, 468.973205566, 262.43649292, 90.1946411133, 232.017562866, 627.811889648, -31.8062973022], [747.588806152, 5222.08056641, 568.231506348, -18.9849300385, 256.415222168, -100.829475403, 184.612136841, 304.901519775, 300.938842773, 305.430603027, 177.967590332, 137.211486816, 312.13885498], [894.13861084, 568.231506348, 1738.93054199, 735.437255859, 195.819778442, 179.968338013, 20.006439209, 130.994567871, 180.127929688, -16.4587440491, 129.908676147, 299.253295898, 51.1198654175], [1212.39123535, -18.9849300385, 735.437255859, 1311.33044434, 364.123931885, 138.04914856, -98.9681015015, -28.1643466949, 57.2883834839, 10.2418651581, 69.2344741821, 158.711364746, 14.7099075317], [450.507507324, 256.415222168, 195.819778442, 364.123931885, 629.357666016, 186.919815063, 114.153923035, 67.4221801758, 59.0332374573, 132.478759766, 117.645820618, 68.454246521, 75.3118209839], [494.00894165, -100.829475403, 179.968338013, 138.04914856, 186.919815063, 364.685913086, 227.099853516, 79.6298828125, 105.243133545, 93.864692688, 70.8693084717, 93.7053070068, 42.8988990784], [247.318603516, 184.612136841, 20.006439209, -98.9681015015, 114.153923035, 227.099853516, 398.296966553, 164.748626709, 124.353057861, 146.904296875, 63.6562271118, 32.711227417, 54.5205917358], [468.973205566, 304.901519775, 130.994567871, -28.1643466949, 67.4221801758, 79.6298828125, 164.748626709, 259.275512695, 133.897521973, 34.2422866821, 85.7508163452, 78.7375640869, 15.2536430359], [262.43649292, 300.938842773, 180.127929688, 57.2883834839, 59.0332374573, 105.243133545, 124.353057861, 133.897521973, 248.597671509, 109.710983276, 24.3233699799, 77.9691696167, 46.8725967407], [90.1946411133, 305.430603027, -16.4587440491, 10.2418651581, 132.478759766, 93.864692688, 146.904296875, 34.2422866821, 109.710983276, 351.290710449, 142.079437256, -45.6628189087, 46.0131034851], [232.017562866, 177.967590332, 129.908676147, 69.2344741821, 117.645820618, 70.8693084717, 63.6562271118, 85.7508163452, 24.3233699799, 142.079437256, 291.744476318, 89.3365631104, -43.2974662781], [627.811889648, 137.211486816, 299.253295898, 158.711364746, 68.454246521, 93.7053070068, 32.711227417, 78.7375640869, 77.9691696167, -45.6628189087, 89.3365631104, 283.739532471, 75.7514953613], [-31.8062973022, 312.13885498, 51.1198654175, 14.7099075317, 75.3118209839, 42.8988990784, 54.5205917358, 15.2536430359, 46.8725967407, 46.0131034851, -43.2974662781, 75.7514953613, 226.960494995]],
        "icov": [[6.30677532172e-005, -1.1603029634e-005, 1.70424773387e-005, -5.42621455679e-005, 9.93245066638e-006, -6.4899395511e-005, 3.90922541555e-005, -0.000164944853168, 0.00012266181875, -0.000130877320771, 0.000147108279634, -0.00019709917251, 0.000130190121126], [-1.1603029634e-005, 0.000264597241767, -9.66535808402e-005, 5.66083945159e-005, -8.46755210659e-005, 0.000346749642631, -6.4706960984e-005, -0.000124703947222, -0.000199902642635, -6.05783861829e-005, -0.00016676139785, 0.000114410329843, -0.000377377233235], [1.70424773387e-005, -9.66535808402e-005, 0.00094931217609, -0.000473345950013, 0.000134356727358, -0.00026191881625, 0.000115294104035, -0.000149245461216, -0.000306201516651, 0.000186904740985, -0.000125279955682, -0.000522299727891, 0.000115203511086], [-5.42621455679e-005, 5.66083945159e-005, -0.000473345950013, 0.00137149658985, -0.000704763049725, -0.000217591732508, 0.000597385922447, 0.000401151395636, -0.000192977007828, -9.2637630587e-005, 0.000117624942504, -0.000158001523232, 0.000170599771081], [9.93245066638e-006, -8.46755210659e-005, 0.000134356727358, -0.000704763049725, 0.00250113848597, -0.000962167221587, 3.19625796692e-005, -0.000500475696754, 0.000467398611363, -0.000336015509674, -0.00056171475444, 0.000309662660584, -0.000727783481125], [-6.4899395511e-005, 0.000346749642631, -0.00026191881625, -0.000217591732508, -0.000962167221587, 0.00614256272092, -0.00355099653825, 0.00154984137043, -0.00137446424924, 0.000373270740965, -0.000634860247374, -0.000761729315855, -0.000164475728525], [3.90922541555e-005, -6.4706960984e-005, 0.000115294104035, 0.000597385922447, 3.19625796692e-005, -0.00355099653825, 0.00651998119429, -0.00362701667473, 0.000899574311916, -0.00222384370863, 0.00133328326046, -9.43079721765e-005, -8.12008584035e-005], [-0.000164944853168, -0.000124703947222, -0.000149245461216, 0.000401151395636, -0.000500475696754, 0.00154984137043, -0.00362701667473, 0.00945366732776, -0.00506653776392, 0.00390262505971, -0.00391529733315, 0.00118073669728, -0.000620806182269], [0.00012266181875, -0.000199902642635, -0.000306201516651, -0.000192977007828, 0.000467398611363, -0.00137446424924, 0.000899574311916, -0.00506653776392, 0.00978724565357, -0.00521742086858, 0.00472349580377, -0.00358000048436, 0.00173515896313], [-0.000130877320771, -6.05783861829e-005, 0.000186904740985, -9.2637630587e-005, -0.000336015509674, 0.000373270740965, -0.00222384370863, 0.00390262505971, -0.00521742086858, 0.00885728839785, -0.00646206876263, 0.00508085824549, -0.00330501445569], [0.000147108279634, -0.00016676139785, -0.000125279955682, 0.000117624942504, -0.00056171475444, -0.000634860247374, 0.00133328326046, -0.00391529733315, 0.00472349580377, -0.00646206876263, 0.00981342978776, -0.0055508101359, 0.00457917386666], [-0.00019709917251, 0.000114410329843, -0.000522299727891, -0.000158001523232, 0.000309662660584, -0.000761729315855, -9.43079721765e-005, 0.00118073669728, -0.00358000048436, 0.00508085824549, -0.0055508101359, 0.00914846174419, -0.00447565736249], [0.000130190121126, -0.000377377233235, 0.000115203511086, 0.000170599771081, -0.000727783481125, -0.000164475728525, -8.12008584035e-005, -0.000620806182269, 0.00173515896313, -0.00330501445569, 0.00457917386666, -0.00447565736249, 0.00791920349002]]
    },
    "spectral_contrast_coeffs": {
        "mean": [-0.617148160934, -0.713307201862, -0.770288527012, -0.787122309208, -0.803252875805, -0.79633551836],
        "var": [0.0128227462992, 0.00894367694855, 0.00741224410012, 0.00616800738499, 0.00417494121939, 0.00327707640827]
    },
    "spectral_contrast_valleys": {
        "mean": [-8.31774330139, -7.57532644272, -8.7035036087, -9.42911911011, -9.58529758453, -11.8224897385],
        "var": [8.36507225037, 6.05844497681, 5.05935525894, 4.78106403351, 5.37167072296, 5.49615335464]
    }
},
"metadata": {
    "audio_properties": {
        "analysis_sample_rate": 44100,
        "bit_rate": 128074,
        "equal_loudness": 0,
        "length": 45.0612258911,
        "lossless": 0,
        "replay_gain": -5.91922187805,
        "sample_rate": 44100,
        "codec": "mp3",
        "downmix": "mix",
        "md5_encoded": "85d2deb3f738d63fd79b97331ec93013"
    },
    "tags": {
        "file_name": "1077.mp3"
    },
    "version": {
        "essentia": "2.1-beta2",
        "essentia_git_sha": "v2.1_beta2",
        "extractor": "music 1.0"
    }
},
"rhythm": {
    "beats_count": 77,
    "beats_loudness": {
        "mean": 0.0697108581662,
        "var": 0.00133049080614
    },
    "bpm": 102.986000061,
    "bpm_histogram_first_peak_bpm": {
        "mean": 103,
        "var": 0
    },
    "bpm_histogram_first_peak_spread": {
        "mean": 0.184210538864,
        "var": 0
    },
    "bpm_histogram_first_peak_weight": {
        "mean": 0.815789461136,
        "var": 0
    },
    "bpm_histogram_second_peak_bpm": {
        "mean": 0,
        "var": 0
    },
    "bpm_histogram_second_peak_spread": {
        "mean": 0,
        "var": 0
    },
    "bpm_histogram_second_peak_weight": {
        "mean": 0,
        "var": 0
    },
    "danceability": 1.11082339287,
    "onset_rate": 4.52513360977,
    "beats_loudness_band_ratio": {
        "mean": [0.627399563789, 0.196979627013, 0.101157829165, 0.0374724492431, 0.0218130405992, 0.041976492852],
        "var": [0.0342832505703, 0.0184060093015, 0.0105061968789, 0.00149476609658, 0.00044552522013, 0.00218996452168]
    },
    "beats_position": [0.603718817234, 1.19582760334, 1.78793644905, 2.36843538284, 2.94893407822, 3.52943301201, 4.1099319458, 4.69043064117, 5.27092981339, 5.85142850876, 6.43192720413, 7.01242637634, 7.60453510284, 8.19664382935, 8.77714252472, 9.35764122009, 9.93814086914, 10.5186395645, 11.0991382599, 11.6796369553, 12.2601356506, 12.840634346, 13.4327430725, 14.0132427216, 14.6053514481, 15.1858501434, 15.7663488388, 16.3468475342, 16.9273471832, 17.5078449249, 18.088344574, 18.6688423157, 19.2493419647, 19.8298416138, 20.4103393555, 20.9908390045, 21.5829467773, 22.1750564575, 22.7555541992, 23.3360538483, 23.9165534973, 24.497051239, 25.0775508881, 25.6580486298, 26.2385482788, 26.8190479279, 27.3995456696, 27.9916553497, 28.5837631226, 29.1642627716, 29.7447605133, 30.3252601624, 30.9057598114, 31.4862575531, 32.0667572021, 32.6472549438, 33.2277526855, 33.8082542419, 34.4003639221, 34.9808616638, 35.572971344, 36.1534690857, 36.7339668274, 37.3144645691, 37.8949661255, 38.4754638672, 39.0559616089, 39.6364631653, 40.2285690308, 40.8206787109, 41.4011802673, 41.981678009, 42.5621757507, 43.1426734924, 43.7231750488, 44.3036727905, 44.8841705322]
},
"tonal": {
    "chords_changes_rate": 0.0277777779847,
    "chords_number_rate": 0.00720164598897,
    "chords_strength": {
        "mean": 0.653659045696,
        "var": 0.0110858986154
    },
    "hpcp_entropy": {
        "mean": 1.98170483112,
        "var": 0.701366662979
    },
    "key_strength": 0.796526372433,
    "tuning_diatonic_strength": 0.631372094154,
    "tuning_equal_tempered_deviation": 0.11249512434,
    "tuning_frequency": 439.745910645,
    "tuning_nontempered_energy_ratio": 0.744765281677,
    "hpcp": {
        "mean": [0.0654130205512, 0.0723181515932, 0.0879654511809, 0.103757984936, 0.0897830277681, 0.0788343623281, 0.0798110812902, 0.0960574224591, 0.208641722798, 0.273891150951, 0.156844809651, 0.0559544041753, 0.0461913086474, 0.0564714409411, 0.0900802239776, 0.130162119865, 0.155472934246, 0.195486739278, 0.217075541615, 0.183292418718, 0.131456330419, 0.0818727388978, 0.0567563287914, 0.0775920674205, 0.0774552077055, 0.0517564788461, 0.0509514957666, 0.0559519007802, 0.0808624476194, 0.171248823404, 0.211296841502, 0.15351806581, 0.121397778392, 0.10950114578, 0.0814771577716, 0.0612655840814],
        "var": [0.0278190430254, 0.0304461754858, 0.0322323702276, 0.047215487808, 0.0323227234185, 0.0359627492726, 0.0375148355961, 0.0323083549738, 0.0753421634436, 0.132463559508, 0.0570229440928, 0.0188318453729, 0.0163197945803, 0.0215778108686, 0.0372190959752, 0.0631232336164, 0.0763520672917, 0.0842809453607, 0.0910212770104, 0.0815793126822, 0.0734417513013, 0.0391457788646, 0.0221031457186, 0.0406249091029, 0.0382271744311, 0.0165203604847, 0.0222830753773, 0.023942142725, 0.0288660563529, 0.0642350316048, 0.0912686735392, 0.0618775598705, 0.0644973069429, 0.0580727756023, 0.0409039147198, 0.0257747974247]
    },
    "chords_histogram": [68.3127593994, 0, 0, 2.77777767181, 0, 0, 0, 0, 2.46913576126, 1.54320991039, 3.90946507454, 0, 0, 0, 0, 0.514403283596, 0, 0, 0, 0, 0, 0, 6.58436203003, 13.8888893127],
    "thpcp": [1, 0.572653830051, 0.20429430902, 0.168648421764, 0.206182062626, 0.32889059186, 0.475233018398, 0.567644953728, 0.713738799095, 0.792561352253, 0.669216275215, 0.479958295822, 0.298924356699, 0.207222208381, 0.283295273781, 0.282795578241, 0.188967332244, 0.186028271914, 0.204285174608, 0.295235693455, 0.62524408102, 0.771462798119, 0.560507595539, 0.443233668804, 0.399798035622, 0.297480076551, 0.223685890436, 0.238828524947, 0.264039754868, 0.321169376373, 0.378829270601, 0.327805519104, 0.287831008434, 0.291397064924, 0.350713849068, 0.761768758297],
    "chords_key": "C",
    "chords_scale": "minor",
    "key_key": "C",
    "key_scale": "minor"
}
}