{
"lowlevel": {
    "average_loudness": 0.967730939388,
    "barkbands_crest": {
        "mean": 13.0621175766,
        "var": 27.8285980225
    },
    "barkbands_flatness_db": {
        "mean": 0.172352731228,
        "var": 0.00615585455671
    },
    "barkbands_kurtosis": {
        "mean": 25.2939910889,
        "var": 5243.27246094
    },
    "barkbands_skewness": {
        "mean": 3.1263988018,
        "var": 9.43304824829
    },
    "barkbands_spread": {
        "mean": 20.659204483,
        "var": 463.954467773
    },
    "dissonance": {
        "mean": 0.462703645229,
        "var": 0.000914263597224
    },
    "dynamic_complexity": 4.73518562317,
    "erbbands_crest": {
        "mean": 6.98162841797,
        "var": 12.8453273773
    },
    "erbbands_flatness_db": {
        "mean": 0.131905123591,
        "var": 0.00198161462322
    },
    "erbbands_kurtosis": {
        "mean": 0.634115993977,
        "var": 8.90033721924
    },
    "erbbands_skewness": {
        "mean": 0.320354998112,
        "var": 1.00807464123
    },
    "erbbands_spread": {
        "mean": 49.423614502,
        "var": 629.122558594
    },
    "hfc": {
        "mean": 14.6462249756,
        "var": 456.675048828
    },
    "melbands_crest": {
        "mean": 17.9272441864,
        "var": 46.0616073608
    },
    "melbands_flatness_db": {
        "mean": 0.256360143423,
        "var": 0.0111185116693
    },
    "melbands_kurtosis": {
        "mean": 55.9446411133,
        "var": 16160.0810547
    },
    "melbands_skewness": {
        "mean": 4.74920129776,
        "var": 12.7592306137
    },
    "melbands_spread": {
        "mean": 20.6895046234,
        "var": 1397.20263672
    },
    "pitch_salience": {
        "mean": 0.491493135691,
        "var": 0.0227310955524
    },
    "silence_rate_20dB": {
        "mean": 0.984552025795,
        "var": 0.0152091830969
    },
    "silence_rate_30dB": {
        "mean": 0.871266722679,
        "var": 0.112160459161
    },
    "silence_rate_60dB": {
        "mean": 0.255921721458,
        "var": 0.19042365253
    },
    "spectral_centroid": {
        "mean": 1165.01733398,
        "var": 972413.4375
    },
    "spectral_complexity": {
        "mean": 12.2353248596,
        "var": 145.647949219
    },
    "spectral_decrease": {
        "mean": -1.19335510362e-008,
        "var": 4.65708772917e-016
    },
    "spectral_energy": {
        "mean": 0.0463683865964,
        "var": 0.00682786619291
    },
    "spectral_energyband_high": {
        "mean": 0.00074620282976,
        "var": 1.88459125638e-006
    },
    "spectral_energyband_low": {
        "mean": 0.0381188690662,
        "var": 0.00600759265944
    },
    "spectral_energyband_middle_high": {
        "mean": 0.00205215578899,
        "var": 1.59994306159e-005
    },
    "spectral_energyband_middle_low": {
        "mean": 0.00838376767933,
        "var": 0.000350939895725
    },
    "spectral_entropy": {
        "mean": 7.53445243835,
        "var": 0.357066661119
    },
    "spectral_flux": {
        "mean": 0.107428841293,
        "var": 0.0137172052637
    },
    "spectral_kurtosis": {
        "mean": 5.43767499924,
        "var": 21.6121177673
    },
    "spectral_rms": {
        "mean": 0.00494847120717,
        "var": 2.075010525e-005
    },
    "spectral_rolloff": {
        "mean": 1606.46411133,
        "var": 8343842
    },
    "spectral_skewness": {
        "mean": 1.7657636404,
        "var": 0.522517502308
    },
    "spectral_spread": {
        "mean": 5635844.5,
        "var": 7.5028538327e+012
    },
    "spectral_strongpeak": {
        "mean": 0.422940164804,
        "var": 0.18366163969
    },
    "zerocrossingrate": {
        "mean": 0.056632578373,
        "var": 0.00366524001583
    },
    "barkbands": {
        "mean": [0.00152296328451, 0.0254421327263, 0.00824798550457, 0.0042278864421, 0.00209535146132, 0.000950122834183, 0.000487381068524, 0.000307159119984, 0.000279288185993, 0.000172100175405, 0.000132629225845, 0.000184315649676, 0.000164503828273, 0.000287079834379, 0.000262268382357, 0.000229560289881, 0.000166825688211, 0.000211388745811, 0.000164910976309, 0.000171739244252, 0.000121454635519, 0.000107721760287, 9.14944903343e-005, 0.000126696875668, 0.000119128264487, 9.08989750315e-005, 3.4428633171e-006],
        "var": [1.40656675285e-005, 0.00401119142771, 0.000324440101394, 0.000260797649389, 9.09466962185e-006, 2.24979407903e-006, 1.36478001878e-006, 1.11264466796e-006, 4.60963718751e-007, 2.12691389834e-007, 7.45353077036e-008, 1.65943674801e-007, 1.10783226148e-007, 4.91475816489e-007, 5.93457343712e-007, 3.18279063549e-007, 2.72920175348e-007, 3.93040068047e-007, 1.98087732883e-007, 1.55465883722e-007, 6.31072083479e-008, 3.94516348479e-008, 3.24641042937e-008, 9.3239705734e-008, 7.62152438938e-008, 3.15093053871e-008, 8.13607375916e-011]
    },
    "erbbands": {
        "mean": [0.787363886833, 5.38671445847, 9.50039768219, 14.6465101242, 7.18183040619, 7.0982875824, 9.12829875946, 8.16289710999, 8.41548156738, 5.77131700516, 6.14266824722, 6.29744338989, 5.95015192032, 4.95669317245, 6.08091783524, 6.43519544601, 8.11558532715, 10.3396205902, 15.4481201172, 13.7983751297, 12.9667787552, 9.95000362396, 11.3667230606, 9.98202896118, 7.9358458519, 8.32038593292, 5.49829483032, 4.47039079666, 4.00631380081, 2.93940281868, 2.66667222977, 2.30114197731, 2.2674305439, 1.22508704662, 0.901775658131, 0.508351504803, 0.141429468989, 0.0194999482483, 0.000471975334221, 6.78388969391e-005],
        "var": [5.27764034271, 179.546218872, 479.421142578, 1766.13989258, 506.344146729, 106.753852844, 197.536331177, 178.915527344, 477.653137207, 178.460098267, 258.364624023, 361.286682129, 200.876525879, 109.345230103, 128.288116455, 179.831130981, 258.716033936, 498.622406006, 1702.72729492, 1454.46166992, 1008.4498291, 987.125305176, 1073.34875488, 739.284179688, 365.277038574, 366.901885986, 141.905593872, 76.1493530273, 52.1992759705, 32.6682853699, 27.4395179749, 21.159910202, 40.6706733704, 7.30412912369, 4.98663806915, 1.15129935741, 0.0791139900684, 0.00208296091296, 1.13758687803e-006, 1.14073399615e-008]
    },
    "gfcc": {
        "mean": [-67.3821563721, 83.2652206421, -89.718132019, 30.4981117249, -48.8941497803, 15.0458211899, -40.0904502869, 8.31928920746, -25.5354118347, 9.20018768311, -16.5066795349, 6.398229599, -8.52011871338],
        "cov": [[14942.6875, -1120.16650391, 467.902130127, 1684.99157715, 828.193603516, 607.813110352, 243.566238403, 243.116271973, -108.720451355, 168.921737671, -368.261291504, -123.716407776, -518.206420898], [-1120.16650391, 2937.16845703, 194.673187256, 60.3657569885, 596.97052002, -125.191757202, 500.91116333, -149.834121704, 275.093566895, -265.661132813, 136.451324463, -302.922576904, 37.7920684814], [467.902130127, 194.673187256, 1172.70483398, 519.873718262, 405.782226563, 457.138244629, 315.667114258, 256.724731445, 128.48425293, 70.1921157837, 16.8497161865, -78.7160415649, -55.9332008362], [1684.99157715, 60.3657569885, 519.873718262, 1034.21936035, 508.418701172, 368.390167236, 373.855529785, 113.656684875, 150.735687256, -40.9511985779, 29.8486213684, -98.4264526367, -84.5289993286], [828.193603516, 596.97052002, 405.782226563, 508.418701172, 607.78112793, 223.921325684, 313.985534668, 99.3661956787, 117.420127869, -29.0481147766, 14.4225034714, -97.4675369263, -70.909942627], [607.813110352, -125.191757202, 457.138244629, 368.390167236, 223.921325684, 338.260955811, 162.208877563, 159.363739014, 81.751159668, 66.4381790161, 22.940662384, -15.581536293, -16.4086780548], [243.566238403, 500.91116333, 315.667114258, 373.855529785, 313.985534668, 162.208877563, 324.798675537, 79.9550476074, 139.647537231, -33.0404129028, 47.7422523499, -68.9823608398, -9.67344474792], [243.116271973, -149.834121704, 256.724731445, 113.656684875, 99.3661956787, 159.363739014, 79.9550476074, 189.148132324, 53.4021682739, 66.861907959, 5.95386123657, 24.737411499, -6.057035923], [-108.720451355, 275.093566895, 128.48425293, 150.735687256, 117.420127869, 81.751159668, 139.647537231, 53.4021682739, 142.133010864, 15.2966403961, 59.2737464905, -26.6809482574, 25.5029811859], [168.921737671, -265.661132813, 70.1921157837, -40.9511985779, -29.0481147766, 66.4381790161, -33.0404129028, 66.861907959, 15.2966403961, 128.43901062, 19.3946762085, 51.3041496277, 5.52676343918], [-368.261291504, 136.451324463, 16.8497161865, 29.8486213684, 14.4225034714, 22.940662384, 47.7422523499, 5.95386123657, 59.2737464905, 19.3946762085, 97.2274627686, 15.2380361557, 48.5106735229], [-123.716407776, -302.922576904, -78.7160415649, -98.4264526367, -97.4675369263, -15.581536293, -68.9823608398, 24.737411499, -26.6809482574, 51.3041496277, 15.2380361557, 94.1852111816, 32.7933540344], [-518.206420898, 37.7920684814, -55.9332008362, -84.5289993286, -70.909942627, -16.4086780548, -9.67344474792, -6.057035923, 25.5029811859, 5.52676343918, 48.5106735229, 32.7933540344, 82.3618774414]],
        "icov": [[0.000120766191685, -7.95405794634e-005, 0.000125485807075, -0.00030247081304, 4.75587658002e-005, -9.95735099423e-005, 6.78268406773e-005, -7.638741954e-005, 0.000227442636969, -0.000438311661128, 0.000420297787059, -8.97232312127e-005, 0.000341740873409], [-7.95405794634e-005, 0.0018106745556, -0.000428003491834, 0.00176795513835, -0.0017468460137, 0.00116685882676, -0.00165177881718, 0.0011013073381, -0.00167894014157, 0.00190322101116, -0.00199041562155, 0.00322187575512, -0.000910299248062], [0.000125485807075, -0.000428003491834, 0.00239576399326, -0.000387533858884, 0.000376446609152, -0.00254716910422, -0.00066184339812, -0.0013818165753, 0.00140805973206, -0.00118032842875, 0.000570935721043, 0.000902856932953, 0.000799923320301], [-0.00030247081304, 0.00176795513835, -0.000387533858884, 0.00510094827041, -0.00220156810246, -0.0019403824117, -0.00288901105523, 0.00247834296897, -0.0030409975443, 0.00454023201019, -0.00324356369674, 0.00150440400466, 0.00176698667929], [4.75587658002e-005, -0.0017468460137, 0.000376446609152, -0.00220156810246, 0.00594853283837, -0.00165100849699, -0.00129580276553, -0.00141180562787, 0.00188239174895, -0.00171750760637, 0.00141564535443, -0.0021008849144, 0.00316847488284], [-9.95735099423e-005, 0.00116685882676, -0.00254716910422, -0.0019403824117, -0.00165100849699, 0.0127071682364, -0.000471121253213, -0.00361624988727, 0.000387483654777, -0.00326016405597, -0.000977867515758, 0.00429362384602, -0.00512910680845], [6.78268406773e-005, -0.00165177881718, -0.00066184339812, -0.00288901105523, -0.00129580276553, -0.000471121253213, 0.0133087160066, -0.00239089736715, -0.00470890663564, 0.00198694481514, 0.000328343128785, -0.0023079472594, -1.71461601894e-006], [-7.638741954e-005, 0.0011013073381, -0.0013818165753, 0.00247834296897, -0.00141180562787, -0.00361624988727, -0.00239089736715, 0.0135278515518, -0.00515467859805, -1.70496441569e-005, 0.00212085735984, -0.00486670155078, 0.001683108625], [0.000227442636969, -0.00167894014157, 0.00140805973206, -0.0030409975443, 0.00188239174895, 0.000387483654777, -0.00470890663564, -0.00515467859805, 0.0216104518622, -0.0079083153978, -0.00356545904651, 0.00575347291306, -0.00554933678359], [-0.000438311661128, 0.00190322101116, -0.00118032842875, 0.00454023201019, -0.00171750760637, -0.00326016405597, 0.00198694481514, -1.70496441569e-005, -0.0079083153978, 0.0201531443745, -0.00654359953478, -0.00563657330349, 0.00552578037605], [0.000420297787059, -0.00199041562155, 0.000570935721043, -0.00324356369674, 0.00141564535443, -0.000977867515758, 0.000328343128785, 0.00212085735984, -0.00356545904651, -0.00654359953478, 0.0238330271095, -0.0062291235663, -0.00817909277976], [-8.97232312127e-005, 0.00322187575512, 0.000902856932953, 0.00150440400466, -0.0021008849144, 0.00429362384602, -0.0023079472594, -0.00486670155078, 0.00575347291306, -0.00563657330349, -0.0062291235663, 0.0310470592231, -0.0115642398596], [0.000341740873409, -0.000910299248062, 0.000799923320301, 0.00176698667929, 0.00316847488284, -0.00512910680845, -1.71461601894e-006, 0.001683108625, -0.00554933678359, 0.00552578037605, -0.00817909277976, -0.0115642398596, 0.0296651721001]]
    },
    "melbands": {
        "mean": [0.00712258648127, 0.00596210733056, 0.00228364602663, 0.000441831332864, 0.000344385043718, 0.000186959601706, 0.000115447139251, 6.60677906126e-005, 4.93254410685e-005, 3.82317084586e-005, 2.98694940284e-005, 2.0854316972e-005, 2.02642277145e-005, 1.88883768715e-005, 1.84523178177e-005, 1.70319199242e-005, 1.98793350137e-005, 2.69467163889e-005, 2.03787221835e-005, 1.55970719788e-005, 1.4730334442e-005, 9.90781973087e-006, 9.69595657807e-006, 1.05116214399e-005, 7.85890006227e-006, 6.06871526543e-006, 5.7898232626e-006, 5.42166299056e-006, 3.51428457179e-006, 2.89826334665e-006, 2.47376328844e-006, 2.34590402215e-006, 1.9045857016e-006, 1.53375788159e-006, 1.56111843808e-006, 1.43178851886e-006, 1.40934935189e-006, 1.60388231052e-006, 1.41313228141e-006, 8.95049311112e-007],
        "var": [0.000345349631971, 0.000174560787855, 4.30098298239e-005, 7.50584717935e-007, 2.71973107147e-007, 9.88236763533e-008, 8.008747443e-008, 3.4425752915e-008, 1.44251668388e-008, 1.23826620069e-008, 5.09145481331e-009, 2.15180961938e-009, 1.46378942301e-009, 1.85903847871e-009, 1.84404025383e-009, 1.15271192591e-009, 2.01779748465e-009, 5.403630432e-009, 3.88211418567e-009, 1.55773716148e-009, 1.40477318666e-009, 1.26188082206e-009, 6.78274325594e-010, 1.19946597099e-009, 4.6835152423e-010, 2.94231861098e-010, 1.99662550382e-010, 1.60706989383e-010, 5.88035176108e-011, 4.05332052644e-011, 2.26167227307e-011, 1.80287763885e-011, 1.33983588113e-011, 9.90599182543e-012, 9.96251258573e-012, 7.84760711275e-012, 8.68576825047e-012, 2.14633102957e-011, 1.35091096296e-011, 3.5340480542e-012]
    },
    "mfcc": {
        "mean": [-718.863891602, 120.271339417, 15.7255592346, 23.647977829, 11.0034503937, 9.30108833313, 1.61527979374, 0.20875993371, -0.0378495454788, -0.542472541332, -1.33120584488, -0.0454355441034, -0.210702225566],
        "cov": [[13176.0332031, -1020.74273682, -188.858383179, 1168.21630859, 708.43572998, 674.033935547, 364.817626953, 299.116546631, 160.403747559, 303.647949219, 147.413772583, -30.6991481781, -1.27253496647], [-1020.74273682, 2508.75292969, -80.2799377441, 179.418670654, 38.4031219482, 76.6170043945, 110.42250824, 93.2946472168, 81.13331604, 72.8857803345, 58.5297927856, -13.8471136093, -24.7923164368], [-188.858383179, -80.2799377441, 861.873291016, 193.098526001, 270.662963867, 235.260986328, 247.494873047, 187.76234436, 204.079727173, 165.395507813, 104.440811157, 125.99394989, 70.579788208], [1168.21630859, 179.418670654, 193.098526001, 655.103515625, 330.371124268, 347.998474121, 263.698455811, 260.821044922, 142.665603638, 159.754653931, 82.1042480469, 69.2060699463, 28.7891979218], [708.43572998, 38.4031219482, 270.662963867, 330.371124268, 369.05456543, 255.775588989, 226.688735962, 177.166595459, 139.243911743, 140.399078369, 82.4371795654, 62.3409042358, 47.677696228], [674.033935547, 76.6170043945, 235.260986328, 347.998474121, 255.775588989, 313.441650391, 203.427642822, 162.539978027, 121.10533905, 121.171562195, 79.7229385376, 66.3852539063, 35.5021896362], [364.817626953, 110.42250824, 247.494873047, 263.698455811, 226.688735962, 203.427642822, 233.67956543, 170.029907227, 126.410415649, 116.939987183, 63.4303359985, 66.8663787842, 39.4340896606], [299.116546631, 93.2946472168, 187.76234436, 260.821044922, 177.166595459, 162.539978027, 170.029907227, 202.068649292, 127.741508484, 104.039901733, 51.6220550537, 57.2827224731, 32.8386230469], [160.403747559, 81.13331604, 204.079727173, 142.665603638, 139.243911743, 121.10533905, 126.410415649, 127.741508484, 145.106994629, 108.152046204, 55.8015937805, 49.9799804688, 34.9528541565], [303.647949219, 72.8857803345, 165.395507813, 159.754653931, 140.399078369, 121.171562195, 116.939987183, 104.039901733, 108.152046204, 135.500015259, 68.0948944092, 53.0517921448, 36.8106040955], [147.413772583, 58.5297927856, 104.440811157, 82.1042480469, 82.4371795654, 79.7229385376, 63.4303359985, 51.6220550537, 55.8015937805, 68.0948944092, 76.5042572021, 43.8271980286, 24.0753211975], [-30.6991481781, -13.8471136093, 125.99394989, 69.2060699463, 62.3409042358, 66.3852539063, 66.8663787842, 57.2827224731, 49.9799804688, 53.0517921448, 43.8271980286, 72.8750839233, 37.3943023682], [-1.27253496647, -24.7923164368, 70.579788208, 28.7891979218, 47.677696228, 35.5021896362, 39.4340896606, 32.8386230469, 34.9528541565, 36.8106040955, 24.0753211975, 37.3943023682, 54.9440231323]],
        "icov": [[0.000111874447612, 7.22022523405e-005, 0.000102215075458, -0.000176757515874, -8.38682826725e-005, -9.04837215785e-005, -2.02601495403e-005, 0.000136700764415, -9.80723143584e-006, -0.000185058364877, -0.000134828922455, 0.000325171567965, 2.85580335913e-005], [7.22022523405e-005, 0.000497714267112, 0.000197814850253, -0.000230614299653, 0.000245634000748, 5.05930947838e-005, -0.000515541876666, 0.000160815194249, -0.000337566743838, -0.000102808910015, -0.000665934523568, 0.000679006858263, 0.000234336053836], [0.000102215075458, 0.000197814850253, 0.00229928735644, 0.000525476818439, -0.00054590968648, -0.00058561883634, -0.00115635839757, 0.000461067567812, -0.0019348631613, 2.824702824e-005, -5.68527138967e-005, -0.00169101904612, 0.000656906748191], [-0.000176757515874, -0.000230614299653, 0.000525476818439, 0.00633609108627, -0.00112241040915, -0.00424431357533, 0.00034300039988, -0.00587291130796, 0.00398306222633, -0.00262132566422, 0.00149209564552, -0.000581460364629, 0.00184153171722], [-8.38682826725e-005, 0.000245634000748, -0.00054590968648, -0.00112241040915, 0.00940739829093, -0.00239632301964, -0.00473167421296, 0.000328256195644, -0.000409900356317, -0.00116223085206, -0.00214449223131, 0.00411239592358, -0.0028365815524], [-9.04837215785e-005, 5.05930947838e-005, -0.00058561883634, -0.00424431357533, -0.00239632301964, 0.0126677053049, -0.00377055862918, 0.00269346218556, -0.00219093658961, 0.00215647509322, -0.00353152351454, -0.00124640681315, 0.000332167983288], [-2.02601495403e-005, -0.000515541876666, -0.00115635839757, 0.00034300039988, -0.00473167421296, -0.00377055862918, 0.0197782404721, -0.00727532198653, 6.43140956527e-005, -0.0020439978689, 0.0031327358447, -0.00407437048852, 0.000496798660606], [0.000136700764415, 0.000160815194249, 0.000461067567812, -0.00587291130796, 0.000328256195644, 0.00269346218556, -0.00727532198653, 0.0227294396609, -0.0130088366568, 0.00289276102558, 0.00155521603301, -0.00316850817762, -1.51665508383e-005], [-9.80723143584e-006, -0.000337566743838, -0.0019348631613, 0.00398306222633, -0.000409900356317, -0.00219093658961, 6.43140956527e-005, -0.0130088366568, 0.0292051639408, -0.0137803796679, -9.68398016994e-005, 0.00282868626527, -0.0014831678709], [-0.000185058364877, -0.000102808910015, 2.824702824e-005, -0.00262132566422, -0.00116223085206, 0.00215647509322, -0.0020439978689, 0.00289276102558, -0.0137803796679, 0.0275595132262, -0.0105727817863, -0.00154940329958, -0.00337046897039], [-0.000134828922455, -0.000665934523568, -5.68527138967e-005, 0.00149209564552, -0.00214449223131, -0.00353152351454, 0.0031327358447, 0.00155521603301, -9.68398016994e-005, -0.0105727817863, 0.0304615218192, -0.0121343191713, 0.00200835475698], [0.000325171567965, 0.000679006858263, -0.00169101904612, -0.000581460364629, 0.00411239592358, -0.00124640681315, -0.00407437048852, -0.00316850817762, 0.00282868626527, -0.00154940329958, -0.0121343191713, 0.0352995321155, -0.0146232703701], [2.85580335913e-005, 0.000234336053836, 0.000656906748191, 0.00184153171722, -0.0028365815524, 0.000332167983288, 0.000496798660606, -1.51665508383e-005, -0.0014831678709, -0.00337046897039, 0.00200835475698, -0.0146232703701, 0.0306713413447]]
    },
    "spectral_contrast_coeffs": {
        "mean": [-0.655368745327, -0.762001395226, -0.800332248211, -0.797623217106, -0.808773756027, -0.792734026909],
        "var": [0.0129916593432, 0.00469128089026, 0.00414625136182, 0.00422719586641, 0.00318558560684, 0.00211353739724]
    },
    "spectral_contrast_valleys": {
        "mean": [-7.6911315918, -7.39878034592, -8.16677474976, -8.49065685272, -8.45872116089, -10.6530036926],
        "var": [3.79159021378, 1.53201532364, 1.55598986149, 1.89196455479, 2.00428247452, 2.24881505966]
    }
},
"metadata": {
    "audio_properties": {
        "analysis_sample_rate": 44100,
        "bit_rate": 128074,
        "equal_loudness": 0,
        "length": 45.0612258911,
        "lossless": 0,
        "replay_gain": -6.3455619812,
        "sample_rate": 44100,
        "codec": "mp3",
        "downmix": "mix",
        "md5_encoded": "f7f69c4919d9640c202e8173cbd9715e"
    },
    "tags": {
        "file_name": "1078.mp3"
    },
    "version": {
        "essentia": "2.1-beta2",
        "essentia_git_sha": "v2.1_beta2",
        "extractor": "music 1.0"
    }
},
"rhythm": {
    "beats_count": 81,
    "beats_loudness": {
        "mean": 0.209495142102,
        "var": 0.012460231781
    },
    "bpm": 110.014953613,
    "bpm_histogram_first_peak_bpm": {
        "mean": 110,
        "var": 0
    },
    "bpm_histogram_first_peak_spread": {
        "mean": 0.558441519737,
        "var": 0
    },
    "bpm_histogram_first_peak_weight": {
        "mean": 0.425000011921,
        "var": 0
    },
    "bpm_histogram_second_peak_bpm": {
        "mean": 98,
        "var": 0
    },
    "bpm_histogram_second_peak_spread": {
        "mean": 0,
        "var": 0
    },
    "bpm_histogram_second_peak_weight": {
        "mean": 0.0250000003725,
        "var": 0
    },
    "danceability": 2.11363911629,
    "onset_rate": 4.59167957306,
    "beats_loudness_band_ratio": {
        "mean": [0.926209151745, 0.0288305170834, 0.0128796864301, 0.00769513426349, 0.0116494195536, 0.019253179431],
        "var": [0.0105486530811, 0.00177671294659, 0.00232431199402, 0.000249953445746, 0.000188234902453, 0.000498666020576]
    },
    "beats_position": [0.603718817234, 1.21904754639, 1.83437633514, 2.41487526894, 2.94893407822, 3.50621318817, 4.05188179016, 4.59755086899, 5.13160991669, 5.6888885498, 6.2229475975, 6.78022670746, 7.31428575516, 7.87156438828, 8.40562343597, 8.96290206909, 9.49696159363, 10.0542402267, 10.5882987976, 11.1455783844, 11.6796369553, 12.2369155884, 12.7709751129, 13.328253746, 13.8623123169, 14.4195919037, 14.9536504745, 15.4993190765, 16.0449886322, 16.602268219, 17.1363258362, 17.693605423, 18.2276649475, 18.7733325958, 19.3190021515, 19.8646717072, 20.4103393555, 20.9676189423, 21.5016784668, 22.0589561462, 22.5930156708, 23.1386852264, 23.6843528748, 24.2300224304, 24.7756919861, 25.3329696655, 25.8670291901, 26.4243087769, 26.958366394, 27.5040359497, 28.0497055054, 28.5953731537, 29.1410427094, 29.686712265, 30.2323799133, 30.7896595001, 31.3237190247, 31.869386673, 32.4150543213, 32.960723877, 33.5063934326, 34.0520629883, 34.5977325439, 35.1434020996, 35.6890678406, 36.2231292725, 36.7804069519, 37.3144645691, 37.8601341248, 38.4058036804, 38.9630813599, 39.4971427917, 40.0428123474, 40.5884780884, 41.134147644, 41.6798171997, 42.2138786316, 42.771156311, 43.3168258667, 43.8624954224, 44.4197731018]
},
"tonal": {
    "chords_changes_rate": 0.0524691343307,
    "chords_number_rate": 0.00308641977608,
    "chords_strength": {
        "mean": 0.508473396301,
        "var": 0.00838315859437
    },
    "hpcp_entropy": {
        "mean": 2.27924466133,
        "var": 0.897150635719
    },
    "key_strength": 0.609322071075,
    "tuning_diatonic_strength": 0.559900641441,
    "tuning_equal_tempered_deviation": 0.218907564878,
    "tuning_frequency": 434.193115234,
    "tuning_nontempered_energy_ratio": 0.922485888004,
    "hpcp": {
        "mean": [0.0620552487671, 0.0344580672681, 0.0274258442223, 0.0343682281673, 0.0525546036661, 0.0747688189149, 0.13245151937, 0.165289521217, 0.128518611193, 0.0949468314648, 0.0882572606206, 0.168321624398, 0.346438527107, 0.340452373028, 0.154549583793, 0.0675148889422, 0.0619984567165, 0.0672595128417, 0.112051300704, 0.13040150702, 0.090829744935, 0.0911094844341, 0.115356139839, 0.168461441994, 0.193281307817, 0.111046656966, 0.0489590987563, 0.115562155843, 0.164509832859, 0.0958298519254, 0.0486657172441, 0.0561427734792, 0.0815591067076, 0.136768653989, 0.165923878551, 0.122683435678],
        "var": [0.0261009484529, 0.0128216212615, 0.00918008945882, 0.00693211751059, 0.0162159390748, 0.0327800661325, 0.0552669018507, 0.079345561564, 0.0572941973805, 0.0458113141358, 0.0370288342237, 0.0615519322455, 0.146853432059, 0.130852937698, 0.0477531664073, 0.0314371623099, 0.0324516035616, 0.035610396415, 0.0505012534559, 0.0698743760586, 0.0364653617144, 0.0430822372437, 0.0570257455111, 0.0637851208448, 0.0846594125032, 0.0339620560408, 0.021969968453, 0.0461476519704, 0.0969081744552, 0.0321409031749, 0.0199178829789, 0.0254395026714, 0.0352669358253, 0.0514912120998, 0.0678445622325, 0.0506780408323]
    },
    "chords_histogram": [0, 0, 59.5679016113, 0, 0, 0, 0, 9.46502017975, 0, 30.9670772552, 0, 0, 0, 0, 0, 0, 0, 0, 0, 0, 0, 0, 0, 0],
    "thpcp": [1, 0.982720851898, 0.446109682322, 0.19488273561, 0.178959473968, 0.194145590067, 0.32343775034, 0.376405894756, 0.262181431055, 0.262988895178, 0.332977235317, 0.486266463995, 0.557909369469, 0.32053783536, 0.14132116735, 0.333571881056, 0.474860101938, 0.276614308357, 0.140474319458, 0.162056952715, 0.235421583056, 0.394784778357, 0.478941768408, 0.354127585888, 0.179123401642, 0.0994637310505, 0.0791651085019, 0.0992044061422, 0.151699647307, 0.215821310878, 0.382323294878, 0.477110683918, 0.370970904827, 0.274065464735, 0.254755914211, 0.485862880945],
    "chords_key": "C#",
    "chords_scale": "minor",
    "key_key": "F#",
    "key_scale": "minor"
}
}