{
"lowlevel": {
    "average_loudness": 0.951404154301,
    "barkbands_crest": {
        "mean": 9.59035110474,
        "var": 17.4858779907
    },
    "barkbands_flatness_db": {
        "mean": 0.136892363429,
        "var": 0.00302037922665
    },
    "barkbands_kurtosis": {
        "mean": 3.52280497551,
        "var": 134.410690308
    },
    "barkbands_skewness": {
        "mean": 1.09600222111,
        "var": 1.9406349659
    },
    "barkbands_spread": {
        "mean": 22.5178852081,
        "var": 129.065200806
    },
    "dissonance": {
        "mean": 0.465418875217,
        "var": 0.000784621923231
    },
    "dynamic_complexity": 2.85353970528,
    "erbbands_crest": {
        "mean": 9.43042469025,
        "var": 19.9133682251
    },
    "erbbands_flatness_db": {
        "mean": 0.179212391376,
        "var": 0.00280910683796
    },
    "erbbands_kurtosis": {
        "mean": 0.457195132971,
        "var": 4.94680833817
    },
    "erbbands_skewness": {
        "mean": 0.111447975039,
        "var": 0.513586401939
    },
    "erbbands_spread": {
        "mean": 32.2320365906,
        "var": 289.32723999
    },
    "hfc": {
        "mean": 22.2253303528,
        "var": 355.549499512
    },
    "melbands_crest": {
        "mean": 13.3172101974,
        "var": 30.2813663483
    },
    "melbands_flatness_db": {
        "mean": 0.199137672782,
        "var": 0.00537015125155
    },
    "melbands_kurtosis": {
        "mean": 10.2913160324,
        "var": 542.638061523
    },
    "melbands_skewness": {
        "mean": 2.0332095623,
        "var": 3.19305181503
    },
    "melbands_spread": {
        "mean": 27.8984394073,
        "var": 275.063415527
    },
    "pitch_salience": {
        "mean": 0.542013943195,
        "var": 0.01195252873
    },
    "silence_rate_20dB": {
        "mean": 1,
        "var": 0
    },
    "silence_rate_30dB": {
        "mean": 1,
        "var": 0
    },
    "silence_rate_60dB": {
        "mean": 0.0504634380341,
        "var": 0.0479173623025
    },
    "spectral_centroid": {
        "mean": 1578.03845215,
        "var": 400911.75
    },
    "spectral_complexity": {
        "mean": 20.7924823761,
        "var": 132.506729126
    },
    "spectral_decrease": {
        "mean": -6.34083008322e-009,
        "var": 1.87107675533e-017
    },
    "spectral_energy": {
        "mean": 0.0259476210922,
        "var": 0.000307326525217
    },
    "spectral_energyband_high": {
        "mean": 0.000543012050912,
        "var": 5.4898197277e-007
    },
    "spectral_energyband_low": {
        "mean": 0.00880814250559,
        "var": 0.000114079863124
    },
    "spectral_energyband_middle_high": {
        "mean": 0.00897058192641,
        "var": 0.000101918863948
    },
    "spectral_energyband_middle_low": {
        "mean": 0.00838442146778,
        "var": 3.97969852202e-005
    },
    "spectral_entropy": {
        "mean": 7.48724031448,
        "var": 0.169478267431
    },
    "spectral_flux": {
        "mean": 0.0890901014209,
        "var": 0.00176735955756
    },
    "spectral_kurtosis": {
        "mean": 5.71834421158,
        "var": 12.0348920822
    },
    "spectral_rms": {
        "mean": 0.00469682225958,
        "var": 3.25461019202e-006
    },
    "spectral_rolloff": {
        "mean": 1598.54785156,
        "var": 1198262.25
    },
    "spectral_skewness": {
        "mean": 1.53497946262,
        "var": 0.208870634437
    },
    "spectral_spread": {
        "mean": 3670989,
        "var": 2.48243421184e+012
    },
    "spectral_strongpeak": {
        "mean": 1.05242323875,
        "var": 2.10930609703
    },
    "zerocrossingrate": {
        "mean": 0.05794480443,
        "var": 0.000717840623111
    },
    "barkbands": {
        "mean": [0.000454952620203, 0.00585040729493, 0.00195506680757, 0.000915591721423, 0.00219978555106, 0.00140083150472, 0.000774673884735, 0.00153139093891, 0.00116558221634, 0.000756970897783, 0.0018029025523, 0.00133508921135, 0.00113864243031, 0.000957784126513, 0.00086058001034, 0.000588342780247, 0.000442122516688, 0.000352066505002, 0.000660469639115, 0.0004210343468, 0.000156568174134, 7.74336149334e-005, 5.03620285599e-005, 4.58368376712e-005, 4.01571669499e-005, 1.22833789646e-005, 7.20836681012e-007],
        "var": [1.15661055133e-006, 5.83699111303e-005, 9.91185970634e-006, 2.58370232586e-006, 7.8574184954e-006, 2.67510404228e-006, 1.65542599007e-006, 7.04204740032e-006, 4.34262392446e-006, 2.63780566456e-006, 1.24993603094e-005, 8.33710419101e-006, 5.99900158704e-006, 5.02264219904e-006, 3.84903978556e-006, 3.89312663174e-006, 5.35600463536e-007, 2.38651097106e-007, 6.72251985634e-007, 8.00421162239e-007, 4.34350333478e-008, 1.40156091177e-008, 7.37584260335e-009, 5.5568412094e-009, 5.69330804723e-009, 5.45831269072e-010, 2.83948472374e-012]
    },
    "erbbands": {
        "mean": [0.187773510814, 1.21214103699, 2.28808712959, 3.09420394897, 3.26044869423, 8.87659645081, 10.2300481796, 12.0829133987, 11.2096185684, 27.7540283203, 25.9342346191, 24.7555141449, 26.9536552429, 36.5296401978, 76.4777374268, 55.1995277405, 51.1515045166, 55.4538650513, 40.9227027893, 46.1875953674, 28.227148056, 23.8106212616, 19.6324939728, 30.4984092712, 31.2375049591, 19.841506958, 8.41264057159, 5.02990722656, 2.88480997086, 2.07363605499, 1.33263480663, 0.977006852627, 0.752987027168, 0.448789715767, 0.291542470455, 0.075488768518, 0.0190607607365, 0.00321239070036, 9.40472527873e-005, 3.409686542e-005],
        "var": [0.090731009841, 2.5192027092, 11.5115394592, 26.7135677338, 23.2536277771, 162.384689331, 140.440994263, 257.882507324, 294.745605469, 2143.35961914, 1713.32250977, 1627.64758301, 3263.62744141, 8531.38964844, 23051.6210938, 10825.6601563, 9694.52929688, 14177.7988281, 8687.41699219, 16866.5605469, 4857.90917969, 1408.98986816, 680.738464355, 1821.44812012, 1600.74694824, 2127.40942383, 156.145004272, 45.5465049744, 17.6137313843, 16.8478889465, 4.70289039612, 2.38576483727, 1.75648272038, 0.627214372158, 0.399044901133, 0.018937734887, 0.001366954064, 4.36826594523e-005, 2.81355863052e-008, 5.23679488662e-010]
    },
    "gfcc": {
        "mean": [-9.96569252014, 100.676094055, -136.101913452, 29.051240921, -48.676448822, 7.02548646927, -31.6410942078, 13.2896623611, -27.4921073914, 8.04183292389, -7.40430307388, -0.538407325745, -8.9706659317],
        "cov": [[6223.7734375, -805.103820801, -332.740264893, 443.360900879, -305.107147217, 550.290588379, -47.6023406982, 134.207763672, 5.77468252182, 202.249237061, -56.6044769287, 0.125836268067, -120.148124695], [-805.103820801, 1187.55090332, 150.86227417, -92.7099380493, 385.843597412, -82.5919189453, 269.508789063, -27.3611412048, 38.7058792114, -107.764610291, 109.194404602, -59.9737968445, 104.502922058], [-332.740264893, 150.86227417, 1103.41357422, 382.738952637, 83.9185256958, 126.876060486, -68.0990142822, 81.3453521729, 1.68398332596, -18.2316093445, -103.798667908, -23.0334377289, -50.2335243225], [443.360900879, -92.7099380493, 382.738952637, 499.992095947, 124.339111328, 86.7008132935, 17.2229270935, 78.237411499, 63.1317596436, 28.9304847717, -56.4339904785, -30.9271736145, -36.9563179016], [-305.107147217, 385.843597412, 83.9185256958, 124.339111328, 353.682800293, 65.4866104126, 150.46723938, 11.7774457932, 46.3196563721, -17.6872673035, 23.5113143921, -36.1406555176, 25.4482250214], [550.290588379, -82.5919189453, 126.876060486, 86.7008132935, 65.4866104126, 278.749023438, 65.6251907349, 29.6229820251, 5.81182479858, 40.4071350098, 4.47490215302, -4.52944421768, -30.4883060455], [-47.6023406982, 269.508789063, -68.0990142822, 17.2229270935, 150.46723938, 65.6251907349, 243.523590088, 37.3986053467, 38.2912826538, -9.7422542572, 53.0149726868, -5.01218128204, 7.46272134781], [134.207763672, -27.3611412048, 81.3453521729, 78.237411499, 11.7774457932, 29.6229820251, 37.3986053467, 148.611221313, 69.2297210693, 26.2463378906, -10.0083589554, -3.36727690697, -17.8003234863], [5.77468252182, 38.7058792114, 1.68398332596, 63.1317596436, 46.3196563721, 5.81182479858, 38.2912826538, 69.2297210693, 140.770248413, 35.9037475586, 3.07610917091, 1.01636254787, -10.9656820297], [202.249237061, -107.764610291, -18.2316093445, 28.9304847717, -17.6872673035, 40.4071350098, -9.7422542572, 26.2463378906, 35.9037475586, 107.331520081, 30.7549648285, -8.74443817139, -25.6277427673], [-56.6044769287, 109.194404602, -103.798667908, -56.4339904785, 23.5113143921, 4.47490215302, 53.0149726868, -10.0083589554, 3.07610917091, 30.7549648285, 116.985603333, 23.9133796692, 20.087053299], [0.125836268067, -59.9737968445, -23.0334377289, -30.9271736145, -36.1406555176, -4.52944421768, -5.01218128204, -3.36727690697, 1.01636254787, -8.74443817139, 23.9133796692, 96.2063827515, 25.786272049], [-120.148124695, 104.502922058, -50.2335243225, -36.9563179016, 25.4482250214, -30.4883060455, 7.46272134781, -17.8003234863, -10.9656820297, -25.6277427673, 20.087053299, 25.786272049, 116.864685059]],
        "icov": [[0.000378058903152, -0.000591210788116, 0.00069712754339, -0.000933133123908, 0.000942306069192, -0.0011776649626, 0.000521259906236, -0.000379978009732, 0.000484277057694, -0.000534951221198, 0.000674551411066, -0.000474150088849, 0.000235136962146], [-0.000591210788116, 0.00469469698146, -0.00286708632484, 0.00351770338602, -0.00415151240304, 0.00384216662496, -0.00346212252043, 0.00161228363868, -0.00242579285987, 0.00342747825198, -0.00438289484009, 0.00386630557477, -0.00212860899046], [0.00069712754339, -0.00286708632484, 0.00357903190888, -0.00361163681373, 0.00266502867453, -0.00360505562276, 0.00298973871395, -0.00185936631169, 0.00217600516044, -0.00154616229702, 0.00313297798857, -0.00253261602484, 0.00156729994342], [-0.000933133123908, 0.00351770338602, -0.00361163681373, 0.00679574673995, -0.00479575479403, 0.00384103739634, -0.00269522890449, 0.000920116319321, -0.00271918531507, 0.00162238779012, -0.00226388219744, 0.00287066912279, -0.00129337946419], [0.000942306069192, -0.00415151240304, 0.00266502867453, -0.00479575479403, 0.00936308689415, -0.00488839391619, 0.000532258476596, -0.000260015425738, 0.000768585596234, -0.00186760455836, 0.00308840884827, -0.00121918786317, 0.000323069631122], [-0.0011776649626, 0.00384216662496, -0.00360505562276, 0.00384103739634, -0.00488839391619, 0.00950999557972, -0.00460713962093, 0.00155058142263, -0.00111909885891, 0.000472885061754, -0.00306631159037, 0.00224555935711, -0.00087531004101], [0.000521259906236, -0.00346212252043, 0.00298973871395, -0.00269522890449, 0.000532258476596, -0.00460713962093, 0.0102161848918, -0.00337944715284, 0.00111608288717, 0.000330041541019, -1.32690156533e-005, -0.0025110268034, 0.00231308862567], [-0.000379978009732, 0.00161228363868, -0.00185936631169, 0.000920116319321, -0.000260015425738, 0.00155058142263, -0.00337944715284, 0.0108240079135, -0.00526434881613, 2.77581639239e-005, -0.000475003063912, 0.00140661571641, -0.000731648993678], [0.000484277057694, -0.00242579285987, 0.00217600516044, -0.00271918531507, 0.000768585596234, -0.00111909885891, 0.00111608288717, -0.00526434881613, 0.012484408915, -0.00545475026593, 0.00364334019832, -0.003712374717, 0.00157824868802], [-0.000534951221198, 0.00342747825198, -0.00154616229702, 0.00162238779012, -0.00186760455836, 0.000472885061754, 0.000330041541019, 2.77581639239e-005, -0.00545475026593, 0.0177600141615, -0.00958960689604, 0.00553381675854, 0.000556829036213], [0.000674551411066, -0.00438289484009, 0.00313297798857, -0.00226388219744, 0.00308840884827, -0.00306631159037, -1.32690156533e-005, -0.000475003063912, 0.00364334019832, -0.00958960689604, 0.0179358236492, -0.00719966460019, 0.000444242235972], [-0.000474150088849, 0.00386630557477, -0.00253261602484, 0.00287066912279, -0.00121918786317, 0.00224555935711, -0.0025110268034, 0.00140661571641, -0.003712374717, 0.00553381675854, -0.00719966460019, 0.016190694645, -0.00436951220036], [0.000235136962146, -0.00212860899046, 0.00156729994342, -0.00129337946419, 0.000323069631122, -0.00087531004101, 0.00231308862567, -0.000731648993678, 0.00157824868802, 0.000556829036213, 0.000444242235972, -0.00436951220036, 0.0115669034421]]
    },
    "melbands": {
        "mean": [0.00166123814415, 0.00139185891021, 0.00052882777527, 0.000407999847084, 0.000407984567573, 0.000272494071396, 0.000169535487657, 0.000330207170919, 0.000216099913814, 0.00015264301328, 0.000128959334688, 0.000129560721689, 0.000240052337176, 0.000175592416781, 0.000117939729535, 0.000114260161354, 0.000103585422039, 6.27896442893e-005, 6.96866336511e-005, 5.18665510754e-005, 2.90965163003e-005, 2.5901978006e-005, 1.78484297066e-005, 1.75745371962e-005, 2.52638728853e-005, 2.50503544521e-005, 1.92299539776e-005, 1.1368626474e-005, 5.55044061912e-006, 3.6138296764e-006, 2.65242761088e-006, 1.68417773239e-006, 1.29497823309e-006, 1.07283813122e-006, 7.77410946284e-007, 6.51546884001e-007, 5.80350956625e-007, 5.596915571e-007, 4.2831905489e-007, 3.59060635446e-007],
        "var": [5.31440491613e-006, 3.39605185218e-006, 6.54992163618e-007, 3.17633123359e-007, 2.43977609671e-007, 1.20248387248e-007, 7.16364922937e-008, 3.29225940732e-007, 1.34428844945e-007, 7.41039229979e-008, 8.19385661543e-008, 1.25049851363e-007, 2.11295500208e-007, 1.35301561954e-007, 4.88306604041e-008, 8.2812228186e-008, 5.55581856077e-008, 2.39050166329e-008, 2.68215760713e-008, 3.25471845031e-008, 4.71129357749e-009, 1.91866145194e-009, 9.54761936178e-010, 6.06919514645e-010, 1.53081247678e-009, 1.20095300371e-009, 1.05899911063e-009, 9.22293241779e-010, 7.77714143085e-011, 2.67907120099e-011, 1.33524181295e-011, 6.18063369581e-012, 5.08689878415e-012, 5.63718429575e-012, 1.71495294094e-012, 1.13678055684e-012, 8.81500493259e-013, 1.01077870032e-012, 6.26494678618e-013, 4.29285161021e-013]
    },
    "mfcc": {
        "mean": [-649.002197266, 131.015396118, -23.7523326874, 26.7884960175, 1.79601919651, -0.696357667446, 8.39664936066, -0.735580027103, -5.12042140961, 5.35677671432, 0.65443533659, 1.26173698902, 2.58446836472],
        "cov": [[6170.40087891, -1159.73913574, -163.106018066, -155.331283569, -139.872833252, 269.053863525, 28.0458889008, 3.01166033745, 60.8797187805, 84.0777893066, 130.196594238, 121.930236816, 92.6308288574], [-1159.73913574, 1297.9543457, -138.078796387, 80.0221481323, 64.0946426392, 9.69684696198, 197.091949463, 80.8442840576, 17.9952411652, 26.7806129456, -50.2492904663, -7.86765623093, -3.16958498955], [-163.106018066, -138.078796387, 907.773803711, 205.296508789, 220.222946167, 73.0207290649, -5.25854682922, 50.9187889099, 68.6708450317, -2.30453205109, 21.5223941803, 17.899766922, -35.0253105164], [-155.331283569, 80.0221481323, 205.296508789, 429.483703613, 160.097839355, 44.8031959534, 30.7234840393, 64.2252731323, 82.9177398682, 59.7245788574, 20.7719516754, 13.3925027847, -2.07175779343], [-139.872833252, 64.0946426392, 220.222946167, 160.097839355, 250.484054565, 82.3546676636, 37.6925888062, 33.0641784668, 70.6670532227, 37.1713600159, 10.8735542297, 17.7268714905, -7.7123003006], [269.053863525, 9.69684696198, 73.0207290649, 44.8031959534, 82.3546676636, 231.887969971, 109.694992065, 49.4012260437, 24.8931121826, 36.9945106506, 34.3700866699, 7.67558336258, 8.99389076233], [28.0458889008, 197.091949463, -5.25854682922, 30.7234840393, 37.6925888062, 109.694992065, 204.706375122, 52.6391601563, 10.0926074982, 31.3280296326, 11.5072803497, 15.3707761765, 5.18458890915], [3.01166033745, 80.8442840576, 50.9187889099, 64.2252731323, 33.0641784668, 49.4012260437, 52.6391601563, 155.796813965, 64.7227096558, 11.5931282043, 29.1401729584, 10.9426546097, 30.4902877808], [60.8797187805, 17.9952411652, 68.6708450317, 82.9177398682, 70.6670532227, 24.8931121826, 10.0926074982, 64.7227096558, 140.216873169, 45.3222236633, 20.3354587555, 14.1349601746, 6.31897449493], [84.0777893066, 26.7806129456, -2.30453205109, 59.7245788574, 37.1713600159, 36.9945106506, 31.3280296326, 11.5931282043, 45.3222236633, 117.600631714, 51.0862083435, 16.3335056305, -5.60198402405], [130.196594238, -50.2492904663, 21.5223941803, 20.7719516754, 10.8735542297, 34.3700866699, 11.5072803497, 29.1401729584, 20.3354587555, 51.0862083435, 135.531967163, 55.5247955322, 19.6241035461], [121.930236816, -7.86765623093, 17.899766922, 13.3925027847, 17.7268714905, 7.67558336258, 15.3707761765, 10.9426546097, 14.1349601746, 16.3335056305, 55.5247955322, 103.145202637, 55.1565322876], [92.6308288574, -3.16958498955, -35.0253105164, -2.07175779343, -7.7123003006, 8.99389076233, 5.18458890915, 30.4902877808, 6.31897449493, -5.60198402405, 19.6241035461, 55.1565322876, 104.378265381]],
        "icov": [[0.000230666773859, 0.000222388684051, 6.14300734014e-005, 3.00702122331e-005, 0.000187401339645, -0.000300017767586, -8.46190596349e-005, 1.18861307783e-005, -0.000166709723999, -0.00011093536159, 9.27750370465e-005, -0.000276450882666, -3.5325481349e-006], [0.000222388684051, 0.00125009950716, 0.000290836644126, -6.46722110105e-005, -0.000246403680649, 0.00032836990431, -0.0011992448708, -0.00046997363097, 4.01417164539e-005, -0.000273962679785, 0.000549370248336, -0.000283304572804, 0.000116549912491], [6.14300734014e-005, 0.000290836644126, 0.00161267758813, -0.000366619526176, -0.00114190287422, -0.000214316896745, 0.000165284523973, -0.000436294823885, -3.18947568303e-005, 0.000705803220626, -6.99928714312e-005, -0.000608371163253, 0.000915974203963], [3.00702122331e-005, -6.46722110105e-005, -0.000366619526176, 0.00343235139735, -0.00158136500977, 0.00035074268817, 4.26820770372e-005, -0.000821139896289, -0.00037032389082, -0.00126214604825, 0.000189407961443, 0.000128279803903, -0.000141583688674], [0.000187401339645, -0.000246403680649, -0.00114190287422, -0.00158136500977, 0.0075892158784, -0.00237925210968, 0.000262466055574, 0.0010017841123, -0.00232227751985, -0.000386365456507, 0.000963472179137, -0.0015992539702, 0.000655536481645], [-0.000300017767586, 0.00032836990431, -0.000214316896745, 0.00035074268817, -0.00237925210968, 0.00767827266827, -0.00381857319735, -0.000748371821828, 0.000675548508298, -0.000590908632148, -0.00154421071056, 0.00235518766567, -0.00124469096772], [-8.46190596349e-005, -0.0011992448708, 0.000165284523973, 4.26820770372e-005, 0.000262466055574, -0.00381857319735, 0.00880435667932, -0.00211540586315, 0.00141314952634, -0.00143484515138, 0.00133268162608, -0.00232897209935, 0.00144161155913], [1.18861307783e-005, -0.00046997363097, -0.000436294823885, -0.000821139896289, 0.0010017841123, -0.000748371821828, -0.00211540586315, 0.0108352946118, -0.00499472441152, 0.00252301408909, -0.00293919327669, 0.00304116215557, -0.00372573360801], [-0.000166709723999, 4.01417164539e-005, -3.18947568303e-005, -0.00037032389082, -0.00232227751985, 0.000675548508298, 0.00141314952634, -0.00499472441152, 0.0118808727711, -0.00401635048911, 0.00130794907454, -0.00116089102812, 0.000722874247003], [-0.00011093536159, -0.000273962679785, 0.000705803220626, -0.00126214604825, -0.000386365456507, -0.000590908632148, -0.00143484515138, 0.00252301408909, -0.00401635048911, 0.0134586077183, -0.00509660737589, 0.000731546839233, 0.00119566218928], [9.27750370465e-005, 0.000549370248336, -6.99928714312e-005, 0.000189407961443, 0.000963472179137, -0.00154421071056, 0.00133268162608, -0.00293919327669, 0.00130794907454, -0.00509660737589, 0.0127455294132, -0.00734326802194, 0.00204265140928], [-0.000276450882666, -0.000283304572804, -0.000608371163253, 0.000128279803903, -0.0015992539702, 0.00235518766567, -0.00232897209935, 0.00304116215557, -0.00116089102812, 0.000731546839233, -0.00734326802194, 0.0194845758379, -0.00986472517252], [-3.5325481349e-006, 0.000116549912491, 0.000915974203963, -0.000141583688674, 0.000655536481645, -0.00124469096772, 0.00144161155913, -0.00372573360801, 0.000722874247003, 0.00119566218928, 0.00204265140928, -0.00986472517252, 0.0159133654088]]
    },
    "spectral_contrast_coeffs": {
        "mean": [-0.664551138878, -0.729990363121, -0.728912055492, -0.757117092609, -0.769048333168, -0.761890530586],
        "var": [0.00822592526674, 0.00507938815281, 0.00705725839362, 0.005629488267, 0.00243463530205, 0.00156872614753]
    },
    "spectral_contrast_valleys": {
        "mean": [-7.41483545303, -6.74569225311, -7.45075035095, -7.59476232529, -7.42414426804, -10.5374174118],
        "var": [1.31952178478, 0.702906191349, 0.786902189255, 0.903525292873, 0.977433025837, 1.34228408337]
    }
},
"metadata": {
    "audio_properties": {
        "analysis_sample_rate": 44100,
        "bit_rate": 128074,
        "equal_loudness": 0,
        "length": 45.0612258911,
        "lossless": 0,
        "replay_gain": -6.28736686707,
        "sample_rate": 44100,
        "codec": "mp3",
        "downmix": "mix",
        "md5_encoded": "693d7da88b777aa60e96f775994d6372"
    },
    "tags": {
        "file_name": "1079.mp3"
    },
    "version": {
        "essentia": "2.1-beta2",
        "essentia_git_sha": "v2.1_beta2",
        "extractor": "music 1.0"
    }
},
"rhythm": {
    "beats_count": 86,
    "beats_loudness": {
        "mean": 0.0368470102549,
        "var": 0.00035912648309
    },
    "bpm": 116.581710815,
    "bpm_histogram_first_peak_bpm": {
        "mean": 117,
        "var": 0
    },
    "bpm_histogram_first_peak_spread": {
        "mean": 0.514705896378,
        "var": 0
    },
    "bpm_histogram_first_peak_weight": {
        "mean": 0.388235300779,
        "var": 0
    },
    "bpm_histogram_second_peak_bpm": {
        "mean": 112,
        "var": 0
    },
    "bpm_histogram_second_peak_spread": {
        "mean": 0,
        "var": 0
    },
    "bpm_histogram_second_peak_weight": {
        "mean": 0.176470592618,
        "var": 0
    },
    "danceability": 1.21374714375,
    "onset_rate": 4.10367488861,
    "beats_loudness_band_ratio": {
        "mean": [0.318023324013, 0.160319954157, 0.144233837724, 0.187824487686, 0.130415782332, 0.0893972292542],
        "var": [0.0649576857686, 0.0245237331837, 0.00789303146303, 0.0175187624991, 0.00632460508496, 0.00559268658981]
    },
    "beats_position": [0.487619042397, 0.99845802784, 1.50929701328, 2.03174591064, 2.55419492722, 3.06503391266, 3.59909296036, 4.13315200806, 4.65560102463, 5.17804956436, 5.71210861206, 6.2229475975, 6.73378658295, 7.25623559952, 7.77868461609, 8.3011341095, 8.82358264923, 9.33442115784, 9.84526062012, 10.3677091599, 10.8901586533, 11.4009971619, 11.9118366241, 12.4226751328, 12.9567346573, 13.4907932281, 14.0248527527, 14.5589113235, 15.0929698944, 15.6154193878, 16.1378688812, 16.6487064362, 17.1595458984, 17.6819953918, 18.2044448853, 18.7385025024, 19.2493419647, 19.760181427, 20.2826309204, 20.8050785065, 21.339138031, 21.8499774933, 22.3608150482, 22.8832645416, 23.405714035, 23.9397735596, 24.4738311768, 25.0078907013, 25.5303401947, 26.0527877808, 26.5752372742, 27.0976867676, 27.6317462921, 28.142583847, 28.6534233093, 29.1758728027, 29.6983222961, 30.2207698822, 30.7316093445, 31.2540588379, 31.776506424, 32.2989578247, 32.8097953796, 33.3206329346, 33.8314743042, 34.3423118591, 34.8415412903, 35.3407707214, 35.8516082764, 36.362449646, 36.8732872009, 37.3841247559, 37.883354187, 38.3941955566, 38.8818130493, 39.3810424805, 39.8918800354, 40.4259414673, 40.9367790222, 41.4476165771, 41.9584579468, 42.4692955017, 42.9685249329, 43.467754364, 43.9553718567, 44.4778213501]
},
"tonal": {
    "chords_changes_rate": 0.0679012313485,
    "chords_number_rate": 0.00925925932825,
    "chords_strength": {
        "mean": 0.473208427429,
        "var": 0.005831443239
    },
    "hpcp_entropy": {
        "mean": 2.07097434998,
        "var": 0.67750287056
    },
    "key_strength": 0.728246927261,
    "tuning_diatonic_strength": 0.592494308949,
    "tuning_equal_tempered_deviation": 0.175437763333,
    "tuning_frequency": 434.193115234,
    "tuning_nontempered_energy_ratio": 0.867983043194,
    "hpcp": {
        "mean": [0.110070802271, 0.108157604933, 0.129042193294, 0.177657574415, 0.180632248521, 0.142015010118, 0.12356698513, 0.117093168199, 0.179764792323, 0.41335991025, 0.432700514793, 0.200842827559, 0.103667266667, 0.0805617570877, 0.0728660076857, 0.0941708758473, 0.118672251701, 0.135826796293, 0.154935449362, 0.142094612122, 0.115934334695, 0.127284198999, 0.117653951049, 0.167755827308, 0.268763870001, 0.204389125109, 0.112853758037, 0.112930290401, 0.104718193412, 0.10635907948, 0.169473037124, 0.193228766322, 0.132925927639, 0.0883775651455, 0.0782922282815, 0.0944289267063],
        "var": [0.038419559598, 0.0316667631269, 0.046062245965, 0.066385358572, 0.0659146755934, 0.0441430807114, 0.043161328882, 0.0383041389287, 0.0522769391537, 0.138314589858, 0.143763333559, 0.0492423027754, 0.0341903753579, 0.0212020985782, 0.0162464585155, 0.0233663935214, 0.0319267585874, 0.0464454144239, 0.0577449165285, 0.0564134009182, 0.0355393514037, 0.0400113351643, 0.0347071141005, 0.0469723641872, 0.127260193229, 0.0677144229412, 0.0352893993258, 0.0395425371826, 0.0371883772314, 0.0311499033123, 0.0528932772577, 0.0638681650162, 0.036628793925, 0.0236855056137, 0.0240521207452, 0.0305776335299]
    },
    "chords_histogram": [27.2633743286, 2.67489719391, 12.1399173737, 0, 0, 0, 0, 0, 0, 0, 0, 1.54320991039, 0, 0, 0, 4.73251008987, 0, 10.6995887756, 0.411522626877, 28.9094657898, 4.73251008987, 0, 6.89300394058, 0],
    "thpcp": [1, 0.464161276817, 0.239582031965, 0.186183646321, 0.168398246169, 0.21763522923, 0.274259567261, 0.313904851675, 0.358066260815, 0.328390210867, 0.267932057381, 0.294162333012, 0.271906197071, 0.387695014477, 0.621131360531, 0.472357004881, 0.26081264019, 0.260989487171, 0.242010787129, 0.245802983642, 0.391663581133, 0.446564674377, 0.307200759649, 0.204246506095, 0.180938601494, 0.218231603503, 0.254381030798, 0.249959498644, 0.298225194216, 0.410578608513, 0.417453289032, 0.328206241131, 0.285571604967, 0.270610183477, 0.415448516607, 0.955302536488],
    "chords_key": "C",
    "chords_scale": "minor",
    "key_key": "F",
    "key_scale": "major"
}
}