{
"lowlevel": {
    "average_loudness": 0.881630003452,
    "barkbands_crest": {
        "mean": 11.8359909058,
        "var": 20.3460216522
    },
    "barkbands_flatness_db": {
        "mean": 0.166877567768,
        "var": 0.00778893381357
    },
    "barkbands_kurtosis": {
        "mean": 19.4118099213,
        "var": 850.566589355
    },
    "barkbands_skewness": {
        "mean": 2.76529622078,
        "var": 6.50350952148
    },
    "barkbands_spread": {
        "mean": 33.21900177,
        "var": 954.320556641
    },
    "dissonance": {
        "mean": 0.462562948465,
        "var": 0.00158890429884
    },
    "dynamic_complexity": 4.95145177841,
    "erbbands_crest": {
        "mean": 7.66514015198,
        "var": 15.1823205948
    },
    "erbbands_flatness_db": {
        "mean": 0.117095716298,
        "var": 0.00274852733128
    },
    "erbbands_kurtosis": {
        "mean": 1.79880225658,
        "var": 29.8087673187
    },
    "erbbands_skewness": {
        "mean": 0.484733641148,
        "var": 1.77878701687
    },
    "erbbands_spread": {
        "mean": 68.0253601074,
        "var": 1452.23181152
    },
    "hfc": {
        "mean": 25.5981292725,
        "var": 1095.3984375
    },
    "melbands_crest": {
        "mean": 16.3740406036,
        "var": 20.9560337067
    },
    "melbands_flatness_db": {
        "mean": 0.2547095716,
        "var": 0.0138698751107
    },
    "melbands_kurtosis": {
        "mean": 57.2748947144,
        "var": 5001.26367188
    },
    "melbands_skewness": {
        "mean": 4.99647426605,
        "var": 10.0731954575
    },
    "melbands_spread": {
        "mean": 22.8714694977,
        "var": 1045.72607422
    },
    "pitch_salience": {
        "mean": 0.551440477371,
        "var": 0.0147995306179
    },
    "silence_rate_20dB": {
        "mean": 1,
        "var": 0
    },
    "silence_rate_30dB": {
        "mean": 0.777033984661,
        "var": 0.173251628876
    },
    "silence_rate_60dB": {
        "mean": 0.228115350008,
        "var": 0.176077336073
    },
    "spectral_centroid": {
        "mean": 1346.04919434,
        "var": 1102783.75
    },
    "spectral_complexity": {
        "mean": 9.75695133209,
        "var": 91.6896438599
    },
    "spectral_decrease": {
        "mean": -1.37105988784e-008,
        "var": 2.65251543806e-016
    },
    "spectral_energy": {
        "mean": 0.0540688224137,
        "var": 0.00395635096356
    },
    "spectral_energyband_high": {
        "mean": 0.00189693307038,
        "var": 9.2993132057e-006
    },
    "spectral_energyband_low": {
        "mean": 0.0417738035321,
        "var": 0.00312157231383
    },
    "spectral_energyband_middle_high": {
        "mean": 0.00125163397752,
        "var": 5.3125663726e-006
    },
    "spectral_energyband_middle_low": {
        "mean": 0.013123630546,
        "var": 0.000271082884865
    },
    "spectral_entropy": {
        "mean": 7.67458057404,
        "var": 0.590052008629
    },
    "spectral_flux": {
        "mean": 0.0945637598634,
        "var": 0.00723023153841
    },
    "spectral_kurtosis": {
        "mean": 3.78040146828,
        "var": 25.4048118591
    },
    "spectral_rms": {
        "mean": 0.00574887637049,
        "var": 1.97004810616e-005
    },
    "spectral_rolloff": {
        "mean": 3096.67895508,
        "var": 20537076
    },
    "spectral_skewness": {
        "mean": 1.54145991802,
        "var": 0.64972281456
    },
    "spectral_spread": {
        "mean": 7766418.5,
        "var": 8.09539731456e+012
    },
    "spectral_strongpeak": {
        "mean": 0.577561795712,
        "var": 0.874667644501
    },
    "zerocrossingrate": {
        "mean": 0.106351524591,
        "var": 0.00995463319123
    },
    "barkbands": {
        "mean": [0.000596318452153, 0.0254414789379, 0.011784943752, 0.00636944686994, 0.00440358323976, 0.00114449928515, 0.000523611903191, 0.000275055528618, 0.000362601072993, 0.00029826478567, 0.000139620533446, 7.1335620305e-005, 7.27172810002e-005, 8.08966797194e-005, 0.000111879206088, 0.000113285219413, 6.76463459968e-005, 0.000125010017655, 0.000111807428766, 0.000170811734279, 0.000288978451863, 0.000249280332355, 0.000155659188749, 0.000244775350438, 0.000325890665408, 0.000533840619028, 5.61585238756e-006],
        "var": [2.91965284305e-006, 0.00123502523638, 0.000357782817446, 0.000100944918813, 3.93830050598e-005, 2.78613515547e-006, 7.4037751574e-007, 2.94960955216e-007, 1.98202383217e-006, 2.44717034548e-006, 9.9067648307e-008, 2.31006715978e-008, 6.13255366488e-008, 1.96442442757e-007, 6.14001223198e-008, 8.22195076466e-008, 1.46039047522e-008, 2.11849922493e-007, 8.74934542594e-008, 1.16289520236e-007, 2.70364239441e-007, 2.09252107197e-007, 8.0544900527e-008, 2.26532620218e-007, 2.94769705533e-007, 1.38473762945e-006, 1.40956732397e-010]
    },
    "erbbands": {
        "mean": [0.564640641212, 6.26737689972, 12.9681024551, 21.1446475983, 17.9479084015, 11.7162628174, 10.4164848328, 10.4117364883, 9.75595283508, 6.26941680908, 4.04686069489, 9.43703460693, 8.68260288239, 6.90187311172, 6.00090789795, 2.7776324749, 3.18935227394, 3.0102596283, 5.26581096649, 8.00184345245, 4.76583194733, 4.09843540192, 6.84545564651, 5.64711904526, 6.60818099976, 7.49364566803, 12.4464216232, 9.93352031708, 9.34781837463, 6.31474590302, 4.23588991165, 4.99875593185, 3.90464448929, 2.95369315147, 2.81013846397, 3.18371486664, 0.737958371639, 0.0559350587428, 0.00135835481342, 0.000122205427033],
        "var": [0.746805489063, 74.9598770142, 388.073822021, 992.752319336, 950.157165527, 252.597244263, 262.313293457, 208.142654419, 234.239746094, 129.600601196, 51.9361839294, 1532.50292969, 1591.34106445, 616.106872559, 251.148803711, 27.6227016449, 112.500190735, 60.5045166016, 479.261779785, 394.287719727, 116.292495728, 59.0133934021, 598.924865723, 255.937896729, 260.686004639, 228.02571106, 623.305358887, 294.199188232, 312.356262207, 134.733612061, 56.4979629517, 115.029136658, 50.3753623962, 22.8943977356, 25.036272049, 52.2154579163, 2.24638795853, 0.0107612898573, 6.59558827465e-006, 2.29901040427e-008]
    },
    "gfcc": {
        "mean": [-36.128616333, 53.6255760193, -56.0752754211, 43.7315597534, -49.5012130737, 22.8171443939, -36.5108985901, 14.6140375137, -31.1869926453, 12.5004997253, -29.1582164764, 7.73322248459, -10.3196372986],
        "cov": [[10630.6884766, 145.751907349, 1144.93664551, 464.504211426, -645.746032715, -133.303726196, -380.10760498, -236.448043823, -236.724319458, 135.737380981, 55.8145179749, -23.5563240051, -70.8069076538], [145.751907349, 2587.61694336, 169.282958984, -63.7684440613, 437.801544189, -158.915206909, 7.04976415634, -162.318511963, 171.076904297, -231.499481201, 140.596405029, -83.1924743652, 146.83303833], [1144.93664551, 169.282958984, 1150.50402832, 360.646392822, 79.2492675781, 30.0815525055, 11.2661876678, -118.852561951, -87.1693649292, 57.4575538635, 32.4013900757, 16.1214256287, -11.9098577499], [464.504211426, -63.7684440613, 360.646392822, 821.99017334, 31.4588508606, -10.3288412094, -10.4389104843, -44.645904541, -65.1186218262, -64.5610961914, 71.9031982422, -74.1985397339, -37.0102882385], [-645.746032715, 437.801544189, 79.2492675781, 31.4588508606, 435.234832764, 129.696121216, 74.0301818848, -12.9091119766, 24.9277076721, -30.9123210907, -11.3973884583, 2.53706622124, 18.9364337921], [-133.303726196, -158.915206909, 30.0815525055, -10.3288412094, 129.696121216, 242.36315918, 124.428405762, 40.0350723267, -15.9834747314, 3.4308257103, -60.1370201111, -19.8019943237, -26.1030731201], [-380.10760498, 7.04976415634, 11.2661876678, -10.4389104843, 74.0301818848, 124.428405762, 251.170074463, 145.642059326, 42.2088394165, -10.9464092255, 2.2493596077, -31.7185878754, -38.0687713623], [-236.448043823, -162.318511963, -118.852561951, -44.645904541, -12.9091119766, 40.0350723267, 145.642059326, 182.569992065, 68.5472869873, 22.6047172546, 0.0523629747331, 1.10375499725, -38.7436332703], [-236.724319458, 171.076904297, -87.1693649292, -65.1186218262, 24.9277076721, -15.9834747314, 42.2088394165, 68.5472869873, 114.863929749, 18.516078949, 20.4241695404, -5.22291231155, 7.89729690552], [135.737380981, -231.499481201, 57.4575538635, -64.5610961914, -30.9123210907, 3.4308257103, -10.9464092255, 22.6047172546, 18.516078949, 122.458724976, 24.9181652069, 49.4444465637, -19.2354774475], [55.8145179749, 140.596405029, 32.4013900757, 71.9031982422, -11.3973884583, -60.1370201111, 2.2493596077, 0.0523629747331, 20.4241695404, 24.9181652069, 94.5085754395, 24.2340221405, 1.93662297726], [-23.5563240051, -83.1924743652, 16.1214256287, -74.1985397339, 2.53706622124, -19.8019943237, -31.7185878754, 1.10375499725, -5.22291231155, 49.4444465637, 24.2340221405, 79.3368988037, 19.6364326477], [-70.8069076538, 146.83303833, -11.9098577499, -37.0102882385, 18.9364337921, -26.1030731201, -38.0687713623, -38.7436332703, 7.89729690552, -19.2354774475, 1.93662297726, 19.6364326477, 68.4119262695]],
        "icov": [[0.000159427072504, -0.000204401541851, -0.00012689641153, -6.88316722517e-005, 0.000402921345085, -0.000361192476703, 0.000547602772713, -0.000551821722183, 0.000558726664167, -0.000453669345006, 5.55527440156e-005, 0.000212454149732, 3.2641881262e-005], [-0.000204401541851, 0.00184320751578, -0.000514392915647, 0.00120568787679, -0.00195535831153, 0.00103861303069, -0.000399623357225, 0.00172169087455, -0.0030102704186, 0.0040341867134, -0.00381391285919, 0.0019110821886, -0.000873511540703], [-0.00012689641153, -0.000514392915647, 0.00187230797019, -0.00133640901186, 0.000237299260334, 0.000880292500369, -0.00281332433224, 0.00267900922336, 0.00038420362398, -0.00267623690888, 0.00314143928699, -0.00258552515879, 0.000653922557831], [-6.88316722517e-005, 0.00120568787679, -0.00133640901186, 0.00332586141303, -0.00159809505567, -0.000574617180973, 0.00280715012923, -0.00213659019209, 0.000355669588316, 0.00398106826469, -0.00698671350256, 0.0055699092336, -0.000839898712002], [0.000402921345085, -0.00195535831153, 0.000237299260334, -0.00159809505567, 0.00586704816669, -0.00335388164967, -0.000298395985737, 0.000367191241821, 0.000519803375937, -0.00241137901321, 0.00408110627905, -0.00468361470848, 0.00141959264874], [-0.000361192476703, 0.00103861303069, 0.000880292500369, -0.000574617180973, -0.00335388164967, 0.0115237981081, -0.00892660114914, 0.00607683649287, -0.00105420628097, -0.00190513231792, 0.0070816478692, -0.00167343288194, 0.000904753105715], [0.000547602772713, -0.000399623357225, -0.00281332433224, 0.00280715012923, -0.000298395985737, -0.00892660114914, 0.0208043642342, -0.0187734235078, 0.00599193992093, 0.00315545033664, -0.0122966496274, 0.012198291719, -0.00288278097287], [-0.000551821722183, 0.00172169087455, 0.00267900922336, -0.00213659019209, 0.000367191241821, 0.00607683649287, -0.0187734235078, 0.0291059911251, -0.0160593856126, 0.0026660959702, 0.00931291095912, -0.0153563823551, 0.0100455693901], [0.000558726664167, -0.0030102704186, 0.00038420362398, 0.000355669588316, 0.000519803375937, -0.00105420628097, 0.00599193992093, -0.0160593856126, 0.0253916364163, -0.0120766684413, -0.00208891648799, 0.0115667460486, -0.00859581492841], [-0.000453669345006, 0.0040341867134, -0.00267623690888, 0.00398106826469, -0.00241137901321, -0.00190513231792, 0.00315545033664, 0.0026660959702, -0.0120766684413, 0.0268262699246, -0.0124327819794, -0.00622044177726, 0.00684029236436], [5.55527440156e-005, -0.00381391285919, 0.00314143928699, -0.00698671350256, 0.00408110627905, 0.0070816478692, -0.0122966496274, 0.00931291095912, -0.00208891648799, -0.0124327819794, 0.0342056825757, -0.0189431942999, 0.00622879946604], [0.000212454149732, 0.0019110821886, -0.00258552515879, 0.0055699092336, -0.00468361470848, -0.00167343288194, 0.012198291719, -0.0153563823551, 0.0115667460486, -0.00622044177726, -0.0189431942999, 0.0397432520986, -0.0165252480656], [3.2641881262e-005, -0.000873511540703, 0.000653922557831, -0.000839898712002, 0.00141959264874, 0.000904753105715, -0.00288278097287, 0.0100455693901, -0.00859581492841, 0.00684029236436, 0.00622879946604, -0.0165252480656, 0.0277051348239]]
    },
    "melbands": {
        "mean": [0.00634421315044, 0.00772883091122, 0.00358667597175, 0.00104432867374, 0.000412550522014, 0.000232621488976, 0.000131471577333, 6.68647044222e-005, 2.96391335723e-005, 6.21984363534e-005, 4.47267011623e-005, 3.14827557304e-005, 1.85312492249e-005, 1.08595559141e-005, 5.75199646846e-006, 7.68142763263e-006, 5.20224239153e-006, 8.6309200924e-006, 9.88545707514e-006, 1.01200812423e-005, 4.54207702205e-006, 3.84598797609e-006, 5.66588414586e-006, 5.85212319493e-006, 4.32593469668e-006, 4.55401823274e-006, 5.38863787369e-006, 4.61463196189e-006, 7.84957683209e-006, 6.83550661051e-006, 5.34460059498e-006, 5.3185735851e-006, 4.71991825179e-006, 3.06879815071e-006, 2.12920099329e-006, 3.18987576975e-006, 2.91140099762e-006, 2.61312106886e-006, 2.62353614744e-006, 2.47002731157e-006],
        "var": [8.24140806799e-005, 0.000114773116366, 2.66490242211e-005, 2.4692540137e-006, 3.90794127725e-007, 1.02704071026e-007, 4.20256505151e-008, 1.70288139145e-008, 3.35503957949e-009, 7.10551972816e-008, 4.74798760308e-008, 1.82774790858e-008, 1.8672128288e-009, 7.42991057567e-010, 1.03460795486e-010, 1.07825659512e-009, 2.1088540636e-010, 2.27508700767e-009, 5.51017342865e-010, 7.05499603182e-010, 9.47109404792e-011, 4.56864893139e-011, 3.40728445458e-010, 4.10036865572e-010, 1.58813087681e-010, 1.49718029641e-010, 1.41383460495e-010, 1.10959255673e-010, 3.01590141749e-010, 1.42645631418e-010, 8.91437548778e-011, 1.14810577712e-010, 6.73352762437e-011, 3.60462944216e-011, 1.40305831189e-011, 4.04196745518e-011, 4.21084313251e-011, 2.26977308476e-011, 2.31508978654e-011, 1.58564637115e-011]
    },
    "mfcc": {
        "mean": [-701.037719727, 95.4334869385, 44.1101837158, 33.7502212524, 13.8211307526, 15.8285932541, 6.64850091934, 3.54663920403, 10.8731803894, -0.714389622211, -3.80396056175, -3.02529430389, 0.210163518786],
        "cov": [[9418.51953125, -47.4159851074, 1127.49731445, 416.005340576, -152.363708496, -114.698890686, -172.512435913, -369.366973877, -292.531402588, -113.326553345, -111.999694824, 64.898765564, -57.6897010803], [-47.4159851074, 2378.96704102, -80.6680450439, -24.8012981415, 281.302093506, 59.2617492676, -51.2092247009, 48.9502754211, 20.1807727814, -42.5744247437, -35.9821624756, -45.1842918396, 29.3943805695], [1127.49731445, -80.6680450439, 961.475097656, 385.621704102, 63.3028106689, 109.426773071, 64.2392196655, -90.8231964111, -85.3666229248, -44.706325531, -9.98523044586, 27.8134288788, -18.9810504913], [416.005340576, -24.8012981415, 385.621704102, 576.708984375, 176.662811279, 51.4909248352, 67.7702560425, 5.25212526321, -78.5504455566, -17.6891174316, 17.7061271667, 22.3330364227, 9.07836723328], [-152.363708496, 281.302093506, 63.3028106689, 176.662811279, 281.795684814, 158.145446777, 39.0015945435, 4.92309427261, -3.9812233448, -24.3062286377, -31.9222679138, -16.9279460907, 12.7948789597], [-114.698890686, 59.2617492676, 109.426773071, 51.4909248352, 158.145446777, 224.066574097, 111.877159119, 24.1245326996, 23.0745410919, 8.72907924652, -16.7994003296, -19.1161460876, -7.80859899521], [-172.512435913, -51.2092247009, 64.2392196655, 67.7702560425, 39.0015945435, 111.877159119, 190.668045044, 112.843742371, 48.2983169556, 42.3289108276, 43.7097930908, 11.6846418381, -14.8059368134], [-369.366973877, 48.9502754211, -90.8231964111, 5.25212526321, 4.92309427261, 24.1245326996, 112.843742371, 172.589767456, 96.0085830688, 65.1414108276, 53.5485725403, 10.4817085266, -13.7083873749], [-292.531402588, 20.1807727814, -85.3666229248, -78.5504455566, -3.9812233448, 23.0745410919, 48.2983169556, 96.0085830688, 128.487060547, 66.9680404663, 28.0407161713, 0.897419512272, -2.71596717834], [-113.326553345, -42.5744247437, -44.706325531, -17.6891174316, -24.3062286377, 8.72907924652, 42.3289108276, 65.1414108276, 66.9680404663, 91.696182251, 60.6051673889, 14.0564956665, -7.99876785278], [-111.999694824, -35.9821624756, -9.98523044586, 17.7061271667, -31.9222679138, -16.7994003296, 43.7097930908, 53.5485725403, 28.0407161713, 60.6051673889, 106.10773468, 50.1367301941, 5.38020467758], [64.898765564, -45.1842918396, 27.8134288788, 22.3330364227, -16.9279460907, -19.1161460876, 11.6846418381, 10.4817085266, 0.897419512272, 14.0564956665, 50.1367301941, 71.6531448364, 36.3358764648], [-57.6897010803, 29.3943805695, -18.9810504913, 9.07836723328, 12.7948789597, -7.80859899521, -14.8059368134, -13.7083873749, -2.71596717834, -7.99876785278, 5.38020467758, 36.3358764648, 82.388633728]],
        "icov": [[0.000143946061144, -3.55133124685e-005, -0.000120700206026, -6.30352660664e-005, 0.000140469826874, 4.03932390327e-005, -8.93422202353e-006, 0.000209593796171, 0.000136756585562, -0.000308365240926, 0.00041471698205, -0.000426349055488, 0.000243404458161], [-3.55133124685e-005, 0.000578317791224, -0.000183213298442, 0.00049565162044, -0.00115293136332, 0.000524833041709, 0.000298423488857, -0.000786927121226, 0.000334424141329, 0.000212812272366, -0.000480142072774, 0.000766605022363, -0.0004515920009], [-0.000120700206026, -0.000183213298442, 0.00228089862503, -0.00199517072178, 0.00201145862229, -0.00213040248491, -0.000311724725179, 0.00206993240863, -0.00166495156009, 0.00150513427798, -8.26906543807e-005, -0.00146081729326, 0.00124118442181], [-6.30352660664e-005, 0.00049565162044, -0.00199517072178, 0.00519113754854, -0.00555137032643, 0.00439124181867, -0.00182208104525, -0.00238941563293, 0.00453624874353, -0.00267062219791, -0.000214746003621, 0.00135679042432, -0.00139344006311], [0.000140469826874, -0.00115293136332, 0.00201145862229, -0.00555137032643, 0.0138386217877, -0.0115028033033, 0.0049055730924, 6.86378480168e-005, -0.0033986477647, 0.00464782584459, 0.00016801073798, -0.00165038870182, 0.00029457025812], [4.03932390327e-005, 0.000524833041709, -0.00213040248491, 0.00439124181867, -0.0115028033033, 0.01840175502, -0.0117064742371, 0.00458911946043, 0.00083423074102, -0.00568877253681, 0.00314443185925, 0.00247562187724, -0.000765341566876], [-8.93422202353e-006, 0.000298423488857, -0.000311724725179, -0.00182208104525, 0.0049055730924, -0.0117064742371, 0.0188113059849, -0.0121143329889, 0.00212412653491, 0.00290710525587, -0.00357110262848, -0.000671000161674, 0.000391169276554], [0.000209593796171, -0.000786927121226, 0.00206993240863, -0.00238941563293, 6.86378480168e-005, 0.00458911946043, -0.0121143329889, 0.0224295649678, -0.0120830368251, -0.000169537655893, -0.00117437611334, -0.00158163986634, 0.00350637012161], [0.000136756585562, 0.000334424141329, -0.00166495156009, 0.00453624874353, -0.0033986477647, 0.00083423074102, 0.00212412653491, -0.0120830368251, 0.0239626895636, -0.0145479366183, 0.00566857960075, 0.00029518242809, -0.0030516628176], [-0.000308365240926, 0.000212812272366, 0.00150513427798, -0.00267062219791, 0.00464782584459, -0.00568877253681, 0.00290710525587, -0.000169537655893, -0.0145479366183, 0.0332200787961, -0.0181100517511, 0.00560258282349, 0.00103978638072], [0.00041471698205, -0.000480142072774, -8.26906543807e-005, -0.000214746003621, 0.00016801073798, 0.00314443185925, -0.00357110262848, -0.00117437611334, 0.00566857960075, -0.0181100517511, 0.0297442600131, -0.018606794998, 0.00459349201992], [-0.000426349055488, 0.000766605022363, -0.00146081729326, 0.00135679042432, -0.00165038870182, 0.00247562187724, -0.000671000161674, -0.00158163986634, 0.00029518242809, 0.00560258282349, -0.018606794998, 0.0348852165043, -0.0145676042885], [0.000243404458161, -0.0004515920009, 0.00124118442181, -0.00139344006311, 0.00029457025812, -0.000765341566876, 0.000391169276554, 0.00350637012161, -0.0030516628176, 0.00103978638072, 0.00459349201992, -0.0145676042885, 0.0195692032576]]
    },
    "spectral_contrast_coeffs": {
        "mean": [-0.660629570484, -0.748556554317, -0.809853374958, -0.820294320583, -0.816039562225, -0.790763378143],
        "var": [0.00911164935678, 0.00706749642268, 0.0042927688919, 0.0021878213156, 0.00166879466269, 0.000951930123847]
    },
    "spectral_contrast_valleys": {
        "mean": [-7.18411016464, -7.61592912674, -8.11141586304, -8.52257537842, -8.22236251831, -9.88682365417],
        "var": [2.16564035416, 1.50806891918, 1.02327263355, 0.934614956379, 1.04391372204, 1.57941818237]
    }
},
"metadata": {
    "audio_properties": {
        "analysis_sample_rate": 44100,
        "bit_rate": 128074,
        "equal_loudness": 0,
        "length": 45.0612258911,
        "lossless": 0,
        "replay_gain": -5.2784576416,
        "sample_rate": 44100,
        "codec": "mp3",
        "downmix": "mix",
        "md5_encoded": "8dbad901570cf088693b4370decd27e0"
    },
    "tags": {
        "file_name": "1080.mp3"
    },
    "version": {
        "essentia": "2.1-beta2",
        "essentia_git_sha": "v2.1_beta2",
        "extractor": "music 1.0"
    }
},
"rhythm": {
    "beats_count": 82,
    "beats_loudness": {
        "mean": 0.105468101799,
        "var": 0.0008663298795
    },
    "bpm": 110.966659546,
    "bpm_histogram_first_peak_bpm": {
        "mean": 112,
        "var": 0
    },
    "bpm_histogram_first_peak_spread": {
        "mean": 0.468354463577,
        "var": 0
    },
    "bpm_histogram_first_peak_weight": {
        "mean": 0.518518507481,
        "var": 0
    },
    "bpm_histogram_second_peak_bpm": {
        "mean": 98,
        "var": 0
    },
    "bpm_histogram_second_peak_spread": {
        "mean": 0,
        "var": 0
    },
    "bpm_histogram_second_peak_weight": {
        "mean": 0.0123456791043,
        "var": 0
    },
    "danceability": 1.45003390312,
    "onset_rate": 5.67859888077,
    "beats_loudness_band_ratio": {
        "mean": [0.861761629581, 0.094828158617, 0.0266691874713, 0.00904868729413, 0.0101625891402, 0.0444208756089],
        "var": [0.0080404272303, 0.00492021068931, 0.000656054064166, 6.73056347296e-005, 8.73982789926e-005, 0.00149437517393]
    },
    "beats_position": [0.603718817234, 1.21904754639, 1.78793644905, 2.34521532059, 2.89088439941, 3.43655323982, 3.97061228752, 4.5046710968, 5.0387301445, 5.58439922333, 6.11845779419, 6.66412687302, 7.20979595184, 7.75546455383, 8.28952407837, 8.83519268036, 9.38086128235, 9.91492080688, 10.4489793777, 10.9830379486, 11.5287075043, 12.0743761063, 12.6084346771, 13.1657142639, 13.6997728348, 14.2338323593, 14.7678909302, 15.3251695633, 15.8592290878, 16.3932876587, 16.9389572144, 17.4846248627, 18.0186843872, 18.5527439117, 19.0868015289, 19.6440811157, 20.1781406403, 20.7121982574, 21.2694778442, 21.8035373688, 22.3375968933, 22.8832645416, 23.4173240662, 23.9629936218, 24.497051239, 25.0427207947, 25.5767803192, 26.1224479675, 26.6681175232, 27.2137870789, 27.747844696, 28.2935142517, 28.8391838074, 29.3732414246, 29.9073009491, 30.4645805359, 30.9986381531, 31.5326976776, 32.0667572021, 32.6240348816, 33.1580963135, 33.6921539307, 34.2378234863, 34.783493042, 35.3175506592, 35.8516082764, 36.397277832, 36.9429473877, 37.4770050049, 38.0110664368, 38.5567321777, 39.1024017334, 39.6364631653, 40.1705207825, 40.7045783997, 41.2618598938, 41.795917511, 42.3531951904, 42.8872566223, 43.4213142395, 43.9669837952, 44.5126533508]
},
"tonal": {
    "chords_changes_rate": 0.0504115223885,
    "chords_number_rate": 0.00617283955216,
    "chords_strength": {
        "mean": 0.584054291248,
        "var": 0.0104637118056
    },
    "hpcp_entropy": {
        "mean": 2.36808228493,
        "var": 0.768201768398
    },
    "key_strength": 0.867646157742,
    "tuning_diatonic_strength": 0.68230342865,
    "tuning_equal_tempered_deviation": 0.128960490227,
    "tuning_frequency": 440.508636475,
    "tuning_nontempered_energy_ratio": 0.794063329697,
    "hpcp": {
        "mean": [0.0456740409136, 0.0410291329026, 0.0407251156867, 0.0460646785796, 0.0536556243896, 0.0519660934806, 0.0558239370584, 0.110061079264, 0.261242598295, 0.357769936323, 0.246005877852, 0.145532593131, 0.131779402494, 0.0972544327378, 0.0828436911106, 0.0986860990524, 0.0967697128654, 0.0805627629161, 0.0732305273414, 0.0671238005161, 0.074017368257, 0.0852088853717, 0.133325338364, 0.302882820368, 0.341370463371, 0.174860775471, 0.0816239193082, 0.0615804307163, 0.0659918114543, 0.0994323268533, 0.116928063333, 0.101847447455, 0.113753348589, 0.135382249951, 0.0954510867596, 0.0529664903879],
        "var": [0.0116631081328, 0.00810486264527, 0.00910992641002, 0.0130184786394, 0.0169058497995, 0.0170495770872, 0.0180626288056, 0.0426384881139, 0.0919926613569, 0.149625301361, 0.0788233205676, 0.0643386989832, 0.0695248022676, 0.0408854112029, 0.0337115935981, 0.0472659356892, 0.0413807146251, 0.0274055302143, 0.0283736307174, 0.0286192018539, 0.0353028737009, 0.0431343317032, 0.0457806624472, 0.121020697057, 0.150242865086, 0.0622126050293, 0.0415456593037, 0.0274791941047, 0.0270599909127, 0.043721947819, 0.0490610823035, 0.037952516228, 0.0461768954992, 0.0666194856167, 0.031603757292, 0.0140962442383]
    },
    "chords_histogram": [67.9012374878, 1.64609050751, 0, 0, 0, 1.95473253727, 0, 17.3868312836, 0, 2.36625504494, 0.102880656719, 0, 0, 0, 0, 0, 0, 0.205761313438, 0, 0, 0, 0, 0, 8.43621444702],
    "thpcp": [1, 0.687609136105, 0.406777024269, 0.368335604668, 0.271835118532, 0.231555759907, 0.275836765766, 0.270480275154, 0.225180357695, 0.20468609035, 0.187617212534, 0.206885382533, 0.238166704774, 0.372656643391, 0.846585452557, 0.954161942005, 0.488752007484, 0.228146389127, 0.172122985125, 0.184453204274, 0.277922540903, 0.326824724674, 0.284673005342, 0.317951112986, 0.378405898809, 0.266794592142, 0.148046225309, 0.127663165331, 0.114680215716, 0.113830454648, 0.128755033016, 0.149972423911, 0.145250022411, 0.156033053994, 0.307630866766, 0.730197191238],
    "chords_key": "F",
    "chords_scale": "minor",
    "key_key": "F",
    "key_scale": "minor"
}
}