{
"lowlevel": {
    "average_loudness": 0.926843702793,
    "barkbands_crest": {
        "mean": 11.0358934402,
        "var": 9.89268875122
    },
    "barkbands_flatness_db": {
        "mean": 0.231203377247,
        "var": 0.00332910730503
    },
    "barkbands_kurtosis": {
        "mean": 11.6743059158,
        "var": 82.8605270386
    },
    "barkbands_skewness": {
        "mean": 2.18778705597,
        "var": 0.849488198757
    },
    "barkbands_spread": {
        "mean": 6.98051738739,
        "var": 27.6050128937
    },
    "dissonance": {
        "mean": 0.414537191391,
        "var": 0.00234465720132
    },
    "dynamic_complexity": 2.06374382973,
    "erbbands_crest": {
        "mean": 10.6927022934,
        "var": 18.888666153
    },
    "erbbands_flatness_db": {
        "mean": 0.19482691586,
        "var": 0.00144223391544
    },
    "erbbands_kurtosis": {
        "mean": 5.46389055252,
        "var": 41.8852577209
    },
    "erbbands_skewness": {
        "mean": 1.62493538857,
        "var": 0.701498508453
    },
    "erbbands_spread": {
        "mean": 23.9925193787,
        "var": 295.961456299
    },
    "hfc": {
        "mean": 11.9629249573,
        "var": 93.0954208374
    },
    "melbands_crest": {
        "mean": 13.7873516083,
        "var": 13.6434116364
    },
    "melbands_flatness_db": {
        "mean": 0.33190754056,
        "var": 0.00562995485961
    },
    "melbands_kurtosis": {
        "mean": 16.8052005768,
        "var": 240.362426758
    },
    "melbands_skewness": {
        "mean": 2.48703956604,
        "var": 1.45562589169
    },
    "melbands_spread": {
        "mean": 6.82239961624,
        "var": 24.9324054718
    },
    "pitch_salience": {
        "mean": 0.580770075321,
        "var": 0.00941909849644
    },
    "silence_rate_20dB": {
        "mean": 1,
        "var": 0
    },
    "silence_rate_30dB": {
        "mean": 0.998970150948,
        "var": 0.00102881575003
    },
    "silence_rate_60dB": {
        "mean": 0.00154479919001,
        "var": 0.00154241069686
    },
    "spectral_centroid": {
        "mean": 489.11907959,
        "var": 113146.085938
    },
    "spectral_complexity": {
        "mean": 11.5715761185,
        "var": 16.5404376984
    },
    "spectral_decrease": {
        "mean": -9.46892075859e-009,
        "var": 2.71582105927e-017
    },
    "spectral_energy": {
        "mean": 0.036822937429,
        "var": 0.000410989654483
    },
    "spectral_energyband_high": {
        "mean": 0.000206291180803,
        "var": 1.69115821791e-007
    },
    "spectral_energyband_low": {
        "mean": 0.0144756184891,
        "var": 0.000167097576195
    },
    "spectral_energyband_middle_high": {
        "mean": 0.00155142799485,
        "var": 5.67994948142e-006
    },
    "spectral_energyband_middle_low": {
        "mean": 0.0220056194812,
        "var": 0.000202433482627
    },
    "spectral_entropy": {
        "mean": 6.50861740112,
        "var": 0.300274074078
    },
    "spectral_flux": {
        "mean": 0.0765293389559,
        "var": 0.00129054125864
    },
    "spectral_kurtosis": {
        "mean": 11.1820116043,
        "var": 56.4120674133
    },
    "spectral_rms": {
        "mean": 0.00576515495777,
        "var": 2.68787152891e-006
    },
    "spectral_rolloff": {
        "mean": 449.324310303,
        "var": 279506.5
    },
    "spectral_skewness": {
        "mean": 2.7634203434,
        "var": 1.01193654537
    },
    "spectral_spread": {
        "mean": 4090336.75,
        "var": 2.78911909888e+012
    },
    "spectral_strongpeak": {
        "mean": 0.88364982605,
        "var": 0.966132819653
    },
    "zerocrossingrate": {
        "mean": 0.0239049121737,
        "var": 0.000287545961328
    },
    "barkbands": {
        "mean": [8.0086349044e-005, 0.00875116046518, 0.00428871111944, 0.00378211727366, 0.00698685552925, 0.00472438847646, 0.00244089914486, 0.00306224520318, 0.000910322472919, 0.000343481777236, 0.000411104323575, 0.000174182510818, 0.000247878779192, 8.87164424057e-005, 9.7128257039e-005, 4.19651551056e-005, 4.0452414396e-005, 1.73898370122e-005, 6.99190277373e-005, 8.15571765997e-005, 5.29318022018e-005, 6.20320497546e-005, 2.2552374503e-005, 2.32549900829e-005, 1.64034099726e-005, 4.71414023195e-006, 5.26935934886e-007],
        "var": [3.78002376067e-008, 9.3637885584e-005, 2.13077346416e-005, 1.813813833e-005, 3.40671540471e-005, 2.5269064281e-005, 2.01988987101e-005, 7.28282902855e-005, 9.06298646441e-006, 8.35913510855e-007, 1.20472520848e-006, 4.20951835167e-007, 2.16144513843e-007, 8.4390592292e-008, 5.30040473734e-008, 8.12572853448e-009, 3.30660054892e-009, 1.58485613522e-009, 3.41293251438e-008, 5.14112059591e-008, 1.26702790482e-008, 2.71088733683e-008, 4.47987291707e-009, 4.58607285481e-009, 3.1268756473e-009, 6.12724107563e-011, 8.61202981758e-013]
    },
    "erbbands": {
        "mean": [0.127036169171, 2.35217046738, 5.96323871613, 7.88689184189, 19.0101509094, 24.0562992096, 36.7207107544, 35.6477088928, 26.5312290192, 52.7638969421, 61.3550033569, 23.2968540192, 10.3717088699, 18.6515903473, 9.61998176575, 7.46544361115, 10.4814214706, 6.58724164963, 4.70067214966, 3.85614395142, 2.88596057892, 1.87107110023, 1.06663668156, 2.09417867661, 4.78132772446, 3.32061481476, 1.92541468143, 2.34451794624, 2.34645700455, 1.29677331448, 0.602366328239, 0.424172341824, 0.432751178741, 0.255031734705, 0.0779933780432, 0.0255106855184, 0.00777568807825, 0.00167271390092, 7.05045749783e-005, 4.24513455073e-005],
        "var": [0.0340552702546, 6.55123233795, 32.4932785034, 56.694065094, 299.035247803, 635.24432373, 1788.71838379, 1955.31140137, 1031.78466797, 9912.87792969, 25686.7050781, 3597.19995117, 494.705322266, 2239.05957031, 668.138000488, 819.230285645, 341.003753662, 202.046661377, 129.799621582, 100.151397705, 25.5025863647, 8.69791412354, 4.64320468903, 25.8877811432, 142.472305298, 82.8775863647, 18.5636672974, 26.4797744751, 41.4609260559, 14.7727193832, 3.49243688583, 1.20616686344, 2.34494972229, 0.940907657146, 0.0496636144817, 0.00260772649199, 0.000246652285568, 6.95287735653e-006, 8.58571880258e-009, 5.33830146754e-010]
    },
    "gfcc": {
        "mean": [-41.7379760742, 134.567092896, -59.4634552002, 22.6861419678, -69.6930770874, 5.56228017807, -39.8560562134, 2.91750741005, -22.7424030304, 4.44335079193, -18.0781860352, -5.49915981293, -7.52654361725],
        "cov": [[3737.40722656, -362.436767578, -1609.56262207, 173.32585144, 46.4841308594, 52.1199455261, 101.968536377, -131.363082886, -79.5842132568, 206.288635254, 37.3176841736, -63.7852134705, -107.425086975], [-362.436767578, 547.356262207, 184.750305176, -265.221282959, 216.148010254, 84.5069732666, -33.7296943665, -22.8281402588, 52.7165794373, -66.4021072388, 73.723274231, 18.319316864, 26.6942405701], [-1609.56262207, 184.750305176, 1502.8416748, 139.082733154, -141.939620972, 3.21092677116, 19.0807209015, 164.857391357, 109.707649231, -127.789596558, -51.841003418, 63.9673080444, 66.8909301758], [173.32585144, -265.221282959, 139.082733154, 470.781188965, -65.6566085815, -92.5199050903, 66.2599334717, 77.366027832, 67.7344055176, 41.0866928101, -64.3311004639, -13.5445137024, 54.4284858704], [46.4841308594, 216.148010254, -141.939620972, -65.6566085815, 356.939361572, 111.512275696, -63.8107261658, -28.4714546204, 62.1415061951, 10.8588323593, 35.5335083008, 11.2900190353, 33.9577827454], [52.1199455261, 84.5069732666, 3.21092677116, -92.5199050903, 111.512275696, 191.167327881, 0.640056550503, -24.7861423492, 8.35222244263, -10.6997861862, 45.3089370728, 21.433839798, -12.3896741867], [101.968536377, -33.7296943665, 19.0807209015, 66.2599334717, -63.8107261658, 0.640056550503, 223.827331543, 65.7384338379, -68.2652893066, 21.1432189941, 10.4695949554, 3.10716438293, 0.862447321415], [-131.363082886, -22.8281402588, 164.857391357, 77.366027832, -28.4714546204, -24.7861423492, 65.7384338379, 121.452064514, 22.9363193512, -5.31783056259, -10.2087488174, 9.82570934296, 34.1472396851], [-79.5842132568, 52.7165794373, 109.707649231, 67.7344055176, 62.1415061951, 8.35222244263, -68.2652893066, 22.9363193512, 156.60017395, 18.6877994537, -15.7989397049, 8.75662899017, 28.0844306946], [206.288635254, -66.4021072388, -127.789596558, 41.0866928101, 10.8588323593, -10.6997861862, 21.1432189941, -5.31783056259, 18.6877994537, 113.977127075, -5.30426597595, -41.4290390015, 3.86800837517], [37.3176841736, 73.723274231, -51.841003418, -64.3311004639, 35.5335083008, 45.3089370728, 10.4695949554, -10.2087488174, -15.7989397049, -5.30426597595, 110.946372986, 37.4516639709, -35.4240760803], [-63.7852134705, 18.319316864, 63.9673080444, -13.5445137024, 11.2900190353, 21.433839798, 3.10716438293, 9.82570934296, 8.75662899017, -41.4290390015, 37.4516639709, 86.2720413208, 3.05315327644], [-107.425086975, 26.6942405701, 66.8909301758, 54.4284858704, 33.9577827454, -12.3896741867, 0.862447321415, 34.1472396851, 28.0844306946, 3.86800837517, -35.4240760803, 3.05315327644, 90.0436553955]],
        "icov": [[0.000712797278538, -0.000842322071549, 0.00100462406408, -0.00110181455966, 0.00071346166078, -0.000980438431725, 0.000365438638255, -0.000571342534386, 0.00048982509179, -0.000933636794798, 0.000940244295634, -0.000955698080361, 0.00111864693463], [-0.000842322071549, 0.00960049591959, -0.00294883642346, 0.00686636194587, -0.00546699855477, 0.00454926630482, -0.00555568141863, 0.00536654563621, -0.00674272235483, 0.00730618741363, -0.00790528114885, 0.00763843255118, -0.00668501714244], [0.00100462406408, -0.00294883642346, 0.00279253581539, -0.00277428352274, 0.00253789336421, -0.00257221865468, 0.00162133411504, -0.00277638738044, 0.00119315285701, -0.00145401991904, 0.00291724316776, -0.00274072866887, 0.00233247550204], [-0.00110181455966, 0.00686636194587, -0.00277428352274, 0.00842419825494, -0.00386527832597, 0.00484065711498, -0.0050887754187, 0.00354533735663, -0.00635129213333, 0.00478747393936, -0.00495405495167, 0.00549318175763, -0.00591325340793], [0.00071346166078, -0.00546699855477, 0.00253789336421, -0.00386527832597, 0.00784393120557, -0.00519009167328, 0.00378455664031, -0.0028309924528, 0.00211932463571, -0.00394820794463, 0.00310759805143, -0.00385196413845, 0.00114985217806], [-0.000980438431725, 0.00454926630482, -0.00257221865468, 0.00484065711498, -0.00519009167328, 0.0106198871508, -0.00434523122385, 0.00454797968268, -0.00409317947924, 0.00409995578229, -0.00545238656923, 0.0035116111394, -0.00296165444888], [0.000365438638255, -0.00555568141863, 0.00162133411504, -0.0050887754187, 0.00378455664031, -0.00434523122385, 0.0116186337546, -0.00829549040645, 0.00895404350013, -0.00708044460043, 0.00437788851559, -0.00580554269254, 0.00439460296184], [-0.000571342534386, 0.00536654563621, -0.00277638738044, 0.00354533735663, -0.0028309924528, 0.00454797968268, -0.00829549040645, 0.0178090725094, -0.00720378849655, 0.00582966813818, -0.00611677439883, 0.00503035867587, -0.00791452825069], [0.00048982509179, -0.00674272235483, 0.00119315285701, -0.00635129213333, 0.00211932463571, -0.00409317947924, 0.00895404350013, -0.00720378849655, 0.0165117010474, -0.0093089742586, 0.00697807455435, -0.00820608530194, 0.00509319175035], [-0.000933636794798, 0.00730618741363, -0.00145401991904, 0.00478747393936, -0.00394820794463, 0.00409995578229, -0.00708044460043, 0.00582966813818, -0.0093089742586, 0.0198647603393, -0.00871758069843, 0.0131938299164, -0.0070102578029], [0.000940244295634, -0.00790528114885, 0.00291724316776, -0.00495405495167, 0.00310759805143, -0.00545238656923, 0.00437788851559, -0.00611677439883, 0.00697807455435, -0.00871758069843, 0.0217283945531, -0.0138270342723, 0.0118633517995], [-0.000955698080361, 0.00763843255118, -0.00274072866887, 0.00549318175763, -0.00385196413845, 0.0035116111394, -0.00580554269254, 0.00503035867587, -0.00820608530194, 0.0131938299164, -0.0138270342723, 0.0249111671001, -0.00889697205275], [0.00111864693463, -0.00668501714244, 0.00233247550204, -0.00591325340793, 0.00114985217806, -0.00296165444888, 0.00439460296184, -0.00791452825069, 0.00509319175035, -0.0070102578029, 0.0118633517995, -0.00889697205275, 0.0220633801073]]
    },
    "melbands": {
        "mean": [0.0018194996519, 0.00327464914881, 0.00179689831566, 0.00154209008906, 0.00123039865866, 0.000801238871645, 0.000450815190561, 0.000638373370748, 0.000443041702965, 0.000128757572384, 4.7140638344e-005, 7.29209714336e-005, 3.97194999096e-005, 2.16098360397e-005, 1.4797203221e-005, 2.89948820864e-005, 9.66062088992e-006, 7.08898960511e-006, 8.53106757859e-006, 2.72773604593e-006, 3.60754393114e-006, 2.2062070002e-006, 1.089440957e-006, 8.02605768513e-007, 1.60040565333e-006, 3.28458691001e-006, 3.93371055907e-006, 1.71970475549e-006, 1.1336632042e-006, 1.34623860504e-006, 1.31585352392e-006, 1.37683605317e-006, 1.09044151486e-006, 5.67309371036e-007, 3.48502652514e-007, 2.68593936426e-007, 2.50726770901e-007, 3.05118362576e-007, 2.77258010328e-007, 1.98120233108e-007],
        "var": [4.54744940726e-006, 9.38327593758e-006, 2.62378762272e-006, 1.73849230123e-006, 1.64493269494e-006, 8.59275928633e-007, 4.23803754757e-007, 1.80526308213e-006, 1.33847538564e-006, 1.26200532691e-007, 1.24917791666e-008, 3.53041436085e-008, 1.30611965687e-008, 5.50107204234e-009, 3.86558163257e-009, 2.58447707679e-009, 7.02170266376e-010, 5.20277099181e-010, 4.58191790065e-010, 5.36555661013e-011, 3.44302086841e-011, 1.20189231831e-011, 4.77269569352e-012, 4.20412316071e-012, 1.77886975983e-011, 1.0475081913e-010, 1.20103732515e-010, 2.7591394447e-011, 8.5152648821e-012, 1.00653105642e-011, 7.99519912081e-012, 1.34064113977e-011, 1.00219390078e-011, 3.26753468033e-012, 1.29048529675e-012, 6.53069070176e-013, 3.74701219488e-013, 1.36332156501e-012, 8.19469600684e-013, 7.39899027463e-013]
    },
    "mfcc": {
        "mean": [-705.531494141, 169.020202637, 56.2228469849, 24.0628929138, -0.380708754063, 0.844215154648, -4.1495308876, -8.22821521759, 2.83869314194, -0.976332902908, -1.64183676243, -2.95059275627, 0.189849287271],
        "cov": [[4297.66455078, -765.801940918, -1715.95581055, 1.38891983032, -303.784576416, 263.169006348, 93.9532699585, -228.882461548, -97.7063369751, 12.1211433411, 189.458175659, -56.1154212952, 100.308853149], [-765.801940918, 885.902587891, 90.8360137939, -307.474456787, 216.836868286, 5.31030750275, 48.1069450378, 89.6628875732, -75.7445678711, -18.9192867279, -21.0136146545, 46.4402732849, -37.340675354], [-1715.95581055, 90.8360137939, 1297.97033691, 202.788787842, 32.0653305054, -130.821380615, -66.3483505249, 166.419555664, 113.839889526, 28.5639476776, -60.1156845093, 38.6257019043, -31.671831131], [1.38891983032, -307.474456787, 202.788787842, 438.632232666, -48.7826309204, -48.5405349731, -26.0078163147, -19.5111351013, 151.030181885, 53.4515342712, -13.9748029709, -31.852142334, 67.3472976685], [-303.784576416, 216.836868286, 32.0653305054, -48.7826309204, 361.989532471, 66.6399688721, -89.4741439819, 54.1777000427, 2.75249147415, 32.814491272, -40.6122169495, 34.7686271667, -3.73598408699], [263.169006348, 5.31030750275, -130.821380615, -48.5405349731, 66.6399688721, 156.92048645, 26.171913147, -12.9404563904, -6.20515298843, 16.5789146423, 21.6881732941, 11.9085893631, -12.3435869217], [93.9532699585, 48.1069450378, -66.3483505249, -26.0078163147, -89.4741439819, 26.171913147, 214.592025757, 23.3360538483, -14.1486721039, -8.40359306335, 29.0522632599, -0.536221444607, -14.0991020203], [-228.882461548, 89.6628875732, 166.419555664, -19.5111351013, 54.1777000427, -12.9404563904, 23.3360538483, 193.223220825, -36.7865180969, -23.0147628784, -20.3146324158, 40.1972122192, -9.53455734253], [-97.7063369751, -75.7445678711, 113.839889526, 151.030181885, 2.75249147415, -6.20515298843, -14.1486721039, -36.7865180969, 212.24017334, 55.7524642944, -36.0220565796, -17.5758495331, 37.4998817444], [12.1211433411, -18.9192867279, 28.5639476776, 53.4515342712, 32.814491272, 16.5789146423, -8.40359306335, -23.0147628784, 55.7524642944, 95.2654800415, 4.76828622818, -4.92176961899, 21.632484436], [189.458175659, -21.0136146545, -60.1156845093, -13.9748029709, -40.6122169495, 21.6881732941, 29.0522632599, -20.3146324158, -36.0220565796, 4.76828622818, 109.822113037, 14.1248903275, -5.11951303482], [-56.1154212952, 46.4402732849, 38.6257019043, -31.852142334, 34.7686271667, 11.9085893631, -0.536221444607, 40.1972122192, -17.5758495331, -4.92176961899, 14.1248903275, 66.7504501343, 8.47705459595], [100.308853149, -37.340675354, -31.671831131, 67.3472976685, -3.73598408699, -12.3435869217, -14.0991020203, -9.53455734253, 37.4998817444, 21.632484436, -5.11951303482, 8.47705459595, 93.5746612549]],
        "icov": [[0.000790304504335, 0.000394079717807, 0.000992188928649, -0.000159752496984, 0.00056595983915, -0.000803731847554, 0.000283465458779, -0.000469515158329, 3.12363736157e-005, -0.000294536352158, -0.000552113517188, 1.53699766088e-005, -0.000303705863189], [0.000394079717807, 0.00231455895118, 0.000150379317347, 0.0015822580317, -0.00123728788458, 0.000534223334398, -0.00101289758459, -0.00023035464983, -0.000198166031623, -3.09851711791e-005, -0.000411447312217, 0.00018958246801, -0.000694825430401], [0.000992188928649, 0.000150379317347, 0.00249881739728, -0.000941322476137, 0.00103190471418, -0.000310696428642, 0.000887904607225, -0.0015713761095, -0.000490811944474, -0.000870840623975, -0.000479855807498, -0.000906529079657, 0.000947434164118], [-0.000159752496984, 0.0015822580317, -0.000941322476137, 0.00506590073928, -0.000933841103688, 0.00119061605074, -0.000669779488817, -0.000247077463428, -0.00209829537198, -0.000290352676529, -0.000797355256509, 0.00205540866591, -0.00249011185952], [0.00056595983915, -0.00123728788458, 0.00103190471418, -0.000933841103688, 0.00586322275922, -0.00325239612721, 0.00304889678955, -0.00167549669277, 0.000203219446121, -0.00210569170304, 0.00132171181031, -0.00160887965467, 0.000638078956399], [-0.000803731847554, 0.000534223334398, -0.000310696428642, 0.00119061605074, -0.00325239612721, 0.0100808208808, -0.00227969349362, 0.00106165383477, -0.000826576084364, -0.000869163544849, -0.000903104199097, -0.00136590469629, 0.00168381060939], [0.000283465458779, -0.00101289758459, 0.000887904607225, -0.000669779488817, 0.00304889678955, -0.00227969349362, 0.00688403425738, -0.00211499910802, -0.000408415769925, -0.000600194616709, -0.00100590055808, 0.000198009511223, 0.000946711050346], [-0.000469515158329, -0.00023035464983, -0.0015713761095, -0.000247077463428, -0.00167549669277, 0.00106165383477, -0.00211499910802, 0.00835843943059, 0.00172142032534, 0.00152701535262, 0.00212878431194, -0.00370402727276, 7.26412326912e-005], [3.12363736157e-005, -0.000198166031623, -0.000490811944474, -0.00209829537198, 0.000203219446121, -0.000826576084364, -0.000408415769925, 0.00172142032534, 0.00808089785278, -0.00287034665234, 0.00276716449298, -7.19734453014e-005, -0.00117249344476], [-0.000294536352158, -3.09851711791e-005, -0.000870840623975, -0.000290352676529, -0.00210569170304, -0.000869163544849, -0.000600194616709, 0.00152701535262, -0.00287034665234, 0.0145463701338, -0.00205681775697, 0.00152090459596, -0.00237881112844], [-0.000552113517188, -0.000411447312217, -0.000479855807498, -0.000797355256509, 0.00132171181031, -0.000903104199097, -0.00100590055808, 0.00212878431194, 0.00276716449298, -0.00205681775697, 0.0125574814156, -0.00434155808762, 0.00128499092534], [1.53699766088e-005, 0.00018958246801, -0.000906529079657, 0.00205540866591, -0.00160887965467, -0.00136590469629, 0.000198009511223, -0.00370402727276, -7.19734453014e-005, 0.00152090459596, -0.00434155808762, 0.021304089576, -0.00480921007693], [-0.000303705863189, -0.000694825430401, 0.000947434164118, -0.00249011185952, 0.000638078956399, 0.00168381060939, 0.000946711050346, 7.26412326912e-005, -0.00117249344476, -0.00237881112844, 0.00128499092534, -0.00480921007693, 0.014771213755]]
    },
    "spectral_contrast_coeffs": {
        "mean": [-0.609225571156, -0.680144965649, -0.723490297794, -0.74865424633, -0.786644876003, -0.796437859535],
        "var": [0.00522495806217, 0.00442821253091, 0.00391826312989, 0.0057673919946, 0.00409130286425, 0.00322839943692]
    },
    "spectral_contrast_valleys": {
        "mean": [-6.68255805969, -6.40172290802, -8.11523914337, -9.22185707092, -9.07982349396, -10.7583904266],
        "var": [0.653318703175, 0.55672621727, 0.787661194801, 0.957603633404, 0.832752227783, 0.469016134739]
    }
},
"metadata": {
    "audio_properties": {
        "analysis_sample_rate": 44100,
        "bit_rate": 128074,
        "equal_loudness": 0,
        "length": 45.0612258911,
        "lossless": 0,
        "replay_gain": -6.49633979797,
        "sample_rate": 44100,
        "codec": "mp3",
        "downmix": "mix",
        "md5_encoded": "1fb3227b6fa4603224f64e85b29ecc95"
    },
    "tags": {
        "file_name": "1084.mp3"
    },
    "version": {
        "essentia": "2.1-beta2",
        "essentia_git_sha": "v2.1_beta2",
        "extractor": "music 1.0"
    }
},
"rhythm": {
    "beats_count": 71,
    "beats_loudness": {
        "mean": 0.0466121099889,
        "var": 0.000324699591147
    },
    "bpm": 96.0145874023,
    "bpm_histogram_first_peak_bpm": {
        "mean": 96,
        "var": 0
    },
    "bpm_histogram_first_peak_spread": {
        "mean": 0.185714304447,
        "var": 0
    },
    "bpm_histogram_first_peak_weight": {
        "mean": 0.814285695553,
        "var": 0
    },
    "bpm_histogram_second_peak_bpm": {
        "mean": 0,
        "var": 0
    },
    "bpm_histogram_second_peak_spread": {
        "mean": 0,
        "var": 0
    },
    "bpm_histogram_second_peak_weight": {
        "mean": 0,
        "var": 0
    },
    "danceability": 1.07273292542,
    "onset_rate": 3.63785243034,
    "beats_loudness_band_ratio": {
        "mean": [0.489749372005, 0.285287320614, 0.202514156699, 0.0413435474038, 0.0116983884946, 0.0208539944142],
        "var": [0.0494398102164, 0.0185059960932, 0.0241535082459, 0.00136936956551, 0.000136728558573, 0.000610010349192]
    },
    "beats_position": [0.673378646374, 1.30031740665, 1.92725622654, 2.55419492722, 3.1811337471, 3.80807256699, 4.43501138687, 5.06195020676, 5.6888885498, 6.31582736969, 6.94276618958, 7.55809497833, 8.17342376709, 8.80036258698, 9.42730140686, 10.0542402267, 10.6811790466, 11.3081178665, 11.9350566864, 12.5619955063, 13.177324295, 13.8042631149, 14.4312019348, 15.0581407547, 15.6734695435, 16.3004074097, 16.9273471832, 17.5542850494, 18.181224823, 18.8081626892, 19.4351024628, 20.062040329, 20.6889801025, 21.3159179688, 21.942855835, 22.5697956085, 23.1967334747, 23.8236732483, 24.4273910522, 25.0543308258, 25.681268692, 26.3082084656, 26.9351463318, 27.5620861053, 28.1890239716, 28.8159637451, 29.4312915802, 30.0582313538, 30.6735591888, 31.3004989624, 31.9274368286, 32.5543746948, 33.1813163757, 33.8082542419, 34.4351921082, 35.0621299744, 35.6890678406, 36.3160095215, 36.9313354492, 37.5466651917, 38.1736030579, 38.8121528625, 39.427482605, 40.0544204712, 40.6813583374, 41.3083000183, 41.9352378845, 42.5621757507, 43.1891136169, 43.8044433594, 44.4197731018]
},
"tonal": {
    "chords_changes_rate": 0.031893003732,
    "chords_number_rate": 0.0102880662307,
    "chords_strength": {
        "mean": 0.531327903271,
        "var": 0.00856277626008
    },
    "hpcp_entropy": {
        "mean": 1.8783839941,
        "var": 0.301922529936
    },
    "key_strength": 0.756529152393,
    "tuning_diatonic_strength": 0.558754742146,
    "tuning_equal_tempered_deviation": 0.0211170110852,
    "tuning_frequency": 440.508636475,
    "tuning_nontempered_energy_ratio": 0.617643535137,
    "hpcp": {
        "mean": [0.0285986624658, 0.0513930357993, 0.187908500433, 0.304078191519, 0.195542514324, 0.0620455257595, 0.0277783963829, 0.0258317831904, 0.0683866664767, 0.103212602437, 0.0803331807256, 0.0633550286293, 0.0604342594743, 0.0568018108606, 0.107582777739, 0.136322423816, 0.112492911518, 0.1884624511, 0.219467371702, 0.108642145991, 0.0655042678118, 0.0782976597548, 0.0855131745338, 0.270662397146, 0.353016138077, 0.150319576263, 0.0543536581099, 0.0629628673196, 0.0526798032224, 0.136536702514, 0.180406987667, 0.0922564119101, 0.0903716385365, 0.121542565525, 0.0667488649487, 0.0243965983391],
        "var": [0.006148702465, 0.0133675504476, 0.0636271759868, 0.122284501791, 0.0616283416748, 0.0245949197561, 0.010829506442, 0.0105178542435, 0.0189673956484, 0.0337047763169, 0.0318705439568, 0.0361091904342, 0.0281185880303, 0.0243339817971, 0.0391626618803, 0.0464829169214, 0.0307086165994, 0.0946456044912, 0.107987619936, 0.0336796082556, 0.0351029522717, 0.0574422031641, 0.0297952424735, 0.108673997223, 0.148635283113, 0.0334286242723, 0.0187794771045, 0.0339320227504, 0.0147943785414, 0.065242767334, 0.0940090641379, 0.0196761637926, 0.0430085770786, 0.0837981849909, 0.0293389428407, 0.00438805948943]
    },
    "chords_histogram": [6.17283964157, 1.23456788063, 55.4526748657, 0, 1.23456788063, 0, 0.617283940315, 1.02880656719, 0, 0, 0, 0, 0, 0, 0, 0, 0, 0, 3.90946507454, 2.26337456703, 0.720164597034, 4.73251008987, 8.64197540283, 13.9917697906],
    "thpcp": [1, 0.425815016031, 0.153969332576, 0.178356915712, 0.149227753282, 0.386771857738, 0.511044561863, 0.261337667704, 0.25599861145, 0.344297468662, 0.18908162415, 0.0691090151668, 0.0810123383999, 0.145582675934, 0.532294392586, 0.861371934414, 0.553919494152, 0.175758332014, 0.0786887407303, 0.0731745138764, 0.193721070886, 0.292373597622, 0.227562353015, 0.179467797279, 0.171194046736, 0.160904288292, 0.304753154516, 0.386164844036, 0.3186622262, 0.533863544464, 0.621692180634, 0.307754039764, 0.185556009412, 0.221796259284, 0.24223588407, 0.76671397686],
    "chords_key": "A#",
    "chords_scale": "major",
    "key_key": "D#",
    "key_scale": "major"
}
}