{
"lowlevel": {
    "average_loudness": 0.929894328117,
    "barkbands_crest": {
        "mean": 13.6126890182,
        "var": 42.4977111816
    },
    "barkbands_flatness_db": {
        "mean": 0.211593985558,
        "var": 0.0152506539598
    },
    "barkbands_kurtosis": {
        "mean": 47.8594551086,
        "var": 52869.3242188
    },
    "barkbands_skewness": {
        "mean": 3.23787999153,
        "var": 23.3042373657
    },
    "barkbands_spread": {
        "mean": 17.804473877,
        "var": 247.866134644
    },
    "dissonance": {
        "mean": 0.44458141923,
        "var": 0.00342243607156
    },
    "dynamic_complexity": 4.02384281158,
    "erbbands_crest": {
        "mean": 12.0530261993,
        "var": 52.8694419861
    },
    "erbbands_flatness_db": {
        "mean": 0.196744799614,
        "var": 0.00614890409634
    },
    "erbbands_kurtosis": {
        "mean": 8.23470592499,
        "var": 1039.45373535
    },
    "erbbands_skewness": {
        "mean": 0.758479297161,
        "var": 5.8399143219
    },
    "erbbands_spread": {
        "mean": 37.4986610413,
        "var": 560.689758301
    },
    "hfc": {
        "mean": 12.4462757111,
        "var": 239.932800293
    },
    "melbands_crest": {
        "mean": 19.0172996521,
        "var": 61.4903182983
    },
    "melbands_flatness_db": {
        "mean": 0.281832396984,
        "var": 0.0218678824604
    },
    "melbands_kurtosis": {
        "mean": 64.1232452393,
        "var": 15766.8134766
    },
    "melbands_skewness": {
        "mean": 4.42577219009,
        "var": 17.3769569397
    },
    "melbands_spread": {
        "mean": 21.0471038818,
        "var": 617.874267578
    },
    "pitch_salience": {
        "mean": 0.439450979233,
        "var": 0.039583042264
    },
    "silence_rate_20dB": {
        "mean": 1,
        "var": 0
    },
    "silence_rate_30dB": {
        "mean": 1,
        "var": 0
    },
    "silence_rate_60dB": {
        "mean": 0.195159628987,
        "var": 0.157071128488
    },
    "spectral_centroid": {
        "mean": 1171.04284668,
        "var": 868444.1875
    },
    "spectral_complexity": {
        "mean": 11.8218336105,
        "var": 175.005310059
    },
    "spectral_decrease": {
        "mean": -6.16264239639e-009,
        "var": 3.33400638369e-017
    },
    "spectral_energy": {
        "mean": 0.0243881437927,
        "var": 0.000518799119163
    },
    "spectral_energyband_high": {
        "mean": 0.000397837866331,
        "var": 4.31830329717e-007
    },
    "spectral_energyband_low": {
        "mean": 0.0102418791503,
        "var": 0.000165201126947
    },
    "spectral_energyband_middle_high": {
        "mean": 0.00342390174046,
        "var": 3.2804433431e-005
    },
    "spectral_energyband_middle_low": {
        "mean": 0.0123277325183,
        "var": 0.000192422114196
    },
    "spectral_entropy": {
        "mean": 7.0348815918,
        "var": 1.11533713341
    },
    "spectral_flux": {
        "mean": 0.0672950968146,
        "var": 0.00364394858479
    },
    "spectral_kurtosis": {
        "mean": 9.21107006073,
        "var": 180.942993164
    },
    "spectral_rms": {
        "mean": 0.00421759160236,
        "var": 6.00519160798e-006
    },
    "spectral_rolloff": {
        "mean": 1293.89538574,
        "var": 2111714
    },
    "spectral_skewness": {
        "mean": 1.94089996815,
        "var": 1.49066150188
    },
    "spectral_spread": {
        "mean": 3951524.75,
        "var": 2.72765078733e+012
    },
    "spectral_strongpeak": {
        "mean": 0.617837309837,
        "var": 0.305977672338
    },
    "zerocrossingrate": {
        "mean": 0.0449887551367,
        "var": 0.00168340862729
    },
    "barkbands": {
        "mean": [7.14283960406e-005, 0.00400652457029, 0.00420073000714, 0.00373088219203, 0.00529199838638, 0.00105936243199, 0.00107183330692, 0.000483986194013, 0.000626079214271, 0.000498222652823, 0.000523533846717, 0.000413277419284, 0.000364689389244, 0.000216516767978, 0.000252227357123, 0.000273242621915, 0.000257518957369, 0.000301149877487, 0.000243594011408, 0.000179800161277, 0.000148188628373, 7.77525856392e-005, 3.53518225893e-005, 2.36096675508e-005, 2.24957675528e-005, 1.36822400236e-005, 4.62078531882e-007],
        "var": [4.04121180964e-008, 6.15778626525e-005, 4.78639303765e-005, 4.23820711148e-005, 6.98226867826e-005, 7.82942606747e-006, 8.19095930638e-006, 2.5727611046e-006, 1.97673102775e-006, 2.05685796573e-006, 1.95706502382e-006, 1.50389689679e-006, 1.16431078823e-006, 4.74380357218e-007, 3.23168819705e-007, 4.62827728143e-007, 3.06631619651e-007, 4.06450368473e-007, 2.12974157421e-007, 9.50949328171e-008, 6.17175146544e-008, 1.75172409911e-008, 3.30668648019e-009, 1.99435534753e-009, 2.55337662125e-009, 1.02262909252e-009, 3.06268508818e-012]
    },
    "erbbands": {
        "mean": [0.105621173978, 0.979659855366, 4.23794078827, 9.6457529068, 17.6741847992, 17.0338020325, 9.42635059357, 8.33983135223, 14.2397613525, 11.8847827911, 14.5595016479, 13.3175153732, 10.9942674637, 26.0655078888, 12.6160469055, 18.5237522125, 17.7647533417, 11.7210226059, 11.3059005737, 16.8671531677, 13.6216087341, 15.212928772, 17.2103805542, 12.0935459137, 12.152264595, 8.49929904938, 5.94462776184, 5.72966527939, 2.99650645256, 1.82564425468, 0.951572299004, 0.598343670368, 0.339758366346, 0.274363905191, 0.146459922194, 0.0789818838239, 0.0206416510046, 0.00249348161742, 7.49591708882e-005, 3.03529304801e-005],
        "var": [0.0586077310145, 3.1351647377, 42.1337928772, 198.686248779, 742.382873535, 1182.81469727, 688.300415039, 640.96496582, 2054.45263672, 671.972717285, 1946.21960449, 1019.36273193, 900.955566406, 4081.51098633, 786.11505127, 2834.35058594, 2463.12280273, 832.367858887, 920.50402832, 1772.60949707, 1011.91601563, 1049.12634277, 1420.29345703, 536.789123535, 492.091491699, 216.573654175, 104.244018555, 92.4402999878, 26.2153816223, 9.4682226181, 2.51163077354, 1.11561751366, 0.458309918642, 0.395726501942, 0.10774653405, 0.0362138673663, 0.00221492210403, 3.83806109312e-005, 2.86699624041e-008, 7.47397310707e-010]
    },
    "gfcc": {
        "mean": [-88.8274841309, 98.6142501831, -107.241004944, 42.7875976563, -46.9671592712, 3.54418802261, -36.8800239563, -3.5725684166, -32.8948287964, -5.85126113892, -20.4586696625, -3.63475012779, -13.6893644333],
        "cov": [[15029.0820313, -768.81036377, -1689.37219238, 81.8545532227, -1186.97631836, 165.299713135, -181.274261475, 649.536193848, -117.828407288, 293.718475342, -322.836364746, 71.7267608643, -286.656463623], [-768.81036377, 2941.42211914, 689.835998535, -496.064819336, 474.527313232, -66.6107788086, 549.417907715, -73.7856903076, 408.179534912, -415.712677002, 231.466461182, -191.989547729, 285.336761475], [-1689.37219238, 689.835998535, 1574.4564209, 281.455108643, 303.500976563, -33.178352356, 175.854431152, -111.640419006, -42.0293235779, -149.76385498, -16.2562389374, -111.306091309, 21.4358272552], [81.8545532227, -496.064819336, 281.455108643, 787.143432617, 206.246002197, 41.3304290771, -37.4208564758, -35.753704071, -77.0220947266, 19.4402179718, -49.1177902222, -53.9811935425, -27.2656211853], [-1186.97631836, 474.527313232, 303.500976563, 206.246002197, 637.698059082, 148.596069336, 164.863449097, -47.6508789063, 87.1426544189, -64.1552658081, 56.5963935852, -86.9408111572, 55.520324707], [165.299713135, -66.6107788086, -33.178352356, 41.3304290771, 148.596069336, 337.951263428, 159.330795288, 147.52557373, 47.813129425, 56.2928657532, 5.83700895309, 15.9451398849, -17.2928657532], [-181.274261475, 549.417907715, 175.854431152, -37.4208564758, 164.863449097, 159.330795288, 387.077575684, 164.850738525, 162.027816772, -14.6540269852, 73.3664398193, -2.83155727386, 44.8862228394], [649.536193848, -73.7856903076, -111.640419006, -35.753704071, -47.6508789063, 147.52557373, 164.850738525, 311.353240967, 130.57762146, 125.872428894, 29.6401233673, 72.1238174438, -12.5388507843], [-117.828407288, 408.179534912, -42.0293235779, -77.0220947266, 87.1426544189, 47.813129425, 162.027816772, 130.57762146, 262.715942383, 51.2135429382, 108.18421936, 19.0376548767, 64.380859375], [293.718475342, -415.712677002, -149.76385498, 19.4402179718, -64.1552658081, 56.2928657532, -14.6540269852, 125.872428894, 51.2135429382, 243.406707764, 58.5840415955, 85.7919082642, -36.1118164063], [-322.836364746, 231.466461182, -16.2562389374, -49.1177902222, 56.5963935852, 5.83700895309, 73.3664398193, 29.6401233673, 108.18421936, 58.5840415955, 167.417114258, 59.5288124084, 55.1714477539], [71.7267608643, -191.989547729, -111.306091309, -53.9811935425, -86.9408111572, 15.9451398849, -2.83155727386, 72.1238174438, 19.0376548767, 85.7919082642, 59.5288124084, 155.758499146, 34.6476097107], [-286.656463623, 285.336761475, 21.4358272552, -27.2656211853, 55.520324707, -17.2928657532, 44.8862228394, -12.5388507843, 64.380859375, -36.1118164063, 55.1714477539, 34.6476097107, 143.957931519]],
        "icov": [[0.000137567229103, -0.00030882601277, 0.000197541492525, -0.000292339449516, 0.000294543628115, -0.00014054751955, 0.000206358774449, -0.000301494903397, 0.000293234188575, -0.000342488812748, 0.000390764093027, -0.000133143214043, 0.000245415372774], [-0.00030882601277, 0.00258599920198, -0.00092448561918, 0.00180926627945, -0.00105055840686, 0.000926170498133, -0.00171836442314, 0.000708086008672, -0.00207062461413, 0.00311364466324, -0.00268991454504, 0.00225601997226, -0.0019513895968], [0.000197541492525, -0.00092448561918, 0.00126418308355, -0.000956759147812, 0.000270640157396, 3.91225876228e-005, -9.54425413511e-005, -0.00023960667022, 0.0011395891197, -0.00095789617626, 0.00105041195638, -0.000583126093261, 0.000753366504796], [-0.000292339449516, 0.00180926627945, -0.000956759147812, 0.00296537601389, -0.00150402938016, 0.000683498219587, -0.000845624192152, 0.000353155744961, -0.000898238620721, 0.00151734764222, -0.00158884748816, 0.00184892560355, -0.00156128127128], [0.000294543628115, -0.00105055840686, 0.000270640157396, -0.00150402938016, 0.00365329510532, -0.00200691423379, 0.000190987077076, 0.000726199708879, 3.87697218684e-005, -0.00106818426866, 0.000321130355587, 0.000581152620725, 0.000149062951095], [-0.00014054751955, 0.000926170498133, 3.91225876228e-005, 0.000683498219587, -0.00200691423379, 0.00563096627593, -0.00228924606927, -0.0015891182702, 0.000531669298653, 0.000372312497348, -0.000105583858385, 0.000269024312729, -0.000134846908622], [0.000206358774449, -0.00171836442314, -9.54425413511e-005, -0.000845624192152, 0.000190987077076, -0.00228924606927, 0.00743851345032, -0.00360881397501, -9.69180837274e-005, 0.000162942596944, -0.000178799673449, -0.00065913941944, 0.00099997036159], [-0.000301494903397, 0.000708086008672, -0.00023960667022, 0.000353155744961, 0.000726199708879, -0.0015891182702, -0.00360881397501, 0.00970519054681, -0.00428058207035, -0.00194406672381, 0.0022706175223, -0.0024691966828, 0.000749092025217], [0.000293234188575, -0.00207062461413, 0.0011395891197, -0.000898238620721, 3.87697218684e-005, 0.000531669298653, -9.69180837274e-005, -0.00428058207035, 0.0107797589153, -0.00354783586226, -0.00172638695221, 0.00135344313458, -0.00132047745865], [-0.000342488812748, 0.00311364466324, -0.00095789617626, 0.00151734764222, -0.00106818426866, 0.000372312497348, 0.000162942596944, -0.00194406672381, -0.00354783586226, 0.0121207134798, -0.00623176479712, 6.41508086119e-005, 0.000813094258774], [0.000390764093027, -0.00268991454504, 0.00105041195638, -0.00158884748816, 0.000321130355587, -0.000105583858385, -0.000178799673449, 0.0022706175223, -0.00172638695221, -0.00623176479712, 0.0149710690603, -0.00641286140308, 0.000784058182035], [-0.000133143214043, 0.00225601997226, -0.000583126093261, 0.00184892560355, 0.000581152620725, 0.000269024312729, -0.00065913941944, -0.0024691966828, 0.00135344313458, 6.41508086119e-005, -0.00641286140308, 0.0145281553268, -0.00612919544801], [0.000245415372774, -0.0019513895968, 0.000753366504796, -0.00156128127128, 0.000149062951095, -0.000134846908622, 0.00099997036159, 0.000749092025217, -0.00132047745865, 0.000813094258774, 0.000784058182035, -0.00612919544801, 0.0125440452248]]
    },
    "melbands": {
        "mean": [0.00103029038291, 0.00190419028513, 0.00189859420061, 0.00136156880762, 0.000372723909095, 0.000192991734366, 0.000219575711526, 0.000117204268463, 0.00012959522428, 7.83603463788e-005, 5.43149872101e-005, 0.000105637976958, 4.95534186484e-005, 4.32082124462e-005, 4.81666793348e-005, 3.25228502334e-005, 2.06946278922e-005, 1.75138648046e-005, 2.04567186302e-005, 2.06509212148e-005, 1.54071658471e-005, 1.55909910973e-005, 1.75716086233e-005, 1.26437244035e-005, 9.4178285508e-006, 8.94631557458e-006, 8.12662165117e-006, 5.00651503899e-006, 3.68581868315e-006, 3.47680861523e-006, 3.11175267598e-006, 1.6541871446e-006, 1.42721046359e-006, 8.3359304881e-007, 5.72526630549e-007, 4.14968440055e-007, 3.44459749613e-007, 2.36329540826e-007, 2.17146123305e-007, 2.38205160485e-007],
        "var": [4.69649557999e-006, 7.444345556e-006, 6.01685815127e-006, 4.59801731267e-006, 7.19720901543e-007, 2.98606465776e-007, 3.89620311125e-007, 6.9920268686e-008, 1.33827199988e-007, 3.90661227812e-008, 2.59470862574e-008, 6.5397216531e-008, 1.25624151082e-008, 1.83110540064e-008, 1.59906878849e-008, 9.12743480797e-009, 2.87913315411e-009, 3.48902018388e-009, 2.08336059515e-009, 2.92087753984e-009, 1.3473010485e-009, 1.31954869254e-009, 1.36259892258e-009, 7.94394439119e-010, 3.26097759906e-010, 3.22253140839e-010, 2.11557479868e-010, 7.87987036732e-011, 4.22427266777e-011, 3.36014237268e-011, 2.90830415306e-011, 8.01906284431e-012, 6.71834463062e-012, 1.91312764242e-012, 9.59195938822e-013, 4.77474505246e-013, 4.43217972089e-013, 2.28747684856e-013, 1.97136401712e-013, 3.29551165003e-013]
    },
    "mfcc": {
        "mean": [-733.86126709, 123.031997681, 1.21635901928, 38.7213401794, 7.39515447617, 9.48781204224, 2.612398386, 0.658938109875, -5.86358499527, -7.47838926315, -5.3218626976, -6.55189943314, -7.82033586502],
        "cov": [[15360.6123047, -788.786621094, -1559.2578125, -356.067138672, -997.375, -422.807678223, -373.611572266, 49.8228759766, 134.42414856, 163.375839233, 86.6557693481, 268.958526611, 193.798492432], [-788.786621094, 2900.72290039, 456.97076416, -134.104141235, 103.524406433, 0.759223103523, 157.126205444, 313.858306885, 223.512817383, 112.731803894, -73.879119873, 29.5091724396, 151.72366333], [-1559.2578125, 456.97076416, 962.450866699, 302.919494629, 153.83013916, 96.7992172241, 141.492370605, 46.6531982422, 46.1837730408, -17.4287796021, -45.6573791504, -46.7169532776, -34.159526825], [-356.067138672, -134.104141235, 302.919494629, 607.55670166, 225.929916382, 135.27482605, 90.5679702759, -4.07055950165, 25.5098247528, -20.7770023346, -20.7355995178, -35.3339653015, -32.7304801941], [-997.375, 103.524406433, 153.83013916, 225.929916382, 420.633911133, 194.405075073, 122.861846924, 33.5964202881, 36.0622558594, 34.749584198, 1.15346729755, -33.4760856628, -21.8013629913], [-422.807678223, 0.759223103523, 96.7992172241, 135.27482605, 194.405075073, 244.190216064, 146.628799438, 57.4464073181, 53.658706665, 41.6745910645, 19.0965175629, -2.71122312546, -8.64636421204], [-373.611572266, 157.126205444, 141.492370605, 90.5679702759, 122.861846924, 146.628799438, 245.210876465, 125.407043457, 98.2059173584, 54.763420105, 43.3587341309, 32.7525253296, 24.1286125183], [49.8228759766, 313.858306885, 46.6531982422, -4.07055950165, 33.5964202881, 57.4464073181, 125.407043457, 226.950424194, 144.925598145, 77.8492355347, 30.8301582336, 63.4732055664, 63.4758491516], [134.42414856, 223.512817383, 46.1837730408, 25.5098247528, 36.0622558594, 53.658706665, 98.2059173584, 144.925598145, 198.759094238, 112.871116638, 45.3478660583, 53.8451385498, 56.2569580078], [163.375839233, 112.731803894, -17.4287796021, -20.7770023346, 34.749584198, 41.6745910645, 54.763420105, 77.8492355347, 112.871116638, 171.706420898, 84.4040145874, 48.7546195984, 48.4833869934], [86.6557693481, -73.879119873, -45.6573791504, -20.7355995178, 1.15346729755, 19.0965175629, 43.3587341309, 30.8301582336, 45.3478660583, 84.4040145874, 162.171554565, 104.520484924, 57.2179527283], [268.958526611, 29.5091724396, -46.7169532776, -35.3339653015, -33.4760856628, -2.71122312546, 32.7525253296, 63.4732055664, 53.8451385498, 48.7546195984, 104.520484924, 177.78717041, 124.192306519], [193.798492432, 151.72366333, -34.159526825, -32.7304801941, -21.8013629913, -8.64636421204, 24.1286125183, 63.4758491516, 56.2569580078, 48.4833869934, 57.2179527283, 124.192306519, 173.144821167]],
        "icov": [[9.74358990788e-005, 6.46006640181e-007, 0.000152276552399, -0.000114728405606, 0.000239412984229, -1.64473422046e-005, 4.85236159875e-005, -1.63685763255e-005, -6.37346383883e-005, -0.000139469149872, 0.000130979300593, -0.000137764698593, 4.25860744144e-005], [6.46006640181e-007, 0.000518465472851, -0.000277687271591, 0.000279457424767, -0.000247405667324, 0.000301471620332, -3.20165054291e-005, -0.000532530888449, -0.000112588990305, -0.000160432842677, 0.000409130152548, 0.000231767073274, -0.000493346480653], [0.000152276552399, -0.000277687271591, 0.00173163134605, -0.000882911321241, 0.000416629045503, 9.92609202513e-005, -0.000672092603054, 0.000289625721052, -0.000183215248398, -1.61004045367e-005, 0.000340570579283, -0.000230725854635, 0.000409503845731], [-0.000114728405606, 0.000279457424767, -0.000882911321241, 0.00273117003962, -0.0013462966308, -0.000323392450809, -7.09017185727e-005, 0.000404432212235, -0.000814145139884, 0.000910901115276, -3.3340525988e-005, 0.000238596025156, -0.000249086180702], [0.000239412984229, -0.000247405667324, 0.000416629045503, -0.0013462966308, 0.00501802284271, -0.0028954455629, -0.000111774126708, 0.000164396959008, 0.000413363712141, -0.000993365654722, 0.00010675451631, 0.000478937959997, -1.58758703037e-005], [-1.64473422046e-005, 0.000301471620332, 9.92609202513e-005, -0.000323392450809, -0.0028954455629, 0.00909093674272, -0.00412725750357, 0.000100833713077, 5.94587836531e-005, -0.00100461312104, 0.000645304215141, -0.000278970983345, 0.000589111004956], [4.85236159875e-005, -3.20165054291e-005, -0.000672092603054, -7.09017185727e-005, -0.000111774126708, -0.00412725750357, 0.00940448045731, -0.00351942004636, -0.00107116706204, 0.00118293904234, -0.00223511876538, 0.000512816244736, -2.51688288699e-005], [-1.63685763255e-005, -0.000532530888449, 0.000289625721052, 0.000404432212235, 0.000164396959008, 0.000100833713077, -0.00351942004636, 0.0109817599878, -0.00560829928145, -2.08665969694e-005, 0.00183047773317, -0.00235860655084, 2.36838932324e-005], [-6.37346383883e-005, -0.000112588990305, -0.000183215248398, -0.000814145139884, 0.000413363712141, 5.94587836531e-005, -0.00107116706204, -0.00560829928145, 0.0135004231706, -0.00643261708319, 0.00130290002562, -0.000732550106477, -0.000250070326729], [-0.000139469149872, -0.000160432842677, -1.61004045367e-005, 0.000910901115276, -0.000993365654722, -0.00100461312104, 0.00118293904234, -2.08665969694e-005, -0.00643261708319, 0.0133696952835, -0.00693416642025, 0.00365039217286, -0.00184728007298], [0.000130979300593, 0.000409130152548, 0.000340570579283, -3.3340525988e-005, 0.00010675451631, 0.000645304215141, -0.00223511876538, 0.00183047773317, 0.00130290002562, -0.00693416642025, 0.0150306336582, -0.00959174055606, 0.0026730413083], [-0.000137764698593, 0.000231767073274, -0.000230725854635, 0.000238596025156, 0.000478937959997, -0.000278970983345, 0.000512816244736, -0.00235860655084, -0.000732550106477, 0.00365039217286, -0.00959174055606, 0.0185514055192, -0.0101306065917], [4.25860744144e-005, -0.000493346480653, 0.000409503845731, -0.000249086180702, -1.58758703037e-005, 0.000589111004956, -2.51688288699e-005, 2.36838932324e-005, -0.000250070326729, -0.00184728007298, 0.0026730413083, -0.0101306065917, 0.013197706081]]
    },
    "spectral_contrast_coeffs": {
        "mean": [-0.544276237488, -0.742282688618, -0.804611086845, -0.818816125393, -0.811584591866, -0.757614076138],
        "var": [0.0188443679363, 0.00930341612548, 0.00695890933275, 0.00273218168877, 0.00157749303617, 0.00189299311023]
    },
    "spectral_contrast_valleys": {
        "mean": [-8.3399105072, -7.83148002625, -8.26207447052, -8.39905834198, -8.24126720428, -11.1786737442],
        "var": [2.26634550095, 2.26889252663, 2.13930797577, 2.14033913612, 2.28435850143, 2.08909964561]
    }
},
"metadata": {
    "audio_properties": {
        "analysis_sample_rate": 44100,
        "bit_rate": 128074,
        "equal_loudness": 0,
        "length": 45.0612258911,
        "lossless": 0,
        "replay_gain": -6.18379592896,
        "sample_rate": 44100,
        "codec": "mp3",
        "downmix": "mix",
        "md5_encoded": "3ab5732642af8e49688b20db1f7f1565"
    },
    "tags": {
        "file_name": "1085.mp3"
    },
    "version": {
        "essentia": "2.1-beta2",
        "essentia_git_sha": "v2.1_beta2",
        "extractor": "music 1.0"
    }
},
"rhythm": {
    "beats_count": 77,
    "beats_loudness": {
        "mean": 0.0540463849902,
        "var": 0.000177160763997
    },
    "bpm": 103.983940125,
    "bpm_histogram_first_peak_bpm": {
        "mean": 103,
        "var": 0
    },
    "bpm_histogram_first_peak_spread": {
        "mean": 0.171428561211,
        "var": 0
    },
    "bpm_histogram_first_peak_weight": {
        "mean": 0.763157904148,
        "var": 0
    },
    "bpm_histogram_second_peak_bpm": {
        "mean": 108,
        "var": 0
    },
    "bpm_histogram_second_peak_spread": {
        "mean": 0,
        "var": 0
    },
    "bpm_histogram_second_peak_weight": {
        "mean": 0.065789476037,
        "var": 0
    },
    "danceability": 1.48514795303,
    "onset_rate": 4.48076963425,
    "beats_loudness_band_ratio": {
        "mean": [0.599457681179, 0.229558154941, 0.0848008841276, 0.0878932252526, 0.0734674856067, 0.0382234193385],
        "var": [0.0429162830114, 0.0169245861471, 0.00416960846633, 0.00452661188319, 0.005545347929, 0.00167072576005]
    },
    "beats_position": [0.638548731804, 1.25387752056, 1.83437633514, 2.41487526894, 2.99537420273, 3.5758728981, 4.15637159348, 4.73687076569, 5.30575942993, 5.88625860214, 6.45514726639, 7.03564596176, 7.61614513397, 8.19664382935, 8.76553249359, 9.33442115784, 9.91492080688, 10.4954195023, 11.0759181976, 11.656416893, 12.2253055573, 12.8058052063, 13.3746938705, 13.9551925659, 14.5356912613, 15.1161899567, 15.696688652, 16.2771873474, 16.8344669342, 17.4149665833, 17.995464325, 18.575963974, 19.1564617157, 19.7369613647, 20.3058490753, 20.8747386932, 21.4552383423, 22.035736084, 22.616235733, 23.1967334747, 23.7772331238, 24.3577327728, 24.9150104523, 25.4955101013, 26.076007843, 26.6565074921, 27.2370071411, 27.8175048828, 28.3747844696, 28.9552822113, 29.5357818604, 30.1162815094, 30.6967792511, 31.2772789001, 31.8345565796, 32.4150543213, 32.9955558777, 33.5760536194, 34.1565513611, 34.7370529175, 35.3175506592, 35.8980484009, 36.455329895, 37.0358276367, 37.6163253784, 38.1968231201, 38.765712738, 39.3462142944, 39.9151000977, 40.4956016541, 41.0760993958, 41.6565971375, 42.2254867554, 42.8059844971, 43.374874115, 43.9553718567, 44.5358734131]
},
"tonal": {
    "chords_changes_rate": 0.0699588507414,
    "chords_number_rate": 0.0102880662307,
    "chords_strength": {
        "mean": 0.487410157919,
        "var": 0.00963785592467
    },
    "hpcp_entropy": {
        "mean": 2.07142877579,
        "var": 1.0471149683
    },
    "key_strength": 0.874635636806,
    "tuning_diatonic_strength": 0.667214870453,
    "tuning_equal_tempered_deviation": 0.115294612944,
    "tuning_frequency": 438.224517822,
    "tuning_nontempered_energy_ratio": 0.723209440708,
    "hpcp": {
        "mean": [0.10269587487, 0.116206802428, 0.185121357441, 0.322529345751, 0.241744399071, 0.0817536339164, 0.0800096467137, 0.074550807476, 0.0783036574721, 0.0987835898995, 0.0736269801855, 0.0481945239007, 0.0495497658849, 0.0507327504456, 0.0752423852682, 0.118165522814, 0.106134578586, 0.15602992475, 0.239639639854, 0.152769953012, 0.054814837873, 0.0462956093252, 0.0494165681303, 0.0990787819028, 0.153016194701, 0.103105209768, 0.0435832701623, 0.041602615267, 0.0434393659234, 0.0916715636849, 0.165945142508, 0.148081943393, 0.126696750522, 0.165856271982, 0.121972680092, 0.0755447000265],
        "var": [0.0474973544478, 0.0498175881803, 0.0578859969974, 0.157974287868, 0.0972603559494, 0.0229863077402, 0.0382483452559, 0.0296637937427, 0.027338784188, 0.056921992451, 0.0254168957472, 0.014436012134, 0.0164063815027, 0.0161809585989, 0.0228027813137, 0.0666648074985, 0.044495780021, 0.051941730082, 0.125951334834, 0.0517067722976, 0.0179590471089, 0.0150637766346, 0.0135394707322, 0.0310458727181, 0.0828992575407, 0.0341329909861, 0.0111063597724, 0.013395184651, 0.0124716553837, 0.0304627455771, 0.0970170423388, 0.0693529993296, 0.0459263324738, 0.0981430783868, 0.0536824949086, 0.0239198058844]
    },
    "chords_histogram": [46.5020561218, 5.65843629837, 25.3086414337, 3.08641982079, 0.205761313438, 0, 0, 0, 0, 0, 1.44032919407, 0.102880656719, 1.02880656719, 0, 0, 4.73251008987, 0, 0.925925910473, 0, 0, 0.617283940315, 1.13168728352, 7.61316871643, 1.64609050751],
    "thpcp": [1, 0.74952685833, 0.253476589918, 0.248069360852, 0.23114426434, 0.242779940367, 0.30627784133, 0.228279948235, 0.149426788092, 0.153628706932, 0.157296538353, 0.233288496733, 0.366371393204, 0.329069525003, 0.48376968503, 0.743001043797, 0.473662167788, 0.169953018427, 0.143539220095, 0.15321572125, 0.30719307065, 0.474425643682, 0.319676995277, 0.135129630566, 0.128988623619, 0.134683459997, 0.28422704339, 0.51451176405, 0.459127038717, 0.392822384834, 0.514236211777, 0.37817543745, 0.234225824475, 0.318407833576, 0.360298395157, 0.573967456818],
    "chords_key": "D#",
    "chords_scale": "major",
    "key_key": "D#",
    "key_scale": "major"
}
}