{
"lowlevel": {
    "average_loudness": 0.482083380222,
    "barkbands_crest": {
        "mean": 12.5104007721,
        "var": 26.4327392578
    },
    "barkbands_flatness_db": {
        "mean": 0.224064901471,
        "var": 0.00680640339851
    },
    "barkbands_kurtosis": {
        "mean": 14.6611757278,
        "var": 934.468383789
    },
    "barkbands_skewness": {
        "mean": 2.3827829361,
        "var": 3.81006193161
    },
    "barkbands_spread": {
        "mean": 11.3600053787,
        "var": 179.795272827
    },
    "dissonance": {
        "mean": 0.42372033,
        "var": 0.00240986119024
    },
    "dynamic_complexity": 6.01815605164,
    "erbbands_crest": {
        "mean": 12.9484596252,
        "var": 29.5680198669
    },
    "erbbands_flatness_db": {
        "mean": 0.218604654074,
        "var": 0.00448918528855
    },
    "erbbands_kurtosis": {
        "mean": 3.77150726318,
        "var": 59.2598266602
    },
    "erbbands_skewness": {
        "mean": 1.13968861103,
        "var": 1.23693299294
    },
    "erbbands_spread": {
        "mean": 28.6739311218,
        "var": 506.61315918
    },
    "hfc": {
        "mean": 8.06423950195,
        "var": 206.957489014
    },
    "melbands_crest": {
        "mean": 16.2214622498,
        "var": 41.0483322144
    },
    "melbands_flatness_db": {
        "mean": 0.294839262962,
        "var": 0.0114330472425
    },
    "melbands_kurtosis": {
        "mean": 23.7552185059,
        "var": 1671.40466309
    },
    "melbands_skewness": {
        "mean": 2.94328999519,
        "var": 4.79742097855
    },
    "melbands_spread": {
        "mean": 12.6423826218,
        "var": 314.312469482
    },
    "pitch_salience": {
        "mean": 0.506869494915,
        "var": 0.0233769603074
    },
    "silence_rate_20dB": {
        "mean": 1,
        "var": 0
    },
    "silence_rate_30dB": {
        "mean": 0.980432569981,
        "var": 0.019183697179
    },
    "silence_rate_60dB": {
        "mean": 0.382080316544,
        "var": 0.2360984236
    },
    "spectral_centroid": {
        "mean": 725.873352051,
        "var": 377657.5625
    },
    "spectral_complexity": {
        "mean": 7.09783744812,
        "var": 37.9423789978
    },
    "spectral_decrease": {
        "mean": -4.68328531511e-009,
        "var": 5.94141202335e-017
    },
    "spectral_energy": {
        "mean": 0.0184072591364,
        "var": 0.000901717168745
    },
    "spectral_energyband_high": {
        "mean": 0.000276486069197,
        "var": 4.59011545217e-007
    },
    "spectral_energyband_low": {
        "mean": 0.00912017468363,
        "var": 0.000430591579061
    },
    "spectral_energyband_middle_high": {
        "mean": 0.00173221796285,
        "var": 2.11660153582e-005
    },
    "spectral_energyband_middle_low": {
        "mean": 0.00807458534837,
        "var": 0.000231005295063
    },
    "spectral_entropy": {
        "mean": 6.94736623764,
        "var": 0.558727264404
    },
    "spectral_flux": {
        "mean": 0.065997235477,
        "var": 0.00496588414535
    },
    "spectral_kurtosis": {
        "mean": 9.62672424316,
        "var": 164.453063965
    },
    "spectral_rms": {
        "mean": 0.00323638832197,
        "var": 7.48412367102e-006
    },
    "spectral_rolloff": {
        "mean": 985.345031738,
        "var": 2305694.75
    },
    "spectral_skewness": {
        "mean": 2.12082839012,
        "var": 1.25264537334
    },
    "spectral_spread": {
        "mean": 4167249.75,
        "var": 4.40291609805e+012
    },
    "spectral_strongpeak": {
        "mean": 0.641489088535,
        "var": 0.682355821133
    },
    "zerocrossingrate": {
        "mean": 0.0398957468569,
        "var": 0.00149489438627
    },
    "barkbands": {
        "mean": [0.000133058681968, 0.00394654553384, 0.00434430176392, 0.00111722445581, 0.00191972067114, 0.00151093234308, 0.00106940686237, 0.00168444227893, 0.000553360092454, 0.000460769544588, 0.000419503136072, 0.000330542156007, 0.000102994046756, 0.00012871430954, 0.000184024160262, 6.93760375725e-005, 4.05958635383e-005, 3.71564055968e-005, 5.67817987758e-005, 4.77987596241e-005, 4.96232278238e-005, 5.92902615608e-005, 8.49501084303e-005, 3.65327650798e-005, 1.52111670104e-005, 4.11369501307e-006, 2.96344438766e-007],
        "var": [1.59369264452e-007, 0.000135056761792, 0.000177027322934, 1.39481089718e-005, 1.69221402757e-005, 2.81451302726e-005, 8.24100970931e-006, 6.23116575298e-005, 5.22781510881e-006, 2.10120447264e-006, 2.22133326133e-006, 1.44263287893e-006, 8.1657141493e-008, 5.48999139482e-007, 1.85494468496e-006, 1.61041981528e-007, 1.47117535931e-008, 1.18986163145e-008, 4.26687130073e-008, 2.28867307328e-008, 2.05128767305e-008, 2.76565952362e-008, 7.22520212548e-008, 1.03064587975e-008, 1.52522561248e-009, 1.97823715742e-010, 2.60111853931e-012]
    },
    "erbbands": {
        "mean": [0.119729548693, 0.916928470135, 4.21998405457, 4.90317964554, 3.72142910957, 8.56405448914, 9.16378879547, 11.7079648972, 13.6589622498, 19.2457942963, 43.0418777466, 13.5301465988, 13.275261879, 18.6622905731, 10.6732358932, 13.7576494217, 6.6602139473, 6.33787870407, 7.25856113434, 7.59343242645, 3.7786154747, 2.24555516243, 1.99633061886, 2.43665099144, 2.93108701706, 2.2834174633, 1.83127391338, 2.12904906273, 2.07787251472, 2.11103129387, 2.18390536308, 1.43779504299, 0.430672943592, 0.231984943151, 0.0733566135168, 0.0159886125475, 0.00942388642579, 0.00142175145447, 4.62935277028e-005, 2.22682283493e-005],
        "var": [0.168141275644, 6.53390645981, 152.541854858, 214.665786743, 142.336288452, 252.840042114, 698.049621582, 2818.83398438, 1431.20837402, 2812.77929688, 39047.7148438, 2069.07055664, 1639.69018555, 3915.33349609, 1203.13061523, 2390.93359375, 374.52255249, 1201.36169434, 1888.60400391, 3225.95068359, 370.396942139, 42.4916114807, 34.1186714172, 81.3185882568, 104.182624817, 50.853263855, 22.8251647949, 45.8745155334, 34.7961387634, 34.5942726135, 46.0461502075, 20.0887737274, 1.18167674541, 0.314092040062, 0.0406514443457, 0.00286272307858, 0.00116028450429, 3.00654810417e-005, 2.64520263471e-008, 1.19919429942e-009]
    },
    "gfcc": {
        "mean": [-135.245193481, 130.542053223, -105.823524475, 27.1115932465, -74.706199646, 0.294189304113, -33.819442749, -5.60393047333, -21.1676235199, -8.85718631744, -8.20758533478, -6.55708694458, -6.38322973251],
        "cov": [[14168.4443359, -4241.79638672, -356.956665039, 575.203674316, -1440.14306641, 1633.39990234, -649.831237793, 565.801147461, -32.1427345276, 566.456604004, -159.873825073, 192.497711182, -498.25970459], [-4241.79638672, 3409.13989258, 308.795776367, 104.930328369, 1042.13098145, -701.363098145, 684.623474121, -227.562469482, 162.287689209, -401.877258301, 222.314819336, -179.421554565, 307.063262939], [-356.956665039, 308.795776367, 1241.73303223, 283.454315186, 343.460632324, 231.139678955, 181.157669067, 170.948608398, -3.17797493935, 79.1274337769, 35.7881469727, 19.341632843, -70.3426208496], [575.203674316, 104.930328369, 283.454315186, 632.31640625, 146.848205566, 293.410827637, 98.7618713379, 38.0302085876, 83.9993133545, -20.9087352753, 35.1891365051, -55.8742599487, 8.84259986877], [-1440.14306641, 1042.13098145, 343.460632324, 146.848205566, 650.803039551, -114.01764679, 290.442779541, -15.814447403, 56.2626075745, -49.2265739441, 63.0218811035, -34.8698158264, 45.5699691772], [1633.39990234, -701.363098145, 231.139678955, 293.410827637, -114.01764679, 585.74420166, 28.8890628815, 146.666519165, 13.1575145721, 90.7147064209, 22.3650836945, 25.0783634186, -92.7576446533], [-649.831237793, 684.623474121, 181.157669067, 98.7618713379, 290.442779541, 28.8890628815, 353.697509766, 66.7429428101, 96.2612686157, -93.2883148193, 44.3221817017, -25.3206768036, 46.6074752808], [565.801147461, -227.562469482, 170.948608398, 38.0302085876, -15.814447403, 146.666519165, 66.7429428101, 201.425430298, 58.4465026855, 49.7415771484, -28.0724887848, 3.14322304726, -40.0162658691], [-32.1427345276, 162.287689209, -3.17797493935, 83.9993133545, 56.2626075745, 13.1575145721, 96.2612686157, 58.4465026855, 198.188339233, 10.0710763931, 3.42229771614, -55.0926055908, -26.9053497314], [566.456604004, -401.877258301, 79.1274337769, -20.9087352753, -49.2265739441, 90.7147064209, -93.2883148193, 49.7415771484, 10.0710763931, 200.274475098, 35.4949150085, 41.059589386, -81.0227813721], [-159.873825073, 222.314819336, 35.7881469727, 35.1891365051, 63.0218811035, 22.3650836945, 44.3221817017, -28.0724887848, 3.42229771614, 35.4949150085, 148.40145874, 29.8613300323, 17.538520813], [192.497711182, -179.421554565, 19.341632843, -55.8742599487, -34.8698158264, 25.0783634186, -25.3206768036, 3.14322304726, -55.0926055908, 41.059589386, 29.8613300323, 124.564292908, 18.2004699707], [-498.25970459, 307.063262939, -70.3426208496, 8.84259986877, 45.5699691772, -92.7576446533, 46.6074752808, -40.0162658691, -26.9053497314, -81.0227813721, 17.538520813, 18.2004699707, 160.382980347]],
        "icov": [[0.000164505545399, -8.50103533594e-005, 0.000156312133186, -0.000174917528057, 0.000240352950641, -0.000331414572429, 0.000150655803736, -0.000336266646627, 0.000123274861835, -0.000232927995967, 0.000222134287469, -0.000268202653388, 0.00027353290352], [-8.50103533594e-005, 0.00286899856292, -0.000790247926489, 0.000111089015263, -0.00184912292752, 0.00268187653273, -0.00257024518214, 0.00161154160742, -0.000826703500934, 0.00252023595385, -0.0037133898586, 0.00275146798231, -0.00165590539109], [0.000156312133186, -0.000790247926489, 0.00168168998789, -0.000685782521032, -2.64764257736e-005, -0.00092803419102, 0.000568690535147, -0.00179172074422, 0.00120585295372, -0.00114467658568, 0.00107736641075, -0.00114125211257, 0.00126818136778], [-0.000174917528057, 0.000111089015263, -0.000685782521032, 0.00344556616619, -0.00122997327708, -0.00191828410607, 0.00103965366725, 0.00127929681912, -0.00188589352183, 0.00127411272842, -0.000609003647696, 0.00145246624015, -0.00176069093868], [0.000240352950641, -0.00184912292752, -2.64764257736e-005, -0.00122997327708, 0.00522869173437, -0.000431235763244, -0.00181405618787, -5.74523292016e-005, 0.00144601601642, -0.00350457034074, 0.00262512709014, -0.0014487055596, 0.00147041340824], [-0.000331414572429, 0.00268187653273, -0.00092803419102, -0.00191828410607, -0.000431235763244, 0.00710172858089, -0.00422174204141, 0.000126929124235, 0.000803217233624, 0.00146852107719, -0.00410067057237, 0.0020848440472, 0.000111296074465], [0.000150655803736, -0.00257024518214, 0.000568690535147, 0.00103965366725, -0.00181405618787, -0.00422174204141, 0.0113323638216, -0.00455358391628, -0.00265627657063, 0.00312010967173, 0.000683416146785, -0.00325858942233, 0.000651157111861], [-0.000336266646627, 0.00161154160742, -0.00179172074422, 0.00127929681912, -5.74523292016e-005, 0.000126929124235, -0.00455358391628, 0.011249913834, -0.00283981813118, -0.00123552221339, 0.00113408744801, 0.00163931178395, -0.00217713788152], [0.000123274861835, -0.000826703500934, 0.00120585295372, -0.00188589352183, 0.00144601601642, 0.000803217233624, -0.00265627657063, -0.00283981813118, 0.00923677626997, -0.00336422678083, 0.000975093746092, 0.00199455604888, 0.0022326647304], [-0.000232927995967, 0.00252023595385, -0.00114467658568, 0.00127411272842, -0.00350457034074, 0.00146852107719, 0.00312010967173, -0.00123552221339, -0.00336422678083, 0.0137829026207, -0.0072945873253, -0.000410343840485, 0.00175180623773], [0.000222134287469, -0.0037133898586, 0.00107736641075, -0.000609003647696, 0.00262512709014, -0.00410067057237, 0.000683416146785, 0.00113408744801, 0.000975093746092, -0.0072945873253, 0.0146276438609, -0.00524165341631, 0.000746282574255], [-0.000268202653388, 0.00275146798231, -0.00114125211257, 0.00145246624015, -0.0014487055596, 0.0020848440472, -0.00325858942233, 0.00163931178395, 0.00199455604888, -0.000410343840485, -0.00524165341631, 0.0146619137377, -0.00467169843614], [0.00027353290352, -0.00165590539109, 0.00126818136778, -0.00176069093868, 0.00147041340824, 0.000111296074465, 0.000651157111861, -0.00217713788152, 0.0022326647304, 0.00175180623773, 0.000746282574255, -0.00467169843614, 0.0115306926891]]
    },
    "melbands": {
        "mean": [0.0010750759393, 0.00188480585348, 0.000819713284727, 0.000443879631348, 0.00032735595596, 0.000272983394098, 0.000226552743698, 0.000233919519815, 0.000334805867169, 6.76782001392e-005, 6.40073412796e-005, 7.22981785657e-005, 3.9569564251e-005, 3.33174539264e-005, 3.21109910146e-005, 8.24745802674e-006, 1.26762188302e-005, 1.00825691334e-005, 1.63299264386e-005, 5.36800280315e-006, 4.15000386056e-006, 2.4023804599e-006, 1.79054484306e-006, 1.73344426457e-006, 1.95454185814e-006, 2.32966522162e-006, 1.68699466485e-006, 1.49986374254e-006, 1.14433601084e-006, 1.18138859762e-006, 1.19872720461e-006, 1.06314519144e-006, 1.32400271013e-006, 1.13280270853e-006, 1.01665409602e-006, 1.73914008883e-006, 5.61681360978e-007, 3.09519265329e-007, 2.04328415521e-007, 2.01430268021e-007],
        "var": [1.13208643597e-005, 2.49510248977e-005, 5.6126959862e-006, 8.98160806173e-007, 7.1083985631e-007, 1.27939176764e-006, 3.73338309601e-007, 5.91260516103e-007, 2.25881876759e-006, 4.78102464285e-008, 4.16456344965e-008, 6.28182661444e-008, 1.70591683002e-008, 1.76338428304e-008, 1.45901619675e-008, 5.04815689251e-010, 5.75940095615e-009, 2.85847723269e-009, 1.63855986557e-008, 1.23312604572e-009, 3.60208807226e-010, 5.2260688832e-011, 2.52459182032e-011, 2.8863246862e-011, 5.88984763739e-011, 7.61488164192e-011, 2.93132601525e-011, 2.40675222807e-011, 9.4144900209e-012, 1.19734621523e-011, 1.53941009245e-011, 9.40480939654e-012, 2.26275075066e-011, 1.25070578894e-011, 7.68608961199e-012, 5.09429200213e-011, 2.83699105874e-012, 6.60168805473e-013, 2.35483697429e-013, 2.93112918919e-013]
    },
    "mfcc": {
        "mean": [-771.411071777, 142.182037354, 26.8775310516, 19.1773147583, -7.29919052124, -1.16595351696, -6.27586317062, -1.69218254089, -10.4110774994, -3.8616836071, -6.41075706482, -1.74949717522, -2.81115293503],
        "cov": [[11983.9960938, -2494.67675781, -823.117858887, -277.073272705, -738.477355957, 491.696350098, -284.773895264, 118.658554077, -13.3589372635, 404.994293213, 161.401657104, 140.35723877, 143.527114868], [-2494.67675781, 1948.14318848, 207.716796875, 387.517059326, 308.7003479, -88.2753219604, 255.671417236, 133.053909302, 66.7664413452, -80.5827026367, -3.74371576309, 19.6162090302, 47.5499305725], [-823.117858887, 207.716796875, 916.036499023, 222.403091431, 289.381744385, 152.975753784, 230.382476807, 133.606033325, 71.0048217773, 61.8691139221, 42.4158248901, 74.5875854492, 11.7268829346], [-277.073272705, 387.517059326, 222.403091431, 428.408477783, 230.227615356, 145.76423645, 117.387817383, 117.195480347, 87.4089584351, 22.6787052155, 41.61977005, 24.5678882599, 27.6194953918], [-738.477355957, 308.7003479, 289.381744385, 230.227615356, 341.740325928, 116.099411011, 161.409820557, 45.5482711792, 52.7917823792, 18.3268909454, 27.9281520844, 53.4571342468, 20.3401527405], [491.696350098, -88.2753219604, 152.975753784, 145.76423645, 116.099411011, 312.01272583, 131.732391357, 123.71421814, 49.785572052, 53.6101799011, 65.7905197144, 57.7716674805, 50.7251281738], [-284.773895264, 255.671417236, 230.382476807, 117.387817383, 161.409820557, 131.732391357, 289.215332031, 115.554214478, 48.1241836548, 21.6859169006, 10.3574848175, 47.4940910339, 39.7087478638], [118.658554077, 133.053909302, 133.606033325, 117.195480347, 45.5482711792, 123.71421814, 115.554214478, 250.796966553, 120.189300537, 62.6581230164, 44.0178756714, 12.3922538757, 19.7852859497], [-13.3589372635, 66.7664413452, 71.0048217773, 87.4089584351, 52.7917823792, 49.785572052, 48.1241836548, 120.189300537, 168.756347656, 91.1862030029, 47.3456192017, -3.0679063797, -14.1083269119], [404.994293213, -80.5827026367, 61.8691139221, 22.6787052155, 18.3268909454, 53.6101799011, 21.6859169006, 62.6581230164, 91.1862030029, 166.457717896, 81.8137283325, 45.8359527588, 3.76787590981], [161.401657104, -3.74371576309, 42.4158248901, 41.61977005, 27.9281520844, 65.7905197144, 10.3574848175, 44.0178756714, 47.3456192017, 81.8137283325, 138.195114136, 84.1654663086, 36.1133880615], [140.35723877, 19.6162090302, 74.5875854492, 24.5678882599, 53.4571342468, 57.7716674805, 47.4940910339, 12.3922538757, -3.0679063797, 45.8359527588, 84.1654663086, 149.798553467, 73.4055328369], [143.527114868, 47.5499305725, 11.7268829346, 27.6194953918, 20.3401527405, 50.7251281738, 39.7087478638, 19.7852859497, -14.1083269119, 3.76787590981, 36.1133880615, 73.4055328369, 125.21081543]],
        "icov": [[0.000169364429894, 0.0001676659449, 0.000130041124066, -0.000218405737542, 0.000360431149602, -0.000224670438911, -2.70319997071e-005, -8.26377654448e-005, 0.000193587009562, -0.000448899809271, 0.000226103846217, -0.000175425680936, -9.47646185523e-005], [0.0001676659449, 0.001101785223, 0.000273428333458, -0.000956364732701, -0.000112591966172, 0.00101490097586, -0.000798939610831, -0.000580168678425, 0.000292054697638, 0.000143096869579, -0.000228633958614, -7.64070136938e-005, -0.000333733536536], [0.000130041124066, 0.000273428333458, 0.00180656416342, -0.000393949798308, -0.00084786984371, 5.76283455302e-005, -0.000683186401147, -0.000733349181246, 0.000636050535832, -0.000695252150763, 0.00028445510543, -0.000601815641858, 0.000475096283481], [-0.000218405737542, -0.000956364732701, -0.000393949798308, 0.0053290668875, -0.00287106703036, -0.00144781882409, 0.00132096931338, -0.000614857068285, -0.00124436430633, 0.00102867209353, -0.000619648897555, 0.00108070101123, -0.000419915042585], [0.000360431149602, -0.000112591966172, -0.00084786984371, -0.00287106703036, 0.00807527359575, -0.00168076471891, -0.00203206343576, 0.00265439110808, -0.00142635265365, -0.000475221284432, 0.000995871494524, -0.00201828195713, 0.000686009472702], [-0.000224670438911, 0.00101490097586, 5.76283455302e-005, -0.00144781882409, -0.00168076471891, 0.00718034617603, -0.00211764662527, -0.00233693420887, 0.00128154223785, 0.00054840015946, -0.00237312307581, 0.000653606257401, -0.000979736447334], [-2.70319997071e-005, -0.000798939610831, -0.000683186401147, 0.00132096931338, -0.00203206343576, -0.00211764662527, 0.00729272561148, -0.00194763066247, -0.000120295298984, -0.000367211032426, 0.00258221942931, -0.00137859699316, -0.000649091787636], [-8.26377654448e-005, -0.000580168678425, -0.000733349181246, -0.000614857068285, 0.00265439110808, -0.00233693420887, -0.00194763066247, 0.00917393434793, -0.00551072042435, 0.000573302910198, -0.000419343385147, 0.000748314021621, -0.000753004918806], [0.000193587009562, 0.000292054697638, 0.000636050535832, -0.00124436430633, -0.00142635265365, 0.00128154223785, -0.000120295298984, -0.00551072042435, 0.0142954448238, -0.00632697017863, -0.00177899049595, 0.0028398220893, 0.00115295313299], [-0.000448899809271, 0.000143096869579, -0.000695252150763, 0.00102867209353, -0.000475221284432, 0.00054840015946, -0.000367211032426, 0.000573302910198, -0.00632697017863, 0.0133294574916, -0.0051201027818, -0.00138989533298, 0.00135688984301], [0.000226103846217, -0.000228633958614, 0.00028445510543, -0.000619648897555, 0.000995871494524, -0.00237312307581, 0.00258221942931, -0.000419343385147, -0.00177899049595, -0.0051201027818, 0.016590224579, -0.00822512339801, -2.46571798925e-005], [-0.000175425680936, -7.64070136938e-005, -0.000601815641858, 0.00108070101123, -0.00201828195713, 0.000653606257401, -0.00137859699316, 0.000748314021621, 0.0028398220893, -0.00138989533298, -0.00822512339801, 0.0159530304372, -0.0061883344315], [-9.47646185523e-005, -0.000333733536536, 0.000475096283481, -0.000419915042585, 0.000686009472702, -0.000979736447334, -0.000649091787636, -0.000753004918806, 0.00115295313299, 0.00135688984301, -2.46571798925e-005, -0.0061883344315, 0.0126044666395]]
    },
    "spectral_contrast_coeffs": {
        "mean": [-0.59783822298, -0.681641280651, -0.774666309357, -0.833580374718, -0.843047261238, -0.771618723869],
        "var": [0.00825916510075, 0.00611323630437, 0.00538711901754, 0.0019793137908, 0.000901338469703, 0.00140960421413]
    },
    "spectral_contrast_valleys": {
        "mean": [-8.3696641922, -7.70500135422, -8.3382768631, -8.94532108307, -8.8978099823, -11.736828804],
        "var": [1.89143633842, 1.36929655075, 1.25477671623, 1.44116437435, 1.5754365921, 3.56679916382]
    }
},
"metadata": {
    "audio_properties": {
        "analysis_sample_rate": 44100,
        "bit_rate": 128074,
        "equal_loudness": 0,
        "length": 45.0612258911,
        "lossless": 0,
        "replay_gain": -6.44741249084,
        "sample_rate": 44100,
        "codec": "mp3",
        "downmix": "mix",
        "md5_encoded": "dbf2967b09b56b1f81a711c34b40e4e5"
    },
    "tags": {
        "file_name": "1086.mp3"
    },
    "version": {
        "essentia": "2.1-beta2",
        "essentia_git_sha": "v2.1_beta2",
        "extractor": "music 1.0"
    }
},
"rhythm": {
    "beats_count": 97,
    "beats_loudness": {
        "mean": 0.0282204318792,
        "var": 0.00102144782431
    },
    "bpm": 130.096099854,
    "bpm_histogram_first_peak_bpm": {
        "mean": 129,
        "var": 0
    },
    "bpm_histogram_first_peak_spread": {
        "mean": 0.314606755972,
        "var": 0
    },
    "bpm_histogram_first_peak_weight": {
        "mean": 0.635416686535,
        "var": 0
    },
    "bpm_histogram_second_peak_bpm": {
        "mean": 123,
        "var": 0
    },
    "bpm_histogram_second_peak_spread": {
        "mean": 0,
        "var": 0
    },
    "bpm_histogram_second_peak_weight": {
        "mean": 0.0416666679084,
        "var": 0
    },
    "danceability": 1.13491618633,
    "onset_rate": 5.36805057526,
    "beats_loudness_band_ratio": {
        "mean": [0.410755395889, 0.268804877996, 0.231445968151, 0.0794545784593, 0.0227736216038, 0.033705946058],
        "var": [0.0937451198697, 0.0577819719911, 0.0493604615331, 0.0112659540027, 0.00284978747368, 0.00520068919286]
    },
    "beats_position": [0.46439909935, 0.952018141747, 1.43963718414, 1.92725622654, 2.41487526894, 2.86766433716, 3.32045340538, 3.78485250473, 4.2492518425, 4.71365070343, 5.17804956436, 5.630838871, 6.08362817764, 6.54802703857, 7.01242637634, 7.46521520615, 7.91800451279, 8.33596324921, 8.77714252472, 9.21832180023, 9.682721138, 10.1471195221, 10.5999088287, 11.0526981354, 11.5170974731, 11.9931058884, 12.445895195, 12.9102945328, 13.3746938705, 13.8390922546, 14.3034915924, 14.756280899, 15.2206802368, 15.696688652, 16.1494789124, 16.602268219, 17.0666656494, 17.5194549561, 17.9838542938, 18.4482536316, 18.9126529694, 19.365442276, 19.8298416138, 20.2942390442, 20.758638382, 21.2230377197, 21.6874370575, 22.1402263641, 22.5930156708, 23.0574150085, 23.5218143463, 23.9862117767, 24.4506111145, 24.9150104523, 25.37940979, 25.8321990967, 26.2849884033, 26.7493877411, 27.2137870789, 27.6781845093, 28.142583847, 28.6069831848, 29.0713825226, 29.5357818604, 30.0001811981, 30.4529705048, 30.9057598114, 31.3701572418, 31.8345565796, 32.2989578247, 32.7633552551, 33.2161445618, 33.6805419922, 34.1333312988, 34.5977325439, 35.0621299744, 35.5265312195, 35.9909286499, 36.455329895, 36.908115387, 37.3609046936, 37.8253059387, 38.2897033691, 38.7541046143, 39.2185020447, 39.6829032898, 40.1473007202, 40.6116981506, 41.0760993958, 41.5404968262, 41.9932861328, 42.4460754395, 42.9104766846, 43.374874115, 43.8392753601, 44.3036727905, 44.7680702209]
},
"tonal": {
    "chords_changes_rate": 0.0288065839559,
    "chords_number_rate": 0.00720164598897,
    "chords_strength": {
        "mean": 0.559026360512,
        "var": 0.011426160112
    },
    "hpcp_entropy": {
        "mean": 1.60469353199,
        "var": 0.492256700993
    },
    "key_strength": 0.788927197456,
    "tuning_diatonic_strength": 0.64290034771,
    "tuning_equal_tempered_deviation": 0.023396525532,
    "tuning_frequency": 440.254241943,
    "tuning_nontempered_energy_ratio": 0.645240008831,
    "hpcp": {
        "mean": [0.0520596392453, 0.0721793845296, 0.338306307793, 0.597127437592, 0.352968394756, 0.0613922700286, 0.031482283026, 0.0558252856135, 0.134881064296, 0.156549409032, 0.0851801484823, 0.04341628775, 0.0434755496681, 0.0575714893639, 0.103703856468, 0.130345448852, 0.102065294981, 0.160271063447, 0.227147743106, 0.134053856134, 0.0380405895412, 0.0233883522451, 0.0378710851073, 0.082491107285, 0.0933122113347, 0.0580995380878, 0.0345003157854, 0.0235220938921, 0.0405830927193, 0.16761110723, 0.24559995532, 0.126178115606, 0.0353052727878, 0.0400628708303, 0.0490576848388, 0.0554548241198],
        "var": [0.0193816795945, 0.0215345956385, 0.0835294276476, 0.17125967145, 0.0837131142616, 0.0203663557768, 0.0103645194322, 0.0131516344845, 0.0651568993926, 0.0829270333052, 0.0305310487747, 0.0147634884343, 0.0156965460628, 0.0212674885988, 0.0370365269482, 0.0562966540456, 0.0309288240969, 0.0480102412403, 0.0811266824603, 0.0324278064072, 0.012270369567, 0.00793380197138, 0.0119671020657, 0.0377577841282, 0.0392530784011, 0.0198032110929, 0.0133618200198, 0.00568365911022, 0.0106657203287, 0.0617176629603, 0.109724476933, 0.0307285692543, 0.0108357649297, 0.0185833312571, 0.0227892585099, 0.0243407823145]
    },
    "chords_histogram": [55.3497924805, 15.6378602982, 13.1687240601, 0, 2.88065838814, 0.925925910473, 0, 0.823045253754, 0, 0, 0, 0, 3.49794244766, 0, 1.54320991039, 0, 0, 0, 0, 0, 0, 0, 0.823045253754, 5.34979438782],
    "thpcp": [1, 0.591110646725, 0.102812677622, 0.0527228862047, 0.0934897363186, 0.225883215666, 0.262170851231, 0.14264985919, 0.0727085769176, 0.0728078261018, 0.0964140743017, 0.173671230674, 0.218287482858, 0.170927152038, 0.268403440714, 0.380400776863, 0.224497899413, 0.0637059807777, 0.0391681082547, 0.063422113657, 0.138146564364, 0.156268507242, 0.0972983911633, 0.0577771402895, 0.0393920838833, 0.0679638683796, 0.280695706606, 0.411302417517, 0.211308524013, 0.0591251887381, 0.0670926645398, 0.082156136632, 0.0928693264723, 0.0871834680438, 0.120877690613, 0.566556274891],
    "chords_key": "D#",
    "chords_scale": "major",
    "key_key": "D#",
    "key_scale": "major"
}
}