{
"lowlevel": {
    "average_loudness": 0.979801595211,
    "barkbands_crest": {
        "mean": 14.3541221619,
        "var": 39.286781311
    },
    "barkbands_flatness_db": {
        "mean": 0.149525254965,
        "var": 0.00376522610895
    },
    "barkbands_kurtosis": {
        "mean": 12.4462013245,
        "var": 408.307922363
    },
    "barkbands_skewness": {
        "mean": 2.34635162354,
        "var": 5.015417099
    },
    "barkbands_spread": {
        "mean": 19.2875366211,
        "var": 165.041412354
    },
    "dissonance": {
        "mean": 0.470641613007,
        "var": 0.000630127731711
    },
    "dynamic_complexity": 2.30070281029,
    "erbbands_crest": {
        "mean": 9.36914920807,
        "var": 20.5239181519
    },
    "erbbands_flatness_db": {
        "mean": 0.139911100268,
        "var": 0.00194689177442
    },
    "erbbands_kurtosis": {
        "mean": 1.78862166405,
        "var": 15.5668706894
    },
    "erbbands_skewness": {
        "mean": 0.036552850157,
        "var": 0.562795162201
    },
    "erbbands_spread": {
        "mean": 33.9355583191,
        "var": 305.032348633
    },
    "hfc": {
        "mean": 24.1937770844,
        "var": 442.173370361
    },
    "melbands_crest": {
        "mean": 20.0083942413,
        "var": 73.9521255493
    },
    "melbands_flatness_db": {
        "mean": 0.23548746109,
        "var": 0.00757677992806
    },
    "melbands_kurtosis": {
        "mean": 28.4837970734,
        "var": 1580.984375
    },
    "melbands_skewness": {
        "mean": 3.57475805283,
        "var": 8.71803855896
    },
    "melbands_spread": {
        "mean": 22.7477684021,
        "var": 612.514343262
    },
    "pitch_salience": {
        "mean": 0.448968470097,
        "var": 0.035666462034
    },
    "silence_rate_20dB": {
        "mean": 1,
        "var": 0
    },
    "silence_rate_30dB": {
        "mean": 0.824922740459,
        "var": 0.144425719976
    },
    "silence_rate_60dB": {
        "mean": 0.0303810499609,
        "var": 0.0294581782073
    },
    "spectral_centroid": {
        "mean": 1348.64807129,
        "var": 455239.3125
    },
    "spectral_complexity": {
        "mean": 20.4557151794,
        "var": 112.304130554
    },
    "spectral_decrease": {
        "mean": -1.2902080293e-008,
        "var": 1.12461239386e-016
    },
    "spectral_energy": {
        "mean": 0.0508897677064,
        "var": 0.00162857247051
    },
    "spectral_energyband_high": {
        "mean": 0.000918287667446,
        "var": 2.1585972263e-006
    },
    "spectral_energyband_low": {
        "mean": 0.0351796224713,
        "var": 0.00166150764562
    },
    "spectral_energyband_middle_high": {
        "mean": 0.00718323513865,
        "var": 4.86063290737e-005
    },
    "spectral_energyband_middle_low": {
        "mean": 0.00915927160531,
        "var": 0.000144179532072
    },
    "spectral_entropy": {
        "mean": 7.66623353958,
        "var": 0.124363921583
    },
    "spectral_flux": {
        "mean": 0.123781651258,
        "var": 0.00556118180975
    },
    "spectral_kurtosis": {
        "mean": 6.25036668777,
        "var": 11.26197052
    },
    "spectral_rms": {
        "mean": 0.00643061008304,
        "var": 8.29582040751e-006
    },
    "spectral_rolloff": {
        "mean": 1220.57641602,
        "var": 2128485.25
    },
    "spectral_skewness": {
        "mean": 2.03889036179,
        "var": 0.372628778219
    },
    "spectral_spread": {
        "mean": 5007633,
        "var": 1.78719372083e+012
    },
    "spectral_strongpeak": {
        "mean": 0.913613200188,
        "var": 1.15798079967
    },
    "zerocrossingrate": {
        "mean": 0.0548984520137,
        "var": 0.0023116429802
    },
    "barkbands": {
        "mean": [0.00116709596477, 0.0273042377084, 0.00528076710179, 0.00271736690775, 0.00270823459141, 0.00105071160942, 0.000966191233601, 0.000690099666826, 0.000799690897111, 0.000808369135484, 0.00077321077697, 0.00117080868222, 0.000993888941593, 0.00101601774804, 0.000804451177828, 0.000739467679523, 0.000420212221798, 0.000279772095382, 0.000200217284146, 0.00016665761359, 0.000151632499183, 0.000131177061121, 0.000131070089992, 0.000116870447528, 0.000184481221368, 0.000107955274871, 9.1570582299e-006],
        "var": [3.19733567267e-006, 0.00134086247999, 0.000201948190806, 5.00595051562e-005, 3.49025940523e-005, 1.88893682207e-006, 2.28063595387e-006, 9.14496411042e-007, 2.27617351811e-006, 4.79292566524e-006, 2.90664070235e-006, 5.1877163969e-006, 2.79019150184e-006, 3.84071699955e-006, 2.9464531508e-006, 2.26822180593e-006, 7.34646960154e-007, 2.63247272869e-007, 1.19469547144e-007, 1.32462233182e-007, 1.01279454157e-007, 7.21724404684e-008, 7.69737411588e-008, 6.53300205045e-008, 7.91911745068e-008, 1.78546297747e-008, 3.16318221616e-010]
    },
    "erbbands": {
        "mean": [0.969531476498, 5.32498121262, 6.81186103821, 8.21791362762, 10.257818222, 7.96351051331, 6.56407642365, 8.92677974701, 12.1836204529, 18.5080432892, 14.3432722092, 17.4971218109, 21.6081752777, 26.6758995056, 36.6244049072, 50.9569664001, 47.1216011047, 51.6820678711, 43.6445770264, 44.8589363098, 38.1244316101, 22.797668457, 14.9896736145, 13.3071432114, 9.07114982605, 7.52027225494, 6.91382360458, 5.25550031662, 4.74845123291, 4.26542901993, 3.88657927513, 2.50822758675, 1.9850666523, 1.83991551399, 1.38361382484, 0.412193775177, 0.188749745488, 0.0603284426033, 0.00117486366071, 9.05435226741e-005],
        "var": [1.93497312069, 61.0923461914, 235.063751221, 413.552947998, 697.648742676, 218.70211792, 100.119262695, 154.278030396, 322.713592529, 763.985656738, 348.71585083, 1082.40820313, 2606.26293945, 4057.4375, 6113.2578125, 8773.84570313, 5521.35058594, 9755.00292969, 5764.60742188, 9312.87109375, 5362.97607422, 2013.07250977, 938.229492188, 665.325012207, 281.545440674, 229.61869812, 217.847808838, 108.304420471, 102.315490723, 71.3651046753, 78.7568740845, 28.4053058624, 21.4061450958, 14.5610637665, 3.24253463745, 0.377995401621, 0.0516688339412, 0.00630621146411, 2.35505422097e-006, 3.54092999366e-009]
    },
    "gfcc": {
        "mean": [17.4824428558, 70.8148727417, -101.19997406, 11.7891578674, -33.1331977844, 23.7014312744, -37.5901794434, 17.8665084839, -22.2369098663, 16.0623111725, -15.3376159668, 9.48077774048, -14.1581888199],
        "cov": [[4489.30126953, -208.305374146, -9.30703544617, 385.331390381, -171.436248779, 150.07472229, 12.2503528595, -106.197624207, -300.575897217, -92.8319473267, -263.184692383, -141.803115845, -107.819007874], [-208.305374146, 1471.21594238, 756.44720459, 364.268676758, 309.128662109, 47.9946022034, 381.540740967, 39.5723800659, 31.0081825256, 22.7987346649, 35.2850532532, -24.4829883575, 119.493774414], [-9.30703544617, 756.44720459, 666.434509277, 460.283294678, 243.757476807, 166.368850708, 225.259292603, 16.4669723511, 49.2241668701, -30.5225334167, 7.25665998459, -35.4308891296, 78.3520812988], [385.331390381, 364.268676758, 460.283294678, 969.016845703, 31.2014751434, 165.388412476, 265.619232178, -107.406349182, 18.0674762726, -103.872596741, -3.36271238327, -116.760826111, 49.1398620605], [-171.436248779, 309.128662109, 243.757476807, 31.2014751434, 446.214691162, 103.074005127, 20.8384914398, 125.701850891, 109.905128479, 94.1934738159, 64.0664596558, 22.5451927185, 61.922618866], [150.07472229, 47.9946022034, 166.368850708, 165.388412476, 103.074005127, 255.505859375, 137.94984436, 46.2441558838, 21.4255046844, -9.60325336456, 18.4648609161, -12.8544902802, -7.91906166077], [12.2503528595, 381.540740967, 225.259292603, 265.619232178, 20.8384914398, 137.94984436, 347.486450195, 53.8705673218, 5.82083320618, 12.4061355591, 15.5760574341, -6.06609630585, 40.670955658], [-106.197624207, 39.5723800659, 16.4669723511, -107.406349182, 125.701850891, 46.2441558838, 53.8705673218, 187.618515015, 80.7152709961, 58.9588050842, 62.93227005, 36.8780021667, 18.410194397], [-300.575897217, 31.0081825256, 49.2241668701, 18.0674762726, 109.905128479, 21.4255046844, 5.82083320618, 80.7152709961, 168.301452637, 64.6517562866, 57.2767715454, 19.8716716766, 31.2185974121], [-92.8319473267, 22.7987346649, -30.5225334167, -103.872596741, 94.1934738159, -9.60325336456, 12.4061355591, 58.9588050842, 64.6517562866, 149.293487549, 59.0152359009, 35.7455978394, 15.2292423248], [-263.184692383, 35.2850532532, 7.25665998459, -3.36271238327, 64.0664596558, 18.4648609161, 15.5760574341, 62.93227005, 57.2767715454, 59.0152359009, 123.534545898, 38.7032012939, 12.5932950974], [-141.803115845, -24.4829883575, -35.4308891296, -116.760826111, 22.5451927185, -12.8544902802, -6.06609630585, 36.8780021667, 19.8716716766, 35.7455978394, 38.7032012939, 90.2710952759, 34.7481689453], [-107.819007874, 119.493774414, 78.3520812988, 49.1398620605, 61.922618866, -7.91906166077, 40.670955658, 18.410194397, 31.2185974121, 15.2292423248, 12.5932950974, 34.7481689453, 86.0774917603]],
        "icov": [[0.000368137116311, -0.000235287268879, 0.000324510852806, -0.000535844010301, 0.000274201884167, -0.000581073050853, 0.000721192162018, -0.000778830726631, 0.000820406770799, -0.000754048582166, 0.00111189554445, -0.000251574849244, 0.000148119041114], [-0.000235287268879, 0.00413643429056, -0.00469909748062, 0.00211076810956, -0.00202301284298, 0.00454487744719, -0.00506570748985, 0.00245559751056, -0.000139640076668, 0.00143410870805, -0.0028812198434, 0.00208598654717, 0.000153513043188], [0.000324510852806, -0.00469909748062, 0.009033607319, -0.00338182994165, 0.000138875941047, -0.00540866795927, 0.00427707377821, -0.00210533593781, -2.79947416857e-005, -0.000332154100761, 0.00367420399562, -0.0022717488464, -0.00108205922879], [-0.000535844010301, 0.00211076810956, -0.00338182994165, 0.00445285206661, -0.00108667847235, 0.00213865190744, -0.00455394387245, 0.00438637146726, -0.0021768771112, 0.00304832984693, -0.00452926848084, 0.00454602157697, -0.00179540284444], [0.000274201884167, -0.00202301284298, 0.000138875941047, -0.00108667847235, 0.00656757783145, -0.00435084383935, 0.00534029584378, -0.00419741962105, 0.000529829645529, -0.00415507657453, 0.00179984443821, 0.000224061353947, -0.00291539379396], [-0.000581073050853, 0.00454487744719, -0.00540866795927, 0.00213865190744, -0.00435084383935, 0.012108841911, -0.00853162445128, 0.00291400402784, -0.00137166958302, 0.00397885031998, -0.00408499548212, 0.000800198933575, 0.00438517797738], [0.000721192162018, -0.00506570748985, 0.00427707377821, -0.00455394387245, 0.00534029584378, -0.00853162445128, 0.0135156167671, -0.00754293100908, 0.00336157367565, -0.0058800377883, 0.00566009059548, -0.00284262071364, -0.00261660665274], [-0.000778830726631, 0.00245559751056, -0.00210533593781, 0.00438637146726, -0.00419741962105, 0.00291400402784, -0.00754293100908, 0.0142564373091, -0.00549905281514, 0.00418046675622, -0.00670909835026, 0.00170858309139, 0.000376905984012], [0.000820406770799, -0.000139640076668, -2.79947416857e-005, -0.0021768771112, 0.000529829645529, -0.00137166958302, 0.00336157367565, -0.00549905281514, 0.0119504723698, -0.00493361707777, 0.0009791291086, 0.000302131200442, -0.00215636868961], [-0.000754048582166, 0.00143410870805, -0.000332154100761, 0.00304832984693, -0.00415507657453, 0.00397885031998, -0.0058800377883, 0.00418046675622, -0.00493361707777, 0.0142996814102, -0.0064960392192, 0.000370559457224, 0.000926208740566], [0.00111189554445, -0.0028812198434, 0.00367420399562, -0.00452926848084, 0.00179984443821, -0.00408499548212, 0.00566009059548, -0.00670909835026, 0.0009791291086, -0.0064960392192, 0.0181636065245, -0.00797786191106, 0.0030810686294], [-0.000251574849244, 0.00208598654717, -0.0022717488464, 0.00454602157697, 0.000224061353947, 0.000800198933575, -0.00284262071364, 0.00170858309139, 0.000302131200442, 0.000370559457224, -0.00797786191106, 0.022883201018, -0.011093721725], [0.000148119041114, 0.000153513043188, -0.00108205922879, -0.00179540284444, -0.00291539379396, 0.00438517797738, -0.00261660665274, 0.000376905984012, -0.00215636868961, 0.000926208740566, 0.0030810686294, -0.011093721725, 0.0219019968063]]
    },
    "melbands": {
        "mean": [0.00808360800147, 0.0048417863436, 0.00151751947124, 0.000672647671308, 0.000243919916102, 0.000201414892217, 0.000195835178602, 0.000193626750843, 0.000124549420434, 0.000106452716864, 0.0001087227065, 0.000106446044811, 0.000111043300421, 0.000130559928948, 0.00011840332445, 0.000100096243841, 9.60087636486e-005, 6.93876936566e-005, 6.56656338833e-005, 5.66953967791e-005, 4.10283937526e-005, 2.54699807556e-005, 1.56387777679e-005, 1.17700028568e-005, 1.09104030344e-005, 6.67401536703e-006, 5.95707888351e-006, 4.85262626171e-006, 4.30482850788e-006, 3.85879866371e-006, 2.74039575743e-006, 2.61358786702e-006, 2.6418977086e-006, 2.23044798986e-006, 2.35030915974e-006, 1.77281776814e-006, 1.44194416407e-006, 1.26595637084e-006, 1.62052026553e-006, 1.48954688939e-006],
        "var": [0.000120394244732, 6.03198568569e-005, 1.16659630294e-005, 2.42851001531e-006, 1.16688774199e-007, 7.51140234456e-008, 8.31931501466e-008, 8.23552284146e-008, 3.83617404509e-008, 3.7998155733e-008, 7.30143341343e-008, 7.58697566994e-008, 6.11049912891e-008, 7.12096053235e-008, 3.71105386421e-008, 3.47194877293e-008, 3.70350541345e-008, 1.86621775811e-008, 2.40291182507e-008, 1.47884149371e-008, 6.75392186622e-009, 2.94300050996e-009, 1.27502841618e-009, 4.44907916064e-010, 5.09255526637e-010, 1.46771761411e-010, 2.1384785609e-010, 1.25539453832e-010, 8.09158157145e-011, 8.36450769759e-011, 3.17114980108e-011, 3.12075018605e-011, 3.27291978242e-011, 1.90239837772e-011, 2.91671062302e-011, 1.77501104093e-011, 9.64086015881e-012, 8.88913768982e-012, 1.71720485054e-011, 9.24788370882e-012]
    },
    "mfcc": {
        "mean": [-639.03338623, 123.772026062, -6.47035217285, 7.96094179153, 19.4871692657, 10.0855407715, 5.64863967896, 4.20412158966, 3.75796866417, 3.52988934517, 6.55758666992, 4.80847024918, 6.56010293961],
        "cov": [[4180.06201172, -675.967590332, 178.946456909, 195.544403076, -201.872497559, 180.658676147, 144.629089355, -47.8988952637, 17.3431072235, -92.9501647949, -177.703292847, -91.6928024292, -158.901153564], [-675.967590332, 1411.74121094, 226.599197388, 197.246231079, 150.558029175, 65.3423614502, 198.806488037, 46.5703773499, 172.632217407, 42.1059112549, 50.3446998596, 94.6907043457, 45.4929389954], [178.946456909, 226.599197388, 661.818054199, 464.909637451, 11.3695831299, 284.324157715, 198.560928345, 152.888946533, 85.9657821655, 45.9860877991, -58.0905303955, 10.7731161118, -59.2443122864], [195.544403076, 197.246231079, 464.909637451, 661.155822754, 48.4764442444, 255.720230103, 163.819488525, 65.7379302979, 105.109199524, 52.2722892761, -28.5620613098, -0.326826989651, -44.1415100098], [-201.872497559, 150.558029175, 11.3695831299, 48.4764442444, 442.53616333, 38.736831665, 5.64436197281, 34.6113395691, 42.8522453308, 69.3012390137, 63.2625541687, 5.97650814056, 82.7204437256], [180.658676147, 65.3423614502, 284.324157715, 255.720230103, 38.736831665, 303.885742188, 142.596847534, 73.3644943237, 64.4012374878, 56.1425666809, -12.4699316025, 1.28769278526, -47.3413619995], [144.629089355, 198.806488037, 198.560928345, 163.819488525, 5.64436197281, 142.596847534, 265.683654785, 110.793670654, 70.7878570557, 46.1294250488, 24.8973827362, 43.8141670227, -20.3605442047], [-47.8988952637, 46.5703773499, 152.888946533, 65.7379302979, 34.6113395691, 73.3644943237, 110.793670654, 161.827468872, 68.4328536987, 30.4352588654, 12.2636461258, 25.6641616821, 16.5322284698], [17.3431072235, 172.632217407, 85.9657821655, 105.109199524, 42.8522453308, 64.4012374878, 70.7878570557, 68.4328536987, 140.875305176, 56.0336303711, 16.5524959564, 29.3295288086, 17.3396835327], [-92.9501647949, 42.1059112549, 45.9860877991, 52.2722892761, 69.3012390137, 56.1425666809, 46.1294250488, 30.4352588654, 56.0336303711, 117.799514771, 58.303981781, 23.3289737701, 6.50692224503], [-177.703292847, 50.3446998596, -58.0905303955, -28.5620613098, 63.2625541687, -12.4699316025, 24.8973827362, 12.2636461258, 16.5524959564, 58.303981781, 115.443145752, 59.4853401184, 35.2580184937], [-91.6928024292, 94.6907043457, 10.7731161118, -0.326826989651, 5.97650814056, 1.28769278526, 43.8141670227, 25.6641616821, 29.3295288086, 23.3289737701, 59.4853401184, 114.668197632, 63.2578277588], [-158.901153564, 45.4929389954, -59.2443122864, -44.1415100098, 82.7204437256, -47.3413619995, -20.3605442047, 16.5322284698, 17.3396835327, 6.50692224503, 35.2580184937, 63.2578277588, 118.150550842]],
        "icov": [[0.000337781792041, 0.000278910971247, -0.000124353973661, 6.21617436991e-005, -7.27258229745e-005, -8.92235220817e-006, -0.00050082989037, 0.000612821080722, -0.000576963822823, 0.000408575084293, 0.000293664779747, -9.2363319709e-005, 0.000207037548535], [0.000278910971247, 0.00132861698512, -0.000787508150097, 0.000296394428005, -0.00047652827925, 0.000521134003066, -0.00132741208654, 0.00182364706416, -0.0020988364704, 0.00116684625391, -0.000214805855649, -0.000341262231814, 0.000128482366563], [-0.000124353973661, -0.000787508150097, 0.00569526711479, -0.00281166634522, 3.57703356713e-005, -0.0017688939115, 0.000875801953953, -0.0047976183705, 0.00290234806016, -0.00187885027844, 0.00370417325757, -0.00262375059538, 0.00200662692077], [6.21617436991e-005, 0.000296394428005, -0.00281166634522, 0.00386866531335, -0.000195723143406, -0.000751927029341, -0.00103373616003, 0.00293155643158, -0.00246009719558, 0.000948147149757, -0.00109743257053, 0.00128390733153, -0.000798713415861], [-7.27258229745e-005, -0.00047652827925, 3.57703356713e-005, -0.000195723143406, 0.00367231154814, -0.00090064824326, 0.000519702036399, -0.000543531728908, 0.00054178526625, -0.00129651080351, -0.00210109655745, 0.00348578975536, -0.00398326478899], [-8.92235220817e-006, 0.000521134003066, -0.0017688939115, -0.000751927029341, -0.00090064824326, 0.00720498058945, -0.00202171271667, 0.00064554985147, -0.000950419693254, -0.00142753869295, 0.00094997062115, -0.000765566597693, 0.00204272544943], [-0.00050082989037, -0.00132741208654, 0.000875801953953, -0.00103373616003, 0.000519702036399, -0.00202171271667, 0.00896004866809, -0.00582481222227, 0.00184590055142, -0.00120123312809, -0.000872349424753, -0.00271504675038, 0.00258486531675], [0.000612821080722, 0.00182364706416, -0.0047976183705, 0.00293155643158, -0.000543531728908, 0.00064554985147, -0.00582481222227, 0.0156861189753, -0.00741888768971, 0.00298603973351, -0.0022920735646, 0.00260924338363, -0.00353653612547], [-0.000576963822823, -0.0020988364704, 0.00290234806016, -0.00246009719558, 0.00054178526625, -0.000950419693254, 0.00184590055142, -0.00741888768971, 0.0157142747194, -0.00718959793448, 0.00352794374339, -0.0020789266564, -0.000685546430759], [0.000408575084293, 0.00116684625391, -0.00187885027844, 0.000948147149757, -0.00129651080351, -0.00142753869295, -0.00120123312809, 0.00298603973351, -0.00718959793448, 0.0173471532762, -0.00910773966461, 0.00188067939598, 0.00103398459032], [0.000293664779747, -0.000214805855649, 0.00370417325757, -0.00109743257053, -0.00210109655745, 0.00094997062115, -0.000872349424753, -0.0022920735646, 0.00352794374339, -0.00910773966461, 0.0211524460465, -0.0109312161803, 0.00347128673457], [-9.2363319709e-005, -0.000341262231814, -0.00262375059538, 0.00128390733153, 0.00348578975536, -0.000765566597693, -0.00271504675038, 0.00260924338363, -0.0020789266564, 0.00188067939598, -0.0109312161803, 0.0224236473441, -0.0129510480911], [0.000207037548535, 0.000128482366563, 0.00200662692077, -0.000798713415861, -0.00398326478899, 0.00204272544943, 0.00258486531675, -0.00353653612547, -0.000685546430759, 0.00103398459032, 0.00347128673457, -0.0129510480911, 0.019889883697]]
    },
    "spectral_contrast_coeffs": {
        "mean": [-0.667785346508, -0.761796355247, -0.798225700855, -0.779278814793, -0.786383152008, -0.796539008617],
        "var": [0.0108078708872, 0.00530032580718, 0.00421240832657, 0.00321675441228, 0.00284418370575, 0.0013522754889]
    },
    "spectral_contrast_valleys": {
        "mean": [-7.29667758942, -6.67884302139, -7.01252126694, -7.15737628937, -7.64561796188, -9.94762229919],
        "var": [1.61451542377, 0.659229397774, 0.686274945736, 0.664901852608, 0.829399526119, 0.925839960575]
    }
},
"metadata": {
    "audio_properties": {
        "analysis_sample_rate": 44100,
        "bit_rate": 128074,
        "equal_loudness": 0,
        "length": 45.0612258911,
        "lossless": 0,
        "replay_gain": -5.15335464478,
        "sample_rate": 44100,
        "codec": "mp3",
        "downmix": "mix",
        "md5_encoded": "67a4b991996d8b4ac67ea7b45aac575f"
    },
    "tags": {
        "file_name": "1087.mp3"
    },
    "version": {
        "essentia": "2.1-beta2",
        "essentia_git_sha": "v2.1_beta2",
        "extractor": "music 1.0"
    }
},
"rhythm": {
    "beats_count": 96,
    "beats_loudness": {
        "mean": 0.101341187954,
        "var": 0.000676107534673
    },
    "bpm": 128.173339844,
    "bpm_histogram_first_peak_bpm": {
        "mean": 129,
        "var": 0
    },
    "bpm_histogram_first_peak_spread": {
        "mean": 0.347826063633,
        "var": 0
    },
    "bpm_histogram_first_peak_weight": {
        "mean": 0.631578922272,
        "var": 0
    },
    "bpm_histogram_second_peak_bpm": {
        "mean": 123,
        "var": 0
    },
    "bpm_histogram_second_peak_spread": {
        "mean": 0,
        "var": 0
    },
    "bpm_histogram_second_peak_weight": {
        "mean": 0.0210526324809,
        "var": 0
    },
    "danceability": 1.70399999619,
    "onset_rate": 4.63604354858,
    "beats_loudness_band_ratio": {
        "mean": [0.802166521549, 0.0392063111067, 0.0307707320899, 0.0504061840475, 0.0437336079776, 0.0428414493799],
        "var": [0.0365377254784, 0.00023665385379, 0.000280947511783, 0.00223461748101, 0.00936793070287, 0.00847434345633]
    },
    "beats_position": [0.406349211931, 0.835918366909, 1.30031740665, 1.764716506, 2.21750569344, 2.69351458549, 3.16952371597, 3.64553284645, 4.1099319458, 4.57433080673, 5.0387301445, 5.51473903656, 5.97913837433, 6.45514726639, 6.91954612732, 7.38394546509, 7.84834432602, 8.33596324921, 8.80036258698, 9.26476192474, 9.72916126251, 10.1935596466, 10.6579589844, 11.1223583221, 11.5983667374, 12.0743761063, 12.538775444, 13.0031747818, 13.479183197, 13.9551925659, 14.4195919037, 14.8839902878, 15.3483896255, 15.8127889633, 16.2887973785, 16.7648067474, 17.2408161163, 17.7052154541, 18.181224823, 18.6456241608, 19.1100215912, 19.574420929, 20.0504302979, 20.5264396667, 20.9908390045, 21.4552383423, 21.9196376801, 22.3840351105, 22.8484344482, 23.3360538483, 23.800453186, 24.2648525238, 24.7292518616, 25.2052612305, 25.681268692, 26.1456680298, 26.6100673676, 27.0744667053, 27.5504760742, 28.0264854431, 28.4908847809, 28.9552822113, 29.4196815491, 29.8840808868, 30.3484802246, 30.8244895935, 31.2888889313, 31.7648983002, 32.2292976379, 32.7053070068, 33.1697044373, 33.6457138062, 34.1101112366, 34.5745124817, 35.0389099121, 35.514919281, 35.9793205261, 36.455329895, 36.9197273254, 37.3841247559, 37.8601341248, 38.3361434937, 38.8005447388, 39.2649421692, 39.7293434143, 40.1937408447, 40.6581382751, 41.134147644, 41.5985488892, 42.0745582581, 42.5389556885, 43.0149650574, 43.4793624878, 43.9553718567, 44.4197731018, 44.8841705322]
},
"tonal": {
    "chords_changes_rate": 0.10390946269,
    "chords_number_rate": 0.0133744860068,
    "chords_strength": {
        "mean": 0.438809424639,
        "var": 0.0103618111461
    },
    "hpcp_entropy": {
        "mean": 2.25167489052,
        "var": 0.733004510403
    },
    "key_strength": 0.72358840704,
    "tuning_diatonic_strength": 0.495487779379,
    "tuning_equal_tempered_deviation": 0.11702080071,
    "tuning_frequency": 434.193115234,
    "tuning_nontempered_energy_ratio": 0.748670876026,
    "hpcp": {
        "mean": [0.0946518704295, 0.104721412063, 0.135826855898, 0.132236510515, 0.0921593904495, 0.075054012239, 0.0894877016544, 0.104828283191, 0.171352595091, 0.246700078249, 0.194769561291, 0.12475977838, 0.101231910288, 0.070066832006, 0.0745479464531, 0.104303084314, 0.105803720653, 0.132984101772, 0.151354283094, 0.104758746922, 0.092804402113, 0.0936336964369, 0.0697733610868, 0.183307349682, 0.301395386457, 0.190523192286, 0.0886481031775, 0.101534567773, 0.104225806892, 0.131411015987, 0.162500157952, 0.135441720486, 0.111716285348, 0.110103406012, 0.112535826862, 0.108417607844],
        "var": [0.0399123206735, 0.0412509515882, 0.0471341386437, 0.0474201850593, 0.0302445236593, 0.0249209366739, 0.0352621711791, 0.0413785465062, 0.0604539439082, 0.118767984211, 0.0741031095386, 0.0507782325149, 0.0353392846882, 0.0182071998715, 0.0187370665371, 0.0382121726871, 0.0329414270818, 0.0536458566785, 0.0730543658137, 0.0341247022152, 0.0292934570462, 0.0360870398581, 0.0215649940073, 0.0546030402184, 0.160072758794, 0.0562927387655, 0.0369085110724, 0.0438270270824, 0.0475168116391, 0.0479292348027, 0.0658558756113, 0.052179146558, 0.0507976599038, 0.0491017363966, 0.0500349588692, 0.0466289743781]
    },
    "chords_histogram": [32.8189315796, 3.80658435822, 10.5967073441, 4.01234579086, 1.44032919407, 2.98353910446, 4.11522626877, 19.3415641785, 0.411522626877, 12.1399173737, 0, 1.74897122383, 1.64609050751, 0, 0, 0, 0, 0, 0, 0, 1.02880656719, 0, 3.90946507454, 0],
    "thpcp": [1, 0.632137060165, 0.29412561655, 0.336881637573, 0.345810890198, 0.43600872159, 0.539159417152, 0.449382185936, 0.370663553476, 0.365312188864, 0.373382717371, 0.359718859196, 0.314045518637, 0.347455263138, 0.450660049915, 0.438747614622, 0.305775731802, 0.24902176857, 0.296911329031, 0.34780985117, 0.568530917168, 0.818526387215, 0.646226108074, 0.413940578699, 0.33587744832, 0.232474803925, 0.247342690825, 0.346067279577, 0.351046264172, 0.441228061914, 0.502178490162, 0.34757912159, 0.30791580677, 0.310667306185, 0.231501087546, 0.608195602894],
    "chords_key": "F",
    "chords_scale": "minor",
    "key_key": "F",
    "key_scale": "minor"
}
}