{
"lowlevel": {
    "average_loudness": 0.946308672428,
    "barkbands_crest": {
        "mean": 6.19646453857,
        "var": 6.80651569366
    },
    "barkbands_flatness_db": {
        "mean": 0.0702412053943,
        "var": 0.000572641554754
    },
    "barkbands_kurtosis": {
        "mean": 0.207315862179,
        "var": 3.82743000984
    },
    "barkbands_skewness": {
        "mean": 0.800404906273,
        "var": 0.51770824194
    },
    "barkbands_spread": {
        "mean": 34.8204269409,
        "var": 98.8696975708
    },
    "dissonance": {
        "mean": 0.476984739304,
        "var": 0.000198158682906
    },
    "dynamic_complexity": 2.04969000816,
    "erbbands_crest": {
        "mean": 5.99666833878,
        "var": 5.49789810181
    },
    "erbbands_flatness_db": {
        "mean": 0.124731115997,
        "var": 0.000813423481304
    },
    "erbbands_kurtosis": {
        "mean": -0.488242536783,
        "var": 0.317986339331
    },
    "erbbands_skewness": {
        "mean": 0.0857313945889,
        "var": 0.138219609857
    },
    "erbbands_spread": {
        "mean": 45.9813804626,
        "var": 175.624649048
    },
    "hfc": {
        "mean": 36.604309082,
        "var": 531.593383789
    },
    "melbands_crest": {
        "mean": 9.95486164093,
        "var": 19.5767784119
    },
    "melbands_flatness_db": {
        "mean": 0.104745522141,
        "var": 0.0015835679369
    },
    "melbands_kurtosis": {
        "mean": 5.95571708679,
        "var": 58.0708503723
    },
    "melbands_skewness": {
        "mean": 1.98501849174,
        "var": 1.14909946918
    },
    "melbands_spread": {
        "mean": 42.2772445679,
        "var": 372.761535645
    },
    "pitch_salience": {
        "mean": 0.600960731506,
        "var": 0.00821130722761
    },
    "silence_rate_20dB": {
        "mean": 1,
        "var": 0
    },
    "silence_rate_30dB": {
        "mean": 1,
        "var": 0
    },
    "silence_rate_60dB": {
        "mean": 0.0308959838003,
        "var": 0.0299407187849
    },
    "spectral_centroid": {
        "mean": 2014.09631348,
        "var": 296355.28125
    },
    "spectral_complexity": {
        "mean": 26.9608650208,
        "var": 81.6266326904
    },
    "spectral_decrease": {
        "mean": -6.32743768492e-009,
        "var": 2.40676834988e-017
    },
    "spectral_energy": {
        "mean": 0.0272013340145,
        "var": 0.00039244297659
    },
    "spectral_energyband_high": {
        "mean": 0.00267234258354,
        "var": 4.18879699282e-006
    },
    "spectral_energyband_low": {
        "mean": 0.00692753586918,
        "var": 0.000145087877172
    },
    "spectral_energyband_middle_high": {
        "mean": 0.00728398608044,
        "var": 2.10822327062e-005
    },
    "spectral_energyband_middle_low": {
        "mean": 0.0114114293829,
        "var": 0.000105322986201
    },
    "spectral_entropy": {
        "mean": 7.90162754059,
        "var": 0.065957903862
    },
    "spectral_flux": {
        "mean": 0.0908824130893,
        "var": 0.0021839083638
    },
    "spectral_kurtosis": {
        "mean": 2.2297706604,
        "var": 0.888296484947
    },
    "spectral_rms": {
        "mean": 0.00478646019474,
        "var": 3.62768355444e-006
    },
    "spectral_rolloff": {
        "mean": 3128.84008789,
        "var": 2836238.75
    },
    "spectral_skewness": {
        "mean": 1.22153091431,
        "var": 0.0390346497297
    },
    "spectral_spread": {
        "mean": 5639429.5,
        "var": 1.77202803507e+012
    },
    "spectral_strongpeak": {
        "mean": 1.12402784824,
        "var": 1.29786539078
    },
    "zerocrossingrate": {
        "mean": 0.109163545072,
        "var": 0.00131776032504
    },
    "barkbands": {
        "mean": [9.64478676906e-005, 0.00304744113237, 0.00274041015655, 0.00194187136367, 0.00302174733952, 0.00148892542347, 0.0017819077475, 0.00154291302897, 0.001524775289, 0.000862997781951, 0.000791949743871, 0.000800609530415, 0.000704188481905, 0.000782508519478, 0.00097881804686, 0.000566602160688, 0.00055342464475, 0.00050042453222, 0.000504476134665, 0.000492763414513, 0.000601387175266, 0.00051679473836, 0.000585995032452, 0.000422739569331, 0.00023912168399, 0.000100869016023, 9.22904291656e-006],
        "var": [6.38734789504e-008, 4.60076989839e-005, 2.6449059078e-005, 1.33803614517e-005, 2.22552498599e-005, 3.13868008561e-006, 3.67345501218e-006, 3.75170361622e-006, 3.49448760062e-006, 1.30491605432e-006, 1.16993089705e-006, 1.0822728882e-006, 5.8821649418e-007, 6.81066694597e-007, 9.96214225779e-007, 3.93473129634e-007, 3.89056310723e-007, 2.49913597372e-007, 2.03893648631e-007, 1.8650737843e-007, 2.47930842079e-007, 1.91737257182e-007, 2.76581232583e-007, 1.81239386166e-007, 6.53867147093e-008, 3.05382528154e-008, 4.57443055657e-010]
    },
    "erbbands": {
        "mean": [0.051360744983, 0.822026908398, 3.05317926407, 5.19533920288, 5.51032018661, 10.6731824875, 17.0260334015, 12.1606769562, 20.6503391266, 30.2851142883, 36.7968215942, 32.3749160767, 29.2735004425, 31.6348838806, 34.2891616821, 31.2988815308, 31.7580223083, 40.4528083801, 46.1642189026, 44.9536361694, 37.7695465088, 27.0437374115, 28.3604240417, 26.4483089447, 25.5191383362, 26.4048519135, 23.2285270691, 20.5224018097, 19.3059120178, 19.2095661163, 15.4879131317, 10.8430204391, 5.91873264313, 3.13996291161, 1.38014364243, 0.551093459129, 0.162128850818, 0.032831851393, 0.000955474912189, 6.28148845863e-005],
        "var": [0.0127367395908, 3.36340475082, 35.0487823486, 72.5292510986, 123.82787323, 258.487854004, 956.763977051, 212.085998535, 596.62890625, 1147.06005859, 2358.69384766, 1699.61694336, 1137.29406738, 1313.80517578, 1342.68212891, 1494.61877441, 1219.17993164, 1830.55847168, 2480.27197266, 2810.31958008, 1796.82543945, 535.240661621, 612.672973633, 421.038726807, 574.800354004, 587.870788574, 423.152374268, 320.162658691, 260.09777832, 290.520324707, 197.220825195, 111.164733887, 38.6569137573, 10.5057296753, 2.77790570259, 0.837342560291, 0.083071872592, 0.00416035717353, 4.14692203776e-006, 3.572427687e-009]
    },
    "gfcc": {
        "mean": [52.9081192017, 46.5146446228, -129.953384399, 28.9987049103, -76.7780914307, 17.3739738464, -46.8277893066, 7.60666513443, -26.1506061554, 5.12099313736, -20.6800136566, 0.417874515057, -15.9752473831],
        "cov": [[3541.77441406, 141.082519531, 489.834899902, 112.809196472, 77.3417663574, 80.3074493408, 27.9615917206, 40.5539321899, -25.4503135681, -1.69047772884, -95.7236328125, 11.82010746, -54.3040428162], [141.082519531, 707.03314209, 210.124786377, 197.997528076, 214.004806519, 140.768173218, 128.840423584, 45.2210235596, 69.5097503662, -2.97417593002, 36.5445632935, -45.1245613098, -1.04938912392], [489.834899902, 210.124786377, 600.762145996, 204.245651245, 210.46395874, 134.65977478, 93.0926589966, 49.1757965088, 1.33807945251, 17.7897510529, -28.8779888153, 4.0068898201, -33.4315910339], [112.809196472, 197.997528076, 204.245651245, 289.276519775, 165.024688721, 135.948898315, 89.2814941406, 46.6950416565, 44.0088806152, 18.2608661652, 28.9978160858, -5.8073887825, -4.71907520294], [77.3417663574, 214.004806519, 210.46395874, 165.024688721, 217.047943115, 122.453277588, 87.3740921021, 38.5115127563, 21.1161651611, 14.8483047485, 8.09579086304, -1.1641446352, -5.07449865341], [80.3074493408, 140.768173218, 134.65977478, 135.948898315, 122.453277588, 144.989074707, 91.6179046631, 52.9934616089, 34.720615387, 18.8684482574, 19.8798656464, 0.152208834887, 2.44197487831], [27.9615917206, 128.840423584, 93.0926589966, 89.2814941406, 87.3740921021, 91.6179046631, 104.798851013, 59.7797584534, 36.987575531, 15.7038145065, 19.0129470825, 2.84967780113, -0.142747834325], [40.5539321899, 45.2210235596, 49.1757965088, 46.6950416565, 38.5115127563, 52.9934616089, 59.7797584534, 83.3041229248, 51.4401512146, 20.171005249, 11.9284820557, 2.55354166031, 2.97859597206], [-25.4503135681, 69.5097503662, 1.33807945251, 44.0088806152, 21.1161651611, 34.720615387, 36.987575531, 51.4401512146, 83.2852706909, 35.5348358154, 17.8350772858, -3.61128997803, 6.08066558838], [-1.69047772884, -2.97417593002, 17.7897510529, 18.2608661652, 14.8483047485, 18.8684482574, 15.7038145065, 20.171005249, 35.5348358154, 59.4732818604, 26.0958366394, 5.66486978531, 4.68275022507], [-95.7236328125, 36.5445632935, -28.8779888153, 28.9978160858, 8.09579086304, 19.8798656464, 19.0129470825, 11.9284820557, 17.8350772858, 26.0958366394, 61.2809677124, 17.5542793274, 9.30585193634], [11.82010746, -45.1245613098, 4.0068898201, -5.8073887825, -1.1641446352, 0.152208834887, 2.84967780113, 2.55354166031, -3.61128997803, 5.66486978531, 17.5542793274, 44.4878807068, 15.1324291229], [-54.3040428162, -1.04938912392, -33.4315910339, -4.71907520294, -5.07449865341, 2.44197487831, -0.142747834325, 2.97859597206, 6.08066558838, 4.68275022507, 9.30585193634, 15.1324291229, 44.1552124023]],
        "icov": [[0.000357426906703, -0.000229554032558, -0.000191604034626, -0.000146340084029, 0.000446842168458, -0.000297077436699, 0.000385459832614, -0.000420421769377, 0.000437912152847, -0.000496590568218, 0.000899264705367, -0.000716096139513, 0.000419051910285], [-0.000229554032558, 0.00352544360794, -0.000849540054332, 0.000716405687854, -0.00279425084591, 0.000987638602965, -0.00294649787247, 0.00321811321191, -0.00430887937546, 0.00460643880069, -0.00480101443827, 0.00540830940008, -0.00210433616303], [-0.000191604034626, -0.000849540054332, 0.00378148048185, -0.00157415994909, -0.00127905968111, -0.000523748749401, 0.000364986393834, -0.00186936941464, 0.00312437769026, -0.00335450703278, 0.00437733251601, -0.003220096929, 0.00255479826592], [-0.000146340084029, 0.000716405687854, -0.00157415994909, 0.0085998699069, -0.00363900419325, -0.00373848131858, 0.000132064888021, 0.00225919508375, -0.00446242187172, 0.0039677945897, -0.00550570851192, 0.0033116445411, -0.000579980085604], [0.000446842168458, -0.00279425084591, -0.00127905968111, -0.00363900419325, 0.0146240340546, -0.00553740467876, -0.00123098737095, -0.000565867114346, 0.00445626769215, -0.00484323641285, 0.0056944526732, -0.00454615335912, 0.00140473025385], [-0.000297077436699, 0.000987638602965, -0.000523748749401, -0.00373848131858, -0.00553740467876, 0.023351399228, -0.0122695108876, -0.000903033127543, -0.000336479861289, 0.000277763465419, -0.00288074393757, 0.00356586254202, -0.00364260142669], [0.000385459832614, -0.00294649787247, 0.000364986393834, 0.000132064888021, -0.00123098737095, -0.0122695108876, 0.0323367454112, -0.0152273485437, 0.00287944939919, -0.00100786890835, 5.63858229725e-005, -0.00527008064091, 0.00386789324693], [-0.000420421769377, 0.00321811321191, -0.00186936941464, 0.00225919508375, -0.000565867114346, -0.000903033127543, -0.0152273485437, 0.0323236435652, -0.0180775746703, 0.00567998737097, -0.00335748237558, 0.00284317834303, -0.00223895488307], [0.000437912152847, -0.00430887937546, 0.00312437769026, -0.00446242187172, 0.00445626769215, -0.000336479861289, 0.00287944939919, -0.0180775746703, 0.0328908450902, -0.0183104965836, 0.00787830073386, -0.00275224703364, 0.000779615016654], [-0.000496590568218, 0.00460643880069, -0.00335450703278, 0.0039677945897, -0.00484323641285, 0.000277763465419, -0.00100786890835, 0.00567998737097, -0.0183104965836, 0.0348375029862, -0.0184236895293, 0.00778444157913, -0.00353338522837], [0.000899264705367, -0.00480101443827, 0.00437733251601, -0.00550570851192, 0.0056944526732, -0.00288074393757, 5.63858229725e-005, -0.00335748237558, 0.00787830073386, -0.0184236895293, 0.0363188683987, -0.0187106002122, 0.00438502663746], [-0.000716096139513, 0.00540830940008, -0.003220096929, 0.0033116445411, -0.00454615335912, 0.00356586254202, -0.00527008064091, 0.00284317834303, -0.00275224703364, 0.00778444157913, -0.0187106002122, 0.0398209989071, -0.0139150554314], [0.000419051910285, -0.00210433616303, 0.00255479826592, -0.000579980085604, 0.00140473025385, -0.00364260142669, 0.00386789324693, -0.00223895488307, 0.000779615016654, -0.00353338522837, 0.00438502663746, -0.0139150554314, 0.0296235475689]]
    },
    "melbands": {
        "mean": [0.000665344239678, 0.00146891921759, 0.000928860099521, 0.000510332058184, 0.000622987863608, 0.000271793309366, 0.000326799985487, 0.000326658017002, 0.000290635711281, 0.000202297916985, 0.000147987084347, 0.000130791348056, 0.000125429491163, 9.42043989198e-005, 6.78483193042e-005, 7.6949778304e-005, 7.10727545084e-005, 7.46387377148e-005, 5.59157815587e-005, 5.01374561281e-005, 4.28016610385e-005, 2.68623462034e-005, 2.60982724285e-005, 2.90878324449e-005, 1.97809749807e-005, 2.05370379263e-005, 1.65743495018e-005, 1.66726022144e-005, 1.50068690346e-005, 1.33152743729e-005, 1.14071135613e-005, 1.0696402569e-005, 1.06914721982e-005, 1.08061349238e-005, 9.28603640205e-006, 7.73947522248e-006, 5.97366624788e-006, 4.25133248427e-006, 3.49353695128e-006, 2.2834963147e-006],
        "var": [2.06969275496e-006, 8.26241284813e-006, 2.50259449786e-006, 5.80192306643e-007, 1.26922009258e-006, 1.03580781285e-007, 1.3602125648e-007, 1.20953743021e-007, 1.42829520655e-007, 6.2565305825e-008, 3.06774090575e-008, 2.47368703299e-008, 2.44955185025e-008, 1.7099335281e-008, 5.46954836977e-009, 6.31744656587e-009, 5.69639624359e-009, 6.98147317735e-009, 3.11058601099e-009, 2.72840994242e-009, 2.93303603627e-009, 7.67040153615e-010, 8.0830520055e-010, 1.16700971109e-009, 3.00262287256e-010, 4.88186435721e-010, 2.12567949354e-010, 2.70188066365e-010, 2.54930826449e-010, 1.80744350042e-010, 1.30895155825e-010, 8.75348335483e-011, 1.09175474217e-010, 1.02751418485e-010, 9.40542019268e-011, 6.84228160241e-011, 3.59459718935e-011, 1.97695818049e-011, 1.55218685127e-011, 6.87992805087e-012]
    },
    "mfcc": {
        "mean": [-582.709777832, 76.9621047974, -1.96889793873, 7.10844707489, -6.65462970734, 2.43323254585, -8.78371334076, -1.42820262909, -4.98987483978, 2.10208034515, -2.81533050537, -2.29768514633, -2.77105665207],
        "cov": [[2611.09301758, 155.746749878, 284.231079102, 96.5280380249, 80.8603820801, 59.229511261, 36.1571731567, 60.230758667, 44.7874107361, 40.1937255859, 7.1229057312, -29.5421791077, -33.0540618896], [155.746749878, 529.347229004, 128.518829346, 104.520362854, 124.693016052, 104.240013123, 96.3810272217, 69.4560470581, 61.3327903748, 47.9055480957, 45.7613639832, 13.911356926, 17.8486499786], [284.231079102, 128.518829346, 351.112640381, 148.014968872, 132.944900513, 108.097259521, 94.2492828369, 67.9105377197, 55.2592964172, 48.3176612854, 22.8307609558, 6.03913879395, 10.8743696213], [96.5280380249, 104.520362854, 148.014968872, 185.864349365, 125.015647888, 108.626411438, 80.131187439, 57.0538101196, 43.7850952148, 32.6907730103, 30.0075969696, 19.4685764313, 20.8149299622], [80.8603820801, 124.693016052, 132.944900513, 125.015647888, 159.769638062, 111.052902222, 84.9145812988, 51.0886535645, 49.9097328186, 29.8228111267, 22.1632595062, 19.541469574, 14.4445209503], [59.229511261, 104.240013123, 108.097259521, 108.626411438, 111.052902222, 143.001983643, 91.5591888428, 54.0160369873, 42.1841926575, 32.1822395325, 25.66147995, 20.0735473633, 22.5716762543], [36.1571731567, 96.3810272217, 94.2492828369, 80.131187439, 84.9145812988, 91.5591888428, 122.271026611, 62.1468582153, 34.0262718201, 26.4765281677, 23.7104415894, 12.9953336716, 17.910943985], [60.230758667, 69.4560470581, 67.9105377197, 57.0538101196, 51.0886535645, 54.0160369873, 62.1468582153, 97.9693984985, 46.4952011108, 30.5189228058, 23.0242290497, 16.7292709351, 20.6831989288], [44.7874107361, 61.3327903748, 55.2592964172, 43.7850952148, 49.9097328186, 42.1841926575, 34.0262718201, 46.4952011108, 88.9101867676, 41.6990356445, 20.564458847, 17.7048797607, 14.8168525696], [40.1937255859, 47.9055480957, 48.3176612854, 32.6907730103, 29.8228111267, 32.1822395325, 26.4765281677, 30.5189228058, 41.6990356445, 82.6554718018, 33.1798858643, 17.9039230347, 17.8958015442], [7.1229057312, 45.7613639832, 22.8307609558, 30.0075969696, 22.1632595062, 25.66147995, 23.7104415894, 23.0242290497, 20.564458847, 33.1798858643, 62.9366950989, 24.9970989227, 15.7197732925], [-29.5421791077, 13.911356926, 6.03913879395, 19.4685764313, 19.541469574, 20.0735473633, 12.9953336716, 16.7292709351, 17.7048797607, 17.9039230347, 24.9970989227, 62.289264679, 24.3901004791], [-33.0540618896, 17.8486499786, 10.8743696213, 20.8149299622, 14.4445209503, 22.5716762543, 17.910943985, 20.6831989288, 14.8168525696, 17.8958015442, 15.7197732925, 24.3901004791, 62.1614379883]],
        "icov": [[0.000433649111073, -7.48989332351e-005, -0.000371776492102, 6.03743910688e-006, 6.59968063701e-005, -3.87992586184e-005, 0.000254011887591, -0.000199174624868, 2.64822597273e-006, -6.64086837787e-005, 1.27387120301e-005, 0.000160579016665, 0.00025920785265], [-7.48989332351e-005, 0.00249873823486, -4.74466251035e-005, 0.000208462035516, -0.00128899794072, -0.000162871088833, -0.000597154546995, -0.000296128768241, -0.000375056755729, -0.000142738776049, -0.00106886646245, 0.000591607065871, -2.08762412512e-005], [-0.000371776492102, -4.74466251035e-005, 0.00522554339841, -0.00228262902237, -0.00168821227271, 0.000182180971024, -0.00104898435529, -0.00047997731599, -0.00014422753884, -0.00136391993146, 0.000688411819283, 0.000873872311786, 0.00036429965985], [6.03743910688e-006, 0.000208462035516, -0.00228262902237, 0.013903378509, -0.00642742589116, -0.00368269276805, 0.000741241092328, -0.00154681655113, 0.000706049613655, 0.000511390273459, -0.0022452629637, 0.000251824065344, -0.00102756056003], [6.59968063701e-005, -0.00128899794072, -0.00168821227271, -0.00642742589116, 0.0202440042049, -0.00699202716351, -0.00285971048288, 0.00185773521662, -0.00364534370601, 0.00110462668817, 0.00175114092417, -0.00222660158761, 0.00187511532567], [-3.87992586184e-005, -0.000162871088833, 0.000182180971024, -0.00368269276805, -0.00699202716351, 0.0208412669599, -0.00780494650826, 0.000263931928203, -0.000369128538296, -0.000979898730293, 7.27347105567e-006, -0.00067857891554, -0.00192001252435], [0.000254011887591, -0.000597154546995, -0.00104898435529, 0.000741241092328, -0.00285971048288, -0.00780494650826, 0.0199370831251, -0.00711579900235, 0.00199261913076, 0.000234327089856, -0.00153232261073, 0.00140301440842, -0.000341910170391], [-0.000199174624868, -0.000296128768241, -0.00047997731599, -0.00154681655113, 0.00185773521662, 0.000263931928203, -0.00711579900235, 0.0189684182405, -0.00617501931265, -0.000234416787862, -0.000893854652531, -0.000754453532863, -0.00214615790173], [2.64822597273e-006, -0.000375056755729, -0.00014422753884, 0.000706049613655, -0.00364534370601, -0.000369128538296, 0.00199261913076, -0.00617501931265, 0.0191001873463, -0.00648182630539, 0.000676163821481, -0.0014869972365, 8.52946250234e-005], [-6.64086837787e-005, -0.000142738776049, -0.00136391993146, 0.000511390273459, 0.00110462668817, -0.000979898730293, 0.000234327089856, -0.000234416787862, -0.00648182630539, 0.0194231625646, -0.00720926560462, -0.000108780295704, -0.00199831533246], [1.27387120301e-005, -0.00106886646245, 0.000688411819283, -0.0022452629637, 0.00175114092417, 7.27347105567e-006, -0.00153232261073, -0.000893854652531, 0.000676163821481, -0.00720926560462, 0.0241166763008, -0.00681851804256, -0.00023463103571], [0.000160579016665, 0.000591607065871, 0.000873872311786, 0.000251824065344, -0.00222660158761, -0.00067857891554, 0.00140301440842, -0.000754453532863, -0.0014869972365, -0.000108780295704, -0.00681851804256, 0.0223458949476, -0.00636883312836], [0.00025920785265, -2.08762412512e-005, 0.00036429965985, -0.00102756056003, 0.00187511532567, -0.00192001252435, -0.000341910170391, -0.00214615790173, 8.52946250234e-005, -0.00199831533246, -0.00023463103571, -0.00636883312836, 0.0206986218691]]
    },
    "spectral_contrast_coeffs": {
        "mean": [-0.607290148735, -0.754488825798, -0.747129321098, -0.744642019272, -0.740116596222, -0.730930805206],
        "var": [0.007720251102, 0.00286767631769, 0.00289096334018, 0.00254062865861, 0.00216161063872, 0.00147958670277]
    },
    "spectral_contrast_valleys": {
        "mean": [-7.75292396545, -6.31155633926, -6.99199724197, -7.3751282692, -7.29017925262, -9.35395812988],
        "var": [1.42945075035, 0.67307549715, 0.582595705986, 0.533189356327, 0.551621079445, 0.766085863113]
    }
},
"metadata": {
    "audio_properties": {
        "analysis_sample_rate": 44100,
        "bit_rate": 128074,
        "equal_loudness": 0,
        "length": 45.0612258911,
        "lossless": 0,
        "replay_gain": -5.95767402649,
        "sample_rate": 44100,
        "codec": "mp3",
        "downmix": "mix",
        "md5_encoded": "cdca69ab5c3b7e15f9c1c5e009c9b6af"
    },
    "tags": {
        "file_name": "1088.mp3"
    },
    "version": {
        "essentia": "2.1-beta2",
        "essentia_git_sha": "v2.1_beta2",
        "extractor": "music 1.0"
    }
},
"rhythm": {
    "beats_count": 97,
    "beats_loudness": {
        "mean": 0.0446705929935,
        "var": 0.000194864100195
    },
    "bpm": 130.036056519,
    "bpm_histogram_first_peak_bpm": {
        "mean": 129,
        "var": 0
    },
    "bpm_histogram_first_peak_spread": {
        "mean": 0.252631574869,
        "var": 0
    },
    "bpm_histogram_first_peak_weight": {
        "mean": 0.739583313465,
        "var": 0
    },
    "bpm_histogram_second_peak_bpm": {
        "mean": 136,
        "var": 0
    },
    "bpm_histogram_second_peak_spread": {
        "mean": 0,
        "var": 0
    },
    "bpm_histogram_second_peak_weight": {
        "mean": 0.0104166669771,
        "var": 0
    },
    "danceability": 1.46530008316,
    "onset_rate": 4.68040800095,
    "beats_loudness_band_ratio": {
        "mean": [0.304336816072, 0.225322037935, 0.142456263304, 0.109890475869, 0.0913020446897, 0.140122279525],
        "var": [0.0734091550112, 0.0280349701643, 0.00853336416185, 0.00346130412072, 0.00308889523149, 0.00367851858027]
    },
    "beats_position": [0.417959183455, 0.859138309956, 1.3235373497, 1.77632653713, 2.22911548615, 2.69351458549, 3.15791368484, 3.62231278419, 4.08671188354, 4.55111122131, 5.01551008224, 5.46829938889, 5.92108821869, 6.38548755646, 6.84988641739, 7.31428575516, 7.77868461609, 8.24308395386, 8.70748329163, 9.17188167572, 9.62467098236, 10.077460289, 10.5418596268, 11.0062580109, 11.4706573486, 11.9350566864, 12.3994560242, 12.8522443771, 13.3050336838, 13.7694330215, 14.2338323593, 14.6982307434, 15.1626300812, 15.6270294189, 16.0914287567, 16.5558280945, 17.0086174011, 17.4614048004, 17.9258041382, 18.390203476, 18.8546028137, 19.3190021515, 19.7834014893, 20.247800827, 20.7005901337, 21.153377533, 21.6177768707, 22.0821762085, 22.5465755463, 23.010974884, 23.4753742218, 23.9281635284, 24.3809528351, 24.8453502655, 25.3097496033, 25.774148941, 26.2385482788, 26.7029476166, 27.1673469543, 27.6317462921, 28.0845336914, 28.537322998, 29.0017223358, 29.4661216736, 29.9305210114, 30.3949203491, 30.8593196869, 31.3121089935, 31.7648983002, 32.2292976379, 32.6936950684, 33.1580963135, 33.6224937439, 34.0868911743, 34.5512924194, 35.0156898499, 35.4684791565, 35.9212684631, 36.3856697083, 36.8500671387, 37.3144645691, 37.7788658142, 38.2432632446, 38.7076644897, 39.1604537964, 39.613243103, 40.0776405334, 40.5420417786, 41.006439209, 41.4708366394, 41.9352378845, 42.3996353149, 42.8640365601, 43.3168258667, 43.7696151733, 44.2340126038, 44.6984100342]
},
"tonal": {
    "chords_changes_rate": 0.0679012313485,
    "chords_number_rate": 0.00720164598897,
    "chords_strength": {
        "mean": 0.422368347645,
        "var": 0.00382254179567
    },
    "hpcp_entropy": {
        "mean": 1.90614819527,
        "var": 0.473623394966
    },
    "key_strength": 0.592844605446,
    "tuning_diatonic_strength": 0.432212799788,
    "tuning_equal_tempered_deviation": 0.0225092191249,
    "tuning_frequency": 440,
    "tuning_nontempered_energy_ratio": 0.586675167084,
    "hpcp": {
        "mean": [0.309813976288, 0.178249940276, 0.0777501761913, 0.0844602510333, 0.0765682011843, 0.261554479599, 0.458744525909, 0.300188004971, 0.125283107162, 0.10613822192, 0.0924694240093, 0.240629151464, 0.352956086397, 0.204801231623, 0.187993317842, 0.279026895761, 0.184084370732, 0.12571246922, 0.133453115821, 0.0921636521816, 0.182361349463, 0.284368216991, 0.177756294608, 0.0870023071766, 0.08272318542, 0.0644735023379, 0.208215653896, 0.350684314966, 0.232229843736, 0.114678569138, 0.0913128182292, 0.0780052468181, 0.138987645507, 0.188664749265, 0.132649838924, 0.204552039504],
        "var": [0.107964925468, 0.0381032414734, 0.016538541764, 0.0268406271935, 0.0152404261753, 0.0486986413598, 0.130476221442, 0.0533245131373, 0.023506956175, 0.0321668088436, 0.0214166641235, 0.0649115517735, 0.116928964853, 0.0417043752968, 0.0407014749944, 0.103621937335, 0.0393727049232, 0.020329464227, 0.0281579606235, 0.0215487387031, 0.0380247980356, 0.0863732174039, 0.0359094142914, 0.0223323646933, 0.0295084528625, 0.017215481028, 0.0352631211281, 0.0956517159939, 0.0477304458618, 0.045481979847, 0.0291560180485, 0.0173746198416, 0.0276010371745, 0.0607793852687, 0.0298777706921, 0.0437265969813]
    },
    "chords_histogram": [5.55555534363, 3.80658435822, 22.2222213745, 0, 0, 0, 0, 0, 0, 0, 0, 0, 0, 0.205761313438, 0, 0, 0, 2.98353910446, 0, 0, 0, 46.0905342102, 10.3909463882, 8.74485588074],
    "thpcp": [1, 0.654368579388, 0.273099958897, 0.231366738677, 0.201570630074, 0.524538457394, 0.769395768642, 0.446438521147, 0.409799575806, 0.608240246773, 0.401278614998, 0.274035900831, 0.290909439325, 0.200904086232, 0.39752265811, 0.619883596897, 0.387484282255, 0.189653068781, 0.180325165391, 0.140543371439, 0.453881502151, 0.764443576336, 0.506229162216, 0.249983519316, 0.199049383402, 0.170040711761, 0.30297395587, 0.411263227463, 0.289158403873, 0.445895314217, 0.675351858139, 0.38856035471, 0.169484689832, 0.184111729264, 0.166908144951, 0.570152819157],
    "chords_key": "B",
    "chords_scale": "minor",
    "key_key": "A",
    "key_scale": "major"
}
}