{
"lowlevel": {
    "average_loudness": 0.975929379463,
    "barkbands_crest": {
        "mean": 10.9749069214,
        "var": 30.1828174591
    },
    "barkbands_flatness_db": {
        "mean": 0.113323710859,
        "var": 0.00631140498444
    },
    "barkbands_kurtosis": {
        "mean": 1.32015037537,
        "var": 16.0796833038
    },
    "barkbands_skewness": {
        "mean": 1.01363813877,
        "var": 1.07529640198
    },
    "barkbands_spread": {
        "mean": 34.0488166809,
        "var": 220.96774292
    },
    "dissonance": {
        "mean": 0.466310411692,
        "var": 0.00113231758587
    },
    "dynamic_complexity": 1.914280653,
    "erbbands_crest": {
        "mean": 11.7001714706,
        "var": 49.1780700684
    },
    "erbbands_flatness_db": {
        "mean": 0.153936386108,
        "var": 0.00446935696527
    },
    "erbbands_kurtosis": {
        "mean": 0.0117386458442,
        "var": 4.02441692352
    },
    "erbbands_skewness": {
        "mean": 0.338596045971,
        "var": 0.622636795044
    },
    "erbbands_spread": {
        "mean": 44.0887947083,
        "var": 217.479034424
    },
    "hfc": {
        "mean": 35.648349762,
        "var": 493.886535645
    },
    "melbands_crest": {
        "mean": 16.2882156372,
        "var": 45.3361816406
    },
    "melbands_flatness_db": {
        "mean": 0.153456658125,
        "var": 0.00606780592352
    },
    "melbands_kurtosis": {
        "mean": 9.95157909393,
        "var": 238.088470459
    },
    "melbands_skewness": {
        "mean": 2.38248348236,
        "var": 2.53425526619
    },
    "melbands_spread": {
        "mean": 41.0143928528,
        "var": 787.103820801
    },
    "pitch_salience": {
        "mean": 0.474799185991,
        "var": 0.0189810246229
    },
    "silence_rate_20dB": {
        "mean": 1,
        "var": 0
    },
    "silence_rate_30dB": {
        "mean": 0.998455226421,
        "var": 0.00154241127893
    },
    "silence_rate_60dB": {
        "mean": 0.0272914525121,
        "var": 0.0265465080738
    },
    "spectral_centroid": {
        "mean": 2102.45996094,
        "var": 459204.21875
    },
    "spectral_complexity": {
        "mean": 23.5386199951,
        "var": 164.815917969
    },
    "spectral_decrease": {
        "mean": -6.72983846428e-009,
        "var": 3.48930888195e-017
    },
    "spectral_energy": {
        "mean": 0.0286333505064,
        "var": 0.000541307672393
    },
    "spectral_energyband_high": {
        "mean": 0.00256518204696,
        "var": 4.33062132288e-006
    },
    "spectral_energyband_low": {
        "mean": 0.0103586819023,
        "var": 0.000317892991006
    },
    "spectral_energyband_middle_high": {
        "mean": 0.00665626488626,
        "var": 2.57716001215e-005
    },
    "spectral_energyband_middle_low": {
        "mean": 0.0106515809894,
        "var": 0.000140749907587
    },
    "spectral_entropy": {
        "mean": 7.63896417618,
        "var": 0.520171225071
    },
    "spectral_flux": {
        "mean": 0.0904587060213,
        "var": 0.00432554073632
    },
    "spectral_kurtosis": {
        "mean": 2.46806573868,
        "var": 1.68594038486
    },
    "spectral_rms": {
        "mean": 0.00488550961018,
        "var": 4.06681147069e-006
    },
    "spectral_rolloff": {
        "mean": 3119.53369141,
        "var": 5733837
    },
    "spectral_skewness": {
        "mean": 1.23658216,
        "var": 0.0701773911715
    },
    "spectral_spread": {
        "mean": 5855722.5,
        "var": 2.44302505574e+012
    },
    "spectral_strongpeak": {
        "mean": 1.76214241982,
        "var": 3.30646109581
    },
    "zerocrossingrate": {
        "mean": 0.108335077763,
        "var": 0.00313285877928
    },
    "barkbands": {
        "mean": [8.69814903126e-005, 0.00489012431353, 0.00415615364909, 0.00282337609679, 0.00164132961072, 0.000385807012208, 0.000846476352308, 0.00186914065853, 0.00227389112115, 0.00114218844101, 0.00114197155926, 0.000688277184963, 0.000740062620025, 0.000506081851199, 0.000582248088904, 0.00035688112257, 0.0006107793306, 0.000412406690884, 0.000509945268277, 0.000592816912103, 0.000547396426555, 0.000508801022079, 0.000422111683292, 0.000484050018713, 0.000263691938017, 0.000134608431836, 1.57674403454e-005],
        "var": [2.78706231427e-008, 8.81022569956e-005, 0.000101801822893, 4.38776769442e-005, 1.31122233142e-005, 4.82212612951e-007, 5.43005626241e-006, 1.37073366204e-005, 1.71705469256e-005, 7.29613611838e-006, 7.28426266505e-006, 3.09729466608e-006, 2.14186570702e-006, 4.08842510069e-007, 8.74684928931e-007, 1.93758040723e-007, 3.84238603601e-007, 3.40201779636e-007, 2.29822077813e-007, 3.07579398395e-007, 2.50527335766e-007, 1.91286503082e-007, 1.38601436106e-007, 3.68488514368e-007, 1.33656385515e-007, 4.6653354957e-008, 3.47187212313e-009]
    },
    "erbbands": {
        "mean": [0.0712055042386, 1.33784306049, 4.84598207474, 6.99972963333, 9.40674304962, 3.65575385094, 2.78220105171, 3.61721134186, 10.9111261368, 22.7622585297, 45.9128341675, 64.5416183472, 40.3494186401, 25.2264118195, 43.4753417969, 34.6349182129, 37.426574707, 28.9848079681, 28.5020046234, 25.9795188904, 22.8759555817, 28.682308197, 24.6154460907, 27.7903003693, 24.2009620667, 33.0546150208, 20.8335514069, 19.4522171021, 18.3093242645, 15.8578701019, 12.6590385437, 9.42032146454, 7.74590826035, 4.0907869339, 1.32865154743, 0.677982449532, 0.247603416443, 0.0458559133112, 0.00156847608741, 7.59146350902e-005],
        "var": [0.0167047698051, 6.84292411804, 108.147132874, 228.665893555, 601.06854248, 47.4419670105, 24.5858840942, 43.3496017456, 1220.1114502, 1925.62268066, 7344.73046875, 12704.2841797, 10294.53125, 2087.00952148, 8809.76269531, 7079.86035156, 5627.03466797, 1278.10510254, 2951.56591797, 774.405151367, 692.888000488, 970.99041748, 1067.30651855, 1018.07495117, 518.362182617, 952.150268555, 406.908355713, 350.122528076, 253.048217773, 203.520355225, 135.162033081, 126.974395752, 112.945457458, 43.8656234741, 2.076369524, 0.840449750423, 0.215207472444, 0.0179190672934, 2.75943566521e-005, 9.99677229885e-009]
    },
    "gfcc": {
        "mean": [29.4120807648, 25.0139389038, -122.077110291, 33.0926132202, -66.4462890625, 26.8760433197, -29.0005435944, 19.5959320068, -22.6547756195, 5.9744515419, -23.718454361, -3.75715208054, -21.7761974335],
        "cov": [[6080.24072266, 1894.68139648, 841.57232666, 677.768371582, 527.534179688, -83.2185592651, -612.251281738, -355.128112793, -377.383605957, -67.9323577881, -71.1283111572, 76.7319412231, 20.053194046], [1894.68139648, 1869.31408691, 473.582122803, 487.493041992, 257.30682373, -193.336898804, -105.94228363, -78.4283828735, -96.4749603271, -117.144287109, -3.87473630905, 2.97810387611, 20.8601341248], [841.57232666, 473.582122803, 852.81237793, 374.4425354, 381.86907959, 150.694320679, -56.8638076782, -141.980712891, -150.037902832, -38.2917709351, -65.6106643677, 36.4505004883, 26.6824207306], [677.768371582, 487.493041992, 374.4425354, 443.569091797, 257.720489502, 91.5482788086, 46.8264770508, -13.1986379623, -53.5497817993, -68.602355957, -33.0647163391, 10.9121875763, 26.325214386], [527.534179688, 257.30682373, 381.86907959, 257.720489502, 446.683624268, 260.754486084, -5.39298868179, -115.041320801, -61.3667068481, 11.988409996, -7.73711395264, 47.0989685059, 15.0896453857], [-83.2185592651, -193.336898804, 150.694320679, 91.5482788086, 260.754486084, 461.932220459, 119.954582214, -94.0790481567, -48.4302825928, -3.94766831398, 8.55589199066, 33.4258346558, 45.3394889832], [-612.251281738, -105.94228363, -56.8638076782, 46.8264770508, -5.39298868179, 119.954582214, 386.920379639, 195.246200562, 41.7000541687, -61.2147750854, -7.13833904266, 12.6075582504, 38.9212684631], [-355.128112793, -78.4283828735, -141.980712891, -13.1986379623, -115.041320801, -94.0790481567, 195.246200562, 293.195007324, 160.105377197, 26.218744278, 1.18702304363, -40.061252594, -30.8227615356], [-377.383605957, -96.4749603271, -150.037902832, -53.5497817993, -61.3667068481, -48.4302825928, 41.7000541687, 160.105377197, 236.061828613, 121.8985672, 45.5373725891, -42.4115982056, -44.7895545959], [-67.9323577881, -117.144287109, -38.2917709351, -68.602355957, 11.988409996, -3.94766831398, -61.2147750854, 26.218744278, 121.8985672, 168.24937439, 81.7094421387, 14.0781974792, -25.8804550171], [-71.1283111572, -3.87473630905, -65.6106643677, -33.0647163391, -7.73711395264, 8.55589199066, -7.13833904266, 1.18702304363, 45.5373725891, 81.7094421387, 120.850585938, 78.2402648926, 25.6261463165], [76.7319412231, 2.97810387611, 36.4505004883, 10.9121875763, 47.0989685059, 33.4258346558, 12.6075582504, -40.061252594, -42.4115982056, 14.0781974792, 78.2402648926, 154.090438843, 96.813835144], [20.053194046, 20.8601341248, 26.6824207306, 26.325214386, 15.0896453857, 45.3394889832, 38.9212684631, -30.8227615356, -44.7895545959, -25.8804550171, 25.6261463165, 96.813835144, 157.376754761]],
        "icov": [[0.000413656613091, -0.000414802925661, 0.000169266044395, -0.000355421827408, 0.000113335103379, -0.000441694777692, 0.000931135436986, -0.000845966394991, 0.00109023530968, -0.000940704892855, 0.000921831058804, -0.000616748584434, 0.000138330302434], [-0.000414802925661, 0.0015651845606, -0.000457808782812, -0.000333144445904, -0.00104724743869, 0.00170477828942, -0.000880836392753, 0.00118837563787, -0.0014661794994, 0.00262324651703, -0.00318428780884, 0.00204443838447, -0.000686459708959], [0.000169266044395, -0.000457808782812, 0.00295499130152, -0.00172754144296, -0.000789577316027, -0.000281281390926, 0.00037551461719, -0.000328437890857, 0.00221482268535, -0.00311994738877, 0.00337779289111, -0.0014759626938, 0.000301855208818], [-0.000355421827408, -0.000333144445904, -0.00172754144296, 0.00635419599712, -0.0026427237317, 0.000431324762758, -0.000544577022083, -0.000812165788375, -0.00187426048797, 0.00440629851073, -0.00295833684504, 0.00197618384846, -0.00111859652679], [0.000113335103379, -0.00104724743869, -0.000789577316027, -0.0026427237317, 0.00832781102508, -0.00423650443554, 0.000272221717751, 0.000970824388787, 0.00017136632232, -0.00463602831587, 0.00553862238303, -0.00516300043091, 0.00280578806996], [-0.000441694777692, 0.00170477828942, -0.000281281390926, 0.000431324762758, -0.00423650443554, 0.00701394258067, -0.00430291797966, 0.00452969223261, -0.00197670143098, 0.00223073083907, -0.00439636036754, 0.00422839773819, -0.00193835108075], [0.000931135436986, -0.000880836392753, 0.00037551461719, -0.000544577022083, 0.000272221717751, -0.00430291797966, 0.0100550772622, -0.00924719125032, 0.00331670651212, 0.00215068110265, 0.000218646469875, -0.00185706687625, -0.000654329662211], [-0.000845966394991, 0.00118837563787, -0.000328437890857, -0.000812165788375, 0.000970824388787, 0.00452969223261, -0.00924719125032, 0.0157755482942, -0.00952135119587, 0.00109817739576, 0.000573750818148, 0.000258904823568, 0.00133850309066], [0.00109023530968, -0.0014661794994, 0.00221482268535, -0.00187426048797, 0.00017136632232, -0.00197670143098, 0.00331670651212, -0.00952135119587, 0.0184031594545, -0.0129142291844, 0.00213113008067, 0.00243232701905, -0.000868075585458], [-0.000940704892855, 0.00262324651703, -0.00311994738877, 0.00440629851073, -0.00463602831587, 0.00223073083907, 0.00215068110265, 0.00109817739576, -0.0129142291844, 0.0271004289389, -0.0181385278702, 0.00540639413521, -0.000541967106983], [0.000921831058804, -0.00318428780884, 0.00337779289111, -0.00295833684504, 0.00553862238303, -0.00439636036754, 0.000218646469875, 0.000573750818148, 0.00213113008067, -0.0181385278702, 0.0334978997707, -0.0196923669428, 0.00530388439074], [-0.000616748584434, 0.00204443838447, -0.0014759626938, 0.00197618384846, -0.00516300043091, 0.00422839773819, -0.00185706687625, 0.000258904823568, 0.00243232701905, 0.00540639413521, -0.0196923669428, 0.0249687768519, -0.0110580967739], [0.000138330302434, -0.000686459708959, 0.000301855208818, -0.00111859652679, 0.00280578806996, -0.00193835108075, -0.000654329662211, 0.00133850309066, -0.000868075585458, -0.000541967106983, 0.00530388439074, -0.0110580967739, 0.0128796622157]]
    },
    "melbands": {
        "mean": [0.000997032504529, 0.00237028626725, 0.00139315170236, 0.000455240515294, 0.000104189384729, 7.68958489061e-005, 0.000168299520737, 0.000276045349892, 0.000427195482189, 0.000348374829628, 0.000186072807992, 9.01769308257e-005, 0.000164784374647, 8.13046790427e-005, 9.24200940062e-005, 6.35577744106e-005, 5.41523222637e-005, 4.36130321759e-005, 3.56660784746e-005, 3.14356257149e-005, 2.70523432846e-005, 2.93847533612e-005, 2.86696722469e-005, 2.08741312235e-005, 2.2306552637e-005, 1.84188465937e-005, 1.87800505955e-005, 2.10142807191e-005, 1.06888192022e-005, 1.44452824316e-005, 1.10820119517e-005, 9.4649822131e-006, 1.12174620881e-005, 7.92207356426e-006, 8.19142405817e-006, 5.20614457855e-006, 5.7621605265e-006, 5.82462598686e-006, 4.63372998638e-006, 2.99984276353e-006],
        "var": [3.37681012752e-006, 2.16159951378e-005, 8.63691548147e-006, 1.08755898509e-006, 3.43979564832e-008, 1.96160137023e-008, 2.85091175556e-007, 2.90918166002e-007, 4.77423327538e-007, 3.73112328589e-007, 2.54604145766e-007, 3.26282787455e-008, 1.50921721342e-007, 3.57346365831e-008, 3.31794716146e-008, 1.40908920088e-008, 5.31646549007e-009, 6.71334898783e-009, 1.87521242978e-009, 1.27018229268e-009, 1.11878650788e-009, 1.08092490514e-009, 1.33611710584e-009, 8.28845381218e-010, 7.76329056595e-010, 4.02106736797e-010, 2.96747515449e-010, 3.89435844683e-010, 1.31632538203e-010, 2.57761173517e-010, 1.65056746049e-010, 6.9983449591e-011, 1.31718455587e-010, 5.96125163121e-011, 7.01244895485e-011, 2.77984770619e-011, 6.64210283996e-011, 6.45196951421e-011, 5.73782826807e-011, 2.53728670019e-011]
    },
    "mfcc": {
        "mean": [-616.458068848, 58.9655265808, 0.95897179842, 12.1599159241, -4.32599401474, 6.93050956726, 3.42306995392, 8.8616027832, 6.16273403168, 9.8335018158, 5.81026506424, 3.64351725578, -1.40690588951],
        "cov": [[6800.83837891, 1678.2565918, 215.062316895, 507.242950439, 791.801452637, 227.253112793, -105.363166809, -283.182922363, -300.086669922, -347.36706543, -402.796051025, -94.7053527832, -26.1686592102], [1678.2565918, 1290.56066895, 224.164505005, 359.876647949, 271.348693848, 105.139396667, -8.01559257507, -23.7659778595, -85.4339752197, -115.673233032, -103.389762878, -42.5198631287, -38.5653610229], [215.062316895, 224.164505005, 457.514007568, 218.11328125, 183.035583496, 170.634674072, 129.406814575, 49.0117759705, 29.5533790588, -39.0645561218, -63.1785926819, -58.4238357544, -56.5686569214], [507.242950439, 359.876647949, 218.11328125, 457.892944336, 138.145278931, 28.723903656, 62.1822166443, 96.1682128906, 69.1100921631, 4.76513195038, -18.67527771, 43.0197029114, -54.7057495117], [791.801452637, 271.348693848, 183.035583496, 138.145278931, 470.240112305, 292.746459961, 75.5007095337, -49.1048812866, -54.3086547852, -68.6973342896, -26.0892486572, -40.4707145691, 12.0334854126], [227.253112793, 105.139396667, 170.634674072, 28.723903656, 292.746459961, 434.701599121, 219.053833008, 61.2098808289, -18.602148056, -80.8889770508, -84.2712860107, -78.518409729, -7.0118894577], [-105.363166809, -8.01559257507, 129.406814575, 62.1822166443, 75.5007095337, 219.053833008, 256.280883789, 151.201309204, 52.2841644287, -28.3583621979, -66.6099853516, -37.2852783203, -35.4466133118], [-283.182922363, -23.7659778595, 49.0117759705, 96.1682128906, -49.1048812866, 61.2098808289, 151.201309204, 229.286773682, 121.713592529, 38.6753845215, -8.11349773407, 16.74152565, -39.489200592], [-300.086669922, -85.4339752197, 29.5533790588, 69.1100921631, -54.3086547852, -18.602148056, 52.2841644287, 121.713592529, 169.109100342, 106.24886322, 28.4450740814, 22.5915203094, -32.9545059204], [-347.36706543, -115.673233032, -39.0645561218, 4.76513195038, -68.6973342896, -80.8889770508, -28.3583621979, 38.6753845215, 106.24886322, 216.277267456, 148.289382935, 66.9985122681, -44.9999008179], [-402.796051025, -103.389762878, -63.1785926819, -18.67527771, -26.0892486572, -84.2712860107, -66.6099853516, -8.11349773407, 28.4450740814, 148.289382935, 233.742782593, 119.068496704, 24.6354618073], [-94.7053527832, -42.5198631287, -58.4238357544, 43.0197029114, -40.4707145691, -78.518409729, -37.2852783203, 16.74152565, 22.5915203094, 66.9985122681, 119.068496704, 234.76171875, 87.2593994141], [-26.1686592102, -38.5653610229, -56.5686569214, -54.7057495117, 12.0334854126, -7.0118894577, -35.4466133118, -39.489200592, -32.9545059204, -44.9999008179, 24.6354618073, 87.2593994141, 303.639984131]],
        "icov": [[0.000315297016641, -0.000274926802376, 0.000168637736351, -6.4691172156e-005, -0.000560389715247, 0.000260364904534, 1.40063248182e-005, 0.000108363688923, 0.000271459197393, -0.000276916543953, 0.000757681089453, -0.000233811268117, 5.01074900967e-005], [-0.000274926802376, 0.00147396489047, -0.000275866535958, -0.000888940179721, 0.00015124847414, -0.000373114336981, 0.000746103876736, -0.000601121573709, 0.00083608343266, 3.27931229549e-005, -0.000178874426638, 0.00032792033744, -3.78485237889e-005], [0.000168637736351, -0.000275866535958, 0.00381625909358, -0.00158634281252, -0.000556129554752, -0.000323067419231, -0.00151625287253, 0.00139889400452, -0.000870911870152, 0.000328937225277, 9.04518892639e-005, 0.000582334469073, 0.000203708157642], [-6.4691172156e-005, -0.000888940179721, -0.00158634281252, 0.00499131763354, -0.00184312346391, 0.0020292152185, -0.000290677970042, -0.00179954548366, -0.00133604113944, 0.000455305125797, 0.000421239208663, -0.00151396158617, 0.000660562014673], [-0.000560389715247, 0.00015124847414, -0.000556129554752, -0.00184312346391, 0.00718924496323, -0.0054461536929, 0.00119330035523, 0.00254312367178, -0.00107385986485, 0.00137612782419, -0.00304334261455, 0.00079183728667, -0.00029864240787], [0.000260364904534, -0.000373114336981, -0.000323067419231, 0.0020292152185, -0.0054461536929, 0.00942143239081, -0.00624782778323, -0.00056838587625, 0.00106804922689, -0.000383650272852, 0.00136008823756, 0.000240560722887, -0.000209845922654], [1.40063248182e-005, 0.000746103876736, -0.00151625287253, -0.000290677970042, 0.00119330035523, -0.00624782778323, 0.0143673485145, -0.0076571656391, 0.00163004861679, -0.000462851196062, 0.00185509677976, -0.00031635974301, 0.00029966206057], [0.000108363688923, -0.000601121573709, 0.00139889400452, -0.00179954548366, 0.00254312367178, -0.00056838587625, -0.0076571656391, 0.0146505171433, -0.00833299569786, 0.00293369987048, -0.0020239315927, -0.000649615365546, 0.000648207962513], [0.000271459197393, 0.00083608343266, -0.000870911870152, -0.00133604113944, -0.00107385986485, 0.00106804922689, 0.00163004861679, -0.00833299569786, 0.0181121546775, -0.0103141274303, 0.00525306770578, 0.000285695627099, -0.00117072579451], [-0.000276916543953, 3.27931229549e-005, 0.000328937225277, 0.000455305125797, 0.00137612782419, -0.000383650272852, -0.000462851196062, 0.00293369987048, -0.0103141274303, 0.0160676427186, -0.00959451310337, 0.000100335812022, 0.00239916401915], [0.000757681089453, -0.000178874426638, 9.04518892639e-005, 0.000421239208663, -0.00304334261455, 0.00136008823756, 0.00185509677976, -0.0020239315927, 0.00525306770578, -0.00959451310337, 0.0136618688703, -0.00388447404839, -0.000603237829637], [-0.000233811268117, 0.00032792033744, 0.000582334469073, -0.00151396158617, 0.00079183728667, 0.000240560722887, -0.00031635974301, -0.000649615365546, 0.000285695627099, 0.000100335812022, -0.00388447404839, 0.00755470991135, -0.00210003531538], [5.01074900967e-005, -3.78485237889e-005, 0.000203708157642, 0.000660562014673, -0.00029864240787, -0.000209845922654, 0.00029966206057, 0.000648207962513, -0.00117072579451, 0.00239916401915, -0.000603237829637, -0.00210003531538, 0.00445706630126]]
    },
    "spectral_contrast_coeffs": {
        "mean": [-0.659641444683, -0.721638858318, -0.729056358337, -0.770016849041, -0.741285979748, -0.71823823452],
        "var": [0.0111809289083, 0.0116154067218, 0.00997056253254, 0.00504568452016, 0.00427190540358, 0.00356421177275]
    },
    "spectral_contrast_valleys": {
        "mean": [-7.93713665009, -7.22362709045, -7.46087408066, -7.65660810471, -7.56906938553, -9.69247436523],
        "var": [2.36253547668, 1.7860918045, 1.50817871094, 1.86829638481, 1.69804978371, 1.65623795986]
    }
},
"metadata": {
    "audio_properties": {
        "analysis_sample_rate": 44100,
        "bit_rate": 128074,
        "equal_loudness": 0,
        "length": 45.0612258911,
        "lossless": 0,
        "replay_gain": -5.89203453064,
        "sample_rate": 44100,
        "codec": "mp3",
        "downmix": "mix",
        "md5_encoded": "58528f28c7f1b863f6be8e1b40b66ba9"
    },
    "tags": {
        "file_name": "1089.mp3"
    },
    "version": {
        "essentia": "2.1-beta2",
        "essentia_git_sha": "v2.1_beta2",
        "extractor": "music 1.0"
    }
},
"rhythm": {
    "beats_count": 96,
    "beats_loudness": {
        "mean": 0.0438194721937,
        "var": 0.00025867097429
    },
    "bpm": 128.968154907,
    "bpm_histogram_first_peak_bpm": {
        "mean": 129,
        "var": 0
    },
    "bpm_histogram_first_peak_spread": {
        "mean": 0.18478256464,
        "var": 0
    },
    "bpm_histogram_first_peak_weight": {
        "mean": 0.789473712444,
        "var": 0
    },
    "bpm_histogram_second_peak_bpm": {
        "mean": 117,
        "var": 0
    },
    "bpm_histogram_second_peak_spread": {
        "mean": 0.5,
        "var": 0
    },
    "bpm_histogram_second_peak_weight": {
        "mean": 0.0105263162404,
        "var": 0
    },
    "danceability": 1.51046836376,
    "onset_rate": 4.39204120636,
    "beats_loudness_band_ratio": {
        "mean": [0.512347757816, 0.0553996264935, 0.157226756215, 0.103926323354, 0.0804255455732, 0.127074301243],
        "var": [0.0529246143997, 0.00137673493009, 0.0270054768771, 0.0122967101634, 0.00368056935258, 0.0110406717286]
    },
    "beats_position": [0.46439909935, 0.940408170223, 1.42802715302, 1.92725622654, 2.43809509277, 2.91410422325, 3.3785033226, 3.84290242195, 4.31891155243, 4.78331041336, 5.24770975113, 5.71210861206, 6.17650794983, 6.64090681076, 7.10530614853, 7.56970500946, 8.03410434723, 8.498503685, 8.96290206909, 9.42730140686, 9.89170074463, 10.3560991287, 10.8204984665, 11.2848978043, 11.7609071732, 12.2253055573, 12.689704895, 13.1657142639, 13.6301136017, 14.0945119858, 14.5589113235, 15.0117006302, 15.4877090454, 15.9521083832, 16.4165077209, 16.8809070587, 17.3453063965, 17.8097057343, 18.2741031647, 18.7385025024, 19.2029018402, 19.667301178, 20.1317005157, 20.5960998535, 21.0604991913, 21.5248966217, 21.9892959595, 22.4536952972, 22.918094635, 23.3824939728, 23.8468933105, 24.3112926483, 24.7873020172, 25.2516994476, 25.7277088165, 26.1921081543, 26.6565074921, 27.1209068298, 27.5853061676, 28.0380954742, 28.5141029358, 28.9785022736, 29.4429016113, 29.9073009491, 30.3717002869, 30.8360996246, 31.3004989624, 31.753288269, 32.2292976379, 32.6936950684, 33.1580963135, 33.6224937439, 34.0868911743, 34.5512924194, 35.0156898499, 35.4684791565, 35.9444885254, 36.4088897705, 36.8732872009, 37.3376846313, 37.8020858765, 38.2664833069, 38.730884552, 39.1952819824, 39.6596832275, 40.124080658, 40.5884780884, 41.0528793335, 41.5172767639, 41.981678009, 42.4460754395, 42.9104766846, 43.3864860535, 43.8508834839, 44.3152809143, 44.7680702209]
},
"tonal": {
    "chords_changes_rate": 0.0555555559695,
    "chords_number_rate": 0.00925925932825,
    "chords_strength": {
        "mean": 0.453175157309,
        "var": 0.00407016277313
    },
    "hpcp_entropy": {
        "mean": 1.75780916214,
        "var": 0.509931147099
    },
    "key_strength": 0.660520911217,
    "tuning_diatonic_strength": 0.495657265186,
    "tuning_equal_tempered_deviation": 0.0526951439679,
    "tuning_frequency": 440.254241943,
    "tuning_nontempered_energy_ratio": 0.645651757717,
    "hpcp": {
        "mean": [0.20691883564, 0.125861823559, 0.0513871051371, 0.0430369749665, 0.0452922694385, 0.130607098341, 0.206778600812, 0.13305670023, 0.13406188786, 0.199163302779, 0.1227844432, 0.0533162020147, 0.0478958748281, 0.0480000078678, 0.141624391079, 0.231645941734, 0.155023396015, 0.0706912949681, 0.0545449107885, 0.0427209585905, 0.189098328352, 0.329663068056, 0.223863884807, 0.204459026456, 0.250701576471, 0.161365479231, 0.0932692959905, 0.0719771459699, 0.0651924610138, 0.156748011708, 0.233718171716, 0.137108355761, 0.0529414787889, 0.046181820333, 0.0488410927355, 0.138334423304],
        "var": [0.0981405898929, 0.0392011329532, 0.0141475209966, 0.0120270326734, 0.0123974243179, 0.034002572298, 0.0853881239891, 0.0319720171392, 0.0380512923002, 0.0851259827614, 0.0318575799465, 0.0135577386245, 0.0112838409841, 0.0110330525786, 0.0367037691176, 0.104864597321, 0.0435603819788, 0.0162040740252, 0.0139508973807, 0.00901733525097, 0.0495463162661, 0.15039435029, 0.0603910684586, 0.0815904662013, 0.121585354209, 0.0640527978539, 0.0344244912267, 0.0215184409171, 0.0208339802921, 0.0468174777925, 0.109171636403, 0.0387543030083, 0.0156619921327, 0.0102384267375, 0.0129903722554, 0.0427504330873]
    },
    "chords_histogram": [16.2551441193, 28.3950614929, 9.25925922394, 0, 0, 0, 0, 0, 1.23456788063, 0, 0, 0, 0, 0, 0, 0, 0, 0, 0, 1.23456788063, 2.77777767181, 9.97942352295, 14.3004112244, 16.563785553],
    "thpcp": [1, 0.679068744183, 0.620206058025, 0.760478198528, 0.489486068487, 0.282923102379, 0.218335479498, 0.197754815221, 0.475479453802, 0.708960711956, 0.41590449214, 0.16059269011, 0.140087947249, 0.148154571652, 0.419623672962, 0.627667605877, 0.381789267063, 0.155877649784, 0.130548372865, 0.137389570475, 0.39618358016, 0.627242267132, 0.403614223003, 0.406663358212, 0.604142010212, 0.372454345226, 0.161729380488, 0.14528734982, 0.145603224635, 0.429603457451, 0.702674806118, 0.470247983932, 0.214434981346, 0.165456533432, 0.129589766264, 0.573610901833],
    "chords_key": "E",
    "chords_scale": "minor",
    "key_key": "C",
    "key_scale": "major"
}
}