{
"lowlevel": {
    "average_loudness": 0.950513482094,
    "barkbands_crest": {
        "mean": 13.6223936081,
        "var": 25.5033226013
    },
    "barkbands_flatness_db": {
        "mean": 0.278178066015,
        "var": 0.0112759089097
    },
    "barkbands_kurtosis": {
        "mean": 7.68383312225,
        "var": 201.704238892
    },
    "barkbands_skewness": {
        "mean": 1.95732796192,
        "var": 2.30754256248
    },
    "barkbands_spread": {
        "mean": 9.61512851715,
        "var": 55.4682579041
    },
    "dissonance": {
        "mean": 0.404595345259,
        "var": 0.00506488187239
    },
    "dynamic_complexity": 2.91502594948,
    "erbbands_crest": {
        "mean": 11.7420892715,
        "var": 18.1002655029
    },
    "erbbands_flatness_db": {
        "mean": 0.273634284735,
        "var": 0.00485771847889
    },
    "erbbands_kurtosis": {
        "mean": 0.721812665462,
        "var": 8.94270038605
    },
    "erbbands_skewness": {
        "mean": 0.403286606073,
        "var": 0.734165549278
    },
    "erbbands_spread": {
        "mean": 22.7142963409,
        "var": 183.191680908
    },
    "hfc": {
        "mean": 14.4712686539,
        "var": 125.263473511
    },
    "melbands_crest": {
        "mean": 18.9353942871,
        "var": 42.5137901306
    },
    "melbands_flatness_db": {
        "mean": 0.351718693972,
        "var": 0.0173373539001
    },
    "melbands_kurtosis": {
        "mean": 13.9413013458,
        "var": 634.52142334
    },
    "melbands_skewness": {
        "mean": 2.63451862335,
        "var": 3.08930039406
    },
    "melbands_spread": {
        "mean": 12.3331184387,
        "var": 115.904464722
    },
    "pitch_salience": {
        "mean": 0.41802495718,
        "var": 0.0206055529416
    },
    "silence_rate_20dB": {
        "mean": 1,
        "var": 0
    },
    "silence_rate_30dB": {
        "mean": 1,
        "var": 0
    },
    "silence_rate_60dB": {
        "mean": 0.0463439747691,
        "var": 0.0441977009177
    },
    "spectral_centroid": {
        "mean": 636.693237305,
        "var": 340461.9375
    },
    "spectral_complexity": {
        "mean": 12.2801237106,
        "var": 47.7679748535
    },
    "spectral_decrease": {
        "mean": -8.03439004216e-009,
        "var": 2.42980648799e-017
    },
    "spectral_energy": {
        "mean": 0.0316362082958,
        "var": 0.0003723865957
    },
    "spectral_energyband_high": {
        "mean": 0.000179875321919,
        "var": 4.66800258891e-007
    },
    "spectral_energyband_low": {
        "mean": 0.00695319613442,
        "var": 0.000108403764898
    },
    "spectral_energyband_middle_high": {
        "mean": 0.00533667672426,
        "var": 2.72729139397e-005
    },
    "spectral_energyband_middle_low": {
        "mean": 0.0225498750806,
        "var": 0.000305601395667
    },
    "spectral_entropy": {
        "mean": 6.29002380371,
        "var": 0.917671918869
    },
    "spectral_flux": {
        "mean": 0.0439513027668,
        "var": 0.00126670766622
    },
    "spectral_kurtosis": {
        "mean": 37.056060791,
        "var": 1961.05480957
    },
    "spectral_rms": {
        "mean": 0.00521234236658,
        "var": 3.69603776562e-006
    },
    "spectral_rolloff": {
        "mean": 847.079223633,
        "var": 1118427.625
    },
    "spectral_skewness": {
        "mean": 3.87285780907,
        "var": 7.03082275391
    },
    "spectral_spread": {
        "mean": 2494748,
        "var": 4.53347062579e+012
    },
    "spectral_strongpeak": {
        "mean": 1.16574335098,
        "var": 0.617155313492
    },
    "zerocrossingrate": {
        "mean": 0.0296948924661,
        "var": 0.000838519248646
    },
    "barkbands": {
        "mean": [7.84908479545e-006, 0.000654649047647, 0.00340048898943, 0.00734734721482, 0.00914504565299, 0.00171218207106, 0.00172180507798, 0.000422177370638, 0.00134820304811, 0.0012410057243, 0.00158759625629, 0.000984888756648, 0.000580694642849, 0.000444874109235, 0.000359164434485, 0.000222561953706, 0.000146974212839, 6.85125705786e-005, 3.8057063648e-005, 3.7209236325e-005, 7.00417367625e-005, 4.38431234215e-005, 2.9868351703e-005, 1.04448808997e-005, 9.45362171478e-006, 1.26955558244e-006, 3.42322792335e-008],
        "var": [5.85553217025e-010, 3.78845174964e-006, 5.19822642673e-005, 0.000118914271297, 0.000153156681336, 3.74183059648e-006, 6.39686140858e-006, 7.5501441188e-007, 3.93629852624e-006, 7.50488334234e-006, 4.77994899484e-006, 2.92596814688e-006, 1.19065430226e-006, 7.10180074748e-007, 4.1537887796e-007, 2.40912839899e-007, 7.73235058205e-008, 1.72297571766e-008, 5.4747411049e-009, 2.53804124384e-008, 8.54442276932e-008, 2.6844304557e-008, 1.57876147711e-008, 2.06805994551e-009, 2.10170658654e-009, 4.98078314703e-011, 6.2352500821e-014]
    },
    "erbbands": {
        "mean": [0.00675677135587, 0.227749839425, 2.7178747654, 14.9815626144, 28.6704826355, 33.0676651001, 20.9377975464, 14.3693914413, 17.5543880463, 24.3961257935, 12.1585330963, 32.3311233521, 48.4663581848, 53.147277832, 35.9655838013, 43.1067123413, 27.7062034607, 25.1589012146, 17.2331180573, 17.9296035767, 12.5309772491, 7.51127481461, 4.34542322159, 2.48339772224, 1.89802265167, 1.58942866325, 2.35583138466, 2.61695289612, 1.48055827618, 1.52408862114, 0.678404688835, 0.265212893486, 0.154412969947, 0.0828482657671, 0.0869081541896, 0.0120371412486, 0.00144268758595, 0.000172013125848, 2.09681020351e-005, 3.61667334801e-005],
        "var": [0.000203811257961, 0.304501652718, 23.1066055298, 428.629882813, 1538.64025879, 3161.76074219, 1812.85583496, 269.55871582, 397.885040283, 1439.15844727, 376.244415283, 2370.46313477, 9840.15429688, 5607.80126953, 2599.73193359, 6471.47216797, 1956.89282227, 1651.60888672, 712.454833984, 841.745666504, 532.475585938, 175.836425781, 65.8394470215, 22.5213127136, 37.2223587036, 38.8239707947, 72.0009078979, 138.818450928, 28.7999591827, 43.3018112183, 8.31689453125, 1.21387326717, 0.528426766396, 0.165349945426, 0.194549560547, 0.00405813381076, 6.46360422252e-005, 1.18262869364e-006, 1.37635647324e-009, 4.87953899508e-010]
    },
    "gfcc": {
        "mean": [-95.6435165405, 170.734924316, -122.214012146, -7.34230089188, -56.0592575073, 6.73992729187, -35.4658851624, -22.9807949066, -23.4121551514, -17.0251064301, -17.6050300598, -12.1320896149, -3.78712153435],
        "cov": [[10906.5654297, -2963.83276367, -2975.22485352, 1520.5177002, -835.025390625, -181.44833374, -543.017700195, 651.475769043, -268.962371826, 91.0319213867, -385.806518555, 272.925567627, -211.79296875], [-2963.83276367, 2316.7019043, 947.936279297, -1119.11181641, 792.867980957, -84.4598999023, 176.128128052, -413.754699707, 156.648178101, -234.359207153, 204.828872681, -223.994979858, 14.8109474182], [-2975.22485352, 947.936279297, 1615.14916992, -246.962432861, 132.733459473, 223.439788818, 244.684768677, -196.739562988, 4.47138500214, 34.0468444824, 69.0797195435, -124.141204834, 3.36593723297], [1520.5177002, -1119.11181641, -246.962432861, 941.153015137, -397.900634766, 129.534500122, 35.9329223633, 256.969940186, -42.1802406311, 132.001098633, -88.3096466064, 69.1011886597, -23.5646343231], [-835.025390625, 792.867980957, 132.733459473, -397.900634766, 611.192810059, -51.7061195374, 35.3112831116, -98.8637084961, 72.4275283813, -107.280937195, 63.4515762329, -67.1218948364, -40.8404159546], [-181.44833374, -84.4598999023, 223.439788818, 129.534500122, -51.7061195374, 331.068084717, 148.418884277, 92.9976959229, 34.6844215393, 100.106956482, -18.001991272, 3.96118187904, 10.574681282], [-543.017700195, 176.128128052, 244.684768677, 35.9329223633, 35.3112831116, 148.418884277, 216.327178955, 51.0575866699, 39.0550575256, 18.6649532318, 31.0760555267, -18.8738307953, -6.41390657425], [651.475769043, -413.754699707, -196.739562988, 256.969940186, -98.8637084961, 92.9976959229, 51.0575866699, 237.364608765, 33.1447257996, 66.7567367554, -34.3987121582, 63.2021560669, 1.08847093582], [-268.962371826, 156.648178101, 4.47138500214, -42.1802406311, 72.4275283813, 34.6844215393, 39.0550575256, 33.1447257996, 115.650642395, 18.9316425323, 14.8325710297, -6.69300556183, 23.4296150208], [91.0319213867, -234.359207153, 34.0468444824, 132.001098633, -107.280937195, 100.106956482, 18.6649532318, 66.7567367554, 18.9316425323, 140.018447876, 5.54206228256, 44.7599639893, 13.3737049103], [-385.806518555, 204.828872681, 69.0797195435, -88.3096466064, 63.4515762329, -18.001991272, 31.0760555267, -34.3987121582, 14.8325710297, 5.54206228256, 112.264579773, 15.7394914627, 16.6445293427], [272.925567627, -223.994979858, -124.141204834, 69.1011886597, -67.1218948364, 3.96118187904, -18.8738307953, 63.2021560669, -6.69300556183, 44.7599639893, 15.7394914627, 103.654022217, 32.8266601563], [-211.79296875, 14.8109474182, 3.36593723297, -23.5646343231, -40.8404159546, 10.574681282, -6.41390657425, 1.08847093582, 23.4296150208, 13.3737049103, 16.6445293427, 32.8266601563, 87.3688812256]],
        "icov": [[0.00040901300963, -0.000682556303218, 0.000792925537098, -0.00069195049582, 0.000402713718358, -0.000375586620066, 0.00083538191393, -0.000569121853914, 0.00103738496546, -0.000282637600321, 0.000733511697035, -0.000621997518465, 0.00105118262582], [-0.000682556303218, 0.00536578521132, -0.00253214547411, 0.003629358951, -0.00249719014391, 0.0010858575115, -0.00330673065037, 0.00269175320864, -0.00499666435644, 0.00292591820471, -0.00400895811617, 0.00398033997044, -0.00290249520913], [0.000792925537098, -0.00253214547411, 0.00297438446432, -0.00193276780192, 0.0012034708634, -0.00120740931015, 0.000947804539464, -0.000525045150425, 0.00349539681338, -0.00210552057251, 0.00222402042709, -0.00119917222764, 0.00191214156803], [-0.00069195049582, 0.003629358951, -0.00193276780192, 0.00474723381922, -0.000826094357762, 0.000912883959245, -0.00285124941729, 0.000303600856569, -0.0029311676044, 0.0011174302781, -0.00243162061088, 0.00316568929702, -0.00175869895611], [0.000402713718358, -0.00249719014391, 0.0012034708634, -0.000826094357762, 0.00424682628363, -0.000951792113483, 0.00183581456076, -0.00139862007927, 0.000282860710286, 0.000629320682492, 0.000710927764885, -0.0020732760895, 0.00385430618189], [-0.000375586620066, 0.0010858575115, -0.00120740931015, 0.000912883959245, -0.000951792113483, 0.0070516676642, -0.00492298742756, -0.000265573500656, -0.00066452298779, -0.00380857964046, 0.0015514815459, 0.00188163947314, -0.00269967829809], [0.00083538191393, -0.00330673065037, 0.000947804539464, -0.00285124941729, 0.00183581456076, -0.00492298742756, 0.012793132104, -0.00482711102813, 0.00166884821374, 0.00179189571645, -0.00151721166912, -0.00147454219405, 0.00435464363545], [-0.000569121853914, 0.00269175320864, -0.000525045150425, 0.000303600856569, -0.00139862007927, -0.000265573500656, -0.00482711102813, 0.0118635501713, -0.00597422616556, 0.000655097537674, 0.000661602185573, -0.00320523628034, -0.000277554936474], [0.00103738496546, -0.00499666435644, 0.00349539681338, -0.0029311676044, 0.000282860710286, -0.00066452298779, 0.00166884821374, -0.00597422616556, 0.0189284067601, -0.006616323255, 0.00369089632295, 0.00101390224881, -0.00230118446052], [-0.000282637600321, 0.00292591820471, -0.00210552057251, 0.0011174302781, 0.000629320682492, -0.00380857964046, 0.00179189571645, 0.000655097537674, -0.006616323255, 0.016196064651, -0.00513750500977, -0.00280652637593, 0.00140823132824], [0.000733511697035, -0.00400895811617, 0.00222402042709, -0.00243162061088, 0.000710927764885, 0.0015514815459, -0.00151721166912, 0.000661602185573, 0.00369089632295, -0.00513750500977, 0.0165238250047, -0.00695901690051, 0.00100448681042], [-0.000621997518465, 0.00398033997044, -0.00119917222764, 0.00316568929702, -0.0020732760895, 0.00188163947314, -0.00147454219405, -0.00320523628034, 0.00101390224881, -0.00280652637593, -0.00695901690051, 0.0218869522214, -0.00928774941713], [0.00105118262582, -0.00290249520913, 0.00191214156803, -0.00175869895611, 0.00385430618189, -0.00269967829809, 0.00435464363545, -0.000277554936474, -0.00230118446052, 0.00140823132824, 0.00100448681042, -0.00928774941713, 0.0200893469155]]
    },
    "melbands": {
        "mean": [0.000116054448881, 0.00105788116343, 0.00317496643402, 0.00220915884711, 0.000932172930334, 0.000320363149513, 0.000307475274894, 0.000232523467275, 0.000104450446088, 0.000216915810597, 0.000236255844356, 0.000197212662897, 0.000143908662722, 0.000105395665742, 8.51414952194e-005, 6.4308202127e-005, 4.56348025182e-005, 2.61164168478e-005, 3.28224741679e-005, 1.87322257261e-005, 1.29988948174e-005, 8.98470716493e-006, 4.19978459831e-006, 2.95376298709e-006, 1.95861866814e-006, 1.20494939893e-006, 1.53057339958e-006, 9.06433797354e-007, 1.11700751404e-006, 2.11352289625e-006, 1.26182351323e-006, 8.45392605697e-007, 8.03072282451e-007, 8.6564546109e-007, 4.4728147941e-007, 1.98577097876e-007, 1.41031335943e-007, 1.07642961211e-007, 9.08121933207e-008, 5.84246784285e-008],
        "var": [1.06811995693e-007, 3.72257431991e-006, 1.60516883625e-005, 7.79743004387e-006, 3.63300136996e-006, 1.24070098195e-007, 1.45929718087e-007, 1.27491531998e-007, 3.99089401526e-008, 1.1507885489e-007, 2.50842361993e-007, 8.00351003249e-008, 3.3899002716e-008, 3.6821020899e-008, 2.38814727993e-008, 2.09286081798e-008, 7.65502328193e-009, 2.32327668215e-009, 4.51458248563e-009, 1.75006675818e-009, 5.88367299326e-010, 2.8291860521e-010, 5.98306196253e-011, 3.21022548821e-011, 1.51632439244e-011, 7.04637433471e-012, 4.99437297075e-011, 1.32094613026e-011, 1.54501758609e-011, 8.33708241332e-011, 3.31002239506e-011, 9.60930987559e-012, 1.11082453999e-011, 1.45674548813e-011, 3.93599302456e-012, 7.50245839846e-013, 3.57457417615e-013, 2.4181240235e-013, 2.54503151409e-013, 7.79572194016e-014]
    },
    "mfcc": {
        "mean": [-737.370788574, 195.55255127, -3.69836235046, -3.75027346611, -6.27046537399, 11.8687000275, -8.754778862, -5.64067029953, -7.44812631607, -12.1790390015, -14.9567527771, -12.0090913773, -8.99222373962],
        "cov": [[10077.4375, -3178.91381836, -2582.6027832, 938.215881348, -520.247619629, -431.341186523, -574.693664551, 340.695098877, 66.9669647217, 40.7811355591, 38.2480735779, 162.819641113, -19.6213951111], [-3178.91381836, 2524.70825195, 326.23059082, -609.155761719, 485.898773193, 13.9249591827, 154.038604736, -160.662719727, -131.709869385, -47.6510467529, -115.12146759, -110.848007202, 2.71500849724], [-2582.6027832, 326.23059082, 1543.9621582, -98.935836792, -54.5195579529, 316.546417236, 275.35848999, -59.1545600891, 68.2590713501, 41.0795555115, 79.3088302612, -8.53927135468, 8.00490570068], [938.215881348, -609.155761719, -98.935836792, 431.037811279, -61.4857559204, -13.2477302551, -13.6571264267, 78.3017807007, 30.0038928986, 24.9252262115, 41.1430664063, 38.8387260437, -3.62713003159], [-520.247619629, 485.898773193, -54.5195579529, -61.4857559204, 298.449920654, 30.5250415802, 37.1062927246, -2.95321798325, -4.8082652092, 12.6158952713, -25.7896728516, -21.2095279694, 10.7772817612], [-431.341186523, 13.9249591827, 316.546417236, -13.2477302551, 30.5250415802, 224.823104858, 111.62272644, 20.4349441528, 64.1519851685, 45.7730445862, 50.9999542236, 23.5773220062, 15.0169839859], [-574.693664551, 154.038604736, 275.35848999, -13.6571264267, 37.1062927246, 111.62272644, 200.978500366, 49.7636528015, 15.5998239517, 39.1619262695, 45.6562957764, 14.9423999786, 16.3353843689], [340.695098877, -160.662719727, -59.1545600891, 78.3017807007, -2.95321798325, 20.4349441528, 49.7636528015, 144.66027832, 79.9753570557, 40.8511886597, 34.2855796814, 36.1818466187, 20.9771633148], [66.9669647217, -131.709869385, 68.2590713501, 30.0038928986, -4.8082652092, 64.1519851685, 15.5998239517, 79.9753570557, 153.838699341, 68.5970840454, 35.9142532349, 25.6185035706, 23.4460124969], [40.7811355591, -47.6510467529, 41.0795555115, 24.9252262115, 12.6158952713, 45.7730445862, 39.1619262695, 40.8511886597, 68.5970840454, 105.80241394, 52.04737854, 17.7410507202, 20.4496669769], [38.2480735779, -115.12146759, 79.3088302612, 41.1430664063, -25.7896728516, 50.9999542236, 45.6562957764, 34.2855796814, 35.9142532349, 52.04737854, 94.424697876, 47.6773948669, 18.3728752136], [162.819641113, -110.848007202, -8.53927135468, 38.8387260437, -21.2095279694, 23.5773220062, 14.9423999786, 36.1818466187, 25.6185035706, 17.7410507202, 47.6773948669, 86.0764694214, 43.6537399292], [-19.6213951111, 2.71500849724, 8.00490570068, -3.62713003159, 10.7772817612, 15.0169839859, 16.3353843689, 20.9771633148, 23.4460124969, 20.4496669769, 18.3728752136, 43.6537399292, 81.3322906494]],
        "icov": [[0.000378098804504, 0.000265948736342, 0.000542113964912, -0.000207769931876, 0.000281208747765, -0.000272400997346, 0.000334968179232, -0.000416918395786, 0.000279259780655, -0.000303696462652, 0.000109508560854, -9.30668102228e-005, 9.407322068e-005], [0.000265948736342, 0.00128493946977, 0.000134222980705, 0.0010090401629, -0.0013394060079, 0.00054626353085, -0.000508020748384, 9.79842225206e-005, 0.000479180831462, -0.000279456464341, 0.00046686999849, -0.000114556525659, 9.45914362092e-005], [0.000542113964912, 0.000134222980705, 0.00213244860061, -0.000554068188649, 0.00128387042787, -0.00151770864613, -0.00109645910561, 0.000992334331386, -0.000827065727208, 0.000337682111422, -0.000401577242883, 0.000558620435186, -8.95026241778e-005], [-0.000207769931876, 0.0010090401629, -0.000554068188649, 0.00416959356517, -0.00140208296943, 0.00088871922344, -0.000212972852751, -0.00118158163968, 0.000825986207929, -0.000352359842509, -0.000274666934274, -0.000745521334466, 0.000838577048853], [0.000281208747765, -0.0013394060079, 0.00128387042787, -0.00140208296943, 0.00642501330003, -0.00224439403974, 0.000117406918434, -0.000554471334908, 4.31743319496e-005, -0.00110418361146, 0.00120065745432, 0.000915537355468, -0.000891326577403], [-0.000272400997346, 0.00054626353085, -0.00151770864613, 0.00088871922344, -0.00224439403974, 0.0095155807212, -0.00404546922073, 0.00263830600306, -0.00369587005116, 0.000505451869685, -0.00131617998704, -0.00162256357726, 0.00088412547484], [0.000334968179232, -0.000508020748384, -0.00109645910561, -0.000212972852751, 0.000117406918434, -0.00404546922073, 0.012411984615, -0.00760389911011, 0.0059352600947, -0.00273316446692, -0.00194578815717, 0.0011655294802, -0.000813949387521], [-0.000416918395786, 9.79842225206e-005, 0.000992334331386, -0.00118158163968, -0.000554471334908, 0.00263830600306, -0.00760389911011, 0.0165398567915, -0.00933632720262, 0.00201453850605, -0.000248592055868, -0.00254609016702, 0.000201033486519], [0.000279259780655, 0.000479180831462, -0.000827065727208, 0.000825986207929, 4.31743319496e-005, -0.00369587005116, 0.0059352600947, -0.00933632720262, 0.0160278826952, -0.00784506648779, 0.00181112810969, -0.000138482937473, -0.000920493272133], [-0.000303696462652, -0.000279456464341, 0.000337682111422, -0.000352359842509, -0.00110418361146, 0.000505451869685, -0.00273316446692, 0.00201453850605, -0.00784506648779, 0.019249631092, -0.00990382023156, 0.00503686768934, -0.00307520106435], [0.000109508560854, 0.00046686999849, -0.000401577242883, -0.000274666934274, 0.00120065745432, -0.00131617998704, -0.00194578815717, -0.000248592055868, 0.00181112810969, -0.00990382023156, 0.0237061046064, -0.0118529079482, 0.00355166685767], [-9.30668102228e-005, -0.000114556525659, 0.000558620435186, -0.000745521334466, 0.000915537355468, -0.00162256357726, 0.0011655294802, -0.00254609016702, -0.000138482937473, 0.00503686768934, -0.0118529079482, 0.0249489899725, -0.0114459041506], [9.407322068e-005, 9.45914362092e-005, -8.95026241778e-005, 0.000838577048853, -0.000891326577403, 0.00088412547484, -0.000813949387521, 0.000201033486519, -0.000920493272133, -0.00307520106435, 0.00355166685767, -0.0114459041506, 0.0188071224838]]
    },
    "spectral_contrast_coeffs": {
        "mean": [-0.460866272449, -0.646073281765, -0.68434458971, -0.727852284908, -0.806537806988, -0.766326844692],
        "var": [0.0153899863362, 0.00748864328489, 0.00668513588607, 0.00548433605582, 0.00218691909686, 0.00362152163871]
    },
    "spectral_contrast_valleys": {
        "mean": [-8.44710731506, -7.43756151199, -7.7965054512, -8.63816642761, -9.29239273071, -12.1416912079],
        "var": [1.18992626667, 1.71633338928, 1.7686021328, 2.47502064705, 2.84388685226, 2.09492945671]
    }
},
"metadata": {
    "audio_properties": {
        "analysis_sample_rate": 44100,
        "bit_rate": 113448,
        "equal_loudness": 0,
        "length": 45.0612258911,
        "lossless": 0,
        "replay_gain": -18.8033752441,
        "sample_rate": 44100,
        "codec": "mp3",
        "downmix": "mix",
        "md5_encoded": "22fbb31f571d304ad7a7be56a237f00e"
    },
    "tags": {
        "file_name": "109.mp3"
    },
    "version": {
        "essentia": "2.1-beta2",
        "essentia_git_sha": "v2.1_beta2",
        "extractor": "music 1.0"
    }
},
"rhythm": {
    "beats_count": 119,
    "beats_loudness": {
        "mean": 0.0392262898386,
        "var": 0.00036147798528
    },
    "bpm": 163.235534668,
    "bpm_histogram_first_peak_bpm": {
        "mean": 161,
        "var": 0
    },
    "bpm_histogram_first_peak_spread": {
        "mean": 0.439999997616,
        "var": 0
    },
    "bpm_histogram_first_peak_weight": {
        "mean": 0.355932205915,
        "var": 0
    },
    "bpm_histogram_second_peak_bpm": {
        "mean": 167,
        "var": 0
    },
    "bpm_histogram_second_peak_spread": {
        "mean": 0,
        "var": 0
    },
    "bpm_histogram_second_peak_weight": {
        "mean": 0.177966102958,
        "var": 0
    },
    "danceability": 1.01242733002,
    "onset_rate": 2.99457359314,
    "beats_loudness_band_ratio": {
        "mean": [0.447783380747, 0.272423297167, 0.162207722664, 0.137096792459, 0.0326079986989, 0.0239376984537],
        "var": [0.098132148385, 0.0662479624152, 0.0151093481109, 0.0152324475348, 0.001206838293, 0.00324107543565]
    },
    "beats_position": [0.383129239082, 0.777868449688, 1.17260766029, 1.5673469305, 1.95047616959, 2.32199549675, 2.70512461662, 3.11147379875, 3.49460315704, 3.87773227692, 4.2492518425, 4.62077093124, 4.98067998886, 5.36380958557, 5.73532867432, 6.10684776306, 6.47836732864, 6.84988641739, 7.22140598297, 7.59292507172, 7.98766422272, 8.37079334259, 8.75392246246, 9.14866161346, 9.53179073334, 9.91492080688, 10.2980499268, 10.7043991089, 11.0991382599, 11.4938774109, 11.8770065308, 12.2601356506, 12.6316547394, 13.0031747818, 13.3746938705, 13.7462129593, 14.1061220169, 14.4776411057, 14.8491611481, 15.2206802368, 15.5805892944, 15.9521083832, 16.3236274719, 16.6951465607, 17.0550556183, 17.4149665833, 17.7632656097, 18.1231746674, 18.483083725, 18.8429927826, 19.2029018402, 19.5512008667, 19.9111099243, 20.2710208893, 20.6193199158, 20.9792289734, 21.3275279999, 21.6874370575, 22.0589561462, 22.4188652039, 22.7787742615, 23.1502952576, 23.5218143463, 23.9049434662, 24.2880725861, 24.6712017059, 25.0543308258, 25.4490699768, 25.8321990967, 26.2269382477, 26.6100673676, 26.9931964874, 27.3763256073, 27.7594547272, 28.1541938782, 28.537322998, 28.9204521179, 29.3151912689, 29.7099323273, 30.0930614471, 30.4645805359, 30.8360996246, 31.2308387756, 31.6139678955, 31.9970970154, 32.3802261353, 32.7401351929, 33.111656189, 33.4831733704, 33.8546943665, 34.2378234863, 34.6209526062, 34.9924697876, 35.3639907837, 35.7355079651, 36.1070289612, 36.4785499573, 36.8384590149, 37.1983680725, 37.5698852539, 37.94140625, 38.3245353699, 38.6960525513, 39.0675735474, 39.4507026672, 39.8222198486, 40.2053489685, 40.5884780884, 40.9599990845, 41.3315200806, 41.703037262, 42.0745582581, 42.4228553772, 42.771156311, 43.1194534302, 43.4793624878, 43.8392753601, 44.1991844177, 44.5707015991]
},
"tonal": {
    "chords_changes_rate": 0.0586419738829,
    "chords_number_rate": 0.00823045242578,
    "chords_strength": {
        "mean": 0.470049232244,
        "var": 0.00517603382468
    },
    "hpcp_entropy": {
        "mean": 1.50235271454,
        "var": 0.373830258846
    },
    "key_strength": 0.785364747047,
    "tuning_diatonic_strength": 0.625107467175,
    "tuning_equal_tempered_deviation": 0.0555224604905,
    "tuning_frequency": 445.369720459,
    "tuning_nontempered_energy_ratio": 0.634261548519,
    "hpcp": {
        "mean": [0.0192350819707, 0.0287446267903, 0.198886737227, 0.347565978765, 0.190048322082, 0.0304489172995, 0.0131196072325, 0.015884898603, 0.105046994984, 0.216679856181, 0.143756777048, 0.0408654138446, 0.0352636426687, 0.0249825306237, 0.0429041199386, 0.0558754764497, 0.0368480198085, 0.115702800453, 0.19473785162, 0.106967680156, 0.0172720048577, 0.0136683564633, 0.0323428958654, 0.217119663954, 0.415475219488, 0.251411408186, 0.0362573862076, 0.0134970191866, 0.0239172037691, 0.0942577496171, 0.115242689848, 0.048884768039, 0.0558752454817, 0.09139008075, 0.0572172924876, 0.0195000693202],
        "var": [0.00628011673689, 0.00820040795952, 0.056570943445, 0.156031697989, 0.0646390840411, 0.00920280814171, 0.00397367076948, 0.00477515626699, 0.0315700359643, 0.126083180308, 0.0638353154063, 0.00967675354332, 0.0132319545373, 0.00578159000725, 0.00826334394515, 0.0168611444533, 0.00957312528044, 0.0372668094933, 0.107057273388, 0.0459745377302, 0.00425342144445, 0.00391550920904, 0.0136680193245, 0.0620219409466, 0.188058525324, 0.09738432616, 0.00845775380731, 0.00485881604254, 0.00698402384296, 0.040798895061, 0.0566023588181, 0.0102082658559, 0.0210639573634, 0.0619565360248, 0.0273674335331, 0.00614714063704]
    },
    "chords_histogram": [14.5061731339, 0, 5.65843629837, 0.411522626877, 0, 0, 0, 0, 0, 0, 0, 0, 0, 0, 0, 7.20164632797, 0, 22.9423866272, 0, 18.2098770142, 2.98353910446, 0.411522626877, 17.3868312836, 10.2880659103],
    "thpcp": [1, 0.605117678642, 0.0872672647238, 0.0324857383966, 0.0575658977032, 0.226867318153, 0.277375608683, 0.117659889162, 0.134485140443, 0.219965174794, 0.137715294957, 0.0469343736768, 0.0462965816259, 0.069184936583, 0.478697001934, 0.836550414562, 0.457423955202, 0.0732869654894, 0.0315773524344, 0.0382330827415, 0.25283575058, 0.521522939205, 0.346005648375, 0.0983582437038, 0.0848754420877, 0.0601300150156, 0.103265173733, 0.134485706687, 0.0886888504028, 0.27848303318, 0.468711107969, 0.257458627224, 0.0415716841817, 0.0328981280327, 0.077845543623, 0.522581517696],
    "chords_key": "A#",
    "chords_scale": "minor",
    "key_key": "A#",
    "key_scale": "major"
}
}