{
"lowlevel": {
    "average_loudness": 0.924886643887,
    "barkbands_crest": {
        "mean": 14.2322530746,
        "var": 44.3893432617
    },
    "barkbands_flatness_db": {
        "mean": 0.198431238532,
        "var": 0.0128161013126
    },
    "barkbands_kurtosis": {
        "mean": 54.3817176819,
        "var": 19786.8164063
    },
    "barkbands_skewness": {
        "mean": 3.69015145302,
        "var": 23.1590557098
    },
    "barkbands_spread": {
        "mean": 18.7944717407,
        "var": 376.114929199
    },
    "dissonance": {
        "mean": 0.463518470526,
        "var": 0.00113833707292
    },
    "dynamic_complexity": 3.86170887947,
    "erbbands_crest": {
        "mean": 9.99509620667,
        "var": 27.2785243988
    },
    "erbbands_flatness_db": {
        "mean": 0.154317617416,
        "var": 0.00376292155124
    },
    "erbbands_kurtosis": {
        "mean": 2.78142309189,
        "var": 74.6719360352
    },
    "erbbands_skewness": {
        "mean": 0.430471301079,
        "var": 1.64358210564
    },
    "erbbands_spread": {
        "mean": 46.8078613281,
        "var": 1220.73242188
    },
    "hfc": {
        "mean": 20.6680641174,
        "var": 369.774963379
    },
    "melbands_crest": {
        "mean": 19.6189613342,
        "var": 74.2540969849
    },
    "melbands_flatness_db": {
        "mean": 0.274983525276,
        "var": 0.0186925474554
    },
    "melbands_kurtosis": {
        "mean": 112.755775452,
        "var": 59721.9375
    },
    "melbands_skewness": {
        "mean": 5.45899534225,
        "var": 36.0050888062
    },
    "melbands_spread": {
        "mean": 20.089925766,
        "var": 833.745239258
    },
    "pitch_salience": {
        "mean": 0.436715692282,
        "var": 0.039154574275
    },
    "silence_rate_20dB": {
        "mean": 1,
        "var": 0
    },
    "silence_rate_30dB": {
        "mean": 0.809474766254,
        "var": 0.15422424674
    },
    "silence_rate_60dB": {
        "mean": 0.0834191590548,
        "var": 0.0764596909285
    },
    "spectral_centroid": {
        "mean": 1222.9876709,
        "var": 673806.875
    },
    "spectral_complexity": {
        "mean": 14.2332649231,
        "var": 97.1498184204
    },
    "spectral_decrease": {
        "mean": -1.50463268511e-008,
        "var": 3.29453411895e-016
    },
    "spectral_energy": {
        "mean": 0.0586629211903,
        "var": 0.00477507570758
    },
    "spectral_energyband_high": {
        "mean": 0.000883299508132,
        "var": 2.33248397308e-006
    },
    "spectral_energyband_low": {
        "mean": 0.0453802272677,
        "var": 0.00448254216462
    },
    "spectral_energyband_middle_high": {
        "mean": 0.0059462543577,
        "var": 8.14726881799e-005
    },
    "spectral_energyband_middle_low": {
        "mean": 0.00885176751763,
        "var": 0.000295601494145
    },
    "spectral_entropy": {
        "mean": 7.56959724426,
        "var": 0.43345233798
    },
    "spectral_flux": {
        "mean": 0.123073235154,
        "var": 0.0107639338821
    },
    "spectral_kurtosis": {
        "mean": 5.03463459015,
        "var": 44.4335174561
    },
    "spectral_rms": {
        "mean": 0.0063129812479,
        "var": 1.7378371922e-005
    },
    "spectral_rolloff": {
        "mean": 1273.06323242,
        "var": 4239313.5
    },
    "spectral_skewness": {
        "mean": 1.65521144867,
        "var": 0.673321306705
    },
    "spectral_spread": {
        "mean": 5384488.5,
        "var": 5.43184125952e+012
    },
    "spectral_strongpeak": {
        "mean": 0.893047571182,
        "var": 1.44079649448
    },
    "zerocrossingrate": {
        "mean": 0.0487999655306,
        "var": 0.00223190826364
    },
    "barkbands": {
        "mean": [0.0023038322106, 0.034579873085, 0.00620648823678, 0.00373079907149, 0.00160787603818, 0.000971535162535, 0.000856157799717, 0.000828983029351, 0.000662829494104, 0.00114749884233, 0.00143822364043, 0.000636710727122, 0.000504361232743, 0.000847095565405, 0.000551482196897, 0.000355312600732, 0.000215804568143, 0.000161540083354, 0.000116905626783, 0.000119729105791, 0.000131780456286, 0.000136248054332, 0.000156838897965, 0.000206883269129, 0.000160469688126, 2.7081632652e-005, 6.22804520845e-007],
        "var": [2.40402823692e-005, 0.00331099238247, 0.000267328723567, 0.000166343044839, 8.03055445431e-006, 3.19148125527e-006, 2.99089879263e-006, 1.17453600978e-005, 3.01395311908e-006, 1.31163014885e-005, 1.14418235171e-005, 4.83517533212e-006, 2.01184525395e-006, 5.17388070875e-006, 3.87644695365e-006, 2.03161675927e-006, 2.44401121563e-007, 1.32742641767e-007, 3.57149190222e-008, 4.00103168374e-008, 4.35186500169e-008, 5.77201966223e-008, 7.75179387347e-008, 1.8398530699e-007, 3.88437484844e-007, 3.4758593781e-009, 2.72557692561e-012]
    },
    "erbbands": {
        "mean": [1.33860206604, 6.29035425186, 7.62737131119, 11.7502193451, 6.53353357315, 5.78648614883, 8.09410190582, 7.67846059799, 10.6780538559, 14.8050413132, 18.7678222656, 15.1355142593, 22.2138023376, 48.7558631897, 57.017364502, 24.2796421051, 23.5079154968, 41.408039093, 32.1137084961, 27.8970088959, 16.4823513031, 12.4997901917, 9.74412250519, 6.09094429016, 6.1710767746, 5.65890407562, 5.56943368912, 4.711602211, 4.65283441544, 4.86433410645, 4.60087680817, 4.08959341049, 3.64707994461, 2.3183465004, 0.83621609211, 0.191961660981, 0.0377098061144, 0.00511933211237, 0.000141149997944, 7.26772850612e-005],
        "var": [6.75886821747, 109.624786377, 307.537261963, 1526.97265625, 312.073638916, 113.05745697, 230.451324463, 183.930618286, 417.208282471, 2643.27099609, 4830.00634766, 1569.62780762, 2878.95117188, 16730.6679688, 21645.3476563, 5938.58154297, 4065.10449219, 11960.3613281, 8021.09033203, 12218.1054688, 3831.07641602, 894.460144043, 509.629821777, 95.8250274658, 107.86151886, 94.2241897583, 92.6310958862, 45.5861167908, 64.5183258057, 83.1733474731, 67.6381607056, 76.818397522, 64.3115997314, 80.0603408813, 11.119102478, 0.203864857554, 0.00619748374447, 0.000105518149212, 5.69938798378e-008, 5.98053695455e-009]
    },
    "gfcc": {
        "mean": [-40.4007873535, 89.8101348877, -94.2430496216, 44.0098876953, -46.6236724854, 34.399017334, -30.4145946503, 12.5474309921, -20.2150592804, 3.46077513695, -9.90303897858, -0.912175416946, -4.77593851089],
        "cov": [[16705.4042969, -680.01184082, -2434.18579102, -800.758056641, -871.285888672, 194.114181519, -494.351531982, 59.6350021362, -421.043670654, 99.7446060181, -646.109313965, 40.6448554993, -295.735809326], [-680.01184082, 1743.11767578, -79.8192520142, -337.323028564, 393.908538818, -240.792297363, 239.363647461, -70.0806045532, 219.267990112, -163.269973755, 129.455032349, -99.6383285522, 127.437896729], [-2434.18579102, -79.8192520142, 1607.29162598, 807.169372559, 169.862945557, 38.6592292786, 115.531539917, -28.3221054077, 134.002456665, -27.9376964569, 103.326858521, -1.57142925262, 69.8895721436], [-800.758056641, -337.323028564, 807.169372559, 844.569335938, 212.238418579, 99.8414230347, 80.3801422119, 7.95769929886, 121.792678833, 22.6553497314, 63.7998046875, -8.31352043152, 58.010635376], [-871.285888672, 393.908538818, 169.862945557, 212.238418579, 494.410430908, 83.8466186523, 187.170562744, -5.17455673218, 200.750045776, -26.9720783234, 102.042747498, -13.2212753296, 102.702674866], [194.114181519, -240.792297363, 38.6592292786, 99.8414230347, 83.8466186523, 275.131317139, 49.1173248291, -3.24081683159, -9.51921463013, -4.52141427994, 30.0521469116, -17.4678707123, 10.6214828491], [-494.351531982, 239.363647461, 115.531539917, 80.3801422119, 187.170562744, 49.1173248291, 242.97694397, 46.1219787598, 97.0619735718, -48.035030365, 78.5386734009, -7.08377552032, 45.9827842712], [59.6350021362, -70.0806045532, -28.3221054077, 7.95769929886, -5.17455673218, -3.24081683159, 46.1219787598, 131.659851074, 64.2083587646, -2.18384027481, -18.9184455872, 22.1061248779, 0.679820299149], [-421.043670654, 219.267990112, 134.002456665, 121.792678833, 200.750045776, -9.51921463013, 97.0619735718, 64.2083587646, 210.092849731, -12.1989212036, 43.8245239258, 5.05650758743, 51.0940284729], [99.7446060181, -163.269973755, -27.9376964569, 22.6553497314, -26.9720783234, -4.52141427994, -48.035030365, -2.18384027481, -12.1989212036, 96.3068237305, -13.1506681442, 23.78307724, -8.87997245789], [-646.109313965, 129.455032349, 103.326858521, 63.7998046875, 102.042747498, 30.0521469116, 78.5386734009, -18.9184455872, 43.8245239258, -13.1506681442, 134.906097412, 2.49325466156, 33.3327178955], [40.6448554993, -99.6383285522, -1.57142925262, -8.31352043152, -13.2212753296, -17.4678707123, -7.08377552032, 22.1061248779, 5.05650758743, 23.78307724, 2.49325466156, 96.8006591797, 2.01085877419], [-295.735809326, 127.437896729, 69.8895721436, 58.010635376, 102.702674866, 10.6214828491, 45.9827842712, 0.679820299149, 51.0940284729, -8.87997245789, 33.3327178955, 2.01085877419, 98.8285064697]],
        "icov": [[0.000118050949823, -0.00017978757387, 0.000250617944403, -0.000280071166344, 0.000321761763189, -0.000355557713192, 1.99604291993e-005, 6.44869287498e-005, -5.7529676269e-005, -6.05172026553e-005, 0.00049796741223, -0.000285712594632, 0.000128527724883], [-0.00017978757387, 0.00252412143163, -0.000645472493488, 0.00200252979994, -0.00181432033423, 0.00278618186712, -0.00109651742969, 0.00163281639107, -0.00125963822939, 0.00190918578301, -0.0012611085549, 0.00229161744937, -0.00122535438277], [0.000250617944403, -0.000645472493488, 0.00191920867655, -0.00212475005537, 0.00141305988654, -0.000812730519101, -0.000216385989916, 0.000775830703788, -0.000529252167325, 0.000325459957821, 0.000872428587172, -0.00114694191143, 0.000218432644033], [-0.000280071166344, 0.00200252979994, -0.00212475005537, 0.00453054066747, -0.00249670702033, 0.00177520129364, -0.00039842465776, 0.000342984101735, -0.000852562487125, 0.000175549197593, -0.0014893518528, 0.00246751587838, -0.00108161289245], [0.000321761763189, -0.00181432033423, 0.00141305988654, -0.00249670702033, 0.0075003374368, -0.00344683788717, -0.00192501489073, 0.00289043737575, -0.0043081282638, -0.001291794586, 0.00160104187671, -0.00206720805727, -0.00116622482892], [-0.000355557713192, 0.00278618186712, -0.000812730519101, 0.00177520129364, -0.00344683788717, 0.00772842345759, -0.00149652117398, 0.000600295548793, 0.000876304286066, 0.00190684618428, -0.00263172038831, 0.00341092259623, -0.00114394980483], [1.99604291993e-005, -0.00109651742969, -0.000216385989916, -0.00039842465776, -0.00192501489073, -0.00149652117398, 0.00881854165345, -0.00477876979858, 0.00132272136398, 0.00174497510307, -0.00286325416528, -0.000403449230362, 0.000398543081246], [6.44869287498e-005, 0.00163281639107, 0.000775830703788, 0.000342984101735, 0.00289043737575, 0.000600295548793, -0.00477876979858, 0.0149852838367, -0.0078283790499, 0.0014565102756, 0.00339854578488, -0.00159821310081, -0.000546000432223], [-5.7529676269e-005, -0.00125963822939, -0.000529252167325, -0.000852562487125, -0.0043081282638, 0.000876304286066, 0.00132272136398, -0.0078283790499, 0.0129986796528, -0.00120967940893, -0.00134368694853, -0.000242521025939, -0.000222742877668], [-6.05172026553e-005, 0.00190918578301, 0.000325459957821, 0.000175549197593, -0.001291794586, 0.00190684618428, 0.00174497510307, 0.0014565102756, -0.00120967940893, 0.0144321033731, -0.000775959226303, -0.001479732804, -0.000446602120064], [0.00049796741223, -0.0012611085549, 0.000872428587172, -0.0014893518528, 0.00160104187671, -0.00263172038831, -0.00286325416528, 0.00339854578488, -0.00134368694853, -0.000775959226303, 0.0130829149857, -0.00293005886488, -0.000426571379649], [-0.000285712594632, 0.00229161744937, -0.00114694191143, 0.00246751587838, -0.00206720805727, 0.00341092259623, -0.000403449230362, -0.00159821310081, -0.000242521025939, -0.001479732804, -0.00293005886488, 0.0141597390175, -0.0017743393546], [0.000128527724883, -0.00122535438277, 0.000218432644033, -0.00108161289245, -0.00116622482892, -0.00114394980483, 0.000398543081246, -0.000546000432223, -0.000222742877668, -0.000446602120064, -0.000426571379649, -0.0017743393546, 0.01397185307]]
    },
    "melbands": {
        "mean": [0.0106226867065, 0.00557145429775, 0.00188390817493, 0.000380798475817, 0.000294025085168, 0.000176410176209, 0.000164530181792, 0.000164479220985, 0.00015060188889, 9.09681330086e-005, 0.000114303984446, 0.000195988075575, 0.000203818723094, 8.53739693412e-005, 5.34604696441e-005, 5.14868042956e-005, 8.1846039393e-005, 5.4910324252e-005, 3.96822761104e-005, 3.15934412356e-005, 1.65213132277e-005, 1.27065213746e-005, 1.13516462079e-005, 6.85160284775e-006, 4.61159379483e-006, 4.63226706415e-006, 4.20007972934e-006, 3.61916181646e-006, 3.38543577527e-006, 3.40360975315e-006, 2.45038131652e-006, 2.44167631536e-006, 2.9043919767e-006, 2.60293086285e-006, 2.55831673712e-006, 2.64407799477e-006, 2.45145633926e-006, 2.61748755293e-006, 2.30188743444e-006, 1.81328357485e-006],
        "var": [0.00034574556048, 0.00010073055455, 3.63293765986e-005, 5.58270699003e-007, 2.71442957001e-007, 9.80246426252e-008, 9.48779188548e-008, 3.81414281492e-007, 2.90848532813e-007, 5.94932885178e-008, 8.34459967791e-008, 3.19945002047e-007, 2.45197327331e-007, 7.56612124064e-008, 3.2442535769e-008, 2.11551522966e-008, 4.85740265788e-008, 2.44352538203e-008, 2.34270167709e-008, 1.75139014402e-008, 3.88717324995e-009, 9.8818064842e-010, 8.38758784649e-010, 1.9245853522e-010, 6.82163422971e-011, 6.62472715574e-011, 5.73545377858e-011, 4.16823832394e-011, 3.39328183607e-011, 3.51309120683e-011, 1.22924743301e-011, 1.69478788642e-011, 3.23441169681e-011, 2.41608781593e-011, 2.07014006631e-011, 2.54573827296e-011, 3.09392685083e-011, 3.31591976099e-011, 3.90994320254e-011, 6.63211915941e-011]
    },
    "mfcc": {
        "mean": [-684.959411621, 113.575645447, 19.5717754364, 22.036895752, 17.5586471558, 18.7735233307, 11.7799654007, 9.15187263489, 5.21506690979, 6.73015403748, -0.674788534641, 2.65975284576, 0.391334712505],
        "cov": [[15321.5351563, 42.8093261719, -1797.5078125, -1132.71765137, -813.526611328, -301.913818359, -433.932647705, -206.406906128, -83.3852386475, -74.6466903687, -231.652923584, -197.544967651, -240.194915771], [42.8093261719, 1886.67822266, -523.208557129, -122.425415039, -25.6185379028, -93.5360412598, -23.2298698425, 76.9441604614, 61.5370330811, 10.8529500961, 14.6805858612, 37.4239730835, -39.602519989], [-1797.5078125, -523.208557129, 1276.91247559, 528.347961426, 220.529022217, 148.01739502, 93.8235626221, 34.6379318237, 4.5956325531, -11.8774013519, 27.2508506775, -1.17431867123, 58.3963012695], [-1132.71765137, -122.425415039, 528.347961426, 657.11529541, 252.919235229, 158.683288574, 65.3040771484, 83.8356246948, 84.683380127, 48.4554595947, 66.5316085815, 48.5543365479, 46.1376037598], [-813.526611328, -25.6185379028, 220.529022217, 252.919235229, 329.56652832, 196.399215698, 64.2666549683, 68.8410720825, 66.2506408691, 47.4728622437, 51.1312980652, 29.7697029114, 26.5018520355], [-301.913818359, -93.5360412598, 148.01739502, 158.683288574, 196.399215698, 267.680541992, 119.427009583, 59.1303482056, 38.071849823, 34.5607452393, 39.9059715271, 22.117099762, 14.010137558], [-433.932647705, -23.2298698425, 93.8235626221, 65.3040771484, 64.2666549683, 119.427009583, 177.516082764, 58.0624694824, 1.91674816608, 26.6050987244, 2.93885660172, 18.3428974152, 14.6647891998], [-206.406906128, 76.9441604614, 34.6379318237, 83.8356246948, 68.8410720825, 59.1303482056, 58.0624694824, 205.118438721, 75.2754669189, 47.8358802795, 56.9973526001, 44.7723464966, -0.109617054462], [-83.3852386475, 61.5370330811, 4.5956325531, 84.683380127, 66.2506408691, 38.071849823, 1.91674816608, 75.2754669189, 132.633071899, 54.3682136536, 29.2740020752, 2.44933342934, -1.73939180374], [-74.6466903687, 10.8529500961, -11.8774013519, 48.4554595947, 47.4728622437, 34.5607452393, 26.6050987244, 47.8358802795, 54.3682136536, 96.8619689941, 26.0138969421, 17.7327537537, 1.60724937916], [-231.652923584, 14.6805858612, 27.2508506775, 66.5316085815, 51.1312980652, 39.9059715271, 2.93885660172, 56.9973526001, 29.2740020752, 26.0138969421, 82.3649673462, 34.675743103, 6.2704205513], [-197.544967651, 37.4239730835, -1.17431867123, 48.5543365479, 29.7697029114, 22.117099762, 18.3428974152, 44.7723464966, 2.44933342934, 17.7327537537, 34.675743103, 76.6652755737, 27.4700546265], [-240.194915771, -39.602519989, 58.3963012695, 46.1376037598, 26.5018520355, 14.010137558, 14.6647891998, -0.109617054462, -1.73939180374, 1.60724937916, 6.2704205513, 27.4700546265, 62.3870658875]],
        "icov": [[9.9774231785e-005, 2.2900678232e-005, 0.00010323155584, 9.98559789878e-006, 0.000254502665484, -0.000290689291432, 0.000312144256895, -9.4365561381e-005, 2.22566941375e-005, -7.14448615327e-005, 0.000249338074354, 6.397535617e-005, 0.000127522391267], [2.2900678232e-005, 0.000658899021801, 0.000319830345688, -6.10519346083e-005, -0.000225469688303, 0.00039538150304, -0.000189075595699, -0.000132585104438, -0.000323024432873, 0.000323658488924, 7.68867612351e-005, -0.000382271391572, 0.000446657359134], [0.00010323155584, 0.000319830345688, 0.00157376227435, -0.00110269896686, -7.81060443842e-005, -2.49084860116e-005, -0.000126700702822, -0.000358474091627, 0.000551072182134, 0.000510212557856, 0.00014060686226, 0.00108131382149, -0.000477237976156], [9.98559789878e-006, -6.10519346083e-005, -0.00110269896686, 0.00320795900188, -0.00122477696277, -7.2693292168e-005, 1.6033409338e-005, 0.000265462091193, -0.00130666885525, -0.000125662743812, -0.000521549663972, -0.00126603012905, -0.000230570716667], [0.000254502665484, -0.000225469688303, -7.81060443842e-005, -0.00122477696277, 0.00787065271288, -0.00551273021847, 0.00235118065029, -0.00051615445409, -0.000637250312138, -0.00124462740496, 0.000398895033868, 0.00029994972283, -0.0010012864368], [-0.000290689291432, 0.00039538150304, -2.49084860116e-005, -7.2693292168e-005, -0.00551273021847, 0.0106385378167, -0.0063516558148, 0.00116172246635, -0.000984617508948, 0.00126303790603, -0.00318931625225, -0.000154826993821, 0.000985404592939], [0.000312144256895, -0.000189075595699, -0.000126700702822, 1.6033409338e-005, 0.00235118065029, -0.0063516558148, 0.0114194564521, -0.0034583855886, 0.00291250739247, -0.00291855609976, 0.00446972530335, 0.000168117505382, -0.00144112890121], [-9.4365561381e-005, -0.000132585104438, -0.000358474091627, 0.000265462091193, -0.00051615445409, 0.00116172246635, -0.0034583855886, 0.00914158578962, -0.00457330280915, 0.000319823506288, -0.00369817879982, -0.00416676746681, 0.00254976470023], [2.22566941375e-005, -0.000323024432873, 0.000551072182134, -0.00130666885525, -0.000637250312138, -0.000984617508948, 0.00291250739247, -0.00457330280915, 0.0139916781336, -0.00580116920173, -0.00025260867551, 0.00512499548495, -0.00156137044542], [-7.14448615327e-005, 0.000323658488924, 0.000510212557856, -0.000125662743812, -0.00124462740496, 0.00126303790603, -0.00291855609976, 0.000319823506288, -0.00580116920173, 0.0154259130359, -0.002143407939, -0.00247601931915, 0.00122393283527], [0.000249338074354, 7.68867612351e-005, 0.00014060686226, -0.000521549663972, 0.000398895033868, -0.00318931625225, 0.00446972530335, -0.00369817879982, -0.00025260867551, -0.002143407939, 0.0202562175691, -0.00643832283095, 0.0015996391885], [6.397535617e-005, -0.000382271391572, 0.00108131382149, -0.00126603012905, 0.00029994972283, -0.000154826993821, 0.000168117505382, -0.00416676746681, 0.00512499548495, -0.00247601931915, -0.00643832283095, 0.0233022700995, -0.0096182981506], [0.000127522391267, 0.000446657359134, -0.000477237976156, -0.000230570716667, -0.0010012864368, 0.000985404592939, -0.00144112890121, 0.00254976470023, -0.00156137044542, 0.00122393283527, 0.0015996391885, -0.0096182981506, 0.02196723409]]
    },
    "spectral_contrast_coeffs": {
        "mean": [-0.690229535103, -0.751336336136, -0.781570851803, -0.808286011219, -0.812083959579, -0.793701946735],
        "var": [0.00571018690243, 0.00616337638348, 0.00853035412729, 0.0036899659317, 0.00204325420782, 0.00133072177414]
    },
    "spectral_contrast_valleys": {
        "mean": [-7.10818481445, -7.38416051865, -7.72378063202, -7.9794716835, -8.05954933167, -10.1802959442],
        "var": [1.46915102005, 1.88826346397, 2.28284835815, 2.40600061417, 1.94803631306, 2.14209914207]
    }
},
"metadata": {
    "audio_properties": {
        "analysis_sample_rate": 44100,
        "bit_rate": 128074,
        "equal_loudness": 0,
        "length": 45.0612258911,
        "lossless": 0,
        "replay_gain": -5.31547737122,
        "sample_rate": 44100,
        "codec": "mp3",
        "downmix": "mix",
        "md5_encoded": "64a5a3671570e11ddff3070524b0b7d5"
    },
    "tags": {
        "file_name": "1092.mp3"
    },
    "version": {
        "essentia": "2.1-beta2",
        "essentia_git_sha": "v2.1_beta2",
        "extractor": "music 1.0"
    }
},
"rhythm": {
    "beats_count": 91,
    "beats_loudness": {
        "mean": 0.15172727406,
        "var": 0.00850447174162
    },
    "bpm": 122.890960693,
    "bpm_histogram_first_peak_bpm": {
        "mean": 123,
        "var": 0
    },
    "bpm_histogram_first_peak_spread": {
        "mean": 0.100000023842,
        "var": 0
    },
    "bpm_histogram_first_peak_weight": {
        "mean": 0.899999976158,
        "var": 0
    },
    "bpm_histogram_second_peak_bpm": {
        "mean": 0,
        "var": 0
    },
    "bpm_histogram_second_peak_spread": {
        "mean": 0,
        "var": 0
    },
    "bpm_histogram_second_peak_weight": {
        "mean": 0,
        "var": 0
    },
    "danceability": 1.40925431252,
    "onset_rate": 4.01494693756,
    "beats_loudness_band_ratio": {
        "mean": [0.797093391418, 0.0588737986982, 0.039160143584, 0.052891343832, 0.0269464850426, 0.0388864427805],
        "var": [0.0872401297092, 0.0148727856576, 0.00451122177765, 0.0114544173703, 0.00385475228541, 0.00708062853664]
    },
    "beats_position": [0.522448956966, 1.02167797089, 1.52090704441, 2.00852608681, 2.49614500999, 2.97215414047, 3.45977306366, 3.95900225639, 4.45823097229, 4.94585037231, 5.4334692955, 5.92108821869, 6.40870714188, 6.8963265419, 7.38394546509, 7.87156438828, 8.35918331146, 8.84680271149, 9.33442115784, 9.82204055786, 10.3096599579, 10.7972784042, 11.2848978043, 11.7841272354, 12.2717456818, 12.7593650818, 13.2469835281, 13.7346029282, 14.2222223282, 14.6982307434, 15.1858501434, 15.6734695435, 16.1610889435, 16.6487064362, 17.1363258362, 17.6239452362, 18.1115646362, 18.5991840363, 19.0868015289, 19.574420929, 20.062040329, 20.549659729, 21.037279129, 21.5248966217, 22.0125160217, 22.5001354218, 22.9877548218, 23.4753742218, 23.9629936218, 24.4506111145, 24.9382305145, 25.4258499146, 25.9134693146, 26.4010887146, 26.8887062073, 27.3763256073, 27.8639450073, 28.3515644073, 28.8391838074, 29.3268013, 29.8144207001, 30.3020401001, 30.7896595001, 31.2772789001, 31.7648983002, 32.2525177002, 32.7401351929, 33.2277526855, 33.7153739929, 34.2029914856, 34.690612793, 35.1782302856, 35.6658477783, 36.1534690857, 36.6410865784, 37.1287078857, 37.6163253784, 38.1039466858, 38.5915641785, 39.0791816711, 39.5668029785, 40.0544204712, 40.5420417786, 41.0296592712, 41.5172767639, 42.0048980713, 42.492515564, 42.9801368713, 43.4793624878, 43.9669837952, 44.4662132263]
},
"tonal": {
    "chords_changes_rate": 0.102880656719,
    "chords_number_rate": 0.0123456791043,
    "chords_strength": {
        "mean": 0.48042589426,
        "var": 0.0130522027612
    },
    "hpcp_entropy": {
        "mean": 2.33656573296,
        "var": 0.78580892086
    },
    "key_strength": 0.737374544144,
    "tuning_diatonic_strength": 0.587522923946,
    "tuning_equal_tempered_deviation": 0.201950356364,
    "tuning_frequency": 434.193115234,
    "tuning_nontempered_energy_ratio": 0.891979396343,
    "hpcp": {
        "mean": [0.1818652004, 0.160145953298, 0.107408285141, 0.0781707391143, 0.0695140138268, 0.074070610106, 0.0975657403469, 0.11100589484, 0.127202212811, 0.16863502562, 0.190224900842, 0.172080919147, 0.118796296418, 0.0838674381375, 0.0870048925281, 0.10198533535, 0.105763502419, 0.102013342083, 0.0884442999959, 0.0847514644265, 0.119738303125, 0.15048392117, 0.128239065409, 0.111826635897, 0.11740770191, 0.0814997926354, 0.0581029802561, 0.0573467127979, 0.0507720373571, 0.0726806074381, 0.174549520016, 0.255616545677, 0.211383312941, 0.130915910006, 0.119875401258, 0.15676112473],
        "var": [0.086693122983, 0.0685416832566, 0.0366739779711, 0.027794668451, 0.0232180058956, 0.0217869952321, 0.0371485948563, 0.044271517545, 0.0541438236833, 0.083898037672, 0.0915782302618, 0.0941241234541, 0.0509761683643, 0.0367517396808, 0.0350386984646, 0.0427864044905, 0.0407530032098, 0.0450736023486, 0.040133651346, 0.0323576554656, 0.0595450997353, 0.0637440979481, 0.0402575097978, 0.0306330099702, 0.0579486265779, 0.0245986841619, 0.0216709412634, 0.0171173661947, 0.013388985768, 0.0207220539451, 0.0823659673333, 0.128781661391, 0.10025113821, 0.0549392849207, 0.0539443977177, 0.0754638984799]
    },
    "chords_histogram": [20.9876537323, 10.0823049545, 6.48148155212, 0, 0, 0, 3.80658435822, 1.23456788063, 0.411522626877, 0.514403283596, 0, 0, 0, 0, 0.205761313438, 2.67489719391, 12.9629631042, 9.36213970184, 3.60082316399, 0, 0, 1.74897122383, 5.76131677628, 20.1646099091],
    "thpcp": [1, 0.826954722404, 0.512157440186, 0.468965739012, 0.613266766071, 0.711476624012, 0.626508533955, 0.420193016529, 0.305812507868, 0.271946460009, 0.289772361517, 0.381687879562, 0.434267252684, 0.497629016638, 0.659718751907, 0.744180679321, 0.673199474812, 0.464744150639, 0.328098624945, 0.340372681618, 0.398977845907, 0.413758426905, 0.399087399244, 0.346003800631, 0.331557035446, 0.468429386616, 0.588709652424, 0.501685321331, 0.437478095293, 0.459311813116, 0.318836152554, 0.227305233479, 0.224346637726, 0.198625788093, 0.284334510565, 0.682856917381],
    "chords_key": "C",
    "chords_scale": "major",
    "key_key": "C",
    "key_scale": "major"
}
}