{
"lowlevel": {
    "average_loudness": 0.980392515659,
    "barkbands_crest": {
        "mean": 9.33199882507,
        "var": 13.3409128189
    },
    "barkbands_flatness_db": {
        "mean": 0.121588028967,
        "var": 0.00189577403944
    },
    "barkbands_kurtosis": {
        "mean": 5.03979730606,
        "var": 39.9047203064
    },
    "barkbands_skewness": {
        "mean": 1.87129044533,
        "var": 1.10295403004
    },
    "barkbands_spread": {
        "mean": 23.6025466919,
        "var": 160.39151001
    },
    "dissonance": {
        "mean": 0.455150306225,
        "var": 0.000904711603653
    },
    "dynamic_complexity": 1.66350114346,
    "erbbands_crest": {
        "mean": 8.64351081848,
        "var": 14.7264509201
    },
    "erbbands_flatness_db": {
        "mean": 0.128275334835,
        "var": 0.00123279332183
    },
    "erbbands_kurtosis": {
        "mean": 0.721338689327,
        "var": 4.03430604935
    },
    "erbbands_skewness": {
        "mean": 0.547391712666,
        "var": 0.436289221048
    },
    "erbbands_spread": {
        "mean": 47.07188797,
        "var": 512.284057617
    },
    "hfc": {
        "mean": 29.6798458099,
        "var": 683.218139648
    },
    "melbands_crest": {
        "mean": 14.6568717957,
        "var": 27.9016017914
    },
    "melbands_flatness_db": {
        "mean": 0.200196638703,
        "var": 0.00374280661345
    },
    "melbands_kurtosis": {
        "mean": 18.0046386719,
        "var": 425.907287598
    },
    "melbands_skewness": {
        "mean": 3.12898015976,
        "var": 2.91994214058
    },
    "melbands_spread": {
        "mean": 20.6434783936,
        "var": 261.134368896
    },
    "pitch_salience": {
        "mean": 0.541043758392,
        "var": 0.0128914881498
    },
    "silence_rate_20dB": {
        "mean": 1,
        "var": 0
    },
    "silence_rate_30dB": {
        "mean": 0.979402661324,
        "var": 0.0201724786311
    },
    "silence_rate_60dB": {
        "mean": 0.00154479919001,
        "var": 0.00154241069686
    },
    "spectral_centroid": {
        "mean": 1118.0682373,
        "var": 300168.34375
    },
    "spectral_complexity": {
        "mean": 19.1570549011,
        "var": 66.9419555664
    },
    "spectral_decrease": {
        "mean": -1.05329602818e-008,
        "var": 4.57732667317e-017
    },
    "spectral_energy": {
        "mean": 0.042445898056,
        "var": 0.0007078620838
    },
    "spectral_energyband_high": {
        "mean": 0.00177309510764,
        "var": 6.9719280873e-006
    },
    "spectral_energyband_low": {
        "mean": 0.0225460696965,
        "var": 0.000531510973815
    },
    "spectral_energyband_middle_high": {
        "mean": 0.00598350493237,
        "var": 3.3912325307e-005
    },
    "spectral_energyband_middle_low": {
        "mean": 0.0152371739969,
        "var": 0.000123609264847
    },
    "spectral_entropy": {
        "mean": 7.72187423706,
        "var": 0.151810288429
    },
    "spectral_flux": {
        "mean": 0.115170873702,
        "var": 0.00273772305809
    },
    "spectral_kurtosis": {
        "mean": 2.8411591053,
        "var": 5.65116357803
    },
    "spectral_rms": {
        "mean": 0.00614776834846,
        "var": 3.61568595508e-006
    },
    "spectral_rolloff": {
        "mean": 1238.03601074,
        "var": 1858674.5
    },
    "spectral_skewness": {
        "mean": 1.48760938644,
        "var": 0.188415333629
    },
    "spectral_spread": {
        "mean": 6449891.5,
        "var": 4.07346164531e+012
    },
    "spectral_strongpeak": {
        "mean": 0.737141430378,
        "var": 0.906018137932
    },
    "zerocrossingrate": {
        "mean": 0.0650618448853,
        "var": 0.0011867362773
    },
    "barkbands": {
        "mean": [0.000715134432539, 0.00950590986758, 0.00939085613936, 0.00425018370152, 0.00336602842435, 0.00121777632739, 0.00201252568513, 0.00186306179967, 0.0021587733645, 0.0014291080879, 0.000690691231284, 0.000897142279427, 0.0009396240348, 0.000513253558893, 0.00047353192349, 0.000277044135146, 0.00033781141974, 0.000232129066717, 0.000252933328738, 0.000264322356088, 0.000252424128121, 0.000332379713655, 0.000350064365193, 0.000328898895532, 0.000318724109093, 7.24503333913e-005, 3.15310762744e-006],
        "var": [1.15852299132e-006, 0.000164105193107, 0.000154139794176, 3.38213358191e-005, 1.48199596879e-005, 3.87392856283e-006, 5.2821465033e-006, 5.24395545654e-006, 1.14843469419e-005, 4.9939121709e-006, 2.56713747149e-006, 1.8465186713e-006, 3.66237327398e-006, 1.76227979409e-006, 1.00166016637e-006, 2.6752775284e-007, 3.65337967878e-007, 1.72956731603e-007, 4.42987527549e-007, 6.18446563294e-007, 2.76392000842e-007, 4.51284762448e-007, 2.72713663207e-007, 1.99034161597e-007, 2.85372635744e-007, 1.44101832689e-008, 4.17949772014e-011]
    },
    "erbbands": {
        "mean": [0.282660067081, 2.15673971176, 9.25823783875, 15.1667289734, 12.5833911896, 9.26742649078, 8.62063598633, 10.4704656601, 25.0761089325, 41.8507804871, 35.6724739075, 53.7532539368, 36.9960899353, 40.7915382385, 39.0067024231, 37.3099479675, 45.9781684875, 28.9732608795, 26.7754421234, 19.2252197266, 15.9277915955, 18.2540054321, 14.9529094696, 10.5641422272, 14.9269151688, 12.0714893341, 9.92876338959, 10.6059713364, 11.9537363052, 11.342499733, 9.96104240417, 7.14647626877, 5.37407922745, 4.06504869461, 2.0226380825, 0.512933909893, 0.0962680056691, 0.0140546383336, 0.000389394524973, 6.66980267852e-005],
        "var": [0.162708759308, 9.65324020386, 157.456848145, 365.712677002, 299.115722656, 89.0350570679, 161.769851685, 343.183105469, 1022.74560547, 1816.46374512, 2496.70483398, 8820.58203125, 2664.29907227, 4684.30957031, 7459.33642578, 1915.50097656, 7883.33349609, 5433.43554688, 2704.30273438, 2127.95629883, 690.091918945, 1020.97094727, 714.145263672, 384.954589844, 1850.65856934, 1222.35546875, 360.531402588, 647.867736816, 780.612121582, 348.720733643, 233.746063232, 93.2769393921, 57.9454803467, 35.578502655, 16.5871753693, 0.788135111332, 0.0250350888819, 0.000596812635195, 4.10937190054e-007, 2.43249398402e-009]
    },
    "gfcc": {
        "mean": [42.0482025146, 83.5318756104, -93.7457199097, 31.0823364258, -67.0185699463, 33.6922607422, -36.6763725281, 17.9111614227, -23.9491596222, 3.22641825676, -17.464881897, -4.67888641357, -20.1141242981],
        "cov": [[3017.58203125, -699.660705566, -151.162475586, 18.6176948547, -221.094848633, 69.7846908569, -159.452072144, 6.21958255768, -88.9689788818, 91.2935180664, -180.511199951, 55.8476104736, 19.1012172699], [-699.660705566, 819.248901367, -81.9532318115, -68.7669677734, 240.245986938, -55.8619918823, 90.5652236938, 2.54685807228, 61.2329673767, -76.7873458862, 125.939956665, -83.2544021606, 47.4941558838], [-151.162475586, -81.9532318115, 476.349639893, 81.2059326172, -11.2562084198, 103.882156372, -27.3983211517, 14.1016750336, 36.12733078, 24.3594093323, -23.5851669312, 53.1496810913, -43.86977005], [18.6176948547, -68.7669677734, 81.2059326172, 263.69229126, 51.5915603638, -50.60181427, -15.5379886627, 15.2449226379, 36.0581474304, 11.0431013107, -1.19410407543, -5.22835826874, 11.3566083908], [-221.094848633, 240.245986938, -11.2562084198, 51.5915603638, 246.770339966, -16.3673095703, 1.14083111286, 32.688747406, 54.1733093262, -19.6170215607, 19.7932224274, -26.7567520142, 24.2066020966], [69.7846908569, -55.8619918823, 103.882156372, -50.60181427, -16.3673095703, 194.659347534, 76.0600967407, -13.8209724426, -14.0748491287, 10.3128805161, -9.11864471436, 11.0190925598, -25.2674198151], [-159.452072144, 90.5652236938, -27.3983211517, -15.5379886627, 1.14083111286, 76.0600967407, 172.596542358, 13.4157094955, -30.6427059174, -7.30514717102, 38.9067764282, -18.6176872253, 3.34314775467], [6.21958255768, 2.54685807228, 14.1016750336, 15.2449226379, 32.688747406, -13.8209724426, 13.4157094955, 91.5100326538, 37.0909156799, -5.93565559387, 6.11755752563, 17.3128871918, 7.79376602173], [-88.9689788818, 61.2329673767, 36.12733078, 36.0581474304, 54.1733093262, -14.0748491287, -30.6427059174, 37.0909156799, 103.670761108, 30.214838028, 5.61161851883, -1.41492652893, 8.5657043457], [91.2935180664, -76.7873458862, 24.3594093323, 11.0431013107, -19.6170215607, 10.3128805161, -7.30514717102, -5.93565559387, 30.214838028, 86.2616500854, 10.6393108368, -0.285115361214, 1.11609518528], [-180.511199951, 125.939956665, -23.5851669312, -1.19410407543, 19.7932224274, -9.11864471436, 38.9067764282, 6.11755752563, 5.61161851883, 10.6393108368, 89.0562667847, 17.2889633179, 5.9450545311], [55.8476104736, -83.2544021606, 53.1496810913, -5.22835826874, -26.7567520142, 11.0190925598, -18.6176872253, 17.3128871918, -1.41492652893, -0.285115361214, 17.2889633179, 97.6080322266, 29.0894565582], [19.1012172699, 47.4941558838, -43.86977005, 11.3566083908, 24.2066020966, -25.2674198151, 3.34314775467, 7.79376602173, 8.5657043457, 1.11609518528, 5.9450545311, 29.0894565582, 89.3844833374]],
        "icov": [[0.000596047844738, -0.000369285815395, 0.000712683424354, -0.000664117746055, 0.00051341613289, -0.00103777914774, 0.00110803125426, -0.00117032323033, 0.00138237816282, -0.00149542849977, 0.00150328851305, -0.000696369970683, 0.000144049627124], [-0.000369285815395, 0.00709248520434, -0.00283935689367, 0.00463682692498, -0.00415226444602, 0.00347295799293, -0.00326956855133, 0.00494851497933, -0.00682505918667, 0.00947380810976, -0.0110982619226, 0.00851972214878, -0.00537405256182], [0.000712683424354, -0.00283935689367, 0.00508630136028, -0.00366081972606, 0.00193453754764, -0.00432214327157, 0.00296022836119, -0.00305771804415, 0.00290016527288, -0.00509363086894, 0.00610922742635, -0.00592801254243, 0.00403662631288], [-0.000664117746055, 0.00463682692498, -0.00366081972606, 0.00824581738561, -0.00378328189254, 0.00525924982503, -0.00396433845162, 0.00435899477452, -0.00599971367046, 0.00634681386873, -0.00723255006596, 0.00597088271752, -0.0038531946484], [0.00051341613289, -0.00415226444602, 0.00193453754764, -0.00378328189254, 0.0085159894079, -0.00372281344607, 0.00358704430982, -0.00472634891048, 0.00194741378073, -0.00318130664527, 0.00441639265046, -0.00174878723919, 0.000574536097702], [-0.00103777914774, 0.00347295799293, -0.00432214327157, 0.00525924982503, -0.00372281344607, 0.013457168825, -0.0097841899842, 0.0073546054773, -0.0062178154476, 0.00442952942103, -0.00241873273626, 0.000649012392387, 0.000614085816778], [0.00110803125426, -0.00326956855133, 0.00296022836119, -0.00396433845162, 0.00358704430982, -0.0097841899842, 0.0155648682266, -0.00926359184086, 0.00959337782115, -0.00499355560169, -0.000685993116349, 0.00216702371836, -0.00157121417578], [-0.00117032323033, 0.00494851497933, -0.00305771804415, 0.00435899477452, -0.00472634891048, 0.0073546054773, -0.00926359184086, 0.0215357895941, -0.013942415826, 0.0103427907452, -0.00609450880438, 0.000310140720103, -0.00109478621744], [0.00138237816282, -0.00682505918667, 0.00290016527288, -0.00599971367046, 0.00194741378073, -0.0062178154476, 0.00959337782115, -0.013942415826, 0.0259883608669, -0.016948254779, 0.0100600374863, -0.00528116384521, 0.00285934074782], [-0.00149542849977, 0.00947380810976, -0.00509363086894, 0.00634681386873, -0.00318130664527, 0.00442952942103, -0.00499355560169, 0.0103427907452, -0.016948254779, 0.0297865085304, -0.0196521915495, 0.0137581378222, -0.0085401693359], [0.00150328851305, -0.0110982619226, 0.00610922742635, -0.00723255006596, 0.00441639265046, -0.00241873273626, -0.000685993116349, -0.00609450880438, 0.0100600374863, -0.0196521915495, 0.0360635668039, -0.0214968081564, 0.0120490724221], [-0.000696369970683, 0.00851972214878, -0.00592801254243, 0.00597088271752, -0.00174878723919, 0.000649012392387, 0.00216702371836, 0.000310140720103, -0.00528116384521, 0.0137581378222, -0.0214968081564, 0.0296161361039, -0.0153714809567], [0.000144049627124, -0.00537405256182, 0.00403662631288, -0.0038531946484, 0.000574536097702, 0.000614085816778, -0.00157121417578, -0.00109478621744, 0.00285934074782, -0.0085401693359, 0.0120490724221, -0.0153714809567, 0.0206890366971]]
    },
    "melbands": {
        "mean": [0.00255934661254, 0.00425772508606, 0.00252321944572, 0.00080882612383, 0.000307131616864, 0.000236943960772, 0.000392220303183, 0.000457372254459, 0.000304099114146, 0.000321188301314, 0.000180964678293, 0.000171970328665, 0.000111557783384, 0.000102787060314, 0.00012160406186, 7.28461891413e-005, 5.09955643793e-005, 4.24960817327e-005, 2.89195704681e-005, 2.15691361518e-005, 1.80916722456e-005, 1.81438736035e-005, 1.69230734173e-005, 1.15341263154e-005, 7.67786514189e-006, 1.10302880785e-005, 1.04327582449e-005, 7.2634747994e-006, 6.15618000666e-006, 6.03820490142e-006, 6.1039713728e-006, 6.98841131452e-006, 6.15743101662e-006, 6.33066247246e-006, 6.32951969237e-006, 4.33008744949e-006, 4.34028879681e-006, 3.73384045815e-006, 3.51770381712e-006, 3.30444822794e-006],
        "var": [1.13984015115e-005, 3.03451270156e-005, 8.28631800687e-006, 9.20431602935e-007, 1.71443957697e-007, 1.7015911169e-007, 2.36257179154e-007, 2.22116597115e-007, 1.66365055065e-007, 3.35873096446e-007, 6.90421018135e-008, 9.53438430429e-008, 5.83896699879e-008, 2.77256635428e-008, 3.74618700505e-008, 2.29504841798e-008, 1.75728480656e-008, 8.64330829131e-009, 5.26044674487e-009, 2.08257788792e-009, 1.01318542445e-009, 1.08289033296e-009, 7.57611140489e-010, 5.2626536462e-010, 2.06265712843e-010, 1.27011579032e-009, 1.06111208709e-009, 4.16179923857e-010, 1.49876402955e-010, 1.49738582644e-010, 2.36829778011e-010, 3.14790277178e-010, 1.12135592478e-010, 1.04364628051e-010, 1.02601781238e-010, 3.83471032706e-011, 3.4100621632e-011, 2.79565971067e-011, 2.62654221289e-011, 2.35864539705e-011]
    },
    "mfcc": {
        "mean": [-605.843383789, 112.48008728, 29.0544013977, 6.84337377548, 4.74095964432, 7.89331388474, 5.70208597183, 9.61483955383, 2.02462387085, 4.83579206467, 7.12352228165, 4.94850444794, -0.67797011137],
        "cov": [[2597.86914063, -661.743652344, -169.870697021, -96.8713760376, -138.22227478, -4.19655036926, -96.0058135986, -101.538513184, 25.4804420471, 19.3041362762, -129.412017822, -158.267883301, -10.604798317], [-661.743652344, 796.51940918, -161.62159729, -33.8412666321, 114.638900757, -28.1956634521, 88.8475112915, 40.1225814819, -4.15991544724, 33.8170967102, 30.128534317, 16.0488796234, 1.8038944006], [-169.870697021, -161.62159729, 467.490692139, -4.95473861694, 9.29972171783, 81.7260284424, -19.5063438416, 30.3292999268, 7.5755147934, -31.7244949341, 43.1418762207, 49.7318611145, -3.83877253532], [-96.8713760376, -33.8412666321, -4.95473861694, 291.225799561, 104.524230957, -46.7323379517, -32.4966239929, -17.4686832428, 16.9010734558, 16.1624164581, -8.10016822815, 25.2694988251, 12.7542848587], [-138.22227478, 114.638900757, 9.29972171783, 104.524230957, 246.706832886, -8.02892494202, -66.440032959, 12.0280504227, 37.6593208313, 17.0934619904, 1.92014396191, 19.8737010956, 23.4276027679], [-4.19655036926, -28.1956634521, 81.7260284424, -46.7323379517, -8.02892494202, 153.696807861, 52.7968177795, 0.575739324093, 6.10655736923, 19.9935302734, 16.317325592, 5.27187728882, -23.5099945068], [-96.0058135986, 88.8475112915, -19.5063438416, -32.4966239929, -66.440032959, 52.7968177795, 163.666290283, 46.28723526, -11.5886592865, 2.82845520973, 20.0625228882, 2.693567276, -18.8455295563], [-101.538513184, 40.1225814819, 30.3292999268, -17.4686832428, 12.0280504227, 0.575739324093, 46.28723526, 112.960975647, 18.7766075134, -24.0522975922, 15.8350067139, 15.5683107376, 5.49226236343], [25.4804420471, -4.15991544724, 7.5755147934, 16.9010734558, 37.6593208313, 6.10655736923, -11.5886592865, 18.7766075134, 88.0324172974, 22.3468723297, -13.1505699158, -1.560505867, 12.4193840027], [19.3041362762, 33.8170967102, -31.7244949341, 16.1624164581, 17.0934619904, 19.9935302734, 2.82845520973, -24.0522975922, 22.3468723297, 103.884483337, 20.6983623505, -20.4368934631, 0.987475335598], [-129.412017822, 30.128534317, 43.1418762207, -8.10016822815, 1.92014396191, 16.317325592, 20.0625228882, 15.8350067139, -13.1505699158, 20.6983623505, 88.3453826904, 36.3815765381, -11.4537878036], [-158.267883301, 16.0488796234, 49.7318611145, 25.2694988251, 19.8737010956, 5.27187728882, 2.693567276, 15.5683107376, -1.560505867, -20.4368934631, 36.3815765381, 89.5293884277, 8.97919845581], [-10.604798317, 1.8038944006, -3.83877253532, 12.7542848587, 23.4276027679, -23.5099945068, -18.8455295563, 5.49226236343, 12.4193840027, 0.987475335598, -11.4537878036, 8.97919845581, 74.8735427856]],
        "icov": [[0.000619226542767, 0.000576374586672, 0.000319614453474, 0.000300990446704, -8.96888304851e-005, 1.85654662346e-005, -1.53769224198e-006, 0.000198636495043, -0.000162189855473, -0.000121999146359, 0.000337776524248, 0.000537848449312, 7.35497524147e-005], [0.000576374586672, 0.00244297785684, 0.000763730553444, 0.00115262228064, -0.00179436232429, 0.00103997637052, -0.00178059854079, 0.000303227017866, 0.000244631897658, -0.000767030171119, 0.000252351368545, -0.000134881935082, 0.000307489855913], [0.000319614453474, 0.000763730553444, 0.0031861604657, -3.18102611345e-005, 1.61169209605e-005, -0.00193724979181, 0.00108783121686, -0.000748352031223, -0.000349184905645, 0.00111259089317, -0.00131337263156, -0.000322418782162, -0.000207990859053], [0.000300990446704, 0.00115262228064, -3.18102611345e-005, 0.00525519903749, -0.00289207696915, 0.00253314175643, -0.00184848671779, 0.00141235347837, -2.79390824289e-005, -0.00157729489729, 0.00155173218809, -0.00190266571008, 0.000740479445085], [-8.96888304851e-005, -0.00179436232429, 1.61169209605e-005, -0.00289207696915, 0.00770553015172, -0.00250945496373, 0.00475925719365, -0.00227044522762, -0.00144399364945, 3.82603429898e-005, -0.000532942765858, -2.51707897405e-005, -0.00115003623068], [1.85654662346e-005, 0.00103997637052, -0.00193724979181, 0.00253314175643, -0.00250945496373, 0.0108969556168, -0.00531077710912, 0.00240335310809, -0.000709241838194, -0.00271072075702, 0.0011606218759, -0.00150396325625, 0.00265183742158], [-1.53769224198e-006, -0.00178059854079, 0.00108783121686, -0.00184848671779, 0.00475925719365, -0.00531077710912, 0.012326608412, -0.00567979458719, 0.00122238311451, -0.000227244527196, -0.000874551129527, 0.000392178044422, 0.000395261362428], [0.000198636495043, 0.000303227017866, -0.000748352031223, 0.00141235347837, -0.00227044522762, 0.00240335310809, -0.00567979458719, 0.0140161886811, -0.00462173344567, 0.00449915835634, -0.00312400795519, 0.000737183669116, -0.00110983115155], [-0.000162189855473, 0.000244631897658, -0.000349184905645, -2.79390824289e-005, -0.00144399364945, -0.000709241838194, 0.00122238311451, -0.00462173344567, 0.0154616441578, -0.00554046500474, 0.00485189398751, -0.00189737742767, -0.000688008614816], [-0.000121999146359, -0.000767030171119, 0.00111259089317, -0.00157729489729, 3.82603429898e-005, -0.00271072075702, -0.000227244527196, 0.00449915835634, -0.00554046500474, 0.016182012856, -0.00838745664805, 0.00635725772008, -0.00226330640726], [0.000337776524248, 0.000252351368545, -0.00131337263156, 0.00155173218809, -0.000532942765858, 0.0011606218759, -0.000874551129527, -0.00312400795519, 0.00485189398751, -0.00838745664805, 0.0198515597731, -0.00879994221032, 0.00364827108569], [0.000537848449312, -0.000134881935082, -0.000322418782162, -0.00190266571008, -2.51707897405e-005, -0.00150396325625, 0.000392178044422, 0.000737183669116, -0.00189737742767, 0.00635725772008, -0.00879994221032, 0.0181422047317, -0.00332371657714], [7.35497524147e-005, 0.000307489855913, -0.000207990859053, 0.000740479445085, -0.00115003623068, 0.00265183742158, 0.000395261362428, -0.00110983115155, -0.000688008614816, -0.00226330640726, 0.00364827108569, -0.00332371657714, 0.0156961269677]]
    },
    "spectral_contrast_coeffs": {
        "mean": [-0.63001203537, -0.735557496548, -0.747812569141, -0.753555238247, -0.78346902132, -0.797782123089],
        "var": [0.00531274313107, 0.0034563539084, 0.00382316438481, 0.00314443279058, 0.00251180981286, 0.00112737552263]
    },
    "spectral_contrast_valleys": {
        "mean": [-6.71774148941, -6.33272171021, -6.9850897789, -7.69069910049, -7.60849666595, -9.17763710022],
        "var": [0.497601151466, 0.583391547203, 0.635048866272, 0.614941954613, 0.679288208485, 0.738257408142]
    }
},
"metadata": {
    "audio_properties": {
        "analysis_sample_rate": 44100,
        "bit_rate": 128074,
        "equal_loudness": 0,
        "length": 45.0612258911,
        "lossless": 0,
        "replay_gain": -5.12820243835,
        "sample_rate": 44100,
        "codec": "mp3",
        "downmix": "mix",
        "md5_encoded": "d70c769ed0ca454686264bd8e72e1052"
    },
    "tags": {
        "file_name": "1093.mp3"
    },
    "version": {
        "essentia": "2.1-beta2",
        "essentia_git_sha": "v2.1_beta2",
        "extractor": "music 1.0"
    }
},
"rhythm": {
    "beats_count": 83,
    "beats_loudness": {
        "mean": 0.0558493956923,
        "var": 0.000466545083327
    },
    "bpm": 111.935279846,
    "bpm_histogram_first_peak_bpm": {
        "mean": 112,
        "var": 0
    },
    "bpm_histogram_first_peak_spread": {
        "mean": 0.160493850708,
        "var": 0
    },
    "bpm_histogram_first_peak_weight": {
        "mean": 0.829268276691,
        "var": 0
    },
    "bpm_histogram_second_peak_bpm": {
        "mean": 105,
        "var": 0
    },
    "bpm_histogram_second_peak_spread": {
        "mean": 0,
        "var": 0
    },
    "bpm_histogram_second_peak_weight": {
        "mean": 0.0121951214969,
        "var": 0
    },
    "danceability": 1.8471442461,
    "onset_rate": 5.76732730865,
    "beats_loudness_band_ratio": {
        "mean": [0.482909142971, 0.104519352317, 0.177818775177, 0.0920638144016, 0.0469166599214, 0.132154285908],
        "var": [0.0692056044936, 0.00612225523219, 0.0244798306376, 0.00647362088785, 0.00185009348206, 0.00769485998899]
    },
    "beats_position": [0.568888902664, 1.13777780533, 1.69505667686, 2.22911548615, 2.76317453384, 3.29723358154, 3.83129239082, 4.3653512001, 4.8994102478, 5.4334692955, 5.9675283432, 6.5015873909, 7.04725599289, 7.59292507172, 8.12698364258, 8.66104316711, 9.19510173798, 9.72916126251, 10.2632198334, 10.7972784042, 11.3313379288, 11.8653964996, 12.3994560242, 12.9451246262, 13.4907932281, 14.0248527527, 14.5589113235, 15.0929698944, 15.6270294189, 16.1610889435, 16.6951465607, 17.2292060852, 17.7632656097, 18.2973232269, 18.8313827515, 19.365442276, 19.8994998932, 20.4335594177, 20.9676189423, 21.5132884979, 22.0589561462, 22.5930156708, 23.1270751953, 23.6611328125, 24.195192337, 24.7292518616, 25.2633094788, 25.7973690033, 26.3314285278, 26.865486145, 27.3995456696, 27.9336051941, 28.4792747498, 29.0249423981, 29.5590019226, 30.0930614471, 30.6271190643, 31.1611785889, 31.6952381134, 32.2292976379, 32.7633552551, 33.2974128723, 33.8314743042, 34.3655319214, 34.8995895386, 35.4336509705, 35.9677085876, 36.5133781433, 37.059047699, 37.5931053162, 38.1271629333, 38.6612243652, 39.1952819824, 39.7293434143, 40.2634010315, 40.7974586487, 41.3315200806, 41.8655776978, 42.3996353149, 42.9453048706, 43.4909744263, 44.0250320435, 44.5590934753]
},
"tonal": {
    "chords_changes_rate": 0.0524691343307,
    "chords_number_rate": 0.00720164598897,
    "chords_strength": {
        "mean": 0.566250801086,
        "var": 0.0128400931135
    },
    "hpcp_entropy": {
        "mean": 2.14231443405,
        "var": 0.425183147192
    },
    "key_strength": 0.730695962906,
    "tuning_diatonic_strength": 0.598411202431,
    "tuning_equal_tempered_deviation": 0.212019845843,
    "tuning_frequency": 434.193115234,
    "tuning_nontempered_energy_ratio": 0.945874094963,
    "hpcp": {
        "mean": [0.287337243557, 0.294721990824, 0.132773056626, 0.0648785606027, 0.0688582286239, 0.076473236084, 0.117560341954, 0.139154329896, 0.141146153212, 0.281008243561, 0.305818259716, 0.157668679953, 0.0965749919415, 0.084839195013, 0.103490546346, 0.188299015164, 0.233105376363, 0.154439479113, 0.0858789384365, 0.0728455856442, 0.0804449543357, 0.149051561952, 0.168188884854, 0.164320319891, 0.186105385423, 0.115303084254, 0.065459959209, 0.0870403498411, 0.105505339801, 0.153147637844, 0.252326279879, 0.238746806979, 0.130814149976, 0.0846768841147, 0.0853305459023, 0.140103653073],
        "var": [0.107879042625, 0.109180651605, 0.0361361764371, 0.0229353997856, 0.0290424339473, 0.0291474945843, 0.0331579484046, 0.0465940088034, 0.0410919822752, 0.109975390136, 0.118476673961, 0.044157423079, 0.0349499545991, 0.0272007379681, 0.0350908450782, 0.0679530575871, 0.0970934182405, 0.0538950785995, 0.0266265645623, 0.0213725715876, 0.0209396015853, 0.0387616492808, 0.0475752986968, 0.0409386977553, 0.0877177044749, 0.0305834356695, 0.0227784607559, 0.0312139447778, 0.0368589051068, 0.0549911893904, 0.0945230051875, 0.0859223008156, 0.0455495938659, 0.0328755527735, 0.0307518877089, 0.0491870604455]
    },
    "chords_histogram": [31.6872425079, 4.62962961197, 4.62962961197, 0, 1.95473253727, 0, 0, 0, 0, 0, 0, 0, 0, 0, 0, 0, 0, 2.98353910446, 0, 0, 0, 11.4197530746, 0.205761313438, 42.4897117615],
    "thpcp": [1, 0.515563309193, 0.315792113543, 0.277417033911, 0.338405400515, 0.615721940994, 0.762234985828, 0.505004107952, 0.280816912651, 0.238198935986, 0.263048231602, 0.487386077642, 0.549963533878, 0.537313640118, 0.608548939228, 0.377031385899, 0.214048564434, 0.284614622593, 0.344993591309, 0.500779926777, 0.825085699558, 0.780681967735, 0.427751272917, 0.276886284351, 0.279023706913, 0.458127170801, 0.939568638802, 0.96371614933, 0.434156745672, 0.212147444487, 0.225160613656, 0.250061064959, 0.384412437677, 0.455022960901, 0.461536049843, 0.918873310089],
    "chords_key": "A",
    "chords_scale": "minor",
    "key_key": "C",
    "key_scale": "major"
}
}