{
"lowlevel": {
    "average_loudness": 0.884277582169,
    "barkbands_crest": {
        "mean": 12.0406694412,
        "var": 44.4162406921
    },
    "barkbands_flatness_db": {
        "mean": 0.187414854765,
        "var": 0.0144754787907
    },
    "barkbands_kurtosis": {
        "mean": 61.0408973694,
        "var": 39540.5976563
    },
    "barkbands_skewness": {
        "mean": 3.16709661484,
        "var": 25.3703651428
    },
    "barkbands_spread": {
        "mean": 26.5752658844,
        "var": 556.152893066
    },
    "dissonance": {
        "mean": 0.472262948751,
        "var": 0.00108383432962
    },
    "dynamic_complexity": 5.36068582535,
    "erbbands_crest": {
        "mean": 8.64097213745,
        "var": 26.6382389069
    },
    "erbbands_flatness_db": {
        "mean": 0.155332863331,
        "var": 0.00369388051331
    },
    "erbbands_kurtosis": {
        "mean": 2.70859146118,
        "var": 46.632610321
    },
    "erbbands_skewness": {
        "mean": 0.447160601616,
        "var": 2.40164685249
    },
    "erbbands_spread": {
        "mean": 46.1682357788,
        "var": 1018.49780273
    },
    "hfc": {
        "mean": 18.4396629333,
        "var": 952.745666504
    },
    "melbands_crest": {
        "mean": 16.7520713806,
        "var": 56.2238349915
    },
    "melbands_flatness_db": {
        "mean": 0.246019810438,
        "var": 0.0272299293429
    },
    "melbands_kurtosis": {
        "mean": 67.9873199463,
        "var": 13860.3779297
    },
    "melbands_skewness": {
        "mean": 4.23676490784,
        "var": 17.162776947
    },
    "melbands_spread": {
        "mean": 33.4569129944,
        "var": 1508.84631348
    },
    "pitch_salience": {
        "mean": 0.512181758881,
        "var": 0.0446838997304
    },
    "silence_rate_20dB": {
        "mean": 1,
        "var": 0
    },
    "silence_rate_30dB": {
        "mean": 0.980947494507,
        "var": 0.0186894387007
    },
    "silence_rate_60dB": {
        "mean": 0.235839337111,
        "var": 0.180222243071
    },
    "spectral_centroid": {
        "mean": 1744.88781738,
        "var": 1652433.375
    },
    "spectral_complexity": {
        "mean": 11.0865087509,
        "var": 222.766586304
    },
    "spectral_decrease": {
        "mean": -4.94028418174e-009,
        "var": 5.36258643402e-017
    },
    "spectral_energy": {
        "mean": 0.0203182753175,
        "var": 0.000818541098852
    },
    "spectral_energyband_high": {
        "mean": 0.00155675981659,
        "var": 9.85620772553e-006
    },
    "spectral_energyband_low": {
        "mean": 0.0125028761104,
        "var": 0.000631442642771
    },
    "spectral_energyband_middle_high": {
        "mean": 0.00276903482154,
        "var": 2.65582621068e-005
    },
    "spectral_energyband_middle_low": {
        "mean": 0.00436594011262,
        "var": 9.14017218747e-005
    },
    "spectral_entropy": {
        "mean": 7.60634040833,
        "var": 0.687357485294
    },
    "spectral_flux": {
        "mean": 0.0885290727019,
        "var": 0.00476591056213
    },
    "spectral_kurtosis": {
        "mean": 4.81868839264,
        "var": 44.621181488
    },
    "spectral_rms": {
        "mean": 0.00351103884168,
        "var": 7.49532000555e-006
    },
    "spectral_rolloff": {
        "mean": 2795.77929688,
        "var": 10208629
    },
    "spectral_skewness": {
        "mean": 1.59908175468,
        "var": 0.685648441315
    },
    "spectral_spread": {
        "mean": 6219190,
        "var": 8.85004016026e+012
    },
    "spectral_strongpeak": {
        "mean": 0.506339073181,
        "var": 0.698999285698
    },
    "zerocrossingrate": {
        "mean": 0.100612588227,
        "var": 0.00647115428001
    },
    "barkbands": {
        "mean": [0.000186096105608, 0.00888436753303, 0.00262435222976, 0.00196118908934, 0.00135772663634, 0.000324996450217, 0.000254482583841, 0.000154105029651, 0.000201322851353, 0.000288929033559, 0.000290288997348, 0.000229134078836, 0.000245608185651, 0.000280158536043, 0.000282967055682, 0.000313494325383, 0.000178496033186, 0.000249099481152, 0.000276341947028, 0.000351503345883, 0.000352023140294, 0.000359634228516, 0.000188070582226, 0.000189772588783, 0.000181280687684, 0.000111797686259, 1.04417472357e-006],
        "var": [1.18963747298e-007, 0.000462382769911, 4.03104932047e-005, 2.78517472907e-005, 1.25731548906e-005, 5.37106757292e-007, 5.30429588252e-007, 1.01986998402e-007, 3.00906776829e-007, 7.86642999628e-007, 1.19356366213e-006, 3.52703779072e-007, 3.23213100728e-007, 4.68235811013e-007, 4.52681632623e-007, 6.11255984495e-007, 1.98072527269e-007, 4.24508556307e-007, 5.25248310623e-007, 8.80635752765e-007, 8.10303617982e-007, 7.20516709407e-007, 1.72989160774e-007, 1.30900048134e-007, 1.02552711212e-007, 6.4879237982e-008, 7.93050781295e-012]
    },
    "erbbands": {
        "mean": [0.23211710155, 2.04063248634, 3.35257577896, 4.8163394928, 6.94664859772, 3.47541117668, 2.37313103676, 2.87960004807, 3.42723631859, 3.81583571434, 3.7807033062, 4.8088684082, 8.46867752075, 8.96331501007, 10.9142808914, 10.1013431549, 11.8966341019, 13.773566246, 14.6765975952, 15.3316030502, 16.134759903, 10.3678321838, 12.2756967545, 14.3524637222, 15.125043869, 16.7089748383, 13.8707370758, 13.869477272, 12.1658239365, 9.64953517914, 5.31870555878, 4.49467897415, 2.82980942726, 2.07193255424, 1.20259571075, 0.617734134197, 0.202748581767, 0.0133521482348, 0.00031493906863, 4.1275357944e-005],
        "var": [0.329031080008, 25.6751785278, 61.833114624, 107.549667358, 432.938934326, 74.0128097534, 24.8073749542, 48.223285675, 80.9870147705, 126.862480164, 70.1209640503, 194.262252808, 882.768737793, 956.718811035, 1875.41662598, 584.952148438, 699.323364258, 1109.12109375, 1130.3001709, 1266.68017578, 1562.40820313, 672.109375, 944.064819336, 1363.41674805, 1690.25817871, 1977.52490234, 1131.77075195, 1595.41247559, 895.139709473, 481.160217285, 133.236038208, 78.8865585327, 29.2250137329, 13.3018379211, 5.07480669022, 1.73122906685, 0.241931185126, 0.000880184525158, 4.13306139535e-007, 2.74649725185e-009]
    },
    "gfcc": {
        "mean": [-110.53490448, 40.1209144592, -94.2735900879, 41.5747108459, -43.5240478516, 34.1408653259, -27.5253505707, 18.4063835144, -26.4509773254, 6.46248102188, -22.2899742126, 1.1599971056, -12.0299081802],
        "cov": [[25222.921875, 221.706954956, -595.432067871, 669.61340332, -1377.88537598, -826.962524414, -2259.37060547, -1135.12646484, -1169.66491699, 153.822067261, -280.544158936, -193.436981201, -695.77130127], [221.706954956, 4194.30712891, 1798.65393066, 148.538040161, 1063.35913086, -481.388946533, 195.365081787, -341.807098389, 119.847984314, -257.878936768, 130.057632446, -126.606483459, 6.80942296982], [-595.432067871, 1798.65393066, 3038.56860352, 728.914550781, 731.39050293, 21.5025081635, 97.7759399414, 16.2927131653, 9.81719875336, -28.6629619598, -39.7128677368, 28.7044563293, -52.8018074036], [669.61340332, 148.538040161, 728.914550781, 1011.00079346, 372.235992432, 166.135925293, 149.807128906, -14.2034435272, 17.2729206085, 8.58063793182, 37.8885612488, -23.636051178, 6.24764156342], [-1377.88537598, 1063.35913086, 731.39050293, 372.235992432, 966.801147461, 160.070480347, 314.018768311, 18.5864219666, 65.1558914185, -92.7810897827, 17.8206272125, 28.091337204, 40.8797683716], [-826.962524414, -481.388946533, 21.5025081635, 166.135925293, 160.070480347, 456.123077393, 258.026672363, 171.68586731, 95.6193161011, 25.9363193512, 23.7949142456, 17.1030254364, 50.2976951599], [-2259.37060547, 195.365081787, 97.7759399414, 149.807128906, 314.018768311, 258.026672363, 561.085205078, 202.649002075, 236.460083008, -5.53275728226, 95.6152191162, -17.6300773621, 106.190185547], [-1135.12646484, -341.807098389, 16.2927131653, -14.2034435272, 18.5864219666, 171.68586731, 202.649002075, 257.682312012, 110.793411255, 63.7106018066, 18.3035030365, 28.318479538, 30.6633644104], [-1169.66491699, 119.847984314, 9.81719875336, 17.2729206085, 65.1558914185, 95.6193161011, 236.460083008, 110.793411255, 219.810211182, 29.4308776855, 104.872520447, -14.5025920868, 68.0906143188], [153.822067261, -257.878936768, -28.6629619598, 8.58063793182, -92.7810897827, 25.9363193512, -5.53275728226, 63.7106018066, 29.4308776855, 119.620391846, 36.4924621582, 27.6573200226, -17.2575702667], [-280.544158936, 130.057632446, -39.7128677368, 37.8885612488, 17.8206272125, 23.7949142456, 95.6152191162, 18.3035030365, 104.872520447, 36.4924621582, 139.695571899, -1.74590063095, 42.4307022095], [-193.436981201, -126.606483459, 28.7044563293, -23.636051178, 28.091337204, 17.1030254364, -17.6300773621, 28.318479538, -14.5025920868, 27.6573200226, -1.74590063095, 87.2710113525, 23.4619560242], [-695.77130127, 6.80942296982, -52.8018074036, 6.24764156342, 40.8797683716, 50.2976951599, 106.190185547, 30.6633644104, 68.0906143188, -17.2575702667, 42.4307022095, 23.4619560242, 110.929931641]],
        "icov": [[0.000107613188447, -0.000176608475158, 0.000117447452794, -0.000220128000365, 0.000210982514545, -0.000272184377536, 0.000358217570465, 2.08558813029e-005, 0.000308009068249, -0.00031554166344, 3.89590823033e-005, 3.58532706741e-005, 0.000190461301827], [-0.000176608475158, 0.00135032902472, -0.000731033331249, 0.000897087447811, -0.00132044998463, 0.00162885268219, -0.000961212732363, 0.000948487315327, -0.00094848498702, 0.00128550222144, -0.0011934840586, 0.00111430115066, -0.000180065719178], [0.000117447452794, -0.000731033331249, 0.000889022834599, -0.000821002293378, 0.000399531883886, -0.000696753617376, 0.000777537468821, -0.000692249450367, 0.000223856288358, -0.000664679799229, 0.000875196303241, -0.00078273442341, 0.000456630747067], [-0.000220128000365, 0.000897087447811, -0.000821002293378, 0.00223526079208, -0.00125894241501, 0.00058616627939, -0.00118353543803, 0.00105984869879, -9.1078960395e-005, 7.88965007814e-006, -0.00106127525214, 0.0015678802738, -0.000782802526373], [0.000210982514545, -0.00132044998463, 0.000399531883886, -0.00125894241501, 0.00339353317395, -0.00183632026892, -0.000396893039579, -0.000114376125566, 0.00109548203181, 0.000505587027874, 0.000864812813234, -0.00302628125064, 0.00137454923242], [-0.000272184377536, 0.00162885268219, -0.000696753617376, 0.00058616627939, -0.00183632026892, 0.00564320897684, -0.00227977335453, -0.00073463388253, -0.000877063779626, 0.00147580739576, -0.000983595498838, 0.000973811780568, -0.000730208761524], [0.000358217570465, -0.000961212732363, 0.000777537468821, -0.00118353543803, -0.000396893039579, -0.00227977335453, 0.00738153001294, -0.00310110277496, -0.00225259852596, -0.000239869230427, 0.000159490897204, 0.00198221555911, -0.00142129173037], [2.08558813029e-005, 0.000948487315327, -0.000692249450367, 0.00105984869879, -0.000114376125566, -0.00073463388253, -0.00310110277496, 0.0102814733982, -0.00307512236759, -0.00327213457786, 0.00244510779157, -0.00152579043061, 0.000951187277678], [0.000308009068249, -0.00094848498702, 0.000223856288358, -9.1078960395e-005, 0.00109548203181, -0.000877063779626, -0.00225259852596, -0.00307512236759, 0.0153261991218, -0.00306688761339, -0.00612440425903, 0.00384110724553, -0.00325227132998], [-0.00031554166344, 0.00128550222144, -0.000664679799229, 7.88965007814e-006, 0.000505587027874, 0.00147580739576, -0.000239869230427, -0.00327213457786, -0.00306688761339, 0.0181273929775, -0.00615302240476, -0.00611081952229, 0.00625236425549], [3.89590823033e-005, -0.0011934840586, 0.000875196303241, -0.00106127525214, 0.000864812813234, -0.000983595498838, 0.000159490897204, 0.00244510779157, -0.00612440425903, -0.00615302240476, 0.0155648132786, -0.00106158212293, -0.0028342877049], [3.58532706741e-005, 0.00111430115066, -0.00078273442341, 0.0015678802738, -0.00302628125064, 0.000973811780568, 0.00198221555911, -0.00152579043061, 0.00384110724553, -0.00611081952229, -0.00106158212293, 0.020301213488, -0.00830257404596], [0.000190461301827, -0.000180065719178, 0.000456630747067, -0.000782802526373, 0.00137454923242, -0.000730208761524, -0.00142129173037, 0.000951187277678, -0.00325227132998, 0.00625236425549, -0.0028342877049, -0.00830257404596, 0.0172130968422]]
    },
    "melbands": {
        "mean": [0.00232747010887, 0.00217289407738, 0.000969659304246, 0.000368562876247, 9.38794692047e-005, 6.4459949499e-005, 5.26008880115e-005, 3.93142399844e-005, 3.19341706927e-005, 2.975609641e-005, 4.24206518801e-005, 3.54697622242e-005, 3.4932680137e-005, 2.45594965236e-005, 3.17477424687e-005, 2.33845021285e-005, 2.61591667368e-005, 2.29474662774e-005, 2.20238598558e-005, 2.17340475501e-005, 1.78148584382e-005, 1.07603227661e-005, 9.41089638218e-006, 1.253213577e-005, 1.14099011626e-005, 1.0691947864e-005, 1.2124625755e-005, 1.0503295016e-005, 8.44139867695e-006, 8.44946134748e-006, 7.69117923483e-006, 6.29280339126e-006, 7.96934364189e-006, 4.12857207266e-006, 2.96201028505e-006, 2.91127230412e-006, 2.68247094937e-006, 1.94221865968e-006, 1.94769950213e-006, 1.65130256846e-006],
        "var": [3.28647256538e-005, 2.28708358918e-005, 5.02257216795e-006, 9.90171542981e-007, 4.12996961074e-008, 2.33707844188e-008, 1.99641636556e-008, 1.21297665245e-008, 6.22581186605e-009, 8.31570190485e-009, 2.25566694212e-008, 1.44418201842e-008, 1.64427298444e-008, 3.55513263273e-009, 8.28656165908e-009, 3.37290684271e-009, 4.65875915623e-009, 3.07094261132e-009, 2.94845681204e-009, 2.99495983569e-009, 1.98892236014e-009, 7.02989944035e-010, 6.47695230782e-010, 1.12152631626e-009, 9.06128450051e-010, 8.65580773723e-010, 1.2042727926e-009, 7.70743024958e-010, 4.67660965509e-010, 4.31101793152e-010, 5.58143142815e-010, 2.69800959352e-010, 3.46756567904e-010, 9.43985514756e-011, 4.40460480589e-011, 3.7727716784e-011, 2.85064940403e-011, 1.55119372208e-011, 1.24886411976e-011, 8.450932662e-012]
    },
    "mfcc": {
        "mean": [-759.754760742, 75.9771575928, 13.9818277359, 21.3494415283, 14.3267059326, 17.2857532501, 14.3216924667, 11.5940418243, 8.61860370636, 7.8898191452, 0.72825884819, -2.5569024086, -0.111605286598],
        "cov": [[23904.5332031, -586.582702637, -1028.60852051, 176.457183838, -289.948394775, -246.862335205, -987.836120605, -1408.63586426, -1225.54431152, -730.723999023, -401.080078125, -275.105163574, -181.995727539], [-586.582702637, 4059.93774414, 976.887329102, 723.403747559, 656.488708496, 105.89315033, 90.9284133911, 73.8866195679, -57.9425125122, -69.1520309448, 0.974442183971, -47.2511940002, -33.0634269714], [-1028.60852051, 976.887329102, 1924.96728516, 685.125427246, 462.527191162, 204.482925415, 141.735336304, 120.354377747, 90.2447509766, 59.7320823669, 83.595703125, 21.880449295, 9.26638507843], [176.457183838, 723.403747559, 685.125427246, 910.47088623, 452.000335693, 278.233551025, 182.362075806, 99.7316513062, 44.3782043457, -0.102170236409, 44.9583015442, 8.56007862091, -15.8440160751], [-289.948394775, 656.488708496, 462.527191162, 452.000335693, 574.690612793, 281.319335938, 185.777557373, 142.736694336, 42.7197647095, 6.72480392456, 1.56520915031, -8.51916694641, 15.9526557922], [-246.862335205, 105.89315033, 204.482925415, 278.233551025, 281.319335938, 355.381103516, 224.117019653, 158.922988892, 101.32686615, 50.1872673035, 22.7300186157, 31.911989212, 30.0901489258], [-987.836120605, 90.9284133911, 141.735336304, 182.362075806, 185.777557373, 224.117019653, 286.615203857, 210.863372803, 148.877456665, 104.180541992, 58.9936904907, 54.2343788147, 33.5417785645], [-1408.63586426, 73.8866195679, 120.354377747, 99.7316513062, 142.736694336, 158.922988892, 210.863372803, 249.606582642, 174.06413269, 105.067321777, 57.8683776855, 47.9993743896, 33.8760147095], [-1225.54431152, -57.9425125122, 90.2447509766, 44.3782043457, 42.7197647095, 101.32686615, 148.877456665, 174.06413269, 187.64024353, 113.781135559, 63.8393592834, 54.3373565674, 36.6650390625], [-730.723999023, -69.1520309448, 59.7320823669, -0.102170236409, 6.72480392456, 50.1872673035, 104.180541992, 105.067321777, 113.781135559, 138.636352539, 81.4239349365, 45.7839431763, 16.9679489136], [-401.080078125, 0.974442183971, 83.595703125, 44.9583015442, 1.56520915031, 22.7300186157, 58.9936904907, 57.8683776855, 63.8393592834, 81.4239349365, 130.141082764, 70.4156951904, 2.82408189774], [-275.105163574, -47.2511940002, 21.880449295, 8.56007862091, -8.51916694641, 31.911989212, 54.2343788147, 47.9993743896, 54.3373565674, 45.7839431763, 70.4156951904, 113.238166809, 63.6199531555], [-181.995727539, -33.0634269714, 9.26638507843, -15.8440160751, 15.9526557922, 30.0901489258, 33.5417785645, 33.8760147095, 36.6650390625, 16.9679489136, 2.82408189774, 63.6199531555, 124.451721191]],
        "icov": [[7.73465289967e-005, 1.11934077722e-005, 3.7759062252e-005, -6.71247689752e-005, 2.16387888941e-005, -0.000188594451174, 5.20986541233e-005, 0.000320577324601, 0.000318418868119, -7.25392383174e-005, 1.30444359456e-005, -3.6405359424e-005, -1.93572268472e-005], [1.11934077722e-005, 0.000349406967871, -7.35647408874e-005, -0.000130506945425, -0.0003735133796, 0.000348451401806, -4.9058591685e-005, -0.000133445151732, 0.000247808231506, 0.000114634633064, -4.42318705609e-005, -2.52659276612e-007, 2.37306703639e-005], [3.7759062252e-005, -7.35647408874e-005, 0.000816068379208, -0.000476586428704, -0.000337281351676, 2.6642399007e-006, 0.000344313797541, 0.000306194415316, -0.000261086999672, -0.000312920921715, -0.000275375292404, 0.000132044457132, -0.000160987139679], [-6.71247689752e-005, -0.000130506945425, -0.000476586428704, 0.00245939893648, -0.00104977330193, -0.000546268129256, -0.000928582332563, 0.000937663833611, -0.00107403309084, 0.00143200356979, -0.0010637283558, 8.25903189252e-005, 0.000580534222536], [2.16387888941e-005, -0.0003735133796, -0.000337281351676, -0.00104977330193, 0.00496001727879, -0.00251501728781, 5.2930728998e-005, -0.00251012877561, 0.0027367384173, 3.07370441988e-006, 1.99177738978e-005, 0.00144092249684, -0.00107858364936], [-0.000188594451174, 0.000348451401806, 2.6642399007e-006, -0.000546268129256, -0.00251501728781, 0.00846638530493, -0.00489071104676, 2.10759499168e-005, -0.00200045155361, 0.00117843423504, 0.000978990341537, -0.000692584551871, 9.53132330324e-005], [5.20986541233e-005, -4.9058591685e-005, 0.000344313797541, -0.000928582332563, 5.2930728998e-005, -0.00489071104676, 0.0146073466167, -0.00787538476288, 0.00153839949053, -0.00444226758555, 0.00114647857845, -0.00210385629907, 0.000503689050674], [0.000320577324601, -0.000133445151732, 0.000306194415316, 0.000937663833611, -0.00251012877561, 2.10759499168e-005, -0.00787538476288, 0.0212171655148, -0.0121563551947, 0.00165159255266, -0.000871237134561, 0.000790888268966, 0.000165480218129], [0.000318418868119, 0.000247808231506, -0.000261086999672, -0.00107403309084, 0.0027367384173, -0.00200045155361, 0.00153839949053, -0.0121563551947, 0.0245824065059, -0.00975888315588, 0.00154166889843, -0.00169337994885, -0.00163965008687], [-7.25392383174e-005, 0.000114634633064, -0.000312920921715, 0.00143200356979, 3.07370441988e-006, 0.00117843423504, -0.00444226758555, 0.00165159255266, -0.00975888315588, 0.0215740427375, -0.0102940099314, 0.00400392105803, -0.00128720572684], [1.30444359456e-005, -4.42318705609e-005, -0.000275375292404, -0.0010637283558, 1.99177738978e-005, 0.000978990341537, 0.00114647857845, -0.000871237134561, 0.00154166889843, -0.0102940099314, 0.0211177635938, -0.0140935014933, 0.00725603057072], [-3.6405359424e-005, -2.52659276612e-007, 0.000132044457132, 8.25903189252e-005, 0.00144092249684, -0.000692584551871, -0.00210385629907, 0.000790888268966, -0.00169337994885, 0.00400392105803, -0.0140935014933, 0.0243163481355, -0.011875889264], [-1.93572268472e-005, 2.37306703639e-005, -0.000160987139679, 0.000580534222536, -0.00107858364936, 9.53132330324e-005, 0.000503689050674, 0.000165480218129, -0.00163965008687, -0.00128720572684, 0.00725603057072, -0.011875889264, 0.0145984338596]]
    },
    "spectral_contrast_coeffs": {
        "mean": [-0.683086872101, -0.822295546532, -0.815693318844, -0.834229171276, -0.817586123943, -0.779209673405],
        "var": [0.011875490658, 0.00399824324995, 0.00491385161877, 0.00278282957152, 0.00235107168555, 0.00273121939972]
    },
    "spectral_contrast_valleys": {
        "mean": [-8.44764518738, -8.39275455475, -8.53156852722, -8.64027023315, -8.56427288055, -10.7790403366],
        "var": [3.86877655983, 3.80187630653, 2.73901438713, 3.17229342461, 3.43544459343, 4.14706993103]
    }
},
"metadata": {
    "audio_properties": {
        "analysis_sample_rate": 44100,
        "bit_rate": 128074,
        "equal_loudness": 0,
        "length": 45.0612258911,
        "lossless": 0,
        "replay_gain": -6.23909378052,
        "sample_rate": 44100,
        "codec": "mp3",
        "downmix": "mix",
        "md5_encoded": "d60c27dc103107c904be74135fb606f2"
    },
    "tags": {
        "file_name": "1094.mp3"
    },
    "version": {
        "essentia": "2.1-beta2",
        "essentia_git_sha": "v2.1_beta2",
        "extractor": "music 1.0"
    }
},
"rhythm": {
    "beats_count": 89,
    "beats_loudness": {
        "mean": 0.040929403156,
        "var": 0.000479674752569
    },
    "bpm": 119.993118286,
    "bpm_histogram_first_peak_bpm": {
        "mean": 120,
        "var": 0
    },
    "bpm_histogram_first_peak_spread": {
        "mean": 0.465909063816,
        "var": 0
    },
    "bpm_histogram_first_peak_weight": {
        "mean": 0.534090936184,
        "var": 0
    },
    "bpm_histogram_second_peak_bpm": {
        "mean": 0,
        "var": 0
    },
    "bpm_histogram_second_peak_spread": {
        "mean": 0,
        "var": 0
    },
    "bpm_histogram_second_peak_weight": {
        "mean": 0,
        "var": 0
    },
    "danceability": 1.91495215893,
    "onset_rate": 6.34405994415,
    "beats_loudness_band_ratio": {
        "mean": [0.597182869911, 0.0422536432743, 0.0313057750463, 0.0779071524739, 0.0996086373925, 0.171675622463],
        "var": [0.0995410457253, 0.00404144870117, 0.00425778562203, 0.0121536049992, 0.0106745138764, 0.0283353328705]
    },
    "beats_position": [0.452789098024, 0.940408170223, 1.43963718414, 1.93886613846, 2.43809509277, 2.93732428551, 3.43655323982, 3.94739222527, 4.446621418, 4.94585037231, 5.44507932663, 5.94430828094, 6.44353723526, 6.94276618958, 7.44199514389, 7.94122457504, 8.44045352936, 8.93968200684, 9.43891143799, 9.93814086914, 10.4373693466, 10.9365987778, 11.4474372864, 11.9582767487, 12.445895195, 12.9567346573, 13.4443531036, 13.9551925659, 14.4428119659, 14.9536504745, 15.4528799057, 15.9521083832, 16.4397277832, 16.9505672455, 17.4497947693, 17.9490242004, 18.4482536316, 18.9474830627, 19.4467124939, 19.9459400177, 20.45677948, 20.9676189423, 21.4552383423, 21.9660758972, 22.4536952972, 22.9645347595, 23.4521541595, 23.9629936218, 24.4506111145, 24.9614505768, 25.4606800079, 25.9599094391, 26.4475269318, 26.958366394, 27.4575958252, 27.9568252563, 28.4560546875, 28.9552822113, 29.4545116425, 29.9537410736, 30.4645805359, 30.9638080597, 31.4630374908, 31.9738769531, 32.4614944458, 32.960723877, 33.4599533081, 33.9707946777, 34.4700202942, 34.9692497253, 35.4684791565, 35.9677085876, 36.4669380188, 36.96616745, 37.4770050049, 37.9878463745, 38.4754638672, 38.9630813599, 39.4739227295, 39.9731521606, 40.4723815918, 40.9599990845, 41.4708366394, 41.981678009, 42.4692955017, 42.9801368713, 43.467754364, 43.9785919189, 44.4662132263]
},
"tonal": {
    "chords_changes_rate": 0.11213991791,
    "chords_number_rate": 0.00720164598897,
    "chords_strength": {
        "mean": 0.518279135227,
        "var": 0.00654408894479
    },
    "hpcp_entropy": {
        "mean": 2.7230193615,
        "var": 0.897235751152
    },
    "key_strength": 0.69007819891,
    "tuning_diatonic_strength": 0.489826053381,
    "tuning_equal_tempered_deviation": 0.17693503201,
    "tuning_frequency": 443.316436768,
    "tuning_nontempered_energy_ratio": 0.832710266113,
    "hpcp": {
        "mean": [0.131345704198, 0.118556119502, 0.116979986429, 0.115207128227, 0.116842254996, 0.129023209214, 0.139430046082, 0.165052697062, 0.26234164834, 0.268444001675, 0.157815098763, 0.117825239897, 0.115310803056, 0.112382568419, 0.124362714589, 0.12735620141, 0.109930969775, 0.109059929848, 0.100088909268, 0.0821174830198, 0.0909315049648, 0.108886770904, 0.198096141219, 0.37608397007, 0.345537036657, 0.155257180333, 0.087669081986, 0.0822858735919, 0.0859125703573, 0.105563901365, 0.116454906762, 0.0997276753187, 0.126827344298, 0.183972164989, 0.166227892041, 0.13530215621],
        "var": [0.0504529550672, 0.0428942590952, 0.0451574847102, 0.0428274832666, 0.0413671918213, 0.0518197081983, 0.0574530363083, 0.0566758960485, 0.0922700762749, 0.0994124412537, 0.0449038371444, 0.04541593045, 0.0411379598081, 0.0382506102324, 0.0481931865215, 0.0605169534683, 0.0389847941697, 0.0413452796638, 0.0388838797808, 0.0284902583808, 0.0366708151996, 0.0437228567898, 0.058562155813, 0.143394649029, 0.137756749988, 0.0502351224422, 0.0286929309368, 0.0277808606625, 0.0292281210423, 0.0391532555223, 0.0460974164307, 0.0318926870823, 0.0400805547833, 0.08756878227, 0.0651152431965, 0.0482644401491]
    },
    "chords_histogram": [74.6913604736, 0.102880656719, 2.26337456703, 0, 0.308641970158, 0, 0, 1.64609050751, 0, 0.411522626877, 5.14403295517, 0.308641970158, 3.80658435822, 0, 0, 0, 0.102880656719, 1.13168728352, 0, 0, 0, 0, 0, 10.0823049545],
    "thpcp": [1, 0.918776273727, 0.412825852633, 0.233110398054, 0.218796551228, 0.228439867496, 0.280692368746, 0.309651345015, 0.265173971653, 0.337231457233, 0.489178419113, 0.441996753216, 0.359765827656, 0.34924569726, 0.315238416195, 0.311047524214, 0.306333512068, 0.310681283474, 0.343070209026, 0.370741784573, 0.438871920109, 0.697561383247, 0.713787376881, 0.419627308846, 0.313295036554, 0.30660918355, 0.298823088408, 0.33067804575, 0.338637679815, 0.292304307222, 0.28998824954, 0.266134470701, 0.218348801136, 0.241785109043, 0.289527803659, 0.52673381567],
    "chords_key": "F",
    "chords_scale": "minor",
    "key_key": "F",
    "key_scale": "minor"
}
}