{
"lowlevel": {
    "average_loudness": 0.959303021431,
    "barkbands_crest": {
        "mean": 9.41744804382,
        "var": 18.5078220367
    },
    "barkbands_flatness_db": {
        "mean": 0.0897677764297,
        "var": 0.00162794394419
    },
    "barkbands_kurtosis": {
        "mean": 1.53303527832,
        "var": 23.5017166138
    },
    "barkbands_skewness": {
        "mean": 1.15527403355,
        "var": 0.855712175369
    },
    "barkbands_spread": {
        "mean": 32.1386528015,
        "var": 159.743026733
    },
    "dissonance": {
        "mean": 0.471436530352,
        "var": 0.000415064074332
    },
    "dynamic_complexity": 1.82715606689,
    "erbbands_crest": {
        "mean": 7.75271940231,
        "var": 12.2116308212
    },
    "erbbands_flatness_db": {
        "mean": 0.125686839223,
        "var": 0.00122507789638
    },
    "erbbands_kurtosis": {
        "mean": -0.297022044659,
        "var": 0.852116525173
    },
    "erbbands_skewness": {
        "mean": 0.192959710956,
        "var": 0.24216555059
    },
    "erbbands_spread": {
        "mean": 42.7656402588,
        "var": 197.718521118
    },
    "hfc": {
        "mean": 29.0675945282,
        "var": 392.44732666
    },
    "melbands_crest": {
        "mean": 14.087846756,
        "var": 30.7906894684
    },
    "melbands_flatness_db": {
        "mean": 0.152422919869,
        "var": 0.0028633477632
    },
    "melbands_kurtosis": {
        "mean": 8.86788368225,
        "var": 210.036270142
    },
    "melbands_skewness": {
        "mean": 2.30109906197,
        "var": 1.89418518543
    },
    "melbands_spread": {
        "mean": 32.2211608887,
        "var": 216.408111572
    },
    "pitch_salience": {
        "mean": 0.529272973537,
        "var": 0.0132426088676
    },
    "silence_rate_20dB": {
        "mean": 1,
        "var": 0
    },
    "silence_rate_30dB": {
        "mean": 1,
        "var": 0
    },
    "silence_rate_60dB": {
        "mean": 0.0123583935201,
        "var": 0.012205561623
    },
    "spectral_centroid": {
        "mean": 1846.41040039,
        "var": 296844.8125
    },
    "spectral_complexity": {
        "mean": 24.2167873383,
        "var": 79.8890914917
    },
    "spectral_decrease": {
        "mean": -6.94439439286e-009,
        "var": 2.78645748593e-017
    },
    "spectral_energy": {
        "mean": 0.0288463048637,
        "var": 0.000444409844931
    },
    "spectral_energyband_high": {
        "mean": 0.0016710649943,
        "var": 2.06147001336e-006
    },
    "spectral_energyband_low": {
        "mean": 0.0107032293454,
        "var": 0.000208306330023
    },
    "spectral_energyband_middle_high": {
        "mean": 0.00632194522768,
        "var": 2.10980961128e-005
    },
    "spectral_energyband_middle_low": {
        "mean": 0.0112963775173,
        "var": 0.000168450060301
    },
    "spectral_entropy": {
        "mean": 7.82155609131,
        "var": 0.090694501996
    },
    "spectral_flux": {
        "mean": 0.0921551287174,
        "var": 0.00242151808925
    },
    "spectral_kurtosis": {
        "mean": 3.50762462616,
        "var": 2.14982247353
    },
    "spectral_rms": {
        "mean": 0.00499417399988,
        "var": 3.20092817674e-006
    },
    "spectral_rolloff": {
        "mean": 2149.40820313,
        "var": 2095881.125
    },
    "spectral_skewness": {
        "mean": 1.38704383373,
        "var": 0.0729282125831
    },
    "spectral_spread": {
        "mean": 5269630.5,
        "var": 2.52695071949e+012
    },
    "spectral_strongpeak": {
        "mean": 0.864577591419,
        "var": 1.09270584583
    },
    "zerocrossingrate": {
        "mean": 0.0847112685442,
        "var": 0.00120393047109
    },
    "barkbands": {
        "mean": [0.000240673514782, 0.0075345383957, 0.00222210725769, 0.00116844265722, 0.0026256844867, 0.00200051488355, 0.0010696958052, 0.00155706016812, 0.00189918244723, 0.00133001070935, 0.000649293651804, 0.000813584541902, 0.000518689863384, 0.000768765865359, 0.00051279499894, 0.000522850896232, 0.000546766736079, 0.000471161998576, 0.000506917189341, 0.000461452233139, 0.000401942583267, 0.000259710039245, 0.000171145467903, 0.000189830141608, 0.000211802369449, 0.000171165956999, 2.05248743441e-005],
        "var": [2.23629655238e-007, 0.000134583475301, 1.94753538381e-005, 8.56231963553e-006, 5.73318648094e-005, 7.91765069152e-006, 3.0879264159e-006, 4.45694104201e-006, 9.49184868659e-006, 5.36283369001e-006, 1.78066557055e-006, 1.8782970983e-006, 7.56708686822e-007, 2.03348622563e-006, 3.42004113918e-007, 9.8605516996e-007, 6.53174367926e-007, 1.9601286283e-007, 1.64913274148e-007, 1.61369456464e-007, 9.78130572094e-008, 6.02072987022e-008, 3.58110767706e-008, 5.28653352205e-008, 9.38990041277e-008, 5.68273428314e-008, 1.5389297614e-009]
    },
    "erbbands": {
        "mean": [0.227801799774, 1.62896287441, 2.52825832367, 3.90845441818, 4.76564216614, 11.7275838852, 8.52475261688, 18.9767112732, 18.3937168121, 23.4640445709, 34.4352912903, 34.0924873352, 65.1686553955, 22.3959655762, 31.7329101563, 33.3109016418, 24.4479598999, 43.1365852356, 24.0583019257, 24.8444900513, 37.8711204529, 25.0013275146, 23.3270797729, 31.0483055115, 23.8512802124, 20.2138061523, 17.2654247284, 15.3373394012, 10.7402276993, 5.7613902092, 4.84285736084, 3.71445512772, 3.31573081017, 2.47223234177, 1.43862366676, 0.777563214302, 0.291608005762, 0.0715657919645, 0.00208824803121, 8.43017696752e-005],
        "var": [0.122283540666, 7.03687477112, 22.0160560608, 74.6758804321, 103.456474304, 1578.32702637, 308.92678833, 852.385314941, 696.667053223, 1063.93212891, 2493.94946289, 2293.90063477, 10184.6748047, 1783.30871582, 3823.01708984, 3387.36938477, 1214.10742188, 6338.36816406, 681.73059082, 971.860961914, 4044.78833008, 711.08404541, 425.497619629, 771.045898438, 391.255371094, 335.832763672, 213.617401123, 143.933914185, 94.2165679932, 34.7995681763, 28.2523021698, 19.3654632568, 18.9302825928, 12.6126880646, 4.29812717438, 1.27576637268, 0.160706266761, 0.0108847450465, 1.44792547871e-005, 7.91317322779e-009]
    },
    "gfcc": {
        "mean": [44.8606071472, 54.0344161987, -115.230941772, 26.6429615021, -56.6769561768, 10.6106357574, -32.0842590332, 18.0507507324, -24.0805206299, 13.4842538834, -19.6232318878, 5.66907739639, -14.2237329483],
        "cov": [[3622.16088867, -440.977966309, 526.30645752, 6.89991188049, 33.6543006897, 422.289001465, 3.91104912758, 235.411560059, -70.3667755127, -2.24310493469, -187.957351685, -10.7506122589, -64.0976028442], [-440.977966309, 907.046081543, 109.978393555, 186.648742676, 248.842254639, -3.88656282425, 142.679641724, -85.0889663696, 61.3945617676, -58.0745620728, 66.9884109497, -16.3807029724, 44.0089378357], [526.30645752, 109.978393555, 627.263671875, 120.384025574, 166.907791138, 204.2134552, 69.2487106323, 103.718353271, 13.2484874725, -18.1995067596, -32.8469810486, 14.9669113159, -1.08454966545], [6.89991188049, 186.648742676, 120.384025574, 300.530426025, 172.026367188, 51.8226051331, 81.190864563, 20.1223621368, 60.6543960571, 17.5293064117, 7.82543182373, -11.9992694855, 22.5505180359], [33.6543006897, 248.842254639, 166.907791138, 172.026367188, 275.903381348, 146.503738403, 131.795562744, 49.9701957703, 75.5222473145, -9.0011548996, -4.10109424591, -15.6128950119, 5.53893232346], [422.289001465, -3.88656282425, 204.2134552, 51.8226051331, 146.503738403, 256.56036377, 116.434242249, 106.880775452, 46.5438346863, 12.0003347397, -21.2380695343, -2.24180865288, -4.99257946014], [3.91104912758, 142.679641724, 69.2487106323, 81.190864563, 131.795562744, 116.434242249, 170.675918579, 77.0982818604, 76.62059021, 9.45024776459, 1.27711284161, -12.3881893158, 5.136698246], [235.411560059, -85.0889663696, 103.718353271, 20.1223621368, 49.9701957703, 106.880775452, 77.0982818604, 143.56199646, 71.3773269653, 32.0953178406, -19.6881866455, -7.69917201996, -12.7702226639], [-70.3667755127, 61.3945617676, 13.2484874725, 60.6543960571, 75.5222473145, 46.5438346863, 76.62059021, 71.3773269653, 119.601486206, 59.6337585449, 20.1284122467, -7.23560667038, 2.5756354332], [-2.24310493469, -58.0745620728, -18.1995067596, 17.5293064117, -9.0011548996, 12.0003347397, 9.45024776459, 32.0953178406, 59.6337585449, 119.377838135, 73.9036636353, 36.4396438599, 7.35489034653], [-187.957351685, 66.9884109497, -32.8469810486, 7.82543182373, -4.10109424591, -21.2380695343, 1.27711284161, -19.6881866455, 20.1284122467, 73.9036636353, 135.050262451, 86.6470489502, 35.0827674866], [-10.7506122589, -16.3807029724, 14.9669113159, -11.9992694855, -15.6128950119, -2.24180865288, -12.3881893158, -7.69917201996, -7.23560667038, 36.4396438599, 86.6470489502, 116.991424561, 59.7573776245], [-64.0976028442, 44.0089378357, -1.08454966545, 22.5505180359, 5.53893232346, -4.99257946014, 5.136698246, -12.7702226639, 2.5756354332, 7.35489034653, 35.0827674866, 59.7573776245, 82.1066589355]],
        "icov": [[0.000485550699523, -0.000170420724317, -3.88666740037e-005, -0.000233459330047, 0.000335384422215, -0.000881612766534, 0.000483677198645, -0.00061301572714, 0.000783320807386, -0.000743998563848, 0.00125178520102, -0.000834629929159, 0.000446818681667], [-0.000170420724317, 0.00313343503512, -0.000981294433586, 0.000303511507809, -0.00184692023322, 0.00169901165646, -0.00235018786043, 0.00324555905536, -0.00236171809956, 0.00341934268363, -0.00460772681981, 0.00345516437665, -0.00180723331869], [-3.88666740037e-005, -0.000981294433586, 0.00298535078764, -0.000885728746653, -0.000410255597671, -0.0017994196387, 0.00176752044354, -0.00259094266221, 0.00179079093505, -0.000505044823512, 0.00165689713322, -0.00218333583325, 0.00105317134876], [-0.000233459330047, 0.000303511507809, -0.000885728746653, 0.00633723009378, -0.00444577215239, 0.00254294974729, -0.00115782627836, 0.000866515387315, -9.7478441603e-005, -0.00190110772382, -0.000556185259484, 0.00269872276112, -0.00298853591084], [0.000335384422215, -0.00184692023322, -0.000410255597671, -0.00444577215239, 0.0129755949602, -0.00618129270151, -0.00120753445663, 0.00191976723727, -0.00468035321683, 0.00310004642233, 0.00119119381998, -0.00261419895105, 0.00285307667218], [-0.000881612766534, 0.00169901165646, -0.0017994196387, 0.00254294974729, -0.00618129270151, 0.0127325290814, -0.00566839706153, -0.00202158419415, 0.00237418618053, -0.00135261658579, -0.00143738521729, 0.00188690493815, -0.00180212408304], [0.000483677198645, -0.00235018786043, 0.00176752044354, -0.00115782627836, -0.00120753445663, -0.00566839706153, 0.0165481064469, -0.00674649933353, -0.00249949214049, 0.00167890859302, -0.00025886532967, 0.000146532373037, -0.000437176640844], [-0.00061301572714, 0.00324555905536, -0.00259094266221, 0.000866515387315, 0.00191976723727, -0.00202158419415, -0.00674649933353, 0.0223904289305, -0.0129762161523, 0.00195162487216, 0.00129631941672, -0.00159898470156, 0.00200377125293], [0.000783320807386, -0.00236171809956, 0.00179079093505, -9.7478441603e-005, -0.00468035321683, 0.00237418618053, -0.00249949214049, -0.0129762161523, 0.0282724965364, -0.0150577910244, 0.00417914893478, 0.0024757233914, -0.00259950384498], [-0.000743998563848, 0.00341934268363, -0.000505044823512, -0.00190110772382, 0.00310004642233, -0.00135261658579, 0.00167890859302, 0.00195162487216, -0.0150577910244, 0.0275121908635, -0.0189073979855, 0.00538758421317, 0.000174624758074], [0.00125178520102, -0.00460772681981, 0.00165689713322, -0.000556185259484, 0.00119119381998, -0.00143738521729, -0.00025886532967, 0.00129631941672, 0.00417914893478, -0.0189073979855, 0.0354377105832, -0.0249067097902, 0.00821944605559], [-0.000834629929159, 0.00345516437665, -0.00218333583325, 0.00269872276112, -0.00261419895105, 0.00188690493815, 0.000146532373037, -0.00159898470156, 0.0024757233914, 0.00538758421317, -0.0249067097902, 0.0358701609075, -0.0192647613585], [0.000446818681667, -0.00180723331869, 0.00105317134876, -0.00298853591084, 0.00285307667218, -0.00180212408304, -0.000437176640844, 0.00200377125293, -0.00259950384498, 0.000174624758074, 0.00821944605559, -0.0192647613585, 0.0249432325363]]
    },
    "melbands": {
        "mean": [0.00210503255948, 0.00167185079772, 0.000672783295158, 0.000602102431003, 0.000348617701093, 0.000418585550506, 0.000279955711449, 0.000271219818387, 0.000282858411083, 0.000242249312578, 0.000321568106301, 7.95780797489e-005, 8.79733488546e-005, 0.000109101158159, 5.89438022871e-005, 5.67495917494e-005, 8.46225593705e-005, 3.4716034861e-005, 4.18634299422e-005, 3.08822054649e-005, 4.79819791508e-005, 2.74470367003e-005, 2.06975673791e-005, 2.24076102313e-005, 2.58277141256e-005, 1.70014736796e-005, 1.59326937137e-005, 1.31226315716e-005, 1.1278250895e-005, 9.50260255195e-006, 8.89672719495e-006, 6.78859669279e-006, 3.62346690963e-006, 3.02719286083e-006, 2.93260291073e-006, 2.46279000748e-006, 2.14002238863e-006, 2.2091246592e-006, 2.47332445724e-006, 1.94402468878e-006],
        "var": [1.01340356196e-005, 7.11965230948e-006, 1.95232655642e-006, 3.45187345374e-006, 6.46968885576e-007, 3.82829767887e-007, 1.6136307579e-007, 1.44294915572e-007, 1.77772705001e-007, 1.35596920359e-007, 2.51246433436e-007, 2.96837043834e-008, 2.96638837938e-008, 3.08133287774e-008, 1.13160094628e-008, 1.23973800115e-008, 2.71696869447e-008, 2.16589768343e-009, 2.35220998235e-009, 2.95230528913e-009, 6.59133947423e-009, 1.47004375339e-009, 4.03187150333e-010, 4.89785156876e-010, 6.15398232373e-010, 2.50763437792e-010, 2.22141222084e-010, 1.68775771137e-010, 1.20701032502e-010, 6.82148712516e-011, 6.46997594389e-011, 4.52010269492e-011, 1.47783625615e-011, 1.09348320329e-011, 1.04486801156e-011, 9.13334598923e-012, 7.26105980897e-012, 9.45431753718e-012, 1.24213616823e-011, 8.38479979892e-012]
    },
    "mfcc": {
        "mean": [-602.653930664, 93.8248443604, -4.55479001999, 22.0804328918, -2.44862985611, -0.514640450478, 1.31807255745, 1.00821375847, 5.16362047195, 4.15512704849, 4.45087146759, 1.86686968803, -0.245048463345],
        "cov": [[2647.87817383, -279.339202881, 338.686798096, -163.862060547, 111.927108765, 95.3497467041, 121.62437439, 148.164077759, 129.95765686, 96.447052002, -17.9793052673, -34.3297805786, -87.1805496216], [-279.339202881, 679.491638184, 71.3168945313, 126.873565674, 111.38028717, 115.05506897, 83.8266830444, 67.1469421387, 7.10249376297, 1.14180636406, 14.8007335663, -22.9237327576, 26.3237037659], [338.686798096, 71.3168945313, 405.131744385, 23.3267326355, 134.090942383, 75.5285797119, 95.6154556274, 95.3569412231, 62.8870239258, 45.3919143677, 16.4344577789, -20.2439231873, -8.97903060913], [-163.862060547, 126.873565674, 23.3267326355, 279.796295166, 90.2295837402, 72.0998764038, 25.8182296753, 13.9485654831, 37.1151161194, 16.8891525269, 20.4154815674, 28.4444065094, 13.4430952072], [111.927108765, 111.38028717, 134.090942383, 90.2295837402, 193.081115723, 111.436599731, 78.7507705688, 83.4141235352, 65.6122589111, 44.7916755676, 23.2211532593, -2.19438886642, 7.10378360748], [95.3497467041, 115.05506897, 75.5285797119, 72.0998764038, 111.436599731, 162.097091675, 93.4090042114, 74.8038482666, 60.5993041992, 51.8822097778, 27.3943367004, 13.2257146835, 10.2893867493], [121.62437439, 83.8266830444, 95.6154556274, 25.8182296753, 78.7507705688, 93.4090042114, 121.423927307, 91.2539901733, 51.5130081177, 37.297000885, 17.9270877838, 2.73554039001, 5.38978433609], [148.164077759, 67.1469421387, 95.3569412231, 13.9485654831, 83.4141235352, 74.8038482666, 91.2539901733, 153.938995361, 97.3263778687, 71.0195388794, 14.0226173401, -6.6162648201, -4.96948719025], [129.95765686, 7.10249376297, 62.8870239258, 37.1151161194, 65.6122589111, 60.5993041992, 51.5130081177, 97.3263778687, 156.837249756, 107.760475159, 37.6678543091, -1.6445940733, -25.4536380768], [96.447052002, 1.14180636406, 45.3919143677, 16.8891525269, 44.7916755676, 51.8822097778, 37.297000885, 71.0195388794, 107.760475159, 150.870269775, 64.8632888794, 17.5508613586, -15.6383829117], [-17.9793052673, 14.8007335663, 16.4344577789, 20.4154815674, 23.2211532593, 27.3943367004, 17.9270877838, 14.0226173401, 37.6678543091, 64.8632888794, 96.2698669434, 47.8253517151, 13.4702177048], [-34.3297805786, -22.9237327576, -20.2439231873, 28.4444065094, -2.19438886642, 13.2257146835, 2.73554039001, -6.6162648201, -1.6445940733, 17.5508613586, 47.8253517151, 93.7437591553, 57.538192749], [-87.1805496216, 26.3237037659, -8.97903060913, 13.4430952072, 7.10378360748, 10.2893867493, 5.38978433609, -4.96948719025, -25.4536380768, -15.6383829117, 13.4702177048, 57.538192749, 109.058326721]],
        "icov": [[0.000514775805641, 0.000235451341723, -0.000349564710632, 0.000357915763743, -0.000133378780447, -0.000260926783085, -0.000145164784044, -5.35077961104e-005, -0.000126251426991, -7.3211354902e-005, 0.000400331628043, -0.00035200160346, 0.000416121649323], [0.000235451341723, 0.00211355835199, -8.73548051459e-005, -0.000656550342683, -0.000116905881441, -0.00100532837678, -0.000342254759744, -0.000843244371936, 0.000918275152799, 0.000260363362031, -0.000936374533921, 0.00176768924575, -0.000732550164685], [-0.000349564710632, -8.73548051459e-005, 0.0038260652218, 4.26535552833e-005, -0.00216146861203, 0.00115595967509, -0.00188004854135, -0.000234934850596, 0.00015718380746, -0.000123013742268, -0.000552236277144, 0.000947986787651, -0.000247558200499], [0.000357915763743, -0.000656550342683, 4.26535552833e-005, 0.00536602642387, -0.00236450904049, -0.00111971434671, 0.000525671173818, 0.00165207672399, -0.00190955598373, 0.000665015075356, 0.00114257622045, -0.00287284562364, 0.00111986103002], [-0.000133378780447, -0.000116905881441, -0.00216146861203, -0.00236450904049, 0.0120100555941, -0.00520978029817, 0.000799658999313, -0.00255027529784, -0.000611595576629, 0.000993937952444, -0.00190281204414, 0.00276321452111, -0.0016344464384], [-0.000260926783085, -0.00100532837678, 0.00115595967509, -0.00111971434671, -0.00520978029817, 0.0159663837403, -0.0091701829806, 0.00200908957049, -0.000856562459376, -0.00231979857199, 0.00107966258656, -0.00180731387809, -6.74123803037e-005], [-0.000145164784044, -0.000342254759744, -0.00188004854135, 0.000525671173818, 0.000799658999313, -0.0091701829806, 0.0231266114861, -0.0102177578956, 0.00154623598792, 0.00258907373063, -0.00255339290015, 8.83768007043e-005, -4.75648303109e-005], [-5.35077961104e-005, -0.000843244371936, -0.000234934850596, 0.00165207672399, -0.00255027529784, 0.00200908957049, -0.0102177578956, 0.019107889384, -0.00763931078836, -0.00296981958672, 0.00442364672199, -0.000605919456575, -0.00114552653395], [-0.000126251426991, 0.000918275152799, 0.00015718380746, -0.00190955598373, -0.000611595576629, -0.000856562459376, 0.00154623598792, -0.00763931078836, 0.0180857982486, -0.00858467351645, -0.000880208215676, 0.00150487339124, 0.0019267789321], [-7.3211354902e-005, 0.000260363362031, -0.000123013742268, 0.000665015075356, 0.000993937952444, -0.00231979857199, 0.00258907373063, -0.00296981958672, -0.00858467351645, 0.0178988892585, -0.00868574995548, -3.75972513211e-006, 0.00131515518297], [0.000400331628043, -0.000936374533921, -0.000552236277144, 0.00114257622045, -0.00190281204414, 0.00107966258656, -0.00255339290015, 0.00442364672199, -0.000880208215676, -0.00868574995548, 0.0220436882228, -0.0116354888305, 0.00267472839914], [-0.00035200160346, 0.00176768924575, 0.000947986787651, -0.00287284562364, 0.00276321452111, -0.00180731387809, 8.83768007043e-005, -0.000605919456575, 0.00150487339124, -3.75972513211e-006, -0.0116354888305, 0.0257065407932, -0.0120920436457], [0.000416121649323, -0.000732550164685, -0.000247558200499, 0.00111986103002, -0.0016344464384, -6.74123803037e-005, -4.75648303109e-005, -0.00114552653395, 0.0019267789321, 0.00131515518297, 0.00267472839914, -0.0120920436457, 0.0162709951401]]
    },
    "spectral_contrast_coeffs": {
        "mean": [-0.6713976264, -0.724539041519, -0.735469996929, -0.760031104088, -0.764279544353, -0.730027854443],
        "var": [0.00930698495358, 0.00542307132855, 0.00451905466616, 0.00276794424281, 0.0019917236641, 0.00244300905615]
    },
    "spectral_contrast_valleys": {
        "mean": [-7.36057806015, -6.54124450684, -7.14838123322, -7.50504970551, -7.13682413101, -9.71210861206],
        "var": [1.26327764988, 0.643882155418, 0.65890955925, 0.571308791637, 0.585907518864, 1.1141988039]
    }
},
"metadata": {
    "audio_properties": {
        "analysis_sample_rate": 44100,
        "bit_rate": 128074,
        "equal_loudness": 0,
        "length": 45.0612258911,
        "lossless": 0,
        "replay_gain": -4.81437110901,
        "sample_rate": 44100,
        "codec": "mp3",
        "downmix": "mix",
        "md5_encoded": "7217fa7a6deb788da178f1d36fb98740"
    },
    "tags": {
        "file_name": "1095.mp3"
    },
    "version": {
        "essentia": "2.1-beta2",
        "essentia_git_sha": "v2.1_beta2",
        "extractor": "music 1.0"
    }
},
"rhythm": {
    "beats_count": 82,
    "beats_loudness": {
        "mean": 0.0577932409942,
        "var": 0.000415169488406
    },
    "bpm": 109.992401123,
    "bpm_histogram_first_peak_bpm": {
        "mean": 110,
        "var": 0
    },
    "bpm_histogram_first_peak_spread": {
        "mean": 0.135802447796,
        "var": 0
    },
    "bpm_histogram_first_peak_weight": {
        "mean": 0.864197552204,
        "var": 0
    },
    "bpm_histogram_second_peak_bpm": {
        "mean": 0,
        "var": 0
    },
    "bpm_histogram_second_peak_spread": {
        "mean": 0,
        "var": 0
    },
    "bpm_histogram_second_peak_weight": {
        "mean": 0,
        "var": 0
    },
    "danceability": 1.21011865139,
    "onset_rate": 4.65822553635,
    "beats_loudness_band_ratio": {
        "mean": [0.481916427612, 0.212509199977, 0.144249022007, 0.0743056833744, 0.0497808754444, 0.0657897144556],
        "var": [0.126208543777, 0.0415434092283, 0.0122874090448, 0.00355300633237, 0.00244568916969, 0.00208338955417]
    },
    "beats_position": [0.545668900013, 1.09133780003, 1.63700675964, 2.18267560005, 2.73995471001, 3.27401351929, 3.8196823597, 4.3653512001, 4.91102027893, 5.45668935776, 6.00235795975, 6.54802703857, 7.0936961174, 7.63936471939, 8.18503379822, 8.73070240021, 9.27637195587, 9.82204055786, 10.3677091599, 10.9133787155, 11.4590473175, 12.0047159195, 12.5503854752, 13.0960540771, 13.6301136017, 14.1757822037, 14.7214508057, 15.2671203613, 15.8127889633, 16.3584575653, 16.904127121, 17.4497947693, 17.995464325, 18.5411338806, 19.0868015289, 19.6324710846, 20.1781406403, 20.7238082886, 21.2694778442, 21.8151473999, 22.3608150482, 22.9064846039, 23.4521541595, 23.9978218079, 24.5434913635, 25.0891609192, 25.6348285675, 26.1804981232, 26.7261676788, 27.2718353271, 27.8175048828, 28.3631744385, 28.9088420868, 29.4661216736, 30.0001811981, 30.5458488464, 31.0915184021, 31.6371879578, 32.1828575134, 32.7285270691, 33.2741928101, 33.8198623657, 34.3655319214, 34.9112014771, 35.4568710327, 36.0141487122, 36.5598182678, 37.1054878235, 37.6511573792, 38.1968231201, 38.730884552, 39.2765541077, 39.8222198486, 40.3678894043, 40.91355896, 41.4592285156, 42.0048980713, 42.5389556885, 43.0962333679, 43.6302947998, 44.1875724792, 44.7332420349]
},
"tonal": {
    "chords_changes_rate": 0.0617283955216,
    "chords_number_rate": 0.0102880662307,
    "chords_strength": {
        "mean": 0.477369189262,
        "var": 0.00804558303207
    },
    "hpcp_entropy": {
        "mean": 1.89027917385,
        "var": 0.461622059345
    },
    "key_strength": 0.618765234947,
    "tuning_diatonic_strength": 0.459854513407,
    "tuning_equal_tempered_deviation": 0.0138391172513,
    "tuning_frequency": 440.508636475,
    "tuning_nontempered_energy_ratio": 0.659608364105,
    "hpcp": {
        "mean": [0.0941034778953, 0.0959290936589, 0.16977968812, 0.244089573622, 0.171823695302, 0.0947615280747, 0.0837691798806, 0.0981247797608, 0.250373989344, 0.355733066797, 0.2229809165, 0.111155673862, 0.1034809798, 0.0818591341376, 0.125249668956, 0.182866841555, 0.122787028551, 0.114540040493, 0.160709351301, 0.106801524758, 0.0646688714623, 0.0622982867062, 0.0593990571797, 0.116898618639, 0.146100357175, 0.103357098997, 0.144605025649, 0.212252944708, 0.166731506586, 0.220958784223, 0.308717012405, 0.196787983179, 0.099626980722, 0.0959173962474, 0.0828107818961, 0.0833849161863],
        "var": [0.0312426947057, 0.030980207026, 0.054973397404, 0.102528505027, 0.0607443451881, 0.0361996106803, 0.0315679162741, 0.0322043783963, 0.0819349512458, 0.136265873909, 0.066511541605, 0.0313472151756, 0.0299577545375, 0.0184370558709, 0.029445130378, 0.0604432038963, 0.0274735223502, 0.0313403382897, 0.0637592598796, 0.028272818774, 0.0115533601493, 0.0140371071175, 0.0148139335215, 0.0450068302453, 0.0556350983679, 0.0281473733485, 0.0493101812899, 0.101422511041, 0.0556770786643, 0.0584086664021, 0.111201383173, 0.0544977150857, 0.0353114008904, 0.0408909060061, 0.030826754868, 0.0225858688354]
    },
    "chords_histogram": [51.6460914612, 8.53909492493, 9.87654304504, 0, 0.411522626877, 1.54320991039, 0, 1.44032919407, 0, 0.102880656719, 3.08641982079, 0.617283940315, 3.60082316399, 0, 0, 0, 0, 0, 2.98353910446, 13.6831274033, 0, 0, 0.205761313438, 2.26337456703],
    "thpcp": [1, 0.626820862293, 0.31246933341, 0.290895015001, 0.23011392355, 0.352088928223, 0.514056324959, 0.34516620636, 0.321983098984, 0.451769500971, 0.300229400396, 0.181790441275, 0.175126492977, 0.166976481676, 0.328613311052, 0.410702198744, 0.290546774864, 0.40649870038, 0.596663534641, 0.468698352575, 0.62113648653, 0.867833316326, 0.553189992905, 0.280061066151, 0.269633054733, 0.232789099216, 0.234403043985, 0.26453396678, 0.269665956497, 0.477267086506, 0.68615937233, 0.483013004065, 0.26638379693, 0.235483258963, 0.27583822608, 0.703825473785],
    "chords_key": "C",
    "chords_scale": "minor",
    "key_key": "C",
    "key_scale": "minor"
}
}