{
"lowlevel": {
    "average_loudness": 0.68851184845,
    "barkbands_crest": {
        "mean": 15.0471372604,
        "var": 24.6438388824
    },
    "barkbands_flatness_db": {
        "mean": 0.411025047302,
        "var": 0.0201283898205
    },
    "barkbands_kurtosis": {
        "mean": 26.1817836761,
        "var": 3425.23510742
    },
    "barkbands_skewness": {
        "mean": 2.43132209778,
        "var": 7.0252532959
    },
    "barkbands_spread": {
        "mean": 5.40776824951,
        "var": 127.110992432
    },
    "dissonance": {
        "mean": 0.301213592291,
        "var": 0.0110861826688
    },
    "dynamic_complexity": 3.49553012848,
    "erbbands_crest": {
        "mean": 15.7068433762,
        "var": 36.1553001404
    },
    "erbbands_flatness_db": {
        "mean": 0.31927639246,
        "var": 0.00970753841102
    },
    "erbbands_kurtosis": {
        "mean": 9.62725162506,
        "var": 209.710540771
    },
    "erbbands_skewness": {
        "mean": 0.949546277523,
        "var": 3.20468997955
    },
    "erbbands_spread": {
        "mean": 13.5320663452,
        "var": 409.40045166
    },
    "hfc": {
        "mean": 7.27420091629,
        "var": 299.648406982
    },
    "melbands_crest": {
        "mean": 23.9462985992,
        "var": 90.3766708374
    },
    "melbands_flatness_db": {
        "mean": 0.512673795223,
        "var": 0.0279227532446
    },
    "melbands_kurtosis": {
        "mean": 33.3450927734,
        "var": 4758.06542969
    },
    "melbands_skewness": {
        "mean": 3.15963149071,
        "var": 11.1608943939
    },
    "melbands_spread": {
        "mean": 6.5415763855,
        "var": 219.455963135
    },
    "pitch_salience": {
        "mean": 0.375706315041,
        "var": 0.034776519984
    },
    "silence_rate_20dB": {
        "mean": 1,
        "var": 0
    },
    "silence_rate_30dB": {
        "mean": 0.886714756489,
        "var": 0.100451231003
    },
    "silence_rate_60dB": {
        "mean": 0.170442849398,
        "var": 0.141393750906
    },
    "spectral_centroid": {
        "mean": 556.398864746,
        "var": 416825.875
    },
    "spectral_complexity": {
        "mean": 5.40010309219,
        "var": 36.8426971436
    },
    "spectral_decrease": {
        "mean": -9.65606439252e-009,
        "var": 2.03875179106e-016
    },
    "spectral_energy": {
        "mean": 0.0371039696038,
        "var": 0.00296894600615
    },
    "spectral_energyband_high": {
        "mean": 0.000228537930525,
        "var": 1.15024181468e-006
    },
    "spectral_energyband_low": {
        "mean": 0.0291206557304,
        "var": 0.00226814253256
    },
    "spectral_energyband_middle_high": {
        "mean": 0.000916058081202,
        "var": 2.04832031159e-005
    },
    "spectral_energyband_middle_low": {
        "mean": 0.00764586124569,
        "var": 0.000642259779852
    },
    "spectral_entropy": {
        "mean": 5.52917861938,
        "var": 1.29352831841
    },
    "spectral_flux": {
        "mean": 0.0637968182564,
        "var": 0.00735391583294
    },
    "spectral_kurtosis": {
        "mean": 49.8947868347,
        "var": 1424.7767334
    },
    "spectral_rms": {
        "mean": 0.00480175670236,
        "var": 1.31420911202e-005
    },
    "spectral_rolloff": {
        "mean": 559.542663574,
        "var": 1308706.5
    },
    "spectral_skewness": {
        "mean": 5.36363267899,
        "var": 6.67642784119
    },
    "spectral_spread": {
        "mean": 2606648.25,
        "var": 4.39325137306e+012
    },
    "spectral_strongpeak": {
        "mean": 0.52950501442,
        "var": 0.215959846973
    },
    "zerocrossingrate": {
        "mean": 0.0186540037394,
        "var": 0.000592271215282
    },
    "barkbands": {
        "mean": [0.00696440273896, 0.0185413490981, 0.00282079726458, 0.00231278501451, 0.00175849441439, 0.00167538679671, 0.00142125796992, 0.000185388955288, 0.000264880072791, 7.09715459379e-005, 0.000144944497151, 2.91866017506e-005, 3.18055717798e-005, 2.8039665267e-005, 5.70693628106e-005, 0.000152586813783, 0.000168448401382, 0.000132083107019, 8.28290649224e-005, 6.06149151281e-005, 4.25982907473e-005, 2.90377356578e-005, 6.53641618555e-005, 3.0090151995e-005, 2.03365325433e-005, 1.19919131976e-005, 1.24250277622e-006],
        "var": [0.000156855283421, 0.00121652998496, 0.000150400286657, 0.00029596342938, 4.39000250481e-005, 7.26615598978e-006, 6.91616969561e-006, 9.68702238424e-007, 1.45959472775e-006, 4.4625613782e-007, 6.459969768e-007, 1.90590476734e-008, 2.33057715349e-008, 2.84169274778e-008, 1.50104682461e-007, 1.26440500026e-006, 1.56072371738e-006, 7.94975676399e-007, 2.74181616078e-007, 8.81807480368e-008, 3.93377703745e-008, 1.77459629214e-008, 1.24983998262e-007, 2.53231000613e-008, 9.936528933e-009, 3.85807785719e-009, 5.731429914e-011]
    },
    "erbbands": {
        "mean": [1.10586714745, 1.93125963211, 3.16021251678, 6.13396406174, 5.73152637482, 7.13927507401, 9.12040805817, 14.7331190109, 13.2399663925, 20.3641204834, 4.84291744232, 5.13676261902, 4.3954744339, 4.68272209167, 3.14612579346, 1.23636853695, 1.42426133156, 1.43510842323, 2.10753750801, 4.80576848984, 9.4773683548, 9.42499160767, 7.29850435257, 5.37372541428, 3.84942793846, 2.82467412949, 1.93513858318, 1.45621585846, 1.04741370678, 1.95566296577, 1.39030766487, 0.873481869698, 0.377032667398, 0.243528544903, 0.133102834225, 0.0636331140995, 0.0195580497384, 0.00418729381636, 0.00014678464504, 4.40982548753e-005],
        "var": [4.06979417801, 21.923412323, 133.644073486, 1520.71936035, 1739.9173584, 292.572906494, 298.328277588, 511.213226318, 583.696655273, 1507.79284668, 671.143127441, 631.769714355, 931.083190918, 645.916564941, 305.694763184, 32.5337715149, 45.0223617554, 60.0417404175, 174.711105347, 1159.52563477, 4944.9453125, 4731.39355469, 2717.56884766, 1170.85644531, 479.190673828, 191.033187866, 80.1119995117, 44.5669822693, 25.8038234711, 111.632354736, 51.8103523254, 23.9954719543, 3.06169271469, 1.37364196777, 0.4479393363, 0.114681169391, 0.0100294174626, 0.0004934440949, 5.65361176541e-007, 4.09056122308e-009]
    },
    "gfcc": {
        "mean": [-216.337814331, 153.2681427, -36.5571594238, 5.07582044601, -70.1982727051, -17.5176715851, -26.1698188782, 6.22832965851, -4.39543914795, 6.54220914841, 5.43434524536, 8.85434055328, 1.39974677563],
        "cov": [[12345.3125, -3799.61181641, -2630.73901367, 2000.91772461, 534.385253906, 1411.11230469, -401.954345703, 441.676849365, -390.865509033, 250.093002319, -472.695617676, 156.067230225, -427.268737793], [-3799.61181641, 3209.99072266, 1581.6439209, -836.53503418, 225.400863647, -372.87286377, 612.682678223, -164.460876465, 293.8487854, -261.040802002, 183.945358276, -273.375396729, 188.634017944], [-2630.73901367, 1581.6439209, 2269.03881836, 343.179870605, 559.767089844, 1.91726374626, 555.856567383, 101.236679077, 434.522094727, -7.28198242188, 174.526763916, -123.887573242, 224.450195313], [2000.91772461, -836.53503418, 343.179870605, 1376.11413574, 636.555541992, 309.718353271, -55.7761116028, 213.052337646, 108.555465698, 60.0711212158, -81.9726791382, 4.23997163773, 7.72897863388], [534.385253906, 225.400863647, 559.767089844, 636.555541992, 740.498168945, 302.963409424, 309.600158691, 165.600067139, 267.211975098, 77.2353057861, 118.496871948, -33.461479187, 99.6125030518], [1411.11230469, -372.87286377, 1.91726374626, 309.718353271, 302.963409424, 486.316375732, 250.918319702, 185.069610596, 156.707946777, 177.875793457, 79.660774231, 58.0597190857, 8.37774562836], [-401.954345703, 612.682678223, 555.856567383, -55.7761116028, 309.600158691, 250.918319702, 539.903869629, 244.27255249, 348.748748779, 149.261108398, 244.183410645, 33.4641685486, 101.099563599], [441.676849365, -164.460876465, 101.236679077, 213.052337646, 165.600067139, 185.069610596, 244.27255249, 304.47833252, 235.57749939, 160.212646484, 157.569259644, 99.916885376, 32.4131813049], [-390.865509033, 293.8487854, 434.522094727, 108.555465698, 267.211975098, 156.707946777, 348.748748779, 235.57749939, 365.933776855, 178.509048462, 235.376556396, 62.3291702271, 115.337272644], [250.093002319, -261.040802002, -7.28198242188, 60.0711212158, 77.2353057861, 177.875793457, 149.261108398, 160.212646484, 178.509048462, 208.962646484, 145.824569702, 96.1436004639, 41.6629257202], [-472.695617676, 183.945358276, 174.526763916, -81.9726791382, 118.496871948, 79.660774231, 244.183410645, 157.569259644, 235.376556396, 145.824569702, 236.178771973, 92.2998886108, 83.9010467529], [156.067230225, -273.375396729, -123.887573242, 4.23997163773, -33.461479187, 58.0597190857, 33.4641685486, 99.916885376, 62.3291702271, 96.1436004639, 92.2998886108, 111.476036072, 29.2210559845], [-427.268737793, 188.634017944, 224.450195313, 7.72897863388, 99.6125030518, 8.37774562836, 101.099563599, 32.4131813049, 115.337272644, 41.6629257202, 83.9010467529, 29.2210559845, 121.527206421]],
        "icov": [[0.000404392107157, -0.000159101502504, 0.000546654860955, -0.000625112385023, 0.000194883279619, -0.00101992045529, -0.000111351655505, -0.000376201118343, 0.000385866791476, -3.30878028763e-005, 0.000540177163202, -1.99897767743e-005, 7.94098523329e-005], [-0.000159101502504, 0.00220859074034, -0.000803515606094, 0.00144393625669, -0.000677674019244, 0.00154363212641, -0.00185309466906, 0.000929786881898, -0.00150199467316, 0.00289376522414, -0.0010590456659, 0.00271695572883, -0.000341380713508], [0.000546654860955, -0.000803515606094, 0.00221894914284, -0.00246979831718, 0.00116738805082, -0.000416241789935, -0.00256707123481, 0.00138913968112, -0.00010527404811, -0.000818025902845, 0.00142089789733, -0.000378685101168, -0.000444652716396], [-0.000625112385023, 0.00144393625669, -0.00246979831718, 0.00674668792635, -0.00529187871143, 0.000308125076117, 0.00601427676156, -0.00453465245664, -0.0027872545179, 0.00210479856469, 0.00277031236328, -0.000731379841454, 0.000402829173254], [0.000194883279619, -0.000677674019244, 0.00116738805082, -0.00529187871143, 0.00820801220834, -0.00250463932753, -0.0034712033812, 0.00253075687215, 0.00106711010449, 0.00137617171276, -0.00657934509218, 0.00654050940648, -0.00293983076699], [-0.00101992045529, 0.00154363212641, -0.000416241789935, 0.000308125076117, -0.00250463932753, 0.0120787704363, -0.00934354402125, 0.00551992375404, -0.000416695023887, -0.00553500838578, 0.00504755740985, -0.00416916655377, 0.00209903717041], [-0.000111351655505, -0.00185309466906, -0.00256707123481, 0.00601427676156, -0.0034712033812, -0.00934354402125, 0.0223016235977, -0.0132784638554, -0.00173529260792, 0.0028108949773, -0.00563347386196, 0.00512209581211, -0.00133751006797], [-0.000376201118343, 0.000929786881898, 0.00138913968112, -0.00453465245664, 0.00253075687215, 0.00551992375404, -0.0132784638554, 0.0222564823925, -0.0105622205883, 0.000348614965333, 0.00467912992463, -0.0138186458498, 0.00760929239914], [0.000385866791476, -0.00150199467316, -0.00010527404811, -0.0027872545179, 0.00106711010449, -0.000416695023887, -0.00173529260792, -0.0105622205883, 0.0277862269431, -0.011137877591, -0.0135435685515, 0.0139554487541, -0.009083324112], [-3.30878028763e-005, 0.00289376522414, -0.000818025902845, 0.00210479856469, 0.00137617171276, -0.00553500838578, 0.0028108949773, 0.000348614965333, -0.011137877591, 0.0242348834872, -0.00664155045524, -0.00106386782136, 0.000694345275406], [0.000540177163202, -0.0010590456659, 0.00142089789733, 0.00277031236328, -0.00657934509218, 0.00504755740985, -0.00563347386196, 0.00467912992463, -0.0135435685515, -0.00664155045524, 0.0367247015238, -0.0275690704584, 0.00563129642978], [-1.99897767743e-005, 0.00271695572883, -0.000378685101168, -0.000731379841454, 0.00654050940648, -0.00416916655377, 0.00512209581211, -0.0138186458498, 0.0139554487541, -0.00106386782136, -0.0275690704584, 0.0501494854689, -0.0150956567377], [7.94098523329e-005, -0.000341380713508, -0.000444652716396, 0.000402829173254, -0.00293983076699, 0.00209903717041, -0.00133751006797, 0.00760929239914, -0.009083324112, 0.000694345275406, 0.00563129642978, -0.0150956567377, 0.0193060468882]]
    },
    "melbands": {
        "mean": [0.0074365963228, 0.00184128899127, 0.00106140540447, 0.000435317808297, 0.000315828569001, 0.000314206816256, 0.000248432945227, 0.000185997661902, 3.35863333021e-005, 3.49729089066e-005, 2.1122452381e-005, 1.74582928594e-005, 1.51457988977e-005, 3.67838651982e-006, 2.5078948056e-006, 3.45593434758e-006, 2.45846308644e-006, 3.00123633679e-006, 4.69669748782e-006, 8.71510474099e-006, 1.1655731214e-005, 1.03450392999e-005, 7.2974557952e-006, 6.03713442615e-006, 4.17907858719e-006, 2.94489086627e-006, 2.43059707827e-006, 1.74804347353e-006, 1.1706499663e-006, 1.27388693727e-006, 6.74285217883e-007, 5.76975139666e-007, 5.87943134178e-007, 1.46273112023e-006, 8.44834119107e-007, 6.74779812471e-007, 4.73349274444e-007, 2.46156105277e-007, 2.36561177758e-007, 1.97805107405e-007],
        "var": [0.00017793821462, 2.79005198536e-005, 4.67101599497e-005, 3.77770334126e-006, 2.87444635205e-007, 2.35790892589e-007, 1.97856167006e-007, 1.33140360958e-007, 4.59855939994e-008, 2.80991621082e-008, 2.32297452385e-008, 9.06539110446e-009, 7.73029906753e-009, 2.86639406655e-010, 1.45409823071e-010, 2.71306033195e-010, 2.00971975173e-010, 3.73267028397e-010, 1.04720065952e-009, 4.23020507512e-009, 7.89916487776e-009, 6.01506400244e-009, 2.9139071156e-009, 1.64865043839e-009, 7.38466732209e-010, 3.38927358401e-010, 1.60830973539e-010, 7.33967261968e-011, 2.98459590375e-011, 4.54229640012e-011, 8.6687523479e-012, 9.95526751313e-012, 7.59913139359e-012, 7.29806146071e-011, 2.00624412916e-011, 1.68766910169e-011, 7.07928941163e-012, 1.28748433356e-012, 1.28896459478e-012, 9.39395154546e-013]
    },
    "mfcc": {
        "mean": [-879.986633301, 180.643005371, 75.36769104, 26.5750541687, -7.26908493042, -13.8971948624, -11.2631502151, -2.74785780907, -4.50826358795, -0.194755226374, 1.53750157356, 6.41322517395, 11.0123825073],
        "cov": [[12757.3466797, -3758.23730469, -3113.78222656, 396.938232422, 619.196899414, 773.390014648, 291.216491699, 357.896362305, 2.34312105179, 181.023544312, -73.8700637817, -21.4169807434, -104.724838257], [-3758.23730469, 2926.96508789, 1320.8807373, -154.982559204, -135.642700195, -55.6006546021, 183.864089966, 87.9654846191, 205.540664673, 40.0712127686, 105.012107849, 30.4974250793, 2.01055169106], [-3113.78222656, 1320.8807373, 1563.96533203, 360.596801758, 151.137023926, 92.8405151367, 148.66557312, 109.703582764, 187.403274536, 110.207679749, 99.4861755371, 39.2429695129, 22.4730472565], [396.938232422, -154.982559204, 360.596801758, 832.635864258, 589.585205078, 298.299407959, 155.086776733, 169.717712402, 146.093826294, 130.584823608, 75.026260376, 30.2074756622, -37.6426391602], [619.196899414, -135.642700195, 151.137023926, 589.585205078, 556.838134766, 342.216125488, 180.564651489, 147.499481201, 137.096160889, 123.406051636, 79.9528579712, 45.7559890747, -11.9414300919], [773.390014648, -55.6006546021, 92.8405151367, 298.299407959, 342.216125488, 371.084594727, 221.374465942, 152.976272583, 153.381149292, 151.855056763, 90.7566757202, 82.2920379639, 51.5825195313], [291.216491699, 183.864089966, 148.66557312, 155.086776733, 180.564651489, 221.374465942, 225.84375, 183.73500061, 160.314666748, 143.510879517, 124.267349243, 101.036804199, 75.1223297119], [357.896362305, 87.9654846191, 109.703582764, 169.717712402, 147.499481201, 152.976272583, 183.73500061, 219.714630127, 169.937240601, 156.706466675, 139.361236572, 118.769248962, 87.53881073], [2.34312105179, 205.540664673, 187.403274536, 146.093826294, 137.096160889, 153.381149292, 160.314666748, 169.937240601, 201.107070923, 169.455886841, 133.775360107, 126.155052185, 111.602600098], [181.023544312, 40.0712127686, 110.207679749, 130.584823608, 123.406051636, 151.855056763, 143.510879517, 156.706466675, 169.455886841, 184.654312134, 144.521820068, 139.102539063, 126.215515137], [-73.8700637817, 105.012107849, 99.4861755371, 75.026260376, 79.9528579712, 90.7566757202, 124.267349243, 139.361236572, 133.775360107, 144.521820068, 171.172958374, 149.527801514, 126.260398865], [-21.4169807434, 30.4974250793, 39.2429695129, 30.2074756622, 45.7559890747, 82.2920379639, 101.036804199, 118.769248962, 126.155052185, 139.102539063, 149.527801514, 172.699356079, 162.061416626], [-104.724838257, 2.01055169106, 22.4730472565, -37.6426391602, -11.9414300919, 51.5825195313, 75.1223297119, 87.53881073, 111.602600098, 126.215515137, 126.260398865, 162.061416626, 194.724075317]],
        "icov": [[0.000400510121835, 0.000135180525831, 0.000805015210062, -0.000425178586738, 0.000692834728397, -0.00110485800542, 0.000112466252176, -0.00108848675154, 0.000222956543439, -0.000404096790589, 0.000411313696532, 0.000476264685858, 0.000291080999887], [0.000135180525831, 0.000959934317507, -0.000450029416243, 0.000620658800472, -0.000181206341949, 0.000553893914912, -0.00150663754903, 0.000663499464281, -0.00198504491709, 0.00127391866408, -0.000142890479765, -0.00054572155932, 0.0012186387321], [0.000805015210062, -0.000450029416243, 0.00322149368003, -0.00271789892577, 0.00300273881294, -0.00271549890749, -1.9097878976e-006, -0.00118536595255, 2.23726274271e-005, -0.000997359165922, -0.000116843068099, 0.00247731385753, -0.000374871306121], [-0.000425178586738, 0.000620658800472, -0.00271789892577, 0.00899031385779, -0.01057321392, 0.00437464565039, 0.0022617590148, -0.0028386162594, 0.000567394134123, -0.0024902028963, 0.00232119206339, -0.00171018252149, 0.00161998183466], [0.000692834728397, -0.000181206341949, 0.00300273881294, -0.01057321392, 0.0183780379593, -0.0123365717009, 0.00168580422178, 0.000811493955553, -0.00340430997312, 0.00626944564283, -0.00642881076783, 0.00248432788067, 0.0013521121582], [-0.00110485800542, 0.000553893914912, -0.00271549890749, 0.00437464565039, -0.0123365717009, 0.0235561057925, -0.0198143105954, 0.0115073146299, 0.00129554630257, -0.0112110376358, 0.0114804897457, -0.00882088113576, 0.00245503149927], [0.000112466252176, -0.00150663754903, -1.9097878976e-006, 0.0022617590148, 0.00168580422178, -0.0198143105954, 0.0402743928134, -0.0231108181179, -0.00189944310114, 0.0087878704071, -0.0129477735609, 0.0114282835275, -0.00500552728772], [-0.00108848675154, 0.000663499464281, -0.00118536595255, -0.0028386162594, 0.000811493955553, 0.0115073146299, -0.0231108181179, 0.034170191735, -0.01110997051, -0.00369462301023, -0.00216266140342, -0.00882684066892, 0.00706262886524], [0.000222956543439, -0.00198504491709, 2.23726274271e-005, 0.000567394134123, -0.00340430997312, 0.00129554630257, -0.00189944310114, -0.01110997051, 0.0379993952811, -0.0261995568871, 0.00872527994215, -0.000813731923699, -0.00435418030247], [-0.000404096790589, 0.00127391866408, -0.000997359165922, -0.0024902028963, 0.00626944564283, -0.0112110376358, 0.0087878704071, -0.00369462301023, -0.0261995568871, 0.0514716804028, -0.0202881600708, 0.00283624161966, -0.00652424246073], [0.000411313696532, -0.000142890479765, -0.000116843068099, 0.00232119206339, -0.00642881076783, 0.0114804897457, -0.0129477735609, -0.00216266140342, 0.00872527994215, -0.0202881600708, 0.046494115144, -0.0350335910916, 0.0103763760999], [0.000476264685858, -0.00054572155932, 0.00247731385753, -0.00171018252149, 0.00248432788067, -0.00882088113576, 0.0114282835275, -0.00882684066892, -0.000813731923699, 0.00283624161966, -0.0350335910916, 0.0713956356049, -0.0363823473454], [0.000291080999887, 0.0012186387321, -0.000374871306121, 0.00161998183466, 0.0013521121582, 0.00245503149927, -0.00500552728772, 0.00706262886524, -0.00435418030247, -0.00652424246073, 0.0103763760999, -0.0363823473454, 0.034100394696]]
    },
    "spectral_contrast_coeffs": {
        "mean": [-0.608309388161, -0.589748203754, -0.757581055164, -0.872143208981, -0.876892387867, -0.835594236851],
        "var": [0.0124647477642, 0.00985523685813, 0.00643893703818, 0.00212846556678, 0.00161362311337, 0.00112070189789]
    },
    "spectral_contrast_valleys": {
        "mean": [-8.74169063568, -8.28069114685, -9.60612201691, -10.4419393539, -10.3506660461, -12.6339550018],
        "var": [2.12403392792, 1.28859770298, 1.56210553646, 2.18018221855, 2.58006858826, 2.40054988861]
    }
},
"metadata": {
    "audio_properties": {
        "analysis_sample_rate": 44100,
        "bit_rate": 128074,
        "equal_loudness": 0,
        "length": 45.0612258911,
        "lossless": 0,
        "replay_gain": -5.8729095459,
        "sample_rate": 44100,
        "codec": "mp3",
        "downmix": "mix",
        "md5_encoded": "7e065fc34eaa6f7d3fb0bdb2b25488f3"
    },
    "tags": {
        "file_name": "1096.mp3"
    },
    "version": {
        "essentia": "2.1-beta2",
        "essentia_git_sha": "v2.1_beta2",
        "extractor": "music 1.0"
    }
},
"rhythm": {
    "beats_count": 66,
    "beats_loudness": {
        "mean": 0.0451494343579,
        "var": 0.00273216329515
    },
    "bpm": 89.4903259277,
    "bpm_histogram_first_peak_bpm": {
        "mean": 91,
        "var": 0
    },
    "bpm_histogram_first_peak_spread": {
        "mean": 0.423076927662,
        "var": 0
    },
    "bpm_histogram_first_peak_weight": {
        "mean": 0.461538463831,
        "var": 0
    },
    "bpm_histogram_second_peak_bpm": {
        "mean": 86,
        "var": 0
    },
    "bpm_histogram_second_peak_spread": {
        "mean": 0.230769217014,
        "var": 0
    },
    "bpm_histogram_second_peak_weight": {
        "mean": 0.153846159577,
        "var": 0
    },
    "danceability": 1.13580214977,
    "onset_rate": 4.43640565872,
    "beats_loudness_band_ratio": {
        "mean": [0.560965657234, 0.229816049337, 0.114558883011, 0.0108380289748, 0.047369979322, 0.0416505374014],
        "var": [0.165363997221, 0.0645707696676, 0.0223436839879, 0.000398120493628, 0.0145955812186, 0.00864518340677]
    },
    "beats_position": [0.650158703327, 1.3235373497, 1.99691605568, 2.68190479279, 3.39011335373, 4.1099319458, 4.82975053787, 5.50312900543, 6.17650794983, 6.84988641739, 7.52326536179, 8.17342376709, 8.83519268036, 9.49696159363, 10.1703395844, 10.8321084976, 11.4938774109, 12.1672563553, 12.8290243149, 13.4907932281, 14.1525621414, 14.8143310547, 15.4760990143, 16.1378688812, 16.7996368408, 17.4614048004, 18.1231746674, 18.784942627, 19.4467124939, 20.1084804535, 20.7818584442, 21.4552383423, 22.1170063019, 22.7903842926, 23.4869842529, 24.1835823059, 24.89179039, 25.5883903503, 26.2849884033, 26.958366394, 27.6317462921, 28.3051242828, 28.9668922424, 29.6286621094, 30.3020401001, 30.9638080597, 31.6255779266, 32.2873458862, 32.9491157532, 33.6108856201, 34.2726516724, 34.9460296631, 35.60779953, 36.2811775208, 36.9429473877, 37.6395454407, 38.3361434937, 39.0327415466, 39.7293434143, 40.4491615295, 41.1225395203, 41.795917511, 42.4576873779, 43.1194534302, 43.7928352356, 44.4662132263]
},
"tonal": {
    "chords_changes_rate": 0.0596707835793,
    "chords_number_rate": 0.00617283955216,
    "chords_strength": {
        "mean": 0.40719768405,
        "var": 0.0111970305443
    },
    "hpcp_entropy": {
        "mean": 1.53233933449,
        "var": 0.696947038174
    },
    "key_strength": 0.48317283392,
    "tuning_diatonic_strength": 0.4068569839,
    "tuning_equal_tempered_deviation": 0.177616268396,
    "tuning_frequency": 434.193115234,
    "tuning_nontempered_energy_ratio": 0.903985619545,
    "hpcp": {
        "mean": [0.0396515987813, 0.0415480993688, 0.043440118432, 0.194757223129, 0.239658892155, 0.0988632589579, 0.178792268038, 0.207617178559, 0.0607339888811, 0.0109171075746, 0.0125680398196, 0.0124896569178, 0.025304576382, 0.0394008681178, 0.0432477034628, 0.0465616993606, 0.0357213951647, 0.0287237539887, 0.0998168438673, 0.118433669209, 0.0423821359873, 0.0122451493517, 0.0118879470974, 0.213645532727, 0.484081685543, 0.314402461052, 0.0599983148277, 0.120236873627, 0.127537816763, 0.0523130558431, 0.0782515779138, 0.0666078925133, 0.0301237031817, 0.103222481906, 0.132615149021, 0.0638275519013],
        "var": [0.0120358578861, 0.0143340490758, 0.00848350860178, 0.0666681751609, 0.0997289791703, 0.0180273875594, 0.0907910168171, 0.129754632711, 0.0120149208233, 0.00391556555405, 0.00557215092704, 0.00396457780153, 0.0116807119921, 0.0181080307811, 0.0124799758196, 0.0138680096716, 0.0100374436006, 0.00795837771147, 0.0379326790571, 0.0562273599207, 0.0106423366815, 0.0059780147858, 0.00552896596491, 0.0561414398253, 0.206881567836, 0.0937973633409, 0.0125632891431, 0.0671982318163, 0.0740839466453, 0.00873372051865, 0.0573082230985, 0.0407668091357, 0.00824290141463, 0.0589086487889, 0.0812534615397, 0.0294900909066]
    },
    "chords_histogram": [24.0740737915, 10.9053497314, 0, 0.617283940315, 0, 0, 0, 29.2181072235, 0, 0, 0, 0, 0, 0, 13.7860078812, 0, 0, 0, 0.925925910473, 0, 2.16049385071, 0, 17.6954727173, 0.617283940315],
    "thpcp": [1, 0.649482250214, 0.123942539096, 0.248381376266, 0.263463407755, 0.10806658864, 0.161649525166, 0.137596383691, 0.0622285529971, 0.213233605027, 0.273952007294, 0.131852850318, 0.0819109678268, 0.085828691721, 0.089737161994, 0.402323067188, 0.49507945776, 0.204228460789, 0.369343191385, 0.428888738155, 0.125462278724, 0.0225522015244, 0.0259626433253, 0.0258007217199, 0.0522733591497, 0.0813930183649, 0.0893396809697, 0.0961856245995, 0.0737920850515, 0.0593365840614, 0.206198349595, 0.24465636909, 0.0875516235828, 0.0252956263721, 0.024557730183, 0.441341906786],
    "chords_key": "A#",
    "chords_scale": "major",
    "key_key": "A#",
    "key_scale": "minor"
}
}