{
"lowlevel": {
    "average_loudness": 0.918279886246,
    "barkbands_crest": {
        "mean": 13.3698005676,
        "var": 31.5631275177
    },
    "barkbands_flatness_db": {
        "mean": 0.175267338753,
        "var": 0.00397736066952
    },
    "barkbands_kurtosis": {
        "mean": 6.20071792603,
        "var": 43.3845291138
    },
    "barkbands_skewness": {
        "mean": 1.73876786232,
        "var": 0.858644843102
    },
    "barkbands_spread": {
        "mean": 11.4090776443,
        "var": 74.9862365723
    },
    "dissonance": {
        "mean": 0.426619827747,
        "var": 0.00252755638212
    },
    "dynamic_complexity": 2.70083260536,
    "erbbands_crest": {
        "mean": 12.7496900558,
        "var": 40.6945343018
    },
    "erbbands_flatness_db": {
        "mean": 0.206872791052,
        "var": 0.00392557494342
    },
    "erbbands_kurtosis": {
        "mean": 2.77806949615,
        "var": 17.2708377838
    },
    "erbbands_skewness": {
        "mean": 1.14255559444,
        "var": 0.690719425678
    },
    "erbbands_spread": {
        "mean": 20.6830883026,
        "var": 125.575668335
    },
    "hfc": {
        "mean": 20.6861572266,
        "var": 146.785842896
    },
    "melbands_crest": {
        "mean": 17.1140193939,
        "var": 49.7101593018
    },
    "melbands_flatness_db": {
        "mean": 0.237376943231,
        "var": 0.00497040944174
    },
    "melbands_kurtosis": {
        "mean": 9.31533527374,
        "var": 70.8705749512
    },
    "melbands_skewness": {
        "mean": 1.97184145451,
        "var": 1.06403958797
    },
    "melbands_spread": {
        "mean": 13.6169815063,
        "var": 153.739547729
    },
    "pitch_salience": {
        "mean": 0.50469827652,
        "var": 0.0266581792384
    },
    "silence_rate_20dB": {
        "mean": 1,
        "var": 0
    },
    "silence_rate_30dB": {
        "mean": 0.989186406136,
        "var": 0.0106965787709
    },
    "silence_rate_60dB": {
        "mean": 0.0458290427923,
        "var": 0.043727144599
    },
    "spectral_centroid": {
        "mean": 896.678710938,
        "var": 154099
    },
    "spectral_complexity": {
        "mean": 17.5030899048,
        "var": 50.6814460754
    },
    "spectral_decrease": {
        "mean": -1.03565058751e-008,
        "var": 4.80451910759e-017
    },
    "spectral_energy": {
        "mean": 0.0409641452134,
        "var": 0.000728133891243
    },
    "spectral_energyband_high": {
        "mean": 0.000249125441769,
        "var": 1.02166609395e-007
    },
    "spectral_energyband_low": {
        "mean": 0.0130348689854,
        "var": 0.000458251102827
    },
    "spectral_energyband_middle_high": {
        "mean": 0.00548172136769,
        "var": 2.03236431844e-005
    },
    "spectral_energyband_middle_low": {
        "mean": 0.0229373052716,
        "var": 0.000220272500883
    },
    "spectral_entropy": {
        "mean": 7.03608083725,
        "var": 0.332911074162
    },
    "spectral_flux": {
        "mean": 0.0726901516318,
        "var": 0.00249634357169
    },
    "spectral_kurtosis": {
        "mean": 8.53057098389,
        "var": 56.1051864624
    },
    "spectral_rms": {
        "mean": 0.0058859968558,
        "var": 5.32006197318e-006
    },
    "spectral_rolloff": {
        "mean": 955.156066895,
        "var": 1064120.375
    },
    "spectral_skewness": {
        "mean": 2.19412708282,
        "var": 0.575179874897
    },
    "spectral_spread": {
        "mean": 3606312,
        "var": 2.44050087117e+012
    },
    "spectral_strongpeak": {
        "mean": 1.68186903,
        "var": 1.97833156586
    },
    "zerocrossingrate": {
        "mean": 0.0378966107965,
        "var": 0.00103305652738
    },
    "barkbands": {
        "mean": [0.000488593941554, 0.0115140257403, 0.000739506212994, 0.000725477701053, 0.0021964344196, 0.00326087325811, 0.00625811750069, 0.00631030043587, 0.00312509876676, 0.00192137155682, 0.00101699971128, 0.000769106321968, 0.000749983359128, 0.000460357754491, 0.000355619791662, 0.000281984568574, 0.000182005911483, 0.000197607281734, 0.000124079015222, 8.41735454742e-005, 6.0881171521e-005, 5.02182956552e-005, 3.9296450268e-005, 2.8409069273e-005, 1.59078190336e-005, 7.12830751581e-006, 6.18105616468e-007],
        "var": [1.41373004681e-006, 0.000396343879402, 4.38551342086e-006, 1.91766048374e-006, 4.65229823021e-006, 2.49431759585e-005, 9.05989436433e-005, 9.69294051174e-005, 3.26258996211e-005, 1.20309277918e-005, 1.52872587478e-006, 1.14408339869e-006, 9.403664194e-007, 3.70479995127e-007, 1.39059380899e-007, 1.22218054344e-007, 5.65619444615e-008, 6.83716265826e-008, 2.96288522605e-008, 1.07241797664e-008, 5.06636821385e-009, 4.75506967135e-009, 3.85834386663e-009, 2.81452550155e-009, 1.43712797218e-009, 3.91976090475e-010, 3.89663301625e-012]
    },
    "erbbands": {
        "mean": [0.412006825209, 2.21305274963, 1.48098111153, 1.70106196404, 4.36866235733, 7.48468065262, 13.4573659897, 30.0309562683, 75.8996658325, 126.732162476, 115.852851868, 89.6175384521, 69.6272735596, 38.570022583, 41.2238006592, 36.7059707642, 37.706237793, 27.4456920624, 19.8358287811, 16.3491249084, 13.3989620209, 9.80679512024, 9.86881732941, 8.68579673767, 5.30191087723, 4.02655315399, 2.80640268326, 2.22981452942, 1.84495449066, 1.47639274597, 1.08050620556, 0.7037987113, 0.406908005476, 0.210788652301, 0.0957737639546, 0.0368493162096, 0.0118819922209, 0.00230723503046, 8.82567546796e-005, 4.84709344164e-005],
        "var": [0.564127027988, 17.6441574097, 10.214017868, 15.1497430801, 22.4198913574, 70.6756896973, 306.521972656, 2093.4140625, 12886.5205078, 29951.8203125, 41411.8046875, 23924.203125, 18447.890625, 2264.65063477, 2811.63012695, 2400.43212891, 2237.16113281, 1005.43450928, 442.297088623, 288.338348389, 213.212493896, 124.576820374, 178.97996521, 176.891525269, 30.7881393433, 24.9489250183, 10.1420307159, 7.07747220993, 5.98736715317, 4.67358446121, 3.15464377403, 1.6169244051, 0.628134429455, 0.223641499877, 0.0545623339713, 0.00899096671492, 0.00121755548753, 4.41088159278e-005, 5.75218841448e-008, 9.94205273663e-010]
    },
    "gfcc": {
        "mean": [-13.4459505081, 112.306129456, -132.408905029, 0.212782457471, -74.6014251709, 1.50387692451, -37.7157440186, 3.33937764168, -18.6173591614, 3.4534406662, -11.875878334, -2.17598795891, -13.1611938477],
        "cov": [[6057.37304688, 452.626800537, -108.785507202, 702.90838623, 293.198364258, 481.418670654, 218.587646484, 366.364715576, 252.971313477, 158.340667725, 136.78302002, 110.041122437, 119.810768127], [452.626800537, 928.145019531, 81.0975418091, -71.798286438, 163.485031128, -8.37450885773, 188.956085205, 7.90110683441, 178.145858765, 32.4253311157, 180.45072937, -12.5216197968, 86.5024337769], [-108.785507202, 81.0975418091, 569.14050293, 239.374099731, 249.553939819, 258.663696289, 145.94152832, 160.48576355, 129.919784546, 129.4400177, 51.4361152649, 114.527297974, 82.3078079224], [702.90838623, -71.798286438, 239.374099731, 539.01763916, 309.717346191, 288.501281738, 130.25668335, 187.107849121, 106.79083252, 92.506729126, 44.5088119507, 123.895301819, 85.5828094482], [293.198364258, 163.485031128, 249.553939819, 309.717346191, 340.43170166, 250.875350952, 170.088546753, 157.833724976, 165.865020752, 111.428611755, 79.3957138062, 95.0122375488, 98.157661438], [481.418670654, -8.37450885773, 258.663696289, 288.501281738, 250.875350952, 283.30581665, 135.598556519, 167.619476318, 118.399108887, 99.2658081055, 28.6727981567, 86.5886154175, 69.9627380371], [218.587646484, 188.956085205, 145.94152832, 130.25668335, 170.088546753, 135.598556519, 165.079833984, 114.472808838, 117.806228638, 59.5439758301, 68.2917098999, 39.7409553528, 56.4990501404], [366.364715576, 7.90110683441, 160.48576355, 187.107849121, 157.833724976, 167.619476318, 114.472808838, 162.030410767, 110.300086975, 65.2531051636, 28.4220962524, 51.884929657, 46.1560821533], [252.971313477, 178.145858765, 129.919784546, 106.79083252, 165.865020752, 118.399108887, 117.806228638, 110.300086975, 163.689163208, 92.960144043, 73.3461990356, 34.9842414856, 54.689540863], [158.340667725, 32.4253311157, 129.4400177, 92.506729126, 111.428611755, 99.2658081055, 59.5439758301, 65.2531051636, 92.960144043, 105.139030457, 58.68491745, 47.1873512268, 33.1272583008], [136.78302002, 180.45072937, 51.4361152649, 44.5088119507, 79.3957138062, 28.6727981567, 68.2917098999, 28.4220962524, 73.3461990356, 58.68491745, 109.701705933, 45.7445678711, 38.5661735535], [110.041122437, -12.5216197968, 114.527297974, 123.895301819, 95.0122375488, 86.5886154175, 39.7409553528, 51.884929657, 34.9842414856, 47.1873512268, 45.7445678711, 91.8765029907, 52.5092163086], [119.810768127, 86.5024337769, 82.3078079224, 85.5828094482, 98.157661438, 69.9627380371, 56.4990501404, 46.1560821533, 54.689540863, 33.1272583008, 38.5661735535, 52.5092163086, 80.5566864014]],
        "icov": [[0.000467690057121, -0.00100760057103, 0.000947658962104, -0.000856373109855, 0.00181527016684, -0.0018148397794, 0.000925082131289, -0.00128031929489, 0.000430155516369, -0.00120017747395, 0.000374879891751, -0.000298139260849, -6.64882600176e-006], [-0.00100760057103, 0.0060864072293, -0.0031294929795, 0.0026382599026, -0.00532671064138, 0.00386577448808, -0.00408078776672, 0.00658375350758, -0.00520929088816, 0.00845305901021, -0.00689632724971, 0.00450863130391, -0.00199624220841], [0.000947658962104, -0.0031294929795, 0.00580077013001, -0.0013156683417, 0.00351073755883, -0.0050625638105, 0.000846440787427, -0.00382526987232, 0.00284535554238, -0.00668248021975, 0.00422000186518, -0.00423251371831, 0.000693896901794], [-0.000856373109855, 0.0026382599026, -0.0013156683417, 0.00796018913388, -0.00877308472991, 0.0012063421309, 0.000473416963359, -0.00164071319159, 0.00238635158166, 0.00383873376995, -0.00326793128625, -0.000434938585386, 0.000227711585467], [0.00181527016684, -0.00532671064138, 0.00351073755883, -0.00877308472991, 0.0267310626805, -0.0156043805182, -0.00121392332949, 0.00249882950447, -0.00816041324288, -0.00423973007128, 0.00367816979997, -0.00441952049732, -0.00244278740138], [-0.0018148397794, 0.00386577448808, -0.0050625638105, 0.0012063421309, -0.0156043805182, 0.0306835416704, -0.00890635605901, -0.00445140711963, 0.00494891731068, -0.00618120515719, 0.00860435236245, -0.00200876663439, -2.62664943875e-005], [0.000925082131289, -0.00408078776672, 0.000846440787427, 0.000473416963359, -0.00121392332949, -0.00890635605901, 0.0289131682366, -0.0151025531814, 0.000844309630338, 0.0040511158295, -0.0105569083244, 0.00637611560524, -0.00211388012394], [-0.00128031929489, 0.00658375350758, -0.00382526987232, -0.00164071319159, 0.00249882950447, -0.00445140711963, -0.0151025531814, 0.0382152162492, -0.02352065593, 0.0135155003518, 0.00144482927863, -0.00409859744832, 0.00239353557117], [0.000430155516369, -0.00520929088816, 0.00284535554238, 0.00238635158166, -0.00816041324288, 0.00494891731068, 0.000844309630338, -0.02352065593, 0.0420203618705, -0.0260271988809, -0.000152406195411, 0.00952992495149, -0.00592199619859], [-0.00120017747395, 0.00845305901021, -0.00668248021975, 0.00383873376995, -0.00423973007128, -0.00618120515719, 0.0040511158295, 0.0135155003518, -0.0260271988809, 0.0465029217303, -0.0213704723865, 0.00134450965561, 0.00330777536146], [0.000374879891751, -0.00689632724971, 0.00422000186518, -0.00326793128625, 0.00367816979997, 0.00860435236245, -0.0105569083244, 0.00144482927863, -0.000152406195411, -0.0213704723865, 0.039570029825, -0.0218136757612, 0.00479602441192], [-0.000298139260849, 0.00450863130391, -0.00423251371831, -0.000434938585386, -0.00441952049732, -0.00200876663439, 0.00637611560524, -0.00409859744832, 0.00952992495149, 0.00134450965561, -0.0218136757612, 0.0402281358838, -0.0174066331238], [-6.64882600176e-006, -0.00199624220841, 0.000693896901794, 0.000227711585467, -0.00244278740138, -2.62664943875e-005, -0.00211388012394, 0.00239353557117, -0.00592199619859, 0.00330777536146, 0.00479602441192, -0.0174066331238, 0.0284369345754]]
    },
    "melbands": {
        "mean": [0.0034458595328, 0.00154719385318, 0.000367628468666, 0.000418730691308, 0.000453495798865, 0.000671147543471, 0.00125441490673, 0.00142150791362, 0.00084333011182, 0.000520597270224, 0.000327836285578, 0.000151234693476, 0.000132879707962, 0.000110982226033, 6.69132423354e-005, 7.79802940087e-005, 5.04242379975e-005, 3.0587623769e-005, 2.52832451224e-005, 2.37303902395e-005, 1.40146057674e-005, 1.03589027276e-005, 1.01832911241e-005, 7.18466799299e-006, 7.20164780432e-006, 4.22384073318e-006, 3.01510476675e-006, 2.69720385404e-006, 1.82066673915e-006, 1.52226448336e-006, 1.18165849017e-006, 1.04422497316e-006, 9.58174382504e-007, 7.63718674079e-007, 6.41556994196e-007, 5.08400717081e-007, 4.04218866379e-007, 3.04423537045e-007, 2.17067864128e-007, 1.63799384723e-007],
        "var": [3.52436036337e-005, 9.34486706683e-006, 4.35471946503e-007, 1.65067845614e-007, 3.11470188308e-007, 1.18939829008e-006, 3.59085743185e-006, 3.76528623747e-006, 2.19357275455e-006, 8.80387176494e-007, 4.51065091056e-007, 4.32923563665e-008, 2.82914012217e-008, 1.82678707716e-008, 4.9654040879e-009, 1.41391778286e-008, 4.57356064132e-009, 1.33752620091e-009, 8.46479553118e-010, 1.08236664076e-009, 2.91322937995e-010, 1.63324492819e-010, 2.37513730905e-010, 7.61445143049e-011, 1.4756540434e-010, 2.36377254575e-011, 1.25258909148e-011, 1.3567376389e-011, 4.81910908748e-012, 3.29962641411e-012, 2.30663383359e-012, 2.04758736008e-012, 1.99571414082e-012, 1.33247243534e-012, 1.16011464758e-012, 7.98316436828e-013, 5.70028453693e-013, 3.3772924778e-013, 2.2187002127e-013, 1.5257406612e-013]
    },
    "mfcc": {
        "mean": [-654.38873291, 148.058898926, -10.0982036591, 0.734437823296, -16.8878631592, -6.30393886566, -11.5611600876, -4.60914468765, -7.22836494446, 0.328195750713, -0.442743420601, 2.56528782845, 0.642835617065],
        "cov": [[5966.30712891, 23.2376079559, -126.107368469, 371.053619385, 305.800231934, 278.824584961, 187.623657227, 312.365020752, 208.239227295, 250.665863037, 190.477615356, 98.6813812256, 50.9250488281], [23.2376079559, 928.659729004, 41.741104126, -19.4720783234, -30.8724918365, 12.5530309677, 35.3547286987, 9.27804374695, 19.2163562775, 41.8925056458, 78.1212615967, 91.400177002, 87.9678726196], [-126.107368469, 41.741104126, 364.64630127, 121.622833252, 177.323318481, 147.44291687, 110.274688721, 103.766151428, 118.754478455, 84.3343353271, 77.5853424072, 42.2498207092, 45.3388519287], [371.053619385, -19.4720783234, 121.622833252, 250.165878296, 207.332977295, 162.619796753, 113.358146667, 129.854141235, 108.136665344, 87.9055862427, 69.2814483643, 52.0171051025, 42.3393859863], [305.800231934, -30.8724918365, 177.323318481, 207.332977295, 286.943206787, 210.232528687, 122.401802063, 147.136154175, 148.073776245, 124.686096191, 98.2745895386, 46.0945663452, 36.6581993103], [278.824584961, 12.5530309677, 147.44291687, 162.619796753, 210.232528687, 202.56892395, 118.088890076, 113.318634033, 117.116775513, 93.7962036133, 86.3781661987, 48.187297821, 42.673500061], [187.623657227, 35.3547286987, 110.274688721, 113.358146667, 122.401802063, 118.088890076, 122.798156738, 105.149581909, 84.1789627075, 62.0745315552, 48.7350616455, 46.6328811646, 40.4073448181], [312.365020752, 9.27804374695, 103.766151428, 129.854141235, 147.136154175, 113.318634033, 105.149581909, 157.174697876, 120.641288757, 88.5815048218, 62.0706291199, 42.1271209717, 23.2902069092], [208.239227295, 19.2163562775, 118.754478455, 108.136665344, 148.073776245, 117.116775513, 84.1789627075, 120.641288757, 153.135437012, 112.019378662, 77.4797592163, 32.3971405029, 13.8473520279], [250.665863037, 41.8925056458, 84.3343353271, 87.9055862427, 124.686096191, 93.7962036133, 62.0745315552, 88.5815048218, 112.019378662, 139.702941895, 85.8844299316, 27.1784248352, 15.8589582443], [190.477615356, 78.1212615967, 77.5853424072, 69.2814483643, 98.2745895386, 86.3781661987, 48.7350616455, 62.0706291199, 77.4797592163, 85.8844299316, 116.231948853, 52.2764778137, 31.7177143097], [98.6813812256, 91.400177002, 42.2498207092, 52.0171051025, 46.0945663452, 48.187297821, 46.6328811646, 42.1271209717, 32.3971405029, 27.1784248352, 52.2764778137, 101.790870667, 64.9264831543], [50.9250488281, 87.9678726196, 45.3388519287, 42.3393859863, 36.6581993103, 42.673500061, 40.4073448181, 23.2902069092, 13.8473520279, 15.8589582443, 31.7177143097, 64.9264831543, 101.431945801]],
        "icov": [[0.000219399691559, 3.02983767142e-006, 0.000279476691503, -0.000210643294849, 0.000215442545596, -0.000343003863236, 0.00015838771651, -0.000512614671607, 0.000264982430963, -0.000277193961665, -0.000131418870296, 4.28213425039e-005, -7.87748285802e-006], [3.02983767142e-006, 0.00132963620126, -9.80772747425e-005, 0.000215916428715, 0.000849757576361, -0.000123455785797, -0.000423283083364, 0.000159938601428, -2.98930922327e-006, -0.000418811512645, -0.000762558542192, -0.000524213246536, -0.000684330007061], [0.000279476691503, -9.80772747425e-005, 0.00490272510797, 0.000373079994461, -0.00192392535973, -3.54250892087e-006, -0.00258450489491, 0.000780924689025, -0.00196347339079, 0.000867814873345, -0.00105342548341, 0.00086277059745, -0.000945844803937], [-0.000210643294849, 0.000215916428715, 0.000373079994461, 0.0119599318132, -0.00645747222006, -0.00114008539822, -0.00214274111204, -0.0027605460491, 0.00174411316402, 6.91535969963e-005, 0.00108944741078, -0.0013958113268, -0.000635782722384], [0.000215442545596, 0.000849757576361, -0.00192392535973, -0.00645747222006, 0.0239443574101, -0.0176108088344, 0.00755821587518, -0.00618758704513, -0.00042786335689, -0.00445587327704, 0.000382129655918, 0.0008828874561, -5.403623436e-005], [-0.000343003863236, -0.000123455785797, -3.54250892087e-006, -0.00114008539822, -0.0176108088344, 0.032468881458, -0.0166903287172, 0.00953250844032, -0.0052447784692, 0.00456973584369, -0.00637907395139, 0.00187663338147, -0.00128344446421], [0.00015838771651, -0.000423283083364, -0.00258450489491, -0.00214274111204, 0.00755821587518, -0.0166903287172, 0.0341362804174, -0.0164782851934, 0.00275942799635, -0.00216405908577, 0.00553552573547, -0.00325782783329, -0.00287173176184], [-0.000512614671607, 0.000159938601428, 0.000780924689025, -0.0027605460491, -0.00618758704513, 0.00953250844032, -0.0164782851934, 0.0294242296368, -0.0142960008234, 0.0016190239694, -0.000114037895401, -0.00196556793526, 0.00194827094674], [0.000264982430963, -2.98930922327e-006, -0.00196347339079, 0.00174411316402, -0.00042786335689, -0.0052447784692, 0.00275942799635, -0.0142960008234, 0.0300004016608, -0.012477485463, -0.000662280945107, -0.000934775685892, 0.00322433537804], [-0.000277193961665, -0.000418811512645, 0.000867814873345, 6.91535969963e-005, -0.00445587327704, 0.00456973584369, -0.00216405908577, 0.0016190239694, -0.012477485463, 0.0236183162779, -0.0100928023458, 0.0039902147837, -0.00112364196684], [-0.000131418870296, -0.000762558542192, -0.00105342548341, 0.00108944741078, 0.000382129655918, -0.00637907395139, 0.00553552573547, -0.000114037895401, -0.000662280945107, -0.0100928023458, 0.0229863114655, -0.00851139333099, 0.00103883200791], [4.28213425039e-005, -0.000524213246536, 0.00086277059745, -0.0013958113268, 0.0008828874561, 0.00187663338147, -0.00325782783329, -0.00196556793526, -0.000934775685892, 0.0039902147837, -0.00851139333099, 0.0220340173692, -0.0106680458412], [-7.87748285802e-006, -0.000684330007061, -0.000945844803937, -0.000635782722384, -5.403623436e-005, -0.00128344446421, -0.00287173176184, 0.00194827094674, 0.00322433537804, -0.00112364196684, 0.00103883200791, -0.0106680458412, 0.0186398513615]]
    },
    "spectral_contrast_coeffs": {
        "mean": [-0.599092721939, -0.655040502548, -0.703862249851, -0.729597449303, -0.756526231766, -0.760253548622],
        "var": [0.0118306353688, 0.00765553629026, 0.00544079579413, 0.00407582102343, 0.00349678331986, 0.00165417115204]
    },
    "spectral_contrast_valleys": {
        "mean": [-8.07082653046, -6.40893363953, -7.19881629944, -8.03373527527, -8.33909320831, -10.797244072],
        "var": [2.46157479286, 1.0061621666, 1.02635526657, 0.870196640491, 0.77806019783, 0.819340229034]
    }
},
"metadata": {
    "audio_properties": {
        "analysis_sample_rate": 44100,
        "bit_rate": 128074,
        "equal_loudness": 0,
        "length": 45.0612258911,
        "lossless": 0,
        "replay_gain": -5.63254547119,
        "sample_rate": 44100,
        "codec": "mp3",
        "downmix": "mix",
        "md5_encoded": "2d58bbb13f763fc6039a47118f7fc932"
    },
    "tags": {
        "file_name": "1097.mp3"
    },
    "version": {
        "essentia": "2.1-beta2",
        "essentia_git_sha": "v2.1_beta2",
        "extractor": "music 1.0"
    }
},
"rhythm": {
    "beats_count": 77,
    "beats_loudness": {
        "mean": 0.0571874901652,
        "var": 0.000874338904396
    },
    "bpm": 103.118339539,
    "bpm_histogram_first_peak_bpm": {
        "mean": 103,
        "var": 0
    },
    "bpm_histogram_first_peak_spread": {
        "mean": 0.173333331943,
        "var": 0
    },
    "bpm_histogram_first_peak_weight": {
        "mean": 0.815789461136,
        "var": 0
    },
    "bpm_histogram_second_peak_bpm": {
        "mean": 112,
        "var": 0
    },
    "bpm_histogram_second_peak_spread": {
        "mean": 0,
        "var": 0
    },
    "bpm_histogram_second_peak_weight": {
        "mean": 0.0131578948349,
        "var": 0
    },
    "danceability": 1.00179362297,
    "onset_rate": 4.50295162201,
    "beats_loudness_band_ratio": {
        "mean": [0.289612174034, 0.146697372198, 0.428609371185, 0.120195053518, 0.0338041633368, 0.0163341276348],
        "var": [0.0777938142419, 0.0175535753369, 0.0626304075122, 0.00412787124515, 0.000658225326333, 0.000812562240753]
    },
    "beats_position": [0.49922901392, 1.03328800201, 1.60217678547, 2.18267560005, 2.76317453384, 3.35528349876, 3.94739222527, 4.52789115906, 5.10838985443, 5.6888885498, 6.26938772202, 6.84988641739, 7.4303855896, 8.01088428497, 8.59138298035, 9.17188167572, 9.75238037109, 10.3328800201, 10.9133787155, 11.4938774109, 12.0859861374, 12.6780948639, 13.2585935593, 13.8390922546, 14.4195919037, 15.0000905991, 15.5805892944, 16.1610889435, 16.7415866852, 17.3220863342, 17.9025840759, 18.483083725, 19.0635814667, 19.6440811157, 20.2245807648, 20.8050785065, 21.3855781555, 21.9776859283, 22.5581855774, 23.1386852264, 23.7307929993, 24.3112926483, 24.89179039, 25.4722900391, 26.0527877808, 26.6332874298, 27.2137870789, 27.7942848206, 28.3747844696, 28.9668922424, 29.5473918915, 30.1278915405, 30.7199993134, 31.3004989624, 31.8809967041, 32.4614944458, 33.0419960022, 33.6224937439, 34.2029914856, 34.783493042, 35.3639907837, 35.9444885254, 36.5249862671, 37.1054878235, 37.6859855652, 38.2664833069, 38.8469848633, 39.427482605, 40.0195922852, 40.6116981506, 41.192199707, 41.761089325, 42.3531951904, 42.9336967468, 43.5141944885, 44.0946922302, 44.6751937866]
},
"tonal": {
    "chords_changes_rate": 0.0771604925394,
    "chords_number_rate": 0.0113168722019,
    "chords_strength": {
        "mean": 0.443735957146,
        "var": 0.00497760390863
    },
    "hpcp_entropy": {
        "mean": 1.70971739292,
        "var": 0.365165621042
    },
    "key_strength": 0.677364110947,
    "tuning_diatonic_strength": 0.490673363209,
    "tuning_equal_tempered_deviation": 0.0961918160319,
    "tuning_frequency": 434.193115234,
    "tuning_nontempered_energy_ratio": 0.644055902958,
    "hpcp": {
        "mean": [0.169493734837, 0.133983299136, 0.131677821279, 0.228921443224, 0.153503105044, 0.0673264563084, 0.0915182605386, 0.0683652386069, 0.127980947495, 0.276710659266, 0.193447172642, 0.0503697805107, 0.0405116155744, 0.0284686964005, 0.115390188992, 0.291759908199, 0.220014631748, 0.062821380794, 0.0612430050969, 0.0438033677638, 0.0751363039017, 0.165461048484, 0.145625263453, 0.142505273223, 0.205066502094, 0.116781443357, 0.0253680571914, 0.0277892872691, 0.0268814228475, 0.115402281284, 0.2788156569, 0.221910282969, 0.0798938646913, 0.0548792481422, 0.0320383235812, 0.0763471722603],
        "var": [0.0858900025487, 0.0510616339743, 0.0457022935152, 0.121498212218, 0.0602942593396, 0.0123571408913, 0.030035994947, 0.019424598664, 0.0324077308178, 0.132163882256, 0.0649190470576, 0.0136711113155, 0.0110791018233, 0.00547698745504, 0.0222830977291, 0.1453332901, 0.0874955877662, 0.0181743241847, 0.034224729985, 0.0161212868989, 0.0188263170421, 0.103957928717, 0.080287002027, 0.0429313257337, 0.0886333137751, 0.032485011965, 0.00312471948564, 0.00644266512245, 0.00425134506077, 0.0226960293949, 0.125557124615, 0.0810744687915, 0.0287360027432, 0.018924580887, 0.00896665547043, 0.0205197781324]
    },
    "chords_histogram": [9.25925922394, 9.05349826813, 19.4444446564, 0, 2.57201647758, 0, 0.720164597034, 1.85185182095, 0, 0, 0, 0, 0, 0, 0, 0.308641970158, 0, 4.52674913406, 0.102880656719, 3.90946507454, 3.80658435822, 22.4279842377, 16.7695465088, 5.24691343307],
    "thpcp": [1, 0.754094779491, 0.215318754315, 0.209908917546, 0.150134980679, 0.257527858019, 0.567113697529, 0.499127060175, 0.488433361053, 0.702860474586, 0.400265574455, 0.086948402226, 0.095247104764, 0.0921354219317, 0.395538508892, 0.955633878708, 0.760592103004, 0.27383428812, 0.188097283244, 0.109810575843, 0.26167806983, 0.580935657024, 0.459224492311, 0.45132252574, 0.78462266922, 0.526128172874, 0.23075979948, 0.31367662549, 0.234320193529, 0.438651591539, 0.948419094086, 0.663035511971, 0.172641202807, 0.138852581382, 0.0975757688284, 0.395497083664],
    "chords_key": "G",
    "chords_scale": "minor",
    "key_key": "F",
    "key_scale": "major"
}
}