{
"lowlevel": {
    "average_loudness": 0.963623344898,
    "barkbands_crest": {
        "mean": 10.8398733139,
        "var": 20.4495334625
    },
    "barkbands_flatness_db": {
        "mean": 0.168816164136,
        "var": 0.00651155365631
    },
    "barkbands_kurtosis": {
        "mean": 5.28537082672,
        "var": 210.244094849
    },
    "barkbands_skewness": {
        "mean": 1.33225798607,
        "var": 3.00709986687
    },
    "barkbands_spread": {
        "mean": 23.0488529205,
        "var": 344.12399292
    },
    "dissonance": {
        "mean": 0.439181029797,
        "var": 0.00473959604278
    },
    "dynamic_complexity": 2.27016091347,
    "erbbands_crest": {
        "mean": 11.7257699966,
        "var": 28.4366817474
    },
    "erbbands_flatness_db": {
        "mean": 0.181067958474,
        "var": 0.00501282513142
    },
    "erbbands_kurtosis": {
        "mean": 2.66262030602,
        "var": 26.1291027069
    },
    "erbbands_skewness": {
        "mean": 0.24208471179,
        "var": 1.39226353168
    },
    "erbbands_spread": {
        "mean": 33.5390052795,
        "var": 588.375
    },
    "hfc": {
        "mean": 30.7358722687,
        "var": 714.949584961
    },
    "melbands_crest": {
        "mean": 14.8414497375,
        "var": 35.1213912964
    },
    "melbands_flatness_db": {
        "mean": 0.239629358053,
        "var": 0.0109537411481
    },
    "melbands_kurtosis": {
        "mean": 20.0681400299,
        "var": 15983.9472656
    },
    "melbands_skewness": {
        "mean": 2.58207440376,
        "var": 9.20332336426
    },
    "melbands_spread": {
        "mean": 27.9066753387,
        "var": 1040.08874512
    },
    "pitch_salience": {
        "mean": 0.49440780282,
        "var": 0.0226190425456
    },
    "silence_rate_20dB": {
        "mean": 1,
        "var": 0
    },
    "silence_rate_30dB": {
        "mean": 0.918125629425,
        "var": 0.07517182827
    },
    "silence_rate_60dB": {
        "mean": 0.0463439747691,
        "var": 0.0441968664527
    },
    "spectral_centroid": {
        "mean": 1392.34619141,
        "var": 1048098.875
    },
    "spectral_complexity": {
        "mean": 16.8784751892,
        "var": 115.543716431
    },
    "spectral_decrease": {
        "mean": -1.25960601949e-008,
        "var": 1.14926211142e-016
    },
    "spectral_energy": {
        "mean": 0.050328373909,
        "var": 0.00166868406814
    },
    "spectral_energyband_high": {
        "mean": 0.00174351979513,
        "var": 8.82244330569e-006
    },
    "spectral_energyband_low": {
        "mean": 0.0290882773697,
        "var": 0.00152587727644
    },
    "spectral_energyband_middle_high": {
        "mean": 0.00758597347885,
        "var": 4.311520388e-005
    },
    "spectral_energyband_middle_low": {
        "mean": 0.0130633981898,
        "var": 0.000129509688122
    },
    "spectral_entropy": {
        "mean": 7.39966869354,
        "var": 0.578975379467
    },
    "spectral_flux": {
        "mean": 0.101846426725,
        "var": 0.00491618318483
    },
    "spectral_kurtosis": {
        "mean": 7.15459728241,
        "var": 192.035491943
    },
    "spectral_rms": {
        "mean": 0.00647810893133,
        "var": 7.13489180271e-006
    },
    "spectral_rolloff": {
        "mean": 1781.80212402,
        "var": 4975893.5
    },
    "spectral_skewness": {
        "mean": 1.79116213322,
        "var": 1.4848562479
    },
    "spectral_spread": {
        "mean": 5064589.5,
        "var": 6.33542698598e+012
    },
    "spectral_strongpeak": {
        "mean": 1.43684232235,
        "var": 2.44801402092
    },
    "zerocrossingrate": {
        "mean": 0.0669951066375,
        "var": 0.00339595950209
    },
    "barkbands": {
        "mean": [0.00115604116581, 0.017596732825, 0.00928140990436, 0.00175197818317, 0.00133518385701, 0.00163601862732, 0.00465238979086, 0.00216576666571, 0.00135535513982, 0.00181323196739, 0.00172664620914, 0.00177701399662, 0.000448836479336, 0.000275497644907, 0.000272860430414, 0.000369231594959, 0.000380817393307, 0.000320559600368, 0.0001911627769, 0.000189654107089, 0.000212728627957, 0.000339674734278, 0.000544202048331, 0.000306794216158, 0.000134611967951, 8.99534788914e-005, 3.94303015128e-006],
        "var": [1.17711772418e-006, 0.000865294889081, 0.000148080507643, 7.18247383702e-006, 8.42295139591e-006, 3.83379256164e-006, 5.66713424632e-005, 2.16677653953e-005, 4.75210481454e-006, 1.30756407088e-005, 1.49716415763e-005, 1.11678573376e-005, 6.48527930025e-007, 2.00344970835e-007, 2.51666932627e-007, 4.50152896292e-007, 5.74138766751e-007, 3.82803250432e-007, 1.15016000279e-007, 8.04432360724e-008, 1.11724503427e-007, 2.86336245381e-007, 1.5247645706e-006, 4.25263493753e-007, 1.08384220709e-007, 6.5256408277e-008, 1.46479176011e-010]
    },
    "erbbands": {
        "mean": [0.440091729164, 4.13489246368, 11.1206254959, 8.3100605011, 4.11881542206, 4.30118370056, 10.6986780167, 14.1176891327, 46.6082878113, 67.0821990967, 53.3458633423, 25.9593009949, 44.7344017029, 79.4853134155, 50.6564254761, 54.0909156799, 27.9199733734, 15.0254573822, 13.3119249344, 16.603937149, 22.1574134827, 23.1879310608, 18.9105091095, 11.7924375534, 9.22291088104, 8.60733985901, 9.21700763702, 8.3738527298, 12.2996644974, 11.9337806702, 16.608549118, 9.11093139648, 4.32010936737, 1.85461258888, 0.799808323383, 0.418820291758, 0.165568426251, 0.022472249344, 0.000606401765253, 7.83629366197e-005],
        "var": [0.247647970915, 63.3278694153, 319.720977783, 70.7761306763, 47.1690063477, 112.275588989, 271.896881104, 287.0652771, 4463.73291016, 16824.9355469, 8424.00488281, 1355.15490723, 6720.95654297, 20402.84375, 7013.01171875, 9283.82226563, 2568.22973633, 631.445922852, 567.807800293, 917.171691895, 1708.42663574, 2088.94775391, 1271.5559082, 423.647644043, 251.502319336, 164.195419312, 213.37310791, 156.89125061, 377.499908447, 362.609191895, 1602.00756836, 426.888305664, 89.7320556641, 19.213552475, 4.25356292725, 1.68610823154, 0.195239782333, 0.00244161556475, 2.34968229051e-006, 4.32279279039e-009]
    },
    "gfcc": {
        "mean": [4.00266599655, 85.6980056763, -101.900512695, 27.2176456451, -62.4459266663, 27.1508789063, -24.227640152, 15.6147632599, -11.3878602982, 5.81481266022, -7.82954311371, 7.49184417725, -13.1156835556],
        "cov": [[6878.80908203, -168.007980347, 58.1140670776, 753.000366211, -75.4792861938, 29.9788284302, -292.614685059, -31.6773910522, -340.552185059, 12.2972402573, -414.78213501, -40.5910415649, -216.276596069], [-168.007980347, 4081.8215332, 475.512084961, -573.507141113, 251.787521362, -343.504943848, 602.295837402, -136.737609863, 163.781036377, -191.095291138, 259.730895996, -442.558349609, 35.4607810974], [58.1140670776, 475.512084961, 1067.35021973, 48.3622741699, -151.746673584, 164.154434204, 145.78427124, 74.744102478, 38.7663574219, 54.5987472534, -35.2089767456, -112.72366333, -116.998825073], [753.000366211, -573.507141113, 48.3622741699, 891.76550293, 288.176391602, 91.2361831665, -34.3349342346, 82.2865600586, -22.3072128296, -32.8409156799, -161.75730896, -77.4289245605, -108.822128296], [-75.4792861938, 251.787521362, -151.746673584, 288.176391602, 878.811462402, 36.6029586792, -47.4480781555, 57.1618156433, -38.71118927, -50.0811958313, -109.765724182, -62.898727417, -82.0605239868], [29.9788284302, -343.504943848, 164.154434204, 91.2361831665, 36.6029586792, 325.170623779, 17.7070236206, 21.7154445648, -15.0701341629, 5.76776599884, -46.2247505188, -3.9551551342, -67.3116989136], [-292.614685059, 602.295837402, 145.78427124, -34.3349342346, -47.4480781555, 17.7070236206, 287.363739014, 1.95599150658, 34.3103256226, -12.7970600128, 75.777053833, -94.6138916016, 4.29856920242], [-31.6773910522, -136.737609863, 74.744102478, 82.2865600586, 57.1618156433, 21.7154445648, 1.95599150658, 123.263648987, 33.2588882446, 10.5528001785, -24.1993865967, -6.86448431015, -37.3964004517], [-340.552185059, 163.781036377, 38.7663574219, -22.3072128296, -38.71118927, -15.0701341629, 34.3103256226, 33.2588882446, 162.888565063, 16.6375732422, 40.8533744812, -34.6334152222, -9.21092605591], [12.2972402573, -191.095291138, 54.5987472534, -32.8409156799, -50.0811958313, 5.76776599884, -12.7970600128, 10.5528001785, 16.6375732422, 131.637054443, 28.7166557312, 4.96585273743, -34.6013565063], [-414.78213501, 259.730895996, -35.2089767456, -161.75730896, -109.765724182, -46.2247505188, 75.777053833, -24.1993865967, 40.8533744812, 28.7166557312, 180.375228882, 7.36022090912, 31.0497951508], [-40.5910415649, -442.558349609, -112.72366333, -77.4289245605, -62.898727417, -3.9551551342, -94.6138916016, -6.86448431015, -34.6334152222, 4.96585273743, 7.36022090912, 160.345596313, 70.6614532471], [-216.276596069, 35.4607810974, -116.998825073, -108.822128296, -82.0605239868, -67.3116989136, 4.29856920242, -37.3964004517, -9.21092605591, -34.6013565063, 31.0497951508, 70.6614532471, 167.317123413]],
        "icov": [[0.000321239174809, -0.00046430202201, 0.000292080250802, -0.000541946385056, 0.000536380219273, -0.000334027135978, 0.000594226585235, -0.000329092610627, 0.000768562313169, -0.000787403725553, 0.000829654338304, -0.000765643431805, 0.000454129476566], [-0.00046430202201, 0.0019962307997, -0.00119078950956, 0.00173105800059, -0.00168840843253, 0.00186610489618, -0.00214059930295, 0.00183668918908, -0.00166951096617, 0.00307610351592, -0.00212369137444, 0.00364781403914, -0.000944093975704], [0.000292080250802, -0.00119078950956, 0.00203015981242, -0.000961061043199, 0.00137326540425, -0.00158481858671, 0.00072991324123, -0.0017275030259, 0.00105584203266, -0.00224589044228, 0.00182528200094, -0.00161719089374, 0.000993472640403], [-0.000541946385056, 0.00173105800059, -0.000961061043199, 0.00314124021679, -0.00179225637112, 0.00137378857471, -0.00190716376528, 0.000876567908563, -0.00158361217473, 0.00289277266711, -0.00107685825787, 0.00360175734386, -0.000588022870943], [0.000536380219273, -0.00168840843253, 0.00137326540425, -0.00179225637112, 0.00302126770839, -0.00160369905643, 0.00200690235943, -0.00212578079663, 0.00202926667407, -0.00226089800708, 0.00238745869137, -0.00238856719807, 0.00136554229539], [-0.000334027135978, 0.00186610489618, -0.00158481858671, 0.00137378857471, -0.00160369905643, 0.00563636468723, -0.00274739740416, 0.00210417131893, -0.00131966150366, 0.00302213802934, -0.00104816106614, 0.00184622697998, 0.000947033811826], [0.000594226585235, -0.00214059930295, 0.00072991324123, -0.00190716376528, 0.00200690235943, -0.00274739740416, 0.0083713689819, -0.00275711785071, 0.00239103869535, -0.00247232918628, -0.000495146028697, 0.000394491478801, -0.000914892414585], [-0.000329092610627, 0.00183668918908, -0.0017275030259, 0.000876567908563, -0.00212578079663, 0.00210417131893, -0.00275711785071, 0.0123927593231, -0.00411550141871, 0.00240348465741, -0.000579952495173, 0.000845136935823, 0.00121328094974], [0.000768562313169, -0.00166951096617, 0.00105584203266, -0.00158361217473, 0.00202926667407, -0.00131966150366, 0.00239103869535, -0.00411550141871, 0.00977046601474, -0.00311947753653, 0.000507234071847, -0.00049469555961, 0.000546260504052], [-0.000787403725553, 0.00307610351592, -0.00224589044228, 0.00289277266711, -0.00226089800708, 0.00302213802934, -0.00247232918628, 0.00240348465741, -0.00311947753653, 0.0140170417726, -0.00522779719904, 0.00458328286186, 0.00111042428762], [0.000829654338304, -0.00212369137444, 0.00182528200094, -0.00107685825787, 0.00238745869137, -0.00104816106614, -0.000495146028697, -0.000579952495173, 0.000507234071847, -0.00522779719904, 0.0118521582335, -0.00532895652577, 0.00172871281393], [-0.000765643431805, 0.00364781403914, -0.00161719089374, 0.00360175734386, -0.00238856719807, 0.00184622697998, 0.000394491478801, 0.000845136935823, -0.00049469555961, 0.00458328286186, -0.00532895652577, 0.0191647298634, -0.00698519172147], [0.000454129476566, -0.000944093975704, 0.000993472640403, -0.000588022870943, 0.00136554229539, 0.000947033811826, -0.000914892414585, 0.00121328094974, 0.000546260504052, 0.00111042428762, 0.00172871281393, -0.00698519172147, 0.0113103250042]]
    },
    "melbands": {
        "mean": [0.00446411920711, 0.00593883311376, 0.00137723702937, 0.000272845296422, 0.000333408883307, 0.000344100466464, 0.000792115344666, 0.000700636766851, 0.000422027893364, 0.000143771845615, 0.000233881248278, 0.000331116956659, 0.000187691155588, 0.000173420718056, 0.000128046289319, 3.60854210157e-005, 2.61735076492e-005, 2.13348757825e-005, 2.08208548429e-005, 2.33625614783e-005, 2.45393603109e-005, 2.50778102782e-005, 1.76436897164e-005, 1.54726440087e-005, 8.80456718733e-006, 7.41176245356e-006, 5.78026038056e-006, 5.75883586862e-006, 5.97244070377e-006, 5.0053454288e-006, 4.64191998617e-006, 6.45816999167e-006, 7.50700110075e-006, 6.28841689831e-006, 9.71303416009e-006, 8.55805956235e-006, 4.57016767541e-006, 3.26762824443e-006, 2.05824403565e-006, 1.39552321343e-006],
        "var": [3.78219265258e-005, 0.000101827565231, 1.88156059266e-006, 3.73816106958e-007, 2.83596477857e-007, 1.56603334744e-007, 1.32545198994e-006, 1.57731778927e-006, 4.89874821596e-007, 4.41475336288e-008, 2.15531386516e-007, 3.12800693791e-007, 1.21932615116e-007, 1.43894510529e-007, 1.14677298768e-007, 4.64588723048e-009, 2.08686445902e-009, 1.67642344451e-009, 1.39894873463e-009, 1.70543346112e-009, 2.35243802216e-009, 2.66409427851e-009, 1.24564325521e-009, 9.41110855912e-010, 2.64619048895e-010, 1.70520167431e-010, 1.06627429108e-010, 7.70703292852e-011, 9.07083366752e-011, 6.9524649926e-011, 4.7241124207e-011, 9.93322021858e-011, 1.64770808109e-010, 1.00840946704e-010, 5.27927312977e-010, 5.15944953428e-010, 9.0399063235e-011, 5.22461865438e-011, 2.09880446356e-011, 1.20278951729e-011]
    },
    "mfcc": {
        "mean": [-643.977783203, 116.238098145, 17.3745326996, 12.9151620865, -1.59120082855, 10.0717172623, 1.09246683121, 14.6785564423, 2.11368870735, 6.55860853195, 4.29670572281, 10.715013504, 6.29708576202],
        "cov": [[6663.3125, -713.390991211, 16.7797718048, 489.040771484, 73.6626815796, 189.328964233, -82.1176071167, -32.1994857788, 27.3130378723, -128.555419922, -208.135528564, -152.713302612, -78.1097869873], [-713.390991211, 3961.90625, 242.348693848, -9.89907360077, -201.257919312, -140.921356201, 222.252319336, -109.194374084, 84.7249755859, -8.54750823975, 122.256820679, 117.623985291, 54.6119689941], [16.7797718048, 242.348693848, 1226.14306641, -76.6042327881, -339.392089844, 4.71227550507, 0.500712811947, -12.9174442291, 12.0413217545, 127.097114563, 44.1832885742, 66.4965286255, 64.2017745972], [489.040771484, -9.89907360077, -76.6042327881, 633.116943359, 228.735992432, 69.258682251, 87.6238937378, 62.7565116882, 93.4707489014, 34.928817749, 37.383430481, -3.48772311211, -42.7512626648], [73.6626815796, -201.257919312, -339.392089844, 228.735992432, 596.765930176, 129.18182373, 66.4259719849, 106.251281738, 94.1707000732, -36.0873680115, 31.2166996002, -6.32589769363, -67.5781021118], [189.328964233, -140.921356201, 4.71227550507, 69.258682251, 129.18182373, 224.582748413, 100.647476196, 57.8856544495, 51.2717285156, 13.4026842117, 4.43963956833, 1.37228786945, -6.77488565445], [-82.1176071167, 222.252319336, 0.500712811947, 87.6238937378, 66.4259719849, 100.647476196, 231.445770264, 50.9371986389, 28.4547290802, 15.6107597351, 19.6278591156, -1.90121805668, 3.84545636177], [-32.1994857788, -109.194374084, -12.9174442291, 62.7565116882, 106.251281738, 57.8856544495, 50.9371986389, 162.085922241, 46.3441085815, 9.93547058105, 8.49445056915, -3.30955386162, -26.6181869507], [27.3130378723, 84.7249755859, 12.0413217545, 93.4707489014, 94.1707000732, 51.2717285156, 28.4547290802, 46.3441085815, 158.778671265, 21.5898132324, -0.825985908508, 3.21722793579, -10.0964860916], [-128.555419922, -8.54750823975, 127.097114563, 34.928817749, -36.0873680115, 13.4026842117, 15.6107597351, 9.93547058105, 21.5898132324, 128.657730103, 72.3819885254, 32.6946029663, 10.7561092377], [-208.135528564, 122.256820679, 44.1832885742, 37.383430481, 31.2166996002, 4.43963956833, 19.6278591156, 8.49445056915, -0.825985908508, 72.3819885254, 148.658035278, 75.0113830566, 7.20975446701], [-152.713302612, 117.623985291, 66.4965286255, -3.48772311211, -6.32589769363, 1.37228786945, -1.90121805668, -3.30955386162, 3.21722793579, 32.6946029663, 75.0113830566, 107.488113403, 32.7477149963], [-78.1097869873, 54.6119689941, 64.2017745972, -42.7512626648, -67.5781021118, -6.77488565445, 3.84545636177, -26.6181869507, -10.0964860916, 10.7561092377, 7.20975446701, 32.7477149963, 88.4618606567]],
        "icov": [[0.000184865566553, 1.40519605338e-005, -3.07107802655e-005, -0.000191868355614, 6.01612555329e-005, -0.000240398774622, 0.000162675889442, 9.78518291959e-005, 4.02152036258e-005, 0.000168121317984, 0.000133561959956, 0.000106291627162, 6.79547665641e-005], [1.40519605338e-005, 0.00034297577804, -5.19965105923e-005, 1.12424750114e-005, 0.000123474732391, 0.000379239820177, -0.000548644165974, 0.000304348679492, -0.000423698220402, 0.000431963737356, -0.000328253838234, -0.000240028035478, 9.73672649707e-005], [-3.07107802655e-005, -5.19965105923e-005, 0.00112912338227, 1.46051852425e-005, 0.000665660016239, -0.000306113593979, 9.19453959796e-005, -0.000253930978943, -0.000179725364433, -0.000878063961864, 0.000202816125238, -0.000468319485663, -0.000159673567396], [-0.000191868355614, 1.12424750114e-005, 1.46051852425e-005, 0.00223534461111, -0.000685704755597, 0.000455308967503, -0.000760992290452, -1.63335134857e-005, -0.000769079022575, -0.000696653383784, -0.000320805207593, 4.33426139352e-005, 0.000439566065324], [6.01612555329e-005, 0.000123474732391, 0.000665660016239, -0.000685704755597, 0.00324002048001, -0.00123569415882, 8.53212040965e-005, -0.000798842811491, -0.00118620647117, 0.00163952540606, -0.00147322344128, -7.4071038398e-005, 0.00111156818457], [-0.000240398774622, 0.000379239820177, -0.000306113593979, 0.000455308967503, -0.00123569415882, 0.00734157441184, -0.0032152638305, -0.000481068971567, -0.00123593478929, -0.000587018905208, 0.000574195990339, -0.000925496453419, -0.000164765981026], [0.000162675889442, -0.000548644165974, 9.19453959796e-005, -0.000760992290452, 8.53212040965e-005, -0.0032152638305, 0.00689915847033, -0.00147966889199, 0.000798127381131, -0.000252131401794, -0.000598675978836, 0.0017568502808, -0.00135818228591], [9.78518291959e-005, 0.000304348679492, -0.000253930978943, -1.63335134857e-005, -0.000798842811491, -0.000481068971567, -0.00147966889199, 0.00829936843365, -0.00153763208073, -6.49482462904e-005, -1.63079057529e-005, -0.000368858280126, 0.00195969291963], [4.02152036258e-005, -0.000423698220402, -0.000179725364433, -0.000769079022575, -0.00118620647117, -0.00123593478929, 0.000798127381131, -0.00153763208073, 0.00875651370734, -0.00250205094926, 0.00257101445459, -0.000754477398004, -6.89548978698e-005], [0.000168121317984, 0.000431963737356, -0.000878063961864, -0.000696653383784, 0.00163952540606, -0.000587018905208, -0.000252131401794, -6.49482462904e-005, -0.00250205094926, 0.0138834910467, -0.00758200511336, 0.0017127841711, -0.000608486763667], [0.000133561959956, -0.000328253838234, 0.000202816125238, -0.000320805207593, -0.00147322344128, 0.000574195990339, -0.000598675978836, -1.63079057529e-005, 0.00257101445459, -0.00758200511336, 0.0158101394773, -0.0091930674389, 0.00228798575699], [0.000106291627162, -0.000240028035478, -0.000468319485663, 4.33426139352e-005, -7.4071038398e-005, -0.000925496453419, 0.0017568502808, -0.000368858280126, -0.000754477398004, 0.0017127841711, -0.0091930674389, 0.0177251510322, -0.00581875815988], [6.79547665641e-005, 9.73672649707e-005, -0.000159673567396, 0.000439566065324, 0.00111156818457, -0.000164765981026, -0.00135818228591, 0.00195969291963, -6.89548978698e-005, -0.000608486763667, 0.00228798575699, -0.00581875815988, 0.0151514504105]]
    },
    "spectral_contrast_coeffs": {
        "mean": [-0.661603987217, -0.695550680161, -0.730156421661, -0.775505304337, -0.791831016541, -0.757972836494],
        "var": [0.00649662734941, 0.010411712341, 0.00894392188638, 0.00410518655553, 0.00378956831992, 0.00181278609671]
    },
    "spectral_contrast_valleys": {
        "mean": [-7.27247858047, -6.77522420883, -7.44560194016, -7.8913397789, -7.8529291153, -10.0153045654],
        "var": [1.66452872753, 1.46648752689, 1.2462297678, 1.26613306999, 1.42245316505, 1.8204934597]
    }
},
"metadata": {
    "audio_properties": {
        "analysis_sample_rate": 44100,
        "bit_rate": 128074,
        "equal_loudness": 0,
        "length": 45.0612258911,
        "lossless": 0,
        "replay_gain": -5.96702003479,
        "sample_rate": 44100,
        "codec": "mp3",
        "downmix": "mix",
        "md5_encoded": "108861bee734363a56f60bd4a84fd89b"
    },
    "tags": {
        "file_name": "1099.mp3"
    },
    "version": {
        "essentia": "2.1-beta2",
        "essentia_git_sha": "v2.1_beta2",
        "extractor": "music 1.0"
    }
},
"rhythm": {
    "beats_count": 86,
    "beats_loudness": {
        "mean": 0.0964552983642,
        "var": 0.0025947233662
    },
    "bpm": 116.480987549,
    "bpm_histogram_first_peak_bpm": {
        "mean": 117,
        "var": 0
    },
    "bpm_histogram_first_peak_spread": {
        "mean": 0.40000000596,
        "var": 0
    },
    "bpm_histogram_first_peak_weight": {
        "mean": 0.529411792755,
        "var": 0
    },
    "bpm_histogram_second_peak_bpm": {
        "mean": 112,
        "var": 0
    },
    "bpm_histogram_second_peak_spread": {
        "mean": 0,
        "var": 0
    },
    "bpm_histogram_second_peak_weight": {
        "mean": 0.117647059262,
        "var": 0
    },
    "danceability": 1.18616247177,
    "onset_rate": 4.65822553635,
    "beats_loudness_band_ratio": {
        "mean": [0.579418957233, 0.0933829024434, 0.103675454855, 0.113753326237, 0.0737380087376, 0.0623820722103],
        "var": [0.12807802856, 0.00991052482277, 0.0161150302738, 0.0111197847873, 0.00917624402791, 0.00615103915334]
    },
    "beats_position": [0.545668900013, 1.06811785698, 1.57895684242, 2.08979582787, 2.62385487556, 3.13469386101, 3.64553284645, 4.1679816246, 4.69043064117, 5.20126962662, 5.71210861206, 6.23455762863, 6.7570066452, 7.26784563065, 7.77868461609, 8.3011341095, 8.82358264923, 9.34603118896, 9.86848068237, 10.379319191, 10.8901586533, 11.412607193, 11.9350566864, 12.445895195, 12.9567346573, 13.4675731659, 14.0016326904, 14.512471199, 15.0349206924, 15.545759201, 16.0682086945, 16.5790481567, 17.1131057739, 17.6239452362, 18.1347846985, 18.6456241608, 19.179681778, 19.6905212402, 20.2245807648, 20.7354183197, 21.246257782, 21.7570972443, 22.2795467377, 22.7903842926, 23.312833786, 23.8236732483, 24.3577327728, 24.8685703278, 25.37940979, 25.8902492523, 26.4243087769, 26.9235363007, 27.4459857941, 27.9568252563, 28.4908847809, 29.0017223358, 29.5125617981, 30.0234012604, 30.5574588776, 31.0682983398, 31.5907478333, 32.1015853882, 32.6240348816, 33.1348762512, 33.6573219299, 34.1681632996, 34.690612793, 35.2130622864, 35.7355079651, 36.2463493347, 36.7571868896, 37.2796363831, 37.8020858765, 38.3129234314, 38.823764801, 39.334602356, 39.8686599731, 40.3795013428, 40.9019508362, 41.4127883911, 41.9352378845, 42.4460754395, 42.9685249329, 43.4793624878, 44.0018119812, 44.5242614746]
},
"tonal": {
    "chords_changes_rate": 0.0977366268635,
    "chords_number_rate": 0.00617283955216,
    "chords_strength": {
        "mean": 0.379191786051,
        "var": 0.00328005338088
    },
    "hpcp_entropy": {
        "mean": 1.71945106983,
        "var": 0.845712423325
    },
    "key_strength": 0.686148762703,
    "tuning_diatonic_strength": 0.450230538845,
    "tuning_equal_tempered_deviation": 0.0551799088717,
    "tuning_frequency": 439.745910645,
    "tuning_nontempered_energy_ratio": 0.662030935287,
    "hpcp": {
        "mean": [0.0569514743984, 0.068270213902, 0.233716920018, 0.43382370472, 0.301743209362, 0.166656509042, 0.180161103606, 0.112990655005, 0.07877741009, 0.0885607227683, 0.0993967652321, 0.165730476379, 0.217658385634, 0.141090705991, 0.072302557528, 0.0777854770422, 0.0871256515384, 0.186385095119, 0.276952713728, 0.169679895043, 0.0642822831869, 0.0654352456331, 0.106045387685, 0.237739950418, 0.227603271604, 0.106632687151, 0.0920225381851, 0.082661896944, 0.0680776685476, 0.0717569887638, 0.0660610049963, 0.0542477816343, 0.136983335018, 0.219431057572, 0.13997630775, 0.0569596104324],
        "var": [0.0223002508283, 0.0234842300415, 0.0545793883502, 0.168281421065, 0.0728782638907, 0.0690429881215, 0.0964843854308, 0.0414745807648, 0.0319886989892, 0.0446489788592, 0.0450256839395, 0.055297177285, 0.102902673185, 0.0494474209845, 0.0286032799631, 0.034017059952, 0.03090829961, 0.0427289046347, 0.094960950315, 0.0405295267701, 0.0159939136356, 0.0223182961345, 0.0243421401829, 0.0856587588787, 0.0745421424508, 0.0415395647287, 0.0409417077899, 0.0268264655024, 0.0229180119932, 0.0260572824627, 0.0219530165195, 0.018948847428, 0.0455232784152, 0.113075859845, 0.0413408502936, 0.0197502877563]
    },
    "chords_histogram": [37.3456802368, 6.58436203003, 31.2757205963, 0.411522626877, 0, 1.02880656719, 0, 8.95061683655, 0, 0, 0, 0, 0.411522626877, 0, 0, 0, 0, 0, 0, 0, 0, 0, 13.9917697906, 0],
    "thpcp": [1, 0.695543408394, 0.384157210588, 0.415286451578, 0.260452926159, 0.18158853054, 0.204139888287, 0.229117870331, 0.38202264905, 0.501720845699, 0.325225889683, 0.166663452983, 0.179302036762, 0.20083193481, 0.429633259773, 0.638399243355, 0.391126394272, 0.148176044226, 0.150833725929, 0.244443506002, 0.548010528088, 0.524644613266, 0.245797276497, 0.212119668722, 0.190542593598, 0.156924724579, 0.165405869484, 0.152276158333, 0.12504568696, 0.31575807929, 0.505806982517, 0.322657108307, 0.131296679378, 0.131277918816, 0.157368570566, 0.538737118244],
    "chords_key": "D#",
    "chords_scale": "minor",
    "key_key": "D#",
    "key_scale": "minor"
}
}