{
"lowlevel": {
    "average_loudness": 0.976210236549,
    "barkbands_crest": {
        "mean": 9.32284069061,
        "var": 9.84021949768
    },
    "barkbands_flatness_db": {
        "mean": 0.217565372586,
        "var": 0.00265813153237
    },
    "barkbands_kurtosis": {
        "mean": 2.01502180099,
        "var": 17.5812187195
    },
    "barkbands_skewness": {
        "mean": 1.17496788502,
        "var": 0.836028218269
    },
    "barkbands_spread": {
        "mean": 14.9628601074,
        "var": 44.8088874817
    },
    "dissonance": {
        "mean": 0.443494349718,
        "var": 0.00127134984359
    },
    "dynamic_complexity": 1.45914745331,
    "erbbands_crest": {
        "mean": 10.7723083496,
        "var": 17.3422794342
    },
    "erbbands_flatness_db": {
        "mean": 0.247356116772,
        "var": 0.00136499234941
    },
    "erbbands_kurtosis": {
        "mean": 0.577613592148,
        "var": 4.42083787918
    },
    "erbbands_skewness": {
        "mean": -0.285786569118,
        "var": 0.591581881046
    },
    "erbbands_spread": {
        "mean": 23.6843147278,
        "var": 115.599884033
    },
    "hfc": {
        "mean": 21.4039554596,
        "var": 186.78503418
    },
    "melbands_crest": {
        "mean": 14.3522777557,
        "var": 18.47747612
    },
    "melbands_flatness_db": {
        "mean": 0.303469151258,
        "var": 0.00454874942079
    },
    "melbands_kurtosis": {
        "mean": 6.22143602371,
        "var": 62.281955719
    },
    "melbands_skewness": {
        "mean": 2.01015138626,
        "var": 1.22171390057
    },
    "melbands_spread": {
        "mean": 18.5876655579,
        "var": 119.513793945
    },
    "pitch_salience": {
        "mean": 0.540507376194,
        "var": 0.00689760083333
    },
    "silence_rate_20dB": {
        "mean": 1,
        "var": 0
    },
    "silence_rate_30dB": {
        "mean": 1,
        "var": 0
    },
    "silence_rate_60dB": {
        "mean": 0.00205973233096,
        "var": 0.00205553858541
    },
    "spectral_centroid": {
        "mean": 819.188842773,
        "var": 278395.65625
    },
    "spectral_complexity": {
        "mean": 17.6889801025,
        "var": 41.1802520752
    },
    "spectral_decrease": {
        "mean": -1.06354285379e-008,
        "var": 1.48075024204e-017
    },
    "spectral_energy": {
        "mean": 0.0420818962157,
        "var": 0.000234228471527
    },
    "spectral_energyband_high": {
        "mean": 6.77544885548e-005,
        "var": 3.86568217436e-008
    },
    "spectral_energyband_low": {
        "mean": 0.0159873776138,
        "var": 0.000135815993417
    },
    "spectral_energyband_middle_high": {
        "mean": 0.0102227246389,
        "var": 0.000104362967249
    },
    "spectral_energyband_middle_low": {
        "mean": 0.0192062333226,
        "var": 8.9729532192e-005
    },
    "spectral_entropy": {
        "mean": 6.82644176483,
        "var": 0.192995980382
    },
    "spectral_flux": {
        "mean": 0.0847275704145,
        "var": 0.00158091820776
    },
    "spectral_kurtosis": {
        "mean": 15.2509841919,
        "var": 153.882888794
    },
    "spectral_rms": {
        "mean": 0.00629790592939,
        "var": 1.39192513871e-006
    },
    "spectral_rolloff": {
        "mean": 999.13079834,
        "var": 851830.8125
    },
    "spectral_skewness": {
        "mean": 2.44843530655,
        "var": 0.807372748852
    },
    "spectral_spread": {
        "mean": 2118076.25,
        "var": 2.9171164119e+012
    },
    "spectral_strongpeak": {
        "mean": 1.21964406967,
        "var": 2.86942124367
    },
    "zerocrossingrate": {
        "mean": 0.0329388715327,
        "var": 0.000583517597988
    },
    "barkbands": {
        "mean": [0.000512422004249, 0.00698149669915, 0.00548248225823, 0.00707416562364, 0.00421220436692, 0.00300591089763, 0.00171204132494, 0.00111806881614, 0.00149879220407, 0.00226643239148, 0.00102335819975, 0.00159887981135, 0.0020655002445, 0.00122459372506, 0.00102896534372, 0.000525496900082, 0.000371191650629, 0.000204004827538, 8.86570269358e-005, 3.77248652512e-005, 2.06746244658e-005, 1.68931110238e-005, 7.29978637537e-006, 3.08817061523e-006, 1.30758564865e-006, 3.05256861566e-007, 1.52726613578e-008],
        "var": [2.38349585402e-007, 6.79436998325e-005, 4.48640275863e-005, 3.22740925185e-005, 7.11287430022e-006, 1.02086178231e-005, 4.57099758933e-006, 1.62890887623e-006, 7.76573870098e-006, 2.89319414151e-005, 4.68570669909e-006, 1.17340350698e-005, 1.30910975713e-005, 4.82280074721e-006, 4.33566628999e-006, 7.84369490248e-007, 4.96107929848e-007, 8.54270609807e-008, 3.10308081453e-008, 9.94323912096e-009, 2.71665534513e-009, 2.88725932052e-009, 5.28122157117e-010, 9.419244551e-011, 2.46808962157e-011, 8.14324248224e-013, 9.77502490911e-016]
    },
    "erbbands": {
        "mean": [0.32162591815, 1.16182506084, 5.14497041702, 15.4528198242, 21.0753879547, 13.3170022964, 12.1409816742, 31.7031517029, 21.1425476074, 31.2018699646, 19.455493927, 38.2562255859, 58.8061447144, 55.687297821, 50.9364356995, 75.987663269, 108.095054626, 58.3607635498, 66.4278259277, 39.106426239, 26.025182724, 22.5259685516, 12.4784002304, 5.91606664658, 3.3302719593, 1.84553551674, 0.945479631424, 0.810456395149, 0.679627180099, 0.338423073292, 0.193742200732, 0.0882398486137, 0.0401628874242, 0.0182368922979, 0.00732133118436, 0.001832201262, 0.000513162580319, 7.80522314017e-005, 2.27694436035e-005, 4.79147420265e-005],
        "var": [0.105106085539, 2.80947375298, 36.0995903015, 122.049057007, 267.422546387, 92.240486145, 82.6903152466, 1459.96472168, 578.569152832, 1192.25219727, 657.388977051, 5488.20751953, 19075.3789063, 10227.1025391, 12994.0996094, 21500.0859375, 31477.9648438, 10226.7109375, 11153.2158203, 4701.57226563, 1786.93225098, 1673.13354492, 314.674743652, 134.120376587, 36.8935966492, 26.3701686859, 5.72838020325, 5.19966077805, 5.05212879181, 1.11903083324, 0.372868835926, 0.0759178698063, 0.0158279370517, 0.00461875554174, 0.000774756539613, 3.71472560801e-005, 1.88523711131e-006, 2.73795386363e-008, 1.13729997642e-010, 3.11931508401e-010]
    },
    "gfcc": {
        "mean": [-38.666557312, 187.351104736, -136.717880249, 17.9255237579, -27.0748939514, 4.9369263649, -27.4170684814, -10.2496328354, -7.25336694717, -10.9721212387, -6.89876413345, -7.48517560959, -5.3731918335],
        "cov": [[4866.60546875, -777.956787109, -856.640563965, 242.161499023, -432.046417236, 427.017456055, -16.552947998, 213.043579102, -257.216125488, 73.4530410767, -105.458908081, 52.9096298218, -94.5605239868], [-777.956787109, 896.980651855, 157.258163452, -247.231216431, 245.924407959, -206.773452759, -13.4127922058, -175.809417725, 134.856018066, -51.2580337524, 73.1751708984, -47.8015174866, 35.7209014893], [-856.640563965, 157.258163452, 477.845458984, 119.616859436, -15.9638977051, -101.927001953, 26.7207183838, -1.06300961971, 44.7043914795, 3.56720423698, 19.6734790802, -12.1699724197, 29.476392746], [242.161499023, -247.231216431, 119.616859436, 383.798034668, -105.781837463, -47.7072257996, -17.6066493988, 96.2882232666, 49.0010032654, -20.1159744263, -14.4597034454, 11.6869668961, 29.6628551483], [-432.046417236, 245.924407959, -15.9638977051, -105.781837463, 275.028381348, -70.5096588135, -54.0230979919, -34.8131484985, 54.5769348145, -6.64132118225, 2.02501964569, 14.961856842, 3.38974046707], [427.017456055, -206.773452759, -101.927001953, -47.7072257996, -70.5096588135, 269.910461426, 92.8815612793, -16.7642402649, -78.5368423462, 58.4080276489, 14.7492933273, 5.32754421234, -1.66979730129], [-16.552947998, -13.4127922058, 26.7207183838, -17.6066493988, -54.0230979919, 92.8815612793, 152.702331543, 11.8659753799, -41.7667045593, -7.70795106888, 20.1352558136, 1.57156956196, -3.34185242653], [213.043579102, -175.809417725, -1.06300961971, 96.2882232666, -34.8131484985, -16.7642402649, 11.8659753799, 142.740158081, -5.27029943466, -11.9383497238, -31.2526988983, 15.4924917221, -6.56356859207], [-257.216125488, 134.856018066, 44.7043914795, 49.0010032654, 54.5769348145, -78.5368423462, -41.7667045593, -5.27029943466, 140.717605591, 11.9727182388, -1.17115879059, -21.741355896, 21.534620285], [73.4530410767, -51.2580337524, 3.56720423698, -20.1159744263, -6.64132118225, 58.4080276489, -7.70795106888, -11.9383497238, 11.9727182388, 100.953582764, 12.6303138733, -3.49829673767, -3.97633218765], [-105.458908081, 73.1751708984, 19.6734790802, -14.4597034454, 2.02501964569, 14.7492933273, 20.1352558136, -31.2526988983, -1.17115879059, 12.6303138733, 69.3689575195, 15.9909296036, 8.90115642548], [52.9096298218, -47.8015174866, -12.1699724197, 11.6869668961, 14.961856842, 5.32754421234, 1.57156956196, 15.4924917221, -21.741355896, -3.49829673767, 15.9909296036, 72.1329956055, 12.625541687], [-94.5605239868, 35.7209014893, 29.476392746, 29.6628551483, 3.38974046707, -1.66979730129, -3.34185242653, -6.56356859207, 21.534620285, -3.97633218765, 8.90115642548, 12.625541687, 64.3841400146]],
        "icov": [[0.00139932660386, -0.00346497981809, 0.00312034133822, -0.00341533031315, 0.00281502422877, -0.00321345543489, 0.00247984891757, -0.00287651713006, 0.00332526932471, -0.00249363831244, 0.00350995082408, -0.00234866142273, 0.00243555172347], [-0.00346497981809, 0.0139521546662, -0.00881932768971, 0.0115724680945, -0.0092348344624, 0.011391996406, -0.00855218525976, 0.0104625364766, -0.0113463290036, 0.00851681735367, -0.0127070331946, 0.00870946422219, -0.00834952108562], [0.00312034133822, -0.00881932768971, 0.0101971002296, -0.00937981996685, 0.00655420217663, -0.00567619362846, 0.00398509623483, -0.00625798199326, 0.00866456050426, -0.00776132522151, 0.00835581868887, -0.00500808330253, 0.00465495791286], [-0.00341533031315, 0.0115724680945, -0.00937981996685, 0.0148269189522, -0.00610693497583, 0.00904805678874, -0.0058021065779, 0.00613624230027, -0.0122459046543, 0.00904268119484, -0.0111975036561, 0.00624652439728, -0.00811523012817], [0.00281502422877, -0.0092348344624, 0.00655420217663, -0.00610693497583, 0.0120995016769, -0.00756787089631, 0.00728774582967, -0.00699930032715, 0.00527378311381, -0.00508598051965, 0.00903923157603, -0.00844723265618, 0.00623109517619], [-0.00321345543489, 0.011391996406, -0.00567619362846, 0.00904805678874, -0.00756787089631, 0.0183471515775, -0.0125217074528, 0.0105253569782, -0.00579655217007, 0.00108376413118, -0.00958374235779, 0.00780462054536, -0.00951233878732], [0.00247984891757, -0.00855218525976, 0.00398509623483, -0.0058021065779, 0.00728774582967, -0.0125217074528, 0.0170659944415, -0.00946271326393, 0.00672613363713, -0.000774776621256, 0.00422924431041, -0.00489016575739, 0.00652504246682], [-0.00287651713006, 0.0104625364766, -0.00625798199326, 0.00613624230027, -0.00699930032715, 0.0105253569782, -0.00946271326393, 0.0188909564167, -0.00813878793269, 0.0052497740835, -0.00438770093024, 0.00345539557748, -0.00493991049007], [0.00332526932471, -0.0113463290036, 0.00866456050426, -0.0122459046543, 0.00527378311381, -0.00579655217007, 0.00672613363713, -0.00813878793269, 0.0222863815725, -0.0115438979119, 0.0100865829736, -0.00214606011286, 0.00280461972579], [-0.00249363831244, 0.00851681735367, -0.00776132522151, 0.00904268119484, -0.00508598051965, 0.00108376413118, -0.000774776621256, 0.0052497740835, -0.0115438979119, 0.0205279309303, -0.0109276873991, 0.0049459785223, -0.00253980909474], [0.00350995082408, -0.0127070331946, 0.00835581868887, -0.0111975036561, 0.00903923157603, -0.00958374235779, 0.00422924431041, -0.00438770093024, 0.0100865829736, -0.0109276873991, 0.0314699113369, -0.0137595906854, 0.00688510900363], [-0.00234866142273, 0.00870946422219, -0.00500808330253, 0.00624652439728, -0.00844723265618, 0.00780462054536, -0.00489016575739, 0.00345539557748, -0.00214606011286, 0.0049459785223, -0.0137595906854, 0.0244320835918, -0.00998657569289], [0.00243555172347, -0.00834952108562, 0.00465495791286, -0.00811523012817, 0.00623109517619, -0.00951233878732, 0.00652504246682, -0.00493991049007, 0.00280461972579, -0.00253980909474, 0.00688510900363, -0.00998657569289, 0.0245208013803]]
    },
    "melbands": {
        "mean": [0.00227141869254, 0.00222484045662, 0.00305426609702, 0.00122337008361, 0.00045609055087, 0.000647367152851, 0.000340279104421, 0.000332672527293, 0.000155353409355, 0.000239102344494, 0.000297245918773, 0.000235501807765, 0.000159635601449, 0.000160870025866, 0.000243450049311, 0.000185950790183, 9.93416688289e-005, 0.000106058716483, 8.25759707368e-005, 3.54244111804e-005, 2.83770168608e-005, 2.34458038904e-005, 1.83403080882e-005, 6.48807008474e-006, 4.63105698145e-006, 2.85404189526e-006, 1.70401290234e-006, 1.11288693461e-006, 6.00497173764e-007, 4.65480582079e-007, 4.83473741042e-007, 4.1333680656e-007, 2.68843393769e-007, 1.59086624762e-007, 1.22736125263e-007, 6.74497258046e-008, 4.84250826105e-008, 3.03173877114e-008, 1.83786266206e-008, 1.44651011169e-008],
        "var": [6.16601255388e-006, 6.24309996056e-006, 3.52804295289e-006, 5.69221242586e-007, 9.0811781206e-008, 5.70662564314e-007, 1.69433945985e-007, 1.2714008335e-007, 5.88506203769e-008, 2.24443795105e-007, 5.54705934519e-007, 2.38235685401e-007, 1.1546325851e-007, 1.68504513454e-007, 1.75134260871e-007, 1.0534451178e-007, 3.99827655428e-008, 3.61730592147e-008, 3.27288134372e-008, 4.92759077986e-009, 2.4779238661e-009, 2.27262209052e-009, 6.60737353719e-010, 1.43138931263e-010, 9.76356356874e-011, 2.97388953741e-011, 1.23325637896e-011, 1.30577961638e-011, 2.73111589767e-012, 1.05004676829e-012, 2.50264370859e-012, 1.92705074988e-012, 8.1579464321e-013, 2.68804482796e-013, 1.64327454638e-013, 3.76273922502e-014, 2.54977279796e-014, 8.63378057334e-015, 4.49963298636e-015, 3.17107917277e-015]
    },
    "mfcc": {
        "mean": [-676.525024414, 211.037017822, -28.9817180634, 21.9522247314, 13.2895298004, 15.7243824005, -4.80574178696, 5.12476873398, -2.31070923805, -1.8142374754, -0.21876463294, 0.886572122574, -3.16111540794],
        "cov": [[3249.88842773, -1124.18847656, -454.437652588, -117.929946899, -376.907287598, 137.06854248, 156.105316162, 206.930984497, -46.9005317688, 121.077095032, 10.65213871, -87.6514816284, -69.1468353271], [-1124.18847656, 1068.9744873, -21.9656352997, -114.506195068, 197.938369751, -23.8596191406, -50.8633956909, -130.889907837, -15.6890077591, -61.3075637817, 14.331905365, 32.6083297729, 18.2988128662], [-454.437652588, -21.9656352997, 465.54006958, 169.113052368, -48.2551498413, -11.169754982, -9.69624137878, -12.6602392197, 26.2908935547, -0.658589959145, 6.05655241013, 29.6477718353, 17.9716911316], [-117.929946899, -114.506195068, 169.113052368, 338.534667969, 65.0256729126, -112.45854187, -96.8402175903, 40.0951156616, 49.7476844788, -1.24192643166, -27.4369659424, 29.5159549713, 32.076751709], [-376.907287598, 197.938369751, -48.2551498413, 65.0256729126, 230.05305481, -42.869934082, -84.1344680786, -42.804977417, 28.1287536621, -20.5100040436, -16.7317504883, 25.8034229279, 28.3619365692], [137.06854248, -23.8596191406, -11.169754982, -112.45854187, -42.869934082, 190.402740479, 64.1458892822, -29.1224212646, -18.7800769806, 19.3268089294, 25.6868400574, -3.56427574158, -6.24167537689], [156.105316162, -50.8633956909, -9.69624137878, -96.8402175903, -84.1344680786, 64.1458892822, 170.130279541, 50.2646942139, -31.1961860657, -10.1396446228, 14.0636196136, -8.81955623627, -8.978307724], [206.930984497, -130.889907837, -12.6602392197, 40.0951156616, -42.804977417, -29.1224212646, 50.2646942139, 129.202163696, 19.1616096497, -11.9430046082, -15.7114257813, 1.08817338943, -2.23727416992], [-46.9005317688, -15.6890077591, 26.2908935547, 49.7476844788, 28.1287536621, -18.7800769806, -31.1961860657, 19.1616096497, 84.0761184692, 25.8917007446, -4.19117164612, -4.23499250412, 6.35186910629], [121.077095032, -61.3075637817, -0.658589959145, -1.24192643166, -20.5100040436, 19.3268089294, -10.1396446228, -11.9430046082, 25.8917007446, 92.8339233398, 25.7544250488, -21.8268184662, -14.5417556763], [10.65213871, 14.331905365, 6.05655241013, -27.4369659424, -16.7317504883, 25.6868400574, 14.0636196136, -15.7114257813, -4.19117164612, 25.7544250488, 68.3557357788, 8.8690662384, -9.16176891327], [-87.6514816284, 32.6083297729, 29.6477718353, 29.5159549713, 25.8034229279, -3.56427574158, -8.81955623627, 1.08817338943, -4.23499250412, -21.8268184662, 8.8690662384, 78.3443069458, 37.8448143005], [-69.1468353271, 18.2988128662, 17.9716911316, 32.076751709, 28.3619365692, -6.24167537689, -8.978307724, -2.23727416992, 6.35186910629, -14.5417556763, -9.16176891327, 37.8448143005, 77.7624664307]],
        "icov": [[0.000804278766736, 0.000586214940995, 0.000972085050307, -0.000290882075205, 0.000885998888407, -0.000435120251495, 8.21323556011e-005, -0.000437284295913, 0.000324563035974, -0.000527621421497, 3.63217113772e-005, -3.62117461918e-005, 8.10764049675e-006], [0.000586214940995, 0.0018702497473, 0.000359954603482, 0.000742661824916, -0.000629512825981, 0.000265967246378, -6.24815511401e-005, 0.000616652600002, 6.00108323852e-005, 0.000431756314356, -0.000440491101472, -0.000196447348571, 7.26502621546e-005], [0.000972085050307, 0.000359954603482, 0.00466578872874, -0.00306937820278, 0.00306908064522, -0.00101510470267, -0.00108123756945, 0.0016111881705, -0.0011608384084, 8.53337551234e-005, -7.39180104574e-005, -0.0010483933147, 0.000300438259728], [-0.000290882075205, 0.000742661824916, -0.00306937820278, 0.00729863159359, -0.00266852206551, 0.00235726707615, 0.00296221021563, -0.00288119981997, 6.41584483674e-005, -0.000624703709036, 0.000440203381004, -0.000542938534636, -0.00111907324754], [0.000885998888407, -0.000629512825981, 0.00306908064522, -0.00266852206551, 0.00915372557938, -0.000678436947055, 0.00124053377658, 0.00204629939981, -0.00249799597077, 0.000953360809945, 0.000960112141911, -0.00150940846652, -0.000633487536106], [-0.000435120251495, 0.000265967246378, -0.00101510470267, 0.00235726707615, -0.000678436947055, 0.00817349553108, -0.00262535735965, 0.00269951298833, -0.000572106859181, -0.000954790215474, -0.000615749973804, -0.000943542050663, -0.000254384765867], [8.21323556011e-005, -6.24815511401e-005, -0.00108123756945, 0.00296221021563, 0.00124053377658, -0.00262535735965, 0.0118295475841, -0.00669758347794, 0.00336131639779, 0.000900534214452, -0.00195934507065, 0.0017071205657, -0.0015421512071], [-0.000437284295913, 0.000616652600002, 0.0016111881705, -0.00288119981997, 0.00204629939981, 0.00269951298833, -0.00669758347794, 0.0155005436391, -0.00608804309741, 0.00291494932026, 0.00217762985267, -0.00248901615851, 0.00193547899835], [0.000324563035974, 6.00108323852e-005, -0.0011608384084, 6.41584483674e-005, -0.00249799597077, -0.000572106859181, 0.00336131639779, -0.00608804309741, 0.017941173166, -0.00616931635886, 0.00044304507901, 0.00220109708607, -0.00204378389753], [-0.000527621421497, 0.000431756314356, 8.53337551234e-005, -0.000624703709036, 0.000953360809945, -0.000954790215474, 0.000900534214452, 0.00291494932026, -0.00616931635886, 0.0171878356487, -0.00653628166765, 0.00416058721021, 0.00035385339288], [3.63217113772e-005, -0.000440491101472, -7.39180104574e-005, 0.000440203381004, 0.000960112141911, -0.000615749973804, -0.00195934507065, 0.00217762985267, 0.00044304507901, -0.00653628166765, 0.0200576875359, -0.00630721729249, 0.00358248292468], [-3.62117461918e-005, -0.000196447348571, -0.0010483933147, -0.000542938534636, -0.00150940846652, -0.000943542050663, 0.0017071205657, -0.00248901615851, 0.00220109708607, 0.00416058721021, -0.00630721729249, 0.0204309411347, -0.00900746136904], [8.10764049675e-006, 7.26502621546e-005, 0.000300438259728, -0.00111907324754, -0.000633487536106, -0.000254384765867, -0.0015421512071, 0.00193547899835, -0.00204378389753, 0.00035385339288, 0.00358248292468, -0.00900746136904, 0.0183691009879]]
    },
    "spectral_contrast_coeffs": {
        "mean": [-0.605741620064, -0.702886164188, -0.738377988338, -0.732061207294, -0.763761401176, -0.742050588131],
        "var": [0.00495384866372, 0.00431033130735, 0.0049737947993, 0.00439603626728, 0.00229829200543, 0.00116089335643]
    },
    "spectral_contrast_valleys": {
        "mean": [-6.70641088486, -6.48605394363, -7.07598018646, -7.47927522659, -8.31418323517, -12.0277709961],
        "var": [0.956700980663, 0.976817429066, 1.10235452652, 1.10430538654, 1.2016171217, 1.20957553387]
    }
},
"metadata": {
    "audio_properties": {
        "analysis_sample_rate": 44100,
        "bit_rate": 119609,
        "equal_loudness": 0,
        "length": 45.0612258911,
        "lossless": 0,
        "replay_gain": -17.2961349487,
        "sample_rate": 44100,
        "codec": "mp3",
        "downmix": "mix",
        "md5_encoded": "1adbe25a2ac31fcf4080e785812c9200"
    },
    "tags": {
        "file_name": "110.mp3"
    },
    "version": {
        "essentia": "2.1-beta2",
        "essentia_git_sha": "v2.1_beta2",
        "extractor": "music 1.0"
    }
},
"rhythm": {
    "beats_count": 73,
    "beats_loudness": {
        "mean": 0.0472223609686,
        "var": 0.000293369783321
    },
    "bpm": 98.0020523071,
    "bpm_histogram_first_peak_bpm": {
        "mean": 98,
        "var": 0
    },
    "bpm_histogram_first_peak_spread": {
        "mean": 0.225352153182,
        "var": 0
    },
    "bpm_histogram_first_peak_weight": {
        "mean": 0.763888895512,
        "var": 0
    },
    "bpm_histogram_second_peak_bpm": {
        "mean": 103,
        "var": 0
    },
    "bpm_histogram_second_peak_spread": {
        "mean": 0,
        "var": 0
    },
    "bpm_histogram_second_peak_weight": {
        "mean": 0.0138888889924,
        "var": 0
    },
    "danceability": 1.30337715149,
    "onset_rate": 2.75057148933,
    "beats_loudness_band_ratio": {
        "mean": [0.486895889044, 0.144000634551, 0.121298335493, 0.195716693997, 0.0820507407188, 0.00947434082627],
        "var": [0.0372173115611, 0.00749391550198, 0.00563013087958, 0.0272503048182, 0.0034934936557, 0.000139155541547]
    },
    "beats_position": [0.568888902664, 1.17260766029, 1.77632653713, 2.39165520668, 3.00698399544, 3.62231278419, 4.23764181137, 4.85297060013, 5.46829938889, 6.07201814651, 6.68734693527, 7.2910656929, 7.90639448166, 8.52172279358, 9.12544155121, 9.72916126251, 10.321269989, 10.9249887466, 11.5403175354, 12.1672563553, 12.7941951752, 13.4211339951, 14.0364627838, 14.66340065, 15.2787294388, 15.8940582275, 16.50938797, 17.1131057739, 17.7284355164, 18.3321533203, 18.9474830627, 19.574420929, 20.2013607025, 20.8166885376, 21.43201828, 22.0589561462, 22.6626758575, 23.2663936615, 23.8701133728, 24.4738311768, 25.0543308258, 25.6464385986, 26.2385482788, 26.8422679901, 27.4459857941, 28.0729255676, 28.6998634338, 29.3151912689, 29.9305210114, 30.5342407227, 31.1379585266, 31.753288269, 32.3686180115, 32.9839439392, 33.6224937439, 34.2378234863, 34.8531494141, 35.4568710327, 36.0605888367, 36.6643066406, 37.2796363831, 37.8717460632, 38.4870758057, 39.0907936096, 39.7061233521, 40.309841156, 40.91355896, 41.5288887024, 42.1442184448, 42.7595443726, 43.374874115, 44.0018119812, 44.6287536621]
},
"tonal": {
    "chords_changes_rate": 0.0514403283596,
    "chords_number_rate": 0.0144032919779,
    "chords_strength": {
        "mean": 0.479482740164,
        "var": 0.00558485230431
    },
    "hpcp_entropy": {
        "mean": 1.9117692709,
        "var": 0.396680444479
    },
    "key_strength": 0.649460077286,
    "tuning_diatonic_strength": 0.585281968117,
    "tuning_equal_tempered_deviation": 0.165094017982,
    "tuning_frequency": 456.306610107,
    "tuning_nontempered_energy_ratio": 0.830279886723,
    "hpcp": {
        "mean": [0.313943564892, 0.141340687871, 0.0574040040374, 0.0364135988057, 0.0489759370685, 0.117215752602, 0.14444090426, 0.1047013551, 0.0933737978339, 0.0772407352924, 0.0575327463448, 0.0524134673178, 0.0376964323223, 0.0534505657852, 0.157255873084, 0.164534077048, 0.071102142334, 0.0511100813746, 0.046624135226, 0.091695509851, 0.343155682087, 0.50625193119, 0.263427913189, 0.0744279399514, 0.0925455316901, 0.0674063116312, 0.0482042022049, 0.108110658824, 0.25154286623, 0.295666188002, 0.168928846717, 0.0888317003846, 0.0852663740516, 0.0642807483673, 0.112510420382, 0.298840641975],
        "var": [0.106260791421, 0.0432405620813, 0.0150658423081, 0.00835932604969, 0.0114763164893, 0.0384983643889, 0.0567622892559, 0.0393132008612, 0.024967007339, 0.017072962597, 0.0108108855784, 0.0111922072247, 0.00781451072544, 0.0113142123446, 0.0720528662205, 0.0859922170639, 0.0213020704687, 0.024195201695, 0.0153538826853, 0.0192518886179, 0.0794444307685, 0.176155224442, 0.0657622888684, 0.0193610265851, 0.0560831539333, 0.0275436788797, 0.00667743338272, 0.0203298833221, 0.0797642245889, 0.103068657219, 0.0602944754064, 0.0338679291308, 0.0372931696475, 0.0160371735692, 0.0179584268481, 0.073399245739]
    },
    "chords_histogram": [11.0082302094, 12.8600826263, 2.88065838814, 21.2962970734, 2.98353910446, 5.34979438782, 1.44032919407, 0, 3.39506173134, 0.102880656719, 0, 0, 2.36625504494, 0, 0.308641970158, 0, 1.02880656719, 4.01234579086, 3.29218101501, 15.9465017319, 11.2139921188, 0.514403283596, 0, 0],
    "thpcp": [1, 0.520349442959, 0.147017598152, 0.182805284858, 0.133147761226, 0.0952178165317, 0.213551104069, 0.496872901917, 0.584029734135, 0.333685338497, 0.175469353795, 0.168426766992, 0.126973837614, 0.222241953015, 0.590300261974, 0.620133042336, 0.279190421104, 0.113390192389, 0.0719278231263, 0.0967422202229, 0.231536403298, 0.285314291716, 0.206816703081, 0.184441372752, 0.15257370472, 0.113644495606, 0.103532381356, 0.0744618028402, 0.105580963194, 0.310627698898, 0.325004339218, 0.140448138118, 0.100957803428, 0.092096708715, 0.181126236916, 0.677835822105],
    "chords_key": "G#",
    "chords_scale": "minor",
    "key_key": "A",
    "key_scale": "major"
}
}