{
"lowlevel": {
    "average_loudness": 0.916675388813,
    "barkbands_crest": {
        "mean": 10.7524986267,
        "var": 14.4486026764
    },
    "barkbands_flatness_db": {
        "mean": 0.299454092979,
        "var": 0.00288786645979
    },
    "barkbands_kurtosis": {
        "mean": 2.58071732521,
        "var": 9.58632850647
    },
    "barkbands_skewness": {
        "mean": 0.623178899288,
        "var": 0.873510181904
    },
    "barkbands_spread": {
        "mean": 5.9763841629,
        "var": 6.98320198059
    },
    "dissonance": {
        "mean": 0.431426972151,
        "var": 0.00282483990304
    },
    "dynamic_complexity": 3.12802362442,
    "erbbands_crest": {
        "mean": 12.0382080078,
        "var": 32.1668586731
    },
    "erbbands_flatness_db": {
        "mean": 0.338125437498,
        "var": 0.00363035011105
    },
    "erbbands_kurtosis": {
        "mean": 1.91617441177,
        "var": 9.71014881134
    },
    "erbbands_skewness": {
        "mean": 0.464046895504,
        "var": 0.30027616024
    },
    "erbbands_spread": {
        "mean": 12.1452198029,
        "var": 47.1188964844
    },
    "hfc": {
        "mean": 14.4511117935,
        "var": 95.3541946411
    },
    "melbands_crest": {
        "mean": 12.1013565063,
        "var": 14.0514431
    },
    "melbands_flatness_db": {
        "mean": 0.388252586126,
        "var": 0.00311488821171
    },
    "melbands_kurtosis": {
        "mean": 3.02789282799,
        "var": 10.5421504974
    },
    "melbands_skewness": {
        "mean": 0.885049164295,
        "var": 1.1142039299
    },
    "melbands_spread": {
        "mean": 9.04524326324,
        "var": 19.0769538879
    },
    "pitch_salience": {
        "mean": 0.632979631424,
        "var": 0.0084040062502
    },
    "silence_rate_20dB": {
        "mean": 1,
        "var": 0
    },
    "silence_rate_30dB": {
        "mean": 0.996910393238,
        "var": 0.00308005115949
    },
    "silence_rate_60dB": {
        "mean": 0.0756951570511,
        "var": 0.0699656829238
    },
    "spectral_centroid": {
        "mean": 537.582397461,
        "var": 61460.6367188
    },
    "spectral_complexity": {
        "mean": 14.9304838181,
        "var": 34.017250061
    },
    "spectral_decrease": {
        "mean": -7.87122633739e-009,
        "var": 2.39991714374e-017
    },
    "spectral_energy": {
        "mean": 0.0310185197741,
        "var": 0.00037165125832
    },
    "spectral_energyband_high": {
        "mean": 1.26515840293e-006,
        "var": 1.09286711625e-012
    },
    "spectral_energyband_low": {
        "mean": 0.00416073435917,
        "var": 3.62797836715e-005
    },
    "spectral_energyband_middle_high": {
        "mean": 0.00323854666203,
        "var": 1.1291458577e-005
    },
    "spectral_energyband_middle_low": {
        "mean": 0.0251806844026,
        "var": 0.000283265806502
    },
    "spectral_entropy": {
        "mean": 6.2739367485,
        "var": 0.21959015727
    },
    "spectral_flux": {
        "mean": 0.0722988843918,
        "var": 0.000901633524336
    },
    "spectral_kurtosis": {
        "mean": 61.7185974121,
        "var": 2511.21777344
    },
    "spectral_rms": {
        "mean": 0.00513711059466,
        "var": 3.8721218516e-006
    },
    "spectral_rolloff": {
        "mean": 692.027770996,
        "var": 196386.859375
    },
    "spectral_skewness": {
        "mean": 5.13112068176,
        "var": 6.29280519485
    },
    "spectral_spread": {
        "mean": 1148256.25,
        "var": 966070239232
    },
    "spectral_strongpeak": {
        "mean": 1.46697461605,
        "var": 1.75479245186
    },
    "zerocrossingrate": {
        "mean": 0.0261678025126,
        "var": 0.000127437218907
    },
    "barkbands": {
        "mean": [3.25336964124e-006, 0.000696437840816, 0.00250483490527, 0.00173194997478, 0.00749053899199, 0.0031405298505, 0.00230743829161, 0.00388668221422, 0.00536080123857, 0.00219529611059, 0.000580462801736, 0.000304989051074, 0.000301881460473, 0.000206239172257, 0.000139354640851, 8.96927158465e-005, 5.17175467394e-005, 1.88563681149e-005, 5.25259747519e-006, 1.65035942246e-006, 5.27631641489e-007, 1.36396735684e-007, 4.94443632704e-008, 2.62193555756e-008, 1.8431201454e-008, 7.49953521506e-009, 1.51495249678e-009],
        "var": [2.99461427877e-011, 1.06162076463e-006, 1.72439340531e-005, 6.25177517577e-006, 6.55189069221e-005, 8.95492667041e-006, 5.44181648365e-006, 4.08059677284e-005, 8.9821201982e-005, 1.54794979608e-005, 3.32311202556e-007, 7.26958546693e-008, 7.24856690226e-008, 3.3342782757e-008, 1.57293023051e-008, 9.025833414e-009, 2.64733279742e-009, 3.63309743401e-010, 2.36819851923e-011, 2.3195629445e-012, 2.31024400998e-013, 1.30448816761e-014, 1.78788516957e-015, 2.9689134782e-016, 6.55071670363e-016, 2.9504661594e-016, 4.54824432632e-018]
    },
    "erbbands": {
        "mean": [0.00850306078792, 0.225820347667, 2.08047389984, 5.40107917786, 12.2444505692, 27.8859367371, 26.5086116791, 27.8281974792, 40.6791877747, 56.1023712158, 70.3581771851, 141.961898804, 97.1698226929, 28.8787937164, 23.834072113, 13.6907901764, 14.2668294907, 11.6790122986, 8.47918319702, 6.20030164719, 4.31543970108, 2.52289843559, 1.37010478973, 0.49375769496, 0.185152664781, 0.0809428840876, 0.0320217423141, 0.0128052271903, 0.0056002936326, 0.00266258534975, 0.00130751938559, 0.000662206613924, 0.00041116803186, 0.000261709705228, 0.000128897780087, 6.04235428909e-005, 1.97449589905e-005, 4.24681547884e-006, 1.50033783939e-005, 3.48886860593e-005],
        "var": [0.00012295016495, 0.109268784523, 10.9017648697, 60.2567558289, 206.206268311, 1068.04370117, 853.130249023, 843.985900879, 1889.22558594, 7968.71142578, 9875.84179688, 63300.6484375, 22241.9277344, 1435.33618164, 626.933654785, 128.167770386, 146.357391357, 93.4225158691, 42.0415000916, 28.0349006653, 16.694776535, 5.91910362244, 1.78365409374, 0.222173064947, 0.0267832968384, 0.00563548365608, 0.000815435836557, 0.000127938299556, 2.26942320296e-005, 4.84032534587e-006, 1.22150925108e-006, 2.07192172752e-007, 8.19810637154e-008, 1.21299535749e-007, 2.06631014521e-008, 2.09456541e-009, 1.5196025549e-009, 7.61648175085e-011, 8.51445719485e-011, 4.68695915412e-010]
    },
    "gfcc": {
        "mean": [-132.002380371, 228.560394287, -132.612670898, -37.925617218, -36.3245010376, -19.5676593781, -29.5832939148, -8.4736661911, -9.86083507538, -15.5191745758, -10.7688007355, -17.5316848755, -3.11854124069],
        "cov": [[5857.82568359, 1479.68432617, -1419.27697754, 936.254394531, 728.939147949, -817.075317383, 305.297912598, -489.572998047, -136.861373901, -619.200866699, 71.1378860474, -123.978256226, 278.008972168], [1479.68432617, 506.51473999, -257.725311279, 143.031829834, 197.849487305, -192.44732666, 94.9053497314, -104.765800476, 8.68083286285, -130.757995605, 36.8607368469, -59.0951919556, 62.2983207703], [-1419.27697754, -257.725311279, 526.659240723, -293.030975342, -177.456710815, 222.808303833, -70.9062652588, 136.733276367, 66.3470153809, 182.896377563, -5.52629184723, 17.1549949646, -82.0743865967], [936.254394531, 143.031829834, -293.030975342, 616.083007813, 287.338562012, -59.0921707153, 11.1289768219, -166.910049438, -116.020050049, -121.463058472, 13.680103302, 49.0458755493, 52.8325843811], [728.939147949, 197.849487305, -177.456710815, 287.338562012, 210.057174683, -42.4756774902, 34.8817138672, -90.6895904541, -43.2678489685, -80.5055160522, 8.94310379028, -0.270068466663, 32.2695579529], [-817.075317383, -192.44732666, 222.808303833, -59.0921707153, -42.4756774902, 214.130264282, -33.1505584717, 66.8102874756, 6.77756977081, 97.8396148682, -20.033618927, 23.9650783539, -44.1905059814], [305.297912598, 94.9053497314, -70.9062652588, 11.1289768219, 34.8817138672, -33.1505584717, 75.0847930908, 13.3679180145, 8.03884983063, -38.5022964478, -8.90948200226, -27.0831756592, 10.1965703964], [-489.572998047, -104.765800476, 136.733276367, -166.910049438, -90.6895904541, 66.8102874756, 13.3679180145, 116.439826965, 58.3663139343, 65.6693572998, -13.7269201279, -15.0407133102, -45.4032325745], [-136.861373901, 8.68083286285, 66.3470153809, -116.020050049, -43.2678489685, 6.77756977081, 8.03884983063, 58.3663139343, 76.5712203979, 50.2040710449, 13.345662117, -16.8181819916, -21.4989719391], [-619.200866699, -130.757995605, 182.896377563, -121.463058472, -80.5055160522, 97.8396148682, -38.5022964478, 65.6693572998, 50.2040710449, 120.451065063, 19.1602878571, 12.9159936905, -45.151889801], [71.1378860474, 36.8607368469, -5.52629184723, 13.680103302, 8.94310379028, -20.033618927, -8.90948200226, -13.7269201279, 13.345662117, 19.1602878571, 53.2550430298, 22.6357479095, 7.9553604126], [-123.978256226, -59.0951919556, 17.1549949646, 49.0458755493, -0.270068466663, 23.9650783539, -27.0831756592, -15.0407133102, -16.8181819916, 12.9159936905, 22.6357479095, 57.5655708313, 20.6219997406], [278.008972168, 62.2983207703, -82.0743865967, 52.8325843811, 32.2695579529, -44.1905059814, 10.1965703964, -45.4032325745, -21.4989719391, -45.151889801, 7.9553604126, 20.6219997406, 68.4572143555]],
        "icov": [[0.00367982289754, -0.00842955894768, 0.00443668337539, -0.00214192201383, 0.00257398281246, 0.00213214778341, -0.000872070144396, 0.000686649116687, 2.66646075033e-005, 0.000546930998098, 0.00329733872786, -0.00324957724661, 0.0014125907328], [-0.00842955894768, 0.0312916561961, -0.0124826300889, 0.00855439063162, -0.0177684240043, -0.000637093558908, -0.00406860234216, 0.00562205165625, -0.00669609662145, 0.00391737185419, -0.0158854629844, 0.0156625695527, -0.00590310245752], [0.00443668337539, -0.0124826300889, 0.011905525811, -0.00183342280798, 0.00572579354048, -0.00179194228258, 0.00222765654325, -0.00163747102488, 0.00155882595573, -0.00357767799869, 0.0056941495277, -0.00590935535729, 0.00300528900698], [-0.00214192201383, 0.00855439063162, -0.00183342280798, 0.0100155826658, -0.0143194478005, 0.00137234095018, -0.00115857808851, 0.00307773356326, 0.00238629546948, -0.00128724204842, -0.00128078192938, -0.00339096342213, 0.00190632115118], [0.00257398281246, -0.0177684240043, 0.00572579354048, -0.0143194478005, 0.0365800671279, -0.0105072548613, -0.000819941516966, 0.00307154585607, -0.00351001368836, 0.00442285183817, 0.00321265356615, -0.0018727874849, 0.00377174955793], [0.00213214778341, -0.000637093558908, -0.00179194228258, 0.00137234095018, -0.0105072548613, 0.019910056144, -0.00395066896453, -0.00301594426855, 0.0073525365442, -0.0123721538112, 0.0103878919035, -0.0068867765367, 0.00012316997163], [-0.000872070144396, -0.00406860234216, 0.00222765654325, -0.00115857808851, -0.000819941516966, -0.00395066896453, 0.034327108413, -0.0224054325372, 0.00473202671856, 0.00693324068561, -0.00376788340509, 0.0103625291958, -0.00795248057693], [0.000686649116687, 0.00562205165625, -0.00163747102488, 0.00307773356326, 0.00307154585607, -0.00301594426855, -0.0224054325372, 0.045263107866, -0.0244053397328, 0.00280519993976, 0.00682225590572, -0.00756866997108, 0.0133922528476], [2.66646075033e-005, -0.00669609662145, 0.00155882595573, 0.00238629546948, -0.00351001368836, 0.0073525365442, 0.00473202671856, -0.0244053397328, 0.046032845974, -0.0219953414053, -0.00290247960947, 0.00502723176032, -0.00570573145524], [0.000546930998098, 0.00391737185419, -0.00357767799869, -0.00128724204842, 0.00442285183817, -0.0123721538112, 0.00693324068561, 0.00280519993976, -0.0219953414053, 0.0481147244573, -0.0221876259893, 0.00535677466542, 0.00746636511758], [0.00329733872786, -0.0158854629844, 0.0056941495277, -0.00128078192938, 0.00321265356615, 0.0103878919035, -0.00376788340509, 0.00682225590572, -0.00290247960947, -0.0221876259893, 0.0525400526822, -0.0333462171257, 0.00755191594362], [-0.00324957724661, 0.0156625695527, -0.00590935535729, -0.00339096342213, -0.0018727874849, -0.0068867765367, 0.0103625291958, -0.00756866997108, 0.00502723176032, 0.00535677466542, -0.0333462171257, 0.0589899159968, -0.02443356812], [0.0014125907328, -0.00590310245752, 0.00300528900698, 0.00190632115118, 0.00377174955793, 0.00012316997163, -0.00795248057693, 0.0133922528476, -0.00570573145524, 0.00746636511758, 0.00755191594362, -0.02443356812, 0.0343586243689]]
    },
    "melbands": {
        "mean": [0.00013133144239, 0.000855689228047, 0.00106912525371, 0.00146339880303, 0.00109924166463, 0.000661831523757, 0.000554040831048, 0.000714798807167, 0.000522727379575, 0.000941558333579, 0.000464031181764, 0.000119148622616, 7.31135951355e-005, 4.6374687372e-005, 2.99526236631e-005, 2.99370567518e-005, 2.16478056245e-005, 1.3757025954e-005, 1.02729927676e-005, 7.90758622315e-006, 4.37725429947e-006, 2.77744015875e-006, 1.72633735929e-006, 8.49712137097e-007, 3.50735746224e-007, 1.62635615197e-007, 8.82370230215e-008, 4.35804778931e-008, 2.26432401718e-008, 1.11933733393e-008, 5.95272009463e-009, 3.30151528338e-009, 2.02741046174e-009, 1.22421583981e-009, 8.09408262636e-010, 4.5506626245e-010, 3.60770718855e-010, 2.74717026905e-010, 2.42325159938e-010, 1.91349269762e-010],
        "var": [3.26382156857e-008, 1.7495621023e-006, 1.7457539343e-006, 2.50542439062e-006, 1.66009795066e-006, 4.20345372731e-007, 3.24010187569e-007, 1.43520549045e-006, 5.13153167958e-007, 2.93890116154e-006, 5.38750498436e-007, 4.00551662949e-008, 5.35384092615e-009, 1.79367642961e-009, 6.18616324832e-010, 8.50740144998e-010, 4.11388867416e-010, 1.21452126134e-010, 1.04578207205e-010, 7.14034734117e-011, 1.85266680469e-011, 7.62951160582e-012, 3.04083212603e-012, 7.81819379202e-013, 1.27705761547e-013, 2.296676304e-014, 7.41109952541e-015, 1.88988762994e-015, 4.56410415799e-016, 1.12368555453e-016, 2.95088345548e-017, 8.7413783613e-018, 3.13737260671e-018, 1.21540563214e-018, 5.5713064778e-019, 1.28739262761e-019, 6.38409595715e-020, 3.55350134934e-020, 8.36938306477e-020, 9.36415693178e-020]
    },
    "mfcc": {
        "mean": [-768.223388672, 260.860656738, -24.1884632111, -10.7288255692, 2.12162518501, -13.6788978577, -9.15991401672, -6.36799669266, -0.0450678691268, -1.27766489983, -2.62073397636, -5.54625797272, -8.23802757263],
        "cov": [[4993.78613281, 1586.10119629, -1806.00830078, 1071.53588867, 518.628112793, -217.829620361, 256.629180908, 122.208488464, -90.8137512207, -388.96282959, -316.007385254, -147.79914856, -98.5458450317], [1586.10119629, 768.001220703, -437.985626221, 152.266693115, 121.724121094, -120.391304016, 22.6669197083, 44.1675605774, -7.53517246246, -52.4444160461, -39.4246788025, -25.6021518707, -41.6838302612], [-1806.00830078, -437.985626221, 779.485961914, -430.673126221, -203.401351929, 75.084777832, -119.030845642, -50.4082260132, 38.0735473633, 163.414993286, 140.397720337, 68.2847061157, 41.7267608643], [1071.53588867, 152.266693115, -430.673126221, 474.953887939, 215.623031616, 36.7666625977, 124.781517029, 13.3517217636, -47.0498085022, -147.97315979, -121.494102478, -29.584148407, 13.9156808853], [518.628112793, 121.724121094, -203.401351929, 215.623031616, 180.509597778, 64.7277374268, 71.1413497925, 13.4562664032, -20.3792304993, -56.8928375244, -51.4248085022, 0.655071377754, 26.9353618622], [-217.829620361, -120.391304016, 75.084777832, 36.7666625977, 64.7277374268, 120.628387451, 45.5899581909, -7.26800203323, -2.83273673058, -5.93229055405, -13.5743789673, 4.93202781677, 30.0807476044], [256.629180908, 22.6669197083, -119.030845642, 124.781517029, 71.1413497925, 45.5899581909, 88.2243270874, 30.4877681732, -6.36617660522, -31.0258979797, -39.9971351624, -22.3731060028, -2.70928692818], [122.208488464, 44.1675605774, -50.4082260132, 13.3517217636, 13.4562664032, -7.26800203323, 30.4877681732, 53.0459213257, 25.0360565186, 4.32764053345, 0.329718023539, -9.72290706635, -8.6136713028], [-90.8137512207, -7.53517246246, 38.0735473633, -47.0498085022, -20.3792304993, -2.83273673058, -6.36617660522, 25.0360565186, 47.9552230835, 39.8917045593, 17.6755237579, 5.96043920517, -1.66632294655], [-388.96282959, -52.4444160461, 163.414993286, -147.97315979, -56.8928375244, -5.93229055405, -31.0258979797, 4.32764053345, 39.8917045593, 96.4796981812, 65.9469680786, 19.5221195221, 4.27527761459], [-316.007385254, -39.4246788025, 140.397720337, -121.494102478, -51.4248085022, -13.5743789673, -39.9971351624, 0.329718023539, 17.6755237579, 65.9469680786, 81.9417266846, 45.0813407898, 15.4864425659], [-147.79914856, -25.6021518707, 68.2847061157, -29.584148407, 0.655071377754, 4.93202781677, -22.3731060028, -9.72290706635, 5.96043920517, 19.5221195221, 45.0813407898, 76.8228912354, 56.3303337097], [-98.5458450317, -41.6838302612, 41.7267608643, 13.9156808853, 26.9353618622, 30.0807476044, -2.70928692818, -8.6136713028, -1.66632294655, 4.27527761459, 15.4864425659, 56.3303337097, 79.3997573853]],
        "icov": [[0.109403081238, -0.150851815939, 0.145694121718, -0.133500367403, 0.121097996831, -0.102352835238, 0.0854166299105, -0.0690052956343, 0.0459866151214, -0.0266149416566, 0.0176157876849, -0.00598440738395, -0.000247916294029], [-0.150851815939, 0.210983842611, -0.200501710176, 0.186793863773, -0.173047050834, 0.14780305326, -0.121711224318, 0.0994809120893, -0.0684629827738, 0.041531752795, -0.0283989887685, 0.0112192491069, -0.000578150735237], [0.145694121718, -0.200501710176, 0.201501354575, -0.180164352059, 0.171612232924, -0.152066409588, 0.129123210907, -0.105962209404, 0.0783643871546, -0.0535906665027, 0.0345796458423, -0.0185794606805, 0.00451752077788], [-0.133500367403, 0.186793863773, -0.180164352059, 0.182844787836, -0.172108784318, 0.15196017921, -0.139197230339, 0.121591769159, -0.0947656333447, 0.0742414370179, -0.0496884584427, 0.0298613850027, -0.0132155483589], [0.121097996831, -0.173047050834, 0.171612232924, -0.172108784318, 0.187379777431, -0.168994769454, 0.145963311195, -0.137162238359, 0.117384821177, -0.0949201509356, 0.0705404430628, -0.0492113977671, 0.0187160093337], [-0.102352835238, 0.14780305326, -0.152066409588, 0.15196017921, -0.168994769454, 0.17893512547, -0.161929041147, 0.151158794761, -0.133750170469, 0.111916705966, -0.0835474655032, 0.063202008605, -0.0331206284463], [0.0854166299105, -0.121711224318, 0.129123210907, -0.139197230339, 0.145963311195, -0.161929041147, 0.18592043221, -0.172252252698, 0.152209892869, -0.132382765412, 0.10497622937, -0.0710190311074, 0.0383751355112], [-0.0690052956343, 0.0994809120893, -0.105962209404, 0.121591769159, -0.137162238359, 0.151158794761, -0.172252252698, 0.201048657298, -0.180018469691, 0.149721816182, -0.125783726573, 0.0918357148767, -0.0463055148721], [0.0459866151214, -0.0684629827738, 0.0783643871546, -0.0947656333447, 0.117384821177, -0.133750170469, 0.152209892869, -0.180018469691, 0.205018386245, -0.171284452081, 0.135989949107, -0.101988635957, 0.0524316243827], [-0.0266149416566, 0.041531752795, -0.0535906665027, 0.0742414370179, -0.0949201509356, 0.111916705966, -0.132382765412, 0.149721816182, -0.171284452081, 0.182096138597, -0.143071353436, 0.10259038955, -0.0528288036585], [0.0176157876849, -0.0283989887685, 0.0345796458423, -0.0496884584427, 0.0705404430628, -0.0835474655032, 0.10497622937, -0.125783726573, 0.135989949107, -0.143071353436, 0.1503469944, -0.106572322547, 0.051990237087], [-0.00598440738395, 0.0112192491069, -0.0185794606805, 0.0298613850027, -0.0492113977671, 0.063202008605, -0.0710190311074, 0.0918357148767, -0.101988635957, 0.10259038955, -0.106572322547, 0.110280334949, -0.0618341118097], [-0.000247916294029, -0.000578150735237, 0.00451752077788, -0.0132155483589, 0.0187160093337, -0.0331206284463, 0.0383751355112, -0.0463055148721, 0.0524316243827, -0.0528288036585, 0.051990237087, -0.0618341118097, 0.0520828925073]]
    },
    "spectral_contrast_coeffs": {
        "mean": [-0.575222969055, -0.722708582878, -0.726094126701, -0.799806058407, -0.766177475452, -0.809404492378],
        "var": [0.00880931969732, 0.00492328777909, 0.00820048060268, 0.00123023521155, 0.00153650413267, 0.00220179604366]
    },
    "spectral_contrast_valleys": {
        "mean": [-7.65118074417, -6.13136816025, -6.97209072113, -7.90623521805, -9.81001663208, -13.3888311386],
        "var": [1.06714689732, 0.863307952881, 0.905206739902, 1.08193123341, 1.29788947105, 0.189131826162]
    }
},
"metadata": {
    "audio_properties": {
        "analysis_sample_rate": 44100,
        "bit_rate": 128074,
        "equal_loudness": 0,
        "length": 45.0612258911,
        "lossless": 0,
        "replay_gain": -2.11755752563,
        "sample_rate": 44100,
        "codec": "mp3",
        "downmix": "mix",
        "md5_encoded": "244f85e7a9a99b648d5f1960e84de785"
    },
    "tags": {
        "file_name": "1101.mp3"
    },
    "version": {
        "essentia": "2.1-beta2",
        "essentia_git_sha": "v2.1_beta2",
        "extractor": "music 1.0"
    }
},
"rhythm": {
    "beats_count": 95,
    "beats_loudness": {
        "mean": 0.0344671532512,
        "var": 0.000452447769931
    },
    "bpm": 161.498962402,
    "bpm_histogram_first_peak_bpm": {
        "mean": 161,
        "var": 0
    },
    "bpm_histogram_first_peak_spread": {
        "mean": 0.434782624245,
        "var": 0
    },
    "bpm_histogram_first_peak_weight": {
        "mean": 0.138297870755,
        "var": 0
    },
    "bpm_histogram_second_peak_bpm": {
        "mean": 140,
        "var": 0
    },
    "bpm_histogram_second_peak_spread": {
        "mean": 0.466666668653,
        "var": 0
    },
    "bpm_histogram_second_peak_weight": {
        "mean": 0.0851063802838,
        "var": 0
    },
    "danceability": 0.90636742115,
    "onset_rate": 0.443640559912,
    "beats_loudness_band_ratio": {
        "mean": [0.198321416974, 0.337626487017, 0.460619032383, 0.085100568831, 0.0134877534583, 0.000221402588068],
        "var": [0.024692883715, 0.03309013322, 0.0674508064985, 0.00541376508772, 0.00016876263544, 3.84604064152e-008]
    },
    "beats_position": [0.371519267559, 0.766258478165, 1.16099774837, 1.55573689938, 1.93886613846, 2.33360528946, 2.71673464775, 3.11147379875, 3.49460315704, 3.87773227692, 4.27247142792, 4.66721057892, 5.05034017563, 5.42185926437, 5.80498838425, 6.17650794983, 6.5596370697, 6.93115615845, 7.31428575516, 7.74385452271, 8.17342376709, 8.60299301147, 9.02095222473, 9.45052146912, 9.8800907135, 10.2980499268, 10.7276191711, 11.1687984467, 11.6099767685, 12.0279359818, 12.4691152573, 12.8986845016, 13.328253746, 13.7926530838, 14.2570514679, 14.7330608368, 15.2090702057, 15.6734695435, 16.1494789124, 16.602268219, 17.0550556183, 17.5078449249, 17.9490242004, 18.4018135071, 18.8546028137, 19.4118824005, 19.96916008, 20.5264396667, 21.0837192535, 21.640996933, 22.2098865509, 22.7787742615, 23.3592739105, 23.9513835907, 24.5434913635, 25.1472110748, 25.7509288788, 26.3546485901, 26.9351463318, 27.527256012, 28.1193637848, 28.6998634338, 29.2571430206, 29.8144207001, 30.3600902557, 30.9057598114, 31.474647522, 32.0435371399, 32.6240348816, 33.204536438, 33.7734222412, 34.2726516724, 34.783493042, 35.3059387207, 35.8167800903, 36.3392295837, 36.8500671387, 37.3609046936, 37.8717460632, 38.3709754944, 38.8702049255, 39.3810424805, 39.8918800354, 40.2634010315, 40.6349182129, 41.006439209, 41.3779602051, 41.7494773865, 42.1209983826, 42.492515564, 42.8640365601, 43.2355537415, 43.6070747375, 43.9902038574, 44.3733329773]
},
"tonal": {
    "chords_changes_rate": 0.0360082313418,
    "chords_number_rate": 0.00823045242578,
    "chords_strength": {
        "mean": 0.510099470615,
        "var": 0.00805894844234
    },
    "hpcp_entropy": {
        "mean": 1.79099690914,
        "var": 0.502288460732
    },
    "key_strength": 0.832737565041,
    "tuning_diatonic_strength": 0.615740060806,
    "tuning_equal_tempered_deviation": 0.0585186779499,
    "tuning_frequency": 441.527557373,
    "tuning_nontempered_energy_ratio": 0.661856293678,
    "hpcp": {
        "mean": [0.0187062155455, 0.021657127887, 0.0849691927433, 0.12247095257, 0.0698122680187, 0.0325636938214, 0.0267635565251, 0.084711022675, 0.40005916357, 0.53810608387, 0.247462183237, 0.126307889819, 0.167019367218, 0.0919597148895, 0.0548238009214, 0.067850984633, 0.0513654388487, 0.114326775074, 0.161085814238, 0.0848252773285, 0.0352964214981, 0.0301743913442, 0.0430297367275, 0.2646048069, 0.428983986378, 0.208733543754, 0.0174352843314, 0.016726160422, 0.0589326508343, 0.241609022021, 0.340069174767, 0.207580327988, 0.235554173589, 0.277974098921, 0.117373667657, 0.0265597254038],
        "var": [0.000643101637252, 0.00100974040106, 0.019699094817, 0.0404295288026, 0.0120729217306, 0.00428999308497, 0.0034857254941, 0.0115267615765, 0.0963537618518, 0.141652271152, 0.0461961254478, 0.0479403845966, 0.111377574503, 0.0291715245694, 0.0114179030061, 0.018332419917, 0.00635590404272, 0.0283488966525, 0.0591679662466, 0.0135055677965, 0.00248858705163, 0.00215513189323, 0.00520533462986, 0.0474853478372, 0.130845397711, 0.0389518477023, 0.00198509334587, 0.0023907397408, 0.0154605396092, 0.0626523792744, 0.10521890223, 0.0429830886424, 0.0772842019796, 0.121082618833, 0.0221583172679, 0.00139234471135]
    },
    "chords_histogram": [53.3950614929, 6.79012346268, 10.5967073441, 0, 0, 1.33744859695, 0, 14.1975307465, 0, 4.32098770142, 0, 2.67489719391, 0, 0, 0, 0, 0, 0, 0, 0, 0, 0, 0, 6.68724298477],
    "thpcp": [1, 0.459876209497, 0.23472674191, 0.310383707285, 0.170895144343, 0.101882889867, 0.126092210412, 0.0954559743404, 0.212461411953, 0.299356997013, 0.157636716962, 0.0655937939882, 0.0560751706362, 0.079965159297, 0.491733521223, 0.797210812569, 0.387904077768, 0.0324012041092, 0.031083388254, 0.109518647194, 0.448998868465, 0.631974220276, 0.385760962963, 0.437746733427, 0.516578614712, 0.218123659492, 0.0493577867746, 0.0347630642354, 0.0402469485998, 0.157904163003, 0.22759629786, 0.129737004638, 0.0605153776705, 0.0497365817428, 0.157424390316, 0.743457794189],
    "chords_key": "F",
    "chords_scale": "minor",
    "key_key": "F",
    "key_scale": "minor"
}
}