{
"lowlevel": {
    "average_loudness": 0.816364467144,
    "barkbands_crest": {
        "mean": 13.3854627609,
        "var": 17.6395435333
    },
    "barkbands_flatness_db": {
        "mean": 0.343002796173,
        "var": 0.00371309835464
    },
    "barkbands_kurtosis": {
        "mean": 2.05254459381,
        "var": 38.4482574463
    },
    "barkbands_skewness": {
        "mean": 0.31148827076,
        "var": 1.30392289162
    },
    "barkbands_spread": {
        "mean": 9.15669441223,
        "var": 19.8859062195
    },
    "dissonance": {
        "mean": 0.462036728859,
        "var": 0.00118932372425
    },
    "dynamic_complexity": 8.84630775452,
    "erbbands_crest": {
        "mean": 16.9918384552,
        "var": 27.4560661316
    },
    "erbbands_flatness_db": {
        "mean": 0.402907401323,
        "var": 0.00209853053093
    },
    "erbbands_kurtosis": {
        "mean": 1.24640023708,
        "var": 20.0419254303
    },
    "erbbands_skewness": {
        "mean": 0.487287849188,
        "var": 0.956575274467
    },
    "erbbands_spread": {
        "mean": 13.0835609436,
        "var": 39.0696563721
    },
    "hfc": {
        "mean": 13.1837797165,
        "var": 640.398132324
    },
    "melbands_crest": {
        "mean": 14.9271326065,
        "var": 25.3892784119
    },
    "melbands_flatness_db": {
        "mean": 0.310800880194,
        "var": 0.00366584490985
    },
    "melbands_kurtosis": {
        "mean": 3.34709525108,
        "var": 68.7100753784
    },
    "melbands_skewness": {
        "mean": 0.820432782173,
        "var": 1.55717909336
    },
    "melbands_spread": {
        "mean": 20.0604000092,
        "var": 110.197441101
    },
    "pitch_salience": {
        "mean": 0.498277753592,
        "var": 0.0167236272246
    },
    "silence_rate_20dB": {
        "mean": 1,
        "var": 0
    },
    "silence_rate_30dB": {
        "mean": 0.999485075474,
        "var": 0.000514647399541
    },
    "silence_rate_60dB": {
        "mean": 0.567971169949,
        "var": 0.24538013339
    },
    "spectral_centroid": {
        "mean": 2442.55175781,
        "var": 423040.9375
    },
    "spectral_complexity": {
        "mean": 4.90267753601,
        "var": 15.5163097382
    },
    "spectral_decrease": {
        "mean": -1.32652100415e-009,
        "var": 6.06070685324e-018
    },
    "spectral_energy": {
        "mean": 0.00620240392163,
        "var": 0.000133051638841
    },
    "spectral_energyband_high": {
        "mean": 0.000364643376088,
        "var": 1.44913599343e-006
    },
    "spectral_energyband_low": {
        "mean": 8.66405684974e-007,
        "var": 2.05859027741e-011
    },
    "spectral_energyband_middle_high": {
        "mean": 0.00555677432567,
        "var": 0.000111096691398
    },
    "spectral_energyband_middle_low": {
        "mean": 0.000340453523677,
        "var": 9.72620568973e-007
    },
    "spectral_entropy": {
        "mean": 5.97329473495,
        "var": 0.297866404057
    },
    "spectral_flux": {
        "mean": 0.0242874249816,
        "var": 0.00108864589129
    },
    "spectral_kurtosis": {
        "mean": 12.6124687195,
        "var": 48.4805335999
    },
    "spectral_rms": {
        "mean": 0.00181408168282,
        "var": 2.76022592516e-006
    },
    "spectral_rolloff": {
        "mean": 2865.49804688,
        "var": 1179181.75
    },
    "spectral_skewness": {
        "mean": 1.99923253059,
        "var": 0.373685270548
    },
    "spectral_spread": {
        "mean": 2341180.25,
        "var": 1.26478922547e+012
    },
    "spectral_strongpeak": {
        "mean": 2.15490007401,
        "var": 5.44967508316
    },
    "zerocrossingrate": {
        "mean": 0.0960257127881,
        "var": 0.000932323862799
    },
    "barkbands": {
        "mean": [1.74156718913e-006, 3.06363773461e-007, 4.91384621881e-009, 1.71178926589e-009, 5.98264762175e-008, 1.22080038523e-007, 1.4239549273e-005, 6.09074049862e-007, 0.000324757624185, 3.41009981639e-005, 6.70101944706e-005, 0.00045251721167, 0.00225995574147, 0.000108960921352, 0.000336202181643, 0.000369348359527, 0.000697130395565, 0.000195646673092, 0.000478270376334, 0.000700822449289, 4.30589534517e-005, 4.71533203381e-005, 3.73506991309e-005, 1.69870709215e-005, 1.07425012175e-005, 4.99858651892e-006, 3.05252370936e-007],
        "var": [1.53058871133e-010, 7.54693291367e-013, 7.89756102905e-016, 1.5092394673e-016, 1.15067027087e-012, 3.60962410136e-012, 8.72910277394e-009, 2.55863628895e-011, 9.70190853877e-007, 3.53885738491e-008, 1.03262046025e-007, 3.98350539399e-006, 2.7243331715e-005, 1.36839048537e-006, 1.44233274568e-006, 1.78834011422e-006, 2.11161877814e-005, 6.54500183828e-007, 1.56172313837e-006, 3.13401096719e-006, 4.38199592168e-008, 4.35402505161e-008, 9.87919346329e-009, 3.10944825443e-009, 1.33869082486e-009, 3.24425791787e-010, 1.654923594e-012]
    },
    "erbbands": {
        "mean": [2.34945873672e-005, 2.59759799519e-005, 1.02749909274e-005, 5.84510871704e-006, 1.36120925163e-005, 0.000191230225028, 0.000946748419665, 0.00737874163315, 0.208655014634, 0.0980557352304, 1.30764341354, 9.40320682526, 0.724264681339, 2.70202279091, 6.54760885239, 27.9169216156, 119.683036804, 9.13184928894, 9.38161849976, 34.2009162903, 23.0247325897, 29.1049728394, 15.5702896118, 20.514377594, 20.4147205353, 43.5676765442, 4.62347555161, 1.24273657799, 1.54719376564, 1.34019613266, 1.04294133186, 0.403778493404, 0.26216557622, 0.137500196695, 0.0698186010122, 0.0204646587372, 0.0116875944659, 0.00151205668226, 4.90788006573e-005, 1.01844389064e-005],
        "var": [7.68341656965e-009, 3.87540888269e-009, 1.50792267561e-009, 1.54549473219e-009, 1.56742210322e-008, 1.04085320345e-005, 0.000273320329143, 0.00194291281514, 1.87556731701, 0.228654593229, 14.5694522858, 831.615783691, 4.26661920547, 135.498626709, 466.321014404, 6864.2421875, 79039.8828125, 637.354309082, 5697.25048828, 20490.0820313, 16305.7529297, 31961.0917969, 2834.37158203, 2345.88647461, 2843.48022461, 13072.2519531, 191.153762817, 15.3089752197, 47.4270172119, 19.0146827698, 11.3412876129, 1.69087469578, 1.03123664856, 0.217282786965, 0.0616210773587, 0.0043787593022, 0.00234908750281, 2.80631375063e-005, 2.51322376243e-008, 3.4824537698e-010]
    },
    "gfcc": {
        "mean": [-274.827087402, -42.2755889893, -264.416473389, -10.0494365692, -41.2923164368, 29.4498138428, 7.45932006836, 36.8187522888, 1.96794772148, 19.0298919678, 6.75899028778, -6.21455812454, -15.4738502502],
        "cov": [[17105.3417969, -7438.97119141, -1172.74523926, -557.97857666, -2054.03564453, 718.194091797, -741.229187012, 594.630126953, -1179.53808594, 363.534454346, -21.9847564697, 438.577606201, -604.646240234], [-7438.97119141, 5094.03662109, 437.400115967, -106.795326233, 604.25970459, -798.344116211, 275.548248291, -484.319732666, 681.089660645, -149.490341187, 187.095245361, -229.435150146, 345.303009033], [-1172.74523926, 437.400115967, 754.683105469, 225.655883789, 252.491500854, -27.6357402802, -234.603103638, -107.518623352, -6.45717477798, 69.28855896, -21.2825164795, 153.312759399, 90.4572067261], [-557.97857666, -106.795326233, 225.655883789, 467.857849121, 306.596130371, 104.992935181, 1.8241070509, 28.7708339691, 44.253074646, -30.5258674622, -12.9994764328, 30.219039917, 57.0333366394], [-2054.03564453, 604.25970459, 252.491500854, 306.596130371, 600.472167969, 88.0484390259, 70.0527114868, -33.7266159058, 121.284461975, -31.5653095245, -51.2878417969, -18.4828701019, 92.7978439331], [718.194091797, -798.344116211, -27.6357402802, 104.992935181, 88.0484390259, 456.523620605, 157.699203491, 144.407684326, -130.305480957, -15.0584077835, -16.7977466583, -6.7525396347, -86.1671524048], [-741.229187012, 275.548248291, -234.603103638, 1.8241070509, 70.0527114868, 157.699203491, 486.047698975, 120.422195435, 27.0964374542, -66.4455490112, 51.520816803, -154.149215698, -90.9079208374], [594.630126953, -484.319732666, -107.518623352, 28.7708339691, -33.7266159058, 144.407684326, 120.422195435, 298.964599609, 31.7835063934, 2.51065635681, -65.905166626, -47.5869140625, -60.7285118103], [-1179.53808594, 681.089660645, -6.45717477798, 44.253074646, 121.284461975, -130.305480957, 27.0964374542, 31.7835063934, 373.773468018, -11.0466604233, -82.3071365356, -111.011573792, 24.1812286377], [363.534454346, -149.490341187, 69.28855896, -30.5258674622, -31.5653095245, -15.0584077835, -66.4455490112, 2.51065635681, -11.0466604233, 170.463378906, 29.0309257507, -15.8059749603, -76.2410888672], [-21.9847564697, 187.095245361, -21.2825164795, -12.9994764328, -51.2878417969, -16.7977466583, 51.520816803, -65.905166626, -82.3071365356, 29.0309257507, 217.50793457, 16.017282486, -17.8935108185], [438.577606201, -229.435150146, 153.312759399, 30.219039917, -18.4828701019, -6.7525396347, -154.149215698, -47.5869140625, -111.011573792, -15.8059749603, 16.017282486, 238.994369507, 109.836730957], [-604.646240234, 345.303009033, 90.4572067261, 57.0333366394, 92.7978439331, -86.1671524048, -90.9079208374, -60.7285118103, 24.1812286377, -76.2410888672, -17.8935108185, 109.836730957, 243.284912109]],
        "icov": [[0.000343262945535, 0.000190022750758, 0.000448869424872, -0.000258194922935, 0.000774341460783, -0.000268787960522, 0.000502830662299, -0.000189240599866, 0.000291457370622, -0.000395766604925, 9.66376319411e-005, -0.000376624782803, 0.000251291727182], [0.000190022750758, 0.00147710042074, -0.00117056793533, 0.00140772038139, -0.000687789812218, 0.00153918215074, -0.00124862638768, 0.000869814481121, -0.0014630118385, 0.000906576693524, -0.00160376867279, 0.000992648303509, -0.00109754840378], [0.000448869424872, -0.00117056793533, 0.00443786289543, -0.00261225970462, 0.00135078642052, -0.00200972240418, 0.00285144452937, -0.00080708990572, 0.00205029430799, -0.00275441794656, 0.00207946193404, -0.00292679620907, 0.00178367237095], [-0.000258194922935, 0.00140772038139, -0.00261225970462, 0.00574566051364, -0.00352424755692, 0.00155860849191, -0.00154586252756, 0.000314230273943, -0.0023156364914, 0.00256054615602, -0.00285844155587, 0.00159312668256, -0.00151520175859], [0.000774341460783, -0.000687789812218, 0.00135078642052, -0.00352424755692, 0.0063173272647, -0.00286538992077, 0.00125863938592, 3.27240486513e-005, 0.00111374480184, -0.00242935307324, 0.0024073314853, -0.00112247851212, 9.04176267795e-005], [-0.000268787960522, 0.00153918215074, -0.00200972240418, 0.00155860849191, -0.00286538992077, 0.00636690575629, -0.00308125768788, -0.000175532390131, -0.000381936959457, 0.00206788419746, -0.00149254582357, 0.00118567654863, -0.000277038518107], [0.000502830662299, -0.00124862638768, 0.00285144452937, -0.00154586252756, 0.00125863938592, -0.00308125768788, 0.0067936158739, -0.00269783777185, 0.00217741099186, 0.000315618468449, -6.78059950587e-005, -1.28665424199e-005, 0.00250113010406], [-0.000189240599866, 0.000869814481121, -0.00080708990572, 0.000314230273943, 3.27240486513e-005, -0.000175532390131, -0.00269783777185, 0.00626735575497, -0.00225856830366, -0.000298991362797, 0.000764939002693, 0.000527062627953, -0.00104766478762], [0.000291457370622, -0.0014630118385, 0.00205029430799, -0.0023156364914, 0.00111374480184, -0.000381936959457, 0.00217741099186, -0.00225856830366, 0.00681745586917, -0.00166571291629, 0.00325049855746, 0.000384323910112, 0.00113708735444], [-0.000395766604925, 0.000906576693524, -0.00275441794656, 0.00256054615602, -0.00242935307324, 0.00206788419746, 0.000315618468449, -0.000298991362797, -0.00166571291629, 0.0105660343543, -0.00355520122685, 0.00227914494462, 0.00204217946157], [9.66376319411e-005, -0.00160376867279, 0.00207946193404, -0.00285844155587, 0.0024073314853, -0.00149254582357, -6.78059950587e-005, 0.000764939002693, 0.00325049855746, -0.00355520122685, 0.00871757231653, -0.00239857123233, 0.00141896808054], [-0.000376624782803, 0.000992648303509, -0.00292679620907, 0.00159312668256, -0.00112247851212, 0.00118567654863, -1.28665424199e-005, 0.000527062627953, 0.000384323910112, 0.00227914494462, -0.00239857123233, 0.0102323424071, -0.00477533740923], [0.000251291727182, -0.00109754840378, 0.00178367237095, -0.00151520175859, 9.04176267795e-005, -0.000277038518107, 0.00250113010406, -0.00104766478762, 0.00113708735444, 0.00204217946157, 0.00141896808054, -0.00477533740923, 0.00931248534471]]
    },
    "melbands": {
        "mean": [2.11176185871e-007, 1.30354642636e-008, 1.01567509958e-009, 4.29695035109e-009, 2.51790801542e-008, 6.5743577693e-008, 3.24088068737e-006, 6.29140288311e-007, 2.32286638493e-005, 5.11326979904e-005, 9.56553094511e-007, 1.01388723124e-005, 1.37285078381e-005, 4.6937220759e-005, 0.000204067633604, 0.000168975268025, 4.1716425585e-006, 1.45360327224e-005, 2.86120648525e-005, 3.84367122024e-005, 3.09721508529e-005, 3.522672705e-005, 2.45800620178e-005, 5.23280550624e-006, 1.82315561688e-005, 1.74615142896e-005, 2.02013961825e-005, 2.85633032036e-005, 1.40829558859e-006, 1.38647919812e-006, 5.36614322755e-007, 7.11066888925e-007, 1.20581580632e-006, 6.86312603193e-007, 6.73211445701e-007, 3.09591001724e-007, 2.18867626245e-007, 1.53061478159e-007, 2.11106154779e-007, 7.84089948525e-008],
        "var": [9.78435214793e-013, 1.19116570482e-015, 4.64498508419e-017, 4.64552424713e-015, 2.36872072521e-013, 1.73131257594e-013, 4.56376630931e-010, 1.48582136178e-011, 4.67138594473e-009, 2.46940938808e-008, 3.38441323577e-011, 2.12618278539e-009, 2.19211448993e-009, 2.61853596584e-008, 2.37304945472e-007, 1.88907719689e-007, 1.04921005217e-009, 2.57840238049e-008, 1.21096945804e-008, 2.47918396923e-008, 5.16577216558e-008, 7.6718130515e-008, 5.62688917682e-009, 8.83690565168e-010, 2.0058663619e-009, 2.27572405365e-009, 2.91959678655e-009, 6.57188836684e-009, 4.45434418517e-011, 5.05014606522e-011, 3.97942919936e-012, 9.80809097134e-012, 5.39194452975e-011, 4.31501535891e-012, 6.90303543494e-012, 6.64635881054e-013, 8.08874614424e-013, 4.9097602069e-013, 8.68073028824e-013, 6.14028752431e-014]
    },
    "mfcc": {
        "mean": [-892.783508301, -7.67566251755, -102.424797058, -20.1666736603, -16.4472007751, -5.5350689888, 19.6240024567, 19.3191986084, 4.94948911667, 23.8689346313, 11.4678506851, 20.0641822815, 26.1940917969],
        "cov": [[9964.74804688, -3234.94873047, -2030.84667969, -341.53137207, -1415.46179199, -454.089050293, 344.335327148, 421.489440918, -417.555847168, 241.230102539, 53.6879920959, 118.988929749, 545.250366211], [-3234.94873047, 2091.15576172, 520.408325195, -34.6394844055, 328.466522217, -55.0493354797, -251.414520264, -187.950454712, 164.101806641, -118.300941467, 45.9978141785, -80.3285369873, -108.257492065], [-2030.84667969, 520.408325195, 809.711608887, 72.3401184082, 404.486938477, 160.351379395, -133.402053833, -186.945220947, 42.8084945679, -105.275733948, 2.17631101608, 114.697036743, -154.352981567], [-341.53137207, -34.6394844055, 72.3401184082, 305.668151855, 132.793548584, -10.1173143387, -51.6066398621, -10.351360321, 59.3000259399, 80.8009490967, 31.4595870972, 11.6854705811, 0.623224496841], [-1415.46179199, 328.466522217, 404.486938477, 132.793548584, 563.311767578, 147.450241089, -131.128311157, -158.369430542, 108.74697876, -63.2847862244, -8.55734634399, 88.5204391479, -164.608169556], [-454.089050293, -55.0493354797, 160.351379395, -10.1173143387, 147.450241089, 276.28704834, 83.8487014771, -5.46153354645, -1.47789919376, -55.6324195862, -11.9039697647, 79.6883468628, -28.0892391205], [344.335327148, -251.414520264, -133.402053833, -51.6066398621, -131.128311157, 83.8487014771, 458.52444458, 187.448059082, -140.797866821, 15.583855629, -10.1734466553, -42.7353553772, 86.1334457397], [421.489440918, -187.950454712, -186.945220947, -10.351360321, -158.369430542, -5.46153354645, 187.448059082, 296.296539307, 21.3233890533, 30.9649887085, -56.9808959961, -78.3800811768, 71.223487854], [-417.555847168, 164.101806641, 42.8084945679, 59.3000259399, 108.74697876, -1.47789919376, -140.797866821, 21.3233890533, 292.00793457, 42.2663764954, -54.5303001404, -29.7707519531, -62.698513031], [241.230102539, -118.300941467, -105.275733948, 80.8009490967, -63.2847862244, -55.6324195862, 15.583855629, 30.9649887085, 42.2663764954, 345.431243896, 165.110702515, -194.358734131, -128.304733276], [53.6879920959, 45.9978141785, 2.17631101608, 31.4595870972, -8.55734634399, -11.9039697647, -10.1734466553, -56.9808959961, -54.5303001404, 165.110702515, 359.447418213, -29.1287631989, -179.507781982], [118.988929749, -80.3285369873, 114.697036743, 11.6854705811, 88.5204391479, 79.6883468628, -42.7353553772, -78.3800811768, -29.7707519531, -194.358734131, -29.1287631989, 492.906188965, 174.690582275], [545.250366211, -108.257492065, -154.352981567, 0.623224496841, -164.608169556, -28.0892391205, 86.1334457397, 71.223487854, -62.698513031, -128.304733276, -179.507781982, 174.690582275, 498.211608887]],
        "icov": [[0.000533690676093, 0.000626799126621, 0.000718402152415, 0.000458235008409, 0.00026679871371, 0.000438435730757, 0.000224549236009, 2.9976326914e-005, 0.000133182256832, -6.14650489297e-005, -0.000213467341382, -0.000280710402876, -0.00013367527572], [0.000626799126621, 0.00149948138278, 0.000361448241165, 0.000913540250622, -1.5728368453e-005, 0.00102359405719, 0.000277767248917, 0.000157032030984, -0.000370456575183, 0.000435804598965, -0.000822729372885, 0.000172498912434, -0.00055857602274], [0.000718402152415, 0.000361448241165, 0.00343171390705, 0.000197149915039, -0.000457386224298, -0.000343426130712, 0.00046155587188, 0.000507633027155, 0.000676580006257, -1.2567269323e-006, 0.000138302813866, -0.000765075848904, 0.000435323570855], [0.000458235008409, 0.000913540250622, 0.000197149915039, 0.00517597235739, -0.00160814798437, 0.00131932494696, 0.000546132912859, -0.00069721363252, -0.000256306055235, -0.00144598714542, -0.000765380216762, -0.000296843267279, -0.00127640762366], [0.00026679871371, -1.5728368453e-005, -0.000457386224298, -0.00160814798437, 0.00456587923691, -0.00131848012097, -9.99767435133e-005, 0.00141505058855, -0.000814645609353, 0.000489313330036, 0.00063026236603, -0.000581500760745, 0.00126858695876], [0.000438435730757, 0.00102359405719, -0.000343426130712, 0.00131932494696, -0.00131848012097, 0.00614572828636, -0.00142671982758, -7.72593193687e-005, -0.000590008276049, 0.000379522622097, -0.000585096597206, -0.00064810476033, -0.000156959562446], [0.000224549236009, 0.000277767248917, 0.00046155587188, 0.000546132912859, -9.99767435133e-005, -0.00142671982758, 0.00460472935811, -0.00279410975054, 0.00243362551555, -0.000624777341727, -5.19596396771e-005, 0.000140435746289, -0.000475797016406], [2.9976326914e-005, 0.000157032030984, 0.000507633027155, -0.00069721363252, 0.00141505058855, -7.72593193687e-005, -0.00279410975054, 0.00661714281887, -0.00225573824719, 0.000479244161397, 0.000509265984874, 0.000574560312089, -1.87102978089e-005], [0.000133182256832, -0.000370456575183, 0.000676580006257, -0.000256306055235, -0.000814645609353, -0.000590008276049, 0.00243362551555, -0.00225573824719, 0.006109056063, -0.00179745489731, 0.00180083594751, -0.000655270647258, 0.000767514691688], [-6.14650489297e-005, 0.000435804598965, -1.2567269323e-006, -0.00144598714542, 0.000489313330036, 0.000379522622097, -0.000624777341727, 0.000479244161397, -0.00179745489731, 0.00642090151086, -0.00288495235145, 0.002251556376, -1.56085734488e-005], [-0.000213467341382, -0.000822729372885, 0.000138302813866, -0.000765380216762, 0.00063026236603, -0.000585096597206, -5.19596396771e-005, 0.000509265984874, 0.00180083594751, -0.00288495235145, 0.00567089626566, -0.0015392715577, 0.00227672141045], [-0.000280710402876, 0.000172498912434, -0.000765075848904, -0.000296843267279, -0.000581500760745, -0.00064810476033, 0.000140435746289, 0.000574560312089, -0.000655270647258, 0.002251556376, -0.0015392715577, 0.00397439161316, -0.00167783547658], [-0.00013367527572, -0.00055857602274, 0.000435323570855, -0.00127640762366, 0.00126858695876, -0.000156959562446, -0.000475797016406, -1.87102978089e-005, 0.000767514691688, -1.56085734488e-005, 0.00227672141045, -0.00167783547658, 0.00416498072445]]
    },
    "spectral_contrast_coeffs": {
        "mean": [-0.869542896748, -0.664932847023, -0.638314127922, -0.568451702595, -0.609476268291, -0.681009709835],
        "var": [0.00239235674962, 0.00965144857764, 0.0106667503715, 0.00924375280738, 0.00787568278611, 0.00464104535058]
    },
    "spectral_contrast_valleys": {
        "mean": [-12.9931488037, -11.7395572662, -10.7715063095, -10.7364215851, -10.543595314, -13.9915342331],
        "var": [0.690197467804, 1.19790768623, 1.24384856224, 1.24525535107, 1.71156156063, 2.22824192047]
    }
},
"metadata": {
    "audio_properties": {
        "analysis_sample_rate": 44100,
        "bit_rate": 128074,
        "equal_loudness": 0,
        "length": 45.0612258911,
        "lossless": 0,
        "replay_gain": -5.37126731873,
        "sample_rate": 44100,
        "codec": "mp3",
        "downmix": "mix",
        "md5_encoded": "3aac0c734b15d20b12a2ab0cdb769712"
    },
    "tags": {
        "file_name": "1102.mp3"
    },
    "version": {
        "essentia": "2.1-beta2",
        "essentia_git_sha": "v2.1_beta2",
        "extractor": "music 1.0"
    }
},
"rhythm": {
    "beats_count": 66,
    "beats_loudness": {
        "mean": 0.00977608934045,
        "var": 0.000174746237462
    },
    "bpm": 105.490730286,
    "bpm_histogram_first_peak_bpm": {
        "mean": 105,
        "var": 0
    },
    "bpm_histogram_first_peak_spread": {
        "mean": 0.5,
        "var": 0
    },
    "bpm_histogram_first_peak_weight": {
        "mean": 0.184615388513,
        "var": 0
    },
    "bpm_histogram_second_peak_bpm": {
        "mean": 82,
        "var": 0
    },
    "bpm_histogram_second_peak_spread": {
        "mean": 0.391304343939,
        "var": 0
    },
    "bpm_histogram_second_peak_weight": {
        "mean": 0.215384617448,
        "var": 0
    },
    "danceability": 1.09406471252,
    "onset_rate": 2.12947463989,
    "beats_loudness_band_ratio": {
        "mean": [0.00210636318661, 0.000246782379691, 0.0890534371138, 0.512616157532, 0.220726981759, 0.176855012774],
        "var": [2.1019795895e-005, 1.27149439777e-006, 0.0223512146622, 0.0556964837015, 0.0473852157593, 0.0196076780558]
    },
    "beats_position": [0.731428563595, 1.47446703911, 2.21750569344, 2.96054410934, 3.69197273254, 4.43501138687, 5.18965959549, 5.94430828094, 6.6989569664, 7.45360517502, 8.19664382935, 9.0093421936, 9.83365058899, 10.7392292023, 11.6448068619, 12.5503854752, 13.3863039017, 14.2222223282, 14.9536504745, 15.6850786209, 16.4165077209, 17.1363258362, 17.8445339203, 18.575963974, 19.3073921204, 19.9807701111, 20.6541500092, 21.3623580933, 22.0589561462, 22.8019943237, 23.5334243774, 24.2416324615, 24.9266204834, 25.6232185364, 26.3082084656, 26.8770961761, 27.4459857941, 28.014875412, 28.5837631226, 29.1410427094, 29.6983222961, 30.2788200378, 30.8477096558, 31.4165973663, 31.9854869843, 32.5543746948, 33.1348762512, 33.7153739929, 34.2958717346, 34.8763694763, 35.4568710327, 36.0141487122, 36.5830383301, 37.151927948, 37.7092056274, 38.2664833069, 38.823764801, 39.3926506042, 39.9615402222, 40.5884780884, 41.2154197693, 41.8423576355, 42.4576873779, 43.0730133057, 43.6999549866, 44.3268928528]
},
"tonal": {
    "chords_changes_rate": 0.0565843619406,
    "chords_number_rate": 0.00514403311536,
    "chords_strength": {
        "mean": 0.48673465848,
        "var": 0.0041174585931
    },
    "hpcp_entropy": {
        "mean": 1.60549688339,
        "var": 0.265256434679
    },
    "key_strength": 0.677739560604,
    "tuning_diatonic_strength": 0.520593345165,
    "tuning_equal_tempered_deviation": 0.126629412174,
    "tuning_frequency": 442.03793335,
    "tuning_nontempered_energy_ratio": 0.749968886375,
    "hpcp": {
        "mean": [0.0929922834039, 0.0737158060074, 0.0428327508271, 0.0411046259105, 0.0362825915217, 0.126203134656, 0.275609642267, 0.198844224215, 0.0600275844336, 0.0463138706982, 0.0332225337625, 0.0554679520428, 0.0765478014946, 0.0556436367333, 0.0491937026381, 0.0668036341667, 0.0625773519278, 0.0426907502115, 0.0330513380468, 0.0293501056731, 0.363656938076, 0.774457573891, 0.476914018393, 0.0832404643297, 0.0572138652205, 0.0303154271096, 0.00625683786348, 0.00283681065775, 0.00731081934646, 0.013873912394, 0.0161948297173, 0.0185427516699, 0.0715477392077, 0.0867411196232, 0.0337726101279, 0.0490593984723],
        "var": [0.0516804493964, 0.0325424261391, 0.0241320114583, 0.022453263402, 0.0117646940053, 0.0241287071258, 0.093382447958, 0.0541142374277, 0.0228051245213, 0.016789695248, 0.00863948930055, 0.0176838040352, 0.0426143556833, 0.0214365310967, 0.0229241736233, 0.0287399925292, 0.0255885384977, 0.0134800458327, 0.0163855347782, 0.0121393948793, 0.044381275773, 0.121950924397, 0.0550857372582, 0.0317399092019, 0.031874101609, 0.0131428902969, 0.00142245716415, 0.000517545791809, 0.00213429122232, 0.00628574285656, 0.009691381827, 0.00386125338264, 0.0116659067571, 0.0186133328825, 0.00841315556318, 0.0196775142103]
    },
    "chords_histogram": [4.42386817932, 0.514403283596, 21.9135799408, 0, 0, 0, 0, 28.4979419708, 7.30452680588, 37.3456802368, 0, 0, 0, 0, 0, 0, 0, 0, 0, 0, 0, 0, 0, 0],
    "thpcp": [1, 0.615803956985, 0.107482276857, 0.0738760456443, 0.039144076407, 0.00807899329811, 0.00366296456195, 0.00943992193788, 0.0179143603891, 0.0209111906588, 0.0239428896457, 0.0923843234777, 0.112002417445, 0.043608084321, 0.0633467882872, 0.120074085891, 0.0951837897301, 0.0553067736328, 0.0530753731728, 0.0468490384519, 0.162956804037, 0.355874419212, 0.25675290823, 0.0775091946125, 0.0598016902804, 0.0428978092968, 0.0716216787696, 0.098840534687, 0.071848526597, 0.0635202005506, 0.0862586125731, 0.0808015242219, 0.0551234185696, 0.0426767580211, 0.0378976278007, 0.469563394785],
    "chords_key": "E",
    "chords_scale": "major",
    "key_key": "A",
    "key_scale": "minor"
}
}