{
"lowlevel": {
    "average_loudness": 0.433132141829,
    "barkbands_crest": {
        "mean": 11.9704446793,
        "var": 15.1629133224
    },
    "barkbands_flatness_db": {
        "mean": 0.461632996798,
        "var": 0.00295877014287
    },
    "barkbands_kurtosis": {
        "mean": 5.06273889542,
        "var": 763.113342285
    },
    "barkbands_skewness": {
        "mean": 0.465943992138,
        "var": 2.87298059464
    },
    "barkbands_spread": {
        "mean": 2.71092915535,
        "var": 11.4490041733
    },
    "dissonance": {
        "mean": 0.365186661482,
        "var": 0.00702279619873
    },
    "dynamic_complexity": 5.17511844635,
    "erbbands_crest": {
        "mean": 11.8352394104,
        "var": 16.8978004456
    },
    "erbbands_flatness_db": {
        "mean": 0.46691608429,
        "var": 0.00598714593798
    },
    "erbbands_kurtosis": {
        "mean": 1.26649403572,
        "var": 17.1849327087
    },
    "erbbands_skewness": {
        "mean": 0.318148493767,
        "var": 0.329473644495
    },
    "erbbands_spread": {
        "mean": 6.78953886032,
        "var": 216.070281982
    },
    "hfc": {
        "mean": 8.49535369873,
        "var": 179.701034546
    },
    "melbands_crest": {
        "mean": 12.9762649536,
        "var": 27.3370361328
    },
    "melbands_flatness_db": {
        "mean": 0.609982013702,
        "var": 0.00463419128209
    },
    "melbands_kurtosis": {
        "mean": 11.6136741638,
        "var": 10349.0449219
    },
    "melbands_skewness": {
        "mean": 0.880351245403,
        "var": 7.44736909866
    },
    "melbands_spread": {
        "mean": 4.03838586807,
        "var": 11.6669178009
    },
    "pitch_salience": {
        "mean": 0.659653306007,
        "var": 0.0166327077895
    },
    "silence_rate_20dB": {
        "mean": 1,
        "var": 0
    },
    "silence_rate_30dB": {
        "mean": 0.974253356457,
        "var": 0.025084529072
    },
    "silence_rate_60dB": {
        "mean": 0.0890834182501,
        "var": 0.0811463668942
    },
    "spectral_centroid": {
        "mean": 421.58416748,
        "var": 69839.578125
    },
    "spectral_complexity": {
        "mean": 8.13954639435,
        "var": 6.91619110107
    },
    "spectral_decrease": {
        "mean": -5.6792130998e-009,
        "var": 5.86211451937e-017
    },
    "spectral_energy": {
        "mean": 0.0222051516175,
        "var": 0.000905043911189
    },
    "spectral_energyband_high": {
        "mean": 5.70248808174e-008,
        "var": 1.56058965663e-012
    },
    "spectral_energyband_low": {
        "mean": 0.000960446137469,
        "var": 2.51799338002e-006
    },
    "spectral_energyband_middle_high": {
        "mean": 0.000368354812963,
        "var": 8.56592635046e-007
    },
    "spectral_energyband_middle_low": {
        "mean": 0.0211999956518,
        "var": 0.000854352372698
    },
    "spectral_entropy": {
        "mean": 5.14956140518,
        "var": 0.325324654579
    },
    "spectral_flux": {
        "mean": 0.0318478643894,
        "var": 0.000774926855229
    },
    "spectral_kurtosis": {
        "mean": 376.665130615,
        "var": 22297.5644531
    },
    "spectral_rms": {
        "mean": 0.00405282573774,
        "var": 5.23819244336e-006
    },
    "spectral_rolloff": {
        "mean": 518.82220459,
        "var": 238732.359375
    },
    "spectral_skewness": {
        "mean": 15.8142633438,
        "var": 15.9036645889
    },
    "spectral_spread": {
        "mean": 869738,
        "var": 4.82642283725e+012
    },
    "spectral_strongpeak": {
        "mean": 1.05304670334,
        "var": 0.721738874912
    },
    "zerocrossingrate": {
        "mean": 0.0190726369619,
        "var": 0.000201925897272
    },
    "barkbands": {
        "mean": [9.84773578239e-005, 0.000142964476254, 0.000516551663168, 0.000678520358633, 0.0071256197989, 0.00531582906842, 0.00361617421731, 0.00234588165767, 0.00183108192869, 0.000357270357199, 0.0001252721122, 2.72711131402e-005, 1.92218976736e-005, 3.25186329064e-006, 1.17347588002e-006, 4.54836140307e-007, 8.76818404549e-008, 3.300440099e-008, 1.18513234781e-008, 6.00069016699e-009, 1.28430093227e-008, 7.52439444085e-009, 3.28309912589e-009, 5.02910335598e-009, 1.13211786612e-008, 9.90938708867e-009, 2.89292834132e-009],
        "var": [1.58783084458e-008, 9.37894597541e-008, 1.61824971201e-006, 5.56853137823e-007, 9.7678253951e-005, 0.000128108396893, 3.61794736818e-005, 2.11498991121e-005, 5.1973722293e-005, 9.75991042651e-007, 1.46160388681e-007, 5.60889290568e-009, 4.23351309564e-009, 1.10715006607e-010, 4.21683590823e-011, 5.03976808203e-012, 4.98169376844e-013, 1.67866466712e-013, 1.44762131969e-013, 1.35146791829e-014, 1.94055844527e-013, 5.00475617166e-014, 1.60826897437e-015, 7.73510572136e-015, 7.71291125586e-014, 6.55726744469e-015, 1.11066229062e-016]
    },
    "erbbands": {
        "mean": [0.00310432421975, 0.0444968342781, 0.475458920002, 1.51846730709, 6.43529748917, 28.3906021118, 39.2855072021, 47.1799430847, 52.1363334656, 59.0224189758, 48.1708259583, 54.5425376892, 19.3786888123, 3.99895334244, 5.82105541229, 1.38408207893, 1.03214621544, 0.323537886143, 0.0906524956226, 0.0313364006579, 0.0163093097508, 0.0048946980387, 0.00244210916571, 0.000790221965872, 0.000498716952279, 0.000305862748064, 0.000503934745211, 0.000503017334267, 0.000322376086842, 0.000114358510473, 0.000103137659607, 0.000116517396236, 9.94075962808e-005, 0.000123819627333, 9.87107123365e-005, 5.47400013602e-005, 2.20202527998e-005, 7.62272111388e-006, 1.06529196273e-005, 2.47259686148e-005],
        "var": [9.46334694163e-006, 0.0121089154854, 1.569668293, 2.36650919914, 64.2172164917, 1914.21643066, 3728.68676758, 12682.2197266, 4312.47753906, 19489.4550781, 8551.39746094, 41857.9414063, 2899.12133789, 114.120330811, 360.43737793, 13.7472276688, 10.5888109207, 1.24267578125, 0.186245515943, 0.0333613492548, 0.00543646188453, 0.00149568030611, 0.00076046702452, 0.000484403251903, 0.000215536740143, 3.1165083783e-005, 0.000256326340605, 0.000300387619063, 9.94705405901e-005, 1.88095214071e-006, 1.23186248402e-006, 3.84809209208e-006, 2.23274037126e-006, 7.76280285208e-006, 4.12796771343e-006, 5.03385990669e-007, 4.55709781022e-009, 4.36023467332e-010, 2.05601091707e-010, 1.13424669657e-009]
    },
    "gfcc": {
        "mean": [-283.458221436, 253.268447876, -14.7824268341, -89.4241714478, -77.7063827515, -14.0621929169, -25.1684474945, -19.8273296356, -18.1629219055, -5.07240772247, -7.84686326981, -11.2677993774, -5.26361036301],
        "cov": [[5616.47558594, 3123.79321289, -491.047393799, -1779.10498047, -364.706634521, -523.924438477, -302.191192627, -605.134216309, 181.756744385, -374.43572998, 173.445281982, -135.831115723, 309.950439453], [3123.79321289, 2300.62548828, 162.305023193, -1155.74523926, -370.220733643, -352.633636475, -153.238571167, -480.336517334, 2.5030810833, -260.961730957, 130.462799072, -96.0279388428, 184.263366699], [-491.047393799, 162.305023193, 736.16619873, 211.108001709, -155.891357422, -54.8507614136, 83.0413208008, -85.0116958618, -171.316970825, -20.7521800995, 13.2382564545, -15.764840126, -34.2746696472], [-1779.10498047, -1155.74523926, 211.108001709, 803.189331055, 154.913574219, 172.014312744, 130.429946899, 245.95942688, -69.0432510376, 124.324157715, -76.2177505493, 34.4707527161, -112.569534302], [-364.706634521, -370.220733643, -155.891357422, 154.913574219, 188.989440918, 106.359146118, -0.979434669018, 79.3348236084, 46.0652351379, 31.8692703247, -30.0246715546, 12.5089082718, -10.8851900101], [-523.924438477, -352.633636475, -54.8507614136, 172.014312744, 106.359146118, 126.036804199, 40.0157775879, 84.8857727051, 8.34182834625, 45.8047904968, -26.6001529694, 14.1058301926, -28.5852165222], [-302.191192627, -153.238571167, 83.0413208008, 130.429946899, -0.979434669018, 40.0157775879, 71.887008667, 63.2911834717, -13.2276496887, 25.2935390472, -6.67518091202, 4.00939559937, -26.4739189148], [-605.134216309, -480.336517334, -85.0116958618, 245.95942688, 79.3348236084, 84.8857727051, 63.2911834717, 170.888473511, 40.6891593933, 65.3810882568, -37.4642562866, 14.6815862656, -46.8041687012], [181.756744385, 2.5030810833, -171.316970825, -69.0432510376, 46.0652351379, 8.34182834625, -13.2276496887, 40.6891593933, 83.7127609253, 17.2468738556, 2.20064353943, -3.14588332176, 12.1724481583], [-374.43572998, -260.961730957, -20.7521800995, 124.324157715, 31.8692703247, 45.8047904968, 25.2935390472, 65.3810882568, 17.2468738556, 69.4189758301, 5.68481731415, 22.2177696228, -22.0465316772], [173.445281982, 130.462799072, 13.2382564545, -76.2177505493, -30.0246715546, -26.6001529694, -6.67518091202, -37.4642562866, 2.20064353943, 5.68481731415, 49.2993087769, 17.9205722809, 20.615272522], [-135.831115723, -96.0279388428, -15.764840126, 34.4707527161, 12.5089082718, 14.1058301926, 4.00939559937, 14.6815862656, -3.14588332176, 22.2177696228, 17.9205722809, 42.1853485107, 13.2650222778], [309.950439453, 184.263366699, -34.2746696472, -112.569534302, -10.8851900101, -28.5852165222, -26.4739189148, -46.8041687012, 12.1724481583, -22.0465316772, 20.615272522, 13.2650222778, 55.0684013367]],
        "icov": [[0.00211997469887, -0.00320874503814, 0.00283971684985, -0.00148956885096, -0.00135143008083, 0.00371727300808, -0.00244992831722, 0.00162278569769, -0.000670609239023, 0.000214994302951, 6.39721183688e-005, 0.000607002701145, -0.00054492423078], [-0.00320874503814, 0.00992361549288, -0.00653087347746, 0.00696718273684, 0.00392740778625, -0.005378105212, 0.000794845225755, 0.00109428714495, -0.00347731867805, 0.00519210426137, -0.00251909648068, 0.0032123317942, -0.00265426468104], [0.00283971684985, -0.00653087347746, 0.0094050988555, -0.00649410206825, -0.00129159318749, 0.00704522104934, -0.00894936081022, 0.00686755171046, 0.00372878671624, -0.00314318924211, 0.00143420801032, 0.000724520592485, 0.000590555835515], [-0.00148956885096, 0.00696718273684, -0.00649410206825, 0.0147904707119, -0.00625735986978, 0.00237919157371, 6.11856667092e-005, -0.0118619212881, 0.012952376157, -0.00489889783785, -0.000589364615735, 0.00713751791045, -0.00511357467622], [-0.00135143008083, 0.00392740778625, -0.00129159318749, -0.00625735986978, 0.0264269541949, -0.0225683301687, 0.0104356398806, 0.00960975978523, -0.024160772562, 0.0167275425047, -0.00177251687273, -0.00578718539327, 0.0016583185643], [0.00371727300808, -0.005378105212, 0.00704522104934, 0.00237919157371, -0.0225683301687, 0.0404464490712, -0.0233177039772, 0.00188632588834, 0.0160620901734, -0.0180622711778, 0.0108258891851, 0.00189673423301, -0.00204224092886], [-0.00244992831722, 0.000794845225755, -0.00894936081022, 6.11856667092e-005, 0.0104356398806, -0.0233177039772, 0.0563881993294, -0.0353185981512, 0.00933005008847, 0.00662276661023, -0.02013172023, 0.00827816594392, -0.00113480049185], [0.00162278569769, 0.00109428714495, 0.00686755171046, -0.0118619212881, 0.00960975978523, 0.00188632588834, -0.0353185981512, 0.064065925777, -0.0467865914106, 0.00599857373163, 0.0255054812878, -0.0252277012914, 0.0168540664017], [-0.000670609239023, -0.00347731867805, 0.00372878671624, 0.012952376157, -0.024160772562, 0.0160620901734, 0.00933005008847, -0.0467865914106, 0.0798131674528, -0.0347162298858, -0.0123670725152, 0.0345670357347, -0.0227479413152], [0.000214994302951, 0.00519210426137, -0.00314318924211, -0.00489889783785, 0.0167275425047, -0.0180622711778, 0.00662276661023, 0.00599857373163, -0.0347162298858, 0.0591166839004, -0.0210147555918, -0.0157010462135, 0.014649159275], [6.39721183688e-005, -0.00251909648068, 0.00143420801032, -0.000589364615735, -0.00177251687273, 0.0108258891851, -0.02013172023, 0.0255054812878, -0.0123670725152, -0.0210147555918, 0.059142049402, -0.0310173723847, 0.00467739766464], [0.000607002701145, 0.0032123317942, 0.000724520592485, 0.00713751791045, -0.00578718539327, 0.00189673423301, 0.00827816594392, -0.0252277012914, 0.0345670357347, -0.0157010462135, -0.0310173723847, 0.0719519779086, -0.0363923832774], [-0.00054492423078, -0.00265426468104, 0.000590555835515, -0.00511357467622, 0.0016583185643, -0.00204224092886, -0.00113480049185, 0.0168540664017, -0.0227479413152, 0.014649159275, 0.00467739766464, -0.0363923832774, 0.0509774014354]]
    },
    "melbands": {
        "mean": [3.87585205317e-005, 0.000182881136425, 0.00039421938709, 0.00108462828211, 0.00156287336722, 0.0010444605723, 0.000798640248831, 0.000600065512117, 0.000368155480828, 0.000318296515616, 8.18651169538e-005, 1.30870694193e-005, 1.78025566129e-005, 6.9203097155e-006, 1.96854375645e-006, 2.10988650906e-006, 3.90100780123e-007, 1.33658758728e-007, 5.18379259518e-008, 4.2324266758e-008, 1.24336034801e-008, 4.55269288935e-009, 4.6868127157e-009, 7.51829543066e-010, 5.75120839841e-010, 4.28321156321e-010, 1.84755433175e-010, 2.03456834713e-010, 3.03189029438e-010, 3.07479514072e-010, 2.85475088013e-010, 2.14679413135e-010, 7.1997893758e-011, 4.97966667901e-011, 4.34713411102e-011, 8.37411390231e-011, 5.31512472923e-011, 4.67620941969e-011, 8.99685048683e-011, 9.48429390579e-011],
        "var": [2.56426502254e-009, 2.20464443146e-007, 1.64069788866e-007, 2.09396512219e-006, 5.25140876562e-006, 5.39096072316e-006, 1.06936829525e-006, 1.9246415377e-006, 7.01740248132e-007, 1.3646683783e-006, 5.55252981371e-008, 1.41122780128e-009, 2.83277046265e-009, 5.66966751325e-010, 2.61629745646e-011, 5.45917512584e-011, 1.71019947336e-012, 4.04999276303e-013, 6.90375016811e-014, 5.22792665278e-014, 3.14201260191e-015, 1.49401809995e-015, 3.14965770953e-015, 3.17794585711e-016, 3.23446783629e-016, 1.86359768602e-016, 1.70232827078e-017, 1.27476473328e-017, 9.31766020482e-017, 1.10355793412e-016, 1.02018302529e-016, 5.19775183725e-017, 1.58062272639e-018, 2.25456554553e-019, 1.15265317763e-019, 4.15854051459e-018, 5.40061207153e-019, 2.39813230511e-019, 5.19163285139e-018, 5.694371721e-018]
    },
    "mfcc": {
        "mean": [-899.215270996, 257.171539307, 91.9959106445, -21.8766555786, -39.8516082764, -16.4333457947, -6.38430833817, -12.1048135757, -14.0685930252, -7.60421943665, -1.2892947197, -1.05645394325, -4.70496368408],
        "cov": [[2749.35351563, 2494.03759766, 114.818130493, -831.454833984, -421.671203613, -114.090003967, -271.418579102, -337.999938965, -197.090362549, -140.564163208, -161.647781372, -112.350349426, -33.8680152893], [2494.03759766, 2467.85302734, 424.52746582, -640.322387695, -481.645385742, -163.868301392, -204.465057373, -303.631195068, -258.909790039, -187.451690674, -166.430496216, -125.475036621, -54.8892250061], [114.818130493, 424.52746582, 611.690490723, 235.552612305, -183.206283569, -127.865737915, 70.4952011108, 4.42210626602, -146.038604736, -116.631729126, -36.5581588745, -47.2121696472, -57.395690918], [-831.454833984, -640.322387695, 235.552612305, 427.394775391, 107.644088745, -12.273273468, 110.517189026, 120.502830505, 16.2678432465, -2.12831258774, 35.1599273682, 11.9591770172, -26.9725112915], [-421.671203613, -481.645385742, -183.206283569, 107.644088745, 188.721878052, 91.0622329712, 19.4517765045, 51.0155525208, 84.8521194458, 59.9714698792, 25.4952144623, 14.2400512695, 4.7235956192], [-114.090003967, -163.868301392, -127.865737915, -12.273273468, 91.0622329712, 84.6921081543, 23.1894626617, 10.5009260178, 36.1840782166, 33.8141403198, 5.92879962921, -3.426197052, 5.87893915176], [-271.418579102, -204.465057373, 70.4952011108, 110.517189026, 19.4517765045, 23.1894626617, 76.2964019775, 54.1971817017, 2.66993904114, -1.03705811501, 12.5883655548, 3.80028104782, -2.01637649536], [-337.999938965, -303.631195068, 4.42210626602, 120.502830505, 51.0155525208, 10.5009260178, 54.1971817017, 76.6656494141, 45.0481033325, 20.1385498047, 23.6061325073, 21.6455669403, 6.02391910553], [-197.090362549, -258.909790039, -146.038604736, 16.2678432465, 84.8521194458, 36.1840782166, 2.66993904114, 45.0481033325, 83.8129425049, 62.9497718811, 32.2586669922, 24.205280304, 13.7353792191], [-140.564163208, -187.451690674, -116.631729126, -2.12831258774, 59.9714698792, 33.8141403198, -1.03705811501, 20.1385498047, 62.9497718811, 69.6480407715, 46.5837440491, 24.4383659363, 6.93270921707], [-161.647781372, -166.430496216, -36.5581588745, 35.1599273682, 25.4952144623, 5.92879962921, 12.5883655548, 23.6061325073, 32.2586669922, 46.5837440491, 56.0530395508, 39.2004852295, 5.23679542542], [-112.350349426, -125.475036621, -47.2121696472, 11.9591770172, 14.2400512695, -3.426197052, 3.80028104782, 21.6455669403, 24.205280304, 24.4383659363, 39.2004852295, 46.9335098267, 25.4049797058], [-33.8680152893, -54.8892250061, -57.395690918, -26.9725112915, 4.7235956192, 5.87893915176, -2.01637649536, 6.02391910553, 13.7353792191, 6.93270921707, 5.23679542542, 25.4049797058, 42.0977401733]],
        "icov": [[1.53702557087, -3.20751547813, 5.79736995697, -8.59278392792, 9.9038066864, -8.56488513947, 4.72623825073, 0.0963334217668, -3.8150177002, 5.08157968521, -4.09133958817, 2.14725255966, -0.628544211388], [-3.20751547813, 6.75131368637, -12.2938518524, 18.2808208466, -21.1119995117, 18.3241081238, -10.2296361923, 0.0545414499938, 7.82114315033, -10.5441923141, 8.52013206482, -4.47746753693, 1.31256020069], [5.79736995697, -12.2938518524, 22.5629138947, -33.6869506836, 39.0555953979, -34.0760726929, 19.2954025269, -0.618978202343, -13.9217100143, 19.0539665222, -15.4645376205, 8.14191055298, -2.38289403915], [-8.59278392792, 18.2808208466, -33.6869506836, 50.506526947, -58.8195075989, 51.6300125122, -29.585691452, 1.45888006687, 20.6116847992, -28.5322380066, 23.2601413727, -12.2643041611, 3.5994682312], [9.9038066864, -21.1119995117, 39.0555953979, -58.8195075989, 68.9257736206, -60.9638633728, 35.4543991089, -2.46354269981, -23.7579021454, 33.4186553955, -27.4529514313, 14.5408010483, -4.27890443802], [-8.56488513947, 18.3241081238, -34.0760726929, 51.6300125122, -60.9638633728, 54.5119743347, -32.3678588867, 3.18972659111, 20.4274177551, -29.5045013428, 24.5598640442, -13.1175317764, 3.89833045006], [4.72623825073, -10.2296361923, 19.2954025269, -29.585691452, 35.4543991089, -32.3678588867, 20.1133842468, -3.3136472702, -10.8030748367, 16.7123298645, -14.3651628494, 7.85123920441, -2.38332676888], [0.0963334217668, 0.0545414499938, -0.618978202343, 1.45888006687, -2.46354269981, 3.18972659111, -3.3136472702, 2.70949363708, -1.4479496479, 0.23276117444, 0.482097178698, -0.506287515163, 0.203636318445], [-3.8150177002, 7.82114315033, -13.9217100143, 20.6116847992, -23.7579021454, 20.4274177551, -10.8030748367, -1.4479496479, 10.9028272629, -13.9727678299, 11.152428627, -5.83986997604, 1.73729228973], [5.08157968521, -10.5441923141, 19.0539665222, -28.5322380066, 33.4186553955, -29.5045013428, 16.7123298645, 0.23276117444, -13.9727678299, 19.2044353485, -15.9840431213, 8.65793228149, -2.6652700901], [-4.09133958817, 8.52013206482, -15.4645376205, 23.2601413727, -27.4529514313, 24.5598640442, -14.3651628494, 0.482097178698, 11.152428627, -15.9840431213, 13.7679605484, -7.69144582748, 2.45230317116], [2.14725255966, -4.47746753693, 8.14191055298, -12.2643041611, 14.5408010483, -13.1175317764, 7.85123920441, -0.506287515163, -5.83986997604, 8.65793228149, -7.69144582748, 4.46072101593, -1.47449541092], [-0.628544211388, 1.31256020069, -2.38289403915, 3.5994682312, -4.27890443802, 3.89833045006, -2.38332676888, 0.203636318445, 1.73729228973, -2.6652700901, 2.45230317116, -1.47449541092, 0.536147534847]]
    },
    "spectral_contrast_coeffs": {
        "mean": [-0.509872794151, -0.69883441925, -0.707874417305, -0.755286574364, -0.889414548874, -0.905910730362],
        "var": [0.012518921867, 0.00608076155186, 0.00520453369245, 0.00193105195649, 0.00124267861247, 0.000339682563208]
    },
    "spectral_contrast_valleys": {
        "mean": [-8.62201213837, -6.50622701645, -8.50345611572, -11.371304512, -12.8972501755, -14.2554779053],
        "var": [1.01129627228, 2.23858618736, 1.64076757431, 0.94016700983, 0.223695233464, 0.316330909729]
    }
},
"metadata": {
    "audio_properties": {
        "analysis_sample_rate": 44100,
        "bit_rate": 128074,
        "equal_loudness": 0,
        "length": 45.0612258911,
        "lossless": 0,
        "replay_gain": -2.07299232483,
        "sample_rate": 44100,
        "codec": "mp3",
        "downmix": "mix",
        "md5_encoded": "3c60efafbf3cf05fccd47caa6bf54ceb"
    },
    "tags": {
        "file_name": "1103.mp3"
    },
    "version": {
        "essentia": "2.1-beta2",
        "essentia_git_sha": "v2.1_beta2",
        "extractor": "music 1.0"
    }
},
"rhythm": {
    "beats_count": 87,
    "beats_loudness": {
        "mean": 0.0324144400656,
        "var": 0.00152871804312
    },
    "bpm": 118.340446472,
    "bpm_histogram_first_peak_bpm": {
        "mean": 117,
        "var": 0
    },
    "bpm_histogram_first_peak_spread": {
        "mean": 0.464285701513,
        "var": 0
    },
    "bpm_histogram_first_peak_weight": {
        "mean": 0.348837196827,
        "var": 0
    },
    "bpm_histogram_second_peak_bpm": {
        "mean": 123,
        "var": 0
    },
    "bpm_histogram_second_peak_spread": {
        "mean": 0.352941185236,
        "var": 0
    },
    "bpm_histogram_second_peak_weight": {
        "mean": 0.12790697813,
        "var": 0
    },
    "danceability": 1.08616900444,
    "onset_rate": 1.15346539021,
    "beats_loudness_band_ratio": {
        "mean": [0.145487561822, 0.556432008743, 0.374699860811, 0.0152103910223, 9.37424629228e-005, 0.000602573738433],
        "var": [0.0234131589532, 0.0405140034854, 0.0337382927537, 0.000197781831957, 9.36984250188e-008, 2.9328144592e-005]
    },
    "beats_position": [0.53405892849, 1.07972788811, 1.62539684772, 2.15945577621, 2.69351458549, 3.20435357094, 3.7151927948, 4.20281171799, 4.69043064117, 5.18965959549, 5.70049858093, 6.2229475975, 6.7570066452, 7.26784563065, 7.77868461609, 8.28952407837, 8.80036258698, 9.29959201813, 9.79882049561, 10.3096599579, 10.8088884354, 11.2965078354, 11.7957363129, 12.2833557129, 12.7709751129, 13.2469835281, 13.722992897, 14.1990022659, 14.6750106812, 15.1742401123, 15.6734695435, 16.1610889435, 16.6487064362, 17.1479358673, 17.6471652985, 18.1580047607, 18.6688423157, 19.1564617157, 19.6440811157, 20.1317005157, 20.6193199158, 21.0953292847, 21.5713367462, 22.0705661774, 22.5697956085, 23.0806350708, 23.5914726257, 24.0907020569, 24.6015415192, 25.1123809814, 25.6116104126, 26.1224479675, 26.6216773987, 27.132516861, 27.6433563232, 28.1541938782, 28.6534233093, 29.1526527405, 29.6518821716, 30.1627197266, 30.6735591888, 31.1843986511, 31.6952381134, 32.1944656372, 32.6936950684, 33.204536438, 33.7153739929, 34.2146034241, 34.7138328552, 35.2130622864, 35.7238998413, 36.2347373962, 36.7455787659, 37.2564163208, 37.7788658142, 38.3013153076, 38.823764801, 39.334602356, 39.8454399109, 40.402721405, 40.9599990845, 41.5056686401, 42.1209983826, 42.7595443726, 43.3980941772, 44.0366439819, 44.6751937866]
},
"tonal": {
    "chords_changes_rate": 0.0174897126853,
    "chords_number_rate": 0.00514403311536,
    "chords_strength": {
        "mean": 0.511138796806,
        "var": 0.00651156157255
    },
    "hpcp_entropy": {
        "mean": 1.3728402853,
        "var": 0.342133700848
    },
    "key_strength": 0.823104679585,
    "tuning_diatonic_strength": 0.532153844833,
    "tuning_equal_tempered_deviation": 0.0415231399238,
    "tuning_frequency": 437.465789795,
    "tuning_nontempered_energy_ratio": 0.618983745575,
    "hpcp": {
        "mean": [0.223661616445, 0.182810857892, 0.0568816401064, 0.0258837323636, 0.00313439103775, 0.048680011183, 0.144155442715, 0.111753709614, 0.213581338525, 0.408489882946, 0.216895952821, 0.0096249775961, 0.00340949464589, 0.00412928266451, 0.14349745214, 0.352795422077, 0.226858973503, 0.0228878278285, 0.0125647606328, 0.0176065303385, 0.111143879592, 0.178809300065, 0.0967717170715, 0.148490235209, 0.270375221968, 0.149822741747, 0.0215912219137, 0.017354240641, 0.0128163453192, 0.18238119781, 0.396885544062, 0.228395134211, 0.0117094106972, 0.00459915632382, 0.00408861832693, 0.0755088105798],
        "var": [0.116973996162, 0.0628305748105, 0.0106103019789, 0.0038378292229, 0.000350388727384, 0.0103847095743, 0.0884191468358, 0.0496677793562, 0.0493019074202, 0.185901269317, 0.0507545880973, 0.00143875787035, 0.000372534268536, 0.000296765967505, 0.0230601727962, 0.134357050061, 0.0535916090012, 0.00305170821957, 0.00294172600843, 0.00393611704931, 0.0389738678932, 0.0847586989403, 0.0226818434894, 0.0351872593164, 0.115170150995, 0.043871935457, 0.00409474922344, 0.00366102601402, 0.00280795129947, 0.0330388322473, 0.155913874507, 0.0516006238759, 0.00259127770551, 0.00100729940459, 0.000316396733979, 0.0153740011156]
    },
    "chords_histogram": [32.8189315796, 0.308641970158, 29.2181072235, 0, 0, 0, 0, 0, 0.514403283596, 0, 0, 0, 0, 0, 0, 0, 0, 0, 0, 0, 0.411522626877, 25, 8.02469158173, 3.70370364189],
    "thpcp": [1, 0.530970215797, 0.0235623400658, 0.0083465827629, 0.010108653456, 0.351287662983, 0.863657653332, 0.555360078812, 0.0560303404927, 0.0307590495795, 0.0431015081704, 0.272084772587, 0.437732517719, 0.236901134253, 0.363510191441, 0.661889612675, 0.36677223444, 0.0528561957181, 0.0424838922918, 0.031374938786, 0.446476668119, 0.971592128277, 0.55912065506, 0.0286651179194, 0.0112589234486, 0.0100091053173, 0.184848666191, 0.54753279686, 0.447528481483, 0.139248594642, 0.0633644387126, 0.00767311779782, 0.119170665741, 0.352898448706, 0.273577660322, 0.522855877876],
    "chords_key": "C",
    "chords_scale": "major",
    "key_key": "C",
    "key_scale": "major"
}
}