{
"lowlevel": {
    "average_loudness": 0.897737205029,
    "barkbands_crest": {
        "mean": 13.3223590851,
        "var": 24.7594108582
    },
    "barkbands_flatness_db": {
        "mean": 0.184885457158,
        "var": 0.0059837740846
    },
    "barkbands_kurtosis": {
        "mean": 12.5681142807,
        "var": 187.156158447
    },
    "barkbands_skewness": {
        "mean": 2.62315011024,
        "var": 2.22278308868
    },
    "barkbands_spread": {
        "mean": 12.2065725327,
        "var": 96.7079544067
    },
    "dissonance": {
        "mean": 0.424805700779,
        "var": 0.00287650944665
    },
    "dynamic_complexity": 3.4034845829,
    "erbbands_crest": {
        "mean": 11.8681993484,
        "var": 27.9879760742
    },
    "erbbands_flatness_db": {
        "mean": 0.183616548777,
        "var": 0.00461238529533
    },
    "erbbands_kurtosis": {
        "mean": 2.08308672905,
        "var": 9.97425937653
    },
    "erbbands_skewness": {
        "mean": 1.18257522583,
        "var": 0.433098167181
    },
    "erbbands_spread": {
        "mean": 33.6326675415,
        "var": 464.588470459
    },
    "hfc": {
        "mean": 14.6218624115,
        "var": 91.7717208862
    },
    "melbands_crest": {
        "mean": 16.3374557495,
        "var": 26.6259384155
    },
    "melbands_flatness_db": {
        "mean": 0.26110497117,
        "var": 0.00800997763872
    },
    "melbands_kurtosis": {
        "mean": 23.6852283478,
        "var": 721.395263672
    },
    "melbands_skewness": {
        "mean": 3.19157290459,
        "var": 3.35852026939
    },
    "melbands_spread": {
        "mean": 11.6562986374,
        "var": 99.8894424438
    },
    "pitch_salience": {
        "mean": 0.519630014896,
        "var": 0.0169346146286
    },
    "silence_rate_20dB": {
        "mean": 1,
        "var": 0
    },
    "silence_rate_30dB": {
        "mean": 1,
        "var": 0
    },
    "silence_rate_60dB": {
        "mean": 0.0854788869619,
        "var": 0.0781729221344
    },
    "spectral_centroid": {
        "mean": 795.721801758,
        "var": 293151.96875
    },
    "spectral_complexity": {
        "mean": 10.2281150818,
        "var": 22.0061912537
    },
    "spectral_decrease": {
        "mean": -6.98535007615e-009,
        "var": 2.83397107119e-017
    },
    "spectral_energy": {
        "mean": 0.0276905503124,
        "var": 0.000424370373366
    },
    "spectral_energyband_high": {
        "mean": 0.000404284452088,
        "var": 2.2235111885e-007
    },
    "spectral_energyband_low": {
        "mean": 0.00522967008874,
        "var": 0.000123163321405
    },
    "spectral_energyband_middle_high": {
        "mean": 0.00359044969082,
        "var": 2.21190493903e-005
    },
    "spectral_energyband_middle_low": {
        "mean": 0.0193216707557,
        "var": 0.00031571672298
    },
    "spectral_entropy": {
        "mean": 6.97727489471,
        "var": 0.451297432184
    },
    "spectral_flux": {
        "mean": 0.066763959825,
        "var": 0.00198764097877
    },
    "spectral_kurtosis": {
        "mean": 10.3630256653,
        "var": 631.828125
    },
    "spectral_rms": {
        "mean": 0.00478468555957,
        "var": 4.12196914112e-006
    },
    "spectral_rolloff": {
        "mean": 918.207397461,
        "var": 1452708.875
    },
    "spectral_skewness": {
        "mean": 2.26369667053,
        "var": 1.80933821201
    },
    "spectral_spread": {
        "mean": 5127422.5,
        "var": 4.57215049728e+012
    },
    "spectral_strongpeak": {
        "mean": 1.28031229973,
        "var": 1.39136648178
    },
    "zerocrossingrate": {
        "mean": 0.048588257283,
        "var": 0.000934986106586
    },
    "barkbands": {
        "mean": [0.00030577450525, 0.00243918062188, 0.00181612547021, 0.00186458893586, 0.00834005884826, 0.0049831722863, 0.000922233099118, 0.000876669946592, 0.00187779217958, 0.00117367564235, 0.00155603187159, 0.000160277020768, 0.000139874435263, 0.000148970371811, 0.000146122882143, 0.000143476980156, 0.000144241814269, 8.77994243638e-005, 0.000111818175355, 8.54924219311e-005, 7.11793472874e-005, 5.51511075173e-005, 5.60593834962e-005, 4.28239873145e-005, 5.59949621675e-005, 7.96679378254e-005, 6.31739203527e-006],
        "var": [4.13519501308e-007, 5.08061566507e-005, 1.24568377942e-005, 1.48184499267e-005, 0.000145532409078, 4.82259674754e-005, 3.20515096064e-006, 2.86206886813e-006, 9.61848400038e-006, 7.13333929525e-006, 1.10904020403e-005, 1.94371693851e-007, 9.74630722794e-008, 8.53032062764e-008, 1.03093732662e-007, 2.17962309534e-007, 8.84594228978e-008, 2.58855124002e-008, 4.93586256312e-008, 4.17072385517e-008, 1.41659874942e-008, 4.49354242704e-009, 6.00758109925e-009, 3.29224714157e-009, 7.93111354369e-009, 2.82037326826e-008, 6.4430821789e-010]
    },
    "erbbands": {
        "mean": [0.0996697545052, 0.446715384722, 1.75409674644, 4.44693136215, 17.3224658966, 32.0467071533, 31.3721675873, 38.6240005493, 14.6552801132, 18.3570327759, 20.702255249, 50.2252388, 28.8429450989, 41.4933013916, 59.9465713501, 10.8718538284, 7.01111316681, 7.46520471573, 7.87471866608, 7.81124830246, 6.91444015503, 6.57591438293, 5.49939107895, 5.24627828598, 6.45383214951, 3.79955983162, 2.81363511086, 2.60324978828, 2.13591122627, 1.69771337509, 1.63300573826, 0.969209074974, 0.689576327801, 0.483213484287, 0.483241647482, 0.442937791348, 0.108479894698, 0.0216745324433, 0.00063169549685, 4.75103151985e-005],
        "var": [0.0872005224228, 1.62897825241, 12.707572937, 60.4712791443, 657.93359375, 2484.66943359, 1334.87316895, 2964.26928711, 766.490234375, 1073.73022461, 840.344848633, 6988.21484375, 4559.56445313, 9657.11816406, 21228.6171875, 563.183166504, 224.170181274, 207.08694458, 353.327331543, 222.261764526, 238.393768311, 136.982177734, 99.1381988525, 93.3462219238, 219.200744629, 44.4579048157, 27.3034954071, 14.5632038116, 7.18780946732, 5.2740688324, 6.06212568283, 1.26937663555, 0.98000228405, 0.54262983799, 0.721104860306, 0.847866535187, 0.0580288432539, 0.00477045401931, 5.27005931872e-006, 2.59189447682e-009]
    },
    "gfcc": {
        "mean": [-34.8289108276, 83.8513031006, -100.406433105, 4.6435880661, -75.6101379395, -2.22407865524, -47.0507774353, 0.230713739991, -38.243434906, -6.02345561981, -27.5577793121, 4.54637527466, -10.2510652542],
        "cov": [[7740.06103516, -2091.18505859, 367.157531738, 311.934753418, -231.569595337, 417.709136963, -160.994689941, 573.850952148, -181.336685181, 551.364379883, -106.806640625, 498.461364746, -270.639526367], [-2091.18505859, 2287.26660156, 377.950378418, -137.948516846, 275.78515625, -191.683044434, 156.708816528, -331.251159668, 205.672515869, -265.364135742, 112.969352722, -250.367904663, 115.077049255], [367.157531738, 377.950378418, 1497.67980957, 523.676818848, 237.704544067, 267.187774658, 131.466339111, 73.7651290894, 126.24269104, 199.135604858, -66.3139266968, 168.570846558, -173.012680054], [311.934753418, -137.948516846, 523.676818848, 680.382629395, 251.057067871, 352.580352783, 168.745391846, 198.461669922, 82.9302825928, 174.704025269, -23.5465450287, 76.0525283813, -186.552612305], [-231.569595337, 275.78515625, 237.704544067, 251.057067871, 346.226257324, 197.020050049, 167.823547363, 82.2505340576, 104.288284302, 63.2948760986, 15.6015930176, 0.00702422158793, -94.2096862793], [417.709136963, -191.683044434, 267.187774658, 352.580352783, 197.020050049, 328.303253174, 152.193374634, 172.621292114, 79.1097564697, 161.333129883, -10.5839662552, 83.9230422974, -119.61428833], [-160.994689941, 156.708816528, 131.466339111, 168.745391846, 167.823547363, 152.193374634, 198.255081177, 86.524017334, 77.9036407471, 36.9787025452, 23.6447525024, 26.3481311798, -40.5030708313], [573.850952148, -331.251159668, 73.7651290894, 198.461669922, 82.2505340576, 172.621292114, 86.524017334, 228.249450684, 66.6852798462, 137.450820923, -0.0530255697668, 99.7068634033, -76.4497528076], [-181.336685181, 205.672515869, 126.24269104, 82.9302825928, 104.288284302, 79.1097564697, 77.9036407471, 66.6852798462, 152.421340942, 83.0106735229, 18.8851165771, 15.4697332382, -41.3021354675], [551.364379883, -265.364135742, 199.135604858, 174.704025269, 63.2948760986, 161.333129883, 36.9787025452, 137.450820923, 83.0106735229, 210.699691772, 5.09010791779, 84.0395050049, -96.1597671509], [-106.806640625, 112.969352722, -66.3139266968, -23.5465450287, 15.6015930176, -10.5839662552, 23.6447525024, -0.0530255697668, 18.8851165771, 5.09010791779, 79.119972229, 3.70211315155, 15.3061618805], [498.461364746, -250.367904663, 168.570846558, 76.0525283813, 0.00702422158793, 83.9230422974, 26.3481311798, 99.7068634033, 15.4697332382, 84.0395050049, 3.70211315155, 150.21282959, -23.9669761658], [-270.639526367, 115.077049255, -173.012680054, -186.552612305, -94.2096862793, -119.61428833, -40.5030708313, -76.4497528076, -41.3021354675, -96.1597671509, 15.3061618805, -23.9669761658, 146.879684448]],
        "icov": [[0.000261096924078, -0.00012536928989, 1.00739462141e-005, 0.000191587154404, 0.000175574969035, -0.000243858172325, 0.000295838224702, -0.000646035536192, 0.000911378650926, -0.000584130233619, 0.000225527037401, -0.000398588133976, 0.000279184081592], [-0.00012536928989, 0.00221489928663, -0.00110476103146, 0.000153913468239, -0.00106515956577, 0.000595485093072, -0.000779881840572, 0.00200456357561, -0.00418114010245, 0.00307291466743, -0.00281983031891, 0.00237654475495, -0.000924413674511], [1.00739462141e-005, -0.00110476103146, 0.00206081662327, -0.00131660944317, -2.63183028437e-005, 0.000579327228479, -0.00014426735288, 0.00127894547768, 0.00121045042761, -0.00243184925057, 0.0029634074308, -0.00340903829783, 0.000603371998295], [0.000191587154404, 0.000153913468239, -0.00131660944317, 0.00496987625957, -4.67981190013e-005, -0.00379945710301, 0.000340337399393, -0.00255712866783, 0.00129562139045, 0.00102834915742, -0.00106439332012, 0.00199605082162, 0.00210673036054], [0.000175574969035, -0.00106515956577, -2.63183028437e-005, -4.67981190013e-005, 0.00767383119091, -0.00330144003965, -0.00209104432724, -0.00124910206068, 0.000176236528205, 0.000414611276938, -0.000215849024244, 0.000899677688722, 0.00256458926015], [-0.000243858172325, 0.000595485093072, 0.000579327228479, -0.00379945710301, -0.00330144003965, 0.0145211899653, -0.00593346403912, 0.00067769153975, 0.000558312342037, -0.00547233177349, 0.00295931333676, -0.00161628040951, -0.000632379436865], [0.000295838224702, -0.000779881840572, -0.00014426735288, 0.000340337399393, -0.00209104432724, -0.00593346403912, 0.0139776868746, -0.00405751029029, -0.00155174452811, 0.00431825872511, -0.00283402600326, -0.000999749288894, -0.00048929755576], [-0.000646035536192, 0.00200456357561, 0.00127894547768, -0.00255712866783, -0.00124910206068, 0.00067769153975, -0.00405751029029, 0.0163477379829, -0.0070196124725, -0.000842637266032, 0.000167665319168, -0.00407431740314, -0.000569394323975], [0.000911378650926, -0.00418114010245, 0.00121045042761, 0.00129562139045, 0.000176236528205, 0.000558312342037, -0.00155174452811, -0.0070196124725, 0.0220033917576, -0.0125442789868, 0.00445794779807, -0.00248768250458, 0.00161694420967], [-0.000584130233619, 0.00307291466743, -0.00243184925057, 0.00102834915742, 0.000414611276938, -0.00547233177349, 0.00431825872511, -0.000842637266032, -0.0125442789868, 0.0210041161627, -0.00805315095931, 0.00233987625688, 0.0029640076682], [0.000225527037401, -0.00281983031891, 0.0029634074308, -0.00106439332012, -0.000215849024244, 0.00295931333676, -0.00283402600326, 0.000167665319168, 0.00445794779807, -0.00805315095931, 0.0203130748123, -0.00608237786219, -0.000787103374023], [-0.000398588133976, 0.00237654475495, -0.00340903829783, 0.00199605082162, 0.000899677688722, -0.00161628040951, -0.000999749288894, -0.00407431740314, -0.00248768250458, 0.00233987625688, -0.00608237786219, 0.0171659179032, -0.00294509576634], [0.000279184081592, -0.000924413674511, 0.000603371998295, 0.00210673036054, 0.00256458926015, -0.000632379436865, -0.00048929755576, -0.000569394323975, 0.00161694420967, 0.0029640076682, -0.000787103374023, -0.00294509576634, 0.014128758572]]
    },
    "melbands": {
        "mean": [0.00075839163037, 0.000803727365565, 0.00100640358869, 0.00208859005943, 0.00113927118946, 0.000890030816663, 0.000201827118872, 0.000204457872314, 0.000222267321078, 0.000280600099359, 0.000134888789034, 0.000159831091878, 0.000196394903469, 6.11950017628e-005, 1.60413819685e-005, 1.17253503049e-005, 1.49410298036e-005, 1.24069956655e-005, 9.44675048231e-006, 1.33765988721e-005, 7.04509875504e-006, 6.28900443189e-006, 7.44004000808e-006, 3.88103762816e-006, 4.09346148444e-006, 4.55815234091e-006, 3.94533572035e-006, 2.2788658498e-006, 1.73809337412e-006, 1.45649153183e-006, 1.64930361279e-006, 1.23258757867e-006, 1.03869138002e-006, 8.90008607257e-007, 1.00892134469e-006, 7.63933599046e-007, 5.23924541085e-007, 4.81433062305e-007, 4.29665760748e-007, 4.04987446245e-007],
        "var": [4.91398213853e-006, 2.86777117253e-006, 2.85963210445e-006, 1.1743451978e-005, 1.44037062455e-006, 1.57415240665e-006, 1.55497332344e-007, 1.46772734411e-007, 9.80359047276e-008, 2.1247069526e-007, 1.11865212205e-007, 1.72591327896e-007, 1.74957349941e-007, 2.5404593984e-008, 1.47152134922e-009, 5.61928614751e-010, 9.9028585332e-010, 8.96756835456e-010, 3.17545351125e-010, 2.08039985239e-009, 2.72142475222e-010, 1.36480091117e-010, 2.36840075329e-010, 3.96974016159e-011, 7.36937733059e-011, 1.52221887872e-010, 1.2413964301e-010, 2.72440386223e-011, 1.13965581763e-011, 1.04467910017e-011, 8.88907784186e-012, 3.00929268483e-012, 2.45438391833e-012, 2.05788576284e-012, 3.82778357622e-012, 7.94106859263e-013, 4.67782063085e-013, 4.96424787128e-013, 4.15049884652e-013, 4.30713787119e-013]
    },
    "mfcc": {
        "mean": [-690.447021484, 126.925765991, 14.9559249878, 9.02185153961, -12.0250711441, -8.08204174042, -11.4390716553, -1.98633408546, -9.07468318939, -8.78053665161, -14.3761301041, -14.1365814209, -9.41502189636],
        "cov": [[6365.07226563, -1397.82446289, -142.953964233, 48.3837394714, -9.26390457153, -104.809761047, 125.986328125, 27.7134304047, 70.4225158691, 21.44780159, 200.038330078, 195.133270264, 162.374664307], [-1397.82446289, 1716.20227051, 342.879699707, 56.0289573669, 55.7141609192, 86.1805267334, -105.88899231, -21.0720176697, -44.5983734131, -13.2529125214, -32.1956291199, -81.2841644287, -101.874847412], [-142.953964233, 342.879699707, 853.440917969, 382.151367188, 150.108230591, 337.708862305, -0.703251779079, 170.92779541, 4.84395980835, 111.551879883, 97.3152084351, 73.2775421143, 28.3197479248], [48.3837394714, 56.0289573669, 382.151367188, 420.779449463, 180.134841919, 272.745513916, 87.0801086426, 209.073623657, 58.8446350098, 124.258842468, 148.956222534, 138.496139526, 92.5551376343], [-9.26390457153, 55.7141609192, 150.108230591, 180.134841919, 203.971603394, 168.031661987, 79.9292144775, 99.6730270386, 55.1921844482, 78.2978363037, 96.3474578857, 86.4799957275, 69.1715011597], [-104.809761047, 86.1805267334, 337.708862305, 272.745513916, 168.031661987, 357.250701904, 85.6118011475, 182.322219849, 65.4781265259, 129.660522461, 140.948684692, 121.198356628, 78.8310089111], [125.986328125, -105.88899231, -0.703251779079, 87.0801086426, 79.9292144775, 85.6118011475, 166.109634399, 85.332321167, 46.9798164368, 37.6296310425, 47.5822257996, 38.6368293762, 57.0468635559], [27.7134304047, -21.0720176697, 170.92779541, 209.073623657, 99.6730270386, 182.322219849, 85.332321167, 244.906814575, 79.7705612183, 79.1164779663, 93.8343429565, 89.3868103027, 100.571350098], [70.4225158691, -44.5983734131, 4.84395980835, 58.8446350098, 55.1921844482, 65.4781265259, 46.9798164368, 79.7705612183, 118.974533081, 59.506980896, 47.7174682617, 63.8165817261, 63.7717895508], [21.44780159, -13.2529125214, 111.551879883, 124.258842468, 78.2978363037, 129.660522461, 37.6296310425, 79.1164779663, 59.506980896, 139.360412598, 94.6589355469, 56.4990119934, 41.682258606], [200.038330078, -32.1956291199, 97.3152084351, 148.956222534, 96.3474578857, 140.948684692, 47.5822257996, 93.8343429565, 47.7174682617, 94.6589355469, 186.115020752, 121.151275635, 64.2173843384], [195.133270264, -81.2841644287, 73.2775421143, 138.496139526, 86.4799957275, 121.198356628, 38.6368293762, 89.3868103027, 63.8165817261, 56.4990119934, 121.151275635, 221.622192383, 123.349624634], [162.374664307, -101.874847412, 28.3197479248, 92.5551376343, 69.1715011597, 78.8310089111, 57.0468635559, 100.571350098, 63.7717895508, 41.682258606, 64.2173843384, 123.349624634, 189.445907593]],
        "icov": [[0.000209590580198, 0.00016304498422, -0.0001133582482, -8.50862306834e-006, 3.66347703675e-005, 0.000228787466767, -0.000107891763037, 8.03134171292e-005, -9.43591003306e-005, 0.000132403991302, -0.000346215063473, -2.12112063309e-005, -5.57849125471e-005], [0.00016304498422, 0.000839668384288, -0.000361319369404, 0.000115374634333, -0.000432180764619, 2.57561405306e-005, 0.00041631955537, 8.22888396215e-005, -0.000188216101378, 0.000400243588956, -0.000260250759311, 0.000250380806392, 0.000187955098227], [-0.0001133582482, -0.000361319369404, 0.0029623140581, -0.0022242332343, 0.000269377371296, -0.00219254731201, 0.00140273210127, 7.8171142377e-005, 0.00080612115562, -0.000136315327836, 0.000973316084128, 0.000447031488875, 3.44307700288e-005], [-8.50862306834e-006, 0.000115374634333, -0.0022242332343, 0.00852348655462, -0.00266297557391, -5.12861261086e-005, -0.000940463214647, -0.00360214989632, 0.00174126052298, -0.00161411275622, -0.000778474088293, -0.00191476382315, 0.000706347695086], [3.66347703675e-005, -0.000432180764619, 0.000269377371296, -0.00266297557391, 0.0106986183673, -0.002385153668, -0.00254301470704, 0.00188082933892, -0.00157525727991, -0.000184407166671, -0.0012884370517, 6.1552025727e-005, -0.00118210201617], [0.000228787466767, 2.57561405306e-005, -0.00219254731201, -5.12861261086e-005, -0.002385153668, 0.00963301677257, -0.00168321048841, -0.00257274298929, 0.0005710166879, -0.00290075689554, -0.00128641456831, -0.00163851631805, 0.000854597543366], [-0.000107891763037, 0.00041631955537, 0.00140273210127, -0.000940463214647, -0.00254301470704, -0.00168321048841, 0.00969396531582, -0.00144002144225, -0.00104924000334, 0.00099256017711, -5.4896581787e-006, 0.00177025748417, -0.000975525588728], [8.03134171292e-005, 8.22888396215e-005, 7.8171142377e-005, -0.00360214989632, 0.00188082933892, -0.00257274298929, -0.00144002144225, 0.0104804281145, -0.003884565318, 0.00145040382631, -0.0011198312277, 0.00182491762098, -0.00284284166992], [-9.43591003306e-005, -0.000188216101378, 0.00080612115562, 0.00174126052298, -0.00157525727991, 0.0005710166879, -0.00104924000334, -0.003884565318, 0.0149628454819, -0.00575182633474, 0.00205349130556, -0.00270782061853, -0.000980138895102], [0.000132403991302, 0.000400243588956, -0.000136315327836, -0.00161411275622, -0.000184407166671, -0.00290075689554, 0.00099256017711, 0.00145040382631, -0.00575182633474, 0.0157052278519, -0.00572284730151, 0.00299520674162, -0.000413374713389], [-0.000346215063473, -0.000260250759311, 0.000973316084128, -0.000778474088293, -0.0012884370517, -0.00128641456831, -5.4896581787e-006, -0.0011198312277, 0.00205349130556, -0.00572284730151, 0.0132604977116, -0.00513196131214, 0.00140788068529], [-2.12112063309e-005, 0.000250380806392, 0.000447031488875, -0.00191476382315, 6.1552025727e-005, -0.00163851631805, 0.00177025748417, 0.00182491762098, -0.00270782061853, 0.00299520674162, -0.00513196131214, 0.011154233478, -0.00509155634791], [-5.57849125471e-005, 0.000187955098227, 3.44307700288e-005, 0.000706347695086, -0.00118210201617, 0.000854597543366, -0.000975525588728, -0.00284284166992, -0.000980138895102, -0.000413374713389, 0.00140788068529, -0.00509155634791, 0.0102149453014]]
    },
    "spectral_contrast_coeffs": {
        "mean": [-0.513293802738, -0.693749308586, -0.714500844479, -0.786917686462, -0.785035550594, -0.762013971806],
        "var": [0.0201068967581, 0.0109966173768, 0.00724252266809, 0.00393105577677, 0.00358199025504, 0.00243579922244]
    },
    "spectral_contrast_valleys": {
        "mean": [-8.47859382629, -6.90757846832, -7.66001224518, -8.44002246857, -8.50628852844, -10.8170080185],
        "var": [2.45886516571, 0.832627594471, 0.710250079632, 0.728200554848, 1.02405381203, 1.67659807205]
    }
},
"metadata": {
    "audio_properties": {
        "analysis_sample_rate": 44100,
        "bit_rate": 128074,
        "equal_loudness": 0,
        "length": 45.0612258911,
        "lossless": 0,
        "replay_gain": -4.98037147522,
        "sample_rate": 44100,
        "codec": "mp3",
        "downmix": "mix",
        "md5_encoded": "2b47d79ba99024725c2806cafadd106b"
    },
    "tags": {
        "file_name": "1104.mp3"
    },
    "version": {
        "essentia": "2.1-beta2",
        "essentia_git_sha": "v2.1_beta2",
        "extractor": "music 1.0"
    }
},
"rhythm": {
    "beats_count": 75,
    "beats_loudness": {
        "mean": 0.0386199578643,
        "var": 0.000500357069541
    },
    "bpm": 100.080230713,
    "bpm_histogram_first_peak_bpm": {
        "mean": 99,
        "var": 0
    },
    "bpm_histogram_first_peak_spread": {
        "mean": 0.328767091036,
        "var": 0
    },
    "bpm_histogram_first_peak_weight": {
        "mean": 0.662162184715,
        "var": 0
    },
    "bpm_histogram_second_peak_bpm": {
        "mean": 108,
        "var": 0
    },
    "bpm_histogram_second_peak_spread": {
        "mean": 0,
        "var": 0
    },
    "bpm_histogram_second_peak_weight": {
        "mean": 0.0135135138407,
        "var": 0
    },
    "danceability": 1.00722956657,
    "onset_rate": 3.63785243034,
    "beats_loudness_band_ratio": {
        "mean": [0.349801748991, 0.427845597267, 0.158265158534, 0.0807895958424, 0.0209719222039, 0.0442382320762],
        "var": [0.114176750183, 0.0756870955229, 0.0149837480858, 0.011672001332, 0.00041781514301, 0.00446094060317]
    },
    "beats_position": [0.53405892849, 1.09133780003, 1.67183673382, 2.2523355484, 2.85605430603, 3.45977306366, 4.06349182129, 4.66721057892, 5.27092981339, 5.86303853989, 6.45514726639, 7.05886602402, 7.66258478165, 8.26630401611, 8.87002277374, 9.47374153137, 10.0658502579, 10.6579589844, 11.261677742, 11.8653964996, 12.4691152573, 13.0728340149, 13.6765527725, 14.268661499, 14.8607711792, 15.4644899368, 16.0682086945, 16.6603164673, 17.2640361786, 17.8677539825, 18.4598636627, 19.0635814667, 19.667301178, 20.2710208893, 20.8747386932, 21.4668483734, 22.0705661774, 22.6626758575, 23.2663936615, 23.8701133728, 24.4622211456, 25.0543308258, 25.6580486298, 26.2617683411, 26.865486145, 27.4692058563, 28.0729255676, 28.6650333405, 29.2571430206, 29.8608608246, 30.4645805359, 31.0682983398, 31.66040802, 32.2525177002, 32.8562355042, 33.4599533081, 34.0636711121, 34.6673927307, 35.2594985962, 35.8516082764, 36.455329895, 37.059047699, 37.6627655029, 38.2664833069, 38.8702049255, 39.462310791, 40.0544204712, 40.6581382751, 41.2618598938, 41.8655776978, 42.4692955017, 43.0730133057, 43.6651229858, 44.257232666, 44.86095047]
},
"tonal": {
    "chords_changes_rate": 0.0462962947786,
    "chords_number_rate": 0.00823045242578,
    "chords_strength": {
        "mean": 0.514561057091,
        "var": 0.00482930336148
    },
    "hpcp_entropy": {
        "mean": 1.47224068642,
        "var": 0.709745705128
    },
    "key_strength": 0.736361443996,
    "tuning_diatonic_strength": 0.522169589996,
    "tuning_equal_tempered_deviation": 0.047968968749,
    "tuning_frequency": 438.984558105,
    "tuning_nontempered_energy_ratio": 0.638375759125,
    "hpcp": {
        "mean": [0.323293298483, 0.187162026763, 0.0777272582054, 0.0911372452974, 0.0569995976985, 0.0315137691796, 0.0398937091231, 0.0459989085793, 0.204193532467, 0.368028432131, 0.208347797394, 0.0319201089442, 0.022386232391, 0.0269078575075, 0.0516558736563, 0.0808626711369, 0.0859547257423, 0.0779350250959, 0.0543869622052, 0.031549885869, 0.129293069243, 0.275401979685, 0.200199976563, 0.145965442061, 0.180343851447, 0.115501947701, 0.063514649868, 0.0357856489718, 0.0243823118508, 0.0555433221161, 0.0973541364074, 0.0921650603414, 0.0901473686099, 0.0908525958657, 0.0822175219655, 0.208059757948],
        "var": [0.174231559038, 0.065557859838, 0.0308729615062, 0.0596397854388, 0.0212891492993, 0.00579493865371, 0.0079904133454, 0.0103556681424, 0.0530682131648, 0.1865914464, 0.0695177316666, 0.00994162261486, 0.00484971795231, 0.00605746079236, 0.0157162807882, 0.0387975536287, 0.0261926390231, 0.0258388798684, 0.0151849854738, 0.0082278503105, 0.0337135270238, 0.145313829184, 0.0607070699334, 0.0563466437161, 0.0757309049368, 0.0431750044227, 0.0240079145879, 0.0109995631501, 0.00524991564453, 0.0146180950105, 0.0390909463167, 0.0300507806242, 0.0388647466898, 0.0357035547495, 0.0330992415547, 0.0695449858904]
    },
    "chords_histogram": [24.1769542694, 44.8559684753, 11.728395462, 0, 0, 0, 0, 0, 0.411522626877, 0, 0, 0, 0, 0, 0, 0, 0, 9.97942352295, 2.77777767181, 1.44032919407, 0, 1.13168728352, 0, 3.49794244766],
    "thpcp": [1, 0.566118776798, 0.0867327228189, 0.0608274526894, 0.0731135308743, 0.140358373523, 0.219718545675, 0.233554586768, 0.211763605475, 0.147779241204, 0.0857267603278, 0.351312726736, 0.748317122459, 0.543979644775, 0.396614581347, 0.490026950836, 0.313839733601, 0.172580823302, 0.097236096859, 0.0662511661649, 0.150921285152, 0.26452884078, 0.250429183245, 0.244946748018, 0.246862977743, 0.223399922252, 0.565336108208, 0.878446519375, 0.508553147316, 0.211199060082, 0.247636422515, 0.154878243804, 0.0856286287308, 0.108398444951, 0.124987378716, 0.554830849171],
    "chords_key": "A",
    "chords_scale": "minor",
    "key_key": "F",
    "key_scale": "major"
}
}