{
"lowlevel": {
    "average_loudness": 0.631729364395,
    "barkbands_crest": {
        "mean": 10.9501266479,
        "var": 20.0476856232
    },
    "barkbands_flatness_db": {
        "mean": 0.204211995006,
        "var": 0.00499483617023
    },
    "barkbands_kurtosis": {
        "mean": 2.99941468239,
        "var": 42.3854827881
    },
    "barkbands_skewness": {
        "mean": 0.915701687336,
        "var": 1.45205569267
    },
    "barkbands_spread": {
        "mean": 13.8640909195,
        "var": 86.8812713623
    },
    "dissonance": {
        "mean": 0.44365644455,
        "var": 0.00188686989713
    },
    "dynamic_complexity": 6.5100979805,
    "erbbands_crest": {
        "mean": 11.2559967041,
        "var": 26.0197410583
    },
    "erbbands_flatness_db": {
        "mean": 0.235776945949,
        "var": 0.00349072250538
    },
    "erbbands_kurtosis": {
        "mean": 1.05567991734,
        "var": 7.72501802444
    },
    "erbbands_skewness": {
        "mean": 0.32442560792,
        "var": 0.515801727772
    },
    "erbbands_spread": {
        "mean": 20.3065090179,
        "var": 114.293807983
    },
    "hfc": {
        "mean": 12.1270494461,
        "var": 484.994018555
    },
    "melbands_crest": {
        "mean": 14.0366363525,
        "var": 28.6110610962
    },
    "melbands_flatness_db": {
        "mean": 0.265672713518,
        "var": 0.00955848954618
    },
    "melbands_kurtosis": {
        "mean": 6.03324174881,
        "var": 135.460037231
    },
    "melbands_skewness": {
        "mean": 1.47008669376,
        "var": 1.95405328274
    },
    "melbands_spread": {
        "mean": 20.8361091614,
        "var": 256.472167969
    },
    "pitch_salience": {
        "mean": 0.554585039616,
        "var": 0.01697540842
    },
    "silence_rate_20dB": {
        "mean": 1,
        "var": 0
    },
    "silence_rate_30dB": {
        "mean": 1,
        "var": 0
    },
    "silence_rate_60dB": {
        "mean": 0.384654998779,
        "var": 0.236694991589
    },
    "spectral_centroid": {
        "mean": 1086.62243652,
        "var": 433599.59375
    },
    "spectral_complexity": {
        "mean": 9.04943370819,
        "var": 48.4373550415
    },
    "spectral_decrease": {
        "mean": -2.51485121616e-009,
        "var": 1.23557068247e-017
    },
    "spectral_energy": {
        "mean": 0.0105915712193,
        "var": 0.00022678548703
    },
    "spectral_energyband_high": {
        "mean": 0.000307064969093,
        "var": 9.54905317485e-007
    },
    "spectral_energyband_low": {
        "mean": 0.00157040532213,
        "var": 6.23216510576e-006
    },
    "spectral_energyband_middle_high": {
        "mean": 0.00581235764548,
        "var": 0.00012888594938
    },
    "spectral_energyband_middle_low": {
        "mean": 0.00320031191222,
        "var": 2.7112699172e-005
    },
    "spectral_entropy": {
        "mean": 6.87134313583,
        "var": 0.339943140745
    },
    "spectral_flux": {
        "mean": 0.0453394651413,
        "var": 0.00121772882994
    },
    "spectral_kurtosis": {
        "mean": 15.0270175934,
        "var": 226.159301758
    },
    "spectral_rms": {
        "mean": 0.00262779113837,
        "var": 3.42795146935e-006
    },
    "spectral_rolloff": {
        "mean": 1273.24255371,
        "var": 1288231.5
    },
    "spectral_skewness": {
        "mean": 2.50876307487,
        "var": 1.37230956554
    },
    "spectral_spread": {
        "mean": 2697287,
        "var": 2.40063873024e+012
    },
    "spectral_strongpeak": {
        "mean": 1.2931599617,
        "var": 4.43211460114
    },
    "zerocrossingrate": {
        "mean": 0.0436307713389,
        "var": 0.000841296627186
    },
    "barkbands": {
        "mean": [6.16656643615e-006, 0.000942501646932, 0.000515103456564, 0.0002498740796, 0.000476491113659, 0.000341539882356, 0.000845537986606, 0.000345873238984, 0.000627307279501, 0.000755306391511, 0.000843538611662, 0.00161661335733, 0.000682324753143, 0.000486030330649, 0.000416935043177, 0.000337454723194, 0.000340519211022, 0.000229586512432, 0.000175867506186, 0.000115146758617, 7.62084528105e-005, 6.04200104135e-005, 4.78604451928e-005, 3.26537046931e-005, 1.65922865563e-005, 7.54473512643e-006, 5.88775776578e-007],
        "var": [2.59809090908e-010, 2.73113778348e-006, 1.16229739433e-006, 9.05380318272e-007, 3.87768022847e-006, 4.84335771489e-007, 4.74785974802e-006, 9.07897060642e-007, 4.39917721451e-006, 8.74402394402e-006, 1.61504085554e-005, 3.91516514355e-005, 4.83185294797e-006, 3.27565112457e-006, 1.64162713645e-006, 1.31165813855e-006, 1.22367350741e-006, 7.19047989151e-007, 4.14475863408e-007, 1.75647784317e-007, 6.41813713287e-008, 4.33581597292e-008, 3.00810043541e-008, 1.53242343259e-008, 4.01788913251e-009, 1.11799214331e-009, 1.02930624094e-011]
    },
    "erbbands": {
        "mean": [0.0172655340284, 0.248334556818, 0.620430350304, 0.702451705933, 1.36118888855, 1.4445848465, 1.96932828426, 3.48811602592, 12.2721977234, 7.8660531044, 10.9013824463, 14.8492460251, 22.4803791046, 20.579706192, 40.0726623535, 66.7103881836, 42.0496368408, 21.5496330261, 25.4252586365, 18.2804336548, 21.296831131, 17.9421787262, 13.6024589539, 12.6003484726, 5.08251857758, 6.39175653458, 3.13443994522, 2.66600084305, 2.40589642525, 1.67583966255, 1.47629058361, 0.932704865932, 0.378300875425, 0.200724080205, 0.107762277126, 0.0410673432052, 0.012003775686, 0.00234394078143, 7.0564528869e-005, 1.5092873582e-005],
        "var": [0.000833057507407, 0.192514270544, 1.47439563274, 3.53494954109, 39.5802078247, 29.7255687714, 24.5042133331, 48.8054466248, 1102.33789063, 583.186340332, 1343.21862793, 2226.54638672, 9607.67871094, 3776.07373047, 35667.5351563, 63130.1875, 15002.8837891, 4645.66357422, 5229.96728516, 3034.69848633, 4912.24902344, 2913.39233398, 2408.32617188, 2016.8638916, 162.646148682, 678.78729248, 92.9685134888, 85.7362594604, 81.6819000244, 36.2400512695, 31.5282421112, 11.6040458679, 1.9164993763, 0.570377349854, 0.203382134438, 0.0348455309868, 0.00305240834132, 0.000109577646072, 1.05679475837e-007, 5.62146329486e-010]
    },
    "gfcc": {
        "mean": [-136.185546875, 141.426300049, -140.522064209, 13.7567777634, -45.2021179199, 8.74442672729, -27.9154548645, 3.64171695709, -10.5333461761, -1.45315301418, -4.50263690948, -3.12768578529, -7.77322149277],
        "cov": [[12579.4726563, -4877.93359375, -2289.99243164, 806.270263672, -655.12713623, 752.302185059, -380.882476807, 343.876617432, -387.334197998, 327.428894043, -335.947937012, 379.141876221, -299.603027344], [-4877.93359375, 3639.35327148, 853.788024902, -470.068084717, 608.397583008, -442.217102051, 376.10635376, -346.830871582, 273.348571777, -279.957550049, 334.216949463, -267.24899292, 223.307937622], [-2289.99243164, 853.788024902, 1598.00012207, 54.3108329773, 82.7660446167, -35.8005867004, -76.9166793823, 18.7281074524, -58.3979072571, -33.9426193237, -94.8875045776, -19.4546337128, 10.7875032425], [806.270263672, -470.068084717, 54.3108329773, 446.786376953, 6.50429964066, 85.1999435425, 10.9038734436, 81.7955932617, -18.234331131, 37.1455764771, -42.4643783569, 34.4005775452, -3.68879723549], [-655.12713623, 608.397583008, 82.7660446167, 6.50429964066, 346.006439209, 6.62302446365, 151.05039978, -23.783821106, 83.4581222534, -29.0825557709, 75.5807800293, -44.1158905029, 40.6306648254], [752.302185059, -442.217102051, -35.8005867004, 85.1999435425, 6.62302446365, 242.656707764, 26.0576229095, 67.9193496704, -27.1363964081, 44.1353759766, -37.0655250549, 45.6029472351, -22.8398456573], [-380.882476807, 376.10635376, -76.9166793823, 10.9038734436, 151.05039978, 26.0576229095, 260.85067749, 23.7316207886, 85.9257583618, -23.5426254272, 71.281867981, -41.0586929321, 47.7635650635], [343.876617432, -346.830871582, 18.7281074524, 81.7955932617, -23.783821106, 67.9193496704, 23.7316207886, 162.504562378, 20.3878879547, 50.3330802917, -49.8474655151, 24.8230628967, -9.63218021393], [-387.334197998, 273.348571777, -58.3979072571, -18.234331131, 83.4581222534, -27.1363964081, 85.9257583618, 20.3878879547, 139.840042114, 22.1456642151, 58.9655075073, -34.0058937073, 27.1267814636], [327.428894043, -279.957550049, -33.9426193237, 37.1455764771, -29.0825557709, 44.1353759766, -23.5426254272, 50.3330802917, 22.1456642151, 123.039016724, 18.4479312897, 29.6467971802, -29.6760349274], [-335.947937012, 334.216949463, -94.8875045776, -42.4643783569, 75.5807800293, -37.0655250549, 71.281867981, -49.8474655151, 58.9655075073, 18.4479312897, 163.85256958, 12.7516117096, 23.0322246552], [379.141876221, -267.24899292, -19.4546337128, 34.4005775452, -44.1158905029, 45.6029472351, -41.0586929321, 24.8230628967, -34.0058937073, 29.6467971802, 12.7516117096, 115.900558472, 19.0030727386], [-299.603027344, 223.307937622, 10.7875032425, -3.68879723549, 40.6306648254, -22.8398456573, 47.7635650635, -9.63218021393, 27.1267814636, -29.6760349274, 23.0322246552, 19.0030727386, 102.28931427]],
        "icov": [[0.000241207701038, 3.76650496037e-005, 0.000352194881998, -0.00029319053283, 3.48457906512e-005, -0.000344092753949, 0.000146557053085, -5.19025888934e-005, 0.00032743846532, -0.000151720829308, 0.000254572427366, -0.000282911205431, 0.000276939594187], [3.76650496037e-005, 0.00246027647518, -0.00139795441646, 0.00132873246912, -0.00159390922636, 0.00159604358487, -0.00111363374162, 0.0020936881192, -0.0017205378972, 0.00234486535192, -0.00273031252436, 0.00237480690703, -0.00204854691401], [0.000352194881998, -0.00139795441646, 0.0020846570842, -0.00129209482111, 0.000550492783077, -0.00126963492949, 0.0012106836075, -0.00155984668527, 0.00191966886632, -0.0016529422719, 0.00233214604668, -0.00167002389207, 0.00139912811574], [-0.00029319053283, 0.00132873246912, -0.00129209482111, 0.00374847813509, -0.00123476563022, 0.000966331048403, -0.00101262715179, 0.000347554014297, -0.000867840542924, 0.000979490345344, -0.00141815643292, 0.00133824488148, -0.00169123429805], [3.48457906512e-005, -0.00159390922636, 0.000550492783077, -0.00123476563022, 0.00575458630919, -0.00201500626281, -0.000923129438888, -0.000457425456261, -0.000469403079478, -0.000663309532683, 0.000628362467978, -0.000788597564679, 0.00106846250128], [-0.000344092753949, 0.00159604358487, -0.00126963492949, 0.000966331048403, -0.00201500626281, 0.00782192312181, -0.00291093764827, 0.000771313207224, -0.000178151982254, -6.41057922621e-005, -9.52064947342e-005, -0.000734628876671, -0.000158057388035], [0.000146557053085, -0.00111363374162, 0.0012106836075, -0.00101262715179, -0.000923129438888, -0.00291093764827, 0.00868226215243, -0.00400964496657, -0.00022125185933, 0.00131166481879, -0.00225405511446, 0.00227769929916, -0.00149516458623], [-5.19025888934e-005, 0.0020936881192, -0.00155984668527, 0.000347554014297, -0.000457425456261, 0.000771313207224, -0.00400964496657, 0.013259167783, -0.00528395408764, -0.00150710332673, 0.0032415939495, -0.00153638748452, -0.000551375676878], [0.00032743846532, -0.0017205378972, 0.00191966886632, -0.000867840542924, -0.000469403079478, -0.000178151982254, -0.00022125185933, -0.00528395408764, 0.0158398058265, -0.00578538933769, -0.00128449930344, 0.00307067367248, -0.00192650791723], [-0.000151720829308, 0.00234486535192, -0.0016529422719, 0.000979490345344, -0.000663309532683, -6.41057922621e-005, 0.00131166481879, -0.00150710332673, -0.00578538933769, 0.0161775071174, -0.00655939802527, 0.000493761443067, 0.00175383978058], [0.000254572427366, -0.00273031252436, 0.00233214604668, -0.00141815643292, 0.000628362467978, -9.52064947342e-005, -0.00225405511446, 0.0032415939495, -0.00128449930344, -0.00655939802527, 0.0161578543484, -0.00864875596017, 0.00390217546374], [-0.000282911205431, 0.00237480690703, -0.00167002389207, 0.00133824488148, -0.000788597564679, -0.000734628876671, 0.00227769929916, -0.00153638748452, 0.00307067367248, 0.000493761443067, -0.00864875596017, 0.0186856705695, -0.00904277618974], [0.000276939594187, -0.00204854691401, 0.00139912811574, -0.00169123429805, 0.00106846250128, -0.000158057388035, -0.00149516458623, -0.000551375676878, -0.00192650791723, 0.00175383978058, 0.00390217546374, -0.00904277618974, 0.0168585535139]]
    },
    "melbands": {
        "mean": [0.000219515233766, 0.000338219717378, 0.000147162223584, 0.000102713573142, 6.87172214384e-005, 8.12420039438e-005, 0.000180643575732, 7.54751745262e-005, 0.000102642145066, 8.61722292029e-005, 0.00011195573461, 7.98982873675e-005, 0.000119933087262, 0.000137174938573, 0.000193862157175, 4.87695324409e-005, 4.09876265621e-005, 4.40442454419e-005, 2.93433149636e-005, 2.09341051232e-005, 2.76071223198e-005, 2.24356208491e-005, 9.82583333098e-006, 1.21801258501e-005, 1.0414962162e-005, 4.4505486585e-006, 3.17992703458e-006, 4.48060882263e-006, 1.3889625734e-006, 2.43202862293e-006, 1.23400423035e-006, 1.47346111135e-006, 9.66881771092e-007, 8.62865704221e-007, 8.30683688946e-007, 7.91392324118e-007, 4.60538075231e-007, 2.69687660648e-007, 2.15182666352e-007, 1.53043984596e-007],
        "var": [1.43295835642e-007, 3.44599015989e-007, 2.15433772155e-007, 1.88494709619e-007, 3.55315492584e-008, 2.77425371564e-008, 2.17516884504e-007, 5.04132273704e-008, 1.4609786092e-007, 7.02439635347e-008, 2.52662886169e-007, 6.24357952006e-008, 3.26631209191e-007, 1.91439241348e-007, 5.95530650571e-007, 2.83279479873e-008, 2.4549766664e-008, 2.16641673489e-008, 1.08539275345e-008, 5.12872988523e-009, 1.24065486773e-008, 5.79913717047e-009, 1.42328504538e-009, 2.55394216886e-009, 1.84485682286e-009, 1.95918670176e-010, 1.26887528262e-010, 4.44787623399e-010, 2.02396242127e-011, 9.15225187303e-011, 2.11903342096e-011, 3.38817029988e-011, 1.06416186627e-011, 1.0242737214e-011, 1.05493599967e-011, 8.4283587054e-012, 2.9689640503e-012, 1.04767713602e-012, 7.22025195708e-013, 3.76931098096e-013]
    },
    "mfcc": {
        "mean": [-769.557617188, 160.946380615, -16.8887386322, 9.95433139801, 4.00205421448, 3.74420237541, -1.67966139317, 4.84314203262, -1.2191978693, 2.42095994949, 2.23601603508, 5.43464756012, 3.95132541656],
        "cov": [[10919.0439453, -3626.17797852, -2200.84643555, 171.053451538, -604.353759766, 267.716339111, -166.599212646, 189.561416626, -134.02822876, -1.55390667915, -62.011138916, 120.201049805, -15.3089704514], [-3626.17797852, 2822.15478516, 423.411895752, -77.3676147461, 299.047149658, -48.4460449219, 142.42640686, -69.9032669067, 12.6755847931, -77.3091659546, 25.4700908661, -4.67382001877, 68.8264312744], [-2200.84643555, 423.411895752, 1387.80883789, 89.0972976685, 203.40133667, -5.36301755905, 23.6127281189, -19.8894729614, 52.7255134583, 23.3440628052, -54.6992225647, -102.403152466, -71.5372695923], [171.053451538, -77.3676147461, 89.0972976685, 326.391998291, 55.3776283264, 18.7252349854, 30.4510002136, 33.4532356262, 25.2992038727, 25.4236850739, 8.32630348206, 6.28012037277, -0.795068800449], [-604.353759766, 299.047149658, 203.40133667, 55.3776283264, 229.444625854, 39.5706825256, 43.2939720154, 10.2725172043, 19.2647609711, 5.68436050415, 14.4301452637, 9.92367553711, 5.76547861099], [267.716339111, -48.4460449219, -5.36301755905, 18.7252349854, 39.5706825256, 168.955551147, 73.73387146, 38.36693573, 16.9001483917, 5.69272375107, 12.5912313461, 19.9269142151, 3.30418801308], [-166.599212646, 142.42640686, 23.6127281189, 30.4510002136, 43.2939720154, 73.73387146, 151.618774414, 61.9820098877, 33.4808273315, 29.0350036621, 25.3192043304, 1.55445289612, 14.8905763626], [189.561416626, -69.9032669067, -19.8894729614, 33.4532356262, 10.2725172043, 38.36693573, 61.9820098877, 115.035568237, 58.7633743286, 18.3153991699, 2.66773319244, -1.23776197433, 2.48574876785], [-134.02822876, 12.6755847931, 52.7255134583, 25.2992038727, 19.2647609711, 16.9001483917, 33.4808273315, 58.7633743286, 124.514961243, 66.7654495239, 10.9785814285, -17.3559741974, -19.5703144073], [-1.55390667915, -77.3091659546, 23.3440628052, 25.4236850739, 5.68436050415, 5.69272375107, 29.0350036621, 18.3153991699, 66.7654495239, 134.977645874, 54.7034568787, -10.7796583176, -26.0169563293], [-62.011138916, 25.4700908661, -54.6992225647, 8.32630348206, 14.4301452637, 12.5912313461, 25.3192043304, 2.66773319244, 10.9785814285, 54.7034568787, 112.514648438, 53.8394508362, -4.39740610123], [120.201049805, -4.67382001877, -102.403152466, 6.28012037277, 9.92367553711, 19.9269142151, 1.55445289612, -1.23776197433, -17.3559741974, -10.7796583176, 53.8394508362, 131.457061768, 69.7468643188], [-15.3089704514, 68.8264312744, -71.5372695923, -0.795068800449, 5.76547861099, 3.30418801308, 14.8905763626, 2.48574876785, -19.5703144073, -26.0169563293, -4.39740610123, 69.7468643188, 149.298995972]],
        "icov": [[0.00029428160633, 0.000249651289778, 0.000369528890587, -0.000203401825274, 0.00016238547687, -0.00048919825349, 0.000302399595967, -0.000422235520091, 0.000431905413279, -0.000233533864957, 0.000412943336414, -0.000123513527797, 0.000158272974659], [0.000249651289778, 0.000753604341298, 0.000248630443821, 3.49723231921e-005, -0.000467933190521, 9.53550988925e-005, -0.000615566037595, 0.000443883152911, -0.000220410860493, 0.000602448184509, -8.25370079838e-005, 0.000143848577864, -0.000126068378449], [0.000369528890587, 0.000248630443821, 0.0014111258788, -0.000425159174483, -0.000559032021556, -0.000521962938365, 0.000310121802613, -0.000121896708151, 0.000253122503636, -0.000457322661532, 0.00103824795224, 0.000222146438318, 0.000481683120597], [-0.000203401825274, 3.49723231921e-005, -0.000425159174483, 0.00357086118311, -0.00098157604225, 0.000592042692006, -0.000646104046609, -0.000335846620146, -0.000278555991827, -0.000246672978392, -8.1407612015e-005, -0.000317275320413, -6.05224704486e-005], [0.00016238547687, -0.000467933190521, -0.000559032021556, -0.00098157604225, 0.00645745452493, -0.00165209325496, 0.00010373078112, -0.000465749035357, 7.36715664971e-005, -0.000124116486404, -0.000256683822954, -0.000725168327335, 6.31205257378e-005], [-0.00048919825349, 9.53550988925e-005, -0.000521962938365, 0.000592042692006, -0.00165209325496, 0.00935113057494, -0.00512006925419, 0.000783352938015, -0.00126473465934, 0.00132519227918, 7.93965082266e-005, -0.00178528286051, 0.000914894626476], [0.000302399595967, -0.000615566037595, 0.000310121802613, -0.000646104046609, 0.00010373078112, -0.00512006925419, 0.0132973045111, -0.00670415116474, 0.00218383339234, -0.00244033383206, -0.00209497148171, 0.00254887831397, -0.0020368010737], [-0.000422235520091, 0.000443883152911, -0.000121896708151, -0.000335846620146, -0.000465749035357, 0.000783352938015, -0.00670415116474, 0.016985040158, -0.00870768819004, 0.00380379124545, -0.00028964606463, -3.15058023261e-005, -0.000393990543671], [0.000431905413279, -0.000220410860493, 0.000253122503636, -0.000278555991827, 7.36715664971e-005, -0.00126473465934, 0.00218383339234, -0.00870768819004, 0.0166414938867, -0.00869837775826, 0.00323578086682, -0.000631135888398, 0.00127376499586], [-0.000233533864957, 0.000602448184509, -0.000457322661532, -0.000246672978392, -0.000124116486404, 0.00132519227918, -0.00244033383206, 0.00380379124545, -0.00869837775826, 0.015963036567, -0.00906410999596, 0.00412385491654, -0.000918536039535], [0.000412943336414, -8.25370079838e-005, 0.00103824795224, -8.1407612015e-005, -0.000256683822954, 7.93965082266e-005, -0.00209497148171, -0.00028964606463, 0.00323578086682, -0.00906410999596, 0.0195028334856, -0.0105804596096, 0.00516121694818], [-0.000123513527797, 0.000143848577864, 0.000222146438318, -0.000317275320413, -0.000725168327335, -0.00178528286051, 0.00254887831397, -3.15058023261e-005, -0.000631135888398, 0.00412385491654, -0.0105804596096, 0.0168977510184, -0.00773013336584], [0.000158272974659, -0.000126068378449, 0.000481683120597, -6.05224704486e-005, 6.31205257378e-005, 0.000914894626476, -0.0020368010737, -0.000393990543671, 0.00127376499586, -0.000918536039535, 0.00516121694818, -0.00773013336584, 0.010959956795]]
    },
    "spectral_contrast_coeffs": {
        "mean": [-0.709456384182, -0.744395494461, -0.751889824867, -0.752756655216, -0.762264788151, -0.765161991119],
        "var": [0.0049312771298, 0.0066229053773, 0.00912987813354, 0.00924055371433, 0.00751448469236, 0.00434013037011]
    },
    "spectral_contrast_valleys": {
        "mean": [-8.25246715546, -7.47523832321, -8.14946079254, -8.73704624176, -9.38138580322, -12.5080738068],
        "var": [0.910675942898, 0.752439022064, 1.05389499664, 1.2935372591, 1.6935737133, 2.21676421165]
    }
},
"metadata": {
    "audio_properties": {
        "analysis_sample_rate": 44100,
        "bit_rate": 128074,
        "equal_loudness": 0,
        "length": 45.0612258911,
        "lossless": 0,
        "replay_gain": -5.5578212738,
        "sample_rate": 44100,
        "codec": "mp3",
        "downmix": "mix",
        "md5_encoded": "1e6c0200af15e44a08b235810bc9b086"
    },
    "tags": {
        "file_name": "1105.mp3"
    },
    "version": {
        "essentia": "2.1-beta2",
        "essentia_git_sha": "v2.1_beta2",
        "extractor": "music 1.0"
    }
},
"rhythm": {
    "beats_count": 78,
    "beats_loudness": {
        "mean": 0.0147142903879,
        "var": 0.000271702447208
    },
    "bpm": 89.2191925049,
    "bpm_histogram_first_peak_bpm": {
        "mean": 129,
        "var": 0
    },
    "bpm_histogram_first_peak_spread": {
        "mean": 0.500000059605,
        "var": 0
    },
    "bpm_histogram_first_peak_weight": {
        "mean": 0.11688311398,
        "var": 0
    },
    "bpm_histogram_second_peak_bpm": {
        "mean": 89,
        "var": 0
    },
    "bpm_histogram_second_peak_spread": {
        "mean": 0.608695626259,
        "var": 0
    },
    "bpm_histogram_second_peak_weight": {
        "mean": 0.116883121431,
        "var": 0
    },
    "danceability": 1.08456397057,
    "onset_rate": 4.05931091309,
    "beats_loudness_band_ratio": {
        "mean": [0.242394417524, 0.159086927772, 0.205439031124, 0.263069093227, 0.129032686353, 0.042441546917],
        "var": [0.0558487437665, 0.023503864184, 0.0234497580677, 0.0410529114306, 0.0128197735175, 0.0036901391577]
    },
    "beats_position": [0.46439909935, 0.940408170223, 1.38158726692, 1.83437633514, 2.28716540337, 2.73995471001, 3.20435357094, 3.66875267029, 4.13315200806, 4.60916090012, 5.08516979218, 5.54956912994, 6.00235795975, 6.46675729752, 6.93115615845, 7.39555549622, 7.85995435715, 8.3011341095, 8.77714252472, 9.2067117691, 9.61306095123, 10.0310201645, 10.4605894089, 10.9017686844, 11.3661680222, 11.8886165619, 12.3646259308, 12.8638544083, 13.3630838394, 13.8623123169, 14.3731517792, 14.8607711792, 15.3483896255, 15.8476190567, 16.3932876587, 16.9389572144, 17.4846248627, 18.0186843872, 18.5527439117, 19.0984115601, 19.6556911469, 20.2361907959, 20.8863487244, 21.548116684, 22.1982765198, 22.8600444794, 23.5334243774, 24.195192337, 24.8569602966, 25.5187301636, 26.1921081543, 26.9235363007, 27.6549663544, 28.3747844696, 29.0946025848, 29.7912006378, 30.5110206604, 31.2308387756, 31.9274368286, 32.6124267578, 33.3090248108, 33.99401474, 34.690612793, 35.3872108459, 36.0373687744, 36.6875267029, 37.3144645691, 37.94140625, 38.5567321777, 39.1720619202, 39.7989997864, 40.4259414673, 41.0528793335, 41.7262573242, 42.3996353149, 43.0730133057, 43.7463951111, 44.4197731018]
},
"tonal": {
    "chords_changes_rate": 0.117283947766,
    "chords_number_rate": 0.0174897126853,
    "chords_strength": {
        "mean": 0.511548519135,
        "var": 0.00960453879088
    },
    "hpcp_entropy": {
        "mean": 2.00811958313,
        "var": 0.614197313786
    },
    "key_strength": 0.717836678028,
    "tuning_diatonic_strength": 0.546020805836,
    "tuning_equal_tempered_deviation": 0.188237577677,
    "tuning_frequency": 438.477722168,
    "tuning_nontempered_energy_ratio": 0.86688798666,
    "hpcp": {
        "mean": [0.20860876143, 0.155940383673, 0.108313634992, 0.102269694209, 0.107883475721, 0.113993600011, 0.14069069922, 0.175918012857, 0.192166775465, 0.180745303631, 0.149625837803, 0.147165611386, 0.147902324796, 0.125050336123, 0.140377640724, 0.176141470671, 0.153062477708, 0.123434767127, 0.137718245387, 0.140063852072, 0.136145025492, 0.173764690757, 0.168243631721, 0.138263493776, 0.136597514153, 0.123332701623, 0.10731266439, 0.08514739573, 0.0801268368959, 0.102391526103, 0.128370389342, 0.137323141098, 0.134424299002, 0.144753947854, 0.161144584417, 0.193014577031],
        "var": [0.0783615335822, 0.0486007109284, 0.0397305637598, 0.0419624596834, 0.0454630888999, 0.0438703075051, 0.0587853528559, 0.0716545060277, 0.076613470912, 0.0747768133879, 0.0557721294463, 0.0561916679144, 0.0552422106266, 0.0411068126559, 0.0521890111268, 0.0740206837654, 0.0636233910918, 0.0414682067931, 0.0624011270702, 0.0594495423138, 0.0508568808436, 0.0695822238922, 0.0706694945693, 0.0457638278604, 0.0526468530297, 0.0461178123951, 0.0389956608415, 0.0277643203735, 0.0257048290223, 0.0417095497251, 0.0525167807937, 0.0612859278917, 0.0551492534578, 0.0606399588287, 0.064500130713, 0.0727061107755]
    },
    "chords_histogram": [11.2139921188, 4.32098770142, 0, 9.67078208923, 0.514403283596, 4.42386817932, 0, 4.93827152252, 6.17283964157, 8.53909492493, 5.55555534363, 0, 0, 0, 3.29218101501, 2.98353910446, 1.33744859695, 6.58436203003, 3.70370364189, 0.102880656719, 5.55555534363, 3.49794244766, 12.551440239, 5.04115247726],
    "thpcp": [1, 0.747525572777, 0.519219040871, 0.490246385336, 0.51715695858, 0.546446859837, 0.674423754215, 0.843291580677, 0.921182692051, 0.866432011127, 0.71725577116, 0.705462276936, 0.708993852139, 0.59944909811, 0.672923028469, 0.844362735748, 0.733729839325, 0.59170460701, 0.660174787045, 0.671418845654, 0.652633309364, 0.832969307899, 0.806503176689, 0.662788510323, 0.654802381992, 0.591215372086, 0.514420688152, 0.408167868853, 0.384101003408, 0.490830421448, 0.615364313126, 0.658280789852, 0.644384741783, 0.693901598454, 0.77247273922, 0.925246715546],
    "chords_key": "D",
    "chords_scale": "minor",
    "key_key": "A",
    "key_scale": "minor"
}
}