{
"lowlevel": {
    "average_loudness": 0.786356210709,
    "barkbands_crest": {
        "mean": 8.72082614899,
        "var": 8.81238269806
    },
    "barkbands_flatness_db": {
        "mean": 0.147049084306,
        "var": 0.00069945002906
    },
    "barkbands_kurtosis": {
        "mean": 0.024914836511,
        "var": 3.77278876305
    },
    "barkbands_skewness": {
        "mean": 0.40601965785,
        "var": 0.452385187149
    },
    "barkbands_spread": {
        "mean": 21.1205253601,
        "var": 39.483581543
    },
    "dissonance": {
        "mean": 0.456213623285,
        "var": 0.0007457282627
    },
    "dynamic_complexity": 2.16882419586,
    "erbbands_crest": {
        "mean": 11.7269916534,
        "var": 17.9394760132
    },
    "erbbands_flatness_db": {
        "mean": 0.203704997897,
        "var": 0.000524128612597
    },
    "erbbands_kurtosis": {
        "mean": 0.271474480629,
        "var": 2.25977873802
    },
    "erbbands_skewness": {
        "mean": -0.174240916967,
        "var": 0.357718288898
    },
    "erbbands_spread": {
        "mean": 24.4262599945,
        "var": 64.3023452759
    },
    "hfc": {
        "mean": 23.8103256226,
        "var": 325.916992188
    },
    "melbands_crest": {
        "mean": 10.6722106934,
        "var": 13.9272918701
    },
    "melbands_flatness_db": {
        "mean": 0.190627321601,
        "var": 0.00119273888413
    },
    "melbands_kurtosis": {
        "mean": 1.54157924652,
        "var": 9.59625434875
    },
    "melbands_skewness": {
        "mean": 1.06213963032,
        "var": 0.487146496773
    },
    "melbands_spread": {
        "mean": 33.1359558105,
        "var": 165.436889648
    },
    "pitch_salience": {
        "mean": 0.492744147778,
        "var": 0.00677939364687
    },
    "silence_rate_20dB": {
        "mean": 1,
        "var": 0
    },
    "silence_rate_30dB": {
        "mean": 0.996395468712,
        "var": 0.00359152490273
    },
    "silence_rate_60dB": {
        "mean": 0.00257466523908,
        "var": 0.00256806239486
    },
    "spectral_centroid": {
        "mean": 1504.68395996,
        "var": 174198.90625
    },
    "spectral_complexity": {
        "mean": 15.4459323883,
        "var": 21.0946350098
    },
    "spectral_decrease": {
        "mean": -5.40378009006e-009,
        "var": 1.42086137307e-017
    },
    "spectral_energy": {
        "mean": 0.0225547868758,
        "var": 0.000247253308771
    },
    "spectral_energyband_high": {
        "mean": 0.000311460375087,
        "var": 1.30956479438e-007
    },
    "spectral_energyband_low": {
        "mean": 0.00235004536808,
        "var": 7.31635236662e-006
    },
    "spectral_energyband_middle_high": {
        "mean": 0.00996670871973,
        "var": 6.50251968182e-005
    },
    "spectral_energyband_middle_low": {
        "mean": 0.0105252387002,
        "var": 9.59466124186e-005
    },
    "spectral_entropy": {
        "mean": 6.89061450958,
        "var": 0.10619315505
    },
    "spectral_flux": {
        "mean": 0.0680686235428,
        "var": 0.000907907669898
    },
    "spectral_kurtosis": {
        "mean": 7.56664085388,
        "var": 10.1356544495
    },
    "spectral_rms": {
        "mean": 0.00446641631424,
        "var": 2.05578953683e-006
    },
    "spectral_rolloff": {
        "mean": 1834.35986328,
        "var": 482141.0625
    },
    "spectral_skewness": {
        "mean": 1.88109529018,
        "var": 0.147866368294
    },
    "spectral_spread": {
        "mean": 3172724.5,
        "var": 1.41827309568e+012
    },
    "spectral_strongpeak": {
        "mean": 2.492862463,
        "var": 5.16740131378
    },
    "zerocrossingrate": {
        "mean": 0.06247536093,
        "var": 0.000336627883371
    },
    "barkbands": {
        "mean": [1.49459174281e-005, 0.00132020632736, 0.00046483046026, 0.00104152632412, 0.00173131306656, 0.00213389238343, 0.00167236314155, 0.00133459782228, 0.00253137596883, 0.000534410588443, 0.000333916919772, 0.00205502309836, 0.00125920667779, 0.00154172477778, 0.00105922820512, 0.00170326186344, 0.000517554813996, 0.000584361667279, 0.000347595429048, 0.000152303196955, 9.46502113948e-005, 6.02237851126e-005, 3.04840450553e-005, 1.65026413015e-005, 1.16987994261e-005, 7.43215105103e-006, 1.80808200412e-007],
        "var": [1.02266950464e-009, 4.16439615947e-006, 2.62834987552e-007, 3.42544399246e-006, 6.85670283929e-006, 4.70997701996e-006, 7.32192665964e-006, 2.58962177213e-006, 6.4409141487e-005, 3.48056141775e-006, 7.48117543026e-007, 1.22302226373e-005, 9.50527646637e-006, 6.73575914334e-006, 8.97162954061e-006, 7.04138483343e-006, 9.60428678809e-007, 6.01200213168e-007, 2.66825736617e-007, 5.52643761864e-008, 1.53160648608e-008, 6.71663391572e-009, 1.83556247979e-009, 5.00887331611e-010, 3.20738047233e-010, 5.03594110857e-010, 6.96474263895e-014]
    },
    "erbbands": {
        "mean": [0.0285645648837, 0.324055731297, 0.574916481972, 2.27056527138, 3.43695569038, 7.36471891403, 5.82554960251, 25.6517105103, 29.2639522552, 23.0675811768, 25.6981220245, 59.5799026489, 30.2134647369, 21.3617744446, 46.7799949646, 60.2725944519, 47.3901557922, 99.9929656982, 60.2303962708, 51.3752746582, 94.5102157593, 33.4938621521, 34.7468833923, 24.8840084076, 11.2771453857, 6.78222799301, 6.35694217682, 2.26109552383, 2.3950715065, 1.37406051159, 0.846799075603, 0.385390907526, 0.26314920187, 0.140740245581, 0.0795903354883, 0.0462714061141, 0.00902053248137, 0.000889698043466, 3.60922858818e-005, 2.86374852294e-005],
        "var": [0.00247560953721, 0.24272723496, 0.450887292624, 12.4455699921, 13.2299346924, 160.429855347, 57.2510948181, 704.401489258, 1485.49572754, 1891.5690918, 877.194274902, 41429.1640625, 5608.57519531, 5276.18652344, 4266.79394531, 13251.7529297, 9848.41210938, 31936.0253906, 12092.3359375, 14122.3095703, 18542.3300781, 2661.60717773, 1984.9317627, 1152.69140625, 273.260864258, 143.404083252, 64.7303009033, 7.89378547668, 13.2473964691, 3.54235720634, 1.33596897125, 0.23134188354, 0.178940489888, 0.0372326634824, 0.0171259343624, 0.01927501522, 0.000679497607052, 9.99962253445e-007, 1.08355291406e-009, 3.9336603419e-010]
    },
    "gfcc": {
        "mean": [-4.44650125504, 105.227592468, -147.085174561, 26.9952163696, -48.4640464783, 3.43396115303, -46.7783851624, 4.93715047836, -18.8781604767, 8.838971138, -9.16134929657, 3.08332490921, -13.209444046],
        "cov": [[2431.15209961, -359.323150635, -277.82232666, -4.14496088028, -87.4547042847, 181.05519104, 15.6690311432, 106.059082031, 6.13240528107, -27.9597702026, -197.370925903, -88.1140518188, -75.1645278931], [-359.323150635, 454.661804199, 117.132278442, -78.2698516846, 32.9183311462, -57.3945121765, 27.4301319122, -43.2642402649, 2.06606531143, -55.6710472107, 37.6641616821, -22.9187335968, 65.0855102539], [-277.82232666, 117.132278442, 202.280273438, -0.548122882843, 18.4440498352, -6.47513198853, -5.91422510147, 18.6391239166, -11.0318489075, 4.48565769196, -7.81644153595, 7.38433027267, 4.29775857925], [-4.14496088028, -78.2698516846, -0.548122882843, 186.016235352, 27.2208309174, -7.19545125961, -8.80607795715, -21.5687885284, 5.95725011826, 29.6760215759, 50.1265869141, 20.080789566, -1.88179135323], [-87.4547042847, 32.9183311462, 18.4440498352, 27.2208309174, 124.64629364, 32.8261566162, 6.9353723526, 15.91751194, 6.69996404648, 28.5873908997, 6.54956102371, -0.336693704128, 9.68111515045], [181.05519104, -57.3945121765, -6.47513198853, -7.19545125961, 32.8261566162, 124.040756226, 35.2868766785, 26.0032043457, -2.17172932625, 0.640565216541, -32.552696228, -19.4983291626, -1.68995583057], [15.6690311432, 27.4301319122, -5.91422510147, -8.80607795715, 6.9353723526, 35.2868766785, 94.9136734009, 28.5658531189, 0.0284637529403, 10.8398666382, -1.282730937, -9.42068481445, 8.21654415131], [106.059082031, -43.2642402649, 18.6391239166, -21.5687885284, 15.91751194, 26.0032043457, 28.5658531189, 124.407691956, 25.2563076019, 17.6960678101, -32.770614624, -13.6633472443, -6.49862337112], [6.13240528107, 2.06606531143, -11.0318489075, 5.95725011826, 6.69996404648, -2.17172932625, 0.0284637529403, 25.2563076019, 101.048568726, 37.9417419434, 7.00870990753, 11.7676258087, -5.39150190353], [-27.9597702026, -55.6710472107, 4.48565769196, 29.6760215759, 28.5873908997, 0.640565216541, 10.8398666382, 17.6960678101, 37.9417419434, 122.955688477, 37.2469215393, 21.5589389801, -10.502696991], [-197.370925903, 37.6641616821, -7.81644153595, 50.1265869141, 6.54956102371, -32.552696228, -1.282730937, -32.770614624, 7.00870990753, 37.2469215393, 135.251617432, 55.4364738464, -1.55065965652], [-88.1140518188, -22.9187335968, 7.38433027267, 20.080789566, -0.336693704128, -19.4983291626, -9.42068481445, -13.6633472443, 11.7676258087, 21.5589389801, 55.4364738464, 107.728813171, 7.58106279373], [-75.1645278931, 65.0855102539, 4.29775857925, -1.88179135323, 9.68111515045, -1.68995583057, 8.21654415131, -6.49862337112, -5.39150190353, -10.502696991, -1.55065965652, 7.58106279373, 91.3932800293]],
        "icov": [[0.000773710547946, -0.000576298451051, 0.0014541617129, -0.000737840833608, 0.00104070897214, -0.00134390045423, 0.000729294668417, -0.0008930437034, 0.000498484878335, -0.00056377571309, 0.0013844264904, -0.000446387479315, 0.000724137003999], [-0.000576298451051, 0.00756339682266, -0.0057213739492, 0.00458846706897, -0.00444263219833, 0.00498790293932, -0.0046672639437, 0.00423569092527, -0.00387780088931, 0.00496162101626, -0.00555172283202, 0.00428417883813, -0.00432123057544], [0.0014541617129, -0.0057213739492, 0.0110095357522, -0.00401247711852, 0.0034865331836, -0.00447246804833, 0.00449638580903, -0.0050240540877, 0.00424992805347, -0.00428316136822, 0.00609044916928, -0.00407561520115, 0.00365647720173], [-0.000737840833608, 0.00458846706897, -0.00401247711852, 0.00929327215999, -0.00426251161844, 0.00341512169689, -0.00248236139305, 0.00365525949746, -0.0025185723789, 0.00229968875647, -0.0058050500229, 0.00275947758928, -0.00270839454606], [0.00104070897214, -0.00444263219833, 0.0034865331836, -0.00426251161844, 0.013113508001, -0.00673099886626, 0.00395435793325, -0.00391330290586, 0.00258831423707, -0.00504694925621, 0.00347408605739, -0.00202661240473, 0.00142043887172], [-0.00134390045423, 0.00498790293932, -0.00447246804833, 0.00341512169689, -0.00673099886626, 0.0152515331283, -0.0071940398775, 0.00300207082182, -0.00239521334879, 0.00369110377505, -0.00239206664264, 0.00305511499755, -0.00253263465129], [0.000729294668417, -0.0046672639437, 0.00449638580903, -0.00248236139305, 0.00395435793325, -0.0071940398775, 0.0161991417408, -0.00572261633351, 0.00340463034809, -0.00430709589273, 0.00201001181267, -0.00146307062823, 0.00110720191151], [-0.0008930437034, 0.00423569092527, -0.0050240540877, 0.00365525949746, -0.00391330290586, 0.00300207082182, -0.00572261633351, 0.0134025625885, -0.00478326156735, 0.0017614903627, -0.00132290192414, 0.00254272390157, -0.00181497307494], [0.000498484878335, -0.00387780088931, 0.00424992805347, -0.0025185723789, 0.00258831423707, -0.00239521334879, 0.00340463034809, -0.00478326156735, 0.0140477335081, -0.00599060067907, 0.00343932653777, -0.00324949645437, 0.00242333719507], [-0.00056377571309, 0.00496162101626, -0.00428316136822, 0.00229968875647, -0.00504694925621, 0.00369110377505, -0.00430709589273, 0.0017614903627, -0.00599060067907, 0.0143891824409, -0.00631561083719, 0.00209673820063, -0.00161387608387], [0.0013844264904, -0.00555172283202, 0.00609044916928, -0.0058050500229, 0.00347408605739, -0.00239206664264, 0.00201001181267, -0.00132290192414, 0.00343932653777, -0.00631561083719, 0.0173765774816, -0.00816496275365, 0.00444853072986], [-0.000446387479315, 0.00428417883813, -0.00407561520115, 0.00275947758928, -0.00202661240473, 0.00305511499755, -0.00146307062823, 0.00254272390157, -0.00324949645437, 0.00209673820063, -0.00816496275365, 0.0147463995963, -0.00389860104769], [0.000724137003999, -0.00432123057544, 0.00365647720173, -0.00270839454606, 0.00142043887172, -0.00253263465129, 0.00110720191151, -0.00181497307494, 0.00242333719507, -0.00161387608387, 0.00444853072986, -0.00389860104769, 0.014317387715]]
    },
    "melbands": {
        "mean": [0.000324450433254, 0.000358546240022, 0.000413865607698, 0.000393162568798, 0.000245208211709, 0.000530815275852, 0.000416562892497, 0.000266312796157, 0.000185756012797, 0.000414989655837, 0.00014552329958, 8.3935825387e-005, 0.00010042462236, 0.000255469320109, 6.12282528891e-005, 0.000161356729222, 0.000185537224752, 8.57441264088e-005, 8.23062946438e-005, 9.04069383978e-005, 0.000100229983218, 2.71581138804e-005, 3.91561443394e-005, 2.52876579907e-005, 2.0201487132e-005, 9.73168607743e-006, 5.67537608731e-006, 4.23269329985e-006, 5.17135413247e-006, 1.83716110769e-006, 1.02151909687e-006, 1.30552302835e-006, 1.25256394767e-006, 6.16147644905e-007, 5.42112047697e-007, 2.92087491971e-007, 2.11270787531e-007, 1.89057757893e-007, 1.5756327798e-007, 1.06018028134e-007],
        "var": [2.7795169899e-007, 2.0475869178e-007, 3.85648348811e-007, 2.78041426327e-007, 1.31655966129e-007, 2.86962745122e-007, 3.14294425152e-007, 1.98236364213e-007, 5.84753081512e-008, 2.06148502002e-006, 1.37356934715e-007, 9.74598179937e-008, 1.87721198586e-008, 2.33969458918e-007, 1.9469638346e-008, 1.54621872639e-007, 1.05826408969e-007, 2.40586004452e-008, 7.62656142683e-008, 3.78543845159e-008, 2.35121984105e-008, 3.5299292378e-009, 3.00061575587e-009, 1.97139327085e-009, 1.02971164928e-009, 2.86897505752e-010, 6.37054714536e-011, 9.85989553892e-011, 5.70667957334e-011, 7.74203791354e-012, 2.46048038714e-012, 4.4789510642e-012, 3.80747169904e-012, 1.04271214059e-012, 7.22336307522e-013, 1.58367405561e-013, 9.4052220981e-014, 1.00552717736e-013, 8.48060770914e-014, 2.23633232158e-014]
    },
    "mfcc": {
        "mean": [-648.425170898, 134.174865723, -25.1233043671, 25.5996932983, 5.3130068779, -0.0819736942649, -9.11970043182, -4.9007563591, -8.15654659271, -1.59627449512, 2.55685663223, 4.46741485596, 5.81973695755],
        "cov": [[1967.6373291, -375.338409424, -139.522323608, -169.908935547, -48.9776306152, 57.7911987305, -11.9815654755, 91.8002548218, 103.436759949, 118.082244873, 83.0856399536, -97.3354110718, -131.287017822], [-375.338409424, 543.980895996, 13.881196022, -78.0883636475, 38.3873176575, -16.0505065918, 14.2325782776, 0.823962152004, 22.5737876892, -5.98062753677, -48.8125839233, -10.9526357651, -62.3669395447], [-139.522323608, 13.881196022, 150.90057373, 22.1534366608, -5.08299446106, 2.2482984066, -9.59093856812, 2.59559202194, -14.1761665344, -26.1942768097, -13.9094696045, -8.90273857117, 20.6435089111], [-169.908935547, -78.0883636475, 22.1534366608, 203.672042847, 11.8973207474, -9.53947544098, 1.62321352959, -30.0163631439, -44.8051109314, -33.1103591919, 11.3248100281, 48.1288261414, 72.7266921997], [-48.9776306152, 38.3873176575, -5.08299446106, 11.8973207474, 114.893127441, 13.0174837112, 9.09809494019, 4.47455978394, 9.63848876953, 8.48639965057, 3.78539395332, 3.11996650696, -27.7369709015], [57.7911987305, -16.0505065918, 2.2482984066, -9.53947544098, 13.0174837112, 102.123748779, 20.260187149, 0.934089243412, 8.21688747406, 9.94193267822, 2.74858903885, -2.64895772934, -15.6900539398], [-11.9815654755, 14.2325782776, -9.59093856812, 1.62321352959, 9.09809494019, 20.260187149, 120.816719055, 6.30038499832, 5.69968271255, 8.85401344299, 10.0735836029, -7.70914888382, -38.9589653015], [91.8002548218, 0.823962152004, 2.59559202194, -30.0163631439, 4.47455978394, 0.934089243412, 6.30038499832, 89.7607650757, 13.6568021774, 15.0686693192, 3.76391792297, -17.3583889008, -19.7322311401], [103.436759949, 22.5737876892, -14.1761665344, -44.8051109314, 9.63848876953, 8.21688747406, 5.69968271255, 13.6568021774, 133.73109436, 32.3740844727, -0.106100603938, -10.6995859146, -36.7216491699], [118.082244873, -5.98062753677, -26.1942768097, -33.1103591919, 8.48639965057, 9.94193267822, 8.85401344299, 15.0686693192, 32.3740844727, 123.093444824, 26.7995128632, -12.1478824615, -16.6916904449], [83.0856399536, -48.8125839233, -13.9094696045, 11.3248100281, 3.78539395332, 2.74858903885, 10.0735836029, 3.76391792297, -0.106100603938, 26.7995128632, 116.341888428, 16.8094711304, -29.2723617554], [-97.3354110718, -10.9526357651, -8.90273857117, 48.1288261414, 3.11996650696, -2.64895772934, -7.70914888382, -17.3583889008, -10.6995859146, -12.1478824615, 16.8094711304, 115.292167664, 43.0166549683], [-131.287017822, -62.3669395447, 20.6435089111, 72.7266921997, -27.7369709015, -15.6900539398, -38.9589653015, -19.7322311401, -36.7216491699, -16.6916904449, -29.2723617554, 43.0166549683, 251.847427368]],
        "icov": [[0.000827969633974, 0.000614520686213, 0.000572474033106, 0.000473570340546, 0.000259785563685, -0.000316487596137, 0.000269801646937, -0.000501696777064, -0.000323198561091, -0.000248624681262, -0.000261592824245, 0.000422550190706, 0.000245257338975], [0.000614520686213, 0.002648439724, 4.11354812968e-005, 0.0012634685263, -0.000629485060927, 0.000395111972466, -0.000138122457429, -5.73317702219e-005, -0.000279847328784, -0.000108750973595, 0.000772085331846, -0.00011928666936, 0.000599505438004], [0.000572474033106, 4.11354812968e-005, 0.00765846949071, -0.000631126342341, 0.000528707052581, -0.000865591515321, 0.000749877246562, -0.00106387189589, 1.34090259962e-005, 0.00111576647032, 3.18973252433e-005, 0.00140939117409, -0.000261053995928], [0.000473570340546, 0.0012634685263, -0.000631126342341, 0.00747017376125, -0.0014749947004, 0.000587932998314, -0.000883643573616, 0.00124462903477, 0.0011037098011, 0.00100570730865, -0.000860814994667, -0.00164589274209, -0.00130203459412], [0.000259785563685, -0.000629485060927, 0.000528707052581, -0.0014749947004, 0.00977458246052, -0.0013651708141, 0.000158324386575, -0.00080711155897, -0.000581378058996, -0.000736279704142, -1.8537586584e-005, -0.00017035966448, 0.00120823562611], [-0.000316487596137, 0.000395111972466, -0.000865591515321, 0.000587932998314, -0.0013651708141, 0.0107056032866, -0.00184000749141, 0.00066443887772, -0.000130558459205, -0.000494398002047, 0.000391371926526, -0.000475266075227, 0.000192924650037], [0.000269801646937, -0.000138122457429, 0.000749877246562, -0.000883643573616, 0.000158324386575, -0.00184000749141, 0.00928359851241, -0.000706999155227, -9.50214234763e-005, -0.000413924950408, -0.000461612507934, 0.000607310212217, 0.00138499133755], [-0.000501696777064, -5.73317702219e-005, -0.00106387189589, 0.00124462903477, -0.00080711155897, 0.00066443887772, -0.000706999155227, 0.0125069096684, -0.000289343151962, -0.000694976304658, -0.000187308280147, 0.000755956803914, 3.59692494385e-005], [-0.000323198561091, -0.000279847328784, 1.34090259962e-005, 0.0011037098011, -0.000581378058996, -0.000130558459205, -9.50214234763e-005, -0.000289343151962, 0.00879282038659, -0.00173542590346, 0.000697551877238, -0.000514446757734, 0.00066886539571], [-0.000248624681262, -0.000108750973595, 0.00111576647032, 0.00100570730865, -0.000736279704142, -0.000494398002047, -0.000413924950408, -0.000694976304658, -0.00173542590346, 0.010021132417, -0.00236768135801, 0.000852859229781, -0.000778528570663], [-0.000261592824245, 0.000772085331846, 3.18973252433e-005, -0.000860814994667, -1.8537586584e-005, 0.000391371926526, -0.000461612507934, -0.000187308280147, 0.000697551877238, -0.00236768135801, 0.0105484798551, -0.00222505931742, 0.00178794481326], [0.000422550190706, -0.00011928666936, 0.00140939117409, -0.00164589274209, -0.00017035966448, -0.000475266075227, 0.000607310212217, 0.000755956803914, -0.000514446757734, 0.000852859229781, -0.00222505931742, 0.0108819659799, -0.00148049218114], [0.000245257338975, 0.000599505438004, -0.000261053995928, -0.00130203459412, 0.00120823562611, 0.000192924650037, 0.00138499133755, 3.59692494385e-005, 0.00066886539571, -0.000778528570663, 0.00178794481326, -0.00148049218114, 0.00551313022152]]
    },
    "spectral_contrast_coeffs": {
        "mean": [-0.662186682224, -0.683731794357, -0.68927282095, -0.66967856884, -0.677055895329, -0.710263967514],
        "var": [0.00558806909248, 0.00557816121727, 0.00586860766634, 0.00378838833421, 0.00348296016455, 0.00205156952143]
    },
    "spectral_contrast_valleys": {
        "mean": [-7.47801303864, -6.72448015213, -7.70089292526, -8.06458854675, -8.46465492249, -11.5417394638],
        "var": [0.391945183277, 0.440245568752, 0.472547024488, 0.580666303635, 0.558862566948, 0.682203829288]
    }
},
"metadata": {
    "audio_properties": {
        "analysis_sample_rate": 44100,
        "bit_rate": 128074,
        "equal_loudness": 0,
        "length": 45.0612258911,
        "lossless": 0,
        "replay_gain": -5.77943992615,
        "sample_rate": 44100,
        "codec": "mp3",
        "downmix": "mix",
        "md5_encoded": "4cfce47ba3bb4aa91e3d2e503e12caa3"
    },
    "tags": {
        "file_name": "1106.mp3"
    },
    "version": {
        "essentia": "2.1-beta2",
        "essentia_git_sha": "v2.1_beta2",
        "extractor": "music 1.0"
    }
},
"rhythm": {
    "beats_count": 92,
    "beats_loudness": {
        "mean": 0.0252007041126,
        "var": 0.000386046856875
    },
    "bpm": 147.656265259,
    "bpm_histogram_first_peak_bpm": {
        "mean": 148,
        "var": 0
    },
    "bpm_histogram_first_peak_spread": {
        "mean": 0,
        "var": 0
    },
    "bpm_histogram_first_peak_weight": {
        "mean": 0.153846159577,
        "var": 0
    },
    "bpm_histogram_second_peak_bpm": {
        "mean": 112,
        "var": 0
    },
    "bpm_histogram_second_peak_spread": {
        "mean": 0.642857134342,
        "var": 0
    },
    "bpm_histogram_second_peak_weight": {
        "mean": 0.109890110791,
        "var": 0
    },
    "danceability": 0.993268787861,
    "onset_rate": 1.37528574467,
    "beats_loudness_band_ratio": {
        "mean": [0.140371382236, 0.192977115512, 0.243679776788, 0.214000433683, 0.212420344353, 0.0311094168574],
        "var": [0.0107417842373, 0.0201744623482, 0.0209810845554, 0.0151773253456, 0.0163771603256, 0.000709631538484]
    },
    "beats_position": [0.626938760281, 1.25387752056, 1.89242625237, 2.51936507225, 3.06503391266, 3.61070299149, 4.15637159348, 4.67882061005, 5.20126962662, 5.73532867432, 6.25777769089, 6.78022670746, 7.31428575516, 7.84834432602, 8.38240337372, 8.90485286713, 9.287981987, 9.67111110687, 10.0542402267, 10.4257593155, 10.7972784042, 11.1804075241, 11.5635375977, 11.9698867798, 12.3762359619, 12.782585144, 13.1889343262, 13.5952835083, 14.0016326904, 14.4079818726, 14.8143310547, 15.2206802368, 15.6270294189, 16.0333786011, 16.5442180634, 17.0550556183, 17.5658950806, 18.1580047607, 18.7385025024, 19.3538322449, 19.9575500488, 20.5612697601, 21.1301574707, 21.6874370575, 22.2447166443, 22.7671642303, 23.3012237549, 23.8236732483, 24.3577327728, 24.89179039, 25.4606800079, 26.0411777496, 26.6332874298, 27.3182754517, 27.9916553497, 28.6766433716, 29.3616313934, 30.0466213226, 30.7199993134, 31.265668869, 31.8113365173, 32.3686180115, 32.9142837524, 33.4599533081, 34.0172348022, 34.5512924194, 35.0853500366, 35.6194114685, 36.1070289612, 36.5946464539, 37.1054878235, 37.5118370056, 37.9181861877, 38.3245353699, 38.672832489, 39.0095214844, 39.3578224182, 39.6596832275, 39.9847602844, 40.3214492798, 40.6581382751, 40.9832191467, 41.3083000183, 41.6565971375, 42.0165061951, 42.3648071289, 42.713104248, 43.0614051819, 43.3980941772, 43.7463951111, 44.0946922302, 44.4429931641]
},
"tonal": {
    "chords_changes_rate": 0.0709876567125,
    "chords_number_rate": 0.0144032919779,
    "chords_strength": {
        "mean": 0.486147969961,
        "var": 0.00946414656937
    },
    "hpcp_entropy": {
        "mean": 1.98684608936,
        "var": 0.386243224144
    },
    "key_strength": 0.729193150997,
    "tuning_diatonic_strength": 0.551654517651,
    "tuning_equal_tempered_deviation": 0.220481097698,
    "tuning_frequency": 436.960693359,
    "tuning_nontempered_energy_ratio": 0.875392794609,
    "hpcp": {
        "mean": [0.141685605049, 0.14387999475, 0.0990639701486, 0.0829733610153, 0.0802466794848, 0.0699114650488, 0.0891357660294, 0.133846879005, 0.166876927018, 0.16141282022, 0.150655776262, 0.273804843426, 0.353058725595, 0.206694155931, 0.093302257359, 0.0959827676415, 0.0912252292037, 0.0739710703492, 0.0784839168191, 0.0997219160199, 0.131948307157, 0.136666089296, 0.114093005657, 0.120212957263, 0.135953187943, 0.192980006337, 0.309198260307, 0.282659888268, 0.170210555196, 0.186918586493, 0.184248149395, 0.102364242077, 0.0740178003907, 0.136373057961, 0.214349403977, 0.177379727364],
        "var": [0.0540324226022, 0.0644573196769, 0.0295941531658, 0.033204883337, 0.0357325524092, 0.0199808292091, 0.0272483974695, 0.0565109141171, 0.0669243559241, 0.0629333332181, 0.04437796399, 0.096190392971, 0.14647077024, 0.0687426179647, 0.0272749774158, 0.0351977907121, 0.0338181518018, 0.0257814452052, 0.0278602577746, 0.0358407050371, 0.0582003965974, 0.0476071722806, 0.0289632324129, 0.0299321040511, 0.0506195984781, 0.0610536150634, 0.108398862183, 0.0912619382143, 0.0562288574874, 0.0757256224751, 0.0760858505964, 0.0364322327077, 0.0198893994093, 0.0301898960024, 0.0420640259981, 0.026956230402]
    },
    "chords_histogram": [22.4279842377, 0.617283940315, 1.23456788063, 0.514403283596, 0, 0.411522626877, 2.26337456703, 1.13168728352, 0, 7.71604919434, 22.3251037598, 3.60082316399, 0.925925910473, 0, 0, 2.88065838814, 4.73251008987, 13.8888893127, 3.80658435822, 4.83539104462, 0.514403283596, 2.88065838814, 3.29218101501, 0],
    "thpcp": [1, 0.585438430309, 0.264268368483, 0.27186062932, 0.258385419846, 0.209514915943, 0.222297057509, 0.282451361418, 0.373729050159, 0.38709166646, 0.323155879974, 0.340489983559, 0.385072439909, 0.546594619751, 0.875770032406, 0.800603032112, 0.482102662325, 0.529426336288, 0.521862626076, 0.289935439825, 0.209647282958, 0.386261671782, 0.607121109962, 0.502408564091, 0.401308894157, 0.407524257898, 0.280587792397, 0.235012918711, 0.227289885283, 0.198016539216, 0.252467244864, 0.379106551409, 0.472660541534, 0.457184046507, 0.426715910435, 0.775522112846],
    "chords_key": "F#",
    "chords_scale": "minor",
    "key_key": "F#",
    "key_scale": "minor"
}
}