{
"lowlevel": {
    "average_loudness": 0.636418581009,
    "barkbands_crest": {
        "mean": 17.6747188568,
        "var": 27.5439929962
    },
    "barkbands_flatness_db": {
        "mean": 0.437976896763,
        "var": 0.00868716649711
    },
    "barkbands_kurtosis": {
        "mean": 57.6062469482,
        "var": 59467.9960938
    },
    "barkbands_skewness": {
        "mean": 3.01769256592,
        "var": 16.3637447357
    },
    "barkbands_spread": {
        "mean": 1.60649466515,
        "var": 2.7040617466
    },
    "dissonance": {
        "mean": 0.291854798794,
        "var": 0.00688642309979
    },
    "dynamic_complexity": 8.62856578827,
    "erbbands_crest": {
        "mean": 17.779384613,
        "var": 34.9156684875
    },
    "erbbands_flatness_db": {
        "mean": 0.427204966545,
        "var": 0.0060452548787
    },
    "erbbands_kurtosis": {
        "mean": 9.93510341644,
        "var": 173.318328857
    },
    "erbbands_skewness": {
        "mean": 1.74025726318,
        "var": 2.12578630447
    },
    "erbbands_spread": {
        "mean": 4.89745759964,
        "var": 11.3703927994
    },
    "hfc": {
        "mean": 3.94485640526,
        "var": 48.7532081604
    },
    "melbands_crest": {
        "mean": 20.4988632202,
        "var": 38.2242469788
    },
    "melbands_flatness_db": {
        "mean": 0.54774749279,
        "var": 0.0101559460163
    },
    "melbands_kurtosis": {
        "mean": 12.9451580048,
        "var": 243.56401062
    },
    "melbands_skewness": {
        "mean": 1.83780407906,
        "var": 1.91153752804
    },
    "melbands_spread": {
        "mean": 2.80255270004,
        "var": 15.2121086121
    },
    "pitch_salience": {
        "mean": 0.450039058924,
        "var": 0.0293175578117
    },
    "silence_rate_20dB": {
        "mean": 1,
        "var": 0
    },
    "silence_rate_30dB": {
        "mean": 0.997425317764,
        "var": 0.00256805773824
    },
    "silence_rate_60dB": {
        "mean": 0.501544773579,
        "var": 0.249996215105
    },
    "spectral_centroid": {
        "mean": 380.35848999,
        "var": 19340.3476563
    },
    "spectral_complexity": {
        "mean": 3.32028841972,
        "var": 5.41643381119
    },
    "spectral_decrease": {
        "mean": -2.9418627534e-009,
        "var": 2.47361943262e-017
    },
    "spectral_energy": {
        "mean": 0.0114610595629,
        "var": 0.000375503936084
    },
    "spectral_energyband_high": {
        "mean": 6.19003174052e-007,
        "var": 4.2455428062e-011
    },
    "spectral_energyband_low": {
        "mean": 0.000521050649695,
        "var": 3.88074295188e-006
    },
    "spectral_energyband_middle_high": {
        "mean": 0.000144828372868,
        "var": 1.50211519667e-007
    },
    "spectral_energyband_middle_low": {
        "mean": 0.0112817976624,
        "var": 0.000368386652553
    },
    "spectral_entropy": {
        "mean": 4.90481948853,
        "var": 0.555298149586
    },
    "spectral_flux": {
        "mean": 0.0223982352763,
        "var": 0.000938004173804
    },
    "spectral_kurtosis": {
        "mean": 143.285476685,
        "var": 5392.64794922
    },
    "spectral_rms": {
        "mean": 0.00246809446253,
        "var": 5.09003575644e-006
    },
    "spectral_rolloff": {
        "mean": 474.293792725,
        "var": 213801.96875
    },
    "spectral_skewness": {
        "mean": 9.64772033691,
        "var": 7.9968919754
    },
    "spectral_spread": {
        "mean": 1148377.75,
        "var": 1.82315384832e+012
    },
    "spectral_strongpeak": {
        "mean": 0.798591315746,
        "var": 0.740993201733
    },
    "zerocrossingrate": {
        "mean": 0.0178831126541,
        "var": 0.000157124959514
    },
    "barkbands": {
        "mean": [9.38424818742e-007, 9.08994752535e-006, 4.22798802902e-005, 0.00140553130768, 0.0017231553793, 0.00544053083286, 0.00196304521523, 0.000536541978363, 0.000171622697962, 0.000102855156001, 1.64001903613e-005, 1.1969692423e-005, 1.79192084033e-005, 1.35872223836e-005, 1.36703863518e-006, 1.48520791754e-006, 1.43367867622e-006, 4.44552881618e-007, 2.31456255051e-007, 5.41557163558e-008, 1.0734640199e-007, 6.51543317076e-008, 6.40460058321e-008, 1.41503960549e-007, 1.52356804506e-007, 6.14129689325e-008, 1.75738823494e-009],
        "var": [3.56056781281e-011, 8.11145095536e-010, 1.43638523298e-008, 2.54651895375e-005, 2.8855734854e-005, 0.000162834723596, 4.06133221986e-005, 5.37412870472e-006, 2.46299322271e-007, 1.449812288e-007, 4.16874845754e-009, 7.1940586821e-010, 4.26600665904e-009, 3.5944942578e-009, 1.80830878049e-010, 1.84220999566e-010, 1.01242000894e-010, 7.61201518484e-012, 4.35124766079e-012, 2.69186664062e-013, 1.45229184581e-012, 7.14313590916e-013, 7.15282705028e-013, 3.37394847304e-012, 2.53834106512e-012, 3.84346824115e-013, 2.73885456517e-016]
    },
    "erbbands": {
        "mean": [0.000136470247526, 0.00389817170799, 0.0770695507526, 2.22163176537, 6.83207988739, 5.20379114151, 17.7461528778, 54.9308395386, 23.3388023376, 29.8837471008, 9.60729980469, 5.3608250618, 2.58838510513, 2.51340270042, 0.890664339066, 0.36054494977, 0.771511077881, 0.959077775478, 0.118832312524, 0.0600391589105, 0.0912242978811, 0.07805095613, 0.0372214242816, 0.0181510299444, 0.00841949973255, 0.00318551040255, 0.00497030699626, 0.00259831920266, 0.00242063892074, 0.0016234543873, 0.00192967825569, 0.00286890869029, 0.00223613530397, 0.00129633233882, 0.00142613600474, 0.000401011726353, 0.000102411933767, 8.0835125118e-006, 5.56899431103e-006, 1.27205812532e-005],
        "var": [1.63892067917e-007, 0.000107573599962, 0.0502011924982, 62.477771759, 408.389129639, 302.452697754, 1508.50317383, 21371.4609375, 6817.50341797, 11197.9414063, 3003.28735352, 226.435546875, 168.199234009, 55.1910324097, 5.28377485275, 0.920959472656, 7.62672281265, 16.6962127686, 0.715941429138, 0.0948641523719, 0.749105513096, 0.261723279953, 0.0639192163944, 0.0201336760074, 0.00478483689949, 0.000885240384378, 0.0039287507534, 0.000733991444577, 0.000970672233962, 0.00046808301704, 0.000599171384238, 0.00259155686945, 0.000721919292118, 0.000267930241534, 0.00019854013226, 1.68004644365e-005, 7.18661340215e-007, 6.05965544409e-009, 9.01574787049e-011, 4.62250793198e-010]
    },
    "gfcc": {
        "mean": [-334.523101807, 198.084381104, -74.0483551025, -71.2136688232, -68.6805877686, -32.5377197266, -53.6391944885, -16.7712898254, -34.2216300964, -9.41319084167, -5.57730865479, -2.60254406929, -4.15222120285],
        "cov": [[8408.58300781, 207.494140625, -153.18196106, 122.015075684, 35.9300537109, -489.052337646, -112.034408569, 64.0919265747, 216.035827637, -9.76251029968, 127.1927948, -117.89780426, -64.7713775635], [207.494140625, 1062.6809082, 725.911865234, 338.560546875, 360.149902344, -55.7718238831, 172.364959717, -277.725708008, 31.2221240997, -272.550231934, -15.3129777908, -192.725784302, -58.3679656982], [-153.18196106, 725.911865234, 1374.75439453, 804.470397949, 302.566101074, 37.3016471863, 111.925476074, -344.153503418, -178.061080933, -274.795806885, -75.8944473267, -43.0472259521, 21.3410778046], [122.015075684, 338.560546875, 804.470397949, 1021.95910645, 217.093811035, 119.640693665, 184.672195435, -185.902572632, -105.35848999, -260.30770874, -140.872344971, -99.5860137939, -58.0223388672], [35.9300537109, 360.149902344, 302.566101074, 217.093811035, 296.505645752, 66.9791793823, 61.2627258301, -40.1198310852, -78.1115036011, -131.446304321, -95.0305175781, -94.839805603, -53.9107589722], [-489.052337646, -55.7718238831, 37.3016471863, 119.640693665, 66.9791793823, 259.174804688, 46.7399978638, 102.948005676, -136.715240479, -32.0976409912, -146.145797729, -35.4139823914, -61.2596473694], [-112.034408569, 172.364959717, 111.925476074, 184.672195435, 61.2627258301, 46.7399978638, 140.301605225, -18.3638496399, 25.5717468262, -91.7104415894, -39.1363601685, -64.2857208252, -35.4907608032], [64.0919265747, -277.725708008, -344.153503418, -185.902572632, -40.1198310852, 102.948005676, -18.3638496399, 282.486450195, -32.1470603943, 80.9635772705, -102.953308105, -8.09785175323, -60.4832611084], [216.035827637, 31.2221240997, -178.061080933, -105.35848999, -78.1115036011, -136.715240479, 25.5717468262, -32.1470603943, 235.113540649, 66.3123626709, 118.489898682, -37.163482666, -20.8925476074], [-9.76251029968, -272.550231934, -274.795806885, -260.30770874, -131.446304321, -32.0976409912, -91.7104415894, 80.9635772705, 66.3123626709, 198.13999939, 76.4867019653, 61.5592193604, 6.13818836212], [127.1927948, -15.3129777908, -75.8944473267, -140.872344971, -95.0305175781, -146.145797729, -39.1363601685, -102.953308105, 118.489898682, 76.4867019653, 192.779678345, 61.061870575, 62.1156806946], [-117.89780426, -192.725784302, -43.0472259521, -99.5860137939, -94.839805603, -35.4139823914, -64.2857208252, -8.09785175323, -37.163482666, 61.5592193604, 61.061870575, 134.447387695, 91.0852279663], [-64.7713775635, -58.3679656982, 21.3410778046, -58.0223388672, -53.9107589722, -61.2596473694, -35.4907608032, -60.4832611084, -20.8925476074, 6.13818836212, 62.1156806946, 91.0852279663, 124.139770508]],
        "icov": [[0.000163789693033, -0.00013062695507, 9.32858747547e-005, -0.000225676980335, 4.93849693157e-005, 0.000467319681775, 0.000331002956955, -0.000401339260861, 0.000160643394338, 4.82722716697e-005, -0.000208571102121, 0.000207545192097, 3.04009463434e-005], [-0.00013062695507, 0.00545052438974, -0.00239844038151, 0.00252933613956, -0.00327293644659, 0.000534484046511, -0.00331143895164, 0.00229944987223, -0.000806241936516, 0.0023087055888, -0.00107934314292, 0.00417833868414, 0.000329551723553], [9.32858747547e-005, -0.00239844038151, 0.00330777652562, -0.00225006695837, 0.000347962544765, 0.000513903039973, 0.00107910542283, 0.00105544412509, 0.00173365022056, -0.00150663859677, 0.000989287975244, -0.00238478067331, 0.000149157043779], [-0.000225676980335, 0.00252933613956, -0.00225006695837, 0.00393409468234, -0.00110539875459, -0.000699299678672, -0.00329627748579, 0.00230644387193, -0.00098334485665, 0.00187736400403, 0.00102355319541, 0.000692804984283, 0.00137449847534], [4.93849693157e-005, -0.00327293644659, 0.000347962544765, -0.00110539875459, 0.00878668110818, -0.000275521306321, 0.00210318295285, -0.0016496903263, 0.00248172692955, 0.000421769800596, 0.000346261134837, 0.00182954035699, 0.000268986535957], [0.000467319681775, 0.000534484046511, 0.000513903039973, -0.000699299678672, -0.000275521306321, 0.0124297523871, -0.00572820566595, -0.000614642864093, 0.00780385220423, -0.00442281411961, 0.00257727154531, 0.00230146967806, 0.00271073239855], [0.000331002956955, -0.00331143895164, 0.00107910542283, -0.00329627748579, 0.00210318295285, -0.00572820566595, 0.020854614675, -0.00467876857147, -0.00788738112897, 0.00837645027786, -0.00169202068355, -0.00123320950661, -0.00133131956682], [-0.000401339260861, 0.00229944987223, 0.00105544412509, 0.00230644387193, -0.0016496903263, -0.000614642864093, -0.00467876857147, 0.0132453842089, 0.000142260018038, -0.00389144429937, 0.00841306243092, -0.00207168702036, 0.00339115783572], [0.000160643394338, -0.000806241936516, 0.00173365022056, -0.00098334485665, 0.00248172692955, 0.00780385220423, -0.00788738112897, 0.000142260018038, 0.0179526731372, -0.00721122417599, -0.00607885140926, 0.00872133858502, 0.00171072094236], [4.82722716697e-005, 0.0023087055888, -0.00150663859677, 0.00187736400403, 0.000421769800596, -0.00442281411961, 0.00837645027786, -0.00389144429937, -0.00721122417599, 0.0195621121675, -0.00610663043335, -0.00419914256781, 0.00470229098573], [-0.000208571102121, -0.00107934314292, 0.000989287975244, 0.00102355319541, 0.000346261134837, 0.00257727154531, -0.00169202068355, 0.00841306243092, -0.00607885140926, -0.00610663043335, 0.0216719321907, -0.00821296963841, -0.000809485616628], [0.000207545192097, 0.00417833868414, -0.00238478067331, 0.000692804984283, 0.00182954035699, 0.00230146967806, -0.00123320950661, -0.00207168702036, 0.00872133858502, -0.00419914256781, -0.00821296963841, 0.0326083302498, -0.0147658688948], [3.04009463434e-005, 0.000329551723553, 0.000149157043779, 0.00137449847534, 0.000268986535957, 0.00271073239855, -0.00133131956682, 0.00339115783572, 0.00171072094236, 0.00470229098573, -0.000809485616628, -0.0147658688948, 0.0228637717664]]
    },
    "melbands": {
        "mean": [1.60823810802e-006, 1.37433435157e-005, 0.00054537889082, 0.000479072274175, 0.000552053796127, 0.00113960250746, 0.000360002653906, 0.000276544829831, 6.2452891143e-005, 2.81832708424e-005, 1.18969874165e-005, 1.05919734779e-005, 2.76743844552e-006, 1.69261147676e-006, 7.99698341325e-007, 2.28045746553e-006, 1.5999930838e-006, 1.44565106552e-007, 6.8242712814e-008, 9.74814184929e-008, 9.53508418888e-008, 8.19409535779e-008, 5.82216159728e-008, 2.20756746216e-008, 1.37585409732e-008, 7.60559704105e-009, 2.81755174747e-009, 1.6910881584e-009, 3.89593290961e-009, 1.81830583923e-009, 1.35099409437e-009, 1.477469036e-009, 1.04811914703e-009, 7.84777853813e-010, 8.72039773725e-010, 1.80210035783e-009, 1.70088654272e-009, 1.51969692386e-009, 1.42837908168e-009, 9.09567754448e-010],
        "var": [2.50045140843e-011, 1.22410714898e-009, 3.11473468173e-006, 2.04652224056e-006, 1.38179461828e-006, 8.39513540996e-006, 1.58423210905e-006, 9.53094740908e-007, 1.58185912369e-007, 6.84877932144e-009, 3.98275945557e-009, 9.87158355059e-010, 7.14902095855e-011, 1.43773925057e-011, 8.75788937899e-012, 8.27327303887e-011, 4.8186048901e-011, 1.5506823256e-012, 2.85927369021e-013, 3.78514873525e-013, 9.30192554927e-013, 2.46069440865e-013, 3.14761481853e-013, 1.74850825957e-014, 1.48173048944e-014, 3.67505318847e-015, 7.18483839047e-016, 2.48489423525e-016, 3.34185499098e-015, 5.32215205897e-016, 1.64390910323e-016, 3.6726856255e-016, 2.11055437695e-016, 1.08731561414e-016, 1.11561690396e-016, 1.23661653986e-015, 8.3409388371e-016, 3.19487883982e-016, 4.04937838251e-016, 1.44513363157e-016]
    },
    "mfcc": {
        "mean": [-943.076171875, 191.967605591, 50.8499259949, -21.8780460358, -29.3392677307, -23.1572189331, -20.4156894684, -21.839717865, -25.6143302917, -22.5808773041, -12.975438118, -7.52748966217, -7.45728874207],
        "cov": [[3382.00732422, 1823.04370117, -584.567504883, -236.407043457, 234.22253418, -207.384124756, -273.115264893, -16.3241729736, -36.5208396912, 7.48333406448, 200.170852661, 155.883880615, -73.8350448608], [1823.04370117, 1576.17028809, 145.347885132, 56.5527572632, 275.258758545, 65.4433746338, -52.8437805176, -6.14599466324, -54.1759872437, -43.0061569214, 66.3485183716, 34.7464866638, -96.1493530273], [-584.567504883, 145.347885132, 1028.43115234, 691.448059082, 279.406707764, 330.373199463, 277.346008301, 69.0575942993, -34.4766693115, -89.4660263062, -148.617782593, -149.634719849, -103.659088135], [-236.407043457, 56.5527572632, 691.448059082, 712.410095215, 346.629852295, 225.438476563, 204.520996094, 101.810295105, -2.14616990089, -61.9240875244, -100.495170593, -119.938934326, -97.1792221069], [234.22253418, 275.258758545, 279.406707764, 346.629852295, 279.272369385, 151.662948608, 104.05430603, 75.5871810913, 14.280872345, -22.6100788116, -27.2459125519, -52.9041633606, -73.2644195557], [-207.384124756, 65.4433746338, 330.373199463, 225.438476563, 151.662948608, 220.068359375, 175.632324219, 67.7971878052, 19.7109775543, -17.6547145844, -64.1745300293, -78.6267166138, -56.6802101135], [-273.115264893, -52.8437805176, 277.346008301, 204.520996094, 104.05430603, 175.632324219, 195.527526855, 114.780776978, 51.3671989441, -5.78249406815, -67.8848495483, -82.9531555176, -52.3866043091], [-16.3241729736, -6.14599466324, 69.0575942993, 101.810295105, 75.5871810913, 67.7971878052, 114.780776978, 144.653793335, 101.793457031, 29.2455806732, -27.4453620911, -50.1945953369, -46.102897644], [-36.5208396912, -54.1759872437, -34.4766693115, -2.14616990089, 14.280872345, 19.7109775543, 51.3671989441, 101.793457031, 121.808021545, 70.7132339478, 8.42141437531, -22.1637744904, -27.6553459167], [7.48333406448, -43.0061569214, -89.4660263062, -61.9240875244, -22.6100788116, -17.6547145844, -5.78249406815, 29.2455806732, 70.7132339478, 95.5039749146, 75.6060562134, 32.8247528076, -10.1412734985], [200.170852661, 66.3485183716, -148.617782593, -100.495170593, -27.2459125519, -64.1745300293, -67.8848495483, -27.4453620911, 8.42141437531, 75.6060562134, 142.411422729, 109.285049438, 12.1748895645], [155.883880615, 34.7464866638, -149.634719849, -119.938934326, -52.9041633606, -78.6267166138, -82.9531555176, -50.1945953369, -22.1637744904, 32.8247528076, 109.285049438, 130.319000244, 62.9268493652], [-73.8350448608, -96.1493530273, -103.659088135, -97.1792221069, -73.2644195557, -56.6802101135, -52.3866043091, -46.102897644, -27.6553459167, -10.1412734985, 12.1748895645, 62.9268493652, 96.169128418]],
        "icov": [[0.00205880193971, -0.00268596364185, 0.00280010281131, -0.00214098091237, 0.000524479430169, 0.0013428357197, -0.00118928833399, 0.000210101119592, 0.000810600118712, -0.00147675443441, 0.00283095170744, -0.00303129595704, 0.00209632050246], [-0.00268596364185, 0.00517920358106, -0.00575631484389, 0.0065606534481, -0.00577450729907, 6.54991308693e-005, 0.00263314624317, -0.00160741165746, -0.00020272967231, 0.0029648244381, -0.00480062980205, 0.00426342524588, -0.00208352436312], [0.00280010281131, -0.00575631484389, 0.0126393185928, -0.0148592097685, 0.0140324728563, -0.00944204814732, 0.000286175258225, 0.0018315196503, 0.00061267009005, -0.00291640963405, 0.00848932657391, -0.00928212329745, 0.00602992903441], [-0.00214098091237, 0.0065606534481, -0.0148592097685, 0.0252503454685, -0.0300470218062, 0.0231718141586, -0.0145714767277, 0.00694801984355, -0.00171183585189, 0.00199283706024, -0.00509096495807, 0.00759694585577, -0.00403437390924], [0.000524479430169, -0.00577450729907, 0.0140324728563, -0.0300470218062, 0.0503568574786, -0.0469549410045, 0.0392053946853, -0.0289129987359, 0.0095779132098, 0.00219926657155, -0.00413832115009, -0.000988535699435, 0.00173386419192], [0.0013428357197, 6.54991308693e-005, -0.00944204814732, 0.0231718141586, -0.0469549410045, 0.0794971957803, -0.081305578351, 0.0588879324496, -0.0247347205877, -5.08338562213e-005, 0.00973808579147, -0.00607503717765, 0.00498125934973], [-0.00118928833399, 0.00263314624317, 0.000286175258225, -0.0145714767277, 0.0392053946853, -0.081305578351, 0.112741857767, -0.0913084447384, 0.0454136282206, -0.0112032145262, -0.00823904480785, 0.0126296048984, -0.00844980590045], [0.000210101119592, -0.00160741165746, 0.0018315196503, 0.00694801984355, -0.0289129987359, 0.0588879324496, -0.0913084447384, 0.10703433305, -0.0742907822132, 0.0304444972426, 0.000263985595666, -0.00979348551482, 0.0100242746994], [0.000810600118712, -0.00020272967231, 0.00061267009005, -0.00171183585189, 0.0095779132098, -0.0247347205877, 0.0454136282206, -0.0742907822132, 0.0902182459831, -0.0687036886811, 0.0364010818303, -0.0118839079514, 0.00305941025726], [-0.00147675443441, 0.0029648244381, -0.00291640963405, 0.00199283706024, 0.00219926657155, -5.08338562213e-005, -0.0112032145262, 0.0304444972426, -0.0687036886811, 0.0998121425509, -0.0835769698024, 0.047212831676, -0.0187056772411], [0.00283095170744, -0.00480062980205, 0.00848932657391, -0.00509096495807, -0.00413832115009, 0.00973808579147, -0.00823904480785, 0.000263985595666, 0.0364010818303, -0.0835769698024, 0.125092536211, -0.100304834545, 0.0510560199618], [-0.00303129595704, 0.00426342524588, -0.00928212329745, 0.00759694585577, -0.000988535699435, -0.00607503717765, 0.0126296048984, -0.00979348551482, -0.0118839079514, 0.047212831676, -0.100304834545, 0.104147166014, -0.0564292743802], [0.00209632050246, -0.00208352436312, 0.00602992903441, -0.00403437390924, 0.00173386419192, 0.00498125934973, -0.00844980590045, 0.0100242746994, 0.00305941025726, -0.0187056772411, 0.0510560199618, -0.0564292743802, 0.0461742542684]]
    },
    "spectral_contrast_coeffs": {
        "mean": [-0.555060386658, -0.616352081299, -0.762212395668, -0.813228845596, -0.842462897301, -0.880535840988],
        "var": [0.00954293552786, 0.0138218104839, 0.00280768866651, 0.00383549951948, 0.00169016828295, 0.000914540607482]
    },
    "spectral_contrast_valleys": {
        "mean": [-10.5073566437, -8.22814559937, -9.39482498169, -10.9923648834, -12.2409563065, -14.6184606552],
        "var": [1.82027494907, 1.23099279404, 0.791955530643, 0.726661980152, 0.884379506111, 0.914859771729]
    }
},
"metadata": {
    "audio_properties": {
        "analysis_sample_rate": 44100,
        "bit_rate": 128074,
        "equal_loudness": 0,
        "length": 45.0612258911,
        "lossless": 0,
        "replay_gain": -5.18595695496,
        "sample_rate": 44100,
        "codec": "mp3",
        "downmix": "mix",
        "md5_encoded": "6d988639949a9977a310262644ee7e59"
    },
    "tags": {
        "file_name": "1109.mp3"
    },
    "version": {
        "essentia": "2.1-beta2",
        "essentia_git_sha": "v2.1_beta2",
        "extractor": "music 1.0"
    }
},
"rhythm": {
    "beats_count": 111,
    "beats_loudness": {
        "mean": 0.0228043887764,
        "var": 0.000816468265839
    },
    "bpm": 151.8644104,
    "bpm_histogram_first_peak_bpm": {
        "mean": 152,
        "var": 0
    },
    "bpm_histogram_first_peak_spread": {
        "mean": 0.0975609645247,
        "var": 0
    },
    "bpm_histogram_first_peak_weight": {
        "mean": 0.672727286816,
        "var": 0
    },
    "bpm_histogram_second_peak_bpm": {
        "mean": 140,
        "var": 0
    },
    "bpm_histogram_second_peak_spread": {
        "mean": 0.521739125252,
        "var": 0
    },
    "bpm_histogram_second_peak_weight": {
        "mean": 0.10000000149,
        "var": 0
    },
    "danceability": 0.943775951862,
    "onset_rate": 1.55274188519,
    "beats_loudness_band_ratio": {
        "mean": [0.173311665654, 0.58571845293, 0.256000310183, 0.0302346218377, 0.000481126655359, 8.87416390469e-005],
        "var": [0.0689146146178, 0.125967994332, 0.0968433171511, 0.0037174266763, 8.27798828595e-007, 5.75484833121e-008]
    },
    "beats_position": [0.417959183455, 0.847528338432, 1.26548755169, 1.69505667686, 2.11301589012, 2.53097510338, 2.94893407822, 3.36689329147, 3.78485250473, 4.19120168686, 4.59755086899, 4.99229001999, 5.38702917099, 5.78176879883, 6.17650794983, 6.57124710083, 6.96598625183, 7.36072540283, 7.75546455383, 8.15020370483, 8.54494285583, 8.93968200684, 9.33442115784, 9.72916126251, 10.1239004135, 10.5186395645, 10.9133787155, 11.3081178665, 11.7028570175, 12.0975961685, 12.5039453506, 12.8986845016, 13.2934236526, 13.6765527725, 14.0596818924, 14.4544210434, 14.8491611481, 15.2555103302, 15.6502494812, 16.0449886322, 16.4397277832, 16.8344669342, 17.2292060852, 17.6239452362, 18.0186843872, 18.4134235382, 18.8081626892, 19.2029018402, 19.5976409912, 19.9923801422, 20.3871192932, 20.7818584442, 21.1765975952, 21.5713367462, 21.9660758972, 22.3608150482, 22.7555541992, 23.1502952576, 23.5450344086, 23.9397735596, 24.3345127106, 24.7292518616, 25.158821106, 25.5767803192, 25.9947395325, 26.4126987457, 26.8422679901, 27.2602272034, 27.6897945404, 28.1193637848, 28.5605430603, 28.9901123047, 29.4196815491, 29.8492507935, 30.2555999756, 30.6503391266, 31.0450782776, 31.4398174286, 31.8345565796, 32.2292976379, 32.6240348816, 33.0187759399, 33.4135131836, 33.8082542419, 34.2029914856, 34.5977325439, 34.9924697876, 35.3872108459, 35.7819480896, 36.1766891479, 36.5714263916, 36.96616745, 37.3609046936, 37.755645752, 38.1619949341, 38.5567321777, 38.9398651123, 39.3229942322, 39.7061233521, 40.1008605957, 40.5072097778, 40.91355896, 41.3083000183, 41.703037262, 42.0977783203, 42.492515564, 42.8872566223, 43.281993866, 43.6999549866, 44.129524231, 44.5590934753]
},
"tonal": {
    "chords_changes_rate": 0.0267489720136,
    "chords_number_rate": 0.00514403311536,
    "chords_strength": {
        "mean": 0.516310095787,
        "var": 0.00318873231299
    },
    "hpcp_entropy": {
        "mean": 1.06525218487,
        "var": 0.312471926212
    },
    "key_strength": 0.777333319187,
    "tuning_diatonic_strength": 0.569288730621,
    "tuning_equal_tempered_deviation": 0.00619128393009,
    "tuning_frequency": 439.491973877,
    "tuning_nontempered_energy_ratio": 0.598687112331,
    "hpcp": {
        "mean": [0.397205024958, 0.215614706278, 0.0089708827436, 0.00131997570861, 0.00178937078454, 0.0410079844296, 0.088748447597, 0.0510580092669, 0.00973574165255, 0.0172874499112, 0.0134229771793, 0.0192196723074, 0.0206008851528, 0.00634048320353, 0.0192265603691, 0.0333642624319, 0.0170656237751, 0.00372924655676, 0.00387296383269, 0.0125980600715, 0.246340587735, 0.61339610815, 0.447283297777, 0.137856990099, 0.143544346094, 0.0894695296884, 0.0173999965191, 0.00523120258003, 0.00424190657213, 0.0458983704448, 0.0882762596011, 0.0464849695563, 0.0029256849084, 0.00229401723482, 0.00967946648598, 0.198158666492],
        "var": [0.177470952272, 0.0582259111106, 0.000815260456875, 2.554337334e-005, 2.87157872663e-005, 0.0117370290682, 0.0548178106546, 0.0190817452967, 0.000896991929039, 0.00317700742744, 0.00104095228016, 0.0036654798314, 0.00469404133037, 0.000310763804009, 0.0057999077253, 0.0168157368898, 0.00325230974704, 0.000771710008848, 0.00128027156461, 0.00272341980599, 0.0454961843789, 0.169421166182, 0.108605451882, 0.0469747446477, 0.0887909010053, 0.0421998687088, 0.00338456244208, 0.000454937369796, 0.000126511396957, 0.0171205326915, 0.0645443946123, 0.0178145002574, 0.00018159110914, 0.000603952852543, 0.00159394706134, 0.0508711226285]
    },
    "chords_histogram": [28.4979419708, 8.84773635864, 1.85185182095, 0, 0, 0, 0, 59.3621406555, 0, 0, 0, 0, 0, 0, 0, 0, 0, 0, 0, 0, 0, 0, 1.13168728352, 0.308641970158],
    "thpcp": [1, 0.729191601276, 0.224743828177, 0.234015747905, 0.14585930109, 0.028366656974, 0.00852826144546, 0.00691544404253, 0.0748266428709, 0.143913954496, 0.0757829546928, 0.00476965028793, 0.00373986270279, 0.0157801229507, 0.323051720858, 0.647550582886, 0.351509749889, 0.0146249420941, 0.00215191417374, 0.00291715376079, 0.0668540000916, 0.144683748484, 0.0832382366061, 0.0158718675375, 0.0281831752509, 0.0218830499798, 0.0313332155347, 0.0335849635303, 0.0103366859257, 0.0313444435596, 0.0543926879764, 0.0278215389699, 0.00607967097312, 0.00631396891549, 0.0205382127315, 0.401601165533],
    "chords_key": "A",
    "chords_scale": "major",
    "key_key": "A",
    "key_scale": "minor"
}
}