{
"lowlevel": {
    "average_loudness": 0.985562205315,
    "barkbands_crest": {
        "mean": 10.0511779785,
        "var": 16.0928668976
    },
    "barkbands_flatness_db": {
        "mean": 0.352035582066,
        "var": 0.00105673633516
    },
    "barkbands_kurtosis": {
        "mean": 1.32198965549,
        "var": 8.69024658203
    },
    "barkbands_skewness": {
        "mean": 1.07981598377,
        "var": 0.521054506302
    },
    "barkbands_spread": {
        "mean": 9.56823062897,
        "var": 17.4631175995
    },
    "dissonance": {
        "mean": 0.458669364452,
        "var": 0.000752910331357
    },
    "dynamic_complexity": 1.15232479572,
    "erbbands_crest": {
        "mean": 11.5350160599,
        "var": 22.5119686127
    },
    "erbbands_flatness_db": {
        "mean": 0.414204001427,
        "var": 0.000800314941444
    },
    "erbbands_kurtosis": {
        "mean": -0.00126691581681,
        "var": 3.80358910561
    },
    "erbbands_skewness": {
        "mean": 0.567049860954,
        "var": 0.473730534315
    },
    "erbbands_spread": {
        "mean": 16.4370212555,
        "var": 29.3815574646
    },
    "hfc": {
        "mean": 23.7243385315,
        "var": 123.389923096
    },
    "melbands_crest": {
        "mean": 13.6717863083,
        "var": 30.0887374878
    },
    "melbands_flatness_db": {
        "mean": 0.405148357153,
        "var": 0.00135177967604
    },
    "melbands_kurtosis": {
        "mean": 3.52551841736,
        "var": 20.2311401367
    },
    "melbands_skewness": {
        "mean": 1.48020386696,
        "var": 0.507774174213
    },
    "melbands_spread": {
        "mean": 15.0882301331,
        "var": 83.4559326172
    },
    "pitch_salience": {
        "mean": 0.602885067463,
        "var": 0.0101712867618
    },
    "silence_rate_20dB": {
        "mean": 1,
        "var": 0
    },
    "silence_rate_30dB": {
        "mean": 1,
        "var": 0
    },
    "silence_rate_60dB": {
        "mean": 0.0159629248083,
        "var": 0.0157084278762
    },
    "spectral_centroid": {
        "mean": 1175.52270508,
        "var": 292025.4375
    },
    "spectral_complexity": {
        "mean": 23.1513900757,
        "var": 33.7061691284
    },
    "spectral_decrease": {
        "mean": -6.42343511714e-009,
        "var": 8.52906343194e-018
    },
    "spectral_energy": {
        "mean": 0.0263953637332,
        "var": 0.000141178417834
    },
    "spectral_energyband_high": {
        "mean": 4.08147755593e-008,
        "var": 3.66809989501e-014
    },
    "spectral_energyband_low": {
        "mean": 2.07822813536e-005,
        "var": 2.26459895281e-009
    },
    "spectral_energyband_middle_high": {
        "mean": 0.0086481012404,
        "var": 2.35644292843e-005
    },
    "spectral_energyband_middle_low": {
        "mean": 0.0182520635426,
        "var": 0.000106441657408
    },
    "spectral_entropy": {
        "mean": 6.67859983444,
        "var": 0.0522090047598
    },
    "spectral_flux": {
        "mean": 0.0806006938219,
        "var": 0.00110447593033
    },
    "spectral_kurtosis": {
        "mean": 31.3189201355,
        "var": 340.459197998
    },
    "spectral_rms": {
        "mean": 0.004932760261,
        "var": 1.41942336995e-006
    },
    "spectral_rolloff": {
        "mean": 1513.31103516,
        "var": 928118.8125
    },
    "spectral_skewness": {
        "mean": 2.55949020386,
        "var": 1.60528743267
    },
    "spectral_spread": {
        "mean": 1154764.625,
        "var": 2.47712055296e+012
    },
    "spectral_strongpeak": {
        "mean": 2.03377723694,
        "var": 1.38672709465
    },
    "zerocrossingrate": {
        "mean": 0.0495708547533,
        "var": 0.000586777983699
    },
    "barkbands": {
        "mean": [5.42154445782e-008, 5.48238631382e-007, 5.4464439927e-006, 5.32496997039e-005, 0.00062392570544, 0.00246814568527, 0.00209910352714, 0.00447746179998, 0.00762055208907, 0.00213998090476, 0.000720060546882, 0.00127447652631, 0.0010436961893, 0.00112199387513, 0.000466948666144, 0.000604322063737, 0.000630115333479, 0.000938746379688, 0.000106506377051, 2.80153642507e-008, 8.47625791778e-009, 5.23990895118e-009, 5.28807309053e-009, 8.33032043346e-009, 6.61386456713e-009, 2.26118657132e-009, 1.54682477937e-009],
        "var": [1.74218261752e-014, 2.29295478004e-013, 1.56983842592e-010, 1.2036963426e-008, 1.55197517415e-006, 6.19500906396e-006, 7.69493908592e-006, 4.25800790254e-005, 4.65977973363e-005, 7.19749459677e-006, 1.76200080659e-006, 1.32923412366e-006, 1.00613158338e-006, 1.33759135679e-006, 6.9463624186e-007, 4.67919306857e-007, 6.94222933362e-007, 2.45208502747e-006, 6.11876131984e-008, 5.0768008131e-015, 1.21204940802e-015, 9.21980434131e-016, 5.95777405292e-016, 5.46559973556e-016, 5.11341402401e-016, 4.20262967137e-016, 2.41214866346e-016]
    },
    "erbbands": {
        "mean": [2.10947400774e-005, 0.000219772395212, 0.00502435909584, 0.0967431142926, 0.848160564899, 2.48206472397, 5.24570608139, 25.4189662933, 37.6477470398, 32.0116043091, 124.889602661, 219.541625977, 85.3437728882, 49.1043128967, 39.097984314, 55.7413215637, 57.1115074158, 54.5503196716, 39.3965454102, 24.6347961426, 37.0828285217, 33.7807846069, 49.9968948364, 21.3583507538, 1.90573227406, 0.0710557848215, 0.00618125405163, 0.00135047745425, 0.000496471475344, 0.000296725804219, 0.000222451868467, 0.000210921192775, 0.000171705905814, 0.000122111130622, 5.9228095779e-005, 2.91164742521e-005, 1.45970443555e-005, 4.95893027619e-006, 1.44275609273e-005, 3.1339146517e-005],
        "var": [2.05272784881e-010, 1.00556604821e-007, 0.000121914083138, 0.0411855913699, 3.69044494629, 31.0796794891, 26.5149650574, 675.261657715, 2279.82226563, 1372.72424316, 33464.6328125, 37031.7421875, 8042.60351563, 5247.00097656, 3481.92919922, 2614.37280273, 2761.46508789, 2328.37719727, 3230.93530273, 1276.8614502, 1618.58081055, 1646.98913574, 6277.47216797, 1867.69091797, 15.5483169556, 0.0174165163189, 9.96693343041e-005, 4.33372588304e-006, 1.43345050674e-006, 7.59603835832e-007, 4.52853612387e-007, 2.51754983083e-007, 1.45507002003e-007, 6.81711824768e-008, 2.49770497618e-008, 6.91310564349e-009, 1.45697687248e-009, 2.16913598194e-010, 4.76564482321e-011, 1.94932903153e-010]
    },
    "gfcc": {
        "mean": [-147.024414063, 196.727966309, -226.365783691, -89.6367111206, -21.7285461426, -63.6435089111, -53.9622421265, 7.40346765518, -16.3764915466, -32.1887550354, 6.08803367615, -13.8920907974, -11.8990745544],
        "cov": [[2739.72680664, 543.46307373, -549.15802002, -241.325592041, 42.6307945251, -266.078765869, -122.55002594, -31.4293880463, -67.1374588013, -95.9600448608, -47.6557388306, -64.8568344116, -58.6614112854], [543.46307373, 379.290039063, 60.6751022339, -160.110336304, 20.2346324921, 13.3241415024, -114.533607483, -86.1234893799, -12.3737068176, -44.8777008057, -18.0395202637, -37.9118728638, -34.1386642456], [-549.15802002, 60.6751022339, 311.314025879, 20.1997718811, -10.1255970001, 97.0143051147, -37.3542442322, -46.3052406311, -2.15909266472, -2.75374794006, -14.9378108978, -13.3378133774, -20.3483524323], [-241.325592041, -160.110336304, 20.1997718811, 288.789276123, 33.4719314575, -34.0227508545, 50.6310272217, 9.6048707962, -66.8809814453, -4.6784734726, 0.740964412689, 3.05292224884, 3.80036020279], [42.6307945251, 20.2346324921, -10.1255970001, 33.4719314575, 63.1572227478, 9.65949440002, -9.38103961945, -20.828710556, -12.7113437653, -12.1143245697, -24.8423976898, -12.8864850998, -5.22857093811], [-266.078765869, 13.3241415024, 97.0143051147, -34.0227508545, 9.65949440002, 119.081520081, -16.1825294495, -18.2845401764, 5.72595453262, -3.50638771057, -8.81337451935, -3.37151885033, 0.201121896505], [-122.55002594, -114.533607483, -37.3542442322, 50.6310272217, -9.38103961945, -16.1825294495, 92.6185684204, 46.6149215698, -13.3228321075, -7.69025945663, -4.11941385269, 1.20699298382, 0.33094611764], [-31.4293880463, -86.1234893799, -46.3052406311, 9.6048707962, -20.828710556, -18.2845401764, 46.6149215698, 62.6977653503, 21.8254375458, 0.533021390438, -9.13420677185, -1.46713316441, 7.66558456421], [-67.1374588013, -12.3737068176, -2.15909266472, -66.8809814453, -12.7113437653, 5.72595453262, -13.3228321075, 21.8254375458, 70.1621932983, 24.274263382, -7.15374422073, -3.17783474922, -1.16031312943], [-95.9600448608, -44.8777008057, -2.75374794006, -4.6784734726, -12.1143245697, -3.50638771057, -7.69025945663, 0.533021390438, 24.274263382, 47.0715370178, 26.3258876801, 6.85549449921, -1.88542819023], [-47.6557388306, -18.0395202637, -14.9378108978, 0.740964412689, -24.8423976898, -8.81337451935, -4.11941385269, -9.13420677185, -7.15374422073, 26.3258876801, 57.5295906067, 29.8516197205, 8.05620288849], [-64.8568344116, -37.9118728638, -13.3378133774, 3.05292224884, -12.8864850998, -3.37151885033, 1.20699298382, -1.46713316441, -3.17783474922, 6.85549449921, 29.8516197205, 51.6014785767, 23.0126171112], [-58.6614112854, -34.1386642456, -20.3483524323, 3.80036020279, -5.22857093811, 0.201121896505, 0.33094611764, 7.66558456421, -1.16031312943, -1.88542819023, 8.05620288849, 23.0126171112, 40.7211608887]],
        "icov": [[0.00332511588931, -0.00521430419758, 0.00662760389969, 0.000282198278001, 0.00251950905658, 0.00240191584453, 0.0045161107555, -0.00455468893051, 0.00695523433387, -0.00297172437422, 0.00687923328951, -0.00285812816583, 0.00515124993399], [-0.00521430419758, 0.0221626088023, -0.0123866107315, 0.00680940132588, -0.00671515939757, 0.00111377099529, 0.00427193706855, 0.0131956497207, -0.00866914354265, 0.0223636850715, -0.0188166126609, 0.0130783477798, -0.00202285824344], [0.00662760389969, -0.0123866107315, 0.0203339196742, -0.00344060338102, 0.0129929827526, -0.00124495394994, 0.00756498752162, -0.00223633693531, 0.0106731913984, -0.00785959884524, 0.0195955019444, -0.00732061313465, 0.0118795866147], [0.000282198278001, 0.00680940132588, -0.00344060338102, 0.0111154159531, -0.00809245742857, 0.00594580406323, 0.00538712507114, -0.004350354895, 0.0110831791535, 0.00322240963578, -0.00366154476069, 0.00321361562237, 0.00243858923204], [0.00251950905658, -0.00671515939757, 0.0129929827526, -0.00809245742857, 0.0378389842808, -0.00537377642468, -0.000314232398523, 0.0172349698842, 0.000646245491225, -0.00661612348631, 0.0266139078885, -0.00455627357587, 0.00391256669536], [0.00240191584453, 0.00111377099529, -0.00124495394994, 0.00594580406323, -0.00537377642468, 0.0169888995588, 0.00595715316013, -0.00294100539759, 0.00666964566335, 0.0036744386889, 0.000271769473329, 0.00136719923466, 0.00248192809522], [0.0045161107555, 0.00427193706855, 0.00756498752162, 0.00538712507114, -0.000314232398523, 0.00595715316013, 0.0397625826299, -0.0248371120542, 0.0228208638728, 0.00858652684838, 0.00340236583725, -0.00082198245218, 0.0184863768518], [-0.00455468893051, 0.0131956497207, -0.00223633693531, -0.004350354895, 0.0172349698842, -0.00294100539759, -0.0248371120542, 0.067865729332, -0.0350769795477, 0.0188657063991, -0.00186816917267, 0.0127029446885, -0.0134914722294], [0.00695523433387, -0.00866914354265, 0.0106731913984, 0.0110831791535, 0.000646245491225, 0.00666964566335, 0.0228208638728, -0.0350769795477, 0.0587411448359, -0.0317649282515, 0.0290381014347, -0.0120011642575, 0.014758720994], [-0.00297172437422, 0.0223636850715, -0.00785959884524, 0.00322240963578, -0.00661612348631, 0.0036744386889, 0.00858652684838, 0.0188657063991, -0.0317649282515, 0.0758527591825, -0.0472255423665, 0.0224465932697, 0.00501546915621], [0.00687923328951, -0.0188166126609, 0.0195955019444, -0.00366154476069, 0.0266139078885, 0.000271769473329, 0.00340236583725, -0.00186816917267, 0.0290381014347, -0.0472255423665, 0.0748335048556, -0.0333664678037, 0.0107006840408], [-0.00285812816583, 0.0130783477798, -0.00732061313465, 0.00321361562237, -0.00455627357587, 0.00136719923466, -0.00082198245218, 0.0127029446885, -0.0120011642575, 0.0224465932697, -0.0333664678037, 0.0468075796962, -0.0192411653697], [0.00515124993399, -0.00202285824344, 0.0118795866147, 0.00243858923204, 0.00391256669536, 0.00248192809522, 0.0184863768518, -0.0134914722294, 0.014758720994, 0.00501546915621, 0.0107006840408, -0.0192411653697, 0.0482797659934]]
    },
    "melbands": {
        "mean": [1.54178721345e-007, 1.39569988278e-006, 3.18109232467e-005, 0.00012042956223, 0.000161958421813, 0.000560089596547, 0.000554856378585, 0.000386856001569, 0.00108789501246, 0.00132751255296, 0.000372962531401, 0.000198720605113, 0.000107276784547, 0.000148729770444, 0.000135028720251, 9.93217472569e-005, 0.000105511477159, 7.02540055499e-005, 3.10115756292e-005, 3.7856738345e-005, 4.53111824754e-005, 3.64175139111e-005, 3.61064667231e-005, 4.85447671963e-005, 1.39183803185e-005, 1.95247298507e-006, 4.086566463e-008, 1.56522309003e-010, 2.30295588155e-010, 2.07979092282e-010, 1.58086155277e-010, 1.03901505455e-010, 9.70596866767e-011, 9.28927282318e-011, 8.7354470879e-011, 9.30668736521e-011, 1.04051052496e-010, 9.79821779268e-011, 8.53352874475e-011, 7.84192918935e-011],
        "var": [1.09903448172e-014, 9.98276634967e-012, 4.12319423049e-009, 8.42302512183e-008, 3.09364054374e-008, 3.24132088281e-007, 4.5389913339e-007, 2.45481402317e-007, 2.29712964028e-006, 1.59176613579e-006, 1.93173164575e-007, 1.04755017105e-007, 3.84947149712e-008, 1.68633231823e-008, 1.50592320836e-008, 9.44495237576e-009, 1.08639204299e-008, 1.08460733728e-008, 3.07211367456e-009, 2.46780662572e-009, 2.98347746508e-009, 2.69379052398e-009, 2.08345163344e-009, 9.85185533153e-009, 1.03932973339e-009, 2.38506003142e-011, 1.76720837535e-014, 1.4484946856e-018, 1.08002563418e-018, 6.65658450207e-019, 5.03929544407e-019, 4.40019347233e-019, 2.75403012408e-019, 2.11835371406e-019, 1.56474008315e-019, 1.16187753393e-019, 8.55622765551e-020, 7.27613722325e-020, 6.12655198097e-020, 4.51868315305e-020]
    },
    "mfcc": {
        "mean": [-759.778076172, 239.616470337, -111.467750549, -55.2027816772, 13.8971405029, -64.25340271, -39.7728385925, 9.34822177887, -28.8704452515, -21.1395950317, 12.2326536179, -12.3928470612, -19.3089141846],
        "cov": [[799.52545166, 486.800109863, -251.591369629, -84.5625915527, 84.1177597046, -101.382789612, -84.5782546997, 1.96826934814, -59.1372528076, -40.7654342651, -5.34942913055, -48.9231414795, -32.7271499634], [486.800109863, 404.448852539, -39.7535209656, -99.8647613525, 24.3690090179, -3.10374450684, -73.4888916016, -50.5959625244, -26.2116794586, -43.5532341003, -30.30493927, 4.8083281517, -10.8504428864], [-251.591369629, -39.7535209656, 247.019058228, 32.7762641907, -42.9708595276, 93.7111816406, 20.1894836426, -54.2999954224, 10.4037847519, -13.0221195221, -30.1204395294, 38.187789917, 12.6508026123], [-84.5625915527, -99.8647613525, 32.7762641907, 146.020065308, 56.3346290588, -21.4834823608, 41.2657432556, 30.2922325134, -33.4436798096, 0.541456758976, 7.27752542496, -45.7773094177, -19.324514389], [84.1177597046, 24.3690090179, -42.9708595276, 56.3346290588, 86.3078536987, 11.3506326675, -3.7144446373, 4.84507656097, -14.8013353348, -9.37504196167, -7.31097984314, -26.642168045, -15.7864599228], [-101.382789612, -3.10374450684, 93.7111816406, -21.4834823608, 11.3506326675, 111.68296814, 19.4174785614, -41.7712402344, 12.772321701, -10.7407979965, -31.0949554443, 23.7849063873, 8.83023929596], [-84.5782546997, -73.4888916016, 20.1894836426, 41.2657432556, -3.7144446373, 19.4174785614, 74.996925354, 37.1150550842, -16.9734020233, -1.89171493053, -1.06302750111, -26.3227310181, -10.5525455475], [1.96826934814, -50.5959625244, -54.2999954224, 30.2922325134, 4.84507656097, -41.7712402344, 37.1150550842, 75.5002593994, 17.1925048828, 4.20007324219, 5.90733528137, -28.7722377777, -18.4237747192], [-59.1372528076, -26.2116794586, 10.4037847519, -33.4436798096, -14.8013353348, 12.772321701, -16.9734020233, 17.1925048828, 71.9842681885, 28.1218528748, -11.4371757507, 9.60805225372, 0.53567802906], [-40.7654342651, -43.5532341003, -13.0221195221, 0.541456758976, -9.37504196167, -10.7407979965, -1.89171493053, 4.20007324219, 28.1218528748, 52.325012207, 25.9115829468, -16.6786708832, -13.3927984238], [-5.34942913055, -30.30493927, -30.1204395294, 7.27752542496, -7.31097984314, -31.0949554443, -1.06302750111, 5.90733528137, -11.4371757507, 25.9115829468, 52.8634796143, 8.17557048798, -15.4325180054], [-48.9231414795, 4.8083281517, 38.187789917, -45.7773094177, -26.642168045, 23.7849063873, -26.3227310181, -28.7722377777, 9.60805225372, -16.6786708832, 8.17557048798, 76.5186080933, 35.4852027893], [-32.7271499634, -10.8504428864, 12.6508026123, -19.324514389, -15.7864599228, 8.83023929596, -10.5525455475, -18.4237747192, 0.53567802906, -13.3927984238, -15.4325180054, 35.4852027893, 51.7618179321]],
        "icov": [[1.21943163872, -2.31831121445, 3.85064315796, -5.67373514175, 7.0389752388, -7.43758916855, 6.7615737915, -5.31529903412, 3.58584690094, -2.03878927231, 0.944489777088, -0.328729510307, 0.0701865851879], [-2.31831121445, 4.49541664124, -7.54458856583, 11.0322370529, -13.3513002396, 13.560259819, -11.6243314743, 8.40726852417, -4.9960603714, 2.33635592461, -0.745752334595, 0.0943441540003, 0.0457956120372], [3.85064315796, -7.54458856583, 12.8027982712, -18.6967906952, 22.4569568634, -22.478805542, 18.8289299011, -13.1096963882, 7.30714988708, -2.99313807487, 0.635836839676, 0.154681757092, -0.166505381465], [-5.67373514175, 11.0322370529, -18.6967906952, 27.6560096741, -34.053894043, 35.4199676514, -31.4337997437, 23.8699226379, -15.3253240585, 8.11698532104, -3.36366295815, 0.960939824581, -0.123494379222], [7.0389752388, -13.3513002396, 22.4569568634, -34.053894043, 44.2748413086, -49.6908912659, 48.7615585327, -42.0035362244, 31.6587142944, -20.459400177, 11.0629692078, -4.59414958954, 1.24669492245], [-7.43758916855, 13.560259819, -22.478805542, 35.4199676514, -49.6908912659, 61.2532920837, -66.56615448, 63.5950965881, -53.1150016785, 37.8213729858, -22.4358940125, 10.1827039719, -3.01619768143], [6.7615737915, -11.6243314743, 18.8289299011, -31.4337997437, 48.7615585327, -66.56615448, 79.3748092651, -81.9390106201, 73.0450134277, -54.824672699, 34.0127067566, -16.0284500122, 4.93321084976], [-5.31529903412, 8.40726852417, -13.1096963882, 23.8699226379, -42.0035362244, 63.5950965881, -81.9390106201, 89.4989395142, -83.181312561, 64.400352478, -40.9313011169, 19.6832370758, -6.16459131241], [3.58584690094, -4.9960603714, 7.30714988708, -15.3253240585, 31.6587142944, -53.1150016785, 73.0450134277, -83.181312561, 79.6189117432, -62.9132194519, 40.6361236572, -19.7989616394, 6.29995632172], [-2.03878927231, 2.33635592461, -2.99313807487, 8.11698532104, -20.459400177, 37.8213729858, -54.824672699, 64.400352478, -62.9132194519, 50.4491462708, -32.9387588501, 16.2071628571, -5.2110285759], [0.944489777088, -0.745752334595, 0.635836839676, -3.36366295815, 11.0629692078, -22.4358940125, 34.0127067566, -40.9313011169, 40.6361236572, -32.9387588501, 21.7375202179, -10.7835874557, 3.52686905861], [-0.328729510307, 0.0943441540003, 0.154681757092, 0.960939824581, -4.59414958954, 10.1827039719, -16.0284500122, 19.6832370758, -19.7989616394, 16.2071628571, -10.7835874557, 5.42388534546, -1.80219316483], [0.0701865851879, 0.0457956120372, -0.166505381465, -0.123494379222, 1.24669492245, -3.01619768143, 4.93321084976, -6.16459131241, 6.29995632172, -5.2110285759, 3.52686905861, -1.80219316483, 0.647698760033]]
    },
    "spectral_contrast_coeffs": {
        "mean": [-0.496906399727, -0.709616243839, -0.713118553162, -0.769545793533, -0.426254302263, -0.8889144063],
        "var": [0.00425350572914, 0.00498792203143, 0.00344721600413, 0.00123232137412, 0.00307919015177, 0.000498339941259]
    },
    "spectral_contrast_valleys": {
        "mean": [-10.6462974548, -6.16421365738, -6.55032444, -7.05565309525, -11.4686107635, -13.8640851974],
        "var": [0.630780994892, 1.0467107296, 0.972890555859, 0.924311280251, 0.54746735096, 0.510086476803]
    }
},
"metadata": {
    "audio_properties": {
        "analysis_sample_rate": 44100,
        "bit_rate": 104396,
        "equal_loudness": 0,
        "length": 45.0612258911,
        "lossless": 0,
        "replay_gain": -0.689962387085,
        "sample_rate": 44100,
        "codec": "mp3",
        "downmix": "mix",
        "md5_encoded": "3274613dbb0c28c5d677465e71a39373"
    },
    "tags": {
        "file_name": "111.mp3"
    },
    "version": {
        "essentia": "2.1-beta2",
        "essentia_git_sha": "v2.1_beta2",
        "extractor": "music 1.0"
    }
},
"rhythm": {
    "beats_count": 75,
    "beats_loudness": {
        "mean": 0.0315237976611,
        "var": 0.000119235206512
    },
    "bpm": 101.015556335,
    "bpm_histogram_first_peak_bpm": {
        "mean": 101,
        "var": 0
    },
    "bpm_histogram_first_peak_spread": {
        "mean": 0.581081092358,
        "var": 0
    },
    "bpm_histogram_first_peak_weight": {
        "mean": 0.418918907642,
        "var": 0
    },
    "bpm_histogram_second_peak_bpm": {
        "mean": 0,
        "var": 0
    },
    "bpm_histogram_second_peak_spread": {
        "mean": 0,
        "var": 0
    },
    "bpm_histogram_second_peak_weight": {
        "mean": 0,
        "var": 0
    },
    "danceability": 1.85192108154,
    "onset_rate": 3.37166810036,
    "beats_loudness_band_ratio": {
        "mean": [0.0188831947744, 0.187876403332, 0.545264840126, 0.1749779284, 0.120634943247, 0.00158210308291],
        "var": [0.000170587823959, 0.0111867077649, 0.0214479323477, 0.00500091677532, 0.00602715788409, 1.71084116118e-006]
    },
    "beats_position": [0.557278871536, 1.13777780533, 1.70666658878, 2.27555561066, 2.85605430603, 3.43655323982, 4.01705217361, 4.60916090012, 5.21287965775, 5.80498838425, 6.38548755646, 6.97759628296, 7.56970500946, 8.17342376709, 8.76553249359, 9.36925125122, 9.98458003998, 10.5882987976, 11.1804075241, 11.7725172043, 12.3646259308, 12.9567346573, 13.5488433838, 14.1409521103, 14.756280899, 15.3599996567, 15.9637184143, 16.5558280945, 17.1479358673, 17.7400455475, 18.3321533203, 18.9126529694, 19.5047607422, 20.0852603912, 20.6889801025, 21.2926979065, 21.8964176178, 22.4769153595, 23.0574150085, 23.6495227814, 24.2416324615, 24.8337402344, 25.4142398834, 26.0063495636, 26.6100673676, 27.2021770477, 27.7942848206, 28.3747844696, 28.9785022736, 29.5822219849, 30.1859397888, 30.8012695313, 31.4165973663, 32.0203170776, 32.6124267578, 33.204536438, 33.8082542419, 34.3887519836, 34.9692497253, 35.5497512817, 36.1418571472, 36.7339668274, 37.3260765076, 37.9181861877, 38.5219039917, 39.1256217957, 39.7293434143, 40.3330612183, 40.9367790222, 41.5288887024, 42.1326065063, 42.7363243103, 43.340045929, 43.9321517944, 44.5242614746]
},
"tonal": {
    "chords_changes_rate": 0.0812757238746,
    "chords_number_rate": 0.00925925932825,
    "chords_strength": {
        "mean": 0.431295484304,
        "var": 0.00432416796684
    },
    "hpcp_entropy": {
        "mean": 2.05234622955,
        "var": 0.382846295834
    },
    "key_strength": 0.48631504178,
    "tuning_diatonic_strength": 0.451104342937,
    "tuning_equal_tempered_deviation": 0.113437123597,
    "tuning_frequency": 451.326080322,
    "tuning_nontempered_energy_ratio": 0.756921887398,
    "hpcp": {
        "mean": [0.191684558988, 0.122812904418, 0.050260104239, 0.0346588864923, 0.0352575369179, 0.0483890734613, 0.0776744261384, 0.131877735257, 0.153714880347, 0.111329972744, 0.06988671422, 0.0881976410747, 0.12104074657, 0.134475290775, 0.301125705242, 0.406810581684, 0.230645626783, 0.0828197002411, 0.0602739304304, 0.0984296128154, 0.32625323534, 0.525304853916, 0.445868343115, 0.313990682364, 0.194661349058, 0.131766960025, 0.257200032473, 0.298597127199, 0.21700245142, 0.228742390871, 0.176143154502, 0.11883635819, 0.152288928628, 0.145123362541, 0.111954025924, 0.150772497058],
        "var": [0.0448588170111, 0.0214492511004, 0.0072828787379, 0.00552584277466, 0.00928515661508, 0.00754373939708, 0.0164828766137, 0.0429046042264, 0.0391306914389, 0.0223593655974, 0.0107960952446, 0.0156747363508, 0.0323213152587, 0.0348400510848, 0.0702053382993, 0.132979497313, 0.0463491342962, 0.0159234702587, 0.00918440334499, 0.0178438909352, 0.0636585876346, 0.130372390151, 0.0793213546276, 0.135209724307, 0.0635504499078, 0.0239154621959, 0.0695548653603, 0.0875880792737, 0.0449888594449, 0.0441378168762, 0.0323038175702, 0.0368673913181, 0.054801531136, 0.0485141351819, 0.0330382324755, 0.0316596254706]
    },
    "chords_histogram": [1.95473253727, 10.4938268661, 1.23456788063, 0, 0, 0, 0, 0, 0, 0, 0, 0, 0, 0, 0, 3.29218101501, 0, 7.40740728378, 2.16049385071, 3.49794244766, 2.77777767181, 0.617283940315, 66.5637893677, 0],
    "thpcp": [1, 0.848780155182, 0.597730398178, 0.370568335056, 0.250839024782, 0.489620506763, 0.568426370621, 0.41309812665, 0.435446947813, 0.335316061974, 0.226223602891, 0.289905816317, 0.276265025139, 0.213122010231, 0.287019044161, 0.364901542664, 0.233793586493, 0.0956779718399, 0.0659786164761, 0.067118242383, 0.0921161770821, 0.147865429521, 0.251049906015, 0.292620331049, 0.211934030056, 0.133040294051, 0.167898014188, 0.230420008302, 0.255994766951, 0.573239922523, 0.774427592754, 0.439070045948, 0.157660260797, 0.114740855992, 0.18737617135, 0.621074080467],
    "chords_key": "D",
    "chords_scale": "major",
    "key_key": "A",
    "key_scale": "major"
}
}