{
"lowlevel": {
    "average_loudness": 0.727125406265,
    "barkbands_crest": {
        "mean": 9.75810432434,
        "var": 28.7099399567
    },
    "barkbands_flatness_db": {
        "mean": 0.21450945735,
        "var": 0.00510133150965
    },
    "barkbands_kurtosis": {
        "mean": 6.89951133728,
        "var": 210.569320679
    },
    "barkbands_skewness": {
        "mean": 1.56449055672,
        "var": 2.41740298271
    },
    "barkbands_spread": {
        "mean": 13.4177732468,
        "var": 98.8820495605
    },
    "dissonance": {
        "mean": 0.42996147275,
        "var": 0.00286925933324
    },
    "dynamic_complexity": 3.90789341927,
    "erbbands_crest": {
        "mean": 9.55863666534,
        "var": 17.8344306946
    },
    "erbbands_flatness_db": {
        "mean": 0.252572625875,
        "var": 0.00244749197736
    },
    "erbbands_kurtosis": {
        "mean": 0.884826660156,
        "var": 5.84166145325
    },
    "erbbands_skewness": {
        "mean": 0.412955850363,
        "var": 0.75308662653
    },
    "erbbands_spread": {
        "mean": 21.4254570007,
        "var": 120.301841736
    },
    "hfc": {
        "mean": 13.3495645523,
        "var": 173.467788696
    },
    "melbands_crest": {
        "mean": 13.0146064758,
        "var": 42.484703064
    },
    "melbands_flatness_db": {
        "mean": 0.2846981287,
        "var": 0.00934278964996
    },
    "melbands_kurtosis": {
        "mean": 8.50418281555,
        "var": 254.696289063
    },
    "melbands_skewness": {
        "mean": 1.94272315502,
        "var": 1.85206961632
    },
    "melbands_spread": {
        "mean": 18.7383232117,
        "var": 201.164505005
    },
    "pitch_salience": {
        "mean": 0.543607473373,
        "var": 0.01447340101
    },
    "silence_rate_20dB": {
        "mean": 1,
        "var": 0
    },
    "silence_rate_30dB": {
        "mean": 0.992790937424,
        "var": 0.00715697742999
    },
    "silence_rate_60dB": {
        "mean": 0.148815646768,
        "var": 0.126667484641
    },
    "spectral_centroid": {
        "mean": 946.371643066,
        "var": 371905.59375
    },
    "spectral_complexity": {
        "mean": 15.8336763382,
        "var": 113.218658447
    },
    "spectral_decrease": {
        "mean": -5.20310505792e-009,
        "var": 2.18114358815e-017
    },
    "spectral_energy": {
        "mean": 0.0208485536277,
        "var": 0.000340793805663
    },
    "spectral_energyband_high": {
        "mean": 0.00013129801664,
        "var": 9.32724120162e-008
    },
    "spectral_energyband_low": {
        "mean": 0.00267248949967,
        "var": 1.82405583473e-005
    },
    "spectral_energyband_middle_high": {
        "mean": 0.00469065504149,
        "var": 3.15750730806e-005
    },
    "spectral_energyband_middle_low": {
        "mean": 0.01420649793,
        "var": 0.000258380430751
    },
    "spectral_entropy": {
        "mean": 6.72397947311,
        "var": 0.549664735794
    },
    "spectral_flux": {
        "mean": 0.052102137357,
        "var": 0.000993215711787
    },
    "spectral_kurtosis": {
        "mean": 18.3780078888,
        "var": 538.657897949
    },
    "spectral_rms": {
        "mean": 0.00407271413133,
        "var": 3.75305421585e-006
    },
    "spectral_rolloff": {
        "mean": 1198.94921875,
        "var": 797042.6875
    },
    "spectral_skewness": {
        "mean": 2.61905765533,
        "var": 3.17315030098
    },
    "spectral_spread": {
        "mean": 2381647.5,
        "var": 2.02315477811e+012
    },
    "spectral_strongpeak": {
        "mean": 0.706254541874,
        "var": 0.298820465803
    },
    "zerocrossingrate": {
        "mean": 0.039465546608,
        "var": 0.000576591992285
    },
    "barkbands": {
        "mean": [3.75718482246e-005, 0.000693158362992, 0.00122083188035, 0.00217843102291, 0.00599664123729, 0.00297098211013, 0.00108234153595, 0.000919550482649, 0.000764834345318, 0.000531305151526, 0.000441474752733, 0.00121225893963, 0.0003048767976, 0.000292455602903, 0.000570495496504, 0.000557031889912, 0.000593086471781, 0.00010735791875, 7.28886880097e-005, 0.000232529855566, 3.05602479784e-005, 2.09924273804e-005, 6.78439482726e-006, 4.7571847972e-006, 1.69903978531e-006, 3.42725638802e-006, 2.57205215348e-007],
        "var": [5.55984236428e-009, 1.91116259884e-006, 5.99142776991e-006, 2.09171848837e-005, 9.4649141829e-005, 1.74708056875e-005, 1.44776640809e-006, 1.52342556703e-006, 1.0312547829e-006, 4.02639955155e-007, 4.88501427753e-007, 2.8966883292e-006, 3.64124502994e-007, 2.4656881692e-007, 7.28663167138e-007, 7.99933729922e-007, 9.86995132735e-007, 3.73846908985e-008, 1.60845949893e-008, 1.31680010895e-007, 2.84606715972e-009, 1.96675653541e-008, 2.4114656938e-009, 7.21473991661e-010, 8.47030293127e-011, 6.52275622404e-010, 3.47538165781e-012]
    },
    "erbbands": {
        "mean": [0.00705865398049, 0.208128750324, 1.25421535969, 4.3084154129, 14.445482254, 17.1552200317, 27.0828056335, 24.5811309814, 14.5519990921, 22.0018424988, 20.1884975433, 13.8230266571, 25.5451850891, 14.5348672867, 29.4119853973, 43.6004295349, 16.7091445923, 15.1483564377, 12.7912988663, 41.0840263367, 38.6597824097, 28.5127296448, 8.87435150146, 3.73588132858, 6.51461553574, 11.3893785477, 2.68040013313, 0.889480650425, 0.871200025082, 0.395056158304, 0.167419329286, 0.115209020674, 0.0671988576651, 0.0192600991577, 0.014027249068, 0.015828538686, 0.00612252671272, 0.000967082800344, 3.81767531508e-005, 2.48872620432e-005],
        "var": [0.00014259784075, 0.16123957932, 4.32280492783, 70.0224380493, 951.249450684, 728.265869141, 2431.67724609, 1175.47912598, 357.094024658, 714.240905762, 802.938598633, 301.631011963, 735.06048584, 234.819290161, 1529.32348633, 3660.77490234, 921.47833252, 637.763000488, 393.922973633, 3816.47827148, 3892.39477539, 2144.98681641, 218.262756348, 38.0849075317, 117.79598999, 305.23236084, 20.0963668823, 5.75435876846, 30.9230995178, 10.0850076675, 1.30630648136, 0.384609520435, 0.191230818629, 0.0137836560607, 0.00618212111294, 0.0156719703227, 0.00202597514726, 4.52561143902e-005, 3.78310716087e-008, 4.67211547228e-010]
    },
    "gfcc": {
        "mean": [-89.5810089111, 163.889831543, -143.817459106, 3.11146068573, -50.6468696594, -15.674498558, -36.1311912537, -10.394109726, -24.6457481384, -12.3598985672, -9.88613986969, -8.60179519653, -2.60089612007],
        "cov": [[7396.75, -974.690795898, -936.497314453, 1525.76855469, -57.3956108093, 472.205505371, 42.5249824524, 151.455154419, 214.146362305, 178.818771362, -285.454864502, -240.889404297, 238.888092041], [-974.690795898, 953.30480957, -386.821624756, -182.94152832, 272.309967041, -295.291137695, 251.565444946, -84.8356170654, 69.7279281616, -61.8475570679, 180.980987549, -33.9308624268, 125.748291016], [-936.497314453, -386.821624756, 1985.95385742, -836.058227539, -447.437011719, 169.174118042, -667.491943359, -36.4084129333, -376.323547363, -151.878250122, -160.449081421, 133.56552124, -378.502319336], [1525.76855469, -182.94152832, -836.058227539, 786.234985352, 197.714263916, 124.222755432, 285.647766113, 88.9655914307, 218.723846436, 102.755020142, -32.6778106689, -123.32485199, 152.509353638], [-57.3956108093, 272.309967041, -447.437011719, 197.714263916, 252.389663696, -37.4099998474, 208.78604126, 27.745388031, 97.2401123047, 19.2760429382, 56.361415863, -60.3366470337, 77.448677063], [472.205505371, -295.291137695, 169.174118042, 124.222755432, -37.4099998474, 262.766021729, -36.7319717407, 91.8312988281, -1.99159300327, 3.47505307198, -64.4587478638, -22.5800170898, -65.8337783813], [42.5249824524, 251.565444946, -667.491943359, 285.647766113, 208.78604126, -36.7319717407, 361.204071045, 52.1955871582, 170.018722534, 71.0277175903, 66.2474899292, -36.3407440186, 126.252548218], [151.455154419, -84.8356170654, -36.4084129333, 88.9655914307, 27.745388031, 91.8312988281, 52.1955871582, 102.000419617, 42.4322357178, 26.0453948975, -16.8431358337, -19.6126937866, -19.210515976], [214.146362305, 69.7279281616, -376.323547363, 218.723846436, 97.2401123047, -1.99159300327, 170.018722534, 42.4322357178, 135.254470825, 49.2065696716, 29.5136985779, -28.4510574341, 72.3554992676], [178.818771362, -61.8475570679, -151.878250122, 102.755020142, 19.2760429382, 3.47505307198, 71.0277175903, 26.0453948975, 49.2065696716, 87.7398300171, 6.20016765594, 10.2434282303, 18.9622516632], [-285.454864502, 180.980987549, -160.449081421, -32.6778106689, 56.361415863, -64.4587478638, 66.2474899292, -16.8431358337, 29.5136985779, 6.20016765594, 94.1610946655, 17.5086116791, 46.893787384], [-240.889404297, -33.9308624268, 133.56552124, -123.32485199, -60.3366470337, -22.5800170898, -36.3407440186, -19.6126937866, -28.4510574341, 10.2434282303, 17.5086116791, 83.0576858521, -3.67651581764], [238.888092041, 125.748291016, -378.502319336, 152.509353638, 77.448677063, -65.8337783813, 126.252548218, -19.210515976, 72.3554992676, 18.9622516632, 46.893787384, -3.67651581764, 132.52192688]],
        "icov": [[0.000414913258282, -0.00072395207826, 0.000242140915361, -0.00116140418686, 0.000976297946181, -0.000634484633338, 0.00114652211778, -0.000474250788102, 0.000687668914907, -0.000839833228383, 0.000958677905146, -0.000172860309249, -0.000678941956721], [-0.00072395207826, 0.00891062151641, -0.00263756909408, 0.00592880463228, -0.00679166475311, 0.00481405109167, -0.00794202368706, 0.00397404842079, -0.0037353800144, 0.00510911643505, -0.00729712937027, 0.00792417954654, -0.00289296172559], [0.000242140915361, -0.00263756909408, 0.00389508530498, -0.000172811123775, 0.00202165637165, -0.0027539297007, 0.0048805931583, -0.00140944402665, 0.00115562276915, -0.000502283510286, 0.00424223905429, -0.00464134849608, 0.00379748316482], [-0.00116140418686, 0.00592880463228, -0.000172811123775, 0.0118616269901, -0.00679753674194, -0.00052271655295, -0.00443752156571, 0.00465794466436, -0.00792959984392, 0.000572522520088, -0.00024123332696, 0.00808666646481, -0.00450336933136], [0.000976297946181, -0.00679166475311, 0.00202165637165, -0.00679753674194, 0.0162718892097, -0.00242787180468, 0.00143330777064, -0.00471970578656, 0.00580122461542, -0.0023220453877, 0.00114156352356, -0.000480785180116, 0.00226366776042], [-0.000634484633338, 0.00481405109167, -0.0027539297007, -0.00052271655295, -0.00242787180468, 0.0123934401199, -0.00553507218137, -0.00486496509984, 0.000393965950934, 0.00586374197155, -0.00519877811894, 0.00242378655821, 0.00230806763284], [0.00114652211778, -0.00794202368706, 0.0048805931583, -0.00443752156571, 0.00143330777064, -0.00553507218137, 0.0206337571144, -0.00577719323337, -0.00356407975778, -0.00690742675215, 0.00859333202243, -0.00933381635696, 6.79604636389e-005], [-0.000474250788102, 0.00397404842079, -0.00140944402665, 0.00465794466436, -0.00471970578656, -0.00486496509984, -0.00577719323337, 0.0231480877846, -0.00907892826945, -0.00106706179213, -0.00153030257206, 0.00508120795712, 0.00269102794118], [0.000687668914907, -0.0037353800144, 0.00115562276915, -0.00792959984392, 0.00580122461542, 0.000393965950934, -0.00356407975778, -0.00907892826945, 0.030103135854, -0.00472890026867, -0.0019847555086, -0.00129785179161, -0.00147724652197], [-0.000839833228383, 0.00510911643505, -0.000502283510286, 0.000572522520088, -0.0023220453877, 0.00586374197155, -0.00690742675215, -0.00106706179213, -0.00472890026867, 0.0236585661769, -0.00509969657287, -0.00524923624471, 0.00612406944856], [0.000958677905146, -0.00729712937027, 0.00424223905429, -0.00024123332696, 0.00114156352356, -0.00519877811894, 0.00859333202243, -0.00153030257206, -0.0019847555086, -0.00509969657287, 0.028376577422, -0.0107138119638, -0.00259344466031], [-0.000172860309249, 0.00792417954654, -0.00464134849608, 0.00808666646481, -0.000480785180116, 0.00242378655821, -0.00933381635696, 0.00508120795712, -0.00129785179161, -0.00524923624471, -0.0107138119638, 0.0335813872516, -0.0124738560989], [-0.000678941956721, -0.00289296172559, 0.00379748316482, -0.00450336933136, 0.00226366776042, 0.00230806763284, 6.79604636389e-005, 0.00269102794118, -0.00147724652197, 0.00612406944856, -0.00259344466031, -0.0124738560989, 0.0281945932657]]
    },
    "melbands": {
        "mean": [0.000123295088997, 0.000535243656486, 0.00109923654236, 0.00109685782809, 0.000959855271503, 0.000544719747268, 0.000232153455727, 0.000233491955441, 0.000143294877489, 9.89280306385e-005, 0.000127496474306, 5.42917587154e-005, 8.63637687871e-005, 0.000155498957611, 5.15209358127e-005, 2.79111663986e-005, 2.80660806311e-005, 1.85746521311e-005, 3.81946119887e-005, 4.93890729558e-005, 4.72129613627e-005, 3.28488422383e-005, 1.55653815455e-005, 4.08417372455e-006, 2.71472390523e-006, 2.61558716375e-006, 8.52438188303e-006, 6.92550702297e-006, 1.96410519493e-006, 6.70014287607e-007, 4.24863173976e-007, 5.27402562511e-007, 3.27842116121e-007, 1.80650346238e-007, 9.14664610718e-008, 8.96848320053e-008, 5.78850070099e-008, 4.84636295539e-008, 3.34554535186e-008, 1.05351993795e-008],
        "var": [5.33307158435e-008, 7.99227109383e-007, 4.29501142207e-006, 3.44956561094e-006, 2.71060798696e-006, 5.75443209527e-007, 7.6595476628e-008, 7.29347462425e-008, 4.08164027021e-008, 1.57388253541e-008, 1.7884026704e-008, 4.30478541702e-009, 1.53870463038e-008, 4.74704755504e-008, 4.50785231365e-009, 2.09873607382e-009, 2.19827134273e-009, 9.76506653316e-010, 3.3281617462e-009, 5.59113244591e-009, 6.19282136682e-009, 3.06187342147e-009, 7.13450576395e-010, 6.03564836998e-011, 2.08752754666e-011, 2.21595346239e-011, 1.85475884651e-010, 1.1607102085e-010, 1.22357098412e-011, 1.27915332406e-012, 3.00155343289e-012, 1.20080603447e-011, 5.87546808081e-012, 2.37519487585e-012, 4.29137330055e-013, 3.07556578946e-013, 8.65277359312e-014, 8.99337502798e-014, 7.02972294091e-014, 3.05528553371e-015]
    },
    "mfcc": {
        "mean": [-725.308227539, 191.78465271, -28.4733562469, 14.3496408463, -3.70688724518, -7.89881467819, -8.33952522278, -6.57623338699, -10.1991014481, -4.92508172989, -17.1142978668, -1.4359742403, -2.00870680809],
        "cov": [[7482.88769531, -977.46661377, -1979.08972168, 1577.62866211, -343.257537842, 816.357788086, 113.116424561, 63.9967651367, 732.560302734, 386.217987061, -312.479125977, 521.98815918, 562.880371094], [-977.46661377, 801.112304688, 194.275772095, -225.411468506, 38.5416145325, -165.655975342, 12.0610513687, -40.3488769531, -142.635391235, -130.586807251, 23.8669681549, -85.814239502, -79.2297973633], [-1979.08972168, 194.275772095, 1593.41967773, -758.729614258, 168.806793213, -275.543029785, -236.099914551, -11.5758132935, -451.689025879, -165.303039551, 29.0306148529, -328.442108154, -329.327941895], [1577.62866211, -225.411468506, -758.729614258, 579.31451416, -74.8453598022, 219.703231812, 98.7463531494, 12.2160291672, 283.538208008, 116.252944946, -37.8202934265, 182.831222534, 189.50491333], [-343.257537842, 38.5416145325, 168.806793213, -74.8453598022, 132.509262085, -25.5039958954, 4.92137861252, 19.6523265839, -55.3699493408, 18.0878562927, -4.5181183815, -21.497051239, -55.5195083618], [816.357788086, -165.655975342, -275.543029785, 219.703231812, -25.5039958954, 193.120162964, 59.4517478943, 44.28565979, 142.130661011, 67.2596817017, -5.69304418564, 91.8268280029, 85.9495239258], [113.116424561, 12.0610513687, -236.099914551, 98.7463531494, 4.92137861252, 59.4517478943, 128.374511719, 38.3574104309, 100.955108643, 48.3992996216, 30.1243457794, 77.3102722168, 55.7892036438], [63.9967651367, -40.3488769531, -11.5758132935, 12.2160291672, 19.6523265839, 44.28565979, 38.3574104309, 87.3525009155, 55.0114974976, 41.7301483154, 12.3278532028, 34.8031845093, 12.2121725082], [732.560302734, -142.635391235, -451.689025879, 283.538208008, -55.3699493408, 142.130661011, 100.955108643, 55.0114974976, 253.532470703, 92.0105667114, 27.4164085388, 129.818481445, 129.303787231], [386.217987061, -130.586807251, -165.303039551, 116.252944946, 18.0878562927, 67.2596817017, 48.3992996216, 41.7301483154, 92.0105667114, 113.405921936, -5.30618286133, 70.7361450195, 50.7980117798], [-312.479125977, 23.8669681549, 29.0306148529, -37.8202934265, -4.5181183815, -5.69304418564, 30.1243457794, 12.3278532028, 27.4164085388, -5.30618286133, 101.393707275, 20.562128067, -2.49620246887], [521.98815918, -85.814239502, -328.442108154, 182.831222534, -21.497051239, 91.8268280029, 77.3102722168, 34.8031845093, 129.818481445, 70.7361450195, 20.562128067, 145.359039307, 94.5693283081], [562.880371094, -79.2297973633, -329.327941895, 189.50491333, -55.5195083618, 85.9495239258, 55.7892036438, 12.2121725082, 129.303787231, 50.7980117798, -2.49620246887, 94.5693283081, 130.611907959]],
        "icov": [[0.000581734697334, -1.15218681458e-005, -7.40316027077e-005, -0.00092862569727, 0.000964774342719, -0.00124605186284, 0.000739315815736, 2.48401083809e-005, 0.000217162116314, -0.000611321651377, 0.00128114398103, -0.000729145249352, 0.000133812616696], [-1.15218681458e-005, 0.00195546727628, 0.000194174965145, 0.000182063697139, -0.000683111080434, 0.00125285773538, -0.00153717794456, -0.000207489210879, 0.000323266809573, 0.00223745661788, 1.83981137525e-005, 0.000206263663131, -0.000316762540024], [-7.40316027077e-005, 0.000194174965145, 0.00290845683776, 0.00205366592854, -0.00160255748779, -0.00069855118636, 0.00238386006095, -0.001684457995, 0.00132231216412, -5.13061677339e-005, -0.00177864183206, 0.00236823526211, 0.000670535431709], [-0.00092862569727, 0.000182063697139, 0.00205366592854, 0.00989622715861, -0.00319393048994, -0.00157511746511, 0.00106696656439, 0.00391835346818, -0.0054808924906, 0.000911883136723, 0.000792022445239, -0.000523711671121, -0.000745438970625], [0.000964774342719, -0.000683111080434, -0.00160255748779, -0.00319393048994, 0.0149327013642, -0.00179159629624, -0.0026523177512, -0.00146433105692, 0.00359704112634, -0.00647651450709, 0.003296994837, -0.00263635045849, 0.00574718369171], [-0.00124605186284, 0.00125285773538, -0.00069855118636, -0.00157511746511, -0.00179159629624, 0.0149992415681, -0.00340744992718, -0.00371684948914, -0.00190703081898, 0.00242933537811, -0.00175583234522, 0.000324174528942, -0.00150012073573], [0.000739315815736, -0.00153717794456, 0.00238386006095, 0.00106696656439, -0.0026523177512, -0.00340744992718, 0.0188009832054, -0.00275711342692, -0.00251552811824, -0.00237100291997, -0.00210102181882, -0.00280874664895, -0.000907898531295], [2.48401083809e-005, -0.000207489210879, -0.001684457995, 0.00391835346818, -0.00146433105692, -0.00371684948914, -0.00275711342692, 0.0213183518499, -0.00781778432429, -0.0032321640756, 0.00289857410826, -0.00423328997567, 0.00295960833319], [0.000217162116314, 0.000323266809573, 0.00132231216412, -0.0054808924906, 0.00359704112634, -0.00190703081898, -0.00251552811824, -0.00781778432429, 0.0199621785432, -0.00418890314177, -0.00634635053575, 0.00260150292888, -0.00500206556171], [-0.000611321651377, 0.00223745661788, -5.13061677339e-005, 0.000911883136723, -0.00647651450709, 0.00242933537811, -0.00237100291997, -0.0032321640756, -0.00418890314177, 0.0208546370268, 0.00183518591803, -0.00376547803171, -0.00169974623714], [0.00128114398103, 1.83981137525e-005, -0.00177864183206, 0.000792022445239, 0.003296994837, -0.00175583234522, -0.00210102181882, 0.00289857410826, -0.00634635053575, 0.00183518591803, 0.0183970145881, -0.00772308092564, 0.00355195673183], [-0.000729145249352, 0.000206263663131, 0.00236823526211, -0.000523711671121, -0.00263635045849, 0.000324174528942, -0.00280874664895, -0.00423328997567, 0.00260150292888, -0.00376547803171, -0.00772308092564, 0.0232301522046, -0.00781815405935], [0.000133812616696, -0.000316762540024, 0.000670535431709, -0.000745438970625, 0.00574718369171, -0.00150012073573, -0.000907898531295, 0.00295960833319, -0.00500206556171, -0.00169974623714, 0.00355195673183, -0.00781815405935, 0.0245425533503]]
    },
    "spectral_contrast_coeffs": {
        "mean": [-0.537092149258, -0.714523136616, -0.681342840195, -0.758633136749, -0.777668297291, -0.74831199646],
        "var": [0.017672419548, 0.00458688708022, 0.00284921959974, 0.00146837427747, 0.000887868343852, 0.00470313662663]
    },
    "spectral_contrast_valleys": {
        "mean": [-8.26260757446, -6.71907091141, -7.89285373688, -8.31367301941, -8.59988307953, -12.4403781891],
        "var": [1.32957184315, 0.73929309845, 0.871400177479, 1.44675076008, 2.25759863853, 1.35660624504]
    }
},
"metadata": {
    "audio_properties": {
        "analysis_sample_rate": 44100,
        "bit_rate": 128074,
        "equal_loudness": 0,
        "length": 45.0612258911,
        "lossless": 0,
        "replay_gain": -5.78463363647,
        "sample_rate": 44100,
        "codec": "mp3",
        "downmix": "mix",
        "md5_encoded": "2e0d2fd6e7d859d035dcf87303484a8e"
    },
    "tags": {
        "file_name": "1111.mp3"
    },
    "version": {
        "essentia": "2.1-beta2",
        "essentia_git_sha": "v2.1_beta2",
        "extractor": "music 1.0"
    }
},
"rhythm": {
    "beats_count": 84,
    "beats_loudness": {
        "mean": 0.0228874515742,
        "var": 0.000362872000551
    },
    "bpm": 92.0329742432,
    "bpm_histogram_first_peak_bpm": {
        "mean": 91,
        "var": 0
    },
    "bpm_histogram_first_peak_spread": {
        "mean": 0.300000041723,
        "var": 0
    },
    "bpm_histogram_first_peak_weight": {
        "mean": 0.253012031317,
        "var": 0
    },
    "bpm_histogram_second_peak_bpm": {
        "mean": 157,
        "var": 0
    },
    "bpm_histogram_second_peak_spread": {
        "mean": 0.200000032783,
        "var": 0
    },
    "bpm_histogram_second_peak_weight": {
        "mean": 0.144578307867,
        "var": 0
    },
    "danceability": 0.975278556347,
    "onset_rate": 0.79855298996,
    "beats_loudness_band_ratio": {
        "mean": [0.319023817778, 0.380606502295, 0.180929750204, 0.124864339828, 0.0674371868372, 0.0136798424646],
        "var": [0.06358897686, 0.060134831816, 0.0126617504284, 0.0108561841771, 0.00713602686301, 0.000818397034891]
    },
    "beats_position": [0.650158703327, 1.31192743778, 1.97369611263, 2.63546490669, 3.28562355042, 3.94739222527, 4.60916090012, 5.27092981339, 5.93269824982, 6.58285713196, 7.24462556839, 7.89478445053, 8.54494285583, 9.2067117691, 9.86848068237, 10.5186395645, 11.1571884155, 11.807346344, 12.445895195, 13.084444046, 13.7462129593, 14.4079818726, 15.0697498322, 15.7315187454, 16.3700675964, 17.0086174011, 17.6587753296, 18.2857131958, 18.9242630005, 19.5628108978, 20.2013607025, 20.8282985687, 21.4552383423, 22.0937862396, 22.6858959198, 23.2896137238, 23.8352832794, 24.3809528351, 24.9150104523, 25.4490699768, 25.9947395325, 26.5404071808, 27.0744667053, 27.6085262299, 28.1541938782, 28.6069831848, 29.0481624603, 29.4893417358, 29.9305210114, 30.3717002869, 30.8128795624, 31.2540588379, 31.6952381134, 32.1364173889, 32.5892066956, 33.0768241882, 33.5644454956, 34.0520629883, 34.539680481, 35.0273017883, 35.5265312195, 35.9096603394, 36.2927894592, 36.6759185791, 37.059047699, 37.4305648804, 37.790473938, 38.1503829956, 38.5102958679, 38.9050331116, 39.2881622314, 39.6712913513, 40.0660324097, 40.4607696533, 40.8555107117, 41.2502479553, 41.6333770752, 42.0048980713, 42.3880271912, 42.771156311, 43.1542854309, 43.5374145508, 43.9205436707, 44.2920608521]
},
"tonal": {
    "chords_changes_rate": 0.0329218097031,
    "chords_number_rate": 0.0113168722019,
    "chords_strength": {
        "mean": 0.482663631439,
        "var": 0.00765834189951
    },
    "hpcp_entropy": {
        "mean": 1.74970173836,
        "var": 0.302015721798
    },
    "key_strength": 0.763862967491,
    "tuning_diatonic_strength": 0.45756611228,
    "tuning_equal_tempered_deviation": 0.00718779396266,
    "tuning_frequency": 440.254241943,
    "tuning_nontempered_energy_ratio": 0.570389568806,
    "hpcp": {
        "mean": [0.170025736094, 0.106216855347, 0.0420618131757, 0.0506257787347, 0.0541500151157, 0.208311870694, 0.372957646847, 0.213437527418, 0.0403983555734, 0.0368620194495, 0.0419383235276, 0.208439558744, 0.418325632811, 0.285782694817, 0.176356881857, 0.238098040223, 0.135592892766, 0.0398384518921, 0.0328289866447, 0.0357201099396, 0.131636381149, 0.228978380561, 0.136526226997, 0.0316075384617, 0.0242665447295, 0.0366507358849, 0.214072689414, 0.382664591074, 0.252513438463, 0.220490008593, 0.302677452564, 0.163440018892, 0.0452722162008, 0.03911357373, 0.0347090363503, 0.100032314658],
        "var": [0.0871836990118, 0.0368349142373, 0.0114779705182, 0.0144572574645, 0.0227681323886, 0.0451796390116, 0.121581397951, 0.0485525690019, 0.0131523665041, 0.0126976920292, 0.0128265842795, 0.0430936589837, 0.131965398788, 0.0679194256663, 0.0398568399251, 0.0869920775294, 0.0298227090389, 0.0101445214823, 0.00822287797928, 0.0096401385963, 0.0360350124538, 0.102155074477, 0.0400990471244, 0.00839397218078, 0.005454022903, 0.0105696292594, 0.0574346408248, 0.147762268782, 0.0724588632584, 0.0726678445935, 0.149608805776, 0.0481143258512, 0.0116221895441, 0.00827555730939, 0.00913604814559, 0.031323634088]
    },
    "chords_histogram": [29.3209877014, 8.53909492493, 9.77366256714, 8.84773635864, 3.49794244766, 0, 0, 1.74897122383, 0, 5.45267486572, 0, 0, 0, 0, 0, 0, 1.64609050751, 0, 0.205761313438, 0, 2.26337456703, 0.102880656719, 24.4855976105, 4.11522626877],
    "thpcp": [1, 0.683158457279, 0.421577990055, 0.569169163704, 0.324132412672, 0.0952331125736, 0.0784771069884, 0.0853882879019, 0.314674437046, 0.547368764877, 0.326363533735, 0.0755572617054, 0.0580087453127, 0.0876129344106, 0.511736989021, 0.9147529006, 0.603628873825, 0.527077436447, 0.723545074463, 0.39070045948, 0.108222432435, 0.0935003012419, 0.0829713344574, 0.239125475287, 0.406443506479, 0.253909498453, 0.100548021495, 0.121020026505, 0.129444643855, 0.497965842485, 0.891548633575, 0.5102186203, 0.0965715497732, 0.0881180018187, 0.100252814591, 0.498271077871],
    "chords_key": "B",
    "chords_scale": "minor",
    "key_key": "B",
    "key_scale": "minor"
}
}