{
"lowlevel": {
    "average_loudness": 0.697461903095,
    "barkbands_crest": {
        "mean": 9.26045608521,
        "var": 8.91181278229
    },
    "barkbands_flatness_db": {
        "mean": 0.174817711115,
        "var": 0.00399683509022
    },
    "barkbands_kurtosis": {
        "mean": 4.5726518631,
        "var": 15.0847415924
    },
    "barkbands_skewness": {
        "mean": 1.5246219635,
        "var": 0.524898707867
    },
    "barkbands_spread": {
        "mean": 12.8958444595,
        "var": 81.0708465576
    },
    "dissonance": {
        "mean": 0.430798470974,
        "var": 0.00241068191826
    },
    "dynamic_complexity": 7.45361089706,
    "erbbands_crest": {
        "mean": 10.2450237274,
        "var": 18.5363636017
    },
    "erbbands_flatness_db": {
        "mean": 0.201885685325,
        "var": 0.00307398475707
    },
    "erbbands_kurtosis": {
        "mean": 1.80566692352,
        "var": 6.38150644302
    },
    "erbbands_skewness": {
        "mean": 1.09419357777,
        "var": 0.356094807386
    },
    "erbbands_spread": {
        "mean": 29.4221134186,
        "var": 295.766082764
    },
    "hfc": {
        "mean": 8.03204727173,
        "var": 202.119293213
    },
    "melbands_crest": {
        "mean": 14.6351137161,
        "var": 29.1847190857
    },
    "melbands_flatness_db": {
        "mean": 0.246393710375,
        "var": 0.00682047475129
    },
    "melbands_kurtosis": {
        "mean": 9.60144329071,
        "var": 59.411693573
    },
    "melbands_skewness": {
        "mean": 2.12847924232,
        "var": 1.01483261585
    },
    "melbands_spread": {
        "mean": 13.1252985001,
        "var": 73.4481735229
    },
    "pitch_salience": {
        "mean": 0.607546627522,
        "var": 0.0107580162585
    },
    "silence_rate_20dB": {
        "mean": 1,
        "var": 0
    },
    "silence_rate_30dB": {
        "mean": 0.992790937424,
        "var": 0.00715687638149
    },
    "silence_rate_60dB": {
        "mean": 0.438722968102,
        "var": 0.246243715286
    },
    "spectral_centroid": {
        "mean": 849.962768555,
        "var": 203972.8125
    },
    "spectral_complexity": {
        "mean": 11.2373838425,
        "var": 103.634246826
    },
    "spectral_decrease": {
        "mean": -2.94633584197e-009,
        "var": 2.42893546681e-017
    },
    "spectral_energy": {
        "mean": 0.0118486480787,
        "var": 0.000391418492654
    },
    "spectral_energyband_high": {
        "mean": 0.000385033199564,
        "var": 7.88264401308e-007
    },
    "spectral_energyband_low": {
        "mean": 0.00241342908703,
        "var": 8.35097162053e-005
    },
    "spectral_energyband_middle_high": {
        "mean": 0.00145288940985,
        "var": 5.71572900299e-006
    },
    "spectral_energyband_middle_low": {
        "mean": 0.00789948645979,
        "var": 0.000153198023327
    },
    "spectral_entropy": {
        "mean": 6.99210882187,
        "var": 0.337193995714
    },
    "spectral_flux": {
        "mean": 0.0294299442321,
        "var": 0.000899009290151
    },
    "spectral_kurtosis": {
        "mean": 9.33500385284,
        "var": 106.609237671
    },
    "spectral_rms": {
        "mean": 0.0026322719641,
        "var": 4.63082324131e-006
    },
    "spectral_rolloff": {
        "mean": 805.167907715,
        "var": 492325.6875
    },
    "spectral_skewness": {
        "mean": 2.02210783958,
        "var": 1.05943417549
    },
    "spectral_spread": {
        "mean": 3409916,
        "var": 2.56111594701e+012
    },
    "spectral_strongpeak": {
        "mean": 0.542874157429,
        "var": 0.319100171328
    },
    "zerocrossingrate": {
        "mean": 0.0392392575741,
        "var": 0.000603625376243
    },
    "barkbands": {
        "mean": [0.000101301724499, 0.000597091158852, 0.0015279330546, 0.000398464821046, 0.0023424543906, 0.00228019780479, 0.000897974940017, 0.00108886510134, 0.00069745327346, 0.000363313767593, 0.000339326739777, 0.000106179788418, 0.000106199746369, 4.82010364067e-005, 9.11401075427e-005, 9.8115298897e-005, 6.72861860949e-005, 9.56081930781e-005, 0.000141525888466, 0.000132959932671, 0.00010710603965, 7.70365295466e-005, 8.13623410068e-005, 3.56113268936e-005, 1.71314059116e-005, 8.46479088068e-006, 3.69317234572e-007],
        "var": [6.79345006915e-008, 3.48196954292e-006, 5.85590714763e-005, 7.54495601996e-007, 1.94102576643e-005, 2.42731548497e-005, 2.90503862743e-006, 6.61535477775e-006, 1.92212769434e-006, 4.28072610248e-007, 4.21591039412e-007, 3.69413086787e-008, 3.85394614e-008, 5.72098191043e-009, 3.8520116874e-008, 4.14824583572e-008, 1.65886966386e-008, 5.95497944289e-008, 1.22421198512e-007, 8.89319196062e-008, 5.97054210516e-008, 3.62926684261e-008, 4.22541504008e-008, 1.09671525195e-008, 2.60297539079e-009, 9.19110954012e-010, 2.41402449246e-012]
    },
    "erbbands": {
        "mean": [0.0225237775594, 0.140610262752, 1.3474419117, 1.7938297987, 3.948523283, 5.93445253372, 27.9103851318, 9.08774471283, 12.700293541, 9.66780853271, 30.349647522, 19.4724349976, 13.2217826843, 13.9529848099, 8.8297586441, 4.32798480988, 4.80765104294, 2.68293881416, 3.05159664154, 5.40152025223, 5.80090141296, 3.6589615345, 4.8577837944, 6.80942296982, 6.97659254074, 6.40765285492, 5.37434577942, 3.48392772675, 2.85415387154, 2.19640755653, 2.39298963547, 0.906933248043, 0.594148635864, 0.20096321404, 0.1265732795, 0.0419280305505, 0.0157898515463, 0.00218427064829, 5.64629008295e-005, 1.59152896231e-005],
        "var": [0.00741965742782, 0.172680839896, 42.9300804138, 39.6311035156, 104.049766541, 130.967956543, 4446.77099609, 218.607681274, 640.674499512, 235.4087677, 5136.87402344, 1406.7980957, 598.114135742, 716.959777832, 197.352035522, 64.2133636475, 74.693862915, 18.9287815094, 27.7640800476, 127.352180481, 134.018783569, 49.815120697, 129.791854858, 269.371948242, 263.910614014, 212.729522705, 155.782470703, 70.0987854004, 47.0702667236, 29.5435600281, 38.4017333984, 6.34405755997, 3.44271087646, 0.34811732173, 0.162688463926, 0.0198744013906, 0.00335279130377, 7.26640573703e-005, 3.99882651436e-008, 7.95690291433e-010]
    },
    "gfcc": {
        "mean": [-131.435775757, 141.876541138, -124.9112854, 27.7990512848, -73.3550186157, -7.20284318924, -28.3892784119, -0.705237925053, -14.9680919647, -5.67659235001, -8.79886341095, -2.85858178139, -2.6184425354],
        "cov": [[19957.8613281, -4897.03613281, -1275.68920898, 1638.97253418, -1955.2109375, 1283.83032227, -648.427734375, 652.496032715, -829.01940918, -194.598526001, -798.085754395, -55.5398750305, -245.524505615], [-4897.03613281, 1966.20837402, -33.6990242004, -434.342163086, 484.939483643, -490.467895508, 312.931915283, -324.853179932, 345.866821289, -73.1937561035, 361.883728027, -54.3505973816, 182.041748047], [-1275.68920898, -33.6990242004, 676.018432617, -212.789672852, 232.225418091, 40.5733222961, -54.6596488953, 113.305007935, -60.9836158752, 175.393829346, -51.7126464844, 99.1226348877, -89.2572402954], [1638.97253418, -434.342163086, -212.789672852, 334.407836914, -148.893112183, 165.717651367, -32.5455322266, 22.1307849884, -38.2783164978, -53.8330841064, -51.7384414673, -42.0326805115, -37.1797866821], [-1955.2109375, 484.939483643, 232.225418091, -148.893112183, 341.604980469, -78.1838607788, 83.8482284546, -41.250579834, 58.3671188354, 65.1117935181, 67.6788864136, 38.4894104004, -10.5884819031], [1283.83032227, -490.467895508, 40.5733222961, 165.717651367, -78.1838607788, 289.8984375, -39.5906906128, 104.127807617, -102.090881348, 28.1828632355, -93.082611084, -5.41521549225, -77.9598999023], [-648.427734375, 312.931915283, -54.6596488953, -32.5455322266, 83.8482284546, -39.5906906128, 118.730773926, -44.4469490051, 69.3143539429, -26.1069202423, 54.045501709, -22.0224208832, 20.6862926483], [652.496032715, -324.853179932, 113.305007935, 22.1307849884, -41.250579834, 104.127807617, -44.4469490051, 134.549575806, -57.9882621765, 44.6029014587, -69.3297576904, 28.9429931641, -33.8961715698], [-829.01940918, 345.866821289, -60.9836158752, -38.2783164978, 58.3671188354, -102.090881348, 69.3143539429, -57.9882621765, 116.704727173, -19.2005310059, 81.8703765869, -14.4310350418, 41.4068374634], [-194.598526001, -73.1937561035, 175.393829346, -53.8330841064, 65.1117935181, 28.1828632355, -26.1069202423, 44.6029014587, -19.2005310059, 96.6977157593, -8.65554428101, 45.0796928406, -35.8679084778], [-798.085754395, 361.883728027, -51.7126464844, -51.7384414673, 67.6788864136, -93.082611084, 54.045501709, -69.3297576904, 81.8703765869, -8.65554428101, 131.228897095, 16.286190033, 60.3501777649], [-55.5398750305, -54.3505973816, 99.1226348877, -42.0326805115, 38.4894104004, -5.41521549225, -22.0224208832, 28.9429931641, -14.4310350418, 45.0796928406, 16.286190033, 76.0993652344, 11.9962091446], [-245.524505615, 182.041748047, -89.2572402954, -37.1797866821, -10.5884819031, -77.9598999023, 20.6862926483, -33.8961715698, 41.4068374634, -35.8679084778, 60.3501777649, 11.9962091446, 101.28099823]],
        "icov": [[0.000292787066428, 6.10481629337e-006, 0.000362442428013, -0.000708912266418, 0.00109406025149, -9.34101626626e-006, -0.000419969204813, -0.000378180935513, 0.00102202431299, -0.000493040366564, 0.000424108380685, -0.00079375988571, 7.32355911168e-005], [6.10481629337e-006, 0.00763115519658, -0.000808079726994, 0.00520672556013, -0.00571960862726, 0.0012483925093, -0.0035166288726, 0.0040211873129, -0.00442827213556, 0.00403910782188, -0.00869219470769, 0.00887206476182, -0.00270574958995], [0.000362442428013, -0.000808079726994, 0.00549037894234, 0.00106005370617, -0.00080947985407, -0.00107161211781, 0.00241687824018, -0.00280679762363, 0.00120464223437, -0.00353257893585, 0.00254356767982, -0.00337324594148, 0.00235667359084], [-0.000708912266418, 0.00520672556013, 0.00106005370617, 0.0129579640925, -0.00678881024942, -0.00419371994212, 0.00222150050104, 0.00408720318228, -0.00900833122432, 0.00733533548191, -0.00652069738135, 0.00638558296487, 0.00100006791763], [0.00109406025149, -0.00571960862726, -0.00080947985407, -0.00678881024942, 0.0159763749689, -7.7701814007e-005, -0.00487582245842, -0.00141668925062, 0.00740276230499, -0.00719472626224, 0.0071656005457, -0.011337114498, 0.00335788866505], [-9.34101626626e-006, 0.0012483925093, -0.00107161211781, -0.00419371994212, -7.7701814007e-005, 0.0108779910952, -0.00545096583664, -0.00396393146366, 0.00715249963105, -0.00270122149959, -0.00328074069694, 0.00421245908365, 0.000976579613052], [-0.000419969204813, -0.0035166288726, 0.00241687824018, 0.00222150050104, -0.00487582245842, -0.00545096583664, 0.0228921920061, -0.00249080662616, -0.00917929131538, 0.00518914265558, 0.00182904175017, -0.000707600440364, 0.00261772982776], [-0.000378180935513, 0.0040211873129, -0.00280679762363, 0.00408720318228, -0.00141668925062, -0.00396393146366, -0.00249080662616, 0.0203661434352, -0.00650796620175, -0.000861012784299, 0.00282202521339, -0.000173394786543, -0.00429743854329], [0.00102202431299, -0.00442827213556, 0.00120464223437, -0.00900833122432, 0.00740276230499, 0.00715249963105, -0.00917929131538, -0.00650796620175, 0.0328127220273, -0.00883663352579, -0.00414558500051, -4.94025334774e-005, 9.96924936771e-005], [-0.000493040366564, 0.00403910782188, -0.00353257893585, 0.00733533548191, -0.00719472626224, -0.00270122149959, 0.00518914265558, -0.000861012784299, -0.00883663352579, 0.0324061699212, -0.00889710150659, -0.00374089274555, 0.00777872977778], [0.000424108380685, -0.00869219470769, 0.00254356767982, -0.00652069738135, 0.0071656005457, -0.00328074069694, 0.00182904175017, 0.00282202521339, -0.00414558500051, -0.00889710150659, 0.033465616405, -0.0192907229066, -0.00381822744384], [-0.00079375988571, 0.00887206476182, -0.00337324594148, 0.00638558296487, -0.011337114498, 0.00421245908365, -0.000707600440364, -0.000173394786543, -4.94025334774e-005, -0.00374089274555, -0.0192907229066, 0.0407821983099, -0.0109960502014], [7.32355911168e-005, -0.00270574958995, 0.00235667359084, 0.00100006791763, 0.00335788866505, 0.000976579613052, 0.00261772982776, -0.00429743854329, 9.96924936771e-005, 0.00777872977778, -0.00381822744384, -0.0109960502014, 0.0227798372507]]
    },
    "melbands": {
        "mean": [0.000181127674296, 0.000530286401045, 0.00037251599133, 0.000321685249219, 0.00079615029972, 0.000249876320595, 0.000197463086806, 0.000110201566713, 0.000242343710852, 0.000111223016575, 6.23706509941e-005, 5.35666295036e-005, 3.77973701688e-005, 1.30448306663e-005, 1.26527866087e-005, 8.16883402877e-006, 4.56100406154e-006, 4.19364005211e-006, 7.39437064112e-006, 7.29468365535e-006, 6.18586591372e-006, 3.70710154129e-006, 2.87728425974e-006, 6.08157961324e-006, 5.30580382474e-006, 5.87699105381e-006, 4.59084276372e-006, 3.98135489377e-006, 3.46842989529e-006, 2.62610319623e-006, 1.76031028332e-006, 1.62571302553e-006, 1.34280344355e-006, 1.22629523958e-006, 1.51757160438e-006, 9.43384577567e-007, 3.59646321613e-007, 4.67472830223e-007, 2.71929849305e-007, 1.28453280013e-007],
        "var": [3.75682446929e-007, 5.87067415836e-006, 1.13125042844e-006, 4.89113290314e-007, 3.42279940924e-006, 2.01198574246e-007, 1.50548430611e-007, 3.09111278796e-008, 3.16416844726e-007, 5.59374448983e-008, 1.3969100543e-008, 1.09505577939e-008, 4.18478052211e-009, 5.38651012683e-010, 4.91714891027e-010, 2.51898835124e-010, 5.99909288912e-011, 4.98585166209e-011, 3.34692662474e-010, 2.31684199603e-010, 1.53799681324e-010, 5.55138435221e-011, 3.0550895147e-011, 2.81923318024e-010, 1.72223263428e-010, 2.27772398165e-010, 1.00384783819e-010, 9.070880852e-011, 7.17923151483e-011, 3.76403873348e-011, 2.12818946493e-011, 1.60287703249e-011, 1.13639471097e-011, 9.9129949041e-012, 1.67593508515e-011, 6.98667599469e-012, 1.11053061278e-012, 2.35467895182e-012, 6.7383186704e-013, 1.52986333996e-013]
    },
    "mfcc": {
        "mean": [-757.235961914, 149.751586914, 9.19166278839, 24.0913295746, -15.3857784271, -5.56060123444, -9.07460212708, 0.629203975201, -4.60445928574, 1.38271558285, -5.44679164886, -2.1767616272, 0.0457117818296],
        "cov": [[16782.3085938, -2759.95239258, -1383.96594238, 485.983398438, -987.889099121, 268.846435547, -91.1221923828, 506.619750977, -56.3572235107, 146.835189819, -574.143737793, -348.004699707, -104.908599854], [-2759.95239258, 1229.3939209, -107.58581543, -69.9408035278, 45.5467796326, -103.989372253, 19.1380729675, -102.282142639, -13.5808506012, -30.2703056335, 86.2881774902, 27.3468093872, 42.4171981812], [-1383.96594238, -107.58581543, 541.538330078, -94.3271255493, 177.155654907, -9.59254550934, 24.2363739014, -53.3017692566, 8.50951576233, 3.32284522057, 76.4530792236, 52.1536865234, 9.68282222748], [485.983398438, -69.9408035278, -94.3271255493, 117.868087769, -26.8820858002, 31.9204273224, -13.1506872177, 24.9507293701, -5.76198339462, 3.3005232811, -13.5320911407, -1.103687644, 5.64313697815], [-987.889099121, 45.5467796326, 177.155654907, -26.8820858002, 197.022079468, 19.5843429565, 42.3364906311, -27.3334751129, 14.4311923981, -11.0723981857, 46.3642463684, 46.1516227722, 9.61557579041], [268.846435547, -103.989372253, -9.59254550934, 31.9204273224, 19.5843429565, 143.193984985, 54.9805755615, 34.4113845825, -2.31040406227, 2.78775334358, 9.18617343903, 18.8235702515, 1.77970778942], [-91.1221923828, 19.1380729675, 24.2363739014, -13.1506872177, 42.3364906311, 54.9805755615, 88.9380645752, 25.2380561829, 18.0662612915, -0.313389211893, 13.4469709396, 15.2160015106, 8.30296039581], [506.619750977, -102.282142639, -53.3017692566, 24.9507293701, -27.3334751129, 34.4113845825, 25.2380561829, 76.5360031128, 16.4023418427, 10.7167863846, -14.7939052582, -8.58813476563, -1.1671410799], [-56.3572235107, -13.5808506012, 8.50951576233, -5.76198339462, 14.4311923981, -2.31040406227, 18.0662612915, 16.4023418427, 61.8819503784, 14.0300197601, -4.52980184555, -0.78748100996, -5.08665990829], [146.835189819, -30.2703056335, 3.32284522057, 3.3005232811, -11.0723981857, 2.78775334358, -0.313389211893, 10.7167863846, 14.0300197601, 44.275390625, 8.84493637085, -6.05035638809, -4.81878900528], [-574.143737793, 86.2881774902, 76.4530792236, -13.5320911407, 46.3642463684, 9.18617343903, 13.4469709396, -14.7939052582, -4.52980184555, 8.84493637085, 74.1864242554, 31.7096366882, 0.251935631037], [-348.004699707, 27.3468093872, 52.1536865234, -1.103687644, 46.1516227722, 18.8235702515, 15.2160015106, -8.58813476563, -0.78748100996, -6.05035638809, 31.7096366882, 54.707572937, 18.2906932831], [-104.908599854, 42.4171981812, 9.68282222748, 5.64313697815, 9.61557579041, 1.77970778942, 8.30296039581, -1.1671410799, -5.08665990829, -4.81878900528, 0.251935631037, 18.2906932831, 51.6455345154]],
        "icov": [[0.000246151088504, 0.000510736077558, 0.000431836175267, -0.000170291488757, 0.000535802857485, 8.89465300133e-005, -0.000465263176011, -0.000184631979209, 0.00049190770369, -0.00057451002067, 0.000570657895878, 0.000151231623022, -7.55147339078e-005], [0.000510736077558, 0.00246765837073, 0.00188218161929, 0.000202947034268, 0.000877571932506, 0.00124108209275, -0.00205594394356, 0.00134528568015, 0.000734244647902, -0.000374526600353, -0.00122895126697, 0.0010346903, -0.00153261446394], [0.000431836175267, 0.00188218161929, 0.00462641846389, 0.00205484451726, -0.00158030714374, 0.000740668212529, -0.000762136885896, 0.00125355401542, 0.000689774693456, -0.00134030613117, -0.00192689686082, 0.000416394788772, -0.00153620913625], [-0.000170291488757, 0.000202947034268, 0.00205484451726, 0.0124588822946, -0.00156721449457, -0.00306989019737, 0.00490084057674, -0.0023241629824, -4.40527437604e-005, -0.000150872787344, -0.000991182983853, -0.000881026615389, -0.0024035978131], [0.000535802857485, 0.000877571932506, -0.00158030714374, -0.00156721449457, 0.0109351836145, -5.41598419659e-005, -0.00447071297094, 0.00220333831385, -0.00134011637419, 0.00126119505148, 8.89400180313e-005, -0.00335184531286, 0.000741941563319], [8.89465300133e-005, 0.00124108209275, 0.000740668212529, -0.00306989019737, -5.41598419659e-005, 0.0125341685489, -0.0083979787305, -0.00136978016235, 0.00355027336627, -0.00106275302824, -0.000633609597571, -0.00321940635331, 0.00164904317353], [-0.000465263176011, -0.00205594394356, -0.000762136885896, 0.00490084057674, -0.00447071297094, -0.0083979787305, 0.0230463035405, -0.00684702489525, -0.00556473946199, 0.00301538151689, -0.00214761984535, 0.000512440339662, -0.00282494979911], [-0.000184631979209, 0.00134528568015, 0.00125355401542, -0.0023241629824, 0.00220333831385, -0.00136978016235, -0.00684702489525, 0.0225583668798, -0.00464565819129, -0.00148121546954, -0.00106797821354, 0.00184494780842, -0.00145741831511], [0.00049190770369, 0.000734244647902, 0.000689774693456, -4.40527437604e-005, -0.00134011637419, 0.00355027336627, -0.00556473946199, -0.00464565819129, 0.0227533653378, -0.00911144074053, 0.00632601091638, -0.00268588378094, 0.00349972234108], [-0.00057451002067, -0.000374526600353, -0.00134030613117, -0.000150872787344, 0.00126119505148, -0.00106275302824, 0.00301538151689, -0.00148121546954, -0.00911144074053, 0.0308932643384, -0.0110483579338, 0.00621922221035, -0.0014716766309], [0.000570657895878, -0.00122895126697, -0.00192689686082, -0.000991182983853, 8.89400180313e-005, -0.000633609597571, -0.00214761984535, -0.00106797821354, 0.00632601091638, -0.0110483579338, 0.028835400939, -0.0136323999614, 0.00724407751113], [0.000151231623022, 0.0010346903, 0.000416394788772, -0.000881026615389, -0.00335184531286, -0.00321940635331, 0.000512440339662, 0.00184494780842, -0.00268588378094, 0.00621922221035, -0.0136323999614, 0.0348887965083, -0.0118040032685], [-7.55147339078e-005, -0.00153261446394, -0.00153620913625, -0.0024035978131, 0.000741941563319, 0.00164904317353, -0.00282494979911, -0.00145741831511, 0.00349972234108, -0.0014716766309, 0.00724407751113, -0.0118040032685, 0.0255975611508]]
    },
    "spectral_contrast_coeffs": {
        "mean": [-0.624922215939, -0.69392812252, -0.751662313938, -0.787656903267, -0.775441765785, -0.726523220539],
        "var": [0.00712962029502, 0.00410653930157, 0.00311808753759, 0.00199569272809, 0.00267354305834, 0.00289241527207]
    },
    "spectral_contrast_valleys": {
        "mean": [-8.38280010223, -7.45171308517, -8.30883693695, -9.13089466095, -9.2262096405, -12.4827451706],
        "var": [1.04191052914, 1.51921308041, 2.03597617149, 1.90217745304, 2.55699515343, 3.35679078102]
    }
},
"metadata": {
    "audio_properties": {
        "analysis_sample_rate": 44100,
        "bit_rate": 128074,
        "equal_loudness": 0,
        "length": 45.0612258911,
        "lossless": 0,
        "replay_gain": -5.35808753967,
        "sample_rate": 44100,
        "codec": "mp3",
        "downmix": "mix",
        "md5_encoded": "3971180e23fc3a6e921255b9f000b777"
    },
    "tags": {
        "file_name": "1112.mp3"
    },
    "version": {
        "essentia": "2.1-beta2",
        "essentia_git_sha": "v2.1_beta2",
        "extractor": "music 1.0"
    }
},
"rhythm": {
    "beats_count": 91,
    "beats_loudness": {
        "mean": 0.0159789640456,
        "var": 0.000710124091711
    },
    "bpm": 106.624771118,
    "bpm_histogram_first_peak_bpm": {
        "mean": 108,
        "var": 0
    },
    "bpm_histogram_first_peak_spread": {
        "mean": 0.473684221506,
        "var": 0
    },
    "bpm_histogram_first_peak_weight": {
        "mean": 0.222222223878,
        "var": 0
    },
    "bpm_histogram_second_peak_bpm": {
        "mean": 148,
        "var": 0
    },
    "bpm_histogram_second_peak_spread": {
        "mean": 0.222222208977,
        "var": 0
    },
    "bpm_histogram_second_peak_weight": {
        "mean": 0.155555561185,
        "var": 0
    },
    "danceability": 0.976397395134,
    "onset_rate": 0.95382720232,
    "beats_loudness_band_ratio": {
        "mean": [0.300761014223, 0.384063720703, 0.240902259946, 0.0711395591497, 0.0281908940524, 0.0345784649253],
        "var": [0.041291963309, 0.0379362292588, 0.0133415237069, 0.00227712769993, 0.000465975957923, 0.00177195051219]
    },
    "beats_position": [0.53405892849, 1.07972788811, 1.62539684772, 2.17106580734, 2.71673464775, 3.27401351929, 3.83129239082, 4.38857126236, 4.96907043457, 5.54956912994, 6.13006782532, 6.6989569664, 7.27945566177, 7.84834432602, 8.42884349823, 8.98612213135, 9.54340076447, 10.1006803513, 10.6579589844, 11.2036275864, 11.749297142, 12.294965744, 12.8638544083, 13.4211339951, 13.9900226593, 14.5473012924, 15.1161899567, 15.6734695435, 16.242357254, 16.7880268097, 17.3453063965, 17.9025840759, 18.4598636627, 19.0171432495, 19.574420929, 20.1433105469, 20.7238082886, 21.2926979065, 21.8731975555, 22.430475235, 22.9877548218, 23.5450344086, 24.1255321503, 24.6828117371, 25.2516994476, 25.8205890656, 26.3778686523, 26.958366394, 27.5388660431, 28.1193637848, 28.5605430603, 28.9785022736, 29.3964614868, 29.8376407623, 30.2788200378, 30.7199993134, 31.1611785889, 31.567527771, 31.9738769531, 32.3802261353, 32.7865753174, 33.1929244995, 33.5992736816, 34.0056228638, 34.4119720459, 34.818321228, 35.2246704102, 35.6310195923, 36.0373687744, 36.4437179565, 36.8500671387, 37.2331962585, 37.6279373169, 38.0110664368, 38.4058036804, 38.7773246765, 39.1488418579, 39.520362854, 39.8918800354, 40.251789093, 40.6116981506, 40.9832191467, 41.3547401428, 41.7378692627, 42.1209983826, 42.492515564, 42.8756446838, 43.2587738037, 43.6419029236, 44.0134239197, 44.3849411011]
},
"tonal": {
    "chords_changes_rate": 0.0493827164173,
    "chords_number_rate": 0.0102880662307,
    "chords_strength": {
        "mean": 0.488626271486,
        "var": 0.00708673568442
    },
    "hpcp_entropy": {
        "mean": 1.38372766972,
        "var": 0.54393196106
    },
    "key_strength": 0.680585443974,
    "tuning_diatonic_strength": 0.416172623634,
    "tuning_equal_tempered_deviation": 0.0581451505423,
    "tuning_frequency": 442.293365479,
    "tuning_nontempered_energy_ratio": 0.62285900116,
    "hpcp": {
        "mean": [0.203793272376, 0.11219547689, 0.0876948907971, 0.207926541567, 0.182460173965, 0.0990654081106, 0.0805607065558, 0.0338756330311, 0.0572134666145, 0.0993861332536, 0.080974034965, 0.103330716491, 0.0991380289197, 0.0414172708988, 0.312972217798, 0.541393876076, 0.266987085342, 0.0528396144509, 0.087983764708, 0.0745840892196, 0.076172940433, 0.10219655931, 0.0868539661169, 0.127663120627, 0.166855543852, 0.0951390191913, 0.0392050556839, 0.0333266668022, 0.0287651177496, 0.167506039143, 0.274170100689, 0.145848616958, 0.0388601459563, 0.0335258431733, 0.0337142273784, 0.133153825998],
        "var": [0.0816159546375, 0.0273659750819, 0.0233055371791, 0.0945014730096, 0.0640237033367, 0.0160509739071, 0.0186008755118, 0.00321904243901, 0.0197414718568, 0.0586397126317, 0.0239004027098, 0.0597650744021, 0.0556427910924, 0.0046473746188, 0.072769202292, 0.198385432363, 0.0524971485138, 0.0139951212332, 0.0530444383621, 0.0345725305378, 0.0145671321079, 0.0348553918302, 0.0162641946226, 0.0429164767265, 0.0710629969835, 0.0301362760365, 0.00251912185922, 0.00280313938856, 0.00261439592578, 0.0485295765102, 0.11137304455, 0.0329520851374, 0.00834429822862, 0.00937867350876, 0.0086785685271, 0.0366051346064]
    },
    "chords_histogram": [20.7818927765, 13.0658435822, 14.6090536118, 4.52674913406, 5.45267486572, 8.74485588074, 0, 21.9135799408, 0, 0.514403283596, 0, 5.34979438782, 0, 0, 0, 0, 0, 0, 0, 0, 0.514403283596, 0, 1.95473253727, 2.57201647758],
    "thpcp": [1, 0.493147581816, 0.0975992083549, 0.162513405085, 0.137763082981, 0.140697821975, 0.188765630126, 0.160426571965, 0.235804513097, 0.308196216822, 0.175729766488, 0.0724150314927, 0.0615571551025, 0.0531315915287, 0.309397727251, 0.506415247917, 0.269394665956, 0.0717779546976, 0.0619250498712, 0.0622730106115, 0.24594630301, 0.376423299313, 0.207234472036, 0.161979839206, 0.384057790041, 0.337019264698, 0.182982131839, 0.148802399635, 0.0625711455941, 0.105678081512, 0.183574542403, 0.149565845728, 0.190860524774, 0.183116272092, 0.0765011832118, 0.578086018562],
    "chords_key": "G",
    "chords_scale": "major",
    "key_key": "G",
    "key_scale": "minor"
}
}