{
"lowlevel": {
    "average_loudness": 0.954367518425,
    "barkbands_crest": {
        "mean": 17.3414039612,
        "var": 25.0464553833
    },
    "barkbands_flatness_db": {
        "mean": 0.381595343351,
        "var": 0.00389935984276
    },
    "barkbands_kurtosis": {
        "mean": 14.2369441986,
        "var": 437.227752686
    },
    "barkbands_skewness": {
        "mean": 2.50138783455,
        "var": 4.39887905121
    },
    "barkbands_spread": {
        "mean": 3.76608848572,
        "var": 8.82667732239
    },
    "dissonance": {
        "mean": 0.353119462729,
        "var": 0.00409743562341
    },
    "dynamic_complexity": 2.80043792725,
    "erbbands_crest": {
        "mean": 17.5870666504,
        "var": 39.7680397034
    },
    "erbbands_flatness_db": {
        "mean": 0.385202467442,
        "var": 0.00231243250892
    },
    "erbbands_kurtosis": {
        "mean": 3.8003821373,
        "var": 26.0682964325
    },
    "erbbands_skewness": {
        "mean": 1.16476011276,
        "var": 1.68692243099
    },
    "erbbands_spread": {
        "mean": 11.1730680466,
        "var": 37.1504821777
    },
    "hfc": {
        "mean": 12.065322876,
        "var": 84.9828491211
    },
    "melbands_crest": {
        "mean": 20.6249980927,
        "var": 37.4773445129
    },
    "melbands_flatness_db": {
        "mean": 0.457260042429,
        "var": 0.00422283215448
    },
    "melbands_kurtosis": {
        "mean": 15.7226810455,
        "var": 390.524597168
    },
    "melbands_skewness": {
        "mean": 2.47534489632,
        "var": 3.98832774162
    },
    "melbands_spread": {
        "mean": 6.21172332764,
        "var": 34.8135032654
    },
    "pitch_salience": {
        "mean": 0.402403026819,
        "var": 0.0182690750808
    },
    "silence_rate_20dB": {
        "mean": 1,
        "var": 0
    },
    "silence_rate_30dB": {
        "mean": 0.998970150948,
        "var": 0.00102881074417
    },
    "silence_rate_60dB": {
        "mean": 0.0643666312099,
        "var": 0.0602233447134
    },
    "spectral_centroid": {
        "mean": 493.276885986,
        "var": 98387.4609375
    },
    "spectral_complexity": {
        "mean": 6.88465499878,
        "var": 6.61902856827
    },
    "spectral_decrease": {
        "mean": -7.04985980704e-009,
        "var": 2.20764182276e-017
    },
    "spectral_energy": {
        "mean": 0.0277021899819,
        "var": 0.000339094287483
    },
    "spectral_energyband_high": {
        "mean": 9.74901922746e-007,
        "var": 2.7833096071e-012
    },
    "spectral_energyband_low": {
        "mean": 0.000309890165227,
        "var": 4.07740799346e-007
    },
    "spectral_energyband_middle_high": {
        "mean": 0.00192036840599,
        "var": 1.2937849533e-005
    },
    "spectral_energyband_middle_low": {
        "mean": 0.0258910208941,
        "var": 0.000333852542099
    },
    "spectral_entropy": {
        "mean": 5.60832118988,
        "var": 0.288060247898
    },
    "spectral_flux": {
        "mean": 0.0456794090569,
        "var": 0.000807354401331
    },
    "spectral_kurtosis": {
        "mean": 49.1714668274,
        "var": 514.969543457
    },
    "spectral_rms": {
        "mean": 0.00483609503135,
        "var": 3.63877279597e-006
    },
    "spectral_rolloff": {
        "mean": 605.223205566,
        "var": 267754.59375
    },
    "spectral_skewness": {
        "mean": 4.66377496719,
        "var": 2.00179648399
    },
    "spectral_spread": {
        "mean": 1313217.875,
        "var": 968277557248
    },
    "spectral_strongpeak": {
        "mean": 1.88360476494,
        "var": 2.11047291756
    },
    "zerocrossingrate": {
        "mean": 0.0229909569025,
        "var": 0.000229830897297
    },
    "barkbands": {
        "mean": [4.31345540619e-007, 3.7679108118e-006, 2.87118527922e-005, 0.00091819500085, 0.0102387750521, 0.00468941545114, 0.00554475840181, 0.000532509759068, 0.00269418326207, 0.00137918314431, 0.000135442023748, 0.000479176291265, 0.000816261221189, 6.47553606541e-005, 8.64241155796e-005, 5.57158782613e-005, 2.7108413633e-005, 3.00021088151e-006, 2.93831271847e-006, 8.11486984276e-007, 5.13545728609e-007, 8.02849982051e-008, 1.12848388412e-008, 5.39594013915e-009, 1.9439536203e-008, 3.9230227955e-009, 1.05703934494e-009],
        "var": [5.69212255455e-012, 9.85174927748e-011, 1.85738535663e-009, 3.78262006961e-006, 0.000173632492078, 5.7473203924e-005, 0.000139020412462, 4.55522786069e-006, 2.62527682935e-005, 1.81010000233e-005, 3.97136012964e-008, 1.41631107908e-006, 7.05380261934e-006, 2.83670562595e-008, 1.97989606932e-008, 1.38917117809e-008, 2.71259703588e-009, 4.00587167604e-011, 3.46653226957e-011, 1.92821583353e-012, 8.99734388556e-013, 9.80660949716e-015, 7.37141687886e-015, 2.74755931101e-015, 7.33395176457e-015, 2.0053962424e-015, 7.66219651339e-017]
    },
    "erbbands": {
        "mean": [0.000150348059833, 0.00195701885968, 0.0503084696829, 1.74139213562, 19.7758579254, 42.407371521, 34.6294631958, 29.9094581604, 59.1509132385, 67.1267471313, 17.191865921, 37.227684021, 96.9030532837, 10.4626455307, 4.86778640747, 28.736076355, 30.7912635803, 5.48896074295, 2.55324101448, 4.0192360878, 3.60658669472, 1.64060235023, 0.311220347881, 0.147333785892, 0.11205753684, 0.0369334071875, 0.0299070701003, 0.0126682706177, 0.00394132407382, 0.000646095839329, 0.000325796660036, 0.000174327054992, 0.000105219500256, 0.000187978992471, 0.000161943724379, 4.62647258246e-005, 1.40941710924e-005, 2.95287509289e-006, 1.32696659421e-005, 3.1048173696e-005],
        "var": [3.82080216355e-008, 8.97084828466e-006, 0.00479408353567, 7.86824703217, 804.659484863, 3649.65087891, 3197.38085938, 1900.5, 21359.546875, 28116.8808594, 616.021606445, 3437.8527832, 71146.1171875, 226.697463989, 30.3310146332, 5432.93359375, 8555.52929688, 110.774360657, 17.3979625702, 42.4909934998, 56.1652565002, 5.14344263077, 0.308960735798, 0.0663292780519, 0.0586988963187, 0.00547009380534, 0.00331370159984, 0.000351748341927, 2.47523475991e-005, 4.06935532737e-006, 5.73730585529e-006, 1.40964971251e-006, 8.76721401255e-007, 2.004604994e-006, 8.54312816045e-008, 4.08022104992e-009, 1.23186589818e-008, 1.02436992222e-009, 7.70471186851e-011, 4.23677815053e-010]
    },
    "gfcc": {
        "mean": [-178.385147095, 202.319610596, -151.16267395, -44.2523384094, -40.5554275513, -42.8130340576, -36.3672943115, -26.4392719269, -30.2592563629, -15.4085111618, -19.8970050812, -17.3087997437, 2.31741857529],
        "cov": [[2019.24926758, 575.719970703, -129.069458008, -321.167663574, 55.7442245483, -262.793609619, -114.106544495, -209.443084717, -40.7494850159, -223.208221436, -89.171585083, -97.6524581909, 69.5176696777], [575.719970703, 412.092254639, 209.646133423, -27.6237754822, 34.4961776733, -130.732528687, -84.9589996338, -176.996963501, -112.197486877, -126.846817017, -38.0935211182, -35.7324028015, 30.66522789], [-129.069458008, 209.646133423, 517.930236816, 192.830337524, -13.8572912216, -87.5779342651, -87.7552947998, -159.530578613, -156.407318115, -128.223190308, -44.7995033264, -12.0938692093, 22.9548187256], [-321.167663574, -27.6237754822, 192.830337524, 327.869537354, 20.3350219727, 39.7239570618, 7.15239667892, -4.0751080513, -105.84450531, -44.894241333, -47.0672798157, 6.44631958008, -1.80443513393], [55.7442245483, 34.4961776733, -13.8572912216, 20.3350219727, 127.297058105, 75.2462234497, 18.6535949707, -30.4488201141, -34.490978241, -39.9473114014, -40.2749023438, -54.2946968079, -42.3089370728], [-262.793609619, -130.732528687, -87.5779342651, 39.7239570618, 75.2462234497, 244.622756958, 124.639129639, 101.402435303, 0.895007669926, -14.8501033783, -81.35131073, -66.678894043, -67.933013916], [-114.106544495, -84.9589996338, -87.7552947998, 7.15239667892, 18.6535949707, 124.639129639, 132.318984985, 121.746055603, 31.7255363464, -27.6596908569, -74.0821533203, -47.2779693604, -29.1668891907], [-209.443084717, -176.996963501, -159.530578613, -4.0751080513, -30.4488201141, 101.402435303, 121.746055603, 251.027786255, 138.171966553, 16.6873035431, -77.3234710693, -25.2095451355, -8.82982063293], [-40.7494850159, -112.197486877, -156.407318115, -105.84450531, -34.490978241, 0.895007669926, 31.7255363464, 138.171966553, 196.511184692, 127.121620178, 38.520149231, -11.2498273849, -48.3982810974], [-223.208221436, -126.846817017, -128.223190308, -44.894241333, -39.9473114014, -14.8501033783, -27.6596908569, 16.6873035431, 127.121620178, 309.707763672, 226.903274536, 64.6973648071, -107.975563049], [-89.171585083, -38.0935211182, -44.7995033264, -47.0672798157, -40.2749023438, -81.35131073, -74.0821533203, -77.3234710693, 38.520149231, 226.903274536, 251.548538208, 110.755996704, -50.1971511841], [-97.6524581909, -35.7324028015, -12.0938692093, 6.44631958008, -54.2946968079, -66.678894043, -47.2779693604, -25.2095451355, -11.2498273849, 64.6973648071, 110.755996704, 140.677001953, 75.4073791504], [69.5176696777, 30.66522789, 22.9548187256, -1.80443513393, -42.3089370728, -67.933013916, -29.1668891907, -8.82982063293, -48.3982810974, -107.975563049, -50.1971511841, 75.4073791504, 168.007095337]],
        "icov": [[0.00176511507016, -0.00247120205313, 0.00210219714791, -4.56951020169e-005, 0.000470939994557, 0.000944898056332, 0.000153297252837, 0.00110614730511, -0.00121600797866, 0.00214002025314, -0.00059330125805, 0.000765256991144, 0.00052270089509], [-0.00247120205313, 0.00916970521212, -0.00454354379326, 0.00196965644136, -0.00299269822426, 0.00244857138023, -0.00155936728697, 1.35709551614e-005, 0.00336275831796, -0.00314077548683, 0.00248110177927, -0.000572739867494, -9.42333572311e-005], [0.00210219714791, -0.00454354379326, 0.00740841217339, -0.00342493574135, 0.00391665846109, 5.63323956158e-005, 0.00177098799031, 0.00381471100263, -0.00316541595384, 0.00574447819963, -0.0017705791397, 0.00128963089082, 0.00209967861883], [-4.56951020169e-005, 0.00196965644136, -0.00342493574135, 0.00801700353622, -0.00348244211636, 0.00282932934351, 0.000702441961039, -0.00535693299025, 0.00879568420351, -0.00600674282759, 0.00647343322635, -0.00401425687596, 0.00273013697006], [0.000470939994557, -0.00299269822426, 0.00391665846109, -0.00348244211636, 0.0164571143687, -0.00722014717758, 0.00224455399439, 0.00622900389135, -0.00507289916277, 0.00655381614342, -0.00337232532911, 0.00295172887854, 0.00213905563578], [0.000944898056332, 0.00244857138023, 5.63323956158e-005, 0.00282932934351, -0.00722014717758, 0.0164779424667, -0.00844652578235, -0.00213518599048, 0.00783926993608, -0.00596482539549, 0.00910454895347, -0.00364755047485, 0.00523295160383], [0.000153297252837, -0.00155936728697, 0.00177098799031, 0.000702441961039, 0.00224455399439, -0.00844652578235, 0.0265014376491, -0.0125124175102, 0.00482233893126, 0.00388512690552, -0.00325168203562, 0.00312764523551, 0.00259062927216], [0.00110614730511, 1.35709551614e-005, 0.00381471100263, -0.00535693299025, 0.00622900389135, -0.00213518599048, -0.0125124175102, 0.0273649543524, -0.02000089176, 0.00412862189114, 0.00749002490193, -0.00647972989827, 0.000970232649706], [-0.00121600797866, 0.00336275831796, -0.00316541595384, 0.00879568420351, -0.00507289916277, 0.00783926993608, 0.00482233893126, -0.02000089176, 0.0311233084649, -0.0166432019323, 0.00766638619825, 0.00238802446984, 0.00158280949108], [0.00214002025314, -0.00314077548683, 0.00574447819963, -0.00600674282759, 0.00655381614342, -0.00596482539549, 0.00388512690552, 0.00412862189114, -0.0166432019323, 0.0322631299496, -0.025925911963, 0.0047510471195, 0.00503041828051], [-0.00059330125805, 0.00248110177927, -0.0017705791397, 0.00647343322635, -0.00337232532911, 0.00910454895347, -0.00325168203562, 0.00749002490193, 0.00766638619825, -0.025925911963, 0.0480863042176, -0.0312419403344, 0.0167013369501], [0.000765256991144, -0.000572739867494, 0.00128963089082, -0.00401425687596, 0.00295172887854, -0.00364755047485, 0.00312764523551, -0.00647972989827, 0.00238802446984, 0.0047510471195, -0.0312419403344, 0.0437250435352, -0.0261789672077], [0.00052270089509, -9.42333572311e-005, 0.00209967861883, 0.00273013697006, 0.00213905563578, 0.00523295160383, 0.00259062927216, 0.000970232649706, 0.00158280949108, 0.00503041828051, 0.0167013369501, -0.0261789672077, 0.0290798116475]]
    },
    "melbands": {
        "mean": [8.97850384263e-007, 7.41174699215e-006, 0.000600962259341, 0.00262892711908, 0.00120546238031, 0.000759378192015, 0.000989318359643, 0.000585328962188, 0.000152816879563, 0.000303673441522, 0.000466152443551, 2.64567570412e-005, 1.46901384142e-005, 2.81100947177e-005, 0.000152888766024, 2.62581888819e-005, 7.41385201763e-006, 2.59153193838e-006, 8.28242900752e-006, 2.22294147534e-006, 5.01566228195e-006, 1.78883067292e-006, 6.28936959401e-007, 1.03511034411e-007, 1.18314432029e-007, 1.02426589876e-007, 4.89559006667e-008, 1.87513418126e-008, 2.14057607195e-008, 1.17500489338e-008, 5.53249845936e-009, 2.5739899101e-009, 6.57928600489e-010, 2.19296025783e-010, 1.921390963e-010, 1.32338820458e-010, 7.66340393921e-011, 5.07544978268e-011, 7.90837048625e-011, 1.79491074781e-010],
        "var": [4.40401101004e-012, 1.1491509827e-010, 7.70454789745e-007, 1.22436094898e-005, 2.71930525741e-006, 1.32112086249e-006, 4.7756989261e-006, 2.37360382016e-006, 5.50206280536e-008, 3.12240871381e-007, 1.6582354192e-006, 1.14294107512e-009, 3.51576490143e-010, 3.59948981732e-009, 2.46420285066e-007, 3.32999050556e-009, 3.47390810562e-010, 4.43861197796e-011, 1.87196078083e-010, 1.3525580829e-011, 1.35116431932e-010, 8.1585363465e-012, 1.48302539953e-012, 3.01817354746e-014, 4.62816430687e-014, 4.08232238432e-014, 1.12585374712e-014, 1.31482425655e-015, 1.74142265956e-015, 4.11075571335e-016, 5.31895795066e-017, 1.14731588779e-017, 5.70065167621e-019, 1.87434556632e-018, 1.94443278641e-018, 1.64400709519e-018, 2.20668109384e-019, 1.26808119148e-019, 1.62977048966e-018, 1.50157331455e-018]
    },
    "mfcc": {
        "mean": [-812.008300781, 222.124252319, -35.4802055359, -15.472571373, -7.18339014053, -23.5323162079, -15.7420063019, -20.910402298, -13.1739339828, -19.0110588074, -20.6629199982, -7.51313877106, -12.1756563187],
        "cov": [[1077.72546387, 568.538085938, -277.931549072, -39.2819137573, -51.555683136, -123.725784302, -103.11630249, -106.078056335, -24.0913848877, -89.3672180176, -139.928787231, -97.4584197998, -79.206817627], [568.538085938, 489.810546875, 49.7406539917, -23.3549232483, -11.6310434341, -60.4363327026, -80.7503204346, -87.4612503052, -82.4259109497, -107.90927887, -146.595870972, -121.368034363, -79.6280975342], [-277.931549072, 49.7406539917, 399.111297607, 147.533355713, 32.1992759705, 32.297252655, 11.7300701141, -19.9043445587, -88.1232223511, -82.107460022, -78.6792678833, -84.0863571167, -41.0941543579], [-39.2819137573, -23.3549232483, 147.533355713, 207.32321167, 45.7186012268, 0.233982950449, 15.2240095139, -15.7922706604, -33.888961792, -52.0261878967, -47.6267814636, -44.7200164795, -24.3495349884], [-51.555683136, -11.6310434341, 32.1992759705, 45.7186012268, 88.7216339111, 58.5777893066, 15.3274898529, -6.88008546829, -30.5017910004, -12.9779129028, -2.40982055664, -8.04780006409, -2.14738631248], [-123.725784302, -60.4363327026, 32.297252655, 0.233982950449, 58.5777893066, 123.435279846, 86.4103622437, 12.9104728699, -28.0127048492, -2.30146861076, 24.4028530121, 10.4852924347, -0.753796935081], [-103.11630249, -80.7503204346, 11.7300701141, 15.2240095139, 15.3274898529, 86.4103622437, 131.593612671, 83.354095459, 23.3687934875, 12.3600902557, 10.0786876678, -8.64791679382, -27.2421894073], [-106.078056335, -87.4612503052, -19.9043445587, -15.7922706604, -6.88008546829, 12.9104728699, 83.354095459, 185.056945801, 178.684677124, 71.7755126953, -11.1545124054, -42.8247947693, -70.2780990601], [-24.0913848877, -82.4259109497, -88.1232223511, -33.888961792, -30.5017910004, -28.0127048492, 23.3687934875, 178.684677124, 269.459259033, 139.404693604, 8.71949577332, -27.5027332306, -63.3531150818], [-89.3672180176, -107.90927887, -82.107460022, -52.0261878967, -12.9779129028, -2.30146861076, 12.3600902557, 71.7755126953, 139.404693604, 152.467895508, 110.357688904, 68.2572555542, 31.9399032593], [-139.928787231, -146.595870972, -78.6792678833, -47.6267814636, -2.40982055664, 24.4028530121, 10.0786876678, -11.1545124054, 8.71949577332, 110.357688904, 204.498825073, 188.935043335, 124.38318634], [-97.4584197998, -121.368034363, -84.0863571167, -44.7200164795, -8.04780006409, 10.4852924347, -8.64791679382, -42.8247947693, -27.5027332306, 68.2572555542, 188.935043335, 228.562393188, 168.422485352], [-79.206817627, -79.6280975342, -41.0941543579, -24.3495349884, -2.14738631248, -0.753796935081, -27.2421894073, -70.2780990601, -63.3531150818, 31.9399032593, 124.38318634, 168.422485352, 179.265075684]],
        "icov": [[0.0493196807802, -0.0671047493815, 0.0619420185685, -0.0546699091792, 0.0457858890295, -0.0349302589893, 0.0241364780813, -0.0153092546389, 0.00979007873684, -0.00593770574778, 0.00268957321532, -0.00045227719238, -9.80011682259e-005], [-0.0671047493815, 0.0984991341829, -0.0982473120093, 0.103959135711, -0.107602886856, 0.107704870403, -0.100527457893, 0.0918820798397, -0.0780098065734, 0.0618318207562, -0.0398780070245, 0.0222731586546, -0.00623250333592], [0.0619420185685, -0.0982473120093, 0.131224006414, -0.174103274941, 0.22134026885, -0.260388404131, 0.279726922512, -0.27480840683, 0.253467828035, -0.207648396492, 0.147935822606, -0.0843552798033, 0.0296734664589], [-0.0546699091792, 0.103959135711, -0.174103274941, 0.282520532608, -0.393930435181, 0.489587396383, -0.545477688313, 0.546798586845, -0.510330736637, 0.425455749035, -0.305237680674, 0.179183259606, -0.0634176507592], [0.0457858890295, -0.107602886856, 0.22134026885, -0.393930435181, 0.598092138767, -0.752282440662, 0.845324039459, -0.851081490517, 0.797673285007, -0.664603710175, 0.479622364044, -0.280582815409, 0.0996146127582], [-0.0349302589893, 0.107704870403, -0.260388404131, 0.489587396383, -0.752282440662, 0.982242107391, -1.10976099968, 1.11616146564, -1.04422402382, 0.871969163418, -0.633262932301, 0.372037142515, -0.131274059415], [0.0241364780813, -0.100527457893, 0.279726922512, -0.545477688313, 0.845324039459, -1.10976099968, 1.28053593636, -1.29451012611, 1.21231937408, -1.00792908669, 0.729934155941, -0.431370913982, 0.155445560813], [-0.0153092546389, 0.0918820798397, -0.27480840683, 0.546798586845, -0.851081490517, 1.11616146564, -1.29451012611, 1.3345528841, -1.25160157681, 1.03787636757, -0.751171529293, 0.444136768579, -0.157022550702], [0.00979007873684, -0.0780098065734, 0.253467828035, -0.510330736637, 0.797673285007, -1.04422402382, 1.21231937408, -1.25160157681, 1.19664180279, -1.00736141205, 0.733396649361, -0.436184287071, 0.16050131619], [-0.00593770574778, 0.0618318207562, -0.207648396492, 0.425455749035, -0.664603710175, 0.871969163418, -1.00792908669, 1.03787636757, -1.00736141205, 0.875234425068, -0.645445048809, 0.385640442371, -0.141972586513], [0.00268957321532, -0.0398780070245, 0.147935822606, -0.305237680674, 0.479622364044, -0.633262932301, 0.729934155941, -0.751171529293, 0.733396649361, -0.645445048809, 0.504619836807, -0.310824155807, 0.111528545618], [-0.00045227719238, 0.0222731586546, -0.0843552798033, 0.179183259606, -0.280582815409, 0.372037142515, -0.431370913982, 0.444136768579, -0.436184287071, 0.385640442371, -0.310824155807, 0.211457565427, -0.0844005793333], [-9.80011682259e-005, -0.00623250333592, 0.0296734664589, -0.0634176507592, 0.0996146127582, -0.131274059415, 0.155445560813, -0.157022550702, 0.16050131619, -0.141972586513, 0.111528545618, -0.0844005793333, 0.0475892387331]]
    },
    "spectral_contrast_coeffs": {
        "mean": [-0.426159411669, -0.568210065365, -0.705744802952, -0.745432257652, -0.787449836731, -0.763238728046],
        "var": [0.0205161329359, 0.0112759443, 0.00900307483971, 0.00478768534958, 0.00112612498924, 0.00135873851832]
    },
    "spectral_contrast_valleys": {
        "mean": [-9.89480113983, -7.78322935104, -8.13401412964, -8.71864128113, -9.73995304108, -14.1012239456],
        "var": [0.433924108744, 0.547164082527, 0.477355271578, 0.448892891407, 0.394015222788, 0.427689671516]
    }
},
"metadata": {
    "audio_properties": {
        "analysis_sample_rate": 44100,
        "bit_rate": 128074,
        "equal_loudness": 0,
        "length": 45.0612258911,
        "lossless": 0,
        "replay_gain": -5.88265419006,
        "sample_rate": 44100,
        "codec": "mp3",
        "downmix": "mix",
        "md5_encoded": "a92d34654b912deedf3a94f4cce749e4"
    },
    "tags": {
        "file_name": "1113.mp3"
    },
    "version": {
        "essentia": "2.1-beta2",
        "essentia_git_sha": "v2.1_beta2",
        "extractor": "music 1.0"
    }
},
"rhythm": {
    "beats_count": 94,
    "beats_loudness": {
        "mean": 0.0317482836545,
        "var": 0.000358370423783
    },
    "bpm": 129.821136475,
    "bpm_histogram_first_peak_bpm": {
        "mean": 129,
        "var": 0
    },
    "bpm_histogram_first_peak_spread": {
        "mean": 0.424242466688,
        "var": 0
    },
    "bpm_histogram_first_peak_weight": {
        "mean": 0.204301074147,
        "var": 0
    },
    "bpm_histogram_second_peak_bpm": {
        "mean": 136,
        "var": 0
    },
    "bpm_histogram_second_peak_spread": {
        "mean": 0.333333343267,
        "var": 0
    },
    "bpm_histogram_second_peak_weight": {
        "mean": 0.150537639856,
        "var": 0
    },
    "danceability": 1.27148652077,
    "onset_rate": 2.79493546486,
    "beats_loudness_band_ratio": {
        "mean": [0.154033735394, 0.526900708675, 0.365104436874, 0.0586566217244, 0.0068457913585, 0.000188917852938],
        "var": [0.0316806994379, 0.116518720984, 0.10724298656, 0.0117638148367, 4.77685098303e-005, 5.38930002847e-008]
    },
    "beats_position": [0.46439909935, 0.96362811327, 1.46285712719, 1.95047616959, 2.43809509277, 2.92571425438, 3.41333317757, 3.90095233917, 4.38857126236, 4.87619018555, 5.36380958557, 5.85142850876, 6.39709758759, 6.94276618958, 7.4884352684, 8.04571437836, 8.6146030426, 9.21832180023, 9.82204055786, 10.4257593155, 11.0410881042, 11.656416893, 12.2601356506, 12.8638544083, 13.3746938705, 13.9087524414, 14.4195919037, 14.9188203812, 15.4180498123, 15.9172782898, 16.3932876587, 16.8576869965, 17.3104763031, 17.7632656097, 18.2276649475, 18.6920623779, 19.1564617157, 19.6208610535, 20.0852603912, 20.5264396667, 20.9792289734, 21.43201828, 21.8964176178, 22.3608150482, 22.825214386, 23.2780036926, 23.7307929993, 24.195192337, 24.6595916748, 25.1472110748, 25.6348285675, 26.0992279053, 26.563627243, 26.9815864563, 27.3995456696, 27.8175048828, 28.2354640961, 28.6534233093, 29.0713825226, 29.500951767, 29.9421310425, 30.383310318, 30.8244895935, 31.2772789001, 31.7416782379, 32.1828575134, 32.6240348816, 33.0652160645, 33.5180053711, 33.9591827393, 34.3887519836, 34.818321228, 35.2478904724, 35.6890678406, 36.1302490234, 36.5714263916, 37.0126075745, 37.4537849426, 37.8717460632, 38.2897033691, 38.730884552, 39.1604537964, 39.5900230408, 40.0195922852, 40.4839897156, 40.9599990845, 41.4360084534, 41.9004058838, 42.3648071289, 42.8408164978, 43.3052139282, 43.7696151733, 44.22240448, 44.6751937866]
},
"tonal": {
    "chords_changes_rate": 0.0524691343307,
    "chords_number_rate": 0.0102880662307,
    "chords_strength": {
        "mean": 0.560173869133,
        "var": 0.0133210467175
    },
    "hpcp_entropy": {
        "mean": 1.28870093822,
        "var": 0.411702394485
    },
    "key_strength": 0.648749947548,
    "tuning_diatonic_strength": 0.585321426392,
    "tuning_equal_tempered_deviation": 0.109634429216,
    "tuning_frequency": 448.208557129,
    "tuning_nontempered_energy_ratio": 0.780833184719,
    "hpcp": {
        "mean": [0.0254510361701, 0.0840047448874, 0.244449138641, 0.268121153116, 0.10233733058, 0.0274358689785, 0.035789784044, 0.0221960041672, 0.00678691361099, 0.00462298002094, 0.00346052343957, 0.00552255660295, 0.0113406134769, 0.0253346245736, 0.0638431832194, 0.102603942156, 0.101159967482, 0.180606096983, 0.229203686118, 0.12326874584, 0.0814223662019, 0.0827040150762, 0.043042909354, 0.0222835876048, 0.0173357930034, 0.0280640907586, 0.100329995155, 0.19846688211, 0.159086421132, 0.0494558513165, 0.030049579218, 0.0575903393328, 0.143778562546, 0.239088103175, 0.162679150701, 0.040177565068],
        "var": [0.012015719898, 0.0328960679471, 0.12237636745, 0.147460535169, 0.0413098186255, 0.0129084279761, 0.0287603717297, 0.0126133076847, 0.000854801037349, 0.000232780294027, 0.000121955061331, 0.000270801829174, 0.00211876491085, 0.00837037619203, 0.0286451801658, 0.0537373274565, 0.0392000637949, 0.0809937044978, 0.123889647424, 0.0437990948558, 0.0454817079008, 0.0502619817853, 0.0181753449142, 0.00803184043616, 0.00507862865925, 0.00908152665943, 0.0457000508904, 0.108895555139, 0.0920113548636, 0.0183377210051, 0.0178903080523, 0.0314180850983, 0.0739316493273, 0.143756777048, 0.0920777618885, 0.014237947762]
    },
    "chords_histogram": [48.5596694946, 0.102880656719, 0, 0, 0, 3.49794244766, 0, 10.2880659103, 1.13168728352, 8.12757205963, 8.23045253754, 0, 0, 0, 0, 0, 0, 6.68724298477, 0, 1.44032919407, 0, 0, 10.9053497314, 1.02880656719],
    "thpcp": [1, 0.381683170795, 0.102326385677, 0.133483633399, 0.0827834904194, 0.0253128614277, 0.0172421317548, 0.0129065662622, 0.0205972436816, 0.0422965995967, 0.0944894626737, 0.238113194704, 0.382677525282, 0.377292007208, 0.673598825932, 0.854851186275, 0.459750175476, 0.303677529097, 0.308457642794, 0.160535305738, 0.0831101462245, 0.0646565631032, 0.104669436812, 0.374196499586, 0.74021345377, 0.593337833881, 0.184453368187, 0.112074628472, 0.214792221785, 0.536244750023, 0.891716659069, 0.606737494469, 0.149848550558, 0.0949236378074, 0.313308894634, 0.911711513996],
    "chords_key": "D#",
    "chords_scale": "minor",
    "key_key": "D#",
    "key_scale": "minor"
}
}