{
"lowlevel": {
    "average_loudness": 0.917134940624,
    "barkbands_crest": {
        "mean": 14.6722097397,
        "var": 19.6865062714
    },
    "barkbands_flatness_db": {
        "mean": 0.336503565311,
        "var": 0.0045444839634
    },
    "barkbands_kurtosis": {
        "mean": 11.3646755219,
        "var": 155.113815308
    },
    "barkbands_skewness": {
        "mean": 1.97675764561,
        "var": 1.89543950558
    },
    "barkbands_spread": {
        "mean": 3.30054998398,
        "var": 4.41941928864
    },
    "dissonance": {
        "mean": 0.39586097002,
        "var": 0.00354350171983
    },
    "dynamic_complexity": 3.94829320908,
    "erbbands_crest": {
        "mean": 12.2273588181,
        "var": 15.8637418747
    },
    "erbbands_flatness_db": {
        "mean": 0.297754466534,
        "var": 0.00226923497394
    },
    "erbbands_kurtosis": {
        "mean": 3.48157143593,
        "var": 13.9867286682
    },
    "erbbands_skewness": {
        "mean": 1.34524357319,
        "var": 0.643697857857
    },
    "erbbands_spread": {
        "mean": 13.3985834122,
        "var": 53.6252784729
    },
    "hfc": {
        "mean": 7.30864906311,
        "var": 63.6288909912
    },
    "melbands_crest": {
        "mean": 15.9766988754,
        "var": 21.916135788
    },
    "melbands_flatness_db": {
        "mean": 0.444257676601,
        "var": 0.00612550647929
    },
    "melbands_kurtosis": {
        "mean": 12.8680744171,
        "var": 183.730651855
    },
    "melbands_skewness": {
        "mean": 2.12367534637,
        "var": 1.54660761356
    },
    "melbands_spread": {
        "mean": 4.10752820969,
        "var": 13.5932264328
    },
    "pitch_salience": {
        "mean": 0.51023966074,
        "var": 0.0182873476297
    },
    "silence_rate_20dB": {
        "mean": 1,
        "var": 0
    },
    "silence_rate_30dB": {
        "mean": 0.896498441696,
        "var": 0.0927883610129
    },
    "silence_rate_60dB": {
        "mean": 0.0700308978558,
        "var": 0.0651276260614
    },
    "spectral_centroid": {
        "mean": 327.451721191,
        "var": 59556.2382813
    },
    "spectral_complexity": {
        "mean": 7.43305873871,
        "var": 5.9025478363
    },
    "spectral_decrease": {
        "mean": -9.44217326548e-009,
        "var": 1.37415028536e-016
    },
    "spectral_energy": {
        "mean": 0.0362998172641,
        "var": 0.00201100064442
    },
    "spectral_energyband_high": {
        "mean": 1.27493717628e-006,
        "var": 2.68594478256e-012
    },
    "spectral_energyband_low": {
        "mean": 0.0190536584705,
        "var": 0.00143574830145
    },
    "spectral_energyband_middle_high": {
        "mean": 0.000443962577265,
        "var": 1.33551316139e-006
    },
    "spectral_energyband_middle_low": {
        "mean": 0.0187526680529,
        "var": 0.000466889410745
    },
    "spectral_entropy": {
        "mean": 5.82111263275,
        "var": 0.227505877614
    },
    "spectral_flux": {
        "mean": 0.0511576794088,
        "var": 0.00140753737651
    },
    "spectral_kurtosis": {
        "mean": 49.9571456909,
        "var": 934.108154297
    },
    "spectral_rms": {
        "mean": 0.00504683190957,
        "var": 9.94395395537e-006
    },
    "spectral_rolloff": {
        "mean": 365.021392822,
        "var": 196051.953125
    },
    "spectral_skewness": {
        "mean": 5.09232854843,
        "var": 3.02291083336
    },
    "spectral_spread": {
        "mean": 1481508.5,
        "var": 1.05659603354e+012
    },
    "spectral_strongpeak": {
        "mean": 0.761546969414,
        "var": 0.35364574194
    },
    "zerocrossingrate": {
        "mean": 0.014157641679,
        "var": 0.000140839547385
    },
    "barkbands": {
        "mean": [4.03315862059e-005, 0.0148392738774, 0.0023945546709, 0.00449469033629, 0.00706476764753, 0.00426362780854, 0.00167978659738, 0.000255947641563, 0.000617613841314, 0.000423188612331, 5.48798925593e-005, 3.06999863824e-005, 4.92613835377e-005, 4.61260387965e-005, 1.79397466127e-005, 1.12122734208e-005, 9.1849187811e-006, 3.05745470541e-006, 1.6817608639e-006, 1.14314309485e-006, 4.08823552789e-007, 2.17350788034e-007, 1.24424516912e-007, 6.33793817428e-008, 7.36487493214e-008, 3.36211627427e-008, 2.00430871899e-009],
        "var": [7.68020758102e-009, 0.00110132468399, 3.22467749356e-005, 6.54324612697e-005, 0.000140961870784, 4.44327088189e-005, 7.96906988398e-006, 3.9198832269e-007, 1.09603734018e-005, 5.82431948715e-006, 6.65791155541e-009, 6.22642559733e-009, 4.96187713139e-009, 3.47408990464e-009, 4.96903573843e-010, 3.71935787724e-010, 3.9233991056e-010, 2.26608367487e-011, 1.52440005063e-011, 7.38785768672e-012, 3.00618633719e-013, 8.08596421699e-014, 1.62620025952e-014, 1.24342310604e-014, 1.06391329394e-013, 2.73133735952e-014, 8.24966084617e-018]
    },
    "erbbands": {
        "mean": [0.152904421091, 4.07099437714, 5.48566913605, 8.31485939026, 19.1879291534, 26.1354980469, 20.2582702637, 41.8163261414, 32.1120605469, 18.2170886993, 7.09449768066, 13.6798362732, 19.9966526031, 2.79292297363, 1.95010626316, 1.5495095253, 2.51275539398, 2.40830993652, 1.33612072468, 0.912776887417, 0.531890511513, 0.513253748417, 0.197348028421, 0.0938207432628, 0.0861746892333, 0.0529959648848, 0.0215436667204, 0.0132489642128, 0.00789523310959, 0.00542186619714, 0.00330081325956, 0.00158449157607, 0.00108613853808, 0.00106805143878, 0.00036696929601, 0.000205863863812, 5.55180231459e-005, 6.72997975926e-006, 1.66402933246e-005, 3.96980212827e-005],
        "var": [0.11249320209, 82.6892852783, 132.366088867, 199.453948975, 561.688842773, 2329.45239258, 1263.0135498, 4784.73583984, 2205.8894043, 2316.33789063, 880.900817871, 6256.62255859, 10990.7001953, 72.3541870117, 7.34702157974, 9.86984920502, 13.89083004, 8.80146312714, 3.21911501884, 1.31733417511, 0.872562408447, 1.08214449883, 0.103852927685, 0.0204439945519, 0.047033213079, 0.0106370327994, 0.000879027647898, 0.000356206030119, 0.000103368118289, 3.62972205039e-005, 1.33663497763e-005, 4.15867543779e-006, 7.87441513239e-006, 2.52145600825e-005, 1.5665104911e-006, 9.21337289128e-007, 4.17895194005e-008, 2.1892460067e-010, 4.07417738435e-010, 2.37875319442e-009]
    },
    "gfcc": {
        "mean": [-160.663543701, 214.417022705, -85.8346557617, 2.97630667686, -36.206287384, -12.6285715103, -32.1233711243, -18.8868198395, -10.5407238007, -8.74172973633, -3.550791502, -9.50408267975, -2.28200006485],
        "cov": [[2322.46630859, 465.832092285, -115.340858459, 26.051197052, 146.238479614, -135.397583008, 120.888320923, -26.1608428955, 104.039886475, -10.7742185593, -5.44748163223, -83.4189987183, 92.8749084473], [465.832092285, 545.886291504, 104.455383301, -95.9557418823, 84.1905517578, -101.500816345, 216.706848145, -109.248703003, 106.560150146, -27.803237915, 18.7709350586, -58.2131004333, 76.5614089966], [-115.340858459, 104.455383301, 704.662414551, 56.2955093384, 164.657592773, 174.878875732, 124.018424988, 105.284721375, 35.6876754761, 38.4835853577, 100.597343445, 31.3074493408, -2.22511506081], [26.051197052, -95.9557418823, 56.2955093384, 240.896911621, 153.288879395, 66.3619918823, 30.9720439911, 63.1336250305, 43.4875144958, 24.6495761871, 3.14218425751, -9.08285427094, -2.90053844452], [146.238479614, 84.1905517578, 164.657592773, 153.288879395, 267.867645264, 80.1705551147, 102.960693359, 78.0996932983, 84.9334945679, 28.710187912, 18.1863288879, -10.8251829147, 24.9464836121], [-135.397583008, -101.500816345, 174.878875732, 66.3619918823, 80.1705551147, 173.969100952, 25.5270633698, 96.8503723145, 2.82393050194, 36.7907295227, 24.7754669189, 25.9934654236, -16.0093746185], [120.888320923, 216.706848145, 124.018424988, 30.9720439911, 102.960693359, 25.5270633698, 210.946899414, 8.99848175049, 83.5482711792, 2.18961167336, 0.40734025836, -44.647693634, 37.6290931702], [-26.1608428955, -109.248703003, 105.284721375, 63.1336250305, 78.0996932983, 96.8503723145, 8.99848175049, 155.138366699, 33.0277748108, 42.811920166, 22.6787128448, 31.133020401, -11.6893730164], [104.039886475, 106.560150146, 35.6876754761, 43.4875144958, 84.9334945679, 2.82393050194, 83.5482711792, 33.0277748108, 120.222991943, 46.0618133545, 22.8344097137, -9.12875747681, 15.1965274811], [-10.7742185593, -27.803237915, 38.4835853577, 24.6495761871, 28.710187912, 36.7907295227, 2.18961167336, 42.811920166, 46.0618133545, 84.8395767212, 53.6199226379, 21.3182754517, -13.3916397095], [-5.44748163223, 18.7709350586, 100.597343445, 3.14218425751, 18.1863288879, 24.7754669189, 0.40734025836, 22.6787128448, 22.8344097137, 53.6199226379, 105.543701172, 53.9539451599, -5.32516098022], [-83.4189987183, -58.2131004333, 31.3074493408, -9.08285427094, -10.8251829147, 25.9934654236, -44.647693634, 31.133020401, -9.12875747681, 21.3182754517, 53.9539451599, 80.0737228394, 7.20998573303], [92.8749084473, 76.5614089966, -2.22511506081, -2.90053844452, 24.9464836121, -16.0093746185, 37.6290931702, -11.6893730164, 15.1965274811, -13.3916397095, -5.32516098022, 7.20998573303, 59.8094406128]],
        "icov": [[0.000664607388899, -0.00120255828369, 0.000293805642286, -0.000567877141293, 9.65847430052e-005, 5.83956061746e-005, 0.000844234775286, -0.00106816051994, 0.000541969086044, -0.000241623492911, -0.000307247479213, 0.000906336819753, -0.000602250744123], [-0.00120255828369, 0.012239058502, -0.00156739365775, 0.00708327814937, -0.00457641948014, 0.00348087865859, -0.00726776663214, 0.00732552399859, -0.00596553552896, 0.00418491801247, -0.00447473162785, 0.00188880856149, -0.00284303701483], [0.000293805642286, -0.00156739365775, 0.00289482832886, -0.000229088531341, -0.000494015577715, -0.00239091413096, -2.84045381704e-005, -0.00153640576173, 0.00131860270631, 0.00116621970665, -0.0028578506317, 0.0010220076656, 0.000478852598462], [-0.000567877141293, 0.00708327814937, -0.000229088531341, 0.0113656986505, -0.00705444905907, 0.000746417616028, -0.00311183976009, 0.00366625469178, -0.00380223221146, 0.00248158513568, -0.00292120990343, 0.00253262696788, -0.000869844516274], [9.65847430052e-005, -0.00457641948014, -0.000494015577715, -0.00705444905907, 0.0114098163322, -0.00313590257429, 0.00208106124774, -0.00403242278844, -0.00150325207505, -4.00816534238e-005, 0.000945741077885, 0.000836596591398, -0.00199175695889], [5.83956061746e-005, 0.00348087865859, -0.00239091413096, 0.000746417616028, -0.00313590257429, 0.0150744589046, -0.005422714632, -0.00281460862607, 0.00441044569016, -0.00477959541604, 0.00290009076707, -0.00400871876627, 0.0021560122259], [0.000844234775286, -0.00726776663214, -2.84045381704e-005, -0.00311183976009, 0.00208106124774, -0.005422714632, 0.0162248741835, -0.0038646759931, -0.00388961099088, 0.00202103983611, -0.00160711479839, 0.00841083005071, -0.0051584802568], [-0.00106816051994, 0.00732552399859, -0.00153640576173, 0.00366625469178, -0.00403242278844, -0.00281460862607, -0.0038646759931, 0.0173942875117, -0.00650242716074, -0.000375836301828, 0.00214504078031, -0.00554962921888, 0.00158958509564], [0.000541969086044, -0.00596553552896, 0.00131860270631, -0.00380223221146, -0.00150325207505, 0.00441044569016, -0.00388961099088, -0.00650242716074, 0.0239806417376, -0.0140436151996, 0.00362671609037, -0.00205351179466, 0.000976295850705], [-0.000241623492911, 0.00418491801247, 0.00116621970665, 0.00248158513568, -4.00816534238e-005, -0.00477959541604, 0.00202103983611, -0.000375836301828, -0.0140436151996, 0.0307222157717, -0.0168137829751, 0.00692212628201, 0.000689846114255], [-0.000307247479213, -0.00447473162785, -0.0028578506317, -0.00292120990343, 0.000945741077885, 0.00290009076707, -0.00160711479839, 0.00214504078031, 0.00362671609037, -0.0168137829751, 0.0313891023397, -0.0223630741239, 0.0085737509653], [0.000906336819753, 0.00188880856149, 0.0010220076656, 0.00253262696788, 0.000836596591398, -0.00400871876627, 0.00841083005071, -0.00554962921888, -0.00205351179466, 0.00692212628201, -0.0223630741239, 0.0373772792518, -0.0158879309893], [-0.000602250744123, -0.00284303701483, 0.000478852598462, -0.000869844516274, -0.00199175695889, 0.0021560122259, -0.0051584802568, 0.00158958509564, 0.000976295850705, 0.000689846114255, 0.0085737509653, -0.0158879309893, 0.0288189873099]]
    },
    "melbands": {
        "mean": [0.00289565417916, 0.00416338583454, 0.00186680932529, 0.00155117583927, 0.000906930596102, 0.000913085590582, 0.000475500535686, 0.000158262468176, 6.54101459077e-005, 8.50049618748e-005, 9.73769783741e-005, 8.6627796918e-006, 8.0572663137e-006, 2.8689823921e-006, 5.38683252671e-006, 4.91710170536e-006, 4.44284114565e-006, 2.37195490627e-006, 1.12663167329e-006, 1.07129380922e-006, 5.27140400663e-007, 5.93410277361e-007, 2.93201537716e-007, 1.15680549584e-007, 6.63752857122e-008, 7.21069213228e-008, 5.31197059672e-008, 2.93360198356e-008, 1.41193590153e-008, 9.25801924012e-009, 6.9596044483e-009, 4.59425386623e-009, 3.71892783235e-009, 2.68903077583e-009, 2.09502015736e-009, 1.24850696448e-009, 8.02592436955e-010, 6.20588913591e-010, 1.08225739481e-009, 7.88792586803e-010],
        "var": [4.15392059949e-005, 8.19634078653e-005, 7.65098320699e-006, 4.92316758027e-006, 2.6806023925e-006, 2.12116242437e-006, 5.01066097058e-007, 1.89721831134e-007, 1.29537653493e-007, 2.0790058386e-007, 2.69439993872e-007, 4.42542447132e-010, 1.42085745947e-010, 1.30421593664e-011, 2.14423312439e-010, 3.18044098002e-011, 3.42959063926e-011, 1.13591870285e-011, 1.7909800162e-012, 2.52953474139e-012, 1.09668426684e-012, 1.79373291394e-012, 3.72505357723e-013, 1.73781904259e-014, 1.27803346519e-014, 3.81697576107e-014, 2.17915370129e-014, 2.83880911162e-015, 3.99879198671e-016, 1.68986209646e-016, 1.05044460081e-016, 3.90625191669e-017, 2.19199950651e-017, 8.14463289661e-018, 6.00653189979e-018, 2.29605113479e-018, 1.25311679627e-018, 1.35386356917e-018, 2.23778147187e-017, 1.59319452753e-017]
    },
    "mfcc": {
        "mean": [-812.301452637, 241.945922852, 20.543762207, 19.4837913513, 15.9115991592, 3.2652566433, -5.55121707916, -9.63128089905, -7.86796998978, -3.80746889114, -2.7833199501, -3.76556038857, -2.53523111343],
        "cov": [[1739.37133789, 443.21697998, -430.292663574, 203.490814209, -114.152801514, -1.4130409956, -72.244720459, -88.198059082, 106.507659912, 47.079624176, -1.21911716461, -95.0030593872, -39.0340576172], [443.21697998, 517.101989746, 155.421829224, -4.18473720551, -21.6260547638, 25.5627861023, 52.8063049316, 2.87345480919, 52.7980232239, 21.951133728, 22.0982379913, 22.0034427643, 3.78598618507], [-430.292663574, 155.421829224, 484.775360107, -19.1466503143, 53.0391273499, 67.6976547241, 121.23349762, 74.4225463867, -0.523689031601, 9.75164222717, 47.6024780273, 78.1991958618, 51.4367141724], [203.490814209, -4.18473720551, -19.1466503143, 203.116989136, 92.4194107056, 58.0520172119, 37.5456390381, 39.9409561157, 65.2928848267, 47.7549324036, 25.2346839905, 10.587143898, 33.1692619324], [-114.152801514, -21.6260547638, 53.0391273499, 92.4194107056, 201.270568848, 62.708820343, 55.6419715881, 70.4438171387, 44.5235214233, 42.2927017212, 35.0102844238, 43.6165390015, 45.6098594666], [-1.4130409956, 25.5627861023, 67.6976547241, 58.0520172119, 62.708820343, 111.161529541, 63.5630989075, 38.449382782, 42.2910194397, 38.6385345459, 27.4652252197, 21.5704193115, 21.4623184204], [-72.244720459, 52.8063049316, 121.23349762, 37.5456390381, 55.6419715881, 63.5630989075, 118.213523865, 62.8767051697, 37.5311088562, 38.3945655823, 25.5196743011, 24.111787796, 23.7708053589], [-88.198059082, 2.87345480919, 74.4225463867, 39.9409561157, 70.4438171387, 38.449382782, 62.8767051697, 107.145454407, 43.470249176, 28.848443985, 24.3015537262, 27.7765712738, 26.3327503204], [106.507659912, 52.7980232239, -0.523689031601, 65.2928848267, 44.5235214233, 42.2910194397, 37.5311088562, 43.470249176, 133.550888062, 74.5573348999, 17.5224304199, -5.48692321777, -4.75239610672], [47.079624176, 21.951133728, 9.75164222717, 47.7549324036, 42.2927017212, 38.6385345459, 38.3945655823, 28.848443985, 74.5573348999, 93.0559082031, 44.0043373108, 6.38607740402, 11.5627403259], [-1.21911716461, 22.0982379913, 47.6024780273, 25.2346839905, 35.0102844238, 27.4652252197, 25.5196743011, 24.3015537262, 17.5224304199, 44.0043373108, 78.0406494141, 54.710773468, 28.5974750519], [-95.0030593872, 22.0034427643, 78.1991958618, 10.587143898, 43.6165390015, 21.5704193115, 24.111787796, 27.7765712738, -5.48692321777, 6.38607740402, 54.710773468, 100.439224243, 63.3185920715], [-39.0340576172, 3.78598618507, 51.4367141724, 33.1692619324, 45.6098594666, 21.4623184204, 23.7708053589, 26.3327503204, -4.75239610672, 11.5627403259, 28.5974750519, 63.3185920715, 81.1397399902]],
        "icov": [[0.00289958436042, -0.00342178484425, 0.00328888744116, -0.00312259444036, 0.00195187912323, -0.000789672427345, 0.00027678211336, 0.000295811943943, -0.000529621553142, 0.00185545999557, -0.00331979198381, 0.00343633978628, -0.0021262250375], [-0.00342178484425, 0.00648037157953, -0.00464890524745, 0.00374563690275, -0.00174721586518, 0.00115824711975, -0.00121291354299, 0.000863121182192, -0.00120654620696, -0.00127501937095, 0.00325464294292, -0.00415574619547, 0.00242530973628], [0.00328888744116, -0.00464890524745, 0.00727612525225, -0.00253646448255, 0.0021001463756, -0.00158061343245, -0.00251798052341, -0.000526960066054, 6.9103189162e-005, 0.0030056857504, -0.00431430479512, 0.00277285277843, -0.00269783334807], [-0.00312259444036, 0.00374563690275, -0.00253646448255, 0.0116024790332, -0.00451323343441, -0.00113248080015, -0.000854582001921, 0.000127657302073, -0.00284973275848, 0.000211412130739, 0.000405950006098, 0.000567849550862, -0.00254983222112], [0.00195187912323, -0.00174721586518, 0.0021001463756, -0.00451323343441, 0.00987850502133, -0.00237972685136, 0.000297494552797, -0.00309734418988, 5.50499644305e-005, -0.000489439058583, -0.000942000129726, -0.000145940313814, -0.00195233232807], [-0.000789672427345, 0.00115824711975, -0.00158061343245, -0.00113248080015, -0.00237972685136, 0.0158030856401, -0.00615737540647, 0.00154761271551, -0.00170696817804, -0.000913945143111, -0.000545476912521, -0.00101939088199, 0.000508235651068], [0.00027678211336, -0.00121291354299, -0.00251798052341, -0.000854582001921, 0.000297494552797, -0.00615737540647, 0.0194973926991, -0.00709617324173, 0.00208034366369, -0.00549687026069, 0.00260740867816, -2.70997625194e-005, 0.000195102140424], [0.000295811943943, 0.000863121182192, -0.000526960066054, 0.000127657302073, -0.00309734418988, 0.00154761271551, -0.00709617324173, 0.0178872086108, -0.00602847430855, 0.00447266083211, -0.00338075705804, 0.00123133230954, -0.00277034169994], [-0.000529621553142, -0.00120654620696, 6.9103189162e-005, -0.00284973275848, 5.50499644305e-005, -0.00170696817804, 0.00208034366369, -0.00602847430855, 0.0205650795251, -0.0184961743653, 0.0109450090677, -0.00753304641694, 0.00855148769915], [0.00185545999557, -0.00127501937095, 0.0030056857504, 0.000211412130739, -0.000489439058583, -0.000913945143111, -0.00549687026069, 0.00447266083211, -0.0184961743653, 0.0393938794732, -0.0278870910406, 0.0198684297502, -0.0127370189875], [-0.00331979198381, 0.00325464294292, -0.00431430479512, 0.000405950006098, -0.000942000129726, -0.000545476912521, 0.00260740867816, -0.00338075705804, 0.0109450090677, -0.0278870910406, 0.0447846464813, -0.0311708897352, 0.0149827068672], [0.00343633978628, -0.00415574619547, 0.00277285277843, 0.000567849550862, -0.000145940313814, -0.00101939088199, -2.70997625194e-005, 0.00123133230954, -0.00753304641694, 0.0198684297502, -0.0311708897352, 0.0440976768732, -0.026881609112], [-0.0021262250375, 0.00242530973628, -0.00269783334807, -0.00254983222112, -0.00195233232807, 0.000508235651068, 0.000195102140424, -0.00277034169994, 0.00855148769915, -0.0127370189875, 0.0149827068672, -0.026881609112, 0.0337586738169]]
    },
    "spectral_contrast_coeffs": {
        "mean": [-0.574522614479, -0.662978947163, -0.757489085197, -0.797821342945, -0.813753604889, -0.799451053143],
        "var": [0.00788575131446, 0.00700800074264, 0.00373838655651, 0.00141248875298, 0.00113652530126, 0.00129669811577]
    },
    "spectral_contrast_valleys": {
        "mean": [-7.30992746353, -7.12603187561, -8.37620258331, -8.99801635742, -10.0865049362, -13.3083381653],
        "var": [0.898723900318, 0.660921216011, 0.535894751549, 0.682018458843, 0.596039354801, 0.327892512083]
    }
},
"metadata": {
    "audio_properties": {
        "analysis_sample_rate": 44100,
        "bit_rate": 128074,
        "equal_loudness": 0,
        "length": 45.0612258911,
        "lossless": 0,
        "replay_gain": -4.03790473938,
        "sample_rate": 44100,
        "codec": "mp3",
        "downmix": "mix",
        "md5_encoded": "03b86f8049a56ba48c64b12f56cfd3e9"
    },
    "tags": {
        "file_name": "1114.mp3"
    },
    "version": {
        "essentia": "2.1-beta2",
        "essentia_git_sha": "v2.1_beta2",
        "extractor": "music 1.0"
    }
},
"rhythm": {
    "beats_count": 96,
    "beats_loudness": {
        "mean": 0.0647933632135,
        "var": 0.00371676753275
    },
    "bpm": 129.984436035,
    "bpm_histogram_first_peak_bpm": {
        "mean": 129,
        "var": 0
    },
    "bpm_histogram_first_peak_spread": {
        "mean": 0.280898869038,
        "var": 0
    },
    "bpm_histogram_first_peak_weight": {
        "mean": 0.673684239388,
        "var": 0
    },
    "bpm_histogram_second_peak_bpm": {
        "mean": 123,
        "var": 0
    },
    "bpm_histogram_second_peak_spread": {
        "mean": 0.33333337307,
        "var": 0
    },
    "bpm_histogram_second_peak_weight": {
        "mean": 0.0421052649617,
        "var": 0
    },
    "danceability": 1.47102487087,
    "onset_rate": 1.70801615715,
    "beats_loudness_band_ratio": {
        "mean": [0.516795694828, 0.449489325285, 0.143484354019, 0.0143759576604, 0.00313306669705, 0.000157656249939],
        "var": [0.0770666375756, 0.080115146935, 0.0205538440496, 0.00020006824343, 5.95483470534e-005, 6.4821676915e-008]
    },
    "beats_position": [0.476009070873, 0.96362811327, 1.45124709606, 1.93886613846, 2.42648530006, 2.92571425438, 3.42494320869, 3.90095233917, 4.3653512001, 4.82975053787, 5.28253936768, 5.73532867432, 6.19972801208, 6.66412687302, 7.12852573395, 7.59292507172, 8.05732440948, 8.52172279358, 8.98612213135, 9.45052146912, 9.91492080688, 10.3677091599, 10.8321084976, 11.2848978043, 11.749297142, 12.2136955261, 12.6664848328, 13.1308841705, 13.5836734772, 14.0480718613, 14.512471199, 14.9768705368, 15.4412698746, 15.9056682587, 16.3700675964, 16.8228569031, 17.2872562408, 17.7516555786, 18.2044448853, 18.6688423157, 19.1332416534, 19.5976409912, 20.062040329, 20.5148296356, 20.9792289734, 21.4436283112, 21.8964176178, 22.3608150482, 22.825214386, 23.2896137238, 23.7424030304, 24.195192337, 24.6595916748, 25.1239910126, 25.5883903503, 26.0527877808, 26.5171871185, 26.9815864563, 27.4459857941, 27.8987751007, 28.3631744385, 28.8275737762, 29.2803630829, 29.7447605133, 30.2091598511, 30.6735591888, 31.1379585266, 31.5907478333, 32.0667572021, 32.5311546326, 32.9839439392, 33.4367332458, 33.901134491, 34.3655319214, 34.8299331665, 35.2827186584, 35.7471199036, 36.1999092102, 36.6643066406, 37.1287078857, 37.5931053162, 38.0575065613, 38.5102958679, 38.9630813599, 39.427482605, 39.8918800354, 40.3562812805, 40.8206787109, 41.2850799561, 41.7494773865, 42.2138786316, 42.6666641235, 43.1310653687, 43.5838546753, 44.0482521057, 44.5126533508]
},
"tonal": {
    "chords_changes_rate": 0.0216049384326,
    "chords_number_rate": 0.00205761310644,
    "chords_strength": {
        "mean": 0.583689987659,
        "var": 0.00398938637227
    },
    "hpcp_entropy": {
        "mean": 1.68243968487,
        "var": 0.590293467045
    },
    "key_strength": 0.676988124847,
    "tuning_diatonic_strength": 0.47315838933,
    "tuning_equal_tempered_deviation": 0.0759983807802,
    "tuning_frequency": 437.465789795,
    "tuning_nontempered_energy_ratio": 0.719599068165,
    "hpcp": {
        "mean": [0.0789839848876, 0.0646581873298, 0.0109845334664, 0.00709269894287, 0.0109075373039, 0.0608005598187, 0.188261166215, 0.170648366213, 0.0661285072565, 0.0778673440218, 0.0655717477202, 0.0226579476148, 0.0204618480057, 0.0262598339468, 0.0164136104286, 0.010816924274, 0.00902000907809, 0.0168230943382, 0.0435646027327, 0.129240483046, 0.405577898026, 0.547650873661, 0.277370482683, 0.0479559116066, 0.0158442240208, 0.00696936063468, 0.04046080634, 0.160969659686, 0.163343310356, 0.211671754718, 0.465861827135, 0.335988342762, 0.0477176532149, 0.00965663325042, 0.00496589904651, 0.0237111207098],
        "var": [0.0320782251656, 0.021270621568, 0.000943832332268, 0.00135692337062, 0.00257993792184, 0.0105886636302, 0.0688241794705, 0.0610471703112, 0.0162984523922, 0.0437789447606, 0.0362046286464, 0.00690323393792, 0.00608127145097, 0.0117561286315, 0.00394562631845, 0.00111771712545, 0.000780322006904, 0.00653305277228, 0.0210690423846, 0.0445673167706, 0.107102222741, 0.154177099466, 0.066338583827, 0.0146846137941, 0.00451749423519, 0.00209009018727, 0.00777400238439, 0.0918150246143, 0.0839866250753, 0.0376180447638, 0.162475496531, 0.100166633725, 0.006527421996, 0.00123359181453, 0.000271860626526, 0.0029462245293]
    },
    "chords_histogram": [82.2016448975, 0, 0, 0, 0, 0, 0, 0, 0, 0, 0, 0, 0, 0, 0, 0, 0, 0, 0, 0, 0, 0, 0, 17.7983531952],
    "thpcp": [1, 0.506473183632, 0.0875665768981, 0.0289312489331, 0.0127259185538, 0.0738806575537, 0.293927520514, 0.298261761665, 0.38650855422, 0.850654780865, 0.613508284092, 0.0871315225959, 0.0176328271627, 0.00906763691455, 0.0432960502803, 0.144223242998, 0.11806461215, 0.0200575478375, 0.0129511319101, 0.019916953519, 0.11102065444, 0.34376129508, 0.311600655317, 0.120749384165, 0.142184272408, 0.119732752442, 0.0413729771972, 0.0373629406095, 0.0479499548674, 0.0299709383398, 0.019751496613, 0.0164703633636, 0.0307186469436, 0.0795481279492, 0.235990643501, 0.740577459335],
    "chords_key": "E",
    "chords_scale": "minor",
    "key_key": "E",
    "key_scale": "minor"
}
}