{
"lowlevel": {
    "average_loudness": 0.023204125464,
    "barkbands_crest": {
        "mean": 15.6475725174,
        "var": 23.374956131
    },
    "barkbands_flatness_db": {
        "mean": 0.425540596247,
        "var": 0.0027408208698
    },
    "barkbands_kurtosis": {
        "mean": 6.49533605576,
        "var": 206.080978394
    },
    "barkbands_skewness": {
        "mean": 0.701585114002,
        "var": 2.79990100861
    },
    "barkbands_spread": {
        "mean": 3.23042464256,
        "var": 6.72597932816
    },
    "dissonance": {
        "mean": 0.309611111879,
        "var": 0.00723416730762
    },
    "dynamic_complexity": 6.87983083725,
    "erbbands_crest": {
        "mean": 16.9512004852,
        "var": 35.5890274048
    },
    "erbbands_flatness_db": {
        "mean": 0.469143897295,
        "var": 0.00289121549577
    },
    "erbbands_kurtosis": {
        "mean": 3.94120335579,
        "var": 47.5628662109
    },
    "erbbands_skewness": {
        "mean": 0.417985349894,
        "var": 1.67983615398
    },
    "erbbands_spread": {
        "mean": 6.75474500656,
        "var": 24.6056499481
    },
    "hfc": {
        "mean": 5.68114614487,
        "var": 101.054374695
    },
    "melbands_crest": {
        "mean": 17.3617420197,
        "var": 29.796880722
    },
    "melbands_flatness_db": {
        "mean": 0.513388335705,
        "var": 0.00297063984908
    },
    "melbands_kurtosis": {
        "mean": 5.39322805405,
        "var": 79.4135513306
    },
    "melbands_skewness": {
        "mean": 0.804808914661,
        "var": 2.22176527977
    },
    "melbands_spread": {
        "mean": 5.69579410553,
        "var": 25.1033306122
    },
    "pitch_salience": {
        "mean": 0.457841426134,
        "var": 0.0170397702605
    },
    "silence_rate_20dB": {
        "mean": 1,
        "var": 0
    },
    "silence_rate_30dB": {
        "mean": 0.991761088371,
        "var": 0.00817103590816
    },
    "silence_rate_60dB": {
        "mean": 0.472708553076,
        "var": 0.249255374074
    },
    "spectral_centroid": {
        "mean": 635.205627441,
        "var": 37172.703125
    },
    "spectral_complexity": {
        "mean": 5.64675569534,
        "var": 24.9905757904
    },
    "spectral_decrease": {
        "mean": -2.66516320124e-009,
        "var": 2.62845093425e-017
    },
    "spectral_energy": {
        "mean": 0.0105742374435,
        "var": 0.00040940742474
    },
    "spectral_energyband_high": {
        "mean": 2.18866972546e-007,
        "var": 2.25068856781e-012
    },
    "spectral_energyband_low": {
        "mean": 0.000264241505647,
        "var": 1.72368982021e-006
    },
    "spectral_energyband_middle_high": {
        "mean": 0.00197491748258,
        "var": 1.74639662873e-005
    },
    "spectral_energyband_middle_low": {
        "mean": 0.00848253723234,
        "var": 0.000320695020491
    },
    "spectral_entropy": {
        "mean": 5.14643621445,
        "var": 0.269072324038
    },
    "spectral_flux": {
        "mean": 0.0199057739228,
        "var": 0.000773950072471
    },
    "spectral_kurtosis": {
        "mean": 148.610916138,
        "var": 4271.97363281
    },
    "spectral_rms": {
        "mean": 0.00240980065428,
        "var": 4.50919105788e-006
    },
    "spectral_rolloff": {
        "mean": 811.964111328,
        "var": 225662.484375
    },
    "spectral_skewness": {
        "mean": 9.04712677002,
        "var": 7.46354103088
    },
    "spectral_spread": {
        "mean": 876778.5,
        "var": 1.39585021542e+012
    },
    "spectral_strongpeak": {
        "mean": 1.15079236031,
        "var": 0.948256850243
    },
    "zerocrossingrate": {
        "mean": 0.0308514796197,
        "var": 0.000201423521503
    },
    "barkbands": {
        "mean": [1.57974696435e-007, 9.10562594072e-005, 9.11980750971e-005, 0.000222947783186, 0.0013812991092, 0.00234378082678, 0.00161305186339, 0.00182347942609, 0.000950987392571, 0.00117056712043, 0.000343130901456, 0.0002772793232, 8.70870862855e-005, 7.72724160925e-005, 5.96142417635e-005, 2.19511421164e-005, 1.15534230645e-005, 5.63598177905e-006, 1.93745563593e-006, 1.46823140312e-007, 1.00250971968e-007, 7.35178717903e-009, 3.03715541605e-009, 2.91956836485e-009, 2.54499754604e-009, 2.04799355252e-009, 7.9838125e-010],
        "var": [1.48701287828e-012, 2.84856781718e-007, 1.81788692544e-007, 1.04229798126e-006, 1.91647468455e-005, 5.86022870266e-005, 1.58453549375e-005, 5.39852298971e-005, 5.17529133504e-006, 1.18877724162e-005, 1.00906663647e-006, 1.19440039725e-006, 6.79788456637e-008, 4.93060596796e-008, 6.69497026706e-008, 6.67910970975e-009, 2.19821516545e-009, 7.41962991047e-010, 1.50405313204e-010, 1.02713215537e-012, 6.93201626743e-013, 8.86059143266e-015, 2.45610480298e-015, 3.8775719899e-015, 2.66367467363e-015, 2.00003367681e-015, 2.40712496398e-016]
    },
    "erbbands": {
        "mean": [0.000981987221166, 0.0263310447335, 0.101014949381, 0.439052373171, 1.82407486439, 4.05108308792, 14.2418985367, 20.5894870758, 25.5967826843, 27.4300613403, 36.8124160767, 19.4729137421, 27.8437366486, 34.5949249268, 12.7162952423, 8.81859588623, 4.77771615982, 3.25620412827, 5.00467157364, 1.38852703571, 1.11326754093, 0.764145553112, 0.359215378761, 0.113668426871, 0.0740336552262, 0.0120041305199, 0.00741754565388, 0.00102490221616, 0.000351148162736, 0.000134722693474, 8.40519933263e-005, 7.01437093085e-005, 5.35376093467e-005, 3.3190321119e-005, 2.59167663899e-005, 1.54486624524e-005, 6.52105791232e-006, 1.92489301298e-006, 5.21189895153e-006, 1.1980594536e-005],
        "var": [5.35141225555e-005, 0.0216910913587, 0.202860966325, 3.91572022438, 65.8148117065, 164.426681519, 1613.63964844, 6703.83691406, 3529.39160156, 5417.03466797, 20526.0410156, 2119.03466797, 3790.69458008, 12124.1748047, 1218.75158691, 952.553833008, 189.20614624, 102.790847778, 303.141265869, 14.0434732437, 18.0659751892, 9.75997161865, 2.72724914551, 0.282472372055, 0.243906036019, 0.00706782843918, 0.00310660921969, 8.32545338199e-005, 1.48407416418e-005, 3.99290229325e-006, 1.85515852991e-006, 1.77485128461e-006, 9.57007387115e-007, 3.06589328147e-007, 1.45617164549e-007, 3.78212590135e-008, 5.92373661235e-009, 1.20609322529e-009, 9.72075753225e-011, 5.19309040214e-010]
    },
    "gfcc": {
        "mean": [-319.141876221, 200.824249268, -151.857711792, -114.492759705, -53.8894233704, -30.5060119629, -45.7758483887, -8.12660312653, -7.15617227554, -11.4592199326, -0.329836934805, -2.32881689072, 5.69595098495],
        "cov": [[9859.94628906, 3223.20532227, -475.739318848, 1183.65795898, 1627.46447754, -1372.77050781, 298.924316406, -100.519500732, -345.76473999, -646.877197266, -89.303855896, -822.872497559, -293.655273438], [3223.20532227, 1387.47399902, 69.0943984985, 273.218780518, 499.447418213, -506.690460205, -29.7423992157, -103.372558594, -71.7808303833, -279.189147949, -64.8228530884, -297.330718994, -63.3629341125], [-475.739318848, 69.0943984985, 538.303405762, 28.9929332733, -194.004043579, 71.072479248, -13.574131012, -72.9133682251, 1.19101786613, 19.7046508789, -90.2051925659, 19.0989665985, 60.2103691101], [1183.65795898, 273.218780518, 28.9929332733, 565.149475098, 302.581604004, -193.498764038, 43.4301261902, -15.3805150986, -114.229698181, -0.503338754177, 5.87223434448, -49.742061615, -31.945306778], [1627.46447754, 499.447418213, -194.004043579, 302.581604004, 498.032012939, -155.44708252, 33.4702262878, -2.19361114502, -44.9413986206, -82.2150650024, 25.6276397705, -120.643829346, -67.8796920776], [-1372.77050781, -506.690460205, 71.072479248, -193.498764038, -155.44708252, 481.901275635, 164.947555542, 36.0647850037, 37.0714645386, 95.074005127, -24.7743167877, 110.163146973, 46.4278678894], [298.924316406, -29.7423992157, -13.574131012, 43.4301261902, 33.4702262878, 164.947555542, 456.238006592, 192.207824707, -43.9910507202, -72.2876968384, -59.4840774536, -117.025787354, -44.705871582], [-100.519500732, -103.372558594, -72.9133682251, -15.3805150986, -2.19361114502, 36.0647850037, 192.207824707, 227.263916016, 74.759437561, -23.4976711273, -13.6511325836, -62.0002632141, -52.9485664368], [-345.76473999, -71.7808303833, 1.19101786613, -114.229698181, -44.9413986206, 37.0714645386, -43.9910507202, 74.759437561, 174.518783569, 66.2037658691, -29.131269455, -32.6559143066, -16.6388015747], [-646.877197266, -279.189147949, 19.7046508789, -0.503338754177, -82.2150650024, 95.074005127, -72.2876968384, -23.4976711273, 66.2037658691, 190.326049805, 54.9946098328, 64.0625, -13.6793279648], [-89.303855896, -64.8228530884, -90.2051925659, 5.87223434448, 25.6276397705, -24.7743167877, -59.4840774536, -13.6511325836, -29.131269455, 54.9946098328, 146.623855591, 86.2158279419, -42.9656295776], [-822.872497559, -297.330718994, 19.0989665985, -49.742061615, -120.643829346, 110.163146973, -117.025787354, -62.0002632141, -32.6559143066, 64.0625, 86.2158279419, 231.51663208, 72.8174743652], [-293.655273438, -63.3629341125, 60.2103691101, -31.945306778, -67.8796920776, 46.4278678894, -44.705871582, -52.9485664368, -16.6388015747, -13.6793279648, -42.9656295776, 72.8174743652, 134.875030518]],
        "icov": [[0.00174255471211, -0.0034337232355, 0.00193103239872, -0.000644576328341, -0.000891699455678, 0.00205945572816, -0.00271142320707, 0.00131974718533, 0.000604590459261, -0.0018685576506, 0.00240740575828, -0.00163582118694, 0.00116292200983], [-0.0034337232355, 0.0121137341484, -0.0068837814033, 0.00277065299451, -0.00313592585735, 0.000514976622071, 0.00242816819809, 0.00266087381169, -0.00510175200179, 0.00839859433472, -0.00716867437586, 0.00507136713713, -0.00276113115251], [0.00193103239872, -0.0068837814033, 0.00729849282652, -0.0041017155163, 0.00475604692474, -0.00152931350749, -0.00165957142599, 0.00127005856484, 9.86342856777e-005, -0.00226070173085, 0.00365733844228, -0.0019887550734, 0.00163095386233], [-0.000644576328341, 0.00277065299451, -0.0041017155163, 0.00918722711504, -0.00791545491666, 0.00559813855216, -0.000977300456725, -0.00362468278036, 0.0072630699724, -0.00766618363559, 0.00650800438598, -0.00416843732819, 0.000689846638124], [-0.000891699455678, -0.00313592585735, 0.00475604692474, -0.00791545491666, 0.0135998623446, -0.00912396609783, 0.00471046753228, -0.000701118959114, -0.00368242384866, 0.00543649494648, -0.00690510496497, 0.00521237589419, -0.00105796707794], [0.00205945572816, 0.000514976622071, -0.00152931350749, 0.00559813855216, -0.00912396609783, 0.0148849152029, -0.0113607291132, 0.00661816215143, -0.0010575177148, -0.0057876277715, 0.00856581330299, -0.00910940766335, 0.00278058997355], [-0.00271142320707, 0.00242816819809, -0.00165957142599, -0.000977300456725, 0.00471046753228, -0.0113607291132, 0.0164744071662, -0.0140135651454, 0.00899103749543, 0.00149215373676, -0.00383550697006, 0.00902158115059, -0.00284465169534], [0.00131974718533, 0.00266087381169, 0.00127005856484, -0.00362468278036, -0.000701118959114, 0.00661816215143, -0.0140135651454, 0.024775641039, -0.0198053773493, 0.0116488942876, -0.00585376471281, -0.00145926803816, 0.00280954292975], [0.000604590459261, -0.00510175200179, 9.86342856777e-005, 0.0072630699724, -0.00368242384866, -0.0010575177148, 0.00899103749543, -0.0198053773493, 0.029179951176, -0.0192756988108, 0.0142651600763, -0.00125973520335, 0.001180847059], [-0.0018685576506, 0.00839859433472, -0.00226070173085, -0.00766618363559, 0.00543649494648, -0.0057876277715, 0.00149215373676, 0.0116488942876, -0.0192756988108, 0.0275579430163, -0.0190639048815, 0.00950373336673, -0.0019201397663], [0.00240740575828, -0.00716867437586, 0.00365733844228, 0.00650800438598, -0.00690510496497, 0.00856581330299, -0.00383550697006, -0.00585376471281, 0.0142651600763, -0.0190639048815, 0.0330280028284, -0.0197765342891, 0.0128141036257], [-0.00163582118694, 0.00507136713713, -0.0019887550734, -0.00416843732819, 0.00521237589419, -0.00910940766335, 0.00902158115059, -0.00145926803816, -0.00125973520335, 0.00950373336673, -0.0197765342891, 0.0236351564527, -0.0113540086895], [0.00116292200983, -0.00276113115251, 0.00163095386233, 0.000689846638124, -0.00105796707794, 0.00278058997355, -0.00284465169534, 0.00280954292975, 0.001180847059, -0.0019201397663, 0.0128141036257, -0.0113540086895, 0.0169177129865]]
    },
    "melbands": {
        "mean": [1.74458818947e-005, 4.7710713261e-005, 0.000111650042527, 0.000188983351109, 0.000430722808233, 0.000443251396064, 0.000391191540984, 0.000349503330654, 0.000268841657089, 0.000120906319353, 0.000145385332871, 0.000153530272655, 4.19422030973e-005, 3.86570500268e-005, 1.09194761535e-005, 8.52463563206e-006, 5.69918074689e-006, 8.40602569951e-006, 3.25160476677e-006, 1.42321084695e-006, 1.21210155157e-006, 6.43036457859e-007, 7.53307801915e-007, 1.11511958778e-007, 8.40416447545e-008, 7.25759363718e-008, 1.83881585514e-008, 5.67823388309e-009, 5.53663115355e-009, 1.67321101419e-009, 2.35682751093e-010, 2.18565054944e-010, 8.41288080866e-011, 6.70402136582e-011, 4.60157675852e-011, 3.69856541227e-011, 3.88435256182e-011, 3.41405584359e-011, 2.60152975551e-011, 2.04516525243e-011],
        "var": [1.26933779043e-008, 4.88460933923e-008, 2.47651797736e-007, 5.48993909888e-007, 1.39114115427e-006, 2.80594144897e-006, 8.37552590838e-007, 1.11902704703e-006, 9.12701921152e-007, 9.48515435084e-008, 1.1081184681e-007, 2.42542370188e-007, 1.33058923879e-008, 2.44940032701e-008, 9.69864744071e-010, 6.9324757046e-010, 3.39026640095e-010, 7.65706997807e-010, 1.53392992752e-010, 2.71233851351e-011, 2.50397862167e-011, 8.42560743397e-012, 1.32654850646e-011, 1.68556724025e-013, 1.6886961122e-013, 2.88913532855e-013, 1.36538754952e-014, 1.90083426023e-015, 1.86891107076e-015, 2.11434048188e-016, 6.655904663e-018, 6.32435702501e-018, 1.87126307776e-018, 1.03724426648e-018, 6.32540206432e-019, 5.94453295512e-019, 6.91256691636e-019, 5.3787729524e-019, 2.91537480449e-019, 1.94737302575e-019]
    },
    "mfcc": {
        "mean": [-905.681274414, 192.761627197, -14.3441953659, -65.2241210938, -34.1847877502, -28.6350250244, -29.1897907257, -17.2753105164, -8.73956680298, -7.49503612518, -7.48925733566, -5.69917917252, 0.0534363612533],
        "cov": [[6310.34912109, 3857.86352539, -1061.15014648, 757.182495117, 1333.40441895, -129.662628174, -41.4708824158, 129.564361572, -216.324554443, -182.359893799, -15.9482097626, -108.541976929, -459.167816162], [3857.86352539, 2592.41479492, -449.005126953, 333.304992676, 742.815124512, -75.9793014526, -99.9978027344, 56.2319412231, -100.718582153, -107.009994507, -23.068403244, -95.283531189, -332.44442749], [-1061.15014648, -449.005126953, 488.254669189, -70.9460144043, -295.683685303, -1.60350477695, -10.0331192017, -21.9470005035, 76.779838562, 57.4453239441, -14.3086252213, -13.2419481277, 28.0498447418], [757.182495117, 333.304992676, -70.9460144043, 484.084136963, 316.150177002, -61.3870391846, 54.5116729736, 37.088596344, -66.5433654785, -22.3558940887, 7.04295301437, 7.4499912262, -20.5192489624], [1333.40441895, 742.815124512, -295.683685303, 316.150177002, 523.493347168, 36.0693817139, -55.9616279602, -24.1669197083, -109.83026123, -79.4292755127, 5.17479658127, 10.9403123856, -53.8741455078], [-129.662628174, -75.9793014526, -1.60350477695, -61.3870391846, 36.0693817139, 171.78843689, 94.3948135376, -0.779570400715, 20.8147754669, 16.4730415344, -20.7105255127, 8.19948863983, 56.4951705933], [-41.4708824158, -99.9978027344, -10.0331192017, 54.5116729736, -55.9616279602, 94.3948135376, 310.776641846, 208.499099731, 78.3702926636, 42.2751922607, -18.0298652649, -4.06773376465, 67.0721054077], [129.564361572, 56.2319412231, -21.9470005035, 37.088596344, -24.1669197083, -0.779570400715, 208.499099731, 268.606689453, 141.498550415, 39.9797325134, -2.34161686897, -13.5776405334, 3.74806022644], [-216.324554443, -100.718582153, 76.779838562, -66.5433654785, -109.83026123, 20.8147754669, 78.3702926636, 141.498550415, 231.511047363, 169.015258789, 15.5964851379, -45.722026825, -25.2311496735], [-182.359893799, -107.009994507, 57.4453239441, -22.3558940887, -79.4292755127, 16.4730415344, 42.2751922607, 39.9797325134, 169.015258789, 225.904815674, 81.0872268677, -43.4611854553, -37.0195999146], [-15.9482097626, -23.068403244, -14.3086252213, 7.04295301437, 5.17479658127, -20.7105255127, -18.0298652649, -2.34161686897, 15.5964851379, 81.0872268677, 125.315261841, 66.3197402954, -6.60656118393], [-108.541976929, -95.283531189, -13.2419481277, 7.4499912262, 10.9403123856, 8.19948863983, -4.06773376465, -13.5776405334, -45.722026825, -43.4611854553, 66.3197402954, 158.435134888, 112.113456726], [-459.167816162, -332.44442749, 28.0498447418, -20.5192489624, -53.8741455078, 56.4951705933, 67.0721054077, 3.74806022644, -25.2311496735, -37.0195999146, -6.60656118393, 112.113456726, 208.797836304]],
        "icov": [[0.05532842502, -0.0792877152562, 0.0864135921001, -0.0942386686802, 0.103463828564, -0.114067517221, 0.119840450585, -0.120573893189, 0.111605599523, -0.0939080715179, 0.0688357427716, -0.0408247746527, 0.0167253054678], [-0.0792877152562, 0.116333417594, -0.131134495139, 0.150285229087, -0.173271223903, 0.195780694485, -0.209699138999, 0.211758434772, -0.195761084557, 0.1633259058, -0.117386177182, 0.0678617954254, -0.0257230009884], [0.0864135921001, -0.131134495139, 0.170986264944, -0.214226454496, 0.27154520154, -0.327924817801, 0.370878458023, -0.386415600777, 0.364503860474, -0.308806210756, 0.224736273289, -0.129453092813, 0.0497264899313], [-0.0942386686802, 0.150285229087, -0.214226454496, 0.298099339008, -0.397188574076, 0.497884839773, -0.574775218964, 0.604556083679, -0.571593344212, 0.482113987207, -0.347773700953, 0.197996899486, -0.0742100253701], [0.103463828564, -0.173271223903, 0.27154520154, -0.397188574076, 0.558071315289, -0.715773522854, 0.844056367874, -0.902271449566, 0.865189015865, -0.735638141632, 0.533527433872, -0.304923564196, 0.113590210676], [-0.114067517221, 0.195780694485, -0.327924817801, 0.497884839773, -0.715773522854, 0.948362708092, -1.13169074059, 1.22671544552, -1.18753945827, 1.01827192307, -0.743518829346, 0.427743017673, -0.162084102631], [0.119840450585, -0.209699138999, 0.370878458023, -0.574775218964, 0.844056367874, -1.13169074059, 1.38325119019, -1.51864230633, 1.48639023304, -1.29025363922, 0.951820015907, -0.549853444099, 0.206475764513], [-0.120573893189, 0.211758434772, -0.386415600777, 0.604556083679, -0.902271449566, 1.22671544552, -1.51864230633, 1.6967407465, -1.68233966827, 1.47434020042, -1.09812104702, 0.641192734241, -0.244946882129], [0.111605599523, -0.195761084557, 0.364503860474, -0.571593344212, 0.865189015865, -1.18753945827, 1.48639023304, -1.68233966827, 1.69978809357, -1.50551843643, 1.13176620007, -0.667352080345, 0.258503496647], [-0.0939080715179, 0.1633259058, -0.308806210756, 0.482113987207, -0.735638141632, 1.01827192307, -1.29025363922, 1.47434020042, -1.50551843643, 1.35619926453, -1.03276908398, 0.616507649422, -0.240113943815], [0.0688357427716, -0.117386177182, 0.224736273289, -0.347773700953, 0.533527433872, -0.743518829346, 0.951820015907, -1.09812104702, 1.13176620007, -1.03276908398, 0.808557450771, -0.489428073168, 0.194939911366], [-0.0408247746527, 0.0678617954254, -0.129453092813, 0.197996899486, -0.304923564196, 0.427743017673, -0.549853444099, 0.641192734241, -0.667352080345, 0.616507649422, -0.489428073168, 0.310587912798, -0.127766117454], [0.0167253054678, -0.0257230009884, 0.0497264899313, -0.0742100253701, 0.113590210676, -0.162084102631, 0.206475764513, -0.244946882129, 0.258503496647, -0.240113943815, 0.194939911366, -0.127766117454, 0.0613136440516]]
    },
    "spectral_contrast_coeffs": {
        "mean": [-0.614236652851, -0.614425778389, -0.64483487606, -0.708029747009, -0.744908511639, -0.899562418461],
        "var": [0.0135943507776, 0.00785613059998, 0.00694939587265, 0.00235130288638, 0.00454370630905, 0.00104947818909]
    },
    "spectral_contrast_valleys": {
        "mean": [-11.1104459763, -8.19764041901, -9.17207336426, -10.6134700775, -12.7739095688, -14.7736225128],
        "var": [2.33808302879, 1.86942076683, 1.98758137226, 1.86587440968, 1.22551262379, 0.441271305084]
    }
},
"metadata": {
    "audio_properties": {
        "analysis_sample_rate": 44100,
        "bit_rate": 128074,
        "equal_loudness": 0,
        "length": 45.0612258911,
        "lossless": 0,
        "replay_gain": -4.17753791809,
        "sample_rate": 44100,
        "codec": "mp3",
        "downmix": "mix",
        "md5_encoded": "0e5d56734a7530f2b0ff4e447438d0ca"
    },
    "tags": {
        "file_name": "1116.mp3"
    },
    "version": {
        "essentia": "2.1-beta2",
        "essentia_git_sha": "v2.1_beta2",
        "extractor": "music 1.0"
    }
},
"rhythm": {
    "beats_count": 102,
    "beats_loudness": {
        "mean": 0.0186517033726,
        "var": 0.000915647891816
    },
    "bpm": 162.491394043,
    "bpm_histogram_first_peak_bpm": {
        "mean": 161,
        "var": 0
    },
    "bpm_histogram_first_peak_spread": {
        "mean": 0.39285710454,
        "var": 0
    },
    "bpm_histogram_first_peak_weight": {
        "mean": 0.168316826224,
        "var": 0
    },
    "bpm_histogram_second_peak_bpm": {
        "mean": 144,
        "var": 0
    },
    "bpm_histogram_second_peak_spread": {
        "mean": 0.391304343939,
        "var": 0
    },
    "bpm_histogram_second_peak_weight": {
        "mean": 0.138613864779,
        "var": 0
    },
    "danceability": 0.928343117237,
    "onset_rate": 3.26075792313,
    "beats_loudness_band_ratio": {
        "mean": [0.0141562372446, 0.211695060134, 0.40542781353, 0.354834079742, 0.0432664975524, 8.17079708213e-005],
        "var": [0.00231555919163, 0.046636171639, 0.0906152054667, 0.108285985887, 0.0172656998038, 7.66425714005e-008]
    },
    "beats_position": [0.417959183455, 0.835918366909, 1.27709746361, 1.70666658878, 2.13623571396, 2.55419492722, 2.97215414047, 3.39011335373, 3.80807256699, 4.22603178024, 4.6439909935, 5.06195020676, 5.4915189743, 5.94430828094, 6.39709758759, 6.83827638626, 7.2910656929, 7.75546455383, 8.23147392273, 8.70748329163, 9.17188167572, 9.63628101349, 10.1239004135, 10.5882987976, 11.0526981354, 11.5287075043, 12.0395460129, 12.5503854752, 13.0380039215, 13.5140132904, 13.9784126282, 14.4428119659, 14.9304304123, 15.4180498123, 15.9056682587, 16.4165077209, 16.9389572144, 17.4614048004, 17.9722442627, 18.4714736938, 18.9590930939, 19.458322525, 19.96916008, 20.4799995422, 21.037279129, 21.6061668396, 22.1866664886, 22.8368244171, 23.4753742218, 23.9978218079, 24.497051239, 25.0078907013, 25.4955101013, 25.9947395325, 26.4823570251, 26.9003162384, 27.3182754517, 27.7362346649, 28.1658039093, 28.5953731537, 29.0365524292, 29.4545116425, 29.8608608246, 30.2672100067, 30.6967792511, 31.1147384644, 31.5326976776, 31.9274368286, 32.3337860107, 32.7169151306, 33.111656189, 33.4947853088, 33.8779144287, 34.2610435486, 34.6441726685, 35.0273017883, 35.4104309082, 35.7819480896, 36.1650772095, 36.5482063293, 36.9197273254, 37.2912483215, 37.6743774414, 38.0575065613, 38.4290237427, 38.8005447388, 39.1720619202, 39.5435829163, 39.9151000977, 40.2866210938, 40.6581382751, 41.0296592712, 41.4011802673, 41.761089325, 42.1326065063, 42.492515564, 42.8640365601, 43.2355537415, 43.5954627991, 43.9553718567, 44.3268928528, 44.6984100342]
},
"tonal": {
    "chords_changes_rate": 0.0288065839559,
    "chords_number_rate": 0.00823045242578,
    "chords_strength": {
        "mean": 0.519342362881,
        "var": 0.00482782581821
    },
    "hpcp_entropy": {
        "mean": 1.01372778416,
        "var": 0.362534731627
    },
    "key_strength": 0.61596351862,
    "tuning_diatonic_strength": 0.335461169481,
    "tuning_equal_tempered_deviation": 0.00790058076382,
    "tuning_frequency": 441.782684326,
    "tuning_nontempered_energy_ratio": 0.592186510563,
    "hpcp": {
        "mean": [0.200835615396, 0.103248663247, 0.0542949773371, 0.106979817152, 0.0577014274895, 0.0354431197047, 0.0658205375075, 0.0344879366457, 0.0639610216022, 0.127157077193, 0.0679241493344, 0.102218732238, 0.223354548216, 0.130510404706, 0.0489816144109, 0.0770475566387, 0.0378896072507, 0.12524741888, 0.2394015342, 0.119019910693, 0.025315368548, 0.0537921562791, 0.0327009297907, 0.0418786816299, 0.0789080560207, 0.0423207692802, 0.0589061453938, 0.106961175799, 0.0576962940395, 0.0364574790001, 0.0595757998526, 0.032199319452, 0.108093090355, 0.222817778587, 0.121545262635, 0.105118282139],
        "var": [0.127271920443, 0.0343307629228, 0.0156697351485, 0.0672328174114, 0.0197766814381, 0.0110874474049, 0.0431573726237, 0.0118260756135, 0.0210870299488, 0.0845590233803, 0.0227678809315, 0.0286714825779, 0.136144414544, 0.0466651804745, 0.0192168168724, 0.0509667880833, 0.0124739482999, 0.0414144508541, 0.151041924953, 0.0364308170974, 0.0061733815819, 0.0311317108572, 0.0114807765931, 0.0128739140928, 0.0508693754673, 0.0142709603533, 0.0208771098405, 0.0700769871473, 0.019622316584, 0.0134876063094, 0.0389812365174, 0.0113552939147, 0.032552767545, 0.1350607723, 0.0381288193166, 0.0347193367779]
    },
    "chords_histogram": [0, 0, 0, 0, 1.44032919407, 0, 0, 16.9753093719, 8.23045253754, 18.41563797, 0, 16.2551441193, 0, 0, 0, 0, 0, 0, 0, 0, 0, 12.448559761, 16.3580245972, 9.87654304504],
    "thpcp": [1, 0.497155994177, 0.105744384229, 0.224694281816, 0.136594489217, 0.174930721521, 0.329605460167, 0.176777347922, 0.246055841446, 0.4467856884, 0.241002187133, 0.152285903692, 0.248853042722, 0.13449922204, 0.451513767242, 0.930728256702, 0.507704615593, 0.439087748528, 0.838906943798, 0.431278198957, 0.226794615388, 0.446863532066, 0.241023629904, 0.148048847914, 0.274937838316, 0.144058957696, 0.267170488834, 0.531145632267, 0.283724784851, 0.426976084709, 0.932970404625, 0.545152723789, 0.204600259662, 0.321834027767, 0.158268019557, 0.523168802261],
    "chords_key": "G#",
    "chords_scale": "major",
    "key_key": "C#",
    "key_scale": "minor"
}
}