{
"lowlevel": {
    "average_loudness": 0.952556073666,
    "barkbands_crest": {
        "mean": 8.97386932373,
        "var": 7.55144691467
    },
    "barkbands_flatness_db": {
        "mean": 0.251257181168,
        "var": 0.00198123324662
    },
    "barkbands_kurtosis": {
        "mean": 3.09344696999,
        "var": 3.95977067947
    },
    "barkbands_skewness": {
        "mean": 1.46198391914,
        "var": 0.185430139303
    },
    "barkbands_spread": {
        "mean": 7.59691238403,
        "var": 5.92447900772
    },
    "dissonance": {
        "mean": 0.44717040658,
        "var": 0.00085728551494
    },
    "dynamic_complexity": 1.22684490681,
    "erbbands_crest": {
        "mean": 7.21899557114,
        "var": 4.85142755508
    },
    "erbbands_flatness_db": {
        "mean": 0.267149120569,
        "var": 0.00105673866346
    },
    "erbbands_kurtosis": {
        "mean": -0.114627286792,
        "var": 0.370079934597
    },
    "erbbands_skewness": {
        "mean": 0.514477849007,
        "var": 0.114551275969
    },
    "erbbands_spread": {
        "mean": 20.3613643646,
        "var": 18.4964160919
    },
    "hfc": {
        "mean": 14.9968128204,
        "var": 23.3551273346
    },
    "melbands_crest": {
        "mean": 11.747759819,
        "var": 10.4530830383
    },
    "melbands_flatness_db": {
        "mean": 0.351686656475,
        "var": 0.00342625519261
    },
    "melbands_kurtosis": {
        "mean": 6.17156934738,
        "var": 10.5490226746
    },
    "melbands_skewness": {
        "mean": 1.98754692078,
        "var": 0.259265810251
    },
    "melbands_spread": {
        "mean": 9.06114006042,
        "var": 19.1080589294
    },
    "pitch_salience": {
        "mean": 0.674533605576,
        "var": 0.00530892191455
    },
    "silence_rate_20dB": {
        "mean": 1,
        "var": 0
    },
    "silence_rate_30dB": {
        "mean": 0.99794024229,
        "var": 0.00205551111139
    },
    "silence_rate_60dB": {
        "mean": 0.00154479919001,
        "var": 0.00154241069686
    },
    "spectral_centroid": {
        "mean": 481.540527344,
        "var": 43277.3085938
    },
    "spectral_complexity": {
        "mean": 18.9309997559,
        "var": 9.64512825012
    },
    "spectral_decrease": {
        "mean": -1.15090497133e-008,
        "var": 2.37264400632e-017
    },
    "spectral_energy": {
        "mean": 0.0447980463505,
        "var": 0.000351304828655
    },
    "spectral_energyband_high": {
        "mean": 1.27912135213e-005,
        "var": 3.84237031081e-010
    },
    "spectral_energyband_low": {
        "mean": 0.0144159467891,
        "var": 0.000135697002406
    },
    "spectral_energyband_middle_high": {
        "mean": 0.00355124589987,
        "var": 1.79519713583e-006
    },
    "spectral_energyband_middle_low": {
        "mean": 0.0291333179921,
        "var": 0.000182714618859
    },
    "spectral_entropy": {
        "mean": 6.60840177536,
        "var": 0.0709854438901
    },
    "spectral_flux": {
        "mean": 0.10724196583,
        "var": 0.000680149358232
    },
    "spectral_kurtosis": {
        "mean": 29.7423725128,
        "var": 303.611572266
    },
    "spectral_rms": {
        "mean": 0.00647034635767,
        "var": 1.83999611636e-006
    },
    "spectral_rolloff": {
        "mean": 573.069396973,
        "var": 183950.84375
    },
    "spectral_skewness": {
        "mean": 3.43842101097,
        "var": 1.12282264233
    },
    "spectral_spread": {
        "mean": 1453882.125,
        "var": 1.31280483123e+012
    },
    "spectral_strongpeak": {
        "mean": 0.653172671795,
        "var": 0.203308343887
    },
    "zerocrossingrate": {
        "mean": 0.0224073827267,
        "var": 0.000148198159877
    },
    "barkbands": {
        "mean": [0.000105570477899, 0.0040719662793, 0.00816784612834, 0.00394414085895, 0.0123704299331, 0.00511453021318, 0.00376690644771, 0.00180578848813, 0.00162118207663, 0.00124528817832, 0.000910725560971, 0.000442420161562, 0.0003803227155, 0.000268471252639, 0.00022859958699, 0.000141451164382, 0.000123012272525, 4.7543871915e-005, 1.70620860445e-005, 1.76918674697e-005, 3.97274970965e-006, 1.94085396288e-006, 5.6797051684e-007, 3.93896328887e-007, 1.90169643588e-007, 7.58606972795e-008, 5.48635137321e-009],
        "var": [1.19479608429e-008, 1.35615482577e-005, 6.52543167234e-005, 1.25610295072e-005, 9.28254958126e-005, 1.83086758625e-005, 8.89936109161e-006, 1.89297156794e-006, 1.36448932153e-006, 6.53904578485e-007, 3.97212687631e-007, 8.56066435517e-008, 5.48401040135e-008, 3.07223686491e-008, 3.54521318968e-008, 1.37033362435e-008, 1.86951574221e-008, 2.45875320104e-009, 4.16933848557e-010, 8.8862300851e-010, 3.63943528092e-011, 1.07799654619e-011, 8.70274176074e-013, 9.57141917807e-013, 2.12741432001e-013, 7.23539609303e-014, 4.88200210819e-017]
    },
    "erbbands": {
        "mean": [0.0791750401258, 1.15092718601, 7.60384654999, 12.9822883606, 25.0050392151, 43.4875259399, 42.9662857056, 44.5556144714, 63.3012046814, 44.0192527771, 33.9946517944, 38.0489692688, 38.2624664307, 31.1084384918, 34.0727729797, 20.3115196228, 18.3853435516, 14.7246818542, 11.8017196655, 11.2060565948, 6.75374078751, 6.86000108719, 2.66423106194, 1.93877673149, 1.0127799511, 0.53274667263, 0.299567848444, 0.135443806648, 0.064970344305, 0.0385947115719, 0.0160038452595, 0.0114603992552, 0.00482751522213, 0.00270432070829, 0.00109523255378, 0.000507858698256, 0.000118185198517, 1.96084911295e-005, 2.1451518478e-005, 4.97442160849e-005],
        "var": [0.00564234238118, 1.07608234882, 53.4219512939, 129.245422363, 514.954284668, 1392.3079834, 1447.99523926, 1341.82641602, 2777.34643555, 1190.16894531, 454.455749512, 832.721740723, 660.452636719, 401.660186768, 672.818908691, 150.374008179, 110.169563293, 74.907875061, 46.1005744934, 85.0545349121, 20.3895645142, 75.2140884399, 4.77538442612, 6.67449426651, 2.16577982903, 0.632926642895, 0.217643335462, 0.0505773052573, 0.0114879328758, 0.00418893061578, 0.00070442003198, 0.000648587883916, 0.000178828602657, 3.48357025359e-005, 1.02269223134e-005, 3.90694003727e-006, 8.34806215266e-008, 7.27254756416e-010, 7.02526023466e-011, 4.20121909483e-010]
    },
    "gfcc": {
        "mean": [-61.925327301, 222.1537323, -128.07635498, -4.96647500992, -28.393611908, -14.4786348343, -27.2322731018, -9.6553401947, -13.9636449814, -12.7433929443, -7.376994133, -10.3768796921, -1.27030420303],
        "cov": [[1586.51220703, -477.606811523, -248.71736145, 284.085235596, -306.819732666, -28.947467804, -117.759788513, 41.5857162476, -91.205947876, 19.1871261597, -49.9415245056, 32.7827148438, -40.7967071533], [-477.606811523, 897.073486328, 212.583023071, -302.208526611, 384.094421387, -35.9132881165, 128.322875977, -85.9053649902, 100.393119812, -82.8097229004, 61.3871002197, -69.3884048462, 59.3073120117], [-248.71736145, 212.583023071, 145.592346191, -65.2177200317, 114.502792358, 4.80215406418, 41.7227859497, -14.4042263031, 29.0699710846, -8.05497264862, 13.1184082031, -16.5768623352, 5.61122131348], [284.085235596, -302.208526611, -65.2177200317, 169.530288696, -112.126487732, 11.1275672913, -32.398349762, 35.0653495789, -31.2364292145, 23.73005867, -16.0551719666, 23.2157917023, -22.0046901703], [-306.819732666, 384.094421387, 114.502792358, -112.126487732, 219.522323608, 7.55162858963, 67.2360076904, -28.8499546051, 47.3797492981, -34.7248535156, 27.3854465485, -24.4058761597, 25.2360649109], [-28.947467804, -35.9132881165, 4.80215406418, 11.1275672913, 7.55162858963, 52.1611747742, 17.2841701508, 15.5847826004, 1.56924057007, 12.0236997604, -2.33613204956, 4.26546907425, -6.05480861664], [-117.759788513, 128.322875977, 41.7227859497, -32.398349762, 67.2360076904, 17.2841701508, 61.4943504333, 12.3462123871, 20.4295635223, -6.89457893372, 10.5137786865, -9.38112163544, 2.16299939156], [41.5857162476, -85.9053649902, -14.4042263031, 35.0653495789, -28.8499546051, 15.5847826004, 12.3462123871, 51.5154685974, 10.0184202194, 18.7890148163, -3.59718346596, 9.57393455505, -10.4868431091], [-91.205947876, 100.393119812, 29.0699710846, -31.2364292145, 47.3797492981, 1.56924057007, 20.4295635223, 10.0184202194, 42.2581787109, 7.46495676041, 9.78360652924, -6.68294477463, 4.22720718384], [19.1871261597, -82.8097229004, -8.05497264862, 23.73005867, -34.7248535156, 12.0236997604, -6.89457893372, 18.7890148163, 7.46495676041, 43.9861450195, 9.43793010712, 11.0759277344, -8.87827587128], [-49.9415245056, 61.3871002197, 13.1184082031, -16.0551719666, 27.3854465485, -2.33613204956, 10.5137786865, -3.59718346596, 9.78360652924, 9.43793010712, 34.3239326477, 10.5968828201, 7.31857824326], [32.7827148438, -69.3884048462, -16.5768623352, 23.2157917023, -24.4058761597, 4.26546907425, -9.38112163544, 9.57393455505, -6.68294477463, 11.0759277344, 10.5968828201, 35.8118743896, 9.53283119202], [-40.7967071533, 59.3073120117, 5.61122131348, -22.0046901703, 25.2360649109, -6.05480861664, 2.16299939156, -10.4868431091, 4.22720718384, -8.87827587128, 7.31857824326, 9.53283119202, 33.6083221436]],
        "icov": [[0.00258361012675, -0.00805651582778, 0.00299288355745, -0.00795082654804, 0.00628087157384, -0.00276447087526, 0.00623843027279, -0.00467937905341, 0.00633844546974, -0.00342230056413, 0.00549431936815, -0.00407882453874, 0.00283112819307], [-0.00805651582778, 0.0442562326789, -0.0110525302589, 0.0364845618606, -0.0328682661057, 0.0181310847402, -0.0322667881846, 0.0252286717296, -0.0335380211473, 0.0214217882603, -0.0303899478167, 0.024632928893, -0.0147400796413], [0.00299288355745, -0.0110525302589, 0.0164435096085, -0.00946395471692, 0.00182832451537, -0.00226692808792, 0.00491610728204, -0.00376718724146, 0.00846863910556, -0.0102661903948, 0.0110011212528, -0.00688078906387, 0.00670093484223], [-0.00795082654804, 0.0364845618606, -0.00946395471692, 0.0427665486932, -0.0259441435337, 0.0135615384206, -0.0247523393482, 0.0149828409776, -0.0226672515273, 0.015945782885, -0.0234930440784, 0.0161771029234, -0.00867001991719], [0.00628087157384, -0.0328682661057, 0.00182832451537, -0.0259441435337, 0.0433518923819, -0.019232403487, 0.016962332651, -0.0121189365163, 0.0125342858955, -0.00295638549142, 0.0131062492728, -0.0145699465647, 0.00636443775147], [-0.00276447087526, 0.0181310847402, -0.00226692808792, 0.0135615384206, -0.019232403487, 0.0359382294118, -0.0226982310414, 0.00802045781165, -0.00630829483271, -0.00439311889932, -0.00123977730982, 0.0035045593977, -0.00230497936718], [0.00623843027279, -0.0322667881846, 0.00491610728204, -0.0247523393482, 0.016962332651, -0.0226982310414, 0.0618987195194, -0.0373795032501, 0.0255614425987, -0.00625411607325, 0.0102303083986, -0.00851017329842, 0.0103310858831], [-0.00467937905341, 0.0252286717296, -0.00376718724146, 0.0149828409776, -0.0121189365163, 0.00802045781165, -0.0373795032501, 0.0584174506366, -0.038297239691, 0.00577458692715, -0.00624077254906, 0.000253714941209, -0.00095333129866], [0.00633844546974, -0.0335380211473, 0.00846863910556, -0.0226672515273, 0.0125342858955, -0.00630829483271, 0.0255614425987, -0.038297239691, 0.076225630939, -0.0344915576279, 0.0225111301988, -0.00916984770447, 0.0054787681438], [-0.00342230056413, 0.0214217882603, -0.0102661903948, 0.015945782885, -0.00295638549142, -0.00439311889932, -0.00625411607325, 0.00577458692715, -0.0344915576279, 0.0603998377919, -0.0373255833983, 0.011037837714, -0.000878020189703], [0.00549431936815, -0.0303899478167, 0.0110011212528, -0.0234930440784, 0.0131062492728, -0.00123977730982, 0.0102303083986, -0.00624077254906, 0.0225111301988, -0.0373255833983, 0.0754930898547, -0.040126003325, 0.0126589108258], [-0.00407882453874, 0.024632928893, -0.00688078906387, 0.0161771029234, -0.0145699465647, 0.0035045593977, -0.00851017329842, 0.000253714941209, -0.00916984770447, 0.011037837714, -0.040126003325, 0.0680646896362, -0.030979886651], [0.00283112819307, -0.0147400796413, 0.00670093484223, -0.00867001991719, 0.00636443775147, -0.00230497936718, 0.0103310858831, -0.00095333129866, 0.0054787681438, -0.000878020189703, 0.0126589108258, -0.030979886651, 0.0513600818813]]
    },
    "melbands": {
        "mean": [0.000915321579669, 0.00321336416528, 0.00255561224185, 0.00253556203097, 0.00172470184043, 0.00105385447387, 0.000873842858709, 0.000455714733107, 0.000285024696495, 0.000229957469855, 0.000188836856978, 0.000126397266285, 0.000111452420242, 6.27173576504e-005, 4.79529153381e-005, 3.51510389009e-005, 2.76237551589e-005, 1.84655727935e-005, 1.80622737389e-005, 1.36510061566e-005, 6.37107268631e-006, 8.33690683066e-006, 2.75767001767e-006, 2.28632666222e-006, 1.48576430092e-006, 6.60459704704e-007, 7.98297890015e-007, 2.53861060173e-007, 2.58017706756e-007, 8.31472064533e-008, 6.35284109762e-008, 4.23079526968e-008, 2.66548170202e-008, 1.69971201558e-008, 9.21962861611e-009, 8.3087359215e-009, 6.1548055541e-009, 3.41833672479e-009, 2.71221223258e-009, 2.0777715104e-009],
        "var": [6.8054384883e-007, 8.49649040902e-006, 3.77965284315e-006, 4.08876303482e-006, 2.30395130529e-006, 6.47606611892e-007, 4.75156866742e-007, 1.40398441317e-007, 3.98180723948e-008, 3.38756969143e-008, 1.72748482186e-008, 7.25406446023e-009, 6.2665304057e-009, 1.63558599997e-009, 9.65610480463e-010, 6.68553767902e-010, 3.56951218583e-010, 1.23200602498e-010, 2.84675366613e-010, 1.53554002846e-010, 1.80533591548e-011, 1.30065444526e-010, 4.04283420977e-012, 6.62906405116e-012, 4.41850852781e-012, 8.35844631356e-013, 2.05157527251e-012, 1.51802154831e-013, 1.83946160712e-013, 1.69881063427e-014, 1.14611325056e-014, 5.40020942731e-015, 2.04332701306e-015, 7.97309519212e-016, 2.28134798286e-016, 2.92027896395e-016, 2.18698295388e-016, 1.01916691662e-016, 5.26456685492e-017, 1.69929053269e-017]
    },
    "mfcc": {
        "mean": [-704.851135254, 255.308059692, -28.3512744904, 17.1354694366, 8.73754119873, -2.41413116455, -2.15832853317, -2.80111026764, -1.54362881184, -4.94292068481, -4.72946071625, -3.3343474865, -2.38317489624],
        "cov": [[1235.67150879, -722.191101074, -73.7589263916, 198.622634888, -225.899520874, -34.7426681519, -111.436431885, -4.76537322998, -90.3232879639, 6.95363235474, -66.6086425781, -31.5545444489, 13.7714176178], [-722.191101074, 1072.57556152, 21.6269226074, -148.598983765, 262.316070557, 24.462305069, 110.593177795, 7.57190132141, 91.8506698608, -33.2532806396, 56.8203620911, 15.864979744, -24.173625946], [-73.7589263916, 21.6269226074, 62.0656547546, -3.33254814148, 5.84012842178, 6.07502937317, 4.5487818718, -2.66428995132, 2.22192335129, 9.80076026917, 8.84494876862, 1.73863518238, -1.93093073368], [198.622634888, -148.598983765, -3.33254814148, 93.4588165283, -28.881111145, -3.17844700813, -13.9154081345, 8.6950302124, -13.7013120651, 2.75037884712, -7.40159893036, -1.96621143818, 6.55916118622], [-225.899520874, 262.316070557, 5.84012842178, -28.881111145, 109.293762207, 20.6119918823, 30.8515701294, 5.67400789261, 27.0149707794, -8.65442371368, 14.493522644, 6.37582731247, -5.43017244339], [-34.7426681519, 24.462305069, 6.07502937317, -3.17844700813, 20.6119918823, 40.1169509888, 17.8490943909, 5.11526107788, 4.75863170624, 2.27685761452, 2.44545817375, 1.1068508625, 1.17367720604], [-111.436431885, 110.593177795, 4.5487818718, -13.9154081345, 30.8515701294, 17.8490943909, 51.4850311279, 18.3411617279, 13.678399086, 0.13160456717, 10.1965246201, 5.85595226288, 0.64481651783], [-4.76537322998, 7.57190132141, -2.66428995132, 8.6950302124, 5.67400789261, 5.11526107788, 18.3411617279, 39.3248634338, 16.8694915771, 2.17485761642, 4.13841867447, 4.75472831726, 3.3298227787], [-90.3232879639, 91.8506698608, 2.22192335129, -13.7013120651, 27.0149707794, 4.75863170624, 13.678399086, 16.8694915771, 43.3965454102, 11.0970640182, 8.22868156433, 6.75250339508, -1.38052272797], [6.95363235474, -33.2532806396, 9.80076026917, 2.75037884712, -8.65442371368, 2.27685761452, 0.13160456717, 2.17485761642, 11.0970640182, 36.0247650146, 13.315659523, 3.09825730324, 2.02850389481], [-66.6086425781, 56.8203620911, 8.84494876862, -7.40159893036, 14.493522644, 2.44545817375, 10.1965246201, 4.13841867447, 8.22868156433, 13.315659523, 37.6707763672, 15.6360244751, 0.108662903309], [-31.5545444489, 15.864979744, 1.73863518238, -1.96621143818, 6.37582731247, 1.1068508625, 5.85595226288, 4.75472831726, 6.75250339508, 3.09825730324, 15.6360244751, 32.9545822144, 14.0609521866], [13.7714176178, -24.173625946, -1.93093073368, 6.55916118622, -5.43017244339, 1.17367720604, 0.64481651783, 3.3298227787, -1.38052272797, 2.02850389481, 0.108662903309, 14.0609521866, 30.8661460876]],
        "icov": [[0.00240309350193, -0.000256901868852, 0.00225151795894, -0.00348106725141, 0.00324477115646, -0.00137763039675, 0.00270830979571, -0.00138155429158, 0.00223161792383, -0.00147632695735, 0.00179623113945, -0.000192429142771, 0.000601071689744], [-0.000256901868852, 0.00379176740535, -0.000769343518186, 0.00268009328283, -0.00665217218921, 0.0032950360328, -0.00452114874497, 0.00304202362895, -0.00435721734539, 0.00409660581499, -0.00358799984679, 0.00207626656629, -0.000460034963908], [0.00225151795894, -0.000769343518186, 0.0197307616472, -0.00356598943472, 0.00337033090182, -0.0036476389505, 0.00211215252057, 0.000336996163242, 0.00346107315272, -0.00628121756017, -0.000201224436751, -0.000482552568428, 0.00182430737186], [-0.00348106725141, 0.00268009328283, -0.00356598943472, 0.0198396891356, -0.00745174754411, 0.00293910759501, -0.00242228037678, -0.00334177678451, -0.000356058852049, 0.00207712990232, -0.00299473619089, 0.00140332360752, -0.00257974048145], [0.00324477115646, -0.00665217218921, 0.00337033090182, -0.00745174754411, 0.030714219436, -0.0123143820092, 0.00546822696924, -0.0016961786896, -0.000650264380965, 0.000634346157312, 0.00210540974513, -0.00238371826708, 0.00208498816937], [-0.00137763039675, 0.0032950360328, -0.0036476389505, 0.00293910759501, -0.0123143820092, 0.0351941995323, -0.0145665137097, 0.00300143938512, -0.00170476548374, -0.000691739900503, -0.000243168484303, 0.00231484719552, -0.0022661301773], [0.00270830979571, -0.00452114874497, 0.00211215252057, -0.00242228037678, 0.00546822696924, -0.0145665137097, 0.0404784753919, -0.0192160457373, 0.00864047091454, -0.00490497797728, 0.00165759085212, -0.00284389243461, 0.000639445323031], [-0.00138155429158, 0.00304202362895, 0.000336996163242, -0.00334177678451, -0.0016961786896, 0.00300143938512, -0.0192160457373, 0.0440385006368, -0.0224288646132, 0.00933396536857, -0.00646216096357, 0.00271614687517, -0.00386303919367], [0.00223161792383, -0.00435721734539, 0.00346107315272, -0.000356058852049, -0.000650264380965, -0.00170476548374, 0.00864047091454, -0.0224288646132, 0.0486195646226, -0.0229214262217, 0.0118283051997, -0.01022309158, 0.0063699693419], [-0.00147632695735, 0.00409660581499, -0.00628121756017, 0.00207712990232, 0.000634346157312, -0.000691739900503, -0.00490497797728, 0.00933396536857, -0.0229214262217, 0.0481055043638, -0.0231219325215, 0.0104568237439, -0.00660267751664], [0.00179623113945, -0.00358799984679, -0.000201224436751, -0.00299473619089, 0.00210540974513, -0.000243168484303, 0.00165759085212, -0.00646216096357, 0.0118283051997, -0.0231219325215, 0.0501832216978, -0.0254597682506, 0.0115245236084], [-0.000192429142771, 0.00207626656629, -0.000482552568428, 0.00140332360752, -0.00238371826708, 0.00231484719552, -0.00284389243461, 0.00271614687517, -0.01022309158, 0.0104568237439, -0.0254597682506, 0.0535414628685, -0.0248028766364], [0.000601071689744, -0.000460034963908, 0.00182430737186, -0.00257974048145, 0.00208498816937, -0.0022661301773, 0.000639445323031, -0.00386303919367, 0.0063699693419, -0.00660267751664, 0.0115245236084, -0.0248028766364, 0.0452652834356]]
    },
    "spectral_contrast_coeffs": {
        "mean": [-0.580300569534, -0.740122199059, -0.785051822662, -0.797687888145, -0.757887303829, -0.771001577377],
        "var": [0.00440514599904, 0.00282573956065, 0.00145102955867, 0.000769890728407, 0.000579935556743, 0.000573626952246]
    },
    "spectral_contrast_valleys": {
        "mean": [-6.53788375854, -5.70467185974, -6.5224981308, -7.36363172531, -8.83890151978, -12.7914466858],
        "var": [0.440606802702, 0.342937737703, 0.326884865761, 0.287217885256, 0.398416638374, 0.362050741911]
    }
},
"metadata": {
    "audio_properties": {
        "analysis_sample_rate": 44100,
        "bit_rate": 128074,
        "equal_loudness": 0,
        "length": 45.0612258911,
        "lossless": 0,
        "replay_gain": -2.44017410278,
        "sample_rate": 44100,
        "codec": "mp3",
        "downmix": "mix",
        "md5_encoded": "16ab0c32a0f591311641bc89f8181c6d"
    },
    "tags": {
        "file_name": "1117.mp3"
    },
    "version": {
        "essentia": "2.1-beta2",
        "essentia_git_sha": "v2.1_beta2",
        "extractor": "music 1.0"
    }
},
"rhythm": {
    "beats_count": 99,
    "beats_loudness": {
        "mean": 0.044327698648,
        "var": 0.000288550247205
    },
    "bpm": 120.211357117,
    "bpm_histogram_first_peak_bpm": {
        "mean": 120,
        "var": 0
    },
    "bpm_histogram_first_peak_spread": {
        "mean": 0.40000000596,
        "var": 0
    },
    "bpm_histogram_first_peak_weight": {
        "mean": 0.183673471212,
        "var": 0
    },
    "bpm_histogram_second_peak_bpm": {
        "mean": 161,
        "var": 0
    },
    "bpm_histogram_second_peak_spread": {
        "mean": 0.428571432829,
        "var": 0
    },
    "bpm_histogram_second_peak_weight": {
        "mean": 0.122448980808,
        "var": 0
    },
    "danceability": 0.924257993698,
    "onset_rate": 0.133092164993,
    "beats_loudness_band_ratio": {
        "mean": [0.39181548357, 0.411081075668, 0.20966476202, 0.071456849575, 0.015823205933, 0.000976343289949],
        "var": [0.026915172115, 0.0213347803801, 0.00830046646297, 0.000951181165874, 0.000176992092747, 2.31944773077e-006]
    },
    "beats_position": [0.49922901392, 0.99845802784, 1.49768710136, 1.99691605568, 2.48453521729, 3.04181408882, 3.59909296036, 4.15637159348, 4.72526073456, 5.2941493988, 5.85142850876, 6.40870714188, 6.9543762207, 7.52326536179, 8.08054447174, 8.63782310486, 9.19510173798, 9.76399040222, 10.3328800201, 10.9017686844, 11.4706573486, 11.9698867798, 12.4691152573, 12.9683446884, 13.479183197, 13.9784126282, 14.4776411057, 14.9768705368, 15.4644899368, 15.9753284454, 16.4048976898, 16.8344669342, 17.2756462097, 17.7168254852, 18.1347846985, 18.5411338806, 18.9474830627, 19.3190021515, 19.6789112091, 20.0388202667, 20.4103393555, 20.7818584442, 21.153377533, 21.5016784668, 21.8731975555, 22.2447166443, 22.616235733, 22.9761447906, 23.3360538483, 23.707572937, 24.102312088, 24.497051239, 24.89179039, 25.286529541, 25.681268692, 26.076007843, 26.4823570251, 26.865486145, 27.2602272034, 27.6433563232, 28.0032653809, 28.3980045319, 28.7811336517, 29.1642627716, 29.5473918915, 29.8840808868, 30.2323799133, 30.5806789398, 30.9289798737, 31.3121089935, 31.6952381134, 32.0783653259, 32.4614944458, 32.8330154419, 33.1929244995, 33.5644454956, 33.9243545532, 34.2958717346, 34.6673927307, 35.0273017883, 35.3872108459, 35.8980484009, 36.397277832, 36.8965072632, 37.4073448181, 37.9297943115, 38.4406356812, 38.9398651123, 39.4390907288, 39.9383201599, 40.4375495911, 40.9367790222, 41.4476165771, 41.9352378845, 42.4344673157, 42.9336967468, 43.4213142395, 43.9089317322, 44.3965530396]
},
"tonal": {
    "chords_changes_rate": 0.0205761324614,
    "chords_number_rate": 0.00411522621289,
    "chords_strength": {
        "mean": 0.611431181431,
        "var": 0.00599348125979
    },
    "hpcp_entropy": {
        "mean": 2.07326817513,
        "var": 0.496226578951
    },
    "key_strength": 0.728027462959,
    "tuning_diatonic_strength": 0.555857002735,
    "tuning_equal_tempered_deviation": 0.0490938723087,
    "tuning_frequency": 437.971466064,
    "tuning_nontempered_energy_ratio": 0.682246088982,
    "hpcp": {
        "mean": [0.0601668544114, 0.0468576215208, 0.0931943878531, 0.171243071556, 0.157119423151, 0.0998587161303, 0.0937549546361, 0.123792938888, 0.360307604074, 0.625444352627, 0.433874279261, 0.125232845545, 0.0501971580088, 0.030317960307, 0.0322548672557, 0.0461987480521, 0.0439689196646, 0.095289580524, 0.202324792743, 0.161742240191, 0.065512150526, 0.0498482696712, 0.0449246838689, 0.150548666716, 0.277613550425, 0.198840156198, 0.0624297820032, 0.030600361526, 0.0419008433819, 0.125036761165, 0.230727091432, 0.218704745173, 0.285573899746, 0.441181451082, 0.321560949087, 0.116667188704],
        "var": [0.0117161171511, 0.00905267335474, 0.0210433732718, 0.0440714135766, 0.0427700802684, 0.0301497429609, 0.0299726258963, 0.0356009453535, 0.0677082687616, 0.118702426553, 0.0804135501385, 0.0289096310735, 0.0129228690639, 0.00530895078555, 0.00378159992397, 0.00708001246676, 0.00554972793907, 0.0135241523385, 0.0650596246123, 0.0400344133377, 0.0069094565697, 0.00533884624019, 0.00567217171192, 0.0318217352033, 0.0863404721022, 0.0562142506242, 0.0166026316583, 0.00662498688325, 0.0101563902572, 0.0304650384933, 0.0643766671419, 0.0532638579607, 0.0672409832478, 0.15929594636, 0.107063196599, 0.0301856417209]
    },
    "chords_histogram": [49.2798347473, 39.8148155212, 3.60082316399, 0, 0, 0, 0, 7.30452680588, 0, 0, 0, 0, 0, 0, 0, 0, 0, 0, 0, 0, 0, 0, 0, 0],
    "thpcp": [1, 0.693705618382, 0.200230196118, 0.0802583917975, 0.0484742745757, 0.051571123302, 0.073865480721, 0.0703002884984, 0.152355015278, 0.323489665985, 0.258603721857, 0.104744970798, 0.0797005668283, 0.0718284249306, 0.240706726909, 0.443866103888, 0.317918211222, 0.0998166874051, 0.048925794661, 0.0669937208295, 0.199916690588, 0.368901073933, 0.349678993225, 0.456593632698, 0.705388844013, 0.514131963253, 0.186534881592, 0.0961985737085, 0.0749189332128, 0.14900508523, 0.273794263601, 0.251212477684, 0.159660428762, 0.149901360273, 0.197927981615, 0.576082587242],
    "chords_key": "F",
    "chords_scale": "minor",
    "key_key": "F",
    "key_scale": "minor"
}
}