{
"lowlevel": {
    "average_loudness": 0.433361411095,
    "barkbands_crest": {
        "mean": 11.7366886139,
        "var": 11.3293266296
    },
    "barkbands_flatness_db": {
        "mean": 0.424373596907,
        "var": 0.00183271837886
    },
    "barkbands_kurtosis": {
        "mean": 4.49039363861,
        "var": 31.3760490417
    },
    "barkbands_skewness": {
        "mean": 0.735003471375,
        "var": 0.95047980547
    },
    "barkbands_spread": {
        "mean": 3.01133060455,
        "var": 3.70559334755
    },
    "dissonance": {
        "mean": 0.32271489501,
        "var": 0.00419054506347
    },
    "dynamic_complexity": 4.79679679871,
    "erbbands_crest": {
        "mean": 15.2339868546,
        "var": 28.6009044647
    },
    "erbbands_flatness_db": {
        "mean": 0.426323622465,
        "var": 0.00182016007602
    },
    "erbbands_kurtosis": {
        "mean": 3.84041953087,
        "var": 26.4464435577
    },
    "erbbands_skewness": {
        "mean": 0.745537400246,
        "var": 1.62079024315
    },
    "erbbands_spread": {
        "mean": 6.71444988251,
        "var": 9.91836547852
    },
    "hfc": {
        "mean": 5.96210241318,
        "var": 83.6116104126
    },
    "melbands_crest": {
        "mean": 14.0474700928,
        "var": 15.9316854477
    },
    "melbands_flatness_db": {
        "mean": 0.544091105461,
        "var": 0.0022560658399
    },
    "melbands_kurtosis": {
        "mean": 3.87401342392,
        "var": 23.054069519
    },
    "melbands_skewness": {
        "mean": 0.869006037712,
        "var": 0.643976807594
    },
    "melbands_spread": {
        "mean": 5.08075332642,
        "var": 19.2580699921
    },
    "pitch_salience": {
        "mean": 0.570719659328,
        "var": 0.0119322193787
    },
    "silence_rate_20dB": {
        "mean": 1,
        "var": 0
    },
    "silence_rate_30dB": {
        "mean": 0.988671481609,
        "var": 0.0112002035603
    },
    "silence_rate_60dB": {
        "mean": 0.24098867178,
        "var": 0.182913184166
    },
    "spectral_centroid": {
        "mean": 404.056549072,
        "var": 35688.7265625
    },
    "spectral_complexity": {
        "mean": 6.58084440231,
        "var": 5.91389322281
    },
    "spectral_decrease": {
        "mean": -3.85806320224e-009,
        "var": 2.9848061324e-017
    },
    "spectral_energy": {
        "mean": 0.0151020269841,
        "var": 0.000457440590253
    },
    "spectral_energyband_high": {
        "mean": 3.21071134124e-008,
        "var": 3.08193886535e-014
    },
    "spectral_energyband_low": {
        "mean": 0.00195235561114,
        "var": 1.8279059077e-005
    },
    "spectral_energyband_middle_high": {
        "mean": 0.00169724109583,
        "var": 3.22272171616e-005
    },
    "spectral_energyband_middle_low": {
        "mean": 0.0126315504313,
        "var": 0.000322862499161
    },
    "spectral_entropy": {
        "mean": 5.18746423721,
        "var": 0.087586261332
    },
    "spectral_flux": {
        "mean": 0.0247582551092,
        "var": 0.000685670645908
    },
    "spectral_kurtosis": {
        "mean": 171.706451416,
        "var": 6535.27978516
    },
    "spectral_rms": {
        "mean": 0.00322403060272,
        "var": 4.33930063082e-006
    },
    "spectral_rolloff": {
        "mean": 534.515991211,
        "var": 195853.5
    },
    "spectral_skewness": {
        "mean": 9.68712043762,
        "var": 8.69066524506
    },
    "spectral_spread": {
        "mean": 796852.125,
        "var": 1.28429863731e+012
    },
    "spectral_strongpeak": {
        "mean": 0.942324519157,
        "var": 0.979011178017
    },
    "zerocrossingrate": {
        "mean": 0.0195941086859,
        "var": 0.00015350272588
    },
    "barkbands": {
        "mean": [5.21630272488e-006, 0.000365720188711, 0.000557949242648, 0.00123366294429, 0.00426403805614, 0.00287336623296, 0.00264757103287, 0.000642879283987, 0.000650139525533, 0.00124955154024, 0.00044377380982, 0.000132529166876, 1.60088056873e-005, 7.342765457e-006, 8.01378064352e-006, 9.98575387712e-007, 2.45840033131e-006, 6.8828427402e-007, 7.77543789354e-008, 2.61078287878e-008, 7.08912439862e-009, 1.75684977677e-009, 4.43363745717e-009, 5.52136159016e-009, 1.99639726972e-009, 1.02230324206e-009, 6.56041387881e-010],
        "var": [4.83149804886e-011, 5.91524724314e-007, 2.00231124836e-006, 1.02595840872e-005, 4.66981291538e-005, 1.43753659358e-005, 3.70159359591e-005, 1.59723538218e-006, 4.23719484388e-006, 2.66809856839e-005, 6.28763973509e-006, 1.40633198953e-006, 1.25809151985e-009, 1.57836455017e-009, 1.6523387103e-009, 1.61986934283e-011, 1.53371690348e-011, 1.39876456771e-012, 1.93222818117e-014, 1.61619578398e-014, 2.9531403483e-015, 1.1880805726e-016, 1.64543635658e-015, 3.22023630634e-015, 6.39114151972e-017, 3.33643233899e-017, 1.94036098985e-018]
    },
    "erbbands": {
        "mean": [0.00713440403342, 0.0968182757497, 0.410562336445, 3.56913518906, 5.57298517227, 16.0215682983, 27.6526298523, 18.0167217255, 42.9008712769, 22.6546554565, 12.3390674591, 19.246547699, 20.1854629517, 38.8993453979, 18.5756263733, 7.15519046783, 1.19027137756, 0.345334529877, 0.642974257469, 0.130465194583, 0.0541838370264, 0.15383528173, 0.0427452847362, 0.0153142660856, 0.00354868220165, 0.0013904592488, 0.000445000856416, 0.000245734670898, 7.44238423067e-005, 9.17564466363e-005, 0.000132296336233, 0.000134452231578, 9.43029808695e-005, 3.58028555638e-005, 1.99350979528e-005, 1.1955278751e-005, 6.05583318247e-006, 1.28169176605e-006, 7.17106604498e-006, 1.68464393937e-005],
        "var": [0.000187925805221, 0.0402087979019, 0.880612015724, 83.2608718872, 136.903808594, 720.670532227, 1965.68103027, 417.495300293, 9018.69433594, 1492.9921875, 651.30657959, 3415.93847656, 8235.57128906, 30528.2851563, 9656.86523438, 3691.63623047, 19.001832962, 0.911111712456, 8.3536605835, 0.220331519842, 0.0231219101697, 0.0591838732362, 0.005369218532, 0.000663042184897, 5.0411625125e-005, 3.13206619467e-005, 4.29406554758e-006, 3.98555948777e-006, 1.71661795889e-007, 3.91469654915e-007, 1.28830890844e-006, 1.32058482905e-006, 7.78146670655e-007, 8.9389677882e-009, 4.76800909865e-009, 8.717753186e-010, 1.4622190958e-010, 8.16417072835e-012, 1.0270477524e-010, 5.69580826948e-010]
    },
    "gfcc": {
        "mean": [-268.051147461, 261.679412842, -80.3956756592, -56.8200874329, -32.9218139648, -40.8149032593, -38.0983085632, -0.661276519299, -15.9839887619, -24.9126777649, 5.81151247025, -8.47030162811, 5.98891544342],
        "cov": [[3467.74438477, 637.830200195, 29.7710266113, -700.57244873, 55.4023170471, 362.332427979, 132.388793945, -300.302124023, -29.9988193512, -118.201629639, -175.981872559, -22.3672561646, -180.111740112], [637.830200195, 443.944091797, 127.873054504, -247.5287323, 126.856506348, 67.3915405273, 69.8750152588, -50.4161911011, 14.748301506, -25.9766292572, -31.6621322632, -36.4439926147, -39.8848838806], [29.7710266113, 127.873054504, 419.550109863, 95.5137252808, -43.8535614014, 50.6574020386, 61.0709533691, -60.5595245361, -1.1777510643, 15.9524030685, -65.1015777588, -30.175983429, -46.7853965759], [-700.57244873, -247.5287323, 95.5137252808, 557.467407227, 28.4932136536, -113.810081482, -87.52684021, 123.523445129, 24.0489654541, 42.0700759888, 56.0573921204, -38.2827529907, 9.61736679077], [55.4023170471, 126.856506348, -43.8535614014, 28.4932136536, 203.435394287, 28.8621997833, -16.7356052399, 31.3603591919, 25.7478199005, 0.936909794807, 21.6505889893, -27.4451904297, -8.24108600616], [362.332427979, 67.3915405273, 50.6574020386, -113.810081482, 28.8621997833, 250.435119629, 118.763717651, -82.9870376587, -18.0688476563, 17.0452880859, -53.0568962097, -20.9741725922, -10.9187765121], [132.388793945, 69.8750152588, 61.0709533691, -87.52684021, -16.7356052399, 118.763717651, 152.456787109, 5.2612118721, -28.7711868286, -21.2334308624, -30.4425792694, 6.32552576065, 7.25638151169], [-300.302124023, -50.4161911011, -60.5595245361, 123.523445129, 31.3603591919, -82.9870376587, 5.2612118721, 185.34602356, 61.7004241943, -20.8279819489, 38.5624580383, 14.5913887024, 47.1437835693], [-29.9988193512, 14.748301506, -1.1777510643, 24.0489654541, 25.7478199005, -18.0688476563, -28.7711868286, 61.7004241943, 117.223579407, 59.3681869507, -4.61786174774, -15.1767873764, 28.2459392548], [-118.201629639, -25.9766292572, 15.9524030685, 42.0700759888, 0.936909794807, 17.0452880859, -21.2334308624, -20.8279819489, 59.3681869507, 114.121513367, 22.9701576233, -27.4541759491, 14.267326355], [-175.981872559, -31.6621322632, -65.1015777588, 56.0573921204, 21.6505889893, -53.0568962097, -30.4425792694, 38.5624580383, -4.61786174774, 22.9701576233, 101.337944031, 45.9373779297, 21.4276008606], [-22.3672561646, -36.4439926147, -30.175983429, -38.2827529907, -27.4451904297, -20.9741725922, 6.32552576065, 14.5913887024, -15.1767873764, -27.4541759491, 45.9373779297, 124.204299927, 42.1587371826], [-180.111740112, -39.8848838806, -46.7853965759, 9.61736679077, -8.24108600616, -10.9187765121, 7.25638151169, 47.1437835693, 28.2459392548, 14.267326355, 21.4276008606, 42.1587371826, 99.8310317993]],
        "icov": [[0.00073257816257, -0.0015597846359, 0.000975259928964, -0.000529358454514, 0.00117020332254, -0.00117855938151, 0.000368485547369, 0.000938538229093, -0.00126933259889, 0.00112968066242, 0.000377273972845, -0.000752964988351, 0.00113896653056], [-0.0015597846359, 0.0146688567474, -0.00799023360014, 0.00737472623587, -0.0109074898064, 0.00667576724663, -0.00671164644882, 0.00357797159813, -0.00526117300615, 0.00570654077455, -0.00943587440997, 0.00832301285118, -0.00359714450315], [0.000975259928964, -0.00799023360014, 0.00893930718303, -0.00656379340217, 0.00614086026326, -0.00158327782992, -0.00212636310607, 0.00401012785733, -0.00251619704068, -0.000706826045644, 0.00587795674801, -0.00519697833806, 0.00372953247279], [-0.000529358454514, 0.00737472623587, -0.00656379340217, 0.00861367303878, -0.00567465322092, 0.00116309977602, 0.00312417792156, -0.00639369990677, 0.00467528449371, -0.00229488685727, -0.00337835028768, 0.0045365691185, -0.00164907437284], [0.00117020332254, -0.0109074898064, 0.00614086026326, -0.00567465322092, 0.0151202641428, -0.0081374598667, 0.00680893519893, -0.00270239636302, 0.000276511971606, 0.000180330665899, 0.00197868864052, -0.00300531648099, 0.00305785727687], [-0.00117855938151, 0.00667576724663, -0.00158327782992, 0.00116309977602, -0.0081374598667, 0.0159010924399, -0.0158682614565, 0.0108883818612, -0.00679779844359, 0.00194951484445, -0.00223408383317, 0.00343171670102, -0.00255927164108], [0.000368485547369, -0.00671164644882, -0.00212636310607, 0.00312417792156, 0.00680893519893, -0.0158682614565, 0.0309513080865, -0.0248515717685, 0.0241089425981, -0.01481931936, 0.0115476613864, -0.00600940920413, 0.000354224903276], [0.000938538229093, 0.00357797159813, 0.00401012785733, -0.00639369990677, -0.00270239636302, 0.0108883818612, -0.0248515717685, 0.0399487353861, -0.0381700508296, 0.030925411731, -0.0194239597768, 0.00859896559268, -0.00355517677963], [-0.00126933259889, -0.00526117300615, -0.00251619704068, 0.00467528449371, 0.000276511971606, -0.00679779844359, 0.0241089425981, -0.0381700508296, 0.053473290056, -0.0411694198847, 0.027060104534, -0.0110576367006, -0.000853832636494], [0.00112968066242, 0.00570654077455, -0.000706826045644, -0.00229488685727, 0.000180330665899, 0.00194951484445, -0.01481931936, 0.030925411731, -0.0411694198847, 0.0466143935919, -0.0295053962618, 0.0162477940321, -0.00463292049244], [0.000377273972845, -0.00943587440997, 0.00587795674801, -0.00337835028768, 0.00197868864052, -0.00223408383317, 0.0115476613864, -0.0194239597768, 0.027060104534, -0.0295053962618, 0.038254365325, -0.019573206082, 0.00485862325877], [-0.000752964988351, 0.00832301285118, -0.00519697833806, 0.0045365691185, -0.00300531648099, 0.00343171670102, -0.00600940920413, 0.00859896559268, -0.0110576367006, 0.0162477940321, -0.019573206082, 0.0221544224769, -0.00875059515238], [0.00113896653056, -0.00359714450315, 0.00372953247279, -0.00164907437284, 0.00305785727687, -0.00255927164108, 0.000354224903276, -0.00355517677963, -0.000853832636494, -0.00463292049244, 0.00485862325877, -0.00875059515238, 0.0177232380956]]
    },
    "melbands": {
        "mean": [8.96760102478e-005, 0.000191590224858, 0.000536546460353, 0.000838799111079, 0.000889653165359, 0.000438602932263, 0.000637474993709, 0.000213274353882, 9.97588504106e-005, 0.000111237699457, 9.95446534944e-005, 0.000164684272022, 6.56430784147e-005, 2.23666083912e-005, 7.72116709413e-006, 1.21080449844e-006, 5.82309041874e-007, 1.08949643618e-006, 3.48691941099e-007, 1.00039720508e-007, 4.33494378171e-008, 1.98858870704e-007, 3.4995956355e-008, 4.35446274594e-008, 7.68277352847e-009, 1.70076663863e-009, 2.2241131159e-009, 6.51519227457e-010, 3.12339626385e-010, 1.70463795857e-010, 1.15166903791e-010, 3.5289108441e-011, 3.04494450487e-011, 5.50595402604e-011, 6.68192723374e-011, 8.30999713486e-011, 7.92975338171e-011, 7.47713349569e-011, 3.22096446737e-011, 1.703544944e-011],
        "var": [3.38593473259e-008, 1.38637687996e-007, 1.70480655015e-006, 2.82700762e-006, 1.70197438365e-006, 2.6207345627e-007, 2.05636797546e-006, 1.31553917981e-007, 5.31713055807e-008, 1.19041807523e-007, 2.06403242942e-007, 5.92625553963e-007, 1.31320561536e-007, 2.51705696286e-008, 4.52871162793e-009, 6.23930854898e-012, 4.59762826768e-012, 2.55675862426e-011, 2.48025796949e-012, 1.76184370912e-013, 2.37665400191e-014, 1.05214055242e-013, 7.45703412214e-015, 5.27659428602e-015, 2.86742622563e-016, 1.19995269889e-017, 4.576355894e-017, 8.48944065342e-018, 1.22741050437e-018, 2.28642254566e-018, 9.36738513337e-019, 5.30838505215e-020, 3.106084849e-020, 2.0471512994e-019, 3.72528466133e-019, 6.59423834834e-019, 6.22231985036e-019, 8.84014021092e-019, 1.20694747127e-020, 4.12706216607e-021]
    },
    "mfcc": {
        "mean": [-879.520385742, 244.415985107, 52.429019928, -10.383898735, -5.32031345367, -20.4591350555, -20.820930481, -2.64691162109, -6.19506120682, -15.1130685806, -8.19340705872, -4.72626781464, -7.35176324844],
        "cov": [[1659.48632813, 1214.62475586, -398.101745605, -529.802856445, 21.204416275, 154.783905029, 78.6203384399, 36.8622894287, -20.162147522, -18.4186134338, 11.5201148987, -6.15160799026, -55.0722618103], [1214.62475586, 1051, -120.569717407, -429.561248779, -34.453994751, 180.119949341, 92.7954406738, 10.9867897034, 7.53934144974, -2.9327673912, 6.40608692169, 2.0136950016, -41.9082679749], [-398.101745605, -120.569717407, 375.624664307, 196.129852295, -43.2647514343, 17.7410888672, 29.1922683716, -20.7923488617, 14.9855909348, 20.1645374298, -3.30457544327, 17.919380188, 9.2277803421], [-529.802856445, -429.561248779, 196.129852295, 412.695648193, 124.158874512, -107.674850464, -49.5194473267, 22.8285770416, -8.08942604065, 0.520759224892, 31.6799640656, 20.5869617462, 12.2916889191], [21.204416275, -34.453994751, -43.2647514343, 124.158874512, 170.404724121, 34.5944671631, -29.5847682953, -6.13100719452, 4.35064792633, 21.4179859161, 39.7598228455, 19.9943294525, 12.5175333023], [154.783905029, 180.119949341, 17.7410888672, -107.674850464, 34.5944671631, 196.502044678, 84.7000427246, -53.1659202576, 4.38389778137, 54.0334281921, 10.751244545, 10.1100730896, 18.8396816254], [78.6203384399, 92.7954406738, 29.1922683716, -49.5194473267, -29.5847682953, 84.7000427246, 125.260391235, 51.6986274719, -6.04056453705, -1.25599789619, 0.589211285114, -7.68939638138, -4.76107311249], [36.8622894287, 10.9867897034, -20.7923488617, 22.8285770416, -6.13100719452, -53.1659202576, 51.6986274719, 139.871109009, 51.3185310364, -33.4087028503, -14.2272396088, -19.5731601715, -18.7205753326], [-20.162147522, 7.53934144974, 14.9855909348, -8.08942604065, 4.35064792633, 4.38389778137, -6.04056453705, 51.3185310364, 111.163093567, 63.5757331848, -12.7194261551, -35.1552734375, -11.1347303391], [-18.4186134338, -2.9327673912, 20.1645374298, 0.520759224892, 21.4179859161, 54.0334281921, -1.25599789619, -33.4087028503, 63.5757331848, 130.788848877, 51.9517440796, -26.9973831177, -29.241558075], [11.5201148987, 6.40608692169, -3.30457544327, 31.6799640656, 39.7598228455, 10.751244545, 0.589211285114, -14.2272396088, -12.7194261551, 51.9517440796, 100.634483337, 39.3138542175, -32.1633148193], [-6.15160799026, 2.0136950016, 17.919380188, 20.5869617462, 19.9943294525, 10.1100730896, -7.68939638138, -19.5731601715, -35.1552734375, -26.9973831177, 39.3138542175, 88.4732818604, 37.9847221375], [-55.0722618103, -41.9082679749, 9.2277803421, 12.2916889191, 12.5175333023, 18.8396816254, -4.76107311249, -18.7205753326, -11.1347303391, -29.241558075, -32.1633148193, 37.9847221375, 85.8319778442]],
        "icov": [[0.563432693481, -0.815576374531, 0.884899675846, -0.989451229572, 1.12085211277, -1.23540973663, 1.28866660595, -1.22770905495, 1.03949868679, -0.773803174496, 0.482452124357, -0.233309581876, 0.0765415504575], [-0.815576374531, 1.19259393215, -1.31508255005, 1.49725866318, -1.70713448524, 1.87459087372, -1.934030056, 1.8099834919, -1.50347495079, 1.09432840347, -0.663417041302, 0.311247169971, -0.0976045876741], [0.884899675846, -1.31508255005, 1.50741028786, -1.7685251236, 2.04454898834, -2.23533129692, 2.25431919098, -2.03909158707, 1.6259649992, -1.1254349947, 0.640710115433, -0.281267762184, 0.0817339345813], [-0.989451229572, 1.49725866318, -1.7685251236, 2.14834022522, -2.52698874474, 2.7740085125, -2.7661216259, 2.43378400803, -1.86787164211, 1.21591126919, -0.627880990505, 0.238128870726, -0.0530305430293], [1.12085211277, -1.70713448524, 2.04454898834, -2.52698874474, 3.02935814857, -3.36063027382, 3.36519002914, -2.94112658501, 2.22196435928, -1.39519906044, 0.664504826069, -0.217827215791, 0.027082297951], [-1.23540973663, 1.87459087372, -2.23533129692, 2.7740085125, -3.36063027382, 3.80218338966, -3.85723543167, 3.40486979485, -2.58764481544, 1.61679267883, -0.760092198849, 0.234793275595, -0.0237146113068], [1.28866660595, -1.934030056, 2.25431919098, -2.7661216259, 3.36519002914, -3.85723543167, 4.00200080872, -3.60873579979, 2.81076192856, -1.81038284302, 0.886761546135, -0.295518159866, 0.0380083099008], [-1.22770905495, 1.8099834919, -2.03909158707, 2.43378400803, -2.94112658501, 3.40486979485, -3.60873579979, 3.37057590485, -2.7221057415, 1.84891819954, -0.983639419079, 0.380417138338, -0.0769366398454], [1.03949868679, -1.50347495079, 1.6259649992, -1.86787164211, 2.22196435928, -2.58764481544, 2.81076192856, -2.7221057415, 2.30602669716, -1.6571931839, 0.959882080555, -0.415670931339, 0.109920814633], [-0.773803174496, 1.09432840347, -1.1254349947, 1.21591126919, -1.39519906044, 1.61679267883, -1.81038284302, 1.84891819954, -1.6571931839, 1.3013664484, -0.836770951748, 0.416198909283, -0.133247792721], [0.482452124357, -0.663417041302, 0.640710115433, -0.627880990505, 0.664504826069, -0.760092198849, 0.886761546135, -0.983639419079, 0.959882080555, -0.836770951748, 0.625229656696, -0.350844681263, 0.140248075128], [-0.233309581876, 0.311247169971, -0.281267762184, 0.238128870726, -0.217827215791, 0.234793275595, -0.295518159866, 0.380417138338, -0.415670931339, 0.416198909283, -0.350844681263, 0.231440857053, -0.100805521011], [0.0765415504575, -0.0976045876741, 0.0817339345813, -0.0530305430293, 0.027082297951, -0.0237146113068, 0.0380083099008, -0.0769366398454, 0.109920814633, -0.133247792721, 0.140248075128, -0.100805521011, 0.0645260885358]]
    },
    "spectral_contrast_coeffs": {
        "mean": [-0.538239061832, -0.63180321455, -0.6835064888, -0.784379065037, -0.779075443745, -0.915170431137],
        "var": [0.0077489297837, 0.0048753907904, 0.00653014983982, 0.00307848793454, 0.00237821508199, 0.000985618098639]
    },
    "spectral_contrast_valleys": {
        "mean": [-8.49213314056, -7.40055656433, -8.96464252472, -10.6458053589, -11.7366571426, -14.6796875],
        "var": [0.923144161701, 0.943927109241, 0.917446732521, 0.496365368366, 0.278172254562, 0.784132122993]
    }
},
"metadata": {
    "audio_properties": {
        "analysis_sample_rate": 44100,
        "bit_rate": 128074,
        "equal_loudness": 0,
        "length": 45.0612258911,
        "lossless": 0,
        "replay_gain": -4.32871627808,
        "sample_rate": 44100,
        "codec": "mp3",
        "downmix": "mix",
        "md5_encoded": "0d200bdc950c4951def3d9818dca4b79"
    },
    "tags": {
        "file_name": "1118.mp3"
    },
    "version": {
        "essentia": "2.1-beta2",
        "essentia_git_sha": "v2.1_beta2",
        "extractor": "music 1.0"
    }
},
"rhythm": {
    "beats_count": 107,
    "beats_loudness": {
        "mean": 0.0219862554222,
        "var": 0.000750289764255
    },
    "bpm": 139.122146606,
    "bpm_histogram_first_peak_bpm": {
        "mean": 140,
        "var": 0
    },
    "bpm_histogram_first_peak_spread": {
        "mean": 0.506666660309,
        "var": 0
    },
    "bpm_histogram_first_peak_weight": {
        "mean": 0.349056601524,
        "var": 0
    },
    "bpm_histogram_second_peak_bpm": {
        "mean": 178,
        "var": 0
    },
    "bpm_histogram_second_peak_spread": {
        "mean": 0,
        "var": 0
    },
    "bpm_histogram_second_peak_weight": {
        "mean": 0.0849056616426,
        "var": 0
    },
    "danceability": 0.83087515831,
    "onset_rate": 1.75238013268,
    "beats_loudness_band_ratio": {
        "mean": [0.15857450664, 0.509367585182, 0.295332998037, 0.113362804055, 0.00146654678974, 9.71516146819e-006],
        "var": [0.0195829551667, 0.048622764647, 0.0361188314855, 0.0417742431164, 1.19883679872e-005, 1.22714310935e-010]
    },
    "beats_position": [0.452789098024, 0.917188167572, 1.38158726692, 1.83437633514, 2.29877543449, 2.75156450272, 3.20435357094, 3.64553284645, 4.06349182129, 4.48145103455, 4.92263031006, 5.35219955444, 5.78176879883, 6.2229475975, 6.67573690414, 7.11691617966, 7.53487491608, 7.95283412933, 8.38240337372, 8.80036258698, 9.22993183136, 9.65950107574, 10.0890703201, 10.5186395645, 10.9365987778, 11.3429479599, 11.7725172043, 12.202085495, 12.6316547394, 13.0728340149, 13.5140132904, 13.9435825348, 14.3731517792, 14.8027210236, 15.2555103302, 15.6734695435, 16.1030387878, 16.5558280945, 16.99700737, 17.4381847382, 17.8561439514, 18.2857131958, 18.7152824402, 19.1448516846, 19.574420929, 20.0039901733, 20.4451694489, 20.8050785065, 21.1417675018, 21.4784584045, 21.8151473999, 22.1518363953, 22.4885253906, 22.825214386, 23.1735134125, 23.5102043152, 23.8585033417, 24.195192337, 24.5318813324, 24.8453502655, 25.1704311371, 25.5187301636, 25.8321990967, 26.1340579987, 26.4475269318, 26.865486145, 27.3066654205, 27.747844696, 28.1774139404, 28.6069831848, 29.0481624603, 29.4777317047, 29.9073009491, 30.3484802246, 30.7896595001, 31.2308387756, 31.6371879578, 32.0551452637, 32.4847145081, 32.9142837524, 33.3438529968, 33.7734222412, 34.2146034241, 34.6441726685, 35.0737419128, 35.5033111572, 35.9444885254, 36.3740577698, 36.8036270142, 37.2331962585, 37.6743774414, 38.1155548096, 38.5567321777, 38.9863014221, 39.3810424805, 39.7989997864, 40.216960907, 40.6349182129, 41.0760993958, 41.5056686401, 41.9352378845, 42.3648071289, 42.8175964355, 43.2587738037, 43.6999549866, 44.1411323547, 44.5823135376]
},
"tonal": {
    "chords_changes_rate": 0.0524691343307,
    "chords_number_rate": 0.00720164598897,
    "chords_strength": {
        "mean": 0.490508824587,
        "var": 0.00617017876357
    },
    "hpcp_entropy": {
        "mean": 1.31011772156,
        "var": 0.294036030769
    },
    "key_strength": 0.672992348671,
    "tuning_diatonic_strength": 0.454673051834,
    "tuning_equal_tempered_deviation": 0.00288983131759,
    "tuning_frequency": 440.254241943,
    "tuning_nontempered_energy_ratio": 0.570187628269,
    "hpcp": {
        "mean": [0.41659206152, 0.195406705141, 0.00414525158703, 0.00126303418074, 0.00243648490869, 0.0802201777697, 0.167458668351, 0.103510946035, 0.131712421775, 0.266597092152, 0.162950485945, 0.0233054924756, 0.0355836600065, 0.0495540983975, 0.284801363945, 0.504540264606, 0.254642128944, 0.0125185102224, 0.00179698434658, 0.00132646015845, 0.0425589494407, 0.0934876799583, 0.0568684265018, 0.0933739617467, 0.185390010476, 0.0986304357648, 0.00285524479114, 0.00275632180274, 0.00361134880222, 0.13518768549, 0.293268829584, 0.164048343897, 0.00424097245559, 0.00172917917371, 0.0116946632043, 0.235151693225],
        "var": [0.150141730905, 0.0351517498493, 0.000607352820225, 0.000225729541853, 0.000269422802376, 0.0181033406407, 0.0727950409055, 0.0250055678189, 0.0456624478102, 0.134593874216, 0.0569584295154, 0.00413582101464, 0.021661221981, 0.0222543235868, 0.0534763932228, 0.169190734625, 0.045573733747, 0.00145836023148, 0.000123540492496, 6.09603921475e-005, 0.0112352157012, 0.0564676821232, 0.021127698943, 0.0309519749135, 0.122724302113, 0.0359828993678, 0.000140850737807, 0.000249971315498, 0.000172647211002, 0.0332461893559, 0.143743753433, 0.0471296459436, 0.000124662838061, 0.000235071711359, 0.002361160703, 0.0523992925882]
    },
    "chords_histogram": [22.2222213745, 0, 7.40740728378, 0, 3.08641982079, 0, 0, 0, 0, 0, 0, 0, 0, 0, 0, 0, 0, 0, 0, 26.440328598, 17.6954727173, 6.06995868683, 16.9753093719, 0.102880656719],
    "thpcp": [1, 0.504701316357, 0.0248117167503, 0.00356162711978, 0.00262904725969, 0.0843519419432, 0.185292810202, 0.112713359296, 0.185067415237, 0.367443442345, 0.195485755801, 0.00565910199657, 0.00546303624287, 0.00715770199895, 0.26794230938, 0.581259489059, 0.325144201517, 0.00840561743826, 0.00342723727226, 0.0231788493693, 0.466071218252, 0.825686454773, 0.387296557426, 0.0082158986479, 0.00250333664007, 0.00482911895961, 0.158996582031, 0.331903487444, 0.205158933997, 0.261054337025, 0.528396070004, 0.322968244553, 0.0461915396154, 0.0705268979073, 0.0982163399458, 0.564476966858],
    "chords_key": "D",
    "chords_scale": "minor",
    "key_key": "G",
    "key_scale": "major"
}
}