{
"lowlevel": {
    "average_loudness": 0.219894528389,
    "barkbands_crest": {
        "mean": 14.2948579788,
        "var": 24.2719974518
    },
    "barkbands_flatness_db": {
        "mean": 0.432151585817,
        "var": 0.00300327595323
    },
    "barkbands_kurtosis": {
        "mean": 6.78319978714,
        "var": 476.655517578
    },
    "barkbands_skewness": {
        "mean": 0.567961335182,
        "var": 2.780636549
    },
    "barkbands_spread": {
        "mean": 3.28593063354,
        "var": 4.89017105103
    },
    "dissonance": {
        "mean": 0.349788933992,
        "var": 0.00703678838909
    },
    "dynamic_complexity": 8.33764362335,
    "erbbands_crest": {
        "mean": 15.7913122177,
        "var": 28.4913158417
    },
    "erbbands_flatness_db": {
        "mean": 0.459895163774,
        "var": 0.00230661965907
    },
    "erbbands_kurtosis": {
        "mean": 3.31148386002,
        "var": 48.0776748657
    },
    "erbbands_skewness": {
        "mean": 0.464524388313,
        "var": 1.20807421207
    },
    "erbbands_spread": {
        "mean": 6.1133389473,
        "var": 10.4423112869
    },
    "hfc": {
        "mean": 6.42338705063,
        "var": 172.835876465
    },
    "melbands_crest": {
        "mean": 16.0990085602,
        "var": 35.1404647827
    },
    "melbands_flatness_db": {
        "mean": 0.536061048508,
        "var": 0.00287281628698
    },
    "melbands_kurtosis": {
        "mean": 4.15905380249,
        "var": 60.8155708313
    },
    "melbands_skewness": {
        "mean": 0.745477795601,
        "var": 1.61102175713
    },
    "melbands_spread": {
        "mean": 5.73607110977,
        "var": 23.1211299896
    },
    "pitch_salience": {
        "mean": 0.493727177382,
        "var": 0.018993973732
    },
    "silence_rate_20dB": {
        "mean": 1,
        "var": 0
    },
    "silence_rate_30dB": {
        "mean": 0.987126648426,
        "var": 0.0127076916397
    },
    "silence_rate_60dB": {
        "mean": 0.5,
        "var": 0.25
    },
    "spectral_centroid": {
        "mean": 547.67175293,
        "var": 73625.015625
    },
    "spectral_complexity": {
        "mean": 6.12512874603,
        "var": 15.2454710007
    },
    "spectral_decrease": {
        "mean": -3.08589842568e-009,
        "var": 4.23897075971e-017
    },
    "spectral_energy": {
        "mean": 0.0122295217589,
        "var": 0.000661993981339
    },
    "spectral_energyband_high": {
        "mean": 1.23975691935e-008,
        "var": 1.18617308087e-015
    },
    "spectral_energyband_low": {
        "mean": 0.000246195791988,
        "var": 5.81466963467e-007
    },
    "spectral_energyband_middle_high": {
        "mean": 0.00160690525081,
        "var": 2.31535414059e-005
    },
    "spectral_energyband_middle_low": {
        "mean": 0.0104535128921,
        "var": 0.000561245600693
    },
    "spectral_entropy": {
        "mean": 5.14575958252,
        "var": 0.235367923975
    },
    "spectral_flux": {
        "mean": 0.0198449268937,
        "var": 0.000962880032603
    },
    "spectral_kurtosis": {
        "mean": 200.376968384,
        "var": 7398.55078125
    },
    "spectral_rms": {
        "mean": 0.00251475279219,
        "var": 5.60722764931e-006
    },
    "spectral_rolloff": {
        "mean": 727.126953125,
        "var": 214377.828125
    },
    "spectral_skewness": {
        "mean": 10.7301607132,
        "var": 7.8890786171
    },
    "spectral_spread": {
        "mean": 781583.3125,
        "var": 1.13362455757e+012
    },
    "spectral_strongpeak": {
        "mean": 1.07113659382,
        "var": 1.75858163834
    },
    "zerocrossingrate": {
        "mean": 0.0261695627123,
        "var": 0.000170508035808
    },
    "barkbands": {
        "mean": [3.78806248591e-007, 6.14723903709e-005, 0.000128385261633, 0.000120956916362, 0.00123938149773, 0.00293682818301, 0.00160163932014, 0.00285613676533, 0.00164428807329, 0.000870456162374, 0.00037185952533, 0.000211580030737, 0.000112042063847, 5.44924005226e-005, 9.44781822909e-006, 4.24506333729e-006, 4.92003709951e-006, 7.56510189603e-007, 2.36610475213e-007, 1.09200906095e-008, 1.41889622274e-009, 9.33747301701e-010, 9.38151223373e-010, 1.05257669247e-009, 1.26064159112e-009, 1.09154207895e-009, 4.91822194082e-010],
        "var": [3.32430263872e-012, 5.82095687207e-008, 1.41882424032e-007, 1.39253202747e-007, 7.32475291443e-006, 0.000251157180173, 1.94968033611e-005, 8.57532941154e-005, 2.06715703825e-005, 1.27409393826e-005, 5.68488394492e-006, 1.54342944825e-006, 4.10797639461e-007, 1.21771265071e-007, 1.04148334401e-009, 5.80320680399e-010, 2.67496003126e-009, 4.8558608523e-011, 9.71851332049e-012, 8.84334075966e-015, 1.82930959379e-017, 3.93793971703e-018, 1.84364992776e-018, 1.39355676144e-018, 4.30760301046e-018, 9.87705660369e-019, 9.90709463366e-019]
    },
    "erbbands": {
        "mean": [0.000786885619164, 0.0186858773232, 0.117820411921, 0.318898528814, 1.05907416344, 4.14456558228, 11.1768369675, 30.3968372345, 33.4315719604, 24.6173095703, 64.1932525635, 37.3966598511, 28.2845745087, 18.3623065948, 13.909860611, 7.17268419266, 6.14155054092, 1.61948752403, 2.38517093658, 0.705144762993, 0.190168365836, 0.344637215137, 0.0676929801702, 0.0200304090977, 0.0093126790598, 0.000794843013864, 0.000180001414265, 5.45418552065e-005, 4.13722445956e-005, 3.67590546375e-005, 3.37771853083e-005, 2.96570742648e-005, 2.56659823208e-005, 2.15836225834e-005, 1.64560642588e-005, 1.11305826067e-005, 5.57965904591e-006, 1.32638763262e-006, 5.95878327658e-006, 1.38279747262e-005],
        "var": [1.50802625285e-005, 0.00466156098992, 0.114429339767, 0.951895773411, 8.83787727356, 90.7114486694, 1152.44189453, 32660.8027344, 9373.61523438, 4078.19750977, 38037.2734375, 11870.6240234, 7079.71386719, 3406.43725586, 6538.69580078, 1416.17260742, 1213.57580566, 31.9234085083, 258.706939697, 5.49221515656, 0.923347175121, 13.0174837112, 0.358968168497, 0.0516749247909, 0.0149650266394, 5.00264613947e-005, 1.19861283565e-006, 2.46336249177e-008, 7.15580528166e-009, 3.61030871865e-009, 2.01299865665e-009, 1.33694555426e-009, 9.4779439852e-010, 9.43681910393e-010, 5.04646491262e-010, 2.11362038982e-010, 7.32256477676e-011, 3.7112674045e-012, 1.53654075574e-010, 8.40674141411e-010]
    },
    "gfcc": {
        "mean": [-324.803833008, 225.79498291, -103.814315796, -107.746032715, -58.1913833618, -14.1326446533, -38.5256690979, -10.5746879578, -5.49362802505, -11.2064418793, -8.43912220001, -8.27067470551, 0.115945450962],
        "cov": [[9500.90917969, 3473.00610352, -1238.61230469, -565.761169434, 2062.61962891, -601.643066406, -304.683380127, -377.265014648, 47.4772338867, -959.628540039, -66.8714523315, -813.378051758, -528.811950684], [3473.00610352, 2066.29370117, 200.09375, 4.9441986084, 995.659301758, 129.146575928, -105.438468933, -386.240447998, -110.420661926, -503.287811279, -184.587356567, -429.315917969, -255.274749756], [-1238.61230469, 200.09375, 1289.44567871, 488.450164795, -268.323852539, 309.914031982, 190.98916626, -166.01512146, -230.734176636, 30.5482273102, -110.338844299, 18.8205909729, 41.7491264343], [-565.761169434, 4.9441986084, 488.450164795, 480.002349854, 43.9459152222, 107.999267578, 69.1043777466, 25.956161499, -106.457221985, 15.4068260193, 6.01252269745, 57.6535987854, -7.20340013504], [2062.61962891, 995.659301758, -268.323852539, 43.9459152222, 791.714172363, 64.2158203125, -93.5383987427, -104.937065125, 18.8340492249, -264.341033936, -62.9723510742, -218.228881836, -160.463516235], [-601.643066406, 129.146575928, 309.914031982, 107.999267578, 64.2158203125, 434.549102783, 132.216537476, -94.5698013306, -54.4289588928, 30.6405124664, -116.218933105, -55.694896698, -6.38887548447], [-304.683380127, -105.438468933, 190.98916626, 69.1043777466, -93.5383987427, 132.216537476, 252.36138916, 98.3024139404, -28.3647727966, 41.1020965576, -0.410849690437, -22.6623020172, -4.64340162277], [-377.265014648, -386.240447998, -166.01512146, 25.956161499, -104.937065125, -94.5698013306, 98.3024139404, 244.936386108, 101.38230896, 84.3487930298, 79.8504257202, 73.3880767822, 11.8745040894], [47.4772338867, -110.420661926, -230.734176636, -106.457221985, 18.8340492249, -54.4289588928, -28.3647727966, 101.38230896, 171.68737793, 81.5024719238, 20.1081390381, -21.0628299713, -1.68727731705], [-959.628540039, -503.287811279, 30.5482273102, 15.4068260193, -264.341033936, 30.6405124664, 41.1020965576, 84.3487930298, 81.5024719238, 254.838104248, 71.6697769165, 76.7958755493, 41.267288208], [-66.8714523315, -184.587356567, -110.338844299, 6.01252269745, -62.9723510742, -116.218933105, -0.410849690437, 79.8504257202, 20.1081390381, 71.6697769165, 145.859298706, 102.279632568, -4.31381368637], [-813.378051758, -429.315917969, 18.8205909729, 57.6535987854, -218.228881836, -55.694896698, -22.6623020172, 73.3880767822, -21.0628299713, 76.7958755493, 102.279632568, 239.748291016, 107.182136536], [-528.811950684, -255.274749756, 41.7491264343, -7.20340013504, -160.463516235, -6.38887548447, -4.64340162277, 11.8745040894, -1.68727731705, 41.267288208, -4.31381368637, 107.182136536, 145.280929565]],
        "icov": [[0.00159819144756, -0.00287868198939, 0.00200883997604, -0.000245932227699, -0.00122378533706, 0.00427811592817, -0.00419576419517, 0.00253428844735, 7.58695387049e-005, -0.00210172194056, 0.00233431858942, -0.00170275836717, 0.000588294351473], [-0.00287868198939, 0.0118558248505, -0.00845023896545, 0.00440391944721, -0.00469021126628, -0.00718941632658, 0.00782566517591, -0.00114900548942, -0.00274547212757, 0.0099282534793, -0.00944508984685, 0.00704305572435, -0.000480534130475], [0.00200883997604, -0.00845023896545, 0.0107386596501, -0.00932362861931, 0.00701174419373, 0.00572992023081, -0.011442553252, 0.0102455383167, -0.00409443676472, -0.00406076619402, 0.00818311423063, -0.00694820377976, 0.00218411558308], [-0.000245932227699, 0.00440391944721, -0.00932362861931, 0.0143066765741, -0.0105727510527, -0.00120803143363, 0.00899824127555, -0.0137768713757, 0.0120859080926, -0.00364688434638, -0.00253817648627, 0.00352947972715, -0.00158845563419], [-0.00122378533706, -0.00469021126628, 0.00701174419373, -0.0105727510527, 0.0166400875896, -0.00758264260367, 0.00239035859704, 0.00103123916779, -0.00635916739702, 0.0059129842557, -0.00375584256835, 0.00218904693611, -0.000677127798554], [0.00427811592817, -0.00718941632658, 0.00572992023081, -0.00120803143363, -0.00758264260367, 0.0221063029021, -0.0223736949265, 0.016845908016, -0.00301082362421, -0.0123184388503, 0.0200102627277, -0.015717310831, 0.00739185186103], [-0.00419576419517, 0.00782566517591, -0.011442553252, 0.00899824127555, 0.00239035859704, -0.0223736949265, 0.0372262522578, -0.0344240479171, 0.017806911841, 0.0060897609219, -0.0209188144654, 0.0231649782509, -0.0113619025797], [0.00253428844735, -0.00114900548942, 0.0102455383167, -0.0137768713757, 0.00103123916779, 0.016845908016, -0.0344240479171, 0.0477143749595, -0.031269710511, 0.00641400739551, 0.0102988146245, -0.0186790414155, 0.012359351851], [7.58695387049e-005, -0.00274547212757, -0.00409443676472, 0.0120859080926, -0.00635916739702, -0.00301082362421, 0.017806911841, -0.031269710511, 0.0364325121045, -0.0178308170289, 0.00211866549216, 0.00908963009715, -0.00795829575509], [-0.00210172194056, 0.0099282534793, -0.00406076619402, -0.00364688434638, 0.0059129842557, -0.0123184388503, 0.0060897609219, 0.00641400739551, -0.0178308170289, 0.029580226168, -0.0233209338039, 0.0129706952721, -0.00243045389652], [0.00233431858942, -0.00944508984685, 0.00818311423063, -0.00253817648627, -0.00375584256835, 0.0200102627277, -0.0209188144654, 0.0102988146245, 0.00211866549216, -0.0233209338039, 0.0443991012871, -0.0311975330114, 0.0156280323863], [-0.00170275836717, 0.00704305572435, -0.00694820377976, 0.00352947972715, 0.00218904693611, -0.015717310831, 0.0231649782509, -0.0186790414155, 0.00908963009715, 0.0129706952721, -0.0311975330114, 0.0349171757698, -0.0179225895554], [0.000588294351473, -0.000480534130475, 0.00218411558308, -0.00158845563419, -0.000677127798554, 0.00739185186103, -0.0113619025797, 0.012359351851, -0.00795829575509, -0.00243045389652, 0.0156280323863, -0.0179225895554, 0.0199621673673]]
    },
    "melbands": {
        "mean": [1.22623632706e-005, 5.04650524817e-005, 7.09661617293e-005, 0.000157354661496, 0.000361587241059, 0.00065170112066, 0.000474835076602, 0.000394786620745, 0.000489102036227, 0.000212425773498, 0.000146403093822, 8.79631261341e-005, 5.57963903702e-005, 2.16240005102e-005, 1.97937461053e-005, 9.03863565327e-006, 2.24746599997e-006, 5.14395560458e-006, 6.88088789502e-007, 6.51099639981e-007, 1.33574573624e-007, 3.46078991242e-007, 1.34779511995e-007, 4.93588174777e-008, 1.04427835268e-008, 1.36542208651e-008, 3.27288418589e-010, 3.33926053475e-010, 1.15918039056e-010, 3.62867201564e-011, 2.11552407536e-011, 1.94049290525e-011, 1.72269126048e-011, 1.63154455224e-011, 1.5723171029e-011, 1.37697370867e-011, 1.33537425909e-011, 1.22951536105e-011, 1.21253319885e-011, 1.13092408702e-011],
        "var": [2.7674047498e-009, 2.23445670855e-008, 4.08698070942e-008, 1.31139756832e-007, 1.03349918845e-006, 1.36307062348e-005, 1.91833692043e-006, 1.41715179325e-006, 2.13474254451e-006, 3.36457048888e-007, 2.22662208671e-007, 9.44162650285e-008, 1.35541924351e-007, 2.3834045848e-008, 1.79429200386e-008, 2.50765452847e-009, 1.03196833023e-010, 1.31737687425e-009, 5.3690225009e-012, 6.8470507042e-012, 3.3942125369e-013, 1.36157170608e-011, 1.73820788492e-012, 2.68644102189e-013, 1.49653543952e-014, 3.34531732285e-014, 1.34033302433e-017, 4.70783807216e-018, 6.94895407452e-019, 1.35957780392e-020, 3.73187097387e-021, 1.89616796897e-021, 1.17985661958e-021, 7.14897811618e-022, 4.21036749325e-022, 3.80486496763e-022, 2.27538989015e-022, 1.63751254457e-022, 3.63212563396e-022, 3.80419046e-022]
    },
    "mfcc": {
        "mean": [-910.449707031, 212.383392334, 23.3791313171, -52.9907455444, -33.7001457214, -18.6895198822, -19.9023780823, -13.5899906158, -5.08353281021, -2.01928162575, -2.9956612587, -6.2805762291, -5.65633106232],
        "cov": [[5111.64990234, 3840.11621094, -776.137145996, -751.365844727, 745.742126465, 419.092498779, -91.5440673828, 30.2187023163, -123.558525085, -263.797943115, -48.0665054321, -23.4198207855, -254.105331421], [3840.11621094, 3151.5871582, -153.319274902, -463.190826416, 546.618164063, 506.222106934, 98.2445983887, 27.3810329437, -92.2834014893, -196.92678833, -99.3490524292, -68.0973968506, -205.489883423], [-776.137145996, -153.319274902, 888.96081543, 439.015319824, -65.6827926636, 217.930938721, 312.575561523, 58.5981330872, 7.84213113785, 13.7937955856, -82.5055160522, -52.6762123108, 23.0462741852], [-751.365844727, -463.190826416, 439.015319824, 510.380310059, 102.316337585, 10.5921754837, 136.449996948, 107.657234192, 2.23667883873, -30.7983875275, -13.1801738739, 29.0335693359, 50.3257141113], [745.742126465, 546.618164063, -65.6827926636, 102.316337585, 379.590637207, 219.033935547, 43.1532745361, 43.0821228027, -7.75294780731, -75.2087097168, -43.538230896, -5.65600347519, -24.0628013611], [419.092498779, 506.222106934, 217.930938721, 10.5921754837, 219.033935547, 436.192749023, 243.366989136, 3.09279751778, 8.50060558319, 11.6020421982, -75.6096878052, -74.5911102295, -28.8504562378], [-91.5440673828, 98.2445983887, 312.575561523, 136.449996948, 43.1532745361, 243.366989136, 296.296417236, 110.29486084, 7.89441347122, 12.6951255798, -8.78898715973, -7.62217187881, 6.33221149445], [30.2187023163, 27.3810329437, 58.5981330872, 107.657234192, 43.0821228027, 3.09279751778, 110.29486084, 157.506881714, 48.4117126465, -22.1889381409, 16.224905014, 41.6685218811, 15.6443510056], [-123.558525085, -92.2834014893, 7.84213113785, 2.23667883873, -7.75294780731, 8.50060558319, 7.89441347122, 48.4117126465, 123.182220459, 109.061126709, 12.8833913803, -31.5816936493, -0.694358050823], [-263.797943115, -196.92678833, 13.7937955856, -30.7983875275, -75.2087097168, 11.6020421982, 12.6951255798, -22.1889381409, 109.061126709, 224.317001343, 116.457595825, -21.9450187683, -23.412853241], [-48.0665054321, -99.3490524292, -82.5055160522, -13.1801738739, -43.538230896, -75.6096878052, -8.78898715973, 16.224905014, 12.8833913803, 116.457595825, 203.306045532, 121.379394531, -8.20666503906], [-23.4198207855, -68.0973968506, -52.6762123108, 29.0335693359, -5.65600347519, -74.5911102295, -7.62217187881, 41.6685218811, -31.5816936493, -21.9450187683, 121.379394531, 167.064117432, 63.6501502991], [-254.105331421, -205.489883423, 23.0462741852, 50.3257141113, -24.0628013611, -28.8504562378, 6.33221149445, 15.6443510056, -0.694358050823, -23.412853241, -8.20666503906, 63.6501502991, 120.821228027]],
        "icov": [[-128.390884399, 179.642166138, -173.637451172, 162.811416626, -146.70664978, 125.563591003, -100.807418823, 74.7087936401, -50.161315918, 29.7165088654, -14.9150896072, 5.85102033615, -1.44023561478], [179.642166138, -249.478515625, 236.028503418, -214.31161499, 185.713607788, -152.371826172, 117.209999084, -83.3638458252, 53.8495826721, -30.7780723572, 14.9386634827, -5.68053150177, 1.35942137241], [-173.637451172, 236.028503418, -209.234909058, 170.284927368, -126.022377014, 83.4345321655, -47.9188690186, 22.4223194122, -7.07640028, -0.0574771538377, 1.97620201111, -1.47093188763, 0.517693340778], [162.811416626, -214.31161499, 170.284927368, -109.101890564, 44.7091903687, 9.59245491028, -45.1786346436, 59.3117256165, -55.6457214355, 41.4422035217, -24.7107486725, 11.1014690399, -3.04930138588], [-146.70664978, 185.713607788, -126.022377014, 44.7091903687, 37.7696266174, -102.249053955, 137.106918335, -139.760513306, 117.385116577, -82.2727432251, 47.2377243042, -20.6980724335, 5.58844566345], [125.563591003, -152.371826172, 83.4345321655, 9.59245491028, -102.249053955, 171.732971191, -204.538894653, 198.164108276, -162.080947876, 111.898208618, -63.6847457886, 27.7688159943, -7.47962808609], [-100.807418823, 117.209999084, -47.9188690186, -45.1786346436, 137.106918335, -204.538894653, 233.755233765, -222.279891968, 180.173629761, -123.902160645, 70.4663009644, -30.7672424316, 8.30957794189], [74.7087936401, -83.3638458252, 22.4223194122, 59.3117256165, -139.760513306, 198.164108276, -222.279891968, 209.779037476, -169.636291504, 116.729019165, -66.576499939, 29.1925811768, -7.92683172226], [-50.161315918, 53.8495826721, -7.07640028, -55.6457214355, 117.385116577, -162.080947876, 180.173629761, -169.636291504, 137.336334229, -94.8144607544, 54.3617134094, -23.9941711426, 6.56411647797], [29.7165088654, -30.7780723572, -0.0574771501124, 41.4422035217, -82.2727432251, 111.898208618, -123.902160645, 116.729019165, -94.8144607544, 65.8194122314, -38.0248222351, 16.9415454865, -4.68394708633], [-14.9150896072, 14.9386634827, 1.97620201111, -24.7107486725, 47.2377243042, -63.6847457886, 70.4663009644, -66.576499939, 54.3617134094, -38.0248222351, 22.2013549805, -10.0190038681, 2.81280064583], [5.85102033615, -5.68053150177, -1.47093188763, 11.1014690399, -20.6980724335, 27.7688159943, -30.7672424316, 29.1925811768, -23.9941711426, 16.9415454865, -10.0190038681, 4.60113096237, -1.31754136086], [-1.44023561478, 1.35942137241, 0.517693340778, -3.04930138588, 5.58844566345, -7.47962808609, 8.30957794189, -7.92683172226, 6.56411647797, -4.68394708633, 2.81280064583, -1.31754136086, 0.395766407251]]
    },
    "spectral_contrast_coeffs": {
        "mean": [-0.610694587231, -0.646889507771, -0.663413345814, -0.711767971516, -0.792967557907, -0.906257092953],
        "var": [0.0178330242634, 0.0121774142608, 0.00726703740656, 0.00562283303589, 0.00671871751547, 0.000378098193323]
    },
    "spectral_contrast_valleys": {
        "mean": [-10.1966772079, -7.93640565872, -9.04260063171, -11.0462379456, -13.1512870789, -14.7668848038],
        "var": [2.73724746704, 2.241771698, 2.41586732864, 1.78004789352, 0.418635040522, 0.460243552923]
    }
},
"metadata": {
    "audio_properties": {
        "analysis_sample_rate": 44100,
        "bit_rate": 128074,
        "equal_loudness": 0,
        "length": 45.0612258911,
        "lossless": 0,
        "replay_gain": -4.64611816406,
        "sample_rate": 44100,
        "codec": "mp3",
        "downmix": "mix",
        "md5_encoded": "770216b617597c02c2b5fb7896a4e432"
    },
    "tags": {
        "file_name": "1119.mp3"
    },
    "version": {
        "essentia": "2.1-beta2",
        "essentia_git_sha": "v2.1_beta2",
        "extractor": "music 1.0"
    }
},
"rhythm": {
    "beats_count": 95,
    "beats_loudness": {
        "mean": 0.0241520032287,
        "var": 0.00174090999644
    },
    "bpm": 143.497589111,
    "bpm_histogram_first_peak_bpm": {
        "mean": 144,
        "var": 0
    },
    "bpm_histogram_first_peak_spread": {
        "mean": 0.575757622719,
        "var": 0
    },
    "bpm_histogram_first_peak_weight": {
        "mean": 0.148936167359,
        "var": 0
    },
    "bpm_histogram_second_peak_bpm": {
        "mean": 123,
        "var": 0
    },
    "bpm_histogram_second_peak_spread": {
        "mean": 0.357142835855,
        "var": 0
    },
    "bpm_histogram_second_peak_weight": {
        "mean": 0.0957446843386,
        "var": 0
    },
    "danceability": 0.982351720333,
    "onset_rate": 1.66365206242,
    "beats_loudness_band_ratio": {
        "mean": [0.0439232438803, 0.338700175285, 0.437350392342, 0.215242862701, 0.00605970481411, 1.43230217873e-005],
        "var": [0.00522778276354, 0.0834954380989, 0.0742015466094, 0.0652496516705, 0.000178850605153, 1.55220092335e-009]
    },
    "beats_position": [0.429569154978, 0.882358253002, 1.30031740665, 1.71827661991, 2.12462592125, 2.53097510338, 2.93732428551, 3.34367346764, 3.76163268089, 4.17959165573, 4.59755086899, 5.02712011337, 5.45668935776, 5.87464857101, 6.33904743195, 6.80344676971, 7.2910656929, 7.80190467834, 8.3011341095, 8.80036258698, 9.22993183136, 9.65950107574, 10.077460289, 10.4954195023, 10.9133787155, 11.3313379288, 11.749297142, 12.1788663864, 12.6084346771, 13.0496139526, 13.6068935394, 14.1641721725, 14.7214508057, 15.1626300812, 15.5921993256, 16.0333786011, 16.4397277832, 16.8460769653, 17.2640361786, 17.693605423, 18.1115646362, 18.5063037872, 18.8894329071, 19.2493419647, 19.6324710846, 20.0156002045, 20.4103393555, 20.8050785065, 21.1882076263, 21.5829467773, 21.9776859283, 22.3840351105, 22.7787742615, 23.1851234436, 23.5914726257, 24.0210418701, 24.4506111145, 24.8685703278, 25.4026298523, 25.9366893768, 26.4591369629, 26.9815864563, 27.5156459808, 28.0380954742, 28.5605430603, 29.0946025848, 29.6402721405, 30.1162815094, 30.5922889709, 31.0450782776, 31.5326976776, 32.0203170776, 32.5079345703, 32.9955558777, 33.4831733704, 33.9707946777, 34.4584121704, 34.9576416016, 35.4452590942, 36.0141487122, 36.5714263916, 37.151927948, 37.7324256897, 38.3129234314, 38.8353729248, 39.369430542, 39.9151000977, 40.4956016541, 41.0760993958, 41.703037262, 42.3183670044, 42.9336967468, 43.5490226746, 44.164352417, 44.7796821594]
},
"tonal": {
    "chords_changes_rate": 0.0277777779847,
    "chords_number_rate": 0.00720164598897,
    "chords_strength": {
        "mean": 0.442396193743,
        "var": 0.00988155137748
    },
    "hpcp_entropy": {
        "mean": 1.36149966717,
        "var": 0.235534861684
    },
    "key_strength": 0.713556289673,
    "tuning_diatonic_strength": 0.461108386517,
    "tuning_equal_tempered_deviation": 0.00590331153944,
    "tuning_frequency": 441.782684326,
    "tuning_nontempered_energy_ratio": 0.574514091015,
    "hpcp": {
        "mean": [0.101641200483, 0.0478962957859, 0.0134499762207, 0.0169745553285, 0.0107187237591, 0.0951350256801, 0.17414700985, 0.0847837105393, 0.0107702901587, 0.0192671585828, 0.0144705036655, 0.284576356411, 0.584199428558, 0.308767825365, 0.00497016636655, 0.00126455153804, 0.00218405434862, 0.0655224472284, 0.126703634858, 0.0656074658036, 0.0548744015396, 0.107871353626, 0.0611059591174, 0.0334568917751, 0.0382300056517, 0.0134546151385, 0.136739492416, 0.269196152687, 0.145050272346, 0.018637387082, 0.0118879852816, 0.00557726807892, 0.17301940918, 0.35927683115, 0.196403339505, 0.0633001327515],
        "var": [0.0690534487367, 0.0149833960459, 0.00163235259242, 0.00257224333473, 0.000319875427522, 0.0306204520166, 0.112276516855, 0.0276658348739, 0.00333899934776, 0.0119961164892, 0.00440823147073, 0.0404643081129, 0.160176277161, 0.0468021482229, 0.000579720479436, 3.77077740268e-005, 9.01801540749e-005, 0.0149576971307, 0.0548776723444, 0.0136013701558, 0.0147236026824, 0.0576382651925, 0.0153985237703, 0.00262936274521, 0.00372584536672, 0.000809690100141, 0.0338178500533, 0.135806322098, 0.0361004695296, 0.0015062734019, 0.000605395645835, 0.000345701788319, 0.0326840132475, 0.134331643581, 0.0406464338303, 0.0257475934923]
    },
    "chords_histogram": [20.8847732544, 13.7860078812, 33.0246925354, 0.514403283596, 0, 3.08641982079, 0, 11.728395462, 0, 10.0823049545, 0.102880656719, 6.79012346268, 0, 0, 0, 0, 0, 0, 0, 0, 0, 0, 0, 0],
    "thpcp": [1, 0.528531551361, 0.00850765313953, 0.00216458877549, 0.00373854232021, 0.112157672644, 0.216884210706, 0.112303197384, 0.0939309373498, 0.184648171067, 0.104597769678, 0.0572696402669, 0.065439991653, 0.0230308603495, 0.23406304419, 0.460794955492, 0.248288959265, 0.0319024398923, 0.0203491896391, 0.0095468563959, 0.296164989471, 0.614990055561, 0.336192280054, 0.108353637159, 0.173983737826, 0.0819862112403, 0.0230229198933, 0.0290560964495, 0.0183477140963, 0.162846833467, 0.298095136881, 0.145128026605, 0.0184359811246, 0.0329804457724, 0.0247698016465, 0.487121939659],
    "chords_key": "C#",
    "chords_scale": "minor",
    "key_key": "F#",
    "key_scale": "minor"
}
}