{
"lowlevel": {
    "average_loudness": 0.0346258319914,
    "barkbands_crest": {
        "mean": 10.4512929916,
        "var": 14.0490970612
    },
    "barkbands_flatness_db": {
        "mean": 0.198936969042,
        "var": 0.00118630367797
    },
    "barkbands_kurtosis": {
        "mean": 1.41895008087,
        "var": 16.7532081604
    },
    "barkbands_skewness": {
        "mean": 0.872696876526,
        "var": 0.794575333595
    },
    "barkbands_spread": {
        "mean": 12.3025131226,
        "var": 13.9448337555
    },
    "dissonance": {
        "mean": 0.420310944319,
        "var": 0.00163475389127
    },
    "dynamic_complexity": 5.51623916626,
    "erbbands_crest": {
        "mean": 11.1233329773,
        "var": 14.8144311905
    },
    "erbbands_flatness_db": {
        "mean": 0.227541685104,
        "var": 0.00142864417285
    },
    "erbbands_kurtosis": {
        "mean": 1.03307175636,
        "var": 3.49746751785
    },
    "erbbands_skewness": {
        "mean": 0.190182387829,
        "var": 0.470471590757
    },
    "erbbands_spread": {
        "mean": 16.7139530182,
        "var": 29.4143676758
    },
    "hfc": {
        "mean": 9.53542041779,
        "var": 517.041442871
    },
    "melbands_crest": {
        "mean": 15.4858837128,
        "var": 36.209438324
    },
    "melbands_flatness_db": {
        "mean": 0.292277306318,
        "var": 0.00160277192481
    },
    "melbands_kurtosis": {
        "mean": 3.14838004112,
        "var": 39.0839576721
    },
    "melbands_skewness": {
        "mean": 1.37754142284,
        "var": 1.01990735531
    },
    "melbands_spread": {
        "mean": 16.0353126526,
        "var": 42.5887413025
    },
    "pitch_salience": {
        "mean": 0.51720893383,
        "var": 0.0104445992038
    },
    "silence_rate_20dB": {
        "mean": 0.995880544186,
        "var": 0.00410251924768
    },
    "silence_rate_30dB": {
        "mean": 0.973738431931,
        "var": 0.0255720280111
    },
    "silence_rate_60dB": {
        "mean": 0.177651911974,
        "var": 0.146089836955
    },
    "spectral_centroid": {
        "mean": 706.043273926,
        "var": 67524.2265625
    },
    "spectral_complexity": {
        "mean": 10.2306900024,
        "var": 23.3618240356
    },
    "spectral_decrease": {
        "mean": -4.45544223737e-009,
        "var": 8.21557107877e-017
    },
    "spectral_energy": {
        "mean": 0.0176807455719,
        "var": 0.00131306261756
    },
    "spectral_energyband_high": {
        "mean": 1.19905807878e-005,
        "var": 1.09403786031e-009
    },
    "spectral_energyband_low": {
        "mean": 0.00310396077111,
        "var": 1.17620584206e-005
    },
    "spectral_energyband_middle_high": {
        "mean": 0.00444660335779,
        "var": 0.000146063932334
    },
    "spectral_energyband_middle_low": {
        "mean": 0.0100226262584,
        "var": 0.000593615463004
    },
    "spectral_entropy": {
        "mean": 6.80908584595,
        "var": 0.0923251435161
    },
    "spectral_flux": {
        "mean": 0.0417277216911,
        "var": 0.000448718172265
    },
    "spectral_kurtosis": {
        "mean": 17.0100650787,
        "var": 36.3473587036
    },
    "spectral_rms": {
        "mean": 0.00340132601559,
        "var": 5.68047835259e-006
    },
    "spectral_rolloff": {
        "mean": 853.646057129,
        "var": 297255.125
    },
    "spectral_skewness": {
        "mean": 3.00179696083,
        "var": 0.205225154757
    },
    "spectral_spread": {
        "mean": 2396183,
        "var": 1.19268809114e+012
    },
    "spectral_strongpeak": {
        "mean": 0.691812098026,
        "var": 0.883751273155
    },
    "zerocrossingrate": {
        "mean": 0.029793202877,
        "var": 0.000195487271412
    },
    "barkbands": {
        "mean": [0.000677051080856, 0.00166674354114, 0.000865706650075, 0.000227776996326, 0.0060609234497, 0.00113727711141, 0.000487531535327, 0.000413849309552, 0.00167182169389, 0.000403617857955, 0.000382126454497, 0.0019529403653, 0.00119812891353, 0.000191095998161, 7.56728913984e-005, 5.48499301658e-005, 0.000157524831593, 2.50089615292e-005, 1.58494731295e-005, 6.36218055661e-006, 4.09333188145e-006, 1.78329105438e-006, 7.097473258e-007, 8.46564830681e-007, 7.79174797572e-007, 6.54857103655e-007, 5.23328651525e-008],
        "var": [6.90731610575e-007, 4.651733434e-006, 2.8128536087e-006, 1.75446459139e-007, 0.000452318694443, 6.18709236733e-006, 6.27241433904e-007, 5.88479394992e-007, 9.17320176086e-006, 3.71386420284e-007, 6.4825184154e-007, 4.51395571872e-005, 1.6199741367e-005, 2.81739289676e-007, 2.33677450723e-008, 1.08594644388e-008, 3.5773572904e-007, 1.87834947596e-009, 1.09134989934e-009, 3.24789389827e-010, 1.92522831011e-010, 3.65734040275e-011, 1.86718457536e-012, 3.37989228619e-012, 1.18782967403e-012, 6.9024110429e-013, 3.86445399064e-015]
    },
    "erbbands": {
        "mean": [0.075870975852, 0.28284367919, 0.850051939487, 1.03634500504, 4.80613470078, 35.5685844421, 8.04195785522, 13.6724948883, 5.78869628906, 9.55262184143, 10.8610258102, 41.8795433044, 19.8821525574, 15.7494344711, 18.1168575287, 97.7169723511, 51.6035919189, 23.2241420746, 8.1315202713, 3.35453367233, 6.14390087128, 5.98042821884, 1.98950600624, 0.860256433487, 0.720409452915, 0.355006575584, 0.177859351039, 0.147454664111, 0.0624957196414, 0.0347392819822, 0.0208150055259, 0.0193849299103, 0.0121597796679, 0.00822503678501, 0.00584795558825, 0.00286546023563, 0.0011857872596, 0.000240110166487, 1.41263235491e-005, 2.02598293981e-005],
        "var": [0.00982635561377, 0.153203263879, 2.39143490791, 2.53719878197, 254.519134521, 16221.7070313, 368.679962158, 948.218933105, 88.9532165527, 248.561401367, 431.903625488, 5818.29150391, 634.285217285, 660.131103516, 1444.4296875, 118988.578125, 28583.96875, 4787.27197266, 337.591766357, 37.2503471375, 321.949127197, 403.735076904, 16.5330200195, 2.35933208466, 3.26549959183, 1.30546104908, 0.263930171728, 0.318798542023, 0.0439003892243, 0.00821843463928, 0.00159106461797, 0.00199693161994, 0.000533967569936, 0.000169344057213, 5.5133656133e-005, 1.50090691022e-005, 2.18017203224e-006, 7.76926967205e-008, 4.82152096026e-010, 1.73781999901e-009]
    },
    "gfcc": {
        "mean": [-105.846084595, 154.916229248, -120.053771973, -11.1744556427, -35.345287323, 7.95769500732, -29.1360397339, 12.5184049606, -21.029258728, 2.62363219261, -8.79349708557, 6.56704378128, -3.9322245121],
        "cov": [[4728.95507813, 432.268829346, -541.351623535, 2.92195463181, -66.5733947754, -74.4298248291, -176.241271973, -483.435394287, -329.601837158, -227.755371094, -77.5798721313, -199.385971069, -150.434509277], [432.268829346, 366.373382568, -42.5980491638, -20.0376739502, 92.2430419922, -68.3634109497, 28.066286087, -106.437973022, -53.6156005859, -91.833770752, -1.28795623779, -44.2322845459, -19.4467582703], [-541.351623535, -42.5980491638, 473.179748535, 140.26991272, 42.5315170288, 90.6406936646, 17.9707889557, 213.873001099, 90.7715911865, 59.865737915, -31.7720375061, 4.74654102325, -27.0266265869], [2.92195463181, -20.0376739502, 140.26991272, 146.495056152, 35.8185424805, 54.8844642639, 15.3864889145, 27.4633922577, 22.0478096008, -1.66162025928, -17.4320755005, -22.4330787659, -22.4738826752], [-66.5733947754, 92.2430419922, 42.5315170288, 35.8185424805, 121.289779663, 36.1022491455, 30.6756210327, -39.9327354431, -26.4776420593, -28.4064731598, -7.70477628708, -10.6774606705, -10.7306890488], [-74.4298248291, -68.3634109497, 90.6406936646, 54.8844642639, 36.1022491455, 110.462142944, 28.3362808228, 31.0905056, 11.2612018585, 24.9093322754, -3.17896199226, -3.00413036346, -17.5897426605], [-176.241271973, 28.066286087, 17.9707889557, 15.3864889145, 30.6756210327, 28.3362808228, 73.0004348755, 40.1797065735, 31.0201568604, -1.74405097961, 3.18350720406, -0.80584192276, 8.13868808746], [-483.435394287, -106.437973022, 213.873001099, 27.4633922577, -39.9327354431, 31.0905056, 40.1797065735, 289.953125, 149.46496582, 81.5690307617, -17.6901741028, 24.4591026306, 8.40951633453], [-329.601837158, -53.6156005859, 90.7715911865, 22.0478096008, -26.4776420593, 11.2612018585, 31.0201568604, 149.46496582, 124.511077881, 65.6983337402, 10.8645448685, 15.6963949203, 16.2044372559], [-227.755371094, -91.833770752, 59.865737915, -1.66162025928, -28.4064731598, 24.9093322754, -1.74405097961, 81.5690307617, 65.6983337402, 93.1101226807, 36.3180465698, 27.4783763885, 4.26003408432], [-77.5798721313, -1.28795623779, -31.7720375061, -17.4320755005, -7.70477628708, -3.17896199226, 3.18350720406, -17.6901741028, 10.8645448685, 36.3180465698, 63.5687522888, 29.0755233765, 13.4990911484], [-199.385971069, -44.2322845459, 4.74654102325, -22.4330787659, -10.6774606705, -3.00413036346, -0.80584192276, 24.4591026306, 15.6963949203, 27.4783763885, 29.0755233765, 59.5984420776, 38.5009384155], [-150.434509277, -19.4467582703, -27.0266265869, -22.4738826752, -10.7306890488, -17.5897426605, 8.13868808746, 8.40951633453, 16.2044372559, 4.26003408432, 13.4990911484, 38.5009384155, 67.16040802]],
        "icov": [[0.000549835793208, -0.00151107402053, 0.00117266806774, -0.00122549349908, 0.00138767017052, -0.00153656257316, 0.00166649348103, -0.000722753000446, 0.00136146764271, -0.000773389241658, 0.000778293935582, 0.00030073634116, -4.45760488219e-005], [-0.00151107402053, 0.0122291278094, -0.00575773278251, 0.00664243195206, -0.00914902798831, 0.010465898551, -0.00752489315346, 0.00415425654501, -0.00682443473488, 0.00955189857632, -0.00835688877851, 0.00421615457162, 0.00203649932519], [0.00117266806774, -0.00575773278251, 0.00926704518497, -0.00802721083164, 0.0017800075002, -0.00606580544263, 0.0072848922573, -0.00776124186814, 0.0064537730068, -0.00535278394818, 0.00398547155783, -0.00189529848285, -0.000144843288581], [-0.00122549349908, 0.00664243195206, -0.00802721083164, 0.0175989307463, -0.00516493432224, 0.00113204109948, -0.00407811952755, 0.00694200675935, -0.0116761764511, 0.00983349978924, -0.00484809605405, 0.00409454479814, 0.00175403396133], [0.00138767017052, -0.00914902798831, 0.0017800075002, -0.00516493432224, 0.0207932665944, -0.0100510073826, -0.000897290592548, 0.00148250802886, 0.00532186822966, -0.00428693229333, 0.00709205493331, -0.00473995227367, 0.000339693768183], [-0.00153656257316, 0.010465898551, -0.00606580544263, 0.00113204109948, -0.0100510073826, 0.0264258533716, -0.0154268052429, 0.00394452083856, 0.000673812639434, -0.00366373104043, -0.00174026831519, 0.000961395446211, 0.00408570049331], [0.00166649348103, -0.00752489315346, 0.0072848922573, -0.00407811952755, -0.000897290592548, -0.0154268052429, 0.0334140472114, -0.00944522581995, -0.00258347578347, 0.00754655478522, -0.00564903579652, 0.00465867249295, -0.00531997671351], [-0.000722753000446, 0.00415425654501, -0.00776124186814, 0.00694200675935, 0.00148250802886, 0.00394452083856, -0.00944522581995, 0.020511418581, -0.0187747962773, 0.000363244471373, 0.00898162927479, -0.00738414144143, 0.00556467287242], [0.00136146764271, -0.00682443473488, 0.0064537730068, -0.0116761764511, 0.00532186822966, 0.000673812639434, -0.00258347578347, -0.0187747962773, 0.0421286970377, -0.0220186710358, 0.000763220305089, 0.00866275373846, -0.0104334177449], [-0.000773389241658, 0.00955189857632, -0.00535278394818, 0.00983349978924, -0.00428693229333, -0.00366373104043, 0.00754655478522, 0.000363244471373, -0.0220186710358, 0.0468165390193, -0.0262146852911, -6.65800871502e-006, 0.0071814567782], [0.000778293935582, -0.00835688877851, 0.00398547155783, -0.00484809605405, 0.00709205493331, -0.00174026831519, -0.00564903579652, 0.00898162927479, 0.000763220305089, -0.0262146852911, 0.0441106855869, -0.0204656068236, 0.0038871311117], [0.00030073634116, 0.00421615457162, -0.00189529848285, 0.00409454479814, -0.00473995227367, 0.000961395446211, 0.00465867249295, -0.00738414144143, 0.00866275373846, -6.65800871502e-006, -0.0204656068236, 0.0472873933613, -0.0227281358093], [-4.45760488219e-005, 0.00203649932519, -0.000144843288581, 0.00175403396133, 0.000339693768183, 0.00408570049331, -0.00531997671351, 0.00556467287242, -0.0104334177449, 0.0071814567782, 0.0038871311117, -0.0227281358093, 0.0312903411686]]
    },
    "melbands": {
        "mean": [0.000594481127337, 0.000416629307438, 0.000168265789398, 0.00152331416029, 0.000559659150895, 0.00026588680339, 9.66808802332e-005, 0.000103786245745, 8.4789317043e-005, 0.000286933762254, 9.67272499111e-005, 6.6420143412e-005, 3.88102671423e-005, 0.000226528180065, 0.000107270090666, 0.000162662632647, 2.46095751208e-005, 1.51282838488e-005, 5.87604745306e-006, 4.17229057348e-006, 8.72273903951e-006, 7.82425286161e-006, 2.52298377745e-006, 1.1055738014e-006, 6.30936483503e-007, 6.75156968555e-007, 2.73988462141e-007, 2.11028421404e-007, 1.06777591213e-007, 1.07322676968e-007, 7.41626777767e-008, 4.15961132205e-008, 2.00034797615e-008, 1.72287215605e-008, 1.14170166654e-008, 1.24026815485e-008, 1.1473764161e-008, 8.38593905428e-009, 7.95925281238e-009, 6.38827035715e-009],
        "var": [5.35705908078e-007, 4.1481175117e-007, 6.54593037552e-008, 2.97312308248e-005, 2.87454781756e-006, 3.58160889391e-007, 2.13921076408e-008, 3.09791481357e-008, 3.95848935852e-008, 2.74354164276e-007, 1.43770391148e-008, 1.00422754556e-008, 5.34110666806e-009, 5.72683120481e-007, 1.4377930313e-007, 2.99014487837e-007, 4.55291671031e-009, 1.45348044711e-009, 1.9051506206e-010, 6.49754139381e-011, 8.81633710481e-010, 7.57100826476e-010, 4.94557381159e-011, 3.58209057034e-012, 1.2986659274e-012, 2.81774321757e-012, 5.11667477051e-013, 4.90966642341e-013, 8.29533111039e-014, 1.43187016606e-013, 8.46772738733e-014, 2.37747765675e-014, 2.13940744257e-015, 2.00140692898e-015, 4.68956191357e-016, 8.38233386663e-016, 8.57049058916e-016, 2.6470343408e-016, 2.41065603258e-016, 8.9797734682e-017]
    },
    "mfcc": {
        "mean": [-758.163024902, 202.286621094, -22.2388877869, 1.98428142071, 6.7482676506, -2.10266542435, 5.22417020798, 6.47858762741, 0.861101388931, -0.770268082619, 0.40591275692, 1.96106719971, -1.26946234703],
        "cov": [[4370.31054688, 305.774139404, -555.703491211, -49.3055343628, -197.8019104, 190.680984497, -31.8913116455, -232.271881104, -328.675842285, -323.952697754, -113.38508606, 79.0510864258, -204.900421143], [305.774139404, 391.594604492, -83.6273880005, 30.1441230774, 9.2775888443, -4.66209077835, 19.4875545502, 6.42277622223, -36.7882499695, -50.0620613098, -13.2198190689, -32.2373924255, -31.9977149963], [-555.703491211, -83.6273880005, 386.661376953, 87.0643005371, 106.981864929, -46.2242393494, 7.12648057938, 83.0333633423, 119.651367188, 125.716003418, 43.9897041321, -9.6314201355, 64.5983963013], [-49.3055343628, 30.1441230774, 87.0643005371, 104.723388672, 47.0786247253, 1.1153677702, 5.85086631775, 29.1957397461, 34.6876449585, 16.2920856476, 4.85516166687, -5.8756685257, 1.49184477329], [-197.8019104, 9.2775888443, 106.981864929, 47.0786247253, 100.209701538, 30.7586078644, 25.8041934967, 27.7891712189, 29.8769569397, 21.7306118011, 10.0847387314, -7.27117300034, 10.1018714905], [190.680984497, -4.66209077835, -46.2242393494, 1.1153677702, 30.7586078644, 158.160339355, 64.0715484619, -29.4937152863, -62.4708480835, -72.9575042725, -16.4679508209, 28.4388027191, -26.4409923553], [-31.8913116455, 19.4875545502, 7.12648057938, 5.85086631775, 25.8041934967, 64.0715484619, 69.1821975708, 18.3587856293, -11.8456487656, -19.2544784546, -0.795191526413, 6.88883066177, -11.2655334473], [-232.271881104, 6.42277622223, 83.0333633423, 29.1957397461, 27.7891712189, -29.4937152863, 18.3587856293, 87.0157928467, 76.5854721069, 52.1148376465, 15.1534938812, -12.4952983856, 16.5711593628], [-328.675842285, -36.7882499695, 119.651367188, 34.6876449585, 29.8769569397, -62.4708480835, -11.8456487656, 76.5854721069, 129.711837769, 100.248680115, 21.2279644012, -20.6904430389, 30.5212478638], [-323.952697754, -50.0620613098, 125.716003418, 16.2920856476, 21.7306118011, -72.9575042725, -19.2544784546, 52.1148376465, 100.248680115, 139.573196411, 46.7051696777, -13.0273141861, 40.3194389343], [-113.38508606, -13.2198190689, 43.9897041321, 4.85516166687, 10.0847387314, -16.4679508209, -0.795191526413, 15.1534938812, 21.2279644012, 46.7051696777, 57.7363471985, 21.3903923035, 15.2692832947], [79.0510864258, -32.2373924255, -9.6314201355, -5.8756685257, -7.27117300034, 28.4388027191, 6.88883066177, -12.4952983856, -20.6904430389, -13.0273141861, 21.3903923035, 62.4412307739, 14.351559639], [-204.900421143, -31.9977149963, 64.5983963013, 1.49184477329, 10.1018714905, -26.4409923553, -11.2655334473, 16.5711593628, 30.5212478638, 40.3194389343, 15.2692832947, 14.351559639, 60.5349578857]],
        "icov": [[0.000388591462979, -0.000301875668811, 4.18086492573e-005, -0.000215371997911, 0.000520114263054, -0.000461338233436, 0.000737330934498, 3.97310359403e-005, 0.000382063823054, -0.0003003970196, 0.000604305765592, -0.000839217391331, 0.00100845785346], [-0.000301875668811, 0.00376404589042, 0.00131750677247, -0.00157909165137, -0.00156946131028, 0.00205802032724, -0.00204560300335, -0.00129514548462, 0.00141118769534, 0.001330235973, -0.00178718997631, 0.0028328045737, -0.0010828524828], [4.18086492573e-005, 0.00131750677247, 0.00664990954101, -0.00304691470228, -0.00467969384044, 0.00157625286374, -0.00146825797856, -0.000909286551178, 0.000118711359391, -0.0023123328574, -0.000451313739177, 0.000547457078937, -0.00327385147102], [-0.000215371997911, -0.00157909165137, -0.00304691470228, 0.0151977967471, -0.00423265993595, -0.000730266619939, 0.00278102955781, -0.00146115734242, -0.00342506938614, 0.00236072600819, 0.000423459685408, -0.001842560363, 0.00310266204178], [0.000520114263054, -0.00156946131028, -0.00467969384044, -0.00423265993595, 0.0214260015637, -0.00751420017332, -0.000306552043185, 0.000370079069398, -0.00165992288385, 0.000585242582019, -0.00254996563308, 0.00408055493608, -0.000864030153025], [-0.000461338233436, 0.00205802032724, 0.00157625286374, -0.000730266619939, -0.00751420017332, 0.0196793973446, -0.0163502525538, 0.00668626464903, -0.000560558983125, 0.00392412440851, 0.00200743973255, -0.00521431444213, 0.00123760313727], [0.000737330934498, -0.00204560300335, -0.00146825797856, 0.00278102955781, -0.000306552043185, -0.0163502525538, 0.0369992814958, -0.0179227869958, 0.00868144072592, -0.00285423034802, 0.000699526863173, -0.00138625619002, 0.00529028382152], [3.97310359403e-005, -0.00129514548462, -0.000909286551178, -0.00146115734242, 0.000370079069398, 0.00668626464903, -0.0179227869958, 0.0361932329834, -0.0223645735532, 0.00599182024598, -0.00371582363732, 0.000767382793128, -0.00188767618965], [0.000382063823054, 0.00141118769534, 0.000118711359391, -0.00342506938614, -0.00165992288385, -0.000560558983125, 0.00868144072592, -0.0223645735532, 0.036153793335, -0.0181330945343, 0.00854104105383, -0.000523987866472, 0.00158581638243], [-0.0003003970196, 0.001330235973, -0.0023123328574, 0.00236072600819, 0.000585242582019, 0.00392412440851, -0.00285423034802, 0.00599182024598, -0.0181330945343, 0.0300826635212, -0.0184798389673, 0.00888845697045, -0.00679932301864], [0.000604305765592, -0.00178718997631, -0.000451313739177, 0.000423459685408, -0.00254996563308, 0.00200743973255, 0.000699526863173, -0.00371582363732, 0.00854104105383, -0.0184798389673, 0.0374609865248, -0.0192484632134, 0.00713818334043], [-0.000839217391331, 0.0028328045737, 0.000547457078937, -0.001842560363, 0.00408055493608, -0.00521431444213, -0.00138625619002, 0.000767382793128, -0.000523987866472, 0.00888845697045, -0.0192484632134, 0.0330896005034, -0.0139542007819], [0.00100845785346, -0.0010828524828, -0.00327385147102, 0.00310266204178, -0.000864030153025, 0.00123760313727, 0.00529028382152, -0.00188767618965, 0.00158581638243, -0.00679932301864, 0.00713818334043, -0.0139542007819, 0.0302004925907]]
    },
    "spectral_contrast_coeffs": {
        "mean": [-0.681833446026, -0.721752047539, -0.715752482414, -0.764857947826, -0.781615197659, -0.817265093327],
        "var": [0.0144171267748, 0.0031721657142, 0.00387476268224, 0.00348583958112, 0.00202878797427, 0.00109037244692]
    },
    "spectral_contrast_valleys": {
        "mean": [-7.65075397491, -7.32614517212, -7.5674328804, -8.48254966736, -9.21515464783, -12.1668291092],
        "var": [0.728401422501, 0.821695566177, 0.629529237747, 0.567649304867, 0.48901411891, 0.447607785463]
    }
},
"metadata": {
    "audio_properties": {
        "analysis_sample_rate": 44100,
        "bit_rate": 128074,
        "equal_loudness": 0,
        "length": 45.0612258911,
        "lossless": 0,
        "replay_gain": -4.3547077179,
        "sample_rate": 44100,
        "codec": "mp3",
        "downmix": "mix",
        "md5_encoded": "97dde370e8c7ff7c27921dc877258bfa"
    },
    "tags": {
        "file_name": "1120.mp3"
    },
    "version": {
        "essentia": "2.1-beta2",
        "essentia_git_sha": "v2.1_beta2",
        "extractor": "music 1.0"
    }
},
"rhythm": {
    "beats_count": 91,
    "beats_loudness": {
        "mean": 0.0185848250985,
        "var": 0.00150896806736
    },
    "bpm": 133.580932617,
    "bpm_histogram_first_peak_bpm": {
        "mean": 133,
        "var": 0
    },
    "bpm_histogram_first_peak_spread": {
        "mean": 0.391304373741,
        "var": 0
    },
    "bpm_histogram_first_peak_weight": {
        "mean": 0.155555561185,
        "var": 0
    },
    "bpm_histogram_second_peak_bpm": {
        "mean": 120,
        "var": 0
    },
    "bpm_histogram_second_peak_spread": {
        "mean": 0.166666701436,
        "var": 0
    },
    "bpm_histogram_second_peak_weight": {
        "mean": 0.111111111939,
        "var": 0
    },
    "danceability": 0.786250054836,
    "onset_rate": 0.39927649498,
    "beats_loudness_band_ratio": {
        "mean": [0.336431920528, 0.282944530249, 0.201929107308, 0.16824400425, 0.0211185943335, 0.0016661855625],
        "var": [0.0637842342257, 0.0359154753387, 0.018709871918, 0.0145991211757, 0.000111925088277, 1.59866795002e-006]
    },
    "beats_position": [0.383129239082, 0.777868449688, 1.16099774837, 1.54412698746, 1.92725622654, 2.32199549675, 2.70512461662, 3.09986400604, 3.49460315704, 3.88934230804, 4.28408145905, 4.67882061005, 5.06195020676, 5.45668935776, 5.85142850876, 6.24616765976, 6.65251684189, 7.05886602402, 7.55809497833, 8.05732440948, 8.55655288696, 9.14866161346, 9.74077033997, 10.3328800201, 10.9365987778, 11.5403175354, 12.144036293, 12.7477550507, 13.3398637772, 13.7926530838, 14.2454423904, 14.6982307434, 15.15102005, 15.5921993256, 16.0333786011, 16.4861679077, 16.9273471832, 17.3685264587, 17.8097057343, 18.2508831024, 18.6920623779, 19.1332416534, 19.6556911469, 20.1781406403, 20.7121982574, 21.2694778442, 21.8383674622, 22.4072551727, 22.9645347595, 23.5102043152, 24.0674819946, 24.6247615814, 25.1704311371, 25.7277088165, 26.2733783722, 26.8190479279, 27.353105545, 27.8871650696, 28.3399543762, 28.7927436829, 29.2455329895, 29.6983222961, 30.1511096954, 30.6038990021, 31.0566883087, 31.5094776154, 31.9738769531, 32.4266662598, 32.9258956909, 33.4251251221, 33.9243545532, 34.4816322327, 35.0389099121, 35.5961914063, 36.1418571472, 36.6875267029, 37.2331962585, 37.790473938, 38.3361434937, 38.8585929871, 39.3810424805, 39.9151000977, 40.4491615295, 40.9832191467, 41.5172767639, 42.0165061951, 42.5157356262, 43.0149650574, 43.5141944885, 44.0250320435, 44.5358734131]
},
"tonal": {
    "chords_changes_rate": 0.037037037313,
    "chords_number_rate": 0.00823045242578,
    "chords_strength": {
        "mean": 0.585024118423,
        "var": 0.00493102800101
    },
    "hpcp_entropy": {
        "mean": 1.72841918468,
        "var": 0.377592116594
    },
    "key_strength": 0.709149420261,
    "tuning_diatonic_strength": 0.542467534542,
    "tuning_equal_tempered_deviation": 0.110576301813,
    "tuning_frequency": 445.112548828,
    "tuning_nontempered_energy_ratio": 0.719240546227,
    "hpcp": {
        "mean": [0.0450503788888, 0.0970999523997, 0.398700594902, 0.581324517727, 0.27703088522, 0.0371291525662, 0.0206088535488, 0.0183923579752, 0.052830349654, 0.0603123567998, 0.0342155173421, 0.108055882156, 0.136830031872, 0.0739435330033, 0.107214972377, 0.0986735746264, 0.0498609989882, 0.0860617905855, 0.0860122442245, 0.0361586026847, 0.0117258224636, 0.0245840810239, 0.20685954392, 0.573751926422, 0.546353638172, 0.173161387444, 0.0381684675813, 0.0483397990465, 0.0308444313705, 0.0132991662249, 0.0115076880902, 0.0259368699044, 0.127629101276, 0.175709813833, 0.0815218091011, 0.031031023711],
        "var": [0.0198925863951, 0.0357832759619, 0.0835428833961, 0.151636168361, 0.0547874234617, 0.0144600607455, 0.00892194919288, 0.00494043854997, 0.0157367121428, 0.0167584139854, 0.00229285052046, 0.0229748599231, 0.0389353744686, 0.00686474237591, 0.0299135483801, 0.0224752053618, 0.0107861794531, 0.0322120822966, 0.0367500595748, 0.0109110400081, 0.0015483412426, 0.0019596493803, 0.0453401692212, 0.119146548212, 0.109895154834, 0.0164069086313, 0.00800199713558, 0.0150003833696, 0.00690539926291, 0.00108250253834, 0.00179837923497, 0.00636208057404, 0.0338106751442, 0.0685593560338, 0.0191680248827, 0.0125121530145]
    },
    "chords_histogram": [43.3127555847, 12.3456792831, 4.52674913406, 0, 0, 0, 0, 32.4074058533, 0, 0, 3.60082316399, 1.23456788063, 1.33744859695, 0, 0, 0, 0, 1.23456788063, 0, 0, 0, 0, 0, 0],
    "thpcp": [1, 0.476551175117, 0.0638699233532, 0.0354515463114, 0.0316387116909, 0.0908792763948, 0.103749893606, 0.0588578619063, 0.185878768563, 0.23537632823, 0.127198368311, 0.184432223439, 0.169739231467, 0.0857713669538, 0.148044317961, 0.147959083319, 0.0622003749013, 0.0201708711684, 0.0422897711396, 0.355841755867, 0.986973583698, 0.939842760563, 0.297873884439, 0.0656577646732, 0.0831545814872, 0.0530588850379, 0.0228773523122, 0.0197956357151, 0.0446168519557, 0.219548806548, 0.302257716656, 0.140234589577, 0.0533798635006, 0.0774960964918, 0.167032271624, 0.685848593712],
    "chords_key": "A#",
    "chords_scale": "minor",
    "key_key": "A#",
    "key_scale": "minor"
}
}