{
"lowlevel": {
    "average_loudness": 0.688380718231,
    "barkbands_crest": {
        "mean": 12.9522151947,
        "var": 18.567697525
    },
    "barkbands_flatness_db": {
        "mean": 0.354695677757,
        "var": 0.00285232276656
    },
    "barkbands_kurtosis": {
        "mean": 7.89964818954,
        "var": 177.874282837
    },
    "barkbands_skewness": {
        "mean": 0.890120387077,
        "var": 1.75961947441
    },
    "barkbands_spread": {
        "mean": 4.38410329819,
        "var": 14.3436079025
    },
    "dissonance": {
        "mean": 0.357660204172,
        "var": 0.0048467614688
    },
    "dynamic_complexity": 4.22370862961,
    "erbbands_crest": {
        "mean": 16.2699680328,
        "var": 42.1385574341
    },
    "erbbands_flatness_db": {
        "mean": 0.336403906345,
        "var": 0.00338852545246
    },
    "erbbands_kurtosis": {
        "mean": 9.0487241745,
        "var": 160.399047852
    },
    "erbbands_skewness": {
        "mean": 0.905328035355,
        "var": 3.7848379612
    },
    "erbbands_spread": {
        "mean": 9.48118877411,
        "var": 74.9857559204
    },
    "hfc": {
        "mean": 9.51679039001,
        "var": 352.647064209
    },
    "melbands_crest": {
        "mean": 14.4546937943,
        "var": 18.3695964813
    },
    "melbands_flatness_db": {
        "mean": 0.461298882961,
        "var": 0.00403473014012
    },
    "melbands_kurtosis": {
        "mean": 6.51048374176,
        "var": 103.113372803
    },
    "melbands_skewness": {
        "mean": 1.09189021587,
        "var": 1.33788239956
    },
    "melbands_spread": {
        "mean": 6.13898086548,
        "var": 27.6565704346
    },
    "pitch_salience": {
        "mean": 0.521667361259,
        "var": 0.0146770738065
    },
    "silence_rate_20dB": {
        "mean": 1,
        "var": 0
    },
    "silence_rate_30dB": {
        "mean": 0.977857887745,
        "var": 0.0216522440314
    },
    "silence_rate_60dB": {
        "mean": 0.0324407815933,
        "var": 0.0313887931406
    },
    "spectral_centroid": {
        "mean": 420.923583984,
        "var": 100897.429688
    },
    "spectral_complexity": {
        "mean": 6.8522143364,
        "var": 6.8056230545
    },
    "spectral_decrease": {
        "mean": -5.98022920073e-009,
        "var": 5.6620539399e-017
    },
    "spectral_energy": {
        "mean": 0.0234339479357,
        "var": 0.000894768221769
    },
    "spectral_energyband_high": {
        "mean": 1.78132158908e-005,
        "var": 1.28707640101e-008
    },
    "spectral_energyband_low": {
        "mean": 0.00651055388153,
        "var": 0.000100900651887
    },
    "spectral_energyband_middle_high": {
        "mean": 0.0046035470441,
        "var": 0.000348342873622
    },
    "spectral_energyband_middle_low": {
        "mean": 0.0132371382788,
        "var": 0.000176053043106
    },
    "spectral_entropy": {
        "mean": 5.50533008575,
        "var": 0.281244784594
    },
    "spectral_flux": {
        "mean": 0.0309996269643,
        "var": 0.00102852378041
    },
    "spectral_kurtosis": {
        "mean": 54.2824134827,
        "var": 1653.81774902
    },
    "spectral_rms": {
        "mean": 0.00414984999225,
        "var": 5.64112042412e-006
    },
    "spectral_rolloff": {
        "mean": 501.229125977,
        "var": 249624.28125
    },
    "spectral_skewness": {
        "mean": 5.2538895607,
        "var": 4.65959024429
    },
    "spectral_spread": {
        "mean": 1537044.375,
        "var": 1.49194853581e+012
    },
    "spectral_strongpeak": {
        "mean": 1.20686912537,
        "var": 2.83224487305
    },
    "zerocrossingrate": {
        "mean": 0.0189089551568,
        "var": 0.000196200940991
    },
    "barkbands": {
        "mean": [9.07006688067e-006, 0.00381684163585, 0.00177335832268, 0.00206188019365, 0.00583357457072, 0.000907573092263, 0.00149000110105, 0.00177760527004, 0.0011241993634, 0.00306131877005, 0.00147457886487, 4.01339129894e-005, 8.50314063428e-006, 1.91455910681e-006, 6.50412994219e-006, 2.48737524089e-006, 1.52540167164e-006, 2.32847924053e-006, 1.38566801979e-005, 1.62839860423e-005, 8.9646446213e-006, 4.85402779304e-007, 7.51127458898e-007, 1.95282112259e-007, 4.02433748548e-008, 2.40173978483e-008, 1.87486204339e-009],
        "var": [3.16844273041e-010, 5.53285208298e-005, 5.91179332332e-006, 1.06569541458e-005, 4.1526149289e-005, 2.6016011816e-006, 2.62039757217e-005, 3.4965290979e-005, 2.71277913271e-005, 0.000219623165322, 0.000124949277961, 1.85844193368e-008, 3.12867232122e-010, 6.11437706022e-011, 2.60735877333e-010, 7.34668922919e-011, 1.44340607175e-011, 9.13592812513e-011, 6.67323130088e-009, 9.13125308699e-009, 4.04372269003e-009, 7.02524280069e-012, 2.71033369359e-011, 2.27002618092e-012, 1.02870880895e-014, 1.03823970837e-014, 1.95137557799e-016]
    },
    "erbbands": {
        "mean": [0.0281995423138, 1.08055961132, 2.56059670448, 4.45546770096, 5.81583833694, 23.4027938843, 24.8330860138, 9.08976650238, 10.3913106918, 36.924571991, 43.8583831787, 33.620010376, 20.5583248138, 129.689758301, 50.2732925415, 3.59162712097, 0.628090500832, 0.154094189405, 0.29517737031, 0.273403257132, 0.102824822068, 0.0739615410566, 0.113923721015, 0.365248560905, 0.893101096153, 0.757682800293, 0.522913992405, 0.197709262371, 0.0183739215136, 0.0300123970956, 0.0201003663242, 0.00785599276423, 0.00146372243762, 0.000654413655866, 0.000164890559972, 0.000122550394735, 5.06227188453e-005, 7.52377945901e-006, 1.12827892735e-005, 2.62020894297e-005],
        "var": [0.00296767568216, 4.37337207794, 16.8930206299, 65.6570663452, 49.4986038208, 744.451660156, 737.46081543, 311.288970947, 664.820495605, 16396.5703125, 25364.5273438, 20613.296875, 6689.46630859, 322899.53125, 121137.617188, 179.691253662, 1.24175584316, 0.218900069594, 0.667407631874, 0.849473237991, 0.0688811913133, 0.0396818779409, 0.194542750716, 3.76904797554, 26.3116455078, 18.6834411621, 13.7069044113, 1.77311837673, 0.0132684018463, 0.0297363214195, 0.0183078087866, 0.00366416643374, 6.03729531576e-005, 2.90529555969e-006, 4.40893501263e-007, 1.82032280804e-007, 2.66797055559e-008, 2.69174948997e-009, 2.16419618337e-010, 1.15609910534e-009]
    },
    "gfcc": {
        "mean": [-182.505859375, 204.422180176, -65.4153289795, 7.49726247787, -62.1144256592, -23.8935432434, -16.0762863159, -2.76845765114, -22.9322185516, -22.2117156982, -6.95658159256, -10.524274826, -4.12977600098],
        "cov": [[2818.63916016, 460.967468262, -602.536560059, -323.672302246, -76.0829620361, 286.790161133, 555.699279785, -74.6070861816, 39.559135437, 53.5117759705, 109.838356018, -130.090484619, 134.031158447], [460.967468262, 657.77557373, 130.722045898, -596.646179199, 196.311416626, 285.701782227, 237.604049683, -9.04689693451, -48.675453186, -89.9101715088, 54.2552680969, 39.2893218994, 87.5347976685], [-602.536560059, 130.722045898, 493.021881104, 60.4566879272, 88.2697219849, -47.91456604, -108.326797485, 15.9575548172, -50.969871521, -53.2919502258, -8.39056396484, 78.3238220215, 15.336853981], [-323.672302246, -596.646179199, 60.4566879272, 962.400268555, -207.684402466, -391.908050537, -199.311035156, 24.562412262, 53.217086792, 110.886978149, -31.5662517548, -28.239824295, -29.8898735046], [-76.0829620361, 196.311416626, 88.2697219849, -207.684402466, 227.174545288, 144.84425354, 18.39128685, -10.2826852798, -31.280002594, -54.1541976929, 14.9848251343, 61.411403656, 45.278842926], [286.790161133, 285.701782227, -47.91456604, -391.908050537, 144.84425354, 327.617370605, 204.000839233, -2.3064160347, -33.6959533691, -66.6633453369, 36.0638008118, 31.9422607422, 78.8606262207], [555.699279785, 237.604049683, -108.326797485, -199.311035156, 18.39128685, 204.000839233, 328.132141113, 13.6898059845, -39.2264289856, -29.4509925842, 48.0235023499, -2.67146372795, 104.886604309], [-74.6070861816, -9.04689693451, 15.9575548172, 24.562412262, -10.2826852798, -2.3064160347, 13.6898059845, 94.9420166016, 37.4542694092, 4.47414445877, -5.77964639664, -5.06252336502, -27.9066963196], [39.559135437, -48.675453186, -50.969871521, 53.217086792, -31.280002594, -33.6959533691, -39.2264289856, 37.4542694092, 105.428840637, 58.9444885254, -8.19667434692, -44.1033287048, -60.2161178589], [53.5117759705, -89.9101715088, -53.2919502258, 110.886978149, -54.1541976929, -66.6633453369, -29.4509925842, 4.47414445877, 58.9444885254, 98.6959152222, 10.3392124176, -40.9525375366, -41.9093093872], [109.838356018, 54.2552680969, -8.39056396484, -31.5662517548, 14.9848251343, 36.0638008118, 48.0235023499, -5.77964639664, -8.19667434692, 10.3392124176, 64.0318222046, 27.2172203064, 21.6008911133], [-130.090484619, 39.2893218994, 78.3238220215, -28.239824295, 61.411403656, 31.9422607422, -2.67146372795, -5.06252336502, -44.1033287048, -40.9525375366, 27.2172203064, 101.831237793, 67.1471328735], [134.031158447, 87.5347976685, 15.336853981, -29.8898735046, 45.278842926, 78.8606262207, 104.886604309, -27.9066963196, -60.2161178589, -41.9093093872, 21.6008911133, 67.1471328735, 148.892684937]],
        "icov": [[0.00105141988024, -0.00179720064625, 0.0015371395275, -0.000919789948966, 0.000588684692048, -0.0002466001024, -0.000416420545662, 0.00084164965665, -0.000264948816039, -4.66790916107e-005, -0.000292671204079, 0.000336651486577, -5.98401238676e-005], [-0.00179720064625, 0.0126235634089, -0.00706620095298, 0.00710318097845, -0.0046573583968, 0.00425905641168, -0.00525799859315, 0.000283357716398, -0.00460020685568, 0.00292899250053, -0.004065730609, 0.00375241274014, -0.00287065468729], [0.0015371395275, -0.00706620095298, 0.0072068576701, -0.0041025034152, 0.00136392354034, -0.00157590874005, 0.00292739737779, -0.000807741365861, 0.00331705762073, -0.000798291817773, 0.00173712300602, -0.00258022546768, 0.00143935868982], [-0.000919789948966, 0.00710318097845, -0.0041025034152, 0.00642696768045, -0.0020986427553, 0.0050496594049, -0.00273289391771, -0.000738406786695, -0.00285794772208, 0.000511656806339, -0.00251428387128, 0.00271106814034, -0.00375446910039], [0.000588684692048, -0.0046573583968, 0.00136392354034, -0.0020986427553, 0.0105872927234, -0.00616911659017, 0.00449090078473, 0.000189879996469, 0.00134525715839, -0.000897987396456, 0.00155232707039, -0.00383718917146, 0.000362762861187], [-0.0002466001024, 0.00425905641168, -0.00157590874005, 0.0050496594049, -0.00616911659017, 0.0137211829424, -0.00739095639437, 0.000855048943777, -0.00482510309666, 0.00403220579028, -0.00278631155379, 0.00172631593887, -0.00232119811699], [-0.000416420545662, -0.00525799859315, 0.00292739737779, -0.00273289391771, 0.00449090078473, -0.00739095639437, 0.0145304277539, -0.00668765930459, 0.00688101211563, -0.001998672029, -0.00313445879146, 0.00507609639317, -0.00593870831653], [0.00084164965665, 0.000283357716398, -0.000807741365861, -0.000738406786695, 0.000189879996469, 0.000855048943777, -0.00668765930459, 0.0176816955209, -0.00945459865034, 0.00370167195797, 0.00245439982973, -0.00539763178676, 0.00582161732018], [-0.000264948816039, -0.00460020685568, 0.00331705762073, -0.00285794772208, 0.00134525715839, -0.00482510309666, 0.00688101211563, -0.00945459865034, 0.0247332695872, -0.0123667735606, 0.00333576416597, 0.00139943906106, 0.0029615543317], [-4.66790916107e-005, 0.00292899250053, -0.000798291817773, 0.000511656806339, -0.000897987396456, 0.00403220579028, -0.001998672029, 0.00370167195797, -0.0123667735606, 0.0241793040186, -0.0105291539803, 0.00681391125545, -0.000996821327135], [-0.000292671204079, -0.004065730609, 0.00173712300602, -0.00251428387128, 0.00155232707039, -0.00278631155379, -0.00313445879146, 0.00245439982973, 0.00333576416597, -0.0105291539803, 0.0288884118199, -0.0160310380161, 0.00706580001861], [0.000336651486577, 0.00375241274014, -0.00258022546768, 0.00271106814034, -0.00383718917146, 0.00172631593887, 0.00507609639317, -0.00539763178676, 0.00139943906106, 0.00681391125545, -0.0160310380161, 0.0307627748698, -0.015097681433], [-5.98401238676e-005, -0.00287065468729, 0.00143935868982, -0.00375446910039, 0.000362762861187, -0.00232119811699, -0.00593870831653, 0.00582161732018, 0.0029615543317, -0.000996821327135, 0.00706580001861, -0.015097681433, 0.0206503160298]]
    },
    "melbands": {
        "mean": [0.000654730771203, 0.00150746665895, 0.000867473194376, 0.000829767552204, 0.00115664652549, 0.000175685214344, 0.000191508661374, 0.000382193335099, 0.000361168640666, 0.000166857586009, 0.00010597382061, 0.000553994730581, 0.000222846487304, 6.23219330009e-006, 2.60343199443e-006, 6.84222868585e-007, 1.95406570924e-007, 4.13767310192e-007, 4.00850467486e-007, 2.59659742596e-007, 1.07460820686e-007, 8.32798079387e-008, 6.80220111349e-008, 1.1996560545e-007, 2.81407096736e-007, 6.45010118205e-007, 6.56422059819e-007, 4.61581180389e-007, 3.5275263599e-007, 2.28255473189e-007, 6.55951026829e-008, 3.8796064139e-009, 1.34591999768e-008, 1.7168126476e-008, 1.32568596101e-008, 6.91607082715e-009, 3.75034314715e-009, 8.45091552293e-010, 7.58218321462e-010, 4.50486564718e-010],
        "var": [1.62832793649e-006, 6.72270198265e-006, 1.59240244102e-006, 7.45386842027e-007, 1.64794380453e-006, 1.19550719546e-007, 2.66053973519e-007, 1.41811131016e-006, 1.54350050252e-006, 5.96665699959e-007, 2.18491777559e-007, 6.20381388217e-006, 2.78927154795e-006, 3.36099148512e-010, 5.40632538737e-011, 1.8460346099e-012, 6.65907541782e-013, 1.41797359444e-012, 1.05147043416e-012, 9.7220538911e-013, 8.6690955792e-014, 4.37649895978e-014, 8.52632444899e-014, 2.03877266089e-013, 2.2497446614e-012, 1.73580351481e-011, 1.39434011212e-011, 7.14236395721e-012, 6.59384742988e-012, 2.4676935842e-012, 2.07887675715e-013, 9.5435223343e-016, 6.02463449273e-015, 1.19439819431e-014, 9.19506356771e-015, 2.4247561136e-015, 9.8822275165e-016, 2.81339710412e-017, 3.54247293797e-018, 1.45344081208e-018]
    },
    "mfcc": {
        "mean": [-840.777282715, 227.108398438, 51.0113754272, 34.8208122253, -11.01902771, -18.1264266968, 3.79858613014, 6.2770280838, -6.21526241302, 1.94714200497, -13.8358268738, -13.1777515411, 5.57836580276],
        "cov": [[2382.54638672, 348.87612915, -569.857299805, -106.873809814, -538.645263672, 239.435928345, 269.581085205, 31.3004436493, 76.6270828247, 296.413116455, -48.7346458435, 95.3526306152, -9.14788627625], [348.87612915, 1103.4083252, 14.8257322311, -730.522583008, -8.84034442902, 178.962554932, 297.168334961, 201.507781982, 84.9931106567, -56.2167930603, 44.3473014832, -83.766784668, -17.1929740906], [-569.857299805, 14.8257322311, 334.331939697, 99.7458648682, 108.577552795, -37.7533874512, -15.3445796967, 31.1752204895, -21.0330982208, -83.621887207, 12.789024353, -54.1835403442, -33.2603340149], [-106.873809814, -730.522583008, 99.7458648682, 755.579162598, 20.6863040924, -138.718475342, -193.710403442, -167.848266602, -80.3969497681, 51.7061386108, -29.2441749573, 60.1170501709, 3.75352430344], [-538.645263672, -8.84034442902, 108.577552795, 20.6863040924, 280.45098877, -23.5589332581, -98.3851394653, 2.51547241211, -31.1144599915, -79.1552505493, 24.7197322845, -27.451675415, 25.5206069946], [239.435928345, 178.962554932, -37.7533874512, -138.718475342, -23.5589332581, 141.803344727, 122.353843689, 51.313243866, 35.2498016357, 13.6541175842, -25.9017829895, -29.4349880219, -17.7120437622], [269.581085205, 297.168334961, -15.3445796967, -193.710403442, -98.3851394653, 122.353843689, 258.413665771, 129.691360474, 57.8992919922, 5.96443510056, -46.3062400818, -57.3951225281, -35.4641418457], [31.3004436493, 201.507781982, 31.1752204895, -167.848266602, 2.51547241211, 51.313243866, 129.691360474, 173.022445679, 55.3860473633, -16.227098465, -12.1145849228, -65.6598358154, -11.8755540848], [76.6270828247, 84.9931106567, -21.0330982208, -80.3969497681, -31.1144599915, 35.2498016357, 57.8992919922, 55.3860473633, 84.8558807373, 29.5300674438, -20.3448066711, -13.4251270294, -6.28035926819], [296.413116455, -56.2167930603, -83.621887207, 51.7061386108, -79.1552505493, 13.6541175842, 5.96443510056, -16.227098465, 29.5300674438, 112.449317932, 35.9455375671, 32.015247345, -18.0897140503], [-48.7346458435, 44.3473014832, 12.789024353, -29.2441749573, 24.7197322845, -25.9017829895, -46.3062400818, -12.1145849228, -20.3448066711, 35.9455375671, 134.825820923, 70.8249893188, -12.4654140472], [95.3526306152, -83.766784668, -54.1835403442, 60.1170501709, -27.451675415, -29.4349880219, -57.3951225281, -65.6598358154, -13.4251270294, 32.015247345, 70.8249893188, 149.794769287, 38.2356643677], [-9.14788627625, -17.1929740906, -33.2603340149, 3.75352430344, 25.5206069946, -17.7120437622, -35.4641418457, -11.8755540848, -6.28035926819, -18.0897140503, -12.4654140472, 38.2356643677, 100.890220642]],
        "icov": [[0.0071112238802, -0.00859425310045, 0.00920487195253, -0.0081033706665, 0.00974076427519, -0.0100257098675, 0.00916076824069, -0.0101381968707, 0.0095434281975, -0.00958833750337, 0.00841031316668, -0.00553680537269, 0.00233133207075], [-0.00859425310045, 0.0140984654427, -0.0122828092426, 0.012844344601, -0.0121996570379, 0.0119956796989, -0.0142567679286, 0.0139056779444, -0.0120968716219, 0.0115717863664, -0.0123452702537, 0.00788260437548, -0.0042774239555], [0.00920487195253, -0.0122828092426, 0.0186420753598, -0.0139962648973, 0.0126731554046, -0.0128757860512, 0.0116727668792, -0.013462992385, 0.00872553605586, -0.00439109327272, 0.00560076581314, -0.00406749732792, 0.00444949278608], [-0.0081033706665, 0.012844344601, -0.0139962648973, 0.0155268860981, -0.0127002866939, 0.0135684367269, -0.0122089451179, 0.012955326587, -0.00688803056255, 0.00399536360055, -0.00500312075019, 0.00398248294368, -0.00274956948124], [0.00974076427519, -0.0121996570379, 0.0126731554046, -0.0127002866939, 0.0209208223969, -0.0174926836044, 0.0170899610966, -0.0151977315545, 0.0109331142157, -0.00634446972981, 0.00649166665971, -0.00410061376169, 0.00120928010438], [-0.0100257098675, 0.0119956796989, -0.0128757860512, 0.0135684367269, -0.0174926836044, 0.0295017249882, -0.0205287579447, 0.0166904255748, -0.0125255156308, 0.00780152902007, -0.00754734873772, 0.00630919449031, -0.00196626014076], [0.00916076824069, -0.0142567679286, 0.0116727668792, -0.0122089451179, 0.0170899610966, -0.0205287579447, 0.0283369328827, -0.022362427786, 0.0144477309659, -0.0122657548636, 0.0161654744297, -0.00993137899786, 0.00656628189608], [-0.0101381968707, 0.0139056779444, -0.013462992385, 0.012955326587, -0.0151977315545, 0.0166904255748, -0.022362427786, 0.0310659687966, -0.0222233682871, 0.0172585267574, -0.0196755100042, 0.0152112515643, -0.00738407904282], [0.0095434281975, -0.0120968716219, 0.00872553605586, -0.00688803056255, 0.0109331142157, -0.0125255156308, 0.0144477309659, -0.0222233682871, 0.0393476337194, -0.029667686671, 0.0262107606977, -0.0155629757792, 0.00570129603148], [-0.00958833750337, 0.0115717863664, -0.00439109327272, 0.00399536360055, -0.00634446972981, 0.00780152902007, -0.0122657548636, 0.0172585267574, -0.029667686671, 0.0452646948397, -0.0312087796628, 0.0159132033587, -0.00341688562185], [0.00841031316668, -0.0123452702537, 0.00560076581314, -0.00500312075019, 0.00649166665971, -0.00754734873772, 0.0161654744297, -0.0196755100042, 0.0262107606977, -0.0312087796628, 0.03965697065, -0.0234655663371, 0.0109193082899], [-0.00553680537269, 0.00788260437548, -0.00406749732792, 0.00398248294368, -0.00410061376169, 0.00630919449031, -0.00993137899786, 0.0152112515643, -0.0155629757792, 0.0159132033587, -0.0234655663371, 0.0238017160445, -0.0102386977524], [0.00233133207075, -0.0042774239555, 0.00444949278608, -0.00274956948124, 0.00120928010438, -0.00196626014076, 0.00656628189608, -0.00738407904282, 0.00570129603148, -0.00341688562185, 0.0109193082899, -0.0102386977524, 0.0167229250073]]
    },
    "spectral_contrast_coeffs": {
        "mean": [-0.567751705647, -0.70471483469, -0.713990747929, -0.799372136593, -0.812493860722, -0.787996172905],
        "var": [0.00448136590421, 0.00535316532478, 0.00973711442202, 0.0025589952711, 0.00106388935819, 0.00268586305901]
    },
    "spectral_contrast_valleys": {
        "mean": [-7.45291471481, -7.08965110779, -8.69787883759, -10.4310684204, -10.286280632, -13.7153654099],
        "var": [0.620330631733, 0.551693618298, 0.952150404453, 0.558009982109, 0.775877475739, 0.50552380085]
    }
},
"metadata": {
    "audio_properties": {
        "analysis_sample_rate": 44100,
        "bit_rate": 128074,
        "equal_loudness": 0,
        "length": 45.0612258911,
        "lossless": 0,
        "replay_gain": -3.19646835327,
        "sample_rate": 44100,
        "codec": "mp3",
        "downmix": "mix",
        "md5_encoded": "25166396658c04c4e5635bf5a9e53ee9"
    },
    "tags": {
        "file_name": "1121.mp3"
    },
    "version": {
        "essentia": "2.1-beta2",
        "essentia_git_sha": "v2.1_beta2",
        "extractor": "music 1.0"
    }
},
"rhythm": {
    "beats_count": 53,
    "beats_loudness": {
        "mean": 0.047561019659,
        "var": 0.00303859612904
    },
    "bpm": 69.6119842529,
    "bpm_histogram_first_peak_bpm": {
        "mean": 70,
        "var": 0
    },
    "bpm_histogram_first_peak_spread": {
        "mean": 0.0222222376615,
        "var": 0
    },
    "bpm_histogram_first_peak_weight": {
        "mean": 0.846153855324,
        "var": 0
    },
    "bpm_histogram_second_peak_bpm": {
        "mean": 91,
        "var": 0
    },
    "bpm_histogram_second_peak_spread": {
        "mean": 0,
        "var": 0
    },
    "bpm_histogram_second_peak_weight": {
        "mean": 0.0576923079789,
        "var": 0
    },
    "danceability": 0.910262942314,
    "onset_rate": 1.57492399216,
    "beats_loudness_band_ratio": {
        "mean": [0.322516351938, 0.32605278492, 0.24851475656, 0.120464108884, 0.000516479893122, 0.0010458806064],
        "var": [0.0350485555828, 0.0595725402236, 0.0700638368726, 0.059403706342, 3.60563575441e-007, 1.44354753502e-005]
    },
    "beats_position": [0.66176867485, 1.3235373497, 1.98530614376, 2.6470746994, 3.35528349876, 4.05188179016, 4.78331041336, 5.51473903656, 6.40870714188, 7.27945566177, 8.15020370483, 9.0093421936, 9.86848068237, 10.7276191711, 11.5867567062, 12.445895195, 13.3050336838, 14.1641721725, 15.0233106613, 15.8824491501, 16.7415866852, 17.600725174, 18.4598636627, 19.3306121826, 20.2013607025, 21.0604991913, 21.9196376801, 22.7787742615, 23.6379127502, 24.497051239, 25.3561897278, 26.2153282166, 27.0860767365, 27.9452152252, 28.8159637451, 29.6751022339, 30.5342407227, 31.3933773041, 32.2525177002, 33.111656189, 33.9707946777, 34.8299331665, 35.7006797791, 36.5714263916, 37.4305648804, 38.2897033691, 39.1488418579, 40.0079803467, 40.8671188354, 41.7146492004, 42.585395813, 43.4445343018, 44.3036727905]
},
"tonal": {
    "chords_changes_rate": 0.0277777779847,
    "chords_number_rate": 0.00617283955216,
    "chords_strength": {
        "mean": 0.489184528589,
        "var": 0.0143443122506
    },
    "hpcp_entropy": {
        "mean": 1.46694815159,
        "var": 0.313111364841
    },
    "key_strength": 0.814532101154,
    "tuning_diatonic_strength": 0.575466632843,
    "tuning_equal_tempered_deviation": 0.0518395379186,
    "tuning_frequency": 441.017791748,
    "tuning_nontempered_energy_ratio": 0.606697142124,
    "hpcp": {
        "mean": [0.139178350568, 0.0650968030095, 0.00781748164445, 0.00675222929567, 0.00352495419793, 0.0715708732605, 0.135368466377, 0.0897250473499, 0.421308994293, 0.685177206993, 0.298878520727, 0.0147937107831, 0.0105399228632, 0.0174607634544, 0.0970764532685, 0.149959892035, 0.073414042592, 0.0150594888255, 0.00604201573879, 0.00202303705737, 0.0518932081759, 0.10514434427, 0.100682578981, 0.399166494608, 0.541691243649, 0.192248627543, 0.00446572806686, 0.0026565163862, 0.0021454624366, 0.00934500712901, 0.0273195859045, 0.0209339000285, 0.00353978713974, 0.00239089340903, 0.00459848856553, 0.0799808427691],
        "var": [0.083526134491, 0.0162540134043, 0.00145015551243, 0.00132965517696, 7.23873163224e-005, 0.0199145134538, 0.067818172276, 0.019214598462, 0.0571349412203, 0.127414211631, 0.0306612122804, 0.00299974996597, 0.00558002665639, 0.00859973113984, 0.0460960827768, 0.102119408548, 0.0239767190069, 0.00140681664925, 0.000138733696076, 6.85304330545e-005, 0.0146109266207, 0.0532110370696, 0.0225072707981, 0.0809161067009, 0.130286470056, 0.0209117792547, 0.000162120253663, 7.68073368818e-005, 7.2314265708e-005, 0.00019243665156, 0.00170434080064, 0.00103278399911, 0.00012275869085, 5.84658446314e-005, 6.13784213783e-005, 0.027473166585]
    },
    "chords_histogram": [72.7366256714, 9.15637874603, 0.102880656719, 0, 2.77777767181, 0.102880656719, 0, 0, 0, 0, 0, 0, 0, 0, 0, 0, 0, 3.70370364189, 0, 0, 0, 0, 7.92181062698, 3.49794244766],
    "thpcp": [1, 0.436206161976, 0.0215910729021, 0.0153827695176, 0.0254835728556, 0.141680791974, 0.218862935901, 0.107146069407, 0.0219789687544, 0.00881817936897, 0.0029525749851, 0.0757369175553, 0.153455689549, 0.146943852305, 0.582574129105, 0.790585637093, 0.280582338572, 0.00651762494817, 0.00387712311931, 0.00313125201501, 0.0136388177052, 0.0398722924292, 0.0305525343865, 0.00516623584554, 0.00348945264705, 0.0067113856785, 0.116730153561, 0.203127518296, 0.0950072482228, 0.0114094307646, 0.0098547199741, 0.00514458771795, 0.104456007481, 0.197567090392, 0.130951598287, 0.614890575409],
    "chords_key": "F",
    "chords_scale": "major",
    "key_key": "F",
    "key_scale": "major"
}
}