{
"lowlevel": {
    "average_loudness": 0.901911199093,
    "barkbands_crest": {
        "mean": 7.63817071915,
        "var": 7.20522928238
    },
    "barkbands_flatness_db": {
        "mean": 0.115287765861,
        "var": 0.000843146815896
    },
    "barkbands_kurtosis": {
        "mean": 1.72226238251,
        "var": 5.92714643478
    },
    "barkbands_skewness": {
        "mean": 1.14723289013,
        "var": 0.481092661619
    },
    "barkbands_spread": {
        "mean": 19.0350399017,
        "var": 63.1136550903
    },
    "dissonance": {
        "mean": 0.455877482891,
        "var": 0.00067097961437
    },
    "dynamic_complexity": 1.60110747814,
    "erbbands_crest": {
        "mean": 8.87951469421,
        "var": 14.5345258713
    },
    "erbbands_flatness_db": {
        "mean": 0.161419615149,
        "var": 0.00138637772761
    },
    "erbbands_kurtosis": {
        "mean": 0.258744269609,
        "var": 1.51067793369
    },
    "erbbands_skewness": {
        "mean": 0.324188828468,
        "var": 0.207016170025
    },
    "erbbands_spread": {
        "mean": 30.839263916,
        "var": 169.882705688
    },
    "hfc": {
        "mean": 22.5604133606,
        "var": 239.965698242
    },
    "melbands_crest": {
        "mean": 11.299492836,
        "var": 13.9063415527
    },
    "melbands_flatness_db": {
        "mean": 0.188742190599,
        "var": 0.0011258093873
    },
    "melbands_kurtosis": {
        "mean": 5.46804714203,
        "var": 35.3286552429
    },
    "melbands_skewness": {
        "mean": 1.81353259087,
        "var": 0.865549266338
    },
    "melbands_spread": {
        "mean": 21.9669437408,
        "var": 81.2353286743
    },
    "pitch_salience": {
        "mean": 0.581178545952,
        "var": 0.00599922286347
    },
    "silence_rate_20dB": {
        "mean": 1,
        "var": 0
    },
    "silence_rate_30dB": {
        "mean": 0.998970150948,
        "var": 0.00102880992927
    },
    "silence_rate_60dB": {
        "mean": 0.00154479919001,
        "var": 0.00154241069686
    },
    "spectral_centroid": {
        "mean": 1122.84973145,
        "var": 116461.539063
    },
    "spectral_complexity": {
        "mean": 22.3372802734,
        "var": 33.4634208679
    },
    "spectral_decrease": {
        "mean": -7.55195816993e-009,
        "var": 1.71842917596e-017
    },
    "spectral_energy": {
        "mean": 0.0305491425097,
        "var": 0.00028081482742
    },
    "spectral_energyband_high": {
        "mean": 0.000419896765379,
        "var": 4.67127847514e-007
    },
    "spectral_energyband_low": {
        "mean": 0.00660403817892,
        "var": 6.89586740918e-005
    },
    "spectral_energyband_middle_high": {
        "mean": 0.00810225028545,
        "var": 6.54960240354e-005
    },
    "spectral_energyband_middle_low": {
        "mean": 0.017116535455,
        "var": 0.000106037688965
    },
    "spectral_entropy": {
        "mean": 7.49397659302,
        "var": 0.0732452124357
    },
    "spectral_flux": {
        "mean": 0.0875917822123,
        "var": 0.00111775146797
    },
    "spectral_kurtosis": {
        "mean": 6.07540941238,
        "var": 6.1790356636
    },
    "spectral_rms": {
        "mean": 0.00528699858114,
        "var": 1.85166948086e-006
    },
    "spectral_rolloff": {
        "mean": 1263.2668457,
        "var": 730538.625
    },
    "spectral_skewness": {
        "mean": 1.82288181782,
        "var": 0.120939657092
    },
    "spectral_spread": {
        "mean": 4018799,
        "var": 2.67930199654e+012
    },
    "spectral_strongpeak": {
        "mean": 1.17747604847,
        "var": 2.09658265114
    },
    "zerocrossingrate": {
        "mean": 0.0533549077809,
        "var": 0.000497141212691
    },
    "barkbands": {
        "mean": [0.000139961834066, 0.00211496138945, 0.00301000638865, 0.00334802083671, 0.00364890065975, 0.00215252861381, 0.00248129945248, 0.00242445594631, 0.00226338533685, 0.00153992138803, 0.00125909061171, 0.0010362805333, 0.00184656947386, 0.000718169496395, 0.000486614007968, 0.000373623741325, 0.000429959385656, 0.000481863942696, 0.00030856297235, 0.000110418775876, 7.26310609025e-005, 8.12839643913e-005, 7.69567777752e-005, 6.11194700468e-005, 4.36085392721e-005, 3.55825031875e-005, 3.36723132932e-006],
        "var": [5.14728455414e-008, 2.72770048468e-005, 1.31190063257e-005, 1.2818291907e-005, 9.70606561168e-006, 6.8235535764e-006, 1.48432245624e-005, 1.06515462903e-005, 1.55787038238e-005, 2.3909171432e-005, 3.00363785755e-006, 5.64092260902e-006, 1.98320594791e-005, 9.11070856091e-006, 6.90070805831e-007, 3.33488060278e-007, 2.12812921063e-007, 2.18159684096e-007, 9.12883564297e-008, 1.8930268908e-008, 1.52774592976e-008, 2.63775667975e-008, 3.57543292751e-008, 2.7126379365e-008, 5.78276093677e-009, 4.55748638828e-009, 5.5293544049e-011]
    },
    "erbbands": {
        "mean": [0.051964122802, 0.541969358921, 2.91562438011, 7.50909471512, 13.0825433731, 11.8909664154, 8.88064289093, 23.2649879456, 34.4927635193, 48.8962402344, 40.3231048584, 61.7598228455, 52.3738098145, 41.552822113, 55.6217651367, 50.2720146179, 83.7346878052, 54.7134513855, 29.5276050568, 19.9759159088, 18.1733379364, 22.9172115326, 28.4879493713, 20.9020233154, 11.2047290802, 5.20945692062, 2.93945431709, 3.08516788483, 2.90318751335, 2.5513484478, 2.18437600136, 1.54726016521, 0.855161190033, 0.525734066963, 0.299619346857, 0.143655329943, 0.0671305656433, 0.0142612056807, 0.00036155001726, 4.51894775324e-005],
        "var": [0.016036875546, 1.63236784935, 13.9236373901, 40.8827323914, 161.980438232, 153.40737915, 81.7401809692, 945.222473145, 2492.90429688, 3170.20288086, 3078.4699707, 11471.6611328, 40065.21875, 5047.67919922, 5125.69287109, 13633.6953125, 35314.546875, 28644.6640625, 2484.47460938, 623.448242188, 581.358398438, 514.972167969, 794.549743652, 325.510620117, 138.857330322, 40.4424705505, 20.0006828308, 30.7553901672, 31.9718666077, 30.658115387, 30.850446701, 18.0895442963, 5.66489028931, 0.964348733425, 0.268976330757, 0.0742855072021, 0.0162507686764, 0.000816405459773, 5.16179454735e-007, 8.19543433117e-010]
    },
    "gfcc": {
        "mean": [27.0318717957, 106.834625244, -122.154663086, 17.1899547577, -54.2383232117, 9.76895523071, -39.8015975952, 10.7654380798, -27.6930866241, -2.34013104439, -15.1700649261, -0.462208896875, -23.2734336853],
        "cov": [[1999.52148438, -484.666015625, 93.9484481812, -20.7480640411, -85.8798828125, 57.1657981873, -74.0042266846, 67.8574142456, -43.0441970825, 81.8391342163, -66.7974700928, 39.336391449, -115.319595337], [-484.666015625, 726.132202148, -351.930236816, 2.82437348366, 87.1334457397, -87.1918945313, 71.8765563965, -44.2717399597, 62.4060554504, -117.680839539, 97.2544326782, -102.220680237, 48.3555526733], [93.9484481812, -351.930236816, 444.927185059, 9.63038825989, -30.8052825928, 65.7234802246, -36.0614509583, 17.7029056549, -49.2316665649, 90.1781845093, -76.1296844482, 93.565322876, -2.39369297028], [-20.7480640411, 2.82437348366, 9.63038825989, 201.271530151, -14.6624479294, -16.4357948303, -27.6376399994, -33.5326919556, 40.1679992676, -8.85567474365, -5.05941200256, -1.28787124157, 35.5617599487], [-85.8798828125, 87.1334457397, -30.8052825928, -14.6624479294, 148.537918091, 0.27520403266, 2.46873545647, 25.2876529694, 4.94610929489, 2.85577630997, -0.59238243103, -22.1975841522, -4.01354551315], [57.1657981873, -87.1918945313, 65.7234802246, -16.4357948303, 0.27520403266, 126.420539856, 56.4083557129, 0.786562681198, -19.0540866852, 9.20287322998, -11.1992063522, 8.7996339798, -8.91649723053], [-74.0042266846, 71.8765563965, -36.0614509583, -27.6376399994, 2.46873545647, 56.4083557129, 113.713195801, 24.4270248413, -7.90095710754, -18.257188797, 22.5443572998, -10.3331441879, -7.51723051071], [67.8574142456, -44.2717399597, 17.7029056549, -33.5326919556, 25.2876529694, 0.786562681198, 24.4270248413, 82.8050689697, 10.3831329346, 14.7335195541, -0.295361310244, 0.414839982986, -18.869884491], [-43.0441970825, 62.4060554504, -49.2316665649, 40.1679992676, 4.94610929489, -19.0540866852, -7.90095710754, 10.3831329346, 87.501739502, 7.06361103058, 4.54759311676, -19.4441280365, -0.0286650042981], [81.8391342163, -117.680839539, 90.1781845093, -8.85567474365, 2.85577630997, 9.20287322998, -18.257188797, 14.7335195541, 7.06361103058, 80.6951751709, -3.79786539078, 21.7536220551, -6.24750328064], [-66.7974700928, 97.2544326782, -76.1296844482, -5.05941200256, -0.59238243103, -11.1992063522, 22.5443572998, -0.295361310244, 4.54759311676, -3.79786539078, 72.1636734009, 1.70098733902, -0.241667240858], [39.336391449, -102.220680237, 93.565322876, -1.28787124157, -22.1975841522, 8.7996339798, -10.3331441879, 0.414839982986, -19.4441280365, 21.7536220551, 1.70098733902, 76.7094573975, 18.4153461456], [-115.319595337, 48.3555526733, -2.39369297028, 35.5617599487, -4.01354551315, -8.91649723053, -7.51723051071, -18.869884491, -0.0286650042981, -6.24750328064, -0.241667240858, 18.4153461456, 65.4610061646]],
        "icov": [[0.000776016560849, -7.38773160265e-005, 0.000763934280258, -0.000510755751748, 0.000675454968587, -0.000846888229717, 0.00104407640174, -0.00112136593089, 0.000925545406062, -0.000953594804741, 0.00104954524431, -0.000903953274246, 0.00161732465494], [-7.38773160265e-005, 0.00598202226683, -0.000584915746003, 0.00219932803884, -0.00358664989471, 0.00454094586894, -0.00485968356952, 0.00504354760051, -0.00446159346029, 0.00555633800104, -0.00594746926799, 0.00525062065572, -0.00544149242342], [0.000763934280258, -0.000584915746003, 0.00685424124822, -0.00214650854468, 0.00156916235574, -0.00318121048622, 0.00223601050675, -0.00292255287059, 0.00404865341261, -0.00612104637548, 0.00697694113478, -0.00668760947883, 0.00359648698941], [-0.000510755751748, 0.00219932803884, -0.00214650854468, 0.00810645520687, -0.00152804888785, 0.0023346550297, -0.00164115556981, 0.00480244727805, -0.0062067550607, 0.0044304090552, -0.00373549270444, 0.00373918819241, -0.00623209401965], [0.000675454968587, -0.00358664989471, 0.00156916235574, -0.00152804888785, 0.0103623028845, -0.00429597962648, 0.00494565302506, -0.00688076857477, 0.00408540712669, -0.00487364875153, 0.00438101496547, -0.00134030799381, 0.00329137267545], [-0.000846888229717, 0.00454094586894, -0.00318121048622, 0.0023346550297, -0.00429597962648, 0.0176485329866, -0.0134141957387, 0.00876240618527, -0.00385740306228, 0.00352369714528, -0.00285279285163, 0.00432901037857, -0.003998700995], [0.00104407640174, -0.00485968356952, 0.00223601050675, -0.00164115556981, 0.00494565302506, -0.0134141957387, 0.0220155119896, -0.0118001149967, 0.00561734242365, -0.0016271591885, 0.000439705559984, -0.00302044814453, 0.00470363814384], [-0.00112136593089, 0.00504354760051, -0.00292255287059, 0.00480244727805, -0.00688076857477, 0.00876240618527, -0.0118001149967, 0.0234674029052, -0.00879080314189, 0.00389106362127, -0.00483418861404, 0.00370714510791, -0.00292877666652], [0.000925545406062, -0.00446159346029, 0.00404865341261, -0.0062067550607, 0.00408540712669, -0.00385740306228, 0.00561734242365, -0.00879080314189, 0.0205220207572, -0.00976549368352, 0.00662620970979, -0.00268290564418, 0.00613838480785], [-0.000953594804741, 0.00555633800104, -0.00612104637548, 0.0044304090552, -0.00487364875153, 0.00352369714528, -0.0016271591885, 0.00389106362127, -0.00976549368352, 0.0258457902819, -0.0116589181125, 0.005366506055, -0.0063893655315], [0.00104954524431, -0.00594746926799, 0.00697694113478, -0.00373549270444, 0.00438101496547, -0.00285279285163, 0.000439705559984, -0.00483418861404, 0.00662620970979, -0.0116589181125, 0.0286955367774, -0.0133636966348, 0.00981930550188], [-0.000903953274246, 0.00525062065572, -0.00668760947883, 0.00373918819241, -0.00134030799381, 0.00432901037857, -0.00302044814453, 0.00370714510791, -0.00268290564418, 0.005366506055, -0.0133636966348, 0.0289054848254, -0.0141876200214], [0.00161732465494, -0.00544149242342, 0.00359648698941, -0.00623209401965, 0.00329137267545, -0.003998700995, 0.00470363814384, -0.00292877666652, 0.00613838480785, -0.0063893655315, 0.00981930550188, -0.0141876200214, 0.028435530141]]
    },
    "melbands": {
        "mean": [0.000533159298357, 0.00125708209816, 0.00155167514458, 0.000924900406972, 0.000362246762961, 0.000488691788632, 0.000534830149263, 0.00055639265338, 0.000305609544739, 0.00038933835458, 0.00024885890889, 0.000159509392688, 0.000160808631335, 0.000146946054883, 0.00011766559328, 0.000202673909371, 9.12624236662e-005, 4.45040095656e-005, 3.10960131173e-005, 3.16789664794e-005, 1.79507242137e-005, 2.14080191654e-005, 3.02001444652e-005, 2.20048477786e-005, 1.66255049407e-005, 1.02708409031e-005, 4.98964664075e-006, 3.04883542412e-006, 1.80584163445e-006, 1.75380534984e-006, 1.8218055402e-006, 1.68906603903e-006, 1.47487423874e-006, 1.37568883929e-006, 1.29299451146e-006, 1.12332099889e-006, 8.68825964062e-007, 6.01568899583e-007, 5.15921271926e-007, 4.16753465515e-007],
        "var": [1.72854413449e-006, 3.32529202751e-006, 1.76125456619e-006, 6.43628027319e-007, 1.33380751777e-007, 3.83257372505e-007, 6.37176526652e-007, 4.4241292585e-007, 1.8473400587e-007, 5.12211784098e-007, 9.58997816269e-007, 8.40849025963e-008, 4.14689722561e-008, 7.07209437678e-008, 5.61496342755e-008, 2.98694573075e-007, 1.35526093459e-007, 6.04147221139e-009, 2.99357560962e-009, 2.37863995167e-009, 5.37474287299e-010, 4.54930731975e-010, 1.1605920669e-009, 4.73178385363e-010, 2.25285026745e-010, 1.40831346584e-010, 4.02308880654e-011, 1.640476123e-011, 7.74631921108e-012, 9.21873948706e-012, 1.21954729301e-011, 1.11732316108e-011, 9.32918933078e-012, 9.85506381362e-012, 1.04967900691e-011, 1.01915940964e-011, 6.16643932097e-012, 3.86533903843e-012, 1.10760543532e-012, 6.24881765256e-013]
    },
    "mfcc": {
        "mean": [-616.735107422, 141.913833618, -10.0884332657, 14.0582418442, 3.98139166832, -2.62208533287, -0.808127880096, 7.64209079742, -9.11756801605, -1.75765419006, 3.8092956543, -0.0872909203172, -3.99316596985],
        "cov": [[1313.43408203, -329.481750488, 32.8040618896, -37.2097969055, -14.4468584061, -24.5097351074, -29.1876411438, 7.19132614136, -26.7189350128, 23.0838813782, 76.9463577271, 16.3938503265, -35.7278785706], [-329.481750488, 565.584533691, -269.66784668, 0.0573795028031, -2.3292298317, -48.0963516235, 42.3332633972, 37.1892585754, -34.9155235291, 27.8241767883, 6.22238063812, -10.0250368118, -11.8805141449], [32.8040618896, -269.66784668, 370.919708252, -5.97453022003, -18.8426437378, 65.4045562744, -12.9814538956, -29.135881424, 38.8279380798, -47.4072036743, -33.1577568054, 5.83495330811, 30.3592319489], [-37.2097969055, 0.0573795028031, -5.97453022003, 159.094833374, 46.2672958374, -9.72364711761, -53.9927787781, -23.7206382751, 12.3595705032, -6.19310283661, -19.2842693329, -7.14800930023, 21.5076656342], [-14.4468584061, -2.3292298317, -18.8426437378, 46.2672958374, 126.368080139, -0.627522110939, -27.4060630798, -24.601266861, 20.9037799835, 13.0415439606, -2.93489980698, -11.7798509598, 10.8937358856], [-24.5097351074, -48.0963516235, 65.4045562744, -9.72364711761, -0.627522110939, 112.035049438, 16.3946437836, 3.1339495182, 13.249786377, -1.43306899071, -16.7016010284, -3.79571795464, 4.59551382065], [-29.1876411438, 42.3332633972, -12.9814538956, -53.9927787781, -27.4060630798, 16.3946437836, 131.822387695, 35.2479896545, -5.45672416687, -4.87862968445, 7.40390491486, 18.8531341553, -8.46274662018], [7.19132614136, 37.1892585754, -29.135881424, -23.7206382751, -24.601266861, 3.1339495182, 35.2479896545, 84.9318389893, 0.12179274857, 8.68263244629, 10.7514791489, 6.45371246338, -13.9535932541], [-26.7189350128, -34.9155235291, 38.8279380798, 12.3595705032, 20.9037799835, 13.249786377, -5.45672416687, 0.12179274857, 72.5944747925, 14.2577114105, -7.90320205688, -6.86290836334, 8.63222694397], [23.0838813782, 27.8241767883, -47.4072036743, -6.19310283661, 13.0415439606, -1.43306899071, -4.87862968445, 8.68263244629, 14.2577114105, 79.0465545654, 34.1866569519, 2.04259467125, -17.1615352631], [76.9463577271, 6.22238063812, -33.1577568054, -19.2842693329, -2.93489980698, -16.7016010284, 7.40390491486, 10.7514791489, -7.90320205688, 34.1866569519, 75.4151611328, 28.1833305359, -18.363861084], [16.3938503265, -10.0250368118, 5.83495330811, -7.14800930023, -11.7798509598, -3.79571795464, 18.8531341553, 6.45371246338, -6.86290836334, 2.04259467125, 28.1833305359, 59.9489898682, 16.4183101654], [-35.7278785706, -11.8805141449, 30.3592319489, 21.5076656342, 10.8937358856, 4.59551382065, -8.46274662018, -13.9535932541, 8.63222694397, -17.1615352631, -18.363861084, 16.4183101654, 79.174446106]],
        "icov": [[0.00103456957731, 0.000827069103252, 0.000311780284392, 0.00011192591046, 4.75068336527e-005, 0.000213268009247, 0.000115498973173, -0.000250021956163, 0.000485831551487, -5.4892290791e-005, -0.000922210747376, 0.000331098941388, 4.29451647506e-005], [0.000827069103252, 0.00352472579107, 0.00223741191439, -9.49628592934e-005, 0.000281924527371, 0.00044282907038, -0.000729251012672, -0.000603692315053, 0.000819744484033, -0.000425162026659, -5.82818211114e-005, 0.000795214029495, -0.000538798689377], [0.000311780284392, 0.00223741191439, 0.00533189857379, 0.00041940328083, 0.00107131118421, -0.00178354524542, 0.000267122872174, 0.000879153376445, -0.00206594960764, 0.00218892400153, 0.000260885281023, -0.000509592995513, -0.000676501716953], [0.00011192591046, -9.49628592934e-005, 0.00041940328083, 0.00841137394309, -0.00223136297427, 0.000373375543859, 0.00295345275663, 0.000295087462291, -0.000814697239548, 0.000681495468598, 0.0017060963437, -0.0011349102715, -0.000888863170985], [4.75068336527e-005, 0.000281924527371, 0.00107131118421, -0.00223136297427, 0.010181484744, -0.000494771171361, 0.000220267495024, 0.00238156178966, -0.00245880242437, -0.000998587231152, -0.00107203435618, 0.00190987810493, -0.00126287376042], [0.000213268009247, 0.00044282907038, -0.00178354524542, 0.000373375543859, -0.000494771171361, 0.0108641730621, -0.00165018881671, -0.000715041707736, -5.78364597459e-005, -0.002104728017, 0.00252859503962, 0.000309766910505, -4.74142143503e-005], [0.000115498973173, -0.000729251012672, 0.000267122872174, 0.00295345275663, 0.000220267495024, -0.00165018881671, 0.0106984246522, -0.00288479402661, -0.00065102399094, 0.00171026901808, 0.000603759370279, -0.0036544308532, 0.00107809330802], [-0.000250021956163, -0.000603692315053, 0.000879153376445, 0.000295087462291, 0.00238156178966, -0.000715041707736, -0.00288479402661, 0.0147772962227, -0.00191014260054, -0.000478946079966, -0.000443503522547, -0.000761858536862, 0.00154868559912], [0.000485831551487, 0.000819744484033, -0.00206594960764, -0.000814697239548, -0.00245880242437, -5.78364597459e-005, -0.00065102399094, -0.00191014260054, 0.0179758518934, -0.00563874980435, 0.0018025257159, 0.00194832647685, -0.00187686819118], [-5.4892290791e-005, -0.000425162026659, 0.00218892400153, 0.000681495468598, -0.000998587231152, -0.002104728017, 0.00171026901808, -0.000478946079966, -0.00563874980435, 0.0197296142578, -0.0090271551162, 0.0014451588504, 0.00174276425969], [-0.000922210747376, -5.82818211114e-005, 0.000260885281023, 0.0017060963437, -0.00107203435618, 0.00252859503962, 0.000603759370279, -0.000443503522547, 0.0018025257159, -0.0090271551162, 0.0256846975535, -0.0128294508904, 0.00546328071505], [0.000331098941388, 0.000795214029495, -0.000509592995513, -0.0011349102715, 0.00190987810493, 0.000309766910505, -0.0036544308532, -0.000761858536862, 0.00194832647685, 0.0014451588504, -0.0128294508904, 0.0267866738141, -0.00846278946847], [4.29451647506e-005, -0.000538798689377, -0.000676501716953, -0.000888863170985, -0.00126287376042, -4.74142143503e-005, 0.00107809330802, 0.00154868559912, -0.00187686819118, 0.00174276425969, 0.00546328071505, -0.00846278946847, 0.017238881439]]
    },
    "spectral_contrast_coeffs": {
        "mean": [-0.608125269413, -0.708276808262, -0.728968203068, -0.745819807053, -0.756397008896, -0.777583420277],
        "var": [0.00415512407199, 0.00389297795482, 0.00330776721239, 0.00241164374165, 0.00168395438232, 0.000857580802403]
    },
    "spectral_contrast_valleys": {
        "mean": [-7.03279685974, -6.30399990082, -6.86820459366, -7.42235469818, -7.49815320969, -10.1493930817],
        "var": [0.38395357132, 0.40300527215, 0.393284767866, 0.380755931139, 0.376490920782, 0.615441203117]
    }
},
"metadata": {
    "audio_properties": {
        "analysis_sample_rate": 44100,
        "bit_rate": 128074,
        "equal_loudness": 0,
        "length": 45.0612258911,
        "lossless": 0,
        "replay_gain": -5.00695419312,
        "sample_rate": 44100,
        "codec": "mp3",
        "downmix": "mix",
        "md5_encoded": "325032a4fe8103f9bddc9882687ed141"
    },
    "tags": {
        "file_name": "1122.mp3"
    },
    "version": {
        "essentia": "2.1-beta2",
        "essentia_git_sha": "v2.1_beta2",
        "extractor": "music 1.0"
    }
},
"rhythm": {
    "beats_count": 112,
    "beats_loudness": {
        "mean": 0.0353410355747,
        "var": 0.000209491525311
    },
    "bpm": 150.119934082,
    "bpm_histogram_first_peak_bpm": {
        "mean": 152,
        "var": 0
    },
    "bpm_histogram_first_peak_spread": {
        "mean": 0.432692319155,
        "var": 0
    },
    "bpm_histogram_first_peak_weight": {
        "mean": 0.531531512737,
        "var": 0
    },
    "bpm_histogram_second_peak_bpm": {
        "mean": 144,
        "var": 0
    },
    "bpm_histogram_second_peak_spread": {
        "mean": 0.333333343267,
        "var": 0
    },
    "bpm_histogram_second_peak_weight": {
        "mean": 0.0360360369086,
        "var": 0
    },
    "danceability": 0.950794696808,
    "onset_rate": 3.12766575813,
    "beats_loudness_band_ratio": {
        "mean": [0.366776138544, 0.209097847342, 0.232566699386, 0.160646766424, 0.0570957250893, 0.0279773566872],
        "var": [0.0341285467148, 0.0193961318582, 0.0185102913529, 0.0132452240214, 0.00107553321868, 0.000492631923407]
    },
    "beats_position": [0.429569154978, 0.859138309956, 1.30031740665, 1.72988653183, 2.14784574509, 2.55419492722, 2.97215414047, 3.36689329147, 3.76163268089, 4.1679816246, 4.57433080673, 4.96907043457, 5.36380958557, 5.75854873657, 6.15328788757, 6.54802703857, 6.9543762207, 7.36072540283, 7.76707458496, 8.17342376709, 8.56816291809, 8.96290206909, 9.35764122009, 9.75238037109, 10.1587295532, 10.5650787354, 10.95981884, 11.3661680222, 11.7725172043, 12.1672563553, 12.5619955063, 12.9567346573, 13.3630838394, 13.7578229904, 14.1641721725, 14.5589113235, 14.9536504745, 15.3599996567, 15.7663488388, 16.1610889435, 16.5558280945, 16.9505672455, 17.3569164276, 17.7632656097, 18.1580047607, 18.5643539429, 18.9590930939, 19.365442276, 19.760181427, 20.154920578, 20.549659729, 20.94439888, 21.339138031, 21.733877182, 22.1402263641, 22.5465755463, 22.9413146973, 23.3476638794, 23.7540130615, 24.1487522125, 24.5551013947, 24.9614505768, 25.3677997589, 25.774148941, 26.1804981232, 26.5868473053, 26.9815864563, 27.3763256073, 27.7942848206, 28.1890239716, 28.5837631226, 28.9785022736, 29.3732414246, 29.7679805756, 30.1627197266, 30.5574588776, 30.9521980286, 31.3701572418, 31.7648983002, 32.1596374512, 32.5543746948, 32.9491157532, 33.3438529968, 33.750202179, 34.1565513611, 34.5512924194, 34.9576416016, 35.3639907837, 35.7587280273, 36.1650772095, 36.5714263916, 36.96616745, 37.3609046936, 37.755645752, 38.1619949341, 38.5683441162, 38.9630813599, 39.3578224182, 39.7641716003, 40.1705207825, 40.5652618408, 40.9599990845, 41.3663482666, 41.7726974487, 42.1790466309, 42.5737876892, 42.9801368713, 43.374874115, 43.7812232971, 44.1875724792, 44.5823135376, 44.9770507813]
},
"tonal": {
    "chords_changes_rate": 0.0411522649229,
    "chords_number_rate": 0.00823045242578,
    "chords_strength": {
        "mean": 0.572001695633,
        "var": 0.00651291105896
    },
    "hpcp_entropy": {
        "mean": 1.89556789398,
        "var": 0.441684514284
    },
    "key_strength": 0.946085691452,
    "tuning_diatonic_strength": 0.785625994205,
    "tuning_equal_tempered_deviation": 0.00323137710802,
    "tuning_frequency": 440.763122559,
    "tuning_nontempered_energy_ratio": 0.682735621929,
    "hpcp": {
        "mean": [0.287297487259, 0.191464826465, 0.140449553728, 0.188773065805, 0.131434649229, 0.0493984669447, 0.0423116013408, 0.074161477387, 0.257132679224, 0.423831582069, 0.27232375741, 0.0788105800748, 0.042774964124, 0.0441142693162, 0.112690165639, 0.186606124043, 0.13224413991, 0.0498135909438, 0.0316742584109, 0.0409537628293, 0.118398085237, 0.198493763804, 0.20350921154, 0.331207692623, 0.425294220448, 0.242341786623, 0.0719760209322, 0.0387634597719, 0.0528951101005, 0.164046570659, 0.258536547422, 0.17085146904, 0.0600720532238, 0.0403112359345, 0.0700476691127, 0.197118028998],
        "var": [0.11660515517, 0.0545586980879, 0.0343191437423, 0.085046865046, 0.0469571687281, 0.00902593974024, 0.00775139080361, 0.0170146822929, 0.0656960457563, 0.136453032494, 0.0750755444169, 0.0211609546095, 0.0121493693441, 0.0106637217104, 0.0324273705482, 0.0717144086957, 0.0379918888211, 0.00789937097579, 0.00563432928175, 0.00762037886307, 0.0324742160738, 0.0768184065819, 0.0585994720459, 0.0916207432747, 0.137410879135, 0.0676201507449, 0.0145722879097, 0.00729568162933, 0.00999419949949, 0.0529306866229, 0.0998224318027, 0.0474312864244, 0.0113620655611, 0.00824062712491, 0.0165813434869, 0.0674913525581]
    },
    "chords_histogram": [62.3456802368, 4.62962961197, 12.8600826263, 0, 0, 0, 0, 0, 0, 0, 0, 0, 0, 0, 0, 0, 0, 3.18930029869, 0, 1.33744859695, 0, 1.64609050751, 9.67078208923, 4.32098770142],
    "thpcp": [1, 0.569821476936, 0.169238179922, 0.0911450460553, 0.124372981489, 0.385724902153, 0.607900440693, 0.40172535181, 0.141248226166, 0.0947843492031, 0.164704024792, 0.463486254215, 0.675526440144, 0.450193822384, 0.330240905285, 0.443864643574, 0.309044063091, 0.116151280701, 0.0994878336787, 0.174376875162, 0.604599535465, 0.996560871601, 0.640318512917, 0.185308367014, 0.100577346981, 0.10372646898, 0.264969885349, 0.438769489527, 0.310947418213, 0.117127366364, 0.074476107955, 0.0962951332331, 0.278391003609, 0.466721057892, 0.478513926268, 0.778773069382],
    "chords_key": "F",
    "chords_scale": "major",
    "key_key": "F",
    "key_scale": "major"
}
}