{
"lowlevel": {
    "average_loudness": 0.929849684238,
    "barkbands_crest": {
        "mean": 13.7752313614,
        "var": 22.10663414
    },
    "barkbands_flatness_db": {
        "mean": 0.320277929306,
        "var": 0.0119128907099
    },
    "barkbands_kurtosis": {
        "mean": 13.0494756699,
        "var": 261.542205811
    },
    "barkbands_skewness": {
        "mean": 2.24048280716,
        "var": 1.77548921108
    },
    "barkbands_spread": {
        "mean": 6.84576559067,
        "var": 41.8439865112
    },
    "dissonance": {
        "mean": 0.397329628468,
        "var": 0.00439570983872
    },
    "dynamic_complexity": 1.89947748184,
    "erbbands_crest": {
        "mean": 13.1293849945,
        "var": 28.0141162872
    },
    "erbbands_flatness_db": {
        "mean": 0.32140108943,
        "var": 0.00512546300888
    },
    "erbbands_kurtosis": {
        "mean": 2.67581152916,
        "var": 26.3136100769
    },
    "erbbands_skewness": {
        "mean": 1.0852265358,
        "var": 1.40316307545
    },
    "erbbands_spread": {
        "mean": 19.3745861053,
        "var": 132.490447998
    },
    "hfc": {
        "mean": 11.7234239578,
        "var": 44.9972229004
    },
    "melbands_crest": {
        "mean": 16.1230144501,
        "var": 20.9650154114
    },
    "melbands_flatness_db": {
        "mean": 0.414039343596,
        "var": 0.0175533890724
    },
    "melbands_kurtosis": {
        "mean": 15.8075942993,
        "var": 255.146469116
    },
    "melbands_skewness": {
        "mean": 2.72496342659,
        "var": 1.44343543053
    },
    "melbands_spread": {
        "mean": 8.73430919647,
        "var": 78.1736526489
    },
    "pitch_salience": {
        "mean": 0.508193314075,
        "var": 0.0137300416827
    },
    "silence_rate_20dB": {
        "mean": 1,
        "var": 0
    },
    "silence_rate_30dB": {
        "mean": 0.99794024229,
        "var": 0.00205550459214
    },
    "silence_rate_60dB": {
        "mean": 0.00205973233096,
        "var": 0.00205552321859
    },
    "spectral_centroid": {
        "mean": 535.153259277,
        "var": 132757.3125
    },
    "spectral_complexity": {
        "mean": 11.7734298706,
        "var": 23.8144283295
    },
    "spectral_decrease": {
        "mean": -8.25539459015e-009,
        "var": 2.29955283847e-017
    },
    "spectral_energy": {
        "mean": 0.032221082598,
        "var": 0.000340944883646
    },
    "spectral_energyband_high": {
        "mean": 2.33598093473e-005,
        "var": 7.91612198014e-009
    },
    "spectral_energyband_low": {
        "mean": 0.00234339619055,
        "var": 5.10201016368e-006
    },
    "spectral_energyband_middle_high": {
        "mean": 0.00260598957539,
        "var": 1.20561444419e-005
    },
    "spectral_energyband_middle_low": {
        "mean": 0.0283026397228,
        "var": 0.000357435143087
    },
    "spectral_entropy": {
        "mean": 5.8300948143,
        "var": 0.511338412762
    },
    "spectral_flux": {
        "mean": 0.0600976720452,
        "var": 0.000797244603746
    },
    "spectral_kurtosis": {
        "mean": 66.66065979,
        "var": 6238.45263672
    },
    "spectral_rms": {
        "mean": 0.00538884382695,
        "var": 2.39557357418e-006
    },
    "spectral_rolloff": {
        "mean": 623.132568359,
        "var": 355234.3125
    },
    "spectral_skewness": {
        "mean": 4.96485471725,
        "var": 11.9147109985
    },
    "spectral_spread": {
        "mean": 1456042,
        "var": 1.61092534272e+012
    },
    "spectral_strongpeak": {
        "mean": 1.15076851845,
        "var": 0.797289550304
    },
    "zerocrossingrate": {
        "mean": 0.0237691383809,
        "var": 0.00030383298872
    },
    "barkbands": {
        "mean": [3.92098772863e-005, 0.00029184948653, 0.000984360114671, 0.00360083859414, 0.0166603587568, 0.00525184581056, 0.00138364091981, 0.00060748134274, 0.00073303404497, 0.000173873268068, 0.000460143695818, 0.000403190206271, 0.000491502927616, 0.000545568298548, 0.000166486948729, 0.00010320138972, 6.5417465521e-005, 0.000116574832646, 5.37330415682e-005, 6.96023853379e-005, 1.36426806421e-005, 2.97754763778e-006, 1.81442692337e-006, 4.85637087877e-007, 2.63062162276e-007, 3.41223902467e-008, 2.65016186773e-009],
        "var": [2.96773783326e-009, 1.96680446152e-007, 7.16002887202e-007, 1.22117371575e-005, 0.000208350858884, 3.7843350583e-005, 3.04250670524e-006, 7.55643497996e-007, 1.07600146748e-006, 1.48896333485e-007, 1.55669567903e-006, 1.7512533077e-006, 1.17005788525e-006, 1.15283262403e-006, 1.04770521148e-007, 4.33259401689e-008, 1.77822574443e-008, 7.4498885283e-008, 1.52187560332e-008, 3.7088689453e-008, 3.58438612125e-009, 3.98388821932e-010, 1.9381005481e-011, 1.38431271654e-011, 4.2563370363e-012, 1.25525688476e-013, 8.01426311094e-017]
    },
    "erbbands": {
        "mean": [0.00195277109742, 0.0995643287897, 0.947507381439, 7.13614606857, 54.1833305359, 34.3636016846, 64.9949035645, 21.8465232849, 19.1042823792, 18.071434021, 14.3619813919, 11.8508787155, 15.0548095703, 8.34334278107, 19.9494743347, 22.1903476715, 20.7756137848, 32.6178588867, 10.7209186554, 8.46043968201, 5.83223724365, 3.18550944328, 5.16576623917, 4.0596241951, 5.43578577042, 1.93144571781, 0.742306649685, 0.256055474281, 0.129489913583, 0.0590893626213, 0.0506262592971, 0.0199001375586, 0.00839656032622, 0.00330929318443, 0.00148312118836, 0.000319772021612, 7.65524964663e-005, 1.0906859643e-005, 1.55039651872e-005, 3.5943590774e-005],
        "var": [4.11576547776e-006, 0.0180706530809, 0.514850020409, 44.2791633606, 2804.64013672, 976.669311523, 8523.85546875, 508.253509521, 561.277099609, 635.68145752, 449.434570313, 179.16293335, 598.512634277, 211.805526733, 3329.99487305, 4649.91650391, 1163.14526367, 5245.19482422, 442.311187744, 232.631561279, 122.183502197, 33.8933067322, 133.669082642, 102.824005127, 171.646011353, 15.5176744461, 6.4352722168, 1.50102257729, 0.643000543118, 0.0790629982948, 0.018357437104, 0.0170739665627, 0.00214070104994, 0.000208344907151, 0.000489372119773, 7.66772336647e-006, 4.76124682791e-007, 9.06324792993e-009, 7.49080936169e-011, 4.0900774434e-010]
    },
    "gfcc": {
        "mean": [-127.026947021, 213.574920654, -128.238677979, -7.02556324005, -35.1220397949, -29.3867053986, -38.870765686, -29.4603214264, -24.5896110535, -25.1632041931, -10.359454155, -21.6640396118, -5.44578456879],
        "cov": [[5845.12939453, -2306.21948242, -2589.30908203, 1782.12805176, -808.045532227, 278.582580566, 104.907722473, 181.876876831, -209.518753052, 467.198516846, 350.467468262, -111.02469635, -310.186859131], [-2306.21948242, 1596.72277832, 1159.05883789, -995.468994141, 531.024108887, -254.361862183, -41.0595474243, -107.937591553, 186.148040771, -296.241577148, -194.140136719, 70.2149734497, 209.765975952], [-2589.30908203, 1159.05883789, 1772.38391113, -889.530639648, 368.243347168, -97.5320281982, -157.560821533, -86.7150039673, 82.4993133545, -301.231994629, -262.873748779, 30.3932533264, 144.879714966], [1782.12805176, -995.468994141, -889.530639648, 862.026855469, -303.973052979, 160.152679443, 110.199195862, 71.9220504761, -95.2843322754, 211.60585022, 156.862060547, -52.4624404907, -101.997840881], [-808.045532227, 531.024108887, 368.243347168, -303.973052979, 309.244232178, -52.9692306519, -32.6421928406, -49.1276016235, 47.422328949, -98.691116333, -61.9912185669, 52.2373085022, 77.508392334], [278.582580566, -254.361862183, -97.5320281982, 160.152679443, -52.9692306519, 154.857757568, 8.28526687622, 22.7700881958, -17.9738712311, 60.6657600403, 48.5121269226, 16.5799350739, -32.8023071289], [104.907722473, -41.0595474243, -157.560821533, 110.199195862, -32.6421928406, 8.28526687622, 112.966819763, 27.7725124359, -4.39259290695, 44.4836883545, 33.9623985291, -11.4056625366, 2.41444253922], [181.876876831, -107.937591553, -86.7150039673, 71.9220504761, -49.1276016235, 22.7700881958, 27.7725124359, 97.9764251709, 25.027721405, 38.1337051392, 14.7257022858, -13.3616132736, -31.7763690948], [-209.518753052, 186.148040771, 82.4993133545, -95.2843322754, 47.422328949, -17.9738712311, -4.39259290695, 25.027721405, 100.703010559, -9.88809013367, -19.4447841644, 8.59240913391, 17.3143100739], [467.198516846, -296.241577148, -301.231994629, 211.60585022, -98.691116333, 60.6657600403, 44.4836883545, 38.1337051392, -9.88809013367, 150.536499023, 87.9709014893, -10.8288841248, -38.5850219727], [350.467468262, -194.140136719, -262.873748779, 156.862060547, -61.9912185669, 48.5121269226, 33.9623985291, 14.7257022858, -19.4447841644, 87.9709014893, 122.680213928, 30.2174777985, -23.0360946655], [-111.02469635, 70.2149734497, 30.3932533264, -52.4624404907, 52.2373085022, 16.5799350739, -11.4056625366, -13.3616132736, 8.59240913391, -10.8288841248, 30.2174777985, 76.104598999, 22.0474967957], [-310.186859131, 209.765975952, 144.879714966, -101.997840881, 77.508392334, -32.8023071289, 2.41444253922, -31.7763690948, 17.3143100739, -38.5850219727, -23.0360946655, 22.0474967957, 77.5662918091]],
        "icov": [[0.0012099633459, -0.00233397260308, 0.00164849951398, -0.00268208468333, 0.00218307459727, -0.00105739629362, 0.0037509824615, -0.00146042823326, 0.00245916168205, -0.000998550560325, 0.00204700254835, -0.0010947905248, 0.00107432040386], [-0.00233397260308, 0.0178138259798, -0.00566006684676, 0.0127148022875, -0.0129011869431, 0.00801396649331, -0.0176745578647, 0.00732754543424, -0.0167928244919, 0.0088071199134, -0.0112434895709, 0.0067192572169, -0.00750347692519], [0.00164849951398, -0.00566006684676, 0.00433199806139, -0.00370884826407, 0.00437683146447, -0.00396386627108, 0.00762227410451, -0.00325291580521, 0.00600044429302, -0.00188793952111, 0.00531490752473, -0.0015937841963, 0.00106384663377], [-0.00268208468333, 0.0127148022875, -0.00370884826407, 0.0141491061077, -0.00867721904069, 0.00306436489336, -0.0149487070739, 0.00522885797545, -0.0106406453997, 0.00559219066054, -0.00898545794189, 0.00700707081705, -0.00650682998821], [0.00218307459727, -0.0129011869431, 0.00437683146447, -0.00867721904069, 0.0159331075847, -0.00594348041341, 0.0129117462784, -0.00442960392684, 0.0111087923869, -0.00566015904769, 0.00953539181501, -0.00788753572851, 0.00316115026362], [-0.00105739629362, 0.00801396649331, -0.00396386627108, 0.00306436489336, -0.00594348041341, 0.0144144752994, -0.00744685297832, 0.0028199639637, -0.00723579199985, 0.00089641060913, -0.00495002837852, -0.00204975646921, 0.000127809951664], [0.0037509824615, -0.0176745578647, 0.00762227410451, -0.0149487070739, 0.0129117462784, -0.00744685297832, 0.0324106216431, -0.0118470685557, 0.0179190151393, -0.00944695528597, 0.00968337524682, -0.00390454125591, 0.0022769018542], [-0.00146042823326, 0.00732754543424, -0.00325291580521, 0.00522885797545, -0.00442960392684, 0.0028199639637, -0.0118470685557, 0.0192216131836, -0.0129592372105, 0.00201769033447, -0.00372142787091, 0.00231220386922, 0.00329132308252], [0.00245916168205, -0.0167928244919, 0.00600044429302, -0.0106406453997, 0.0111087923869, -0.00723579199985, 0.0179190151393, -0.0129592372105, 0.0299742612988, -0.0105813881382, 0.0128551209345, -0.00744144478813, 0.0039990353398], [-0.000998550560325, 0.0088071199134, -0.00188793952111, 0.00559219066054, -0.00566015904769, 0.00089641060913, -0.00944695528597, 0.00201769033447, -0.0105813881382, 0.02162951231, -0.0154093559831, 0.00915575399995, -0.00383240962401], [0.00204700254835, -0.0112434895709, 0.00531490752473, -0.00898545794189, 0.00953539181501, -0.00495002837852, 0.00968337524682, -0.00372142787091, 0.0128551209345, -0.0154093559831, 0.0306061729789, -0.0174234751612, 0.00690891966224], [-0.0010947905248, 0.0067192572169, -0.0015937841963, 0.00700707081705, -0.00788753572851, -0.00204975646921, -0.00390454125591, 0.00231220386922, -0.00744144478813, 0.00915575399995, -0.0174234751612, 0.0282347630709, -0.00925904791802], [0.00107432040386, -0.00750347692519, 0.00106384663377, -0.00650682998821, 0.00316115026362, 0.000127809951664, 0.0022769018542, 0.00329132308252, 0.0039990353398, -0.00383240962401, 0.00690891966224, -0.00925904791802, 0.026994286105]]
    },
    "melbands": {
        "mean": [4.56412672065e-005, 0.000355877797119, 0.00257761590183, 0.00355586083606, 0.00189822737593, 0.00058179651387, 0.000300305488054, 0.000174913002411, 0.000108071828436, 8.87017449713e-005, 7.53860658733e-005, 2.88972914859e-005, 6.39877252979e-005, 5.49581818632e-005, 4.69764563604e-005, 5.5949902162e-005, 5.8355715737e-005, 1.73417320184e-005, 1.14689401016e-005, 9.84797588899e-006, 6.37763923805e-006, 4.00648696086e-006, 1.08651306618e-006, 8.39673975861e-006, 2.42604437517e-006, 2.35514494307e-006, 4.65378434455e-006, 5.33864920271e-007, 5.52489666461e-007, 1.94509922835e-007, 1.4218232991e-007, 5.45593223933e-008, 7.2229163095e-008, 2.23718377157e-008, 2.26929905978e-008, 3.13344372671e-008, 6.7193428599e-009, 6.18603701596e-009, 3.47085760133e-009, 2.62797716921e-009],
        "var": [4.15908107954e-009, 9.04979771121e-008, 4.84164047521e-006, 1.13862415674e-005, 6.61703461446e-006, 3.46615223634e-007, 1.34956977149e-007, 5.63910980134e-008, 2.61252139921e-008, 1.40618885425e-008, 1.53186938689e-008, 3.49482953688e-009, 2.94116855315e-008, 2.20041158627e-008, 1.0862287958e-008, 1.58319615196e-008, 1.59147912626e-008, 1.53092916122e-009, 3.67896324516e-010, 4.07155226201e-010, 1.53440843365e-010, 6.30759472431e-011, 1.0916410137e-011, 4.10498274261e-010, 7.03336486274e-011, 2.53947973761e-011, 1.6764485633e-010, 1.0520498318e-012, 2.4426511161e-012, 6.72552378372e-012, 1.3033947836e-013, 1.02629879692e-013, 3.29215929691e-013, 3.55644867058e-015, 3.44816419036e-015, 1.02603709762e-014, 5.39996039962e-015, 1.4236186506e-015, 2.96833564291e-016, 1.21253534023e-016]
    },
    "mfcc": {
        "mean": [-760.498596191, 232.354293823, -12.23325634, 13.0758895874, 7.75861310959, -3.79532909393, -10.4723539352, -12.5112743378, -17.6758441925, -8.28045368195, -13.2110242844, -16.8346557617, -9.67876529694],
        "cov": [[4997.80175781, -1714.87744141, -2313.19824219, 1031.1451416, -711.80682373, 69.4552764893, 292.521148682, -102.991668701, -393.561889648, 369.666992188, 320.888946533, 194.506484985, 222.093093872], [-1714.87744141, 1242.36242676, 679.310424805, -470.289459229, 425.033813477, -99.5140838623, -175.424560547, 61.470954895, 202.378890991, -190.63760376, -148.231216431, -82.7979660034, -31.031042099], [-2313.19824219, 679.310424805, 1522.87487793, -449.617095947, 300.383666992, 2.78405594826, -185.896026611, 77.4567184448, 200.561294556, -142.345733643, -163.347198486, -116.479782104, -205.857406616], [1031.1451416, -470.289459229, -449.617095947, 370.60848999, -183.924407959, 29.4410133362, 116.49848175, -30.1233501434, -83.8075561523, 127.488510132, 61.9686927795, 3.60892152786, 55.4976959229], [-711.80682373, 425.033813477, 300.383666992, -183.924407959, 314.451873779, 7.05844497681, -67.4056243896, 45.8146095276, 80.7380523682, -91.1898269653, -59.2716560364, -20.4460163116, -29.5184078217], [69.4552764893, -99.5140838623, 2.78405594826, 29.4410133362, 7.05844497681, 129.235321045, 49.2763633728, 0.962744951248, -18.8589420319, -14.4093875885, 3.27509236336, 21.7269916534, 13.2785015106], [292.521148682, -175.424560547, -185.896026611, 116.49848175, -67.4056243896, 49.2763633728, 149.705841064, -13.7248220444, -56.1638641357, 51.2385787964, 43.0760231018, 17.4399871826, 48.1026306152], [-102.991668701, 61.470954895, 77.4567184448, -30.1233501434, 45.8146095276, 0.962744951248, -13.7248220444, 76.7157058716, 31.916847229, -18.4008083344, -11.8405714035, -2.2195224762, -4.65791130066], [-393.561889648, 202.378890991, 200.561294556, -83.8075561523, 80.7380523682, -18.8589420319, -56.1638641357, 31.916847229, 134.417312622, -4.91170787811, -44.4042510986, -22.0152111053, 4.7113866806], [369.666992188, -190.63760376, -142.345733643, 127.488510132, -91.1898269653, -14.4093875885, 51.2385787964, -18.4008083344, -4.91170787811, 130.830810547, 50.4867134094, 7.36096000671, 30.3135547638], [320.888946533, -148.231216431, -163.347198486, 61.9686927795, -59.2716560364, 3.27509236336, 43.0760231018, -11.8405714035, -44.4042510986, 50.4867134094, 116.116592407, 55.2467269897, 14.8523273468], [194.506484985, -82.7979660034, -116.479782104, 3.60892152786, -20.4460163116, 21.7269916534, 17.4399871826, -2.2195224762, -22.0152111053, 7.36096000671, 55.2467269897, 90.8128738403, 33.6532173157], [222.093093872, -31.031042099, -205.857406616, 55.4976959229, -29.5184078217, 13.2785015106, 48.1026306152, -4.65791130066, 4.7113866806, 30.3135547638, 14.8523273468, 33.6532173157, 128.329925537]],
        "icov": [[0.00157906429376, 0.000188606587471, 0.0017801275244, -0.00180691166315, 0.000608808652032, -0.000963654136285, 0.00172994448803, -0.00117424316704, 0.000854326877743, -0.00119881611317, 0.000108243264549, -0.000978424330242, 0.000994332134724], [0.000188606587471, 0.00300108571537, -1.64254342963e-005, 0.00165704032406, -0.00217658048496, 0.00191001559142, -0.000284005596768, 0.00052589684492, -0.00129741069395, 0.00145508151036, -0.00035925876, 0.00175641139504, -0.00163152988534], [0.0017801275244, -1.64254342963e-005, 0.00368583505042, -0.000573826080654, 0.000724240031559, -0.00225888891146, 0.00194441177882, -0.00178557145409, -0.000134558475111, -0.00225553661585, 0.000729984720238, -0.000273439451121, 0.00320759858005], [-0.00180691166315, 0.00165704032406, -0.000573826080654, 0.0110066812485, -0.00068071228452, -8.80406005308e-005, -0.00320450612344, 0.000432495929999, -0.000210470796446, -0.00294383545406, 0.000140778472996, 0.00548296701163, -0.00183429475874], [0.000608808652032, -0.00217658048496, 0.000724240031559, -0.00068071228452, 0.00730742234737, -0.00260984268971, 0.00091886689188, -0.00225187442265, -0.000452229607617, 0.000282746826997, 0.0001975918276, -0.00115103367716, 0.00162974116392], [-0.000963654136285, 0.00191001559142, -0.00225888891146, -8.80406005308e-005, -0.00260984268971, 0.0130678145215, -0.00578547781333, 0.00170959380921, -0.00159613287542, 0.00537525350228, 0.00102495995816, -0.00239982130006, -0.00187809823547], [0.00172994448803, -0.000284005596768, 0.00194441177882, -0.00320450612344, 0.00091886689188, -0.00578547781333, 0.0149055710062, -0.00232134689577, 0.00549340154976, -0.00476170890033, -0.00187455187552, 0.00114261591807, -0.00257866387255], [-0.00117424316704, 0.00052589684492, -0.00178557145409, 0.000432495929999, -0.00225187442265, 0.00170959380921, -0.00232134689577, 0.016655465588, -0.0047535863705, 0.00392736215144, -0.000877529790159, -3.30892653437e-005, -0.000755121058319], [0.000854326877743, -0.00129741069395, -0.000134558475111, -0.000210470796446, -0.000452229607617, -0.00159613287542, 0.00549340154976, -0.0047535863705, 0.0162879917771, -0.00740942545235, 0.00318357045762, -0.00025619729422, -0.00323663838208], [-0.00119881611317, 0.00145508151036, -0.00225553661585, -0.00294383545406, 0.000282746826997, 0.00537525350228, -0.00476170890033, 0.00392736215144, -0.00740942545235, 0.019433889538, -0.00635076547042, 0.00239690579474, -0.00269436696544], [0.000108243264549, -0.00035925876, 0.000729984720238, 0.000140778472996, 0.0001975918276, 0.00102495995816, -0.00187455187552, -0.000877529790159, 0.00318357045762, -0.00635076547042, 0.0179817583412, -0.010435031727, 0.00348472385667], [-0.000978424330242, 0.00175641139504, -0.000273439451121, 0.00548296701163, -0.00115103367716, -0.00239982130006, 0.00114261591807, -3.30892653437e-005, -0.00025619729422, 0.00239690579474, -0.010435031727, 0.0227144639939, -0.00644344324246], [0.000994332134724, -0.00163152988534, 0.00320759858005, -0.00183429475874, 0.00162974116392, -0.00187809823547, -0.00257866387255, -0.000755121058319, -0.00323663838208, -0.00269436696544, 0.00348472385667, -0.00644344324246, 0.0151657909155]]
    },
    "spectral_contrast_coeffs": {
        "mean": [-0.440940260887, -0.661940276623, -0.731982767582, -0.733056843281, -0.705600917339, -0.772435188293],
        "var": [0.00730821676552, 0.00490712095052, 0.00493392627686, 0.00585207110271, 0.00507205119357, 0.00617967452854]
    },
    "spectral_contrast_valleys": {
        "mean": [-8.05174350739, -6.82253980637, -7.81247615814, -8.69423103333, -10.1842269897, -13.7045993805],
        "var": [0.497810661793, 0.489550352097, 0.387723684311, 0.620111346245, 1.10927522182, 0.467044681311]
    }
},
"metadata": {
    "audio_properties": {
        "analysis_sample_rate": 44100,
        "bit_rate": 128074,
        "equal_loudness": 0,
        "length": 45.0612258911,
        "lossless": 0,
        "replay_gain": -5.21839141846,
        "sample_rate": 44100,
        "codec": "mp3",
        "downmix": "mix",
        "md5_encoded": "911186a71c3aedca0037adc5c7176a7e"
    },
    "tags": {
        "file_name": "1125.mp3"
    },
    "version": {
        "essentia": "2.1-beta2",
        "essentia_git_sha": "v2.1_beta2",
        "extractor": "music 1.0"
    }
},
"rhythm": {
    "beats_count": 70,
    "beats_loudness": {
        "mean": 0.0332897081971,
        "var": 0.000475934735732
    },
    "bpm": 99.9168395996,
    "bpm_histogram_first_peak_bpm": {
        "mean": 99,
        "var": 0
    },
    "bpm_histogram_first_peak_spread": {
        "mean": 0.2909091115,
        "var": 0
    },
    "bpm_histogram_first_peak_weight": {
        "mean": 0.565217375755,
        "var": 0
    },
    "bpm_histogram_second_peak_bpm": {
        "mean": 78,
        "var": 0
    },
    "bpm_histogram_second_peak_spread": {
        "mean": 0.0714285522699,
        "var": 0
    },
    "bpm_histogram_second_peak_weight": {
        "mean": 0.188405796885,
        "var": 0
    },
    "danceability": 1.10110497475,
    "onset_rate": 1.33092164993,
    "beats_loudness_band_ratio": {
        "mean": [0.426811337471, 0.596590101719, 0.0926215350628, 0.0758681744337, 0.0219167619944, 0.00507280696183],
        "var": [0.0506305582821, 0.0340749062598, 0.00534903630614, 0.0094859469682, 0.000797554850578, 0.000187228783034]
    },
    "beats_position": [0.743038535118, 1.50929701328, 2.27555561066, 3.05342388153, 3.83129239082, 4.60916090012, 5.38702917099, 6.15328788757, 6.93115615845, 7.70902490616, 8.47528362274, 9.22993183136, 9.99619007111, 10.7624483109, 11.5287075043, 12.144036293, 12.7361450195, 13.328253746, 13.9319725037, 14.5356912613, 15.1394100189, 15.7431287766, 16.3468475342, 16.9389572144, 17.5426750183, 18.1463947296, 18.7501125336, 19.3538322449, 19.9575500488, 20.549659729, 21.153377533, 21.7570972443, 22.3608150482, 22.9645347595, 23.5566444397, 24.1487522125, 24.7524719238, 25.3561897278, 25.9599094391, 26.5520172119, 27.1441268921, 27.747844696, 28.3515644073, 28.9552822113, 29.5590019226, 30.1511096954, 30.7432193756, 31.3469390869, 31.9506568909, 32.5543746948, 33.1580963135, 33.7618141174, 34.3655319214, 34.9692497253, 35.5613594055, 36.1534690857, 36.7571868896, 37.3609046936, 37.9646263123, 38.5683441162, 39.1604537964, 39.7641716003, 40.3562812805, 40.9599990845, 41.5637168884, 42.1674385071, 42.7595443726, 43.3516540527, 43.9553718567, 44.5590934753]
},
"tonal": {
    "chords_changes_rate": 0.0534979440272,
    "chords_number_rate": 0.00823045242578,
    "chords_strength": {
        "mean": 0.45429250598,
        "var": 0.00376706500538
    },
    "hpcp_entropy": {
        "mean": 1.98242926598,
        "var": 0.273520112038
    },
    "key_strength": 0.847765564919,
    "tuning_diatonic_strength": 0.623013615608,
    "tuning_equal_tempered_deviation": 0.101277478039,
    "tuning_frequency": 437.971466064,
    "tuning_nontempered_energy_ratio": 0.748732686043,
    "hpcp": {
        "mean": [0.161754876375, 0.155565455556, 0.0525913052261, 0.01937600784, 0.0100405365229, 0.0559694692492, 0.13888977468, 0.100698828697, 0.0429365560412, 0.0646901130676, 0.0409176833928, 0.0138851236552, 0.0245767366141, 0.0198454931378, 0.136011675, 0.467368215322, 0.38716712594, 0.0572119653225, 0.00985766854137, 0.00858839135617, 0.0510492324829, 0.134185358882, 0.108717888594, 0.0229086335748, 0.00308668077923, 0.00544298859313, 0.0934864282608, 0.236603677273, 0.203257292509, 0.349806755781, 0.654520153999, 0.398661017418, 0.0485044121742, 0.0219896957278, 0.0224914941937, 0.0570609048009],
        "var": [0.0592631883919, 0.0503180734813, 0.00627395696938, 0.00131732609589, 0.000515879539307, 0.0111426794901, 0.054779805243, 0.0289055909961, 0.00891842972487, 0.0274739712477, 0.0101333595812, 0.000605006120168, 0.00190479762387, 0.00093299621949, 0.0155102005228, 0.143280148506, 0.101220682263, 0.0044326656498, 0.000878661056049, 0.000755154353101, 0.0132783483714, 0.0571889616549, 0.045178104192, 0.0044410424307, 0.00013114696776, 0.000549298885744, 0.0265011545271, 0.099812194705, 0.0749734565616, 0.060871321708, 0.140316307545, 0.0769614949822, 0.00897939223796, 0.00670214835554, 0.00638661906123, 0.0192507654428]
    },
    "chords_histogram": [21.8106994629, 27.0576133728, 5.14403295517, 0, 0, 0, 0, 0, 0.823045253754, 0, 0, 0, 0, 0, 0, 2.16049385071, 1.54320991039, 28.4979419708, 0, 0, 0, 0, 4.32098770142, 8.64197540283],
    "thpcp": [1, 0.60908895731, 0.0741068273783, 0.0335966683924, 0.0343633331358, 0.0871797502041, 0.247135058045, 0.23767863214, 0.0803509354591, 0.0296033788472, 0.0153403012082, 0.0855122134089, 0.212200909853, 0.153851374984, 0.0656000524759, 0.0988359376788, 0.0625155419111, 0.021214203909, 0.0375492423773, 0.0303206760436, 0.20780365169, 0.714062392712, 0.591528177261, 0.0874105468392, 0.0150609090924, 0.0131216607988, 0.0779948979616, 0.205013334751, 0.166103199124, 0.0350006558001, 0.00471594464034, 0.00831599812955, 0.142832010984, 0.361491799355, 0.310543984175, 0.534447669983],
    "chords_key": "G",
    "chords_scale": "minor",
    "key_key": "G",
    "key_scale": "major"
}
}