{
"lowlevel": {
    "average_loudness": 0.847396552563,
    "barkbands_crest": {
        "mean": 16.9568023682,
        "var": 29.0460395813
    },
    "barkbands_flatness_db": {
        "mean": 0.357961297035,
        "var": 0.00977713707834
    },
    "barkbands_kurtosis": {
        "mean": 18.6515026093,
        "var": 649.417419434
    },
    "barkbands_skewness": {
        "mean": 2.92174315453,
        "var": 3.69559311867
    },
    "barkbands_spread": {
        "mean": 3.77255511284,
        "var": 14.1823549271
    },
    "dissonance": {
        "mean": 0.354502528906,
        "var": 0.00435181381181
    },
    "dynamic_complexity": 7.43870830536,
    "erbbands_crest": {
        "mean": 17.3909397125,
        "var": 42.2323799133
    },
    "erbbands_flatness_db": {
        "mean": 0.365155220032,
        "var": 0.00558375939727
    },
    "erbbands_kurtosis": {
        "mean": 5.00150966644,
        "var": 60.9951477051
    },
    "erbbands_skewness": {
        "mean": 1.65738224983,
        "var": 1.71086966991
    },
    "erbbands_spread": {
        "mean": 10.9531145096,
        "var": 36.5055046082
    },
    "hfc": {
        "mean": 6.3277554512,
        "var": 53.0045471191
    },
    "melbands_crest": {
        "mean": 19.9821166992,
        "var": 43.5982437134
    },
    "melbands_flatness_db": {
        "mean": 0.448229551315,
        "var": 0.0109343817458
    },
    "melbands_kurtosis": {
        "mean": 20.0949211121,
        "var": 564.331054688
    },
    "melbands_skewness": {
        "mean": 2.92140865326,
        "var": 3.09182429314
    },
    "melbands_spread": {
        "mean": 5.61769485474,
        "var": 42.2724227905
    },
    "pitch_salience": {
        "mean": 0.424977600574,
        "var": 0.0252650491893
    },
    "silence_rate_20dB": {
        "mean": 1,
        "var": 0
    },
    "silence_rate_30dB": {
        "mean": 0.999485075474,
        "var": 0.000514664861839
    },
    "silence_rate_60dB": {
        "mean": 0.320288360119,
        "var": 0.21769914031
    },
    "spectral_centroid": {
        "mean": 457.613311768,
        "var": 88416.7265625
    },
    "spectral_complexity": {
        "mean": 4.30381059647,
        "var": 8.75527000427
    },
    "spectral_decrease": {
        "mean": -4.56455184761e-009,
        "var": 2.53765810129e-017
    },
    "spectral_energy": {
        "mean": 0.0178016014397,
        "var": 0.000385549123166
    },
    "spectral_energyband_high": {
        "mean": 3.24959330555e-007,
        "var": 7.35270880097e-014
    },
    "spectral_energyband_low": {
        "mean": 0.000267291587079,
        "var": 2.58891134308e-007
    },
    "spectral_energyband_middle_high": {
        "mean": 0.00062706443714,
        "var": 1.15878174256e-006
    },
    "spectral_energyband_middle_low": {
        "mean": 0.0171212106943,
        "var": 0.000362305494491
    },
    "spectral_entropy": {
        "mean": 5.55247449875,
        "var": 0.513551235199
    },
    "spectral_flux": {
        "mean": 0.0356050878763,
        "var": 0.000977889401838
    },
    "spectral_kurtosis": {
        "mean": 57.616973877,
        "var": 1053.08837891
    },
    "spectral_rms": {
        "mean": 0.0033786422573,
        "var": 5.95219898969e-006
    },
    "spectral_rolloff": {
        "mean": 562.179260254,
        "var": 275476.875
    },
    "spectral_skewness": {
        "mean": 5.28975296021,
        "var": 3.3588051796
    },
    "spectral_spread": {
        "mean": 1440850.75,
        "var": 1.16345654477e+012
    },
    "spectral_strongpeak": {
        "mean": 1.0984518528,
        "var": 0.8730686903
    },
    "zerocrossingrate": {
        "mean": 0.021202519536,
        "var": 0.000204757685424
    },
    "barkbands": {
        "mean": [3.88390247963e-007, 1.04205928437e-005, 5.14132480021e-005, 0.000702726771124, 0.00686840480193, 0.00352870696224, 0.00568555481732, 0.00011175738473, 0.000179900089279, 7.40104514989e-005, 6.19369966444e-005, 0.000176759131136, 0.000287429924356, 2.61453096755e-005, 1.05370636447e-005, 1.84757627721e-005, 5.09777009938e-006, 8.73177953054e-007, 6.64026856612e-007, 2.38119682194e-007, 1.19397739695e-007, 5.04619173114e-008, 3.19628945533e-009, 2.67089794725e-009, 5.87523407702e-009, 2.65723065773e-009, 8.34885993672e-010],
        "var": [4.31273885961e-013, 2.47177583956e-010, 5.22559862048e-009, 2.35502625401e-006, 0.000158850685693, 2.73350960924e-005, 0.000128312254674, 1.10303126633e-007, 3.56372083843e-007, 4.27780051382e-008, 2.819801459e-008, 1.31169116457e-007, 6.2764456743e-007, 3.97391231033e-009, 8.0046480555e-010, 1.5781710383e-009, 6.13624914769e-011, 1.93584839998e-012, 7.74139324693e-013, 4.42193075776e-014, 1.29902192518e-014, 1.41388772435e-015, 3.15792490991e-016, 2.92583735297e-016, 2.55799609027e-016, 2.25584699719e-016, 3.94425482741e-018]
    },
    "erbbands": {
        "mean": [0.000193364990992, 0.00406313501298, 0.0655148923397, 1.30214679241, 12.401055336, 27.0192394257, 29.2945842743, 25.9022960663, 96.6562423706, 20.9161663055, 2.95129036903, 3.41927957535, 4.3389878273, 2.44346380234, 1.75844669342, 10.4124507904, 11.6255912781, 1.47294056416, 1.06467032433, 0.703672468662, 0.777876138687, 0.302708268166, 0.0674418136477, 0.0553390271962, 0.016138503328, 0.0100238295272, 0.00892498809844, 0.00298047089018, 0.0022273096256, 0.000238011212787, 9.54450806603e-005, 7.04291524016e-005, 5.89128103456e-005, 7.96233289293e-005, 4.71015591756e-005, 2.28255303227e-005, 8.99269889487e-006, 1.87743023616e-006, 8.38209052745e-006, 1.97720055439e-005],
        "var": [2.20283755681e-008, 3.49451074726e-005, 0.00730381347239, 5.43527793884, 565.78527832, 3580.00341797, 2689.93823242, 1014.10662842, 37389.421875, 2844.87573242, 23.9230079651, 188.328765869, 195.921279907, 37.4460220337, 8.15601348877, 434.640686035, 843.07611084, 10.3595628738, 5.5694937706, 1.71921646595, 3.15106201172, 0.199123173952, 0.0126401875168, 0.00558759830892, 0.000293696590234, 8.80376828718e-005, 7.33322158339e-005, 4.90700040245e-006, 2.52814857049e-006, 3.38056736382e-007, 2.75972297459e-007, 1.42675915527e-007, 7.48606012735e-008, 3.56848843808e-008, 1.16363594316e-008, 4.03787492331e-009, 6.9903866029e-010, 4.17010800891e-011, 8.43016559338e-011, 4.74948746998e-010]
    },
    "gfcc": {
        "mean": [-246.109436035, 197.551956177, -130.151412964, -34.7825584412, -40.9891815186, -37.6776313782, -39.442855835, -29.4808063507, -29.1481571198, -0.510831177235, -4.20946550369, -3.03832221031, 2.53878760338],
        "cov": [[4930.34082031, 1891.63757324, 309.129730225, -756.781433105, 326.362243652, -993.389038086, -282.032745361, -877.869384766, -33.063747406, -539.142272949, 131.885101318, -367.102905273, 24.8577442169], [1891.63757324, 977.029174805, 427.274505615, -164.384994507, 124.544387817, -373.480865479, -62.7662239075, -389.461975098, -166.796310425, -410.87008667, -107.056640625, -253.607223511, -14.8625774384], [309.129730225, 427.274505615, 680.528442383, 249.5443573, 20.8569660187, -87.6780395508, 23.9439296722, -167.719818115, -261.839630127, -364.616210938, -231.14805603, -187.682800293, -42.9199829102], [-756.781433105, -164.384994507, 249.5443573, 425.155029297, -8.70457077026, 170.297622681, 66.3916549683, 114.042320251, -157.445419312, -96.5305557251, -195.154678345, -38.185092926, -53.6133155823], [326.362243652, 124.544387817, 20.8569660187, -8.70457077026, 119.166877747, -36.2374343872, -32.2493133545, -68.6344528198, 1.98532068729, -42.8832015991, -5.2676615715, -51.6402511597, -27.809179306], [-993.389038086, -373.480865479, -87.6780395508, 170.297622681, -36.2374343872, 332.168273926, 109.031593323, 202.196075439, -29.4927158356, 85.8391952515, -83.4764404297, 48.0709686279, -33.0455856323], [-282.032745361, -62.7662239075, 23.9439296722, 66.3916549683, -32.2493133545, 109.031593323, 109.758361816, 80.8500976563, -47.7977409363, -41.0216598511, -75.1264953613, -13.9759082794, 5.99451637268], [-877.869384766, -389.461975098, -167.719818115, 114.042320251, -68.6344528198, 202.196075439, 80.8500976563, 263.32723999, 72.1605072021, 142.893173218, -23.3184986115, 81.5245666504, -0.497336447239], [-33.063747406, -166.796310425, -261.839630127, -157.445419312, 1.98532068729, -29.4927158356, -47.7977409363, 72.1605072021, 224.038360596, 228.638427734, 158.353713989, 81.5945663452, 4.63021087646], [-539.142272949, -410.87008667, -364.616210938, -96.5305557251, -42.8832015991, 85.8391952515, -41.0216598511, 142.893173218, 228.638427734, 373.017669678, 220.082092285, 164.017684937, -6.23737668991], [131.885101318, -107.056640625, -231.14805603, -195.154678345, -5.2676615715, -83.4764404297, -75.1264953613, -23.3184986115, 158.353713989, 220.082092285, 248.578445435, 124.952880859, 28.8165950775], [-367.102905273, -253.607223511, -187.682800293, -38.185092926, -51.6402511597, 48.0709686279, -13.9759082794, 81.5245666504, 81.5945663452, 164.017684937, 124.952880859, 155.306442261, 59.2832641602], [24.8577442169, -14.8625774384, -42.9199829102, -53.6133155823, -27.809179306, -33.0455856323, 5.99451637268, -0.497336447239, 4.63021087646, -6.23737668991, 28.8165950775, 59.2832641602, 101.884162903]],
        "icov": [[0.00237064389512, -0.00380298215896, 0.00167442345992, 0.00036982272286, -0.00141420087311, 0.00218600011431, -0.000848742492963, 0.00175480672624, -0.00108310650103, 0.000662248814479, 0.000207596051041, -0.00128849828616, 0.000929123547394], [-0.00380298215896, 0.0128187602386, -0.00417903391644, 0.00257815932855, -5.71068667341e-005, 0.000533096317668, -0.000768284779042, -0.000285155809252, 0.00263601751067, 0.0011602435261, 0.000769993464928, 0.00424834014848, -0.000143373254105], [0.00167442345992, -0.00417903391644, 0.00751482183114, -0.00583659950644, 0.00407902011648, -0.00081815716112, 0.000162289055879, 0.00474945036694, -0.00458263140172, 0.00677932426333, -0.00438783597201, 0.00257300026715, 0.000305055000354], [0.00036982272286, 0.00257815932855, -0.00583659950644, 0.0147559540346, -0.00973044987768, 0.00773093383759, -0.00104252819438, -0.00695782061666, 0.0138222342357, -0.0115753021091, 0.0134961279109, -0.00826292764395, 0.00512485904619], [-0.00141420087311, -5.71068667341e-005, 0.00407902011648, -0.00973044987768, 0.0218543950468, -0.0122755263001, 0.00715183420107, 0.00614395318553, -0.0142007600516, 0.0147204771638, -0.0134057942778, 0.0113259376958, -0.00272446661256], [0.00218600011431, 0.000533096317668, -0.00081815716112, 0.00773093383759, -0.0122755263001, 0.0227881539613, -0.0124132009223, -0.00250034313649, 0.0142773287371, -0.0158306658268, 0.0180204268545, -0.0125616360456, 0.00862108170986], [-0.000848742492963, -0.000768284779042, 0.000162289055879, -0.00104252819438, 0.00715183420107, -0.0124132009223, 0.0271558277309, -0.0103406896815, 0.000525217095856, 0.00854977313429, -0.0110906027257, 0.013586319983, -0.00837661325932], [0.00175480672624, -0.000285155809252, 0.00474945036694, -0.00695782061666, 0.00614395318553, -0.00250034313649, -0.0103406896815, 0.0268325377256, -0.017898382619, 0.00493038725108, 0.0066494285129, -0.00661865714937, 0.00256083672866], [-0.00108310650103, 0.00263601751067, -0.00458263140172, 0.0138222342357, -0.0142007600516, 0.0142773287371, 0.000525217095856, -0.017898382619, 0.0398813225329, -0.028944671154, 0.0111936274916, 0.000723208591808, -0.000542988535017], [0.000662248814479, 0.0011602435261, 0.00677932426333, -0.0115753021091, 0.0147204771638, -0.0158306658268, 0.00854977313429, 0.00493038725108, -0.028944671154, 0.0459236651659, -0.0305537041277, 0.00647791614756, 0.00417607836425], [0.000207596051041, 0.000769993464928, -0.00438783597201, 0.0134961279109, -0.0134057942778, 0.0180204268545, -0.0110906027257, 0.0066494285129, 0.0111936274916, -0.0305537041277, 0.048108227551, -0.0309834629297, 0.0102282138541], [-0.00128849828616, 0.00424834014848, 0.00257300026715, -0.00826292764395, 0.0113259376958, -0.0125616360456, 0.013586319983, -0.00661865714937, 0.000723208591808, 0.00647791614756, -0.0309834629297, 0.0508609302342, -0.0246121045202], [0.000929123547394, -0.000143373254105, 0.000305055000354, 0.00512485904619, -0.00272446661256, 0.00862108170986, -0.00837661325932, 0.00256083672866, -0.000542988535017, 0.00417607836425, 0.0102282138541, -0.0246121045202, 0.0266591291875]]
    },
    "melbands": {
        "mean": [1.92689958567e-006, 1.67702346516e-005, 0.000465597666334, 0.00151940854266, 0.00106006709393, 0.000703219615389, 0.00132361869328, 0.000129980631755, 1.89697711903e-005, 2.35086172324e-005, 2.09562986129e-005, 9.04358876141e-006, 6.32013689028e-006, 9.93849607767e-006, 5.56332197448e-005, 8.84944074642e-006, 1.95389566215e-006, 1.92135075849e-006, 7.43082409826e-007, 1.45847616295e-006, 6.78444621371e-007, 3.28794072857e-007, 1.16174057041e-007, 4.66220946294e-008, 4.61050433387e-008, 1.6747627285e-008, 7.00738445047e-009, 6.555143095e-009, 7.32692306826e-009, 2.55127652338e-009, 1.40164424511e-009, 1.78841919052e-009, 1.72611355764e-010, 7.61177093578e-011, 4.77177984626e-011, 4.47456550978e-011, 3.30742828958e-011, 3.01775722467e-011, 4.26006521725e-011, 6.65899280161e-011],
        "var": [5.57832339348e-012, 5.18192821986e-010, 8.04128717391e-007, 7.63069601817e-006, 3.88298576581e-006, 8.02185752491e-007, 6.95997550793e-006, 1.79021952817e-007, 1.22156007532e-009, 9.90161819203e-009, 4.58421745009e-009, 5.12717923673e-010, 1.82518097858e-010, 5.44946920922e-010, 1.75603656061e-008, 5.19822629386e-010, 3.07807355993e-011, 2.28822689963e-011, 4.82482066452e-012, 9.39218668117e-012, 2.63041259781e-012, 2.69356179071e-013, 7.21513709781e-014, 4.1013127783e-015, 4.31428650739e-015, 3.57950220749e-016, 5.53878219106e-017, 3.48005637049e-017, 5.33859621102e-017, 4.80513725966e-018, 9.95335781135e-019, 1.61120183588e-018, 1.39387145196e-019, 8.9336624142e-020, 9.82587040889e-020, 6.59331707593e-020, 5.01566005053e-020, 3.80051460547e-020, 3.16749170038e-020, 2.36436507998e-020]
    },
    "mfcc": {
        "mean": [-871.339477539, 205.921585083, -4.32319927216, -13.7253160477, 2.12579727173, -11.6978111267, -14.7408504486, -21.5853443146, -24.1673583984, -22.2951049805, -12.5575399399, 0.486786395311, -0.728554546833],
        "cov": [[3136.61132813, 2013.64404297, -323.79989624, 164.622619629, 106.920188904, -244.277496338, -244.798309326, -399.639678955, -342.609954834, -346.395050049, -304.20501709, -138.563980103, -129.257156372], [2013.64404297, 1493.41992188, 85.0326690674, 179.007247925, 53.5839614868, -129.9715271, -99.1629486084, -200.451049805, -212.335571289, -252.590423584, -272.555267334, -217.252212524, -211.180267334], [-323.79989624, 85.0326690674, 560.089904785, 218.605957031, -22.5275020599, 57.3651123047, 139.391830444, 138.695663452, 50.497341156, -25.9221992493, -114.548492432, -210.470199585, -213.602676392], [164.622619629, 179.007247925, 218.605957031, 251.58883667, 74.6444473267, -5.81922292709, 33.5167808533, 14.1402788162, -17.3560123444, -54.3343467712, -84.0692443848, -94.3098526001, -99.2509155273], [106.920188904, 53.5839614868, -22.5275020599, 74.6444473267, 120.89868927, 38.2305145264, -25.8245716095, -31.1738986969, -23.6040668488, -15.0796918869, 2.86878466606, 20.9062919617, 15.0781469345], [-244.277496338, -129.9715271, 57.3651123047, -5.81922292709, 38.2305145264, 100.985305786, 62.8041419983, 37.0766677856, 25.4289360046, 24.0201911926, 17.8485240936, -1.99732446671, -10.0543432236], [-244.798309326, -99.1629486084, 139.391830444, 33.5167808533, -25.8245716095, 62.8041419983, 129.012680054, 109.37311554, 48.7246818542, 15.8337945938, -27.2129878998, -79.2800674438, -86.7789077759], [-399.639678955, -200.451049805, 138.695663452, 14.1402788162, -31.1738986969, 37.0766677856, 109.37311554, 163.099380493, 107.634017944, 44.9141464233, -11.5013523102, -82.938369751, -93.7675247192], [-342.609954834, -212.335571289, 50.497341156, -17.3560123444, -23.6040668488, 25.4289360046, 48.7246818542, 107.634017944, 123.807106018, 81.5294952393, 18.3059406281, -31.6499576569, -39.5129051208], [-346.395050049, -252.590423584, -25.9221992493, -54.3343467712, -15.0796918869, 24.0201911926, 15.8337945938, 44.9141464233, 81.5294952393, 108.55897522, 81.662612915, 39.7651824951, 31.1618747711], [-304.20501709, -272.555267334, -114.548492432, -84.0692443848, 2.86878466606, 17.8485240936, -27.2129878998, -11.5013523102, 18.3059406281, 81.662612915, 147.333694458, 147.70880127, 114.866714478], [-138.563980103, -217.252212524, -210.470199585, -94.3098526001, 20.9062919617, -1.99732446671, -79.2800674438, -82.938369751, -31.6499576569, 39.7651824951, 147.70880127, 236.453857422, 211.297134399], [-129.257156372, -211.180267334, -213.602676392, -99.2509155273, 15.0781469345, -10.0543432236, -86.7789077759, -93.7675247192, -39.5129051208, 31.1618747711, 114.866714478, 211.297134399, 239.145767212]],
        "icov": [[0.211761847138, -0.325438022614, 0.398453235626, -0.495871692896, 0.597702026367, -0.669922590256, 0.704467952251, -0.678714394569, 0.595553040504, -0.469894886017, 0.325544625521, -0.17733168602, 0.0607771649957], [-0.325438022614, 0.512455642223, -0.651150584221, 0.839986860752, -1.03915143013, 1.18538141251, -1.26011765003, 1.22667527199, -1.07925057411, 0.85667437315, -0.591338932514, 0.323608398438, -0.109128497541], [0.398453235626, -0.651150584221, 0.899241566658, -1.22748863697, 1.57672429085, -1.84221887589, 1.99044823647, -1.9568747282, 1.73829495907, -1.38585329056, 0.961581289768, -0.527558207512, 0.184296712279], [-0.495871692896, 0.839986860752, -1.22748863697, 1.75411629677, -2.30816292763, 2.73526930809, -2.98586463928, 2.95054125786, -2.63151788712, 2.1064016819, -1.46064412594, 0.805342972279, -0.279955089092], [0.597702026367, -1.03915143013, 1.57672429085, -2.30816292763, 3.09695887566, -3.69799280167, 4.05923223495, -4.022544384, 3.5981771946, -2.88535642624, 2.0067358017, -1.11110270023, 0.389142930508], [-0.669922590256, 1.18538141251, -1.84221887589, 2.73526930809, -3.69799280167, 4.4579577446, -4.90633583069, 4.87200737, -4.36383390427, 3.50405979156, -2.44100093842, 1.3516920805, -0.474511533976], [0.704467952251, -1.26011765003, 1.99044823647, -2.98586463928, 4.05923223495, -4.90633583069, 5.44156599045, -5.41334486008, 4.85702943802, -3.90539169312, 2.72571015358, -1.51345217228, 0.535872995853], [-0.678714394569, 1.22667527199, -1.9568747282, 2.95054125786, -4.022544384, 4.87200737, -5.41334486008, 5.42482233047, -4.87471961975, 3.9232840538, -2.74056863785, 1.52664256096, -0.53494477272], [0.595553040504, -1.07925057411, 1.73829495907, -2.63151788712, 3.5981771946, -4.36383390427, 4.85702943802, -4.87471961975, 4.41852331161, -3.56683468819, 2.49506807327, -1.39307796955, 0.497378826141], [-0.469894886017, 0.85667437315, -1.38585329056, 2.1064016819, -2.88535642624, 3.50405979156, -3.90539169312, 3.9232840538, -3.56683468819, 2.91096138954, -2.04391217232, 1.14643335342, -0.410561293364], [0.325544625521, -0.591338932514, 0.961581289768, -1.46064412594, 2.0067358017, -2.44100093842, 2.72571015358, -2.74056863785, 2.49506807327, -2.04391217232, 1.4701693058, -0.835948288441, 0.302839159966], [-0.17733168602, 0.323608398438, -0.527558207512, 0.805342972279, -1.11110270023, 1.3516920805, -1.51345217228, 1.52664256096, -1.39307796955, 1.14643335342, -0.835948288441, 0.500982642174, -0.1914485991], [0.0607771649957, -0.109128497541, 0.184296712279, -0.279955089092, 0.389142930508, -0.474511533976, 0.535872995853, -0.53494477272, 0.497378826141, -0.410561293364, 0.302839159966, -0.1914485991, 0.0886793136597]]
    },
    "spectral_contrast_coeffs": {
        "mean": [-0.527690470219, -0.596865713596, -0.775729179382, -0.762058079243, -0.805135846138, -0.799620509148],
        "var": [0.0261368378997, 0.0176986344159, 0.0045894891955, 0.00467683048919, 0.000556262559257, 0.000922656152397]
    },
    "spectral_contrast_valleys": {
        "mean": [-9.82935905457, -8.15911960602, -8.91974925995, -9.48972129822, -10.6938257217, -14.2932014465],
        "var": [0.7881321311, 0.763235449791, 0.605799615383, 0.606992065907, 0.681297540665, 0.395153343678]
    }
},
"metadata": {
    "audio_properties": {
        "analysis_sample_rate": 44100,
        "bit_rate": 128074,
        "equal_loudness": 0,
        "length": 45.0612258911,
        "lossless": 0,
        "replay_gain": -5.62537384033,
        "sample_rate": 44100,
        "codec": "mp3",
        "downmix": "mix",
        "md5_encoded": "ccaad65259bea857ecec88f6fd73f4b9"
    },
    "tags": {
        "file_name": "1126.mp3"
    },
    "version": {
        "essentia": "2.1-beta2",
        "essentia_git_sha": "v2.1_beta2",
        "extractor": "music 1.0"
    }
},
"rhythm": {
    "beats_count": 68,
    "beats_loudness": {
        "mean": 0.0194609314203,
        "var": 0.00034506447264
    },
    "bpm": 78.881111145,
    "bpm_histogram_first_peak_bpm": {
        "mean": 78,
        "var": 0
    },
    "bpm_histogram_first_peak_spread": {
        "mean": 0.421052634716,
        "var": 0
    },
    "bpm_histogram_first_peak_weight": {
        "mean": 0.164179101586,
        "var": 0
    },
    "bpm_histogram_second_peak_bpm": {
        "mean": 112,
        "var": 0
    },
    "bpm_histogram_second_peak_spread": {
        "mean": 0.526315748692,
        "var": 0
    },
    "bpm_histogram_second_peak_weight": {
        "mean": 0.134328365326,
        "var": 0
    },
    "danceability": 1.10261380672,
    "onset_rate": 2.39565896988,
    "beats_loudness_band_ratio": {
        "mean": [0.149238064885, 0.588799357414, 0.324617534876, 0.0615938194096, 0.00832747016102, 0.00059036212042],
        "var": [0.0428838469088, 0.0839053243399, 0.102547645569, 0.00474188337103, 0.000252651952906, 2.17679667003e-006]
    },
    "beats_position": [0.847528338432, 1.69505667686, 2.53097510338, 3.29723358154, 4.06349182129, 4.81814050674, 5.58439922333, 6.33904743195, 7.10530614853, 7.8831744194, 8.64943313599, 9.41569137573, 10.1703395844, 10.9249887466, 11.6796369553, 12.445895195, 13.2121543884, 13.9784126282, 14.7330608368, 15.4877090454, 16.2539672852, 16.9273471832, 17.6239452362, 18.3205432892, 19.0171432495, 19.6208610535, 20.2129707336, 20.7934684753, 21.3623580933, 21.9196376801, 22.4885253906, 23.0574150085, 23.5914726257, 24.1255321503, 24.6828117371, 25.2168693542, 25.7625389099, 26.3082084656, 26.8422679901, 27.3647155762, 27.8987751007, 28.4212245941, 28.9552822113, 29.4893417358, 30.0234012604, 30.5458488464, 31.0682983398, 31.6023578644, 32.1248054504, 32.6472549438, 33.1580963135, 33.6689338684, 34.2494316101, 34.8415412903, 35.4336509705, 36.0605888367, 36.6991386414, 37.4073448181, 38.1039466858, 38.823764801, 39.5319709778, 40.2401809692, 40.9716110229, 41.6798171997, 42.3880271912, 43.0962333679, 43.8044433594, 44.5126533508]
},
"tonal": {
    "chords_changes_rate": 0.0812757238746,
    "chords_number_rate": 0.0144032919779,
    "chords_strength": {
        "mean": 0.555470228195,
        "var": 0.0127671947703
    },
    "hpcp_entropy": {
        "mean": 1.38472211361,
        "var": 0.548267126083
    },
    "key_strength": 0.822557389736,
    "tuning_diatonic_strength": 0.71098947525,
    "tuning_equal_tempered_deviation": 0.111847788095,
    "tuning_frequency": 445.112548828,
    "tuning_nontempered_energy_ratio": 0.803640007973,
    "hpcp": {
        "mean": [0.0414183028042, 0.0650789067149, 0.124436095357, 0.116847269237, 0.0588324517012, 0.0733679607511, 0.0966351479292, 0.0641352236271, 0.0264351312071, 0.0168090667576, 0.0141837643459, 0.0296404603869, 0.0583986192942, 0.0527798980474, 0.0329505354166, 0.061417594552, 0.1151631549, 0.244426965714, 0.288653492928, 0.144138604403, 0.0506758540869, 0.0440441705287, 0.036585085094, 0.0293022505939, 0.0418911762536, 0.050264775753, 0.0684932991862, 0.0880081057549, 0.0761541202664, 0.0761286169291, 0.144218966365, 0.184681624174, 0.194905728102, 0.25521889329, 0.204894334078, 0.0786349326372],
        "var": [0.0282705873251, 0.0237991418689, 0.0719173401594, 0.0596757419407, 0.0258037745953, 0.0435762666166, 0.0592407137156, 0.0349174663424, 0.00729326624423, 0.00375324185006, 0.00402226112783, 0.0108001800254, 0.0342217199504, 0.030771644786, 0.00960469990969, 0.0255261007696, 0.0402989126742, 0.108782656491, 0.13701428473, 0.0460932329297, 0.0168215669692, 0.0280025284737, 0.0215175095946, 0.0105555783957, 0.0260494891554, 0.0288508180529, 0.0395900830626, 0.0550451241434, 0.0404423214495, 0.0360796228051, 0.0760222673416, 0.100584000349, 0.085126504302, 0.128815531731, 0.101031169295, 0.0324159450829]
    },
    "chords_histogram": [30.5555553436, 7.71604919434, 3.80658435822, 4.62962961197, 0.720164597034, 2.16049385071, 0.514403283596, 9.67078208923, 3.60082316399, 13.0658435822, 5.86419773102, 3.60082316399, 0.205761313438, 0, 0, 0, 2.26337456703, 2.88065838814, 0.823045253754, 0.925925910473, 0.823045253754, 4.11522626877, 0.205761313438, 1.85185182095],
    "thpcp": [1, 0.499348193407, 0.175559476018, 0.152584925294, 0.1267439574, 0.101513586938, 0.14512616396, 0.17413534224, 0.237285539508, 0.304891884327, 0.263825386763, 0.263737022877, 0.499626606703, 0.639803886414, 0.675223886967, 0.884170472622, 0.709828019142, 0.272419810295, 0.1434879601, 0.225456848741, 0.431091606617, 0.404801160097, 0.203816875815, 0.254173129797, 0.334779083729, 0.222187593579, 0.0915808454156, 0.0582326799631, 0.0491376854479, 0.102685265243, 0.202313914895, 0.182848632336, 0.114152558148, 0.212772741914, 0.398966789246, 0.846783339977],
    "chords_key": "G#",
    "chords_scale": "minor",
    "key_key": "G#",
    "key_scale": "minor"
}
}