{
"lowlevel": {
    "average_loudness": 0.231255173683,
    "barkbands_crest": {
        "mean": 11.7316436768,
        "var": 16.1780910492
    },
    "barkbands_flatness_db": {
        "mean": 0.235126182437,
        "var": 0.00202745641582
    },
    "barkbands_kurtosis": {
        "mean": 4.38122081757,
        "var": 135.469299316
    },
    "barkbands_skewness": {
        "mean": 1.60693967342,
        "var": 1.48280131817
    },
    "barkbands_spread": {
        "mean": 10.6740198135,
        "var": 24.2774391174
    },
    "dissonance": {
        "mean": 0.435945391655,
        "var": 0.00113601982594
    },
    "dynamic_complexity": 6.47475528717,
    "erbbands_crest": {
        "mean": 10.8238668442,
        "var": 21.6647109985
    },
    "erbbands_flatness_db": {
        "mean": 0.262325495481,
        "var": 0.00130590645131
    },
    "erbbands_kurtosis": {
        "mean": -0.168406918645,
        "var": 2.12579655647
    },
    "erbbands_skewness": {
        "mean": 0.201546624303,
        "var": 0.440525949001
    },
    "erbbands_spread": {
        "mean": 24.235244751,
        "var": 76.0894851685
    },
    "hfc": {
        "mean": 7.86307573318,
        "var": 122.797691345
    },
    "melbands_crest": {
        "mean": 15.8571023941,
        "var": 31.1590480804
    },
    "melbands_flatness_db": {
        "mean": 0.294484496117,
        "var": 0.00329758506268
    },
    "melbands_kurtosis": {
        "mean": 9.17963123322,
        "var": 328.97744751
    },
    "melbands_skewness": {
        "mean": 2.23148775101,
        "var": 2.05332994461
    },
    "melbands_spread": {
        "mean": 14.1841821671,
        "var": 70.2787246704
    },
    "pitch_salience": {
        "mean": 0.472244054079,
        "var": 0.0109893744811
    },
    "silence_rate_20dB": {
        "mean": 1,
        "var": 0
    },
    "silence_rate_30dB": {
        "mean": 0.99330586195,
        "var": 0.0066493274644
    },
    "silence_rate_60dB": {
        "mean": 0.348609685898,
        "var": 0.227082297206
    },
    "spectral_centroid": {
        "mean": 740.539855957,
        "var": 102297.640625
    },
    "spectral_complexity": {
        "mean": 10.5200824738,
        "var": 39.2959823608
    },
    "spectral_decrease": {
        "mean": -3.57396601203e-009,
        "var": 2.44887597896e-017
    },
    "spectral_energy": {
        "mean": 0.0142021682113,
        "var": 0.00038603079156
    },
    "spectral_energyband_high": {
        "mean": 1.51653093781e-005,
        "var": 7.69278973856e-010
    },
    "spectral_energyband_low": {
        "mean": 0.000892558309715,
        "var": 6.38850315227e-006
    },
    "spectral_energyband_middle_high": {
        "mean": 0.00274714594707,
        "var": 1.8061056835e-005
    },
    "spectral_energyband_middle_low": {
        "mean": 0.0107931541279,
        "var": 0.000261013570707
    },
    "spectral_entropy": {
        "mean": 6.65671873093,
        "var": 0.0965949296951
    },
    "spectral_flux": {
        "mean": 0.0310838446021,
        "var": 0.000635576667264
    },
    "spectral_kurtosis": {
        "mean": 14.0675354004,
        "var": 48.6168746948
    },
    "spectral_rms": {
        "mean": 0.00304421689361,
        "var": 4.58850536234e-006
    },
    "spectral_rolloff": {
        "mean": 939.332336426,
        "var": 372703.46875
    },
    "spectral_skewness": {
        "mean": 2.4221804142,
        "var": 0.364935427904
    },
    "spectral_spread": {
        "mean": 2095259.25,
        "var": 1.25369096602e+012
    },
    "spectral_strongpeak": {
        "mean": 0.843736827374,
        "var": 1.01803481579
    },
    "zerocrossingrate": {
        "mean": 0.0330879688263,
        "var": 0.000260468485067
    },
    "barkbands": {
        "mean": [1.36567805384e-005, 0.000542429508641, 0.00017667846987, 0.000475542910863, 0.0029575091321, 0.003809326794, 0.00212765554897, 0.000526257616002, 0.000710393069312, 0.000463290052721, 0.000182517964276, 0.00112541369162, 9.25291242311e-005, 0.000358532503014, 0.000302630243823, 0.000150985404616, 6.96381466696e-005, 7.74104992161e-005, 1.87338246178e-005, 1.09843276732e-005, 5.40968540008e-006, 2.50965172199e-006, 1.36970595577e-006, 5.09864435116e-007, 1.74986325874e-007, 1.11446730955e-007, 6.26194074371e-009],
        "var": [2.87330692572e-009, 3.75392392016e-006, 3.8436411387e-007, 1.32633169869e-006, 1.9403269107e-005, 7.8441677033e-005, 2.49447712122e-005, 1.32122193008e-006, 1.70025873558e-006, 4.89375736379e-007, 2.72287309144e-007, 7.02885654391e-006, 5.83066857018e-008, 1.19868775528e-006, 2.75749641787e-007, 4.6983970492e-008, 1.42744003284e-008, 2.13201705179e-008, 9.82442460717e-010, 5.08473207983e-010, 1.02110209177e-010, 2.05428504069e-011, 1.47487421581e-011, 4.02059332008e-012, 3.14213688705e-013, 8.5435829147e-014, 4.41069669742e-016]
    },
    "erbbands": {
        "mean": [0.0211113821715, 0.102728784084, 0.185178250074, 0.965899348259, 6.81609344482, 10.8874702454, 10.1819248199, 32.5210571289, 49.1313171387, 12.3644113541, 10.048412323, 20.3496742249, 12.353225708, 13.4747114182, 10.0632781982, 56.3097572327, 8.44502449036, 19.9554862976, 14.0763969421, 12.5678272247, 8.6309633255, 3.8104197979, 4.5105509758, 1.68163704872, 1.08753848076, 0.522478103638, 0.256120562553, 0.179895579815, 0.107273600996, 0.0568489767611, 0.0330613255501, 0.0139470882714, 0.00728361541405, 0.00243316800334, 0.00115545047447, 0.000542733934708, 0.00019698315009, 3.24259926856e-005, 7.77005880082e-006, 1.62051637744e-005],
        "var": [0.00599533878267, 0.132997334003, 0.372838616371, 3.9015750885, 157.243804932, 291.014984131, 934.931335449, 6069.77490234, 14861.1201172, 724.983032227, 338.599243164, 1425.53686523, 428.785369873, 462.405609131, 403.888305664, 18301.9101563, 254.953704834, 3217.29272461, 787.719360352, 389.40045166, 158.175415039, 42.3541221619, 70.3992843628, 7.32343864441, 3.74038338661, 1.42453229427, 0.228276282549, 0.129436224699, 0.0393365621567, 0.0121674761176, 0.0124499704689, 0.00241015409119, 0.0012087947689, 4.73356158182e-005, 1.70360417542e-005, 2.110111609e-006, 2.80042229406e-007, 9.22972187567e-009, 1.20956397676e-010, 5.00502250755e-010]
    },
    "gfcc": {
        "mean": [-145.812454224, 162.178009033, -161.068649292, -2.39796328545, -50.7391700745, -15.948928833, -39.5114936829, -16.6108570099, -18.7102890015, -14.6025438309, -14.9369268417, -9.58379745483, -3.14192581177],
        "cov": [[8917.70898438, -339.884887695, -898.171875, -458.159698486, -817.70300293, -317.67565918, -668.928100586, -401.41897583, -29.097196579, 119.120246887, 557.269226074, 530.408508301, 121.73109436], [-339.884887695, 478.970275879, 235.883010864, 128.381256104, 252.038757324, 93.1324386597, 171.201339722, 64.2075881958, 111.237426758, -9.83016872406, 7.04760742188, -70.6632461548, 24.3532886505], [-898.171875, 235.883010864, 641.291503906, 308.677734375, 371.769012451, 262.767791748, 223.786483765, 166.519561768, 56.2180480957, 88.3108825684, -56.3377342224, -69.7021408081, -39.4009513855], [-458.159698486, 128.381256104, 308.677734375, 417.089874268, 281.911651611, 249.002044678, 169.619262695, 153.53968811, 87.2621612549, 11.4379072189, -23.7592086792, -34.2701568604, -3.34602332115], [-817.70300293, 252.038757324, 371.769012451, 281.911651611, 419.786865234, 254.804855347, 230.135040283, 153.773010254, 64.9309844971, 58.0110435486, -44.1338195801, -46.6972618103, -4.70175266266], [-317.67565918, 93.1324386597, 262.767791748, 249.002044678, 254.804855347, 301.583496094, 177.692367554, 129.566665649, 71.5212936401, 61.6982803345, -13.9955053329, -21.3791732788, -2.33191132545], [-668.928100586, 171.201339722, 223.786483765, 169.619262695, 230.135040283, 177.692367554, 232.910446167, 124.810287476, 62.246055603, 40.1969451904, -24.0933418274, -38.1516914368, 0.0271663591266], [-401.41897583, 64.2075881958, 166.519561768, 153.53968811, 153.773010254, 129.566665649, 124.810287476, 171.791534424, 48.5680999756, 16.757019043, -17.7561073303, -2.17202615738, 1.95317661762], [-29.097196579, 111.237426758, 56.2180480957, 87.2621612549, 64.9309844971, 71.5212936401, 62.246055603, 48.5680999756, 131.371765137, 44.3357505798, 41.722454071, 6.10843086243, 41.6323661804], [119.120246887, -9.83016872406, 88.3108825684, 11.4379072189, 58.0110435486, 61.6982803345, 40.1969451904, 16.757019043, 44.3357505798, 160.646499634, 70.8521270752, 69.205657959, 38.8013153076], [557.269226074, 7.04760742188, -56.3377342224, -23.7592086792, -44.1338195801, -13.9955053329, -24.0933418274, -17.7561073303, 41.722454071, 70.8521270752, 162.345794678, 110.296058655, 61.6164245605], [530.408508301, -70.6632461548, -69.7021408081, -34.2701568604, -46.6972618103, -21.3791732788, -38.1516914368, -2.17202615738, 6.10843086243, 69.205657959, 110.296058655, 166.145614624, 77.1105804443], [121.73109436, 24.3532886505, -39.4009513855, -3.34602332115, -4.70175266266, -2.33191132545, 0.0271663591266, 1.95317661762, 41.6323661804, 38.8013153076, 61.6164245605, 77.1105804443, 110.545318604]],
        "icov": [[0.000248648080742, -0.000549605931155, 0.000245789880864, -0.000190946680959, 0.00059839093592, -0.000639869307633, 0.000737187685445, 5.21622823726e-005, 0.000249222066486, -0.000305197958369, -0.000211673308513, -0.000713582441676, 0.000568953051697], [-0.000549605931155, 0.00830633100122, -0.00244669546373, 0.00264181359671, -0.00645339582115, 0.00420616474003, -0.00444559333846, 0.00229222280905, -0.00584743032232, 0.00575022818521, -0.00327879469842, 0.0039123990573, -0.00295959087089], [0.000245789880864, -0.00244669546373, 0.00481400359422, -0.0021097920835, -9.52181096636e-007, -0.00127372692805, 0.00133247300982, -0.00155348156113, 0.00259398133494, -0.00409499136731, 0.000967186584603, -8.74393481354e-006, 0.0018479495775], [-0.000190946680959, 0.00264181359671, -0.0021097920835, 0.00774705596268, -0.00391877489164, -0.00191902345978, -0.000274268910289, -0.000611568160821, -0.00417490722612, 0.00500781927258, -0.0015415949747, 0.000456470472272, -0.00073007773608], [0.00059839093592, -0.00645339582115, -9.52181096636e-007, -0.00391877489164, 0.0138998934999, -0.00532620726153, -0.000116472576337, -0.0017619287828, 0.00540800252929, -0.00523653673008, 0.00325269321911, -0.00306228012778, 0.00127819436602], [-0.000639869307633, 0.00420616474003, -0.00127372692805, -0.00191902345978, -0.00532620726153, 0.0126408254728, -0.00547980377451, -3.76121024601e-005, -0.00319376937114, 0.00026306437212, -0.000573687604629, 0.00268875947222, -0.00113725569099], [0.000737187685445, -0.00444559333846, 0.00133247300982, -0.000274268910289, -0.000116472576337, -0.00547980377451, 0.0156831368804, -0.00497826607898, 0.00176810321864, -0.00354859908111, 0.000107772510091, -0.00017805758398, 0.0012415725505], [5.21622823726e-005, 0.00229222280905, -0.00155348156113, -0.000611568160821, -0.0017619287828, -3.76121024601e-005, -0.00497826607898, 0.013276560232, -0.00429143337533, 0.00367361400276, 0.00121006998233, -0.00411591120064, 0.00107960787136], [0.000249222066486, -0.00584743032232, 0.00259398133494, -0.00417490722612, 0.00540800252929, -0.00319376937114, 0.00176810321864, -0.00429143337533, 0.018233306706, -0.00728207128122, -0.00201388890855, 0.00389135675505, -0.00385274039581], [-0.000305197958369, 0.00575022818521, -0.00409499136731, 0.00500781927258, -0.00523653673008, 0.00026306437212, -0.00354859908111, 0.00367361400276, -0.00728207128122, 0.0163577497005, -0.00457524508238, -0.00236679706722, -0.00131781667005], [-0.000211673308513, -0.00327879469842, 0.000967186584603, -0.0015415949747, 0.00325269321911, -0.000573687604629, 0.000107772510091, 0.00121006998233, -0.00201388890855, -0.00457524508238, 0.0165090933442, -0.00914857722819, 0.000902299070731], [-0.000713582441676, 0.0039123990573, -8.74393481354e-006, 0.000456470472272, -0.00306228012778, 0.00268875947222, -0.00017805758398, -0.00411591120064, 0.00389135675505, -0.00236679706722, -0.00914857722819, 0.0211704615504, -0.0103690642864], [0.000568953051697, -0.00295959087089, 0.0018479495775, -0.00073007773608, 0.00127819436602, -0.00113725569099, 0.0012415725505, 0.00107960787136, -0.00385274039581, -0.00131781667005, 0.000902299070731, -0.0103690642864, 0.018362602219]]
    },
    "melbands": {
        "mean": [0.000168404993019, 0.00010476292664, 0.000277002807707, 0.000770825368818, 0.000327048852341, 0.000808737939224, 0.000673628819641, 0.000119227952382, 8.50288852234e-005, 0.00012049520592, 5.67486495129e-005, 5.51647608518e-005, 2.49315435212e-005, 0.000124260870507, 6.70560912113e-005, 1.16621395136e-005, 4.15581635025e-005, 2.07081611734e-005, 1.86278539331e-005, 1.35863456308e-005, 9.29259840632e-006, 4.25741882282e-006, 2.14239025809e-006, 5.38249287274e-006, 7.10579683982e-007, 8.67156018103e-007, 5.06109529397e-007, 3.14419793312e-007, 1.43968193811e-007, 1.38020354257e-007, 9.72541798205e-008, 6.87431622737e-008, 3.35447545297e-008, 3.0715458621e-008, 2.27155059207e-008, 9.9026937761e-009, 7.98452148842e-009, 5.72396219312e-009, 2.794058096e-009, 1.72783687358e-009],
        "var": [3.73564120082e-007, 1.19986665936e-007, 3.55818400521e-007, 1.39562246204e-006, 7.36788194899e-007, 3.72079193767e-006, 2.68457006314e-006, 8.1909696803e-008, 2.09120400996e-008, 5.27147356877e-008, 1.00379109469e-008, 8.20891443709e-009, 5.07718178611e-009, 8.37543367993e-008, 2.42165985043e-008, 8.20580603467e-010, 1.61675881571e-008, 2.31200991685e-009, 1.15982701221e-009, 4.21895129943e-010, 2.02640654257e-010, 6.4553841439e-011, 1.49676278316e-011, 1.22124380053e-010, 1.30447681736e-012, 2.765295588e-012, 9.14767719039e-013, 6.74024583976e-013, 8.0913709977e-014, 8.04992736966e-014, 4.32398867688e-014, 1.94560181496e-014, 4.32825069256e-015, 5.69203472401e-015, 9.367011256e-015, 3.7093761811e-016, 1.71178296503e-015, 7.93651236852e-016, 1.06853841571e-016, 2.39229086936e-017]
    },
    "mfcc": {
        "mean": [-774.514587402, 184.962081909, -40.2440223694, 4.4000749588, -4.35607004166, -6.18675708771, -16.6653385162, -8.72046375275, -8.40114974976, -7.6432967186, -12.5987558365, -11.0213823318, -5.23552560806],
        "cov": [[7211.18066406, 752.364440918, -1301.95227051, 110.880989075, -746.569702148, -75.358581543, -660.546325684, -329.389678955, -643.879577637, -434.970397949, -125.69669342, 210.843093872, 147.108474731], [752.364440918, 468.947753906, -67.31224823, 56.1225967407, 12.9708442688, 20.8728408813, 2.95203471184, -6.08279943466, -5.1949839592, -0.153009533882, 18.8844833374, 56.8518638611, 37.4369850159], [-1301.95227051, -67.31224823, 582.110595703, 125.277076721, 304.714904785, 193.545837402, 231.825439453, 162.198730469, 203.67930603, 178.142181396, 87.2518997192, 35.8260536194, 21.4230365753], [110.880989075, 56.1225967407, 125.277076721, 206.560775757, 134.864700317, 117.76259613, 82.4323348999, 97.8494110107, 78.1846847534, 52.5032043457, 48.0679359436, 52.9316825867, 28.1708679199], [-746.569702148, 12.9708442688, 304.714904785, 134.864700317, 323.125762939, 181.541381836, 196.607147217, 155.372177124, 173.063308716, 135.877227783, 69.4666442871, 26.1190452576, 9.54761600494], [-75.358581543, 20.8728408813, 193.545837402, 117.76259613, 181.541381836, 260.622528076, 152.673904419, 94.8678131104, 113.534347534, 115.907279968, 66.8295059204, 54.9299201965, 48.031036377], [-660.546325684, 2.95203471184, 231.825439453, 82.4323348999, 196.607147217, 152.673904419, 241.022720337, 138.639373779, 145.139968872, 114.526527405, 70.3263626099, 23.4240856171, 13.0535049438], [-329.389678955, -6.08279943466, 162.198730469, 97.8494110107, 155.372177124, 94.8678131104, 138.639373779, 188.323196411, 121.367683411, 80.7889556885, 68.5605239868, 18.156993866, -0.358814269304], [-643.879577637, -5.1949839592, 203.67930603, 78.1846847534, 173.063308716, 113.534347534, 145.139968872, 121.367683411, 207.459976196, 125.286193848, 46.677520752, 11.1448526382, 3.91558003426], [-434.970397949, -0.153009533882, 178.142181396, 52.5032043457, 135.877227783, 115.907279968, 114.526527405, 80.7889556885, 125.286193848, 157.665863037, 62.9534797668, 7.85232543945, 15.5212755203], [-125.69669342, 18.8844833374, 87.2518997192, 48.0679359436, 69.4666442871, 66.8295059204, 70.3263626099, 68.5605239868, 46.677520752, 62.9534797668, 121.631492615, 32.1486129761, -25.8874168396], [210.843093872, 56.8518638611, 35.8260536194, 52.9316825867, 26.1190452576, 54.9299201965, 23.4240856171, 18.156993866, 11.1448526382, 7.85232543945, 32.1486129761, 103.98638916, 66.0105819702], [147.108474731, 37.4369850159, 21.4230365753, 28.1708679199, 9.54761600494, 48.031036377, 13.0535049438, -0.358814269304, 3.91558003426, 15.5212755203, -25.8874168396, 66.0105819702, 165.094802856]],
        "icov": [[0.000767386518419, -0.0008411713643, 0.00113389280159, -0.0010363003239, 0.00119305949192, -0.00182835443411, 0.0013951358851, -0.0011258382583, 0.0014092506608, -0.000291531934636, 0.000610073213466, -0.000956148200203, 0.000358772318577], [-0.0008411713643, 0.00342802633531, -0.000451724627055, 0.000422421930125, -0.00188606092706, 0.00240289536305, -0.00187116698362, 0.00188336032443, -0.00150822498836, -6.68821739964e-005, -0.000927339482587, -0.000144359917613, -0.00052486686036], [0.00113389280159, -0.000451724627055, 0.00579279428348, -0.00170717400033, -0.000784830132034, -0.00229323236272, 0.000864228932187, -0.00122392328922, 0.00166794355027, -0.00206849281676, 0.000811438949313, -0.00233527715318, 0.000489126483444], [-0.0010363003239, 0.000422421930125, -0.00170717400033, 0.0103381266817, -0.0036239377223, 0.000104515755083, 2.65610560746e-005, -0.0015912031522, -0.00237565650605, 0.0018309999723, -0.000959617551416, -0.00100696110167, -0.000404941965826], [0.00119305949192, -0.00188606092706, -0.000784830132034, -0.0036239377223, 0.0126591846347, -0.00508321635425, 7.78844423621e-006, -0.00383507320657, 0.000511883001309, -0.0012405043235, 0.00221836473793, -0.000744913995732, 0.00157280161511], [-0.00182835443411, 0.00240289536305, -0.00229323236272, 0.000104515755083, -0.00508321635425, 0.0135754086077, -0.0062886592932, 0.00438099866733, -0.00267891446128, -0.00259918370284, -0.00214792275801, 0.000249822682235, -0.00191355112474], [0.0013951358851, -0.00187116698362, 0.000864228932187, 2.65610560746e-005, 7.78844423621e-006, -0.0062886592932, 0.0145942578092, -0.00588288344443, 0.000351707392838, -0.000239897228312, -0.000268535688519, -0.00107595068403, 0.00012919899018], [-0.0011258382583, 0.00188336032443, -0.00122392328922, -0.0015912031522, -0.00383507320657, 0.00438099866733, -0.00588288344443, 0.0149575266987, -0.00573274074122, 0.00215906999074, -0.00523301307112, 0.00293947104365, -0.0016115589533], [0.0014092506608, -0.00150822498836, 0.00166794355027, -0.00237565650605, 0.000511883001309, -0.00267891446128, 0.000351707392838, -0.00573274074122, 0.0165340416133, -0.00821807701141, 0.00502413930371, -0.00352000654675, 0.00256042391993], [-0.000291531934636, -6.68821739964e-005, -0.00206849281676, 0.0018309999723, -0.0012405043235, -0.00259918370284, -0.000239897228312, 0.00215906999074, -0.00821807701141, 0.0190393235534, -0.0077424813062, 0.0063023599796, -0.0042465091683], [0.000610073213466, -0.000927339482587, 0.000811438949313, -0.000959617551416, 0.00221836473793, -0.00214792275801, -0.000268535688519, -0.00523301307112, 0.00502413930371, -0.0077424813062, 0.0178201273084, -0.00903232768178, 0.00724602583796], [-0.000956148200203, -0.000144359917613, -0.00233527715318, -0.00100696110167, -0.000744913995732, 0.000249822682235, -0.00107595068403, 0.00293947104365, -0.00352000654675, 0.0063023599796, -0.00903232768178, 0.0211064480245, -0.00894298404455], [0.000358772318577, -0.00052486686036, 0.000489126483444, -0.000404941965826, 0.00157280161511, -0.00191355112474, 0.00012919899018, -0.0016115589533, 0.00256042391993, -0.0042465091683, 0.00724602583796, -0.00894298404455, 0.0113645419478]]
    },
    "spectral_contrast_coeffs": {
        "mean": [-0.523958683014, -0.684527337551, -0.724148571491, -0.729572057724, -0.758612453938, -0.748855412006],
        "var": [0.0115570817143, 0.0080771362409, 0.00373220699839, 0.00286995549686, 0.00210944144055, 0.000925130560063]
    },
    "spectral_contrast_valleys": {
        "mean": [-9.2608127594, -7.53252506256, -8.02367687225, -8.77734851837, -9.40287780762, -13.1303596497],
        "var": [1.53058874607, 1.14726924896, 0.983401954174, 0.979105710983, 0.781589269638, 1.01630711555]
    }
},
"metadata": {
    "audio_properties": {
        "analysis_sample_rate": 44100,
        "bit_rate": 128074,
        "equal_loudness": 0,
        "length": 45.0612258911,
        "lossless": 0,
        "replay_gain": -4.56240844727,
        "sample_rate": 44100,
        "codec": "mp3",
        "downmix": "mix",
        "md5_encoded": "a3c1c4ca18bc82f6dad2757e29a70161"
    },
    "tags": {
        "file_name": "1127.mp3"
    },
    "version": {
        "essentia": "2.1-beta2",
        "essentia_git_sha": "v2.1_beta2",
        "extractor": "music 1.0"
    }
},
"rhythm": {
    "beats_count": 81,
    "beats_loudness": {
        "mean": 0.0176543276757,
        "var": 0.000525381125044
    },
    "bpm": 99.1486129761,
    "bpm_histogram_first_peak_bpm": {
        "mean": 99,
        "var": 0
    },
    "bpm_histogram_first_peak_spread": {
        "mean": 0.43902438879,
        "var": 0
    },
    "bpm_histogram_first_peak_weight": {
        "mean": 0.28749999404,
        "var": 0
    },
    "bpm_histogram_second_peak_bpm": {
        "mean": 112,
        "var": 0
    },
    "bpm_histogram_second_peak_spread": {
        "mean": 0.40000000596,
        "var": 0
    },
    "bpm_histogram_second_peak_weight": {
        "mean": 0.11249999702,
        "var": 0
    },
    "danceability": 0.809658586979,
    "onset_rate": 1.15346539021,
    "beats_loudness_band_ratio": {
        "mean": [0.272338300943, 0.405473172665, 0.257090985775, 0.123267538846, 0.0666782855988, 0.00394598674029],
        "var": [0.0883784890175, 0.0517379753292, 0.0387018062174, 0.00778439920396, 0.00550566334277, 5.23587441421e-005]
    },
    "beats_position": [0.510838985443, 1.04489791393, 1.57895684242, 2.12462592125, 2.67029476166, 3.14630389214, 3.62231278419, 4.09832191467, 4.5627207756, 5.01551008224, 5.46829938889, 5.93269824982, 6.38548755646, 6.83827638626, 7.27945566177, 7.69741487503, 8.11537361145, 8.54494285583, 8.96290206909, 9.38086128235, 9.79882049561, 10.2167797089, 10.6347389221, 11.0526981354, 11.4706573486, 12.0047159195, 12.538775444, 13.0728340149, 13.6068935394, 14.1409521103, 14.6750106812, 15.2206802368, 15.7663488388, 16.3584575653, 16.9505672455, 17.5426750183, 18.1231746674, 18.7036724091, 19.2957820892, 19.8994998932, 20.5032196045, 21.037279129, 21.5829467773, 22.128616333, 22.7323360443, 23.3360538483, 23.9629936218, 24.589931488, 25.2052612305, 25.8205890656, 26.4475269318, 27.0512466431, 27.6549663544, 28.2702941895, 28.8740139008, 29.4893417358, 30.081451416, 30.6735591888, 31.2772789001, 31.8809967041, 32.4847145081, 33.0884361267, 33.6805419922, 34.2726516724, 34.8647613525, 35.4684791565, 36.0722007751, 36.6759185791, 37.2912483215, 37.8949661255, 38.4986839294, 39.1024017334, 39.7061233521, 40.3562812805, 41.006439209, 41.6449890137, 42.2719268799, 42.8988647461, 43.5374145508, 44.164352417, 44.7912902832]
},
"tonal": {
    "chords_changes_rate": 0.0586419738829,
    "chords_number_rate": 0.0164609048516,
    "chords_strength": {
        "mean": 0.465114921331,
        "var": 0.0062961387448
    },
    "hpcp_entropy": {
        "mean": 1.82569384575,
        "var": 0.361179172993
    },
    "key_strength": 0.687166392803,
    "tuning_diatonic_strength": 0.579049527645,
    "tuning_equal_tempered_deviation": 0.122160203755,
    "tuning_frequency": 440.763122559,
    "tuning_nontempered_energy_ratio": 0.735073924065,
    "hpcp": {
        "mean": [0.421299427748, 0.312448978424, 0.138458743691, 0.0980513691902, 0.096994549036, 0.0723671317101, 0.0395281016827, 0.0206908602268, 0.0574383102357, 0.0751755163074, 0.0477484837174, 0.0415224693716, 0.0442777760327, 0.0442531108856, 0.143178492785, 0.219153985381, 0.120566532016, 0.0593533329666, 0.0597236528993, 0.0547175779939, 0.126138240099, 0.146560564637, 0.144295915961, 0.188503235579, 0.138551652431, 0.0625106021762, 0.0469979979098, 0.0549715459347, 0.12363717705, 0.279050409794, 0.309294521809, 0.159813389182, 0.0727575644851, 0.0575013309717, 0.0682131871581, 0.252454996109],
        "var": [0.144872829318, 0.109519079328, 0.053035594523, 0.0494992397726, 0.0529890581965, 0.0171918161213, 0.00666441349313, 0.00287668337114, 0.0180135201663, 0.0374109111726, 0.0112639525905, 0.015468343161, 0.0167842693627, 0.00829548202455, 0.0285582467914, 0.0755667686462, 0.0252273250371, 0.0282583665103, 0.029998222366, 0.0150726577267, 0.0685901939869, 0.0619668364525, 0.0492439717054, 0.0949659571052, 0.0583318285644, 0.0240329988301, 0.0180876776576, 0.0152084855363, 0.0412373840809, 0.0868762359023, 0.113285571337, 0.0568578317761, 0.0390295125544, 0.0326682627201, 0.0228050146252, 0.0783387571573]
    },
    "chords_histogram": [14.4032926559, 4.32098770142, 4.62962961197, 4.83539104462, 1.74897122383, 4.83539104462, 0, 4.11522626877, 6.79012346268, 17.7983531952, 3.80658435822, 4.11522626877, 0.925925910473, 0.925925910473, 6.68724298477, 1.54320991039, 0, 1.33744859695, 0, 1.02880656719, 0, 0.514403283596, 15.3292179108, 0.308641970158],
    "thpcp": [1, 0.741631627083, 0.328646868467, 0.232735589147, 0.23022711277, 0.171771258116, 0.0938242450356, 0.0491120070219, 0.136336073279, 0.178437262774, 0.113336220384, 0.0985580980778, 0.105098113418, 0.105039566755, 0.339849710464, 0.520185828209, 0.286177784204, 0.140881583095, 0.141760587692, 0.129878118634, 0.299402832985, 0.347877442837, 0.342502057552, 0.447432935238, 0.328867405653, 0.148375704885, 0.111554861069, 0.13048094511, 0.29346626997, 0.662356495857, 0.734144151211, 0.379334449768, 0.172697991133, 0.136485666037, 0.161911413074, 0.59922939539],
    "chords_key": "A",
    "chords_scale": "major",
    "key_key": "D",
    "key_scale": "minor"
}
}