{
"lowlevel": {
    "average_loudness": 0.33076864481,
    "barkbands_crest": {
        "mean": 12.693116188,
        "var": 16.1151580811
    },
    "barkbands_flatness_db": {
        "mean": 0.393683701754,
        "var": 0.00205058022402
    },
    "barkbands_kurtosis": {
        "mean": 1.9721596241,
        "var": 25.3219280243
    },
    "barkbands_skewness": {
        "mean": 0.561993777752,
        "var": 0.87179595232
    },
    "barkbands_spread": {
        "mean": 3.42914295197,
        "var": 4.25365877151
    },
    "dissonance": {
        "mean": 0.315925866365,
        "var": 0.00697126192972
    },
    "dynamic_complexity": 4.60784578323,
    "erbbands_crest": {
        "mean": 13.6090946198,
        "var": 18.3676052094
    },
    "erbbands_flatness_db": {
        "mean": 0.396130144596,
        "var": 0.00361170852557
    },
    "erbbands_kurtosis": {
        "mean": 1.19484269619,
        "var": 8.00332641602
    },
    "erbbands_skewness": {
        "mean": 0.17833468318,
        "var": 0.537931084633
    },
    "erbbands_spread": {
        "mean": 7.10089731216,
        "var": 17.7526836395
    },
    "hfc": {
        "mean": 10.6943731308,
        "var": 203.170272827
    },
    "melbands_crest": {
        "mean": 15.4597043991,
        "var": 22.9653530121
    },
    "melbands_flatness_db": {
        "mean": 0.503927886486,
        "var": 0.00286938622594
    },
    "melbands_kurtosis": {
        "mean": 2.49303603172,
        "var": 48.022064209
    },
    "melbands_skewness": {
        "mean": 0.863749742508,
        "var": 0.970894038677
    },
    "melbands_spread": {
        "mean": 5.47711801529,
        "var": 16.9498519897
    },
    "pitch_salience": {
        "mean": 0.569850564003,
        "var": 0.0136866429821
    },
    "silence_rate_20dB": {
        "mean": 1,
        "var": 0
    },
    "silence_rate_30dB": {
        "mean": 0.996395468712,
        "var": 0.00359153491445
    },
    "silence_rate_60dB": {
        "mean": 0.0787847563624,
        "var": 0.0725797265768
    },
    "spectral_centroid": {
        "mean": 479.425384521,
        "var": 33617.5742188
    },
    "spectral_complexity": {
        "mean": 6.27239942551,
        "var": 4.24039506912
    },
    "spectral_decrease": {
        "mean": -4.64347582607e-009,
        "var": 2.16401714444e-017
    },
    "spectral_energy": {
        "mean": 0.0184954963624,
        "var": 0.00035384928924
    },
    "spectral_energyband_high": {
        "mean": 4.89505509904e-007,
        "var": 1.85015423121e-011
    },
    "spectral_energyband_low": {
        "mean": 0.00140665133949,
        "var": 1.01911055026e-005
    },
    "spectral_energyband_middle_high": {
        "mean": 0.00565399695188,
        "var": 0.000164012686582
    },
    "spectral_energyband_middle_low": {
        "mean": 0.0120484111831,
        "var": 0.000132344357553
    },
    "spectral_entropy": {
        "mean": 5.04672193527,
        "var": 0.15077829361
    },
    "spectral_flux": {
        "mean": 0.0246702749282,
        "var": 0.00024936281261
    },
    "spectral_kurtosis": {
        "mean": 111.421325684,
        "var": 1755.27832031
    },
    "spectral_rms": {
        "mean": 0.00381099712104,
        "var": 3.52068605025e-006
    },
    "spectral_rolloff": {
        "mean": 647.141296387,
        "var": 247619.59375
    },
    "spectral_skewness": {
        "mean": 8.63167762756,
        "var": 3.53968286514
    },
    "spectral_spread": {
        "mean": 1113210.125,
        "var": 1.657929728e+012
    },
    "spectral_strongpeak": {
        "mean": 1.5836442709,
        "var": 3.46209931374
    },
    "zerocrossingrate": {
        "mean": 0.0220661889762,
        "var": 0.000202764946152
    },
    "barkbands": {
        "mean": [8.44470923766e-006, 0.000370919733541, 0.000872453209013, 0.000491032784339, 0.00161306199152, 0.00195902492851, 0.00358503567986, 0.000780974864028, 0.00247325887904, 0.0044150124304, 0.00108378066216, 0.000643932493404, 0.000119244570669, 6.58942444716e-005, 6.56284646539e-006, 4.63493142888e-006, 1.31220986077e-006, 3.27055431626e-007, 1.32642838935e-007, 1.02034064753e-007, 1.05325533184e-007, 5.86916684142e-008, 5.94156048805e-008, 6.80818033061e-008, 6.79825333805e-008, 6.38993853386e-008, 1.7293851684e-008],
        "var": [1.32355057469e-010, 5.17389594279e-007, 6.7588193815e-006, 8.86381258169e-007, 4.58393196823e-006, 8.48640684126e-006, 8.1205565948e-005, 2.36054870584e-006, 2.59236385318e-005, 0.000149044746649, 8.72565487953e-006, 2.13298108065e-006, 9.45295184351e-008, 3.28792708615e-008, 6.28535279379e-010, 1.84600626452e-010, 1.84733183611e-011, 1.61950509427e-012, 1.06718041522e-012, 8.21401920006e-013, 9.36755230677e-013, 5.38515033347e-013, 4.12861612302e-013, 3.11779763248e-013, 3.05359822714e-013, 2.62446829677e-013, 8.89884608754e-017]
    },
    "erbbands": {
        "mean": [0.00910098478198, 0.103123828769, 0.785538375378, 1.33989596367, 3.09611344337, 6.73159837723, 8.37854576111, 19.0933475494, 45.054561615, 36.5883369446, 36.4100799561, 49.2219009399, 120.52973938, 84.966506958, 19.5290775299, 29.9581222534, 8.8319978714, 3.63237476349, 1.40199887753, 0.410615742207, 0.181708350778, 0.0794954448938, 0.0229476783425, 0.00887615699321, 0.00636382726952, 0.00453116698191, 0.00517493160442, 0.00313397869468, 0.00210889568552, 0.00193547282834, 0.00172574573662, 0.00129764643498, 0.00119722017553, 0.000788385630585, 0.000496786087751, 0.000275511178188, 0.000126109065604, 4.33612112829e-005, 1.01598488982e-005, 2.10638154385e-005],
        "var": [0.000320447725244, 0.0424039103091, 4.92230844498, 6.32885026932, 21.372095108, 121.222770691, 146.737976074, 1144.54199219, 6944.9140625, 13435.1132813, 8464.11230469, 7837.00976563, 81401.2734375, 36970.03125, 2907.84423828, 4848.76074219, 366.270446777, 96.7291107178, 14.1875019073, 0.93922829628, 0.230682700872, 0.0697038918734, 0.00613510143012, 0.00296838604845, 0.00266177789308, 0.00197627907619, 0.00227339938283, 0.000903728592675, 0.000698145478964, 0.000482271803776, 0.000334558630129, 0.000174276865437, 6.51095615467e-005, 4.46114245278e-005, 1.3120253243e-005, 4.18860736318e-006, 9.17063914585e-007, 2.12377937459e-008, 1.01816256814e-010, 4.73666661449e-010]
    },
    "gfcc": {
        "mean": [-216.467315674, 190.347915649, -68.2568130493, -69.2909927368, -71.962562561, -1.48318636417, -27.1305751801, -4.10654067993, -14.4981365204, 0.823854088783, -3.81952047348, 0.793628573418, 0.595353484154],
        "cov": [[2944.11157227, -95.2596359253, -2430.87475586, -1522.09179688, 125.999259949, 415.833129883, 240.711532593, -179.760131836, 249.175689697, 149.832336426, 297.316955566, 228.705764771, 395.808563232], [-95.2596359253, 894.343017578, 1113.47265625, 358.571136475, 208.670089722, 26.2205848694, -151.568161011, -139.143753052, -110.114334106, -193.803253174, -249.499008179, -268.600494385, -184.918502808], [-2430.87475586, 1113.47265625, 3656.93774414, 2009.75036621, 152.726104736, -388.306610107, -408.949523926, 28.3781604767, -332.19140625, -368.558227539, -572.27947998, -559.305175781, -633.57623291], [-1522.09179688, 358.571136475, 2009.75036621, 1561.25305176, 317.824035645, -188.531478882, -269.306976318, 79.7526473999, -142.038131714, -114.800445557, -295.855865479, -293.466888428, -407.411865234], [125.999259949, 208.670089722, 152.726104736, 317.824035645, 459.204345703, 197.294891357, -86.3256454468, -68.7887496948, 50.9444160461, 51.7210540771, -34.1269035339, -74.1368865967, -69.2486343384], [415.833129883, 26.2205848694, -388.306610107, -188.531478882, 197.294891357, 272.152252197, 69.4050445557, -81.1990203857, 32.6787071228, 94.7089233398, 80.5817184448, 32.143699646, 48.3330688477], [240.711532593, -151.568161011, -408.949523926, -269.306976318, -86.3256454468, 69.4050445557, 169.271408081, 33.2009391785, 9.66908740997, 41.9922065735, 96.615020752, 71.9677200317, 76.6850662231], [-179.760131836, -139.143753052, 28.3781604767, 79.7526473999, -68.7887496948, -81.1990203857, 33.2009391785, 142.916687012, 51.398147583, -10.2881097794, -5.86469745636, 36.2980003357, 9.08536911011], [249.175689697, -110.114334106, -332.19140625, -142.038131714, 50.9444160461, 32.6787071228, 9.66908740997, 51.398147583, 153.16746521, 70.5872039795, 32.842502594, 50.9697570801, 78.9749832153], [149.832336426, -193.803253174, -368.558227539, -114.800445557, 51.7210540771, 94.7089233398, 41.9922065735, -10.2881097794, 70.5872039795, 168.643615723, 132.562759399, 80.2480773926, 69.0418014526], [297.316955566, -249.499008179, -572.27947998, -295.855865479, -34.1269035339, 80.5817184448, 96.615020752, -5.86469745636, 32.842502594, 132.562759399, 218.382980347, 159.245071411, 106.139587402], [228.705764771, -268.600494385, -559.305175781, -293.466888428, -74.1368865967, 32.143699646, 71.9677200317, 36.2980003357, 50.9697570801, 80.2480773926, 159.245071411, 195.603149414, 138.843215942], [395.808563232, -184.918502808, -633.57623291, -407.411865234, -69.2486343384, 48.3330688477, 76.6850662231, 9.08536911011, 78.9749832153, 69.0418014526, 106.139587402, 138.843215942, 185.65965271]],
        "icov": [[0.00231983466074, -0.00375802535564, 0.00369055219926, -0.0025669625029, 0.00214581820183, -0.000570344505832, -0.000425197737059, 0.00154571048915, -0.00299520045519, 0.00231669493951, -0.00251652533188, 0.00138878065627, 0.000134106536279], [-0.00375802535564, 0.0144183365628, -0.0114592658356, 0.0109597016126, -0.0103259040043, 0.00140734144952, 0.000266887334874, -0.000346342421835, 0.00491548329592, -9.77722520474e-005, 0.00401485571638, 0.000288614362944, -0.00155974901281], [0.00369055219926, -0.0114592658356, 0.0114882485941, -0.0113855302334, 0.010174529627, -0.00261694169603, 0.000723109056707, 0.00204714154825, -0.00538841215894, 0.00378251145594, -0.00500464253128, 0.00281934719533, 0.000654138799291], [-0.0025669625029, 0.0109597016126, -0.0113855302334, 0.0168534163386, -0.0154777662829, 0.00658561568707, -0.000280761742033, -0.00642107008025, 0.0101855713874, -0.00893749576062, 0.00905465241522, -0.00455431314185, 0.00468083750457], [0.00214581820183, -0.0103259040043, 0.010174529627, -0.0154777662829, 0.0209480561316, -0.0128739178181, 0.00562285771593, 0.00379891204648, -0.0113909952343, 0.00808979570866, -0.00940270908177, 0.00536025408655, -0.00224215909839], [-0.000570344505832, 0.00140734144952, -0.00261694169603, 0.00658561568707, -0.0128739178181, 0.0189755167812, -0.0109561989084, 0.0043256659992, 0.00457886047661, -0.0104228341952, 0.00933001004159, -0.00808184221387, 0.00534886354581], [-0.000425197737059, 0.000266887334874, 0.000723109056707, -0.000280761742033, 0.00562285771593, -0.0109561989084, 0.0207757502794, -0.0133506190032, 0.00601599505171, 0.00324691925198, -0.010127466172, 0.0109812216833, -0.00614346424118], [0.00154571048915, -0.000346342421835, 0.00204714154825, -0.00642107008025, 0.00379891204648, 0.0043256659992, -0.0133506190032, 0.0285031702369, -0.0187325850129, 0.00887233484536, 0.00158182473388, -0.00838445965201, 0.00370060140267], [-0.00299520045519, 0.00491548329592, -0.00538841215894, 0.0101855713874, -0.0113909952343, 0.00457886047661, 0.00601599505171, -0.0187325850129, 0.0291015636176, -0.0174373071641, 0.0111740510911, -0.000713219516911, -0.00351395225152], [0.00231669493951, -9.77722520474e-005, 0.00378251145594, -0.00893749576062, 0.00808979570866, -0.0104228341952, 0.00324691925198, 0.00887233484536, -0.0174373071641, 0.0327431820333, -0.0247388686985, 0.01410504058, -0.00894947815686], [-0.00251652533188, 0.00401485571638, -0.00500464253128, 0.00905465241522, -0.00940270908177, 0.00933001004159, -0.010127466172, 0.00158182473388, 0.0111740510911, -0.0247388686985, 0.037923887372, -0.0269977450371, 0.0132801514119], [0.00138878065627, 0.000288614362944, 0.00281934719533, -0.00455431314185, 0.00536025408655, -0.00808184221387, 0.0109812216833, -0.00838445965201, -0.000713219516911, 0.01410504058, -0.0269977450371, 0.0364424325526, -0.0198287907988], [0.000134106536279, -0.00155974901281, 0.000654138799291, 0.00468083750457, -0.00224215909839, 0.00534886354581, -0.00614346424118, 0.00370060140267, -0.00351395225152, -0.00894947815686, 0.0132801514119, -0.0198287907988, 0.0282377544791]]
    },
    "melbands": {
        "mean": [9.23158731894e-005, 0.000320739025483, 0.000294352299534, 0.000350108661223, 0.000300172425341, 0.000451700820122, 0.000713493558578, 0.000325121480273, 0.000367806846043, 0.000304646819131, 0.000642391678412, 0.000401916739065, 8.81599626155e-005, 5.73809484194e-005, 6.59917423036e-005, 6.92360436005e-006, 6.84825226926e-006, 2.69537963504e-006, 5.28132261479e-007, 4.95450990456e-007, 1.29140758531e-007, 9.22040968021e-008, 2.62175596788e-008, 1.39634037666e-008, 6.08982198003e-009, 5.09480813093e-009, 3.84446563473e-009, 2.75075784373e-009, 3.0709474963e-009, 2.71212940994e-009, 1.57587154437e-009, 1.21039867018e-009, 1.03739594692e-009, 1.07567532659e-009, 1.05162334396e-009, 7.9037015821e-010, 7.82766462759e-010, 8.49206760467e-010, 7.76050279594e-010, 6.07463745972e-010],
        "var": [3.11669836606e-008, 7.01612577814e-007, 2.44283427264e-007, 2.39840233007e-007, 1.84693632832e-007, 4.88806904286e-007, 2.13826933759e-006, 1.06072207018e-006, 1.06367406261e-006, 3.08788344228e-007, 2.5138735964e-006, 1.064604362e-006, 5.93312563524e-008, 2.69652318252e-008, 2.12110045084e-008, 7.11400605091e-010, 4.59873306102e-010, 6.25272819632e-011, 2.61545776356e-012, 1.78020749184e-012, 1.40505283189e-013, 1.02797300837e-013, 8.17605582711e-015, 3.06242792728e-015, 1.9252800546e-015, 1.38316223946e-015, 1.2093225972e-015, 7.85398012512e-016, 8.15056235886e-016, 5.78198983477e-016, 2.75227103766e-016, 2.4006253096e-016, 1.6795591318e-016, 1.41770127843e-016, 1.23754557619e-016, 7.53307163454e-017, 6.18381763273e-017, 2.78074133703e-017, 3.83349277913e-017, 3.07122466884e-017]
    },
    "mfcc": {
        "mean": [-881.431091309, 236.832061768, 42.1270675659, -34.6494979858, -27.3013648987, -10.1202630997, -7.38960790634, -7.81598615646, -4.34939050674, -2.30395150185, -2.13014221191, -0.00467497715726, 0.458733350039],
        "cov": [[2304.51000977, 491.469696045, -2218.2253418, -1601.96447754, -266.351898193, 196.064620972, 10.4404201508, -38.7138671875, 67.2523345947, 10.7666635513, -55.2976379395, 100.81829071, 201.418441772], [491.469696045, 690.046508789, 177.374084473, -197.968353271, 17.4273166656, 160.807556152, 42.3542747498, -24.4521617889, 16.3183021545, -12.6384420395, -96.497795105, -114.100074768, -69.2976303101], [-2218.2253418, 177.374084473, 3168.93725586, 2024.45947266, 464.393188477, -33.845287323, 34.7514610291, 35.0416488647, -46.0740661621, -12.521484375, -28.5218601227, -264.565246582, -356.714324951], [-1601.96447754, -197.968353271, 2024.45947266, 1666.0390625, 548.809448242, -6.05574893951, -3.82638573647, 36.4643249512, -1.72780418396, 35.4648475647, 57.1641159058, -104.683280945, -207.802459717], [-266.351898193, 17.4273166656, 464.393188477, 548.809448242, 484.535583496, 241.574890137, 16.4567146301, -22.6329841614, 23.3158893585, 56.5089225769, 49.6301612854, -8.40207958221, -37.3004188538], [196.064620972, 160.807556152, -33.845287323, -6.05574893951, 241.574890137, 312.1796875, 100.789024353, -50.7779426575, -11.0587272644, 39.7307815552, 17.9105625153, 0.785661518574, 22.0831699371], [10.4404201508, 42.3542747498, 34.7514610291, -3.82638573647, 16.4567146301, 100.789024353, 122.548240662, 22.1569328308, -34.1227531433, -6.80191659927, 6.49279022217, 1.14271223545, 14.3033294678], [-38.7138671875, -24.4521617889, 35.0416488647, 36.4643249512, -22.6329841614, -50.7779426575, 22.1569328308, 89.4912490845, 34.1947059631, -14.3240470886, -2.87268042564, 4.30529212952, 1.84765481949], [67.2523345947, 16.3183021545, -46.0740661621, -1.72780418396, 23.3158893585, -11.0587272644, -34.1227531433, 34.1947059631, 106.402542114, 54.3113594055, -11.6299085617, -1.99125182629, 8.72572803497], [10.7666635513, -12.6384420395, -12.521484375, 35.4648475647, 56.5089225769, 39.7307815552, -6.80191659927, -14.3240470886, 54.3113594055, 98.4371032715, 39.1879425049, -4.93568897247, 9.59485721588], [-55.2976379395, -96.497795105, -28.5218601227, 57.1641159058, 49.6301612854, 17.9105625153, 6.49279022217, -2.87268042564, -11.6299085617, 39.1879425049, 83.3244628906, 48.8478775024, 14.1814165115], [100.81829071, -114.100074768, -264.565246582, -104.683280945, -8.40207958221, 0.785661518574, 1.14271223545, 4.30529212952, -1.99125182629, -4.93568897247, 48.8478775024, 109.736656189, 75.5760192871], [201.418441772, -69.2976303101, -356.714324951, -207.802459717, -37.3004188538, 22.0831699371, 14.3033294678, 1.84765481949, 8.72572803497, 9.59485721588, 14.1814165115, 75.5760192871, 124.300476074]],
        "icov": [[0.00831249449402, -0.0105868605897, 0.0115380296484, -0.0103630600497, 0.00965063180774, -0.0092470087111, 0.00731331016868, -0.0053998362273, 0.0027768118307, -0.000988588668406, 0.000719888252206, -0.000140144707984, 7.69383841543e-005], [-0.0105868605897, 0.0182071495801, -0.0184160862118, 0.020295150578, -0.0179476961493, 0.0142434826121, -0.01205976028, 0.00825943239033, -0.00571884727105, 0.00157217285596, 0.000546939612832, 0.000557176128495, 0.00161213427782], [0.0115380296484, -0.0184160862118, 0.0228081271052, -0.0269287079573, 0.0255111772567, -0.0227044373751, 0.0173906125128, -0.0119473626837, 0.00761198345572, -0.00188060710207, 0.00175905635115, 0.00122157472651, 5.0021176321e-006], [-0.0103630600497, 0.020295150578, -0.0269287079573, 0.0391554199159, -0.0410208925605, 0.037301775068, -0.0291271694005, 0.0188401062042, -0.0124342609197, 0.00349466339685, -0.00350917945616, -0.000480051356135, 0.00171708362177], [0.00965063180774, -0.0179476961493, 0.0255111772567, -0.0410208925605, 0.053381357342, -0.0534623600543, 0.0428305752575, -0.0285606775433, 0.0164975561202, -0.00658815493807, 0.00445928098634, -0.00205749226734, 9.5296636573e-005], [-0.0092470087111, 0.0142434826121, -0.0227044373751, 0.037301775068, -0.0534623600543, 0.0642629563808, -0.0554049871862, 0.0420080199838, -0.0266479346901, 0.0141112608835, -0.0129953287542, 0.00686712376773, -0.00349193112925], [0.00731331016868, -0.01205976028, 0.0173906125128, -0.0291271694005, 0.0428305752575, -0.0554049871862, 0.0635521411896, -0.0507008843124, 0.0420847311616, -0.0280325077474, 0.0225929841399, -0.0129113961011, 0.00325791956857], [-0.0053998362273, 0.00825943239033, -0.0119473626837, 0.0188401062042, -0.0285606775433, 0.0420080199838, -0.0507008843124, 0.0642671734095, -0.0564598254859, 0.0478612370789, -0.0397487990558, 0.024354128167, -0.0105936825275], [0.0027768118307, -0.00571884727105, 0.00761198345572, -0.0124342609197, 0.0164975561202, -0.0266479346901, 0.0420847311616, -0.0564598254859, 0.0764382481575, -0.0685745924711, 0.0590623393655, -0.0368513688445, 0.0146460365504], [-0.000988588668406, 0.00157217285596, -0.00188060710207, 0.00349466339685, -0.00658815493807, 0.0141112608835, -0.0280325077474, 0.0478612370789, -0.0685745924711, 0.0818920880556, -0.0691869184375, 0.0470234267414, -0.0212506167591], [0.000719888252206, 0.000546939612832, 0.00175905635115, -0.00350917945616, 0.00445928098634, -0.0129953287542, 0.0225929841399, -0.0397487990558, 0.0590623393655, -0.0691869184375, 0.079780548811, -0.0507845692337, 0.0229278020561], [-0.000140144707984, 0.000557176128495, 0.00122157472651, -0.000480051356135, -0.00205749226734, 0.00686712376773, -0.0129113961011, 0.024354128167, -0.0368513688445, 0.0470234267414, -0.0507845692337, 0.0521626248956, -0.0244371835142], [7.69383841543e-005, 0.00161213427782, 5.0021176321e-006, 0.00171708362177, 9.5296636573e-005, -0.00349193112925, 0.00325791956857, -0.0105936825275, 0.0146460365504, -0.0212506167591, 0.0229278020561, -0.0244371835142, 0.0249900594354]]
    },
    "spectral_contrast_coeffs": {
        "mean": [-0.625004768372, -0.617094933987, -0.626735091209, -0.721843361855, -0.852029800415, -0.86864310503],
        "var": [0.0161302387714, 0.0126326857135, 0.0142593719065, 0.00794748961926, 0.00157113105524, 0.000485884898808]
    },
    "spectral_contrast_valleys": {
        "mean": [-8.88847637177, -7.4272313118, -9.00938892365, -10.6911458969, -11.4960899353, -13.2667551041],
        "var": [1.53337049484, 0.568972229958, 0.846430242062, 0.958482325077, 0.401011109352, 0.182957395911]
    }
},
"metadata": {
    "audio_properties": {
        "analysis_sample_rate": 44100,
        "bit_rate": 128074,
        "equal_loudness": 0,
        "length": 45.0612258911,
        "lossless": 0,
        "replay_gain": -6.03876495361,
        "sample_rate": 44100,
        "codec": "mp3",
        "downmix": "mix",
        "md5_encoded": "a34217f5f0296e46a401a3bc85945c9a"
    },
    "tags": {
        "file_name": "1128.mp3"
    },
    "version": {
        "essentia": "2.1-beta2",
        "essentia_git_sha": "v2.1_beta2",
        "extractor": "music 1.0"
    }
},
"rhythm": {
    "beats_count": 55,
    "beats_loudness": {
        "mean": 0.0159978307784,
        "var": 0.000213493665797
    },
    "bpm": 73.9387054443,
    "bpm_histogram_first_peak_bpm": {
        "mean": 75,
        "var": 0
    },
    "bpm_histogram_first_peak_spread": {
        "mean": 0.431818157434,
        "var": 0
    },
    "bpm_histogram_first_peak_weight": {
        "mean": 0.462962955236,
        "var": 0
    },
    "bpm_histogram_second_peak_bpm": {
        "mean": 69,
        "var": 0
    },
    "bpm_histogram_second_peak_spread": {
        "mean": 0,
        "var": 0
    },
    "bpm_histogram_second_peak_weight": {
        "mean": 0.185185194016,
        "var": 0
    },
    "danceability": 0.876215815544,
    "onset_rate": 1.50837790966,
    "beats_loudness_band_ratio": {
        "mean": [0.259853035212, 0.319032341242, 0.374765902758, 0.139499470592, 0.00109845318366, 3.84208688047e-005],
        "var": [0.0895762443542, 0.0398971959949, 0.0574343726039, 0.0399097166955, 2.04801949621e-006, 1.58162816177e-009]
    },
    "beats_position": [0.812698423862, 1.63700675964, 2.4497051239, 3.25079369545, 4.05188179016, 4.85297060013, 5.66566896439, 6.43192720413, 7.19818592072, 7.96444416046, 8.73070240021, 9.50857162476, 10.2864398956, 11.0759181976, 11.8653964996, 12.7013149261, 13.5140132904, 14.3267116547, 15.1277999878, 15.9288883209, 16.7299766541, 17.5310649872, 18.3321533203, 19.1332416534, 19.9807701111, 20.8050785065, 21.640996933, 22.4653053284, 23.3012237549, 24.1371421814, 24.9614505768, 25.774148941, 26.5984573364, 27.4227657318, 28.2354640961, 29.0481624603, 29.9073009491, 30.778049469, 31.5791378021, 32.3802261353, 33.1813163757, 33.99401474, 34.7951011658, 35.5961914063, 36.4088897705, 37.244808197, 38.0923347473, 38.9514732361, 39.8106117249, 40.6813583374, 41.5404968262, 42.4112472534, 43.281993866, 44.1527442932, 45.0234909058]
},
"tonal": {
    "chords_changes_rate": 0.0545267499983,
    "chords_number_rate": 0.0123456791043,
    "chords_strength": {
        "mean": 0.477669775486,
        "var": 0.0165856685489
    },
    "hpcp_entropy": {
        "mean": 1.14788997173,
        "var": 0.586914896965
    },
    "key_strength": 0.821368277073,
    "tuning_diatonic_strength": 0.593507230282,
    "tuning_equal_tempered_deviation": 0.0651547908783,
    "tuning_frequency": 443.828887939,
    "tuning_nontempered_energy_ratio": 0.685611844063,
    "hpcp": {
        "mean": [0.0225856993347, 0.0230513457209, 0.119223602116, 0.292763382196, 0.210911229253, 0.0431814678013, 0.0487338975072, 0.0439773872495, 0.0465453080833, 0.106380343437, 0.0916597545147, 0.0222720075399, 0.00130615092348, 0.0056752897799, 0.0566404350102, 0.147324427962, 0.125122129917, 0.144891947508, 0.225470408797, 0.120343573391, 0.0109726386145, 0.000858293380588, 0.0113654630259, 0.136027619243, 0.289806216955, 0.185244753957, 0.0257735401392, 0.00997288711369, 0.0336583331227, 0.149134814739, 0.221262216568, 0.13097794354, 0.127046495676, 0.169965103269, 0.0794090926647, 0.0154496543109],
        "var": [0.00771437399089, 0.00512016145512, 0.0325889214873, 0.151623860002, 0.093312188983, 0.00788031425327, 0.036916282028, 0.0305365864187, 0.0109077068046, 0.0556852892041, 0.059835575521, 0.00587523402646, 7.89799159975e-005, 0.000546485418454, 0.0137552507222, 0.0791186839342, 0.0601970404387, 0.0507137775421, 0.129998534918, 0.0437970124185, 0.00228700879961, 3.60646590707e-005, 0.00163718184922, 0.0545916482806, 0.152977958322, 0.0720169469714, 0.00385714066215, 0.00357484212145, 0.00810610037297, 0.0884389206767, 0.117404207587, 0.0557402223349, 0.0501064360142, 0.103525049984, 0.0243257507682, 0.00189128611237]
    },
    "chords_histogram": [10.1851854324, 6.27572011948, 5.34979438782, 0, 3.60082316399, 0, 0.205761313438, 0, 7.09876537323, 3.60082316399, 0, 0.308641970158, 0, 0.925925910473, 0, 2.26337456703, 0, 5.14403295517, 0, 6.58436203003, 0.102880656719, 20.8847732544, 11.2139921188, 16.2551441193],
    "thpcp": [1, 0.720415353775, 0.147496134043, 0.166461721063, 0.150214776397, 0.158986091614, 0.363366276026, 0.313084751368, 0.0760751143098, 0.00446145609021, 0.0193852446973, 0.193468302488, 0.503220140934, 0.427383124828, 0.494911432266, 0.770145535469, 0.411060869694, 0.0374795459211, 0.00293169659562, 0.0388213284314, 0.464633315802, 0.989899158478, 0.632745623589, 0.0880353972316, 0.0340646654367, 0.114967703819, 0.509403944016, 0.755771458149, 0.447384983301, 0.433956235647, 0.580554485321, 0.271239846945, 0.0527718141675, 0.0771465972066, 0.0787371173501, 0.407235354185],
    "chords_key": "F",
    "chords_scale": "minor",
    "key_key": "D#",
    "key_scale": "major"
}
}