{
"lowlevel": {
    "average_loudness": 0.682250320911,
    "barkbands_crest": {
        "mean": 13.5890035629,
        "var": 20.2563438416
    },
    "barkbands_flatness_db": {
        "mean": 0.297675639391,
        "var": 0.00823817774653
    },
    "barkbands_kurtosis": {
        "mean": 27.5561447144,
        "var": 1157.57421875
    },
    "barkbands_skewness": {
        "mean": 3.09716677666,
        "var": 4.49062871933
    },
    "barkbands_spread": {
        "mean": 6.44625854492,
        "var": 153.704956055
    },
    "dissonance": {
        "mean": 0.369713395834,
        "var": 0.0049474099651
    },
    "dynamic_complexity": 3.75864553452,
    "erbbands_crest": {
        "mean": 12.7757673264,
        "var": 22.0716629028
    },
    "erbbands_flatness_db": {
        "mean": 0.236134633422,
        "var": 0.00468849670142
    },
    "erbbands_kurtosis": {
        "mean": 8.576628685,
        "var": 93.9099807739
    },
    "erbbands_skewness": {
        "mean": 1.87177944183,
        "var": 1.73353266716
    },
    "erbbands_spread": {
        "mean": 23.24659729,
        "var": 568.498779297
    },
    "hfc": {
        "mean": 10.4073190689,
        "var": 139.493881226
    },
    "melbands_crest": {
        "mean": 18.0168628693,
        "var": 29.0361862183
    },
    "melbands_flatness_db": {
        "mean": 0.393736124039,
        "var": 0.0112187108025
    },
    "melbands_kurtosis": {
        "mean": 37.8639564514,
        "var": 2342.96582031
    },
    "melbands_skewness": {
        "mean": 3.43971943855,
        "var": 5.28004693985
    },
    "melbands_spread": {
        "mean": 6.07576370239,
        "var": 155.561096191
    },
    "pitch_salience": {
        "mean": 0.472675144672,
        "var": 0.0170728862286
    },
    "silence_rate_20dB": {
        "mean": 1,
        "var": 0
    },
    "silence_rate_30dB": {
        "mean": 0.929969131947,
        "var": 0.0651269927621
    },
    "silence_rate_60dB": {
        "mean": 0.0839340910316,
        "var": 0.0768896788359
    },
    "spectral_centroid": {
        "mean": 414.131317139,
        "var": 203075.140625
    },
    "spectral_complexity": {
        "mean": 6.98764181137,
        "var": 10.9390277863
    },
    "spectral_decrease": {
        "mean": -9.46272038505e-009,
        "var": 1.00794723732e-016
    },
    "spectral_energy": {
        "mean": 0.0366584435105,
        "var": 0.0014815403847
    },
    "spectral_energyband_high": {
        "mean": 0.000280350621324,
        "var": 1.51964445649e-006
    },
    "spectral_energyband_low": {
        "mean": 0.0187949892133,
        "var": 0.000935838208534
    },
    "spectral_energyband_middle_high": {
        "mean": 0.00130078976508,
        "var": 8.40854136186e-006
    },
    "spectral_energyband_middle_low": {
        "mean": 0.0194164812565,
        "var": 0.000305000023218
    },
    "spectral_entropy": {
        "mean": 6.03910446167,
        "var": 0.779972434044
    },
    "spectral_flux": {
        "mean": 0.0514167398214,
        "var": 0.00160469301045
    },
    "spectral_kurtosis": {
        "mean": 22.7633056641,
        "var": 942.126159668
    },
    "spectral_rms": {
        "mean": 0.0052904500626,
        "var": 7.77551395004e-006
    },
    "spectral_rolloff": {
        "mean": 566.495117188,
        "var": 1445437.875
    },
    "spectral_skewness": {
        "mean": 3.45843553543,
        "var": 4.15751457214
    },
    "spectral_spread": {
        "mean": 3927930.75,
        "var": 5.15578160742e+012
    },
    "spectral_strongpeak": {
        "mean": 0.75505053997,
        "var": 0.402247965336
    },
    "zerocrossingrate": {
        "mean": 0.023387465626,
        "var": 0.000876104051713
    },
    "barkbands": {
        "mean": [5.50979311811e-005, 0.0053417943418, 0.0103539898992, 0.00572430109605, 0.00841823127121, 0.00267624226399, 0.00106454419438, 0.00073905615136, 0.00060452229809, 0.000349015957909, 0.000502361974213, 0.000154944165843, 0.000198511392227, 5.44006834389e-005, 2.4255421522e-005, 4.19132520619e-005, 2.71328790404e-005, 2.54187998507e-005, 6.84336691847e-006, 2.66459719569e-005, 3.8543730625e-005, 4.6390996431e-005, 7.55128785386e-005, 7.1492002462e-005, 3.08479939122e-005, 6.01964984526e-006, 4.62477089513e-007],
        "var": [1.121856954e-007, 0.000259641703451, 0.000482617440866, 6.3773994043e-005, 0.000149221261381, 1.38733194035e-005, 4.19026901e-006, 2.73547379948e-006, 2.12787540477e-006, 1.05664832972e-006, 2.78763559436e-006, 1.77037350113e-007, 1.20561173844e-006, 2.96773166042e-008, 4.36596092612e-009, 3.47173738646e-008, 1.48511967168e-008, 5.03030106458e-009, 8.35759461637e-010, 6.84070933232e-009, 5.71013103468e-008, 3.84826961408e-008, 2.15942193904e-007, 1.27277161255e-007, 1.18929168735e-008, 6.64641619519e-010, 4.26928631336e-012]
    },
    "erbbands": {
        "mean": [0.0869096294045, 1.58340728283, 9.53010845184, 17.7513141632, 22.0298290253, 33.88722229, 22.7113342285, 20.64884758, 17.4023551941, 15.5876073837, 14.1077051163, 15.8242921829, 12.9737606049, 9.94953918457, 20.2522754669, 8.3105802536, 9.89381313324, 3.86605525017, 1.81170701981, 1.52775299549, 2.19709873199, 1.41932475567, 1.60435831547, 0.447699695826, 0.590419530869, 1.33685266972, 1.36913311481, 1.55422246456, 1.51414489746, 1.93802607059, 2.20846772194, 1.93342089653, 0.892810761929, 0.448851794004, 0.167683169246, 0.0377016477287, 0.00961517076939, 0.00165853160433, 7.19995587133e-005, 4.26440892625e-005],
        "var": [0.0848947316408, 17.8182907104, 370.375671387, 661.551025391, 599.434020996, 4032.49780273, 819.841918945, 857.87701416, 1171.3692627, 938.537780762, 1281.08947754, 1504.03234863, 1448.47949219, 986.040100098, 5042.74658203, 432.486694336, 2929.015625, 128.703704834, 24.2207870483, 19.8557472229, 104.818336487, 26.8072967529, 21.8899421692, 1.26203155518, 4.36663293839, 17.4959449768, 62.0177154541, 75.5576171875, 41.0229225159, 82.508972168, 211.080230713, 110.405845642, 21.3872337341, 3.06303572655, 0.308740258217, 0.0245180148631, 0.00165637559257, 4.68277321488e-005, 5.73155283234e-008, 1.8804489077e-009]
    },
    "gfcc": {
        "mean": [-109.023880005, 140.519393921, -56.0733375549, 27.0782623291, -66.7848205566, 5.58481216431, -44.8892974854, -12.2826833725, -28.8597145081, -13.8226718903, -15.4615802765, -9.58571529388, -11.27414608],
        "cov": [[10668.9824219, -2766.23388672, -1043.6784668, -98.2587966919, -1408.29748535, 1480.10534668, -181.195724487, 569.859924316, -236.227005005, 345.23059082, -333.785675049, 240.071105957, -419.29498291], [-2766.23388672, 2189.67626953, 335.078125, -454.147521973, 625.806274414, -495.073852539, 318.214050293, -228.361450195, 150.654922485, -292.22366333, 279.412322998, -48.6379432678, 194.241409302], [-1043.6784668, 335.078125, 740.721862793, 179.810882568, 216.116195679, 19.3521385193, 65.6101989746, -30.3253421783, 71.9529571533, 3.63714766502, 57.2426071167, -35.5286636353, 101.829528809], [-98.2587966919, -454.147521973, 179.810882568, 765.1015625, 224.581939697, -58.1391448975, -88.0434494019, 13.8969554901, 136.372741699, 102.690505981, 0.228517636657, 1.58152973652, 96.109916687], [-1408.29748535, 625.806274414, 216.116195679, 224.581939697, 622.954589844, -242.436355591, 44.5726356506, -70.1320419312, 140.639694214, -23.2544956207, 110.466957092, -12.0169095993, 142.746307373], [1480.10534668, -495.073852539, 19.3521385193, -58.1391448975, -242.436355591, 554.434509277, 61.7389945984, 86.7248458862, -65.2661895752, 82.076965332, -32.001537323, -5.08962774277, -90.995765686], [-181.195724487, 318.214050293, 65.6101989746, -88.0434494019, 44.5726356506, 61.7389945984, 237.377288818, 4.04318666458, -15.9063405991, -34.980922699, 75.8764877319, -12.6034650803, 1.85588133335], [569.859924316, -228.361450195, -30.3253421783, 13.8969554901, -70.1320419312, 86.7248458862, 4.04318666458, 203.414520264, 18.604434967, 41.4993019104, -18.970457077, 27.3202152252, -24.9081859589], [-236.227005005, 150.654922485, 71.9529571533, 136.372741699, 140.639694214, -65.2661895752, -15.9063405991, 18.604434967, 165.643096924, -3.60200762749, 9.61191654205, 21.6084537506, 55.3877983093], [345.23059082, -292.22366333, 3.63714766502, 102.690505981, -23.2544956207, 82.076965332, -34.980922699, 41.4993019104, -3.60200762749, 149.659759521, -4.16963815689, -4.43855524063, -26.7007408142], [-333.785675049, 279.412322998, 57.2426071167, 0.228517636657, 110.466957092, -32.001537323, 75.8764877319, -18.970457077, 9.61191654205, -4.16963815689, 149.271591187, 14.6327476501, 26.7352561951], [240.071105957, -48.6379432678, -35.5286636353, 1.58152973652, -12.0169095993, -5.08962774277, -12.6034650803, 27.3202152252, 21.6084537506, -4.43855524063, 14.6327476501, 108.91078949, 15.8822069168], [-419.29498291, 194.241409302, 101.829528809, 96.109916687, 142.746307373, -90.995765686, 1.85588133335, -24.9081859589, 55.3877983093, -26.7007408142, 26.7352561951, 15.8822069168, 121.827163696]],
        "icov": [[0.00027668022085, -0.000185712109669, 0.000352690316504, -0.000285492831608, 0.000341558130458, -0.000691596243996, 0.00023784302175, -0.000368561333744, 0.00017483755073, -0.000215834719711, 0.000286936643533, -0.000539588916581, 6.36118129478e-005], [-0.000185712109669, 0.0048465593718, -0.00131897348911, 0.00426384154707, -0.00245838263072, 0.00271999510005, -0.00329456315376, 0.00226808246225, -0.00443549547344, 0.00324257323518, -0.00417978316545, 0.00284210522659, -0.00192778301425], [0.000352690316504, -0.00131897348911, 0.00246471795253, -0.001500926679, 0.00066417362541, -0.00182093807962, 0.000717333925422, -0.000803230155725, 0.000964912702329, -0.00101410294883, 0.00105298217386, -0.000540958950296, -0.000694202200975], [-0.000285492831608, 0.00426384154707, -0.001500926679, 0.00581977050751, -0.00263499375433, 0.00261830654927, -0.00240628956817, 0.00210047280416, -0.00486334972084, 0.00142755999696, -0.00349797052331, 0.00287107890472, -0.00269100023434], [0.000341558130458, -0.00245838263072, 0.00066417362541, -0.00263499375433, 0.00477154878899, -0.00101521005854, 0.00123244314454, -0.000911003327928, 0.000652337446809, -0.00207887683064, 0.000747479323763, -0.000954184040893, -0.000727245060261], [-0.000691596243996, 0.00271999510005, -0.00182093807962, 0.00261830654927, -0.00101521005854, 0.0055995923467, -0.00320556294173, 0.00139290117659, -0.00232985219918, 0.000713306828402, -0.00221719616093, 0.00234885280952, -0.000159032133524], [0.00023784302175, -0.00329456315376, 0.000717333925422, -0.00240628956817, 0.00123244314454, -0.00320556294173, 0.00852745119482, -0.00240220851265, 0.00344385113567, -0.000437724462245, -0.000200239170226, -0.0010334555991, 0.00142777350266], [-0.000368561333744, 0.00226808246225, -0.000803230155725, 0.00210047280416, -0.000911003327928, 0.00139290117659, -0.00240220851265, 0.00746752228588, -0.00357835716568, 0.000154520952492, -0.00136580108665, 0.000286160298856, -0.000276052829577], [0.00017483755073, -0.00443549547344, 0.000964912702329, -0.00486334972084, 0.000652337446809, -0.00232985219918, 0.00344385113567, -0.00357835716568, 0.0132382176816, -0.002168858191, 0.00455152848735, -0.0041149193421, 0.000458843191154], [-0.000215834719711, 0.00324257323518, -0.00101410294883, 0.00142755999696, -0.00207887683064, 0.000713306828402, -0.000437724462245, 0.000154520952492, -0.002168858191, 0.0117770349607, -0.00419236207381, 0.00262021506205, 0.000961169309448], [0.000286936643533, -0.00417978316545, 0.00105298217386, -0.00349797052331, 0.000747479323763, -0.00221719616093, -0.000200239170226, -0.00136580108665, 0.00455152848735, -0.00419236207381, 0.0134825436398, -0.00489819003269, 0.00141475931741], [-0.000539588916581, 0.00284210522659, -0.000540958950296, 0.00287107890472, -0.000954184040893, 0.00234885280952, -0.0010334555991, 0.000286160298856, -0.0041149193421, 0.00262021506205, -0.00489819003269, 0.0133229810745, -0.00347158499062], [6.36118129478e-005, -0.00192778301425, -0.000694202200975, -0.00269100023434, -0.000727245060261, -0.000159032133524, 0.00142777350266, -0.000276052829577, 0.000458843191154, 0.000961169309448, 0.00141475931741, -0.00347158499062, 0.015003436245]]
    },
    "melbands": {
        "mean": [0.00118331285194, 0.00409813225269, 0.00324407010339, 0.00204403791577, 0.000950762361754, 0.000481098104501, 0.000251554418355, 0.000165744990227, 0.000109214510303, 9.98903778964e-005, 6.17052210146e-005, 3.55666670657e-005, 6.57993150526e-005, 2.73666537396e-005, 2.10324160435e-005, 1.82665135071e-005, 6.17177784079e-006, 3.09764595841e-006, 1.77854519734e-006, 3.05200364892e-006, 2.41872794504e-006, 1.39580492942e-006, 1.79523351562e-006, 9.58817736318e-007, 2.88606969434e-007, 2.54038326375e-007, 7.96725430519e-007, 8.53242454468e-007, 6.83366408794e-007, 1.09709787921e-006, 8.47193746267e-007, 8.43960606289e-007, 9.23686684473e-007, 1.12906388949e-006, 1.2319801499e-006, 1.39872952332e-006, 1.07138077965e-006, 6.48657078273e-007, 4.71335994234e-007, 3.49239826392e-007],
        "var": [1.47653972817e-005, 5.78521503485e-005, 1.68502119777e-005, 9.21326318348e-006, 1.47862363065e-006, 4.47599177278e-007, 2.30648211641e-007, 1.21080702797e-007, 9.73717462216e-008, 6.37908357248e-008, 3.56061491402e-008, 1.38911557812e-008, 5.21981142754e-008, 5.50691314771e-009, 1.017394613e-008, 6.4929630561e-009, 4.09863226691e-010, 9.5696429947e-011, 2.76074614558e-011, 1.71126876558e-010, 1.65404426267e-010, 3.41788888858e-011, 3.45940082136e-011, 5.77937957907e-012, 7.60263596869e-013, 1.5053455444e-012, 7.93407787386e-012, 6.96838810613e-012, 1.0823410744e-011, 6.72657068934e-011, 1.84996393204e-011, 1.31781712279e-011, 1.6181249049e-011, 3.07078668049e-011, 6.9213863807e-011, 8.19631307269e-011, 3.12979191175e-011, 1.2517235512e-011, 5.87742094577e-012, 1.49818699113e-012]
    },
    "mfcc": {
        "mean": [-768.598388672, 165.539886475, 61.9626274109, 22.3025970459, 6.72644329071, 7.52035999298, -6.3613152504, -2.97985458374, -11.9600324631, -9.67308330536, -12.2752866745, -7.63419818878, -6.98342943192],
        "cov": [[9467.31835938, -1904.58703613, -688.092224121, -1098.88916016, -806.069702148, 291.787261963, -24.5672149658, 414.66809082, -18.8258132935, 203.902786255, 264.575592041, 219.758575439, -3.09076881409], [-1904.58703613, 1965.35412598, 40.879989624, -139.737716675, 51.9845314026, -77.9068222046, 145.21661377, 121.410591125, -71.6478347778, -89.2378387451, -28.9148159027, -73.8935470581, 59.4760742188], [-688.092224121, 40.879989624, 617.610107422, 90.9799957275, 59.9283599854, 76.037940979, 59.29271698, 2.80962395668, 67.6591186523, 33.9962463379, -19.2459087372, 18.2695045471, 10.760099411], [-1098.88916016, -139.737716675, 90.9799957275, 749.263671875, 412.735443115, -14.5009450912, -66.0346298218, -115.563476563, 106.231285095, 11.4770364761, -44.6765518188, 20.5153598785, 39.3437347412], [-806.069702148, 51.9845314026, 59.9283599854, 412.735443115, 483.029602051, 32.7668800354, -42.3803634644, -74.1702423096, 111.926177979, 20.2414875031, -26.2202205658, 23.2319145203, 50.2389831543], [291.787261963, -77.9068222046, 76.037940979, -14.5009450912, 32.7668800354, 267.308441162, 95.7432861328, 15.5986661911, 8.02269554138, 44.0967407227, 61.9725875854, 19.3987960815, -53.9648628235], [-24.5672149658, 145.21661377, 59.29271698, -66.0346298218, -42.3803634644, 95.7432861328, 261.034118652, 47.7171478271, -42.2959136963, 53.9486732483, 41.3088798523, 26.1896514893, -9.90107917786], [414.66809082, 121.410591125, 2.80962395668, -115.563476563, -74.1702423096, 15.5986661911, 47.7171478271, 212.596069336, 10.3274259567, 19.2673397064, 18.1149654388, 13.6246614456, 43.4278030396], [-18.8258132935, -71.6478347778, 67.6591186523, 106.231285095, 111.926177979, 8.02269554138, -42.2959136963, 10.3274259567, 162.519989014, 33.6423568726, -4.52277326584, 2.28383684158, 10.268573761], [203.902786255, -89.2378387451, 33.9962463379, 11.4770364761, 20.2414875031, 44.0967407227, 53.9486732483, 19.2673397064, 33.6423568726, 125.777008057, 48.5962524414, 11.0076503754, -14.7605209351], [264.575592041, -28.9148159027, -19.2459087372, -44.6765518188, -26.2202205658, 61.9725875854, 41.3088798523, 18.1149654388, -4.52277326584, 48.5962524414, 130.274917603, 31.3599529266, -27.1451225281], [219.758575439, -73.8935470581, 18.2695045471, 20.5153598785, 23.2319145203, 19.3987960815, 26.1896514893, 13.6246614456, 2.28383684158, 11.0076503754, 31.3599529266, 123.678924561, 46.0850486755], [-3.09076881409, 59.4760742188, 10.760099411, 39.3437347412, 50.2389831543, -53.9648628235, -9.90107917786, 43.4278030396, 10.268573761, -14.7605209351, -27.1451225281, 46.0850486755, 173.735366821]],
        "icov": [[0.000259206135524, 0.000236214473261, 0.00027568085352, 0.000281033018837, 0.000181832161616, -0.000288881070446, 0.000156957437866, -0.000363849016139, -0.000152770793648, -0.000226022413699, -3.72077447537e-005, -0.000306444562739, -0.000134085828904], [0.000236214473261, 0.000913314812351, 0.00013204861898, 0.000524228147697, -0.00039712479338, 0.00016838798183, -0.000456891430076, -0.000754531822167, 0.000116199495096, 0.000531465222593, -0.000311582407448, 0.000355478783604, -0.000210336133023], [0.00027568085352, 0.00013204861898, 0.00218210602179, 4.78991896671e-005, 0.000513259379659, -0.000917329685763, -0.000183407813893, -0.000185314915143, -0.00102722924203, -0.000577154394705, 0.000702331308275, -0.000632481300272, -0.000294593512081], [0.000281033018837, 0.000524228147697, 4.78991896671e-005, 0.00310965953395, -0.002139080083, 0.000244072783971, 3.7855195842e-005, 0.000123392790556, -0.000287241942715, -0.000114780312288, 0.00014173197269, -0.00035289907828, -9.29729940253e-005], [0.000181832161616, -0.00039712479338, 0.000513259379659, -0.002139080083, 0.00521311443299, -0.00161676667631, 0.000653471215628, 0.000943253573496, -0.0020610128995, -0.000970181485172, 0.000581493077334, -0.000797364860773, -0.00127464451361], [-0.000288881070446, 0.00016838798183, -0.000917329685763, 0.000244072783971, -0.00161676667631, 0.00599170243368, -0.00203411816619, -0.000263138703303, 0.000239392058575, 0.000739681127016, -0.0018401988782, 0.000212731029023, 0.00192198809236], [0.000156957437866, -0.000456891430076, -0.000183407813893, 3.7855195842e-005, 0.000653471215628, -0.00203411816619, 0.00612614257261, -0.000767808640376, 0.00179716874845, -0.00291716936044, 0.000297687278362, -0.00137375341728, -6.09011003689e-005], [-0.000363849016139, -0.000754531822167, -0.000185314915143, 0.000123392790556, 0.000943253573496, -0.000263138703303, -0.000767808640376, 0.0069463448599, -0.00143498997204, -0.000511491147336, -0.000164328317624, 0.000310265488224, -0.00196584942751], [-0.000152770793648, 0.000116199495096, -0.00102722924203, -0.000287241942715, -0.0020610128995, 0.000239392058575, 0.00179716874845, -0.00143498997204, 0.00921052321792, -0.00224872888066, 0.000318807637086, 0.000464252138045, 0.000408857216826], [-0.000226022413699, 0.000531465222593, -0.000577154394705, -0.000114780312288, -0.000970181485172, 0.000739681127016, -0.00291716936044, -0.000511491147336, -0.00224872888066, 0.0121489530429, -0.00390776665881, 0.00130792148411, 0.000555265694857], [-3.72077447537e-005, -0.000311582407448, 0.000702331308275, 0.00014173197269, 0.000581493077334, -0.0018401988782, 0.000297687278362, -0.000164328317624, 0.000318807637086, -0.00390776665881, 0.0113495690748, -0.00325809442438, 0.00163540639915], [-0.000306444562739, 0.000355478783604, -0.000632481300272, -0.00035289907828, -0.000797364860773, 0.000212731029023, -0.00137375341728, 0.000310265488224, 0.000464252138045, 0.00130792148411, -0.00325809442438, 0.0112939178944, -0.00328845181502], [-0.000134085828904, -0.000210336133023, -0.000294593512081, -9.29729940253e-005, -0.00127464451361, 0.00192198809236, -6.09011003689e-005, -0.00196584942751, 0.000408857216826, 0.000555265694857, 0.00163540639915, -0.00328845181502, 0.00846913829446]]
    },
    "spectral_contrast_coeffs": {
        "mean": [-0.500141084194, -0.623470664024, -0.727842032909, -0.776970803738, -0.797555446625, -0.805701732635],
        "var": [0.00826911907643, 0.00609313137829, 0.00777037255466, 0.0043462747708, 0.0028625917621, 0.00176445196848]
    },
    "spectral_contrast_valleys": {
        "mean": [-7.75849342346, -7.76451349258, -8.89675998688, -9.58174800873, -9.80524253845, -11.4568548203],
        "var": [1.26771593094, 1.0045671463, 1.16434037685, 1.14177596569, 1.50507116318, 2.33316278458]
    }
},
"metadata": {
    "audio_properties": {
        "analysis_sample_rate": 44100,
        "bit_rate": 128074,
        "equal_loudness": 0,
        "length": 45.0612258911,
        "lossless": 0,
        "replay_gain": -6.61944580078,
        "sample_rate": 44100,
        "codec": "mp3",
        "downmix": "mix",
        "md5_encoded": "ac092ce7a59cefa655e9c3a2897b1c32"
    },
    "tags": {
        "file_name": "1129.mp3"
    },
    "version": {
        "essentia": "2.1-beta2",
        "essentia_git_sha": "v2.1_beta2",
        "extractor": "music 1.0"
    }
},
"rhythm": {
    "beats_count": 66,
    "beats_loudness": {
        "mean": 0.0607949309051,
        "var": 0.00334366364405
    },
    "bpm": 88.9280700684,
    "bpm_histogram_first_peak_bpm": {
        "mean": 89,
        "var": 0
    },
    "bpm_histogram_first_peak_spread": {
        "mean": 0.276923149824,
        "var": 0
    },
    "bpm_histogram_first_peak_weight": {
        "mean": 0.723076939583,
        "var": 0
    },
    "bpm_histogram_second_peak_bpm": {
        "mean": 0,
        "var": 0
    },
    "bpm_histogram_second_peak_spread": {
        "mean": 0,
        "var": 0
    },
    "bpm_histogram_second_peak_weight": {
        "mean": 0,
        "var": 0
    },
    "danceability": 0.999496102333,
    "onset_rate": 2.5731151104,
    "beats_loudness_band_ratio": {
        "mean": [0.583951532841, 0.384140968323, 0.0532275736332, 0.0189136248082, 0.0053113582544, 0.0133598875254],
        "var": [0.0615023635328, 0.0646851956844, 0.00520072132349, 0.00135561742354, 0.000190509235836, 0.00237116334029]
    },
    "beats_position": [0.696598649025, 1.39319729805, 2.08979582787, 2.77478456497, 3.45977306366, 4.14476203918, 4.81814050674, 5.50312900543, 6.17650794983, 6.84988641739, 7.52326536179, 8.18503379822, 8.84680271149, 9.52018165588, 10.1819496155, 10.8437185287, 11.5170974731, 12.1904764175, 12.8638544083, 13.5488433838, 14.2222223282, 14.90721035, 15.5805892944, 16.2655773163, 16.9273471832, 17.600725174, 18.2741031647, 18.9358730316, 19.6208610535, 20.2942390442, 20.9792289734, 21.6642169952, 22.3375968933, 23.010974884, 23.6727428436, 24.3461227417, 25.0195007324, 25.7044887543, 26.3778686523, 27.0512466431, 27.7130146027, 28.3747844696, 29.0365524292, 29.6983222961, 30.3717002869, 31.0450782776, 31.753288269, 32.4382743835, 33.111656189, 33.7850341797, 34.4816322327, 35.1782302856, 35.8516082764, 36.5249862671, 37.1983680725, 37.8717460632, 38.545124054, 39.2185020447, 39.8918800354, 40.5652618408, 41.2270278931, 41.88879776, 42.5621757507, 43.2355537415, 43.9089317322, 44.5939216614]
},
"tonal": {
    "chords_changes_rate": 0.0452674888074,
    "chords_number_rate": 0.00925925932825,
    "chords_strength": {
        "mean": 0.529293596745,
        "var": 0.00897844694555
    },
    "hpcp_entropy": {
        "mean": 1.63432180882,
        "var": 0.436022311449
    },
    "key_strength": 0.826336085796,
    "tuning_diatonic_strength": 0.611046671867,
    "tuning_equal_tempered_deviation": 0.0524635314941,
    "tuning_frequency": 440,
    "tuning_nontempered_energy_ratio": 0.686695456505,
    "hpcp": {
        "mean": [0.0165017358959, 0.0208151582628, 0.12577098608, 0.346045345068, 0.287858903408, 0.0717938020825, 0.0269557908177, 0.0335744507611, 0.140403822064, 0.238171428442, 0.134708464146, 0.0174895264208, 0.00872652325779, 0.0133314784616, 0.0460208840668, 0.080411054194, 0.072155341506, 0.150430589914, 0.269377499819, 0.167944744229, 0.0280801542103, 0.0201272591949, 0.042153082788, 0.130616605282, 0.197189703584, 0.114283680916, 0.0227961093187, 0.0118346326053, 0.0291947722435, 0.0943277329206, 0.11893902719, 0.0697930604219, 0.099149979651, 0.140638157725, 0.0757736861706, 0.0201275125146],
        "var": [0.00545104127377, 0.00863933563232, 0.0326225608587, 0.160483017564, 0.115557476878, 0.0270061660558, 0.0130500141531, 0.0148790255189, 0.0604019835591, 0.145916283131, 0.055364292115, 0.00515215378255, 0.00351814832538, 0.00719909416512, 0.0192875508219, 0.0490484759212, 0.0300638452172, 0.0544559657574, 0.143690496683, 0.0652141720057, 0.00908134039491, 0.00992584694177, 0.0187917388976, 0.0647167488933, 0.0999904125929, 0.0467673391104, 0.00797818507999, 0.00524233980104, 0.013246695511, 0.0555787421763, 0.0736989602447, 0.0257294345647, 0.0476888641715, 0.0880776569247, 0.031861897558, 0.00691618863493]
    },
    "chords_histogram": [26.851852417, 4.32098770142, 18.1069965363, 0, 11.4197530746, 0, 0, 0, 2.36625504494, 0, 0, 0, 0, 0, 0, 0, 0, 2.36625504494, 0, 0.925925910473, 0, 17.5925922394, 10.9053497314, 5.14403295517],
    "thpcp": [1, 0.831853151321, 0.207469344139, 0.0778966993093, 0.0970232710242, 0.405738204718, 0.688266515732, 0.389279812574, 0.0505411401391, 0.0252178609371, 0.0385252349079, 0.132990911603, 0.232371434569, 0.208514124155, 0.434713512659, 0.778445661068, 0.485325843096, 0.0811458826065, 0.0581636466086, 0.121813751757, 0.377455174923, 0.569837749004, 0.33025637269, 0.0658760741353, 0.0341996587813, 0.0843668952584, 0.272587776184, 0.343709379435, 0.20168761909, 0.286523073912, 0.406415402889, 0.218970403075, 0.0581643804908, 0.0476866289973, 0.0601515322924, 0.363452315331],
    "chords_key": "D#",
    "chords_scale": "major",
    "key_key": "D#",
    "key_scale": "major"
}
}