{
"lowlevel": {
    "average_loudness": 0.932442307472,
    "barkbands_crest": {
        "mean": 9.42418956757,
        "var": 7.97496986389
    },
    "barkbands_flatness_db": {
        "mean": 0.279477149248,
        "var": 0.000497575558256
    },
    "barkbands_kurtosis": {
        "mean": 3.34481191635,
        "var": 4.7276968956
    },
    "barkbands_skewness": {
        "mean": 1.49565660954,
        "var": 0.191105484962
    },
    "barkbands_spread": {
        "mean": 6.66465377808,
        "var": 3.5863339901
    },
    "dissonance": {
        "mean": 0.442836403847,
        "var": 0.000948862405494
    },
    "dynamic_complexity": 1.04498708248,
    "erbbands_crest": {
        "mean": 7.15438938141,
        "var": 4.23805427551
    },
    "erbbands_flatness_db": {
        "mean": 0.284755676985,
        "var": 0.000206468641409
    },
    "erbbands_kurtosis": {
        "mean": -0.151377946138,
        "var": 0.353691011667
    },
    "erbbands_skewness": {
        "mean": 0.474666744471,
        "var": 0.111919395626
    },
    "erbbands_spread": {
        "mean": 19.2459201813,
        "var": 12.483376503
    },
    "hfc": {
        "mean": 14.4644098282,
        "var": 21.4777088165
    },
    "melbands_crest": {
        "mean": 12.551112175,
        "var": 11.8330783844
    },
    "melbands_flatness_db": {
        "mean": 0.3892968297,
        "var": 0.000788666307926
    },
    "melbands_kurtosis": {
        "mean": 6.70355367661,
        "var": 13.2711925507
    },
    "melbands_skewness": {
        "mean": 2.07859659195,
        "var": 0.29787966609
    },
    "melbands_spread": {
        "mean": 7.77064943314,
        "var": 13.4583530426
    },
    "pitch_salience": {
        "mean": 0.665872752666,
        "var": 0.00571915786713
    },
    "silence_rate_20dB": {
        "mean": 1,
        "var": 0
    },
    "silence_rate_30dB": {
        "mean": 0.989701330662,
        "var": 0.0101931756362
    },
    "silence_rate_60dB": {
        "mean": 0.00154479919001,
        "var": 0.00154241069686
    },
    "spectral_centroid": {
        "mean": 415.584747314,
        "var": 64363.140625
    },
    "spectral_complexity": {
        "mean": 17.6864051819,
        "var": 6.34394168854
    },
    "spectral_decrease": {
        "mean": -1.27177592901e-008,
        "var": 2.69159012671e-017
    },
    "spectral_energy": {
        "mean": 0.0493116155267,
        "var": 0.000398193427827
    },
    "spectral_energyband_high": {
        "mean": 1.99587157113e-006,
        "var": 6.27633199319e-013
    },
    "spectral_energyband_low": {
        "mean": 0.0185126662254,
        "var": 0.000165792051121
    },
    "spectral_energyband_middle_high": {
        "mean": 0.00308258226141,
        "var": 1.35820027936e-006
    },
    "spectral_energyband_middle_low": {
        "mean": 0.0304167680442,
        "var": 0.000200320762815
    },
    "spectral_entropy": {
        "mean": 6.4503030777,
        "var": 0.03158967942
    },
    "spectral_flux": {
        "mean": 0.113807626069,
        "var": 0.000866554386448
    },
    "spectral_kurtosis": {
        "mean": 37.8165245056,
        "var": 278.235626221
    },
    "spectral_rms": {
        "mean": 0.0067998142913,
        "var": 1.87132150131e-006
    },
    "spectral_rolloff": {
        "mean": 497.315856934,
        "var": 179911.609375
    },
    "spectral_skewness": {
        "mean": 3.94236063957,
        "var": 0.973213672638
    },
    "spectral_spread": {
        "mean": 1205215.625,
        "var": 914501206016
    },
    "spectral_strongpeak": {
        "mean": 0.619970202446,
        "var": 0.183769494295
    },
    "zerocrossingrate": {
        "mean": 0.0192737840116,
        "var": 0.000128606290673
    },
    "barkbands": {
        "mean": [0.000160522511578, 0.00576263247058, 0.0101218875498, 0.00474172923714, 0.0141825703904, 0.00445246929303, 0.00321199488826, 0.00190306908917, 0.00143573456444, 0.00115684594493, 0.000862438988406, 0.000366967869923, 0.000357162207365, 0.000211413018405, 0.000165666686371, 0.000118726922665, 6.61083468003e-005, 2.32383590628e-005, 6.97037785358e-006, 2.29355850934e-006, 8.24134303912e-007, 2.55459610798e-007, 8.80328983044e-008, 4.67280578675e-008, 3.50709683516e-008, 1.36236790738e-008, 2.33052799281e-009],
        "var": [3.61196939025e-008, 2.28903263633e-005, 7.88629404269e-005, 1.93859686988e-005, 0.000116914307, 1.05543686004e-005, 6.62058437229e-006, 2.35860670728e-006, 1.20027345929e-006, 6.04759861744e-007, 4.34386379311e-007, 4.98481149691e-008, 5.04174160199e-008, 1.82005734928e-008, 1.33521176338e-008, 9.07637520697e-009, 1.79676495904e-009, 2.58381094298e-010, 1.63915426371e-011, 1.74328205951e-012, 1.56670480083e-013, 1.06603949911e-014, 1.331286236e-015, 3.58026136077e-016, 1.21443740565e-015, 2.46124269308e-016, 7.05148724735e-018]
    },
    "erbbands": {
        "mean": [0.122786439955, 1.56440603733, 9.75481414795, 15.4751424789, 32.4692497253, 46.9941864014, 38.282283783, 40.3876914978, 55.6402702332, 42.6743164063, 30.6565647125, 35.1288948059, 36.1236724854, 28.4137058258, 33.4299049377, 17.6025791168, 16.6373558044, 12.1225299835, 9.44563007355, 7.79184770584, 5.51271486282, 3.13829398155, 1.68629467487, 0.634960532188, 0.248697340488, 0.112170644104, 0.048727504909, 0.0209894869477, 0.0103609859943, 0.0047157346271, 0.00232422025874, 0.0011783009395, 0.000725637190044, 0.000469261285616, 0.000246942741796, 0.000101732795883, 3.41027152899e-005, 6.58245380691e-006, 2.29821598623e-005, 5.44711838302e-005],
        "var": [0.0138685870916, 1.66423416138, 68.1202774048, 169.540222168, 914.874084473, 1373.2635498, 913.840759277, 1046.89306641, 2210.25610352, 1015.55853271, 389.230377197, 808.801025391, 614.963989258, 298.25289917, 879.029296875, 93.5073928833, 97.172088623, 48.1979064941, 25.7377758026, 21.2472515106, 12.2879266739, 3.32248520851, 1.18039631844, 0.170426443219, 0.0173331554979, 0.00383192976005, 0.000533889164217, 8.89914881554e-005, 1.82077874342e-005, 3.17264516525e-006, 9.89752152236e-007, 2.22796572302e-007, 1.13858092732e-007, 1.67491094771e-007, 5.11812139337e-008, 4.21645562909e-009, 8.46229919471e-010, 5.87912635241e-011, 8.13388106868e-011, 4.76339245825e-010]
    },
    "gfcc": {
        "mean": [-78.7949905396, 240.251296997, -121.642166138, -10.4523868561, -19.2833480835, -14.3694782257, -24.4564285278, -10.6271629333, -11.0836334229, -15.1361160278, -6.31147861481, -11.4301795959, 0.117272570729],
        "cov": [[1008.60162354, 256.741394043, -80.501373291, 21.4610118866, 14.193857193, -60.2460098267, 4.47783994675, -15.0603876114, 5.84114313126, -46.5865898132, 6.41279506683, -20.9375476837, 15.3407354355], [256.741394043, 110.181846619, 12.4911394119, -9.21617984772, 9.22113037109, -11.8661956787, 8.99772548676, -7.66932868958, 10.9521007538, -8.40545654297, 8.51681423187, -10.168844223, 7.52825593948], [-80.501373291, 12.4911394119, 113.370201111, -1.20358943939, 15.2075090408, 10.8666696548, 14.0874881744, 2.41748404503, 3.79728055, 14.8539400101, -2.13098835945, -4.88378810883, -12.898815155], [21.4610118866, -9.21617984772, -1.20358943939, 55.2378768921, 25.274471283, -3.01870012283, 9.16415977478, 7.1080083847, 2.0062558651, -8.44528102875, 4.78752803802, 1.49133384228, 3.48002123833], [14.193857193, 9.22113037109, 15.2075090408, 25.274471283, 45.0528488159, 16.184261322, 11.329044342, 4.69349765778, 0.834404349327, -4.87136554718, 0.110748000443, 0.896046340466, 0.235415518284], [-60.2460098267, -11.8661956787, 10.8666696548, -3.01870012283, 16.184261322, 44.7586402893, 18.5103149414, 9.36570262909, 2.18347382545, 8.35424232483, -0.329898446798, 2.98446702957, -2.63668227196], [4.47783994675, 8.99772548676, 14.0874881744, 9.16415977478, 11.329044342, 18.5103149414, 41.9335632324, 22.3478279114, 3.05257678032, 1.03097331524, 1.45023107529, -0.191776946187, -4.5453953743], [-15.0603876114, -7.66932868958, 2.41748404503, 7.1080083847, 4.69349765778, 9.36570262909, 22.3478279114, 39.600566864, 17.4923381805, 7.59264183044, 0.389999419451, 3.12065649033, -5.19356441498], [5.84114313126, 10.9521007538, 3.79728055, 2.0062558651, 0.834404349327, 2.18347382545, 3.05257678032, 17.4923381805, 32.8797225952, 15.208782196, 4.23639631271, -0.462287276983, 0.653596282005], [-46.5865898132, -8.40545654297, 14.8539400101, -8.44528102875, -4.87136554718, 8.35424232483, 1.03097331524, 7.59264183044, 15.208782196, 37.4263381958, 14.4579200745, 5.50792217255, -4.91619586945], [6.41279506683, 8.51681423187, -2.13098835945, 4.78752803802, 0.110748000443, -0.329898446798, 1.45023107529, 0.389999419451, 4.23639631271, 14.4579200745, 30.7184238434, 15.0493631363, 4.31795930862], [-20.9375476837, -10.168844223, -4.88378810883, 1.49133384228, 0.896046340466, 2.98446702957, -0.191776946187, 3.12065649033, -0.462287276983, 5.50792217255, 15.0493631363, 29.9258499146, 12.8847465515], [15.3407354355, 7.52825593948, -12.898815155, 3.48002123833, 0.235415518284, -2.63668227196, -4.5453953743, -5.19356441498, 0.653596282005, -4.91619586945, 4.31795930862, 12.8847465515, 29.410774231]],
        "icov": [[0.00580238178372, -0.0192874930799, 0.00614554900676, -0.00977821089327, 0.00426512956619, -0.000516959873494, 0.00497929006815, -0.00468715187162, 0.00836385693401, -0.00569879170507, 0.0100116506219, -0.00704319402575, 0.00610139174387], [-0.0192874930799, 0.0838321521878, -0.0221848543733, 0.0464673824608, -0.0258341506124, 0.0130713088438, -0.0299779698253, 0.0258316397667, -0.0428287237883, 0.0308006089181, -0.0489375405014, 0.0358657874167, -0.0277464613318], [0.00614554900676, -0.0221848543733, 0.0179482530802, -0.0100018214434, 0.000270230870228, 0.000731367035769, 0.000839364132844, -0.00137963658199, 0.00934725161642, -0.0137222725898, 0.0161381494254, -0.0099008474499, 0.0109444204718], [-0.00977821089327, 0.0464673824608, -0.0100018214434, 0.0564348809421, -0.0343818850815, 0.0187542978674, -0.022001767531, 0.010841652751, -0.0254936441779, 0.0228931661695, -0.0352236256003, 0.0232513919473, -0.0180090684444], [0.00426512956619, -0.0258341506124, 0.000270230870228, -0.0343818850815, 0.0512570887804, -0.0243374612182, 0.0129931764677, -0.00738583412021, 0.0117889214307, -0.00267016096041, 0.0156398471445, -0.0136408926919, 0.00965801347047], [-0.000516959873494, 0.0130713088438, 0.000731367035769, 0.0187542978674, -0.0243374612182, 0.0441449731588, -0.0243444871157, 0.00863231252879, -0.00745629891753, -0.00502973189577, -0.00183268240653, 0.00216827332042, -0.00441607926041], [0.00497929006815, -0.0299779698253, 0.000839364132844, -0.022001767531, 0.0129931764677, -0.0243444871157, 0.0621892400086, -0.041604090482, 0.0292240306735, -0.00517922220752, 0.00747269345447, -0.00416282657534, 0.00723715638742], [-0.00468715187162, 0.0258316397667, -0.00137963658199, 0.010841652751, -0.00738583412021, 0.00863231252879, -0.041604090482, 0.0687559992075, -0.0451924689114, 0.00819838047028, -0.00161376094911, -0.00748612405732, 0.00638068234548], [0.00836385693401, -0.0428287237883, 0.00934725161642, -0.0254936441779, 0.0117889214307, -0.00745629891753, 0.0292240306735, -0.0451924689114, 0.0796785727143, -0.0376257412136, 0.0223284699023, -0.0035641354043, -0.00028728262987], [-0.00569879170507, 0.0308006089181, -0.0137222725898, 0.0228931661695, -0.00267016096041, -0.00502973189577, -0.00517922220752, 0.00819838047028, -0.0376257412136, 0.0668602660298, -0.0439558252692, 0.0121249305084, -0.000267043127678], [0.0100116506219, -0.0489375405014, 0.0161381494254, -0.0352236256003, 0.0156398471445, -0.00183268240653, 0.00747269345447, -0.00161376094911, 0.0223284699023, -0.0439558252692, 0.0898863449693, -0.0508397296071, 0.0203627254814], [-0.00704319402575, 0.0358657874167, -0.0099008474499, 0.0232513919473, -0.0136408926919, 0.00216827332042, -0.00416282657534, -0.00748612405732, -0.0035641354043, 0.0121249305084, -0.0508397296071, 0.0790599435568, -0.0393278338015], [0.00610139174387, -0.0277464613318, 0.0109444204718, -0.0180090684444, 0.00965801347047, -0.00441607926041, 0.00723715638742, 0.00638068234548, -0.00028728262987, -0.000267043127678, 0.0203627254814, -0.0393278338015, 0.0608253329992]]
    },
    "melbands": {
        "mean": [0.00132413976826, 0.00414106156677, 0.00311564630829, 0.00305752176791, 0.00159559166059, 0.000938801676966, 0.000767268298659, 0.000460475508589, 0.000246755051194, 0.000213943931158, 0.000178039466846, 0.000114538815978, 0.000104874692624, 6.02925756539e-005, 3.92358160752e-005, 3.22810046782e-005, 2.24137274927e-005, 1.5000269741e-005, 1.2838801922e-005, 1.04701111923e-005, 5.55509041078e-006, 3.48845560438e-006, 2.12557392842e-006, 1.06238644548e-006, 4.52612226809e-007, 2.19804022095e-007, 1.18350079958e-007, 6.12712227621e-008, 3.39678400962e-008, 1.78884249635e-008, 1.00538040115e-008, 6.31588470412e-009, 3.62393692832e-009, 2.1536565864e-009, 1.43673994923e-009, 8.31885893504e-010, 6.43686381974e-010, 4.95313678961e-010, 4.17406081921e-010, 3.5990521674e-010],
        "var": [1.28287001644e-006, 1.08330796138e-005, 5.05964317199e-006, 6.28850921203e-006, 1.82532164672e-006, 4.91558694193e-007, 3.79076851686e-007, 1.39646829211e-007, 2.91901045557e-008, 3.29452767289e-008, 1.60308406549e-008, 5.40609290667e-009, 7.30106064495e-009, 1.56653900962e-009, 4.76761796708e-010, 5.42734801545e-010, 2.26048665897e-010, 7.44936265451e-011, 1.01397626406e-010, 7.814391495e-011, 1.30807526269e-011, 4.64369168118e-012, 2.07199383519e-012, 6.30417267868e-013, 1.06438092389e-013, 1.63767721714e-014, 5.44876389694e-015, 1.39367434185e-015, 3.21593316721e-016, 8.6597505241e-017, 2.39153350279e-017, 8.45144824788e-018, 2.63336815076e-018, 8.09236014838e-019, 4.78464168864e-019, 1.45842682416e-019, 7.65350929716e-020, 5.27994231754e-020, 1.1469885414e-019, 1.29736222194e-019]
    },
    "mfcc": {
        "mean": [-724.359436035, 274.443237305, -26.4940719604, 14.4573450089, 15.3754253387, -1.84290027618, 0.0551123730838, -1.43843328953, 1.18281579018, -5.844435215, -3.50190901756, -2.90698957443, -2.29083037376],
        "cov": [[438.878417969, 176.775924683, -79.7465515137, 69.8340072632, -3.4289021492, -11.5742073059, -7.50411081314, 9.40639781952, 1.79763448238, -20.0479278564, -10.3135671616, -11.7389125824, 3.17465353012], [176.775924683, 158.310043335, 20.6702613831, -2.5769162178, 5.98742580414, 0.221860393882, -0.174994915724, -5.00454616547, 0.984665930271, 2.98578357697, 0.799232244492, -0.380808979273, -2.47151660919], [-79.7465515137, 20.6702613831, 78.8428573608, -7.66543960571, -1.12196016312, 8.02012252808, 4.67809867859, -6.02166700363, 0.0471200495958, 13.2338848114, 12.0915327072, 4.44624042511, -3.75737261772], [69.8340072632, -2.5769162178, -7.66543960571, 66.5166320801, 11.801194191, -4.71482181549, 5.08507680893, 9.44361209869, 1.91823863983, -5.21322107315, 1.00607740879, -1.59394800663, 2.0166246891], [-3.4289021492, 5.98742580414, -1.12196016312, 11.801194191, 38.5486907959, 13.3960962296, 0.517257094383, 3.46160387993, 2.24410414696, 0.472388982773, -2.99466538429, 0.289037525654, 1.81801879406], [-11.5742073059, 0.221860393882, 8.02012252808, -4.71482181549, 13.3960962296, 32.9289283752, 15.0735759735, 0.502717614174, 1.12612998486, 0.487064480782, -0.10349804163, -0.388924330473, 0.206373438239], [-7.50411081314, -0.174994915724, 4.67809867859, 5.08507680893, 0.517257094383, 15.0735759735, 41.2796134949, 19.0242061615, 0.932210028172, 1.88912153244, 2.54804468155, 2.53372120857, 1.54804670811], [9.40639781952, -5.00454616547, -6.02166700363, 9.44361209869, 3.46160387993, 0.502717614174, 19.0242061615, 37.8949737549, 16.3144054413, -0.699646890163, 2.53888201714, 0.770172715187, 3.78823590279], [1.79763448238, 0.984665930271, 0.0471200495958, 1.91823863983, 2.24410414696, 1.12612998486, 0.932210028172, 16.3144054413, 32.3979377747, 14.1354923248, -0.563222289085, 3.40267634392, 0.756571769714], [-20.0479278564, 2.98578357697, 13.2338848114, -5.21322107315, 0.472388982773, 0.487064480782, 1.88912153244, -0.699646890163, 14.1354923248, 32.4134292603, 14.721326828, 1.42856025696, -0.24403937161], [-10.3135671616, 0.799232244492, 12.0915327072, 1.00607740879, -2.99466538429, -0.10349804163, 2.54804468155, 2.53888201714, -0.563222289085, 14.721326828, 33.9914169312, 13.7933893204, -1.19913339615], [-11.7389125824, -0.380808979273, 4.44624042511, -1.59394800663, 0.289037525654, -0.388924330473, 2.53372120857, 0.770172715187, 3.40267634392, 1.42856025696, 13.7933893204, 30.8916301727, 13.1866283417], [3.17465353012, -2.47151660919, -3.75737261772, 2.0166246891, 1.81801879406, 0.206373438239, 1.54804670811, 3.78823590279, 0.756571769714, -0.24403937161, -1.19913339615, 13.1866283417, 28.7699451447]],
        "icov": [[0.0893119871616, -0.121490284801, 0.115937411785, -0.109102778137, 0.0949020236731, -0.08186429739, 0.0687106847763, -0.0524841621518, 0.0379070602357, -0.0260066892952, 0.0132489344105, -0.00603463174775, 0.00240157428198], [-0.121490284801, 0.172001510859, -0.159612044692, 0.149154499173, -0.131545200944, 0.113950945437, -0.0957234799862, 0.0745750516653, -0.054520830512, 0.0377909317613, -0.0196422245353, 0.00998778454959, -0.00393438991159], [0.115937411785, -0.159612044692, 0.165813207626, -0.141453206539, 0.12518465519, -0.110910572112, 0.0893457233906, -0.0678389295936, 0.0523385293782, -0.0405837036669, 0.0163484960794, -0.011077449657, 0.00611370336264], [-0.109102778137, 0.149154499173, -0.141453206539, 0.152956232429, -0.127131670713, 0.112317815423, -0.0943916663527, 0.0719582289457, -0.0580405816436, 0.0456677936018, -0.0283200405538, 0.0179534424096, -0.00900656171143], [0.0949020236731, -0.131545200944, 0.12518465519, -0.127131670713, 0.143157720566, -0.1167357862, 0.095337420702, -0.079321064055, 0.0620841942728, -0.0500885024667, 0.0347471348941, -0.0233948938549, 0.0107071613893], [-0.08186429739, 0.113950945437, -0.110910572112, 0.112317815423, -0.1167357862, 0.140231832862, -0.105304524302, 0.0868092626333, -0.0713482946157, 0.0571162439883, -0.0388985052705, 0.0309643242508, -0.0163818020374], [0.0687106847763, -0.0957234799862, 0.0893457233906, -0.0943916663527, 0.095337420702, -0.105304524302, 0.120886713266, -0.0998094007373, 0.079967699945, -0.0627778619528, 0.0447573065758, -0.0368597395718, 0.0199728272855], [-0.0524841621518, 0.0745750516653, -0.0678389295936, 0.0719582289457, -0.079321064055, 0.0868092626333, -0.0998094007373, 0.128743901849, -0.102971330285, 0.0788623094559, -0.061627022922, 0.0496418066323, -0.0308427195996], [0.0379070602357, -0.054520830512, 0.0523385293782, -0.0580405816436, 0.0620841942728, -0.0713482946157, 0.079967699945, -0.102971330285, 0.12929880619, -0.0945832952857, 0.0705432668328, -0.0577586367726, 0.0330927707255], [-0.0260066892952, 0.0377909317613, -0.0405837036669, 0.0456677936018, -0.0500885024667, 0.0571162439883, -0.0627778619528, 0.0788623094559, -0.0945832952857, 0.11323646456, -0.0754010155797, 0.0555764771998, -0.0318040288985], [0.0132489344105, -0.0196422245353, 0.0163484960794, -0.0283200405538, 0.0347471348941, -0.0388985052705, 0.0447573065758, -0.061627022922, 0.0705432668328, -0.0754010155797, 0.0937895849347, -0.0631175115705, 0.0351047217846], [-0.00603463174775, 0.00998778454959, -0.011077449657, 0.0179534424096, -0.0233948938549, 0.0309643242508, -0.0368597395718, 0.0496418066323, -0.0577586367726, 0.0555764771998, -0.0631175115705, 0.0861266627908, -0.0445945225656], [0.00240157428198, -0.00393438991159, 0.00611370336264, -0.00900656171143, 0.0107071613893, -0.0163818020374, 0.0199728272855, -0.0308427195996, 0.0330927707255, -0.0318040288985, 0.0351047217846, -0.0445945225656, 0.0587755702436]]
    },
    "spectral_contrast_coeffs": {
        "mean": [-0.584136426449, -0.745881974697, -0.783918142319, -0.795520544052, -0.761038959026, -0.784542798996],
        "var": [0.00396759063005, 0.00273119844496, 0.00144519191235, 0.000829262891784, 0.00058672123123, 0.000245372735662]
    },
    "spectral_contrast_valleys": {
        "mean": [-6.35902500153, -5.74064731598, -6.56084680557, -7.50238990784, -9.11944961548, -13.0667123795],
        "var": [0.423694550991, 0.377545386553, 0.326406776905, 0.270720750093, 0.241306453943, 0.134405121207]
    }
},
"metadata": {
    "audio_properties": {
        "analysis_sample_rate": 44100,
        "bit_rate": 128074,
        "equal_loudness": 0,
        "length": 45.0612258911,
        "lossless": 0,
        "replay_gain": -3.08270645142,
        "sample_rate": 44100,
        "codec": "mp3",
        "downmix": "mix",
        "md5_encoded": "c6c4e5465bab632deb86933747e5d728"
    },
    "tags": {
        "file_name": "1130.mp3"
    },
    "version": {
        "essentia": "2.1-beta2",
        "essentia_git_sha": "v2.1_beta2",
        "extractor": "music 1.0"
    }
},
"rhythm": {
    "beats_count": 78,
    "beats_loudness": {
        "mean": 0.0458418056369,
        "var": 0.000252885278314
    },
    "bpm": 104.98197937,
    "bpm_histogram_first_peak_bpm": {
        "mean": 105,
        "var": 0
    },
    "bpm_histogram_first_peak_spread": {
        "mean": 0.230769217014,
        "var": 0
    },
    "bpm_histogram_first_peak_weight": {
        "mean": 0.129870131612,
        "var": 0
    },
    "bpm_histogram_second_peak_bpm": {
        "mean": 96,
        "var": 0
    },
    "bpm_histogram_second_peak_spread": {
        "mean": 0.4375,
        "var": 0
    },
    "bpm_histogram_second_peak_weight": {
        "mean": 0.11688311398,
        "var": 0
    },
    "danceability": 0.967740654945,
    "onset_rate": 0.088728107512,
    "beats_loudness_band_ratio": {
        "mean": [0.480238497257, 0.38180872798, 0.180121049285, 0.0595583990216, 0.0107658542693, 0.000220965332119],
        "var": [0.0205664839596, 0.0187694132328, 0.00592461321503, 0.000590348790865, 2.11889855564e-005, 1.10254569918e-008]
    },
    "beats_position": [0.452789098024, 0.905578196049, 1.369977355, 1.8111563921, 2.2523355484, 2.69351458549, 3.21596360207, 3.73841261864, 4.2492518425, 4.71365070343, 5.17804956436, 5.64244890213, 6.11845779419, 6.6176867485, 7.10530614853, 7.59292507172, 8.06893444061, 8.54494285583, 9.02095222473, 9.50857162476, 9.99619007111, 10.5186395645, 11.0294780731, 11.5403175354, 12.051156044, 12.5619955063, 13.0728340149, 13.5836734772, 14.0945119858, 14.6169614792, 15.1394100189, 15.6618595123, 16.1843090057, 16.7183666229, 17.2408161163, 17.7632656097, 18.4134235382, 19.0635814667, 19.7021312714, 20.3406791687, 20.9676189423, 21.5945568085, 22.221496582, 22.8484344482, 23.4521541595, 24.0790920258, 24.7176418304, 25.3561897278, 25.9831295013, 26.6100673676, 27.2370071411, 27.8639450073, 28.4444446564, 29.0133323669, 29.5822219849, 30.1627197266, 30.7432193756, 31.3121089935, 31.8809967041, 32.449886322, 33.0187759399, 33.5876655579, 34.1565513611, 34.725440979, 35.2943305969, 35.9909286499, 36.6875267029, 37.3957366943, 38.1039466858, 38.8005447388, 39.5087509155, 40.2053489685, 40.91355896, 41.6682090759, 42.4228553772, 43.1658935547, 43.9205436707, 44.6751937866]
},
"tonal": {
    "chords_changes_rate": 0.0123456791043,
    "chords_number_rate": 0.00411522621289,
    "chords_strength": {
        "mean": 0.627103984356,
        "var": 0.00313580851071
    },
    "hpcp_entropy": {
        "mean": 2.03283667564,
        "var": 0.522191524506
    },
    "key_strength": 0.744821608067,
    "tuning_diatonic_strength": 0.613864541054,
    "tuning_equal_tempered_deviation": 0.0451920293272,
    "tuning_frequency": 437.971466064,
    "tuning_nontempered_energy_ratio": 0.686564207077,
    "hpcp": {
        "mean": [0.0705070048571, 0.050251275301, 0.0814460292459, 0.143701374531, 0.133252605796, 0.0842743068933, 0.0718155801296, 0.11496655643, 0.371667951345, 0.618364095688, 0.407909333706, 0.111126944423, 0.0455693714321, 0.0262611173093, 0.0282654147595, 0.0429116338491, 0.0412289276719, 0.0595417916775, 0.113690413535, 0.099875792861, 0.058770108968, 0.0513589344919, 0.0571834854782, 0.16867634654, 0.266480058432, 0.173049613833, 0.0580532625318, 0.0349155552685, 0.0434249453247, 0.114956900477, 0.222562894225, 0.240490928292, 0.325892746449, 0.477097958326, 0.345100909472, 0.130999654531],
        "var": [0.0167865101248, 0.00918305199593, 0.0172185730189, 0.0380056574941, 0.0357869416475, 0.0269672404975, 0.025459241122, 0.037263918668, 0.0792165249586, 0.121287442744, 0.0775155127048, 0.0268288515508, 0.0115115307271, 0.00449931481853, 0.00406780093908, 0.00647511705756, 0.00754235312343, 0.00743238488212, 0.0253988727927, 0.018554084003, 0.006320013199, 0.00647493079305, 0.00922481529415, 0.0435427464545, 0.0798152908683, 0.0433984138072, 0.0135811055079, 0.0111286928877, 0.0146506261081, 0.0325327068567, 0.065144456923, 0.064264215529, 0.0739290714264, 0.158533066511, 0.111047148705, 0.0334587804973]
    },
    "chords_histogram": [65.6378631592, 25.5144023895, 4.52674913406, 0, 0, 0, 0, 4.32098770142, 0, 0, 0, 0, 0, 0, 0, 0, 0, 0, 0, 0, 0, 0, 0, 0],
    "thpcp": [1, 0.659658849239, 0.179711177945, 0.0736934319139, 0.0424686968327, 0.0457099862397, 0.0693954154849, 0.06667419523, 0.0962892100215, 0.183856755495, 0.161516159773, 0.0950412675738, 0.0830561369658, 0.0924754291773, 0.272778362036, 0.430943608284, 0.279850691557, 0.093882009387, 0.0564643964171, 0.0702255293727, 0.185904875398, 0.359922081232, 0.388914763927, 0.527024030685, 0.771548628807, 0.558086931705, 0.211848735809, 0.114021830261, 0.0812648683786, 0.131712093949, 0.232389584184, 0.215492144227, 0.13628590107, 0.116138018668, 0.185920491815, 0.601050317287],
    "chords_key": "F",
    "chords_scale": "minor",
    "key_key": "F",
    "key_scale": "minor"
}
}