{
"lowlevel": {
    "average_loudness": 0.178075551987,
    "barkbands_crest": {
        "mean": 11.252412796,
        "var": 23.5752391815
    },
    "barkbands_flatness_db": {
        "mean": 0.220887556672,
        "var": 0.00230973470025
    },
    "barkbands_kurtosis": {
        "mean": 5.02405405045,
        "var": 97.1648178101
    },
    "barkbands_skewness": {
        "mean": 1.61680412292,
        "var": 1.35455965996
    },
    "barkbands_spread": {
        "mean": 10.9761247635,
        "var": 28.7924880981
    },
    "dissonance": {
        "mean": 0.437215328217,
        "var": 0.0019491558196
    },
    "dynamic_complexity": 4.83856916428,
    "erbbands_crest": {
        "mean": 11.7972259521,
        "var": 30.0003738403
    },
    "erbbands_flatness_db": {
        "mean": 0.265664577484,
        "var": 0.00161898636725
    },
    "erbbands_kurtosis": {
        "mean": 0.808683335781,
        "var": 12.6120424271
    },
    "erbbands_skewness": {
        "mean": 0.772250175476,
        "var": 0.740733385086
    },
    "erbbands_spread": {
        "mean": 24.6751079559,
        "var": 117.893753052
    },
    "hfc": {
        "mean": 14.184094429,
        "var": 387.833282471
    },
    "melbands_crest": {
        "mean": 14.6578874588,
        "var": 35.5545120239
    },
    "melbands_flatness_db": {
        "mean": 0.270652592182,
        "var": 0.00405752286315
    },
    "melbands_kurtosis": {
        "mean": 10.5903682709,
        "var": 295.87097168
    },
    "melbands_skewness": {
        "mean": 2.20748233795,
        "var": 2.13880944252
    },
    "melbands_spread": {
        "mean": 14.0625658035,
        "var": 61.9754066467
    },
    "pitch_salience": {
        "mean": 0.531647205353,
        "var": 0.0148761607707
    },
    "silence_rate_20dB": {
        "mean": 0.999485075474,
        "var": 0.000514665967785
    },
    "silence_rate_30dB": {
        "mean": 0.985066950321,
        "var": 0.0147100677714
    },
    "silence_rate_60dB": {
        "mean": 0.180741503835,
        "var": 0.148067995906
    },
    "spectral_centroid": {
        "mean": 953.657775879,
        "var": 146603.09375
    },
    "spectral_complexity": {
        "mean": 14.3594236374,
        "var": 66.0984039307
    },
    "spectral_decrease": {
        "mean": -4.9302393279e-009,
        "var": 4.38883272564e-017
    },
    "spectral_energy": {
        "mean": 0.0198943912983,
        "var": 0.000714909518138
    },
    "spectral_energyband_high": {
        "mean": 2.89392974082e-005,
        "var": 1.59656943222e-009
    },
    "spectral_energyband_low": {
        "mean": 0.00115439982619,
        "var": 6.99239672031e-006
    },
    "spectral_energyband_middle_high": {
        "mean": 0.00392829673365,
        "var": 2.23057140829e-005
    },
    "spectral_energyband_middle_low": {
        "mean": 0.015368225053,
        "var": 0.000563696201425
    },
    "spectral_entropy": {
        "mean": 6.79806995392,
        "var": 0.156359583139
    },
    "spectral_flux": {
        "mean": 0.0579914450645,
        "var": 0.00124803755898
    },
    "spectral_kurtosis": {
        "mean": 11.6788749695,
        "var": 52.7641944885
    },
    "spectral_rms": {
        "mean": 0.0038363749627,
        "var": 4.69139877168e-006
    },
    "spectral_rolloff": {
        "mean": 1044.57165527,
        "var": 493254.40625
    },
    "spectral_skewness": {
        "mean": 2.13454985619,
        "var": 0.535595536232
    },
    "spectral_spread": {
        "mean": 2390433.5,
        "var": 1.38025867674e+012
    },
    "spectral_strongpeak": {
        "mean": 1.32608044147,
        "var": 1.88423717022
    },
    "zerocrossingrate": {
        "mean": 0.0393757857382,
        "var": 0.000267145049293
    },
    "barkbands": {
        "mean": [1.82552594197e-005, 9.39126839512e-005, 0.000551927834749, 0.000827369338367, 0.00151426903903, 0.00264122383669, 0.00295413145795, 0.00318521726876, 0.00406163558364, 0.000540046254173, 0.000596436962951, 0.000189682963537, 0.00042504441808, 0.000544957641978, 0.000642222352326, 0.000265545706498, 0.00023561490525, 0.00032901726081, 0.000213772014831, 4.68540056318e-005, 2.9851198633e-006, 3.00708097711e-006, 5.7689580899e-006, 4.28981547884e-006, 1.08791664388e-006, 1.36726242772e-007, 2.18907381111e-009],
        "var": [8.1409723407e-010, 1.22476293996e-007, 2.08489427678e-006, 3.15712213705e-006, 3.63640265277e-006, 2.12860250031e-005, 3.96991526941e-005, 4.88200894324e-005, 0.000289092044113, 1.13029193471e-006, 2.11632163882e-006, 1.67376668969e-007, 1.16086846447e-006, 9.22436697692e-007, 2.58429099631e-006, 4.09882034091e-007, 1.03760434911e-007, 2.51743045965e-007, 1.00737828745e-007, 3.9727034995e-009, 2.20896113901e-011, 2.06542630221e-011, 1.12244775974e-010, 1.3211108596e-010, 1.93355158273e-011, 4.26954831082e-013, 8.32590611987e-016]
    },
    "erbbands": {
        "mean": [0.00226403889246, 0.0296403095126, 0.430277466774, 2.15804171562, 4.08621788025, 4.7268872261, 9.38013648987, 28.6586208344, 46.3435935974, 47.2963562012, 93.0156707764, 76.1579208374, 20.4833087921, 18.8929805756, 19.4563732147, 8.57243251801, 17.7273769379, 30.0799503326, 29.8998451233, 26.0527572632, 11.3842506409, 14.0390729904, 19.0331764221, 14.4597473145, 7.37451219559, 1.78321075439, 0.338094651699, 0.102831505239, 0.0852721184492, 0.162104815245, 0.167936816812, 0.120784938335, 0.0502002984285, 0.0179313067347, 0.00522831827402, 0.0012088707881, 0.000147612940054, 1.26143440866e-005, 1.07577016024e-005, 2.31936501223e-005],
        "var": [7.69020334701e-006, 0.0149171240628, 1.53639900684, 23.5294303894, 31.4858531952, 39.3842277527, 153.818511963, 3423.29272461, 12124.3847656, 7057.37451172, 101405.296875, 73794.859375, 1052.71240234, 2451.2590332, 1517.37158203, 256.079742432, 1734.71618652, 2776.89697266, 2804.57226563, 3977.35766602, 484.735687256, 340.720581055, 843.505187988, 394.076416016, 103.273139954, 4.17762947083, 0.229728132486, 0.0203550290316, 0.0136744081974, 0.0848661735654, 0.0884879827499, 0.0964203849435, 0.0187645107508, 0.00384267605841, 0.000945983920246, 3.86636456824e-005, 4.25972189078e-007, 9.35499055998e-009, 1.96194852031e-010, 9.61205448569e-010]
    },
    "gfcc": {
        "mean": [-105.155479431, 147.755905151, -160.616699219, 9.77965736389, -64.4646759033, -19.9575614929, -54.1185188293, 7.087454319, -7.66189622879, -15.6312789917, 8.69063282013, -18.3458080292, -7.97063207626],
        "cov": [[10227.1669922, -609.19543457, -2814.12402344, -273.95892334, -331.385314941, -251.037246704, -918.350341797, -359.384460449, -71.7165985107, -367.892211914, -222.881729126, -782.512878418, -315.262329102], [-609.19543457, 621.776611328, 271.646240234, 2.58745670319, 72.8514862061, 1.85642063618, 264.787231445, -18.020898819, -69.2012786865, -147.36239624, 21.6450767517, -27.2982139587, -46.5035552979], [-2814.12402344, 271.646240234, 1307.84912109, 396.813690186, 177.253875732, 48.8440742493, 163.68145752, 90.8397293091, -74.4402770996, 23.8722286224, -70.126159668, 194.405609131, -1.97442364693], [-273.95892334, 2.58745670319, 396.813690186, 565.149536133, 157.637283325, -133.376358032, -240.126876831, -53.6077346802, -42.4174880981, -58.1917228699, -37.1684341431, -39.7329444885, -0.957174539566], [-331.385314941, 72.8514862061, 177.253875732, 157.637283325, 205.51109314, 12.8034582138, -35.1424064636, 1.47588956356, -39.3486557007, -10.5271530151, -22.7499599457, 0.376895815134, 15.5025014877], [-251.037246704, 1.85642063618, 48.8440742493, -133.376358032, 12.8034582138, 287.648864746, 179.438674927, 33.9854431152, -3.97700238228, 39.005859375, -35.7440757751, 12.8168420792, -63.3910140991], [-918.350341797, 264.787231445, 163.68145752, -240.126876831, -35.1424064636, 179.438674927, 449.458740234, 103.512199402, -14.488114357, -4.19737434387, 15.576625824, 87.0818862915, -11.0042324066], [-359.384460449, -18.020898819, 90.8397293091, -53.6077346802, 1.47588956356, 33.9854431152, 103.512199402, 129.473358154, 23.0193481445, 32.5584030151, -5.73293447495, 56.1303367615, 32.5563049316], [-71.7165985107, -69.2012786865, -74.4402770996, -42.4174880981, -39.3486557007, -3.97700238228, -14.488114357, 23.0193481445, 180.036712646, 86.0817642212, 73.255241394, 2.18424153328, 19.8057899475], [-367.892211914, -147.36239624, 23.8722286224, -58.1917228699, -10.5271530151, 39.005859375, -4.19737434387, 32.5584030151, 86.0817642212, 168.420516968, 61.6217765808, 70.1081771851, 47.2308120728], [-222.881729126, 21.6450767517, -70.126159668, -37.1684341431, -22.7499599457, -35.7440757751, 15.576625824, -5.73293447495, 73.255241394, 61.6217765808, 154.940811157, 53.545337677, 40.2779159546], [-782.512878418, -27.2982139587, 194.405609131, -39.7329444885, 0.376895815134, 12.8168420792, 87.0818862915, 56.1303367615, 2.18424153328, 70.1081771851, 53.545337677, 177.922775269, 80.5098800659], [-315.262329102, -46.5035552979, -1.97442364693, -0.957174539566, 15.5025014877, -63.3910140991, -11.0042324066, 32.5563049316, 19.8057899475, 47.2308120728, 40.2779159546, 80.5098800659, 158.881958008]],
        "icov": [[0.000541692133993, -0.000528470613062, 0.00141620985232, -0.000513608392794, 0.000496817461681, -0.000165674922755, 0.000899863254745, -0.000499036104884, 0.000217725115363, -9.73127389443e-005, 0.00111968966667, -0.00032715438283, 0.000868400267791], [-0.000528470613062, 0.0067385067232, -0.0034510337282, 0.0021140393801, -0.00323018874042, 0.00231889355928, -0.00532918563113, 0.00341996969655, -0.000257500796579, 0.00491400435567, -0.00507668638602, 0.00453995307907, -0.00137819256634], [0.00141620985232, -0.0034510337282, 0.00670750299469, -0.00419979728758, 0.00164510693867, -0.000606933957897, 0.00202406919561, -0.00221069832332, 0.000324245920638, -0.00293568521738, 0.00618048897013, -0.00534900045022, 0.00402454053983], [-0.000513608392794, 0.0021140393801, -0.00419979728758, 0.00648571411148, -0.00296007562429, 0.00104638468474, 0.00116875395179, 0.00122033967637, -0.00025952651049, 0.00338067463599, -0.00366876716726, 0.00365254143253, -0.00176968518645], [0.000496817461681, -0.00323018874042, 0.00164510693867, -0.00296007562429, 0.00894777104259, -0.00294471275993, 0.00326724792831, -0.00253947428428, 0.00184736039955, -0.00229577091523, 0.00192305247765, -0.000629721209407, -0.000974556081928], [-0.000165674922755, 0.00231889355928, -0.000606933957897, 0.00104638468474, -0.00294471275993, 0.00786553416401, -0.00493740709499, 0.00214748433791, -0.000242736918153, -0.00188207020983, 0.00121806818061, 0.000777932931669, 0.00287901679985], [0.000899863254745, -0.00532918563113, 0.00202406919561, 0.00116875395179, 0.00326724792831, -0.00493740709499, 0.0113047827035, -0.00601701065898, 0.000928071793169, 0.00019195859204, 0.00151056610048, -0.00308811548166, 0.000994260888547], [-0.000499036104884, 0.00341996969655, -0.00221069832332, 0.00122033967637, -0.00253947428428, 0.00214748433791, -0.00601701065898, 0.0141703598201, -0.00295555195771, 0.000977274263278, 0.00104783952702, -0.000297343212878, -0.00226216483861], [0.000217725115363, -0.000257500796579, 0.000324245920638, -0.00025952651049, 0.00184736039955, -0.000242736918153, 0.000928071793169, -0.00295555195771, 0.0101393712685, -0.00444755563512, -0.00387136358768, 0.00386659079231, -0.00016778963618], [-9.73127389443e-005, 0.00491400435567, -0.00293568521738, 0.00338067463599, -0.00229577091523, -0.00188207020983, 0.00019195859204, 0.000977274263278, -0.00444755563512, 0.0167636461556, -0.00616089254618, 0.000511423393618, -0.00261100102216], [0.00111968966667, -0.00507668638602, 0.00618048897013, -0.00366876716726, 0.00192305247765, 0.00121806818061, 0.00151056610048, 0.00104783952702, -0.00387136358768, -0.00616089254618, 0.0176400057971, -0.00893797911704, 0.00335007766262], [-0.00032715438283, 0.00453995307907, -0.00534900045022, 0.00365254143253, -0.000629721209407, 0.000777932931669, -0.00308811548166, -0.000297343212878, 0.00386659079231, 0.000511423393618, -0.00893797911704, 0.0186904948205, -0.00698511349037], [0.000868400267791, -0.00137819256634, 0.00402454053983, -0.00176968518645, -0.000974556081928, 0.00287901679985, 0.000994260888547, -0.00226216483861, -0.00016778963618, -0.00261100102216, 0.00335007766262, -0.00698511349037, 0.012916604057]]
    },
    "melbands": {
        "mean": [2.28212375077e-005, 0.000163606877322, 0.000409479544032, 0.000337601435604, 0.000304382207105, 0.000637631455902, 0.000648032815661, 0.000525695097167, 0.000898485828657, 0.000429416046245, 9.16949211387e-005, 7.48194797779e-005, 6.68095526635e-005, 2.68409821729e-005, 2.71845328825e-005, 4.72453248221e-005, 5.81576823606e-005, 4.31613116234e-005, 5.17363951076e-005, 2.62497960648e-005, 9.07594494493e-006, 1.38363220685e-005, 1.58694092534e-005, 1.67560447153e-005, 1.13290452646e-005, 7.42473821447e-006, 2.99433941109e-006, 7.47862429762e-007, 2.71954831987e-007, 5.9831805288e-008, 5.48093801456e-008, 4.17788115215e-008, 6.75753355495e-008, 9.94329028003e-008, 1.04931388023e-007, 8.26644424023e-008, 6.80186857949e-008, 3.69286965451e-008, 2.28299299465e-008, 1.22334622432e-008],
        "var": [2.60950638875e-009, 2.30237915844e-007, 5.20859885e-007, 2.12156876955e-007, 1.45710700394e-007, 1.39723272241e-006, 2.11816950468e-006, 1.04891921637e-006, 1.22783121697e-005, 2.19922412725e-006, 2.5380385793e-008, 3.75439874745e-008, 1.86347239861e-008, 3.17306736441e-009, 2.75401501604e-009, 1.8287719783e-008, 1.19010508115e-008, 5.56060442136e-009, 2.59795633895e-008, 3.45045703121e-009, 2.4895341344e-010, 3.49387602183e-010, 4.63319771438e-010, 8.81028416888e-010, 2.55840099106e-010, 1.76522699236e-010, 1.78360035075e-011, 1.18550492773e-012, 2.0954071811e-013, 1.10794408248e-014, 6.43997836896e-015, 3.55791192e-015, 1.30291861555e-014, 3.90849292764e-014, 3.72037775207e-014, 2.6589101133e-014, 4.59798655584e-014, 1.19734197261e-014, 4.36305188823e-015, 2.23972557792e-015]
    },
    "mfcc": {
        "mean": [-730.642333984, 166.94102478, -32.4260597229, 12.5850229263, 6.34965419769, -32.8935852051, -21.2359256744, -0.907588899136, -25.2469272614, 11.0061340332, 1.24641561508, -8.4644947052, -2.12031793594],
        "cov": [[9191.24707031, 377.546936035, -2675.77172852, -659.989196777, -110.376052856, -327.076141357, -555.25982666, -301.39151001, -566.551574707, 214.826004028, -113.039665222, -165.834411621, -444.691833496], [377.546936035, 537.630615234, -138.839614868, -113.07636261, -117.800827026, -31.9646930695, 93.1379776001, 65.9939193726, -34.9174995422, -0.72616904974, 50.494304657, -54.1711997986, -39.9962425232], [-2675.77172852, -138.839614868, 1215.94689941, 387.97833252, 82.6536026001, 150.649185181, 179.81640625, 145.904602051, 185.38861084, -126.714279175, -4.68707990646, 57.0372238159, 86.7929916382], [-659.989196777, -113.07636261, 387.97833252, 616.020996094, 359.120544434, -49.0252456665, -51.3684959412, -61.4110069275, -17.6323165894, -97.1258468628, -164.969573975, -42.6161384583, 51.6139602661], [-110.376052856, -117.800827026, 82.6536026001, 359.120544434, 425.525939941, 4.07300710678, -118.673072815, -94.5173568726, -76.0665054321, 0.140876188874, -89.3112258911, -28.6916885376, 19.7026844025], [-327.076141357, -31.9646930695, 150.649185181, -49.0252456665, 4.07300710678, 215.355163574, 78.8188323975, 52.2798080444, 34.8374977112, 13.9030179977, 58.869972229, 40.2154541016, -39.0963821411], [-555.25982666, 93.1379776001, 179.81640625, -51.3684959412, -118.673072815, 78.8188323975, 246.41267395, 130.354721069, 101.195091248, -42.8217544556, 12.8265552521, -2.1636068821, -4.74531173706], [-301.39151001, 65.9939193726, 145.904602051, -61.4110069275, -94.5173568726, 52.2798080444, 130.354721069, 171.095184326, 73.2870788574, -10.9709815979, 42.4843292236, 6.39127588272, -21.5686130524], [-566.551574707, -34.9174995422, 185.38861084, -17.6323165894, -76.0665054321, 34.8374977112, 101.195091248, 73.2870788574, 188.101119995, -12.5661506653, -4.80891275406, 6.88286161423, 16.1133270264], [214.826004028, -0.72616904974, -126.714279175, -97.1258468628, 0.140876188874, 13.9030179977, -42.8217544556, -10.9709815979, -12.5661506653, 140.078674316, 79.3837127686, 14.4407405853, -13.137430191], [-113.039665222, 50.494304657, -4.68707990646, -164.969573975, -89.3112258911, 58.869972229, 12.8265552521, 42.4843292236, -4.80891275406, 79.3837127686, 176.638504028, 52.9822731018, -15.2851371765], [-165.834411621, -54.1711997986, 57.0372238159, -42.6161384583, -28.6916885376, 40.2154541016, -2.1636068821, 6.39127588272, 6.88286161423, 14.4407405853, 52.9822731018, 89.344619751, 24.9935474396], [-444.691833496, -39.9962425232, 86.7929916382, 51.6139602661, 19.7026844025, -39.0963821411, -4.74531173706, -21.5686130524, 16.1133270264, -13.137430191, -15.2851371765, 24.9935474396, 131.338851929]],
        "icov": [[0.00045081062126, -0.000126463346533, 0.000890788272955, -0.000200477137696, 0.000274032034213, -0.000100184050098, 0.000587799295317, -0.000438735209173, 0.000365941377822, -6.78114301991e-005, 0.000634086783975, -0.000384960672818, 0.000951611727942], [-0.000126463346533, 0.00273632328026, 6.00744351686e-005, -0.000161934265634, 0.0003251855087, 0.000608461152297, -0.00146348809358, -0.000338880548952, 0.000918486970477, 0.00040183175588, -0.00164197175764, 0.00202073575929, -0.000195271873963], [0.000890788272955, 6.00744351686e-005, 0.00392992980778, -0.00252744392492, 0.0012574614957, -0.00149595388211, 0.00107146066148, -0.00189586833585, -0.000439929804998, 0.00108831981197, -0.000330544018652, -0.000964556238614, 0.000831918325275], [-0.000200477137696, -0.000161934265634, -0.00252744392492, 0.00680680712685, -0.00485948100686, 0.00241619651206, -0.000719316652976, 0.00083066127263, 0.000260907225311, 0.00106561940629, 0.00232603657059, 4.80009875901e-005, 0.000161966716405], [0.000274032034213, 0.0003251855087, 0.0012574614957, -0.00485948100686, 0.00756982620806, -0.00313078984618, 0.00221578474157, -0.0001733891404, 0.00157308473717, -0.00226376345381, 0.000959950266406, 0.00129684887361, -0.000464881159132], [-0.000100184050098, 0.000608461152297, -0.00149595388211, 0.00241619651206, -0.00313078984618, 0.00888462923467, -0.003563224338, 0.000884897308424, -4.7638623073e-005, -6.14058226347e-005, -0.00127752276603, -0.00305727845989, 0.00344893545844], [0.000587799295317, -0.00146348809358, 0.00107146066148, -0.000719316652976, 0.00221578474157, -0.003563224338, 0.0108494507149, -0.00525133684278, -0.0017200774746, 0.00144693313632, 0.00190695782658, 0.000997925642878, -0.000356539851055], [-0.000438735209173, -0.000338880548952, -0.00189586833585, 0.00083066127263, -0.0001733891404, 0.000884897308424, -0.00525133684278, 0.0123380366713, -0.00183590291999, 0.000173751221155, -0.00255210977048, 0.000375508825528, 0.00133773486596], [0.000365941377822, 0.000918486970477, -0.000439929804998, 0.000260907225311, 0.00157308473717, -4.7638623073e-005, -0.0017200774746, -0.00183590291999, 0.00924581382424, -0.00218783738092, 0.00273390579969, 0.000276283943094, 5.52980873181e-006], [-6.78114301991e-005, 0.00040183175588, 0.00108831981197, 0.00106561940629, -0.00226376345381, -6.14058226347e-005, 0.00144693313632, 0.000173751221155, -0.00218783738092, 0.0128520932049, -0.00669208960608, 0.00140826567076, -0.000335908582201], [0.000634086783975, -0.00164197175764, -0.000330544018652, 0.00232603657059, 0.000959950266406, -0.00127752276603, 0.00190695782658, -0.00255210977048, 0.00273390579969, -0.00669208960608, 0.0151585238054, -0.00606071250513, 0.00198940839618], [-0.000384960672818, 0.00202073575929, -0.000964556238614, 4.80009875901e-005, 0.00129684887361, -0.00305727845989, 0.000997925642878, 0.000375508825528, 0.000276283943094, 0.00140826567076, -0.00606071250513, 0.0189545601606, -0.00528179155663], [0.000951611727942, -0.000195271873963, 0.000831918325275, 0.000161966716405, -0.000464881159132, 0.00344893545844, -0.000356539851055, 0.00133773486596, 5.52980873181e-006, -0.000335908582201, 0.00198940839618, -0.00528179155663, 0.01266858913]]
    },
    "spectral_contrast_coeffs": {
        "mean": [-0.574657678604, -0.672618031502, -0.719765841961, -0.741744995117, -0.706174254417, -0.79910749197],
        "var": [0.0130671476945, 0.00787107646465, 0.00465349759907, 0.00387250655331, 0.00295978528447, 0.00106598215643]
    },
    "spectral_contrast_valleys": {
        "mean": [-8.91784286499, -6.74655866623, -8.23531627655, -8.3144826889, -8.87787914276, -12.1524200439],
        "var": [0.544637441635, 1.61310636997, 1.48329305649, 1.91035199165, 1.59508752823, 1.16637384892]
    }
},
"metadata": {
    "audio_properties": {
        "analysis_sample_rate": 44100,
        "bit_rate": 128074,
        "equal_loudness": 0,
        "length": 45.0612258911,
        "lossless": 0,
        "replay_gain": -2.38809013367,
        "sample_rate": 44100,
        "codec": "mp3",
        "downmix": "mix",
        "md5_encoded": "2754cb948180f7cc662b6cc0896d0954"
    },
    "tags": {
        "file_name": "1131.mp3"
    },
    "version": {
        "essentia": "2.1-beta2",
        "essentia_git_sha": "v2.1_beta2",
        "extractor": "music 1.0"
    }
},
"rhythm": {
    "beats_count": 96,
    "beats_loudness": {
        "mean": 0.0189692564309,
        "var": 0.000394673581468
    },
    "bpm": 161.846359253,
    "bpm_histogram_first_peak_bpm": {
        "mean": 161,
        "var": 0
    },
    "bpm_histogram_first_peak_spread": {
        "mean": 0.176470577717,
        "var": 0
    },
    "bpm_histogram_first_peak_weight": {
        "mean": 0.14736841619,
        "var": 0
    },
    "bpm_histogram_second_peak_bpm": {
        "mean": 126,
        "var": 0
    },
    "bpm_histogram_second_peak_spread": {
        "mean": 0.655172407627,
        "var": 0
    },
    "bpm_histogram_second_peak_weight": {
        "mean": 0.105263158679,
        "var": 0
    },
    "danceability": 0.896961390972,
    "onset_rate": 0.465822577477,
    "beats_loudness_band_ratio": {
        "mean": [0.161708414555, 0.284108608961, 0.4703989923, 0.0813120380044, 0.0678223222494, 0.012192863971],
        "var": [0.0417675487697, 0.0530582778156, 0.0657701343298, 0.00628856197, 0.0029559135437, 0.000249322736636]
    },
    "beats_position": [0.359909296036, 0.731428563595, 1.10294783115, 1.46285712719, 1.83437633514, 2.20589566231, 2.57741498947, 2.94893407822, 3.33206343651, 3.7151927948, 4.09832191467, 4.46984100342, 4.841360569, 5.21287965775, 5.58439922333, 5.95591831207, 6.32743740082, 6.6989569664, 7.07047605515, 7.47682523727, 7.87156438828, 8.27791404724, 8.67265319824, 9.06739234924, 9.47374153137, 9.8800907135, 10.2864398956, 10.6927890778, 11.110748291, 11.5287075043, 12.0047159195, 12.4807252884, 12.9567346573, 13.4443531036, 13.9319725037, 14.4195919037, 14.8956003189, 15.3716096878, 15.8592290878, 16.3352375031, 16.8112468719, 17.2872562408, 17.7632656097, 18.2508831024, 18.7385025024, 19.2261219025, 19.7253513336, 20.2129707336, 20.7121982574, 21.1998176575, 21.6990470886, 22.2911567688, 22.8716545105, 23.4521541595, 24.009431839, 24.5667114258, 25.1239910126, 25.6928787231, 26.2617683411, 26.8190479279, 27.3763256073, 27.9336051941, 28.409614563, 28.8740139008, 29.3384113312, 29.7679805756, 30.1975498199, 30.6271190643, 31.0566883087, 31.4862575531, 31.9042167664, 32.3337860107, 32.7749671936, 33.2161445618, 33.6457138062, 34.0752830505, 34.539680481, 35.0040817261, 35.4568710327, 35.9212684631, 36.3856697083, 36.8500671387, 37.3144645691, 37.7788658142, 38.2432632446, 38.823764801, 39.4042625427, 39.9731521606, 40.5420417786, 41.1109275818, 41.6798171997, 42.2370948792, 42.8175964355, 43.3864860535, 43.9553718567, 44.5242614746]
},
"tonal": {
    "chords_changes_rate": 0.0524691343307,
    "chords_number_rate": 0.0133744860068,
    "chords_strength": {
        "mean": 0.60155659914,
        "var": 0.0118581354618
    },
    "hpcp_entropy": {
        "mean": 1.76612842083,
        "var": 0.372727185488
    },
    "key_strength": 0.657980501652,
    "tuning_diatonic_strength": 0.550429582596,
    "tuning_equal_tempered_deviation": 0.0749019160867,
    "tuning_frequency": 443.060424805,
    "tuning_nontempered_energy_ratio": 0.743234813213,
    "hpcp": {
        "mean": [0.0802595838904, 0.0740264207125, 0.149721741676, 0.170728832483, 0.0795015990734, 0.0338846184313, 0.0293153449893, 0.056837759912, 0.231177195907, 0.310181468725, 0.149138793349, 0.0584571808577, 0.0632466003299, 0.0512957423925, 0.0740509927273, 0.102908588946, 0.113561347127, 0.216946080327, 0.275058418512, 0.155435949564, 0.0580412745476, 0.0434833094478, 0.0877408161759, 0.272920101881, 0.367096781731, 0.202350884676, 0.0581098683178, 0.0293025728315, 0.0526040382683, 0.14149774611, 0.166686609387, 0.14038695395, 0.218066930771, 0.242125988007, 0.140625551343, 0.0912341549993],
        "var": [0.0289826691151, 0.0181942135096, 0.0691106766462, 0.0851347818971, 0.0205664355308, 0.00909569766372, 0.0100142508745, 0.00873481296003, 0.0797322615981, 0.128743290901, 0.0368576198816, 0.0248014330864, 0.0331297926605, 0.0182102266699, 0.0265761762857, 0.0452267676592, 0.0348123162985, 0.0841003954411, 0.124404229224, 0.0524592027068, 0.0157872270793, 0.01368151512, 0.0222090613097, 0.0993501320481, 0.150174945593, 0.0628230199218, 0.0117275044322, 0.00457017123699, 0.00857940223068, 0.0500252880156, 0.0588762164116, 0.0353087000549, 0.0931455418468, 0.1066878438, 0.0489963069558, 0.0243265740573]
    },
    "chords_histogram": [20.4732513428, 9.67078208923, 4.11522626877, 0, 3.70370364189, 0.823045253754, 13.3744859695, 3.39506173134, 1.33744859695, 6.17283964157, 3.90946507454, 2.26337456703, 0, 0, 0, 0, 0, 0, 0, 0, 0, 1.13168728352, 5.65843629837, 23.9711933136],
    "thpcp": [1, 0.551219463348, 0.158295765519, 0.079822473228, 0.143297463655, 0.385450780392, 0.454067200422, 0.382424920797, 0.594031155109, 0.659569919109, 0.383074879646, 0.248528882861, 0.218633309007, 0.201653689146, 0.407853603363, 0.465078532696, 0.216568499804, 0.0923043191433, 0.0798572674394, 0.15483045578, 0.629744529724, 0.844958305359, 0.406265586615, 0.159241884947, 0.172288626432, 0.139733567834, 0.201720625162, 0.280330955982, 0.309349894524, 0.590977907181, 0.749280393124, 0.42341953516, 0.158108919859, 0.11845189333, 0.239012762904, 0.743455469608],
    "chords_key": "F",
    "chords_scale": "minor",
    "key_key": "G#",
    "key_scale": "major"
}
}