{
"lowlevel": {
    "average_loudness": 0.90962767601,
    "barkbands_crest": {
        "mean": 11.4594182968,
        "var": 13.4500923157
    },
    "barkbands_flatness_db": {
        "mean": 0.418570876122,
        "var": 0.00127828319091
    },
    "barkbands_kurtosis": {
        "mean": 1.27869999409,
        "var": 6.00542593002
    },
    "barkbands_skewness": {
        "mean": 0.413169115782,
        "var": 0.581593334675
    },
    "barkbands_spread": {
        "mean": 3.9883749485,
        "var": 3.12304186821
    },
    "dissonance": {
        "mean": 0.315865188837,
        "var": 0.00652606179938
    },
    "dynamic_complexity": 3.44311356544,
    "erbbands_crest": {
        "mean": 15.4597272873,
        "var": 39.0981712341
    },
    "erbbands_flatness_db": {
        "mean": 0.433941304684,
        "var": 0.00131871632766
    },
    "erbbands_kurtosis": {
        "mean": 1.7827630043,
        "var": 10.7934827805
    },
    "erbbands_skewness": {
        "mean": -0.0205338876694,
        "var": 0.956270754337
    },
    "erbbands_spread": {
        "mean": 7.15016937256,
        "var": 9.92540168762
    },
    "hfc": {
        "mean": 9.48497962952,
        "var": 88.7008285522
    },
    "melbands_crest": {
        "mean": 13.6815767288,
        "var": 18.3487472534
    },
    "melbands_flatness_db": {
        "mean": 0.551150798798,
        "var": 0.0019248627359
    },
    "melbands_kurtosis": {
        "mean": 1.34389865398,
        "var": 6.41838645935
    },
    "melbands_skewness": {
        "mean": 0.72677397728,
        "var": 0.566343426704
    },
    "melbands_spread": {
        "mean": 6.46459341049,
        "var": 15.6821775436
    },
    "pitch_salience": {
        "mean": 0.560355007648,
        "var": 0.0118551915511
    },
    "silence_rate_20dB": {
        "mean": 1,
        "var": 0
    },
    "silence_rate_30dB": {
        "mean": 0.995365619659,
        "var": 0.00461292779073
    },
    "silence_rate_60dB": {
        "mean": 0.0803295597434,
        "var": 0.0738779231906
    },
    "spectral_centroid": {
        "mean": 429.719329834,
        "var": 55342.2148438
    },
    "spectral_complexity": {
        "mean": 9.42842388153,
        "var": 5.81646108627
    },
    "spectral_decrease": {
        "mean": -6.0405378477e-009,
        "var": 2.8055114259e-017
    },
    "spectral_energy": {
        "mean": 0.0236586388201,
        "var": 0.000431924301665
    },
    "spectral_energyband_high": {
        "mean": 1.01149893794e-007,
        "var": 7.77500243007e-013
    },
    "spectral_energyband_low": {
        "mean": 0.0024853120558,
        "var": 7.04599187884e-006
    },
    "spectral_energyband_middle_high": {
        "mean": 0.00178408517968,
        "var": 1.33091098178e-005
    },
    "spectral_energyband_middle_low": {
        "mean": 0.0212870426476,
        "var": 0.000376573647372
    },
    "spectral_entropy": {
        "mean": 5.23847150803,
        "var": 0.068149626255
    },
    "spectral_flux": {
        "mean": 0.0399694554508,
        "var": 0.00107415835373
    },
    "spectral_kurtosis": {
        "mean": 240.246627808,
        "var": 6367.640625
    },
    "spectral_rms": {
        "mean": 0.00437588896602,
        "var": 3.93319078285e-006
    },
    "spectral_rolloff": {
        "mean": 594.42364502,
        "var": 196129.90625
    },
    "spectral_skewness": {
        "mean": 12.0158596039,
        "var": 7.09793329239
    },
    "spectral_spread": {
        "mean": 638118.125,
        "var": 1.10598920602e+012
    },
    "spectral_strongpeak": {
        "mean": 1.31657683849,
        "var": 1.54006409645
    },
    "zerocrossingrate": {
        "mean": 0.0208552908152,
        "var": 0.000150625171955
    },
    "barkbands": {
        "mean": [2.18448913074e-005, 0.000628342560958, 0.00115094322246, 0.00217506266199, 0.00486498977989, 0.00477790320292, 0.0029956290964, 0.00253877416253, 0.00149197911378, 0.00261486531235, 0.000106326850073, 0.000191183004063, 4.81085517094e-005, 3.46530869137e-005, 5.93541926719e-006, 7.52458663555e-006, 3.03777528643e-006, 4.40956910097e-007, 9.89020918496e-007, 1.08510917585e-007, 1.63830566891e-008, 8.22951484736e-009, 6.03214145301e-009, 6.23969853564e-009, 7.17759451874e-009, 4.66074911998e-009, 1.28840038638e-009],
        "var": [1.22022614235e-009, 1.6924858528e-006, 2.38696134147e-006, 1.53700439114e-005, 2.89445779345e-005, 4.8177298595e-005, 5.5700133089e-005, 1.38243076435e-005, 2.16202770389e-005, 4.64890836156e-005, 2.76571565649e-008, 1.1514295295e-007, 1.788483317e-008, 5.82954129413e-009, 3.42614825399e-010, 5.1098525411e-010, 1.19507195806e-010, 5.45852512496e-012, 2.75434050567e-011, 5.67913771565e-013, 2.66047932654e-014, 1.44785899714e-014, 1.02957583187e-014, 8.51227708519e-015, 8.85792073778e-015, 5.673549924e-015, 1.78021721853e-016]
    },
    "erbbands": {
        "mean": [0.00453352974728, 0.198173731565, 1.21156132221, 4.1267156601, 14.0769271851, 14.3729276657, 37.5585708618, 28.1474819183, 36.772983551, 61.8552742004, 46.3496170044, 39.6649017334, 102.102638245, 12.1225557327, 6.52340078354, 6.63039779663, 2.86977720261, 2.01401901245, 0.542036771774, 0.413798898458, 0.30547913909, 0.122842013836, 0.0493117198348, 0.0590443871915, 0.0177160855383, 0.00540253147483, 0.00120944273658, 0.000476073648315, 0.000321322324453, 0.000231591853662, 0.000182820032933, 0.000145302299643, 0.000120700009575, 0.000101382182038, 5.94426128373e-005, 3.30938019033e-005, 1.46059001054e-005, 3.31913247464e-006, 1.12660927698e-005, 2.64037716988e-005],
        "var": [8.93225951586e-005, 0.136107042432, 2.05972027779, 28.8312969208, 306.289245605, 298.696075439, 3381.48706055, 1498.77429199, 7359.02392578, 20905.8164063, 6016.62695313, 13768.5292969, 70209.1015625, 588.98059082, 92.6653213501, 121.537399292, 48.9688682556, 15.6581668854, 1.4582400322, 0.761816859245, 0.65385812521, 0.180216819048, 0.0349668562412, 0.0965774282813, 0.00992472283542, 0.00161546911113, 8.03647562861e-005, 2.98308696074e-005, 1.87887617358e-005, 1.30044027173e-005, 7.89040677773e-006, 4.24134668719e-006, 2.20677088691e-006, 1.16223668556e-006, 4.4364693963e-007, 9.25151226738e-008, 2.00393621697e-008, 1.41404421505e-009, 9.91023096919e-011, 5.40128219928e-010]
    },
    "gfcc": {
        "mean": [-228.967758179, 265.838897705, -68.744140625, -76.838104248, -42.651599884, -20.1978034973, -33.4558181763, -13.0808486938, -15.2239131927, -21.2171382904, -10.5180835724, -17.5069084167, -7.19929981232],
        "cov": [[3713.77099609, 550.789672852, -1009.956604, 262.578460693, 688.390136719, -329.644866943, 71.1834487915, 57.243686676, -2.21243286133, -67.889251709, 269.401824951, -87.4310531616, -70.6288986206], [550.789672852, 390.427825928, 28.2355690002, -68.0987548828, 243.395507813, 21.7702350616, -25.2179660797, -10.8497428894, 59.2753181458, -20.725736618, 44.9769554138, -8.88446712494, -6.25662517548], [-1009.956604, 28.2355690002, 705.74029541, -65.9473953247, -215.667312622, 224.165283203, -9.1719045639, -101.397033691, 21.8382644653, 63.7307739258, -37.2116851807, 75.670135498, 25.1790924072], [262.578460693, -68.0987548828, -65.9473953247, 250.34262085, 74.6996078491, -38.8589439392, 55.2339706421, 31.2296867371, -20.7972984314, 47.8395729065, 87.5085678101, 6.89575147629, -44.9177474976], [688.390136719, 243.395507813, -215.667312622, 74.6996078491, 393.41607666, -33.0512084961, -40.8508338928, 46.3658676147, 70.6188964844, -1.57334196568, 65.8380279541, -19.4375591278, -39.6036911011], [-329.644866943, 21.7702350616, 224.165283203, -38.8589439392, -33.0512084961, 199.100234985, 34.9599609375, -44.7031707764, 23.2263317108, 33.0985679626, -32.6492652893, 10.7684516907, 21.9060993195], [71.1834487915, -25.2179660797, -9.1719045639, 55.2339706421, -40.8508338928, 34.9599609375, 167.421951294, 46.9397163391, -37.1900558472, 20.8751354218, 26.4959392548, -29.3949985504, -6.64628076553], [57.243686676, -10.8497428894, -101.397033691, 31.2296867371, 46.3658676147, -44.7031707764, 46.9397163391, 111.839370728, 23.8614501953, -6.0360250473, 2.81889510155, -24.5494365692, -15.341843605], [-2.21243286133, 59.2753181458, 21.8382644653, -20.7972984314, 70.6188964844, 23.2263317108, -37.1900558472, 23.8614501953, 86.4710845947, 23.910030365, -17.4558563232, 1.37365019321, 2.72206258774], [-67.889251709, -20.725736618, 63.7307739258, 47.8395729065, -1.57334196568, 33.0985679626, 20.8751354218, -6.0360250473, 23.910030365, 90.4605636597, 46.5983047485, 11.9267091751, -19.7473297119], [269.401824951, 44.9769554138, -37.2116851807, 87.5085678101, 65.8380279541, -32.6492652893, 26.4959392548, 2.81889510155, -17.4558563232, 46.5983047485, 123.92653656, 35.0463218689, -33.9140777588], [-87.4310531616, -8.88446712494, 75.670135498, 6.89575147629, -19.4375591278, 10.7684516907, -29.3949985504, -24.5494365692, 1.37365019321, 11.9267091751, 35.0463218689, 76.5824737549, 15.5840492249], [-70.6288986206, -6.25662517548, 25.1790924072, -44.9177474976, -39.6036911011, 21.9060993195, -6.64628076553, -15.341843605, 2.72206258774, -19.7473297119, -33.9140777588, 15.5840492249, 67.3484954834]],
        "icov": [[0.00121253775433, -0.00239207898267, 0.00204579206184, -0.00163740420248, 0.000783611030784, 0.000318611040711, -0.000891805044375, 0.00187490286771, -0.00113749096636, 0.000593090255279, -0.000565014663152, -0.000138500603498, -0.000143870580359], [-0.00239207898267, 0.0175441801548, -0.00906117446721, 0.0100461067632, -0.0109802857041, 0.00318559864536, -0.00379562936723, 0.00268419436179, -0.00611805776134, 0.00845398381352, -0.0103436084464, 0.00750978803262, -0.00226733554155], [0.00204579206184, -0.00906117446721, 0.00881650391966, -0.00560851814225, 0.00692244106904, -0.00422422867268, 0.00110721332021, 0.00159627804533, -0.00029523280682, -0.00279861711897, 0.00355074740946, -0.00530480220914, 0.00239135930315], [-0.00163740420248, 0.0100461067632, -0.00560851814225, 0.0124108698219, -0.00781188765541, 0.00290192174725, -0.00328424922191, -0.000294971832773, 0.000397868949221, 0.000574769976083, -0.00561784440652, 0.00235923333094, 0.000439004186774], [0.000783611030784, -0.0109802857041, 0.00692244106904, -0.00781188765541, 0.0142478579655, -0.00590859167278, 0.00586841395125, -0.00325496564619, -0.00241533038206, -0.00075607211329, 0.000711557164323, -0.00158209167421, 0.00274174287915], [0.000318611040711, 0.00318559864536, -0.00422422867268, 0.00290192174725, -0.00590859167278, 0.0142899211496, -0.00908575579524, 0.00803229678422, -0.0046911071986, -0.00078540679533, 0.0028888459783, -0.000587057962548, -0.00149475282524], [-0.000891805044375, -0.00379562936723, 0.00110721332021, -0.00328424922191, 0.00586841395125, -0.00908575579524, 0.0189665239304, -0.0143664488569, 0.012843570672, -0.00658569158986, -0.00136157975066, 0.00526272319257, -0.00324050989002], [0.00187490286771, 0.00268419436179, 0.00159627804533, -0.000294971832773, -0.00325496564619, 0.00803229678422, -0.0143664488569, 0.0259546991438, -0.0191818233579, 0.0108852880076, -0.00472721038386, 0.00205450947396, 0.00250119157135], [-0.00113749096636, -0.00611805776134, -0.00029523280682, 0.000397868949221, -0.00241533038206, -0.0046911071986, 0.012843570672, -0.0191818233579, 0.0407527461648, -0.0246521774679, 0.0188182685524, -0.00803755689412, -0.00192152836826], [0.000593090255279, 0.00845398381352, -0.00279861711897, 0.000574769976083, -0.00075607211329, -0.00078540679533, -0.00658569158986, 0.0108852880076, -0.0246521774679, 0.0351935215294, -0.0235935058445, 0.0107184061781, 0.00143215327989], [-0.000565014663152, -0.0103436084464, 0.00355074740946, -0.00561784440652, 0.000711557164323, 0.0028888459783, -0.00136157975066, -0.00472721038386, 0.0188182685524, -0.0235935058445, 0.0397493615746, -0.023899609223, 0.00950782652944], [-0.000138500603498, 0.00750978803262, -0.00530480220914, 0.00235923333094, -0.00158209167421, -0.000587057962548, 0.00526272319257, 0.00205450947396, -0.00803755689412, 0.0107184061781, -0.023899609223, 0.0329815112054, -0.0118418941274], [-0.000143870580359, -0.00226733554155, 0.00239135930315, 0.000439004186774, 0.00274174287915, -0.00149475282524, -0.00324050989002, 0.00250119157135, -0.00192152836826, 0.00143215327989, 0.00950782652944, -0.0118418941274, 0.0242593102157]]
    },
    "melbands": {
        "mean": [0.000104723352706, 0.000510564190336, 0.00103736959863, 0.00109058921225, 0.00112411240116, 0.000701593817212, 0.000568626215681, 0.000657805241644, 0.000381548597943, 0.000223503244342, 0.000499945308547, 3.50133777829e-005, 1.79367889359e-005, 2.34162362176e-005, 1.04936880234e-005, 3.44839008903e-006, 4.11317660109e-006, 9.52702691848e-007, 3.6638579104e-007, 7.6845321928e-007, 2.6397353281e-007, 1.39978624247e-007, 8.77193073734e-008, 2.19389590939e-008, 5.49208429845e-008, 2.13189341736e-008, 4.59876225989e-009, 3.13141090835e-009, 6.53230469716e-010, 4.44835279723e-010, 2.01259398036e-010, 1.82777279423e-010, 1.41797684705e-010, 1.12287984466e-010, 9.92279730605e-011, 8.91825086002e-011, 7.7413048194e-011, 7.33024752009e-011, 7.73342917482e-011, 7.19807824456e-011],
        "var": [4.95178333892e-008, 3.8855364437e-007, 2.09596805689e-006, 1.57593433414e-006, 2.46704234996e-006, 9.10709957225e-007, 1.79189851224e-006, 1.91820731743e-006, 5.27188262822e-007, 4.29783625577e-007, 1.73475109477e-006, 4.56061233223e-009, 8.43435210562e-010, 1.71868086429e-009, 4.35884661698e-010, 8.03896324508e-011, 7.99224783576e-011, 4.28223775883e-012, 1.08790266292e-012, 4.26152342581e-012, 5.18855954295e-013, 2.95323471624e-013, 1.7151704319e-013, 2.19981198784e-014, 9.02405998234e-014, 2.43998868826e-014, 1.25299498069e-015, 7.56952528561e-016, 2.96650128719e-017, 1.78971642833e-017, 8.82369027688e-018, 6.30683775323e-018, 4.65666040766e-018, 3.72820683194e-018, 2.6651012806e-018, 2.06445007585e-018, 1.4171141415e-018, 1.16053584698e-018, 8.78390433698e-019, 7.86650571996e-019]
    },
    "mfcc": {
        "mean": [-853.404846191, 270.112060547, 52.2177009583, -28.6754322052, -14.54666996, -9.69611740112, -12.3512210846, -7.74284696579, -6.05321741104, -6.45700359344, -5.73745012283, -6.7262134552, -8.5723028183],
        "cov": [[2049.89648438, 996.066589355, -948.275634766, -95.2749404907, 581.17565918, 16.5452728271, -75.4298477173, 118.575065613, -38.8845825195, -87.8359909058, 67.0768585205, 161.522140503, 164.118209839], [996.066589355, 657.796630859, -300.724456787, -102.027420044, 274.637481689, 97.9855499268, -27.1714172363, 40.8453292847, -8.23749160767, -57.1488876343, 16.9053440094, 85.6340408325, 85.4031219482], [-948.275634766, -300.724456787, 677.268310547, 61.8228340149, -292.79385376, 84.1265792847, 91.0387420654, -71.3950119019, 7.13700914383, 36.0629310608, -24.0807170868, -50.2705802917, -54.244808197], [-95.2749404907, -102.027420044, 61.8228340149, 153.63243103, 33.8739624023, -24.2978916168, 28.522069931, 1.30844247341, -34.7498664856, 9.08866024017, 44.5648460388, 42.1250534058, 31.556344986], [581.17565918, 274.637481689, -292.79385376, 33.8739624023, 322.487823486, 74.9273452759, -66.4244308472, 18.1490459442, -6.73358106613, -48.3585166931, 29.1647129059, 102.333976746, 88.0486450195], [16.5452728271, 97.9855499268, 84.1265792847, -24.2978916168, 74.9273452759, 166.055450439, 49.8689537048, -22.2284545898, 3.91012883186, -0.611399948597, 4.71118402481, 35.9884147644, 32.8475761414], [-75.4298477173, -27.1714172363, 91.0387420654, 28.522069931, -66.4244308472, 49.8689537048, 147.339096069, 32.769821167, -31.3326225281, 36.0005912781, 48.7460479736, 7.56207323074, 8.26707077026], [118.575065613, 40.8453292847, -71.3950119019, 1.30844247341, 18.1490459442, -22.2284545898, 32.769821167, 73.0063934326, 26.6510219574, 7.40812683105, 19.9322338104, 5.89529466629, -3.76489853859], [-38.8845825195, -8.23749160767, 7.13700914383, -34.7498664856, -6.73358106613, 3.91012883186, -31.3326225281, 26.6510219574, 97.7942581177, 47.607208252, -24.2754611969, -37.8319969177, -40.0188674927], [-87.8359909058, -57.1488876343, 36.0629310608, 9.08866024017, -48.3585166931, -0.611399948597, 36.0005912781, 7.40812683105, 47.607208252, 104.481185913, 44.6348495483, -38.8316459656, -44.0106010437], [67.0768585205, 16.9053440094, -24.0807170868, 44.5648460388, 29.1647129059, 4.71118402481, 48.7460479736, 19.9322338104, -24.2754611969, 44.6348495483, 97.0434188843, 48.1375274658, 10.2605552673], [161.522140503, 85.6340408325, -50.2705802917, 42.1250534058, 102.333976746, 35.9884147644, 7.56207323074, 5.89529466629, -37.8319969177, -38.8316459656, 48.1375274658, 115.78062439, 92.962600708], [164.118209839, 85.4031219482, -54.244808197, 31.556344986, 88.0486450195, 32.8475761414, 8.26707077026, -3.76489853859, -40.0188674927, -44.0106010437, 10.2605552673, 92.962600708, 127.106826782]],
        "icov": [[0.030195850879, -0.0420340634882, 0.0449221283197, -0.0425422675908, 0.0321001783013, -0.017419250682, -0.00617273105308, 0.0275795850903, -0.0434041768312, 0.0471832901239, -0.0390260629356, 0.0271282121539, -0.0115478569642], [-0.0420340634882, 0.0657303258777, -0.0750127211213, 0.0846629962325, -0.0767540186644, 0.0522041171789, -0.0118212895468, -0.0339405201375, 0.0683657005429, -0.0804737135768, 0.0702629387379, -0.0500519312918, 0.0211142897606], [0.0449221283197, -0.0750127211213, 0.111938990653, -0.139832660556, 0.14925378561, -0.123994767666, 0.0582813471556, 0.022330833599, -0.0883468165994, 0.120308563113, -0.11260201782, 0.0812237784266, -0.0360642485321], [-0.0425422675908, 0.0846629962325, -0.139832660556, 0.206660807133, -0.2303571105, 0.208010271192, -0.129561543465, 0.0176189914346, 0.0820218920708, -0.136772930622, 0.136921048164, -0.106506586075, 0.0471371635795], [0.0321001783013, -0.0767540186644, 0.14925378561, -0.2303571105, 0.291902810335, -0.280382215977, 0.209590643644, -0.0903921499848, -0.022678758949, 0.0958270058036, -0.116850577295, 0.0910400524735, -0.0461584292352], [-0.017419250682, 0.0522041171789, -0.123994767666, 0.208010271192, -0.280382215977, 0.307006537914, -0.266299247742, 0.18481259048, -0.0911295562983, 0.011952733621, 0.0315293185413, -0.0413414537907, 0.0236755236983], [-0.00617273105308, -0.0118212895468, 0.0582813471556, -0.129561543465, 0.209590643644, -0.266299247742, 0.304239779711, -0.293298006058, 0.25386506319, -0.190142095089, 0.117076687515, -0.0611194744706, 0.0174495987594], [0.0275795850903, -0.0339405201375, 0.022330833599, 0.0176189914346, -0.0903921499848, 0.18481259048, -0.293298006058, 0.402447015047, -0.431513309479, 0.396932452917, -0.312146276236, 0.195658326149, -0.0781212821603], [-0.0434041768312, 0.0683657005429, -0.0883468165994, 0.0820218920708, -0.022678758949, -0.0911295562983, 0.25386506319, -0.431513309479, 0.552471637726, -0.54897159338, 0.458491504192, -0.30403393507, 0.131221324205], [0.0471832901239, -0.0804737135768, 0.120308563113, -0.136772930622, 0.0958270058036, 0.011952733621, -0.190142095089, 0.396932452917, -0.54897159338, 0.592598319054, -0.509811997414, 0.351849555969, -0.150731489062], [-0.0390260629356, 0.0702629387379, -0.11260201782, 0.136921048164, -0.116850577295, 0.0315293185413, 0.117076687515, -0.312146276236, 0.458491504192, -0.509811997414, 0.470744729042, -0.331041812897, 0.149014726281], [0.0271282121539, -0.0500519312918, 0.0812237784266, -0.106506586075, 0.0910400524735, -0.0413414537907, -0.0611194744706, 0.195658326149, -0.30403393507, 0.351849555969, -0.331041812897, 0.26260599494, -0.122138492763], [-0.0115478569642, 0.0211142897606, -0.0360642485321, 0.0471371635795, -0.0461584292352, 0.0236755236983, 0.0174495987594, -0.0781212821603, 0.131221324205, -0.150731489062, 0.149014726281, -0.122138492763, 0.0703284293413]]
    },
    "spectral_contrast_coeffs": {
        "mean": [-0.521451413631, -0.680846095085, -0.68284535408, -0.718928694725, -0.78139102459, -0.90040576458],
        "var": [0.00588758615777, 0.00506126927212, 0.00699543999508, 0.00233914144337, 0.00382432271726, 0.000781789654866]
    },
    "spectral_contrast_valleys": {
        "mean": [-8.19170951843, -6.44164896011, -8.20917415619, -10.462802887, -12.4520120621, -14.2091188431],
        "var": [0.912433087826, 0.620194375515, 0.600462317467, 0.827376723289, 0.552827656269, 0.457042664289]
    }
},
"metadata": {
    "audio_properties": {
        "analysis_sample_rate": 44100,
        "bit_rate": 128074,
        "equal_loudness": 0,
        "length": 45.0612258911,
        "lossless": 0,
        "replay_gain": -4.6190032959,
        "sample_rate": 44100,
        "codec": "mp3",
        "downmix": "mix",
        "md5_encoded": "4edd05e0598da8c9137b9ef425aa89fa"
    },
    "tags": {
        "file_name": "1133.mp3"
    },
    "version": {
        "essentia": "2.1-beta2",
        "essentia_git_sha": "v2.1_beta2",
        "extractor": "music 1.0"
    }
},
"rhythm": {
    "beats_count": 80,
    "beats_loudness": {
        "mean": 0.0350174494088,
        "var": 0.000643214443699
    },
    "bpm": 107.635894775,
    "bpm_histogram_first_peak_bpm": {
        "mean": 108,
        "var": 0
    },
    "bpm_histogram_first_peak_spread": {
        "mean": 0.573529422283,
        "var": 0
    },
    "bpm_histogram_first_peak_weight": {
        "mean": 0.367088615894,
        "var": 0
    },
    "bpm_histogram_second_peak_bpm": {
        "mean": 103,
        "var": 0
    },
    "bpm_histogram_second_peak_spread": {
        "mean": 0.272727251053,
        "var": 0
    },
    "bpm_histogram_second_peak_weight": {
        "mean": 0.101265825331,
        "var": 0
    },
    "danceability": 0.948445618153,
    "onset_rate": 2.04074645042,
    "beats_loudness_band_ratio": {
        "mean": [0.236640527844, 0.341062307358, 0.472705364227, 0.0943923816085, 0.000831566401757, 3.90793575207e-005],
        "var": [0.0274150874466, 0.0406518355012, 0.0552509315312, 0.00991901941597, 1.48857293425e-006, 1.55132191537e-008]
    },
    "beats_position": [0.580498874187, 1.14938771725, 1.70666658878, 2.27555561066, 2.83283448219, 3.39011335373, 3.94739222527, 4.51628112793, 5.08516979218, 5.64244890213, 6.21133756638, 6.78022670746, 7.3491153717, 7.94122457504, 8.52172279358, 9.07900238037, 9.63628101349, 10.1935596466, 10.7508392334, 11.2965078354, 11.8421764374, 12.387845993, 12.933514595, 13.4907932281, 14.0480718613, 14.5937414169, 15.1394100189, 15.696688652, 16.2539672852, 16.8112468719, 17.3685264587, 17.9490242004, 18.5295238495, 19.1100215912, 19.667301178, 20.2013607025, 20.7354183197, 21.2810878754, 21.826757431, 22.3956451416, 22.9645347595, 23.5218143463, 24.0790920258, 24.6363716125, 25.2052612305, 25.7973690033, 26.3778686523, 26.9467563629, 27.5156459808, 28.0729255676, 28.6302032471, 29.1874828339, 29.7215423584, 30.2672100067, 30.8128795624, 31.358549118, 31.9042167664, 32.4382743835, 33.0187759399, 33.5876655579, 34.1565513611, 34.725440979, 35.2943305969, 35.8748283386, 36.455329895, 37.059047699, 37.6163253784, 38.1503829956, 38.6844444275, 39.2417221069, 39.7757797241, 40.3214492798, 40.8555107117, 41.4243965149, 41.981678009, 42.5389556885, 43.0962333679, 43.6535148621, 44.1991844177, 44.7564620972]
},
"tonal": {
    "chords_changes_rate": 0.0390946492553,
    "chords_number_rate": 0.00925925932825,
    "chords_strength": {
        "mean": 0.553260624409,
        "var": 0.00910770986229
    },
    "hpcp_entropy": {
        "mean": 1.61073493958,
        "var": 0.356506675482
    },
    "key_strength": 0.654038608074,
    "tuning_diatonic_strength": 0.451073080301,
    "tuning_equal_tempered_deviation": 0.0805513188243,
    "tuning_frequency": 441.272583008,
    "tuning_nontempered_energy_ratio": 0.67594730854,
    "hpcp": {
        "mean": [0.193623229861, 0.0563773140311, 0.0120130181313, 0.0142186069861, 0.00598220946267, 0.0348693579435, 0.0590823851526, 0.0530134178698, 0.233453422785, 0.301229864359, 0.100207567215, 0.0136861102656, 0.0106752626598, 0.0117671815678, 0.0937884747982, 0.131063729525, 0.086539760232, 0.229917868972, 0.292881250381, 0.115626558661, 0.136640354991, 0.196989908814, 0.103881210089, 0.142554283142, 0.14276330173, 0.0328379645944, 0.00348386145197, 0.00228879647329, 0.0205548834056, 0.253892332315, 0.387403607368, 0.178560778499, 0.144014045596, 0.157325476408, 0.0682280659676, 0.168996572495],
        "var": [0.121357440948, 0.0116009525955, 0.00108547892887, 0.00143926870078, 0.000168166137883, 0.0109321307391, 0.0304483249784, 0.00888175331056, 0.0691592246294, 0.107050299644, 0.0130266407505, 0.0012144226348, 0.000668444787152, 0.000584865629207, 0.0261495187879, 0.049167715013, 0.0208630822599, 0.106123171747, 0.171772971749, 0.026139292866, 0.0501359142363, 0.0980820506811, 0.0192875843495, 0.100375294685, 0.10152053833, 0.00574228400365, 0.000135016642162, 8.30987337395e-005, 0.00191590120085, 0.0734700858593, 0.159995958209, 0.0307910516858, 0.0617303177714, 0.0729689374566, 0.00767210964113, 0.0890593826771]
    },
    "chords_histogram": [25.2057609558, 0.514403283596, 0, 4.32098770142, 1.02880656719, 5.24691343307, 19.5473251343, 18.1069965363, 2.77777767181, 3.08641982079, 0, 0, 0, 0.411522626877, 0, 0, 0, 0, 0, 0, 0, 0, 0, 19.7530860901],
    "thpcp": [1, 0.460916668177, 0.371741622686, 0.406102240086, 0.176116243005, 0.436228692532, 0.499797165394, 0.14552603662, 0.0310090500861, 0.0367023088038, 0.015441801399, 0.0900078266859, 0.152508601546, 0.136842861772, 0.602610349655, 0.777560830116, 0.258664518595, 0.0353277809918, 0.0275559201837, 0.0303744766861, 0.242094993591, 0.338313132524, 0.223383978009, 0.593484044075, 0.756010651588, 0.298465371132, 0.352708011866, 0.508487522602, 0.268147259951, 0.367973566055, 0.3685131073, 0.0847642198205, 0.0089928470552, 0.00590804126114, 0.0530580580235, 0.65536904335],
    "chords_key": "C",
    "chords_scale": "minor",
    "key_key": "C",
    "key_scale": "minor"
}
}