{
"lowlevel": {
    "average_loudness": 0.67957085371,
    "barkbands_crest": {
        "mean": 18.3995780945,
        "var": 30.6022453308
    },
    "barkbands_flatness_db": {
        "mean": 0.608698964119,
        "var": 0.0233283732086
    },
    "barkbands_kurtosis": {
        "mean": 62.2591896057,
        "var": 61600.2929688
    },
    "barkbands_skewness": {
        "mean": 1.67815816402,
        "var": 17.9258232117
    },
    "barkbands_spread": {
        "mean": 1.52018845081,
        "var": 7.0045132637
    },
    "dissonance": {
        "mean": 0.26860666275,
        "var": 0.0140374079347
    },
    "dynamic_complexity": 9.53134155273,
    "erbbands_crest": {
        "mean": 18.6694297791,
        "var": 27.4528388977
    },
    "erbbands_flatness_db": {
        "mean": 0.464841276407,
        "var": 0.0136984353885
    },
    "erbbands_kurtosis": {
        "mean": 26.0819549561,
        "var": 958.205322266
    },
    "erbbands_skewness": {
        "mean": 2.04029512405,
        "var": 4.55525970459
    },
    "erbbands_spread": {
        "mean": 5.08557605743,
        "var": 43.3147926331
    },
    "hfc": {
        "mean": 3.6008310318,
        "var": 29.5302066803
    },
    "melbands_crest": {
        "mean": 23.5840682983,
        "var": 46.1017341614
    },
    "melbands_flatness_db": {
        "mean": 0.753549695015,
        "var": 0.0270673185587
    },
    "melbands_kurtosis": {
        "mean": 14.7846708298,
        "var": 844.495361328
    },
    "melbands_skewness": {
        "mean": 1.32955360413,
        "var": 4.16953134537
    },
    "melbands_spread": {
        "mean": 1.85171771049,
        "var": 17.8010673523
    },
    "pitch_salience": {
        "mean": 0.339103728533,
        "var": 0.026558469981
    },
    "silence_rate_20dB": {
        "mean": 1,
        "var": 0
    },
    "silence_rate_30dB": {
        "mean": 0.97991758585,
        "var": 0.0196789354086
    },
    "silence_rate_60dB": {
        "mean": 0.354788869619,
        "var": 0.228913605213
    },
    "spectral_centroid": {
        "mean": 222.886550903,
        "var": 73769.484375
    },
    "spectral_complexity": {
        "mean": 2.35942316055,
        "var": 2.83374428749
    },
    "spectral_decrease": {
        "mean": -4.90352380922e-009,
        "var": 4.59722334475e-017
    },
    "spectral_energy": {
        "mean": 0.0188336223364,
        "var": 0.000679075310472
    },
    "spectral_energyband_high": {
        "mean": 4.99329928516e-007,
        "var": 5.54895669344e-012
    },
    "spectral_energyband_low": {
        "mean": 0.00561146857217,
        "var": 0.00010924142407
    },
    "spectral_energyband_middle_high": {
        "mean": 0.00020555080846,
        "var": 5.07742015543e-007
    },
    "spectral_energyband_middle_low": {
        "mean": 0.0145670166239,
        "var": 0.000562280300073
    },
    "spectral_entropy": {
        "mean": 3.95867776871,
        "var": 1.06899595261
    },
    "spectral_flux": {
        "mean": 0.0326139293611,
        "var": 0.00159953150433
    },
    "spectral_kurtosis": {
        "mean": 233.895355225,
        "var": 73479.984375
    },
    "spectral_rms": {
        "mean": 0.00332963536493,
        "var": 7.2877992352e-006
    },
    "spectral_rolloff": {
        "mean": 245.567993164,
        "var": 217836.8125
    },
    "spectral_skewness": {
        "mean": 12.2615966797,
        "var": 39.4752159119
    },
    "spectral_spread": {
        "mean": 1422087,
        "var": 2.70115117466e+012
    },
    "spectral_strongpeak": {
        "mean": 0.587217152119,
        "var": 0.439517468214
    },
    "zerocrossingrate": {
        "mean": 0.00960646849126,
        "var": 0.000177571884706
    },
    "barkbands": {
        "mean": [2.84618981823e-005, 0.0023054741323, 0.0017323816428, 0.0051232217811, 0.00881784781814, 0.000331527378876, 0.000135042297188, 6.76347044646e-005, 7.94274674263e-005, 8.26505638543e-005, 1.00844408735e-005, 3.52331771865e-005, 8.00023117336e-005, 2.2062545213e-006, 7.03363639332e-007, 4.61266040475e-007, 4.30460517009e-007, 1.49208418065e-007, 1.16295176156e-007, 1.25215038338e-007, 1.30963925926e-007, 6.50805915825e-008, 5.2301590614e-008, 3.47691830882e-008, 9.64968975836e-008, 7.73725474801e-008, 4.48150361265e-009],
        "var": [6.14328854454e-009, 2.0276333089e-005, 2.84714442387e-005, 0.000133436915348, 0.000342450308381, 1.91077015188e-006, 3.39615809253e-007, 1.88382131228e-007, 6.4048680315e-007, 1.45114370298e-007, 3.31871730097e-009, 9.26383236788e-008, 2.25000334808e-007, 6.76175893055e-010, 3.21372581324e-011, 1.28015072501e-011, 9.68721197009e-012, 9.6675044272e-013, 4.96017398162e-013, 3.86699461515e-013, 2.13272094754e-013, 1.80480169655e-013, 5.80743244293e-013, 1.32133778745e-013, 7.14667799766e-013, 1.26215606976e-013, 6.69696276533e-016]
    },
    "erbbands": {
        "mean": [0.0477232150733, 0.599001646042, 2.17628502846, 8.59736537933, 31.3659439087, 28.6839923859, 3.18794822693, 2.94797563553, 2.16095376015, 1.34496057034, 1.94635748863, 1.87726461887, 1.38843929768, 2.80300307274, 0.890471041203, 1.52038598061, 3.98680472374, 0.308071345091, 0.0642014071345, 0.0273505765945, 0.0261660441756, 0.022669814527, 0.0116187585518, 0.0073546548374, 0.00536105223, 0.00662090303376, 0.00510706286877, 0.00442768866196, 0.00245402613655, 0.00167755666189, 0.00150636676699, 0.000777066219598, 0.000612196337897, 0.00115522497799, 0.000603069202043, 0.00054163421737, 0.000103589198261, 9.40574591368e-006, 9.15176860872e-006, 2.05810029001e-005],
        "var": [0.0119316959754, 1.23954546452, 32.7569274902, 371.275604248, 3486.87304688, 4746.81738281, 77.4573669434, 149.593200684, 72.3561172485, 55.0885620117, 188.809143066, 348.064117432, 67.5311889648, 201.262649536, 38.4191741943, 65.1105804443, 552.970458984, 3.60102820396, 0.279949814081, 0.0386057235301, 0.0412162616849, 0.0284591466188, 0.00465909671038, 0.00218541151844, 0.000913264870178, 0.00108852423728, 0.000375327304937, 0.000257402571151, 0.000238000473473, 0.00064975587884, 0.000320019666106, 7.39327078918e-005, 3.90329732909e-005, 0.000103753700387, 2.24113009608e-005, 7.7374797911e-006, 3.08936904503e-007, 1.32806576847e-009, 1.53073928533e-010, 8.10799594131e-010]
    },
    "gfcc": {
        "mean": [-415.202880859, 193.566574097, 28.956905365, 23.2844715118, -12.0820293427, -0.48393368721, -22.1876316071, -25.4634532928, -27.8360958099, -14.3687200546, -9.61277770996, -12.5575857162, -8.41085147858],
        "cov": [[21256.1953125, 2015.66882324, -4964.22363281, -2726.31469727, -1773.32275391, -646.606018066, -281.125183105, -618.485839844, -781.043518066, -175.72467041, -87.1478424072, 301.67010498, 413.545410156], [2015.66882324, 1382.14624023, 42.5854721069, -541.041809082, -7.55556201935, -274.999267578, -140.585800171, -439.627349854, -56.2559547424, -244.540237427, 100.508728027, -120.398841858, 79.2884063721], [-4964.22363281, 42.5854721069, 2885.37011719, 1215.18249512, 980.183166504, -104.234970093, -191.722503662, -277.103881836, -48.2576980591, -293.035888672, -38.0686340332, -299.342651367, 20.1427497864], [-2726.31469727, -541.041809082, 1215.18249512, 991.610229492, 622.360961914, 132.330993652, 5.09788799286, 51.7692146301, 40.1480407715, -76.3287963867, -36.5681724548, -99.2731170654, -14.06153965], [-1773.32275391, -7.55556201935, 980.183166504, 622.360961914, 1001.29406738, 324.203918457, -7.59750366211, -241.013763428, -76.8724060059, -91.245475769, 188.147735596, -82.786605835, 3.88793754578], [-646.606018066, -274.999267578, -104.234970093, 132.330993652, 324.203918457, 555.474487305, 332.091796875, 215.709197998, 95.7361831665, 130.478485107, 131.720352173, 95.4310455322, -20.7459392548], [-281.125183105, -140.585800171, -191.722503662, 5.09788799286, -7.59750366211, 332.091796875, 504.169006348, 452.718505859, 216.687759399, 144.002349854, -42.1058120728, 102.552680969, 89.1720352173], [-618.485839844, -439.627349854, -277.103881836, 51.7692146301, -241.013763428, 215.709197998, 452.718505859, 766.940490723, 338.520568848, 243.502609253, -122.736480713, 115.041137695, 97.6269378662], [-781.043518066, -56.2559547424, -48.2576980591, 40.1480407715, -76.8724060059, 95.7361831665, 216.687759399, 338.520568848, 340.900238037, 104.633781433, 3.00693321228, 36.0193328857, 14.260430336], [-175.72467041, -244.540237427, -293.035888672, -76.3287963867, -91.245475769, 130.478485107, 144.002349854, 243.502609253, 104.633781433, 305.640075684, 91.9150238037, 143.609436035, 9.83264350891], [-87.1478424072, 100.508728027, -38.0686340332, -36.5681724548, 188.147735596, 131.720352173, -42.1058120728, -122.736480713, 3.00693321228, 91.9150238037, 262.203582764, 75.2177581787, -47.6173591614], [301.67010498, -120.398841858, -299.342651367, -99.2731170654, -82.786605835, 95.4310455322, 102.552680969, 115.041137695, 36.0193328857, 143.609436035, 75.2177581787, 184.942092896, 61.9085845947], [413.545410156, 79.2884063721, 20.1427497864, -14.06153965, 3.88793754578, -20.7459392548, 89.1720352173, 97.6269378662, 14.260430336, 9.83264350891, -47.6173591614, 61.9085845947, 187.170669556]],
        "icov": [[0.000161280084285, -0.000358970864909, 0.000373059010599, -0.000305886671413, 0.000147018305142, -7.76682791184e-005, 0.000116358089144, -9.04900152818e-005, 0.000480177957797, -5.62101058676e-006, 3.54010444426e-005, 4.75343040307e-005, -0.00033030792838], [-0.000358970864909, 0.00434457417578, -0.00144467165228, 0.00385818490759, -0.00118173111696, 0.00243155914359, -0.00283960485831, 0.00183933775406, -0.0025248657912, 0.00201367703266, -0.00305756158195, 0.00243766070344, -0.00141201214865], [0.000373059010599, -0.00144467165228, 0.00203406251967, -0.00233184662648, 4.72628707939e-005, 0.000278017134406, 0.00021850070334, -0.000258278450929, 0.00129791942891, -0.000330578302965, 0.000174038883415, 0.000603992026299, -0.00078292604303], [-0.000305886671413, 0.00385818490759, -0.00233184662648, 0.00724820327014, -0.0034031632822, 0.00209277356043, -0.00106971815694, -7.1098736953e-005, -0.00251664058305, 0.00211647339165, -0.000261730543571, -0.00013502096408, 0.000744941586163], [0.000147018305142, -0.00118173111696, 4.72628707939e-005, -0.0034031632822, 0.00579333491623, -0.00410685967654, 0.000692689558491, 0.00164053216577, 0.00101992802229, -0.000793625891674, -0.00246587116271, 0.00315883592702, -0.0035543970298], [-7.76682791184e-005, 0.00243155914359, 0.000278017134406, 0.00209277356043, -0.00410685967654, 0.00974368397146, -0.00686740456149, -0.000574788777158, 0.000591084477492, 0.00219392962754, -0.00398790184408, -0.00063197518466, 0.00303993676789], [0.000116358089144, -0.00283960485831, 0.00021850070334, -0.00106971815694, 0.000692689558491, -0.00686740456149, 0.0109743690118, -0.00364261027426, -0.000605051813181, -0.0013743735617, 0.00516161089763, -0.00284079322591, -0.000891030183993], [-9.04900152818e-005, 0.00183933775406, -0.000258278450929, -7.1098736953e-005, 0.00164053216577, -0.000574788777158, -0.00364261027426, 0.00807265657932, -0.00439592404291, -0.00274925585836, 0.00126621010713, 0.0024441499263, -0.00313674332574], [0.000480177957797, -0.0025248657912, 0.00129791942891, -0.00251664058305, 0.00101992802229, 0.000591084477492, -0.000605051813181, -0.00439592404291, 0.00878956727684, 0.000240109817241, -0.00230865273625, 0.000268055009656, 0.000947084161453], [-5.62101058676e-006, 0.00201367703266, -0.000330578302965, 0.00211647339165, -0.000793625891674, 0.00219392962754, -0.0013743735617, -0.00274925585836, 0.000240109817241, 0.00940794218332, -0.00493698194623, -0.00271687144414, 0.000832520250697], [3.54010444426e-005, -0.00305756158195, 0.000174038883415, -0.000261730543571, -0.00246587116271, -0.00398790184408, 0.00516161089763, 0.00126621010713, -0.00230865273625, -0.00493698194623, 0.0150550398976, -0.00797267444432, 0.0045706643723], [4.75343040307e-005, 0.00243766070344, 0.000603992026299, -0.00013502096408, 0.00315883592702, -0.00063197518466, -0.00284079322591, 0.0024441499263, 0.000268055009656, -0.00271687144414, -0.00797267444432, 0.0179693698883, -0.00911944638938], [-0.00033030792838, -0.00141201214865, -0.00078292604303, 0.000744941586163, -0.0035543970298, 0.00303993676789, -0.000891030183993, -0.00313674332574, 0.000947084161453, 0.000832520250697, 0.0045706643723, -0.00911944638938, 0.0133455386385]]
    },
    "melbands": {
        "mean": [0.000541007902939, 0.00098878913559, 0.00219283625484, 0.00257972092368, 0.000209550140426, 6.42721352051e-005, 3.17690974043e-005, 1.33543462653e-005, 1.68284350366e-005, 1.09604070531e-005, 6.83790813127e-006, 1.20857948787e-005, 1.99178907678e-006, 4.64442928205e-006, 7.8536431829e-006, 5.10553263666e-006, 2.47498348926e-007, 9.70712648041e-008, 4.63965257325e-008, 2.94455126948e-008, 2.9920332878e-008, 2.26650147539e-008, 1.84903399258e-008, 7.10034830931e-009, 5.80561465569e-009, 4.00817024016e-009, 4.43132819328e-009, 4.01874711287e-009, 2.47786302587e-009, 3.59205798439e-009, 2.62947308372e-009, 1.5537463538e-009, 8.98418395234e-010, 9.15775288934e-010, 1.03719299815e-009, 4.94638885407e-010, 4.42190423167e-010, 3.99035804399e-010, 4.31571278714e-010, 1.31729127606e-009],
        "var": [1.25763733649e-006, 4.8411015996e-006, 2.04290827241e-005, 2.69142346951e-005, 2.69177832024e-007, 7.18787731557e-008, 1.6799697633e-008, 5.66909852395e-009, 1.62870996689e-008, 1.31652599933e-008, 1.53491841459e-009, 3.85068865683e-009, 1.29698252138e-010, 1.77726444672e-009, 1.97434579796e-009, 8.88577822433e-010, 8.34106221592e-012, 9.2995955988e-013, 1.26246045952e-013, 5.33613816111e-014, 5.745809373e-014, 3.62289916762e-014, 1.25041815823e-014, 2.27368566988e-015, 1.4762347491e-015, 6.17604279672e-016, 5.9460537639e-016, 3.99524900671e-016, 9.60037928853e-017, 2.27303303099e-016, 1.27032522185e-016, 9.1202968959e-017, 7.07850875642e-017, 3.0853018932e-016, 1.57089459848e-016, 3.10982157797e-017, 2.97322990516e-017, 1.73221132846e-017, 2.94693482611e-017, 1.38816881298e-016]
    },
    "mfcc": {
        "mean": [-1000.00030518, 152.093322754, 93.6394271851, 58.7812614441, 37.7629623413, 27.937292099, 16.6086120605, 3.39288926125, -5.31161499023, -9.76783943176, -7.86126899719, -5.76038551331, -8.44187068939],
        "cov": [[5897.6953125, 3513.37817383, -744.294616699, -1390.66271973, -1387.27416992, -757.288879395, -427.876617432, -363.907318115, -298.175109863, -323.025512695, -93.4443206787, 112.653083801, 50.9502601624], [3513.37817383, 2793.60302734, 228.913452148, -578.976257324, -685.74230957, -418.095153809, -314.822875977, -372.089263916, -394.181762695, -366.574768066, -158.011016846, 1.4273045063, -74.288848877], [-744.294616699, 228.913452148, 1057.8918457, 760.550537109, 508.554931641, 215.489303589, 20.6236476898, -126.500663757, -191.744140625, -168.969726563, -167.704040527, -195.287277222, -176.644729614], [-1390.66271973, -578.976257324, 760.550537109, 963.959228516, 799.701721191, 416.767120361, 159.133117676, -3.37381911278, -74.5072937012, -66.7703323364, -127.549339294, -204.1612854, -172.454315186], [-1387.27416992, -685.74230957, 508.554931641, 799.701721191, 876.528930664, 565.600097656, 269.940124512, 32.1986236572, -117.802597046, -79.0557250977, -58.0253219604, -109.559539795, -134.820785522], [-757.288879395, -418.095153809, 215.489303589, 416.767120361, 565.600097656, 506.619110107, 320.839172363, 102.535552979, -57.9536819458, -59.4344329834, -3.38591003418, 0.997213542461, -39.482334137], [-427.876617432, -314.822875977, 20.6236476898, 159.133117676, 269.940124512, 320.839172363, 317.407165527, 211.150085449, 111.994674683, 55.395690918, 30.4799594879, 34.6061058044, 59.3162078857], [-363.907318115, -372.089263916, -126.500663757, -3.37381911278, 32.1986236572, 102.535552979, 211.150085449, 339.941223145, 353.152679443, 229.428268433, 56.567943573, 16.5807266235, 137.549362183], [-298.175109863, -394.181762695, -191.744140625, -74.5072937012, -117.802597046, -57.9536819458, 111.994674683, 353.152679443, 512.424377441, 357.343048096, 69.3474807739, -22.7764377594, 162.916183472], [-323.025512695, -366.574768066, -168.969726563, -66.7703323364, -79.0557250977, -59.4344329834, 55.395690918, 229.428268433, 357.343048096, 331.952148438, 140.51625061, 40.4627914429, 132.6769104], [-93.4443206787, -158.011016846, -167.704040527, -127.549339294, -58.0253219604, -3.38591003418, 30.4799594879, 56.567943573, 69.3474807739, 140.51625061, 203.845474243, 184.752960205, 106.716316223], [112.653083801, 1.4273045063, -195.287277222, -204.1612854, -109.559539795, 0.997213542461, 34.6061058044, 16.5807266235, -22.7764377594, 40.4627914429, 184.752960205, 264.239013672, 146.752563477], [50.9502601624, -74.288848877, -176.644729614, -172.454315186, -134.820785522, -39.482334137, 59.3162078857, 137.549362183, 162.916183472, 132.6769104, 106.716316223, 146.752563477, 213.792160034]],
        "icov": [[0.00395857542753, -0.00586970942095, 0.00659914081916, -0.00576245551929, 0.00460544507951, -0.0021032767836, -0.000330130598741, 0.000901783118024, -0.000439501454821, 0.00212776451372, -0.00380187667906, 0.00411304924637, -0.00206262455322], [-0.00586970942095, 0.00955568999052, -0.0107733756304, 0.00957573577762, -0.0061520813033, 0.00264435634017, 0.000374316761736, -0.000854004989378, 0.000693281763233, -0.00295511912555, 0.00600604480132, -0.00605606008321, 0.00306106475182], [0.00659914081916, -0.0107733756304, 0.0152805550024, -0.0152203906327, 0.00979740917683, -0.00374850002117, -0.000312286079861, 0.000524520874023, 0.000888785754796, 0.00343466200866, -0.00711790146306, 0.00780288875103, -0.00434481212869], [-0.00576245551929, 0.00957573577762, -0.0152203906327, 0.0230510625988, -0.019857050851, 0.00923263654113, -0.00149467913434, 0.0019493837608, -0.00461818650365, -0.00199853722006, 0.00844883453101, -0.0080932257697, 0.00515986001119], [0.00460544507951, -0.0061520813033, 0.00979740917683, -0.019857050851, 0.030124982819, -0.0242590922862, 0.00817602034658, -0.00255271838978, 0.00837269052863, -0.00360219809227, -0.00617605540901, 0.0101862959564, -0.00532071944326], [-0.0021032767836, 0.00264435634017, -0.00374850002117, 0.00923263654113, -0.0242590922862, 0.0369204357266, -0.0233459603041, 0.00333322701044, -0.00474216323346, 0.00703713484108, -0.000109294087451, -0.00650821905583, 0.00539178261533], [-0.000330130598741, 0.000374316761736, -0.000312286079861, -0.00149467913434, 0.00817602034658, -0.0233459603041, 0.0297055952251, -0.0159034542739, 0.00581205496565, -0.00238629127853, 0.00106310495175, 0.000834583071992, -0.0024718795903], [0.000901783118024, -0.000854004989378, 0.000524520874023, 0.0019493837608, -0.00255271838978, 0.00333322701044, -0.0159034542739, 0.0317831933498, -0.0213609598577, 0.00500381644815, 5.2636332839e-005, -0.00126929965336, -0.00151888572145], [-0.000439501454821, 0.000693281763233, 0.000888785754796, -0.00461818650365, 0.00837269052863, -0.00474216323346, 0.00581205496565, -0.0213609598577, 0.0353256762028, -0.0276392381638, 0.0131891034544, 0.00123321847059, -0.00330703915097], [0.00212776451372, -0.00295511912555, 0.00343466200866, -0.00199853722006, -0.00360219809227, 0.00703713484108, -0.00238629127853, 0.00500381644815, -0.0276392381638, 0.0470636188984, -0.0399234965444, 0.0201908499002, -0.00591399613768], [-0.00380187667906, 0.00600604480132, -0.00711790146306, 0.00844883453101, -0.00617605540901, -0.000109294087451, 0.00106310495175, 5.2636332839e-005, 0.0131891034544, -0.0399234965444, 0.0583459585905, -0.0407567583025, 0.0132615352049], [0.00411304924637, -0.00605606008321, 0.00780288875103, -0.0080932257697, 0.0101862959564, -0.00650821905583, 0.000834583071992, -0.00126929965336, 0.00123321847059, 0.0201908499002, -0.0407567583025, 0.0420546382666, -0.0193522777408], [-0.00206262455322, 0.00306106475182, -0.00434481212869, 0.00515986001119, -0.00532071944326, 0.00539178261533, -0.0024718795903, -0.00151888572145, -0.00330703915097, -0.00591399613768, 0.0132615352049, -0.0193522777408, 0.0189629122615]]
    },
    "spectral_contrast_coeffs": {
        "mean": [-0.532396614552, -0.72981274128, -0.836612462997, -0.85089224577, -0.899930119514, -0.898457169533],
        "var": [0.0159858968109, 0.0101233627647, 0.0117439394817, 0.0104986177757, 0.00186210824177, 0.00343819963746]
    },
    "spectral_contrast_valleys": {
        "mean": [-8.87560749054, -10.3759622574, -11.8023471832, -12.7210054398, -13.2218513489, -14.7519540787],
        "var": [2.22341322899, 3.56240820885, 3.63013982773, 3.07187771797, 2.40588355064, 1.67293763161]
    }
},
"metadata": {
    "audio_properties": {
        "analysis_sample_rate": 44100,
        "bit_rate": 128074,
        "equal_loudness": 0,
        "length": 45.0612258911,
        "lossless": 0,
        "replay_gain": -4.9435710907,
        "sample_rate": 44100,
        "codec": "mp3",
        "downmix": "mix",
        "md5_encoded": "641ca2f41fcda8c74bd8ae764e0190aa"
    },
    "tags": {
        "file_name": "1134.mp3"
    },
    "version": {
        "essentia": "2.1-beta2",
        "essentia_git_sha": "v2.1_beta2",
        "extractor": "music 1.0"
    }
},
"rhythm": {
    "beats_count": 90,
    "beats_loudness": {
        "mean": 0.0262349043041,
        "var": 0.00111905508675
    },
    "bpm": 115.622428894,
    "bpm_histogram_first_peak_bpm": {
        "mean": 115,
        "var": 0
    },
    "bpm_histogram_first_peak_spread": {
        "mean": 0.569230794907,
        "var": 0
    },
    "bpm_histogram_first_peak_weight": {
        "mean": 0.314606755972,
        "var": 0
    },
    "bpm_histogram_second_peak_bpm": {
        "mean": 120,
        "var": 0
    },
    "bpm_histogram_second_peak_spread": {
        "mean": 0.16666662693,
        "var": 0
    },
    "bpm_histogram_second_peak_weight": {
        "mean": 0.0561797767878,
        "var": 0
    },
    "danceability": 0.943341195583,
    "onset_rate": 2.6396613121,
    "beats_loudness_band_ratio": {
        "mean": [0.790703237057, 0.231252864003, 0.0381647907197, 0.0090239662677, 8.89899529284e-005, 7.00344680808e-005],
        "var": [0.0757173895836, 0.0937048196793, 0.016863623634, 0.000671228161082, 1.4891421074e-007, 6.71098021598e-008]
    },
    "beats_position": [0.49922901392, 1.03328800201, 1.55573689938, 2.07818579674, 2.60063481331, 3.13469386101, 3.66875267029, 4.17959165573, 4.7020406723, 5.22448968887, 5.73532867432, 6.25777769089, 6.76861667633, 7.27945566177, 7.80190467834, 8.31274318695, 8.82358264923, 9.2067117691, 9.58984088898, 9.97297000885, 10.3560991287, 10.7508392334, 11.1455783844, 11.5403175354, 11.9350566864, 12.3297958374, 12.7361450195, 13.1541042328, 13.5604534149, 13.9784126282, 14.3963718414, 14.8143310547, 15.2322902679, 15.6618595123, 16.0914287567, 16.6254863739, 17.1363258362, 17.6471652985, 18.1463947296, 18.6456241608, 19.1564617157, 19.667301178, 20.1781406403, 20.7005901337, 21.2230377197, 21.7454872131, 22.2679367065, 22.7903842926, 23.312833786, 23.8120632172, 24.3345127106, 24.8453502655, 25.3445796967, 25.8438091278, 26.3546485901, 26.8770961761, 27.3995456696, 27.9336051941, 28.4676647186, 29.0017223358, 29.5357818604, 30.0466213226, 30.5574588776, 31.079908371, 31.5907478333, 32.1131973267, 32.6356468201, 33.1580963135, 33.6689338684, 34.1797714233, 34.6673927307, 35.1782302856, 35.7006797791, 36.211517334, 36.7339668274, 37.2680282593, 37.7788658142, 38.2897033691, 38.8005447388, 39.3113822937, 39.8338317871, 40.3562812805, 40.8787307739, 41.3895683289, 41.9120178223, 42.4228553772, 42.9453048706, 43.4561424255, 43.9785919189, 44.4894332886]
},
"tonal": {
    "chords_changes_rate": 0.0462962947786,
    "chords_number_rate": 0.00514403311536,
    "chords_strength": {
        "mean": 0.540310740471,
        "var": 0.0144446892664
    },
    "hpcp_entropy": {
        "mean": 1.54109692574,
        "var": 0.59494805336
    },
    "key_strength": 0.76764023304,
    "tuning_diatonic_strength": 0.611343741417,
    "tuning_equal_tempered_deviation": 0.0686743929982,
    "tuning_frequency": 439.238189697,
    "tuning_nontempered_energy_ratio": 0.640830457211,
    "hpcp": {
        "mean": [0.552883863449, 0.28614076972, 0.0328211188316, 0.0132334092632, 0.0139987720177, 0.011942544952, 0.0081613631919, 0.00651591923088, 0.0060226675123, 0.00675411615521, 0.00704152463004, 0.00828216411173, 0.0109491432086, 0.0104026924819, 0.0254837479442, 0.0609928779304, 0.0525282025337, 0.0187349114567, 0.0127867199481, 0.0202606189996, 0.24037052691, 0.463207304478, 0.286968171597, 0.0698851272464, 0.0301421694458, 0.0194768290967, 0.0862680077553, 0.150084868073, 0.0827987864614, 0.0237110015005, 0.029839809984, 0.0209096539766, 0.00878855586052, 0.0147508783266, 0.061192214489, 0.34376052022],
        "var": [0.170511305332, 0.0692677125335, 0.00965242553502, 0.00516144931316, 0.00796642620116, 0.00721714785323, 0.00315761845559, 0.00187922408804, 0.00188423716463, 0.00292382179759, 0.00283225532621, 0.00209838314913, 0.00309033202939, 0.00333342445083, 0.00821010395885, 0.0340022146702, 0.0258981604129, 0.00628733215854, 0.0056120720692, 0.00490061938763, 0.0673285797238, 0.194516912103, 0.0832138881087, 0.0241228248924, 0.0130926789716, 0.00833466090262, 0.0373688973486, 0.115735515952, 0.0349542796612, 0.0114159230143, 0.017360880971, 0.00988718960434, 0.00149277877063, 0.00402976339683, 0.0210620220751, 0.0889681577682]
    },
    "chords_histogram": [52.5720176697, 0, 0, 0, 0, 0, 0, 0, 0, 0, 0, 0, 0, 0, 0, 0.102880656719, 1.85185182095, 26.851852417, 2.98353910446, 0.823045253754, 0, 0, 13.9917697906, 0.823045253754],
    "thpcp": [1, 0.517542243004, 0.0593634955585, 0.0239352416247, 0.025319552049, 0.021600458771, 0.0147614423186, 0.0117853311822, 0.0108931874856, 0.0122161572799, 0.0127359926701, 0.0149799343199, 0.0198036953807, 0.018815331161, 0.0460924059153, 0.110317699611, 0.0950076580048, 0.0338857993484, 0.0231273155659, 0.0366453416646, 0.434757709503, 0.837802171707, 0.519038796425, 0.126401096582, 0.0545180849731, 0.0352277047932, 0.156032785773, 0.271458208561, 0.149758011103, 0.0428860448301, 0.053971208632, 0.0378192514181, 0.0158958435059, 0.026679886505, 0.110678240657, 0.62175899744],
    "chords_key": "A",
    "chords_scale": "major",
    "key_key": "A",
    "key_scale": "major"
}
}