{
"lowlevel": {
    "average_loudness": 0.281579583883,
    "barkbands_crest": {
        "mean": 12.0161819458,
        "var": 16.5460090637
    },
    "barkbands_flatness_db": {
        "mean": 0.479333460331,
        "var": 0.00158457434736
    },
    "barkbands_kurtosis": {
        "mean": 2.09738469124,
        "var": 11.8083600998
    },
    "barkbands_skewness": {
        "mean": 0.893082976341,
        "var": 0.829535663128
    },
    "barkbands_spread": {
        "mean": 3.60996603966,
        "var": 3.71242403984
    },
    "dissonance": {
        "mean": 0.349411189556,
        "var": 0.0104840779677
    },
    "dynamic_complexity": 6.13854694366,
    "erbbands_crest": {
        "mean": 12.0290794373,
        "var": 19.6246395111
    },
    "erbbands_flatness_db": {
        "mean": 0.447893470526,
        "var": 0.00182563567068
    },
    "erbbands_kurtosis": {
        "mean": 0.924534022808,
        "var": 24.8477210999
    },
    "erbbands_skewness": {
        "mean": 0.233237087727,
        "var": 0.435896605253
    },
    "erbbands_spread": {
        "mean": 8.8370218277,
        "var": 17.9068260193
    },
    "hfc": {
        "mean": 6.0246424675,
        "var": 63.7822608948
    },
    "melbands_crest": {
        "mean": 17.0300922394,
        "var": 37.9132118225
    },
    "melbands_flatness_db": {
        "mean": 0.641000449657,
        "var": 0.0023453021422
    },
    "melbands_kurtosis": {
        "mean": 4.11103057861,
        "var": 38.2912445068
    },
    "melbands_skewness": {
        "mean": 1.4394043684,
        "var": 1.20995426178
    },
    "melbands_spread": {
        "mean": 4.74014568329,
        "var": 15.5314903259
    },
    "pitch_salience": {
        "mean": 0.546461045742,
        "var": 0.0169427357614
    },
    "silence_rate_20dB": {
        "mean": 1,
        "var": 0
    },
    "silence_rate_30dB": {
        "mean": 0.980947494507,
        "var": 0.0186894591898
    },
    "silence_rate_60dB": {
        "mean": 0.27548918128,
        "var": 0.199595063925
    },
    "spectral_centroid": {
        "mean": 338.859619141,
        "var": 61454.546875
    },
    "spectral_complexity": {
        "mean": 7.65756940842,
        "var": 11.9615058899
    },
    "spectral_decrease": {
        "mean": -5.41599831649e-009,
        "var": 4.77701237437e-017
    },
    "spectral_energy": {
        "mean": 0.0209877043962,
        "var": 0.000716590962838
    },
    "spectral_energyband_high": {
        "mean": 1.24341168473e-008,
        "var": 4.48669421928e-014
    },
    "spectral_energyband_low": {
        "mean": 0.00872707273811,
        "var": 0.000211813065107
    },
    "spectral_energyband_middle_high": {
        "mean": 0.000620986742433,
        "var": 1.64456696439e-006
    },
    "spectral_energyband_middle_low": {
        "mean": 0.0126692205667,
        "var": 0.000279623491224
    },
    "spectral_entropy": {
        "mean": 5.10114240646,
        "var": 0.0858664959669
    },
    "spectral_flux": {
        "mean": 0.0256276819855,
        "var": 0.000776412547566
    },
    "spectral_kurtosis": {
        "mean": 346.664855957,
        "var": 15483.8935547
    },
    "spectral_rms": {
        "mean": 0.00374292675406,
        "var": 6.46633088763e-006
    },
    "spectral_rolloff": {
        "mean": 429.70892334,
        "var": 210720.78125
    },
    "spectral_skewness": {
        "mean": 14.7542819977,
        "var": 8.49391078949
    },
    "spectral_spread": {
        "mean": 567155.5,
        "var": 1.08296555725e+012
    },
    "spectral_strongpeak": {
        "mean": 0.632208943367,
        "var": 0.440569043159
    },
    "zerocrossingrate": {
        "mean": 0.0140789439902,
        "var": 0.000143627999933
    },
    "barkbands": {
        "mean": [6.69909713906e-005, 0.001256360556, 0.00639431644231, 0.00193761568516, 0.00262387259863, 0.00340577983297, 0.00213010213338, 0.00173651170917, 0.000802757509518, 0.000250811135629, 0.00013987768034, 0.000212007536902, 2.36061150645e-005, 4.67583913633e-006, 1.96576911549e-006, 3.37384818749e-007, 9.61892396845e-008, 1.20724426012e-008, 2.77532219428e-009, 2.05531369701e-009, 2.25253460329e-009, 1.7993523338e-009, 2.15956030836e-009, 1.9080321767e-009, 1.17292897617e-009, 1.34011490793e-009, 7.3714562232e-010],
        "var": [6.97333968347e-009, 5.46609089724e-006, 0.000115876391646, 1.48523204189e-005, 1.78353129741e-005, 3.66285676137e-005, 1.21121211123e-005, 1.73985536094e-005, 3.8533416955e-006, 2.28404076097e-007, 8.95094132147e-008, 6.26575172191e-007, 2.63562593972e-009, 1.53088472454e-010, 5.80746180312e-011, 1.20836218635e-012, 2.63083581612e-013, 2.50893827131e-015, 6.05079574058e-016, 1.0285635428e-015, 1.93146318336e-015, 1.47576983389e-015, 3.49496297246e-015, 2.08035082318e-015, 8.46105098761e-018, 2.69197129154e-017, 1.34970615941e-018]
    },
    "erbbands": {
        "mean": [0.00948336254805, 0.509391248226, 6.44447517395, 6.82133436203, 8.40038394928, 7.19134426117, 12.6560058594, 35.5905761719, 38.3667564392, 25.8979072571, 33.9712142944, 21.1406135559, 7.67419338226, 8.90052318573, 8.55583286285, 5.25253915787, 1.3107842207, 0.29033395648, 0.194417655468, 0.0552314072847, 0.0166867431253, 0.00441155955195, 0.00084367924137, 0.000225093972404, 0.000114192938781, 0.000103684360511, 0.000103521189885, 8.69508876349e-005, 7.13482731953e-005, 7.14028428774e-005, 7.08407387719e-005, 6.20514838374e-005, 3.36025914294e-005, 2.34992130572e-005, 1.98471552721e-005, 1.51211343109e-005, 7.99791996542e-006, 1.57258068612e-006, 9.71287045104e-006, 2.31470839935e-005],
        "var": [0.000237917600316, 0.79951518774, 116.737945557, 163.899658203, 225.991317749, 147.199371338, 311.681854248, 4514.89208984, 3108.12451172, 1932.38378906, 6164.55517578, 2897.99560547, 160.977432251, 286.928863525, 456.067962646, 284.187011719, 8.29731750488, 0.491337448359, 0.36601921916, 0.0239704716951, 0.0022620537784, 0.000287571718218, 9.55969971983e-006, 2.05492096939e-006, 1.37450251714e-006, 2.27552482102e-006, 2.85229020847e-006, 2.84365182779e-006, 1.85306112144e-006, 2.51540177487e-006, 2.94564620162e-006, 2.19968637793e-006, 1.22512687994e-007, 1.29940758153e-009, 8.71319960627e-010, 6.99182323149e-010, 1.46724313255e-010, 3.05097180159e-012, 1.52079834836e-010, 8.70758132265e-010]
    },
    "gfcc": {
        "mean": [-304.494537354, 283.404907227, -16.6358413696, -85.053237915, -45.699760437, 4.13750743866, -19.5624313354, -21.8762779236, -11.7597465515, -7.88775157928, -7.2903881073, -14.2752981186, -4.72489118576],
        "cov": [[6703.47265625, 1383.04528809, -1231.01367188, -821.806884766, 439.754882813, -203.448410034, -239.699539185, -155.354370117, 364.163635254, -290.214874268, 44.0877494812, -86.9634780884, 86.3982086182], [1383.04528809, 579.102294922, -135.491958618, -367.267608643, 136.754943848, 9.39704227448, -45.2110671997, -74.9171981812, 74.4420776367, -83.7478408813, 16.0412807465, -48.1740646362, 19.5720729828], [-1231.01367188, -135.491958618, 548.991394043, 209.973510742, -123.174598694, 73.2755813599, 144.98928833, 32.8948554993, -128.199981689, 28.3070983887, -9.55646800995, -12.8029165268, -42.9231681824], [-821.806884766, -367.267608643, 209.973510742, 413.729919434, -21.0411872864, 48.8774299622, 96.1254043579, 77.8213195801, -67.6149368286, 30.3263320923, -21.9117851257, 27.2569274902, -20.0695438385], [439.754882813, 136.754943848, -123.174598694, -21.0411872864, 291.391723633, 117.575691223, -22.8468933105, 31.1715946198, 90.031036377, -33.1350746155, -18.1208705902, 1.90518033504, 11.8678798676], [-203.448410034, 9.39704227448, 73.2755813599, 48.8774299622, 117.575691223, 146.279418945, 76.9354248047, 27.9473628998, -9.4582567215, 1.56573331356, -7.36585140228, -9.35520839691, -22.7773647308], [-239.699539185, -45.2110671997, 144.98928833, 96.1254043579, -22.8468933105, 76.9354248047, 129.969024658, 45.7812194824, -43.5418663025, 3.33850121498, -0.47079578042, -13.3621063232, -33.8012657166], [-155.354370117, -74.9171981812, 32.8948554993, 77.8213195801, 31.1715946198, 27.9473628998, 45.7812194824, 94.7460098267, 44.6839370728, 11.142074585, -18.3565311432, 9.3600769043, -3.9763906002], [364.163635254, 74.4420776367, -128.199981689, -67.6149368286, 90.031036377, -9.4582567215, -43.5418663025, 44.6839370728, 125.810913086, 16.9447860718, -8.35142707825, -6.83572149277, 21.3727416992], [-290.214874268, -83.7478408813, 28.3070983887, 30.3263320923, -33.1350746155, 1.56573331356, 3.33850121498, 11.142074585, 16.9447860718, 62.2802505493, 16.8312721252, 0.50582075119, -10.7520055771], [44.0877494812, 16.0412807465, -9.55646800995, -21.9117851257, -18.1208705902, -7.36585140228, -0.47079578042, -18.3565311432, -8.35142707825, 16.8312721252, 40.0192527771, 11.5936088562, -8.91888046265], [-86.9634780884, -48.1740646362, -12.8029165268, 27.2569274902, 1.90518033504, -9.35520839691, -13.3621063232, 9.3600769043, -6.83572149277, 0.50582075119, 11.5936088562, 39.9176330566, 19.1579666138], [86.3982086182, 19.5720729828, -42.9231681824, -20.0695438385, 11.8678798676, -22.7773647308, -33.8012657166, -3.9763906002, 21.3727416992, -10.7520055771, -8.91888046265, 19.1579666138, 48.8954048157]],
        "icov": [[0.00113793136552, -0.00320060248487, 0.00240770122036, -0.00206037261523, 0.000174946602783, 0.00210373615846, -0.00230401754379, 0.00157677358948, -0.00190517050214, 0.001526001608, 0.000281867629383, -0.00108260579873, 0.00165528559592], [-0.00320060248487, 0.0218045935035, -0.0106131369248, 0.0148241082206, -0.00746118975803, -0.000469480146421, -0.0027355577331, 0.00446177693084, -0.00371194537729, 0.00980550609529, -0.0110087720677, 0.0106932884082, -0.00865979120135], [0.00240770122036, -0.0106131369248, 0.0100231738761, -0.00755616743118, 0.00308944820426, 0.00155734701548, -0.00234979041852, -0.00281617813744, 0.00380545505323, -0.00314532127231, 0.00287163001485, -0.000235438594245, 0.0020744537469], [-0.00206037261523, 0.0148241082206, -0.00755616743118, 0.0162621699274, -0.0113217420876, 0.00726940622553, -0.00721974670887, -0.00104060629383, 0.00632219575346, -0.00228099361993, -0.00143175886478, 0.00460284529254, -0.00652242312208], [0.000174946602783, -0.00746118975803, 0.00308944820426, -0.0113217420876, 0.0313399657607, -0.0348805822432, 0.0220380201936, 0.00125258124899, -0.0218567363918, 0.0191480144858, -0.0012729940936, -0.0109205553308, 0.0100346757099], [0.00210373615846, -0.000469480146421, 0.00155734701548, 0.00726940622553, -0.0348805822432, 0.0558969676495, -0.0406095311046, 0.00977063179016, 0.0150899859145, -0.0224963277578, 0.0142495520413, -0.00296464236453, 0.000265946029685], [-0.00230401754379, -0.0027355577331, -0.00234979041852, -0.00721974670887, 0.0220380201936, -0.0406095311046, 0.0608152337372, -0.0436195321381, 0.02050094679, 0.00740593438968, -0.0284816101193, 0.0328563079238, -0.0110339596868], [0.00157677358948, 0.00446177693084, -0.00281617813744, -0.00104060629383, 0.00125258124899, 0.00977063179016, -0.0436195321381, 0.0792306959629, -0.0631785541773, 0.0170570425689, 0.0389542505145, -0.0618372298777, 0.035766556859], [-0.00190517050214, -0.00371194537729, 0.00380545505323, 0.00632219575346, -0.0218567363918, 0.0150899859145, 0.02050094679, -0.0631785541773, 0.0836809948087, -0.0462740845978, -0.0142311695963, 0.0515189282596, -0.0373785123229], [0.001526001608, 0.00980550609529, -0.00314532127231, -0.00228099361993, 0.0191480144858, -0.0224963277578, 0.00740593438968, 0.0170570425689, -0.0462740845978, 0.0692611783743, -0.0334543064237, 0.00482260994613, 0.00852621532977], [0.000281867629383, -0.0110087720677, 0.00287163001485, -0.00143175886478, -0.0012729940936, 0.0142495520413, -0.0284816101193, 0.0389542505145, -0.0142311695963, -0.0334543064237, 0.0899783968925, -0.0735604837537, 0.040366332978], [-0.00108260579873, 0.0106932884082, -0.000235438594245, 0.00460284529254, -0.0109205553308, -0.00296464236453, 0.0328563079238, -0.0618372298777, 0.0515189282596, 0.00482260994613, -0.0735604837537, 0.117988325655, -0.0628372356296], [0.00165528559592, -0.00865979120135, 0.0020744537469, -0.00652242312208, 0.0100346757099, 0.000265946029685, -0.0110339596868, 0.035766556859, -0.0373785123229, 0.00852621532977, 0.040366332978, -0.0628372356296, 0.0633035972714]]
    },
    "melbands": {
        "mean": [0.000196819048142, 0.00239580613561, 0.00128307705745, 0.00058039178839, 0.00039978796849, 0.00073848903412, 0.000570585776586, 0.000335370248649, 0.000251305289567, 0.000114909409604, 3.55857555405e-005, 3.71082714992e-005, 2.39094788412e-005, 2.91672549793e-005, 3.7152292407e-006, 1.65049925727e-006, 4.24832677481e-007, 3.35171591814e-007, 1.10937939723e-007, 3.932801107e-008, 1.63311995038e-008, 5.10984854429e-009, 1.2123650972e-009, 2.47757564464e-010, 1.48579162862e-010, 7.87190729268e-011, 6.63998162009e-011, 6.24018683948e-011, 6.30512100863e-011, 5.28623013418e-011, 4.50199703905e-011, 3.47553687219e-011, 3.65487917708e-011, 3.56889240383e-011, 3.61691614159e-011, 3.31211724713e-011, 3.19807305638e-011, 1.73543644733e-011, 1.06894510604e-011, 9.82326806703e-012],
        "var": [1.26350457208e-007, 1.59845221788e-005, 4.32408705819e-006, 1.00227111943e-006, 2.95963616281e-007, 1.8554350163e-006, 7.08769334778e-007, 4.19701137844e-007, 2.95862747635e-007, 8.43911465154e-008, 3.75612518866e-009, 4.9770556565e-009, 2.57860421904e-009, 1.09510374102e-008, 5.50608690586e-011, 1.19831210926e-011, 1.48559203134e-012, 1.03898747245e-012, 1.48734269258e-013, 1.13088681689e-014, 2.90234102959e-015, 5.29765110157e-016, 2.49459160444e-017, 1.43724275453e-018, 1.38760157801e-018, 6.26260406318e-019, 9.99133367327e-019, 9.59080661682e-019, 1.03872543677e-018, 1.1054790156e-018, 9.20588122069e-019, 4.53956616772e-019, 7.58866764292e-019, 8.46634556392e-019, 1.00136809915e-018, 8.78662369324e-019, 8.61262676838e-019, 9.90919463844e-020, 1.27375696719e-021, 2.2329751743e-022]
    },
    "mfcc": {
        "mean": [-896.06628418, 256.596588135, 87.1144714355, -17.2127017975, -21.6303195953, 2.76750564575, 4.59968900681, -5.02286958694, -6.71311235428, -3.46823406219, -1.82865035534, -0.513857245445, 0.568232774734],
        "cov": [[2689.26416016, 2176.63623047, -448.541717529, -1023.44866943, -49.4123725891, 295.496459961, -160.584518433, -264.071685791, 29.333738327, 73.5012054443, -76.6136627197, -27.7404441833, 102.810112], [2176.63623047, 1827.9017334, -264.184936523, -812.502746582, -94.7124633789, 218.984634399, -96.8981399536, -206.114151001, -1.26864588261, 46.904335022, -54.8984909058, -27.8804721832, 71.1671524048], [-448.541717529, -264.184936523, 263.976745605, 239.297195435, -66.4963150024, -85.1563491821, 81.2850570679, 73.7652816772, -34.0008964539, -29.9605197906, 21.3115844727, -3.02010655403, -38.5167541504], [-1023.44866943, -812.502746582, 239.297195435, 483.458068848, 78.8176498413, -95.961151123, 74.9796981812, 140.289611816, 26.5277576447, -17.2031383514, 24.3176956177, 12.2326469421, -35.493637085], [-49.4123725891, -94.7124633789, -66.4963150024, 78.8176498413, 165.741668701, 87.7470855713, 3.8404340744, 34.3576202393, 73.7596893311, 34.1961288452, -7.15502166748, 7.83229923248, 23.994644165], [295.496459961, 218.984634399, -85.1563491821, -95.961151123, 87.7470855713, 142.477706909, 53.0860671997, 6.34440660477, 28.0586357117, 24.0595817566, -3.0162832737, 2.30092787743, 22.9001693726], [-160.584518433, -96.8981399536, 81.2850570679, 74.9796981812, 3.8404340744, 53.0860671997, 132.75843811, 88.8500289917, -3.95052409172, -17.9328155518, 14.2494163513, 9.61005210876, -10.4478235245], [-264.071685791, -206.114151001, 73.7652816772, 140.289611816, 34.3576202393, 6.34440660477, 88.8500289917, 119.398506165, 53.1783332825, -0.792687654495, 5.04351663589, 13.8871107101, -2.82223343849], [29.333738327, -1.26864588261, -34.0008964539, 26.5277576447, 73.7596893311, 28.0586357117, -3.95052409172, 53.1783332825, 98.5665435791, 55.7927284241, 2.00971746445, 5.61529302597, 20.4502239227], [73.5012054443, 46.904335022, -29.9605197906, -17.2031383514, 34.1961288452, 24.0595817566, -17.9328155518, -0.792687654495, 55.7927284241, 67.2673187256, 30.0056190491, 7.48670387268, 11.9277200699], [-76.6136627197, -54.8984909058, 21.3115844727, 24.3176956177, -7.15502166748, -3.0162832737, 14.2494163513, 5.04351663589, 2.00971746445, 30.0056190491, 48.9445419312, 28.8586730957, 1.87172794342], [-27.7404441833, -27.8804721832, -3.02010655403, 12.2326469421, 7.83229923248, 2.30092787743, 9.61005210876, 13.8871107101, 5.61529302597, 7.48670387268, 28.8586730957, 39.9978637695, 22.4027938843], [102.810112, 71.1671524048, -38.5167541504, -35.493637085, 23.994644165, 22.9001693726, -10.4478235245, -2.82223343849, 20.4502239227, 11.9277200699, 1.87172794342, 22.4027938843, 41.0468521118]],
        "icov": [[-173.300170898, 272.322113037, -338.114044189, 403.318481445, -426.880401611, 387.524505615, -294.276916504, 179.457733154, -79.7070770264, 17.2745075226, 7.44293785095, -8.83930683136, 3.34413576126], [272.322113037, -420.513031006, 506.96975708, -595.488891602, 633.140563965, -589.72668457, 471.997833252, -317.417938232, 172.636749268, -70.1750869751, 16.9139518738, 0.526254177094, -1.66853916645], [-338.114044189, 506.96975708, -579.643371582, 660.833984375, -708.515563965, 692.102844238, -605.022155762, 466.520141602, -311.870422363, 176.076446533, -80.3616638184, 27.1746749878, -5.42314910889], [403.318481445, -595.488891602, 660.833984375, -739.522583008, 796.101928711, -798.953613281, 731.754089355, -600.752990723, 433.33883667, -267.008148193, 134.490966797, -50.7933311462, 11.4925317764], [-426.880401611, 633.140563965, -708.515563965, 796.101928711, -854.158325195, 849.21472168, -767.987609863, 622.156677246, -443.467773438, 270.743041992, -135.608306885, 51.1361961365, -11.6043634415], [387.524505615, -589.72668457, 692.102844238, -798.953613281, 849.21472168, -806.794677734, 675.557067871, -493.02947998, 309.046112061, -162.430160522, 68.6750946045, -21.4695034027, 3.97352194786], [-294.276916504, 471.997833252, -605.022155762, 731.754089355, -767.987609863, 675.557067871, -481.589202881, 258.285308838, -79.3894042969, -17.559299469, 41.3756904602, -27.2595920563, 8.62054347992], [179.457733154, -317.417938232, 466.520141602, -600.752990723, 622.156677246, -493.02947998, 258.285308838, -15.4289445877, -145.017623901, 188.370422363, -144.468322754, 72.7706222534, -20.4265537262], [-79.7070770264, 172.636749268, -311.870422363, 433.33883667, -443.467773438, 309.046112061, -79.3894042969, -145.017623901, 274.067260742, -278.056152344, 195.780258179, -94.8601760864, 26.1313648224], [17.2745075226, -70.1750869751, 176.076446533, -267.008148193, 270.743041992, -162.430160522, -17.559299469, 188.370422363, -278.056152344, 264.32901001, -181.449890137, 87.0503540039, -23.9395561218], [7.44293785095, 16.9139518738, -80.3616638184, 134.490966797, -135.608306885, 68.6750946045, 41.3756904602, -144.468322754, 195.780258179, -181.449890137, 123.61177063, -59.3219337463, 16.4028015137], [-8.83930683136, 0.526254177094, 27.1746749878, -50.7933311462, 51.1361961365, -21.4695034027, -27.2595920563, 72.7706222534, -94.8601760864, 87.0503540039, -59.3219337463, 28.6707000732, -8.02202033997], [3.34413576126, -1.66853916645, -5.42314910889, 11.4925317764, -11.6043634415, 3.97352194786, 8.62054347992, -20.4265537262, 26.1313648224, -23.9395561218, 16.4028015137, -8.02202033997, 2.3143222332]]
    },
    "spectral_contrast_coeffs": {
        "mean": [-0.5568151474, -0.662383019924, -0.727570295334, -0.735045135021, -0.860144019127, -0.924602627754],
        "var": [0.0039074709639, 0.00664874026552, 0.00342978700064, 0.00144616968464, 0.00285867438652, 0.00059791415697]
    },
    "spectral_contrast_valleys": {
        "mean": [-8.20183849335, -7.28871440887, -8.66683483124, -11.3391561508, -13.5147857666, -14.7711181641],
        "var": [1.21084749699, 1.77429270744, 1.64057731628, 1.46829855442, 0.502650082111, 0.775166273117]
    }
},
"metadata": {
    "audio_properties": {
        "analysis_sample_rate": 44100,
        "bit_rate": 128074,
        "equal_loudness": 0,
        "length": 45.0612258911,
        "lossless": 0,
        "replay_gain": -4.38507461548,
        "sample_rate": 44100,
        "codec": "mp3",
        "downmix": "mix",
        "md5_encoded": "07a1f99f7485703f7182e3337c45ab5a"
    },
    "tags": {
        "file_name": "1135.mp3"
    },
    "version": {
        "essentia": "2.1-beta2",
        "essentia_git_sha": "v2.1_beta2",
        "extractor": "music 1.0"
    }
},
"rhythm": {
    "beats_count": 95,
    "beats_loudness": {
        "mean": 0.0270700585097,
        "var": 0.000955286785029
    },
    "bpm": 126.943664551,
    "bpm_histogram_first_peak_bpm": {
        "mean": 126,
        "var": 0
    },
    "bpm_histogram_first_peak_spread": {
        "mean": 0.406250029802,
        "var": 0
    },
    "bpm_histogram_first_peak_weight": {
        "mean": 0.202127665281,
        "var": 0
    },
    "bpm_histogram_second_peak_bpm": {
        "mean": 136,
        "var": 0
    },
    "bpm_histogram_second_peak_spread": {
        "mean": 0.578947365284,
        "var": 0
    },
    "bpm_histogram_second_peak_weight": {
        "mean": 0.170212760568,
        "var": 0
    },
    "danceability": 0.789066791534,
    "onset_rate": 0.976009190083,
    "beats_loudness_band_ratio": {
        "mean": [0.500795722008, 0.280324727297, 0.243271499872, 0.0266970153898, 0.000174429660547, 3.00381339002e-006],
        "var": [0.0566118992865, 0.0312528759241, 0.0329935513437, 0.000643650186248, 8.03169442065e-008, 7.40803321464e-011]
    },
    "beats_position": [0.46439909935, 0.940408170223, 1.4164172411, 1.86920630932, 2.32199549675, 2.76317453384, 3.20435357094, 3.63392281532, 4.06349182129, 4.5046710968, 4.94585037231, 5.3754196167, 5.81659841537, 6.23455762863, 6.65251684189, 7.0936961174, 7.56970500946, 8.04571437836, 8.52172279358, 8.96290206909, 9.4040813446, 9.84526062012, 10.2864398956, 10.7276191711, 11.1687984467, 11.5983667374, 12.0279359818, 12.445895195, 12.8638544083, 13.2818136215, 13.7462129593, 14.2222223282, 14.6982307434, 15.1626300812, 15.6270294189, 16.1030387878, 16.5558280945, 17.0086174011, 17.4614048004, 17.9141941071, 18.3669834137, 18.8313827515, 19.2957820892, 19.7253513336, 20.154920578, 20.5960998535, 21.0488891602, 21.5248966217, 22.0125160217, 22.5117454529, 23.0225849152, 23.5218143463, 23.9978218079, 24.4738311768, 24.9498405457, 25.4258499146, 25.8902492523, 26.3662586212, 26.8422679901, 27.3066654205, 27.7594547272, 28.2238540649, 28.6766433716, 29.1294326782, 29.5822219849, 30.081451416, 30.5922889709, 31.0915184021, 31.6139678955, 32.1248054504, 32.6472549438, 33.0884361267, 33.5296134949, 33.9707946777, 34.4468002319, 34.9228096008, 35.3988189697, 35.8748283386, 36.3392295837, 36.8036270142, 37.2680282593, 37.7208137512, 38.1736030579, 38.6263923645, 39.1488418579, 39.6712913513, 40.2401809692, 40.8090705872, 41.3779602051, 41.8771858215, 42.3764152527, 42.8640365601, 43.3632659912, 43.8741035461, 44.3849411011]
},
"tonal": {
    "chords_changes_rate": 0.0360082313418,
    "chords_number_rate": 0.00617283955216,
    "chords_strength": {
        "mean": 0.517911016941,
        "var": 0.00576685834676
    },
    "hpcp_entropy": {
        "mean": 1.26119589806,
        "var": 0.328757017851
    },
    "key_strength": 0.672502994537,
    "tuning_diatonic_strength": 0.449776858091,
    "tuning_equal_tempered_deviation": 0.0270507987589,
    "tuning_frequency": 437.971466064,
    "tuning_nontempered_energy_ratio": 0.603218078613,
    "hpcp": {
        "mean": [0.525928974152, 0.254694342613, 0.0150023857132, 0.00672099459916, 0.0119387088344, 0.104592837393, 0.158813342452, 0.0674228593707, 0.00993016920984, 0.00980894546956, 0.00656451098621, 0.0996947735548, 0.237763062119, 0.150938242674, 0.0408551692963, 0.0676748231053, 0.0456176921725, 0.0450067743659, 0.0505922585726, 0.0185021609068, 0.0496112704277, 0.122207842767, 0.0888394489884, 0.0314398780465, 0.0257389526814, 0.00881657004356, 0.152162328362, 0.302776187658, 0.158772811294, 0.00729697244242, 0.00317100062966, 0.00595973059535, 0.0387383922935, 0.0857707411051, 0.0691782310605, 0.299893826246],
        "var": [0.204113930464, 0.0538087673485, 0.00220942101441, 0.00217321608216, 0.00116818642709, 0.0467106737196, 0.104813888669, 0.0177956782281, 0.00112732104026, 0.00250773108564, 0.00204137689434, 0.0233120378107, 0.115262061357, 0.0456535108387, 0.0101142833009, 0.0378266684711, 0.0143791213632, 0.0138080222532, 0.0184769742191, 0.00268463906832, 0.011592425406, 0.0622483976185, 0.0323308221996, 0.0071072280407, 0.00751034123823, 0.00129818194546, 0.0422252528369, 0.167233377695, 0.0488132871687, 0.00153821962886, 0.000538061605766, 0.00146743096411, 0.00968415755779, 0.0512551628053, 0.0225799269974, 0.0683237537742]
    },
    "chords_histogram": [0.514403283596, 37.2427978516, 40.9465026855, 1.54320991039, 0, 0, 5.86419773102, 0, 4.21810722351, 0, 8.95061683655, 0, 0, 0, 0, 0, 0, 0, 0, 0.720164597034, 0, 0, 0, 0],
    "thpcp": [1, 0.48427516222, 0.0285254977643, 0.0127792814746, 0.0227002296597, 0.198872551322, 0.301967293024, 0.128197655082, 0.0188811980188, 0.0186507031322, 0.0124817444012, 0.18955938518, 0.452082067728, 0.286993592978, 0.0776819139719, 0.128676727414, 0.0867373645306, 0.0855757668614, 0.0961959883571, 0.0351799614727, 0.0943307429552, 0.232365682721, 0.168919101357, 0.0597797036171, 0.0489399768412, 0.0167638044804, 0.289321064949, 0.57569783926, 0.301890224218, 0.0138744451106, 0.0060293325223, 0.0113318162039, 0.0736570805311, 0.16308426857, 0.131535306573, 0.570217370987],
    "chords_key": "A",
    "chords_scale": "major",
    "key_key": "D",
    "key_scale": "major"
}
}