{
"lowlevel": {
    "average_loudness": 0.962104856968,
    "barkbands_crest": {
        "mean": 12.1495037079,
        "var": 14.7218532562
    },
    "barkbands_flatness_db": {
        "mean": 0.451493442059,
        "var": 0.00144033227116
    },
    "barkbands_kurtosis": {
        "mean": 2.26959395409,
        "var": 11.7467069626
    },
    "barkbands_skewness": {
        "mean": 0.387324273586,
        "var": 0.623091757298
    },
    "barkbands_spread": {
        "mean": 2.95212841034,
        "var": 2.86051249504
    },
    "dissonance": {
        "mean": 0.31589320302,
        "var": 0.00467888265848
    },
    "dynamic_complexity": 1.87030267715,
    "erbbands_crest": {
        "mean": 14.8253488541,
        "var": 21.9207992554
    },
    "erbbands_flatness_db": {
        "mean": 0.45446023345,
        "var": 0.000947488762904
    },
    "erbbands_kurtosis": {
        "mean": 1.98946022987,
        "var": 5.68558931351
    },
    "erbbands_skewness": {
        "mean": 0.532557249069,
        "var": 0.532243847847
    },
    "erbbands_spread": {
        "mean": 5.17926073074,
        "var": 4.04348611832
    },
    "hfc": {
        "mean": 10.7345991135,
        "var": 39.8723373413
    },
    "melbands_crest": {
        "mean": 14.5505867004,
        "var": 26.3858566284
    },
    "melbands_flatness_db": {
        "mean": 0.580189883709,
        "var": 0.00178003369365
    },
    "melbands_kurtosis": {
        "mean": 2.08236145973,
        "var": 12.2321233749
    },
    "melbands_skewness": {
        "mean": 0.629640638828,
        "var": 0.47591149807
    },
    "melbands_spread": {
        "mean": 4.72762393951,
        "var": 12.2651758194
    },
    "pitch_salience": {
        "mean": 0.540636897087,
        "var": 0.0106276161969
    },
    "silence_rate_20dB": {
        "mean": 1,
        "var": 0
    },
    "silence_rate_30dB": {
        "mean": 1,
        "var": 0
    },
    "silence_rate_60dB": {
        "mean": 0.00154479919001,
        "var": 0.00154241069686
    },
    "spectral_centroid": {
        "mean": 402.191619873,
        "var": 39957.6367188
    },
    "spectral_complexity": {
        "mean": 9.21318244934,
        "var": 2.33561134338
    },
    "spectral_decrease": {
        "mean": -7.49626671848e-009,
        "var": 1.87479344326e-017
    },
    "spectral_energy": {
        "mean": 0.0292662940919,
        "var": 0.000285375252133
    },
    "spectral_energyband_high": {
        "mean": 5.93673235016e-008,
        "var": 2.26431200179e-012
    },
    "spectral_energyband_low": {
        "mean": 0.00254475045949,
        "var": 1.64671473613e-005
    },
    "spectral_energyband_middle_high": {
        "mean": 0.000475401146105,
        "var": 1.05239742254e-007
    },
    "spectral_energyband_middle_low": {
        "mean": 0.0265626516193,
        "var": 0.000261521810899
    },
    "spectral_entropy": {
        "mean": 5.07748651505,
        "var": 0.0794803649187
    },
    "spectral_flux": {
        "mean": 0.0456161350012,
        "var": 0.00120448914822
    },
    "spectral_kurtosis": {
        "mean": 276.937103271,
        "var": 7809.54638672
    },
    "spectral_rms": {
        "mean": 0.00512544158846,
        "var": 2.28242629419e-006
    },
    "spectral_rolloff": {
        "mean": 525.889526367,
        "var": 190161.203125
    },
    "spectral_skewness": {
        "mean": 13.0046663284,
        "var": 6.52124977112
    },
    "spectral_spread": {
        "mean": 631435.5625,
        "var": 1.07468331418e+012
    },
    "spectral_strongpeak": {
        "mean": 1.47985470295,
        "var": 0.778479039669
    },
    "zerocrossingrate": {
        "mean": 0.0185023900121,
        "var": 0.00013286297326
    },
    "barkbands": {
        "mean": [2.07055418286e-005, 0.00170380156487, 0.000622889841907, 0.000491174869239, 0.00633043283597, 0.00954235065728, 0.00420428067446, 0.00466585159302, 0.00107715034392, 0.000374286086299, 0.000118093827041, 6.32401934126e-005, 2.94556630251e-005, 1.19702153825e-005, 6.13287102169e-006, 2.45173191615e-006, 1.49979825892e-006, 2.46337975796e-007, 2.29036658084e-007, 3.01535116876e-008, 1.32771935668e-008, 8.14051226428e-009, 6.14970030455e-009, 5.49197975985e-009, 5.41457012559e-009, 4.99346386462e-009, 2.19301177218e-009],
        "var": [1.62197499876e-009, 1.07933665277e-005, 9.62991066444e-007, 6.1518488792e-007, 2.92090517178e-005, 0.000123153746244, 3.88553198718e-005, 3.831077629e-005, 1.25335463963e-006, 1.60988065545e-007, 1.14086811109e-008, 5.3199791239e-009, 1.97203253727e-009, 7.23768822652e-010, 1.31322855368e-010, 2.23185393777e-011, 9.89900002246e-012, 4.32138537194e-013, 5.00525781846e-013, 9.93233002355e-014, 9.4098136943e-014, 5.88812242778e-014, 3.99015808459e-014, 3.40041444438e-014, 3.48054071187e-014, 2.94173864955e-014, 2.07999210473e-015]
    },
    "erbbands": {
        "mean": [0.0243123359978, 0.459594666958, 0.942419826984, 1.1332243681, 5.15322542191, 22.738948822, 81.4858398438, 62.669467926, 65.4210281372, 78.0081710815, 80.3419952393, 28.1749706268, 15.0823879242, 5.40766906738, 4.52971315384, 3.03360533714, 1.64523351192, 0.830364763737, 0.431739151478, 0.172735631466, 0.118648402393, 0.066204816103, 0.0193068366498, 0.0128987105563, 0.00682802079245, 0.00167517666705, 0.000854770012666, 0.000410160049796, 0.000324771128362, 0.000235036743106, 0.000181766023161, 0.000138567062095, 0.000103676975414, 7.85067823017e-005, 5.32045814907e-005, 3.33321586368e-005, 1.76319263119e-005, 4.32687374996e-006, 1.38951827466e-005, 3.25355031237e-005],
        "var": [0.00210996856913, 0.773557364941, 1.92575585842, 2.61552333832, 35.3683547974, 400.084320068, 8739.48828125, 9944.26074219, 11778.5058594, 13043.0078125, 7083.13476563, 550.32244873, 211.528457642, 18.7717037201, 19.2100486755, 11.403886795, 3.80555868149, 2.11278057098, 0.498547166586, 0.0395655930042, 0.0345116853714, 0.0168341062963, 0.00174984848127, 0.00147383939475, 0.00079845340224, 0.000230353776715, 0.000200599679374, 0.000110878230771, 7.71972481743e-005, 5.02682742081e-005, 3.08149574266e-005, 1.72051313712e-005, 8.69129780767e-006, 4.61617855763e-006, 1.611416792e-006, 4.6125981612e-007, 1.03758296177e-007, 1.0407132045e-008, 8.86472978356e-011, 3.5201150328e-010]
    },
    "gfcc": {
        "mean": [-222.081314087, 277.670715332, -71.8671798706, -77.4843902588, -36.4956016541, -33.2609901428, -29.1142807007, -10.0042152405, -6.40666151047, -10.3815727234, 1.47348630428, -10.0016975403, 0.563828229904],
        "cov": [[1688.8001709, 30.9476032257, -258.628265381, 149.79385376, 84.13722229, -128.240585327, -38.9919700623, -19.5616397858, 20.8312397003, 50.9269371033, 42.5534439087, 34.8889846802, 34.577167511], [30.9476032257, 341.579559326, 180.177215576, 2.40298318863, 139.048751831, 92.1109237671, 86.0194473267, 55.9269981384, 30.0948257446, -9.17331218719, -10.9304647446, -44.7748222351, -7.93415927887], [-258.628265381, 180.177215576, 423.740814209, 57.7571868896, 36.1590919495, 191.495574951, 63.5319290161, 37.2624549866, 71.5283126831, 6.71246385574, -21.2215690613, -20.9362945557, -21.1514835358], [149.79385376, 2.40298318863, 57.7571868896, 213.932830811, 96.2351989746, 73.4569778442, 84.1480407715, 52.8732185364, 26.7315597534, 25.8141098022, 1.78579497337, 5.1802740097, -1.84987676144], [84.13722229, 139.048751831, 36.1590919495, 96.2351989746, 181.871154785, 54.1404304504, 54.5539131165, 49.1679725647, 18.6860370636, 12.7941770554, 11.4090852737, -5.59502649307, 11.066660881], [-128.240585327, 92.1109237671, 191.495574951, 73.4569778442, 54.1404304504, 161.763900757, 67.7319030762, 30.3470611572, 43.4028968811, 4.47816753387, -30.1011562347, -14.594414711, -7.39948177338], [-38.9919700623, 86.0194473267, 63.5319290161, 84.1480407715, 54.5539131165, 67.7319030762, 106.260749817, 60.7038879395, 11.5030641556, 4.74975681305, -4.61819791794, -14.7492847443, -8.70591926575], [-19.5616397858, 55.9269981384, 37.2624549866, 52.8732185364, 49.1679725647, 30.3470611572, 60.7038879395, 64.9199905396, 23.2578048706, 3.60585021973, 1.9151006937, -2.93459224701, -2.56444597244], [20.8312397003, 30.0948257446, 71.5283126831, 26.7315597534, 18.6860370636, 43.4028968811, 11.5030641556, 23.2578048706, 55.9131698608, 21.9551792145, -10.5377035141, -3.70411968231, 1.26487529278], [50.9269371033, -9.17331218719, 6.71246385574, 25.8141098022, 12.7941770554, 4.47816753387, 4.74975681305, 3.60585021973, 21.9551792145, 43.2981910706, 24.1534309387, -0.403511822224, -3.6756234169], [42.5534439087, -10.9304647446, -21.2215690613, 1.78579497337, 11.4090852737, -30.1011562347, -4.61819791794, 1.9151006937, -10.5377035141, 24.1534309387, 59.2629966736, 27.5850105286, -1.35266542435], [34.8889846802, -44.7748222351, -20.9362945557, 5.1802740097, -5.59502649307, -14.594414711, -14.7492847443, -2.93459224701, -3.70411968231, -0.403511822224, 27.5850105286, 56.585811615, 36.9928627014], [34.577167511, -7.93415927887, -21.1514835358, -1.84987676144, 11.066660881, -7.39948177338, -8.70591926575, -2.56444597244, 1.26487529278, -3.6756234169, -1.35266542435, 36.9928627014, 59.5575332642]],
        "icov": [[0.00125743634999, -0.00268268655054, 0.0018348605372, -0.00323432334699, 0.00191668048501, 0.000260312837781, 0.00240919808857, 0.00102541851811, -0.00164908240549, -0.000245416566031, -0.00046943538473, -0.000957981566899, 0.000140530188219], [-0.00268268655054, 0.020576339215, -0.00910499040037, 0.0150857176632, -0.0160573329777, 0.00440909946337, -0.0221709217876, 0.0090510211885, -0.0109787816182, 0.0180366132408, -0.0127070881426, 0.0183375310153, -0.00811831187457], [0.0018348605372, -0.00910499040037, 0.0119224367663, -0.00923233572394, 0.0102870753035, -0.0111932884902, 0.0111937988549, -0.00109111284837, -0.00775433471426, 0.00689465738833, -0.011853672564, 0.00513639254496, -0.00291304150596], [-0.00323432334699, 0.0150857176632, -0.00923233572394, 0.0250806305557, -0.0182883646339, 0.00499784341082, -0.0230285301805, 0.00218370021321, 0.00470913061872, -0.00962301064283, 0.0153825348243, -0.0111439013854, 0.00871187821031], [0.00191668048501, -0.0160573329777, 0.0102870753035, -0.0182883646339, 0.0262321736664, -0.0124043282121, 0.0237311366946, -0.0133390864357, 0.00246052024886, 0.00190896645654, -0.0148330330849, 0.0109015293419, -0.0107299918309], [0.000260312837781, 0.00440909946337, -0.0111932884902, 0.00499784341082, -0.0124043282121, 0.0309024136513, -0.023675005883, 0.0174180511385, -0.00661753769964, -0.00824136286974, 0.0242200009525, -0.0206166990101, 0.0130373788998], [0.00240919808857, -0.0221709217876, 0.0111937988549, -0.0230285301805, 0.0237311366946, -0.023675005883, 0.0695530250669, -0.0519918017089, 0.0372253544629, -0.0264711920172, 0.00716767692938, -0.000903912645299, -0.00221482454799], [0.00102541851811, 0.0090510211885, -0.00109111284837, 0.00218370021321, -0.0133390864357, 0.0174180511385, -0.0519918017089, 0.0774949043989, -0.0598483681679, 0.0492283925414, -0.0326651036739, 0.015411621891, -0.00533506600186], [-0.00164908240549, -0.0109787816182, -0.00775433471426, 0.00470913061872, 0.00246052024886, -0.00661753769964, 0.0372253544629, -0.0598483681679, 0.10408295691, -0.0995308160782, 0.085303209722, -0.0608192458749, 0.0298331808299], [-0.000245416566031, 0.0180366132408, 0.00689465738833, -0.00962301064283, 0.00190896645654, -0.00824136286974, -0.0264711920172, 0.0492283925414, -0.0995308160782, 0.152160003781, -0.133743643761, 0.109069474041, -0.0577126592398], [-0.00046943538473, -0.0127070881426, -0.011853672564, 0.0153825348243, -0.0148330330849, 0.0242200009525, 0.00716767692938, -0.0326651036739, 0.085303209722, -0.133743643761, 0.161716476083, -0.13603566587, 0.0783570706844], [-0.000957981566899, 0.0183375310153, 0.00513639254496, -0.0111439013854, 0.0109015293419, -0.0206166990101, -0.000903912645299, 0.015411621891, -0.0608192458749, 0.109069474041, -0.13603566587, 0.154274493456, -0.0904694572091], [0.000140530188219, -0.00811831187457, -0.00291304150596, 0.00871187821031, -0.0107299918309, 0.0130373788998, -0.00221482454799, -0.00533506600186, 0.0298331808299, -0.0577126592398, 0.0783570706844, -0.0904694572091, 0.071700938046]]
    },
    "melbands": {
        "mean": [0.00036346365232, 0.000563370122109, 0.000282336288365, 0.000828697811812, 0.00249309721403, 0.00153790065087, 0.000921656435821, 0.000902068975847, 0.000587410409935, 0.000151288390043, 7.00123709976e-005, 2.10513917409e-005, 1.4769986592e-005, 8.33678586787e-006, 6.47965453027e-006, 2.64580125986e-006, 1.43091824611e-006, 6.73799661399e-007, 3.78986868554e-007, 2.29818766684e-007, 1.14583443178e-007, 8.77185328818e-008, 1.91805700211e-008, 1.30219222072e-008, 1.0527590355e-008, 6.7626477751e-009, 1.72081915384e-009, 8.86922479904e-010, 6.24602425336e-010, 2.8804741925e-010, 2.05110622931e-010, 1.79883122287e-010, 1.43934586472e-010, 1.18556123252e-010, 9.97668753167e-011, 8.34857044607e-011, 7.19294276919e-011, 6.13482042944e-011, 5.6494225964e-011, 5.05943863194e-011],
        "var": [5.00112776081e-007, 7.53859410452e-007, 1.04353617303e-007, 6.45084583084e-007, 6.62864749756e-006, 4.27349959864e-006, 2.00548583962e-006, 1.93529444914e-006, 3.55999588919e-007, 2.18837623578e-008, 5.27476373691e-009, 4.2293771263e-010, 2.02419206397e-010, 6.65038579761e-011, 6.56524834497e-011, 3.39547487349e-011, 9.88245596467e-012, 1.1859697252e-012, 3.8343067328e-013, 1.57887442812e-013, 3.43260677857e-014, 3.29258376206e-014, 1.42517157963e-015, 1.42255297728e-015, 1.18836901379e-015, 9.30769565629e-016, 1.33913791379e-016, 9.40611162033e-017, 8.50617948029e-017, 5.31743329136e-017, 3.24735127359e-017, 2.60819278474e-017, 1.88394454238e-017, 1.41566287379e-017, 1.04872323796e-017, 8.05178187286e-018, 5.77128421513e-018, 4.20138143928e-018, 3.79673667774e-018, 3.11313621476e-018]
    },
    "mfcc": {
        "mean": [-842.602050781, 278.90814209, 51.0465774536, -29.0743694305, -11.0861434937, -11.6077423096, -19.3890171051, -11.0195245743, -5.29040431976, -4.86924791336, -1.88535666466, 0.515831649303, -0.237484529614],
        "cov": [[640.610534668, 275.302825928, -292.724945068, 33.8136253357, 175.330627441, -62.0695037842, -42.4992828369, 25.6425628662, -39.5983467102, -9.47540092468, 27.4055900574, -6.87448787689, 7.94067430496], [275.302825928, 238.657241821, 14.7795295715, 26.6047763824, 79.1137237549, 35.1952972412, 11.9102535248, 24.9380760193, 24.5101470947, 25.9158420563, 25.6020069122, 10.8992614746, 6.46425390244], [-292.724945068, 14.7795295715, 371.679412842, 58.0055389404, -67.0459976196, 120.920898438, 93.260635376, 27.1965103149, 84.4462280273, 65.362449646, 21.1245517731, 28.3715019226, 8.52084922791], [33.8136253357, 26.6047763824, 58.0055389404, 110.015083313, 71.2389373779, 33.9600486755, 57.2051048279, 50.7184906006, 29.6999320984, 38.1261520386, 31.8284950256, 16.0247535706, 17.8105430603], [175.330627441, 79.1137237549, -67.0459976196, 71.2389373779, 142.790023804, 47.5053596497, 17.4392623901, 40.7072525024, 27.5717353821, 20.1030292511, 21.0034999847, 11.1414146423, 11.8402090073], [-62.0695037842, 35.1952972412, 120.920898438, 33.9600486755, 47.5053596497, 116.157249451, 63.245136261, 24.62657547, 54.398563385, 43.1683731079, 17.4519577026, 16.8661689758, 7.67969512939], [-42.4992828369, 11.9102535248, 93.260635376, 57.2051048279, 17.4392623901, 63.245136261, 92.932434082, 57.0341072083, 31.6292266846, 33.7105865479, 25.6764469147, 14.037519455, 11.9842729568], [25.6425628662, 24.9380760193, 27.1965103149, 50.7184906006, 40.7072525024, 24.62657547, 57.0341072083, 85.3243713379, 54.3163795471, 11.4192447662, 4.37331485748, 10.7124567032, 9.4267539978], [-39.5983467102, 24.5101470947, 84.4462280273, 29.6999320984, 27.5717353821, 54.398563385, 31.6292266846, 54.3163795471, 92.9768218994, 46.9867210388, -1.95619440079, 5.27924728394, 7.61399030685], [-9.47540092468, 25.9158420563, 65.362449646, 38.1261520386, 20.1030292511, 43.1683731079, 33.7105865479, 11.4192447662, 46.9867210388, 78.4613876343, 41.2493743896, 1.32098138332, 4.17595529556], [27.4055900574, 25.6020069122, 21.1245517731, 31.8284950256, 21.0034999847, 17.4519577026, 25.6764469147, 4.37331485748, -1.95619440079, 41.2493743896, 56.1211776733, 18.318769455, -0.868638813496], [-6.87448787689, 10.8992614746, 28.3715019226, 16.0247535706, 11.1414146423, 16.8661689758, 14.037519455, 10.7124567032, 5.27924728394, 1.32098138332, 18.318769455, 33.0175361633, 16.9867134094], [7.94067430496, 6.46425390244, 8.52084922791, 17.8105430603, 11.8402090073, 7.67969512939, 11.9842729568, 9.4267539978, 7.61399030685, 4.17595529556, -0.868638813496, 16.9867134094, 35.9212989807]],
        "icov": [[0.535334348679, -1.3190369606, 2.82418274879, -4.76476812363, 6.49356269836, -7.4855761528, 7.45590543747, -6.46854400635, 4.8771739006, -3.14334249496, 1.67472553253, -0.67914801836, 0.174905762076], [-1.3190369606, 3.30454850197, -7.12720108032, 12.0563669205, -16.4433727264, 18.9365634918, -18.8287353516, 16.2978458405, -12.2509460449, 7.86187171936, -4.16719388962, 1.67443907261, -0.423827052116], [2.82418274879, -7.12720108032, 15.4795379639, -26.2222213745, 35.7875289917, -41.2177696228, 40.9599761963, -35.4298934937, 26.6001815796, -17.0456600189, 9.01020908356, -3.60969996452, 0.904552340508], [-4.76476812363, 12.0563669205, -26.2222213745, 44.4946212769, -60.7666931152, 70.0630187988, -69.7297210693, 60.4077453613, -45.4478569031, 29.1913776398, -15.4850473404, 6.22831106186, -1.57596564293], [6.49356269836, -16.4433727264, 35.7875289917, -60.7666931152, 83.1498336792, -96.0619888306, 95.8464431763, -83.3293914795, 62.950630188, -40.6636314392, 21.7207775116, -8.83930301666, 2.27419018745], [-7.4855761528, 18.9365634918, -41.2177696228, 70.0630187988, -96.0619888306, 111.317100525, -111.468215942, 97.3757781982, -74.0011749268, 48.1705474854, -25.9921875, 10.738243103, -2.83616495132], [7.45590543747, -18.8287353516, 40.9599761963, -69.7297210693, 95.8464431763, -111.468215942, 112.179023743, -98.5988006592, 75.49269104, -49.6345863342, 27.1188182831, -11.4221525192, 3.11109113693], [-6.46854400635, 16.2978458405, -35.4298934937, 60.4077453613, -83.3293914795, 97.3757781982, -98.5988006592, 87.3944625854, -67.5751266479, 45.0050697327, -24.9955291748, 10.7839565277, -3.05388879776], [4.8771739006, -12.2509460449, 26.6001815796, -45.4478569031, 62.950630188, -74.0011749268, 75.49269104, -67.5751266479, 52.8973655701, -35.7739181519, 20.2609596252, -8.98539066315, 2.65494251251], [-3.14334249496, 7.86187171936, -17.0456600189, 29.1913776398, -40.6636314392, 48.1705474854, -49.6345863342, 45.0050697327, -35.7739181519, 24.696023941, -14.3271026611, 6.5758395195, -2.04091620445], [1.67472553253, -4.16719388962, 9.01020908356, -15.4850473404, 21.7207775116, -25.9921875, 27.1188182831, -24.9955291748, 20.2609596252, -14.3271026611, 8.57884788513, -4.09136486053, 1.34282720089], [-0.67914801836, 1.67443907261, -3.60969996452, 6.22831106186, -8.83930301666, 10.738243103, -11.4221525192, 10.7839565277, -8.98539066315, 6.5758395195, -4.09136486053, 2.08970785141, -0.731562495232], [0.174905762076, -0.423827052116, 0.904552340508, -1.57596564293, 2.27419018745, -2.83616495132, 3.11109113693, -3.05388879776, 2.65494251251, -2.04091620445, 1.34282720089, -0.731562495232, 0.305432587862]]
    },
    "spectral_contrast_coeffs": {
        "mean": [-0.552665710449, -0.604870140553, -0.664628326893, -0.716606557369, -0.766228437424, -0.922481119633],
        "var": [0.0057292310521, 0.00635250750929, 0.00309339072555, 0.00200413446873, 0.00115763617214, 0.00140811293386]
    },
    "spectral_contrast_valleys": {
        "mean": [-7.74704694748, -6.46241474152, -8.51864528656, -10.3687486649, -12.3972110748, -14.1996946335],
        "var": [0.822449803352, 0.475898444653, 0.469265341759, 0.363173961639, 0.332971572876, 1.02391159534]
    }
},
"metadata": {
    "audio_properties": {
        "analysis_sample_rate": 44100,
        "bit_rate": 128074,
        "equal_loudness": 0,
        "length": 45.0612258911,
        "lossless": 0,
        "replay_gain": -4.92352867126,
        "sample_rate": 44100,
        "codec": "mp3",
        "downmix": "mix",
        "md5_encoded": "e19e86e0270458dcc09f7553bdd6b9d2"
    },
    "tags": {
        "file_name": "1136.mp3"
    },
    "version": {
        "essentia": "2.1-beta2",
        "essentia_git_sha": "v2.1_beta2",
        "extractor": "music 1.0"
    }
},
"rhythm": {
    "beats_count": 72,
    "beats_loudness": {
        "mean": 0.043961301446,
        "var": 0.000236730615143
    },
    "bpm": 95.9649581909,
    "bpm_histogram_first_peak_bpm": {
        "mean": 96,
        "var": 0
    },
    "bpm_histogram_first_peak_spread": {
        "mean": 0.7090908885,
        "var": 0
    },
    "bpm_histogram_first_peak_weight": {
        "mean": 0.225352108479,
        "var": 0
    },
    "bpm_histogram_second_peak_bpm": {
        "mean": 103,
        "var": 0
    },
    "bpm_histogram_second_peak_spread": {
        "mean": 0.454545468092,
        "var": 0
    },
    "bpm_histogram_second_peak_weight": {
        "mean": 0.0845070406795,
        "var": 0
    },
    "danceability": 1.27783727646,
    "onset_rate": 4.52513360977,
    "beats_loudness_band_ratio": {
        "mean": [0.100542329252, 0.51289755106, 0.441950887442, 0.0154864490032, 0.000644208863378, 1.73731186806e-005],
        "var": [0.0152522008866, 0.0531597360969, 0.0485817939043, 7.31601758162e-005, 2.70459679541e-007, 5.15597009532e-010]
    },
    "beats_position": [0.557278871536, 1.1261677742, 1.68344664574, 2.21750569344, 2.75156450272, 3.32045340538, 3.92417216301, 4.52789115906, 5.10838985443, 5.71210861206, 6.33904743195, 6.98920631409, 7.63936471939, 8.27791404724, 8.91646194458, 9.54340076447, 10.1703395844, 10.774058342, 11.4242172241, 12.0627660751, 12.6664848328, 13.2818136215, 13.8855323792, 14.4660310745, 15.0929698944, 15.7315187454, 16.3468475342, 16.99700737, 17.6355552673, 18.2857131958, 18.9242630005, 19.5279808044, 20.154920578, 20.758638382, 21.3623580933, 22.0125160217, 22.616235733, 23.219953537, 23.8701133728, 24.5202713013, 25.1472110748, 25.774148941, 26.3778686523, 27.0280265808, 27.6549663544, 28.3283443451, 29.0017223358, 29.6518821716, 30.2788200378, 30.9057598114, 31.5210876465, 32.1596374512, 32.7865753174, 33.4135131836, 34.0520629883, 34.6790008545, 35.2711105347, 35.8748283386, 36.5017662048, 37.1287078857, 37.7324256897, 38.3013153076, 38.8818130493, 39.4739227295, 40.0544204712, 40.6581382751, 41.2386398315, 41.8191375732, 42.4344673157, 43.0497932434, 43.6767349243, 44.3152809143]
},
"tonal": {
    "chords_changes_rate": 0.031893003732,
    "chords_number_rate": 0.00720164598897,
    "chords_strength": {
        "mean": 0.515800178051,
        "var": 0.00686276843771
    },
    "hpcp_entropy": {
        "mean": 0.925813019276,
        "var": 0.378364384174
    },
    "key_strength": 0.652536809444,
    "tuning_diatonic_strength": 0.40534889698,
    "tuning_equal_tempered_deviation": 0.00269852508791,
    "tuning_frequency": 440.508636475,
    "tuning_nontempered_energy_ratio": 0.591203808784,
    "hpcp": {
        "mean": [0.00968305487186, 0.00887085311115, 0.109255552292, 0.179830431938, 0.0788556113839, 0.0121676214039, 0.0156956613064, 0.0160208102316, 0.189123138785, 0.312371611595, 0.140405058861, 0.0424925871193, 0.065028861165, 0.0421216450632, 0.182706668973, 0.289992809296, 0.135837867856, 0.185113176703, 0.301674485207, 0.136365219951, 0.00548734376207, 0.00373279186897, 0.00761963846162, 0.10865419358, 0.186955899, 0.0879215598106, 0.00470882328227, 0.00294903875329, 0.00965953059494, 0.130444958806, 0.210845053196, 0.0962415039539, 0.110278367996, 0.197876065969, 0.0998997241259, 0.0105530628935],
        "var": [0.000650034227874, 0.00055921782041, 0.0349325537682, 0.0935947448015, 0.0178112778813, 0.00215518032201, 0.00702830357477, 0.00346645899117, 0.0576057322323, 0.153955429792, 0.0323276743293, 0.0179747473449, 0.0451440103352, 0.0136785637587, 0.0673941895366, 0.16309440136, 0.0314290039241, 0.0569892413914, 0.144086062908, 0.0316891632974, 0.000780758215114, 0.000702676246874, 0.000535816245247, 0.0309759881347, 0.0955213084817, 0.0238443389535, 0.000523525755852, 0.000465545919724, 0.00116976432037, 0.0411487817764, 0.108549259603, 0.0209704395384, 0.0376883819699, 0.125247716904, 0.0325388945639, 0.000853287114296]
    },
    "chords_histogram": [0.411522626877, 27.1604938507, 7.09876537323, 0, 2.46913576126, 0, 0, 0, 0.102880656719, 0, 0, 0, 0, 0, 0, 0, 0, 0, 0, 0, 7.61316871643, 19.2386837006, 13.3744859695, 22.5308647156],
    "thpcp": [1, 0.449480861425, 0.136032164097, 0.208177879453, 0.134844660759, 0.584901630878, 0.928358376026, 0.434859842062, 0.592605650425, 0.965755105019, 0.436548054218, 0.0175667162985, 0.0119498437271, 0.0243928655982, 0.347836315632, 0.598504781723, 0.281464636326, 0.0150744281709, 0.00944080296904, 0.0309232026339, 0.41759544611, 0.674981474876, 0.308099389076, 0.35303580761, 0.633463680744, 0.319810509682, 0.0337836816907, 0.0309985112399, 0.0283983964473, 0.349761456251, 0.575693905354, 0.252441674471, 0.0389523915946, 0.0502467602491, 0.0512876622379, 0.605442762375],
    "chords_key": "G",
    "chords_scale": "minor",
    "key_key": "D#",
    "key_scale": "major"
}
}