{
"lowlevel": {
    "average_loudness": 0.903427958488,
    "barkbands_crest": {
        "mean": 10.505818367,
        "var": 15.5924482346
    },
    "barkbands_flatness_db": {
        "mean": 0.227174282074,
        "var": 0.00219308119267
    },
    "barkbands_kurtosis": {
        "mean": 1.50240421295,
        "var": 10.0813522339
    },
    "barkbands_skewness": {
        "mean": 0.618620097637,
        "var": 0.638172864914
    },
    "barkbands_spread": {
        "mean": 10.7562961578,
        "var": 25.5280017853
    },
    "dissonance": {
        "mean": 0.441812127829,
        "var": 0.0012185848318
    },
    "dynamic_complexity": 5.07684421539,
    "erbbands_crest": {
        "mean": 11.9867944717,
        "var": 23.2257518768
    },
    "erbbands_flatness_db": {
        "mean": 0.302036941051,
        "var": 0.00302697089501
    },
    "erbbands_kurtosis": {
        "mean": 0.949883401394,
        "var": 4.57895994186
    },
    "erbbands_skewness": {
        "mean": 0.415447384119,
        "var": 0.489061951637
    },
    "erbbands_spread": {
        "mean": 16.4306774139,
        "var": 61.9776535034
    },
    "hfc": {
        "mean": 22.7651844025,
        "var": 457.809082031
    },
    "melbands_crest": {
        "mean": 12.5757751465,
        "var": 24.8344020844
    },
    "melbands_flatness_db": {
        "mean": 0.227769032121,
        "var": 0.00149275094736
    },
    "melbands_kurtosis": {
        "mean": 2.71325349808,
        "var": 16.7671833038
    },
    "melbands_skewness": {
        "mean": 0.8650791049,
        "var": 0.685168027878
    },
    "melbands_spread": {
        "mean": 18.8687877655,
        "var": 69.7676315308
    },
    "pitch_salience": {
        "mean": 0.561450064182,
        "var": 0.00946563668549
    },
    "silence_rate_20dB": {
        "mean": 1,
        "var": 0
    },
    "silence_rate_30dB": {
        "mean": 0.999485075474,
        "var": 0.000514663988724
    },
    "silence_rate_60dB": {
        "mean": 0.170957773924,
        "var": 0.141730159521
    },
    "spectral_centroid": {
        "mean": 1547.40490723,
        "var": 206510.75
    },
    "spectral_complexity": {
        "mean": 14.4742536545,
        "var": 48.6397361755
    },
    "spectral_decrease": {
        "mean": -4.15842915658e-009,
        "var": 1.33544264983e-017
    },
    "spectral_energy": {
        "mean": 0.01775973849,
        "var": 0.00024551077513
    },
    "spectral_energyband_high": {
        "mean": 0.000190047067008,
        "var": 5.17791356458e-008
    },
    "spectral_energyband_low": {
        "mean": 5.15148312843e-005,
        "var": 1.35063809026e-008
    },
    "spectral_energyband_middle_high": {
        "mean": 0.0125588728115,
        "var": 0.000201334158191
    },
    "spectral_energyband_middle_low": {
        "mean": 0.00509531982243,
        "var": 2.36711075559e-005
    },
    "spectral_entropy": {
        "mean": 6.85430955887,
        "var": 0.116881512105
    },
    "spectral_flux": {
        "mean": 0.0450759343803,
        "var": 0.000711930566467
    },
    "spectral_kurtosis": {
        "mean": 8.96283721924,
        "var": 21.4769058228
    },
    "spectral_rms": {
        "mean": 0.0036957198754,
        "var": 3.66822587239e-006
    },
    "spectral_rolloff": {
        "mean": 1718.31750488,
        "var": 443791.5
    },
    "spectral_skewness": {
        "mean": 1.73240721226,
        "var": 0.233312740922
    },
    "spectral_spread": {
        "mean": 2354387.25,
        "var": 1.2623806464e+012
    },
    "spectral_strongpeak": {
        "mean": 2.74893164635,
        "var": 5.90969944
    },
    "zerocrossingrate": {
        "mean": 0.0609343312681,
        "var": 0.000362060789485
    },
    "barkbands": {
        "mean": [8.60846185446e-008, 2.17143588088e-006, 1.75843251782e-005, 9.51997644734e-005, 0.000347623048583, 0.000184210060979, 0.0007939771167, 0.00130109186284, 0.00214952696115, 0.00107595755253, 0.00166403106414, 0.00277263391763, 0.00193322985433, 0.00157771119848, 0.00174990098458, 0.000680695986375, 0.000467286241474, 0.000336538738338, 0.000347227993188, 0.00012255270849, 0.000101147066744, 3.36745433742e-005, 3.39424445883e-006, 1.46675233736e-006, 6.85902250552e-007, 1.56220394842e-007, 4.09008427127e-009],
        "var": [3.50284932353e-013, 5.11956067817e-011, 3.33926908347e-009, 4.11624476726e-008, 2.4311003699e-007, 1.79900311537e-007, 2.3292318474e-006, 5.26359826836e-006, 1.2404681911e-005, 3.566540272e-006, 3.1435793062e-005, 5.29740063939e-005, 1.18883635878e-005, 1.99195947062e-005, 8.2071601355e-006, 2.8109232062e-006, 6.14123564446e-007, 2.57096615996e-007, 1.75999019802e-007, 2.72230433751e-008, 1.86286399639e-008, 4.56560611539e-009, 3.7307185119e-011, 3.00057071204e-012, 6.30486982067e-013, 6.55724660768e-014, 2.81193497967e-016]
    },
    "erbbands": {
        "mean": [2.35405896092e-005, 0.000957166485023, 0.0170317031443, 0.169317960739, 0.768094718456, 1.3025624752, 0.934453189373, 1.79066300392, 8.90062522888, 16.1809463501, 39.4909629822, 53.2636146545, 27.9149742126, 42.1193275452, 84.7231216431, 113.071739197, 97.5153808594, 88.5252380371, 69.139213562, 82.9749984741, 36.80991745, 26.5689105988, 21.156999588, 19.4560604095, 12.5171928406, 6.39463853836, 4.65213823318, 3.18571543694, 1.28836429119, 0.295408040285, 0.0763456001878, 0.0333353355527, 0.0225302390754, 0.0085054654628, 0.00564632518217, 0.00123297213577, 0.000185152850463, 2.57853735093e-005, 1.13758806037e-005, 2.22373637371e-005],
        "var": [2.47872811165e-009, 7.43321879781e-006, 0.00220827478915, 0.120059013367, 1.66637885571, 5.35161781311, 2.45797181129, 14.2613286972, 478.003082275, 466.049346924, 3576.76318359, 7388.84960938, 2017.11950684, 5996.80224609, 44136.28125, 65347.5, 26982.7148438, 55477.46875, 13657.6289063, 23012.0761719, 10312.3154297, 1999.37109375, 900.197937012, 535.983215332, 276.366760254, 61.2313423157, 40.242816925, 22.5257892609, 5.05177021027, 0.267090111971, 0.00937298033386, 0.00136226718314, 0.000974672380835, 8.23822047096e-005, 6.54870818835e-005, 3.73637294615e-006, 6.96420698887e-008, 2.13632489476e-009, 9.74015659794e-011, 3.8614086928e-010]
    },
    "gfcc": {
        "mean": [-111.569633484, 87.6691894531, -224.427764893, -17.8842411041, -69.808380127, -19.2399692535, -33.7767486572, -8.69555950165, -24.6729068756, -4.0363240242, -14.6740407944, -15.8517723083, -11.468082428],
        "cov": [[8423.86230469, -526.965759277, -3033.10913086, -501.549987793, -638.519836426, -264.130584717, 264.452911377, -500.864868164, -47.6549110413, -399.950714111, 157.918930054, -378.668792725, 392.547912598], [-526.965759277, 1438.23364258, 1180.87841797, 288.350250244, 230.90461731, -117.810691833, -146.520080566, 99.8090744019, -265.630462646, -319.130462646, -97.2677078247, -286.701416016, -247.075241089], [-3033.10913086, 1180.87841797, 2099.90429688, 444.616882324, 331.670837402, 24.1941795349, -293.703155518, 299.088470459, -283.597320557, -143.593261719, -149.528030396, -119.211555481, -387.655792236], [-501.549987793, 288.350250244, 444.616882324, 271.028533936, 138.670837402, 15.4679327011, -71.8363418579, 19.1133823395, -50.6736068726, -53.1752243042, -50.9116668701, -41.0818557739, -68.3303985596], [-638.519836426, 230.90461731, 331.670837402, 138.670837402, 238.339889526, 45.9831962585, -13.1039648056, 32.6916847229, -27.7926673889, -4.72006034851, -23.2616958618, 17.036359787, -37.1716995239], [-264.130584717, -117.810691833, 24.1941795349, 15.4679327011, 45.9831962585, 147.583267212, 81.5844955444, -4.70834875107, 33.2798423767, 38.2221755981, -15.7059593201, 32.6325759888, 0.64932924509], [264.452911377, -146.520080566, -293.703155518, -71.8363418579, -13.1039648056, 81.5844955444, 274.055908203, 33.669342041, 96.0686569214, 50.0711975098, -19.9000663757, 37.7480316162, 33.1375312805], [-500.864868164, 99.8090744019, 299.088470459, 19.1133823395, 32.6916847229, -4.70834875107, 33.669342041, 245.524703979, 23.7788791656, 36.2641220093, -16.9802722931, -14.4955425262, -124.505981445], [-47.6549110413, -265.630462646, -283.597320557, -50.6736068726, -27.7926673889, 33.2798423767, 96.0686569214, 23.7788791656, 249.341796875, 162.392486572, 30.9129600525, 60.7961349487, 38.4540061951], [-399.950714111, -319.130462646, -143.593261719, -53.1752243042, -4.72006034851, 38.2221755981, 50.0711975098, 36.2641220093, 162.392486572, 237.359634399, 34.5979423523, 115.593261719, 45.8603477478], [157.918930054, -97.2677078247, -149.528030396, -50.9116668701, -23.2616958618, -15.7059593201, -19.9000663757, -16.9802722931, 30.9129600525, 34.5979423523, 117.201980591, 32.5788650513, 2.29972577095], [-378.668792725, -286.701416016, -119.211555481, -41.0818557739, 17.036359787, 32.6325759888, 37.7480316162, -14.4955425262, 60.7961349487, 115.593261719, 32.5788650513, 221.466293335, 119.843193054], [392.547912598, -247.075241089, -387.655792236, -68.3303985596, -37.1716995239, 0.64932924509, 33.1375312805, -124.505981445, 38.4540061951, 45.8603477478, 2.29972577095, 119.843193054, 222.053451538]],
        "icov": [[0.000972315319814, -0.00164487480652, 0.00302999909036, -0.00122604402713, 0.00148389092647, -0.00139170279726, 0.00117089482956, -0.00118998391554, 0.00154450454284, -4.71570347145e-005, 0.000382280180929, 2.45265800913e-005, 0.000498915673234], [-0.00164487480652, 0.00727854901925, -0.00855153705925, 0.00281666941009, -0.00499438494444, 0.00733221136034, -0.00550562469289, 0.00354201183654, -0.00378894410096, 0.00322446995415, -0.00307520153001, 0.00480169989169, -0.00367509620264], [0.00302999909036, -0.00855153705925, 0.0139922648668, -0.00563018023968, 0.00570808583871, -0.00882930587977, 0.00801443774253, -0.00612137373537, 0.00694168778136, -0.00269685545936, 0.00483059464023, -0.00480187544599, 0.00607272423804], [-0.00122604402713, 0.00281666941009, -0.00563018023968, 0.00926991458982, -0.00518871471286, 0.00264468230307, -0.00132119329646, 0.00313757522963, -0.00388197600842, 0.0018224894302, 0.000548534211703, 0.00123966147657, -0.000973802991211], [0.00148389092647, -0.00499438494444, 0.00570808583871, -0.00518871471286, 0.0107288584113, -0.00615205662325, 0.00285464921035, -0.00276422617026, 0.00334947789088, -0.00204195617698, 0.000867778202519, -0.00326225324534, 0.0016193917254], [-0.00139170279726, 0.00733221136034, -0.00882930587977, 0.00264468230307, -0.00615205662325, 0.0177271813154, -0.00940217915922, 0.00616737734526, -0.00373817747459, 0.0021297391504, -0.0024723042734, 0.00420822110027, -0.00224008155055], [0.00117089482956, -0.00550562469289, 0.00801443774253, -0.00132119329646, 0.00285464921035, -0.00940217915922, 0.0116808181629, -0.00516230473295, 0.00142450735439, -0.00108248519246, 0.0052733249031, -0.00488615175709, 0.00381595385261], [-0.00118998391554, 0.00354201183654, -0.00612137373537, 0.00313757522963, -0.00276422617026, 0.00616737734526, -0.00516230473295, 0.0105128893629, -0.00329423043877, -0.000151776417624, -0.000138021510793, 4.20927026425e-005, 0.00308850244619], [0.00154450454284, -0.00378894410096, 0.00694168778136, -0.00388197600842, 0.00334947789088, -0.00373817747459, 0.00142450735439, -0.00329423043877, 0.0122684445232, -0.00703638605773, 0.000753695960157, -0.000280928274151, 0.00196220097132], [-4.71570347145e-005, 0.00322446995415, -0.00269685545936, 0.0018224894302, -0.00204195617698, 0.0021297391504, -0.00108248519246, -0.000151776417624, -0.00703638605773, 0.0127911604941, -0.00200399779715, -0.000407470623031, -0.00193026848137], [0.000382280180929, -0.00307520153001, 0.00483059464023, 0.000548534211703, 0.000867778202519, -0.0024723042734, 0.0052733249031, -0.000138021510793, 0.000753695960157, -0.00200399779715, 0.0146649358794, -0.0066069806926, 0.0074898651801], [2.45265800913e-005, 0.00480169989169, -0.00480187544599, 0.00123966147657, -0.00326225324534, 0.00420822110027, -0.00488615175709, 4.20927026425e-005, -0.000280928274151, -0.000407470623031, -0.0066069806926, 0.016095681116, -0.010993430391], [0.000498915673234, -0.00367509620264, 0.00607272423804, -0.000973802991211, 0.0016193917254, -0.00224008155055, 0.00381595385261, 0.00308850244619, 0.00196220097132, -0.00193026848137, 0.0074898651801, -0.010993430391, 0.0171885639429]]
    },
    "melbands": {
        "mean": [3.50693653672e-007, 5.50778077013e-006, 4.6159766498e-005, 7.765598275e-005, 3.88459920941e-005, 4.11773216911e-005, 0.000143242417835, 0.000189468817553, 0.000375454459572, 0.000297452352243, 0.000135668029543, 0.000165828794707, 0.000286028167466, 0.000326962792315, 0.000255861523328, 0.000164423530805, 0.000166658865055, 0.000101039397123, 0.000113738438813, 8.47902701935e-005, 3.40458936989e-005, 2.72675479209e-005, 2.28444132517e-005, 1.68047154148e-005, 1.57447411766e-005, 1.18261068565e-005, 5.57944895263e-006, 3.85144630854e-006, 3.03688170789e-006, 2.14570877688e-006, 1.86208467312e-006, 8.7022471007e-007, 3.0792779171e-007, 1.06942934508e-007, 4.35717453229e-008, 2.58848249501e-008, 1.71806391336e-008, 1.6801509517e-008, 1.21365868466e-008, 5.19570608759e-009],
        "var": [1.12693990424e-012, 3.04604813595e-010, 6.52804565959e-009, 1.30413999599e-008, 4.53209292317e-009, 9.14794817675e-009, 1.11492411747e-007, 6.39383657131e-008, 2.78336074189e-007, 2.30206083529e-007, 5.65388802443e-008, 8.62672067115e-008, 7.31425473077e-007, 8.90619560323e-007, 1.79655913257e-007, 7.35439158461e-008, 2.67598267101e-007, 3.43839090533e-008, 3.95960917388e-008, 2.58810821663e-008, 1.45599905466e-008, 2.90044188667e-009, 1.538768446e-009, 5.66454161355e-010, 4.10797784678e-010, 2.36863306746e-010, 7.18402351496e-011, 2.70567231814e-011, 2.19074775681e-011, 1.06437662503e-011, 1.1828377687e-011, 2.82482717773e-012, 3.8843407657e-013, 6.57040204579e-014, 4.02100346699e-015, 8.8333243833e-016, 4.45135030842e-016, 6.48122400306e-016, 3.06159344101e-016, 3.22233104529e-017]
    },
    "mfcc": {
        "mean": [-728.272521973, 122.91217804, -97.6649017334, -10.4183721542, -36.7552490234, -16.1774845123, -13.9423456192, -16.190568924, -10.6972303391, -7.0091791153, -1.15377092361, -5.02457857132, -8.30059146881],
        "cov": [[8739.02441406, -416.642364502, -3038.96240234, -466.082611084, -1397.01342773, -89.0381774902, -160.111831665, -263.64831543, -135.495071411, -149.112304688, -187.704147339, -126.44657135, -291.970855713], [-416.642364502, 1171.36938477, 676.977905273, 317.885162354, 341.118713379, -204.934356689, 149.041381836, 121.750907898, -136.265701294, 32.6518554688, -57.0333251953, -205.162216187, -120.798233032], [-3038.96240234, 676.977905273, 1701.96716309, 330.199005127, 674.491027832, -130.452697754, 119.920806885, 191.405090332, -87.6400909424, 73.2649078369, 35.3125495911, -108.078735352, -19.5921363831], [-466.082611084, 317.885162354, 330.199005127, 296.075714111, 223.009475708, -37.4426765442, 51.9775428772, 58.7465744019, -14.6166467667, 8.40333271027, -33.319770813, -48.5944747925, -30.9705905914], [-1397.01342773, 341.118713379, 674.491027832, 223.009475708, 511.534667969, -32.9166984558, 41.0346374512, 52.6748428345, -82.7289428711, 25.9337234497, -26.8840885162, -52.3332672119, 3.70775842667], [-89.0381774902, -204.934356689, -130.452697754, -37.4426765442, -32.9166984558, 278.503753662, 6.00997591019, -58.616771698, 132.706588745, -29.8436737061, -28.5302028656, 61.926486969, 64.8223342896], [-160.111831665, 149.041381836, 119.920806885, 51.9775428772, 41.0346374512, 6.00997591019, 157.581176758, 84.4445724487, -18.316986084, -9.24830722809, -15.7905006409, -24.4699630737, -16.0066699982], [-263.64831543, 121.750907898, 191.405090332, 58.7465744019, 52.6748428345, -58.616771698, 84.4445724487, 172.85369873, -2.5363676548, 16.1132183075, 27.8652305603, -14.2596731186, -6.82494497299], [-135.495071411, -136.265701294, -87.6400909424, -14.6166467667, -82.7289428711, 132.706588745, -18.316986084, -2.5363676548, 266.006561279, 27.7009716034, 43.6274375916, 97.4678726196, 67.067276001], [-149.112304688, 32.6518554688, 73.2649078369, 8.40333271027, 25.9337234497, -29.8436737061, -9.24830722809, 16.1132183075, 27.7009716034, 134.843490601, 83.147895813, 10.332947731, -4.01475334167], [-187.704147339, -57.0333251953, 35.3125495911, -33.319770813, -26.8840885162, -28.5302028656, -15.7905006409, 27.8652305603, 43.6274375916, 83.147895813, 238.193771362, 84.6564102173, 35.9719848633], [-126.44657135, -205.162216187, -108.078735352, -48.5944747925, -52.3332672119, 61.926486969, -24.4699630737, -14.2596731186, 97.4678726196, 10.332947731, 84.6564102173, 187.507400513, 104.984542847], [-291.970855713, -120.798233032, -19.5921363831, -30.9705905914, 3.70775842667, 64.8223342896, -16.0066699982, -6.82494497299, 67.067276001, -4.01475334167, 35.9719848633, 104.984542847, 163.28553772]],
        "icov": [[0.000539435597602, -0.000382772705052, 0.000912013987545, -0.00018960412126, 0.000685959064867, -1.62714659382e-005, 0.000342863204423, -0.000218317800318, 0.000437392503954, -3.68192377209e-005, 0.000122761994135, 7.92206919868e-005, 0.000511688587721], [-0.000382772705052, 0.00210563023575, -0.000892114709131, -0.000950866378844, -0.000711615604814, 0.00108503119554, -0.00156998657621, 0.000704462232534, -0.000629553222097, -8.36250328575e-005, -0.000161310730618, 0.00123712024651, -0.000456480338471], [0.000912013987545, -0.000892114709131, 0.00304787722416, -0.000163234086358, -0.000672591500916, 0.000219986584852, 0.000453682936495, -0.00112149270717, 0.000344320258591, -2.87235452561e-005, -0.000225731360842, 0.000552985235117, 0.000783127208706], [-0.00018960412126, -0.000950866378844, -0.000163234086358, 0.00651685614139, -0.00267093814909, 0.000256940023974, -0.000312106887577, -0.000749842729419, -0.00142618035898, 0.00036874882062, 0.000538005144335, -0.000515090650879, 0.000878210936207], [0.000685959064867, -0.000711615604814, -0.000672591500916, -0.00267093814909, 0.00665506580845, -0.00130928412545, 0.00127552251797, 5.41350018466e-005, 0.00265774922445, -0.00109299004544, 0.000873762124684, -0.000403286452638, -0.000442943535745], [-1.62714659382e-005, 0.00108503119554, 0.000219986584852, 0.000256940023974, -0.00130928412545, 0.00712104793638, -0.00313319498673, 0.00297965435311, -0.00369567447342, 0.00113867607433, 0.000601950916462, 0.000716370355804, -0.0011783571681], [0.000342863204423, -0.00156998657621, 0.000453682936495, -0.000312106887577, 0.00127552251797, -0.00313319498673, 0.011119633913, -0.0057832216844, 0.0020899977535, 0.000337609701091, 0.00062103883829, -0.000909589871299, 0.00110790343024], [-0.000218317800318, 0.000704462232534, -0.00112149270717, -0.000749842729419, 5.41350018466e-005, 0.00297965435311, -0.0057832216844, 0.010427092202, -0.00182604766451, 0.000182155257789, -0.00105483899824, 0.000832912162878, -0.00100984878372], [0.000437392503954, -0.000629553222097, 0.000344320258591, -0.00142618035898, 0.00265774922445, -0.00369567447342, 0.0020899977535, -0.00182604766451, 0.00753683922812, -0.0019993763417, 0.00032962631667, -0.00239398144186, -5.57065395697e-005], [-3.68192377209e-005, -8.36250328575e-005, -2.87235452561e-005, 0.00036874882062, -0.00109299004544, 0.00113867607433, 0.000337609701091, 0.000182155257789, -0.0019993763417, 0.0105415629223, -0.00379207381047, 0.00107488327194, 0.000776986242272], [0.000122761994135, -0.000161310730618, -0.000225731360842, 0.000538005144335, 0.000873762124684, 0.000601950916462, 0.00062103883829, -0.00105483899824, 0.00032962631667, -0.00379207381047, 0.00712213199586, -0.00339438696392, 0.0003178982588], [7.92206919868e-005, 0.00123712024651, 0.000552985235117, -0.000515090650879, -0.000403286452638, 0.000716370355804, -0.000909589871299, 0.000832912162878, -0.00239398144186, 0.00107488327194, -0.00339438696392, 0.0122886169702, -0.00544752227142], [0.000511688587721, -0.000456480338471, 0.000783127208706, 0.000878210936207, -0.000442943535745, -0.0011783571681, 0.00110790343024, -0.00100984878372, -5.57065395697e-005, 0.000776986242272, 0.0003178982588, -0.00544752227142, 0.0109807122499]]
    },
    "spectral_contrast_coeffs": {
        "mean": [-0.570708632469, -0.632264137268, -0.667145550251, -0.659952104092, -0.679227590561, -0.679219245911],
        "var": [0.0170208048075, 0.00888657290488, 0.0101660946384, 0.00834251381457, 0.00514296954498, 0.00724305817857]
    },
    "spectral_contrast_valleys": {
        "mean": [-10.832736969, -8.01546096802, -7.95125770569, -8.35045146942, -8.81419372559, -12.7173786163],
        "var": [0.597328662872, 0.721324145794, 1.04048764706, 0.928392350674, 0.943010151386, 0.620775938034]
    }
},
"metadata": {
    "audio_properties": {
        "analysis_sample_rate": 44100,
        "bit_rate": 128074,
        "equal_loudness": 0,
        "length": 45.0612258911,
        "lossless": 0,
        "replay_gain": -5.49264335632,
        "sample_rate": 44100,
        "codec": "mp3",
        "downmix": "mix",
        "md5_encoded": "fa3290033141c8120dd584bfb2437135"
    },
    "tags": {
        "file_name": "1137.mp3"
    },
    "version": {
        "essentia": "2.1-beta2",
        "essentia_git_sha": "v2.1_beta2",
        "extractor": "music 1.0"
    }
},
"rhythm": {
    "beats_count": 88,
    "beats_loudness": {
        "mean": 0.0211805794388,
        "var": 0.000308969407342
    },
    "bpm": 125.620101929,
    "bpm_histogram_first_peak_bpm": {
        "mean": 126,
        "var": 0
    },
    "bpm_histogram_first_peak_spread": {
        "mean": 0.370370358229,
        "var": 0
    },
    "bpm_histogram_first_peak_weight": {
        "mean": 0.195402294397,
        "var": 0
    },
    "bpm_histogram_second_peak_bpm": {
        "mean": 103,
        "var": 0
    },
    "bpm_histogram_second_peak_spread": {
        "mean": 0.629629671574,
        "var": 0
    },
    "bpm_histogram_second_peak_weight": {
        "mean": 0.114942528307,
        "var": 0
    },
    "danceability": 0.976934373379,
    "onset_rate": 1.81892621517,
    "beats_loudness_band_ratio": {
        "mean": [0.0431813038886, 0.0652292221785, 0.343955457211, 0.364152133465, 0.184256374836, 0.0336602665484],
        "var": [0.00797510519624, 0.0149616179988, 0.0539290457964, 0.0463683046401, 0.0205529071391, 0.00052581174532]
    },
    "beats_position": [0.417959183455, 0.835918366909, 1.25387752056, 1.67183673382, 2.08979582787, 2.50775504112, 2.99537420273, 3.48299312592, 3.97061228752, 4.446621418, 4.92263031006, 5.39863920212, 5.87464857101, 6.35065746307, 6.82666635513, 7.2910656929, 7.73224496841, 8.18503379822, 8.63782310486, 9.12544155121, 9.63628101349, 10.1355104446, 10.6347389221, 11.1339683533, 11.6099767685, 12.1208162308, 12.6200447083, 13.1192741394, 13.6417226791, 14.1641721725, 14.6866207123, 15.2090702057, 15.7199087143, 16.2307472229, 16.7415866852, 17.2640361786, 17.7980957031, 18.2741031647, 18.7501125336, 19.2261219025, 19.7021312714, 20.1665306091, 20.642539978, 21.037279129, 21.43201828, 21.826757431, 22.221496582, 22.616235733, 23.010974884, 23.4173240662, 23.9049434662, 24.3809528351, 24.8685703278, 25.3445796967, 25.8089790344, 26.2849884033, 26.7726078033, 27.2486171722, 27.7246246338, 28.316734314, 28.9088420868, 29.4893417358, 30.0930614471, 30.68516922, 31.2772789001, 31.8809967041, 32.4731063843, 33.0768241882, 33.6805419922, 34.2958717346, 34.9112014771, 35.5033111572, 36.0838088989, 36.6526985168, 37.2331962585, 37.8136940002, 38.3825836182, 38.9630813599, 39.5435829163, 40.1124725342, 40.6929702759, 41.2618598938, 41.8423576355, 42.4344673157, 43.0149650574, 43.5838546753, 44.1527442932, 44.7332420349]
},
"tonal": {
    "chords_changes_rate": 0.0411522649229,
    "chords_number_rate": 0.0144032919779,
    "chords_strength": {
        "mean": 0.551812887192,
        "var": 0.017640421167
    },
    "hpcp_entropy": {
        "mean": 1.4954533577,
        "var": 0.42644277215
    },
    "key_strength": 0.595875203609,
    "tuning_diatonic_strength": 0.418019473553,
    "tuning_equal_tempered_deviation": 0.0604148618877,
    "tuning_frequency": 441.017791748,
    "tuning_nontempered_energy_ratio": 0.665531396866,
    "hpcp": {
        "mean": [0.202467083931, 0.114849537611, 0.055962447077, 0.0548649542034, 0.0598112531006, 0.228418722749, 0.322763264179, 0.162072360516, 0.0773257911205, 0.0776753425598, 0.0579105764627, 0.139983534813, 0.192639604211, 0.104581579566, 0.161830246449, 0.296189278364, 0.191210716963, 0.0916955322027, 0.101591452956, 0.115201838315, 0.238325849175, 0.266627371311, 0.122155226767, 0.0462849773467, 0.0427197366953, 0.0545408427715, 0.118235267699, 0.14827015996, 0.098019592464, 0.118620052934, 0.147552356124, 0.0819391384721, 0.0810481309891, 0.107395209372, 0.0675608962774, 0.129918456078],
        "var": [0.092795111239, 0.0269921366125, 0.014825111255, 0.0166738815606, 0.0179163534194, 0.0717502608895, 0.126922979951, 0.0364702939987, 0.0226448345929, 0.0270493105054, 0.0139106782153, 0.0516421981156, 0.107515923679, 0.0284864474088, 0.0475908145308, 0.137570872903, 0.0691883340478, 0.0282352324575, 0.0376673229039, 0.0416330620646, 0.102129369974, 0.124982237816, 0.0337289385498, 0.013103229925, 0.0143845146522, 0.0255057830364, 0.0357014872134, 0.0499963536859, 0.0210188422352, 0.0462106764317, 0.0654666498303, 0.0207951813936, 0.0229952149093, 0.0610258467495, 0.0179970692843, 0.0381149984896]
    },
    "chords_histogram": [1.13168728352, 0.514403283596, 11.2139921188, 8.64197540283, 4.01234579086, 1.74897122383, 0, 3.60082316399, 0, 1.64609050751, 0, 0, 1.33744859695, 0, 4.83539104462, 1.74897122383, 0, 0, 0, 1.13168728352, 0, 15.7407407761, 23.9711933136, 18.7242794037],
    "thpcp": [1, 0.502140045166, 0.239574328065, 0.240657314658, 0.179421216249, 0.433703422546, 0.596844911575, 0.32401946187, 0.501389920712, 0.917667269707, 0.592417836189, 0.284095317125, 0.314755320549, 0.356923639774, 0.738392114639, 0.826077222824, 0.378466933966, 0.143402248621, 0.132356256247, 0.168980956078, 0.366321951151, 0.45937743783, 0.303688824177, 0.367514103651, 0.457153499126, 0.253867596388, 0.251107037067, 0.33273679018, 0.209320276976, 0.402519345284, 0.627292811871, 0.355832129717, 0.173385426402, 0.169985130429, 0.185309976339, 0.70769739151],
    "chords_key": "G",
    "chords_scale": "major",
    "key_key": "D",
    "key_scale": "major"
}
}