{
"lowlevel": {
    "average_loudness": 0.954972803593,
    "barkbands_crest": {
        "mean": 12.8308105469,
        "var": 16.6782264709
    },
    "barkbands_flatness_db": {
        "mean": 0.3807721138,
        "var": 0.00428075017408
    },
    "barkbands_kurtosis": {
        "mean": 2.36286783218,
        "var": 40.8008308411
    },
    "barkbands_skewness": {
        "mean": 0.838624596596,
        "var": 1.11746692657
    },
    "barkbands_spread": {
        "mean": 7.02523899078,
        "var": 32.4998588562
    },
    "dissonance": {
        "mean": 0.383398026228,
        "var": 0.0044551352039
    },
    "dynamic_complexity": 4.13025808334,
    "erbbands_crest": {
        "mean": 13.0452709198,
        "var": 18.389213562
    },
    "erbbands_flatness_db": {
        "mean": 0.411840498447,
        "var": 0.00401961244643
    },
    "erbbands_kurtosis": {
        "mean": 0.633159458637,
        "var": 22.3944854736
    },
    "erbbands_skewness": {
        "mean": 0.298368811607,
        "var": 0.738035917282
    },
    "erbbands_spread": {
        "mean": 13.3112363815,
        "var": 45.5539321899
    },
    "hfc": {
        "mean": 15.7406845093,
        "var": 159.334701538
    },
    "melbands_crest": {
        "mean": 16.3410892487,
        "var": 28.9753894806
    },
    "melbands_flatness_db": {
        "mean": 0.480148345232,
        "var": 0.00689524738118
    },
    "melbands_kurtosis": {
        "mean": 3.33485007286,
        "var": 27.2140007019
    },
    "melbands_skewness": {
        "mean": 1.18316721916,
        "var": 0.963535487652
    },
    "melbands_spread": {
        "mean": 10.8833599091,
        "var": 71.0156784058
    },
    "pitch_salience": {
        "mean": 0.52372533083,
        "var": 0.0157991424203
    },
    "silence_rate_20dB": {
        "mean": 1,
        "var": 0
    },
    "silence_rate_30dB": {
        "mean": 0.999485075474,
        "var": 0.000514644896612
    },
    "silence_rate_60dB": {
        "mean": 0.0839340910316,
        "var": 0.0768933147192
    },
    "spectral_centroid": {
        "mean": 618.724487305,
        "var": 153905.9375
    },
    "spectral_complexity": {
        "mean": 11.7209062576,
        "var": 19.6523303986
    },
    "spectral_decrease": {
        "mean": -7.35329708235e-009,
        "var": 2.3558806949e-017
    },
    "spectral_energy": {
        "mean": 0.0291807688773,
        "var": 0.00037400596193
    },
    "spectral_energyband_high": {
        "mean": 3.9967704879e-007,
        "var": 5.06829777799e-012
    },
    "spectral_energyband_low": {
        "mean": 0.00120691780467,
        "var": 2.72003489954e-006
    },
    "spectral_energyband_middle_high": {
        "mean": 0.00595395872369,
        "var": 5.01686299685e-005
    },
    "spectral_energyband_middle_low": {
        "mean": 0.022659426555,
        "var": 0.000241232497501
    },
    "spectral_entropy": {
        "mean": 5.70306062698,
        "var": 0.358856976032
    },
    "spectral_flux": {
        "mean": 0.0560416914523,
        "var": 0.00195016828366
    },
    "spectral_kurtosis": {
        "mean": 136.519271851,
        "var": 4569.04882813
    },
    "spectral_rms": {
        "mean": 0.00493123056367,
        "var": 4.15201702708e-006
    },
    "spectral_rolloff": {
        "mean": 869.526794434,
        "var": 278990.5625
    },
    "spectral_skewness": {
        "mean": 7.76477861404,
        "var": 8.55468940735
    },
    "spectral_spread": {
        "mean": 946027.5625,
        "var": 2.12762099712e+012
    },
    "spectral_strongpeak": {
        "mean": 1.69403350353,
        "var": 1.55280482769
    },
    "zerocrossingrate": {
        "mean": 0.0300715379417,
        "var": 0.000244835711783
    },
    "barkbands": {
        "mean": [2.95412723972e-006, 0.000223474940867, 0.000551287957933, 0.00127868971322, 0.00634184712544, 0.00503496360034, 0.00516956485808, 0.00260170456022, 0.00181111099664, 0.00155532662757, 0.00114549789578, 0.00129094265867, 0.00102650944609, 0.000917831843253, 0.000140884454595, 6.79634758853e-005, 1.4299812392e-005, 4.56151155959e-006, 8.36872231957e-007, 4.01115784143e-007, 3.73793547226e-008, 2.7777446121e-008, 5.28798302923e-008, 1.48218148865e-008, 4.60251614598e-009, 1.19998211368e-009, 1.02558883608e-009],
        "var": [1.39984282846e-011, 2.40407956653e-007, 8.68840629664e-007, 4.65878656541e-006, 5.65476730117e-005, 4.0448296204e-005, 6.19393904344e-005, 2.10579219129e-005, 2.15059699258e-005, 7.88010584074e-006, 3.3841054119e-006, 1.17424478958e-005, 8.77615366335e-006, 7.62549507272e-006, 5.61384254638e-008, 1.24539567992e-007, 3.13591552725e-009, 4.1728745459e-010, 1.47916106447e-011, 4.22995362695e-012, 2.08506189338e-014, 2.88439113089e-014, 7.31226331655e-014, 5.8128732913e-015, 8.78544584595e-016, 1.01050575658e-017, 2.11332362875e-018]
    },
    "erbbands": {
        "mean": [0.00310369464569, 0.0688141584396, 0.496641814709, 2.48132205009, 9.77622127533, 30.4161376953, 15.5792121887, 58.0355987549, 79.8754119873, 73.3075332642, 33.3891830444, 43.8696479797, 48.1392288208, 44.4554634094, 48.8104667664, 45.0860862732, 47.5701255798, 52.2563858032, 19.8862514496, 4.54643917084, 2.76930093765, 1.02174127102, 0.371610701084, 0.0700169801712, 0.0276121385396, 0.0157337691635, 0.00687229074538, 0.00159677292686, 0.0010147796711, 0.00276266247965, 0.000647414417472, 0.000371612724848, 0.00023208836501, 6.61196463625e-005, 5.49748037884e-005, 2.22010385187e-005, 1.1416261259e-005, 2.7579358175e-006, 1.43233073686e-005, 3.30991897499e-005],
        "var": [3.67964094039e-005, 0.0182859469205, 0.507213413715, 11.953950882, 189.026428223, 1799.25634766, 356.673095703, 5375.25195313, 14686.6826172, 12236.9599609, 5428.37988281, 9873.890625, 6181.73828125, 5260.43017578, 6519.06347656, 13354.5664063, 16136.9257813, 26229.7011719, 1483.52209473, 124.85484314, 167.58795166, 14.9604225159, 1.83200454712, 0.0471987202764, 0.0111144213006, 0.00474446825683, 0.00242934678681, 4.11811306549e-005, 1.13857322503e-005, 0.000196033521206, 5.76591219215e-006, 3.80384562959e-006, 2.02618844014e-006, 5.99279630364e-008, 7.70498687075e-008, 1.37730915561e-009, 9.48640541121e-011, 7.56741370955e-012, 9.2028232257e-011, 4.86504114772e-010]
    },
    "gfcc": {
        "mean": [-202.345596313, 246.605865479, -131.736999512, -79.2400360107, -22.1207027435, -15.0893955231, -35.0946311951, -24.946138382, -10.3346672058, -14.4303884506, -2.43519496918, -11.9816827774, -5.99888372421],
        "cov": [[14981.5029297, 5288.72998047, -701.442443848, -1062.61193848, 670.067504883, -972.771484375, -859.657653809, -1283.8326416, -210.996200562, -535.157897949, 292.530822754, -127.460174561, 442.939788818], [5288.72998047, 2858.60400391, 178.464294434, -850.969726563, 468.046783447, -452.364624023, -369.55255127, -453.518554688, -112.518630981, -304.29095459, 90.3858337402, -34.655708313, 160.16897583], [-701.442443848, 178.464294434, 559.595092773, -127.673416138, -8.40933132172, 29.7653827667, -22.2732753754, 48.3363838196, -23.3595924377, 3.20341181755, -46.7554626465, -13.5342292786, -34.5318641663], [-1062.61193848, -850.969726563, -127.673416138, 627.295288086, -52.7702064514, 120.715751648, 81.2743530273, 91.9247589111, 0.345476895571, 36.0502357483, -19.75340271, 28.5658016205, -23.9979476929], [670.067504883, 468.046783447, -8.40933132172, -52.7702064514, 288.415771484, -46.2002983093, -55.8835716248, -63.4019927979, -39.4671440125, -50.3750762939, 43.0828857422, 36.4577255249, 26.7824516296], [-972.771484375, -452.364624023, 29.7653827667, 120.715751648, -46.2002983093, 248.150100708, 132.542877197, 83.8193054199, 57.5313835144, 61.5884132385, -23.1761856079, 8.43499088287, -22.7127323151], [-859.657653809, -369.55255127, -22.2732753754, 81.2743530273, -55.8835716248, 132.542877197, 171.514083862, 135.208145142, 44.3879966736, 27.3155174255, -29.510345459, -3.3476703167, -35.1567611694], [-1283.8326416, -453.518554688, 48.3363838196, 91.9247589111, -63.4019927979, 83.8193054199, 135.208145142, 228.159591675, 59.8484153748, 4.58735179901, -61.7301254272, -6.71652603149, -50.2074432373], [-210.996200562, -112.518630981, -23.3595924377, 0.345476895571, -39.4671440125, 57.5313835144, 44.3879966736, 59.8484153748, 110.20614624, 50.8536338806, -16.6978778839, -15.5646009445, 7.06634664536], [-535.157897949, -304.29095459, 3.20341181755, 36.0502357483, -50.3750762939, 61.5884132385, 27.3155174255, 4.58735179901, 50.8536338806, 148.871368408, 42.9309883118, 0.76991802454, -12.6349134445], [292.530822754, 90.3858337402, -46.7554626465, -19.75340271, 43.0828857422, -23.1761856079, -29.510345459, -61.7301254272, -16.6978778839, 42.9309883118, 104.484367371, 55.2777900696, 15.1171741486], [-127.460174561, -34.655708313, -13.5342292786, 28.5658016205, 36.4577255249, 8.43499088287, -3.3476703167, -6.71652603149, -15.5646009445, 0.76991802454, 55.2777900696, 109.092895508, 55.1951675415], [442.939788818, 160.16897583, -34.5318641663, -23.9979476929, 26.7824516296, -22.7127323151, -35.1567611694, -50.2074432373, 7.06634664536, -12.6349134445, 15.1171741486, 55.1951675415, 120.698890686]],
        "icov": [[0.000567001872696, -0.00140991981607, 0.000968230655417, -0.000765860837419, 0.000945354055148, -0.000302395987092, 0.000354274554411, 0.000496680731885, 0.000154876062879, -0.000324033986544, -0.00025764410384, 0.000605893088505, -0.00032972599729], [-0.00140991981607, 0.0083228815347, -0.00534445140511, 0.00482440460473, -0.00661186780781, 0.00491334404796, -0.00453037116677, 0.00656957412139, -0.007443244569, 0.0113351242617, -0.00606687553227, 0.00419677747414, -0.00217237276956], [0.000968230655417, -0.00534445140511, 0.00601082202047, -0.00218610349111, 0.00412825634703, -0.0044001149945, 0.0052477051504, -0.00567275984213, 0.00649972585961, -0.00825139507651, 0.00548940803856, -0.00316447392106, 0.00176404893864], [-0.000765860837419, 0.00482440460473, -0.00218610349111, 0.00503705162555, -0.00374065875076, 0.00167149922345, -0.00162691518199, 0.00279768300243, -0.00284497393295, 0.00578434718773, -0.00249477056786, 0.00163689441979, -0.00104501156602], [0.000945354055148, -0.00661186780781, 0.00412825634703, -0.00374065875076, 0.0097197368741, -0.0047007300891, 0.00466843741015, -0.00595819298178, 0.00653601204976, -0.007675959263, 0.00308014452457, -0.0041525606066, 0.00190915982239], [-0.000302395987092, 0.00491334404796, -0.0044001149945, 0.00167149922345, -0.0047007300891, 0.0136037478223, -0.0119757112116, 0.0109953191131, -0.00987646356225, 0.00714693823829, -0.00183041347191, 0.000738175527658, -0.000430329615483], [0.000354274554411, -0.00453037116677, 0.0052477051504, -0.00162691518199, 0.00466843741015, -0.0119757112116, 0.0228417664766, -0.0164673160762, 0.00885893125087, -0.00853184610605, 0.00270068226382, -0.00165259174537, 0.00140920351259], [0.000496680731885, 0.00656957412139, -0.00567275984213, 0.00279768300243, -0.00595819298178, 0.0109953191131, -0.0164673160762, 0.0282258540392, -0.0186810251325, 0.0177977960557, -0.00375031889416, 0.00211223913357, 0.00118902756367], [0.000154876062879, -0.007443244569, 0.00649972585961, -0.00284497393295, 0.00653601204976, -0.00987646356225, 0.00885893125087, -0.0186810251325, 0.028472179547, -0.0216806698591, 0.0102774566039, -0.00305082439445, -0.00172495283186], [-0.000324033986544, 0.0113351242617, -0.00825139507651, 0.00578434718773, -0.007675959263, 0.00714693823829, -0.00853184610605, 0.0177977960557, -0.0216806698591, 0.0369047150016, -0.0247460529208, 0.0157962720841, -0.00608862703666], [-0.00025764410384, -0.00606687553227, 0.00548940803856, -0.00249477056786, 0.00308014452457, -0.00183041347191, 0.00270068226382, -0.00375031889416, 0.0102774566039, -0.0247460529208, 0.0380377210677, -0.0256575979292, 0.0120463939384], [0.000605893088505, 0.00419677747414, -0.00316447392106, 0.00163689441979, -0.0041525606066, 0.000738175527658, -0.00165259174537, 0.00211223913357, -0.00305082439445, 0.0157962720841, -0.0256575979292, 0.0327805317938, -0.0168596617877], [-0.00032972599729, -0.00217237276956, 0.00176404893864, -0.00104501156602, 0.00190915982239, -0.000430329615483, 0.00140920351259, 0.00118902756367, -0.00172495283186, -0.00608862703666, 0.0120463939384, -0.0168596617877, 0.0187399629503]]
    },
    "melbands": {
        "mean": [4.6006651246e-005, 0.000201981762075, 0.000584932626225, 0.00151567056309, 0.000736460322514, 0.00126441870816, 0.00116569211241, 0.00078382214997, 0.000232130012591, 0.000290454481728, 0.000242852605879, 0.000186756122275, 0.000140200543683, 0.000147116807057, 0.000111534034659, 0.000133161316626, 8.5911815404e-005, 3.66402382497e-005, 9.41494636209e-006, 5.58227520742e-006, 2.21701498049e-006, 1.04606453988e-006, 4.49651508916e-007, 1.97414763647e-007, 4.21616448421e-008, 3.14240793386e-008, 1.07123279136e-008, 1.09802940074e-008, 6.74163791459e-009, 6.05826999678e-010, 8.67638960678e-010, 4.2678055534e-010, 8.29738278085e-010, 1.86503301691e-009, 2.42695724628e-010, 2.95740570921e-010, 1.38599062782e-010, 1.73314862462e-010, 7.71696387347e-011, 2.38681800019e-011],
        "var": [1.01971950883e-008, 8.40890024278e-008, 8.31848069538e-007, 3.71696796719e-006, 6.92259959578e-007, 2.3261206934e-006, 2.87329430648e-006, 1.5725540834e-006, 5.3738421002e-007, 4.34735198951e-007, 1.72047776914e-007, 1.09332930265e-007, 4.42792611466e-008, 1.16447900211e-007, 2.45725772174e-007, 1.68941326706e-007, 7.62104050978e-008, 7.3126154021e-009, 5.23310339506e-010, 8.8963508782e-010, 1.02627281673e-010, 1.90164411995e-011, 2.13240970021e-012, 6.98943344608e-013, 2.30782003886e-014, 2.88681093461e-014, 1.81787691217e-015, 4.21106114321e-015, 3.35601039383e-015, 5.02035600657e-018, 1.44537090006e-017, 1.67918470849e-018, 3.97541215683e-017, 1.0851648122e-016, 1.13766626759e-018, 2.66005072257e-018, 6.26745909639e-019, 1.8165767199e-018, 2.0932194434e-019, 1.1006596901e-020]
    },
    "mfcc": {
        "mean": [-816.831176758, 261.658935547, -11.0384721756, -51.0300788879, 4.37545967102, 1.87893843651, -14.893743515, -12.0808315277, -13.2885150909, -10.4817342758, -3.97018432617, -5.25709009171, -6.46484804153],
        "cov": [[6099.69091797, 4452.47509766, -511.143585205, -517.671386719, 365.901977539, -16.8116798401, -359.032653809, -345.297332764, -435.016845703, -238.767150879, -148.601272583, -238.619689941, -141.903274536], [4452.47509766, 3717.55639648, -15.668923378, -534.350952148, 231.631851196, 27.4746208191, -315.251708984, -297.128387451, -296.944610596, -230.568344116, -120.426673889, -174.176696777, -163.936126709], [-511.143585205, -15.668923378, 445.759368896, 5.84448862076, -92.8507843018, 36.3309249878, -0.274031400681, 1.93080401421, 63.7603149414, -0.544801652431, -13.2595434189, 5.97997570038, -30.5370750427], [-517.671386719, -534.350952148, 5.84448862076, 255.804092407, 57.8736228943, -18.5603523254, 60.2787742615, 68.9637374878, 16.1649131775, 15.2835102081, 5.85764598846, 7.23579549789, 19.7623672485], [365.901977539, 231.631851196, -92.8507843018, 57.8736228943, 192.305404663, 56.2112693787, -20.6755218506, -18.4633083344, -52.1548957825, -73.710105896, -22.1661548615, 6.07648563385, -2.65061879158], [-16.8116798401, 27.4746208191, 36.3309249878, -18.5603523254, 56.2112693787, 134.380157471, 51.6043815613, -22.0371189117, -3.07530403137, -8.55911636353, -13.8833713531, 29.856962204, 35.7171440125], [-359.032653809, -315.251708984, -0.274031400681, 60.2787742615, -20.6755218506, 51.6043815613, 141.009521484, 88.313911438, 24.9840812683, 24.125043869, 28.1968002319, 31.3980789185, 25.784204483], [-345.297332764, -297.128387451, 1.93080401421, 68.9637374878, -18.4633083344, -22.0371189117, 88.313911438, 167.058731079, 98.5876235962, -4.53442668915, 5.25585412979, 40.0840797424, 6.71243095398], [-435.016845703, -296.944610596, 63.7603149414, 16.1649131775, -52.1548957825, -3.07530403137, 24.9840812683, 98.5876235962, 175.9712677, 69.1431427002, -29.4806137085, 35.4070281982, 47.6658782959], [-238.767150879, -230.568344116, -0.544801652431, 15.2835102081, -73.710105896, -8.55911636353, 24.125043869, -4.53442668915, 69.1431427002, 156.015548706, 50.8280525208, -25.4159526825, 20.910068512], [-148.601272583, -120.426673889, -13.2595434189, 5.85764598846, -22.1661548615, -13.8833713531, 28.1968002319, 5.25585412979, -29.4806137085, 50.8280525208, 125.442344666, 26.7999324799, -58.1646995544], [-238.619689941, -174.176696777, 5.97997570038, 7.23579549789, 6.07648563385, 29.856962204, 31.3980789185, 40.0840797424, 35.4070281982, -25.4159526825, 26.7999324799, 126.688476563, 53.3760757446], [-141.903274536, -163.936126709, -30.5370750427, 19.7623672485, -2.65061879158, 35.7171440125, 25.784204483, 6.71243095398, 47.6658782959, 20.910068512, -58.1646995544, 53.3760757446, 174.88861084]],
        "icov": [[0.0632035881281, -0.0885049030185, 0.0874250307679, -0.0843579396605, 0.0813653916121, -0.0793973058462, 0.0775541737676, -0.0714706853032, 0.0672765150666, -0.0577214993536, 0.0471490137279, -0.0306146144867, 0.0154653182253], [-0.0885049030185, 0.124981537461, -0.123903997242, 0.121826030314, -0.117555350065, 0.112733438611, -0.107318587601, 0.0962465256453, -0.0882611721754, 0.0753825306892, -0.0613164268434, 0.0406276993454, -0.0204851757735], [0.0874250307679, -0.123903997242, 0.127852529287, -0.125373005867, 0.123695485294, -0.117400921881, 0.107155106962, -0.0890605300665, 0.0768860280514, -0.06321144104, 0.0525969304144, -0.0346837416291, 0.0194349251688], [-0.0843579396605, 0.121826030314, -0.125373005867, 0.134995624423, -0.13061915338, 0.120541833341, -0.105162099004, 0.0778893381357, -0.0613969527185, 0.0468860566616, -0.0382823124528, 0.0272356234491, -0.0153957204893], [0.0813653916121, -0.117555350065, 0.123695485294, -0.13061915338, 0.137850269675, -0.126904547215, 0.110576614738, -0.082361727953, 0.06265604496, -0.042426366359, 0.0352924726903, -0.0242611337453, 0.0141872335225], [-0.0793973058462, 0.112733438611, -0.117400921881, 0.120541833341, -0.126904547215, 0.13809479773, -0.128334641457, 0.108047381043, -0.0868190154433, 0.0646659955382, -0.0476766601205, 0.0298582520336, -0.0172600690275], [0.0775541737676, -0.107318587601, 0.107155106962, -0.105162099004, 0.110576614738, -0.128334641457, 0.14676424861, -0.138177528977, 0.12356941402, -0.0996036008, 0.0724595412612, -0.0469906032085, 0.0211439654231], [-0.0714706853032, 0.0962465256453, -0.0890605300665, 0.0778893381357, -0.082361727953, 0.108047381043, -0.138177528977, 0.164396688342, -0.161648094654, 0.13862760365, -0.105369277298, 0.0656685605645, -0.0289798229933], [0.0672765150666, -0.0882611721754, 0.0768860280514, -0.0613969527185, 0.06265604496, -0.0868190154433, 0.12356941402, -0.161648094654, 0.183988362551, -0.163484573364, 0.131617769599, -0.0848247483373, 0.0379460416734], [-0.0577214993536, 0.0753825306892, -0.06321144104, 0.0468860566616, -0.042426366359, 0.0646659955382, -0.0996036008, 0.13862760365, -0.163484573364, 0.162095680833, -0.130349367857, 0.086089618504, -0.0414432100952], [0.0471490137279, -0.0613164268434, 0.0525969304144, -0.0382823124528, 0.0352924726903, -0.0476766601205, 0.0724595412612, -0.105369277298, 0.131617769599, -0.130349367857, 0.120588958263, -0.0766411051154, 0.0411317870021], [-0.0306146144867, 0.0406276993454, -0.0346837416291, 0.0272356234491, -0.0242611337453, 0.0298582520336, -0.0469906032085, 0.0656685605645, -0.0848247483373, 0.086089618504, -0.0766411051154, 0.0606210567057, -0.0291139613837], [0.0154653182253, -0.0204851757735, 0.0194349251688, -0.0153957204893, 0.0141872335225, -0.0172600690275, 0.0211439654231, -0.0289798229933, 0.0379460416734, -0.0414432100952, 0.0411317870021, -0.0291139613837, 0.0231104046106]]
    },
    "spectral_contrast_coeffs": {
        "mean": [-0.545050859451, -0.605901122093, -0.69543337822, -0.676722109318, -0.716919720173, -0.877559125423],
        "var": [0.0152255697176, 0.00995569676161, 0.00707480637357, 0.0052607092075, 0.00351633364335, 0.00267599127255]
    },
    "spectral_contrast_valleys": {
        "mean": [-8.60615539551, -7.2785654068, -7.64724111557, -9.03864002228, -11.8709211349, -14.2947635651],
        "var": [2.52961373329, 2.82839870453, 2.50015544891, 2.09854221344, 0.965307950974, 0.936510562897]
    }
},
"metadata": {
    "audio_properties": {
        "analysis_sample_rate": 44100,
        "bit_rate": 128074,
        "equal_loudness": 0,
        "length": 45.0612258911,
        "lossless": 0,
        "replay_gain": -4.129737854,
        "sample_rate": 44100,
        "codec": "mp3",
        "downmix": "mix",
        "md5_encoded": "575b7c5a5a3e0a4e35ed52b144c17a9b"
    },
    "tags": {
        "file_name": "1138.mp3"
    },
    "version": {
        "essentia": "2.1-beta2",
        "essentia_git_sha": "v2.1_beta2",
        "extractor": "music 1.0"
    }
},
"rhythm": {
    "beats_count": 74,
    "beats_loudness": {
        "mean": 0.0430840365589,
        "var": 0.000373481860152
    },
    "bpm": 99.9456329346,
    "bpm_histogram_first_peak_bpm": {
        "mean": 99,
        "var": 0
    },
    "bpm_histogram_first_peak_spread": {
        "mean": 0.301369845867,
        "var": 0
    },
    "bpm_histogram_first_peak_weight": {
        "mean": 0.698630154133,
        "var": 0
    },
    "bpm_histogram_second_peak_bpm": {
        "mean": 0,
        "var": 0
    },
    "bpm_histogram_second_peak_spread": {
        "mean": 0,
        "var": 0
    },
    "bpm_histogram_second_peak_weight": {
        "mean": 0,
        "var": 0
    },
    "danceability": 1.06611502171,
    "onset_rate": 4.34767723083,
    "beats_loudness_band_ratio": {
        "mean": [0.0830181464553, 0.412309736013, 0.370507717133, 0.176221996546, 0.0399039387703, 0.00138835958205],
        "var": [0.00947808288038, 0.0430223084986, 0.0386460274458, 0.0211187601089, 0.0103688845411, 5.50207369088e-005]
    },
    "beats_position": [0.638548731804, 1.25387752056, 1.8575963974, 2.46131515503, 3.06503391266, 3.66875267029, 4.27247142792, 4.87619018555, 5.47990942001, 6.07201814651, 6.66412687302, 7.26784563065, 7.87156438828, 8.46367359161, 9.05578231812, 9.65950107574, 10.2632198334, 10.866938591, 11.4706573486, 12.0743761063, 12.6664848328, 13.2585935593, 13.8623123169, 14.4660310745, 15.0697498322, 15.6734695435, 16.2655773163, 16.8576869965, 17.4614048004, 18.0651245117, 18.6688423157, 19.272562027, 19.8646717072, 20.4683895111, 21.0604991913, 21.6642169952, 22.2679367065, 22.8716545105, 23.4753742218, 24.0674819946, 24.6595916748, 25.2633094788, 25.8670291901, 26.470746994, 27.0744667053, 27.6781845093, 28.2702941895, 28.8624038696, 29.4661216736, 30.0698413849, 30.6735591888, 31.2772789001, 31.869386673, 32.4614944458, 33.0652160645, 33.6689338684, 34.2726516724, 34.8763694763, 35.4684791565, 36.0605888367, 36.6643066406, 37.2680282593, 37.8717460632, 38.4754638672, 39.0791816711, 39.6712913513, 40.2634010315, 40.8671188354, 41.4708366394, 42.0745582581, 42.6666641235, 43.2703857422, 43.8624954224, 44.4662132263]
},
"tonal": {
    "chords_changes_rate": 0.0462962947786,
    "chords_number_rate": 0.00720164598897,
    "chords_strength": {
        "mean": 0.454042822123,
        "var": 0.00338980695233
    },
    "hpcp_entropy": {
        "mean": 1.4850884676,
        "var": 0.454083293676
    },
    "key_strength": 0.641205430031,
    "tuning_diatonic_strength": 0.438887655735,
    "tuning_equal_tempered_deviation": 0.0144391003996,
    "tuning_frequency": 441.782684326,
    "tuning_nontempered_energy_ratio": 0.604571223259,
    "hpcp": {
        "mean": [0.0294419713318, 0.0258137416095, 0.237383946776, 0.405182123184, 0.200212746859, 0.0223764274269, 0.0106238611042, 0.0128455692902, 0.160995006561, 0.285994112492, 0.149362623692, 0.0671658217907, 0.0895307511091, 0.0430004745722, 0.0186484754086, 0.0196786578745, 0.0187731832266, 0.0974556058645, 0.158068478107, 0.0778389200568, 0.00917945895344, 0.00689467182383, 0.0263684336096, 0.232325747609, 0.34669649601, 0.15012177825, 0.065457008779, 0.0917223393917, 0.0540706813335, 0.0945333912969, 0.129454478621, 0.0677813589573, 0.152359679341, 0.252629131079, 0.12615069747, 0.0294181406498],
        "var": [0.00300905620679, 0.0046083717607, 0.0661109536886, 0.177333369851, 0.0458013787866, 0.00332164904103, 0.00153344380669, 0.00252599595115, 0.0472143143415, 0.139382064342, 0.0351744741201, 0.020989196375, 0.0379189141095, 0.00873284600675, 0.00245494768023, 0.00185855140444, 0.00165350863244, 0.0306194722652, 0.0917125716805, 0.0224435608834, 0.00062389834784, 0.0010582896648, 0.00324622425251, 0.0628265365958, 0.13218832016, 0.0286308266222, 0.0283924471587, 0.054043058306, 0.0150802815333, 0.0352471731603, 0.0638885647058, 0.0115726944059, 0.0444289930165, 0.143304184079, 0.0379217416048, 0.00292972382158]
    },
    "chords_histogram": [23.8683128357, 9.77366256714, 53.6008224487, 1.33744859695, 1.02880656719, 4.42386817932, 0, 0, 0, 0, 0, 0, 0, 0, 0, 0, 0, 0, 0, 0, 0, 0, 5.96707820892, 0],
    "thpcp": [1, 0.494130253792, 0.0552256032825, 0.02621996589, 0.0317032001913, 0.397339850664, 0.705840885639, 0.368630826473, 0.165766999125, 0.220964223146, 0.106126286089, 0.0460249222815, 0.0485674403608, 0.0463327020407, 0.240522965789, 0.390117108822, 0.192108482122, 0.0226551424712, 0.0170162282884, 0.0650779753923, 0.573385953903, 0.855655968189, 0.370504438877, 0.161549597979, 0.226373121142, 0.13344784081, 0.233310863376, 0.319497019053, 0.167286157608, 0.376027643681, 0.623495280743, 0.311343193054, 0.0726047381759, 0.0726635530591, 0.0637089833617, 0.585869729519],
    "chords_key": "F",
    "chords_scale": "minor",
    "key_key": "A#",
    "key_scale": "minor"
}
}