{
"lowlevel": {
    "average_loudness": 0.759173452854,
    "barkbands_crest": {
        "mean": 16.792924881,
        "var": 23.3691997528
    },
    "barkbands_flatness_db": {
        "mean": 0.409149438143,
        "var": 0.00239143846557
    },
    "barkbands_kurtosis": {
        "mean": 10.5612773895,
        "var": 267.516967773
    },
    "barkbands_skewness": {
        "mean": 0.891058921814,
        "var": 2.98383450508
    },
    "barkbands_spread": {
        "mean": 2.69351387024,
        "var": 3.59791946411
    },
    "dissonance": {
        "mean": 0.31117773056,
        "var": 0.00730430753902
    },
    "dynamic_complexity": 4.84469175339,
    "erbbands_crest": {
        "mean": 21.3926448822,
        "var": 50.1267089844
    },
    "erbbands_flatness_db": {
        "mean": 0.437884271145,
        "var": 0.0024105606135
    },
    "erbbands_kurtosis": {
        "mean": 8.5640630722,
        "var": 147.076507568
    },
    "erbbands_skewness": {
        "mean": 0.989181637764,
        "var": 2.88267350197
    },
    "erbbands_spread": {
        "mean": 5.61433315277,
        "var": 15.1639156342
    },
    "hfc": {
        "mean": 9.77041721344,
        "var": 179.090454102
    },
    "melbands_crest": {
        "mean": 20.2119121552,
        "var": 34.9833450317
    },
    "melbands_flatness_db": {
        "mean": 0.51154088974,
        "var": 0.00249644974247
    },
    "melbands_kurtosis": {
        "mean": 8.82756900787,
        "var": 166.404052734
    },
    "melbands_skewness": {
        "mean": 0.811100363731,
        "var": 2.73205900192
    },
    "melbands_spread": {
        "mean": 4.83202362061,
        "var": 13.0280714035
    },
    "pitch_salience": {
        "mean": 0.406936734915,
        "var": 0.0169842410833
    },
    "silence_rate_20dB": {
        "mean": 1,
        "var": 0
    },
    "silence_rate_30dB": {
        "mean": 0.98467040062,
        "var": 0.0150942634791
    },
    "silence_rate_60dB": {
        "mean": 0.203883498907,
        "var": 0.162312865257
    },
    "spectral_centroid": {
        "mean": 495.005371094,
        "var": 16943.3886719
    },
    "spectral_complexity": {
        "mean": 6.17066955566,
        "var": 9.99025440216
    },
    "spectral_decrease": {
        "mean": -4.71814587399e-009,
        "var": 3.84137018554e-017
    },
    "spectral_energy": {
        "mean": 0.0186935961246,
        "var": 0.000601718842518
    },
    "spectral_energyband_high": {
        "mean": 1.862510004e-007,
        "var": 6.7959098635e-013
    },
    "spectral_energyband_low": {
        "mean": 0.000468441285193,
        "var": 1.06920094822e-006
    },
    "spectral_energyband_middle_high": {
        "mean": 0.00269497279078,
        "var": 9.62056219578e-005
    },
    "spectral_energyband_middle_low": {
        "mean": 0.016395015642,
        "var": 0.000481016060803
    },
    "spectral_entropy": {
        "mean": 4.9892616272,
        "var": 0.223939523101
    },
    "spectral_flux": {
        "mean": 0.0311607439071,
        "var": 0.00128527847119
    },
    "spectral_kurtosis": {
        "mean": 136.749053955,
        "var": 2689.25878906
    },
    "spectral_rms": {
        "mean": 0.00365204131231,
        "var": 4.90023876409e-006
    },
    "spectral_rolloff": {
        "mean": 595.887512207,
        "var": 131375.078125
    },
    "spectral_skewness": {
        "mean": 8.9697227478,
        "var": 4.85335445404
    },
    "spectral_spread": {
        "mean": 929385.625,
        "var": 544187219968
    },
    "spectral_strongpeak": {
        "mean": 1.72359681129,
        "var": 2.43631529808
    },
    "zerocrossingrate": {
        "mean": 0.0237236823887,
        "var": 0.000163672899362
    },
    "barkbands": {
        "mean": [1.18444531836e-005, 2.88697028736e-005, 0.000116190130939, 0.000702217454091, 0.00202603940852, 0.00436253705993, 0.00222054962069, 0.00495150545612, 0.00116582517512, 0.00259229587391, 9.3708098575e-005, 0.000141894633998, 6.90867236699e-005, 0.00015607693058, 3.11302428599e-005, 1.57595623023e-005, 5.46483124708e-006, 1.4184901147e-006, 8.91808895176e-007, 2.11459919797e-007, 5.62571997875e-008, 1.16733351874e-008, 5.72311043001e-009, 4.46620074257e-009, 4.44777636943e-009, 3.67560604175e-009, 7.83066500532e-010],
        "var": [2.32906305353e-010, 2.26922702851e-009, 1.36187153998e-007, 2.79565620076e-006, 1.51714120875e-005, 0.00029452869785, 2.61542427324e-005, 8.51476215757e-005, 9.62388276093e-006, 0.000104791324702, 4.19216021896e-008, 1.94735193304e-007, 5.61611663841e-008, 2.35981858054e-007, 2.22612648315e-008, 1.72932168585e-009, 2.66087846201e-010, 2.26392966873e-011, 1.43668514585e-011, 6.83850057744e-013, 3.41480207826e-013, 4.22321267787e-015, 6.51111513402e-017, 1.07114843524e-017, 5.58801407861e-018, 3.17721052663e-016, 1.33555764862e-018]
    },
    "erbbands": {
        "mean": [0.000994186615571, 0.00743543496355, 0.096386231482, 1.34654247761, 3.10400867462, 8.35496997833, 12.4409713745, 44.1877403259, 29.7439136505, 66.8597946167, 105.561820984, 28.9338130951, 65.3977127075, 64.3722686768, 7.77965974808, 5.26444196701, 4.19608831406, 7.90008211136, 2.97691035271, 1.20060408115, 0.666359126568, 0.263158768415, 0.113803617656, 0.0642943009734, 0.032773103565, 0.0139396581799, 0.00396296940744, 0.000961028854363, 0.000428394327173, 0.00024558766745, 0.000151688349433, 0.000111486959213, 8.49322022987e-005, 6.33154268144e-005, 4.18118543166e-005, 2.57185547525e-005, 1.32583263621e-005, 2.09005793295e-006, 9.1147621788e-006, 2.1133078917e-005],
        "var": [1.55721818373e-006, 0.000172556494363, 0.061084266752, 8.87940216064, 36.268951416, 333.439300537, 506.396362305, 38062.3476563, 7343.7734375, 19089.4941406, 49786.6835938, 2517.01635742, 37793.984375, 117897, 432.239837646, 153.155517578, 164.590393066, 683.452697754, 90.5022354126, 12.3640041351, 2.76730489731, 0.423873871565, 0.151870593429, 0.0858275517821, 0.0161574967206, 0.00239204778336, 0.00157813448459, 2.76401588053e-005, 2.81531947621e-006, 2.36534603459e-007, 1.96917824269e-008, 7.3398611633e-009, 2.97096880431e-009, 1.47865597544e-009, 5.52180023927e-010, 1.00996999652e-009, 3.43845085737e-009, 6.20216161415e-012, 1.40822284389e-010, 7.67252816836e-010]
    },
    "gfcc": {
        "mean": [-246.182907104, 221.24130249, -108.905586243, -71.6722106934, -49.0734863281, -23.5938282013, -37.5961914063, -9.79223823547, -6.89685297012, -10.771232605, -5.25517940521, -15.3489208221, -2.1377158165],
        "cov": [[4972.63232422, 1033.57250977, -1543.20751953, -298.610626221, 835.719177246, -538.797241211, 183.576034546, -151.482330322, -191.602722168, -397.219390869, -7.89744472504, -249.616485596, 75.167137146], [1033.57250977, 580.288757324, 2.21559762955, -92.7026672363, 185.630279541, -7.79564809799, -20.9172000885, -174.224655151, -145.489624023, -210.943222046, -51.4680976868, -65.6476898193, 2.50807023048], [-1543.20751953, 2.21559762955, 1080.41247559, 160.160293579, -334.959197998, 266.600769043, -94.7421951294, -125.070732117, -99.0210876465, -27.4047622681, -118.822303772, 59.7848052979, -58.4110336304], [-298.610626221, -92.7026672363, 160.160293579, 306.496520996, 9.81191730499, 55.94556427, 40.3086051941, 8.85181331635, -75.5411376953, -33.3650932312, -76.612991333, -9.29284763336, -1.65765762329], [835.719177246, 185.630279541, -334.959197998, 9.81191730499, 285.748016357, -54.3790740967, 42.2046508789, -3.15022611618, -33.6754798889, -84.7498550415, 5.86951541901, -31.7979602814, 11.1576728821], [-538.797241211, -7.79564809799, 266.600769043, 55.94556427, -54.3790740967, 296.663085938, 96.338760376, -38.7832107544, -67.6708755493, -41.8488616943, -105.814491272, 9.28237915039, 9.08948802948], [183.576034546, -20.9172000885, -94.7421951294, 40.3086051941, 42.2046508789, 96.338760376, 223.224807739, 75.2256698608, -33.2832145691, -38.8724212646, -89.8935470581, -105.818916321, -24.4848175049], [-151.482330322, -174.224655151, -125.070732117, 8.85181331635, -3.15022611618, -38.7832107544, 75.2256698608, 204.55947876, 133.32359314, 83.24659729, 33.6795921326, -36.1608848572, -58.7325515747], [-191.602722168, -145.489624023, -99.0210876465, -75.5411376953, -33.6754798889, -67.6708755493, -33.2832145691, 133.32359314, 210.242782593, 149.318344116, 95.6066513062, 27.8772125244, -16.8564147949], [-397.219390869, -210.943222046, -27.4047622681, -33.3650932312, -84.7498550415, -41.8488616943, -38.8724212646, 83.24659729, 149.318344116, 217.560134888, 125.674324036, 39.136920929, -26.3365345001], [-7.89744472504, -51.4680976868, -118.822303772, -76.612991333, 5.86951541901, -105.814491272, -89.8935470581, 33.6795921326, 95.6066513062, 125.674324036, 198.170806885, 97.0656356812, -3.87571287155], [-249.616485596, -65.6476898193, 59.7848052979, -9.29284763336, -31.7979602814, 9.28237915039, -105.818916321, -36.1608848572, 27.8772125244, 39.136920929, 97.0656356812, 224.602981567, 112.931488037], [75.167137146, 2.50807023048, -58.4110336304, -1.65765762329, 11.1576728821, 9.08948802948, -24.4848175049, -58.7325515747, -16.8564147949, -26.3365345001, -3.87571287155, 112.931488037, 166.728378296]],
        "icov": [[0.00212585064583, -0.00343812536448, 0.00233925739303, -6.47164415568e-005, -0.000651705544442, 0.00373812485486, -0.00349846389145, 0.00222817389295, -0.000419452699134, -0.000707745435648, 0.00256734690629, -0.00258127530105, 0.00167703069746], [-0.00343812536448, 0.0122859580442, -0.00617328798398, 0.00265220436268, -0.00385297229514, -0.00531041389331, 0.00463849166408, 0.00100091926288, -0.00143189309165, 0.00695540336892, -0.00806854665279, 0.00789090245962, -0.00376847339794], [0.00233925739303, -0.00617328798398, 0.00679762195796, -0.00265571754426, 0.00451061828062, 0.00170187780168, -0.00199572066776, 0.00261459406465, -0.000851658522151, -0.00117538962513, 0.00491733895615, -0.00550199020654, 0.00519585143775], [-6.47164415568e-005, 0.00265220436268, -0.00265571754426, 0.00669029168785, -0.00460706884041, 0.00120571546722, 0.000289688410703, -0.00252228393219, 0.00451325532049, -0.00174705730751, 0.00163026864175, 0.000589026662055, -0.00165873428341], [-0.000651705544442, -0.00385297229514, 0.00451061828062, -0.00460706884041, 0.0127805946395, -0.00321046123281, 0.00140054710209, -0.00109770765994, -0.00153451343067, 0.00232180953026, -0.00124296091963, -0.00166909128893, 0.00233818404377], [0.00373812485486, -0.00531041389331, 0.00170187780168, 0.00120571546722, -0.00321046123281, 0.0151154752821, -0.0122850351036, 0.00696336571127, -0.00120190146845, -0.00317095173523, 0.00876112189144, -0.00900689791888, 0.00472443224862], [-0.00349846389145, 0.00463849166408, -0.00199572066776, 0.000289688410703, 0.00140054710209, -0.0122850351036, 0.0204504393041, -0.0141259776428, 0.0080542024225, -0.00122094980907, -0.00314119714312, 0.0101100951433, -0.00688521470875], [0.00222817389295, 0.00100091926288, 0.00261459406465, -0.00252228393219, -0.00109770765994, 0.00696336571127, -0.0141259776428, 0.0256392788142, -0.0172561164945, 0.00728027150035, 0.000185939890798, -0.00484038610011, 0.00921079237014], [-0.000419452699134, -0.00143189309165, -0.000851658522151, 0.00451325532049, -0.00153451343067, -0.00120190146845, 0.0080542024225, -0.0172561164945, 0.023520257324, -0.0131823979318, 0.00337520847097, 0.000769230828155, -0.00491751218215], [-0.000707745435648, 0.00695540336892, -0.00117538962513, -0.00174705730751, 0.00232180953026, -0.00317095173523, -0.00122094980907, 0.00728027150035, -0.0131823979318, 0.0233126860112, -0.0148874726146, 0.0067388061434, -0.000372715585399], [0.00256734690629, -0.00806854665279, 0.00491733895615, 0.00163026864175, -0.00124296091963, 0.00876112189144, -0.00314119714312, 0.000185939890798, 0.00337520847097, -0.0148874726146, 0.0261501483619, -0.0168499406427, 0.00992319453508], [-0.00258127530105, 0.00789090245962, -0.00550199020654, 0.000589026662055, -0.00166909128893, -0.00900689791888, 0.0101100951433, -0.00484038610011, 0.000769230828155, 0.0067388061434, -0.0168499406427, 0.0233263671398, -0.0155436107889], [0.00167703069746, -0.00376847339794, 0.00519585143775, -0.00165873428341, 0.00233818404377, 0.00472443224862, -0.00688521470875, 0.00921079237014, -0.00491751218215, -0.000372715585399, 0.00992319453508, -0.0155436107889, 0.019124597311]]
    },
    "melbands": {
        "mean": [9.09757727641e-006, 3.18914753734e-005, 0.00028136378387, 0.000384255457902, 0.000437417766079, 0.000939751393162, 0.000482441217173, 0.000791552825831, 0.00076173414709, 0.000160640352988, 0.00032681322773, 0.000273415062111, 1.9783501557e-005, 1.96903874894e-005, 7.85029988037e-006, 9.02418832993e-006, 1.53781347763e-005, 5.06403966938e-006, 1.8906501964e-006, 1.20162030726e-006, 7.43841383155e-007, 2.63078874241e-007, 1.92111059505e-007, 5.89227013847e-008, 5.25276071528e-008, 2.51660097206e-008, 1.28791590726e-008, 7.94907784041e-009, 1.92991800319e-009, 1.42475575782e-009, 3.22109228179e-010, 2.73985528709e-010, 1.30254584896e-010, 1.29156421669e-010, 7.74646805035e-011, 7.03710631433e-011, 5.80578640719e-011, 5.17663203969e-011, 4.68967711886e-011, 4.19249600314e-011],
        "var": [1.41719788682e-010, 8.13608025396e-009, 3.6478633092e-007, 4.15190726244e-007, 7.1169495186e-007, 1.60964918905e-005, 1.65757251125e-006, 2.11314772969e-006, 2.79537312053e-006, 1.37514618359e-007, 9.60659235716e-007, 2.25722169489e-006, 2.18149032172e-009, 4.10024991737e-009, 3.92507915059e-010, 9.53116252589e-010, 2.4108399721e-009, 2.31125701911e-010, 5.46558388825e-011, 1.59975678538e-011, 3.82974728319e-012, 6.21404783099e-013, 8.02650047121e-013, 4.33467518335e-014, 7.0362708444e-014, 8.47104436835e-015, 2.48417907474e-015, 9.82030623168e-016, 5.50028097019e-016, 1.35427637779e-016, 3.5670815612e-018, 1.77396533783e-018, 8.50623751218e-020, 7.31534493805e-020, 4.05484622898e-021, 4.69378953391e-021, 2.6843749653e-021, 1.32588711724e-021, 1.36005274615e-021, 4.89850108451e-022]
    },
    "mfcc": {
        "mean": [-872.006530762, 232.693389893, 17.6241607666, -34.9764785767, -12.9574146271, -16.345949173, -20.2676200867, -14.5690984726, -7.65891647339, -0.593644559383, -0.823101878166, -4.41163301468, -3.73309063911],
        "cov": [[3442.31762695, 1662.7956543, -1542.59619141, -313.904876709, 427.256530762, -183.219100952, -13.2897462845, 117.425270081, -79.993057251, -73.6065063477, -153.0859375, -292.149475098, -242.335250854], [1662.7956543, 1065.88354492, -455.648773193, -226.039474487, 180.444320679, 25.3359088898, 11.2516727448, 45.9645385742, -62.9737968445, -125.320892334, -141.57383728, -179.609130859, -194.790100098], [-1542.59619141, -455.648773193, 1092.61999512, 169.358352661, -222.091140747, 204.136505127, 69.4806671143, -55.4608650208, 8.31651592255, -63.9481964111, -30.9972953796, 60.4138717651, 9.69456100464], [-313.904876709, -226.039474487, 169.358352661, 251.667892456, 35.6294937134, -41.208442688, 23.5259685516, 11.7948598862, -10.2163982391, 5.5362944603, -0.517280995846, 13.5487575531, 52.5202407837], [427.256530762, 180.444320679, -222.091140747, 35.6294937134, 180.880569458, -5.72055101395, -31.4069976807, 32.3724937439, -23.0724697113, -63.4252204895, -41.3294754028, -29.5150146484, -15.792011261], [-183.219100952, 25.3359088898, 204.136505127, -41.208442688, -5.72055101395, 193.814346313, 105.026222229, 18.0267124176, 28.49958992, -46.4017295837, -76.1327667236, -51.978313446, -86.1558914185], [-13.2897462845, 11.2516727448, 69.4806671143, 23.5259685516, -31.4069976807, 105.026222229, 184.037567139, 81.3978271484, 37.7533302307, 25.4888591766, -48.0222702026, -72.8064422607, -64.3826446533], [117.425270081, 45.9645385742, -55.4608650208, 11.7948598862, 32.3724937439, 18.0267124176, 81.3978271484, 131.526870728, 81.4366378784, -6.50191450119, -42.3331756592, -42.5044059753, -47.1644210815], [-79.993057251, -62.9737968445, 8.31651592255, -10.2163982391, -23.0724697113, 28.49958992, 37.7533302307, 81.4366378784, 146.653411865, 73.446647644, -21.8239440918, -33.1902961731, -43.7250099182], [-73.6065063477, -125.320892334, -63.9481964111, 5.5362944603, -63.4252204895, -46.4017295837, 25.4888591766, -6.50191450119, 73.446647644, 199.319229126, 109.094490051, 12.9558706284, 34.4925231934], [-153.0859375, -141.57383728, -30.9972953796, -0.517280995846, -41.3294754028, -76.1327667236, -48.0222702026, -42.3331756592, -21.8239440918, 109.094490051, 183.189682007, 130.4140625, 91.4463729858], [-292.149475098, -179.609130859, 60.4138717651, 13.5487575531, -29.5150146484, -51.978313446, -72.8064422607, -42.5044059753, -33.1902961731, 12.9558706284, 130.4140625, 185.797622681, 148.809783936], [-242.335250854, -194.790100098, 9.69456100464, 52.5202407837, -15.792011261, -86.1558914185, -64.3826446533, -47.1644210815, -43.7250099182, 34.4925231934, 91.4463729858, 148.809783936, 225.310791016]],
        "icov": [[366.20413208, -508.075317383, 480.346069336, -436.070709229, 379.530670166, -315.435333252, 248.614196777, -183.870986938, 125.778862, -77.7887420654, 42.4744415283, -18.694355011, 5.56436157227], [-508.075317383, 704.917297363, -666.461120605, 605.060791016, -526.64440918, 437.7421875, -345.04888916, 255.223693848, -174.611740112, 108.00692749, -58.9835700989, 25.9673881531, -7.72990560532], [480.346069336, -666.461120605, 630.162536621, -572.187988281, 498.138244629, -414.166992188, 326.581085205, -241.665008545, 165.416519165, -102.372131348, 55.9429321289, -24.6503105164, 7.34650182724], [-436.070709229, 605.060791016, -572.187988281, 519.680664063, -452.582458496, 376.469146729, -297.031890869, 219.950576782, -150.671539307, 93.3290863037, -51.0517845154, 22.5276756287, -6.7249956131], [379.530670166, -526.64440918, 498.138244629, -452.582458496, 394.358306885, -328.257629395, 259.219207764, -192.149246216, 131.780731201, -81.7308731079, 44.7767486572, -19.7984199524, 5.92420148849], [-315.435333252, 437.7421875, -414.166992188, 376.469146729, -328.257629395, 273.508117676, -216.237731934, 160.513198853, -110.263038635, 68.5114746094, -37.6111183167, 16.6784229279, -5.00727891922], [248.614196777, -345.04888916, 326.581085205, -297.031890869, 259.219207764, -216.237731934, 171.229324341, -127.334060669, 87.654800415, -54.5958480835, 30.0606517792, -13.3830242157, 4.04083204269], [-183.870986938, 255.223693848, -241.665008545, 219.950576782, -192.149246216, 160.513198853, -127.334060669, 94.9105453491, -65.5006866455, 40.9134025574, -22.6076164246, 10.1163358688, -3.07401680946], [125.778862, -174.611740112, 165.416519165, -150.671539307, 131.780731201, -110.263038635, 87.654800415, -65.5006866455, 45.3534164429, -28.4296836853, 15.7847137451, -7.11137771606, 2.18176078796], [-77.7887420654, 108.00692749, -102.372131348, 93.3290863037, -81.7308731079, 68.5114746094, -54.5958480835, 40.9134025574, -28.4296836853, 17.9076213837, -10.0018310547, 4.54640245438, -1.40947031975], [42.4744415283, -58.9835700989, 55.9429321289, -51.0517845154, 44.7767486572, -37.6111183167, 30.0606517792, -22.6076164246, 15.7847137451, -10.0018310547, 5.64511203766, -2.60163331032, 0.818657279015], [-18.694355011, 25.9673881531, -24.6503105164, 22.5276756287, -19.7984199524, 16.6784229279, -13.3830242157, 10.1163358688, -7.11137771606, 4.54640245438, -2.60163331032, 1.23559141159, -0.400478988886], [5.56436157227, -7.72990560532, 7.34650182724, -6.7249956131, 5.92420148849, -5.00727891922, 4.04083204269, -3.07401680946, 2.18176078796, -1.40947031975, 0.818657279015, -0.400478988886, 0.141043275595]]
    },
    "spectral_contrast_coeffs": {
        "mean": [-0.552821755409, -0.589154422283, -0.67326426506, -0.715936124325, -0.772173583508, -0.879089593887],
        "var": [0.0148093411699, 0.0101028885692, 0.00679784314707, 0.00355373858474, 0.00495544495061, 0.000671882007737]
    },
    "spectral_contrast_valleys": {
        "mean": [-9.393450737, -7.6377954483, -8.86221694946, -10.4257040024, -11.9330072403, -14.0770940781],
        "var": [0.497746199369, 0.870035231113, 1.160151124, 1.01074182987, 0.408707737923, 0.194266825914]
    }
},
"metadata": {
    "audio_properties": {
        "analysis_sample_rate": 44100,
        "bit_rate": 128073,
        "equal_loudness": 0,
        "length": 45.4008178711,
        "lossless": 0,
        "replay_gain": -3.35055923462,
        "sample_rate": 44100,
        "codec": "mp3",
        "downmix": "mix",
        "md5_encoded": "f1581d9dbbf6aee99705ff3b43da753a"
    },
    "tags": {
        "file_name": "1139.mp3",
        "album": ["The Open Goldberg Variations"],
        "artist": ["Kimiko Ishizaka"],
        "composer": ["J.S. Bach"],
        "date": ["2012-05-29 17:49:04", "2012-05-29 17:49:04"],
        "genre": ["Classical"],
        "length": ["299520"],
        "title": ["Aria"],
        "tracknumber": ["1"]
    },
    "version": {
        "essentia": "2.1-beta2",
        "essentia_git_sha": "v2.1_beta2",
        "extractor": "music 1.0"
    }
},
"rhythm": {
    "beats_count": 124,
    "beats_loudness": {
        "mean": 0.0287510193884,
        "var": 0.00103512918577
    },
    "bpm": 163.298736572,
    "bpm_histogram_first_peak_bpm": {
        "mean": 161,
        "var": 0
    },
    "bpm_histogram_first_peak_spread": {
        "mean": 0.280000030994,
        "var": 0
    },
    "bpm_histogram_first_peak_weight": {
        "mean": 0.292682915926,
        "var": 0
    },
    "bpm_histogram_second_peak_bpm": {
        "mean": 167,
        "var": 0
    },
    "bpm_histogram_second_peak_spread": {
        "mean": 0,
        "var": 0
    },
    "bpm_histogram_second_peak_weight": {
        "mean": 0.154471546412,
        "var": 0
    },
    "danceability": 1.00925838947,
    "onset_rate": 2.31184697151,
    "beats_loudness_band_ratio": {
        "mean": [0.0883973315358, 0.324791371822, 0.566339969635, 0.0973531976342, 0.00475922925398, 4.41719203081e-005],
        "var": [0.0281963013113, 0.0927578955889, 0.0959214568138, 0.0301459617913, 7.36724614399e-005, 4.06305877831e-009]
    },
    "beats_position": [0.348299324512, 0.684988677502, 1.02167797089, 1.38158726692, 1.74149656296, 2.10140585899, 2.46131515503, 2.80961441994, 3.1811337471, 3.52943301201, 3.87773227692, 4.22603178024, 4.59755086899, 4.96907043457, 5.34058952332, 5.72371864319, 6.10684776306, 6.47836732864, 6.84988641739, 7.23301553726, 7.61614513397, 7.98766422272, 8.35918331146, 8.73070240021, 9.14866161346, 9.56662082672, 9.98458003998, 10.4025392532, 10.8321084976, 11.261677742, 11.6912469864, 12.0743761063, 12.445895195, 12.8058052063, 13.177324295, 13.5140132904, 13.8390922546, 14.1641721725, 14.5008611679, 14.8375511169, 15.1858501434, 15.5341491699, 15.8592290878, 16.1843090057, 16.50938797, 16.8460769653, 17.1827659607, 17.5078449249, 17.8677539825, 18.2276649475, 18.5875740051, 18.9590930939, 19.3306121826, 19.7021312714, 20.0852603912, 20.4451694489, 20.8050785065, 21.153377533, 21.5248966217, 21.8499774933, 22.1750564575, 22.523355484, 22.8716545105, 23.219953537, 23.5914726257, 23.9513835907, 24.3112926483, 24.6828117371, 25.0543308258, 25.4258499146, 25.7973690033, 26.1456680298, 26.4823570251, 26.8422679901, 27.2137870789, 27.5853061676, 27.9568252563, 28.3051242828, 28.6302032471, 28.9552822113, 29.3035831451, 29.6634922028, 30.0234012604, 30.3949203491, 30.7548294067, 31.0915184021, 31.4630374908, 31.8345565796, 32.2060775757, 32.5892066956, 32.960723877, 33.3206329346, 33.6689338684, 34.0404510498, 34.3887519836, 34.7486610413, 35.1085700989, 35.480091095, 35.8283882141, 36.1766891479, 36.5133781433, 36.8616790771, 37.1983680725, 37.5234451294, 37.8601341248, 38.1968231201, 38.5683441162, 38.9398651123, 39.3113822937, 39.6596832275, 40.0312004089, 40.4259414673, 40.8090705872, 41.2154197693, 41.6217689514, 42.0048980713, 42.3996353149, 42.7827644348, 43.1658935547, 43.5374145508, 43.9089317322, 44.2920608521, 44.6751937866, 45.0583229065]
},
"tonal": {
    "chords_changes_rate": 0.0439223684371,
    "chords_number_rate": 0.00817160401493,
    "chords_strength": {
        "mean": 0.439355164766,
        "var": 0.00791735388339
    },
    "hpcp_entropy": {
        "mean": 1.07196211815,
        "var": 0.335076034069
    },
    "key_strength": 0.736267566681,
    "tuning_diatonic_strength": 0.490273982286,
    "tuning_equal_tempered_deviation": 0.00437387544662,
    "tuning_frequency": 442.293365479,
    "tuning_nontempered_energy_ratio": 0.588884115219,
    "hpcp": {
        "mean": [0.170022144914, 0.0874341502786, 0.00479256967083, 0.00237773754634, 0.0021892124787, 0.125967815518, 0.244140267372, 0.124362803996, 0.0395514145494, 0.0672820359468, 0.0341822095215, 0.0676634386182, 0.161008283496, 0.104104928672, 0.151978895068, 0.288887470961, 0.149306476116, 0.00378820928745, 0.000685569131747, 0.0053197350353, 0.095675110817, 0.174484878778, 0.0891018733382, 0.00730673177168, 0.00453978497535, 0.0127825317904, 0.105456538498, 0.176408335567, 0.0893538743258, 0.0867318212986, 0.158684879541, 0.0829944089055, 0.00487186992541, 0.00364231946878, 0.00400548335165, 0.0880072563887],
        "var": [0.101451262832, 0.0277495924383, 0.00032592471689, 5.67886781937e-005, 2.8086351449e-005, 0.0397705808282, 0.146725893021, 0.0392363779247, 0.0169923976064, 0.0564148835838, 0.0145328091457, 0.0206027328968, 0.116779007018, 0.0450219959021, 0.0467122197151, 0.168122887611, 0.0484715998173, 0.00023798381153, 7.43424743632e-006, 0.000585305911954, 0.0365274772048, 0.101663313806, 0.0277756489813, 0.00134310487192, 0.00131703692023, 0.00446290988475, 0.0448512583971, 0.114647641778, 0.0306602213532, 0.0311917997897, 0.103315278888, 0.0304635837674, 0.000236184045207, 0.00011672378605, 0.0003316172224, 0.0275338348001]
    },
    "chords_histogram": [10.8273744583, 8.58018398285, 33.7078666687, 2.4514811039, 8.06945896149, 0, 0, 0, 0, 0, 0, 0, 0, 0, 0, 0, 0, 0, 0, 0.510725200176, 0, 7.2522983551, 2.0429008007, 26.5577125549],
    "thpcp": [1, 0.516832649708, 0.0131130963564, 0.00237313564867, 0.0184145569801, 0.331184715033, 0.603989064693, 0.308431088924, 0.0252926573157, 0.0157147180289, 0.0442474409938, 0.365043669939, 0.610647261143, 0.309303402901, 0.300227016211, 0.549296498299, 0.287289738655, 0.0168642476201, 0.0126080904156, 0.0138652026653, 0.304641991854, 0.588541090488, 0.302658170462, 0.0165897458792, 0.00823067035526, 0.00757808052003, 0.436044573784, 0.845105051994, 0.430488735437, 0.136909410357, 0.232900500298, 0.118323616683, 0.234220743179, 0.557339072227, 0.360364973545, 0.526083350182],
    "chords_key": "D",
    "chords_scale": "major",
    "key_key": "G",
    "key_scale": "major"
}
}