{
"lowlevel": {
    "average_loudness": 0.938803017139,
    "barkbands_crest": {
        "mean": 11.5350389481,
        "var": 15.3684434891
    },
    "barkbands_flatness_db": {
        "mean": 0.190703034401,
        "var": 0.00378624792211
    },
    "barkbands_kurtosis": {
        "mean": 7.43984889984,
        "var": 179.501907349
    },
    "barkbands_skewness": {
        "mean": 1.93712460995,
        "var": 1.91168534756
    },
    "barkbands_spread": {
        "mean": 14.4755220413,
        "var": 77.5655670166
    },
    "dissonance": {
        "mean": 0.433926105499,
        "var": 0.00177474820521
    },
    "dynamic_complexity": 3.1930308342,
    "erbbands_crest": {
        "mean": 8.53408622742,
        "var": 10.7423038483
    },
    "erbbands_flatness_db": {
        "mean": 0.186016529799,
        "var": 0.00327387428842
    },
    "erbbands_kurtosis": {
        "mean": 0.64145642519,
        "var": 4.82223033905
    },
    "erbbands_skewness": {
        "mean": 0.491511493921,
        "var": 0.579549491405
    },
    "erbbands_spread": {
        "mean": 32.1665000916,
        "var": 157.700119019
    },
    "hfc": {
        "mean": 13.4102954865,
        "var": 280.05847168
    },
    "melbands_crest": {
        "mean": 15.5355701447,
        "var": 30.5441684723
    },
    "melbands_flatness_db": {
        "mean": 0.266222536564,
        "var": 0.00583823770285
    },
    "melbands_kurtosis": {
        "mean": 15.067817688,
        "var": 528.931945801
    },
    "melbands_skewness": {
        "mean": 2.70138478279,
        "var": 2.61311340332
    },
    "melbands_spread": {
        "mean": 15.8240060806,
        "var": 177.471435547
    },
    "pitch_salience": {
        "mean": 0.474255800247,
        "var": 0.0149406241253
    },
    "silence_rate_20dB": {
        "mean": 0.999485075474,
        "var": 0.000514666899107
    },
    "silence_rate_30dB": {
        "mean": 0.969103991985,
        "var": 0.0299409274012
    },
    "silence_rate_60dB": {
        "mean": 0.033985581249,
        "var": 0.0328311212361
    },
    "spectral_centroid": {
        "mean": 1027.3638916,
        "var": 380803.5
    },
    "spectral_complexity": {
        "mean": 13.0617923737,
        "var": 40.7592887878
    },
    "spectral_decrease": {
        "mean": -7.07908176523e-009,
        "var": 9.07490122388e-017
    },
    "spectral_energy": {
        "mean": 0.0279344245791,
        "var": 0.00134779210202
    },
    "spectral_energyband_high": {
        "mean": 0.000245838949922,
        "var": 2.36214674487e-007
    },
    "spectral_energyband_low": {
        "mean": 0.0142955025658,
        "var": 0.000929450266995
    },
    "spectral_energyband_middle_high": {
        "mean": 0.00390846049413,
        "var": 3.59390724043e-005
    },
    "spectral_energyband_middle_low": {
        "mean": 0.0098985126242,
        "var": 0.000174755579792
    },
    "spectral_entropy": {
        "mean": 6.9692940712,
        "var": 0.206915780902
    },
    "spectral_flux": {
        "mean": 0.0686710774899,
        "var": 0.00535810273141
    },
    "spectral_kurtosis": {
        "mean": 7.88282251358,
        "var": 39.9552001953
    },
    "spectral_rms": {
        "mean": 0.00464103976265,
        "var": 5.71378586756e-006
    },
    "spectral_rolloff": {
        "mean": 925.261474609,
        "var": 872327.25
    },
    "spectral_skewness": {
        "mean": 1.90965688229,
        "var": 0.425825089216
    },
    "spectral_spread": {
        "mean": 3629453.25,
        "var": 2.36645960909e+012
    },
    "spectral_strongpeak": {
        "mean": 0.759521245956,
        "var": 2.15606927872
    },
    "zerocrossingrate": {
        "mean": 0.0387278422713,
        "var": 0.000658070668578
    },
    "barkbands": {
        "mean": [0.00148194318172, 0.00884135533124, 0.00359553284943, 0.000938895507716, 0.00148528732825, 0.00335226091556, 0.00127713778056, 0.00147065345664, 0.00127449154388, 0.000510911573656, 0.000529445183929, 0.000607266731095, 0.000204922951525, 0.000404634454753, 0.000394994043745, 0.000307141366648, 0.000316074088914, 0.00036031435593, 0.000217760170926, 0.000180467308383, 9.34476192924e-005, 2.96734469885e-005, 1.5458168491e-005, 1.3666558516e-005, 1.49433344632e-005, 1.39573385241e-005, 1.82231735835e-006],
        "var": [7.58193782531e-005, 0.000378067401471, 4.37070630142e-005, 3.23406084135e-006, 4.56937777926e-006, 4.80279741168e-005, 9.1139027063e-006, 2.17304459511e-005, 4.65810671813e-006, 2.22749008572e-006, 9.39940434819e-007, 1.72040381585e-006, 1.82214577649e-007, 7.43339626297e-007, 1.58059879141e-006, 8.8003679366e-007, 2.10759981201e-006, 2.45486262429e-006, 5.18084618761e-007, 2.82084641867e-007, 6.90651447144e-008, 4.27141966242e-009, 1.49415579909e-009, 2.24229790291e-009, 1.13174347671e-009, 1.49566581342e-009, 5.85426429556e-011]
    },
    "erbbands": {
        "mean": [0.282066881657, 1.86496508121, 4.27690792084, 3.97914671898, 2.45814800262, 5.1569275856, 19.5390033722, 26.4885749817, 20.3111934662, 24.4384365082, 32.4750175476, 19.3193130493, 25.7263145447, 21.3333492279, 15.7693128586, 20.764503479, 12.4993486404, 17.5648365021, 17.9275913239, 18.3898849487, 19.1842880249, 22.4266929626, 17.741104126, 15.1993350983, 11.6128959656, 6.93008899689, 4.81027030945, 2.40961170197, 1.16418159008, 0.726905047894, 0.382652938366, 0.272218376398, 0.235395133495, 0.17425519228, 0.102711066604, 0.0594798997045, 0.0252605676651, 0.00585271930322, 0.000205515083508, 3.6025467125e-005],
        "var": [1.02939867973, 9.43528175354, 52.5181732178, 46.285572052, 20.9964103699, 59.8555679321, 1445.67993164, 3264.50268555, 2101.55615234, 4441.74707031, 5760.40722656, 1007.29162598, 2645.44140625, 2312.28759766, 787.499694824, 2149.74902344, 507.917510986, 1118.91796875, 1756.05444336, 2540.96948242, 3794.53662109, 10234.3154297, 3781.66040039, 2319.94824219, 934.11328125, 255.273483276, 171.917907715, 47.7115974426, 6.91017198563, 3.0925321579, 0.829310119152, 0.345859080553, 0.775753259659, 0.253719985485, 0.0529420562088, 0.0247582159936, 0.00624188827351, 0.000389518507291, 5.70391421206e-007, 2.10633555042e-009]
    },
    "gfcc": {
        "mean": [-46.8506851196, 127.317253113, -122.936920166, 23.7957038879, -47.3519363403, -0.0130162378773, -29.1156330109, 9.77402591705, -19.0770645142, 8.090716362, -9.57825374603, -0.493243724108, -4.27034282684],
        "cov": [[5868.53271484, -1463.70471191, -39.952747345, 52.8921356201, -212.084945679, 294.027679443, -320.472991943, 188.028442383, -268.827606201, 204.488708496, -287.477203369, 320.059082031, -200.35887146], [-1463.70471191, 1830.17260742, -265.700378418, 190.902359009, 507.828491211, -275.859680176, 464.558258057, -172.983901978, 302.149719238, -235.536529541, 205.489883423, -291.550567627, 175.337097168], [-39.952747345, -265.700378418, 1941.46936035, 128.24206543, 144.546676636, 691.281738281, -71.9650192261, 285.041381836, -55.6140937805, 216.129486084, -221.067642212, 75.5279769897, -191.10546875], [52.8921356201, 190.902359009, 128.24206543, 460.411773682, 253.281860352, 70.5224380493, 162.5131073, 21.8171463013, 58.9073257446, -24.6745281219, 43.0860557556, -45.0146446228, 2.99492430687], [-212.084945679, 507.828491211, 144.546676636, 253.281860352, 545.123962402, 26.2157974243, 226.975021362, 33.9395294189, 84.5438232422, -43.8947525024, 43.7266845703, -59.7606544495, -7.10888290405], [294.027679443, -275.859680176, 691.281738281, 70.5224380493, 26.2157974243, 441.293060303, -39.1442756653, 138.671524048, -35.1036605835, 105.082794189, -81.5466918945, 61.9501953125, -85.8613128662], [-320.472991943, 464.558258057, -71.9650192261, 162.5131073, 226.975021362, -39.1442756653, 279.58215332, 13.5047388077, 118.212852478, -41.763923645, 73.3014373779, -63.190322876, 32.8360290527], [188.028442383, -172.983901978, 285.041381836, 21.8171463013, 33.9395294189, 138.671524048, 13.5047388077, 197.128616333, -1.51603865623, 74.093711853, -18.7905654907, 44.9520988464, -55.6323013306], [-268.827606201, 302.149719238, -55.6140937805, 58.9073257446, 84.5438232422, -35.1036605835, 118.212852478, -1.51603865623, 152.206268311, -11.878411293, 59.8918113708, -34.6358070374, 36.529083252], [204.488708496, -235.536529541, 216.129486084, -24.6745281219, -43.8947525024, 105.082794189, -41.763923645, 74.093711853, -11.878411293, 154.969802856, -17.1945400238, 56.1236457825, -19.8560218811], [-287.477203369, 205.489883423, -221.067642212, 43.0860557556, 43.7266845703, -81.5466918945, 73.3014373779, -18.7905654907, 59.8918113708, -17.1945400238, 140.652862549, -10.9049949646, 38.1767845154], [320.059082031, -291.550567627, 75.5279769897, -45.0146446228, -59.7606544495, 61.9501953125, -63.190322876, 44.9520988464, -34.6358070374, 56.1236457825, -10.9049949646, 133.321670532, -12.2657299042], [-200.35887146, 175.337097168, -191.10546875, 2.99492430687, -7.10888290405, -85.8613128662, 32.8360290527, -55.6323013306, 36.529083252, -19.8560218811, 38.1767845154, -12.2657299042, 117.258209229]],
        "icov": [[0.000286375347059, -9.77548988885e-005, 0.000328382040607, -0.000293621764285, 1.58445000125e-005, -0.000230451783864, 0.000200795009732, -0.000177449925104, 0.000119141266623, -0.000346507818904, 0.0008040042012, -0.000633614195976, 0.000446151621873], [-9.77548988885e-005, 0.00319534726441, -0.00120472046547, 0.00144869904034, -0.00146770523861, 0.000836460501887, -0.00225084996782, 0.00145804183558, -0.00195707776584, 0.00243204226717, -0.00271279364824, 0.00377720757388, -0.00280006346293], [0.000328382040607, -0.00120472046547, 0.00223086588085, -0.000881507818121, 9.6357842267e-005, -0.00222450587898, 0.0013146760175, -0.001137463958, 0.000376194366254, -0.00190225301776, 0.00301917991601, -0.00158030551393, 0.00190242798999], [-0.000293621764285, 0.00144869904034, -0.000881507818121, 0.00416792090982, -0.00161659962032, -0.000215753956581, -0.00219101994298, 0.000991982407868, -0.000609989103395, 0.00161086476874, -0.0025795311667, 0.00256799766794, -0.00181161018554], [1.58445000125e-005, -0.00146770523861, 9.6357842267e-005, -0.00161659962032, 0.00402317382395, 1.78762729774e-005, -0.00114853563718, -0.000747079611756, 0.00104179512709, -0.000461800198536, 0.000979216885753, -0.00163922016509, 0.00175122648943], [-0.000230451783864, 0.000836460501887, -0.00222450587898, -0.000215753956581, 1.78762729774e-005, 0.00619150092825, -0.000737415801268, -0.000405139231589, -0.000302199827274, 0.000202061695745, -0.000971169618424, 0.00022210359748, -0.000247663643677], [0.000200795009732, -0.00225084996782, 0.0013146760175, -0.00219101994298, -0.00114853563718, -0.000737415801268, 0.0102847171947, -0.00267229625024, -0.00252220849507, -0.00108925870154, 0.00115384149831, -0.00127334648278, 0.0012423339067], [-0.000177449925104, 0.00145804183558, -0.001137463958, 0.000991982407868, -0.000747079611756, -0.000405139231589, -0.00267229625024, 0.00914497580379, -0.0010711287614, -0.00105832924601, -0.00195389799774, 0.000214599029277, 0.00119562528562], [0.000119141266623, -0.00195707776584, 0.000376194366254, -0.000609989103395, 0.00104179512709, -0.000302199827274, -0.00252220849507, -0.0010711287614, 0.0123449321836, -0.0021838103421, -0.00100439426024, -0.0011871997267, -0.000214061554288], [-0.000346507818904, 0.00243204226717, -0.00190225301776, 0.00161086476874, -0.000461800198536, 0.000202061695745, -0.00108925870154, -0.00105832924601, -0.0021838103421, 0.0120698204264, -0.00364036927931, 0.00105005106889, -0.00342802447267], [0.0008040042012, -0.00271279364824, 0.00301917991601, -0.0025795311667, 0.000979216885753, -0.000971169618424, 0.00115384149831, -0.00195389799774, -0.00100439426024, -0.00364036927931, 0.0153590310365, -0.00557846901938, 0.00262720882893], [-0.000633614195976, 0.00377720757388, -0.00158030551393, 0.00256799766794, -0.00163922016509, 0.00022210359748, -0.00127334648278, 0.000214599029277, -0.0011871997267, 0.00105005106889, -0.00557846901938, 0.0158795993775, -0.00482527771965], [0.000446151621873, -0.00280006346293, 0.00190242798999, -0.00181161018554, 0.00175122648943, -0.000247663643677, 0.0012423339067, 0.00119562528562, -0.000214061554288, -0.00342802447267, 0.00262720882893, -0.00482527771965, 0.014894570224]]
    },
    "melbands": {
        "mean": [0.00256842770614, 0.00239048339427, 0.000645060441457, 0.000231939324294, 0.000591212534346, 0.000613345182501, 0.000292878568871, 0.000293435470667, 0.000258548243437, 0.000133050882141, 0.000130757791339, 8.62685483298e-005, 6.09784401604e-005, 5.52691926714e-005, 5.31367659278e-005, 2.40601111727e-005, 3.25636574416e-005, 2.57997853623e-005, 3.7083576899e-005, 1.59290175361e-005, 2.08015098906e-005, 2.54290225712e-005, 9.31338126975e-006, 2.24846335186e-005, 1.07533642222e-005, 9.96835569822e-006, 7.59912336434e-006, 3.83680435334e-006, 3.45662806467e-006, 1.74303386302e-006, 1.167170808e-006, 6.7061904474e-007, 5.25620976077e-007, 3.46460126366e-007, 2.23618002337e-007, 1.75823359427e-007, 1.62068644727e-007, 1.59937656008e-007, 1.64374128531e-007, 1.42461104247e-007],
        "var": [5.26899493707e-005, 1.31840633912e-005, 1.07212542844e-006, 1.63868207892e-007, 1.20348352084e-006, 1.64962307281e-006, 4.2076882778e-007, 7.71717111547e-007, 2.96999985494e-007, 5.54079448989e-008, 6.94820698754e-008, 4.18128323076e-008, 1.12029363564e-008, 2.43684326051e-008, 1.42415519377e-008, 3.40349393113e-009, 3.72509267876e-009, 5.3279509693e-009, 1.80939974115e-008, 1.37228550745e-009, 6.30632968068e-009, 1.59013353596e-008, 6.24150231499e-010, 1.25583641264e-008, 1.20431020711e-009, 8.87745321698e-010, 8.62198812346e-010, 1.03500569226e-010, 1.23153140463e-010, 1.88468771839e-011, 1.19929274844e-011, 2.76197706199e-012, 1.46882105003e-012, 8.34637805917e-013, 3.18758176321e-013, 1.69078943554e-013, 1.24248796473e-013, 1.96258943342e-013, 1.1265605419e-012, 9.80622240311e-014]
    },
    "mfcc": {
        "mean": [-691.492004395, 158.03805542, -11.1381158829, 28.1577453613, 0.504033148289, -1.28381943703, 3.18737006187, -2.58840298653, 1.98807775974, 2.33431077003, 1.89888656139, 0.807274460793, 1.23191475868],
        "cov": [[4740.39404297, -1089.9309082, -553.710083008, -15.4908533096, -179.679962158, 4.46977329254, -135.465591431, 20.481590271, -50.2759017944, -101.482086182, -128.499633789, -64.7175216675, 53.2857131958], [-1089.9309082, 1190.68725586, -16.2843570709, 175.348190308, 159.484558105, 40.1371650696, 127.474006653, 57.9727401733, 110.85105896, 97.8768386841, 47.3722305298, 35.897731781, -4.17454957962], [-553.710083008, -16.2843570709, 1307.02062988, -95.1139373779, 310.36529541, 285.988708496, 121.078842163, 123.301582336, 163.30406189, 111.805366516, 96.0626068115, 72.2525405884, 36.2033500671], [-15.4908533096, 175.348190308, -95.1139373779, 440.090637207, 121.867195129, 81.3288726807, 124.986862183, 65.6330566406, 65.7470932007, 47.2010688782, 50.6416549683, 27.9348258972, -4.29025316238], [-179.679962158, 159.484558105, 310.36529541, 121.867195129, 355.757995605, 168.92024231, 147.120422363, 109.640777588, 78.4396362305, 54.9915351868, 58.648223877, 39.949420929, 2.53497648239], [4.46977329254, 40.1371650696, 285.988708496, 81.3288726807, 168.92024231, 250.889846802, 96.4220123291, 67.2709350586, 81.4501647949, 26.3618278503, 36.0146217346, 45.1661148071, 7.17935323715], [-135.465591431, 127.474006653, 121.078842163, 124.986862183, 147.120422363, 96.4220123291, 199.7315979, 82.5998916626, 62.7463264465, 48.8698196411, 58.8651390076, 44.0113220215, 9.9303188324], [20.481590271, 57.9727401733, 123.301582336, 65.6330566406, 109.640777588, 67.2709350586, 82.5998916626, 168.115661621, 51.7554855347, 23.4833087921, 56.0669631958, 29.0105800629, 9.50325489044], [-50.2759017944, 110.85105896, 163.30406189, 65.7470932007, 78.4396362305, 81.4501647949, 62.7463264465, 51.7554855347, 148.648742676, 49.8882255554, 28.3878269196, 38.1177749634, 11.2776069641], [-101.482086182, 97.8768386841, 111.805366516, 47.2010688782, 54.9915351868, 26.3618278503, 48.8698196411, 23.4833087921, 49.8882255554, 129.307250977, 55.9403266907, 9.04069232941, 18.2137203217], [-128.499633789, 47.3722305298, 96.0626068115, 50.6416549683, 58.648223877, 36.0146217346, 58.8651390076, 56.0669631958, 28.3878269196, 55.9403266907, 128.768768311, 48.9479942322, 4.61458826065], [-64.7175216675, 35.897731781, 72.2525405884, 27.9348258972, 39.949420929, 45.1661148071, 44.0113220215, 29.0105800629, 38.1177749634, 9.04069232941, 48.9479942322, 106.737197876, 36.5556793213], [53.2857131958, -4.17454957962, 36.2033500671, -4.29025316238, 2.53497648239, 7.17935323715, 9.9303188324, 9.50325489044, 11.2776069641, 18.2137203217, 4.61458826065, 36.5556793213, 95.6433639526]],
        "icov": [[0.000323918182403, 0.000327550747897, 0.000236211111769, -3.43844340023e-006, -2.12995473703e-005, -0.000255598773947, 0.000139752635732, -0.000276899547316, -0.000218514949665, -0.000130334839923, 0.000232228383538, 0.000122499972349, -0.000230418838328], [0.000327550747897, 0.00135843886528, 0.000408710999181, -0.000111772991659, -0.000442129239673, 3.0436036468e-005, -0.000104766928416, -0.00021923588065, -0.000785491254646, -0.000692315399647, 0.000415156158851, -0.000102473022707, 2.773321512e-006], [0.000236211111769, 0.000408710999181, 0.00161031750031, 0.00086357089458, -0.000843968184199, -0.00122244772501, 0.000264544505626, -0.000304378743749, -0.000976366107352, -0.000762862095144, -0.000204909796594, 0.000121519624372, -0.000343819643604], [-3.43844340023e-006, -0.000111772991659, 0.00086357089458, 0.00341457873583, -0.000636616372503, -0.000780311005656, -0.0011916361982, -0.000158054041094, -0.000850601179991, -0.000499805726577, -0.00049297849182, 0.000165753721376, 0.000194105217815], [-2.12995473703e-005, -0.000442129239673, -0.000843968184199, -0.000636616372503, 0.00594040285796, -0.0019016477745, -0.00196876423433, -0.00146505492739, 0.000780734408181, -0.000373928283807, 0.000325915927533, 7.94035440776e-005, 0.00055182876531], [-0.000255598773947, 3.0436036468e-005, -0.00122244772501, -0.000780311005656, -0.0019016477745, 0.00778417149559, -0.00108938780613, 0.000260394677753, -0.00148650049232, 0.00116072560195, 0.000295189529425, -0.0012222226942, 0.00053191895131], [0.000139752635732, -0.000104766928416, 0.000264544505626, -0.0011916361982, -0.00196876423433, -0.00108938780613, 0.00943565554917, -0.00183687661774, -0.000470865867101, -0.00116546161007, -0.000756989989895, -0.00129597052, -8.99066290003e-005], [-0.000276899547316, -0.00021923588065, -0.000304378743749, -0.000158054041094, -0.00146505492739, 0.000260394677753, -0.00183687661774, 0.00931167509407, -0.00158813211601, 0.00198837392963, -0.00342542584985, 0.00109864457045, -0.000908428395633], [-0.000218514949665, -0.000785491254646, -0.000976366107352, -0.000850601179991, 0.000780734408181, -0.00148650049232, -0.000470865867101, -0.00158813211601, 0.0112148765475, -0.00317967147566, 0.00215639965609, -0.00311932712793, 0.00108778302092], [-0.000130334839923, -0.000692315399647, -0.000762862095144, -0.000499805726577, -0.000373928283807, 0.00116072560195, -0.00116546161007, 0.00198837392963, -0.00317967147566, 0.0130232861266, -0.00608882447705, 0.00435152230784, -0.00331960362382], [0.000232228383538, 0.000415156158851, -0.000204909796594, -0.00049297849182, 0.000325915927533, 0.000295189529425, -0.000756989989895, -0.00342542584985, 0.00215639965609, -0.00608882447705, 0.0143812932074, -0.00663957325742, 0.00308142579161], [0.000122499972349, -0.000102473022707, 0.000121519624372, 0.000165753721376, 7.94035440776e-005, -0.0012222226942, -0.00129597052, 0.00109864457045, -0.00311932712793, 0.00435152230784, -0.00663957325742, 0.0160075630993, -0.00625499431044], [-0.000230418838328, 2.773321512e-006, -0.000343819643604, 0.000194105217815, 0.00055182876531, 0.00053191895131, -8.99066290003e-005, -0.000908428395633, 0.00108778302092, -0.00331960362382, 0.00308142579161, -0.00625499431044, 0.0135138360783]]
    },
    "spectral_contrast_coeffs": {
        "mean": [-0.6332898736, -0.663377404213, -0.705967903137, -0.730479836464, -0.741285860538, -0.727778732777],
        "var": [0.00880522094667, 0.00636197207496, 0.00626107538119, 0.0050193509087, 0.00636220304295, 0.00347433960997]
    },
    "spectral_contrast_valleys": {
        "mean": [-7.6932425499, -7.07451248169, -8.09130573273, -8.46506977081, -8.55269908905, -11.8350725174],
        "var": [1.36920487881, 0.949028849602, 0.937234282494, 0.904719889164, 0.896352291107, 1.4891628027]
    }
},
"metadata": {
    "audio_properties": {
        "analysis_sample_rate": 44100,
        "bit_rate": 107635,
        "equal_loudness": 0,
        "length": 45.0612258911,
        "lossless": 0,
        "replay_gain": -6.27605819702,
        "sample_rate": 44100,
        "codec": "mp3",
        "downmix": "mix",
        "md5_encoded": "cdd0659210c26766cd9d86d5fbe1e040"
    },
    "tags": {
        "file_name": "114.mp3"
    },
    "version": {
        "essentia": "2.1-beta2",
        "essentia_git_sha": "v2.1_beta2",
        "extractor": "music 1.0"
    }
},
"rhythm": {
    "beats_count": 69,
    "beats_loudness": {
        "mean": 0.0502168051898,
        "var": 0.00170255976263
    },
    "bpm": 92.4691162109,
    "bpm_histogram_first_peak_bpm": {
        "mean": 92,
        "var": 0
    },
    "bpm_histogram_first_peak_spread": {
        "mean": 0.264705896378,
        "var": 0
    },
    "bpm_histogram_first_peak_weight": {
        "mean": 0.735294103622,
        "var": 0
    },
    "bpm_histogram_second_peak_bpm": {
        "mean": 0,
        "var": 0
    },
    "bpm_histogram_second_peak_spread": {
        "mean": 0,
        "var": 0
    },
    "bpm_histogram_second_peak_weight": {
        "mean": 0,
        "var": 0
    },
    "danceability": 1.30154836178,
    "onset_rate": 4.17022132874,
    "beats_loudness_band_ratio": {
        "mean": [0.505050599575, 0.201708719134, 0.151888251305, 0.0818808376789, 0.0577679947019, 0.0244568921626],
        "var": [0.0901511982083, 0.0323360562325, 0.0170443039387, 0.00599214248359, 0.00666540907696, 0.00062813720433]
    },
    "beats_position": [0.615328788757, 1.25387752056, 1.89242625237, 2.53097510338, 3.1811337471, 3.83129239082, 4.48145103455, 5.13160991669, 5.78176879883, 6.420317173, 7.05886602402, 7.72063493729, 8.37079334259, 9.0093421936, 9.65950107574, 10.3096599579, 10.95981884, 11.6215867996, 12.2601356506, 12.9102945328, 13.5604534149, 14.1873922348, 14.8375511169, 15.4877090454, 16.1262588501, 16.7764167786, 17.4381847382, 18.088344574, 18.7385025024, 19.3886623383, 20.0272102356, 20.6773700714, 21.3159179688, 21.9660758972, 22.616235733, 23.2780036926, 23.9397735596, 24.5783214569, 25.2168693542, 25.8554191589, 26.4939670563, 27.1441268921, 27.8058948517, 28.4676647186, 29.1410427094, 29.7912006378, 30.4413604736, 31.0915184021, 31.7416782379, 32.391834259, 33.0419960022, 33.6921539307, 34.3423118591, 34.9924697876, 35.6426315308, 36.2811775208, 36.9197273254, 37.5698852539, 38.2200431824, 38.8702049255, 39.520362854, 40.1705207825, 40.8206787109, 41.4708366394, 42.1209983826, 42.771156311, 43.4213142395, 44.0830841064, 44.7448501587]
},
"tonal": {
    "chords_changes_rate": 0.0565843619406,
    "chords_number_rate": 0.00720164598897,
    "chords_strength": {
        "mean": 0.498594433069,
        "var": 0.00610564928502
    },
    "hpcp_entropy": {
        "mean": 1.30566740036,
        "var": 0.523927330971
    },
    "key_strength": 0.668879449368,
    "tuning_diatonic_strength": 0.547948479652,
    "tuning_equal_tempered_deviation": 0.289246886969,
    "tuning_frequency": 434.193115234,
    "tuning_nontempered_energy_ratio": 0.986173570156,
    "hpcp": {
        "mean": [0.021831760183, 0.0165336914361, 0.0165445692837, 0.0503446236253, 0.0722995176911, 0.0608813762665, 0.167131513357, 0.273796141148, 0.161321416497, 0.0384457223117, 0.0235329419374, 0.0663452446461, 0.243555337191, 0.291884958744, 0.116148032248, 0.0248868186027, 0.0241780653596, 0.0494394078851, 0.216442078352, 0.273970246315, 0.110295638442, 0.0318149104714, 0.02649317123, 0.0407267063856, 0.0677562355995, 0.044159475714, 0.0327753201127, 0.162215277553, 0.218259289861, 0.0945855304599, 0.0297084394842, 0.0277800261974, 0.0390916392207, 0.161590903997, 0.217820838094, 0.095784932375],
        "var": [0.00311169261113, 0.00415493361652, 0.0046463785693, 0.013811962679, 0.0193393304944, 0.013105802238, 0.0655253380537, 0.16094212234, 0.0558386594057, 0.00965275149792, 0.00718002021313, 0.0189944561571, 0.11011326313, 0.145978882909, 0.0297814887017, 0.0084966244176, 0.0101383877918, 0.0138805778697, 0.0945338010788, 0.1290628016, 0.0234438348562, 0.0127470577136, 0.0109463986009, 0.0150500293821, 0.0443791300058, 0.0132301552221, 0.00787757523358, 0.0689453780651, 0.115469843149, 0.0209487378597, 0.00616670912132, 0.00640786578879, 0.0129626747221, 0.0669001564384, 0.113752484322, 0.0234568435699]
    },
    "chords_histogram": [43.2098770142, 8.33333301544, 12.1399173737, 0, 10.2880659103, 0, 3.49794244766, 0, 0, 0, 0, 0, 0, 0, 0, 0, 0, 0, 0, 0, 0, 3.39506173134, 0, 19.1358032227],
    "thpcp": [1, 0.397924005985, 0.0852624252439, 0.0828342288733, 0.169379770756, 0.741532146931, 0.938624083996, 0.377873659134, 0.108998112381, 0.0907657966018, 0.13952998817, 0.232133358717, 0.151290684938, 0.112288482487, 0.555750727654, 0.747757911682, 0.324050724506, 0.101781331003, 0.0951745733619, 0.133928239346, 0.553611636162, 0.746255755424, 0.328159868717, 0.0747957676649, 0.0566445477307, 0.0566818155348, 0.172481045127, 0.247698679566, 0.208580046892, 0.572593808174, 0.938027560711, 0.552688360214, 0.131715327501, 0.0806240290403, 0.227299287915, 0.83442234993],
    "chords_key": "B",
    "chords_scale": "major",
    "key_key": "B",
    "key_scale": "major"
}
}