{
"lowlevel": {
    "average_loudness": 0.902680039406,
    "barkbands_crest": {
        "mean": 12.5994434357,
        "var": 16.4053020477
    },
    "barkbands_flatness_db": {
        "mean": 0.222416847944,
        "var": 0.00794773548841
    },
    "barkbands_kurtosis": {
        "mean": 14.996506691,
        "var": 210.757568359
    },
    "barkbands_skewness": {
        "mean": 2.71850156784,
        "var": 2.79057884216
    },
    "barkbands_spread": {
        "mean": 10.0837879181,
        "var": 80.572807312
    },
    "dissonance": {
        "mean": 0.427276223898,
        "var": 0.00333994440734
    },
    "dynamic_complexity": 3.13356471062,
    "erbbands_crest": {
        "mean": 10.6761655807,
        "var": 24.9715023041
    },
    "erbbands_flatness_db": {
        "mean": 0.184093162417,
        "var": 0.00786413624883
    },
    "erbbands_kurtosis": {
        "mean": 2.24613332748,
        "var": 14.0917272568
    },
    "erbbands_skewness": {
        "mean": 0.999065876007,
        "var": 0.96814841032
    },
    "erbbands_spread": {
        "mean": 36.4149971008,
        "var": 508.963409424
    },
    "hfc": {
        "mean": 10.7891712189,
        "var": 193.263885498
    },
    "melbands_crest": {
        "mean": 17.482421875,
        "var": 32.3370666504
    },
    "melbands_flatness_db": {
        "mean": 0.316129088402,
        "var": 0.0111836921424
    },
    "melbands_kurtosis": {
        "mean": 30.9794387817,
        "var": 869.06237793
    },
    "melbands_skewness": {
        "mean": 3.63288116455,
        "var": 4.28114509583
    },
    "melbands_spread": {
        "mean": 8.79382228851,
        "var": 81.5086975098
    },
    "pitch_salience": {
        "mean": 0.531333327293,
        "var": 0.0163248274475
    },
    "silence_rate_20dB": {
        "mean": 1,
        "var": 0
    },
    "silence_rate_30dB": {
        "mean": 0.954685866833,
        "var": 0.0432602651417
    },
    "silence_rate_60dB": {
        "mean": 0.0895983502269,
        "var": 0.0815695673227
    },
    "spectral_centroid": {
        "mean": 608.484863281,
        "var": 203496.0625
    },
    "spectral_complexity": {
        "mean": 9.35736370087,
        "var": 30.4853954315
    },
    "spectral_decrease": {
        "mean": -8.04302757729e-009,
        "var": 8.72160245809e-017
    },
    "spectral_energy": {
        "mean": 0.0313348807395,
        "var": 0.00131373712793
    },
    "spectral_energyband_high": {
        "mean": 0.00036312683369,
        "var": 4.96074108014e-007
    },
    "spectral_energyband_low": {
        "mean": 0.0151075096801,
        "var": 0.000499626621604
    },
    "spectral_energyband_middle_high": {
        "mean": 0.00162330560852,
        "var": 1.00697288872e-005
    },
    "spectral_energyband_middle_low": {
        "mean": 0.0157458260655,
        "var": 0.000525740731973
    },
    "spectral_entropy": {
        "mean": 6.77326345444,
        "var": 0.679407715797
    },
    "spectral_flux": {
        "mean": 0.078011803329,
        "var": 0.00397454714403
    },
    "spectral_kurtosis": {
        "mean": 18.5922985077,
        "var": 1711.37365723
    },
    "spectral_rms": {
        "mean": 0.00478420732543,
        "var": 7.6819660535e-006
    },
    "spectral_rolloff": {
        "mean": 573.337097168,
        "var": 655861.625
    },
    "spectral_skewness": {
        "mean": 2.77075767517,
        "var": 4.58842563629
    },
    "spectral_spread": {
        "mean": 4587002.5,
        "var": 5.27951829402e+012
    },
    "spectral_strongpeak": {
        "mean": 0.733815968037,
        "var": 0.588443219662
    },
    "zerocrossingrate": {
        "mean": 0.0367948338389,
        "var": 0.000884130597115
    },
    "barkbands": {
        "mean": [0.000248923257459, 0.00666585890576, 0.00670742755756, 0.00335245230235, 0.0076117948629, 0.0024189944379, 0.00141187396366, 0.000569104100578, 0.00033454381628, 0.000609924085438, 8.96923884284e-005, 0.000558114552405, 4.80252274428e-005, 5.00299356645e-005, 5.10890713485e-005, 6.68439970468e-005, 5.68995928916e-005, 3.18364618579e-005, 5.94513840042e-005, 5.52435449208e-005, 5.00048736285e-005, 5.2700881497e-005, 4.92607359774e-005, 4.62785719719e-005, 5.40756518603e-005, 7.6501906733e-005, 7.91144793766e-006],
        "var": [3.54570687477e-007, 0.000154611465405, 0.000115585811727, 4.3746222218e-005, 0.000241396439378, 2.59018943325e-005, 9.21280661714e-006, 1.19345952498e-006, 5.93480876887e-007, 8.37483185023e-006, 4.17777421546e-008, 9.58458826972e-007, 1.22428236438e-008, 1.01892743132e-008, 7.82280906719e-009, 1.05546487106e-008, 1.59409587752e-008, 3.46479400726e-009, 9.9281614041e-009, 9.55276657777e-009, 7.23788540213e-009, 9.60610613276e-009, 8.75221850549e-009, 1.11603748465e-008, 1.46118699362e-008, 3.59240139858e-008, 1.0355161173e-009]
    },
    "erbbands": {
        "mean": [0.149187207222, 1.67454564571, 7.463804245, 9.40739631653, 20.5761146545, 27.1700820923, 18.436000824, 17.6894187927, 22.0046577454, 14.1359415054, 13.3715744019, 6.86802339554, 8.61493492126, 22.6801528931, 12.6229724884, 15.1222381592, 2.63023734093, 2.3005604744, 2.89101338387, 2.72393035889, 4.22282075882, 2.83715081215, 2.06471300125, 2.84784913063, 2.69429016113, 2.81462097168, 2.11012768745, 1.93593776226, 1.89333331585, 1.53488457203, 1.39303457737, 0.984294772148, 0.746054053307, 0.560554623604, 0.432492166758, 0.376745730639, 0.11622672528, 0.0264323987067, 0.000747964193579, 5.28329401277e-005],
        "var": [0.147790417075, 8.70063877106, 137.257293701, 308.798370361, 1233.55725098, 3676.66845703, 1466.50964355, 1175.14282227, 2370.33154297, 1080.43933105, 717.905395508, 230.295898438, 372.404968262, 12401.3720703, 393.133483887, 625.363586426, 23.126789093, 20.4140014648, 28.3325328827, 19.795331955, 43.8815536499, 30.3774700165, 14.9274082184, 24.6300640106, 18.7144947052, 24.986448288, 13.9500417709, 12.2211027145, 13.133603096, 7.11714696884, 7.82725381851, 3.93591928482, 3.22740745544, 2.03805303574, 0.891710460186, 0.907850801945, 0.106144085526, 0.00855883024633, 7.38532389732e-006, 6.88153489747e-009]
    },
    "gfcc": {
        "mean": [-69.3604202271, 122.717628479, -73.6868057251, 25.5142917633, -60.180644989, 9.6278591156, -36.4039878845, -1.99727761745, -31.8411979675, -4.16632032394, -17.2284202576, 2.40037083626, -11.5013799667],
        "cov": [[10626.9208984, -4035.35668945, 351.689178467, 917.440612793, -343.853912354, 322.663635254, -756.629821777, 789.90838623, -403.389465332, 685.22442627, -722.612426758, 395.678192139, -557.281677246], [-4035.35668945, 2946.95678711, 271.955963135, -638.77911377, 372.611877441, -229.166015625, 504.67300415, -334.957305908, 432.430725098, -346.99017334, 400.513946533, -288.462982178, 293.898193359], [351.689178467, 271.955963135, 1283.43041992, -20.3292999268, 83.2219467163, 151.739532471, 15.6510782242, 7.09183263779, 144.990341187, 164.236282349, -87.7324142456, 74.6274871826, -233.677688599], [917.440612793, -638.77911377, -20.3292999268, 557.059570313, 6.46104860306, 104.427154541, -111.764129639, 132.477767944, -4.33903074265, 95.5433731079, -74.7580718994, -32.3140678406, -77.321647644], [-343.853912354, 372.611877441, 83.2219467163, 6.46104860306, 245.286514282, 38.1700210571, 140.831481934, -6.0252623558, 73.883026123, -20.1757297516, 69.0180053711, -24.0600776672, 24.2107791901], [322.663635254, -229.166015625, 151.739532471, 104.427154541, 38.1700210571, 231.610183716, 22.7449645996, 22.9935798645, -48.1416778564, 36.2093276978, -23.8939418793, 101.650856018, -74.0212783813], [-756.629821777, 504.67300415, 15.6510782242, -111.764129639, 140.831481934, 22.7449645996, 221.015808105, -28.9585056305, 75.9337463379, -55.3049583435, 86.6429214478, -11.2722940445, 67.4571609497], [789.90838623, -334.957305908, 7.09183263779, 132.477767944, -6.0252623558, 22.9935798645, -28.9585056305, 163.526550293, 14.8774690628, 64.3654403687, -60.1782417297, -21.4062519073, -43.6152763367], [-403.389465332, 432.430725098, 144.990341187, -4.33903074265, 73.883026123, -48.1416778564, 75.9337463379, 14.8774690628, 177.239303589, 16.0919933319, 49.9214515686, -84.5327301025, 13.4779920578], [685.22442627, -346.99017334, 164.236282349, 95.5433731079, -20.1757297516, 36.2093276978, -55.3049583435, 64.3654403687, 16.0919933319, 176.860275269, -47.6906585693, 61.0069351196, -91.2616882324], [-722.612426758, 400.513946533, -87.7324142456, -74.7580718994, 69.0180053711, -23.8939418793, 86.6429214478, -60.1782417297, 49.9214515686, -47.6906585693, 145.149627686, -31.5111541748, 52.6935997009], [395.678192139, -288.462982178, 74.6274871826, -32.3140678406, -24.0600776672, 101.650856018, -11.2722940445, -21.4062519073, -84.5327301025, 61.0069351196, -31.5111541748, 204.645217896, -27.7377090454], [-557.281677246, 293.898193359, -233.677688599, -77.321647644, 24.2107791901, -74.0212783813, 67.4571609497, -43.6152763367, 13.4779920578, -91.2616882324, 52.6935997009, -27.7377090454, 146.860961914]],
        "icov": [[0.000295596575597, 0.000165455567185, -4.05544051318e-005, 8.22110014269e-005, -0.000328950263793, 6.5079133492e-005, 0.000532322679646, -0.000931849994231, 7.59505128372e-005, -0.000153845132445, 0.000331341463607, -0.000314072443871, 5.43231435586e-005], [0.000165455567185, 0.0036920546554, -0.00124954979401, 0.00184729567263, -0.00123251765035, -5.67140814383e-005, -0.00130609085318, 0.00307031418197, -0.00517424428836, 0.00290390127338, -0.00243553123437, 0.00204033078626, -0.00255135539919], [-4.05544051318e-005, -0.00124954979401, 0.00225693755783, -0.000152427644935, -0.000171056482941, -0.000564146088436, 0.000475423381431, -9.71563258645e-006, -0.000758617767133, -0.000911042792723, 0.00254582264461, -0.00139201874845, 0.00370731437579], [8.22110014269e-005, 0.00184729567263, -0.000152427644935, 0.00433599762619, -0.001760360552, -0.00269215460867, 0.00187655596528, 0.000386749568861, -0.0032921906095, 3.76354614673e-006, -0.000620830338448, 0.00271557667293, -0.00211817561649], [-0.000328950263793, -0.00123251765035, -0.000171056482941, -0.001760360552, 0.00821291934699, -0.000420789088821, -0.00465146591887, -0.000131338339997, 0.00131804123521, -0.000704599602614, -0.00132256525103, 0.000207135322853, 0.000505629112013], [6.5079133492e-005, -5.67140814383e-005, -0.000564146088436, -0.00269215460867, -0.000420789088821, 0.0103020025417, -0.0036894287914, -0.00114988069981, 0.00232736696489, 0.00300327385776, -0.000576611724682, -0.00518710445613, 0.00554025685415], [0.000532322679646, -0.00130609085318, 0.000475423381431, 0.00187655596528, -0.00465146591887, -0.0036894287914, 0.0143011650071, -0.00486157042906, -0.00127728714142, -0.000556849874556, -0.000476620654808, -0.00204728264362, -0.00317174522206], [-0.000931849994231, 0.00307031418197, -9.71563258645e-006, 0.000386749568861, -0.000131338339997, -0.00114988069981, -0.00486157042906, 0.0171366240829, -0.00690093357116, 0.000320732215187, 0.00105657894164, 0.00531906029209, -0.00126959197223], [7.59505128372e-005, -0.00517424428836, -0.000758617767133, -0.0032921906095, 0.00131804123521, 0.00232736696489, -0.00127728714142, -0.00690093357116, 0.0220773331821, -0.00895634293556, 0.000130591870402, 0.00233238772489, -2.57542933468e-006], [-0.000153845132445, 0.00290390127338, -0.000911042792723, 3.76354614673e-006, -0.000704599602614, 0.00300327385776, -0.000556849874556, 0.000320732215187, -0.00895634293556, 0.0162970647216, -0.00253429007716, -0.00511447573081, 0.00503074424341], [0.000331341463607, -0.00243553123437, 0.00254582264461, -0.000620830338448, -0.00132256525103, -0.000576611724682, -0.000476620654808, 0.00105657894164, 0.000130591870402, -0.00253429007716, 0.0155182546005, -0.00129065429792, 0.0029168005567], [-0.000314072443871, 0.00204033078626, -0.00139201874845, 0.00271557667293, 0.000207135322853, -0.00518710445613, -0.00204728264362, 0.00531906029209, 0.00233238772489, -0.00511447573081, -0.00129065429792, 0.013756390661, -0.00651959283277], [5.43231435586e-005, -0.00255135539919, 0.00370731437579, -0.00211817561649, 0.000505629112013, 0.00554025685415, -0.00317174522206, -0.00126959197223, -2.57542933468e-006, 0.00503074424341, 0.0029168005567, -0.00651959283277, 0.0215421449393]]
    },
    "melbands": {
        "mean": [0.00153855618555, 0.0033880523406, 0.00191619759426, 0.00198929174803, 0.000668273773044, 0.000428418949014, 0.000315304729156, 0.000140424221172, 0.000100558150734, 4.24467871198e-005, 4.38182032667e-005, 9.74151407718e-005, 2.51584224316e-005, 7.94448642409e-005, 5.82709435548e-006, 5.22433947481e-006, 3.98596193918e-006, 4.83585426991e-006, 3.51370704266e-006, 4.03163630835e-006, 4.8888573474e-006, 2.75084130408e-006, 2.6306372547e-006, 1.56729117862e-006, 2.42618648372e-006, 2.05760716199e-006, 1.91159369933e-006, 1.82327198672e-006, 1.33490721055e-006, 1.15670354717e-006, 1.09382222035e-006, 1.03549689356e-006, 1.05918809368e-006, 7.92331377397e-007, 8.12279324691e-007, 7.39691870422e-007, 5.69854307741e-007, 5.21143078913e-007, 4.99811733334e-007, 4.67079331656e-007],
        "var": [1.03711363408e-005, 2.75659494946e-005, 9.86964005278e-006, 1.69726536114e-005, 1.60576064445e-006, 7.70133965489e-007, 4.32030077491e-007, 9.21233720419e-008, 4.47276171656e-008, 9.64466106979e-009, 1.01516119955e-008, 2.39107521338e-007, 1.56275281604e-009, 1.99850322957e-008, 8.88542156519e-011, 1.71831493478e-010, 6.01446878412e-011, 9.0428629862e-011, 3.67733100914e-011, 3.93324435521e-011, 6.31178789789e-011, 3.04842678878e-011, 3.86258594554e-011, 9.98210628739e-012, 1.99575408283e-011, 1.1262198639e-011, 1.10049070551e-011, 1.18580371217e-011, 5.49379161954e-012, 4.72126634662e-012, 4.32120441859e-012, 4.33879668305e-012, 3.80859753457e-012, 1.89820338267e-012, 2.74721911886e-012, 2.53369742721e-012, 1.45994132582e-012, 1.48741262362e-012, 1.67142677737e-012, 1.50501117645e-012]
    },
    "mfcc": {
        "mean": [-726.582885742, 153.858444214, 39.6446113586, 25.2974014282, 1.93519675732, 7.77296495438, 0.213506937027, 3.09433341026, -5.40821504593, -7.01318120956, -10.3834791183, -3.41959238052, 2.42497444153],
        "cov": [[9241.76074219, -3071.17895508, -411.543792725, 420.008544922, 196.294464111, -215.379013062, -167.115097046, -100.271286011, 120.936904907, 207.604568481, 162.534469604, -95.4439620972, -102.450088501], [-3071.17895508, 2198.37451172, 446.150634766, -244.766448975, 18.6494617462, 78.4964599609, 48.5963439941, 80.6418609619, 26.9127368927, 17.2647857666, 81.1349639893, 45.552822113, -11.3019237518], [-411.543792725, 446.150634766, 832.155700684, 9.96349716187, 75.7013244629, 168.472183228, -89.3670043945, 65.4245529175, -84.361579895, 108.935134888, 260.812164307, 30.5937900543, -161.35357666], [420.008544922, -244.766448975, 9.96349716187, 264.576690674, 89.1230545044, 40.4960517883, -9.92010402679, 1.10913670063, 42.2911567688, 60.882724762, 64.6491928101, 39.1884155273, 0.661052465439], [196.294464111, 18.6494617462, 75.7013244629, 89.1230545044, 154.001449585, 38.9606132507, 30.4727993011, 8.97197818756, 13.3422861099, 55.9034461975, 95.5781707764, 17.3228435516, -30.6270122528], [-215.379013062, 78.4964599609, 168.472183228, 40.4960517883, 38.9606132507, 245.932327271, 13.8188152313, 107.948806763, -33.7681541443, -11.1560153961, 35.6169242859, 53.2883262634, 11.9044132233], [-167.115097046, 48.5963439941, -89.3670043945, -9.92010402679, 30.4727993011, 13.8188152313, 141.895050049, 37.4842681885, 31.7854747772, -3.48098707199, -20.7751102448, 7.11855316162, 42.387512207], [-100.271286011, 80.6418609619, 65.4245529175, 1.10913670063, 8.97197818756, 107.948806763, 37.4842681885, 148.950195313, 4.35935306549, 9.14429092407, -2.73542332649, 0.698587417603, 11.8930358887], [120.936904907, 26.9127368927, -84.361579895, 42.2911567688, 13.3422861099, -33.7681541443, 31.7854747772, 4.35935306549, 115.862701416, 38.8293647766, -14.7941684723, -5.80076408386, 17.994058609], [207.604568481, 17.2647857666, 108.935134888, 60.882724762, 55.9034461975, -11.1560153961, -3.48098707199, 9.14429092407, 38.8293647766, 140.151611328, 123.660453796, 1.93301320076, -61.2440185547], [162.534469604, 81.1349639893, 260.812164307, 64.6491928101, 95.5781707764, 35.6169242859, -20.7751102448, -2.73542332649, -14.7941684723, 123.660453796, 216.22744751, 30.1833686829, -92.3223724365], [-95.4439620972, 45.552822113, 30.5937900543, 39.1884155273, 17.3228435516, 53.2883262634, 7.11855316162, 0.698587417603, -5.80076408386, 1.93301320076, 30.1833686829, 93.0899963379, 63.2695999146], [-102.450088501, -11.3019237518, -161.35357666, 0.661052465439, -30.6270122528, 11.9044132233, 42.387512207, 11.8930358887, 17.994058609, -61.2440185547, -92.3223724365, 63.2695999146, 171.447738647]],
        "icov": [[0.000261150678853, 0.000403151701903, 2.6016641641e-007, 0.000226491683861, -0.000418608280597, 0.000186106510228, 0.000422730838181, -0.000245160772465, -0.000499781628605, 8.68377537699e-005, -0.000399505224777, 0.000129971071146, -0.000172825544723], [0.000403151701903, 0.00130038592033, -0.000483495299704, 0.00123682140838, -0.00099566753488, 0.000431104213931, 0.000518782238942, -0.000575525104068, -0.00157647277229, 0.000358373537892, -0.000526051386259, -0.000442979071522, -0.0002556280524], [2.6016641641e-007, -0.000483495299704, 0.00315022142604, 1.62136784638e-005, 0.000637186109088, -0.00128579512239, 0.00133964675479, -0.000777612673119, 0.000817052321509, 0.000577651429921, -0.00337723386474, 8.08559198049e-005, 0.00113097007852], [0.000226491683861, 0.00123682140838, 1.62136784638e-005, 0.00724473316222, -0.00388071336783, -0.000821331050247, 0.00215827696957, -9.69497195911e-005, -0.00321041420102, -0.00126990617719, 3.0500408684e-005, -0.00248789624311, -0.000141036085552], [-0.000418608280597, -0.00099566753488, 0.000637186109088, -0.00388071336783, 0.0130919609219, -0.00172865972854, -0.00410362286493, 0.00125989736989, 0.000450317602372, 0.00142824777868, -0.00570557825267, 0.00194542179815, 0.000357385317329], [0.000186106510228, 0.000431104213931, -0.00128579512239, -0.000821331050247, -0.00172865972854, 0.00979927927256, 0.000171382343979, -0.00692285364494, 0.000640156853478, 0.00343053019606, 0.000266967399511, -0.00587768945843, 0.0018524111947], [0.000422730838181, 0.000518782238942, 0.00133964675479, 0.00215827696957, -0.00410362286493, 0.000171382343979, 0.0111001748592, -0.00307731539942, -0.00279636611231, 0.000575391342863, -0.00149412523024, 0.000476109038573, -0.00221780198626], [-0.000245160772465, -0.000575525104068, -0.000777612673119, -9.69497195911e-005, 0.00125989736989, -0.00692285364494, -0.00307731539942, 0.0134195927531, 0.000620257342234, -0.00470825098455, 0.00274460320361, 0.00517563102767, -0.00255922484212], [-0.000499781628605, -0.00157647277229, 0.000817052321509, -0.00321041420102, 0.000450317602372, 0.000640156853478, -0.00279636611231, 0.000620257342234, 0.015928234905, -0.00847039744258, 0.00579997291788, 0.000982707948424, -0.000873857352417], [8.68377537699e-005, 0.000358373537892, 0.000577651429921, -0.00126990617719, 0.00142824777868, 0.00343053019606, 0.000575391342863, -0.00470825098455, -0.00847039744258, 0.0235141795129, -0.015134868212, 0.000769530131947, 0.00168009102345], [-0.000399505224777, -0.000526051386259, -0.00337723386474, 3.0500408684e-005, -0.00570557825267, 0.000266967399511, -0.00149412523024, 0.00274460320361, 0.00579997291788, -0.015134868212, 0.0249353367835, -0.0101040937006, 0.00683024572209], [0.000129971071146, -0.000442979071522, 8.08559198049e-005, -0.00248789624311, 0.00194542179815, -0.00587768945843, 0.000476109038573, 0.00517563102767, 0.000982707948424, 0.000769530131947, -0.0101040937006, 0.0289145801216, -0.0155265023932], [-0.000172825544723, -0.0002556280524, 0.00113097007852, -0.000141036085552, 0.000357385317329, 0.0018524111947, -0.00221780198626, -0.00255922484212, -0.000873857352417, 0.00168009102345, 0.00683024572209, -0.0155265023932, 0.0175381824374]]
    },
    "spectral_contrast_coeffs": {
        "mean": [-0.586923658848, -0.726025938988, -0.757151722908, -0.819417715073, -0.808879554272, -0.770680248737],
        "var": [0.00715574109927, 0.00553423259407, 0.00704427575693, 0.00274793314748, 0.00306930718943, 0.00299267633818]
    },
    "spectral_contrast_valleys": {
        "mean": [-7.27047395706, -6.99731779099, -8.00280094147, -8.81672000885, -8.95054340363, -11.367190361],
        "var": [1.29164886475, 1.01782083511, 0.923836290836, 1.18479931355, 1.86563754082, 2.81990003586]
    }
},
"metadata": {
    "audio_properties": {
        "analysis_sample_rate": 44100,
        "bit_rate": 128074,
        "equal_loudness": 0,
        "length": 45.0612258911,
        "lossless": 0,
        "replay_gain": -5.35376548767,
        "sample_rate": 44100,
        "codec": "mp3",
        "downmix": "mix",
        "md5_encoded": "c9380e54ed906aa47270caea8f1af030"
    },
    "tags": {
        "file_name": "1141.mp3"
    },
    "version": {
        "essentia": "2.1-beta2",
        "essentia_git_sha": "v2.1_beta2",
        "extractor": "music 1.0"
    }
},
"rhythm": {
    "beats_count": 74,
    "beats_loudness": {
        "mean": 0.0598482191563,
        "var": 0.00136349757668
    },
    "bpm": 99.9713287354,
    "bpm_histogram_first_peak_bpm": {
        "mean": 99,
        "var": 0
    },
    "bpm_histogram_first_peak_spread": {
        "mean": 0.301369845867,
        "var": 0
    },
    "bpm_histogram_first_peak_weight": {
        "mean": 0.698630154133,
        "var": 0
    },
    "bpm_histogram_second_peak_bpm": {
        "mean": 0,
        "var": 0
    },
    "bpm_histogram_second_peak_spread": {
        "mean": 0,
        "var": 0
    },
    "bpm_histogram_second_peak_weight": {
        "mean": 0,
        "var": 0
    },
    "danceability": 1.30818164349,
    "onset_rate": 2.88366365433,
    "beats_loudness_band_ratio": {
        "mean": [0.58078455925, 0.335949212313, 0.0801875218749, 0.0303871594369, 0.00628872588277, 0.0182187575847],
        "var": [0.061974067241, 0.0512840971351, 0.005413914565, 0.00244040717371, 3.46458218701e-005, 0.000418296462158]
    },
    "beats_position": [0.580498874187, 1.18421769142, 1.78793644905, 2.39165520668, 2.99537420273, 3.58748292923, 4.17959165573, 4.78331041336, 5.38702917099, 5.99074840546, 6.59446716309, 7.19818592072, 7.79029464722, 8.38240337372, 8.98612213135, 9.58984088898, 10.1935596466, 10.7972784042, 11.3893871307, 11.9814968109, 12.5852155685, 13.1889343262, 13.7926530838, 14.3847618103, 14.9768705368, 15.5805892944, 16.1843090057, 16.7880268097, 17.391746521, 17.995464325, 18.5991840363, 19.1912918091, 19.7834014893, 20.3871192932, 20.9908390045, 21.5945568085, 22.1982765198, 22.8019943237, 23.3941040039, 23.9862117767, 24.589931488, 25.1936511993, 25.7857589722, 26.3894786835, 26.9931964874, 27.5969161987, 28.2006340027, 28.804353714, 29.3964614868, 30.0001811981, 30.6038990021, 31.1960086823, 31.7881164551, 32.391834259, 32.9955558777, 33.5876655579, 34.1913833618, 34.7951011658, 35.3872108459, 35.9909286499, 36.5946464539, 37.1983680725, 37.790473938, 38.3825836182, 38.9863014221, 39.5900230408, 40.1937408447, 40.7974586487, 41.4011802673, 41.9932861328, 42.585395813, 43.1891136169, 43.7928352356, 44.3965530396]
},
"tonal": {
    "chords_changes_rate": 0.0493827164173,
    "chords_number_rate": 0.00514403311536,
    "chords_strength": {
        "mean": 0.536838054657,
        "var": 0.0141908740625
    },
    "hpcp_entropy": {
        "mean": 2.0479619503,
        "var": 0.46270403266
    },
    "key_strength": 0.578158199787,
    "tuning_diatonic_strength": 0.536682367325,
    "tuning_equal_tempered_deviation": 0.126490443945,
    "tuning_frequency": 438.731048584,
    "tuning_nontempered_energy_ratio": 0.820465683937,
    "hpcp": {
        "mean": [0.376578122377, 0.272801101208, 0.0915102884173, 0.0492561496794, 0.0465097911656, 0.108781076968, 0.205093979836, 0.168144881725, 0.0728168562055, 0.0423808321357, 0.0289614126086, 0.0644754469395, 0.183908849955, 0.169987991452, 0.0692075043917, 0.0826071575284, 0.0878384560347, 0.0903103202581, 0.103194177151, 0.0689434036613, 0.049512013793, 0.0729312300682, 0.0853125602007, 0.0960035175085, 0.0937262922525, 0.0682200565934, 0.092869438231, 0.171968832612, 0.197939276695, 0.130723252892, 0.0668755546212, 0.0737255737185, 0.125302657485, 0.16864259541, 0.17053078115, 0.247784510255],
        "var": [0.173408940434, 0.107547052205, 0.032799012959, 0.0183068998158, 0.0122221410275, 0.0386234410107, 0.109990261495, 0.0805365592241, 0.0322795845568, 0.0174848269671, 0.00745123857632, 0.0123172234744, 0.0762073993683, 0.0629865378141, 0.016723960638, 0.0351414419711, 0.0317293889821, 0.0287080705166, 0.0524907670915, 0.020786749199, 0.0166631937027, 0.0279318206012, 0.0317268446088, 0.0348048433661, 0.0399261005223, 0.0234789140522, 0.0327970050275, 0.0797278806567, 0.110619433224, 0.0617460720241, 0.0223432648927, 0.0266073085368, 0.0540893450379, 0.0785392150283, 0.0831720158458, 0.0831990018487]
    },
    "chords_histogram": [11.9341564178, 62.139919281, 10.4938268661, 5.65843629837, 0.308641970158, 0, 0.925925910473, 0, 0.308641970158, 0, 0.617283940315, 0, 0, 0, 0, 0, 0, 0.308641970158, 0, 0, 0, 0, 0, 7.30452680588],
    "thpcp": [1, 0.724421024323, 0.243004798889, 0.130799293518, 0.123506352305, 0.288867235184, 0.544625341892, 0.446507304907, 0.193364545703, 0.112541936338, 0.0769067853689, 0.171213999391, 0.488368391991, 0.451401650906, 0.183779940009, 0.219362601638, 0.233254268765, 0.239818289876, 0.274031251669, 0.183078616858, 0.131478726864, 0.19366826117, 0.226546779275, 0.254936516285, 0.248889371753, 0.181157782674, 0.246614009142, 0.456661760807, 0.525626063347, 0.347134500742, 0.177587464452, 0.195777639747, 0.33274012804, 0.4478289783, 0.452843040228, 0.657989680767],
    "chords_key": "F#",
    "chords_scale": "minor",
    "key_key": "D",
    "key_scale": "major"
}
}