{
"lowlevel": {
    "average_loudness": 0.743728101254,
    "barkbands_crest": {
        "mean": 20.504858017,
        "var": 16.7267856598
    },
    "barkbands_flatness_db": {
        "mean": 0.506150305271,
        "var": 0.00384523812681
    },
    "barkbands_kurtosis": {
        "mean": 22.626663208,
        "var": 1229.41088867
    },
    "barkbands_skewness": {
        "mean": 0.707775235176,
        "var": 5.8092675209
    },
    "barkbands_spread": {
        "mean": 1.07651054859,
        "var": 2.28074574471
    },
    "dissonance": {
        "mean": 0.273000508547,
        "var": 0.0142975784838
    },
    "dynamic_complexity": 8.84864807129,
    "erbbands_crest": {
        "mean": 23.9279403687,
        "var": 29.3627910614
    },
    "erbbands_flatness_db": {
        "mean": 0.522392094135,
        "var": 0.00215959921479
    },
    "erbbands_kurtosis": {
        "mean": 13.7922649384,
        "var": 120.357917786
    },
    "erbbands_skewness": {
        "mean": 1.59729027748,
        "var": 3.05326461792
    },
    "erbbands_spread": {
        "mean": 1.99228227139,
        "var": 3.46378493309
    },
    "hfc": {
        "mean": 6.60280513763,
        "var": 113.18309021
    },
    "melbands_crest": {
        "mean": 23.6291561127,
        "var": 31.7269382477
    },
    "melbands_flatness_db": {
        "mean": 0.614658713341,
        "var": 0.00374845275655
    },
    "melbands_kurtosis": {
        "mean": 12.6721019745,
        "var": 141.536254883
    },
    "melbands_skewness": {
        "mean": 0.161105513573,
        "var": 3.03821825981
    },
    "melbands_spread": {
        "mean": 2.15272068977,
        "var": 11.7087440491
    },
    "pitch_salience": {
        "mean": 0.356919109821,
        "var": 0.0163359139115
    },
    "silence_rate_20dB": {
        "mean": 1,
        "var": 0
    },
    "silence_rate_30dB": {
        "mean": 0.994335711002,
        "var": 0.00563216861337
    },
    "silence_rate_60dB": {
        "mean": 0.47219362855,
        "var": 0.249221473932
    },
    "spectral_centroid": {
        "mean": 501.253967285,
        "var": 63958.9375
    },
    "spectral_complexity": {
        "mean": 3.33264684677,
        "var": 4.65557479858
    },
    "spectral_decrease": {
        "mean": -3.4340379429e-009,
        "var": 2.80193502781e-017
    },
    "spectral_energy": {
        "mean": 0.0135597400367,
        "var": 0.000437943264842
    },
    "spectral_energyband_high": {
        "mean": 9.98834970289e-009,
        "var": 1.38076937138e-015
    },
    "spectral_energyband_low": {
        "mean": 0.000129957930767,
        "var": 1.54511582195e-007
    },
    "spectral_energyband_middle_high": {
        "mean": 0.000120413438708,
        "var": 6.24184153253e-008
    },
    "spectral_energyband_middle_low": {
        "mean": 0.0133689520881,
        "var": 0.000426471087849
    },
    "spectral_entropy": {
        "mean": 4.37964916229,
        "var": 0.205125570297
    },
    "spectral_flux": {
        "mean": 0.0195680297911,
        "var": 0.00118363054935
    },
    "spectral_kurtosis": {
        "mean": 260.2940979,
        "var": 14566.078125
    },
    "spectral_rms": {
        "mean": 0.00271584838629,
        "var": 5.85317229707e-006
    },
    "spectral_rolloff": {
        "mean": 547.098937988,
        "var": 177515.5
    },
    "spectral_skewness": {
        "mean": 13.3610992432,
        "var": 8.04088306427
    },
    "spectral_spread": {
        "mean": 859011.8125,
        "var": 1.42417566106e+012
    },
    "spectral_strongpeak": {
        "mean": 1.37989115715,
        "var": 2.10796141624
    },
    "zerocrossingrate": {
        "mean": 0.0229859277606,
        "var": 0.000131182241603
    },
    "barkbands": {
        "mean": [1.25563531128e-006, 4.78928923258e-005, 4.34061803389e-005, 0.0001843747159, 0.000571796728764, 0.00196867599152, 0.00504958769307, 0.00334730162285, 0.00220055761747, 0.000106005878479, 1.70803377841e-005, 5.39808252142e-006, 8.90263072506e-006, 5.97172311245e-006, 7.00647831309e-007, 4.54356666069e-007, 3.45042167282e-007, 2.56911700802e-008, 1.29374519986e-008, 4.69730032648e-009, 1.68778446774e-009, 1.17172083147e-009, 9.31483778999e-010, 8.35668423349e-010, 8.59359805538e-010, 7.08309300101e-010, 6.2718324978e-010],
        "var": [1.66773365951e-011, 3.90134609063e-008, 2.54308201164e-008, 2.8060094337e-007, 4.81620509163e-006, 4.95430977026e-005, 0.00013327805209, 0.000120867276564, 6.72069290886e-005, 1.02121930468e-007, 1.60167723529e-009, 3.61753682565e-010, 5.30056720738e-010, 1.8131975088e-010, 6.16576191145e-012, 1.9776463453e-012, 1.36705740044e-012, 1.06176621789e-014, 2.57625388545e-015, 3.24018477929e-016, 3.65310917208e-017, 4.30509392351e-017, 4.34719344622e-017, 1.95868047616e-017, 2.8785084606e-017, 3.96305788351e-018, 1.74428237514e-018]
    },
    "erbbands": {
        "mean": [0.000486904085847, 0.0140070300549, 0.0580371953547, 0.270537376404, 1.22637450695, 2.48706364632, 7.51756906509, 18.6200141907, 65.478515625, 65.3651657104, 79.266418457, 67.0098419189, 6.33319807053, 2.4928188324, 0.803705096245, 0.297859817743, 0.473609924316, 0.355505496264, 0.0576429218054, 0.048556394875, 0.0145428357646, 0.0138639220968, 0.00720282550901, 0.000907831941731, 0.000461713323602, 0.000290845346171, 0.000102180900285, 6.35138712823e-005, 4.81955539726e-005, 3.87162181141e-005, 3.31498740707e-005, 2.65509515884e-005, 2.16353855649e-005, 1.80034130608e-005, 1.39317380672e-005, 9.61222031037e-006, 5.32214198756e-006, 1.21900620798e-006, 6.5526473918e-006, 1.52602642629e-005],
        "var": [2.85368150799e-006, 0.00333167728968, 0.0449195764959, 0.493901818991, 14.6188993454, 99.9149475098, 822.163452148, 3244.65356445, 28510.1894531, 18845.4316406, 81693.046875, 52184.078125, 322.320159912, 42.0468826294, 2.44161200523, 0.827695131302, 1.32503139973, 0.532055974007, 0.0156519077718, 0.0374119617045, 0.00127894687466, 0.00174428219907, 0.0010295935208, 1.51202093548e-005, 1.71205556398e-006, 1.48899903252e-006, 9.778604948e-008, 5.17566363101e-008, 5.37484119434e-008, 4.56547510908e-008, 3.49462787597e-008, 1.20991119346e-008, 4.73698502645e-009, 3.90596532895e-009, 1.6340260256e-009, 2.52315279781e-010, 6.8443757606e-011, 4.31042571428e-012, 1.02396577328e-010, 5.56170720589e-010]
    },
    "gfcc": {
        "mean": [-368.722381592, 222.362854004, -79.153717041, -98.9866104126, -71.3150558472, -29.0923118591, -31.3898944855, -6.84605407715, 3.16986513138, -2.29745125771, -2.44836974144, -15.9398269653, -11.3124141693],
        "cov": [[10437.4697266, 2688.46557617, 46.550453186, 160.69593811, 1738.7322998, -674.428405762, 68.7914962769, 95.0097961426, 379.495910645, -498.303710938, -174.025146484, -333.36227417, 32.7256011963], [2688.46557617, 1052.11828613, -20.47498703, -3.78125834465, 649.06036377, -115.451179504, -29.9297351837, -49.6699485779, 118.774734497, -147.052032471, -24.3498916626, -139.694976807, -34.8678436279], [46.550453186, -20.47498703, 294.008087158, 2.42914557457, -194.89805603, -113.621520996, -59.3529510498, -69.5042495728, -86.3817825317, -20.3360137939, 11.141119957, 55.2900009155, 36.565700531], [160.69593811, -3.78125834465, 2.42914557457, 202.951904297, 120.518203735, 46.3995475769, 40.8481941223, 61.2370758057, 5.3551068306, 1.58000802994, -36.4016227722, -28.394701004, -43.8974838257], [1738.7322998, 649.06036377, -194.89805603, 120.518203735, 693.582214355, 58.8878898621, 66.1089019775, 84.0038909912, 186.397216797, -38.8288879395, -31.0764598846, -154.016860962, -87.0169448853], [-674.428405762, -115.451179504, -113.621520996, 46.3995475769, 58.8878898621, 249.53894043, 115.951271057, 63.8027877808, 35.549823761, 49.5556945801, -35.6763725281, -75.1558151245, -63.9145584106], [68.7914962769, -29.9297351837, -59.3529510498, 40.8481941223, 66.1089019775, 115.951271057, 197.201461792, 141.259460449, 49.3572654724, -16.8162498474, -65.6591033936, -77.4291305542, -32.0203781128], [95.0097961426, -49.6699485779, -69.5042495728, 61.2370758057, 84.0038909912, 63.8027877808, 141.259460449, 173.204833984, 81.6419754028, 0.951548993587, -51.8081588745, -62.2479133606, -52.3895606995], [379.495910645, 118.774734497, -86.3817825317, 5.3551068306, 186.397216797, 35.549823761, 49.3572654724, 81.6419754028, 165.283859253, 71.6990585327, 23.5053405762, -59.1190338135, -46.5678710938], [-498.303710938, -147.052032471, -20.3360137939, 1.58000802994, -38.8288879395, 49.5556945801, -16.8162498474, 0.951548993587, 71.6990585327, 162.714904785, 92.2686386108, 18.8218708038, -26.4671573639], [-174.025146484, -24.3498916626, 11.141119957, -36.4016227722, -31.0764598846, -35.6763725281, -65.6591033936, -51.8081588745, 23.5053405762, 92.2686386108, 126.241256714, 77.2401657104, 23.2927780151], [-333.36227417, -139.694976807, 55.2900009155, -28.394701004, -154.016860962, -75.1558151245, -77.4291305542, -62.2479133606, -59.1190338135, 18.8218708038, 77.2401657104, 137.00340271, 83.4411315918], [32.7256011963, -34.8678436279, 36.565700531, -43.8974838257, -87.0169448853, -63.9145584106, -32.0203781128, -52.3895606995, -46.5678710938, -26.4671573639, 23.2927780151, 83.4411315918, 126.318588257]],
        "icov": [[0.000571652024519, -0.00099539081566, -9.0997755251e-006, -0.000465953693492, -0.000412515568314, 0.00180686661042, -0.00116411433555, 0.000358524906915, -0.000493402185384, -0.000183460564585, 0.000728402519599, -1.14434469651e-005, -0.000445567478891], [-0.00099539081566, 0.00985465012491, -0.00365109392442, 0.00343801244162, -0.00697948876768, -0.000678816111758, 0.000368674838683, 0.00483341002837, -0.0014628112549, 0.00819076411426, -0.00736515549943, 0.00589684722945, 0.000816166284494], [-9.0997755251e-006, -0.00365109392442, 0.00782588589936, -0.00384461670183, 0.00574973924085, 0.00217502517626, -0.0016899430193, 0.00130379921757, 0.000474844156997, -0.00267270207405, 0.00160463969223, -0.00111926870886, 0.000625304470304], [-0.000465953693492, 0.00343801244162, -0.00384461670183, 0.0118281394243, -0.00734461750835, -0.00141940230969, 0.00156641588546, -0.00403524190187, 0.00683147739619, -0.00536160031334, 0.0058812815696, -0.00496174115688, 0.00282698171213], [-0.000412515568314, -0.00697948876768, 0.00574973924085, -0.00734461750835, 0.0138643160462, -0.00409598415717, 0.00296301092021, -0.00271437200718, -0.00506185833365, 0.0016506150132, -0.00298309186473, 0.00172188377474, -0.00104045087937], [0.00180686661042, -0.000678816111758, 0.00217502517626, -0.00141940230969, -0.00409598415717, 0.0170202013105, -0.0128603857011, 0.00885961763561, 0.000109230655653, -0.0054539218545, 0.00599087309092, 0.000148915874888, 0.00212085596286], [-0.00116411433555, 0.000368674838683, -0.0016899430193, 0.00156641588546, 0.00296301092021, -0.0128603857011, 0.0267609842122, -0.0225284602493, 0.00526294065639, 0.00357604259625, -0.00821645092219, 0.0116611793637, -0.00908728130162], [0.000358524906915, 0.00483341002837, 0.00130379921757, -0.00403524190187, -0.00271437200718, 0.00885961763561, -0.0225284602493, 0.0354192070663, -0.0169536639005, 0.00599340908229, 0.00718548335135, -0.00914545077831, 0.0107754906639], [-0.000493402185384, -0.0014628112549, 0.000474844156997, 0.00683147739619, -0.00506185833365, 0.000109230655653, 0.00526294065639, -0.0169536639005, 0.029146688059, -0.0179152749479, 0.000854012265336, 0.00490854680538, -0.00357691152021], [-0.000183460564585, 0.00819076411426, -0.00267270207405, -0.00536160031334, 0.0016506150132, -0.0054539218545, 0.00357604259625, 0.00599340908229, -0.0179152749479, 0.0393905825913, -0.0326097384095, 0.0171266943216, -0.000662669248413], [0.000728402519599, -0.00736515549943, 0.00160463969223, 0.0058812815696, -0.00298309186473, 0.00599087309092, -0.00821645092219, 0.00718548335135, 0.000854012265336, -0.0326097384095, 0.0539547763765, -0.0383195951581, 0.0100767854601], [-1.14434469651e-005, 0.00589684722945, -0.00111926870886, -0.00496174115688, 0.00172188377474, 0.000148915874888, 0.0116611793637, -0.00914545077831, 0.00490854680538, 0.0171266943216, -0.0383195951581, 0.0510951094329, -0.0206324700266], [-0.000445567478891, 0.000816166284494, 0.000625304470304, 0.00282698171213, -0.00104045087937, 0.00212085596286, -0.00908728130162, 0.0107754906639, -0.00357691152021, -0.000662669248413, 0.0100767854601, -0.0206324700266, 0.0218938961625]]
    },
    "melbands": {
        "mean": [8.79773324414e-006, 2.58463333012e-005, 7.72423154558e-005, 0.000137061739224, 0.000245114642894, 0.000398948875954, 0.00102338625584, 0.000672702270094, 0.000655704876408, 0.000341764942277, 1.61086172739e-005, 9.94413403532e-006, 2.53974644693e-006, 9.01834710021e-007, 9.33416288262e-007, 8.71606346209e-007, 6.33229660707e-007, 8.86545379331e-008, 4.59149163134e-008, 5.65981750356e-008, 1.082136869e-008, 1.26694974512e-008, 1.81919297404e-008, 5.79308323534e-010, 6.25672014198e-010, 3.43999051466e-010, 1.95105945289e-010, 1.88999704775e-010, 5.44167003125e-011, 5.01039799927e-011, 2.80637475064e-011, 2.53550045543e-011, 1.97178089828e-011, 1.71636056062e-011, 1.55130665258e-011, 1.28094297322e-011, 1.10121894242e-011, 9.30567255197e-012, 8.81715186973e-012, 7.86113101697e-012],
        "var": [1.18680110184e-009, 1.02626040999e-008, 3.91606036487e-008, 3.22845068013e-007, 7.38890889806e-007, 1.72927957465e-006, 6.64411481921e-006, 2.0567001684e-006, 4.85952023155e-006, 1.54493557147e-006, 3.34774119537e-009, 7.85155385152e-010, 3.32594056462e-011, 5.33456698953e-012, 6.63093755252e-012, 3.4299542373e-012, 2.02704671624e-012, 5.42426143607e-014, 2.8610143768e-014, 4.14665487548e-014, 8.43624539614e-016, 1.14472849992e-015, 7.52149756459e-015, 9.41525428221e-018, 1.22434228468e-017, 1.08494249913e-018, 3.49316382278e-019, 7.32162065396e-019, 2.59259923595e-020, 4.0606848801e-020, 1.54533526608e-020, 1.75521457506e-020, 1.53465865851e-020, 1.35014665247e-020, 1.20158800329e-020, 8.15575688612e-021, 3.44901357457e-021, 1.62832805793e-021, 2.74765811918e-021, 2.50041977137e-021]
    },
    "mfcc": {
        "mean": [-950.506835938, 191.266967773, 50.3336639404, -31.5372428894, -39.9311103821, -30.5089855194, -26.0182647705, -17.9205131531, -6.60272169113, 2.43015789986, 8.59552192688, 8.8226184845, 1.74486684799],
        "cov": [[3724.09716797, 3236.25439453, 180.399841309, -291.317321777, 538.301025391, 425.359771729, -66.6392822266, 23.7474136353, 196.751403809, 42.5118103027, -46.0493888855, 27.1563606262, -80.5864257813], [3236.25439453, 2865.56079102, 236.542602539, -250.584732056, 426.065368652, 359.039093018, -58.8628616333, -8.40962696075, 135.195129395, 19.3761367798, -45.7773361206, 21.7302398682, -63.422744751], [180.399841309, 236.542602539, 145.677062988, 19.1766967773, -25.2331924438, -3.65858125687, -11.4768791199, -42.534488678, -47.0619735718, -31.4653549194, -17.6820812225, -2.60561847687, 10.7731895447], [-291.317321777, -250.584732056, 19.1766967773, 94.7108688354, 14.7832832336, -26.9835243225, -10.3762226105, -8.36111068726, -18.9824104309, -13.5832099915, -3.56840991974, 5.06374788284, 21.914276123], [538.301025391, 426.065368652, -25.2331924438, 14.7832832336, 213.874740601, 147.314071655, 4.71852254868, 13.3686408997, 54.301864624, 31.180311203, 20.4940395355, 31.7314739227, 1.62875413895], [425.359771729, 359.039093018, -3.65858125687, -26.9835243225, 147.314071655, 178.661834717, 80.0076293945, 25.5620651245, 32.359210968, 44.4703292847, 49.1164245605, 30.5084171295, -15.3126573563], [-66.6392822266, -58.8628616333, -11.4768791199, -10.3762226105, 4.71852254868, 80.0076293945, 128.954833984, 90.2932739258, 43.2056465149, 48.2512168884, 48.0990104675, 1.67631387711, -40.1864471436], [23.7474136353, -8.40962696075, -42.534488678, -8.36111068726, 13.3686408997, 25.5620651245, 90.2932739258, 152.027694702, 138.206573486, 81.3004989624, 29.7834720612, -18.6324634552, -58.8696022034], [196.751403809, 135.195129395, -47.0619735718, -18.9824104309, 54.301864624, 32.359210968, 43.2056465149, 138.206573486, 185.612808228, 126.583221436, 40.8293991089, -15.1364955902, -48.8236732483], [42.5118103027, 19.3761367798, -31.4653549194, -13.5832099915, 31.180311203, 44.4703292847, 48.2512168884, 81.3004989624, 126.583221436, 133.413497925, 84.2168731689, 17.275598526, -19.6867256165], [-46.0493888855, -45.7773361206, -17.6820812225, -3.56840991974, 20.4940395355, 49.1164245605, 48.0990104675, 29.7834720612, 40.8293991089, 84.2168731689, 105.392440796, 71.0181732178, 20.2021141052], [27.1563606262, 21.7302398682, -2.60561847687, 5.06374788284, 31.7314739227, 30.5084171295, 1.67631387711, -18.6324634552, -15.1364955902, 17.275598526, 71.0181732178, 100.245452881, 74.6368789673], [-80.5864257813, -63.422744751, 10.7731895447, 21.914276123, 1.62875413895, -15.3126573563, -40.1864471436, -58.8696022034, -48.8236732483, -19.6867256165, 20.2021141052, 74.6368789673, 115.893127441]],
        "icov": [[13.2570123672, -19.7454948425, 22.6250572205, -26.7051124573, 31.2336158752, -34.9398117065, 36.340965271, -34.2634353638, 28.5587081909, -20.3839454651, 11.88692379, -5.2028927803, 1.34763538837], [-19.7454948425, 29.4558105469, -33.8523597717, 40.036857605, -46.8181304932, 52.2643089294, -54.1986122131, 50.9355125427, -42.3280448914, 30.1325492859, -17.530872345, 7.659263134, -1.98086845875], [22.6250572205, -33.8523597717, 39.1423377991, -46.4824943542, 54.3793067932, -60.5168266296, 62.4428329468, -58.3533287048, 48.2395210266, -34.1893768311, 19.8228931427, -8.64076805115, 2.23213434219], [-26.7051124573, 40.036857605, -46.4824943542, 55.4219512939, -64.9434509277, 72.2543640137, -74.4324111938, 69.3974685669, -57.2292022705, 40.4813804626, -23.4399013519, 10.2138690948, -2.64181661606], [31.2336158752, -46.8181304932, 54.3793067932, -64.9434509277, 76.3862457275, -85.3570861816, 88.3169250488, -82.6748733521, 68.4080123901, -48.5330924988, 28.1861438751, -12.3152112961, 3.19166564941], [-34.9398117065, 52.2643089294, -60.5168266296, 72.2543640137, -85.3570861816, 96.1471633911, -100.404815674, 94.8654251099, -79.1518707275, 56.5584220886, -33.0538482666, 14.5128679276, -3.77738213539], [36.340965271, -54.1986122131, 62.4428329468, -74.4324111938, 88.3169250488, -100.404815674, 106.080299377, -101.409980774, 85.527053833, -61.6720809937, 36.3100814819, -16.0437316895, 4.20075511932], [-34.2634353638, 50.9355125427, -58.3533287048, 69.3974685669, -82.6748733521, 94.8654251099, -101.409980774, 98.1595001221, -83.7534713745, 61.0196304321, -36.2612533569, 16.1527767181, -4.25523996353], [28.5587081909, -42.3280448914, 48.2395210266, -57.2292022705, 68.4080123901, -79.1518707275, 85.527053833, -83.7534713745, 72.3244781494, -53.3054046631, 32.03074646, -14.4282979965, 3.84758090973], [-20.3839454651, 30.1325492859, -34.1893768311, 40.4813804626, -48.5330924988, 56.5584220886, -61.6720809937, 61.0196304321, -53.3054046631, 39.8035888672, -24.2573604584, 11.0940799713, -3.00608801842], [11.88692379, -17.530872345, 19.8228931427, -23.4399013519, 28.1861438751, -33.0538482666, 36.3100814819, -36.2612533569, 32.03074646, -24.2573604584, 15.0593347549, -7.03013944626, 1.94495022297], [-5.2028927803, 7.659263134, -8.64076805115, 10.2138690948, -12.3152112961, 14.5128679276, -16.0437316895, 16.1527767181, -14.4282979965, 11.0940799713, -7.03013944626, 3.38122415543, -0.967898011208], [1.34763538837, -1.98086845875, 2.23213434219, -2.64181661606, 3.19166564941, -3.77738213539, 4.20075511932, -4.25523996353, 3.84758090973, -3.00608801842, 1.94495022297, -0.967898011208, 0.299465745687]]
    },
    "spectral_contrast_coeffs": {
        "mean": [-0.6470053792, -0.562771677971, -0.646397352219, -0.718022286892, -0.827519953251, -0.917344152927],
        "var": [0.0105407396331, 0.0106696523726, 0.00855278223753, 0.00289031420834, 0.00257798912935, 0.000877640617546]
    },
    "spectral_contrast_valleys": {
        "mean": [-10.4342813492, -8.37133026123, -10.3550386429, -12.355928421, -13.4936466217, -14.8813791275],
        "var": [2.121114254, 1.28296899796, 0.968561589718, 1.2369799614, 0.572646677494, 1.07187366486]
    }
},
"metadata": {
    "audio_properties": {
        "analysis_sample_rate": 44100,
        "bit_rate": 128074,
        "equal_loudness": 0,
        "length": 45.0612258911,
        "lossless": 0,
        "replay_gain": -5.55569076538,
        "sample_rate": 44100,
        "codec": "mp3",
        "downmix": "mix",
        "md5_encoded": "1c563db4831234e9da5263e6dee64b72"
    },
    "tags": {
        "file_name": "1142.mp3"
    },
    "version": {
        "essentia": "2.1-beta2",
        "essentia_git_sha": "v2.1_beta2",
        "extractor": "music 1.0"
    }
},
"rhythm": {
    "beats_count": 87,
    "beats_loudness": {
        "mean": 0.0263610891998,
        "var": 0.000959725643042
    },
    "bpm": 123.084594727,
    "bpm_histogram_first_peak_bpm": {
        "mean": 123,
        "var": 0
    },
    "bpm_histogram_first_peak_spread": {
        "mean": 0.540540516376,
        "var": 0
    },
    "bpm_histogram_first_peak_weight": {
        "mean": 0.197674423456,
        "var": 0
    },
    "bpm_histogram_second_peak_bpm": {
        "mean": 117,
        "var": 0
    },
    "bpm_histogram_second_peak_spread": {
        "mean": 0.449999988079,
        "var": 0
    },
    "bpm_histogram_second_peak_weight": {
        "mean": 0.12790697813,
        "var": 0
    },
    "danceability": 1.03923523426,
    "onset_rate": 1.2200114727,
    "beats_loudness_band_ratio": {
        "mean": [0.0315750725567, 0.14672870934, 0.82593947649, 0.0190907958895, 0.000237198008108, 6.58383714836e-006],
        "var": [0.000986193888821, 0.0750603973866, 0.065566547215, 0.00267765810713, 2.30180191352e-007, 6.1357829928e-010]
    },
    "beats_position": [0.476009070873, 0.96362811327, 1.45124709606, 1.92725622654, 2.40326523781, 2.90249419212, 3.39011335373, 3.87773227692, 4.37696123123, 4.87619018555, 5.38702917099, 5.90947818756, 6.40870714188, 6.8963265419, 7.38394546509, 7.87156438828, 8.35918331146, 8.84680271149, 9.4040813446, 9.96135997772, 10.5186395645, 11.0526981354, 11.5983667374, 12.051156044, 12.5155553818, 12.9683446884, 13.4211339951, 13.873922348, 14.3383216858, 14.8027210236, 15.2671203613, 15.7431287766, 16.2307472229, 16.7183666229, 17.1943759918, 17.6703853607, 18.181224823, 18.6920623779, 19.179681778, 19.667301178, 20.1433105469, 20.642539978, 21.1417675018, 21.640996933, 22.1518363953, 22.6394557953, 23.1270751953, 23.6379127502, 24.1603622437, 24.6828117371, 25.2052612305, 25.7277088165, 26.2501583099, 26.7726078033, 27.2834453583, 27.7826747894, 28.3980045319, 29.0133323669, 29.6286621094, 30.2091598511, 30.8128795624, 31.3933773041, 31.9738769531, 32.5775947571, 33.2161445618, 33.8546943665, 34.3771438599, 34.8995895386, 35.4336509705, 35.9677085876, 36.5133781433, 37.059047699, 37.5698852539, 38.0807266235, 38.5915641785, 39.0907936096, 39.5900230408, 40.1008605957, 40.5884780884, 41.0760993958, 41.5869369507, 42.0513381958, 42.5157356262, 42.9917449951, 43.467754364, 43.9437637329, 44.4197731018]
},
"tonal": {
    "chords_changes_rate": 0.0226337444037,
    "chords_number_rate": 0.00823045242578,
    "chords_strength": {
        "mean": 0.479168623686,
        "var": 0.00650179106742
    },
    "hpcp_entropy": {
        "mean": 1.2256039381,
        "var": 0.307028144598
    },
    "key_strength": 0.740666389465,
    "tuning_diatonic_strength": 0.447580218315,
    "tuning_equal_tempered_deviation": 0.00251096044667,
    "tuning_frequency": 440.254241943,
    "tuning_nontempered_energy_ratio": 0.586936473846,
    "hpcp": {
        "mean": [0.414378374815, 0.210776865482, 0.00153557537124, 0.000581981323194, 0.00275598885491, 0.152884766459, 0.313910871744, 0.168169230223, 0.110078573227, 0.233292773366, 0.13050763309, 0.00289646023884, 0.000352551025571, 0.000285102112684, 0.043826919049, 0.0987587347627, 0.0558795295656, 0.000979638774879, 0.00033019692637, 0.00108496926259, 0.112569116056, 0.224986359477, 0.115814693272, 0.0521828010678, 0.0950217619538, 0.046214107424, 0.00243952311575, 0.00369056710042, 0.00318359443918, 0.037625849247, 0.0702880471945, 0.0344080999494, 0.000985656282865, 0.000575189071242, 0.00153174134903, 0.205996885896],
        "var": [0.192969322205, 0.0511046238244, 0.000124424681417, 1.78412901732e-005, 0.00077853363473, 0.0441981591284, 0.17586876452, 0.0516345836222, 0.0268286969513, 0.11844933778, 0.0393567346036, 8.29974233056e-005, 1.5373923361e-006, 1.86170905181e-006, 0.0129257179797, 0.066114641726, 0.0215435102582, 2.52917998296e-005, 1.65993060364e-006, 6.39978898107e-005, 0.0372869931161, 0.145285412669, 0.0377889536321, 0.014174701646, 0.0550103448331, 0.0159812644124, 5.53309728275e-005, 0.000101276549685, 4.78085858049e-005, 0.0143583891913, 0.0522945970297, 0.0136218275875, 4.42595628556e-005, 1.66374429682e-005, 0.000183778087376, 0.0468347072601]
    },
    "chords_histogram": [54.2181053162, 2.67489719391, 4.32098770142, 12.551440239, 1.33744859695, 2.57201647758, 0, 0.720164597034, 0, 0, 0, 0, 0, 0, 0, 0, 0, 0, 0, 0, 0, 0, 3.29218101501, 18.3127574921],
    "thpcp": [1, 0.508657991886, 0.00370573229156, 0.00140446831938, 0.00665089953691, 0.36894968152, 0.75754648447, 0.405834943056, 0.265647470951, 0.562994539738, 0.314947992563, 0.00698989257216, 0.000850794953294, 0.000688023632392, 0.105765461922, 0.238329842687, 0.134851455688, 0.00236411648802, 0.000796848849859, 0.00261830561794, 0.271657794714, 0.542949080467, 0.279490202665, 0.125930324197, 0.229311585426, 0.111526347697, 0.00588718755171, 0.00890627317131, 0.00768281985074, 0.0908007100224, 0.169622868299, 0.0830354616046, 0.0023786383681, 0.00138807692565, 0.00369647983462, 0.49712267518],
    "chords_key": "A",
    "chords_scale": "minor",
    "key_key": "A",
    "key_scale": "minor"
}
}