{
"lowlevel": {
    "average_loudness": 0.70875287056,
    "barkbands_crest": {
        "mean": 8.36914920807,
        "var": 9.4909734726
    },
    "barkbands_flatness_db": {
        "mean": 0.146321892738,
        "var": 0.00312801101245
    },
    "barkbands_kurtosis": {
        "mean": 2.90504407883,
        "var": 32.6852340698
    },
    "barkbands_skewness": {
        "mean": 1.25088131428,
        "var": 1.16476488113
    },
    "barkbands_spread": {
        "mean": 19.2870979309,
        "var": 139.676879883
    },
    "dissonance": {
        "mean": 0.470214694738,
        "var": 0.000538478314411
    },
    "dynamic_complexity": 3.56443285942,
    "erbbands_crest": {
        "mean": 8.89016342163,
        "var": 18.9926128387
    },
    "erbbands_flatness_db": {
        "mean": 0.18500199914,
        "var": 0.00315111479722
    },
    "erbbands_kurtosis": {
        "mean": 0.429090052843,
        "var": 4.70204687119
    },
    "erbbands_skewness": {
        "mean": 0.177256941795,
        "var": 0.636978685856
    },
    "erbbands_spread": {
        "mean": 31.6934528351,
        "var": 234.486801147
    },
    "hfc": {
        "mean": 15.2515983582,
        "var": 534.444152832
    },
    "melbands_crest": {
        "mean": 12.6470394135,
        "var": 25.5329532623
    },
    "melbands_flatness_db": {
        "mean": 0.209123253822,
        "var": 0.00446158787236
    },
    "melbands_kurtosis": {
        "mean": 8.27382564545,
        "var": 145.959182739
    },
    "melbands_skewness": {
        "mean": 2.06426000595,
        "var": 1.90363848209
    },
    "melbands_spread": {
        "mean": 23.6835536957,
        "var": 292.308807373
    },
    "pitch_salience": {
        "mean": 0.592132866383,
        "var": 0.0110674239695
    },
    "silence_rate_20dB": {
        "mean": 1,
        "var": 0
    },
    "silence_rate_30dB": {
        "mean": 0.990216255188,
        "var": 0.00968791544437
    },
    "silence_rate_60dB": {
        "mean": 0.116889804602,
        "var": 0.103226751089
    },
    "spectral_centroid": {
        "mean": 1264.19897461,
        "var": 451105.03125
    },
    "spectral_complexity": {
        "mean": 16.1493301392,
        "var": 66.8407669067
    },
    "spectral_decrease": {
        "mean": -4.7375348089e-009,
        "var": 2.79108671951e-017
    },
    "spectral_energy": {
        "mean": 0.019263913855,
        "var": 0.000458401889773
    },
    "spectral_energyband_high": {
        "mean": 0.000389320339309,
        "var": 3.64087031812e-006
    },
    "spectral_energyband_low": {
        "mean": 0.00422038603574,
        "var": 9.66741718003e-005
    },
    "spectral_energyband_middle_high": {
        "mean": 0.00498952576891,
        "var": 4.86241624458e-005
    },
    "spectral_energyband_middle_low": {
        "mean": 0.0106958225369,
        "var": 0.000157620874234
    },
    "spectral_entropy": {
        "mean": 7.38098573685,
        "var": 0.228829205036
    },
    "spectral_flux": {
        "mean": 0.0760528370738,
        "var": 0.00171563611366
    },
    "spectral_kurtosis": {
        "mean": 7.71843242645,
        "var": 29.3898715973
    },
    "spectral_rms": {
        "mean": 0.00383255654015,
        "var": 4.10555276176e-006
    },
    "spectral_rolloff": {
        "mean": 1490.81591797,
        "var": 1457425.625
    },
    "spectral_skewness": {
        "mean": 1.87523233891,
        "var": 0.365060895681
    },
    "spectral_spread": {
        "mean": 3743143,
        "var": 3.61725427712e+012
    },
    "spectral_strongpeak": {
        "mean": 0.926155328751,
        "var": 2.72312569618
    },
    "zerocrossingrate": {
        "mean": 0.0550181344151,
        "var": 0.000793909595814
    },
    "barkbands": {
        "mean": [1.46796774061e-005, 0.00152372103184, 0.00178076222073, 0.00194053899031, 0.0026964484714, 0.00245794071816, 0.000570691481698, 0.0011147033656, 0.00168971461244, 0.000611666066106, 0.000651823589578, 0.00103453628253, 0.000937775010243, 0.000360078876838, 0.000377785327146, 0.00024199904874, 0.000308282644255, 0.000120834425616, 0.000242787049501, 0.000229453886277, 5.90134404774e-005, 5.53915488126e-005, 8.65160254762e-005, 5.9795776906e-005, 5.67095812585e-005, 3.76324860554e-005, 2.64396680905e-006],
        "var": [1.0648855131e-008, 2.95027075481e-005, 1.94927488337e-005, 1.13165997391e-005, 1.56733967742e-005, 2.42643855017e-005, 7.81238952641e-007, 5.87697832088e-006, 1.21813682199e-005, 1.46560580561e-006, 2.39996302298e-006, 4.22073162554e-006, 3.52095275957e-006, 4.96198993005e-007, 4.08155415244e-007, 1.54787514361e-007, 2.72916508948e-007, 3.57737768297e-008, 1.1429656297e-006, 9.6834719443e-007, 5.8123614366e-008, 1.07011409511e-007, 4.20890955866e-007, 1.29729926357e-007, 1.09046155217e-007, 2.99038767082e-008, 2.23414897693e-010]
    },
    "erbbands": {
        "mean": [0.015188976191, 0.449196755886, 2.02952980995, 4.34500837326, 6.10279130936, 8.32936668396, 27.0609207153, 12.4620380402, 7.99579763412, 13.0991315842, 31.9553108215, 38.9833488464, 22.6207733154, 20.6974620819, 25.998960495, 41.8236694336, 43.9483642578, 24.9126586914, 20.8715610504, 16.1347618103, 14.3901796341, 15.6827135086, 8.56921958923, 8.76487064362, 18.6731338501, 6.67819261551, 2.66644072533, 2.22693538666, 2.01500868797, 2.05835318565, 2.7219543457, 1.29965913296, 1.00550115108, 0.699209868908, 0.356970787048, 0.165738165379, 0.0702660828829, 0.0119751458988, 0.000323738262523, 3.17387421092e-005],
        "var": [0.00549057824537, 2.24051642418, 26.5266532898, 51.8342895508, 104.877159119, 138.379989624, 2997.77954102, 493.568878174, 110.179244995, 690.20690918, 4121.30322266, 5969.20703125, 1638.1385498, 1540.83154297, 3073.89770508, 5863.015625, 6982.90576172, 1703.51245117, 1373.36633301, 640.635864258, 562.508789063, 629.98260498, 179.668579102, 226.307693481, 9773.16503906, 635.186523438, 84.7384872437, 119.071014404, 146.929702759, 154.816970825, 545.932434082, 64.0494308472, 38.6369972229, 18.9086780548, 3.57348847389, 0.667549133301, 0.0964053347707, 0.00373291573487, 2.50113157563e-006, 3.33695759913e-009]
    },
    "gfcc": {
        "mean": [-40.8519859314, 113.659553528, -133.385559082, 13.8754377365, -52.8242530823, -0.85458523035, -39.6015281677, 1.76692414284, -33.0713729858, -4.8247718811, -17.2221717834, -6.38066625595, -14.007229805],
        "cov": [[5668.81005859, -1390.20727539, 431.029266357, -370.477966309, -256.523223877, 533.13873291, -286.102783203, 226.769699097, -101.416320801, 245.81350708, -228.579528809, 225.049423218, -237.890823364], [-1390.20727539, 2241.26367188, -638.747619629, 94.9824676514, 396.208190918, -392.101409912, 220.826889038, -374.064788818, 192.887466431, -350.459838867, 240.164215088, -247.152694702, 247.297790527], [431.029266357, -638.747619629, 1068.40698242, 216.157333374, -168.07472229, 248.264007568, -50.9779167175, 188.223999023, -54.0484275818, 159.212478638, -70.8849945068, 103.359077454, -92.0500259399], [-370.477966309, 94.9824676514, 216.157333374, 540.937255859, 67.7313461304, 4.55077695847, 130.61416626, 11.0667657852, 49.5432853699, 0.550157546997, 77.1736679077, -22.6542701721, 35.4598007202], [-256.523223877, 396.208190918, -168.07472229, 67.7313461304, 263.665985107, -9.12478065491, 48.2409667969, -40.658493042, 55.3855285645, -41.3403892517, 33.4646263123, -19.5351676941, 39.212097168], [533.13873291, -392.101409912, 248.264007568, 4.55077695847, -9.12478065491, 275.951690674, -28.8941383362, 108.050857544, 23.6155090332, 89.4421539307, -68.8439559937, 61.738368988, -55.3522529602], [-286.102783203, 220.826889038, -50.9779167175, 130.61416626, 48.2409667969, -28.8941383362, 149.936950684, -3.08992886543, 47.5993652344, -21.5412960052, 37.8381919861, -51.4203872681, 26.3094577789], [226.769699097, -374.064788818, 188.223999023, 11.0667657852, -40.658493042, 108.050857544, -3.08992886543, 177.548126221, 2.61002540588, 96.4007034302, -42.408115387, 46.5665779114, -49.2201080322], [-101.416320801, 192.887466431, -54.0484275818, 49.5432853699, 55.3855285645, 23.6155090332, 47.5993652344, 2.61002540588, 108.805763245, -5.03828001022, 19.7754497528, -14.2231807709, 27.0546779633], [245.81350708, -350.459838867, 159.212478638, 0.550157546997, -41.3403892517, 89.4421539307, -21.5412960052, 96.4007034302, -5.03828001022, 130.612686157, -20.8995323181, 50.113910675, -36.48620224], [-228.579528809, 240.164215088, -70.8849945068, 77.1736679077, 33.4646263123, -68.8439559937, 37.8381919861, -42.408115387, 19.7754497528, -20.8995323181, 100.657157898, -16.7199211121, 33.2460746765], [225.049423218, -247.152694702, 103.359077454, -22.6542701721, -19.5351676941, 61.738368988, -51.4203872681, 46.5665779114, -14.2231807709, 50.113910675, -16.7199211121, 96.6339569092, -10.8036603928], [-237.890823364, 247.297790527, -92.0500259399, 35.4598007202, 39.212097168, -55.3522529602, 26.3094577789, -49.2201080322, 27.0546779633, -36.48620224, 33.2460746765, -10.8036603928, 85.7029571533]],
        "icov": [[0.00025560244103, -6.80435041431e-005, 9.37098302529e-005, 1.09342527139e-005, 0.000216326734517, -0.000454790977528, 0.000183268435649, 6.53611205053e-005, 0.000140897231176, -0.000169602382812, 0.000138124087243, -0.0002911768388, 0.000383555830922], [-6.80435041431e-005, 0.00317626283504, -0.00114121916704, 0.00159406545572, -0.00302774482407, 0.00157594040502, -0.00101055158302, 0.00159274286125, -0.00331246946007, 0.00370437465608, -0.00356819853187, 0.00357369566336, -0.00315382494591], [9.37098302529e-005, -0.00114121916704, 0.00229136226699, -0.00167302973568, 0.00204055663198, -0.0017324113287, 0.000915665586945, -0.00110164179932, 0.00199391832575, -0.00179521588143, 0.00160610442981, -0.00177259882912, 0.00149989372585], [1.09342527139e-005, 0.00159406545572, -0.00167302973568, 0.00407246872783, -0.00221602316014, 0.000738238799386, -0.00279379310086, 0.000835736398585, -0.00180870702025, 0.00206068903208, -0.00365122174844, 0.00178157107439, -0.00213371613063], [0.000216326734517, -0.00302774482407, 0.00204055663198, -0.00221602316014, 0.00812291540205, -0.00285150483251, 0.000698814750649, -0.00114494713489, 0.00195596599951, -0.00268705748022, 0.00298310723156, -0.00407590623945, 0.0025829479564], [-0.000454790977528, 0.00157594040502, -0.0017324113287, 0.000738238799386, -0.00285150483251, 0.00897981226444, -0.000668553635478, 5.15535793966e-005, -0.0050208857283, 0.000207994904486, 0.00167381146457, -9.35482967179e-005, 0.000375700474251], [0.000183268435649, -0.00101055158302, 0.000915665586945, -0.00279379310086, 0.000698814750649, -0.000668553635478, 0.0127781024203, -0.0031453135889, -0.00139613123611, -0.000906783156097, -0.000323896645568, 0.00442654360086, -0.000178151793079], [6.53611205053e-005, 0.00159274286125, -0.00110164179932, 0.000835736398585, -0.00114494713489, 5.15535793966e-005, -0.0031453135889, 0.0128376595676, -0.00293308775872, -0.00409518927336, 0.000989068183117, -0.000780808506534, 0.00165239698254], [0.000140897231176, -0.00331246946007, 0.00199391832575, -0.00180870702025, 0.00195596599951, -0.0050208857283, -0.00139613123611, -0.00293308775872, 0.0171250477433, -0.00393352797255, 0.00187493371777, -0.00227078539319, -0.00064861564897], [-0.000169602382812, 0.00370437465608, -0.00179521588143, 0.00206068903208, -0.00268705748022, 0.000207994904486, -0.000906783156097, -0.00409518927336, -0.00393352797255, 0.0197976510972, -0.00663429871202, 0.000836323481053, -0.0023012177553], [0.000138124087243, -0.00356819853187, 0.00160610442981, -0.00365122174844, 0.00298310723156, 0.00167381146457, -0.000323896645568, 0.000989068183117, 0.00187493371777, -0.00663429871202, 0.0198805555701, -0.00570659013465, 0.00245113973506], [-0.0002911768388, 0.00357369566336, -0.00177259882912, 0.00178157107439, -0.00407590623945, -9.35482967179e-005, 0.00442654360086, -0.000780808506534, -0.00227078539319, 0.000836323481053, -0.00570659013465, 0.0218286495656, -0.00772577011958], [0.000383555830922, -0.00315382494591, 0.00149989372585, -0.00213371613063, 0.0025829479564, 0.000375700474251, -0.000178151793079, 0.00165239698254, -0.00064861564897, -0.0023012177553, 0.00245113973506, -0.00772577011958, 0.0216919481754]]
    },
    "melbands": {
        "mean": [0.000277062063105, 0.000924383290112, 0.000848340103403, 0.000439996627392, 0.000838227861095, 0.000324919325067, 0.000116532515676, 0.000161162592121, 0.000294482160825, 0.000227824522881, 0.000107968051452, 8.15983803477e-005, 8.8209999376e-005, 9.33695264393e-005, 0.000116508424981, 9.50230314629e-005, 3.87614672945e-005, 3.25661094394e-005, 2.72554243566e-005, 1.77139318112e-005, 1.69762261066e-005, 1.68874466908e-005, 1.25047990878e-005, 5.08224411533e-006, 7.26677262719e-006, 9.18266869121e-006, 1.62132218975e-005, 1.97469398699e-006, 1.60671436333e-006, 1.39665144161e-006, 1.25927999761e-006, 1.1500076198e-006, 1.03755166947e-006, 1.13955150027e-006, 1.97371650756e-006, 8.38004325487e-007, 7.4512985293e-007, 7.02850456946e-007, 6.74889349739e-007, 5.63602782222e-007],
        "var": [1.19170499602e-006, 6.13263091509e-006, 1.87450291378e-006, 3.94686281879e-007, 2.45238493335e-006, 3.43958447502e-007, 2.53486547308e-008, 1.23719573253e-007, 3.46733685319e-007, 2.09416270991e-007, 4.10093967673e-008, 2.50097009769e-008, 4.01735071875e-008, 2.80375438422e-008, 8.47176906404e-008, 4.18787102774e-008, 4.19343937352e-009, 4.17714796086e-009, 1.90267712696e-009, 9.01439867196e-010, 9.12465547565e-010, 8.45322700727e-010, 5.07102082548e-010, 6.30114571631e-011, 1.96906282945e-010, 1.17184373316e-009, 8.87824658236e-009, 1.69488104107e-011, 2.8629697571e-011, 3.63022979732e-011, 4.88916823693e-011, 5.39516382958e-011, 3.3046666098e-011, 5.73684849625e-011, 3.9321992884e-010, 3.21217046018e-011, 2.07218478487e-011, 1.83396318965e-011, 2.03796979292e-011, 1.17589115528e-011]
    },
    "mfcc": {
        "mean": [-681.937011719, 150.324188232, -21.9585819244, 15.6721429825, -0.571054399014, -3.4740087986, 0.860662102699, -2.30021500587, -8.01350688934, -2.81302261353, -5.6458773613, -5.39989709854, -3.80573678017],
        "cov": [[4623.50634766, -758.39050293, 95.6285705566, -558.406066895, 16.0382499695, 96.6223602295, -79.8310241699, 46.0872497559, 65.3806152344, -25.9290885925, 82.9828186035, 92.0666885376, -40.4272956848], [-758.39050293, 1651.57177734, -588.192565918, 186.131851196, 30.9553661346, 11.0856409073, -31.2466106415, -20.6336898804, -76.5606689453, -91.210899353, -65.8739547729, -20.9453239441, -56.8923034668], [95.6285705566, -588.192565918, 1049.82446289, 76.4920730591, 48.1652870178, 56.9410972595, 62.3016548157, 50.9276847839, 44.7177047729, 91.4798126221, 37.6134300232, 11.3532075882, 69.7596054077], [-558.406066895, 186.131851196, 76.4920730591, 478.840576172, 42.7200737, 62.0086746216, 66.8850021362, 37.1124458313, -18.284236908, 52.8162536621, -25.1438674927, -21.2214603424, 66.540725708], [16.0382499695, 30.9553661346, 48.1652870178, 42.7200737, 174.309860229, 68.4108886719, 22.4276199341, 36.3714904785, 38.7153282166, -9.70233440399, 25.0708465576, 31.5538387299, 7.39798402786], [96.6223602295, 11.0856409073, 56.9410972595, 62.0086746216, 68.4108886719, 151.600357056, 24.0220355988, 37.3882293701, 32.9306640625, 15.0682468414, 7.1745223999, 23.6458969116, 6.05336523056], [-79.8310241699, -31.2466106415, 62.3016548157, 66.8850021362, 22.4276199341, 24.0220355988, 84.3505554199, 23.9438266754, 13.0581855774, 37.7602043152, 15.6684570313, -6.22142934799, 22.0838069916], [46.0872497559, -20.6336898804, 50.9276847839, 37.1124458313, 36.3714904785, 37.3882293701, 23.9438266754, 84.5709991455, 39.576210022, 18.0136070251, 16.5818595886, 19.603597641, 3.64201307297], [65.3806152344, -76.5606689453, 44.7177047729, -18.284236908, 38.7153282166, 32.9306640625, 13.0581855774, 39.576210022, 122.456039429, 23.2900276184, 33.9600563049, 28.49584198, -4.86479902267], [-25.9290885925, -91.210899353, 91.4798126221, 52.8162536621, -9.70233440399, 15.0682468414, 37.7602043152, 18.0136070251, 23.2900276184, 123.0884552, 16.0479869843, -15.5726203918, 33.2363357544], [82.9828186035, -65.8739547729, 37.6134300232, -25.1438674927, 25.0708465576, 7.1745223999, 15.6684570313, 16.5818595886, 33.9600563049, 16.0479869843, 85.336151123, 40.6377563477, -8.17798042297], [92.0666885376, -20.9453239441, 11.3532075882, -21.2214603424, 31.5538387299, 23.6458969116, -6.22142934799, 19.603597641, 28.49584198, -15.5726203918, 40.6377563477, 88.5598144531, 6.92389965057], [-40.4272956848, -56.8923034668, 69.7596054077, 66.540725708, 7.39798402786, 6.05336523056, 22.0838069916, 3.64201307297, -4.86479902267, 33.2363357544, -8.17798042297, 6.92389965057, 83.2729949951]],
        "icov": [[0.000285664107651, 0.000104919243313, 3.14632889058e-005, 0.000328955735313, 1.9361903469e-005, -0.000334682379616, 0.000214519051951, -0.000239506640355, 0.000124897778733, 8.2348651631e-006, -0.000140072530485, -1.25757997012e-005, -0.000111356894195], [0.000104919243313, 0.000928900029976, 0.000473108346341, -0.000360031583114, -0.000271878088824, -0.000162534663104, 0.000161122021382, -8.12459256849e-005, 0.000366698659491, 0.000194215506781, 0.000318312901072, -0.000140466232551, 0.000560558051802], [3.14632889058e-005, 0.000473108346341, 0.00133527000435, -0.000164659475558, -0.000242952650297, -0.00026201698347, -0.000122500932775, -0.00032894796459, 0.000102977122879, -0.000316408608342, -0.000211964303162, 0.000133789537358, -0.000460640876554], [0.000328955735313, -0.000360031583114, -0.000164659475558, 0.00347080896609, -0.000225821990171, -0.00113216671161, -0.00112646317575, -0.00118299608584, 0.00082120927982, -0.000497940869536, 0.000366943859262, 0.000630369351711, -0.00203856825829], [1.9361903469e-005, -0.000271878088824, -0.000242952650297, -0.000225821990171, 0.0081792389974, -0.00279816123657, -0.000964571780059, -0.00121153378859, -0.00138032343239, 0.00230872025713, -0.00179088895675, -0.000311596988467, -0.00115889811423], [-0.000334682379616, -0.000162534663104, -0.00026201698347, -0.00113216671161, -0.00279816123657, 0.00968918669969, -0.00135000026785, -0.00114035129081, -0.000995327834971, -0.00124096067157, 0.00244719674811, -0.00251367711462, 0.00168928108178], [0.000214519051951, 0.000161122021382, -0.000122500932775, -0.00112646317575, -0.000964571780059, -0.00135000026785, 0.0174458138645, -0.00299496413209, 0.000265049777227, -0.0022718377877, -0.00441421242431, 0.00392360379919, -0.00293231965043], [-0.000239506640355, -8.12459256849e-005, -0.00032894796459, -0.00118299608584, -0.00121153378859, -0.00114035129081, -0.00299496413209, 0.0169083978981, -0.00374832493253, -0.00112262682524, 0.000879848666955, -0.00276753120124, 0.00183997163549], [0.000124897778733, 0.000366698659491, 0.000102977122879, 0.00082120927982, -0.00138032343239, -0.000995327834971, 0.000265049777227, -0.00374832493253, 0.0116603141651, -0.00221999618225, -0.00175218528602, -0.00170086987782, 0.00139391992707], [8.2348651631e-006, 0.000194215506781, -0.000316408608342, -0.000497940869536, 0.00230872025713, -0.00124096067157, -0.0022718377877, -0.00112262682524, -0.00221999618225, 0.0127038648352, -0.00399313960224, 0.00470012333244, -0.00464675296098], [-0.000140072530485, 0.000318312901072, -0.000211964303162, 0.000366943859262, -0.00179088895675, 0.00244719674811, -0.00441421242431, 0.000879848666955, -0.00175218528602, -0.00399313960224, 0.0199426468462, -0.00989745557308, 0.00542003894225], [-1.25757997012e-005, -0.000140466232551, 0.000133789537358, 0.000630369351711, -0.000311596988467, -0.00251367711462, 0.00392360379919, -0.00276753120124, -0.00170086987782, 0.00470012333244, -0.00989745557308, 0.0194599498063, -0.00599227566272], [-0.000111356894195, 0.000560558051802, -0.000460640876554, -0.00203856825829, -0.00115889811423, 0.00168928108178, -0.00293231965043, 0.00183997163549, 0.00139391992707, -0.00464675296098, 0.00542003894225, -0.00599227566272, 0.017996372655]]
    },
    "spectral_contrast_coeffs": {
        "mean": [-0.600565850735, -0.75232899189, -0.788996338844, -0.779260218143, -0.77646291256, -0.782438337803],
        "var": [0.00702105695382, 0.00481954263523, 0.00310319499113, 0.00331288296729, 0.00298687652685, 0.00180769956205]
    },
    "spectral_contrast_valleys": {
        "mean": [-7.85805559158, -6.61355829239, -7.10151910782, -7.70275592804, -7.96202754974, -10.9558906555],
        "var": [0.942263543606, 0.681386113167, 0.684214353561, 0.722237050533, 0.681527853012, 1.65662109852]
    }
},
"metadata": {
    "audio_properties": {
        "analysis_sample_rate": 44100,
        "bit_rate": 128074,
        "equal_loudness": 0,
        "length": 45.0612258911,
        "lossless": 0,
        "replay_gain": -5.73173141479,
        "sample_rate": 44100,
        "codec": "mp3",
        "downmix": "mix",
        "md5_encoded": "77e266d71e0f859f086f5a4255d061a3"
    },
    "tags": {
        "file_name": "1143.mp3"
    },
    "version": {
        "essentia": "2.1-beta2",
        "essentia_git_sha": "v2.1_beta2",
        "extractor": "music 1.0"
    }
},
"rhythm": {
    "beats_count": 75,
    "beats_loudness": {
        "mean": 0.0273760575801,
        "var": 0.000464413227746
    },
    "bpm": 101.470077515,
    "bpm_histogram_first_peak_bpm": {
        "mean": 101,
        "var": 0
    },
    "bpm_histogram_first_peak_spread": {
        "mean": 0.493150681257,
        "var": 0
    },
    "bpm_histogram_first_peak_weight": {
        "mean": 0.5,
        "var": 0
    },
    "bpm_histogram_second_peak_bpm": {
        "mean": 96,
        "var": 0
    },
    "bpm_histogram_second_peak_spread": {
        "mean": 0,
        "var": 0
    },
    "bpm_histogram_second_peak_weight": {
        "mean": 0.0135135138407,
        "var": 0
    },
    "danceability": 0.997696578503,
    "onset_rate": 5.72296285629,
    "beats_loudness_band_ratio": {
        "mean": [0.331073075533, 0.258693546057, 0.197278380394, 0.127869307995, 0.0577385090292, 0.0647055506706],
        "var": [0.0590462237597, 0.0352686233819, 0.0256921816617, 0.0113874413073, 0.00244312803261, 0.0212212428451]
    },
    "beats_position": [0.568888902664, 1.14938771725, 1.74149656296, 2.33360528946, 2.92571425438, 3.50621318817, 4.08671188354, 4.67882061005, 5.25931978226, 5.83981847763, 6.43192720413, 7.02403593063, 7.61614513397, 8.20825386047, 8.80036258698, 9.4040813446, 10.0194101334, 10.6347389221, 11.261677742, 11.8770065308, 12.4923353195, 13.1076641083, 13.7113828659, 14.3151016235, 14.9304304123, 15.5109291077, 16.1030387878, 16.6951465607, 17.2756462097, 17.8793640137, 18.4714736938, 19.0519733429, 19.6440811157, 20.2361907959, 20.8282985687, 21.4087982178, 21.9892959595, 22.5814056396, 23.1735134125, 23.7656230927, 24.3577327728, 24.9498405457, 25.5303401947, 26.1224479675, 26.7029476166, 27.2950553894, 27.8755550385, 28.4560546875, 29.0481624603, 29.6518821716, 30.2323799133, 30.8128795624, 31.3933773041, 31.9854869843, 32.5775947571, 33.1580963135, 33.7385940552, 34.3307037354, 34.9228096008, 35.5033111572, 36.0838088989, 36.6759185791, 37.2680282593, 37.8601341248, 38.4522438049, 39.0443534851, 39.6364631653, 40.216960907, 40.7974586487, 41.3895683289, 41.981678009, 42.5737876892, 43.1658935547, 43.7696151733, 44.3733329773]
},
"tonal": {
    "chords_changes_rate": 0.0648148134351,
    "chords_number_rate": 0.0123456791043,
    "chords_strength": {
        "mean": 0.469548583031,
        "var": 0.00748652359471
    },
    "hpcp_entropy": {
        "mean": 2.25803232193,
        "var": 0.720259070396
    },
    "key_strength": 0.405642837286,
    "tuning_diatonic_strength": 0.362064033747,
    "tuning_equal_tempered_deviation": 0.0831220522523,
    "tuning_frequency": 442.548919678,
    "tuning_nontempered_energy_ratio": 0.808519780636,
    "hpcp": {
        "mean": [0.116955496371, 0.131531089544, 0.153058335185, 0.154317200184, 0.11211849004, 0.118443414569, 0.122403480113, 0.089636489749, 0.110461205244, 0.13971093297, 0.128593251109, 0.146232619882, 0.177632004023, 0.151608258486, 0.165542036295, 0.272397190332, 0.278245329857, 0.283162146807, 0.314990758896, 0.241231203079, 0.228752210736, 0.264524936676, 0.266558170319, 0.267572015524, 0.247654467821, 0.170400977135, 0.117355532944, 0.0969992280006, 0.0798390805721, 0.118892088532, 0.167318627238, 0.152706116438, 0.162711426616, 0.192399248481, 0.148094400764, 0.106518499553],
        "var": [0.0274634044617, 0.0330219566822, 0.0505897291005, 0.042353387922, 0.0224459059536, 0.0277842078358, 0.0298997145146, 0.013647899963, 0.0336048677564, 0.0572938099504, 0.0370371378958, 0.0407722368836, 0.060080755502, 0.0451164878905, 0.0492403022945, 0.10685968399, 0.0984804704785, 0.0764561668038, 0.115787938237, 0.0638086497784, 0.0660014972091, 0.0770645290613, 0.0839760601521, 0.104455441236, 0.0977843403816, 0.0621173866093, 0.0281648281962, 0.0226251035929, 0.0166098996997, 0.0308912340552, 0.0535209476948, 0.0386670641601, 0.0428316891193, 0.0673116371036, 0.0470244549215, 0.0281618759036]
    },
    "chords_histogram": [7.30452680588, 12.7572011948, 13.4773664474, 11.3168725967, 0, 12.9629631042, 1.85185182095, 0, 0, 0, 0.823045253754, 0, 5.96707820892, 12.0370368958, 0.411522626877, 5.45267486572, 0, 2.16049385071, 0, 0, 0.720164597034, 0.308641970158, 4.62962961197, 7.81893014908],
    "thpcp": [1, 0.765835821629, 0.726218819618, 0.839786350727, 0.846241235733, 0.849459886551, 0.786227703094, 0.540971338749, 0.372568190098, 0.307943105698, 0.253464847803, 0.377446264029, 0.531185805798, 0.484795540571, 0.516559362411, 0.610809206963, 0.470154762268, 0.338163882494, 0.371298193932, 0.417571276426, 0.485913723707, 0.489910244942, 0.355942159891, 0.37602186203, 0.388593882322, 0.284568637609, 0.35068076849, 0.44353979826, 0.408244520426, 0.464244157076, 0.563927650452, 0.48131018877, 0.525545716286, 0.864778339863, 0.88334441185, 0.898953795433],
    "chords_key": "A#",
    "chords_scale": "major",
    "key_key": "D#",
    "key_scale": "major"
}
}