{
"lowlevel": {
    "average_loudness": 0.958249211311,
    "barkbands_crest": {
        "mean": 9.38861751556,
        "var": 9.69240570068
    },
    "barkbands_flatness_db": {
        "mean": 0.210995584726,
        "var": 0.00101236044429
    },
    "barkbands_kurtosis": {
        "mean": 4.83797836304,
        "var": 17.819934845
    },
    "barkbands_skewness": {
        "mean": 1.80892419815,
        "var": 0.356046915054
    },
    "barkbands_spread": {
        "mean": 10.6586971283,
        "var": 19.0872554779
    },
    "dissonance": {
        "mean": 0.445412188768,
        "var": 0.000762253301218
    },
    "dynamic_complexity": 1.47003924847,
    "erbbands_crest": {
        "mean": 8.27854728699,
        "var": 10.6944608688
    },
    "erbbands_flatness_db": {
        "mean": 0.228481262922,
        "var": 0.000359072029823
    },
    "erbbands_kurtosis": {
        "mean": -0.16104196012,
        "var": 1.80729401112
    },
    "erbbands_skewness": {
        "mean": 0.668553769588,
        "var": 0.284668058157
    },
    "erbbands_spread": {
        "mean": 30.4142417908,
        "var": 51.6143379211
    },
    "hfc": {
        "mean": 13.3276309967,
        "var": 25.2897586823
    },
    "melbands_crest": {
        "mean": 12.9087724686,
        "var": 18.189622879
    },
    "melbands_flatness_db": {
        "mean": 0.291484087706,
        "var": 0.00150722556282
    },
    "melbands_kurtosis": {
        "mean": 10.2773399353,
        "var": 40.614944458
    },
    "melbands_skewness": {
        "mean": 2.45593166351,
        "var": 0.48248231411
    },
    "melbands_spread": {
        "mean": 11.4413948059,
        "var": 34.2030029297
    },
    "pitch_salience": {
        "mean": 0.618435442448,
        "var": 0.00642146728933
    },
    "silence_rate_20dB": {
        "mean": 1,
        "var": 0
    },
    "silence_rate_30dB": {
        "mean": 0.990291237831,
        "var": 0.00961435679346
    },
    "silence_rate_60dB": {
        "mean": 0.00306591717526,
        "var": 0.00305641582236
    },
    "spectral_centroid": {
        "mean": 717.114440918,
        "var": 115039.648438
    },
    "spectral_complexity": {
        "mean": 16.9580993652,
        "var": 6.06160449982
    },
    "spectral_decrease": {
        "mean": -8.87024587115e-009,
        "var": 2.44747771285e-017
    },
    "spectral_energy": {
        "mean": 0.0346871800721,
        "var": 0.000363355648005
    },
    "spectral_energyband_high": {
        "mean": 3.19190803566e-005,
        "var": 5.51681200722e-010
    },
    "spectral_energyband_low": {
        "mean": 0.00944578461349,
        "var": 9.11769529921e-005
    },
    "spectral_energyband_middle_high": {
        "mean": 0.00274378666654,
        "var": 1.00713111806e-006
    },
    "spectral_energyband_middle_low": {
        "mean": 0.0238099750131,
        "var": 0.000259683496552
    },
    "spectral_entropy": {
        "mean": 6.6507153511,
        "var": 0.0590181164443
    },
    "spectral_flux": {
        "mean": 0.0821959078312,
        "var": 0.000466265220894
    },
    "spectral_kurtosis": {
        "mean": 12.5926113129,
        "var": 40.9816665649
    },
    "spectral_rms": {
        "mean": 0.00562543608248,
        "var": 2.19563685278e-006
    },
    "spectral_rolloff": {
        "mean": 643.915588379,
        "var": 290506.8125
    },
    "spectral_skewness": {
        "mean": 2.31865787506,
        "var": 0.303003966808
    },
    "spectral_spread": {
        "mean": 2105482.25,
        "var": 896296484864
    },
    "spectral_strongpeak": {
        "mean": 0.818016350269,
        "var": 0.348449289799
    },
    "zerocrossingrate": {
        "mean": 0.0295174382627,
        "var": 0.00029903385439
    },
    "barkbands": {
        "mean": [0.000104637241748, 0.00352390063927, 0.00450212415308, 0.00280184485018, 0.00989377964288, 0.00490129645914, 0.00306895631365, 0.00179598736577, 0.00128042034339, 0.000428737985203, 0.000316767662298, 0.000318384933053, 0.000240397173911, 0.00041195898666, 0.000206678596442, 0.000274547259323, 0.000262756890152, 0.000134082787554, 0.000162611162523, 3.70439738617e-005, 1.28617575683e-005, 4.69630640509e-006, 1.77020888259e-006, 7.61324201903e-007, 1.70689062884e-007, 5.45714264888e-008, 4.11889988783e-009],
        "var": [3.77306186294e-008, 1.69410704984e-005, 3.89645720134e-005, 1.63405802596e-005, 0.000131245978992, 2.20087094931e-005, 1.41180480568e-005, 3.57761996383e-006, 1.15640591503e-006, 2.34004417621e-007, 1.14680069885e-007, 9.51055341147e-008, 5.21562952827e-008, 1.57365036557e-007, 6.57630536693e-008, 8.29051032269e-008, 9.12663935537e-008, 3.81050178078e-008, 6.16225861449e-008, 1.57687896074e-009, 1.39360287199e-010, 2.68295316519e-011, 9.45771672783e-013, 3.11843297495e-013, 9.18319409502e-015, 3.6935307887e-015, 2.43514428448e-016]
    },
    "erbbands": {
        "mean": [0.0540270470083, 0.998894333839, 4.95263385773, 7.47037935257, 17.4188632965, 32.9311408997, 51.8878326416, 38.2646713257, 46.4984512329, 37.2447280884, 39.5800971985, 23.9268569946, 18.8512706757, 13.2935142517, 12.0102367401, 11.3208503723, 12.6011514664, 17.1450500488, 14.3337659836, 12.2960195541, 18.0288200378, 15.9886302948, 7.2036986351, 9.906291008, 4.41479539871, 1.75977349281, 0.704519152641, 0.373834162951, 0.18764296174, 0.0866975411773, 0.0456698313355, 0.0251472443342, 0.00904903747141, 0.00271606747992, 0.00102271197829, 0.000377883843612, 8.95060729817e-005, 1.54766439664e-005, 1.6953848899e-005, 3.88203188777e-005],
        "var": [0.00639291247353, 1.34198987484, 45.6425094604, 72.2193832397, 359.548706055, 1548.27050781, 6326.79638672, 1561.25317383, 3437.93798828, 1072.76989746, 1235.16723633, 331.048400879, 338.081481934, 148.205703735, 106.122695923, 83.4443664551, 106.345802307, 400.078369141, 182.383026123, 219.16317749, 359.357757568, 305.77746582, 62.1477394104, 117.975074768, 27.2705745697, 4.50613260269, 0.420505404472, 0.176555514336, 0.0418739281595, 0.00523348944262, 0.000712883891538, 0.000365940883057, 3.48227840732e-005, 2.02250566872e-006, 4.38890282339e-007, 8.55919992659e-008, 1.13215845587e-008, 1.42445122364e-009, 7.6009587513e-011, 4.35711688951e-010]
    },
    "gfcc": {
        "mean": [-43.6212348938, 186.617599487, -140.125045776, 27.4651641846, -42.4126663208, -18.4183864594, -32.3338279724, -6.34156990051, -9.88563251495, -12.3822078705, -3.55639362335, -11.9247198105, -5.80789041519],
        "cov": [[1800.47229004, 307.291015625, -171.525283813, 52.9959754944, -51.3975372314, -62.5545959473, -49.6888694763, -19.8810863495, 6.40139198303, -26.2554473877, -0.858194291592, -26.3238792419, 4.38769340515], [307.291015625, 195.364486694, 66.7117156982, -0.634540855885, 45.4710350037, -4.80880451202, 21.5157585144, -37.6736602783, 6.66690254211, -12.15442276, 29.2442836761, -10.2701215744, 18.8671703339], [-171.525283813, 66.7117156982, 173.677185059, 7.2167339325, 45.271068573, 14.7627716064, 23.3421974182, -28.8542804718, -0.563291668892, 0.066012352705, 13.4651908875, 4.29604721069, 19.1590175629], [52.9959754944, -0.634540855885, 7.2167339325, 67.7095718384, 20.94181633, 1.8867431879, 13.5639200211, 3.64523482323, 2.06375336647, -1.71704268456, 1.34660553932, -2.35390639305, 1.47170174122], [-51.3975372314, 45.4710350037, 45.271068573, 20.94181633, 93.9070739746, 37.780872345, 12.4731435776, -3.22928166389, 0.969386100769, -3.44769620895, 10.1430339813, -1.22869336605, 2.70776224136], [-62.5545959473, -4.80880451202, 14.7627716064, 1.8867431879, 37.780872345, 87.8682632446, 29.8950443268, 7.84579658508, 8.13104724884, 12.4723949432, -5.42661571503, 1.61437344551, -2.49564290047], [-49.6888694763, 21.5157585144, 23.3421974182, 13.5639200211, 12.4731435776, 29.8950443268, 67.3756408691, 21.2697048187, -1.4698420763, 7.93798732758, 6.771504879, -5.31006669998, -0.680525481701], [-19.8810863495, -37.6736602783, -28.8542804718, 3.64523482323, -3.22928166389, 7.84579658508, 21.2697048187, 84.0952835083, 15.5217857361, -0.852679371834, 4.35698032379, -2.47777152061, -19.5264911652], [6.40139198303, 6.66690254211, -0.563291668892, 2.06375336647, 0.969386100769, 8.13104724884, -1.4698420763, 15.5217857361, 52.9538841248, 21.4659824371, -2.5152862072, 3.2182033062, 1.48753583431], [-26.2554473877, -12.15442276, 0.066012352705, -1.71704268456, -3.44769620895, 12.4723949432, 7.93798732758, -0.852679371834, 21.4659824371, 58.3698425293, 13.4306154251, 4.71124124527, 3.26736617088], [-0.858194291592, 29.2442836761, 13.4651908875, 1.34660553932, 10.1430339813, -5.42661571503, 6.771504879, 4.35698032379, -2.5152862072, 13.4306154251, 58.5332489014, 11.8981838226, -4.55349826813], [-26.3238792419, -10.2701215744, 4.29604721069, -2.35390639305, -1.22869336605, 1.61437344551, -5.31006669998, -2.47777152061, 3.2182033062, 4.71124124527, 11.8981838226, 48.3697891235, 16.1879501343], [4.38769340515, 18.8671703339, 19.1590175629, 1.47170174122, 2.70776224136, -2.49564290047, -0.680525481701, -19.5264911652, 1.48753583431, 3.26736617088, -4.55349826813, 16.1879501343, 45.9495506287]],
        "icov": [[0.00285576190799, -0.00987525377423, 0.00368387880735, -0.00579049112275, 0.00521859154105, -0.00273849954829, 0.00674549350515, -0.00433089863509, 0.00469582574442, -0.00364927016199, 0.00417355215177, -0.00186546822079, 0.00141305231955], [-0.00987525377423, 0.0449475981295, -0.0132818324491, 0.0232644025236, -0.022782523185, 0.0128850499168, -0.0298728588969, 0.0216827467084, -0.0234187413007, 0.0190116446465, -0.0213923789561, 0.0111303403974, -0.0085406769067], [0.00368387880735, -0.0132818324491, 0.0127344578505, -0.00666362605989, 0.00339962472208, -0.00266478722915, 0.00514616817236, -0.00252731912769, 0.00476803723723, -0.00382242724299, 0.00431881239638, -0.00272307987325, 0.000167447738932], [-0.00579049112275, 0.0232644025236, -0.00666362605989, 0.0297855101526, -0.0170214548707, 0.00985346455127, -0.0202634874731, 0.0112312687561, -0.0131485173479, 0.00981553923339, -0.00967466272414, 0.00512348534539, -0.00420024897903], [0.00521859154105, -0.022782523185, 0.00339962472208, -0.0170214548707, 0.0288008973002, -0.0150497285649, 0.0183828566223, -0.0111393565312, 0.0113868722692, -0.00615111086518, 0.00611545750871, -0.00302927126177, 0.00274992687628], [-0.00273849954829, 0.0128850499168, -0.00266478722915, 0.00985346455127, -0.0150497285649, 0.0225227326155, -0.0169911980629, 0.00713827880099, -0.0080926194787, 0.00153310992755, -0.000492302759085, -0.000472681073006, 0.000928972149268], [0.00674549350515, -0.0298728588969, 0.00514616817236, -0.0202634874731, 0.0183828566223, -0.0169911980629, 0.0437107495964, -0.0221054013819, 0.0206453278661, -0.0154068944976, 0.0112446732819, -0.00267488486134, 0.00185645429883], [-0.00433089863509, 0.0216827467084, -0.00252731912769, 0.0112312687561, -0.0111393565312, 0.00713827880099, -0.0221054013819, 0.0285908747464, -0.0188536737114, 0.0134164318442, -0.0120169706643, 0.00368950865231, 0.00223680608906], [0.00469582574442, -0.0234187413007, 0.00476803723723, -0.0131485173479, 0.0113868722692, -0.0080926194787, 0.0206453278661, -0.0188536737114, 0.0386269129813, -0.0212037693709, 0.0154344700277, -0.00692947534844, 0.00301182619296], [-0.00364927016199, 0.0190116446465, -0.00382242724299, 0.00981553923339, -0.00615111086518, 0.00153310992755, -0.0154068944976, 0.0134164318442, -0.0212037693709, 0.0328950434923, -0.0170197915286, 0.00595629680902, -0.00569714745507], [0.00417355215177, -0.0213923789561, 0.00431881239638, -0.00967466272414, 0.00611545750871, -0.000492302759085, 0.0112446732819, -0.0120169706643, 0.0154344700277, -0.0170197915286, 0.0336579568684, -0.0134470602497, 0.0103505458683], [-0.00186546822079, 0.0111303403974, -0.00272307987325, 0.00512348534539, -0.00302927126177, -0.000472681073006, -0.00267488486134, 0.00368950865231, -0.00692947534844, 0.00595629680902, -0.0134470602497, 0.0301905330271, -0.0139075024053], [0.00141305231955, -0.0085406769067, 0.000167447738932, -0.00420024897903, 0.00274992687628, 0.000928972149268, 0.00185645429883, 0.00223680608906, 0.00301182619296, -0.00569714745507, 0.0103505458683, -0.0139075024053, 0.0322989858687]]
    },
    "melbands": {
        "mean": [0.000728941755369, 0.00218713562936, 0.00154826347716, 0.0018119784072, 0.00181459484156, 0.000880080799107, 0.000668967899401, 0.000411886372603, 0.000310208037263, 0.000146973150549, 9.46224681684e-005, 5.60936496186e-005, 4.10889733757e-005, 3.35696131515e-005, 3.12029005727e-005, 2.95243389701e-005, 3.16161422234e-005, 2.54602637142e-005, 1.57135891641e-005, 1.62468586495e-005, 2.06015211006e-005, 1.84907876246e-005, 5.38059930477e-006, 8.54625523061e-006, 8.12045618659e-006, 6.1029322751e-006, 1.34060962864e-006, 1.02515309663e-006, 5.60819387374e-007, 1.98582597477e-007, 1.89160729747e-007, 1.13183837414e-007, 7.66474812508e-008, 3.82308300573e-008, 2.69707047806e-008, 2.4033470325e-008, 1.12357865234e-008, 6.97471280731e-009, 3.31070837412e-009, 1.81754045148e-009],
        "var": [7.39828919905e-007, 7.31641239327e-006, 2.59862758867e-006, 3.32266222358e-006, 7.60193233873e-006, 6.82061738644e-007, 7.19593856502e-007, 1.33348819986e-007, 6.60781793727e-008, 1.46775596122e-008, 9.19045373138e-009, 2.93830026976e-009, 1.59584345738e-009, 1.48974921288e-009, 9.55362677857e-010, 1.2117861159e-009, 1.38965838836e-009, 7.55611018199e-010, 3.43704453787e-010, 2.90433149752e-010, 6.51714460176e-010, 5.27728194477e-010, 2.96809764266e-011, 2.07703493293e-010, 1.0183893312e-010, 9.07689340357e-011, 2.49459394114e-012, 2.2133122158e-012, 3.8395000612e-013, 5.87275792775e-014, 4.60351903624e-014, 1.29014078473e-014, 2.55435710967e-014, 5.81203726978e-016, 4.26066836892e-016, 3.71554840431e-016, 9.9131892177e-017, 2.47000415704e-017, 5.95597834307e-018, 1.13713232251e-018]
    },
    "mfcc": {
        "mean": [-681.118530273, 209.314712524, -27.0189971924, 39.4696426392, 1.80480802059, -2.93367576599, -11.2449874878, 1.26568841934, -10.0473413467, 3.09435009956, -2.69794607162, -1.32595121861, -2.90887498856],
        "cov": [[604.729675293, 148.436172485, -47.8641777039, 46.7168960571, -18.3885288239, -18.1203422546, -41.6849327087, -13.2748260498, -1.15246582031, -1.42824482918, -0.639274537563, 5.49784183502, -26.420539856], [148.436172485, 236.150085449, 47.5042533875, 22.2867622375, 27.7698097229, 25.6538696289, 19.5471630096, -2.28427100182, -15.073225975, -6.36577987671, -4.4671754837, 0.976798653603, 8.09608078003], [-47.8641777039, 47.5042533875, 99.8831710815, 17.8984489441, 1.83111572266, 20.5089607239, 13.2594270706, -1.44808936119, 1.16218709946, -5.53366613388, -7.40632247925, 3.31593179703, 4.85320425034], [46.7168960571, 22.2867622375, 17.8984489441, 78.6379547119, 7.64298582077, 1.22535538673, 7.10338973999, -3.65864682198, -1.79303336143, -6.37338495255, -9.19227981567, 8.31900596619, 3.79268741608], [-18.3885288239, 27.7698097229, 1.83111572266, 7.64298582077, 82.5323181152, 24.6553325653, 4.8949508667, 12.3164901733, -3.82002139091, 5.8141913414, -3.38145375252, -6.79527187347, 10.6826620102], [-18.1203422546, 25.6538696289, 20.5089607239, 1.22535538673, 24.6553325653, 89.6485290527, 18.7971019745, -12.195646286, 19.3829860687, -12.2338733673, -2.31426763535, 10.7916612625, 8.26559066772], [-41.6849327087, 19.5471630096, 13.2594270706, 7.10338973999, 4.8949508667, 18.7971019745, 80.2279129028, 23.1064109802, -8.36654663086, 17.9123287201, 1.11951899529, -9.01655197144, 6.75824928284], [-13.2748260498, -2.28427100182, -1.44808936119, -3.65864682198, 12.3164901733, -12.195646286, 23.1064109802, 68.1477584839, 6.14751291275, 9.8166513443, 5.07498931885, -9.56046962738, 6.09065961838], [-1.15246582031, -15.073225975, 1.16218709946, -1.79303336143, -3.82002139091, 19.3829860687, -8.36654663086, 6.14751291275, 70.5628585815, 5.27522563934, -4.68499517441, 14.524055481, 1.24306941032], [-1.42824482918, -6.36577987671, -5.53366613388, -6.37338495255, 5.8141913414, -12.2338733673, 17.9123287201, 9.8166513443, 5.27522563934, 80.3657150269, 11.963889122, -20.8323097229, 7.43573236465], [-0.639274537563, -4.4671754837, -7.40632247925, -9.19227981567, -3.38145375252, -2.31426763535, 1.11951899529, 5.07498931885, -4.68499517441, 11.963889122, 65.0535964966, 11.5452442169, -13.6199150085], [5.49784183502, 0.976798653603, 3.31593179703, 8.31900596619, -6.79527187347, 10.7916612625, -9.01655197144, -9.56046962738, 14.524055481, -20.8323097229, 11.5452442169, 71.0514526367, 16.4286727905], [-26.420539856, 8.09608078003, 4.85320425034, 3.79268741608, 10.6826620102, 8.26559066772, 6.75824928284, 6.09065961838, 1.24306941032, 7.43573236465, -13.6199150085, 16.4286727905, 63.3964347839]],
        "icov": [[0.00286866212264, -0.00252288859338, 0.00264059659094, -0.00201904168352, 0.00165182561614, -0.000536506413482, 0.00217830995098, -0.000799396948423, 0.000152610751684, -0.00104521447793, 0.000535638595466, -0.000417772709625, 0.00141547899693], [-0.00252288859338, 0.00729501014575, -0.00436772732064, 0.00107130408287, -0.00284319650382, -0.00011615974654, -0.00256448262371, 0.00103409704752, 0.000938308192417, 0.00117813143879, -0.000552993500605, 0.000299364939565, -0.00139744684566], [0.00264059659094, -0.00436772732064, 0.014428162016, -0.00394679512829, 0.00302488123998, -0.00291772047058, 0.00130141363479, -0.00121042958926, 0.000222294576815, -0.000865387090016, 0.00142646895256, -0.000417642382672, 0.00114993366878], [-0.00201904168352, 0.00107130408287, -0.00394679512829, 0.0157458391041, -0.00319834938273, 0.0025400351733, -0.00365382479504, 0.0021476703696, -0.000422748591518, 0.0015268472489, 0.00157438206952, -0.00197958643548, -0.000546719238628], [0.00165182561614, -0.00284319650382, 0.00302488123998, -0.00319834938273, 0.016899254173, -0.00703572714701, 0.00470415456221, -0.00552657200024, 0.00324948108755, -0.00293659023009, 0.00112806935795, 0.00112643174361, -0.00065840157913], [-0.000536506413482, -0.00011615974654, -0.00291772047058, 0.0025400351733, -0.00703572714701, 0.018844012171, -0.00789881683886, 0.00764933833852, -0.00767758954316, 0.00535587780178, -0.0022538099438, 0.000428791128797, -0.00237448373809], [0.00217830995098, -0.00256448262371, 0.00130141363479, -0.00365382479504, 0.00470415456221, -0.00789881683886, 0.0202277097851, -0.00884227082133, 0.00555804325268, -0.00612433953211, 0.00162406102754, -0.000236742780544, 0.00130420411006], [-0.000799396948423, 0.00103409704752, -0.00121042958926, 0.0021476703696, -0.00552657200024, 0.00764933833852, -0.00884227082133, 0.0211972910911, -0.00618671579286, 0.00333608174697, -0.00375259411521, 0.00359319522977, -0.00366827799007], [0.000152610751684, 0.000938308192417, 0.000222294576815, -0.000422748591518, 0.00324948108755, -0.00767758954316, 0.00555804325268, -0.00618671579286, 0.0196733381599, -0.00554619170725, 0.00441552791744, -0.00571840722114, 0.00310261640698], [-0.00104521447793, 0.00117813143879, -0.000865387090016, 0.0015268472489, -0.00293659023009, 0.00535587780178, -0.00612433953211, 0.00333608174697, -0.00554619170725, 0.0182846095413, -0.00619687186554, 0.00733496714383, -0.00575019977987], [0.000535638595466, -0.000552993500605, 0.00142646895256, 0.00157438206952, 0.00112806935795, -0.0022538099438, 0.00162406102754, -0.00375259411521, 0.00441552791744, -0.00619687186554, 0.0203832704574, -0.00788638740778, 0.00744464388117], [-0.000417772709625, 0.000299364939565, -0.000417642382672, -0.00197958643548, 0.00112643174361, 0.000428791128797, -0.000236742780544, 0.00359319522977, -0.00571840722114, 0.00733496714383, -0.00788638740778, 0.0214457474649, -0.0086275935173], [0.00141547899693, -0.00139744684566, 0.00114993366878, -0.000546719238628, -0.00065840157913, -0.00237448373809, 0.00130420411006, -0.00366827799007, 0.00310261640698, -0.00575019977987, 0.00744464388117, -0.0086275935173, 0.0215694755316]]
    },
    "spectral_contrast_coeffs": {
        "mean": [-0.583588302135, -0.725674152374, -0.763763308525, -0.742048501968, -0.691599190235, -0.744930148125],
        "var": [0.00504092406482, 0.00320645561442, 0.00182052270975, 0.00117293745279, 0.00119516125415, 0.000657088879962]
    },
    "spectral_contrast_valleys": {
        "mean": [-6.87116479874, -5.91273498535, -7.22811079025, -7.96774101257, -8.81904029846, -12.3060569763],
        "var": [0.558236002922, 0.486478984356, 0.357894361019, 0.331314504147, 0.298282384872, 0.208673790097]
    }
},
"metadata": {
    "audio_properties": {
        "analysis_sample_rate": 44100,
        "bit_rate": 128073,
        "equal_loudness": 0,
        "length": 45.4008178711,
        "lossless": 0,
        "replay_gain": -4.48030853271,
        "sample_rate": 44100,
        "codec": "mp3",
        "downmix": "mix",
        "md5_encoded": "ea3001b1d5f2b5e485908d219672c84d"
    },
    "tags": {
        "file_name": "1144.mp3",
        "album": ["Bach Organ Works: Other Free Works"],
        "artist": ["James Kibbie"],
        "composer": ["J.S. Bach"],
        "date": ["2012-01-12 12:38:05", "2012-01-12 12:38:05"],
        "genre": ["Classical"],
        "title": ["BWV 598: Pedal-Exercitium"],
        "tracknumber": ["27"]
    },
    "version": {
        "essentia": "2.1-beta2",
        "essentia_git_sha": "v2.1_beta2",
        "extractor": "music 1.0"
    }
},
"rhythm": {
    "beats_count": 108,
    "beats_loudness": {
        "mean": 0.037082169205,
        "var": 0.000280859327177
    },
    "bpm": 172.265777588,
    "bpm_histogram_first_peak_bpm": {
        "mean": 172,
        "var": 0
    },
    "bpm_histogram_first_peak_spread": {
        "mean": 0,
        "var": 0
    },
    "bpm_histogram_first_peak_weight": {
        "mean": 0.130841121078,
        "var": 0
    },
    "bpm_histogram_second_peak_bpm": {
        "mean": 178,
        "var": 0
    },
    "bpm_histogram_second_peak_spread": {
        "mean": 0,
        "var": 0
    },
    "bpm_histogram_second_peak_weight": {
        "mean": 0.121495328844,
        "var": 0
    },
    "danceability": 1.31083965302,
    "onset_rate": 0.572457313538,
    "beats_loudness_band_ratio": {
        "mean": [0.369745373726, 0.408151596785, 0.196769729257, 0.0493204072118, 0.0379484854639, 0.00813773460686],
        "var": [0.0262789744884, 0.0272580869496, 0.0133835133165, 0.00125874346122, 0.000708715175278, 0.000147510421812]
    },
    "beats_position": [0.580498874187, 1.17260766029, 1.764716506, 2.35682535172, 2.94893407822, 3.42494320869, 3.90095233917, 4.38857126236, 4.82975053787, 5.25931978226, 5.6888885498, 6.11845779419, 6.54802703857, 6.97759628296, 7.40716552734, 7.83673477173, 8.26630401611, 8.6958732605, 9.06739234924, 9.43891143799, 9.82204055786, 10.2051696777, 10.5882987976, 10.9714279175, 11.354557991, 11.7260770798, 12.1208162308, 12.5155553818, 12.9102945328, 13.2934236526, 13.6533327103, 14.0132427216, 14.3731517792, 14.7446708679, 15.1045799255, 15.4644899368, 15.8360090256, 16.2075271606, 16.5790481567, 16.9505672455, 17.3220863342, 17.693605423, 18.0535144806, 18.4250335693, 18.784942627, 19.1564617157, 19.5163707733, 19.8762817383, 20.2245807648, 20.5728797913, 20.9211788177, 21.2578678131, 21.5945568085, 21.942855835, 22.2795467377, 22.616235733, 22.9529247284, 23.2896137238, 23.6379127502, 23.974603653, 24.3229026794, 24.6595916748, 25.0078907013, 25.3561897278, 25.7044887543, 26.0527877808, 26.4126987457, 26.7609977722, 27.1092967987, 27.4575958252, 27.7942848206, 28.1309738159, 28.4676647186, 28.804353714, 29.1410427094, 29.4893417358, 29.8724708557, 30.2555999756, 30.6387290955, 31.0218582153, 31.4165973663, 31.8113365173, 32.2060775757, 32.6936950684, 33.1580963135, 33.6224937439, 34.0868911743, 34.5629005432, 35.0389099121, 35.5033111572, 36.0025405884, 36.5017662048, 37.0126075745, 37.5234451294, 38.034286499, 38.5683441162, 39.1256217957, 39.6945114136, 40.2285690308, 40.7626304626, 41.2850799561, 41.830745697, 42.3764152527, 42.9220848083, 43.4793624878, 44.0250320435, 44.5590934753, 45.0931510925]
},
"tonal": {
    "chords_changes_rate": 0.0551583245397,
    "chords_number_rate": 0.0112359551713,
    "chords_strength": {
        "mean": 0.481896936893,
        "var": 0.00567324459553
    },
    "hpcp_entropy": {
        "mean": 1.49928867817,
        "var": 0.508456885815
    },
    "key_strength": 0.734487831593,
    "tuning_diatonic_strength": 0.493083536625,
    "tuning_equal_tempered_deviation": 0.0172958988696,
    "tuning_frequency": 440.508636475,
    "tuning_nontempered_energy_ratio": 0.624314069748,
    "hpcp": {
        "mean": [0.101202405989, 0.0733175128698, 0.111892454326, 0.160932525992, 0.106558449566, 0.0892073214054, 0.134379729629, 0.102327369153, 0.0706598013639, 0.0640039741993, 0.0435796380043, 0.147443175316, 0.297007709742, 0.199424013495, 0.0574092939496, 0.051889654249, 0.0612676218152, 0.150603070855, 0.232865408063, 0.157566100359, 0.111354008317, 0.141753226519, 0.10990126431, 0.104074470699, 0.0992931202054, 0.0619867704809, 0.119168400764, 0.183849185705, 0.119315192103, 0.0716761127114, 0.0836076810956, 0.0913461521268, 0.210629120469, 0.339465111494, 0.244725048542, 0.123951144516],
        "var": [0.0589296221733, 0.0252863280475, 0.0399579890072, 0.0786537304521, 0.0381406098604, 0.0266407318413, 0.0577796958387, 0.0312242545187, 0.0267479065806, 0.0271475855261, 0.0125504126772, 0.0368650890887, 0.140607744455, 0.0688997283578, 0.0118082780391, 0.0145703470334, 0.0162681676447, 0.0469979457557, 0.0895995646715, 0.0417083017528, 0.0452396869659, 0.0800620689988, 0.0422944501042, 0.0414372086525, 0.0411913394928, 0.0163192711771, 0.0473078526556, 0.0978701934218, 0.0409731641412, 0.0295204315335, 0.0401876308024, 0.0337637960911, 0.0691051185131, 0.146289676428, 0.0876244306564, 0.0506573468447]
    },
    "chords_histogram": [15.934627533, 0, 16.6496429443, 6.94586324692, 0.204290091991, 18.3861083984, 1.32788562775, 4.4943819046, 0, 16.7517871857, 0, 3.98365688324, 0.817160367966, 0, 0, 0, 0, 0, 0, 2.2471909523, 0, 0, 4.08580160141, 8.17160320282],
    "thpcp": [1, 0.72091370821, 0.365136623383, 0.298123151064, 0.215979516506, 0.329614013433, 0.474076777697, 0.313901036978, 0.262787878513, 0.395857274532, 0.301437079906, 0.208150401711, 0.188543602824, 0.128377363086, 0.434339702129, 0.874928534031, 0.587465405464, 0.169116914272, 0.152857109904, 0.180482819676, 0.443648159504, 0.685977458954, 0.464159935713, 0.328027844429, 0.417578190565, 0.323748320341, 0.306583702564, 0.292498737574, 0.182601302862, 0.351047575474, 0.541584908962, 0.351479977369, 0.211144268513, 0.246292412281, 0.269088476896, 0.620473563671],
    "chords_key": "F#",
    "chords_scale": "major",
    "key_key": "C#",
    "key_scale": "minor"
}
}