{
"lowlevel": {
    "average_loudness": 0.273884952068,
    "barkbands_crest": {
        "mean": 10.4396018982,
        "var": 11.7734718323
    },
    "barkbands_flatness_db": {
        "mean": 0.260186672211,
        "var": 0.00423816405237
    },
    "barkbands_kurtosis": {
        "mean": 3.07453918457,
        "var": 22.9998779297
    },
    "barkbands_skewness": {
        "mean": 0.773227095604,
        "var": 0.540480554104
    },
    "barkbands_spread": {
        "mean": 6.6820192337,
        "var": 12.3630971909
    },
    "dissonance": {
        "mean": 0.384262770414,
        "var": 0.00304015376605
    },
    "dynamic_complexity": 5.45410585403,
    "erbbands_crest": {
        "mean": 12.952082634,
        "var": 20.3293495178
    },
    "erbbands_flatness_db": {
        "mean": 0.288603514433,
        "var": 0.00223013246432
    },
    "erbbands_kurtosis": {
        "mean": 2.93253445625,
        "var": 23.3400039673
    },
    "erbbands_skewness": {
        "mean": 1.05436563492,
        "var": 0.521906137466
    },
    "erbbands_spread": {
        "mean": 12.2347764969,
        "var": 36.6237373352
    },
    "hfc": {
        "mean": 7.50830459595,
        "var": 69.7169265747
    },
    "melbands_crest": {
        "mean": 12.7158117294,
        "var": 17.6319026947
    },
    "melbands_flatness_db": {
        "mean": 0.348245352507,
        "var": 0.00733539601788
    },
    "melbands_kurtosis": {
        "mean": 3.76024532318,
        "var": 39.6275405884
    },
    "melbands_skewness": {
        "mean": 0.981667220592,
        "var": 0.578345060349
    },
    "melbands_spread": {
        "mean": 9.27402877808,
        "var": 31.9704780579
    },
    "pitch_salience": {
        "mean": 0.598945558071,
        "var": 0.00899675954133
    },
    "silence_rate_20dB": {
        "mean": 1,
        "var": 0
    },
    "silence_rate_30dB": {
        "mean": 0.989701330662,
        "var": 0.0101926904172
    },
    "silence_rate_60dB": {
        "mean": 0.281668394804,
        "var": 0.202330812812
    },
    "spectral_centroid": {
        "mean": 574.874816895,
        "var": 110622.539063
    },
    "spectral_complexity": {
        "mean": 8.96240997314,
        "var": 17.1782417297
    },
    "spectral_decrease": {
        "mean": -4.61471350022e-009,
        "var": 3.28922017835e-017
    },
    "spectral_energy": {
        "mean": 0.0180979911238,
        "var": 0.000499410496559
    },
    "spectral_energyband_high": {
        "mean": 1.45327439895e-005,
        "var": 1.20089682643e-009
    },
    "spectral_energyband_low": {
        "mean": 0.00343375350349,
        "var": 4.55768022221e-005
    },
    "spectral_energyband_middle_high": {
        "mean": 0.00164161191788,
        "var": 7.37132950235e-006
    },
    "spectral_energyband_middle_low": {
        "mean": 0.0140645010397,
        "var": 0.000321168830851
    },
    "spectral_entropy": {
        "mean": 6.17031764984,
        "var": 0.219640031457
    },
    "spectral_flux": {
        "mean": 0.0481262691319,
        "var": 0.00153050955851
    },
    "spectral_kurtosis": {
        "mean": 40.5627670288,
        "var": 1736.74987793
    },
    "spectral_rms": {
        "mean": 0.00351935485378,
        "var": 5.27067595613e-006
    },
    "spectral_rolloff": {
        "mean": 680.465515137,
        "var": 257487.453125
    },
    "spectral_skewness": {
        "mean": 4.29215288162,
        "var": 5.27500677109
    },
    "spectral_spread": {
        "mean": 1871122.25,
        "var": 1.40775574733e+012
    },
    "spectral_strongpeak": {
        "mean": 0.885968565941,
        "var": 0.642754375935
    },
    "zerocrossingrate": {
        "mean": 0.0256734862924,
        "var": 0.000211157661397
    },
    "barkbands": {
        "mean": [3.08185735776e-005, 0.00131569476798, 0.00136609002948, 0.00107895361725, 0.00218726042658, 0.00496514653787, 0.00339423352852, 0.000988121842965, 0.000826889881864, 0.00102065387182, 0.0002998773125, 0.000147736922372, 0.000168986123754, 8.87934584171e-005, 8.54767713463e-005, 4.81990791741e-005, 3.14495628118e-005, 2.41389116127e-005, 8.15084058559e-006, 1.26975055537e-005, 6.08178243056e-006, 1.72587465386e-006, 3.91349260553e-007, 1.66223230735e-007, 1.69778545001e-007, 1.0341209844e-007, 6.66733557253e-009],
        "var": [2.05824535193e-009, 5.96609470449e-006, 1.05310346044e-005, 7.17753800927e-006, 2.52878962783e-005, 6.39066784061e-005, 4.17053779529e-005, 2.74932040156e-006, 2.02529804483e-006, 5.47221043234e-006, 1.38643054015e-006, 8.78132766502e-008, 1.33888349296e-007, 6.51527116702e-008, 3.55104532446e-008, 1.70053091608e-008, 6.81582346118e-009, 4.09149691905e-009, 3.61827956485e-010, 8.49788017732e-010, 3.32405603043e-010, 1.84564290934e-011, 8.6229683333e-013, 9.33998633101e-014, 7.36514663277e-014, 9.18109650263e-014, 4.50222575421e-016]
    },
    "erbbands": {
        "mean": [0.0174248162657, 0.36951610446, 1.38790118694, 3.25447535515, 3.8567237854, 7.08980512619, 24.9669742584, 39.705116272, 64.0497817993, 20.661397934, 30.1430606842, 19.4667873383, 33.006477356, 21.9373016357, 7.29762983322, 6.74098777771, 8.30086231232, 5.1372551918, 3.41807293892, 5.06562423706, 2.67062854767, 1.4793792963, 1.25619626045, 0.805252969265, 0.474557757378, 0.553895115852, 0.379596710205, 0.132551759481, 0.059689052403, 0.0209445301443, 0.0109251225367, 0.00393770448864, 0.00311635970138, 0.0018268241547, 0.00126290519256, 0.000649790046737, 0.000145861442434, 2.4847304303e-005, 9.24016785575e-006, 2.02767569135e-005],
        "var": [0.00115060782991, 0.473581701517, 9.42268657684, 59.95337677, 77.4218902588, 249.317703247, 4348.78515625, 3658.62304688, 12715.9931641, 2569.14208984, 2077.38085938, 848.480041504, 7066.23388672, 2836.55151367, 227.049133301, 155.195358276, 323.454986572, 202.90574646, 42.9479827881, 143.059875488, 44.9658584595, 11.8456907272, 10.3726482391, 3.45531177521, 1.04006302357, 1.62551987171, 1.28557598591, 0.0887576639652, 0.0223214197904, 0.00284876744263, 0.00081260263687, 6.27498375252e-005, 3.15800825774e-005, 8.64285902935e-006, 4.4905800678e-006, 2.4300561563e-006, 2.77781850855e-007, 5.69459679411e-009, 1.18725085319e-010, 6.1580551769e-010]
    },
    "gfcc": {
        "mean": [-150.601287842, 191.313720703, -116.094184875, -7.35288572311, -56.2172622681, -13.5210180283, -26.6645793915, 1.20848858356, -14.2064971924, 2.81861686707, -3.37787270546, -6.64037656784, 6.65657234192],
        "cov": [[6783.28662109, 43.8194389343, -1820.19934082, 94.135307312, 276.779327393, -321.310699463, 64.9312515259, -268.901824951, 9.68962478638, -56.485004425, -210.225112915, -98.7825546265, -128.437805176], [43.8194389343, 1308.50500488, 780.381469727, -323.357879639, 216.356063843, -86.3968734741, 87.5523986816, -145.254974365, 58.869354248, -205.714935303, 112.664176941, -148.553710938, 4.87437438965], [-1820.19934082, 780.381469727, 1605.29748535, -198.883377075, -85.2723388672, 21.9493598938, 24.4877166748, -23.7358016968, -35.574420929, -113.038154602, 65.9648666382, 0.312603771687, 3.02405619621], [94.135307312, -323.357879639, -198.883377075, 335.681610107, -52.5143127441, 23.9514064789, -3.82095193863, 22.0965118408, -10.5654745102, 32.7385635376, -22.8867816925, 26.2137241364, -3.73313903809], [276.779327393, 216.356063843, -85.2723388672, -52.5143127441, 168.399017334, -2.65505290031, 8.33317565918, -31.6517391205, 21.3157520294, -32.792930603, 4.42268943787, -32.0048484802, -1.4800838232], [-321.310699463, -86.3968734741, 21.9493598938, 23.9514064789, -2.65505290031, 122.043319702, 8.80848121643, 11.3113880157, -11.1803607941, 7.85335874557, 2.47336888313, 10.9531841278, 6.73901748657], [64.9312515259, 87.5523986816, 24.4877166748, -3.82095193863, 8.33317565918, 8.80848121643, 69.4136199951, -13.1234560013, -3.22336554527, -10.5486154556, 16.6028003693, -12.4295301437, -8.32486438751], [-268.901824951, -145.254974365, -23.7358016968, 22.0965118408, -31.6517391205, 11.3113880157, -13.1234560013, 93.9172363281, 18.6432704926, 31.2006092072, -10.1066036224, 23.4049701691, 1.75246322155], [9.68962478638, 58.869354248, -35.574420929, -10.5654745102, 21.3157520294, -11.1803607941, -3.22336554527, 18.6432704926, 72.9719619751, -0.422409385443, 5.84439754486, -13.2322807312, -8.69564056396], [-56.485004425, -205.714935303, -113.038154602, 32.7385635376, -32.792930603, 7.85335874557, -10.5486154556, 31.2006092072, -0.422409385443, 94.5107269287, -10.4218053818, 10.3234529495, -8.095454216], [-210.225112915, 112.664176941, 65.9648666382, -22.8867816925, 4.42268943787, 2.47336888313, 16.6028003693, -10.1066036224, 5.84439754486, -10.4218053818, 73.887008667, -4.56908130646, 12.1148729324], [-98.7825546265, -148.553710938, 0.312603771687, 26.2137241364, -32.0048484802, 10.9531841278, -12.4295301437, 23.4049701691, -13.2322807312, 10.3234529495, -4.56908130646, 83.5490264893, 11.3556728363], [-128.437805176, 4.87437438965, 3.02405619621, -3.73313903809, -1.4800838232, 6.73901748657, -8.32486438751, 1.75246322155, -8.69564056396, -8.095454216, 12.1148729324, 11.3556728363, 64.8535003662]],
        "icov": [[0.00050050066784, -0.000981764867902, 0.000974656024482, -0.000240130131715, 0.000643979816232, 0.000532964244485, -0.00010655970982, 0.000751859101001, 0.00063560216222, -0.00029176674434, 0.00175703444984, -0.00101166521199, 0.000828767952044], [-0.000981764867902, 0.00958971958607, -0.0051178606227, 0.00273298984393, -0.0078329090029, 0.0031057887245, -0.00446895416826, 0.00246144342236, -0.0059623401612, 0.00682329013944, -0.00777462869883, 0.00853948667645, -0.00340139470063], [0.000974656024482, -0.0051178606227, 0.00407509412616, -0.000909363036044, 0.00475017493591, -0.000970122404397, 0.00177096156403, -0.000323457439663, 0.0035675347317, -0.00206541758962, 0.00466075306758, -0.00466623902321, 0.00268473569304], [-0.000240130131715, 0.00273298984393, -0.000909363036044, 0.00439828634262, -0.00103105406743, 0.000266978488071, -0.0015796039952, 0.000695330963936, -0.00148802844342, 0.00197102618404, -0.00155644025654, 0.00186276377644, -0.000647114531603], [0.000643979816232, -0.0078329090029, 0.00475017493591, -0.00103105406743, 0.0145894894376, -0.00374579220079, 0.0036988100037, -0.000480591494124, 0.00268144882284, -0.0031955530867, 0.00616725673899, -0.00528202066198, 0.00252664508298], [0.000532964244485, 0.0031057887245, -0.000970122404397, 0.000266978488071, -0.00374579220079, 0.0117052998394, -0.00410523451865, 0.00163221976254, -0.000444955890998, 0.00220233621076, -0.000678637064993, 0.00178570137359, -0.000960848352406], [-0.00010655970982, -0.00446895416826, 0.00177096156403, -0.0015796039952, 0.0036988100037, -0.00410523451865, 0.0195415932685, -0.00172570173163, 0.00408920925111, -0.00237257359549, -0.00169034535065, -0.00192198436707, 0.00392183614895], [0.000751859101001, 0.00246144342236, -0.000323457439663, 0.000695330963936, -0.000480591494124, 0.00163221976254, -0.00172570173163, 0.0180783439428, -0.0069753988646, -0.000982698169537, 0.00217128847726, -0.0014341045171, -0.000743927434087], [0.00063560216222, -0.0059623401612, 0.0035675347317, -0.00148802844342, 0.00268144882284, -0.000444955890998, 0.00408920925111, -0.0069753988646, 0.0209686979651, -0.00306461448781, 0.00220776093192, -0.00257261004299, 0.00474271923304], [-0.00029176674434, 0.00682329013944, -0.00206541758962, 0.00197102618404, -0.0031955530867, 0.00220233621076, -0.00237257359549, -0.000982698169537, -0.00306461448781, 0.0196564998478, -0.00491984421387, 0.00634981691837, 0.000389289401937], [0.00175703444984, -0.00777462869883, 0.00466075306758, -0.00155644025654, 0.00616725673899, -0.000678637064993, -0.00169034535065, 0.00217128847726, 0.00220776093192, -0.00491984421387, 0.0247432887554, -0.00737894931808, 4.4506003178e-005], [-0.00101166521199, 0.00853948667645, -0.00466623902321, 0.00186276377644, -0.00528202066198, 0.00178570137359, -0.00192198436707, -0.0014341045171, -0.00257261004299, 0.00634981691837, -0.00737894931808, 0.0223205164075, -0.00491677131504], [0.000828767952044, -0.00340139470063, 0.00268473569304, -0.000647114531603, 0.00252664508298, -0.000960848352406, 0.00392183614895, -0.000743927434087, 0.00474271923304, 0.000389289401937, 4.4506003178e-005, -0.00491677131504, 0.0193720310926]]
    },
    "melbands": {
        "mean": [0.000269232550636, 0.000680679047946, 0.000554893689696, 0.000356945121894, 0.000731507374439, 0.000953436945565, 0.000918679113965, 0.000178812784725, 0.000252055760939, 0.0001112076352, 0.000163119882927, 8.71187294251e-005, 2.93700486509e-005, 1.55107973114e-005, 2.12525483221e-005, 1.4228650798e-005, 9.52536993282e-006, 5.16071349921e-006, 6.61992999085e-006, 5.14674138685e-006, 2.82010250885e-006, 1.68874555584e-006, 7.93263779997e-007, 1.50242885866e-006, 5.30583861291e-007, 2.77471315258e-007, 4.50115038575e-007, 3.45078859709e-007, 3.10889561206e-007, 8.6152809331e-008, 7.38579259973e-008, 3.90393708471e-008, 1.78150898478e-008, 8.54435544539e-009, 6.24232798785e-009, 4.07487776855e-009, 1.80373171954e-009, 2.36084685135e-009, 1.58829505104e-009, 1.50496892726e-009],
        "var": [2.44057304144e-007, 1.89935713024e-006, 1.62997389452e-006, 6.70796396207e-007, 3.59844125342e-006, 2.0645350105e-006, 2.55432655649e-006, 2.01061340022e-007, 1.40738251275e-007, 3.22850937096e-008, 1.76544048713e-007, 4.48402701636e-008, 7.37480965185e-009, 5.79605252682e-010, 3.5603628934e-009, 1.23243892869e-009, 8.36299307583e-010, 1.16541845618e-010, 2.06707165273e-010, 1.79315881588e-010, 5.34921759665e-011, 1.70837580193e-011, 4.20863517647e-012, 2.21502104852e-011, 1.58830381573e-012, 4.4399445058e-013, 1.3409271523e-012, 6.94960202666e-013, 9.95272766112e-013, 4.93155219623e-014, 2.90628388326e-014, 1.20840650989e-014, 2.60414032765e-015, 4.91871291317e-016, 2.79180709456e-016, 1.0664103116e-016, 1.34024451601e-017, 2.2117524141e-017, 6.79292382275e-018, 6.43721589343e-018]
    },
    "mfcc": {
        "mean": [-793.873291016, 220.410186768, -0.251912474632, 11.2880077362, -10.6794624329, -9.85528278351, -4.62896299362, -9.02117729187, 1.14201104641, 0.361116051674, -2.07372379303, 1.45230913162, 1.13640570641],
        "cov": [[5876.26904297, 395.291717529, -2209.93823242, 299.835144043, -247.039703369, 142.851654053, -75.3788909912, -143.517913818, 37.166431427, -48.3829193115, -61.7473831177, -46.1830482483, -71.4550170898], [395.291717529, 1409.32202148, 434.144805908, -168.870803833, 165.866958618, -26.0886497498, 39.018901825, 24.5546226501, -42.8993835449, -73.0483169556, -17.9912033081, 21.1528167725, -36.3588752747], [-2209.93823242, 434.144805908, 1589.95922852, -46.7271690369, 57.3957443237, -45.5494155884, 41.6263999939, 89.2326507568, -30.5485057831, -86.9984130859, 4.47979688644, 42.9310112, 52.4704780579], [299.835144043, -168.870803833, -46.7271690369, 218.673446655, -49.4883804321, 0.301831871271, 0.418944060802, -7.84038257599, 15.481965065, -38.161026001, -3.68682003021, 11.1083488464, 17.5811405182], [-247.039703369, 165.866958618, 57.3957443237, -49.4883804321, 153.31552124, 5.72233343124, -4.93841552734, 21.2214946747, -3.48611783981, 15.1295890808, 7.92100667953, -8.19932556152, -23.1680774689], [142.851654053, -26.0886497498, -45.5494155884, 0.301831871271, 5.72233343124, 103.998680115, 31.5444812775, -1.07502508163, -2.7555911541, 8.05144786835, -8.42325496674, -23.9054889679, -1.47093546391], [-75.3788909912, 39.018901825, 41.6263999939, 0.418944060802, -4.93841552734, 31.5444812775, 88.7506256104, 11.1434173584, -22.7421855927, 3.78776502609, -9.50277328491, -9.3044719696, -0.799282073975], [-143.517913818, 24.5546226501, 89.2326507568, -7.84038257599, 21.2214946747, -1.07502508163, 11.1434173584, 78.5786132813, 5.75755405426, -22.4655246735, 2.33333325386, 2.87678933144, -6.19119977951], [37.166431427, -42.8993835449, -30.5485057831, 15.481965065, -3.48611783981, -2.7555911541, -22.7421855927, 5.75755405426, 62.3469390869, -0.397742211819, -0.928750038147, 11.7325077057, 0.940576851368], [-48.3829193115, -73.0483169556, -86.9984130859, -38.161026001, 15.1295890808, 8.05144786835, 3.78776502609, -22.4655246735, -0.397742211819, 101.217056274, 4.72100687027, -26.1580524445, 0.214505508542], [-61.7473831177, -17.9912033081, 4.47979688644, -3.68682003021, 7.92100667953, -8.42325496674, -9.50277328491, 2.33333325386, -0.928750038147, 4.72100687027, 73.9063491821, 27.9745330811, -13.8611736298], [-46.1830482483, 21.1528167725, 42.9310112, 11.1083488464, -8.19932556152, -23.9054889679, -9.3044719696, 2.87678933144, 11.7325077057, -26.1580524445, 27.9745330811, 78.682800293, 19.9602012634], [-71.4550170898, -36.3588752747, 52.4704780579, 17.5811405182, -23.1680774689, -1.47093546391, -0.799282073975, -6.19119977951, 0.940576851368, 0.214505508542, -13.8611736298, 19.9602012634, 61.7900428772]],
        "icov": [[0.00142665021122, -0.00176295358688, 0.00219867238775, -0.00228837016039, 0.00297770975158, -0.00221129367128, 0.00219103973359, -0.000751365500037, 0.000516150030307, -9.5873256214e-005, 0.000351777853211, 3.15144211527e-006, 0.000483764946694], [-0.00176295358688, 0.00325886113569, -0.00290867034346, 0.00356622203253, -0.00473439367488, 0.00305048935115, -0.00331866159104, 0.0015848231269, -0.000418206152972, 0.00118466548156, 0.000105593651824, -0.000400979450205, -9.70396649791e-005], [0.00219867238775, -0.00290867034346, 0.00420499965549, -0.0034054631833, 0.00440598931164, -0.00300551857799, 0.00299515016377, -0.00184287596494, 0.000927811139263, 0.000412915396737, 0.000133399225888, 0.00028279266553, -0.000413193803979], [-0.00228837016039, 0.00356622203253, -0.0034054631833, 0.00974412076175, -0.00441951490939, 0.00394377019256, -0.00474412599578, 0.00248125824146, -0.002406722866, 0.00354661117308, -0.00109054951463, 0.000768777623307, -0.0022731339559], [0.00297770975158, -0.00473439367488, 0.00440598931164, -0.00441951490939, 0.0152480220422, -0.00597008224577, 0.00669592479244, -0.00438160263002, 0.0016751420917, -0.00304083409719, 0.000596934289206, -0.000432522676419, 0.0036550431978], [-0.00221129367128, 0.00305048935115, -0.00300551857799, 0.00394377019256, -0.00597008224577, 0.0156433042139, -0.00854965671897, 0.00221627089195, -0.00279309600592, 0.00171305262484, -0.00180284248199, 0.00435664318502, -0.00286190467887], [0.00219103973359, -0.00331866159104, 0.00299515016377, -0.00474412599578, 0.00669592479244, -0.00854965671897, 0.0192670244724, -0.00475522922352, 0.00692674890161, -0.0033694577869, 0.0032227858901, -0.0022487542592, 0.0028229127638], [-0.000751365500037, 0.0015848231269, -0.00184287596494, 0.00248125824146, -0.00438160263002, 0.00221627089195, -0.00475522922352, 0.0167684815824, -0.00366513687186, 0.00491982093081, -0.00126669520978, 0.00139744591434, 0.000254256941844], [0.000516150030307, -0.000418206152972, 0.000927811139263, -0.002406722866, 0.0016751420917, -0.00279309600592, 0.00692674890161, -0.00366513687186, 0.0203529279679, -0.00277416897006, 0.00368918315507, -0.0054565728642, 0.00282172835432], [-9.5873256214e-005, 0.00118466548156, 0.000412915396737, 0.00354661117308, -0.00304083409719, 0.00171305262484, -0.0033694577869, 0.00491982093081, -0.00277416897006, 0.0158967226744, -0.00423462782055, 0.00689934939146, -0.0046151583083], [0.000351777853211, 0.000105593651824, 0.000133399225888, -0.00109054951463, 0.000596934289206, -0.00180284248199, 0.0032227858901, -0.00126669520978, 0.00368918315507, -0.00423462782055, 0.0201828014106, -0.0111798439175, 0.00885916687548], [3.15144211527e-006, -0.000400979450205, 0.00028279266553, 0.000768777623307, -0.000432522676419, 0.00435664318502, -0.0022487542592, 0.00139744591434, -0.0054565728642, 0.00689934939146, -0.0111798439175, 0.0232917051762, -0.0106115257367], [0.000483764946694, -9.70396649791e-005, -0.000413193803979, -0.0022731339559, 0.0036550431978, -0.00286190467887, 0.0028229127638, 0.000254256941844, 0.00282172835432, -0.0046151583083, 0.00885916687548, -0.0106115257367, 0.024436423555]]
    },
    "spectral_contrast_coeffs": {
        "mean": [-0.672388315201, -0.663402438164, -0.712731659412, -0.735054135323, -0.768571972847, -0.790282487869],
        "var": [0.00532916979864, 0.00546089885756, 0.00590997515246, 0.00467695854604, 0.0032959759701, 0.00231816642918]
    },
    "spectral_contrast_valleys": {
        "mean": [-7.81475353241, -6.92198753357, -8.24034500122, -9.53958892822, -10.1472187042, -13.0719680786],
        "var": [1.07981336117, 1.17751348019, 1.17730951309, 1.16282117367, 0.981166899204, 0.433918118477]
    }
},
"metadata": {
    "audio_properties": {
        "analysis_sample_rate": 44100,
        "bit_rate": 128074,
        "equal_loudness": 0,
        "length": 45.0612258911,
        "lossless": 0,
        "replay_gain": -4.82698822021,
        "sample_rate": 44100,
        "codec": "mp3",
        "downmix": "mix",
        "md5_encoded": "05651896c87707e689c9749f4b75c210"
    },
    "tags": {
        "file_name": "1146.mp3"
    },
    "version": {
        "essentia": "2.1-beta2",
        "essentia_git_sha": "v2.1_beta2",
        "extractor": "music 1.0"
    }
},
"rhythm": {
    "beats_count": 75,
    "beats_loudness": {
        "mean": 0.0192217491567,
        "var": 0.000431448774179
    },
    "bpm": 100.257881165,
    "bpm_histogram_first_peak_bpm": {
        "mean": 99,
        "var": 0
    },
    "bpm_histogram_first_peak_spread": {
        "mean": 0.485714256763,
        "var": 0
    },
    "bpm_histogram_first_peak_weight": {
        "mean": 0.243243247271,
        "var": 0
    },
    "bpm_histogram_second_peak_bpm": {
        "mean": 108,
        "var": 0
    },
    "bpm_histogram_second_peak_spread": {
        "mean": 0.523809492588,
        "var": 0
    },
    "bpm_histogram_second_peak_weight": {
        "mean": 0.135135129094,
        "var": 0
    },
    "danceability": 0.774476766586,
    "onset_rate": 1.26437556744,
    "beats_loudness_band_ratio": {
        "mean": [0.204353973269, 0.405539542437, 0.359779953957, 0.11449149996, 0.0213951785117, 0.00280416361056],
        "var": [0.0225627738982, 0.037027221173, 0.0460359379649, 0.0131615130231, 0.000903647334781, 2.30629975704e-005]
    },
    "beats_position": [0.545668900013, 1.10294783115, 1.66022670269, 2.21750569344, 2.77478456497, 3.33206343651, 3.88934230804, 4.45823097229, 5.01551008224, 5.5727891922, 6.13006782532, 6.6989569664, 7.26784563065, 7.8251247406, 8.35918331146, 8.90485286713, 9.42730140686, 9.93814086914, 10.5418596268, 11.1455783844, 11.7609071732, 12.387845993, 13.0031747818, 13.6185035706, 14.2338323593, 14.8491611481, 15.5573692322, 16.2539672852, 16.8576869965, 17.4614048004, 18.0651245117, 18.6688423157, 19.272562027, 19.8762817383, 20.4916095734, 21.1069393158, 21.7106571198, 22.3143768311, 22.9064846039, 23.5102043152, 24.0907020569, 24.6712017059, 25.2516994476, 25.8438091278, 26.4243087769, 27.0164165497, 27.5969161987, 28.1890239716, 28.6998634338, 29.2223129272, 29.8144207001, 30.4065303802, 30.9986381531, 31.5791378021, 32.1596374512, 32.6936950684, 33.2277526855, 33.7734222412, 34.3655319214, 34.9460296631, 35.514919281, 36.0605888367, 36.5946464539, 37.2680282593, 37.9530143738, 38.638004303, 39.334602356, 40.0312004089, 40.6813583374, 41.3199081421, 41.9584579468, 42.5970077515, 43.2355537415, 43.8741035461, 44.5126533508]
},
"tonal": {
    "chords_changes_rate": 0.0504115223885,
    "chords_number_rate": 0.0144032919779,
    "chords_strength": {
        "mean": 0.453253567219,
        "var": 0.00570594612509
    },
    "hpcp_entropy": {
        "mean": 1.69744408131,
        "var": 0.941440343857
    },
    "key_strength": 0.608633697033,
    "tuning_diatonic_strength": 0.533114314079,
    "tuning_equal_tempered_deviation": 0.124812267721,
    "tuning_frequency": 442.03793335,
    "tuning_nontempered_energy_ratio": 0.728076398373,
    "hpcp": {
        "mean": [0.14938659966, 0.0875039547682, 0.0550363361835, 0.0658910349011, 0.0730693563819, 0.0832282453775, 0.0728215947747, 0.0441686250269, 0.0416101999581, 0.050121884793, 0.093569740653, 0.147727668285, 0.116612672806, 0.065116584301, 0.136777743697, 0.310276985168, 0.356088876724, 0.225493133068, 0.139954254031, 0.163771942258, 0.240886598825, 0.205290824175, 0.0839681252837, 0.0563703030348, 0.0656776577234, 0.0750512629747, 0.101775676012, 0.177567750216, 0.232297539711, 0.283678591251, 0.30560746789, 0.186639606953, 0.141864344478, 0.179174035788, 0.154882341623, 0.154814481735],
        "var": [0.0857657790184, 0.0367508530617, 0.0264295637608, 0.0329506769776, 0.0233562998474, 0.019737932831, 0.0158303789794, 0.007992438972, 0.0125448871404, 0.0118865519762, 0.0229513403028, 0.059464585036, 0.036596249789, 0.0207383725792, 0.039105437696, 0.0864979103208, 0.11998385936, 0.0544282048941, 0.0501324310899, 0.0459747463465, 0.0873760357499, 0.0670111179352, 0.0127416765317, 0.00728100212291, 0.00836399104446, 0.0135847236961, 0.0408811271191, 0.0710214152932, 0.121428117156, 0.0782123580575, 0.157547682524, 0.0427274182439, 0.0582519993186, 0.0882051885128, 0.063931658864, 0.0634535849094]
    },
    "chords_histogram": [7.09876537323, 0, 2.05761313438, 0, 2.16049385071, 0.720164597034, 0, 29.5267486572, 6.06995868683, 18.5185184479, 1.95473253727, 6.06995868683, 0, 0, 0, 0.102880656719, 3.08641982079, 1.85185182095, 0, 1.44032919407, 3.18930029869, 10.4938268661, 5.65843629837, 0],
    "thpcp": [1, 0.63324958086, 0.393031805754, 0.459918737411, 0.676478862762, 0.576515674591, 0.235806643963, 0.158304020762, 0.184441760182, 0.2107655406, 0.285815387964, 0.498661309481, 0.652358293533, 0.79665106535, 0.858233690262, 0.524137735367, 0.398395895958, 0.5031722188, 0.434954166412, 0.434763610363, 0.419520556927, 0.245736271143, 0.154557868838, 0.185040980577, 0.20519977808, 0.233728855848, 0.204503983259, 0.124038204551, 0.116853408515, 0.14075666666, 0.262770742178, 0.414861798286, 0.327481925488, 0.182866096497, 0.384111255407, 0.871347010136],
    "chords_key": "G",
    "chords_scale": "major",
    "key_key": "G",
    "key_scale": "minor"
}
}