{
"lowlevel": {
    "average_loudness": 0.541418969631,
    "barkbands_crest": {
        "mean": 13.0787687302,
        "var": 23.6915454865
    },
    "barkbands_flatness_db": {
        "mean": 0.368075698614,
        "var": 0.00331691023894
    },
    "barkbands_kurtosis": {
        "mean": 1.85029399395,
        "var": 14.6576013565
    },
    "barkbands_skewness": {
        "mean": 0.952837228775,
        "var": 1.11804735661
    },
    "barkbands_spread": {
        "mean": 9.10662460327,
        "var": 29.0941524506
    },
    "dissonance": {
        "mean": 0.3571588099,
        "var": 0.00550857232884
    },
    "dynamic_complexity": 3.16912174225,
    "erbbands_crest": {
        "mean": 12.7174291611,
        "var": 19.4897117615
    },
    "erbbands_flatness_db": {
        "mean": 0.376425594091,
        "var": 0.00307157193311
    },
    "erbbands_kurtosis": {
        "mean": 0.552470862865,
        "var": 4.57635593414
    },
    "erbbands_skewness": {
        "mean": 0.180728569627,
        "var": 0.486213594675
    },
    "erbbands_spread": {
        "mean": 12.5395212173,
        "var": 49.6444549561
    },
    "hfc": {
        "mean": 10.2416238785,
        "var": 153.399017334
    },
    "melbands_crest": {
        "mean": 13.3959922791,
        "var": 24.7608661652
    },
    "melbands_flatness_db": {
        "mean": 0.447139322758,
        "var": 0.00580517714843
    },
    "melbands_kurtosis": {
        "mean": 2.51204323769,
        "var": 26.6640014648
    },
    "melbands_skewness": {
        "mean": 0.992648661137,
        "var": 0.989165663719
    },
    "melbands_spread": {
        "mean": 12.3703508377,
        "var": 60.5876541138
    },
    "pitch_salience": {
        "mean": 0.459621071815,
        "var": 0.0149891683832
    },
    "silence_rate_20dB": {
        "mean": 0.992276012897,
        "var": 0.00766454730183
    },
    "silence_rate_30dB": {
        "mean": 0.925334692001,
        "var": 0.0690905377269
    },
    "silence_rate_60dB": {
        "mean": 0.0633367672563,
        "var": 0.0593255013227
    },
    "spectral_centroid": {
        "mean": 643.84979248,
        "var": 102687.257813
    },
    "spectral_complexity": {
        "mean": 10.2481975555,
        "var": 10.4286136627
    },
    "spectral_decrease": {
        "mean": -1.01395567498e-008,
        "var": 2.45235096471e-016
    },
    "spectral_energy": {
        "mean": 0.0391979664564,
        "var": 0.00359191256575
    },
    "spectral_energyband_high": {
        "mean": 7.29154544388e-006,
        "var": 2.08102086674e-008
    },
    "spectral_energyband_low": {
        "mean": 0.0151264602318,
        "var": 0.00187322485726
    },
    "spectral_energyband_middle_high": {
        "mean": 0.0035297467839,
        "var": 3.55383672286e-005
    },
    "spectral_energyband_middle_low": {
        "mean": 0.0130695672706,
        "var": 0.000223580776947
    },
    "spectral_entropy": {
        "mean": 5.73935222626,
        "var": 0.185126051307
    },
    "spectral_flux": {
        "mean": 0.0616980232298,
        "var": 0.00401794491336
    },
    "spectral_kurtosis": {
        "mean": 99.4006576538,
        "var": 5548.23193359
    },
    "spectral_rms": {
        "mean": 0.00522938137874,
        "var": 1.08954563984e-005
    },
    "spectral_rolloff": {
        "mean": 725.229187012,
        "var": 401392.8125
    },
    "spectral_skewness": {
        "mean": 6.52049732208,
        "var": 10.232421875
    },
    "spectral_spread": {
        "mean": 951820.4375,
        "var": 1.44997757747e+012
    },
    "spectral_strongpeak": {
        "mean": 0.649337947369,
        "var": 0.772946298122
    },
    "zerocrossingrate": {
        "mean": 0.0252000391483,
        "var": 0.000320269347867
    },
    "barkbands": {
        "mean": [0.0132179744542, 0.00764547707513, 0.00196657795459, 0.00156305928249, 0.00299366563559, 0.00284715159796, 0.00266697001643, 0.00124245404731, 0.00120217027143, 0.00105827092193, 0.00111045280937, 0.000194954045583, 0.00040065110079, 0.000311694951961, 0.000604960310739, 8.30260178191e-005, 4.58020767837e-005, 2.42666192207e-005, 5.62836794415e-006, 6.20221044301e-006, 2.67087079919e-006, 2.47120465247e-006, 5.24465235685e-007, 5.39707627922e-007, 3.31080343585e-007, 3.07626137896e-008, 2.99782465518e-009],
        "var": [0.000572166871279, 0.000732974905986, 3.35277836712e-005, 1.94106687559e-005, 3.78272416128e-005, 1.65853125509e-005, 1.63399690791e-005, 5.45375814909e-006, 6.83406733515e-006, 8.79633807926e-006, 7.92449736764e-006, 3.67911951571e-007, 6.71765690186e-007, 1.52217728555e-006, 3.28664327753e-006, 7.37308596399e-008, 2.65447646086e-008, 6.95009161333e-009, 1.78600834122e-009, 3.23695426019e-009, 1.66449687367e-009, 3.11916559248e-009, 1.78166564835e-010, 3.01675961989e-010, 1.2929750326e-010, 5.69389858613e-013, 2.67469414875e-015]
    },
    "erbbands": {
        "mean": [0.354702323675, 1.30680322647, 2.19994044304, 4.11927652359, 9.33312702179, 8.99961090088, 10.8118906021, 26.3298721313, 27.7869491577, 57.1333465576, 22.7068557739, 26.669670105, 34.0027198792, 29.6234035492, 39.116268158, 12.6264266968, 19.9895973206, 19.5693187714, 24.6621818542, 22.9127006531, 4.23158836365, 1.87673795223, 1.37174463272, 0.819936037064, 0.179055526853, 0.358369022608, 0.108525127172, 0.0885118842125, 0.0721704959869, 0.0611678212881, 0.0207934342325, 0.00894172210246, 0.00971887726337, 0.00578205334023, 0.00120596063789, 0.000259723776253, 6.88410727889e-005, 1.180507752e-005, 1.83879637916e-005, 4.32293454651e-005],
        "var": [1.71822440624, 19.5766811371, 46.8090057373, 121.704421997, 702.637634277, 270.211791992, 365.850769043, 1594.27380371, 1651.23693848, 9113.74316406, 1277.25061035, 4393.99462891, 12154.9912109, 4106.98828125, 8088.63330078, 958.135742188, 1627.10070801, 5141.89453125, 6439.86474609, 4947.58154297, 129.152236938, 34.6613349915, 16.881811142, 14.8499660492, 1.1679315567, 10.9071960449, 2.73688650131, 1.48565101624, 1.82686960697, 2.83046293259, 0.298089742661, 0.0553150959313, 0.120561435819, 0.0402983576059, 0.00151735823601, 4.87612996949e-005, 2.23444817493e-006, 4.70710830314e-008, 7.84276588117e-010, 4.26765112138e-009]
    },
    "gfcc": {
        "mean": [-181.962875366, 231.860122681, -130.564437866, -49.8634262085, -29.9071865082, -21.8912906647, -21.7899341583, -12.7104511261, -4.58350324631, -6.92810869217, -0.593278348446, -11.9758472443, 4.08988428116],
        "cov": [[5321.86230469, -403.576171875, -517.90802002, 1285.30407715, 544.79864502, 336.744934082, 239.053497314, 59.1167984009, 186.874313354, 130.547164917, -42.3811645508, 52.4406280518, 109.597335815], [-403.576171875, 1052.31555176, 1187.57385254, -72.8881378174, 125.92943573, 94.7191696167, 61.8931045532, -26.8266792297, -48.849811554, -66.8028945923, -17.3866157532, -161.163253784, -26.4852981567], [-517.90802002, 1187.57385254, 2591.95605469, 308.29788208, -101.724151611, 389.619903564, 255.862854004, 121.069358826, -39.18201828, -70.154335022, 15.0605306625, -110.177108765, -16.1264095306], [1285.30407715, -72.8881378174, 308.29788208, 827.518066406, 229.130065918, 195.50151062, 161.937149048, 49.4860610962, 60.3248176575, 49.006603241, -42.5454330444, -32.6243476868, 1.58038055897], [544.79864502, 125.92943573, -101.724151611, 229.130065918, 536.991149902, 122.763206482, -58.8577423096, -44.0075340271, 35.6617660522, 59.9883422852, -73.8855056763, -76.492225647, 42.5371360779], [336.744934082, 94.7191696167, 389.619903564, 195.50151062, 122.763206482, 315.807098389, 83.9103927612, 17.9374294281, 27.6330165863, -6.84954833984, -30.045923233, 0.229711607099, 17.6322746277], [239.053497314, 61.8931045532, 255.862854004, 161.937149048, -58.8577423096, 83.9103927612, 218.629425049, 71.05859375, -3.31254553795, -8.83866977692, 26.2892284393, 3.35298323631, -24.0898399353], [59.1167984009, -26.8266792297, 121.069358826, 49.4860610962, -44.0075340271, 17.9374294281, 71.05859375, 134.314071655, 34.7385940552, -11.1954708099, 6.06608915329, 8.99684715271, -7.93729305267], [186.874313354, -48.849811554, -39.18201828, 60.3248176575, 35.6617660522, 27.6330165863, -3.31254553795, 34.7385940552, 114.806282043, 33.9063415527, -26.7105503082, 12.1451635361, 20.5367202759], [130.547164917, -66.8028945923, -70.154335022, 49.006603241, 59.9883422852, -6.84954833984, -8.83866977692, -11.1954708099, 33.9063415527, 116.591079712, 28.3706493378, -42.8461418152, 4.40233707428], [-42.3811645508, -17.3866157532, 15.0605306625, -42.5454330444, -73.8855056763, -30.045923233, 26.2892284393, 6.06608915329, -26.7105503082, 28.3706493378, 123.518920898, 45.8845481873, -30.8837108612], [52.4406280518, -161.163253784, -110.177108765, -32.6243476868, -76.492225647, 0.229711607099, 3.35298323631, 8.99684715271, 12.1451635361, -42.8461418152, 45.8845481873, 204.379013062, 60.7931632996], [109.597335815, -26.4852981567, -16.1264095306, 1.58038055897, 42.5371360779, 17.6322746277, -24.0898399353, -7.93729305267, 20.5367202759, 4.40233707428, -30.8837108612, 60.7931632996, 162.902816772]],
        "icov": [[0.000410443055443, -0.000469086924568, 0.000457371468656, -0.000781929760706, 0.00019982244703, -0.000450126797659, 3.28962087224e-005, -0.000297241203953, -4.32655033364e-005, -0.000300713727484, -0.000153564033099, -0.0002182432072, -0.000246701471042], [-0.000469086924568, 0.00676966179162, -0.00388389220461, 0.00325302686542, -0.00422443822026, 0.00357756414451, -0.00288141425699, 0.00483633205295, -0.00363999907859, 0.00687532918528, -0.0031199506484, 0.00464843120426, -0.000527553551365], [0.000457371468656, -0.00388389220461, 0.00292926118709, -0.00227899849415, 0.00268168118782, -0.00292700785212, 0.00146889127791, -0.00302362651564, 0.00204717507586, -0.00323096686043, 0.000982460100204, -0.0017920313403, -0.000256355648162], [-0.000781929760706, 0.00325302686542, -0.00227899849415, 0.00432735681534, -0.0027179538738, 0.00177141535096, -0.00264217890799, 0.00225244602188, -0.00162080128212, 0.00207627075724, -2.19983139687e-005, 0.00150950497482, 0.000605090579484], [0.00019982244703, -0.00422443822026, 0.00268168118782, -0.0027179538738, 0.00578357558697, -0.00358478911221, 0.00319991912693, -0.00278554693796, 0.00261369044892, -0.00517353927717, 0.00262482604012, -0.0018693144666, -0.000308602378936], [-0.000450126797659, 0.00357756414451, -0.00292700785212, 0.00177141535096, -0.00358478911221, 0.0074114673771, -0.00316667114384, 0.00340108154342, -0.00282734818757, 0.00377388368361, -0.000409961183323, 0.00120442570187, 0.000136086702696], [3.28962087224e-005, -0.00288141425699, 0.00146889127791, -0.00264217890799, 0.00319991912693, -0.00316667114384, 0.00944091193378, -0.00538590596989, 0.00318945688196, -0.00286352494732, 2.88984915642e-006, -0.00159365928266, 0.00059189874446], [-0.000297241203953, 0.00483633205295, -0.00302362651564, 0.00225244602188, -0.00278554693796, 0.00340108154342, -0.00538590596989, 0.0143605656922, -0.00753536308184, 0.00752612296492, -0.00366243743338, 0.00403346633539, -0.000525407376699], [-4.32655033364e-005, -0.00363999907859, 0.00204717507586, -0.00162080128212, 0.00261369044892, -0.00282734818757, 0.00318945688196, -0.00753536308184, 0.016724197194, -0.0114253666252, 0.00826414022595, -0.00646280962974, 0.00156269432046], [-0.000300713727484, 0.00687532918528, -0.00323096686043, 0.00207627075724, -0.00517353927717, 0.00377388368361, -0.00286352494732, 0.00752612296492, -0.0114253666252, 0.0247336626053, -0.0137579012662, 0.0121571375057, -0.00450737634674], [-0.000153564033099, -0.0031199506484, 0.000982460100204, -2.19983139687e-005, 0.00262482604012, -0.000409961183323, 2.88984915642e-006, -0.00366243743338, 0.00826414022595, -0.0137579012662, 0.0192400366068, -0.010119786486, 0.00562861701474], [-0.0002182432072, 0.00464843120426, -0.0017920313403, 0.00150950497482, -0.0018693144666, 0.00120442570187, -0.00159365928266, 0.00403346633539, -0.00646280962974, 0.0121571375057, -0.010119786486, 0.0139050194994, -0.005592352245], [-0.000246701471042, -0.000527553551365, -0.000256355648162, 0.000605090579484, -0.000308602378936, 0.000136086702696, 0.00059189874446, -0.000525407376699, 0.00156269432046, -0.00450737634674, 0.00562861701474, -0.005592352245, 0.00939425546676]]
    },
    "melbands": {
        "mean": [0.00319649465382, 0.00135955563746, 0.000891985546332, 0.000665061234031, 0.000388947868487, 0.000584403111134, 0.000467440579087, 0.000551914970856, 0.000186947450857, 0.000159239309141, 0.000166337005794, 0.000113497357233, 0.000158136637765, 3.34891046805e-005, 4.33512068412e-005, 3.04920504277e-005, 3.76366297132e-005, 3.55024058081e-005, 3.09262832161e-005, 2.04537955142e-005, 3.01876775666e-006, 2.26511383516e-006, 9.8179680208e-007, 1.68988401583e-006, 5.20407184013e-007, 1.01494293858e-007, 2.11451109067e-007, 2.10726227579e-007, 3.61697836126e-008, 1.06482900719e-007, 3.14070689456e-008, 4.85706088682e-008, 3.66719774547e-008, 2.53245424631e-008, 1.4979665508e-008, 4.10627931657e-009, 5.25071275348e-009, 9.97025839666e-009, 1.76809566987e-009, 6.46897380108e-009],
        "var": [0.000104866609036, 1.79859580385e-005, 5.57665453016e-006, 2.12301210922e-006, 4.14699201201e-007, 7.49209448259e-007, 4.15510925222e-007, 8.5518894366e-007, 1.150321296e-007, 1.360546662e-007, 2.97516464798e-007, 6.63130705902e-008, 1.51901915046e-007, 7.54472750941e-009, 7.14449788219e-009, 3.2188776089e-009, 2.2619122575e-008, 1.39053204506e-008, 8.9383584978e-009, 3.58620044771e-009, 1.36581079779e-010, 7.05473734985e-011, 9.73853116204e-012, 3.64080605941e-011, 1.14319049019e-011, 4.63373751262e-013, 3.55494019638e-012, 3.84679961496e-012, 2.35229180969e-013, 3.12081068453e-012, 1.63688452983e-013, 9.9715830211e-013, 6.38536586887e-013, 5.25342031162e-013, 1.49514339169e-013, 1.05040725196e-014, 2.27912832243e-014, 1.40555224252e-013, 1.71428647678e-015, 5.60327642846e-014]
    },
    "mfcc": {
        "mean": [-810.665588379, 251.354675293, -4.43740558624, -25.1868896484, -0.634222924709, -5.47990751266, -9.86736392975, -9.39986133575, 0.0710946321487, 2.61499142647, -3.10644125938, -1.48748064041, 4.506731987],
        "cov": [[3329.65161133, 192.866149902, -1412.24401855, 706.523132324, 435.087005615, 231.333892822, 175.063720703, 87.0010147095, 171.649581909, 128.951431274, 57.8396911621, 26.6336727142, 34.1177635193], [192.866149902, 874.570556641, 749.069641113, 187.523910522, 153.812362671, 202.655700684, 175.455718994, 103.391059875, 75.8527603149, 101.652839661, -4.35729932785, -20.4771900177, 46.0775794983], [-1412.24401855, 749.069641113, 2376.12426758, 305.003570557, -162.446746826, 251.13961792, 210.821563721, 219.51083374, 80.0871353149, 72.0423812866, 36.8495254517, -12.4592628479, -3.17147684097], [706.523132324, 187.523910522, 305.003570557, 633.819274902, 199.800720215, 191.776641846, 175.542739868, 107.154960632, 113.215499878, 93.1224746704, 66.8642501831, 35.8186759949, 4.05472040176], [435.087005615, 153.812362671, -162.446746826, 199.800720215, 398.379089355, 239.484008789, 39.0926246643, -19.1625938416, 78.8604660034, 98.931892395, -36.4122772217, -28.8301334381, 49.4811897278], [231.333892822, 202.655700684, 251.13961792, 191.776641846, 239.484008789, 364.893951416, 126.958564758, 34.1155052185, 106.391029358, 87.8427581787, -20.6082057953, -39.6521911621, 33.4558486938], [175.063720703, 175.455718994, 210.821563721, 175.542739868, 39.0926246643, 126.958564758, 212.457397461, 106.649589539, 24.5292682648, 31.2227916718, 49.2405548096, 38.2799835205, -1.93279385567], [87.0010147095, 103.391059875, 219.51083374, 107.154960632, -19.1625938416, 34.1155052185, 106.649589539, 231.827667236, 82.4577407837, -74.4925613403, 44.8337860107, 51.930267334, 2.58632922173], [171.649581909, 75.8527603149, 80.0871353149, 113.215499878, 78.8604660034, 106.391029358, 24.5292682648, 82.4577407837, 201.028686523, 79.8941268921, -63.0935935974, -30.8728942871, 44.5258369446], [128.951431274, 101.652839661, 72.0423812866, 93.1224746704, 98.931892395, 87.8427581787, 31.2227916718, -74.4925613403, 79.8941268921, 235.561813354, -1.69437658787, -65.0934677124, 24.1953334808], [57.8396911621, -4.35729932785, 36.8495254517, 66.8642501831, -36.4122772217, -20.6082057953, 49.2405548096, 44.8337860107, -63.0935935974, -1.69437658787, 205.183761597, 98.1453475952, -79.2416763306], [26.6336727142, -20.4771900177, -12.4592628479, 35.8186759949, -28.8301334381, -39.6521911621, 38.2799835205, 51.930267334, -30.8728942871, -65.0934677124, 98.1453475952, 191.641860962, -0.48420253396], [34.1177635193, 46.0775794983, -3.17147684097, 4.05472040176, 49.4811897278, 33.4558486938, -1.93279385567, 2.58632922173, 44.5258369446, 24.1953334808, -79.2416763306, -0.48420253396, 166.979248047]],
        "icov": [[0.00259843771346, -0.00282224291004, 0.00378358643502, -0.00461820419878, 0.00425747409463, -0.00442319456488, 0.00422341702506, -0.00474745547399, 0.00378059293143, -0.0033900400158, 0.00233563245274, -0.00112205126788, 0.00076714833267], [-0.00282224291004, 0.00528532639146, -0.0049639781937, 0.00558196008205, -0.00643054163083, 0.00588901620358, -0.00652112439275, 0.00558891193941, -0.00478877220303, 0.00391078414395, -0.00295462459326, 0.00169707799796, -0.00123499846086], [0.00378358643502, -0.0049639781937, 0.00662072328851, -0.00744491955265, 0.00825062766671, -0.00836670212448, 0.00797647982836, -0.00892947055399, 0.00743459677324, -0.00651234108955, 0.00463776523247, -0.00228345626965, 0.00152076419909], [-0.00461820419878, 0.00558196008205, -0.00744491955265, 0.0113995997235, -0.0101505061612, 0.00955729186535, -0.0108066741377, 0.0102038756013, -0.00968264881521, 0.00737309455872, -0.00622661784291, 0.00259688147344, -0.00163886533119], [0.00425747409463, -0.00643054163083, 0.00825062766671, -0.0101505061612, 0.0160649027675, -0.0144724613056, 0.0130450790748, -0.0122460825369, 0.0113750435412, -0.0101632028818, 0.00754159782082, -0.00418756902218, 0.00179385289084], [-0.00442319456488, 0.00588901620358, -0.00836670212448, 0.00955729186535, -0.0144724613056, 0.0185638684779, -0.0160647314042, 0.0155936786905, -0.0150220021605, 0.0117574539036, -0.0088090384379, 0.00563868507743, -0.00283260131255], [0.00422341702506, -0.00652112439275, 0.00797647982836, -0.0108066741377, 0.0130450790748, -0.0160647314042, 0.0243805199862, -0.0209845919162, 0.0183194875717, -0.0154265128076, 0.0103678731248, -0.00687971897423, 0.00356130301952], [-0.00474745547399, 0.00558891193941, -0.00892947055399, 0.0102038756013, -0.0122460825369, 0.0155936786905, -0.0209845919162, 0.0311322174966, -0.0252475291491, 0.0218070410192, -0.0156286023557, 0.00723988609388, -0.00503333704546], [0.00378059293143, -0.00478877220303, 0.00743459677324, -0.00968264881521, 0.0113750435412, -0.0150220021605, 0.0183194875717, -0.0252475291491, 0.0286305397749, -0.0200700089335, 0.0159742552787, -0.00733427004889, 0.00400058971718], [-0.0033900400158, 0.00391078414395, -0.00651234108955, 0.00737309455872, -0.0101632028818, 0.0117574539036, -0.0154265128076, 0.0218070410192, -0.0200700089335, 0.0218400023878, -0.0137619450688, 0.00838416349143, -0.00486902007833], [0.00233563245274, -0.00295462459326, 0.00463776523247, -0.00622661784291, 0.00754159782082, -0.0088090384379, 0.0103678731248, -0.0156286023557, 0.0159742552787, -0.0137619450688, 0.0187479443848, -0.00938361231238, 0.00707393372431], [-0.00112205126788, 0.00169707799796, -0.00228345626965, 0.00259688147344, -0.00418756902218, 0.00563868507743, -0.00687971897423, 0.00723988609388, -0.00733427004889, 0.00838416349143, -0.00938361231238, 0.0113321123645, -0.00410547479987], [0.00076714833267, -0.00123499846086, 0.00152076419909, -0.00163886533119, 0.00179385289084, -0.00283260131255, 0.00356130301952, -0.00503333704546, 0.00400058971718, -0.00486902007833, 0.00707393372431, -0.00410547479987, 0.00938049051911]]
    },
    "spectral_contrast_coeffs": {
        "mean": [-0.589894175529, -0.651708245277, -0.66632604599, -0.673371970654, -0.724739551544, -0.811180889606],
        "var": [0.00819332152605, 0.00673585152254, 0.00477867154405, 0.00695450184867, 0.00508736306801, 0.00492380931973]
    },
    "spectral_contrast_valleys": {
        "mean": [-8.60434627533, -6.94516372681, -8.08897972107, -9.51579189301, -11.3247013092, -14.3428850174],
        "var": [2.47059082985, 0.811037182808, 0.707636833191, 0.858403027058, 1.05285143852, 0.642661035061]
    }
},
"metadata": {
    "audio_properties": {
        "analysis_sample_rate": 44100,
        "bit_rate": 128074,
        "equal_loudness": 0,
        "length": 45.0612258911,
        "lossless": 0,
        "replay_gain": -4.34291267395,
        "sample_rate": 44100,
        "codec": "mp3",
        "downmix": "mix",
        "md5_encoded": "07ccc93eb127abe08a61e7ffd9008aa1"
    },
    "tags": {
        "file_name": "1147.mp3"
    },
    "version": {
        "essentia": "2.1-beta2",
        "essentia_git_sha": "v2.1_beta2",
        "extractor": "music 1.0"
    }
},
"rhythm": {
    "beats_count": 109,
    "beats_loudness": {
        "mean": 0.0596650950611,
        "var": 0.00863190833479
    },
    "bpm": 151.6978302,
    "bpm_histogram_first_peak_bpm": {
        "mean": 152,
        "var": 0
    },
    "bpm_histogram_first_peak_spread": {
        "mean": 0.281249970198,
        "var": 0
    },
    "bpm_histogram_first_peak_weight": {
        "mean": 0.212962970138,
        "var": 0
    },
    "bpm_histogram_second_peak_bpm": {
        "mean": 140,
        "var": 0
    },
    "bpm_histogram_second_peak_spread": {
        "mean": 0.595238089561,
        "var": 0
    },
    "bpm_histogram_second_peak_weight": {
        "mean": 0.157407402992,
        "var": 0
    },
    "danceability": 1.01831269264,
    "onset_rate": 3.39385008812,
    "beats_loudness_band_ratio": {
        "mean": [0.457723498344, 0.171854615211, 0.232731729746, 0.136611968279, 0.040791939944, 0.000296426384011],
        "var": [0.120406784117, 0.0211123898625, 0.0374041199684, 0.032271746546, 0.00527761736885, 3.18907979135e-007]
    },
    "beats_position": [0.417959183455, 0.859138309956, 1.30031740665, 1.75310659409, 2.20589566231, 2.65868473053, 3.11147379875, 3.55265307426, 3.99383211136, 4.43501138687, 4.86458063126, 5.2941493988, 5.73532867432, 6.15328788757, 6.57124710083, 6.98920631409, 7.41877555847, 7.8251247406, 8.23147392273, 8.63782310486, 9.03256225586, 9.42730140686, 9.82204055786, 10.22838974, 10.623128891, 11.0062580109, 11.4009971619, 11.7957363129, 12.2717456818, 12.7477550507, 13.235373497, 13.722992897, 14.1990022659, 14.6750106812, 15.0697498322, 15.4644899368, 15.8592290878, 16.2655773163, 16.6951465607, 17.1247158051, 17.5542850494, 17.9722442627, 18.390203476, 18.8313827515, 19.2841720581, 19.667301178, 20.062040329, 20.4451694489, 20.8050785065, 21.1765975952, 21.548116684, 21.9196376801, 22.2911567688, 22.6626758575, 23.010974884, 23.3708839417, 23.7307929993, 24.0907020569, 24.4506111145, 24.7989120483, 25.1356010437, 25.4955101013, 25.8670291901, 26.2037181854, 26.5404071808, 26.9699764252, 27.3995456696, 27.8175048828, 28.2470741272, 28.6766433716, 29.1178226471, 29.5590019226, 29.988571167, 30.4181404114, 30.8593196869, 31.2888889313, 31.7300682068, 32.171245575, 32.6008148193, 33.0419960022, 33.4831733704, 33.901134491, 34.3307037354, 34.7602729797, 35.2014503479, 35.6310195923, 36.0373687744, 36.4204978943, 36.8036270142, 37.1983680725, 37.5931053162, 37.9878463745, 38.3709754944, 38.7773246765, 39.1952819824, 39.5900230408, 39.9847602844, 40.3795013428, 40.7742385864, 41.1805877686, 41.5985488892, 41.9932861328, 42.3996353149, 42.7943763733, 43.2123336792, 43.6070747375, 44.0018119812, 44.3965530396, 44.7912902832]
},
"tonal": {
    "chords_changes_rate": 0.0380658432841,
    "chords_number_rate": 0.00617283955216,
    "chords_strength": {
        "mean": 0.488104134798,
        "var": 0.00991395208985
    },
    "hpcp_entropy": {
        "mean": 1.51796340942,
        "var": 0.338870495558
    },
    "key_strength": 0.859325766563,
    "tuning_diatonic_strength": 0.568134844303,
    "tuning_equal_tempered_deviation": 0.0146328164265,
    "tuning_frequency": 440,
    "tuning_nontempered_energy_ratio": 0.585660874844,
    "hpcp": {
        "mean": [0.241917520761, 0.128935948014, 0.0145011283457, 0.0104461461306, 0.0313022918999, 0.294574260712, 0.528238117695, 0.296864032745, 0.173271045089, 0.224050104618, 0.096429027617, 0.0205812286586, 0.0188884995878, 0.014027168043, 0.044772811234, 0.0729626044631, 0.0578691512346, 0.0791830569506, 0.0774764493108, 0.0408465750515, 0.205985844135, 0.34721544385, 0.179527923465, 0.0432897545397, 0.0297490675002, 0.0131661519408, 0.131694376469, 0.23247885704, 0.136532410979, 0.16884881258, 0.254728108644, 0.130854174495, 0.0417321175337, 0.0332805216312, 0.0225219558924, 0.135533392429],
        "var": [0.113021872938, 0.0366682708263, 0.00306158978492, 0.00214855652303, 0.00656625535339, 0.0544750727713, 0.151457160711, 0.0505102165043, 0.0685755237937, 0.112492054701, 0.0220956541598, 0.00631019193679, 0.00601758807898, 0.00478240149096, 0.0136168636382, 0.0344210527837, 0.0149449035525, 0.0302953775972, 0.0317006371915, 0.0112080508843, 0.0502043813467, 0.131770268083, 0.0352298058569, 0.0225109849125, 0.0137033807114, 0.00222383905202, 0.0381755903363, 0.111604869366, 0.0315484777093, 0.0545251145959, 0.108039177954, 0.0313705019653, 0.0143660781905, 0.0127624077722, 0.00597214978188, 0.0365299470723]
    },
    "chords_histogram": [47.8395080566, 2.77777767181, 0.308641970158, 2.05761313438, 0, 0.308641970158, 0, 0.514403283596, 0, 17.7983531952, 0, 0, 0, 0, 0, 0, 0, 0, 0, 0, 0, 0, 18.3127574921, 10.0823049545],
    "thpcp": [1, 0.561989068985, 0.328016936779, 0.424146026373, 0.18254840374, 0.0389620289207, 0.0357575491071, 0.0265546310693, 0.0847587659955, 0.138124465942, 0.109551258385, 0.149900302291, 0.14666955173, 0.077326066792, 0.38994884491, 0.657308578491, 0.3398617208, 0.0819512158632, 0.0563175342977, 0.024924652651, 0.249308735132, 0.440102398396, 0.258467555046, 0.319645255804, 0.482222139835, 0.247718155384, 0.0790024697781, 0.0630028769374, 0.0426359921694, 0.25657632947, 0.457970589399, 0.244086787105, 0.0274518784136, 0.0197754502296, 0.0592579208314, 0.557654321194],
    "chords_key": "E",
    "chords_scale": "minor",
    "key_key": "E",
    "key_scale": "minor"
}
}