{
"lowlevel": {
    "average_loudness": 0.930513262749,
    "barkbands_crest": {
        "mean": 12.6960830688,
        "var": 18.6916923523
    },
    "barkbands_flatness_db": {
        "mean": 0.389189094305,
        "var": 0.00143683096394
    },
    "barkbands_kurtosis": {
        "mean": 4.09277534485,
        "var": 107.789772034
    },
    "barkbands_skewness": {
        "mean": 0.769241452217,
        "var": 0.729616999626
    },
    "barkbands_spread": {
        "mean": 3.44132804871,
        "var": 4.25521326065
    },
    "dissonance": {
        "mean": 0.371650904417,
        "var": 0.00339598511346
    },
    "dynamic_complexity": 2.96126818657,
    "erbbands_crest": {
        "mean": 15.3870182037,
        "var": 36.489238739
    },
    "erbbands_flatness_db": {
        "mean": 0.434001982212,
        "var": 0.00116262387019
    },
    "erbbands_kurtosis": {
        "mean": 3.92335915565,
        "var": 54.1067085266
    },
    "erbbands_skewness": {
        "mean": 0.817154884338,
        "var": 0.851776659489
    },
    "erbbands_spread": {
        "mean": 6.6371307373,
        "var": 14.2545814514
    },
    "hfc": {
        "mean": 9.84117603302,
        "var": 145.433395386
    },
    "melbands_crest": {
        "mean": 16.3968639374,
        "var": 32.2760429382
    },
    "melbands_flatness_db": {
        "mean": 0.463040024042,
        "var": 0.00179689156357
    },
    "melbands_kurtosis": {
        "mean": 3.99470925331,
        "var": 44.4964294434
    },
    "melbands_skewness": {
        "mean": 0.734018445015,
        "var": 0.607133328915
    },
    "melbands_spread": {
        "mean": 5.96463871002,
        "var": 17.6027469635
    },
    "pitch_salience": {
        "mean": 0.510453462601,
        "var": 0.0114491404966
    },
    "silence_rate_20dB": {
        "mean": 1,
        "var": 0
    },
    "silence_rate_30dB": {
        "mean": 0.987641632557,
        "var": 0.0122055988759
    },
    "silence_rate_60dB": {
        "mean": 0.0777548924088,
        "var": 0.0717062577605
    },
    "spectral_centroid": {
        "mean": 601.885742188,
        "var": 47258.9492188
    },
    "spectral_complexity": {
        "mean": 9.5303812027,
        "var": 5.33868217468
    },
    "spectral_decrease": {
        "mean": -4.17410683795e-009,
        "var": 2.63998348635e-017
    },
    "spectral_energy": {
        "mean": 0.0166466720402,
        "var": 0.000419388961745
    },
    "spectral_energyband_high": {
        "mean": 6.4336950345e-007,
        "var": 2.94392700322e-012
    },
    "spectral_energyband_low": {
        "mean": 1.2589902326e-005,
        "var": 2.36400177211e-010
    },
    "spectral_energyband_middle_high": {
        "mean": 0.0015596174635,
        "var": 1.81768064067e-006
    },
    "spectral_energyband_middle_low": {
        "mean": 0.0155476378277,
        "var": 0.000404814840294
    },
    "spectral_entropy": {
        "mean": 5.590031147,
        "var": 0.0988241806626
    },
    "spectral_flux": {
        "mean": 0.0374654941261,
        "var": 0.00125827477314
    },
    "spectral_kurtosis": {
        "mean": 113.366027832,
        "var": 2386.84326172
    },
    "spectral_rms": {
        "mean": 0.0036023426801,
        "var": 3.26379040416e-006
    },
    "spectral_rolloff": {
        "mean": 763.546203613,
        "var": 199603.046875
    },
    "spectral_skewness": {
        "mean": 7.38562726974,
        "var": 5.09701251984
    },
    "spectral_spread": {
        "mean": 842213.75,
        "var": 1.08031475712e+012
    },
    "spectral_strongpeak": {
        "mean": 1.71790409088,
        "var": 2.01784491539
    },
    "zerocrossingrate": {
        "mean": 0.0289614647627,
        "var": 0.000134042522404
    },
    "barkbands": {
        "mean": [1.60701318919e-007, 2.62300545728e-006, 5.74192517888e-006, 2.0597852199e-005, 0.0014435807243, 0.00186970003415, 0.00102118414361, 0.0057642031461, 0.00446160370484, 0.00104761775583, 0.000358467776095, 0.000283064000541, 0.000146776423207, 0.000135408336064, 4.67445315735e-005, 2.3619935746e-005, 8.97884547157e-006, 1.49867844357e-006, 4.07093648391e-006, 6.20001969764e-007, 3.60206911409e-007, 4.00251352062e-008, 7.6496657897e-009, 7.08904757118e-009, 4.27524504687e-009, 3.26325277911e-009, 1.18894116774e-009],
        "var": [3.37137408919e-013, 2.08538603053e-011, 6.67774724405e-011, 3.1131208722e-009, 6.32030969427e-006, 8.09703851701e-006, 1.8378018467e-006, 0.000273349054623, 5.38250278623e-005, 2.39132691604e-006, 3.30697105255e-007, 1.12205093217e-007, 6.42720792143e-008, 4.44208296813e-008, 1.04923154609e-008, 2.67674105103e-009, 1.58913701642e-010, 8.74631183451e-012, 8.16690604033e-011, 1.42189060005e-012, 1.09396628041e-012, 3.90584476383e-014, 1.64808538859e-014, 1.92771654488e-014, 1.43068150778e-014, 1.30768783456e-014, 5.75351311648e-016]
    },
    "erbbands": {
        "mean": [6.27962290309e-005, 0.000764587777667, 0.0058763041161, 0.0639363899827, 1.61291003227, 6.52250814438, 7.2412147522, 14.3501501083, 21.2865829468, 33.1791877747, 172.80847168, 97.2230148315, 52.1247329712, 10.4638261795, 12.0895652771, 12.2950935364, 8.98558616638, 8.16429710388, 2.46201109886, 2.26209950447, 0.996936440468, 0.470655441284, 0.130297377706, 0.298544883728, 0.0542772784829, 0.0220551006496, 0.0127707598731, 0.0148410070688, 0.00280054612085, 0.000495134445373, 0.000237176311202, 0.000150708845467, 0.000122972138342, 6.68449210934e-005, 3.97513977077e-005, 2.24151899602e-005, 1.12285861178e-005, 3.00272995446e-006, 8.2914102677e-006, 1.89577131096e-005],
        "var": [2.03322940706e-008, 1.21920049878e-006, 5.23328562849e-005, 0.0174342822284, 15.5517225266, 150.75567627, 103.602638245, 637.165344238, 1006.80560303, 1651.27844238, 215697.046875, 20338.0644531, 4773.64208984, 215.329101563, 426.580505371, 182.9012146, 146.398513794, 128.097961426, 8.97873783112, 16.1234493256, 3.16640686989, 0.376447230577, 0.0324543341994, 0.454569160938, 0.00775997713208, 0.00155103940051, 0.000899390899576, 0.00207243766636, 0.000104513179394, 2.13020393858e-005, 1.38074528877e-005, 8.78972969076e-006, 4.82625637233e-006, 1.86505690181e-006, 7.35727155643e-007, 2.07157569321e-007, 4.54172450759e-008, 3.77569486787e-009, 1.0785027732e-010, 5.42186628927e-010]
    },
    "gfcc": {
        "mean": [-221.029083252, 220.872314453, -169.141891479, -84.2576141357, -54.2258644104, -52.3413352966, -26.4586791992, -21.2790813446, -13.3680000305, -9.64848613739, -8.52830219269, -18.3297328949, -1.26692247391],
        "cov": [[3186.41674805, -111.957756042, -515.309326172, 440.879760742, 55.7368125916, -219.206314087, 112.237098694, -124.950546265, 56.584564209, 25.8494663239, -178.101837158, -68.4772033691, -57.1152038574], [-111.957756042, 313.210205078, 98.9758224487, -117.904762268, 92.6274032593, -13.8424873352, -55.9878921509, -46.0886955261, -72.6115722656, -58.8756408691, 11.154253006, -1.76465260983, 12.6036405563], [-515.309326172, 98.9758224487, 312.296356201, -64.236038208, -30.0527591705, 26.6501369476, -29.5412597656, 34.5253753662, -32.4199714661, -34.7653541565, -13.194188118, -42.7717857361, -19.5993003845], [440.879760742, -117.904762268, -64.236038208, 305.17767334, 11.3127222061, -21.3855838776, 65.4212646484, -32.5143928528, 22.3815021515, 8.44058036804, -65.5568237305, -32.3044776917, -41.7039833069], [55.7368125916, 92.6274032593, -30.0527591705, 11.3127222061, 121.938186646, 13.7070503235, -15.5312414169, -23.8690242767, -24.7117996216, -13.7826070786, 0.245308473706, 6.77517747879, -1.88439309597], [-219.206314087, -13.8424873352, 26.6501369476, -21.3855838776, 13.7070503235, 108.945701599, 3.35019445419, 4.07731771469, -6.09836006165, -4.97813177109, 10.5965147018, 7.83127355576, 12.7272062302], [112.237098694, -55.9878921509, -29.5412597656, 65.4212646484, -15.5312414169, 3.35019445419, 105.66683197, 40.7153015137, 27.3865852356, 14.3248414993, -21.6051311493, -12.8486499786, -11.935918808], [-124.950546265, -46.0886955261, 34.5253753662, -32.5143928528, -23.8690242767, 4.07731771469, 40.7153015137, 97.5373153687, 38.3470230103, 6.71490001678, 16.4388465881, 4.36081933975, -5.60015439987], [56.584564209, -72.6115722656, -32.4199714661, 22.3815021515, -24.7117996216, -6.09836006165, 27.3865852356, 38.3470230103, 69.1836776733, 40.1544189453, 6.77380895615, 3.74335002899, -6.1097612381], [25.8494663239, -58.8756408691, -34.7653541565, 8.44058036804, -13.7826070786, -4.97813177109, 14.3248414993, 6.71490001678, 40.1544189453, 71.9106140137, 31.1671562195, 12.6338033676, 6.73757648468], [-178.101837158, 11.154253006, -13.194188118, -65.5568237305, 0.245308473706, 10.5965147018, -21.6051311493, 16.4388465881, 6.77380895615, 31.1671562195, 85.0018386841, 56.3869895935, 18.1840934753], [-68.4772033691, -1.76465260983, -42.7717857361, -32.3044776917, 6.77517747879, 7.83127355576, -12.8486499786, 4.36081933975, 3.74335002899, 12.6338033676, 56.3869895935, 80.2323913574, 32.4769096375], [-57.1152038574, 12.6036405563, -19.5993003845, -41.7039833069, -1.88439309597, 12.7272062302, -11.935918808, -5.60015439987, -6.1097612381, 6.73757648468, 18.1840934753, 32.4769096375, 57.2003173828]],
        "icov": [[0.0007063082885, -0.000827382435091, 0.00137013057247, -0.00075594522059, 0.000562614412047, 0.000530824356247, 0.000406357517932, -0.000612293893937, 0.000355104013579, -0.00104496045969, 0.0018475438701, -0.00034298421815, 0.000499568763189], [-0.000827382435091, 0.0134211368859, -0.00721215922385, 0.00583530170843, -0.0111991111189, 0.00580422673374, -0.00701111694798, 0.0123772788793, -0.00539917265996, 0.0133054275066, -0.011786381714, 0.00526133738458, -0.00529603939503], [0.00137013057247, -0.00721215922385, 0.0102504491806, -0.00356395239942, 0.00747172581032, -0.00341280805878, 0.0066010709852, -0.0108036939055, 0.00748261297122, -0.00843226537108, 0.0087857209146, -0.000658930570353, 0.00456986483186], [-0.00075594522059, 0.00583530170843, -0.00356395239942, 0.0086143957451, -0.0053781028837, 0.00228423858061, -0.00640072161332, 0.0088775511831, -0.00432078260928, 0.00480346148834, -0.00128976989072, -0.00049192662118, 0.00152899965178], [0.000562614412047, -0.0111991111189, 0.00747172581032, -0.0053781028837, 0.0192743912339, -0.00681062135845, 0.00759268412367, -0.01102617383, 0.00896240212023, -0.0115039413795, 0.0103527614847, -0.00562538253143, 0.0065387757495], [0.000530824356247, 0.00580422673374, -0.00341280805878, 0.00228423858061, -0.00681062135845, 0.0141721749678, -0.00563947670162, 0.00729714147747, -0.00428355950862, 0.00795171875507, -0.00667456211522, 0.00334200775251, -0.00526274042204], [0.000406357517932, -0.00701111694798, 0.0066010709852, -0.00640072161332, 0.00759268412367, -0.00563947670162, 0.0222987532616, -0.0190237928182, 0.00904470682144, -0.0145143559203, 0.0145157538354, -0.00449171196669, 0.0044526248239], [-0.000612293893937, 0.0123772788793, -0.0108036939055, 0.0088775511831, -0.01102617383, 0.00729714147747, -0.0190237928182, 0.0380144305527, -0.024661373347, 0.0251669511199, -0.0218254234642, 0.00751708308235, -0.00573092559353], [0.000355104013579, -0.00539917265996, 0.00748261297122, -0.00432078260928, 0.00896240212023, -0.00428355950862, 0.00904470682144, -0.024661373347, 0.0431065671146, -0.029814094305, 0.0184164401144, -0.00905109103769, 0.00907963141799], [-0.00104496045969, 0.0133054275066, -0.00843226537108, 0.00480346148834, -0.0115039413795, 0.00795171875507, -0.0145143559203, 0.0251669511199, -0.029814094305, 0.049689758569, -0.0355240553617, 0.0174266323447, -0.0137139698491], [0.0018475438701, -0.011786381714, 0.0087857209146, -0.00128976989072, 0.0103527614847, -0.00667456211522, 0.0145157538354, -0.0218254234642, 0.0184164401144, -0.0355240553617, 0.0556963607669, -0.0320677086711, 0.0158829260617], [-0.00034298421815, 0.00526133738458, -0.000658930570353, -0.00049192662118, -0.00562538253143, 0.00334200775251, -0.00449171196669, 0.00751708308235, -0.00905109103769, 0.0174266323447, -0.0320677086711, 0.0381359793246, -0.0176941677928], [0.000499568763189, -0.00529603939503, 0.00456986483186, 0.00152899965178, 0.0065387757495, -0.00526274042204, 0.0044526248239, -0.00573092559353, 0.00907963141799, -0.0137139698491, 0.0158829260617, -0.0176941677928, 0.0311654936522]]
    },
    "melbands": {
        "mean": [6.33249726434e-007, 2.08091978493e-006, 3.06739384541e-005, 0.000306657719193, 0.000258900749031, 0.000367882836144, 0.000300756975776, 0.000451420521131, 0.0014794660965, 0.000546559458598, 0.000240280496655, 3.21056722896e-005, 3.80130441044e-005, 2.5254137654e-005, 3.85211278626e-005, 1.35150585265e-005, 1.63219410751e-005, 3.4593692817e-006, 4.7538637773e-006, 2.27374584938e-006, 7.89295711456e-007, 5.53611812393e-007, 1.55292354975e-007, 1.2296352736e-007, 2.76878211025e-007, 2.38880097925e-008, 3.06268184147e-008, 1.08846576197e-008, 9.11879549648e-009, 7.42472572313e-009, 8.66102478625e-009, 1.07080566636e-009, 6.17559114957e-010, 1.51648887892e-010, 1.31871832898e-010, 9.28924992483e-011, 8.13220116247e-011, 7.39479241729e-011, 8.14112458003e-011, 3.51338090565e-011],
        "var": [1.54968312488e-012, 6.99073307922e-012, 8.48282422083e-009, 3.28684905071e-007, 1.49400165128e-007, 3.8169090999e-007, 2.00655364324e-007, 5.90207093865e-007, 1.30930084197e-005, 7.44734336422e-007, 1.12329189506e-007, 2.67712074731e-009, 3.7568068656e-009, 9.79861969341e-010, 2.57385424085e-009, 1.09620590383e-009, 6.25247686958e-010, 2.09329290013e-011, 1.24249957545e-010, 2.15494722761e-011, 1.69506498681e-012, 5.86471789101e-013, 6.43811244008e-014, 5.40746816085e-014, 4.16431076905e-013, 3.04776684576e-015, 3.20444210649e-015, 6.98940194916e-016, 5.28768628834e-016, 3.75883205261e-016, 1.01788256321e-015, 2.09182164776e-017, 1.18599319887e-017, 5.41581575459e-018, 4.79054331212e-018, 3.51285284101e-018, 3.25439115963e-018, 2.45887440054e-018, 1.95157032112e-018, 1.21411543718e-018]
    },
    "mfcc": {
        "mean": [-830.188842773, 233.05619812, -27.1841373444, -52.4489059448, -27.3987159729, -33.0535354614, -27.4306297302, -20.7117786407, -12.6281518936, -6.82633066177, -3.73661828041, -5.58388233185, -10.915145874],
        "cov": [[1733.70751953, 436.11605835, -717.295593262, 399.878479004, 115.153289795, -98.4856338501, 64.9045944214, -91.0611572266, 57.530002594, 7.09790897369, -19.7387065887, 0.813301503658, -66.1182174683], [436.11605835, 284.740661621, -90.2134933472, 17.987821579, 73.3954086304, -18.0546646118, -6.70895147324, -6.92974853516, -26.8109741211, -18.3865337372, -27.7207870483, -31.9897861481, -24.2820453644], [-717.295593262, -90.2134933472, 441.727661133, -131.885269165, -61.6236038208, 36.9598846436, -29.733877182, 41.3867111206, -30.1273002625, 1.56131148338, 23.7589664459, -24.9260406494, -19.0936183929], [399.878479004, 17.987821579, -131.885269165, 257.244781494, 21.7382507324, -44.5001411438, 41.3715362549, -22.7374286652, 37.6313743591, 33.6055717468, 38.5343780518, 3.02039337158, -54.5862579346], [115.153289795, 73.3954086304, -61.6236038208, 21.7382507324, 130.789260864, 32.9478530884, 0.922336757183, 10.4117021561, -29.9319419861, -13.0912809372, -18.4576282501, -18.8602352142, 4.12152242661], [-98.4856338501, -18.0546646118, 36.9598846436, -44.5001411438, 32.9478530884, 86.5102767944, 21.7822132111, -7.05414247513, -7.18979072571, -8.45488834381, -17.0362033844, -13.9390258789, -4.23865795135], [64.9045944214, -6.70895147324, -29.733877182, 41.3715362549, 0.922336757183, 21.7822132111, 73.0683059692, 31.4802627563, 10.4012241364, 17.8766994476, 5.790766716, -13.1496992111, -17.0923233032], [-91.0611572266, -6.92974853516, 41.3867111206, -22.7374286652, 10.4117021561, -7.05414247513, 31.4802627563, 90.5722732544, 17.986322403, -2.12381315231, 13.4120607376, -9.53019332886, -4.33798980713], [57.530002594, -26.8109741211, -30.1273002625, 37.6313743591, -29.9319419861, -7.18979072571, 10.4012241364, 17.986322403, 73.3888931274, 35.6370735168, 9.92171192169, 10.3031148911, -6.80795145035], [7.09790897369, -18.3865337372, 1.56131148338, 33.6055717468, -13.0912809372, -8.45488834381, 17.8766994476, -2.12381315231, 35.6370735168, 82.8909988403, 39.1713790894, -12.4573736191, -13.1813631058], [-19.7387065887, -27.7207870483, 23.7589664459, 38.5343780518, -18.4576282501, -17.0362033844, 5.790766716, 13.4120607376, 9.92171192169, 39.1713790894, 80.756652832, 15.3494052887, -30.3530387878], [0.813301503658, -31.9897861481, -24.9260406494, 3.02039337158, -18.8602352142, -13.9390258789, -13.1496992111, -9.53019332886, 10.3031148911, -12.4573736191, 15.3494052887, 84.7908325195, 61.7348976135], [-66.1182174683, -24.2820453644, -19.0936183929, -54.5862579346, 4.12152242661, -4.23865795135, -17.0923233032, -4.33798980713, -6.80795145035, -13.1813631058, -30.3530387878, 61.7348976135, 129.666946411]],
        "icov": [[0.0315758809447, -0.043801587075, 0.0477522611618, -0.0517337471247, 0.052145306021, -0.0540520586073, 0.0517068728805, -0.047778878361, 0.0401130393147, -0.0311161763966, 0.0227853134274, -0.0131464311853, 0.00548013020307], [-0.043801587075, 0.0673518031836, -0.0709733217955, 0.0835444256663, -0.0921834856272, 0.0994017571211, -0.0975416898727, 0.0928925946355, -0.0789411813021, 0.0626899003983, -0.0445842146873, 0.0270466655493, -0.00965907424688], [0.0477522611618, -0.0709733217955, 0.0942378118634, -0.114784300327, 0.138638406992, -0.15765607357, 0.167752102017, -0.164157137275, 0.14581887424, -0.11610917002, 0.0845466777682, -0.0498105399311, 0.0230333935469], [-0.0517337471247, 0.0835444256663, -0.114784300327, 0.169336929917, -0.207243829966, 0.245019629598, -0.268223971128, 0.265427470207, -0.238200455904, 0.190290898085, -0.142955675721, 0.0821808874607, -0.0339828953147], [0.052145306021, -0.0921834856272, 0.138638406992, -0.207243829966, 0.28240853548, -0.330615252256, 0.365109890699, -0.366663962603, 0.33331489563, -0.267073333263, 0.198178872466, -0.115509867668, 0.0503103546798], [-0.0540520586073, 0.0994017571211, -0.15765607357, 0.245019629598, -0.330615252256, 0.411166876554, -0.450103789568, 0.449722468853, -0.406074553728, 0.329336673021, -0.241925284266, 0.145051941276, -0.0628843829036], [0.0517068728805, -0.0975416898727, 0.167752102017, -0.268223971128, 0.365109890699, -0.450103789568, 0.523158371449, -0.515587687492, 0.465042442083, -0.381606370211, 0.283399373293, -0.168201163411, 0.0773246213794], [-0.047778878361, 0.0928925946355, -0.164157137275, 0.265427470207, -0.366663962603, 0.449722468853, -0.515587687492, 0.530385613441, -0.477133601904, 0.390647560358, -0.293881475925, 0.178305476904, -0.0822904035449], [0.0401130393147, -0.0789411813021, 0.14581887424, -0.238200455904, 0.33331489563, -0.406074553728, 0.465042442083, -0.477133601904, 0.454476594925, -0.366021335125, 0.273856550455, -0.169671699405, 0.0798769891262], [-0.0311161763966, 0.0626899003983, -0.11610917002, 0.190290898085, -0.267073333263, 0.329336673021, -0.381606370211, 0.390647560358, -0.366021335125, 0.317285448313, -0.23622867465, 0.14898841083, -0.0722901746631], [0.0227853134274, -0.0445842146873, 0.0845466777682, -0.142955675721, 0.198178872466, -0.241925284266, 0.283399373293, -0.293881475925, 0.273856550455, -0.23622867465, 0.19632448256, -0.12115188688, 0.0628580152988], [-0.0131464311853, 0.0270466655493, -0.0498105399311, 0.0821808874607, -0.115509867668, 0.145051941276, -0.168201163411, 0.178305476904, -0.169671699405, 0.14898841083, -0.12115188688, 0.0983013287187, -0.0510950796306], [0.00548013020307, -0.00965907424688, 0.0230333935469, -0.0339828953147, 0.0503103546798, -0.0628843829036, 0.0773246213794, -0.0822904035449, 0.0798769891262, -0.0722901746631, 0.0628580152988, -0.0510950796306, 0.0374541468918]]
    },
    "spectral_contrast_coeffs": {
        "mean": [-0.517928600311, -0.676014602184, -0.653931975365, -0.673240303993, -0.736902534962, -0.823716878891],
        "var": [0.00807363912463, 0.00460255239159, 0.00502906180918, 0.00263401144184, 0.00136525835842, 0.00302027305588]
    },
    "spectral_contrast_valleys": {
        "mean": [-10.0973920822, -6.51144981384, -8.18153476715, -9.644572258, -11.4065790176, -14.5085754395],
        "var": [0.485547959805, 0.516761124134, 0.557258069515, 0.757598936558, 0.854156136513, 0.675163328648]
    }
},
"metadata": {
    "audio_properties": {
        "analysis_sample_rate": 44100,
        "bit_rate": 128074,
        "equal_loudness": 0,
        "length": 45.0612258911,
        "lossless": 0,
        "replay_gain": -3.09199905396,
        "sample_rate": 44100,
        "codec": "mp3",
        "downmix": "mix",
        "md5_encoded": "a4407651b712ff4a08c6f76d0d56a5e1"
    },
    "tags": {
        "file_name": "1148.mp3"
    },
    "version": {
        "essentia": "2.1-beta2",
        "essentia_git_sha": "v2.1_beta2",
        "extractor": "music 1.0"
    }
},
"rhythm": {
    "beats_count": 123,
    "beats_loudness": {
        "mean": 0.0356171354651,
        "var": 0.0011766027892
    },
    "bpm": 172.265716553,
    "bpm_histogram_first_peak_bpm": {
        "mean": 172,
        "var": 0
    },
    "bpm_histogram_first_peak_spread": {
        "mean": 0,
        "var": 0
    },
    "bpm_histogram_first_peak_weight": {
        "mean": 0.204918026924,
        "var": 0
    },
    "bpm_histogram_second_peak_bpm": {
        "mean": 178,
        "var": 0
    },
    "bpm_histogram_second_peak_spread": {
        "mean": 0,
        "var": 0
    },
    "bpm_histogram_second_peak_weight": {
        "mean": 0.188524588943,
        "var": 0
    },
    "danceability": 1.59942650795,
    "onset_rate": 2.59529709816,
    "beats_loudness_band_ratio": {
        "mean": [0.00979802198708, 0.275409132242, 0.698757827282, 0.105564326048, 0.00788522511721, 0.000139835465234],
        "var": [0.000597403384745, 0.0433494858444, 0.041178971529, 0.00799757894129, 6.42118320684e-005, 3.6780086532e-008]
    },
    "beats_position": [0.417959183455, 0.812698423862, 1.20743763447, 1.62539684772, 2.04335594177, 2.4497051239, 2.85605430603, 3.25079369545, 3.65714287758, 4.05188179016, 4.45823097229, 4.85297060013, 5.24770975113, 5.65405893326, 6.06040811539, 6.45514726639, 6.86149644852, 7.25623559952, 7.63936471939, 8.03410434723, 8.42884349823, 8.83519268036, 9.24154186249, 9.64789104462, 10.0542402267, 10.4489793777, 10.8437185287, 11.2500677109, 11.656416893, 12.0627660751, 12.4691152573, 12.8638544083, 13.2585935593, 13.6533327103, 14.0364627838, 14.4195919037, 14.8143310547, 15.1974601746, 15.5805892944, 15.9404983521, 16.3004074097, 16.6719264984, 17.0434455872, 17.391746521, 17.7632656097, 18.1347846985, 18.5063037872, 18.8546028137, 19.2261219025, 19.574420929, 19.9227199554, 20.2942390442, 20.6657600403, 21.037279129, 21.4087982178, 21.7570972443, 22.1053962708, 22.4536952972, 22.8019943237, 23.1735134125, 23.5334243774, 23.8933334351, 24.2416324615, 24.589931488, 24.9382305145, 25.286529541, 25.6348285675, 25.9947395325, 26.3546485901, 26.7029476166, 27.0628566742, 27.4227657318, 27.7710647583, 28.1193637848, 28.4676647186, 28.8159637451, 29.1642627716, 29.5125617981, 29.8608608246, 30.2091598511, 30.5458488464, 30.8825397491, 31.2308387756, 31.5907478333, 31.9506568909, 32.2989578247, 32.6356468201, 32.9955558777, 33.3206329346, 33.6573219299, 33.99401474, 34.3307037354, 34.6673927307, 35.0156898499, 35.3523788452, 35.6774597168, 36.0141487122, 36.3508377075, 36.6875267029, 37.0242156982, 37.3609046936, 37.6975975037, 38.034286499, 38.3593635559, 38.6844444275, 39.0095214844, 39.334602356, 39.6712913513, 40.0079803467, 40.3330612183, 40.6697502136, 41.006439209, 41.3315200806, 41.6565971375, 41.9932861328, 42.3183670044, 42.6550559998, 42.9917449951, 43.3168258667, 43.6535148621, 43.9785919189, 44.3036727905, 44.6287536621]
},
"tonal": {
    "chords_changes_rate": 0.0195473246276,
    "chords_number_rate": 0.00308641977608,
    "chords_strength": {
        "mean": 0.576131343842,
        "var": 0.00472151208669
    },
    "hpcp_entropy": {
        "mean": 1.36186146736,
        "var": 0.241059884429
    },
    "key_strength": 0.682293951511,
    "tuning_diatonic_strength": 0.460441976786,
    "tuning_equal_tempered_deviation": 5.08403791173e-005,
    "tuning_frequency": 440,
    "tuning_nontempered_energy_ratio": 0.582722485065,
    "hpcp": {
        "mean": [0.00117920164485, 0.0019776399713, 0.0610372014344, 0.15491078794, 0.104873038828, 0.0127684138715, 0.00453543942422, 0.00400783494115, 0.155604675412, 0.338815659285, 0.189915329218, 0.0050086886622, 0.00165172945708, 0.00432761199772, 0.0773993209004, 0.150589153171, 0.0860822200775, 0.255248337984, 0.518910050392, 0.280244529247, 0.0104584097862, 0.00505226897076, 0.0026467370335, 0.0723384171724, 0.157779023051, 0.0918233916163, 0.0101907541975, 0.00808328017592, 0.0203826632351, 0.229520633817, 0.430308043957, 0.227604195476, 0.0464772619307, 0.0688041225076, 0.0335755087435, 0.00188150641043],
        "var": [6.10496499576e-006, 2.36929026869e-005, 0.0106207709759, 0.0696605890989, 0.0327794216573, 0.00121557165403, 0.000255011691479, 0.000167402686202, 0.0342750251293, 0.157659888268, 0.0500314980745, 0.000435966067016, 7.13814079063e-005, 0.000244958966505, 0.0264454260468, 0.089287430048, 0.0246637221426, 0.037089549005, 0.133685946465, 0.0422658622265, 0.00130285066552, 0.000104198385088, 5.11508296768e-005, 0.021924123168, 0.0971702858806, 0.0324896499515, 0.00189986114856, 0.000810363038909, 0.005002531223, 0.0542769134045, 0.13514085114, 0.0415642149746, 0.0155935622752, 0.0462031066418, 0.0110752312467, 2.82184628304e-005]
    },
    "chords_histogram": [66.5637893677, 28.4979419708, 0, 0, 0, 0, 0, 0, 0, 0, 0, 0, 0, 0, 0, 0, 0, 0, 0, 0, 0, 0, 0, 4.93827152252],
    "thpcp": [1, 0.540063798428, 0.0201545711607, 0.00973630975932, 0.00510057015345, 0.139404535294, 0.304058521986, 0.176954358816, 0.0196387674659, 0.0155774205923, 0.0392797626555, 0.442312955856, 0.829253613949, 0.438619762659, 0.0895670875907, 0.132593542337, 0.0647039115429, 0.00362588162534, 0.00227245874703, 0.00381114217453, 0.117625780404, 0.298531085253, 0.202102541924, 0.0246062185615, 0.00874031893909, 0.0077235638164, 0.299868315458, 0.652937173843, 0.365988910198, 0.00965232495219, 0.00318307476118, 0.00833981111646, 0.149157494307, 0.290202796459, 0.165890440345, 0.491893231869],
    "chords_key": "C",
    "chords_scale": "minor",
    "key_key": "C",
    "key_scale": "minor"
}
}