{
"lowlevel": {
    "average_loudness": 0.812812447548,
    "barkbands_crest": {
        "mean": 8.39917373657,
        "var": 21.7145748138
    },
    "barkbands_flatness_db": {
        "mean": 0.121046461165,
        "var": 0.00192003650591
    },
    "barkbands_kurtosis": {
        "mean": 1.15182888508,
        "var": 14.2198038101
    },
    "barkbands_skewness": {
        "mean": 0.55232834816,
        "var": 0.96552503109
    },
    "barkbands_spread": {
        "mean": 23.0112094879,
        "var": 121.725860596
    },
    "dissonance": {
        "mean": 0.475726425648,
        "var": 0.000546339841094
    },
    "dynamic_complexity": 3.90050888062,
    "erbbands_crest": {
        "mean": 10.0666227341,
        "var": 39.591632843
    },
    "erbbands_flatness_db": {
        "mean": 0.192998409271,
        "var": 0.00237693544477
    },
    "erbbands_kurtosis": {
        "mean": 0.974967420101,
        "var": 6.06837701797
    },
    "erbbands_skewness": {
        "mean": 0.126244798303,
        "var": 0.649561345577
    },
    "erbbands_spread": {
        "mean": 27.9763736725,
        "var": 170.051254272
    },
    "hfc": {
        "mean": 22.9082126617,
        "var": 366.118927002
    },
    "melbands_crest": {
        "mean": 11.3834609985,
        "var": 28.0833473206
    },
    "melbands_flatness_db": {
        "mean": 0.140309348702,
        "var": 0.00239937100559
    },
    "melbands_kurtosis": {
        "mean": 3.88402962685,
        "var": 76.5474472046
    },
    "melbands_skewness": {
        "mean": 1.25336635113,
        "var": 1.4353659153
    },
    "melbands_spread": {
        "mean": 35.4241523743,
        "var": 348.826538086
    },
    "pitch_salience": {
        "mean": 0.608711600304,
        "var": 0.0164428260177
    },
    "silence_rate_20dB": {
        "mean": 1,
        "var": 0
    },
    "silence_rate_30dB": {
        "mean": 1,
        "var": 0
    },
    "silence_rate_60dB": {
        "mean": 0.103448279202,
        "var": 0.0927457809448
    },
    "spectral_centroid": {
        "mean": 1886.22253418,
        "var": 479517.15625
    },
    "spectral_complexity": {
        "mean": 23.5985584259,
        "var": 119.563873291
    },
    "spectral_decrease": {
        "mean": -4.35175184776e-009,
        "var": 1.18452255446e-017
    },
    "spectral_energy": {
        "mean": 0.0185023620725,
        "var": 0.0002086343884
    },
    "spectral_energyband_high": {
        "mean": 0.000712918466888,
        "var": 4.77340165617e-007
    },
    "spectral_energyband_low": {
        "mean": 0.00114519195631,
        "var": 1.40446968544e-006
    },
    "spectral_energyband_middle_high": {
        "mean": 0.00909092091024,
        "var": 0.000112625530164
    },
    "spectral_energyband_middle_low": {
        "mean": 0.00799000822008,
        "var": 0.00010070787539
    },
    "spectral_entropy": {
        "mean": 7.64917325974,
        "var": 0.0905375033617
    },
    "spectral_flux": {
        "mean": 0.0762762278318,
        "var": 0.00162408151664
    },
    "spectral_kurtosis": {
        "mean": 4.14591836929,
        "var": 7.30577135086
    },
    "spectral_rms": {
        "mean": 0.00387159502134,
        "var": 3.061795951e-006
    },
    "spectral_rolloff": {
        "mean": 2197.18603516,
        "var": 1464411.125
    },
    "spectral_skewness": {
        "mean": 1.31048715115,
        "var": 0.15885387361
    },
    "spectral_spread": {
        "mean": 3610284,
        "var": 2.65786150093e+012
    },
    "spectral_strongpeak": {
        "mean": 1.86438393593,
        "var": 5.98538780212
    },
    "zerocrossingrate": {
        "mean": 0.0758182927966,
        "var": 0.000841133005451
    },
    "barkbands": {
        "mean": [5.50595759705e-005, 0.000245599891059, 0.000470832368592, 0.000940069556236, 0.00160835415591, 0.000973654328845, 0.00135418795981, 0.00190811837092, 0.00107344833668, 0.000523405324202, 0.000824711285532, 0.000845951610245, 0.00214110407978, 0.00196086452343, 0.000620150356553, 0.000682408281136, 0.000463846838102, 0.000447219819762, 0.000389731518226, 0.000507206015754, 0.000232729376876, 8.025355055e-005, 6.38348865323e-005, 6.54192554066e-005, 2.00491595024e-005, 4.10601842304e-006, 5.70063178884e-008],
        "var": [1.42249225732e-008, 1.21708424672e-007, 3.3100593555e-007, 1.73644048118e-006, 4.93690322401e-006, 3.97210260417e-006, 1.56794994837e-005, 3.83086880902e-005, 5.61226852369e-006, 2.53994699051e-006, 8.49304615258e-006, 1.94885069504e-006, 2.41690995608e-005, 2.93384127872e-005, 6.97668212979e-007, 1.22977235151e-006, 9.46568661675e-007, 3.67202545704e-007, 1.25013073671e-007, 3.49569489799e-007, 7.26730107203e-008, 6.82875578306e-009, 5.88013637781e-009, 7.97585819612e-009, 1.00206443143e-009, 5.32795786656e-011, 1.19790489377e-013]
    },
    "erbbands": {
        "mean": [0.00724387168884, 0.0589662268758, 0.435037285089, 1.95231306553, 4.90663480759, 5.03129339218, 5.68357610703, 8.44325447083, 13.2487268448, 29.3265247345, 47.6825370789, 23.2348499298, 18.6437644958, 26.0745735168, 31.316110611, 35.791683197, 80.7966461182, 141.838668823, 36.5944328308, 33.1032867432, 36.6972351074, 27.4705524445, 24.2051944733, 22.169593811, 21.4066467285, 22.3644580841, 14.9788341522, 6.06675815582, 3.05624032021, 2.31886172295, 1.82003223896, 1.27782797813, 1.05934405327, 0.365461349487, 0.0809147581458, 0.0272968579084, 0.00593414902687, 0.000530453689862, 2.52435493167e-005, 2.44205002673e-005],
        "var": [0.000241698464379, 0.00531767262146, 0.231114342809, 6.169028759, 54.5083847046, 50.7607192993, 102.808288574, 328.001617432, 1057.83349609, 7762.36230469, 26036.9960938, 2299.59814453, 3002.67407227, 7253.52490234, 11770.4550781, 3081.23266602, 25710.1074219, 124282.070313, 1764.02160645, 2921.95043945, 2377.515625, 3636.46826172, 815.991577148, 688.877075195, 311.719512939, 581.511108398, 336.385559082, 45.5890655518, 9.60667228699, 6.19498157501, 5.37619113922, 3.33413672447, 2.78182244301, 0.284481942654, 0.0264137126505, 0.00231816177256, 0.000121776123706, 1.82476787813e-006, 2.0005119783e-009, 3.37531280703e-010]
    },
    "gfcc": {
        "mean": [-25.6761188507, 85.6212158203, -164.542770386, 34.5579910278, -68.1246032715, 9.60744380951, -44.1667137146, 2.04375362396, -26.602645874, -2.48498678207, -13.3652563095, -14.1304197311, -10.850810051],
        "cov": [[11917.9882813, -412.846160889, -256.385040283, 324.705810547, -314.661193848, 71.2555160522, -286.427612305, 88.9407958984, -332.389831543, 169.301422119, -195.412033081, -112.779624939, -229.806915283], [-412.846160889, 940.005187988, 212.30960083, 162.937286377, 79.8345031738, -164.411987305, 67.084197998, -96.1110153198, 31.6948852539, -68.232635498, 60.1709213257, -98.9638366699, -2.42929506302], [-256.385040283, 212.30960083, 637.186462402, 148.923599243, -59.5515823364, -86.1270217896, -78.3620834351, 37.2328033447, -24.6484470367, 47.2606773376, -54.584777832, 39.6619491577, -49.5724258423], [324.705810547, 162.937286377, 148.923599243, 437.60345459, 90.3499755859, -34.2928276062, -28.2275066376, -32.6480407715, -14.8820571899, 15.6840276718, 15.4935951233, -59.2776260376, 10.5962028503], [-314.661193848, 79.8345031738, -59.5515823364, 90.3499755859, 226.327209473, 57.5885810852, 67.7201919556, -37.0110778809, -2.6304628849, 3.07142710686, 33.3822021484, -26.0421142578, -4.43218564987], [71.2555160522, -164.411987305, -86.1270217896, -34.2928276062, 57.5885810852, 199.243255615, 49.2352561951, 12.466173172, -25.710893631, 0.0862672924995, 5.11456203461, -0.911232292652, 5.20164823532], [-286.427612305, 67.084197998, -78.3620834351, -28.2275066376, 67.7201919556, 49.2352561951, 144.186889648, 19.9111824036, 11.4841299057, -14.8676042557, 24.7916221619, -23.9517116547, 3.10694813728], [88.9407958984, -96.1110153198, 37.2328033447, -32.6480407715, -37.0110778809, 12.466173172, 19.9111824036, 131.234619141, 34.4272270203, -1.11165249348, -29.3909797668, 34.1888847351, -6.2393450737], [-332.389831543, 31.6948852539, -24.6484470367, -14.8820571899, -2.6304628849, -25.710893631, 11.4841299057, 34.4272270203, 108.523887634, 3.76592326164, 3.03741931915, -7.50990772247, 13.1697187424], [169.301422119, -68.232635498, 47.2606773376, 15.6840276718, 3.07142710686, 0.0862672924995, -14.8676042557, -1.11165249348, 3.76592326164, 90.7036590576, 10.1318674088, -5.00642251968, -25.1905021667], [-195.412033081, 60.1709213257, -54.584777832, 15.4935951233, 33.3822021484, 5.11456203461, 24.7916221619, -29.3909797668, 3.03741931915, 10.1318674088, 84.8577880859, -6.09705734253, 9.38213157654], [-112.779624939, -98.9638366699, 39.6619491577, -59.2776260376, -26.0421142578, -0.911232292652, -23.9517116547, 34.1888847351, -7.50990772247, -5.00642251968, -6.09705734253, 113.211418152, 23.3700237274], [-229.806915283, -2.42929506302, -49.5724258423, 10.5962028503, -4.43218564987, 5.20164823532, 3.10694813728, -6.2393450737, 13.1697187424, -25.1905021667, 9.38213157654, 23.3700237274, 78.0700531006]],
        "icov": [[0.000148525155964, -0.0001782704785, 0.000372923968825, -0.000256088969763, 0.000316445104545, -0.000177939378773, 0.000304843153572, -0.000356957054464, 0.000552382902242, -0.000484303629491, 0.000415105023421, -7.72884959588e-005, 0.00041616789531], [-0.0001782704785, 0.00283012352884, -0.00193687470164, 0.000327170244418, -0.00102421850897, 0.00216147094034, -0.00198334408924, 0.00201003323309, -0.00155125744641, 0.00340562267229, -0.00231708423235, 0.00195206655189, -0.000618878868409], [0.000372923968825, -0.00193687470164, 0.00417531048879, -0.00180222431663, 0.00174614565913, -0.00091717694886, 0.00168728223071, -0.00199736235663, 0.00219863699749, -0.0036717352923, 0.00328666134737, -0.00278046075255, 0.00274846842512], [-0.000256088969763, 0.000327170244418, -0.00180222431663, 0.00422966945916, -0.00277394475415, 0.00102235982195, 0.00118498585653, -0.000530043034814, 0.000173362306668, 0.000641336082481, -0.001725107315, 0.00330269080587, -0.00338084856048], [0.000316445104545, -0.00102421850897, 0.00174614565913, -0.00277394475415, 0.00815812777728, -0.00265583232976, -0.00254346639849, 0.00185845314991, -2.18922250497e-005, -0.00179228920024, 0.0010796567658, -0.00260233227164, 0.00334936147556], [-0.000177939378773, 0.00216147094034, -0.00091717694886, 0.00102235982195, -0.00265583232976, 0.00832865852863, -0.0025512331631, -0.000213736348087, 0.00136527512223, 0.00158533430658, -0.00137938954867, 0.00204132497311, -0.00196298980154], [0.000304843153572, -0.00198334408924, 0.00168728223071, 0.00118498585653, -0.00254346639849, -0.0025512331631, 0.0129083031788, -0.00588995823637, 0.00221182638779, -0.00094496156089, -0.00139967422001, 0.00263867527246, -0.000512377242558], [-0.000356957054464, 0.00201003323309, -0.00199736235663, -0.000530043034814, 0.00185845314991, -0.000213736348087, -0.00588995823637, 0.014727381058, -0.00701549323276, 0.00299980817363, 0.00198219530284, -0.00418907031417, 0.00251379515976], [0.000552382902242, -0.00155125744641, 0.00219863699749, 0.000173362306668, -2.18922250497e-005, 0.00136527512223, 0.00221182638779, -0.00701549323276, 0.0148057825863, -0.00441173184663, 0.00106590799987, 0.00248509133235, -0.00258375587873], [-0.000484303629491, 0.00340562267229, -0.0036717352923, 0.000641336082481, -0.00179228920024, 0.00158533430658, -0.00094496156089, 0.00299980817363, -0.00441173184663, 0.0180730335414, -0.00626260368153, 0.00215845415369, 0.00301409489475], [0.000415105023421, -0.00231708423235, 0.00328666134737, -0.001725107315, 0.0010796567658, -0.00137938954867, -0.00139967422001, 0.00198219530284, 0.00106590799987, -0.00626260368153, 0.0179466474801, -0.00368436751887, 0.00058382487623], [-7.72884959588e-005, 0.00195206655189, -0.00278046075255, 0.00330269080587, -0.00260233227164, 0.00204132497311, 0.00263867527246, -0.00418907031417, 0.00248509133235, 0.00215845415369, -0.00368436751887, 0.0159463565797, -0.00715757114813], [0.00041616789531, -0.000618878868409, 0.00274846842512, -0.00338084856048, 0.00334936147556, -0.00196298980154, -0.000512377242558, 0.00251379515976, -0.00258375587873, 0.00301409489475, 0.00058382487623, -0.00715757114813, 0.0202419273555]]
    },
    "melbands": {
        "mean": [6.63722821628e-005, 0.00017542912974, 0.000440717616584, 0.000361708865967, 0.000203184798011, 0.000191069295397, 0.000228498363867, 0.000325498433085, 0.000375377392629, 0.000135490336106, 9.07775975065e-005, 0.000100241522887, 0.000109931534098, 8.56499391375e-005, 0.000102679892734, 0.000278123276075, 0.000243697402766, 5.04242707393e-005, 4.49665385531e-005, 4.52618514828e-005, 4.05827740906e-005, 2.92809963867e-005, 2.03332365345e-005, 2.38781685766e-005, 1.69880750036e-005, 1.49707984747e-005, 1.71008596226e-005, 1.43759152706e-005, 1.0952262528e-005, 5.23902235727e-006, 2.87125703835e-006, 1.71299245721e-006, 1.41689406519e-006, 1.22609890241e-006, 1.11666281555e-006, 8.17083900984e-007, 7.72997680087e-007, 7.60583873216e-007, 5.83746725624e-007, 2.24967735107e-007],
        "var": [1.24819639069e-008, 3.61724374898e-008, 2.90317416329e-007, 2.62331383283e-007, 1.05292848218e-007, 1.70520976894e-007, 3.33992630885e-007, 8.183374689e-007, 1.60330876042e-006, 7.98637387334e-008, 7.37411056662e-008, 1.1041731085e-007, 1.5052481217e-007, 2.66902162593e-008, 3.06301259911e-008, 3.8737897512e-007, 3.99361624659e-007, 3.87258713985e-009, 5.30714050484e-009, 9.54444701051e-009, 3.48317152898e-009, 5.04520780709e-009, 8.29477542208e-010, 1.26528953981e-009, 4.76954586937e-010, 1.79541034817e-010, 3.42841255385e-010, 2.62140614771e-010, 2.06367881117e-010, 4.52250875638e-011, 1.1321550468e-011, 3.36431598726e-012, 2.58576948915e-012, 1.86711193381e-012, 2.04343117947e-012, 1.47958652708e-012, 1.31396716424e-012, 1.42484028048e-012, 9.8506077427e-013, 1.12410643673e-013]
    },
    "mfcc": {
        "mean": [-645.235839844, 101.477813721, -31.1606197357, 15.6517305374, -4.49946975708, -0.83632260561, -3.00478816032, -6.33782291412, -6.86539030075, 2.64555335045, -5.56561231613, -0.0741075202823, -4.50978517532],
        "cov": [[8947.74707031, -16.9089508057, -363.77835083, 369.795959473, -89.6149978638, -0.328759759665, 112.149765015, -148.554641724, -118.282440186, 148.925292969, -68.1847610474, -2.65399003029, -61.1162261963], [-16.9089508057, 711.528686523, 133.766357422, 143.751235962, -18.5591163635, -23.0438556671, -14.0908241272, -13.7280216217, -41.3482894897, -13.4741516113, 0.832245528698, -9.89576244354, 25.1191940308], [-363.77835083, 133.766357422, 573.61114502, 152.076339722, 36.1359634399, -55.9109420776, -66.2072219849, -26.9869804382, -7.09726190567, -0.47347894311, -22.2854232788, -10.4797935486, 22.1222476959], [369.795959473, 143.751235962, 152.076339722, 442.492706299, 98.016494751, 6.47373723984, -2.58543872833, -57.4962120056, -8.07151126862, 21.4486713409, -31.7181491852, 9.47455692291, 36.9843406677], [-89.6149978638, -18.5591163635, 36.1359634399, 98.016494751, 147.313934326, 59.7103157043, 20.2887325287, -3.82340240479, 1.9612467289, -0.149312362075, 10.255607605, 9.63357257843, -3.32235050201], [-0.328759759665, -23.0438556671, -55.9109420776, 6.47373723984, 59.7103157043, 152.265808105, 83.8932342529, -14.1532316208, -5.67356491089, 1.07806575298, 18.5576782227, 9.80621242523, -21.6133117676], [112.149765015, -14.0908241272, -66.2072219849, -2.58543872833, 20.2887325287, 83.8932342529, 168.839782715, 20.0240325928, -5.78031301498, 5.4986205101, 29.1955547333, 9.57170009613, -19.4067363739], [-148.554641724, -13.7280216217, -26.9869804382, -57.4962120056, -3.82340240479, -14.1532316208, 20.0240325928, 130.191238403, 38.6322479248, -4.39474964142, -5.30307626724, -3.32943105698, 8.9717502594], [-118.282440186, -41.3482894897, -7.09726190567, -8.07151126862, 1.9612467289, -5.67356491089, -5.78031301498, 38.6322479248, 89.1951446533, 28.9092998505, -5.02764415741, 3.00177097321, 3.95564126968], [148.925292969, -13.4741516113, -0.47347894311, 21.4486713409, -0.149312362075, 1.07806575298, 5.4986205101, -4.39474964142, 28.9092998505, 75.1372833252, 29.274471283, 12.3129377365, -2.24455428123], [-68.1847610474, 0.832245528698, -22.2854232788, -31.7181491852, 10.255607605, 18.5576782227, 29.1955547333, -5.30307626724, -5.02764415741, 29.274471283, 105.150695801, 26.0643424988, -28.7638626099], [-2.65399003029, -9.89576244354, -10.4797935486, 9.47455692291, 9.63357257843, 9.80621242523, 9.57170009613, -3.32943105698, 3.00177097321, 12.3129377365, 26.0643424988, 61.5054244995, 21.7024688721], [-61.1162261963, 25.1191940308, 22.1222476959, 36.9843406677, -3.32235050201, -21.6133117676, -19.4067363739, 8.9717502594, 3.95564126968, -2.24455428123, -28.7638626099, 21.7024688721, 95.4363327026]],
        "icov": [[0.000141694326885, 2.00189824682e-005, 0.000122247016407, -0.000162492870004, 0.000136877468321, 7.26979706087e-005, -9.91822380456e-005, 2.85001769953e-005, 0.000327255867887, -0.000439309340436, 0.000282919878373, -7.85415395512e-005, 0.000197719535208], [2.00189824682e-005, 0.00168157182634, -0.000254316400969, -0.000735754612833, 0.000833137601148, -0.000223498384003, 0.000127561361296, -0.000385755934985, 0.000717332703061, 0.000329333328409, -0.000665829342324, 0.000523542868905, -0.000386825471651], [0.000122247016407, -0.000254316400969, 0.00222211633809, -0.000626922526862, -0.000487773329951, 0.000789546524175, 0.000370379741071, 0.000230353311053, 0.000268580071861, -0.00036328821443, 0.000250102370046, 0.000269228214165, 8.30514691188e-005], [-0.000162492870004, -0.000735754612833, -0.000626922526862, 0.00397280231118, -0.00301792100072, 0.000947777123656, -0.000776772736572, 0.00167844677344, -0.000349756854121, -0.00125109951477, 0.00154391059186, -0.000351646158379, -0.00098045845516], [0.000136877468321, 0.000833137601148, -0.000487773329951, -0.00301792100072, 0.0110013047233, -0.00484200334176, 0.00135716807563, -0.00165039801504, -6.2340630393e-005, 0.00143271754496, -0.00177984056063, -0.000423433899414, 0.000464651646325], [7.26979706087e-005, -0.000223498384003, 0.000789546524175, 0.000947777123656, -0.00484200334176, 0.0120514221489, -0.00545748928562, 0.00268931523897, -0.000411745771999, -0.000148478357005, 0.00118543487042, -0.00115421088412, 0.0013865204528], [-9.91822380456e-005, 0.000127561361296, 0.000370379741071, -0.000776772736572, 0.00135716807563, -0.00545748928562, 0.00946818571538, -0.00286875409074, 0.0012515578419, -2.84899615508e-005, -0.00189001660328, -0.000221637572395, 0.000552609853912], [2.85001769953e-005, -0.000385755934985, 0.000230353311053, 0.00167844677344, -0.00165039801504, 0.00268931523897, -0.00286875409074, 0.0109131308272, -0.00526870973408, 0.00197068206035, 0.000158804978128, 0.000925358210225, -0.00153958122246], [0.000327255867887, 0.000717332703061, 0.000268580071861, -0.000349756854121, -6.2340630393e-005, -0.000411745771999, 0.0012515578419, -0.00526870973408, 0.0172651093453, -0.00856841914356, 0.00342862121761, -0.0011532807257, 0.00112693163101], [-0.000439309340436, 0.000329333328409, -0.00036328821443, -0.00125109951477, 0.00143271754496, -0.000148478357005, -2.84899615508e-005, 0.00197068206035, -0.00856841914356, 0.0208316296339, -0.00727606611326, -0.00013827222574, -0.00129019794986], [0.000282919878373, -0.000665829342324, 0.000250102370046, 0.00154391059186, -0.00177984056063, 0.00118543487042, -0.00189001660328, 0.000158804978128, 0.00342862121761, -0.00727606611326, 0.0164027977735, -0.00763185229152, 0.00587334763259], [-7.85415395512e-005, 0.000523542868905, 0.000269228214165, -0.000351646158379, -0.000423433899414, -0.00115421088412, -0.000221637572395, 0.000925358210225, -0.0011532807257, -0.00013827222574, -0.00763185229152, 0.0229113455862, -0.00798816140741], [0.000197719535208, -0.000386825471651, 8.30514691188e-005, -0.00098045845516, 0.000464651646325, 0.0013865204528, 0.000552609853912, -0.00153958122246, 0.00112693163101, -0.00129019794986, 0.00587334763259, -0.00798816140741, 0.015164270997]]
    },
    "spectral_contrast_coeffs": {
        "mean": [-0.604120314121, -0.758418083191, -0.780257284641, -0.758717656136, -0.777854323387, -0.729445874691],
        "var": [0.00668721692637, 0.00673967273906, 0.00407245988026, 0.00373617443256, 0.00196215021424, 0.00178286060691]
    },
    "spectral_contrast_valleys": {
        "mean": [-8.41908550262, -6.83416986465, -7.32590389252, -7.41533279419, -7.29771471024, -10.5758905411],
        "var": [1.83577382565, 1.68670296669, 1.531504035, 1.61493742466, 1.65654015541, 1.57919955254]
    }
},
"metadata": {
    "audio_properties": {
        "analysis_sample_rate": 44100,
        "bit_rate": 109307,
        "equal_loudness": 0,
        "length": 45.0873451233,
        "lossless": 0,
        "replay_gain": -15.5177116394,
        "sample_rate": 44100,
        "codec": "mp3",
        "downmix": "mix",
        "md5_encoded": "d3ed83237d73140def2ad1211ceed064"
    },
    "tags": {
        "file_name": "115.mp3"
    },
    "version": {
        "essentia": "2.1-beta2",
        "essentia_git_sha": "v2.1_beta2",
        "extractor": "music 1.0"
    }
},
"rhythm": {
    "beats_count": 94,
    "beats_loudness": {
        "mean": 0.024738850072,
        "var": 0.000173337029992
    },
    "bpm": 131.493057251,
    "bpm_histogram_first_peak_bpm": {
        "mean": 133,
        "var": 0
    },
    "bpm_histogram_first_peak_spread": {
        "mean": 0.5,
        "var": 0
    },
    "bpm_histogram_first_peak_weight": {
        "mean": 0.344086021185,
        "var": 0
    },
    "bpm_histogram_second_peak_bpm": {
        "mean": 120,
        "var": 0
    },
    "bpm_histogram_second_peak_spread": {
        "mean": 0.363636374474,
        "var": 0
    },
    "bpm_histogram_second_peak_weight": {
        "mean": 0.0752688199282,
        "var": 0
    },
    "danceability": 1.05354988575,
    "onset_rate": 3.59163856506,
    "beats_loudness_band_ratio": {
        "mean": [0.176725506783, 0.223050892353, 0.23800368607, 0.22977013886, 0.141700282693, 0.065711133182],
        "var": [0.0145459584892, 0.0181275941432, 0.0272320695221, 0.0358451530337, 0.0109212128446, 0.00110509654041]
    },
    "beats_position": [0.487619042397, 0.986848056316, 1.48607707024, 1.97369611263, 2.43809509277, 2.90249419212, 3.36689329147, 3.83129239082, 4.29569149017, 4.76009082794, 5.23609972, 5.71210861206, 6.19972801208, 6.6989569664, 7.19818592072, 7.69741487503, 8.18503379822, 8.66104316711, 9.12544155121, 9.58984088898, 10.0542402267, 10.5186395645, 10.9830379486, 11.4474372864, 11.8886165619, 12.3414058685, 12.7941951752, 13.2469835281, 13.6997728348, 14.1525621414, 14.6053514481, 15.0581407547, 15.5109291077, 15.9637184143, 16.4048976898, 16.8576869965, 17.298866272, 17.7400455475, 18.1928348541, 18.6456241608, 19.0868015289, 19.5279808044, 19.9923801422, 20.45677948, 20.9095687866, 21.3623580933, 21.8151473999, 22.2679367065, 22.7207260132, 23.1735134125, 23.6263027191, 24.0790920258, 24.5318813324, 24.984670639, 25.4374599457, 25.8902492523, 26.343038559, 26.7958278656, 27.2486171722, 27.7014045715, 28.1658039093, 28.6185932159, 29.0713825226, 29.5357818604, 30.0001811981, 30.4529705048, 30.9057598114, 31.3701572418, 31.8345565796, 32.2989578247, 32.7633552551, 33.2277526855, 33.6921539307, 34.1565513611, 34.6209526062, 35.0969619751, 35.572971344, 36.0373687744, 36.5133781433, 36.9893875122, 37.4770050049, 37.976234436, 38.4754638672, 39.0559616089, 39.6248512268, 40.1937408447, 40.7626304626, 41.3547401428, 41.9120178223, 42.4692955017, 43.0033569336, 43.5374145508, 44.071472168, 44.6055335999]
},
"tonal": {
    "chords_changes_rate": 0.0689300447702,
    "chords_number_rate": 0.0123456791043,
    "chords_strength": {
        "mean": 0.56342881918,
        "var": 0.0154083138332
    },
    "hpcp_entropy": {
        "mean": 2.36956334114,
        "var": 0.668089389801
    },
    "key_strength": 0.821706831455,
    "tuning_diatonic_strength": 0.631268382072,
    "tuning_equal_tempered_deviation": 0.0798552781343,
    "tuning_frequency": 440.508636475,
    "tuning_nontempered_energy_ratio": 0.789283871651,
    "hpcp": {
        "mean": [0.164839148521, 0.14126431942, 0.169066250324, 0.223716750741, 0.206739798188, 0.234964802861, 0.278997719288, 0.218435794115, 0.161735191941, 0.144314572215, 0.132798969746, 0.184309631586, 0.241802737117, 0.198294654489, 0.163346350193, 0.186164572835, 0.188151791692, 0.230681210756, 0.258280515671, 0.193228051066, 0.162419721484, 0.19228515029, 0.179416999221, 0.179119810462, 0.192854568362, 0.190243288875, 0.281090855598, 0.373587399721, 0.315223544836, 0.209962278605, 0.15458509326, 0.131762072444, 0.145668014884, 0.162926718593, 0.161779716611, 0.163536816835],
        "var": [0.0439279451966, 0.0340924859047, 0.0374096855521, 0.0585497580469, 0.0520987920463, 0.065503552556, 0.0860097929835, 0.0585052035749, 0.0416984260082, 0.0380845405161, 0.0309883970767, 0.0393462404609, 0.0711900666356, 0.0508898198605, 0.047696441412, 0.0636668726802, 0.053702890873, 0.0625491440296, 0.0816655829549, 0.0524858385324, 0.0494523011148, 0.0625291839242, 0.0516741275787, 0.0565877147019, 0.0671553090215, 0.0624737292528, 0.0818146392703, 0.111380532384, 0.0873123556376, 0.0695955306292, 0.0453553125262, 0.0357046239078, 0.0414507873356, 0.0546891875565, 0.0496812649071, 0.0427942723036]
    },
    "chords_histogram": [39.1975326538, 9.25925922394, 11.728395462, 1.95473253727, 0, 0, 3.70370364189, 0, 2.46913576126, 0, 4.11522626877, 0, 0, 0, 0, 0, 0, 5.04115247726, 5.45267486572, 5.65843629837, 0, 0, 4.32098770142, 7.09876537323],
    "thpcp": [1, 0.843774557114, 0.562016487122, 0.413785606623, 0.352694094181, 0.389916837215, 0.4361140728, 0.433043837547, 0.43774715066, 0.441233158112, 0.378129243851, 0.452548056841, 0.598833739758, 0.553390741348, 0.628942012787, 0.746807098389, 0.584697961807, 0.43292465806, 0.386294007301, 0.355469614267, 0.49335077405, 0.647245407104, 0.53078520298, 0.43723732233, 0.498315989971, 0.503635287285, 0.617475867271, 0.691352307796, 0.517223119736, 0.434756964445, 0.514699220657, 0.480254411697, 0.479458928108, 0.516223430634, 0.50923371315, 0.752409875393],
    "chords_key": "B",
    "chords_scale": "major",
    "key_key": "B",
    "key_scale": "major"
}
}