{
"lowlevel": {
    "average_loudness": 0.241946429014,
    "barkbands_crest": {
        "mean": 12.9240484238,
        "var": 19.5381526947
    },
    "barkbands_flatness_db": {
        "mean": 0.420731663704,
        "var": 0.00184887088835
    },
    "barkbands_kurtosis": {
        "mean": 4.24063539505,
        "var": 72.5316467285
    },
    "barkbands_skewness": {
        "mean": 0.868769049644,
        "var": 1.49884176254
    },
    "barkbands_spread": {
        "mean": 3.79745006561,
        "var": 5.10536623001
    },
    "dissonance": {
        "mean": 0.325383931398,
        "var": 0.0069600767456
    },
    "dynamic_complexity": 5.51523113251,
    "erbbands_crest": {
        "mean": 15.5706748962,
        "var": 46.6961746216
    },
    "erbbands_flatness_db": {
        "mean": 0.430929124355,
        "var": 0.00153166404925
    },
    "erbbands_kurtosis": {
        "mean": 3.02100014687,
        "var": 43.5675048828
    },
    "erbbands_skewness": {
        "mean": 0.432291835546,
        "var": 1.37173128128
    },
    "erbbands_spread": {
        "mean": 8.79180908203,
        "var": 18.1902732849
    },
    "hfc": {
        "mean": 6.54212522507,
        "var": 143.452148438
    },
    "melbands_crest": {
        "mean": 15.0058269501,
        "var": 28.4644737244
    },
    "melbands_flatness_db": {
        "mean": 0.547232508659,
        "var": 0.00330674019642
    },
    "melbands_kurtosis": {
        "mean": 3.86001062393,
        "var": 45.8566398621
    },
    "melbands_skewness": {
        "mean": 1.0141607523,
        "var": 1.25509488583
    },
    "melbands_spread": {
        "mean": 6.41915512085,
        "var": 27.0402393341
    },
    "pitch_salience": {
        "mean": 0.509547591209,
        "var": 0.0156160825863
    },
    "silence_rate_20dB": {
        "mean": 1,
        "var": 0
    },
    "silence_rate_30dB": {
        "mean": 0.986096799374,
        "var": 0.0137099893764
    },
    "silence_rate_60dB": {
        "mean": 0.307929962873,
        "var": 0.213108226657
    },
    "spectral_centroid": {
        "mean": 442.248413086,
        "var": 125432.796875
    },
    "spectral_complexity": {
        "mean": 7.0478887558,
        "var": 8.27420425415
    },
    "spectral_decrease": {
        "mean": -3.61509755464e-009,
        "var": 3.29797836667e-017
    },
    "spectral_energy": {
        "mean": 0.0142375957221,
        "var": 0.000516197877005
    },
    "spectral_energyband_high": {
        "mean": 2.61304535343e-007,
        "var": 5.66915438205e-012
    },
    "spectral_energyband_low": {
        "mean": 0.00108356808778,
        "var": 5.65687287235e-006
    },
    "spectral_energyband_middle_high": {
        "mean": 0.00162203959189,
        "var": 3.18533930113e-005
    },
    "spectral_energyband_middle_low": {
        "mean": 0.0122451987118,
        "var": 0.000409197557019
    },
    "spectral_entropy": {
        "mean": 5.17762327194,
        "var": 0.143931910396
    },
    "spectral_flux": {
        "mean": 0.0241904184222,
        "var": 0.000679359189235
    },
    "spectral_kurtosis": {
        "mean": 202.465026855,
        "var": 8179.41210938
    },
    "spectral_rms": {
        "mean": 0.00304872915149,
        "var": 4.59561078969e-006
    },
    "spectral_rolloff": {
        "mean": 583.868652344,
        "var": 392648.0625
    },
    "spectral_skewness": {
        "mean": 10.4635467529,
        "var": 10.8248691559
    },
    "spectral_spread": {
        "mean": 709207.25,
        "var": 1.91544885248e+012
    },
    "spectral_strongpeak": {
        "mean": 1.04824912548,
        "var": 1.64900946617
    },
    "zerocrossingrate": {
        "mean": 0.0214906614274,
        "var": 0.000298157596262
    },
    "barkbands": {
        "mean": [6.34829484625e-006, 0.000526576885022, 0.000423870631494, 0.000470035825856, 0.0021242951043, 0.00197214260697, 0.00484378961846, 0.00131230580155, 0.000359431753168, 0.00167090562172, 0.00017639224825, 0.000139978990774, 0.000120475837321, 2.35688530665e-005, 3.19734135701e-005, 5.99665054324e-006, 2.01635702979e-005, 5.60074568057e-006, 3.47564673575e-006, 1.63425639244e-007, 7.08824074991e-008, 2.57957353256e-008, 7.8250312896e-009, 6.60962706789e-009, 6.53337250967e-009, 5.69677549578e-009, 1.65682334519e-009],
        "var": [9.95329374476e-011, 3.59568184649e-006, 6.29038993338e-007, 3.06698581198e-007, 6.07448328083e-006, 1.42939061334e-005, 0.000191695115063, 1.08360554805e-005, 3.5974749153e-006, 6.01123647357e-005, 1.43734939684e-006, 1.3150035727e-007, 3.79729783617e-007, 1.0006470319e-008, 2.41107311894e-008, 5.02544117431e-010, 5.41403366583e-009, 5.6032289919e-010, 1.79617334894e-010, 1.49048059051e-012, 2.96498963619e-013, 1.24697114071e-013, 5.4939766522e-014, 5.36110089969e-014, 5.57347442124e-014, 4.89590701693e-014, 2.51902728074e-015]
    },
    "erbbands": {
        "mean": [0.0093462895602, 0.141169890761, 0.430985718966, 1.09677445889, 6.32495260239, 4.22544574738, 13.2924871445, 14.3411026001, 66.622467041, 47.2333221436, 32.2999801636, 13.8246002197, 50.6207122803, 22.7063789368, 7.65962934494, 7.74460744858, 6.60031557083, 1.65401363373, 1.67635214329, 0.887804329395, 0.680508732796, 0.725535809994, 0.427567720413, 0.307666629553, 0.0589113645256, 0.0126242171973, 0.00387431005947, 0.00237745884806, 0.00116635335144, 0.000399607350118, 0.000223020746489, 0.000157934118761, 0.000114447830128, 8.60684449435e-005, 5.17666812812e-005, 2.97430942737e-005, 1.46301590576e-005, 4.15781687479e-006, 6.95825838193e-006, 1.59940500453e-005],
        "var": [0.000770309241489, 0.257471472025, 0.76262897253, 1.43477964401, 65.0169448853, 23.7573490143, 1416.49182129, 684.940551758, 27269.4394531, 42514.78125, 6713.375, 3176.21728516, 68006.5234375, 20429.1738281, 1822.94104004, 365.759155273, 984.014221191, 30.6109714508, 81.4825973511, 10.2231721878, 5.26574802399, 6.34802293777, 2.6935377121, 1.23755121231, 0.0547526851296, 0.00577473454177, 0.000876634730957, 0.000417682342231, 0.000188244332094, 8.08570548543e-005, 4.17571209255e-005, 2.59734260908e-005, 1.38891618917e-005, 7.40709720048e-006, 2.60947376773e-006, 7.48086563362e-007, 1.66163502513e-007, 1.72403691323e-008, 1.48846393544e-010, 6.57853660435e-010]
    },
    "gfcc": {
        "mean": [-276.911712646, 262.763671875, -87.8328018188, -72.6251907349, -32.3027191162, -25.0101280212, -32.3550872803, -13.7966556549, -16.9651603699, -23.1434593201, -2.74421095848, -10.8403606415, -10.8611278534],
        "cov": [[7061.83300781, -241.565948486, -2337.6015625, 1087.11474609, 904.945007324, -1095.72949219, 226.319793701, 567.879760742, 381.910736084, 290.668914795, 466.682617188, 172.298171997, 109.058769226], [-241.565948486, 522.84564209, 474.323059082, -134.145141602, 78.0535507202, 146.932113647, -57.8311195374, -2.44820928574, -5.76275539398, -77.1405029297, 32.8482093811, 24.8584785461, -30.9072437286], [-2337.6015625, 474.323059082, 1373.07922363, -429.096221924, -290.743774414, 512.818603516, -130.186767578, -191.812484741, -78.5172271729, -86.6882858276, -83.2063369751, 5.69224643707, -59.1563415527], [1087.11474609, -134.145141602, -429.096221924, 522.12310791, 271.461486816, -199.896591187, 119.787277222, 157.754974365, 83.9937286377, 104.79221344, 129.647781372, 62.0037765503, 28.0940742493], [904.945007324, 78.0535507202, -290.743774414, 271.461486816, 339.102050781, -117.041389465, 42.78956604, 144.991897583, 76.4485015869, 35.7777442932, 127.129241943, 62.9385070801, 10.2716751099], [-1095.72949219, 146.932113647, 512.818603516, -199.896591187, -117.041389465, 346.461303711, 11.7484197617, -124.303207397, -79.0958099365, -59.1215515137, -98.6698989868, -30.0091171265, -9.80469417572], [226.319793701, -57.8311195374, -130.186767578, 119.787277222, 42.78956604, 11.7484197617, 178.224456787, 65.4965515137, -39.0111312866, -8.46287918091, -19.1374473572, -31.7246646881, 30.4026203156], [567.879760742, -2.44820928574, -191.812484741, 157.754974365, 144.991897583, -124.303207397, 65.4965515137, 183.788162231, 73.0440139771, 24.2995109558, 79.9543380737, 18.0164318085, 8.94498443604], [381.910736084, -5.76275539398, -78.5172271729, 83.9937286377, 76.4485015869, -79.0958099365, -39.0111312866, 73.0440139771, 141.308135986, 102.73500824, 72.3389434814, 26.2875652313, -12.6148262024], [290.668914795, -77.1405029297, -86.6882858276, 104.79221344, 35.7777442932, -59.1215515137, -8.46287918091, 24.2995109558, 102.73500824, 166.224182129, 106.702842712, 29.6419029236, -12.974571228], [466.682617188, 32.8482093811, -83.2063369751, 129.647781372, 127.129241943, -98.6698989868, -19.1374473572, 79.9543380737, 72.3389434814, 106.702842712, 198.713546753, 105.182060242, -13.804725647], [172.298171997, 24.8584785461, 5.69224643707, 62.0037765503, 62.9385070801, -30.0091171265, -31.7246646881, 18.0164318085, 26.2875652313, 29.6419029236, 105.182060242, 128.923416138, 16.9408245087], [109.058769226, -30.9072437286, -59.1563415527, 28.0940742493, 10.2716751099, -9.80469417572, 30.4026203156, 8.94498443604, -12.6148262024, -12.974571228, -13.804725647, 16.9408245087, 64.4608459473]],
        "icov": [[0.000676617841236, -0.00102080358192, 0.00112683209591, -0.00028335704701, 0.000170036393683, 0.000632065581158, -0.000786504882853, 0.000629240996204, -0.00132440100424, 0.000309397204546, -0.000503611285239, -0.000178311936907, -0.000381809542887], [-0.00102080358192, 0.00766515638679, -0.00485354568809, 0.00239877984859, -0.00502423057333, 0.00106951000635, -0.00134555902332, 0.00279672536999, -0.00220668059774, 0.00555802090093, -0.00385949853808, 0.0032312553376, 0.000123623583931], [0.00112683209591, -0.00485354568809, 0.0063123642467, -0.00207950500771, 0.00513420859352, -0.00477821705863, 0.00221827439964, -0.00213565165177, -0.00118372216821, -0.000334996555466, -0.00104466127232, -0.00145642866846, 3.08189919451e-005], [-0.00028335704701, 0.00239877984859, -0.00207950500771, 0.00671668490395, -0.00591271370649, 0.00367564917542, -0.00420196866617, 0.000716350623406, 0.000973116315436, -0.00323550915346, 0.00259120413102, -0.0022979346104, 0.000875548867043], [0.000170036393683, -0.00502423057333, 0.00513420859352, -0.00591271370649, 0.0139196487144, -0.00664695911109, 0.00353418267332, -0.00376433832571, -0.00330977072008, 0.00460858549923, -0.00564074609429, 0.000747960468289, -0.000906280474737], [0.000632065581158, 0.00106951000635, -0.00477821705863, 0.00367564917542, -0.00664695911109, 0.0148182101548, -0.00907810404897, 0.00763367768377, -0.00163488963153, -0.00151653157081, 0.004127393011, -0.00200157589279, 0.0007766209892], [-0.000786504882853, -0.00134555902332, 0.00221827439964, -0.00420196866617, 0.00353418267332, -0.00907810404897, 0.0211932845414, -0.016754379496, 0.0179891232401, -0.0118952859193, 0.00713212834671, 0.000534702674486, -0.00254911952652], [0.000629240996204, 0.00279672536999, -0.00213565165177, 0.000716350623406, -0.00376433832571, 0.00763367768377, -0.016754379496, 0.0295699108392, -0.0261550843716, 0.0233230702579, -0.0189382880926, 0.00960243772715, -0.00343940965831], [-0.00132440100424, -0.00220668059774, -0.00118372216821, 0.000973116315436, -0.00330977072008, -0.00163488963153, 0.0179891232401, -0.0261550843716, 0.0449137985706, -0.0368794761598, 0.0255531538278, -0.0110659189522, 0.00484299845994], [0.000309397204546, 0.00555802090093, -0.000334996555466, -0.00323550915346, 0.00460858549923, -0.00151653157081, -0.0118952859193, 0.0233230702579, -0.0368794761598, 0.045884821564, -0.034561868757, 0.0171519629657, -0.00523789878935], [-0.000503611285239, -0.00385949853808, -0.00104466127232, 0.00259120413102, -0.00564074609429, 0.004127393011, 0.00713212834671, -0.0189382880926, 0.0255531538278, -0.034561868757, 0.0415764041245, -0.0243013352156, 0.0110388658941], [-0.000178311936907, 0.0032312553376, -0.00145642866846, -0.0022979346104, 0.000747960468289, -0.00200157589279, 0.000534702674486, 0.00960243772715, -0.0110659189522, 0.0171519629657, -0.0243013352156, 0.0261204298586, -0.0112746087834], [-0.000381809542887, 0.000123623583931, 3.08189919451e-005, 0.000875548867043, -0.000906280474737, 0.0007766209892, -0.00254911952652, -0.00343940965831, 0.00484299845994, -0.00523789878935, 0.0110388658941, -0.0112746087834, 0.0230279117823]]
    },
    "melbands": {
        "mean": [0.000121516110084, 0.000221995680477, 0.000351811788278, 0.000392892252421, 0.00038072624011, 0.000342307699611, 0.00103702570777, 0.000430089479778, 0.00023316773877, 7.10647582309e-005, 0.000250662036706, 9.02135361684e-005, 2.66095157713e-005, 1.703968519e-005, 1.81327413884e-005, 8.55838061398e-006, 2.75680827144e-006, 2.46905915446e-006, 1.58427371844e-006, 7.60319494475e-007, 9.63546199273e-007, 8.86383304533e-007, 6.33928721072e-007, 2.55740360444e-007, 2.73899559033e-007, 3.82194009774e-008, 1.34080915259e-008, 7.63654384173e-009, 2.15698858774e-009, 2.11275752449e-009, 1.10479347892e-009, 6.54560572411e-010, 3.63306162932e-010, 1.692018331e-010, 1.26781626864e-010, 1.00721972429e-010, 8.61472976288e-011, 7.29997104432e-011, 7.14385842149e-011, 6.28429669414e-011],
        "var": [1.63093019978e-007, 2.84270157636e-007, 1.39593325343e-007, 2.02066019028e-007, 1.10050893909e-006, 4.02689352086e-007, 6.80577932144e-006, 3.41719419339e-006, 3.7230662997e-007, 1.01701289168e-007, 1.68376175225e-006, 3.89314010363e-007, 3.04057365952e-008, 2.184956438e-009, 3.65480645748e-009, 1.69794966975e-009, 1.34249958372e-010, 1.69170927267e-010, 4.79686637633e-011, 8.18984637052e-012, 1.28804926794e-011, 1.152272288e-011, 1.11539145975e-011, 1.9723758217e-012, 1.08887595121e-012, 3.7889257568e-014, 4.3685707314e-015, 3.2777881717e-015, 4.02352640756e-016, 4.01773508448e-016, 1.24928505579e-016, 6.27910553058e-017, 3.69417405728e-017, 2.16691227658e-017, 1.47344673354e-017, 1.02457915937e-017, 9.29168507922e-018, 6.5481821726e-018, 6.39354530658e-018, 4.91762679194e-018]
    },
    "mfcc": {
        "mean": [-875.267944336, 240.691970825, 39.6003723145, -22.1454391479, -12.2732543945, -12.5811548233, -8.32929325104, -4.15204524994, -13.092259407, -15.8703927994, -5.06419420242, 1.27784276009, -2.20657348633],
        "cov": [[3310.08349609, 1134.84277344, -1811.34545898, 258.628112793, 906.926818848, -378.347198486, -351.075805664, 161.898712158, 99.4806594849, 156.859344482, 314.568817139, 121.058944702, 133.286819458], [1134.84277344, 646.501159668, -379.06451416, 33.4516410828, 338.685180664, -39.0928764343, -115.03742981, 69.7832717896, 37.0620613098, 23.1496448517, 113.926925659, 88.0403671265, 46.1424980164], [-1811.34545898, -379.06451416, 1338.86987305, -93.2505950928, -482.772399902, 317.1534729, 239.000564575, -78.1618881226, -57.8588943481, -114.76386261, -150.341751099, 3.12053823471, -50.360748291], [258.628112793, 33.4516410828, -93.2505950928, 219.902770996, 155.357116699, -34.4747047424, 1.59532034397, 34.2950706482, -2.23564362526, 21.283290863, 76.8668746948, 46.1147499084, 55.0626716614], [906.926818848, 338.685180664, -482.772399902, 155.357116699, 428.71887207, -50.1733551025, -127.137969971, 70.0153579712, 30.6903991699, 33.1715812683, 138.939331055, 86.091796875, 67.5788803101], [-378.347198486, -39.0928764343, 317.1534729, -34.4747047424, -50.1733551025, 182.954849243, 103.119636536, -12.8089666367, -2.99779438972, -26.6462802887, -30.1087989807, 22.2306728363, -8.1824092865], [-351.075805664, -115.03742981, 239.000564575, 1.59532034397, -127.137969971, 103.119636536, 195.692184448, 60.2112312317, -9.48819065094, -12.0050487518, -43.9637680054, -38.2782249451, -21.1400852203], [161.898712158, 69.7832717896, -78.1618881226, 34.2950706482, 70.0153579712, -12.8089666367, 60.2112312317, 137.84147644, 50.1307945251, -13.390955925, -4.50784111023, -25.1238918304, -10.4268884659], [99.4806594849, 37.0620613098, -57.8588943481, -2.23564362526, 30.6903991699, -2.99779438972, -9.48819065094, 50.1307945251, 99.0685119629, 52.5853462219, -17.0175647736, -39.2874298096, -31.9118671417], [156.859344482, 23.1496448517, -114.76386261, 21.283290863, 33.1715812683, -26.6462802887, -12.0050487518, -13.390955925, 52.5853462219, 149.265365601, 82.7467498779, -39.1525840759, -43.54454422], [314.568817139, 113.926925659, -150.341751099, 76.8668746948, 138.939331055, -30.1087989807, -43.9637680054, -4.50784111023, -17.0175647736, 82.7467498779, 169.961746216, 71.1949386597, 0.500097453594], [121.058944702, 88.0403671265, 3.12053823471, 46.1147499084, 86.091796875, 22.2306728363, -38.2782249451, -25.1238918304, -39.2874298096, -39.1525840759, 71.1949386597, 148.55090332, 95.1716003418], [133.286819458, 46.1424980164, -50.360748291, 55.0626716614, 67.5788803101, -8.1824092865, -21.1400852203, -10.4268884659, -31.9118671417, -43.54454422, 0.500097453594, 95.1716003418, 160.752685547]],
        "icov": [[0.0289838220924, -0.0399911440909, 0.0406964235008, -0.0403437465429, 0.0381883494556, -0.0367054082453, 0.0334500335157, -0.0283520035446, 0.0222319345921, -0.0165521539748, 0.0102486005053, -0.0056881075725, 0.00191874313168], [-0.0399911440909, 0.0590981952846, -0.0594190992415, 0.0642865225673, -0.0657699257135, 0.0651262253523, -0.0625998228788, 0.055398479104, -0.0463532283902, 0.0349682345986, -0.02306227386, 0.0113568138331, -0.00449674203992], [0.0406964235008, -0.0594190992415, 0.0725547969341, -0.0872194170952, 0.100263699889, -0.115486286581, 0.120343782008, -0.117637075484, 0.103091865778, -0.0820598974824, 0.057703346014, -0.0328243523836, 0.0135761564597], [-0.0403437465429, 0.0642865225673, -0.0872194170952, 0.131776019931, -0.156897887588, 0.192618191242, -0.218214794993, 0.221962571144, -0.20336151123, 0.16777010262, -0.124382987618, 0.0694408416748, -0.0316500216722], [0.0381883494556, -0.0657699257135, 0.100263699889, -0.156897887588, 0.209862202406, -0.260045558214, 0.297729462385, -0.305931836367, 0.273847520351, -0.22323577106, 0.157095715404, -0.0877757519484, 0.0355881862342], [-0.0367054082453, 0.0651262253523, -0.115486286581, 0.192618191242, -0.260045558214, 0.349327147007, -0.401946812868, 0.419168323278, -0.385410010815, 0.317600250244, -0.228727713227, 0.124831475317, -0.0526575967669], [0.0334500335157, -0.0625998228788, 0.120343782008, -0.218214794993, 0.297729462385, -0.401946812868, 0.488007724285, -0.516863822937, 0.482203394175, -0.405205279589, 0.298607051373, -0.167434215546, 0.0718710422516], [-0.0283520035446, 0.055398479104, -0.117637075484, 0.221962571144, -0.305931836367, 0.419168323278, -0.516863822937, 0.570069551468, -0.538088440895, 0.460364669561, -0.34575560689, 0.202137753367, -0.0870372727513], [0.0222319345921, -0.0463532283902, 0.103091865778, -0.20336151123, 0.273847520351, -0.385410010815, 0.482203394175, -0.538088440895, 0.536222398281, -0.460636615753, 0.356401592493, -0.208454877138, 0.0945724695921], [-0.0165521539748, 0.0349682345986, -0.0820598974824, 0.16777010262, -0.22323577106, 0.317600250244, -0.405205279589, 0.460364669561, -0.460636615753, 0.417072683573, -0.327584832907, 0.19945885241, -0.0884369537234], [0.0102486005053, -0.02306227386, 0.057703346014, -0.124382987618, 0.157095715404, -0.228727713227, 0.298607051373, -0.34575560689, 0.356401592493, -0.327584832907, 0.275529235601, -0.171397015452, 0.0805943831801], [-0.0056881075725, 0.0113568138331, -0.0328243523836, 0.0694408416748, -0.0877757519484, 0.124831475317, -0.167434215546, 0.202137753367, -0.208454877138, 0.19945885241, -0.171397015452, 0.124100588262, -0.058557100594], [0.00191874313168, -0.00449674203992, 0.0135761564597, -0.0316500216722, 0.0355881862342, -0.0526575967669, 0.0718710422516, -0.0870372727513, 0.0945724695921, -0.0884369537234, 0.0805943831801, -0.058557100594, 0.0364152491093]]
    },
    "spectral_contrast_coeffs": {
        "mean": [-0.53603041172, -0.650127828121, -0.697984039783, -0.711053669453, -0.741802811623, -0.893924474716],
        "var": [0.00788565538824, 0.00703993905336, 0.00820272043347, 0.00303108943626, 0.00576223013923, 0.00198964960873]
    },
    "spectral_contrast_valleys": {
        "mean": [-8.96734523773, -7.43578147888, -8.82224464417, -10.9518184662, -12.8360652924, -14.839225769],
        "var": [1.7897746563, 1.08453464508, 1.08445572853, 1.2827013731, 1.14190912247, 0.789270162582]
    }
},
"metadata": {
    "audio_properties": {
        "analysis_sample_rate": 44100,
        "bit_rate": 128074,
        "equal_loudness": 0,
        "length": 45.0612258911,
        "lossless": 0,
        "replay_gain": -4.68777656555,
        "sample_rate": 44100,
        "codec": "mp3",
        "downmix": "mix",
        "md5_encoded": "0180714268de6ca6484af063c09efa31"
    },
    "tags": {
        "file_name": "1150.mp3"
    },
    "version": {
        "essentia": "2.1-beta2",
        "essentia_git_sha": "v2.1_beta2",
        "extractor": "music 1.0"
    }
},
"rhythm": {
    "beats_count": 86,
    "beats_loudness": {
        "mean": 0.0203662794083,
        "var": 0.000993470894173
    },
    "bpm": 123.002288818,
    "bpm_histogram_first_peak_bpm": {
        "mean": 123,
        "var": 0
    },
    "bpm_histogram_first_peak_spread": {
        "mean": 0.527777791023,
        "var": 0
    },
    "bpm_histogram_first_peak_weight": {
        "mean": 0.20000000298,
        "var": 0
    },
    "bpm_histogram_second_peak_bpm": {
        "mean": 117,
        "var": 0
    },
    "bpm_histogram_second_peak_spread": {
        "mean": 0.363636374474,
        "var": 0
    },
    "bpm_histogram_second_peak_weight": {
        "mean": 0.164705887437,
        "var": 0
    },
    "danceability": 0.929470300674,
    "onset_rate": 1.46401381493,
    "beats_loudness_band_ratio": {
        "mean": [0.333938717842, 0.426345348358, 0.393813878298, 0.084016032517, 0.00700249010697, 0.000179032052984],
        "var": [0.0474336706102, 0.040833465755, 0.0531718879938, 0.0178975667804, 0.00154142302927, 2.9710284366e-007]
    },
    "beats_position": [0.545668900013, 1.05650794506, 1.5673469305, 2.06657600403, 2.55419492722, 3.03020405769, 3.49460315704, 3.97061228752, 4.446621418, 5.02712011337, 5.59600877762, 6.1648979187, 6.74539661407, 7.31428575516, 7.87156438828, 8.42884349823, 8.98612213135, 9.54340076447, 10.1006803513, 10.6115188599, 11.1223583221, 11.6331968307, 12.144036293, 12.6548748016, 13.177324295, 13.6997728348, 14.2338323593, 14.7678909302, 15.3251695633, 15.8824491501, 16.4165077209, 16.9273471832, 17.4497947693, 17.9141941071, 18.3785934448, 18.8546028137, 19.3422222137, 19.8298416138, 20.3174591064, 20.8166885376, 21.3275279999, 21.826757431, 22.3143768311, 22.8019943237, 23.2780036926, 23.7888431549, 24.2764625549, 24.7524719238, 25.2400894165, 25.7393188477, 26.2385482788, 26.7261676788, 27.2137870789, 27.7362346649, 28.2702941895, 28.7811336517, 29.2803630829, 29.7679805756, 30.2555999756, 30.7316093445, 31.2192287445, 31.7068481445, 32.2060775757, 32.7053070068, 33.2161445618, 33.7037620544, 34.1797714233, 34.6673927307, 35.1666221619, 35.6774597168, 36.1766891479, 36.6643066406, 37.1403160095, 37.6627655029, 38.1736030579, 38.6960525513, 39.2185020447, 39.7409515381, 40.309841156, 40.8903388977, 41.4708366394, 42.0629463196, 42.6550559998, 43.2587738037, 43.8392753601, 44.4197731018]
},
"tonal": {
    "chords_changes_rate": 0.0236625522375,
    "chords_number_rate": 0.00514403311536,
    "chords_strength": {
        "mean": 0.501116454601,
        "var": 0.00612218584865
    },
    "hpcp_entropy": {
        "mean": 1.23627173901,
        "var": 0.354336619377
    },
    "key_strength": 0.773739755154,
    "tuning_diatonic_strength": 0.613436460495,
    "tuning_equal_tempered_deviation": 0.0496318601072,
    "tuning_frequency": 440.254241943,
    "tuning_nontempered_energy_ratio": 0.601274907589,
    "hpcp": {
        "mean": [0.215877905488, 0.0979507043958, 0.00373449083418, 0.00139569956809, 0.0111238369718, 0.136538416147, 0.214062422514, 0.0932565331459, 0.0466915033758, 0.0700788572431, 0.033070884645, 0.0153416870162, 0.0160666126758, 0.0207674354315, 0.19290073216, 0.292330682278, 0.120688207448, 0.00868495367467, 0.00390355777927, 0.00729762995616, 0.0760125517845, 0.121295809746, 0.0547263361514, 0.0053126970306, 0.00321560213342, 0.00364195066504, 0.0188257917762, 0.0288320649415, 0.0563118159771, 0.474105864763, 0.673081696033, 0.251403838396, 0.0139901209623, 0.00764284655452, 0.0174567494541, 0.135862529278],
        "var": [0.117022447288, 0.0301556047052, 0.000425606616773, 4.77639587189e-005, 0.000954990042374, 0.0506661944091, 0.118541531265, 0.0242345388979, 0.0188362114131, 0.0471116416156, 0.00927893724293, 0.00228274753317, 0.00228511891328, 0.00192642468028, 0.0541945062578, 0.116494625807, 0.0211182795465, 0.00133098883089, 0.000152919514221, 0.000367015541997, 0.0258256047964, 0.0657828003168, 0.0153125775978, 0.000150206193211, 8.61423031893e-005, 0.000258741492871, 0.00708298711106, 0.0147571451962, 0.0105121685192, 0.0857757776976, 0.152093872428, 0.0288502648473, 0.00502469297498, 0.00275709177367, 0.00356144993566, 0.0486714877188]
    },
    "chords_histogram": [73.148147583, 0, 1.54320991039, 0, 0.411522626877, 0, 0, 0, 0, 0, 0, 0, 0, 0, 0, 0, 0, 6.58436203003, 0, 0, 0, 0, 6.89300394058, 11.4197530746],
    "thpcp": [1, 0.373511612415, 0.0207851752639, 0.011355006136, 0.0259355586022, 0.201851472259, 0.320730626583, 0.145525723696, 0.00554834725335, 0.00207359599881, 0.0165267270058, 0.202855631709, 0.318033337593, 0.138551577926, 0.0693697407842, 0.104116417468, 0.0491335391998, 0.0227932017297, 0.0238702259958, 0.0308542568237, 0.286593347788, 0.434316784143, 0.179306924343, 0.012903268449, 0.00579953053966, 0.0108421165496, 0.112932130694, 0.180209636688, 0.0813071206212, 0.00789309386164, 0.0047774319537, 0.00541085982695, 0.0279695503414, 0.042835906148, 0.083662673831, 0.704380869865],
    "chords_key": "G",
    "chords_scale": "major",
    "key_key": "G",
    "key_scale": "major"
}
}