{
"lowlevel": {
    "average_loudness": 0.977715969086,
    "barkbands_crest": {
        "mean": 7.88754558563,
        "var": 9.64729404449
    },
    "barkbands_flatness_db": {
        "mean": 0.123447343707,
        "var": 0.00072483078111
    },
    "barkbands_kurtosis": {
        "mean": 0.0341992974281,
        "var": 2.52591228485
    },
    "barkbands_skewness": {
        "mean": 0.979579865932,
        "var": 0.325331807137
    },
    "barkbands_spread": {
        "mean": 27.125541687,
        "var": 30.8327922821
    },
    "dissonance": {
        "mean": 0.477917701006,
        "var": 0.000130304368213
    },
    "dynamic_complexity": 0.807964205742,
    "erbbands_crest": {
        "mean": 6.74380970001,
        "var": 4.16050720215
    },
    "erbbands_flatness_db": {
        "mean": 0.17434220016,
        "var": 0.000311204610625
    },
    "erbbands_kurtosis": {
        "mean": -0.228534221649,
        "var": 0.550467252731
    },
    "erbbands_skewness": {
        "mean": -0.524446547031,
        "var": 0.100973576307
    },
    "erbbands_spread": {
        "mean": 35.9469604492,
        "var": 55.3239173889
    },
    "hfc": {
        "mean": 27.8967952728,
        "var": 125.523262024
    },
    "melbands_crest": {
        "mean": 14.7095708847,
        "var": 21.4139575958
    },
    "melbands_flatness_db": {
        "mean": 0.184218898416,
        "var": 0.00124816177413
    },
    "melbands_kurtosis": {
        "mean": 5.15055561066,
        "var": 25.1162223816
    },
    "melbands_skewness": {
        "mean": 2.17933797836,
        "var": 0.638065993786
    },
    "melbands_spread": {
        "mean": 30.0963859558,
        "var": 114.422142029
    },
    "pitch_salience": {
        "mean": 0.557135999203,
        "var": 0.00620231311768
    },
    "silence_rate_20dB": {
        "mean": 1,
        "var": 0
    },
    "silence_rate_30dB": {
        "mean": 1,
        "var": 0
    },
    "silence_rate_60dB": {
        "mean": 0.00154479919001,
        "var": 0.00154241069686
    },
    "spectral_centroid": {
        "mean": 1593.14050293,
        "var": 95425.578125
    },
    "spectral_complexity": {
        "mean": 30.8707523346,
        "var": 39.3936767578
    },
    "spectral_decrease": {
        "mean": -8.37682900823e-009,
        "var": 8.53221250853e-018
    },
    "spectral_energy": {
        "mean": 0.0341464206576,
        "var": 0.000137277063914
    },
    "spectral_energyband_high": {
        "mean": 0.000588540395256,
        "var": 9.18474043488e-008
    },
    "spectral_energyband_low": {
        "mean": 0.0108743524179,
        "var": 5.74923506065e-005
    },
    "spectral_energyband_middle_high": {
        "mean": 0.00992752052844,
        "var": 2.0533476345e-005
    },
    "spectral_energyband_middle_low": {
        "mean": 0.0142101412639,
        "var": 4.54022738268e-005
    },
    "spectral_entropy": {
        "mean": 7.5381064415,
        "var": 0.00940269511193
    },
    "spectral_flux": {
        "mean": 0.0850656032562,
        "var": 0.000504132302012
    },
    "spectral_kurtosis": {
        "mean": 4.21406650543,
        "var": 3.33757853508
    },
    "spectral_rms": {
        "mean": 0.00567859597504,
        "var": 1.06713343939e-006
    },
    "spectral_rolloff": {
        "mean": 1820.1328125,
        "var": 472161.65625
    },
    "spectral_skewness": {
        "mean": 1.06836009026,
        "var": 0.0468301735818
    },
    "spectral_spread": {
        "mean": 2806026.25,
        "var": 1.35193100288e+012
    },
    "spectral_strongpeak": {
        "mean": 0.727431178093,
        "var": 0.333765029907
    },
    "zerocrossingrate": {
        "mean": 0.0573365874588,
        "var": 0.000270044110948
    },
    "barkbands": {
        "mean": [3.66645908798e-005, 0.00137429311872, 0.00811447482556, 0.00284376111813, 0.00425377907231, 0.0040373201482, 0.00128892250359, 0.000930190552026, 0.000682677899022, 0.000660226622131, 0.000461452640593, 0.00123548519332, 0.000999027513899, 0.000753916741814, 0.00118762569036, 0.00150579097681, 0.00168663065415, 0.000532364705577, 0.000819451524876, 0.000327399291564, 0.000235270897974, 9.0625428129e-005, 5.78741419304e-005, 1.34981537485e-005, 1.32740033223e-005, 4.39449831902e-006, 8.06188680258e-008],
        "var": [2.33659536164e-009, 1.30750117933e-006, 4.01579636673e-005, 7.18978753866e-006, 9.10737435333e-006, 1.05830531538e-005, 1.37130086841e-006, 7.45736656427e-007, 4.6468568371e-007, 4.50108871064e-007, 2.20602572654e-007, 1.73168257334e-006, 1.1923244756e-006, 6.79338995724e-007, 1.34125582463e-006, 1.36900212055e-006, 1.80598044608e-006, 1.34369145144e-007, 2.96048597193e-007, 5.11240223489e-008, 2.82365206772e-008, 4.51259474232e-009, 2.5506603496e-009, 1.61918811692e-010, 1.159866439e-010, 2.81979994909e-011, 1.55636832225e-014]
    },
    "erbbands": {
        "mean": [0.00947309471667, 0.586454451084, 8.08253192902, 9.17425823212, 11.1234130859, 10.0003862381, 51.8942985535, 13.980556488, 18.2060565948, 14.3196144104, 22.3902320862, 19.7792472839, 14.2949419022, 20.4352855682, 26.8456516266, 65.5411834717, 51.615852356, 45.3151741028, 70.9872589111, 51.3628921509, 89.7694091797, 76.870880127, 32.3232307434, 46.3497772217, 30.9557113647, 17.6513462067, 12.3562192917, 6.34138202667, 3.09527516365, 2.39561343193, 1.9344419241, 0.317087799311, 0.167051419616, 0.139633506536, 0.132134646177, 0.0274718403816, 0.00849581416696, 0.000709244515747, 3.57390745194e-005, 4.17487681261e-005],
        "var": [4.71239218314e-005, 0.219226703048, 39.0676803589, 42.8648414612, 97.6715545654, 52.3158226013, 2268.51025391, 76.0735473633, 302.812744141, 108.691116333, 467.193664551, 359.780212402, 206.489364624, 501.647277832, 564.928161621, 4555.77929688, 2683.48681641, 1856.40551758, 4679.90966797, 1163.19921875, 4059.09179688, 3207.05834961, 425.557861328, 1181.98925781, 584.921691895, 174.64151001, 79.6528396606, 14.271150589, 5.45088577271, 7.20820999146, 5.0777797699, 0.0547524802387, 0.0376568995416, 0.0145705258474, 0.016931463033, 0.00125499162823, 0.00027213388239, 9.050751828e-007, 4.93381779876e-010, 1.99672736678e-010]
    },
    "gfcc": {
        "mean": [28.9878463745, 115.991500854, -153.2787323, 44.5199623108, -44.7965812683, -1.38386750221, -41.7345809937, -4.99171447754, -29.5923881531, -2.66352963448, -19.5858974457, -4.39759635925, -13.7955713272],
        "cov": [[1862.88452148, -249.010437012, -13.3441305161, -26.5698814392, -114.78678894, 125.613090515, -155.152786255, 79.6555480957, -75.2881317139, 19.8290615082, -78.9937438965, 30.8694286346, -81.9664764404], [-249.010437012, 279.008911133, -8.64139652252, 54.3534851074, 84.5970916748, -53.6991157532, 104.466262817, -43.3294715881, 41.6599197388, -14.8961839676, 41.0256996155, -33.6618537903, 32.1049232483], [-13.3441305161, -8.64139652252, 144.151550293, 11.1705236435, 33.8941764832, 48.9149246216, 22.3464756012, 35.2389259338, 0.801308989525, 6.4254617691, -39.0014152527, 4.67905235291, -30.7467727661], [-26.5698814392, 54.3534851074, 11.1705236435, 77.4018630981, 46.2974281311, -9.09854412079, 22.9644889832, -1.4454716444, 23.4963340759, -6.72124385834, 11.7769536972, -16.6868782043, 12.2524757385], [-114.78678894, 84.5970916748, 33.8941764832, 46.2974281311, 121.916030884, -7.45534706116, 50.5963630676, -14.9987382889, 6.60959386826, 10.7066497803, -6.15982341766, -1.16450810432, -1.19798099995], [125.613090515, -53.6991157532, 48.9149246216, -9.09854412079, -7.45534706116, 121.086364746, 20.7180709839, 43.5024032593, -6.21203613281, -13.9904022217, -21.2094554901, -17.6345710754, -22.1195030212], [-155.152786255, 104.466262817, 22.3464756012, 22.9644889832, 50.5963630676, 20.7180709839, 98.1557693481, 7.92116165161, 20.090045929, -14.9854183197, 6.13155460358, -20.0587902069, 1.36845803261], [79.6555480957, -43.3294715881, 35.2389259338, -1.4454716444, -14.9987382889, 43.5024032593, 7.92116165161, 67.0447235107, 14.8593940735, 1.69063484669, -17.7658557892, -13.8848714828, -17.0309829712], [-75.2881317139, 41.6599197388, 0.801308989525, 23.4963340759, 6.60959386826, -6.21203613281, 20.090045929, 14.8593940735, 56.616065979, 2.35655045509, 18.4891414642, -21.9745082855, 5.10309410095], [19.8290615082, -14.8961839676, 6.4254617691, -6.72124385834, 10.7066497803, -13.9904022217, -14.9854183197, 1.69063484669, 2.35655045509, 45.7914085388, 4.0735373497, 10.92786026, -8.60414981842], [-78.9937438965, 41.0256996155, -39.0014152527, 11.7769536972, -6.15982341766, -21.2094554901, 6.13155460358, -17.7658557892, 18.4891414642, 4.0735373497, 73.3322067261, 2.83811283112, 18.6993255615], [30.8694286346, -33.6618537903, 4.67905235291, -16.6868782043, -1.16450810432, -17.6345710754, -20.0587902069, -13.8848714828, -21.9745082855, 10.92786026, 2.83811283112, 54.8671302795, 2.63452339172], [-81.9664764404, 32.1049232483, -30.7467727661, 12.2524757385, -1.19798099995, -22.1195030212, 1.36845803261, -17.0309829712, 5.10309410095, -8.60414981842, 18.6993255615, 2.63452339172, 49.2437858582]],
        "icov": [[0.000956281262916, -0.00103094056249, 0.0012034997344, -0.00148775451817, 0.000789193436503, -0.00164312880952, 0.0020613418892, -0.00126674026251, 0.00093819812173, -0.000585008354392, 0.00102643319406, -0.00144445383921, 0.00165929284412], [-0.00103094056249, 0.013632375747, -0.00362746138126, 0.00200260430574, -0.00342127308249, 0.00748783815652, -0.0132696116343, 0.00784947257489, -0.00335946446285, 0.00180632912088, -0.00436049839482, 0.00809733290225, -0.0051168971695], [0.0012034997344, -0.00362746138126, 0.0139805218205, -0.00470638554543, -0.000256754952716, -0.00647341134027, 0.00311353616416, -0.00549382064492, -0.000214493848034, -0.00241671968251, 0.00679579982534, -0.00814800430089, 0.00682308757678], [-0.00148775451817, 0.00200260430574, -0.00470638554543, 0.025728315115, -0.0117258001119, 0.00489285914227, 0.000284851790639, -0.000292303855531, -0.00665121851489, 0.00764038879424, -0.0062044840306, 0.00813515204936, -0.00737353181466], [0.000789193436503, -0.00342127308249, -0.000256754952716, -0.0117258001119, 0.0195554830134, -0.00249746255577, -0.0056785447523, 0.00444556912407, 0.00294461706653, -0.00940553937107, 0.00609733210877, -0.0048494101502, 0.00334615027532], [-0.00164312880952, 0.00748783815652, -0.00647341134027, 0.00489285914227, -0.00249746255577, 0.0195612721145, -0.0101945195347, -0.00244754669257, 0.0025177304633, 0.00561575358734, -0.00515150325373, 0.00972532853484, -0.00255717802793], [0.0020613418892, -0.0132696116343, 0.00311353616416, 0.000284851790639, -0.0056785447523, -0.0101945195347, 0.0324001573026, -0.0107289049774, 0.000158091730555, 0.00578521797433, 0.000946543063037, -0.0051506110467, 0.00553773669526], [-0.00126674026251, 0.00784947257489, -0.00549382064492, -0.000292303855531, 0.00444556912407, -0.00244754669257, -0.0107289049774, 0.0325234644115, -0.0112713035196, -0.00387709448114, 0.00288772932254, 0.00567758781835, -0.00093806523364], [0.00093819812173, -0.00335946446285, -0.000214493848034, -0.00665121851489, 0.00294461706653, 0.0025177304633, 0.000158091730555, -0.0112713035196, 0.0320936962962, -0.00474873324856, -0.00613236287609, 0.00758398743346, 0.000340159982443], [-0.000585008354392, 0.00180632912088, -0.00241671968251, 0.00764038879424, -0.00940553937107, 0.00561575358734, 0.00578521797433, -0.00387709448114, -0.00474873324856, 0.0319276973605, -0.00621656840667, -0.0014125071466, 0.00373753067106], [0.00102643319406, -0.00436049839482, 0.00679579982534, -0.0062044840306, 0.00609733210877, -0.00515150325373, 0.000946543063037, 0.00288772932254, -0.00613236287609, -0.00621656840667, 0.0236118678004, -0.00861708447337, 0.000189238344319], [-0.00144445383921, 0.00809733290225, -0.00814800430089, 0.00813515204936, -0.0048494101502, 0.00972532853484, -0.0051506110467, 0.00567758781835, 0.00758398743346, -0.0014125071466, -0.00861708447337, 0.0339012183249, -0.00801204703748], [0.00165929284412, -0.0051168971695, 0.00682308757678, -0.00737353181466, 0.00334615027532, -0.00255717802793, 0.00553773669526, -0.00093806523364, 0.000340159982443, 0.00373753067106, 0.000189238344319, -0.00801204703748, 0.031928870827]]
    },
    "melbands": {
        "mean": [0.000203034549486, 0.00297617260367, 0.0017606933834, 0.000663277285639, 0.0014540287666, 0.000399621931138, 0.000282266206341, 0.000153349043103, 0.000175051653059, 0.000115901049867, 6.90410088282e-005, 8.3619284851e-005, 6.48573623039e-005, 0.000152707099915, 0.000125803358969, 9.32715556701e-005, 8.53754827403e-005, 0.000106746767415, 6.04131091677e-005, 0.000107737272629, 0.000107204527012, 9.3706890766e-005, 4.02808000217e-005, 2.63446163444e-005, 3.88484913856e-005, 2.74176873063e-005, 1.23889567476e-005, 1.14298545668e-005, 8.25864935905e-006, 5.76392312723e-006, 3.09407914756e-006, 1.95717097995e-006, 1.16684873319e-006, 1.2079786984e-006, 1.53504527134e-006, 2.25594249059e-007, 1.30473651438e-007, 8.30618986924e-008, 1.73274926851e-007, 1.10891484439e-007],
        "var": [2.66497650614e-008, 5.32441526957e-006, 1.32549405407e-006, 3.11324441782e-007, 1.73185344465e-006, 7.36382546052e-008, 7.0485683068e-008, 1.22739738373e-008, 2.75470153355e-008, 1.51032910622e-008, 5.06398745159e-009, 9.5868761818e-009, 4.03759736756e-009, 2.13678159611e-008, 1.22760743793e-008, 1.30595765313e-008, 9.51574108399e-009, 1.00611279308e-008, 2.5595685571e-009, 8.09218825282e-009, 6.67121069498e-009, 5.48826761815e-009, 1.04124797673e-009, 3.32457866792e-010, 9.82014913831e-010, 5.61167057267e-010, 7.21760012867e-011, 8.10257694273e-011, 4.89203712262e-011, 1.81017666134e-011, 5.09459661957e-012, 3.25272447865e-012, 1.40996415932e-012, 2.28419843804e-012, 3.91040715433e-012, 4.26230909291e-014, 1.45045278143e-014, 1.04758417585e-014, 1.07679246379e-013, 2.01060871375e-014]
    },
    "mfcc": {
        "mean": [-603.587890625, 140.898254395, -43.3088951111, 45.6857261658, 3.27465200424, 10.5005884171, -6.8202047348, -1.91054594517, -6.7579407692, -5.6879491806, -7.42286348343, -1.58167302608, 0.674352228642],
        "cov": [[1209.13708496, -206.502975464, 50.3949584961, -124.738746643, 46.6597709656, -39.1096229553, -35.4778518677, 3.28744101524, -18.6934509277, -11.3522262573, 23.0035114288, -50.5424995422, 7.12967967987], [-206.502975464, 231.818862915, -29.6892089844, 83.2896728516, -18.0130252838, 44.1488189697, 36.0620574951, 12.5231428146, 14.6589889526, 20.0118942261, -2.7775118351, 22.1913490295, -12.1635656357], [50.3949584961, -29.6892089844, 111.149673462, -22.7832183838, 16.3384952545, 4.40357732773, 11.0839443207, 31.7601566315, 22.6897640228, 15.5742101669, 23.0502529144, -18.0607700348, 7.05225563049], [-124.738746643, 83.2896728516, -22.7832183838, 123.06804657, 25.3048820496, 13.7998189926, 4.6706237793, -9.26525688171, 12.7192573547, 2.87855100632, -10.1901168823, 22.5725269318, -0.774455845356], [46.6597709656, -18.0130252838, 16.3384952545, 25.3048820496, 69.9096984863, 15.6551055908, 9.11580657959, -2.31524682045, 15.5773210526, 6.57853317261, 8.37595176697, 0.280885845423, 4.18009853363], [-39.1096229553, 44.1488189697, 4.40357732773, 13.7998189926, 15.6551055908, 68.6249160767, 32.3649024963, 21.3215370178, 9.16439628601, 8.7956199646, 6.47621631622, -6.33546924591, -12.8814210892], [-35.4778518677, 36.0620574951, 11.0839443207, 4.6706237793, 9.11580657959, 32.3649024963, 68.6750411987, 30.4486370087, 19.7135639191, 12.5021018982, 9.76037597656, 3.36613631248, 0.266015052795], [3.28744101524, 12.5231428146, 31.7601566315, -9.26525688171, -2.31524682045, 21.3215370178, 30.4486370087, 70.1605072021, 24.1639785767, 20.1735954285, 6.76598119736, -6.10175180435, -8.90694522858], [-18.6934509277, 14.6589889526, 22.6897640228, 12.7192573547, 15.5773210526, 9.16439628601, 19.7135639191, 24.1639785767, 65.1838989258, 27.5819721222, 10.898651123, -7.20130872726, -1.60280966759], [-11.3522262573, 20.0118942261, 15.5742101669, 2.87855100632, 6.57853317261, 8.7956199646, 12.5021018982, 20.1735954285, 27.5819721222, 65.0751037598, 14.7077770233, -2.48867964745, -12.2730312347], [23.0035114288, -2.7775118351, 23.0502529144, -10.1901168823, 8.37595176697, 6.47621631622, 9.76037597656, 6.76598119736, 10.898651123, 14.7077770233, 52.4009208679, 1.89445304871, 5.65373468399], [-50.5424995422, 22.1913490295, -18.0607700348, 22.5725269318, 0.280885845423, -6.33546924591, 3.36613631248, -6.10175180435, -7.20130872726, -2.48867964745, 1.89445304871, 65.296661377, 14.5217838287], [7.12967967987, -12.1635656357, 7.05225563049, -0.774455845356, 4.18009853363, -12.8814210892, 0.266015052795, -8.90694522858, -1.60280966759, -12.2730312347, 5.65373468399, 14.5217838287, 49.2322425842]],
        "icov": [[0.00107850832865, 0.000392714864574, 8.98216894711e-005, 0.000826509902254, -0.00115349609405, 0.000458847993286, 0.000312411808409, -0.000445489829872, 0.000388913496863, 6.85388586135e-005, -0.000322131585563, 0.000487129291287, -2.61615468844e-007], [0.000392714864574, 0.00862097833306, 0.000697355018929, -0.00560094229877, 0.00540319876745, -0.00416551250964, -0.00251831952482, 0.000597131904215, -0.000346388493199, -0.00191651447676, -0.000456715788459, -0.000900431652553, 0.000287059607217], [8.98216894711e-005, 0.000697355018929, 0.0132745970041, 0.00134529557545, -0.00298421899788, 0.000905821216293, 0.000911403389182, -0.00580783188343, -0.00136038078927, -0.000589851522818, -0.00398206245154, 0.00314910989255, -0.00294926273637], [0.000826509902254, -0.00560094229877, 0.00134529557545, 0.0155108775944, -0.00837471801788, 0.00105719850399, 0.00264071975835, 0.000703016703483, -0.00247186422348, 0.00126534514129, 0.00260598864406, -0.00276750116609, 0.000400403194362], [-0.00115349609405, 0.00540319876745, -0.00298421899788, -0.00837471801788, 0.023628372699, -0.00752452947199, -0.00266244099475, 0.00520685268566, -0.00384463067167, -0.00166507333051, -0.00109856843483, -0.00102675787639, -0.0013320670696], [0.000458847993286, -0.00416551250964, 0.000905821216293, 0.00105719850399, -0.00752452947199, 0.0247041620314, -0.00750093720853, -0.00440171547234, 0.00295354588889, 0.00162726221606, -0.00222192914225, 0.00342654413544, 0.00488434685394], [0.000312411808409, -0.00251831952482, 0.000911403389182, 0.00264071975835, -0.00266244099475, -0.00750093720853, 0.02398949489, -0.00728347664699, -0.00327607127838, 0.000439730618382, -0.00135971314739, -0.00177751807496, -0.00325688859448], [-0.000445489829872, 0.000597131904215, -0.00580783188343, 0.000703016703483, 0.00520685268566, -0.00440171547234, -0.00728347664699, 0.0241380222142, -0.00508892070502, -0.00276156305335, 0.00241593271494, -0.00167024263646, 0.00322871375829], [0.000388913496863, -0.000346388493199, -0.00136038078927, -0.00247186422348, -0.00384463067167, 0.00295354588889, -0.00327607127838, -0.00508892070502, 0.0234148520976, -0.00697507988662, -0.00141735223588, 0.00362290558405, -0.00167204928584], [6.85388586135e-005, -0.00191651447676, -0.000589851522818, 0.00126534514129, -0.00166507333051, 0.00162726221606, 0.000439730618382, -0.00276156305335, -0.00697507988662, 0.021793846041, -0.00453200144693, -0.00109449785668, 0.00573527859524], [-0.000322131585563, -0.000456715788459, -0.00398206245154, 0.00260598864406, -0.00109856843483, -0.00222192914225, -0.00135971314739, 0.00241593271494, -0.00141735223588, -0.00453200144693, 0.0237957239151, -0.00243272609077, -0.00268944445997], [0.000487129291287, -0.000900431652553, 0.00314910989255, -0.00276750116609, -0.00102675787639, 0.00342654413544, -0.00177751807496, -0.00167024263646, 0.00362290558405, -0.00109449785668, -0.00243272609077, 0.0198203623295, -0.00581832928583], [-2.61615468844e-007, 0.000287059607217, -0.00294926273637, 0.000400403194362, -0.0013320670696, 0.00488434685394, -0.00325688859448, 0.00322871375829, -0.00167204928584, 0.00573527859524, -0.00268944445997, -0.00581832928583, 0.0262047704309]]
    },
    "spectral_contrast_coeffs": {
        "mean": [-0.553829729557, -0.71807795763, -0.758448243141, -0.739487469196, -0.769387722015, -0.624445021152],
        "var": [0.00288824411109, 0.00289636733942, 0.00218362081796, 0.00147398561239, 0.000652526854537, 0.000748629623558]
    },
    "spectral_contrast_valleys": {
        "mean": [-7.2867102623, -6.33963346481, -6.93762922287, -7.01356267929, -6.72340393066, -11.5997924805],
        "var": [0.418679118156, 0.337956339121, 0.341303378344, 0.315486222506, 0.32914313674, 0.292445540428]
    }
},
"metadata": {
    "audio_properties": {
        "analysis_sample_rate": 44100,
        "bit_rate": 128074,
        "equal_loudness": 0,
        "length": 45.0612258911,
        "lossless": 0,
        "replay_gain": -4.82642364502,
        "sample_rate": 44100,
        "codec": "mp3",
        "downmix": "mix",
        "md5_encoded": "69d1e897fa68cc9967b09906ec7bbb30"
    },
    "tags": {
        "file_name": "1151.mp3"
    },
    "version": {
        "essentia": "2.1-beta2",
        "essentia_git_sha": "v2.1_beta2",
        "extractor": "music 1.0"
    }
},
"rhythm": {
    "beats_count": 89,
    "beats_loudness": {
        "mean": 0.0382463298738,
        "var": 7.79775946285e-005
    },
    "bpm": 119.936149597,
    "bpm_histogram_first_peak_bpm": {
        "mean": 120,
        "var": 0
    },
    "bpm_histogram_first_peak_spread": {
        "mean": 0.313253045082,
        "var": 0
    },
    "bpm_histogram_first_peak_weight": {
        "mean": 0.647727251053,
        "var": 0
    },
    "bpm_histogram_second_peak_bpm": {
        "mean": 110,
        "var": 0
    },
    "bpm_histogram_second_peak_spread": {
        "mean": 0.333333343267,
        "var": 0
    },
    "bpm_histogram_second_peak_weight": {
        "mean": 0.0227272734046,
        "var": 0
    },
    "danceability": 1.30416488647,
    "onset_rate": 3.63785243034,
    "beats_loudness_band_ratio": {
        "mean": [0.32235878706, 0.220993384719, 0.104893542826, 0.112711660564, 0.223155453801, 0.048370692879],
        "var": [0.014377954416, 0.0122147304937, 0.00306598213501, 0.00351558672264, 0.00605122698471, 0.000218605040573]
    },
    "beats_position": [0.522448956966, 1.06811785698, 1.6137868166, 2.17106580734, 2.69351458549, 3.19274377823, 3.69197273254, 4.19120168686, 4.69043064117, 5.20126962662, 5.70049858093, 6.19972801208, 6.6989569664, 7.19818592072, 7.69741487503, 8.19664382935, 8.6958732605, 9.19510173798, 9.69433116913, 10.1935596466, 10.7043991089, 11.1920175552, 11.6912469864, 12.1904764175, 12.689704895, 13.1889343262, 13.6881628036, 14.1873922348, 14.6982307434, 15.2090702057, 15.7082986832, 16.2075271606, 16.7067565918, 17.2059860229, 17.7168254852, 18.1928348541, 18.6920623779, 19.2029018402, 19.7021312714, 20.2013607025, 20.7121982574, 21.1998176575, 21.6990470886, 22.1982765198, 22.7091159821, 23.1967334747, 23.6959629059, 24.195192337, 24.6944217682, 25.1936511993, 25.6928787231, 26.1921081543, 26.6913375854, 27.1905670166, 27.6897945404, 28.1890239716, 28.6998634338, 29.1874828339, 29.6983222961, 30.1859397888, 30.68516922, 31.1843986511, 31.6952381134, 32.1828575134, 32.6936950684, 33.1929244995, 33.6921539307, 34.2029914856, 34.7138328552, 35.2014503479, 35.7006797791, 36.1999092102, 36.6991386414, 37.1983680725, 37.6975975037, 38.1968231201, 38.6960525513, 39.1952819824, 39.6829032898, 40.1821289063, 40.6813583374, 41.192199707, 41.703037262, 42.1906585693, 42.6898841858, 43.1891136169, 43.6883430481, 44.1991844177, 44.6984100342]
},
"tonal": {
    "chords_changes_rate": 0.0154320988804,
    "chords_number_rate": 0.00205761310644,
    "chords_strength": {
        "mean": 0.530192255974,
        "var": 0.00355199701153
    },
    "hpcp_entropy": {
        "mean": 1.77495336533,
        "var": 0.343713998795
    },
    "key_strength": 0.780169665813,
    "tuning_diatonic_strength": 0.569739103317,
    "tuning_equal_tempered_deviation": 0.0305585730821,
    "tuning_frequency": 441.272583008,
    "tuning_nontempered_energy_ratio": 0.626176893711,
    "hpcp": {
        "mean": [0.646586358547, 0.274634957314, 0.063783288002, 0.0616415143013, 0.0433635823429, 0.0321766249835, 0.0420565083623, 0.0545918531716, 0.118362307549, 0.154002502561, 0.0860701203346, 0.0434950068593, 0.0488189868629, 0.0546513050795, 0.296147614717, 0.597596228123, 0.387563943863, 0.0819665193558, 0.0435676760972, 0.0524055473506, 0.12128367275, 0.158482417464, 0.105405859649, 0.121674224734, 0.141581520438, 0.062837690115, 0.0223605334759, 0.0256433486938, 0.0567762888968, 0.147108212113, 0.163318961859, 0.0738118961453, 0.025430329144, 0.0301537942141, 0.137204676867, 0.522808730602],
        "var": [0.119536854327, 0.0516796670854, 0.0144920730963, 0.0151879135519, 0.0132032101974, 0.00851184222847, 0.00667237956077, 0.0092690512538, 0.0270934235305, 0.0338130816817, 0.0110948691145, 0.00515377195552, 0.00611474225298, 0.00573922693729, 0.0381570309401, 0.115643389523, 0.0554518476129, 0.00851265527308, 0.00417137797922, 0.00766788143665, 0.032955635339, 0.0430461168289, 0.0134753426537, 0.046556532383, 0.0596439950168, 0.0103015359491, 0.000679854420014, 0.000778389628977, 0.00761157041416, 0.037158973515, 0.0333526283503, 0.00640420382842, 0.00238868105225, 0.00244679255411, 0.0329530723393, 0.114150807261]
    },
    "chords_histogram": [88.9917678833, 0, 0, 0, 0, 0.102880656719, 0, 10.1851854324, 0, 0, 0, 0, 0, 0, 0, 0, 0, 0, 0, 0, 0, 0, 0.720164597034, 0],
    "thpcp": [1, 0.424745976925, 0.0986462011933, 0.0953337699175, 0.0670654177666, 0.0497638471425, 0.0650439187884, 0.084430873394, 0.183057233691, 0.238177776337, 0.133114650846, 0.0672686770558, 0.0755026564002, 0.0845228210092, 0.458017110825, 0.924232661724, 0.599400103092, 0.126768097281, 0.0673810616136, 0.0810495689511, 0.187575370073, 0.245106339455, 0.163019001484, 0.188179388642, 0.218967691064, 0.0971837565303, 0.03458243981, 0.039659589529, 0.0878092870116, 0.227515175939, 0.252586454153, 0.114156283438, 0.0393301360309, 0.0466353707016, 0.212198540568, 0.808567523956],
    "chords_key": "D",
    "chords_scale": "minor",
    "key_key": "D",
    "key_scale": "minor"
}
}