{
"lowlevel": {
    "average_loudness": 0.674863755703,
    "barkbands_crest": {
        "mean": 11.4694375992,
        "var": 15.2346477509
    },
    "barkbands_flatness_db": {
        "mean": 0.396578431129,
        "var": 0.00142740248702
    },
    "barkbands_kurtosis": {
        "mean": 3.01739788055,
        "var": 17.1418323517
    },
    "barkbands_skewness": {
        "mean": 1.20133173466,
        "var": 0.548828840256
    },
    "barkbands_spread": {
        "mean": 4.78489208221,
        "var": 5.50818157196
    },
    "dissonance": {
        "mean": 0.36986798048,
        "var": 0.0030585587956
    },
    "dynamic_complexity": 4.13708972931,
    "erbbands_crest": {
        "mean": 11.2339811325,
        "var": 16.8996162415
    },
    "erbbands_flatness_db": {
        "mean": 0.41752332449,
        "var": 0.00107924127951
    },
    "erbbands_kurtosis": {
        "mean": 0.77258259058,
        "var": 5.21893167496
    },
    "erbbands_skewness": {
        "mean": 0.660331726074,
        "var": 0.522401273251
    },
    "erbbands_spread": {
        "mean": 10.8987379074,
        "var": 14.9431991577
    },
    "hfc": {
        "mean": 8.68872928619,
        "var": 86.1683425903
    },
    "melbands_crest": {
        "mean": 12.9123649597,
        "var": 16.5442142487
    },
    "melbands_flatness_db": {
        "mean": 0.507342219353,
        "var": 0.00185730948579
    },
    "melbands_kurtosis": {
        "mean": 4.33772754669,
        "var": 26.900680542
    },
    "melbands_skewness": {
        "mean": 1.43015599251,
        "var": 0.516455292702
    },
    "melbands_spread": {
        "mean": 7.2321472168,
        "var": 21.9738883972
    },
    "pitch_salience": {
        "mean": 0.576528251171,
        "var": 0.0132558308542
    },
    "silence_rate_20dB": {
        "mean": 1,
        "var": 0
    },
    "silence_rate_30dB": {
        "mean": 0.993820786476,
        "var": 0.0061409897171
    },
    "silence_rate_60dB": {
        "mean": 0.131822869182,
        "var": 0.114447616041
    },
    "spectral_centroid": {
        "mean": 477.645965576,
        "var": 65830.875
    },
    "spectral_complexity": {
        "mean": 10.8928937912,
        "var": 14.4551200867
    },
    "spectral_decrease": {
        "mean": -4.93391372203e-009,
        "var": 2.73813855763e-017
    },
    "spectral_energy": {
        "mean": 0.0194098409265,
        "var": 0.000423404941102
    },
    "spectral_energyband_high": {
        "mean": 2.40154236053e-007,
        "var": 1.06089692153e-012
    },
    "spectral_energyband_low": {
        "mean": 0.00118206453044,
        "var": 2.87934221888e-006
    },
    "spectral_energyband_middle_high": {
        "mean": 0.00206569442526,
        "var": 6.93739912094e-006
    },
    "spectral_energyband_middle_low": {
        "mean": 0.0167291760445,
        "var": 0.00034817942651
    },
    "spectral_entropy": {
        "mean": 5.66582298279,
        "var": 0.120729573071
    },
    "spectral_flux": {
        "mean": 0.0331609249115,
        "var": 0.000832354824524
    },
    "spectral_kurtosis": {
        "mean": 145.404968262,
        "var": 3853.51269531
    },
    "spectral_rms": {
        "mean": 0.00385445449501,
        "var": 4.07960851589e-006
    },
    "spectral_rolloff": {
        "mean": 677.710388184,
        "var": 228617.4375
    },
    "spectral_skewness": {
        "mean": 8.31600570679,
        "var": 7.4089512825
    },
    "spectral_spread": {
        "mean": 761034.125,
        "var": 1.29935448474e+012
    },
    "spectral_strongpeak": {
        "mean": 1.09341621399,
        "var": 0.684957742691
    },
    "zerocrossingrate": {
        "mean": 0.0233489964157,
        "var": 0.000161202289746
    },
    "barkbands": {
        "mean": [2.08275466207e-007, 0.000106926243461, 0.000893959833775, 0.000282093795249, 0.00255229393952, 0.00777072552592, 0.0030406692531, 0.00102202908602, 0.0013537138002, 0.00102066830732, 0.000737310154364, 0.000216383108636, 0.000124073427287, 0.000149956351379, 9.4058457762e-005, 2.7061036235e-005, 1.28027613755e-005, 3.12678821501e-006, 1.34451738631e-006, 3.69425464442e-007, 6.49272067221e-008, 3.62535623744e-009, 1.67767999493e-009, 1.18204523947e-009, 1.02246600076e-009, 9.06734465289e-010, 7.94682653016e-010],
        "var": [1.59974355811e-013, 6.8386498242e-008, 1.83721897429e-006, 1.82000775339e-007, 1.45528038047e-005, 0.000116012983199, 2.45908904617e-005, 3.15849092658e-006, 6.12165331404e-006, 3.60442550118e-006, 1.74923673057e-006, 3.12542255188e-007, 7.88851721722e-008, 1.32852235879e-007, 3.21961977079e-008, 3.3508824604e-009, 1.09674480608e-009, 5.6009304833e-011, 3.59873693345e-011, 2.26520842014e-012, 6.41752547371e-014, 7.33539108531e-016, 1.45179819268e-016, 7.95805850442e-017, 5.04033241836e-017, 4.57087532613e-017, 2.22267525137e-018]
    },
    "erbbands": {
        "mean": [0.000673644826747, 0.0462815836072, 0.735551655293, 1.30027127266, 3.57519745827, 10.3927526474, 42.1542053223, 48.733669281, 64.4799118042, 20.8632659912, 30.6389427185, 27.4228572845, 39.1647987366, 26.6972751617, 17.0978603363, 9.35744857788, 6.63000440598, 7.47096776962, 4.73059940338, 3.95454287529, 1.57554328442, 0.745526075363, 0.234913155437, 0.105965577066, 0.046808116138, 0.018219826743, 0.00703209731728, 0.000789832149167, 0.000159038521815, 9.87763996818e-005, 5.25048781128e-005, 3.93576337956e-005, 3.00789233734e-005, 2.38126667682e-005, 1.83047413884e-005, 1.31271417558e-005, 7.42333395465e-006, 1.63309869095e-006, 9.32424791245e-006, 2.17787855945e-005],
        "var": [1.67272730778e-006, 0.00832839403301, 1.33379876614, 3.24122881889, 70.2014923096, 224.97064209, 3172.859375, 6121.84716797, 16025.0371094, 933.801696777, 2959.37548828, 2022.79870605, 4805.17675781, 1809.15344238, 852.450500488, 473.325317383, 240.898391724, 299.218994141, 97.0057220459, 59.6211853027, 11.8686227798, 3.58405542374, 0.31105774641, 0.126068279147, 0.0303104240447, 0.00530283944681, 0.000841164612211, 1.15112643471e-005, 9.76682599685e-007, 3.34971360871e-007, 9.87635146998e-008, 5.54364021355e-008, 1.7012553144e-008, 6.69838406964e-009, 2.60751020775e-009, 8.50023773591e-010, 1.95268703984e-010, 1.12279543302e-011, 9.68116767308e-011, 5.32325405977e-010]
    },
    "gfcc": {
        "mean": [-226.464157104, 265.237243652, -126.95539093, -86.3059082031, -20.7577285767, -36.5748977661, -43.4797286987, -16.6114635468, -15.3308668137, -20.2477092743, -6.36085176468, -13.4719142914, 2.25303435326],
        "cov": [[5283.49707031, 150.949295044, -953.926086426, 607.793762207, 327.119903564, -743.500915527, 413.533843994, 110.724830627, -322.470153809, 95.7374038696, 72.4039611816, -100.900718689, 171.750869751], [150.949295044, 422.711700439, 269.110443115, 34.7203826904, 191.871047974, 163.350738525, 67.1269607544, 44.8925514221, 13.8953428268, -73.84715271, -23.9927349091, -23.4779758453, -44.4221153259], [-953.926086426, 269.110443115, 694.817321777, 0.836060702801, 18.8421058655, 340.97857666, -26.2236690521, 12.5918560028, 99.4540100098, -104.68510437, -34.8957633972, 81.877784729, -50.6700057983], [607.793762207, 34.7203826904, 0.836060702801, 344.820770264, 150.753158569, -17.3648147583, 138.339141846, 42.9708786011, -45.3183708191, 28.5169334412, -6.08361148834, -21.7056884766, 19.5359535217], [327.119903564, 191.871047974, 18.8421058655, 150.753158569, 232.608459473, 56.7722167969, 69.1363525391, 38.0377616882, -10.9033527374, 1.52541792393, 6.03563928604, -38.1801834106, -17.3650684357], [-743.500915527, 163.350738525, 340.97857666, -17.3648147583, 56.7722167969, 314.572113037, -12.7440881729, -19.8639316559, 69.1040496826, -40.872718811, -40.2451248169, 5.9588561058, -71.6007919312], [413.533843994, 67.1269607544, -26.2236690521, 138.339141846, 69.1363525391, -12.7440881729, 133.314346313, 50.7992401123, -40.9688262939, 4.54818344116, -10.2269306183, -33.2941207886, -0.636923730373], [110.724830627, 44.8925514221, 12.5918560028, 42.9708786011, 38.0377616882, -19.8639316559, 50.7992401123, 88.5304718018, 16.3527011871, -24.7105331421, 1.8087542057, 0.265104621649, -12.1050748825], [-322.470153809, 13.8953428268, 99.4540100098, -45.3183708191, -10.9033527374, 69.1040496826, -40.9688262939, 16.3527011871, 78.6366271973, 3.62915587425, -6.5728931427, 16.5325298309, -21.6908130646], [95.7374038696, -73.84715271, -104.68510437, 28.5169334412, 1.52541792393, -40.872718811, 4.54818344116, -24.7105331421, 3.62915587425, 87.8378219604, 23.1187038422, -31.6709537506, 10.6764612198], [72.4039611816, -23.9927349091, -34.8957633972, -6.08361148834, 6.03563928604, -40.2451248169, -10.2269306183, 1.8087542057, -6.5728931427, 23.1187038422, 46.5539855957, 15.7394962311, 0.907044172287], [-100.900718689, -23.4779758453, 81.877784729, -21.7056884766, -38.1801834106, 5.9588561058, -33.2941207886, 0.265104621649, 16.5325298309, -31.6709537506, 15.7394962311, 75.5844573975, 18.25025177], [171.750869751, -44.4221153259, -50.6700057983, 19.5359535217, -17.3650684357, -71.6007919312, -0.636923730373, -12.1050748825, -21.6908130646, 10.6764612198, 0.907044172287, 18.25025177, 63.8737564087]],
        "icov": [[0.000759103568271, -0.00175161880907, 0.00119056249969, -0.00129234557971, 0.000674359383993, 0.00145923742093, -0.00110182713252, 0.00127661856823, -0.000550127064344, 0.000225377443712, -0.000248267839197, -0.00125394877978, 0.000267738621915], [-0.00175161880907, 0.0169912260026, -0.00902689993382, 0.0101660676301, -0.0147824063897, 0.00205183634534, -0.00978105887771, 0.00606409832835, -0.0059229102917, 0.00975638348609, -0.00155285745859, 0.0095705119893, -0.000765081145801], [0.00119056249969, -0.00902689993382, 0.0107774399221, -0.00852123461664, 0.0107235489413, -0.00672642700374, 0.00188903568778, 0.00120759767015, -0.00677323807031, 0.00739852990955, -0.0107938917354, -0.00028267831658, -0.00600324058905], [-0.00129234557971, 0.0101660676301, -0.00852123461664, 0.0163523219526, -0.0156954806298, 0.00420702248812, -0.00738111045212, -0.00320850708522, 0.00974547397345, -0.0128670921549, 0.0178248099983, -0.00889695528895, 0.0063003837131], [0.000674359383993, -0.0147824063897, 0.0107235489413, -0.0156954806298, 0.0265693850815, -0.0110278809443, 0.00965896435082, -0.00449664471671, -0.00505528319627, 0.00812756549567, -0.0213612113148, 0.0102091459557, -0.010370079428], [0.00145923742093, 0.00205183634534, -0.00672642700374, 0.00420702248812, -0.0110278809443, 0.0223941355944, -0.0122787663713, 0.0157087780535, -0.00736450450495, -0.00130058557261, 0.0135140800849, -0.00719123519957, 0.0154195725918], [-0.00110182713252, -0.00978105887771, 0.00188903568778, -0.00738111045212, 0.00965896435082, -0.0122787663713, 0.0488190725446, -0.0446027554572, 0.0472367219627, -0.0398127362132, 0.0294754169881, -0.016181524843, 0.00771264918149], [0.00127661856823, 0.00606409832835, 0.00120759767015, -0.00320850708522, -0.00449664471671, 0.0157087780535, -0.0446027554572, 0.0688171312213, -0.0678031817079, 0.0636475533247, -0.0485064126551, 0.0320798270404, -0.0104332352057], [-0.000550127064344, -0.0059229102917, -0.00677323807031, 0.00974547397345, -0.00505528319627, -0.00736450450495, 0.0472367219627, -0.0678031817079, 0.102051883936, -0.0904327407479, 0.0795732587576, -0.0579229518771, 0.0321892015636], [0.000225377443712, 0.00975638348609, 0.00739852990955, -0.0128670921549, 0.00812756549567, -0.00130058557261, -0.0398127362132, 0.0636475533247, -0.0904327407479, 0.11405056715, -0.0992774665356, 0.0764029994607, -0.0417931079865], [-0.000248267839197, -0.00155285745859, -0.0107938917354, 0.0178248099983, -0.0213612113148, 0.0135140800849, 0.0294754169881, -0.0485064126551, 0.0795732587576, -0.0992774665356, 0.124682433903, -0.0799119323492, 0.0506945066154], [-0.00125394877978, 0.0095705119893, -0.00028267831658, -0.00889695528895, 0.0102091459557, -0.00719123519957, -0.016181524843, 0.0320798270404, -0.0579229518771, 0.0764029994607, -0.0799119323492, 0.0821366086602, -0.0416170395911], [0.000267738621915, -0.000765081145801, -0.00600324058905, 0.0063003837131, -0.010370079428, 0.0154195725918, 0.00771264918149, -0.0104332352057, 0.0321892015636, -0.0417931079865, 0.0506945066154, -0.0416170395911, 0.0493677929044]]
    },
    "melbands": {
        "mean": [1.53727851284e-005, 0.000283958681393, 0.000261547596892, 0.000478278758237, 0.0011936230585, 0.00132038863376, 0.000882999622263, 0.000192596024135, 0.000275458180113, 0.000168170765392, 0.000191831422853, 9.98513496597e-005, 7.78443136369e-005, 1.92641691683e-005, 2.82325254375e-005, 1.02718222479e-005, 1.48290127981e-005, 7.34495779398e-006, 9.02150441107e-006, 2.14645069718e-006, 1.61555033173e-006, 8.22422691726e-007, 3.12000423719e-007, 1.38147143502e-007, 8.09714251204e-008, 4.54384689874e-008, 1.57680144497e-008, 1.11166293948e-008, 5.8548912385e-009, 1.07143771633e-009, 2.19513893174e-010, 7.55711673794e-011, 4.92424226395e-011, 4.52467056877e-011, 2.34213221734e-011, 1.87339536245e-011, 1.609915673e-011, 1.30472290957e-011, 1.0837080365e-011, 9.62024643975e-012],
        "var": [1.41905254214e-009, 1.92417175526e-007, 1.57254604005e-007, 7.56299016302e-007, 2.28841827266e-006, 4.32270599049e-006, 2.87224725071e-006, 9.23484222426e-008, 2.65778027142e-007, 7.84122988762e-008, 1.1860207394e-007, 2.48387390656e-008, 2.02708196895e-008, 9.54105794371e-010, 9.5794678856e-009, 8.60494342447e-010, 1.28921096021e-009, 4.08373529437e-010, 3.50778350811e-010, 2.05378769547e-011, 1.50886855094e-011, 5.35682956326e-012, 5.89136812251e-013, 1.07216332709e-013, 9.35782620013e-014, 4.01694397688e-014, 2.85328363414e-015, 2.36602284904e-015, 6.66720702728e-016, 1.83160402737e-017, 3.34899828783e-018, 3.64247302527e-019, 8.27246270014e-020, 1.0490897772e-019, 3.1882901229e-020, 2.88244073765e-020, 1.79921799871e-020, 9.29904327729e-021, 5.37941280568e-021, 4.29651181092e-021]
    },
    "mfcc": {
        "mean": [-826.009094238, 259.237945557, -0.822734177113, -41.4927062988, -1.68454635143, -13.8329677582, -23.6484260559, -13.6159744263, -9.50395488739, -11.7085485458, -13.1564474106, -11.6818828583, -8.47914409637],
        "cov": [[2731.13134766, 1125.4017334, -1126.60266113, 315.972930908, 385.613800049, -386.190155029, 102.02696228, 182.209991455, -56.8120231628, -4.30946683884, -55.6962127686, 27.831993103, 70.9610366821], [1125.4017334, 677.272460938, -231.964187622, 108.165214539, 212.896224976, -45.7705116272, 67.7323913574, 151.274795532, 27.8107433319, -26.5615978241, 11.5952682495, 35.4447937012, -9.47697544098], [-1126.60266113, -231.964187622, 815.208007813, -29.1078529358, -92.0012664795, 308.331848145, 58.5139198303, 32.8069915771, 106.804870605, 0.417415678501, 47.6413116455, 19.1413440704, -60.5913581848], [315.972930908, 108.165214539, -29.1078529358, 242.407958984, 108.86894989, -14.4574375153, 107.820121765, 73.1035461426, 32.8907432556, 33.6963539124, -19.1496829987, 13.2747421265, 32.6513023376], [385.613800049, 212.896224976, -92.0012664795, 108.86894989, 192.990768433, 48.2426719666, 49.1390457153, 85.8338088989, 27.0736751556, 1.4476890564, 26.3895931244, 26.7120780945, 1.18162608147], [-386.190155029, -45.7705116272, 308.331848145, -14.4574375153, 48.2426719666, 251.087402344, 87.9646224976, 13.3748407364, 49.078212738, 34.1613769531, 55.3299446106, 15.5362281799, -43.8804588318], [102.02696228, 67.7323913574, 58.5139198303, 107.820121765, 49.1390457153, 87.9646224976, 145.69140625, 58.1807441711, 22.9600105286, 48.2848815918, 23.3722896576, 4.93038988113, -13.5138111115], [182.209991455, 151.274795532, 32.8069915771, 73.1035461426, 85.8338088989, 13.3748407364, 58.1807441711, 138.605819702, 57.9508399963, -21.4280929565, 21.3408279419, 29.5639610291, -15.8789348602], [-56.8120231628, 27.8107433319, 106.804870605, 32.8907432556, 27.0736751556, 49.078212738, 22.9600105286, 57.9508399963, 80.9545669556, 20.0933437347, -1.65196597576, 19.4280719757, 5.44723129272], [-4.30946683884, -26.5615978241, 0.417415678501, 33.6963539124, 1.4476890564, 34.1613769531, 48.2848815918, -21.4280929565, 20.0933437347, 92.0548553467, 32.1903495789, -13.8955688477, 1.55867552757], [-55.6962127686, 11.5952682495, 47.6413116455, -19.1496829987, 26.3895931244, 55.3299446106, 23.3722896576, 21.3408279419, -1.65196597576, 32.1903495789, 96.1484298706, 23.4920005798, -47.556388855], [27.831993103, 35.4447937012, 19.1413440704, 13.2747421265, 26.7120780945, 15.5362281799, 4.93038988113, 29.5639610291, 19.4280719757, -13.8955688477, 23.4920005798, 64.6743087769, 23.2454051971], [70.9610366821, -9.47697544098, -60.5913581848, 32.6513023376, 1.18162608147, -43.8804588318, -13.5138111115, -15.8789348602, 5.44723129272, 1.55867552757, -47.556388855, 23.2454051971, 93.7324905396]],
        "icov": [[0.488783687353, -0.69575214386, 0.706702411175, -0.726152896881, 0.726471185684, -0.706099331379, 0.665851771832, -0.589049339294, 0.483995050192, -0.359595179558, 0.235809147358, -0.129311397672, 0.0554578267038], [-0.69575214386, 0.996313273907, -1.01552593708, 1.05457425117, -1.06754636765, 1.04509937763, -0.992251932621, 0.878526389599, -0.724765002728, 0.538966059685, -0.351885646582, 0.191781923175, -0.0808121040463], [0.706702411175, -1.01552593708, 1.05811095238, -1.11630511284, 1.15347850323, -1.15099847317, 1.10149216652, -0.98398578167, 0.808574020863, -0.601217567921, 0.392529159784, -0.212216377258, 0.0886893495917], [-0.726152896881, 1.05457425117, -1.11630511284, 1.2205363512, -1.28856372833, 1.31390047073, -1.28823935986, 1.15859675407, -0.968448221684, 0.724265694618, -0.47351706028, 0.257016211748, -0.108277596533], [0.726471185684, -1.06754636765, 1.15347850323, -1.28856372833, 1.41121172905, -1.46581304073, 1.45816004276, -1.33788180351, 1.12738645077, -0.853152215481, 0.562280416489, -0.306324541569, 0.126084983349], [-0.706099331379, 1.04509937763, -1.15099847317, 1.31390047073, -1.46581304073, 1.5695220232, -1.59073626995, 1.48170256615, -1.27378928661, 0.979003190994, -0.660500049591, 0.362616032362, -0.153888329864], [0.665851771832, -0.992251932621, 1.10149216652, -1.28823935986, 1.45816004276, -1.59073626995, 1.66457259655, -1.57208120823, 1.38272869587, -1.09036886692, 0.747695505619, -0.421765208244, 0.188689306378], [-0.589049339294, 0.878526389599, -0.98398578167, 1.15859675407, -1.33788180351, 1.48170256615, -1.57208120823, 1.53537297249, -1.37192940712, 1.09768557549, -0.769645631313, 0.439063102007, -0.1988312006], [0.483995050192, -0.724765002728, 0.808574020863, -0.968448221684, 1.12738645077, -1.27378928661, 1.38272869587, -1.37192940712, 1.27570772171, -1.03301429749, 0.742536008358, -0.438160717487, 0.205195501447], [-0.359595179558, 0.538966059685, -0.601217567921, 0.724265694618, -0.853152215481, 0.979003190994, -1.09036886692, 1.09768557549, -1.03301429749, 0.874469161034, -0.637499928474, 0.385195434093, -0.189866960049], [0.235809147358, -0.351885646582, 0.392529159784, -0.47351706028, 0.562280416489, -0.660500049591, 0.747695505619, -0.769645631313, 0.742536008358, -0.637499928474, 0.494536995888, -0.303264439106, 0.159274026752], [-0.129311397672, 0.191781923175, -0.212216377258, 0.257016211748, -0.306324541569, 0.362616032362, -0.421765208244, 0.439063102007, -0.438160717487, 0.385195434093, -0.303264439106, 0.210745036602, -0.109306156635], [0.0554578267038, -0.0808121040463, 0.0886893495917, -0.108277596533, 0.126084983349, -0.153888329864, 0.188689306378, -0.1988312006, 0.205195501447, -0.189866960049, 0.159274026752, -0.109306156635, 0.0746014416218]]
    },
    "spectral_contrast_coeffs": {
        "mean": [-0.528766334057, -0.641486525536, -0.705675840378, -0.71706622839, -0.705175340176, -0.909864127636],
        "var": [0.00542270531878, 0.00614115130156, 0.00489841634408, 0.00314612337388, 0.00153562612832, 0.00186737044714]
    },
    "spectral_contrast_valleys": {
        "mean": [-8.92045593262, -6.75813674927, -7.80645895004, -9.34034538269, -12.0733146667, -14.5200548172],
        "var": [1.30954647064, 0.756931483746, 0.879379272461, 0.847795426846, 1.37281608582, 0.942564249039]
    }
},
"metadata": {
    "audio_properties": {
        "analysis_sample_rate": 44100,
        "bit_rate": 128074,
        "equal_loudness": 0,
        "length": 45.0612258911,
        "lossless": 0,
        "replay_gain": -4.9875164032,
        "sample_rate": 44100,
        "codec": "mp3",
        "downmix": "mix",
        "md5_encoded": "047e47a6119322ae53b7c8702b27b9cd"
    },
    "tags": {
        "file_name": "1153.mp3"
    },
    "version": {
        "essentia": "2.1-beta2",
        "essentia_git_sha": "v2.1_beta2",
        "extractor": "music 1.0"
    }
},
"rhythm": {
    "beats_count": 75,
    "beats_loudness": {
        "mean": 0.0283767580986,
        "var": 0.000846600625664
    },
    "bpm": 104.045692444,
    "bpm_histogram_first_peak_bpm": {
        "mean": 103,
        "var": 0
    },
    "bpm_histogram_first_peak_spread": {
        "mean": 0.613636374474,
        "var": 0
    },
    "bpm_histogram_first_peak_weight": {
        "mean": 0.229729726911,
        "var": 0
    },
    "bpm_histogram_second_peak_bpm": {
        "mean": 108,
        "var": 0
    },
    "bpm_histogram_second_peak_spread": {
        "mean": 0,
        "var": 0
    },
    "bpm_histogram_second_peak_weight": {
        "mean": 0.108108110726,
        "var": 0
    },
    "danceability": 0.850396692753,
    "onset_rate": 2.86148142815,
    "beats_loudness_band_ratio": {
        "mean": [0.113930180669, 0.52564316988, 0.372906208038, 0.124944485724, 0.016003716737, 8.07593169156e-005],
        "var": [0.0124288434163, 0.0354069583118, 0.0314615741372, 0.00938151031733, 0.000763803313021, 2.59188954743e-008]
    },
    "beats_position": [0.592108845711, 1.16099774837, 1.72988653183, 2.32199549675, 2.91410422325, 3.50621318817, 4.09832191467, 4.71365070343, 5.2941493988, 5.87464857101, 6.45514726639, 7.03564596176, 7.61614513397, 8.20825386047, 8.80036258698, 9.38086128235, 9.97297000885, 10.5650787354, 11.1571884155, 11.749297142, 12.3297958374, 12.9102945328, 13.4907932281, 14.0712919235, 14.6517915726, 15.2322902679, 15.7895689011, 16.3584575653, 16.9273471832, 17.4846248627, 18.0535144806, 18.6224040985, 19.1912918091, 19.760181427, 20.3174591064, 20.8747386932, 21.43201828, 21.9892959595, 22.5581855774, 23.1270751953, 23.6843528748, 24.2532424927, 24.8105201721, 25.37940979, 25.948299408, 26.5171871185, 27.0976867676, 27.6781845093, 28.2586841583, 28.8391838074, 29.4196815491, 30.0117912292, 30.6038990021, 31.2192287445, 31.8229465485, 32.4382743835, 33.0652160645, 33.6921539307, 34.3307037354, 34.9692497253, 35.6310195923, 36.304397583, 36.9777755737, 37.6395454407, 38.3129234314, 38.9630813599, 39.613243103, 40.251789093, 40.8903388977, 41.5172767639, 42.1442184448, 42.7595443726, 43.374874115, 44.0018119812, 44.6287536621]
},
"tonal": {
    "chords_changes_rate": 0.0257201641798,
    "chords_number_rate": 0.00617283955216,
    "chords_strength": {
        "mean": 0.555932343006,
        "var": 0.00500342343003
    },
    "hpcp_entropy": {
        "mean": 1.24792337418,
        "var": 0.341389745474
    },
    "key_strength": 0.683398365974,
    "tuning_diatonic_strength": 0.416056513786,
    "tuning_equal_tempered_deviation": 0.00415912969038,
    "tuning_frequency": 442.03793335,
    "tuning_nontempered_energy_ratio": 0.583632171154,
    "hpcp": {
        "mean": [0.0173680186272, 0.0189772304147, 0.110690303147, 0.19799618423, 0.109385468066, 0.087767764926, 0.134019568563, 0.0722189471126, 0.157327845693, 0.227633580565, 0.0877303257585, 0.0050710355863, 0.00356083083898, 0.00925244577229, 0.0883834958076, 0.145295023918, 0.0805136859417, 0.262070208788, 0.453386008739, 0.212133392692, 0.0177701320499, 0.0165995191783, 0.00947232171893, 0.0516965128481, 0.0890725404024, 0.0535333268344, 0.0372790768743, 0.0378525815904, 0.0216852333397, 0.241765797138, 0.443329274654, 0.223144754767, 0.100587710738, 0.170561239123, 0.0839771181345, 0.011969761923],
        "var": [0.00225709704682, 0.00109950243495, 0.0243540201336, 0.0905652567744, 0.0291668828577, 0.0316794514656, 0.0857630744576, 0.0193759072572, 0.0532022714615, 0.106172144413, 0.0164307579398, 0.000218941248022, 0.0001264456223, 0.000573007564526, 0.0245694816113, 0.0646257027984, 0.0183880347759, 0.0670082122087, 0.191329106688, 0.0455749444664, 0.00177982414607, 0.000995069858618, 0.00129712268244, 0.01263661962, 0.0417715460062, 0.0110910609365, 0.00580467097461, 0.00765327271074, 0.00329815992154, 0.0508736670017, 0.161647558212, 0.0414951443672, 0.0286284536123, 0.0942732095718, 0.0234553944319, 0.000762562151067]
    },
    "chords_histogram": [26.5432090759, 21.0905342102, 4.73251008987, 0.102880656719, 0, 0.205761313438, 0, 0.308641970158, 0, 20.1646099091, 0, 0, 0, 0, 0, 0, 0, 0, 0, 0, 0, 0, 5.24691343307, 21.6049385071],
    "thpcp": [1, 0.467886954546, 0.0391942672431, 0.0366123318672, 0.0208924002945, 0.114023178816, 0.196460723877, 0.118074499071, 0.0822237059474, 0.0834886431694, 0.047829516232, 0.533244967461, 0.977818608284, 0.492173880339, 0.221858873963, 0.37619432807, 0.185222119093, 0.0264008194208, 0.0383073538542, 0.0418566726148, 0.244141414762, 0.436705559492, 0.241263434291, 0.193582877517, 0.295597046614, 0.15928798914, 0.34700641036, 0.502074539661, 0.193500295281, 0.0111848078668, 0.00785386096686, 0.0204074364156, 0.194940939546, 0.3204664886, 0.17758308351, 0.578028857708],
    "chords_key": "C",
    "chords_scale": "minor",
    "key_key": "C",
    "key_scale": "minor"
}
}