{
"lowlevel": {
    "average_loudness": 0.79185539484,
    "barkbands_crest": {
        "mean": 14.092040062,
        "var": 22.8011837006
    },
    "barkbands_flatness_db": {
        "mean": 0.307628720999,
        "var": 0.00524984952062
    },
    "barkbands_kurtosis": {
        "mean": 12.2998209,
        "var": 315.862976074
    },
    "barkbands_skewness": {
        "mean": 1.66364347935,
        "var": 2.1688182354
    },
    "barkbands_spread": {
        "mean": 4.09542703629,
        "var": 16.5606269836
    },
    "dissonance": {
        "mean": 0.365092337132,
        "var": 0.00595924584195
    },
    "dynamic_complexity": 6.54110956192,
    "erbbands_crest": {
        "mean": 16.4832820892,
        "var": 35.2091522217
    },
    "erbbands_flatness_db": {
        "mean": 0.298022806644,
        "var": 0.00374332722276
    },
    "erbbands_kurtosis": {
        "mean": 7.05626869202,
        "var": 91.6982498169
    },
    "erbbands_skewness": {
        "mean": 1.47484266758,
        "var": 1.44571328163
    },
    "erbbands_spread": {
        "mean": 10.947599411,
        "var": 67.1578979492
    },
    "hfc": {
        "mean": 5.75516748428,
        "var": 162.799041748
    },
    "melbands_crest": {
        "mean": 17.9078083038,
        "var": 32.1348876953
    },
    "melbands_flatness_db": {
        "mean": 0.413000106812,
        "var": 0.00769300479442
    },
    "melbands_kurtosis": {
        "mean": 11.7618398666,
        "var": 243.851776123
    },
    "melbands_skewness": {
        "mean": 1.78196632862,
        "var": 1.99951958656
    },
    "melbands_spread": {
        "mean": 5.78213691711,
        "var": 50.3845748901
    },
    "pitch_salience": {
        "mean": 0.493990570307,
        "var": 0.0175805371255
    },
    "silence_rate_20dB": {
        "mean": 0.998970150948,
        "var": 0.00102880678605
    },
    "silence_rate_30dB": {
        "mean": 0.983522117138,
        "var": 0.0162060540169
    },
    "silence_rate_60dB": {
        "mean": 0.352214217186,
        "var": 0.22815798223
    },
    "spectral_centroid": {
        "mean": 437.886474609,
        "var": 72305.5546875
    },
    "spectral_complexity": {
        "mean": 5.50463438034,
        "var": 12.7278556824
    },
    "spectral_decrease": {
        "mean": -3.92406773742e-009,
        "var": 5.66190570914e-017
    },
    "spectral_energy": {
        "mean": 0.0153323169798,
        "var": 0.000865475973114
    },
    "spectral_energyband_high": {
        "mean": 6.26266091786e-006,
        "var": 1.39158018442e-009
    },
    "spectral_energyband_low": {
        "mean": 0.00237646931782,
        "var": 3.37946185027e-005
    },
    "spectral_energyband_middle_high": {
        "mean": 0.000999068142846,
        "var": 2.09786503547e-005
    },
    "spectral_energyband_middle_low": {
        "mean": 0.0126268761232,
        "var": 0.000758547394071
    },
    "spectral_entropy": {
        "mean": 5.82199287415,
        "var": 0.466035038233
    },
    "spectral_flux": {
        "mean": 0.0522189065814,
        "var": 0.0028834391851
    },
    "spectral_kurtosis": {
        "mean": 43.6125602722,
        "var": 1110.57629395
    },
    "spectral_rms": {
        "mean": 0.00301513029262,
        "var": 5.86733767705e-006
    },
    "spectral_rolloff": {
        "mean": 522.307739258,
        "var": 304131.8125
    },
    "spectral_skewness": {
        "mean": 4.8879327774,
        "var": 4.11954784393
    },
    "spectral_spread": {
        "mean": 2040396.625,
        "var": 2.30018829517e+012
    },
    "spectral_strongpeak": {
        "mean": 0.799488186836,
        "var": 0.878472447395
    },
    "zerocrossingrate": {
        "mean": 0.0203360840678,
        "var": 0.000248532247497
    },
    "barkbands": {
        "mean": [4.06656317864e-006, 0.00056482310174, 0.0011660666205, 0.00121164356824, 0.00393764907494, 0.00471979193389, 0.000975540839136, 0.00114290323108, 0.000549458898604, 0.00022167483985, 0.000127905019326, 0.000243508286076, 7.40462928661e-005, 0.000267819326837, 1.92422594409e-005, 4.73415493616e-005, 2.95734644169e-005, 9.07183584786e-006, 9.4496708698e-006, 6.60449040879e-006, 3.08118660541e-006, 4.65416832185e-007, 2.35620731814e-007, 1.59271010602e-007, 9.93169706476e-008, 1.21819752508e-007, 1.01977137845e-008],
        "var": [2.30996244355e-009, 5.46184628547e-006, 9.64362789091e-006, 1.12936950245e-005, 7.03101759427e-005, 0.000372144568246, 9.01587736735e-006, 5.42580783076e-005, 2.20090987568e-005, 1.5182235984e-006, 2.44089096668e-006, 2.39907672039e-006, 9.59118011679e-008, 8.32535533846e-006, 8.99000873744e-009, 1.17409463485e-007, 3.74158659611e-008, 1.18215026657e-009, 6.18843598588e-009, 8.19934253826e-009, 5.14654652228e-010, 4.08261488852e-012, 2.09190585861e-012, 5.54245668458e-013, 1.93885557023e-013, 6.80961797367e-013, 2.16636024271e-015]
    },
    "erbbands": {
        "mean": [0.00357867614366, 0.180636018515, 1.21286797523, 3.03032803535, 7.15529155731, 13.120680809, 34.8857421875, 35.106754303, 19.0924453735, 14.6606874466, 21.8514461517, 14.3288497925, 8.20230579376, 7.80542755127, 6.0241894722, 8.52974319458, 4.23829174042, 14.4593238831, 3.43942761421, 1.3882740736, 3.22107577324, 1.56856930256, 0.599160134792, 0.388921201229, 0.574612379074, 0.24260571599, 0.162754535675, 0.0697585791349, 0.0200202018023, 0.0104092853144, 0.00665669795126, 0.0044535738416, 0.00188905163668, 0.00102513330057, 0.000781115377322, 0.000497850356624, 0.000239973131102, 4.50049665233e-005, 8.3332279246e-006, 1.71163010236e-005],
        "var": [0.00015369495668, 0.516833364964, 13.2762956619, 52.2267303467, 553.429443359, 953.650512695, 12276.1777344, 34642.2734375, 3413.95703125, 6054.90478516, 14097.7011719, 18314.6035156, 1628.52062988, 10027.8359375, 1256.82336426, 3079.22631836, 256.202819824, 24991.5371094, 590.478393555, 50.3160896301, 544.183532715, 79.1680450439, 5.45978355408, 5.32515573502, 51.5542755127, 5.84208965302, 1.16782927513, 0.219423621893, 0.00807766709477, 0.00270201987587, 0.00208878237754, 0.000567961367778, 5.13830600539e-005, 1.51493313751e-005, 1.63445856742e-005, 7.26543930796e-006, 3.77964693143e-006, 7.158613613e-008, 2.66866584386e-010, 1.07745279365e-009]
    },
    "gfcc": {
        "mean": [-206.564208984, 172.468460083, -78.807800293, -12.5681705475, -50.4882965088, -13.2676591873, -40.157119751, -8.72305583954, -24.2011547089, -4.15051412582, -14.1621398926, -3.43929958344, -8.65596961975],
        "cov": [[6404.11914063, 1055.09094238, -2429.87353516, -580.637695313, 321.18081665, -586.21685791, 50.8818397522, -411.275665283, 122.544616699, -251.384155273, 195.558273315, -198.279403687, 250.324874878], [1055.09094238, 1015.89672852, 405.834106445, -269.482421875, 169.059844971, -132.366653442, -80.2150650024, -256.304992676, -18.1001796722, -214.882049561, 26.5000801086, -93.5763931274, 98.499168396], [-2429.87353516, 405.834106445, 2363.15917969, 345.160430908, -62.6036682129, 270.927368164, -148.973602295, -104.252288818, -139.055801392, -112.531494141, -133.498504639, 2.91150403023, -47.8811531067], [-580.637695313, -269.482421875, 345.160430908, 505.305938721, 78.9035873413, 164.201339722, 50.6061630249, 17.4076423645, -64.2597198486, 21.8635997772, -66.5442581177, 16.0486125946, -25.2947444916], [321.18081665, 169.059844971, -62.6036682129, 78.9035873413, 249.558746338, 51.1015357971, -11.5464582443, -79.9008789063, -30.2855434418, -47.2058143616, -10.6864299774, -28.7827014923, 21.6231918335], [-586.21685791, -132.366653442, 270.927368164, 164.201339722, 51.1015357971, 233.3646698, 57.9485931396, 40.5238418579, -31.0195426941, 30.1097698212, -45.3142089844, 10.1141376495, -43.312335968], [50.8818397522, -80.2150650024, -148.973602295, 50.6061630249, -11.5464582443, 57.9485931396, 181.447265625, 106.254127502, 32.3048248291, 18.4319915771, 1.84979224205, 4.5049996376, -4.98382139206], [-411.275665283, -256.304992676, -104.252288818, 17.4076423645, -79.9008789063, 40.5238418579, 106.254127502, 246.133224487, 73.412361145, 63.2419586182, -2.51436448097, 50.2801780701, -41.7174911499], [122.544616699, -18.1001796722, -139.055801392, -64.2597198486, -30.2855434418, -31.0195426941, 32.3048248291, 73.412361145, 117.852462769, 56.9319229126, 25.9613037109, -5.73385763168, -8.40037631989], [-251.384155273, -214.882049561, -112.531494141, 21.8635997772, -47.2058143616, 30.1097698212, 18.4319915771, 63.2419586182, 56.9319229126, 144.254058838, 32.2328567505, 13.462313652, -35.0497894287], [195.558273315, 26.5000801086, -133.498504639, -66.5442581177, -10.6864299774, -45.3142089844, 1.84979224205, -2.51436448097, 25.9613037109, 32.2328567505, 92.1376953125, 47.2618370056, 14.1627693176], [-198.279403687, -93.5763931274, 2.91150403023, 16.0486125946, -28.7827014923, 10.1141376495, 4.5049996376, 50.2801780701, -5.73385763168, 13.462313652, 47.2618370056, 120.323867798, 31.0888938904], [250.324874878, 98.499168396, -47.8811531067, -25.2947444916, 21.6231918335, -43.312335968, -4.98382139206, -41.7174911499, -8.40037631989, -35.0497894287, 14.1627693176, 31.0888938904, 102.817207336]],
        "icov": [[0.000945249048527, -0.00169568427373, 0.00153318361845, -0.00123034557328, 0.00114342931192, -0.000364423147403, 0.000438206450781, 0.000609398004599, -0.000720087962691, 0.000947423046455, -0.000602703075856, 0.000549725838937, -0.000210131256608], [-0.00169568427373, 0.00879305042326, -0.00483539234847, 0.00559729617089, -0.00627704663202, 0.00299419253133, -0.00383824040182, 0.00210486142896, -0.00161439634394, 0.00312598980963, -0.00235921726562, 0.00173181318678, -0.00118565640878], [0.00153318361845, -0.00483539234847, 0.00401088874787, -0.00372520158999, 0.00430883327499, -0.0027563071344, 0.00292181270197, -1.9521532522e-005, -0.000521296984516, 0.00100932782516, 4.45564401161e-005, 0.000126648621517, 0.000174385961145], [-0.00123034557328, 0.00559729617089, -0.00372520158999, 0.0070921597071, -0.00560135161504, 0.00203325087205, -0.0041911364533, 0.00156244682148, 0.000821032444946, -0.000829988159239, 0.00184154463932, -0.00112282764167, -2.14545580093e-005], [0.00114342931192, -0.00627704663202, 0.00430883327499, -0.00560135161504, 0.0113502051681, -0.00601434055716, 0.004839731846, -0.000622281106189, -0.000142474877066, 0.00147014821414, -0.00129249936435, 0.00150553917047, -0.000868034549057], [-0.000364423147403, 0.00299419253133, -0.0027563071344, 0.00203325087205, -0.00601434055716, 0.0118653355166, -0.00650624744594, 0.00199161679484, 0.00153560424224, -0.00367954955436, 0.00502837728709, -0.00385301467031, 0.00333485472947], [0.000438206450781, -0.00383824040182, 0.00292181270197, -0.0041911364533, 0.004839731846, -0.00650624744594, 0.013311102055, -0.00698509765789, 0.000421389966505, 0.00188247428741, -0.00442649051547, 0.00471167685464, -0.0031466090586], [0.000609398004599, 0.00210486142896, -1.9521532522e-005, 0.00156244682148, -0.000622281106189, 0.00199161679484, -0.00698509765789, 0.0137926442549, -0.00787570234388, 0.00190818321425, 0.00515760015696, -0.00718063069507, 0.00457050185651], [-0.000720087962691, -0.00161439634394, -0.000521296984516, 0.000821032444946, -0.000142474877066, 0.00153560424224, 0.000421389966505, -0.00787570234388, 0.018616810441, -0.00893077068031, -0.00125626754016, 0.00336839351803, -0.00160813296679], [0.000947423046455, 0.00312598980963, 0.00100932782516, -0.000829988159239, 0.00147014821414, -0.00367954955436, 0.00188247428741, 0.00190818321425, -0.00893077068031, 0.019702911377, -0.0108703970909, 0.00557072926313, -0.00022935832385], [-0.000602703075856, -0.00235921726562, 4.45564401161e-005, 0.00184154463932, -0.00129249936435, 0.00502837728709, -0.00442649051547, 0.00515760015696, -0.00125626754016, -0.0108703970909, 0.0290141683072, -0.0175813380629, 0.00598063739017], [0.000549725838937, 0.00173181318678, 0.000126648621517, -0.00112282764167, 0.00150553917047, -0.00385301467031, 0.00471167685464, -0.00718063069507, 0.00336839351803, 0.00557072926313, -0.0175813380629, 0.0233215857297, -0.0102953230962], [-0.000210131256608, -0.00118565640878, 0.000174385961145, -2.14545580093e-005, -0.000868034549057, 0.00333485472947, -0.0031466090586, 0.00457050185651, -0.00160813296679, -0.00022935832385, 0.00598063739017, -0.0102953230962, 0.0168183129281]]
    },
    "melbands": {
        "mean": [8.78393111634e-005, 0.000506494601723, 0.000621772254817, 0.00070214108564, 0.00109152798541, 0.000800674490165, 0.000263610534603, 0.000190267252037, 0.000159600458574, 8.7465326942e-005, 3.74590163119e-005, 3.05500470859e-005, 1.72373056557e-005, 2.79473715636e-005, 1.1822669876e-005, 9.96508333628e-006, 3.06745132548e-005, 6.01264400757e-006, 1.40425686368e-006, 1.98540737983e-006, 4.29497868026e-006, 1.79526659849e-006, 6.26591088349e-007, 4.05587428531e-007, 2.92912829991e-007, 3.98282452352e-007, 3.92878092725e-007, 1.15446660232e-007, 8.56784865277e-008, 1.16664025995e-007, 1.58689825724e-008, 1.14371596638e-008, 7.52169881935e-009, 5.02337993424e-009, 4.33367919328e-009, 2.52290921487e-009, 2.73509348503e-009, 1.2956967721e-009, 1.08940267918e-009, 7.42337913362e-010],
        "var": [1.2312096942e-007, 2.5444842322e-006, 2.54199130723e-006, 2.93756943393e-006, 1.01578425529e-005, 1.50185378516e-005, 6.42622524083e-007, 1.41598081882e-006, 6.33756314983e-007, 8.09610412489e-007, 3.13554835429e-008, 1.4933020509e-007, 1.47567389419e-008, 3.30783507252e-008, 5.86368109623e-009, 2.69209232684e-009, 1.24211595676e-007, 1.61088320461e-009, 5.68395920608e-011, 1.00257399605e-010, 1.16067988554e-009, 1.26252355792e-010, 6.87092657076e-012, 2.83364694556e-012, 4.08149642556e-012, 1.18824238643e-011, 5.12388916019e-011, 1.25784495666e-012, 3.63706135521e-013, 9.79090831847e-013, 7.27884549509e-015, 3.03859474949e-015, 1.2880672269e-015, 7.75919237376e-016, 1.17169104094e-015, 1.52138274339e-016, 2.41032489564e-016, 2.42977670949e-017, 2.16947951433e-017, 8.89002437174e-018]
    },
    "mfcc": {
        "mean": [-865.546325684, 212.119216919, 26.1961956024, 8.87470149994, 3.37357592583, -6.03906917572, -8.41276168823, -9.19714355469, -8.27026557922, -7.98464298248, -6.59087705612, -3.57632756233, -4.48761701584],
        "cov": [[6486.33496094, 1181.78930664, -2808.93334961, -202.699981689, -293.082275391, -250.290374756, -215.13458252, -178.89906311, -130.055511475, -95.8350067139, -99.1913833618, 11.3852081299, -117.15864563], [1181.78930664, 1285.94360352, 70.4205703735, -163.366134644, 143.478286743, -14.8148441315, -79.9172897339, -86.4852294922, -104.418243408, -107.796455383, -129.41545105, -149.671096802, -72.6149520874], [-2808.93334961, 70.4205703735, 2064.31445313, 237.987548828, 256.573913574, 264.137817383, 98.4874725342, 71.8254776001, 5.389316082, -18.1385860443, -81.0481567383, -133.530944824, 8.74629878998], [-202.699981689, -163.366134644, 237.987548828, 295.192321777, 90.1766891479, 101.533981323, 67.8105773926, 31.6040592194, 26.5139007568, -2.89321660995, -28.6551475525, -17.2145442963, -5.32473325729], [-293.082275391, 143.478286743, 256.573913574, 90.1766891479, 260.108551025, 142.274200439, 28.9863109589, -2.42181444168, -21.7313842773, -37.1707572937, -40.5564727783, -60.1230278015, -49.932384491], [-250.290374756, -14.8148441315, 264.137817383, 101.533981323, 142.274200439, 243.788879395, 95.8124389648, -2.26819229126, 4.99052429199, -14.3395633698, -24.215587616, -33.2931480408, -50.0897293091], [-215.13458252, -79.9172897339, 98.4874725342, 67.8105773926, 28.9863109589, 95.8124389648, 138.670440674, 75.3952560425, 33.0749702454, 1.55181097984, -8.39829730988, 5.11699438095, 6.12806797028], [-178.89906311, -86.4852294922, 71.8254776001, 31.6040592194, -2.42181444168, -2.26819229126, 75.3952560425, 153.855148315, 67.9817810059, 0.751584291458, 1.01982057095, 25.2087898254, 48.8681221008], [-130.055511475, -104.418243408, 5.389316082, 26.5139007568, -21.7313842773, 4.99052429199, 33.0749702454, 67.9817810059, 113.286422729, 65.245803833, 18.2380657196, 21.2770881653, 14.1270132065], [-95.8350067139, -107.796455383, -18.1385860443, -2.89321660995, -37.1707572937, -14.3395633698, 1.55181097984, 0.751584291458, 65.245803833, 130.144515991, 69.4299926758, 4.77374172211, -24.9383201599], [-99.1913833618, -129.41545105, -81.0481567383, -28.6551475525, -40.5564727783, -24.215587616, -8.39829730988, 1.01982057095, 18.2380657196, 69.4299926758, 129.010772705, 76.3643875122, -2.88221406937], [11.3852081299, -149.671096802, -133.530944824, -17.2145442963, -60.1230278015, -33.2931480408, 5.11699438095, 25.2087898254, 21.2770881653, 4.77374172211, 76.3643875122, 146.674133301, 85.6974945068], [-117.15864563, -72.6149520874, 8.74629878998, -5.32473325729, -49.932384491, -50.0897293091, 6.12806797028, 48.8681221008, 14.1270132065, -24.9383201599, -2.88221406937, 85.6974945068, 159.096694946]],
        "icov": [[0.00252386881039, -0.00330133293755, 0.00390850193799, -0.00379141489975, 0.0042988746427, -0.00492137018591, 0.00542403338477, -0.00493079097942, 0.00508160423487, -0.0042913639918, 0.00456180889159, -0.0031578221824, 0.001775112818], [-0.00330133293755, 0.00550065236166, -0.00515223620459, 0.00580840557814, -0.00645800679922, 0.00691127358004, -0.00717911263928, 0.00688335904852, -0.00671019265428, 0.00618426967412, -0.00548738334328, 0.00479104928672, -0.0022464194335], [0.00390850193799, -0.00515223620459, 0.00674951635301, -0.00619664648548, 0.00649433536455, -0.00840138364583, 0.00879882927984, -0.00815074425191, 0.00815602019429, -0.00683522922918, 0.00661612814292, -0.00379494158551, 0.00187439273577], [-0.00379141489975, 0.00580840557814, -0.00619664648548, 0.0107903880998, -0.00805002916604, 0.00734210060909, -0.00959495548159, 0.00803787633777, -0.00850971229374, 0.00648143608123, -0.00539712794125, 0.00444553233683, -0.00247416016646], [0.0042988746427, -0.00645800679922, 0.00649433536455, -0.00805002916604, 0.0149676920846, -0.0129934623837, 0.0120766209438, -0.0107097458094, 0.00992985535413, -0.00658530415967, 0.00703376810998, -0.00432114396244, 0.00356391770765], [-0.00492137018591, 0.00691127358004, -0.00840138364583, 0.00734210060909, -0.0129934623837, 0.0213979873806, -0.0195129774511, 0.0158073492348, -0.0136198811233, 0.0111909545958, -0.00921736843884, 0.00528863072395, -0.00125907326583], [0.00542403338477, -0.00717911263928, 0.00879882927984, -0.00959495548159, 0.0120766209438, -0.0195129774511, 0.0299559105188, -0.021509103477, 0.0155100189149, -0.0134138278663, 0.0130903739482, -0.00902396533638, 0.00463050510734], [-0.00493079097942, 0.00688335904852, -0.00815074425191, 0.00803787633777, -0.0107097458094, 0.0158073492348, -0.021509103477, 0.0281702317297, -0.0231647342443, 0.0178495272994, -0.0153116825968, 0.0111018940806, -0.00738359894603], [0.00508160423487, -0.00671019265428, 0.00815602019429, -0.00850971229374, 0.00992985535413, -0.0136198811233, 0.0155100189149, -0.0231647342443, 0.0363328307867, -0.0271831620485, 0.0210204552859, -0.015565128997, 0.00657036714256], [-0.0042913639918, 0.00618426967412, -0.00683522922918, 0.00648143608123, -0.00658530415967, 0.0111909545958, -0.0134138278663, 0.0178495272994, -0.0271831620485, 0.0343099944293, -0.0267572961748, 0.0186964031309, -0.00601803697646], [0.00456180889159, -0.00548738334328, 0.00661612814292, -0.00539712794125, 0.00703376810998, -0.00921736843884, 0.0130903739482, -0.0153116825968, 0.0210204552859, -0.0267572961748, 0.0379941873252, -0.0272115562111, 0.013100004755], [-0.0031578221824, 0.00479104928672, -0.00379494158551, 0.00444553233683, -0.00432114396244, 0.00528863072395, -0.00902396533638, 0.0111018940806, -0.015565128997, 0.0186964031309, -0.0272115562111, 0.0319879874587, -0.0159454196692], [0.001775112818, -0.0022464194335, 0.00187439273577, -0.00247416016646, 0.00356391770765, -0.00125907326583, 0.00463050510734, -0.00738359894603, 0.00657036714256, -0.00601803697646, 0.013100004755, -0.0159454196692, 0.0164928194135]]
    },
    "spectral_contrast_coeffs": {
        "mean": [-0.592845857143, -0.677130401134, -0.767739415169, -0.805346846581, -0.824070036411, -0.83018475771],
        "var": [0.0122861973941, 0.00948850344867, 0.00527095515281, 0.00414159707725, 0.00374529371038, 0.00283152260818]
    },
    "spectral_contrast_valleys": {
        "mean": [-8.45230102539, -7.6450510025, -8.81983089447, -9.77546405792, -10.5047874451, -13.1092576981],
        "var": [0.840179979801, 1.08194231987, 1.17991364002, 1.27267825603, 0.9084430933, 0.225566133857]
    }
},
"metadata": {
    "audio_properties": {
        "analysis_sample_rate": 44100,
        "bit_rate": 128074,
        "equal_loudness": 0,
        "length": 45.0612258911,
        "lossless": 0,
        "replay_gain": -5.8673324585,
        "sample_rate": 44100,
        "codec": "mp3",
        "downmix": "mix",
        "md5_encoded": "96c1c22a5cc4849f9cc3f4f15476e13b"
    },
    "tags": {
        "file_name": "1155.mp3"
    },
    "version": {
        "essentia": "2.1-beta2",
        "essentia_git_sha": "v2.1_beta2",
        "extractor": "music 1.0"
    }
},
"rhythm": {
    "beats_count": 96,
    "beats_loudness": {
        "mean": 0.0338123701513,
        "var": 0.00132330681663
    },
    "bpm": 125.824249268,
    "bpm_histogram_first_peak_bpm": {
        "mean": 126,
        "var": 0
    },
    "bpm_histogram_first_peak_spread": {
        "mean": 0.614035129547,
        "var": 0
    },
    "bpm_histogram_first_peak_weight": {
        "mean": 0.231578946114,
        "var": 0
    },
    "bpm_histogram_second_peak_bpm": {
        "mean": 120,
        "var": 0
    },
    "bpm_histogram_second_peak_spread": {
        "mean": 0.350000023842,
        "var": 0
    },
    "bpm_histogram_second_peak_weight": {
        "mean": 0.136842101812,
        "var": 0
    },
    "danceability": 1.20835840702,
    "onset_rate": 3.14984798431,
    "beats_loudness_band_ratio": {
        "mean": [0.281350106001, 0.478935033083, 0.246913850307, 0.060429174453, 0.0071387286298, 0.000823050329927],
        "var": [0.0678500831127, 0.0719895064831, 0.0742372795939, 0.0126600237563, 0.000269849348115, 3.58507804776e-006]
    },
    "beats_position": [0.510838985443, 0.99845802784, 1.48607707024, 1.97369611263, 2.48453521729, 2.94893407822, 3.41333317757, 3.90095233917, 4.38857126236, 4.8994102478, 5.41024923325, 5.92108821869, 6.43192720413, 6.93115615845, 7.44199514389, 7.94122457504, 8.44045352936, 8.93968200684, 9.42730140686, 9.92653083801, 10.4141492844, 10.9133787155, 11.4009971619, 11.8886165619, 12.3762359619, 12.8638544083, 13.3514738083, 13.7113828659, 14.0712919235, 14.4428119659, 14.8143310547, 15.1974601746, 15.5689792633, 15.9521083832, 16.3236274719, 16.6951465607, 17.0666656494, 17.4149665833, 17.9025840759, 18.4018135071, 18.8894329071, 19.3770523071, 19.8646717072, 20.363899231, 20.8631286621, 21.3623580933, 21.8499774933, 22.3375968933, 22.825214386, 23.3012237549, 23.7772331238, 24.2648525238, 24.7408618927, 25.2168693542, 25.681268692, 26.1456680298, 26.5868473053, 27.0628566742, 27.5388660431, 28.0032653809, 28.4792747498, 28.9785022736, 29.4893417358, 29.988571167, 30.4878005981, 30.9638080597, 31.4398174286, 31.9158267975, 32.391834259, 32.8562355042, 33.3206329346, 33.7850341797, 34.2610435486, 34.7370529175, 35.2130622864, 35.6890678406, 36.1650772095, 36.6410865784, 37.1054878235, 37.5466651917, 37.9878463745, 38.4522438049, 38.9050331116, 39.3578224182, 39.8222198486, 40.2750091553, 40.7510185242, 41.192199707, 41.6565971375, 42.1326065063, 42.5970077515, 43.0614051819, 43.5258026123, 44.0018119812, 44.4778213501, 44.953830719]
},
"tonal": {
    "chords_changes_rate": 0.0977366268635,
    "chords_number_rate": 0.0174897126853,
    "chords_strength": {
        "mean": 0.47164478898,
        "var": 0.0135132651776
    },
    "hpcp_entropy": {
        "mean": 1.66231632233,
        "var": 0.443334758282
    },
    "key_strength": 0.663386464119,
    "tuning_diatonic_strength": 0.423968315125,
    "tuning_equal_tempered_deviation": 0.135844022036,
    "tuning_frequency": 435.952270508,
    "tuning_nontempered_energy_ratio": 0.8338945508,
    "hpcp": {
        "mean": [0.121521063149, 0.0941254198551, 0.0685931071639, 0.128090366721, 0.134614318609, 0.0586534775794, 0.0215828567743, 0.0233830567449, 0.0594509318471, 0.103847503662, 0.0999940037727, 0.0973673313856, 0.119650371373, 0.128679513931, 0.159802541137, 0.19283567369, 0.17115907371, 0.152138710022, 0.15542152524, 0.122628644109, 0.097780674696, 0.084826476872, 0.0551491640508, 0.0706888064742, 0.113226182759, 0.0957403853536, 0.0550159476697, 0.0639790222049, 0.0835021287203, 0.112067975104, 0.141603946686, 0.112269446254, 0.0741806402802, 0.0901731997728, 0.0930414348841, 0.09379529953],
        "var": [0.0611161291599, 0.0348754562438, 0.0216174870729, 0.0702060088515, 0.0824360325933, 0.0199115201831, 0.00501281069592, 0.00557971559465, 0.0249151866883, 0.0597169399261, 0.0490183308721, 0.0460408367217, 0.067556977272, 0.0618278495967, 0.0770224407315, 0.105972275138, 0.0777605772018, 0.0740502998233, 0.0815165191889, 0.0593682974577, 0.0424511916935, 0.0454088822007, 0.0204721949995, 0.0290153156966, 0.0647468194366, 0.0509701184928, 0.0193234011531, 0.0302781425416, 0.0356622450054, 0.0483996644616, 0.0731761753559, 0.052042324096, 0.0311375353485, 0.0524063296616, 0.0503949075937, 0.0343975760043]
    },
    "chords_histogram": [12.6543207169, 6.17283964157, 7.71604919434, 2.88065838814, 2.57201647758, 1.44032919407, 0, 0.102880656719, 0.720164597034, 4.32098770142, 2.16049385071, 1.54320991039, 0, 0, 0.925925910473, 0, 2.77777767181, 7.51028823853, 6.89300394058, 7.30452680588, 10.3909463882, 9.67078208923, 10.0823049545, 2.16049385071],
    "thpcp": [1, 0.887590289116, 0.788955211639, 0.805979132652, 0.635923027992, 0.507067382336, 0.439889967442, 0.285990476608, 0.366575360298, 0.587164103985, 0.496486902237, 0.285299628973, 0.331780016422, 0.433022201061, 0.581157922745, 0.734324455261, 0.582202672958, 0.384683191776, 0.467616796494, 0.482490777969, 0.486400157213, 0.630179345608, 0.488112062216, 0.355707556009, 0.664246201515, 0.698077857494, 0.304163008928, 0.111923567951, 0.121258981526, 0.308298408985, 0.538528501987, 0.518545150757, 0.5049238801, 0.620478391647, 0.667301416397, 0.828698039055],
    "chords_key": "G",
    "chords_scale": "minor",
    "key_key": "G",
    "key_scale": "minor"
}
}