{
"lowlevel": {
    "average_loudness": 0.955551803112,
    "barkbands_crest": {
        "mean": 12.1651268005,
        "var": 21.0352077484
    },
    "barkbands_flatness_db": {
        "mean": 0.135640144348,
        "var": 0.0035528531298
    },
    "barkbands_kurtosis": {
        "mean": 6.16109466553,
        "var": 216.793014526
    },
    "barkbands_skewness": {
        "mean": 1.98812007904,
        "var": 1.40356755257
    },
    "barkbands_spread": {
        "mean": 19.7269172668,
        "var": 76.4769134521
    },
    "dissonance": {
        "mean": 0.454937130213,
        "var": 0.000879572646227
    },
    "dynamic_complexity": 2.67933177948,
    "erbbands_crest": {
        "mean": 10.2211809158,
        "var": 21.8596420288
    },
    "erbbands_flatness_db": {
        "mean": 0.132922843099,
        "var": 0.00160281185526
    },
    "erbbands_kurtosis": {
        "mean": 0.528816044331,
        "var": 2.68534851074
    },
    "erbbands_skewness": {
        "mean": 0.627645909786,
        "var": 0.261747568846
    },
    "erbbands_spread": {
        "mean": 40.203918457,
        "var": 212.27671814
    },
    "hfc": {
        "mean": 15.9904966354,
        "var": 241.179244995
    },
    "melbands_crest": {
        "mean": 16.6881866455,
        "var": 30.9864654541
    },
    "melbands_flatness_db": {
        "mean": 0.217124775052,
        "var": 0.00519407074898
    },
    "melbands_kurtosis": {
        "mean": 15.7883768082,
        "var": 472.197937012
    },
    "melbands_skewness": {
        "mean": 2.90702795982,
        "var": 2.49695825577
    },
    "melbands_spread": {
        "mean": 17.4533538818,
        "var": 92.3721160889
    },
    "pitch_salience": {
        "mean": 0.481912344694,
        "var": 0.0147203467786
    },
    "silence_rate_20dB": {
        "mean": 1,
        "var": 0
    },
    "silence_rate_30dB": {
        "mean": 0.990731179714,
        "var": 0.00918283034116
    },
    "silence_rate_60dB": {
        "mean": 0.0406797118485,
        "var": 0.039025388658
    },
    "spectral_centroid": {
        "mean": 1133.04772949,
        "var": 159480.96875
    },
    "spectral_complexity": {
        "mean": 16.1390323639,
        "var": 81.7982025146
    },
    "spectral_decrease": {
        "mean": -7.67587948758e-009,
        "var": 4.5473850511e-017
    },
    "spectral_energy": {
        "mean": 0.0304209273309,
        "var": 0.000701595447026
    },
    "spectral_energyband_high": {
        "mean": 0.000673553382512,
        "var": 6.69842052048e-007
    },
    "spectral_energyband_low": {
        "mean": 0.014342693612,
        "var": 0.000299170758808
    },
    "spectral_energyband_middle_high": {
        "mean": 0.00331383803859,
        "var": 1.44110754263e-005
    },
    "spectral_energyband_middle_low": {
        "mean": 0.0129939680919,
        "var": 0.000273750454653
    },
    "spectral_entropy": {
        "mean": 7.48636579514,
        "var": 0.186849623919
    },
    "spectral_flux": {
        "mean": 0.0887831673026,
        "var": 0.00481309508905
    },
    "spectral_kurtosis": {
        "mean": 4.37163591385,
        "var": 6.84267520905
    },
    "spectral_rms": {
        "mean": 0.00498043186963,
        "var": 4.87424540552e-006
    },
    "spectral_rolloff": {
        "mean": 905.579650879,
        "var": 568571.25
    },
    "spectral_skewness": {
        "mean": 1.6597687006,
        "var": 0.105393446982
    },
    "spectral_spread": {
        "mean": 5202684,
        "var": 2.69365988557e+012
    },
    "spectral_strongpeak": {
        "mean": 0.624946594238,
        "var": 0.439576178789
    },
    "zerocrossingrate": {
        "mean": 0.0484192967415,
        "var": 0.000559942622203
    },
    "barkbands": {
        "mean": [0.000571067270357, 0.0103748748079, 0.00261452258565, 0.00179596908856, 0.00516576971859, 0.00189960852731, 0.00112125824671, 0.0014875420602, 0.00125653308351, 0.000897939142305, 0.000270890595857, 0.000460156792542, 0.000364242878277, 0.000253332720604, 0.000439750525402, 0.000243737129495, 0.000135217560455, 0.000159247065312, 0.000167860402144, 0.000155125104357, 0.000124464611872, 9.04994012672e-005, 8.87700225576e-005, 9.31989270612e-005, 9.49689710978e-005, 8.43982270453e-005, 1.00016486613e-005],
        "var": [5.13847055572e-007, 0.000200059570489, 3.89626184187e-005, 1.92617953871e-005, 0.000128492509248, 1.05861581687e-005, 3.54942017111e-006, 3.95689812649e-006, 2.77197818832e-006, 4.1037765186e-006, 1.01889315829e-006, 5.49498281543e-007, 2.47079128712e-007, 2.08532313195e-007, 3.62190831993e-007, 1.17226534257e-007, 4.68532270759e-008, 8.38614937493e-008, 6.03935745858e-008, 2.79072036591e-008, 1.85297448496e-008, 1.64552584891e-008, 1.59571396097e-008, 1.76331145241e-008, 2.28591403584e-008, 1.37796734023e-008, 1.99887564833e-010]
    },
    "erbbands": {
        "mean": [0.344355821609, 2.13115930557, 3.15951657295, 5.02815103531, 8.59782123566, 21.2670936584, 18.4830131531, 16.0456218719, 18.4477596283, 15.232749939, 37.161693573, 28.7822742462, 26.6903991699, 25.4644489288, 13.9825639725, 19.5352058411, 17.8561306, 12.9609546661, 22.4816608429, 17.0321750641, 12.6464548111, 7.69988918304, 8.92795467377, 9.89623737335, 6.70307302475, 7.76131725311, 5.39807653427, 4.59262037277, 3.43979001045, 2.85634851456, 2.34663152695, 1.85753595829, 1.52858805656, 1.06491422653, 0.719597876072, 0.382172197104, 0.144279032946, 0.0353599824011, 0.00107543391641, 5.92937649344e-005],
        "var": [0.192419573665, 10.398774147, 42.7582435608, 130.88243103, 447.222015381, 2505.66308594, 2790.85717773, 576.519714355, 695.991455078, 478.298034668, 2114.47460938, 1410.95153809, 1935.96057129, 4495.85205078, 1455.25390625, 1035.63818359, 554.540222168, 495.794494629, 1090.50964355, 546.964172363, 262.19152832, 157.407531738, 259.418823242, 222.872512817, 88.5114364624, 69.868560791, 37.5345878601, 29.1811332703, 22.0788230896, 14.7158985138, 11.636302948, 7.68708515167, 4.60437202454, 2.70925974846, 1.26969528198, 0.318866878748, 0.0375455394387, 0.0022162841633, 2.10661687561e-006, 3.15879233881e-009]
    },
    "gfcc": {
        "mean": [5.71389579773, 79.8697814941, -98.2815246582, 28.3390827179, -53.1991996765, 18.5494117737, -32.9799728394, 14.3218574524, -19.8461761475, 15.5731716156, -16.4543209076, 3.07321190834, -8.29809761047],
        "cov": [[5504.31201172, -788.431274414, 502.085327148, -340.804779053, -281.99887085, -181.654953003, -543.19152832, -60.5076446533, -150.712799072, 205.963516235, -265.258300781, 111.787742615, -215.357299805], [-788.431274414, 848.487060547, -21.8248310089, 160.51083374, 157.118530273, 124.709785461, 286.648590088, 91.4969177246, 147.924728394, -156.869094849, -84.8971099854, -219.663909912, 79.6479949951], [502.085327148, -21.8248310089, 672.545715332, 128.272369385, 197.795303345, 51.9808654785, -29.4037151337, -38.0686798096, -48.6377677917, 90.0530548096, 64.7942428589, 4.00855255127, -155.396621704], [-340.804779053, 160.51083374, 128.272369385, 232.330047607, 155.377426147, 59.48853302, 66.5931015015, -13.2561626434, 0.746955037117, 5.2899646759, 75.2079086304, -15.0925922394, -31.591293335], [-281.99887085, 157.118530273, 197.795303345, 155.377426147, 234.847579956, 89.4045257568, 93.4990768433, 3.55255723, -4.51942157745, 6.47934579849, 81.7676925659, -8.50913524628, -59.1285896301], [-181.654953003, 124.709785461, 51.9808654785, 59.48853302, 89.4045257568, 121.63079834, 101.40789032, 48.7096405029, 49.8787956238, 7.28300380707, 4.22589731216, -29.327501297, 17.2986221313], [-543.19152832, 286.648590088, -29.4037151337, 66.5931015015, 93.4990768433, 101.40789032, 210.811248779, 96.6669692993, 84.5393981934, -51.9689865112, -10.4988050461, -66.6912536621, 53.9269599915], [-60.5076446533, 91.4969177246, -38.0686798096, -13.2561626434, 3.55255723, 48.7096405029, 96.6669692993, 112.658790588, 81.8404846191, -10.989233017, -43.9032287598, -41.1711463928, 38.328212738], [-150.712799072, 147.924728394, -48.6377677917, 0.746955037117, -4.51942157745, 49.8787956238, 84.5393981934, 81.8404846191, 142.838760376, 35.9074630737, -25.9345703125, -57.3640594482, 40.0078315735], [205.963516235, -156.869094849, 90.0530548096, 5.2899646759, 6.47934579849, 7.28300380707, -51.9689865112, -10.989233017, 35.9074630737, 159.452941895, 90.2196807861, 56.0213241577, -50.4598579407], [-265.258300781, -84.8971099854, 64.7942428589, 75.2079086304, 81.7676925659, 4.22589731216, -10.4988050461, -43.9032287598, -25.9345703125, 90.2196807861, 215.996017456, 125.333229065, -34.7646903992], [111.787742615, -219.663909912, 4.00855255127, -15.0925922394, -8.50913524628, -29.327501297, -66.6912536621, -41.1711463928, -57.3640594482, 56.0213241577, 125.333229065, 171.213119507, 21.8946475983], [-215.357299805, 79.6479949951, -155.396621704, -31.591293335, -59.1285896301, 17.2986221313, 53.9269599915, 38.328212738, 40.0078315735, -50.4598579407, -34.7646903992, 21.8946475983, 165.899780273]],
        "icov": [[0.000411922315834, -0.000377857882995, -0.000244875554927, 0.000154254317749, 0.000155080429977, -0.00021630723495, 0.00114581314847, -0.000963184167631, 0.000504396739416, -0.000740558665711, 0.00131460872944, -0.00116742460523, 0.000526696152519], [-0.000377857882995, 0.00533773424104, -0.00031057887827, -0.000884049863089, -0.00150023703463, 0.00106618239079, -0.0041992883198, 0.00462630391121, -0.00557901198044, 0.00524513563141, -0.00321273715235, 0.0056751864031, -0.00234353542328], [-0.000244875554927, -0.00031057887827, 0.00290954648517, -0.000350730901118, -0.00234410702251, -0.000195976783289, 0.000352994218701, -0.000229425320867, 0.00129974191077, -0.00185182411224, 0.000806373835076, -7.12313412805e-005, 0.000914703472517], [0.000154254317749, -0.000884049863089, -0.000350730901118, 0.00896796397865, -0.00438068294898, -0.000505213451106, 0.000849380914588, 0.000999539508484, 0.000792969018221, -0.000592656317167, -0.00236905948259, 0.0021737718489, -0.0011666280916], [0.000155080429977, -0.00150023703463, -0.00234410702251, -0.00438068294898, 0.0162215400487, -0.00662883743644, -0.00328203197569, -1.25869946714e-005, 0.00218949886039, 0.00190121191554, -0.00239806552418, -0.00278517371044, 0.00534949451685], [-0.00021630723495, 0.00106618239079, -0.000195976783289, -0.000505213451106, -0.00662883743644, 0.0199602134526, -0.00800519157201, 0.000122764831758, -0.000436464120867, -0.0049887499772, 0.00263737956993, 0.00153768796008, -0.00400491105393], [0.00114581314847, -0.0041992883198, 0.000352994218701, 0.000849380914588, -0.00328203197569, -0.00800519157201, 0.0262715816498, -0.0157655142248, 0.00118481717072, 0.00282189343125, -0.00266179861501, 0.000424351106631, -0.00127782975323], [-0.000963184167631, 0.00462630391121, -0.000229425320867, 0.000999539508484, -1.25869946714e-005, 0.000122764831758, -0.0157655142248, 0.030175562948, -0.0154139269143, 0.00558236055076, 0.00212252791971, -0.000829113414511, 0.000609213253483], [0.000504396739416, -0.00557901198044, 0.00129974191077, 0.000792969018221, 0.00218949886039, -0.000436464120867, 0.00118481717072, -0.0154139269143, 0.0303817819804, -0.018637035042, 0.00165951333474, 0.00499252183363, -0.00460297474638], [-0.000740558665711, 0.00524513563141, -0.00185182411224, -0.000592656317167, 0.00190121191554, -0.0049887499772, 0.00282189343125, 0.00558236055076, -0.018637035042, 0.0257530976087, -0.0108730886132, 0.00172867940273, 0.00348471757025], [0.00131460872944, -0.00321273715235, 0.000806373835076, -0.00236905948259, -0.00239806552418, 0.00263737956993, -0.00266179861501, 0.00212252791971, 0.00165951333474, -0.0108730886132, 0.0239722151309, -0.0196950063109, 0.00671363994479], [-0.00116742460523, 0.0056751864031, -7.12313412805e-005, 0.0021737718489, -0.00278517371044, 0.00153768796008, 0.000424351106631, -0.000829113414511, 0.00499252183363, 0.00172867940273, -0.0196950063109, 0.0314768441021, -0.0139517523348], [0.000526696152519, -0.00234353542328, 0.000914703472517, -0.0011666280916, 0.00534949451685, -0.00400491105393, -0.00127782975323, 0.000609213253483, -0.00460297474638, 0.00348471757025, 0.00671363994479, -0.0139517523348, 0.0164881404489]]
    },
    "melbands": {
        "mean": [0.00300488923676, 0.00209200941026, 0.000946586485952, 0.00105729768984, 0.000764771131799, 0.000350614252966, 0.000277080020169, 0.000197804169147, 0.000296933518257, 0.000172478074091, 0.000132573361043, 0.000106959036202, 4.30224536103e-005, 5.28768832737e-005, 4.35624460806e-005, 3.41716731782e-005, 2.23246879614e-005, 3.45841071976e-005, 2.82678920485e-005, 1.98715897568e-005, 1.34242163767e-005, 7.69249982113e-006, 7.93663730292e-006, 7.69439884607e-006, 8.26311043056e-006, 5.00421765537e-006, 4.54023620478e-006, 5.38641279491e-006, 3.3197072753e-006, 3.2044974887e-006, 2.47438151746e-006, 2.02357432499e-006, 1.52722566327e-006, 1.63747597526e-006, 1.36697690323e-006, 1.20397157843e-006, 1.14142233087e-006, 1.07546918571e-006, 1.01023874777e-006, 8.52811751884e-007],
        "var": [1.55939869728e-005, 1.12435709525e-005, 4.51135247204e-006, 4.77663888887e-006, 4.5189035518e-006, 2.80660486851e-007, 1.61598805448e-007, 7.09613559025e-008, 1.19794748343e-007, 5.14665714491e-008, 4.9446526873e-008, 8.82614514808e-008, 2.48975435824e-008, 7.51275486266e-009, 3.69710173587e-009, 2.60057930745e-009, 1.59022994772e-009, 2.74818723334e-009, 1.55834201099e-009, 7.8741141385e-010, 3.3597657989e-010, 1.86961071624e-010, 1.95299124095e-010, 1.678943512e-010, 1.65821009701e-010, 6.53054901822e-011, 3.19976163621e-011, 3.60625487805e-011, 1.77055991396e-011, 1.26358923325e-011, 1.09688048575e-011, 8.61553970527e-012, 4.42390481886e-012, 5.55139311256e-012, 4.66771499924e-012, 2.6922424793e-012, 3.19599468418e-012, 2.26355371079e-012, 2.24116276752e-012, 1.95549479387e-012]
    },
    "mfcc": {
        "mean": [-646.90838623, 117.242790222, 11.7658376694, 20.209602356, 5.07302999496, 8.89951610565, 2.24560475349, -1.5971133709, 5.91097736359, 9.97724628448, 1.83783459663, 2.14933681488, 2.25954723358],
        "cov": [[4401.91210938, -277.541137695, 101.971977234, -274.053100586, -20.8163166046, -254.832885742, -346.376800537, -291.512817383, -128.424407959, -118.640853882, -47.1575393677, -49.7029876709, -133.732284546], [-277.541137695, 591.606750488, 34.5679740906, 68.404800415, 13.2546310425, 76.4523391724, 65.5709457397, 128.185623169, 226.679412842, 164.847625732, 8.50677680969, -11.2762413025, -93.0873718262], [101.971977234, 34.5679740906, 416.797912598, 122.063186646, 167.115661621, 86.0476226807, 80.143699646, -21.2590465546, -83.9004058838, -1.35094976425, 53.6942367554, 57.3986434937, 60.9524459839], [-274.053100586, 68.404800415, 122.063186646, 195.52331543, 113.581611633, 87.7874221802, 91.5138778687, 30.5349330902, -40.1193962097, -14.1785993576, 46.552947998, 38.4564552307, 39.6329269409], [-20.8163166046, 13.2546310425, 167.115661621, 113.581611633, 178.751083374, 95.8925094604, 78.6550827026, -6.11103868484, -74.2529144287, -21.7550582886, 63.2202644348, 54.7446708679, 53.7007675171], [-254.832885742, 76.4523391724, 86.0476226807, 87.7874221802, 95.8925094604, 132.414016724, 85.6214523315, 18.6170253754, -3.69138503075, 18.9164409637, 40.2315444946, 38.9039421082, 46.4975357056], [-346.376800537, 65.5709457397, 80.143699646, 91.5138778687, 78.6550827026, 85.6214523315, 135.75541687, 70.6331787109, -4.52682352066, 9.90732955933, 30.4623451233, 22.5395526886, 35.892665863], [-291.512817383, 128.185623169, -21.2590465546, 30.5349330902, -6.11103868484, 18.6170253754, 70.6331787109, 145.792709351, 106.91230011, 48.2639427185, -16.0381126404, -38.0571060181, -27.9098072052], [-128.424407959, 226.679412842, -83.9004058838, -40.1193962097, -74.2529144287, -3.69138503075, -4.52682352066, 106.91230011, 267.864715576, 160.81980896, -32.1337051392, -62.7257995605, -95.6853713989], [-118.640853882, 164.847625732, -1.35094976425, -14.1785993576, -21.7550582886, 18.9164409637, 9.90732955933, 48.2639427185, 160.81980896, 164.324447632, 26.420381546, -3.40901350975, -47.9219169617], [-47.1575393677, 8.50677680969, 53.6942367554, 46.552947998, 63.2202644348, 40.2315444946, 30.4623451233, -16.0381126404, -32.1337051392, 26.420381546, 122.531364441, 76.2501525879, 37.1771812439], [-49.7029876709, -11.2762413025, 57.3986434937, 38.4564552307, 54.7446708679, 38.9039421082, 22.5395526886, -38.0571060181, -62.7257995605, -3.40901350975, 76.2501525879, 135.114456177, 96.79322052], [-133.732284546, -93.0873718262, 60.9524459839, 39.6329269409, 53.7007675171, 46.4975357056, 35.892665863, -27.9098072052, -95.6853713989, -47.9219169617, 37.1771812439, 96.79322052, 162.766891479]],
        "icov": [[0.000359507015673, -1.26902868942e-005, -0.000233998871408, 0.000414943497162, -0.000603752967436, 0.000479559093947, 0.000550195283722, 0.000366728461813, -0.000290729076369, 0.000403240614105, -6.27868939773e-005, -5.43334645045e-005, 0.000272928271443], [-1.26902868942e-005, 0.00353212072514, -0.000426062033512, -0.00100632384419, 0.000404636171879, -0.00187068327796, 0.000484431307996, -0.00153824954759, -0.00169306399766, -0.000765400880482, 0.000918175908737, -0.0024945542682, 0.00249758851714], [-0.000233998871408, -0.000426062033512, 0.00449430337176, -0.00101427210029, -0.00335391913541, 0.00092970469268, -0.00125856581144, 0.000780913163908, 0.00186317262705, -0.00278593180701, 0.00121825572569, 0.00057882576948, -0.000966987165157], [0.000414943497162, -0.00100632384419, -0.00101427210029, 0.0107713174075, -0.0035824009683, -0.00134000356775, -0.00176150910556, -0.000821013585664, 9.94525762508e-005, 0.0025432491675, -0.00137984775938, -0.000182624178706, 0.000565861177165], [-0.000603752967436, 0.000404636171879, -0.00335391913541, -0.0035824009683, 0.017969712615, -0.00792692229152, -0.00168596080039, -0.000988897983916, 0.00198892410845, 0.00146678206511, -0.00358887063339, -0.000597779988311, 0.00117795192637], [0.000479559093947, -0.00187068327796, 0.00092970469268, -0.00134000356775, -0.00792692229152, 0.0218145716935, -0.00971397198737, 0.00737003795803, -0.00412060506642, -0.00026301300386, -0.000251225283137, 0.00218876288272, -0.00465237442404], [0.000550195283722, 0.000484431307996, -0.00125856581144, -0.00176150910556, -0.00168596080039, -0.00971397198737, 0.0253467857838, -0.0140253668651, 0.00615293858573, -0.00271314638667, -7.6233263826e-005, -0.000778679095674, 0.000265016744379], [0.000366728461813, -0.00153824954759, 0.000780913163908, -0.000821013585664, -0.000988897983916, 0.00737003795803, -0.0140253668651, 0.0216275714338, -0.0105790616944, 0.00509048718959, -0.00120690278709, 0.00450134556741, -0.00277027115226], [-0.000290729076369, -0.00169306399766, 0.00186317262705, 9.94525762508e-005, 0.00198892410845, -0.00412060506642, 0.00615293858573, -0.0105790616944, 0.0218825340271, -0.0167018342763, 0.00459063937888, 0.00137926684693, 0.00149895844515], [0.000403240614105, -0.000765400880482, -0.00278593180701, 0.0025432491675, 0.00146678206511, -0.00026301300386, -0.00271314638667, 0.00509048718959, -0.0167018342763, 0.0242750346661, -0.00767533155158, -0.00214030477218, 0.00173443066888], [-6.27868939773e-005, 0.000918175908737, 0.00121825572569, -0.00137984775938, -0.00358887063339, -0.000251225283137, -7.6233263826e-005, -0.00120690278709, 0.00459063937888, -0.00767533155158, 0.0173870697618, -0.00911636464298, 0.00330782495439], [-5.43334645045e-005, -0.0024945542682, 0.00057882576948, -0.000182624178706, -0.000597779988311, 0.00218876288272, -0.000778679095674, 0.00450134556741, 0.00137926684693, -0.00214030477218, -0.00911636464298, 0.0224862396717, -0.0122371166945], [0.000272928271443, 0.00249758851714, -0.000966987165157, 0.000565861177165, 0.00117795192637, -0.00465237442404, 0.000265016744379, -0.00277027115226, 0.00149895844515, 0.00173443066888, 0.00330782495439, -0.0122371166945, 0.0163410622627]]
    },
    "spectral_contrast_coeffs": {
        "mean": [-0.664281666279, -0.693276107311, -0.731701254845, -0.764366567135, -0.775442659855, -0.740351200104],
        "var": [0.00951822474599, 0.00541947083548, 0.00581973511726, 0.00240106717683, 0.00188150256872, 0.00117503281217]
    },
    "spectral_contrast_valleys": {
        "mean": [-7.16242790222, -6.94412374496, -7.62459611893, -7.87560892105, -7.99631500244, -10.4777708054],
        "var": [1.00214612484, 1.04716658592, 0.968433260918, 1.02673602104, 1.12093317509, 1.25759768486]
    }
},
"metadata": {
    "audio_properties": {
        "analysis_sample_rate": 44100,
        "bit_rate": 128074,
        "equal_loudness": 0,
        "length": 45.0612258911,
        "lossless": 0,
        "replay_gain": -5.89266014099,
        "sample_rate": 44100,
        "codec": "mp3",
        "downmix": "mix",
        "md5_encoded": "8ed24d45b6e5458ab16a186c23d7abf1"
    },
    "tags": {
        "file_name": "1157.mp3"
    },
    "version": {
        "essentia": "2.1-beta2",
        "essentia_git_sha": "v2.1_beta2",
        "extractor": "music 1.0"
    }
},
"rhythm": {
    "beats_count": 127,
    "beats_loudness": {
        "mean": 0.05475461483,
        "var": 0.000880137609784
    },
    "bpm": 172.265533447,
    "bpm_histogram_first_peak_bpm": {
        "mean": 172,
        "var": 0
    },
    "bpm_histogram_first_peak_spread": {
        "mean": 0,
        "var": 0
    },
    "bpm_histogram_first_peak_weight": {
        "mean": 0.595238089561,
        "var": 0
    },
    "bpm_histogram_second_peak_bpm": {
        "mean": 167,
        "var": 0
    },
    "bpm_histogram_second_peak_spread": {
        "mean": 0,
        "var": 0
    },
    "bpm_histogram_second_peak_weight": {
        "mean": 0.404761910439,
        "var": 0
    },
    "danceability": 1.47701585293,
    "onset_rate": 4.52513360977,
    "beats_loudness_band_ratio": {
        "mean": [0.45373865962, 0.23559127748, 0.163656488061, 0.0729936286807, 0.0470559671521, 0.0482289418578],
        "var": [0.0794728919864, 0.040664203465, 0.0116511294618, 0.00515244156122, 0.00149619858712, 0.00139929796569]
    },
    "beats_position": [0.359909296036, 0.719818592072, 1.06811785698, 1.4164172411, 1.764716506, 2.12462592125, 2.48453521729, 2.83283448219, 3.1811337471, 3.54104304314, 3.90095233917, 4.2492518425, 4.59755086899, 4.94585037231, 5.2941493988, 5.65405893326, 6.01396799088, 6.3622674942, 6.71056699753, 7.05886602402, 7.41877555847, 7.77868461609, 8.12698364258, 8.47528362274, 8.83519268036, 9.19510173798, 9.54340076447, 9.89170074463, 10.2399997711, 10.5882987976, 10.9365987778, 11.2965078354, 11.656416893, 12.0047159195, 12.3530158997, 12.7129249573, 13.0728340149, 13.4211339951, 13.7694330215, 14.117732048, 14.4776411057, 14.8375511169, 15.1858501434, 15.5341491699, 15.8824491501, 16.242357254, 16.602268219, 16.9505672455, 17.298866272, 17.6471652985, 18.0070743561, 18.3669834137, 18.7152824402, 19.0635814667, 19.4118824005, 19.7717914581, 20.1317005157, 20.4799995422, 20.8282985687, 21.1765975952, 21.5365066528, 21.8964176178, 22.2447166443, 22.5930156708, 22.9413146973, 23.3012237549, 23.6611328125, 24.009431839, 24.3577327728, 24.7060317993, 25.0659408569, 25.4258499146, 25.774148941, 26.1224479675, 26.470746994, 26.830657959, 27.1905670166, 27.5388660431, 27.8871650696, 28.2470741272, 28.6069831848, 28.9552822113, 29.3035831451, 29.6518821716, 30.0001811981, 30.3600902557, 30.7199993134, 31.0682983398, 31.4165973663, 31.7648983002, 32.1248054504, 32.4847145081, 32.8330154419, 33.1813163757, 33.5296134949, 33.8895225525, 34.2494316101, 34.5977325439, 34.9460296631, 35.3059387207, 35.6658477783, 36.0141487122, 36.362449646, 36.7107467651, 37.0706558228, 37.4305648804, 37.7788658142, 38.1271629333, 38.4754638672, 38.823764801, 39.1836738586, 39.5435829163, 39.8918800354, 40.2401809692, 40.5884780884, 40.9483909607, 41.3083000183, 41.6565971375, 42.0048980713, 42.3531951904, 42.713104248, 43.0730133057, 43.4213142395, 43.7696151733, 44.1179122925, 44.4778213501, 44.8377304077]
},
"tonal": {
    "chords_changes_rate": 0.0668724253774,
    "chords_number_rate": 0.00925925932825,
    "chords_strength": {
        "mean": 0.47454816103,
        "var": 0.00942542217672
    },
    "hpcp_entropy": {
        "mean": 2.10812926292,
        "var": 0.397930502892
    },
    "key_strength": 0.65702021122,
    "tuning_diatonic_strength": 0.473930418491,
    "tuning_equal_tempered_deviation": 0.193842828274,
    "tuning_frequency": 434.193115234,
    "tuning_nontempered_energy_ratio": 0.945245862007,
    "hpcp": {
        "mean": [0.280010521412, 0.267856121063, 0.132410302758, 0.105723410845, 0.116281226277, 0.112816013396, 0.142420858145, 0.145716771483, 0.108330398798, 0.104063093662, 0.110695064068, 0.107207544148, 0.159590899944, 0.169723406434, 0.118748247623, 0.194089114666, 0.20039652288, 0.0868320092559, 0.0508298277855, 0.0601110719144, 0.0757398754358, 0.137058451772, 0.139635801315, 0.138140484691, 0.192351534963, 0.129843562841, 0.0793028473854, 0.18470300734, 0.202761217952, 0.094355173409, 0.0864507928491, 0.106522247195, 0.0877378955483, 0.101971119642, 0.132783532143, 0.169746011496],
        "var": [0.109437271953, 0.105753414333, 0.0396673232317, 0.0441503226757, 0.0559291429818, 0.0518345907331, 0.0647381916642, 0.0674128383398, 0.0452312529087, 0.0444940812886, 0.0482899546623, 0.0408239997923, 0.0521980598569, 0.0586477890611, 0.0343216881156, 0.083707511425, 0.0860375016928, 0.0244339928031, 0.0151320872828, 0.0221257675439, 0.0292644947767, 0.0442768707871, 0.0485983788967, 0.0381781309843, 0.107429809868, 0.041181627661, 0.0273510087281, 0.0688262730837, 0.0851711779833, 0.0221399590373, 0.0314820632339, 0.0463530644774, 0.0334741808474, 0.0388348400593, 0.0574579723179, 0.0695756152272]
    },
    "chords_histogram": [16.563785553, 8.33333301544, 33.436214447, 0.514403283596, 2.05761313438, 0.823045253754, 0.102880656719, 0, 0.823045253754, 2.88065838814, 0, 0, 0, 0, 0, 0, 7.51028823853, 17.0781898499, 0, 0.823045253754, 0, 0.411522626877, 3.90946507454, 4.73251008987],
    "thpcp": [1, 0.956593036652, 0.472876161337, 0.377569437027, 0.415274500847, 0.402899205685, 0.508626818657, 0.520397484303, 0.386879742146, 0.371639937162, 0.395324647427, 0.382869690657, 0.569946110249, 0.606132268906, 0.424084961414, 0.693149387836, 0.715674996376, 0.310102671385, 0.181528285146, 0.214674338698, 0.270489394665, 0.489476084709, 0.498680561781, 0.493340343237, 0.686943948269, 0.463709592819, 0.283213824034, 0.659628808498, 0.724120020866, 0.336970090866, 0.308741241693, 0.38042229414, 0.313337862492, 0.36416888237, 0.474209070206, 0.606212973595],
    "chords_key": "A",
    "chords_scale": "major",
    "key_key": "D",
    "key_scale": "major"
}
}