{
"lowlevel": {
    "average_loudness": 0.890479445457,
    "barkbands_crest": {
        "mean": 11.4357814789,
        "var": 16.3389606476
    },
    "barkbands_flatness_db": {
        "mean": 0.126157566905,
        "var": 0.00197946629487
    },
    "barkbands_kurtosis": {
        "mean": 4.60820627213,
        "var": 44.170463562
    },
    "barkbands_skewness": {
        "mean": 1.80606532097,
        "var": 0.967403531075
    },
    "barkbands_spread": {
        "mean": 20.1327285767,
        "var": 67.0481414795
    },
    "dissonance": {
        "mean": 0.452015966177,
        "var": 0.000846017035656
    },
    "dynamic_complexity": 2.83122205734,
    "erbbands_crest": {
        "mean": 9.86310768127,
        "var": 21.8320274353
    },
    "erbbands_flatness_db": {
        "mean": 0.140413850546,
        "var": 0.0012532324763
    },
    "erbbands_kurtosis": {
        "mean": 0.223957031965,
        "var": 1.67950165272
    },
    "erbbands_skewness": {
        "mean": 0.571630597115,
        "var": 0.276792675257
    },
    "erbbands_spread": {
        "mean": 39.7189025879,
        "var": 147.419464111
    },
    "hfc": {
        "mean": 14.9255685806,
        "var": 264.403045654
    },
    "melbands_crest": {
        "mean": 15.6490373611,
        "var": 27.3754425049
    },
    "melbands_flatness_db": {
        "mean": 0.195402875543,
        "var": 0.00354983308353
    },
    "melbands_kurtosis": {
        "mean": 13.2426357269,
        "var": 242.681427002
    },
    "melbands_skewness": {
        "mean": 2.71874165535,
        "var": 1.80315876007
    },
    "melbands_spread": {
        "mean": 19.4384460449,
        "var": 109.29927063
    },
    "pitch_salience": {
        "mean": 0.513131856918,
        "var": 0.0126350186765
    },
    "silence_rate_20dB": {
        "mean": 1,
        "var": 0
    },
    "silence_rate_30dB": {
        "mean": 0.96035015583,
        "var": 0.0380772948265
    },
    "silence_rate_60dB": {
        "mean": 0.0195674560964,
        "var": 0.019184095785
    },
    "spectral_centroid": {
        "mean": 1221.11791992,
        "var": 183694.5625
    },
    "spectral_complexity": {
        "mean": 14.8238925934,
        "var": 46.8516807556
    },
    "spectral_decrease": {
        "mean": -6.64354438129e-009,
        "var": 6.02478984386e-017
    },
    "spectral_energy": {
        "mean": 0.0264281015843,
        "var": 0.000925427186303
    },
    "spectral_energyband_high": {
        "mean": 0.000631990085822,
        "var": 6.65230970753e-007
    },
    "spectral_energyband_low": {
        "mean": 0.0114822415635,
        "var": 0.000380636978662
    },
    "spectral_energyband_middle_high": {
        "mean": 0.00312494649552,
        "var": 1.02622216218e-005
    },
    "spectral_energyband_middle_low": {
        "mean": 0.0123354019597,
        "var": 0.000312572345138
    },
    "spectral_entropy": {
        "mean": 7.45010185242,
        "var": 0.125546708703
    },
    "spectral_flux": {
        "mean": 0.0730582177639,
        "var": 0.00418435316533
    },
    "spectral_kurtosis": {
        "mean": 3.96588087082,
        "var": 1.88993275166
    },
    "spectral_rms": {
        "mean": 0.00448750285432,
        "var": 5.64574747841e-006
    },
    "spectral_rolloff": {
        "mean": 1122.20947266,
        "var": 679012.1875
    },
    "spectral_skewness": {
        "mean": 1.59280157089,
        "var": 0.0568059906363
    },
    "spectral_spread": {
        "mean": 5068510.5,
        "var": 1.7962949673e+012
    },
    "spectral_strongpeak": {
        "mean": 0.810845196247,
        "var": 0.68299049139
    },
    "zerocrossingrate": {
        "mean": 0.0543387643993,
        "var": 0.000582744192798
    },
    "barkbands": {
        "mean": [0.000443990953499, 0.00771533371881, 0.00239772512577, 0.00198188144714, 0.00410521123558, 0.00178155419417, 0.00155090447515, 0.0015523340553, 0.000851111079101, 0.000875289668329, 0.000246637442615, 0.000375899340725, 0.000355590629624, 0.000325559085468, 0.000494335312396, 0.000265306880465, 0.000152808715939, 0.000130871587317, 0.00011598844867, 0.000163792617968, 0.000129782769363, 9.03693362488e-005, 8.37061306811e-005, 8.53711317177e-005, 7.80214686529e-005, 7.11947941454e-005, 7.52050800656e-006],
        "var": [4.23161708341e-007, 0.000206218275707, 4.76745408378e-005, 2.95286299661e-005, 0.000122204539366, 1.04423206722e-005, 8.64693902258e-006, 7.56197232477e-006, 2.08511301025e-006, 4.32896331404e-006, 4.85861619381e-007, 3.50039101704e-007, 3.40660676557e-007, 3.86951057862e-007, 4.78648075841e-007, 1.82564633633e-007, 7.59193596878e-008, 6.69684396826e-008, 3.84520113528e-008, 3.06920888704e-008, 2.04202024179e-008, 1.63702793543e-008, 1.55999888563e-008, 1.84510504653e-008, 2.10967279202e-008, 1.47602792211e-008, 2.16185666591e-010]
    },
    "erbbands": {
        "mean": [0.25885233283, 1.58536207676, 2.71856403351, 5.28295326233, 7.61305427551, 16.2619018555, 16.1074485779, 15.2012796402, 21.0001544952, 23.7668495178, 35.4840316772, 19.7507171631, 33.5047836304, 15.051024437, 9.84286308289, 15.4659748077, 16.9162960052, 15.6445941925, 24.2534675598, 20.8163223267, 15.3565444946, 7.96673727036, 7.16166210175, 6.25472307205, 6.26988840103, 7.73042011261, 5.82172346115, 4.72154664993, 3.49564218521, 2.68766665459, 2.23518538475, 1.72485411167, 1.42484903336, 0.88545614481, 0.582018911839, 0.313590049744, 0.119366794825, 0.0291932951659, 0.000916428107303, 5.10069839947e-005],
        "var": [0.21123765409, 10.3709907532, 52.5077552795, 184.719100952, 457.784423828, 2404.90991211, 2530.73266602, 540.539550781, 1347.34667969, 1883.26916504, 3742.85229492, 1236.92089844, 6605.02099609, 707.509277344, 450.733551025, 559.46105957, 678.479858398, 619.07434082, 1109.83496094, 999.676940918, 662.832580566, 217.416168213, 202.123748779, 160.308425903, 67.752746582, 68.9261169434, 41.0764579773, 31.2126522064, 21.5041542053, 15.1305112839, 11.4053144455, 9.12158298492, 4.74377155304, 2.50820088387, 1.16722083092, 0.321320146322, 0.0381317995489, 0.00245968694799, 2.58822137766e-006, 3.77016950992e-009]
    },
    "gfcc": {
        "mean": [-0.842931210995, 72.308052063, -112.712265015, 22.6900863647, -61.8589057922, 14.5542430878, -38.35729599, 10.6414909363, -19.7970066071, 15.9967260361, -18.8712158203, 2.02718830109, -5.85461902618],
        "cov": [[3741.89282227, -286.180175781, 751.772399902, -52.0717201233, 125.364654541, -44.0082359314, -209.840438843, -47.1949195862, -153.252655029, 84.6887283325, -6.89638185501, 134.151565552, -253.568618774], [-286.180175781, 1089.19348145, 344.653137207, 607.885070801, 425.296142578, 279.501708984, 296.871917725, 70.4235076904, 111.437255859, -56.8422164917, 73.4456481934, -112.561691284, 21.6500473022], [751.772399902, 344.653137207, 783.461303711, 303.332702637, 326.081878662, 178.521057129, 115.735336304, 37.2932243347, 8.01200866699, 35.0553703308, 10.7110595703, -21.7852230072, -104.101425171], [-52.0717201233, 607.885070801, 303.332702637, 517.155334473, 339.716430664, 217.014648438, 166.486572266, 33.9295654297, 46.8055648804, -4.4778842926, 53.3509101868, -48.3082809448, 1.01916670799], [125.364654541, 425.296142578, 326.081878662, 339.716430664, 322.290252686, 187.155792236, 149.061325073, 37.8535919189, 42.586139679, 8.57968330383, 30.0095386505, -38.6792182922, -33.3004608154], [-44.0082359314, 279.501708984, 178.521057129, 217.014648438, 187.155792236, 180.901824951, 127.663444519, 53.3604164124, 57.1533088684, 21.9919395447, 20.621837616, -35.4272346497, -9.38508224487], [-209.840438843, 296.871917725, 115.735336304, 166.486572266, 149.061325073, 127.663444519, 187.169372559, 95.9058532715, 73.5664291382, -29.2430496216, -14.6416807175, -51.7568359375, 24.7501983643], [-47.1949195862, 70.4235076904, 37.2932243347, 33.9295654297, 37.8535919189, 53.3604164124, 95.9058532715, 118.42515564, 72.4331054688, -11.9902057648, -26.5760269165, -17.2616519928, 28.7538642883], [-153.252655029, 111.437255859, 8.01200866699, 46.8055648804, 42.586139679, 57.1533088684, 73.5664291382, 72.4331054688, 122.499702454, 53.0176925659, 22.8596992493, -24.0849781036, 12.2289381027], [84.6887283325, -56.8422164917, 35.0553703308, -4.4778842926, 8.57968330383, 21.9919395447, -29.2430496216, -11.9902057648, 53.0176925659, 156.424163818, 90.0559387207, 29.1923046112, -39.8908042908], [-6.89638185501, 73.4456481934, 10.7110595703, 53.3509101868, 30.0095386505, 20.621837616, -14.6416807175, -26.5760269165, 22.8596992493, 90.0559387207, 134.159729004, 66.9495239258, -0.972884714603], [134.151565552, -112.561691284, -21.7852230072, -48.3082809448, -38.6792182922, -35.4272346497, -51.7568359375, -17.2616519928, -24.0849781036, 29.1923046112, 66.9495239258, 121.831489563, 37.3760528564], [-253.568618774, 21.6500473022, -104.101425171, 1.01916670799, -33.3004608154, -9.38508224487, 24.7501983643, 28.7538642883, 12.2289381027, -39.8908042908, -0.972884714603, 37.3760528564, 124.51197052]],
        "icov": [[0.000515497347806, -0.000230542456848, -0.000397168449126, 0.000258343061432, -0.000399658893002, 0.000119906449981, 0.00113383680582, -0.000957416719757, 0.000486217642901, -0.000301258056425, 0.000685385486577, -0.000948797503952, 0.000799482280854], [-0.000230542456848, 0.00564876617864, -0.000514752871823, -0.00384175335057, -0.000177716618055, 0.00069391715806, -0.00420242920518, 0.00310328020714, -0.00358731579036, 0.00563862826675, -0.00700931018218, 0.00477263983339, -0.00105575902853], [-0.000397168449126, -0.000514752871823, 0.00314352405258, 0.000119198601169, -0.00246466696262, -0.000114587470307, -0.000369051558664, -0.000743761193007, 0.00125297345221, -0.00156577175949, 0.0018263598904, -0.00127323239576, 0.00125700177159], [0.000258343061432, -0.00384175335057, 0.000119198601169, 0.0108755864203, -0.00729016866535, -0.00313754542731, 0.00474485103041, -0.00223022419959, 0.00313917710446, -0.00159153831191, 0.000179950511665, 0.000615390541498, -0.00241114431992], [-0.000399658893002, -0.000177716618055, -0.00246466696262, -0.00729016866535, 0.0196196530014, -0.00561212841421, -0.00668883090839, 0.00454913917929, -0.00168681924697, 0.000695735798217, 0.00108512421139, -0.00284766755067, 0.00357114779763], [0.000119906449981, 0.00069391715806, -0.000114587470307, -0.00313754542731, -0.00561212841421, 0.0203501973301, -0.00743233552203, -0.00131901435088, 0.000446542660939, -0.00442380225286, 0.000358923076419, 0.000948677712586, 0.00012522545876], [0.00113383680582, -0.00420242920518, -0.000369051558664, 0.00474485103041, -0.00668883090839, -0.00743233552203, 0.0283983051777, -0.0151082314551, 0.000666423758958, 0.00224320427515, 0.000523579248693, 0.00218531768769, -0.00181139085907], [-0.000957416719757, 0.00310328020714, -0.000743761193007, -0.00223022419959, 0.00454913917929, -0.00131901435088, -0.0151082314551, 0.0292741749436, -0.0158030185848, 0.0043065850623, 0.00460216868669, -0.00456275977194, -0.00139546871651], [0.000486217642901, -0.00358731579036, 0.00125297345221, 0.00313917710446, -0.00168681924697, 0.000446542660939, 0.000666423758958, -0.0158030185848, 0.0271451752633, -0.0135965514928, 3.28279020323e-005, 0.00469024432823, -0.00269444123842], [-0.000301258056425, 0.00563862826675, -0.00156577175949, -0.00159153831191, 0.000695735798217, -0.00442380225286, 0.00224320427515, 0.0043065850623, -0.0135965514928, 0.0248400401324, -0.0176772419363, 0.0052506220527, 0.0031014829874], [0.000685385486577, -0.00700931018218, 0.0018263598904, 0.000179950511665, 0.00108512421139, 0.000358923076419, 0.000523579248693, 0.00460216868669, 3.28279020323e-005, -0.0176772419363, 0.0344046726823, -0.021507628262, 0.00434884615242], [-0.000948797503952, 0.00477263983339, -0.00127323239576, 0.000615390541498, -0.00284766755067, 0.000948677712586, 0.00218531768769, -0.00456275977194, 0.00469024432823, 0.0052506220527, -0.021507628262, 0.0283006820828, -0.0113442772999], [0.000799482280854, -0.00105575902853, 0.00125700177159, -0.00241114431992, 0.00357114779763, 0.00012522545876, -0.00181139085907, -0.00139546871651, -0.00269444123842, 0.0031014829874, 0.00434884615242, -0.0113442772999, 0.017258208245]]
    },
    "melbands": {
        "mean": [0.00224434281699, 0.00167427386623, 0.000972683657892, 0.000827760319225, 0.00064448005287, 0.000343437219271, 0.000325933360728, 0.000283622997813, 0.000266144197667, 0.0001186912923, 0.000166292898939, 6.06770445302e-005, 3.37885867339e-005, 3.83645237889e-005, 3.78212971555e-005, 3.85801286029e-005, 2.71652515949e-005, 3.77434007532e-005, 3.40520055033e-005, 2.28908411373e-005, 1.6632160623e-005, 8.81587402546e-006, 6.12590793025e-006, 6.07047286394e-006, 4.88843215862e-006, 4.46454396297e-006, 4.82456425743e-006, 5.27842712472e-006, 3.86238025385e-006, 2.98641589325e-006, 2.63810875367e-006, 2.03553031497e-006, 1.59548574175e-006, 1.46868705997e-006, 1.34290030473e-006, 1.05896060631e-006, 1.07641335489e-006, 1.05502431325e-006, 8.38174855744e-007, 7.17722627996e-007],
        "var": [1.6262923964e-005, 1.34594738483e-005, 5.86338455832e-006, 4.69637552669e-006, 4.0634031393e-006, 2.84714730014e-007, 3.08468429466e-007, 2.16562938249e-007, 2.02251527526e-007, 4.14836485163e-008, 1.61664985399e-007, 1.30041897251e-008, 9.44602707165e-009, 3.96137522785e-009, 3.78619491315e-009, 4.30669233609e-009, 2.16662754404e-009, 3.60767282714e-009, 3.14719561523e-009, 1.06411535139e-009, 9.29235577374e-010, 3.24573645738e-010, 1.52446069657e-010, 1.38207625899e-010, 1.19144014099e-010, 4.31500356279e-011, 3.66381369687e-011, 3.77474614066e-011, 2.10292599306e-011, 1.31242733695e-011, 1.09620541811e-011, 8.51597611873e-012, 5.21254437183e-012, 5.56920698794e-012, 4.57290975919e-012, 3.05667340397e-012, 3.74879164169e-012, 2.48821991657e-012, 2.02506999884e-012, 1.8007128991e-012]
    },
    "mfcc": {
        "mean": [-648.74609375, 110.475349426, 2.1709382534, 13.8796882629, -1.62548899651, 5.8738656044, -4.17822027206, -7.36572504044, 5.46345424652, 8.64293193817, -2.6486992836, 0.344699323177, 1.83224999905],
        "cov": [[2577.54858398, -72.1154174805, 389.087890625, 18.9492321014, 187.319229126, -38.9025344849, -24.3035888672, -77.5686950684, -206.177963257, -148.649337769, 68.3919372559, 43.4060211182, 24.3560943604], [-72.1154174805, 568.52532959, 246.398284912, 322.760192871, 220.416412354, 238.367584229, 203.77041626, 159.433944702, 107.772529602, 88.36328125, 69.6742706299, 75.3793258667, 28.437505722], [389.087890625, 246.398284912, 449.267791748, 212.897460938, 216.528747559, 159.923400879, 138.134109497, 69.0375366211, 29.2495708466, 52.7394142151, 52.7706451416, 55.4609718323, 33.0494537354], [18.9492321014, 322.760192871, 212.897460938, 350.344238281, 226.525726318, 208.903030396, 176.480697632, 117.357208252, 67.4774627686, 31.2031421661, 40.2504882813, 54.1351737976, 28.938129425], [187.319229126, 220.416412354, 216.528747559, 226.525726318, 233.387924194, 186.263336182, 131.652496338, 66.0783615112, 33.034072876, 22.7927188873, 58.9421310425, 62.0629768372, 41.1932945251], [-38.9025344849, 238.367584229, 159.923400879, 208.903030396, 186.263336182, 241.79776001, 150.926101685, 54.9629096985, 35.9859580994, 40.3497047424, 63.0304718018, 64.9216766357, 51.946308136], [-24.3035888672, 203.77041626, 138.134109497, 176.480697632, 131.652496338, 150.926101685, 165.741271973, 100.135490417, 58.4839782715, 35.9514732361, 24.0980701447, 34.196937561, 15.5433740616], [-77.5686950684, 159.433944702, 69.0375366211, 117.357208252, 66.0783615112, 54.9629096985, 100.135490417, 171.605377197, 117.473083496, 39.256149292, -12.9277105331, -11.8447656631, -14.7884883881], [-206.177963257, 107.772529602, 29.2495708466, 67.4774627686, 33.034072876, 35.9859580994, 58.4839782715, 117.473083496, 193.843765259, 104.345077515, -2.28350949287, -17.2804431915, -17.7414112091], [-148.649337769, 88.36328125, 52.7394142151, 31.2031421661, 22.7927188873, 40.3497047424, 35.9514732361, 39.256149292, 104.345077515, 138.35168457, 46.704158783, 14.2976112366, -1.54453837872], [68.3919372559, 69.6742706299, 52.7706451416, 40.2504882813, 58.9421310425, 63.0304718018, 24.0980701447, -12.9277105331, -2.28350949287, 46.704158783, 120.172019958, 61.5942611694, 29.5867404938], [43.4060211182, 75.3793258667, 55.4609718323, 54.1351737976, 62.0629768372, 64.9216766357, 34.196937561, -11.8447656631, -17.2804431915, 14.2976112366, 61.5942611694, 113.059822083, 70.3352432251], [24.3560943604, 28.437505722, 33.0494537354, 28.938129425, 41.1932945251, 51.946308136, 15.5433740616, -14.7884883881, -17.7414112091, -1.54453837872, 29.5867404938, 70.3352432251, 100.435028076]],
        "icov": [[0.000651618291158, 8.04865849204e-005, -0.000611484399997, 0.000390481669456, -0.00115736364387, 0.000981601770036, -8.29401396913e-005, -1.07246478365e-005, 0.000303221167997, 0.000661405094434, -0.000548732990865, 0.000171973035322, -8.90236333362e-006], [8.04865849204e-005, 0.00499878032133, -0.000760118418839, -0.00276262592524, 0.00129974610172, -0.00226191920228, 0.000421437231125, -0.00268875807524, 0.000758159672841, -0.00134347600397, -0.00036533063394, -0.0017930038739, 0.00126344303135], [-0.000611484399997, -0.000760118418839, 0.0052545433864, -1.56945297931e-005, -0.00401112716645, 0.00120838009752, -0.00164765457157, 0.000222017537453, 0.00149182509631, -0.00312032457441, 0.00132464536, 0.000432004453614, -0.000530410034116], [0.000390481669456, -0.00276262592524, -1.56945297931e-005, 0.0120592555031, -0.00782587938011, -0.000114461836347, -0.00310974032618, -0.000563022680581, -0.000555093865842, 0.00186827592552, 0.000939034915064, 8.18667331259e-007, 0.000538896827493], [-0.00115736364387, 0.00129974610172, -0.00401112716645, -0.00782587938011, 0.0243015829474, -0.0108438292518, 0.00226831412874, -0.00121748587117, -0.00270634004846, 0.00339210918173, -0.00287415157072, -0.00230535818264, 0.000633657793514], [0.000981601770036, -0.00226191920228, 0.00120838009752, -0.000114461836347, -0.0108438292518, 0.0216771569103, -0.0127224456519, 0.00654654810205, -0.000171870764461, -0.000347650231561, -0.00293490290642, 0.00370917073451, -0.00556218251586], [-8.29401396913e-005, 0.000421437231125, -0.00164765457157, -0.00310974032618, 0.00226831412874, -0.0127224456519, 0.026052493602, -0.0108035532758, 0.00269039347768, -0.00185562227853, 0.00268155359663, -0.00417268881574, 0.00394510244951], [-1.07246478365e-005, -0.00268875807524, 0.000222017537453, -0.000563022680581, -0.00121748587117, 0.00654654810205, -0.0108035532758, 0.019295617938, -0.010288127698, 0.00488955434412, -0.000173941938556, 0.00278050918132, -0.00115853222087], [0.000303221167997, 0.000758159672841, 0.00149182509631, -0.000555093865842, -0.00270634004846, -0.000171870764461, 0.00269039347768, -0.010288127698, 0.0178717877716, -0.012630848214, 0.00335095543414, 0.0012755979551, -0.000269229320111], [0.000661405094434, -0.00134347600397, -0.00312032457441, 0.00186827592552, 0.00339210918173, -0.000347650231561, -0.00185562227853, 0.00488955434412, -0.012630848214, 0.0203718375415, -0.00771553069353, -0.000263861002168, 0.00104393216316], [-0.000548732990865, -0.00036533063394, 0.00132464536, 0.000939034915064, -0.00287415157072, -0.00293490290642, 0.00268155359663, -0.000173941938556, 0.00335095543414, -0.00771553069353, 0.0165175180882, -0.00726664019749, 0.00248256907798], [0.000171973035322, -0.0017930038739, 0.000432004453614, 8.18667331259e-007, -0.00230535818264, 0.00370917073451, -0.00417268881574, 0.00278050918132, 0.0012755979551, -0.000263861002168, -0.00726664019749, 0.0228876005858, -0.0132605312392], [-8.90236333362e-006, 0.00126344303135, -0.000530410034116, 0.000538896827493, 0.000633657793514, -0.00556218251586, 0.00394510244951, -0.00115853222087, -0.000269229320111, 0.00104393216316, 0.00248256907798, -0.0132605312392, 0.0199797768146]]
    },
    "spectral_contrast_coeffs": {
        "mean": [-0.641978561878, -0.68401068449, -0.736374676228, -0.742278695107, -0.753555119038, -0.725107967854],
        "var": [0.0100794481114, 0.00634090928361, 0.00498865451664, 0.00283697852865, 0.00179080734961, 0.000893303134944]
    },
    "spectral_contrast_valleys": {
        "mean": [-7.72739934921, -6.99258756638, -7.6347489357, -7.95741605759, -8.15241527557, -10.6157207489],
        "var": [1.75708913803, 0.731023669243, 0.539361894131, 0.627197504044, 0.666996061802, 0.808497667313]
    }
},
"metadata": {
    "audio_properties": {
        "analysis_sample_rate": 44100,
        "bit_rate": 128074,
        "equal_loudness": 0,
        "length": 45.0612258911,
        "lossless": 0,
        "replay_gain": -5.90105247498,
        "sample_rate": 44100,
        "codec": "mp3",
        "downmix": "mix",
        "md5_encoded": "b1d87cd9349fa36340da35db80361e2c"
    },
    "tags": {
        "file_name": "1158.mp3"
    },
    "version": {
        "essentia": "2.1-beta2",
        "essentia_git_sha": "v2.1_beta2",
        "extractor": "music 1.0"
    }
},
"rhythm": {
    "beats_count": 126,
    "beats_loudness": {
        "mean": 0.0568934306502,
        "var": 0.00174015492667
    },
    "bpm": 172.265548706,
    "bpm_histogram_first_peak_bpm": {
        "mean": 172,
        "var": 0
    },
    "bpm_histogram_first_peak_spread": {
        "mean": 0,
        "var": 0
    },
    "bpm_histogram_first_peak_weight": {
        "mean": 0.575999975204,
        "var": 0
    },
    "bpm_histogram_second_peak_bpm": {
        "mean": 167,
        "var": 0
    },
    "bpm_histogram_second_peak_spread": {
        "mean": 0,
        "var": 0
    },
    "bpm_histogram_second_peak_weight": {
        "mean": 0.40000000596,
        "var": 0
    },
    "danceability": 1.66931641102,
    "onset_rate": 4.25894927979,
    "beats_loudness_band_ratio": {
        "mean": [0.345837950706, 0.226414710283, 0.266520231962, 0.0851240754128, 0.0580955259502, 0.046084869653],
        "var": [0.0873928666115, 0.0382200106978, 0.0372859984636, 0.00982666481286, 0.00206924485974, 0.000670447188895]
    },
    "beats_position": [0.383129239082, 0.789478421211, 1.16099774837, 1.52090704441, 1.88081634045, 2.22911548615, 2.57741498947, 2.92571425438, 3.28562355042, 3.64553284645, 3.99383211136, 4.34213161469, 4.69043064117, 5.05034017563, 5.41024923325, 5.75854873657, 6.10684776306, 6.45514726639, 6.81505680084, 7.17496585846, 7.52326536179, 7.87156438828, 8.2198638916, 8.57977294922, 8.93968200684, 9.287981987, 9.63628101349, 9.98458003998, 10.3444900513, 10.7043991089, 11.0526981354, 11.4009971619, 11.7609071732, 12.1208162308, 12.4691152573, 12.8174142838, 13.1657142639, 13.5140132904, 13.873922348, 14.2338323593, 14.5821313858, 14.9304304123, 15.2787294388, 15.6386394501, 15.9985485077, 16.3468475342, 16.6951465607, 17.0434455872, 17.4033565521, 17.7632656097, 18.1115646362, 18.4598636627, 18.8081626892, 19.1680717468, 19.5279808044, 19.8762817383, 20.2245807648, 20.5728797913, 20.9211788177, 21.2810878754, 21.640996933, 21.9892959595, 22.3375968933, 22.6975059509, 23.0574150085, 23.405714035, 23.7540130615, 24.1139221191, 24.4738311768, 24.8221302032, 25.1704311371, 25.5187301636, 25.8670291901, 26.2153282166, 26.5752372742, 26.9351463318, 27.2834453583, 27.6317462921, 27.9800453186, 28.3399543762, 28.6998634338, 29.0481624603, 29.3964614868, 29.7563705444, 30.1162815094, 30.4645805359, 30.8128795624, 31.1611785889, 31.5094776154, 31.869386673, 32.2292976379, 32.5775947571, 32.9258956909, 33.2858047485, 33.6457138062, 33.99401474, 34.3423118591, 34.690612793, 35.0505218506, 35.4104309082, 35.7587280273, 36.1070289612, 36.455329895, 36.8152389526, 37.1751480103, 37.5234451294, 37.8717460632, 38.2200431824, 38.5683441162, 38.9282531738, 39.2881622314, 39.6364631653, 39.9847602844, 40.344669342, 40.7045783997, 41.0528793335, 41.4011802673, 41.7494773865, 42.1093864441, 42.4692955017, 42.8175964355, 43.1658935547, 43.5141944885, 43.8741035461, 44.2340126038, 44.6055335999]
},
"tonal": {
    "chords_changes_rate": 0.0864197537303,
    "chords_number_rate": 0.0102880662307,
    "chords_strength": {
        "mean": 0.416921198368,
        "var": 0.0106138531119
    },
    "hpcp_entropy": {
        "mean": 1.80118703842,
        "var": 0.527322888374
    },
    "key_strength": 0.735142827034,
    "tuning_diatonic_strength": 0.425846785307,
    "tuning_equal_tempered_deviation": 0.0384867563844,
    "tuning_frequency": 439.745910645,
    "tuning_nontempered_energy_ratio": 0.655799388885,
    "hpcp": {
        "mean": [0.253858238459, 0.150317370892, 0.107715576887, 0.133409187198, 0.109532058239, 0.153361096978, 0.225587815046, 0.15821839869, 0.0841221660376, 0.0872893482447, 0.0801814049482, 0.130035579205, 0.18257920444, 0.128291130066, 0.160911738873, 0.226846888661, 0.135463446379, 0.0607150904834, 0.0696863532066, 0.0789931416512, 0.11737203598, 0.157108068466, 0.117436915636, 0.112268999219, 0.101849667728, 0.0594606511295, 0.137761846185, 0.204765588045, 0.119286000729, 0.0901638045907, 0.144341379404, 0.104700759053, 0.0999095290899, 0.142442733049, 0.146596848965, 0.215803623199],
        "var": [0.102065034211, 0.0494525320828, 0.035233438015, 0.0654083639383, 0.0443605072796, 0.0571993328631, 0.110236562788, 0.0635552108288, 0.0266036912799, 0.0327377989888, 0.0325695574284, 0.039531711489, 0.0744339376688, 0.0355318598449, 0.0588694363832, 0.112828925252, 0.0468793027103, 0.0145206497982, 0.0228114575148, 0.0298248790205, 0.0401206165552, 0.0640532076359, 0.0338461436331, 0.0557282492518, 0.0422272235155, 0.0230077542365, 0.0464540682733, 0.0916428640485, 0.0345516875386, 0.028522040695, 0.0872281342745, 0.040830437094, 0.0358658432961, 0.0578463040292, 0.0522591471672, 0.0924290493131]
    },
    "chords_histogram": [10.1851854324, 18.5185184479, 18.0041160583, 0.720164597034, 0, 3.70370364189, 0, 0.617283940315, 9.15637874603, 4.83539104462, 0.925925910473, 0, 0, 0, 0, 1.64609050751, 1.54320991039, 0, 0, 0, 0, 0, 10.0823049545, 20.0617275238],
    "thpcp": [1, 0.592131137848, 0.424313902855, 0.525526344776, 0.431469380856, 0.604121029377, 0.888636946678, 0.623254954815, 0.331374585629, 0.343850761652, 0.315851092339, 0.512237012386, 0.719217181206, 0.505365252495, 0.633864581585, 0.893596708775, 0.533618450165, 0.2391692698, 0.274508923292, 0.31117027998, 0.462352663279, 0.618881106377, 0.462608247995, 0.44225075841, 0.401206851006, 0.234227776527, 0.542672336102, 0.806613922119, 0.469892174006, 0.355173826218, 0.568590462208, 0.412437915802, 0.393564254045, 0.561111330986, 0.577475249767, 0.850095033646],
    "chords_key": "B",
    "chords_scale": "minor",
    "key_key": "D",
    "key_scale": "major"
}
}