{
"lowlevel": {
    "average_loudness": 0.884410977364,
    "barkbands_crest": {
        "mean": 11.6730747223,
        "var": 17.9921607971
    },
    "barkbands_flatness_db": {
        "mean": 0.13156580925,
        "var": 0.00229310337454
    },
    "barkbands_kurtosis": {
        "mean": 5.04847955704,
        "var": 49.027973175
    },
    "barkbands_skewness": {
        "mean": 1.87690353394,
        "var": 1.03974330425
    },
    "barkbands_spread": {
        "mean": 19.4144916534,
        "var": 68.8957748413
    },
    "dissonance": {
        "mean": 0.451963812113,
        "var": 0.000918515084777
    },
    "dynamic_complexity": 3.13912987709,
    "erbbands_crest": {
        "mean": 9.63128185272,
        "var": 19.0174922943
    },
    "erbbands_flatness_db": {
        "mean": 0.138708218932,
        "var": 0.00122232246213
    },
    "erbbands_kurtosis": {
        "mean": 0.298919349909,
        "var": 1.66853022575
    },
    "erbbands_skewness": {
        "mean": 0.558967411518,
        "var": 0.254788428545
    },
    "erbbands_spread": {
        "mean": 39.5003242493,
        "var": 163.534301758
    },
    "hfc": {
        "mean": 14.5894088745,
        "var": 273.7315979
    },
    "melbands_crest": {
        "mean": 15.9952840805,
        "var": 27.9598045349
    },
    "melbands_flatness_db": {
        "mean": 0.205466210842,
        "var": 0.00395968230441
    },
    "melbands_kurtosis": {
        "mean": 14.0182294846,
        "var": 266.894348145
    },
    "melbands_skewness": {
        "mean": 2.81168889999,
        "var": 1.93579006195
    },
    "melbands_spread": {
        "mean": 18.4342632294,
        "var": 112.061668396
    },
    "pitch_salience": {
        "mean": 0.500725865364,
        "var": 0.0144967837259
    },
    "silence_rate_20dB": {
        "mean": 1,
        "var": 0
    },
    "silence_rate_30dB": {
        "mean": 0.972193598747,
        "var": 0.0270338468254
    },
    "silence_rate_60dB": {
        "mean": 0.0520082376897,
        "var": 0.0493045002222
    },
    "spectral_centroid": {
        "mean": 1174.60864258,
        "var": 215179.90625
    },
    "spectral_complexity": {
        "mean": 14.7899074554,
        "var": 60.060005188
    },
    "spectral_decrease": {
        "mean": -7.14671521962e-009,
        "var": 6.11624094716e-017
    },
    "spectral_energy": {
        "mean": 0.0282966829836,
        "var": 0.00094234989956
    },
    "spectral_energyband_high": {
        "mean": 0.000598646875005,
        "var": 6.90847684837e-007
    },
    "spectral_energyband_low": {
        "mean": 0.01331084501,
        "var": 0.00036542196176
    },
    "spectral_energyband_middle_high": {
        "mean": 0.00299691292457,
        "var": 1.07671457954e-005
    },
    "spectral_energyband_middle_low": {
        "mean": 0.012486577034,
        "var": 0.000328836264089
    },
    "spectral_entropy": {
        "mean": 7.44917821884,
        "var": 0.13611087203
    },
    "spectral_flux": {
        "mean": 0.0795804783702,
        "var": 0.00481411954388
    },
    "spectral_kurtosis": {
        "mean": 4.15837144852,
        "var": 3.29697465897
    },
    "spectral_rms": {
        "mean": 0.00463823787868,
        "var": 6.09329208601e-006
    },
    "spectral_rolloff": {
        "mean": 1023.20404053,
        "var": 636128.875
    },
    "spectral_skewness": {
        "mean": 1.622874856,
        "var": 0.0837407112122
    },
    "spectral_spread": {
        "mean": 5014540,
        "var": 1.78612849869e+012
    },
    "spectral_strongpeak": {
        "mean": 0.668270766735,
        "var": 0.445734590292
    },
    "zerocrossingrate": {
        "mean": 0.0512745603919,
        "var": 0.000595645105932
    },
    "barkbands": {
        "mean": [0.000497299071867, 0.00906560570002, 0.00284232315607, 0.00197951798327, 0.00464800931513, 0.00166321219876, 0.00137347890995, 0.00126387295313, 0.00113301596139, 0.000858492800035, 0.000250007520663, 0.000349379493855, 0.000352314673364, 0.000275373808108, 0.00042652891716, 0.000251186284004, 0.00014097460371, 0.000138307455927, 0.000117248637252, 0.000148587685544, 0.00012228146079, 8.56360420585e-005, 7.85126976552e-005, 8.14303712104e-005, 7.87816898082e-005, 6.81721139699e-005, 7.13745430403e-006],
        "var": [5.67303970911e-007, 0.000211573322304, 4.98678491567e-005, 2.57954216067e-005, 0.000140411953907, 1.0022551578e-005, 6.6688876359e-006, 3.49982587977e-006, 3.30944317284e-006, 3.05829735225e-006, 7.44911233141e-007, 3.23486943898e-007, 3.12311755124e-007, 2.78259562947e-007, 3.4838004126e-007, 1.37592564897e-007, 5.81087284957e-008, 7.95102010898e-008, 4.69229775035e-008, 2.82690457709e-008, 2.13307753683e-008, 1.69758163082e-008, 1.66466698204e-008, 1.80144077433e-008, 2.22200267075e-008, 1.40725253672e-008, 1.95532243175e-010]
    },
    "erbbands": {
        "mean": [0.291194468737, 1.90448951721, 3.34457159042, 5.47993946075, 8.22131061554, 18.9538536072, 16.5877170563, 14.0210924149, 19.3160152435, 19.1781730652, 30.3221054077, 25.4101066589, 32.0850334167, 17.6216468811, 10.5291414261, 14.5929260254, 16.7610759735, 13.6887893677, 19.8721160889, 19.038684845, 14.3770952225, 7.60303258896, 7.54467487335, 6.53985834122, 6.14350509644, 6.98340797424, 5.46273612976, 4.39940404892, 3.30299210548, 2.54228067398, 2.10158252716, 1.6569314003, 1.35497808456, 0.879774212837, 0.587111830711, 0.309759378433, 0.113503456116, 0.0273854602128, 0.00083606177941, 5.15577157785e-005],
        "var": [0.207378700376, 10.9502849579, 55.2296409607, 166.55166626, 499.154602051, 2831, 2552.43457031, 488.280090332, 1192.19592285, 964.102294922, 1731.13256836, 1772.90307617, 3661.0690918, 1766.57629395, 1053.44494629, 529.117797852, 635.879638672, 482.748901367, 757.999694824, 796.608703613, 491.658721924, 187.497421265, 231.657363892, 182.217529297, 83.697479248, 64.3229217529, 42.955909729, 31.6033725739, 22.7409343719, 15.9070529938, 12.1831693649, 8.48875999451, 4.72245597839, 2.57057476044, 1.25022542477, 0.320560455322, 0.0366418808699, 0.0022617415525, 2.19113280764e-006, 3.68808850126e-009]
    },
    "gfcc": {
        "mean": [-3.40252423286, 78.950553894, -108.945327759, 25.7848510742, -58.7773361206, 16.5207176208, -35.6667137146, 12.2906808853, -18.9118900299, 14.9719877243, -19.2080974579, 0.894479811192, -6.09108352661],
        "cov": [[4266.58496094, -336.663238525, 804.278015137, -55.8101348877, 99.7499389648, -39.0440711975, -242.271652222, -11.3281364441, -211.891525269, 47.334312439, -40.1525840759, 171.191848755, -243.246490479], [-336.663238525, 1081.7421875, 263.742126465, 484.575134277, 362.074005127, 236.240951538, 316.265075684, 88.1886749268, 138.534729004, -87.0102005005, 46.049785614, -140.611038208, 47.2979774475], [804.278015137, 263.742126465, 729.823181152, 218.545227051, 263.873321533, 134.02003479, 92.5072860718, 43.6635284424, -5.73940658569, 14.9999094009, -11.6904001236, -12.4421548843, -85.8743133545], [-55.8101348877, 484.575134277, 218.545227051, 418.308959961, 267.305480957, 153.988998413, 131.107803345, 22.5666217804, 40.6842918396, -8.14359092712, 42.7707252502, -45.9647865295, 2.34933137894], [99.7499389648, 362.074005127, 263.873321533, 267.305480957, 270.560394287, 150.887435913, 137.903320313, 42.0464897156, 43.7249565125, -3.63762068748, 13.2823371887, -41.602519989, -21.2615566254], [-39.0440711975, 236.240951538, 134.02003479, 153.988998413, 150.887435913, 159.006896973, 125.816589355, 59.2347297668, 60.1431083679, 14.2443819046, 10.7054653168, -37.3521537781, 1.19352197647], [-242.271652222, 316.265075684, 92.5072860718, 131.107803345, 137.903320313, 125.816589355, 209.176300049, 107.735229492, 89.8230743408, -38.3905334473, -23.5913200378, -69.9075927734, 33.3535881042], [-11.3281364441, 88.1886749268, 43.6635284424, 22.5666217804, 42.0464897156, 59.2347297668, 107.735229492, 124.916053772, 76.8948059082, -16.0522651672, -31.2043552399, -26.5380630493, 26.6708965302], [-211.891525269, 138.534729004, -5.73940658569, 40.6842918396, 43.7249565125, 60.1431083679, 89.8230743408, 76.8948059082, 133.570724487, 46.8593711853, 22.7401294708, -33.7483062744, 19.9595184326], [47.334312439, -87.0102005005, 14.9999094009, -8.14359092712, -3.63762068748, 14.2443819046, -38.3905334473, -16.0522651672, 46.8593711853, 154.938247681, 89.4743347168, 37.1751174927, -36.0609893799], [-40.1525840759, 46.049785614, -11.6904001236, 42.7707252502, 13.2823371887, 10.7054653168, -23.5913200378, -31.2043552399, 22.7401294708, 89.4743347168, 130.770095825, 64.3892211914, 0.985431671143], [171.191848755, -140.611038208, -12.4421548843, -45.9647865295, -41.602519989, -37.3521537781, -69.9075927734, -26.5380630493, -33.7483062744, 37.1751174927, 64.3892211914, 127.25630188, 33.1152801514], [-243.246490479, 47.2979774475, -85.8743133545, 2.34933137894, -21.2615566254, 1.19352197647, 33.3535881042, 26.6708965302, 19.9595184326, -36.0609893799, 0.985431671143, 33.1152801514, 126.278381348]],
        "icov": [[0.000458892085589, -0.000250865647104, -0.000378453114536, 0.000252711528447, -0.000229719793424, -0.000117237017548, 0.00109932722989, -0.00108452280983, 0.000588684808463, -0.000179826209205, 0.000487680867082, -0.0007857196033, 0.000674817070831], [-0.000250865647104, 0.00469016330317, -0.000540296779945, -0.00251823733561, -0.00056623929413, 0.000341240694979, -0.00364419654943, 0.0028104102239, -0.00320659507997, 0.0049598403275, -0.00570655474439, 0.00400173524395, -0.0013718160335], [-0.000378453114536, -0.000540296779945, 0.00306207826361, 0.000263282388914, -0.00256545026787, 9.07941939658e-005, -0.000335907796398, -0.000621085637249, 0.00117155117914, -0.00150496361312, 0.00171768490691, -0.00120515737217, 0.00102559197694], [0.000252711528447, -0.00251823733561, 0.000263282388914, 0.00940176937729, -0.00758787337691, -0.00137245852966, 0.00404697284102, -0.00181065127254, 0.0027642888017, -0.0010113210883, -0.00137217866722, 0.00140026886947, -0.00159918493591], [-0.000229719793424, -0.00056623929413, -0.00256545026787, -0.00758787337691, 0.0203087627888, -0.00619867257774, -0.0060697812587, 0.00432922877371, -0.00205110269599, 0.000487212178996, 0.00271484279074, -0.00397309893742, 0.00381700880826], [-0.000117237017548, 0.000341240694979, 9.07941939658e-005, -0.00137245852966, -0.00619867257774, 0.0198153592646, -0.00761014595628, -0.00168036308605, 0.00126603629906, -0.00479918019846, -5.81916210649e-005, 0.00134863180574, -0.00105618161615], [0.00109932722989, -0.00364419654943, -0.000335907796398, 0.00404697284102, -0.0060697812587, -0.00761014595628, 0.0270253997296, -0.0143596660346, 0.000329223053996, 0.00247797556221, -0.000669964181725, 0.00383771420456, -0.00222208746709], [-0.00108452280983, 0.0028104102239, -0.000621085637249, -0.00181065127254, 0.00432922877371, -0.00168036308605, -0.0143596660346, 0.0282353125513, -0.0150060383603, 0.00415298994631, 0.00533577380702, -0.00509399920702, -0.000104310725874], [0.000588684808463, -0.00320659507997, 0.00117155117914, 0.0027642888017, -0.00205110269599, 0.00126603629906, 0.000329223053996, -0.0150060383603, 0.0263487305492, -0.0129316020757, -0.00158796389587, 0.00604248838499, -0.00362431211397], [-0.000179826209205, 0.0049598403275, -0.00150496361312, -0.0010113210883, 0.000487212178996, -0.00479918019846, 0.00247797556221, 0.00415298994631, -0.0129316020757, 0.0237713400275, -0.0150956427678, 0.0024937109556, 0.0036831444595], [0.000487680867082, -0.00570655474439, 0.00171768490691, -0.00137217866722, 0.00271484279074, -5.81916210649e-005, -0.000669964181725, 0.00533577380702, -0.00158796389587, -0.0150956427678, 0.0309586413205, -0.018474297598, 0.0043213730678], [-0.0007857196033, 0.00400173524395, -0.00120515737217, 0.00140026886947, -0.00397309893742, 0.00134863180574, 0.00383771420456, -0.00509399920702, 0.00604248838499, 0.0024937109556, -0.018474297598, 0.0271316450089, -0.0116912294179], [0.000674817070831, -0.0013718160335, 0.00102559197694, -0.00159918493591, 0.00381700880826, -0.00105618161615, -0.00222208746709, -0.000104310725874, -0.00362431211397, 0.0036831444595, 0.0043213730678, -0.0116912294179, 0.01637833938]]
    },
    "melbands": {
        "mean": [0.00258019333705, 0.00205043819733, 0.00101110886317, 0.00095470744418, 0.000689175212756, 0.000315192417474, 0.00029671334778, 0.000229050114285, 0.000240501205553, 0.000155457251822, 0.000159136790899, 7.20470707165e-005, 3.58399702236e-005, 3.63445251423e-005, 3.74650735466e-005, 3.62122154911e-005, 2.36070318351e-005, 3.06304573314e-005, 3.00217434415e-005, 2.12238555832e-005, 1.55745947268e-005, 8.04127830634e-006, 6.6261873144e-006, 6.38763367533e-006, 5.14917110195e-006, 4.44006946054e-006, 4.60879209641e-006, 4.68696180178e-006, 3.58863007932e-006, 2.86081217382e-006, 2.43216572926e-006, 1.91314893527e-006, 1.500717417e-006, 1.42137332659e-006, 1.26250256471e-006, 1.00106558421e-006, 1.03517402295e-006, 9.86540953818e-007, 8.23602533728e-007, 7.13310669198e-007],
        "var": [1.6359048459e-005, 1.40099791679e-005, 5.56214581593e-006, 5.4162833294e-006, 4.37219932792e-006, 2.57584872543e-007, 2.65917663e-007, 1.09248816216e-007, 1.03910359428e-007, 6.31948751106e-008, 9.04352148723e-008, 3.4060519738e-008, 1.84203479137e-008, 3.76993858353e-009, 3.67736907592e-009, 3.5916174479e-009, 1.66109270783e-009, 2.44404407823e-009, 2.26173835216e-009, 8.34052105159e-010, 6.82408352048e-010, 2.52389442679e-010, 1.78672923679e-010, 1.57256416222e-010, 1.30769686746e-010, 6.06076508425e-011, 3.7865616892e-011, 3.22646770412e-011, 2.12017122608e-011, 1.3315393059e-011, 1.1095017266e-011, 8.88717745229e-012, 5.00667172651e-012, 5.9995472132e-012, 4.84660705666e-012, 2.92119800571e-012, 3.48258357916e-012, 2.456297752e-012, 1.9978816778e-012, 1.85980484485e-012]
    },
    "mfcc": {
        "mean": [-651.856445313, 115.642974854, 4.8389544487, 16.6595478058, 0.338467329741, 7.38374233246, -1.98568367958, -4.76671028137, 7.39346075058, 9.99652194977, -1.53557062149, 0.820399940014, 1.22454047203],
        "cov": [[2977.01928711, -88.0416870117, 421.211578369, 37.7751350403, 209.470535278, -75.7135391235, -20.7871894836, -42.6481895447, -209.557052612, -180.715911865, 62.32970047, 12.4022102356, -9.09524822235], [-88.0416870117, 626.605834961, 214.694488525, 271.151367188, 167.585617065, 191.492889404, 180.997558594, 177.155639648, 146.647079468, 117.990959167, 57.2455368042, 58.8329849243, 1.43852090836], [421.211578369, 214.694488525, 420.839874268, 167.533401489, 178.170272827, 111.504516602, 110.127281189, 62.1472358704, 27.1264629364, 43.3303146362, 35.7152481079, 37.4166679382, 19.298582077], [37.7751350403, 271.151367188, 167.533401489, 304.52520752, 182.091415405, 159.141418457, 137.12562561, 94.2271575928, 52.9459381104, 21.9184379578, 34.3298492432, 38.6037368774, 17.2576351166], [209.470535278, 167.585617065, 178.170272827, 182.091415405, 193.242279053, 137.519943237, 97.4474868774, 50.1031570435, 23.7639808655, 11.1412849426, 47.4900550842, 44.4041137695, 28.937210083], [-75.7135391235, 191.492889404, 111.504516602, 159.141418457, 137.519943237, 193.996002197, 115.997688293, 39.9266548157, 33.3280334473, 36.4274902344, 51.1410179138, 50.9239616394, 42.629119873], [-20.7871894836, 180.997558594, 110.127281189, 137.12562561, 97.4474868774, 115.997688293, 143.151748657, 93.2057800293, 63.3371887207, 39.8434562683, 19.1349163055, 23.2432041168, 5.10316371918], [-42.6481895447, 177.155639648, 62.1472358704, 94.2271575928, 50.1031570435, 39.9266548157, 93.2057800293, 172.450515747, 128.191802979, 53.9256019592, -9.57098293304, -18.0973396301, -25.4923973083], [-209.557052612, 146.647079468, 27.1264629364, 52.9459381104, 23.7639808655, 33.3280334473, 63.3371887207, 128.191802979, 207.10697937, 119.802749634, 0.483443021774, -20.0514144897, -26.3364753723], [-180.715911865, 117.990959167, 43.3303146362, 21.9184379578, 11.1412849426, 36.4274902344, 39.8434562683, 53.9256019592, 119.802749634, 153.212875366, 45.1583175659, 12.2892436981, -9.92271518707], [62.32970047, 57.2455368042, 35.7152481079, 34.3298492432, 47.4900550842, 51.1410179138, 19.1349163055, -9.57098293304, 0.483443021774, 45.1583175659, 116.909873962, 57.9024009705, 24.2423839569], [12.4022102356, 58.8329849243, 37.4166679382, 38.6037368774, 44.4041137695, 50.9239616394, 23.2432041168, -18.0973396301, -20.0514144897, 12.2892436981, 57.9024009705, 114.595909119, 73.0592498779], [-9.09524822235, 1.43852090836, 19.298582077, 17.2576351166, 28.937210083, 42.629119873, 5.10316371918, -25.4923973083, -26.3364753723, -9.92271518707, 24.2423839569, 73.0592498779, 110.684829712]],
        "icov": [[0.000582070555538, 9.15511373023e-006, -0.000537030398846, 0.000397664465709, -0.0011283934582, 0.00101842929143, -0.000106560575659, -0.000186519639101, 0.000346619810443, 0.000603613327257, -0.000602524727583, 0.00019910831179, 8.11946956674e-005], [9.15511373023e-006, 0.00402255216613, -0.000797135173343, -0.00203047995456, 0.00142022420187, -0.00234659691341, 0.000705711951014, -0.0027081775479, 0.000198556983378, -0.00128922320437, 0.000206040334888, -0.00213692267425, 0.00157729000784], [-0.000537030398846, -0.000797135173343, 0.00513822212815, 0.000196806096938, -0.00420095166191, 0.00142424437217, -0.00192712363787, 0.000522291695233, 0.00141231447924, -0.00285391137004, 0.00151542108506, 0.000462741561932, -0.000758588605095], [0.000397664465709, -0.00203047995456, 0.000196806096938, 0.0107972184196, -0.0076389038004, -0.0002004456328, -0.00275978003629, -0.000732626358513, 0.00040416495176, 0.0016083716182, 0.00027397274971, 0.000340689322911, 0.000329559494276], [-0.0011283934582, 0.00142022420187, -0.00420095166191, -0.0076389038004, 0.0238900575787, -0.0104105779901, 0.00240493589081, -0.00101891660597, -0.00308911479078, 0.00378128793091, -0.00284746522084, -0.00190501776524, 0.000715575180948], [0.00101842929143, -0.00234659691341, 0.00142424437217, -0.0002004456328, -0.0104105779901, 0.0219174996018, -0.0125992037356, 0.00659744860604, 5.82889479119e-005, -0.000704492034856, -0.00293862563558, 0.0037177358754, -0.00558169791475], [-0.000106560575659, 0.000705711951014, -0.00192712363787, -0.00275978003629, 0.00240493589081, -0.0125992037356, 0.0256559010595, -0.0108752846718, 0.00178038864397, -0.00123652932234, 0.00233011972159, -0.0042685456574, 0.00390441645868], [-0.000186519639101, -0.0027081775479, 0.000522291695233, -0.000732626358513, -0.00101891660597, 0.00659744860604, -0.0108752846718, 0.0198724325746, -0.0101803336293, 0.00389535096474, -0.00027219846379, 0.00293726031668, -0.00110546487849], [0.000346619810443, 0.000198556983378, 0.00141231447924, 0.00040416495176, -0.00308911479078, 5.82889479119e-005, 0.00178038864397, -0.0101803336293, 0.0177956856787, -0.0118549065664, 0.00308546493761, 0.00160178518854, -0.00048648257507], [0.000603613327257, -0.00128922320437, -0.00285391137004, 0.0016083716182, 0.00378128793091, -0.000704492034856, -0.00123652932234, 0.00389535096474, -0.0118549065664, 0.0192432831973, -0.00735448813066, -0.000691749912221, 0.00152185780462], [-0.000602524727583, 0.000206040334888, 0.00151542108506, 0.00027397274971, -0.00284746522084, -0.00293862563558, 0.00233011972159, -0.00027219846379, 0.00308546493761, -0.00735448813066, 0.0161434412003, -0.00727683771402, 0.00268923258409], [0.00019910831179, -0.00213692267425, 0.000462741561932, 0.000340689322911, -0.00190501776524, 0.0037177358754, -0.0042685456574, 0.00293726031668, 0.00160178518854, -0.000691749912221, -0.00727683771402, 0.0222022496164, -0.0128922117874], [8.11946956674e-005, 0.00157729000784, -0.000758588605095, 0.000329559494276, 0.000715575180948, -0.00558169791475, 0.00390441645868, -0.00110546487849, -0.00048648257507, 0.00152185780462, 0.00268923258409, -0.0128922117874, 0.018571132794]]
    },
    "spectral_contrast_coeffs": {
        "mean": [-0.645813047886, -0.691953122616, -0.73561835289, -0.748460114002, -0.760835707188, -0.731070399284],
        "var": [0.00915776472539, 0.00559639418498, 0.00518317753449, 0.00282779731788, 0.00178004021291, 0.000945704465266]
    },
    "spectral_contrast_valleys": {
        "mean": [-7.54585790634, -6.99076271057, -7.63751316071, -7.97303628922, -8.15171813965, -10.6301288605],
        "var": [1.6433120966, 0.777476668358, 0.59987026453, 0.695580303669, 0.756937384605, 0.973608493805]
    }
},
"metadata": {
    "audio_properties": {
        "analysis_sample_rate": 44100,
        "bit_rate": 128074,
        "equal_loudness": 0,
        "length": 45.0612258911,
        "lossless": 0,
        "replay_gain": -6.61026000977,
        "sample_rate": 44100,
        "codec": "mp3",
        "downmix": "mix",
        "md5_encoded": "b5852d05728a27974e2eb15e948985c7"
    },
    "tags": {
        "file_name": "1160.mp3"
    },
    "version": {
        "essentia": "2.1-beta2",
        "essentia_git_sha": "v2.1_beta2",
        "extractor": "music 1.0"
    }
},
"rhythm": {
    "beats_count": 126,
    "beats_loudness": {
        "mean": 0.0610994771123,
        "var": 0.00142122979742
    },
    "bpm": 172.265518188,
    "bpm_histogram_first_peak_bpm": {
        "mean": 172,
        "var": 0
    },
    "bpm_histogram_first_peak_spread": {
        "mean": 0,
        "var": 0
    },
    "bpm_histogram_first_peak_weight": {
        "mean": 0.583999991417,
        "var": 0
    },
    "bpm_histogram_second_peak_bpm": {
        "mean": 167,
        "var": 0
    },
    "bpm_histogram_second_peak_spread": {
        "mean": 0,
        "var": 0
    },
    "bpm_histogram_second_peak_weight": {
        "mean": 0.360000014305,
        "var": 0
    },
    "danceability": 1.63004517555,
    "onset_rate": 4.1924033165,
    "beats_loudness_band_ratio": {
        "mean": [0.390898525715, 0.23088401556, 0.228531301022, 0.0786149650812, 0.053229931742, 0.044820856303],
        "var": [0.087424851954, 0.0442796647549, 0.0281281527132, 0.00746601633728, 0.00186570873484, 0.000874824938364]
    },
    "beats_position": [0.371519267559, 0.743038535118, 1.09133780003, 1.43963718414, 1.79954648018, 2.15945577621, 2.50775504112, 2.85605430603, 3.21596360207, 3.5758728981, 3.92417216301, 4.27247142792, 4.62077093124, 4.96907043457, 5.31736946106, 5.6888885498, 6.03718805313, 6.38548755646, 6.73378658295, 7.0936961174, 7.45360517502, 7.80190467834, 8.15020370483, 8.498503685, 8.87002277374, 9.21832180023, 9.56662082672, 9.91492080688, 10.2632198334, 10.623128891, 10.9830379486, 11.3313379288, 11.6796369553, 12.0279359818, 12.387845993, 12.7477550507, 13.0960540771, 13.4443531036, 13.7926530838, 14.1525621414, 14.512471199, 14.8607711792, 15.2090702057, 15.5573692322, 15.9172782898, 16.2771873474, 16.6254863739, 16.9737873077, 17.3220863342, 17.6819953918, 18.0419044495, 18.390203476, 18.7385025024, 19.0868015289, 19.4351024628, 19.7950115204, 20.154920578, 20.5032196045, 20.851518631, 21.2114276886, 21.5713367462, 21.9196376801, 22.2679367065, 22.616235733, 22.9761447906, 23.3360538483, 23.6843528748, 24.0326519012, 24.3809528351, 24.7292518616, 25.0891609192, 25.4490699768, 25.7973690033, 26.1456680298, 26.5055770874, 26.865486145, 27.2137870789, 27.5620861053, 27.9103851318, 28.2702941895, 28.6302032471, 28.9785022736, 29.3268013, 29.6751022339, 30.0234012604, 30.383310318, 30.7432193756, 31.0915184021, 31.4398174286, 31.7997264862, 32.1596374512, 32.5079345703, 32.8562355042, 33.204536438, 33.5528335571, 33.9127426147, 34.2726516724, 34.6209526062, 34.9692497253, 35.329158783, 35.6890678406, 36.0373687744, 36.3856697083, 36.7339668274, 37.093875885, 37.4537849426, 37.8020858765, 38.1503829956, 38.4986839294, 38.8469848633, 39.2068939209, 39.5668029785, 39.9151000977, 40.2634010315, 40.6116981506, 40.9716110229, 41.3315200806, 41.6798171997, 42.0281181335, 42.3880271912, 42.7479362488, 43.1078453064, 43.4793624878, 43.8624954224, 44.2340126038, 44.6055335999]
},
"tonal": {
    "chords_changes_rate": 0.0761316865683,
    "chords_number_rate": 0.0102880662307,
    "chords_strength": {
        "mean": 0.466686338186,
        "var": 0.0111297480762
    },
    "hpcp_entropy": {
        "mean": 2.05570864677,
        "var": 0.378302693367
    },
    "key_strength": 0.684670746326,
    "tuning_diatonic_strength": 0.42106795311,
    "tuning_equal_tempered_deviation": 0.198093861341,
    "tuning_frequency": 434.193115234,
    "tuning_nontempered_energy_ratio": 0.944504201412,
    "hpcp": {
        "mean": [0.264981120825, 0.232922121882, 0.123965337873, 0.136949285865, 0.148332044482, 0.118268869817, 0.170540779829, 0.189476773143, 0.123409755528, 0.0932762473822, 0.0851542875171, 0.08629155159, 0.165619909763, 0.176661267877, 0.114841796458, 0.173999071121, 0.184867039323, 0.0940198153257, 0.0681267380714, 0.0823001265526, 0.0954432561994, 0.147287011147, 0.143631190062, 0.106983169913, 0.120067089796, 0.0889485925436, 0.0813430100679, 0.181679144502, 0.189069390297, 0.0906326174736, 0.114407800138, 0.140558868647, 0.0968483239412, 0.124088399112, 0.150482550263, 0.176788836718],
        "var": [0.11219213903, 0.0910267159343, 0.0358990579844, 0.0616038888693, 0.0737487599254, 0.046583455056, 0.0717296302319, 0.0925305262208, 0.0479618608952, 0.0348757021129, 0.0294178873301, 0.0280648730695, 0.0594518519938, 0.0652054771781, 0.0291898809373, 0.0771264359355, 0.0837408602238, 0.0332832671702, 0.0203574914485, 0.0307650789618, 0.0399629473686, 0.0494757033885, 0.0511870980263, 0.0276520773768, 0.0629469677806, 0.029165206477, 0.0332492142916, 0.0720223560929, 0.078069768846, 0.0216396357864, 0.0517693608999, 0.0758870020509, 0.0317729301751, 0.0487738400698, 0.056685552001, 0.0667912662029]
    },
    "chords_histogram": [14.8148145676, 12.8600826263, 26.851852417, 0, 0, 2.57201647758, 0.617283940315, 0.514403283596, 6.17283964157, 6.37860059738, 0.514403283596, 0, 0, 0, 0, 2.88065838814, 3.18930029869, 0.102880656719, 0, 0, 0, 0, 12.1399173737, 10.3909463882],
    "thpcp": [1, 0.879014015198, 0.467827051878, 0.516826570034, 0.55978345871, 0.446329414845, 0.643595993519, 0.715057611465, 0.465730369091, 0.352010905743, 0.321359843016, 0.325651705265, 0.625025331974, 0.666693806648, 0.433396160603, 0.656647026539, 0.697661161423, 0.354817032814, 0.257100343704, 0.310588628054, 0.360188901424, 0.555839657784, 0.542043089867, 0.403738826513, 0.453115642071, 0.335678994656, 0.306976616383, 0.685630500317, 0.713520228863, 0.342034250498, 0.431758314371, 0.530448615551, 0.365491420031, 0.468291461468, 0.567899167538, 0.667175233364],
    "chords_key": "A",
    "chords_scale": "major",
    "key_key": "D",
    "key_scale": "major"
}
}