{
"lowlevel": {
    "average_loudness": 0.094544544816,
    "barkbands_crest": {
        "mean": 15.3349304199,
        "var": 30.0799541473
    },
    "barkbands_flatness_db": {
        "mean": 0.314625948668,
        "var": 0.00641935458407
    },
    "barkbands_kurtosis": {
        "mean": 5.50431871414,
        "var": 287.989318848
    },
    "barkbands_skewness": {
        "mean": 0.545130729675,
        "var": 2.42236375809
    },
    "barkbands_spread": {
        "mean": 8.19946956635,
        "var": 35.2426834106
    },
    "dissonance": {
        "mean": 0.395402282476,
        "var": 0.00486855907366
    },
    "dynamic_complexity": 9.24862480164,
    "erbbands_crest": {
        "mean": 18.47797966,
        "var": 51.5647735596
    },
    "erbbands_flatness_db": {
        "mean": 0.358644336462,
        "var": 0.00498129334301
    },
    "erbbands_kurtosis": {
        "mean": 4.8717751503,
        "var": 153.204345703
    },
    "erbbands_skewness": {
        "mean": 0.301856040955,
        "var": 1.98420977592
    },
    "erbbands_spread": {
        "mean": 12.2697629929,
        "var": 77.6578292847
    },
    "hfc": {
        "mean": 10.328412056,
        "var": 854.377868652
    },
    "melbands_crest": {
        "mean": 17.9212036133,
        "var": 41.8882408142
    },
    "melbands_flatness_db": {
        "mean": 0.343374997377,
        "var": 0.00487024104223
    },
    "melbands_kurtosis": {
        "mean": 5.25120687485,
        "var": 113.116783142
    },
    "melbands_skewness": {
        "mean": 0.772715866566,
        "var": 2.33764576912
    },
    "melbands_spread": {
        "mean": 15.1248664856,
        "var": 121.885620117
    },
    "pitch_salience": {
        "mean": 0.422039717436,
        "var": 0.0147814415395
    },
    "silence_rate_20dB": {
        "mean": 1,
        "var": 0
    },
    "silence_rate_30dB": {
        "mean": 0.992276012897,
        "var": 0.00766463857144
    },
    "silence_rate_60dB": {
        "mean": 0.742018520832,
        "var": 0.191430270672
    },
    "spectral_centroid": {
        "mean": 1315.36584473,
        "var": 417162.21875
    },
    "spectral_complexity": {
        "mean": 3.47476816177,
        "var": 8.48311233521
    },
    "spectral_decrease": {
        "mean": -1.56170831822e-009,
        "var": 1.58314428309e-017
    },
    "spectral_energy": {
        "mean": 0.00683105923235,
        "var": 0.000310153205646
    },
    "spectral_energyband_high": {
        "mean": 7.24433994037e-005,
        "var": 5.72580560743e-008
    },
    "spectral_energyband_low": {
        "mean": 1.84291857295e-005,
        "var": 1.45589451606e-009
    },
    "spectral_energyband_middle_high": {
        "mean": 0.00591962412,
        "var": 0.000284704728983
    },
    "spectral_energyband_middle_low": {
        "mean": 0.000856210710481,
        "var": 5.80936830374e-006
    },
    "spectral_entropy": {
        "mean": 5.69725608826,
        "var": 0.336643636227
    },
    "spectral_flux": {
        "mean": 0.0184924528003,
        "var": 0.000632784096524
    },
    "spectral_kurtosis": {
        "mean": 25.8135528564,
        "var": 352.071166992
    },
    "spectral_rms": {
        "mean": 0.00167642603628,
        "var": 3.85404337067e-006
    },
    "spectral_rolloff": {
        "mean": 1530.65661621,
        "var": 719923.0625
    },
    "spectral_skewness": {
        "mean": 3.4130012989,
        "var": 2.11515617371
    },
    "spectral_spread": {
        "mean": 2130789.5,
        "var": 1.31151809741e+012
    },
    "spectral_strongpeak": {
        "mean": 1.84719967842,
        "var": 9.81990337372
    },
    "zerocrossingrate": {
        "mean": 0.0561216697097,
        "var": 0.000717014889233
    },
    "barkbands": {
        "mean": [1.02351542353e-007, 9.76637693384e-007, 3.32946410708e-006, 3.36517223332e-005, 2.40210429183e-005, 2.8871703762e-005, 0.000105009101389, 0.000553282443434, 9.57277079578e-005, 0.000205687203561, 0.000918471836485, 0.00134320859797, 0.000977736664936, 3.78176409868e-005, 0.000338968908181, 0.00180322804954, 9.31666945689e-005, 8.48087947816e-005, 2.86817248707e-005, 0.000103173304524, 2.47272309934e-005, 1.05024082586e-005, 7.5840930549e-006, 7.34387913326e-006, 8.25159929718e-007, 1.59822747037e-007, 2.35754260558e-009],
        "var": [1.97993870106e-013, 1.1836307108e-011, 1.14264341045e-010, 6.69190569624e-009, 6.36133856702e-009, 5.88235993249e-009, 7.77472948243e-008, 5.21324545844e-006, 9.65708863987e-008, 7.68185941524e-007, 3.28757269017e-005, 3.92928668589e-005, 2.32300772041e-005, 3.2292682306e-008, 4.5870433496e-006, 6.32531518932e-005, 3.32084368893e-007, 1.88892997244e-007, 1.22214309783e-008, 4.19905092031e-007, 7.5108639308e-009, 1.70442826519e-009, 1.04962283309e-009, 1.58807866857e-009, 1.26321574728e-011, 7.85545944699e-013, 2.01352106184e-016]
    },
    "erbbands": {
        "mean": [2.46998733928e-005, 0.000309929862851, 0.00419145217165, 0.0574024431407, 0.0920266807079, 0.0965967178345, 0.163936421275, 0.251611530781, 0.98283714056, 5.47082424164, 9.94841003418, 2.36313223839, 3.04359650612, 14.6155071259, 54.1639556885, 46.3516120911, 51.8761749268, 4.52866888046, 4.53032445908, 47.8831596375, 101.123542786, 13.2040719986, 5.01466655731, 2.77607607841, 2.59076905251, 6.27500343323, 1.51173150539, 0.587315797806, 0.392418712378, 0.232013016939, 0.18765977025, 0.135197088122, 0.122399196029, 0.0272642150521, 0.00467980187386, 0.00102226645686, 0.000355420372216, 4.928501221e-005, 5.45094781046e-006, 8.87680744199e-006],
        "var": [9.9237578155e-009, 9.4483311841e-007, 0.000127278035507, 0.0183483324945, 0.0411582142115, 0.120716951787, 0.286707937717, 0.420072168112, 9.10657119751, 319.7940979, 1498.9309082, 41.0311050415, 69.993309021, 3306.97924805, 52559.8710938, 34723.5273438, 61797.5078125, 232.01361084, 466.663360596, 91021.4375, 256570, 3125.77075195, 326.232543945, 144.969726563, 98.1696929932, 1777.19213867, 27.1925830841, 4.86461925507, 2.16966748238, 1.13781476021, 0.49103808403, 0.366539001465, 0.56646490097, 0.0240790937096, 0.000428291212302, 3.95413844672e-005, 3.47136847267e-006, 7.7818832267e-008, 2.1410211104e-010, 5.37618727314e-010]
    },
    "gfcc": {
        "mean": [-269.226470947, 93.3955230713, -187.430450439, -31.8520450592, -60.8633460999, -10.9045715332, -33.5237159729, -2.61575984955, -22.1320896149, -13.4084978104, -16.8623180389, -9.53918361664, -15.5759716034],
        "cov": [[9648.5078125, -2260.33691406, -2649.48242188, 1441.28210449, -614.38079834, 354.161834717, 368.369873047, -149.418991089, 412.699401855, -278.623046875, 499.337646484, -334.242034912, 425.20602417], [-2260.33691406, 3888.3581543, 2353.57324219, -660.586120605, 417.745452881, -432.078765869, 4.26444530487, -262.419372559, -398.675933838, 105.150062561, 16.157371521, 57.9383239746, -328.645263672], [-2649.48242188, 2353.57324219, 2383.25244141, -427.224182129, 195.201416016, -48.2576255798, -217.44039917, -144.834579468, -424.83102417, 43.6571006775, -114.427001953, 73.2408065796, -338.31262207], [1441.28210449, -660.586120605, -427.224182129, 853.234313965, 78.4444503784, 139.236679077, 23.0365104675, -40.9635505676, 23.0033550262, -100.356185913, 3.6611096859, -77.7358551025, 48.6610908508], [-614.38079834, 417.745452881, 195.201416016, 78.4444503784, 694.752502441, 100.96635437, -86.2435836792, -35.8392829895, -140.59552002, -52.9542045593, -88.6935958862, 75.5397262573, -57.1184577942], [354.161834717, -432.078765869, -48.2576255798, 139.236679077, 100.96635437, 481.613250732, -10.1252794266, -99.5977172852, -65.2045211792, -140.330474854, 12.200676918, -22.0277671814, -42.0544891357], [368.369873047, 4.26444530487, -217.44039917, 23.0365104675, -86.2435836792, -10.1252794266, 317.100830078, 76.8339691162, 64.6065139771, 3.39543485641, -1.38586568832, -57.5675773621, 23.7920322418], [-149.418991089, -262.419372559, -144.834579468, -40.9635505676, -35.8392829895, -99.5977172852, 76.8339691162, 370.715759277, 154.799453735, 34.6800346375, -94.5985870361, -9.82294082642, 102.406898499], [412.699401855, -398.675933838, -424.83102417, 23.0033550262, -140.59552002, -65.2045211792, 64.6065139771, 154.799453735, 399.969512939, 111.229225159, -31.4520225525, -45.8448257446, 114.763389587], [-278.623046875, 105.150062561, 43.6571006775, -100.356185913, -52.9542045593, -140.330474854, 3.39543485641, 34.6800346375, 111.229225159, 333.163360596, 55.8568534851, -76.0561676025, -65.2802200317], [499.337646484, 16.157371521, -114.427001953, 3.6611096859, -88.6935958862, 12.200676918, -1.38586568832, -94.5985870361, -31.4520225525, 55.8568534851, 309.405334473, 39.6158218384, -46.5564231873], [-334.242034912, 57.9383239746, 73.2408065796, -77.7358551025, 75.5397262573, -22.0277671814, -57.5675773621, -9.82294082642, -45.8448257446, -76.0561676025, 39.6158218384, 278.737335205, 94.7372360229], [425.20602417, -328.645263672, -338.31262207, 48.6610908508, -57.1184577942, -42.0544891357, 23.7920322418, 102.406898499, 114.763389587, -65.2802200317, -46.5564231873, 94.7372360229, 333.793273926]],
        "icov": [[0.000273284240393, -0.000249008357059, 0.000414490088588, -0.000390542089008, 0.00032174095395, -0.000311493349727, 0.000133331268444, -5.69274197915e-005, 1.68122860487e-005, 0.000109026179416, -0.000251592340646, 0.000201104106964, -0.00016911176499], [-0.000249008357059, 0.00232695695013, -0.00262368516997, 0.00109736528248, -0.002027296694, 0.00264746556059, -0.00207448424771, 0.00174001324922, -0.00101311970502, 0.00108229008038, -0.00139263411984, 0.00112267851364, -0.000563125067856], [0.000414490088588, -0.00262368516997, 0.00374824972823, -0.00115856714547, 0.00240405253135, -0.00297268340364, 0.0025592893362, -0.00191292795353, 0.00174367323052, -0.0013668340398, 0.0018706410192, -0.001414607279, 0.00109357689507], [-0.000390542089008, 0.00109736528248, -0.00115856714547, 0.00228524394333, -0.00133792171255, 0.00110137730371, -0.000821319874376, 0.000860672735143, -0.000414404901676, 0.000671933055855, -0.000349626963725, 0.000797481276095, -0.000226373100304], [0.00032174095395, -0.002027296694, 0.00240405253135, -0.00133792171255, 0.00368434633128, -0.00270369183272, 0.00205219141208, -0.00160872144625, 0.00147783488501, -0.00124679727014, 0.00189371895976, -0.00170039839577, 0.000857662060298], [-0.000311493349727, 0.00264746556059, -0.00297268340364, 0.00110137730371, -0.00270369183272, 0.00573807908222, -0.00234952569008, 0.00248239724897, -0.00141654210165, 0.00251131155528, -0.00186798698269, 0.00176855514292, -0.000288222363451], [0.000133331268444, -0.00207448424771, 0.0025592893362, -0.000821319874376, 0.00205219141208, -0.00234952569008, 0.00556583423167, -0.00229935417883, 0.000962854770478, -0.000799204455689, 0.00125500932336, -0.000453551881947, 0.000681634119246], [-5.69274197915e-005, 0.00174001324922, -0.00191292795353, 0.000860672735143, -0.00160872144625, 0.00248239724897, -0.00229935417883, 0.00522429915145, -0.00191166182049, 0.00088316120673, -0.000354834162863, 0.00103685259819, -0.00119382957928], [1.68122860487e-005, -0.00101311970502, 0.00174367323052, -0.000414404901676, 0.00147783488501, -0.00141654210165, 0.000962854770478, -0.00191166182049, 0.00504116062075, -0.00235151988454, 0.00153006764594, -0.000616733042989, -0.000403606594773], [0.000109026179416, 0.00108229008038, -0.0013668340398, 0.000671933055855, -0.00124679727014, 0.00251131155528, -0.000799204455689, 0.00088316120673, -0.00235151988454, 0.00567554868758, -0.00245130481198, 0.00227553234436, 0.000263199442998], [-0.000251592340646, -0.00139263411984, 0.0018706410192, -0.000349626963725, 0.00189371895976, -0.00186798698269, 0.00125500932336, -0.000354834162863, 0.00153006764594, -0.00245130481198, 0.00613756338134, -0.00287259928882, 0.00167027220596], [0.000201104106964, 0.00112267851364, -0.001414607279, 0.000797481276095, -0.00170039839577, 0.00176855514292, -0.000453551881947, 0.00103685259819, -0.000616733042989, 0.00227553234436, -0.00287259928882, 0.00656535988674, -0.00266173225828], [-0.00016911176499, -0.000563125067856, 0.00109357689507, -0.000226373100304, 0.000857662060298, -0.000288222363451, 0.000681634119246, -0.00119382957928, -0.000403606594773, 0.000263199442998, 0.00167027220596, -0.00266173225828, 0.00540502090007]]
    },
    "melbands": {
        "mean": [2.34184909687e-007, 1.18533921523e-006, 1.14359963845e-005, 7.1455096986e-006, 5.2717014114e-006, 5.24817551195e-006, 1.62555243151e-005, 8.79989820533e-005, 6.71513262205e-005, 1.30620865093e-005, 1.48073231685e-005, 4.75149863632e-005, 0.000171532839886, 0.000203699135454, 9.04214757611e-005, 6.9639798312e-005, 3.20627555084e-006, 4.3233744691e-006, 3.26231020154e-005, 6.14325617789e-005, 0.000137795781484, 3.83209726351e-006, 6.05129071118e-006, 5.04849731442e-006, 1.79638846021e-006, 1.58596037636e-006, 3.16987188853e-006, 3.83571978091e-006, 9.29466523303e-007, 3.4264360238e-007, 3.32619322307e-007, 2.48986339102e-007, 1.49722794163e-007, 1.43650893847e-007, 1.16358265245e-007, 9.78580914079e-008, 6.36761541273e-008, 7.04697313836e-008, 7.60665344046e-008, 1.05015889318e-008],
        "var": [8.02292206194e-013, 1.5749349741e-011, 7.1701755644e-010, 5.19198462001e-010, 2.39078257191e-010, 1.9441719068e-010, 2.39369657429e-009, 1.05554114782e-007, 6.48618865284e-008, 1.68332725536e-009, 1.90388083077e-009, 3.48163311514e-008, 8.64166452175e-007, 8.96365804692e-007, 1.86456546203e-007, 1.11298007255e-007, 2.69321481783e-010, 8.77328154569e-010, 4.73638372966e-008, 1.13384935219e-007, 5.35526567091e-007, 8.63600857492e-010, 1.01993347101e-009, 8.5419227247e-010, 6.26341201126e-011, 3.82166728818e-011, 3.2149374829e-010, 7.39895589241e-010, 1.60761924606e-011, 2.10680214593e-012, 1.94717159063e-012, 1.17253927921e-012, 7.18501050757e-013, 8.33600712329e-013, 2.26337747372e-013, 1.66618075673e-013, 1.09846905335e-013, 1.75351459698e-013, 3.68186709419e-013, 2.89452545659e-015]
    },
    "mfcc": {
        "mean": [-903.052307129, 116.449890137, -35.4242286682, -28.4981975555, -24.2604312897, -18.2599525452, -11.592209816, -1.82040667534, -5.59783554077, -10.4809398651, -12.4935712814, 2.66422867775, 6.85657453537],
        "cov": [[6844.68017578, -910.309936523, -1273.7364502, 312.258178711, -543.36529541, 84.1071929932, -0.257066905499, 115.476264954, 104.820152283, 335.831115723, -314.309783936, 36.2064857483, 341.509979248], [-910.309936523, 2812.06811523, 1057.63085938, -55.1885490417, 209.022842407, -73.7614898682, 121.43397522, -226.720611572, -331.292816162, -192.712677002, 86.6732330322, -128.607086182, -33.2249526978], [-1273.7364502, 1057.63085938, 1342.23754883, 13.4711456299, 112.860694885, 57.3132820129, 60.416343689, -42.4079933167, -243.985565186, -291.391998291, -59.5974235535, -25.8291931152, -123.311012268], [312.258178711, -55.1885490417, 13.4711456299, 447.847351074, 100.319274902, 36.2635803223, 17.9628601074, -10.4816637039, 13.74929142, 87.9911422729, -13.1946640015, -172.179718018, -97.8847808838], [-543.36529541, 209.022842407, 112.860694885, 100.319274902, 590.569091797, 226.28616333, 49.5411224365, 25.1474914551, -99.2152709961, -194.999191284, 17.5205497742, 64.9745635986, 4.47184896469], [84.1071929932, -73.7614898682, 57.3132820129, 36.2635803223, 226.28616333, 414.252960205, 105.929466248, 42.0052261353, -83.2973251343, -177.396575928, -36.3869552612, 92.0690765381, 5.67710876465], [-0.257066905499, 121.43397522, 60.416343689, 17.9628601074, 49.5411224365, 105.929466248, 265.338348389, 70.7484054565, -115.790275574, -98.6070861816, 3.71765232086, 50.4607505798, -47.3221092224], [115.476264954, -226.720611572, -42.4079933167, -10.4816637039, 25.1474914551, 42.0052261353, 70.7484054565, 309.473236084, 117.930473328, -86.4937362671, -70.9315261841, -9.66391277313, -21.2189006805], [104.820152283, -331.292816162, -243.985565186, 13.74929142, -99.2152709961, -83.2973251343, -115.790275574, 117.930473328, 444.881622314, 270.220581055, -52.7026596069, -198.136199951, -40.0148620605], [335.831115723, -192.712677002, -291.391998291, 87.9911422729, -194.999191284, -177.396575928, -98.6070861816, -86.4937362671, 270.220581055, 580.495605469, 195.339950562, -214.860443115, -184.884002686], [-314.309783936, 86.6732330322, -59.5974235535, -13.1946640015, 17.5205497742, -36.3869552612, 3.71765232086, -70.9315261841, -52.7026596069, 195.339950562, 421.142700195, 104.651298523, -249.66192627], [36.2064857483, -128.607086182, -25.8291931152, -172.179718018, 64.9745635986, 92.0690765381, 50.4607505798, -9.66391277313, -198.136199951, -214.860443115, 104.651298523, 523.948852539, 188.007949829], [341.509979248, -33.2249526978, -123.311012268, -97.8847808838, 4.47184896469, 5.67710876465, -47.3221092224, -21.2189006805, -40.0148620605, -184.884002686, -249.66192627, 188.007949829, 691.950134277]],
        "icov": [[0.000282940920442, -0.000126010796521, 0.000332304596668, -0.000305621360894, 0.000340587110259, -0.000304661050905, 0.000235923667788, -0.00037568170228, 0.000426911079558, -0.000470524013508, 0.000555043341592, -0.000316990510328, 6.05636741966e-005], [-0.000126010796521, 0.000742534466553, -0.00063778256299, 0.000394625822082, -0.000419560587034, 0.000453354121419, -0.000596772471908, 0.000629321031738, -0.00016251624038, 0.000410339212976, -0.000749318860471, 0.000711248430889, -0.000345880922396], [0.000332304596668, -0.00063778256299, 0.00170208711643, -0.000518511864357, 0.000556789978873, -0.000485509051941, 0.000667747459374, -0.000572905701119, 0.000791041762568, -0.000135192196467, 0.00108418485615, -0.000514324987307, 0.000604379747529], [-0.000305621360894, 0.000394625822082, -0.000518511864357, 0.00336962891743, -0.00115414848551, 0.00020545523148, -0.000516453932505, 0.000373030517949, 0.000334314041538, -0.000358242978109, -0.000311145733576, 0.00141875375994, -3.81853606086e-005], [0.000340587110259, -0.000419560587034, 0.000556789978873, -0.00115414848551, 0.00306591857225, -0.00159020361025, 0.000678232579958, -0.000544657174032, 0.000160785639309, 0.00053800502792, -0.000152810782311, -0.000327270361595, -4.25355574407e-005], [-0.000304661050905, 0.000453354121419, -0.000485509051941, 0.00020545523148, -0.00159020361025, 0.00409834692255, -0.00160068122204, 0.000928872672375, -0.00089075503638, 0.00124207942281, -0.000406074977946, 2.89310119115e-005, 0.000136328715598], [0.000235923667788, -0.000596772471908, 0.000667747459374, -0.000516453932505, 0.000678232579958, -0.00160068122204, 0.00614413665608, -0.00279174745083, 0.00273725599982, -0.00129042565823, 0.00122458767146, -0.000735217123292, 0.000699285999872], [-0.00037568170228, 0.000629321031738, -0.000572905701119, 0.000373030517949, -0.000544657174032, 0.000928872672375, -0.00279174745083, 0.00650294590741, -0.0040343538858, 0.00327233597636, -0.00131944066379, 0.000584246881772, 0.000176926419954], [0.000426911079558, -0.00016251624038, 0.000791041762568, 0.000334314041538, 0.000160785639309, -0.00089075503638, 0.00273725599982, -0.0040343538858, 0.00723711354658, -0.00448618084192, 0.00276774563827, 0.000143739380292, 0.000218926375965], [-0.000470524013508, 0.000410339212976, -0.000135192196467, -0.000358242978109, 0.00053800502792, 0.00124207942281, -0.00129042565823, 0.00327233597636, -0.00448618084192, 0.00726440688595, -0.0045334585011, 0.00223492481746, -0.000385807536077], [0.000555043341592, -0.000749318860471, 0.00108418485615, -0.000311145733576, -0.000152810782311, -0.000406074977946, 0.00122458767146, -0.00131944066379, 0.00276774563827, -0.0045334585011, 0.00771062541753, -0.00360778765753, 0.00259795831516], [-0.000316990510328, 0.000711248430889, -0.000514324987307, 0.00141875375994, -0.000327270361595, 2.89310119115e-005, -0.000735217123292, 0.000584246881772, 0.000143739380292, 0.00223492481746, -0.00360778765753, 0.00499470625073, -0.00178419612348], [6.05636741966e-005, -0.000345880922396, 0.000604379747529, -3.81853606086e-005, -4.25355574407e-005, 0.000136328715598, 0.000699285999872, 0.000176926419954, 0.000218926375965, -0.000385807536077, 0.00259795831516, -0.00178419612348, 0.00288512278348]]
    },
    "spectral_contrast_coeffs": {
        "mean": [-0.643522024155, -0.680396735668, -0.652038395405, -0.678633034229, -0.664977252483, -0.778289914131],
        "var": [0.0103107569739, 0.00760599318892, 0.0110805844888, 0.0116090690717, 0.0107173668221, 0.00850574858487]
    },
    "spectral_contrast_valleys": {
        "mean": [-11.7149744034, -9.40413284302, -9.86524677277, -10.972574234, -11.6039381027, -14.1161613464],
        "var": [1.24497032166, 1.30843162537, 1.16328132153, 1.11297154427, 0.890918672085, 0.388792902231]
    }
},
"metadata": {
    "audio_properties": {
        "analysis_sample_rate": 44100,
        "bit_rate": 128074,
        "equal_loudness": 0,
        "length": 45.0612258911,
        "lossless": 0,
        "replay_gain": -4.79084205627,
        "sample_rate": 44100,
        "codec": "mp3",
        "downmix": "mix",
        "md5_encoded": "b80f3ca52954f1d6d5aae23a15f33ddf"
    },
    "tags": {
        "file_name": "1161.mp3"
    },
    "version": {
        "essentia": "2.1-beta2",
        "essentia_git_sha": "v2.1_beta2",
        "extractor": "music 1.0"
    }
},
"rhythm": {
    "beats_count": 103,
    "beats_loudness": {
        "mean": 0.00670776609331,
        "var": 0.000292278418783
    },
    "bpm": 136.494537354,
    "bpm_histogram_first_peak_bpm": {
        "mean": 136,
        "var": 0
    },
    "bpm_histogram_first_peak_spread": {
        "mean": 0.384615391493,
        "var": 0
    },
    "bpm_histogram_first_peak_weight": {
        "mean": 0.235294118524,
        "var": 0
    },
    "bpm_histogram_second_peak_bpm": {
        "mean": 178,
        "var": 0
    },
    "bpm_histogram_second_peak_spread": {
        "mean": 0,
        "var": 0
    },
    "bpm_histogram_second_peak_weight": {
        "mean": 0.0784313753247,
        "var": 0
    },
    "danceability": 0.934110879898,
    "onset_rate": 3.4160323143,
    "beats_loudness_band_ratio": {
        "mean": [0.0906442180276, 0.0561467818916, 0.278694182634, 0.384149283171, 0.175350472331, 0.0197382364422],
        "var": [0.0236682295799, 0.00926456786692, 0.0769320055842, 0.0720955133438, 0.0541912205517, 0.00153110758401]
    },
    "beats_position": [0.406349211931, 0.847528338432, 1.26548755169, 1.69505667686, 2.10140585899, 2.50775504112, 2.90249419212, 3.29723358154, 3.69197273254, 4.08671188354, 4.52789115906, 4.95746040344, 5.38702917099, 5.8282084465, 6.24616765976, 6.67573690414, 7.10530614853, 7.5464849472, 7.98766422272, 8.42884349823, 8.85841274261, 9.287981987, 9.72916126251, 10.1703395844, 10.6115188599, 11.0526981354, 11.4938774109, 11.9814968109, 12.4575052261, 12.933514595, 13.3746938705, 13.8158731461, 14.2454423904, 14.6750106812, 15.1277999878, 15.5573692322, 15.9985485077, 16.4397277832, 16.8809070587, 17.3220863342, 17.7748756409, 18.3437633514, 18.9126529694, 19.4931507111, 20.0736503601, 20.6541500092, 21.2230377197, 21.7919273376, 22.3143768311, 22.825214386, 23.3360538483, 23.8468933105, 24.3577327728, 24.8569602966, 25.3561897278, 25.8554191589, 26.3546485901, 26.8538761139, 27.353105545, 27.8523349762, 28.3051242828, 28.7463035583, 29.1874828339, 29.6286621094, 30.0698413849, 30.5110206604, 30.9521980286, 31.3933773041, 31.8577766418, 32.3105659485, 32.7633552551, 33.2277526855, 33.7037620544, 34.1681632996, 34.5512924194, 34.9344215393, 35.3175506592, 35.6890678406, 36.0722007751, 36.455329895, 36.8268470764, 37.186756134, 37.5582771301, 37.8949661255, 38.2432632446, 38.5683441162, 38.9050331116, 39.2301139832, 39.5900230408, 39.9499320984, 40.3214492798, 40.6929702759, 41.0296592712, 41.3663482666, 41.703037262, 42.0281181335, 42.3531951904, 42.678276062, 43.0149650574, 43.3516540527, 43.6767349243, 44.0134239197, 44.3965530396]
},
"tonal": {
    "chords_changes_rate": 0.0226337444037,
    "chords_number_rate": 0.00617283955216,
    "chords_strength": {
        "mean": 0.524491131306,
        "var": 0.00572377024218
    },
    "hpcp_entropy": {
        "mean": 1.57428753376,
        "var": 0.32637321949
    },
    "key_strength": 0.664405047894,
    "tuning_diatonic_strength": 0.677498221397,
    "tuning_equal_tempered_deviation": 0.0931577458978,
    "tuning_frequency": 443.828887939,
    "tuning_nontempered_energy_ratio": 0.756212770939,
    "hpcp": {
        "mean": [0.189598023891, 0.09485334903, 0.0136437080801, 0.00624059420079, 0.0237490199506, 0.17813333869, 0.275674074888, 0.128878384829, 0.0117517737672, 0.00295410281979, 0.0510874986649, 0.273300975561, 0.440253734589, 0.271343499422, 0.0832195952535, 0.0368023850024, 0.00960161630064, 0.00419022329152, 0.00824129395187, 0.0688906610012, 0.288546323776, 0.325753837824, 0.113084092736, 0.0173913743347, 0.0112427314743, 0.0262808166444, 0.0546563714743, 0.0649669095874, 0.0346409082413, 0.00681803561747, 0.00383707764558, 0.00804769061506, 0.0307589117438, 0.0428647696972, 0.0457147024572, 0.131591111422],
        "var": [0.118791766465, 0.0403713807464, 0.00272570573725, 0.000901580322534, 0.00509447976947, 0.0622147545218, 0.130866900086, 0.0450422242284, 0.00171609362587, 0.000109371554572, 0.0118510397151, 0.095950640738, 0.170086205006, 0.0933567434549, 0.0292164627463, 0.0184201132506, 0.00240036286414, 0.000518287706655, 0.00287491455674, 0.015490885824, 0.124181851745, 0.139595076442, 0.0336717255414, 0.00516564631835, 0.0013896015007, 0.011309848167, 0.0296333711594, 0.0394289307296, 0.0139360753819, 0.000728758517653, 0.000250524666626, 0.000639123783913, 0.0103383259848, 0.0181775949895, 0.0216223038733, 0.0621798634529]
    },
    "chords_histogram": [68.9300384521, 0.720164597034, 17.3868312836, 0, 0, 1.54320991039, 0, 0, 0, 0, 5.04115247726, 0, 0, 0, 0, 0.102880656719, 0, 0, 0, 0.308641970158, 1.44032919407, 0, 0, 4.52674913406],
    "thpcp": [1, 0.616334378719, 0.18902644515, 0.0835935771465, 0.021809278056, 0.00951774604619, 0.0187194179744, 0.15647944808, 0.655409157276, 0.739922940731, 0.256861180067, 0.0395030714571, 0.0255369357765, 0.0596947036684, 0.124147437513, 0.147566974163, 0.0786839649081, 0.0154866045341, 0.00871560536325, 0.0182796642184, 0.0698663294315, 0.0973637849092, 0.103837169707, 0.298898339272, 0.430656254292, 0.215451553464, 0.0309905558825, 0.0141749940813, 0.0539439357817, 0.404615163803, 0.626170873642, 0.292736619711, 0.0266931839287, 0.00671000080183, 0.11604103446, 0.620780587196],
    "chords_key": "A",
    "chords_scale": "major",
    "key_key": "A",
    "key_scale": "major"
}
}