{
"lowlevel": {
    "average_loudness": 0.608839154243,
    "barkbands_crest": {
        "mean": 11.6213207245,
        "var": 11.1932554245
    },
    "barkbands_flatness_db": {
        "mean": 0.286521404982,
        "var": 0.00662089651451
    },
    "barkbands_kurtosis": {
        "mean": 5.52054786682,
        "var": 255.11491394
    },
    "barkbands_skewness": {
        "mean": 1.14400672913,
        "var": 1.29997241497
    },
    "barkbands_spread": {
        "mean": 7.0833067894,
        "var": 19.0130138397
    },
    "dissonance": {
        "mean": 0.360436320305,
        "var": 0.00517531530932
    },
    "dynamic_complexity": 4.776034832,
    "erbbands_crest": {
        "mean": 11.8711423874,
        "var": 12.3692474365
    },
    "erbbands_flatness_db": {
        "mean": 0.287331521511,
        "var": 0.00364815001376
    },
    "erbbands_kurtosis": {
        "mean": 3.6168820858,
        "var": 59.4513092041
    },
    "erbbands_skewness": {
        "mean": 0.782432377338,
        "var": 1.23428618908
    },
    "erbbands_spread": {
        "mean": 14.5276403427,
        "var": 66.0711975098
    },
    "hfc": {
        "mean": 6.63213253021,
        "var": 104.72731781
    },
    "melbands_crest": {
        "mean": 13.4015836716,
        "var": 18.352268219
    },
    "melbands_flatness_db": {
        "mean": 0.389124631882,
        "var": 0.00961583293974
    },
    "melbands_kurtosis": {
        "mean": 7.40976858139,
        "var": 683.185791016
    },
    "melbands_skewness": {
        "mean": 1.42081880569,
        "var": 1.40037369728
    },
    "melbands_spread": {
        "mean": 9.35752010345,
        "var": 43.0026931763
    },
    "pitch_salience": {
        "mean": 0.591094434261,
        "var": 0.0123851737007
    },
    "silence_rate_20dB": {
        "mean": 1,
        "var": 0
    },
    "silence_rate_30dB": {
        "mean": 0.978887736797,
        "var": 0.020666718483
    },
    "silence_rate_60dB": {
        "mean": 0.0988671481609,
        "var": 0.0890931040049
    },
    "spectral_centroid": {
        "mean": 469.231201172,
        "var": 55442.4257813
    },
    "spectral_complexity": {
        "mean": 7.9464468956,
        "var": 9.12487411499
    },
    "spectral_decrease": {
        "mean": -5.15964249104e-009,
        "var": 5.76112966321e-017
    },
    "spectral_energy": {
        "mean": 0.0200752206147,
        "var": 0.000870329386089
    },
    "spectral_energyband_high": {
        "mean": 2.28790158872e-005,
        "var": 4.12437373143e-009
    },
    "spectral_energyband_low": {
        "mean": 0.00477882567793,
        "var": 9.49994428083e-005
    },
    "spectral_energyband_middle_high": {
        "mean": 0.000586155685596,
        "var": 1.08827100576e-006
    },
    "spectral_energyband_middle_low": {
        "mean": 0.0153021840379,
        "var": 0.000608985777944
    },
    "spectral_entropy": {
        "mean": 5.85070466995,
        "var": 0.276326835155
    },
    "spectral_flux": {
        "mean": 0.0461285673082,
        "var": 0.00122599909082
    },
    "spectral_kurtosis": {
        "mean": 57.0289382935,
        "var": 5723.09960938
    },
    "spectral_rms": {
        "mean": 0.00369988754392,
        "var": 5.89640649196e-006
    },
    "spectral_rolloff": {
        "mean": 615.173278809,
        "var": 263897.71875
    },
    "spectral_skewness": {
        "mean": 5.38519430161,
        "var": 7.8508310318
    },
    "spectral_spread": {
        "mean": 2122731.5,
        "var": 3.32909799014e+012
    },
    "spectral_strongpeak": {
        "mean": 0.655071377754,
        "var": 0.572044491768
    },
    "zerocrossingrate": {
        "mean": 0.024039177224,
        "var": 0.000265747541562
    },
    "barkbands": {
        "mean": [0.000665413157549, 0.00246029696427, 0.00106082786806, 0.00173670682125, 0.00527786277235, 0.00339462887496, 0.00263130641542, 0.000703293655533, 0.00144424242899, 0.000207525474252, 0.000230944686336, 4.7454781452e-005, 1.9160361262e-005, 6.91837994964e-005, 7.65395670896e-005, 1.26406430354e-005, 6.33814306639e-006, 6.55028225083e-006, 8.82794495283e-007, 8.02698764346e-007, 2.83599774775e-007, 9.21838363865e-007, 2.3574991701e-006, 1.32074264911e-005, 4.9818536354e-006, 5.01840190736e-007, 3.95563517941e-007],
        "var": [2.77727963294e-006, 3.35956974595e-005, 1.00032784758e-005, 1.33976927827e-005, 6.01155443292e-005, 5.87492831983e-005, 0.000100170029327, 4.26297128797e-006, 6.61638568999e-006, 7.73324586589e-007, 3.30154854566e-008, 2.19050422245e-009, 2.43632558572e-010, 1.74381065143e-009, 1.5071418602e-007, 3.51915940833e-009, 8.68627947348e-010, 4.35267738519e-010, 1.98500937909e-012, 8.12404830908e-012, 1.44594264947e-012, 3.53333356497e-012, 4.30306588972e-011, 2.68583755236e-009, 1.72083555738e-010, 4.39383902526e-012, 1.45447965737e-012]
    },
    "erbbands": {
        "mean": [0.0959614142776, 0.445918947458, 1.15226602554, 3.71663045883, 7.05504846573, 22.2741966248, 29.1148777008, 28.8615646362, 35.8766021729, 28.3450775146, 16.025598526, 21.0877742767, 29.2950191498, 6.80071687698, 7.33550262451, 2.02356219292, 1.53766310215, 3.99475669861, 2.27278184891, 3.44515895844, 0.963858604431, 0.316452801228, 0.38225749135, 0.117623120546, 0.0353391729295, 0.0367693938315, 0.0162088312209, 0.0107999127358, 0.0373341031373, 0.0362685695291, 0.0915397852659, 0.276259899139, 0.200301900506, 0.0829433575273, 0.0109529383481, 0.00170868064743, 0.000853326229844, 0.000844632682856, 4.6028450015e-005, 2.29331981245e-005],
        "var": [0.0908498987556, 0.822772324085, 7.5553393364, 61.8158874512, 167.850143433, 968.323181152, 4060.00195313, 4340.10058594, 15501.0800781, 8720.52539063, 3771.01464844, 2287.85327148, 1524.6159668, 961.003051758, 26.0988254547, 3.51406502724, 0.789843142033, 5.43618631363, 11.5487785339, 614.698547363, 28.053560257, 1.30955088139, 2.23090457916, 0.025813953951, 0.0106008956209, 0.012534939684, 0.00383702921681, 0.00185471156146, 0.00461192661896, 0.0350973941386, 0.039960116148, 0.865714073181, 0.681439518929, 0.0558225661516, 0.00151021115016, 3.93642476411e-005, 9.22964136407e-006, 1.08562690002e-005, 1.30937927167e-008, 1.08407460786e-009]
    },
    "gfcc": {
        "mean": [-157.826538086, 186.75340271, -87.5690383911, -18.5853404999, -56.0738182068, 14.3329458237, -37.0980262756, -7.93994665146, -8.4944934845, -24.1214599609, 0.516035079956, -9.46788311005, -6.04067754745],
        "cov": [[7052.30957031, -416.059020996, -403.39932251, -432.07598877, -667.580322266, 335.483184814, -610.39050293, 162.322937012, 28.9182376862, -140.709762573, 80.3493347168, 54.0539245605, -19.5117263794], [-416.059020996, 2040.54772949, 155.278686523, -36.0460548401, 247.83531189, -550.962219238, 346.809265137, -280.204528809, 216.024978638, -91.5734710693, 293.796112061, -139.193023682, 55.2584648132], [-403.39932251, 155.278686523, 2189.59716797, 171.401046753, -76.3295669556, 169.620407104, -107.34211731, 160.983459473, 23.3415489197, 312.283569336, 138.906036377, -24.3912601471, 16.3666782379], [-432.07598877, -36.0460548401, 171.401046753, 384.855255127, 238.707244873, 8.33081245422, 27.8040065765, 39.2855148315, 31.1664962769, 60.3800430298, -26.7822799683, -17.4412403107, 28.0498943329], [-667.580322266, 247.83531189, -76.3295669556, 238.707244873, 330.714385986, -85.9602813721, 144.76222229, -39.8601837158, 52.2299079895, 22.1019001007, -39.0385665894, 3.45081710815, 12.4103107452], [335.483184814, -550.962219238, 169.620407104, 8.33081245422, -85.9602813721, 382.79397583, -112.820503235, 132.388534546, -77.3197174072, -47.653301239, 3.42277503014, -14.26957798, -11.9575281143], [-610.39050293, 346.809265137, -107.34211731, 27.8040065765, 144.76222229, -112.820503235, 238.920578003, -75.1303787231, 37.3444366455, 3.36522364616, -20.060333252, 18.5102062225, -20.3544902802], [162.322937012, -280.204528809, 160.983459473, 39.2855148315, -39.8601837158, 132.388534546, -75.1303787231, 147.712890625, 8.20826244354, 66.9334945679, 4.08980560303, -3.05409622192, 19.4997844696], [28.9182376862, 216.024978638, 23.3415489197, 31.1664962769, 52.2299079895, -77.3197174072, 37.3444366455, 8.20826244354, 120.986572266, 44.6331825256, 54.1048660278, 9.54413604736, 10.269194603], [-140.709762573, -91.5734710693, 312.283569336, 60.3800430298, 22.1019001007, -47.653301239, 3.36522364616, 66.9334945679, 44.6331825256, 210.688156128, -31.5484600067, 67.277305603, 1.04930007458], [80.3493347168, 293.796112061, 138.906036377, -26.7822799683, -39.0385665894, 3.42277503014, -20.060333252, 4.08980560303, 54.1048660278, -31.5484600067, 194.590927124, -44.1990661621, 24.0021781921], [54.0539245605, -139.193023682, -24.3912601471, -17.4412403107, 3.45081710815, -14.26957798, 18.5102062225, -3.05409622192, 9.54413604736, 67.277305603, -44.1990661621, 99.5141296387, -22.8769359589], [-19.5117263794, 55.2584648132, 16.3666782379, 28.0498943329, 12.4103107452, -11.9575281143, -20.3544902802, 19.4997844696, 10.269194603, 1.04930007458, 24.0021781921, -22.8769359589, 66.1231918335]],
        "icov": [[0.000344614149071, -0.000802144641057, 0.000295709847705, -0.00043776538223, 0.000977850751951, -0.00097744318191, 0.00132476305589, -0.000326854758896, -0.000348772533471, -9.18500591069e-005, 0.000931241316721, -0.00115513941273, 0.000346385932062], [-0.000802144641057, 0.00555662438273, -0.00171344052069, 0.00305572291836, -0.00459031155333, 0.00596265168861, -0.00576632516459, 0.00264277891256, -0.00131741294172, 0.00206994870678, -0.00573348486796, 0.00622076448053, -0.00196186336689], [0.000295709847705, -0.00171344052069, 0.00142847653478, -0.00134666427039, 0.00191666034516, -0.0027465345338, 0.00184336560778, 0.000332624476869, 0.000530105491634, -0.00299389637075, 0.00100596318953, -0.000649415596854, 0.000725140736904], [-0.00043776538223, 0.00305572291836, -0.00134666427039, 0.00838893279433, -0.0084765125066, 0.00293394760229, -0.00118229840882, 0.000285842485027, -0.000514313112944, 0.000241138870479, -0.00271198595874, 0.00494039710611, -0.00146516109817], [0.000977850751951, -0.00459031155333, 0.00191666034516, -0.0084765125066, 0.0143263218924, -0.0055660312064, 0.00108667183667, 0.000306448113406, -0.00208283658139, -0.00151161267422, 0.00615382008255, -0.00549894804135, 5.94276662014e-006], [-0.00097744318191, 0.00596265168861, -0.0027465345338, 0.00293394760229, -0.0055660312064, 0.0144340535626, -0.0060021514073, -0.0068871746771, 0.00288289110176, 0.00874788034707, -0.0069342055358, 0.00281816837378, 0.000907678273506], [0.00132476305589, -0.00576632516459, 0.00184336560778, -0.00118229840882, 0.00108667183667, -0.0060021514073, 0.0147343846038, -0.000746744510252, -0.000679094169755, -0.00222497968934, 0.00628701271489, -0.00687481835485, 0.00420166226104], [-0.000326854758896, 0.00264277891256, 0.000332624476869, 0.000285842485027, 0.000306448113406, -0.0068871746771, -0.000746744510252, 0.0238375309855, -0.00632452918217, -0.0107476469129, -0.00148513505701, 0.00970681384206, -0.0060209473595], [-0.000348772533471, -0.00131741294172, 0.000530105491634, -0.000514313112944, -0.00208283658139, 0.00288289110176, -0.000679094169755, -0.00632452918217, 0.0170031059533, -0.00180443900172, -0.00469380291179, -0.00332455709577, 0.00159489689395], [-9.18500591069e-005, 0.00206994870678, -0.00299389637075, 0.000241138870479, -0.00151161267422, 0.00874788034707, -0.00222497968934, -0.0107476469129, -0.00180443900172, 0.0187402945012, 0.000158599097631, -0.00875183008611, 0.000129411782837], [0.000931241316721, -0.00573348486796, 0.00100596318953, -0.00271198595874, 0.00615382008255, -0.0069342055358, 0.00628701271489, -0.00148513505701, -0.00469380291179, 0.000158599097631, 0.0147242033854, -0.00433713477105, -0.00018686063413], [-0.00115513941273, 0.00622076448053, -0.000649415596854, 0.00494039710611, -0.00549894804135, 0.00281816837378, -0.00687481835485, 0.00970681384206, -0.00332455709577, -0.00875183008611, -0.00433713477105, 0.0266918726265, 0.00055265071569], [0.000346385932062, -0.00196186336689, 0.000725140736904, -0.00146516109817, 5.94276662014e-006, 0.000907678273506, 0.00420166226104, -0.0060209473595, 0.00159489689395, 0.000129411782837, -0.00018686063413, 0.00055265071569, 0.0205483306199]]
    },
    "melbands": {
        "mean": [0.000777135835961, 0.000613764161244, 0.000749543425627, 0.000953483802732, 0.00111358636059, 0.000641288235784, 0.000553684541956, 0.000270088261459, 0.000122975019622, 0.000167472215253, 0.000144713703776, 2.25405528909e-005, 3.36845769198e-005, 2.64503319158e-006, 6.1879131863e-006, 4.98431836604e-006, 6.68514758217e-006, 3.15654278893e-006, 4.41071779278e-006, 2.77318486042e-006, 9.45015187881e-007, 3.26032875364e-007, 2.97456608678e-007, 3.15751748303e-007, 7.29566380642e-008, 2.21989271409e-008, 3.04926999206e-008, 2.12287432078e-008, 1.10255449215e-008, 6.62559473952e-009, 5.27065191491e-009, 1.83683361854e-008, 2.25410321519e-008, 1.89168289921e-008, 4.3014320994e-008, 8.17835257294e-008, 2.09773801885e-007, 1.16635661129e-007, 1.63825674804e-007, 4.01808399886e-008],
        "var": [4.28018165621e-006, 1.68405006207e-006, 2.23244478548e-006, 1.80724975962e-006, 4.2060787564e-006, 2.11127257899e-006, 4.22351968155e-006, 7.64429330502e-007, 2.91437515898e-007, 9.02017376347e-008, 3.67174983751e-008, 1.65468350133e-008, 5.01453323309e-010, 1.63562271366e-011, 3.01780996026e-011, 8.43132768463e-012, 1.6412496362e-011, 7.65213673676e-012, 7.34355909415e-010, 4.18334783481e-010, 2.42750264334e-011, 1.61574594849e-012, 1.12108098412e-012, 1.0416589466e-012, 6.30754688524e-015, 2.25401798836e-015, 1.88329627365e-014, 3.20740312192e-015, 1.86854239967e-015, 8.25533821685e-016, 5.93701168719e-016, 1.03187364167e-015, 2.6392301498e-015, 2.19271097183e-014, 1.10569385475e-014, 3.77393733939e-014, 6.35767805589e-013, 3.0989674802e-013, 3.7758929013e-013, 9.91889726685e-015]
    },
    "mfcc": {
        "mean": [-807.009460449, 216.385025024, 28.4681720734, -18.911649704, 11.4227752686, -0.692008972168, -3.9820933342, 8.59160709381, -13.1070537567, 4.00549411774, 1.21789646149, -10.8618507385, -18.7044239044],
        "cov": [[4034.74829102, 670.365661621, -80.2803878784, -756.4453125, 62.9052085876, -282.82522583, -257.082489014, -48.0575675964, -163.143478394, 18.1341991425, -18.3243598938, -26.3216571808, -136.974456787], [670.365661621, 1729.74304199, 78.3578491211, 174.350006104, -201.640670776, -128.438400269, -74.8652267456, -108.2838974, -194.339370728, 5.41848230362, 56.5980033875, 42.0626716614, 45.5093383789], [-80.2803878784, 78.3578491211, 1669.20690918, 153.750534058, 193.43737793, -51.8192863464, 55.8488426208, -140.76940918, 12.0439147949, -11.4380025864, 127.249526978, 206.859634399, 74.3456344604], [-756.4453125, 174.350006104, 153.750534058, 698.807006836, 82.3634796143, 108.857048035, -15.9166717529, -66.5429763794, 119.409492493, 20.3294448853, -14.0462303162, 88.2613220215, 189.406784058], [62.9052085876, -201.640670776, 193.43737793, 82.3634796143, 283.891998291, 43.5295372009, 46.8641853333, 20.1124401093, 48.6043281555, 20.1536750793, -13.1186256409, 47.7700119019, 0.377675920725], [-282.82522583, -128.438400269, -51.8192863464, 108.857048035, 43.5295372009, 157.900756836, 57.2980232239, 66.0803604126, 39.7427101135, -2.09080719948, 7.80806732178, -39.2581329346, 5.42648649216], [-257.082489014, -74.8652267456, 55.8488426208, -15.9166717529, 46.8641853333, 57.2980232239, 144.927017212, 59.1727752686, -7.4298453331, 12.2670860291, 8.05926704407, -16.0482120514, -68.6705780029], [-48.0575675964, -108.2838974, -140.76940918, -66.5429763794, 20.1124401093, 66.0803604126, 59.1727752686, 108.646530151, -0.878412008286, 12.8817653656, 17.8394680023, -53.7348175049, -47.950958252], [-163.143478394, -194.339370728, 12.0439147949, 119.409492493, 48.6043281555, 39.7427101135, -7.4298453331, -0.878412008286, 134.679855347, 21.5009975433, -23.4670562744, 46.2683334351, 84.7757034302], [18.1341991425, 5.41848230362, -11.4380025864, 20.3294448853, 20.1536750793, -2.09080719948, 12.2670860291, 12.8817653656, 21.5009975433, 45.2816619873, 12.7311153412, 12.4285554886, 14.0515165329], [-18.3243598938, 56.5980033875, 127.249526978, -14.0462303162, -13.1186256409, 7.80806732178, 8.05926704407, 17.8394680023, -23.4670562744, 12.7311153412, 72.1620483398, 19.8887901306, 8.67353057861], [-26.3216571808, 42.0626716614, 206.859634399, 88.2613220215, 47.7700119019, -39.2581329346, -16.0482120514, -53.7348175049, 46.2683334351, 12.4285554886, 19.8887901306, 116.970588684, 96.7454147339], [-136.974456787, 45.5093383789, 74.3456344604, 189.406784058, 0.377675920725, 5.42648649216, -68.6705780029, -47.950958252, 84.7757034302, 14.0515165329, 8.67353057861, 96.7454147339, 199.376754761]],
        "icov": [[0.000563257141039, -0.000373632152332, -8.52082521305e-005, 0.000833174330182, -0.000600625004154, -0.00030080525903, 0.00153652753215, -0.000262098095845, -7.83738141763e-005, -0.000871828524396, 0.000732392421924, -0.000318344769767, 0.000405402301112], [-0.000373632152332, 0.00126146851107, -1.13366295409e-005, -0.00111958303023, 0.00119521375746, 0.000178267917363, -0.000576668360736, -0.000185339609743, 0.00253314501606, -0.000738449103665, 0.000291942298645, -0.00101219280623, -0.000273719575489], [-8.52082521305e-005, -1.13366295409e-005, 0.00137683516368, -0.000101088102383, -0.00120157503989, 0.000874804274645, -0.00198598043062, 0.00318195880391, -0.00135686807334, 0.00235844403505, -0.00439133588225, 0.000796856649686, -0.000198509645998], [0.000833174330182, -0.00111958303023, -0.000101088102383, 0.00432685017586, -0.0017236120766, -0.00329824443907, 0.00150529050734, 0.00286020059139, -0.00140105630271, -0.00212215026841, 0.00126687902957, 0.000373981136363, -0.00143673294224], [-0.000600625004154, 0.00119521375746, -0.00120157503989, -0.0017236120766, 0.00820705108345, -0.00397990643978, 0.00201428122818, -0.00588031439111, 0.00418556015939, -0.00492888735607, 0.00836129300296, -0.00995340943336, 0.00380602944642], [-0.00030080525903, 0.000178267917363, 0.000874804274645, -0.00329824443907, -0.00397990643978, 0.0214728191495, -0.00984897371382, -0.00161625538021, -0.00869091320783, 0.0128201209009, -0.0130538204685, 0.0176255255938, -0.00699092494324], [0.00153652753215, -0.000576668360736, -0.00198598043062, 0.00150529050734, 0.00201428122818, -0.00984897371382, 0.0225154887885, -0.0123087400571, 0.00606126803905, -0.0113613763824, 0.01379526034, -0.0165873542428, 0.0112287877128], [-0.000262098095845, -0.000185339609743, 0.00318195880391, 0.00286020059139, -0.00588031439111, -0.00161625538021, -0.0123087400571, 0.0335568971932, -0.00851547531784, 0.00219538528472, -0.020423674956, 0.0182784888893, -0.00467005930841], [-7.83738141763e-005, 0.00253314501606, -0.00135686807334, -0.00140105630271, 0.00418556015939, -0.00869091320783, 0.00606126803905, -0.00851547531784, 0.0255263186991, -0.0140083627775, 0.0185057055205, -0.0155772557482, -0.00163980398793], [-0.000871828524396, -0.000738449103665, 0.00235844403505, -0.00212215026841, -0.00492888735607, 0.0128201209009, -0.0113613763824, 0.00219538528472, -0.0140083627775, 0.0398097746074, -0.0200687218457, 0.0119554847479, -0.00479605002329], [0.000732392421924, 0.000291942298645, -0.00439133588225, 0.00126687902957, 0.00836129300296, -0.0130538204685, 0.01379526034, -0.020423674956, 0.0185057055205, -0.0200687218457, 0.0441477634013, -0.025141146034, 0.00487399753183], [-0.000318344769767, -0.00101219280623, 0.000796856649686, 0.000373981136363, -0.00995340943336, 0.0176255255938, -0.0165873542428, 0.0182784888893, -0.0155772557482, 0.0119554847479, -0.025141146034, 0.0479933395982, -0.0188316274434], [0.000405402301112, -0.000273719575489, -0.000198509645998, -0.00143673294224, 0.00380602944642, -0.00699092494324, 0.0112287877128, -0.00467005930841, -0.00163980398793, -0.00479605002329, 0.00487399753183, -0.0188316274434, 0.0196839906275]]
    },
    "spectral_contrast_coeffs": {
        "mean": [-0.594114899635, -0.718114554882, -0.646733641624, -0.706392109394, -0.757860064507, -0.793826401234],
        "var": [0.00724667916074, 0.0049972711131, 0.00799977220595, 0.0047050062567, 0.00364036648534, 0.00296694249846]
    },
    "spectral_contrast_valleys": {
        "mean": [-7.67751073837, -7.39106178284, -8.75989818573, -9.94351196289, -11.0908288956, -13.2732362747],
        "var": [1.39134371281, 2.01057815552, 1.18326354027, 1.07536411285, 1.00385510921, 1.16612792015]
    }
},
"metadata": {
    "audio_properties": {
        "analysis_sample_rate": 44100,
        "bit_rate": 128074,
        "equal_loudness": 0,
        "length": 45.0612258911,
        "lossless": 0,
        "replay_gain": -5.99404716492,
        "sample_rate": 44100,
        "codec": "mp3",
        "downmix": "mix",
        "md5_encoded": "b3b795e7a5021826fd406239e876b818"
    },
    "tags": {
        "file_name": "1162.mp3"
    },
    "version": {
        "essentia": "2.1-beta2",
        "essentia_git_sha": "v2.1_beta2",
        "extractor": "music 1.0"
    }
},
"rhythm": {
    "beats_count": 89,
    "beats_loudness": {
        "mean": 0.0251526087523,
        "var": 0.0014572464861
    },
    "bpm": 119.77532959,
    "bpm_histogram_first_peak_bpm": {
        "mean": 120,
        "var": 0
    },
    "bpm_histogram_first_peak_spread": {
        "mean": 0.227848142385,
        "var": 0
    },
    "bpm_histogram_first_peak_weight": {
        "mean": 0.693181812763,
        "var": 0
    },
    "bpm_histogram_second_peak_bpm": {
        "mean": 115,
        "var": 0
    },
    "bpm_histogram_second_peak_spread": {
        "mean": 0.14285710454,
        "var": 0
    },
    "bpm_histogram_second_peak_weight": {
        "mean": 0.0681818202138,
        "var": 0
    },
    "danceability": 0.877494513988,
    "onset_rate": 4.12585687637,
    "beats_loudness_band_ratio": {
        "mean": [0.317759603262, 0.40880382061, 0.247003212571, 0.0510677695274, 0.0122381811962, 0.00289580738172],
        "var": [0.0661224573851, 0.0378916040063, 0.030017638579, 0.00225477060303, 0.00160885765217, 3.1379317079e-005]
    },
    "beats_position": [0.510838985443, 1.02167797089, 1.54412698746, 2.06657600403, 2.57741498947, 3.08825397491, 3.58748292923, 4.08671188354, 4.59755086899, 5.0967798233, 5.59600877762, 6.09523820877, 6.59446716309, 7.0936961174, 7.59292507172, 8.10376358032, 8.60299301147, 9.10222244263, 9.6014509201, 10.1006803513, 10.5999088287, 11.0991382599, 11.5983667374, 12.0975961685, 12.5968255997, 13.0960540771, 13.5952835083, 14.0945119858, 14.5937414169, 15.1045799255, 15.5921993256, 16.0914287567, 16.602268219, 17.1014957428, 17.6123352051, 18.1115646362, 18.5991840363, 19.0868015289, 19.5860309601, 20.0852603912, 20.5844898224, 21.0837192535, 21.5945568085, 22.0937862396, 22.5930156708, 23.0922451019, 23.5914726257, 24.102312088, 24.6015415192, 25.1007709503, 25.6000003815, 26.0992279053, 26.5984573364, 27.0976867676, 27.5969161987, 28.0961437225, 28.5953731537, 29.106212616, 29.6054420471, 30.1046714783, 30.6038990021, 31.1031284332, 31.6023578644, 32.1015853882, 32.6008148193, 33.111656189, 33.6224937439, 34.1681632996, 34.7138328552, 35.2478904724, 35.7703399658, 36.2927894592, 36.8152389526, 37.3376846313, 37.848526001, 38.3477554321, 38.8469848633, 39.3462142944, 39.8454399109, 40.3562812805, 40.8555107117, 41.3547401428, 41.8539657593, 42.3531951904, 42.8524246216, 43.3516540527, 43.8508834839, 44.350112915, 44.8493423462]
},
"tonal": {
    "chords_changes_rate": 0.0308641977608,
    "chords_number_rate": 0.00308641977608,
    "chords_strength": {
        "mean": 0.548539638519,
        "var": 0.00915245618671
    },
    "hpcp_entropy": {
        "mean": 1.75981712341,
        "var": 0.430451005697
    },
    "key_strength": 0.661973297596,
    "tuning_diatonic_strength": 0.575728952885,
    "tuning_equal_tempered_deviation": 0.253809988499,
    "tuning_frequency": 434.193115234,
    "tuning_nontempered_energy_ratio": 0.971592366695,
    "hpcp": {
        "mean": [0.101227521896, 0.105481542647, 0.0809172764421, 0.0514158643782, 0.0438071079552, 0.0996277034283, 0.378996551037, 0.579452157021, 0.37342017889, 0.16780564189, 0.0974708423018, 0.0485194325447, 0.027164708823, 0.0276684369892, 0.0829807817936, 0.147258445621, 0.121316552162, 0.0709904879332, 0.0585877634585, 0.0419923216105, 0.0552082695067, 0.171267986298, 0.21292719245, 0.198272868991, 0.250573843718, 0.172932207584, 0.0788851603866, 0.236823290586, 0.359103143215, 0.180354163051, 0.0252998955548, 0.0239515975118, 0.0549628399312, 0.081221818924, 0.059870775789, 0.0576848015189],
        "var": [0.0412492118776, 0.0392704792321, 0.0380683541298, 0.0181302949786, 0.0143633969128, 0.0347883105278, 0.0881842002273, 0.150225132704, 0.0738638043404, 0.075314745307, 0.0437559746206, 0.0170160774142, 0.00768567994237, 0.00793001521379, 0.0306233987212, 0.0692732706666, 0.056143604219, 0.0250322390348, 0.0147314481437, 0.00795727875084, 0.0121690249071, 0.0723471343517, 0.0973686203361, 0.0552069805562, 0.107430875301, 0.0699761584401, 0.0225192755461, 0.0413654707372, 0.0768469721079, 0.0225029624999, 0.00442085182294, 0.00648201396689, 0.0200875569135, 0.0313219167292, 0.0173400081694, 0.0164718925953]
    },
    "chords_histogram": [0, 0, 69.1358032227, 0, 0, 0, 0, 0, 0, 26.851852417, 0, 0, 0, 0, 0, 0, 0, 0, 0, 0, 0, 4.01234579086, 0, 0],
    "thpcp": [1, 0.644436597824, 0.289593607187, 0.16821205616, 0.0837332829833, 0.0468799844384, 0.0477493032813, 0.143205583096, 0.254133909941, 0.2093642205, 0.122513115406, 0.101108886302, 0.0724690034986, 0.0952766686678, 0.295568823814, 0.367462933064, 0.342172980309, 0.432432323694, 0.298440873623, 0.136137485504, 0.408702075481, 0.61972874403, 0.311249434948, 0.0436617508531, 0.041334901005, 0.0948531106114, 0.140170022845, 0.103323072195, 0.0995505824685, 0.17469522357, 0.182036668062, 0.139644443989, 0.088731855154, 0.0756009072065, 0.171934306622, 0.654060125351],
    "chords_key": "B",
    "chords_scale": "minor",
    "key_key": "E",
    "key_scale": "minor"
}
}