{
"lowlevel": {
    "average_loudness": 0.806623458862,
    "barkbands_crest": {
        "mean": 11.9171047211,
        "var": 16.6204986572
    },
    "barkbands_flatness_db": {
        "mean": 0.189556539059,
        "var": 0.00826648622751
    },
    "barkbands_kurtosis": {
        "mean": 11.8977794647,
        "var": 296.788452148
    },
    "barkbands_skewness": {
        "mean": 2.39394640923,
        "var": 3.34964680672
    },
    "barkbands_spread": {
        "mean": 20.001832962,
        "var": 460.839813232
    },
    "dissonance": {
        "mean": 0.44000646472,
        "var": 0.00268210936338
    },
    "dynamic_complexity": 3.90077972412,
    "erbbands_crest": {
        "mean": 9.58058357239,
        "var": 21.3661670685
    },
    "erbbands_flatness_db": {
        "mean": 0.16516597569,
        "var": 0.00675212126225
    },
    "erbbands_kurtosis": {
        "mean": 1.40698349476,
        "var": 12.5589227676
    },
    "erbbands_skewness": {
        "mean": 0.369879692793,
        "var": 1.26749587059
    },
    "erbbands_spread": {
        "mean": 45.1943588257,
        "var": 731.025878906
    },
    "hfc": {
        "mean": 19.1983032227,
        "var": 882.113830566
    },
    "melbands_crest": {
        "mean": 16.9699859619,
        "var": 25.2895679474
    },
    "melbands_flatness_db": {
        "mean": 0.272379815578,
        "var": 0.0127710383385
    },
    "melbands_kurtosis": {
        "mean": 31.3169937134,
        "var": 1529.35559082
    },
    "melbands_skewness": {
        "mean": 3.86757969856,
        "var": 5.90055799484
    },
    "melbands_spread": {
        "mean": 19.8034381866,
        "var": 970.20098877
    },
    "pitch_salience": {
        "mean": 0.517060577869,
        "var": 0.0166101753712
    },
    "silence_rate_20dB": {
        "mean": 1,
        "var": 0
    },
    "silence_rate_30dB": {
        "mean": 0.96035015583,
        "var": 0.0380775369704
    },
    "silence_rate_60dB": {
        "mean": 0.0942327529192,
        "var": 0.0853536427021
    },
    "spectral_centroid": {
        "mean": 1062.81738281,
        "var": 869047.875
    },
    "spectral_complexity": {
        "mean": 10.8558187485,
        "var": 41.8227310181
    },
    "spectral_decrease": {
        "mean": -7.72031594209e-009,
        "var": 6.83872961092e-017
    },
    "spectral_energy": {
        "mean": 0.0308796018362,
        "var": 0.00105008319952
    },
    "spectral_energyband_high": {
        "mean": 0.00134180614259,
        "var": 1.27371567942e-005
    },
    "spectral_energyband_low": {
        "mean": 0.0162705332041,
        "var": 0.000523385126144
    },
    "spectral_energyband_middle_high": {
        "mean": 0.00350986467674,
        "var": 6.21302824584e-005
    },
    "spectral_energyband_middle_low": {
        "mean": 0.0113914338872,
        "var": 0.000136100832606
    },
    "spectral_entropy": {
        "mean": 7.18853378296,
        "var": 0.826505720615
    },
    "spectral_flux": {
        "mean": 0.0638044700027,
        "var": 0.00221763271838
    },
    "spectral_kurtosis": {
        "mean": 17.0656738281,
        "var": 1695.79492188
    },
    "spectral_rms": {
        "mean": 0.00477853277698,
        "var": 7.29205612515e-006
    },
    "spectral_rolloff": {
        "mean": 1474.07885742,
        "var": 5726115.5
    },
    "spectral_skewness": {
        "mean": 2.32098317146,
        "var": 5.7880692482
    },
    "spectral_spread": {
        "mean": 5289763,
        "var": 6.35926636134e+012
    },
    "spectral_strongpeak": {
        "mean": 0.640814185143,
        "var": 0.767564475536
    },
    "zerocrossingrate": {
        "mean": 0.0562094189227,
        "var": 0.00306992908008
    },
    "barkbands": {
        "mean": [0.000890662951861, 0.0103435600176, 0.00344528979622, 0.00427161157131, 0.00364936026745, 0.000744928896893, 0.0013503965456, 0.000380814162781, 0.000887227593921, 0.00068625737913, 0.00117763318121, 0.000299186183838, 0.000512294936925, 0.000131817476358, 0.000129321255372, 7.99985718913e-005, 0.000103920814581, 0.000225166309974, 0.000148496037582, 0.000170869883732, 0.000190391641809, 0.000297599704936, 0.000328609807184, 0.000198201698367, 0.000134302841616, 9.23899642657e-005, 9.32582497626e-006],
        "var": [4.32669776274e-006, 0.000255657709204, 4.0331226046e-005, 3.13183518301e-005, 2.20567198994e-005, 2.09627796721e-006, 8.50495143823e-006, 1.33553589876e-006, 5.33157435711e-006, 1.08243275463e-005, 1.79436756298e-005, 1.12879320113e-006, 4.72779447591e-006, 1.14976216992e-007, 2.18561325482e-007, 9.41237701113e-008, 1.17620395201e-007, 6.3438790221e-007, 3.01503092714e-007, 1.94845426904e-007, 5.29904070845e-007, 1.10711948764e-006, 9.91051933852e-007, 3.2527913163e-007, 1.93269556803e-007, 9.10607411697e-008, 1.56175672394e-009]
    },
    "erbbands": {
        "mean": [0.398124068975, 1.92812514305, 3.86523294449, 9.03913593292, 16.7717857361, 10.9179563522, 5.59188079834, 6.52850103378, 13.709446907, 20.2728347778, 9.60029602051, 18.8645610809, 17.7702026367, 35.708190918, 37.9087677002, 14.0881328583, 25.9415531158, 8.30286979675, 7.03419065475, 5.31102371216, 4.68029356003, 6.37305212021, 12.238817215, 8.42205715179, 7.88511657715, 7.91693592072, 6.95576620102, 8.90478229523, 10.3483886719, 10.4342746735, 8.98646259308, 6.16518783569, 2.20937180519, 1.4884403944, 0.951662838459, 0.428877264261, 0.164892300963, 0.0349452458322, 0.00105569313746, 6.22166116955e-005],
        "var": [0.406951874495, 9.31571388245, 46.6645507813, 134.73374939, 591.695922852, 232.301223755, 69.8644104004, 171.568130493, 1077.90405273, 2340.76953125, 739.282897949, 2834.43066406, 3252.13891602, 16949.3554688, 18523.5859375, 1750.06933594, 12242.0351563, 434.093048096, 630.220397949, 216.80355835, 404.230895996, 403.718902588, 1691.01159668, 1138.04663086, 643.192749023, 415.233337402, 583.568115234, 1220.9498291, 1418.48693848, 1036.12536621, 744.071655273, 338.622192383, 41.6645011902, 23.1858253479, 11.1420660019, 2.0397310257, 0.316642999649, 0.0168188158423, 1.60393046826e-005, 1.0304932907e-008]
    },
    "gfcc": {
        "mean": [-44.8646659851, 97.0464553833, -83.2603607178, 29.0254535675, -57.4435119629, 19.6930809021, -35.4564094543, -2.70808720589, -33.7230834961, -5.32961702347, -17.8002185822, -2.18005657196, -19.7650737762],
        "cov": [[10364.8496094, -4517.78808594, -426.273101807, 1961.76818848, -542.890991211, 869.159912109, 48.1796302795, 701.726318359, -244.192276001, 522.973205566, -177.964111328, 335.159790039, -435.863342285], [-4517.78808594, 4362.64306641, 68.4800796509, -1512.21655273, 463.037475586, -472.962860107, 329.6512146, -145.055847168, 392.237213135, -425.475280762, 412.338562012, -194.900588989, 342.352416992], [-426.273101807, 68.4800796509, 675.371887207, 87.8037948608, 139.683746338, 60.6355056763, 53.1680641174, -19.7462825775, 106.785484314, 112.40460968, -11.40812397, 19.1922531128, 91.4192810059], [1961.76818848, -1512.21655273, 87.8037948608, 1115.66748047, 61.1410369873, 296.35067749, -31.2488670349, 84.523475647, -26.5875930786, 272.11819458, -78.5277786255, 69.433265686, -58.633441925], [-542.890991211, 463.037475586, 139.683746338, 61.1410369873, 478.657348633, 63.0252761841, 76.8028335571, -16.5407714844, 83.8079223633, 102.239624023, 96.9174423218, -10.1315698624, 107.052230835], [869.159912109, -472.962860107, 60.6355056763, 296.35067749, 63.0252761841, 289.536804199, 95.1478347778, 80.7121353149, 25.8418312073, 113.852096558, 31.4489154816, 44.0234947205, -21.0224094391], [48.1796302795, 329.6512146, 53.1680641174, -31.2488670349, 76.8028335571, 95.1478347778, 238.192153931, 91.8872451782, 77.1281814575, -5.31877565384, 92.995803833, 14.7078094482, 25.3180904388], [701.726318359, -145.055847168, -19.7462825775, 84.523475647, -16.5407714844, 80.7121353149, 91.8872451782, 220.497924805, 67.7317123413, 28.6585445404, 42.4950752258, 38.3147354126, -36.6129837036], [-244.192276001, 392.237213135, 106.785484314, -26.5875930786, 83.8079223633, 25.8418312073, 77.1281814575, 67.7317123413, 200.221160889, 19.0766792297, 70.4630813599, 2.69210147858, 37.4631919861], [522.973205566, -425.475280762, 112.40460968, 272.11819458, 102.239624023, 113.852096558, -5.31877565384, 28.6585445404, 19.0766792297, 197.497680664, -0.270817518234, 22.3540496826, 10.9917955399], [-177.964111328, 412.338562012, -11.40812397, -78.5277786255, 96.9174423218, 31.4489154816, 92.995803833, 42.4950752258, 70.4630813599, -0.270817518234, 139.152252197, 16.4493770599, 35.2898483276], [335.159790039, -194.900588989, 19.1922531128, 69.433265686, -10.1315698624, 44.0234947205, 14.7078094482, 38.3147354126, 2.69210147858, 22.3540496826, 16.4493770599, 88.0623779297, 8.19665908813], [-435.863342285, 342.352416992, 91.4192810059, -58.633441925, 107.052230835, -21.0224094391, 25.3180904388, -36.6129837036, 37.4631919861, 10.9917955399, 35.2898483276, 8.19665908813, 115.527946472]],
        "icov": [[0.000289234623779, 6.92694666213e-005, 0.000164680561284, -0.000210564408917, 0.000227754935622, -0.000299745704979, -4.43623575848e-005, -0.000601316511165, 0.000246832787525, -0.000273743207799, 5.65617774555e-005, -0.000335322954925, 0.000154849898536], [6.92694666213e-005, 0.00222425442189, 2.93234334094e-005, 0.00123649975285, -0.000973378308117, 0.0015905018663, -0.00136403460056, 0.000733238004614, -0.00223070615903, 0.00235056248493, -0.00333496951498, 0.0030251792632, -0.00269909924828], [0.000164680561284, 2.93234334094e-005, 0.00225190096535, 1.95676402654e-005, 1.15938191811e-005, -0.000296854617773, -0.000733931781724, 0.000236736741499, -0.00108352652751, -0.00131992716342, 0.00169895775616, -0.000749701575842, -0.0010553561151], [-0.000210564408917, 0.00123649975285, 1.95676402654e-005, 0.00271126069129, -0.000937047414482, -3.43364699802e-005, -0.00046499480959, 0.000751387211494, -0.00152472977061, -8.11000791145e-005, -0.000729106599465, 0.00137765030377, -0.00126886356156], [0.000227754935622, -0.000973378308117, 1.15938191811e-005, -0.000937047414482, 0.00422297930345, -0.00118764175568, 0.000291982432827, -0.000377247895813, 0.00104424823076, -0.00287426775321, -0.000360193662345, -0.000232531412621, -0.000992445508018], [-0.000299745704979, 0.0015905018663, -0.000296854617773, -3.43364699802e-005, -0.00118764175568, 0.00858796387911, -0.00383744342253, 0.00129948183894, -0.00169789034408, -0.000147203609231, -0.00330472341739, 0.00112506025471, -0.000216340908082], [-4.43623575848e-005, -0.00136403460056, -0.000733931781724, -0.00046499480959, 0.000291982432827, -0.00383744342253, 0.00896695163101, -0.00303913303651, 0.00124363030773, 0.000908907561097, -0.00137093104422, -0.000586770474911, 0.000293063232675], [-0.000601316511165, 0.000733238004614, 0.000236736741499, 0.000751387211494, -0.000377247895813, 0.00129948183894, -0.00303913303651, 0.00936632417142, -0.00396421179175, 0.000379752222216, -0.00171114923432, -0.000816648884211, 0.00180295703467], [0.000246832787525, -0.00223070615903, -0.00108352652751, -0.00152472977061, 0.00104424823076, -0.00169789034408, 0.00124363030773, -0.00396421179175, 0.0104691181332, -0.0025861102622, 0.000508517492563, -0.00186406378634, 0.00164782896172], [-0.000273743207799, 0.00235056248493, -0.00131992716342, -8.11000791145e-005, -0.00287426775321, -0.000147203609231, 0.000908907561097, 0.000379752222216, -0.0025861102622, 0.0132731385529, -0.00431354576722, 0.00389268505387, -0.00382006098516], [5.65617774555e-005, -0.00333496951498, 0.00169895775616, -0.000729106599465, -0.000360193662345, -0.00330472341739, -0.00137093104422, -0.00171114923432, 0.000508517492563, -0.00431354576722, 0.0192299429327, -0.0075790383853, 0.00278140394948], [-0.000335322954925, 0.0030251792632, -0.000749701575842, 0.00137765030377, -0.000232531412621, 0.00112506025471, -0.000586770474911, -0.000816648884211, -0.00186406378634, 0.00389268505387, -0.0075790383853, 0.0194490682334, -0.00747807323933], [0.000154849898536, -0.00269909924828, -0.0010553561151, -0.00126886356156, -0.000992445508018, -0.000216340908082, 0.000293063232675, 0.00180295703467, 0.00164782896172, -0.00382006098516, 0.00278140394948, -0.00747807323933, 0.0183271858841]]
    },
    "melbands": {
        "mean": [0.00318304286338, 0.00219856319018, 0.001953615807, 0.00098113133572, 0.000254845450399, 0.000146815698827, 0.000227322467254, 0.000190069025848, 8.41756627779e-005, 0.000120330485515, 8.78070932231e-005, 0.000139411378768, 0.000165929683135, 3.26298322761e-005, 5.7259494497e-005, 3.94544877054e-005, 1.27910789161e-005, 1.15840757644e-005, 7.39765982871e-006, 5.71966893403e-006, 5.32637841388e-006, 4.90676575282e-006, 1.24642592709e-005, 9.29334692046e-006, 6.35260676063e-006, 6.29070609648e-006, 5.25535915585e-006, 5.20878529642e-006, 4.28581597589e-006, 4.44452052761e-006, 5.40698283658e-006, 5.83974042456e-006, 5.82416305406e-006, 5.85396128372e-006, 5.16532963957e-006, 4.98470717503e-006, 3.26257782035e-006, 1.5644401401e-006, 1.17226443308e-006, 1.27642294956e-006],
        "var": [2.46139807132e-005, 1.23126019389e-005, 5.77942500968e-006, 1.48201991124e-006, 1.28643961261e-007, 8.22874142159e-008, 2.82503208382e-007, 2.06455737839e-007, 6.16226643047e-008, 1.06395283694e-007, 8.93545148983e-008, 3.05448480731e-007, 3.73738885173e-007, 1.79190138283e-008, 4.01719049137e-008, 2.58299053257e-008, 1.21971033273e-009, 1.82289916495e-009, 9.93775839397e-010, 1.9533190343e-010, 6.72911393274e-010, 3.08249981096e-010, 1.78172421261e-009, 1.26082955187e-009, 8.2803253143e-010, 6.22441764797e-010, 2.11694092811e-010, 1.94630839223e-010, 2.20392509798e-010, 3.36320499228e-010, 4.48341030967e-010, 5.07214215073e-010, 3.93967747314e-010, 3.12138426217e-010, 2.38569802802e-010, 2.60759774884e-010, 9.66399946178e-011, 2.25156612105e-011, 1.56112640176e-011, 1.77663994627e-011]
    },
    "mfcc": {
        "mean": [-697.093200684, 126.682403564, 31.9367160797, 19.2951545715, 3.43953180313, 15.4298448563, 5.45622682571, 5.72569942474, -10.6762285233, -3.1380045414, -5.99213218689, -2.30582237244, -2.34585189819],
        "cov": [[9311.24707031, -3915.24438477, -566.30657959, 784.286621094, -53.2582321167, 323.441009521, 260.631835938, 460.665222168, -82.0882263184, 470.637390137, 206.304122925, 30.5083122253, 50.8641853333], [-3915.24438477, 3680.88891602, 105.678833008, -677.458984375, -93.5372848511, -380.933959961, -4.85802793503, 44.1905670166, 44.0507507324, -126.998527527, 23.414686203, 55.6510162354, 63.2690887451], [-566.30657959, 105.678833008, 537.139709473, -6.17309045792, 6.78890705109, 81.3447723389, -40.3749542236, -5.12475156784, 92.5841445923, 17.4577178955, 19.1706581116, 31.0111293793, 7.50754356384], [784.286621094, -677.458984375, -6.17309045792, 492.883117676, 199.101089478, 207.653686523, 63.3057556152, -40.1935882568, 62.8400917053, 95.2154388428, 15.3414545059, 16.896024704, 42.6240196228], [-53.2582321167, -93.5372848511, 6.78890705109, 199.101089478, 309.524475098, 166.811935425, 53.1738204956, -70.8898925781, 65.5207061768, 59.7410583496, 27.6644687653, 27.2682476044, 54.3263893127], [323.441009521, -380.933959961, 81.3447723389, 207.653686523, 166.811935425, 318.166625977, 92.8315429688, -41.3636322021, 57.9969596863, 88.0439224243, 13.7016496658, 39.5398139954, 34.0451774597], [260.631835938, -4.85802793503, -40.3749542236, 63.3057556152, 53.1738204956, 92.8315429688, 199.896118164, 48.4226875305, 16.5612106323, 66.297668457, 27.1839694977, 20.5606861115, 38.9570999146], [460.665222168, 44.1905670166, -5.12475156784, -40.1935882568, -70.8898925781, -41.3636322021, 48.4226875305, 252.586196899, 2.86650013924, 53.0053596497, 83.570350647, 37.5782546997, 14.8100242615], [-82.0882263184, 44.0507507324, 92.5841445923, 62.8400917053, 65.5207061768, 57.9969596863, 16.5612106323, 2.86650013924, 120.779182434, 45.1876678467, 21.5703430176, 24.0237998962, 31.1181621552], [470.637390137, -126.998527527, 17.4577178955, 95.2154388428, 59.7410583496, 88.0439224243, 66.297668457, 53.0053596497, 45.1876678467, 184.476211548, 73.9820709229, 27.856552124, 21.7434921265], [206.304122925, 23.414686203, 19.1706581116, 15.3414545059, 27.6644687653, 13.7016496658, 27.1839694977, 83.570350647, 21.5703430176, 73.9820709229, 133.944229126, 55.2870788574, 8.63355445862], [30.5083122253, 55.6510162354, 31.0111293793, 16.896024704, 27.2682476044, 39.5398139954, 20.5606861115, 37.5782546997, 24.0237998962, 27.856552124, 55.2870788574, 85.2146911621, 23.3341846466], [50.8641853333, 63.2690887451, 7.50754356384, 42.6240196228, 54.3263893127, 34.0451774597, 38.9570999146, 14.8100242615, 31.1181621552, 21.7434921265, 8.63355445862, 23.3341846466, 92.5413513184]],
        "icov": [[0.000310929230182, 0.000312916788971, 0.000249420525506, -9.22928011278e-005, 0.000228456890909, 6.24685999355e-005, -8.94636687008e-005, -0.000395676441258, 9.92319255602e-005, -0.000463336909888, -7.21337273717e-005, -3.4098404285e-005, -0.000327847606968], [0.000312916788971, 0.000776377506554, 0.000144701916724, 0.000565717811696, -0.000139295516419, 0.000639331003185, -0.000410767737776, -0.000280759792076, -0.000245785660809, -0.000402251956984, 4.09208632846e-006, -0.000444649253041, -0.000621774524916], [0.000249420525506, 0.000144701916724, 0.00266580539756, 0.000145600788528, 0.000832801801153, -0.00116470525973, 0.000869905110449, -0.000311036623316, -0.00180613342673, -0.000156174428412, -0.000411234068451, -0.000103125654277, -0.000187790792552], [-9.22928011278e-005, 0.000565717811696, 0.000145600788528, 0.00425637094304, -0.00176987354644, -0.000668253924232, -0.000128856147057, 0.000205766002182, -0.00101475673728, -0.000538731517736, 0.000384673825465, -5.1341841754e-005, -0.000557291263249], [0.000228456890909, -0.000139295516419, 0.000832801801153, -0.00176987354644, 0.00679977657273, -0.00234770635143, 0.00010110612493, 0.00169229949825, -0.00125553458929, -7.4694066825e-006, -0.00244791898876, 0.000764543132391, -0.00226466078311], [6.24685999355e-005, 0.000639331003185, -0.00116470525973, -0.000668253924232, -0.00234770635143, 0.00742076383904, -0.00259639346041, 0.000831406214274, -0.000144295991049, -0.00171464576852, 0.00201678322628, -0.00318902847357, 0.000606328248978], [-8.94636687008e-005, -0.000410767737776, 0.000869905110449, -0.000128856147057, 0.00010110612493, -0.00259639346041, 0.00745637668297, -0.001385629992, 0.0004356035206, -0.00119710480794, 0.000128249434056, 0.000656838237774, -0.00174532481469], [-0.000395676441258, -0.000280759792076, -0.000311036623316, 0.000205766002182, 0.00169229949825, 0.000831406214274, -0.001385629992, 0.0069143329747, -0.000342021026881, -5.74893892917e-005, -0.00334756053053, -0.000722137687262, -0.000859772961121], [9.92319255602e-005, -0.000245785660809, -0.00180613342673, -0.00101475673728, -0.00125553458929, -0.000144295991049, 0.0004356035206, -0.000342021026881, 0.0125182382762, -0.0021267849952, 0.000371464819182, -0.00100114010274, -0.00210299994797], [-0.000463336909888, -0.000402251956984, -0.000156174428412, -0.000538731517736, -7.4694066825e-006, -0.00171464576852, -0.00119710480794, -5.74893892917e-005, -0.0021267849952, 0.00994991883636, -0.00467910896987, 0.00202058604918, 0.000243192786002], [-7.21337273717e-005, 4.09208632846e-006, -0.000411234068451, 0.000384673825465, -0.00244791898876, 0.00201678322628, 0.000128249434056, -0.00334756053053, 0.000371464819182, -0.00467910896987, 0.0156279616058, -0.0080409264192, 0.00261387671344], [-3.4098404285e-005, -0.000444649253041, -0.000103125654277, -5.1341841754e-005, 0.000764543132391, -0.00318902847357, 0.000656838237774, -0.000722137687262, -0.00100114010274, 0.00202058604918, -0.0080409264192, 0.0192275997251, -0.00331794889644], [-0.000327847606968, -0.000621774524916, -0.000187790792552, -0.000557291263249, -0.00226466078311, 0.000606328248978, -0.00174532481469, -0.000859772961121, -0.00210299994797, 0.000243192786002, 0.00261387671344, -0.00331794889644, 0.014904701151]]
    },
    "spectral_contrast_coeffs": {
        "mean": [-0.588206708431, -0.711971819401, -0.732117593288, -0.758803963661, -0.787947535515, -0.781968355179],
        "var": [0.00810839608312, 0.00643380824476, 0.00793160870671, 0.00344644719735, 0.00244681653567, 0.00244071870111]
    },
    "spectral_contrast_valleys": {
        "mean": [-7.40903425217, -7.44188117981, -8.23428630829, -8.69747447968, -8.58000469208, -10.56067276],
        "var": [1.28246247768, 0.667156040668, 0.822543382645, 1.29175591469, 2.15868282318, 2.77794218063]
    }
},
"metadata": {
    "audio_properties": {
        "analysis_sample_rate": 44100,
        "bit_rate": 128074,
        "equal_loudness": 0,
        "length": 45.0612258911,
        "lossless": 0,
        "replay_gain": -6.68536949158,
        "sample_rate": 44100,
        "codec": "mp3",
        "downmix": "mix",
        "md5_encoded": "7db4ee897dfacb96cd9ef58f1b8103b1"
    },
    "tags": {
        "file_name": "1163.mp3"
    },
    "version": {
        "essentia": "2.1-beta2",
        "essentia_git_sha": "v2.1_beta2",
        "extractor": "music 1.0"
    }
},
"rhythm": {
    "beats_count": 73,
    "beats_loudness": {
        "mean": 0.0498493276536,
        "var": 0.00165211199783
    },
    "bpm": 98.756111145,
    "bpm_histogram_first_peak_bpm": {
        "mean": 99,
        "var": 0
    },
    "bpm_histogram_first_peak_spread": {
        "mean": 0.0845070853829,
        "var": 0
    },
    "bpm_histogram_first_peak_weight": {
        "mean": 0.902777731419,
        "var": 0
    },
    "bpm_histogram_second_peak_bpm": {
        "mean": 94,
        "var": 0
    },
    "bpm_histogram_second_peak_spread": {
        "mean": 0,
        "var": 0
    },
    "bpm_histogram_second_peak_weight": {
        "mean": 0.0138888889924,
        "var": 0
    },
    "danceability": 1.10580956936,
    "onset_rate": 4.34767723083,
    "beats_loudness_band_ratio": {
        "mean": [0.63068151474, 0.207902878523, 0.0974464043975, 0.0907923057675, 0.0332766734064, 0.048568520695],
        "var": [0.0416975468397, 0.0161236934364, 0.0103256581351, 0.010144633241, 0.00259907986037, 0.00214799307287]
    },
    "beats_position": [0.615328788757, 1.24226760864, 1.86920630932, 2.49614500999, 3.12308382988, 3.76163268089, 4.37696123123, 4.98067998886, 5.58439922333, 6.18811798096, 6.78022670746, 7.38394546509, 7.99927425385, 8.60299301147, 9.21832180023, 9.82204055786, 10.4257593155, 11.0294780731, 11.6331968307, 12.2369155884, 12.840634346, 13.4559631348, 14.0596818924, 14.66340065, 15.2671203613, 15.8824491501, 16.4861679077, 17.0898857117, 17.7052154541, 18.3205432892, 18.9242630005, 19.5512008667, 20.154920578, 20.758638382, 21.3623580933, 21.9660758972, 22.5697956085, 23.1735134125, 23.7772331238, 24.3809528351, 24.984670639, 25.6000003815, 26.2153282166, 26.8190479279, 27.4227657318, 28.0264854431, 28.6302032471, 29.2455329895, 29.8608608246, 30.4645805359, 31.0682983398, 31.6720180511, 32.2757377625, 32.8794555664, 33.4831733704, 34.0868911743, 34.690612793, 35.2943305969, 35.9096603394, 36.5249862671, 37.1287078857, 37.7324256897, 38.3361434937, 38.9398651123, 39.5435829163, 40.1473007202, 40.7510185242, 41.3547401428, 41.9584579468, 42.5737876892, 43.1891136169, 43.7928352356, 44.3965530396]
},
"tonal": {
    "chords_changes_rate": 0.0390946492553,
    "chords_number_rate": 0.00720164598897,
    "chords_strength": {
        "mean": 0.529449105263,
        "var": 0.0053998217918
    },
    "hpcp_entropy": {
        "mean": 1.94825792313,
        "var": 0.512301802635
    },
    "key_strength": 0.841629803181,
    "tuning_diatonic_strength": 0.667957961559,
    "tuning_equal_tempered_deviation": 0.171603873372,
    "tuning_frequency": 434.193115234,
    "tuning_nontempered_energy_ratio": 0.950154602528,
    "hpcp": {
        "mean": [0.135175064206, 0.116125896573, 0.0639970228076, 0.038559794426, 0.0356261096895, 0.0824683085084, 0.314230948687, 0.395302087069, 0.162576556206, 0.0250734053552, 0.0148115828633, 0.0214430764318, 0.0429462753236, 0.0474754087627, 0.0342736691236, 0.0306209791452, 0.025830289349, 0.027430742979, 0.0439111106098, 0.051905028522, 0.123906470835, 0.350004523993, 0.358919560909, 0.2016838938, 0.176000460982, 0.102372989058, 0.0787222459912, 0.176234602928, 0.180135712028, 0.0945410653949, 0.0558547973633, 0.0407736301422, 0.0470754764974, 0.0963758006692, 0.126151397824, 0.121753238142],
        "var": [0.0718151032925, 0.0615137517452, 0.026585534215, 0.0162910018116, 0.0132913198322, 0.0203613433987, 0.101907618344, 0.147823095322, 0.0424211248755, 0.00490957079455, 0.00227559381165, 0.0051074908115, 0.0201823078096, 0.0215322170407, 0.00666831294075, 0.00875998754054, 0.00932904798537, 0.00657099625096, 0.0131052071229, 0.0145296789706, 0.036304473877, 0.129661530256, 0.122898682952, 0.0623234882951, 0.1198027879, 0.040675457567, 0.0274703670293, 0.0884641632438, 0.0872549191117, 0.0358637496829, 0.0255080517381, 0.018074689433, 0.0166883505881, 0.0409664139152, 0.0668658688664, 0.0547459423542]
    },
    "chords_histogram": [69.1358032227, 0, 7.40740728378, 0, 0, 0, 0, 0, 0, 0, 0, 0, 0, 0, 0.823045253754, 1.33744859695, 0, 6.99588489532, 0, 3.60082316399, 0, 0, 4.52674913406, 6.17283964157],
    "thpcp": [1, 0.411271691322, 0.0634284690022, 0.037469021976, 0.0542447827756, 0.108641661704, 0.120099060237, 0.0867024734616, 0.0774622261524, 0.0653431639075, 0.0693918466568, 0.111082412302, 0.131304711103, 0.31344756484, 0.885410249233, 0.907962739468, 0.510201931, 0.445230275393, 0.258974075317, 0.199144527316, 0.44582259655, 0.455691277981, 0.2391615659, 0.141296491027, 0.103145495057, 0.119087345898, 0.243802919984, 0.319126576185, 0.308000504971, 0.341953843832, 0.293764948845, 0.161893963814, 0.097545132041, 0.09012375772, 0.208620980382, 0.794913470745],
    "chords_key": "E",
    "chords_scale": "major",
    "key_key": "E",
    "key_scale": "major"
}
}