{
"lowlevel": {
    "average_loudness": 0.736484408379,
    "barkbands_crest": {
        "mean": 11.9809246063,
        "var": 14.4031124115
    },
    "barkbands_flatness_db": {
        "mean": 0.313532799482,
        "var": 0.003331087064
    },
    "barkbands_kurtosis": {
        "mean": 8.75825595856,
        "var": 71.0796203613
    },
    "barkbands_skewness": {
        "mean": 1.95288062096,
        "var": 1.11859214306
    },
    "barkbands_spread": {
        "mean": 4.50607919693,
        "var": 9.33205318451
    },
    "dissonance": {
        "mean": 0.347805738449,
        "var": 0.00454069487751
    },
    "dynamic_complexity": 2.7520442009,
    "erbbands_crest": {
        "mean": 12.0363197327,
        "var": 15.125787735
    },
    "erbbands_flatness_db": {
        "mean": 0.29424265027,
        "var": 0.00285808881745
    },
    "erbbands_kurtosis": {
        "mean": 2.09605503082,
        "var": 18.1695995331
    },
    "erbbands_skewness": {
        "mean": 0.97670763731,
        "var": 0.61927986145
    },
    "erbbands_spread": {
        "mean": 16.7375240326,
        "var": 74.5827484131
    },
    "hfc": {
        "mean": 8.17151641846,
        "var": 46.719871521
    },
    "melbands_crest": {
        "mean": 15.8843231201,
        "var": 14.6336402893
    },
    "melbands_flatness_db": {
        "mean": 0.426853746176,
        "var": 0.00506542809308
    },
    "melbands_kurtosis": {
        "mean": 12.6014757156,
        "var": 137.690353394
    },
    "melbands_skewness": {
        "mean": 2.40524935722,
        "var": 1.36495125294
    },
    "melbands_spread": {
        "mean": 5.39947223663,
        "var": 19.6412830353
    },
    "pitch_salience": {
        "mean": 0.500075638294,
        "var": 0.0111190397292
    },
    "silence_rate_20dB": {
        "mean": 1,
        "var": 0
    },
    "silence_rate_30dB": {
        "mean": 0.977342963219,
        "var": 0.0221437886357
    },
    "silence_rate_60dB": {
        "mean": 0.0422245115042,
        "var": 0.0404427312315
    },
    "spectral_centroid": {
        "mean": 371.331604004,
        "var": 19779.390625
    },
    "spectral_complexity": {
        "mean": 8.33007240295,
        "var": 7.470515728
    },
    "spectral_decrease": {
        "mean": -7.56332596552e-009,
        "var": 4.96954130892e-017
    },
    "spectral_energy": {
        "mean": 0.029286865145,
        "var": 0.000738877221011
    },
    "spectral_energyband_high": {
        "mean": 2.11142651096e-005,
        "var": 1.15527161171e-008
    },
    "spectral_energyband_low": {
        "mean": 0.00881202798337,
        "var": 0.000113217734906
    },
    "spectral_energyband_middle_high": {
        "mean": 0.00127114821225,
        "var": 2.79583923657e-006
    },
    "spectral_energyband_middle_low": {
        "mean": 0.0221592914313,
        "var": 0.000517213484272
    },
    "spectral_entropy": {
        "mean": 5.58536195755,
        "var": 0.251533925533
    },
    "spectral_flux": {
        "mean": 0.0483564026654,
        "var": 0.00164046848658
    },
    "spectral_kurtosis": {
        "mean": 52.6649932861,
        "var": 1463.53356934
    },
    "spectral_rms": {
        "mean": 0.00490841362625,
        "var": 4.48006221632e-006
    },
    "spectral_rolloff": {
        "mean": 446.90737915,
        "var": 219874.921875
    },
    "spectral_skewness": {
        "mean": 5.1315279007,
        "var": 4.40742349625
    },
    "spectral_spread": {
        "mean": 1671255.5,
        "var": 2.15731601408e+012
    },
    "spectral_strongpeak": {
        "mean": 0.766291677952,
        "var": 0.232816979289
    },
    "zerocrossingrate": {
        "mean": 0.0173126123846,
        "var": 0.0001721305307
    },
    "barkbands": {
        "mean": [0.000164096185472, 0.000413226487581, 0.00527684437111, 0.0057841069065, 0.01099311281, 0.0024902371224, 0.00140313024167, 0.00117063417565, 0.000297998427413, 0.000115601600555, 0.000775448221248, 7.03910773154e-005, 7.76344022597e-005, 4.83914664073e-005, 4.76517343486e-005, 4.8706522648e-005, 2.6787576644e-005, 5.10361314809e-005, 9.44958992477e-006, 7.06948412699e-006, 5.70802512811e-006, 3.48286152985e-006, 9.87633939076e-007, 1.84609007192e-006, 1.93736536858e-006, 1.36370715609e-006, 4.63296778719e-008],
        "var": [2.59888622622e-007, 5.2524143257e-007, 5.75972953811e-005, 4.37369453721e-005, 0.000318691163557, 7.0553282967e-006, 6.36300137558e-006, 2.27131454267e-006, 1.35893245101e-007, 5.44415286186e-008, 1.86518491319e-006, 2.00030729758e-008, 2.48985365658e-008, 1.84902209099e-008, 2.4397921905e-008, 1.32131612318e-008, 5.89615334334e-009, 2.12193285165e-008, 5.88453175077e-010, 2.28336949348e-009, 6.76242783992e-010, 3.28895022328e-010, 1.99705876835e-011, 1.31240004975e-010, 1.67090813408e-010, 3.88911264304e-010, 1.25303868843e-012]
    },
    "erbbands": {
        "mean": [0.00992677267641, 0.183632150292, 4.12353944778, 15.2161884308, 27.9971389771, 32.4211463928, 33.4226875305, 23.6506099701, 26.938325882, 14.8902206421, 16.7375926971, 9.86549949646, 4.05086660385, 5.94928693771, 35.0242805481, 4.2674612999, 4.39610433578, 2.82152199745, 2.76365351677, 3.11852836609, 1.35000681877, 1.51312994957, 1.53865921497, 2.21273612976, 0.513650417328, 0.431736171246, 0.287863820791, 0.178059861064, 0.150383636355, 0.0517395548522, 0.0299386363477, 0.0332220047712, 0.0300109703094, 0.0208025500178, 0.0159162115306, 0.00875723920763, 0.0013875773875, 0.000239752436755, 2.02169485419e-005, 3.25240180246e-005],
        "var": [0.000236828404013, 0.111625537276, 39.3418083191, 238.160995483, 3669.03515625, 2444.49487305, 1733.54736328, 535.827880859, 2299.26391602, 243.051559448, 457.77545166, 134.916992188, 45.2823638916, 53.009475708, 3781.01904297, 31.446144104, 69.1148376465, 65.0999603271, 44.4163589478, 41.877456665, 6.57227897644, 19.1429805756, 16.3295516968, 42.273223877, 1.88796448708, 9.42715549469, 1.89000999928, 0.713029623032, 0.753294408321, 0.125146776438, 0.0195067636669, 0.0370065234601, 0.0347652547061, 0.0177419856191, 0.018542194739, 0.017226561904, 0.000257097766735, 2.27439122682e-005, 1.86784880896e-008, 9.09962716289e-010]
    },
    "gfcc": {
        "mean": [-135.7787323, 200.842391968, -90.7379608154, -5.74154615402, -38.3513870239, -16.6132717133, -37.245475769, -12.0285301208, -27.8722648621, -17.3740711212, -9.64217090607, -7.45486068726, -8.81438350677],
        "cov": [[5485.81494141, -1022.12432861, -1212.86950684, 878.490356445, -31.5996589661, 82.7945556641, -53.1403465271, 78.8662567139, -359.627960205, -4.04325199127, -119.925605774, -106.984855652, -85.4768371582], [-1022.12432861, 1148.23022461, 23.1581058502, -574.903320313, 307.686157227, -228.306533813, 154.505950928, -106.246620178, 190.122924805, -187.501846313, 55.9244308472, -76.0284729004, 44.2559356689], [-1212.86950684, 23.1581058502, 890.579284668, -165.542953491, -204.279800415, 133.60256958, -109.174987793, 40.243473053, 65.331413269, 69.7623672485, -15.5829668045, -1.19920027256, -2.43071460724], [878.490356445, -574.903320313, -165.542953491, 593.896789551, -46.498790741, 30.2689342499, 7.09092617035, -25.0181369781, -104.546630859, 87.5609283447, -15.9052200317, -2.30997180939, -30.7603244781], [-31.5996589661, 307.686157227, -204.279800415, -46.498790741, 322.755523682, -88.5654830933, 38.7190589905, -59.2854804993, 3.31745028496, -91.766456604, 14.6453180313, -42.0809020996, -6.2011423111], [82.7945556641, -228.306533813, 133.60256958, 30.2689342499, -88.5654830933, 214.207855225, -17.6472911835, 34.6222648621, -37.8882904053, 35.4227294922, -20.11652565, 2.79465603828, -14.2508687973], [-53.1403465271, 154.505950928, -109.174987793, 7.09092617035, 38.7190589905, -17.6472911835, 183.898468018, -9.13691425323, 14.8393659592, -25.7660598755, 9.20936775208, -24.1851577759, -9.19754219055], [78.8662567139, -106.246620178, 40.243473053, -25.0181369781, -59.2854804993, 34.6222648621, -9.13691425323, 160.857955933, 3.38417696953, -7.72181367874, -23.1846370697, 7.24950218201, -19.1225891113], [-359.627960205, 190.122924805, 65.331413269, -104.546630859, 3.31745028496, -37.8882904053, 14.8393659592, 3.38417696953, 119.654052734, -5.16021251678, -12.2889308929, -7.69457817078, 12.6357870102], [-4.04325199127, -187.501846313, 69.7623672485, 87.5609283447, -91.766456604, 35.4227294922, -25.7660598755, -7.72181367874, -5.16021251678, 123.415023804, 5.33890390396, 5.06027841568, 1.86988890171], [-119.925605774, 55.9244308472, -15.5829668045, -15.9052200317, 14.6453180313, -20.11652565, 9.20936775208, -23.1846370697, -12.2889308929, 5.33890390396, 75.8817596436, 22.4833450317, -2.14392232895], [-106.984855652, -76.0284729004, -1.19920027256, -2.30997180939, -42.0809020996, 2.79465603828, -24.1851577759, 7.24950218201, -7.69457817078, 5.06027841568, 22.4833450317, 99.093421936, 14.7311830521], [-85.4768371582, 44.2559356689, -2.43071460724, -30.7603244781, -6.2011423111, -14.2508687973, -9.19754219055, -19.1225891113, 12.6357870102, 1.86988890171, -2.14392232895, 14.7311830521, 67.9268035889]],
        "icov": [[0.000618437479716, -0.00136489758734, 0.00118665827904, -0.00140346994158, 0.00122130743694, -0.000977709540166, 0.00153435580432, -0.000788770965301, 0.00171328231227, -0.000273856625427, 0.00121829484124, 0.000359586818377, 0.000615774421021], [-0.00136489758734, 0.0169891007245, -0.00509764114395, 0.0123336585239, -0.00878585968167, 0.00923195574433, -0.0118267163634, 0.00756639800966, -0.0128365848213, 0.00844268500805, -0.0098230894655, 0.00592341925949, -0.00515924813226], [0.00118665827904, -0.00509764114395, 0.00445811171085, -0.00385728222318, 0.00431088358164, -0.004017658066, 0.00535184610635, -0.00235267565586, 0.00388403842226, -0.00217843893915, 0.00329490634613, 8.51532095112e-005, 0.00226324307732], [-0.00140346994158, 0.0123336585239, -0.00385728222318, 0.0118864607066, -0.00660670688376, 0.00711116753519, -0.00936400610954, 0.00613582320511, -0.00784772448242, 0.00375081412494, -0.00606617983431, 0.00342736230232, -0.00278703146614], [0.00122130743694, -0.00878585968167, 0.00431088358164, -0.00660670688376, 0.0105254855007, -0.00424490077421, 0.00710309809074, -0.00242382590659, 0.00710524013266, -0.000631849572528, 0.00443826243281, 1.72838299477e-005, 0.00360525771976], [-0.000977709540166, 0.00923195574433, -0.004017658066, 0.00711116753519, -0.00424490077421, 0.0116087533534, -0.00726916082203, 0.00359199126251, -0.00445140060037, 0.00333248730749, -0.00358325778507, 0.00257661333308, -0.00202933396213], [0.00153435580432, -0.0118267163634, 0.00535184610635, -0.00936400610954, 0.00710309809074, -0.00726916082203, 0.0154851581901, -0.0052688466385, 0.0078794285655, -0.00395305035636, 0.00555096939206, -0.00128775800113, 0.00442167324945], [-0.000788770965301, 0.00756639800966, -0.00235267565586, 0.00613582320511, -0.00242382590659, 0.00359199126251, -0.0052688466385, 0.0111751379445, -0.00616516219452, 0.00498633692041, -0.00235620769672, 0.00158659124281, 0.000328163354425], [0.00171328231227, -0.0128365848213, 0.00388403842226, -0.00784772448242, 0.00710524013266, -0.00445140060037, 0.0078794285655, -0.00616516219452, 0.0227766241878, -0.00769540062174, 0.0112879890949, -0.00349930999801, 0.00324060185812], [-0.000273856625427, 0.00844268500805, -0.00217843893915, 0.00375081412494, -0.000631849572528, 0.00333248730749, -0.00395305035636, 0.00498633692041, -0.00769540062174, 0.0173836313188, -0.00740935001522, 0.00521162059158, -0.00312581565231], [0.00121829484124, -0.0098230894655, 0.00329490634613, -0.00606617983431, 0.00443826243281, -0.00358325778507, 0.00555096939206, -0.00235620769672, 0.0112879890949, -0.00740935001522, 0.0233280621469, -0.00767303584144, 0.00555012188852], [0.000359586818377, 0.00592341925949, 8.51532095112e-005, 0.00342736230232, 1.72838299477e-005, 0.00257661333308, -0.00128775800113, 0.00158659124281, -0.00349930999801, 0.00521162059158, -0.00767303584144, 0.0164580643177, -0.00434114970267], [0.000615774421021, -0.00515924813226, 0.00226324307732, -0.00278703146614, 0.00360525771976, -0.00202933396213, 0.00442167324945, 0.000328163354425, 0.00324060185812, -0.00312581565231, 0.00555012188852, -0.00434114970267, 0.0188712049276]]
    },
    "melbands": {
        "mean": [0.000101130390249, 0.00152666762006, 0.00300993258134, 0.00219287187792, 0.0013686172897, 0.000540004053619, 0.00033790137968, 0.000206256605452, 0.00011160975555, 5.74133882765e-005, 1.72064010258e-005, 1.3946018953e-005, 0.000121882592794, 2.19093471969e-005, 6.62341926727e-006, 9.22513208934e-006, 4.53605161965e-006, 4.14832720708e-006, 3.87706631955e-006, 4.75972865388e-006, 9.60489728641e-007, 1.63702827649e-006, 1.41668942888e-006, 1.7778605752e-006, 1.8465359517e-006, 3.98855945605e-007, 1.76098822635e-007, 3.48479744616e-007, 1.46137765e-007, 1.42057061225e-007, 9.65826316701e-008, 1.03696628173e-007, 3.59634739766e-008, 2.28287095894e-008, 1.52933026243e-008, 1.84276220949e-008, 2.28003340652e-008, 2.60799914997e-008, 1.38420368501e-008, 1.82116792757e-008],
        "var": [2.66627324663e-008, 5.42704674444e-006, 1.10685359687e-005, 1.92650932149e-005, 3.05063827e-006, 2.78514107777e-007, 3.71688145151e-007, 6.14134521015e-008, 1.99466967388e-008, 5.20996623621e-009, 1.27885002588e-009, 4.312140367e-010, 4.74042671783e-008, 8.79021688771e-010, 1.39284944689e-010, 3.40781208807e-010, 2.77420891814e-010, 9.26934085044e-011, 1.69566111152e-010, 1.29692034889e-010, 4.15916953656e-012, 2.15219404798e-011, 2.16485353949e-011, 2.22737678995e-011, 3.05696128133e-011, 1.13358140149e-012, 3.12130529756e-013, 8.31447931338e-012, 4.1380099217e-013, 4.08356101754e-013, 2.94257294312e-013, 3.83605311145e-013, 5.18963195442e-014, 2.6895601699e-014, 4.70128950824e-015, 1.04578567079e-014, 2.2097112619e-014, 3.46408320052e-014, 5.39321971143e-015, 1.68458844286e-014]
    },
    "mfcc": {
        "mean": [-792.388671875, 230.641708374, 16.2308235168, 17.8040618896, 12.0236968994, -5.82926511765, -1.90032279491, -2.85153126717, -12.9764347076, -16.0574684143, -7.88619232178, -5.9492430687, -3.79218411446],
        "cov": [[4930.55664063, -814.235656738, -1319.93444824, 619.744445801, 1.20986104012, 37.7187042236, 165.527084351, 12.4721755981, -11.2677574158, -119.533508301, 47.6934661865, 39.9635543823, -188.369659424], [-814.235656738, 1164.74230957, -46.9465141296, -362.521636963, 76.5089645386, -121.501174927, -64.3174285889, 92.0996551514, 41.6082191467, 53.3006706238, -20.5539665222, -109.085899353, 0.279151082039], [-1319.93444824, -46.9465141296, 903.423339844, -204.815307617, -107.792106628, 32.2729148865, -67.0671081543, -56.283821106, 36.7574958801, 103.980644226, -46.6270866394, 24.9085216522, 87.7109603882], [619.744445801, -362.521636963, -204.815307617, 430.017608643, 15.2084083557, 53.0872001648, 66.6237335205, -59.7651557922, -33.5891189575, -47.560962677, 22.2214355469, 52.059803009, -3.79724884033], [1.20986104012, 76.5089645386, -107.792106628, 15.2084083557, 212.858062744, 9.08542633057, 1.36462283134, 16.4184913635, -40.4294013977, -23.6939220428, -6.57439470291, -29.3174266815, -19.8702220917], [37.7187042236, -121.501174927, 32.2729148865, 53.0872001648, 9.08542633057, 169.212219238, 41.8350944519, -52.1217842102, -17.5641651154, -6.77932739258, -8.92981433868, 15.8138275146, 6.39660215378], [165.527084351, -64.3174285889, -67.0671081543, 66.6237335205, 1.36462283134, 41.8350944519, 132.271057129, 16.8220863342, -30.7339305878, 10.3465127945, 19.3617572784, -11.075512886, -33.2530937195], [12.4721755981, 92.0996551514, -56.283821106, -59.7651557922, 16.4184913635, -52.1217842102, 16.8220863342, 152.815063477, 26.8631458282, -6.88738918304, 35.6454963684, -18.789188385, -43.4474143982], [-11.2677574158, 41.6082191467, 36.7574958801, -33.5891189575, -40.4294013977, -17.5641651154, -30.7339305878, 26.8631458282, 119.723670959, 41.8833312988, -12.0901384354, 5.55933380127, 2.99407553673], [-119.533508301, 53.3006706238, 103.980644226, -47.560962677, -23.6939220428, -6.77932739258, 10.3465127945, -6.88738918304, 41.8833312988, 133.760391235, 0.538261890411, -33.4118690491, 1.1090130806], [47.6934661865, -20.5539665222, -46.6270866394, 22.2214355469, -6.57439470291, -8.92981433868, 19.3617572784, 35.6454963684, -12.0901384354, 0.538261890411, 95.9774017334, 11.6891832352, -43.4424591064], [39.9635543823, -109.085899353, 24.9085216522, 52.059803009, -29.3174266815, 15.8138275146, -11.075512886, -18.789188385, 5.55933380127, -33.4118690491, 11.6891832352, 104.106117249, 31.6067867279], [-188.369659424, 0.279151082039, 87.7109603882, -3.79724884033, -19.8702220917, 6.39660215378, -33.2530937195, -43.4474143982, 2.99407553673, 1.1090130806, -43.4424591064, 31.6067867279, 115.727478027]],
        "icov": [[0.000473150255857, 0.000316998106427, 0.000732343061827, -0.000123798439745, 0.000253691716352, -1.25862979985e-005, 4.87538454763e-005, -4.39428113168e-005, -6.51026639389e-005, -0.000311712210532, 0.000477537570987, -0.000190512786503, 0.000487999990582], [0.000316998106427, 0.00161734374706, 0.00080485077342, 0.00107171072159, -0.000313380442094, 0.000497135566548, 1.80458391696e-005, -6.26121764071e-005, -0.000377632823074, -0.000359121797374, 0.000125674938317, 0.000646767031867, -0.000278621650068], [0.000732343061827, 0.00080485077342, 0.00283604231663, 0.000765045988373, 0.000887438538484, -0.000494447303936, 0.00069062912371, -1.81274590432e-005, 0.000335964461556, -0.00184748985339, 0.00109086988959, -0.000864913046826, 9.1803020041e-005], [-0.000123798439745, 0.00107171072159, 0.000765045988373, 0.00445474777371, -0.000742430449463, 0.000314594712108, -0.00183486193419, 0.00186857359949, -0.000738088972867, 0.000628498499282, -0.00107898318674, -0.000751373183448, -0.000795085332356], [0.000253691716352, -0.000313380442094, 0.000887438538484, -0.000742430449463, 0.00616341689602, -0.00116564251948, 0.00155897415243, -0.00147684826516, 0.0025352134835, -0.000384495098842, 0.00168031186331, 0.000766089651734, 0.00109254207928], [-1.25862979985e-005, 0.000497135566548, -0.000494447303936, 0.000314594712108, -0.00116564251948, 0.00812228303403, -0.00348785589449, 0.00313931331038, -0.00113380374387, 0.00117097003385, -8.6023392214e-005, -0.000432106055086, -5.4754973462e-006], [4.87538454763e-005, 1.80458391696e-005, 0.00069062912371, -0.00183486193419, 0.00155897415243, -0.00348785589449, 0.0121128838509, -0.00370164145716, 0.00453050760552, -0.00359549792483, 0.00109129119664, 0.000112099412945, 0.00234322296456], [-4.39428113168e-005, -6.26121764071e-005, -1.81274590432e-005, 0.00186857359949, -0.00147684826516, 0.00313931331038, -0.00370164145716, 0.0112347453833, -0.00453510507941, 0.00313838408329, -0.00392828229815, 0.00113937293645, 0.00103225756902], [-6.51026639389e-005, -0.000377632823074, 0.000335964461556, -0.000738088972867, 0.0025352134835, -0.00113380374387, 0.00453050760552, -0.00453510507941, 0.0135195646435, -0.00565123604611, 0.00403009029105, -0.00305643095635, 0.00176521437243], [-0.000311712210532, -0.000359121797374, -0.00184748985339, 0.000628498499282, -0.000384495098842, 0.00117097003385, -0.00359549792483, 0.00313838408329, -0.00565123604611, 0.0124747101218, -0.00348877022043, 0.00498706987128, -0.00171629572287], [0.000477537570987, 0.000125674938317, 0.00109086988959, -0.00107898318674, 0.00168031186331, -8.6023392214e-005, 0.00109129119664, -0.00392828229815, 0.00403009029105, -0.00348877022043, 0.0164252705872, -0.00503761321306, 0.00651766732335], [-0.000190512786503, 0.000646767031867, -0.000864913046826, -0.000751373183448, 0.000766089651734, -0.000432106055086, 0.000112099412945, 0.00113937293645, -0.00305643095635, 0.00498706987128, -0.00503761321306, 0.0153184896335, -0.00510885939002], [0.000487999990582, -0.000278621650068, 9.1803020041e-005, -0.000795085332356, 0.00109254207928, -5.4754973462e-006, 0.00234322296456, 0.00103225756902, 0.00176521437243, -0.00171629572287, 0.00651766732335, -0.00510885939002, 0.0144017627463]]
    },
    "spectral_contrast_coeffs": {
        "mean": [-0.475626945496, -0.602398872375, -0.668363630772, -0.722121596336, -0.734642267227, -0.808881819248],
        "var": [0.00528009328991, 0.00449103862047, 0.00517171109095, 0.00362186785787, 0.00552570959553, 0.00320405187085]
    },
    "spectral_contrast_valleys": {
        "mean": [-7.89086198807, -7.57589626312, -8.75074481964, -9.73261928558, -10.619436264, -13.1076698303],
        "var": [0.553670525551, 0.645180583, 0.64563113451, 0.835873186588, 1.04916155338, 0.716406226158]
    }
},
"metadata": {
    "audio_properties": {
        "analysis_sample_rate": 44100,
        "bit_rate": 128074,
        "equal_loudness": 0,
        "length": 45.0612258911,
        "lossless": 0,
        "replay_gain": -5.2680606842,
        "sample_rate": 44100,
        "codec": "mp3",
        "downmix": "mix",
        "md5_encoded": "afa13c2e0a7abaa4cdd2502affe0de63"
    },
    "tags": {
        "file_name": "1166.mp3"
    },
    "version": {
        "essentia": "2.1-beta2",
        "essentia_git_sha": "v2.1_beta2",
        "extractor": "music 1.0"
    }
},
"rhythm": {
    "beats_count": 88,
    "beats_loudness": {
        "mean": 0.0386841446161,
        "var": 0.00120621558744
    },
    "bpm": 111.831367493,
    "bpm_histogram_first_peak_bpm": {
        "mean": 112,
        "var": 0
    },
    "bpm_histogram_first_peak_spread": {
        "mean": 0.639999985695,
        "var": 0
    },
    "bpm_histogram_first_peak_weight": {
        "mean": 0.103448279202,
        "var": 0
    },
    "bpm_histogram_second_peak_bpm": {
        "mean": 117,
        "var": 0
    },
    "bpm_histogram_second_peak_spread": {
        "mean": 0.363636344671,
        "var": 0
    },
    "bpm_histogram_second_peak_weight": {
        "mean": 0.0804597735405,
        "var": 0
    },
    "danceability": 0.995280265808,
    "onset_rate": 4.30331325531,
    "beats_loudness_band_ratio": {
        "mean": [0.483827978373, 0.421324729919, 0.130605891347, 0.0591008067131, 0.0102504976094, 0.00141308875754],
        "var": [0.0460647009313, 0.0408319570124, 0.0105733126402, 0.00391312362626, 0.000509961508214, 2.1428686523e-005]
    },
    "beats_position": [0.49922901392, 1.02167797089, 1.54412698746, 2.07818579674, 2.60063481331, 3.15791368484, 3.7151927948, 4.27247142792, 4.88780021667, 5.50312900543, 6.10684776306, 6.72217655182, 7.32589578629, 7.91800451279, 8.498503685, 9.0093421936, 9.49696159363, 9.98458003998, 10.4838094711, 10.95981884, 11.4590473175, 11.9466667175, 12.4575052261, 12.9567346573, 13.4675731659, 13.9551925659, 14.4544210434, 14.9768705368, 15.5109291077, 16.0449886322, 16.5674381256, 17.1014957428, 17.6355552673, 18.2508831024, 18.8662128448, 19.4931507111, 20.1433105469, 20.7818584442, 21.339138031, 21.8964176178, 22.4536952972, 22.9993648529, 23.5682544708, 24.1371421814, 24.7060317993, 25.3677997589, 26.0295696259, 26.6797275543, 27.2834453583, 27.8639450073, 28.3747844696, 28.9088420868, 29.4196815491, 29.9421310425, 30.4878005981, 31.0218582153, 31.5559177399, 32.0783653259, 32.5892066956, 33.1000442505, 33.6224937439, 34.1565513611, 34.6441726685, 35.1317901611, 35.5845794678, 36.0373687744, 36.4785499573, 36.9429473877, 37.4073448181, 37.848526001, 38.2780952454, 38.7076644897, 39.1372337341, 39.5668029785, 39.9731521606, 40.3562812805, 40.7277984619, 41.1109275818, 41.5056686401, 41.830745697, 42.1558265686, 42.492515564, 42.8292045593, 43.1658935547, 43.4909744263, 43.8392753601, 44.164352417, 44.5126533508]
},
"tonal": {
    "chords_changes_rate": 0.0411522649229,
    "chords_number_rate": 0.00617283955216,
    "chords_strength": {
        "mean": 0.469097882509,
        "var": 0.00836093816906
    },
    "hpcp_entropy": {
        "mean": 1.1180793047,
        "var": 0.427318423986
    },
    "key_strength": 0.777789711952,
    "tuning_diatonic_strength": 0.500976920128,
    "tuning_equal_tempered_deviation": 0.0530811473727,
    "tuning_frequency": 432.690917969,
    "tuning_nontempered_energy_ratio": 0.606865525246,
    "hpcp": {
        "mean": [0.0383556522429, 0.0358369611204, 0.0499436035752, 0.0858679413795, 0.0671956241131, 0.0186618827283, 0.00450059585273, 0.0108928205445, 0.108134388924, 0.187619835138, 0.112039275467, 0.243732139468, 0.501440823078, 0.306722730398, 0.0275597237051, 0.00287362397648, 0.00506302388385, 0.0828922614455, 0.144340083003, 0.0677268654108, 0.00391946546733, 0.00188246683683, 0.00502527551726, 0.187749192119, 0.342670559883, 0.163322418928, 0.00811849907041, 0.0115923704579, 0.00809337291867, 0.00292089558206, 0.00444618938491, 0.0141418175772, 0.175981134176, 0.262209624052, 0.104449756444, 0.0246305372566],
        "var": [0.00899467803538, 0.00754782604054, 0.010641425848, 0.0318117216229, 0.0263784974813, 0.00366192101501, 0.000566419505049, 0.00300499633886, 0.0322739966214, 0.0988338813186, 0.0405664257705, 0.0523312799633, 0.169189125299, 0.0870363265276, 0.00534467305988, 0.0012907164637, 0.00119369686581, 0.0368290543556, 0.112611941993, 0.024861138314, 0.00115845317487, 0.000166585756233, 9.91391061689e-005, 0.0460263639688, 0.160725861788, 0.0410230048001, 0.00130367674865, 0.00474126357585, 0.00226170755923, 5.82993634453e-005, 0.000169025865034, 0.000992783927359, 0.0751338005066, 0.148785099387, 0.0222480595112, 0.00495791435242]
    },
    "chords_histogram": [48.6625518799, 14.0946502686, 0.617283940315, 0, 0, 0, 0, 0, 3.08641982079, 0, 0, 0, 0, 0, 0, 0, 0, 0, 0, 0.411522626877, 0, 4.73251008987, 6.58436203003, 21.8106994629],
    "thpcp": [1, 0.611682832241, 0.0549610704184, 0.00573073420674, 0.0100969523191, 0.16530816257, 0.287850677967, 0.135064527392, 0.0078164068982, 0.00375411566347, 0.0100216725841, 0.37441945076, 0.683371901512, 0.325706273317, 0.0161903426051, 0.0231181234121, 0.016140235588, 0.00582500547171, 0.00886682793498, 0.0282023660839, 0.350950956345, 0.52291238308, 0.208299264312, 0.049119528383, 0.0764908865094, 0.0714679732919, 0.0996001958847, 0.171242415905, 0.134005099535, 0.0372165217996, 0.00897532794625, 0.0217230431736, 0.215647354722, 0.374161481857, 0.223434686661, 0.486063629389],
    "chords_key": "C#",
    "chords_scale": "major",
    "key_key": "C#",
    "key_scale": "major"
}
}