{
"lowlevel": {
    "average_loudness": 0.596305668354,
    "barkbands_crest": {
        "mean": 15.370806694,
        "var": 32.5349197388
    },
    "barkbands_flatness_db": {
        "mean": 0.490231275558,
        "var": 0.00747362850234
    },
    "barkbands_kurtosis": {
        "mean": 19.1054172516,
        "var": 3687.42138672
    },
    "barkbands_skewness": {
        "mean": 0.165830850601,
        "var": 5.33700942993
    },
    "barkbands_spread": {
        "mean": 2.14206242561,
        "var": 4.22737932205
    },
    "dissonance": {
        "mean": 0.273088812828,
        "var": 0.00801280234009
    },
    "dynamic_complexity": 11.4459486008,
    "erbbands_crest": {
        "mean": 18.1481838226,
        "var": 49.5925254822
    },
    "erbbands_flatness_db": {
        "mean": 0.48226839304,
        "var": 0.00718080205843
    },
    "erbbands_kurtosis": {
        "mean": 8.33841228485,
        "var": 157.208190918
    },
    "erbbands_skewness": {
        "mean": 0.627592206001,
        "var": 2.02220511436
    },
    "erbbands_spread": {
        "mean": 3.92288637161,
        "var": 8.98163700104
    },
    "hfc": {
        "mean": 5.32874584198,
        "var": 109.957374573
    },
    "melbands_crest": {
        "mean": 18.8182830811,
        "var": 49.6454734802
    },
    "melbands_flatness_db": {
        "mean": 0.615719199181,
        "var": 0.00757496571168
    },
    "melbands_kurtosis": {
        "mean": 9.629529953,
        "var": 257.96282959
    },
    "melbands_skewness": {
        "mean": 0.256976872683,
        "var": 3.09605288506
    },
    "melbands_spread": {
        "mean": 3.55947732925,
        "var": 16.6896362305
    },
    "pitch_salience": {
        "mean": 0.425237894058,
        "var": 0.039422288537
    },
    "silence_rate_20dB": {
        "mean": 1,
        "var": 0
    },
    "silence_rate_30dB": {
        "mean": 0.985066950321,
        "var": 0.0147101925686
    },
    "silence_rate_60dB": {
        "mean": 0.522142112255,
        "var": 0.249515205622
    },
    "spectral_centroid": {
        "mean": 433.373657227,
        "var": 57170.5078125
    },
    "spectral_complexity": {
        "mean": 3.11534500122,
        "var": 7.36359500885
    },
    "spectral_decrease": {
        "mean": -3.13319481471e-009,
        "var": 3.33688331786e-017
    },
    "spectral_energy": {
        "mean": 0.0123087307438,
        "var": 0.000516053522006
    },
    "spectral_energyband_high": {
        "mean": 3.94521393332e-008,
        "var": 2.23866996989e-012
    },
    "spectral_energyband_low": {
        "mean": 0.00136060162913,
        "var": 1.5855217498e-005
    },
    "spectral_energyband_middle_high": {
        "mean": 0.000108800857561,
        "var": 1.0164453812e-007
    },
    "spectral_energyband_middle_low": {
        "mean": 0.0111788921058,
        "var": 0.000467559555545
    },
    "spectral_entropy": {
        "mean": 4.54116153717,
        "var": 0.432973921299
    },
    "spectral_flux": {
        "mean": 0.0158360265195,
        "var": 0.00100389029831
    },
    "spectral_kurtosis": {
        "mean": 278.678100586,
        "var": 28125.484375
    },
    "spectral_rms": {
        "mean": 0.00242945249192,
        "var": 6.10627330389e-006
    },
    "spectral_rolloff": {
        "mean": 518.761291504,
        "var": 197435.8125
    },
    "spectral_skewness": {
        "mean": 13.4876680374,
        "var": 16.3656826019
    },
    "spectral_spread": {
        "mean": 861771.125,
        "var": 1.47395877274e+012
    },
    "spectral_strongpeak": {
        "mean": 1.01438999176,
        "var": 1.89058685303
    },
    "zerocrossingrate": {
        "mean": 0.0199699997902,
        "var": 0.000172776708496
    },
    "barkbands": {
        "mean": [1.72140130417e-006, 0.000249974633334, 0.000821330002509, 0.000395279581426, 0.0013878432801, 0.00194647349417, 0.00243175565265, 0.00339397718199, 0.00151487858966, 0.000121503828268, 2.9474062103e-005, 8.26451741887e-006, 3.24784969052e-006, 2.32175261772e-006, 3.22532486052e-007, 1.51816621496e-007, 1.37792895316e-007, 3.3836553115e-008, 1.03254533812e-008, 8.01279043117e-009, 9.85116077601e-009, 4.8368629102e-009, 1.76406189656e-009, 3.88265819495e-009, 7.78851472205e-009, 4.40306990868e-009, 9.47616873859e-010],
        "var": [4.82937613511e-011, 8.75983971582e-007, 7.80380833021e-006, 1.11346082576e-006, 2.22658545681e-005, 5.40010660188e-005, 6.99753072695e-005, 0.000146832651808, 3.37153251166e-005, 2.97997104326e-007, 6.48714282292e-009, 5.53131318526e-010, 1.26769941766e-010, 7.83032944041e-011, 1.86548736528e-012, 1.43480605001e-012, 1.6368076599e-012, 7.13568418763e-013, 1.92546580893e-014, 6.75673032064e-014, 1.53098738656e-013, 3.30364702879e-014, 2.57066113866e-015, 2.10056327394e-014, 9.79072102255e-014, 2.77370425347e-014, 4.73875917534e-016]
    },
    "erbbands": {
        "mean": [0.00419802218676, 0.0771272629499, 0.668781518936, 1.53758895397, 2.0400094986, 4.95644664764, 15.8956203461, 10.4051990509, 26.8965339661, 42.2271766663, 95.2755966187, 30.3553333282, 6.14998006821, 1.43839871883, 0.618964672089, 0.390871465206, 0.190867707133, 0.148342132568, 0.0366550832987, 0.013922277838, 0.0079595092684, 0.0064786686562, 0.00301148602739, 0.000802218564786, 0.00037037167931, 0.00031212210888, 0.000571427168325, 0.000248950003879, 0.000117146759294, 0.000203807096113, 5.11434700456e-005, 2.47610660153e-005, 0.000116128881928, 0.000143442899571, 2.91370779451e-005, 1.81181840162e-005, 1.48626540977e-005, 2.06447953133e-006, 5.93400909565e-006, 1.37771612572e-005],
        "var": [0.000231436555623, 0.0832576826215, 5.6544137001, 19.1006317139, 47.1459465027, 307.415740967, 4921.90429688, 1133.28027344, 6894.90917969, 14409.8115234, 113250.953125, 8880.13378906, 487.561431885, 13.2750473022, 2.09652400017, 1.24377882481, 0.290045142174, 0.227071136236, 0.0123586002737, 0.00402414845303, 0.00393323320895, 0.00512462807819, 0.00324672483839, 0.000141214797623, 5.54711114091e-005, 9.23865809455e-005, 0.00051045557484, 8.68065326358e-005, 1.43578417919e-005, 6.13483789493e-005, 1.51220990574e-006, 5.31071826515e-008, 1.90419978026e-005, 3.2014620956e-005, 5.88057616824e-007, 1.84553869076e-007, 1.99059243755e-007, 2.18860352064e-009, 1.26781404819e-010, 6.47902398399e-010]
    },
    "gfcc": {
        "mean": [-391.016357422, 229.669616699, -42.9416503906, -77.2260894775, -68.7150726318, -17.2367706299, -22.3836669922, -4.59672832489, -5.94461488724, -7.75646066666, -8.14533805847, -15.3830547333, -8.74329376221],
        "cov": [[10664.6865234, 2961.04833984, -986.476989746, -1193.34362793, 1873.77819824, -501.3800354, 39.5447235107, -152.033065796, 958.837768555, -216.07383728, 299.595336914, -528.743164063, -113.38886261], [2961.04833984, 1680.32336426, 320.13885498, -74.36668396, 712.741943359, -97.2263259888, -209.946380615, -398.962280273, 40.7058868408, -195.268493652, 99.0746688843, -164.992965698, 13.3141450882], [-986.476989746, 320.13885498, 1092.72485352, 616.523803711, -162.858734131, 40.1877975464, -228.202209473, -271.368164063, -335.934783936, -19.1725463867, -23.0863113403, 95.4015274048, 11.7099466324], [-1193.34362793, -74.36668396, 616.523803711, 682.139343262, -41.9731445313, 138.497161865, -92.9204330444, -79.738899231, -237.091812134, 31.5876159668, -34.8858222961, 104.269699097, -2.5185444355], [1873.77819824, 712.741943359, -162.858734131, -41.9731445313, 727.229858398, 97.3034057617, 111.687484741, 45.4883842468, 273.870361328, -41.0420722961, 53.9931640625, -158.162338257, -53.8567390442], [-501.3800354, -97.2263259888, 40.1877975464, 138.497161865, 97.3034057617, 217.327774048, 157.55809021, 109.010253906, 25.9634685516, 16.423822403, -47.0061073303, -38.3154373169, -28.7198619843], [39.5447235107, -209.946380615, -228.202209473, -92.9204330444, 111.687484741, 157.55809021, 297.010986328, 272.700927734, 195.133224487, 39.7999687195, -44.072265625, -93.6354141235, -72.2877960205], [-152.033065796, -398.962280273, -271.368164063, -79.738899231, 45.4883842468, 109.010253906, 272.700927734, 359.16708374, 241.385879517, 90.7694778442, -31.2354564667, -53.9669570923, -89.7348327637], [958.837768555, 40.7058868408, -335.934783936, -237.091812134, 273.870361328, 25.9634685516, 195.133224487, 241.385879517, 365.708648682, 83.9958877563, 54.0156860352, -98.0857696533, -74.5698242188], [-216.07383728, -195.268493652, -19.1725463867, 31.5876159668, -41.0420722961, 16.423822403, 39.7999687195, 90.7694778442, 83.9958877563, 140.567977905, 98.139503479, 78.6678543091, -7.10420322418], [299.595336914, 99.0746688843, -23.0863113403, -34.8858222961, 53.9931640625, -47.0061073303, -44.072265625, -31.2354564667, 54.0156860352, 98.139503479, 198.469894409, 133.295150757, 49.8159217834], [-528.743164063, -164.992965698, 95.4015274048, 104.269699097, -158.162338257, -38.3154373169, -93.6354141235, -53.9669570923, -98.0857696533, 78.6678543091, 133.295150757, 233.475509644, 117.08265686], [-113.38886261, 13.3141450882, 11.7099466324, -2.5185444355, -53.8567390442, -28.7198619843, -72.2877960205, -89.7348327637, -74.5698242188, -7.10420322418, 49.8159217834, 117.08265686, 144.188293457]],
        "icov": [[0.000644773128442, -0.00108775938861, 0.000453032698715, 1.19515680126e-005, -0.000815564591903, 0.00255685462616, -0.00177224446088, 0.000551266246475, -0.000168070328073, -0.00118295068387, 0.00116623064969, -0.000663896324113, 0.000221098263864], [-0.00108775938861, 0.00684393616393, -0.00374897639267, 0.00220016110688, -0.00334877567366, -0.00292306696065, 0.00246655894443, 0.00267758779228, -7.49202445149e-005, 0.00586456432939, -0.00552538130432, 0.00317799975164, -0.000495942367706], [0.000453032698715, -0.00374897639267, 0.00484745344147, -0.00427761022002, 0.00359643180855, 0.000955332361627, -0.00174622843042, 0.00116489361972, -0.00171336415224, -0.00183432048652, 0.00203481735662, -0.0012886543991, 0.000984076061286], [1.19515680126e-005, 0.00220016110688, -0.00427761022002, 0.00918615888804, -0.00648911390454, -0.0022229871247, 0.00369169865735, -0.00286411680281, 0.0067134257406, -0.00520630413666, 0.00429126992822, -0.00373404240236, 0.00228080898523], [-0.000815564591903, -0.00334877567366, 0.00359643180855, -0.00648911390454, 0.0124663356692, -0.00775770097971, 0.00333964871243, -0.00110134005081, -0.00845690816641, 0.00748393125832, -0.00583226745948, 0.00343894772232, -0.00141986389644], [0.00255685462616, -0.00292306696065, 0.000955332361627, -0.0022229871247, -0.00775770097971, 0.0275564976037, -0.0216886717826, 0.00700327567756, 0.00417591072619, -0.0100944992155, 0.00794991012663, -0.00243294425309, -0.000868417846505], [-0.00177224446088, 0.00246655894443, -0.00174622843042, 0.00369169865735, 0.00333964871243, -0.0216886717826, 0.0335794202983, -0.0219999440014, 0.00276871421374, 0.00712471408769, -0.0107748340815, 0.0113136433065, -0.00502574816346], [0.000551266246475, 0.00267758779228, 0.00116489361972, -0.00286411680281, -0.00110134005081, 0.00700327567756, -0.0219999440014, 0.0337616503239, -0.016637487337, -0.000620437203906, 0.0129324793816, -0.0165066886693, 0.0113076576963], [-0.000168070328073, -7.49202445149e-005, -0.00171336415224, 0.0067134257406, -0.00845690816641, 0.00417591072619, 0.00276871421374, -0.016637487337, 0.0271838549525, -0.0154575416818, -0.00286236125976, 0.0104345716536, -0.00534905167297], [-0.00118295068387, 0.00586456432939, -0.00183432048652, -0.00520630413666, 0.00748393125832, -0.0100944992155, 0.00712471408769, -0.000620437203906, -0.0154575416818, 0.0402154177427, -0.0233404804021, 0.00276272464544, 0.00236459984444], [0.00116623064969, -0.00552538130432, 0.00203481735662, 0.00429126992822, -0.00583226745948, 0.00794991012663, -0.0107748340815, 0.0129324793816, -0.00286236125976, -0.0233404804021, 0.0393973365426, -0.0293101463467, 0.0109470440075], [-0.000663896324113, 0.00317799975164, -0.0012886543991, -0.00373404240236, 0.00343894772232, -0.00243294425309, 0.0113136433065, -0.0165066886693, 0.0104345716536, 0.00276272464544, -0.0293101463467, 0.0413313396275, -0.0224795974791], [0.000221098263864, -0.000495942367706, 0.000984076061286, 0.00228080898523, -0.00141986389644, -0.000868417846505, -0.00502574816346, 0.0113076576963, -0.00534905167297, 0.00236459984444, 0.0109470440075, -0.0224795974791, 0.0227510090917]]
    },
    "melbands": {
        "mean": [5.39683242096e-005, 0.000277592858765, 0.000264696922386, 0.000231521509704, 0.000475419248687, 0.000288583803922, 0.00045966473408, 0.000470479251817, 0.000796998036094, 0.000141617521876, 2.55982886301e-005, 4.68328244096e-006, 2.65005542133e-006, 9.32464331527e-007, 8.19068986857e-007, 3.28615442413e-007, 2.79685366422e-007, 6.57727383668e-008, 2.71562754506e-008, 1.39717650782e-008, 7.88749687786e-009, 7.52691686756e-009, 3.99213195834e-009, 1.64890556764e-009, 5.21884757632e-010, 2.87721679815e-010, 1.64560462479e-010, 2.08730602247e-010, 4.73919903321e-010, 2.17609930075e-010, 9.10294339906e-011, 6.4934481403e-011, 8.96209426116e-011, 9.70795180355e-011, 2.78963362826e-011, 9.60308828984e-012, 8.55745856121e-012, 3.86000918728e-011, 1.64206120923e-010, 9.78627040515e-011],
        "var": [3.61185392705e-008, 9.14739473501e-007, 4.49407366432e-007, 7.13902295502e-007, 3.89967226511e-006, 9.05056253941e-007, 2.26091606237e-006, 1.64892981047e-006, 7.36131642043e-006, 2.29020685083e-007, 1.16665024308e-008, 1.54213072867e-010, 4.39567271471e-011, 6.38001934269e-012, 6.23189650925e-012, 2.22132208461e-012, 1.06714181762e-012, 4.75282045166e-014, 1.22441585611e-014, 7.81908819105e-015, 5.01557007189e-015, 5.83677359646e-015, 3.70527871216e-015, 1.73145985803e-015, 2.59065506682e-017, 5.44527934898e-017, 5.96189930189e-018, 5.06637040969e-017, 3.6610963619e-016, 7.418350948e-017, 1.04723704255e-017, 4.71317669583e-018, 1.16558557782e-017, 1.4320908462e-017, 5.93380597354e-019, 4.05945146011e-021, 1.57679527122e-021, 1.95837160692e-018, 4.81161267765e-017, 1.62450579526e-017]
    },
    "mfcc": {
        "mean": [-964.748474121, 187.378067017, 70.8013000488, -9.26194000244, -28.4794998169, -21.6442298889, -14.1301021576, -7.62894582748, -1.6920671463, 1.68555688858, 2.48964762688, 0.519483149052, -3.22180867195],
        "cov": [[3769.59301758, 3430.28955078, 312.195220947, -687.371459961, 36.0990409851, 387.015869141, 58.2409553528, -155.178451538, -96.5547637939, -5.97277259827, 112.934783936, 176.562210083, 95.0938034058], [3430.28955078, 3248.77685547, 490.441497803, -508.999786377, 53.5453987122, 377.778533936, 81.5742416382, -165.189224243, -155.448287964, -64.3154220581, 45.1357154846, 119.721847534, 78.5897064209], [312.195220947, 490.441497803, 462.46887207, 269.1378479, 114.963981628, 98.6050949097, 59.7374191284, -61.3216972351, -142.718505859, -140.60369873, -119.219444275, -73.3083343506, 1.22987747192], [-687.371459961, -508.999786377, 269.1378479, 484.933441162, 220.884750366, 32.5309371948, 25.404176712, 4.64856100082, -59.751991272, -102.983520508, -113.40435791, -80.7380828857, 1.18273556232], [36.0990409851, 53.5453987122, 114.963981628, 220.884750366, 237.024459839, 133.563064575, 37.4497947693, 12.0489368439, 3.51936650276, -14.3144931793, -11.7325153351, 10.3198728561, 34.2173805237], [387.015869141, 377.778533936, 98.6050949097, 32.5309371948, 133.563064575, 171.410064697, 101.364517212, 28.9493598938, 8.05377292633, 19.909154892, 33.6068725586, 32.3060760498, 24.4249992371], [58.2409553528, 81.5742416382, 59.7374191284, 25.404176712, 37.4497947693, 101.364517212, 134.697662354, 96.3593292236, 48.3194389343, 42.5732383728, 45.1148300171, 19.6853752136, -8.575091362], [-155.178451538, -165.189224243, -61.3216972351, 4.64856100082, 12.0489368439, 28.9493598938, 96.3593292236, 157.426574707, 156.331817627, 122.901252747, 90.3412322998, 42.4448051453, -22.82563591], [-96.5547637939, -155.448287964, -142.718505859, -59.751991272, 3.51936650276, 8.05377292633, 48.3194389343, 156.331817627, 230.915496826, 213.867645264, 152.041091919, 72.1498641968, -25.6115283966], [-5.97277259827, -64.3154220581, -140.60369873, -102.983520508, -14.3144931793, 19.909154892, 42.5732383728, 122.901252747, 213.867645264, 244.593200684, 203.007644653, 109.106330872, -11.8653507233], [112.934783936, 45.1357154846, -119.219444275, -113.40435791, -11.7325153351, 33.6068725586, 45.1148300171, 90.3412322998, 152.041091919, 203.007644653, 228.569259644, 183.141601563, 57.5213356018], [176.562210083, 119.721847534, -73.3083343506, -80.7380828857, 10.3198728561, 32.3060760498, 19.6853752136, 42.4448051453, 72.1498641968, 109.106330872, 183.141601563, 229.693908691, 160.810089111], [95.0938034058, 78.5897064209, 1.22987747192, 1.18273556232, 34.2173805237, 24.4249992371, -8.575091362, -22.82563591, -25.6115283966, -11.8653507233, 57.5213356018, 160.810089111, 210.018432617]],
        "icov": [[46.7513427734, -48.8655509949, 0.189068585634, 69.8972015381, -145.746185303, 207.794906616, -238.281204224, 229.108215332, -185.366638184, 124.106971741, -66.054107666, 25.2822189331, -5.38753509521], [-48.8655509949, 51.8700027466, -2.97515201569, -68.0511169434, 145.878509521, -210.621139526, 243.592208862, -235.756912231, 191.725540161, -128.871124268, 68.806388855, -26.4028625488, 5.63840007782], [0.189068585634, -2.97515201569, 9.7363910675, -17.3225040436, 22.2158679962, -22.4635810852, 18.4730968475, -12.2650108337, 6.3692855835, -2.371489048, 0.427516281605, 0.102882377803, -0.0706644207239], [69.8972015381, -68.0511169434, -17.3225040436, 136.542495728, -259.714294434, 353.716674805, -392.372131348, 367.033355713, -290.111999512, 190.406616211, -99.5408401489, 37.4881095886, -7.86703205109], [-145.746185303, 145.878509521, 22.2158679962, -259.714294434, 509.41506958, -704.985900879, 791.167663574, -747.002990723, 594.861206055, -392.671417236, 206.209472656, -77.9292221069, 16.3951797485], [207.794906616, -210.621139526, -22.4635810852, 353.716674805, -704.985900879, 983.546386719, -1110.14074707, 1052.9407959, -841.503845215, 557.002197266, -293.122283936, 110.948478699, -23.3692111969], [-238.281204224, 243.592208862, 18.4730968475, -392.372131348, 791.167663574, -1110.14074707, 1258.26599121, -1197.50280762, 959.74786377, -636.754577637, 335.749176025, -127.288414001, 26.8446578979], [229.108215332, -235.756912231, -12.2650108337, 367.033355713, -747.002990723, 1052.9407959, -1197.50280762, 1143.15759277, -918.791320801, 611.237976074, -323.178985596, 122.853164673, -25.9793968201], [-185.366638184, 191.725540161, 6.3692855835, -290.111999512, 594.861206055, -841.503845215, 959.74786377, -918.791320801, 740.687438965, -494.362487793, 262.344512939, -100.127807617, 21.2716255188], [124.106971741, -128.871124268, -2.371489048, 190.406616211, -392.671417236, 557.002197266, -636.754577637, 611.237976074, -494.362487793, 331.279815674, -176.669372559, 67.8067626953, -14.50086689], [-66.054107666, 68.806388855, 0.427516281605, -99.5408401489, 206.209472656, -293.122283936, 335.749176025, -323.178985596, 262.344512939, -176.669372559, 94.8598632813, -36.7108078003, 7.93619537354], [25.2822189331, -26.4028625488, 0.102882377803, 37.4881095886, -77.9292221069, 110.948478699, -127.288414001, 122.853164673, -100.127807617, 67.8067626953, -36.7108078003, 14.3712120056, -3.15972924232], [-5.38753509521, 5.63840007782, -0.0706644207239, -7.86703205109, 16.3951797485, -23.3692111969, 26.8446578979, -25.9793968201, 21.2716255188, -14.50086689, 7.93619537354, -3.15972924232, 0.718705117702]]
    },
    "spectral_contrast_coeffs": {
        "mean": [-0.627759456635, -0.636948823929, -0.70998698473, -0.762598276138, -0.854888796806, -0.911735832691],
        "var": [0.0177509188652, 0.0192323159426, 0.0062093725428, 0.00411200895905, 0.00212368974462, 0.000745412136894]
    },
    "spectral_contrast_valleys": {
        "mean": [-9.89804077148, -8.40189933777, -10.4768362045, -12.5590658188, -13.6841106415, -15.1034412384],
        "var": [2.25994277, 1.79037296772, 1.62514698505, 1.42757248878, 0.497039020061, 0.86294656992]
    }
},
"metadata": {
    "audio_properties": {
        "analysis_sample_rate": 44100,
        "bit_rate": 128074,
        "equal_loudness": 0,
        "length": 45.0612258911,
        "lossless": 0,
        "replay_gain": -5.86332130432,
        "sample_rate": 44100,
        "codec": "mp3",
        "downmix": "mix",
        "md5_encoded": "4187062f0c34f491e6f8bb723ebe3937"
    },
    "tags": {
        "file_name": "1167.mp3"
    },
    "version": {
        "essentia": "2.1-beta2",
        "essentia_git_sha": "v2.1_beta2",
        "extractor": "music 1.0"
    }
},
"rhythm": {
    "beats_count": 78,
    "beats_loudness": {
        "mean": 0.0240227114409,
        "var": 0.0013404203346
    },
    "bpm": 108.130645752,
    "bpm_histogram_first_peak_bpm": {
        "mean": 108,
        "var": 0
    },
    "bpm_histogram_first_peak_spread": {
        "mean": 0.5,
        "var": 0
    },
    "bpm_histogram_first_peak_weight": {
        "mean": 0.142857149243,
        "var": 0
    },
    "bpm_histogram_second_peak_bpm": {
        "mean": 136,
        "var": 0
    },
    "bpm_histogram_second_peak_spread": {
        "mean": 0.388888895512,
        "var": 0
    },
    "bpm_histogram_second_peak_weight": {
        "mean": 0.142857149243,
        "var": 0
    },
    "danceability": 0.944291174412,
    "onset_rate": 0.79855298996,
    "beats_loudness_band_ratio": {
        "mean": [0.183436483145, 0.335655808449, 0.556333780289, 0.0313909836113, 0.000110659297206, 2.0608498744e-005],
        "var": [0.0460938923061, 0.084399856627, 0.0893119648099, 0.00655608391389, 4.22542072442e-008, 3.15623416292e-009]
    },
    "beats_position": [0.53405892849, 1.09133780003, 1.64861679077, 2.20589566231, 2.76317453384, 3.32045340538, 3.87773227692, 4.43501138687, 4.96907043457, 5.50312900543, 6.03718805313, 6.57124710083, 7.0936961174, 7.65097475052, 8.20825386047, 8.76553249359, 9.287981987, 9.81043052673, 10.3444900513, 10.7972784042, 11.2152376175, 11.6448068619, 12.0743761063, 12.5155553818, 12.9567346573, 13.4095239639, 13.8623123169, 14.3034915924, 14.7678909302, 15.2787294388, 15.7895689011, 16.3004074097, 16.7648067474, 17.2408161163, 17.7168254852, 18.181224823, 18.6572322845, 19.1332416534, 19.574420929, 20.0156002045, 20.45677948, 20.9095687866, 21.3623580933, 21.8035373688, 22.2447166443, 22.6858959198, 23.1270751953, 23.5682544708, 24.1371421814, 24.7060317993, 25.2633094788, 25.8321990967, 26.4010887146, 26.9699764252, 27.5388660431, 28.1309738159, 28.8159637451, 29.5125617981, 30.1975498199, 30.8941497803, 31.567527771, 32.2525177002, 32.9491157532, 33.6457138062, 34.3190917969, 34.9924697876, 35.6426315308, 36.304397583, 36.9545555115, 37.7092056274, 38.4754638672, 39.2649421692, 40.0544204712, 40.8671188354, 41.8191375732, 42.771156311, 43.7347831726, 44.6984100342]
},
"tonal": {
    "chords_changes_rate": 0.0390946492553,
    "chords_number_rate": 0.00617283955216,
    "chords_strength": {
        "mean": 0.525801002979,
        "var": 0.0119014950469
    },
    "hpcp_entropy": {
        "mean": 1.15300214291,
        "var": 0.404855787754
    },
    "key_strength": 0.679053544998,
    "tuning_diatonic_strength": 0.481726020575,
    "tuning_equal_tempered_deviation": 0.0158842261881,
    "tuning_frequency": 440.763122559,
    "tuning_nontempered_energy_ratio": 0.59316188097,
    "hpcp": {
        "mean": [0.00252459943295, 0.00589274521917, 0.140231177211, 0.224319174886, 0.0896916240454, 0.0018813458737, 0.00151945510879, 0.0141647225246, 0.233321845531, 0.356409102678, 0.138837963343, 0.00289282435551, 0.000806755910162, 0.00188587012235, 0.0807593166828, 0.145081505179, 0.0710439756513, 0.223649501801, 0.396131813526, 0.178489714861, 0.002344136592, 0.00176410656422, 0.00126311706845, 0.0193567741662, 0.0371247418225, 0.0193986929953, 0.0017884952249, 0.0016376900021, 0.00750421686098, 0.162282124162, 0.253319740295, 0.103717535734, 0.08863312006, 0.147295981646, 0.0665444135666, 0.00327133317478],
        "var": [0.000572910299525, 0.000397043768317, 0.0510633476079, 0.128290757537, 0.0201301816851, 0.0003606423561, 9.28504668991e-005, 0.00156612379942, 0.067735530436, 0.1511079669, 0.0267537236214, 0.000861843756866, 0.000178811489604, 7.39732640795e-005, 0.0349885337055, 0.110209494829, 0.0232741162181, 0.0694472119212, 0.214187800884, 0.0440278574824, 0.000121008772112, 3.40554615832e-005, 0.000116970993986, 0.00781373959035, 0.028548752889, 0.00766194518656, 8.7908905698e-005, 0.000200950336875, 0.000201319038752, 0.0600399002433, 0.143611490726, 0.0231793560088, 0.0354587323964, 0.0932780429721, 0.0203985199332, 0.000620463397354]
    },
    "chords_histogram": [25.6172847748, 21.6049385071, 0.720164597034, 0, 1.74897122383, 0, 1.02880656719, 0, 0, 0.411522626877, 0.205761313438, 0, 0, 0, 0, 0, 0, 0, 0, 0, 0, 0, 29.9382724762, 18.7242794037],
    "thpcp": [1, 0.450581610203, 0.00591756729409, 0.00445333216339, 0.00318862823769, 0.0488644763827, 0.0937181562185, 0.048970296979, 0.00451489910483, 0.00413420470431, 0.0189437363297, 0.409666985273, 0.639483451843, 0.261825829744, 0.223746538162, 0.371835768223, 0.167985528708, 0.00825819373131, 0.00637312978506, 0.0148757183924, 0.354001313448, 0.566274046898, 0.226418629289, 0.00474929250777, 0.00383573118597, 0.0357575975358, 0.58900052309, 0.899723529816, 0.350484251976, 0.0073026814498, 0.0020365845412, 0.00476071378216, 0.20386980474, 0.366245537996, 0.179344281554, 0.564583539963],
    "chords_key": "G#",
    "chords_scale": "major",
    "key_key": "D#",
    "key_scale": "major"
}
}