{
"lowlevel": {
    "average_loudness": 0.708532512188,
    "barkbands_crest": {
        "mean": 13.0201034546,
        "var": 21.4228458405
    },
    "barkbands_flatness_db": {
        "mean": 0.272180020809,
        "var": 0.0061651635915
    },
    "barkbands_kurtosis": {
        "mean": 5.9105963707,
        "var": 84.9325408936
    },
    "barkbands_skewness": {
        "mean": 1.1880325079,
        "var": 1.93774151802
    },
    "barkbands_spread": {
        "mean": 8.42498683929,
        "var": 62.3215370178
    },
    "dissonance": {
        "mean": 0.392862915993,
        "var": 0.00509890262038
    },
    "dynamic_complexity": 4.97918987274,
    "erbbands_crest": {
        "mean": 14.5399837494,
        "var": 32.6679611206
    },
    "erbbands_flatness_db": {
        "mean": 0.302664667368,
        "var": 0.00489923451096
    },
    "erbbands_kurtosis": {
        "mean": 3.36174082756,
        "var": 51.1287689209
    },
    "erbbands_skewness": {
        "mean": 0.834085762501,
        "var": 1.27697074413
    },
    "erbbands_spread": {
        "mean": 15.7717123032,
        "var": 118.665054321
    },
    "hfc": {
        "mean": 9.36204719543,
        "var": 149.766479492
    },
    "melbands_crest": {
        "mean": 15.6586780548,
        "var": 29.8905200958
    },
    "melbands_flatness_db": {
        "mean": 0.348713606596,
        "var": 0.0102480025962
    },
    "melbands_kurtosis": {
        "mean": 8.04161262512,
        "var": 159.845184326
    },
    "melbands_skewness": {
        "mean": 1.59144484997,
        "var": 2.09969758987
    },
    "melbands_spread": {
        "mean": 12.3422231674,
        "var": 150.333267212
    },
    "pitch_salience": {
        "mean": 0.52080142498,
        "var": 0.0174004044384
    },
    "silence_rate_20dB": {
        "mean": 1,
        "var": 0
    },
    "silence_rate_30dB": {
        "mean": 0.997425317764,
        "var": 0.00256807450205
    },
    "silence_rate_60dB": {
        "mean": 0.262100934982,
        "var": 0.193402647972
    },
    "spectral_centroid": {
        "mean": 842.747192383,
        "var": 436193.6875
    },
    "spectral_complexity": {
        "mean": 8.71369743347,
        "var": 22.201259613
    },
    "spectral_decrease": {
        "mean": -3.63082897081e-009,
        "var": 1.88643237079e-017
    },
    "spectral_energy": {
        "mean": 0.0145527441055,
        "var": 0.000298201222904
    },
    "spectral_energyband_high": {
        "mean": 6.17694167886e-005,
        "var": 3.42875097203e-008
    },
    "spectral_energyband_low": {
        "mean": 0.000763898307923,
        "var": 3.3070509744e-006
    },
    "spectral_energyband_middle_high": {
        "mean": 0.00315564288758,
        "var": 3.91911016777e-005
    },
    "spectral_energyband_middle_low": {
        "mean": 0.0108424192294,
        "var": 0.000214163723285
    },
    "spectral_entropy": {
        "mean": 5.94915771484,
        "var": 0.394051790237
    },
    "spectral_flux": {
        "mean": 0.0344516932964,
        "var": 0.000679545628373
    },
    "spectral_kurtosis": {
        "mean": 40.9679718018,
        "var": 2039.17236328
    },
    "spectral_rms": {
        "mean": 0.00322383805178,
        "var": 3.80468054573e-006
    },
    "spectral_rolloff": {
        "mean": 993.856994629,
        "var": 777031.625
    },
    "spectral_skewness": {
        "mean": 4.2068605423,
        "var": 7.12444543839
    },
    "spectral_spread": {
        "mean": 2019443,
        "var": 1.89861763482e+012
    },
    "spectral_strongpeak": {
        "mean": 1.39472258091,
        "var": 2.51957082748
    },
    "zerocrossingrate": {
        "mean": 0.0366728901863,
        "var": 0.000714078021701
    },
    "barkbands": {
        "mean": [2.92583208648e-005, 0.000162022915902, 0.000324413442286, 0.000848659896292, 0.00311554712243, 0.00257134949788, 0.00234766979702, 0.00127930950839, 0.000633297953755, 0.000466134108137, 0.000712324341293, 0.000449460960226, 0.000285054702545, 7.30339743313e-005, 0.000256381754298, 0.000389773427742, 0.000175451117684, 0.000230595382163, 0.00010520129581, 5.46155242773e-005, 2.5194231057e-005, 1.11906365419e-005, 3.52676420334e-006, 1.85216606496e-006, 8.94656352557e-007, 5.26864766925e-007, 3.08365528667e-008],
        "var": [1.03854902456e-009, 3.89382051935e-007, 5.58185547561e-007, 8.04287992651e-006, 4.8817066272e-005, 3.16449950333e-005, 4.08827545471e-005, 1.06919242171e-005, 2.87126135845e-006, 3.5686045976e-006, 1.26239547171e-005, 3.26372924064e-006, 9.15684552183e-007, 9.03860666313e-008, 7.55360019866e-007, 3.00060423797e-006, 5.1206467333e-007, 8.40821996917e-007, 1.14444027588e-007, 4.64540406142e-008, 8.92583518208e-009, 2.01875982597e-009, 1.20562101968e-010, 2.66547842825e-011, 1.36675375878e-011, 2.46176321515e-012, 2.34939360176e-014]
    },
    "erbbands": {
        "mean": [0.00204765447415, 0.0472990125418, 0.2878677845, 1.53915631771, 3.74274635315, 12.5704917908, 19.312330246, 25.0553417206, 31.7435894012, 32.454624176, 21.5534915924, 17.371213913, 7.92356824875, 27.5667591095, 21.572851181, 21.24817276, 15.820069313, 5.75692844391, 9.39655017853, 16.335773468, 17.4726161957, 10.5410280228, 14.2552633286, 3.87348151207, 6.34424448013, 2.15444803238, 1.37516736984, 0.647195875645, 0.412801891565, 0.216062784195, 0.0882375910878, 0.0513673387468, 0.0237302016467, 0.0119826775044, 0.00529080163687, 0.00218049623072, 0.00101351982448, 0.000169538456248, 1.14804779514e-005, 1.69526101672e-005],
        "var": [2.5701472623e-005, 0.0312500335276, 0.442122042179, 20.6104412079, 95.3549499512, 891.17767334, 1744.44335938, 3458.96166992, 7942.57470703, 6388.84082031, 2097.25683594, 2030.88781738, 653.487792969, 8142.21972656, 17950.0449219, 6244.87744141, 2696.98071289, 267.592529297, 1033.27868652, 2713.57910156, 3998.61865234, 1439.61633301, 2491.18383789, 213.927978516, 300.807373047, 49.0770835876, 25.7288970947, 4.34099245071, 2.87223291397, 0.462344646454, 0.0538425929844, 0.0216442365199, 0.00455492222682, 0.00223530014046, 0.000420816184487, 3.98997035518e-005, 1.10439932541e-005, 3.00695063515e-007, 3.32455035723e-010, 3.96852328777e-010]
    },
    "gfcc": {
        "mean": [-156.299316406, 156.343154907, -127.22215271, -8.86572647095, -60.1880187988, -18.4769935608, -38.6022109985, -3.68667531013, -16.23072052, -6.49565172195, -8.97610092163, -5.71462202072, -7.22308301926],
        "cov": [[9338.95898438, -2191.4621582, -2954.59008789, 1587.27233887, 429.042633057, -177.31427002, 20.6894130707, 25.8531208038, -390.442443848, -167.555496216, -221.434127808, 90.1420669556, -111.38117218], [-2191.4621582, 3303.58447266, 1776.25341797, -1129.88549805, -170.13923645, -538.029846191, -325.10369873, -664.489013672, 28.0871105194, -270.389862061, 216.354629517, -194.523727417, 193.07131958], [-2954.59008789, 1776.25341797, 2315.61767578, -677.018188477, -488.696624756, -52.4895820618, -209.07649231, -329.609832764, -24.0807247162, -37.6579208374, -7.72882413864, -23.3212451935, 9.87774658203], [1587.27233887, -1129.88549805, -677.018188477, 838.210327148, 110.953010559, 126.934082031, 38.1858444214, 180.373077393, -87.5791320801, 9.99785900116, -123.501235962, 60.5920944214, -99.7558441162], [429.042633057, -170.13923645, -488.696624756, 110.953010559, 331.028839111, 72.6736450195, 74.6054077148, 86.6905822754, 33.3809814453, -27.665977478, -11.2389831543, -59.6569671631, -12.0701179504], [-177.31427002, -538.029846191, -52.4895820618, 126.934082031, 72.6736450195, 386.828430176, 178.292648315, 194.904251099, 15.9012374878, 52.2244491577, -93.8041915894, -7.11656475067, -68.1358947754], [20.6894130707, -325.10369873, -209.07649231, 38.1858444214, 74.6054077148, 178.292648315, 231.974899292, 152.916046143, 4.38159656525, 5.13267183304, -44.5198059082, -25.1495399475, -22.6651535034], [25.8531208038, -664.489013672, -329.609832764, 180.373077393, 86.6905822754, 194.904251099, 152.916046143, 290.563140869, 66.0829162598, 52.3236846924, -65.8898162842, 11.3063745499, -57.8168907166], [-390.442443848, 28.0871105194, -24.0807247162, -87.5791320801, 33.3809814453, 15.9012374878, 4.38159656525, 66.0829162598, 171.770874023, 48.9042510986, 16.5562763214, -29.1255512238, 10.2708206177], [-167.555496216, -270.389862061, -37.6579208374, 9.99785900116, -27.665977478, 52.2244491577, 5.13267183304, 52.3236846924, 48.9042510986, 161.975189209, 26.6540222168, 19.4728183746, -32.717956543], [-221.434127808, 216.354629517, -7.72882413864, -123.501235962, -11.2389831543, -93.8041915894, -44.5198059082, -65.8898162842, 16.5562763214, 26.6540222168, 153.984405518, 29.2263221741, 10.7139663696], [90.1420669556, -194.523727417, -23.3212451935, 60.5920944214, -59.6569671631, -7.11656475067, -25.1495399475, 11.3063745499, -29.1255512238, 19.4728183746, 29.2263221741, 151.978775024, 19.3435192108], [-111.38117218, 193.07131958, 9.87774658203, -99.7558441162, -12.0701179504, -68.1358947754, -22.6651535034, -57.8168907166, 10.2708206177, -32.717956543, 10.7139663696, 19.3435192108, 168.519073486]],
        "icov": [[0.000345287844539, -0.00023654877441, 0.00066722050542, -0.000370193360141, 0.000354783900548, -5.90781819483e-005, 3.12389493047e-005, 0.000538796943147, 0.000330219016178, -7.57742600399e-005, 0.000800348585472, -0.000285106216324, 0.000378565775463], [-0.00023654877441, 0.00310485134833, -0.00241098739207, 0.00146940990817, -0.00236401497386, 0.00196212506853, -0.000575284939259, 0.00210106535815, -0.00136553426273, 0.00301679829136, -0.00259176734835, 0.00202725362033, -0.000833909201901], [0.00066722050542, -0.00241098739207, 0.00369816203602, -0.000720385811292, 0.00340154953301, -0.00232016621158, 0.00129423406906, 0.000132755070808, 0.00127418409102, -0.00162466301117, 0.00356097123586, -0.00163903075736, 0.00165385450236], [-0.000370193360141, 0.00146940990817, -0.000720385811292, 0.00353472866118, -0.00114702177234, 0.000392959889723, 0.00130538281519, -0.000476115266792, 0.000570830132347, 0.00134408136364, 0.000156963535119, 0.000245589471888, 0.000483397918288], [0.000354783900548, -0.00236401497386, 0.00340154953301, -0.00114702177234, 0.00762602034956, -0.00305510265753, 0.000977803370915, -0.0011393846944, 0.000286851718556, -0.000301346473861, 0.00142917921767, 0.000545936985873, 0.000886611756869], [-5.90781819483e-005, 0.00196212506853, -0.00232016621158, 0.000392959889723, -0.00305510265753, 0.00749564357102, -0.00389482104219, -0.000184947057278, -0.000510041310918, -1.46540123751e-005, 0.000470254424727, 0.000334580458002, 0.000266045710305], [3.12389493047e-005, -0.000575284939259, 0.00129423406906, 0.00130538281519, 0.000977803370915, -0.00389482104219, 0.0103167733178, -0.00477785523981, 0.00288887461647, 0.00074862659676, -0.000127508057631, 0.00174637592863, -0.000602845801041], [0.000538796943147, 0.00210106535815, 0.000132755070808, -0.000476115266792, -0.0011393846944, -0.000184947057278, -0.00477785523981, 0.0134725710377, -0.00522824702784, 0.00165493506938, 0.00205491832457, -0.00155438156798, 0.00217033270746], [0.000330219016178, -0.00136553426273, 0.00127418409102, 0.000570830132347, 0.000286851718556, -0.000510041310918, 0.00288887461647, -0.00522824702784, 0.0104544069618, -0.00349590857513, 0.000499401416164, 0.00147048197687, -0.00106136291288], [-7.57742600399e-005, 0.00301679829136, -0.00162466301117, 0.00134408136364, -0.000301346473861, -1.46540123751e-005, 0.00074862659676, 0.00165493506938, -0.00349590857513, 0.0117910951376, -0.00447041960433, 0.00160188600421, 0.000628073350526], [0.000800348585472, -0.00259176734835, 0.00356097123586, 0.000156963535119, 0.00142917921767, 0.000470254424727, -0.000127508057631, 0.00205491832457, 0.000499401416164, -0.00447041960433, 0.0143475905061, -0.00539338728413, 0.00317144626752], [-0.000285106216324, 0.00202725362033, -0.00163903075736, 0.000245589471888, 0.000545936985873, 0.000334580458002, 0.00174637592863, -0.00155438156798, 0.00147048197687, 0.00160188600421, -0.00539338728413, 0.0111381998286, -0.003107851604], [0.000378565775463, -0.000833909201901, 0.00165385450236, 0.000483397918288, 0.000886611756869, 0.000266045710305, -0.000602845801041, 0.00217033270746, -0.00106136291288, 0.000628073350526, 0.00317144626752, -0.003107851604, 0.00850520841777]]
    },
    "melbands": {
        "mean": [3.29797621816e-005, 0.000124993239297, 0.00034949669498, 0.000520592497196, 0.000740407500416, 0.000524226110429, 0.000491590530146, 0.000341792096151, 0.000162509531947, 0.000101046993223, 3.61662569048e-005, 0.00011008776346, 7.80544505687e-005, 5.11076286784e-005, 4.93008192279e-005, 2.64000536845e-005, 8.38936648506e-006, 1.16189885375e-005, 2.00498616323e-005, 3.29440736095e-005, 1.54053905135e-005, 8.65079164214e-006, 1.97491372091e-005, 6.05827699474e-006, 2.49561958299e-006, 4.65724860987e-006, 3.5733137338e-006, 1.00358033706e-006, 8.7568781737e-007, 8.53821120472e-007, 2.10836020642e-007, 2.76473798522e-007, 1.31213155896e-007, 1.08262973697e-007, 5.04237718246e-008, 3.72071191634e-008, 3.03253884226e-008, 1.7798987173e-008, 1.16975567011e-008, 1.00429797811e-008],
        "var": [1.18692220497e-008, 9.14757976034e-008, 1.10590644908e-006, 1.43790987295e-006, 2.34888079831e-006, 1.43984220813e-006, 1.77757135589e-006, 7.48780792037e-007, 1.29884327293e-007, 8.4242898879e-008, 2.13817479278e-008, 1.3391435516e-007, 1.82833048257e-007, 3.41935653125e-008, 4.84185314065e-008, 9.16059317291e-009, 8.38074387666e-010, 2.33827091023e-009, 6.18216011716e-009, 2.26655068047e-008, 2.6096236283e-009, 2.17543272285e-009, 6.93256563267e-009, 4.38454050844e-010, 1.78541278983e-010, 2.26296537065e-010, 1.75873149377e-010, 2.60371047639e-011, 1.85328905e-011, 1.16630724176e-011, 1.04531379212e-012, 1.58706565685e-012, 2.26310371268e-013, 1.35601192818e-013, 1.89333192001e-014, 1.65357212921e-014, 9.63554102907e-015, 3.02054680672e-015, 1.43259148237e-015, 2.21396645896e-015]
    },
    "mfcc": {
        "mean": [-802.897766113, 186.231018066, -1.11250603199, 7.66568374634, -10.52435112, -13.9417076111, -14.6759023666, -7.50909996033, -7.59738540649, -4.10611724854, -6.06207370758, 0.312337636948, 3.52159643173],
        "cov": [[8267.33496094, -1472.4029541, -2833.41601563, 978.850463867, 36.1944084167, 237.092758179, 150.093826294, 167.589263916, -64.1738967896, -19.9343013763, -289.048797607, -112.688423157, -30.6625518799], [-1472.4029541, 2921.73925781, 1220.94958496, -469.604644775, 69.4368133545, -188.567016602, -282.050323486, -449.911193848, -328.326934814, -366.032653809, -196.376708984, -172.208114624, -23.6986236572], [-2833.41601563, 1220.94958496, 2134.79711914, -381.383880615, -169.475341797, 7.03223657608, -174.540847778, -192.345306396, -99.7430038452, -218.719589233, -60.0420341492, -78.6245651245, -38.2716674805], [978.850463867, -469.604644775, -381.383880615, 424.038299561, 32.2235145569, 22.1570701599, 27.2175788879, 44.641078949, -12.9170799255, 18.538187027, -18.7806682587, -0.149627283216, 6.84829998016], [36.1944084167, 69.4368133545, -169.475341797, 32.2235145569, 195.449966431, 16.2414913177, -1.57268667221, 17.2233905792, 10.0634002686, 33.1191291809, 31.4935245514, 4.51276302338, -22.8913803101], [237.092758179, -188.567016602, 7.03223657608, 22.1570701599, 16.2414913177, 175.265060425, 75.4644622803, 46.4811058044, 55.3159942627, 28.5171966553, 2.62814164162, -8.60021495819, -36.8664665222], [150.093826294, -282.050323486, -174.540847778, 27.2175788879, -1.57268667221, 75.4644622803, 207.77444458, 117.585037231, 67.3527069092, 81.4323501587, 49.9953155518, 0.920522809029, -59.8576469421], [167.589263916, -449.911193848, -192.345306396, 44.641078949, 17.2233905792, 46.4811058044, 117.585037231, 250.226699829, 119.938194275, 76.9445419312, 61.4163513184, 1.97588944435, -23.2972793579], [-64.1738967896, -328.326934814, -99.7430038452, -12.9170799255, 10.0634002686, 55.3159942627, 67.3527069092, 119.938194275, 229.441818237, 119.443893433, 30.8487243652, -0.479712247849, -39.5249786377], [-19.9343013763, -366.032653809, -218.719589233, 18.538187027, 33.1191291809, 28.5171966553, 81.4323501587, 76.9445419312, 119.443893433, 217.049850464, 107.627456665, 6.51058483124, -64.0405349731], [-289.048797607, -196.376708984, -60.0420341492, -18.7806682587, 31.4935245514, 2.62814164162, 49.9953155518, 61.4163513184, 30.8487243652, 107.627456665, 183.975448608, 71.7136077881, -46.8852958679], [-112.688423157, -172.208114624, -78.6245651245, -0.149627283216, 4.51276302338, -8.60021495819, 0.920522809029, 1.97588944435, -0.479712247849, 6.51058483124, 71.7136077881, 209.310256958, 103.24193573], [-30.6625518799, -23.6986236572, -38.2716674805, 6.84829998016, -22.8913803101, -36.8664665222, -59.8576469421, -23.2972793579, -39.5249786377, -64.0405349731, -46.8852958679, 103.24193573, 242.782592773]],
        "icov": [[0.000440506672021, -0.00013419984316, 0.000687682710122, -0.000522741756868, 0.000672822003253, -0.000944967265241, 0.000489629397634, -0.0003299205855, 0.000340105470968, 0.000155069486937, 0.000583822024055, -7.72088897065e-005, 0.000416539958678], [-0.00013419984316, 0.00103458552621, -0.000540312554222, 0.000893150107004, -0.0013237236999, 0.00108134525362, -0.000524744216818, 0.00117012648843, 0.000158365975949, 0.000838644220494, 5.88285865888e-006, 0.000623488333076, -2.1028028641e-005], [0.000687682710122, -0.000540312554222, 0.00192973308731, -0.000533323152922, 0.00197272072546, -0.00218701292761, 0.00137889478356, -0.000601439736784, 0.000285988266114, 0.000742280855775, 0.000323829503031, -9.87770363281e-006, 0.000798601831775], [-0.000522741756868, 0.000893150107004, -0.000533323152922, 0.00415214477107, -0.00163183151744, 0.00113023351878, -0.000481265393319, 0.000481374125229, 0.000708581064828, 8.97432837519e-005, 0.000265433627646, 0.000335381686455, -0.000187060344615], [0.000672822003253, -0.0013237236999, 0.00197272072546, -0.00163183151744, 0.00823210552335, -0.00335444603115, 0.00255892449059, -0.00193935225252, 0.000467238540296, -0.00090235035168, -0.000270677119261, -0.000725062098354, 0.00111848418601], [-0.000944967265241, 0.00108134525362, -0.00218701292761, 0.00113023351878, -0.00335444603115, 0.0102244652808, -0.00424004718661, 0.00177196541335, -0.00195913971402, 0.000617652956862, -0.000143997705891, 0.000234604784055, -0.00031306760502], [0.000489629397634, -0.000524744216818, 0.00137889478356, -0.000481265393319, 0.00255892449059, -0.00424004718661, 0.00958541966975, -0.0041579073295, 0.00151598860975, -0.00198894017376, 0.000997556373477, -0.00127386720851, 0.00225977622904], [-0.0003299205855, 0.00117012648843, -0.000601439736784, 0.000481374125229, -0.00193935225252, 0.00177196541335, -0.0041579073295, 0.00921146664768, -0.00398683082312, 0.00305747264065, -0.00363598880358, 0.00260735838674, -0.00174431642517], [0.000340105470968, 0.000158365975949, 0.000285988266114, 0.000708581064828, 0.000467238540296, -0.00195913971402, 0.00151598860975, -0.00398683082312, 0.00931238010526, -0.00517101958394, 0.0042113927193, -0.00162856886163, 0.00147914385889], [0.000155069486937, 0.000838644220494, 0.000742280855775, 8.97432837519e-005, -0.00090235035168, 0.000617652956862, -0.00198894017376, 0.00305747264065, -0.00517101958394, 0.0124810952693, -0.0065261782147, 0.00292610586621, -2.65737035079e-005], [0.000583822024055, 5.88285865888e-006, 0.000323829503031, 0.000265433627646, -0.000270677119261, -0.000143997705891, 0.000997556373477, -0.00363598880358, 0.0042113927193, -0.0065261782147, 0.0141672035679, -0.00631825439632, 0.00435439823195], [-7.72088897065e-005, 0.000623488333076, -9.87770363281e-006, 0.000335381686455, -0.000725062098354, 0.000234604784055, -0.00127386720851, 0.00260735838674, -0.00162856886163, 0.00292610586621, -0.00631825439632, 0.00974575988948, -0.00491429585963], [0.000416539958678, -2.1028028641e-005, 0.000798601831775, -0.000187060344615, 0.00111848418601, -0.00031306760502, 0.00225977622904, -0.00174431642517, 0.00147914385889, -2.65737035079e-005, 0.00435439823195, -0.00491429585963, 0.00791279040277]]
    },
    "spectral_contrast_coeffs": {
        "mean": [-0.588818788528, -0.679134249687, -0.696675002575, -0.699484944344, -0.711643755436, -0.759067356586],
        "var": [0.0150235332549, 0.00820662640035, 0.00732314400375, 0.00773163884878, 0.0143371382728, 0.00919122807682]
    },
    "spectral_contrast_valleys": {
        "mean": [-8.87134933472, -7.23808526993, -8.67376804352, -9.80060482025, -10.6124305725, -13.3380393982],
        "var": [0.970185339451, 1.21230113506, 0.980965614319, 1.2992272377, 1.10682797432, 0.57533210516]
    }
},
"metadata": {
    "audio_properties": {
        "analysis_sample_rate": 44100,
        "bit_rate": 128074,
        "equal_loudness": 0,
        "length": 45.0612258911,
        "lossless": 0,
        "replay_gain": -3.08081626892,
        "sample_rate": 44100,
        "codec": "mp3",
        "downmix": "mix",
        "md5_encoded": "3a5f1f417c81eb8034f2cd1bab97c293"
    },
    "tags": {
        "file_name": "1168.mp3"
    },
    "version": {
        "essentia": "2.1-beta2",
        "essentia_git_sha": "v2.1_beta2",
        "extractor": "music 1.0"
    }
},
"rhythm": {
    "beats_count": 72,
    "beats_loudness": {
        "mean": 0.0212628915906,
        "var": 0.000509463076014
    },
    "bpm": 91.6769638062,
    "bpm_histogram_first_peak_bpm": {
        "mean": 92,
        "var": 0
    },
    "bpm_histogram_first_peak_spread": {
        "mean": 0.589743614197,
        "var": 0
    },
    "bpm_histogram_first_peak_weight": {
        "mean": 0.225352108479,
        "var": 0
    },
    "bpm_histogram_second_peak_bpm": {
        "mean": 105,
        "var": 0
    },
    "bpm_histogram_second_peak_spread": {
        "mean": 0.411764711142,
        "var": 0
    },
    "bpm_histogram_second_peak_weight": {
        "mean": 0.14084507525,
        "var": 0
    },
    "danceability": 0.912931382656,
    "onset_rate": 1.9963824749,
    "beats_loudness_band_ratio": {
        "mean": [0.117460981011, 0.380866825581, 0.3194411695, 0.130548641086, 0.0719814524055, 0.0121267512441],
        "var": [0.0232120137662, 0.0811248496175, 0.060963768512, 0.0319407433271, 0.0198372844607, 0.000512056285515]
    },
    "beats_position": [0.557278871536, 1.1261677742, 1.69505667686, 2.2523355484, 2.82122445107, 3.3785033226, 3.94739222527, 4.51628112793, 5.08516979218, 5.65405893326, 6.2229475975, 6.80344676971, 7.38394546509, 8.03410434723, 8.67265319824, 9.31120204926, 9.93814086914, 10.5534696579, 11.1687984467, 11.7841272354, 12.3994560242, 12.9915647507, 13.5604534149, 14.1409521103, 14.7098407745, 15.2206802368, 15.7315187454, 16.242357254, 16.7648067474, 17.298866272, 17.8213157654, 18.4482536316, 19.0751914978, 19.7137413025, 20.363899231, 21.0024490356, 21.640996933, 22.2911567688, 22.9413146973, 23.5798625946, 24.195192337, 24.8221302032, 25.4374599457, 26.0527877808, 26.6681175232, 27.2718353271, 27.8639450073, 28.4908847809, 29.1294326782, 29.7679805756, 30.4181404114, 31.0566883087, 31.7068481445, 32.3337860107, 32.9839439392, 33.6341018677, 34.2958717346, 34.9576416016, 35.6194114685, 36.2811775208, 36.9429473877, 37.6163253784, 38.2897033691, 38.9398651123, 39.5900230408, 40.2634010315, 40.9367790222, 41.6101570129, 42.2719268799, 42.9453048706, 43.6186828613, 44.2920608521]
},
"tonal": {
    "chords_changes_rate": 0.0288065839559,
    "chords_number_rate": 0.00720164598897,
    "chords_strength": {
        "mean": 0.560136497021,
        "var": 0.00825279857963
    },
    "hpcp_entropy": {
        "mean": 1.42405176163,
        "var": 0.433074295521
    },
    "key_strength": 0.811140120029,
    "tuning_diatonic_strength": 0.605030953884,
    "tuning_equal_tempered_deviation": 0.0668586120009,
    "tuning_frequency": 438.224517822,
    "tuning_nontempered_energy_ratio": 0.63134688139,
    "hpcp": {
        "mean": [0.223453268409, 0.161250978708, 0.092204131186, 0.161038905382, 0.12312772125, 0.0440495610237, 0.0256130527705, 0.0211551785469, 0.16081854701, 0.356842190027, 0.234302505851, 0.0379580035806, 0.0253539923579, 0.0363235995173, 0.0978891402483, 0.177352249622, 0.131057992578, 0.0690581947565, 0.0710649043322, 0.0373249053955, 0.037120949477, 0.091727308929, 0.0895744562149, 0.235617294908, 0.42164504528, 0.229464441538, 0.0171310957521, 0.00727436738089, 0.00744783272967, 0.033042434603, 0.0600838139653, 0.0360173508525, 0.0145419966429, 0.0248529743403, 0.0240275226533, 0.0961083695292],
        "var": [0.106610231102, 0.0609051883221, 0.0253214109689, 0.0896781161427, 0.0618411116302, 0.0190441515297, 0.00602917280048, 0.00639728549868, 0.0399942100048, 0.172500014305, 0.081176109612, 0.0075792176649, 0.00805125385523, 0.0104115027934, 0.0241910032928, 0.100505664945, 0.0583283789456, 0.0194904040545, 0.0338337272406, 0.0133429979905, 0.00904756318778, 0.0472725555301, 0.0376359410584, 0.0513561405241, 0.164088219404, 0.0529792532325, 0.00224297191016, 0.000657371478155, 0.00131129159126, 0.00961861200631, 0.0298230051994, 0.0112441144884, 0.00310651911423, 0.0151088358834, 0.0111490245908, 0.0200001746416]
    },
    "chords_histogram": [52.5720176697, 2.26337456703, 5.34979438782, 0, 0, 0, 0, 0, 0.308641970158, 0, 0, 0, 0, 0, 0, 2.77777767181, 0, 0, 0.823045253754, 0.102880656719, 0, 8.33333301544, 23.148147583, 4.32098770142],
    "thpcp": [1, 0.544212341309, 0.0406291894615, 0.0172523483634, 0.0176637507975, 0.0783655196428, 0.1424985677, 0.085421025753, 0.0344887152314, 0.0589428842068, 0.0569851882756, 0.227936670184, 0.529955863953, 0.382432997227, 0.218677133322, 0.381930023432, 0.292017459869, 0.104470722377, 0.0607455335557, 0.0501729547977, 0.381407409906, 0.846309483051, 0.555686593056, 0.090023599565, 0.0601311288774, 0.0861473381519, 0.232160061598, 0.420619785786, 0.310825407505, 0.163782775402, 0.168542012572, 0.0885220989585, 0.0880383849144, 0.217546269298, 0.212440431118, 0.558804869652],
    "chords_key": "F",
    "chords_scale": "major",
    "key_key": "F",
    "key_scale": "major"
}
}