{
"lowlevel": {
    "average_loudness": 0.463982284069,
    "barkbands_crest": {
        "mean": 14.438167572,
        "var": 24.4742851257
    },
    "barkbands_flatness_db": {
        "mean": 0.421915203333,
        "var": 0.00211307848804
    },
    "barkbands_kurtosis": {
        "mean": 4.33147716522,
        "var": 162.259689331
    },
    "barkbands_skewness": {
        "mean": 0.390961587429,
        "var": 1.85245776176
    },
    "barkbands_spread": {
        "mean": 3.35122489929,
        "var": 3.08347773552
    },
    "dissonance": {
        "mean": 0.326552599669,
        "var": 0.00735167553648
    },
    "dynamic_complexity": 6.16406869888,
    "erbbands_crest": {
        "mean": 18.8027019501,
        "var": 43.8241729736
    },
    "erbbands_flatness_db": {
        "mean": 0.463525235653,
        "var": 0.00198710639961
    },
    "erbbands_kurtosis": {
        "mean": 3.60916161537,
        "var": 52.5342788696
    },
    "erbbands_skewness": {
        "mean": 0.0689428448677,
        "var": 2.22983956337
    },
    "erbbands_spread": {
        "mean": 6.27010250092,
        "var": 10.1280450821
    },
    "hfc": {
        "mean": 10.7222185135,
        "var": 984.265380859
    },
    "melbands_crest": {
        "mean": 17.2441196442,
        "var": 29.5122909546
    },
    "melbands_flatness_db": {
        "mean": 0.529742240906,
        "var": 0.00190075417049
    },
    "melbands_kurtosis": {
        "mean": 3.1618142128,
        "var": 29.3380870819
    },
    "melbands_skewness": {
        "mean": 0.522628128529,
        "var": 1.37407898903
    },
    "melbands_spread": {
        "mean": 6.36047697067,
        "var": 19.8544311523
    },
    "pitch_salience": {
        "mean": 0.487921327353,
        "var": 0.0151851959527
    },
    "silence_rate_20dB": {
        "mean": 0.995880544186,
        "var": 0.00410266779363
    },
    "silence_rate_30dB": {
        "mean": 0.974253356457,
        "var": 0.0250845104456
    },
    "silence_rate_60dB": {
        "mean": 0.318228632212,
        "var": 0.216958209872
    },
    "spectral_centroid": {
        "mean": 558.254394531,
        "var": 32393.1210938
    },
    "spectral_complexity": {
        "mean": 6.73223495483,
        "var": 6.88505220413
    },
    "spectral_decrease": {
        "mean": -4.02492528195e-009,
        "var": 9.62623099878e-017
    },
    "spectral_energy": {
        "mean": 0.0161635521799,
        "var": 0.00158746598754
    },
    "spectral_energyband_high": {
        "mean": 6.38138644149e-008,
        "var": 6.33718012961e-013
    },
    "spectral_energyband_low": {
        "mean": 0.000279661471723,
        "var": 3.02941600694e-007
    },
    "spectral_energyband_middle_high": {
        "mean": 0.00734854442999,
        "var": 0.00108238717075
    },
    "spectral_energyband_middle_low": {
        "mean": 0.00886631384492,
        "var": 0.000183998214197
    },
    "spectral_entropy": {
        "mean": 5.23838567734,
        "var": 0.12861725688
    },
    "spectral_flux": {
        "mean": 0.0247403755784,
        "var": 0.00157345819753
    },
    "spectral_kurtosis": {
        "mean": 202.416137695,
        "var": 3752.86889648
    },
    "spectral_rms": {
        "mean": 0.00303484778851,
        "var": 6.55898156765e-006
    },
    "spectral_rolloff": {
        "mean": 738.285339355,
        "var": 184735.40625
    },
    "spectral_skewness": {
        "mean": 10.6328887939,
        "var": 5.25083017349
    },
    "spectral_spread": {
        "mean": 697926.5625,
        "var": 1.3537476608e+012
    },
    "spectral_strongpeak": {
        "mean": 1.59967517853,
        "var": 4.35057353973
    },
    "zerocrossingrate": {
        "mean": 0.0272004343569,
        "var": 0.000173076768988
    },
    "barkbands": {
        "mean": [3.42198813996e-006, 1.60608578881e-005, 8.47910632729e-005, 0.00028949699481, 0.000859773834236, 0.00210497016087, 0.00231167580932, 0.00120989070274, 0.00177159567829, 0.00609332229942, 0.00119905732572, 0.000109856926429, 7.57925008656e-005, 9.9908129414e-006, 1.08017593448e-005, 1.08873537101e-005, 1.2798377611e-006, 5.21112838214e-007, 2.88947518357e-007, 3.32230989386e-008, 2.94680955193e-008, 3.21238147194e-009, 1.03557606934e-009, 8.28941582043e-010, 7.67635122134e-010, 6.53758935876e-010, 5.39652100784e-010],
        "var": [2.74214886908e-011, 1.84397208614e-009, 3.47675275236e-008, 2.89546221666e-007, 7.48534239392e-006, 3.01156705973e-005, 4.01586912631e-005, 3.7105044612e-005, 1.97761874006e-005, 0.000999785959721, 7.0443333243e-005, 5.35214553565e-007, 3.38521282117e-008, 8.54296577923e-010, 7.52886586408e-010, 7.24902082805e-010, 5.05882488677e-011, 3.74701268277e-012, 3.75144880438e-012, 1.01958941507e-013, 2.19696927751e-013, 1.13853086572e-015, 4.8204611941e-017, 3.16049499317e-017, 3.28025949621e-017, 2.99052559003e-017, 1.20352628457e-018]
    },
    "erbbands": {
        "mean": [0.000441333075287, 0.00452467985451, 0.0647141411901, 0.661936879158, 0.879410922527, 2.85317730904, 13.2929401398, 16.4477577209, 33.4779090881, 30.1559581757, 23.4419269562, 49.9058647156, 51.4822502136, 244.825424194, 42.1170463562, 6.23257493973, 3.8606467247, 1.05836093426, 0.555542051792, 0.677967429161, 0.379892230034, 0.0676409453154, 0.0506733208895, 0.0137967821211, 0.010973145254, 0.00247523840517, 0.00148601061665, 0.000638051657006, 0.000146021033288, 6.30962022115e-005, 3.74945047952e-005, 3.05720641336e-005, 2.53155048995e-005, 2.07516823139e-005, 1.5707086277e-005, 1.13963342301e-005, 6.49497451377e-006, 1.72154318534e-006, 8.10675464891e-006, 1.85518856597e-005],
        "var": [1.35770881116e-006, 0.000144235702464, 0.0173014793545, 1.59277355671, 1.54952776432, 49.0556640625, 3646.73779297, 1604.64306641, 6523.44482422, 14840.9404297, 5130.35693359, 14435.9404297, 31942.7519531, 1491656.5, 94744.9609375, 1316.83520508, 80.8404464722, 4.62251377106, 1.88483428955, 5.31517410278, 0.696947336197, 0.0700310766697, 0.0737121254206, 0.00584293948486, 0.00357815809548, 0.000573468045332, 0.000347620109096, 0.000102502417576, 1.98795100914e-006, 2.04544889471e-007, 3.27635625297e-008, 1.83872685966e-008, 9.64903446032e-009, 5.53823786831e-009, 2.37795605429e-009, 1.04010644542e-009, 3.04640646043e-010, 2.25214898814e-011, 4.14304646146e-010, 2.1430504038e-009]
    },
    "gfcc": {
        "mean": [-283.988037109, 249.986694336, -116.656661987, -97.3391723633, -40.5295791626, -27.3485946655, -32.0639266968, -12.9541301727, -14.826792717, -21.0025863647, -3.43414282799, -8.41289615631, 3.66885256767],
        "cov": [[4839.58007813, 74.8620223999, -787.733398438, -126.326553345, 406.780761719, -512.164733887, 201.683181763, 156.314041138, -54.8665237427, -127.396942139, -117.116981506, -181.797302246, -41.3702697754], [74.8620223999, 380.125946045, 179.219848633, 3.47991228104, 120.047683716, 35.4521942139, -85.681137085, -91.1853713989, -52.450176239, -88.9736022949, -31.7506542206, -34.6778793335, -22.2215156555], [-787.733398438, 179.219848633, 571.045715332, 71.4171524048, -55.1137695313, 276.644165039, -40.4116973877, -135.639251709, -94.3566131592, -77.4060897827, -31.0190811157, 83.5314254761, 47.1995429993], [-126.326553345, 3.47991228104, 71.4171524048, 201.108154297, 46.9337730408, 10.3450717926, -7.63900232315, 6.27375411987, 14.5917549133, 25.4121494293, -25.4878292084, -24.7551727295, -26.7485332489], [406.780761719, 120.047683716, -55.1137695313, 46.9337730408, 171.910446167, -30.1928939819, 9.29127597809, 12.3794593811, -6.89702892303, -41.3746452332, -37.8295440674, -50.2191390991, -21.1532783508], [-512.164733887, 35.4521942139, 276.644165039, 10.3450717926, -30.1928939819, 283.840209961, 67.8911743164, -53.1768264771, -56.4688529968, -54.2937011719, -44.228603363, 53.7015953064, 46.710735321], [201.683181763, -85.681137085, -40.4116973877, -7.63900232315, 9.29127597809, 67.8911743164, 160.653091431, 70.5146408081, -17.4965438843, -15.1541824341, -26.9129867554, 1.84259259701, 30.4812755585], [156.314041138, -91.1853713989, -135.639251709, 6.27375411987, 12.3794593811, -53.1768264771, 70.5146408081, 119.405387878, 67.967956543, 50.8154449463, 12.4911623001, -22.5935592651, -10.9134407043], [-54.8665237427, -52.450176239, -94.3566131592, 14.5917549133, -6.89702892303, -56.4688529968, -17.4965438843, 67.967956543, 121.636634827, 99.8227767944, 20.5252799988, -27.5991744995, -25.878900528], [-127.396942139, -88.9736022949, -77.4060897827, 25.4121494293, -41.3746452332, -54.2937011719, -15.1541824341, 50.8154449463, 99.8227767944, 140.470123291, 68.4492950439, -8.14993095398, -29.5123138428], [-117.116981506, -31.7506542206, -31.0190811157, -25.4878292084, -37.8295440674, -44.228603363, -26.9129867554, 12.4911623001, 20.5252799988, 68.4492950439, 129.916900635, 70.1952972412, -5.64361572266], [-181.797302246, -34.6778793335, 83.5314254761, -24.7551727295, -50.2191390991, 53.7015953064, 1.84259259701, -22.5935592651, -27.5991744995, -8.14993095398, 70.1952972412, 128.918716431, 61.9810791016], [-41.3702697754, -22.2215156555, 47.1995429993, -26.7485332489, -21.1532783508, 46.710735321, 30.4812755585, -10.9134407043, -25.878900528, -29.5123138428, -5.64361572266, 61.9810791016, 88.3450698853]],
        "icov": [[0.000487755518407, -0.000242116118898, 0.000145212514326, 0.000537831510883, -0.000961148412898, 0.00134206446819, -0.00126324780285, 0.000440885924036, 0.000654628092889, -0.000896516838111, 0.00145291991066, -0.00122555589769, 0.000648266170174], [-0.000242116118898, 0.00865469127893, -0.00411984929815, 0.00145774020348, -0.00549778155982, 0.000184611140867, 0.00136519176885, 0.00416056253016, -0.00598482461646, 0.00816619116813, -0.00823838636279, 0.00804106332362, -0.00185794592835], [0.000145212514326, -0.00411984929815, 0.00763439480215, -0.00307222804986, 0.00388667825609, -0.0055526997894, 0.00293080229312, -0.00143683166243, 0.0041647227481, -0.00259545934387, 0.00312689179555, -0.00386473536491, -3.5318222217e-005], [0.000537831510883, 0.00145774020348, -0.00307222804986, 0.00975046120584, -0.00650018500164, 0.0032364744693, 0.000635405012872, -0.00299273524433, 0.0067081246525, -0.0103186191991, 0.00951837282628, -0.00608242442831, 0.00474888132885], [-0.000961148412898, -0.00549778155982, 0.00388667825609, -0.00650018500164, 0.0160524398088, -0.00365881435573, -0.000110445260361, -0.00120478624012, -0.00438941363245, 0.0080508152023, -0.00498158484697, 0.00426705833524, -0.00211842195131], [0.00134206446819, 0.000184611140867, -0.0055526997894, 0.0032364744693, -0.00365881435573, 0.0164721086621, -0.0137275671586, 0.00897342246026, -0.00376923219301, -0.00218193745241, 0.00763314170763, -0.00789833441377, 0.00507682468742], [-0.00126324780285, 0.00136519176885, 0.00293080229312, 0.000635405012872, -0.000110445260361, -0.0137275671586, 0.0302678048611, -0.0268592927605, 0.0219144728035, -0.0103873815387, 0.0051995953545, 0.0013416162692, -0.00581067241728], [0.000440885924036, 0.00416056253016, -0.00143683166243, -0.00299273524433, -0.00120478624012, 0.00897342246026, -0.0268592927605, 0.0442935079336, -0.0357769355178, 0.0212054792792, -0.0169690959156, 0.0089169871062, 8.40261127451e-005], [0.000654628092889, -0.00598482461646, 0.0041647227481, 0.0067081246525, -0.00438941363245, -0.00376923219301, 0.0219144728035, -0.0357769355178, 0.0613070428371, -0.0501836128533, 0.0348630398512, -0.0203996263444, 0.00530194956809], [-0.000896516838111, 0.00816619116813, -0.00259545934387, -0.0103186191991, 0.0080508152023, -0.00218193745241, -0.0103873815387, 0.0212054792792, -0.0501836128533, 0.0631568133831, -0.0474453568459, 0.0325826704502, -0.0103110047057], [0.00145291991066, -0.00823838636279, 0.00312689179555, 0.00951837282628, -0.00498158484697, 0.00763314170763, 0.0051995953545, -0.0169690959156, 0.0348630398512, -0.0474453568459, 0.0590381920338, -0.0465486906469, 0.0214926172048], [-0.00122555589769, 0.00804106332362, -0.00386473536491, -0.00608242442831, 0.00426705833524, -0.00789833441377, 0.0013416162692, 0.0089169871062, -0.0203996263444, 0.0325826704502, -0.0465486906469, 0.0520922020078, -0.0271032974124], [0.000648266170174, -0.00185794592835, -3.5318222217e-005, 0.00474888132885, -0.00211842195131, 0.00507682468742, -0.00581067241728, 8.40261127451e-005, 0.00530194956809, -0.0103110047057, 0.0214926172048, -0.0271032974124, 0.0299326255918]]
    },
    "melbands": {
        "mean": [4.29726651419e-006, 2.32032907661e-005, 0.000113247719128, 0.000105917235487, 0.000388263055356, 0.00037430258817, 0.000521950132679, 0.000316711229971, 0.000195327535039, 0.000302703410853, 0.000258666550508, 0.00105378089938, 0.000131111810333, 3.66412386938e-005, 6.64775734549e-006, 7.65196637076e-006, 1.25122608097e-006, 8.15467274151e-007, 7.35046114642e-007, 1.00786132862e-006, 3.0514138416e-007, 5.08100761465e-008, 8.24515211661e-008, 1.66643392419e-008, 1.03901820481e-008, 1.08732933768e-008, 2.93966806453e-009, 1.44910516919e-009, 5.51921897074e-010, 1.28234289853e-009, 7.47388817501e-011, 9.30575963509e-011, 2.74634846115e-011, 2.60251542539e-011, 1.42037250017e-011, 1.34967375817e-011, 1.08057009521e-011, 9.58053428257e-012, 8.59396408204e-012, 7.44849668055e-012],
        "var": [1.07082648304e-010, 2.42023689978e-009, 3.85245506607e-008, 4.84076316809e-008, 2.79968867289e-006, 8.42593863126e-007, 1.68089843555e-006, 2.06870527109e-006, 3.26144885321e-007, 5.345111731e-007, 9.48988827076e-007, 2.87302937068e-005, 7.8842754192e-007, 1.47198704781e-007, 2.38203901048e-010, 3.23194082608e-010, 1.19295363518e-011, 4.12617683077e-012, 4.07634386315e-012, 7.88036649824e-012, 6.41464745904e-013, 2.08320790766e-014, 4.71542943581e-013, 2.68103397861e-015, 4.2903929785e-015, 6.92255379132e-015, 2.37223091233e-016, 3.23570715137e-016, 2.12157847767e-017, 5.60353163948e-016, 2.43265494647e-019, 1.160671608e-018, 7.05808853638e-020, 3.76310956279e-020, 9.59179493609e-021, 8.68874312055e-021, 5.56055768579e-021, 4.17935104756e-021, 3.57232205087e-021, 2.99532035666e-021]
    },
    "mfcc": {
        "mean": [-878.094177246, 235.489715576, 20.3344135284, -50.56300354, -24.0355682373, -14.1064720154, -17.0551967621, -9.8104429245, -5.86863136292, -10.3557882309, -13.2582120895, -8.41877651215, -0.968087792397],
        "cov": [[1932.06628418, 1069.33166504, -730.528808594, -185.211090088, 284.095855713, -150.406784058, -167.743774414, 83.7240753174, 76.9384841919, 22.231426239, -1.29793334007, -14.2994689941, -4.42461442947], [1069.33166504, 712.88293457, -270.292205811, -127.057350159, 166.167617798, -4.35480165482, -69.6500015259, 43.0742225647, 37.4462165833, -32.9803962708, -65.2377700806, -54.3883514404, -23.9049301147], [-730.528808594, -270.292205811, 481.879211426, 125.347648621, -79.5743942261, 155.457901001, 124.423683167, -23.6470737457, -39.8240242004, -60.7344741821, -76.0494537354, -55.6450462341, -28.4499187469], [-185.211090088, -127.057350159, 125.347648621, 179.648773193, 48.3486366272, 10.5371894836, 39.4663238525, 4.79525375366, -21.2300395966, 2.38474583626, 20.5343742371, 12.0371208191, -1.45192027092], [284.095855713, 166.167617798, -79.5743942261, 48.3486366272, 147.298797607, 23.5582122803, -41.0585746765, -1.3562618494, 6.51182985306, -4.26633501053, 2.67775535583, 6.25585079193, -10.8615760803], [-150.406784058, -4.35480165482, 155.457901001, 10.5371894836, 23.5582122803, 153.942398071, 84.6968536377, -1.24840056896, 8.29979038239, -29.5058250427, -70.5620422363, -56.5961112976, -37.3536643982], [-167.743774414, -69.6500015259, 124.423683167, 39.4663238525, -41.0585746765, 84.6968536377, 151.196151733, 73.425567627, 16.4368953705, -14.0197696686, -49.9777946472, -51.0764045715, -14.085477829], [83.7240753174, 43.0742225647, -23.6470737457, 4.79525375366, -1.3562618494, -1.24840056896, 73.425567627, 108.451400757, 58.4192314148, -0.377431720495, -29.269077301, -25.1903610229, -0.604160606861], [76.9384841919, 37.4462165833, -39.8240242004, -21.2300395966, 6.51182985306, 8.29979038239, 16.4368953705, 58.4192314148, 93.6645202637, 53.6891136169, -10.1869783401, -27.3835887909, -27.3844928741], [22.231426239, -32.9803962708, -60.7344741821, 2.38474583626, -4.26633501053, -29.5058250427, -14.0197696686, -0.377431720495, 53.6891136169, 115.270828247, 87.1783447266, 16.7246379852, -25.2607688904], [-1.29793334007, -65.2377700806, -76.0494537354, 20.5343742371, 2.67775535583, -70.5620422363, -49.9777946472, -29.269077301, -10.1869783401, 87.1783447266, 151.734802246, 100.071617126, 13.3100481033], [-14.2994689941, -54.3883514404, -55.6450462341, 12.0371208191, 6.25585079193, -56.5961112976, -51.0764045715, -25.1903610229, -27.3835887909, 16.7246379852, 100.071617126, 127.637306213, 67.3736343384], [-4.42461442947, -23.9049301147, -28.4499187469, -1.45192027092, -10.8615760803, -37.3536643982, -14.085477829, -0.604160606861, -27.3844928741, -25.2607688904, 13.3100481033, 67.3736343384, 106.484107971]],
        "icov": [[0.926690936089, -1.34325361252, 1.44801223278, -1.58860814571, 1.72883665562, -1.82365655899, 1.80591249466, -1.67401218414, 1.40302920341, -1.03863108158, 0.660640537739, -0.325266838074, 0.105822816491], [-1.34325361252, 1.95927393436, -2.13272166252, 2.37733101845, -2.62444400787, 2.79537534714, -2.79144787788, 2.60232520103, -2.19135189056, 1.62828063965, -1.03744089603, 0.513304233551, -0.167331010103], [1.44801223278, -2.13272166252, 2.4037129879, -2.76868104935, 3.15621232986, -3.45594882965, 3.51450181007, -3.32352590561, 2.82799601555, -2.11256527901, 1.35433495045, -0.669689416885, 0.222059607506], [-1.58860814571, 2.37733101845, -2.76868104935, 3.32750248909, -3.91958212852, 4.39561271667, -4.55955648422, 4.36684751511, -3.74986600876, 2.82462692261, -1.82038676739, 0.904659926891, -0.302008420229], [1.72883665562, -2.62444400787, 3.15621232986, -3.91958212852, 4.76042890549, -5.44455862045, 5.73201084137, -5.55297803879, 4.80943393707, -3.64533448219, 2.36035752296, -1.18020153046, 0.398632913828], [-1.82365655899, 2.79537534714, -3.45594882965, 4.39561271667, -5.44455862045, 6.34629058838, -6.75007486343, 6.60049247742, -5.75575590134, 4.38423776627, -2.84600400925, 1.42440974712, -0.481866359711], [1.80591249466, -2.79144787788, 3.51450181007, -4.55955648422, 5.73201084137, -6.75007486343, 7.26161956787, -7.15228033066, 6.27604389191, -4.81151247025, 3.14605641365, -1.57988607883, 0.540939509869], [-1.67401218414, 2.60232520103, -3.32352590561, 4.36684751511, -5.55297803879, 6.60049247742, -7.15228033066, 7.11531877518, -6.29260444641, 4.8568816185, -3.20183444023, 1.62283575535, -0.563174903393], [1.40302920341, -2.19135189056, 2.82799601555, -3.74986600876, 4.80943393707, -5.75575590134, 6.27604389191, -6.29260444641, 5.63940763474, -4.39502716064, 2.93483328819, -1.50240814686, 0.52819865942], [-1.03863108158, 1.62828063965, -2.11256527901, 2.82462692261, -3.64533448219, 4.38423776627, -4.81151247025, 4.8568816185, -4.39502716064, 3.47957396507, -2.35696363449, 1.22173058987, -0.429525524378], [0.660640537739, -1.03744089603, 1.35433495045, -1.82038676739, 2.36035752296, -2.84600400925, 3.14605641365, -3.20183444023, 2.93483328819, -2.35696363449, 1.64457476139, -0.87360984087, 0.314767122269], [-0.325266838074, 0.513304233551, -0.669689416885, 0.904659926891, -1.18020153046, 1.42440974712, -1.57988607883, 1.62283575535, -1.50240814686, 1.22173058987, -0.87360984087, 0.489001512527, -0.182107642293], [0.105822816491, -0.167331010103, 0.222059607506, -0.302008420229, 0.398632913828, -0.481866359711, 0.540939509869, -0.563174903393, 0.52819865942, -0.429525524378, 0.314767122269, -0.182107642293, 0.0812395438552]]
    },
    "spectral_contrast_coeffs": {
        "mean": [-0.557407915592, -0.657200813293, -0.629635453224, -0.71084266901, -0.746128976345, -0.907386898994],
        "var": [0.00864981021732, 0.00739064160734, 0.00844982732087, 0.00248745665886, 0.00250866427086, 0.00116657780018]
    },
    "spectral_contrast_valleys": {
        "mean": [-9.81374263763, -7.42036437988, -8.57567405701, -10.5331459045, -12.9517822266, -14.77917099],
        "var": [0.708401739597, 0.678235113621, 0.675978124142, 0.746495604515, 0.453480273485, 0.813293755054]
    }
},
"metadata": {
    "audio_properties": {
        "analysis_sample_rate": 44100,
        "bit_rate": 128074,
        "equal_loudness": 0,
        "length": 45.0612258911,
        "lossless": 0,
        "replay_gain": -3.70978164673,
        "sample_rate": 44100,
        "codec": "mp3",
        "downmix": "mix",
        "md5_encoded": "9e5f6b25e02fda12af783e6a90fa13ca"
    },
    "tags": {
        "file_name": "1170.mp3"
    },
    "version": {
        "essentia": "2.1-beta2",
        "essentia_git_sha": "v2.1_beta2",
        "extractor": "music 1.0"
    }
},
"rhythm": {
    "beats_count": 59,
    "beats_loudness": {
        "mean": 0.0488155446947,
        "var": 0.00636297510937
    },
    "bpm": 79.6084060669,
    "bpm_histogram_first_peak_bpm": {
        "mean": 80,
        "var": 0
    },
    "bpm_histogram_first_peak_spread": {
        "mean": 0.27586209774,
        "var": 0
    },
    "bpm_histogram_first_peak_weight": {
        "mean": 0.72413790226,
        "var": 0
    },
    "bpm_histogram_second_peak_bpm": {
        "mean": 0,
        "var": 0
    },
    "bpm_histogram_second_peak_spread": {
        "mean": 0,
        "var": 0
    },
    "bpm_histogram_second_peak_weight": {
        "mean": 0,
        "var": 0
    },
    "danceability": 1.25400960445,
    "onset_rate": 1.79674422741,
    "beats_loudness_band_ratio": {
        "mean": [0.051933683455, 0.206304505467, 0.599477291107, 0.209545329213, 0.00213525001891, 2.27165255637e-005],
        "var": [0.00917927920818, 0.0614424720407, 0.102568723261, 0.0734872594476, 2.62294861386e-006, 3.97394589458e-010]
    },
    "beats_position": [0.766258478165, 1.53251695633, 2.27555561066, 3.03020405769, 3.78485250473, 4.52789115906, 5.28253936768, 6.03718805313, 6.78022670746, 7.53487491608, 8.28952407837, 9.03256225586, 9.78721046448, 10.5418596268, 11.2848978043, 12.0279359818, 12.7941951752, 13.5372333527, 14.2918815613, 15.0465307236, 15.7895689011, 16.5326080322, 17.2872562408, 18.0419044495, 18.784942627, 19.5395908356, 20.2942390442, 21.037279129, 21.7919273376, 22.5465755463, 23.2896137238, 24.0558719635, 24.8105201721, 25.5651702881, 26.3314285278, 27.0860767365, 27.8523349762, 28.5953731537, 29.3384113312, 30.0698413849, 30.8012695313, 31.5559177399, 32.3105659485, 33.0652160645, 33.843082428, 34.6093406677, 35.3872108459, 36.1534690857, 36.9313354492, 37.7092056274, 38.4522438049, 39.1952819824, 39.9383201599, 40.7045783997, 41.4476165771, 42.2138786316, 42.9801368713, 43.7347831726, 44.4894332886]
},
"tonal": {
    "chords_changes_rate": 0.0164609048516,
    "chords_number_rate": 0.00617283955216,
    "chords_strength": {
        "mean": 0.50442045927,
        "var": 0.0111106531695
    },
    "hpcp_entropy": {
        "mean": 1.26633989811,
        "var": 0.340412646532
    },
    "key_strength": 0.78082883358,
    "tuning_diatonic_strength": 0.485494583845,
    "tuning_equal_tempered_deviation": 0.047622397542,
    "tuning_frequency": 441.782684326,
    "tuning_nontempered_energy_ratio": 0.605399668217,
    "hpcp": {
        "mean": [0.458740442991, 0.202457100153, 0.0951303318143, 0.152292534709, 0.0636152550578, 0.0223388262093, 0.0344526320696, 0.0222323276103, 0.0713832750916, 0.109128952026, 0.0475524254143, 0.00319703342393, 0.00332953524776, 0.0124729173258, 0.165258616209, 0.255016893148, 0.103888116777, 0.00544869806617, 0.0048107970506, 0.0156613923609, 0.116323471069, 0.188338264823, 0.116663999856, 0.195064425468, 0.266595482826, 0.107621408999, 0.0130395898595, 0.0113150347024, 0.0112448306754, 0.128209426999, 0.184177741408, 0.066126473248, 0.00490613142028, 0.00445255311206, 0.00942081492394, 0.269159287214],
        "var": [0.194688469172, 0.0379160866141, 0.0369178280234, 0.0967117249966, 0.0174976792186, 0.0086441077292, 0.0205915328115, 0.00410486292094, 0.0250851511955, 0.0620935074985, 0.0127701675519, 0.000508547469508, 0.000379732082365, 0.000777464476414, 0.0481467880309, 0.112346857786, 0.0207941941917, 0.000541265413631, 0.00060545548331, 0.00423356285319, 0.0427993610501, 0.101888388395, 0.0352070182562, 0.0619882121682, 0.113539926708, 0.0199479404837, 0.00118386466056, 0.000939933059271, 0.000879414030351, 0.0519388392568, 0.102535441518, 0.0130571294576, 0.000231819562032, 0.000202337658266, 0.00125722098164, 0.0693986341357]
    },
    "chords_histogram": [53.2921829224, 8.74485588074, 4.11522626877, 0.102880656719, 6.17283964157, 0, 0, 0, 0, 0, 0, 0, 0, 0, 0, 0, 0, 0, 0, 0, 0, 0, 8.43621444702, 19.1358032227],
    "thpcp": [1, 0.441332578659, 0.207372888923, 0.331979751587, 0.138673737645, 0.0486960038543, 0.0751026719809, 0.0484638474882, 0.155607104301, 0.237888231874, 0.103658676147, 0.00696915527806, 0.0072579937987, 0.0271894875914, 0.360244274139, 0.555906713009, 0.226463824511, 0.0118775181472, 0.0104869697243, 0.0341399870813, 0.253571420908, 0.410555183887, 0.254313737154, 0.425217419863, 0.581146657467, 0.234601959586, 0.0284247659147, 0.0246654395014, 0.0245124027133, 0.27948141098, 0.401485741138, 0.144147902727, 0.0106947869062, 0.009706039913, 0.0205362644047, 0.586735486984],
    "chords_key": "D",
    "chords_scale": "minor",
    "key_key": "D",
    "key_scale": "minor"
}
}