{
"lowlevel": {
    "average_loudness": 0.739681899548,
    "barkbands_crest": {
        "mean": 18.3586273193,
        "var": 21.7410583496
    },
    "barkbands_flatness_db": {
        "mean": 0.666952252388,
        "var": 0.00457346625626
    },
    "barkbands_kurtosis": {
        "mean": 28.5037994385,
        "var": 47052.8554688
    },
    "barkbands_skewness": {
        "mean": 0.325126826763,
        "var": 10.0135259628
    },
    "barkbands_spread": {
        "mean": 0.846823453903,
        "var": 1.007807374
    },
    "dissonance": {
        "mean": 0.243224531412,
        "var": 0.012802252546
    },
    "dynamic_complexity": 5.79956293106,
    "erbbands_crest": {
        "mean": 21.2033748627,
        "var": 20.6607589722
    },
    "erbbands_flatness_db": {
        "mean": 0.538017630577,
        "var": 0.00450427364558
    },
    "erbbands_kurtosis": {
        "mean": 19.5398406982,
        "var": 721.304016113
    },
    "erbbands_skewness": {
        "mean": 1.41090893745,
        "var": 3.23308491707
    },
    "erbbands_spread": {
        "mean": 1.60200285912,
        "var": 4.22230911255
    },
    "hfc": {
        "mean": 3.88948297501,
        "var": 27.7242202759
    },
    "melbands_crest": {
        "mean": 21.6599216461,
        "var": 31.0887546539
    },
    "melbands_flatness_db": {
        "mean": 0.810091018677,
        "var": 0.00550906267017
    },
    "melbands_kurtosis": {
        "mean": 4.95885896683,
        "var": 50.6018447876
    },
    "melbands_skewness": {
        "mean": 0.378976970911,
        "var": 1.11939263344
    },
    "melbands_spread": {
        "mean": 1.0438131094,
        "var": 8.89383602142
    },
    "pitch_salience": {
        "mean": 0.348015755415,
        "var": 0.0210634060204
    },
    "silence_rate_20dB": {
        "mean": 1,
        "var": 0
    },
    "silence_rate_30dB": {
        "mean": 0.992790937424,
        "var": 0.0071567571722
    },
    "silence_rate_60dB": {
        "mean": 0.195159628987,
        "var": 0.157071083784
    },
    "spectral_centroid": {
        "mean": 216.562332153,
        "var": 9715.37597656
    },
    "spectral_complexity": {
        "mean": 2.64624094963,
        "var": 2.6930770874
    },
    "spectral_decrease": {
        "mean": -4.41850245281e-009,
        "var": 2.96686458491e-017
    },
    "spectral_energy": {
        "mean": 0.0170292332768,
        "var": 0.0004412723938
    },
    "spectral_energyband_high": {
        "mean": 1.13472191643e-008,
        "var": 1.49521034117e-014
    },
    "spectral_energyband_low": {
        "mean": 0.00306838448159,
        "var": 1.75087843672e-005
    },
    "spectral_energyband_middle_high": {
        "mean": 8.37539555505e-005,
        "var": 4.05748210142e-007
    },
    "spectral_energyband_middle_low": {
        "mean": 0.0153788514435,
        "var": 0.000430322106695
    },
    "spectral_entropy": {
        "mean": 3.55094385147,
        "var": 0.259373188019
    },
    "spectral_flux": {
        "mean": 0.0206577721983,
        "var": 0.000673949543852
    },
    "spectral_kurtosis": {
        "mean": 339.439605713,
        "var": 53186.8867188
    },
    "spectral_rms": {
        "mean": 0.00348398112692,
        "var": 4.47575212092e-006
    },
    "spectral_rolloff": {
        "mean": 243.053466797,
        "var": 180152.75
    },
    "spectral_skewness": {
        "mean": 15.9041528702,
        "var": 24.9562416077
    },
    "spectral_spread": {
        "mean": 960938.3125,
        "var": 1.91545711002e+012
    },
    "spectral_strongpeak": {
        "mean": 0.687432169914,
        "var": 0.461687594652
    },
    "zerocrossingrate": {
        "mean": 0.00946994032711,
        "var": 0.00013784924522
    },
    "barkbands": {
        "mean": [1.04047273908e-007, 0.00078395876335, 0.000785969081335, 0.00373116717674, 0.0093966955319, 0.00200351048261, 0.000161330259289, 6.25987158855e-005, 1.52916709339e-005, 3.82734724553e-005, 1.99599458028e-006, 4.33660788985e-005, 3.23818852621e-007, 4.52935228168e-006, 9.31963697326e-008, 8.40061975538e-009, 1.39064724181e-008, 5.00430408223e-009, 2.96448754433e-009, 2.06072980902e-009, 1.84147652682e-009, 1.4910600532e-009, 1.24255306044e-009, 1.29582500286e-009, 1.53779233791e-009, 1.88310478322e-009, 1.09305231533e-009],
        "var": [4.26761490729e-012, 1.83706970347e-006, 1.09826123662e-006, 8.26605755719e-005, 0.000240300025325, 4.29249048466e-005, 9.13757901344e-007, 4.17727754609e-008, 2.55577425889e-009, 4.72894896575e-008, 4.94674134988e-010, 2.12266471067e-007, 6.43574473227e-012, 4.73957983971e-009, 1.54074485375e-012, 8.70156607901e-015, 2.82828146618e-014, 1.49857598424e-015, 8.41116210359e-016, 6.74688582845e-016, 6.37718400494e-016, 4.13434266926e-016, 2.88614459497e-016, 2.3590958136e-016, 2.41441527068e-016, 1.75946014676e-016, 6.48913223021e-018]
    },
    "erbbands": {
        "mean": [0.00818612892181, 0.227416321635, 0.888617277145, 6.88550424576, 19.4476070404, 38.9885025024, 21.8469543457, 18.672252655, 6.80968666077, 2.75752043724, 1.29037570953, 0.338278204203, 0.774066746235, 1.14774668217, 0.605480313301, 1.61605191231, 0.101752907038, 0.256126880646, 0.0371654741466, 0.00693343114108, 0.00112905469723, 0.0005606188206, 0.000304489309201, 0.00019267181051, 0.00013161811512, 9.96440576273e-005, 8.32021978567e-005, 7.11048123776e-005, 5.9099169448e-005, 4.78705005662e-005, 4.13957786805e-005, 3.6227505916e-005, 2.9189623092e-005, 2.50642988249e-005, 1.98820580408e-005, 1.42024528031e-005, 8.01783971838e-006, 1.86942600067e-006, 7.83600080467e-006, 1.86642901099e-005],
        "var": [0.000168897706317, 0.138652279973, 0.996543645859, 228.31211853, 1376.82910156, 5710.27978516, 2269.19995117, 4435.41943359, 1164.96325684, 79.5003890991, 22.8557510376, 1.24856305122, 33.6599121094, 40.5870361328, 10.7378873825, 523.071228027, 2.41886544228, 14.3680400848, 0.342860728502, 0.00966618862003, 0.000179797716555, 3.42150633514e-005, 5.16953468832e-006, 2.71903718385e-006, 1.92754237105e-006, 1.54017311615e-006, 1.15858335903e-006, 8.72695693488e-007, 5.50385777842e-007, 3.37354748581e-007, 2.24899750378e-007, 1.28050729131e-007, 5.87888457915e-008, 3.11078132142e-008, 1.20086580679e-008, 3.03550429237e-009, 6.44133135719e-010, 4.54983481446e-011, 9.26111687338e-011, 5.30811616883e-010]
    },
    "gfcc": {
        "mean": [-412.545776367, 216.325073242, 55.7864494324, 10.4366369247, -27.9386787415, -24.7247047424, -30.9257831573, -25.8613796234, -27.8263111115, -22.7024612427, -10.5841712952, -13.0629253387, -4.23474597931],
        "cov": [[6807.38671875, 2225.71435547, -1591.1862793, -3084.41259766, -2070.99121094, -696.60559082, 70.7251205444, -237.846160889, -51.3473091125, -298.874420166, 268.990570068, 220.755889893, 376.017730713], [2225.71435547, 1161.9161377, -341.399200439, -1376.40283203, -923.203430176, -319.350402832, 50.3819847107, -52.808380127, 19.2522277832, -64.7025299072, 189.253341675, 160.771774292, 206.274475098], [-1591.1862793, -341.399200439, 1306.80249023, 1202.15673828, 452.80682373, -106.115951538, -125.053688049, 32.805480957, 48.9001998901, -98.3912658691, -245.796630859, -212.658340454, -80.5821075439], [-3084.41259766, -1376.40283203, 1202.15673828, 2424.27539063, 1395.93945313, 276.705871582, -145.513717651, 89.4684066772, 62.9819450378, 37.554271698, -366.525756836, -334.53704834, -265.750518799], [-2070.99121094, -923.203430176, 452.80682373, 1395.93945313, 1090.16564941, 394.528656006, -45.0225868225, 32.4463272095, 12.5658750534, 105.923576355, -136.848449707, -168.545349121, -208.868606567], [-696.60559082, -319.350402832, -106.115951538, 276.705871582, 394.528656006, 321.411254883, 105.573829651, 49.2650871277, -14.8762893677, 82.4948654175, 12.4315309525, 4.93183422089, -64.0240859985], [70.7251205444, 50.3819847107, -125.053688049, -145.513717651, -45.0225868225, 105.573829651, 155.360473633, 104.131011963, 10.4349164963, 7.09696865082, 13.687245369, 42.194355011, 27.6992931366], [-237.846160889, -52.808380127, 32.805480957, 89.4684066772, 32.4463272095, 49.2650871277, 104.131011963, 168.013824463, 84.9585571289, 48.0681610107, -16.977180481, 16.1651191711, 10.3193712234], [-51.3473091125, 19.2522277832, 48.9001998901, 62.9819450378, 12.5658750534, -14.8762893677, 10.4349164963, 84.9585571289, 107.484428406, 77.7147903442, 12.1969108582, 3.0955824852, 5.92512226105], [-298.874420166, -64.7025299072, -98.3912658691, 37.554271698, 105.923576355, 82.4948654175, 7.09696865082, 48.0681610107, 77.7147903442, 174.11769104, 112.78427124, 62.5022735596, -18.1443786621], [268.990570068, 189.253341675, -245.796630859, -366.525756836, -136.848449707, 12.4315309525, 13.687245369, -16.977180481, 12.1969108582, 112.78427124, 186.952087402, 127.994270325, 25.1499061584], [220.755889893, 160.771774292, -212.658340454, -334.53704834, -168.545349121, 4.93183422089, 42.194355011, 16.1651191711, 3.0955824852, 62.5022735596, 127.994270325, 138.761169434, 71.0593338013], [376.017730713, 206.274475098, -80.5821075439, -265.750518799, -208.868606567, -64.0240859985, 27.6992931366, 10.3193712234, 5.92512226105, -18.1443786621, 25.1499061584, 71.0593338013, 108.662002563]],
        "icov": [[0.00146343326196, -0.00282687880099, 0.00265050027519, -0.0022798627615, 0.00209429161623, -0.000608966860455, -0.000538117601536, 0.00218164385296, -0.00350476009771, 0.00412779254839, -0.00195737089962, 0.00177601911128, 0.000460760085844], [-0.00282687880099, 0.0138056222349, -0.00763596128672, 0.00980619713664, -0.00656969286501, 0.00546764023602, -0.00511311786249, 0.000435640657088, -0.00131857767701, -0.00293639791198, -0.00571026606485, 0.00470297876745, -0.00842210371047], [0.00265050027519, -0.00763596128672, 0.0079552968964, -0.00808494258672, 0.00570179522038, -0.00200359197333, 0.00066603225423, 0.00240917876363, -0.00540224602446, 0.00911599770188, -0.00467580230907, 0.00340022542514, 0.00150627747644], [-0.0022798627615, 0.00980619713664, -0.00808494258672, 0.0147227859125, -0.0152852069587, 0.0129901356995, -0.00753712188452, 0.000941948441323, 0.00290269008838, -0.0112585639581, 0.011094160378, -0.00606168992817, -0.00125190766994], [0.00209429161623, -0.00656969286501, 0.00570179522038, -0.0152852069587, 0.0264536682516, -0.0288058742881, 0.021063581109, -0.00763261877, -0.00256149913184, 0.013534616679, -0.0184983313084, 0.0161517914385, -0.0025793868117], [-0.000608966860455, 0.00546764023602, -0.00200359197333, 0.0129901356995, -0.0288058742881, 0.0486855730414, -0.0455187298357, 0.0240896902978, -1.29913451019e-005, -0.0211963336915, 0.0261107571423, -0.0222681667656, 0.00962289143354], [-0.000538117601536, -0.00511311786249, 0.00066603225423, -0.00753712188452, 0.021063581109, -0.0455187298357, 0.069565422833, -0.0521254353225, 0.0224073678255, 0.0152534358203, -0.0254601407796, 0.0255269892514, -0.0149608403444], [0.00218164385296, 0.000435640657088, 0.00240917876363, 0.000941948441323, -0.00763261877, 0.0240896902978, -0.0521254353225, 0.061637416482, -0.0426848605275, -0.00103369972203, 0.0278029367328, -0.0343897454441, 0.0208791885525], [-0.00350476009771, -0.00131857767701, -0.00540224602446, 0.00290269008838, -0.00256149913184, -1.29913451019e-005, 0.0224073678255, -0.0426848605275, 0.0699132755399, -0.0417174696922, 0.00830752775073, 0.0169008839875, -0.0126190325245], [0.00412779254839, -0.00293639791198, 0.00911599770188, -0.0112585639581, 0.013534616679, -0.0211963336915, 0.0152534358203, -0.00103369972203, -0.0417174696922, 0.0653429552913, -0.0521744005382, 0.0197536796331, -0.00740348547697], [-0.00195737089962, -0.00571026606485, -0.00467580230907, 0.011094160378, -0.0184983313084, 0.0261107571423, -0.0254601407796, 0.0278029367328, 0.00830752775073, -0.0521744005382, 0.0987554043531, -0.0808000415564, 0.0457722991705], [0.00177601911128, 0.00470297876745, 0.00340022542514, -0.00606168992817, 0.0161517914385, -0.0222681667656, 0.0255269892514, -0.0343897454441, 0.0169008839875, 0.0197536796331, -0.0808000415564, 0.100951842964, -0.0576309449971], [0.000460760085844, -0.00842210371047, 0.00150627747644, -0.00125190766994, -0.0025793868117, 0.00962289143354, -0.0149608403444, 0.0208791885525, -0.0126190325245, -0.00740348547697, 0.0457722991705, -0.0576309449971, 0.0507396198809]]
    },
    "melbands": {
        "mean": [0.000150488966028, 0.000400675955461, 0.00159516220447, 0.00203609908931, 0.0010669460753, 0.000389294320485, 0.000101111341792, 2.48030828516e-005, 8.21072535473e-006, 2.05955689125e-006, 3.96546010961e-006, 4.95712083648e-006, 9.85315409707e-007, 5.48670323042e-006, 1.22986728002e-006, 4.90907368089e-008, 5.64565141303e-007, 5.83654085062e-008, 6.48322817653e-009, 4.48090409222e-009, 9.66815960624e-010, 6.93421320364e-010, 2.76897116347e-010, 2.21719170801e-010, 1.45074105506e-010, 1.07021350115e-010, 7.66412280861e-011, 6.07144959308e-011, 5.07745998024e-011, 4.43594501409e-011, 3.76192202389e-011, 3.20183601854e-011, 2.61163955045e-011, 2.24687993905e-011, 2.01218538359e-011, 1.90879985429e-011, 1.68343550905e-011, 1.45138415175e-011, 1.39809396699e-011, 1.36591241789e-011],
        "var": [6.55269261074e-008, 2.15885449961e-007, 1.13706209959e-005, 1.18759962788e-005, 4.22181892645e-006, 1.95579582396e-006, 2.2681979317e-007, 6.60708687761e-009, 1.20623233624e-009, 5.17867242145e-011, 8.26029189493e-010, 7.77866104862e-010, 2.38525223878e-011, 2.84243828474e-009, 5.80541059669e-010, 1.05245890128e-013, 7.40615832551e-011, 8.9785535777e-013, 7.45751269575e-015, 3.74537555782e-015, 1.36556534174e-016, 6.33387282806e-017, 5.26708371737e-018, 3.36793452e-018, 1.6281986397e-018, 1.22634519914e-018, 8.40756766055e-019, 6.41534192931e-019, 4.23202196693e-019, 4.02999731948e-019, 2.64447780677e-019, 1.88931063362e-019, 1.27916644567e-019, 9.51306559791e-020, 7.71976452552e-020, 6.20326393549e-020, 4.21588335006e-020, 3.04691041593e-020, 2.21558824576e-020, 2.21182796671e-020]
    },
    "mfcc": {
        "mean": [-1001.87658691, 170.796325684, 118.742774963, 65.6837615967, 30.123418808, 12.5322036743, 4.12533521652, -2.31622815132, -8.49741649628, -12.8129615784, -14.139081955, -13.0675592422, -10.8458108902],
        "cov": [[2260.99145508, 2205.32446289, 197.989990234, -1240.18774414, -1482.86206055, -991.10357666, -456.957122803, -210.384902954, -202.194122314, -226.260681152, -164.562515259, -44.5832443237, 82.3349761963], [2205.32446289, 2243.92016602, 377.762939453, -1073.79736328, -1440.07312012, -1040.92919922, -509.073944092, -220.503097534, -182.682327271, -211.941329956, -175.629623413, -71.8135223389, 56.104598999], [197.989990234, 377.762939453, 454.386413574, 279.937957764, -33.9827804565, -220.132492065, -191.036224365, -63.94165802, 21.2621803284, 14.3111009598, -39.385471344, -67.5683898926, -56.0136566162], [-1240.18774414, -1073.79736328, 279.937957764, 1125.45251465, 1051.9407959, 524.32800293, 126.864006042, 51.5395965576, 139.825515747, 170.891937256, 89.1996688843, -20.9662780762, -107.096618652], [-1482.86206055, -1440.07312012, -33.9827804565, 1051.9407959, 1256.07043457, 819.771484375, 315.549804688, 92.94972229, 114.968589783, 167.751235962, 132.907516479, 35.3272209167, -76.1258621216], [-991.10357666, -1040.92919922, -220.132492065, 524.32800293, 819.771484375, 670.890319824, 345.315673828, 110.293838501, 49.1956634521, 78.7526168823, 92.0190658569, 50.2348899841, -26.4813861847], [-456.957122803, -509.073944092, -191.036224365, 126.864006042, 315.549804688, 345.315673828, 260.013305664, 140.473724365, 59.7303848267, 35.7868919373, 33.9078712463, 18.9740943909, -9.55660438538], [-210.384902954, -220.503097534, -63.94165802, 51.5395965576, 92.94972229, 110.293838501, 140.473724365, 163.431671143, 144.406433105, 83.4680786133, 16.9492988586, -18.993888855, -21.6721763611], [-202.194122314, -182.682327271, 21.2621803284, 139.825515747, 114.968589783, 49.1956634521, 59.7303848267, 144.406433105, 198.310256958, 149.64050293, 45.4099082947, -21.8125591278, -29.8948249817], [-226.260681152, -211.941329956, 14.3111009598, 170.891937256, 167.751235962, 78.7526168823, 35.7868919373, 83.4680786133, 149.64050293, 148.997329712, 83.900642395, 19.6472358704, -9.26087379456], [-164.562515259, -175.629623413, -39.385471344, 89.1996688843, 132.907516479, 92.0190658569, 33.9078712463, 16.9492988586, 45.4099082947, 83.900642395, 95.5746688843, 72.9111709595, 36.6230964661], [-44.5832443237, -71.8135223389, -67.5683898926, -20.9662780762, 35.3272209167, 50.2348899841, 18.9740943909, -18.993888855, -21.8125591278, 19.6472358704, 72.9111709595, 95.791633606, 80.680847168], [82.3349761963, 56.104598999, -56.0136566162, -107.096618652, -76.1258621216, -26.4813861847, -9.55660438538, -21.6721763611, -29.8948249817, -9.26087379456, 36.6230964661, 80.680847168, 99.7364578247]],
        "icov": [[-21.9916553497, 39.5981216431, -64.0097808838, 100.201034546, -139.877532959, 171.089004517, -182.328781128, 168.007034302, -131.937774658, 85.9655761719, -44.2629928589, 16.2832794189, -3.25874423981], [39.5981216431, -71.2553634644, 115.123634338, -180.233139038, 251.70223999, -307.978790283, 328.281860352, -302.494842529, 237.512145996, -154.710861206, 79.6364059448, -29.2930850983, 5.86492586136], [-64.0097808838, 115.123634338, -185.852523804, 290.832794189, -406.082092285, 496.870269775, -529.684082031, 488.193572998, -383.466888428, 249.940292358, -128.788406372, 47.4557914734, -9.52754974365], [100.201034546, -180.233139038, 290.832794189, -454.578765869, 633.936767578, -775.005187988, 825.98260498, -761.593200684, 598.863098145, -391.027740479, 202.012023926, -74.7013244629, 15.0687417984], [-139.877532959, 251.70223999, -406.082092285, 633.936767578, -882.705871582, 1077.80700684, -1147.9979248, 1058.61462402, -833.077880859, 544.724304199, -281.976226807, 104.527633667, -21.1410331726], [171.089004517, -307.978790283, 496.870269775, -775.005187988, 1077.80700684, -1314.47521973, 1398.83825684, -1289.28796387, 1014.4810791, -663.415771484, 343.468688965, -127.311676025, 25.732591629], [-182.328781128, 328.281860352, -529.684082031, 825.98260498, -1147.9979248, 1398.83825684, -1486.89379883, 1368.52587891, -1074.97485352, 701.386779785, -361.949859619, 133.503845215, -26.7882213593], [168.007034302, -302.494842529, 488.193572998, -761.593200684, 1058.61462402, -1289.28796387, 1368.52587891, -1256.3918457, 983.081298828, -637.851379395, 326.519866943, -119.019645691, 23.4808635712], [-131.937774658, 237.512145996, -383.466888428, 598.863098145, -833.077880859, 1014.4810791, -1074.97485352, 983.081298828, -764.164978027, 490.833190918, -247.528427124, 88.2212524414, -16.8308620453], [85.9655761719, -154.710861206, 249.940292358, -391.027740479, 544.724304199, -663.415771484, 701.386779785, -637.851379395, 490.833190918, -310.125854492, 152.358230591, -52.0215415955, 9.24110221863], [-44.2629928589, 79.6364059448, -128.788406372, 202.012023926, -281.976226807, 343.468688965, -361.949859619, 326.519866943, -247.528427124, 152.358230591, -71.4346313477, 22.30809021, -3.2884683609], [16.2832794189, -29.2930850983, 47.4557914734, -74.7013244629, 104.527633667, -127.311676025, 133.503845215, -119.019645691, 88.2212524414, -52.0215415955, 22.30809021, -5.53500699997, 0.282478988171], [-3.25874423981, 5.86492586136, -9.52754974365, 15.0687417984, -21.1410331726, 25.732591629, -26.7882213593, 23.4808635712, -16.8308620453, 9.24110221863, -3.2884683609, 0.282478988171, 0.254653781652]]
    },
    "spectral_contrast_coeffs": {
        "mean": [-0.483625233173, -0.648994982243, -0.804990291595, -0.906310021877, -0.910757184029, -0.927623987198],
        "var": [0.0123444143683, 0.0231747590005, 0.0160160288215, 0.00343504105695, 0.00064678437775, 0.000584108987823]
    },
    "spectral_contrast_valleys": {
        "mean": [-8.63255310059, -10.476644516, -11.9736680984, -12.9206590652, -13.4423141479, -14.6856222153],
        "var": [1.37510001659, 1.94167840481, 1.43211817741, 0.840672850609, 0.39233520627, 0.815721929073]
    }
},
"metadata": {
    "audio_properties": {
        "analysis_sample_rate": 44100,
        "bit_rate": 128074,
        "equal_loudness": 0,
        "length": 45.0612258911,
        "lossless": 0,
        "replay_gain": -5.78791236877,
        "sample_rate": 44100,
        "codec": "mp3",
        "downmix": "mix",
        "md5_encoded": "d17bc462fab35c0162b5ec9b84ffb0de"
    },
    "tags": {
        "file_name": "1171.mp3"
    },
    "version": {
        "essentia": "2.1-beta2",
        "essentia_git_sha": "v2.1_beta2",
        "extractor": "music 1.0"
    }
},
"rhythm": {
    "beats_count": 90,
    "beats_loudness": {
        "mean": 0.0251301638782,
        "var": 0.000700833741575
    },
    "bpm": 120.514320374,
    "bpm_histogram_first_peak_bpm": {
        "mean": 120,
        "var": 0
    },
    "bpm_histogram_first_peak_spread": {
        "mean": 0.632352948189,
        "var": 0
    },
    "bpm_histogram_first_peak_weight": {
        "mean": 0.280898869038,
        "var": 0
    },
    "bpm_histogram_second_peak_bpm": {
        "mean": 126,
        "var": 0
    },
    "bpm_histogram_second_peak_spread": {
        "mean": 0.230769187212,
        "var": 0
    },
    "bpm_histogram_second_peak_weight": {
        "mean": 0.112359553576,
        "var": 0
    },
    "danceability": 0.949084937572,
    "onset_rate": 1.37528574467,
    "beats_loudness_band_ratio": {
        "mean": [0.586781382561, 0.49105861783, 0.0139974569902, 0.00397678464651, 8.92227490112e-006, 1.6948810071e-006],
        "var": [0.131136253476, 0.105268120766, 0.00267008994706, 0.000336835975759, 4.58003102111e-009, 2.36335638559e-011]
    },
    "beats_position": [0.429569154978, 0.882358253002, 1.34675729275, 1.79954648018, 2.27555561066, 2.76317453384, 3.25079369545, 3.73841261864, 4.22603178024, 4.71365070343, 5.17804956436, 5.65405893326, 6.14167785645, 6.6176867485, 7.10530614853, 7.60453510284, 8.10376358032, 8.6146030426, 9.12544155121, 9.63628101349, 10.1587295532, 10.6811790466, 11.1804075241, 11.6796369553, 12.1788663864, 12.689704895, 13.1889343262, 13.6997728348, 14.1873922348, 14.6750106812, 15.1858501434, 15.696688652, 16.2075271606, 16.7183666229, 17.2292060852, 17.7284355164, 18.2276649475, 18.7268924713, 19.2261219025, 19.7253513336, 20.2245807648, 20.7238082886, 21.2230377197, 21.7454872131, 22.2447166443, 22.7439460754, 23.2547836304, 23.7656230927, 24.2532424927, 24.7524719238, 25.2400894165, 25.7160987854, 26.1921081543, 26.6565074921, 27.1789569855, 27.7246246338, 28.2354640961, 28.7463035583, 29.2571430206, 29.7679805756, 30.2555999756, 30.7432193756, 31.2192287445, 31.7184581757, 32.2176856995, 32.6936950684, 33.1813163757, 33.6689338684, 34.1449432373, 34.63256073, 35.1085700989, 35.5961914063, 36.0838088989, 36.5714263916, 37.059047699, 37.5466651917, 38.034286499, 38.5102958679, 38.9979133606, 39.4855308533, 39.9847602844, 40.4723815918, 40.9716110229, 41.4708366394, 41.981678009, 42.5041275024, 43.0149650574, 43.5141944885, 44.0134239197, 44.5126533508]
},
"tonal": {
    "chords_changes_rate": 0.0432098768651,
    "chords_number_rate": 0.00925925932825,
    "chords_strength": {
        "mean": 0.465078473091,
        "var": 0.00677208090201
    },
    "hpcp_entropy": {
        "mean": 1.48905777931,
        "var": 0.544763863087
    },
    "key_strength": 0.662254452705,
    "tuning_diatonic_strength": 0.476081848145,
    "tuning_equal_tempered_deviation": 0.0383420363069,
    "tuning_frequency": 440.254241943,
    "tuning_nontempered_energy_ratio": 0.602255284786,
    "hpcp": {
        "mean": [0.144421204925, 0.0468767806888, 0.000927420973312, 0.001803058316, 0.0101153291762, 0.189060121775, 0.328409969807, 0.149890378118, 0.00257518817671, 0.00146034290083, 0.000936377677135, 0.0272882636636, 0.0595020875335, 0.0353498347104, 0.142933547497, 0.300151020288, 0.170112073421, 0.0115335108712, 0.00208502146415, 0.0125951739028, 0.147144049406, 0.240506470203, 0.112526237965, 0.00852046906948, 0.00284963496961, 0.0118815712631, 0.210592672229, 0.315470278263, 0.125076919794, 0.0985190421343, 0.131294861436, 0.0442578494549, 0.0021479728166, 0.000819017062895, 0.009884506464, 0.107551760972],
        "var": [0.0704505220056, 0.00794065184891, 0.000149997780682, 0.000458731054096, 0.00359729374759, 0.0684827193618, 0.193288162351, 0.0445595681667, 0.000628086563665, 0.000957427371759, 0.000309803755954, 0.0101553518325, 0.048425603658, 0.0150691410527, 0.0339775756001, 0.141712799668, 0.050123155117, 0.00434466544539, 0.000714644556865, 0.00214020186104, 0.0672459155321, 0.147627145052, 0.0408149138093, 0.0030958794523, 0.00125986034982, 0.00315519212745, 0.08568046242, 0.192368716002, 0.0263251606375, 0.0481083095074, 0.0803366303444, 0.01069371216, 0.000701670069247, 5.50701879547e-005, 0.00117591104936, 0.0417357943952]
    },
    "chords_histogram": [30.5555553436, 10.3909463882, 16.563785553, 8.95061683655, 2.36625504494, 0, 0, 0, 0, 0.925925910473, 0, 0, 0, 0, 0, 0, 0, 0, 0, 0, 1.23456788063, 2.57201647758, 19.855966568, 6.58436203003],
    "thpcp": [1, 0.456412374973, 0.00784138217568, 0.0044467067346, 0.00285124615766, 0.083092071116, 0.181182339787, 0.107639349997, 0.435229003429, 0.913952231407, 0.517986953259, 0.0351192466915, 0.00634883716702, 0.038351982832, 0.448049873114, 0.732336103916, 0.342639535666, 0.0259446110576, 0.00867706630379, 0.0361790806055, 0.641249299049, 0.960598945618, 0.38085603714, 0.299987971783, 0.399789512157, 0.134764030576, 0.00654052244499, 0.00249388604425, 0.0300980713218, 0.327492386103, 0.439758896828, 0.142738610506, 0.00282397330739, 0.00549026671797, 0.0308009199798, 0.575683236122],
    "chords_key": "B",
    "chords_scale": "minor",
    "key_key": "B",
    "key_scale": "minor"
}
}