{
"lowlevel": {
    "average_loudness": 0.327099472284,
    "barkbands_crest": {
        "mean": 13.8321485519,
        "var": 27.8654212952
    },
    "barkbands_flatness_db": {
        "mean": 0.251633644104,
        "var": 0.00639751693234
    },
    "barkbands_kurtosis": {
        "mean": 14.4867858887,
        "var": 1020.42871094
    },
    "barkbands_skewness": {
        "mean": 2.51403999329,
        "var": 4.5556230545
    },
    "barkbands_spread": {
        "mean": 11.0451984406,
        "var": 118.866889954
    },
    "dissonance": {
        "mean": 0.43610906601,
        "var": 0.00187287270091
    },
    "dynamic_complexity": 7.46223640442,
    "erbbands_crest": {
        "mean": 11.0682401657,
        "var": 25.0420951843
    },
    "erbbands_flatness_db": {
        "mean": 0.22818993032,
        "var": 0.00310264201835
    },
    "erbbands_kurtosis": {
        "mean": 0.806359469891,
        "var": 20.8952484131
    },
    "erbbands_skewness": {
        "mean": 0.566691875458,
        "var": 0.768376469612
    },
    "erbbands_spread": {
        "mean": 30.1714363098,
        "var": 340.153808594
    },
    "hfc": {
        "mean": 8.98189735413,
        "var": 335.265441895
    },
    "melbands_crest": {
        "mean": 18.9216175079,
        "var": 38.7733879089
    },
    "melbands_flatness_db": {
        "mean": 0.339119762182,
        "var": 0.0118435164914
    },
    "melbands_kurtosis": {
        "mean": 28.4034843445,
        "var": 2785.11645508
    },
    "melbands_skewness": {
        "mean": 3.40320324898,
        "var": 6.95719194412
    },
    "melbands_spread": {
        "mean": 12.5325021744,
        "var": 216.129257202
    },
    "pitch_salience": {
        "mean": 0.450308740139,
        "var": 0.0205502528697
    },
    "silence_rate_20dB": {
        "mean": 0.995365619659,
        "var": 0.0046129161492
    },
    "silence_rate_30dB": {
        "mean": 0.938722968102,
        "var": 0.0575221851468
    },
    "silence_rate_60dB": {
        "mean": 0.229660138488,
        "var": 0.176916211843
    },
    "spectral_centroid": {
        "mean": 892.128051758,
        "var": 493374.5625
    },
    "spectral_complexity": {
        "mean": 8.38980388641,
        "var": 34.9051895142
    },
    "spectral_decrease": {
        "mean": -6.94644697319e-009,
        "var": 1.88905909936e-016
    },
    "spectral_energy": {
        "mean": 0.02703217417,
        "var": 0.00278313830495
    },
    "spectral_energyband_high": {
        "mean": 0.00010689447663,
        "var": 2.23947338895e-007
    },
    "spectral_energyband_low": {
        "mean": 0.0176859721541,
        "var": 0.00231779390015
    },
    "spectral_energyband_middle_high": {
        "mean": 0.00276816287078,
        "var": 0.000108047475806
    },
    "spectral_energyband_middle_low": {
        "mean": 0.00746255693957,
        "var": 0.000200691152713
    },
    "spectral_entropy": {
        "mean": 6.67618370056,
        "var": 0.355243653059
    },
    "spectral_flux": {
        "mean": 0.0439935997128,
        "var": 0.00340508040972
    },
    "spectral_kurtosis": {
        "mean": 14.8606853485,
        "var": 173.73475647
    },
    "spectral_rms": {
        "mean": 0.00396975735202,
        "var": 1.06138468254e-005
    },
    "spectral_rolloff": {
        "mean": 829.4140625,
        "var": 1622905.5
    },
    "spectral_skewness": {
        "mean": 2.48166131973,
        "var": 1.44365417957
    },
    "spectral_spread": {
        "mean": 2881447.5,
        "var": 4.11204295066e+012
    },
    "spectral_strongpeak": {
        "mean": 0.734463214874,
        "var": 1.41824746132
    },
    "zerocrossingrate": {
        "mean": 0.0328475981951,
        "var": 0.00127568643074
    },
    "barkbands": {
        "mean": [0.0003281798854, 0.0123467156664, 0.00424126116559, 0.00162128685042, 0.00110906350892, 0.000640317972284, 0.000800230365712, 0.00145460746717, 0.00132295547519, 0.00120327924378, 0.000483376818011, 0.00024026009487, 0.00015697501658, 0.000168709506397, 0.000274600548437, 0.000179272828973, 0.000111071654828, 6.32583469269e-005, 0.000118371397548, 9.54302304308e-005, 3.43798528775e-005, 1.80690185516e-005, 7.17725561117e-006, 8.91649870027e-006, 2.59051876128e-006, 1.55245390943e-006, 3.02060470858e-007],
        "var": [7.02490922322e-007, 0.00147151493002, 0.000190280043171, 2.1104931875e-005, 5.21647234564e-006, 3.26173767462e-006, 7.3767619142e-006, 4.83158873976e-005, 2.36253454204e-005, 5.09432247782e-005, 8.44348869578e-006, 4.6336581363e-006, 8.48670936193e-007, 1.3978806237e-006, 3.62531363862e-006, 2.46215108746e-007, 2.83674040702e-007, 5.30858557113e-008, 1.65315483969e-007, 2.54391125054e-007, 2.81109731048e-008, 1.14174003585e-008, 1.02570019145e-009, 2.96604629746e-009, 1.45825240772e-010, 5.54924890761e-011, 2.42606954491e-012]
    },
    "erbbands": {
        "mean": [0.324247300625, 2.83025360107, 5.34374141693, 5.15864896774, 4.83796644211, 3.25645828247, 3.93901801109, 5.15860509872, 11.0314407349, 18.8755474091, 32.3225631714, 33.5630645752, 38.0879325867, 28.038942337, 20.4836959839, 10.2642822266, 8.2672290802, 8.78679943085, 11.3560609818, 14.0458688736, 8.30119800568, 5.43683815002, 3.23483872414, 5.90514087677, 5.71947050095, 4.65885972977, 1.78045487404, 1.20662927628, 0.739889502525, 0.291139930487, 0.210758447647, 0.211591109633, 0.119520269334, 0.0408614985645, 0.0139786098152, 0.00718087004498, 0.0029427614063, 0.000769071513787, 3.63599283446e-005, 3.07029222313e-005],
        "var": [0.830661773682, 91.2186508179, 324.02935791, 245.540893555, 186.754516602, 62.3875007629, 114.961715698, 221.243774414, 1278.64782715, 3225.58276367, 33528.1210938, 12799.9599609, 63765.7226563, 29675.0390625, 14063.3671875, 8278.49121094, 2066.18505859, 3324.86865234, 9041.6015625, 2710.78344727, 621.554443359, 491.809997559, 145.002380371, 357.099853516, 450.152587891, 637.134216309, 76.4662322998, 44.9936065674, 19.0370330811, 2.0954477787, 0.885065197945, 1.40252196789, 0.559445023537, 0.0500746145844, 0.00359767768532, 0.00148422899656, 0.000207089426112, 1.41423743116e-005, 1.62501940792e-008, 3.41096573209e-009]
    },
    "gfcc": {
        "mean": [-150.065841675, 138.645629883, -119.811141968, 11.1248149872, -37.1213340759, -5.26522684097, -28.3601493835, 10.0629291534, -13.5485811234, 0.16588614881, -12.4902610779, -9.3172454834, -9.5235080719],
        "cov": [[13378.3916016, 1099.50744629, -1203.60900879, 1103.34082031, 155.23034668, 17.1984825134, 1140.15917969, 442.110748291, 665.852355957, -44.8301506042, -7.53658819199, -513.880126953, -24.4577407837], [1099.50744629, 2775.6262207, 1066.53198242, 12.424744606, 1091.4161377, 156.664886475, 380.787109375, 54.3481864929, 268.285339355, -336.124969482, 280.614349365, -134.109848022, 80.7021255493], [-1203.60900879, 1066.53198242, 2521.81811523, 1111.45654297, 919.4921875, 750.409667969, 393.678955078, 218.970245361, 170.434906006, -66.6015319824, 57.6426200867, -35.8472099304, -88.0864486694], [1103.34082031, 12.424744606, 1111.45654297, 1421.62487793, 504.847747803, 567.64251709, 436.042449951, 327.022857666, 278.327636719, 101.433013916, -18.6237888336, -243.352432251, -147.283996582], [155.23034668, 1091.4161377, 919.4921875, 504.847747803, 916.864379883, 396.456726074, 356.637481689, 161.755874634, 204.123901367, -92.091583252, 97.7998733521, -150.082717896, -54.6578178406], [17.1984825134, 156.664886475, 750.409667969, 567.64251709, 396.456726074, 628.43371582, 221.95513916, 118.452217102, 154.572067261, 44.5723953247, 2.58358359337, -96.1415634155, -42.4983406067], [1140.15917969, 380.787109375, 393.678955078, 436.042449951, 356.637481689, 221.95513916, 442.088562012, 211.954284668, 173.328567505, 30.865196228, 30.2705688477, -80.1546707153, -43.7925834656], [442.110748291, 54.3481864929, 218.970245361, 327.022857666, 161.755874634, 118.452217102, 211.954284668, 272.845001221, 147.042755127, 29.8929042816, 8.62552833557, -36.7950210571, -41.5472640991], [665.852355957, 268.285339355, 170.434906006, 278.327636719, 204.123901367, 154.572067261, 173.328567505, 147.042755127, 255.510055542, 60.5910491943, 66.9263687134, -100.499160767, 2.81032395363], [-44.8301506042, -336.124969482, -66.6015319824, 101.433013916, -92.091583252, 44.5723953247, 30.865196228, 29.8929042816, 60.5910491943, 183.015167236, 7.07490491867, 3.33823728561, 4.43505430222], [-7.53658819199, 280.614349365, 57.6426200867, -18.6237888336, 97.7998733521, 2.58358359337, 30.2705688477, 8.62552833557, 66.9263687134, 7.07490491867, 153.018005371, 32.6003227234, 41.1011428833], [-513.880126953, -134.109848022, -35.8472099304, -243.352432251, -150.082717896, -96.1415634155, -80.1546707153, -36.7950210571, -100.499160767, 3.33823728561, 32.6003227234, 212.913421631, 54.5185394287], [-24.4577407837, 80.7021255493, -88.0864486694, -147.283996582, -54.6578178406, -42.4983406067, -43.7925834656, -41.5472640991, 2.81032395363, 4.43505430222, 41.1011428833, 54.5185394287, 115.272338867]],
        "icov": [[0.000220691406867, -0.000321714498568, 0.000408802501624, -0.000505709438585, 0.000419833755586, -5.87232934777e-005, -0.000589122297242, 0.000312155752908, -0.000326773588313, 0.000263956229901, 0.000412141351262, -0.000298115366604, -3.72760496248e-006], [-0.000321714498568, 0.00252652750351, -0.00145219522528, 0.00189471489284, -0.0019634461496, 0.00103560916614, -0.000416898255935, 0.000479943235405, -0.001180883497, 0.00220739305951, -0.00223248684779, 0.00179490190931, -0.00116952357348], [0.000408802501624, -0.00145219522528, 0.00224381941371, -0.00224577728659, 0.000497510249261, -0.000983967911452, -0.000302575586829, 0.000544840469956, 5.42553279956e-005, -0.000102301259176, 0.00168342643883, -0.00259779836051, 0.000534188933671], [-0.000505709438585, 0.00189471489284, -0.00224577728659, 0.00420773774385, -0.0011623193277, 1.50490322994e-005, 3.52529491465e-006, -0.0015773390187, 0.00011599620484, -0.000149820378283, -0.00217867968604, 0.00367070012726, 0.000157256421517], [0.000419833755586, -0.0019634461496, 0.000497510249261, -0.0011623193277, 0.00504915509373, -0.00149685854558, -0.00185252144001, -7.13374101906e-005, 0.000136842776556, 0.000469467631774, -5.36776024092e-005, 0.000448933278676, 0.00125694414601], [-5.87232934777e-005, 0.00103560916614, -0.000983967911452, 1.50490322994e-005, -0.00149685854558, 0.0038007250987, -0.000484085583594, 0.00103249424137, -0.00161110935733, 0.000292584649287, 0.000226846008445, 0.000437279843027, -0.000850124110002], [-0.000589122297242, -0.000416898255935, -0.000302575586829, 3.52529491465e-006, -0.00185252144001, -0.000484085583594, 0.00751085579395, -0.00361933978274, 0.00132197840139, -0.00296561792493, 0.000257788255112, -0.000603939639404, 0.00070779240923], [0.000312155752908, 0.000479943235405, 0.000544840469956, -0.0015773390187, -7.13374101906e-005, 0.00103249424137, -0.00361933978274, 0.00969942379743, -0.00626105861738, 0.00279521686025, 0.00186376320198, -0.00364671391435, 0.00170424452517], [-0.000326773588313, -0.001180883497, 5.42553279956e-005, 0.00011599620484, 0.000136842776556, -0.00161110935733, 0.00132197840139, -0.00626105861738, 0.0139266727492, -0.00552011467516, -0.00412160390988, 0.0053289430216, -0.00251435651444], [0.000263956229901, 0.00220739305951, -0.000102301259176, -0.000149820378283, 0.000469467631774, 0.000292584649287, -0.00296561792493, 0.00279521686025, -0.00552011467516, 0.0117627577856, -0.00162108673248, -0.000618314661551, -0.000995243783109], [0.000412141351262, -0.00223248684779, 0.00168342643883, -0.00217867968604, -5.36776024092e-005, 0.000226846008445, 0.000257788255112, 0.00186376320198, -0.00412160390988, -0.00162108673248, 0.0129378736019, -0.005856402684, -0.000699449621607], [-0.000298115366604, 0.00179490190931, -0.00259779836051, 0.00367070012726, 0.000448933278676, 0.000437279843027, -0.000603939639404, -0.00364671391435, 0.0053289430216, -0.000618314661551, -0.005856402684, 0.0129495896399, -0.00392720801756], [-3.72760496248e-006, -0.00116952357348, 0.000534188933671, 0.000157256421517, 0.00125694414601, -0.000850124110002, 0.00070779240923, 0.00170424452517, -0.00251435651444, -0.000995243783109, -0.000699449621607, -0.00392720801756, 0.0134743312374]]
    },
    "melbands": {
        "mean": [0.00321464682929, 0.00325950980186, 0.000945876701735, 0.000274689082289, 0.000138966424856, 0.000122439159895, 0.000169246530277, 0.0002234953281, 0.000259613298113, 0.000206152151804, 0.00018570847169, 0.000114216018119, 6.59614961478e-005, 3.23569365719e-005, 2.61052609858e-005, 1.37922315844e-005, 1.61818479683e-005, 1.6179830709e-005, 1.91059953067e-005, 1.84080072358e-005, 8.14941631688e-006, 6.39977133687e-006, 3.19463129017e-006, 3.03799674839e-006, 4.97123301102e-006, 4.21627555625e-006, 4.14008309235e-006, 2.73433056464e-006, 1.16133549e-006, 7.71517420617e-007, 6.6267409693e-007, 4.73777987509e-007, 2.29603330126e-007, 1.31374193302e-007, 1.2033439134e-007, 1.17770802888e-007, 1.3728951842e-007, 9.02182861751e-008, 5.64638540368e-008, 2.69429474287e-008],
        "var": [9.17227225727e-005, 0.000109871296445, 6.57172313367e-006, 4.22368827913e-007, 1.17665983623e-007, 1.4353572908e-007, 3.20083501038e-007, 4.52726425237e-007, 1.96006499209e-006, 5.96937070441e-007, 1.57835245318e-006, 5.32668650521e-007, 1.30535568132e-007, 4.88495501827e-008, 5.72904887974e-008, 3.86545506714e-009, 1.07560937934e-008, 1.99289615921e-008, 1.96281231268e-008, 2.02527217219e-009, 1.16000598016e-009, 8.02403699041e-010, 2.30109153954e-010, 1.1288769225e-010, 2.77541073457e-010, 2.34977509672e-010, 3.82241460706e-010, 2.42704856213e-010, 3.64541487274e-011, 1.52820291144e-011, 1.51537688647e-011, 9.3866026063e-012, 1.43755005729e-012, 4.32340984844e-013, 3.09067658619e-013, 3.03674240702e-013, 7.36905653685e-013, 3.18873535432e-013, 1.42661571575e-013, 1.81559564068e-014]
    },
    "mfcc": {
        "mean": [-795.458496094, 170.469543457, -15.7270965576, 22.2010135651, 6.87564277649, -4.08253479004, -1.84366607666, 0.833829343319, 1.33964645863, 11.3023881912, 0.960906565189, -1.94353199005, 2.65952801704],
        "cov": [[11325.8564453, 955.547912598, -1471.81518555, 893.983093262, -585.247619629, 0.748300254345, 189.215896606, 377.216552734, 400.192016602, 711.86529541, 217.756164551, 125.823661804, 251.869277954], [955.547912598, 3026.29150391, 170.593048096, 47.5629501343, 599.353637695, 60.7515640259, 303.038085938, 387.827362061, 45.1718711853, -25.3570957184, 47.385925293, -95.4334335327, 215.807846069], [-1471.81518555, 170.593048096, 1972.0168457, 669.17565918, 781.951049805, 641.863586426, 415.391418457, 406.12487793, 283.014373779, 84.6195297241, 165.328872681, 225.784088135, -5.38946437836], [893.983093262, 47.5629501343, 669.17565918, 948.779907227, 401.955871582, 339.333526611, 355.230743408, 310.145843506, 269.276611328, 322.239654541, 207.745254517, 203.293045044, 62.8394699097], [-585.247619629, 599.353637695, 781.951049805, 401.955871582, 794.394836426, 431.956268311, 322.523681641, 306.699310303, 188.579360962, 168.790359497, 140.396499634, 130.127700806, 26.0000247955], [0.748300254345, 60.7515640259, 641.863586426, 339.333526611, 431.956268311, 577.806884766, 299.220336914, 190.11390686, 211.618850708, 192.737625122, 135.30267334, 162.810058594, -24.104927063], [189.215896606, 303.038085938, 415.391418457, 355.230743408, 322.523681641, 299.220336914, 336.571899414, 258.98449707, 159.072906494, 143.942092896, 96.4403762817, 97.331817627, 43.9674072266], [377.216552734, 387.827362061, 406.12487793, 310.145843506, 306.699310303, 190.11390686, 258.98449707, 359.038421631, 179.658813477, 104.62210083, 101.479721069, 83.1204071045, 89.8156509399], [400.192016602, 45.1718711853, 283.014373779, 269.276611328, 188.579360962, 211.618850708, 159.072906494, 179.658813477, 252.606262207, 183.656524658, 65.1969985962, 124.487716675, 52.5416603088], [711.86529541, -25.3570957184, 84.6195297241, 322.239654541, 168.790359497, 192.737625122, 143.942092896, 104.62210083, 183.656524658, 335.810791016, 145.112869263, 136.01739502, 43.087978363], [217.756164551, 47.385925293, 165.328872681, 207.745254517, 140.396499634, 135.30267334, 96.4403762817, 101.479721069, 65.1969985962, 145.112869263, 178.554718018, 99.9589080811, 13.9523153305], [125.823661804, -95.4334335327, 225.784088135, 203.293045044, 130.127700806, 162.810058594, 97.331817627, 83.1204071045, 124.487716675, 136.01739502, 99.9589080811, 197.937805176, 32.391834259], [251.869277954, 215.807846069, -5.38946437836, 62.8394699097, 26.0000247955, -24.104927063, 43.9674072266, 89.8156509399, 52.5416603088, 43.087978363, 13.9523153305, 32.391834259, 161.783584595]],
        "icov": [[0.000215089428821, -0.000161239819136, 0.000248651427682, -0.00039008303429, 0.000507139018737, -0.000462947995402, 0.00058056274429, -0.000681120029185, 0.000164363984368, -0.000405708240578, 0.000321936095133, -6.10782008152e-005, 0.000149035069626], [-0.000161239819136, 0.000689221196808, -5.67913266423e-005, 0.000489661528263, -0.000983111793175, 0.000633840973023, -0.000981417833827, 0.000435023655882, -0.000223656155868, 0.000593943404965, -0.000592498399783, 0.000573058845475, -0.0007319796714], [0.000248651427682, -5.67913266423e-005, 0.00164036673959, -0.00107699504588, -0.000221229740418, -0.0013325556647, 0.000994308269583, -0.00110054307152, -0.000357006676495, 0.00116397242527, 0.000110991873953, -0.000402487639803, 0.000216336731683], [-0.00039008303429, 0.000489661528263, -0.00107699504588, 0.00346654350869, -0.00102365529165, 0.00197121477686, -0.00321585964411, 0.00138786982279, -0.000865787558723, -0.000707015569787, -0.00155356957112, 6.23361411272e-005, -0.000275558937574], [0.000507139018737, -0.000983111793175, -0.000221229740418, -0.00102365529165, 0.00490711769089, -0.00261410442181, 0.00181618356146, -0.00321685150266, 0.00177307112608, -0.00241052382626, 0.00152370450087, -0.000512952334248, 0.00106375222094], [-0.000462947995402, 0.000633840973023, -0.0013325556647, 0.00197121477686, -0.00261410442181, 0.0075786630623, -0.0065148929134, 0.00472621200606, -0.00372501648962, 0.00103879056405, -0.00293961749412, -0.000250787445111, 0.00099802960176], [0.00058056274429, -0.000981417833827, 0.000994308269583, -0.00321585964411, 0.00181618356146, -0.0065148929134, 0.0152798723429, -0.00950553640723, 0.00431549269706, -0.00330819375813, 0.00460029440001, -0.000928591005504, 0.000818225555122], [-0.000681120029185, 0.000435023655882, -0.00110054307152, 0.00138786982279, -0.00321685150266, 0.00472621200606, -0.00950553640723, 0.0149178458378, -0.00835842918605, 0.00579180382192, -0.00707240495831, 0.00249665696174, -0.00329092657194], [0.000164363984368, -0.000223656155868, -0.000357006676495, -0.000865787558723, 0.00177307112608, -0.00372501648962, 0.00431549269706, -0.00835842918605, 0.0157746449113, -0.00783298909664, 0.00801148079336, -0.00423255050555, 0.000113971094834], [-0.000405708240578, 0.000593943404965, 0.00116397242527, -0.000707015569787, -0.00241052382626, 0.00103879056405, -0.00330819375813, 0.00579180382192, -0.00783298909664, 0.0119453836232, -0.00735343899578, 0.000583870103583, -0.00174169766251], [0.000321936095133, -0.000592498399783, 0.000110991873953, -0.00155356957112, 0.00152370450087, -0.00293961749412, 0.00460029440001, -0.00707240495831, 0.00801148079336, -0.00735343899578, 0.0152878593653, -0.00491607794538, 0.00191197230015], [-6.10782008152e-005, 0.000573058845475, -0.000402487639803, 6.23361411272e-005, -0.000512952334248, -0.000250787445111, -0.000928591005504, 0.00249665696174, -0.00423255050555, 0.000583870103583, -0.00491607794538, 0.0108373947442, -0.00232234806754], [0.000149035069626, -0.0007319796714, 0.000216336731683, -0.000275558937574, 0.00106375222094, 0.00099802960176, 0.000818225555122, -0.00329092657194, 0.000113971094834, -0.00174169766251, 0.00191197230015, -0.00232234806754, 0.00934902951121]]
    },
    "spectral_contrast_coeffs": {
        "mean": [-0.638249337673, -0.703661561012, -0.731976985931, -0.753424465656, -0.754948794842, -0.791859984398],
        "var": [0.0157235581428, 0.0108873778954, 0.010611073114, 0.00710321590304, 0.00460408627987, 0.00393586140126]
    },
    "spectral_contrast_valleys": {
        "mean": [-8.48503780365, -7.90531206131, -8.78655433655, -9.17569065094, -9.63161182404, -12.5720729828],
        "var": [4.33295297623, 1.98835408688, 1.95292818546, 1.65084457397, 1.892344594, 1.33981251717]
    }
},
"metadata": {
    "audio_properties": {
        "analysis_sample_rate": 44100,
        "bit_rate": 128074,
        "equal_loudness": 0,
        "length": 45.0612258911,
        "lossless": 0,
        "replay_gain": -5.78701972961,
        "sample_rate": 44100,
        "codec": "mp3",
        "downmix": "mix",
        "md5_encoded": "082c7c5d857ed7b4527516006184cf1c"
    },
    "tags": {
        "file_name": "1173.mp3"
    },
    "version": {
        "essentia": "2.1-beta2",
        "essentia_git_sha": "v2.1_beta2",
        "extractor": "music 1.0"
    }
},
"rhythm": {
    "beats_count": 82,
    "beats_loudness": {
        "mean": 0.0463774465024,
        "var": 0.00970080308616
    },
    "bpm": 92.7895965576,
    "bpm_histogram_first_peak_bpm": {
        "mean": 92,
        "var": 0
    },
    "bpm_histogram_first_peak_spread": {
        "mean": 0.55999994278,
        "var": 0
    },
    "bpm_histogram_first_peak_weight": {
        "mean": 0.135802477598,
        "var": 0
    },
    "bpm_histogram_second_peak_bpm": {
        "mean": 126,
        "var": 0
    },
    "bpm_histogram_second_peak_spread": {
        "mean": 0.375,
        "var": 0
    },
    "bpm_histogram_second_peak_weight": {
        "mean": 0.123456791043,
        "var": 0
    },
    "danceability": 1.04877436161,
    "onset_rate": 1.84110832214,
    "beats_loudness_band_ratio": {
        "mean": [0.503971397877, 0.133002340794, 0.236576735973, 0.0810363143682, 0.051149636507, 0.0217411406338],
        "var": [0.162059351802, 0.0355664156377, 0.0679984986782, 0.0184849780053, 0.00522374873981, 0.00705991266295]
    },
    "beats_position": [0.441179126501, 0.893968224525, 1.33514738083, 1.78793644905, 2.24072551727, 2.68190479279, 3.13469386101, 3.58748292923, 4.04027223587, 4.5046710968, 4.98067998886, 5.45668935776, 5.93269824982, 6.30421733856, 6.66412687302, 7.03564596176, 7.39555549622, 7.75546455383, 8.11537361145, 8.47528362274, 8.83519268036, 9.24154186249, 9.64789104462, 10.0542402267, 10.5418596268, 11.017868042, 11.4938774109, 12.051156044, 12.6084346771, 13.1657142639, 13.6417226791, 14.117732048, 14.6053514481, 15.0929698944, 15.5805892944, 16.0565986633, 16.5326080322, 17.0086174011, 17.4962348938, 17.995464325, 18.4946937561, 18.9939231873, 19.5279808044, 20.062040329, 20.5844898224, 21.1069393158, 21.6293869019, 22.1402263641, 22.6742858887, 23.219953537, 23.9281635284, 24.6363716125, 25.3329696655, 26.0295696259, 26.7261676788, 27.4111557007, 28.0961437225, 28.7927436829, 29.4893417358, 30.1278915405, 30.778049469, 31.4165973663, 32.0551452637, 32.6936950684, 33.3554649353, 33.9824028015, 34.6209526062, 35.2478904724, 35.8980484009, 36.5482063293, 37.186756134, 37.8253059387, 38.4754638672, 39.1256217957, 39.7757797241, 40.4259414673, 41.0760993958, 41.7146492004, 42.3531951904, 43.0033569336, 43.6535148621, 44.2920608521]
},
"tonal": {
    "chords_changes_rate": 0.0349794253707,
    "chords_number_rate": 0.00925925932825,
    "chords_strength": {
        "mean": 0.547834336758,
        "var": 0.00753473350778
    },
    "hpcp_entropy": {
        "mean": 1.60027503967,
        "var": 0.527774572372
    },
    "key_strength": 0.58065778017,
    "tuning_diatonic_strength": 0.49881914258,
    "tuning_equal_tempered_deviation": 0.0495666600764,
    "tuning_frequency": 439.238189697,
    "tuning_nontempered_energy_ratio": 0.661127924919,
    "hpcp": {
        "mean": [0.322409152985, 0.176698744297, 0.0378988981247, 0.0291220135987, 0.0399452075362, 0.107595935464, 0.191850781441, 0.144445493817, 0.117599084973, 0.166797161102, 0.104613877833, 0.0356194935739, 0.0346050299704, 0.0363894067705, 0.10436360538, 0.192503869534, 0.135447204113, 0.0475446507335, 0.0268272422254, 0.0177852399647, 0.0601604692638, 0.104061745107, 0.0898174270988, 0.187241122127, 0.246271267533, 0.116037800908, 0.0456057079136, 0.0455820858479, 0.0357762351632, 0.0784924328327, 0.130046457052, 0.0842219218612, 0.0303903594613, 0.0247222036123, 0.0388978086412, 0.197664648294],
        "var": [0.167764991522, 0.0620636045933, 0.0131189636886, 0.01347162202, 0.0174833517522, 0.0431316904724, 0.118219465017, 0.0672238469124, 0.0320284366608, 0.0762988701463, 0.0399362593889, 0.00966702215374, 0.01417117659, 0.0183689817786, 0.0413871482015, 0.121688485146, 0.0572204850614, 0.0190177652985, 0.00830101780593, 0.00643134396523, 0.0160853285342, 0.0436813384295, 0.0240739546716, 0.0973595529795, 0.150609344244, 0.0413898192346, 0.0115826809779, 0.0106442458928, 0.00837517064065, 0.0333986580372, 0.0828875079751, 0.0386850871146, 0.0111348032951, 0.0106117418036, 0.0104735670611, 0.0784922987223]
    },
    "chords_histogram": [18.2098770142, 17.2839508057, 13.6831274033, 0.102880656719, 7.30452680588, 4.52674913406, 4.83539104462, 0, 4.01234579086, 0, 0.411522626877, 0, 12.2427988052, 0, 0, 0, 0, 0.823045253754, 0, 0, 0, 0, 0.205761313438, 16.3580245972],
    "thpcp": [1, 0.548057496548, 0.117549076676, 0.0903262645006, 0.12389601022, 0.333724826574, 0.595053792, 0.448019206524, 0.364751070738, 0.517346262932, 0.32447552681, 0.110479161143, 0.107332654297, 0.112867161632, 0.323699265718, 0.597079396248, 0.420109659433, 0.147466808558, 0.0832086876035, 0.0551635697484, 0.186596646905, 0.322762995958, 0.278582125902, 0.580756247044, 0.763846993446, 0.359908521175, 0.141452893615, 0.141379624605, 0.110965318978, 0.243455976248, 0.403358459473, 0.261226832867, 0.0942602232099, 0.0766795948148, 0.120647348464, 0.613086342812],
    "chords_key": "F",
    "chords_scale": "major",
    "key_key": "F",
    "key_scale": "major"
}
}