{
"lowlevel": {
    "average_loudness": 0.717644870281,
    "barkbands_crest": {
        "mean": 15.51932621,
        "var": 21.8732719421
    },
    "barkbands_flatness_db": {
        "mean": 0.432019501925,
        "var": 0.00962073821574
    },
    "barkbands_kurtosis": {
        "mean": 21.4734535217,
        "var": 1408.87341309
    },
    "barkbands_skewness": {
        "mean": 2.53081464767,
        "var": 4.64784431458
    },
    "barkbands_spread": {
        "mean": 2.44271016121,
        "var": 46.9261550903
    },
    "dissonance": {
        "mean": 0.331163644791,
        "var": 0.00704851234332
    },
    "dynamic_complexity": 3.61102294922,
    "erbbands_crest": {
        "mean": 16.5050868988,
        "var": 26.1176509857
    },
    "erbbands_flatness_db": {
        "mean": 0.424070715904,
        "var": 0.00622470956296
    },
    "erbbands_kurtosis": {
        "mean": 9.32332801819,
        "var": 161.054290771
    },
    "erbbands_skewness": {
        "mean": 2.11403656006,
        "var": 1.76384651661
    },
    "erbbands_spread": {
        "mean": 6.37071800232,
        "var": 19.5867977142
    },
    "hfc": {
        "mean": 7.77284622192,
        "var": 80.8445587158
    },
    "melbands_crest": {
        "mean": 18.5660743713,
        "var": 29.9849472046
    },
    "melbands_flatness_db": {
        "mean": 0.517248094082,
        "var": 0.0104022556916
    },
    "melbands_kurtosis": {
        "mean": 17.0344524384,
        "var": 403.284667969
    },
    "melbands_skewness": {
        "mean": 2.34401869774,
        "var": 2.23151278496
    },
    "melbands_spread": {
        "mean": 3.21276783943,
        "var": 27.853521347
    },
    "pitch_salience": {
        "mean": 0.436547994614,
        "var": 0.0189416650683
    },
    "silence_rate_20dB": {
        "mean": 1,
        "var": 0
    },
    "silence_rate_30dB": {
        "mean": 0.98916965723,
        "var": 0.0107126459479
    },
    "silence_rate_60dB": {
        "mean": 0.0820010304451,
        "var": 0.0752799063921
    },
    "spectral_centroid": {
        "mean": 415.791015625,
        "var": 104047.0625
    },
    "spectral_complexity": {
        "mean": 5.84528112411,
        "var": 8.26797962189
    },
    "spectral_decrease": {
        "mean": -5.06570163594e-009,
        "var": 3.22691594199e-017
    },
    "spectral_energy": {
        "mean": 0.0198241043836,
        "var": 0.000493844039738
    },
    "spectral_energyband_high": {
        "mean": 2.32673414757e-006,
        "var": 2.2930901622e-010
    },
    "spectral_energyband_low": {
        "mean": 0.000400499469833,
        "var": 5.47252511751e-007
    },
    "spectral_energyband_middle_high": {
        "mean": 0.000895468401723,
        "var": 5.01413160237e-006
    },
    "spectral_energyband_middle_low": {
        "mean": 0.0186324324459,
        "var": 0.000455081259133
    },
    "spectral_entropy": {
        "mean": 4.95961809158,
        "var": 0.502143263817
    },
    "spectral_flux": {
        "mean": 0.0467008128762,
        "var": 0.00140386866406
    },
    "spectral_kurtosis": {
        "mean": 116.916770935,
        "var": 6077.890625
    },
    "spectral_rms": {
        "mean": 0.00393802439794,
        "var": 3.83256929126e-006
    },
    "spectral_rolloff": {
        "mean": 534.709594727,
        "var": 753229.0625
    },
    "spectral_skewness": {
        "mean": 8.20111656189,
        "var": 10.5256128311
    },
    "spectral_spread": {
        "mean": 1250357.375,
        "var": 1.88166884557e+012
    },
    "spectral_strongpeak": {
        "mean": 1.16375505924,
        "var": 0.690084159374
    },
    "zerocrossingrate": {
        "mean": 0.0201660916209,
        "var": 0.000455754052382
    },
    "barkbands": {
        "mean": [7.72771454649e-005, 3.93024965888e-005, 0.000194984124391, 0.000219602981815, 0.00325045152567, 0.00999229587615, 0.00263436697423, 0.00230659800582, 0.000196321576368, 0.000402916804887, 0.000235891857301, 0.000117009156384, 1.18129983093e-005, 3.89468550566e-005, 3.85465828003e-005, 5.26108997292e-005, 5.62611467103e-006, 4.48180389867e-006, 2.20652304961e-006, 1.22836434002e-006, 6.59583236029e-007, 4.01108877668e-007, 3.57970634468e-007, 1.62095503242e-007, 6.55115002246e-008, 1.82160846407e-008, 1.79966175295e-009],
        "var": [1.07932706328e-007, 2.26848051454e-008, 1.86287451243e-007, 3.17902959068e-007, 3.17160338454e-005, 0.000262633722741, 1.31277129185e-005, 3.10875257128e-005, 2.22123776439e-006, 2.61473473984e-006, 1.094665663e-006, 4.5168423668e-008, 1.1940484157e-009, 6.57055494457e-008, 2.42288908936e-008, 5.58988269006e-008, 5.36098554438e-010, 5.92482340966e-010, 9.41733566129e-011, 9.69831021047e-011, 2.39360527926e-011, 7.04630321105e-012, 4.12543176703e-012, 1.36595249001e-012, 1.16928195642e-013, 1.15082080557e-014, 2.08142134048e-016]
    },
    "erbbands": {
        "mean": [0.00107678771019, 0.0124557288364, 0.166154831648, 0.591685175896, 0.786552965641, 10.0826396942, 82.0751342773, 57.6742668152, 36.6456871033, 66.720451355, 21.4454307556, 3.93696570396, 4.66530132294, 17.7470264435, 7.04443788528, 5.87988042831, 0.978749275208, 2.09267878532, 1.2769100666, 2.97606039047, 1.82605564594, 0.336386501789, 0.219477340579, 0.222549572587, 0.0823685005307, 0.0401593931019, 0.0437954626977, 0.0241137575358, 0.013616932556, 0.0126080000773, 0.0104550030082, 0.0054511395283, 0.00221763830632, 0.000930034380872, 0.000375578238163, 0.000122210272821, 3.25376167893e-005, 6.0793117882e-006, 9.51571382757e-006, 2.21079608309e-005],
        "var": [2.75260390481e-005, 0.00165388197638, 0.125903680921, 1.74080097675, 2.1031627655, 237.652801514, 17069.9023438, 13603.125, 2569.37451172, 12200.6308594, 2966.66601563, 540.321533203, 220.810089111, 4644.5859375, 536.814880371, 116.26159668, 3.99516510963, 171.38873291, 17.9705905914, 75.7753448486, 56.0080986023, 1.33740961552, 0.449054688215, 3.22964954376, 0.108805201948, 0.0519707910717, 0.14108222723, 0.0489577837288, 0.0085078002885, 0.00692567322403, 0.00286904745735, 0.00191572005861, 0.000297295831842, 2.99842704408e-005, 3.31946034748e-006, 3.64000300124e-007, 2.89346857585e-008, 1.93750016031e-009, 1.11370856981e-010, 6.13404382843e-010]
    },
    "gfcc": {
        "mean": [-237.842498779, 190.136627197, -115.665031433, -62.2699890137, -74.2855529785, -46.3676223755, -61.7390289307, -28.4630641937, -13.6485013962, -12.6199684143, 5.40094232559, 5.245221138, 11.7905883789],
        "cov": [[9768.68847656, 518.143066406, -1358.0612793, 2194.65161133, 445.023712158, 440.004394531, 311.388793945, 221.610870361, 208.005584717, -280.953735352, -26.9224948883, -493.328613281, -354.487701416], [518.143066406, 678.67175293, 37.3810348511, -251.315231323, 162.338821411, -58.8283691406, -60.922706604, -83.8811187744, -3.42888522148, -164.994262695, 8.69749069214, -32.7310371399, 27.8582706451], [-1358.0612793, 37.3810348511, 1311.0378418, 256.292572021, -141.147644043, 438.231262207, 49.4569015503, 9.76144695282, -77.6600189209, -85.6222076416, -128.745162964, -5.14364671707, -76.4271621704], [2194.65161133, -251.315231323, 256.292572021, 1382.68261719, 109.830780029, 534.192260742, 250.745758057, 214.44883728, 64.9249801636, -85.5085220337, -103.994918823, -218.281402588, -259.103057861], [445.023712158, 162.338821411, -141.147644043, 109.830780029, 340.813232422, -4.62425041199, -16.5704174042, 31.6638221741, 4.84648227692, -76.8843994141, 6.92570924759, -11.4683952332, 21.8235454559], [440.004394531, -58.8283691406, 438.231262207, 534.192260742, -4.62425041199, 524.89855957, 154.541534424, 110.610069275, 8.4868478775, -43.2194328308, -42.3843612671, -83.8456497192, -164.962890625], [311.388793945, -60.922706604, 49.4569015503, 250.745758057, -16.5704174042, 154.541534424, 147.783691406, 39.5550613403, -30.6360473633, -10.3461370468, 2.79297351837, -21.5669155121, -46.973274231], [221.610870361, -83.8811187744, 9.76144695282, 214.44883728, 31.6638221741, 110.610069275, 39.5550613403, 152.364746094, 67.9167633057, 16.4445991516, -5.323366642, -57.8593597412, -81.4178466797], [208.005584717, -3.42888522148, -77.6600189209, 64.9249801636, 4.84648227692, 8.4868478775, -30.6360473633, 67.9167633057, 143.945541382, 47.1646499634, -5.32555055618, -53.812297821, -59.2308540344], [-280.953735352, -164.994262695, -85.6222076416, -85.5085220337, -76.8843994141, -43.2194328308, -10.3461370468, 16.4445991516, 47.1646499634, 156.170349121, 46.5672607422, 13.7491121292, 0.794502794743], [-26.9224948883, 8.69749069214, -128.745162964, -103.994918823, 6.92570924759, -42.3843612671, 2.79297351837, -5.323366642, -5.32555055618, 46.5672607422, 117.625541687, 62.5805397034, 33.4857635498], [-493.328613281, -32.7310371399, -5.14364671707, -218.281402588, -11.4683952332, -83.8456497192, -21.5669155121, -57.8593597412, -53.812297821, 13.7491121292, 62.5805397034, 141.824432373, 99.9165878296], [-354.487701416, 27.8582706451, -76.4271621704, -259.103057861, 21.8235454559, -164.962890625, -46.973274231, -81.4178466797, -59.2308540344, 0.794502794743, 33.4857635498, 99.9165878296, 166.182266235]],
        "icov": [[0.000730720523279, -0.00192966335453, 0.00155365746468, -0.00214888108894, 0.00114674051292, -0.000662344682496, 0.00148583878763, -0.000258850690443, 0.000951258640271, -0.000991364358924, 0.000790149497334, -0.000799688161351, -0.000603224732913], [-0.00192966335453, 0.00999743770808, -0.00514237396419, 0.00767782144248, -0.00506330328062, 0.00191487127449, -0.00574074918404, 0.00413777353242, -0.0060668210499, 0.00893452484161, -0.00702825188637, 0.00775941973552, 0.00132983899675], [0.00155365746468, -0.00514237396419, 0.00511784711853, -0.00498791504651, 0.00356508023106, -0.00326593779027, 0.00495049823076, -0.00143365934491, 0.00359450024553, -0.00325314840302, 0.00432572932914, -0.00394840771332, -0.00146120262798], [-0.00214888108894, 0.00767782144248, -0.00498791504651, 0.0090080043301, -0.00478994613513, 0.00120340741705, -0.00714256521314, 0.00158349005505, -0.00469061778858, 0.00579481804743, -0.00373057532124, 0.00569956516847, 0.00208577746525], [0.00114674051292, -0.00506330328062, 0.00356508023106, -0.00478994613513, 0.00701697263867, -0.001768007176, 0.0050501585938, -0.00324426172301, 0.00305088656023, -0.00161160889547, 0.00223447009921, -0.00311859534122, -0.00285232672468], [-0.000662344682496, 0.00191487127449, -0.00326593779027, 0.00120340741705, -0.001768007176, 0.00694527709857, -0.00502217095345, -0.000179167938768, -0.00138841627631, 0.00141416466795, -0.00209510046989, 0.000544022710528, 0.00385301327333], [0.00148583878763, -0.00574074918404, 0.00495049823076, -0.00714256521314, 0.0050501585938, -0.00502217095345, 0.0189346298575, -0.00371912983246, 0.00899389758706, -0.00481566926464, 0.00208740937524, -0.00410349620506, -0.00157107075211], [-0.000258850690443, 0.00413777353242, -0.00143365934491, 0.00158349005505, -0.00324426172301, -0.000179167938768, -0.00371912983246, 0.0145793370903, -0.00718595692888, 0.00368552352302, -0.00463907513767, 0.00470409542322, 0.00243116822094], [0.000951258640271, -0.0060668210499, 0.00359450024553, -0.00469061778858, 0.00305088656023, -0.00138841627631, 0.00899389758706, -0.00718595692888, 0.017567044124, -0.00931800156832, 0.00491013750434, -0.00325695471838, 0.00190328573808], [-0.000991364358924, 0.00893452484161, -0.00325314840302, 0.00579481804743, -0.00161160889547, 0.00141416466795, -0.00481566926464, 0.00368552352302, -0.00931800156832, 0.0197214316577, -0.0111522246152, 0.00862315762788, -0.000366604101146], [0.000790149497334, -0.00702825188637, 0.00432572932914, -0.00373057532124, 0.00223447009921, -0.00209510046989, 0.00208740937524, -0.00463907513767, 0.00491013750434, -0.0111522246152, 0.0214804392308, -0.0144175551832, 0.00112418830395], [-0.000799688161351, 0.00775941973552, -0.00394840771332, 0.00569956516847, -0.00311859534122, 0.000544022710528, -0.00410349620506, 0.00470409542322, -0.00325695471838, 0.00862315762788, -0.0144175551832, 0.0256848782301, -0.00758152687922], [-0.000603224732913, 0.00132983899675, -0.00146120262798, 0.00208577746525, -0.00285232672468, 0.00385301327333, -0.00157107075211, 0.00243116822094, 0.00190328573808, -0.000366604101146, 0.00112418830395, -0.00758152687922, 0.0170461498201]]
    },
    "melbands": {
        "mean": [1.35714371936e-005, 6.31113725831e-005, 9.98815739877e-005, 0.000199353395146, 0.00232831318863, 0.00142455275636, 0.000566407397855, 0.000726462923922, 0.000131640364998, 1.86441029655e-005, 2.42181831709e-005, 7.4615702033e-005, 2.36760279222e-005, 1.67459875229e-005, 7.08850711817e-006, 1.24144719393e-006, 4.44097804575e-006, 1.63352763138e-006, 3.14583985528e-006, 5.51023504158e-006, 1.21499692796e-006, 3.39246639669e-007, 2.24410271699e-007, 1.68669416212e-007, 1.88665239875e-007, 5.22935792446e-008, 5.0664894502e-008, 2.09808526108e-008, 3.72731534526e-008, 1.4921980096e-008, 1.18106813218e-008, 7.68749863767e-009, 7.15254655503e-009, 6.30366070453e-009, 5.95052052077e-009, 5.4098161506e-009, 2.79496226163e-009, 1.67750635605e-009, 9.6168917274e-010, 6.96808832856e-010],
        "var": [2.69667865815e-009, 1.94078246807e-008, 4.53985116167e-008, 1.15235273768e-007, 1.26538925542e-005, 6.6093643909e-006, 5.87296767662e-007, 1.77007018465e-006, 1.84576194329e-007, 1.52582302348e-008, 6.7926264613e-009, 8.42171417048e-008, 7.5806827482e-009, 1.13936016177e-009, 2.13849118968e-010, 1.82908341251e-011, 8.99396612741e-010, 3.6981775281e-011, 2.75372863401e-010, 4.77711092906e-010, 2.32593926758e-011, 2.16575412118e-012, 2.99855545125e-013, 8.96137059957e-013, 2.59562944055e-012, 2.78886360213e-014, 9.04400184842e-014, 1.43105403287e-014, 1.38742722823e-013, 9.34994354211e-015, 1.16279878318e-014, 3.64005886929e-015, 1.89734575504e-015, 1.54048685683e-015, 6.94018298217e-016, 2.16928928264e-015, 4.64836911316e-016, 1.75789737097e-016, 4.32590082464e-017, 1.7349997543e-017]
    },
    "mfcc": {
        "mean": [-870.53326416, 204.62940979, 7.69989967346, -26.8381175995, -22.3266525269, -35.1326522827, -42.7002601624, -29.0781478882, -28.3621025085, -26.5804328918, -24.5580615997, -6.69360160828, 12.7342205048],
        "cov": [[5658.14892578, 1690.72119141, -1081.94506836, 918.682128906, 839.133605957, 476.418884277, 340.398529053, 554.821655273, 163.399185181, 459.762695313, 153.528625488, -4.29079627991, -116.808540344], [1690.72119141, 1042.46533203, -210.606048584, 145.959030151, 367.011688232, 170.158996582, 108.810035706, 204.29536438, 19.835647583, 65.3262405396, -4.91665363312, -54.725315094, -40.608341217], [-1081.94506836, -210.606048584, 1003.77093506, 187.437789917, -25.6383876801, 223.85635376, 144.658370972, 131.237609863, 75.6705322266, 98.3071060181, -5.64811086655, -26.0807685852, -56.6129074097], [918.682128906, 145.959030151, 187.437789917, 622.287231445, 310.384246826, 240.919754028, 233.665847778, 279.198486328, 141.253234863, 253.35244751, 61.3250274658, 4.30128335953, -59.0205001831], [839.133605957, 367.011688232, -25.6383876801, 310.384246826, 439.729797363, 218.640258789, 130.647903442, 240.707641602, 91.1692962646, 155.985336304, 16.788022995, 0.55561286211, -10.5888328552], [476.418884277, 170.158996582, 223.85635376, 240.919754028, 218.640258789, 329.758087158, 219.57749939, 190.703109741, 73.0037155151, 122.495887756, 31.527349472, -9.62394237518, -70.5083465576], [340.398529053, 108.810035706, 144.658370972, 233.665847778, 130.647903442, 219.57749939, 298.563781738, 191.488525391, 26.3342380524, 79.1885375977, 27.6860580444, -18.9187602997, -101.949150085], [554.821655273, 204.29536438, 131.237609863, 279.198486328, 240.707641602, 190.703109741, 191.488525391, 292.334747314, 87.9493942261, 125.780570984, 44.2315101624, -14.2627325058, -60.4390602112], [163.399185181, 19.835647583, 75.6705322266, 141.253234863, 91.1692962646, 73.0037155151, 26.3342380524, 87.9493942261, 127.533233643, 96.3857498169, 23.2279186249, 15.202791214, 10.1624717712], [459.762695313, 65.3262405396, 98.3071060181, 253.35244751, 155.985336304, 122.495887756, 79.1885375977, 125.780570984, 96.3857498169, 259.25289917, 95.7845840454, 36.3564720154, 26.7073421478], [153.528625488, -4.91665363312, -5.64811086655, 61.3250274658, 16.788022995, 31.527349472, 27.6860580444, 44.2315101624, 23.2279186249, 95.7845840454, 135.696258545, 64.5736236572, 31.5136909485], [-4.29079627991, -54.725315094, -26.0807685852, 4.30128335953, 0.55561286211, -9.62394237518, -18.9187602997, -14.2627325058, 15.202791214, 36.3564720154, 64.5736236572, 132.805435181, 101.672668457], [-116.808540344, -40.608341217, -56.6129074097, -59.0205001831, -10.5888328552, -70.5083465576, -101.949150085, -60.4390602112, 10.1624717712, 26.7073421478, 31.5136909485, 101.672668457, 189.484558105]],
        "icov": [[0.00212653260678, -0.00266109150834, 0.00333332875744, -0.00328915030695, 0.00351629336365, -0.00403183232993, 0.00306495744735, -0.00245558377355, 0.00169127073605, -0.00220300583169, 0.00156619865447, -0.00158078153618, 0.00108158448711], [-0.00266109150834, 0.00492085376754, -0.00381449353881, 0.00444666622207, -0.00557153997943, 0.0046407179907, -0.00373645685613, 0.00246452679858, -0.00157077447511, 0.0028128917329, -0.00208370829932, 0.00280297989957, -0.00161891966127], [0.00333332875744, -0.00381449353881, 0.00690168887377, -0.00544848479331, 0.00704962434247, -0.00822718907148, 0.00557821989059, -0.0051676761359, 0.00287896790542, -0.00398297933862, 0.0035272364039, -0.00230037444271, 0.00134252011776], [-0.00328915030695, 0.00444666622207, -0.00544848479331, 0.00981792062521, -0.0073670563288, 0.00740376813337, -0.00689516030252, 0.0031606615521, -0.00423869630322, 0.000706335471477, -0.00172463594936, 0.0018292471068, -0.000569745374378], [0.00351629336365, -0.00557153997943, 0.00704962434247, -0.0073670563288, 0.0148018393666, -0.0112665137276, 0.00859612040222, -0.00933319982141, 0.00419811159372, -0.00538447871804, 0.00621140887961, -0.00364275462925, 0.000523361377418], [-0.00403183232993, 0.0046407179907, -0.00822718907148, 0.00740376813337, -0.0112665137276, 0.0183983948082, -0.0121860429645, 0.0071763433516, -0.00610783975571, 0.00379015039653, -0.00441757822409, 0.00256710196845, -0.000543156522326], [0.00306495744735, -0.00373645685613, 0.00557821989059, -0.00689516030252, 0.00859612040222, -0.0121860429645, 0.0163433998823, -0.00951644405723, 0.00718453293666, -0.00350968912244, 0.00378636922687, -0.00476661836728, 0.00434861518443], [-0.00245558377355, 0.00246452679858, -0.0051676761359, 0.0031606615521, -0.00933319982141, 0.0071763433516, -0.00951644405723, 0.0160713009536, -0.00670175999403, 0.00420671934262, -0.00607479549944, 0.00382917025127, -0.000668062013574], [0.00169127073605, -0.00157077447511, 0.00287896790542, -0.00423869630322, 0.00419811159372, -0.00610783975571, 0.00718453293666, -0.00670175999403, 0.0160387717187, -0.00516702560708, 0.00377311324701, -0.00283734267578, 0.000698594900314], [-0.00220300583169, 0.0028128917329, -0.00398297933862, 0.000706335471477, -0.00538447871804, 0.00379015039653, -0.00350968912244, 0.00420671934262, -0.00516702560708, 0.013143112883, -0.00841762404889, 0.00448453938589, -0.00374401523732], [0.00156619865447, -0.00208370829932, 0.0035272364039, -0.00172463594936, 0.00621140887961, -0.00441757822409, 0.00378636922687, -0.00607479549944, 0.00377311324701, -0.00841762404889, 0.0168404299766, -0.00902889017016, 0.00286641158164], [-0.00158078153618, 0.00280297989957, -0.00230037444271, 0.0018292471068, -0.00364275462925, 0.00256710196845, -0.00476661836728, 0.00382917025127, -0.00283734267578, 0.00448453938589, -0.00902889017016, 0.0196708366275, -0.0106160230935], [0.00108158448711, -0.00161891966127, 0.00134252011776, -0.000569745374378, 0.000523361377418, -0.000543156522326, 0.00434861518443, -0.000668062013574, 0.000698594900314, -0.00374401523732, 0.00286641158164, -0.0106160230935, 0.0134844798595]]
    },
    "spectral_contrast_coeffs": {
        "mean": [-0.468921363354, -0.559248387814, -0.711716294289, -0.722697198391, -0.787571549416, -0.848495006561],
        "var": [0.0115455025807, 0.00751022435725, 0.00558452634141, 0.00394437788054, 0.00338629097678, 0.00271546281874]
    },
    "spectral_contrast_valleys": {
        "mean": [-10.3659572601, -7.35009479523, -9.02362632751, -10.5550794601, -11.5536384583, -13.7049598694],
        "var": [1.71809887886, 1.40809631348, 1.36279118061, 1.52878272533, 1.52372217178, 0.779713392258]
    }
},
"metadata": {
    "audio_properties": {
        "analysis_sample_rate": 44100,
        "bit_rate": 128074,
        "equal_loudness": 0,
        "length": 44.9828567505,
        "lossless": 0,
        "replay_gain": -5.04507637024,
        "sample_rate": 44100,
        "codec": "mp3",
        "downmix": "mix",
        "md5_encoded": "ae02379d148d3a5c7bc575868a43e0f1"
    },
    "tags": {
        "file_name": "1174.mp3",
        "album": ["No Regrets For Our Youth"],
        "artist": ["No Regrets For Our Youth"],
        "composer": ["No Regrets For Our Youth"],
        "date": ["2009-10-26 18:14:21", "2009-10-26 18:14:21"],
        "genre": ["Experimental"],
        "title": ["Thinking Different Doing Same vs. Doing Different Thinking Same"],
        "tracknumber": ["8"]
    },
    "version": {
        "essentia": "2.1-beta2",
        "essentia_git_sha": "v2.1_beta2",
        "extractor": "music 1.0"
    }
},
"rhythm": {
    "beats_count": 74,
    "beats_loudness": {
        "mean": 0.0365293510258,
        "var": 0.00162539514713
    },
    "bpm": 99.8965682983,
    "bpm_histogram_first_peak_bpm": {
        "mean": 99,
        "var": 0
    },
    "bpm_histogram_first_peak_spread": {
        "mean": 0.385714262724,
        "var": 0
    },
    "bpm_histogram_first_peak_weight": {
        "mean": 0.589041113853,
        "var": 0
    },
    "bpm_histogram_second_peak_bpm": {
        "mean": 94,
        "var": 0
    },
    "bpm_histogram_second_peak_spread": {
        "mean": 0,
        "var": 0
    },
    "bpm_histogram_second_peak_weight": {
        "mean": 0.0410958901048,
        "var": 0
    },
    "danceability": 1.23221123219,
    "onset_rate": 3.08887028694,
    "beats_loudness_band_ratio": {
        "mean": [0.0244571343064, 0.687930762768, 0.251770406961, 0.0630502700806, 0.00525607494637, 0.000392233516322],
        "var": [0.00282547576353, 0.0450720153749, 0.0340817756951, 0.00891349464655, 6.13199299551e-005, 2.37049471252e-006]
    },
    "beats_position": [0.615328788757, 1.24226760864, 1.86920630932, 2.50775504112, 3.14630389214, 3.78485250473, 4.41179132462, 5.01551008224, 5.61922883987, 6.2229475975, 6.81505680084, 7.40716552734, 8.01088428497, 8.6146030426, 9.21832180023, 9.82204055786, 10.4141492844, 11.0062580109, 11.6099767685, 12.2136955261, 12.8174142838, 13.4211339951, 14.0248527527, 14.6169614792, 15.2206802368, 15.8127889633, 16.4281177521, 17.031835556, 17.6239452362, 18.2160549164, 18.8081626892, 19.4118824005, 20.0156002045, 20.6077098846, 21.1998176575, 21.8035373688, 22.4072551727, 23.010974884, 23.614692688, 24.2184123993, 24.8221302032, 25.4258499146, 26.0179595947, 26.6100673676, 27.2137870789, 27.8058948517, 28.3980045319, 29.0017223358, 29.6054420471, 30.2091598511, 30.8128795624, 31.4165973663, 32.0203170776, 32.6240348816, 33.2161445618, 33.8082542419, 34.4003639221, 35.0040817261, 35.60779953, 36.211517334, 36.8036270142, 37.4073448181, 38.0110664368, 38.6147842407, 39.2185020447, 39.8222198486, 40.4143295288, 41.006439209, 41.6101570129, 42.2138786316, 42.8059844971, 43.3980941772, 43.9785919189, 44.5823135376]
},
"tonal": {
    "chords_changes_rate": 0.073195874691,
    "chords_number_rate": 0.0103092780337,
    "chords_strength": {
        "mean": 0.382764101028,
        "var": 0.00665161665529
    },
    "hpcp_entropy": {
        "mean": 1.41531729698,
        "var": 0.290378004313
    },
    "key_strength": 0.394027024508,
    "tuning_diatonic_strength": 0.24241091311,
    "tuning_equal_tempered_deviation": 0.00241505168378,
    "tuning_frequency": 440.254241943,
    "tuning_nontempered_energy_ratio": 0.599072575569,
    "hpcp": {
        "mean": [0.169773966074, 0.0990482717752, 0.0486579947174, 0.06622261554, 0.0351356677711, 0.0552020892501, 0.104139260948, 0.068567097187, 0.171981066465, 0.331324130297, 0.203000664711, 0.112482376397, 0.153005599976, 0.0837711766362, 0.0784337446094, 0.119272127748, 0.0781448632479, 0.316685199738, 0.544413149357, 0.263227641582, 0.016334220767, 0.00876491516829, 0.00764661468565, 0.0304182767868, 0.045772254467, 0.0298455841839, 0.0919231697917, 0.13567841053, 0.0628243759274, 0.0467129833996, 0.0710461512208, 0.0381255783141, 0.0125494385138, 0.0165696684271, 0.0113714504987, 0.0842358544469],
        "var": [0.0814869999886, 0.0310454256833, 0.0158499404788, 0.0255996454507, 0.0106275836006, 0.0135174253955, 0.0490316711366, 0.0203673560172, 0.0492244139314, 0.141775086522, 0.0602956563234, 0.0506525449455, 0.101294733584, 0.0307887345552, 0.0412320606411, 0.0823612734675, 0.0272865965962, 0.0694444850087, 0.184850901365, 0.0516186468303, 0.00432167621329, 0.00224226596765, 0.00148613506462, 0.00999333523214, 0.0243200063705, 0.00777714513242, 0.0308619365096, 0.0624732449651, 0.012466612272, 0.0122239040211, 0.0282598864287, 0.00969682447612, 0.00383750279434, 0.00964878220111, 0.00405180687085, 0.0209002587944]
    },
    "chords_histogram": [30.8247413635, 48.4536094666, 3.91752576828, 0, 0, 2.16494846344, 3.09278345108, 0, 0, 0, 0.412371128798, 1.44329893589, 2.98969078064, 0, 0, 0, 0, 2.37113404274, 2.06185555458, 2.26804113388, 0, 0, 0, 0],
    "thpcp": [1, 0.48350712657, 0.0300033539534, 0.016099749133, 0.0140456100926, 0.055873516947, 0.0840763226151, 0.0548215694726, 0.168848186731, 0.249219566584, 0.115398347378, 0.0858042910695, 0.130500435829, 0.0700305998325, 0.0230513140559, 0.03043583408, 0.0208875387907, 0.154727816582, 0.311847656965, 0.181935861707, 0.089376963675, 0.121640369296, 0.0645386129618, 0.101397417486, 0.191287189722, 0.125946804881, 0.315901756287, 0.608589529991, 0.372879803181, 0.206612154841, 0.281046837568, 0.153874278069, 0.144070267677, 0.219083845615, 0.143539637327, 0.581700146198],
    "chords_key": "C",
    "chords_scale": "minor",
    "key_key": "G#",
    "key_scale": "major"
}
}