{
"lowlevel": {
    "average_loudness": 0.871393084526,
    "barkbands_crest": {
        "mean": 12.6256761551,
        "var": 26.2012138367
    },
    "barkbands_flatness_db": {
        "mean": 0.332019388676,
        "var": 0.00876086298376
    },
    "barkbands_kurtosis": {
        "mean": 3.41284275055,
        "var": 70.7761459351
    },
    "barkbands_skewness": {
        "mean": 0.861619114876,
        "var": 2.37500143051
    },
    "barkbands_spread": {
        "mean": 8.66329669952,
        "var": 43.1794929504
    },
    "dissonance": {
        "mean": 0.409239828587,
        "var": 0.00304838223383
    },
    "dynamic_complexity": 3.48577451706,
    "erbbands_crest": {
        "mean": 16.3646087646,
        "var": 69.4314117432
    },
    "erbbands_flatness_db": {
        "mean": 0.351657748222,
        "var": 0.00673058023676
    },
    "erbbands_kurtosis": {
        "mean": 3.27154135704,
        "var": 48.9771270752
    },
    "erbbands_skewness": {
        "mean": -0.197721272707,
        "var": 0.910623669624
    },
    "erbbands_spread": {
        "mean": 14.4260473251,
        "var": 98.7103271484
    },
    "hfc": {
        "mean": 12.3069581985,
        "var": 424.881561279
    },
    "melbands_crest": {
        "mean": 17.2315864563,
        "var": 33.3732528687
    },
    "melbands_flatness_db": {
        "mean": 0.436868309975,
        "var": 0.0143153425306
    },
    "melbands_kurtosis": {
        "mean": 6.16715764999,
        "var": 179.32862854
    },
    "melbands_skewness": {
        "mean": 1.42930924892,
        "var": 2.94497728348
    },
    "melbands_spread": {
        "mean": 12.8503236771,
        "var": 119.991386414
    },
    "pitch_salience": {
        "mean": 0.454480320215,
        "var": 0.0142213562503
    },
    "silence_rate_20dB": {
        "mean": 1,
        "var": 0
    },
    "silence_rate_30dB": {
        "mean": 0.99330586195,
        "var": 0.00664932886139
    },
    "silence_rate_60dB": {
        "mean": 0.123069003224,
        "var": 0.107924737036
    },
    "spectral_centroid": {
        "mean": 631.980895996,
        "var": 199311.4375
    },
    "spectral_complexity": {
        "mean": 11.7136974335,
        "var": 52.3639450073
    },
    "spectral_decrease": {
        "mean": -6.616084125e-009,
        "var": 5.25894235763e-017
    },
    "spectral_energy": {
        "mean": 0.0260869152844,
        "var": 0.000808871351182
    },
    "spectral_energyband_high": {
        "mean": 0.000145742335008,
        "var": 1.07805158223e-006
    },
    "spectral_energyband_low": {
        "mean": 0.00875881034881,
        "var": 0.000422381475801
    },
    "spectral_energyband_middle_high": {
        "mean": 0.00397996976972,
        "var": 3.70811503672e-005
    },
    "spectral_energyband_middle_low": {
        "mean": 0.0166255068034,
        "var": 0.000329649832565
    },
    "spectral_entropy": {
        "mean": 5.95811080933,
        "var": 0.533589065075
    },
    "spectral_flux": {
        "mean": 0.0656641200185,
        "var": 0.00537682976574
    },
    "spectral_kurtosis": {
        "mean": 84.1293640137,
        "var": 3313.52294922
    },
    "spectral_rms": {
        "mean": 0.00440220907331,
        "var": 6.07118499829e-006
    },
    "spectral_rolloff": {
        "mean": 819.375854492,
        "var": 587229.0625
    },
    "spectral_skewness": {
        "mean": 6.08754348755,
        "var": 7.67083024979
    },
    "spectral_spread": {
        "mean": 1429851.875,
        "var": 2.22651298611e+012
    },
    "spectral_strongpeak": {
        "mean": 1.23682296276,
        "var": 2.01493859291
    },
    "zerocrossingrate": {
        "mean": 0.0292568970472,
        "var": 0.000512574741151
    },
    "barkbands": {
        "mean": [7.73670690251e-005, 0.00288105430081, 0.00424244720489, 0.00269329012372, 0.00466573191807, 0.00185920740478, 0.000291385862511, 0.00143268494867, 0.0017246643547, 0.00425649387762, 0.000114621594548, 0.000531441241037, 0.00034077122109, 0.000312455114909, 0.000123782650917, 5.85730012972e-005, 9.15159034776e-005, 8.45608738018e-005, 0.000104087113868, 8.21048743092e-005, 2.55523318629e-005, 2.85511287075e-005, 2.27793552767e-005, 1.39734247568e-005, 1.55669004016e-005, 1.1793140402e-005, 4.69473889098e-007],
        "var": [2.44371278768e-008, 7.75091684773e-005, 0.000178891481482, 4.22283665102e-005, 8.21012290544e-005, 2.91501601168e-005, 5.01143574638e-007, 6.38293249722e-006, 5.67508959648e-006, 9.49410532485e-005, 2.84613914658e-008, 7.21070136933e-007, 3.68572926845e-007, 3.47115957311e-007, 1.0508022541e-007, 8.00355550723e-008, 5.26146493485e-007, 3.66692404441e-007, 5.13784470968e-007, 4.96504526382e-007, 2.96756201834e-008, 4.40347029951e-008, 3.12981249806e-008, 9.76573932832e-009, 1.24716263983e-008, 6.55648424441e-009, 1.35887343045e-011]
    },
    "erbbands": {
        "mean": [0.0870958417654, 0.679182171822, 3.58438491821, 8.69450569153, 15.5298633575, 11.3828744888, 17.4607257843, 10.6460285187, 3.9890024662, 27.6831111908, 15.5654554367, 47.1650619507, 173.923553467, 18.8212223053, 9.80958557129, 22.439622879, 16.9818820953, 16.135383606, 9.5713262558, 4.63850498199, 3.85498118401, 4.94090461731, 5.4488863945, 5.21732902527, 5.1483836174, 3.35999035835, 1.41882872581, 1.02544844151, 1.14106655121, 0.737637221813, 0.614787518978, 0.304198890924, 0.234278634191, 0.206005781889, 0.0942614376545, 0.0621173009276, 0.0171534977853, 0.00265403231606, 7.5482596003e-005, 3.1621868402e-005],
        "var": [0.0558810122311, 4.53794145584, 108.955551147, 523.581054688, 861.993896484, 443.091461182, 938.979003906, 2529.33496094, 245.319534302, 2462.42358398, 500.694091797, 4597.70068359, 147831.21875, 1167.04370117, 159.806533813, 1425.83068848, 796.734558105, 840.865600586, 397.79586792, 233.382324219, 417.182098389, 1581.03991699, 1683.65893555, 1455.71826172, 1424.45605469, 822.694091797, 98.8197479248, 48.3310470581, 75.0522918701, 32.1001701355, 22.4984760284, 4.36893939972, 2.81118869781, 2.49349951744, 0.396011412144, 0.186487868428, 0.0131652047858, 0.000325628294377, 2.20444036358e-007, 1.57294588465e-009]
    },
    "gfcc": {
        "mean": [-169.074447632, 218.890441895, -116.781318665, -40.8271255493, -31.3437194824, -3.52953076363, -16.8998298645, -9.56328201294, -25.9036426544, -20.8014583588, -10.4528923035, -24.569606781, -13.7062215805],
        "cov": [[7752.29638672, -3123.01123047, -1165.70288086, 1447.41259766, -342.806854248, -548.707641602, -1080.91027832, 440.529754639, -379.327941895, 145.657333374, -396.434326172, 310.794525146, -152.284790039], [-3123.01123047, 3788.421875, 321.031890869, -1342.02185059, 1140.73449707, -186.827362061, 648.03338623, -342.472137451, 370.57611084, -240.081787109, 522.209716797, -359.309783936, 110.504364014], [-1165.70288086, 321.031890869, 1313.14575195, 194.845230103, 1.26102542877, 561.078918457, 366.638641357, 40.7076835632, 130.84602356, 142.072463989, 107.792655945, 92.6175079346, 116.675544739], [1447.41259766, -1342.02185059, 194.845230103, 889.695251465, -290.021270752, 171.424057007, -191.993331909, 201.792053223, -60.9453430176, 140.18977356, -127.022476196, 200.407989502, 25.0662288666], [-342.806854248, 1140.73449707, 1.26102542877, -290.021270752, 700.9296875, -120.193069458, 155.514892578, -9.1640329361, 154.504776001, -40.7259788513, 176.624633789, -65.6904220581, 38.6846237183], [-548.707641602, -186.827362061, 561.078918457, 171.424057007, -120.193069458, 435.24395752, 192.886611938, 60.5522842407, 65.370010376, 111.794494629, -1.42162537575, 76.7420730591, 55.2657394409], [-1080.91027832, 648.03338623, 366.638641357, -191.993331909, 155.514892578, 192.886611938, 448.941253662, 53.6365394592, 114.865257263, -12.9445018768, 120.568023682, -54.3282699585, 40.4127159119], [440.529754639, -342.472137451, 40.7076835632, 201.792053223, -9.1640329361, 60.5522842407, 53.6365394592, 238.264724731, 33.7289543152, 28.7498111725, -0.175302073359, 95.3447113037, 44.4209442139], [-379.327941895, 370.57611084, 130.84602356, -60.9453430176, 154.504776001, 65.370010376, 114.865257263, 33.7289543152, 139.247619629, 28.8315639496, 63.0704650879, 7.52366399765, 62.4377479553], [145.657333374, -240.081787109, 142.072463989, 140.18977356, -40.7259788513, 111.794494629, -12.9445018768, 28.7498111725, 28.8315639496, 141.198318481, 10.3250236511, 49.9139137268, 6.45580339432], [-396.434326172, 522.209716797, 107.792655945, -127.022476196, 176.624633789, -1.42162537575, 120.568023682, -0.175302073359, 63.0704650879, 10.3250236511, 180.173858643, -16.7989826202, 31.1338119507], [310.794525146, -359.309783936, 92.6175079346, 200.407989502, -65.6904220581, 76.7420730591, -54.3282699585, 95.3447113037, 7.52366399765, 49.9139137268, -16.7989826202, 145.554336548, 68.7985992432], [-152.284790039, 110.504364014, 116.675544739, 25.0662288666, 38.6846237183, 55.2657394409, 40.4127159119, 44.4209442139, 62.4377479553, 6.45580339432, 31.1338119507, 68.7985992432, 108.65146637]],
        "icov": [[0.000387006875826, 3.51269727616e-006, 0.000119581389299, -0.000442619930254, -0.000263621768681, 0.000303352542687, 0.000461719755549, -0.000652349554002, 0.00061272707535, -0.000407784740673, 0.000218488785322, 0.000136659349664, 7.00620075804e-005], [3.51269727616e-006, 0.00423467671499, -0.0014005395351, 0.00241115409881, -0.00266236066818, 0.00132072367705, -0.000954108021688, 0.00344884744845, -0.00445938995108, 0.00386948231608, -0.00441156467423, 0.00307149207219, -0.00248131365515], [0.000119581389299, -0.0014005395351, 0.00268442579545, -0.0015067079803, 0.000539181462955, -0.00265016709454, -0.000426567858085, -0.000238660271862, 0.00199868180789, -0.0014673032565, 0.000659641576931, -0.00123203848489, -1.03731611034e-006], [-0.000442619930254, 0.00241115409881, -0.0015067079803, 0.00454131653532, -0.0010192070622, 0.00019873616111, 0.000162393218488, 0.000735604786314, -0.00249788654037, 0.00150994118303, -0.00196351390332, 0.000470357685117, -0.000991182867438], [-0.000263621768681, -0.00266236066818, 0.000539181462955, -0.0010192070622, 0.00463696103543, 0.000289887277177, 0.000149268773384, -0.00175245606806, -0.000775697233621, -0.00153874815442, 0.00116256182082, -0.00229071127251, 0.00251149968244], [0.000303352542687, 0.00132072367705, -0.00265016709454, 0.00019873616111, 0.000289887277177, 0.00904153566808, -0.00298467278481, 0.00122423213907, -0.0024792086333, -0.00226889597252, 0.00123178132344, -0.00143282453064, -9.67840896919e-005], [0.000461719755549, -0.000954108021688, -0.000426567858085, 0.000162393218488, 0.000149268773384, -0.00298467278481, 0.00760507164523, -0.00501075200737, 0.000372535811039, 0.000895731442142, -0.000975869537797, 0.00390546955168, 0.000262404733803], [-0.000652349554002, 0.00344884744845, -0.000238660271862, 0.000735604786314, -0.00175245606806, 0.00122423213907, -0.00501075200737, 0.012616796419, -0.00682434812188, 0.00468282727525, -0.00389087502845, -0.00409733131528, -0.000275850790786], [0.00061272707535, -0.00445938995108, 0.00199868180789, -0.00249788654037, -0.000775697233621, -0.0024792086333, 0.000372535811039, -0.00682434812188, 0.024474080652, -0.0104464087635, 0.00553373852745, 0.00241118716076, -0.00854310765862], [-0.000407784740673, 0.00386948231608, -0.0014673032565, 0.00150994118303, -0.00153874815442, -0.00226889597252, 0.000895731442142, 0.00468282727525, -0.0104464087635, 0.0174323096871, -0.00740929506719, -0.00112778681796, 0.00397914322093], [0.000218488785322, -0.00441156467423, 0.000659641576931, -0.00196351390332, 0.00116256182082, 0.00123178132344, -0.000975869537797, -0.00389087502845, 0.00553373852745, -0.00740929506719, 0.0146136302501, -0.00338812591508, 0.000669000495691], [0.000136659349664, 0.00307149207219, -0.00123203848489, 0.000470357685117, -0.00229071127251, -0.00143282453064, 0.00390546955168, -0.00409733131528, 0.00241118716076, -0.00112778681796, -0.00338812591508, 0.025934567675, -0.016720533371], [7.00620075804e-005, -0.00248131365515, -1.03731611034e-006, -0.000991182867438, 0.00251149968244, -9.67840896919e-005, 0.000262404733803, -0.000275850790786, -0.00854310765862, 0.00397914322093, 0.000669000495691, -0.016720533371, 0.0262943319976]]
    },
    "melbands": {
        "mean": [0.000788799312431, 0.00158742605709, 0.00165033491794, 0.00113611051347, 0.000514908984769, 0.000259075372014, 5.15396168339e-005, 0.000334583601216, 0.000108521460788, 0.000334921263857, 0.000855363439769, 5.36190418643e-005, 2.18248678721e-005, 5.64333895454e-005, 4.38481292804e-005, 3.75092349714e-005, 2.98842660413e-005, 1.7082940758e-005, 9.49399145611e-006, 3.93645677832e-006, 4.68534426545e-006, 5.10183917868e-006, 5.10018799105e-006, 4.3647273742e-006, 4.25182179242e-006, 3.6947933495e-006, 3.6974579416e-006, 1.86334125374e-006, 9.14184454359e-007, 6.89390901698e-007, 5.85758584748e-007, 7.32371404411e-007, 4.08716942957e-007, 4.12536337535e-007, 3.86392514429e-007, 2.24317702191e-007, 1.7093705651e-007, 1.48283007206e-007, 1.9060462364e-007, 1.70898090346e-007],
        "var": [5.23173684996e-006, 1.84929667739e-005, 1.26882923723e-005, 5.65061282032e-006, 7.79955485086e-007, 1.14373210636e-006, 4.57646613938e-008, 3.69716701698e-007, 2.58337582437e-008, 2.21633627007e-007, 3.62726132153e-006, 8.00701283055e-009, 9.47404155127e-010, 8.60347615372e-009, 5.11496445199e-009, 3.76611897224e-009, 2.95300583986e-009, 1.41398259768e-009, 5.57485280162e-010, 2.92955326664e-010, 7.12584546925e-010, 1.67998448486e-009, 1.62901192535e-009, 1.05547559581e-009, 1.00771535561e-009, 5.84439219242e-010, 1.11595577224e-009, 2.39665204349e-010, 4.04929215159e-011, 2.32077308759e-011, 1.63542287351e-011, 3.22392910979e-011, 9.19219474843e-012, 1.04612950247e-011, 9.29158139318e-012, 2.44977844434e-012, 1.36743112493e-012, 1.04179056874e-012, 2.26420336473e-012, 1.73965659586e-012]
    },
    "mfcc": {
        "mean": [-805.01184082, 237.471740723, 5.07155323029, -25.880695343, -2.71596193314, 1.64364778996, 9.19528007507, 3.73860216141, -10.2852935791, 0.455644071102, 5.30961894989, -13.2575302124, -22.9768505096],
        "cov": [[6065.80664063, -1672.67663574, -1993.77697754, 1007.65423584, 646.000976563, -665.387756348, -685.834594727, -225.746337891, -112.731147766, -113.856521606, -309.782226563, -204.317810059, 359.57244873], [-1672.67663574, 2881.80761719, 91.7439727783, -648.121887207, 358.161712646, 117.634407043, 176.915618896, 142.875595093, -47.1247673035, 89.5438537598, 201.823471069, 68.8643951416, 21.0233917236], [-1993.77697754, 91.7439727783, 1490.3548584, -29.7823009491, -315.259521484, 483.502838135, 443.463104248, 136.359054565, 131.087509155, 96.9769744873, 178.826721191, 185.761016846, -119.813034058], [1007.65423584, -648.121887207, -29.7823009491, 561.57598877, 156.707519531, -20.62616539, -32.8572502136, 34.3860092163, 76.9595565796, 17.863067627, -49.0471038818, 18.3863964081, 100.038551331], [646.000976563, 358.161712646, -315.259521484, 156.707519531, 437.262054443, -30.6419258118, -110.504844666, 47.0979537964, 49.2232284546, 8.46461296082, -21.1770687103, 22.7070083618, 140.395309448], [-665.387756348, 117.634407043, 483.502838135, -20.62616539, -30.6419258118, 297.310913086, 187.423019409, 32.1309242249, 61.6478843689, 55.0474624634, 85.6038742065, 81.1348800659, -27.489238739], [-685.834594727, 176.915618896, 443.463104248, -32.8572502136, -110.504844666, 187.423019409, 264.174957275, 101.150749207, 31.4168052673, 77.2036819458, 125.404563904, 73.2842178345, -62.4015426636], [-225.746337891, 142.875595093, 136.359054565, 34.3860092163, 47.0979537964, 32.1309242249, 101.150749207, 185.122085571, 121.131843567, 33.6231422424, 51.5621299744, 54.5214996338, -3.1802880764], [-112.731147766, -47.1247673035, 131.087509155, 76.9595565796, 49.2232284546, 61.6478843689, 31.4168052673, 121.131843567, 180.201034546, 49.183303833, -0.017242513597, 41.2937507629, 36.4696273804], [-113.856521606, 89.5438537598, 96.9769744873, 17.863067627, 8.46461296082, 55.0474624634, 77.2036819458, 33.6231422424, 49.183303833, 109.227668762, 58.652256012, 24.1297569275, 29.7097854614], [-309.782226563, 201.823471069, 178.826721191, -49.0471038818, -21.1770687103, 85.6038742065, 125.404563904, 51.5621299744, -0.017242513597, 58.652256012, 132.115356445, 60.3802871704, -24.3093528748], [-204.317810059, 68.8643951416, 185.761016846, 18.3863964081, 22.7070083618, 81.1348800659, 73.2842178345, 54.5214996338, 41.2937507629, 24.1297569275, 60.3802871704, 81.819770813, 17.9042549133], [359.57244873, 21.0233917236, -119.813034058, 100.038551331, 140.395309448, -27.489238739, -62.4015426636, -3.1802880764, 36.4696273804, 29.7097854614, -24.3093528748, 17.9042549133, 124.298927307]],
        "icov": [[0.000667953921948, 0.00024009362096, 0.000716220180038, -0.000803172180895, -0.000311186799081, 0.000140522242873, -8.31249199109e-005, 0.000284665235085, 0.000153529035742, 0.000238154243561, -0.000546467083041, 0.000223412571358, -0.000528994540218], [0.00024009362096, 0.00117476016749, -0.000241910587647, 0.00146149657667, -0.00223637535237, 0.00101038266439, -0.00156492798124, 0.000177184803761, 0.000214488143683, 0.00025688187452, -0.000838657841086, 0.00134756346233, -0.000816791201942], [0.000716220180038, -0.000241910587647, 0.00352576491423, -0.00196474441327, 0.00224322662689, -0.00292648165487, -0.000522892514709, -0.000239273605985, 4.5710534323e-005, 5.2317216614e-005, 0.000982658471912, -0.00346357235685, 0.00016443504137], [-0.000803172180895, 0.00146149657667, -0.00196474441327, 0.0061892606318, -0.00414800085127, 0.00298888096586, -0.00451915478334, 0.00153896445408, -0.00173173088115, 0.000724747835193, 0.000628603040241, 0.00155697017908, -0.00144853722304], [-0.000311186799081, -0.00223637535237, 0.00224322662689, -0.00414800085127, 0.0116537678987, -0.00910771358758, 0.0109441168606, -0.0101047940552, 0.0062568965368, -0.00252073514275, 0.00110586010851, -0.00272932997905, -0.00378614314832], [0.000140522242873, 0.00101038266439, -0.00292648165487, 0.00298888096586, -0.00910771358758, 0.0208294317126, -0.019550036639, 0.0210525542498, -0.016453390941, 0.00771363265812, -0.00312724732794, -0.00135674781632, 0.00238144909963], [-8.31249199109e-005, -0.00156492798124, -0.000522892514709, -0.00451915478334, 0.0109441168606, -0.019550036639, 0.0383761152625, -0.0293726697564, 0.0234114974737, -0.0177573207766, 0.000455718662124, -0.00278284680098, 0.00333299324848], [0.000284665235085, 0.000177184803761, -0.000239273605985, 0.00153896445408, -0.0101047940552, 0.0210525542498, -0.0293726697564, 0.0415505766869, -0.0321682617068, 0.0159895755351, -0.00724542327225, -0.00284835207276, 0.00467344606295], [0.000153529035742, 0.000214488143683, 4.5710534323e-005, -0.00173173088115, 0.0062568965368, -0.016453390941, 0.0234114974737, -0.0321682617068, 0.0342727713287, -0.0187431667, 0.0112873185426, -0.0042198128067, -0.00157875916921], [0.000238154243561, 0.00025688187452, 5.2317216614e-005, 0.000724747835193, -0.00252073514275, 0.00771363265812, -0.0177573207766, 0.0159895755351, -0.0187431667, 0.0305667575449, -0.0165052432567, 0.013697934337, -0.0122255170718], [-0.000546467083041, -0.000838657841086, 0.000982658471912, 0.000628603040241, 0.00110586010851, -0.00312724732794, 0.000455718662124, -0.00724542327225, 0.0112873185426, -0.0165052432567, 0.0295874569565, -0.0205927770585, 0.00965271145105], [0.000223412571358, 0.00134756346233, -0.00346357235685, 0.00155697017908, -0.00272932997905, -0.00135674781632, -0.00278284680098, -0.00284835207276, -0.0042198128067, 0.013697934337, -0.0205927770585, 0.042515296489, -0.0163404010236], [-0.000528994540218, -0.000816791201942, 0.00016443504137, -0.00144853722304, -0.00378614314832, 0.00238144909963, 0.00333299324848, 0.00467344606295, -0.00157875916921, -0.0122255170718, 0.00965271145105, -0.0163404010236, 0.0252606403083]]
    },
    "spectral_contrast_coeffs": {
        "mean": [-0.544917225838, -0.662199556828, -0.650869786739, -0.684010982513, -0.775269567966, -0.8392354846],
        "var": [0.0107608838007, 0.00478329323232, 0.00829847250134, 0.00758070219308, 0.00736189214513, 0.00152918754611]
    },
    "spectral_contrast_valleys": {
        "mean": [-8.2528181076, -7.6709728241, -7.91729307175, -9.37720775604, -10.6128425598, -13.4762611389],
        "var": [1.48294079304, 1.35222959518, 1.10847520828, 2.11822533607, 2.17460417747, 2.31058430672]
    }
},
"metadata": {
    "audio_properties": {
        "analysis_sample_rate": 44100,
        "bit_rate": 128074,
        "equal_loudness": 0,
        "length": 45.0612258911,
        "lossless": 0,
        "replay_gain": -5.43974304199,
        "sample_rate": 44100,
        "codec": "mp3",
        "downmix": "mix",
        "md5_encoded": "7a559a5ecbbf54550b72804c039425a5"
    },
    "tags": {
        "file_name": "1175.mp3"
    },
    "version": {
        "essentia": "2.1-beta2",
        "essentia_git_sha": "v2.1_beta2",
        "extractor": "music 1.0"
    }
},
"rhythm": {
    "beats_count": 97,
    "beats_loudness": {
        "mean": 0.0372767671943,
        "var": 0.000357590644853
    },
    "bpm": 120.048484802,
    "bpm_histogram_first_peak_bpm": {
        "mean": 120,
        "var": 0
    },
    "bpm_histogram_first_peak_spread": {
        "mean": 0.120689600706,
        "var": 0
    },
    "bpm_histogram_first_peak_weight": {
        "mean": 0.53125,
        "var": 0
    },
    "bpm_histogram_second_peak_bpm": {
        "mean": 152,
        "var": 0
    },
    "bpm_histogram_second_peak_spread": {
        "mean": 0.266666650772,
        "var": 0
    },
    "bpm_histogram_second_peak_weight": {
        "mean": 0.114583335817,
        "var": 0
    },
    "danceability": 1.1678391695,
    "onset_rate": 3.74876260757,
    "beats_loudness_band_ratio": {
        "mean": [0.528539538383, 0.176019594073, 0.209332540631, 0.0950585901737, 0.0357074998319, 0.0430751666427],
        "var": [0.117274105549, 0.0449501015246, 0.0523157268763, 0.00784607138485, 0.00579703832045, 0.0143091473728]
    },
    "beats_position": [0.487619042397, 0.975238084793, 1.47446703911, 1.97369611263, 2.47292518616, 2.97215414047, 3.48299312592, 3.98222208023, 4.48145103455, 4.98067998886, 5.47990942001, 5.97913837433, 6.47836732864, 6.97759628296, 7.47682523727, 7.97605419159, 8.47528362274, 8.97451210022, 9.47374153137, 9.97297000885, 10.47219944, 10.9714279175, 11.4706573486, 11.9698867798, 12.4691152573, 12.9799547195, 13.479183197, 13.9784126282, 14.4776411057, 14.9768705368, 15.4760990143, 15.9753284454, 16.4745578766, 16.9737873077, 17.4730148315, 17.9722442627, 18.4714736938, 18.970703125, 19.4699325562, 19.96916008, 20.4683895111, 20.851518631, 21.2230377197, 21.6061668396, 21.9776859283, 22.3608150482, 22.7671642303, 23.1967334747, 23.5914726257, 23.9862117767, 24.3577327728, 24.7292518616, 25.1007709503, 25.5187301636, 25.9366893768, 26.3546485901, 26.7726078033, 27.1905670166, 27.5853061676, 27.9800453186, 28.3515644073, 28.7230834961, 29.106212616, 29.5125617981, 29.9189109802, 30.3252601624, 30.7432193756, 31.17278862, 31.567527771, 31.962266922, 32.3453979492, 32.7285270691, 33.111656189, 33.4947853088, 33.8895225525, 34.2842636108, 34.6790008545, 35.0737419128, 35.4684791565, 35.9677085876, 36.4669380188, 36.96616745, 37.4770050049, 37.976234436, 38.4754638672, 38.9746932983, 39.4855308533, 39.9847602844, 40.4839897156, 40.9832191467, 41.4940567017, 41.9932861328, 42.492515564, 42.9917449951, 43.4909744263, 43.9785919189, 44.4778213501]
},
"tonal": {
    "chords_changes_rate": 0.0236625522375,
    "chords_number_rate": 0.00617283955216,
    "chords_strength": {
        "mean": 0.489366948605,
        "var": 0.00719214649871
    },
    "hpcp_entropy": {
        "mean": 1.84507644176,
        "var": 0.261757791042
    },
    "key_strength": 0.763758540154,
    "tuning_diatonic_strength": 0.536951839924,
    "tuning_equal_tempered_deviation": 0.106552518904,
    "tuning_frequency": 440.508636475,
    "tuning_nontempered_energy_ratio": 0.665991008282,
    "hpcp": {
        "mean": [0.0634813308716, 0.0351380743086, 0.0382791832089, 0.0557055920362, 0.0553758591413, 0.0482149608433, 0.0805056169629, 0.134025171399, 0.242153868079, 0.25291159749, 0.106562368572, 0.031653098762, 0.0281723663211, 0.0359054803848, 0.101639486849, 0.145265653729, 0.143268927932, 0.141050815582, 0.0877020806074, 0.041761059314, 0.0374981574714, 0.0444906838238, 0.0874688699841, 0.261686503887, 0.305788576603, 0.120958127081, 0.0421231761575, 0.0524278357625, 0.0346333570778, 0.220874473453, 0.45313179493, 0.312218695879, 0.193337380886, 0.18582727015, 0.107796251774, 0.0888034850359],
        "var": [0.0233578737825, 0.0150289777666, 0.016526684165, 0.0303072314709, 0.0294634066522, 0.0200119912624, 0.0387165918946, 0.0767535045743, 0.0712178945541, 0.0840085968375, 0.02432224527, 0.00987457577139, 0.0107018379495, 0.010372845456, 0.0377919375896, 0.0720990970731, 0.0455731377006, 0.0671302750707, 0.0270407218486, 0.0123424585909, 0.0111042726785, 0.0127937318757, 0.0285829156637, 0.0776202529669, 0.103677995503, 0.0236439276487, 0.00692472467199, 0.00814491603523, 0.00473791826516, 0.0403739213943, 0.159100532532, 0.0640913173556, 0.104546643794, 0.109405077994, 0.0404538474977, 0.0336143262684]
    },
    "chords_histogram": [25.3086414337, 0, 0, 0, 0, 1.85185182095, 0, 18.0041160583, 18.3127574921, 17.4897117615, 0, 0, 0, 0, 0, 0, 0, 0, 0, 0, 0, 0, 19.0329227448, 0],
    "thpcp": [1, 0.689024031162, 0.426669210196, 0.41009542346, 0.237891614437, 0.195977166295, 0.14009462297, 0.0775449350476, 0.0844769328833, 0.122934632003, 0.122206963599, 0.106403835118, 0.177664905787, 0.295775264502, 0.534400522709, 0.558141350746, 0.235168591142, 0.0698540657759, 0.0621725656092, 0.0792384892702, 0.22430446744, 0.32058146596, 0.316174954176, 0.311279892921, 0.193546518683, 0.0921609550714, 0.082753315568, 0.0981848612428, 0.193031847477, 0.577506363392, 0.674833655357, 0.266938060522, 0.0929600968957, 0.115701071918, 0.0764310881495, 0.48743981123],
    "chords_key": "C",
    "chords_scale": "minor",
    "key_key": "C",
    "key_scale": "minor"
}
}