{
"lowlevel": {
    "average_loudness": 0.17182379961,
    "barkbands_crest": {
        "mean": 10.227558136,
        "var": 10.2133722305
    },
    "barkbands_flatness_db": {
        "mean": 0.235976189375,
        "var": 0.00196668296121
    },
    "barkbands_kurtosis": {
        "mean": 4.17049694061,
        "var": 29.3359680176
    },
    "barkbands_skewness": {
        "mean": 1.09372925758,
        "var": 0.876704156399
    },
    "barkbands_spread": {
        "mean": 5.94956254959,
        "var": 11.8997554779
    },
    "dissonance": {
        "mean": 0.410334616899,
        "var": 0.00264945439994
    },
    "dynamic_complexity": 4.83595466614,
    "erbbands_crest": {
        "mean": 12.8502531052,
        "var": 21.1359653473
    },
    "erbbands_flatness_db": {
        "mean": 0.281130164862,
        "var": 0.00259134499356
    },
    "erbbands_kurtosis": {
        "mean": 2.32671737671,
        "var": 7.65360736847
    },
    "erbbands_skewness": {
        "mean": 0.782126307487,
        "var": 0.562665998936
    },
    "erbbands_spread": {
        "mean": 12.7313566208,
        "var": 76.2715759277
    },
    "hfc": {
        "mean": 12.4332313538,
        "var": 360.918670654
    },
    "melbands_crest": {
        "mean": 13.3091087341,
        "var": 21.2976093292
    },
    "melbands_flatness_db": {
        "mean": 0.306298643351,
        "var": 0.00247853109613
    },
    "melbands_kurtosis": {
        "mean": 5.23417949677,
        "var": 68.7480392456
    },
    "melbands_skewness": {
        "mean": 1.22649145126,
        "var": 1.06797456741
    },
    "melbands_spread": {
        "mean": 8.92574596405,
        "var": 19.3442287445
    },
    "pitch_salience": {
        "mean": 0.583721399307,
        "var": 0.00893661379814
    },
    "silence_rate_20dB": {
        "mean": 1,
        "var": 0
    },
    "silence_rate_30dB": {
        "mean": 0.988156557083,
        "var": 0.011703745462
    },
    "silence_rate_60dB": {
        "mean": 0.137487128377,
        "var": 0.118585750461
    },
    "spectral_centroid": {
        "mean": 632.266540527,
        "var": 83332.7265625
    },
    "spectral_complexity": {
        "mean": 10.739443779,
        "var": 18.9743900299
    },
    "spectral_decrease": {
        "mean": -4.7631467659e-009,
        "var": 3.3412673751e-017
    },
    "spectral_energy": {
        "mean": 0.0191048998386,
        "var": 0.000551781267859
    },
    "spectral_energyband_high": {
        "mean": 1.60422296176e-005,
        "var": 2.39202435637e-009
    },
    "spectral_energyband_low": {
        "mean": 0.000373533315724,
        "var": 1.96479305714e-007
    },
    "spectral_energyband_middle_high": {
        "mean": 0.00531726516783,
        "var": 0.000115000191727
    },
    "spectral_energyband_middle_low": {
        "mean": 0.013692336157,
        "var": 0.00025808121427
    },
    "spectral_entropy": {
        "mean": 6.50863599777,
        "var": 0.184458881617
    },
    "spectral_flux": {
        "mean": 0.0618330277503,
        "var": 0.00144287245348
    },
    "spectral_kurtosis": {
        "mean": 20.9718856812,
        "var": 137.084899902
    },
    "spectral_rms": {
        "mean": 0.00377996196039,
        "var": 4.35080391981e-006
    },
    "spectral_rolloff": {
        "mean": 814.914123535,
        "var": 219183.453125
    },
    "spectral_skewness": {
        "mean": 3.36447620392,
        "var": 0.913228094578
    },
    "spectral_spread": {
        "mean": 2312768.75,
        "var": 2.13268155597e+012
    },
    "spectral_strongpeak": {
        "mean": 1.37441861629,
        "var": 2.49859905243
    },
    "zerocrossingrate": {
        "mean": 0.0314576812088,
        "var": 0.00021021682187
    },
    "barkbands": {
        "mean": [9.94709807856e-006, 4.7070432629e-005, 0.000196724053239, 0.000232397112995, 0.00154762202874, 0.00333165959455, 0.00241961330175, 0.00379879609682, 0.00182947784197, 0.00154407205991, 0.00142129114829, 0.00203922367655, 0.000320085440762, 0.000119109390653, 8.33510785014e-005, 2.50869761658e-005, 4.02319128625e-005, 5.27681550011e-005, 2.65682174359e-005, 7.34280820325e-006, 3.07498612528e-006, 1.40592931075e-006, 2.29089687309e-006, 3.30892316924e-006, 2.08598544305e-006, 3.10849657126e-007, 2.26613909859e-008],
        "var": [3.53370388506e-010, 5.15390841116e-009, 8.94374210247e-008, 9.39556770163e-008, 3.11721805701e-006, 1.34283309308e-005, 1.22256633404e-005, 7.7926175436e-005, 4.00731551053e-005, 7.89254863776e-006, 1.42065418913e-005, 7.88816541899e-005, 8.54780978443e-007, 1.26005787138e-007, 4.00966193581e-008, 4.19636903004e-009, 4.43004077866e-009, 5.26441779058e-009, 1.16837650666e-009, 1.17833090507e-010, 3.57209990753e-011, 4.67176679286e-011, 1.53704812766e-010, 1.97817165426e-010, 1.00923630564e-010, 1.97268134987e-012, 1.47884515641e-014]
    },
    "erbbands": {
        "mean": [0.00133908295538, 0.0130177550018, 0.151380047202, 0.613730251789, 1.32069563866, 5.06974649429, 20.7549057007, 27.9850063324, 33.5490341187, 52.3402862549, 82.8173217773, 44.5561027527, 39.0983467102, 56.037727356, 63.6516609192, 84.1668701172, 24.5649604797, 8.29462623596, 5.18313169479, 2.21515679359, 1.68592309952, 2.27491760254, 2.69791603088, 2.12513422966, 1.01138067245, 0.354945093393, 0.194756790996, 0.0793019980192, 0.0489731878042, 0.0604601949453, 0.0667093023658, 0.0709080174565, 0.0518460981548, 0.0295339375734, 0.0116068385541, 0.00221354397945, 0.000464071083115, 8.78471400938e-005, 1.18536790978e-005, 2.20402871491e-005],
        "var": [2.03542458621e-006, 0.000439063995145, 0.0452724732459, 0.575193226337, 2.54440021515, 31.8841629028, 730.46081543, 1290.75048828, 2366.86132813, 11560.9599609, 60809.2070313, 11921.0058594, 6434.05078125, 15000.6835938, 32052.2109375, 135120.625, 10385.2958984, 422.394317627, 131.263031006, 22.1048145294, 15.7696113586, 13.0667314529, 12.7401704788, 7.51917123795, 2.21779751778, 0.274159550667, 0.120505288243, 0.0266273785383, 0.0429829470813, 0.126477316022, 0.120841242373, 0.12518261373, 0.0402748808265, 0.0231843721122, 0.00273871701211, 0.000106000879896, 4.10523398386e-006, 1.56243586957e-007, 2.9536004198e-010, 7.52907070023e-010]
    },
    "gfcc": {
        "mean": [-117.172294617, 156.174423218, -128.471618652, -22.6676082611, -76.8844604492, -12.2078533173, -41.1245765686, 7.12737798691, -30.3124904633, -13.854429245, 5.54825305939, -7.51987600327, -5.99914646149],
        "cov": [[6370.61621094, -146.282104492, -1696.42053223, -602.853210449, -225.915557861, -238.37588501, -194.25088501, 34.9379272461, -127.41217041, -112.18397522, 188.103973389, -337.209960938, -63.4641342163], [-146.282104492, 598.282775879, 42.2205619812, -199.356887817, 24.7610111237, -124.305892944, 138.05960083, -4.54361963272, -50.300403595, -146.95715332, 106.161254883, -36.8351020813, 30.2912540436], [-1696.42053223, 42.2205619812, 705.083862305, 229.770492554, 21.5457363129, 78.8527908325, -12.0731620789, -14.5490283966, 43.1412010193, 29.3625621796, -84.8028869629, 123.608757019, 13.2122917175], [-602.853210449, -199.356887817, 229.770492554, 395.898773193, 102.542160034, 59.6800308228, -128.486495972, -17.6855449677, 89.7166824341, 87.0536499023, -129.621337891, 39.6257858276, 29.9789276123], [-225.915557861, 24.7610111237, 21.5457363129, 102.542160034, 150.876831055, 23.4161205292, -39.3891487122, -0.526974081993, 34.8432312012, 31.4907608032, -47.0693778992, -24.1086921692, 18.4851398468], [-238.37588501, -124.305892944, 78.8527908325, 59.6800308228, 23.4161205292, 150.555984497, 22.4830780029, -2.04834103584, 6.34141159058, 52.1053009033, -40.016330719, 16.5695095062, -23.6253643036], [-194.25088501, 138.05960083, -12.0731620789, -128.486495972, -39.3891487122, 22.4830780029, 205.754577637, 41.2773628235, -57.5467910767, -42.2816886902, 72.0180892944, 14.9451284409, -26.2430496216], [34.9379272461, -4.54361963272, -14.5490283966, -17.6855449677, -0.526974081993, -2.04834103584, 41.2773628235, 92.3343200684, 12.97128582, -15.9276762009, -1.98432087898, 6.38357543945, -6.34420585632], [-127.41217041, -50.300403595, 43.1412010193, 89.7166824341, 34.8432312012, 6.34141159058, -57.5467910767, 12.97128582, 92.4547729492, 45.3503646851, -44.5106582642, 0.36652854085, 11.8453607559], [-112.18397522, -146.95715332, 29.3625621796, 87.0536499023, 31.4907608032, 52.1053009033, -42.2816886902, -15.9276762009, 45.3503646851, 114.407775879, -23.6791191101, 1.69858241081, -2.97304272652], [188.103973389, 106.161254883, -84.8028869629, -129.621337891, -47.0693778992, -40.016330719, 72.0180892944, -1.98432087898, -44.5106582642, -23.6791191101, 124.418144226, 9.4143037796, -7.31351709366], [-337.209960938, -36.8351020813, 123.608757019, 39.6257858276, -24.1086921692, 16.5695095062, 14.9451284409, 6.38357543945, 0.36652854085, 1.69858241081, 9.4143037796, 96.2085189819, 20.7430896759], [-63.4641342163, 30.2912540436, 13.2122917175, 29.9789276123, 18.4851398468, -23.6253643036, -26.2430496216, -6.34420585632, 11.8453607559, -2.97304272652, -7.31351709366, 20.7430896759, 77.2210845947]],
        "icov": [[0.000728728831746, -0.000751448096707, 0.00182505475823, -0.000182395640877, 0.00157586031128, -0.000726695987396, 0.00200034375302, -0.00116717652418, 0.00099242280703, -0.000480707851239, 5.29262979398e-005, 0.000192700637854, 0.000419086049078], [-0.000751448096707, 0.008500601165, -0.0049406462349, 0.00266682147048, -0.00675731757656, 0.00431768270209, -0.00674668094143, 0.00498260557652, -0.00533870700747, 0.00845558382571, -0.00481739407405, 0.00531830592081, -0.00382736860774], [0.00182505475823, -0.0049406462349, 0.00819181650877, -0.00235511758365, 0.00592767912894, -0.00338143156841, 0.00604133587331, -0.00338478432968, 0.00357841909863, -0.00378528027795, 0.00328550185077, -0.00464001204818, 0.0031351307407], [-0.000182395640877, 0.00266682147048, -0.00235511758365, 0.00719684828073, -0.00443038437515, 0.00150751962792, -0.000512431492098, 0.00195470894687, -0.00278519373387, 0.000519226538017, 0.00213278760202, -0.00092937523732, -0.00117995438632], [0.00157586031128, -0.00675731757656, 0.00592767912894, -0.00443038437515, 0.0165425650775, -0.00525114312768, 0.00706469034776, -0.00576453190297, 0.00420819269493, -0.00662813149393, 0.00335264368914, 0.00123161030933, 9.83276186162e-005], [-0.000726695987396, 0.00431768270209, -0.00338143156841, 0.00150751962792, -0.00525114312768, 0.0139936497435, -0.00757143460214, 0.00391263980418, -0.000582769978791, -0.00167777715251, 0.00324279861525, -0.000583886168897, 0.0014777907636], [0.00200034375302, -0.00674668094143, 0.00604133587331, -0.000512431492098, 0.00706469034776, -0.00757143460214, 0.0181361790746, -0.00997183658183, 0.00827312842011, -0.00450178328902, -0.00155028968584, -0.00286072515883, 0.00397162744775], [-0.00116717652418, 0.00498260557652, -0.00338478432968, 0.00195470894687, -0.00576453190297, 0.00391263980418, -0.00997183658183, 0.0184024963528, -0.00930933188647, 0.00708529353142, 0.000405927858083, -0.000443957105745, -0.000535008439329], [0.00099242280703, -0.00533870700747, 0.00357841909863, -0.00278519373387, 0.00420819269493, -0.000582769978791, 0.00827312842011, -0.00930933188647, 0.0235586035997, -0.0119583960623, 0.00545458495617, -0.00221642339602, 0.00127771717962], [-0.000480707851239, 0.00845558382571, -0.00378528027795, 0.000519226538017, -0.00662813149393, -0.00167777715251, -0.00450178328902, 0.00708529353142, -0.0119583960623, 0.0242974031717, -0.00914878491312, 0.0061965752393, -0.00290147261694], [5.29262979398e-005, -0.00481739407405, 0.00328550185077, 0.00213278760202, 0.00335264368914, 0.00324279861525, -0.00155028968584, 0.000405927858083, 0.00545458495617, -0.00914878491312, 0.020828364417, -0.00889617111534, 0.00341249722987], [0.000192700637854, 0.00531830592081, -0.00464001204818, -0.00092937523732, 0.00123161030933, -0.000583886168897, -0.00286072515883, -0.000443957105745, -0.00221642339602, 0.0061965752393, -0.00889617111534, 0.0229764394462, -0.0086911637336], [0.000419086049078, -0.00382736860774, 0.0031351307407, -0.00117995438632, 9.83276186162e-005, 0.0014777907636, 0.00397162744775, -0.000535008439329, 0.00127771717962, -0.00290147261694, 0.00341249722987, -0.0086911637336, 0.0188017450273]]
    },
    "melbands": {
        "mean": [1.26874892885e-005, 6.00269668212e-005, 0.00011869577429, 0.000184351592907, 0.00063399184728, 0.00062409392558, 0.000512244761921, 0.000621833023615, 0.000651761714835, 0.000251671939623, 0.000187123485375, 0.000219359862967, 0.000185244862223, 0.000226770440349, 0.000148881634232, 2.5744915547e-005, 1.37950210046e-005, 7.91721959104e-006, 4.97861492477e-006, 1.76462799573e-006, 1.995850198e-006, 2.28807039093e-006, 2.57357783084e-006, 2.37854783336e-006, 1.6559646383e-006, 9.28620011109e-007, 3.71487573148e-007, 2.09957462971e-007, 1.26547647028e-007, 8.09055507034e-008, 3.63806655912e-008, 2.56378029917e-008, 2.93821447173e-008, 3.5119132491e-008, 3.75166884226e-008, 4.08790299389e-008, 4.43872458789e-008, 3.75407935849e-008, 2.95773840975e-008, 2.37423147809e-008],
        "var": [2.12192957649e-010, 7.07736713679e-009, 1.8050053896e-008, 4.09652187727e-008, 6.04469619248e-007, 5.68373479837e-007, 5.34369121397e-007, 1.67480629898e-006, 4.93731522511e-006, 3.32024200134e-007, 1.56714776267e-007, 2.44330010446e-007, 2.71403905572e-007, 6.28173381756e-007, 8.44542057621e-007, 4.21221946212e-009, 1.93677940352e-009, 3.40413169875e-010, 1.45633630155e-010, 2.03442696717e-011, 2.11856625992e-011, 1.44983877334e-011, 1.44644877673e-011, 1.10126196357e-011, 4.97387200871e-012, 2.10131087877e-012, 3.36506376149e-013, 1.41251227837e-013, 5.02748477614e-014, 3.03622246431e-014, 8.34508802799e-015, 1.04183061985e-014, 3.03701630359e-014, 4.53690497714e-014, 4.26414376628e-014, 4.56567394297e-014, 4.57698013875e-014, 2.07299811133e-014, 1.45748315489e-014, 1.93214330847e-014]
    },
    "mfcc": {
        "mean": [-761.642944336, 195.741073608, -6.04292154312, -9.25908756256, -16.2409648895, -34.397895813, 0.0829557627439, -2.09970855713, -20.6175632477, -8.32956600189, -4.17141389847, 0.896613538265, -7.2300786972],
        "cov": [[6251.04736328, -7.03157281876, -1563.67895508, -473.49395752, -311.555633545, -551.063781738, -43.7566108704, -204.17565918, -242.216186523, 6.81932115555, -54.304145813, 176.756698608, -143.549407959], [-7.03157281876, 739.822570801, -74.7936019897, -109.112693787, -174.264038086, -186.993164063, 157.493041992, 94.2738189697, -79.8611373901, -77.1647491455, -2.55200123787, 31.6749820709, -27.4316368103], [-1563.67895508, -74.7936019897, 638.55670166, 127.144020081, 70.0478057861, 157.633636475, -42.3386650085, 60.1864128113, 54.7945251465, -40.8104629517, 6.26859092712, -42.77501297, 60.2301902771], [-473.49395752, -109.112693787, 127.144020081, 229.838485718, 161.206741333, 67.7011489868, -80.4191894531, -30.812297821, 64.0985717773, 30.7311897278, -17.6816310883, -45.3295555115, -8.17043113708], [-311.555633545, -174.264038086, 70.0478057861, 161.206741333, 295.6378479, 118.587348938, -138.38999939, -81.9911270142, 89.1579589844, 76.0758514404, -24.3518352509, -74.3498840332, -21.7773609161], [-551.063781738, -186.993164063, 157.633636475, 67.7011489868, 118.587348938, 218.642745972, -31.9547367096, -39.6869392395, 52.3318710327, 47.3897476196, 8.35153484344, -43.2090263367, 18.2661724091], [-43.7566108704, 157.493041992, -42.3386650085, -80.4191894531, -138.38999939, -31.9547367096, 189.064193726, 72.9578323364, -45.0044670105, -32.9337768555, 19.4757442474, 45.9481163025, 11.7512426376], [-204.17565918, 94.2738189697, 60.1864128113, -30.812297821, -81.9911270142, -39.6869392395, 72.9578323364, 140.734313965, -1.23421692848, -39.9698295593, 19.7275695801, 6.90175294876, 5.7011051178], [-242.216186523, -79.8611373901, 54.7945251465, 64.0985717773, 89.1579589844, 52.3318710327, -45.0044670105, -1.23421692848, 104.749404907, 52.3403587341, -7.83767223358, -35.6800079346, -7.39352464676], [6.81932115555, -77.1647491455, -40.8104629517, 30.7311897278, 76.0758514404, 47.3897476196, -32.9337768555, -39.9698295593, 52.3403587341, 101.56817627, 12.1909866333, -27.8527431488, -12.7048768997], [-54.304145813, -2.55200123787, 6.26859092712, -17.6816310883, -24.3518352509, 8.35153484344, 19.4757442474, 19.7275695801, -7.83767223358, 12.1909866333, 62.8086051941, 24.1262493134, 4.25257349014], [176.756698608, 31.6749820709, -42.77501297, -45.3295555115, -74.3498840332, -43.2090263367, 45.9481163025, 6.90175294876, -35.6800079346, -27.8527431488, 24.1262493134, 88.7733840942, 30.6543483734], [-143.549407959, -27.4316368103, 60.2301902771, -8.17043113708, -21.7773609161, 18.2661724091, 11.7512426376, 5.7011051178, -7.39352464676, -12.7048768997, 4.25257349014, 30.6543483734, 67.6715164185]],
        "icov": [[0.000617009587586, 0.000307906040689, 0.00119200663175, 0.000539352477062, 0.000242886933847, 0.000495583284646, 0.000767949793953, 9.71807457972e-005, 0.000476974790217, -3.94381495425e-005, 0.000606767192949, -0.000616394099779, 0.000526493473444], [0.000307906040689, 0.00237947585993, 0.000176059635123, 0.000624779553618, -0.000236794905504, 0.00222086440772, -0.00147308979649, 0.000144899880979, 0.000631216738839, 0.000285107817035, 0.000312328425935, 0.000494336592965, 0.00098330527544], [0.00119200663175, 0.000176059635123, 0.00540842954069, -0.000338364829076, 0.00106941233389, -0.00140510499477, 0.00265105371363, -0.00118472450413, -9.12460818654e-005, 0.0024660024792, 0.000104956896394, 0.000161605901667, -0.00151854986325], [0.000539352477062, 0.000624779553618, -0.000338364829076, 0.00853585451841, -0.00382802588865, 0.00155646156054, 0.000287813541945, 0.000420315249357, -0.00103739730548, 0.000506538664922, 0.000963887083344, -0.00067169778049, 0.00121716596186], [0.000242886933847, -0.000236794905504, 0.00106941233389, -0.00382802588865, 0.0104160290211, -0.00307061127387, 0.00419497210532, 0.00142201047856, -0.00192688161042, -0.00180855346844, 0.00137289462145, 0.000955743074883, 0.00126850907691], [0.000495583284646, 0.00222086440772, -0.00140510499477, 0.00155646156054, -0.00307061127387, 0.011509927921, -0.00408197101206, 0.00390661694109, -0.000900062615983, -0.000514504616149, -0.00308658974245, 0.0042751939036, -0.00226277299225], [0.000767949793953, -0.00147308979649, 0.00265105371363, 0.000287813541945, 0.00419497210532, -0.00408197101206, 0.0129494331777, -0.00523913325742, 0.00275297882035, -0.00233005429618, 0.00294026522897, -0.00525909708813, 0.00141246337444], [9.71807457972e-005, 0.000144899880979, -0.00118472450413, 0.000420315249357, 0.00142201047856, 0.00390661694109, -0.00523913325742, 0.0148285869509, -0.00628710864112, 0.00622571865097, -0.00679441587999, 0.00576021289453, -0.00126667204313], [0.000476974790217, 0.000631216738839, -9.12460818654e-005, -0.00103739730548, -0.00192688161042, -0.000900062615983, 0.00275297882035, -0.00628710864112, 0.0200385637581, -0.0103938411921, 0.00587072595954, -0.00213870313019, 0.00173593545333], [-3.94381495425e-005, 0.000285107817035, 0.0024660024792, 0.000506538664922, -0.00180855346844, -0.000514504616149, -0.00233005429618, 0.00622571865097, -0.0103938411921, 0.0223174057901, -0.0100266998634, 0.00661231623963, -0.00197562668473], [0.000606767192949, 0.000312328425935, 0.000104956896394, 0.000963887083344, 0.00137289462145, -0.00308658974245, 0.00294026522897, -0.00679441587999, 0.00587072595954, -0.0100266998634, 0.0257027335465, -0.0116954119876, 0.00521511118859], [-0.000616394099779, 0.000494336592965, 0.000161605901667, -0.00067169778049, 0.000955743074883, 0.0042751939036, -0.00525909708813, 0.00576021289453, -0.00213870313019, 0.00661231623963, -0.0116954119876, 0.0256078392267, -0.0116078471765], [0.000526493473444, 0.00098330527544, -0.00151854986325, 0.00121716596186, 0.00126850907691, -0.00226277299225, 0.00141246337444, -0.00126667204313, 0.00173593545333, -0.00197562668473, 0.00521511118859, -0.0116078471765, 0.0234208870679]]
    },
    "spectral_contrast_coeffs": {
        "mean": [-0.564353764057, -0.694579303265, -0.717168986797, -0.750103473663, -0.780755758286, -0.838802039623],
        "var": [0.00661999592558, 0.00566634582356, 0.00440631108359, 0.00457684230059, 0.00222769589163, 0.000514549785294]
    },
    "spectral_contrast_valleys": {
        "mean": [-8.83143424988, -6.52328109741, -7.47695636749, -9.08948516846, -9.20584583282, -11.9315824509],
        "var": [0.406607806683, 1.13070833683, 1.19369924068, 0.99114972353, 0.817727208138, 0.666030287743]
    }
},
"metadata": {
    "audio_properties": {
        "analysis_sample_rate": 44100,
        "bit_rate": 128074,
        "equal_loudness": 0,
        "length": 45.0612258911,
        "lossless": 0,
        "replay_gain": -2.98241615295,
        "sample_rate": 44100,
        "codec": "mp3",
        "downmix": "mix",
        "md5_encoded": "e24b5941722e4e9e1b12576f43f24d02"
    },
    "tags": {
        "file_name": "1176.mp3"
    },
    "version": {
        "essentia": "2.1-beta2",
        "essentia_git_sha": "v2.1_beta2",
        "extractor": "music 1.0"
    }
},
"rhythm": {
    "beats_count": 73,
    "beats_loudness": {
        "mean": 0.0183037985116,
        "var": 0.000525273324456
    },
    "bpm": 84.3594284058,
    "bpm_histogram_first_peak_bpm": {
        "mean": 85,
        "var": 0
    },
    "bpm_histogram_first_peak_spread": {
        "mean": 0.333333343267,
        "var": 0
    },
    "bpm_histogram_first_peak_weight": {
        "mean": 0.138888895512,
        "var": 0
    },
    "bpm_histogram_second_peak_bpm": {
        "mean": 92,
        "var": 0
    },
    "bpm_histogram_second_peak_spread": {
        "mean": 0.421052664518,
        "var": 0
    },
    "bpm_histogram_second_peak_weight": {
        "mean": 0.152777776122,
        "var": 0
    },
    "danceability": 0.78075170517,
    "onset_rate": 0.842917025089,
    "beats_loudness_band_ratio": {
        "mean": [0.0780703052878, 0.382623821497, 0.388414502144, 0.181544423103, 0.0143532063812, 0.00474446779117],
        "var": [0.0125890746713, 0.0376452319324, 0.0263757370412, 0.0187309272587, 0.000276558421319, 0.000127038860228]
    },
    "beats_position": [0.46439909935, 0.940408170223, 1.4164172411, 1.89242625237, 2.35682535172, 2.82122445107, 3.28562355042, 3.75002264977, 4.22603178024, 4.79492044449, 5.36380958557, 5.93269824982, 6.5015873909, 7.08208608627, 7.66258478165, 8.24308395386, 8.82358264923, 9.41569137573, 10.0078001022, 10.6579589844, 11.3081178665, 11.9698867798, 12.6200447083, 13.2818136215, 13.9203624725, 14.5705213547, 15.2322902679, 15.8824491501, 16.5326080322, 17.1711559296, 17.8097057343, 18.4598636627, 19.1100215912, 19.7485713959, 20.3871192932, 21.0140590668, 21.6293869019, 22.2447166443, 22.7787742615, 23.3244438171, 23.8701133728, 24.40417099, 24.9498405457, 25.4955101013, 26.0411777496, 26.5868473053, 27.1441268921, 27.7014045715, 28.2702941895, 28.8391838074, 29.4080715179, 30.0350112915, 30.6619491577, 31.3817672729, 32.0899772644, 32.7981834412, 33.5063934326, 34.2146034241, 34.9228096008, 35.6194114685, 36.3276176453, 37.0358276367, 37.755645752, 38.4754638672, 39.1836738586, 39.8918800354, 40.6116981506, 41.3315200806, 41.923625946, 42.5157356262, 43.1078453064, 43.6999549866, 44.2920608521]
},
"tonal": {
    "chords_changes_rate": 0.0504115223885,
    "chords_number_rate": 0.0174897126853,
    "chords_strength": {
        "mean": 0.553071141243,
        "var": 0.00848037656397
    },
    "hpcp_entropy": {
        "mean": 1.69158744812,
        "var": 0.484590381384
    },
    "key_strength": 0.618547916412,
    "tuning_diatonic_strength": 0.497563779354,
    "tuning_equal_tempered_deviation": 0.0610824897885,
    "tuning_frequency": 435.700531006,
    "tuning_nontempered_energy_ratio": 0.727248251438,
    "hpcp": {
        "mean": [0.18962302804, 0.168103963137, 0.138692900538, 0.165706604719, 0.127831757069, 0.0673629194498, 0.0652313455939, 0.0731526687741, 0.140293642879, 0.238780274987, 0.188883543015, 0.0995855182409, 0.110688626766, 0.115576289594, 0.196138739586, 0.357346773148, 0.289707094431, 0.145988643169, 0.128566071391, 0.0798498094082, 0.0655994489789, 0.109423741698, 0.103771924973, 0.15282329917, 0.251168549061, 0.191171362996, 0.0820171013474, 0.057098403573, 0.0494257062674, 0.110876441002, 0.1855571419, 0.130280986428, 0.0854138433933, 0.118197575212, 0.104758352041, 0.122043192387],
        "var": [0.0793905928731, 0.0584236681461, 0.0422002859414, 0.0830251723528, 0.0505319461226, 0.015293459408, 0.0212895777076, 0.0206356421113, 0.040781609714, 0.104512602091, 0.0682893693447, 0.0281480494887, 0.049499604851, 0.0528076700866, 0.0535541288555, 0.155595675111, 0.097426250577, 0.0462953411043, 0.0689085870981, 0.0314052738249, 0.0154920602217, 0.0468094423413, 0.0338617525995, 0.0402716062963, 0.107018448412, 0.0688659474254, 0.0251030214131, 0.0236335843801, 0.0123027972877, 0.0325544029474, 0.0820351317525, 0.0404844768345, 0.0243594478816, 0.06655485183, 0.0386208072305, 0.0405868887901]
    },
    "chords_histogram": [15.3292179108, 11.0082302094, 14.1975307465, 1.74897122383, 3.70370364189, 3.39506173134, 3.39506173134, 0, 7.51028823853, 0, 2.16049385071, 3.60082316399, 0, 4.73251008987, 0, 0.411522626877, 0, 4.21810722351, 4.21810722351, 4.83539104462, 4.21810722351, 0, 1.95473253727, 9.36213970184],
    "thpcp": [1, 0.810716986656, 0.408534944057, 0.359779566526, 0.223451882601, 0.183573648334, 0.306211650372, 0.290395587683, 0.427661061287, 0.702870607376, 0.534974336624, 0.229516834021, 0.159784302115, 0.138313010335, 0.310276865959, 0.519263505936, 0.364578604698, 0.239022284746, 0.330764353275, 0.293155997992, 0.341525942087, 0.530641496181, 0.470422506332, 0.388118505478, 0.463713735342, 0.357724666595, 0.188508540392, 0.182543545961, 0.204710587859, 0.392598032951, 0.668203234673, 0.528572142124, 0.278680324554, 0.309751302004, 0.323428958654, 0.54887509346],
    "chords_key": "A#",
    "chords_scale": "major",
    "key_key": "A#",
    "key_scale": "major"
}
}