{
"lowlevel": {
    "average_loudness": 0.894958257675,
    "barkbands_crest": {
        "mean": 12.111989975,
        "var": 13.9708404541
    },
    "barkbands_flatness_db": {
        "mean": 0.220449268818,
        "var": 0.00544321071357
    },
    "barkbands_kurtosis": {
        "mean": 10.9683513641,
        "var": 135.298919678
    },
    "barkbands_skewness": {
        "mean": 2.38083100319,
        "var": 1.22105491161
    },
    "barkbands_spread": {
        "mean": 10.3862228394,
        "var": 58.8556251526
    },
    "dissonance": {
        "mean": 0.42578792572,
        "var": 0.0019631490577
    },
    "dynamic_complexity": 3.166670084,
    "erbbands_crest": {
        "mean": 10.29367733,
        "var": 18.0078887939
    },
    "erbbands_flatness_db": {
        "mean": 0.192693382502,
        "var": 0.00352263497189
    },
    "erbbands_kurtosis": {
        "mean": 1.30442321301,
        "var": 11.6331443787
    },
    "erbbands_skewness": {
        "mean": 0.810049712658,
        "var": 0.955601274967
    },
    "erbbands_spread": {
        "mean": 34.609085083,
        "var": 272.966461182
    },
    "hfc": {
        "mean": 10.0050802231,
        "var": 64.4703140259
    },
    "melbands_crest": {
        "mean": 15.3645181656,
        "var": 16.4945526123
    },
    "melbands_flatness_db": {
        "mean": 0.314720869064,
        "var": 0.00793786067516
    },
    "melbands_kurtosis": {
        "mean": 23.1078472137,
        "var": 455.810180664
    },
    "melbands_skewness": {
        "mean": 3.42434620857,
        "var": 2.21390771866
    },
    "melbands_spread": {
        "mean": 9.79589748383,
        "var": 82.6731567383
    },
    "pitch_salience": {
        "mean": 0.478173106909,
        "var": 0.00940429512411
    },
    "silence_rate_20dB": {
        "mean": 1,
        "var": 0
    },
    "silence_rate_30dB": {
        "mean": 0.974253356457,
        "var": 0.0250844042748
    },
    "silence_rate_60dB": {
        "mean": 0.0767250284553,
        "var": 0.0708383247256
    },
    "spectral_centroid": {
        "mean": 699.066833496,
        "var": 224662.109375
    },
    "spectral_complexity": {
        "mean": 11.173532486,
        "var": 20.512052536
    },
    "spectral_decrease": {
        "mean": -8.05561217732e-009,
        "var": 5.56245080624e-017
    },
    "spectral_energy": {
        "mean": 0.0313111841679,
        "var": 0.000820330518764
    },
    "spectral_energyband_high": {
        "mean": 0.000127035236801,
        "var": 3.51657938324e-008
    },
    "spectral_energyband_low": {
        "mean": 0.0137192057446,
        "var": 0.000409471511375
    },
    "spectral_energyband_middle_high": {
        "mean": 0.00230842805468,
        "var": 6.26444943919e-006
    },
    "spectral_energyband_middle_low": {
        "mean": 0.0166894383729,
        "var": 0.000292453449219
    },
    "spectral_entropy": {
        "mean": 6.5481004715,
        "var": 0.432784497738
    },
    "spectral_flux": {
        "mean": 0.0583719201386,
        "var": 0.00223128474317
    },
    "spectral_kurtosis": {
        "mean": 15.0515127182,
        "var": 277.165863037
    },
    "spectral_rms": {
        "mean": 0.00502430368215,
        "var": 5.3038115766e-006
    },
    "spectral_rolloff": {
        "mean": 558.754333496,
        "var": 408251.21875
    },
    "spectral_skewness": {
        "mean": 2.64020562172,
        "var": 1.6557456255
    },
    "spectral_spread": {
        "mean": 3435233,
        "var": 2.80043821466e+012
    },
    "spectral_strongpeak": {
        "mean": 0.752167224884,
        "var": 1.05297017097
    },
    "zerocrossingrate": {
        "mean": 0.0284191258252,
        "var": 0.000388184475014
    },
    "barkbands": {
        "mean": [0.000157964925165, 0.00935306400061, 0.00269292131998, 0.004511624109, 0.00653912266716, 0.00390836922452, 0.0011279823957, 0.000148628139868, 0.000429686100688, 0.000486468343297, 0.000357740675099, 0.000241958128754, 0.000204314957955, 0.000131615408463, 0.000132945831865, 0.000211801059777, 0.000242219990469, 0.000224954928854, 3.46356391674e-005, 7.33304550522e-005, 2.7188563763e-005, 2.99626990454e-005, 1.38654004331e-005, 1.3232762285e-005, 9.36500055104e-006, 5.63091407457e-006, 6.25061261417e-007],
        "var": [5.23377707395e-007, 0.000262954010395, 2.87965958705e-005, 3.65583437087e-005, 9.12277464522e-005, 9.24367122934e-005, 4.64672530143e-006, 3.63485241905e-007, 4.29501909593e-007, 5.36822312824e-007, 1.10499979655e-006, 1.86996231832e-007, 1.14475355417e-007, 5.42119416025e-008, 5.90010600376e-008, 1.7081120518e-007, 4.35503807239e-007, 1.13381372557e-006, 4.70757344218e-009, 1.93061282516e-008, 2.76670575339e-009, 2.66612754096e-009, 6.00590466249e-010, 7.69832197989e-010, 3.87218090925e-010, 2.86323936782e-010, 3.23112695454e-012]
    },
    "erbbands": {
        "mean": [0.141856983304, 2.44812560081, 4.13317155838, 8.76544570923, 27.7573871613, 15.7543725967, 9.69345760345, 40.7173957825, 27.4524555206, 5.54646253586, 4.30398035049, 8.37085723877, 14.1022729874, 12.5164031982, 15.7791776657, 8.66626358032, 10.5446281433, 6.0154876709, 5.68612670898, 9.13101768494, 13.1154308319, 13.1426544189, 13.2853345871, 4.26131248474, 2.09647321701, 4.17279291153, 1.38613927364, 0.991684257984, 1.05211472511, 0.627287328243, 0.375963419676, 0.290229558945, 0.209402695298, 0.120634585619, 0.0595538243651, 0.0246603470296, 0.0103103946894, 0.00244315061718, 7.53324202378e-005, 3.6476070818e-005],
        "var": [0.151655122638, 15.5370788574, 41.588760376, 98.7034606934, 1942.32568359, 417.475708008, 129.456085205, 12252.2607422, 2662.17504883, 67.9728469849, 137.245498657, 135.597412109, 416.799682617, 290.214172363, 1538.41174316, 178.148010254, 262.508666992, 122.549606323, 101.473503113, 285.155487061, 748.919433594, 1393.09228516, 2501.76879883, 55.8797607422, 12.1330776215, 75.7721481323, 10.0831403732, 2.13539552689, 3.35251522064, 1.28473091125, 0.462328076363, 0.314724057913, 0.221078872681, 0.0644256770611, 0.018153635785, 0.00473739858717, 0.00115014705807, 4.62817333755e-005, 2.92680510938e-008, 1.06042197245e-009]
    },
    "gfcc": {
        "mean": [-62.7336997986, 139.788070679, -98.5568695068, 31.7732543945, -38.456413269, 1.30913293362, -39.5722885132, -1.5812267065, -26.9965744019, -9.91064167023, -15.0095043182, 2.25143647194, -6.44452381134],
        "cov": [[10195.0888672, -2617.22998047, -703.311767578, 1021.48059082, -655.818237305, 1306.74707031, 417.098510742, 863.471740723, 67.4467391968, 427.933258057, -45.1383323669, 519.287536621, -85.5834503174], [-2617.22998047, 1431.84912109, 135.386856079, -330.739379883, 363.381408691, -478.742614746, -30.9971675873, -330.94744873, 70.4113693237, -177.299453735, 107.708045959, -201.34552002, 85.7026901245], [-703.311767578, 135.386856079, 574.237548828, 32.4130859375, 123.506507874, -24.0351676941, -31.7073192596, -54.1483306885, 2.26015686989, 56.3059082031, 33.4274711609, 8.66253757477, -21.5195350647], [1021.48059082, -330.739379883, 32.4130859375, 312.900695801, -24.8227443695, 168.298217773, 87.1459732056, 98.7434005737, 22.3440475464, 71.2500610352, 21.4827098846, 75.9010467529, -3.4288392067], [-655.818237305, 363.381408691, 123.506507874, -24.8227443695, 216.457931519, -82.0180435181, 6.91593170166, -60.3616333008, 39.7780990601, -19.4309577942, 38.3600997925, -43.547088623, 25.1623897552], [1306.74707031, -478.742614746, -24.0351676941, 168.298217773, -82.0180435181, 340, 104.742454529, 159.083938599, 19.7231407166, 85.8196868896, -24.5907287598, 73.1394805908, -14.9900102615], [417.098510742, -30.9971675873, -31.7073192596, 87.1459732056, 6.91593170166, 104.742454529, 154.310562134, 71.1971893311, 27.8895645142, 8.20997619629, 13.1778287888, 20.399055481, 17.8209209442], [863.471740723, -330.94744873, -54.1483306885, 98.7434005737, -60.3616333008, 159.083938599, 71.1971893311, 200.5184021, 43.8781471252, 53.8283195496, -24.4889984131, 58.625289917, -0.50815397501], [67.4467391968, 70.4113693237, 2.26015686989, 22.3440475464, 39.7780990601, 19.7231407166, 27.8895645142, 43.8781471252, 99.7355499268, 37.7644729614, 19.5681800842, 2.34689283371, 16.1582660675], [427.933258057, -177.299453735, 56.3059082031, 71.2500610352, -19.4309577942, 85.8196868896, 8.20997619629, 53.8283195496, 37.7644729614, 131.144241333, 55.3064956665, 63.4343605042, -4.95756578445], [-45.1383323669, 107.708045959, 33.4274711609, 21.4827098846, 38.3600997925, -24.5907287598, 13.1778287888, -24.4889984131, 19.5681800842, 55.3064956665, 120.340568542, 54.7807197571, 20.4993839264], [519.287536621, -201.34552002, 8.66253757477, 75.9010467529, -43.547088623, 73.1394805908, 20.399055481, 58.625289917, 2.34689283371, 63.4343605042, 54.7807197571, 128.95161438, 20.4452495575], [-85.5834503174, 85.7026901245, -21.5195350647, -3.4288392067, 25.1623897552, -14.9900102615, 17.8209209442, -0.50815397501, 16.1582660675, -4.95756578445, 20.4993839264, 20.4452495575, 58.9086799622]],
        "icov": [[0.000337458855938, -0.000166277517565, 0.000400078162784, -0.000606566201895, 0.0003086985962, -0.000723109347746, 0.000152662672917, -0.000464038428618, 0.000192922278075, -0.000289882911602, 0.000207960998523, -0.000622630352154, 0.000543382659089], [-0.000166277517565, 0.00819761678576, -0.00135121471249, 0.00410388829187, -0.00458788638934, 0.00438708253205, -0.00457567023113, 0.00574657507241, -0.00714823929593, 0.00639150291681, -0.00746246241033, 0.0061600334011, -0.00495521258563], [0.000400078162784, -0.00135121471249, 0.00307422620244, -0.00150593800936, -0.000966451945715, -0.00123616331257, 0.000924006686546, -0.0005808431888, 0.00187096721493, -0.0030000556726, 0.00238683563657, -0.0025460543111, 0.00268352520652], [-0.000606566201895, 0.00410388829187, -0.00150593800936, 0.0079644061625, -0.00301829609089, 0.0018643271178, -0.00413118163124, 0.00316011090763, -0.00363009353168, 0.00266176881269, -0.00367488968186, 0.00205674255267, -0.0021129201632], [0.0003086985962, -0.00458788638934, -0.000966451945715, -0.00301829609089, 0.0113193849102, -0.0025339552667, 0.00212768255733, -0.00274174869992, 0.000696848030202, -0.00126986333635, 0.000606338668149, -3.31114206347e-005, -5.02189104736e-005], [-0.000723109347746, 0.00438708253205, -0.00123616331257, 0.0018643271178, -0.0025339552667, 0.0109887970611, -0.00619720621035, 0.00176530540921, -0.00265338202007, -0.000580938940402, -0.000215989901335, 0.00260494276881, -0.00215753749944], [0.000152662672917, -0.00457567023113, 0.000924006686546, -0.00413118163124, 0.00212768255733, -0.00619720621035, 0.0142195736989, -0.00615296605974, 0.0029017906636, 0.00103984843008, -0.000660550256725, -0.000886362162419, -3.5727458453e-005], [-0.000464038428618, 0.00574657507241, -0.0005808431888, 0.00316011090763, -0.00274174869992, 0.00176530540921, -0.00615296605974, 0.0162541028112, -0.00975564774126, 0.00258609955199, 0.000424357189331, -0.000180562259629, -0.00263229873963], [0.000192922278075, -0.00714823929593, 0.00187096721493, -0.00363009353168, 0.000696848030202, -0.00265338202007, 0.0029017906636, -0.00975564774126, 0.0227191410959, -0.0117681100965, 0.00579021917656, -0.00136706547346, 0.0004546365235], [-0.000289882911602, 0.00639150291681, -0.0030000556726, 0.00266176881269, -0.00126986333635, -0.000580938940402, 0.00103984843008, 0.00258609955199, -0.0117681100965, 0.0243671592325, -0.0153623539954, 0.00326510984451, -0.00106718961615], [0.000207960998523, -0.00746246241033, 0.00238683563657, -0.00367488968186, 0.000606338668149, -0.000215989901335, -0.000660550256725, 0.000424357189331, 0.00579021917656, -0.0153623539954, 0.0271768029779, -0.0150703554973, 0.00459858262911], [-0.000622630352154, 0.0061600334011, -0.0025460543111, 0.00205674255267, -3.31114206347e-005, 0.00260494276881, -0.000886362162419, -0.000180562259629, -0.00136706547346, 0.00326510984451, -0.0150703554973, 0.0243436396122, -0.01228805352], [0.000543382659089, -0.00495521258563, 0.00268352520652, -0.0021129201632, -5.02189104736e-005, -0.00215753749944, -3.5727458453e-005, -0.00263229873963, 0.0004546365235, -0.00106718961615, 0.00459858262911, -0.01228805352, 0.0277417786419]]
    },
    "melbands": {
        "mean": [0.00201660371386, 0.00275083375163, 0.00217495393008, 0.0017762115458, 0.000339287042152, 0.000869092822541, 0.000385311985156, 4.54339678981e-005, 3.96749419451e-005, 5.398301073e-005, 7.5407406257e-005, 5.54598300369e-005, 5.87325630477e-005, 2.79986543319e-005, 2.71858370979e-005, 1.58692528203e-005, 1.0668158211e-005, 9.41749749472e-006, 1.00339866549e-005, 1.02869098555e-005, 1.6676793166e-005, 8.98165762919e-006, 2.29499273701e-005, 7.98492510512e-006, 2.70787518275e-006, 1.42081546528e-006, 2.2491353775e-006, 2.63285846813e-006, 8.73761791809e-007, 4.69187057206e-007, 6.40709799882e-007, 5.86153760196e-007, 5.87136867125e-007, 2.75303079889e-007, 2.17779358991e-007, 1.99361863906e-007, 1.64461937402e-007, 1.40767340895e-007, 1.34251266104e-007, 9.38528259553e-008],
        "var": [1.61870957527e-005, 1.6314414097e-005, 7.94132938609e-006, 6.5472568167e-006, 1.30448611912e-007, 5.07601953359e-006, 5.4120380355e-007, 9.0743039749e-009, 7.32124361136e-009, 6.4982272896e-009, 1.24545955771e-008, 5.56737145274e-009, 2.85662142829e-008, 3.36430505676e-009, 1.75845860095e-009, 5.91557081098e-010, 4.37596486824e-010, 3.64753144355e-010, 3.98944932645e-010, 3.22255722107e-010, 1.38169864439e-009, 4.79429995703e-010, 1.23401076024e-008, 3.00866109804e-010, 2.87890353917e-011, 9.7634157703e-012, 1.89810684531e-011, 3.55266926988e-011, 6.59290981184e-012, 6.44285894167e-013, 1.24988040751e-012, 1.16947467335e-012, 2.06134415093e-012, 2.74667712619e-013, 1.63376880384e-013, 1.40583481271e-013, 1.17765267481e-013, 9.912592123e-014, 1.01442990022e-013, 3.94443253559e-014]
    },
    "mfcc": {
        "mean": [-713.042419434, 166.057266235, 10.8524866104, 31.3194313049, 18.2476863861, 7.1560959816, 0.711347579956, 5.4891910553, -3.60748910904, -10.4757947922, -10.0609588623, -4.22149276733, -2.99472808838],
        "cov": [[8358.89550781, -1613.49853516, -673.822875977, 127.734184265, -498.461303711, 241.367965698, 339.043151855, 589.11706543, 385.660247803, 318.719451904, 441.74017334, 303.029846191, 133.365737915], [-1613.49853516, 1064.60583496, -67.5392456055, 38.6385917664, 161.354675293, -66.5644378662, -24.106678009, -105.21408844, -84.3639602661, -45.147819519, -89.6274719238, -33.0605506897, 20.7757091522], [-673.822875977, -67.5392456055, 476.037658691, 55.408744812, 102.982650757, 74.2030639648, 0.406133323908, -52.2239837646, -35.3257751465, -26.0212268829, 3.76362252235, -13.4307775497, 12.3292140961], [127.734184265, 38.6385917664, 55.408744812, 163.676925659, 50.5918693542, 47.1166305542, 38.2117233276, 18.7206420898, 8.42318439484, 11.2145814896, 34.6588287354, 32.3997573853, 29.907623291], [-498.461303711, 161.354675293, 102.982650757, 50.5918693542, 168.835372925, 25.1362438202, -9.04566478729, -44.5558319092, -25.8446140289, -11.676194191, -6.56477403641, 5.97911548615, 7.9255900383], [241.367965698, -66.5644378662, 74.2030639648, 47.1166305542, 25.1362438202, 143.934906006, 53.3814239502, 20.2294692993, 15.7069072723, 26.7533664703, 35.9705734253, 24.443731308, 20.3170890808], [339.043151855, -24.106678009, 0.406133323908, 38.2117233276, -9.04566478729, 53.3814239502, 110.793624878, 60.9145126343, 23.3414058685, 23.2962474823, 31.1424331665, 22.6085548401, 22.2055969238], [589.11706543, -105.21408844, -52.2239837646, 18.7206420898, -44.5558319092, 20.2294692993, 60.9145126343, 134.874252319, 81.3958740234, 40.9151649475, 37.3705024719, 11.191031456, 7.48025655746], [385.660247803, -84.3639602661, -35.3257751465, 8.42318439484, -25.8446140289, 15.7069072723, 23.3414058685, 81.3958740234, 130.158416748, 70.2109527588, 26.2917671204, 7.98838376999, -3.40711355209], [318.719451904, -45.147819519, -26.0212268829, 11.2145814896, -11.676194191, 26.7533664703, 23.2962474823, 40.9151649475, 70.2109527588, 118.756752014, 50.9757385254, 0.559543728828, -2.46677446365], [441.74017334, -89.6274719238, 3.76362252235, 34.6588287354, -6.56477403641, 35.9705734253, 31.1424331665, 37.3705024719, 26.2917671204, 50.9757385254, 111.747131348, 49.6957740784, -7.07258653641], [303.029846191, -33.0605506897, -13.4307775497, 32.3997573853, 5.97911548615, 24.443731308, 22.6085548401, 11.191031456, 7.98838376999, 0.559543728828, 49.6957740784, 139.569961548, 47.6945838928], [133.365737915, 20.7757091522, 12.3292140961, 29.907623291, 7.9255900383, 20.3170890808, 22.2055969238, 7.48025655746, -3.40711355209, -2.46677446365, -7.07258653641, 47.6945838928, 125.680747986]],
        "icov": [[0.000370428082533, 0.000424251891673, 0.000528777774889, -0.000242763111601, 0.000303183594951, -0.000272851524642, -0.000178418777068, -0.000606224639341, 2.89612944471e-005, -0.000117227929877, -0.000618082238361, -0.000147409766214, -0.000345077016391], [0.000424251891673, 0.00188199081458, 0.0011441661045, -0.000650441972539, -0.00108723435551, 0.00037502424675, -0.000862164946739, 1.92338593479e-005, 0.000386836793041, -0.000417914387072, 8.67556082085e-005, 4.85107702843e-005, -0.00057087733876], [0.000528777774889, 0.0011441661045, 0.00374578195624, -0.000814573373646, -0.00129058514722, -0.00147655443288, -0.000422649958637, 0.000401055556722, -0.000219504101551, 0.00077300745761, -0.00140468345489, 0.000856182130519, -0.000947720312979], [-0.000242763111601, -0.000650441972539, -0.000814573373646, 0.00858859624714, -0.00224696518853, -0.000841868401039, -0.00119867129251, -0.000439544324763, -0.000396882125642, 0.000766928191297, -0.0018278764328, -0.000174378103111, -0.00111540663056], [0.000303183594951, -0.00108723435551, -0.00129058514722, -0.00224696518853, 0.009835655801, -0.00154663238209, 0.000880175502971, 0.00109797762707, -0.000265379232587, -0.000237195446971, -0.000303732929751, -0.000851154036354, 0.000222283342737], [-0.000272851524642, 0.00037502424675, -0.00147655443288, -0.000841868401039, -0.00154663238209, 0.0107733001933, -0.00444717798382, 0.00170330295805, -0.00041671571671, -0.00120800815057, -0.000502332462929, -0.000161701304023, -0.000388862594264], [-0.000178418777068, -0.000862164946739, -0.000422649958637, -0.00119867129251, 0.000880175502971, -0.00444717798382, 0.016107045114, -0.00771628506482, 0.00324526638724, -0.00120012403931, 6.91064924467e-005, -0.000796960433945, -0.000693865586072], [-0.000606224639341, 1.92338593479e-005, 0.000401055556722, -0.000439544324763, 0.00109797762707, 0.00170330295805, -0.00771628506482, 0.0197943244129, -0.0106140971184, 0.00363598647527, -0.00281618791632, 0.00266112713143, -0.000838732463308], [2.89612944471e-005, 0.000386836793041, -0.000219504101551, -0.000396882125642, -0.000265379232587, -0.00041671571671, 0.00324526638724, -0.0106140971184, 0.0183293446898, -0.0095419511199, 0.00442811939865, -0.0026713903062, 0.00173631298821], [-0.000117227929877, -0.000417914387072, 0.00077300745761, 0.000766928191297, -0.000237195446971, -0.00120800815057, -0.00120012403931, 0.00363598647527, -0.0095419511199, 0.0169669277966, -0.00810301210731, 0.00416170107201, -0.00181995425373], [-0.000618082238361, 8.67556082085e-005, -0.00140468345489, -0.0018278764328, -0.000303732929751, -0.000502332462929, 6.91064924467e-005, -0.00281618791632, 0.00442811939865, -0.00810301210731, 0.0191488973796, -0.0068126693368, 0.00509399874136], [-0.000147409766214, 4.85107702843e-005, 0.000856182130519, -0.000174378103111, -0.000851154036354, -0.000161701304023, -0.000796960433945, 0.00266112713143, -0.0026713903062, 0.00416170107201, -0.0068126693368, 0.0117567563429, -0.00466753682122], [-0.000345077016391, -0.00057087733876, -0.000947720312979, -0.00111540663056, 0.000222283342737, -0.000388862594264, -0.000693865586072, -0.000838732463308, 0.00173631298821, -0.00181995425373, 0.00509399874136, -0.00466753682122, 0.0110662654042]]
    },
    "spectral_contrast_coeffs": {
        "mean": [-0.580578744411, -0.634882867336, -0.70793479681, -0.73560243845, -0.724854826927, -0.782355546951],
        "var": [0.00765032321215, 0.00845406018198, 0.00387358968146, 0.00282099493779, 0.00375015637837, 0.00188693241216]
    },
    "spectral_contrast_valleys": {
        "mean": [-7.25185775757, -7.60113954544, -8.38866996765, -8.89878940582, -9.12609863281, -11.5829458237],
        "var": [1.27135717869, 0.936107218266, 1.14456999302, 0.824895620346, 1.23279595375, 2.06423544884]
    }
},
"metadata": {
    "audio_properties": {
        "analysis_sample_rate": 44100,
        "bit_rate": 128074,
        "equal_loudness": 0,
        "length": 45.0612258911,
        "lossless": 0,
        "replay_gain": -5.76181983948,
        "sample_rate": 44100,
        "codec": "mp3",
        "downmix": "mix",
        "md5_encoded": "118998b1c11588c0c7d4d0087c23002c"
    },
    "tags": {
        "file_name": "1177.mp3"
    },
    "version": {
        "essentia": "2.1-beta2",
        "essentia_git_sha": "v2.1_beta2",
        "extractor": "music 1.0"
    }
},
"rhythm": {
    "beats_count": 107,
    "beats_loudness": {
        "mean": 0.0389174036682,
        "var": 0.000804334937129
    },
    "bpm": 148.168212891,
    "bpm_histogram_first_peak_bpm": {
        "mean": 148,
        "var": 0
    },
    "bpm_histogram_first_peak_spread": {
        "mean": 0.402439028025,
        "var": 0
    },
    "bpm_histogram_first_peak_weight": {
        "mean": 0.462264150381,
        "var": 0
    },
    "bpm_histogram_second_peak_bpm": {
        "mean": 136,
        "var": 0
    },
    "bpm_histogram_second_peak_spread": {
        "mean": 0.33333337307,
        "var": 0
    },
    "bpm_histogram_second_peak_weight": {
        "mean": 0.0943396240473,
        "var": 0
    },
    "danceability": 1.00554835796,
    "onset_rate": 2.59529709816,
    "beats_loudness_band_ratio": {
        "mean": [0.624110579491, 0.320158571005, 0.0664363801479, 0.0483109988272, 0.0376749187708, 0.0128321480006],
        "var": [0.0386973395944, 0.0370921753347, 0.00527709163725, 0.00627929205075, 0.00269163539633, 0.000282669585431]
    },
    "beats_position": [0.417959183455, 0.847528338432, 1.27709746361, 1.70666658878, 2.13623571396, 2.55419492722, 2.96054410934, 3.36689329147, 3.76163268089, 4.15637159348, 4.5627207756, 4.96907043457, 5.3754196167, 5.78176879883, 6.17650794983, 6.59446716309, 7.01242637634, 7.4303855896, 7.83673477173, 8.23147392273, 8.63782310486, 9.05578231812, 9.45052146912, 9.84526062012, 10.2516098022, 10.6579589844, 11.0643081665, 11.4706573486, 11.8770065308, 12.2833557129, 12.689704895, 13.0960540771, 13.5024032593, 13.9087524414, 14.3034915924, 14.6982307434, 15.1045799255, 15.5109291077, 15.9056682587, 16.3004074097, 16.7183666229, 17.1363258362, 17.5542850494, 17.9606342316, 18.3785934448, 18.784942627, 19.1912918091, 19.5860309601, 19.9923801422, 20.4103393555, 20.8050785065, 21.2114276886, 21.6177768707, 22.0125160217, 22.4188652039, 22.8136043549, 23.219953537, 23.614692688, 24.0210418701, 24.4273910522, 24.8337402344, 25.2400894165, 25.6464385986, 26.0527877808, 26.470746994, 26.8887062073, 27.2950553894, 27.7014045715, 28.1077537537, 28.5141029358, 28.9088420868, 29.3151912689, 29.7215423584, 30.1278915405, 30.5342407227, 30.9405899048, 31.3353290558, 31.7416782379, 32.1480255127, 32.5543746948, 32.9491157532, 33.3438529968, 33.750202179, 34.1565513611, 34.5512924194, 34.9460296631, 35.3523788452, 35.8283882141, 36.304397583, 36.7804069519, 37.2215881348, 37.6511573792, 38.0923347473, 38.5335159302, 39.0095214844, 39.4855308533, 39.9499320984, 40.4491615295, 40.9367790222, 41.4243965149, 41.8655776978, 42.3067550659, 42.7479362488, 43.1891136169, 43.6302947998, 44.071472168, 44.5126533508]
},
"tonal": {
    "chords_changes_rate": 0.0339506156743,
    "chords_number_rate": 0.00720164598897,
    "chords_strength": {
        "mean": 0.516609728336,
        "var": 0.00993783678859
    },
    "hpcp_entropy": {
        "mean": 1.65658307076,
        "var": 0.379248172045
    },
    "key_strength": 0.665485262871,
    "tuning_diatonic_strength": 0.559609472752,
    "tuning_equal_tempered_deviation": 0.021941492334,
    "tuning_frequency": 439.745910645,
    "tuning_nontempered_energy_ratio": 0.657829463482,
    "hpcp": {
        "mean": [0.0987764820457, 0.0617711208761, 0.0221141539514, 0.0199278071523, 0.0221839230508, 0.0533180572093, 0.117936141789, 0.101679317653, 0.0330617204309, 0.0129014644772, 0.0137743446976, 0.0403804369271, 0.0726956501603, 0.0571845024824, 0.0264515969902, 0.0146352499723, 0.0120681198314, 0.0304048024118, 0.0614405162632, 0.132327362895, 0.441887229681, 0.590782761574, 0.303156077862, 0.0830223858356, 0.0281781218946, 0.0217257961631, 0.14497679472, 0.24550242722, 0.128800839186, 0.0170347299427, 0.00878972746432, 0.0280955806375, 0.235118865967, 0.348933190107, 0.154955595732, 0.0667387396097],
        "var": [0.0446384437382, 0.020531816408, 0.00743918167427, 0.00738529069349, 0.0110255405307, 0.0125745935366, 0.0355603955686, 0.0359029732645, 0.0118635017425, 0.00416856817901, 0.0053249145858, 0.0109679270536, 0.0228594187647, 0.0129409264773, 0.00621354579926, 0.00500825233757, 0.0057422448881, 0.0154358316213, 0.0312803015113, 0.0432221293449, 0.106670476496, 0.140172734857, 0.0727924406528, 0.0347595624626, 0.0100983502343, 0.00457263877615, 0.0645060613751, 0.141172289848, 0.0456568300724, 0.00364629155956, 0.00390897458419, 0.00426585273817, 0.0965808555484, 0.163733512163, 0.0344335101545, 0.0204735808074]
    },
    "chords_histogram": [30.7613162994, 0, 3.39506173134, 0, 0, 0, 0, 0, 10.1851854324, 0, 0, 0, 0, 0, 0, 0, 0, 0, 0, 0.102880656719, 1.44032919407, 3.39506173134, 18.6213989258, 32.0987663269],
    "thpcp": [1, 0.513143062592, 0.140529468656, 0.0476962476969, 0.0367745943367, 0.245397806168, 0.415554493666, 0.218017265201, 0.0288341697305, 0.0148781044409, 0.0475565344095, 0.397978544235, 0.590628564358, 0.262288630009, 0.112966634333, 0.167195945978, 0.104558095336, 0.0374319553375, 0.0337311923504, 0.0375500507653, 0.090249851346, 0.199626922607, 0.172109484673, 0.0559625662863, 0.0218379162252, 0.0233154147863, 0.0683507397771, 0.123049713671, 0.0967944636941, 0.0447738133371, 0.0247726421803, 0.020427338779, 0.0514652840793, 0.103998489678, 0.223986506462, 0.747969090939],
    "chords_key": "C#",
    "chords_scale": "minor",
    "key_key": "E",
    "key_scale": "major"
}
}