{
"lowlevel": {
    "average_loudness": 0.0302058141679,
    "barkbands_crest": {
        "mean": 11.1737098694,
        "var": 23.0693569183
    },
    "barkbands_flatness_db": {
        "mean": 0.215931177139,
        "var": 0.0033967574127
    },
    "barkbands_kurtosis": {
        "mean": 1.26799249649,
        "var": 18.1952381134
    },
    "barkbands_skewness": {
        "mean": 0.642146408558,
        "var": 1.24090564251
    },
    "barkbands_spread": {
        "mean": 23.0646114349,
        "var": 120.963912964
    },
    "dissonance": {
        "mean": 0.436976760626,
        "var": 0.00156376103405
    },
    "dynamic_complexity": 6.16178941727,
    "erbbands_crest": {
        "mean": 14.7008018494,
        "var": 31.3861446381
    },
    "erbbands_flatness_db": {
        "mean": 0.255888491869,
        "var": 0.00146530324128
    },
    "erbbands_kurtosis": {
        "mean": 0.626935660839,
        "var": 7.62555265427
    },
    "erbbands_skewness": {
        "mean": 0.0369962826371,
        "var": 0.909168660641
    },
    "erbbands_spread": {
        "mean": 22.6993350983,
        "var": 86.7189331055
    },
    "hfc": {
        "mean": 9.95358943939,
        "var": 265.250030518
    },
    "melbands_crest": {
        "mean": 15.0435228348,
        "var": 53.8269729614
    },
    "melbands_flatness_db": {
        "mean": 0.261996328831,
        "var": 0.00373206124641
    },
    "melbands_kurtosis": {
        "mean": 3.07187533379,
        "var": 25.7043609619
    },
    "melbands_skewness": {
        "mean": 1.22523915768,
        "var": 1.08497035503
    },
    "melbands_spread": {
        "mean": 31.7752017975,
        "var": 341.44140625
    },
    "pitch_salience": {
        "mean": 0.477579414845,
        "var": 0.0120935896412
    },
    "silence_rate_20dB": {
        "mean": 1,
        "var": 0
    },
    "silence_rate_30dB": {
        "mean": 0.997425317764,
        "var": 0.00256808148697
    },
    "silence_rate_60dB": {
        "mean": 0.416580855846,
        "var": 0.243048340082
    },
    "spectral_centroid": {
        "mean": 1610.36486816,
        "var": 415826.625
    },
    "spectral_complexity": {
        "mean": 8.26004123688,
        "var": 28.4446468353
    },
    "spectral_decrease": {
        "mean": -2.27217822335e-009,
        "var": 1.41799585399e-017
    },
    "spectral_energy": {
        "mean": 0.00947853084654,
        "var": 0.00024011930509
    },
    "spectral_energyband_high": {
        "mean": 0.000111197732622,
        "var": 9.21622671513e-008
    },
    "spectral_energyband_low": {
        "mean": 0.000839806743897,
        "var": 1.54012616349e-006
    },
    "spectral_energyband_middle_high": {
        "mean": 0.00373660889454,
        "var": 3.47322202288e-005
    },
    "spectral_energyband_middle_low": {
        "mean": 0.00466078519821,
        "var": 0.000150496678543
    },
    "spectral_entropy": {
        "mean": 6.38000869751,
        "var": 0.131231129169
    },
    "spectral_flux": {
        "mean": 0.0387853272259,
        "var": 0.000631880015135
    },
    "spectral_kurtosis": {
        "mean": 9.69779396057,
        "var": 33.7851867676
    },
    "spectral_rms": {
        "mean": 0.00254439702258,
        "var": 2.77340836874e-006
    },
    "spectral_rolloff": {
        "mean": 1564.95458984,
        "var": 1060068.5
    },
    "spectral_skewness": {
        "mean": 1.86614346504,
        "var": 0.400220274925
    },
    "spectral_spread": {
        "mean": 2598423.75,
        "var": 1.3654547497e+012
    },
    "spectral_strongpeak": {
        "mean": 1.48246622086,
        "var": 5.13641881943
    },
    "zerocrossingrate": {
        "mean": 0.0548421293497,
        "var": 0.000758484064136
    },
    "barkbands": {
        "mean": [0.000720874697436, 0.000155560905114, 0.000210473692277, 0.000166962447111, 0.000492293969728, 0.000904387794435, 0.000804030685686, 0.00139938585926, 0.000669349625241, 0.000409968633903, 0.000585847184993, 0.0002462080447, 0.000264044239884, 0.000409530213801, 0.00020099239191, 0.000254272745224, 0.000443678407464, 0.000766988552641, 0.000184040050954, 0.000114727823529, 4.50269071735e-005, 1.86084034794e-005, 6.35484548184e-006, 3.04603736367e-006, 1.44804494084e-006, 4.30524664807e-007, 2.1915363746e-008],
        "var": [4.18914027023e-007, 2.98444824409e-008, 4.40745083097e-007, 3.14547065727e-007, 1.0978036471e-006, 4.84324800709e-006, 8.19482011138e-006, 7.72448111093e-005, 4.33197055827e-006, 2.74833746516e-006, 4.15615659222e-006, 5.87159547649e-007, 7.41386998016e-007, 3.45455646311e-006, 2.57672127191e-007, 5.2517327731e-007, 3.40164115187e-006, 5.59585259907e-006, 2.01905464792e-007, 9.1379440903e-008, 2.46801672432e-008, 8.50538306452e-009, 3.96859239915e-010, 1.13830028736e-010, 1.52851047791e-011, 1.56468262826e-012, 8.0357397372e-015]
    },
    "erbbands": {
        "mean": [0.0103595107794, 0.0228316448629, 0.160680323839, 0.570716202259, 0.664191007614, 1.69101679325, 4.34391260147, 7.20333862305, 12.692817688, 15.0177488327, 30.8892536163, 18.2914085388, 13.5046663284, 14.6405563354, 21.6850471497, 10.8669166565, 14.045085907, 23.8465061188, 7.52227878571, 17.9760913849, 16.282087326, 23.5078544617, 48.3215789795, 9.99607372284, 10.256149292, 5.66576385498, 2.2612247467, 1.26740133762, 0.750599741936, 0.320210337639, 0.16282607615, 0.0741931572556, 0.0439994931221, 0.0185080897063, 0.00968516711146, 0.00285898684524, 0.000639299163595, 0.00010135427874, 8.31452143757e-006, 1.17446670629e-005],
        "var": [6.80621888023e-005, 0.00176549667958, 0.168135672808, 4.37413692474, 2.12817549706, 17.1030673981, 86.7586517334, 360.674591064, 1454.53820801, 4255.52246094, 29025.1777344, 3160.99511719, 2385.82592773, 2982.42016602, 5345.22363281, 682.004821777, 1582.7088623, 11583.7802734, 480.410522461, 1953.92016602, 3003.10205078, 7718.89257813, 23284.5332031, 465.850769043, 661.748657227, 175.795532227, 54.0415039063, 21.1755599976, 15.899266243, 0.942399799824, 0.201924741268, 0.112604834139, 0.0144536402076, 0.00221096235327, 0.00092485116329, 5.76365055167e-005, 3.97503481508e-006, 9.52483389938e-008, 2.33097291469e-010, 3.5344024929e-010]
    },
    "gfcc": {
        "mean": [-137.599487305, 115.642463684, -157.440795898, 31.8923816681, -45.6071739197, -4.43348360062, -25.6736927032, 12.7734413147, -11.9697036743, -1.50744438171, -2.12957978249, -1.85943889618, -4.36935091019],
        "cov": [[8958.15136719, -434.075622559, -775.926086426, -320.996124268, -1201.17944336, -961.309753418, -921.478942871, 3.76599574089, -369.130615234, 21.1438274384, -326.899078369, 231.95753479, -61.4156608582], [-434.075622559, 1560.98156738, 552.804016113, -243.554214478, -237.339050293, -454.039886475, -349.636566162, -493.647125244, -44.6329193115, -56.318321228, 185.623077393, -149.06930542, -60.3187675476], [-775.926086426, 552.804016113, 482.479980469, 23.7314586639, -46.578289032, -113.8960495, -109.190803528, -227.252288818, -68.1269302368, -15.685956955, 70.1419067383, -36.4809379578, -18.7122859955], [-320.996124268, -243.554214478, 23.7314586639, 275.117889404, 156.766433716, 113.232078552, 77.2412719727, 62.2649726868, -35.3924369812, -28.9754371643, -52.2697753906, -8.51099014282, -6.18046331406], [-1201.17944336, -237.339050293, -46.578289032, 156.766433716, 459.025238037, 340.400024414, 209.551239014, 117.042160034, 91.8911590576, -19.0912570953, -57.1530075073, -78.0100402832, -11.9256486893], [-961.309753418, -454.039886475, -113.8960495, 113.232078552, 340.400024414, 468.39175415, 290.016723633, 156.769012451, 65.1630783081, -13.650604248, -60.5963363647, -11.2325487137, 41.126537323], [-921.478942871, -349.636566162, -109.190803528, 77.2412719727, 209.551239014, 290.016723633, 374.011444092, 169.066864014, 21.6235332489, -11.9797801971, 17.5985450745, 37.2865257263, 43.47838974], [3.76599574089, -493.647125244, -227.252288818, 62.2649726868, 117.042160034, 156.769012451, 169.066864014, 302.002990723, 107.549690247, 7.51555538177, -67.0681915283, 18.0209789276, 9.94227600098], [-369.130615234, -44.6329193115, -68.1269302368, -35.3924369812, 91.8911590576, 65.1630783081, 21.6235332489, 107.549690247, 266.426086426, 84.0532073975, -43.6495742798, -92.8401031494, -53.1594467163], [21.1438274384, -56.318321228, -15.685956955, -28.9754371643, -19.0912570953, -13.650604248, -11.9797801971, 7.51555538177, 84.0532073975, 188.011108398, 15.1113071442, -84.1866912842, -85.0779418945], [-326.899078369, 185.623077393, 70.1419067383, -52.2697753906, -57.1530075073, -60.5963363647, 17.5985450745, -67.0681915283, -43.6495742798, 15.1113071442, 185.286834717, 51.1773529053, 0.462953835726], [231.95753479, -149.06930542, -36.4809379578, -8.51099014282, -78.0100402832, -11.2325487137, 37.2865257263, 18.0209789276, -92.8401031494, -84.1866912842, 51.1773529053, 240.828399658, 126.524742126], [-61.4156608582, -60.3187675476, -18.7122859955, -6.18046331406, -11.9256486893, 41.126537323, 43.47838974, 9.94227600098, -53.1594467163, -85.0779418945, 0.462953835726, 126.524742126, 202.641159058]],
        "icov": [[0.000515161664225, -0.000204856492928, 0.00108676403761, -6.97137511452e-005, 0.000924385851249, -8.83643006091e-005, 0.00106536853127, -0.00050361949252, 0.000980986747891, -0.000412019871874, 0.0010677180253, -0.000537322077435, 0.000479256297695], [-0.000204856492928, 0.00441552558914, -0.00280512892641, 0.00245683151297, -0.00134690129198, 0.00312443962321, -0.00107619620394, 0.0040514068678, -0.00235006958246, 0.00385447591543, -0.00272932252847, 0.0036517335102, -0.000885140849277], [0.00108676403761, -0.00280512892641, 0.00722482614219, -0.00272573321126, 0.00251994328573, -0.0015331977047, 0.00237429980189, -0.000249307340709, 0.00249704835005, -0.00234123738483, 0.00263873953372, -0.0024579341989, 0.00124143622816], [-6.97137511452e-005, 0.00245683151297, -0.00272573321126, 0.00722031015903, -0.00291682872921, 0.00206082360819, -0.00044882146176, 0.000307241716655, 0.00102094968315, 0.00175346562173, 9.97692914098e-005, 0.00148311571684, 0.000247771822615], [0.000924385851249, -0.00134690129198, 0.00251994328573, -0.00291682872921, 0.0084541933611, -0.00477028544992, 0.00162555393763, -0.00126568507403, 0.000448242615676, 0.000240368099185, 0.00169395713601, 9.85875085462e-005, 0.00135505362414], [-8.83643006091e-005, 0.00312443962321, -0.0015331977047, 0.00206082360819, -0.00477028544992, 0.00961373560131, -0.00429398054257, 0.00324284704402, -0.00155876262579, 0.00184798415285, 5.50885342818e-005, 0.00203079055063, -0.0015462936135], [0.00106536853127, -0.00107619620394, 0.00237429980189, -0.00044882146176, 0.00162555393763, -0.00429398054257, 0.00951074436307, -0.00480669084936, 0.00355602125637, -0.00169157539494, -0.000186523830052, -0.00164043810219, 0.000617805577349], [-0.00050361949252, 0.0040514068678, -0.000249307340709, 0.000307241716655, -0.00126568507403, 0.00324284704402, -0.00480669084936, 0.0128325978294, -0.00606863293797, 0.00414952402934, -0.00135195162147, 0.00213796948083, -0.000472915096907], [0.000980986747891, -0.00235006958246, 0.00249704835005, 0.00102094968315, 0.000448242615676, -0.00155876262579, 0.00355602125637, -0.00606863293797, 0.0097471550107, -0.0047607049346, 0.00354039180093, -0.0012188134715, 0.00104816560633], [-0.000412019871874, 0.00385447591543, -0.00234123738483, 0.00175346562173, 0.000240368099185, 0.00184798415285, -0.00169157539494, 0.00414952402934, -0.0047607049346, 0.0118131833151, -0.00440725823864, 0.00526166055351, 0.00109381368384], [0.0010677180253, -0.00272932252847, 0.00263873953372, 9.97692914098e-005, 0.00169395713601, 5.50885342818e-005, -0.000186523830052, -0.00135195162147, 0.00354039180093, -0.00440725823864, 0.0118652321398, -0.00566577771679, 0.00254162913188], [-0.000537322077435, 0.0036517335102, -0.0024579341989, 0.00148311571684, 9.85875085462e-005, 0.00203079055063, -0.00164043810219, 0.00213796948083, -0.0012188134715, 0.00526166055351, -0.00566577771679, 0.0120521718636, -0.00503969984129], [0.000479256297695, -0.000885140849277, 0.00124143622816, 0.000247771822615, 0.00135505362414, -0.0015462936135, 0.000617805577349, -0.000472915096907, 0.00104816560633, 0.00109381368384, 0.00254162913188, -0.00503969984129, 0.00909809395671]]
    },
    "melbands": {
        "mean": [0.000111606765131, 6.93866168149e-005, 9.18711302802e-005, 8.04386581876e-005, 0.000134450921905, 0.000175166700501, 0.000193669533473, 0.000215088235564, 0.000231724639889, 0.00010102998931, 6.29089699942e-005, 5.18840461154e-005, 8.8557957497e-005, 3.26970002789e-005, 2.02233350137e-005, 3.84756676794e-005, 4.25535617978e-005, 9.97642109724e-006, 1.6373287508e-005, 2.21684767894e-005, 2.20556867134e-005, 2.05531796382e-005, 4.97243854625e-005, 2.71069238806e-005, 5.75262356506e-006, 8.78411810845e-006, 5.20168896401e-006, 3.21583161167e-006, 1.18935849969e-006, 1.45756166603e-006, 5.2832979236e-007, 5.26744656781e-007, 1.94920261265e-007, 1.62420619176e-007, 1.05132059502e-007, 5.20268095272e-008, 3.99047195287e-008, 3.40860140113e-008, 2.07805115338e-008, 1.39741223038e-008],
        "var": [6.91625645644e-009, 2.69580855417e-008, 8.23856183274e-008, 4.8921588558e-008, 7.96674228809e-008, 2.24249959047e-007, 3.70060178057e-007, 1.33189485041e-006, 1.30504247409e-006, 9.59327337569e-008, 5.75543559478e-008, 4.97481877915e-008, 1.00861363705e-007, 1.06319228976e-008, 2.78383160968e-009, 1.80899473179e-008, 3.68158126207e-008, 1.17352771944e-009, 1.58749779988e-009, 3.49997120175e-009, 8.73210925789e-009, 9.44300726502e-009, 2.40637056947e-008, 7.70681474194e-009, 3.43578360207e-010, 5.81330761307e-010, 2.25752819216e-010, 7.26370491533e-011, 2.55971303181e-011, 3.60955501599e-011, 6.44169266539e-012, 1.16942002956e-011, 2.93701044388e-013, 3.5899950547e-013, 9.02601357913e-014, 3.25271527649e-014, 3.76686393666e-014, 1.0229848144e-014, 2.85271506328e-015, 1.60608542931e-015]
    },
    "mfcc": {
        "mean": [-785.555419922, 138.711029053, -20.7863197327, 34.2331237793, -3.35217475891, -8.34301948547, 0.691550016403, 8.22779846191, -0.192723438144, 6.55162572861, 3.9739985466, 5.55721521378, 5.29024934769],
        "cov": [[8895.42773438, 248.361526489, -852.753295898, -97.0287628174, -941.147949219, -734.418762207, -1024.0736084, -586.586242676, -368.381439209, -319.207275391, -143.405761719, -135.722976685, -294.069335938], [248.361526489, 1456.67419434, 377.888397217, -47.3553504944, -74.1788482666, -200.366195679, -294.248382568, -388.678009033, -455.38180542, -246.988540649, -103.292999268, -40.3715591431, -5.22051763535], [-852.753295898, 377.888397217, 567.308166504, 59.855556488, -15.8720312119, 31.85313797, 28.0545978546, -78.0728225708, -189.285324097, -138.972045898, -114.800811768, -59.28358078, 82.0089111328], [-97.0287628174, -47.3553504944, 59.855556488, 208.776062012, 49.763168335, -6.01643705368, 27.266494751, -7.56639862061, -9.22410869598, -18.0514316559, 17.7540817261, 27.1249046326, -32.2157211304], [-941.147949219, -74.1788482666, -15.8720312119, 49.763168335, 331.15536499, 111.056129456, 76.5273666382, 72.561126709, 98.9902954102, 116.371101379, 97.0896148682, 47.5450325012, -72.1952896118], [-734.418762207, -200.366195679, 31.85313797, -6.01643705368, 111.056129456, 241.762313843, 162.093048096, 107.898635864, 99.5287780762, 53.996547699, -4.13944864273, -28.8947734833, 3.79410219193], [-1024.0736084, -294.248382568, 28.0545978546, 27.266494751, 76.5273666382, 162.093048096, 370.49786377, 175.347351074, 80.7195663452, 44.762424469, -13.7827997208, -2.44951367378, 57.2394561768], [-586.586242676, -388.678009033, -78.0728225708, -7.56639862061, 72.561126709, 107.898635864, 175.347351074, 340.436553955, 189.958206177, 24.8134975433, -95.7297363281, -74.4421920776, 93.279335022], [-368.381439209, -455.38180542, -189.285324097, -9.22410869598, 98.9902954102, 99.5287780762, 80.7195663452, 189.958206177, 351.335113525, 145.17364502, 9.99794387817, -3.18118000031, -20.1267948151], [-319.207275391, -246.988540649, -138.972045898, -18.0514316559, 116.371101379, 53.996547699, 44.762424469, 24.8134975433, 145.17364502, 253.720855713, 171.773269653, 43.5035629272, -97.5214691162], [-143.405761719, -103.292999268, -114.800811768, 17.7540817261, 97.0896148682, -4.13944864273, -13.7827997208, -95.7297363281, 9.99794387817, 171.773269653, 408.870330811, 187.549819946, -182.257202148], [-135.722976685, -40.3715591431, -59.28358078, 27.1249046326, 47.5450325012, -28.8947734833, -2.44951367378, -74.4421920776, -3.18118000031, 43.5035629272, 187.549819946, 279.68939209, -22.8412361145], [-294.069335938, -5.22051763535, 82.0089111328, -32.2157211304, -72.1952896118, 3.79410219193, 57.2394561768, 93.279335022, -20.1267948151, -97.5214691162, -182.257202148, -22.8412361145, 347.541107178]],
        "icov": [[0.000440297531895, 0.000252912548603, 0.000788596575148, -0.000184274656931, 0.000788905832451, 0.000155694782734, 0.000797771266662, 0.000326809938997, 0.000487840647111, 0.00026794068981, 0.000341632432537, 0.00017946078151, 0.000410652195569], [0.000252912548603, 0.0019950340502, -0.000139030933497, 0.000820561253931, -0.000647723441944, 0.000780382659286, 0.000898894562852, 0.00143221055623, 0.0013964214595, 0.000940999248996, 0.000607440946624, 0.000373475864762, 0.0003653341264], [0.000788596575148, -0.000139030933497, 0.00433078873903, -0.00133361644112, 0.00135643570684, -0.000839403655846, 0.00101455301046, 0.000931065762416, 0.00170224555768, 0.000864119268954, 0.000788532313891, 0.000721468066331, 0.000195564804017], [-0.000184274656931, 0.000820561253931, -0.00133361644112, 0.00620436528698, -0.00197955453768, 0.00143740489148, -0.00099025038071, 0.000701171287801, -0.000264386209892, 0.0014850043226, -6.77880307194e-005, -0.000328802329022, 0.000638435711153], [0.000788905832451, -0.000647723441944, 0.00135643570684, -0.00197955453768, 0.00683010509238, -0.00193542451598, 0.00172804587055, -0.00141199235804, 0.000451108731795, -0.00177780946251, 0.000385282182833, -0.000818170025013, 0.00136409222614], [0.000155694782734, 0.000780382659286, -0.000839403655846, 0.00143740489148, -0.00193542451598, 0.00791949499398, -0.00233771069907, 0.000817830499727, -0.00111896055751, 0.000744311721064, -5.44651411474e-005, 0.00115127465688, 0.000342942279531], [0.000797771266662, 0.000898894562852, 0.00101455301046, -0.00099025038071, 0.00172804587055, -0.00233771069907, 0.00658255396411, -0.00166607240681, 0.00232083280571, -0.000570401956793, 0.000885359360836, -0.000530124234501, 0.000508665747475], [0.000326809938997, 0.00143221055623, 0.000931065762416, 0.000701171287801, -0.00141199235804, 0.000817830499727, -0.00166607240681, 0.00830430723727, -0.00234875106253, 0.00258721294813, 0.000339136837283, 0.0022605699487, -0.00119698722847], [0.000487840647111, 0.0013964214595, 0.00170224555768, -0.000264386209892, 0.000451108731795, -0.00111896055751, 0.00232083280571, -0.00234875106253, 0.00824461784214, -0.00302322418429, 0.00248869950883, -0.000976583338343, 0.00123173324391], [0.00026794068981, 0.000940999248996, 0.000864119268954, 0.0014850043226, -0.00177780946251, 0.000744311721064, -0.000570401956793, 0.00258721294813, -0.00302322418429, 0.0101147294044, -0.00359900295734, 0.00218289485201, 0.000115941460535], [0.000341632432537, 0.000607440946624, 0.000788532313891, -6.77880307194e-005, 0.000385282182833, -5.44651411474e-005, 0.000885359360836, 0.000339136837283, 0.00248869950883, -0.00359900295734, 0.00724058551714, -0.00359713332728, 0.0026445502881], [0.00017946078151, 0.000373475864762, 0.000721468066331, -0.000328802329022, -0.000818170025013, 0.00115127465688, -0.000530124234501, 0.0022605699487, -0.000976583338343, 0.00218289485201, -0.00359713332728, 0.00668408861384, -0.00163635099307], [0.000410652195569, 0.0003653341264, 0.000195564804017, 0.000638435711153, 0.00136409222614, 0.000342942279531, 0.000508665747475, -0.00119698722847, 0.00123173324391, 0.000115941460535, 0.0026445502881, -0.00163635099307, 0.00514363637194]]
    },
    "spectral_contrast_coeffs": {
        "mean": [-0.699117600918, -0.709688961506, -0.66785210371, -0.657989263535, -0.634280085564, -0.688795089722],
        "var": [0.0113062281162, 0.00651727616787, 0.00472763227299, 0.00427552731708, 0.00648037111387, 0.00428796978667]
    },
    "spectral_contrast_valleys": {
        "mean": [-8.75402927399, -8.03047275543, -9.13782119751, -10.0584869385, -10.1295537949, -13.5063447952],
        "var": [0.536944627762, 1.76381099224, 1.35629725456, 1.22684502602, 0.950148463249, 0.643259048462]
    }
},
"metadata": {
    "audio_properties": {
        "analysis_sample_rate": 44100,
        "bit_rate": 128074,
        "equal_loudness": 0,
        "length": 45.0612258911,
        "lossless": 0,
        "replay_gain": -3.89534759521,
        "sample_rate": 44100,
        "codec": "mp3",
        "downmix": "mix",
        "md5_encoded": "de65501a5cfaef55adebf8d338f797f8"
    },
    "tags": {
        "file_name": "1178.mp3"
    },
    "version": {
        "essentia": "2.1-beta2",
        "essentia_git_sha": "v2.1_beta2",
        "extractor": "music 1.0"
    }
},
"rhythm": {
    "beats_count": 105,
    "beats_loudness": {
        "mean": 0.00921958312392,
        "var": 0.000123048739624
    },
    "bpm": 143.333023071,
    "bpm_histogram_first_peak_bpm": {
        "mean": 144,
        "var": 0
    },
    "bpm_histogram_first_peak_spread": {
        "mean": 0.482758671045,
        "var": 0
    },
    "bpm_histogram_first_peak_weight": {
        "mean": 0.144230768085,
        "var": 0
    },
    "bpm_histogram_second_peak_bpm": {
        "mean": 126,
        "var": 0
    },
    "bpm_histogram_second_peak_spread": {
        "mean": 0.617647051811,
        "var": 0
    },
    "bpm_histogram_second_peak_weight": {
        "mean": 0.125,
        "var": 0
    },
    "danceability": 0.852786004543,
    "onset_rate": 2.30693078041,
    "beats_loudness_band_ratio": {
        "mean": [0.265547841787, 0.166467249393, 0.206199347973, 0.21515661478, 0.143896445632, 0.0401497967541],
        "var": [0.0557888634503, 0.0346569530666, 0.0355693586171, 0.0403161495924, 0.0233341176063, 0.00442758668214]
    },
    "beats_position": [0.46439909935, 0.9287981987, 1.40480720997, 1.88081634045, 2.33360528946, 2.7863945961, 3.26240348816, 3.73841261864, 4.22603178024, 4.6439909935, 5.06195020676, 5.47990942001, 5.95591831207, 6.420317173, 6.8963265419, 7.37233543396, 7.85995435715, 8.34757328033, 8.82358264923, 9.31120204926, 9.78721046448, 10.2748298645, 10.7276191711, 11.1920175552, 11.6448068619, 12.1092061996, 12.5619955063, 13.0147848129, 13.4443531036, 13.873922348, 14.2802715302, 14.6982307434, 15.0813598633, 15.4644899368, 15.8476190567, 16.2307472229, 16.5790481567, 16.9273471832, 17.2756462097, 17.6239452362, 17.9838542938, 18.3437633514, 18.6920623779, 19.0403633118, 19.3886623383, 19.7369613647, 20.0736503601, 20.4103393555, 20.758638382, 21.1185474396, 21.4900684357, 21.8499774933, 22.221496582, 22.5930156708, 22.9645347595, 23.3244438171, 23.6843528748, 24.0558719635, 24.4390010834, 24.8221302032, 25.2052612305, 25.6232185364, 26.0295696259, 26.435918808, 26.830657959, 27.2370071411, 27.6433563232, 28.0497055054, 28.4792747498, 28.9088420868, 29.3268013, 29.7563705444, 30.1975498199, 30.6271190643, 31.0682983398, 31.4978675842, 31.9274368286, 32.3686180115, 32.7865753174, 33.204536438, 33.5992736816, 33.99401474, 34.4119720459, 34.8299331665, 35.2478904724, 35.6658477783, 36.0838088989, 36.5017662048, 36.9197273254, 37.3957366943, 37.8717460632, 38.3593635559, 38.8469848633, 39.334602356, 39.8106117249, 40.2982292175, 40.7858505249, 41.2618598938, 41.7262573242, 42.1906585693, 42.6550559998, 43.1194534302, 43.5838546753, 44.0482521057, 44.5126533508]
},
"tonal": {
    "chords_changes_rate": 0.0308641977608,
    "chords_number_rate": 0.0123456791043,
    "chords_strength": {
        "mean": 0.554797291756,
        "var": 0.0164872650057
    },
    "hpcp_entropy": {
        "mean": 1.48712074757,
        "var": 0.368704319
    },
    "key_strength": 0.691138803959,
    "tuning_diatonic_strength": 0.534423053265,
    "tuning_equal_tempered_deviation": 0.0263406801969,
    "tuning_frequency": 441.017791748,
    "tuning_nontempered_energy_ratio": 0.684202373028,
    "hpcp": {
        "mean": [0.19188131392, 0.103626973927, 0.0319841429591, 0.0408832728863, 0.0436992570758, 0.139740034938, 0.280705749989, 0.208771556616, 0.0557484030724, 0.019140465185, 0.0208668000996, 0.0934643819928, 0.175063312054, 0.136240214109, 0.210268244147, 0.309131503105, 0.161723524332, 0.0297868661582, 0.0222890693694, 0.0260122958571, 0.0891850441694, 0.174716159701, 0.156974703074, 0.122176997364, 0.112399563193, 0.070865675807, 0.114385344088, 0.194187745452, 0.139883026481, 0.143122807145, 0.192530930042, 0.0981209725142, 0.021522898227, 0.0215424802154, 0.0339234173298, 0.12350372225],
        "var": [0.0953548252583, 0.0349679924548, 0.00899793021381, 0.0204100664705, 0.0125703439116, 0.0441071242094, 0.134220987558, 0.0899133458734, 0.0124347545207, 0.00368135562167, 0.00459120608866, 0.0369466617703, 0.104036346078, 0.0482052862644, 0.0746367499232, 0.154214471579, 0.053386837244, 0.00456680636853, 0.0078514367342, 0.0116772102192, 0.0303309746087, 0.0932599529624, 0.0669025033712, 0.0411770567298, 0.0561634525657, 0.0331854186952, 0.0302544329315, 0.0936449542642, 0.0542861223221, 0.0468017160892, 0.101513847709, 0.0328295566142, 0.00272779539227, 0.00325378263369, 0.00624658027664, 0.0390565991402]
    },
    "chords_histogram": [23.6625518799, 4.21810722351, 8.84773635864, 0, 0.308641970158, 0, 1.13168728352, 0, 3.18930029869, 4.83539104462, 0, 0, 0, 0, 0, 0, 0, 4.42386817932, 1.23456788063, 0.102880656719, 5.14403295517, 22.6337451935, 14.3004112244, 5.96707820892],
    "thpcp": [1, 0.523154437542, 0.0963566154242, 0.0721022263169, 0.0841463729739, 0.288501948118, 0.56518393755, 0.507792651653, 0.395226627588, 0.363597899675, 0.229241192341, 0.370021641254, 0.628171980381, 0.452503293753, 0.462983578444, 0.622812390327, 0.317408531904, 0.069623760879, 0.0696871057153, 0.109737820923, 0.399518400431, 0.620710968971, 0.335219711065, 0.103464521468, 0.132252037525, 0.141361385584, 0.452040731907, 0.908046424389, 0.675348699093, 0.180338799953, 0.0619169026613, 0.067501373589, 0.302345067263, 0.566306948662, 0.440719276667, 0.680190265179],
    "chords_key": "D",
    "chords_scale": "major",
    "key_key": "D",
    "key_scale": "major"
}
}