{
"lowlevel": {
    "average_loudness": 0.836626946926,
    "barkbands_crest": {
        "mean": 9.98355770111,
        "var": 13.680565834
    },
    "barkbands_flatness_db": {
        "mean": 0.329528748989,
        "var": 0.00104165181983
    },
    "barkbands_kurtosis": {
        "mean": 1.13740944862,
        "var": 7.38435459137
    },
    "barkbands_skewness": {
        "mean": 0.910746335983,
        "var": 0.63966435194
    },
    "barkbands_spread": {
        "mean": 8.14006710052,
        "var": 7.75184440613
    },
    "dissonance": {
        "mean": 0.376083284616,
        "var": 0.00305710919201
    },
    "dynamic_complexity": 2.94769358635,
    "erbbands_crest": {
        "mean": 11.7974433899,
        "var": 19.0993518829
    },
    "erbbands_flatness_db": {
        "mean": 0.370172709227,
        "var": 0.000641374150291
    },
    "erbbands_kurtosis": {
        "mean": 0.131920933723,
        "var": 2.329880476
    },
    "erbbands_skewness": {
        "mean": -0.0704985707998,
        "var": 0.423832029104
    },
    "erbbands_spread": {
        "mean": 14.6410522461,
        "var": 21.1410827637
    },
    "hfc": {
        "mean": 11.571972847,
        "var": 157.859405518
    },
    "melbands_crest": {
        "mean": 12.9349927902,
        "var": 24.8740348816
    },
    "melbands_flatness_db": {
        "mean": 0.421002060175,
        "var": 0.00183254072908
    },
    "melbands_kurtosis": {
        "mean": 2.35901618004,
        "var": 13.3180522919
    },
    "melbands_skewness": {
        "mean": 1.2768996954,
        "var": 0.61099332571
    },
    "melbands_spread": {
        "mean": 12.8236236572,
        "var": 36.5100097656
    },
    "pitch_salience": {
        "mean": 0.551865160465,
        "var": 0.0113657470793
    },
    "silence_rate_20dB": {
        "mean": 1,
        "var": 0
    },
    "silence_rate_30dB": {
        "mean": 0.995365619659,
        "var": 0.00461296644062
    },
    "silence_rate_60dB": {
        "mean": 0.0370751805604,
        "var": 0.0356999188662
    },
    "spectral_centroid": {
        "mean": 595.297241211,
        "var": 50072.4765625
    },
    "spectral_complexity": {
        "mean": 12.3336763382,
        "var": 12.5323419571
    },
    "spectral_decrease": {
        "mean": -5.47904832615e-009,
        "var": 2.41110261085e-017
    },
    "spectral_energy": {
        "mean": 0.0217288006097,
        "var": 0.000382322323276
    },
    "spectral_energyband_high": {
        "mean": 1.00432657746e-006,
        "var": 1.56464077805e-011
    },
    "spectral_energyband_low": {
        "mean": 0.00201599439606,
        "var": 6.97032692187e-006
    },
    "spectral_energyband_middle_high": {
        "mean": 0.00496891885996,
        "var": 6.48200366413e-005
    },
    "spectral_energyband_middle_low": {
        "mean": 0.0155703919008,
        "var": 0.000215301566641
    },
    "spectral_entropy": {
        "mean": 5.8874707222,
        "var": 0.0913838520646
    },
    "spectral_flux": {
        "mean": 0.0312733389437,
        "var": 0.00145584961865
    },
    "spectral_kurtosis": {
        "mean": 74.3273010254,
        "var": 1395.43652344
    },
    "spectral_rms": {
        "mean": 0.00422352738678,
        "var": 3.36067023454e-006
    },
    "spectral_rolloff": {
        "mean": 894.075622559,
        "var": 235664.640625
    },
    "spectral_skewness": {
        "mean": 5.47903013229,
        "var": 4.17833280563
    },
    "spectral_spread": {
        "mean": 976746.625,
        "var": 1.34457904333e+012
    },
    "spectral_strongpeak": {
        "mean": 1.23276972771,
        "var": 1.78732287884
    },
    "zerocrossingrate": {
        "mean": 0.0297280810773,
        "var": 0.000198369089048
    },
    "barkbands": {
        "mean": [9.44379280554e-007, 0.000140915595694, 0.00133248302154, 0.00154541386291, 0.00630733929574, 0.00309635605663, 0.0013716184767, 0.00102654797956, 0.00163353933021, 0.00133772136178, 0.00107305252459, 0.00168468651827, 0.000304486835375, 0.000229228389799, 0.000432436936535, 0.000117372837849, 7.09254600224e-005, 1.44512723637e-005, 7.70373480918e-006, 1.25059636957e-006, 2.70642431133e-007, 5.76529792795e-008, 1.14577272115e-008, 5.04648589583e-009, 7.96735921682e-009, 3.45269879354e-009, 9.5798013966e-010],
        "var": [6.25298814463e-012, 9.84632890777e-008, 4.45625573775e-006, 7.23066523278e-006, 7.20743119018e-005, 1.31565966512e-005, 3.79553898711e-006, 2.72848524219e-006, 9.45980809774e-006, 8.00235102361e-006, 6.70361305311e-006, 3.09414645017e-005, 1.86150361969e-006, 2.14810413013e-007, 2.04405887416e-006, 4.10756193503e-008, 4.38458904739e-008, 1.11965292593e-009, 6.13643247327e-010, 1.40260138573e-011, 8.51699353405e-013, 3.21684851337e-014, 8.80055627846e-015, 1.23017083089e-015, 2.92189639454e-014, 1.15198026662e-015, 3.01886380519e-017]
    },
    "erbbands": {
        "mean": [0.00124114821665, 0.0675272345543, 1.19615709782, 3.32795858383, 7.95829916, 28.3554019928, 26.2892627716, 26.780210495, 18.9903202057, 28.7395210266, 20.8432025909, 42.5962982178, 39.7374153137, 34.6979522705, 62.5083847046, 72.9367294312, 19.8194580078, 13.9439296722, 23.2226715088, 11.4479160309, 5.79868221283, 3.3902657032, 1.14458584785, 0.465082138777, 0.251937031746, 0.0646096542478, 0.019566597417, 0.00896069407463, 0.00254264171235, 0.000820904155262, 0.000316326360917, 0.000145034660818, 0.00010480126366, 9.78569078143e-005, 7.22352342564e-005, 3.62424943887e-005, 1.065718061e-005, 2.61324476014e-006, 1.06978413896e-005, 2.4649545594e-005],
        "var": [4.61081162939e-006, 0.0176859423518, 3.82266020775, 17.3071727753, 136.65473938, 2162.56274414, 815.768432617, 1537.90161133, 525.503723145, 2747.20556641, 624.202209473, 6916.28515625, 7775.44335938, 7080.09277344, 17665.2363281, 76823.359375, 5229.71142578, 570.932373047, 6954.65722656, 446.799743652, 98.3450241089, 70.5793151855, 5.1037364006, 1.30005586147, 0.530024647713, 0.0536124967039, 0.00361697212793, 0.000815210107248, 5.36465267942e-005, 1.56058849825e-005, 5.09836991114e-006, 3.97164285459e-007, 8.22667345801e-007, 2.95981976706e-006, 1.51961432948e-006, 1.20340985177e-007, 6.0738553076e-010, 9.02483851539e-011, 9.47034048404e-011, 4.98066199395e-010]
    },
    "gfcc": {
        "mean": [-165.084442139, 241.568572998, -150.115188599, -57.7762260437, -18.5985469818, -28.8088188171, -36.6048355103, -20.2961483002, -24.5483646393, -22.9315757751, -13.6226215363, -16.6848125458, -1.74738168716],
        "cov": [[3344.38476563, 404.890441895, -676.692687988, 642.328674316, 357.195068359, -402.802185059, 279.065155029, -56.4764060974, 187.094467163, 96.2829818726, 12.5750465393, -41.8265380859, 55.6568412781], [404.890441895, 331.449310303, 140.932754517, -38.6597366333, 98.5965118408, -23.0327415466, -20.5153121948, 5.65023612976, 51.0012817383, 19.2415390015, 25.8666419983, -29.7623977661, 14.5669879913], [-676.692687988, 140.932754517, 485.965332031, -186.915130615, -49.3232917786, 115.897956848, -120.699897766, -8.32182216644, 6.76961088181, 24.0620193481, 13.6564731598, -0.306378662586, 6.35115385056], [642.328674316, -38.6597366333, -186.915130615, 393.587982178, 130.830673218, -102.213806152, 128.616455078, 40.4541625977, 101.585289001, 103.869766235, 45.4959259033, -6.04054784775, -6.07486724854], [357.195068359, 98.5965118408, -49.3232917786, 130.830673218, 146.573730469, -25.9264507294, 42.9217300415, 37.1069030762, 57.6468772888, 52.3154449463, 39.6499214172, -17.1926517487, -10.10501194], [-402.802185059, -23.0327415466, 115.897956848, -102.213806152, -25.9264507294, 176.531768799, 22.6349620819, 10.2463941574, -24.2839431763, 6.0676035881, 33.0999679565, 38.4304733276, -36.6540985107], [279.065155029, -20.5153121948, -120.699897766, 128.616455078, 42.9217300415, 22.6349620819, 139.045761108, 33.1879081726, 26.2392101288, 44.5942420959, 46.9922790527, 29.2589664459, -22.6174030304], [-56.4764060974, 5.65023612976, -8.32182216644, 40.4541625977, 37.1069030762, 10.2463941574, 33.1879081726, 94.706237793, 44.6134681702, 30.5714569092, 38.7643280029, -4.15172958374, -26.9186840057], [187.094467163, 51.0012817383, 6.76961088181, 101.585289001, 57.6468772888, -24.2839431763, 26.2392101288, 44.6134681702, 85.771522522, 61.3444862366, 27.139465332, -14.4679069519, -8.02671909332], [96.2829818726, 19.2415390015, 24.0620193481, 103.869766235, 52.3154449463, 6.0676035881, 44.5942420959, 30.5714569092, 61.3444862366, 119.304359436, 78.7508392334, -7.46618747711, -22.6307678223], [12.5750465393, 25.8666419983, 13.6564731598, 45.4959259033, 39.6499214172, 33.0999679565, 46.9922790527, 38.7643280029, 27.139465332, 78.7508392334, 110.900657654, 22.3369884491, -36.5062179565], [-41.8265380859, -29.7623977661, -0.306378662586, -6.04054784775, -17.1926517487, 38.4304733276, 29.2589664459, -4.15172958374, -14.4679069519, -7.46618747711, 22.3369884491, 53.9527015686, -6.29363012314], [55.6568412781, 14.5669879913, 6.35115385056, -6.07486724854, -10.10501194, -36.6540985107, -22.6174030304, -26.9186840057, -8.02671909332, -22.6307678223, -36.5062179565, -6.29363012314, 51.1966133118]],
        "icov": [[0.00200991122983, -0.00401025591418, 0.00280201109126, -0.00149498472456, 0.000231873447774, 0.00154315202963, -0.00122387777083, 0.00289780297317, -0.00128446542658, -0.00121840718202, 0.00182916619815, -0.00211305078119, 0.00086915679276], [-0.00401025591418, 0.0187426097691, -0.0106455320492, 0.00961344130337, -0.0103107383475, 0.00287444144487, -0.00606879359111, 0.000880725157913, -0.00692987442017, 0.0110255638137, -0.0106931971386, 0.00997943151742, -0.00331788347103], [0.00280201109126, -0.0106455320492, 0.0111470138654, -0.00436394196004, 0.00547550525516, -0.00455633224919, 0.00746774254367, 0.000838239851873, -0.000216632630327, -0.00829718727618, 0.00551105756313, -0.0067201401107, -0.000957373005804], [-0.00149498472456, 0.00961344130337, -0.00436394196004, 0.0140943042934, -0.00985366571695, 0.00726481387392, -0.00958909559995, 0.00290324445814, -0.00826891791075, 0.000260647502728, -0.00145158648957, 0.00117683690041, -0.000421312404796], [0.000231873447774, -0.0103107383475, 0.00547550525516, -0.00985366571695, 0.0216535367072, -0.00743688456714, 0.00783965457231, -0.00550991902128, 0.00325722177513, -0.00338190351613, 2.25681887969e-005, 0.00128406181466, -0.000461350486148], [0.00154315202963, 0.00287444144487, -0.00455633224919, 0.00726481387392, -0.00743688456714, 0.0193732883781, -0.0130716050044, 0.00507670268416, -0.00209104618989, -0.000184626507689, 0.00193463591859, -0.00551372859627, 0.00852101761848], [-0.00122387777083, -0.00606879359111, 0.00746774254367, -0.00958909559995, 0.00783965457231, -0.0130716050044, 0.0285821929574, -0.0106910169125, 0.0088633261621, -0.00994276907295, 0.00387178128585, -0.0106025179848, -0.00136053096503], [0.00289780297317, 0.000880725157913, 0.000838239851873, 0.00290324445814, -0.00550991902128, 0.00507670268416, -0.0106910169125, 0.0280214454979, -0.0206202529371, 0.0124012492597, -0.0099615547806, 0.00657942751423, 0.00535170407966], [-0.00128446542658, -0.00692987442017, -0.000216632630327, -0.00826891791075, 0.00325722177513, -0.00209104618989, 0.0088633261621, -0.0206202529371, 0.0441639535129, -0.0232482179999, 0.015817373991, -0.00734104728326, 0.00165716931224], [-0.00121840718202, 0.0110255638137, -0.00829718727618, 0.000260647502728, -0.00338190351613, -0.000184626507689, -0.00994276907295, 0.0124012492597, -0.0232482179999, 0.0457111783326, -0.0331307984889, 0.0239139534533, -0.00354739651084], [0.00182916619815, -0.0106931971386, 0.00551105756313, -0.00145158648957, 2.25681887969e-005, 0.00193463591859, 0.00387178128585, -0.0099615547806, 0.015817373991, -0.0331307984889, 0.04113670066, -0.0248025674373, 0.0121791986749], [-0.00211305078119, 0.00997943151742, -0.0067201401107, 0.00117683690041, 0.00128406181466, -0.00551372859627, -0.0106025179848, 0.00657942751423, -0.00734104728326, 0.0239139534533, -0.0248025674373, 0.0438381880522, -0.00736439088359], [0.00086915679276, -0.00331788347103, -0.000957373005804, -0.000421312404796, -0.000461350486148, 0.00852101761848, -0.00136053096503, 0.00535170407966, 0.00165716931224, -0.00354739651084, 0.0121791986749, -0.00736439088359, 0.0342937633395]]
    },
    "melbands": {
        "mean": [2.1532376195e-005, 0.000433997047367, 0.000741575087886, 0.00117850292008, 0.00112958345562, 0.000584153691307, 0.000296869344311, 0.00029260746669, 0.000167756137671, 0.000270557851763, 0.000191871629795, 0.00013500287605, 0.000169676655787, 0.000229937199038, 8.6467647634e-005, 2.94625369861e-005, 2.47544812737e-005, 3.42711136909e-005, 2.29838387895e-005, 1.07683408714e-005, 6.17818250248e-006, 4.00730050387e-006, 1.66685845215e-006, 6.95890435054e-007, 3.29974511715e-007, 2.97755292422e-007, 6.76231763919e-008, 3.66049626166e-008, 1.2959620932e-008, 8.8409937149e-009, 3.22095350391e-009, 1.68853453442e-009, 5.01998109748e-010, 3.62987973013e-010, 1.63188282332e-010, 1.33173458372e-010, 5.56215420944e-011, 5.74198709413e-011, 7.05816446955e-011, 6.95015503482e-011],
        "var": [2.08014494518e-009, 5.21564288647e-007, 1.04286630176e-006, 2.86694012175e-006, 1.62976584761e-006, 6.42209158741e-007, 1.19568923651e-007, 2.79862433672e-007, 3.92347807576e-008, 3.10471421017e-007, 1.89642037185e-007, 1.25285922081e-007, 1.36071363954e-007, 4.00120626409e-007, 1.14590470446e-007, 1.04649178212e-008, 2.46167797258e-009, 1.54619836934e-008, 4.57780702234e-009, 3.5425226641e-010, 1.70781735975e-010, 1.42877390474e-010, 1.50828152051e-011, 4.57001320467e-012, 8.43150527695e-013, 1.20433361634e-012, 3.50631694089e-014, 3.06025821004e-014, 2.33852815957e-015, 1.58126926978e-015, 8.66133871087e-017, 3.10083210994e-017, 2.63059109864e-018, 5.21586882974e-018, 2.33056152353e-018, 5.58735843458e-019, 4.5681656789e-020, 1.07497277555e-019, 1.99231165463e-018, 2.17204145812e-018]
    },
    "mfcc": {
        "mean": [-786.756286621, 259.398712158, -32.7311172485, -31.4948711395, 10.4255580902, -12.1862049103, -13.8322076797, -8.56805038452, -11.0552692413, -12.4131584167, -15.2382955551, -14.7071838379, -8.24491405487],
        "cov": [[2357.73754883, 637.60559082, -899.432189941, 676.089782715, 261.376037598, -161.792526245, 147.571746826, -31.6673240662, 83.2631988525, 129.35697937, -0.856508553028, 77.4281768799, 138.994873047], [637.60559082, 440.019775391, -49.7169647217, 77.7533340454, 119.648857117, 0.919179081917, -13.5810775757, -26.488609314, 13.7911720276, 41.7118034363, -23.771446228, -9.14190673828, 49.2691612244], [-899.432189941, -49.7169647217, 574.976867676, -260.692810059, -72.4828948975, 130.044219971, -91.4202880859, -29.0137462616, -17.0076789856, -26.4029998779, 6.20569705963, -23.9296970367, -41.1179008484], [676.089782715, 77.7533340454, -260.692810059, 385.845672607, 132.258117676, -62.4191474915, 46.6961975098, -33.2452926636, 40.9153289795, 90.3306427002, 61.387752533, 80.5491333008, 45.7699394226], [261.376037598, 119.648857117, -72.4828948975, 132.258117676, 155.781768799, -8.53558063507, -18.1348552704, -9.67340755463, 7.50220584869, 57.168170929, 36.0017433167, 22.6277046204, 16.947883606], [-161.792526245, 0.919179081917, 130.044219971, -62.4191474915, -8.53558063507, 120.638290405, 39.782787323, -4.73179483414, 6.97114276886, 3.12322640419, 30.1715011597, 27.3347396851, 6.36812496185], [147.571746826, -13.5810775757, -91.4202880859, 46.6961975098, -18.1348552704, 39.782787323, 135.743499756, 51.6056404114, -1.54971539974, 21.0930156708, 52.3308486938, 73.6600341797, 76.159286499], [-31.6673240662, -26.488609314, -29.0137462616, -33.2452926636, -9.67340755463, -4.73179483414, 51.6056404114, 95.1315689087, 18.8336105347, -20.4662189484, 13.8398427963, 23.5368309021, 35.7101821899], [83.2631988525, 13.7911720276, -17.0076789856, 40.9153289795, 7.50220584869, 6.97114276886, -1.54971539974, 18.8336105347, 66.089050293, 13.8296833038, -13.1678476334, 9.55119514465, -0.533155739307], [129.35697937, 41.7118034363, -26.4029998779, 90.3306427002, 57.168170929, 3.12322640419, 21.0930156708, -20.4662189484, 13.8296833038, 97.876449585, 63.5998764038, 34.2727241516, 39.5937614441], [-0.856508553028, -23.771446228, 6.20569705963, 61.387752533, 36.0017433167, 30.1715011597, 52.3308486938, 13.8398427963, -13.1678476334, 63.5998764038, 128.46647644, 91.154510498, 47.7689170837], [77.4281768799, -9.14190673828, -23.9296970367, 80.5491333008, 22.6277046204, 27.3347396851, 73.6600341797, 23.5368309021, 9.55119514465, 34.2727241516, 91.154510498, 157.062210083, 107.531791687], [138.994873047, 49.2691612244, -41.1179008484, 45.7699394226, 16.947883606, 6.36812496185, 76.159286499, 35.7101821899, -0.533155739307, 39.5937614441, 47.7689170837, 107.531791687, 156.469161987]],
        "icov": [[0.0522087030113, -0.0707090348005, 0.0679280757904, -0.0634608566761, 0.0536591038108, -0.0457263067365, 0.0339614190161, -0.0236949194223, 0.0146505404264, -0.00859391689301, 0.00485244160518, 0.000850703567266, -0.00261425226927], [-0.0707090348005, 0.100070618093, -0.0940589383245, 0.0906798690557, -0.083165705204, 0.0713865458965, -0.0582805722952, 0.0468058846891, -0.0333924815059, 0.0227751098573, -0.0138728767633, 0.00628090649843, -0.00211119069718], [0.0679280757904, -0.0940589383245, 0.0985236316919, -0.092905305326, 0.0911530554295, -0.0911155119538, 0.081391274929, -0.0664082467556, 0.0529459305108, -0.0405526980758, 0.0267955791205, -0.014351380989, 0.00384187116288], [-0.0634608566761, 0.0906798690557, -0.092905305326, 0.111419081688, -0.112679772079, 0.117558203638, -0.113952696323, 0.111285589635, -0.096205599606, 0.0718730315566, -0.0551505498588, 0.0291724856943, -0.0134251443669], [0.0536591038108, -0.083165705204, 0.0911530554295, -0.112679772079, 0.14061319828, -0.146739840508, 0.156538754702, -0.156755715609, 0.140034198761, -0.116916485131, 0.0832815542817, -0.0548149198294, 0.0280674435198], [-0.0457263067365, 0.0713865458965, -0.0911155119538, 0.117558203638, -0.146739840508, 0.188399940729, -0.196077898145, 0.198980808258, -0.182617247105, 0.149402886629, -0.114035956562, 0.0714121088386, -0.0346288047731], [0.0339614190161, -0.0582805722952, 0.081391274929, -0.113952696323, 0.156538754702, -0.196077898145, 0.228866234422, -0.229219958186, 0.209680348635, -0.174336895347, 0.128753527999, -0.0881951004267, 0.0409784838557], [-0.0236949194223, 0.0468058846891, -0.0664082467556, 0.111285589635, -0.156755715609, 0.198980808258, -0.229219958186, 0.263392388821, -0.239566043019, 0.204153835773, -0.157811567187, 0.106432832778, -0.0607985891402], [0.0146505404264, -0.0333924815059, 0.0529459305108, -0.096205599606, 0.140034198761, -0.182617247105, 0.209680348635, -0.239566043019, 0.241509571671, -0.196201726794, 0.156459242105, -0.106637634337, 0.0604264810681], [-0.00859391689301, 0.0227751098573, -0.0405526980758, 0.0718730315566, -0.116916485131, 0.149402886629, -0.174336895347, 0.204153835773, -0.196201726794, 0.188235715032, -0.142926678061, 0.0985953211784, -0.0587964877486], [0.00485244160518, -0.0138728767633, 0.0267955791205, -0.0551505498588, 0.0832815542817, -0.114035956562, 0.128753527999, -0.157811567187, 0.156459242105, -0.142926678061, 0.127621620893, -0.0854127407074, 0.0486368611455], [0.000850703567266, 0.00628090649843, -0.014351380989, 0.0291724856943, -0.0548149198294, 0.0714121088386, -0.0881951004267, 0.106432832778, -0.106637634337, 0.0985953211784, -0.0854127407074, 0.0746506899595, -0.0439096540213], [-0.00261425226927, -0.00211119069718, 0.00384187116288, -0.0134251443669, 0.0280674435198, -0.0346288047731, 0.0409784838557, -0.0607985891402, 0.0604264810681, -0.0587964877486, 0.0486368611455, -0.0439096540213, 0.0370260812342]]
    },
    "spectral_contrast_coeffs": {
        "mean": [-0.441255122423, -0.592582046986, -0.625157594681, -0.688416063786, -0.6817663908, -0.836799919605],
        "var": [0.00676976377144, 0.00541855348274, 0.00394055945799, 0.00245431414805, 0.00192844390403, 0.00242999242619]
    },
    "spectral_contrast_valleys": {
        "mean": [-9.13961601257, -7.59780168533, -7.92875957489, -8.86347198486, -11.132068634, -14.1159954071],
        "var": [1.04655587673, 0.797456145287, 0.760870873928, 0.614579260349, 0.828518927097, 0.29702231288]
    }
},
"metadata": {
    "audio_properties": {
        "analysis_sample_rate": 44100,
        "bit_rate": 128074,
        "equal_loudness": 0,
        "length": 45.0612258911,
        "lossless": 0,
        "replay_gain": -5.66086196899,
        "sample_rate": 44100,
        "codec": "mp3",
        "downmix": "mix",
        "md5_encoded": "1b114a266717ebef2666224f3c5a5bb3"
    },
    "tags": {
        "file_name": "1180.mp3"
    },
    "version": {
        "essentia": "2.1-beta2",
        "essentia_git_sha": "v2.1_beta2",
        "extractor": "music 1.0"
    }
},
"rhythm": {
    "beats_count": 93,
    "beats_loudness": {
        "mean": 0.0414213389158,
        "var": 0.000638726749457
    },
    "bpm": 123.549407959,
    "bpm_histogram_first_peak_bpm": {
        "mean": 123,
        "var": 0
    },
    "bpm_histogram_first_peak_spread": {
        "mean": 0.480000019073,
        "var": 0
    },
    "bpm_histogram_first_peak_weight": {
        "mean": 0.282608687878,
        "var": 0
    },
    "bpm_histogram_second_peak_bpm": {
        "mean": 129,
        "var": 0
    },
    "bpm_histogram_second_peak_spread": {
        "mean": 0.133333310485,
        "var": 0
    },
    "bpm_histogram_second_peak_weight": {
        "mean": 0.282608687878,
        "var": 0
    },
    "danceability": 0.937374770641,
    "onset_rate": 2.08511066437,
    "beats_loudness_band_ratio": {
        "mean": [0.163180351257, 0.333561629057, 0.239161506295, 0.276854515076, 0.0455693788826, 0.00172780291177],
        "var": [0.0163937937468, 0.0337755158544, 0.0213776677847, 0.0354883037508, 0.00363873923197, 5.39348329767e-005]
    },
    "beats_position": [0.441179126501, 0.917188167572, 1.4164172411, 1.92725622654, 2.4497051239, 2.93732428551, 3.41333317757, 3.87773227692, 4.34213161469, 4.82975053787, 5.2941493988, 5.7701587677, 6.26938772202, 6.73378658295, 7.19818592072, 7.6858048439, 8.17342376709, 8.67265319824, 9.17188167572, 9.682721138, 10.1819496155, 10.6579589844, 11.1455783844, 11.6099767685, 12.0743761063, 12.538775444, 13.0031747818, 13.4559631348, 13.9319725037, 14.3963718414, 14.8839902878, 15.3716096878, 15.8824491501, 16.3468475342, 16.8112468719, 17.2756462097, 17.7400455475, 18.2044448853, 18.6572322845, 19.1100215912, 19.574420929, 20.0388202667, 20.5032196045, 20.9676189423, 21.4552383423, 21.9312477112, 22.4072551727, 22.8832645416, 23.3592739105, 23.8468933105, 24.3345127106, 24.7989120483, 25.286529541, 25.7509288788, 26.2153282166, 26.6797275543, 27.1673469543, 27.6549663544, 28.142583847, 28.6302032471, 29.1410427094, 29.6286621094, 30.1046714783, 30.5574588776, 31.0334682465, 31.5094776154, 31.9738769531, 32.4382743835, 32.9258956909, 33.4135131836, 33.901134491, 34.3887519836, 34.8995895386, 35.3988189697, 35.9212684631, 36.4437179565, 36.9893875122, 37.5002250671, 37.9878463745, 38.4754638672, 38.9863014221, 39.4507026672, 39.9383201599, 40.4143295288, 40.91355896, 41.3895683289, 41.8655776978, 42.3531951904, 42.8640365601, 43.3632659912, 43.8392753601, 44.3268928528, 44.8145103455]
},
"tonal": {
    "chords_changes_rate": 0.0555555559695,
    "chords_number_rate": 0.0113168722019,
    "chords_strength": {
        "mean": 0.43223375082,
        "var": 0.00858542416245
    },
    "hpcp_entropy": {
        "mean": 1.13097143173,
        "var": 0.287776201963
    },
    "key_strength": 0.625884771347,
    "tuning_diatonic_strength": 0.442066729069,
    "tuning_equal_tempered_deviation": 0.00553424376994,
    "tuning_frequency": 440,
    "tuning_nontempered_energy_ratio": 0.597371935844,
    "hpcp": {
        "mean": [0.332244247198, 0.165299132466, 0.0104276807979, 0.00506493635476, 0.0070439465344, 0.118331812322, 0.232724040747, 0.139152526855, 0.153881579638, 0.236959293485, 0.113134101033, 0.0661690160632, 0.0806705206633, 0.0380218401551, 0.196155250072, 0.348561167717, 0.172886475921, 0.0127298394218, 0.00831508543342, 0.00575550971553, 0.104361921549, 0.229174926877, 0.138448774815, 0.0907715931535, 0.145868867636, 0.070663869381, 0.0394733734429, 0.0634848773479, 0.0373182147741, 0.10488076508, 0.18151666224, 0.0887568295002, 0.00953996926546, 0.00956350844353, 0.014407097362, 0.185076728463],
        "var": [0.140674397349, 0.0374902710319, 0.00155410624575, 0.000360074773198, 0.000920278776903, 0.0319786779583, 0.117913238704, 0.0303630884737, 0.0409290343523, 0.119529008865, 0.0286491345614, 0.0153854461387, 0.0260472502559, 0.00365663529374, 0.0459164641798, 0.165302842855, 0.0472387708724, 0.000598296930548, 0.000321518455166, 0.000709557847586, 0.0258507560939, 0.124670021236, 0.045155595988, 0.034532379359, 0.103598840535, 0.0248668715358, 0.00618424871936, 0.0158492252231, 0.00401664944366, 0.0315339677036, 0.109770439565, 0.0279930867255, 0.00130872835871, 0.0013328777859, 0.00163343956228, 0.0458468049765]
    },
    "chords_histogram": [2.98353910446, 10.3909463882, 6.68724298477, 0, 18.2098770142, 0, 1.13168728352, 0, 1.44032919407, 0, 0, 0, 0, 0, 0, 2.16049385071, 0, 0, 0, 25.2057609558, 4.73251008987, 5.76131677628, 20.3703708649, 0.925925910473],
    "thpcp": [1, 0.496000379324, 0.0365211069584, 0.0238554552197, 0.0165121946484, 0.29940778017, 0.657488405704, 0.397200793028, 0.260417968035, 0.418488591909, 0.202730178833, 0.113246619701, 0.182134106755, 0.107063606381, 0.300896286964, 0.520759880543, 0.254637748003, 0.0273695699871, 0.0274371020496, 0.041333053261, 0.530973434448, 0.953187763691, 0.474232792854, 0.0299163591117, 0.0145309828222, 0.0202086381614, 0.339486509562, 0.667670607567, 0.399219810963, 0.441476553679, 0.679821252823, 0.324574589729, 0.189834728837, 0.23143863678, 0.109082259238, 0.562757015228],
    "chords_key": "D",
    "chords_scale": "minor",
    "key_key": "G",
    "key_scale": "major"
}
}