{
"lowlevel": {
    "average_loudness": 0.815417289734,
    "barkbands_crest": {
        "mean": 20.983001709,
        "var": 24.6671352386
    },
    "barkbands_flatness_db": {
        "mean": 0.537799537182,
        "var": 0.0050338418223
    },
    "barkbands_kurtosis": {
        "mean": 53.7287406921,
        "var": 19468.4199219
    },
    "barkbands_skewness": {
        "mean": 0.890689611435,
        "var": 17.4894714355
    },
    "barkbands_spread": {
        "mean": 1.5435385704,
        "var": 2.83043456078
    },
    "dissonance": {
        "mean": 0.23060631752,
        "var": 0.0095327179879
    },
    "dynamic_complexity": 6.19144487381,
    "erbbands_crest": {
        "mean": 23.6414966583,
        "var": 26.5576343536
    },
    "erbbands_flatness_db": {
        "mean": 0.535577535629,
        "var": 0.00366910616867
    },
    "erbbands_kurtosis": {
        "mean": 12.4657125473,
        "var": 115.697433472
    },
    "erbbands_skewness": {
        "mean": 1.46899008751,
        "var": 2.1579580307
    },
    "erbbands_spread": {
        "mean": 1.87402749062,
        "var": 3.09811282158
    },
    "hfc": {
        "mean": 6.33656692505,
        "var": 79.335899353
    },
    "melbands_crest": {
        "mean": 21.9231052399,
        "var": 33.684463501
    },
    "melbands_flatness_db": {
        "mean": 0.656083881855,
        "var": 0.00461369240656
    },
    "melbands_kurtosis": {
        "mean": 10.0396966934,
        "var": 106.741073608
    },
    "melbands_skewness": {
        "mean": -0.0196191128343,
        "var": 1.90340411663
    },
    "melbands_spread": {
        "mean": 2.87502765656,
        "var": 13.2426099777
    },
    "pitch_salience": {
        "mean": 0.307086974382,
        "var": 0.0267476718873
    },
    "silence_rate_20dB": {
        "mean": 1,
        "var": 0
    },
    "silence_rate_30dB": {
        "mean": 0.994850695133,
        "var": 0.0051229163073
    },
    "silence_rate_60dB": {
        "mean": 0.342945426702,
        "var": 0.22533659637
    },
    "spectral_centroid": {
        "mean": 458.947692871,
        "var": 61101.203125
    },
    "spectral_complexity": {
        "mean": 3.6725025177,
        "var": 5.42931652069
    },
    "spectral_decrease": {
        "mean": -3.63655106028e-009,
        "var": 2.51173045586e-017
    },
    "spectral_energy": {
        "mean": 0.0142999254167,
        "var": 0.000388684304198
    },
    "spectral_energyband_high": {
        "mean": 7.80259235e-009,
        "var": 1.85985014756e-015
    },
    "spectral_energyband_low": {
        "mean": 0.000669905683026,
        "var": 4.41835436504e-006
    },
    "spectral_energyband_middle_high": {
        "mean": 0.000119541742606,
        "var": 6.25113756314e-008
    },
    "spectral_energyband_middle_low": {
        "mean": 0.0135218733922,
        "var": 0.000346216693288
    },
    "spectral_entropy": {
        "mean": 4.20305538177,
        "var": 0.403060138226
    },
    "spectral_flux": {
        "mean": 0.0178102664649,
        "var": 0.000720507407095
    },
    "spectral_kurtosis": {
        "mean": 300.644439697,
        "var": 19872.0625
    },
    "spectral_rms": {
        "mean": 0.00302570313215,
        "var": 4.79629352412e-006
    },
    "spectral_rolloff": {
        "mean": 494.980163574,
        "var": 184064.21875
    },
    "spectral_skewness": {
        "mean": 14.7945346832,
        "var": 8.88334369659
    },
    "spectral_spread": {
        "mean": 825563.0625,
        "var": 1.13516675072e+012
    },
    "spectral_strongpeak": {
        "mean": 1.57568466663,
        "var": 1.57593619823
    },
    "zerocrossingrate": {
        "mean": 0.0206574145705,
        "var": 0.000128528801724
    },
    "barkbands": {
        "mean": [1.33565436045e-006, 0.000382878963137, 0.000275142869214, 0.000100196004496, 0.000262953399215, 0.00101780309342, 0.0108590861782, 0.000670194101986, 0.00060756347375, 4.73444379168e-005, 6.46832559141e-005, 5.00382839164e-006, 3.6719052332e-006, 1.58860314059e-006, 2.2163551705e-007, 1.57406248036e-007, 7.18504011843e-008, 4.9361357668e-008, 5.98746918712e-009, 5.1039421578e-009, 1.34131172835e-009, 1.12727227553e-009, 9.17375841958e-010, 9.10522046649e-010, 9.50030387692e-010, 8.7623697187e-010, 6.61834698157e-010],
        "var": [4.47402739856e-011, 1.45865362811e-006, 8.84373775989e-007, 1.03035908694e-007, 1.43813144859e-006, 6.63463606543e-006, 0.000291359814582, 9.95753271127e-006, 1.38065943247e-005, 1.16703020581e-008, 3.97691373166e-008, 2.56716731206e-010, 1.39432076995e-010, 5.08843869818e-011, 6.88803126949e-013, 4.72741095402e-013, 4.27559226359e-014, 5.17718870162e-014, 4.83374174427e-016, 6.15417346481e-016, 5.44616112352e-017, 7.11141532467e-017, 2.89348903237e-017, 2.38072142501e-017, 3.24316243097e-017, 3.12374534378e-017, 1.80521394662e-018]
    },
    "erbbands": {
        "mean": [0.0022550902795, 0.113448418677, 0.404011279345, 0.200540482998, 1.02782022953, 0.51368701458, 1.64983129501, 15.7401428223, 106.010139465, 115.11290741, 21.001909256, 9.66314792633, 4.40543985367, 3.06214165688, 0.815068721771, 0.181497201324, 0.17671635747, 0.0932215899229, 0.0445357263088, 0.0113680828363, 0.00941127445549, 0.00372912269086, 0.00396775314584, 0.000578122562729, 0.000274070800515, 0.000187905636267, 8.13213555375e-005, 5.11553153046e-005, 4.59986258647e-005, 3.97723160859e-005, 3.20248764183e-005, 2.74539816019e-005, 2.32388192671e-005, 1.91216986423e-005, 1.48812569023e-005, 1.05430435724e-005, 5.73766192247e-006, 1.24177461203e-006, 6.84574433762e-006, 1.60181589308e-005],
        "var": [5.43473215657e-005, 0.127309188247, 1.731798172, 0.34570273757, 16.0501537323, 7.9270401001, 17.1487731934, 1151.46691895, 26182.7109375, 43591.765625, 8393.31933594, 2945.87524414, 48.936832428, 64.7570571899, 3.98394799232, 0.211399525404, 0.260611444712, 0.112581036985, 0.0352755077183, 0.00127935933415, 0.000981082557701, 9.58272139542e-005, 0.000279024476185, 4.18730496676e-006, 1.15963155167e-006, 6.49947423881e-007, 1.78447947974e-007, 6.45876738758e-008, 8.93916904943e-008, 6.68983020091e-008, 1.73910041923e-008, 1.10456568336e-008, 6.78530698295e-009, 4.0194372275e-009, 2.01624694718e-009, 7.19360404577e-010, 1.46941722678e-010, 6.72056030618e-012, 8.86808404488e-011, 4.88047602332e-010]
    },
    "gfcc": {
        "mean": [-356.100769043, 239.197036743, -47.9258308411, -89.4195480347, -69.0530700684, -24.7687263489, -21.9220561981, -0.0254527609795, 9.0703086853, 1.58947038651, 6.0025100708, -7.68120098114, -5.90823507309],
        "cov": [[5846.4609375, 858.19720459, -242.20010376, 69.4066925049, 656.014648438, -389.901977539, 145.369506836, 187.223236084, 72.7504272461, -161.36076355, 127.537536621, 2.71851205826, -140.959640503], [858.19720459, 789.761901855, 235.342407227, 206.746780396, 405.487304688, 166.064682007, 18.0851745605, 9.43084716797, -40.9083061218, -154.96836853, -106.179862976, -53.402381897, 40.2116279602], [-242.20010376, 235.342407227, 450.720855713, 141.738098145, -15.1332426071, 113.921302795, 91.9817276001, -6.38826322556, -20.335193634, 15.5766363144, 20.9772262573, 45.4266090393, 78.9937591553], [69.4066925049, 206.746780396, 141.738098145, 313.501251221, 205.035842896, 144.933868408, 12.7921972275, 6.20714569092, -22.4987125397, -22.723033905, -57.2544021606, -19.7049808502, 6.24655914307], [656.014648438, 405.487304688, -15.1332426071, 205.035842896, 411.228851318, 116.84576416, -23.3822898865, 30.0621242523, 9.79873371124, -71.5182342529, -61.6689338684, -55.2140197754, -33.4852256775], [-389.901977539, 166.064682007, 113.921302795, 144.933868408, 116.84576416, 210.226913452, 40.2602996826, -0.963113188744, -17.8949184418, -1.82380342484, -50.4572410583, -28.0118560791, 15.9179849625], [145.369506836, 18.0851745605, 91.9817276001, 12.7921972275, -23.3822898865, 40.2602996826, 119.06993866, 57.9185791016, 21.3865776062, 27.6499023438, 30.0131816864, 10.2922639847, -1.63527166843], [187.223236084, 9.43084716797, -6.38826322556, 6.20714569092, 30.0621242523, -0.963113188744, 57.9185791016, 90.7157287598, 50.350315094, -9.41948413849, -16.8588428497, -14.1592378616, -25.5029354095], [72.7504272461, -40.9083061218, -20.335193634, -22.4987125397, 9.79873371124, -17.8949184418, 21.3865776062, 50.350315094, 83.9521636963, 42.1906356812, 15.7099866867, -14.3495063782, -22.2559261322], [-161.36076355, -154.96836853, 15.5766363144, -22.723033905, -71.5182342529, -1.82380342484, 27.6499023438, -9.41948413849, 42.1906356812, 119.123695374, 98.24193573, 27.3072776794, -3.04566287994], [127.537536621, -106.179862976, 20.9772262573, -57.2544021606, -61.6689338684, -50.4572410583, 30.0131816864, -16.8588428497, 15.7099866867, 98.24193573, 161.865005493, 90.2096786499, 20.1736297607], [2.71851205826, -53.402381897, 45.4266090393, -19.7049808502, -55.2140197754, -28.0118560791, 10.2922639847, -14.1592378616, -14.3495063782, 27.3072776794, 90.2096786499, 107.716659546, 59.3819961548], [-140.959640503, 40.2116279602, 78.9937591553, 6.24655914307, -33.4852256775, 15.9179849625, -1.63527166843, -25.5029354095, -22.2559261322, -3.04566287994, 20.1736297607, 59.3819961548, 85.9729919434]],
        "icov": [[0.000878757738974, -0.00189853226766, 0.00140642200131, -0.000838539155666, -0.000759227201343, 0.00402977922931, -0.00357081810944, 0.00101472623646, 0.000390538334614, -0.00180170731619, 0.00120725191664, -0.00178024673369, 0.00127233692911], [-0.00189853226766, 0.0142113082111, -0.00838320422918, 0.0043977946043, -0.007694974076, -0.00997710507363, 0.00425649154931, 0.00300899380818, -0.00442891381681, 0.0197190530598, -0.0114467712119, 0.0146217225119, -0.0104141598567], [0.00140642200131, -0.00838320422918, 0.00979483686388, -0.00586611684412, 0.0057893935591, 0.00576481688768, -0.00794647168368, 0.00264373072423, -0.00134695670567, -0.00607932871208, 0.00271168188192, -0.00610355706885, 0.00248950021341], [-0.000838539155666, 0.0043977946043, -0.00586611684412, 0.0115823969245, -0.008360395208, -0.00336708314717, 0.00295779458247, -0.00280244695023, 0.00727493129671, -0.00837037432939, 0.0101746916771, -0.00443003512919, -3.22385640175e-005], [-0.000759227201343, -0.007694974076, 0.0057893935591, -0.008360395208, 0.0195071287453, -0.00891446415335, 0.0107457693666, -0.00611018063501, -0.00664121098816, 0.00655991304666, -0.0114699108526, 0.00252908072434, 0.00474022468552], [0.00402977922931, -0.00997710507363, 0.00576481688768, -0.00336708314717, -0.00891446415335, 0.0327261760831, -0.0236703641713, 0.00675829220563, 0.0100554581732, -0.0272232014686, 0.0237223356962, -0.0153367100284, 0.00491004018113], [-0.00357081810944, 0.00425649154931, -0.00794647168368, 0.00295779458247, 0.0107457693666, -0.0236703641713, 0.0454055964947, -0.0341660156846, 0.00975361932069, 0.00318714510649, -0.0183230359107, 0.0152348829433, -0.00504790013656], [0.00101472623646, 0.00300899380818, 0.00264373072423, -0.00280244695023, -0.00611018063501, 0.00675829220563, -0.0341660156846, 0.05685755983, -0.0353417769074, 0.0230639595538, 0.00697138812393, -0.0121897701174, 0.0090678120032], [0.000390538334614, -0.00442891381681, -0.00134695670567, 0.00727493129671, -0.00664121098816, 0.0100554581732, 0.00975361932069, -0.0353417769074, 0.0511464215815, -0.0469721704721, 0.0210710279644, -0.00486236531287, -0.00133536139037], [-0.00180170731619, 0.0197190530598, -0.00607932871208, -0.00837037432939, 0.00655991304666, -0.0272232014686, 0.00318714510649, 0.0230639595538, -0.0469721704721, 0.102194674313, -0.0752455219626, 0.0500553399324, -0.0169419273734], [0.00120725191664, -0.0114467712119, 0.00271168188192, 0.0101746916771, -0.0114699108526, 0.0237223356962, -0.0183230359107, 0.00697138812393, 0.0210710279644, -0.0752455219626, 0.0846475660801, -0.0645180866122, 0.0244518015534], [-0.00178024673369, 0.0146217225119, -0.00610355706885, -0.00443003512919, 0.00252908072434, -0.0153367100284, 0.0152348829433, -0.0121897701174, -0.00486236531287, 0.0500553399324, -0.0645180866122, 0.0750801861286, -0.0395339056849], [0.00127233692911, -0.0104141598567, 0.00248950021341, -3.22385640175e-005, 0.00474022468552, 0.00491004018113, -0.00504790013656, 0.0090678120032, -0.00133536139037, -0.0169419273734, 0.0244518015534, -0.0395339056849, 0.0404573231936]]
    },
    "melbands": {
        "mean": [6.02653999522e-005, 0.000199441012228, 6.66660271236e-005, 6.07790025242e-005, 4.80184244225e-005, 0.000358859455446, 0.00189189449884, 0.0010296391556, 0.000149155690451, 5.78528452024e-005, 2.11325859709e-005, 1.19199785331e-005, 4.629247087e-006, 6.5516394443e-007, 3.9408291741e-007, 4.10527604799e-007, 1.39042882097e-007, 8.93597160712e-008, 2.32765646757e-008, 8.97437413272e-009, 1.07211777234e-008, 3.63327767872e-009, 3.45673556446e-009, 2.33336949762e-009, 2.90951873705e-010, 1.94675497944e-010, 2.57221466349e-010, 7.89271495383e-011, 5.48219629415e-011, 2.90521200846e-011, 2.58948435611e-011, 2.3386081266e-011, 2.03628763157e-011, 1.79326900551e-011, 1.47344497714e-011, 1.25819745248e-011, 1.17023188015e-011, 1.05376722973e-011, 9.47251912325e-012, 8.72839474308e-012],
        "var": [3.68109347448e-008, 4.01025204155e-007, 4.1710137566e-008, 9.63747623928e-008, 1.72128196141e-008, 5.74133537157e-007, 8.22065794637e-006, 3.56188070327e-006, 8.35746050143e-007, 8.41851033329e-008, 1.17492937601e-009, 8.82368400568e-010, 1.77916376076e-010, 4.60276435021e-012, 1.78347224142e-012, 2.2922150289e-012, 4.84984611065e-013, 1.81307998671e-013, 8.29651492363e-015, 2.78202952855e-015, 1.10260057513e-015, 1.07611955911e-016, 1.66608971975e-016, 1.19220112319e-016, 1.21882736814e-018, 5.66988210839e-019, 1.931880941e-018, 1.00486986487e-019, 1.26409573189e-019, 2.04857127124e-020, 2.2678636371e-020, 2.92483600586e-020, 2.57126136888e-020, 1.87295791914e-020, 6.18089790877e-021, 4.08421316021e-021, 3.75774177454e-021, 3.18853326877e-021, 2.6858877607e-021, 2.63329595663e-021]
    },
    "mfcc": {
        "mean": [-946.891235352, 205.86567688, 75.5658493042, -14.5952043533, -37.1393470764, -28.0908546448, -16.0837421417, -7.49234437943, -2.30977845192, 1.9019728899, 6.55122470856, 9.00337314606, 9.15903663635],
        "cov": [[2053.62719727, 1749.00439453, 16.2390098572, -262.221405029, 206.456695557, 237.902648926, 91.2495803833, 114.545181274, 76.9787063599, -15.1812915802, 17.0015068054, 48.4799919128, -42.6239356995], [1749.00439453, 1562.73278809, 140.190368652, -176.380126953, 162.516662598, 220.755584717, 118.421226501, 117.9008255, 76.5656509399, -2.22166490555, 10.8918046951, 28.0443134308, -45.3889770508], [16.2390098572, 140.190368652, 245.876922607, 132.480148315, 18.862323761, 51.2472038269, 83.7118377686, 48.4576263428, 26.4400119781, 22.1919384003, -4.86234474182, -27.9784221649, -24.5269470215], [-262.221405029, -176.380126953, 132.480148315, 195.776885986, 96.4834823608, 51.4261169434, 48.1416816711, 26.7483596802, 18.5621852875, 23.1659011841, 2.04533171654, -25.1021213531, -23.3713626862], [206.456695557, 162.516662598, 18.862323761, 96.4834823608, 198.553604126, 143.493896484, 51.4677734375, 28.6062259674, 28.0448074341, 20.927066803, 17.2314376831, 0.523578464985, -26.5225086212], [237.902648926, 220.755584717, 51.2472038269, 51.4261169434, 143.493896484, 152.905563354, 85.0401382446, 31.3190021515, 16.5985069275, 20.338684082, 21.0394058228, 4.46317243576, -16.7484951019], [91.2495803833, 118.421226501, 83.7118377686, 48.1416816711, 51.4677734375, 85.0401382446, 92.3082199097, 55.2951812744, 20.0389900208, 13.8038759232, 13.8212280273, 3.62498497963, -5.71446180344], [114.545181274, 117.9008255, 48.4576263428, 26.7483596802, 28.6062259674, 31.3190021515, 55.2951812744, 80.1110458374, 64.7320327759, 26.5550765991, 7.21695804596, 3.87022781372, -7.5450053215], [76.9787063599, 76.5656509399, 26.4400119781, 18.5621852875, 28.0448074341, 16.5985069275, 20.0389900208, 64.7320327759, 94.3093185425, 65.8095169067, 19.5517253876, -3.34468960762, -17.9811820984], [-15.1812915802, -2.22166490555, 22.1919384003, 23.1659011841, 20.927066803, 20.338684082, 13.8038759232, 26.5550765991, 65.8095169067, 83.6298141479, 52.4739646912, 7.43736839294, -17.9523849487], [17.0015068054, 10.8918046951, -4.86234474182, 2.04533171654, 17.2314376831, 21.0394058228, 13.8212280273, 7.21695804596, 19.5517253876, 52.4739646912, 70.6748428345, 48.0656318665, 12.379029274], [48.4799919128, 28.0443134308, -27.9784221649, -25.1021213531, 0.523578464985, 4.46317243576, 3.62498497963, 3.87022781372, -3.34468960762, 7.43736839294, 48.0656318665, 76.5580673218, 66.1461257935], [-42.6239356995, -45.3889770508, -24.5269470215, -23.3713626862, -26.5225086212, -16.7484951019, -5.71446180344, -7.5450053215, -17.9811820984, -17.9523849487, 12.379029274, 66.1461257935, 105.097717285]],
        "icov": [[116.869232178, -176.618545532, 207.499694824, -248.396850586, 286.948974609, -309.861175537, 306.575531006, -273.860626221, 216.021194458, -145.634750366, 80.4068222046, -33.1533470154, 7.82906484604], [-176.618545532, 266.964935303, -313.7215271, 375.524505615, -433.576965332, 467.790008545, -462.355072021, 412.593414307, -325.168579102, 219.075653076, -120.910774231, 49.8551979065, -11.7779922485], [207.499694824, -313.7215271, 368.83291626, -441.554077148, 509.679107666, -549.567565918, 542.756286621, -483.969116211, 381.171936035, -256.697113037, 141.661132813, -58.4320716858, 13.8171806335], [-248.396850586, 375.524505615, -441.554077148, 529.080749512, -611.734863281, 661.095031738, -654.532897949, 585.066894531, -461.792999268, 311.530944824, -172.140029907, 71.0592498779, -16.8053874969], [286.948974609, -433.576965332, 509.679107666, -611.734863281, 710.185241699, -771.892578125, 769.157287598, -691.904541016, 549.147766113, -372.078826904, 206.200912476, -85.2208023071, 20.1422958374], [-309.861175537, 467.790008545, -549.567565918, 661.095031738, -771.892578125, 845.828491211, -850.549621582, 771.967346191, -617.434936523, 420.880584717, -234.193161011, 96.9444122314, -22.8876247406], [306.575531006, -462.355072021, 542.756286621, -654.532897949, 769.157287598, -850.549621582, 864.023376465, -791.904846191, 638.731384277, -438.268157959, 244.950424194, -101.589912415, 23.9608840942], [-273.860626221, 412.593414307, -483.969116211, 585.066894531, -691.904541016, 771.967346191, -791.904846191, 732.689147949, -595.773803711, 411.42590332, -231.004547119, 96.0411224365, -22.6550540924], [216.021194458, -325.168579102, 381.171936035, -461.792999268, 549.147766113, -617.434936523, 638.731384277, -595.773803711, 487.925323486, -338.942596436, 191.196136475, -79.7631225586, 18.8516235352], [-145.634750366, 219.075653076, -256.697113037, 311.530944824, -372.078826904, 420.880584717, -438.268157959, 411.42590332, -338.942596436, 236.69934082, -134.158157349, 56.218006134, -13.3374032974], [80.4068222046, -120.910774231, 141.661132813, -172.140029907, 206.200912476, -234.193161011, 244.950424194, -231.004547119, 191.196136475, -134.158157349, 76.4752960205, -32.2749710083, 7.72297239304], [-33.1533470154, 49.8551979065, -58.4320716858, 71.0592498779, -85.2208023071, 96.9444122314, -101.589912415, 96.0411224365, -79.7631225586, 56.218006134, -32.2749710083, 13.7965354919, -3.36066627502], [7.82906484604, -11.7779922485, 13.8171806335, -16.8053874969, 20.1422958374, -22.8876247406, 23.9608840942, -22.6550540924, 18.8516235352, -13.3374032974, 7.72297239304, -3.36066627502, 0.850193619728]]
    },
    "spectral_contrast_coeffs": {
        "mean": [-0.702114403248, -0.535009562969, -0.650515496731, -0.744958996773, -0.847125649452, -0.930615484715],
        "var": [0.00588258635253, 0.0138897672296, 0.00392477447167, 0.00177881016862, 0.00261529092677, 0.000586462032516]
    },
    "spectral_contrast_valleys": {
        "mean": [-9.59544658661, -8.21821689606, -10.2197313309, -12.3515377045, -13.5262145996, -14.6688861847],
        "var": [1.0675766468, 1.11056768894, 0.871505737305, 0.872510075569, 0.543214857578, 0.940527737141]
    }
},
"metadata": {
    "audio_properties": {
        "analysis_sample_rate": 44100,
        "bit_rate": 128074,
        "equal_loudness": 0,
        "length": 45.0612258911,
        "lossless": 0,
        "replay_gain": -5.50329589844,
        "sample_rate": 44100,
        "codec": "mp3",
        "downmix": "mix",
        "md5_encoded": "4ec759d9415016dc03a05091b7fa6da9"
    },
    "tags": {
        "file_name": "1184.mp3"
    },
    "version": {
        "essentia": "2.1-beta2",
        "essentia_git_sha": "v2.1_beta2",
        "extractor": "music 1.0"
    }
},
"rhythm": {
    "beats_count": 59,
    "beats_loudness": {
        "mean": 0.0296055097133,
        "var": 0.000865281559527
    },
    "bpm": 79.7696762085,
    "bpm_histogram_first_peak_bpm": {
        "mean": 80,
        "var": 0
    },
    "bpm_histogram_first_peak_spread": {
        "mean": 0.339285761118,
        "var": 0
    },
    "bpm_histogram_first_peak_weight": {
        "mean": 0.637930989265,
        "var": 0
    },
    "bpm_histogram_second_peak_bpm": {
        "mean": 75,
        "var": 0
    },
    "bpm_histogram_second_peak_spread": {
        "mean": 0,
        "var": 0
    },
    "bpm_histogram_second_peak_weight": {
        "mean": 0.0172413792461,
        "var": 0
    },
    "danceability": 1.0457918644,
    "onset_rate": 0.909463107586,
    "beats_loudness_band_ratio": {
        "mean": [0.0632732585073, 0.216839790344, 0.816125631332, 0.00622297124937, 0.000257895910181, 2.11770952774e-006],
        "var": [0.00883195362985, 0.0527802035213, 0.0604886263609, 1.96589462576e-005, 4.77492903883e-007, 1.50900960564e-012]
    },
    "beats_position": [0.777868449688, 1.55573689938, 2.33360528946, 3.13469386101, 3.92417216301, 4.69043064117, 5.45668935776, 6.2229475975, 6.98920631409, 7.73224496841, 8.47528362274, 9.24154186249, 9.99619007111, 10.7624483109, 11.5287075043, 12.2601356506, 13.0031747818, 13.7113828659, 14.4428119659, 15.1974601746, 15.9521083832, 16.6951465607, 17.4381847382, 18.1928348541, 18.9474830627, 19.7021312714, 20.45677948, 21.1998176575, 21.942855835, 22.6975059509, 23.4521541595, 24.2068023682, 24.9614505768, 25.7044887543, 26.4591369629, 27.2137870789, 27.9568252563, 28.6882534027, 29.4312915802, 30.1859397888, 30.9521980286, 31.6952381134, 32.4382743835, 33.1929244995, 33.9475746155, 34.690612793, 35.422039032, 36.1650772095, 36.9197273254, 37.6859855652, 38.4522438049, 39.1952819824, 39.9383201599, 40.6929702759, 41.4360084534, 42.1906585693, 42.9336967468, 43.6999549866, 44.4662132263]
},
"tonal": {
    "chords_changes_rate": 0.047325104475,
    "chords_number_rate": 0.00617283955216,
    "chords_strength": {
        "mean": 0.446253985167,
        "var": 0.00906029436737
    },
    "hpcp_entropy": {
        "mean": 0.853106498718,
        "var": 0.33021736145
    },
    "key_strength": 0.506992399693,
    "tuning_diatonic_strength": 0.403899490833,
    "tuning_equal_tempered_deviation": 0.00290525751188,
    "tuning_frequency": 440,
    "tuning_nontempered_energy_ratio": 0.597067713737,
    "hpcp": {
        "mean": [0.00216519180685, 0.0038486905396, 0.246387436986, 0.460760384798, 0.218426331878, 0.00108931621071, 0.000339613907272, 0.00162766908761, 0.0324269644916, 0.0699783340096, 0.041280221194, 0.0354178287089, 0.0725650638342, 0.0410521924496, 0.00176258210558, 0.000345356209436, 0.000364233739674, 0.0267589055002, 0.0618134923279, 0.0364454612136, 0.00182288640644, 0.000803231552709, 0.00369953433983, 0.0913471952081, 0.160544261336, 0.0774775668979, 0.0533087737858, 0.0995351076126, 0.0545443631709, 0.00581571785733, 0.00703175086528, 0.0136604309082, 0.163821339607, 0.333291113377, 0.189118415117, 0.0121681708843],
        "var": [0.00010940656648, 0.00070298218634, 0.0612440556288, 0.209556177258, 0.0490620918572, 0.000171305873664, 4.82740460939e-006, 0.000182832940482, 0.0150901563466, 0.0614885017276, 0.0221676509827, 0.0115123772994, 0.0489952713251, 0.0158162359148, 5.6286000472e-005, 3.1019465041e-006, 7.27599308448e-006, 0.00727222347632, 0.0382703393698, 0.0130491824821, 3.12483789457e-005, 8.82540007296e-006, 0.000164522745763, 0.0431588888168, 0.123778477311, 0.0291866064072, 0.00734395906329, 0.0267815236002, 0.00921403057873, 0.000408424297348, 0.00215165992267, 0.00412260042503, 0.0582043379545, 0.207369565964, 0.0735058486462, 0.00166997790802]
    },
    "chords_histogram": [16.2551441193, 31.8930034637, 10.9053497314, 31.58436203, 0.720164597034, 7.51028823853, 0, 0, 0, 0, 0, 0, 0, 0, 0, 0, 0, 0, 0, 0, 1.13168728352, 0, 0, 0],
    "thpcp": [1, 0.474056243896, 0.00236417073756, 0.000737072725315, 0.0035325717181, 0.0703770667315, 0.151875764132, 0.0895915180445, 0.0768682137132, 0.157489806414, 0.0890966206789, 0.00382537674159, 0.00074953539297, 0.000790505786426, 0.0580755360425, 0.134155392647, 0.0790985152125, 0.00395625689998, 0.00174327392597, 0.0080291936174, 0.198253139853, 0.348433285952, 0.168151542544, 0.115697391331, 0.21602357924, 0.118379019201, 0.0126220006496, 0.0152611881495, 0.0296475812793, 0.355545639992, 0.723350167274, 0.410448521376, 0.0264088921249, 0.00469917105511, 0.00835291109979, 0.534740924835],
    "chords_key": "F#",
    "chords_scale": "major",
    "key_key": "D#",
    "key_scale": "minor"
}
}