{
"lowlevel": {
    "average_loudness": 0.339079767466,
    "barkbands_crest": {
        "mean": 12.5853118896,
        "var": 11.3827428818
    },
    "barkbands_flatness_db": {
        "mean": 0.464855343103,
        "var": 0.00657237321138
    },
    "barkbands_kurtosis": {
        "mean": 6.57840776443,
        "var": 194.572296143
    },
    "barkbands_skewness": {
        "mean": 0.771762371063,
        "var": 1.86478018761
    },
    "barkbands_spread": {
        "mean": 1.87318384647,
        "var": 1.67157685757
    },
    "dissonance": {
        "mean": 0.333353221416,
        "var": 0.00660368660465
    },
    "dynamic_complexity": 12.3701095581,
    "erbbands_crest": {
        "mean": 15.4514608383,
        "var": 16.5929985046
    },
    "erbbands_flatness_db": {
        "mean": 0.42475888133,
        "var": 0.00564876291901
    },
    "erbbands_kurtosis": {
        "mean": 6.42391443253,
        "var": 224.308929443
    },
    "erbbands_skewness": {
        "mean": 0.724385619164,
        "var": 2.2041258812
    },
    "erbbands_spread": {
        "mean": 5.09903430939,
        "var": 22.1860561371
    },
    "hfc": {
        "mean": 4.16038799286,
        "var": 74.4027099609
    },
    "melbands_crest": {
        "mean": 15.7728452682,
        "var": 16.0761489868
    },
    "melbands_flatness_db": {
        "mean": 0.584887862206,
        "var": 0.00932878721505
    },
    "melbands_kurtosis": {
        "mean": 6.4307384491,
        "var": 423.790496826
    },
    "melbands_skewness": {
        "mean": 0.948678612709,
        "var": 1.67033863068
    },
    "melbands_spread": {
        "mean": 3.05189394951,
        "var": 8.68798160553
    },
    "pitch_salience": {
        "mean": 0.541053771973,
        "var": 0.0142238484696
    },
    "silence_rate_20dB": {
        "mean": 1,
        "var": 0
    },
    "silence_rate_30dB": {
        "mean": 0.9866117239,
        "var": 0.0132090561092
    },
    "silence_rate_60dB": {
        "mean": 0.54428422451,
        "var": 0.248035356402
    },
    "spectral_centroid": {
        "mean": 325.671478271,
        "var": 64166.6171875
    },
    "spectral_complexity": {
        "mean": 4.63800191879,
        "var": 13.8581151962
    },
    "spectral_decrease": {
        "mean": -3.18427262336e-009,
        "var": 3.67787562137e-017
    },
    "spectral_energy": {
        "mean": 0.0123955188319,
        "var": 0.000559692503884
    },
    "spectral_energyband_high": {
        "mean": 2.12144686884e-006,
        "var": 3.67036567805e-010
    },
    "spectral_energyband_low": {
        "mean": 0.0016490847338,
        "var": 1.26710901895e-005
    },
    "spectral_energyband_middle_high": {
        "mean": 0.000124879050418,
        "var": 1.60905898383e-007
    },
    "spectral_energyband_middle_low": {
        "mean": 0.0112451631576,
        "var": 0.000503384915646
    },
    "spectral_entropy": {
        "mean": 4.86818885803,
        "var": 0.264438539743
    },
    "spectral_flux": {
        "mean": 0.0208492260426,
        "var": 0.000870919262525
    },
    "spectral_kurtosis": {
        "mean": 194.070404053,
        "var": 17291.1445313
    },
    "spectral_rms": {
        "mean": 0.00241574156098,
        "var": 6.25739312454e-006
    },
    "spectral_rolloff": {
        "mean": 408.130889893,
        "var": 180329.546875
    },
    "spectral_skewness": {
        "mean": 10.8029689789,
        "var": 20.1283664703
    },
    "spectral_spread": {
        "mean": 1107717.5,
        "var": 2.01180276326e+012
    },
    "spectral_strongpeak": {
        "mean": 0.58823376894,
        "var": 0.594832837582
    },
    "zerocrossingrate": {
        "mean": 0.0151075525209,
        "var": 0.000146441147081
    },
    "barkbands": {
        "mean": [2.99717953567e-007, 1.14377762657e-005, 0.00101866095793, 0.000848549883813, 0.00269696535543, 0.00443135155365, 0.00256925099529, 0.000395662558731, 0.000287557806587, 2.68325984507e-005, 3.03777596855e-005, 3.22408995999e-005, 2.22919115913e-005, 1.19974210975e-005, 2.40573990595e-006, 3.54028770744e-006, 1.49470679389e-006, 1.14492013381e-006, 1.09485972644e-006, 8.81422067778e-007, 8.08460072221e-007, 3.85960845506e-007, 1.86712483696e-007, 6.40753299308e-008, 4.18994225981e-008, 1.68010547696e-008, 5.93282534211e-010],
        "var": [2.23357408957e-011, 8.00218280528e-010, 6.2727981458e-006, 1.90660819044e-006, 3.44748477801e-005, 0.000127428240376, 4.24393983849e-005, 1.75861282514e-006, 1.87241960248e-006, 7.84283926691e-009, 6.85853285276e-009, 1.39246703057e-008, 1.15826752634e-008, 2.67674571397e-009, 3.38828021196e-010, 5.08099118335e-010, 2.88542328919e-010, 4.79537694276e-011, 9.16248257821e-011, 5.5000899668e-011, 6.6832837875e-011, 2.92313707961e-011, 3.45443552235e-012, 6.22162748837e-013, 5.88573894483e-013, 1.09629698982e-013, 1.48035567689e-017]
    },
    "erbbands": {
        "mean": [0.000412194116507, 0.0141754690558, 0.648361444473, 2.94170284271, 4.49425792694, 7.07536077499, 34.9958457947, 28.0470943451, 41.122013092, 17.8358955383, 11.5936632156, 7.78908205032, 2.48614954948, 0.617915570736, 1.67748177052, 1.33490538597, 1.35531842709, 0.615363776684, 0.326336175203, 0.112631067634, 0.178801313043, 0.111987546086, 0.0621841661632, 0.0706901475787, 0.0364862345159, 0.0486303642392, 0.0468082204461, 0.0201869066805, 0.0161200929433, 0.00766982045025, 0.00575683778152, 0.00225396337919, 0.000624777458142, 0.000452568900073, 0.000315920624416, 0.000112126181193, 3.19083083014e-005, 2.35676543525e-006, 5.83089513384e-006, 1.37376700877e-005],
        "var": [6.75882688483e-007, 0.000969653017819, 2.46085453033, 30.7492961884, 58.9278144836, 287.401672363, 13787.9873047, 4909.08496094, 7724.04199219, 2609.03955078, 1651.08190918, 1233.34265137, 127.486915588, 6.43714618683, 25.6699733734, 26.6300735474, 43.0011940002, 5.47324609756, 3.14958047867, 0.476848304272, 1.54859638214, 0.859074234962, 0.208440154791, 0.417731136084, 0.0869242995977, 0.171983525157, 0.169813498855, 0.0503246672451, 0.0503369644284, 0.00683911330998, 0.00342942448333, 0.000603137363214, 7.44836725062e-005, 4.81482602481e-005, 4.08330888604e-005, 4.78380752611e-006, 3.78626310749e-007, 5.54166934563e-010, 1.25215102176e-010, 6.90725809882e-010]
    },
    "gfcc": {
        "mean": [-380.105010986, 221.14906311, -15.3004932404, -21.5457172394, -75.7837982178, -34.7106399536, -34.5391578674, -19.0275154114, -15.1385507584, -9.38566017151, -4.55235958099, -18.1861228943, -14.8251237869],
        "cov": [[22722.9453125, 3559.59716797, -6453.89355469, -3276.91210938, 930.066162109, -521.314453125, 27.5260047913, -1496.67456055, -335.766082764, -944.803466797, 541.587768555, -142.70401001, 685.481018066], [3559.59716797, 1938.64562988, -295.401794434, -1379.24499512, 83.0208511353, -171.266952515, 281.885101318, -302.020355225, -32.9939994812, -342.785949707, 133.12487793, -147.326568604, 179.417861938], [-6453.89355469, -295.401794434, 2824.70629883, 722.22088623, -446.961029053, 134.266220093, 215.843780518, 435.282775879, 140.43081665, 135.006317139, -182.784988403, -23.2631416321, -165.870620728], [-3276.91210938, -1379.24499512, 722.22088623, 1381.39526367, -9.6165189743, 84.4988861084, -127.857963562, 285.00982666, 53.7291374207, 247.427032471, -176.926101685, 24.787530899, -158.498092651], [930.066162109, 83.0208511353, -446.961029053, -9.6165189743, 401.67666626, 47.0276260376, -83.3464584351, -120.57447052, -43.3531150818, -31.0928630829, -9.63135623932, -66.1280136108, -3.84743690491], [-521.314453125, -171.266952515, 134.266220093, 84.4988861084, 47.0276260376, 184.541473389, -6.82639741898, 6.62306547165, -19.4611721039, 22.0928249359, -23.8357620239, 10.9110918045, -28.3645706177], [27.5260047913, 281.885101318, 215.843780518, -127.857963562, -83.3464584351, -6.82639741898, 166.968658447, 11.8013830185, -19.0943622589, -65.7515411377, -9.25022220612, -33.1933326721, 28.069694519], [-1496.67456055, -302.020355225, 435.282775879, 285.00982666, -120.57447052, 6.62306547165, 11.8013830185, 194.196868896, 68.5385742188, 70.9600143433, -53.1761932373, 13.7145404816, -58.6813850403], [-335.766082764, -32.9939994812, 140.43081665, 53.7291374207, -43.3531150818, -19.4611721039, -19.0943622589, 68.5385742188, 105.85874939, 51.0180854797, -7.65043115616, -4.2102637291, -30.1074142456], [-944.803466797, -342.785949707, 135.006317139, 247.427032471, -31.0928630829, 22.0928249359, -65.7515411377, 70.9600143433, 51.0180854797, 153.728942871, 7.47946310043, 21.8336791992, -63.2681846619], [541.587768555, 133.12487793, -182.784988403, -176.926101685, -9.63135623932, -23.8357620239, -9.25022220612, -53.1761932373, -7.65043115616, 7.47946310043, 97.9357299805, 40.2333641052, 13.8710985184], [-142.70401001, -147.326568604, -23.2631416321, 24.787530899, -66.1280136108, 10.9110918045, -33.1933326721, 13.7145404816, -4.2102637291, 21.8336791992, 40.2333641052, 92.7628631592, 17.8751544952], [685.481018066, 179.417861938, -165.870620728, -158.498092651, -3.84743690491, -28.3645706177, 28.069694519, -58.6813850403, -30.1074142456, -63.2681846619, 13.8710985184, 17.8751544952, 99.0816802979]],
        "icov": [[0.000497894885484, -0.00143945310265, 0.00128754752222, -0.00115461810492, 0.000905942521058, -0.00068992114393, 0.000261592242168, 0.00108303246088, -0.000778116402216, 0.000949273293372, 0.000121860473882, -0.000604898086749, 0.000337186211254], [-0.00143945310265, 0.0130544267595, -0.00584425218403, 0.00957627221942, -0.00640704482794, 0.00666382815689, -0.00725348480046, 0.00144343217835, -0.00367454066873, 0.00266681867652, -0.00588161451742, 0.00881452672184, -0.0037570965942], [0.00128754752222, -0.00584425218403, 0.00458591803908, -0.00467385863885, 0.00376308406703, -0.00342161231674, 0.00132528238464, 0.0010742082959, -0.000970745342784, 0.0012137638405, 0.00199585780501, -0.00309442565776, 0.00206194724888], [-0.00115461810492, 0.00957627221942, -0.00467385863885, 0.00934258289635, -0.00572600541636, 0.00571954809129, -0.00496755726635, -0.000639079778921, -0.000549671880435, -0.00156172097195, 0.000255365011981, 0.00388390081935, -0.00168896943796], [0.000905942521058, -0.00640704482794, 0.00376308406703, -0.00572600541636, 0.00883743725717, -0.0054959654808, 0.0064539546147, 0.00162161455955, 0.0012161063496, 0.00166317715775, 0.000371999893105, 0.00193934421986, 0.00140569650102], [-0.00068992114393, 0.00666382815689, -0.00342161231674, 0.00571954809129, -0.0054959654808, 0.0113324308768, -0.00568545609713, 0.00252104667015, -0.000242089197855, -0.00115147477482, 0.00224111462012, -0.0015061988961, 0.001411245903], [0.000261592242168, -0.00725348480046, 0.00132528238464, -0.00496755726635, 0.0064539546147, -0.00568545609713, 0.0187500342727, -0.00647412147373, 0.00718607520685, 0.00142657198012, -0.00170499156229, 0.00467766681686, -0.00243678130209], [0.00108303246088, 0.00144343217835, 0.0010742082959, -0.000639079778921, 0.00162161455955, 0.00252104667015, -0.00647412147373, 0.0213540736586, -0.0111887603998, 0.00343619380146, 0.0046761026606, -0.00450199097395, 0.00488707842305], [-0.000778116402216, -0.00367454066873, -0.000970745342784, -0.000549671880435, 0.0012161063496, -0.000242089197855, 0.00718607520685, -0.0111887603998, 0.0215108171105, -0.00962796900421, 0.0036687660031, -0.000514530693181, 0.000815992767457], [0.000949273293372, 0.00266681867652, 0.0012137638405, -0.00156172097195, 0.00166317715775, -0.00115147477482, 0.00142657198012, 0.00343619380146, -0.00962796900421, 0.0227062180638, -0.0133094247431, 0.00742385117337, 0.00160040799528], [0.000121860473882, -0.00588161451742, 0.00199585780501, 0.000255365011981, 0.000371999893105, 0.00224111462012, -0.00170499156229, 0.0046761026606, 0.0036687660031, -0.0133094247431, 0.0342515558004, -0.0234103947878, 0.00951005890965], [-0.000604898086749, 0.00881452672184, -0.00309442565776, 0.00388390081935, 0.00193934421986, -0.0015061988961, 0.00467766681686, -0.00450199097395, -0.000514530693181, 0.00742385117337, -0.0234103947878, 0.0369963347912, -0.0139041924849], [0.000337186211254, -0.0037570965942, 0.00206194724888, -0.00168896943796, 0.00140569650102, 0.001411245903, -0.00243678130209, 0.00488707842305, 0.000815992767457, 0.00160040799528, 0.00951005890965, -0.0139041924849, 0.0218036118895]]
    },
    "melbands": {
        "mean": [2.66015649686e-006, 0.000250714103458, 0.000523226626683, 0.000359070952982, 0.00099480652716, 0.000679824210238, 0.000646168831736, 0.000157104397658, 9.53494891291e-005, 4.466082828e-005, 1.08570566226e-005, 2.00680688067e-006, 4.56567750007e-006, 4.1588455133e-006, 2.86208864964e-006, 2.42623309532e-006, 1.05620790691e-006, 6.41704446025e-007, 1.40901562418e-007, 1.42959024174e-007, 2.41242531729e-007, 1.0668293271e-007, 8.91161135996e-008, 4.03642808067e-008, 6.335564251e-008, 2.93798905204e-008, 2.19073381658e-008, 3.34190666251e-008, 3.37317622723e-008, 1.12810649711e-008, 1.23845209643e-008, 8.36932123605e-009, 7.53734230585e-009, 3.22340110159e-009, 4.14324885512e-009, 1.76209780101e-009, 1.08766462503e-009, 4.29514479539e-010, 3.07467551419e-010, 3.91528365284e-010],
        "var": [4.12232817326e-011, 3.81034908514e-007, 8.14615248146e-007, 4.48923458407e-007, 1.01524456113e-005, 2.56550902122e-006, 2.07364860216e-006, 2.09156411302e-007, 1.19531961218e-007, 5.7218006333e-008, 2.76395062393e-009, 9.68686172942e-011, 1.67303032539e-010, 1.86381299283e-010, 1.70338423922e-010, 1.37471645179e-010, 1.73138899051e-011, 1.19805788554e-011, 8.66925617665e-013, 9.97518365652e-013, 3.2998274252e-012, 8.19876501759e-013, 6.2729438614e-013, 9.48969703274e-014, 3.60315970853e-013, 4.40606074846e-014, 4.47456233578e-014, 8.30506182489e-014, 7.89308736101e-014, 1.17271914835e-014, 2.15838530046e-014, 1.32711614457e-014, 1.41931212334e-014, 8.83500097914e-016, 1.88495980401e-015, 5.26797636106e-016, 1.14039327942e-016, 3.50470701449e-017, 2.98517704018e-017, 3.66904794987e-017]
    },
    "mfcc": {
        "mean": [-953.889953613, 187.134384155, 80.0187301636, 21.727558136, -7.59935283661, -17.5050373077, -19.7911987305, -18.893163681, -15.4351644516, -7.52417182922, -1.90050780773, -0.837179720402, -3.3109433651],
        "cov": [[9222.18164063, 5205.62890625, -1792.78210449, -1794.26159668, -1115.34484863, -241.147323608, -117.48526001, -338.262908936, -676.625366211, -420.515991211, -197.822631836, -112.44052124, -270.322753906], [5205.62890625, 4112.98828125, -326.853790283, -1365.67919922, -824.451477051, -272.184448242, -85.3953170776, -219.27911377, -399.305755615, -294.41003418, -130.124649048, -83.1213226318, -174.820510864], [-1792.78210449, -326.853790283, 1187.74621582, 396.770996094, -19.7368717194, -99.4834365845, -24.8674030304, 90.549079895, 191.096801758, 80.0652160645, 10.161611557, -2.19884610176, 40.046005249], [-1794.26159668, -1365.67919922, 396.770996094, 814.323913574, 333.506652832, 17.1036052704, -6.45710802078, 86.5869369507, 205.970016479, 159.299560547, 38.0179862976, -8.51625347137, 35.6113929749], [-1115.34484863, -824.451477051, -19.7368717194, 333.506652832, 401.578186035, 137.554992676, 23.3140583038, 31.9357471466, 87.8192596436, 78.4228973389, 34.7059783936, -1.05792367458, 12.6605091095], [-241.147323608, -272.184448242, -99.4834365845, 17.1036052704, 137.554992676, 193.853683472, 91.4950561523, 14.0596370697, -5.850710392, -7.70864152908, -8.03541946411, -4.03870630264, -6.91653585434], [-117.48526001, -85.3953170776, -24.8674030304, -6.45710802078, 23.3140583038, 91.4950561523, 117.316764832, 38.6288490295, -10.1803798676, -22.4958457947, -25.3602848053, -28.8668746948, -21.4555149078], [-338.262908936, -219.27911377, 90.549079895, 86.5869369507, 31.9357471466, 14.0596370697, 38.6288490295, 82.0166625977, 59.3033180237, 6.27449369431, -16.3833560944, -17.3017883301, -1.58745718002], [-676.625366211, -399.305755615, 191.096801758, 205.970016479, 87.8192596436, -5.850710392, -10.1803798676, 59.3033180237, 126.934768677, 72.6749572754, 3.53170466423, -19.8858737946, 7.83843660355], [-420.515991211, -294.41003418, 80.0652160645, 159.299560547, 78.4228973389, -7.70864152908, -22.4958457947, 6.27449369431, 72.6749572754, 95.7815704346, 37.6584320068, -10.8176355362, 1.56625640392], [-197.822631836, -130.124649048, 10.161611557, 38.0179862976, 34.7059783936, -8.03541946411, -25.3602848053, -16.3833560944, 3.53170466423, 37.6584320068, 76.084564209, 64.4326019287, 25.7648258209], [-112.44052124, -83.1213226318, -2.19884610176, -8.51625347137, -1.05792367458, -4.03870630264, -28.8668746948, -17.3017883301, -19.8858737946, -10.8176355362, 64.4326019287, 128.483047485, 72.4013366699], [-270.322753906, -174.820510864, 40.046005249, 35.6113929749, 12.6605091095, -6.91653585434, -21.4555149078, -1.58745718002, 7.83843660355, 1.56625640392, 25.7648258209, 72.4013366699, 82.7314605713]],
        "icov": [[0.00507157715037, -0.00712192058563, 0.00793839618564, -0.0080482326448, 0.00898068863899, -0.00888954102993, 0.00905865430832, -0.00757556827739, 0.00461279368028, -0.00234455335885, 0.00124052423052, -0.000230532416026, 0.000652762129903], [-0.00712192058563, 0.0109612597153, -0.0115004330873, 0.0125835435465, -0.0124431764707, 0.0134212495759, -0.012566848658, 0.0113807097077, -0.00541300186887, 0.00272347708233, -7.2073424235e-005, -0.000662835780531, 0.00109123403672], [0.00793839618564, -0.0115004330873, 0.0139994854107, -0.0138140721247, 0.0150226540864, -0.014100744389, 0.0136060388759, -0.0110709471628, 0.00349288829602, -0.00102101557422, -0.000610594637692, 0.00107211223803, -0.000414722046116], [-0.0080482326448, 0.0125835435465, -0.0138140721247, 0.0180257223547, -0.0169377140701, 0.0173283442855, -0.0154765797779, 0.0121080167592, -0.00599506683648, -0.00156270724256, 0.0036902287975, -0.00333764357492, 0.00184917449951], [0.00898068863899, -0.0124431764707, 0.0150226540864, -0.0169377140701, 0.0234728381038, -0.021825492382, 0.019159110263, -0.012913826853, 0.00500169023871, -0.000594508543145, -0.00404592230916, 0.00391173036769, -0.000252291734796], [-0.00888954102993, 0.0134212495759, -0.014100744389, 0.0173283442855, -0.021825492382, 0.0314868502319, -0.0279595088214, 0.0186311155558, -0.00862494762987, 0.00149959221017, 0.00530007528141, -0.00645324122161, 0.002545269439], [0.00905865430832, -0.012566848658, 0.0136060388759, -0.0154765797779, 0.019159110263, -0.0279595088214, 0.0402689799666, -0.029074927792, 0.0195847209543, -0.0059581194073, 0.00123405957129, 0.0042730094865, 0.00186910061166], [-0.00757556827739, 0.0113807097077, -0.0110709471628, 0.0121080167592, -0.012913826853, 0.0186311155558, -0.029074927792, 0.0497757904232, -0.0364696234465, 0.0242087785155, -0.00856001581997, 0.00300833093934, -0.00057846918935], [0.00461279368028, -0.00541300186887, 0.00349288829602, -0.00599506683648, 0.00500169023871, -0.00862494762987, 0.0195847209543, -0.0364696234465, 0.0551449730992, -0.0405525788665, 0.0260830242187, -0.0110356798396, 0.00449432712048], [-0.00234455335885, 0.00272347708233, -0.00102101557422, -0.00156270724256, -0.000594508543145, 0.00149959221017, -0.0059581194073, 0.0242087785155, -0.0405525788665, 0.0638484284282, -0.0499758571386, 0.0322840437293, -0.0116588883102], [0.00124052423052, -7.2073424235e-005, -0.000610594637692, 0.0036902287975, -0.00404592230916, 0.00530007528141, 0.00123405957129, -0.00856001581997, 0.0260830242187, -0.0499758571386, 0.0725653395057, -0.048519808799, 0.0221637636423], [-0.000230532416026, -0.000662835780531, 0.00107211223803, -0.00333764357492, 0.00391173036769, -0.00645324122161, 0.0042730094865, 0.00300833093934, -0.0110356798396, 0.0322840437293, -0.048519808799, 0.0501283742487, -0.0295328274369], [0.000652762129903, 0.00109123403672, -0.000414722046116, 0.00184917449951, -0.000252291734796, 0.002545269439, 0.00186910061166, -0.00057846918935, 0.00449432712048, -0.0116588883102, 0.0221637636423, -0.0295328274369, 0.0353936515749]]
    },
    "spectral_contrast_coeffs": {
        "mean": [-0.548855245113, -0.673874914646, -0.749722242355, -0.808216929436, -0.864945948124, -0.872017323971],
        "var": [0.0137956207618, 0.00646925065666, 0.00460490444675, 0.00710278749466, 0.00408893404528, 0.00170097628143]
    },
    "spectral_contrast_valleys": {
        "mean": [-9.5402173996, -8.21851825714, -10.9723167419, -12.6581277847, -12.8911714554, -14.8490819931],
        "var": [1.04683709145, 3.27611279488, 5.07951211929, 3.22431969643, 1.6852735281, 0.883964598179]
    }
},
"metadata": {
    "audio_properties": {
        "analysis_sample_rate": 44100,
        "bit_rate": 128074,
        "equal_loudness": 0,
        "length": 45.0612258911,
        "lossless": 0,
        "replay_gain": -6.59814834595,
        "sample_rate": 44100,
        "codec": "mp3",
        "downmix": "mix",
        "md5_encoded": "e64fbd86f576d2e5e0bc07ffae6df35a"
    },
    "tags": {
        "file_name": "1186.mp3"
    },
    "version": {
        "essentia": "2.1-beta2",
        "essentia_git_sha": "v2.1_beta2",
        "extractor": "music 1.0"
    }
},
"rhythm": {
    "beats_count": 92,
    "beats_loudness": {
        "mean": 0.0217135176063,
        "var": 0.00149373000022
    },
    "bpm": 119.814109802,
    "bpm_histogram_first_peak_bpm": {
        "mean": 120,
        "var": 0
    },
    "bpm_histogram_first_peak_spread": {
        "mean": 0.585365831852,
        "var": 0
    },
    "bpm_histogram_first_peak_weight": {
        "mean": 0.186813190579,
        "var": 0
    },
    "bpm_histogram_second_peak_bpm": {
        "mean": 126,
        "var": 0
    },
    "bpm_histogram_second_peak_spread": {
        "mean": 0.391304373741,
        "var": 0
    },
    "bpm_histogram_second_peak_weight": {
        "mean": 0.153846159577,
        "var": 0
    },
    "danceability": 0.911936461926,
    "onset_rate": 1.04255533218,
    "beats_loudness_band_ratio": {
        "mean": [0.370094299316, 0.472701638937, 0.283520013094, 0.0044877268374, 0.000867782917339, 0.000260468805209],
        "var": [0.068153694272, 0.0553740821779, 0.0309114065021, 4.71838284284e-005, 4.35472020399e-006, 4.56506626278e-007]
    },
    "beats_position": [0.510838985443, 0.940408170223, 1.369977355, 1.79954648018, 2.22911548615, 2.67029476166, 3.11147379875, 3.55265307426, 3.99383211136, 4.45823097229, 4.92263031006, 5.3754196167, 5.8282084465, 6.26938772202, 6.71056699753, 7.1517457962, 7.60453510284, 8.05732440948, 8.51011276245, 9.0093421936, 9.50857162476, 10.0194101334, 10.5302495956, 11.0410881042, 11.5635375977, 12.0975961685, 12.6200447083, 13.1192741394, 13.6301136017, 14.1409521103, 14.66340065, 15.1394100189, 15.6386394501, 16.1030387878, 16.5674381256, 17.0434455872, 17.5310649872, 17.995464325, 18.4598636627, 18.9242630005, 19.4002723694, 19.8762817383, 20.3522891998, 20.8282985687, 21.3043079376, 21.7803173065, 22.2911567688, 22.7671642303, 23.2780036926, 23.7772331238, 24.2764625549, 24.7756919861, 25.286529541, 25.7973690033, 26.3198184967, 26.8422679901, 27.3647155762, 27.8871650696, 28.3863945007, 28.8856239319, 29.3616313934, 29.8144207001, 30.2672100067, 30.7316093445, 31.1960086823, 31.6836280823, 32.171245575, 32.6588668823, 33.146484375, 33.6341018677, 34.121723175, 34.6209526062, 35.1085700989, 35.60779953, 36.1302490234, 36.6294784546, 37.1403160095, 37.6511573792, 38.1503829956, 38.6612243652, 39.1720619202, 39.6829032898, 40.1821289063, 40.6813583374, 41.1805877686, 41.6798171997, 42.1906585693, 42.6666641235, 43.1426734924, 43.6186828613, 44.0946922302, 44.5823135376]
},
"tonal": {
    "chords_changes_rate": 0.037037037313,
    "chords_number_rate": 0.0102880662307,
    "chords_strength": {
        "mean": 0.46808552742,
        "var": 0.00444461219013
    },
    "hpcp_entropy": {
        "mean": 1.11476480961,
        "var": 0.442625284195
    },
    "key_strength": 0.730211853981,
    "tuning_diatonic_strength": 0.5205925107,
    "tuning_equal_tempered_deviation": 0.0422681570053,
    "tuning_frequency": 449.245300293,
    "tuning_nontempered_energy_ratio": 0.643438577652,
    "hpcp": {
        "mean": [0.413766354322, 0.283517450094, 0.0212557930499, 0.00888221431524, 0.00339469406754, 0.00391245586798, 0.00948317162693, 0.0306324884295, 0.169831335545, 0.271368592978, 0.141905203462, 0.0337217748165, 0.0468071103096, 0.0678524151444, 0.290398061275, 0.522707819939, 0.286713272333, 0.0168352462351, 0.00143842422403, 0.00100814213511, 0.00454139336944, 0.0107349557802, 0.0126561876386, 0.0404705181718, 0.046611238271, 0.0160285644233, 0.053208719939, 0.107181400061, 0.119675308466, 0.210047051311, 0.237214893103, 0.100800856948, 0.012782048434, 0.00138962944038, 0.00137258355971, 0.145964533091],
        "var": [0.154552295804, 0.0723950490355, 0.00127593439538, 0.00141310354229, 0.00046633250895, 0.00051605317276, 0.00292907725088, 0.00885286927223, 0.0624710656703, 0.16370613873, 0.0501237772405, 0.0169407501817, 0.0306846275926, 0.0350324958563, 0.0629757195711, 0.162106648088, 0.0605941265821, 0.00207018689252, 0.000213833132875, 0.000184336415259, 0.000620887964033, 0.00136601785198, 0.000693216919899, 0.0240958277136, 0.0330392941833, 0.00316381454468, 0.0136832892895, 0.0527954883873, 0.0354456417263, 0.0973091349006, 0.113564327359, 0.0289012119174, 0.00183731084689, 0.000305256195134, 0.000140918113175, 0.0201689787209]
    },
    "chords_histogram": [18.2098770142, 2.67489719391, 34.3621406555, 0, 0, 0, 0, 0, 0, 0, 0, 0, 0, 1.23456788063, 0, 6.37860059738, 0, 2.26337456703, 0, 18.5185184479, 4.42386817932, 1.64609050751, 10.2880659103, 0],
    "thpcp": [1, 0.548515379429, 0.0322077572346, 0.00275187054649, 0.00192869151942, 0.0086882058531, 0.0205372013152, 0.024212738499, 0.0774247422814, 0.0891726464033, 0.0306644812226, 0.10179438442, 0.205050304532, 0.228952586651, 0.401844084263, 0.453819304705, 0.192843601108, 0.0244535245001, 0.00265852035955, 0.00262590963393, 0.279246896505, 0.791582465172, 0.542401373386, 0.0406647697091, 0.016992693767, 0.00649443920702, 0.00748497666791, 0.0181423947215, 0.0586034618318, 0.324906826019, 0.519159257412, 0.271480917931, 0.0645136237144, 0.0895473659039, 0.129809454083, 0.555564820766],
    "chords_key": "D",
    "chords_scale": "major",
    "key_key": "G",
    "key_scale": "major"
}
}