{
"lowlevel": {
    "average_loudness": 0.938159286976,
    "barkbands_crest": {
        "mean": 14.9195671082,
        "var": 23.1874637604
    },
    "barkbands_flatness_db": {
        "mean": 0.356643438339,
        "var": 0.00356685346924
    },
    "barkbands_kurtosis": {
        "mean": 9.92352199554,
        "var": 235.870223999
    },
    "barkbands_skewness": {
        "mean": 2.02146911621,
        "var": 2.51375579834
    },
    "barkbands_spread": {
        "mean": 4.23539924622,
        "var": 6.04619312286
    },
    "dissonance": {
        "mean": 0.337008863688,
        "var": 0.0035333710257
    },
    "dynamic_complexity": 2.95270371437,
    "erbbands_crest": {
        "mean": 17.7735347748,
        "var": 30.0704116821
    },
    "erbbands_flatness_db": {
        "mean": 0.403145462275,
        "var": 0.00215974403545
    },
    "erbbands_kurtosis": {
        "mean": 5.45839214325,
        "var": 79.1720046997
    },
    "erbbands_skewness": {
        "mean": 1.4774620533,
        "var": 1.5544809103
    },
    "erbbands_spread": {
        "mean": 8.91768741608,
        "var": 20.1250095367
    },
    "hfc": {
        "mean": 15.7989883423,
        "var": 318.359558105
    },
    "melbands_crest": {
        "mean": 18.2368774414,
        "var": 30.7486038208
    },
    "melbands_flatness_db": {
        "mean": 0.388438850641,
        "var": 0.00450158724561
    },
    "melbands_kurtosis": {
        "mean": 11.8729810715,
        "var": 246.982772827
    },
    "melbands_skewness": {
        "mean": 2.08029723167,
        "var": 2.26164793968
    },
    "melbands_spread": {
        "mean": 6.81563806534,
        "var": 26.2445526123
    },
    "pitch_salience": {
        "mean": 0.425273478031,
        "var": 0.0111901853234
    },
    "silence_rate_20dB": {
        "mean": 1,
        "var": 0
    },
    "silence_rate_30dB": {
        "mean": 0.998455226421,
        "var": 0.00154241197743
    },
    "silence_rate_60dB": {
        "mean": 0.0571575686336,
        "var": 0.0538895130157
    },
    "spectral_centroid": {
        "mean": 795.61151123,
        "var": 85113.5078125
    },
    "spectral_complexity": {
        "mean": 8.25952625275,
        "var": 12.7018623352
    },
    "spectral_decrease": {
        "mean": -5.18857401488e-009,
        "var": 2.14253625655e-017
    },
    "spectral_energy": {
        "mean": 0.0210158750415,
        "var": 0.000360489822924
    },
    "spectral_energyband_high": {
        "mean": 1.26809909489e-005,
        "var": 4.40385200529e-010
    },
    "spectral_energyband_low": {
        "mean": 1.4174329408e-005,
        "var": 3.73973269019e-010
    },
    "spectral_energyband_middle_high": {
        "mean": 0.00708831381053,
        "var": 0.000158620110597
    },
    "spectral_energyband_middle_low": {
        "mean": 0.0142668252811,
        "var": 0.000130323300255
    },
    "spectral_entropy": {
        "mean": 5.64504766464,
        "var": 0.362719148397
    },
    "spectral_flux": {
        "mean": 0.0373306795955,
        "var": 0.00224502873607
    },
    "spectral_kurtosis": {
        "mean": 30.5076007843,
        "var": 323.274383545
    },
    "spectral_rms": {
        "mean": 0.00413078116253,
        "var": 3.43990177498e-006
    },
    "spectral_rolloff": {
        "mean": 875.687927246,
        "var": 223882.140625
    },
    "spectral_skewness": {
        "mean": 3.53427314758,
        "var": 1.69607067108
    },
    "spectral_spread": {
        "mean": 1630621.5,
        "var": 1.06313626419e+012
    },
    "spectral_strongpeak": {
        "mean": 2.54388046265,
        "var": 3.08692741394
    },
    "zerocrossingrate": {
        "mean": 0.0348429642618,
        "var": 0.000192794323084
    },
    "barkbands": {
        "mean": [1.4168603002e-007, 2.21464802053e-006, 9.29730958887e-006, 2.92612639896e-005, 0.000703670259099, 0.00121799472254, 0.00461094127968, 0.00533366575837, 0.00157387298532, 0.0012971132528, 0.00157310126815, 0.00324000162072, 0.0003334149078, 0.000633164541796, 0.000185811586562, 1.26133436424e-005, 0.000114025227958, 4.04166348744e-005, 8.13256556285e-005, 1.5915302356e-005, 5.05459775013e-006, 2.01854345505e-006, 7.3753989227e-007, 1.12622089432e-007, 1.55441277627e-008, 1.18453580278e-009, 8.80563122418e-010],
        "var": [3.94630312315e-014, 1.25888587749e-011, 1.89144894192e-010, 1.04065041029e-008, 3.65649520973e-006, 1.12590732897e-005, 7.9393350461e-005, 4.82614341308e-005, 7.41069379728e-006, 5.81479662287e-006, 1.14482891149e-005, 8.63178865984e-005, 2.37241738432e-006, 1.08276335595e-005, 1.09822295258e-007, 9.08409680811e-010, 2.65929944732e-008, 1.02154462667e-008, 2.46612827937e-008, 9.19530007693e-010, 1.03211932057e-010, 2.18418547138e-011, 3.84926465702e-012, 1.05282739449e-013, 3.85469447702e-015, 2.23670928036e-017, 2.09796102362e-018]
    },
    "erbbands": {
        "mean": [3.41699560522e-005, 0.000824635382742, 0.00982896517962, 0.0537423454225, 0.737532734871, 2.03359341621, 12.5944480896, 5.60677814484, 34.4871139526, 90.0032348633, 136.597686768, 34.396774292, 37.6427383423, 53.1590652466, 53.5501289368, 149.664382935, 32.1625175476, 38.1291847229, 9.85724067688, 5.98223829269, 2.735683918, 4.55544662476, 3.42711162567, 4.71027803421, 2.06812310219, 0.714246690273, 0.28886449337, 0.144561558962, 0.0911120846868, 0.0306356288493, 0.018795652315, 0.00564578920603, 0.00111769675277, 0.000331366813043, 6.88550935593e-005, 2.00247013709e-005, 9.5079658422e-006, 2.77402091342e-006, 1.08756576083e-005, 2.4424503863e-005],
        "var": [2.58823695809e-009, 1.57403053436e-006, 0.000202787065064, 0.0267885234207, 7.03532171249, 21.9116821289, 1622.09033203, 141.890274048, 4053.08447266, 14685.2246094, 31287.1484375, 1586.87231445, 3721.36743164, 13212.5732422, 17979.703125, 193043.734375, 10395.46875, 42265.0546875, 387.415222168, 106.288948059, 17.8862705231, 40.2971115112, 51.2717247009, 104.841957092, 17.2557048798, 1.47085154057, 0.314641535282, 0.0770220309496, 0.05423707515, 0.00483311293647, 0.00299009564333, 0.000199097034056, 9.88787542155e-006, 1.59496391916e-006, 3.65592356388e-008, 1.24230825627e-009, 1.38945535633e-010, 1.10093045791e-011, 1.02952910086e-010, 5.02926311707e-010]
    },
    "gfcc": {
        "mean": [-173.376815796, 153.744567871, -217.984863281, -42.317150116, -70.0525894165, -43.7145080566, -3.78279256821, -8.57656478882, 5.73355150223, -9.71107292175, 0.989064276218, -17.8062057495, -16.9246253967],
        "cov": [[4712.28808594, 358.216461182, 45.8426361084, 599.710205078, -103.188407898, 165.646011353, -497.70135498, -582.390625, -594.868408203, -420.611938477, 184.644348145, 82.8215103149, 170.106521606], [358.216461182, 669.596801758, 300.145904541, 101.651229858, 100.413375854, -371.046661377, -237.501220703, -291.962249756, -296.057128906, -67.4791641235, -33.0488777161, 114.459266663, 175.046264648], [45.8426361084, 300.145904541, 339.521209717, 63.9079780579, -5.63403701782, -192.817855835, -167.008270264, -153.317382813, -135.369842529, -9.93713665009, -24.803478241, 50.7411422729, 98.3664703369], [599.710205078, 101.651229858, 63.9079780579, 332.199920654, -16.2560367584, 11.6349582672, -144.079605103, -161.290374756, -133.204788208, -176.567489624, -71.0043945313, -8.41537475586, 106.544563293], [-103.188407898, 100.413375854, -5.63403701782, -16.2560367584, 196.028137207, 15.7146844864, 19.6539402008, 25.5475959778, -46.9997711182, 15.0324287415, 21.7047290802, 13.6773204803, -39.0810165405], [165.646011353, -371.046661377, -192.817855835, 11.6349582672, 15.7146844864, 467.061431885, 187.861587524, 135.174865723, 138.808822632, -57.0951499939, -25.4809646606, -131.186721802, -132.664794922], [-497.70135498, -237.501220703, -167.008270264, -144.079605103, 19.6539402008, 187.861587524, 317.307556152, 220.518096924, 187.907714844, 86.4421234131, -21.9692649841, -68.5070266724, -136.427947998], [-582.390625, -291.962249756, -153.317382813, -161.290374756, 25.5475959778, 135.174865723, 220.518096924, 325.294525146, 280.165405273, 99.9367218018, 17.9077339172, -63.2916374207, -147.570709229], [-594.868408203, -296.057128906, -135.369842529, -133.204788208, -46.9997711182, 138.808822632, 187.907714844, 280.165405273, 400.432800293, 123.491889954, -38.5150299072, -111.719360352, -147.410415649], [-420.611938477, -67.4791641235, -9.93713665009, -176.567489624, 15.0324287415, -57.0951499939, 86.4421234131, 99.9367218018, 123.491889954, 211.158370972, 85.3975296021, 18.1334095001, -90.1979064941], [184.644348145, -33.0488777161, -24.803478241, -71.0043945313, 21.7047290802, -25.4809646606, -21.9692649841, 17.9077339172, -38.5150299072, 85.3975296021, 191.014709473, 91.3190917969, -39.0079803467], [82.8215103149, 114.459266663, 50.7411422729, -8.41537475586, 13.6773204803, -131.186721802, -68.5070266724, -63.2916374207, -111.719360352, 18.1334095001, 91.3190917969, 141.051193237, 73.3399276733], [170.106521606, 175.046264648, 98.3664703369, 106.544563293, -39.0810165405, -132.664794922, -136.427947998, -147.570709229, -147.410415649, -90.1979064941, -39.0079803467, 73.3399276733, 187.413253784]],
        "icov": [[0.000557439750992, -0.00110194494482, 0.000645986699965, -0.000715791597031, 0.00121536070947, -0.00107199326158, 0.000751976389438, -0.000369488610886, 0.000597813923378, -0.000109549226181, -0.000875831989106, 0.00016414183483, 0.000513167819008], [-0.00110194494482, 0.0120374290273, -0.00577375711873, 0.00339693855494, -0.0104185109958, 0.00950688309968, -0.00601336918771, 0.0104421703145, -0.00544909248129, 0.00771369505674, -0.00112148188055, 0.00125492468942, -0.00203980971128], [0.000645986699965, -0.00577375711873, 0.00788963027298, -0.00214761449024, 0.00528797786683, -0.00415520370007, 0.00528822885826, -0.00513872224838, 0.0041087185964, -0.00619180686772, 0.00303473346867, -0.00134508043993, 0.00126076478045], [-0.000715791597031, 0.00339693855494, -0.00214761449024, 0.00800396967679, -0.00401267688721, 0.0026501014363, -0.00136214098893, 0.00522990804166, -0.00351193640381, 0.00670227129012, -0.000423618243076, 0.00102266843896, -0.00180550769437], [0.00121536070947, -0.0104185109958, 0.00528797786683, -0.00401267688721, 0.0164485890418, -0.0093613145873, 0.00712718488649, -0.012711009942, 0.00943695846945, -0.00910605676472, 0.00394293665886, -0.0036660565529, 0.00541193364188], [-0.00107199326158, 0.00950688309968, -0.00415520370007, 0.0026501014363, -0.0093613145873, 0.0134005444124, -0.00872585177422, 0.0102430135012, -0.00664540473372, 0.0108929798007, -0.00510466331616, 0.00556741002947, -0.0012105711503], [0.000751976389438, -0.00601336918771, 0.00528822885826, -0.00136214098893, 0.00712718488649, -0.00872585177422, 0.0147340642288, -0.0119169289246, 0.00736465537921, -0.0100297685713, 0.00870214961469, -0.00537634594366, 0.00446518929675], [-0.000369488610886, 0.0104421703145, -0.00513872224838, 0.00522990804166, -0.012711009942, 0.0102430135012, -0.0119169289246, 0.0263023860753, -0.0159052051604, 0.0150308171287, -0.00903026107699, 0.00264273723587, -0.0012479275465], [0.000597813923378, -0.00544909248129, 0.0041087185964, -0.00351193640381, 0.00943695846945, -0.00664540473372, 0.00736465537921, -0.0159052051604, 0.0163193717599, -0.0126420408487, 0.00779085606337, -0.000317822792567, 0.00298559619114], [-0.000109549226181, 0.00771369505674, -0.00619180686772, 0.00670227129012, -0.00910605676472, 0.0108929798007, -0.0100297685713, 0.0150308171287, -0.0126420408487, 0.0253970306367, -0.0122803049162, 0.00344236637466, 0.00105682737194], [-0.000875831989106, -0.00112148188055, 0.00303473346867, -0.000423618243076, 0.00394293665886, -0.00510466331616, 0.00870214961469, -0.00903026107699, 0.00779085606337, -0.0122803049162, 0.0236044321209, -0.0166329666972, 0.00856305845082], [0.00016414183483, 0.00125492468942, -0.00134508043993, 0.00102266843896, -0.0036660565529, 0.00556741002947, -0.00537634594366, 0.00264273723587, -0.000317822792567, 0.00344236637466, -0.0166329666972, 0.0272359419614, -0.012566155754], [0.000513167819008, -0.00203980971128, 0.00126076478045, -0.00180550769437, 0.00541193364188, -0.0012105711503, 0.00446518929675, -0.0012479275465, 0.00298559619114, 0.00105682737194, 0.00856305845082, -0.012566155754, 0.0192361045629]]
    },
    "melbands": {
        "mean": [4.21736132239e-007, 3.45534294866e-006, 2.63956262643e-005, 7.80637565185e-005, 0.000353082868969, 0.000142075514304, 0.000718833121937, 0.000978404306807, 0.00109077128582, 0.00015159069153, 0.000178629750735, 0.000197379471501, 0.000155294503202, 0.00031804232276, 0.000273500103503, 3.26938716171e-005, 7.42260162951e-005, 1.21198081615e-005, 1.61485349963e-005, 1.86949694125e-006, 4.0863196773e-006, 5.73329498366e-006, 3.35814115715e-006, 2.41702218773e-006, 4.31327407568e-006, 1.3787636135e-006, 1.06272545963e-006, 3.43739742448e-007, 1.62250003655e-007, 1.71406625782e-007, 5.3325795335e-008, 6.0706604188e-008, 2.13001865035e-008, 1.49791805626e-008, 8.81636452732e-009, 9.83029835311e-009, 1.46919065802e-009, 8.97249163856e-010, 2.59643612166e-010, 2.30115537736e-010],
        "var": [4.07017572857e-013, 2.54798196431e-011, 9.77155245607e-009, 4.36721023789e-008, 1.22289077353e-006, 1.20393451652e-007, 1.91628100765e-006, 1.44389036905e-006, 1.84949158211e-006, 4.32381099813e-008, 9.28765402364e-008, 2.11141994555e-007, 1.3429543344e-007, 8.93349920261e-007, 7.19479885447e-007, 7.35433403065e-008, 1.40839020446e-007, 8.56911652747e-010, 9.73732428022e-010, 1.0289589493e-011, 5.43553604904e-011, 7.06791708494e-011, 5.20465372189e-011, 2.84852436777e-011, 9.987908417e-011, 9.8232507198e-012, 4.04344916924e-012, 4.89356005804e-013, 1.32386153906e-013, 1.10613429494e-013, 1.66387492976e-014, 2.93973219791e-014, 2.6852424618e-015, 1.35248874122e-015, 7.35944893859e-016, 8.99212717904e-016, 1.87636872602e-017, 7.82971613843e-018, 7.46671175232e-019, 1.06547376944e-018]
    },
    "mfcc": {
        "mean": [-792.890075684, 173.139434814, -75.7015533447, -22.6956291199, -43.6050186157, -37.5644493103, -12.8192977905, -4.33298778534, -3.83698630333, 8.39206504822, 12.1055927277, 6.09195232391, 2.05933356285],
        "cov": [[3920.84423828, 854.115966797, -285.855529785, 868.892028809, -75.3736877441, 441.165649414, -131.62487793, -214.630065918, -616.832641602, -811.946716309, -621.643066406, -217.218170166, -63.8153572083], [854.115966797, 641.051574707, 90.6611480713, 310.035705566, 104.925109863, -11.6404285431, -42.7678451538, -265.190368652, -229.84703064, -375.01751709, -287.182067871, -97.0320205688, -35.9990234375], [-285.855529785, 90.6611480713, 282.444885254, 59.2317314148, 23.5397281647, -46.4505195618, -98.6625823975, -114.620925903, 12.6426410675, -1.90054190159, -71.7497253418, -76.4032058716, -98.7677154541], [868.892028809, 310.035705566, 59.2317314148, 453.683776855, 97.4352111816, 15.8353996277, -98.9240264893, -183.122177124, -204.173461914, -312.246490479, -260.197387695, -123.913414001, -41.6505317688], [-75.3736877441, 104.925109863, 23.5397281647, 97.4352111816, 221.174133301, -24.4326591492, -33.9801826477, -45.7516326904, -59.3341636658, -75.7410507202, -72.9309844971, -39.7201499939, -3.23593401909], [441.165649414, -11.6404285431, -46.4505195618, 15.8353996277, -24.4326591492, 251.710968018, 51.9806442261, 31.4405822754, -23.2969417572, -49.6568069458, -21.1151714325, 6.0066652298, -50.6269378662], [-131.62487793, -42.7678451538, -98.6625823975, -98.9240264893, -33.9801826477, 51.9806442261, 216.69329834, 79.6245040894, 11.4460115433, 6.79432535172, 77.0688858032, 107.366218567, 100.919403076], [-214.630065918, -265.190368652, -114.620925903, -183.122177124, -45.7516326904, 31.4405822754, 79.6245040894, 314.403106689, 190.460998535, 233.569595337, 165.725402832, 24.9027290344, 54.4528999329], [-616.832641602, -229.84703064, 12.6426410675, -204.173461914, -59.3341636658, -23.2969417572, 11.4460115433, 190.460998535, 348.062164307, 303.509216309, 164.467391968, -15.6952772141, -102.289512634], [-811.946716309, -375.01751709, -1.90054190159, -312.246490479, -75.7410507202, -49.6568069458, 6.79432535172, 233.569595337, 303.509216309, 507.689941406, 329.352661133, 47.8098869324, 2.83029508591], [-621.643066406, -287.182067871, -71.7497253418, -260.197387695, -72.9309844971, -21.1151714325, 77.0688858032, 165.725402832, 164.467391968, 329.352661133, 383.988128662, 198.716430664, 98.1895675659], [-217.218170166, -97.0320205688, -76.4032058716, -123.913414001, -39.7201499939, 6.0066652298, 107.366218567, 24.9027290344, -15.6952772141, 47.8098869324, 198.716430664, 303.13848877, 169.278091431], [-63.8153572083, -35.9990234375, -98.7677154541, -41.6505317688, -3.23593401909, -50.6269378662, 100.919403076, 54.4528999329, -102.289512634, 2.83029508591, 98.1895675659, 169.278091431, 371.116668701]],
        "icov": [[0.00699503719807, -0.00875368714333, 0.00956752058119, -0.00937575288117, 0.00990863144398, -0.00897195842117, 0.00796636939049, -0.00899032037705, 0.00867880694568, -0.00486942427233, 0.00559853948653, -0.00365378241986, 0.00247758300975], [-0.00875368714333, 0.0144655890763, -0.0123811466619, 0.0110057219863, -0.01292626746, 0.0114732822403, -0.0107500525191, 0.0128167308867, -0.0112704727799, 0.00764637766406, -0.00699007604271, 0.00524711469188, -0.0033754571341], [0.00956752058119, -0.0123811466619, 0.0185820590705, -0.01294681523, 0.0134513266385, -0.0120413107798, 0.0118623664603, -0.00985441543162, 0.0109918722883, -0.00842965301126, 0.00892001576722, -0.00512288697064, 0.00370189384557], [-0.00937575288117, 0.0110057219863, -0.01294681523, 0.0177313629538, -0.0139575032517, 0.011534509249, -0.00892832316458, 0.0121170273051, -0.0112636126578, 0.00869774539024, -0.00760077731684, 0.00606127921492, -0.00382304261439], [0.00990863144398, -0.01292626746, 0.0134513266385, -0.0139575032517, 0.0192724466324, -0.0121405934915, 0.0115670962259, -0.0133223887533, 0.0129016209394, -0.00716120516881, 0.00823772698641, -0.00519342860207, 0.00358451833017], [-0.00897195842117, 0.0114732822403, -0.0120413107798, 0.011534509249, -0.0121405934915, 0.0167350638658, -0.011649241671, 0.00997026637197, -0.00967897567898, 0.00640852795914, -0.00680290115997, 0.0038998699747, -0.00115353777073], [0.00796636939049, -0.0107500525191, 0.0118623664603, -0.00892832316458, 0.0115670962259, -0.011649241671, 0.0171149019152, -0.0115976650268, 0.00877043139189, -0.00337697821669, 0.0056507284753, -0.0052438210696, 0.00138124485966], [-0.00899032037705, 0.0128167308867, -0.00985441543162, 0.0121170273051, -0.0133223887533, 0.00997026637197, -0.0115976650268, 0.0209229961038, -0.0150735452771, 0.00539330812171, -0.00771207129583, 0.00715980911627, -0.00565877836198], [0.00867880694568, -0.0112704727799, 0.0109918722883, -0.0112636126578, 0.0129016209394, -0.00967897567898, 0.00877043139189, -0.0150735452771, 0.0203718934208, -0.0105766411871, 0.00826189480722, -0.00568966800347, 0.00678416201845], [-0.00486942427233, 0.00764637766406, -0.00842965301126, 0.00869774539024, -0.00716120516881, 0.00640852795914, -0.00337697821669, 0.00539330812171, -0.0105766411871, 0.0161829907447, -0.0127154449001, 0.0072014555335, -0.00338332471438], [0.00559853948653, -0.00699007604271, 0.00892001576722, -0.00760077731684, 0.00823772698641, -0.00680290115997, 0.0056507284753, -0.00771207129583, 0.00826189480722, -0.0127154449001, 0.018385976553, -0.0104265669361, 0.00280980393291], [-0.00365378241986, 0.00524711469188, -0.00512288697064, 0.00606127921492, -0.00519342860207, 0.0038998699747, -0.0052438210696, 0.00715980911627, -0.00568966800347, 0.0072014555335, -0.0104265669361, 0.011800984852, -0.00418756902218], [0.00247758300975, -0.0033754571341, 0.00370189384557, -0.00382304261439, 0.00358451833017, -0.00115353777073, 0.00138124485966, -0.00565877836198, 0.00678416201845, -0.00338332471438, 0.00280980393291, -0.00418756902218, 0.00674027064815]]
    },
    "spectral_contrast_coeffs": {
        "mean": [-0.659147620201, -0.493696421385, -0.595413446426, -0.634796082973, -0.659052014351, -0.711043119431],
        "var": [0.0205424632877, 0.0119063667953, 0.00644825724885, 0.00470662675798, 0.00229519396089, 0.00336265959777]
    },
    "spectral_contrast_valleys": {
        "mean": [-10.3172140121, -8.16649055481, -8.81048965454, -9.82301712036, -10.4317445755, -14.1902275085],
        "var": [0.680423498154, 1.56419026852, 1.36407220364, 1.35333645344, 1.22712230682, 0.8322879076]
    }
},
"metadata": {
    "audio_properties": {
        "analysis_sample_rate": 44100,
        "bit_rate": 128074,
        "equal_loudness": 0,
        "length": 45.0612258911,
        "lossless": 0,
        "replay_gain": -5.07582855225,
        "sample_rate": 44100,
        "codec": "mp3",
        "downmix": "mix",
        "md5_encoded": "2574bccec1026e54f9a053f66e0b1ce0"
    },
    "tags": {
        "file_name": "1188.mp3"
    },
    "version": {
        "essentia": "2.1-beta2",
        "essentia_git_sha": "v2.1_beta2",
        "extractor": "music 1.0"
    }
},
"rhythm": {
    "beats_count": 77,
    "beats_loudness": {
        "mean": 0.0374056212604,
        "var": 0.000429058418376
    },
    "bpm": 103.628311157,
    "bpm_histogram_first_peak_bpm": {
        "mean": 103,
        "var": 0
    },
    "bpm_histogram_first_peak_spread": {
        "mean": 0.525423765182,
        "var": 0
    },
    "bpm_histogram_first_peak_weight": {
        "mean": 0.368421047926,
        "var": 0
    },
    "bpm_histogram_second_peak_bpm": {
        "mean": 108,
        "var": 0
    },
    "bpm_histogram_second_peak_spread": {
        "mean": 0.153846174479,
        "var": 0
    },
    "bpm_histogram_second_peak_weight": {
        "mean": 0.144736841321,
        "var": 0
    },
    "danceability": 1.36278867722,
    "onset_rate": 3.94840097427,
    "beats_loudness_band_ratio": {
        "mean": [0.00686528161168, 0.100088045001, 0.509541511536, 0.381567507982, 0.032035805285, 0.00464038224891],
        "var": [0.000339674559655, 0.0318018272519, 0.0707018896937, 0.0676101148129, 0.000385394203477, 3.72393296857e-005]
    },
    "beats_position": [0.626938760281, 1.27709746361, 1.92725622654, 2.53097510338, 3.12308382988, 3.69197273254, 4.2492518425, 4.82975053787, 5.4334692955, 6.00235795975, 6.58285713196, 7.1517457962, 7.73224496841, 8.31274318695, 8.90485286713, 9.49696159363, 10.077460289, 10.6579589844, 11.2384576797, 11.8189563751, 12.4226751328, 13.0263938904, 13.6301136017, 14.2222223282, 14.7911109924, 15.3483896255, 15.9288883209, 16.5209980011, 17.1363258362, 17.7400455475, 18.3205432892, 18.877822876, 19.458322525, 20.062040329, 20.6541500092, 21.2694778442, 21.8499774933, 22.4072551727, 22.9761447906, 23.5682544708, 24.1719722748, 24.7756919861, 25.3329696655, 25.8902492523, 26.470746994, 27.0512466431, 27.6317462921, 28.2122440338, 28.7695236206, 29.3268013, 29.8840808868, 30.4645805359, 31.0450782776, 31.6487979889, 32.2176856995, 32.7633552551, 33.3206329346, 33.901134491, 34.4816322327, 35.0621299744, 35.6310195923, 36.1766891479, 36.7455787659, 37.3144645691, 37.8949661255, 38.4754638672, 39.0443534851, 39.6016311646, 40.1821289063, 40.7742385864, 41.3547401428, 41.9352378845, 42.5041275024, 43.0730133057, 43.6535148621, 44.2340126038, 44.8029022217]
},
"tonal": {
    "chords_changes_rate": 0.0349794253707,
    "chords_number_rate": 0.00514403311536,
    "chords_strength": {
        "mean": 0.538913846016,
        "var": 0.00514657795429
    },
    "hpcp_entropy": {
        "mean": 1.23067593575,
        "var": 0.50956350565
    },
    "key_strength": 0.730671882629,
    "tuning_diatonic_strength": 0.536348879337,
    "tuning_equal_tempered_deviation": 0.0137107502669,
    "tuning_frequency": 440.254241943,
    "tuning_nontempered_energy_ratio": 0.598988056183,
    "hpcp": {
        "mean": [0.0465539507568, 0.0275969356298, 0.16560561955, 0.321623325348, 0.16198001802, 0.00449105352163, 0.00292825698853, 0.00220534019172, 0.10235670954, 0.211887478828, 0.112075693905, 0.00194369559176, 0.000823595386464, 0.00312257162295, 0.19261084497, 0.371300190687, 0.184468433261, 0.155962646008, 0.306634992361, 0.155043840408, 0.00298513262533, 0.00322001706809, 0.00237603462301, 0.00831704959273, 0.0145817389712, 0.00797503255308, 0.00821903441101, 0.015418482013, 0.0113609731197, 0.127202957869, 0.247507289052, 0.125823959708, 0.00323579343967, 0.00157117214985, 0.000959522090852, 0.0225576329976],
        "var": [0.0272879339755, 0.00748265068978, 0.0394899137318, 0.151824876666, 0.0399188809097, 0.000404735998018, 3.97432559112e-005, 1.81660761882e-005, 0.0271275267005, 0.117935068905, 0.0335392169654, 6.67030035402e-005, 8.56626957102e-006, 0.000104693375761, 0.0523893684149, 0.186994358897, 0.0440822429955, 0.0450824722648, 0.175803944468, 0.0450213812292, 9.10568560357e-005, 4.01722500101e-005, 3.84368795494e-005, 0.00258623645641, 0.00733899557963, 0.0015735985944, 0.00265896110795, 0.0116071878001, 0.00349417771213, 0.030846664682, 0.116664253175, 0.0297600943595, 0.000276963546639, 4.53136344731e-005, 4.87769511892e-006, 0.00673614256084]
    },
    "chords_histogram": [29.0123462677, 52.880657196, 3.60082316399, 0, 0, 0, 0, 0, 0, 0, 0, 0, 0, 0, 0, 0, 0, 2.16049385071, 0, 0, 0, 0, 0, 12.3456792831],
    "thpcp": [1, 0.496817499399, 0.420044630766, 0.825841188431, 0.417570054531, 0.00803967472166, 0.00867227464914, 0.00639922823757, 0.0223997980356, 0.0392721034586, 0.0214786659926, 0.0221358202398, 0.0415256507695, 0.0305978115648, 0.342587918043, 0.66659617424, 0.338873952627, 0.00871476344764, 0.00423154141754, 0.00258422200568, 0.0607530884445, 0.125380903482, 0.0743251293898, 0.446015447378, 0.8662083745, 0.436250835657, 0.0120954783633, 0.00788649450988, 0.0059395073913, 0.275671035051, 0.570663511753, 0.301846593618, 0.00523483613506, 0.0022181388922, 0.00840983074158, 0.518746972084],
    "chords_key": "G",
    "chords_scale": "minor",
    "key_key": "D#",
    "key_scale": "major"
}
}