{
"lowlevel": {
    "average_loudness": 0.639841139317,
    "barkbands_crest": {
        "mean": 12.7575788498,
        "var": 19.7382698059
    },
    "barkbands_flatness_db": {
        "mean": 0.320362389088,
        "var": 0.00205816305242
    },
    "barkbands_kurtosis": {
        "mean": 6.72414445877,
        "var": 40.5554885864
    },
    "barkbands_skewness": {
        "mean": 1.69315075874,
        "var": 0.813121855259
    },
    "barkbands_spread": {
        "mean": 5.00824642181,
        "var": 6.59285402298
    },
    "dissonance": {
        "mean": 0.376636356115,
        "var": 0.00355628901161
    },
    "dynamic_complexity": 4.80469799042,
    "erbbands_crest": {
        "mean": 14.9919500351,
        "var": 25.644323349
    },
    "erbbands_flatness_db": {
        "mean": 0.35599398613,
        "var": 0.00155751989223
    },
    "erbbands_kurtosis": {
        "mean": 3.64935731888,
        "var": 24.2990646362
    },
    "erbbands_skewness": {
        "mean": 1.30027723312,
        "var": 0.611692368984
    },
    "erbbands_spread": {
        "mean": 12.096321106,
        "var": 34.7157287598
    },
    "hfc": {
        "mean": 10.514216423,
        "var": 178.85118103
    },
    "melbands_crest": {
        "mean": 14.9811592102,
        "var": 27.5629081726
    },
    "melbands_flatness_db": {
        "mean": 0.376350432634,
        "var": 0.00338444113731
    },
    "melbands_kurtosis": {
        "mean": 7.28085756302,
        "var": 53.7944755554
    },
    "melbands_skewness": {
        "mean": 1.46795475483,
        "var": 0.864342272282
    },
    "melbands_spread": {
        "mean": 7.66811847687,
        "var": 19.6912002563
    },
    "pitch_salience": {
        "mean": 0.524908304214,
        "var": 0.0183695163578
    },
    "silence_rate_20dB": {
        "mean": 1,
        "var": 0
    },
    "silence_rate_30dB": {
        "mean": 0.990731179714,
        "var": 0.00918282568455
    },
    "silence_rate_60dB": {
        "mean": 0.144181251526,
        "var": 0.123389095068
    },
    "spectral_centroid": {
        "mean": 627.015136719,
        "var": 53298.8828125
    },
    "spectral_complexity": {
        "mean": 9.93099880219,
        "var": 22.3494853973
    },
    "spectral_decrease": {
        "mean": -4.4522350251e-009,
        "var": 2.50058105382e-017
    },
    "spectral_energy": {
        "mean": 0.0177574250847,
        "var": 0.00040143012302
    },
    "spectral_energyband_high": {
        "mean": 1.45320000229e-005,
        "var": 7.52194306841e-010
    },
    "spectral_energyband_low": {
        "mean": 0.000194513544557,
        "var": 1.05483465518e-007
    },
    "spectral_energyband_middle_high": {
        "mean": 0.00254679634236,
        "var": 3.47846907971e-005
    },
    "spectral_energyband_middle_low": {
        "mean": 0.015267463401,
        "var": 0.000273337354884
    },
    "spectral_entropy": {
        "mean": 6.03039312363,
        "var": 0.206571787596
    },
    "spectral_flux": {
        "mean": 0.031915333122,
        "var": 0.00109286094084
    },
    "spectral_kurtosis": {
        "mean": 32.8335838318,
        "var": 852.335388184
    },
    "spectral_rms": {
        "mean": 0.00363279459998,
        "var": 4.12712461184e-006
    },
    "spectral_rolloff": {
        "mean": 709.453063965,
        "var": 212350.3125
    },
    "spectral_skewness": {
        "mean": 3.52445054054,
        "var": 2.62650966644
    },
    "spectral_spread": {
        "mean": 1559815.375,
        "var": 1.11145857843e+012
    },
    "spectral_strongpeak": {
        "mean": 1.60419774055,
        "var": 1.80401062965
    },
    "zerocrossingrate": {
        "mean": 0.028665529564,
        "var": 0.000161151911016
    },
    "barkbands": {
        "mean": [2.96915487752e-007, 1.59531409736e-005, 0.000128147206851, 0.000284468347672, 0.00172503851354, 0.00152095395606, 0.00557454116642, 0.00353994616307, 0.00214890623465, 0.000984941259958, 0.000539405329619, 0.000424157100497, 0.00018234574236, 0.000270859338343, 0.000204788288102, 2.26139127335e-005, 9.35324569582e-005, 3.80605670216e-005, 3.64834850188e-005, 1.46573365782e-005, 5.38416361451e-006, 1.36500500503e-006, 4.76652871839e-007, 9.08053721105e-008, 2.03790939679e-008, 1.23462680079e-008, 8.64915583598e-010],
        "var": [2.36682409782e-011, 1.27101396075e-009, 6.19646058908e-008, 3.35032780185e-007, 4.07039260608e-006, 6.27616464044e-006, 0.000168158352608, 3.12609736284e-005, 2.56889725279e-005, 7.78857247496e-006, 5.20009098182e-006, 1.06682173282e-005, 2.98207709193e-007, 9.85999349723e-007, 2.17592486251e-007, 2.18084861281e-009, 4.25192254738e-008, 1.1457655269e-008, 8.51107806454e-009, 9.76974279254e-010, 1.16158679897e-010, 2.03202212001e-011, 3.88132234685e-012, 4.65789462122e-013, 2.72426558309e-013, 2.58547848929e-013, 5.35659433766e-017]
    },
    "erbbands": {
        "mean": [0.00013368477812, 0.00718027399853, 0.117205552757, 0.52761220932, 4.23653125763, 4.79934120178, 11.3514194489, 11.0183525085, 54.3044128418, 76.6079483032, 99.4207382202, 37.9057350159, 40.1097259521, 36.4866371155, 10.6073884964, 18.1834335327, 10.9869728088, 16.4503288269, 8.37456512451, 6.26271295547, 2.16975593567, 4.4681634903, 2.96639227867, 2.4986281395, 1.03584706783, 0.72538793087, 0.320418834686, 0.137284353375, 0.0554397962987, 0.0277272351086, 0.0119416872039, 0.00359976780601, 0.000912032090127, 0.000327644840581, 0.000122800993267, 6.17765908828e-005, 2.83131012111e-005, 5.27733118361e-006, 8.9095074145e-006, 2.02691044251e-005],
        "var": [1.01933125052e-007, 0.000193428088096, 0.0442760959268, 0.678233861923, 46.4763565063, 28.6820411682, 900.810180664, 168.918075562, 10928.0888672, 27531.9394531, 23266.5332031, 4715.16796875, 8626.41992188, 15279.3759766, 2588.57714844, 21549.0917969, 2034.46398926, 3760.05249023, 343.138977051, 212.140274048, 16.4043064117, 81.8352355957, 71.2534179688, 36.7380027771, 4.83822631836, 1.73067474365, 0.381493896246, 0.0917678177357, 0.034098342061, 0.00716451974586, 0.00270402245224, 0.000351486698491, 7.51105690142e-005, 3.70321067749e-005, 1.26212962641e-005, 4.35198626292e-006, 8.58341763887e-007, 2.2522897325e-008, 1.1182630516e-010, 5.29388366477e-010]
    },
    "gfcc": {
        "mean": [-178.807022095, 202.258666992, -181.083374023, -26.2716331482, -54.9603538513, -57.7120895386, -22.2415885925, -24.6895580292, -10.3815574646, -16.5961475372, -11.5568685532, -20.0666599274, -10.6796579361],
        "cov": [[8486.33886719, -523.926330566, -1205.00280762, 1142.31079102, -807.723449707, -31.5704536438, 397.642547607, -583.871276855, 291.140930176, -198.35748291, 64.1100997925, -205.677352905, -170.655288696], [-523.926330566, 835.592773438, 499.15246582, -29.9835014343, 416.852081299, -33.6406860352, 9.06272029877, 2.81988477707, -106.719909668, -41.8113632202, -70.4060211182, -43.7244682312, -40.2145042419], [-1205.00280762, 499.15246582, 635.89239502, -125.814689636, 305.180114746, 91.9180908203, -78.3283004761, 105.866355896, -96.4144821167, -30.2136363983, -17.1164150238, 1.64602470398, -9.89248561859], [1142.31079102, -29.9835014343, -125.814689636, 450.228912354, -0.762559890747, 51.1641159058, 64.7414398193, -86.2989883423, 39.5229454041, -57.547744751, -3.62942266464, -23.4294490814, -8.82720756531], [-807.723449707, 416.852081299, 305.180114746, -0.762559890747, 375.781280518, 34.8010253906, -30.6336097717, 87.6863098145, -67.9727401733, 2.22542691231, -16.7243156433, 8.08076000214, -7.63222122192], [-31.5704536438, -33.6406860352, 91.9180908203, 51.1641159058, 34.8010253906, 249.450195313, 4.3196721077, 22.4716243744, 19.3843173981, -39.0189170837, 10.6455974579, 9.57306575775, 7.95769071579], [397.642547607, 9.06272029877, -78.3283004761, 64.7414398193, -30.6336097717, 4.3196721077, 119.198799133, -33.6666984558, 35.753704071, 12.5719928741, -22.2866821289, -10.9110946655, -17.7837162018], [-583.871276855, 2.81988477707, 105.866355896, -86.2989883423, 87.6863098145, 22.4716243744, -33.6666984558, 138.292770386, 3.84223842621, 13.2946224213, 24.4671783447, 20.333114624, -0.764547407627], [291.140930176, -106.719909668, -96.4144821167, 39.5229454041, -67.9727401733, 19.3843173981, 35.753704071, 3.84223842621, 83.3293609619, 22.7056217194, 12.6430273056, 2.46843791008, -6.95657873154], [-198.35748291, -41.8113632202, -30.2136363983, -57.547744751, 2.22542691231, -39.0189170837, 12.5719928741, 13.2946224213, 22.7056217194, 88.520690918, 21.7478218079, 20.1211223602, 13.1541852951], [64.1100997925, -70.4060211182, -17.1164150238, -3.62942266464, -16.7243156433, 10.6455974579, -22.2866821289, 24.4671783447, 12.6430273056, 21.7478218079, 86.1182327271, 41.1012496948, 14.8396778107], [-205.677352905, -43.7244682312, 1.64602470398, -23.4294490814, 8.08076000214, 9.57306575775, -10.9110946655, 20.333114624, 2.46843791008, 20.1211223602, 41.1012496948, 78.8052597046, 39.6392326355], [-170.655288696, -40.2145042419, -9.89248561859, -8.82720756531, -7.63222122192, 7.95769071579, -17.7837162018, -0.764547407627, -6.95657873154, 13.1541852951, 14.8396778107, 39.6392326355, 71.048210144]],
        "icov": [[0.000485014228616, -0.000798093387857, 0.000722352357116, -0.000835543265566, 0.00114763970487, -0.000224791074288, -0.000286375434371, 0.000337297708029, -0.000278473802609, 0.000434560206486, -0.00128651200794, 0.000601474370342, 0.000615842523985], [-0.000798093387857, 0.0116392644122, -0.00704352091998, 0.00429383665323, -0.0132204955444, 0.00580217083916, -0.00566101353616, 0.00960768572986, -0.00486035924405, 0.00746341748163, -0.000827306008432, 0.00318304705434, -0.00262064510025], [0.000722352357116, -0.00704352091998, 0.00780745130032, -0.0020419601351, 0.00593370432034, -0.00455380929634, 0.00375003414229, -0.00575009500608, 0.00416022259742, -0.00330290803686, -8.6917396402e-005, -0.00126972096041, 0.00235134549439], [-0.000835543265566, 0.00429383665323, -0.0020419601351, 0.00624572765082, -0.0073349266313, 0.00177333678585, -0.0025464266073, 0.0050842454657, -0.00406542932615, 0.0053784083575, -0.000763170537539, 0.00149525015149, -0.0027227953542], [0.00114763970487, -0.0132204955444, 0.00593370432034, -0.0073349266313, 0.0215286277235, -0.0068211266771, 0.00587794557214, -0.014025435783, 0.00995883531868, -0.0115259224549, 0.00262130866759, -0.00473634945229, 0.0047895219177], [-0.000224791074288, 0.00580217083916, -0.00455380929634, 0.00177333678585, -0.0068211266771, 0.00840386096388, -0.00394851528108, 0.00505007570609, -0.00598033331335, 0.00757721532136, -0.0022021823097, 0.00193704804406, -0.00288673490286], [-0.000286375434371, -0.00566101353616, 0.00375003414229, -0.0025464266073, 0.00587794557214, -0.00394851528108, 0.0165609642863, -0.00426517706364, -0.000155823770911, -0.00849666446447, 0.00729625672102, -0.00535108195618, 0.00450611999258], [0.000337297708029, 0.00960768572986, -0.00575009500608, 0.0050842454657, -0.014025435783, 0.00505007570609, -0.00426517706364, 0.0230771321803, -0.0116926133633, 0.0102786179632, -0.00689766649157, 0.00370735349134, -0.00048780022189], [-0.000278473802609, -0.00486035924405, 0.00416022259742, -0.00406542932615, 0.00995883531868, -0.00598033331335, -0.000155823770911, -0.0116926133633, 0.0271434690803, -0.0128371827304, 0.00294854282402, -0.00342055899091, 0.0045560169965], [0.000434560206486, 0.00746341748163, -0.00330290803686, 0.0053784083575, -0.0115259224549, 0.00757721532136, -0.00849666446447, 0.0102786179632, -0.0128371827304, 0.026768065989, -0.00895605236292, 0.00432044966146, -0.00537914596498], [-0.00128651200794, -0.000827306008432, -8.6917396402e-005, -0.000763170537539, 0.00262130866759, -0.0022021823097, 0.00729625672102, -0.00689766649157, 0.00294854282402, -0.00895605236292, 0.0240213405341, -0.0129922218621, 0.00279316632077], [0.000601474370342, 0.00318304705434, -0.00126972096041, 0.00149525015149, -0.00473634945229, 0.00193704804406, -0.00535108195618, 0.00370735349134, -0.00342055899091, 0.00432044966146, -0.0129922218621, 0.0269913952798, -0.0122501123697], [0.000615842523985, -0.00262064510025, 0.00235134549439, -0.0027227953542, 0.0047895219177, -0.00288673490286, 0.00450611999258, -0.00048780022189, 0.0045560169965, -0.00537914596498, 0.00279316632077, -0.0122501123697, 0.0237136408687]]
    },
    "melbands": {
        "mean": [2.39201540353e-006, 4.21310905949e-005, 0.000198153225938, 0.000340518046869, 0.00033954688115, 0.000246743089519, 0.00100487854797, 0.000775595253799, 0.000807136180811, 0.000220823465497, 0.000196803957806, 0.000142483244417, 4.47769052698e-005, 3.47872664861e-005, 4.70418926852e-005, 2.28553144552e-005, 3.00135325233e-005, 9.72951602307e-006, 1.71179162862e-005, 2.1721664325e-006, 2.65760695584e-006, 4.77552384837e-006, 3.97679559683e-006, 1.90350351659e-006, 2.15795876102e-006, 8.70406495324e-007, 5.98179497047e-007, 4.57236581042e-007, 1.81121819764e-007, 1.57994932692e-007, 5.37202353712e-008, 3.21438200501e-008, 2.06521413304e-008, 1.27488046786e-008, 6.57934107196e-009, 4.73018513247e-009, 1.26714694293e-009, 7.15237757909e-010, 2.89474083592e-010, 2.38012859421e-010],
        "var": [2.93478956415e-011, 6.14894668516e-009, 1.06842492187e-007, 1.73730953179e-007, 6.80669813846e-007, 9.72337090843e-008, 4.42803957412e-006, 2.35817060457e-006, 1.70546013578e-006, 2.62737671619e-007, 2.22968651542e-007, 2.64931657057e-007, 3.51387932085e-008, 8.30417050679e-008, 1.35468681606e-007, 7.42075645377e-009, 1.12090479121e-008, 5.94844118407e-010, 1.8692170034e-009, 1.31659301517e-011, 3.45813655489e-011, 8.83197681656e-011, 1.46340634055e-010, 2.50398955043e-011, 3.17864137789e-011, 5.02255875778e-012, 2.01493292537e-012, 7.15197974628e-013, 1.69106129924e-013, 1.13666339524e-013, 1.89686320037e-014, 1.59744501562e-014, 3.93691638873e-015, 1.86903177295e-015, 8.48016564264e-016, 5.60355705047e-016, 8.55027813311e-017, 4.18890846555e-017, 2.89032887155e-017, 2.50596566873e-017]
    },
    "mfcc": {
        "mean": [-787.087219238, 204.851486206, -44.7157325745, -0.483690023422, -21.805305481, -31.8822231293, -20.3327922821, -19.5848312378, -13.2097187042, -5.22227621078, -3.58233833313, -7.3564491272, -11.0941781998],
        "cov": [[5691.8125, 906.261169434, -1469.50769043, 1014.71105957, -497.553161621, 151.466018677, -7.84331417084, -86.9519348145, -69.0463867188, 20.6835403442, 12.7452545166, -27.6266059875, -17.1047344208], [906.261169434, 795.851928711, 27.5454216003, 164.768188477, 165.034957886, 2.81013536453, 95.1341629028, -29.8503456116, -17.4053535461, 2.9131603241, -4.74705839157, -16.5267944336, 10.5865192413], [-1469.50769043, 27.5454216003, 746.441467285, -189.636520386, 263.624542236, 92.6333770752, 51.5511169434, 97.8060073853, 26.5251102448, -14.8818235397, -22.3637676239, -4.58489561081, 17.735912323], [1014.71105957, 164.768188477, -189.636520386, 366.958648682, 14.6382322311, 51.135684967, 21.1480102539, 11.8221387863, 1.32864570618, -2.92672395706, -0.902283370495, -32.5502738953, 19.0688419342], [-497.553161621, 165.034957886, 263.624542236, 14.6382322311, 344.83190918, 45.5359153748, 61.8232383728, 85.3464889526, -6.02820730209, 11.3303337097, -10.9792661667, -40.784740448, 49.5463180542], [151.466018677, 2.81013536453, 92.6333770752, 51.135684967, 45.5359153748, 219.214569092, 49.5496368408, 66.5128097534, 37.5461730957, 1.05821526051, -0.552211344242, -4.93669319153, -6.92812108994], [-7.84331417084, 95.1341629028, 51.5511169434, 21.1480102539, 61.8232383728, 49.5496368408, 89.4873886108, 27.4482631683, 8.44949054718, 2.93639278412, -5.99316596985, -4.41470336914, 14.7825193405], [-86.9519348145, -29.8503456116, 97.8060073853, 11.8221387863, 85.3464889526, 66.5128097534, 27.4482631683, 132.821166992, 17.7239437103, 9.81070709229, 11.5101442337, -16.6445198059, 40.1830291748], [-69.0463867188, -17.4053535461, 26.5251102448, 1.32864570618, -6.02820730209, 37.5461730957, 8.44949054718, 17.7239437103, 83.2547531128, 20.764831543, 13.1996088028, 6.85915517807, -38.6393890381], [20.6835403442, 2.9131603241, -14.8818235397, -2.92672395706, 11.3303337097, 1.05821526051, 2.93639278412, 9.81070709229, 20.764831543, 85.9264678955, 36.3724327087, -13.8467197418, -3.77695298195], [12.7452545166, -4.74705839157, -22.3637676239, -0.902283370495, -10.9792661667, -0.552211344242, -5.99316596985, 11.5101442337, 13.1996088028, 36.3724327087, 83.2725982666, 24.670715332, 3.93411540985], [-27.6266059875, -16.5267944336, -4.58489561081, -32.5502738953, -40.784740448, -4.93669319153, -4.41470336914, -16.6445198059, 6.85915517807, -13.8467197418, 24.670715332, 80.4074478149, 12.0793428421], [-17.1047344208, 10.5865192413, 17.735912323, 19.0688419342, 49.5463180542, -6.92812108994, 14.7825193405, 40.1830291748, -38.6393890381, -3.77695298195, 3.93411540985, 12.0793428421, 130.587753296]],
        "icov": [[0.00609101727605, -0.00809267070144, 0.0085234278813, -0.00869073346257, 0.00808293558657, -0.00762326689437, 0.00673898868263, -0.00837349612266, 0.00760959135368, -0.00491433544084, 0.00542867695913, -0.0038269397337, 0.00220776512288], [-0.00809267070144, 0.0126384841278, -0.0114158662036, 0.0106555502862, -0.0116284638643, 0.010538908653, -0.0107874553651, 0.0122862597927, -0.00974138826132, 0.00647484138608, -0.00751938298345, 0.00482224300504, -0.00259307026863], [0.0085234278813, -0.0114158662036, 0.0145511785522, -0.0105813574046, 0.009426263161, -0.0115101458505, 0.00962864141911, -0.0122574428096, 0.00988608039916, -0.00607720948756, 0.00799590814859, -0.00561973871663, 0.00313376262784], [-0.00869073346257, 0.0106555502862, -0.0105813574046, 0.0167902745306, -0.012053524144, 0.00940668210387, -0.00909844692796, 0.0118524907157, -0.0119608547539, 0.00830866210163, -0.00828028842807, 0.00745312171057, -0.0043004299514], [0.00808293558657, -0.0116284638643, 0.009426263161, -0.012053524144, 0.0166054051369, -0.00959930475801, 0.00759464129806, -0.0131314443424, 0.010823989287, -0.00728081539273, 0.00728768575937, -0.00312356301583, 0.00191418570466], [-0.00762326689437, 0.010538908653, -0.0115101458505, 0.00940668210387, -0.00959930475801, 0.0164327453822, -0.0115151060745, 0.00779013009742, -0.0107258176431, 0.00627491250634, -0.00644395500422, 0.0040035257116, -0.00141126604285], [0.00673898868263, -0.0107874553651, 0.00962864141911, -0.00909844692796, 0.00759464129806, -0.0115151060745, 0.023827355355, -0.0104145584628, 0.00709015876055, -0.00622710445896, 0.00795228499919, -0.00499572884291, 0.000933393486775], [-0.00837349612266, 0.0122862597927, -0.0122574428096, 0.0118524907157, -0.0131314443424, 0.00779013009742, -0.0104145584628, 0.0252328626812, -0.0141636412591, 0.00814161542803, -0.0107997590676, 0.00931834522635, -0.00784071348608], [0.00760959135368, -0.00974138826132, 0.00988608039916, -0.0119608547539, 0.010823989287, -0.0107258176431, 0.00709015876055, -0.0141636412591, 0.0281384550035, -0.0111185014248, 0.00735374586657, -0.00940889585763, 0.00972326193005], [-0.00491433544084, 0.00647484138608, -0.00607720948756, 0.00830866210163, -0.00728081539273, 0.00627491250634, -0.00622710445896, 0.00814161542803, -0.0111185014248, 0.0218873172998, -0.0135348308831, 0.010082620196, -0.00344317313284], [0.00542867695913, -0.00751938298345, 0.00799590814859, -0.00828028842807, 0.00728768575937, -0.00644395500422, 0.00795228499919, -0.0107997590676, 0.00735374586657, -0.0135348308831, 0.023895110935, -0.0118021890521, 0.00291613163427], [-0.0038269397337, 0.00482224300504, -0.00561973871663, 0.00745312171057, -0.00312356301583, 0.0040035257116, -0.00499572884291, 0.00931834522635, -0.00940889585763, 0.010082620196, -0.0118021890521, 0.0222345069051, -0.00631508044899], [0.00220776512288, -0.00259307026863, 0.00313376262784, -0.0043004299514, 0.00191418570466, -0.00141126604285, 0.000933393486775, -0.00784071348608, 0.00972326193005, -0.00344317313284, 0.00291613163427, -0.00631508044899, 0.0131389973685]]
    },
    "spectral_contrast_coeffs": {
        "mean": [-0.493537187576, -0.585566759109, -0.670940697193, -0.69432747364, -0.704299151897, -0.72765570879],
        "var": [0.00641599437222, 0.00855753105134, 0.0059694214724, 0.00289296265692, 0.00173426920082, 0.0058202133514]
    },
    "spectral_contrast_valleys": {
        "mean": [-9.86829185486, -7.44461345673, -8.53889274597, -9.44250011444, -10.1783676147, -14.4185171127],
        "var": [1.31617116928, 1.69169688225, 1.3045476675, 1.36049962044, 1.65700912476, 0.959035754204]
    }
},
"metadata": {
    "audio_properties": {
        "analysis_sample_rate": 44100,
        "bit_rate": 128074,
        "equal_loudness": 0,
        "length": 45.0612258911,
        "lossless": 0,
        "replay_gain": -4.35675621033,
        "sample_rate": 44100,
        "codec": "mp3",
        "downmix": "mix",
        "md5_encoded": "9645b7b87d4ce5249ce2a4b9027e4ac8"
    },
    "tags": {
        "file_name": "1189.mp3"
    },
    "version": {
        "essentia": "2.1-beta2",
        "essentia_git_sha": "v2.1_beta2",
        "extractor": "music 1.0"
    }
},
"rhythm": {
    "beats_count": 74,
    "beats_loudness": {
        "mean": 0.0282212942839,
        "var": 0.000688735744916
    },
    "bpm": 100.705963135,
    "bpm_histogram_first_peak_bpm": {
        "mean": 101,
        "var": 0
    },
    "bpm_histogram_first_peak_spread": {
        "mean": 0.692307710648,
        "var": 0
    },
    "bpm_histogram_first_peak_weight": {
        "mean": 0.273972600698,
        "var": 0
    },
    "bpm_histogram_second_peak_bpm": {
        "mean": 96,
        "var": 0
    },
    "bpm_histogram_second_peak_spread": {
        "mean": 0,
        "var": 0
    },
    "bpm_histogram_second_peak_weight": {
        "mean": 0.109589040279,
        "var": 0
    },
    "danceability": 0.955435812473,
    "onset_rate": 3.06111979485,
    "beats_loudness_band_ratio": {
        "mean": [0.0953687205911, 0.264386862516, 0.576485574245, 0.108350120485, 0.0297983139753, 0.00339272734709],
        "var": [0.0152857387438, 0.0400061011314, 0.0383005663753, 0.0103034107015, 0.000480452814372, 7.14403222446e-006]
    },
    "beats_position": [0.615328788757, 1.24226760864, 1.86920630932, 2.49614500999, 3.11147379875, 3.72680258751, 4.31891155243, 4.91102027893, 5.51473903656, 6.11845779419, 6.71056699753, 7.31428575516, 7.91800451279, 8.52172279358, 9.13705158234, 9.72916126251, 10.321269989, 10.9365987778, 11.5403175354, 12.144036293, 12.7593650818, 13.3630838394, 13.966802597, 14.5821313858, 15.1626300812, 15.7547388077, 16.3584575653, 16.9505672455, 17.5310649872, 18.1115646362, 18.6920623779, 19.272562027, 19.8878898621, 20.4799995422, 21.0604991913, 21.6526069641, 22.2447166443, 22.8368244171, 23.4289340973, 24.0442619324, 24.6595916748, 25.2633094788, 25.8670291901, 26.4591369629, 27.0512466431, 27.6549663544, 28.2354640961, 28.8275737762, 29.4196815491, 30.0234012604, 30.6503391266, 31.2772789001, 31.9042167664, 32.5079345703, 33.1000442505, 33.6921539307, 34.2726516724, 34.8531494141, 35.4336509705, 36.0141487122, 36.5946464539, 37.186756134, 37.790473938, 38.4058036804, 39.0327415466, 39.6596832275, 40.2401809692, 40.8206787109, 41.4243965149, 42.0048980713, 42.5970077515, 43.2123336792, 43.7928352356, 44.3733329773]
},
"tonal": {
    "chords_changes_rate": 0.042181070894,
    "chords_number_rate": 0.00823045242578,
    "chords_strength": {
        "mean": 0.473057478666,
        "var": 0.00903347879648
    },
    "hpcp_entropy": {
        "mean": 1.0737593174,
        "var": 0.430826127529
    },
    "key_strength": 0.848500549793,
    "tuning_diatonic_strength": 0.52321356535,
    "tuning_equal_tempered_deviation": 0.00111593562178,
    "tuning_frequency": 440.254241943,
    "tuning_nontempered_energy_ratio": 0.579492390156,
    "hpcp": {
        "mean": [0.206778481603, 0.123426236212, 0.172037541866, 0.294206678867, 0.141371175647, 0.00888459663838, 0.0071566849947, 0.00620182277635, 0.0737204104662, 0.134722411633, 0.0664857551455, 0.00630953907967, 0.00788636598736, 0.00870547629893, 0.172602295876, 0.328301846981, 0.166864544153, 0.0987453833222, 0.183821573853, 0.0944321975112, 0.0226281881332, 0.0374107509851, 0.0224923081696, 0.03637785092, 0.0608774758875, 0.0327846258879, 0.0728748366237, 0.134493023157, 0.0793854221702, 0.187740132213, 0.318442612886, 0.150398939848, 0.0091552734375, 0.00472592003644, 0.00632048631087, 0.103034250438],
        "var": [0.11747392267, 0.0400353856385, 0.0547548234463, 0.165309250355, 0.0407320261002, 0.000373229238903, 0.000180378759978, 0.000170989020262, 0.0220782868564, 0.0790568739176, 0.0204691439867, 0.000171401246917, 0.000270431861281, 0.000657220254652, 0.0435916893184, 0.14064091444, 0.0347311757505, 0.0343691036105, 0.125768631697, 0.0320916436613, 0.00270588439889, 0.013478721492, 0.00577766401693, 0.00844742637128, 0.0304610691965, 0.00873639434576, 0.0272217579186, 0.0923043340445, 0.0287092309445, 0.0539577305317, 0.144516542554, 0.0326674431562, 0.00195034570061, 0.000482623348944, 0.000806384894531, 0.032305534929]
    },
    "chords_histogram": [43.8271598816, 2.98353910446, 2.26337456703, 0.205761313438, 0, 0, 0, 3.29218101501, 0, 18.9300403595, 0, 0, 0, 0, 0, 0.823045253754, 6.17283964157, 0, 0, 0, 0, 0, 16.563785553, 4.93827152252],
    "thpcp": [1, 0.50826561451, 0.300776213408, 0.559916377068, 0.28763833642, 0.0689249485731, 0.113952301443, 0.0685110613704, 0.110806107521, 0.185431420803, 0.0998612269759, 0.221975103021, 0.409662693739, 0.241806194186, 0.571852207184, 0.96996897459, 0.458111763, 0.0278867557645, 0.0143950451165, 0.0192520581186, 0.313840001822, 0.629842579365, 0.375953525305, 0.524022459984, 0.896146893501, 0.430613398552, 0.0270622801036, 0.0217991005629, 0.0188906118274, 0.224550709128, 0.410361409187, 0.202514111996, 0.0192187130451, 0.024021692574, 0.0265166833997, 0.525742709637],
    "chords_key": "G",
    "chords_scale": "minor",
    "key_key": "G",
    "key_scale": "minor"
}
}