{
"lowlevel": {
    "average_loudness": 0.28354537487,
    "barkbands_crest": {
        "mean": 8.56611347198,
        "var": 11.9576330185
    },
    "barkbands_flatness_db": {
        "mean": 0.23357129097,
        "var": 0.00135012087412
    },
    "barkbands_kurtosis": {
        "mean": 0.723879694939,
        "var": 7.36124420166
    },
    "barkbands_skewness": {
        "mean": -0.238321691751,
        "var": 1.38472628593
    },
    "barkbands_spread": {
        "mean": 19.1238155365,
        "var": 78.0912246704
    },
    "dissonance": {
        "mean": 0.467144846916,
        "var": 0.000708626757842
    },
    "dynamic_complexity": 4.28306436539,
    "erbbands_crest": {
        "mean": 11.4070186615,
        "var": 24.0745811462
    },
    "erbbands_flatness_db": {
        "mean": 0.309828460217,
        "var": 0.00155578635167
    },
    "erbbands_kurtosis": {
        "mean": 2.91707468033,
        "var": 21.2338581085
    },
    "erbbands_skewness": {
        "mean": -1.14463090897,
        "var": 0.860948503017
    },
    "erbbands_spread": {
        "mean": 16.7511558533,
        "var": 91.7653808594
    },
    "hfc": {
        "mean": 16.9564704895,
        "var": 440.472595215
    },
    "melbands_crest": {
        "mean": 10.8999710083,
        "var": 25.008813858
    },
    "melbands_flatness_db": {
        "mean": 0.263179540634,
        "var": 0.00380162592046
    },
    "melbands_kurtosis": {
        "mean": 1.39728283882,
        "var": 25.3443202972
    },
    "melbands_skewness": {
        "mean": 0.6139087677,
        "var": 1.71270036697
    },
    "melbands_spread": {
        "mean": 38.4185752869,
        "var": 351.831420898
    },
    "pitch_salience": {
        "mean": 0.55425298214,
        "var": 0.00884886085987
    },
    "silence_rate_20dB": {
        "mean": 1,
        "var": 0
    },
    "silence_rate_30dB": {
        "mean": 0.998970687389,
        "var": 0.00102828966919
    },
    "silence_rate_60dB": {
        "mean": 0.19505918026,
        "var": 0.15701328218
    },
    "spectral_centroid": {
        "mean": 1714.54602051,
        "var": 500262.96875
    },
    "spectral_complexity": {
        "mean": 15.109623909,
        "var": 52.2264404297
    },
    "spectral_decrease": {
        "mean": -2.51919485272e-009,
        "var": 7.21271302054e-018
    },
    "spectral_energy": {
        "mean": 0.0110460128635,
        "var": 0.000142239456181
    },
    "spectral_energyband_high": {
        "mean": 1.26495378936e-005,
        "var": 7.50397022298e-010
    },
    "spectral_energyband_low": {
        "mean": 0.00103748543188,
        "var": 1.59641615483e-006
    },
    "spectral_energyband_middle_high": {
        "mean": 0.00844322144985,
        "var": 0.0001285267208
    },
    "spectral_energyband_middle_low": {
        "mean": 0.00170588935725,
        "var": 1.74179263013e-006
    },
    "spectral_entropy": {
        "mean": 6.82242250443,
        "var": 0.100763060153
    },
    "spectral_flux": {
        "mean": 0.0474786646664,
        "var": 0.000788122764789
    },
    "spectral_kurtosis": {
        "mean": 18.2326755524,
        "var": 128.704681396
    },
    "spectral_rms": {
        "mean": 0.00292892870493,
        "var": 2.19798130274e-006
    },
    "spectral_rolloff": {
        "mean": 2063.46386719,
        "var": 1010136.25
    },
    "spectral_skewness": {
        "mean": 1.9349449873,
        "var": 0.787814259529
    },
    "spectral_spread": {
        "mean": 1546940.125,
        "var": 2.70557301965e+012
    },
    "spectral_strongpeak": {
        "mean": 2.28532028198,
        "var": 7.43287849426
    },
    "zerocrossingrate": {
        "mean": 0.0685619264841,
        "var": 0.00093753519468
    },
    "barkbands": {
        "mean": [4.0427940462e-007, 0.000419269839767, 0.000506052630953, 0.000205089454539, 0.000624181993771, 0.000192965657334, 0.000184577060281, 0.000244321854552, 0.000197502042283, 0.000896365672816, 0.000270909862593, 0.000488457735628, 0.000433940789662, 0.00144459423609, 0.000869570241775, 0.00192117982078, 0.00101267115679, 0.000753368716687, 0.000340011320077, 3.13196869683e-005, 5.88115426581e-006, 9.72758812168e-007, 1.36381891025e-006, 9.17930151445e-007, 1.29604828203e-007, 7.98485455533e-009, 4.68246830199e-010],
        "var": [6.86664104483e-013, 2.26279794902e-007, 7.73580779878e-007, 8.43903720238e-008, 5.46083640529e-007, 3.47831878855e-008, 4.59582771839e-008, 2.27608410341e-007, 9.57639230137e-008, 1.43571860463e-005, 1.50495395701e-007, 4.22926547117e-007, 1.02818830783e-006, 1.26546910906e-005, 4.10102666137e-006, 1.70426410477e-005, 3.79692414754e-006, 3.31437604473e-006, 3.82567236556e-007, 3.12305736827e-009, 1.61404778432e-010, 5.24634979557e-012, 4.45723943865e-011, 1.79315746279e-011, 2.26649482602e-013, 4.4403277628e-016, 2.94381966392e-017]
    },
    "erbbands": {
        "mean": [0.00397153757513, 0.126262396574, 0.595152556896, 0.634025394917, 1.61819672585, 1.77492833138, 1.9744066, 1.43709588051, 2.27177476883, 3.5790374279, 5.70325231552, 4.48659658432, 16.4934234619, 23.354763031, 12.6777381897, 18.9372406006, 19.3887691498, 37.0778999329, 79.7347869873, 50.0390548706, 123.880012512, 64.1589508057, 40.8903961182, 26.4002895355, 8.57946872711, 1.28709805012, 0.346660375595, 0.152042329311, 0.0399622842669, 0.037240691483, 0.0394909009337, 0.0247785691172, 0.0120773715898, 0.00291242543608, 0.000423451740062, 9.17760262382e-005, 1.35840155053e-005, 3.95566212319e-006, 7.29449948267e-006, 1.43266888699e-005],
        "var": [2.08584096981e-005, 0.0221839211881, 1.04938852787, 0.561823546886, 4.26082229614, 4.73244428635, 4.87461805344, 1.90443110466, 6.95618867874, 17.8677978516, 96.2922515869, 71.1880569458, 3206.16137695, 7933.25439453, 234.870895386, 802.820007324, 1543.09423828, 4991.03857422, 56702.3867188, 4646.47705078, 75015.015625, 10907.9433594, 10523.7939453, 2445.13964844, 206.137390137, 4.54715204239, 0.530908346176, 0.0964870154858, 0.00641048606485, 0.0234159640968, 0.0378727801144, 0.0146362613887, 0.00335487816483, 0.000140206640936, 1.23023346532e-006, 3.49360966823e-008, 1.07248709913e-009, 6.9468208963e-011, 6.67782773522e-011, 2.46720976982e-010]
    },
    "gfcc": {
        "mean": [-137.912384033, 176.955749512, -192.996032715, 9.94729232788, -4.98918676376, -15.5324926376, -37.0352401733, -0.0544141307473, -10.1103925705, -23.458650589, -0.377094626427, -15.5927839279, -2.34960365295],
        "cov": [[7006.21972656, -1360.23852539, -1675.87536621, 787.987121582, -288.418792725, 129.389846802, 148.344497681, -48.7725410461, 14.5247554779, -35.5717582703, 28.5193214417, -115.447463989, -55.4660491943], [-1360.23852539, 1306.59851074, 761.088134766, -250.69934082, 302.139373779, 7.43361759186, -18.4354152679, 14.4878120422, -39.3435935974, -60.7548866272, -14.5606155396, -0.997898042202, 10.2822818756], [-1675.87536621, 761.088134766, 1059.50305176, -46.7041397095, 97.9775543213, 271.393157959, -64.3730163574, 33.1320800781, -42.9550247192, -54.296497345, 3.98915529251, -43.0229034424, 12.5733652115], [787.987121582, -250.69934082, -46.7041397095, 426.057220459, 100.248985291, 55.5061149597, 49.4618492126, 0.592640459538, 52.4813232422, 24.6671466827, 3.76834344864, -9.91574287415, -21.5101337433], [-288.418792725, 302.139373779, 97.9775543213, 100.248985291, 430.858306885, -79.5322036743, 55.0571594238, 15.2562055588, 46.991809845, 19.166601181, -20.9286270142, 42.8710212708, -22.7236709595], [129.389846802, 7.43361759186, 271.393157959, 55.5061149597, -79.5322036743, 349.542053223, 22.1918697357, 25.9623622894, -31.8603382111, -18.035823822, 43.0755310059, -61.8439903259, 27.2133483887], [148.344497681, -18.4354152679, -64.3730163574, 49.4618492126, 55.0571594238, 22.1918697357, 153.346603394, 25.2838191986, 13.5407238007, 43.4844551086, 4.75027418137, 4.2193069458, 10.2868804932], [-48.7725410461, 14.4878120422, 33.1320800781, 0.592640459538, 15.2562055588, 25.9623622894, 25.2838191986, 96.3376693726, 31.5518341064, 17.2809829712, 21.9585266113, 5.45168924332, -5.06083488464], [14.5247554779, -39.3435935974, -42.9550247192, 52.4813232422, 46.991809845, -31.8603382111, 13.5407238007, 31.5518341064, 126.418174744, 38.5808982849, -9.18816757202, 34.6233062744, -0.937787055969], [-35.5717582703, -60.7548866272, -54.296497345, 24.6671466827, 19.166601181, -18.035823822, 43.4844551086, 17.2809829712, 38.5808982849, 92.0512161255, 11.5545873642, 17.9638004303, 10.5629224777], [28.5193214417, -14.5606155396, 3.98915529251, 3.76834344864, -20.9286270142, 43.0755310059, 4.75027418137, 21.9585266113, -9.18816757202, 11.5545873642, 76.3799667358, -1.55939424038, -10.6813354492], [-115.447463989, -0.997898042202, -43.0229034424, -9.91574287415, 42.8710212708, -61.8439903259, 4.2193069458, 5.45168924332, 34.6233062744, 17.9638004303, -1.55939424038, 90.0156784058, 24.5764255524], [-55.4660491943, 10.2822818756, 12.5733652115, -21.5101337433, -22.7236709595, 27.2133483887, 10.2868804932, -5.06083488464, -0.937787055969, 10.5629224777, -10.6813354492, 24.5764255524, 69.3387374878]],
        "icov": [[0.000688904430717, -0.000895613629837, 0.00203626486473, -0.0016466663219, 0.00070951168891, -0.00148498860653, 0.000408275431255, -0.000352528644726, 0.00036075382377, 0.000456434005173, 0.000712063105311, -7.28255981812e-005, 0.000603701628279], [-0.000895613629837, 0.00377828697674, -0.00459172204137, 0.00373978540301, -0.00259390985593, 0.0032670639921, -0.0014722001506, 0.000894419034012, -0.000866130925715, 0.000748263613787, -0.00208533601835, 0.00131121103186, -0.00204422650859], [0.00203626486473, -0.00459172204137, 0.00898351613432, -0.00566481146961, 0.00251126941293, -0.00690812338144, 0.00295528699644, -0.00188864173833, 0.00171142385807, 0.000387823267374, 0.00363584025763, -0.00117958069313, 0.0028236254584], [-0.0016466663219, 0.00373978540301, -0.00566481146961, 0.00792794767767, -0.00352293229662, 0.00318029685877, -0.00193603499793, 0.00199208548293, -0.00237773475237, -0.000562294619158, -0.00230687088333, 0.00121178978588, -0.00108663656283], [0.00070951168891, -0.00259390985593, 0.00251126941293, -0.00352293229662, 0.00518923345953, -0.00118698691949, -0.000543923699297, -0.000695502152666, 0.000285915884888, -0.000174075204995, 0.002008006908, -0.00232062139548, 0.00276259286329], [-0.00148498860653, 0.0032670639921, -0.00690812338144, 0.00318029685877, -0.00118698691949, 0.00998842250556, -0.00295818084851, 0.000304599758238, -0.00135727971792, 0.00126887136139, -0.00557652674615, 0.00452665006742, -0.00595628004521], [0.000408275431255, -0.0014722001506, 0.00295528699644, -0.00193603499793, -0.000543923699297, -0.00295818084851, 0.00983171910048, -0.00256899581291, 0.00177982926834, -0.00411646068096, 0.0019527367549, -0.000131321998197, -0.000256422004895], [-0.000352528644726, 0.000894419034012, -0.00188864173833, 0.00199208548293, -0.000695502152666, 0.000304599758238, -0.00256899581291, 0.013842176646, -0.00425906898454, -0.000168919039425, -0.00424145534635, 5.38244821655e-005, 0.000885448942427], [0.00036075382377, -0.000866130925715, 0.00171142385807, -0.00237773475237, 0.000285915884888, -0.00135727971792, 0.00177982926834, -0.00425906898454, 0.0124204354361, -0.00429032417014, 0.00407876633108, -0.00439885351807, 0.00242955610156], [0.000456434005173, 0.000748263613787, 0.000387823267374, -0.000562294619158, -0.000174075204995, 0.00126887136139, -0.00411646068096, -0.000168919039425, -0.00429032417014, 0.0166661180556, -0.00399011326954, 0.00109887798317, -0.00354832387529], [0.000712063105311, -0.00208533601835, 0.00363584025763, -0.00230687088333, 0.002008006908, -0.00557652674615, 0.0019527367549, -0.00424145534635, 0.00407876633108, -0.00399011326954, 0.019123967737, -0.00459823710844, 0.00699008814991], [-7.28255981812e-005, 0.00131121103186, -0.00117958069313, 0.00121178978588, -0.00232062139548, 0.00452665006742, -0.000131321998197, 5.38244821655e-005, -0.00439885351807, 0.00109887798317, -0.00459823710844, 0.0188885610551, -0.00980665069073], [0.000603701628279, -0.00204422650859, 0.0028236254584, -0.00108663656283, 0.00276259286329, -0.00595628004521, -0.000256422004895, 0.000885448942427, 0.00242955610156, -0.00354832387529, 0.00699008814991, -0.00980665069073, 0.0228306502104]]
    },
    "melbands": {
        "mean": [7.5422860391e-005, 0.00026724737836, 0.000133134570206, 0.000139211813803, 6.80292287143e-005, 3.45907719748e-005, 3.43578867614e-005, 4.4625649025e-005, 4.52431231679e-005, 2.60128363152e-005, 9.44674029597e-005, 0.000109735869046, 3.98881966248e-005, 4.68262915092e-005, 6.34700409137e-005, 3.45372136508e-005, 7.27809965611e-005, 0.000153485161718, 6.63282116875e-005, 8.87668866199e-005, 0.000145258862176, 7.12816836312e-005, 4.34185531049e-005, 2.52018508036e-005, 2.18813347601e-005, 1.08566791823e-005, 2.36709138335e-006, 3.69963942148e-007, 2.36032605017e-007, 1.1479728812e-007, 7.10770322598e-008, 2.05183585678e-008, 1.66082045894e-008, 2.19536211432e-008, 2.39044215533e-008, 1.83154948985e-008, 1.39309319636e-008, 9.1692529125e-009, 5.07130515359e-009, 1.53753676457e-009],
        "var": [6.57942855753e-009, 1.62911860002e-007, 2.02023251461e-008, 3.10565972939e-008, 5.93548499239e-009, 1.04794994904e-009, 1.51004109217e-009, 4.00394251088e-009, 5.19305176638e-009, 2.4918962449e-009, 1.18197355903e-007, 1.94813907228e-007, 2.62224753023e-009, 4.98079710809e-009, 2.46536391302e-008, 4.27367607969e-009, 1.98569445331e-008, 2.49867554203e-007, 2.29528982487e-008, 2.40701165666e-008, 1.05349016621e-007, 1.98651957106e-008, 1.3636508811e-008, 2.6593143243e-009, 1.85530069086e-009, 3.91221305351e-010, 3.09503880858e-011, 4.82059487814e-013, 3.32744086191e-013, 5.80025665085e-014, 2.78433926035e-014, 1.83225677875e-015, 2.5628828351e-015, 1.01871627656e-014, 1.43919029255e-014, 8.58908095065e-015, 4.58466111822e-015, 1.96042874554e-015, 6.73745993993e-016, 3.41548102705e-017]
    },
    "mfcc": {
        "mean": [-752.274475098, 192.370147705, -80.3915786743, 15.2384195328, 33.2427368164, -11.6774950027, -2.55938792229, 8.5651102066, -6.04599666595, -0.114862635732, -2.96913337708, -5.69093418121, -3.24634552002],
        "cov": [[4597.67919922, -805.170898438, -1665.51330566, 612.612060547, -412.003356934, 19.2581310272, 150.398574829, 45.2075958252, -113.814369202, 262.472717285, -70.1745529175, 46.2842941284, -86.267036438], [-805.170898438, 834.556945801, 424.009277344, -119.944747925, 269.055389404, 3.20208096504, 73.7387466431, 45.4350471497, 36.0750160217, -76.7490768433, 31.8703804016, -37.2165985107, 33.2016029358], [-1665.51330566, 424.009277344, 1339.53222656, -340.345855713, 190.282440186, 191.389984131, 14.6014413834, 72.0458221436, 20.0184211731, -9.77787590027, -7.42082309723, -49.6455726624, -3.46016049385], [612.612060547, -119.944747925, -340.345855713, 469.815979004, 68.9050064087, 34.7582206726, 20.5613079071, 2.71693515778, 64.8877258301, 9.05145072937, 47.639503479, 45.3470840454, -4.31783676147], [-412.003356934, 269.055389404, 190.282440186, 68.9050064087, 332.621459961, 65.9100036621, 36.305267334, 62.6539802551, 24.4447097778, -24.1346416473, 44.9611244202, -8.1092300415, 6.75833797455], [19.2581310272, 3.20208096504, 191.389984131, 34.7582206726, 65.9100036621, 194.125656128, 73.735244751, 29.0625648499, 39.3972549438, 40.3022270203, -2.1235332489, 0.528606534004, -7.85710096359], [150.398574829, 73.7387466431, 14.6014413834, 20.5613079071, 36.305267334, 73.735244751, 188.597000122, 31.9808712006, -25.3133468628, 54.4776420593, 10.5722675323, -22.2223987579, -9.91614246368], [45.2075958252, 45.4350471497, 72.0458221436, 2.71693515778, 62.6539802551, 29.0625648499, 31.9808712006, 99.7866744995, 11.798620224, 15.2797079086, 18.5800628662, 4.09662055969, 3.36603593826], [-113.814369202, 36.0750160217, 20.0184211731, 64.8877258301, 24.4447097778, 39.3972549438, -25.3133468628, 11.798620224, 137.937911987, -3.57610797882, 0.21473620832, 32.1429023743, 28.0067481995], [262.472717285, -76.7490768433, -9.77787590027, 9.05145072937, -24.1346416473, 40.3022270203, 54.4776420593, 15.2797079086, -3.57610797882, 122.934280396, 23.010515213, -6.65984201431, -3.84143829346], [-70.1745529175, 31.8703804016, -7.42082309723, 47.639503479, 44.9611244202, -2.1235332489, 10.5722675323, 18.5800628662, 0.21473620832, 23.010515213, 91.7546844482, 24.8231525421, -2.18655991554], [46.2842941284, -37.2165985107, -49.6455726624, 45.3470840454, -8.1092300415, 0.528606534004, -22.2223987579, 4.09662055969, 32.1429023743, -6.65984201431, 24.8231525421, 84.807762146, 30.1604118347], [-86.267036438, 33.2016029358, -3.46016049385, -4.31783676147, 6.75833797455, -7.85710096359, -9.91614246368, 3.36603593826, 28.0067481995, -3.84143829346, -2.18655991554, 30.1604118347, 84.6134414673]],
        "icov": [[0.00107227603439, -0.000559736508876, 0.00134041765705, -0.000979088130407, 0.00117678917013, -0.00146643805783, 0.00074637203943, -0.00199184776284, 0.00177691201679, -0.00220461399294, 0.00216013216414, -0.000926666136365, 0.000952152360696], [-0.000559736508876, 0.00289857829921, -0.00130021199584, 0.00112161238212, -0.00230302638374, 0.00235215667635, -0.00236176955514, 0.00159162015188, -0.00240052584559, 0.00281334645115, -0.00212820642628, 0.00150598830078, -0.00131123431493], [0.00134041765705, -0.00130021199584, 0.00321903428994, -0.000139079420478, 0.00123532745056, -0.00377159914933, 0.0018950701924, -0.00293761049397, 0.00235363305546, -0.00280019780621, 0.00246047484688, -0.000879921542946, 0.00136246078182], [-0.000979088130407, 0.00112161238212, -0.000139079420478, 0.00469755847007, -0.0025039378088, 0.000436040369095, -0.00123708462343, 0.00237589864992, -0.00336340558715, 0.00260460446589, -0.0034178593196, 0.000290113908704, -0.000163521704962], [0.00117678917013, -0.00230302638374, 0.00123532745056, -0.0025039378088, 0.00714769586921, -0.00352163962089, 0.00169308506884, -0.0045687337406, 0.00281950621866, -0.00126988033298, 0.000480602873722, 0.000322223582771, 0.000415125425206], [-0.00146643805783, 0.00235215667635, -0.00377159914933, 0.000436040369095, -0.00352163962089, 0.0125077338889, -0.00540513079613, 0.00319991260767, -0.00564403925091, 0.00145182095002, -0.000789545301814, -0.000144339035614, 9.7063370049e-005], [0.00074637203943, -0.00236176955514, 0.0018950701924, -0.00123708462343, 0.00169308506884, -0.00540513079613, 0.00999887194484, -0.00346943503246, 0.0045738783665, -0.00490168249235, 0.00189156504348, 0.000450934865512, 0.000526412855834], [-0.00199184776284, 0.00159162015188, -0.00293761049397, 0.00237589864992, -0.0045687337406, 0.00319991260767, -0.00346943503246, 0.0163534060121, -0.00462272809818, 0.00322410417721, -0.0052050803788, 0.000806691183243, -0.0017948691966], [0.00177691201679, -0.00240052584559, 0.00235363305546, -0.00336340558715, 0.00281950621866, -0.00564403925091, 0.0045738783665, -0.00462272809818, 0.0138679966331, -0.00472897663713, 0.00527338311076, -0.00409172149375, -0.000561363704037], [-0.00220461399294, 0.00281334645115, -0.00280019780621, 0.00260460446589, -0.00126988033298, 0.00145182095002, -0.00490168249235, 0.00322410417721, -0.00472897663713, 0.0169993415475, -0.0093419579789, 0.00492756580934, -0.00346048851497], [0.00216013216414, -0.00212820642628, 0.00246047484688, -0.0034178593196, 0.000480602873722, -0.000789545301814, 0.00189156504348, -0.0052050803788, 0.00527338311076, -0.0093419579789, 0.0205754805356, -0.00845811609179, 0.00465768529102], [-0.000926666136365, 0.00150598830078, -0.000879921542946, 0.000290113908704, 0.000322223582771, -0.000144339035614, 0.000450934865512, 0.000806691183243, -0.00409172149375, 0.00492756580934, -0.00845811609179, 0.0193405542523, -0.00710972258821], [0.000952152360696, -0.00131123431493, 0.00136246078182, -0.000163521704962, 0.000415125425206, 9.7063370049e-005, 0.000526412855834, -0.0017948691966, -0.000561363704037, -0.00346048851497, 0.00465768529102, -0.00710972258821, 0.0161433760077]]
    },
    "spectral_contrast_coeffs": {
        "mean": [-0.651407599449, -0.768983662128, -0.750625491142, -0.706504166126, -0.653971552849, -0.78213852644],
        "var": [0.00540464185178, 0.00224746763706, 0.00359629280865, 0.00414926931262, 0.00402338663116, 0.00332975876518]
    },
    "spectral_contrast_valleys": {
        "mean": [-8.41911220551, -7.45289039612, -7.91636371613, -7.94248533249, -9.09838867188, -13.2404136658],
        "var": [1.38063907623, 0.970740497112, 1.1243429184, 1.29603052139, 1.71878504753, 1.13795256615]
    }
},
"metadata": {
    "audio_properties": {
        "analysis_sample_rate": 44100,
        "bit_rate": 105315,
        "equal_loudness": 0,
        "length": 45.0873451233,
        "lossless": 0,
        "replay_gain": -11.6732501984,
        "sample_rate": 44100,
        "codec": "mp3",
        "downmix": "mix",
        "md5_encoded": "8262e1c5e3b5590a6429db3068ae0312"
    },
    "tags": {
        "file_name": "119.mp3"
    },
    "version": {
        "essentia": "2.1-beta2",
        "essentia_git_sha": "v2.1_beta2",
        "extractor": "music 1.0"
    }
},
"rhythm": {
    "beats_count": 60,
    "beats_loudness": {
        "mean": 0.0128389466554,
        "var": 0.000105785795313
    },
    "bpm": 80.8329238892,
    "bpm_histogram_first_peak_bpm": {
        "mean": 81,
        "var": 0
    },
    "bpm_histogram_first_peak_spread": {
        "mean": 0.338983058929,
        "var": 0
    },
    "bpm_histogram_first_peak_weight": {
        "mean": 0.661016941071,
        "var": 0
    },
    "bpm_histogram_second_peak_bpm": {
        "mean": 0,
        "var": 0
    },
    "bpm_histogram_second_peak_spread": {
        "mean": 0,
        "var": 0
    },
    "bpm_histogram_second_peak_weight": {
        "mean": 0,
        "var": 0
    },
    "danceability": 0.868667304516,
    "onset_rate": 2.59396123886,
    "beats_loudness_band_ratio": {
        "mean": [0.206228330731, 0.122559510171, 0.081885881722, 0.17907628417, 0.413944780827, 0.0386322326958],
        "var": [0.0381786897779, 0.0156658757478, 0.00320436176844, 0.0133136818185, 0.0545651130378, 0.00265471776947]
    },
    "beats_position": [0.719818592072, 1.46285712719, 2.20589566231, 2.97215414047, 3.72680258751, 4.48145103455, 5.22448968887, 5.97913837433, 6.73378658295, 7.47682523727, 8.2198638916, 8.98612213135, 9.75238037109, 10.5302495956, 11.2965078354, 12.051156044, 12.7941951752, 13.5372333527, 14.2802715302, 15.0233106613, 15.7663488388, 16.5209980011, 17.2524261475, 17.9838542938, 18.7152824402, 19.4467124939, 20.1781406403, 20.8979587555, 21.6293869019, 22.3492050171, 23.0806350708, 23.800453186, 24.5202713013, 25.2516994476, 25.9831295013, 26.7261676788, 27.4808158875, 28.2586841583, 29.0365524292, 29.7679805756, 30.4878005981, 31.2076187134, 31.9274368286, 32.6936950684, 33.4599533081, 34.2262115479, 34.9808616638, 35.7355079651, 36.4785499573, 37.2215881348, 37.9646263123, 38.6844444275, 39.3926506042, 40.1124725342, 40.8438987732, 41.5753288269, 42.3067550659, 43.0497932434, 43.7928352356, 44.5358734131]
},
"tonal": {
    "chords_changes_rate": 0.0360082313418,
    "chords_number_rate": 0.00720164598897,
    "chords_strength": {
        "mean": 0.60569190979,
        "var": 0.0113441180438
    },
    "hpcp_entropy": {
        "mean": 2.11817860603,
        "var": 0.432320177555
    },
    "key_strength": 0.788465321064,
    "tuning_diatonic_strength": 0.717523515224,
    "tuning_equal_tempered_deviation": 0.168306663632,
    "tuning_frequency": 437.465789795,
    "tuning_nontempered_energy_ratio": 0.868512749672,
    "hpcp": {
        "mean": [0.0598905719817, 0.0362085253, 0.0935656800866, 0.19301892817, 0.181830480695, 0.113347835839, 0.137010827661, 0.134084433317, 0.0968544706702, 0.103795059025, 0.102284438908, 0.190819874406, 0.395774751902, 0.390190809965, 0.188953503966, 0.101327680051, 0.0998411253095, 0.162701845169, 0.277008652687, 0.245194137096, 0.113889075816, 0.0551780313253, 0.0654829517007, 0.133738398552, 0.149448812008, 0.0864012017846, 0.0865056142211, 0.185992985964, 0.212045565248, 0.137824773788, 0.0929779782891, 0.0917028486729, 0.200493261218, 0.430507451296, 0.448803663254, 0.210626870394],
        "var": [0.0132858688012, 0.00653472496197, 0.0233874190599, 0.0710536837578, 0.0578262284398, 0.0251535754651, 0.0560593754053, 0.0576640553772, 0.0214549601078, 0.0356309600174, 0.0301059596241, 0.0522000156343, 0.138748168945, 0.131318628788, 0.0474027022719, 0.0326660387218, 0.0299542173743, 0.0448306575418, 0.0914292410016, 0.0697001963854, 0.024792868644, 0.0101384557784, 0.011269855313, 0.0454041808844, 0.0523215606809, 0.016199644655, 0.0171262547374, 0.068834297359, 0.0930990278721, 0.0403502248228, 0.0311757121235, 0.0207244642079, 0.0453092418611, 0.0942085459828, 0.118027582765, 0.0618856102228]
    },
    "chords_histogram": [24.8971195221, 0, 9.15637874603, 0, 0, 0, 0, 0, 0, 0, 0, 0, 0, 0, 0, 0, 0, 9.56790161133, 0, 30.0411529541, 1.02880656719, 7.92181062698, 17.3868312836, 0],
    "thpcp": [1, 0.469307363033, 0.133444920182, 0.0806778743863, 0.208477973938, 0.430074304342, 0.405144810677, 0.252555519342, 0.305280089378, 0.298759669065, 0.215805888176, 0.231270521879, 0.227904647589, 0.425174504519, 0.881843864918, 0.869401991367, 0.421015948057, 0.225772842765, 0.222460582852, 0.362523436546, 0.617215692997, 0.546328306198, 0.253761470318, 0.122944697738, 0.145905569196, 0.297988653183, 0.332993745804, 0.19251447916, 0.192747116089, 0.41441950202, 0.472468435764, 0.307093679905, 0.207168489695, 0.204327315092, 0.446728229523, 0.959233343601],
    "chords_key": "G#",
    "chords_scale": "minor",
    "key_key": "C#",
    "key_scale": "major"
}
}