{
"lowlevel": {
    "average_loudness": 0.312189638615,
    "barkbands_crest": {
        "mean": 11.498085022,
        "var": 29.462272644
    },
    "barkbands_flatness_db": {
        "mean": 0.349561363459,
        "var": 0.00299332127906
    },
    "barkbands_kurtosis": {
        "mean": 3.95668506622,
        "var": 99.1487426758
    },
    "barkbands_skewness": {
        "mean": 1.17124569416,
        "var": 1.63851928711
    },
    "barkbands_spread": {
        "mean": 5.89781713486,
        "var": 9.95271587372
    },
    "dissonance": {
        "mean": 0.353286296129,
        "var": 0.00479700509459
    },
    "dynamic_complexity": 3.82934522629,
    "erbbands_crest": {
        "mean": 13.0729598999,
        "var": 23.5112838745
    },
    "erbbands_flatness_db": {
        "mean": 0.391486614943,
        "var": 0.00147618597839
    },
    "erbbands_kurtosis": {
        "mean": 1.54556524754,
        "var": 14.1787405014
    },
    "erbbands_skewness": {
        "mean": 0.444661766291,
        "var": 1.10936284065
    },
    "erbbands_spread": {
        "mean": 10.374835968,
        "var": 17.5894355774
    },
    "hfc": {
        "mean": 7.24926614761,
        "var": 93.0250396729
    },
    "melbands_crest": {
        "mean": 14.2326898575,
        "var": 38.2982177734
    },
    "melbands_flatness_db": {
        "mean": 0.435551315546,
        "var": 0.00370228267275
    },
    "melbands_kurtosis": {
        "mean": 4.32230615616,
        "var": 79.283203125
    },
    "melbands_skewness": {
        "mean": 1.23153424263,
        "var": 1.11275231838
    },
    "melbands_spread": {
        "mean": 10.1817092896,
        "var": 41.0833702087
    },
    "pitch_salience": {
        "mean": 0.540128350258,
        "var": 0.0203719567508
    },
    "silence_rate_20dB": {
        "mean": 1,
        "var": 0
    },
    "silence_rate_30dB": {
        "mean": 0.991761088371,
        "var": 0.00817099865526
    },
    "silence_rate_60dB": {
        "mean": 0.179711639881,
        "var": 0.14741577208
    },
    "spectral_centroid": {
        "mean": 605.001525879,
        "var": 89064.0078125
    },
    "spectral_complexity": {
        "mean": 9.02214241028,
        "var": 8.90429115295
    },
    "spectral_decrease": {
        "mean": -3.44914652395e-009,
        "var": 2.42131365921e-017
    },
    "spectral_energy": {
        "mean": 0.0136754019186,
        "var": 0.000377594435122
    },
    "spectral_energyband_high": {
        "mean": 3.75015730469e-007,
        "var": 1.38165531533e-012
    },
    "spectral_energyband_low": {
        "mean": 0.000278480438283,
        "var": 3.1534068512e-007
    },
    "spectral_energyband_middle_high": {
        "mean": 0.00192846090067,
        "var": 4.12416511608e-006
    },
    "spectral_energyband_middle_low": {
        "mean": 0.0118562402204,
        "var": 0.000339908991009
    },
    "spectral_entropy": {
        "mean": 5.63516950607,
        "var": 0.239485099912
    },
    "spectral_flux": {
        "mean": 0.0263185724616,
        "var": 0.00134512479417
    },
    "spectral_kurtosis": {
        "mean": 92.4275741577,
        "var": 1746.8449707
    },
    "spectral_rms": {
        "mean": 0.00314751593396,
        "var": 3.43499687006e-006
    },
    "spectral_rolloff": {
        "mean": 864.436218262,
        "var": 271949.9375
    },
    "spectral_skewness": {
        "mean": 6.5866189003,
        "var": 5.20634794235
    },
    "spectral_spread": {
        "mean": 944529.125,
        "var": 1.03788989645e+012
    },
    "spectral_strongpeak": {
        "mean": 1.14717257023,
        "var": 1.00818622112
    },
    "zerocrossingrate": {
        "mean": 0.0292848069221,
        "var": 0.000205228701816
    },
    "barkbands": {
        "mean": [5.03697378917e-007, 1.2515837625e-005, 8.12028738437e-005, 0.000427904946264, 0.00131367449649, 0.00267528719269, 0.00541990157217, 0.000786789110862, 0.000800135196187, 0.000674150593113, 0.000376527750632, 0.000670368142892, 0.00010689895862, 8.05663003121e-005, 0.000138743518619, 7.15193891665e-005, 2.55092327279e-005, 8.66086611495e-006, 3.78104778065e-006, 6.40241466954e-007, 8.43303098463e-008, 2.98793807474e-008, 1.19376357688e-008, 5.12975795175e-009, 5.22148058124e-009, 4.68398653197e-009, 8.86679618617e-010],
        "var": [1.77035393723e-012, 9.50529988053e-010, 4.25749639987e-008, 5.54359587568e-007, 3.19667674376e-006, 5.29273893335e-005, 0.000209681835258, 5.67486495129e-006, 4.97181599712e-006, 2.17119463741e-006, 3.31461819769e-007, 7.41846406527e-007, 2.64653934323e-008, 3.68723611643e-008, 8.02468136385e-008, 1.34574762001e-007, 2.7647131251e-009, 7.22722326429e-010, 1.34301431087e-010, 5.45592000398e-012, 1.17554024241e-013, 1.70228787392e-014, 7.6417042453e-015, 3.41007671861e-015, 3.38573955622e-015, 3.53225931543e-015, 3.24936541702e-018]
    },
    "erbbands": {
        "mean": [0.000260095694102, 0.00434413133189, 0.0682408735156, 0.857373714447, 3.38536286354, 3.38231563568, 10.9780244827, 22.5364570618, 70.5306472778, 51.3450050354, 21.4796447754, 17.9177055359, 24.6788234711, 18.8998146057, 16.8783760071, 24.3731651306, 6.75611400604, 4.84864759445, 5.94245529175, 5.69195365906, 3.06057286263, 1.11230707169, 0.62218362093, 0.383202344179, 0.0820601209998, 0.0256762262434, 0.0103691052645, 0.00239318888634, 0.00119938363787, 0.000512210885063, 0.00038468540879, 0.000136203292641, 8.51464865264e-005, 6.45282052574e-005, 4.75374545204e-005, 2.97183378279e-005, 1.15935572467e-005, 2.74743183581e-006, 6.73361410009e-006, 1.5488905774e-005],
        "var": [3.05189303162e-007, 8.75202240422e-005, 0.0225727576762, 2.20098733902, 43.3150138855, 21.8430805206, 503.402496338, 5104.68505859, 34370.796875, 19695.7265625, 1295.43164063, 3018.60571289, 3442.38012695, 756.523254395, 375.109863281, 1247.38537598, 84.9685592651, 101.504310608, 174.324325562, 130.793685913, 174.300048828, 4.97152996063, 2.85558462143, 0.976068019867, 0.0596262179315, 0.00654050661251, 0.00100864574779, 6.51201917208e-005, 2.28585922741e-005, 8.28722841106e-006, 7.9386318248e-006, 1.85584417522e-006, 7.96862480001e-007, 4.20703514692e-007, 1.73336133003e-007, 5.32248840557e-008, 1.19806031762e-008, 3.65016461501e-010, 8.81438949607e-011, 4.7901949074e-010]
    },
    "gfcc": {
        "mean": [-214.390869141, 220.193588257, -151.369934082, -75.2194595337, -37.75182724, -34.0810050964, -43.5669136047, -15.5180273056, -22.3114376068, -20.2356033325, -8.81842327118, -11.1174821854, -4.30858278275],
        "cov": [[3444.51782227, 424.810943604, -1076.48034668, 603.688720703, 486.10067749, -388.772827148, 367.769592285, 29.7414093018, 192.592346191, 113.139396667, 170.544769287, -79.0804443359, 77.3634567261], [424.810943604, 378.96484375, 161.108459473, 99.5419387817, 135.461273193, 18.9619216919, 36.6887207031, 6.68102264404, -13.1853160858, -63.1102333069, -54.8566856384, -88.3598403931, -32.391998291], [-1076.48034668, 161.108459473, 939.973327637, -151.16645813, -203.711715698, 129.999572754, -139.218154907, -18.0544338226, -14.2201719284, -15.1733160019, -87.8030014038, -2.1614522934, -71.2695007324], [603.688720703, 99.5419387817, -151.16645813, 378.600494385, 191.039352417, -17.0286216736, 141.189605713, 38.897819519, 48.038269043, 11.5784025192, -18.2229690552, -57.3327217102, -18.267244339], [486.10067749, 135.461273193, -203.711715698, 191.039352417, 233.908676147, 26.5993423462, 89.2187194824, 34.7060928345, -15.0638561249, -48.6812705994, -46.1072311401, -60.4047698975, -12.1134138107], [-388.772827148, 18.9619216919, 129.999572754, -17.0286216736, 26.5993423462, 202.282440186, 16.4887638092, 5.53753662109, -72.0037307739, -65.9345855713, -108.102272034, -40.5695266724, -62.2004356384], [367.769592285, 36.6887207031, -139.218154907, 141.189605713, 89.2187194824, 16.4887638092, 129.832580566, 21.7949085236, 6.96147918701, 23.2491397858, 3.07593131065, -36.6573867798, -17.0425376892], [29.7414093018, 6.68102264404, -18.0544338226, 38.897819519, 34.7060928345, 5.53753662109, 21.7949085236, 49.0984344482, 17.4740562439, -7.32652759552, -4.56501817703, -8.08497524261, -14.4192113876], [192.592346191, -13.1853160858, -14.2201719284, 48.038269043, -15.0638561249, -72.0037307739, 6.96147918701, 17.4740562439, 102.280647278, 62.7354049683, 54.8214378357, 26.2628383636, 15.5061359406], [113.139396667, -63.1102333069, -15.1733160019, 11.5784025192, -48.6812705994, -65.9345855713, 23.2491397858, -7.32652759552, 62.7354049683, 122.482658386, 103.067382813, 32.7587547302, 19.2286262512], [170.544769287, -54.8566856384, -87.8030014038, -18.2229690552, -46.1072311401, -108.102272034, 3.07593131065, -4.56501817703, 54.8214378357, 103.067382813, 162.290710449, 60.2631568909, 33.3419952393], [-79.0804443359, -88.3598403931, -2.1614522934, -57.3327217102, -60.4047698975, -40.5695266724, -36.6573867798, -8.08497524261, 26.2628383636, 32.7587547302, 60.2631568909, 94.9519577026, 48.6580200195], [77.3634567261, -32.391998291, -71.2695007324, -18.267244339, -12.1134138107, -62.2004356384, -17.0425376892, -14.4192113876, 15.5061359406, 19.2286262512, 33.3419952393, 48.6580200195, 95.1457901001]],
        "icov": [[0.00253978394903, -0.00491784419864, 0.00327720819041, -0.000647888169624, 0.000421604228904, 0.00348665053025, -0.00283740554005, 0.00188540678937, -0.0015477957204, -0.00306604267098, 0.00330578139983, -0.00376670551486, 0.00234132842161], [-0.00491784419864, 0.0189075153321, -0.011103396304, 0.00374680338427, -0.0093623381108, -0.00393764069304, -4.53651955468e-005, 0.00269144237973, -0.00171143223997, 0.0154162896797, -0.0124965254217, 0.0144296595827, -0.00636527966708], [0.00327720819041, -0.011103396304, 0.00864402297884, -0.00295527069829, 0.00668875128031, 0.00171056529507, 0.00169117376208, -0.00140632910188, 0.000308448419673, -0.0100487088785, 0.0084133753553, -0.00801426824182, 0.00465305056423], [-0.000647888169624, 0.00374680338427, -0.00295527069829, 0.00841812137514, -0.00747192371637, 0.00201176851988, -0.00677220383659, 0.00252848863602, -0.00447755260393, 0.00309165031649, -0.0005529455957, 0.00225056894124, -0.000113304100523], [0.000421604228904, -0.0093623381108, 0.00668875128031, -0.00747192371637, 0.0203951764852, -0.00428011408076, 0.00437620840967, -0.00921689998358, 0.00505178188905, -0.00437425402924, 0.00400720769539, -0.00273585808463, -0.000713296292815], [0.00348665053025, -0.00393764069304, 0.00171056529507, 0.00201176851988, -0.00428011408076, 0.0187074877322, -0.00997596699744, 0.00350588723086, 0.0024768775329, -0.00436020549387, 0.0109398402274, -0.00847340282053, 0.00889848545194], [-0.00283740554005, -4.53651955468e-005, 0.00169117376208, -0.00677220383659, 0.00437620840967, -0.00997596699744, 0.0275516156107, -0.0109758470207, 0.0084603112191, -0.0112068196759, -6.57811397105e-005, 0.00419098930433, -0.00166878220625], [0.00188540678937, 0.00269144237973, -0.00140632910188, 0.00252848863602, -0.00921689998358, 0.00350588723086, -0.0109758470207, 0.0352950841188, -0.0145298838615, 0.011982110329, -0.00438305968419, 0.00024320576631, 0.00467471266165], [-0.0015477957204, -0.00171143223997, 0.000308448419673, -0.00447755260393, 0.00505178188905, 0.0024768775329, 0.0084603112191, -0.0145298838615, 0.0265404824167, -0.0153066646308, 0.00583694083616, -0.00568344444036, 0.00125223770738], [-0.00306604267098, 0.0154162896797, -0.0100487088785, 0.00309165031649, -0.00437425402924, -0.00436020549387, -0.0112068196759, 0.011982110329, -0.0153066646308, 0.0439299494028, -0.0272714290768, 0.0158126279712, -0.00770431291312], [0.00330578139983, -0.0124965254217, 0.0084133753553, -0.0005529455957, 0.00400720769539, 0.0109398402274, -6.57811397105e-005, -0.00438305968419, 0.00583694083616, -0.0272714290768, 0.0318959206343, -0.0195802319795, 0.0096358442679], [-0.00376670551486, 0.0144296595827, -0.00801426824182, 0.00225056894124, -0.00273585808463, -0.00847340282053, 0.00419098930433, 0.00024320576631, -0.00568344444036, 0.0158126279712, -0.0195802319795, 0.0350285507739, -0.0160176400095], [0.00234132842161, -0.00636527966708, 0.00465305056423, -0.000113304100523, -0.000713296292815, 0.00889848545194, -0.00166878220625, 0.00467471266165, 0.00125223770738, -0.00770431291312, 0.0096358442679, -0.0160176400095, 0.0222067888826]]
    },
    "melbands": {
        "mean": [2.92301342597e-006, 2.25712046813e-005, 0.000222375296289, 0.000238943524892, 0.000315030425554, 0.00052037590649, 0.00117214513011, 0.000463480711915, 0.00016539223725, 0.000113960690214, 0.000119211079436, 7.15084679541e-005, 5.09940764459e-005, 7.5931828178e-005, 3.34314790962e-005, 1.03980910353e-005, 8.84589371708e-006, 7.84253370512e-006, 1.03009169834e-005, 7.16667318557e-006, 2.60877686742e-006, 1.19124297271e-006, 8.74782188021e-007, 4.50022469067e-007, 3.15331305956e-007, 4.31503330844e-008, 4.36589573383e-008, 1.17127223476e-008, 8.9845819673e-009, 1.83224013739e-009, 1.03942754404e-009, 7.1490846576e-010, 4.73348082952e-010, 2.02442715369e-010, 2.90366258815e-010, 7.68877045365e-011, 6.99301033746e-011, 5.2969781339e-011, 4.77638414931e-011, 4.61977262001e-011],
        "var": [4.75599594429e-011, 2.98983193758e-009, 1.26180310644e-007, 1.40836846185e-007, 3.7983457446e-007, 2.55414192907e-006, 9.07947560336e-006, 1.61922696407e-006, 8.17644050244e-008, 1.42647550661e-007, 8.41413907438e-008, 1.23355263781e-008, 3.4854734654e-009, 9.33750410326e-009, 3.46362960535e-009, 3.06997177679e-010, 4.82887840825e-010, 3.44565681543e-010, 5.18010856432e-010, 9.95183824237e-010, 9.60681326156e-011, 5.18421156698e-012, 1.00836535302e-011, 2.46321994919e-012, 7.68684811983e-013, 1.77981341145e-014, 2.15514539943e-014, 1.42406503697e-015, 8.50086765727e-016, 3.3811712296e-017, 1.67455799781e-017, 8.92405375496e-018, 6.46507450928e-018, 1.71521483482e-018, 5.05687024035e-018, 9.04119679856e-019, 6.28740448891e-019, 4.1584972427e-019, 3.04354592342e-019, 2.94397948555e-019]
    },
    "mfcc": {
        "mean": [-831.366333008, 235.584884644, -26.289478302, -45.507106781, -7.11003303528, -23.4362449646, -22.8482875824, -11.6001443863, -14.7217092514, -15.7700138092, -13.6207704544, -11.0265197754, -4.31810045242],
        "cov": [[2488.32739258, 717.11315918, -1176.87609863, 479.606109619, 421.164031982, -167.464782715, 217.555618286, 130.99961853, 0.40632262826, 181.13520813, 143.247207642, 86.0322570801, 119.12109375], [717.11315918, 433.358123779, -113.587356567, 128.198760986, 166.234039307, -8.3003911972, 35.7358932495, 52.1491966248, 16.6429176331, 42.8328399658, 34.7332038879, -3.38210678101, 1.92733883858], [-1176.87609863, -113.587356567, 951.390991211, -69.2517166138, -174.790359497, 135.055892944, -113.746231079, -77.5352020264, 47.3615188599, -52.849193573, -57.8253173828, -38.2808303833, -63.423789978], [479.606109619, 128.198760986, -69.2517166138, 330.0519104, 121.667610168, -27.5315589905, 65.6909637451, 13.4888439178, 39.4777145386, 83.3343429565, 41.1287651062, 50.6425361633, 47.3556213379], [421.164031982, 166.234039307, -174.790359497, 121.667610168, 190.797851563, 13.246462822, 39.6231613159, 73.4292297363, 33.34425354, 28.4989528656, 5.71516466141, -9.39246559143, -11.8073186874], [-167.464782715, -8.3003911972, 135.055892944, -27.5315589905, 13.246462822, 126.388572693, 62.4901847839, 19.6061782837, 36.3197937012, 14.6126327515, -15.2331237793, -34.4372940063, -42.9719696045], [217.555618286, 35.7358932495, -113.746231079, 65.6909637451, 39.6231613159, 62.4901847839, 152.464157104, 52.5169525146, 12.7204799652, 57.4201316833, 26.8956432343, -3.21708869934, 3.03012251854], [130.99961853, 52.1491966248, -77.5352020264, 13.4888439178, 73.4292297363, 19.6061782837, 52.5169525146, 103.805625916, 54.2366828918, -0.362124204636, -17.3874378204, -15.8918991089, -15.7938318253], [0.40632262826, 16.6429176331, 47.3615188599, 39.4777145386, 33.34425354, 36.3197937012, 12.7204799652, 54.2366828918, 99.0055160522, 19.4909954071, -38.2013206482, -5.55192375183, -18.7736854553], [181.13520813, 42.8328399658, -52.849193573, 83.3343429565, 28.4989528656, 14.6126327515, 57.4201316833, -0.362124204636, 19.4909954071, 81.8180923462, 45.9871177673, 14.4773340225, 19.9886302948], [143.247207642, 34.7332038879, -57.8253173828, 41.1287651062, 5.71516466141, -15.2331237793, 26.8956432343, -17.3874378204, -38.2013206482, 45.9871177673, 86.2179946899, 37.9669189453, 24.9596500397], [86.0322570801, -3.38210678101, -38.2808303833, 50.6425361633, -9.39246559143, -34.4372940063, -3.21708869934, -15.8918991089, -5.55192375183, 14.4773340225, 37.9669189453, 86.3470840454, 74.178237915], [119.12109375, 1.92733883858, -63.423789978, 47.3556213379, -11.8073186874, -42.9719696045, 3.03012251854, -15.7938318253, -18.7736854553, 19.9886302948, 24.9596500397, 74.178237915, 125.553131104]],
        "icov": [[0.0607629828155, -0.0836285278201, 0.0821204185486, -0.077584207058, 0.0714476332068, -0.0630866885185, 0.0549848228693, -0.04557191208, 0.0333616584539, -0.0264122933149, 0.0141432695091, -0.00867892522365, 0.00395678682253], [-0.0836285278201, 0.119412638247, -0.114635229111, 0.109326384962, -0.106482088566, 0.093729108572, -0.082809895277, 0.0707085207105, -0.0544723905623, 0.0429855622351, -0.0266016889364, 0.0170090999454, -0.00842283666134], [0.0821204185486, -0.114635229111, 0.116019353271, -0.111753061414, 0.109147787094, -0.101401731372, 0.0907425433397, -0.0762686356902, 0.0585112534463, -0.0451612062752, 0.0267782453448, -0.0165173374116, 0.00875325780362], [-0.077584207058, 0.109326384962, -0.111753061414, 0.11792588979, -0.117791973054, 0.111781187356, -0.104792565107, 0.0961111932993, -0.0796026214957, 0.0572258532047, -0.0384132228792, 0.0225431229919, -0.0138955563307], [0.0714476332068, -0.106482088566, 0.109147787094, -0.117791973054, 0.138417825103, -0.128575503826, 0.126935452223, -0.12698841095, 0.108916148543, -0.0859468355775, 0.0606700032949, -0.0388320013881, 0.0242353715003], [-0.0630866885185, 0.093729108572, -0.101401731372, 0.111781187356, -0.128575503826, 0.145834848285, -0.139523014426, 0.133073031902, -0.123258970678, 0.0935773253441, -0.0675925239921, 0.046608235687, -0.0244677104056], [0.0549848228693, -0.082809895277, 0.0907425433397, -0.104792565107, 0.126935452223, -0.139523014426, 0.154092177749, -0.153078943491, 0.144430533051, -0.1214312464, 0.085071541369, -0.0570693314075, 0.0334101952612], [-0.04557191208, 0.0707085207105, -0.0762686356902, 0.0961111932993, -0.12698841095, 0.133073031902, -0.153078943491, 0.183041021228, -0.175653517246, 0.14645716548, -0.109712876379, 0.0765406116843, -0.0452952794731], [0.0333616584539, -0.0544723905623, 0.0585112534463, -0.0796026214957, 0.108916148543, -0.123258970678, 0.144430533051, -0.175653517246, 0.200128957629, -0.166283354163, 0.137153431773, -0.0952032506466, 0.0566185079515], [-0.0264122933149, 0.0429855622351, -0.0451612062752, 0.0572258532047, -0.0859468355775, 0.0935773253441, -0.1214312464, 0.14645716548, -0.166283354163, 0.169048056006, -0.128515049815, 0.0874969810247, -0.0526219196618], [0.0141432695091, -0.0266016889364, 0.0267782453448, -0.0384132228792, 0.0606700032949, -0.0675925239921, 0.085071541369, -0.109712876379, 0.137153431773, -0.128515049815, 0.122182972729, -0.0814246535301, 0.0465076342225], [-0.00867892522365, 0.0170090999454, -0.0165173374116, 0.0225431229919, -0.0388320013881, 0.046608235687, -0.0570693314075, 0.0765406116843, -0.0952032506466, 0.0874969810247, -0.0814246535301, 0.0803700983524, -0.0450293384492], [0.00395678682253, -0.00842283666134, 0.00875325780362, -0.0138955563307, 0.0242353715003, -0.0244677104056, 0.0334101952612, -0.0452952794731, 0.0566185079515, -0.0526219196618, 0.0465076342225, -0.0450293384492, 0.0356053374708]]
    },
    "spectral_contrast_coeffs": {
        "mean": [-0.487979799509, -0.622014701366, -0.652664124966, -0.703788101673, -0.696009099483, -0.860172629356],
        "var": [0.00513174477965, 0.0127188097686, 0.00377064710483, 0.00304982787929, 0.00311987753958, 0.00124445883557]
    },
    "spectral_contrast_valleys": {
        "mean": [-10.0197372437, -7.44603347778, -8.32873535156, -9.51748657227, -11.8005971909, -14.2301702499],
        "var": [1.14668488503, 0.920374453068, 0.710698485374, 0.747811794281, 0.70113837719, 0.280136287212]
    }
},
"metadata": {
    "audio_properties": {
        "analysis_sample_rate": 44100,
        "bit_rate": 128074,
        "equal_loudness": 0,
        "length": 45.0612258911,
        "lossless": 0,
        "replay_gain": -5.97319602966,
        "sample_rate": 44100,
        "codec": "mp3",
        "downmix": "mix",
        "md5_encoded": "47af677ff329a95c5e92514d551b69bc"
    },
    "tags": {
        "file_name": "1190.mp3"
    },
    "version": {
        "essentia": "2.1-beta2",
        "essentia_git_sha": "v2.1_beta2",
        "extractor": "music 1.0"
    }
},
"rhythm": {
    "beats_count": 114,
    "beats_loudness": {
        "mean": 0.0218693390489,
        "var": 0.000611963390838
    },
    "bpm": 155.103057861,
    "bpm_histogram_first_peak_bpm": {
        "mean": 157,
        "var": 0
    },
    "bpm_histogram_first_peak_spread": {
        "mean": 0.392156898975,
        "var": 0
    },
    "bpm_histogram_first_peak_weight": {
        "mean": 0.274336278439,
        "var": 0
    },
    "bpm_histogram_second_peak_bpm": {
        "mean": 148,
        "var": 0
    },
    "bpm_histogram_second_peak_spread": {
        "mean": 0.625,
        "var": 0
    },
    "bpm_histogram_second_peak_weight": {
        "mean": 0.159292042255,
        "var": 0
    },
    "danceability": 0.963334083557,
    "onset_rate": 2.26256680489,
    "beats_loudness_band_ratio": {
        "mean": [0.133814260364, 0.316818803549, 0.425940155983, 0.190670728683, 0.050530616194, 0.000575816433411],
        "var": [0.0282771121711, 0.0457310564816, 0.0482884012163, 0.0172036979347, 0.00520170573145, 9.53923859015e-007]
    },
    "beats_position": [0.359909296036, 0.719818592072, 1.09133780003, 1.46285712719, 1.83437633514, 2.20589566231, 2.60063481331, 2.99537420273, 3.3785033226, 3.76163268089, 4.13315200806, 4.52789115906, 4.91102027893, 5.31736946106, 5.72371864319, 6.15328788757, 6.54802703857, 6.94276618958, 7.32589578629, 7.70902490616, 8.11537361145, 8.53333282471, 8.95129203796, 9.38086128235, 9.79882049561, 10.2167797089, 10.5882987976, 10.95981884, 11.354557991, 11.7725172043, 12.1904764175, 12.6200447083, 13.0031747818, 13.3979139328, 13.7694330215, 14.1641721725, 14.5473012924, 14.9768705368, 15.3948297501, 15.8127889633, 16.2191371918, 16.6254863739, 17.0086174011, 17.4149665833, 17.8213157654, 18.2392749786, 18.6340141296, 19.0403633118, 19.4118824005, 19.7950115204, 20.1781406403, 20.5612697601, 20.9676189423, 21.3855781555, 21.8035373688, 22.2098865509, 22.5930156708, 22.9877548218, 23.3708839417, 23.7772331238, 24.2068023682, 24.6363716125, 25.0659408569, 25.4839000702, 25.8670291901, 26.2385482788, 26.5984573364, 26.958366394, 27.353105545, 27.747844696, 28.1309738159, 28.5141029358, 28.8856239319, 29.2687530518, 29.6286621094, 30.0001811981, 30.383310318, 30.7896595001, 31.2076187134, 31.6139678955, 31.9970970154, 32.3686180115, 32.7053070068, 33.0652160645, 33.4367332458, 33.8198623657, 34.2029914856, 34.5745124817, 34.9460296631, 35.329158783, 35.7238998413, 36.1302490234, 36.5482063293, 36.96616745, 37.3492965698, 37.7324256897, 38.1155548096, 38.4986839294, 38.8585929871, 39.2417221069, 39.613243103, 40.0195922852, 40.4143295288, 40.8090705872, 41.192199707, 41.5637168884, 41.9352378845, 42.3067550659, 42.6898841858, 43.0962333679, 43.50258255, 43.9089317322, 44.2920608521, 44.6751937866]
},
"tonal": {
    "chords_changes_rate": 0.0339506156743,
    "chords_number_rate": 0.00925925932825,
    "chords_strength": {
        "mean": 0.493916869164,
        "var": 0.00704604899511
    },
    "hpcp_entropy": {
        "mean": 0.900448858738,
        "var": 0.392822235823
    },
    "key_strength": 0.775232434273,
    "tuning_diatonic_strength": 0.479186475277,
    "tuning_equal_tempered_deviation": 0.00706933159381,
    "tuning_frequency": 440.508636475,
    "tuning_nontempered_energy_ratio": 0.590022861958,
    "hpcp": {
        "mean": [0.1869725734, 0.10311653465, 0.140877023339, 0.257675409317, 0.128966510296, 0.019567258656, 0.0209744423628, 0.0105668352917, 0.0792656466365, 0.144053190947, 0.086570315063, 0.0656816661358, 0.0634344667196, 0.0204021465033, 0.130280435085, 0.246920734644, 0.131462320685, 0.13290591538, 0.247890517116, 0.130283862352, 0.0216604955494, 0.0287151411176, 0.0156008210033, 0.0286934301257, 0.050145663321, 0.0279392264783, 0.0703232958913, 0.115726076066, 0.0584836341441, 0.198782607913, 0.335940778255, 0.151127278805, 0.00984547939152, 0.00772550329566, 0.00640185922384, 0.0952135324478],
        "var": [0.118143483996, 0.0313878618181, 0.0360065624118, 0.126207485795, 0.0323690474033, 0.00130219268613, 0.00149611278903, 0.000360854581231, 0.0299684237689, 0.0990850701928, 0.025967290625, 0.0132913812995, 0.0156361348927, 0.001528346329, 0.0316659584641, 0.111043512821, 0.0357149802148, 0.0409290902317, 0.149632945657, 0.044084481895, 0.00397863332182, 0.00656746840104, 0.00188197684474, 0.00548322079703, 0.0187088232487, 0.0051638437435, 0.0315223261714, 0.0852607637644, 0.0166196227074, 0.0565689206123, 0.16012057662, 0.0330880209804, 0.0017450164305, 0.0013830967946, 0.00113233784214, 0.0325341932476]
    },
    "chords_histogram": [28.9094657898, 1.23456788063, 3.08641982079, 0, 2.77777767181, 0, 0, 0, 0, 17.0781898499, 2.16049385071, 0, 0, 0, 0, 0, 3.08641982079, 0.411522626877, 0, 0, 0, 0, 24.2798347473, 16.9753093719],
    "thpcp": [1, 0.449862867594, 0.0293071884662, 0.022996623069, 0.0190565120429, 0.283423572779, 0.556564092636, 0.306948542595, 0.419350773096, 0.767026305199, 0.383896559477, 0.0582461543381, 0.0624349415302, 0.0314544588327, 0.235951244831, 0.428805321455, 0.257695168257, 0.195515602827, 0.188826337457, 0.0607313774526, 0.387807756662, 0.735012710094, 0.391325891018, 0.395623058081, 0.73789948225, 0.387817949057, 0.0644771233201, 0.0854767933488, 0.0464392006397, 0.0854121670127, 0.149269357324, 0.0831671208143, 0.209332421422, 0.344483554363, 0.174089118838, 0.591719210148],
    "chords_key": "G",
    "chords_scale": "minor",
    "key_key": "G",
    "key_scale": "minor"
}
}