{
"lowlevel": {
    "average_loudness": 0.806290149689,
    "barkbands_crest": {
        "mean": 14.6968832016,
        "var": 36.9961967468
    },
    "barkbands_flatness_db": {
        "mean": 0.403465330601,
        "var": 0.0216749720275
    },
    "barkbands_kurtosis": {
        "mean": 57.3554801941,
        "var": 274538.78125
    },
    "barkbands_skewness": {
        "mean": 2.22307443619,
        "var": 24.5152206421
    },
    "barkbands_spread": {
        "mean": 6.51272344589,
        "var": 23.8069858551
    },
    "dissonance": {
        "mean": 0.33449241519,
        "var": 0.00790824461728
    },
    "dynamic_complexity": 4.19765710831,
    "erbbands_crest": {
        "mean": 17.0915222168,
        "var": 37.826877594
    },
    "erbbands_flatness_db": {
        "mean": 0.393765836954,
        "var": 0.00903957150877
    },
    "erbbands_kurtosis": {
        "mean": 9.26126289368,
        "var": 384.989349365
    },
    "erbbands_skewness": {
        "mean": 1.16874849796,
        "var": 3.06955647469
    },
    "erbbands_spread": {
        "mean": 9.22965240479,
        "var": 41.7859535217
    },
    "hfc": {
        "mean": 13.6535253525,
        "var": 193.011550903
    },
    "melbands_crest": {
        "mean": 17.0100841522,
        "var": 47.0881614685
    },
    "melbands_flatness_db": {
        "mean": 0.500254333019,
        "var": 0.0256096366793
    },
    "melbands_kurtosis": {
        "mean": 15.6073007584,
        "var": 1107.55822754
    },
    "melbands_skewness": {
        "mean": 1.61974132061,
        "var": 5.17288637161
    },
    "melbands_spread": {
        "mean": 9.47544574738,
        "var": 60.7912445068
    },
    "pitch_salience": {
        "mean": 0.406293928623,
        "var": 0.0251993946731
    },
    "silence_rate_20dB": {
        "mean": 1,
        "var": 0
    },
    "silence_rate_30dB": {
        "mean": 0.994850695133,
        "var": 0.00512280547991
    },
    "silence_rate_60dB": {
        "mean": 0.0895983502269,
        "var": 0.0815689861774
    },
    "spectral_centroid": {
        "mean": 514.548461914,
        "var": 47773.125
    },
    "spectral_complexity": {
        "mean": 9.78630256653,
        "var": 32.2063064575
    },
    "spectral_decrease": {
        "mean": -7.41259942316e-009,
        "var": 3.35687528065e-017
    },
    "spectral_energy": {
        "mean": 0.0292152594775,
        "var": 0.000527787429746
    },
    "spectral_energyband_high": {
        "mean": 1.05792901195e-006,
        "var": 1.78998114074e-012
    },
    "spectral_energyband_low": {
        "mean": 0.00833173375577,
        "var": 0.000109805172542
    },
    "spectral_energyband_middle_high": {
        "mean": 0.00513329030946,
        "var": 5.90411400481e-005
    },
    "spectral_energyband_middle_low": {
        "mean": 0.0178017597646,
        "var": 0.000271566532319
    },
    "spectral_entropy": {
        "mean": 5.29666376114,
        "var": 1.38196778297
    },
    "spectral_flux": {
        "mean": 0.0478442907333,
        "var": 0.00102444726508
    },
    "spectral_kurtosis": {
        "mean": 109.321052551,
        "var": 11852.3359375
    },
    "spectral_rms": {
        "mean": 0.00486048264429,
        "var": 4.87837223773e-006
    },
    "spectral_rolloff": {
        "mean": 591.112304688,
        "var": 243408.265625
    },
    "spectral_skewness": {
        "mean": 7.31622505188,
        "var": 17.9575328827
    },
    "spectral_spread": {
        "mean": 1145357,
        "var": 1.56256344474e+012
    },
    "spectral_strongpeak": {
        "mean": 1.58736383915,
        "var": 2.63980865479
    },
    "zerocrossingrate": {
        "mean": 0.0224521365017,
        "var": 0.000205937743885
    },
    "barkbands": {
        "mean": [6.80646044202e-005, 0.00539399124682, 0.00245579937473, 0.000530733377673, 0.00336341559887, 0.00363541510887, 0.00151915941387, 0.000998705741949, 0.00425947969779, 0.00552844116464, 0.000104087033833, 0.000325827742927, 0.000219910783926, 0.000404864113079, 0.000313825235935, 5.52994461032e-005, 2.70853252005e-005, 4.42189684691e-006, 4.67516792924e-006, 1.23822235309e-006, 6.03572914315e-007, 1.55883924435e-007, 3.30230776058e-008, 2.99492413092e-008, 3.29061435878e-008, 6.48509068668e-009, 1.58166546527e-009],
        "var": [1.11466400554e-008, 4.26732476626e-005, 2.96115740639e-005, 1.2506652638e-006, 4.58662216261e-005, 3.25700711983e-005, 1.7249791199e-005, 2.53776602221e-006, 4.76073291793e-005, 9.22460531001e-005, 2.97684081829e-008, 2.37977928919e-007, 1.2310584907e-007, 6.98541327893e-007, 2.93616324143e-007, 7.64453922386e-009, 1.31017374727e-009, 3.12617536025e-011, 3.91740979933e-011, 4.26907120765e-012, 5.83318658133e-013, 8.00119722539e-014, 4.43220874024e-015, 2.60209791946e-015, 6.17187338292e-015, 4.15839999315e-016, 1.8595916834e-017]
    },
    "erbbands": {
        "mean": [0.150223135948, 1.23525166512, 2.60532855988, 2.82657146454, 3.50033211708, 13.6934537888, 18.9622707367, 31.6308555603, 31.8977489471, 19.8976192474, 27.2541637421, 124.478904724, 163.314071655, 83.2531433105, 9.69723129272, 17.7866897583, 12.4225673676, 22.4526863098, 14.855474472, 12.6298904419, 2.85191249847, 0.994431853294, 0.472027957439, 0.251700371504, 0.201835408807, 0.0755876302719, 0.029732728377, 0.0149084432051, 0.00555874314159, 0.00219957367517, 0.000975477509201, 0.000705932732671, 0.00044349450036, 0.000443024968263, 0.000222701783059, 6.5723717853e-005, 1.7556374587e-005, 3.67724419448e-006, 1.41651080412e-005, 3.28874448314e-005],
        "var": [0.0295879989862, 2.60974907875, 24.1995868683, 42.478603363, 51.9114303589, 829.343078613, 838.469787598, 2633.8112793, 7384.05615234, 935.697753906, 1648.39245605, 39488.8984375, 104494.96875, 44954.59375, 195.004699707, 650.509094238, 318.23828125, 1936.02929688, 907.335388184, 484.056427002, 14.3959970474, 1.48380744457, 0.450346261263, 0.0903919264674, 0.10586912185, 0.0105475708842, 0.00143063964788, 0.000370147870854, 6.29738569842e-005, 3.33908938046e-005, 2.48799779001e-006, 1.91072149391e-006, 5.42767566003e-007, 1.38611267175e-006, 2.81633020904e-007, 2.30068142315e-008, 9.78543246433e-010, 5.46077592867e-011, 1.2705234087e-010, 6.78718026226e-010]
    },
    "gfcc": {
        "mean": [-196.27180481, 224.740859985, -103.827507019, -28.9620800018, -31.2104930878, -18.433347702, -20.7258739471, -13.2308397293, -10.8026714325, -5.0123000145, 2.92743039131, -6.55216407776, 10.7141771317],
        "cov": [[18506.3027344, 2165.86499023, -5980.0078125, 941.049499512, 2120.10986328, 1993.09655762, 2153.78222656, 2642.31225586, 2096.99780273, 405.773956299, -1346.21704102, -1566.60510254, 402.190490723], [2165.86499023, 1189.76733398, -93.1608886719, 312.515014648, 645.83380127, 320.3722229, 529.048278809, 317.687011719, 307.49395752, 57.5791969299, -75.8401184082, -280.899841309, 15.5486955643], [-5980.0078125, -93.1608886719, 3061.39697266, -56.0822296143, -494.016601563, -498.015655518, -508.210418701, -804.303955078, -678.49609375, -163.109634399, 485.756500244, 490.637115479, -188.619003296], [941.049499512, 312.515014648, -56.0822296143, 376.618041992, 316.395568848, 186.300552368, 198.517456055, 158.630767822, 92.1166305542, -27.8134860992, -86.6201858521, -62.8051261902, -5.75295305252], [2120.10986328, 645.83380127, -494.016601563, 316.395568848, 583.879699707, 346.138305664, 384.244018555, 306.474853516, 218.034225464, -7.47601127625, -140.012039185, -187.730834961, 33.4741363525], [1993.09655762, 320.3722229, -498.015655518, 186.300552368, 346.138305664, 460.860534668, 366.208709717, 351.841247559, 207.972763062, 28.0795612335, -141.846618652, -157.031585693, 28.0400886536], [2153.78222656, 529.048278809, -508.210418701, 198.517456055, 384.244018555, 366.208709717, 489.056732178, 408.511169434, 293.592895508, 76.241394043, -134.735534668, -225.65222168, 27.4370651245], [2642.31225586, 317.687011719, -804.303955078, 158.630767822, 306.474853516, 351.841247559, 408.511169434, 551.048583984, 417.588348389, 94.7631454468, -231.813201904, -268.490814209, 44.3799476624], [2096.99780273, 307.49395752, -678.49609375, 92.1166305542, 218.034225464, 207.972763062, 293.592895508, 417.588348389, 585.317626953, 366.638061523, -63.9646034241, -292.828460693, -30.0453186035], [405.773956299, 57.5791969299, -163.109634399, -27.8134860992, -7.47601127625, 28.0795612335, 76.241394043, 94.7631454468, 366.638061523, 543.497619629, 259.625946045, -145.684829712, -139.482467651], [-1346.21704102, -75.8401184082, 485.756500244, -86.6201858521, -140.012039185, -141.846618652, -134.735534668, -231.813201904, -63.9646034241, 259.625946045, 402.630371094, 127.885055542, -129.147674561], [-1566.60510254, -280.899841309, 490.637115479, -62.8051261902, -187.730834961, -157.031585693, -225.65222168, -268.490814209, -292.828460693, -145.684829712, 127.885055542, 293.784545898, 10.6016798019], [402.190490723, 15.5486955643, -188.619003296, -5.75295305252, 33.4741363525, 28.0400886536, 27.4370651245, 44.3799476624, -30.0453186035, -139.482467651, -129.147674561, 10.6016798019, 120.441307068]],
        "icov": [[0.000551828707103, -0.000931304355618, 0.00080870394595, -0.000491732615046, 0.000565073103644, -0.000771700462792, 0.000687042425852, -0.00113126996439, 0.000279032305116, -0.000251139921602, 0.000186436373042, 0.000119572941912, -0.000228402146604], [-0.000931304355618, 0.00762347737327, -0.00280453497544, 0.00207326863892, -0.00684208795428, 0.00327282375656, -0.00602879980579, 0.00452896486968, -0.00404887599871, 0.0037863412872, -0.00333795486949, 0.00369730754755, -0.00185287604108], [0.00080870394595, -0.00280453497544, 0.00228605559096, -0.00165346078575, 0.00297191832215, -0.0015587391099, 0.00153971672989, -0.00125139823649, 0.000830424309243, -0.000174458604306, 0.000199330635951, -0.000820842687972, 0.00110106251668], [-0.000491732615046, 0.00207326863892, -0.00165346078575, 0.00701008737087, -0.00591153185815, 0.00154406903312, -0.00155392696615, 0.000305722147459, -0.000150167848915, -0.000941232778132, 0.00226828223094, -0.00192646263167, 0.00211898051202], [0.000565073103644, -0.00684208795428, 0.00297191832215, -0.00591153185815, 0.0137843508273, -0.0050163064152, 0.00265934504569, -0.000451747095212, 0.000563998881262, 0.00107173807919, -0.000689559499733, -0.000640012847725, 0.000964426086284], [-0.000771700462792, 0.00327282375656, -0.0015587391099, 0.00154406903312, -0.0050163064152, 0.00891531165689, -0.00526809040457, -0.000940551399253, 0.00153989566024, -0.00147504580673, 0.0010566371493, -0.00107516651042, 0.00055591360433], [0.000687042425852, -0.00602879980579, 0.00153971672989, -0.00155392696615, 0.00265934504569, -0.00526809040457, 0.0152739556506, -0.00920510943979, 0.0043788542971, -0.00295862648636, 0.00010002838826, 8.87671558303e-005, -0.0010136780329], [-0.00113126996439, 0.00452896486968, -0.00125139823649, 0.000305722147459, -0.000451747095212, -0.000940551399253, -0.00920510943979, 0.017730390653, -0.0106102852151, 0.00660578953102, -0.000933253904805, 0.00186559464782, 0.000994398142211], [0.000279032305116, -0.00404887599871, 0.000830424309243, -0.000150167848915, 0.000563998881262, 0.00153989566024, 0.0043788542971, -0.0106102852151, 0.017123978585, -0.0145643921569, 0.00799215957522, -0.00256665493362, -0.000518252316397], [-0.000251139921602, 0.0037863412872, -0.000174458604306, -0.000941232778132, 0.00107173807919, -0.00147504580673, -0.00295862648636, 0.00660578953102, -0.0145643921569, 0.0205221399665, -0.0151285761967, 0.00822315271944, 0.00150443322491], [0.000186436373042, -0.00333795486949, 0.000199330635951, 0.00226828223094, -0.000689559499733, 0.0010566371493, 0.00010002838826, -0.000933253904805, 0.00799215957522, -0.0151285761967, 0.0186020843685, -0.0105416597798, 0.00584370363504], [0.000119572941912, 0.00369730754755, -0.000820842687972, -0.00192646263167, -0.000640012847725, -0.00107516651042, 8.87671558303e-005, 0.00186559464782, -0.00256665493362, 0.00822315271944, -0.0105416597798, 0.0156619567424, -0.00633297627792], [-0.000228402146604, -0.00185287604108, 0.00110106251668, 0.00211898051202, 0.000964426086284, 0.00055591360433, -0.0010136780329, 0.000994398142211, -0.000518252316397, 0.00150443322491, 0.00584370363504, -0.00633297627792, 0.0190338715911]]
    },
    "melbands": {
        "mean": [0.00145808130037, 0.00150741811376, 0.000458628317574, 0.000629161426332, 0.000715122849215, 0.000728527200408, 0.000445922691142, 0.000218068613322, 0.000318858248647, 0.000742704840377, 0.000789402460214, 0.000342657382134, 1.8040624127e-005, 3.99227537855e-005, 3.31946866936e-005, 1.89429483726e-005, 4.82675604871e-005, 2.24444756896e-005, 1.78767259058e-005, 1.07196174213e-005, 2.48278502113e-006, 1.00283102711e-006, 9.2612805247e-007, 2.02325963983e-007, 1.91586423171e-007, 1.77634476017e-007, 7.92353347379e-008, 3.87697554061e-008, 1.88380955279e-008, 1.34682096586e-008, 7.58812834789e-009, 3.49971074343e-009, 1.8361803189e-009, 8.50376602468e-010, 5.76304004518e-010, 4.21818691088e-010, 3.88104770543e-010, 2.62667471107e-010, 3.16285803104e-010, 4.02346211903e-010],
        "var": [2.81893062493e-006, 4.99372936247e-006, 9.22398612602e-007, 1.61937418852e-006, 1.52243819684e-006, 1.5833792304e-006, 1.48156220803e-006, 1.17096185193e-007, 2.53036063214e-007, 1.41557359257e-006, 2.51551091424e-006, 8.8385854724e-007, 7.57633067394e-010, 3.18874970873e-009, 1.70113767517e-009, 1.1408726186e-009, 1.01599892943e-008, 2.04616923405e-009, 7.08605063515e-010, 4.1785688798e-010, 1.66708469945e-011, 1.85213563236e-012, 2.66462611524e-012, 8.00744426278e-014, 6.40433005564e-014, 8.30030014447e-014, 1.56558387131e-014, 2.96145863535e-015, 8.79520313611e-016, 4.05188665882e-016, 1.59676060241e-016, 2.58065478409e-017, 2.89877637084e-017, 4.63418012015e-018, 9.4354228067e-019, 6.0966504358e-019, 6.89651547657e-019, 2.05656306381e-019, 3.75560341572e-019, 1.87776451058e-018]
    },
    "mfcc": {
        "mean": [-827.595947266, 230.672561646, 3.74227118492, 3.2031724453, 3.92998075485, -5.27754354477, -2.57098245621, -9.68515968323, -4.33376407623, -4.32684373856, -7.42699337006, -6.64364767075, -2.06852602959],
        "cov": [[13949.1386719, 6168.26708984, -5411.30322266, -898.87878418, 552.378295898, 264.437957764, 766.58972168, 1242.9588623, 3065.39746094, 3092.68725586, 1707.10791016, 332.798217773, -210.790618896], [6168.26708984, 3254.03930664, -1802.40454102, -228.17640686, 404.438690186, 254.995544434, 496.389801025, 700.071716309, 1421.04663086, 1452.6159668, 837.002075195, 224.469970703, -57.1381454468], [-5411.30322266, -1802.40454102, 2949.24267578, 655.553100586, -62.0874824524, 92.4223327637, -86.520362854, -280.053314209, -1083.20117188, -1088.2331543, -539.849731445, -43.7131118774, 124.28477478], [-898.87878418, -228.17640686, 655.553100586, 288.554107666, 110.33190155, 76.4942932129, 25.3043842316, -15.797621727, -156.456817627, -131.57258606, -31.0028591156, 41.4454269409, 49.3611907959], [552.378295898, 404.438690186, -62.0874824524, 110.33190155, 271.665344238, 136.622650146, 92.396812439, 82.5703735352, 120.410469055, 182.165802002, 152.427886963, 104.49609375, 33.8984603882], [264.437957764, 254.995544434, 92.4223327637, 76.4942932129, 136.622650146, 189.331695557, 150.870223999, 63.946559906, 43.885345459, 95.4596557617, 132.198242188, 91.9465637207, 24.3629169464], [766.58972168, 496.389801025, -86.520362854, 25.3043842316, 92.396812439, 150.870223999, 252.642150879, 210.926986694, 177.684326172, 157.634048462, 116.099945068, 46.92918396, -20.5025501251], [1242.9588623, 700.071716309, -280.053314209, -15.797621727, 82.5703735352, 63.946559906, 210.926986694, 351.705688477, 396.03137207, 245.604660034, 74.1093215942, -33.4581832886, -76.5633621216], [3065.39746094, 1421.04663086, -1083.20117188, -156.456817627, 120.410469055, 43.885345459, 177.684326172, 396.03137207, 864.511779785, 772.057434082, 357.276306152, 22.9690685272, -88.5964126587], [3092.68725586, 1452.6159668, -1088.2331543, -131.57258606, 182.165802002, 95.4596557617, 157.634048462, 245.604660034, 772.057434082, 932.133483887, 602.623535156, 194.801818848, 19.5504646301], [1707.10791016, 837.002075195, -539.849731445, -31.0028591156, 152.427886963, 132.198242188, 116.099945068, 74.1093215942, 357.276306152, 602.623535156, 598.18963623, 339.798217773, 114.435539246], [332.798217773, 224.469970703, -43.7131118774, 41.4454269409, 104.49609375, 91.9465637207, 46.92918396, -33.4581832886, 22.9690685272, 194.801818848, 339.798217773, 327.866485596, 162.353912354], [-210.790618896, -57.1381454468, 124.28477478, 49.3611907959, 33.8984603882, 24.3629169464, -20.5025501251, -76.5633621216, -88.5964126587, 19.5504646301, 114.435539246, 162.353912354, 161.759811401]],
        "icov": [[0.0171211827546, -0.0226126518101, 0.0225165244192, -0.0197768863291, 0.0172658134252, -0.0134876584634, 0.00797453988343, -0.00472839036956, -0.000775436114054, 0.00256389169954, -0.00457504764199, 0.00432038493454, -0.00159019022249], [-0.0226126518101, 0.0319128856063, -0.0301736053079, 0.0277949646115, -0.0251243729144, 0.0195414163172, -0.0138380816206, 0.00761764775962, -0.00198854645714, -0.00332963955589, 0.004915418569, -0.00476923864335, 0.0013035867596], [0.0225165244192, -0.0301736053079, 0.0321020632982, -0.0308562368155, 0.0271262470633, -0.0230039805174, 0.0161797422916, -0.0124833509326, 0.00579178985208, -0.00116684951354, -0.00175019854214, 0.00269570713863, -0.000797809334472], [-0.0197768863291, 0.0277949646115, -0.0308562368155, 0.0384665466845, -0.0315035358071, 0.0243950206786, -0.0194700602442, 0.0151962367818, -0.011163296178, 0.00599973229691, -0.00381416780874, 0.00200695474632, -0.00248660636134], [0.0172658134252, -0.0251243729144, 0.0271262470633, -0.0315035358071, 0.0378968268633, -0.0344959460199, 0.0293934494257, -0.0256066191941, 0.0217012576759, -0.0181292854249, 0.0141060771421, -0.00997468363494, 0.00536446738988], [-0.0134876584634, 0.0195414163172, -0.0230039805174, 0.0243950206786, -0.0344959460199, 0.0497845336795, -0.0434037595987, 0.0354375950992, -0.0283606927842, 0.0248571150005, -0.0206536278129, 0.0126464776695, -0.00605933927], [0.00797453988343, -0.0138380816206, 0.0161797422916, -0.0194700602442, 0.0293934494257, -0.0434037595987, 0.0536094643176, -0.0466716140509, 0.0391544997692, -0.0307420324534, 0.0228278674185, -0.0166144240648, 0.00978213828057], [-0.00472839036956, 0.00761764775962, -0.0124833509326, 0.0151962367818, -0.0256066191941, 0.0354375950992, -0.0466716140509, 0.0546858943999, -0.0485790558159, 0.0400930680335, -0.0267475899309, 0.0185964778066, -0.00971471145749], [-0.000775436114054, -0.00198854645714, 0.00579178985208, -0.011163296178, 0.0217012576759, -0.0283606927842, 0.0391544997692, -0.0485790558159, 0.0575197152793, -0.0510217286646, 0.0370963811874, -0.0250153373927, 0.0154708344489], [0.00256389169954, -0.00332963955589, -0.00116684951354, 0.00599973229691, -0.0181292854249, 0.0248571150005, -0.0307420324534, 0.0400930680335, -0.0510217286646, 0.0604558475316, -0.0495626628399, 0.0339408107102, -0.0178881231695], [-0.00457504764199, 0.004915418569, -0.00175019854214, -0.00381416780874, 0.0141060771421, -0.0206536278129, 0.0228278674185, -0.0267475899309, 0.0370963811874, -0.0495626628399, 0.0531047061086, -0.0401113815606, 0.0176692940295], [0.00432038493454, -0.00476923864335, 0.00269570713863, 0.00200695474632, -0.00997468363494, 0.0126464776695, -0.0166144240648, 0.0185964778066, -0.0250153373927, 0.0339408107102, -0.0401113815606, 0.03943028301, -0.0208583232015], [-0.00159019022249, 0.0013035867596, -0.000797809334472, -0.00248660636134, 0.00536446738988, -0.00605933927, 0.00978213828057, -0.00971471145749, 0.0154708344489, -0.0178881231695, 0.0176692940295, -0.0208583232015, 0.021442566067]]
    },
    "spectral_contrast_coeffs": {
        "mean": [-0.636098444462, -0.624641060829, -0.652033925056, -0.715751886368, -0.768553197384, -0.817034304142],
        "var": [0.0222323555499, 0.0149090075865, 0.0130002051592, 0.00640523573384, 0.003575963201, 0.00346146244556]
    },
    "spectral_contrast_valleys": {
        "mean": [-7.99462509155, -7.63814592361, -8.71384239197, -9.88545036316, -11.0096225739, -13.9099683762],
        "var": [3.98555374146, 3.4643406868, 2.87970471382, 3.60103988647, 2.5794365406, 0.928262352943]
    }
},
"metadata": {
    "audio_properties": {
        "analysis_sample_rate": 44100,
        "bit_rate": 128074,
        "equal_loudness": 0,
        "length": 45.0612258911,
        "lossless": 0,
        "replay_gain": -3.98510360718,
        "sample_rate": 44100,
        "codec": "mp3",
        "downmix": "mix",
        "md5_encoded": "dd384ef5ab5a4f86d0eaa07cab7a3488"
    },
    "tags": {
        "file_name": "1191.mp3"
    },
    "version": {
        "essentia": "2.1-beta2",
        "essentia_git_sha": "v2.1_beta2",
        "extractor": "music 1.0"
    }
},
"rhythm": {
    "beats_count": 77,
    "beats_loudness": {
        "mean": 0.0445708669722,
        "var": 0.000724282464944
    },
    "bpm": 103.879135132,
    "bpm_histogram_first_peak_bpm": {
        "mean": 103,
        "var": 0
    },
    "bpm_histogram_first_peak_spread": {
        "mean": 0.405405402184,
        "var": 0
    },
    "bpm_histogram_first_peak_weight": {
        "mean": 0.578947365284,
        "var": 0
    },
    "bpm_histogram_second_peak_bpm": {
        "mean": 98,
        "var": 0
    },
    "bpm_histogram_second_peak_spread": {
        "mean": 0,
        "var": 0
    },
    "bpm_histogram_second_peak_weight": {
        "mean": 0.0263157896698,
        "var": 0
    },
    "danceability": 1.14252793789,
    "onset_rate": 2.35129499435,
    "beats_loudness_band_ratio": {
        "mean": [0.396064221859, 0.366620063782, 0.246233806014, 0.0803189724684, 0.00920085515827, 0.000145116719068],
        "var": [0.0704882368445, 0.12019662559, 0.0503491833806, 0.0116374753416, 0.000135550071718, 5.37306021897e-008]
    },
    "beats_position": [0.603718817234, 1.21904754639, 1.83437633514, 2.42648530006, 3.01859402657, 3.59909296036, 4.17959165573, 4.74848079681, 5.31736946106, 5.89786815643, 6.47836732864, 7.04725599289, 7.61614513397, 8.19664382935, 8.77714252472, 9.35764122009, 9.92653083801, 10.5186395645, 11.0991382599, 11.6680269241, 12.2369155884, 12.8174142838, 13.3979139328, 13.9784126282, 14.5589113235, 15.1394100189, 15.7199087143, 16.3004074097, 16.8809070587, 17.4614048004, 18.0419044495, 18.6107940674, 19.1912918091, 19.760181427, 20.3406791687, 20.9095687866, 21.4900684357, 22.0705661774, 22.6510658264, 23.219953537, 23.800453186, 24.3809528351, 24.9614505768, 25.5303401947, 26.0992279053, 26.6797275543, 27.2602272034, 27.8407249451, 28.4212245941, 29.0017223358, 29.5706119537, 30.1394996643, 30.7316093445, 31.3004989624, 31.8809967041, 32.4614944458, 33.0419960022, 33.6224937439, 34.2029914856, 34.783493042, 35.3639907837, 35.9328804016, 36.5017662048, 37.0706558228, 37.6511573792, 38.2200431824, 38.8005447388, 39.369430542, 39.9615402222, 40.5420417786, 41.1109275818, 41.6798171997, 42.2603149414, 42.8524246216, 43.432926178, 44.0134239197, 44.5823135376]
},
"tonal": {
    "chords_changes_rate": 0.0288065839559,
    "chords_number_rate": 0.00411522621289,
    "chords_strength": {
        "mean": 0.575784862041,
        "var": 0.00669362163171
    },
    "hpcp_entropy": {
        "mean": 1.36999571323,
        "var": 0.459596544504
    },
    "key_strength": 0.711101651192,
    "tuning_diatonic_strength": 0.531441867352,
    "tuning_equal_tempered_deviation": 0.0144452694803,
    "tuning_frequency": 440.508636475,
    "tuning_nontempered_energy_ratio": 0.61691069603,
    "hpcp": {
        "mean": [0.343476206064, 0.157752245665, 0.025070939213, 0.0164914485067, 0.0230452045798, 0.0352257043123, 0.0494905523956, 0.0974318161607, 0.23728145659, 0.272802144289, 0.117237970233, 0.0188810639083, 0.00999862048775, 0.0085771298036, 0.0582902543247, 0.121776938438, 0.0786545947194, 0.0125711960718, 0.00375027908012, 0.00695557519794, 0.172779202461, 0.340574651957, 0.188068106771, 0.0724057853222, 0.105082258582, 0.048598702997, 0.00246349582449, 0.00254969438538, 0.00754731846973, 0.182519957423, 0.341784030199, 0.170144572854, 0.0100263142958, 0.0179516877979, 0.0807323604822, 0.271568477154],
        "var": [0.147570103407, 0.0455674789846, 0.00668133236468, 0.00629990641028, 0.0134292263538, 0.0163602475077, 0.0188964214176, 0.0355287864804, 0.116530641913, 0.124436043203, 0.0316133312881, 0.00626242859289, 0.00298948585987, 0.0018083009636, 0.0188542231917, 0.0667879134417, 0.03561013937, 0.00499065825716, 0.00205013342202, 0.00104619143531, 0.0355524383485, 0.137900993228, 0.0528593733907, 0.0255000386387, 0.0655829757452, 0.0151878204197, 0.000108146494313, 0.000135247508297, 0.000415502116084, 0.0475576892495, 0.156310468912, 0.041957102716, 0.00225491286255, 0.00657963380218, 0.0278065651655, 0.115018106997]
    },
    "chords_histogram": [45.3703689575, 0, 0, 0, 0, 0, 0.205761313438, 0, 0, 0, 0, 0, 0, 0, 0, 0, 0, 0, 0, 0, 0, 19.4444446564, 6.06995868683, 28.9094657898],
    "thpcp": [1, 0.45928144455, 0.0729917809367, 0.0480133667588, 0.0670940354466, 0.102556459606, 0.144087284803, 0.283663958311, 0.690823554993, 0.794238865376, 0.341327786446, 0.0549705140293, 0.0291100814939, 0.0249715391546, 0.169706821442, 0.354542583227, 0.228995755315, 0.0365999042988, 0.0109185995534, 0.0202505290508, 0.503031075001, 0.99155241251, 0.547543346882, 0.210802912712, 0.30593752861, 0.141490742564, 0.00717224599794, 0.00742320530117, 0.0219733379781, 0.531390368938, 0.995073378086, 0.495360583067, 0.0291907098144, 0.0522647202015, 0.23504498601, 0.790647149086],
    "chords_key": "C",
    "chords_scale": "major",
    "key_key": "C",
    "key_scale": "major"
}
}