{
"lowlevel": {
    "average_loudness": 0.944159328938,
    "barkbands_crest": {
        "mean": 14.3222112656,
        "var": 12.5714540482
    },
    "barkbands_flatness_db": {
        "mean": 0.369497269392,
        "var": 0.00327030313201
    },
    "barkbands_kurtosis": {
        "mean": 6.2168674469,
        "var": 31.3697967529
    },
    "barkbands_skewness": {
        "mean": 1.2322627306,
        "var": 0.8839828372
    },
    "barkbands_spread": {
        "mean": 2.71280622482,
        "var": 3.82204270363
    },
    "dissonance": {
        "mean": 0.326428741217,
        "var": 0.00418336968869
    },
    "dynamic_complexity": 2.19381403923,
    "erbbands_crest": {
        "mean": 13.3220853806,
        "var": 19.2196655273
    },
    "erbbands_flatness_db": {
        "mean": 0.324840158224,
        "var": 0.00247677601874
    },
    "erbbands_kurtosis": {
        "mean": 3.47238254547,
        "var": 15.3027601242
    },
    "erbbands_skewness": {
        "mean": 1.2229487896,
        "var": 0.522002279758
    },
    "erbbands_spread": {
        "mean": 10.0670890808,
        "var": 35.8541526794
    },
    "hfc": {
        "mean": 8.27907371521,
        "var": 32.0808792114
    },
    "melbands_crest": {
        "mean": 17.579000473,
        "var": 18.5363674164
    },
    "melbands_flatness_db": {
        "mean": 0.506199240685,
        "var": 0.00493430998176
    },
    "melbands_kurtosis": {
        "mean": 8.63234901428,
        "var": 53.0004501343
    },
    "melbands_skewness": {
        "mean": 1.85176038742,
        "var": 0.832543313503
    },
    "melbands_spread": {
        "mean": 3.20182991028,
        "var": 12.8114566803
    },
    "pitch_salience": {
        "mean": 0.54317343235,
        "var": 0.00970760267228
    },
    "silence_rate_20dB": {
        "mean": 1,
        "var": 0
    },
    "silence_rate_30dB": {
        "mean": 0.973223507404,
        "var": 0.0260596815497
    },
    "silence_rate_60dB": {
        "mean": 0.00463439757004,
        "var": 0.00461289985105
    },
    "spectral_centroid": {
        "mean": 279.996276855,
        "var": 28237.8261719
    },
    "spectral_complexity": {
        "mean": 7.71936130524,
        "var": 5.60353422165
    },
    "spectral_decrease": {
        "mean": -1.01126884644e-008,
        "var": 5.52181373885e-017
    },
    "spectral_energy": {
        "mean": 0.0389184243977,
        "var": 0.00081402080832
    },
    "spectral_energyband_high": {
        "mean": 4.53466873296e-006,
        "var": 4.63725946531e-010
    },
    "spectral_energyband_low": {
        "mean": 0.017400091514,
        "var": 0.000381922844099
    },
    "spectral_energyband_middle_high": {
        "mean": 0.00031522003701,
        "var": 1.57716044669e-007
    },
    "spectral_energyband_middle_low": {
        "mean": 0.0215406790376,
        "var": 0.000281726213871
    },
    "spectral_entropy": {
        "mean": 5.25907754898,
        "var": 0.208592504263
    },
    "spectral_flux": {
        "mean": 0.0649501159787,
        "var": 0.00170678808354
    },
    "spectral_kurtosis": {
        "mean": 96.4452285767,
        "var": 2451.1184082
    },
    "spectral_rms": {
        "mean": 0.00581986736506,
        "var": 4.09834137827e-006
    },
    "spectral_rolloff": {
        "mean": 325.128051758,
        "var": 194807.21875
    },
    "spectral_skewness": {
        "mean": 7.61986303329,
        "var": 5.62566184998
    },
    "spectral_spread": {
        "mean": 1242278.625,
        "var": 1.71872301875e+012
    },
    "spectral_strongpeak": {
        "mean": 0.854097604752,
        "var": 0.195319607854
    },
    "zerocrossingrate": {
        "mean": 0.012062205933,
        "var": 0.000140129734064
    },
    "barkbands": {
        "mean": [0.000469613907626, 0.00211688852869, 0.0144846793264, 0.00121302448679, 0.0144427297637, 0.00352159072645, 0.00108622456901, 0.000799472327344, 0.000458396389149, 8.20713685243e-005, 9.30253227125e-005, 4.75280503451e-005, 3.42126149917e-005, 2.81036318484e-005, 9.16699355002e-006, 1.92156658159e-005, 4.79900882056e-006, 1.7089805624e-006, 1.30257080855e-006, 8.91039803719e-007, 1.7078922383e-006, 4.99739257975e-007, 5.23264532148e-007, 4.73465519235e-007, 4.28375273032e-007, 2.70799517921e-007, 3.52178339824e-008],
        "var": [3.64116772289e-007, 9.61471687333e-006, 0.000293264049105, 2.4404848773e-006, 0.000176993562491, 1.05488234112e-005, 2.28075759878e-006, 1.89363322534e-006, 7.88672991803e-007, 3.09691721156e-008, 1.66841687133e-008, 3.97677935027e-009, 1.34779716277e-008, 2.4444526403e-009, 6.0805965818e-010, 1.76014858244e-009, 2.10228598418e-010, 2.71750955072e-011, 2.66464593446e-011, 1.19695139217e-011, 7.42177846957e-011, 8.25740170685e-012, 1.44917324668e-011, 1.48916538822e-011, 1.13714202984e-011, 4.57698635936e-012, 2.77216563507e-013]
    },
    "erbbands": {
        "mean": [0.0321284905076, 0.87361073494, 13.438243866, 10.7319364548, 24.2617855072, 61.1670074463, 36.1879081726, 25.738861084, 23.6991519928, 9.84414100647, 18.7351951599, 12.7995567322, 5.15956497192, 3.67103719711, 3.22755479813, 1.771296978, 1.39794504642, 1.96028649807, 0.398895293474, 1.31332826614, 0.493751168251, 0.251091748476, 0.115151844919, 0.0741997361183, 0.0530930571258, 0.0433387979865, 0.0983708426356, 0.0353092066944, 0.0190981756896, 0.0172175411135, 0.0125124687329, 0.00884336791933, 0.0082622943446, 0.00527733331546, 0.00282390206121, 0.00127470097505, 0.000569333438762, 9.66927254922e-005, 2.11252481677e-005, 4.26763035648e-005],
        "var": [0.000748433289118, 1.39052295685, 264.269592285, 108.956802368, 1350.46716309, 3645.16699219, 2431.88500977, 518.559082031, 1550.3371582, 212.290420532, 887.388244629, 522.205383301, 74.1329345703, 45.9364929199, 16.8195934296, 7.07552480698, 15.7161006927, 14.2480459213, 0.560110270977, 8.20809268951, 1.39324116707, 0.529480755329, 0.104984767735, 0.0483334884048, 0.0644930303097, 0.0299735981971, 0.231664717197, 0.0339519269764, 0.0135014513507, 0.0126674985513, 0.00851387996227, 0.00395049713552, 0.00553736183792, 0.00221393280663, 0.0004342837492, 8.93365504453e-005, 3.41040977219e-005, 7.83706980201e-007, 2.28430008242e-009, 9.70508007292e-010]
    },
    "gfcc": {
        "mean": [-157.845046997, 218.441589355, -44.9320220947, -16.3168621063, -38.8674316406, -4.91768598557, -34.8896102905, -14.267619133, -15.7394104004, -10.8354349136, -16.453245163, -11.7667264938, -3.16864204407],
        "cov": [[2547.9609375, -131.345794678, -836.609375, 267.478851318, 81.9265213013, -81.9020690918, 27.2908153534, 21.1872196198, -78.6775054932, -26.3257446289, -53.1755867004, -15.0467414856, 45.6195411682], [-131.345794678, 664.643737793, 110.725822449, -330.953979492, 215.912887573, -52.1140022278, 7.46826505661, -99.6140136719, 106.569046021, -73.0205764771, 30.5396347046, -65.6543579102, 29.0483913422], [-836.609375, 110.725822449, 767.45904541, -98.1044082642, -113.901664734, 74.5431137085, -58.2221221924, -52.9117851257, 44.6420783997, 15.1469306946, -3.39005064964, -5.54352283478, -7.93601322174], [267.478851318, -330.953979492, -98.1044082642, 325.503479004, -57.5052070618, -25.2574939728, 34.0424003601, 41.354259491, -65.3963470459, 18.1075229645, -12.1982107162, 28.6825199127, -1.15934550762], [81.9265213013, 215.912887573, -113.901664734, -57.5052070618, 253.496826172, 2.94930052757, -5.1043806076, -21.9716281891, 37.2401275635, -42.2696838379, -1.95648145676, -34.5082397461, 17.7486534119], [-81.9020690918, -52.1140022278, 74.5431137085, -25.2574939728, 2.94930052757, 136.237762451, 13.1916379929, 3.5085914135, 9.79185962677, 15.7320375443, -24.644821167, -17.6557540894, -20.223028183], [27.2908153534, 7.46826505661, -58.2221221924, 34.0424003601, -5.1043806076, 13.1916379929, 115.848648071, 26.207660675, -6.94826078415, -7.08266973495, -6.77934885025, -21.9453144073, -23.4842948914], [21.1872196198, -99.6140136719, -52.9117851257, 41.354259491, -21.9716281891, 3.5085914135, 26.207660675, 93.5178985596, -2.35176324844, -0.24511270225, -0.373320043087, 12.4326400757, -19.7421569824], [-78.6775054932, 106.569046021, 44.6420783997, -65.3963470459, 37.2401275635, 9.79185962677, -6.94826078415, -2.35176324844, 62.6259613037, -1.31154215336, -3.05041503906, -12.4525337219, 2.05222058296], [-26.3257446289, -73.0205764771, 15.1469306946, 18.1075229645, -42.2696838379, 15.7320375443, -7.08266973495, -0.24511270225, -1.31154215336, 63.7390213013, 10.0417499542, 2.42259311676, -6.9082326889], [-53.1755867004, 30.5396347046, -3.39005064964, -12.1982107162, -1.95648145676, -24.644821167, -6.77934885025, -0.373320043087, -3.05041503906, 10.0417499542, 49.0670890808, 20.8542079926, -7.67115116119], [-15.0467414856, -65.6543579102, -5.54352283478, 28.6825199127, -34.5082397461, -17.6557540894, -21.9453144073, 12.4326400757, -12.4525337219, 2.42259311676, 20.8542079926, 62.7417831421, 11.2539920807], [45.6195411682, 29.0483913422, -7.93601322174, -1.15934550762, 17.7486534119, -20.223028183, -23.4842948914, -19.7421569824, 2.05222058296, -6.9082326889, -7.67115116119, 11.2539920807, 56.5326385498]],
        "icov": [[0.000954893650487, -0.00231460016221, 0.00146639125887, -0.00222903792746, 0.00143924646545, -0.00134471128695, 0.00190454279073, -0.000872902863193, 0.00132486934308, -0.000728855258785, 0.00204368191771, -0.000237717889831, 0.000319821585435], [-0.00231460016221, 0.0214102901518, -0.00610474776477, 0.0164282415062, -0.0111588006839, 0.0115686040372, -0.0139359338209, 0.0109366942197, -0.0130949681625, 0.00985155068338, -0.0153797799721, 0.00704758102074, -0.00579247856513], [0.00146639125887, -0.00610474776477, 0.00453413603827, -0.00521375006065, 0.00492173293605, -0.00464000692591, 0.00537487026304, -0.00168853299692, 0.00185009802226, -0.0013895095326, 0.00394400022924, -0.000772940635215, 0.00137325795367], [-0.00222903792746, 0.0164282415062, -0.00521375006065, 0.0177235137671, -0.00921199377626, 0.0103420037776, -0.0123476488516, 0.0067714639008, -0.00545915961266, 0.00477953581139, -0.00845611374825, 0.00254644290544, -0.00405614543706], [0.00143924646545, -0.0111588006839, 0.00492173293605, -0.00921199377626, 0.0127926608548, -0.00809068977833, 0.00875700917095, -0.00447307899594, 0.00253511127084, 0.000140471194754, 0.00389286712743, 0.00114343455061, 0.000465254561277], [-0.00134471128695, 0.0115686040372, -0.00464000692591, 0.0103420037776, -0.00809068977833, 0.0170629732311, -0.00910731125623, 0.00540308840573, -0.00570070184767, 0.000301362597384, -0.00017334597942, 0.00140619254671, 0.0013893248979], [0.00190454279073, -0.0139359338209, 0.00537487026304, -0.0123476488516, 0.00875700917095, -0.00910731125623, 0.0210868753493, -0.0089922323823, 0.00800646934658, -0.00311408191919, 0.00814447272569, 0.00134794809856, 0.00590309593827], [-0.000872902863193, 0.0109366942197, -0.00168853299692, 0.0067714639008, -0.00447307899594, 0.00540308840573, -0.0089922323823, 0.0201321449131, -0.0102329757065, 0.00642274366692, -0.00605353480205, -0.000727290345822, 0.00209842436016], [0.00132486934308, -0.0130949681625, 0.00185009802226, -0.00545915961266, 0.00253511127084, -0.00570070184767, 0.00800646934658, -0.0102329757065, 0.0322858020663, -0.0103116016835, 0.0129383802414, -0.00411655008793, 0.00286760996096], [-0.000728855258785, 0.00985155068338, -0.0013895095326, 0.00477953581139, 0.000140471194754, 0.000301362597384, -0.00311408191919, 0.00642274366692, -0.0103116016835, 0.0269853193313, -0.0165305156261, 0.00872586481273, -0.00386619032361], [0.00204368191771, -0.0153797799721, 0.00394400022924, -0.00845611374825, 0.00389286712743, -0.00017334597942, 0.00814447272569, -0.00605353480205, 0.0129383802414, -0.0165305156261, 0.0464599095285, -0.0200732946396, 0.0144294947386], [-0.000237717889831, 0.00704758102074, -0.000772940635215, 0.00254644290544, 0.00114343455061, 0.00140619254671, 0.00134794809856, -0.000727290345822, -0.00411655008793, 0.00872586481273, -0.0200732946396, 0.0311077069491, -0.0107364626601], [0.000319821585435, -0.00579247856513, 0.00137325795367, -0.00405614543706, 0.000465254561277, 0.0013893248979, 0.00590309593827, 0.00209842436016, 0.00286760996096, -0.00386619032361, 0.0144294947386, -0.0107364626601, 0.0275714956224]]
    },
    "melbands": {
        "mean": [0.000418693380198, 0.00500802509487, 0.00222535245121, 0.00321032432839, 0.00156427850015, 0.000614810269326, 0.000328575930325, 0.000106965744635, 0.000138141738717, 8.12665311969e-005, 2.49319909926e-005, 1.42871977005e-005, 1.24749303723e-005, 5.93192862652e-006, 2.24176051233e-006, 4.55610324934e-006, 3.40867654813e-006, 4.68111267082e-007, 1.11873737296e-006, 1.8537567712e-006, 3.30229568135e-007, 2.75933984994e-007, 1.71838308916e-007, 6.69920368068e-008, 6.02135798999e-008, 4.50991066714e-008, 3.0533207962e-008, 2.75562364038e-008, 6.04015113481e-008, 4.16835241879e-008, 1.5957898114e-008, 1.13952918213e-008, 7.34172633798e-009, 1.11926485857e-008, 7.92243781689e-009, 4.71856687057e-009, 5.79021008917e-009, 6.81919321011e-009, 4.28124247165e-009, 4.21514201321e-009],
        "var": [2.25301377554e-007, 3.58196630259e-005, 4.08237428928e-006, 1.03249039967e-005, 3.1176189168e-006, 3.37152187058e-007, 2.70496826715e-007, 3.82124483167e-008, 4.84250790578e-008, 2.5270530557e-008, 1.76767744886e-009, 7.93246079933e-010, 2.92892488041e-010, 6.24293741702e-011, 1.52250243662e-011, 2.27553101362e-010, 3.85383600032e-011, 1.67998850508e-012, 5.9099752002e-012, 1.74880769588e-011, 7.66510932417e-013, 8.44412213763e-013, 2.42843288881e-013, 4.67013140128e-014, 3.45191032063e-014, 3.26353019316e-014, 3.14385223041e-014, 1.48506017596e-014, 8.52106810134e-014, 5.47651151045e-014, 7.89897864457e-015, 5.65021797795e-015, 1.53616582413e-015, 7.08543568598e-015, 4.48586785393e-015, 1.16909742605e-015, 2.16659360029e-015, 4.60190289738e-015, 1.15064746027e-015, 1.64312353312e-015]
    },
    "mfcc": {
        "mean": [-828.239685059, 260.974029541, 52.7050514221, 7.57555866241, 12.4074840546, 5.55373477936, -5.80212688446, -6.13228940964, 0.00259715365246, -4.70054340363, -10.6985940933, -4.7267165184, -4.28958129883],
        "cov": [[2400.91040039, -256.640594482, -981.614562988, 238.690795898, -29.3810882568, -40.4194259644, 51.8138008118, 37.748714447, 37.1430130005, -18.6986351013, -50.1350059509, 50.5588607788, -88.0110549927], [-256.640594482, 767.032287598, 63.2958641052, -213.36882019, 135.044281006, 25.1847934723, -51.6119232178, -28.0349750519, 19.1062202454, 19.8324661255, -17.6972255707, -38.445438385, 38.691570282], [-981.614562988, 63.2958641052, 753.649414063, -71.7508544922, -45.3040962219, 53.5574417114, -45.74061203, -41.9538269043, -14.9286394119, 6.42185926437, -4.54266881943, -20.9063472748, 61.5071563721], [238.690795898, -213.36882019, -71.7508544922, 250.061004639, -18.2102069855, -35.4782714844, 30.1516342163, 8.8442325592, -4.29914045334, -23.6704158783, -23.0610179901, 17.9260482788, -3.09569907188], [-29.3810882568, 135.044281006, -45.3040962219, -18.2102069855, 168.733398438, 26.1619758606, -26.0948753357, -1.62386989594, 11.3364534378, 4.6232843399, -28.0969104767, -24.7677364349, 35.5263366699], [-40.4194259644, 25.1847934723, 53.5574417114, -35.4782714844, 26.1619758606, 116.542793274, 14.3675746918, -21.2474937439, 14.4409160614, 21.9952373505, -10.8186922073, -18.5632419586, 6.31150341034], [51.8138008118, -51.6119232178, -45.74061203, 30.1516342163, -26.0948753357, 14.3675746918, 79.8824920654, 29.3002433777, 2.18978691101, 8.97294616699, 22.6137275696, 6.41823005676, -29.6143074036], [37.748714447, -28.0349750519, -41.9538269043, 8.8442325592, -1.62386989594, -21.2474937439, 29.3002433777, 91.3995819092, 18.6423435211, -10.8796882629, 29.1349525452, 11.7533044815, -35.4919891357], [37.1430130005, 19.1062202454, -14.9286394119, -4.29914045334, 11.3364534378, 14.4409160614, 2.18978691101, 18.6423435211, 63.6001014709, 26.4360656738, -14.645573616, -0.826426565647, -3.06082391739], [-18.6986351013, 19.8324661255, 6.42185926437, -23.6704158783, 4.6232843399, 21.9952373505, 8.97294616699, -10.8796882629, 26.4360656738, 69.139175415, 14.9480133057, -20.4602470398, -1.30096566677], [-50.1350059509, -17.6972255707, -4.54266881943, -23.0610179901, -28.0969104767, -10.8186922073, 22.6137275696, 29.1349525452, -14.645573616, 14.9480133057, 86.2910003662, 17.5906677246, -40.8639564514], [50.5588607788, -38.445438385, -20.9063472748, 17.9260482788, -24.7677364349, -18.5632419586, 6.41823005676, 11.7533044815, -0.826426565647, -20.4602470398, 17.5906677246, 59.6652297974, 1.92210841179], [-88.0110549927, 38.691570282, 61.5071563721, -3.09569907188, 35.5263366699, 6.31150341034, -29.6143074036, -35.4919891357, -3.06082391739, -1.30096566677, -40.8639564514, 1.92210841179, 91.7882156372]],
        "icov": [[0.00112744490616, -4.31207990914e-005, 0.00150311284233, -0.000730543106329, 0.00079913524678, -0.000843350368086, 0.0009179598419, -0.000412910536397, 0.00032154636574, -0.000614504620899, 0.00111517601181, -0.00073512387462, 0.00046642930829], [-4.31207990914e-005, 0.00210053939372, -0.000209436184377, 0.00179897004273, -0.00165373517666, 0.000854538637213, -0.000516827625688, 0.000972338079009, -0.000980724464171, 0.000616746430751, -0.00012681390217, 0.000455699948361, -2.51929013757e-005], [0.00150311284233, -0.000209436184377, 0.00371319917031, -0.000945983221754, 0.00233814911917, -0.00226273038425, 0.00233006174676, -0.000874682911672, 0.000500518130139, -0.000376890646294, 0.000555806676857, 0.000113201662316, -0.00106998486444], [-0.000730543106329, 0.00179897004273, -0.000945983221754, 0.00697191618383, -0.00187644781545, 0.00297810835764, -0.00379796838388, 0.00143056514207, -0.000661308760755, 0.00139229523484, 0.00180081487633, -0.000438383518485, 6.81071833242e-005], [0.00079913524678, -0.00165373517666, 0.00233814911917, -0.00187644781545, 0.0102997766808, -0.00381367490627, 0.00411982648075, -0.00381633103825, 0.000605575041845, -0.000367286877008, 0.000608910864685, 0.00286361668259, -0.00381134008057], [-0.000843350368086, 0.000854538637213, -0.00226273038425, 0.00297810835764, -0.00381367490627, 0.0133947562426, -0.00682617723942, 0.00551258260384, -0.00413502985612, 0.000747349986341, -0.00020354402659, 0.00204775296152, 0.000671249174047], [0.0009179598419, -0.000516827625688, 0.00233006174676, -0.00379796838388, 0.00411982648075, -0.00682617723942, 0.0214303527027, -0.0082975756377, 0.00536349928007, -0.00632614921778, 0.000981703517027, -0.00270505738445, 0.0025720691774], [-0.000412910536397, 0.000972338079009, -0.000874682911672, 0.00143056514207, -0.00381633103825, 0.00551258260384, -0.0082975756377, 0.0226011294872, -0.0141518991441, 0.0119476355612, -0.00985255278647, 0.00354554899968, 0.00222559366375], [0.00032154636574, -0.000980724464171, 0.000500518130139, -0.000661308760755, 0.000605575041845, -0.00413502985612, 0.00536349928007, -0.0141518991441, 0.0336955524981, -0.0214623343199, 0.0172257032245, -0.011500293389, 0.00540139060467], [-0.000614504620899, 0.000616746430751, -0.000376890646294, 0.00139229523484, -0.000367286877008, 0.000747349986341, -0.00632614921778, 0.0119476355612, -0.0214623343199, 0.0336911827326, -0.0179808996618, 0.0155397206545, -0.00644879415631], [0.00111517601181, -0.00012681390217, 0.000555806676857, 0.00180081487633, 0.000608910864685, -0.00020354402659, 0.000981703517027, -0.00985255278647, 0.0172257032245, -0.0179808996618, 0.0302731245756, -0.0145616428927, 0.0111984116957], [-0.00073512387462, 0.000455699948361, 0.000113201662316, -0.000438383518485, 0.00286361668259, 0.00204775296152, -0.00270505738445, 0.00354554899968, -0.011500293389, 0.0155397206545, -0.0145616428927, 0.0290188323706, -0.00899228733033], [0.00046642930829, -2.51929013757e-005, -0.00106998486444, 6.81071833242e-005, -0.00381134008057, 0.000671249174047, 0.0025720691774, 0.00222559366375, 0.00540139060467, -0.00644879415631, 0.0111984116957, -0.00899228733033, 0.0204537585378]]
    },
    "spectral_contrast_coeffs": {
        "mean": [-0.483699738979, -0.639976263046, -0.736748158932, -0.760848164558, -0.824026405811, -0.848083138466],
        "var": [0.00478036794811, 0.00415645400062, 0.00392801640555, 0.00222121691331, 0.0029643306043, 0.00141479354352]
    },
    "spectral_contrast_valleys": {
        "mean": [-7.42306375504, -7.19931650162, -8.42176437378, -9.85104656219, -10.9006481171, -13.0266695023],
        "var": [0.503959178925, 0.544203519821, 0.530201196671, 0.658234059811, 0.550526320934, 0.313553512096]
    }
},
"metadata": {
    "audio_properties": {
        "analysis_sample_rate": 44100,
        "bit_rate": 128074,
        "equal_loudness": 0,
        "length": 45.0612258911,
        "lossless": 0,
        "replay_gain": -6.50053977966,
        "sample_rate": 44100,
        "codec": "mp3",
        "downmix": "mix",
        "md5_encoded": "2ba038d60bc2478592522f5e4da4ed63"
    },
    "tags": {
        "file_name": "1192.mp3"
    },
    "version": {
        "essentia": "2.1-beta2",
        "essentia_git_sha": "v2.1_beta2",
        "extractor": "music 1.0"
    }
},
"rhythm": {
    "beats_count": 102,
    "beats_loudness": {
        "mean": 0.0575657300651,
        "var": 0.00144652696326
    },
    "bpm": 149.625366211,
    "bpm_histogram_first_peak_bpm": {
        "mean": 148,
        "var": 0
    },
    "bpm_histogram_first_peak_spread": {
        "mean": 0.516129016876,
        "var": 0
    },
    "bpm_histogram_first_peak_weight": {
        "mean": 0.148514851928,
        "var": 0
    },
    "bpm_histogram_second_peak_bpm": {
        "mean": 123,
        "var": 0
    },
    "bpm_histogram_second_peak_spread": {
        "mean": 0.428571403027,
        "var": 0
    },
    "bpm_histogram_second_peak_weight": {
        "mean": 0.118811883032,
        "var": 0
    },
    "danceability": 1.25275599957,
    "onset_rate": 3.48257827759,
    "beats_loudness_band_ratio": {
        "mean": [0.547145783901, 0.458636850119, 0.0744353160262, 0.00954464171082, 0.00177294574678, 0.000273866957286],
        "var": [0.0374137684703, 0.0365723222494, 0.00307746673934, 0.00015795971558, 1.59573919518e-005, 7.0927796969e-007]
    },
    "beats_position": [0.510838985443, 1.04489791393, 1.57895684242, 2.11301589012, 2.6470746994, 3.1811337471, 3.7151927948, 4.2492518425, 4.76009082794, 5.25931978226, 5.74693870544, 6.23455762863, 6.72217655182, 7.19818592072, 7.6858048439, 8.18503379822, 8.67265319824, 9.16027164459, 9.65950107574, 10.1587295532, 10.6695690155, 11.1687984467, 11.656416893, 12.1672563553, 12.6780948639, 13.1889343262, 13.6997728348, 14.1873922348, 14.6866207123, 15.1858501434, 15.696688652, 16.2075271606, 16.7183666229, 17.2059860229, 17.693605423, 18.181224823, 18.6688423157, 19.1680717468, 19.6789112091, 20.2013607025, 20.7354183197, 21.1765975952, 21.5597267151, 21.942855835, 22.3259868622, 22.7091159821, 23.1038551331, 23.4985942841, 23.8933334351, 24.2648525238, 24.6595916748, 25.0543308258, 25.4606800079, 25.8554191589, 26.2617683411, 26.6797275543, 27.0860767365, 27.4808158875, 27.8755550385, 28.2586841583, 28.6650333405, 29.0713825226, 29.4777317047, 29.8608608246, 30.2555999756, 30.6619491577, 31.0682983398, 31.474647522, 31.8809967041, 32.2757377625, 32.6820869446, 33.0884361267, 33.4831733704, 33.8546943665, 34.2029914856, 34.5629005432, 34.9344215393, 35.2943305969, 35.6658477783, 36.0373687744, 36.4088897705, 36.7804069519, 37.151927948, 37.5350570679, 37.9181861877, 38.2897033691, 38.6612243652, 39.0327415466, 39.3926506042, 39.7525634766, 40.1473007202, 40.5304298401, 40.91355896, 41.2850799561, 41.6798171997, 42.0629463196, 42.4460754395, 42.8408164978, 43.2355537415, 43.6419029236, 44.0482521057, 44.4546012878]
},
"tonal": {
    "chords_changes_rate": 0.0133744860068,
    "chords_number_rate": 0.00411522621289,
    "chords_strength": {
        "mean": 0.655079841614,
        "var": 0.00655366759747
    },
    "hpcp_entropy": {
        "mean": 1.73465955257,
        "var": 0.267313301563
    },
    "key_strength": 0.55808621645,
    "tuning_diatonic_strength": 0.49621912837,
    "tuning_equal_tempered_deviation": 0.0999818965793,
    "tuning_frequency": 448.208557129,
    "tuning_nontempered_energy_ratio": 0.758755028248,
    "hpcp": {
        "mean": [0.0857707113028, 0.149551987648, 0.500230371952, 0.708777606487, 0.336022973061, 0.0332257598639, 0.0102024329826, 0.0125349899754, 0.0368304625154, 0.04060254246, 0.0192865077406, 0.0295149832964, 0.0316697172821, 0.0316892676055, 0.109137073159, 0.113941021264, 0.0283097606152, 0.00172616890632, 0.00110794079956, 0.000735141453333, 0.000732263026293, 0.00282249972224, 0.0112067209557, 0.0575223118067, 0.0904727950692, 0.0445799678564, 0.00544997723773, 0.00981169939041, 0.0834752097726, 0.251757621765, 0.223392441869, 0.0647944584489, 0.0332226119936, 0.0380493737757, 0.0494371764362, 0.0643193274736],
        "var": [0.0477083362639, 0.060427390039, 0.094244427979, 0.132799506187, 0.0594125762582, 0.00747356610373, 0.00280241970904, 0.00394475692883, 0.023153277114, 0.024952000007, 0.00440658815205, 0.0177521873266, 0.0207655150443, 0.00587718468159, 0.0400469340384, 0.0429684966803, 0.00288938521408, 0.00010408617527, 0.000111311121145, 1.2634536688e-005, 5.96936661168e-006, 6.5685941081e-005, 0.000611158786342, 0.00958443339914, 0.0193450413644, 0.00454405415803, 0.00126589124557, 0.00300690555014, 0.0228117462248, 0.150669381022, 0.116924926639, 0.024207117036, 0.0146176395938, 0.0189723242074, 0.0239160116762, 0.0331523120403]
    },
    "chords_histogram": [0, 29.8353900909, 61.0082321167, 0, 2.36625504494, 0, 0, 0, 0, 0, 0, 0, 0, 0, 0, 0, 0, 0, 0.411522626877, 6.37860059738, 0, 0, 0, 0],
    "thpcp": [1, 0.474088013172, 0.0468775518239, 0.0143944062293, 0.0176853649318, 0.0519633553922, 0.0572853051126, 0.0272109434009, 0.0416420921683, 0.0446821637452, 0.0447097457945, 0.153979286551, 0.16075707972, 0.0399416685104, 0.00243541691452, 0.00156317127403, 0.00103719625622, 0.00103313510772, 0.00398220773786, 0.0158113352954, 0.081157065928, 0.127646237612, 0.0628969743848, 0.00768926274031, 0.0138431284577, 0.117773488164, 0.355199754238, 0.315179884434, 0.0914171934128, 0.0468731112778, 0.053683090955, 0.0697499141097, 0.0907468423247, 0.121012166142, 0.210999876261, 0.705764949322],
    "chords_key": "A#",
    "chords_scale": "major",
    "key_key": "D#",
    "key_scale": "major"
}
}