{
"lowlevel": {
    "average_loudness": 0.883772194386,
    "barkbands_crest": {
        "mean": 14.0757226944,
        "var": 23.4076137543
    },
    "barkbands_flatness_db": {
        "mean": 0.30031016469,
        "var": 0.010440537706
    },
    "barkbands_kurtosis": {
        "mean": 27.0387420654,
        "var": 2169.01879883
    },
    "barkbands_skewness": {
        "mean": 2.89964222908,
        "var": 4.5563378334
    },
    "barkbands_spread": {
        "mean": 6.67217254639,
        "var": 84.0353469849
    },
    "dissonance": {
        "mean": 0.38092148304,
        "var": 0.00458217738196
    },
    "dynamic_complexity": 3.70842719078,
    "erbbands_crest": {
        "mean": 15.0951099396,
        "var": 42.0627403259
    },
    "erbbands_flatness_db": {
        "mean": 0.268030703068,
        "var": 0.00493684550747
    },
    "erbbands_kurtosis": {
        "mean": 10.5247850418,
        "var": 522.318603516
    },
    "erbbands_skewness": {
        "mean": 1.86407327652,
        "var": 3.29025387764
    },
    "erbbands_spread": {
        "mean": 21.7674541473,
        "var": 324.391967773
    },
    "hfc": {
        "mean": 8.28657531738,
        "var": 145.563812256
    },
    "melbands_crest": {
        "mean": 19.0154323578,
        "var": 38.4554862976
    },
    "melbands_flatness_db": {
        "mean": 0.367895364761,
        "var": 0.0152343222871
    },
    "melbands_kurtosis": {
        "mean": 38.6161460876,
        "var": 3800.39477539
    },
    "melbands_skewness": {
        "mean": 3.35047912598,
        "var": 5.89164733887
    },
    "melbands_spread": {
        "mean": 7.59565591812,
        "var": 112.32674408
    },
    "pitch_salience": {
        "mean": 0.437032043934,
        "var": 0.0255075599998
    },
    "silence_rate_20dB": {
        "mean": 1,
        "var": 0
    },
    "silence_rate_30dB": {
        "mean": 0.983522117138,
        "var": 0.0162059813738
    },
    "silence_rate_60dB": {
        "mean": 0.128218337893,
        "var": 0.11177714169
    },
    "spectral_centroid": {
        "mean": 509.921325684,
        "var": 218810.953125
    },
    "spectral_complexity": {
        "mean": 7.12976312637,
        "var": 18.5227584839
    },
    "spectral_decrease": {
        "mean": -5.79681147528e-009,
        "var": 5.63425868609e-017
    },
    "spectral_energy": {
        "mean": 0.0226301047951,
        "var": 0.000846949522384
    },
    "spectral_energyband_high": {
        "mean": 0.00022820616141,
        "var": 9.03297120658e-007
    },
    "spectral_energyband_low": {
        "mean": 0.00791505165398,
        "var": 0.000257639359916
    },
    "spectral_energyband_middle_high": {
        "mean": 0.00115947984159,
        "var": 5.31559589945e-006
    },
    "spectral_energyband_middle_low": {
        "mean": 0.0172266121954,
        "var": 0.000586678273976
    },
    "spectral_entropy": {
        "mean": 6.06607818604,
        "var": 0.816092729568
    },
    "spectral_flux": {
        "mean": 0.0641363635659,
        "var": 0.00257240165956
    },
    "spectral_kurtosis": {
        "mean": 18.8424987793,
        "var": 555.285339355
    },
    "spectral_rms": {
        "mean": 0.00403513852507,
        "var": 5.79581228521e-006
    },
    "spectral_rolloff": {
        "mean": 620.547851563,
        "var": 885172.6875
    },
    "spectral_skewness": {
        "mean": 3.02998399734,
        "var": 3.06961846352
    },
    "spectral_spread": {
        "mean": 3122923.75,
        "var": 3.11390712627e+012
    },
    "spectral_strongpeak": {
        "mean": 0.916901648045,
        "var": 0.769719183445
    },
    "zerocrossingrate": {
        "mean": 0.0255578272045,
        "var": 0.000653641065583
    },
    "barkbands": {
        "mean": [2.36256892094e-006, 3.9279122575e-005, 0.00418594153598, 0.00453923363239, 0.00723452493548, 0.00118469365407, 0.00140466727316, 0.0022212844342, 0.000299465580611, 0.000478515401483, 0.000294515892165, 0.000170585946762, 0.000131194872665, 6.51380396448e-005, 3.25090950355e-005, 2.67470004474e-005, 2.71936296485e-005, 2.08047949855e-005, 3.19712235068e-005, 3.27560082951e-005, 6.13138545305e-005, 7.68374593463e-005, 4.56408888567e-005, 1.9327391783e-005, 3.26197027789e-006, 3.44301611221e-007, 1.33043354111e-008],
        "var": [1.72025810263e-010, 3.96674870728e-009, 8.97095087566e-005, 7.6106400229e-005, 0.000317943777191, 2.63086876657e-005, 2.3959810278e-005, 3.62732062058e-005, 1.01744421954e-006, 1.64982225215e-006, 1.4891148794e-006, 1.71075967614e-007, 1.70808220901e-007, 6.19809128466e-008, 2.5686141214e-008, 8.44555270163e-009, 5.96221960691e-009, 4.17878487369e-009, 1.98437408727e-008, 2.75995901688e-008, 6.5703225971e-008, 1.48541005274e-007, 5.61854953673e-008, 1.3995026471e-008, 3.99865474066e-010, 5.91338436551e-012, 9.61806081014e-015]
    },
    "erbbands": {
        "mean": [0.00133814872243, 0.0596441179514, 2.78828763962, 14.7977352142, 15.8285427094, 31.3703708649, 7.49122428894, 11.9902048111, 15.1547451019, 28.6275081635, 53.2616462708, 10.9904727936, 17.0032291412, 9.96263122559, 8.82219314575, 7.40882873535, 5.9150762558, 3.85408854485, 2.2341427803, 1.56537222862, 1.5645378828, 1.41686165333, 1.28483176231, 2.02554678917, 0.903206765652, 1.4831430912, 2.59635806084, 2.50284123421, 2.59802341461, 2.17080950737, 1.14902973175, 0.606885612011, 0.201811090112, 0.0565853305161, 0.0143214175478, 0.0027627220843, 0.000482214294607, 6.67048734613e-005, 1.30099915623e-005, 2.5593850296e-005],
        "var": [5.2274558584e-006, 0.013856572099, 37.1341209412, 825.010559082, 1042.56066895, 7579.3828125, 175.727493286, 4338.203125, 1176.29699707, 8416.30957031, 24157.7695313, 674.013366699, 2236.18554688, 1441.28662109, 778.398193359, 242.499710083, 312.455871582, 132.370544434, 34.4808692932, 84.6207275391, 22.9950370789, 16.7752037048, 13.7722635269, 94.7251281738, 15.3901414871, 45.3306388855, 86.5574493408, 163.335601807, 244.664550781, 92.9822235107, 32.2397003174, 13.041352272, 1.19317936897, 0.122401975095, 0.00984791666269, 0.000338199926773, 1.26273826027e-005, 2.55175280017e-007, 4.54139087447e-010, 1.05965969333e-009]
    },
    "gfcc": {
        "mean": [-148.393234253, 159.902542114, -103.847747803, 27.8383407593, -79.7881622314, 1.00600934029, -27.1383857727, -31.3024158478, -14.9081001282, -24.2949237823, -17.877910614, -22.2992038727, -15.8154268265],
        "cov": [[9626.30371094, -1591.47180176, -2410.18725586, -140.083374023, -1238.14477539, -30.17694664, -339.307495117, 379.217987061, -146.176757813, 130.58605957, 86.1517562866, 207.534576416, -74.6502838135], [-1591.47180176, 1701.82055664, 610.986755371, -507.87713623, 467.923522949, -358.373291016, 231.89982605, -280.901245117, 227.988586426, -225.09223938, 1.01278972626, -192.404281616, 10.9505090714], [-2410.18725586, 610.986755371, 1482.7097168, 271.029724121, 449.652008057, 56.7989425659, 65.0418395996, -230.95715332, 49.4930343628, -45.5978164673, -75.8519287109, -171.028091431, -58.1440048218], [-140.083374023, -507.87713623, 271.029724121, 601.800476074, 45.7238883972, 219.720993042, -39.1404724121, -0.2569848001, -80.1650772095, 49.8446159363, -35.1531562805, -28.9670982361, -34.6209602356], [-1238.14477539, 467.923522949, 449.652008057, 45.7238883972, 454.907470703, 10.7024002075, 109.70463562, -120.265586853, 34.8585243225, -83.9207839966, -34.3945541382, -79.7490310669, -13.7615222931], [-30.17694664, -358.373291016, 56.7989425659, 219.720993042, 10.7024002075, 290.654632568, 16.1327381134, 47.83070755, -58.7096099854, 34.7065353394, -42.3701171875, 12.4300584793, -18.0807247162], [-339.307495117, 231.89982605, 65.0418395996, -39.1404724121, 109.70463562, 16.1327381134, 175.88444519, 15.457611084, 33.2370643616, -54.8047599792, -32.2713432312, -47.2954330444, -1.79594254494], [379.217987061, -280.901245117, -230.95715332, -0.2569848001, -120.265586853, 47.83070755, 15.457611084, 188.985488892, -2.72100567818, 27.9822406769, -13.7193078995, 37.0989189148, 4.59041786194], [-146.176757813, 227.988586426, 49.4930343628, -80.1650772095, 34.8585243225, -58.7096099854, 33.2370643616, -2.72100567818, 129.503860474, -10.1893234253, -19.7743206024, -43.5180053711, -14.8588342667], [130.58605957, -225.09223938, -45.5978164673, 49.8446159363, -83.9207839966, 34.7065353394, -54.8047599792, 27.9822406769, -10.1893234253, 129.032348633, 26.9131088257, 35.2204818726, -8.864569664], [86.1517562866, 1.01278972626, -75.8519287109, -35.1531562805, -34.3945541382, -42.3701171875, -32.2713432312, -13.7193078995, -19.7743206024, 26.9131088257, 99.7892837524, 39.6440734863, -1.04273235798], [207.534576416, -192.404281616, -171.028091431, -28.9670982361, -79.7490310669, 12.4300584793, -47.2954330444, 37.0989189148, -43.5180053711, 35.2204818726, 39.6440734863, 130.474899292, 33.1621742249], [-74.6502838135, 10.9505090714, -58.1440048218, -34.6209602356, -13.7615222931, -18.0807247162, -1.79594254494, 4.59041786194, -14.8588342667, -8.864569664, -1.04273235798, 33.1621742249, 84.4522018433]],
        "icov": [[0.000235657978919, -5.72422977712e-005, 0.000349028588971, -0.000119084732432, 0.000397262134356, 5.07901972924e-007, 0.000204948446481, 6.87240608386e-005, 0.000128446990857, 0.000138338204124, 0.000187777550309, 9.73334099399e-005, 0.000473894964671], [-5.72422977712e-005, 0.00500744907185, -0.00132740370464, 0.00308108283207, -0.00165799818933, 0.00207088398747, -0.00331134838052, 0.00358023587614, -0.0037909061648, 0.00284698209725, -0.00259805633686, 0.00217842310667, -0.00169817428105], [0.000349028588971, -0.00132740370464, 0.00208662822843, -0.00136232946534, 9.51455367613e-005, -0.000508948229253, 0.00119518418796, 0.000143189521623, 0.000889520568307, -0.000922007136978, 0.00139298511203, 0.000217689579586, 0.00127438316122], [-0.000119084732432, 0.00308108283207, -0.00136232946534, 0.00479137850925, -0.00131005456205, -0.000480897404486, -0.00112637726124, 0.00181002076715, -0.0010623728158, 0.0010841593612, -0.00150727282744, 0.00238426518627, -0.00094523752341], [0.000397262134356, -0.00165799818933, 9.51455367613e-005, -0.00131005456205, 0.00544848619029, -0.000978467054665, -0.000702268502209, 0.000713253160939, 0.000885498709977, 0.000784197065514, 0.000911654904485, -0.000795859261416, 0.00128111802042], [5.07901972924e-007, 0.00207088398747, -0.000508948229253, -0.000480897404486, -0.000978467054665, 0.00701526692137, -0.00276697310619, 0.000552440586034, 0.000538130465429, -0.000294437952107, 0.00167230621446, -0.000587965128943, 0.000753299624193], [0.000204948446481, -0.00331134838052, 0.00119518418796, -0.00112637726124, -0.000702268502209, -0.00276697310619, 0.0113340392709, -0.00470388820395, 0.0015784149291, 0.000514044950251, 0.00172412674874, 0.00107576034497, 0.000692052068189], [6.87240608386e-005, 0.00358023587614, 0.000143189521623, 0.00181002076715, 0.000713253160939, 0.000552440586034, -0.00470388820395, 0.0112017113715, -0.00366558902897, 0.00110746489372, 0.000202399576665, -0.000207581324503, -0.000481972296257], [0.000128446990857, -0.0037909061648, 0.000889520568307, -0.0010623728158, 0.000885498709977, 0.000538130465429, 0.0015784149291, -0.00366558902897, 0.0140688633546, -0.00395043054596, 0.00428586360067, 0.000928127090447, 0.00302343978547], [0.000138338204124, 0.00284698209725, -0.000922007136978, 0.0010841593612, 0.000784197065514, -0.000294437952107, 0.000514044950251, 0.00110746489372, -0.00395043054596, 0.013053198345, -0.00420390861109, -0.000250932032941, 0.000299982551951], [0.000187777550309, -0.00259805633686, 0.00139298511203, -0.00150727282744, 0.000911654904485, 0.00167230621446, 0.00172412674874, 0.000202399576665, 0.00428586360067, -0.00420390861109, 0.0160114411265, -0.00494725350291, 0.00382941123098], [9.73334099399e-005, 0.00217842310667, 0.000217689579586, 0.00238426518627, -0.000795859261416, -0.000587965128943, 0.00107576034497, -0.000207581324503, 0.000928127090447, -0.000250932032941, -0.00494725350291, 0.0147034758702, -0.00498833181337], [0.000473894964671, -0.00169817428105, 0.00127438316122, -0.00094523752341, 0.00128111802042, 0.000753299624193, 0.000692052068189, -0.000481972296257, 0.00302343978547, 0.000299982551951, 0.00382941123098, -0.00498833181337, 0.0159504618496]]
    },
    "melbands": {
        "mean": [7.06864284439e-006, 0.00104105763603, 0.00228889635764, 0.0019037356833, 0.000438753253547, 0.000259244989138, 0.000255048449617, 0.000327253859723, 0.000397859141231, 4.39124632976e-005, 8.37483239593e-005, 3.73749717255e-005, 3.48216963175e-005, 1.82816002052e-005, 1.82423937076e-005, 1.11801000457e-005, 6.8368913162e-006, 3.89066917705e-006, 2.40647568717e-006, 2.12929035115e-006, 1.70328803506e-006, 1.59332341809e-006, 1.14729664347e-006, 1.11197653041e-006, 1.86508566458e-006, 5.93934032622e-007, 6.89275680088e-007, 1.01636942418e-006, 1.81700693247e-006, 1.14366105208e-006, 1.60995080023e-006, 1.58525972438e-006, 1.32495790695e-006, 1.12942848318e-006, 6.79206323184e-007, 5.10929112352e-007, 3.16785218502e-007, 1.66418786307e-007, 7.1091399434e-008, 3.62213761207e-008],
        "var": [1.36646874371e-010, 5.47288209418e-006, 1.65040564752e-005, 2.27853615797e-005, 1.06438471903e-006, 1.6250284034e-006, 4.6740410653e-007, 8.3319417854e-007, 1.31894978495e-006, 1.49166812236e-008, 5.63230351247e-008, 2.00798737637e-008, 1.31369413126e-008, 2.71085953685e-009, 3.23179882855e-009, 1.44615230901e-009, 5.73573244456e-010, 1.52123813546e-010, 1.75436970506e-010, 7.07752398355e-011, 2.44950362077e-011, 2.53688476476e-011, 1.23148123643e-011, 1.72539968424e-011, 9.29748986134e-011, 4.76130636654e-012, 2.78379281432e-011, 2.39943048069e-011, 5.5183402986e-011, 1.61236145962e-011, 8.61942114905e-011, 1.28284285972e-010, 3.24405433072e-011, 2.80980065603e-011, 1.40978973287e-011, 8.33382061277e-012, 3.95401766884e-012, 1.01092051397e-012, 2.22136070931e-013, 6.1072051279e-014]
    },
    "mfcc": {
        "mean": [-788.570251465, 168.988998413, 29.8780117035, 17.9959182739, -18.3651218414, 15.9803705215, -15.0101671219, -3.62295722961, -10.8468084335, -9.80498600006, -6.99173784256, -6.05060863495, -13.3311605453],
        "cov": [[10308.2685547, -1705.08605957, -2029.21826172, -361.542419434, -1300.7076416, -349.931610107, -653.621887207, 173.483016968, -369.813049316, 46.3551826477, -185.300476074, 255.152114868, 3.74827218056], [-1705.08605957, 1937.29504395, 220.872268677, -150.981719971, 153.05380249, -120.926956177, -11.8089323044, -80.912147522, 74.4116363525, -35.4217834473, 41.2479324341, -125.77355957, -15.7864351273], [-2029.21826172, 220.872268677, 986.062866211, 228.017990112, 336.702728271, 192.711502075, 121.00718689, -86.6696929932, 33.0640335083, 24.5630283356, 57.5258865356, -57.0273475647, -47.6909446716], [-361.542419434, -150.981719971, 228.017990112, 310.25958252, 125.251846313, 114.236846924, 48.0795783997, -21.673210144, -8.04345321655, 13.0998344421, 2.66844391823, -11.4440841675, -31.988697052], [-1300.7076416, 153.05380249, 336.702728271, 125.251846313, 363.813873291, 119.727928162, 117.209968567, -30.1190738678, 28.9319477081, -10.2788610458, 19.9245491028, -55.2938842773, -16.4894542694], [-349.931610107, -120.926956177, 192.711502075, 114.236846924, 119.727928162, 252.223754883, 69.7617340088, 0.718048810959, 8.51929283142, 5.0108127594, 18.7013092041, -18.2398643494, -30.6417655945], [-653.621887207, -11.8089323044, 121.00718689, 48.0795783997, 117.209968567, 69.7617340088, 199.047943115, 32.2853431702, 34.2642440796, -10.5375156403, -3.24303746223, -9.61423110962, -4.12178897858], [173.483016968, -80.912147522, -86.6696929932, -21.673210144, -30.1190738678, 0.718048810959, 32.2853431702, 137.842330933, 46.7995529175, 2.47202682495, -17.0623092651, 9.10436630249, 0.0192347671837], [-369.813049316, 74.4116363525, 33.0640335083, -8.04345321655, 28.9319477081, 8.51929283142, 34.2642440796, 46.7995529175, 168.444458008, 33.1113090515, -11.1557016373, -5.28028440475, 7.17286586761], [46.3551826477, -35.4217834473, 24.5630283356, 13.0998344421, -10.2788610458, 5.0108127594, -10.5375156403, 2.47202682495, 33.1113090515, 120.552062988, 10.8587265015, -0.424731314182, -4.11882209778], [-185.300476074, 41.2479324341, 57.5258865356, 2.66844391823, 19.9245491028, 18.7013092041, -3.24303746223, -17.0623092651, -11.1557016373, 10.8587265015, 109.377563477, 8.45868873596, -15.2148962021], [255.152114868, -125.77355957, -57.0273475647, -11.4440841675, -55.2938842773, -18.2398643494, -9.61423110962, 9.10436630249, -5.28028440475, -0.424731314182, 8.45868873596, 108.726013184, 21.8434200287], [3.74827218056, -15.7864351273, -47.6909446716, -31.988697052, -16.4894542694, -30.6417655945, -4.12178897858, 0.0192347671837, 7.17286586761, -4.11882209778, -15.2148962021, 21.8434200287, 120.105644226]],
        "icov": [[0.000319349492202, 0.000138287330628, 0.000375230243662, -5.52523124497e-005, 0.000560582207981, -0.000179215421667, 0.000518974033184, -0.000201672155526, 0.000473589781905, -0.000199160160264, 0.000313715136144, -0.000126901868498, 0.000219279463636], [0.000138287330628, 0.000767199438997, -6.46313992547e-006, 0.000411284476286, -4.57997266494e-005, 0.000388767191907, 0.000331185437972, 0.000255863706116, -0.000203716961551, 0.000209261779673, -0.000131452194182, 0.000613872834947, 0.000198764304514], [0.000375230243662, -6.46313992547e-006, 0.00225355150178, -0.000749009195715, -0.000334081472829, -0.000750093255192, 0.000325533008436, 0.000589245930314, 0.000295647914754, -0.000564675661735, -7.73163192207e-005, -0.000171611827682, 0.000441019277787], [-5.52523124497e-005, 0.000411284476286, -0.000749009195715, 0.00479733990505, -0.00103698240127, -0.00095277040964, -3.08445014525e-005, 0.000380722223781, 0.000281744432868, -0.000395044218749, 0.000622787163593, -0.000187698489754, 0.000732178683393], [0.000560582207981, -4.57997266494e-005, -0.000334081472829, -0.00103698240127, 0.00637738080695, -0.00119754532352, -0.0010800975142, 0.000354057294317, 0.000340772356139, 0.000339645077474, 0.000116751121823, 0.00129917275626, -0.000129636915517], [-0.000179215421667, 0.000388767191907, -0.000750093255192, -0.00095277040964, -0.00119754532352, 0.00598798552528, -0.0011325427331, -0.000226862262934, -0.000376145500923, 0.000204578333069, -0.000926170498133, 0.000619155471213, 0.000629070331343], [0.000518974033184, 0.000331185437972, 0.000325533008436, -3.08445014525e-005, -0.0010800975142, -0.0011325427331, 0.00794409122318, -0.0022469421383, 0.000127937222715, 0.000418468611315, 0.00090947811259, -0.000622939376626, 0.000219354420551], [-0.000201672155526, 0.000255863706116, 0.000589245930314, 0.000380722223781, 0.000354057294317, -0.000226862262934, -0.0022469421383, 0.00977256149054, -0.00304805370979, 0.000453883578302, 0.000397727417294, -4.29378887929e-005, 0.000543146801647], [0.000473589781905, -0.000203716961551, 0.000295647914754, 0.000281744432868, 0.000340772356139, -0.000376145500923, 0.000127937222715, -0.00304805370979, 0.00841233227402, -0.00265805050731, 0.00137157773133, -0.000447549362434, -0.000231825426454], [-0.000199160160264, 0.000209261779673, -0.000564675661735, -0.000395044218749, 0.000339645077474, 0.000204578333069, 0.000418468611315, 0.000453883578302, -0.00265805050731, 0.00949607696384, -0.00137998501305, 0.00058912509121, 1.98334273591e-005], [0.000313715136144, -0.000131452194182, -7.73163192207e-005, 0.000622787163593, 0.000116751121823, -0.000926170498133, 0.00090947811259, 0.000397727417294, 0.00137157773133, -0.00137998501305, 0.0106127932668, -0.00197667442262, 0.00149367097765], [-0.000126901868498, 0.000613872834947, -0.000171611827682, -0.000187698489754, 0.00129917275626, 0.000619155471213, -0.000622939376626, -4.29378887929e-005, -0.000447549362434, 0.00058912509121, -0.00197667442262, 0.0113417673856, -0.00198471383192], [0.000219279463636, 0.000198764304514, 0.000441019277787, 0.000732178683393, -0.000129636915517, 0.000629070331343, 0.000219354420551, 0.000543146801647, -0.000231825426454, 1.98334273591e-005, 0.00149367097765, -0.00198471383192, 0.00943024270236]]
    },
    "spectral_contrast_coeffs": {
        "mean": [-0.462463468313, -0.692790806293, -0.752332448959, -0.772654533386, -0.795757591724, -0.72583091259],
        "var": [0.0100002242252, 0.0122864767909, 0.00937040895224, 0.0052727595903, 0.00494435383007, 0.00261525600217]
    },
    "spectral_contrast_valleys": {
        "mean": [-8.78854942322, -7.54175519943, -8.67428779602, -9.50540065765, -9.92482471466, -12.5037317276],
        "var": [0.591971933842, 1.20326507092, 1.11579442024, 1.04938828945, 1.18324518204, 1.2928955555]
    }
},
"metadata": {
    "audio_properties": {
        "analysis_sample_rate": 44100,
        "bit_rate": 128074,
        "equal_loudness": 0,
        "length": 45.0612258911,
        "lossless": 0,
        "replay_gain": -6.11475372314,
        "sample_rate": 44100,
        "codec": "mp3",
        "downmix": "mix",
        "md5_encoded": "126b4e2dd33efa01cd087b5a41968c26"
    },
    "tags": {
        "file_name": "1193.mp3"
    },
    "version": {
        "essentia": "2.1-beta2",
        "essentia_git_sha": "v2.1_beta2",
        "extractor": "music 1.0"
    }
},
"rhythm": {
    "beats_count": 86,
    "beats_loudness": {
        "mean": 0.036825209856,
        "var": 0.000764003139921
    },
    "bpm": 132.421417236,
    "bpm_histogram_first_peak_bpm": {
        "mean": 133,
        "var": 0
    },
    "bpm_histogram_first_peak_spread": {
        "mean": 0.519999980927,
        "var": 0
    },
    "bpm_histogram_first_peak_weight": {
        "mean": 0.141176477075,
        "var": 0
    },
    "bpm_histogram_second_peak_bpm": {
        "mean": 117,
        "var": 0
    },
    "bpm_histogram_second_peak_spread": {
        "mean": 0.571428537369,
        "var": 0
    },
    "bpm_histogram_second_peak_weight": {
        "mean": 0.0705882385373,
        "var": 0
    },
    "danceability": 1.23785340786,
    "onset_rate": 4.63604354858,
    "beats_loudness_band_ratio": {
        "mean": [0.41950327158, 0.330150485039, 0.246529221535, 0.0770214423537, 0.0113935917616, 0.0200578942895],
        "var": [0.0974762290716, 0.071162559092, 0.0614158287644, 0.0206394940615, 0.000481933820993, 0.00238983565941]
    },
    "beats_position": [0.441179126501, 0.905578196049, 1.369977355, 1.83437633514, 2.29877543449, 2.73995471001, 3.15791368484, 3.58748292923, 4.04027223587, 4.48145103455, 4.93424034119, 5.41024923325, 5.94430828094, 6.45514726639, 6.96598625183, 7.47682523727, 7.98766422272, 8.48689365387, 8.99773216248, 9.52018165588, 10.0542402267, 10.6115188599, 11.1571884155, 11.7144670486, 12.2717456818, 12.840634346, 13.3746938705, 13.9203624725, 14.4660310745, 14.9420404434, 15.3948297501, 15.8592290878, 16.3120174408, 16.7996368408, 17.2872562408, 17.7748756409, 18.2276649475, 18.7268924713, 19.2493419647, 19.760181427, 20.2826309204, 20.9676189423, 21.6642169952, 22.3840351105, 23.0922451019, 23.800453186, 24.4854412079, 25.1704311371, 25.8786392212, 26.5752372742, 27.2602272034, 27.9452152252, 28.5489330292, 29.1526527405, 29.7331504822, 30.3252601624, 30.9057598114, 31.4862575531, 32.0667572021, 32.6472549438, 33.1697044373, 33.6689338684, 34.1681632996, 34.6441726685, 35.0969619751, 35.5613594055, 35.9909286499, 36.4088897705, 36.8268470764, 37.244808197, 37.6627655029, 38.0691146851, 38.4870758057, 38.9398651123, 39.4042625427, 39.8802719116, 40.309841156, 40.7510185242, 41.2038078308, 41.6565971375, 42.1093864441, 42.550567627, 43.0033569336, 43.4445343018, 43.8857116699, 44.3385009766]
},
"tonal": {
    "chords_changes_rate": 0.0823045298457,
    "chords_number_rate": 0.00925925932825,
    "chords_strength": {
        "mean": 0.520924329758,
        "var": 0.00645949086174
    },
    "hpcp_entropy": {
        "mean": 1.58669936657,
        "var": 0.501249790192
    },
    "key_strength": 0.734650373459,
    "tuning_diatonic_strength": 0.646833062172,
    "tuning_equal_tempered_deviation": 0.0802866220474,
    "tuning_frequency": 445.112548828,
    "tuning_nontempered_energy_ratio": 0.759701609612,
    "hpcp": {
        "mean": [0.149461790919, 0.131450667977, 0.10689471662, 0.12685520947, 0.081063374877, 0.0454316735268, 0.0700363442302, 0.123767517507, 0.196259453893, 0.197762683034, 0.11517983675, 0.070870809257, 0.0947826951742, 0.13520899415, 0.266023010015, 0.349284738302, 0.204573273659, 0.0736302882433, 0.0654838681221, 0.0428116433322, 0.0170065686107, 0.0201860889792, 0.0187255870551, 0.016264712438, 0.0320131741464, 0.039884891361, 0.0259008295834, 0.0126596130431, 0.0282500255853, 0.155578359962, 0.230287224054, 0.129774048924, 0.0500002726912, 0.0385940223932, 0.0463282763958, 0.0882542356849],
        "var": [0.0715898498893, 0.0583217293024, 0.0439488142729, 0.0845007896423, 0.0400136969984, 0.0148441568017, 0.0334169156849, 0.0592884868383, 0.0973320007324, 0.100963555276, 0.0543718747795, 0.0328801013529, 0.0539972446859, 0.0599560365081, 0.100036039948, 0.159464985132, 0.0844473317266, 0.0228177905083, 0.0370285138488, 0.0217316448689, 0.0032170843333, 0.00790960900486, 0.00628745602444, 0.00427594827488, 0.0182074382901, 0.0224002450705, 0.00872349180281, 0.00287878699601, 0.00488151749596, 0.064224652946, 0.116304807365, 0.0518294870853, 0.0237511619925, 0.0187763124704, 0.0244092326611, 0.0346197374165]
    },
    "chords_histogram": [34.6707801819, 1.23456788063, 0.514403283596, 1.44032919407, 0, 1.95473253727, 0, 43.3127555847, 3.08641982079, 0.205761313438, 2.16049385071, 0, 0.925925910473, 0, 0, 0, 0, 0.514403283596, 0, 0, 0, 0, 4.62962961197, 5.34979438782],
    "thpcp": [1, 0.585691988468, 0.210803046823, 0.187479898334, 0.122569464147, 0.0486896969378, 0.0577926449478, 0.0536112375557, 0.0465657673776, 0.0916535183787, 0.114190191031, 0.0741539150476, 0.036244392395, 0.0808796435595, 0.445419847965, 0.659310877323, 0.371542274952, 0.1431504637, 0.110494442284, 0.132637560368, 0.252671331167, 0.427908152342, 0.376342445612, 0.306038886309, 0.363185673952, 0.232083931565, 0.130070596933, 0.200513616204, 0.354345619678, 0.561889588833, 0.566193342209, 0.329759150743, 0.202902674675, 0.271362245083, 0.387102484703, 0.761622190475],
    "chords_key": "G",
    "chords_scale": "major",
    "key_key": "G",
    "key_scale": "minor"
}
}