{
"lowlevel": {
    "average_loudness": 0.185718357563,
    "barkbands_crest": {
        "mean": 15.8200969696,
        "var": 18.2568874359
    },
    "barkbands_flatness_db": {
        "mean": 0.334304600954,
        "var": 0.00546205369756
    },
    "barkbands_kurtosis": {
        "mean": 27.8477840424,
        "var": 926.865783691
    },
    "barkbands_skewness": {
        "mean": 2.67793297768,
        "var": 3.83779835701
    },
    "barkbands_spread": {
        "mean": 3.11194825172,
        "var": 23.9083976746
    },
    "dissonance": {
        "mean": 0.392030656338,
        "var": 0.00446918373927
    },
    "dynamic_complexity": 9.85992527008,
    "erbbands_crest": {
        "mean": 19.0741214752,
        "var": 50.5784225464
    },
    "erbbands_flatness_db": {
        "mean": 0.309034049511,
        "var": 0.00498253758997
    },
    "erbbands_kurtosis": {
        "mean": 17.1608161926,
        "var": 775.215820313
    },
    "erbbands_skewness": {
        "mean": 2.62920761108,
        "var": 3.45178318024
    },
    "erbbands_spread": {
        "mean": 10.8964576721,
        "var": 58.6658287048
    },
    "hfc": {
        "mean": 3.68418240547,
        "var": 31.2890720367
    },
    "melbands_crest": {
        "mean": 22.9140892029,
        "var": 38.1199111938
    },
    "melbands_flatness_db": {
        "mean": 0.433919548988,
        "var": 0.00723798619583
    },
    "melbands_kurtosis": {
        "mean": 35.59557724,
        "var": 1092.19470215
    },
    "melbands_skewness": {
        "mean": 3.25671243668,
        "var": 4.56080436707
    },
    "melbands_spread": {
        "mean": 3.84128928185,
        "var": 56.3980369568
    },
    "pitch_salience": {
        "mean": 0.378208428621,
        "var": 0.0260211136192
    },
    "silence_rate_20dB": {
        "mean": 1,
        "var": 0
    },
    "silence_rate_30dB": {
        "mean": 0.99330586195,
        "var": 0.00664932467043
    },
    "silence_rate_60dB": {
        "mean": 0.573120474815,
        "var": 0.244649171829
    },
    "spectral_centroid": {
        "mean": 364.067169189,
        "var": 65171.5351563
    },
    "spectral_complexity": {
        "mean": 4.04170942307,
        "var": 12.205789566
    },
    "spectral_decrease": {
        "mean": -4.55925963649e-009,
        "var": 5.22789959273e-017
    },
    "spectral_energy": {
        "mean": 0.0175418443978,
        "var": 0.000772191211581
    },
    "spectral_energyband_high": {
        "mean": 3.63051913155e-006,
        "var": 8.2057569073e-011
    },
    "spectral_energyband_low": {
        "mean": 0.00239024683833,
        "var": 1.58946913871e-005
    },
    "spectral_energyband_middle_high": {
        "mean": 0.000134912683279,
        "var": 1.01463093927e-007
    },
    "spectral_energyband_middle_low": {
        "mean": 0.0169888306409,
        "var": 0.000732271641027
    },
    "spectral_entropy": {
        "mean": 5.69299316406,
        "var": 0.595390200615
    },
    "spectral_flux": {
        "mean": 0.0338497795165,
        "var": 0.00129869906232
    },
    "spectral_kurtosis": {
        "mean": 34.0072135925,
        "var": 662.412719727
    },
    "spectral_rms": {
        "mean": 0.00290008424781,
        "var": 8.70350959303e-006
    },
    "spectral_rolloff": {
        "mean": 378.096008301,
        "var": 247667.859375
    },
    "spectral_skewness": {
        "mean": 4.26653289795,
        "var": 2.82243680954
    },
    "spectral_spread": {
        "mean": 2012745.5,
        "var": 1.36331381965e+012
    },
    "spectral_strongpeak": {
        "mean": 0.637688279152,
        "var": 0.404520630836
    },
    "zerocrossingrate": {
        "mean": 0.0154429627582,
        "var": 0.000195968299522
    },
    "barkbands": {
        "mean": [0.000224553295993, 0.000118141979328, 7.64587603044e-005, 0.0109325805679, 0.00442507164553, 0.000597286387347, 0.000547588802874, 0.000301209103782, 0.000170980260009, 4.18346789957e-005, 1.97603840206e-005, 3.7343132135e-005, 1.02020712802e-005, 7.39844472264e-006, 9.2822847364e-006, 6.84158931108e-006, 4.17272622144e-006, 3.99647979066e-006, 2.58349200521e-006, 1.42519559176e-006, 8.29476107356e-007, 1.30861099024e-006, 4.79305015233e-007, 3.05894928943e-007, 1.64283719073e-007, 5.22157144189e-008, 2.45922016084e-009],
        "var": [5.54440134692e-007, 7.60326699378e-008, 2.81564851434e-008, 0.000339219055604, 5.75285848754e-005, 1.16887702006e-006, 1.22094195376e-006, 5.48956961666e-007, 1.11252518309e-007, 9.25498788718e-009, 2.25011120847e-009, 1.42734650765e-008, 6.97117030768e-010, 2.90975188388e-010, 1.205190725e-009, 3.28362143032e-010, 1.33840688532e-010, 1.81377815545e-010, 8.12750006185e-011, 1.46757796887e-011, 3.4061913446e-012, 1.47425318481e-011, 2.4081578745e-012, 1.42344653859e-012, 4.96982229675e-013, 1.65981608341e-013, 6.55352620604e-016]
    },
    "erbbands": {
        "mean": [0.00555913429707, 0.0262342821807, 0.321526825428, 14.1036691666, 40.6534423828, 4.98873376846, 3.69386672974, 5.31820344925, 8.27559757233, 6.70372152328, 5.78930282593, 4.45835065842, 1.94939529896, 1.17109823227, 0.954187691212, 1.43779706955, 0.676183819771, 0.475277721882, 0.441998720169, 0.383341878653, 0.311080306768, 0.247108876705, 0.210812658072, 0.206087291241, 0.108443930745, 0.0571462064981, 0.0343948453665, 0.0361867509782, 0.0556495971978, 0.022680664435, 0.0137283755466, 0.00831910409033, 0.0040713516064, 0.00249398057349, 0.000786151213106, 0.00023062726541, 0.000114379909064, 1.51777712745e-005, 8.29327018437e-006, 1.92069237528e-005],
        "var": [0.000231770609389, 0.00266444752924, 0.263956665993, 559.338623047, 4781.12060547, 69.2102584839, 51.1960372925, 76.9554214478, 171.981781006, 312.241149902, 274.937988281, 77.6577072144, 15.5011758804, 9.0604724884, 4.61113357544, 20.225151062, 3.9114677906, 1.30858373642, 2.27734160423, 1.06755006313, 0.802472114563, 0.445060908794, 0.56984513998, 0.672553181648, 0.110403671861, 0.0158790796995, 0.00571889895946, 0.00662927236408, 0.0290951747447, 0.0047448920086, 0.00245364126749, 0.000931102375034, 0.000255892693531, 0.000111450302938, 1.39091443998e-005, 2.59200646724e-006, 6.38930146124e-007, 2.05718091451e-008, 1.69080582868e-010, 9.22313281304e-010]
    },
    "gfcc": {
        "mean": [-265.737426758, 177.464233398, -92.0125732422, 7.03186559677, -56.3341178894, -20.812707901, -48.2910995483, -9.78737354279, -13.5527019501, -18.3195152283, -9.518034935, -16.5377349854, -3.35499501228],
        "cov": [[15977.2480469, 858.631591797, -286.573608398, 923.67578125, -548.430175781, 631.064697266, 1195.36791992, -1027.91333008, -240.207931519, -971.057067871, -794.701721191, -976.013061523, -1087.1270752], [858.631591797, 689.648803711, 168.700439453, 111.060150146, 51.9498214722, -103.288948059, 185.57434082, -239.814575195, 53.5099716187, -142.971191406, -54.9059143066, -234.677581787, -17.4975242615], [-286.573608398, 168.700439453, 452.156921387, -53.8955764771, -4.45091342926, -64.065788269, -97.3454589844, -62.7643699646, -86.058265686, -53.8524665833, 2.54370045662, -57.9666137695, 70.8131027222], [923.67578125, 111.060150146, -53.8955764771, 583.801635742, 76.5112533569, 128.525146484, 415.532867432, -235.360198975, 120.823410034, -7.93413066864, -209.114883423, -189.130203247, -153.099975586], [-548.430175781, 51.9498214722, -4.45091342926, 76.5112533569, 207.803665161, -59.260219574, -6.93918895721, 17.865020752, 72.9765319824, 77.1073226929, -1.70134294033, -0.407479524612, 38.2248191833], [631.064697266, -103.288948059, -64.065788269, 128.525146484, -59.260219574, 282.651184082, 167.397064209, -72.8780822754, -66.6831665039, -132.989120483, -79.6648254395, -56.408416748, -110.935577393], [1195.36791992, 185.57434082, -97.3454589844, 415.532867432, -6.93918895721, 167.397064209, 618.968505859, -303.02935791, 30.1610889435, -97.0658340454, -238.03918457, -139.301803589, -221.463623047], [-1027.91333008, -239.814575195, -62.7643699646, -235.360198975, 17.865020752, -72.8780822754, -303.02935791, 364.223907471, 49.3695716858, 147.307846069, 157.35899353, 121.909934998, 118.34400177], [-240.207931519, 53.5099716187, -86.058265686, 120.823410034, 72.9765319824, -66.6831665039, 30.1610889435, 49.3695716858, 188.651504517, 120.885795593, 21.8598384857, -25.0985736847, 23.5419425964], [-971.057067871, -142.971191406, -53.8524665833, -7.93413066864, 77.1073226929, -132.989120483, -97.0658340454, 147.307846069, 120.885795593, 280.197021484, 73.1332321167, 127.064628601, 94.797088623], [-794.701721191, -54.9059143066, 2.54370045662, -209.114883423, -1.70134294033, -79.6648254395, -238.03918457, 157.35899353, 21.8598384857, 73.1332321167, 188.675079346, 88.9420471191, 116.579490662], [-976.013061523, -234.677581787, -57.9666137695, -189.130203247, -0.407479524612, -56.408416748, -139.301803589, 121.909934998, -25.0985736847, 127.064628601, 88.9420471191, 231.899353027, 93.6703796387], [-1087.1270752, -17.4975242615, 70.8131027222, -153.099975586, 38.2248191833, -110.935577393, -221.463623047, 118.34400177, 23.5419425964, 94.797088623, 116.579490662, 93.6703796387, 189.901565552]],
        "icov": [[0.000141424563481, -0.000179569848115, 0.000154132489115, -7.15202040737e-005, 0.00030715673347, -1.53138917085e-005, 0.000233488710364, 7.49854079913e-005, 9.06883360585e-005, -4.25341931987e-006, 0.000231444486417, 0.000174142231117, 0.000595624384005], [-0.000179569848115, 0.00626699905843, -0.000951473892201, 0.00289190560579, -0.00180404877756, 0.0030048743356, -0.00346563989297, 0.00286366557702, -0.00246426137164, 0.00191045028623, -0.00216278200969, 0.00584899401292, -0.00367752485909], [0.000154132489115, -0.000951473892201, 0.00387574033812, -0.000561277964152, 0.000551894831005, 0.000398226169636, 0.00100434478372, 0.000505447736941, 0.0032381999772, -0.00106509402394, 0.000718546041753, 0.00183192547411, -0.00133970356546], [-7.15202040737e-005, 0.00289190560579, -0.000561277964152, 0.00905868131667, -0.00210656621493, -0.00195743190125, -0.0029800827615, 0.00387169467285, -0.0046559353359, -0.00299290986732, 0.00260893860832, 0.0065011177212, -0.00197523436509], [0.00030715673347, -0.00180404877756, 0.000551894831005, -0.00210656621493, 0.00731433834881, 0.000184331962373, 0.00163877021987, -0.000767970515881, -0.000270606891718, -0.000778787594754, 0.00179175182711, -0.00121297023725, 0.000633818213828], [-1.53138917085e-005, 0.0030048743356, 0.000398226169636, -0.00195743190125, 0.000184331962373, 0.0090369861573, -0.00253240158781, -0.00107159640174, 0.00180870830081, 0.0047812317498, -0.00225668190978, 0.00135308993049, -0.000473836174933], [0.000233488710364, -0.00346563989297, 0.00100434478372, -0.0029800827615, 0.00163877021987, -0.00253240158781, 0.00784016773105, 0.00112266954966, -0.000428696046583, -0.00101868703496, 0.00378793594427, -0.00423997920007, 0.00520228361711], [7.49854079913e-005, 0.00286366557702, 0.000505447736941, 0.00387169467285, -0.000767970515881, -0.00107159640174, 0.00112266954966, 0.00913847330958, -0.00312951859087, -0.00268340506591, -0.00129476306029, 0.00401174416766, -0.000687570951413], [9.06883360585e-005, -0.00246426137164, 0.0032381999772, -0.0046559353359, -0.000270606891718, 0.00180870830081, -0.000428696046583, -0.00312951859087, 0.0166356097907, -0.00544201396406, -0.00348523166031, 0.00320834713057, -0.000896328419913], [-4.25341931987e-006, 0.00191045028623, -0.00106509402394, -0.00299290986732, -0.000778787594754, 0.0047812317498, -0.00101868703496, -0.00268340506591, -0.00544201396406, 0.0134213948622, -0.000985758961178, -0.00604565674439, -0.000867936527357], [0.000231444486417, -0.00216278200969, 0.000718546041753, 0.00260893860832, 0.00179175182711, -0.00225668190978, 0.00378793594427, -0.00129476306029, -0.00348523166031, -0.000985758961178, 0.0160445105284, -0.00188642251305, -0.0014885016717], [0.000174142231117, 0.00584899401292, 0.00183192547411, 0.0065011177212, -0.00121297023725, 0.00135308993049, -0.00423997920007, 0.00401174416766, 0.00320834713057, -0.00604565674439, -0.00188642251305, 0.0192070379853, -0.00601192424074], [0.000595624384005, -0.00367752485909, -0.00133970356546, -0.00197523436509, 0.000633818213828, -0.000473836174933, 0.00520228361711, -0.000687570951413, -0.000896328419913, -0.000867936527357, -0.0014885016717, -0.00601192424074, 0.0177585314959]]
    },
    "melbands": {
        "mean": [5.1416860515e-005, 3.65192972822e-005, 0.00401597144082, 0.00149836624041, 0.000119612421258, 0.000123181613162, 0.000119536096463, 6.98106159689e-005, 4.31265907537e-005, 2.68015737674e-005, 9.02342253539e-006, 4.75420074508e-006, 2.85876490125e-006, 3.18201318805e-006, 3.71329883819e-006, 8.78368382473e-007, 8.55658072396e-007, 6.13136933225e-007, 6.93459526246e-007, 5.32247327101e-007, 2.82827812725e-007, 2.27361681482e-007, 2.70694670235e-007, 1.50871741766e-007, 1.72389192699e-007, 8.46770618068e-008, 6.78350815519e-008, 3.02861948853e-008, 2.31753567448e-008, 1.68500822184e-008, 2.2488439555e-008, 3.09172527579e-008, 2.39326958251e-008, 9.50956025036e-009, 8.50155590371e-009, 5.37902966613e-009, 4.99742558446e-009, 2.80389800267e-009, 2.33554198203e-009, 2.04988692687e-009],
        "var": [1.78700201303e-008, 5.68156188763e-009, 4.5698183385e-005, 6.43182738713e-006, 4.9787143297e-008, 3.93040480162e-008, 4.1353516167e-008, 3.42283961174e-008, 1.47383412141e-008, 2.99890690059e-009, 3.43514522383e-010, 1.60702368079e-010, 4.27382677859e-011, 7.83661191495e-011, 1.58173529829e-010, 4.98802821963e-012, 4.17348447468e-012, 3.72004684002e-012, 7.15456426742e-012, 1.5983502499e-012, 7.23147561797e-013, 2.97405736106e-013, 9.29488257195e-013, 3.20756875921e-013, 5.41614875779e-013, 6.16208405374e-014, 5.20752908297e-014, 4.00086059998e-015, 2.69119689166e-015, 1.80017604115e-015, 2.72567007383e-015, 7.53805536464e-015, 6.99278341056e-015, 7.47293176589e-016, 9.58181775263e-016, 4.54920273086e-016, 3.40815247152e-016, 1.19717175075e-016, 1.12517183266e-016, 8.19371762873e-017]
    },
    "mfcc": {
        "mean": [-893.176513672, 176.505508423, 32.8444404602, 19.1699867249, 4.22120809555, -9.80921554565, -20.6604881287, -8.28472805023, -8.00559806824, -9.93236160278, -7.26308298111, -8.01912784576, -3.82434749603],
        "cov": [[10467.75, 2968.97314453, -1209.82788086, 437.036621094, -745.479187012, 695.340759277, 351.083557129, 407.023803711, -98.3540725708, 67.8739089966, 266.815155029, -452.064300537, -642.467651367], [2968.97314453, 1438.66088867, -185.183685303, 62.9049491882, -197.478210449, 122.25378418, 92.0481948853, 79.6924667358, -57.1721000671, -34.9535102844, 19.7222137451, -175.60319519, -256.9793396], [-1209.82788086, -185.183685303, 455.20916748, 20.2939414978, 65.2493591309, -62.4113388062, -6.06109714508, -86.9329299927, -4.1631731987, 21.5850811005, -66.4966125488, 25.5783348083, 20.9438495636], [437.036621094, 62.9049491882, 20.2939414978, 333.295196533, 27.0652599335, 121.305953979, -28.5993938446, -50.7781715393, 77.2220687866, 111.53629303, 25.2905693054, -25.6456737518, 20.1072883606], [-745.479187012, -197.478210449, 65.2493591309, 27.0652599335, 249.073562622, -44.6184082031, -87.9134979248, -65.3656845093, 38.7783699036, 55.2735290527, -18.5296401978, 46.3875274658, 89.2192306519], [695.340759277, 122.25378418, -62.4113388062, 121.305953979, -44.6184082031, 245.372894287, 142.686035156, 47.6114349365, 47.7538032532, 80.9224624634, 29.2258911133, -51.7452735901, -74.1246414185], [351.083557129, 92.0481948853, -6.06109714508, -28.5993938446, -87.9134979248, 142.686035156, 209.93031311, 96.3225860596, 5.16865682602, 17.689868927, 13.3849897385, -48.2606048584, -106.024131775], [407.023803711, 79.6924667358, -86.9329299927, -50.7781715393, -65.3656845093, 47.6114349365, 96.3225860596, 120.702438354, 14.389093399, -8.19821643829, 20.5072898865, -24.2099609375, -50.1859893799], [-98.3540725708, -57.1721000671, -4.1631731987, 77.2220687866, 38.7783699036, 47.7538032532, 5.16865682602, 14.389093399, 122.060646057, 106.871994019, 34.7148628235, 30.5011978149, 30.4689826965], [67.8739089966, -34.9535102844, 21.5850811005, 111.53629303, 55.2735290527, 80.9224624634, 17.689868927, -8.19821643829, 106.871994019, 164.30368042, 60.3378257751, 23.5259151459, 17.5579147339], [266.815155029, 19.7222137451, -66.4966125488, 25.2905693054, -18.5296401978, 29.2258911133, 13.3849897385, 20.5072898865, 34.7148628235, 60.3378257751, 85.2612838745, 33.7960929871, 6.46238136292], [-452.064300537, -175.60319519, 25.5783348083, -25.6456737518, 46.3875274658, -51.7452735901, -48.2606048584, -24.2099609375, 30.5011978149, 23.5259151459, 33.7960929871, 99.7222595215, 81.7407608032], [-642.467651367, -256.9793396, 20.9438495636, 20.1072883606, 89.2192306519, -74.1246414185, -106.024131775, -50.1859893799, 30.4689826965, 17.5579147339, 6.46238136292, 81.7407608032, 153.537658691]],
        "icov": [[0.000838149571791, -0.0011712948326, 0.00136569037568, -0.000921482045669, 0.00108816660941, -0.00102014257573, 0.00138054962736, -0.00200934172608, 0.0028473904822, -0.0022895198781, 0.000593667617068, -0.000893520948011, 0.000800334324595], [-0.0011712948326, 0.00281515275128, -0.00172695552465, 0.00104182679206, -0.00128624890931, 0.00133634952363, -0.00101455359254, 0.00255539827049, -0.00391555763781, 0.0033153325785, -0.00144453078974, 0.00200617988594, 0.000827624753583], [0.00136569037568, -0.00172695552465, 0.0065727038309, -0.00282229203731, 0.002056670608, 0.0015196489403, -0.00143274129368, -0.000534555467311, 0.00619887653738, -0.00726743880659, 0.00669052125886, -0.00478091882542, 0.00253627868369], [-0.000921482045669, 0.00104182679206, -0.00282229203731, 0.00814603548497, -0.000480666203657, -0.00375369284302, 0.00222359108739, 0.00454106880352, -0.00614496320486, 0.00222031050362, -0.00360249285586, 0.00649867439643, -0.00364967621863], [0.00108816660941, -0.00128624890931, 0.002056670608, -0.000480666203657, 0.00830226857215, -0.00146098143887, 0.0034987218678, -0.00207856553607, 0.00488451030105, -0.0080437110737, 0.00559756951407, -0.00240334682167, -0.000615728087723], [-0.00102014257573, 0.00133634952363, 0.0015196489403, -0.00375369284302, -0.00146098143887, 0.015752742067, -0.013105369173, 0.00551937939599, -0.00315011525527, -0.00131851492915, 0.00194854545407, 0.00126385060139, -0.000518375600222], [0.00138054962736, -0.00101455359254, -0.00143274129368, 0.00222359108739, 0.0034987218678, -0.013105369173, 0.0239052232355, -0.0146871712059, 0.00731654092669, -0.00557164801285, 0.000555179198273, -0.00256557180546, 0.00785745400935], [-0.00200934172608, 0.00255539827049, -0.000534555467311, 0.00454106880352, -0.00207856553607, 0.00551937939599, -0.0146871712059, 0.0275468714535, -0.0174544490874, 0.0126748662442, -0.00758469477296, 0.00831266772002, -0.00401019817218], [0.0028473904822, -0.00391555763781, 0.00619887653738, -0.00614496320486, 0.00488451030105, -0.00315011525527, 0.00731654092669, -0.0174544490874, 0.0378678515553, -0.028401453048, 0.0136365424842, -0.013393833302, 0.00259812315926], [-0.0022895198781, 0.0033153325785, -0.00726743880659, 0.00222031050362, -0.0080437110737, -0.00131851492915, -0.00557164801285, 0.0126748662442, -0.028401453048, 0.0371051095426, -0.022167602554, 0.0107346642762, -0.00238667824306], [0.000593667617068, -0.00144453078974, 0.00669052125886, -0.00360249285586, 0.00559756951407, 0.00194854545407, 0.000555179198273, -0.00758469477296, 0.0136365424842, -0.022167602554, 0.036829572171, -0.0208519697189, 0.00459772907197], [-0.000893520948011, 0.00200617988594, -0.00478091882542, 0.00649867439643, -0.00240334682167, 0.00126385060139, -0.00256557180546, 0.00831266772002, -0.013393833302, 0.0107346642762, -0.0208519697189, 0.0350461117923, -0.0139776896685], [0.000800334324595, 0.000827624753583, 0.00253627868369, -0.00364967621863, -0.000615728087723, -0.000518375600222, 0.00785745400935, -0.00401019817218, 0.00259812315926, -0.00238667824306, 0.00459772907197, -0.0139776896685, 0.0226071514189]]
    },
    "spectral_contrast_coeffs": {
        "mean": [-0.541388511658, -0.722472012043, -0.80510944128, -0.826067388058, -0.822685420513, -0.793664693832],
        "var": [0.0178574807942, 0.0116551788524, 0.00254181050695, 0.00189937790856, 0.00190128223039, 0.00272428290918]
    },
    "spectral_contrast_valleys": {
        "mean": [-9.35195350647, -8.03346538544, -9.38087844849, -10.0976524353, -10.8359155655, -13.965057373],
        "var": [1.83036565781, 2.24543595314, 2.31922054291, 1.77009952068, 1.92792522907, 1.79438555241]
    }
},
"metadata": {
    "audio_properties": {
        "analysis_sample_rate": 44100,
        "bit_rate": 128074,
        "equal_loudness": 0,
        "length": 45.0612258911,
        "lossless": 0,
        "replay_gain": -4.21505737305,
        "sample_rate": 44100,
        "codec": "mp3",
        "downmix": "mix",
        "md5_encoded": "331f54d00c04790ff945b339842ccaed"
    },
    "tags": {
        "file_name": "1196.mp3"
    },
    "version": {
        "essentia": "2.1-beta2",
        "essentia_git_sha": "v2.1_beta2",
        "extractor": "music 1.0"
    }
},
"rhythm": {
    "beats_count": 90,
    "beats_loudness": {
        "mean": 0.0261514894664,
        "var": 0.00129245698918
    },
    "bpm": 126.192939758,
    "bpm_histogram_first_peak_bpm": {
        "mean": 126,
        "var": 0
    },
    "bpm_histogram_first_peak_spread": {
        "mean": 0.517241358757,
        "var": 0
    },
    "bpm_histogram_first_peak_weight": {
        "mean": 0.157303377986,
        "var": 0
    },
    "bpm_histogram_second_peak_bpm": {
        "mean": 140,
        "var": 0
    },
    "bpm_histogram_second_peak_spread": {
        "mean": 0.444444417953,
        "var": 0
    },
    "bpm_histogram_second_peak_weight": {
        "mean": 0.112359553576,
        "var": 0
    },
    "danceability": 0.808240771294,
    "onset_rate": 1.53055989742,
    "beats_loudness_band_ratio": {
        "mean": [0.622130811214, 0.252623617649, 0.207989856601, 0.0182296130806, 0.00917021557689, 0.00107741239481],
        "var": [0.138795986772, 0.0637019425631, 0.0782326906919, 0.00312166847289, 0.00293323630467, 2.3274711566e-005]
    },
    "beats_position": [0.49922901392, 1.01006805897, 1.53251695633, 2.04335594177, 2.56580495834, 3.08825397491, 3.61070299149, 4.12154197693, 4.76009082794, 5.39863920212, 6.03718805313, 6.6989569664, 7.36072540283, 8.01088428497, 8.66104316711, 9.21832180023, 9.78721046448, 10.3560991287, 10.9249887466, 11.4938774109, 11.9931058884, 12.4923353195, 12.9915647507, 13.4675731659, 13.9435825348, 14.4428119659, 14.9188203812, 15.3948297501, 15.8824491501, 16.3468475342, 16.8344669342, 17.298866272, 17.786485672, 18.2624931335, 18.7385025024, 19.2145118713, 19.6905212402, 20.1665306091, 20.642539978, 21.1301574707, 21.6061668396, 22.0821762085, 22.5465755463, 23.0225849152, 23.4985942841, 23.9862117767, 24.4738311768, 24.9614505768, 25.5071201324, 26.0643978119, 26.6216773987, 27.0860767365, 27.5388660431, 27.9916553497, 28.4444446564, 28.9088420868, 29.3732414246, 29.8376407623, 30.3020401001, 30.7548294067, 31.1960086823, 31.5907478333, 31.9854869843, 32.3802261353, 32.7981834412, 33.2161445618, 33.6341018677, 34.1797714233, 34.725440979, 35.2711105347, 35.8283882141, 36.3740577698, 36.9313354492, 37.3841247559, 37.8369140625, 38.2897033691, 38.7192726135, 39.1488418579, 39.5784111023, 39.9963722229, 40.4259414673, 40.8555107117, 41.2734680176, 41.703037262, 42.1326065063, 42.5621757507, 42.9917449951, 43.4213142395, 43.8624954224, 44.3036727905]
},
"tonal": {
    "chords_changes_rate": 0.031893003732,
    "chords_number_rate": 0.00823045242578,
    "chords_strength": {
        "mean": 0.598390638828,
        "var": 0.009053084068
    },
    "hpcp_entropy": {
        "mean": 1.89987969398,
        "var": 0.437977910042
    },
    "key_strength": 0.532085716724,
    "tuning_diatonic_strength": 0.629121661186,
    "tuning_equal_tempered_deviation": 0.0818505361676,
    "tuning_frequency": 440.254241943,
    "tuning_nontempered_energy_ratio": 0.761059165001,
    "hpcp": {
        "mean": [0.035917326808, 0.0300206802785, 0.0484170764685, 0.0581932812929, 0.0359624586999, 0.0266050510108, 0.0451767146587, 0.0555604286492, 0.0633258372545, 0.0622266456485, 0.0396245010197, 0.0308069791645, 0.0519557259977, 0.0729278624058, 0.0572972372174, 0.028756082058, 0.0173725001514, 0.0199050977826, 0.0218303129077, 0.0194114893675, 0.0230513960123, 0.0312575176358, 0.0892107263207, 0.373639553785, 0.569519519806, 0.346713989973, 0.107042379677, 0.0435847453773, 0.0441090576351, 0.0742485225201, 0.073647081852, 0.0552667714655, 0.11715375632, 0.223315626383, 0.167139604688, 0.0553127378225],
        "var": [0.0137400645763, 0.0117032974958, 0.0304558910429, 0.0383645743132, 0.0149700064212, 0.0060852104798, 0.019881805405, 0.0253698844463, 0.0243204701692, 0.0262109041214, 0.013366852887, 0.0103907957673, 0.0243135355413, 0.0416162647307, 0.0277818925679, 0.008524376899, 0.0031454062555, 0.00313632772304, 0.00374163780361, 0.00325302430429, 0.00647321389988, 0.0110349114984, 0.0251482725143, 0.127062737942, 0.174335554242, 0.110229164362, 0.0503146164119, 0.0205111801624, 0.0155638623983, 0.0423562638462, 0.0378002300858, 0.0270299948752, 0.0464396886528, 0.134835198522, 0.0792048573494, 0.0154343973845]
    },
    "chords_histogram": [42.7983551025, 3.49794244766, 2.36625504494, 0, 0, 5.45267486572, 4.11522626877, 29.8353900909, 0, 0.823045253754, 0, 0, 0, 0, 0, 3.39506173134, 0.205761313438, 0.823045253754, 0.102880656719, 0, 0, 0, 0.617283940315, 5.96707820892],
    "thpcp": [1, 0.608783304691, 0.187952086329, 0.0765289738774, 0.0774495974183, 0.130370467901, 0.129314407706, 0.0970410481095, 0.205706298351, 0.392112344503, 0.293474763632, 0.0971217602491, 0.0630660131574, 0.0527122952044, 0.0850139036775, 0.102179609239, 0.0631452575326, 0.0467149056494, 0.079324260354, 0.0975566729903, 0.111191689968, 0.109261654317, 0.069575317204, 0.0540929287672, 0.0912272930145, 0.128051564097, 0.100606277585, 0.0504918284714, 0.030503783375, 0.034950684756, 0.0383311063051, 0.0340839773417, 0.0404751636088, 0.0548840127885, 0.156642094254, 0.656060993671],
    "chords_key": "F",
    "chords_scale": "minor",
    "key_key": "F",
    "key_scale": "minor"
}
}