{
"lowlevel": {
    "average_loudness": 0.0201686974615,
    "barkbands_crest": {
        "mean": 16.291349411,
        "var": 32.7069778442
    },
    "barkbands_flatness_db": {
        "mean": 0.351872801781,
        "var": 0.00545934168622
    },
    "barkbands_kurtosis": {
        "mean": 7.32940912247,
        "var": 285.814453125
    },
    "barkbands_skewness": {
        "mean": 0.899933755398,
        "var": 4.03718566895
    },
    "barkbands_spread": {
        "mean": 6.95791292191,
        "var": 28.2759590149
    },
    "dissonance": {
        "mean": 0.439921200275,
        "var": 0.00282703060657
    },
    "dynamic_complexity": 7.39794445038,
    "erbbands_crest": {
        "mean": 20.849822998,
        "var": 60.0381622314
    },
    "erbbands_flatness_db": {
        "mean": 0.419208198786,
        "var": 0.00418374268338
    },
    "erbbands_kurtosis": {
        "mean": 6.14339733124,
        "var": 167.348358154
    },
    "erbbands_skewness": {
        "mean": 0.965387701988,
        "var": 3.10215592384
    },
    "erbbands_spread": {
        "mean": 10.0901136398,
        "var": 58.4777870178
    },
    "hfc": {
        "mean": 20.1934642792,
        "var": 2669.63500977
    },
    "melbands_crest": {
        "mean": 18.1425991058,
        "var": 27.8563156128
    },
    "melbands_flatness_db": {
        "mean": 0.339434415102,
        "var": 0.00543846655637
    },
    "melbands_kurtosis": {
        "mean": 9.69159317017,
        "var": 410.007171631
    },
    "melbands_skewness": {
        "mean": 1.20797038078,
        "var": 4.16473770142
    },
    "melbands_spread": {
        "mean": 14.1312074661,
        "var": 113.795036316
    },
    "pitch_salience": {
        "mean": 0.413704305887,
        "var": 0.0213441159576
    },
    "silence_rate_20dB": {
        "mean": 0.995365619659,
        "var": 0.00461303442717
    },
    "silence_rate_30dB": {
        "mean": 0.975798130035,
        "var": 0.0236163455993
    },
    "silence_rate_60dB": {
        "mean": 0.427394449711,
        "var": 0.244732767344
    },
    "spectral_centroid": {
        "mean": 1876.99755859,
        "var": 251916.984375
    },
    "spectral_complexity": {
        "mean": 5.03244066238,
        "var": 7.43718481064
    },
    "spectral_decrease": {
        "mean": -3.37357231039e-009,
        "var": 9.54578404461e-017
    },
    "spectral_energy": {
        "mean": 0.014564236626,
        "var": 0.00172614108305
    },
    "spectral_energyband_high": {
        "mean": 0.000116336836072,
        "var": 6.8998666336e-008
    },
    "spectral_energyband_low": {
        "mean": 7.42085421734e-006,
        "var": 8.96738794331e-010
    },
    "spectral_energyband_middle_high": {
        "mean": 0.0139090996236,
        "var": 0.00171283190139
    },
    "spectral_energyband_middle_low": {
        "mean": 0.000629038142506,
        "var": 6.39428390059e-006
    },
    "spectral_entropy": {
        "mean": 5.82465982437,
        "var": 0.28863286972
    },
    "spectral_flux": {
        "mean": 0.0365809313953,
        "var": 0.00130909611471
    },
    "spectral_kurtosis": {
        "mean": 14.3284263611,
        "var": 55.4812698364
    },
    "spectral_rms": {
        "mean": 0.00267130509019,
        "var": 7.07313802195e-006
    },
    "spectral_rolloff": {
        "mean": 2007.57250977,
        "var": 619275.5625
    },
    "spectral_skewness": {
        "mean": 2.30917930603,
        "var": 0.497060358524
    },
    "spectral_spread": {
        "mean": 2275885,
        "var": 1.05165311181e+012
    },
    "spectral_strongpeak": {
        "mean": 3.46326947212,
        "var": 15.7820634842
    },
    "zerocrossingrate": {
        "mean": 0.0735703036189,
        "var": 0.000433556444477
    },
    "barkbands": {
        "mean": [2.86372505798e-006, 3.57685962626e-006, 2.7995970413e-006, 1.69686515505e-007, 2.1401844208e-007, 1.79822018254e-006, 6.09257549513e-005, 0.00031182661769, 0.000103050144389, 0.000222559450776, 0.00048668065574, 0.00695523573086, 0.00413754535839, 6.0468166339e-005, 0.000534292019438, 0.000876092468388, 0.000317151745548, 0.000128234809381, 0.000220857313252, 7.77739624027e-005, 3.29417052853e-005, 1.70924322447e-005, 5.83814426136e-006, 2.73822911367e-006, 1.01615103176e-006, 4.78180197661e-007, 3.1512222165e-008],
        "var": [8.36826274941e-010, 1.83123474717e-010, 2.50669096591e-010, 1.66216595609e-012, 5.2673269392e-012, 6.10767339482e-011, 8.94946126095e-008, 5.10509835294e-006, 5.62293536177e-008, 1.06760467133e-006, 1.67145856267e-006, 0.00155288178939, 0.000140257950989, 4.99487988748e-008, 2.87152147393e-006, 3.93096252083e-006, 1.05014623841e-006, 8.43287892849e-008, 3.70677753381e-007, 2.80109588857e-008, 1.57479131957e-008, 2.54927923216e-009, 6.01477867512e-010, 1.28944160904e-010, 4.376932497e-011, 1.21092129379e-011, 2.37209933635e-014]
    },
    "erbbands": {
        "mean": [9.65306608123e-005, 0.000848900293931, 0.00355435581878, 0.00124510540627, 0.000512273050845, 0.000774894142523, 0.00351332803257, 0.0215905122459, 0.257551014423, 6.06096887589, 3.06337428093, 3.19837188721, 7.06950283051, 6.96232175827, 45.4319610596, 369.100982666, 242.091079712, 20.4527606964, 4.62821865082, 68.6014633179, 28.5487613678, 12.997168541, 8.40574359894, 7.92454910278, 10.6105947495, 5.0128455162, 1.73698318005, 1.27674627304, 0.571088731289, 0.283500611782, 0.180170983076, 0.0738023892045, 0.0293165724725, 0.0115323048085, 0.00743433320895, 0.00306973117404, 0.000791900791228, 0.000146221631439, 1.26970835481e-005, 1.84557411558e-005],
        "var": [8.81805064523e-008, 1.55826819537e-005, 0.000407775485655, 4.24816680606e-005, 1.88507729035e-005, 7.17026923667e-005, 0.000753147236537, 0.00608709128574, 1.20895683765, 1391.43786621, 377.860900879, 47.7592658997, 1240.54370117, 452.276855469, 24007.5585938, 4015102, 429266.34375, 2177.07080078, 93.1385726929, 22200.7441406, 3668.40576172, 1389.94311523, 303.927398682, 324.651672363, 1410.70263672, 98.5296173096, 35.6578063965, 7.54367113113, 3.61384344101, 0.473736107349, 1.01429963112, 0.10605429858, 0.0109975328669, 0.00263025099412, 0.00266928435303, 0.000704728299752, 3.9061789721e-005, 7.50440960928e-007, 1.84986892471e-009, 2.67099231621e-009]
    },
    "gfcc": {
        "mean": [-233.911758423, -7.59234428406, -261.750061035, -23.0886440277, -49.8702049255, 9.63290119171, -9.20031261444, 12.8169059753, -1.85217726231, 16.4906349182, 5.24390077591, 2.99835062027, -11.8326473236],
        "cov": [[7213.31787109, -2071.82910156, -1088.45141602, 74.44480896, -22.6673698425, 586.486999512, 195.802474976, -299.956115723, -521.197143555, -222.733413696, 86.8505859375, 113.015670776, -7.53035354614], [-2071.82910156, 2194.18066406, 1098.4543457, 196.283004761, 217.225418091, -400.10635376, 19.7811775208, 441.488311768, 493.129943848, 204.802001953, -67.8312835693, -147.962219238, -77.6951599121], [-1088.45141602, 1098.4543457, 1278.15222168, 530.048217773, 329.821472168, 199.890655518, 71.7788772583, 175.344711304, 59.5756111145, 92.0065689087, 58.1981925964, 29.3977718353, -100.937812805], [74.44480896, 196.283004761, 530.048217773, 596.979431152, 357.98638916, 281.520568848, 38.2856369019, -66.3048553467, -102.046760559, 15.6880455017, 63.1289405823, 122.406829834, 71.6644668579], [-22.6673698425, 217.225418091, 329.821472168, 357.98638916, 612.661193848, 383.627746582, 78.1526489258, -154.738342285, -144.95690918, 4.32791614532, 94.5426712036, 101.878074646, 97.6427078247], [586.486999512, -400.10635376, 199.890655518, 281.520568848, 383.627746582, 772.572631836, 281.23248291, -127.925849915, -222.521209717, -146.93611145, 67.8942871094, 87.6518096924, 32.9655952454], [195.802474976, 19.7811775208, 71.7788772583, 38.2856369019, 78.1526489258, 281.23248291, 332.539245605, 198.388809204, 64.6671676636, -50.1791992188, -19.4220104218, -81.2096099854, -95.5730361938], [-299.956115723, 441.488311768, 175.344711304, -66.3048553467, -154.738342285, -127.925849915, 198.388809204, 555.720825195, 354.048858643, 21.7895107269, -152.368331909, -220.882965088, -183.919662476], [-521.197143555, 493.129943848, 59.5756111145, -102.046760559, -144.95690918, -222.521209717, 64.6671676636, 354.048858643, 486.221740723, 171.330795288, -68.6401672363, -184.739486694, -164.250976563], [-222.733413696, 204.802001953, 92.0065689087, 15.6880455017, 4.32791614532, -146.93611145, -50.1791992188, 21.7895107269, 171.330795288, 321.624511719, 149.991607666, -50.5721817017, -144.982070923], [86.8505859375, -67.8312835693, 58.1981925964, 63.1289405823, 94.5426712036, 67.8942871094, -19.4220104218, -152.368331909, -68.6401672363, 149.991607666, 328.038696289, 111.181716919, -89.7463531494], [113.015670776, -147.962219238, 29.3977718353, 122.406829834, 101.878074646, 87.6518096924, -81.2096099854, -220.882965088, -184.739486694, -50.5721817017, 111.181716919, 342.488067627, 290.062225342], [-7.53035354614, -77.6951599121, -100.937812805, 71.6644668579, 97.6427078247, 32.9655952454, -95.5730361938, -183.919662476, -164.250976563, -144.982070923, -89.7463531494, 290.062225342, 552.183837891]],
        "icov": [[0.000215936481254, 3.64751467714e-005, 0.000292915647151, -0.000249919015914, 7.61418195907e-005, -0.00014857907081, 8.58194289322e-006, -0.000189706988749, 0.000246070994763, -0.000106067382148, 4.23132987635e-005, -0.000109282627818, 0.000137390874443], [3.64751467714e-005, 0.00346536235884, -0.00369556713849, 0.00147617096081, -0.00255772378296, 0.00407925713807, -0.00259369728155, 0.00149268307723, -0.003023609519, 0.00176724116318, -0.0008414418553, 0.00149572105147, -0.0014798726188], [0.000292915647151, -0.00369556713849, 0.00604178709909, -0.00315277627669, 0.00249673705548, -0.00485662184656, 0.00352596747689, -0.00309095880948, 0.00385837466456, -0.00238878326491, 0.00111993425526, -0.00240258383565, 0.00239140889607], [-0.000249919015914, 0.00147617096081, -0.00315277627669, 0.00485492544249, -0.00238623167388, 0.0012639403576, -0.000687603722326, 0.000666094885673, -0.00126111274585, 0.000242753434577, 0.000150697349454, -0.000132674307679, -0.000769966805819], [7.61418195907e-005, -0.00255772378296, 0.00249673705548, -0.00238623167388, 0.00549325719476, -0.00428354647011, 0.00173573766369, -0.000473396823509, 0.00234208884649, -0.00186776323244, -3.15199649776e-005, 8.0374906247e-005, -6.72718033456e-006], [-0.00014857907081, 0.00407925713807, -0.00485662184656, 0.0012639403576, -0.00428354647011, 0.00946828257293, -0.00749634578824, 0.00409282557666, -0.00368496938609, 0.00368292955682, -0.00111275189556, 0.00154468335677, -0.00134333060123], [8.58194289322e-006, -0.00259369728155, 0.00352596747689, -0.000687603722326, 0.00173573766369, -0.00749634578824, 0.0114721087739, -0.00604085437953, 0.00258458964527, -0.00129943259526, -0.000484954594867, -0.000538052292541, 0.00111454108264], [-0.000189706988749, 0.00149268307723, -0.00309095880948, 0.000666094885673, -0.000473396823509, 0.00409282557666, -0.00604085437953, 0.00836606696248, -0.00512516498566, 0.00259034638293, 0.000739534501918, 0.0014773895964, -0.000363946834113], [0.000246070994763, -0.003023609519, 0.00385837466456, -0.00126111274585, 0.00234208884649, -0.00368496938609, 0.00258458964527, -0.00512516498566, 0.00909633841366, -0.00520478840917, 0.00176663324237, -0.00121427664999, 0.00125719001517], [-0.000106067382148, 0.00176724116318, -0.00238878326491, 0.000242753434577, -0.00186776323244, 0.00368292955682, -0.00129943259526, 0.00259034638293, -0.00520478840917, 0.00883810315281, -0.00448638526723, 0.00245554954745, -0.000719404604752], [4.23132987635e-005, -0.0008414418553, 0.00111993425526, 0.000150697349454, -3.15199649776e-005, -0.00111275189556, -0.000484954594867, 0.000739534501918, 0.00176663324237, -0.00448638526723, 0.00883686635643, -0.00606901245192, 0.0042735892348], [-0.000109282627818, 0.00149572105147, -0.00240258383565, -0.000132674307679, 8.0374906247e-005, 0.00154468335677, -0.000538052292541, 0.0014773895964, -0.00121427664999, 0.00245554954745, -0.00606901245192, 0.0116506936029, -0.00674344506115], [0.000137390874443, -0.0014798726188, 0.00239140889607, -0.000769966805819, -6.72718033456e-006, -0.00134333060123, 0.00111454108264, -0.000363946834113, 0.00125719001517, -0.000719404604752, 0.0042735892348, -0.00674344506115, 0.00671677337959]]
    },
    "melbands": {
        "mean": [9.94104539132e-007, 1.62061712672e-006, 2.21285276325e-007, 3.95715566981e-008, 9.89979653809e-008, 4.12784373793e-007, 4.64139293399e-006, 7.52251435188e-005, 2.13125986193e-005, 1.86049728654e-005, 3.45650078089e-005, 2.1187326638e-005, 7.472471043e-005, 0.000760700379033, 0.00069392262958, 0.000348594010575, 8.73727731232e-006, 2.63580159299e-006, 4.32060805906e-005, 0.000106494204374, 2.10595462704e-005, 1.46828388097e-005, 1.17607696666e-005, 5.3993308029e-006, 5.85942416365e-006, 1.02462336145e-005, 2.74038620773e-006, 3.51605854121e-006, 9.21793400721e-007, 1.11151609872e-006, 6.45549278033e-007, 3.54227580601e-007, 2.15275775872e-007, 1.32547171461e-007, 1.37519506893e-007, 2.91954371789e-008, 5.04422992265e-008, 1.62306470486e-008, 2.00753316193e-008, 6.98120716791e-009],
        "var": [9.73785548725e-012, 7.73986014169e-011, 1.30582751643e-012, 1.83921291825e-013, 7.05800218617e-013, 2.94066160311e-012, 4.11762651753e-010, 2.38880630832e-007, 1.40194718057e-008, 1.74203551584e-009, 3.12941139669e-008, 7.45720551976e-009, 3.78629643194e-008, 1.87533260032e-005, 5.89826822761e-006, 1.04560456293e-006, 6.96385393795e-010, 1.60060673049e-010, 1.40177895958e-008, 4.69030254635e-008, 3.27113691689e-009, 3.15807535678e-009, 1.16667187022e-009, 1.94732452385e-010, 2.96209973216e-010, 1.25308163845e-009, 6.48014211735e-011, 6.22194726296e-011, 1.05614501519e-011, 2.88092518591e-011, 1.80677250505e-012, 1.55229876262e-012, 9.16226729902e-013, 1.26706669245e-013, 7.49936408546e-013, 7.5428283953e-015, 7.28037083202e-014, 2.61502131289e-015, 8.0765472435e-015, 1.80624566749e-015]
    },
    "mfcc": {
        "mean": [-866.793640137, 33.3915939331, -113.784439087, -25.3749065399, -29.4579315186, -2.24188137054, 1.96493184566, 5.26681041718, 2.32583475113, 5.96441411972, 11.7122573853, 26.3725299835, 25.7721996307],
        "cov": [[5319.77050781, -749.077575684, -1636.83959961, -64.7121963501, -740.153564453, 117.899414063, 205.974212646, 228.637252808, -33.0970306396, -194.789428711, -423.764007568, -54.1319122314, 404.055603027], [-749.077575684, 1146.92614746, 404.631011963, 248.463745117, 217.747894287, -295.932800293, -201.658920288, -99.0966644287, 258.473968506, 330.517150879, 297.515533447, -56.7183647156, -69.1690597534], [-1636.83959961, 404.631011963, 1434.95629883, 299.957000732, 546.633728027, 178.035919189, 118.358825684, 90.9606552124, -21.6323776245, 42.9584541321, 224.033706665, 221.552307129, -51.2470817566], [-64.7121963501, 248.463745117, 299.957000732, 447.330535889, 247.89151001, 90.0945663452, 66.5969772339, -65.7466506958, -18.5358982086, 14.8854389191, 50.9806442261, 20.8689041138, 100.962387085], [-740.153564453, 217.747894287, 546.633728027, 247.89151001, 580.000061035, 334.734100342, 200.356491089, -2.915776968, -159.270629883, -164.649154663, -15.5805101395, 133.24836731, 90.6128692627], [117.899414063, -295.932800293, 178.035919189, 90.0945663452, 334.734100342, 644.334411621, 382.041107178, 88.6123199463, -206.215026855, -336.458984375, -200.602554321, 137.871276855, 165.336257935], [205.974212646, -201.658920288, 118.358825684, 66.5969772339, 200.356491089, 382.041107178, 464.971862793, 190.505157471, -112.454086304, -208.540756226, -142.782333374, 127.579055786, 96.6278762817], [228.637252808, -99.0966644287, 90.9606552124, -65.7466506958, -2.915776968, 88.6123199463, 190.505157471, 438.680938721, 165.472198486, 36.6554985046, -68.0421981812, -27.1363945007, -8.20941638947], [-33.0970306396, 258.473968506, -21.6323776245, -18.5358982086, -159.270629883, -206.215026855, -112.454086304, 165.472198486, 539.083435059, 363.613494873, 22.9994983673, -227.236328125, -95.6767349243], [-194.789428711, 330.517150879, 42.9584541321, 14.8854389191, -164.649154663, -336.458984375, -208.540756226, 36.6554985046, 363.613494873, 567.047058105, 355.401062012, -78.8812637329, -198.918502808], [-423.764007568, 297.515533447, 224.033706665, 50.9806442261, -15.5805101395, -200.602554321, -142.782333374, -68.0421981812, 22.9994983673, 355.401062012, 772.904968262, 453.796295166, -201.759689331], [-54.1319122314, -56.7183647156, 221.552307129, 20.8689041138, 133.24836731, 137.871276855, 127.579055786, -27.1363945007, -227.236328125, -78.8812637329, 453.796295166, 769.175048828, 85.9881973267], [404.055603027, -69.1690597534, -51.2470817566, 100.962387085, 90.6128692627, 165.336257935, 96.6278762817, -8.20941638947, -95.6767349243, -198.918502808, -201.759689331, 85.9881973267, 389.985961914]],
        "icov": [[0.000467793754069, -0.000114741007565, 0.000472331157653, -0.000569876981899, 0.000747822225094, -0.000371641624952, 5.66883863939e-005, -0.0004690408241, 0.000323434709571, -0.000250369717833, 0.000325468223309, -0.000290216266876, -0.00015151995467], [-0.000114741007565, 0.00210177339613, -0.000198219000595, -3.80169694836e-005, -0.00184944854118, 0.0014995780075, -0.000265734299319, 0.000668509572279, -0.00130667700432, 0.000496835622471, -0.00123234046623, 0.000775102234911, -0.000526277523022], [0.000472331157653, -0.000198219000595, 0.00181941175833, -0.00097087956965, -0.000505658506881, -0.000286489055725, 0.000379331235308, -0.000973708520178, 0.000294210651191, -0.000376707059331, 0.000420135533204, -0.000674619281199, 0.000336506112944], [-0.000569876981899, -3.80169694836e-005, -0.00097087956965, 0.004664324224, -0.00206283736043, 0.000711488013621, -0.00123922515195, 0.00161020411178, -0.000630441936664, 0.000158480077516, -0.00162735430058, 0.00155931070913, -0.0014923796989], [0.000747822225094, -0.00184944854118, -0.000505658506881, -0.00206283736043, 0.00719982804731, -0.00336105935276, 0.000194820429897, -0.000890485767741, 0.00195580534637, -0.000570219301153, 0.00144509354141, -0.000945712730754, 0.000194933178136], [-0.000371641624952, 0.0014995780075, -0.000286489055725, 0.000711488013621, -0.00336105935276, 0.0057182428427, -0.0028055657167, 0.000967301020864, -0.00140485877637, 0.00182719447184, -0.00117901957128, 0.000749079394154, -0.000686455285177], [5.66883863939e-005, -0.000265734299319, 0.000379331235308, -0.00123922515195, 0.000194820429897, -0.0028055657167, 0.00611487869173, -0.00255704973824, 0.000993857043795, -0.000680610828567, 0.00186132884119, -0.0017215461703, 0.00107925536577], [-0.0004690408241, 0.000668509572279, -0.000973708520178, 0.00161020411178, -0.000890485767741, 0.000967301020864, -0.00255704973824, 0.00475340057164, -0.0023042766843, 0.00057537003886, -0.000878088583704, 0.000755909190048, -0.000302633037791], [0.000323434709571, -0.00130667700432, 0.000294210651191, -0.000630441936664, 0.00195580534637, -0.00140485877637, 0.000993857043795, -0.0023042766843, 0.00607883743942, -0.00446204142645, 0.00264572561719, -0.000722158700228, 0.000224832750973], [-0.000250369717833, 0.000496835622471, -0.000376707059331, 0.000158480077516, -0.000570219301153, 0.00182719447184, -0.000680610828567, 0.00057537003886, -0.00446204142645, 0.00852229911834, -0.00533924205229, 0.0027698345948, -0.000325157743646], [0.000325468223309, -0.00123234046623, 0.000420135533204, -0.00162735430058, 0.00144509354141, -0.00117901957128, 0.00186132884119, -0.000878088583704, 0.00264572561719, -0.00533924205229, 0.00838587246835, -0.00558356149122, 0.00310042640194], [-0.000290216266876, 0.000775102234911, -0.000674619281199, 0.00155931070913, -0.000945712730754, 0.000749079394154, -0.0017215461703, 0.000755909190048, -0.000722158700228, 0.0027698345948, -0.00558356149122, 0.00548297399655, -0.00257152807899], [-0.00015151995467, -0.000526277523022, 0.000336506112944, -0.0014923796989, 0.000194933178136, -0.000686455285177, 0.00107925536577, -0.000302633037791, 0.000224832750973, -0.000325157743646, 0.00310042640194, -0.00257152807899, 0.00509068323299]]
    },
    "spectral_contrast_coeffs": {
        "mean": [-0.84460234642, -0.638018667698, -0.616571903229, -0.54955714941, -0.62124222517, -0.696995735168],
        "var": [0.00432442547753, 0.00798034016043, 0.0117006106302, 0.0068977274932, 0.00370454601943, 0.00249502831139]
    },
    "spectral_contrast_valleys": {
        "mean": [-12.4049777985, -10.8096656799, -10.1393470764, -10.1726875305, -10.5770196915, -13.3446035385],
        "var": [0.945395946503, 0.937178611755, 1.10390090942, 1.01501369476, 0.981917738914, 0.95799446106]
    }
},
"metadata": {
    "audio_properties": {
        "analysis_sample_rate": 44100,
        "bit_rate": 128074,
        "equal_loudness": 0,
        "length": 45.0612258911,
        "lossless": 0,
        "replay_gain": -5.85768318176,
        "sample_rate": 44100,
        "codec": "mp3",
        "downmix": "mix",
        "md5_encoded": "d1a3ccb36f46532ea8e2ad747904681b"
    },
    "tags": {
        "file_name": "1197.mp3"
    },
    "version": {
        "essentia": "2.1-beta2",
        "essentia_git_sha": "v2.1_beta2",
        "extractor": "music 1.0"
    }
},
"rhythm": {
    "beats_count": 81,
    "beats_loudness": {
        "mean": 0.0209799259901,
        "var": 0.00414034724236
    },
    "bpm": 118.129928589,
    "bpm_histogram_first_peak_bpm": {
        "mean": 117,
        "var": 0
    },
    "bpm_histogram_first_peak_spread": {
        "mean": 0.517241418362,
        "var": 0
    },
    "bpm_histogram_first_peak_weight": {
        "mean": 0.17499999702,
        "var": 0
    },
    "bpm_histogram_second_peak_bpm": {
        "mean": 103,
        "var": 0
    },
    "bpm_histogram_second_peak_spread": {
        "mean": 0.586206912994,
        "var": 0
    },
    "bpm_histogram_second_peak_weight": {
        "mean": 0.15000000596,
        "var": 0
    },
    "danceability": 0.865051805973,
    "onset_rate": 2.4400229454,
    "beats_loudness_band_ratio": {
        "mean": [0.0148514285684, 0.000871511700097, 0.142426431179, 0.525320112705, 0.291293025017, 0.0452734082937],
        "var": [0.00930880941451, 1.17886620501e-005, 0.0531765855849, 0.0819678232074, 0.0581798739731, 0.0046647451818]
    },
    "beats_position": [0.476009070873, 0.975238084793, 1.47446703911, 1.97369611263, 2.46131515503, 2.96054410934, 3.47138309479, 3.98222208023, 4.48145103455, 4.99229001999, 5.50312900543, 6.01396799088, 6.52480697632, 7.03564596176, 7.55809497833, 8.06893444061, 8.59138298035, 9.10222244263, 9.61306095123, 10.1239004135, 10.6463489532, 11.1804075241, 11.7028570175, 12.2833557129, 12.8638544083, 13.4211339951, 13.9900226593, 14.5589113235, 15.1394100189, 15.7199087143, 16.3004074097, 16.8809070587, 17.4614048004, 18.0419044495, 18.6107940674, 19.179681778, 19.7485713959, 20.3290691376, 20.8282985687, 21.3159179688, 21.8035373688, 22.2911567688, 22.7903842926, 23.2896137238, 23.8701133728, 24.4506111145, 25.0427207947, 25.6116104126, 26.168888092, 26.7261676788, 27.2834453583, 27.8407249451, 28.3980045319, 28.9552822113, 29.5125617981, 30.1046714783, 30.7083892822, 31.3121089935, 31.9042167664, 32.4963264465, 33.0884361267, 33.6805419922, 34.2958717346, 34.9112014771, 35.5265312195, 36.1302490234, 36.7223587036, 37.3376846313, 37.9530143738, 38.5683441162, 39.1488418579, 39.7409515381, 40.2866210938, 40.8322906494, 41.3895683289, 41.9004058838, 42.4112472534, 42.9104766846, 43.4097061157, 43.9089317322, 44.4197731018]
},
"tonal": {
    "chords_changes_rate": 0.0390946492553,
    "chords_number_rate": 0.00925925932825,
    "chords_strength": {
        "mean": 0.498854935169,
        "var": 0.0085027506575
    },
    "hpcp_entropy": {
        "mean": 1.62286245823,
        "var": 0.292581230402
    },
    "key_strength": 0.702814698219,
    "tuning_diatonic_strength": 0.526216983795,
    "tuning_equal_tempered_deviation": 0.100565589964,
    "tuning_frequency": 440.763122559,
    "tuning_nontempered_energy_ratio": 0.770899295807,
    "hpcp": {
        "mean": [0.0776282399893, 0.0476784184575, 0.00667346222326, 0.00111511838622, 0.00459356792271, 0.12736479938, 0.328086704016, 0.271074146032, 0.150505140424, 0.202036648989, 0.143538966775, 0.0269939024001, 0.00208037067205, 0.00486777722836, 0.0567886307836, 0.137241855264, 0.108640782535, 0.0308903418481, 0.0152757829055, 0.0142738232389, 0.122848495841, 0.335582464933, 0.282343864441, 0.121443718672, 0.122463613749, 0.0729273110628, 0.0149564165622, 0.0256037544459, 0.0252999216318, 0.0350323580205, 0.0849323570728, 0.0683726966381, 0.0153745878488, 0.00706655159593, 0.00814359821379, 0.0406083017588],
        "var": [0.0471618212759, 0.0253345258534, 0.00171387440059, 0.000118606178148, 0.000201776492759, 0.0403775647283, 0.156024470925, 0.116642452776, 0.0481874719262, 0.0968352779746, 0.0677845776081, 0.00595020502806, 5.30413381057e-005, 0.000500534835737, 0.0228278022259, 0.087648935616, 0.0610782206059, 0.00749656371772, 0.00431899167597, 0.00262079993263, 0.0341959185898, 0.169841662049, 0.123559370637, 0.0465006940067, 0.0929775610566, 0.0439047552645, 0.00147042085882, 0.0060737458989, 0.00592749891803, 0.00879122316837, 0.0499334782362, 0.0322718992829, 0.00180756440386, 0.00116648897529, 0.000708035309799, 0.0114495679736]
    },
    "chords_histogram": [47.2222213745, 15.4320983887, 0, 0, 0, 2.16049385071, 0, 5.55555534363, 0, 0, 0, 0, 0, 0, 1.44032919407, 0, 0.205761313438, 0, 0.308641970158, 3.49794244766, 0, 4.01234579086, 14.3004112244, 5.86419773102],
    "thpcp": [1, 0.84135466814, 0.361889332533, 0.364928513765, 0.217315614223, 0.0445685274899, 0.0762964636087, 0.0753910690546, 0.104392692447, 0.253089368343, 0.203743353486, 0.0458146333694, 0.0210575703532, 0.0242670550942, 0.12100841105, 0.231323882937, 0.142076611519, 0.0198862068355, 0.00332293403335, 0.0136883435771, 0.379533529282, 0.977663457394, 0.807772099972, 0.448489278555, 0.602047681808, 0.427730828524, 0.0804389566183, 0.00619928305969, 0.0145054580644, 0.169224068522, 0.408966124058, 0.323737949133, 0.0920499265194, 0.0455202050507, 0.0425344742835, 0.36607542634],
    "chords_key": "E",
    "chords_scale": "minor",
    "key_key": "E",
    "key_scale": "minor"
}
}