{
"lowlevel": {
    "average_loudness": 0.352551311255,
    "barkbands_crest": {
        "mean": 13.6740455627,
        "var": 18.7064285278
    },
    "barkbands_flatness_db": {
        "mean": 0.344295352697,
        "var": 0.00349946739152
    },
    "barkbands_kurtosis": {
        "mean": 5.89559173584,
        "var": 79.628036499
    },
    "barkbands_skewness": {
        "mean": 0.821632444859,
        "var": 1.81760132313
    },
    "barkbands_spread": {
        "mean": 4.65680980682,
        "var": 14.4232683182
    },
    "dissonance": {
        "mean": 0.35114005208,
        "var": 0.00476503465325
    },
    "dynamic_complexity": 6.88748264313,
    "erbbands_crest": {
        "mean": 15.1876354218,
        "var": 26.647851944
    },
    "erbbands_flatness_db": {
        "mean": 0.352915018797,
        "var": 0.00305718532763
    },
    "erbbands_kurtosis": {
        "mean": 5.09139919281,
        "var": 72.4846572876
    },
    "erbbands_skewness": {
        "mean": 1.00795960426,
        "var": 1.13875007629
    },
    "erbbands_spread": {
        "mean": 8.10311698914,
        "var": 15.3229265213
    },
    "hfc": {
        "mean": 6.26401519775,
        "var": 139.096298218
    },
    "melbands_crest": {
        "mean": 17.6524410248,
        "var": 38.3610229492
    },
    "melbands_flatness_db": {
        "mean": 0.457452684641,
        "var": 0.00453449599445
    },
    "melbands_kurtosis": {
        "mean": 6.69095420837,
        "var": 75.655166626
    },
    "melbands_skewness": {
        "mean": 1.23221790791,
        "var": 1.93320572376
    },
    "melbands_spread": {
        "mean": 6.61556625366,
        "var": 33.7227096558
    },
    "pitch_salience": {
        "mean": 0.486181080341,
        "var": 0.0222027357668
    },
    "silence_rate_20dB": {
        "mean": 1,
        "var": 0
    },
    "silence_rate_30dB": {
        "mean": 0.977342963219,
        "var": 0.0221440643072
    },
    "silence_rate_60dB": {
        "mean": 0.318228632212,
        "var": 0.216952949762
    },
    "spectral_centroid": {
        "mean": 447.99822998,
        "var": 33798.1757813
    },
    "spectral_complexity": {
        "mean": 6.55046367645,
        "var": 13.1309919357
    },
    "spectral_decrease": {
        "mean": -4.49295622929e-009,
        "var": 6.07335858071e-017
    },
    "spectral_energy": {
        "mean": 0.0175255872309,
        "var": 0.000923321815208
    },
    "spectral_energyband_high": {
        "mean": 1.7215644732e-007,
        "var": 8.09152888464e-014
    },
    "spectral_energyband_low": {
        "mean": 0.00164022692479,
        "var": 9.59296812653e-006
    },
    "spectral_energyband_middle_high": {
        "mean": 0.00120694562793,
        "var": 3.35084550898e-005
    },
    "spectral_energyband_middle_low": {
        "mean": 0.0148930735886,
        "var": 0.000790011545178
    },
    "spectral_entropy": {
        "mean": 5.49281454086,
        "var": 0.240658611059
    },
    "spectral_flux": {
        "mean": 0.0383735969663,
        "var": 0.00116606266238
    },
    "spectral_kurtosis": {
        "mean": 95.0474777222,
        "var": 3582.74243164
    },
    "spectral_rms": {
        "mean": 0.00326107721776,
        "var": 6.46352691547e-006
    },
    "spectral_rolloff": {
        "mean": 529.602905273,
        "var": 212304.03125
    },
    "spectral_skewness": {
        "mean": 7.29614496231,
        "var": 7.73262643814
    },
    "spectral_spread": {
        "mean": 1344497,
        "var": 1.21620660224e+012
    },
    "spectral_strongpeak": {
        "mean": 0.946260094643,
        "var": 1.39959824085
    },
    "zerocrossingrate": {
        "mean": 0.0201859790832,
        "var": 0.000190710241441
    },
    "barkbands": {
        "mean": [0.000103875958303, 0.000213156221434, 0.0011138698319, 0.000684477679897, 0.00613406626508, 0.00527980923653, 0.000736379530281, 0.000942234648392, 0.00109689356759, 0.000259354041191, 0.000691745139193, 0.000137291077408, 6.71404559398e-005, 2.04317184398e-005, 3.3541880839e-005, 6.9363413786e-006, 2.72378292721e-006, 6.43460907668e-007, 5.81044105274e-007, 3.40499184404e-007, 5.47486038727e-008, 2.20632720982e-008, 3.94234653811e-008, 2.34757013828e-008, 8.13906364527e-009, 7.78811592994e-009, 1.61976976276e-009],
        "var": [5.47451399768e-008, 1.19356130313e-007, 6.14571126789e-006, 2.24349878408e-006, 0.000161589327035, 0.000205293894396, 4.6454420044e-006, 7.29315934223e-006, 1.95562824956e-005, 7.71263898969e-007, 2.37327385548e-005, 8.06714467672e-007, 1.96622281123e-007, 5.19853804448e-009, 2.3964958018e-008, 3.05529629374e-010, 3.81163017815e-010, 2.20043844257e-011, 2.08097584303e-011, 5.37556284208e-012, 5.13260122609e-014, 1.34343078264e-015, 6.73236609554e-016, 1.61980810421e-016, 2.89059952505e-017, 3.70284489534e-017, 4.55876771807e-018]
    },
    "erbbands": {
        "mean": [0.00281968573108, 0.0789114683867, 0.995822489262, 2.05471944809, 9.9016866684, 16.9082336426, 68.053817749, 17.7940731049, 8.48406219482, 10.1098527908, 34.6494178772, 18.0931606293, 9.88634681702, 31.6167831421, 8.09337329865, 5.65639352798, 3.66538381577, 1.63704180717, 0.827019810677, 1.48380970955, 0.252393752337, 0.181112676859, 0.0542995408177, 0.0453568100929, 0.0141053507105, 0.0116746304557, 0.00225574360229, 0.00196849694476, 0.000861960521434, 0.000924637075514, 0.00119102222379, 0.00071789190406, 0.000308605202008, 0.000114855261927, 6.59035795252e-005, 4.11660585087e-005, 1.83825613931e-005, 4.17285582444e-006, 8.34772072267e-006, 1.94777439901e-005],
        "var": [7.11465827408e-006, 0.0176154635847, 4.41723442078, 14.8754205704, 698.144165039, 1022.98919678, 42823.1132813, 1584.31835938, 296.287322998, 790.189086914, 9077.50292969, 3684.10913086, 4659.53076172, 34223.3554688, 2161.67919922, 1224.50708008, 731.552978516, 30.3758277893, 8.19965744019, 38.0646400452, 0.436274558306, 1.89179062843, 0.124139405787, 0.113816738129, 0.00632873224095, 0.00565017526969, 5.60343214602e-005, 0.000112604378955, 3.16158525493e-006, 2.05820242627e-006, 5.37639834874e-007, 1.7988291745e-007, 2.48963019089e-008, 6.28726715135e-009, 1.73535963377e-009, 8.12239497883e-010, 2.14854078973e-010, 1.12988637543e-011, 2.03938574361e-010, 1.13905063159e-009]
    },
    "gfcc": {
        "mean": [-231.946090698, 210.184585571, -80.9697189331, -35.4712371826, -51.734992981, 1.63013899326, -27.816942215, -12.0543661118, -11.0887823105, -18.1512088776, -11.0463581085, -13.4527988434, -7.42215108871],
        "cov": [[4282.03613281, 2008.12109375, -353.539245605, -974.501708984, 233.897140503, -685.820617676, -491.771850586, -856.703125, -109.670059204, -394.810668945, 244.338668823, -20.3271617889, 418.141479492], [2008.12109375, 1425.27612305, 374.735443115, -537.155883789, 13.7921180725, -387.564849854, -380.311645508, -657.847351074, -169.471740723, -252.19569397, 193.74760437, 92.5980453491, 251.656509399], [-353.539245605, 374.735443115, 947.456237793, 108.856361389, -205.549682617, -51.9895591736, -137.67124939, -246.088775635, -173.505447388, -54.672870636, 70.0466079712, 159.304458618, 19.0737857819], [-974.501708984, -537.155883789, 108.856361389, 434.891693115, -31.8467216492, 118.99319458, 119.448371887, 263.312225342, 42.6773719788, 108.625907898, -79.0830688477, -26.9492893219, -132.105453491], [233.897140503, 13.7921180725, -205.549682617, -31.8467216492, 155.073471069, 19.4178314209, -2.4149851799, 20.7200813293, 57.2878875732, 4.91499233246, -23.0478992462, -52.174621582, 7.00786876678], [-685.820617676, -387.564849854, -51.9895591736, 118.99319458, 19.4178314209, 314.919311523, 204.657073975, 194.182556152, 5.0998339653, 47.5120506287, -62.1155281067, 3.60216403008, -92.3283691406], [-491.771850586, -380.311645508, -137.67124939, 119.448371887, -2.4149851799, 204.657073975, 273.305938721, 243.818756104, 3.80821609497, 20.051071167, -57.0240821838, -35.9527359009, -90.9785385132], [-856.703125, -657.847351074, -246.088775635, 263.312225342, 20.7200813293, 194.182556152, 243.818756104, 425.460113525, 135.990722656, 114.657775879, -118.52922821, -82.5186920166, -134.853713989], [-109.670059204, -169.471740723, -173.505447388, 42.6773719788, 57.2878875732, 5.0998339653, 3.80821609497, 135.990722656, 166.702072144, 89.4343490601, -53.7660827637, -73.2679595947, -32.2912025452], [-394.810668945, -252.19569397, -54.672870636, 108.625907898, 4.91499233246, 47.5120506287, 20.051071167, 114.657775879, 89.4343490601, 137.54901123, -20.4415817261, -40.7290267944, -74.5358657837], [244.338668823, 193.74760437, 70.0466079712, -79.0830688477, -23.0478992462, -62.1155281067, -57.0240821838, -118.52922821, -53.7660827637, -20.4415817261, 92.4097213745, 51.5472335815, 38.8744735718], [-20.3271617889, 92.5980453491, 159.304458618, -26.9492893219, -52.174621582, 3.60216403008, -35.9527359009, -82.5186920166, -73.2679595947, -40.7290267944, 51.5472335815, 124.7290802, 71.416229248], [418.141479492, 251.656509399, 19.0737857819, -132.105453491, 7.00786876678, -92.3283691406, -90.9785385132, -134.853713989, -32.2912025452, -74.5358657837, 38.8744735718, 71.416229248, 151.731430054]],
        "icov": [[0.00221854960546, -0.00334212533198, 0.00224697217345, -0.000485788623337, -0.00043377612019, 0.00167414546013, -0.00163669942413, 0.00128414365463, -0.000736843678169, 0.00062259909464, 0.00063181045698, -0.000579055282287, 0.000182226023753], [-0.00334212533198, 0.0109407724813, -0.00614624470472, 0.00408639758825, -0.00231963885017, -0.000632850918919, 0.00226293643937, 0.0014887386933, -0.00145453668665, 0.00439611636102, -0.00542081613094, 0.00407868484035, -0.000884160341229], [0.00224697217345, -0.00614624470472, 0.00649925740436, -0.00423569465056, 0.00366187258624, 0.00028227319126, -0.00147357059177, 0.00320960721001, -0.000744437973481, -0.000727755832486, 0.00372576038353, -0.00448763510212, 0.00211031269282], [-0.000485788623337, 0.00408639758825, -0.00423569465056, 0.00941041391343, -0.00405868329108, 0.00237824697979, 0.00222808774561, -0.00552927609533, 0.00392273021862, -0.0010190627072, -9.74160575424e-005, 0.000800753885414, 0.00132548576221], [-0.00043377612019, -0.00231963885017, 0.00366187258624, -0.00405868329108, 0.0144753241912, -0.00602186052129, 0.00274441577494, 0.00130670156796, -0.00297755771317, 0.00100008933805, 9.71160170593e-006, 0.00398599496111, -0.00249829492532], [0.00167414546013, -0.000632850918919, 0.00028227319126, 0.00237824697979, -0.00602186052129, 0.0129485232756, -0.00932560116053, 0.00330526707694, -0.000231296493439, -0.0024692339357, 0.00663142511621, -0.00925548281521, 0.00536951608956], [-0.00163669942413, 0.00226293643937, -0.00147357059177, 0.00222808774561, 0.00274441577494, -0.00932560116053, 0.0209596622735, -0.0146968374029, 0.00898884795606, 0.0041620801203, -0.00680659571663, 0.00861700065434, -0.00176800054032], [0.00128414365463, 0.0014887386933, 0.00320960721001, -0.00552927609533, 0.00130670156796, 0.00330526707694, -0.0146968374029, 0.0248805228621, -0.0153149059042, 0.0033542222809, 0.00513049401343, -0.00570241222158, 0.00378397596069], [-0.000736843678169, -0.00145453668665, -0.000744437973481, 0.00392273021862, -0.00297755771317, -0.000231296493439, 0.00898884795606, -0.0153149059042, 0.0265164878219, -0.0143967010081, 0.00527388602495, 0.00605315482244, -0.0059021464549], [0.00062259909464, 0.00439611636102, -0.000727755832486, -0.0010190627072, 0.00100008933805, -0.0024692339357, 0.0041620801203, 0.0033542222809, -0.0143967010081, 0.026699539274, -0.0126407118514, 0.00368953915313, 0.00567915569991], [0.00063181045698, -0.00542081613094, 0.00372576038353, -9.74160575424e-005, 9.71160170593e-006, 0.00663142511621, -0.00680659571663, 0.00513049401343, 0.00527388602495, -0.0126407118514, 0.0316560715437, -0.016949351877, 0.00598976807669], [-0.000579055282287, 0.00407868484035, -0.00448763510212, 0.000800753885414, 0.00398599496111, -0.00925548281521, 0.00861700065434, -0.00570241222158, 0.00605315482244, 0.00368953915313, -0.016949351877, 0.0334837213159, -0.0179418604821], [0.000182226023753, -0.000884160341229, 0.00211031269282, 0.00132548576221, -0.00249829492532, 0.00536951608956, -0.00176800054032, 0.00378397596069, -0.0059021464549, 0.00567915569991, 0.00598976807669, -0.0179418604821, 0.0225732028484]]
    },
    "melbands": {
        "mean": [4.32529632235e-005, 0.00038155115908, 0.000529680750333, 0.000951062073, 0.00193659821525, 0.000517980544828, 0.000144579244079, 0.000105848710518, 0.000311384530505, 0.000105062885268, 4.50607876701e-005, 0.000120667646115, 4.97527798871e-005, 8.6705558715e-006, 1.96723176487e-005, 4.99034467794e-006, 2.40131726059e-006, 5.13583529482e-007, 3.64284528587e-006, 7.81317623932e-007, 1.30575969592e-007, 2.01004482392e-007, 6.47946407639e-008, 3.47727180383e-008, 4.02751005879e-008, 3.40397554588e-009, 2.02651850856e-008, 3.85067844277e-009, 1.26065602402e-009, 9.12245001761e-010, 1.27836397024e-009, 3.92151922046e-010, 4.60943089253e-010, 5.13783071643e-010, 6.70759059407e-010, 6.66272814698e-010, 3.43727740715e-010, 2.19567891646e-010, 1.35349981223e-010, 7.39947894624e-011],
        "var": [2.97595281751e-009, 6.11901782577e-007, 9.62212425293e-007, 5.4098795772e-006, 3.28741407429e-005, 1.50946868871e-006, 1.20269433523e-007, 7.0710655109e-008, 8.06842251677e-007, 1.81375085617e-007, 1.12634531035e-007, 4.66859319204e-007, 1.1257973398e-007, 6.11527495309e-010, 2.99074756072e-008, 5.78370962234e-010, 6.96710258929e-011, 5.3976532445e-012, 3.01454416984e-010, 3.20994728194e-012, 3.5971816888e-013, 2.43629552296e-012, 1.56408550391e-013, 5.15001283535e-014, 1.04665625125e-013, 5.93751898052e-017, 1.94757489351e-014, 4.98878371373e-016, 1.52916330349e-017, 1.19171761958e-017, 7.09082315963e-017, 2.40675876492e-019, 8.46773522735e-019, 4.68047897e-019, 1.94606595113e-019, 1.63549685425e-019, 5.15418210698e-020, 1.31852815823e-020, 7.42370204401e-021, 3.73026750364e-021]
    },
    "mfcc": {
        "mean": [-882.435668945, 235.884399414, 40.4420051575, -19.9130954742, -2.91628289223, 0.343149065971, -2.80934453011, -0.786359965801, -1.00814223289, -2.63713693619, -5.52906322479, -5.48088502884, -4.01690387726],
        "cov": [[3496.05126953, 2406.20703125, -637.264953613, -514.253295898, 88.2451171875, -166.006378174, -414.699737549, -438.624053955, -431.524291992, -458.069030762, -459.327636719, -200.487930298, 91.4425506592], [2406.20703125, 2110.44726563, 77.9014358521, -395.598571777, 25.5804233551, -29.1684741974, -335.835418701, -421.443328857, -446.686676025, -505.224334717, -439.171569824, -174.66885376, 84.3979034424], [-637.264953613, 77.9014358521, 799.714172363, 163.847076416, -60.8690605164, 93.9200973511, 6.38907909393, -75.4593048096, -113.293014526, -143.161956787, -54.3100700378, 4.08798551559, 2.82005310059], [-514.253295898, -395.598571777, 163.847076416, 284.782012939, 57.0090522766, -40.5810890198, 0.26353853941, 21.8373680115, 52.2661857605, 88.2490005493, 93.8039093018, 54.2222290039, -7.77951049805], [88.2451171875, 25.5804233551, -60.8690605164, 57.0090522766, 130.611068726, 13.528676033, -78.5301742554, -49.4620857239, 6.54686594009, 22.293170929, 10.5375137329, 14.9786872864, 23.6152133942], [-166.006378174, -29.1684741974, 93.9200973511, -40.5810890198, 13.528676033, 120.606742859, 70.6645050049, 16.2997264862, -2.1064696312, -14.763463974, 0.159897074103, 4.0903301239, -5.27115488052], [-414.699737549, -335.835418701, 6.38907909393, 0.26353853941, -78.5301742554, 70.6645050049, 225.974563599, 179.579452515, 74.4317779541, 59.1471824646, 66.8959884644, 7.92396831512, -51.0046958923], [-438.624053955, -421.443328857, -75.4593048096, 21.8373680115, -49.4620857239, 16.2997264862, 179.579452515, 232.988342285, 160.829177856, 104.577659607, 74.5137252808, 7.04352331161, -46.985408783], [-431.524291992, -446.686676025, -113.293014526, 52.2661857605, 6.54686594009, -2.1064696312, 74.4317779541, 160.829177856, 208.279098511, 172.878585815, 93.096321106, 23.7854709625, -20.3388271332], [-458.069030762, -505.224334717, -143.161956787, 88.2490005493, 22.293170929, -14.763463974, 59.1471824646, 104.577659607, 172.878585815, 229.578094482, 163.722000122, 49.4962768555, -20.3492698669], [-459.327636719, -439.171569824, -54.3100700378, 93.8039093018, 10.5375137329, 0.159897074103, 66.8959884644, 74.5137252808, 93.096321106, 163.722000122, 179.989974976, 87.1069793701, -21.9190940857], [-200.487930298, -174.66885376, 4.08798551559, 54.2222290039, 14.9786872864, 4.0903301239, 7.92396831512, 7.04352331161, 23.7854709625, 49.4962768555, 87.1069793701, 94.1968460083, 24.4121723175], [91.4425506592, 84.3979034424, 2.82005310059, -7.77951049805, 23.6152133942, -5.27115488052, -51.0046958923, -46.985408783, -20.3388271332, -20.3492698669, -21.9190940857, 24.4121723175, 59.3240242004]],
        "icov": [[1.03561973572, -1.45754337311, 1.44117486477, -1.411875844, 1.35371541977, -1.25342404842, 1.12651252747, -0.963456213474, 0.781209409237, -0.57975846529, 0.392745763063, -0.208058521152, 0.0785311385989], [-1.45754337311, 2.05391263962, -2.03035259247, 1.99293065071, -1.91193377972, 1.77172267437, -1.59084939957, 1.36097311974, -1.10015940666, 0.816863536835, -0.549177527428, 0.290936589241, -0.108440317214], [1.44117486477, -2.03035259247, 2.01404738426, -1.98029172421, 1.90487146378, -1.76934838295, 1.588347435, -1.35468780994, 1.09405422211, -0.805485546589, 0.540735960007, -0.283379346132, 0.104015566409], [-1.411875844, 1.99293065071, -1.98029172421, 1.96171164513, -1.89204823971, 1.76475083828, -1.58452737331, 1.35202658176, -1.08807098866, 0.799523770809, -0.530876755714, 0.274283111095, -0.0969239920378], [1.35371541977, -1.91193377972, 1.90487146378, -1.89204823971, 1.84692823887, -1.72548007965, 1.55913364887, -1.32885539532, 1.0704177618, -0.787516593933, 0.517861664295, -0.267502516508, 0.0924993753433], [-1.25342404842, 1.77172267437, -1.76934838295, 1.76475083828, -1.72548007965, 1.63741576672, -1.48462021351, 1.27461719513, -1.03230273724, 0.762102544308, -0.501644551754, 0.259291052818, -0.0920946225524], [1.12651252747, -1.59084939957, 1.588347435, -1.58452737331, 1.55913364887, -1.48462021351, 1.37816369534, -1.19808590412, 0.980525493622, -0.73056858778, 0.485876113176, -0.257277965546, 0.0979250967503], [-0.963456213474, 1.36097311974, -1.35468780994, 1.35202658176, -1.32885539532, 1.27461719513, -1.19808590412, 1.07239735126, -0.8951343894, 0.68123459816, -0.463516056538, 0.251684963703, -0.0959551259875], [0.781209409237, -1.10015940666, 1.09405422211, -1.08807098866, 1.0704177618, -1.03230273724, 0.980525493622, -0.8951343894, 0.783662736416, -0.617921173573, 0.437895059586, -0.243790686131, 0.101362906396], [-0.57975846529, 0.816863536835, -0.805485546589, 0.799523770809, -0.787516593933, 0.762102544308, -0.73056858778, 0.68123459816, -0.617921173573, 0.526749789715, -0.393801003695, 0.228319048882, -0.103325992823], [0.392745763063, -0.549177527428, 0.540735960007, -0.530876755714, 0.517861664295, -0.501644551754, 0.485876113176, -0.463516056538, 0.437895059586, -0.393801003695, 0.332367479801, -0.204658567905, 0.102568283677], [-0.208058521152, 0.290936589241, -0.283379346132, 0.274283111095, -0.267502516508, 0.259291052818, -0.257277965546, 0.251684963703, -0.243790686131, 0.228319048882, -0.204658567905, 0.146666407585, -0.0773335844278], [0.0785311385989, -0.108440317214, 0.104015566409, -0.0969239920378, 0.0924993753433, -0.0920946225524, 0.0979250967503, -0.0959551259875, 0.101362906396, -0.103325992823, 0.102568283677, -0.0773335844278, 0.0646464377642]]
    },
    "spectral_contrast_coeffs": {
        "mean": [-0.609518885612, -0.673594176769, -0.759483277798, -0.731133341789, -0.843138217926, -0.856279790401],
        "var": [0.0155153311789, 0.00825678836554, 0.00597027642652, 0.004362820182, 0.00229237298481, 0.000353167561116]
    },
    "spectral_contrast_valleys": {
        "mean": [-8.20834827423, -7.48977708817, -8.64183044434, -10.4678287506, -11.2694864273, -13.6204319],
        "var": [0.730877399445, 1.50549829006, 1.41789901257, 0.601662635803, 0.1642177701, 0.129042774439]
    }
},
"metadata": {
    "audio_properties": {
        "analysis_sample_rate": 44100,
        "bit_rate": 128068,
        "equal_loudness": 0,
        "length": 45.0479812622,
        "lossless": 0,
        "replay_gain": -5.80862617493,
        "sample_rate": 48000,
        "codec": "mp3",
        "downmix": "mix",
        "md5_encoded": "7049eb70924873abb423f3d1f660cebd"
    },
    "tags": {
        "file_name": "1198.mp3"
    },
    "version": {
        "essentia": "2.1-beta2",
        "essentia_git_sha": "v2.1_beta2",
        "extractor": "music 1.0"
    }
},
"rhythm": {
    "beats_count": 67,
    "beats_loudness": {
        "mean": 0.0409957952797,
        "var": 0.00333836465143
    },
    "bpm": 96.1782836914,
    "bpm_histogram_first_peak_bpm": {
        "mean": 96,
        "var": 0
    },
    "bpm_histogram_first_peak_spread": {
        "mean": 0.705882310867,
        "var": 0
    },
    "bpm_histogram_first_peak_weight": {
        "mean": 0.151515156031,
        "var": 0
    },
    "bpm_histogram_second_peak_bpm": {
        "mean": 85,
        "var": 0
    },
    "bpm_histogram_second_peak_spread": {
        "mean": 0.20000000298,
        "var": 0
    },
    "bpm_histogram_second_peak_weight": {
        "mean": 0.181818187237,
        "var": 0
    },
    "danceability": 0.964990019798,
    "onset_rate": 1.42001545429,
    "beats_loudness_band_ratio": {
        "mean": [0.269709616899, 0.463574111462, 0.271151185036, 0.0832738652825, 0.00569060258567, 0.000119980744785],
        "var": [0.0506977811456, 0.118741869926, 0.0816023871303, 0.0372401438653, 0.000149712417624, 5.33935917701e-008]
    },
    "beats_position": [0.835918366909, 1.67183673382, 2.49614500999, 3.34367346764, 4.17959165573, 5.02712011337, 5.87464857101, 6.7570066452, 7.46521520615, 8.17342376709, 8.88163280487, 9.57823085785, 10.2748298645, 10.8901586533, 11.505487442, 12.1208162308, 12.7361450195, 13.3514738083, 14.0016326904, 14.6517915726, 15.2903394699, 15.9288883209, 16.5558280945, 17.1827659607, 17.8097057343, 18.4366436005, 19.0635814667, 19.6789112091, 20.2942390442, 20.9908390045, 21.6874370575, 22.3840351105, 23.0690250397, 23.7656230927, 24.4273910522, 25.0775508881, 25.7044887543, 26.3314285278, 26.958366394, 27.5736961365, 28.1774139404, 28.7695236206, 29.3500213623, 29.9305210114, 30.5226306915, 31.1147384644, 31.7068481445, 32.2989578247, 32.9491157532, 33.6108856201, 34.2842636108, 34.9692497253, 35.6774597168, 36.3856697083, 37.093875885, 37.7440338135, 38.3941955566, 39.0211334229, 39.6480712891, 40.2634010315, 40.8671188354, 41.4824485779, 42.0745582581, 42.678276062, 43.281993866, 43.8857116699, 44.4894332886]
},
"tonal": {
    "chords_changes_rate": 0.0627572014928,
    "chords_number_rate": 0.00823045242578,
    "chords_strength": {
        "mean": 0.459180444479,
        "var": 0.00826620776206
    },
    "hpcp_entropy": {
        "mean": 1.63064539433,
        "var": 0.589530527592
    },
    "key_strength": 0.76739358902,
    "tuning_diatonic_strength": 0.522484660149,
    "tuning_equal_tempered_deviation": 0.126380696893,
    "tuning_frequency": 438.984558105,
    "tuning_nontempered_energy_ratio": 0.694283127785,
    "hpcp": {
        "mean": [0.0174570195377, 0.0223024506122, 0.104335598648, 0.275951206684, 0.263202786446, 0.170150533319, 0.124003179371, 0.0482724905014, 0.0332445949316, 0.0282142795622, 0.0134262340143, 0.0126206343994, 0.0243200883269, 0.0255861580372, 0.116258271039, 0.280807852745, 0.221749454737, 0.206604972482, 0.438618451357, 0.311198472977, 0.0354757942259, 0.00921887345612, 0.0162217132747, 0.0330015458167, 0.0355501025915, 0.0318660549819, 0.114780031145, 0.211447685957, 0.129442214966, 0.0226191245019, 0.0175824444741, 0.0219536256045, 0.113232240081, 0.20640707016, 0.11739435792, 0.0180711727589],
        "var": [0.00160989782307, 0.00451944954693, 0.0216989405453, 0.11569968611, 0.0881518051028, 0.0727273449302, 0.0621961429715, 0.0142935840413, 0.0111299902201, 0.0079361051321, 0.00491942744702, 0.00322655634955, 0.00386566389352, 0.00407527247444, 0.0307676866651, 0.150826916099, 0.0796658024192, 0.0444624237716, 0.191744327545, 0.12028709054, 0.00430395361036, 0.00239781057462, 0.00363206653856, 0.0116475773975, 0.0100305425003, 0.00643508415669, 0.0279205739498, 0.085108153522, 0.0385373197496, 0.00511216139421, 0.00893166940659, 0.00686751678586, 0.0394601486623, 0.121447876096, 0.0415806882083, 0.00281571992673]
    },
    "chords_histogram": [36.9341545105, 2.26337456703, 0, 0, 0, 6.58436203003, 0, 0.720164597034, 10.2880659103, 7.20164632797, 0, 0, 0, 0, 0, 0.102880656719, 12.0370368958, 0, 0, 0, 0, 0, 17.9012336731, 5.96707820892],
    "thpcp": [1, 0.709496974945, 0.0808807611465, 0.0210179798305, 0.036983653903, 0.0752397552133, 0.0810501724482, 0.0726509690285, 0.261685371399, 0.482076585293, 0.295113474131, 0.0515690222383, 0.0400859676301, 0.0500517599285, 0.258156567812, 0.470584571362, 0.267645746469, 0.041200209409, 0.0398000106215, 0.050847042352, 0.237873256207, 0.629137277603, 0.600072324276, 0.387923806906, 0.282713085413, 0.110055767, 0.0757938846946, 0.0643253400922, 0.0306102801114, 0.0287736058235, 0.0554470233619, 0.0583335198462, 0.265055596828, 0.640209853649, 0.505563437939, 0.47103574872],
    "chords_key": "D#",
    "chords_scale": "minor",
    "key_key": "D#",
    "key_scale": "minor"
}
}