{
"lowlevel": {
    "average_loudness": 0.950550973415,
    "barkbands_crest": {
        "mean": 12.6360225677,
        "var": 21.5594043732
    },
    "barkbands_flatness_db": {
        "mean": 0.223808661103,
        "var": 0.0122381877154
    },
    "barkbands_kurtosis": {
        "mean": 26.0653820038,
        "var": 2654.99316406
    },
    "barkbands_skewness": {
        "mean": 3.25224900246,
        "var": 6.10761737823
    },
    "barkbands_spread": {
        "mean": 14.1106824875,
        "var": 296.724212646
    },
    "dissonance": {
        "mean": 0.438516110182,
        "var": 0.00338702555746
    },
    "dynamic_complexity": 2.541233778,
    "erbbands_crest": {
        "mean": 10.3768806458,
        "var": 26.1012763977
    },
    "erbbands_flatness_db": {
        "mean": 0.183880895376,
        "var": 0.0078551331535
    },
    "erbbands_kurtosis": {
        "mean": 5.47775650024,
        "var": 156.522369385
    },
    "erbbands_skewness": {
        "mean": 1.42801332474,
        "var": 2.43085980415
    },
    "erbbands_spread": {
        "mean": 45.7967224121,
        "var": 1152.99768066
    },
    "hfc": {
        "mean": 16.0939273834,
        "var": 192.802658081
    },
    "melbands_crest": {
        "mean": 16.8032188416,
        "var": 39.2476234436
    },
    "melbands_flatness_db": {
        "mean": 0.297954320908,
        "var": 0.016348971054
    },
    "melbands_kurtosis": {
        "mean": 58.5284347534,
        "var": 7324.37207031
    },
    "melbands_skewness": {
        "mean": 4.80378103256,
        "var": 10.528260231
    },
    "melbands_spread": {
        "mean": 11.562620163,
        "var": 394.250762939
    },
    "pitch_salience": {
        "mean": 0.549339532852,
        "var": 0.0221003554761
    },
    "silence_rate_20dB": {
        "mean": 1,
        "var": 0
    },
    "silence_rate_30dB": {
        "mean": 0.991765320301,
        "var": 0.00816679839045
    },
    "silence_rate_60dB": {
        "mean": 0.0494081303477,
        "var": 0.0469672195613
    },
    "spectral_centroid": {
        "mean": 756.642883301,
        "var": 604888.75
    },
    "spectral_complexity": {
        "mean": 12.1008749008,
        "var": 111.640487671
    },
    "spectral_decrease": {
        "mean": -9.27519661076e-009,
        "var": 3.96627412717e-017
    },
    "spectral_energy": {
        "mean": 0.0364664644003,
        "var": 0.000583030458074
    },
    "spectral_energyband_high": {
        "mean": 0.000819871376734,
        "var": 1.67681832863e-006
    },
    "spectral_energyband_low": {
        "mean": 0.0156141538173,
        "var": 0.000316526391543
    },
    "spectral_energyband_middle_high": {
        "mean": 0.00143178133294,
        "var": 4.86861108584e-006
    },
    "spectral_energyband_middle_low": {
        "mean": 0.0247423741966,
        "var": 0.000395524053602
    },
    "spectral_entropy": {
        "mean": 6.93376302719,
        "var": 1.10580050945
    },
    "spectral_flux": {
        "mean": 0.0707256272435,
        "var": 0.00221680640243
    },
    "spectral_kurtosis": {
        "mean": 11.6774740219,
        "var": 468.215301514
    },
    "spectral_rms": {
        "mean": 0.00556672131643,
        "var": 4.58867589259e-006
    },
    "spectral_rolloff": {
        "mean": 983.432006836,
        "var": 3849831.5
    },
    "spectral_skewness": {
        "mean": 2.22945976257,
        "var": 2.75589609146
    },
    "spectral_spread": {
        "mean": 4971649.5,
        "var": 7.66137021235e+012
    },
    "spectral_strongpeak": {
        "mean": 0.83137601614,
        "var": 0.331038862467
    },
    "zerocrossingrate": {
        "mean": 0.0474185682833,
        "var": 0.00266348430887
    },
    "barkbands": {
        "mean": [5.08483608428e-005, 0.0017014478799, 0.00778248813003, 0.00998418126255, 0.0080425273627, 0.00389652582817, 0.0015672253212, 0.000575896003284, 0.000515791994985, 0.000299200095469, 0.000130266067572, 9.74960203166e-005, 0.000107263978862, 0.000122595607536, 0.000117503543152, 0.000182287942152, 0.000153926710482, 0.000117492796562, 0.00013731479703, 0.000135132824653, 0.000188473903108, 0.000116139228339, 0.000140638192534, 0.000143093318911, 8.3240265667e-005, 7.53905114834e-005, 2.14875649363e-006],
        "var": [2.14577848823e-008, 8.00464385975e-006, 0.000101469842775, 0.000308597140247, 7.03203695593e-005, 2.70909422397e-005, 6.95318476573e-006, 2.43257431976e-006, 8.54037068621e-007, 2.27302095368e-007, 5.41455129621e-008, 3.94021029138e-008, 5.6171913343e-008, 5.48023315616e-008, 7.24926110252e-008, 2.36894095451e-007, 9.4801357875e-008, 5.74550398369e-008, 7.98792854084e-008, 6.96478181794e-008, 1.09345940302e-007, 4.050287572e-008, 5.42079732213e-008, 5.84622306121e-008, 2.90101329625e-008, 3.42797683572e-008, 4.74330401345e-011]
    },
    "erbbands": {
        "mean": [0.0420329086483, 0.509030938148, 6.06415271759, 26.5593891144, 28.9377975464, 24.4965858459, 29.6253662109, 33.4255409241, 22.2128429413, 21.0139427185, 9.92300319672, 12.6140813828, 11.9926700592, 6.83122491837, 5.20866632462, 4.03780698776, 4.84928131104, 6.04076957703, 6.23308038712, 7.29560375214, 10.6377859116, 8.85104179382, 6.73047304153, 6.28099012375, 7.24679088593, 6.20566701889, 5.83030462265, 8.29093742371, 4.54952812195, 4.43040513992, 3.67859959602, 2.99149417877, 2.27963662148, 1.1718506813, 0.503297805786, 0.297303289175, 0.153512075543, 0.0180169660598, 0.000403819838539, 5.55159567739e-005],
        "var": [0.00577881466597, 0.567856013775, 54.8571472168, 1516.6048584, 805.186584473, 872.960998535, 2017.8470459, 2512.07177734, 1143.06005859, 1311.14550781, 750.498413086, 614.674194336, 383.507263184, 113.459091187, 90.3883972168, 60.1292762756, 102.893409729, 136.688919067, 149.106628418, 339.126464844, 807.759643555, 303.877166748, 183.280563354, 174.671936035, 193.523803711, 153.378250122, 133.489868164, 231.185440063, 59.4300308228, 51.9696311951, 37.5792541504, 26.3424282074, 15.6702699661, 5.50743341446, 1.09943413734, 0.445660322905, 0.166514381766, 0.00227179261856, 1.04331491002e-006, 1.79451331572e-009]
    },
    "gfcc": {
        "mean": [-45.7650299072, 107.924247742, -80.4880752563, 41.6226348877, -67.7921981812, 1.58362627029, -47.1457672119, -4.16212129593, -25.2625427246, -8.99046325684, -20.3049964905, -7.01341772079, -10.5730400085],
        "cov": [[11780.2177734, -3703.95922852, -825.338745117, 691.798156738, -620.602172852, 765.759094238, -731.975341797, 539.520202637, -588.833862305, 677.03704834, -578.797668457, 452.771118164, -465.679199219], [-3703.95922852, 3519.07446289, 3.05866312981, -595.924865723, 141.794525146, -638.489379883, 423.578582764, -422.021362305, 391.326446533, -567.963256836, 384.295288086, -446.845062256, 351.175933838], [-825.338745117, 3.05866312981, 1392.02099609, 318.884857178, 407.864257813, 252.385696411, 170.703598022, -6.45091915131, -57.1609611511, -54.3500328064, -166.609893799, -18.9559383392, -140.683502197], [691.798156738, -595.924865723, 318.884857178, 766.92364502, 232.698501587, 290.93157959, -19.3780422211, 56.660697937, -106.222297668, 28.7892665863, -122.574211121, -61.0502700806, -135.713760376], [-620.602172852, 141.794525146, 407.864257813, 232.698501587, 341.546569824, 130.534744263, 122.554351807, -15.8426084518, 0.364551782608, -60.2163009644, -35.6307220459, -68.8912506104, -62.372795105], [765.759094238, -638.489379883, 252.385696411, 290.93157959, 130.534744263, 350.576965332, 4.80879974365, 126.483940125, -88.2503585815, 91.7748184204, -123.02772522, 52.0967025757, -126.397987366], [-731.975341797, 423.578582764, 170.703598022, -19.3780422211, 122.554351807, 4.80879974365, 177.950775146, 2.58445358276, 62.7315254211, -73.2077560425, 35.0271530151, -48.5502967834, 24.4268341064], [539.520202637, -422.021362305, -6.45091915131, 56.660697937, -15.8426084518, 126.483940125, 2.58445358276, 158.547088623, -10.4071102142, 100.81778717, -44.0339775085, 86.7238998413, -35.8360862732], [-588.833862305, 391.326446533, -57.1609611511, -106.222297668, 0.364551782608, -88.2503585815, 62.7315254211, -10.4071102142, 122.748039246, -26.6140880585, 74.7496490479, -33.4737472534, 58.5962638855], [677.03704834, -567.963256836, -54.3500328064, 28.7892665863, -60.2163009644, 91.7748184204, -73.2077560425, 100.81778717, -26.6140880585, 169.649719238, -25.9793987274, 114.073402405, -43.5557670593], [-578.797668457, 384.295288086, -166.609893799, -122.574211121, -35.6307220459, -123.02772522, 35.0271530151, -44.0339775085, 74.7496490479, -25.9793987274, 119.707633972, -16.9679050446, 75.757194519], [452.771118164, -446.845062256, -18.9559383392, -61.0502700806, -68.8912506104, 52.0967025757, -48.5502967834, 86.7238998413, -33.4737472534, 114.073402405, -16.9679050446, 155.070465088, -0.287965387106], [-465.679199219, 351.175933838, -140.683502197, -135.713760376, -62.372795105, -126.397987366, 24.4268341064, -35.8360862732, 58.5962638855, -43.5557670593, 75.757194519, -0.287965387106, 120.255683899]],
        "icov": [[0.000237220097915, -0.000267027120572, 0.000260569999227, -0.000248674186878, 0.000356388889486, -0.000135908267112, 0.000265468261205, -0.000177212728886, 0.000453672051663, -0.000599939085077, 0.00113681063522, -0.000477342546219, 0.000502207316458], [-0.000267027120572, 0.00263306847773, -0.000874301651493, 0.00129646272399, -0.000405216997024, 0.000316354708048, -0.00159734173212, 0.00074359116843, -0.00208854069933, 0.00364213436842, -0.00449088728055, 0.00394228007644, -0.00243917643093], [0.000260569999227, -0.000874301651493, 0.00210728589445, -0.000842706242111, -0.000598693615757, -0.000150298947119, -0.00123502931092, 0.00179185008164, -0.000191819839529, -0.00133889110293, 0.00499351741746, -0.00346524617635, 0.00184723956045], [-0.000248674186878, 0.00129646272399, -0.000842706242111, 0.00361510366201, -0.00196644850075, -0.0012864243472, 0.0011592953233, -0.0013611294562, 0.000843642628752, 0.00100229447708, -0.00354865496047, 0.00551680894569, -0.00246747676283], [0.000356388889486, -0.000405216997024, -0.000598693615757, -0.00196644850075, 0.0084108998999, -0.00194768875372, -0.00363140366971, 0.00240149814636, -0.000775464170147, 0.000158142051077, 0.000868923321832, -0.00132716773078, 0.00329692731611], [-0.000135908267112, 0.000316354708048, -0.000150298947119, -0.0012864243472, -0.00194768875372, 0.00957664102316, -0.00234464160167, -0.00367278186604, 0.00205069594085, -0.00156137545127, 0.00225894525647, -0.000136232207296, 0.00237147137523], [0.000265468261205, -0.00159734173212, -0.00123502931092, 0.0011592953233, -0.00363140366971, -0.00234464160167, 0.0178688000888, -0.00916376244277, -0.000762753887102, 0.00491476152092, -0.00447563128546, 0.00055112253176, -0.000179571972694], [-0.000177212728886, 0.00074359116843, 0.00179185008164, -0.0013611294562, 0.00240149814636, -0.00367278186604, -0.00916376244277, 0.0219015292823, -0.00800038408488, -0.00473244208843, 0.0080180009827, -0.00784075912088, 0.000590036099311], [0.000453672051663, -0.00208854069933, -0.000191819839529, 0.000843642628752, -0.000775464170147, 0.00205069594085, -0.000762753887102, -0.00800038408488, 0.0233069825917, -0.00864748936146, -0.0045745591633, 0.00705316243693, -0.00348240672611], [-0.000599939085077, 0.00364213436842, -0.00133889110293, 0.00100229447708, 0.000158142051077, -0.00156137545127, 0.00491476152092, -0.00473244208843, -0.00864748936146, 0.0283342991024, -0.0128921922296, -0.00685316091403, 0.00521934963763], [0.00113681063522, -0.00449088728055, 0.00499351741746, -0.00354865496047, 0.000868923321832, 0.00225894525647, -0.00447563128546, 0.0080180009827, -0.0045745591633, -0.0128921922296, 0.0372469723225, -0.0107338428497, -0.000453426095191], [-0.000477342546219, 0.00394228007644, -0.00346524617635, 0.00551680894569, -0.00132716773078, -0.000136232207296, 0.00055112253176, -0.00784075912088, 0.00705316243693, -0.00685316091403, -0.0107338428497, 0.030328547582, -0.0135531686246], [0.000502207316458, -0.00243917643093, 0.00184723956045, -0.00246747676283, 0.00329692731611, 0.00237147137523, -0.000179571972694, 0.000590036099311, -0.00348240672611, 0.00521934963763, -0.000453426095191, -0.0135531686246, 0.0250151008368]]
    },
    "melbands": {
        "mean": [0.000419021002017, 0.00236212159507, 0.00466362154111, 0.00182706560008, 0.00109709438402, 0.000719808216672, 0.000345738226315, 0.000211718826904, 6.72373280395e-005, 8.48207928357e-005, 5.76173588342e-005, 2.68167841568e-005, 1.68585975189e-005, 1.26772647491e-005, 9.17348370422e-006, 1.147367675e-005, 1.11131585072e-005, 1.00346305771e-005, 9.15789132705e-006, 1.01337700471e-005, 1.32036475406e-005, 9.50391222432e-006, 6.71900761517e-006, 5.50652976017e-006, 4.95279300594e-006, 5.438451808e-006, 4.83681333208e-006, 4.02354226026e-006, 3.26526492245e-006, 4.74903436043e-006, 4.64234290121e-006, 2.59805028691e-006, 2.01393004318e-006, 2.67954806077e-006, 2.08254914469e-006, 2.04363482226e-006, 1.71663327819e-006, 1.71578199115e-006, 1.18098216717e-006, 9.59718022386e-007],
        "var": [4.81448751088e-007, 8.51152344694e-006, 3.67755637853e-005, 2.79199980469e-006, 2.42848432208e-006, 1.0345102055e-006, 3.04578463783e-007, 1.44953247627e-007, 3.38987753423e-008, 2.87213985928e-008, 9.12671360709e-009, 1.98737182266e-009, 9.19304521396e-010, 6.3453858834e-010, 3.40635686324e-010, 6.98813895639e-010, 4.74905503811e-010, 3.96747273923e-010, 4.71328698293e-010, 6.55783760628e-010, 1.35295796788e-009, 3.55169504918e-010, 1.9890455949e-010, 1.48656253973e-010, 1.18530532611e-010, 1.30053634528e-010, 8.09579417393e-011, 7.5016458323e-011, 5.82926137915e-011, 7.4375977599e-011, 7.26990481703e-011, 2.03800240572e-011, 1.36584511062e-011, 1.96511140693e-011, 1.25436145845e-011, 1.27012367637e-011, 9.37443352111e-012, 8.95276474483e-012, 5.08123881512e-012, 4.15573478407e-012]
    },
    "mfcc": {
        "mean": [-694.506286621, 130.787002563, 37.8688583374, 33.5201377869, 6.27008104324, 1.81277501583, -10.5436258316, -2.84631252289, -5.52423667908, -6.61862802505, -8.61060905457, -5.05999612808, -8.76774978638],
        "cov": [[10104.0634766, -3475.43041992, -819.72277832, -207.222198486, -118.759346008, 90.9071578979, -97.1027069092, -145.009521484, -20.0286197662, 94.0942306519, -41.1177520752, 88.243270874, 11.1511240005], [-3475.43041992, 3062.42919922, 100.573707581, -71.5115203857, -226.709899902, -240.766189575, -102.265083313, 7.83043956757, -41.8731307983, -63.4071578979, -44.6161384583, -125.360855103, -10.8341178894], [-819.72277832, 100.573707581, 814.234680176, 236.706161499, 267.275848389, 233.911193848, 166.857376099, 130.601394653, 92.7900543213, 35.2420082092, 33.027141571, 6.21553325653, -71.8513793945], [-207.222198486, -71.5115203857, 236.706161499, 413.556243896, 211.733657837, 177.999740601, 124.1849823, 65.2025756836, 38.7752990723, 41.3899040222, 18.7128429413, 4.31123685837, -37.512840271], [-118.759346008, -226.709899902, 267.275848389, 211.733657837, 277.072570801, 209.583343506, 136.549255371, 83.2317886353, 55.2692756653, 40.680305481, 27.6364097595, 25.2651119232, -15.5904960632], [90.9071578979, -240.766189575, 233.911193848, 177.999740601, 209.583343506, 247.337036133, 145.025527954, 89.9564819336, 54.2760734558, 43.691986084, 29.6186542511, 24.2245597839, -23.5320358276], [-97.1027069092, -102.265083313, 166.857376099, 124.1849823, 136.549255371, 145.025527954, 164.851211548, 99.0162200928, 60.8261032104, 30.623796463, 25.1556224823, 21.0079250336, -4.10182142258], [-145.009521484, 7.83043956757, 130.601394653, 65.2025756836, 83.2317886353, 89.9564819336, 99.0162200928, 118.983894348, 69.5147094727, 25.0337238312, 16.7387199402, 17.730348587, 1.52931046486], [-20.0286197662, -41.8731307983, 92.7900543213, 38.7752990723, 55.2692756653, 54.2760734558, 60.8261032104, 69.5147094727, 88.1836547852, 34.4021453857, 14.4262962341, 17.5974960327, 8.09434700012], [94.0942306519, -63.4071578979, 35.2420082092, 41.3899040222, 40.680305481, 43.691986084, 30.623796463, 25.0337238312, 34.4021453857, 56.164276123, 25.4798870087, 16.5393466949, 10.05534935], [-41.1177520752, -44.6161384583, 33.027141571, 18.7128429413, 27.6364097595, 29.6186542511, 25.1556224823, 16.7387199402, 14.4262962341, 25.4798870087, 51.5214157104, 30.1113872528, 11.7846002579], [88.243270874, -125.360855103, 6.21553325653, 4.31123685837, 25.2651119232, 24.2245597839, 21.0079250336, 17.730348587, 17.5974960327, 16.5393466949, 30.1113872528, 58.8576812744, 33.2556190491], [11.1511240005, -10.8341178894, -71.8513793945, -37.512840271, -15.5904960632, -23.5320358276, -4.10182142258, 1.52931046486, 8.09434700012, 10.05534935, 11.7846002579, 33.2556190491, 67.3876190186]],
        "icov": [[0.000202531184186, 0.000222254922846, 0.000143805184052, 3.36555785907e-005, 0.000314346485538, -0.000301412277622, 0.000122323181131, 1.8722797904e-005, -1.07378236862e-005, -0.000468767510029, 0.000443447264843, -0.000111659574031, 0.000197568733711], [0.000222254922846, 0.000694751739502, -0.000104550126707, -0.000148349950905, 0.000714206020348, 0.0001042163276, 0.000286842056084, -0.000685256556608, 0.000322512321873, -0.000340022001183, 4.67971040052e-005, 0.00115199421998, -0.000449191225925], [0.000143805184052, -0.000104550126707, 0.00243474007584, 1.29167046907e-005, -0.00138491240796, -0.000653390132356, 4.50317675131e-005, -0.000247317802859, -0.00135342904832, 0.000455561792478, -0.000349391746568, -0.00076234183507, 0.00255428859964], [3.36555785907e-005, -0.000148349950905, 1.29167046907e-005, 0.00443869968876, -0.00264092953876, -0.000289402349154, -0.00133401411586, 0.000685527920723, 0.000720545998774, -0.00200580526143, 0.000827925978228, -0.000297512568068, 0.00186122907326], [0.000314346485538, 0.000714206020348, -0.00138491240796, -0.00264092953876, 0.0136229209602, -0.00766307068989, -0.000766390876379, 0.000389656401239, -0.000375698291464, -0.000286049762508, 0.000867791939527, 4.00560929847e-005, -0.00254741939716], [-0.000301412277622, 0.0001042163276, -0.000653390132356, -0.000289402349154, -0.00766307068989, 0.0166195649654, -0.00619523366913, -0.0021550108213, 0.00278728501871, -0.00359524437226, -0.000106194514956, -0.00203074445017, 0.00413380470127], [0.000122323181131, 0.000286842056084, 4.50317675131e-005, -0.00133401411586, -0.000766390876379, -0.00619523366913, 0.01936567761, -0.00961238704622, -0.00131300918292, 0.00209952914156, -0.00281849689782, 0.00186897965614, -0.00219752825797], [1.8722797904e-005, -0.000685256556608, -0.000247317802859, 0.000685527920723, 0.000389656401239, -0.0021550108213, -0.00961238704622, 0.0251080729067, -0.0131832594052, 0.00275130709633, 0.000414447626099, -0.00217129685916, 0.000359384866897], [-1.07378236862e-005, 0.000322512321873, -0.00135342904832, 0.000720545998774, -0.000375698291464, 0.00278728501871, -0.00131300918292, -0.0131832594052, 0.027015350759, -0.012347756885, 0.00434253690764, -0.00197809329256, -0.00106839148793], [-0.000468767510029, -0.000340022001183, 0.000455561792478, -0.00200580526143, -0.000286049762508, -0.00359524437226, 0.00209952914156, 0.00275130709633, -0.012347756885, 0.0338380970061, -0.0148316239938, 0.00481903832406, -0.00521473027766], [0.000443447264843, 4.67971040052e-005, -0.000349391746568, 0.000827925978228, 0.000867791939527, -0.000106194514956, -0.00281849689782, 0.000414447626099, 0.00434253690764, -0.0148316239938, 0.0363284833729, -0.0181952323765, 0.00432298099622], [-0.000111659574031, 0.00115199421998, -0.00076234183507, -0.000297512568068, 4.00560929847e-005, -0.00203074445017, 0.00186897965614, -0.00217129685916, -0.00197809329256, 0.00481903832406, -0.0181952323765, 0.0392146036029, -0.0179634522647], [0.000197568733711, -0.000449191225925, 0.00255428859964, 0.00186122907326, -0.00254741939716, 0.00413380470127, -0.00219752825797, 0.000359384866897, -0.00106839148793, -0.00521473027766, 0.00432298099622, -0.0179634522647, 0.028221834451]]
    },
    "spectral_contrast_coeffs": {
        "mean": [-0.524058580399, -0.706345498562, -0.792951822281, -0.834015905857, -0.820698857307, -0.765480220318],
        "var": [0.0112481331453, 0.0108993630856, 0.00562916975468, 0.00122528627981, 0.00143388519064, 0.00132284883875]
    },
    "spectral_contrast_valleys": {
        "mean": [-7.52059650421, -6.96883630753, -7.94614744186, -8.36170387268, -8.26543140411, -10.5905647278],
        "var": [1.66302752495, 1.43178701401, 1.4909850359, 1.73399174213, 2.10304927826, 2.7551047802]
    }
},
"metadata": {
    "audio_properties": {
        "analysis_sample_rate": 44100,
        "bit_rate": 107617,
        "equal_loudness": 0,
        "length": 45.0873451233,
        "lossless": 0,
        "replay_gain": -13.1556529999,
        "sample_rate": 44100,
        "codec": "mp3",
        "downmix": "mix",
        "md5_encoded": "01d18b5ed38324c25b03d71b401bce17"
    },
    "tags": {
        "file_name": "12.mp3"
    },
    "version": {
        "essentia": "2.1-beta2",
        "essentia_git_sha": "v2.1_beta2",
        "extractor": "music 1.0"
    }
},
"rhythm": {
    "beats_count": 95,
    "beats_loudness": {
        "mean": 0.0410343967378,
        "var": 0.000420012453105
    },
    "bpm": 126.273071289,
    "bpm_histogram_first_peak_bpm": {
        "mean": 126,
        "var": 0
    },
    "bpm_histogram_first_peak_spread": {
        "mean": 0.5,
        "var": 0
    },
    "bpm_histogram_first_peak_weight": {
        "mean": 0.436170220375,
        "var": 0
    },
    "bpm_histogram_second_peak_bpm": {
        "mean": 133,
        "var": 0
    },
    "bpm_histogram_second_peak_spread": {
        "mean": 0.375000029802,
        "var": 0
    },
    "bpm_histogram_second_peak_weight": {
        "mean": 0.0531914904714,
        "var": 0
    },
    "danceability": 1.21426856518,
    "onset_rate": 3.65815043449,
    "beats_loudness_band_ratio": {
        "mean": [0.531485438347, 0.324161827564, 0.0994943529367, 0.0227313023061, 0.0305638518184, 0.0596051886678],
        "var": [0.101057425141, 0.0557569749653, 0.0154872760177, 0.00042584631592, 0.00220894650556, 0.00806835666299]
    },
    "beats_position": [0.417959183455, 0.847528338432, 1.30031740665, 1.74149656296, 2.18267560005, 2.62385487556, 3.08825397491, 3.54104304314, 3.99383211136, 4.446621418, 4.8994102478, 5.3754196167, 5.85142850876, 6.31582736969, 6.78022670746, 7.24462556839, 7.72063493729, 8.19664382935, 8.66104316711, 9.13705158234, 9.61306095123, 10.0890703201, 10.5650787354, 11.0410881042, 11.5170974731, 11.9814968109, 12.445895195, 12.9102945328, 13.3746938705, 13.8623123169, 14.3383216858, 14.8143310547, 15.2787294388, 15.7547388077, 16.2191371918, 16.7183666229, 17.2059860229, 17.693605423, 18.1696147919, 18.6572322845, 19.1564617157, 19.6440811157, 20.1200904846, 20.5960998535, 21.0837192535, 21.548116684, 22.0241260529, 22.5001354218, 22.9645347595, 23.4405441284, 23.9049434662, 24.3809528351, 24.8685703278, 25.3561897278, 25.8438091278, 26.3314285278, 26.7958278656, 27.2602272034, 27.7362346649, 28.2122440338, 28.6882534027, 29.1642627716, 29.6286621094, 30.1046714783, 30.5806789398, 31.0450782776, 31.5326976776, 32.0435371399, 32.5311546326, 32.9955558777, 33.4831733704, 33.9475746155, 34.4119720459, 34.8879814148, 35.3639907837, 35.8400001526, 36.3160095215, 36.8036270142, 37.2912483215, 37.7788658142, 38.2664833069, 38.7541046143, 39.2301139832, 39.7061233521, 40.1821289063, 40.6581382751, 41.134147644, 41.6101570129, 42.0745582581, 42.550567627, 43.0265769958, 43.50258255, 43.9785919189, 44.4429931641, 44.919002533]
},
"tonal": {
    "chords_changes_rate": 0.0432098768651,
    "chords_number_rate": 0.00925925932825,
    "chords_strength": {
        "mean": 0.521517336369,
        "var": 0.0105391908437
    },
    "hpcp_entropy": {
        "mean": 2.0106947422,
        "var": 0.829038918018
    },
    "key_strength": 0.663213908672,
    "tuning_diatonic_strength": 0.497563302517,
    "tuning_equal_tempered_deviation": 0.0955667942762,
    "tuning_frequency": 438.224517822,
    "tuning_nontempered_energy_ratio": 0.714593648911,
    "hpcp": {
        "mean": [0.0667857453227, 0.0676431357861, 0.11270159483, 0.152233362198, 0.118182785809, 0.0740911439061, 0.0667618513107, 0.107999078929, 0.334971487522, 0.429020017385, 0.199462294579, 0.0526343546808, 0.044611889869, 0.0473716855049, 0.0606900341809, 0.0893849134445, 0.105098672211, 0.155167579651, 0.219837322831, 0.167346358299, 0.0973931327462, 0.0717538297176, 0.0483530499041, 0.128271579742, 0.217000544071, 0.140035808086, 0.0520012229681, 0.0540588833392, 0.0575957521796, 0.15672019124, 0.262543827295, 0.159161999822, 0.0484657511115, 0.0419821999967, 0.0366518981755, 0.0542333163321],
        "var": [0.0205337256193, 0.0178132746369, 0.0526089593768, 0.0753380209208, 0.0579230375588, 0.0299451127648, 0.024863705039, 0.0364781431854, 0.122185260057, 0.182731553912, 0.0571527294815, 0.0207983199507, 0.0157812349498, 0.0191369652748, 0.0230391137302, 0.0439281016588, 0.0488683767617, 0.0634336546063, 0.118778973818, 0.0758373960853, 0.0522351190448, 0.0359540656209, 0.0152762839571, 0.0437160842121, 0.110086649656, 0.0531872883439, 0.014918926172, 0.0228008870035, 0.0199934896082, 0.0367210358381, 0.102803088725, 0.0412702709436, 0.0148158660159, 0.0113397585228, 0.00757776247337, 0.0152339190245]
    },
    "chords_histogram": [56.1728401184, 1.33744859695, 1.13168728352, 11.1111106873, 0, 5.34979438782, 0, 0, 0, 0, 0, 0, 0.411522626877, 2.46913576126, 0, 0, 0, 0, 5.04115247726, 1.23456788063, 0.102880656719, 0, 15.6378602982, 0],
    "thpcp": [1, 0.464925378561, 0.122685082257, 0.103985570371, 0.110418356955, 0.141462013125, 0.20834672451, 0.244973823428, 0.361679106951, 0.512417376041, 0.390066564083, 0.227013021708, 0.167250543833, 0.112705811858, 0.298987388611, 0.505805194378, 0.326408565044, 0.121209315956, 0.126005500555, 0.134249567986, 0.365298092365, 0.611961722374, 0.37098968029, 0.112968504429, 0.0978560373187, 0.0854316726327, 0.126412093639, 0.155670464039, 0.157668948174, 0.262695431709, 0.354839771986, 0.275471508503, 0.172698572278, 0.155614763498, 0.251734346151, 0.780782878399],
    "chords_key": "C",
    "chords_scale": "minor",
    "key_key": "C",
    "key_scale": "minor"
}
}