{
"lowlevel": {
    "average_loudness": 0.241603538394,
    "barkbands_crest": {
        "mean": 9.2288274765,
        "var": 13.4044618607
    },
    "barkbands_flatness_db": {
        "mean": 0.196564137936,
        "var": 0.00665692333132
    },
    "barkbands_kurtosis": {
        "mean": 6.68525934219,
        "var": 79.8397064209
    },
    "barkbands_skewness": {
        "mean": 1.78771257401,
        "var": 1.21329700947
    },
    "barkbands_spread": {
        "mean": 12.6300392151,
        "var": 110.993202209
    },
    "dissonance": {
        "mean": 0.427097141743,
        "var": 0.00307181943208
    },
    "dynamic_complexity": 4.01417732239,
    "erbbands_crest": {
        "mean": 9.49581336975,
        "var": 12.3872241974
    },
    "erbbands_flatness_db": {
        "mean": 0.206326246262,
        "var": 0.00365275866352
    },
    "erbbands_kurtosis": {
        "mean": 0.916395545006,
        "var": 5.86087274551
    },
    "erbbands_skewness": {
        "mean": 0.572940826416,
        "var": 0.544358730316
    },
    "erbbands_spread": {
        "mean": 28.2081604004,
        "var": 201.721603394
    },
    "hfc": {
        "mean": 10.1953716278,
        "var": 359.255249023
    },
    "melbands_crest": {
        "mean": 13.4896316528,
        "var": 18.8037033081
    },
    "melbands_flatness_db": {
        "mean": 0.255535185337,
        "var": 0.0111015578732
    },
    "melbands_kurtosis": {
        "mean": 11.1650924683,
        "var": 121.447929382
    },
    "melbands_skewness": {
        "mean": 2.39934182167,
        "var": 1.47170448303
    },
    "melbands_spread": {
        "mean": 15.5712614059,
        "var": 191.041183472
    },
    "pitch_salience": {
        "mean": 0.570405840874,
        "var": 0.0102878510952
    },
    "silence_rate_20dB": {
        "mean": 1,
        "var": 0
    },
    "silence_rate_30dB": {
        "mean": 0.974781274796,
        "var": 0.024582138285
    },
    "silence_rate_60dB": {
        "mean": 0.127122998238,
        "var": 0.110962323844
    },
    "spectral_centroid": {
        "mean": 902.135681152,
        "var": 517103.59375
    },
    "spectral_complexity": {
        "mean": 12.2810087204,
        "var": 45.2189445496
    },
    "spectral_decrease": {
        "mean": -4.47778347734e-009,
        "var": 5.96393714405e-017
    },
    "spectral_energy": {
        "mean": 0.0178249459714,
        "var": 0.000937911041547
    },
    "spectral_energyband_high": {
        "mean": 0.000177461304702,
        "var": 2.65659735987e-007
    },
    "spectral_energyband_low": {
        "mean": 0.00235374411568,
        "var": 8.91083618626e-006
    },
    "spectral_energyband_middle_high": {
        "mean": 0.00319187133573,
        "var": 8.88011418283e-005
    },
    "spectral_energyband_middle_low": {
        "mean": 0.01307313703,
        "var": 0.000688762811478
    },
    "spectral_entropy": {
        "mean": 6.8547000885,
        "var": 0.574080705643
    },
    "spectral_flux": {
        "mean": 0.0419880971313,
        "var": 0.0015643031802
    },
    "spectral_kurtosis": {
        "mean": 14.5750770569,
        "var": 642.071472168
    },
    "spectral_rms": {
        "mean": 0.00352158816531,
        "var": 4.98860663356e-006
    },
    "spectral_rolloff": {
        "mean": 1100.43347168,
        "var": 1721456.5
    },
    "spectral_skewness": {
        "mean": 2.52943587303,
        "var": 2.55933785439
    },
    "spectral_spread": {
        "mean": 3312855.75,
        "var": 3.94620462694e+012
    },
    "spectral_strongpeak": {
        "mean": 0.745213985443,
        "var": 1.42360043526
    },
    "zerocrossingrate": {
        "mean": 0.0442378297448,
        "var": 0.00145334762055
    },
    "barkbands": {
        "mean": [5.55709107175e-007, 0.000494321051519, 0.000956358155236, 0.00220821541734, 0.00572866294533, 0.00205535604618, 0.0010965365218, 0.000786382355727, 0.00104111456312, 0.000386792497011, 0.000409530272009, 0.00106855318882, 0.000298881030176, 0.000192583669559, 0.000165417121025, 0.000340782775311, 0.000225435374887, 8.73589160619e-005, 7.14879861334e-005, 5.52500714548e-005, 3.53641044057e-005, 2.77056915365e-005, 2.95366826322e-005, 3.23080275848e-005, 2.25344592764e-005, 7.64204742154e-006, 3.0227664638e-007],
        "var": [1.83472269495e-012, 8.96868016298e-007, 1.60238039371e-006, 1.88587928278e-005, 0.000148559527588, 2.08826786547e-005, 2.75740439974e-005, 1.00843117252e-005, 5.38879794476e-005, 3.73443799617e-006, 3.56827115411e-007, 5.28095115442e-005, 8.93736569196e-007, 3.36379116561e-007, 1.87158846643e-007, 1.45549722674e-006, 1.95354161292e-007, 2.40854696187e-008, 2.12958983781e-008, 1.80480714818e-008, 8.31971913584e-009, 8.1827504772e-009, 1.44047342943e-008, 1.86392252743e-008, 6.43040110049e-009, 1.69860192578e-009, 6.58617257954e-012]
    },
    "erbbands": {
        "mean": [0.00261188321747, 0.157563403249, 1.03066778183, 4.6164264679, 20.5665168762, 11.2049865723, 17.8029842377, 12.8234558105, 21.0433921814, 9.06198215485, 25.4949436188, 24.2015132904, 12.4694004059, 14.1373052597, 21.904624939, 42.0850334167, 14.4678564072, 11.7299375534, 8.86646270752, 11.4560098648, 19.2221736908, 11.7655448914, 5.73387527466, 4.00650930405, 3.46827936172, 2.63752317429, 1.78909432888, 1.08797693253, 1.08866393566, 0.739162623882, 0.904389023781, 0.774760961533, 0.49738907814, 0.322422474623, 0.121773429215, 0.0513023771346, 0.00771839823574, 0.00134753040038, 4.25958605774e-005, 2.18971981667e-005],
        "var": [2.08047549677e-005, 0.085940733552, 2.27887773514, 49.1841545105, 2585.23022461, 544.84185791, 1367.46484375, 1703.83276367, 8978.54882813, 829.698059082, 12140.9306641, 28627.1367188, 4769.64550781, 981.431091309, 12645.9892578, 49511.1640625, 1725.27770996, 1388.68981934, 455.858856201, 1242.07910156, 3789.55688477, 590.370361328, 95.7866744995, 65.5690689087, 43.7797622681, 40.4843864441, 19.2832889557, 8.29094314575, 13.4439678192, 5.22870540619, 14.9136819839, 12.2189006805, 4.51823616028, 1.54947733879, 0.192742228508, 0.084935605526, 0.00079222820932, 5.05891439389e-005, 2.89148136545e-008, 1.28323240922e-009]
    },
    "gfcc": {
        "mean": [-84.4563751221, 123.116744995, -125.443862915, 13.3204402924, -62.5174369812, 2.38848638535, -47.3837013245, -6.28388738632, -35.1934928894, -15.2024326324, -16.519285202, -6.90070581436, -10.8009233475],
        "cov": [[9201.38476563, -2150.70825195, -1598.0168457, 712.626098633, -179.575271606, 446.918518066, -442.560455322, 490.507232666, -224.608306885, 148.760604858, -239.223709106, 18.5052452087, -218.404907227], [-2150.70825195, 3156.96142578, 1260.51403809, 77.4767990112, 391.786804199, -531.762390137, 345.503570557, -429.954559326, 34.8881607056, -454.442077637, 281.639556885, -105.772224426, 195.947937012], [-1598.0168457, 1260.51403809, 1537.83752441, 80.9640808105, 146.722167969, -105.967651367, 127.820892334, -144.805297852, -73.1604690552, -104.123672485, 78.3040084839, 26.5857696533, -11.6920728683], [712.626098633, 77.4767990112, 80.9640808105, 563.793640137, 219.371734619, 66.6736984253, 35.9700584412, 64.4331588745, -0.891812384129, -32.9708976746, 20.6465110779, 33.3150939941, 24.2452354431], [-179.575271606, 391.786804199, 146.722167969, 219.371734619, 310.918670654, -13.5661535263, 79.2454986572, -2.45759224892, 12.4257154465, -44.6238632202, 45.608291626, 35.8268508911, 46.3189659119], [446.918518066, -531.762390137, -105.967651367, 66.6736984253, -13.5661535263, 257.266540527, -6.32907342911, 102.751953125, -22.2284126282, 95.0421295166, -48.749080658, 46.7566642761, -29.6928958893], [-442.560455322, 345.503570557, 127.820892334, 35.9700584412, 79.2454986572, -6.32907342911, 147.609146118, -17.1722564697, 10.7096452713, -39.7401351929, 33.8068237305, 4.55991792679, 27.4731712341], [490.507232666, -429.954559326, -144.805297852, 64.4331588745, -2.45759224892, 102.751953125, -17.1722564697, 163.535415649, 2.6888628006, 74.1683959961, -45.8238449097, 22.9144935608, -36.2590255737], [-224.608306885, 34.8881607056, -73.1604690552, -0.891812384129, 12.4257154465, -22.2284126282, 10.7096452713, 2.6888628006, 109.301147461, 8.46768474579, 8.55978870392, -15.5318498611, 15.4823169708], [148.760604858, -454.442077637, -104.123672485, -32.9708976746, -44.6238632202, 95.0421295166, -39.7401351929, 74.1683959961, 8.46768474579, 146.54347229, -29.8417625427, 25.1354751587, -42.8614082336], [-239.223709106, 281.639556885, 78.3040084839, 20.6465110779, 45.608291626, -48.749080658, 33.8068237305, -45.8238449097, 8.55978870392, -29.8417625427, 95.8844604492, -7.82192516327, 18.3909549713], [18.5052452087, -105.772224426, 26.5857696533, 33.3150939941, 35.8268508911, 46.7566642761, 4.55991792679, 22.9144935608, -15.5318498611, 25.1354751587, -7.82192516327, 82.5545043945, 3.58737969398], [-218.404907227, 195.947937012, -11.6920728683, 24.2452354431, 46.3189659119, -29.6928958893, 27.4731712341, -36.2590255737, 15.4823169708, -42.8614082336, 18.3909549713, 3.58737969398, 82.2990188599]],
        "icov": [[0.000272113014944, -0.000280221371213, 0.000395576935261, -0.000445431243861, 0.000269630778348, -0.00036043007276, 0.000809307442978, -0.000516278960276, 0.000608249392826, 5.83251712669e-005, 0.000261514418526, -8.9107605163e-005, 0.000658720149659], [-0.000280221371213, 0.00270127039403, -0.00159400142729, 0.000747047597542, -0.0015764629934, 0.00225743441842, -0.00320223835297, 0.00203532236628, -0.00112941663247, 0.002643274609, -0.00205809762701, 0.00162676954642, -0.0019762115553], [0.000395576935261, -0.00159400142729, 0.0020308427047, -0.000905230001081, 0.000799790257588, -0.00123374769464, 0.00169024872594, -0.000691919820383, 0.00163537485059, -0.00114390521776, 0.00117750640493, -0.00131156411953, 0.00252647604793], [-0.000445431243861, 0.000747047597542, -0.000905230001081, 0.00362392887473, -0.0025210545864, -0.000151946529513, -0.000856517348439, -0.000359847443178, -0.00114365422633, 0.00155464245472, -0.00120329426136, 0.000471383711556, -0.00139236298855], [0.000269630778348, -0.0015764629934, 0.000799790257588, -0.0025210545864, 0.00681731104851, -0.000650091969874, 0.000281215267023, -0.00176591845229, 0.000386489031371, -0.0012652821606, 5.10486279381e-005, -0.00296332337894, -0.000231909696595], [-0.00036043007276, 0.00225743441842, -0.00123374769464, -0.000151946529513, -0.000650091969874, 0.00888159591705, -0.00446801772341, 0.000100964178273, 0.000352346192813, -0.00131921714637, -0.000134424553835, -0.000553157005925, -0.00205469178036], [0.000809307442978, -0.00320223835297, 0.00169024872594, -0.000856517348439, 0.000281215267023, -0.00446801772341, 0.014172764495, -0.00397978303954, 0.00109638005961, -0.000126280123368, 0.000328827241901, -0.00155195442494, 0.00173176836688], [-0.000516278960276, 0.00203532236628, -0.000691919820383, -0.000359847443178, -0.00176591845229, 0.000100964178273, -0.00397978303954, 0.0134002119303, -0.00202560820617, -0.00145892065484, 0.0015894343378, 0.000458236754639, 0.00130042270757], [0.000608249392826, -0.00112941663247, 0.00163537485059, -0.00114365422633, 0.000386489031371, 0.000352346192813, 0.00109638005961, -0.00202560820617, 0.0123579902574, -0.00309529900551, 0.000589479750488, 0.00183634855784, -0.000624972104561], [5.83251712669e-005, 0.002643274609, -0.00114390521776, 0.00155464245472, -0.0012652821606, -0.00131921714637, -0.000126280123368, -0.00145892065484, -0.00309529900551, 0.0161880031228, -0.00301568233408, -0.00108751293737, 0.00261069997214], [0.000261514418526, -0.00205809762701, 0.00117750640493, -0.00120329426136, 5.10486279381e-005, -0.000134424553835, 0.000328827241901, 0.0015894343378, 0.000589479750488, -0.00301568233408, 0.0156572256237, -0.000545910850633, 0.00147271773312], [-8.9107605163e-005, 0.00162676954642, -0.00131156411953, 0.000471383711556, -0.00296332337894, -0.000553157005925, -0.00155195442494, 0.000458236754639, 0.00183634855784, -0.00108751293737, -0.000545910850633, 0.0167961064726, -0.0037686873693], [0.000658720149659, -0.0019762115553, 0.00252647604793, -0.00139236298855, -0.000231909696595, -0.00205469178036, 0.00173176836688, 0.00130042270757, -0.000624972104561, 0.00261069997214, 0.00147271773312, -0.0037686873693, 0.0200696978718]]
    },
    "melbands": {
        "mean": [7.35116627766e-005, 0.0004229680344, 0.0012770179892, 0.00125175272115, 0.000533699989319, 0.000329663278535, 0.000304483051877, 0.000101207289845, 0.000232644641073, 0.000134981557494, 5.86328133068e-005, 5.50897639187e-005, 5.83449291298e-005, 0.000142576755024, 4.14621245e-005, 3.4008120565e-005, 2.00783670152e-005, 1.40724905577e-005, 1.27539969981e-005, 2.30293790082e-005, 2.1005547751e-005, 1.31149763547e-005, 6.56311340208e-006, 4.15302065448e-006, 3.05950220536e-006, 2.89815852739e-006, 2.18126342588e-006, 1.53744440468e-006, 1.1625878642e-006, 7.84913424923e-007, 5.63646551655e-007, 6.16003376308e-007, 5.16911086379e-007, 3.78272005719e-007, 4.92769174798e-007, 5.88922716815e-007, 4.17274861775e-007, 3.13789314532e-007, 3.76008358671e-007, 2.29422042253e-007],
        "var": [1.944482797e-008, 4.27865444408e-007, 5.77731861995e-006, 8.66334085003e-006, 1.43389206642e-006, 1.00282318272e-006, 1.75831917204e-006, 1.34095657245e-007, 1.34792003337e-006, 8.64682021984e-007, 1.20081864452e-007, 2.15162234696e-008, 2.57919978708e-008, 1.19123626519e-006, 1.10400950604e-008, 1.14760210224e-008, 4.38824399041e-009, 1.22566368166e-009, 1.31751354271e-009, 6.02416916351e-009, 3.83044573837e-009, 8.01378907678e-010, 1.35547351121e-010, 6.50431236648e-011, 4.53568016479e-011, 4.00927659128e-011, 3.4094442547e-011, 1.32117771584e-011, 7.47066384449e-012, 5.75015902948e-012, 2.17366424339e-012, 4.5675052282e-012, 2.95562554466e-012, 1.59585073021e-012, 4.98764527943e-012, 6.04457716519e-012, 3.94944884088e-012, 2.19983037862e-012, 2.08298742838e-012, 9.19290359981e-013]
    },
    "mfcc": {
        "mean": [-723.004821777, 152.643234253, -6.92859220505, 9.99035644531, 0.835430800915, -3.4097070694, -3.66304063797, -2.01442289352, -11.3738946915, -14.5974216461, -14.4000139236, -3.37089276314, -3.66457772255],
        "cov": [[7826.47363281, -2374.99487305, -1486.56188965, -70.0972518921, 208.658035278, -8.26453495026, 5.65088415146, 155.468215942, 162.771133423, 252.540267944, 125.9790802, 148.624694824, -31.7312812805], [-2374.99487305, 2576.41064453, 892.616821289, 611.955200195, 106.586372375, 1.31799936295, 135.6121521, 70.1199188232, -159.552825928, -264.700927734, -125.4712677, -70.7782669067, 29.8511581421], [-1486.56188965, 892.616821289, 1160.71911621, 231.723297119, 58.4005317688, 61.4732971191, 100.974075317, 21.9519348145, -99.6231079102, -87.4422149658, -20.1179981232, -88.3706207275, -19.214389801], [-70.0972518921, 611.955200195, 231.723297119, 580.773803711, 253.56413269, 81.6877441406, 115.512435913, 128.044113159, 13.8892612457, -45.7237091064, -11.3934965134, 0.151942133904, 49.9418830872], [208.658035278, 106.586372375, 58.4005317688, 253.56413269, 274.118560791, 87.3552856445, 77.2198257446, 72.3187789917, 36.926990509, 15.1654338837, 20.5122051239, 20.7703208923, 43.6678466797], [-8.26453495026, 1.31799936295, 61.4732971191, 81.6877441406, 87.3552856445, 150.079483032, 68.4189147949, 45.1722755432, 33.388343811, 2.50076770782, 22.2653369904, 14.8677663803, 22.6754970551], [5.65088415146, 135.6121521, 100.974075317, 115.512435913, 77.2198257446, 68.4189147949, 171.571685791, 65.8125152588, 15.1130275726, -14.8091459274, 6.45399284363, 20.8360042572, 25.1103496552], [155.468215942, 70.1199188232, 21.9519348145, 128.044113159, 72.3187789917, 45.1722755432, 65.8125152588, 138.294235229, 41.5313873291, -2.91453361511, 2.83325958252, 13.699010849, 32.5419120789], [162.771133423, -159.552825928, -99.6231079102, 13.8892612457, 36.926990509, 33.388343811, 15.1130275726, 41.5313873291, 127.232872009, 27.7358226776, 17.6623687744, 28.8638572693, 12.6954231262], [252.540267944, -264.700927734, -87.4422149658, -45.7237091064, 15.1654338837, 2.50076770782, -14.8091459274, -2.91453361511, 27.7358226776, 125.681159973, 43.9305877686, 13.7926912308, -0.764340281487], [125.9790802, -125.4712677, -20.1179981232, -11.3934965134, 20.5122051239, 22.2653369904, 6.45399284363, 2.83325958252, 17.6623687744, 43.9305877686, 97.1366729736, 24.612613678, -2.36840867996], [148.624694824, -70.7782669067, -88.3706207275, 0.151942133904, 20.7703208923, 14.8677663803, 20.8360042572, 13.699010849, 28.8638572693, 13.7926912308, 24.612613678, 80.3971099854, 15.2605247498], [-31.7312812805, 29.8511581421, -19.214389801, 49.9418830872, 43.6678466797, 22.6754970551, 25.1103496552, 32.5419120789, 12.6954231262, -0.764340281487, -2.36840867996, 15.2605247498, 85.3703384399]],
        "icov": [[0.000244142574957, 0.000230374222156, 0.000213471575989, -0.000190623599337, -0.000167528516613, 0.000174774220795, -0.000123415127746, -0.00030932892696, 0.000262870860752, 2.72400229733e-005, -1.73954376805e-005, -7.5634176028e-005, 0.000337425124599], [0.000230374222156, 0.0010842543561, -0.000226125004701, -0.00104351295158, 0.000194529056898, 0.000494320236612, -0.000220590867684, -0.000157556525664, 0.000691681401804, 0.000997309805825, 0.0003029514628, -0.000312523014145, 0.000130543339765], [0.000213471575989, -0.000226125004701, 0.00158792163711, -0.000156534675625, -0.000169046863448, -0.000420787604526, -0.000639004458208, -0.000205442411243, 0.000728898972739, -2.82370074274e-005, -0.000491229002364, 0.00122909829952, 0.000729897757992], [-0.000190623599337, -0.00104351295158, -0.000156534675625, 0.00474229175597, -0.00328910793178, 1.79479029612e-005, -0.000119244170492, -0.00177022069693, -0.000302381697111, 0.00014132609067, 2.22854778258e-005, 0.000542961061001, -0.000178160844371], [-0.000167528516613, 0.000194529056898, -0.000169046863448, -0.00328910793178, 0.00794794689864, -0.00222893804312, -0.000477401597891, 0.000545121380128, -0.00056881288765, -0.00123169657309, -0.00036393958726, -0.000471213104902, -0.00163729954511], [0.000174774220795, 0.000494320236612, -0.000420787604526, 1.79479029612e-005, -0.00222893804312, 0.0101160611957, -0.00257443985902, -0.000722040131222, -0.00135397107806, 0.000984691432677, -0.00155372952577, 4.55890585727e-005, -0.00056855333969], [-0.000123415127746, -0.000220590867684, -0.000639004458208, -0.000119244170492, -0.000477401597891, -0.00257443985902, 0.00900404341519, -0.00250931666233, 0.000360505742719, 0.000515155901667, 0.00012755690841, -0.00214253668673, -0.000469151389552], [-0.00030932892696, -0.000157556525664, -0.000205442411243, -0.00177022069693, 0.000545121380128, -0.000722040131222, -0.00250931666233, 0.0120072327554, -0.00322264712304, 4.30162663179e-006, 0.000239189728745, 0.000380206038244, -0.00257854326628], [0.000262870860752, 0.000691681401804, 0.000728898972739, -0.000302381697111, -0.00056881288765, -0.00135397107806, 0.000360505742719, -0.00322264712304, 0.0111325876787, -0.000858644547407, 0.000118233139801, -0.00224282057025, 0.000710756401531], [2.72400229733e-005, 0.000997309805825, -2.82370074274e-005, 0.00014132609067, -0.00123169657309, 0.000984691432677, 0.000515155901667, 4.30162663179e-006, -0.000858644547407, 0.0117712076753, -0.00399312609807, 0.00033803054248, -0.00015044468455], [-1.73954376805e-005, 0.0003029514628, -0.000491229002364, 2.22854778258e-005, -0.00036393958726, -0.00155372952577, 0.00012755690841, 0.000239189728745, 0.000118233139801, -0.00399312609807, 0.0137909790501, -0.00374701409601, 0.00123322964646], [-7.5634176028e-005, -0.000312523014145, 0.00122909829952, 0.000542961061001, -0.000471213104902, 4.55890585727e-005, -0.00214253668673, 0.000380206038244, -0.00224282057025, 0.00033803054248, -0.00374701409601, 0.0165243688971, -0.00196688529104], [0.000337425124599, 0.000130543339765, 0.000729897757992, -0.000178160844371, -0.00163729954511, -0.00056855333969, -0.000469151389552, -0.00257854326628, 0.000710756401531, -0.00015044468455, 0.00123322964646, -0.00196688529104, 0.014450116083]]
    },
    "spectral_contrast_coeffs": {
        "mean": [-0.540720760822, -0.661930441856, -0.73927128315, -0.76895236969, -0.759318888187, -0.756063759327],
        "var": [0.0102553274482, 0.00791922584176, 0.00510128261521, 0.0031898797024, 0.00304284063168, 0.0027078113053]
    },
    "spectral_contrast_valleys": {
        "mean": [-8.48161506653, -7.61768054962, -7.90276527405, -8.6297492981, -8.94674491882, -11.8983898163],
        "var": [2.25750184059, 1.12107753754, 1.35646939278, 1.80665123463, 1.92333567142, 2.03743505478]
    }
},
"metadata": {
    "audio_properties": {
        "analysis_sample_rate": 44100,
        "bit_rate": 104284,
        "equal_loudness": 0,
        "length": 45.0873451233,
        "lossless": 0,
        "replay_gain": -1.88116264343,
        "sample_rate": 44100,
        "codec": "mp3",
        "downmix": "mix",
        "md5_encoded": "0c3d60f5602739bedcf9d81e49371736"
    },
    "tags": {
        "file_name": "120.mp3"
    },
    "version": {
        "essentia": "2.1-beta2",
        "essentia_git_sha": "v2.1_beta2",
        "extractor": "music 1.0"
    }
},
"rhythm": {
    "beats_count": 76,
    "beats_loudness": {
        "mean": 0.0224059559405,
        "var": 0.00084698369028
    },
    "bpm": 102.538650513,
    "bpm_histogram_first_peak_bpm": {
        "mean": 101,
        "var": 0
    },
    "bpm_histogram_first_peak_spread": {
        "mean": 0.649122834206,
        "var": 0
    },
    "bpm_histogram_first_peak_weight": {
        "mean": 0.266666680574,
        "var": 0
    },
    "bpm_histogram_second_peak_bpm": {
        "mean": 108,
        "var": 0
    },
    "bpm_histogram_second_peak_spread": {
        "mean": 0.0999999642372,
        "var": 0
    },
    "bpm_histogram_second_peak_weight": {
        "mean": 0.119999997318,
        "var": 0
    },
    "danceability": 0.950782954693,
    "onset_rate": 3.8355152607,
    "beats_loudness_band_ratio": {
        "mean": [0.416277825832, 0.338520795107, 0.125877588987, 0.126299113035, 0.0860415250063, 0.0314115583897],
        "var": [0.0503735095263, 0.0331897586584, 0.012707519345, 0.0143489679322, 0.01597558707, 0.00385579001158]
    },
    "beats_position": [0.580498874187, 1.17260766029, 1.764716506, 2.35682535172, 2.96054410934, 3.56426286697, 4.1679816246, 4.76009082794, 5.36380958557, 5.95591831207, 6.5596370697, 7.16335582733, 7.75546455383, 8.33596324921, 8.90485286713, 9.47374153137, 10.0542402267, 10.6463489532, 11.2384576797, 11.8189563751, 12.4110651016, 13.0031747818, 13.5836734772, 14.1757822037, 14.7678909302, 15.3483896255, 15.9288883209, 16.50938797, 17.0782756805, 17.6471652985, 18.2160549164, 18.784942627, 19.365442276, 19.9459400177, 20.5148296356, 21.1069393158, 21.6874370575, 22.2447166443, 22.8136043549, 23.3824939728, 23.9629936218, 24.5434913635, 25.1356010437, 25.7277088165, 26.3198184967, 26.8887062073, 27.4459857941, 28.0032653809, 28.5605430603, 29.1178226471, 29.686712265, 30.2555999756, 30.8244895935, 31.3817672729, 31.9506568909, 32.5079345703, 33.0652160645, 33.6224937439, 34.1565513611, 34.7370529175, 35.329158783, 35.9096603394, 36.5017662048, 37.1054878235, 37.7440338135, 38.3825836182, 39.0559616089, 39.7293434143, 40.402721405, 41.0760993958, 41.703037262, 42.3299751282, 42.9220848083, 43.5141944885, 44.1179122925, 44.7216300964]
},
"tonal": {
    "chords_changes_rate": 0.0329218097031,
    "chords_number_rate": 0.00514403311536,
    "chords_strength": {
        "mean": 0.548119902611,
        "var": 0.00472828000784
    },
    "hpcp_entropy": {
        "mean": 1.55911743641,
        "var": 0.742555737495
    },
    "key_strength": 0.796385109425,
    "tuning_diatonic_strength": 0.581584215164,
    "tuning_equal_tempered_deviation": 0.0846985578537,
    "tuning_frequency": 439.491973877,
    "tuning_nontempered_energy_ratio": 0.631116569042,
    "hpcp": {
        "mean": [0.0790242403746, 0.078230984509, 0.0986316278577, 0.154894426465, 0.134232103825, 0.080447897315, 0.0594681426883, 0.0510617159307, 0.0639889836311, 0.0795563235879, 0.0916527584195, 0.0791409984231, 0.0682045221329, 0.080310344696, 0.336391717196, 0.592507839203, 0.358228266239, 0.0925339907408, 0.0608726628125, 0.0599519014359, 0.0596685856581, 0.0511520393193, 0.0485537424684, 0.0750545710325, 0.13083922863, 0.119895473123, 0.0720147565007, 0.0650996938348, 0.0916963964701, 0.316349089146, 0.503999173641, 0.304398149252, 0.0897044017911, 0.0555819869041, 0.0440286584198, 0.0550322458148],
        "var": [0.0229750107974, 0.0295414999127, 0.0398284569383, 0.0606308467686, 0.0466713793576, 0.0263081397861, 0.0198305658996, 0.0196151100099, 0.0246512927115, 0.0314630493522, 0.0430278815329, 0.0363386720419, 0.0330002754927, 0.0360066406429, 0.0553380958736, 0.140640169382, 0.0659792944789, 0.0447941273451, 0.026429714635, 0.0262582767755, 0.0277569778264, 0.022413617, 0.0181666277349, 0.0280212480575, 0.0567030981183, 0.0499431863427, 0.0290016494691, 0.0283932257444, 0.0322235301137, 0.0749275162816, 0.153345003724, 0.0693842619658, 0.0282663051039, 0.0201975274831, 0.0186376329511, 0.0195642895997]
    },
    "chords_histogram": [89.5061721802, 0.514403283596, 0.102880656719, 0, 0, 0, 0, 3.18930029869, 0, 1.54320991039, 0.617283940315, 0, 0, 0, 0, 0, 1.02880656719, 0, 0.102880656719, 0, 0, 0, 0, 3.39506173134],
    "thpcp": [1, 0.604596674442, 0.156173452735, 0.102737314999, 0.101183302701, 0.100705139339, 0.0863314121962, 0.081946156919, 0.126672700047, 0.220822781324, 0.202352553606, 0.121542282403, 0.109871447086, 0.154759809375, 0.53391546011, 0.850620269775, 0.513745367527, 0.151397824287, 0.0938080176711, 0.0743089914322, 0.0928801968694, 0.133372485638, 0.132033675909, 0.166464686394, 0.261421740055, 0.226549074054, 0.135775238276, 0.100366845727, 0.0861789733171, 0.107996858656, 0.134270504117, 0.154686152935, 0.133569538593, 0.115111596882, 0.135543093085, 0.567742228508],
    "chords_key": "G",
    "chords_scale": "minor",
    "key_key": "G",
    "key_scale": "minor"
}
}