{
"lowlevel": {
    "average_loudness": 0.946412026882,
    "barkbands_crest": {
        "mean": 15.6828193665,
        "var": 19.3767681122
    },
    "barkbands_flatness_db": {
        "mean": 0.374362826347,
        "var": 0.00241536833346
    },
    "barkbands_kurtosis": {
        "mean": 6.99697113037,
        "var": 100.15738678
    },
    "barkbands_skewness": {
        "mean": 2.20178079605,
        "var": 2.01411151886
    },
    "barkbands_spread": {
        "mean": 9.67982292175,
        "var": 41.1118965149
    },
    "dissonance": {
        "mean": 0.419640153646,
        "var": 0.00248845713213
    },
    "dynamic_complexity": 2.32659077644,
    "erbbands_crest": {
        "mean": 14.7124662399,
        "var": 17.9197120667
    },
    "erbbands_flatness_db": {
        "mean": 0.352628916502,
        "var": 0.000877734273672
    },
    "erbbands_kurtosis": {
        "mean": -0.44887650013,
        "var": 6.56076717377
    },
    "erbbands_skewness": {
        "mean": -0.0401675626636,
        "var": 0.913814067841
    },
    "erbbands_spread": {
        "mean": 30.3621692657,
        "var": 117.305023193
    },
    "hfc": {
        "mean": 10.3118686676,
        "var": 40.3877487183
    },
    "melbands_crest": {
        "mean": 21.1062412262,
        "var": 28.5115642548
    },
    "melbands_flatness_db": {
        "mean": 0.473895430565,
        "var": 0.00368287134916
    },
    "melbands_kurtosis": {
        "mean": 17.4568443298,
        "var": 434.266662598
    },
    "melbands_skewness": {
        "mean": 3.43241095543,
        "var": 3.33002614975
    },
    "melbands_spread": {
        "mean": 12.1553487778,
        "var": 117.318275452
    },
    "pitch_salience": {
        "mean": 0.346392959356,
        "var": 0.00787354819477
    },
    "silence_rate_20dB": {
        "mean": 1,
        "var": 0
    },
    "silence_rate_30dB": {
        "mean": 0.999484241009,
        "var": 0.000515461608302
    },
    "silence_rate_60dB": {
        "mean": 0.00670448690653,
        "var": 0.00665949191898
    },
    "spectral_centroid": {
        "mean": 567.709655762,
        "var": 106578.101563
    },
    "spectral_complexity": {
        "mean": 6.0046415329,
        "var": 2.7441573143
    },
    "spectral_decrease": {
        "mean": -7.50658024629e-009,
        "var": 3.21264045898e-017
    },
    "spectral_energy": {
        "mean": 0.0292668715119,
        "var": 0.000477164750919
    },
    "spectral_energyband_high": {
        "mean": 1.50984067204e-006,
        "var": 3.80249391002e-012
    },
    "spectral_energyband_low": {
        "mean": 0.00637025712058,
        "var": 9.84366997727e-005
    },
    "spectral_energyband_middle_high": {
        "mean": 0.00309873186052,
        "var": 5.28875125383e-006
    },
    "spectral_energyband_middle_low": {
        "mean": 0.0239105243236,
        "var": 0.000385040853871
    },
    "spectral_entropy": {
        "mean": 5.17197370529,
        "var": 0.154471039772
    },
    "spectral_flux": {
        "mean": 0.0468057915568,
        "var": 0.000883351603989
    },
    "spectral_kurtosis": {
        "mean": 44.4471244812,
        "var": 459.623321533
    },
    "spectral_rms": {
        "mean": 0.00498403701931,
        "var": 3.71238002117e-006
    },
    "spectral_rolloff": {
        "mean": 786.465698242,
        "var": 687148.75
    },
    "spectral_skewness": {
        "mean": 4.61969280243,
        "var": 1.98263001442
    },
    "spectral_spread": {
        "mean": 1600300,
        "var": 1.79980573082e+012
    },
    "spectral_strongpeak": {
        "mean": 1.03145992756,
        "var": 0.85238969326
    },
    "zerocrossingrate": {
        "mean": 0.0284139905125,
        "var": 0.000337183795637
    },
    "barkbands": {
        "mean": [6.53220558888e-005, 0.000101187790278, 0.00210976740345, 0.00786966364831, 0.0138483243063, 0.000611314375419, 0.000888345006388, 0.00038474201574, 0.000269459967967, 0.000565264606848, 0.000135384849273, 0.000451892236015, 0.000399797136197, 0.000307528767735, 0.000629438261967, 0.000477488443721, 0.000118744981592, 2.89728614007e-005, 1.63360198258e-006, 1.49367622271e-006, 4.40559603021e-007, 3.66765817716e-007, 1.86818041925e-007, 1.12367644078e-007, 3.87643908084e-008, 2.34401085208e-008, 3.595784559e-009],
        "var": [7.94704746454e-009, 2.21499458775e-008, 1.21795146697e-005, 0.000132296045194, 0.000228637451073, 1.73225521394e-006, 3.50474761035e-006, 6.41710983018e-007, 2.00296540243e-007, 1.39926532938e-006, 3.36395913791e-007, 2.03346257877e-006, 7.19724823739e-007, 5.54792109142e-007, 1.49321977005e-006, 3.69130270883e-006, 7.93517003217e-008, 1.88900610709e-008, 1.08386442182e-011, 5.38281788934e-012, 3.45813465754e-013, 9.5544167196e-013, 1.24749196433e-013, 5.06849235163e-014, 1.50486234514e-015, 2.90473156833e-015, 4.88939842635e-018]
    },
    "erbbands": {
        "mean": [0.00456156441942, 0.0419376417994, 1.5232309103, 17.2264595032, 44.1220474243, 44.1590614319, 10.8379526138, 5.29017162323, 15.4775724411, 6.09087944031, 8.58358383179, 5.86316108704, 10.7333574295, 16.1852493286, 4.86329126358, 18.6724147797, 20.9439315796, 17.3980827332, 26.7819347382, 31.253036499, 17.069442749, 6.11260604858, 3.2349460125, 0.529357790947, 0.109180018306, 0.0550534687936, 0.0198294706643, 0.014316027984, 0.0148764327168, 0.01009750925, 0.00508420774713, 0.00296627031639, 0.00155065674335, 0.000583824468777, 0.000259301537881, 0.000123828969663, 4.79676273244e-005, 1.1280567378e-005, 1.41253767652e-005, 3.26071531163e-005],
        "var": [4.34914072684e-005, 0.00280722882599, 5.36976528168, 641.664794922, 2221.5, 2811.39306641, 280.578125, 174.186218262, 1212.94726563, 71.8465957642, 228.562042236, 88.2428665161, 411.431915283, 1274.77722168, 242.045913696, 2947.17504883, 1752.58129883, 1639.60095215, 3653.63867188, 4173.57177734, 3017.08422852, 151.115768433, 71.6775665283, 5.23155021667, 0.01954411529, 0.00642065471038, 0.00106162857264, 0.000345234700944, 0.00169653270859, 0.000402224599384, 7.69752805354e-005, 3.32190393237e-005, 1.07339728856e-005, 6.2307594817e-007, 3.67356989273e-008, 1.67711622368e-008, 1.83690715971e-008, 2.62694310749e-010, 1.00318933716e-010, 5.74591652036e-010]
    },
    "gfcc": {
        "mean": [-160.439346313, 180.895904541, -106.394004822, 2.65706038475, -23.6035137177, -11.2706394196, -45.2787895203, -21.3917961121, -15.4618282318, -28.2943553925, -25.1526012421, -20.8963184357, -8.65055370331],
        "cov": [[1438.78369141, 424.928253174, 7.6523809433, 36.0092163086, 81.9377288818, -79.6977310181, -90.0484848022, -131.907089233, -68.6725769043, -208.85144043, -134.30229187, -133.172271729, -4.20399427414], [424.928253174, 384.570709229, 227.502960205, -77.2439422607, 40.2662811279, -15.3713941574, -2.10938358307, -214.720275879, -96.1925354004, 67.5502319336, 92.4504394531, -164.892593384, -223.531723022], [7.6523809433, 227.502960205, 397.835388184, 55.4515609741, 48.1723060608, 10.0045433044, 68.9031448364, -65.8461761475, -78.3683395386, -79.6982192993, -33.202583313, -135.963745117, -170.96307373], [36.0092163086, -77.2439422607, 55.4515609741, 246.115890503, 125.626541138, 9.98318958282, 43.10389328, 190.371612549, 50.6518669128, -274.541900635, -288.596740723, -42.5823326111, 142.042678833], [81.9377288818, 40.2662811279, 48.1723060608, 125.626541138, 220.654983521, 51.9935302734, -45.8378143311, 21.0899162292, 112.527580261, -42.9357185364, -227.35295105, -237.273086548, 29.201997757], [-79.6977310181, -15.3713941574, 10.0045433044, 9.98318958282, 51.9935302734, 156.644393921, 29.6515159607, -54.7125816345, 32.510093689, 138.317230225, 43.8503265381, -112.158500671, -138.535003662], [-90.0484848022, -2.10938358307, 68.9031448364, 43.10389328, -45.8378143311, 29.6515159607, 243.057342529, 152.163696289, -180.699783325, -216.254470825, 91.5819244385, 252.74055481, -60.1116218567], [-131.907089233, -214.720275879, -65.8461761475, 190.371612549, 21.0899162292, -54.7125816345, 152.163696289, 555.026916504, 74.4908447266, -559.601135254, -397.905670166, 262.797973633, 380.422393799], [-68.6725769043, -96.1925354004, -78.3683395386, 50.6518669128, 112.527580261, 32.510093689, -180.699783325, 74.4908447266, 423.862457275, 221.800613403, -317.594665527, -393.569946289, 123.8098526], [-208.85144043, 67.5502319336, -79.6982192993, -274.541900635, -42.9357185364, 138.317230225, -216.254470825, -559.601135254, 221.800613403, 1136.9206543, 538.354858398, -512.56036377, -533.23248291], [-134.30229187, 92.4504394531, -33.202583313, -288.596740723, -227.35295105, 43.8503265381, 91.5819244385, -397.905670166, -317.594665527, 538.354858398, 911.573242188, 314.652252197, -515.242126465], [-133.172271729, -164.892593384, -135.963745117, -42.5823326111, -237.273086548, -112.158500671, 252.74055481, 262.797973633, -393.569946289, -512.56036377, 314.652252197, 979.796081543, 271.882476807], [-4.20399427414, -223.531723022, -170.96307373, 142.042678833, 29.201997757, -138.535003662, -60.1116218567, 380.422393799, 123.8098526, -533.23248291, -515.242126465, 271.882476807, 740.530029297]],
        "icov": [[0.00266841100529, -0.00606481218711, 0.00372306606732, -0.00369868916459, 0.00223646685481, -0.000839314074256, 0.00162510434166, 0.000330930168275, -0.000708978041075, 0.00146721652709, -0.000548501790036, 0.000246344134212, 0.000173102191184], [-0.00606481218711, 0.022156631574, -0.0113226762041, 0.0133826956153, -0.00849707890302, 0.00531334150583, -0.00702618900687, 0.00337929022498, -0.00025565244141, -3.83055430575e-006, 6.07323854638e-005, 0.00121025939006, 0.000133277149871], [0.00372306606732, -0.0113226762041, 0.0106257703155, -0.00754128303379, 0.00458958512172, -0.000895155710168, 0.000263735972112, 0.0017747458769, -0.00179653591476, 0.00289097917266, -0.00036688343971, 0.000818080501631, 0.0010906716343], [-0.00369868916459, 0.0133826956153, -0.00754128303379, 0.0179111603647, -0.00926858745515, 0.00259845377877, -0.00499694375321, 0.000222883216338, 0.000236991894781, 0.000621892279014, 0.0011543026194, 0.000786741322372, 9.596766904e-005], [0.00223646685481, -0.00849707890302, 0.00458958512172, -0.00926858745515, 0.0138286277652, -0.00501512456685, 0.00295287021436, 0.000258135056356, -0.00136306672357, 0.00236828415655, -0.00136525789276, 0.00246249814518, -0.00101199629717], [-0.000839314074256, 0.00531334150583, -0.000895155710168, 0.00259845377877, -0.00501512456685, 0.0131217055023, -0.00753749348223, 0.00433035753667, -0.00255511561409, -0.00105104106478, 0.00255480036139, -0.00128738908097, 0.00263069919311], [0.00162510434166, -0.00702618900687, 0.000263735972112, -0.00499694375321, 0.00295287021436, -0.00753749348223, 0.022641338408, -0.0130271883681, 0.0108143063262, -0.00427037384361, 0.00173383764923, -0.00300969881937, 0.00333968969062], [0.000330930168275, 0.00337929022498, 0.0017747458769, 0.000222883216338, 0.000258135056356, 0.00433035753667, -0.0130271883681, 0.0170616880059, -0.0128820771351, 0.00735891563818, 0.000589744246099, -0.00152087886818, 0.000787900120486], [-0.000708978041075, -0.00025565244141, -0.00179653591476, 0.000236991894781, -0.00136306672357, -0.00255511561409, 0.0108143063262, -0.0128820771351, 0.0211851429194, -0.0131608918309, 0.00891758687794, -0.00166500767227, 0.000327136862325], [0.00146721652709, -3.83055430575e-006, 0.00289097917266, 0.000621892279014, 0.00236828415655, -0.00105104106478, -0.00427037384361, 0.00735891563818, -0.0131608918309, 0.0167752224952, -0.0148085299879, 0.00937607977539, -0.00332783465274], [-0.000548501790036, 6.07323854638e-005, -0.00036688343971, 0.0011543026194, -0.00136525789276, 0.00255480036139, 0.00173383764923, 0.000589744246099, 0.00891758687794, -0.0148085299879, 0.023928001523, -0.0153950415552, 0.0102252932265], [0.000246344134212, 0.00121025939006, 0.000818080501631, 0.000786741322372, 0.00246249814518, -0.00128738908097, -0.00300969881937, -0.00152087886818, -0.00166500767227, 0.00937607977539, -0.0153950415552, 0.014555843547, -0.0084220757708], [0.000173102191184, 0.000133277149871, 0.0010906716343, 9.596766904e-005, -0.00101199629717, 0.00263069919311, 0.00333968969062, 0.000787900120486, 0.000327136862325, -0.00332783465274, 0.0102252932265, -0.0084220757708, 0.00977903977036]]
    },
    "melbands": {
        "mean": [3.44243489963e-005, 0.000512837083079, 0.00359119661152, 0.00363627215847, 0.000590672541875, 0.00012829984189, 0.00021339826344, 6.85550330672e-005, 6.71793168294e-005, 3.4502492781e-005, 5.80637279199e-005, 7.3923059972e-005, 1.75000150193e-005, 2.34945109696e-005, 7.62975541875e-005, 3.23669410136e-005, 3.19683786074e-005, 3.76198149752e-005, 4.54141591035e-005, 4.93056722917e-005, 1.14257099995e-005, 5.24965435034e-006, 5.80524510951e-006, 2.04215962185e-006, 1.37733351835e-007, 7.66849908018e-008, 6.47650537644e-008, 2.84347336788e-008, 1.44199336916e-008, 6.66954313999e-009, 9.29739041311e-009, 7.76025466109e-009, 8.48961168032e-009, 4.65395588733e-009, 2.95261393113e-009, 2.49488008031e-009, 1.4155269179e-009, 1.22946763881e-009, 6.52411014102e-010, 4.02751415551e-010],
        "var": [2.17540385705e-009, 6.77409389027e-007, 1.91884810192e-005, 1.49589341163e-005, 8.46126397391e-007, 9.94533024823e-008, 2.13593068565e-007, 1.39020350787e-008, 1.15135678769e-008, 3.49173467917e-009, 1.27256001292e-008, 2.61488484199e-008, 5.56556134512e-009, 6.5905134683e-009, 3.90406214024e-008, 5.29386356973e-009, 6.85054590832e-009, 9.14184372647e-009, 7.93556420575e-009, 3.53324232094e-008, 1.03947128682e-009, 1.18357809664e-010, 2.95609370315e-010, 1.14890472136e-010, 2.57174137671e-013, 1.79728532946e-014, 1.34065977788e-014, 3.46264654794e-015, 9.4007358728e-016, 1.88317063219e-016, 2.71972485545e-016, 3.0539569096e-016, 8.29696618044e-016, 1.01277062673e-016, 3.64299341493e-017, 1.7321822117e-017, 1.09312836119e-017, 6.21093443301e-018, 2.62327654728e-018, 1.96703472117e-019]
    },
    "mfcc": {
        "mean": [-834.670959473, 213.934844971, 9.01506710052, 17.298784256, 20.8644886017, 3.87715649605, -10.4680337906, -2.79192018509, -2.26490354538, -3.96985840797, -11.487950325, -16.3654403687, -16.5247745514],
        "cov": [[639.028381348, 294.707611084, -102.414329529, 17.5624713898, 38.8948783875, 42.0750656128, -41.8909759521, -75.0379257202, -76.400138855, 9.23220062256, -6.01468324661, -81.1710662842, -82.6137008667], [294.707611084, 399.623748779, 133.107574463, -12.6258802414, 3.12600755692, 73.5169906616, 70.5116882324, -184.171951294, -232.734161377, -28.3978176117, 141.837158203, 119.714355469, -37.1180648804], [-102.414329529, 133.107574463, 289.366149902, 70.6765899658, -33.918094635, 19.9947605133, 98.7763442993, 36.0475769043, -91.1076126099, -103.368453979, 71.061164856, 137.267120361, -72.183380127], [17.5624713898, -12.6258802414, 70.6765899658, 164.339294434, 56.2547492981, -66.5457077026, 9.8702583313, 209.393783569, 181.272521973, -37.1273384094, -135.590606689, -117.586174011, -91.5106658936], [38.8948783875, 3.12600755692, -33.918094635, 56.2547492981, 203.824432373, 73.6532211304, -121.754951477, -52.0137710571, 256.977203369, 318.205657959, -128.483963013, -251.132827759, -0.037556014955], [42.0750656128, 73.5169906616, 19.9947605133, -66.5457077026, 73.6532211304, 304.280517578, 41.7551765442, -425.923675537, -216.994995117, 299.265533447, 248.41305542, 36.9149131775, 114.211265564], [-41.8909759521, 70.5116882324, 98.7763442993, 9.8702583313, -121.754951477, 41.7551765442, 309.373199463, 87.6268692017, -370.629669189, -354.624481201, 227.865585327, 302.122833252, -33.5538825989], [-75.0379257202, -184.171951294, 36.0475769043, 209.393783569, -52.0137710571, -425.923675537, 87.6268692017, 1142.36657715, 524.515686035, -741.242431641, -536.001647949, -56.9014625549, -334.167175293], [-76.400138855, -232.734161377, -91.1076126099, 181.272521973, 256.977203369, -216.994995117, -370.629669189, 524.515686035, 1133.40454102, 391.839538574, -776.749328613, -677.698608398, -116.62651825], [9.23220062256, -28.3978176117, -103.368453979, -37.1273384094, 318.205657959, 299.265533447, -354.624481201, -741.242431641, 391.839538574, 1332.59790039, 100.650344849, -645.330627441, 119.919364929], [-6.01468324661, 141.837158203, 71.061164856, -135.590606689, -128.483963013, 248.41305542, 227.865585327, -536.001647949, -776.749328613, 100.650344849, 933.425964355, 432.997192383, -61.8270187378], [-81.1710662842, 119.714355469, 137.267120361, -117.586174011, -251.132827759, 36.9149131775, 302.122833252, -56.9014625549, -677.698608398, -645.330627441, 432.997192383, 925.936462402, 185.362457275], [-82.6137008667, -37.1180648804, -72.183380127, -91.5106658936, -0.037556014955, 114.211265564, -33.5538825989, -334.167175293, -116.62651825, 119.919364929, -61.8270187378, 185.362457275, 558.422119141]],
        "icov": [[0.0156293511391, -0.0195954591036, 0.0198032669723, -0.0190792288631, 0.0176544003189, -0.0179925728589, 0.0182291381061, -0.0153564531356, 0.0140556031838, -0.010340847075, 0.00764287123457, -0.00400805054232, 0.00336272851564], [-0.0195954591036, 0.0289002023637, -0.0268198996782, 0.025089841336, -0.0253566745669, 0.0244921892881, -0.0243548043072, 0.0217428319156, -0.0175679754466, 0.0140419164672, -0.0090250717476, 0.00490829441696, -0.00310945231467], [0.0198032669723, -0.0268198996782, 0.0318680182099, -0.029093792662, 0.0261583458632, -0.0252048671246, 0.023513160646, -0.0207850392908, 0.0188557300717, -0.0155185544863, 0.0114320795983, -0.00756275653839, 0.00567693356425], [-0.0190792288631, 0.025089841336, -0.029093792662, 0.0383664928377, -0.0293929409236, 0.0268085915595, -0.0274855028838, 0.0207075532526, -0.0205841753632, 0.0158262271434, -0.0115096736699, 0.00780357094482, -0.00493551697582], [0.0176544003189, -0.0253566745669, 0.0261583458632, -0.0293929409236, 0.0393567532301, -0.0304417964071, 0.0270887631923, -0.0237872544676, 0.0187391471118, -0.0177162513137, 0.0115338675678, -0.00604651216418, 0.00411503529176], [-0.0179925728589, 0.0244921892881, -0.0252048671246, 0.0268085915595, -0.0304417964071, 0.0354453064501, -0.0296043343842, 0.0253524817526, -0.0196199249476, 0.014498337172, -0.0105136139318, 0.00539152184501, -0.00392256351188], [0.0182291381061, -0.0243548043072, 0.023513160646, -0.0274855028838, 0.0270887631923, -0.0296043343842, 0.0371589958668, -0.0277121458203, 0.0251009464264, -0.0161900222301, 0.0102046933025, -0.00583535153419, 0.00310524087399], [-0.0153564531356, 0.0217428319156, -0.0207850392908, 0.0207075532526, -0.0237872544676, 0.0253524817526, -0.0277121458203, 0.0308826398104, -0.0263822730631, 0.0212036911398, -0.0116424439475, 0.00633384799585, -0.00194615009241], [0.0140556031838, -0.0175679754466, 0.0188557300717, -0.0205841753632, 0.0187391471118, -0.0196199249476, 0.0251009464264, -0.0263822730631, 0.0296308733523, -0.021566009149, 0.0156054375693, -0.00743999052793, 0.00472764251754], [-0.010340847075, 0.0140419164672, -0.0155185544863, 0.0158262271434, -0.0177162513137, 0.014498337172, -0.0161900222301, 0.0212036911398, -0.021566009149, 0.0208029728383, -0.0134206283838, 0.00870329886675, -0.00460595916957], [0.00764287123457, -0.0090250717476, 0.0114320795983, -0.0115096736699, 0.0115338675678, -0.0105136139318, 0.0102046933025, -0.0116424439475, 0.0156054375693, -0.0134206283838, 0.0133006367832, -0.00715148448944, 0.00590737350285], [-0.00400805054232, 0.00490829441696, -0.00756275653839, 0.00780357094482, -0.00604651216418, 0.00539152184501, -0.00583535153419, 0.00633384799585, -0.00743999052793, 0.00870329886675, -0.00715148448944, 0.00747496541589, -0.004324846901], [0.00336272851564, -0.00310945231467, 0.00567693356425, -0.00493551697582, 0.00411503529176, -0.00392256351188, 0.00310524087399, -0.00194615009241, 0.00472764251754, -0.00460595916957, 0.00590737350285, -0.004324846901, 0.00589722162113]]
    },
    "spectral_contrast_coeffs": {
        "mean": [-0.420374274254, -0.655014395714, -0.697596430779, -0.624625563622, -0.729421675205, -0.815301775932],
        "var": [0.0140205714852, 0.00827314611524, 0.0121988765895, 0.0100873857737, 0.00644454034045, 0.000394573900849]
    },
    "spectral_contrast_valleys": {
        "mean": [-8.5953502655, -8.17321586609, -9.17071247101, -9.94407272339, -10.5986633301, -13.1587944031],
        "var": [0.374843597412, 0.556845426559, 0.321755379438, 0.447217553854, 0.286823064089, 0.163877874613]
    }
},
"metadata": {
    "audio_properties": {
        "analysis_sample_rate": 44100,
        "bit_rate": 128074,
        "equal_loudness": 0,
        "length": 44.9828567505,
        "lossless": 0,
        "replay_gain": -5.86399459839,
        "sample_rate": 44100,
        "codec": "mp3",
        "downmix": "mix",
        "md5_encoded": "cbee8861974d2cdd8ace577327679843"
    },
    "tags": {
        "file_name": "1200.mp3",
        "album": ["Bach Organ Works: Other Free Works"],
        "artist": ["James Kibbie"],
        "composer": ["J.S. Bach"],
        "date": ["2012-01-12 12:37:53", "2012-01-12 12:37:53"],
        "genre": ["Classical"],
        "title": ["BWV 590: Pastorale in F Major - 3. [Aria, manualiter]"],
        "tracknumber": ["24"]
    },
    "version": {
        "essentia": "2.1-beta2",
        "essentia_git_sha": "v2.1_beta2",
        "extractor": "music 1.0"
    }
},
"rhythm": {
    "beats_count": 80,
    "beats_loudness": {
        "mean": 0.0324003919959,
        "var": 0.00044716251432
    },
    "bpm": 107.67010498,
    "bpm_histogram_first_peak_bpm": {
        "mean": 108,
        "var": 0
    },
    "bpm_histogram_first_peak_spread": {
        "mean": 0.590909063816,
        "var": 0
    },
    "bpm_histogram_first_peak_weight": {
        "mean": 0.227848097682,
        "var": 0
    },
    "bpm_histogram_second_peak_bpm": {
        "mean": 120,
        "var": 0
    },
    "bpm_histogram_second_peak_spread": {
        "mean": 0.333333283663,
        "var": 0
    },
    "bpm_histogram_second_peak_weight": {
        "mean": 0.101265825331,
        "var": 0
    },
    "danceability": 0.988693058491,
    "onset_rate": 1.53332400322,
    "beats_loudness_band_ratio": {
        "mean": [0.483012974262, 0.455843538046, 0.0758672729135, 0.0769021883607, 0.0627033859491, 0.00023376585159],
        "var": [0.0724721178412, 0.0709793418646, 0.0168884135783, 0.00979118421674, 0.00868297368288, 1.14493118986e-007]
    },
    "beats_position": [0.49922901392, 1.02167797089, 1.53251695633, 2.0549659729, 2.57741498947, 3.14630389214, 3.70358276367, 4.26086139679, 4.80653047562, 5.35219955444, 5.89786815643, 6.44353723526, 7.00081634521, 7.60453510284, 8.20825386047, 8.80036258698, 9.39247131348, 9.97297000885, 10.5650787354, 11.1455783844, 11.7260770798, 12.294965744, 12.8638544083, 13.4095239639, 13.9551925659, 14.5008611679, 15.0465307236, 15.5921993256, 16.1378688812, 16.6951465607, 17.2408161163, 17.7980957031, 18.3437633514, 18.9010429382, 19.458322525, 20.0039901733, 20.5612697601, 21.1185474396, 21.6874370575, 22.2447166443, 22.7439460754, 23.2431735992, 23.7424030304, 24.2532424927, 24.7524719238, 25.2516994476, 25.7509288788, 26.2385482788, 26.73777771, 27.2370071411, 27.747844696, 28.3747844696, 29.0017223358, 29.6170520782, 30.2323799133, 30.8477096558, 31.4165973663, 31.9738769531, 32.5311546326, 33.0884361267, 33.6457138062, 34.2029914856, 34.7486610413, 35.2943305969, 35.8283882141, 36.3740577698, 36.9197273254, 37.4770050049, 38.034286499, 38.5915641785, 39.1836738586, 39.7873916626, 40.3795013428, 40.9832191467, 41.5637168884, 42.1442184448, 42.713104248, 43.281993866, 43.8508834839, 44.4313812256]
},
"tonal": {
    "chords_changes_rate": 0.0556701049209,
    "chords_number_rate": 0.0144329899922,
    "chords_strength": {
        "mean": 0.422245025635,
        "var": 0.00628328835592
    },
    "hpcp_entropy": {
        "mean": 1.4967417717,
        "var": 0.245665147901
    },
    "key_strength": 0.594522297382,
    "tuning_diatonic_strength": 0.3343757689,
    "tuning_equal_tempered_deviation": 0,
    "tuning_frequency": 438.984558105,
    "tuning_nontempered_energy_ratio": 0.582087278366,
    "hpcp": {
        "mean": [0.172497659922, 0.0887092202902, 0.0756326243281, 0.149893522263, 0.0851229056716, 0.0856786295772, 0.149772256613, 0.0713577270508, 0.0224194154143, 0.0414477474988, 0.0261056683958, 0.0982547476888, 0.213376492262, 0.128617092967, 0.0228108260781, 0.0280548743904, 0.0264500100166, 0.120701819658, 0.224057227373, 0.135243520141, 0.0623167976737, 0.0826356858015, 0.0458432808518, 0.0531408824027, 0.0812779814005, 0.0475903153419, 0.143282219768, 0.237048491836, 0.111786976457, 0.0347048304975, 0.0538874939084, 0.0324867591262, 0.201996728778, 0.380716919899, 0.20178373158, 0.104137808084],
        "var": [0.088364481926, 0.0259922649711, 0.0249558091164, 0.0997285097837, 0.0345370694995, 0.0293323993683, 0.091829650104, 0.0201260223985, 0.006345665548, 0.0216629449278, 0.00696788821369, 0.0237785112113, 0.100767955184, 0.0404328145087, 0.0044281706214, 0.00720503088087, 0.0110608926043, 0.048517242074, 0.133351564407, 0.0564970076084, 0.0233207140118, 0.0373012274504, 0.0127210207283, 0.0162304583937, 0.0392341651022, 0.0129689760506, 0.0489586926997, 0.129931777716, 0.0333433412015, 0.00946926884353, 0.0262665208429, 0.00734627060592, 0.0635613426566, 0.195816650987, 0.0588918440044, 0.0320135205984]
    },
    "chords_histogram": [11.8556699753, 1.54639172554, 13.5051546097, 3.19587635994, 5.87628889084, 4.32989692688, 0, 10.3092784882, 2.57731962204, 2.06185555458, 0.309278339148, 11.9587631226, 0, 0, 0, 0, 4.32989692688, 0, 0, 0, 3.29896903038, 0, 17.7319583893, 7.1134018898],
    "thpcp": [1, 0.530009865761, 0.273530811071, 0.453086405993, 0.233005717397, 0.198658421636, 0.393713831902, 0.223585829139, 0.225045502186, 0.393395334482, 0.187429875135, 0.0588873624802, 0.108867630363, 0.0685697644949, 0.258078217506, 0.560459733009, 0.337828665972, 0.0599154494703, 0.0736895948648, 0.0694742202759, 0.317038238049, 0.588513970375, 0.355233818293, 0.163682758808, 0.217052832246, 0.120413035154, 0.139581084251, 0.213486656547, 0.125001832843, 0.376348435879, 0.622637152672, 0.293622285128, 0.0911565199494, 0.14154215157, 0.0853304862976, 0.530569374561],
    "chords_key": "F#",
    "chords_scale": "minor",
    "key_key": "C#",
    "key_scale": "minor"
}
}