{
"lowlevel": {
    "average_loudness": 0.938387393951,
    "barkbands_crest": {
        "mean": 10.4122457504,
        "var": 18.46134758
    },
    "barkbands_flatness_db": {
        "mean": 0.117290705442,
        "var": 0.00231031305157
    },
    "barkbands_kurtosis": {
        "mean": 4.83247661591,
        "var": 66.1077194214
    },
    "barkbands_skewness": {
        "mean": 1.74074351788,
        "var": 1.18681824207
    },
    "barkbands_spread": {
        "mean": 23.5063114166,
        "var": 177.563568115
    },
    "dissonance": {
        "mean": 0.462073534727,
        "var": 0.000708808307536
    },
    "dynamic_complexity": 3.04016780853,
    "erbbands_crest": {
        "mean": 9.46314239502,
        "var": 24.9672966003
    },
    "erbbands_flatness_db": {
        "mean": 0.142517849803,
        "var": 0.00177035795059
    },
    "erbbands_kurtosis": {
        "mean": 0.429625242949,
        "var": 9.62328338623
    },
    "erbbands_skewness": {
        "mean": 0.609589457512,
        "var": 0.692690432072
    },
    "erbbands_spread": {
        "mean": 46.2527961731,
        "var": 398.133880615
    },
    "hfc": {
        "mean": 21.3770389557,
        "var": 260.715118408
    },
    "melbands_crest": {
        "mean": 14.7635679245,
        "var": 27.1225070953
    },
    "melbands_flatness_db": {
        "mean": 0.176938146353,
        "var": 0.00389785855077
    },
    "melbands_kurtosis": {
        "mean": 15.3681621552,
        "var": 379.008148193
    },
    "melbands_skewness": {
        "mean": 2.82426142693,
        "var": 2.462651968
    },
    "melbands_spread": {
        "mean": 22.8491039276,
        "var": 207.888549805
    },
    "pitch_salience": {
        "mean": 0.543959856033,
        "var": 0.00989554543048
    },
    "silence_rate_20dB": {
        "mean": 1,
        "var": 0
    },
    "silence_rate_30dB": {
        "mean": 1,
        "var": 0
    },
    "silence_rate_60dB": {
        "mean": 0.0437693111598,
        "var": 0.0418530628085
    },
    "spectral_centroid": {
        "mean": 1425.59057617,
        "var": 450869.34375
    },
    "spectral_complexity": {
        "mean": 19.6560249329,
        "var": 122.444137573
    },
    "spectral_decrease": {
        "mean": -5.79060799311e-009,
        "var": 1.9914179687e-017
    },
    "spectral_energy": {
        "mean": 0.0237940512598,
        "var": 0.000321664905641
    },
    "spectral_energyband_high": {
        "mean": 0.00114923005458,
        "var": 9.62002900451e-007
    },
    "spectral_energyband_low": {
        "mean": 0.00444581080228,
        "var": 3.70551970263e-005
    },
    "spectral_energyband_middle_high": {
        "mean": 0.00449260137975,
        "var": 2.9527958759e-005
    },
    "spectral_energyband_middle_low": {
        "mean": 0.0151474410668,
        "var": 0.000210710175452
    },
    "spectral_entropy": {
        "mean": 7.64060688019,
        "var": 0.12653273344
    },
    "spectral_flux": {
        "mean": 0.0851410850883,
        "var": 0.00198177527636
    },
    "spectral_kurtosis": {
        "mean": 3.13891673088,
        "var": 3.21991753578
    },
    "spectral_rms": {
        "mean": 0.00447775330395,
        "var": 3.16341561302e-006
    },
    "spectral_rolloff": {
        "mean": 1620.89953613,
        "var": 2043160.875
    },
    "spectral_skewness": {
        "mean": 1.30184352398,
        "var": 0.144972011447
    },
    "spectral_spread": {
        "mean": 5078936.5,
        "var": 2.59133014016e+012
    },
    "spectral_strongpeak": {
        "mean": 1.22947192192,
        "var": 1.59157049656
    },
    "zerocrossingrate": {
        "mean": 0.0718344151974,
        "var": 0.00112433487084
    },
    "barkbands": {
        "mean": [0.000112626570626, 0.00110585184302, 0.00194069079589, 0.00329427164979, 0.00309944199398, 0.00177348812576, 0.000815151608549, 0.00303416186944, 0.00289648980834, 0.000768644677009, 0.000835308921523, 0.000396085088141, 0.000527224794496, 0.000494198699016, 0.000254600978224, 0.000170075625647, 0.000188021687791, 0.000287740956992, 0.000403398065828, 0.000456251116702, 0.000320401537465, 0.000205933174584, 0.000186510325875, 9.6259827842e-005, 6.5935360908e-005, 5.60666558158e-005, 9.22092203837e-006],
        "var": [9.95263320647e-008, 8.68795632414e-006, 5.46527826373e-006, 4.54254877695e-005, 1.10521850729e-005, 1.4420485968e-005, 3.2145262594e-006, 5.0491107686e-005, 4.11492583225e-005, 4.83077201352e-006, 3.96776567868e-006, 1.59700221047e-006, 9.28692372781e-007, 7.10873848675e-007, 1.4473165777e-007, 5.28915862219e-008, 5.41834523915e-008, 1.06244257836e-007, 2.19308262217e-007, 2.22727024379e-007, 1.10885892468e-007, 4.09394509404e-008, 3.00958014066e-008, 7.4296861996e-009, 5.08355579854e-009, 9.88565762583e-009, 5.28187826809e-010]
    },
    "erbbands": {
        "mean": [0.0280367732048, 0.286923229694, 1.95265805721, 6.59020185471, 12.5675649643, 8.64669799805, 12.60060215, 13.9743833542, 11.2876930237, 32.2527961731, 65.1207580566, 73.0415267944, 34.2453842163, 19.5469226837, 37.7417449951, 15.1387310028, 25.2074699402, 19.8374500275, 22.5069789886, 11.6067581177, 9.71485042572, 11.4581661224, 14.4574832916, 22.9381484985, 18.4524269104, 21.7424736023, 14.60197258, 11.4195690155, 7.50693559647, 5.71452522278, 5.49788713455, 2.31001853943, 1.44451200962, 0.795888125896, 0.468783527613, 0.199203580618, 0.106249392033, 0.0328277237713, 0.000851654389407, 4.86005119456e-005],
        "var": [0.00753357447684, 0.447461485863, 6.08012723923, 123.657295227, 376.25378418, 113.402519226, 603.370361328, 995.942016602, 345.497131348, 5512.01318359, 19781.8789063, 26402.8789063, 9266.98535156, 1885.0916748, 7210.76806641, 1437.60290527, 2117.69873047, 804.171936035, 1230.64135742, 241.744445801, 153.214691162, 192.098556519, 282.57723999, 663.792480469, 378.051940918, 505.656219482, 234.119216919, 148.083511353, 54.8229522705, 26.59907341, 28.6353607178, 4.70064258575, 1.70217311382, 0.588932573795, 0.334976971149, 0.115181170404, 0.0370758920908, 0.00443454552442, 3.6976246065e-006, 2.08217043607e-009]
    },
    "gfcc": {
        "mean": [9.82091426849, 71.3171615601, -112.732337952, 32.5346565247, -71.2272338867, 3.07399344444, -39.2354354858, 3.71768498421, -30.1231174469, -0.309867113829, -25.0371608734, -9.82765102386, -23.0888061523],
        "cov": [[4965.57714844, -1130.36523438, -329.981292725, -172.168991089, -321.541992188, 232.732696533, 45.2705307007, 118.406234741, -317.070404053, 38.8064002991, -223.450302124, 135.646377563, -113.515937805], [-1130.36523438, 1018.31756592, -39.0085411072, 56.1529693604, 137.782577515, -47.6415481567, 34.1292228699, -46.4512481689, 180.223831177, -38.2234306335, 108.417579651, -125.996437073, 71.2987442017], [-329.981292725, -39.0085411072, 850.242248535, 89.8004074097, 190.023147583, 36.9290390015, -73.9995117188, 21.3116226196, 78.7019882202, 98.82421875, -28.6122627258, 111.047325134, -60.5623397827], [-172.168991089, 56.1529693604, 89.8004074097, 319.174835205, 46.4407463074, 25.0405807495, -11.1479043961, 21.1804161072, 38.9253768921, -14.9490404129, 12.7040920258, 0.299975425005, 40.4439048767], [-321.541992188, 137.782577515, 190.023147583, 46.4407463074, 227.20085144, 75.850402832, 57.4180870056, 21.9071216583, 22.2808971405, 17.2927761078, 22.2091617584, 25.1704063416, 12.3486766815], [232.732696533, -47.6415481567, 36.9290390015, 25.0405807495, 75.850402832, 193.612640381, 68.4970474243, -6.23592329025, -60.0414237976, -3.70672893524, 3.25620603561, 37.7937240601, -4.09248495102], [45.2705307007, 34.1292228699, -73.9995117188, -11.1479043961, 57.4180870056, 68.4970474243, 144.423721313, 58.5802764893, -15.5519781113, -8.14568138123, 12.5540418625, -17.9642620087, 11.0211639404], [118.406234741, -46.4512481689, 21.3116226196, 21.1804161072, 21.9071216583, -6.23592329025, 58.5802764893, 121.411651611, 49.4821815491, 24.4475059509, -5.92892026901, -7.83557939529, 5.03062391281], [-317.070404053, 180.223831177, 78.7019882202, 38.9253768921, 22.2808971405, -60.0414237976, -15.5519781113, 49.4821815491, 147.662887573, 48.9142532349, 22.7001552582, -21.8772945404, 6.03301525116], [38.8064002991, -38.2234306335, 98.82421875, -14.9490404129, 17.2927761078, -3.70672893524, -8.14568138123, 24.4475059509, 48.9142532349, 89.8716049194, 31.9477500916, 27.3178253174, -15.9190950394], [-223.450302124, 108.417579651, -28.6122627258, 12.7040920258, 22.2091617584, 3.25620603561, 12.5540418625, -5.92892026901, 22.7001552582, 31.9477500916, 93.1218719482, 25.2453022003, 20.2527523041], [135.646377563, -125.996437073, 111.047325134, 0.299975425005, 25.1704063416, 37.7937240601, -17.9642620087, -7.83557939529, -21.8772945404, 27.3178253174, 25.2453022003, 112.647460938, 14.5601615906], [-113.515937805, 71.2987442017, -60.5623397827, 40.4439048767, 12.3486766815, -4.09248495102, 11.0211639404, 5.03062391281, 6.03301525116, -15.9190950394, 20.2527523041, 14.5601615906, 76.2507476807]],
        "icov": [[0.000466552271973, -0.000290931260679, 0.000432891043602, -0.000167698846781, 0.000614498043433, -0.000475385168102, 0.000286450638669, -0.00114340183791, 0.00132339179981, -0.00149404304102, 0.00174033816438, -0.00118051865138, 0.000654928036965], [-0.000290931260679, 0.00400237226859, -0.00102748745121, 0.00112726411317, -0.00185279804282, -0.000393500551581, -0.00110736966599, 0.0044322325848, -0.00676321098581, 0.00577773852274, -0.00610072072595, 0.00557377655059, -0.00314554851502], [0.000432891043602, -0.00102748745121, 0.00335696293041, -0.00114187470172, -0.00157321617007, -7.65944605519e-006, 0.00165322865359, -0.00168371084146, 0.00135392136872, -0.00400144606829, 0.00502914655954, -0.00484164431691, 0.0036498636473], [-0.000167698846781, 0.00112726411317, -0.00114187470172, 0.00455497438088, -0.000550455821212, -0.00167180947028, 0.00151249719784, -0.000171359744854, -0.00289227464236, 0.00402887305245, -0.0035031165462, 0.00318065215833, -0.00344146601856], [0.000614498043433, -0.00185279804282, -0.00157321617007, -0.000550455821212, 0.00952562317252, -0.00243384949863, -0.00271711149253, -0.00208464171737, 0.00272896396928, -0.00263081188314, 0.00224494934082, -0.00244021858089, -0.000348777888576], [-0.000475385168102, -0.000393500551581, -7.65944605519e-006, -0.00167180947028, -0.00243384949863, 0.0102304760367, -0.00547934323549, 0.00318186054938, 0.00245364941657, -0.00104287650902, 0.000874784949701, -0.00312423426658, 0.00201854831539], [0.000286450638669, -0.00110736966599, 0.00165322865359, 0.00151249719784, -0.00271711149253, -0.00547934323549, 0.0175108909607, -0.0115479137748, 0.00537668168545, -0.000246280163992, -0.00192392838653, 0.00277132890187, -0.000145441517816], [-0.00114340183791, 0.0044322325848, -0.00168371084146, -0.000171359744854, -0.00208464171737, 0.00318186054938, -0.0115479137748, 0.0227384604514, -0.0141435824335, 0.0041544418782, -0.00328848487698, 0.00469095166773, -0.0044515710324], [0.00132339179981, -0.00676321098581, 0.00135392136872, -0.00289227464236, 0.00272896396928, 0.00245364941657, 0.00537668168545, -0.0141435824335, 0.0272916220129, -0.0176263228059, 0.00953178107738, -0.00503766955808, 0.0033403057605], [-0.00149404304102, 0.00577773852274, -0.00400144606829, 0.00402887305245, -0.00263081188314, -0.00104287650902, -0.000246280163992, 0.0041544418782, -0.0176263228059, 0.033252838999, -0.0198872964829, 0.00640600919724, -0.000414351554355], [0.00174033816438, -0.00610072072595, 0.00502914655954, -0.0035031165462, 0.00224494934082, 0.000874784949701, -0.00192392838653, -0.00328848487698, 0.00953178107738, -0.0198872964829, 0.0314943082631, -0.0161167085171, 0.00413259863853], [-0.00118051865138, 0.00557377655059, -0.00484164431691, 0.00318065215833, -0.00244021858089, -0.00312423426658, 0.00277132890187, 0.00469095166773, -0.00503766955808, 0.00640600919724, -0.0161167085171, 0.0262886285782, -0.0119874645025], [0.000654928036965, -0.00314554851502, 0.0036498636473, -0.00344146601856, -0.000348777888576, 0.00201854831539, -0.000145441517816, -0.0044515710324, 0.0033403057605, -0.000414351554355, 0.00413259863853, -0.0119874645025, 0.0230752974749]]
    },
    "melbands": {
        "mean": [0.000275938247796, 0.000785115233157, 0.00140626460779, 0.000784080475569, 0.000415541609982, 0.000317076133797, 0.000167074322235, 0.000465973163955, 0.000511822407134, 0.000447134574642, 0.000159903473104, 7.66643861425e-005, 0.000127364182845, 6.06989233347e-005, 3.56259333785e-005, 5.52932760911e-005, 3.62355021934e-005, 4.32725610153e-005, 1.68474889506e-005, 1.29839900183e-005, 1.09959401016e-005, 1.202317344e-005, 1.1239617379e-005, 1.32029654196e-005, 1.99562618945e-005, 1.33185039886e-005, 1.54409372044e-005, 1.37905108204e-005, 1.00833012766e-005, 6.26111432211e-006, 7.10226686351e-006, 4.39779159933e-006, 3.2997636481e-006, 3.13688337883e-006, 3.86891861126e-006, 1.61679622579e-006, 1.32211391701e-006, 1.01150544651e-006, 7.92814660144e-007, 6.53486893043e-007],
        "var": [6.29228452453e-007, 1.22007065784e-006, 5.76791626372e-006, 8.30796693663e-007, 4.93772517984e-007, 4.69757623023e-007, 9.05568882104e-008, 1.15138470846e-006, 1.03008176211e-006, 1.11845952233e-006, 2.38141495856e-007, 3.90720522603e-008, 9.07967177e-008, 3.30517977432e-008, 3.9429388643e-009, 1.22543744041e-008, 3.47041906323e-009, 5.66703972638e-009, 7.0848232836e-010, 3.2758645796e-010, 2.38035369193e-010, 2.19875756491e-010, 2.45263365173e-010, 2.15324577613e-010, 5.41772071649e-010, 2.38974978695e-010, 2.88482487898e-010, 2.21948362467e-010, 1.2677311978e-010, 4.50308922095e-011, 6.93942681096e-011, 2.06351619819e-011, 1.10113550222e-011, 8.51663010948e-012, 1.61906824753e-011, 2.42690199534e-012, 1.75749356474e-012, 9.45798235737e-013, 5.32550837196e-013, 4.47988244808e-013]
    },
    "mfcc": {
        "mean": [-633.456420898, 101.67767334, 6.91055202484, 25.9326190948, -8.59621715546, -0.700791120529, -4.30614519119, -3.51206016541, -6.87700128555, 4.3868265152, -0.800722956657, -6.1125702858, -8.36962509155],
        "cov": [[4545.57666016, -1028.31921387, -342.256958008, -314.642578125, -424.579589844, -1.46093928814, 120.216140747, 77.3302154541, -25.3033103943, -62.8360061646, -79.9679794312, -82.6535110474, -151.676223755], [-1028.31921387, 852.702880859, 21.29753685, 21.6199951172, 133.64440918, 15.1774873734, -22.9617385864, -16.8793029785, 25.1026725769, 73.8403320313, 46.5868301392, 24.4100914001, 47.1246681213], [-342.256958008, 21.29753685, 498.738006592, 110.940437317, 174.751403809, 72.0227813721, -65.3062973022, -6.19560670853, 39.9480667114, -45.4488258362, 44.6230621338, 44.3556213379, 71.8023223877], [-314.642578125, 21.6199951172, 110.940437317, 239.87286377, 105.428672791, -8.90630626678, -25.4124202728, 12.3206243515, 47.2822151184, 34.0410957336, 0.370523393154, 28.0309581757, 23.427066803], [-424.579589844, 133.64440918, 174.751403809, 105.428672791, 209.465438843, 67.667388916, 0.128577157855, 18.0964298248, 37.850189209, -1.84502875805, 14.5587396622, 26.4432277679, 46.4666290283], [-1.46093928814, 15.1774873734, 72.0227813721, -8.90630626678, 67.667388916, 156.964859009, 74.9400939941, 33.1728363037, 1.59340715408, -43.6827468872, 5.82125473022, 3.03269934654, 6.97686290741], [120.216140747, -22.9617385864, -65.3062973022, -25.4124202728, 0.128577157855, 74.9400939941, 189.121749878, 74.4155654907, 1.07075417042, 13.9304475784, -1.60648870468, -20.773355484, -23.1384468079], [77.3302154541, -16.8793029785, -6.19560670853, 12.3206243515, 18.0964298248, 33.1728363037, 74.4155654907, 94.2116470337, 38.1646652222, 7.71667289734, -3.85578799248, -4.63687038422, -4.48979091644], [-25.3033103943, 25.1026725769, 39.9480667114, 47.2822151184, 37.850189209, 1.59340715408, 1.07075417042, 38.1646652222, 91.4548797607, 47.4991073608, 6.14024305344, -1.09351718426, 4.94380092621], [-62.8360061646, 73.8403320313, -45.4488258362, 34.0410957336, -1.84502875805, -43.6827468872, 13.9304475784, 7.71667289734, 47.4991073608, 123.942230225, 36.9606666565, 1.45654821396, -5.16248750687], [-79.9679794312, 46.5868301392, 44.6230621338, 0.370523393154, 14.5587396622, 5.82125473022, -1.60648870468, -3.85578799248, 6.14024305344, 36.9606666565, 81.8860168457, 41.2193565369, 20.9904155731], [-82.6535110474, 24.4100914001, 44.3556213379, 28.0309581757, 26.4432277679, 3.03269934654, -20.773355484, -4.63687038422, -1.09351718426, 1.45654821396, 41.2193565369, 81.9281387329, 47.5835151672], [-151.676223755, 47.1246681213, 71.8023223877, 23.427066803, 46.4666290283, 6.97686290741, -23.1384468079, -4.48979091644, 4.94380092621, -5.16248750687, 20.9904155731, 47.5835151672, 76.7540588379]],
        "icov": [[0.000378547556465, 0.000384871294955, 3.12792035402e-005, 0.000339091231581, 0.000425201229518, -0.000257253472228, 7.06183272996e-005, -0.000222086222493, -0.000213503517443, -0.000166440135217, 0.000213812469156, -0.000237691114307, 0.000244708469836], [0.000384871294955, 0.00191133620683, 0.000411293382058, 0.000799380883109, -0.000981996301562, -0.000462506723125, 0.000492682796903, -4.41964439233e-005, 0.000101723519037, -0.00126812630333, -9.83254431048e-005, 6.37152334093e-005, -0.0003636724432], [3.12792035402e-005, 0.000411293382058, 0.00400432525203, -0.000888816197403, -0.00214989669621, -0.000745954574086, 0.00112694152631, 0.000572034448851, -0.00175138190389, 0.00260418443941, -0.00336197228171, 0.00175354699604, -0.00180259603076], [0.000339091231581, 0.000799380883109, -0.000888816197403, 0.00724740326405, -0.00307304458693, 0.00102995755151, 0.000480462593259, -0.000673787260894, -0.00080591236474, -0.00294372509234, 0.00354078854434, -0.00365560129285, 0.00182278826833], [0.000425201229518, -0.000981996301562, -0.00214989669621, -0.00307304458693, 0.0116894207895, -0.00397065700963, -2.438725096e-005, -0.000574255594984, -0.00140837754589, -0.000239586734097, 0.00110160303302, 0.000325698929373, -0.00279299588874], [-0.000257253472228, -0.000462506723125, -0.000745954574086, 0.00102995755151, -0.00397065700963, 0.0130826914683, -0.00608094176278, 0.00130598165561, -0.00250671315007, 0.00661777192727, -0.00292043969966, -2.55592276517e-005, 0.00103798892815], [7.06183272996e-005, 0.000492682796903, 0.00112694152631, 0.000480462593259, -2.438725096e-005, -0.00608094176278, 0.0124979373068, -0.0094606699422, 0.00575017044321, -0.00524104200304, 0.000351548340404, 0.00168893032242, 0.000551858451217], [-0.000222086222493, -4.41964439233e-005, 0.000572034448851, -0.000673787260894, -0.000574255594984, 0.00130598165561, -0.0094606699422, 0.0221826191992, -0.0114312013611, 0.00492647755891, -0.000306052825181, -0.00132970663253, -9.10189191927e-005], [-0.000213503517443, 0.000101723519037, -0.00175138190389, -0.00080591236474, -0.00140837754589, -0.00250671315007, 0.00575017044321, -0.0114312013611, 0.0230663456023, -0.0113613344729, 0.00353764672764, 0.00136913720053, -0.000520871253684], [-0.000166440135217, -0.00126812630333, 0.00260418443941, -0.00294372509234, -0.000239586734097, 0.00661777192727, -0.00524104200304, 0.00492647755891, -0.0113613344729, 0.0209242459387, -0.0117331957445, 0.00392267294228, 7.9755722254e-005], [0.000213812469156, -9.83254431048e-005, -0.00336197228171, 0.00354078854434, 0.00110160303302, -0.00292043969966, 0.000351548340404, -0.000306052825181, 0.00353764672764, -0.0117331957445, 0.0253748800606, -0.0132965538651, 0.00252057611942], [-0.000237691114307, 6.37152334093e-005, 0.00175354699604, -0.00365560129285, 0.000325698929373, -2.55592276517e-005, 0.00168893032242, -0.00132970663253, 0.00136913720053, 0.00392267294228, -0.0132965538651, 0.027165748179, -0.0138263646513], [0.000244708469836, -0.0003636724432, -0.00180259603076, 0.00182278826833, -0.00279299588874, 0.00103798892815, 0.000551858451217, -9.10189191927e-005, -0.000520871253684, 7.9755722254e-005, 0.00252057611942, -0.0138263646513, 0.0245442129672]]
    },
    "spectral_contrast_coeffs": {
        "mean": [-0.569589674473, -0.734262168407, -0.753969371319, -0.780121088028, -0.768582105637, -0.726946771145],
        "var": [0.00776658207178, 0.00678417785093, 0.00811024010181, 0.00387361366302, 0.00200438080356, 0.00157974672038]
    },
    "spectral_contrast_valleys": {
        "mean": [-7.78338861465, -6.56371068954, -7.4550113678, -7.81971216202, -7.50770711899, -10.1362800598],
        "var": [0.872360229492, 0.615611076355, 0.672824919224, 0.601302921772, 0.734181761742, 0.89309322834]
    }
},
"metadata": {
    "audio_properties": {
        "analysis_sample_rate": 44100,
        "bit_rate": 128074,
        "equal_loudness": 0,
        "length": 45.0612258911,
        "lossless": 0,
        "replay_gain": -6.51209259033,
        "sample_rate": 44100,
        "codec": "mp3",
        "downmix": "mix",
        "md5_encoded": "538524c09f0499a7decfaf480f620210"
    },
    "tags": {
        "file_name": "1201.mp3"
    },
    "version": {
        "essentia": "2.1-beta2",
        "essentia_git_sha": "v2.1_beta2",
        "extractor": "music 1.0"
    }
},
"rhythm": {
    "beats_count": 124,
    "beats_loudness": {
        "mean": 0.0329754464328,
        "var": 0.000220726171392
    },
    "bpm": 165.00994873,
    "bpm_histogram_first_peak_bpm": {
        "mean": 167,
        "var": 0
    },
    "bpm_histogram_first_peak_spread": {
        "mean": 0,
        "var": 0
    },
    "bpm_histogram_first_peak_weight": {
        "mean": 0.504065036774,
        "var": 0
    },
    "bpm_histogram_second_peak_bpm": {
        "mean": 161,
        "var": 0
    },
    "bpm_histogram_second_peak_spread": {
        "mean": 0.117647051811,
        "var": 0
    },
    "bpm_histogram_second_peak_weight": {
        "mean": 0.243902444839,
        "var": 0
    },
    "danceability": 1.13429152966,
    "onset_rate": 4.769135952,
    "beats_loudness_band_ratio": {
        "mean": [0.410829782486, 0.172107681632, 0.245077237487, 0.0955289378762, 0.057510111481, 0.0725592523813],
        "var": [0.0481657199562, 0.0174602046609, 0.0374994650483, 0.0113781411201, 0.00205193134025, 0.00333612645045]
    },
    "beats_position": [0.348299324512, 0.696598649025, 1.06811785698, 1.43963718414, 1.79954648018, 2.15945577621, 2.53097510338, 2.89088439941, 3.25079369545, 3.61070299149, 3.98222208023, 4.34213161469, 4.71365070343, 5.07355976105, 5.4334692955, 5.80498838425, 6.1648979187, 6.52480697632, 6.88471651077, 7.25623559952, 7.6277551651, 7.98766422272, 8.34757328033, 8.70748329163, 9.05578231812, 9.42730140686, 9.78721046448, 10.1587295532, 10.5186395645, 10.8901586533, 11.261677742, 11.6215867996, 11.9931058884, 12.3530158997, 12.7245349884, 13.084444046, 13.4443531036, 13.8158731461, 14.1873922348, 14.5705213547, 14.9536504745, 15.3367795944, 15.7315187454, 16.114648819, 16.4861679077, 16.8460769653, 17.2059860229, 17.5542850494, 17.9025840759, 18.2508831024, 18.6107940674, 18.970703125, 19.3422222137, 19.6905212402, 20.0388202667, 20.4103393555, 20.7702484131, 21.1301574707, 21.5016784668, 21.8731975555, 22.2447166443, 22.5930156708, 22.9529247284, 23.312833786, 23.6843528748, 24.0326519012, 24.3925609589, 24.7524719238, 25.1123809814, 25.4722900391, 25.8321990967, 26.2037181854, 26.563627243, 26.9235363007, 27.2834453583, 27.6433563232, 28.014875412, 28.3747844696, 28.7230834961, 29.0713825226, 29.4429016113, 29.8028106689, 30.1743297577, 30.5342407227, 30.8825397491, 31.2308387756, 31.5907478333, 31.9506568909, 32.2989578247, 32.6588668823, 33.0303840637, 33.3902931213, 33.7385940552, 34.0868911743, 34.4468002319, 34.8067131042, 35.1666221619, 35.5265312195, 35.8748283386, 36.2231292725, 36.5714263916, 36.9197273254, 37.2680282593, 37.6279373169, 37.9878463745, 38.3477554321, 38.7192726135, 39.0791816711, 39.4507026672, 39.8106117249, 40.1589126587, 40.5188217163, 40.8787307739, 41.2386398315, 41.5869369507, 41.9352378845, 42.2951469421, 42.6550559998, 43.0149650574, 43.374874115, 43.7231750488, 44.0830841064, 44.4313812256, 44.7912902832]
},
"tonal": {
    "chords_changes_rate": 0.0555555559695,
    "chords_number_rate": 0.00925925932825,
    "chords_strength": {
        "mean": 0.608337044716,
        "var": 0.00712748616934
    },
    "hpcp_entropy": {
        "mean": 2.06621217728,
        "var": 0.548751950264
    },
    "key_strength": 0.65796995163,
    "tuning_diatonic_strength": 0.701429009438,
    "tuning_equal_tempered_deviation": 0.19783115387,
    "tuning_frequency": 435.197479248,
    "tuning_nontempered_energy_ratio": 0.906476616859,
    "hpcp": {
        "mean": [0.130944788456, 0.0791498050094, 0.0765708312392, 0.102199666202, 0.130164697766, 0.120140463114, 0.109348148108, 0.110832192004, 0.109440848231, 0.122628740966, 0.138371810317, 0.160827249289, 0.209453806281, 0.222562417388, 0.156113758683, 0.0907427072525, 0.0738937482238, 0.0876583904028, 0.129629656672, 0.147967770696, 0.123876787722, 0.116593755782, 0.163505375385, 0.252032220364, 0.296591103077, 0.230226442218, 0.134130373597, 0.092159062624, 0.0850063934922, 0.086020283401, 0.0827426314354, 0.0853165760636, 0.11450291425, 0.220799416304, 0.319587379694, 0.256017565727],
        "var": [0.0435347817838, 0.0238169040531, 0.0238159541041, 0.0287232771516, 0.0435244143009, 0.0435181483626, 0.0411299467087, 0.0406492240727, 0.0365987420082, 0.0399176180363, 0.0421771556139, 0.0568379200995, 0.0681818574667, 0.0762799978256, 0.0592593476176, 0.030768327415, 0.0246284641325, 0.0285878926516, 0.0485191345215, 0.0578904263675, 0.045888889581, 0.0440719798207, 0.0642416700721, 0.101492837071, 0.113204479218, 0.0826486498117, 0.0451547913253, 0.0332935787737, 0.0319712162018, 0.0322829522192, 0.0260965917259, 0.0262355655432, 0.035118162632, 0.0705198645592, 0.116999045014, 0.0952905863523]
    },
    "chords_histogram": [34.9794235229, 14.0946502686, 12.8600826263, 0, 0, 0, 3.80658435822, 0, 1.13168728352, 0, 0.514403283596, 0, 0, 0, 0, 6.48148155212, 0.308641970158, 5.76131677628, 5.86419773102, 0, 0, 0, 0, 14.1975307465],
    "thpcp": [1, 0.801087856293, 0.409730792046, 0.247662484646, 0.239592790604, 0.319786310196, 0.407289862633, 0.375923663378, 0.342154145241, 0.346797764301, 0.342444211245, 0.383709579706, 0.432970196009, 0.503234028816, 0.655388236046, 0.696405529976, 0.488485366106, 0.283937066793, 0.231216102839, 0.274286150932, 0.40561568737, 0.462996274233, 0.387614756823, 0.364825904369, 0.511613965034, 0.788617551327, 0.928043842316, 0.720386505127, 0.419698596001, 0.288368910551, 0.265987962484, 0.269160449505, 0.258904576302, 0.266958534718, 0.35828357935, 0.690889060497],
    "chords_key": "C#",
    "chords_scale": "major",
    "key_key": "C#",
    "key_scale": "major"
}
}