{
"lowlevel": {
    "average_loudness": 0.840900123119,
    "barkbands_crest": {
        "mean": 11.9276227951,
        "var": 22.6955680847
    },
    "barkbands_flatness_db": {
        "mean": 0.374568641186,
        "var": 0.00386118423194
    },
    "barkbands_kurtosis": {
        "mean": 6.01388406754,
        "var": 272.810302734
    },
    "barkbands_skewness": {
        "mean": 1.82988727093,
        "var": 2.23968577385
    },
    "barkbands_spread": {
        "mean": 7.24226903915,
        "var": 11.897816658
    },
    "dissonance": {
        "mean": 0.418634265661,
        "var": 0.00175556971226
    },
    "dynamic_complexity": 5.85604763031,
    "erbbands_crest": {
        "mean": 11.3293981552,
        "var": 22.4461956024
    },
    "erbbands_flatness_db": {
        "mean": 0.40005877614,
        "var": 0.00170159852132
    },
    "erbbands_kurtosis": {
        "mean": 0.547394096851,
        "var": 13.6095409393
    },
    "erbbands_skewness": {
        "mean": 0.700984597206,
        "var": 0.732798755169
    },
    "erbbands_spread": {
        "mean": 17.5309658051,
        "var": 36.3451843262
    },
    "hfc": {
        "mean": 8.68546295166,
        "var": 239.605651855
    },
    "melbands_crest": {
        "mean": 14.9470310211,
        "var": 34.0643463135
    },
    "melbands_flatness_db": {
        "mean": 0.445555716753,
        "var": 0.00502693513408
    },
    "melbands_kurtosis": {
        "mean": 9.5430803299,
        "var": 239.250656128
    },
    "melbands_skewness": {
        "mean": 2.23431825638,
        "var": 2.07442331314
    },
    "melbands_spread": {
        "mean": 10.4996767044,
        "var": 39.7134399414
    },
    "pitch_salience": {
        "mean": 0.531586408615,
        "var": 0.0151997189969
    },
    "silence_rate_20dB": {
        "mean": 1,
        "var": 0
    },
    "silence_rate_30dB": {
        "mean": 0.982492268085,
        "var": 0.0172010287642
    },
    "silence_rate_60dB": {
        "mean": 0.333676636219,
        "var": 0.222337037325
    },
    "spectral_centroid": {
        "mean": 696.271057129,
        "var": 88649.1640625
    },
    "spectral_complexity": {
        "mean": 9.28166866302,
        "var": 31.5668544769
    },
    "spectral_decrease": {
        "mean": -3.68003338913e-009,
        "var": 4.03822229685e-017
    },
    "spectral_energy": {
        "mean": 0.0146770905703,
        "var": 0.000636523531284
    },
    "spectral_energyband_high": {
        "mean": 4.8383194553e-006,
        "var": 2.61531574175e-009
    },
    "spectral_energyband_low": {
        "mean": 6.86697330821e-006,
        "var": 5.66927893519e-010
    },
    "spectral_energyband_middle_high": {
        "mean": 0.00299923215061,
        "var": 5.95685269218e-005
    },
    "spectral_energyband_middle_low": {
        "mean": 0.0118009177968,
        "var": 0.000471751642181
    },
    "spectral_entropy": {
        "mean": 6.23195552826,
        "var": 0.133135780692
    },
    "spectral_flux": {
        "mean": 0.0320000611246,
        "var": 0.00149119179696
    },
    "spectral_kurtosis": {
        "mean": 41.236076355,
        "var": 522.184814453
    },
    "spectral_rms": {
        "mean": 0.00300420983694,
        "var": 5.29385670234e-006
    },
    "spectral_rolloff": {
        "mean": 940.892272949,
        "var": 345304.125
    },
    "spectral_skewness": {
        "mean": 3.56654167175,
        "var": 2.21643471718
    },
    "spectral_spread": {
        "mean": 1197209.5,
        "var": 1.36945598464e+012
    },
    "spectral_strongpeak": {
        "mean": 1.03296256065,
        "var": 1.1648594141
    },
    "zerocrossingrate": {
        "mean": 0.0325758010149,
        "var": 0.000223454087973
    },
    "barkbands": {
        "mean": [1.81767063623e-006, 3.38832848001e-007, 6.7760379352e-007, 5.27955126017e-005, 0.00199715048075, 0.00506700295955, 0.00278212572448, 0.00072025222471, 0.000924242718611, 0.000810642028227, 0.000484292628244, 0.000402774312533, 0.000445687765023, 0.00041471014265, 0.00023683271138, 0.000108992382593, 0.000112645648187, 8.57195846038e-005, 2.10672260437e-005, 3.9864385144e-006, 2.11138717532e-006, 6.70718009133e-007, 3.52377327317e-007, 1.46415004565e-007, 5.29646548841e-008, 1.49211327738e-008, 5.93219084966e-010],
        "var": [5.08169895053e-010, 2.16104339285e-011, 3.19707541691e-012, 3.46130342166e-008, 6.76963827573e-005, 0.000191083236132, 0.000108409243694, 7.81522339821e-006, 5.25085170011e-006, 1.24215366668e-005, 2.43733575189e-006, 7.67085225561e-007, 3.16697628477e-006, 2.16433727473e-006, 7.65723598306e-007, 4.81632618232e-008, 1.29079836597e-007, 2.46583823582e-007, 4.06050792989e-009, 2.29222929526e-009, 5.29897292711e-010, 4.83632162096e-011, 1.27785585932e-011, 2.05101040318e-012, 3.18327043327e-013, 5.11442965886e-014, 1.93652891022e-017]
    },
    "erbbands": {
        "mean": [2.99659768643e-005, 0.000146253863932, 0.00261286832392, 0.121012836695, 2.87605643272, 6.36854171753, 25.3994541168, 41.8850440979, 47.457572937, 24.616815567, 16.6264591217, 21.4023761749, 25.9836654663, 17.1994132996, 20.1770629883, 19.3587341309, 16.3644924164, 23.1667289734, 18.8637218475, 8.61218929291, 7.08693742752, 6.4402384758, 5.16292333603, 2.03932595253, 0.558693885803, 0.192248657346, 0.10175524652, 0.0757956877351, 0.0303070694208, 0.0141619034111, 0.00899821985513, 0.00415414990857, 0.00217940658331, 0.000792390259448, 0.000318094796967, 0.000122149649542, 1.8449180061e-005, 2.17613933273e-006, 7.3627634265e-006, 1.67777780007e-005],
        "var": [1.2799068827e-007, 4.16187589281e-007, 6.18841222604e-005, 0.173791095614, 220.81036377, 1327.2800293, 3471.87402344, 19008.7148438, 35826.3515625, 3602.90429688, 2141.98901367, 2450.88427734, 6747.34619141, 4692.76123047, 4605.12109375, 1798.27319336, 2236.87817383, 6307.83398438, 4019.91357422, 673.78704834, 155.587753296, 597.872192383, 742.595031738, 56.5000534058, 6.27009487152, 4.9851064682, 1.39256489277, 0.626233518124, 0.104650765657, 0.0200169775635, 0.00785491149873, 0.00171289406717, 0.000468188169179, 6.32423761999e-005, 1.493315267e-005, 2.86342788058e-006, 3.40501280505e-008, 1.88362839215e-010, 1.58581925369e-010, 8.25360169099e-010]
    },
    "gfcc": {
        "mean": [-243.50932312, 210.235122681, -198.296707153, -81.4301147461, -29.8348274231, -69.2231292725, -63.7250671387, -18.0347309113, -24.9001789093, -30.4367961884, 3.0096373558, -7.97482824326, -6.46931838989],
        "cov": [[6571.97998047, 494.949768066, -567.700561523, -461.768951416, 393.328430176, -440.235412598, 83.5733337402, -11.3268260956, -58.7715682983, 77.5037689209, 118.432266235, -174.402038574, 0.613995492458], [494.949768066, 548.821289063, 1.3042473793, -297.784698486, 292.770446777, -219.362731934, -25.1602954865, -17.3874568939, -55.4103889465, -38.2111282349, 15.3031024933, -55.7126159668, -33.0575675964], [-567.700561523, 1.3042473793, 552.551940918, 251.283004761, -72.3721618652, 115.893943787, -80.9968643188, -78.9779586792, -4.61475849152, -28.4130077362, -14.8084125519, 42.1626167297, 8.46339893341], [-461.768951416, -297.784698486, 251.283004761, 524.719543457, -172.716430664, 175.011474609, -19.101064682, -53.4386634827, 24.8193683624, -22.2694549561, -50.5859107971, 3.28965091705, 1.58881759644], [393.328430176, 292.770446777, -72.3721618652, -172.716430664, 306.603729248, -173.542602539, -40.999786377, 6.49400854111, -41.8735084534, 3.9987475872, 2.41656708717, -51.8840866089, -17.1200008392], [-440.235412598, -219.362731934, 115.893943787, 175.011474609, -173.542602539, 287.107879639, 21.2004909515, -41.334564209, 10.7634544373, -25.3168544769, -48.9019622803, 0.406570166349, -22.9714889526], [83.5733337402, -25.1602954865, -80.9968643188, -19.101064682, -40.999786377, 21.2004909515, 92.7736663818, 25.925819397, -12.5776023865, -14.6175584793, -7.73102235794, -13.712677002, -15.9970264435], [-11.3268260956, -17.3874568939, -78.9779586792, -53.4386634827, 6.49400854111, -41.334564209, 25.925819397, 82.0782394409, 8.2238445282, -7.73963689804, -15.8805866241, -5.34562158585, -0.279968619347], [-58.7715682983, -55.4103889465, -4.61475849152, 24.8193683624, -41.8735084534, 10.7634544373, -12.5776023865, 8.2238445282, 73.5358428955, 10.8813257217, -14.86830616, 1.30851697922, 6.73188114166], [77.5037689209, -38.2111282349, -28.4130077362, -22.2694549561, 3.9987475872, -25.3168544769, -14.6175584793, -7.73963689804, 10.8813257217, 69.0182113647, 32.0185241699, -6.72347927094, -6.21911668777], [118.432266235, 15.3031024933, -14.8084125519, -50.5859107971, 2.41656708717, -48.9019622803, -7.73102235794, -15.8805866241, -14.86830616, 32.0185241699, 74.5505599976, 30.4809036255, 9.93076515198], [-174.402038574, -55.7126159668, 42.1626167297, 3.28965091705, -51.8840866089, 0.406570166349, -13.712677002, -5.34562158585, 1.30851697922, -6.72347927094, 30.4809036255, 86.7460098267, 46.9280548096], [0.613995492458, -33.0575675964, 8.46339893341, 1.58881759644, -17.1200008392, -22.9714889526, -15.9970264435, -0.279968619347, 6.73188114166, -6.21911668777, 9.93076515198, 46.9280548096, 77.3788223267]],
        "icov": [[0.000206099575735, -8.83867505763e-006, 0.000113137590233, 2.89098752546e-005, -6.45799955237e-005, 0.000186223376659, -0.000231473386521, 0.000306504167384, -5.08235461893e-005, 8.76454942045e-005, -0.000373075628886, 0.000617635902017, -0.000339361024089], [-8.83867505763e-006, 0.0124554866925, -0.00386842968874, 0.00631686113775, -0.00444563338533, 0.00708961999044, -0.00129097572062, 0.00879338756204, -0.000287475035293, 0.012456882745, -0.0011063888669, 0.0066644269973, 0.00362711609341], [0.000113137590233, -0.00386842968874, 0.00437732692808, -0.0029879398644, 0.00157340010628, -0.00233686342835, 0.0028462423943, -0.00117603549734, 0.000911740644369, -0.00267033604905, 0.000605301349424, -0.00324876746163, -0.000233787461184], [2.89098752546e-005, 0.00631686113775, -0.0029879398644, 0.00655671022832, -0.000455439818325, 0.00350187066942, -0.000153803892317, 0.0057208831422, 7.41581316106e-005, 0.00624382542446, 0.00126998522319, 0.00468703079969, 0.00130820064805], [-6.45799955237e-005, -0.00444563338533, 0.00157340010628, -0.000455439818325, 0.0107364244759, 0.00233436911367, 0.00536052603275, -0.000969019369222, 0.00496582267806, -0.00321865780279, 0.00423110695556, 0.00175584945828, -0.000186943012523], [0.000186223376659, 0.00708961999044, -0.00233686342835, 0.00350187066942, 0.00233436911367, 0.0128346187994, -0.00102052465081, 0.0100026279688, 0.00188844883814, 0.00722600519657, 0.00566811813042, 0.0036415650975, 0.00484345993027], [-0.000231473386521, -0.00129097572062, 0.0028462423943, -0.000153803892317, 0.00536052603275, -0.00102052465081, 0.0189528912306, -0.00472834799439, 0.0052217328921, 0.00326117686927, -0.00039067293983, 0.00224376725964, 0.00242353207432], [0.000306504167384, 0.00879338756204, -0.00117603549734, 0.0057208831422, -0.000969019369222, 0.0100026279688, -0.00472834799439, 0.0258427914232, -0.00113221968058, 0.00900806952268, 0.00713072856888, 0.00304743507877, 0.00369565421715], [-5.08235461893e-005, -0.000287475035293, 0.000911740644369, 7.41581316106e-005, 0.00496582267806, 0.00188844883814, 0.0052217328921, -0.00113221968058, 0.0193691123277, -0.00514878053218, 0.00799535494298, -0.000274349935353, -0.000447569473181], [8.76454942045e-005, 0.012456882745, -0.00267033604905, 0.00624382542446, -0.00321865780279, 0.00722600519657, 0.00326117686927, 0.00900806952268, -0.00514878053218, 0.0361742079258, -0.0147862574086, 0.0140789495781, 0.00433934992179], [-0.000373075628886, -0.0011063888669, 0.000605301349424, 0.00126998522319, 0.00423110695556, 0.00566811813042, -0.00039067293983, 0.00713072856888, 0.00799535494298, -0.0147862574086, 0.0335138700902, -0.0144378533587, 0.00457286695018], [0.000617635902017, 0.0066644269973, -0.00324876746163, 0.00468703079969, 0.00175584945828, 0.0036415650975, 0.00224376725964, 0.00304743507877, -0.000274349935353, 0.0140789495781, -0.0144378533587, 0.0325016863644, -0.0116571709514], [-0.000339361024089, 0.00362711609341, -0.000233787461184, 0.00130820064805, -0.000186943012523, 0.00484345993027, 0.00242353207432, 0.00369565421715, -0.000447569473181, 0.00433934992179, 0.00457286695018, -0.0116571709514, 0.0232558883727]]
    },
    "melbands": {
        "mean": [2.17603073338e-007, 2.04757654387e-007, 6.64952458465e-005, 0.000352540169843, 0.000754647538997, 0.000979707576334, 0.0006685560802, 0.000225921758101, 0.000142175311339, 0.000127604449517, 0.000132399785798, 7.36769143259e-005, 7.20892494428e-005, 4.7195575462e-005, 3.45490916516e-005, 4.8872338084e-005, 4.19428833993e-005, 3.48442117684e-005, 1.34301308208e-005, 8.05186118669e-006, 8.48734998726e-006, 6.55100620861e-006, 6.73122167427e-006, 3.09424876832e-006, 1.50449034209e-006, 6.04069896326e-007, 1.56001021878e-007, 1.11514765422e-007, 6.12970723068e-008, 6.14946387145e-008, 3.53208875481e-008, 1.6768156641e-008, 1.06870787775e-008, 7.0619696757e-009, 5.48683543045e-009, 3.80719811233e-009, 1.99183602945e-009, 1.61005442312e-009, 1.00662844726e-009, 5.28129928679e-010],
        "var": [9.99145211011e-012, 4.23191944812e-013, 7.05858624883e-008, 4.99960606248e-006, 3.00055717162e-006, 8.7215057647e-006, 6.36325603409e-006, 4.2873870143e-007, 1.72184471126e-007, 7.97096149086e-008, 2.00461641953e-007, 1.13193628692e-007, 4.97238126229e-008, 1.19712026958e-008, 5.80250958393e-009, 3.45323662998e-008, 2.17374420686e-008, 1.55424046966e-008, 2.90624568855e-009, 3.27831040092e-010, 2.24826657291e-010, 5.85666015684e-010, 1.23951315878e-009, 2.85716450499e-010, 2.72095783405e-011, 6.50689224724e-012, 2.20035361459e-012, 2.01536508836e-012, 4.83610710072e-013, 5.39498187877e-013, 1.28936574958e-013, 3.39229038198e-014, 1.38513976493e-014, 5.17074227267e-015, 2.96937055836e-015, 1.5703879669e-015, 4.05024923825e-016, 2.81070492901e-016, 9.73857536085e-017, 3.2349769825e-017]
    },
    "mfcc": {
        "mean": [-833.225585938, 204.655090332, -67.9270706177, -48.8338699341, -1.23069477081, -51.0400047302, -46.2136993408, -18.0492954254, -37.664680481, -32.3776664734, -12.3565912247, -19.4898262024, -14.5438423157],
        "cov": [[4098.49658203, 1348.12329102, -1281.64221191, -138.665817261, 51.1885986328, -339.254425049, -104.43473053, 55.7527313232, -292.2550354, 26.9889183044, 200.008422852, -137.364379883, -204.907974243], [1348.12329102, 926.010192871, -525.081787109, -217.065963745, 109.012115479, -242.009002686, -127.669395447, -17.1498317719, -199.727783203, -65.4810638428, 62.2071304321, -104.167098999, -82.1513519287], [-1281.64221191, -525.081787109, 744.237548828, 238.773422241, -70.9578552246, 237.122192383, 85.2069625854, -39.0773506165, 127.1795578, -26.9657497406, -110.528419495, 78.5700302124, 51.581035614], [-138.665817261, -217.065963745, 238.773422241, 287.205718994, 46.8544654846, 68.0138092041, 21.7169322968, -8.91515350342, 31.1115818024, 7.75271368027, -41.9966201782, -1.40803825855, 13.260471344], [51.1885986328, 109.012115479, -70.9578552246, 46.8544654846, 151.734008789, -20.2558460236, -58.5264205933, -30.3357505798, -37.0760612488, -9.40164375305, -6.2584695816, -48.8379707336, -15.7994232178], [-339.254425049, -242.009002686, 237.122192383, 68.0138092041, -20.2558460236, 203.209030151, 81.7820968628, -28.2848243713, 54.7397193909, 18.7942676544, -22.5170764923, 40.5172843933, -1.60509836674], [-104.43473053, -127.669395447, 85.2069625854, 21.7169322968, -58.5264205933, 81.7820968628, 110.890052795, 36.6571540833, 11.5084075928, 9.06666660309, 11.6919250488, 24.6456642151, -1.24411165714], [55.7527313232, -17.1498317719, -39.0773506165, -8.91515350342, -30.3357505798, -28.2848243713, 36.6571540833, 81.813949585, 41.5571403503, -1.09619772434, 1.19369626045, 9.98992061615, 1.54467952251], [-292.2550354, -199.727783203, 127.1795578, 31.1115818024, -37.0760612488, 54.7397193909, 11.5084075928, 41.5571403503, 132.440139771, 42.4362373352, -34.280166626, 27.4174747467, 26.0985088348], [26.9889183044, -65.4810638428, -26.9657497406, 7.75271368027, -9.40164375305, 18.7942676544, 9.06666660309, -1.09619772434, 42.4362373352, 83.158164978, 38.0396690369, -6.6726603508, -2.84925317764], [200.008422852, 62.2071304321, -110.528419495, -41.9966201782, -6.2584695816, -22.5170764923, 11.6919250488, 1.19369626045, -34.280166626, 38.0396690369, 87.6443786621, 20.6268005371, -26.3512382507], [-137.364379883, -104.167098999, 78.5700302124, -1.40803825855, -48.8379707336, 40.5172843933, 24.6456642151, 9.98992061615, 27.4174747467, -6.6726603508, 20.6268005371, 89.5880889893, 38.4624023438], [-204.907974243, -82.1513519287, 51.581035614, 13.260471344, -15.7994232178, -1.60509836674, -1.24411165714, 1.54467952251, 26.0985088348, -2.84925317764, -26.3512382507, 38.4624023438, 92.6212463379]],
        "icov": [[0.00486817071214, -0.00709530292079, 0.0114236390218, -0.0122389532626, 0.0111275510862, -0.00677391327918, 0.00159668247215, 0.00120742525905, -0.00057787890546, -0.00200101942755, 0.00506485207006, -0.00602324912325, 0.00569265661761], [-0.00709530292079, 0.0134978769347, -0.0165999904275, 0.0194587949663, -0.0164019893855, 0.00841503869742, 0.00320227630436, -0.0078581655398, 0.00838781613857, 0.000132876826683, -0.00532822310925, 0.00870294496417, -0.00723363645375], [0.0114236390218, -0.0165999904275, 0.0339724384248, -0.0336637608707, 0.0277599729598, -0.012196322903, -0.00942631904036, 0.0248877909034, -0.0242365393788, 0.0162714459002, 0.0010072211735, -0.00815370306373, 0.0114341219887], [-0.0122389532626, 0.0194587949663, -0.0336637608707, 0.0404533594847, -0.0338980145752, 0.0168266631663, 0.00303068920039, -0.0204872712493, 0.0249729845673, -0.0205595735461, 0.00883524212986, 0.0014986214228, -0.00774783082306], [0.0111275510862, -0.0164019893855, 0.0277599729598, -0.0338980145752, 0.0458554625511, -0.0340591520071, 0.026644045487, -0.00799691583961, -0.0025535877794, 0.0144114624709, -0.0144668137655, 0.0127092311159, -0.00104428606573], [-0.00677391327918, 0.00841503869742, -0.012196322903, 0.0168266631663, -0.0340591520071, 0.0616869293153, -0.0688710808754, 0.0656333863735, -0.0425639227033, 0.00895672943443, 0.0121426871046, -0.0195710565895, 0.0139512242749], [0.00159668247215, 0.00320227630436, -0.00942631904036, 0.00303068920039, 0.026644045487, -0.0688710808754, 0.118046402931, -0.126431137323, 0.105123214424, -0.0574788041413, 0.0146415857598, 0.00708030257374, -0.0119301229715], [0.00120742525905, -0.0078581655398, 0.0248877909034, -0.0204872712493, -0.00799691583961, 0.0656333863735, -0.126431137323, 0.179054066539, -0.165257230401, 0.121897004545, -0.0690773949027, 0.0272322166711, -0.000782733317465], [-0.00057787890546, 0.00838781613857, -0.0242365393788, 0.0249729845673, -0.0025535877794, -0.0425639227033, 0.105123214424, -0.165257230401, 0.198112025857, -0.176135465503, 0.135424017906, -0.0796955600381, 0.0294600967318], [-0.00200101942755, 0.000132876826683, 0.0162714459002, -0.0205595735461, 0.0144114624709, 0.00895672943443, -0.0574788041413, 0.121897004545, -0.176135465503, 0.208467289805, -0.181697651744, 0.124708458781, -0.0580558553338], [0.00506485207006, -0.00532822310925, 0.0010072211735, 0.00883524212986, -0.0144668137655, 0.0121426871046, 0.0146415857598, -0.0690773949027, 0.135424017906, -0.181697651744, 0.197995886207, -0.141717374325, 0.0751770958304], [-0.00602324912325, 0.00870294496417, -0.00815370306373, 0.0014986214228, 0.0127092311159, -0.0195710565895, 0.00708030257374, 0.0272322166711, -0.0796955600381, 0.124708458781, -0.141717374325, 0.12445127964, -0.0655171796679], [0.00569265661761, -0.00723363645375, 0.0114341219887, -0.00774783082306, -0.00104428606573, 0.0139512242749, -0.0119301229715, -0.000782733317465, 0.0294600967318, -0.0580558553338, 0.0751770958304, -0.0655171796679, 0.0501408874989]]
    },
    "spectral_contrast_coeffs": {
        "mean": [-0.427452087402, -0.647592425346, -0.717646718025, -0.753953456879, -0.604357481003, -0.879102110863],
        "var": [0.0063422950916, 0.00778813567013, 0.00512266717851, 0.00456097582355, 0.00587788503617, 0.00409325910732]
    },
    "spectral_contrast_valleys": {
        "mean": [-11.5645666122, -7.3455324173, -8.12977695465, -8.68664550781, -11.441991806, -14.7635536194],
        "var": [0.959671199322, 0.973187148571, 0.836817324162, 0.819756746292, 0.688195109367, 1.22721898556]
    }
},
"metadata": {
    "audio_properties": {
        "analysis_sample_rate": 44100,
        "bit_rate": 128074,
        "equal_loudness": 0,
        "length": 45.0612258911,
        "lossless": 0,
        "replay_gain": -6.28653335571,
        "sample_rate": 44100,
        "codec": "mp3",
        "downmix": "mix",
        "md5_encoded": "07d3dba8f5ab90a1b2bb8f8194c28fc7"
    },
    "tags": {
        "file_name": "1202.mp3"
    },
    "version": {
        "essentia": "2.1-beta2",
        "essentia_git_sha": "v2.1_beta2",
        "extractor": "music 1.0"
    }
},
"rhythm": {
    "beats_count": 97,
    "beats_loudness": {
        "mean": 0.0261654611677,
        "var": 0.00169983273372
    },
    "bpm": 117.415077209,
    "bpm_histogram_first_peak_bpm": {
        "mean": 117,
        "var": 0
    },
    "bpm_histogram_first_peak_spread": {
        "mean": 0.583333313465,
        "var": 0
    },
    "bpm_histogram_first_peak_weight": {
        "mean": 0.15625,
        "var": 0
    },
    "bpm_histogram_second_peak_bpm": {
        "mean": 157,
        "var": 0
    },
    "bpm_histogram_second_peak_spread": {
        "mean": 0.34999999404,
        "var": 0
    },
    "bpm_histogram_second_peak_weight": {
        "mean": 0.135416671634,
        "var": 0
    },
    "danceability": 1.09597039223,
    "onset_rate": 2.35129499435,
    "beats_loudness_band_ratio": {
        "mean": [0.0294054504484, 0.502278625965, 0.367130488157, 0.152438670397, 0.0513914637268, 0.00254488340579],
        "var": [0.00160134350881, 0.0684769302607, 0.0367108732462, 0.0151754003018, 0.00362161966041, 0.000206872122362]
    },
    "beats_position": [0.441179126501, 0.893968224525, 1.34675729275, 1.78793644905, 2.22911548615, 2.67029476166, 3.14630389214, 3.62231278419, 4.1099319458, 4.59755086899, 5.07355976105, 5.5727891922, 6.08362817764, 6.59446716309, 7.10530614853, 7.65097475052, 8.20825386047, 8.75392246246, 9.29959201813, 9.82204055786, 10.3444900513, 10.866938591, 11.3777770996, 11.8770065308, 12.3994560242, 12.9219045639, 13.4211339951, 13.9319725037, 14.4428119659, 14.9536504745, 15.4644899368, 15.9753284454, 16.4861679077, 16.99700737, 17.5078449249, 18.0070743561, 18.5063037872, 18.9939231873, 19.4699325562, 19.96916008, 20.45677948, 20.94439888, 21.43201828, 21.9312477112, 22.430475235, 22.9297046661, 23.4289340973, 23.800453186, 24.1835823059, 24.5667114258, 24.9498405457, 25.3329696655, 25.7044887543, 26.076007843, 26.4475269318, 26.8190479279, 27.1905670166, 27.5504760742, 27.9336051941, 28.316734314, 28.6998634338, 29.0829925537, 29.4661216736, 29.8492507935, 30.2323799133, 30.6271190643, 30.9870281219, 31.3933773041, 31.7881164551, 32.1944656372, 32.5775947571, 32.9723358154, 33.3670730591, 33.7734222412, 34.1565513611, 34.5512924194, 34.9228096008, 35.2827186584, 35.6310195923, 36.0605888367, 36.4901580811, 36.9313354492, 37.3957366943, 37.8601341248, 38.3129234314, 38.8585929871, 39.4042625427, 39.9615402222, 40.4839897156, 41.006439209, 41.5288887024, 42.0513381958, 42.5621757507, 43.0730133057, 43.5838546753, 44.1063041687, 44.6287536621]
},
"tonal": {
    "chords_changes_rate": 0.0411522649229,
    "chords_number_rate": 0.00823045242578,
    "chords_strength": {
        "mean": 0.504520773888,
        "var": 0.0040572648868
    },
    "hpcp_entropy": {
        "mean": 1.53160107136,
        "var": 0.363541424274
    },
    "key_strength": 0.705096721649,
    "tuning_diatonic_strength": 0.503358006477,
    "tuning_equal_tempered_deviation": 0.0184052959085,
    "tuning_frequency": 440.254241943,
    "tuning_nontempered_energy_ratio": 0.585296750069,
    "hpcp": {
        "mean": [0.258289247751, 0.13788279891, 0.0177870169282, 0.010284980759, 0.0197967384011, 0.138928830624, 0.226614326239, 0.1136521101, 0.0786112099886, 0.126373872161, 0.0734010413289, 0.04166803509, 0.0430621430278, 0.0375334173441, 0.161835536361, 0.256893634796, 0.138886287808, 0.0431438572705, 0.0352948904037, 0.0384084880352, 0.18311367929, 0.345929682255, 0.219068259001, 0.0748379454017, 0.0731382742524, 0.0473898611963, 0.0879081785679, 0.111486122012, 0.0561113208532, 0.206078410149, 0.357966482639, 0.192275896668, 0.063357360661, 0.0610134229064, 0.0496579036117, 0.160118639469],
        "var": [0.117110870779, 0.0388990342617, 0.00544860772789, 0.00193651102018, 0.00420544017106, 0.0417129807174, 0.0870218202472, 0.0208490937948, 0.0221260394901, 0.0560111925006, 0.0209300983697, 0.0106085389853, 0.0106539418921, 0.0103531433269, 0.0523686036468, 0.125180244446, 0.039641879499, 0.017135668546, 0.0140253948048, 0.0198589265347, 0.0538371503353, 0.141923502088, 0.059958089143, 0.0259827822447, 0.0363201573491, 0.0146305784583, 0.0290553290397, 0.0456704869866, 0.0101798139513, 0.0625381246209, 0.169293358922, 0.0489245317876, 0.0291985422373, 0.0280220359564, 0.0191223789006, 0.0481485277414]
    },
    "chords_histogram": [30.144033432, 8.64197540283, 0, 0, 4.11522626877, 0, 0, 0, 3.18930029869, 0, 0, 0, 0, 0, 0, 0, 0, 0, 0, 0.411522626877, 4.01234579086, 22.6337451935, 20.0617275238, 6.79012346268],
    "thpcp": [1, 0.537133812904, 0.176992431283, 0.170444518328, 0.138722211123, 0.447300642729, 0.721545875072, 0.385183542967, 0.0496890582144, 0.0287316869944, 0.0553033314645, 0.388105690479, 0.633060157299, 0.317493706942, 0.219604939222, 0.353032708168, 0.205050036311, 0.116402059793, 0.120296575129, 0.104851767421, 0.452096909285, 0.717647194862, 0.387986838818, 0.120524853468, 0.0985983088613, 0.107296325266, 0.511538624763, 0.966374516487, 0.611979782581, 0.209064111114, 0.20431599021, 0.132386311889, 0.245576560497, 0.311442911625, 0.156750202179, 0.5756919384],
    "chords_key": "G",
    "chords_scale": "major",
    "key_key": "G",
    "key_scale": "major"
}
}