{
"lowlevel": {
    "average_loudness": 0.965373516083,
    "barkbands_crest": {
        "mean": 8.06997299194,
        "var": 11.2363576889
    },
    "barkbands_flatness_db": {
        "mean": 0.107439517975,
        "var": 0.00136191397905
    },
    "barkbands_kurtosis": {
        "mean": 1.73696637154,
        "var": 19.7910938263
    },
    "barkbands_skewness": {
        "mean": 1.14982032776,
        "var": 0.993742644787
    },
    "barkbands_spread": {
        "mean": 28.4432621002,
        "var": 130.188735962
    },
    "dissonance": {
        "mean": 0.472867041826,
        "var": 0.000318249862175
    },
    "dynamic_complexity": 1.96493685246,
    "erbbands_crest": {
        "mean": 7.29089593887,
        "var": 8.6194229126
    },
    "erbbands_flatness_db": {
        "mean": 0.140502125025,
        "var": 0.00176450482104
    },
    "erbbands_kurtosis": {
        "mean": -0.152928754687,
        "var": 0.912311017513
    },
    "erbbands_skewness": {
        "mean": -0.110980980098,
        "var": 0.388027667999
    },
    "erbbands_spread": {
        "mean": 41.209690094,
        "var": 321.598937988
    },
    "hfc": {
        "mean": 25.6426715851,
        "var": 318.430938721
    },
    "melbands_crest": {
        "mean": 12.7944955826,
        "var": 26.3487854004
    },
    "melbands_flatness_db": {
        "mean": 0.169449523091,
        "var": 0.00239694933407
    },
    "melbands_kurtosis": {
        "mean": 9.60887145996,
        "var": 187.57019043
    },
    "melbands_skewness": {
        "mean": 2.37610149384,
        "var": 2.15844416618
    },
    "melbands_spread": {
        "mean": 30.7105674744,
        "var": 260.504150391
    },
    "pitch_salience": {
        "mean": 0.564632773399,
        "var": 0.00851686950773
    },
    "silence_rate_20dB": {
        "mean": 1,
        "var": 0
    },
    "silence_rate_30dB": {
        "mean": 0.999485075474,
        "var": 0.00051464268472
    },
    "silence_rate_60dB": {
        "mean": 0.00205973233096,
        "var": 0.00205550855026
    },
    "spectral_centroid": {
        "mean": 1656.53466797,
        "var": 330308.03125
    },
    "spectral_complexity": {
        "mean": 23.0159626007,
        "var": 78.607925415
    },
    "spectral_decrease": {
        "mean": -6.58976340162e-009,
        "var": 1.49763862317e-017
    },
    "spectral_energy": {
        "mean": 0.0271971598268,
        "var": 0.000246543902904
    },
    "spectral_energyband_high": {
        "mean": 0.000922619830817,
        "var": 1.37504946451e-006
    },
    "spectral_energyband_low": {
        "mean": 0.00948311574757,
        "var": 9.327877342e-005
    },
    "spectral_energyband_middle_high": {
        "mean": 0.00787102617323,
        "var": 4.26165970566e-005
    },
    "spectral_energyband_middle_low": {
        "mean": 0.00971146952361,
        "var": 4.49699400633e-005
    },
    "spectral_entropy": {
        "mean": 7.66520357132,
        "var": 0.0999393314123
    },
    "spectral_flux": {
        "mean": 0.0808965191245,
        "var": 0.00144698983058
    },
    "spectral_kurtosis": {
        "mean": 3.96266341209,
        "var": 5.13497877121
    },
    "spectral_rms": {
        "mean": 0.00495058018714,
        "var": 2.02558067031e-006
    },
    "spectral_rolloff": {
        "mean": 1779.00610352,
        "var": 1394259.875
    },
    "spectral_skewness": {
        "mean": 1.39470100403,
        "var": 0.0864197611809
    },
    "spectral_spread": {
        "mean": 4458449.5,
        "var": 2.44905672704e+012
    },
    "spectral_strongpeak": {
        "mean": 0.995267868042,
        "var": 2.30959963799
    },
    "zerocrossingrate": {
        "mean": 0.0670501664281,
        "var": 0.000676413648762
    },
    "barkbands": {
        "mean": [9.00279555935e-005, 0.00466777198017, 0.00410445593297, 0.00107331329491, 0.00338676851243, 0.00112477561925, 0.000895811244845, 0.0016415406717, 0.00131087179761, 0.00105973263271, 0.000698135816492, 0.00080280972179, 0.000592020805925, 0.000721019692719, 0.0011076964438, 0.000537069514394, 0.000790747697465, 0.000753025524318, 0.00057114782976, 0.000472080224426, 0.00021445855964, 0.000199718895601, 0.000136123242555, 0.000122864978039, 7.20590905985e-005, 4.64155818918e-005, 4.70715986012e-006],
        "var": [3.99685120556e-008, 5.15350620844e-005, 2.06530057767e-005, 1.55817133418e-006, 1.39882868098e-005, 1.65948983977e-006, 2.60917568085e-006, 7.83945688454e-006, 2.35374136537e-006, 3.0497244552e-006, 1.91998492483e-006, 1.19932201414e-006, 9.57443148764e-007, 1.9355927634e-006, 3.19358673551e-006, 7.42386305319e-007, 1.37032259317e-006, 8.71573718086e-007, 5.18290562468e-007, 5.24618087638e-007, 7.83180880148e-008, 6.90704737849e-008, 3.74963278205e-008, 3.88178200694e-008, 1.49714249886e-008, 9.35231980748e-009, 1.46284415137e-010]
    },
    "erbbands": {
        "mean": [0.114835083485, 1.16944944859, 4.56022262573, 4.12621212006, 7.35770082474, 11.8917484283, 9.5997095108, 9.26195907593, 10.4900512695, 23.2196655273, 35.5049819946, 27.8527088165, 34.3161697388, 31.1055831909, 32.5764923096, 25.2372951508, 23.6471862793, 30.2933216095, 59.6634902954, 47.8592376709, 31.1601333618, 46.8139457703, 45.2627792358, 30.5470142365, 32.6771659851, 20.2379665375, 8.23107242584, 9.50079631805, 7.87328243256, 4.53873920441, 3.94091033936, 3.10434365273, 1.66420984268, 0.927064299583, 0.451255768538, 0.161700919271, 0.0995128676295, 0.0200395975262, 0.000518533401191, 4.67651370855e-005],
        "var": [0.0480396859348, 2.65887618065, 24.7753639221, 14.6370306015, 80.609413147, 195.163803101, 151.754165649, 123.587844849, 196.847686768, 1700.65820313, 3105.85009766, 963.179138184, 2680.04345703, 1695.30883789, 1860.16931152, 1337.11608887, 1837.37023926, 1852.99523926, 11491.0771484, 4801.27001953, 1929.23327637, 4166.79980469, 3089.19116211, 1228.69787598, 2118.63720703, 896.551147461, 110.454910278, 149.71206665, 106.335334778, 40.0522384644, 33.0030784607, 24.2094726563, 7.83080196381, 2.63944959641, 0.623913049698, 0.0880002006888, 0.0483942739666, 0.00210777204484, 1.50272546762e-006, 1.54404344865e-009]
    },
    "gfcc": {
        "mean": [29.651971817, 90.9492416382, -120.82460022, 39.5556755066, -52.7822570801, 13.4848880768, -33.0527915955, 14.6447076797, -22.3113040924, -0.686622440815, -18.7765483856, -0.710892498493, -14.9774866104],
        "cov": [[3352.22509766, -950.154541016, -89.4729614258, -73.0271148682, -157.547210693, 92.6687164307, -161.234619141, 78.5446166992, -155.108474731, 123.585510254, -160.283340454, 30.1329250336, -141.398605347], [-950.154541016, 1124.55688477, -477.190307617, -36.6260719299, 204.792556763, -90.7780914307, 163.397232056, -35.108795166, 180.141403198, -124.091300964, 126.157264709, -108.049095154, 149.718093872], [-89.4729614258, -477.190307617, 790.762207031, 112.87776947, -159.969802856, 62.7093162537, -93.2061843872, -14.3849344254, -99.6149902344, 73.1560668945, -55.424331665, 101.14037323, -104.412246704], [-73.0271148682, -36.6260719299, 112.87776947, 203.436004639, 2.17219853401, -39.2523193359, -46.1250801086, -10.6440696716, -1.6145273447, -12.1058483124, 3.67979073524, -1.78323554993, 14.1088819504], [-157.547210693, 204.792556763, -159.969802856, 2.17219853401, 224.506332397, -19.4822540283, 29.9379062653, -12.959069252, 69.5934677124, -23.604724884, -31.0560951233, -6.51543331146, 57.0476760864], [92.6687164307, -90.7780914307, 62.7093162537, -39.2523193359, -19.4822540283, 132.679367065, 41.8251075745, 1.13539910316, -20.5503330231, 17.7545280457, -9.50269412994, 4.39713001251, -27.7538852692], [-161.234619141, 163.397232056, -93.2061843872, -46.1250801086, 29.9379062653, 41.8251075745, 134.814453125, 18.732006073, 19.6488876343, -12.4813747406, 27.1495800018, -18.5764656067, 9.64746189117], [78.5446166992, -35.108795166, -14.3849344254, -10.6440696716, -12.959069252, 1.13539910316, 18.732006073, 97.7801742554, 2.60596680641, 0.299894154072, 18.0024585724, -3.81284856796, -24.4132957458], [-155.108474731, 180.141403198, -99.6149902344, -1.6145273447, 69.5934677124, -20.5503330231, 19.6488876343, 2.60596680641, 103.071891785, 1.15306937695, -3.13374400139, -17.0070533752, 46.3249855042], [123.585510254, -124.091300964, 73.1560668945, -12.1058483124, -23.604724884, 17.7545280457, -12.4813747406, 0.299894154072, 1.15306937695, 73.1808776855, -2.73225450516, 12.0029211044, -17.5145454407], [-160.283340454, 126.157264709, -55.424331665, 3.67979073524, -31.0560951233, -9.50269412994, 27.1495800018, 18.0024585724, -3.13374400139, -2.73225450516, 94.622795105, -10.293217659, -7.417137146], [30.1329250336, -108.049095154, 101.14037323, -1.78323554993, -6.51543331146, 4.39713001251, -18.5764656067, -3.81284856796, -17.0070533752, 12.0029211044, -10.293217659, 72.5227737427, -1.53811085224], [-141.398605347, 149.718093872, -104.412246704, 14.1088819504, 57.0476760864, -27.7538852692, 9.64746189117, -24.4132957458, 46.3249855042, -17.5145454407, -7.417137146, -1.53811085224, 94.9645996094]],
        "icov": [[0.000562272034585, 0.000109078035166, 0.000722222204786, -0.000290051539196, 0.000400938995881, -0.00038402795326, 0.00049939553719, -0.000500134949107, 0.000645373482257, -0.00098318781238, 0.00127827795222, -0.00041700786096, 0.000566934177186], [0.000109078035166, 0.0043613682501, -0.000650928646792, 0.00171082769521, -0.00192107493058, 0.00169077899773, -0.0023882733658, 0.00255487952381, -0.00462541822344, 0.00537388864905, -0.00610910495743, 0.00375980208628, -0.00230462825857], [0.000722222204786, -0.000650928646792, 0.00403719209135, -0.00279864366166, 0.00234043644741, -0.0016994944308, 0.00114329834469, -0.000617385318037, 0.001809139736, -0.00371595961042, 0.00467644166201, -0.00461800955236, 0.00350130209699], [-0.000290051539196, 0.00171082769521, -0.00279864366166, 0.00800416339189, -0.0022415749263, 0.0022716128733, 0.000712742505129, 0.00113124446943, -0.00199412484653, 0.00454418594018, -0.00537344813347, 0.0046112826094, -0.00370063213632], [0.000400938995881, -0.00192107493058, 0.00234043644741, -0.0022415749263, 0.00858863163739, -0.000960615463555, -5.46362425666e-005, -0.000869976298418, -0.000849419389851, -0.00233230274171, 0.00713896565139, -0.00434913067147, 0.00134508428164], [-0.00038402795326, 0.00169077899773, -0.0016994944308, 0.0022716128733, -0.000960615463555, 0.0116630503908, -0.00575496349484, 0.00222991476767, -0.000919398502447, 0.00109369459096, -0.00163036130834, 0.002331757918, 0.000260703556705], [0.00049939553719, -0.0023882733658, 0.00114329834469, 0.000712742505129, -5.46362425666e-005, -0.00575496349484, 0.0134360222146, -0.00370721286163, 0.0022710817866, -0.00204957602546, 0.000881588028278, -0.000749394821469, 0.000263744324911], [-0.000500134949107, 0.00255487952381, -0.000617385318037, 0.00113124446943, -0.000869976298418, 0.00222991476767, -0.00370721286163, 0.0141332549974, -0.0056173093617, 0.0047271293588, -0.00600843224674, 0.00158867472783, 0.00273326761089], [0.000645373482257, -0.00462541822344, 0.001809139736, -0.00199412484653, -0.000849419389851, -0.000919398502447, 0.0022710817866, -0.0056173093617, 0.0221635811031, -0.0112911947072, 0.00846701022238, -0.00126439996529, -0.00314794434234], [-0.00098318781238, 0.00537388864905, -0.00371595961042, 0.00454418594018, -0.00233230274171, 0.00109369459096, -0.00204957602546, 0.0047271293588, -0.0112911947072, 0.0260306335986, -0.0114415148273, 0.00453282985836, -0.00206416123547], [0.00127827795222, -0.00610910495743, 0.00467644166201, -0.00537344813347, 0.00713896565139, -0.00163036130834, 0.000881588028278, -0.00600843224674, 0.00846701022238, -0.0114415148273, 0.026523930952, -0.00784906651825, 0.00677949748933], [-0.00041700786096, 0.00375980208628, -0.00461800955236, 0.0046112826094, -0.00434913067147, 0.002331757918, -0.000749394821469, 0.00158867472783, -0.00126439996529, 0.00453282985836, -0.00784906651825, 0.0231608301401, -0.00731750251725], [0.000566934177186, -0.00230462825857, 0.00350130209699, -0.00370063213632, 0.00134508428164, 0.000260703556705, 0.000263744324911, 0.00273326761089, -0.00314794434234, -0.00206416123547, 0.00677949748933, -0.00731750251725, 0.0209171529859]]
    },
    "melbands": {
        "mean": [0.00117615691852, 0.00209881411865, 0.000778492772952, 0.000783818424679, 0.000363731232937, 0.000210307101952, 0.000165668781847, 0.000295166770229, 0.000271607306786, 0.000177372494363, 0.000179397073225, 0.000132720670081, 0.000108763422759, 9.92651475826e-005, 3.96497780457e-005, 5.94491211814e-005, 5.26878975506e-005, 0.000106544044684, 6.62039310555e-005, 4.7340628953e-005, 3.41840204783e-005, 4.66589845018e-005, 4.84215561301e-005, 3.50681984855e-005, 2.3205548132e-005, 2.138799573e-005, 2.49117983913e-005, 1.03634001789e-005, 4.64045297122e-006, 5.01238719153e-006, 5.72906765228e-006, 4.84106067233e-006, 3.05940352519e-006, 2.3275104013e-006, 2.2996334792e-006, 2.16346325033e-006, 1.75521404344e-006, 1.20658103242e-006, 9.33497005917e-007, 7.24533094854e-007],
        "var": [4.0115351112e-006, 4.69201722808e-006, 4.70702076427e-007, 8.87321562004e-007, 1.85748632475e-007, 6.2779420773e-008, 5.31231947321e-008, 2.38360911453e-007, 1.63320734714e-007, 4.50887966963e-008, 7.39770200653e-008, 3.26101492476e-008, 2.82079071212e-008, 1.95562268601e-008, 4.27549329274e-009, 1.05910276105e-008, 7.82259235166e-009, 4.20272598944e-008, 8.83259598794e-009, 5.68202995765e-009, 2.68897970557e-009, 4.47121140112e-009, 4.27949498061e-009, 2.06706851635e-009, 8.88061013615e-010, 9.17970643943e-010, 1.6671543035e-009, 2.65359345608e-010, 4.03358943468e-011, 5.15370905674e-011, 5.69458022404e-011, 4.24695313639e-011, 1.85565087601e-011, 1.13250311906e-011, 1.20866433181e-011, 9.9458514341e-012, 9.15622612452e-012, 4.03962236925e-012, 3.00489928079e-012, 1.69854278212e-012]
    },
    "mfcc": {
        "mean": [-610.294067383, 118.143745422, -5.58251714706, 27.9270305634, 4.17475032806, 3.34013009071, 0.988797545433, 11.0138072968, 1.45151281357, 4.56067562103, 1.8701004982, -1.79733610153, -4.91210317612],
        "cov": [[2650.43505859, -649.648010254, -225.756652832, -173.497589111, -42.4305229187, -64.0670166016, -10.6517295837, -73.9310150146, 0.989374995232, 57.4257469177, -7.53891706467, -76.9041595459, -28.3709869385], [-649.648010254, 899.939208984, -417.916290283, 19.2659931183, 2.35836911201, 3.91393780708, 9.70776367188, 69.7724990845, 82.2596282959, 7.65159416199, 32.145236969, 25.6575679779, -3.04085874557], [-225.756652832, -417.916290283, 766.103820801, 35.2044219971, -25.2789440155, 34.9954986572, 8.16639614105, -32.8967323303, -117.929000854, -15.7136449814, -7.86373376846, 18.3075218201, 17.734041214], [-173.497589111, 19.2659931183, 35.2044219971, 215.022445679, 68.841796875, -16.9434738159, -43.1758460999, -11.4505834579, 2.05621886253, -7.63337612152, -44.5058860779, 8.65417194366, 31.4931488037], [-42.4305229187, 2.35836911201, -25.2789440155, 68.841796875, 138.862350464, 16.8328552246, -46.1923789978, -7.77638578415, 37.8917999268, -16.8820056915, -25.9485664368, -0.134331569076, 7.05067205429], [-64.0670166016, 3.91393780708, 34.9954986572, -16.9434738159, 16.8328552246, 125.938705444, 15.9413022995, -17.3175086975, 41.774597168, -26.2978305817, -7.5257973671, 13.3389883041, -11.9353942871], [-10.6517295837, 9.70776367188, 8.16639614105, -43.1758460999, -46.1923789978, 15.9413022995, 106.166618347, 39.3698120117, -31.6293964386, 17.002910614, 32.9960212708, -6.2485203743, -8.60184669495], [-73.9310150146, 69.7724990845, -32.8967323303, -11.4505834579, -7.77638578415, -17.3175086975, 39.3698120117, 93.7715530396, 1.84554672241, -0.0485193841159, 21.7474727631, 4.40735864639, -4.24097490311], [0.989374995232, 82.2596282959, -117.929000854, 2.05621886253, 37.8917999268, 41.774597168, -31.6293964386, 1.84554672241, 148.996261597, -8.84841251373, -30.1805210114, 9.41497898102, 2.52787137032], [57.4257469177, 7.65159416199, -15.7136449814, -7.63337612152, -16.8820056915, -26.2978305817, 17.002910614, -0.0485193841159, -8.84841251373, 90.7784500122, 19.5106124878, -21.2979202271, 11.0555763245], [-7.53891706467, 32.145236969, -7.86373376846, -44.5058860779, -25.9485664368, -7.5257973671, 32.9960212708, 21.7474727631, -30.1805210114, 19.5106124878, 102.400108337, 15.8425807953, -33.5600395203], [-76.9041595459, 25.6575679779, 18.3075218201, 8.65417194366, -0.134331569076, 13.3389883041, -6.2485203743, 4.40735864639, 9.41497898102, -21.2979202271, 15.8425807953, 66.0600967407, 8.85989570618], [-28.3709869385, -3.04085874557, 17.734041214, 31.4931488037, 7.05067205429, -11.9353942871, -8.60184669495, -4.24097490311, 2.52787137032, 11.0555763245, -33.5600395203, 8.85989570618, 70.8358383179]],
        "icov": [[0.000634650350548, 0.000678454060107, 0.000528876495082, 0.000352921371814, 0.000104224258394, 0.000158694616402, 8.03035509307e-005, 0.000217139851884, -4.05889404647e-005, -0.000275517581031, 3.80693636544e-005, 0.000141167402035, 7.79461915954e-005], [0.000678454060107, 0.00240337429568, 0.00149085209705, -0.000167649472132, 0.000586553767789, -0.000475125852972, 0.000453298882348, -0.000860140484292, -0.000157513684826, -0.000475406181067, -0.000468813726911, -0.000334495620336, -0.000159143673955], [0.000528876495082, 0.00149085209705, 0.0026200406719, -0.000259102409473, 0.000648968387395, -0.00134677521419, 0.000667330401484, -0.000328252295731, 0.00165837781969, -0.000398346339352, 0.00012968176452, -0.000646191299893, -0.000349800888216], [0.000352921371814, -0.000167649472132, -0.000259102409473, 0.00689038541168, -0.0031017314177, 0.00133181246929, 0.000682733487338, 0.000307000125758, 0.000896838435438, -0.000643168576062, 0.00240232422948, -0.00138327502646, -0.000850431795698], [0.000104224258394, 0.000586553767789, 0.000648968387395, -0.0031017314177, 0.0107656512409, -0.00254897610284, 0.00424328260124, -0.00175295583904, -0.00110705336556, 0.000786260643508, -0.00086950766854, 0.00186657975428, -0.00053588335868], [0.000158694616402, -0.000475125852972, -0.00134677521419, 0.00133181246929, -0.00254897610284, 0.0131453797221, -0.00643903436139, 0.00515149720013, -0.00483579095453, 0.0029653692618, 0.000962082121987, -0.00192336353939, 0.00218948628753], [8.03035509307e-005, 0.000453298882348, 0.000667330401484, 0.000682733487338, 0.00424328260124, -0.00643903436139, 0.0177987925708, -0.00798418093473, 0.00410543242469, -0.00267823855393, -0.00234308978543, 0.00246789027005, -0.00139019719791], [0.000217139851884, -0.000860140484292, -0.000328252295731, 0.000307000125758, -0.00175295583904, 0.00515149720013, -0.00798418093473, 0.0160444173962, -0.00284788641147, 0.0025357673876, -0.0017433463363, -0.000587974383961, -1.72931904672e-005], [-4.05889404647e-005, -0.000157513684826, 0.00165837781969, 0.000896838435438, -0.00110705336556, -0.00483579095453, 0.00410543242469, -0.00284788641147, 0.0113701662049, -0.00227312394418, 0.003591760993, -0.00232295948081, 0.000727732607629], [-0.000275517581031, -0.000475406181067, -0.000398346339352, -0.000643168576062, 0.000786260643508, 0.0029653692618, -0.00267823855393, 0.0025357673876, -0.00227312394418, 0.0159372277558, -0.00601338595152, 0.0066928206943, -0.0055894497782], [3.80693636544e-005, -0.000468813726911, 0.00012968176452, 0.00240232422948, -0.00086950766854, 0.000962082121987, -0.00234308978543, -0.0017433463363, 0.003591760993, -0.00601338595152, 0.0185732357204, -0.00859647989273, 0.00943939387798], [0.000141167402035, -0.000334495620336, -0.000646191299893, -0.00138327502646, 0.00186657975428, -0.00192336353939, 0.00246789027005, -0.000587974383961, -0.00232295948081, 0.0066928206943, -0.00859647989273, 0.0219744890928, -0.00720936572179], [7.79461915954e-005, -0.000159143673955, -0.000349800888216, -0.000850431795698, -0.00053588335868, 0.00218948628753, -0.00139019719791, -1.72931904672e-005, 0.000727732607629, -0.0055894497782, 0.00943939387798, -0.00720936572179, 0.0210798438638]]
    },
    "spectral_contrast_coeffs": {
        "mean": [-0.656330943108, -0.750302731991, -0.753392338753, -0.758235394955, -0.746683180332, -0.745934486389],
        "var": [0.00370163028128, 0.0032153185457, 0.00354174501263, 0.00383439287543, 0.00322484131902, 0.001262384234]
    },
    "spectral_contrast_valleys": {
        "mean": [-6.84581565857, -6.45298051834, -7.06967401505, -7.50684833527, -7.34885549545, -9.95882415771],
        "var": [0.430813938379, 0.475430905819, 0.542221963406, 0.522130548954, 0.587098777294, 1.01533734798]
    }
},
"metadata": {
    "audio_properties": {
        "analysis_sample_rate": 44100,
        "bit_rate": 128074,
        "equal_loudness": 0,
        "length": 45.0612258911,
        "lossless": 0,
        "replay_gain": -6.3654384613,
        "sample_rate": 44100,
        "codec": "mp3",
        "downmix": "mix",
        "md5_encoded": "718d9ea5105d9401a37b3c67014d2e45"
    },
    "tags": {
        "file_name": "1204.mp3"
    },
    "version": {
        "essentia": "2.1-beta2",
        "essentia_git_sha": "v2.1_beta2",
        "extractor": "music 1.0"
    }
},
"rhythm": {
    "beats_count": 74,
    "beats_loudness": {
        "mean": 0.0349079482257,
        "var": 9.45777865127e-005
    },
    "bpm": 99.5927352905,
    "bpm_histogram_first_peak_bpm": {
        "mean": 99,
        "var": 0
    },
    "bpm_histogram_first_peak_spread": {
        "mean": 0.267605632544,
        "var": 0
    },
    "bpm_histogram_first_peak_weight": {
        "mean": 0.712328791618,
        "var": 0
    },
    "bpm_histogram_second_peak_bpm": {
        "mean": 105,
        "var": 0
    },
    "bpm_histogram_second_peak_spread": {
        "mean": 0,
        "var": 0
    },
    "bpm_histogram_second_peak_weight": {
        "mean": 0.0273972600698,
        "var": 0
    },
    "danceability": 1.29482161999,
    "onset_rate": 5.21277666092,
    "beats_loudness_band_ratio": {
        "mean": [0.314949095249, 0.246277630329, 0.166559755802, 0.113464444876, 0.126189783216, 0.100616052747],
        "var": [0.0260684136301, 0.0211420673877, 0.0097771063447, 0.00907120946795, 0.00839384831488, 0.00207249308005]
    },
    "beats_position": [0.568888902664, 1.14938771725, 1.74149656296, 2.32199549675, 2.89088439941, 3.45977306366, 4.05188179016, 4.6439909935, 5.24770975113, 5.85142850876, 6.45514726639, 7.05886602402, 7.66258478165, 8.26630401611, 8.88163280487, 9.49696159363, 10.1239004135, 10.7276191711, 11.3313379288, 11.9350566864, 12.538775444, 13.1424942017, 13.7346029282, 14.3267116547, 14.9304304123, 15.5341491699, 16.1378688812, 16.7531967163, 17.3685264587, 17.9722442627, 18.5875740051, 19.2029018402, 19.8066215515, 20.4219493866, 21.0140590668, 21.6177768707, 22.221496582, 22.825214386, 23.4289340973, 24.0326519012, 24.6363716125, 25.2284793854, 25.8321990967, 26.435918808, 27.0512466431, 27.6433563232, 28.2354640961, 28.8391838074, 29.4429016113, 30.0466213226, 30.6503391266, 31.2540588379, 31.8577766418, 32.4614944458, 33.0652160645, 33.6689338684, 34.2726516724, 34.8763694763, 35.5033111572, 36.0954170227, 36.6991386414, 37.2912483215, 37.8949661255, 38.4986839294, 39.0907936096, 39.6829032898, 40.2866210938, 40.8903388977, 41.4940567017, 42.0977783203, 42.7014961243, 43.2936058044, 43.8857116699, 44.4894332886]
},
"tonal": {
    "chords_changes_rate": 0.0658436194062,
    "chords_number_rate": 0.00720164598897,
    "chords_strength": {
        "mean": 0.533629477024,
        "var": 0.0105166984722
    },
    "hpcp_entropy": {
        "mean": 2.17691445351,
        "var": 0.505047559738
    },
    "key_strength": 0.740972936153,
    "tuning_diatonic_strength": 0.640030324459,
    "tuning_equal_tempered_deviation": 0.0442044958472,
    "tuning_frequency": 431.193908691,
    "tuning_nontempered_energy_ratio": 0.677744567394,
    "hpcp": {
        "mean": [0.536125898361, 0.351391375065, 0.115186713636, 0.0943003073335, 0.116783715785, 0.216452077031, 0.30392998457, 0.215293824673, 0.102374315262, 0.0761117041111, 0.0858358666301, 0.163922443986, 0.201567560434, 0.149961024523, 0.185059547424, 0.219431638718, 0.130468860269, 0.0734403058887, 0.0795405060053, 0.0877771154046, 0.163384184241, 0.227448359132, 0.148119941354, 0.0731046497822, 0.0653761997819, 0.054478276521, 0.114159800112, 0.165624052286, 0.108211226761, 0.0840897411108, 0.1085222736, 0.100895486772, 0.122773602605, 0.153914734721, 0.153176724911, 0.332959830761],
        "var": [0.163831070065, 0.0945792794228, 0.0273936539888, 0.0255515761673, 0.0359431542456, 0.0695776864886, 0.117799304426, 0.0679906532168, 0.0332454666495, 0.0279889982194, 0.0254268553108, 0.0532835908234, 0.0661973506212, 0.0364246368408, 0.0636159107089, 0.0917288511992, 0.0391752272844, 0.0166355744004, 0.0176173020154, 0.0225721858442, 0.0481384918094, 0.0721589773893, 0.0309610534459, 0.0146178267896, 0.0116367293522, 0.0086578913033, 0.0278074592352, 0.0490389354527, 0.0184940062463, 0.02092955634, 0.0450658388436, 0.0344563499093, 0.0360196717083, 0.0512662753463, 0.044793445617, 0.0776675790548]
    },
    "chords_histogram": [18.41563797, 3.80658435822, 48.4567909241, 0.617283940315, 9.15637874603, 0, 1.23456788063, 0, 0, 0, 0, 0, 0, 0, 0, 0, 0, 0.411522626877, 0, 0.617283940315, 0, 0.514403283596, 9.56790161133, 7.20164632797],
    "thpcp": [1, 0.655426979065, 0.214850112796, 0.175892099738, 0.217828899622, 0.403733670712, 0.566900372505, 0.401573270559, 0.190952003002, 0.141966104507, 0.160103932023, 0.305753648281, 0.375970572233, 0.279712319374, 0.345179259777, 0.409291237593, 0.24335488677, 0.136983320117, 0.148361623287, 0.163724824786, 0.304749667645, 0.424244314432, 0.276278287172, 0.136357247829, 0.121941879392, 0.101614706218, 0.212934687734, 0.308927536011, 0.201839208603, 0.156847000122, 0.202419385314, 0.188193649054, 0.229001432657, 0.287086933851, 0.28571036458, 0.621047854424],
    "chords_key": "A",
    "chords_scale": "major",
    "key_key": "D",
    "key_scale": "major"
}
}