{
"lowlevel": {
    "average_loudness": 0.940402150154,
    "barkbands_crest": {
        "mean": 8.70682239532,
        "var": 10.4489812851
    },
    "barkbands_flatness_db": {
        "mean": 0.133521869779,
        "var": 0.00137246772647
    },
    "barkbands_kurtosis": {
        "mean": 1.56856203079,
        "var": 8.63175773621
    },
    "barkbands_skewness": {
        "mean": 1.13308250904,
        "var": 0.670379281044
    },
    "barkbands_spread": {
        "mean": 21.2867908478,
        "var": 98.6015548706
    },
    "dissonance": {
        "mean": 0.461528807878,
        "var": 0.000990774133243
    },
    "dynamic_complexity": 2.05126047134,
    "erbbands_crest": {
        "mean": 9.12650489807,
        "var": 17.2519893646
    },
    "erbbands_flatness_db": {
        "mean": 0.176040992141,
        "var": 0.00171982578468
    },
    "erbbands_kurtosis": {
        "mean": 0.160307973623,
        "var": 4.14680624008
    },
    "erbbands_skewness": {
        "mean": 0.079072445631,
        "var": 0.539853930473
    },
    "erbbands_spread": {
        "mean": 34.0389137268,
        "var": 225.771530151
    },
    "hfc": {
        "mean": 21.2242336273,
        "var": 178.575256348
    },
    "melbands_crest": {
        "mean": 12.1957702637,
        "var": 16.0619945526
    },
    "melbands_flatness_db": {
        "mean": 0.19626018405,
        "var": 0.00216012843885
    },
    "melbands_kurtosis": {
        "mean": 6.8749499321,
        "var": 68.4304046631
    },
    "melbands_skewness": {
        "mean": 2.05377388,
        "var": 1.32341313362
    },
    "melbands_spread": {
        "mean": 24.3401832581,
        "var": 198.412338257
    },
    "pitch_salience": {
        "mean": 0.56706905365,
        "var": 0.00906753074378
    },
    "silence_rate_20dB": {
        "mean": 1,
        "var": 0
    },
    "silence_rate_30dB": {
        "mean": 1,
        "var": 0
    },
    "silence_rate_60dB": {
        "mean": 0.00257466523908,
        "var": 0.00256808288395
    },
    "spectral_centroid": {
        "mean": 1278.46704102,
        "var": 235255.546875
    },
    "spectral_complexity": {
        "mean": 21.4794025421,
        "var": 46.1651687622
    },
    "spectral_decrease": {
        "mean": -7.32867544428e-009,
        "var": 2.09993380802e-017
    },
    "spectral_energy": {
        "mean": 0.0295852217823,
        "var": 0.000331273651682
    },
    "spectral_energyband_high": {
        "mean": 0.000485513039166,
        "var": 8.15139799215e-007
    },
    "spectral_energyband_low": {
        "mean": 0.00769250001758,
        "var": 8.28737975098e-005
    },
    "spectral_energyband_middle_high": {
        "mean": 0.00678515294567,
        "var": 3.33008538291e-005
    },
    "spectral_energyband_middle_low": {
        "mean": 0.0160822402686,
        "var": 0.000157464135555
    },
    "spectral_entropy": {
        "mean": 7.45522022247,
        "var": 0.113489501178
    },
    "spectral_flux": {
        "mean": 0.0938806831837,
        "var": 0.00182407454122
    },
    "spectral_kurtosis": {
        "mean": 5.81228208542,
        "var": 12.4642648697
    },
    "spectral_rms": {
        "mean": 0.00511947693303,
        "var": 2.65463472715e-006
    },
    "spectral_rolloff": {
        "mean": 1439.91601563,
        "var": 1064637.75
    },
    "spectral_skewness": {
        "mean": 1.59914112091,
        "var": 0.18610073626
    },
    "spectral_spread": {
        "mean": 3629669.75,
        "var": 2.28798601626e+012
    },
    "spectral_strongpeak": {
        "mean": 1.11143732071,
        "var": 1.61917769909
    },
    "zerocrossingrate": {
        "mean": 0.0528545603156,
        "var": 0.000618540914729
    },
    "barkbands": {
        "mean": [6.19207421551e-005, 0.00401252321899, 0.00232407893054, 0.00282306224108, 0.00264849327505, 0.00337209133431, 0.00297370366752, 0.00199842988513, 0.00191469909623, 0.00107822101563, 0.000924489228055, 0.000678066571709, 0.000746597361285, 0.000612073228694, 0.000804279814474, 0.000849195290357, 0.000494247535244, 0.000428156519774, 0.000274221150903, 0.00015341337712, 0.000130914893816, 0.000120396143757, 7.70645710872e-005, 4.68688594992e-005, 2.74147187156e-005, 9.96452945401e-006, 6.33320553334e-007],
        "var": [2.4826331213e-008, 3.50338777935e-005, 1.2884473108e-005, 1.24992066048e-005, 1.13964561024e-005, 2.26987103815e-005, 2.00334179681e-005, 2.25365092774e-005, 1.7138558178e-005, 7.07118488208e-006, 3.94745165977e-006, 1.19602918858e-006, 2.57798001257e-006, 1.20603601772e-006, 1.9407293621e-006, 1.18658374504e-006, 3.05221703911e-007, 4.21803463269e-007, 8.32385538274e-008, 5.66033655502e-008, 6.38667145836e-008, 5.94608913218e-008, 4.83060240697e-008, 1.36705500253e-008, 1.0419975105e-008, 1.04414932256e-009, 4.2780991423e-012]
    },
    "erbbands": {
        "mean": [0.0689911469817, 1.0502743721, 2.93556714058, 6.10599756241, 9.18230056763, 8.79056549072, 14.6469774246, 30.5658378601, 38.7231407166, 49.6881713867, 43.8313179016, 42.4576034546, 40.9129180908, 30.1913642883, 37.0801887512, 28.7082195282, 35.2602348328, 32.3736801147, 30.1396312714, 54.3537635803, 45.649307251, 27.3071193695, 23.8535251617, 17.314207077, 11.8393163681, 7.46940755844, 5.40990877151, 5.31593990326, 4.43596839905, 3.15708184242, 2.05024504662, 1.2125954628, 0.663522481918, 0.367833703756, 0.158715933561, 0.0573404915631, 0.0156367551535, 0.00263157766312, 8.32301739138e-005, 3.7199115468e-005],
        "var": [0.0168899931014, 2.25523400307, 15.8706474304, 58.1250915527, 128.973251343, 143.181213379, 494.990844727, 1970.5222168, 3646.95629883, 7371.20019531, 10912.4912109, 7388.63378906, 10274.1914063, 3212.44775391, 5305.67089844, 2027.6887207, 4734.47998047, 3743.80664063, 3022.97851563, 7627.38134766, 2538.12524414, 782.682434082, 1180.34533691, 393.003173828, 137.169219971, 154.428161621, 87.1865539551, 117.664588928, 78.2021026611, 73.0129470825, 30.1357917786, 9.49920368195, 2.95692968369, 1.56215727329, 0.419237971306, 0.0436831116676, 0.00243435427547, 5.7192373788e-005, 4.19335641766e-008, 5.16630627168e-010]
    },
    "gfcc": {
        "mean": [8.3292722702, 115.904953003, -134.333251953, 31.600856781, -51.847202301, 5.5090136528, -40.242980957, 6.02205753326, -19.3566036224, -0.176714882255, -14.966468811, -0.694054841995, -11.2475299835],
        "cov": [[2777.86791992, -603.958007813, 173.311553955, 114.089508057, -375.366729736, 150.675765991, -137.937561035, 7.66231870651, -18.4342079163, 88.742225647, -174.659744263, 30.6848087311, -96.2617874146], [-603.958007813, 856.246276855, -268.358825684, -150.950866699, 310.664459229, -139.717926025, 178.247894287, 49.0178413391, 95.7775878906, -72.5374908447, 161.16506958, -38.7974853516, 76.1151885986], [173.311553955, -268.358825684, 471.967315674, 112.725006104, -134.145477295, 115.665542603, -10.8792695999, -29.1918544769, -24.4362735748, 58.7048530579, -66.7592773438, 50.8629798889, -38.161491394], [114.089508057, -150.950866699, 112.725006104, 287.928771973, 32.400390625, 15.5950784683, -74.8970184326, -37.3911399841, -20.3332767487, -8.86315822601, -13.7256736755, 13.6677331924, 21.7498989105], [-375.366729736, 310.664459229, -134.145477295, 32.400390625, 398.99609375, -36.1646957397, 42.375793457, 79.9157333374, 37.1334114075, -16.7634124756, 80.367980957, 0.0168492328376, 58.8663520813], [150.675765991, -139.717926025, 115.665542603, 15.5950784683, -36.1646957397, 168.40625, 63.6358985901, 13.7991075516, -19.112455368, 11.1575374603, -20.5572891235, -0.512773096561, -15.961774826], [-137.937561035, 178.247894287, -10.8792695999, -74.8970184326, 42.375793457, 63.6358985901, 211.824859619, 71.5151519775, 19.2873973846, -7.49162483215, 39.0784759521, -15.8071556091, 11.6199293137], [7.66231870651, 49.0178413391, -29.1918544769, -37.3911399841, 79.9157333374, 13.7991075516, 71.5151519775, 125.923583984, 48.4502105713, 18.6267127991, 12.796257019, -3.93621325493, 8.90236568451], [-18.4342079163, 95.7775878906, -24.4362735748, -20.3332767487, 37.1334114075, -19.112455368, 19.2873973846, 48.4502105713, 117.501472473, 33.2715415955, 11.7103509903, -15.7090826035, -7.12431955338], [88.742225647, -72.5374908447, 58.7048530579, -8.86315822601, -16.7634124756, 11.1575374603, -7.49162483215, 18.6267127991, 33.2715415955, 93.5581665039, 0.114691719413, 6.04575204849, -19.027639389], [-174.659744263, 161.16506958, -66.7592773438, -13.7256736755, 80.367980957, -20.5572891235, 39.0784759521, 12.796257019, 11.7103509903, 0.114691719413, 98.9602203369, 16.872335434, 29.110124588], [30.6848087311, -38.7974853516, 50.8629798889, 13.6677331924, 0.0168492328376, -0.512773096561, -15.8071556091, -3.93621325493, -15.7090826035, 6.04575204849, 16.872335434, 78.7052078247, 23.9253845215], [-96.2617874146, 76.1151885986, -38.161491394, 21.7498989105, 58.8663520813, -15.961774826, 11.6199293137, 8.90236568451, -7.12431955338, -19.027639389, 29.110124588, 23.9253845215, 80.2924804688]],
        "icov": [[0.000545154616702, -0.000346063898178, 0.00039690543781, -0.000499646062963, 0.000701774435584, -0.000795778993051, 0.000583053333685, -0.000790616613813, 0.00027219497133, -0.000626104534604, 0.000823106674943, -0.000681300763972, 0.000416576542193], [-0.000346063898178, 0.00617892015725, -0.0012241944205, 0.00292328372598, -0.0038177035749, 0.00508162891492, -0.00495397066697, 0.00466181896627, -0.00437992298976, 0.00447349250317, -0.00500030210242, 0.00323375104927, -0.00211606663652], [0.00039690543781, -0.0012241944205, 0.00466247741133, -0.00250228727236, 0.0016657190863, -0.00304140220396, 9.29829038796e-005, -0.00047484060633, 0.000899070582818, -0.0033616127912, 0.00357121578418, -0.00430210633203, 0.00201384583488], [-0.000499646062963, 0.00292328372598, -0.00250228727236, 0.00664820149541, -0.00311063230038, 0.00202129315585, -0.000332737370627, 0.00321537372656, -0.00222667586058, 0.00342017179355, -0.00308307027444, 0.00312913139351, -0.00318806641735], [0.000701774435584, -0.0038177035749, 0.0016657190863, -0.00311063230038, 0.00680642109364, -0.00344878714532, 0.00361500261351, -0.00587927224115, 0.00252498104237, -0.00258751865476, 0.00117993948516, -0.00192662305199, 0.000304865185171], [-0.000795778993051, 0.00508162891492, -0.00304140220396, 0.00202129315585, -0.00344878714532, 0.0137281063944, -0.00770642468706, 0.00370366522111, -0.0016848326195, 0.00335056334734, -0.00335395406, 0.00359016982839, -0.00101145950612], [0.000583053333685, -0.00495397066697, 9.29829038796e-005, -0.000332737370627, 0.00361500261351, -0.00770642468706, 0.0131842223927, -0.00821733754128, 0.00336557114497, -0.00137812108733, -8.60226718942e-005, 0.000223089780775, 0.000287062546704], [-0.000790616613813, 0.00466181896627, -0.00047484060633, 0.00321537372656, -0.00587927224115, 0.00370366522111, -0.00821733754128, 0.0179569255561, -0.00733880791813, 0.00126753759105, -0.000960714940447, 0.00104123656638, -0.00253165885806], [0.00027219497133, -0.00437992298976, 0.000899070582818, -0.00222667586058, 0.00252498104237, -0.0016848326195, 0.00336557114497, -0.00733880791813, 0.0152030168101, -0.00698503060266, 0.00262531335466, 0.000131022839923, 0.00235215993598], [-0.000626104534604, 0.00447349250317, -0.0033616127912, 0.00342017179355, -0.00258751865476, 0.00335056334734, -0.00137812108733, 0.00126753759105, -0.00698503060266, 0.0184306632727, -0.00677620619535, 0.00228821649216, 0.000629240705166], [0.000823106674943, -0.00500030210242, 0.00357121578418, -0.00308307027444, 0.00117993948516, -0.00335395406, -8.60226718942e-005, -0.000960714940447, 0.00262531335466, -0.00677620619535, 0.0212166886777, -0.00821967795491, 0.000230872785323], [-0.000681300763972, 0.00323375104927, -0.00430210633203, 0.00312913139351, -0.00192662305199, 0.00359016982839, 0.000223089780775, 0.00104123656638, 0.000131022839923, 0.00228821649216, -0.00821967795491, 0.0208034068346, -0.00746119348332], [0.000416576542193, -0.00211606663652, 0.00201384583488, -0.00318806641735, 0.000304865185171, -0.00101145950612, 0.000287062546704, -0.00253165885806, 0.00235215993598, 0.000629240705166, 0.000230872785323, -0.00746119348332, 0.0190925654024]]
    },
    "melbands": {
        "mean": [0.000879100523889, 0.00154047552496, 0.00120567553677, 0.000625932472758, 0.000493319705129, 0.000703791331034, 0.000590559153352, 0.000523604161572, 0.000346525222994, 0.000261339824647, 0.000202954528504, 0.000121584991575, 0.00013444905926, 7.83876093919e-005, 7.67824676586e-005, 7.55215078243e-005, 5.70155789319e-005, 4.69262158731e-005, 5.89071023569e-005, 6.8528293923e-005, 5.06005890202e-005, 2.85984533548e-005, 2.16845583054e-005, 2.2483020075e-005, 1.27891480588e-005, 1.06537308966e-005, 5.90034369452e-006, 4.6911213758e-006, 3.27894440488e-006, 3.09729784931e-006, 3.14487238029e-006, 2.63924266619e-006, 2.02606156563e-006, 1.64927655533e-006, 1.26234715481e-006, 8.67314554398e-007, 6.82274560404e-007, 4.84378233523e-007, 3.61951464356e-007, 2.96189512028e-007],
        "var": [1.9169171992e-006, 4.04618731409e-006, 1.91868730326e-006, 5.8385887769e-007, 5.15894555519e-007, 9.82970391306e-007, 7.44229339489e-007, 8.48469994708e-007, 6.47696140277e-007, 3.12792536761e-007, 2.68582112994e-007, 6.27708729439e-008, 7.49187947235e-008, 1.61161661794e-008, 2.05688941435e-008, 2.98402937915e-008, 1.27506760705e-008, 8.23558110596e-009, 1.18278240535e-008, 1.21257306418e-008, 3.36097882858e-009, 1.1062111227e-009, 5.58744439605e-010, 1.89774551629e-009, 2.50565873605e-010, 1.39969563717e-010, 4.29326262041e-011, 9.15357858955e-011, 3.67109051491e-011, 3.58102887621e-011, 4.50305383259e-011, 2.86420106382e-011, 2.02415653683e-011, 2.66450923825e-011, 1.18530402507e-011, 5.49181750423e-012, 3.438169454e-012, 1.64790468597e-012, 1.10168254727e-012, 1.27677371713e-012]
    },
    "mfcc": {
        "mean": [-627.969787598, 141.735458374, -18.4527645111, 26.1985569, 5.4480714798, 2.58472943306, -7.10173797607, 2.4284954071, -2.34658336639, -1.1864477396, -1.77889561653, -0.24743680656, 1.64873063564],
        "cov": [[2170.8125, -647.149780273, 320.432037354, -98.2344970703, -134.279037476, 46.422908783, -144.127731323, -60.0101661682, 35.1071891785, -3.06267666817, -22.257434845, 9.1320400238, -48.5821876526], [-647.149780273, 959.024414063, -444.161529541, 16.6426315308, 59.0011291504, -101.937347412, 116.780067444, 96.1985855103, 21.8853302002, 53.3779754639, 62.0465507507, 39.2953987122, 61.5126457214], [320.432037354, -444.161529541, 619.555053711, -27.6430015564, -130.605987549, 129.066619873, -57.5086402893, -34.0670509338, 5.84809303284, -32.830291748, -25.9448757172, 22.3113307953, -25.8681659698], [-98.2344970703, 16.6426315308, -27.6430015564, 224.499801636, 125.263237, 3.59708881378, -2.42500495911, -3.93365979195, -4.90752649307, -13.4909534454, -22.2393436432, -14.2436513901, 36.9650802612], [-134.279037476, 59.0011291504, -130.605987549, 125.263237, 261.494140625, 3.9801902771, 13.0729408264, 8.75139808655, 1.68022859097, 11.0221767426, -4.7483625412, -18.6905403137, 22.0211334229], [46.422908783, -101.937347412, 129.066619873, 3.59708881378, 3.9801902771, 123.248298645, 27.165681839, 3.49015545845, -4.75571632385, -1.70167660713, -0.2817748487, 6.64988899231, -23.9153881073], [-144.127731323, 116.780067444, -57.5086402893, -2.42500495911, 13.0729408264, 27.165681839, 186.328384399, 71.4287109375, 15.6815366745, 25.8575878143, 4.28672456741, -2.01181030273, 8.66486167908], [-60.0101661682, 96.1985855103, -34.0670509338, -3.93365979195, 8.75139808655, 3.49015545845, 71.4287109375, 112.680503845, 34.6431922913, 17.0893115997, 7.32300233841, 1.37640166283, 14.6304540634], [35.1071891785, 21.8853302002, 5.84809303284, -4.90752649307, 1.68022859097, -4.75571632385, 15.6815366745, 34.6431922913, 98.7002105713, 51.5884590149, 14.4307889938, 17.1865596771, 5.82622432709], [-3.06267666817, 53.3779754639, -32.830291748, -13.4909534454, 11.0221767426, -1.70167660713, 25.8575878143, 17.0893115997, 51.5884590149, 102.225769043, 42.6206932068, 21.6357402802, 2.87634158134], [-22.257434845, 62.0465507507, -25.9448757172, -22.2393436432, -4.7483625412, -0.2817748487, 4.28672456741, 7.32300233841, 14.4307889938, 42.6206932068, 89.1522216797, 35.849521637, -4.23470592499], [9.1320400238, 39.2953987122, 22.3113307953, -14.2436513901, -18.6905403137, 6.64988899231, -2.01181030273, 1.37640166283, 17.1865596771, 21.6357402802, 35.849521637, 85.364692688, 20.043970108], [-48.5821876526, 61.5126457214, -25.8681659698, 36.9650802612, 22.0211334229, -23.9153881073, 8.66486167908, 14.6304540634, 5.82622432709, 2.87634158134, -4.23470592499, 20.043970108, 94.2145080566]],
        "icov": [[0.000615100609139, 0.000410628999816, 4.73629115731e-005, 0.000136826012749, 0.000166194440681, -1.46866859723e-005, 0.00030480013811, -0.00012317688379, -0.000238514272496, -0.000116747956781, 7.74040090619e-005, -0.00015532883117, 1.17620402307e-005], [0.000410628999816, 0.00215742294677, 0.00123736029491, -0.000132130779093, 0.000410520093283, 0.000391087087337, -0.000332427356625, -0.000976635143161, 2.58399850281e-005, -9.41582766245e-005, -0.00054438400548, -0.000965137965977, -0.000437564885942], [4.73629115731e-005, 0.00123736029491, 0.00357605190948, -0.000461770279799, 0.00173935061321, -0.00303519470617, 0.000781702110544, -0.000251794495853, -0.000886654539499, 0.000556946790311, 0.000364623119822, -0.000926453620195, -0.000578881939873], [0.000136826012749, -0.000132130779093, -0.000461770279799, 0.00678396271542, -0.00319023313932, -0.000291072239634, 0.000158079201356, 0.000666448962875, -0.000398928794311, 0.000814247585367, 0.000743643555325, 0.000692305329721, -0.00219195359387], [0.000166194440681, 0.000410520093283, 0.00173935061321, -0.00319023313932, 0.00637038052082, -0.00193231832236, 0.000505636271555, -0.000335516000632, -0.000215077991015, -0.000867718888912, -9.85322985798e-005, 0.000805779534858, -0.000563013541978], [-1.46866859723e-005, 0.000391087087337, -0.00303519470617, -0.000291072239634, -0.00193231832236, 0.0132252685726, -0.00307462620549, -0.000480576738482, 0.00179841613863, -0.00042363544344, -0.000258542713709, -0.00191540573724, 0.00348167004995], [0.00030480013811, -0.000332427356625, 0.000781702110544, 0.000158079201356, 0.000505636271555, -0.00307462620549, 0.00843424070626, -0.00457874406129, 0.000869986717589, -0.00204056268558, 0.001158008934, 0.000536069099326, -0.000489992031362], [-0.00012317688379, -0.000976635143161, -0.000251794495853, 0.000666448962875, -0.000335516000632, -0.000480576738482, -0.00457874406129, 0.0140332672745, -0.00499394908547, 0.00204177969135, -0.00111257354729, 0.0016256707022, -0.00170753442217], [-0.000238514272496, 2.58399850281e-005, -0.000886654539499, -0.000398928794311, -0.000215077991015, 0.00179841613863, 0.000869986717589, -0.00499394908547, 0.0163673348725, -0.00843872595578, 0.00222800369374, -0.002183978213, 0.000785741081927], [-0.000116747956781, -9.41582766245e-005, 0.000556946790311, 0.000814247585367, -0.000867718888912, -0.00042363544344, -0.00204056268558, 0.00204177969135, -0.00843872595578, 0.0174471363425, -0.0067283581011, 3.27439047396e-005, -0.000519587250892], [7.74040090619e-005, -0.00054438400548, 0.000364623119822, 0.000743643555325, -9.85322985798e-005, -0.000258542713709, 0.001158008934, -0.00111257354729, 0.00222800369374, -0.0067283581011, 0.0174514707178, -0.00632673129439, 0.00242539308965], [-0.00015532883117, -0.000965137965977, -0.000926453620195, 0.000692305329721, 0.000805779534858, -0.00191540573724, 0.000536069099326, 0.0016256707022, -0.002183978213, 3.27439047396e-005, -0.00632673129439, 0.0170437023044, -0.00472858222201], [1.17620402307e-005, -0.000437564885942, -0.000578881939873, -0.00219195359387, -0.000563013541978, 0.00348167004995, -0.000489992031362, -0.00170753442217, 0.000785741081927, -0.000519587250892, 0.00242539308965, -0.00472858222201, 0.0140147916973]]
    },
    "spectral_contrast_coeffs": {
        "mean": [-0.634302794933, -0.691038012505, -0.748453915119, -0.754441738129, -0.759312748909, -0.742671608925],
        "var": [0.0053421179764, 0.00533797591925, 0.00465953629464, 0.00285379798152, 0.00204869010486, 0.00105983787216]
    },
    "spectral_contrast_valleys": {
        "mean": [-7.10634708405, -6.4696969986, -7.12477779388, -7.38191652298, -7.50223112106, -10.5357894897],
        "var": [0.559273719788, 0.532718837261, 0.470032513142, 0.443334132433, 0.518080949783, 1.0269343853]
    }
},
"metadata": {
    "audio_properties": {
        "analysis_sample_rate": 44100,
        "bit_rate": 128074,
        "equal_loudness": 0,
        "length": 45.0612258911,
        "lossless": 0,
        "replay_gain": -6.22839927673,
        "sample_rate": 44100,
        "codec": "mp3",
        "downmix": "mix",
        "md5_encoded": "27993c2faa9a81249c4ff01bf1166579"
    },
    "tags": {
        "file_name": "1205.mp3"
    },
    "version": {
        "essentia": "2.1-beta2",
        "essentia_git_sha": "v2.1_beta2",
        "extractor": "music 1.0"
    }
},
"rhythm": {
    "beats_count": 71,
    "beats_loudness": {
        "mean": 0.0438440553844,
        "var": 9.16520293686e-005
    },
    "bpm": 95.2082519531,
    "bpm_histogram_first_peak_bpm": {
        "mean": 96,
        "var": 0
    },
    "bpm_histogram_first_peak_spread": {
        "mean": 0.405797123909,
        "var": 0
    },
    "bpm_histogram_first_peak_weight": {
        "mean": 0.585714280605,
        "var": 0
    },
    "bpm_histogram_second_peak_bpm": {
        "mean": 101,
        "var": 0
    },
    "bpm_histogram_second_peak_spread": {
        "mean": 0,
        "var": 0
    },
    "bpm_histogram_second_peak_weight": {
        "mean": 0.0142857143655,
        "var": 0
    },
    "danceability": 1.23799455166,
    "onset_rate": 4.34767723083,
    "beats_loudness_band_ratio": {
        "mean": [0.37479352951, 0.301144778728, 0.18732470274, 0.07461296767, 0.0808090046048, 0.0411921925843],
        "var": [0.0190499108285, 0.015536447987, 0.0250516142696, 0.00397251127288, 0.00370420073159, 0.000217475593672]
    },
    "beats_position": [0.568888902664, 1.16099774837, 1.764716506, 2.36843538284, 2.9837641716, 3.59909296036, 4.22603178024, 4.85297060013, 5.4915189743, 6.11845779419, 6.7570066452, 7.40716552734, 8.04571437836, 8.68426322937, 9.31120204926, 9.93814086914, 10.5766887665, 11.2152376175, 11.8421764374, 12.4691152573, 13.0960540771, 13.722992897, 14.3499317169, 14.9768705368, 15.6154193878, 16.2539672852, 16.8809070587, 17.5078449249, 18.1463947296, 18.784942627, 19.4118824005, 20.0504302979, 20.6889801025, 21.3159179688, 21.942855835, 22.5697956085, 23.1967334747, 23.8236732483, 24.4506111145, 25.0775508881, 25.7044887543, 26.3314285278, 26.9815864563, 27.620136261, 28.2470741272, 28.8856239319, 29.5125617981, 30.1394996643, 30.7664394379, 31.3933773041, 32.0319252014, 32.6704750061, 33.2974128723, 33.9243545532, 34.5512924194, 35.1782302856, 35.8167800903, 36.4437179565, 37.0822677612, 37.7208137512, 38.3593635559, 38.9863014221, 39.6248512268, 40.2634010315, 40.8903388977, 41.5172767639, 42.1442184448, 42.771156311, 43.3980941772, 44.0250320435, 44.6519737244]
},
"tonal": {
    "chords_changes_rate": 0.0329218097031,
    "chords_number_rate": 0.00617283955216,
    "chords_strength": {
        "mean": 0.59914958477,
        "var": 0.00839104969054
    },
    "hpcp_entropy": {
        "mean": 2.12206196785,
        "var": 0.474402368069
    },
    "key_strength": 0.768358647823,
    "tuning_diatonic_strength": 0.694911658764,
    "tuning_equal_tempered_deviation": 0.0374963916838,
    "tuning_frequency": 440.763122559,
    "tuning_nontempered_energy_ratio": 0.72101098299,
    "hpcp": {
        "mean": [0.161996603012, 0.115690365434, 0.0743337795138, 0.0743719339371, 0.0987022221088, 0.214108794928, 0.326401531696, 0.238795816898, 0.134834975004, 0.112004160881, 0.0867928266525, 0.112740308046, 0.14105206728, 0.113270498812, 0.108458660543, 0.131201773882, 0.108654297888, 0.0962869077921, 0.108688846231, 0.161528021097, 0.350772708654, 0.482680499554, 0.354646623135, 0.183236166835, 0.10914645344, 0.087851062417, 0.12146101892, 0.165695667267, 0.166805922985, 0.154724046588, 0.144265457988, 0.134436264634, 0.174452260137, 0.203262418509, 0.164363563061, 0.153945848346],
        "var": [0.0638457983732, 0.0344592221081, 0.0176047626883, 0.020500998944, 0.0311983469874, 0.0607882253826, 0.111910454929, 0.0700613707304, 0.0437537841499, 0.0384181551635, 0.024243498221, 0.033998824656, 0.0477605722845, 0.0302935969085, 0.0303331520408, 0.042682506144, 0.0312230084091, 0.0266075991094, 0.0323752202094, 0.041628472507, 0.103878892958, 0.122829787433, 0.105453498662, 0.0618360713124, 0.0358988195658, 0.0292016919702, 0.0375876836479, 0.0506718717515, 0.0542813688517, 0.0526766330004, 0.0498594269156, 0.0487612336874, 0.0564751438797, 0.0674262419343, 0.0513712204993, 0.0488223619759]
    },
    "chords_histogram": [50.4115219116, 0, 5.04115247726, 0, 2.36625504494, 0, 0, 0, 0, 0.205761313438, 0, 0, 0, 0, 0, 0, 0, 14.4032926559, 0, 0.411522626877, 0, 0, 20.4732513428, 6.68724298477],
    "thpcp": [1, 0.73474407196, 0.379622071981, 0.22612567246, 0.182006657124, 0.251638531685, 0.343282282352, 0.345582485199, 0.320551693439, 0.29888394475, 0.278520196676, 0.361423879862, 0.421111732721, 0.340522497892, 0.318939447403, 0.335618704557, 0.239683121443, 0.154002040625, 0.154081076384, 0.20448769629, 0.443582862616, 0.676226913929, 0.494728535414, 0.279346227646, 0.232046172023, 0.179814234376, 0.23357129097, 0.292226582766, 0.234669715166, 0.224700734019, 0.271819084883, 0.225106045604, 0.19948373735, 0.225177615881, 0.334647923708, 0.726718187332],
    "chords_key": "E",
    "chords_scale": "major",
    "key_key": "E",
    "key_scale": "major"
}
}