{
"lowlevel": {
    "average_loudness": 0.964692175388,
    "barkbands_crest": {
        "mean": 10.6477270126,
        "var": 26.1361217499
    },
    "barkbands_flatness_db": {
        "mean": 0.130319431424,
        "var": 0.00176972278859
    },
    "barkbands_kurtosis": {
        "mean": 1.91778588295,
        "var": 17.2283592224
    },
    "barkbands_skewness": {
        "mean": 1.07125210762,
        "var": 0.850489854813
    },
    "barkbands_spread": {
        "mean": 25.7368297577,
        "var": 163.261291504
    },
    "dissonance": {
        "mean": 0.463899642229,
        "var": 0.000812719634268
    },
    "dynamic_complexity": 1.6951931715,
    "erbbands_crest": {
        "mean": 10.9657773972,
        "var": 38.0589370728
    },
    "erbbands_flatness_db": {
        "mean": 0.164075985551,
        "var": 0.00193640030921
    },
    "erbbands_kurtosis": {
        "mean": 1.30692398548,
        "var": 13.4418258667
    },
    "erbbands_skewness": {
        "mean": 0.457713425159,
        "var": 0.84899687767
    },
    "erbbands_spread": {
        "mean": 35.8638648987,
        "var": 326.836303711
    },
    "hfc": {
        "mean": 32.1043395996,
        "var": 224.93927002
    },
    "melbands_crest": {
        "mean": 14.1570281982,
        "var": 37.5929412842
    },
    "melbands_flatness_db": {
        "mean": 0.15583665669,
        "var": 0.00310332048684
    },
    "melbands_kurtosis": {
        "mean": 8.25093364716,
        "var": 153.554992676
    },
    "melbands_skewness": {
        "mean": 2.011677742,
        "var": 2.23740005493
    },
    "melbands_spread": {
        "mean": 29.9695644379,
        "var": 274.108001709
    },
    "pitch_salience": {
        "mean": 0.539731502533,
        "var": 0.0160367470235
    },
    "silence_rate_20dB": {
        "mean": 1,
        "var": 0
    },
    "silence_rate_30dB": {
        "mean": 1,
        "var": 0
    },
    "silence_rate_60dB": {
        "mean": 0.00205973233096,
        "var": 0.00205550855026
    },
    "spectral_centroid": {
        "mean": 1599.33288574,
        "var": 226706.125
    },
    "spectral_complexity": {
        "mean": 23.0504627228,
        "var": 49.6883964539
    },
    "spectral_decrease": {
        "mean": -8.61233306892e-009,
        "var": 2.76980948349e-017
    },
    "spectral_energy": {
        "mean": 0.0354169048369,
        "var": 0.000413433561334
    },
    "spectral_energyband_high": {
        "mean": 0.00137891375925,
        "var": 1.07759387902e-006
    },
    "spectral_energyband_low": {
        "mean": 0.0105373896658,
        "var": 0.000337515753927
    },
    "spectral_energyband_middle_high": {
        "mean": 0.011647910811,
        "var": 0.000118435702461
    },
    "spectral_energyband_middle_low": {
        "mean": 0.0132337678224,
        "var": 8.92564057722e-005
    },
    "spectral_entropy": {
        "mean": 7.78978919983,
        "var": 0.0886844992638
    },
    "spectral_flux": {
        "mean": 0.103902384639,
        "var": 0.00186396995559
    },
    "spectral_kurtosis": {
        "mean": 2.65082907677,
        "var": 3.49292755127
    },
    "spectral_rms": {
        "mean": 0.00564546743408,
        "var": 2.68185908681e-006
    },
    "spectral_rolloff": {
        "mean": 1906.8548584,
        "var": 2083951.75
    },
    "spectral_skewness": {
        "mean": 1.28644359112,
        "var": 0.11814070493
    },
    "spectral_spread": {
        "mean": 5025633,
        "var": 1.95320387994e+012
    },
    "spectral_strongpeak": {
        "mean": 1.91758859158,
        "var": 4.27048778534
    },
    "zerocrossingrate": {
        "mean": 0.0762644037604,
        "var": 0.00123666448053
    },
    "barkbands": {
        "mean": [0.000288879411528, 0.00843340717256, 0.00128459197003, 0.00161452940665, 0.00289988121949, 0.00179488293361, 0.00070874451194, 0.00112699833699, 0.00354545633309, 0.00289100012742, 0.00354953715578, 0.000831444049254, 0.00109014951158, 0.000873149838299, 0.000456983660115, 0.000612382194959, 0.00124052714091, 0.000360338337487, 0.000299374980386, 0.000239307191805, 0.000331830640789, 0.000366565043805, 0.000253921927651, 0.000201369766728, 9.89809122984e-005, 2.268953358e-005, 1.35015876257e-009],
        "var": [3.12227513177e-007, 0.000274107849691, 9.76816590992e-006, 4.40498479293e-006, 1.20192253235e-005, 5.35209801455e-006, 9.13379096801e-007, 4.67156814921e-006, 3.05187968479e-005, 3.5404747905e-005, 8.37398547446e-005, 2.88809178528e-006, 3.52280903826e-006, 1.66595646078e-006, 4.64692277546e-007, 8.62801925905e-007, 3.83749693356e-006, 1.21771421391e-007, 6.52912035548e-008, 2.79993876973e-008, 7.77487798587e-008, 9.23385883311e-008, 3.66164236709e-008, 7.0168766797e-008, 5.85929633701e-008, 1.52027923583e-009, 4.54018626366e-017]
    },
    "erbbands": {
        "mean": [0.231434881687, 1.88819205761, 2.15320444107, 3.19718170166, 10.0375013351, 7.92367839813, 10.7564744949, 14.5188617706, 11.2448167801, 12.6843490601, 38.4730377197, 97.1606903076, 88.1564941406, 87.160987854, 125.056770325, 46.8615837097, 56.0703392029, 38.677154541, 34.6550521851, 26.9208431244, 52.053401947, 50.4498291016, 25.493888855, 15.7375202179, 14.7509937286, 11.6730642319, 12.6286334991, 13.1036834717, 14.1261634827, 9.72640419006, 7.07555341721, 4.66601610184, 3.04176068306, 1.43290817738, 0.544073283672, 0.165959432721, 0.0312251262367, 0.000762778916396, 5.23800954397e-005, 4.72283900308e-005],
        "var": [0.182798624039, 16.1939964294, 24.3814315796, 12.1692705154, 201.266937256, 78.2218856812, 165.772338867, 447.863800049, 274.792114258, 361.204772949, 3992.23095703, 24589.5761719, 38745.9414063, 23547.5234375, 106083.171875, 6371.17285156, 8693.77539063, 3123.42504883, 2157.66479492, 1530.81774902, 6324.63769531, 4482.86865234, 948.914245605, 155.668685913, 148.225158691, 62.4751281738, 116.136535645, 116.479904175, 133.897201538, 56.3113174438, 30.5577964783, 22.1384677887, 25.4360027313, 11.4407138824, 1.75463926792, 0.101013705134, 0.00234499410726, 1.34367257942e-006, 2.59954613391e-009, 5.30736621318e-010]
    },
    "gfcc": {
        "mean": [38.4483184814, 76.8184585571, -137.190078735, 37.1073799133, -75.7906341553, 27.1489505768, -39.6457557678, 14.152048111, -22.4540920258, -3.83784627914, -21.1626644135, 0.902110636234, -4.16732263565],
        "cov": [[1830.0793457, 59.3078727722, 14.1571416855, 150.309417725, -49.1394042969, 18.2926654816, -120.507751465, -48.5598068237, -67.3047866821, -16.1815719604, -96.1620559692, -5.0993514061, -88.5894317627], [59.3078727722, 770.883544922, 91.2891159058, 132.954223633, 335.390563965, 64.096572876, 170.748245239, -6.1464381218, 97.9133911133, -75.817741394, 61.3133354187, -28.195274353, 39.8804702759], [14.1571416855, 91.2891159058, 427.00994873, 318.803375244, 113.034324646, 18.1938419342, 10.7169389725, 67.0395278931, 54.6661682129, 29.6643867493, -28.7451381683, 2.0928208828, 6.64693260193], [150.309417725, 132.954223633, 318.803375244, 526.444702148, 140.357254028, -36.1234855652, -36.8879508972, 74.052520752, 98.3000335693, -11.3169803619, -8.45636749268, -11.7941141129, 41.3340682983], [-49.1394042969, 335.390563965, 113.034324646, 140.357254028, 363.492919922, 106.516616821, 113.629577637, 83.8707275391, 111.296524048, 5.55944490433, 44.7303771973, 26.0813789368, 49.3068885803], [18.2926654816, 64.096572876, 18.1938419342, -36.1234855652, 106.516616821, 216.03364563, 172.470962524, 19.0795135498, 2.14087891579, 22.2913761139, 52.2468299866, 14.6384963989, 2.94087767601], [-120.507751465, 170.748245239, 10.7169389725, -36.8879508972, 113.629577637, 172.470962524, 235.565826416, 42.205657959, 29.1265640259, 4.91468954086, 64.8957519531, 8.4291267395, 13.7269020081], [-48.5598068237, -6.1464381218, 67.0395278931, 74.052520752, 83.8707275391, 19.0795135498, 42.205657959, 142.847976685, 101.76714325, 34.3517379761, 24.5213413239, 17.1000347137, 29.8114624023], [-67.3047866821, 97.9133911133, 54.6661682129, 98.3000335693, 111.296524048, 2.14087891579, 29.1265640259, 101.76714325, 151.029266357, 45.7457618713, 25.8883838654, 3.68114376068, 37.7442893982], [-16.1815719604, -75.817741394, 29.6643867493, -11.3169803619, 5.55944490433, 22.2913761139, 4.91468954086, 34.3517379761, 45.7457618713, 100.039756775, 36.9102706909, 16.5637226105, -4.12795495987], [-96.1620559692, 61.3133354187, -28.7451381683, -8.45636749268, 44.7303771973, 52.2468299866, 64.8957519531, 24.5213413239, 25.8883838654, 36.9102706909, 113.450462341, 34.7401275635, 21.5528488159], [-5.0993514061, -28.195274353, 2.0928208828, -11.7941141129, 26.0813789368, 14.6384963989, 8.4291267395, 17.1000347137, 3.68114376068, 16.5637226105, 34.7401275635, 74.303276062, 31.7169208527], [-88.5894317627, 39.8804702759, 6.64693260193, 41.3340682983, 49.3068885803, 2.94087767601, 13.7269020081, 29.8114624023, 37.7442893982, -4.12795495987, 21.5528488159, 31.7169208527, 72.8887176514]],
        "icov": [[0.001091722399, -0.00167264696211, 0.0013449031394, -0.00131001370028, 0.00146907893941, -0.00244540022686, 0.00210718763992, -0.00204523419961, 0.00161844573449, -0.00177804997656, 0.00239788810723, -0.00213297014125, 0.00168716150802], [-0.00167264696211, 0.00817772280425, -0.00395200867206, 0.00307648116723, -0.00694109825417, 0.0076857060194, -0.0073182573542, 0.00963649805635, -0.00753223383799, 0.00839352793992, -0.00781491305679, 0.00615910952911, -0.0020627649501], [0.0013449031394, -0.00395200867206, 0.00811550021172, -0.00581305567175, 0.00262856879272, -0.00401940196753, 0.00227750441991, -0.00607602484524, 0.00619342504069, -0.00788428261876, 0.00785101391375, -0.00505829043686, 0.00301941973157], [-0.00131001370028, 0.00307648116723, -0.00581305567175, 0.00685580726713, -0.00302515458316, 0.00338662718423, -0.00104641646612, 0.00392684433609, -0.00539753818884, 0.00649433396757, -0.00614663399756, 0.00506521807984, -0.00335614336655], [0.00146907893941, -0.00694109825417, 0.00262856879272, -0.00302515458316, 0.0111685572192, -0.0091596134007, 0.00617395434529, -0.00758721958846, 0.00202063866891, -0.00439354963601, 0.00610571866855, -0.00685716979206, 0.00169717916287], [-0.00244540022686, 0.0076857060194, -0.00401940196753, 0.00338662718423, -0.0091596134007, 0.0221404619515, -0.0173417609185, 0.00924382172525, -0.00218694005162, 0.00279381521977, -0.00741724390537, 0.00643782224506, -0.00326064229012], [0.00210718763992, -0.0073182573542, 0.00227750441991, -0.00104641646612, 0.00617395434529, -0.0173417609185, 0.0207933243364, -0.0103601692244, 0.0038056941703, -0.00190586398821, 0.00251159328036, -0.00361267128028, 0.0025462100748], [-0.00204523419961, 0.00963649805635, -0.00607602484524, 0.00392684433609, -0.00758721958846, 0.00924382172525, -0.0103601692244, 0.0263517312706, -0.0189101602882, 0.0102670118213, -0.00908388849348, 0.00410925038159, -0.00222654291429], [0.00161844573449, -0.00753223383799, 0.00619342504069, -0.00539753818884, 0.00202063866891, -0.00218694005162, 0.0038056941703, -0.0189101602882, 0.0290986485779, -0.0179530251771, 0.00869744922966, 0.000254667800618, -0.00444442918524], [-0.00177804997656, 0.00839352793992, -0.00788428261876, 0.00649433396757, -0.00439354963601, 0.00279381521977, -0.00190586398821, 0.0102670118213, -0.0179530251771, 0.0287009682506, -0.0151190012693, 0.00333726918325, 0.00324231036939], [0.00239788810723, -0.00781491305679, 0.00785101391375, -0.00614663399756, 0.00610571866855, -0.00741724390537, 0.00251159328036, -0.00908388849348, 0.00869744922966, -0.0151190012693, 0.0244212951511, -0.0122594190761, 0.00212447112426], [-0.00213297014125, 0.00615910952911, -0.00505829043686, 0.00506521807984, -0.00685716979206, 0.00643782224506, -0.00361267128028, 0.00410925038159, 0.000254667800618, 0.00333726918325, -0.0122594190761, 0.0279199071229, -0.0134618105367], [0.00168716150802, -0.0020627649501, 0.00301941973157, -0.00335614336655, 0.00169717916287, -0.00326064229012, 0.0025462100748, -0.00222654291429, -0.00444442918524, 0.00324231036939, 0.00212447112426, -0.0134618105367, 0.0256559327245]]
    },
    "melbands": {
        "mean": [0.0022803649772, 0.00166005804203, 0.000792864477262, 0.000685232225806, 0.000361876707757, 0.000329102418618, 0.000167286692886, 0.000142270262586, 0.000400780380005, 0.000565407797694, 0.00041769418749, 0.000317457888741, 0.000529452459887, 9.93004723568e-005, 0.000129833657411, 9.34060954023e-005, 7.31250765966e-005, 6.2788487412e-005, 3.15854158544e-005, 3.65086634702e-005, 7.45075230952e-005, 6.08176123933e-005, 3.77675023628e-005, 1.43903416756e-005, 1.24206217151e-005, 1.06367542685e-005, 1.00167362689e-005, 6.85606255502e-006, 7.86313739809e-006, 7.2866928349e-006, 7.3983310358e-006, 7.93765048002e-006, 7.15443547961e-006, 4.88268096888e-006, 4.47259390057e-006, 3.13597979584e-006, 2.66185497821e-006, 2.18243781092e-006, 1.67237590176e-006, 1.07383266368e-006],
        "var": [1.85442204383e-005, 1.25970545923e-005, 7.94973118445e-007, 7.13451754564e-007, 1.57154687486e-007, 2.15768949374e-007, 5.93345106381e-008, 5.11742506148e-008, 3.77873021762e-007, 8.34941374706e-007, 9.97570396066e-007, 3.68263187056e-007, 2.06527602131e-006, 3.2685672835e-008, 3.82128533261e-008, 2.32614869589e-008, 1.32201778413e-008, 9.70106306397e-009, 2.4188944181e-009, 3.18378368114e-009, 1.69477374357e-008, 6.32383923005e-009, 5.17446574477e-009, 1.4241187396e-010, 1.18804105442e-010, 8.23387122373e-011, 6.28097504562e-011, 2.65266940358e-011, 4.81051552759e-011, 5.5217712347e-011, 3.72515802927e-011, 4.70482749981e-011, 4.48875936421e-011, 1.48681136847e-011, 1.5683003507e-011, 7.25324661444e-012, 9.65370665351e-012, 1.29825577372e-011, 1.195893818e-011, 7.7450311789e-012]
    },
    "mfcc": {
        "mean": [-592.037841797, 94.632232666, -2.49158525467, 10.7792863846, -4.33511686325, 5.2204914093, -5.72884225845, 11.0542116165, 5.00773715973, -0.307630896568, -3.80979323387, -1.89569759369, -5.91619110107],
        "cov": [[1288.95861816, -18.0002326965, 40.9893379211, 60.444934845, 12.1753110886, 29.1681804657, -66.0751647949, -44.7989463806, -55.2288208008, -86.3495635986, -32.5104484558, 16.4211521149, -13.3218069077], [-18.0002326965, 686.268859863, -123.471603394, 47.1059761047, 123.083198547, 133.461532593, 113.369285583, 119.412384033, 56.8701019287, 27.6152801514, 36.5774078369, 19.099943161, 24.1004886627], [40.9893379211, -123.471603394, 358.504547119, 220.452453613, 55.9763031006, 24.9410324097, -4.02268028259, 1.52257573605, 33.5968780518, 21.0947742462, -2.19862914085, -0.404961049557, -2.43378901482], [60.444934845, 47.1059761047, 220.452453613, 438.412750244, 233.971679688, -2.68568539619, -49.603225708, 49.6360359192, 90.320892334, 49.8701782227, -27.5004653931, 6.53189992905, 39.1484718323], [12.1753110886, 123.083198547, 55.9763031006, 233.971679688, 270.158447266, 36.5933952332, -6.26853704453, 65.5150604248, 92.3721313477, 59.0182495117, 5.58337259293, 12.2683238983, 42.9205360413], [29.1681804657, 133.461532593, 24.9410324097, -2.68568539619, 36.5933952332, 187.132217407, 127.502586365, 57.2612953186, 21.7551269531, 14.7195854187, 32.6694908142, 17.6923084259, 10.3503580093], [-66.0751647949, 113.369285583, -4.02268028259, -49.603225708, -6.26853704453, 127.502586365, 191.305587769, 86.3349609375, 5.87035608292, 14.4826545715, 35.4446868896, 35.5394287109, 21.451467514], [-44.7989463806, 119.412384033, 1.52257573605, 49.6360359192, 65.5150604248, 57.2612953186, 86.3349609375, 131.626327515, 67.8366317749, 33.038898468, 18.5605545044, 23.2217140198, 27.7973575592], [-55.2288208008, 56.8701019287, 33.5968780518, 90.320892334, 92.3721313477, 21.7551269531, 5.87035608292, 67.8366317749, 121.813972473, 64.353012085, 18.6872024536, 9.90782165527, 16.696559906], [-86.3495635986, 27.6152801514, 21.0947742462, 49.8701782227, 59.0182495117, 14.7195854187, 14.4826545715, 33.038898468, 64.353012085, 104.423042297, 50.0393867493, 15.6554498672, 9.50264072418], [-32.5104484558, 36.5774078369, -2.19862914085, -27.5004653931, 5.58337259293, 32.6694908142, 35.4446868896, 18.5605545044, 18.6872024536, 50.0393867493, 90.7693634033, 47.2892379761, 8.87565517426], [16.4211521149, 19.099943161, -0.404961049557, 6.53189992905, 12.2683238983, 17.6923084259, 35.5394287109, 23.2217140198, 9.90782165527, 15.6554498672, 47.2892379761, 83.4309539795, 40.6727409363], [-13.3218069077, 24.1004886627, -2.43378901482, 39.1484718323, 42.9205360413, 10.3503580093, 21.451467514, 27.7973575592, 16.696559906, 9.50264072418, 8.87565517426, 40.6727409363, 75.4495315552]],
        "icov": [[0.000918852805626, 2.17610813706e-005, -9.07367029868e-006, -0.000142702410812, -7.57863817853e-005, -0.000747284386307, 0.000859607185703, -0.000207813936868, 0.00040828899364, 0.000656823161989, 0.000190253325854, -0.000811904843431, 0.000449046085123], [2.17610813706e-005, 0.00231357454322, 0.00142468186095, -0.000860586413182, -0.000406776263844, -0.00118738529272, -0.00029144337168, -0.0010791674722, 7.71991017245e-006, 0.000710806576535, -0.00110251375008, 0.000597154255956, 0.000348612462403], [-9.07367029868e-006, 0.00142468186095, 0.0059186485596, -0.00459821661934, 0.00201344839297, -0.00140972994268, -0.00137447274756, 0.00113819958642, -0.00113671761937, 0.000941556005273, -0.00201825541444, 0.000952372560278, 0.000996555783786], [-0.000142702410812, -0.000860586413182, -0.00459821661934, 0.00845992565155, -0.00531836645678, 0.000868254806846, 0.00232365983538, -0.00156426639296, 0.000661440135445, -0.00208664848469, 0.00446414435282, -0.00233221217059, -0.000617732759565], [-7.57863817853e-005, -0.000406776263844, 0.00201344839297, -0.00531836645678, 0.00996482558548, -0.0021092472598, 0.00124710646924, -0.000601672218181, -0.00234060385264, -0.00118980894331, -0.00103623792529, 0.0015049102949, -0.00259268120863], [-0.000747284386307, -0.00118738529272, -0.00140972994268, 0.000868254806846, -0.0021092472598, 0.0127722863108, -0.00929703190923, 0.0029542457778, -0.00275159045123, 0.002021467546, -0.00296183838509, 0.00271280971356, -5.69567464481e-006], [0.000859607185703, -0.00029144337168, -0.00137447274756, 0.00232365983538, 0.00124710646924, -0.00929703190923, 0.0177999921143, -0.0106501206756, 0.00663544330746, -0.00295436615124, 0.00213518901728, -0.00425868062302, -0.000627980916761], [-0.000207813936868, -0.0010791674722, 0.00113819958642, -0.00156426639296, -0.000601672218181, 0.0029542457778, -0.0106501206756, 0.0202293135226, -0.0106176687405, 0.00240852404386, -0.00036937565892, 0.000553199613933, -0.00154004746582], [0.00040828899364, 7.71991017245e-006, -0.00113671761937, 0.000661440135445, -0.00234060385264, -0.00275159045123, 0.00663544330746, -0.0106176687405, 0.02072988078, -0.00953219924122, 0.00281310966238, -0.00163775577676, 0.000589035218582], [0.000656823161989, 0.000710806576535, 0.000941556005273, -0.00208664848469, -0.00118980894331, 0.002021467546, -0.00295436615124, 0.00240852404386, -0.00953219924122, 0.0225054491311, -0.0137391835451, 0.00517110759392, -0.00054229615489], [0.000190253325854, -0.00110251375008, -0.00201825541444, 0.00446414435282, -0.00103623792529, -0.00296183838509, 0.00213518901728, -0.00036937565892, 0.00281310966238, -0.0137391835451, 0.0282837431878, -0.0164935085922, 0.00520102214068], [-0.000811904843431, 0.000597154255956, 0.000952372560278, -0.00233221217059, 0.0015049102949, 0.00271280971356, -0.00425868062302, 0.000553199613933, -0.00163775577676, 0.00517110759392, -0.0164935085922, 0.0277988761663, -0.0126487202942], [0.000449046085123, 0.000348612462403, 0.000996555783786, -0.000617732759565, -0.00259268120863, -5.69567464481e-006, -0.000627980916761, -0.00154004746582, 0.000589035218582, -0.00054229615489, 0.00520102214068, -0.0126487202942, 0.0219407808036]]
    },
    "spectral_contrast_coeffs": {
        "mean": [-0.640583693981, -0.729476511478, -0.69355994463, -0.756392478943, -0.77506506443, -0.744836449623],
        "var": [0.00734711997211, 0.00445768935606, 0.00607318338007, 0.00256477086805, 0.0012171221897, 0.000578909064643]
    },
    "spectral_contrast_valleys": {
        "mean": [-7.34034729004, -6.55374908447, -6.98396730423, -7.37070035934, -7.09678649902, -9.38239097595],
        "var": [0.887790024281, 0.510923743248, 0.476752102375, 0.434226214886, 0.390472739935, 0.456619292498]
    }
},
"metadata": {
    "audio_properties": {
        "analysis_sample_rate": 44100,
        "bit_rate": 128074,
        "equal_loudness": 0,
        "length": 45.0612258911,
        "lossless": 0,
        "replay_gain": -4.50755500793,
        "sample_rate": 44100,
        "codec": "mp3",
        "downmix": "mix",
        "md5_encoded": "0c053d82efe88617b15195c60052efb4"
    },
    "tags": {
        "file_name": "1206.mp3"
    },
    "version": {
        "essentia": "2.1-beta2",
        "essentia_git_sha": "v2.1_beta2",
        "extractor": "music 1.0"
    }
},
"rhythm": {
    "beats_count": 101,
    "beats_loudness": {
        "mean": 0.0471707247198,
        "var": 0.000302984321024
    },
    "bpm": 136.069381714,
    "bpm_histogram_first_peak_bpm": {
        "mean": 136,
        "var": 0
    },
    "bpm_histogram_first_peak_spread": {
        "mean": 0.357142865658,
        "var": 0
    },
    "bpm_histogram_first_peak_weight": {
        "mean": 0.629999995232,
        "var": 0
    },
    "bpm_histogram_second_peak_bpm": {
        "mean": 129,
        "var": 0
    },
    "bpm_histogram_second_peak_spread": {
        "mean": 0,
        "var": 0
    },
    "bpm_histogram_second_peak_weight": {
        "mean": 0.019999999553,
        "var": 0
    },
    "danceability": 1.25427508354,
    "onset_rate": 2.15165662766,
    "beats_loudness_band_ratio": {
        "mean": [0.432340919971, 0.162122964859, 0.185630232096, 0.167687654495, 0.0836087986827, 0.0490493625402],
        "var": [0.0789246559143, 0.0197876058519, 0.0180655531585, 0.0292259380221, 0.00752729410306, 0.00193290563766]
    },
    "beats_position": [0.406349211931, 0.835918366909, 1.27709746361, 1.71827661991, 2.15945577621, 2.61224484444, 3.06503391266, 3.50621318817, 3.95900225639, 4.40018129349, 4.82975053787, 5.27092981339, 5.71210861206, 6.15328788757, 6.59446716309, 7.03564596176, 7.47682523727, 7.91800451279, 8.35918331146, 8.80036258698, 9.24154186249, 9.682721138, 10.1239004135, 10.5650787354, 11.0062580109, 11.4358272552, 11.8653964996, 12.3065757751, 12.7361450195, 13.177324295, 13.6185035706, 14.0712919235, 14.512471199, 14.9536504745, 15.3948297501, 15.8360090256, 16.2771873474, 16.7183666229, 17.1595458984, 17.6239452362, 18.0651245117, 18.4946937561, 18.9242630005, 19.365442276, 19.8066215515, 20.247800827, 20.6889801025, 21.1417675018, 21.5945568085, 22.0473461151, 22.4885253906, 22.9413146973, 23.3824939728, 23.8236732483, 24.2648525238, 24.7060317993, 25.1472110748, 25.5767803192, 26.0063495636, 26.4475269318, 26.8887062073, 27.3298854828, 27.7710647583, 28.2122440338, 28.6534233093, 29.0946025848, 29.5241718292, 29.9537410736, 30.3949203491, 30.8360996246, 31.2888889313, 31.7416782379, 32.1828575134, 32.6240348816, 33.0768241882, 33.5296134949, 33.9824028015, 34.4351921082, 34.8763694763, 35.329158783, 35.7587280273, 36.1999092102, 36.6410865784, 37.0706558228, 37.5002250671, 37.9297943115, 38.3709754944, 38.8005447388, 39.2417221069, 39.6712913513, 40.1008605957, 40.5420417786, 40.9832191467, 41.4243965149, 41.8655776978, 42.3067550659, 42.7595443726, 43.2007255554, 43.6419029236, 44.0946922302, 44.5590934753]
},
"tonal": {
    "chords_changes_rate": 0.0648148134351,
    "chords_number_rate": 0.0123456791043,
    "chords_strength": {
        "mean": 0.540380239487,
        "var": 0.00533589022234
    },
    "hpcp_entropy": {
        "mean": 1.79673087597,
        "var": 0.551106154919
    },
    "key_strength": 0.659141242504,
    "tuning_diatonic_strength": 0.595992803574,
    "tuning_equal_tempered_deviation": 0.0567384697497,
    "tuning_frequency": 441.272583008,
    "tuning_nontempered_energy_ratio": 0.729840457439,
    "hpcp": {
        "mean": [0.182289227843, 0.147306382656, 0.0715912804008, 0.0518683493137, 0.057080578059, 0.107621014118, 0.192817792296, 0.168803155422, 0.110101610422, 0.119873538613, 0.0921641364694, 0.0566894747317, 0.0577271990478, 0.0762128904462, 0.151823222637, 0.238956421614, 0.210225254297, 0.128377899528, 0.0848835706711, 0.079142563045, 0.199250742793, 0.327779978514, 0.269513100386, 0.198576837778, 0.152844786644, 0.0714653134346, 0.0531712323427, 0.0742071345448, 0.104868099093, 0.218765541911, 0.302515745163, 0.18910343945, 0.0836140140891, 0.0743210315704, 0.0649102777243, 0.112320378423],
        "var": [0.0715660601854, 0.0491581559181, 0.0216352697462, 0.0177890360355, 0.0201729666442, 0.029149485752, 0.0768153443933, 0.0728844851255, 0.030718497932, 0.0461652204394, 0.0315087065101, 0.017130676657, 0.0176462046802, 0.0253278370947, 0.0434492789209, 0.0786171630025, 0.070898450911, 0.0400862134993, 0.0296794082969, 0.0274591073394, 0.0636000558734, 0.133056238294, 0.0895401313901, 0.079291254282, 0.0622919127345, 0.0215204712003, 0.0123575953767, 0.0191756114364, 0.0348123311996, 0.0818709656596, 0.13283623755, 0.0649954229593, 0.0206890553236, 0.0232749525458, 0.0177105013281, 0.0393828190863]
    },
    "chords_histogram": [18.5185184479, 22.6337451935, 15.5349798203, 0, 6.27572011948, 0, 4.83539104462, 1.64609050751, 7.40740728378, 0, 0, 0, 0, 0, 0, 0.102880656719, 0, 1.13168728352, 0, 5.96707820892, 0, 3.70370364189, 8.12757205963, 4.11522626877],
    "thpcp": [1, 0.822237849236, 0.60582357645, 0.466302990913, 0.218028306961, 0.162216231227, 0.226393133402, 0.319934427738, 0.66741579771, 0.922923207283, 0.576921880245, 0.255091875792, 0.22674061358, 0.198030024767, 0.342670053244, 0.556132912636, 0.449406296015, 0.218412607908, 0.15824136138, 0.174142971635, 0.328333079815, 0.588253736496, 0.514989197254, 0.335900962353, 0.36571341753, 0.281176835299, 0.172949776053, 0.176115691662, 0.23251233995, 0.463186383247, 0.729014694691, 0.641360878944, 0.391658753157, 0.258965075016, 0.24145026505, 0.607879519463],
    "chords_key": "E",
    "chords_scale": "minor",
    "key_key": "C",
    "key_scale": "major"
}
}