{
"lowlevel": {
    "average_loudness": 0.53367292881,
    "barkbands_crest": {
        "mean": 12.5455093384,
        "var": 27.034444809
    },
    "barkbands_flatness_db": {
        "mean": 0.211984887719,
        "var": 0.00463328463957
    },
    "barkbands_kurtosis": {
        "mean": 7.67035627365,
        "var": 541.144775391
    },
    "barkbands_skewness": {
        "mean": 1.5775744915,
        "var": 2.70376610756
    },
    "barkbands_spread": {
        "mean": 15.0503129959,
        "var": 138.764785767
    },
    "dissonance": {
        "mean": 0.4226757586,
        "var": 0.00325776310638
    },
    "dynamic_complexity": 4.69755983353,
    "erbbands_crest": {
        "mean": 12.3663158417,
        "var": 33.9368438721
    },
    "erbbands_flatness_db": {
        "mean": 0.250559806824,
        "var": 0.00306577794254
    },
    "erbbands_kurtosis": {
        "mean": 3.2453827858,
        "var": 99.034072876
    },
    "erbbands_skewness": {
        "mean": 0.887748420238,
        "var": 1.78841543198
    },
    "erbbands_spread": {
        "mean": 28.531665802,
        "var": 316.891571045
    },
    "hfc": {
        "mean": 13.5865859985,
        "var": 308.992156982
    },
    "melbands_crest": {
        "mean": 15.4946012497,
        "var": 37.1591033936
    },
    "melbands_flatness_db": {
        "mean": 0.243483036757,
        "var": 0.00681280624121
    },
    "melbands_kurtosis": {
        "mean": 13.5371541977,
        "var": 629.021057129
    },
    "melbands_skewness": {
        "mean": 2.29582190514,
        "var": 3.1376478672
    },
    "melbands_spread": {
        "mean": 20.8852367401,
        "var": 488.812286377
    },
    "pitch_salience": {
        "mean": 0.527031123638,
        "var": 0.0207073912024
    },
    "silence_rate_20dB": {
        "mean": 1,
        "var": 0
    },
    "silence_rate_30dB": {
        "mean": 1,
        "var": 0
    },
    "silence_rate_60dB": {
        "mean": 0.229145213962,
        "var": 0.176640838385
    },
    "spectral_centroid": {
        "mean": 1338.12414551,
        "var": 554943
    },
    "spectral_complexity": {
        "mean": 10.0293512344,
        "var": 67.9706573486
    },
    "spectral_decrease": {
        "mean": -3.21033954975e-009,
        "var": 1.20636773269e-017
    },
    "spectral_energy": {
        "mean": 0.0133489249274,
        "var": 0.000209089557757
    },
    "spectral_energyband_high": {
        "mean": 0.000323389132973,
        "var": 6.89776186391e-007
    },
    "spectral_energyband_low": {
        "mean": 4.57697751699e-005,
        "var": 1.43035236988e-008
    },
    "spectral_energyband_middle_high": {
        "mean": 0.00431192200631,
        "var": 3.20794642903e-005
    },
    "spectral_energyband_middle_low": {
        "mean": 0.00875166710466,
        "var": 0.000105477556644
    },
    "spectral_entropy": {
        "mean": 6.9041929245,
        "var": 0.494527757168
    },
    "spectral_flux": {
        "mean": 0.0565702877939,
        "var": 0.0015413404908
    },
    "spectral_kurtosis": {
        "mean": 6.11607456207,
        "var": 20.3067817688
    },
    "spectral_rms": {
        "mean": 0.00310105760582,
        "var": 3.40676820088e-006
    },
    "spectral_rolloff": {
        "mean": 1751.73022461,
        "var": 3124821.75
    },
    "spectral_skewness": {
        "mean": 1.74508476257,
        "var": 0.434820115566
    },
    "spectral_spread": {
        "mean": 3971707.75,
        "var": 1.86027697766e+012
    },
    "spectral_strongpeak": {
        "mean": 1.19058763981,
        "var": 1.30547595024
    },
    "zerocrossingrate": {
        "mean": 0.0602361038327,
        "var": 0.00195918907411
    },
    "barkbands": {
        "mean": [4.54713153886e-006, 5.54893449589e-006, 1.8097613065e-005, 6.0924954596e-005, 0.000810342258774, 0.00340366084129, 0.00158357841428, 0.00126532732975, 0.0014743359061, 0.0003909910738, 0.000782527495176, 0.00071945640957, 0.000593770120759, 0.000608160102274, 0.000106906132714, 0.000175070526893, 0.000215186199057, 0.000289326824713, 0.00039352857857, 0.000172523883521, 5.63669200346e-005, 4.41425218014e-005, 5.77297687414e-005, 4.11183573306e-005, 6.10635615885e-005, 1.45015828821e-005, 1.84182979979e-007],
        "var": [5.1615434149e-011, 7.89876219986e-011, 5.70655611654e-009, 3.34815588587e-008, 4.66567507829e-006, 2.82296623482e-005, 1.65707315318e-005, 9.94906713458e-006, 7.36658921596e-006, 1.75032005245e-006, 3.34051878781e-006, 3.50235563928e-006, 2.09471636481e-006, 2.634770226e-006, 1.42704777772e-007, 1.90761568319e-007, 2.57397431369e-007, 3.30919107228e-007, 6.74535499456e-007, 1.14820075225e-007, 3.5058246084e-008, 1.1969590652e-008, 2.14717079672e-008, 1.88870750151e-008, 1.65212782122e-007, 1.00569490513e-008, 8.18257137394e-013]
    },
    "erbbands": {
        "mean": [0.00029174721567, 0.00110238429625, 0.0152792064473, 0.114225082099, 0.57633459568, 3.75746321678, 17.9561634064, 25.3787345886, 17.7897777557, 33.1880722046, 31.5860176086, 29.6837043762, 17.7670574188, 19.5956306458, 29.8669910431, 29.1433010101, 25.4432106018, 35.8317832947, 9.18117141724, 6.98973655701, 11.0918054581, 13.0203733444, 16.0656089783, 17.4729957581, 18.8787059784, 7.78297519684, 2.8822414875, 1.97750496864, 1.27554929256, 2.09129142761, 1.52945637703, 0.822365164757, 0.742511093616, 0.564659714699, 0.488046199083, 0.0387442149222, 0.0271077118814, 0.00774144474417, 0.00013648183085, 2.11281058e-005],
        "var": [2.07995142887e-007, 7.39445476938e-006, 0.00349985365756, 0.0882888808846, 2.1594979763, 121.948730469, 1335.08825684, 1331.45227051, 1713.1385498, 5681.51464844, 5162.17724609, 3623.33447266, 2012.63598633, 2392.66308594, 4089.74365234, 4886.07617188, 3128.24560547, 7136.33740234, 1101.83081055, 484.880493164, 649.407775879, 829.954406738, 1088.92456055, 1150.38256836, 1468.1628418, 225.943405151, 89.8042755127, 47.0412864685, 9.18245315552, 18.1821212769, 23.3536605835, 3.98392796516, 12.5309295654, 11.8334197998, 11.4038610458, 0.0314840078354, 0.0404132120311, 0.00375135499053, 9.24937182845e-007, 1.81771719898e-009]
    },
    "gfcc": {
        "mean": [-115.294059753, 60.4802322388, -159.815338135, -5.14434719086, -96.0889129639, -15.0469970703, -50.7712898254, 3.40105295181, -23.5676670074, 4.03854513168, 7.91064453125, 10.6507940292, -8.75603199005],
        "cov": [[14544.1992188, -952.891601563, -2611.37792969, -946.764648438, -636.009399414, -525.506835938, -845.937988281, -211.227340698, -664.190429688, -607.811096191, -7.8210811615, -179.186096191, -570.074584961], [-952.891601563, 1808.13049316, 442.500549316, -67.3589172363, 210.774291992, -366.950042725, -37.105846405, -188.442428589, -36.7938995361, -361.68536377, 70.0529556274, -99.0484390259, -72.4923400879], [-2611.37792969, 442.500549316, 1408.0390625, 481.887268066, 212.71762085, -92.2753829956, -94.7820053101, 43.6999816895, -60.9027481079, -0.800627708435, -104.420822144, 9.88485527039, 79.8136901855], [-946.764648438, -67.3589172363, 481.887268066, 959.083618164, 231.682891846, -244.116699219, -178.263412476, 117.986991882, 99.0110321045, -1.46378898621, -140.460739136, -127.833557129, 53.2652397156], [-636.009399414, 210.774291992, 212.71762085, 231.682891846, 457.553955078, -27.6261253357, -146.775604248, 49.9478340149, 39.5052070618, -62.6796836853, -79.0375747681, -107.880989075, -107.047431946], [-525.506835938, -366.950042725, -92.2753829956, -244.116699219, -27.6261253357, 453.415802002, 211.840362549, -20.8873500824, -1.20200932026, 138.745315552, 26.1917667389, 80.0361633301, -7.84075117111], [-845.937988281, -37.105846405, -94.7820053101, -178.263412476, -146.775604248, 211.840362549, 400.935302734, 44.2978134155, 28.2874755859, 89.8156356812, 36.544960022, 64.7214584351, 60.2646369934], [-211.227340698, -188.442428589, 43.6999816895, 117.986991882, 49.9478340149, -20.8873500824, 44.2978134155, 272.194335938, 99.8298416138, 40.9792480469, -71.1183929443, -47.7859725952, -0.567518770695], [-664.190429688, -36.7938995361, -60.9027481079, 99.0110321045, 39.5052070618, -1.20200932026, 28.2874755859, 99.8298416138, 281.747436523, 119.965888977, -24.5250339508, -34.8121147156, 35.5794677734], [-607.811096191, -361.68536377, -0.800627708435, -1.46378898621, -62.6796836853, 138.745315552, 89.8156356812, 40.9792480469, 119.965888977, 317.554168701, 43.0054512024, 63.9477157593, 80.4646987915], [-7.8210811615, 70.0529556274, -104.420822144, -140.460739136, -79.0375747681, 26.1917667389, 36.544960022, -71.1183929443, -24.5250339508, 43.0054512024, 213.242630005, 99.1610412598, 1.06952989101], [-179.186096191, -99.0484390259, 9.88485527039, -127.833557129, -107.880989075, 80.0361633301, 64.7214584351, -47.7859725952, -34.8121147156, 63.9477157593, 99.1610412598, 213.819351196, 116.412345886], [-570.074584961, -72.4923400879, 79.8136901855, 53.2652397156, -107.047431946, -7.84075117111, 60.2646369934, -0.567518770695, 35.5794677734, 80.4646987915, 1.06952989101, 116.412345886, 252.621414185]],
        "icov": [[0.000277566199657, -4.15522881667e-005, 0.000551773293409, 1.28137235151e-005, 0.000493526866194, 0.000109325752419, 0.000756450637709, -0.000282553461147, 0.000680993718561, -3.63031213055e-005, 0.000443466473371, -0.00024131234386, 0.000493818719406], [-4.15522881667e-005, 0.00202349666506, -0.00106165977195, 0.0010431924602, -0.00135904352646, 0.00205160747282, -0.00180190696847, 0.00186177203432, -0.00147229467984, 0.00195454293862, -0.00141591392457, 0.00113859958947, -0.000409703410696], [0.000551773293409, -0.00106165977195, 0.00255796918646, -0.000917980680242, 0.00118577468675, -0.00068149814615, 0.00223312410526, -0.00146422861144, 0.00254681915976, -0.00123038270976, 0.00188866280951, -0.00146963470615, 0.000973623187747], [1.28137235151e-005, 0.0010431924602, -0.000917980680242, 0.00240732962266, -0.00120702653658, 0.00176891381852, -0.000600701780058, 0.000653852475807, -0.00089597213082, 0.000644767540507, -0.000425415113568, 0.00139188556932, -0.000919871090446], [0.000493526866194, -0.00135904352646, 0.00118577468675, -0.00120702653658, 0.00527339940891, -0.00216548144817, 0.00360251637176, -0.0019936519675, 0.001265291241, -0.00051367940614, 0.00176232482772, -0.000722386641428, 0.0022179116495], [0.000109325752419, 0.00205160747282, -0.00068149814615, 0.00176891381852, -0.00216548144817, 0.00657895579934, -0.00354613107629, 0.00251736817881, -0.000647003413178, -3.50789014192e-005, 0.000227515076404, -0.000651339069009, 0.00121744954959], [0.000756450637709, -0.00180190696847, 0.00223312410526, -0.000600701780058, 0.00360251637176, -0.00354613107629, 0.00777109758928, -0.00348866148852, 0.00267701339908, -0.00128650735132, 0.00156775070354, -0.000882452528458, 0.000598636223003], [-0.000282553461147, 0.00186177203432, -0.00146422861144, 0.000653852475807, -0.0019936519675, 0.00251736817881, -0.00348866148852, 0.00695066992193, -0.00319544156082, 0.00122333911713, -9.12160467124e-005, 0.000939531309996, -6.96028291713e-005], [0.000680993718561, -0.00147229467984, 0.00254681915976, -0.00089597213082, 0.001265291241, -0.000647003413178, 0.00267701339908, -0.00319544156082, 0.00814305525273, -0.00359917944297, 0.00190259621013, -0.00011335452291, 0.000412526511354], [-3.63031213055e-005, 0.00195454293862, -0.00123038270976, 0.000644767540507, -0.00051367940614, -3.50789014192e-005, -0.00128650735132, 0.00122333911713, -0.00359917944297, 0.00732037471607, -0.00273859500885, 0.00102541851811, -0.00146307295654], [0.000443466473371, -0.00141591392457, 0.00188866280951, -0.000425415113568, 0.00176232482772, 0.000227515076404, 0.00156775070354, -9.12160467124e-005, 0.00190259621013, -0.00273859500885, 0.00946386251599, -0.00552454590797, 0.00357712991536], [-0.00024131234386, 0.00113859958947, -0.00146963470615, 0.00139188556932, -0.000722386641428, -0.000651339069009, -0.000882452528458, 0.000939531309996, -0.00011335452291, 0.00102541851811, -0.00552454590797, 0.0116663295776, -0.00582398846745], [0.000493818719406, -0.000409703410696, 0.000973623187747, -0.000919871090446, 0.0022179116495, 0.00121744954959, 0.000598636223003, -6.96028291713e-005, 0.000412526511354, -0.00146307295654, 0.00357712991536, -0.00582398846745, 0.00875285919756]]
    },
    "melbands": {
        "mean": [2.24339396482e-006, 5.39731536264e-006, 2.96879279631e-005, 0.000125821621623, 0.00053116917843, 0.000591619464103, 0.000292158365482, 0.000341792649124, 0.000280542997643, 0.000176710498636, 8.37666375446e-005, 7.24049095879e-005, 0.000108019936306, 8.06382886367e-005, 7.66011216911e-005, 5.65121699765e-005, 6.63261453155e-005, 1.56584901561e-005, 9.0407074822e-006, 9.03102227312e-006, 1.35640666485e-005, 1.24876196423e-005, 1.39058683999e-005, 1.48065746544e-005, 1.37359693326e-005, 1.59275223268e-005, 1.03065503936e-005, 3.80461983696e-006, 1.98142856789e-006, 9.99444523586e-007, 1.18446439501e-006, 6.58577789636e-007, 8.90338299087e-007, 1.26890495267e-006, 9.58672103479e-007, 5.97658527113e-007, 4.42480825313e-007, 5.77629350573e-007, 2.74637500297e-007, 6.02976399477e-007],
        "var": [1.06208999928e-011, 4.79063511083e-010, 6.80518397189e-009, 1.39106177244e-007, 1.04143236968e-006, 7.25173833871e-007, 4.75892164786e-007, 5.80171104048e-007, 3.9920618633e-007, 1.27993445176e-007, 5.21498044748e-008, 3.77397633144e-008, 5.66427189597e-008, 5.86490322974e-008, 4.22061567917e-008, 1.72157879064e-008, 2.60067292146e-008, 5.58061907796e-009, 7.86852194512e-010, 7.08107905645e-010, 1.15822240687e-009, 9.50108325348e-010, 9.58131018969e-010, 9.20299059182e-010, 8.21201773249e-010, 1.26734955863e-009, 4.62474808449e-010, 6.17014495052e-011, 5.81495754326e-011, 7.80120672922e-012, 2.15973055412e-011, 3.47729375676e-012, 3.98282318584e-012, 7.33678482551e-012, 9.77193586466e-012, 2.78598108125e-012, 1.34615929515e-012, 8.03808408723e-012, 1.38341508388e-012, 1.70349116757e-011]
    },
    "mfcc": {
        "mean": [-751.763977051, 93.4602890015, -25.7239227295, -5.29154253006, -27.4858493805, -27.4510688782, -20.1675643921, -5.45371103287, -34.745262146, -1.03032851219, 1.84453582764, -1.07181191444, 5.37216901779],
        "cov": [[12992.1738281, 139.024337769, -2364.828125, -612.291259766, -507.025817871, -1023.29168701, -484.069152832, 36.2667007446, -981.744873047, -154.158508301, -367.342498779, -360.345336914, -77.9133911133], [139.024337769, 1837.39770508, 78.9988021851, -110.356018066, 91.478515625, -225.431900024, -59.5823898315, 137.646240234, -379.653686523, -141.401275635, -71.6376953125, -220.993347168, -0.0832743495703], [-2364.828125, 78.9988021851, 1080.61877441, 360.670562744, 166.737869263, 102.516075134, 96.056968689, -93.0348968506, 201.602005005, -99.4149475098, -46.7010536194, 57.7727584839, 17.7732028961], [-612.291259766, -110.356018066, 360.670562744, 893.42388916, 438.153594971, -155.255584717, -150.597473145, -104.527870178, 163.602539063, 39.6881332397, -96.807220459, 3.2509958744, -27.4039478302], [-507.025817871, 91.478515625, 166.737869263, 438.153594971, 749.158569336, -73.2105789185, -123.174362183, -18.48944664, 35.5567703247, 16.0512657166, -22.7760601044, -79.9120864868, -36.9947509766], [-1023.29168701, -225.431900024, 102.516075134, -155.255584717, -73.2105789185, 402.416137695, 131.482116699, -21.9141693115, 82.5569763184, -18.1613731384, 65.1750946045, 64.7793197632, -19.2374095917], [-484.069152832, -59.5823898315, 96.056968689, -150.597473145, -123.174362183, 131.482116699, 291.581176758, 54.0417060852, -1.0863199234, -38.5976448059, 19.0987186432, 24.0214614868, -4.7778635025], [36.2667007446, 137.646240234, -93.0348968506, -104.527870178, -18.48944664, -21.9141693115, 54.0417060852, 231.305618286, -43.921245575, 7.09909343719, 17.9923591614, -51.6313285828, -21.2150936127], [-981.744873047, -379.653686523, 201.602005005, 163.602539063, 35.5567703247, 82.5569763184, -1.0863199234, -43.921245575, 466.194763184, 94.8409957886, 48.5079498291, 84.8124160767, -30.3118419647], [-154.158508301, -141.401275635, -99.4149475098, 39.6881332397, 16.0512657166, -18.1613731384, -38.5976448059, 7.09909343719, 94.8409957886, 227.411117554, 59.1157531738, 12.7916908264, 0.488312005997], [-367.342498779, -71.6376953125, -46.7010536194, -96.807220459, -22.7760601044, 65.1750946045, 19.0987186432, 17.9923591614, 48.5079498291, 59.1157531738, 253.218521118, 86.7462234497, -2.87629580498], [-360.345336914, -220.993347168, 57.7727584839, 3.2509958744, -79.9120864868, 64.7793197632, 24.0214614868, -51.6313285828, 84.8124160767, 12.7916908264, 86.7462234497, 205.927642822, 31.0268363953], [-77.9133911133, -0.0832743495703, 17.7732028961, -27.4039478302, -36.9947509766, -19.2374095917, -4.7778635025, -21.2150936127, -30.3118419647, 0.488312005997, -2.87629580498, 31.0268363953, 166.078781128]],
        "icov": [[0.000220839589019, 9.26827997318e-005, 0.000394619244616, 4.88305195177e-005, 9.76979063125e-005, 0.00046245296835, 0.000102807600342, 0.00017368607223, 0.00019992775924, 0.000279128638795, 0.000173137275851, 9.71015688265e-005, 0.000190478094737], [9.26827997318e-005, 0.000878980092239, -0.000158078546519, 0.00021438364638, -5.28986629433e-006, 0.000552107871044, 0.000298252300126, -0.000253121979767, 0.000620568811428, 0.000343669671565, -0.000124138343381, 0.000628534413408, 0.000127913095639], [0.000394619244616, -0.000158078546519, 0.00225655478425, -0.000587682123296, 8.81963278516e-005, 0.00042229265091, -0.000571327633224, 0.000698109564837, -0.000370836933143, 0.00121673534159, 0.000414323352743, -4.70735358249e-005, -6.73977774568e-005], [4.88305195177e-005, 0.00021438364638, -0.000587682123296, 0.00243156100623, -0.00107599725015, 0.000992726883851, 0.000540825654753, 0.000427643448347, -0.00025475473376, -0.000368325243471, 0.000859618303366, -0.000554193044081, 0.000505631382111], [9.76979063125e-005, -5.28986629433e-006, 8.81963278516e-005, -0.00107599725015, 0.00217595463619, -8.55993130244e-005, 0.00053267122712, -0.000101662706584, 0.000217266890104, 0.000206190772587, -0.000509816571139, 0.00102743972093, 0.00017424474936], [0.00046245296835, 0.000552107871044, 0.00042229265091, 0.000992726883851, -8.55993130244e-005, 0.00468389317393, -0.000923632236663, 0.00093549687881, 6.93077236065e-005, 0.000862075306941, -0.000100378136267, -8.3669066953e-005, 0.000976262323093], [0.000102807600342, 0.000298252300126, -0.000571327633224, 0.000540825654753, 0.00053267122712, -0.000923632236663, 0.0050893612206, -0.00135640637018, 0.000447971542599, 0.000478357542306, 0.000179321752512, -0.000118093164929, 0.00028909672983], [0.00017368607223, -0.000253121979767, 0.000698109564837, 0.000427643448347, -0.000101662706584, 0.00093549687881, -0.00135640637018, 0.00567220849916, -3.51059898094e-005, -6.9409768912e-005, -0.000457895890577, 0.00119595171418, 0.000610916351434], [0.00019992775924, 0.000620568811428, -0.000370836933143, -0.00025475473376, 0.000217266890104, 6.93077236065e-005, 0.000447971542599, -3.51059898094e-005, 0.00363737368025, -0.00101543194614, -3.09890965582e-005, -0.00043278207886, 0.000903758278582], [0.000279128638795, 0.000343669671565, 0.00121673534159, -0.000368325243471, 0.000206190772587, 0.000862075306941, 0.000478357542306, -6.9409768912e-005, -0.00101543194614, 0.00622221454978, -0.00119682727382, 0.000836874416564, -0.000289882300422], [0.000173137275851, -0.000124138343381, 0.000414323352743, 0.000859618303366, -0.000509816571139, -0.000100378136267, 0.000179321752512, -0.000457895890577, -3.09890965582e-005, -0.00119682727382, 0.00578774139285, -0.00270391767845, 0.000603386724833], [9.71015688265e-005, 0.000628534413408, -4.70735358249e-005, -0.000554193044081, 0.00102743972093, -8.3669066953e-005, -0.000118093164929, 0.00119595171418, -0.00043278207886, 0.000836874416564, -0.00270391767845, 0.0079192109406, -0.00127973419148], [0.000190478094737, 0.000127913095639, -6.73977774568e-005, 0.000505631382111, 0.00017424474936, 0.000976262323093, 0.00028909672983, 0.000610916351434, 0.000903758278582, -0.000289882300422, 0.000603386724833, -0.00127973419148, 0.0068548922427]]
    },
    "spectral_contrast_coeffs": {
        "mean": [-0.615824460983, -0.612316548824, -0.700767338276, -0.714715242386, -0.728474974632, -0.76789867878],
        "var": [0.0193927995861, 0.0108592603356, 0.0116051072255, 0.00951676536351, 0.00670810136944, 0.00236532953568]
    },
    "spectral_contrast_valleys": {
        "mean": [-10.4204730988, -7.86778926849, -8.71436595917, -9.20956420898, -8.87056732178, -11.3484373093],
        "var": [0.665589749813, 2.21110153198, 1.87545239925, 1.71564340591, 2.02447652817, 1.57878923416]
    }
},
"metadata": {
    "audio_properties": {
        "analysis_sample_rate": 44100,
        "bit_rate": 128074,
        "equal_loudness": 0,
        "length": 45.0612258911,
        "lossless": 0,
        "replay_gain": -5.26539039612,
        "sample_rate": 44100,
        "codec": "mp3",
        "downmix": "mix",
        "md5_encoded": "c4125a2c3bc2c25a75d2ace7d19fa966"
    },
    "tags": {
        "file_name": "1207.mp3"
    },
    "version": {
        "essentia": "2.1-beta2",
        "essentia_git_sha": "v2.1_beta2",
        "extractor": "music 1.0"
    }
},
"rhythm": {
    "beats_count": 88,
    "beats_loudness": {
        "mean": 0.0193144846708,
        "var": 0.000365586281987
    },
    "bpm": 118.085083008,
    "bpm_histogram_first_peak_bpm": {
        "mean": 117,
        "var": 0
    },
    "bpm_histogram_first_peak_spread": {
        "mean": 0.500000059605,
        "var": 0
    },
    "bpm_histogram_first_peak_weight": {
        "mean": 0.45977011323,
        "var": 0
    },
    "bpm_histogram_second_peak_bpm": {
        "mean": 123,
        "var": 0
    },
    "bpm_histogram_second_peak_spread": {
        "mean": 0.166666671634,
        "var": 0
    },
    "bpm_histogram_second_peak_weight": {
        "mean": 0.0574712641537,
        "var": 0
    },
    "danceability": 1.01794338226,
    "onset_rate": 4.01494693756,
    "beats_loudness_band_ratio": {
        "mean": [0.00895872991532, 0.265417546034, 0.365538209677, 0.188825652003, 0.112385012209, 0.0874955132604],
        "var": [0.000294302677503, 0.0415189899504, 0.0312134101987, 0.0345979109406, 0.0157194845378, 0.0108553385362]
    },
    "beats_position": [0.452789098024, 0.9287981987, 1.4164172411, 1.90403628349, 2.40326523781, 2.90249419212, 3.40172338486, 3.9125623703, 4.42340135574, 4.92263031006, 5.4334692955, 5.94430828094, 6.45514726639, 6.96598625183, 7.47682523727, 7.98766422272, 8.498503685, 9.0093421936, 9.52018165588, 10.0310201645, 10.5534696579, 11.0759181976, 11.5867567062, 12.0975961685, 12.5968255997, 13.0960540771, 13.5952835083, 14.0945119858, 14.6053514481, 15.1045799255, 15.6038093567, 16.1030387878, 16.602268219, 17.1014957428, 17.600725174, 18.1115646362, 18.6107940674, 19.1216316223, 19.6208610535, 20.1084804535, 20.5960998535, 21.0953292847, 21.5945568085, 22.1053962708, 22.6278457642, 23.1502952576, 23.6727428436, 24.1835823059, 24.6944217682, 25.1936511993, 25.7044887543, 26.2153282166, 26.7261676788, 27.22539711, 27.7246246338, 28.2354640961, 28.7463035583, 29.2455329895, 29.7563705444, 30.2672100067, 30.7664394379, 31.265668869, 31.7648983002, 32.2989578247, 32.8214035034, 33.3438529968, 33.8314743042, 34.3423118591, 34.8531494141, 35.3523788452, 35.8516082764, 36.362449646, 36.8732872009, 37.3725166321, 37.8717460632, 38.3825836182, 38.8934249878, 39.4042625427, 39.9151000977, 40.4375495911, 40.9599990845, 41.4708366394, 41.9932861328, 42.5157356262, 43.0265769958, 43.5374145508, 44.0482521057, 44.5590934753]
},
"tonal": {
    "chords_changes_rate": 0.0833333358169,
    "chords_number_rate": 0.0113168722019,
    "chords_strength": {
        "mean": 0.60061198473,
        "var": 0.0162673890591
    },
    "hpcp_entropy": {
        "mean": 1.65085148811,
        "var": 0.707800209522
    },
    "key_strength": 0.641839087009,
    "tuning_diatonic_strength": 0.580229103565,
    "tuning_equal_tempered_deviation": 0.270567953587,
    "tuning_frequency": 446.91595459,
    "tuning_nontempered_energy_ratio": 0.896651625633,
    "hpcp": {
        "mean": [0.0630901530385, 0.0670572146773, 0.0809358805418, 0.10370695591, 0.126110911369, 0.150467291474, 0.167164355516, 0.163612052798, 0.122938998044, 0.0884260088205, 0.0977114960551, 0.111285552382, 0.103913225234, 0.105541937053, 0.0989826023579, 0.0938298627734, 0.147097632289, 0.250926047564, 0.311650931835, 0.267977148294, 0.190848872066, 0.144735246897, 0.126146867871, 0.0999481379986, 0.0935483276844, 0.133746027946, 0.18399566412, 0.19113971293, 0.14252345264, 0.0960760265589, 0.078482888639, 0.070426940918, 0.0699270367622, 0.0709040686488, 0.0698557794094, 0.0651188492775],
        "var": [0.0225039515644, 0.0208790767938, 0.0234893169254, 0.0342534184456, 0.0506010130048, 0.0669472292066, 0.0749712213874, 0.0759218633175, 0.0543689094484, 0.0420181155205, 0.0442107878625, 0.0474610701203, 0.0332507975399, 0.0440217033029, 0.0452648885548, 0.0355806648731, 0.0672571286559, 0.105463035405, 0.13014292717, 0.110773555934, 0.0822696983814, 0.0621901787817, 0.0609952770174, 0.0439911559224, 0.0393964648247, 0.0518084280193, 0.0793564468622, 0.0852395966649, 0.0573857985437, 0.0321512408555, 0.0252701397985, 0.0238951332867, 0.0263761989772, 0.0271704830229, 0.0287307519466, 0.0264680478722]
    },
    "chords_histogram": [23.7654323578, 0, 0, 0, 0, 0.514403283596, 1.23456788063, 0, 0, 6.37860059738, 4.62962961197, 0, 0, 1.02880656719, 3.49794244766, 3.70370364189, 0.308641970158, 0.411522626877, 0, 0.308641970158, 1.64609050751, 3.08641982079, 12.551440239, 36.9341545105],
    "thpcp": [1, 0.859863162041, 0.61238026619, 0.46441462636, 0.404769748449, 0.320705413818, 0.300170212984, 0.429153293371, 0.590390205383, 0.613313436508, 0.457317590714, 0.30828088522, 0.251829475164, 0.225980207324, 0.224376156926, 0.227511167526, 0.224147513509, 0.208948031068, 0.202438518405, 0.215167701244, 0.259700417519, 0.332766383886, 0.404654383659, 0.482807129622, 0.536383271217, 0.524984955788, 0.394476592541, 0.28373414278, 0.31352865696, 0.357083976269, 0.333428263664, 0.338654339314, 0.317607283592, 0.30107358098, 0.471994847059, 0.805150985718],
    "chords_key": "B",
    "chords_scale": "major",
    "key_key": "D#",
    "key_scale": "minor"
}
}