{
"lowlevel": {
    "average_loudness": 0.963775515556,
    "barkbands_crest": {
        "mean": 9.94558143616,
        "var": 10.9405260086
    },
    "barkbands_flatness_db": {
        "mean": 0.179501831532,
        "var": 0.00163002370391
    },
    "barkbands_kurtosis": {
        "mean": 8.83735179901,
        "var": 54.9324913025
    },
    "barkbands_skewness": {
        "mean": 2.19628548622,
        "var": 0.861429154873
    },
    "barkbands_spread": {
        "mean": 9.40489387512,
        "var": 32.1686019897
    },
    "dissonance": {
        "mean": 0.443160802126,
        "var": 0.000896652811207
    },
    "dynamic_complexity": 1.80625092983,
    "erbbands_crest": {
        "mean": 8.72608566284,
        "var": 10.7065706253
    },
    "erbbands_flatness_db": {
        "mean": 0.165835291147,
        "var": 0.00134124129545
    },
    "erbbands_kurtosis": {
        "mean": 1.17664349079,
        "var": 4.09379529953
    },
    "erbbands_skewness": {
        "mean": 0.965929925442,
        "var": 0.368976712227
    },
    "erbbands_spread": {
        "mean": 32.1145858765,
        "var": 278.334533691
    },
    "hfc": {
        "mean": 14.3941602707,
        "var": 74.5242614746
    },
    "melbands_crest": {
        "mean": 12.9942426682,
        "var": 13.4534683228
    },
    "melbands_flatness_db": {
        "mean": 0.273790150881,
        "var": 0.00222302903421
    },
    "melbands_kurtosis": {
        "mean": 17.3616008759,
        "var": 240.146316528
    },
    "melbands_skewness": {
        "mean": 2.88697886467,
        "var": 1.69572746754
    },
    "melbands_spread": {
        "mean": 8.98561573029,
        "var": 32.4423217773
    },
    "pitch_salience": {
        "mean": 0.60198611021,
        "var": 0.00720513472334
    },
    "silence_rate_20dB": {
        "mean": 1,
        "var": 0
    },
    "silence_rate_30dB": {
        "mean": 0.990216255188,
        "var": 0.00968790799379
    },
    "silence_rate_60dB": {
        "mean": 0.00102986616548,
        "var": 0.00102881784551
    },
    "spectral_centroid": {
        "mean": 560.963867188,
        "var": 47699.3671875
    },
    "spectral_complexity": {
        "mean": 14.6498451233,
        "var": 19.5190143585
    },
    "spectral_decrease": {
        "mean": -1.03147623776e-008,
        "var": 3.20218522691e-017
    },
    "spectral_energy": {
        "mean": 0.040235877037,
        "var": 0.000480446091387
    },
    "spectral_energyband_high": {
        "mean": 0.000220270550926,
        "var": 1.74024748389e-007
    },
    "spectral_energyband_low": {
        "mean": 0.0140181435272,
        "var": 0.000181212264579
    },
    "spectral_energyband_middle_high": {
        "mean": 0.00267935567535,
        "var": 6.11952782492e-006
    },
    "spectral_energyband_middle_low": {
        "mean": 0.0255509261042,
        "var": 0.000269341777312
    },
    "spectral_entropy": {
        "mean": 7.01290130615,
        "var": 0.151145488024
    },
    "spectral_flux": {
        "mean": 0.0868806988001,
        "var": 0.00191230373457
    },
    "spectral_kurtosis": {
        "mean": 8.59484004974,
        "var": 19.9567699432
    },
    "spectral_rms": {
        "mean": 0.00606354419142,
        "var": 2.48793185165e-006
    },
    "spectral_rolloff": {
        "mean": 512.815856934,
        "var": 315558.625
    },
    "spectral_skewness": {
        "mean": 2.28661036491,
        "var": 0.267683595419
    },
    "spectral_spread": {
        "mean": 3944200,
        "var": 3.15432737178e+012
    },
    "spectral_strongpeak": {
        "mean": 0.752587556839,
        "var": 0.486045628786
    },
    "zerocrossingrate": {
        "mean": 0.0292629320174,
        "var": 0.000292880547931
    },
    "barkbands": {
        "mean": [0.000176886926056, 0.00698280660436, 0.00474364729598, 0.00437987875193, 0.0112990755588, 0.00344225857407, 0.0022747614421, 0.00262402766384, 0.00130030850414, 0.000598536571488, 0.000489133934025, 0.000316520192428, 0.000406940001994, 0.000288511393592, 0.00025423313491, 0.000135845664772, 0.000118174379168, 7.33577544452e-005, 7.88223478594e-005, 5.5812386563e-005, 4.46022349934e-005, 3.05573375954e-005, 3.43828141922e-005, 3.50021073245e-005, 2.98138384096e-005, 2.04897405638e-005, 1.5193144236e-006],
        "var": [1.09894955358e-007, 0.000117728428449, 1.89268248505e-005, 2.95943227684e-005, 0.000117306502943, 9.60297893471e-006, 9.21200353332e-006, 2.23481638386e-005, 4.09420135838e-006, 9.08355730189e-007, 7.56148665459e-007, 2.42696302166e-007, 5.37394782896e-007, 2.96160720836e-007, 2.15634742062e-007, 4.12872651623e-008, 6.71215900638e-008, 8.83393713735e-009, 1.1231727548e-008, 8.88575346636e-009, 5.29232124791e-009, 7.33092520022e-009, 8.50633785632e-009, 8.8016394173e-009, 5.30724797443e-009, 2.41866549011e-009, 1.88259026423e-011]
    },
    "erbbands": {
        "mean": [0.188456147909, 1.63851547241, 5.4778676033, 10.5495080948, 29.3442382813, 33.6379928589, 41.0088691711, 20.9666175842, 30.1670875549, 48.8377380371, 43.1448745728, 29.8491001129, 22.0693054199, 13.5374479294, 19.6511135101, 13.4147148132, 19.4881076813, 14.7268724442, 13.6363916397, 9.97780418396, 7.67272424698, 6.41592025757, 5.17344808578, 3.57280898094, 3.73273396492, 2.63176655769, 1.92335546017, 1.62138962746, 1.11392247677, 0.989287614822, 0.997299730778, 0.751270711422, 0.574659824371, 0.343859523535, 0.208862751722, 0.105004645884, 0.0347203724086, 0.00608403421938, 0.000175381544977, 4.94932719448e-005],
        "var": [0.122065395117, 5.51274061203, 24.5340614319, 95.8641586304, 1589.56188965, 1111.90307617, 1941.69104004, 398.720062256, 1639.25878906, 6447.44189453, 3565.45214844, 2698.51245117, 999.308166504, 247.652877808, 1265.10449219, 423.119750977, 1232.77661133, 654.912536621, 439.579772949, 248.383529663, 160.14781189, 130.552871704, 43.7647514343, 13.5402336121, 35.6459159851, 21.2205600739, 10.6497812271, 8.77731704712, 9.61784648895, 6.83171749115, 7.88702583313, 3.94879841805, 2.47833013535, 0.731307268143, 0.270257681608, 0.0630703121424, 0.0073513626121, 0.000231847516261, 1.79822606583e-007, 8.25470525267e-010]
    },
    "gfcc": {
        "mean": [-4.13423109055, 133.38923645, -92.4872665405, 24.5169391632, -52.6739044189, 7.28757381439, -40.2631187439, 2.2312810421, -26.6546630859, 0.79502338171, -15.3479614258, -2.8773317337, -12.8485393524],
        "cov": [[2763.28979492, -746.317321777, 68.1628341675, -83.5272674561, -234.516738892, 151.500946045, -168.723815918, 193.542694092, -42.1297569275, 139.000640869, -194.378463745, -10.1791505814, -182.836151123], [-746.317321777, 960.749572754, -274.980102539, -90.2390136719, 173.65196228, -99.5818862915, 171.35333252, -99.2267303467, 144.602172852, -84.7494354248, 151.387527466, -46.8779449463, 94.7381439209], [68.1628341675, -274.980102539, 394.215942383, 105.801223755, -15.1548490524, 58.299987793, -30.8329353333, 37.7292366028, -54.7556343079, 64.4876022339, -14.0800199509, 63.0101394653, -5.77380609512], [-83.5272674561, -90.2390136719, 105.801223755, 203.583572388, 44.3518600464, -9.76334953308, -3.54694771767, -16.6471672058, -13.0872001648, 1.70022976398, 9.53427219391, 18.430141449, 38.9643287659], [-234.516738892, 173.65196228, -15.1548490524, 44.3518600464, 183.398956299, 5.2859120369, 30.5532016754, 0.328431785107, 19.7591514587, -12.4810009003, 33.0616760254, 12.9077863693, 45.141708374], [151.500946045, -99.5818862915, 58.299987793, -9.76334953308, 5.2859120369, 132.272964478, 27.2817363739, 35.0557250977, 10.5320701599, 22.81798172, -12.103969574, -1.21671831608, -24.5063381195], [-168.723815918, 171.35333252, -30.8329353333, -3.54694771767, 30.5532016754, 27.2817363739, 119.190826416, 6.21983671188, 28.5284786224, -8.20032596588, 35.6308555603, -6.58648777008, 6.85192489624], [193.542694092, -99.2267303467, 37.7292366028, -16.6471672058, 0.328431785107, 35.0557250977, 6.21983671188, 102.151329041, 34.105052948, 30.5593261719, -18.9736728668, 10.8658018112, -22.8914661407], [-42.1297569275, 144.602172852, -54.7556343079, -13.0872001648, 19.7591514587, 10.5320701599, 28.5284786224, 34.105052948, 138.400634766, 16.9421367645, 20.4879302979, -14.0659942627, 0.113867126405], [139.000640869, -84.7494354248, 64.4876022339, 1.70022976398, -12.4810009003, 22.81798172, -8.20032596588, 30.5593261719, 16.9421367645, 75.7143249512, 10.0449094772, 14.8861083984, -14.230140686], [-194.378463745, 151.387527466, -14.0800199509, 9.53427219391, 33.0616760254, -12.103969574, 35.6308555603, -18.9736728668, 20.4879302979, 10.0449094772, 81.2464294434, 22.4796886444, 21.8089237213], [-10.1791505814, -46.8779449463, 63.0101394653, 18.430141449, 12.9077863693, -1.21671831608, -6.58648777008, 10.8658018112, -14.0659942627, 14.8861083984, 22.4796886444, 69.1368255615, 16.8329486847], [-182.836151123, 94.7381439209, -5.77380609512, 38.9643287659, 45.141708374, -24.5063381195, 6.85192489624, -22.8914661407, 0.113867126405, -14.230140686, 21.8089237213, 16.8329486847, 67.3360290527]],
        "icov": [[0.000732613902073, -0.000661027734168, 0.000651436799672, -0.000822624773718, 0.00088317040354, -0.00107331341133, 0.00126060727052, -0.0012872563675, 0.000949351175223, -0.00151495914906, 0.00168193527497, -0.000911395065486, 0.00126389483921], [-0.000661027734168, 0.00830777548254, -0.00158749253023, 0.00657217670232, -0.00544194085523, 0.00599575927481, -0.00781980063766, 0.00631847558543, -0.00726675987244, 0.00611240137368, -0.00915050227195, 0.00624131318182, -0.00594104221091], [0.000651436799672, -0.00158749253023, 0.00555460946634, -0.00395989837125, 0.00192223687191, -0.00331163173541, 0.00232170242816, -0.0024914231617, 0.00339047238231, -0.00493461824954, 0.00354568799958, -0.00472215330228, 0.00217643636279], [-0.000822624773718, 0.00657217670232, -0.00395989837125, 0.012374390848, -0.00572048034519, 0.00584095157683, -0.00656888401136, 0.00645369989797, -0.00635908544064, 0.00563779845834, -0.00735943112522, 0.00602823821828, -0.00807842612267], [0.00088317040354, -0.00544194085523, 0.00192223687191, -0.00572048034519, 0.0113130286336, -0.00563876470551, 0.00517576280981, -0.00630806386471, 0.00479298271239, -0.00333742774092, 0.00442274427041, -0.00429447367787, 0.000149756597239], [-0.00107331341133, 0.00599575927481, -0.00331163173541, 0.00584095157683, -0.00563876470551, 0.0152640501037, -0.00947227794677, 0.00429452769458, -0.00596116809174, 0.0036503886804, -0.00511252321303, 0.00529748015106, -0.00214157998562], [0.00126060727052, -0.00781980063766, 0.00232170242816, -0.00656888401136, 0.00517576280981, -0.00947227794677, 0.020029662177, -0.00894330069423, 0.00660353433341, -0.00347807374783, 0.00254939799197, -0.00342864100821, 0.00571467727423], [-0.0012872563675, 0.00631847558543, -0.0024914231617, 0.00645369989797, -0.00630806386471, 0.00429452769458, -0.00894330069423, 0.0220134705305, -0.0104443533346, 0.00143446342554, -0.000857499195263, -0.000203720177524, -0.00149808556307], [0.000949351175223, -0.00726675987244, 0.00339047238231, -0.00635908544064, 0.00479298271239, -0.00596116809174, 0.00660353433341, -0.0104443533346, 0.0168028492481, -0.008271320723, 0.00528943538666, -0.0024779366795, 0.00429671723396], [-0.00151495914906, 0.00611240137368, -0.00493461824954, 0.00563779845834, -0.00333742774092, 0.0036503886804, -0.00347807374783, 0.00143446342554, -0.008271320723, 0.0265351030976, -0.0145920934156, 0.00510573526844, -0.00291990395635], [0.00168193527497, -0.00915050227195, 0.00354568799958, -0.00735943112522, 0.00442274427041, -0.00511252321303, 0.00254939799197, -0.000857499195263, 0.00528943538666, -0.0145920934156, 0.0341976173222, -0.0162536334246, 0.00652167852968], [-0.000911395065486, 0.00624131318182, -0.00472215330228, 0.00602823821828, -0.00429447367787, 0.00529748015106, -0.00342864100821, -0.000203720177524, -0.0024779366795, 0.00510573526844, -0.0162536334246, 0.0281586013734, -0.0107542276382], [0.00126389483921, -0.00594104221091, 0.00217643636279, -0.00807842612267, 0.000149756597239, -0.00214157998562, 0.00571467727423, -0.00149808556307, 0.00429671723396, -0.00291990395635, 0.00652167852968, -0.0107542276382, 0.0294838882983]]
    },
    "melbands": {
        "mean": [0.00180292630102, 0.00261892005801, 0.00231344206259, 0.00247011939064, 0.00144641113002, 0.000532309233677, 0.000437978771515, 0.000576334248763, 0.000329021888319, 0.000181207782589, 0.000108301894215, 5.55275837542e-005, 6.18919948465e-005, 3.78783370252e-005, 4.81113129354e-005, 3.57614189852e-005, 2.74750836979e-005, 2.13726470975e-005, 2.1705740437e-005, 9.04631815501e-006, 8.35909213492e-006, 6.30994009043e-006, 6.62380534777e-006, 3.15280180985e-006, 2.77985873254e-006, 3.07893287754e-006, 2.23697770707e-006, 1.60132162819e-006, 1.24615473851e-006, 1.01415503195e-006, 9.01363137018e-007, 6.43102850972e-007, 5.4091765378e-007, 5.50894242224e-007, 5.92342701111e-007, 5.15000465384e-007, 4.34280593709e-007, 4.1146384433e-007, 3.44116415363e-007, 2.73877077461e-007],
        "var": [9.45008378039e-006, 5.8475707192e-006, 6.11414770901e-006, 6.08847949479e-006, 2.63814513346e-006, 2.22736133537e-007, 3.41437441875e-007, 9.83211180028e-007, 2.03043825309e-007, 1.15254636057e-007, 2.5398799508e-008, 5.411445958e-009, 1.73851173457e-008, 2.50808596114e-009, 6.47309716939e-009, 4.78666706272e-009, 3.08263525817e-009, 1.30209298899e-009, 1.91116900083e-009, 1.710469405e-010, 2.56379223407e-010, 1.8631338139e-010, 1.20118137659e-010, 1.43185255319e-011, 9.2820985273e-012, 2.50916787348e-011, 1.35208675853e-011, 1.03212906971e-011, 5.45092053092e-012, 2.75035202946e-012, 3.42081918348e-012, 3.14858078845e-012, 3.0209055743e-012, 2.11816545206e-012, 2.94693891685e-012, 2.00669472358e-012, 1.32326463155e-012, 1.34795625183e-012, 8.32721424367e-013, 5.03670076566e-013]
    },
    "mfcc": {
        "mean": [-656.415893555, 166.721298218, 16.1395626068, 24.2545337677, 7.11030292511, 5.10137271881, -0.323469936848, -1.38059091568, -6.01004695892, 0.00652034813538, -3.61213088036, -0.717292845249, -2.66731357574],
        "cov": [[2048.44262695, -611.731750488, 78.1960754395, -240.943466187, -39.8792877197, -84.4534378052, -91.8483886719, -11.5475845337, 67.3021621704, 98.8856887817, 98.2343902588, 9.61163425446, -132.200637817], [-611.731750488, 857.688476563, -278.751983643, 5.5414276123, -31.7929058075, 26.3666324615, 11.5505084991, 48.8071022034, -16.4182949066, 12.308713913, 19.6718444824, 36.6512908936, 48.0423583984], [78.1960754395, -278.751983643, 345.496429443, 27.2963600159, 10.112039566, 16.8384647369, 20.2151165009, -14.8269281387, -3.76753568649, -8.16577625275, 14.5644521713, 11.4099063873, -12.3919563293], [-240.943466187, 5.5414276123, 27.2963600159, 210.846969604, 50.0927352905, 11.7798557281, 21.8633537292, -16.2528114319, -7.76507472992, -29.6310043335, -58.3417510986, -17.3643875122, 63.3645553589], [-39.8792877197, -31.7929058075, 10.112039566, 50.0927352905, 141.19430542, 19.9564151764, 4.90921115875, -0.998407244682, 19.5434436798, 1.95780646801, -25.6448459625, -6.00665521622, 23.2970943451], [-84.4534378052, 26.3666324615, 16.8384647369, 11.7798557281, 19.9564151764, 92.0796966553, 35.1209831238, 8.88161277771, 2.77237582207, -1.02668726444, 12.9856748581, 5.96397018433, -7.8980884552], [-91.8483886719, 11.5505084991, 20.2151165009, 21.8633537292, 4.90921115875, 35.1209831238, 111.939834595, 13.0738162994, -7.11228609085, -22.2460651398, -12.55818367, -0.908502101898, 19.4256210327], [-11.5475845337, 48.8071022034, -14.8269281387, -16.2528114319, -0.998407244682, 8.88161277771, 13.0738162994, 80.7832717896, 22.0573387146, 14.2026548386, 18.9941635132, 7.8489985466, 4.36064863205], [67.3021621704, -16.4182949066, -3.76753568649, -7.76507472992, 19.5434436798, 2.77237582207, -7.11228609085, 22.0573387146, 70.9058074951, 29.3763942719, 13.6921768188, 2.8356180191, -20.5342922211], [98.8856887817, 12.308713913, -8.16577625275, -29.6310043335, 1.95780646801, -1.02668726444, -22.2460651398, 14.2026548386, 29.3763942719, 77.1249923706, 47.1170120239, 13.6155948639, -21.9604110718], [98.2343902588, 19.6718444824, 14.5644521713, -58.3417510986, -25.6448459625, 12.9856748581, -12.55818367, 18.9941635132, 13.6921768188, 47.1170120239, 105.778526306, 32.2783050537, -40.3661689758], [9.61163425446, 36.6512908936, 11.4099063873, -17.3643875122, -6.00665521622, 5.96397018433, -0.908502101898, 7.8489985466, 2.8356180191, 13.6155948639, 32.2783050537, 53.5160484314, 13.9272050858], [-132.200637817, 48.0423583984, -12.3919563293, 63.3645553589, 23.2970943451, -7.8980884552, 19.4256210327, 4.36064863205, -20.5342922211, -21.9604110718, -40.3661689758, 13.9272050858, 121.921958923]],
        "icov": [[0.000837682571728, 0.000681753735989, 0.00028992028092, 0.0006461062585, 4.45127989224e-005, 0.000440790550783, 0.000111008099339, 6.14252494415e-005, -0.000260552944383, -0.000563424313441, -0.000199192130822, -0.000283719040453, 0.00015460033319], [0.000681753735989, 0.00240684021264, 0.00180350209121, 7.01599492459e-005, 0.000446327088866, -0.000311474432237, 8.84479413799e-006, -0.000757409899961, 0.000505886331666, -0.00064917007694, -0.000350655871443, -0.00155750720296, -0.000112013163744], [0.00028992028092, 0.00180350209121, 0.00454760389403, -0.000807468197308, 8.13235674286e-005, -0.000445678510005, -0.000616776116658, -2.46129220614e-005, 0.000579365179874, 0.000255678984104, -0.000979975331575, -0.00212836568244, 0.000602612562943], [0.0006461062585, 7.01599492459e-005, -0.000807468197308, 0.00751084228978, -0.00127361156046, -0.000658344477415, -5.45278962818e-005, 0.0014089983888, -0.00114864145871, -1.38472842082e-005, 0.00146061310079, 0.00216147489846, -0.0031128928531], [4.45127989224e-005, 0.000446327088866, 8.13235674286e-005, -0.00127361156046, 0.0090062553063, -0.00251943408512, 0.000612800358795, 0.000382176192943, -0.00277320272289, -0.00139921251684, 0.00199394323863, 0.000201436923817, -0.00153481704183], [0.000440790550783, -0.000311474432237, -0.000445678510005, -0.000658344477415, -0.00251943408512, 0.0143996570259, -0.00432839151472, -0.000499902293086, 0.000263787718723, 0.000594333338086, -0.00242190668359, -0.00122957630083, 0.00250936299562], [0.000111008099339, 8.84479413799e-006, -0.000616776116658, -5.45278962818e-005, 0.000612800358795, -0.00432839151472, 0.0115504050627, -0.00204134103842, 2.93723169307e-005, 0.00257693557069, 0.000444491917733, 0.000608771981206, -0.0015355279902], [6.14252494415e-005, -0.000757409899961, -2.46129220614e-005, 0.0014089983888, 0.000382176192943, -0.000499902293086, -0.00204134103842, 0.0156996380538, -0.00550182489678, -0.000183969576028, -0.00273000681773, 0.00142901204526, -0.00273825717159], [-0.000260552944383, 0.000505886331666, 0.000579365179874, -0.00114864145871, -0.00277320272289, 0.000263787718723, 2.93723169307e-005, -0.00550182489678, 0.0204471386969, -0.00664745597169, 0.00229528872296, -0.00219083228149, 0.00416968483478], [-0.000563424313441, -0.00064917007694, 0.000255678984104, -1.38472842082e-005, -0.00139921251684, 0.000594333338086, 0.00257693557069, -0.000183969576028, -0.00664745597169, 0.0223883558065, -0.00894554704428, 0.000523477210663, -0.00052859733114], [-0.000199192130822, -0.000350655871443, -0.000979975331575, 0.00146061310079, 0.00199394323863, -0.00242190668359, 0.000444491917733, -0.00273000681773, 0.00229528872296, -0.00894554704428, 0.0206789765507, -0.00983652565628, 0.00529779260978], [-0.000283719040453, -0.00155750720296, -0.00212836568244, 0.00216147489846, 0.000201436923817, -0.00122957630083, 0.000608771981206, 0.00142901204526, -0.00219083228149, 0.000523477210663, -0.00983652565628, 0.0289529412985, -0.0081385364756], [0.00015460033319, -0.000112013163744, 0.000602612562943, -0.0031128928531, -0.00153481704183, 0.00250936299562, -0.0015355279902, -0.00273825717159, 0.00416968483478, -0.00052859733114, 0.00529779260978, -0.0081385364756, 0.0141819519922]]
    },
    "spectral_contrast_coeffs": {
        "mean": [-0.59487080574, -0.704203605652, -0.760359704494, -0.7656057477, -0.792062580585, -0.786687016487],
        "var": [0.00543944397941, 0.00377728114836, 0.00353498663753, 0.00201421184465, 0.0012904398609, 0.000794588821009]
    },
    "spectral_contrast_valleys": {
        "mean": [-6.56594800949, -6.22887182236, -7.38994550705, -7.89784002304, -8.13824653625, -10.6261844635],
        "var": [0.490262985229, 0.446814090014, 0.40790450573, 0.423220217228, 0.532976388931, 0.87271296978]
    }
},
"metadata": {
    "audio_properties": {
        "analysis_sample_rate": 44100,
        "bit_rate": 128074,
        "equal_loudness": 0,
        "length": 45.0612258911,
        "lossless": 0,
        "replay_gain": -5.19695091248,
        "sample_rate": 44100,
        "codec": "mp3",
        "downmix": "mix",
        "md5_encoded": "d6a953e7ed877935ed287a42522ea29a"
    },
    "tags": {
        "file_name": "1208.mp3"
    },
    "version": {
        "essentia": "2.1-beta2",
        "essentia_git_sha": "v2.1_beta2",
        "extractor": "music 1.0"
    }
},
"rhythm": {
    "beats_count": 65,
    "beats_loudness": {
        "mean": 0.0513771288097,
        "var": 0.000482710282085
    },
    "bpm": 87.9721679688,
    "bpm_histogram_first_peak_bpm": {
        "mean": 88,
        "var": 0
    },
    "bpm_histogram_first_peak_spread": {
        "mean": 0.0666666701436,
        "var": 0
    },
    "bpm_histogram_first_peak_weight": {
        "mean": 0.875,
        "var": 0
    },
    "bpm_histogram_second_peak_bpm": {
        "mean": 82,
        "var": 0
    },
    "bpm_histogram_second_peak_spread": {
        "mean": 0,
        "var": 0
    },
    "bpm_histogram_second_peak_weight": {
        "mean": 0.0625,
        "var": 0
    },
    "danceability": 1.16905140877,
    "onset_rate": 4.39204120636,
    "beats_loudness_band_ratio": {
        "mean": [0.531546294689, 0.362380385399, 0.153702512383, 0.0460625849664, 0.0209239944816, 0.0123329581693],
        "var": [0.0322865657508, 0.0257758684456, 0.0120700951666, 0.00120395619888, 0.000228183125728, 6.45486652502e-005]
    },
    "beats_position": [0.708208620548, 1.42802715302, 2.15945577621, 2.89088439941, 3.62231278419, 4.31891155243, 5.01551008224, 5.6888885498, 6.3622674942, 7.04725599289, 7.73224496841, 8.4172334671, 9.10222244263, 9.78721046448, 10.47219944, 11.1455783844, 11.8189563751, 12.5039453506, 13.1889343262, 13.8623123169, 14.5473012924, 15.2322902679, 15.9056682587, 16.5906581879, 17.2756462097, 17.9490242004, 18.6340141296, 19.3190021515, 19.9923801422, 20.6773700714, 21.3623580933, 22.035736084, 22.7207260132, 23.405714035, 24.0907020569, 24.7756919861, 25.4490699768, 26.1340579987, 26.8190479279, 27.5040359497, 28.1890239716, 28.8624038696, 29.5473918915, 30.2323799133, 30.9057598114, 31.5791378021, 32.2525177002, 32.9258956909, 33.6224937439, 34.3190917969, 35.0040817261, 35.6890678406, 36.3740577698, 37.059047699, 37.7440338135, 38.4290237427, 39.1024017334, 39.7757797241, 40.4491615295, 41.1225395203, 41.795917511, 42.4692955017, 43.1542854309, 43.8392753601, 44.5126533508]
},
"tonal": {
    "chords_changes_rate": 0.0185185186565,
    "chords_number_rate": 0.00514403311536,
    "chords_strength": {
        "mean": 0.623519361019,
        "var": 0.0113667212427
    },
    "hpcp_entropy": {
        "mean": 1.82124149799,
        "var": 0.419097334146
    },
    "key_strength": 0.784281432629,
    "tuning_diatonic_strength": 0.655928373337,
    "tuning_equal_tempered_deviation": 0.0474848151207,
    "tuning_frequency": 440.763122559,
    "tuning_nontempered_energy_ratio": 0.666163802147,
    "hpcp": {
        "mean": [0.042232748121, 0.0299011431634, 0.0628867149353, 0.107401967049, 0.0851071104407, 0.0352685041726, 0.0240718759596, 0.0444938205183, 0.151344686747, 0.231929466128, 0.158791810274, 0.151743367314, 0.205162867904, 0.127396896482, 0.0477473512292, 0.0394435189664, 0.0589554868639, 0.217897370458, 0.377645581961, 0.230390891433, 0.0424845032394, 0.020560014993, 0.0263482499868, 0.0850036218762, 0.123473525047, 0.0837966278195, 0.06505215168, 0.0659124553204, 0.0492276549339, 0.0492382384837, 0.0644435882568, 0.0968174412847, 0.3285805583, 0.611600160599, 0.454820215702, 0.139581799507],
        "var": [0.0155295021832, 0.0123093631119, 0.0242659579962, 0.048058360815, 0.0316055938601, 0.011999193579, 0.00970385409892, 0.0167066082358, 0.0582377798855, 0.1001149863, 0.054243080318, 0.0573031939566, 0.114412002265, 0.0443284064531, 0.0114580513909, 0.0109850829467, 0.0151967303827, 0.0500704459846, 0.104788802564, 0.0459599941969, 0.00824304763228, 0.00436448259279, 0.00369750824757, 0.0227536670864, 0.0432734452188, 0.0222497321665, 0.0264381300658, 0.0302340947092, 0.0237846318632, 0.0172454137355, 0.0203877147287, 0.031686887145, 0.0725031122565, 0.140319764614, 0.109257794917, 0.0393058471382]
    },
    "chords_histogram": [80.0411529541, 0.308641970158, 1.02880656719, 0, 1.02880656719, 0, 0, 0, 0, 0, 0, 0, 0, 0, 0, 0, 0, 0.102880656719, 0, 1.95473253727, 0, 0.308641970158, 14.9176950455, 0.308641970158],
    "thpcp": [1, 0.743656158447, 0.22822393477, 0.069052875042, 0.048890016973, 0.102823249996, 0.17560814321, 0.139154821634, 0.05766595155, 0.0393588468432, 0.0727498531342, 0.247456908226, 0.379217475653, 0.259633362293, 0.248108774424, 0.335452616215, 0.208300948143, 0.0780695527792, 0.0644923299551, 0.096395470202, 0.356274217367, 0.617471337318, 0.376701802015, 0.0694645047188, 0.033616758883, 0.0430808439851, 0.138985604048, 0.201886028051, 0.13701210916, 0.106363855302, 0.107770502567, 0.0804899334908, 0.0805072337389, 0.105368822813, 0.158301860094, 0.537247359753],
    "chords_key": "G#",
    "chords_scale": "major",
    "key_key": "G#",
    "key_scale": "major"
}
}