{
"lowlevel": {
    "average_loudness": 0.884485125542,
    "barkbands_crest": {
        "mean": 10.8904094696,
        "var": 14.5024442673
    },
    "barkbands_flatness_db": {
        "mean": 0.390400826931,
        "var": 0.00135584862437
    },
    "barkbands_kurtosis": {
        "mean": 1.82721960545,
        "var": 6.23638010025
    },
    "barkbands_skewness": {
        "mean": 1.1676107645,
        "var": 0.448169976473
    },
    "barkbands_spread": {
        "mean": 9.26870632172,
        "var": 20.4702072144
    },
    "dissonance": {
        "mean": 0.424318253994,
        "var": 0.0016203377163
    },
    "dynamic_complexity": 2.16147994995,
    "erbbands_crest": {
        "mean": 12.1118755341,
        "var": 18.9883861542
    },
    "erbbands_flatness_db": {
        "mean": 0.427157998085,
        "var": 0.000656825839542
    },
    "erbbands_kurtosis": {
        "mean": 0.320161491632,
        "var": 2.47220015526
    },
    "erbbands_skewness": {
        "mean": 0.518138587475,
        "var": 0.30623587966
    },
    "erbbands_spread": {
        "mean": 17.3613262177,
        "var": 56.8655509949
    },
    "hfc": {
        "mean": 16.5369586945,
        "var": 212.26625061
    },
    "melbands_crest": {
        "mean": 13.7904853821,
        "var": 22.3666858673
    },
    "melbands_flatness_db": {
        "mean": 0.453022748232,
        "var": 0.00159520690795
    },
    "melbands_kurtosis": {
        "mean": 3.66117548943,
        "var": 13.3466672897
    },
    "melbands_skewness": {
        "mean": 1.45808923244,
        "var": 0.668225884438
    },
    "melbands_spread": {
        "mean": 13.6689662933,
        "var": 49.29114151
    },
    "pitch_salience": {
        "mean": 0.531340956688,
        "var": 0.00868237949908
    },
    "silence_rate_20dB": {
        "mean": 1,
        "var": 0
    },
    "silence_rate_30dB": {
        "mean": 0.99330586195,
        "var": 0.00664932839572
    },
    "silence_rate_60dB": {
        "mean": 0.0102986609563,
        "var": 0.0101925143972
    },
    "spectral_centroid": {
        "mean": 1022.35723877,
        "var": 125345.289063
    },
    "spectral_complexity": {
        "mean": 13.7152423859,
        "var": 11.563079834
    },
    "spectral_decrease": {
        "mean": -5.01628916183e-009,
        "var": 1.66508562175e-017
    },
    "spectral_energy": {
        "mean": 0.0204326063395,
        "var": 0.000276431412203
    },
    "spectral_energyband_high": {
        "mean": 2.84696231034e-008,
        "var": 6.685917011e-014
    },
    "spectral_energyband_low": {
        "mean": 5.32970545919e-007,
        "var": 3.09858258843e-012
    },
    "spectral_energyband_middle_high": {
        "mean": 0.00744934473187,
        "var": 5.09122473886e-005
    },
    "spectral_energyband_middle_low": {
        "mean": 0.0132273351774,
        "var": 0.000157604517881
    },
    "spectral_entropy": {
        "mean": 6.3393445015,
        "var": 0.0546860098839
    },
    "spectral_flux": {
        "mean": 0.0427599363029,
        "var": 0.000731158419512
    },
    "spectral_kurtosis": {
        "mean": 28.9247112274,
        "var": 301.907196045
    },
    "spectral_rms": {
        "mean": 0.00419205846265,
        "var": 2.36089067585e-006
    },
    "spectral_rolloff": {
        "mean": 1236.26025391,
        "var": 408491.34375
    },
    "spectral_skewness": {
        "mean": 2.64488601685,
        "var": 1.50143897533
    },
    "spectral_spread": {
        "mean": 1219083.625,
        "var": 1.31509007155e+012
    },
    "spectral_strongpeak": {
        "mean": 1.93803668022,
        "var": 1.63142669201
    },
    "zerocrossingrate": {
        "mean": 0.0432609133422,
        "var": 0.000227732205531
    },
    "barkbands": {
        "mean": [8.56799502458e-008, 5.66823992187e-008, 1.40225466794e-007, 4.62069647256e-006, 0.00133912521414, 0.00378500879742, 0.00293785124086, 0.00345200696029, 0.00119374576025, 0.00220165145583, 0.00190882117022, 0.000902871368453, 0.000341548409779, 0.000419525487814, 0.000582665437832, 0.000261090754066, 0.000450887921033, 0.000384338229196, 0.000266466813628, 8.22686700985e-008, 8.76704397967e-009, 4.81554396359e-009, 2.2373984887e-009, 1.93925342451e-009, 1.89529925088e-009, 1.31698518757e-009, 6.85696999181e-010],
        "var": [7.27509198717e-013, 6.65947494632e-013, 9.95476962039e-014, 2.06853388585e-011, 1.01338591776e-005, 2.03952022275e-005, 4.62813477498e-005, 5.09349047206e-005, 7.16561089575e-006, 9.17766828934e-006, 1.573951522e-005, 5.02526927448e-006, 3.10471619969e-007, 5.86567182381e-007, 1.80532185823e-006, 6.69325117997e-007, 1.85639964911e-006, 5.3979903214e-007, 2.75428192253e-007, 7.60968639989e-015, 5.02020334212e-015, 2.15469575199e-015, 3.48064313933e-016, 9.93890460858e-016, 1.75654897393e-015, 4.95220565469e-016, 2.93388141973e-018]
    },
    "erbbands": {
        "mean": [5.71536565985e-006, 3.57375574822e-005, 0.000394561124267, 0.0112370112911, 0.319471478462, 5.19593000412, 17.626783371, 30.1040916443, 57.0492897034, 25.9434089661, 88.9584960938, 26.394618988, 50.8680839539, 83.3640365601, 69.7122955322, 48.090713501, 16.710401535, 27.1872749329, 24.6693000793, 25.6562786102, 20.6276054382, 17.7287406921, 16.0399646759, 29.6451034546, 3.08222174644, 0.114770792425, 0.00774698425084, 0.001391299651, 0.000468173326226, 0.00020494889759, 0.000111753412057, 7.76783272158e-005, 5.55915867153e-005, 4.21520089731e-005, 3.06693546008e-005, 2.00123868126e-005, 1.01380164779e-005, 3.11167173095e-006, 1.08479234768e-005, 2.40061926888e-005],
        "var": [1.43499689909e-009, 2.10672848056e-008, 4.09998847317e-007, 0.000257591047557, 0.899423182011, 318.867340088, 333.144805908, 1952.48583984, 12062.0302734, 1411.9909668, 38028.5546875, 2182.10693359, 7054.80419922, 10333.7412109, 16370.0429688, 12825.0214844, 572.060058594, 1997.23339844, 4189.73730469, 3561.90063477, 4298.00292969, 2534.46630859, 557.949401855, 2885.6730957, 35.2930488586, 0.0519996359944, 0.000162601863849, 9.9858507383e-006, 4.13932957599e-006, 5.28510497588e-007, 2.82827102183e-007, 3.78699354542e-007, 2.86082581624e-007, 1.98688042019e-007, 9.27599543843e-008, 2.11545128082e-008, 1.01910535566e-009, 3.40178649139e-011, 7.91315207804e-011, 3.83398091053e-010]
    },
    "gfcc": {
        "mean": [-183.662963867, 194.591781616, -234.199951172, -92.8541793823, -32.4481697083, -85.2528915405, -49.5478286743, -7.87538909912, -29.7874107361, -28.4214038849, 10.048623085, -4.40033817291, -3.16720151901],
        "cov": [[1839.31311035, 14.9768438339, -335.498260498, 17.7689304352, 131.877502441, -335.722900391, -119.381813049, 68.3591995239, -90.3470458984, 24.2408409119, 63.3010673523, 18.4235172272, 47.3244972229], [14.9768438339, 240.360870361, 123.645866394, -62.3949394226, 11.9514570236, 5.14818477631, -34.5830345154, -65.9117355347, -26.043384552, -25.1819114685, -10.5691242218, -19.3484764099, 9.63483524323], [-335.498260498, 123.645866394, 283.759338379, 3.44570279121, -46.7613258362, 87.6168060303, -13.1993846893, -53.4284629822, 1.5208748579, -9.01840782166, -17.2971611023, -12.0331802368, 0.684510111809], [17.7689304352, -62.3949394226, 3.44570279121, 187.666809082, 6.75419139862, -50.0802955627, 6.33381462097, 4.22770595551, -34.1188354492, -10.8431892395, -10.0688829422, -6.23631191254, -1.40352475643], [131.877502441, 11.9514570236, -46.7613258362, 6.75419139862, 92.8571243286, -15.9732952118, -30.2199573517, -10.4723529816, -25.9391155243, -6.38925218582, -9.95293903351, 1.77824950218, 19.9754142761], [-335.722900391, 5.14818477631, 87.6168060303, -50.0802955627, -15.9732952118, 176.068283081, 27.6402244568, -45.1332702637, 8.32009506226, -24.2368011475, -32.3336448669, -12.3348445892, -14.5424604416], [-119.381813049, -34.5830345154, -13.1993846893, 6.33381462097, -30.2199573517, 27.6402244568, 77.7369384766, 19.9292163849, -22.7765598297, -21.1357688904, -13.1652412415, -15.0874290466, -19.5070381165], [68.3591995239, -65.9117355347, -53.4284629822, 4.22770595551, -10.4723529816, -45.1332702637, 19.9292163849, 73.9476928711, 22.1617183685, 0.0843139588833, -11.3963069916, -8.5634393692, -10.1641569138], [-90.3470458984, -26.043384552, 1.5208748579, -34.1188354492, -25.9391155243, 8.32009506226, -22.7765598297, 22.1617183685, 80.4486541748, 28.3547916412, -9.43405246735, -6.42118930817, -10.3042602539], [24.2408409119, -25.1819114685, -9.01840782166, -10.8431892395, -6.38925218582, -24.2368011475, -21.1357688904, 0.0843139588833, 28.3547916412, 61.5993423462, 35.007068634, 6.46055269241, -3.56380057335], [63.3010673523, -10.5691242218, -17.2971611023, -10.0688829422, -9.95293903351, -32.3336448669, -13.1652412415, -11.3963069916, -9.43405246735, 35.007068634, 71.5356369019, 41.5576972961, -0.900976479053], [18.4235172272, -19.3484764099, -12.0331802368, -6.23631191254, 1.77824950218, -12.3348445892, -15.0874290466, -8.5634393692, -6.42118930817, 6.46055269241, 41.5576972961, 66.2034454346, 25.0397815704], [47.3244972229, 9.63483524323, 0.684510111809, -1.40352475643, 19.9754142761, -14.5424604416, -19.5070381165, -10.1641569138, -10.3042602539, -3.56380057335, -0.900976479053, 25.0397815704, 57.2816238403]],
        "icov": [[0.00146829441655, -0.000191054685274, 0.00157668231986, 0.000758025096729, 0.00131035689265, 0.00115330715198, 0.00436279317364, -0.00176713161636, 0.00445226952434, -0.000929709232878, 0.00113528082147, 0.000511006917804, 0.000364363222616], [-0.000191054685274, 0.0176650956273, -0.00827303156257, 0.0101512782276, -0.00227264221758, 0.0130647886544, 0.000510432408191, 0.0182483773679, -9.97621682473e-005, 0.0117507427931, 0.00122358463705, 0.00662173330784, 0.00289315031841], [0.00157668231986, -0.00827303156257, 0.0113955717534, -0.00441138772294, 0.00812207814306, -0.00775929866359, 0.00940757058561, -0.0088385399431, 0.00834330171347, -0.00778214680031, 0.00349395070225, -0.00196181423962, -0.00139299500734], [0.000758025096729, 0.0101512782276, -0.00441138772294, 0.0134541653097, 0.000740235263947, 0.0114392424002, 0.00331498379819, 0.0103554632515, 0.00749767478555, 0.00345670687966, 0.00802067387849, 0.000909339229111, 0.00495352456346], [0.00131035689265, -0.00227264221758, 0.00812207814306, 0.000740235263947, 0.026191810146, -0.00384537922218, 0.0215519368649, -0.00666960142553, 0.0231274086982, -0.010778689757, 0.0159324929118, -0.00381551380269, 0.000675017014146], [0.00115330715198, 0.0130647886544, -0.00775929866359, 0.0114392424002, -0.00384537922218, 0.0252434462309, -0.00624197069556, 0.0242308769375, -0.00323721999303, 0.00985684432089, 0.00914262142032, -0.000121020209917, 0.00737386615947], [0.00436279317364, 0.000510432408191, 0.00940757058561, 0.00331498379819, 0.0215519368649, -0.00624197069556, 0.050354488194, -0.0197634063661, 0.0387722849846, -0.00751538341865, 0.0129998056218, 0.00194065587129, 0.00668258871883], [-0.00176713161636, 0.0182483773679, -0.0088385399431, 0.0103554632515, -0.00666960142553, 0.0242308769375, -0.0197634063661, 0.0517018251121, -0.0201312303543, 0.0165196154267, 0.00623521581292, 0.00225092540495, 0.00619164668024], [0.00445226952434, -9.97621682473e-005, 0.00834330171347, 0.00749767478555, 0.0231274086982, -0.00323721999303, 0.0387722849846, -0.0201312303543, 0.0595970228314, -0.0294054783881, 0.0333056114614, -0.0105241974816, 0.0111828139052], [-0.000929709232878, 0.0117507427931, -0.00778214680031, 0.00345670687966, -0.010778689757, 0.00985684432089, -0.00751538341865, 0.0165196154267, -0.0294054783881, 0.0538468398154, -0.039249625057, 0.0246009957045, -0.00770844286308], [0.00113528082147, 0.00122358463705, 0.00349395070225, 0.00802067387849, 0.0159324929118, 0.00914262142032, 0.0129998056218, 0.00623521581292, 0.0333056114614, -0.039249625057, 0.0726763010025, -0.0411584563553, 0.02399376221], [0.000511006917804, 0.00662173330784, -0.00196181423962, 0.000909339229111, -0.00381551380269, -0.000121020209917, 0.00194065587129, 0.00225092540495, -0.0105241974816, 0.0246009957045, -0.0411584563553, 0.047813475132, -0.0210410300642], [0.000364363222616, 0.00289315031841, -0.00139299500734, 0.00495352456346, 0.000675017014146, 0.00737386615947, 0.00668258871883, 0.00619164668024, 0.0111828139052, -0.00770844286308, 0.02399376221, -0.0210410300642, 0.032926235348]]
    },
    "melbands": {
        "mean": [2.01798560084e-008, 4.44763301743e-008, 3.96991117668e-006, 0.000143036508234, 0.00053939584177, 0.000722894445062, 0.000830841425341, 0.000312140677124, 0.000654705334455, 0.000162300202646, 0.000259327614913, 0.000339556310792, 0.000277028389974, 0.000119980395539, 6.10987553955e-005, 4.1185059672e-005, 4.88199329993e-005, 3.54967123712e-005, 3.10397845169e-005, 3.10421237373e-005, 2.60218803305e-005, 2.19908179133e-005, 1.4159903003e-005, 1.73300941242e-005, 2.64816208073e-005, 2.4235980618e-006, 1.70186453374e-007, 6.70515309942e-010, 2.80394568675e-010, 2.10998205019e-010, 1.54864773783e-010, 1.13759342224e-010, 7.3607106521e-011, 4.91546976733e-011, 3.55283580333e-011, 2.861248391e-011, 2.60391725543e-011, 2.14116658431e-011, 1.92283775707e-011, 1.73630849282e-011],
        "var": [1.02682050146e-013, 2.65295293058e-014, 1.48344808659e-011, 3.72756574052e-007, 4.12845423625e-007, 1.01990940493e-006, 2.74755689134e-006, 1.73643485368e-007, 2.20339825319e-006, 1.03376692095e-007, 1.79102215725e-007, 1.92872278149e-007, 3.37501091963e-007, 6.66749286893e-008, 1.7437910671e-008, 4.57420812339e-009, 7.63049534669e-009, 8.92982754408e-009, 5.09196684817e-009, 4.20789403321e-009, 9.5842791481e-009, 5.40974243179e-009, 5.69328972855e-010, 9.35973409888e-010, 2.43008124734e-009, 3.93499642592e-011, 5.32834952376e-013, 4.87824182784e-018, 3.47636590419e-018, 3.00557750612e-018, 2.30923577337e-018, 1.73156240527e-018, 3.13828240198e-019, 1.23662118634e-019, 9.62294555629e-020, 1.06297671797e-019, 1.52059397084e-019, 1.38018561948e-019, 1.42511109102e-019, 1.41579548636e-019]
    },
    "mfcc": {
        "mean": [-787.897155762, 218.754837036, -107.049613953, -58.0888175964, -5.09635877609, -74.0729827881, -41.4638786316, -4.39652729034, -44.2846298218, -28.5319042206, -1.59029138088, -25.4700660706, -12.8817558289],
        "cov": [[722.999206543, 286.640991211, -377.625, 33.5877151489, 135.097045898, -217.198303223, -114.963539124, 21.9050731659, -119.296134949, -67.2106552124, 21.0388813019, -55.2824058533, -10.8411655426], [286.640991211, 185.773147583, -69.9978179932, -15.4267654419, 19.146270752, -60.8981285095, -48.1488304138, -24.4169597626, -59.5498657227, -36.0517997742, -1.43016755581, -22.2069587708, -23.0780658722], [-377.625, -69.9978179932, 336.953765869, -4.43261957169, -112.880096436, 133.032546997, 60.4069862366, -55.2430648804, 42.6640357971, 28.8407707214, -19.9359989166, 21.4599914551, -24.7988262177], [33.5877151489, -15.4267654419, -4.43261957169, 99.2894363403, 48.5803070068, -55.0971832275, -21.6559772491, 9.59669971466, -20.2106971741, -5.12517213821, 7.3918056488, -20.1511917114, -11.9224948883], [135.097045898, 19.146270752, -112.880096436, 48.5803070068, 96.9306640625, -33.3471870422, -40.0050621033, 6.96135902405, -22.1167182922, -22.8263149261, -3.99417042732, -18.0783233643, -1.1483912468], [-217.198303223, -60.8981285095, 133.032546997, -55.0971832275, -33.3471870422, 158.82472229, 70.7614517212, -36.7641525269, 30.0046806335, 14.1241750717, -34.1855926514, 6.77948188782, 0.0701817050576], [-114.963539124, -48.1488304138, 60.4069862366, -21.6559772491, -40.0050621033, 70.7614517212, 90.5766448975, 24.7692527771, 4.42187261581, 2.10755705833, -8.99663543701, -5.82843208313, -10.5439825058], [21.9050731659, -24.4169597626, -55.2430648804, 9.59669971466, 6.96135902405, -36.7641525269, 24.7692527771, 80.6172409058, 23.2986755371, -15.5317831039, 9.69086074829, 4.90062618256, -9.97821331024], [-119.296134949, -59.5498657227, 42.6640357971, -20.2106971741, -22.1167182922, 30.0046806335, 4.42187261581, 23.2986755371, 89.558807373, 50.940990448, -8.42059135437, 7.43212080002, 9.57169246674], [-67.2106552124, -36.0517997742, 28.8407707214, -5.12517213821, -22.8263149261, 14.1241750717, 2.10755705833, -15.5317831039, 50.940990448, 86.7782363892, 21.2875003815, -19.8089065552, -2.58257031441], [21.0388813019, -1.43016755581, -19.9359989166, 7.3918056488, -3.99417042732, -34.1855926514, -8.99663543701, 9.69086074829, -8.42059135437, 21.2875003815, 65.5275497437, 30.9771518707, -9.15392875671], [-55.2824058533, -22.2069587708, 21.4599914551, -20.1511917114, -18.0783233643, 6.77948188782, -5.82843208313, 4.90062618256, 7.43212080002, -19.8089065552, 30.9771518707, 106.924568176, 71.9633636475], [-10.8411655426, -23.0780658722, -24.7988262177, -11.9224948883, -1.1483912468, 0.0701817050576, -10.5439825058, -9.97821331024, 9.57169246674, -2.58257031441, -9.15392875671, 71.9633636475, 122.854721069]],
        "icov": [[0.187990099192, -0.294592618942, 0.342078328133, -0.343694895506, 0.218691155314, 0.00963977724314, -0.283565580845, 0.485477894545, -0.558976113796, 0.480347424746, -0.323712229729, 0.154376477003, -0.0468212254345], [-0.294592618942, 0.479837268591, -0.563400149345, 0.591345310211, -0.402480214834, 0.0453606210649, 0.406429231167, -0.738291025162, 0.878614842892, -0.759091436863, 0.518567323685, -0.24764752388, 0.0782228410244], [0.342078328133, -0.563400149345, 0.736846029758, -0.811534404755, 0.633685767651, -0.202462747693, -0.352768540382, 0.797592639923, -0.986216843128, 0.873675644398, -0.591225802898, 0.275696277618, -0.075465887785], [-0.343694895506, 0.591345310211, -0.811534404755, 0.972793757915, -0.845907092094, 0.454464554787, 0.104887455702, -0.57913684845, 0.827656626701, -0.769887447357, 0.538965284824, -0.253940165043, 0.0733842998743], [0.218691155314, -0.402480214834, 0.633685767651, -0.845907092094, 0.902161180973, -0.731423735619, 0.416699051857, -0.0804607123137, -0.158450216055, 0.235619202256, -0.194795638323, 0.0971327573061, -0.0265197977424], [0.00963977724314, 0.0453606210649, -0.202462747693, 0.454464554787, -0.731423735619, 1.0128891468, -1.15322339535, 1.15007460117, -0.978100419044, 0.71741515398, -0.419309616089, 0.197177365422, -0.0558309331536], [-0.283565580845, 0.406429231167, -0.352768540382, 0.104887455702, 0.416699051857, -1.15322339535, 1.85653960705, -2.24624633789, 2.20463204384, -1.76681602001, 1.12796235085, -0.54179340601, 0.164247125387], [0.485477894545, -0.738291025162, 0.797592639923, -0.57913684845, -0.0804607123137, 1.15007460117, -2.24624633789, 2.9823486805, -3.05686378479, 2.52535486221, -1.64741933346, 0.806639492512, -0.247016534209], [-0.558976113796, 0.878614842892, -0.986216843128, 0.827656626701, -0.158450216055, -0.978100419044, 2.20463204384, -3.05686378479, 3.24958729744, -2.7286734581, 1.8192898035, -0.916817486286, 0.299032986164], [0.480347424746, -0.759091436863, 0.873675644398, -0.769887447357, 0.235619202256, 0.71741515398, -1.76681602001, 2.52535486221, -2.7286734581, 2.34543204308, -1.59056138992, 0.830142199993, -0.286180645227], [-0.323712229729, 0.518567323685, -0.591225802898, 0.538965284824, -0.194795638323, -0.419309616089, 1.12796235085, -1.64741933346, 1.8192898035, -1.59056138992, 1.13043308258, -0.613197922707, 0.231469526887], [0.154376477003, -0.24764752388, 0.275696277618, -0.253940165043, 0.0971327573061, 0.197177365422, -0.54179340601, 0.806639492512, -0.916817486286, 0.830142199993, -0.613197922707, 0.373081862926, -0.157424896955], [-0.0468212254345, 0.0782228410244, -0.075465887785, 0.0733842998743, -0.0265197977424, -0.0558309331536, 0.164247125387, -0.247016534209, 0.299032986164, -0.286180645227, 0.231469526887, -0.157424896955, 0.0845546647906]]
    },
    "spectral_contrast_coeffs": {
        "mean": [-0.441901892424, -0.639146447182, -0.6818177104, -0.753944396973, -0.54178917408, -0.890168786049],
        "var": [0.00524511607364, 0.0059160310775, 0.00391792133451, 0.00220992346294, 0.00489017926157, 0.002857030835]
    },
    "spectral_contrast_valleys": {
        "mean": [-11.3297252655, -6.74242973328, -7.19196224213, -7.84707546234, -10.7468194962, -14.4294929504],
        "var": [0.49092361331, 0.390781372786, 0.356630802155, 0.313612550497, 0.193749323487, 0.930107414722]
    }
},
"metadata": {
    "audio_properties": {
        "analysis_sample_rate": 44100,
        "bit_rate": 128074,
        "equal_loudness": 0,
        "length": 45.0612258911,
        "lossless": 0,
        "replay_gain": -6.07362747192,
        "sample_rate": 44100,
        "codec": "mp3",
        "downmix": "mix",
        "md5_encoded": "40cd87e990da1e738c7f6178e142593c"
    },
    "tags": {
        "file_name": "1209.mp3"
    },
    "version": {
        "essentia": "2.1-beta2",
        "essentia_git_sha": "v2.1_beta2",
        "extractor": "music 1.0"
    }
},
"rhythm": {
    "beats_count": 95,
    "beats_loudness": {
        "mean": 0.031970962882,
        "var": 0.000587132468354
    },
    "bpm": 128.640441895,
    "bpm_histogram_first_peak_bpm": {
        "mean": 129,
        "var": 0
    },
    "bpm_histogram_first_peak_spread": {
        "mean": 0.402438998222,
        "var": 0
    },
    "bpm_histogram_first_peak_weight": {
        "mean": 0.521276593208,
        "var": 0
    },
    "bpm_histogram_second_peak_bpm": {
        "mean": 123,
        "var": 0
    },
    "bpm_histogram_second_peak_spread": {
        "mean": 0.142857134342,
        "var": 0
    },
    "bpm_histogram_second_peak_weight": {
        "mean": 0.0638297870755,
        "var": 0
    },
    "danceability": 1.17595338821,
    "onset_rate": 3.34948611259,
    "beats_loudness_band_ratio": {
        "mean": [0.0011373317102, 0.275079399347, 0.420291900635, 0.265438020229, 0.102013647556, 0.00418357085437],
        "var": [1.66158713455e-006, 0.0384573340416, 0.0400207526982, 0.0349246636033, 0.00889066420496, 4.41298470832e-005]
    },
    "beats_position": [0.510838985443, 1.02167797089, 1.53251695633, 2.03174591064, 2.54258489609, 3.03020405769, 3.50621318817, 3.97061228752, 4.446621418, 4.92263031006, 5.38702917099, 5.83981847763, 6.30421733856, 6.78022670746, 7.24462556839, 7.73224496841, 8.2198638916, 8.68426322937, 9.16027164459, 9.63628101349, 10.1006803513, 10.5650787354, 11.0294780731, 11.4938774109, 11.9814968109, 12.445895195, 12.9219045639, 13.3979139328, 13.8623123169, 14.3267116547, 14.7911109924, 15.2555103302, 15.7199087143, 16.1959171295, 16.6719264984, 17.1479358673, 17.6239452362, 18.0999546051, 18.5643539429, 19.0287532806, 19.4815406799, 19.9459400177, 20.4103393555, 20.8863487244, 21.3739681244, 21.8383674622, 22.2911567688, 22.7439460754, 23.1967334747, 23.6611328125, 24.1139221191, 24.5783214569, 25.0543308258, 25.5419502258, 26.0179595947, 26.4939670563, 26.958366394, 27.4227657318, 27.8871650696, 28.3515644073, 28.8275737762, 29.3035831451, 29.7795906067, 30.2439899445, 30.7083892822, 31.1843986511, 31.6487979889, 32.1248054504, 32.6008148193, 33.0652160645, 33.5296134949, 33.99401474, 34.4584121704, 34.9228096008, 35.3872108459, 35.8516082764, 36.3160095215, 36.7804069519, 37.244808197, 37.6975975037, 38.1736030579, 38.6147842407, 39.0791816711, 39.520362854, 39.9847602844, 40.4491615295, 40.9019508362, 41.3663482666, 41.8191375732, 42.2835350037, 42.7479362488, 43.2123336792, 43.6767349243, 44.1411323547, 44.6055335999]
},
"tonal": {
    "chords_changes_rate": 0.0216049384326,
    "chords_number_rate": 0.00411522621289,
    "chords_strength": {
        "mean": 0.531357884407,
        "var": 0.00296737626195
    },
    "hpcp_entropy": {
        "mean": 1.36894059181,
        "var": 0.325296252966
    },
    "key_strength": 0.856597542763,
    "tuning_diatonic_strength": 0.623981535435,
    "tuning_equal_tempered_deviation": 0.00765648717061,
    "tuning_frequency": 439.745910645,
    "tuning_nontempered_energy_ratio": 0.584943950176,
    "hpcp": {
        "mean": [0.351695656776, 0.211086109281, 0.0112058930099, 0.00410198746249, 0.0139436107129, 0.159085512161, 0.281332731247, 0.145915567875, 0.0562684796751, 0.0842789635062, 0.0460761934519, 0.00980767514557, 0.00785909686238, 0.0182667654008, 0.342634767294, 0.599013149738, 0.280030310154, 0.0133849736303, 0.00776412943378, 0.00982227921486, 0.0235759206116, 0.0372474230826, 0.0389743112028, 0.0766222923994, 0.0717268586159, 0.0222238078713, 0.109177485108, 0.176971793175, 0.0998948588967, 0.244179859757, 0.391968935728, 0.191593289375, 0.0244302488863, 0.00667814724147, 0.00701846228912, 0.155298545957],
        "var": [0.118585914373, 0.0450398102403, 0.000565889116842, 0.000505497155245, 0.00127209257334, 0.0343314148486, 0.122383080423, 0.0385480895638, 0.0183517225087, 0.0576435849071, 0.0173287186772, 0.000284437148366, 0.000974298804067, 0.00169033755083, 0.0542436316609, 0.134295791388, 0.0350419282913, 0.00166209216695, 0.00119401735719, 0.00116833637003, 0.00538485962898, 0.0128258382902, 0.00686305481941, 0.0404788292944, 0.0431726686656, 0.00217229616828, 0.0236594565213, 0.0739971846342, 0.0175609216094, 0.0642575249076, 0.131041646004, 0.0454014353454, 0.00268968380988, 0.000380021898309, 0.000244069291512, 0.0241857785732]
    },
    "chords_histogram": [79.9382705688, 4.93827152252, 4.52674913406, 0, 0, 0, 0, 0, 0, 0, 0, 0, 0, 0, 0, 0, 0, 0.617283940315, 0, 9.56790161133, 0, 0, 0, 0.411522626877],
    "thpcp": [1, 0.467486083508, 0.0223450418562, 0.0129615338519, 0.0163974352181, 0.0393579341471, 0.0621813125908, 0.0650641992688, 0.127914205194, 0.11974170804, 0.0371007025242, 0.182262256742, 0.295438915491, 0.166765719652, 0.407636880875, 0.654357790947, 0.31984820962, 0.0407841615379, 0.0111485822126, 0.0117167085409, 0.259257316589, 0.587125122547, 0.352389782667, 0.0187072567642, 0.00684790872037, 0.0232776366174, 0.265579342842, 0.469660371542, 0.243593260646, 0.0939352959394, 0.14069634676, 0.0769201666117, 0.0163730550557, 0.0131200738251, 0.0304947644472, 0.571998715401],
    "chords_key": "G",
    "chords_scale": "major",
    "key_key": "G",
    "key_scale": "major"
}
}