{
"lowlevel": {
    "average_loudness": 0.925676107407,
    "barkbands_crest": {
        "mean": 15.6290464401,
        "var": 37.7565803528
    },
    "barkbands_flatness_db": {
        "mean": 0.228743821383,
        "var": 0.00516847660765
    },
    "barkbands_kurtosis": {
        "mean": 19.1000499725,
        "var": 1275.18774414
    },
    "barkbands_skewness": {
        "mean": 2.54212474823,
        "var": 7.24069690704
    },
    "barkbands_spread": {
        "mean": 14.9547252655,
        "var": 220.139419556
    },
    "dissonance": {
        "mean": 0.412434756756,
        "var": 0.00516556948423
    },
    "dynamic_complexity": 7.33991956711,
    "erbbands_crest": {
        "mean": 14.2487268448,
        "var": 37.714553833
    },
    "erbbands_flatness_db": {
        "mean": 0.222164869308,
        "var": 0.00518953055143
    },
    "erbbands_kurtosis": {
        "mean": 5.43680000305,
        "var": 122.4532547
    },
    "erbbands_skewness": {
        "mean": 1.00790548325,
        "var": 3.11318302155
    },
    "erbbands_spread": {
        "mean": 33.9281082153,
        "var": 622.869018555
    },
    "hfc": {
        "mean": 15.8635473251,
        "var": 708.31628418
    },
    "melbands_crest": {
        "mean": 19.3793125153,
        "var": 45.9239425659
    },
    "melbands_flatness_db": {
        "mean": 0.271192669868,
        "var": 0.00705080898479
    },
    "melbands_kurtosis": {
        "mean": 39.4048957825,
        "var": 3609.828125
    },
    "melbands_skewness": {
        "mean": 3.69970607758,
        "var": 10.4385490417
    },
    "melbands_spread": {
        "mean": 21.4996643066,
        "var": 1306.69750977
    },
    "pitch_salience": {
        "mean": 0.470926016569,
        "var": 0.0441661663353
    },
    "silence_rate_20dB": {
        "mean": 1,
        "var": 0
    },
    "silence_rate_30dB": {
        "mean": 1,
        "var": 0
    },
    "silence_rate_60dB": {
        "mean": 0.361483007669,
        "var": 0.23081715405
    },
    "spectral_centroid": {
        "mean": 1283.80419922,
        "var": 1107159.25
    },
    "spectral_complexity": {
        "mean": 5.32440805435,
        "var": 28.6205673218
    },
    "spectral_decrease": {
        "mean": -3.7346890025e-009,
        "var": 1.80452081063e-017
    },
    "spectral_energy": {
        "mean": 0.0155344670638,
        "var": 0.000311693263939
    },
    "spectral_energyband_high": {
        "mean": 0.000649869325571,
        "var": 8.52445555211e-006
    },
    "spectral_energyband_low": {
        "mean": 0.000269594806014,
        "var": 3.67834877579e-006
    },
    "spectral_energyband_middle_high": {
        "mean": 0.00487514864653,
        "var": 8.06155658211e-005
    },
    "spectral_energyband_middle_low": {
        "mean": 0.00988435279578,
        "var": 0.000155497647938
    },
    "spectral_entropy": {
        "mean": 6.89011001587,
        "var": 0.673198997974
    },
    "spectral_flux": {
        "mean": 0.0471389442682,
        "var": 0.00231804419309
    },
    "spectral_kurtosis": {
        "mean": 4.50484228134,
        "var": 12.0669927597
    },
    "spectral_rms": {
        "mean": 0.0031681379769,
        "var": 5.11847110829e-006
    },
    "spectral_rolloff": {
        "mean": 1372.99035645,
        "var": 3407505.5
    },
    "spectral_skewness": {
        "mean": 1.53962814808,
        "var": 0.436474084854
    },
    "spectral_spread": {
        "mean": 4738171,
        "var": 3.01544793702e+012
    },
    "spectral_strongpeak": {
        "mean": 1.51710474491,
        "var": 3.54264307022
    },
    "zerocrossingrate": {
        "mean": 0.0540400631726,
        "var": 0.00290796044283
    },
    "barkbands": {
        "mean": [4.91256105306e-006, 9.9172393675e-005, 9.02926112758e-005, 0.00012040448928, 0.00131436926313, 0.00387471122667, 0.00028193439357, 0.00247736135498, 0.00169570255093, 0.000981041113846, 0.0010201203404, 0.000702677934896, 0.000203943694942, 0.000355426745955, 0.000264352856902, 0.000682775862515, 0.000316247373121, 0.000162660740898, 0.000152131571667, 0.000175366527401, 0.00011387176346, 0.000178834423423, 0.000171736377524, 6.49789290037e-005, 1.85931512533e-005, 1.01460354927e-005, 7.11972120371e-007],
        "var": [1.76892844816e-009, 7.28233340297e-009, 9.92500076791e-007, 1.63684012477e-006, 1.05023973447e-005, 4.59202929051e-005, 3.62626110473e-006, 5.15552856086e-005, 2.59681546595e-005, 7.9849105532e-006, 1.26956347231e-005, 7.79615220381e-006, 1.48715434989e-006, 2.05121000363e-006, 1.76752496373e-006, 1.06053666968e-005, 1.44575824379e-006, 3.51330044168e-007, 3.49967677948e-007, 2.51541962371e-007, 4.56653140191e-007, 1.44458613249e-006, 5.66714504657e-007, 8.80555077742e-008, 6.31949603758e-009, 4.76214756517e-009, 2.67426567002e-011]
    },
    "erbbands": {
        "mean": [0.00363998278044, 0.0205012056977, 0.0662346854806, 0.349777370691, 1.12286233902, 4.55794239044, 31.4729309082, 20.3743152618, 5.18767786026, 10.7403554916, 77.8983078003, 34.7819709778, 13.7441225052, 58.5964050293, 20.3288345337, 33.121799469, 10.3857240677, 21.2791728973, 9.87619018555, 23.9279708862, 36.6188049316, 17.3721694946, 9.78970718384, 8.0372543335, 7.44376039505, 8.57067108154, 4.51395893097, 5.28572034836, 6.39258670807, 6.2473359108, 4.58099603653, 2.05065131187, 0.766991317272, 0.252190768719, 0.112687006593, 0.0483335852623, 0.0165486615151, 0.00349618378095, 0.000102073630842, 2.20612400881e-005],
        "var": [1.55053930939e-005, 0.000568958173972, 0.461324512959, 13.4398107529, 23.4972991943, 148.820388794, 2312.86450195, 2160.82885742, 1114.24365234, 2914.02197266, 36871.890625, 9178.51757813, 3484.87158203, 21522.4667969, 3849.33178711, 18249.3457031, 1754.75390625, 6193.890625, 1185.32641602, 10812.7441406, 29134.7480469, 3874.12353516, 1210.18286133, 1124.77819824, 466.07244873, 617.472351074, 490.213806152, 1050.33886719, 1975.09399414, 1379.70275879, 357.550048828, 82.1202774048, 13.7960958481, 1.11437058449, 0.301082283258, 0.165795698762, 0.00828100647777, 0.000325094879372, 3.51427303258e-007, 8.08378863848e-010]
    },
    "gfcc": {
        "mean": [-126.613235474, 69.8271331787, -115.202774048, 31.9137382507, -81.6203155518, 0.655021429062, -38.8974266052, 10.087515831, -17.0342350006, -1.40060842037, -7.72629308701, 12.8712787628, 10.3610229492],
        "cov": [[12464.9072266, -1724.76745605, -2826.7097168, -2017.32177734, -1178.08569336, -917.542358398, -833.305969238, -121.035354614, -111.379753113, -207.723022461, 61.0229225159, -61.4067726135, -177.041732788], [-1724.76745605, 1779.6048584, 108.375320435, -529.751403809, -63.194316864, 64.0842819214, 178.825042725, -113.28666687, -165.765380859, -155.954544067, 191.691314697, -177.378952026, 63.7385253906], [-2826.7097168, 108.375320435, 1792.45300293, 970.750061035, 56.2516326904, 90.1466445923, 26.4552211761, -85.2325363159, -66.3120956421, -19.6686038971, -203.283996582, 133.163589478, -10.5279102325], [-2017.32177734, -529.751403809, 970.750061035, 1709.57849121, 481.35357666, 63.3145751953, -142.279449463, 31.1410217285, 166.87840271, 59.103515625, -253.802841187, 72.7504806519, -12.6571216583], [-1178.08569336, -63.194316864, 56.2516326904, 481.35357666, 622.9296875, 195.681350708, 14.2654914856, 29.015794754, 78.5574188232, 118.862831116, -189.986236572, -44.5907287598, -56.3231124878], [-917.542358398, 64.0842819214, 90.1466445923, 63.3145751953, 195.681350708, 500.141571045, 267.553863525, -15.2563457489, -34.4726715088, 89.8894958496, -68.302230835, -115.254005432, -72.2062530518], [-833.305969238, 178.825042725, 26.4552211761, -142.279449463, 14.2654914856, 267.553863525, 455.097351074, 61.4772872925, -107.965690613, 46.5309448242, 11.2811841965, -55.150554657, -66.7572097778], [-121.035354614, -113.28666687, -85.2325363159, 31.1410217285, 29.015794754, -15.2563457489, 61.4772872925, 198.67578125, 25.2548542023, 13.4029741287, -4.74492025375, 21.6626014709, 36.3205795288], [-111.379753113, -165.765380859, -66.3120956421, 166.87840271, 78.5574188232, -34.4726715088, -107.965690613, 25.2548542023, 202.436004639, 38.1425056458, -27.5954227448, 23.1708984375, 22.2380275726], [-207.723022461, -155.954544067, -19.6686038971, 59.103515625, 118.862831116, 89.8894958496, 46.5309448242, 13.4029741287, 38.1425056458, 172.584899902, -49.7744483948, -0.77456766367, -7.41782903671], [61.0229225159, 191.691314697, -203.283996582, -253.802841187, -189.986236572, -68.302230835, 11.2811841965, -4.74492025375, -27.5954227448, -49.7744483948, 278.750335693, 40.2999458313, 53.6880111694], [-61.4067726135, -177.378952026, 133.163589478, 72.7504806519, -44.5907287598, -115.254005432, -55.150554657, 21.6626014709, 23.1708984375, -0.77456766367, 40.2999458313, 217.896606445, 58.7814941406], [-177.041732788, 63.7385253906, -10.5279102325, -12.6571216583, -56.3231124878, -72.2062530518, -66.7572097778, 36.3205795288, 22.2380275726, -7.41782903671, 53.6880111694, 58.7814941406, 169.13923645]],
        "icov": [[0.000612762058154, 0.000426743092248, 0.00105802738108, 6.42871746095e-005, 0.00126839033328, 0.000103275939182, 0.00111811945681, 0.000264052330749, 0.00113288650755, 0.000116138078738, 0.00123092252761, -0.000175276145455, 0.000928651483264], [0.000426743092248, 0.00155132217333, 0.000106846993731, 0.000739911803976, -0.000149809988216, 0.000564450805541, 8.84824476088e-005, 0.000883774075191, 0.000671631190926, 0.00117307913024, -0.000188470061403, 0.00137416506186, -0.00049427797785], [0.00105802738108, 0.000106846993731, 0.00334081193432, -0.00104456499685, 0.00331899756566, -0.000363359606126, 0.00203429325484, 0.000740341260098, 0.00275309779681, -0.000140698670293, 0.00341582042165, -0.00183792260941, 0.00197735894471], [6.42871746095e-005, 0.000739911803976, -0.00104456499685, 0.00180743297096, -0.00139134807978, 0.000366465741536, 6.95758717484e-005, -4.03948761232e-005, -0.000815157778561, 0.00078512984328, -0.000487488694489, 0.000879376661032, -0.000421303557232], [0.00126839033328, -0.000149809988216, 0.00331899756566, -0.00139134807978, 0.00668113771826, -0.00126706971787, 0.00323254452087, -0.000240381879848, 0.00255276798271, -0.00162986142095, 0.00468769483268, -0.00180481816642, 0.00323009165004], [0.000103275939182, 0.000564450805541, -0.000363359606126, 0.000366465741536, -0.00126706971787, 0.00444136746228, -0.0024949698709, 0.00139529071748, -0.000303271895973, -0.000444123375928, -0.000308272516122, 0.00214018765837, -0.000535588827915], [0.00111811945681, 8.84824476088e-005, 0.00203429325484, 6.95758717484e-005, 0.00323254452087, -0.0024949698709, 0.0071787503548, -0.00221469742246, 0.00397071056068, -0.00115536188241, 0.00215471512638, -0.00135083170608, 0.00380189158022], [0.000264052330749, 0.000883774075191, 0.000740341260098, -4.03948761232e-005, -0.000240381879848, 0.00139529071748, -0.00221469742246, 0.00722858915105, -0.000475896697026, 0.00091064197477, 0.000718153780326, 0.00026319664903, -0.00214126822539], [0.00113288650755, 0.000671631190926, 0.00275309779681, -0.000815157778561, 0.00255276798271, -0.000303271895973, 0.00397071056068, -0.000475896697026, 0.00935734901577, -0.00132962421048, 0.00256785191596, -0.00106301892083, 0.00169882178307], [0.000116138078738, 0.00117307913024, -0.000140698670293, 0.00078512984328, -0.00162986142095, -0.000444123375928, -0.00115536188241, 0.00091064197477, -0.00132962421048, 0.00860947556794, 0.00022834315314, 0.000338445010129, -0.0012921054149], [0.00123092252761, -0.000188470061403, 0.00341582042165, -0.000487488694489, 0.00468769483268, -0.000308272516122, 0.00215471512638, 0.000718153780326, 0.00256785191596, 0.00022834315314, 0.00895572640002, -0.00278303143568, 0.00145808584057], [-0.000175276145455, 0.00137416506186, -0.00183792260941, 0.000879376661032, -0.00180481816642, 0.00214018765837, -0.00135083170608, 0.00026319664903, -0.00106301892083, 0.000338445010129, -0.00278303143568, 0.0082855867222, -0.00286844489165], [0.000928651483264, -0.00049427797785, 0.00197735894471, -0.000421303557232, 0.00323009165004, -0.000535588827915, 0.00380189158022, -0.00214126822539, 0.00169882178307, -0.0012921054149, 0.00145808584057, -0.00286844489165, 0.0102235181257]]
    },
    "melbands": {
        "mean": [3.09018287226e-005, 3.26315421262e-005, 6.76747440593e-005, 0.000166510013514, 0.000894827477168, 0.000529732496943, 6.37656485196e-005, 0.000156290276209, 0.000698058633134, 0.000167666163179, 6.24687672826e-005, 0.000235618252191, 9.48278757278e-005, 7.3042618169e-005, 5.00703499711e-005, 2.78834213532e-005, 3.97637340939e-005, 1.34335650728e-005, 2.24481973419e-005, 4.28339008067e-005, 4.2898220272e-005, 1.89549500647e-005, 1.05463295768e-005, 7.49637183617e-006, 6.35755895928e-006, 5.57169096282e-006, 5.62097602597e-006, 5.7303095673e-006, 2.83421763925e-006, 2.62354024017e-006, 3.12466090691e-006, 3.62371974916e-006, 3.50665732185e-006, 3.48708977072e-006, 2.89831859845e-006, 1.78737093393e-006, 1.03898662474e-006, 6.1146954522e-007, 2.76671102029e-007, 1.82987164976e-007],
        "var": [8.84334439011e-010, 6.4908100228e-008, 3.29914598751e-007, 3.72357305878e-007, 1.79243818366e-006, 1.18802290672e-006, 2.0872643347e-007, 5.83496330364e-007, 2.6885850275e-006, 2.57082149346e-007, 9.59131440936e-008, 3.38695031132e-007, 1.14299645304e-007, 9.87136274944e-008, 3.61457992426e-008, 2.25088871986e-008, 2.28050112128e-008, 3.8717908879e-009, 1.24275691959e-008, 4.79274042675e-008, 4.38670362257e-008, 5.73981795426e-009, 1.23509114047e-009, 8.87056150756e-010, 8.78197126131e-010, 3.95190546953e-010, 2.13560752416e-010, 3.34452660011e-010, 1.79005976708e-010, 2.70455907669e-010, 3.76936620805e-010, 7.00896285455e-010, 5.39544575684e-010, 3.86077614323e-010, 1.49749851408e-010, 4.80444017903e-011, 2.92619747877e-011, 9.37843813026e-012, 2.11355607495e-012, 5.26091377493e-013]
    },
    "mfcc": {
        "mean": [-775.242919922, 91.3778305054, 10.3926382065, 24.5716247559, -9.39528656006, -7.00647640228, -10.6746873856, 7.32446098328, -1.81825876236, 3.41355514526, -18.5327892303, -1.7249673605, 5.84479999542],
        "cov": [[11365.0263672, -1352.39294434, -2751.79614258, -1433.29150391, -770.67401123, -1032.37915039, -781.497619629, -345.704559326, -730.603759766, 179.693572998, -395.656463623, 97.3906402588, -407.661590576], [-1352.39294434, 1914.18591309, -27.8830280304, -661.459350586, -299.370941162, -63.8369598389, 328.470733643, -66.3899002075, -127.37638092, -45.9560165405, 15.2672176361, -15.9427938461, -97.8235397339], [-2751.79614258, -27.8830280304, 1736.63330078, 729.089111328, 109.131866455, 268.063110352, 16.041097641, 125.25919342, 102.664382935, -139.525299072, -25.2650814056, -182.52494812, 169.148910522], [-1433.29150391, -661.459350586, 729.089111328, 1219.62902832, 488.640899658, 137.334991455, -200.74822998, 78.8871154785, 195.196746826, -125.459442139, -16.9349822998, -66.7576522827, 147.832260132], [-770.67401123, -299.370941162, 109.131866455, 488.640899658, 627.482788086, 173.991195679, -137.108078003, -41.1582641602, 178.072647095, -25.4273853302, 4.46993541718, 10.2517900467, 38.486656189], [-1032.37915039, -63.8369598389, 268.063110352, 137.334991455, 173.991195679, 539.364807129, 139.860473633, -23.9641628265, 171.445877075, 2.41233897209, 148.632720947, -48.2442741394, 41.2560310364], [-781.497619629, 328.470733643, 16.041097641, -200.74822998, -137.108078003, 139.860473633, 474.189483643, 18.0829296112, 91.2547225952, 6.65323734283, 107.318824768, 25.6072101593, -20.7084636688], [-345.704559326, -66.3899002075, 125.25919342, 78.8871154785, -41.1582641602, -23.9641628265, 18.0829296112, 200.167755127, -22.0445251465, -14.1190824509, 8.93267345428, -20.1032867432, 47.8434638977], [-730.603759766, -127.37638092, 102.664382935, 195.196746826, 178.072647095, 171.445877075, 91.2547225952, -22.0445251465, 375.13772583, -0.605836331844, 60.8414840698, -20.0627822876, 22.3440532684], [179.693572998, -45.9560165405, -139.525299072, -125.459442139, -25.4273853302, 2.41233897209, 6.65323734283, -14.1190824509, -0.605836331844, 177.721633911, 12.9564352036, 14.943189621, -3.49650144577], [-395.656463623, 15.2672176361, -25.2650814056, -16.9349822998, 4.46993541718, 148.632720947, 107.318824768, 8.93267345428, 60.8414840698, 12.9564352036, 181.750930786, 18.6331520081, -2.54435920715], [97.3906402588, -15.9427938461, -182.52494812, -66.7576522827, 10.2517900467, -48.2442741394, 25.6072101593, -20.1032867432, -20.0627822876, 14.943189621, 18.6331520081, 167.635559082, -28.6882724762], [-407.661590576, -97.8235397339, 169.148910522, 147.832260132, 38.486656189, 41.2560310364, -20.7084636688, 47.8434638977, 22.3440532684, -3.49650144577, -2.54435920715, -28.6882724762, 141.610946655]],
        "icov": [[0.000420070282416, 0.000471496605314, 0.000501525762957, 0.000245466391789, 0.000409598113038, 0.000130294312839, 0.000335804361384, 0.000516613712534, 0.00033499111305, 0.000284057954559, 0.000448729464551, 0.00051324989181, 0.000471161678433], [0.000471496605314, 0.00133469107095, 0.000352063536411, 0.000798524939455, 0.000262228393694, 0.000393299415009, -0.000128756437334, 0.000863810069859, 0.00057766737882, 0.000727208331227, 0.000420589349233, 0.000840700638946, 0.000633338815533], [0.000501525762957, 0.000352063536411, 0.00170195056126, -0.000495973334182, 0.000944359460846, -0.000451734173112, 0.000311135838274, 0.000340288621373, 0.000465022108983, 0.00055807386525, 0.00109077105299, 0.0011158620473, 0.000163356235134], [0.000245466391789, 0.000798524939455, -0.000495973334182, 0.00251941359602, -0.00113452679943, 0.000583125452977, 0.000447102473117, 1.29084792206e-005, -0.000189823782421, 0.00113028963096, -0.000143067896715, 0.000382988713682, -0.000447075930424], [0.000409598113038, 0.000262228393694, 0.000944359460846, -0.00113452679943, 0.00366078037769, -0.00103721651249, 0.00120540778153, 0.000886095629539, -0.000520841917023, 0.000114581984235, 0.0011063121492, -0.000322779291309, 0.000640300451778], [0.000130294312839, 0.000393299415009, -0.000451734173112, 0.000583125452977, -0.00103721651249, 0.00367849227041, -0.000703399768099, 0.000996030983515, -0.000270880642347, -1.20731237985e-006, -0.00241391756572, 0.00121764000505, -0.000405525963288], [0.000335804361384, -0.000128756437334, 0.000311135838274, 0.000447102473117, 0.00120540778153, -0.000703399768099, 0.00384121970274, -0.00026680456358, -0.000884926063009, 0.000299043604173, -0.000542455993127, -0.000556191895157, 0.000593137054238], [0.000516613712534, 0.000863810069859, 0.000340288621373, 1.29084792206e-005, 0.000886095629539, 0.000996030983515, -0.00026680456358, 0.00683658290654, 0.000989578780718, 0.000556901912205, -0.000421265664045, 0.00117331393994, -0.00112805387471], [0.00033499111305, 0.00057766737882, 0.000465022108983, -0.000189823782421, -0.000520841917023, -0.000270880642347, -0.000884926063009, 0.000989578780718, 0.00417910795659, 1.90763857972e-005, -6.85723207425e-005, 0.00105917081237, 0.000317256286507], [0.000284057954559, 0.000727208331227, 0.00055807386525, 0.00113028963096, 0.000114581984235, -1.20731237985e-006, 0.000299043604173, 0.000556901912205, 1.90763857972e-005, 0.00677870353684, 8.26449740998e-006, 0.000290902971756, -0.000478230416775], [0.000448729464551, 0.000420589349233, 0.00109077105299, -0.000143067896715, 0.0011063121492, -0.00241391756572, -0.000542455993127, -0.000421265664045, -6.85723207425e-005, 8.26449740998e-006, 0.00897349510342, -0.000666998967063, 0.000931497430429], [0.00051324989181, 0.000840700638946, 0.0011158620473, 0.000382988713682, -0.000322779291309, 0.00121764000505, -0.000556191895157, 0.00117331393994, 0.00105917081237, 0.000290902971756, -0.000666998967063, 0.0080638024956, 0.00104252179153], [0.000471161678433, 0.000633338815533, 0.000163356235134, -0.000447075930424, 0.000640300451778, -0.000405525963288, 0.000593137054238, -0.00112805387471, 0.000317256286507, -0.000478230416775, 0.000931497430429, 0.00104252179153, 0.0097050992772]]
    },
    "spectral_contrast_coeffs": {
        "mean": [-0.654460370541, -0.585860788822, -0.708093106747, -0.726933479309, -0.764537990093, -0.73195630312],
        "var": [0.0155617594719, 0.0288075879216, 0.0150201627985, 0.010720317252, 0.00612683733925, 0.00295730493963]
    },
    "spectral_contrast_valleys": {
        "mean": [-9.25365924835, -8.79016017914, -9.37345790863, -9.93739032745, -9.0657453537, -11.5810871124],
        "var": [0.793673694134, 1.05575478077, 1.30891656876, 1.36054861546, 1.54425430298, 1.57253813744]
    }
},
"metadata": {
    "audio_properties": {
        "analysis_sample_rate": 44100,
        "bit_rate": 107396,
        "equal_loudness": 0,
        "length": 45.0612258911,
        "lossless": 0,
        "replay_gain": -7.18723106384,
        "sample_rate": 44100,
        "codec": "mp3",
        "downmix": "mix",
        "md5_encoded": "d5621f9037a0ce5f372c1c5c635d6bf3"
    },
    "tags": {
        "file_name": "121.mp3"
    },
    "version": {
        "essentia": "2.1-beta2",
        "essentia_git_sha": "v2.1_beta2",
        "extractor": "music 1.0"
    }
},
"rhythm": {
    "beats_count": 74,
    "beats_loudness": {
        "mean": 0.0282543189824,
        "var": 0.000512485625222
    },
    "bpm": 99.4990081787,
    "bpm_histogram_first_peak_bpm": {
        "mean": 99,
        "var": 0
    },
    "bpm_histogram_first_peak_spread": {
        "mean": 0.523809552193,
        "var": 0
    },
    "bpm_histogram_first_peak_weight": {
        "mean": 0.273972600698,
        "var": 0
    },
    "bpm_histogram_second_peak_bpm": {
        "mean": 105,
        "var": 0
    },
    "bpm_histogram_second_peak_spread": {
        "mean": 0.285714298487,
        "var": 0
    },
    "bpm_histogram_second_peak_weight": {
        "mean": 0.136986300349,
        "var": 0
    },
    "danceability": 1.16475069523,
    "onset_rate": 3.03893780708,
    "beats_loudness_band_ratio": {
        "mean": [0.127198651433, 0.297112971544, 0.260699301958, 0.153634771705, 0.0851088315248, 0.104755662382],
        "var": [0.0604176446795, 0.0964148938656, 0.069127894938, 0.0401371829212, 0.0205527637154, 0.0489975474775]
    },
    "beats_position": [0.626938760281, 1.26548755169, 1.90403628349, 2.54258489609, 3.20435357094, 3.86612248421, 4.5046710968, 5.11999988556, 5.74693870544, 6.35065746307, 6.96598625183, 7.56970500946, 8.17342376709, 8.78875255585, 9.4040813446, 10.0194101334, 10.6463489532, 11.261677742, 11.8886165619, 12.5155553818, 13.1308841705, 13.7462129593, 14.3499317169, 14.9536504745, 15.545759201, 16.114648819, 16.6951465607, 17.2756462097, 17.8909740448, 18.4946937561, 19.0984115601, 19.6324710846, 20.1781406403, 20.7121982574, 21.2694778442, 21.826757431, 22.4072551727, 22.9993648529, 23.5914726257, 24.195192337, 24.7756919861, 25.3677997589, 25.9599094391, 26.5404071808, 27.1209068298, 27.6897945404, 28.2586841583, 28.8275737762, 29.3732414246, 29.9421310425, 30.5226306915, 31.1147384644, 31.6720180511, 32.2292976379, 32.8330154419, 33.4367332458, 34.0404510498, 34.7138328552, 35.3872108459, 36.0141487122, 36.6526985168, 37.2796363831, 37.9181861877, 38.5683441162, 39.2185020447, 39.8454399109, 40.3911094666, 40.9599990845, 41.5404968262, 42.1093864441, 42.678276062, 43.2587738037, 43.8276634216, 44.3965530396]
},
"tonal": {
    "chords_changes_rate": 0.117283947766,
    "chords_number_rate": 0.0164609048516,
    "chords_strength": {
        "mean": 0.443240582943,
        "var": 0.00808122288436
    },
    "hpcp_entropy": {
        "mean": 1.28519332409,
        "var": 0.909400165081
    },
    "key_strength": 0.536621153355,
    "tuning_diatonic_strength": 0.438181370497,
    "tuning_equal_tempered_deviation": 0.20666359365,
    "tuning_frequency": 432.690917969,
    "tuning_nontempered_energy_ratio": 0.852401912212,
    "hpcp": {
        "mean": [0.10060120374, 0.125207170844, 0.0991276800632, 0.0709244906902, 0.0866401791573, 0.248465299606, 0.295742869377, 0.125754669309, 0.0571283586323, 0.0656043067575, 0.0699920728803, 0.0756736695766, 0.0854728668928, 0.0904823765159, 0.0984411612153, 0.13516394794, 0.170336872339, 0.190210685134, 0.203223407269, 0.192466899753, 0.156611993909, 0.132282599807, 0.101190820336, 0.0524824745953, 0.0315511077642, 0.0273527335376, 0.024018580094, 0.0225960556418, 0.0244945641607, 0.0260535869747, 0.0307780671865, 0.0330206230283, 0.0326048135757, 0.0358965955675, 0.0385068506002, 0.0568258501589],
        "var": [0.0477281175554, 0.0590770319104, 0.0395906642079, 0.0266307778656, 0.0284359231591, 0.10883372277, 0.162975251675, 0.0351401753724, 0.0248246118426, 0.0325075872242, 0.0331588834524, 0.0347648337483, 0.0395902581513, 0.0439687781036, 0.0451675616205, 0.0733428001404, 0.09001647681, 0.10161421448, 0.102639839053, 0.110210232437, 0.0805402100086, 0.0779916718602, 0.058085821569, 0.026511060074, 0.0132427699864, 0.0114890085533, 0.00754209887236, 0.00478325458243, 0.00680893100798, 0.00777951441705, 0.0138404881582, 0.0146603481844, 0.0146238645539, 0.0173539146781, 0.0177006348968, 0.0261475294828]
    },
    "chords_histogram": [5.55555534363, 2.26337456703, 2.88065838814, 3.80658435822, 3.39506173134, 0.205761313438, 0, 3.29218101501, 14.4032926559, 4.93827152252, 2.57201647758, 0.823045253754, 6.99588489532, 0.102880656719, 9.36213970184, 21.9135799408, 8.64197540283, 1.33744859695, 0, 0, 0, 0, 5.24691343307, 2.26337456703],
    "thpcp": [1, 0.42521622777, 0.193169012666, 0.221828877926, 0.236665293574, 0.25587657094, 0.289010733366, 0.305949479342, 0.332860648632, 0.457031965256, 0.575962722301, 0.643162369728, 0.687162518501, 0.650791347027, 0.529554605484, 0.447289228439, 0.34215810895, 0.177459821105, 0.10668425262, 0.0924882292747, 0.0812143981457, 0.0764044001698, 0.0828238502145, 0.0880954042077, 0.104070357978, 0.111653149128, 0.110247164965, 0.121377721429, 0.130203813314, 0.192146137357, 0.340164422989, 0.423364967108, 0.335181981325, 0.239818096161, 0.292957782745, 0.840139627457],
    "chords_key": "G#",
    "chords_scale": "minor",
    "key_key": "D#",
    "key_scale": "major"
}
}