{
"lowlevel": {
    "average_loudness": 0.963678896427,
    "barkbands_crest": {
        "mean": 9.02853488922,
        "var": 12.3963537216
    },
    "barkbands_flatness_db": {
        "mean": 0.14284992218,
        "var": 0.00170235172845
    },
    "barkbands_kurtosis": {
        "mean": 3.44050931931,
        "var": 29.9445075989
    },
    "barkbands_skewness": {
        "mean": 1.43350183964,
        "var": 0.926761806011
    },
    "barkbands_spread": {
        "mean": 17.4234657288,
        "var": 81.6105957031
    },
    "dissonance": {
        "mean": 0.444253951311,
        "var": 0.00106065208092
    },
    "dynamic_complexity": 1.99044287205,
    "erbbands_crest": {
        "mean": 9.11357498169,
        "var": 17.6663188934
    },
    "erbbands_flatness_db": {
        "mean": 0.167671144009,
        "var": 0.00214317580685
    },
    "erbbands_kurtosis": {
        "mean": 0.478969246149,
        "var": 3.16661310196
    },
    "erbbands_skewness": {
        "mean": 0.35667142272,
        "var": 0.487267881632
    },
    "erbbands_spread": {
        "mean": 31.660610199,
        "var": 280.030883789
    },
    "hfc": {
        "mean": 21.1402893066,
        "var": 190.814697266
    },
    "melbands_crest": {
        "mean": 13.4960021973,
        "var": 22.3553905487
    },
    "melbands_flatness_db": {
        "mean": 0.225992098451,
        "var": 0.00251905084588
    },
    "melbands_kurtosis": {
        "mean": 9.33706283569,
        "var": 164.743728638
    },
    "melbands_skewness": {
        "mean": 2.20874786377,
        "var": 1.7583360672
    },
    "melbands_spread": {
        "mean": 18.6050510406,
        "var": 105.365333557
    },
    "pitch_salience": {
        "mean": 0.545035362244,
        "var": 0.0112434132025
    },
    "silence_rate_20dB": {
        "mean": 1,
        "var": 0
    },
    "silence_rate_30dB": {
        "mean": 0.99794024229,
        "var": 0.00205552927218
    },
    "silence_rate_60dB": {
        "mean": 0.00360453152098,
        "var": 0.00359145458788
    },
    "spectral_centroid": {
        "mean": 959.096618652,
        "var": 179760.09375
    },
    "spectral_complexity": {
        "mean": 18.4016475677,
        "var": 35.452495575
    },
    "spectral_decrease": {
        "mean": -8.66206750771e-009,
        "var": 2.312265281e-017
    },
    "spectral_energy": {
        "mean": 0.0346101671457,
        "var": 0.00035886495607
    },
    "spectral_energyband_high": {
        "mean": 0.000366046355339,
        "var": 3.03667150092e-007
    },
    "spectral_energyband_low": {
        "mean": 0.0110694216564,
        "var": 0.000198905094294
    },
    "spectral_energyband_middle_high": {
        "mean": 0.00700790062547,
        "var": 4.37961098214e-005
    },
    "spectral_energyband_middle_low": {
        "mean": 0.0171273648739,
        "var": 0.000135779642733
    },
    "spectral_entropy": {
        "mean": 7.22792816162,
        "var": 0.162878632545
    },
    "spectral_flux": {
        "mean": 0.0835092738271,
        "var": 0.00194328394718
    },
    "spectral_kurtosis": {
        "mean": 7.85996055603,
        "var": 20.3346176147
    },
    "spectral_rms": {
        "mean": 0.00560224801302,
        "var": 2.38079996961e-006
    },
    "spectral_rolloff": {
        "mean": 1071.36853027,
        "var": 718803.1875
    },
    "spectral_skewness": {
        "mean": 2.08766222,
        "var": 0.242050096393
    },
    "spectral_spread": {
        "mean": 4161443,
        "var": 4.16724969062e+012
    },
    "spectral_strongpeak": {
        "mean": 1.1646258831,
        "var": 2.0908203125
    },
    "zerocrossingrate": {
        "mean": 0.0459286086261,
        "var": 0.000524345610756
    },
    "barkbands": {
        "mean": [0.00023235718254, 0.00602919096127, 0.00423194142058, 0.00130109442398, 0.00515600387007, 0.00306612392887, 0.00223997072317, 0.00286289467476, 0.00177102116868, 0.00155936833471, 0.000737429887522, 0.000848625029903, 0.00108044187073, 0.00104109034874, 0.000512698024977, 0.000378446449758, 0.000784207426477, 0.000218816843699, 0.000129811480292, 0.000107073836261, 7.17290458851e-005, 5.28821401531e-005, 4.91453683935e-005, 6.20046557742e-005, 4.89421145176e-005, 3.27751113218e-005, 4.05458558816e-006],
        "var": [1.12205370328e-007, 0.000101188881672, 2.36953728745e-005, 3.54033477379e-006, 2.96085399896e-005, 1.00151273728e-005, 1.41717646329e-005, 3.97946459998e-005, 2.69738375209e-005, 1.07255427793e-005, 1.599990469e-006, 2.83303506876e-006, 3.46788692696e-006, 5.04607896801e-006, 8.26787925234e-007, 3.53717894086e-007, 1.22416474824e-006, 1.24144747815e-007, 4.1023881181e-008, 8.89434801365e-008, 9.96189175595e-009, 7.86179477075e-009, 1.13969367277e-008, 2.19121201184e-008, 9.9535348852e-009, 3.59240703851e-009, 7.37976763032e-011]
    },
    "erbbands": {
        "mean": [0.121949218214, 1.52364385128, 5.35215997696, 4.03219461441, 8.55152893066, 19.3070850372, 27.7912693024, 20.5988864899, 31.924287796, 41.6760063171, 65.3387451172, 45.2080459595, 47.453578949, 38.8777236938, 30.4320087433, 39.9621086121, 50.5139923096, 51.5979423523, 37.1267814636, 23.9723243713, 28.9099254608, 34.3846282959, 18.3993682861, 7.98722267151, 6.45854282379, 4.95199155807, 3.53787064552, 2.43465399742, 2.02178001404, 1.44715762138, 1.41406536102, 1.41599988937, 0.935488283634, 0.551769137383, 0.354379594326, 0.148348271847, 0.0588565021753, 0.0144127830863, 0.000398957083235, 4.95356034662e-005],
        "var": [0.044257581234, 6.53996896744, 37.9965705872, 20.6634578705, 101.290367126, 594.797973633, 1050.3404541, 550.336975098, 2455.07910156, 7188.38525391, 24179.6191406, 15734.8271484, 8038.99951172, 7538.17773438, 1684.19189453, 6049.13964844, 7851.90185547, 5909.20361328, 8129.83203125, 1820.95812988, 1534.68395996, 2162.00195313, 743.294067383, 128.568115234, 228.477600098, 99.8025131226, 31.0147380829, 11.4657583237, 10.6105308533, 8.89856910706, 10.0617818832, 12.4029369354, 4.52196455002, 1.39994561672, 0.533590853214, 0.0768907889724, 0.0116446763277, 0.000745980534703, 6.69336884584e-007, 9.31457577735e-010]
    },
    "gfcc": {
        "mean": [13.5713891983, 117.11920166, -112.083015442, 15.516664505, -47.204284668, 12.1035871506, -40.2094688416, 9.21531772614, -21.4340496063, 3.47698998451, -16.102766037, 3.17595291138, -10.7293395996],
        "cov": [[2949.16088867, -812.147827148, -47.3989219666, 37.8496398926, -107.430282593, 50.9001350403, -81.32056427, 22.0191326141, -184.14163208, 114.985877991, -119.614776611, 32.4636421204, -200.497085571], [-812.147827148, 1193.1151123, -492.66506958, -98.6180114746, 240.981140137, -198.827636719, 142.050079346, -66.9063110352, 132.219894409, -98.1056976318, 139.301361084, -88.7006912231, 142.932144165], [-47.3989219666, -492.66506958, 791.163330078, 87.9144592285, -140.31036377, 221.798553467, -59.8612289429, 77.7925872803, -10.9666156769, 43.6714630127, -75.9224624634, 81.9789962769, -67.8339157104], [37.8496398926, -98.6180114746, 87.9144592285, 213.62588501, 6.69842338562, 38.9101829529, -1.40146863461, 7.83884572983, 20.4065647125, 6.90544605255, 6.07973146439, 3.19986844063, 22.3503379822], [-107.430282593, 240.981140137, -140.31036377, 6.69842338562, 307.496032715, -35.9492301941, 1.15897202492, 10.3773708344, 11.2664489746, 5.885658741, 10.6106939316, -0.472159773111, 54.7719192505], [50.9001350403, -198.827636719, 221.798553467, 38.9101829529, -35.9492301941, 185.790710449, 31.9476470947, 42.327495575, 7.21519136429, 18.7261352539, -9.84484958649, 22.1147422791, -27.1303806305], [-81.32056427, 142.050079346, -59.8612289429, -1.40146863461, 1.15897202492, 31.9476470947, 177.804748535, 40.3383712769, 33.7054290771, 2.96326041222, 37.2305526733, -21.9118728638, -19.5422172546], [22.0191326141, -66.9063110352, 77.7925872803, 7.83884572983, 10.3773708344, 42.327495575, 40.3383712769, 102.034210205, 32.4464302063, 11.2640028, -2.49529623985, 11.0279111862, -19.4004611969], [-184.14163208, 132.219894409, -10.9666156769, 20.4065647125, 11.2664489746, 7.21519136429, 33.7054290771, 32.4464302063, 111.061805725, 3.33976483345, 13.804728508, -6.31833314896, 8.0533952713], [114.985877991, -98.1056976318, 43.6714630127, 6.90544605255, 5.885658741, 18.7261352539, 2.96326041222, 11.2640028, 3.33976483345, 70.6337203979, -1.35289037228, 1.1600228548, -17.7654361725], [-119.614776611, 139.301361084, -75.9224624634, 6.07973146439, 10.6106939316, -9.84484958649, 37.2305526733, -2.49529623985, 13.804728508, -1.35289037228, 75.8759613037, 0.749465584755, 17.6019954681], [32.4636421204, -88.7006912231, 81.9789962769, 3.19986844063, -0.472159773111, 22.1147422791, -21.9118728638, 11.0279111862, -6.31833314896, 1.1600228548, 0.749465584755, 75.1886444092, 6.81586360931], [-200.497085571, 142.932144165, -67.8339157104, 22.3503379822, 54.7719192505, -27.1303806305, -19.5422172546, -19.4004611969, 8.0533952713, -17.7654361725, 17.6019954681, 6.81586360931, 94.2344970703]],
        "icov": [[0.00060976203531, -0.000142321485328, 0.000661047815811, -0.000581506814342, 0.000301076768665, -0.000464998040115, 0.00045652067638, -0.000579387589823, 0.00114018516615, -0.0010496804025, 0.00105148449074, -0.000792165810708, 0.0013590749586], [-0.000142321485328, 0.00502290111035, -0.00125774089247, 0.00305640115403, -0.00327379745431, 0.0035460931249, -0.00371358543634, 0.00418828101829, -0.00576717313379, 0.00553966453299, -0.00599369267002, 0.00433790590614, -0.00419275276363], [0.000661047815811, -0.00125774089247, 0.00386224221438, -0.00206063454971, 0.0019428251544, -0.00382399512455, 0.00245839124545, -0.00276606343687, 0.00261943228543, -0.00305225350894, 0.00412776274607, -0.00367836258374, 0.00298905279487], [-0.000581506814342, 0.00305640115403, -0.00206063454971, 0.00766461575404, -0.00234413426369, 0.00180957978591, -0.00248136022128, 0.00321986968629, -0.00513993343338, 0.00375925842673, -0.00511883199215, 0.00407951045781, -0.00533348228782], [0.000301076768665, -0.00327379745431, 0.0019428251544, -0.00234413426369, 0.00631892867386, -0.00252152839676, 0.00268291076645, -0.00430298736319, 0.00426782574505, -0.00513388169929, 0.00492119742557, -0.00350314960815, 0.000834043952636], [-0.000464998040115, 0.0035460931249, -0.00382399512455, 0.00180957978591, -0.00252152839676, 0.0120028443635, -0.00517119606957, 0.00241548824124, -0.00443961191922, 0.00395062984899, -0.00506205670536, 0.00298913195729, -0.00335014984012], [0.00045652067638, -0.00371358543634, 0.00245839124545, -0.00248136022128, 0.00268291076645, -0.00517119606957, 0.0115119190887, -0.00634898012504, 0.00377483922057, -0.00418271590024, 0.00120865064673, -0.00148183421697, 0.00576446205378], [-0.000579387589823, 0.00418828101829, -0.00276606343687, 0.00321986968629, -0.00430298736319, 0.00241548824124, -0.00634898012504, 0.0180387180299, -0.0091411229223, 0.00498929433525, -0.00474088452756, 0.00224727252498, -0.0023018673528], [0.00114018516615, -0.00576717313379, 0.00261943228543, -0.00513993343338, 0.00426782574505, -0.00443961191922, 0.00377483922057, -0.0091411229223, 0.019017925486, -0.00822243560106, 0.00732006458566, -0.00498250080273, 0.00523782148957], [-0.0010496804025, 0.00553966453299, -0.00305225350894, 0.00375925842673, -0.00513388169929, 0.00395062984899, -0.00418271590024, 0.00498929433525, -0.00822243560106, 0.0231648311019, -0.00916318595409, 0.00633722962812, -0.00312033039518], [0.00105148449074, -0.00599369267002, 0.00412776274607, -0.00511883199215, 0.00492119742557, -0.00506205670536, 0.00120865064673, -0.00474088452756, 0.00732006458566, -0.00916318595409, 0.0259716957808, -0.00909827277064, 0.00392431486398], [-0.000792165810708, 0.00433790590614, -0.00367836258374, 0.00407951045781, -0.00350314960815, 0.00298913195729, -0.00148183421697, 0.00224727252498, -0.00498250080273, 0.00633722962812, -0.00909827277064, 0.0211458988488, -0.00703785941005], [0.0013590749586, -0.00419275276363, 0.00298905279487, -0.00533348228782, 0.000834043952636, -0.00335014984012, 0.00576446205378, -0.0023018673528, 0.00523782148957, -0.00312033039518, 0.00392431486398, -0.00703785941005, 0.0212918967009]]
    },
    "melbands": {
        "mean": [0.00135357480031, 0.00260091759264, 0.00083179527428, 0.000996952177957, 0.000979666365311, 0.000501385657117, 0.000483362353407, 0.000470763916383, 0.000526661460754, 0.000251693709288, 0.000231343103223, 0.000156956899446, 0.000111146728159, 8.91192612471e-005, 0.000121165081509, 9.7861768154e-005, 9.69291431829e-005, 6.76814306644e-005, 3.03345204884e-005, 2.7956742997e-005, 3.75263880414e-005, 3.82696562156e-005, 2.8969885534e-005, 1.11816161734e-005, 5.62867899134e-006, 4.39592577095e-006, 4.42218151875e-006, 2.9592890769e-006, 2.46415675065e-006, 1.63696643085e-006, 1.30342903049e-006, 1.15254260891e-006, 9.72430939328e-007, 7.50275603423e-007, 7.7544046917e-007, 9.18273315165e-007, 8.4017494828e-007, 6.75846592912e-007, 5.26786948285e-007, 4.50907123195e-007],
        "var": [5.57241082788e-006, 1.07623145595e-005, 7.5966050872e-007, 1.42825922467e-006, 1.11717463369e-006, 2.93976995636e-007, 5.56344161851e-007, 8.97849645298e-007, 1.55467444074e-006, 4.905372748e-007, 2.11362149116e-007, 1.46619029806e-007, 3.14725490114e-008, 3.24742330804e-008, 4.24303152613e-008, 2.16901838712e-008, 2.4508961971e-008, 3.90382943749e-008, 3.14649972744e-009, 2.30021557357e-009, 2.86757795287e-009, 2.85888490659e-009, 2.79908696221e-009, 4.26848362212e-010, 8.17549014598e-011, 8.58237647616e-011, 1.65581881539e-010, 3.26281467122e-011, 1.82229960288e-011, 6.45770069363e-012, 3.93447644256e-012, 3.56085907288e-012, 3.47299424462e-012, 2.74584500103e-012, 3.36500163671e-012, 4.62807136364e-012, 4.70348803308e-012, 2.4903024521e-012, 1.39778293107e-012, 1.02280000875e-012]
    },
    "mfcc": {
        "mean": [-635.753173828, 155.191696167, -4.69020223618, 13.7252988815, 10.2264003754, 3.82960748672, -3.65793919563, 2.38923740387, 0.31295338273, -1.42101204395, -1.42047703266, 5.86030864716, -2.4506983757],
        "cov": [[2359.47241211, -633.587219238, -188.830337524, -10.5254068375, -100.531944275, -0.522154152393, 35.2083435059, -76.1034088135, -95.1513214111, -0.729071557522, 46.4521331787, -12.0281801224, -113.373786926], [-633.587219238, 1065.2824707, -503.787811279, 49.0633277893, 21.468629837, -53.4915466309, 6.91771030426, -6.95659399033, 36.9613265991, -17.9919166565, -10.0245189667, 26.1949577332, 39.5960960388], [-188.830337524, -503.787811279, 851.440002441, -92.0446624756, -6.33885908127, 74.3471755981, -16.4074878693, 89.2378997803, 0.70468121767, 34.6518249512, 7.11012363434, -13.5569381714, 44.9058418274], [-10.5254068375, 49.0633277893, -92.0446624756, 176.669723511, 40.2045631409, 5.26735496521, 1.1375490427, -12.352763176, 17.7100772858, 2.22812128067, -6.81396770477, 12.3346233368, 5.95288228989], [-100.531944275, 21.468629837, -6.33885908127, 40.2045631409, 229.42489624, 20.1940612793, -5.19093751907, -14.1856355667, 41.070186615, -9.68115234375, -46.1051559448, -4.22781515121, 12.392449379], [-0.522154152393, -53.4915466309, 74.3471755981, 5.26735496521, 20.1940612793, 106.653030396, 22.1448841095, 15.6594133377, 14.4999141693, 12.6403980255, 3.47794413567, 4.66007518768, 7.21533823013], [35.2083435059, 6.91771030426, -16.4074878693, 1.1375490427, -5.19093751907, 22.1448841095, 126.877372742, 18.1491012573, 4.96695137024, 7.64405012131, 15.0823764801, 17.6367416382, -0.812397360802], [-76.1034088135, -6.95659399033, 89.2378997803, -12.352763176, -14.1856355667, 15.6594133377, 18.1491012573, 113.069869995, 27.3975849152, 10.015294075, 26.6381492615, 24.7582588196, 18.3817653656], [-95.1513214111, 36.9613265991, 0.70468121767, 17.7100772858, 41.070186615, 14.4999141693, 4.96695137024, 27.3975849152, 90.8015365601, 23.0756816864, -5.66328382492, 16.3115768433, 21.9217948914], [-0.729071557522, -17.9919166565, 34.6518249512, 2.22812128067, -9.68115234375, 12.6403980255, 7.64405012131, 10.015294075, 23.0756816864, 86.6496353149, 35.5554733276, -8.96453380585, -2.82194757462], [46.4521331787, -10.0245189667, 7.11012363434, -6.81396770477, -46.1051559448, 3.47794413567, 15.0823764801, 26.6381492615, -5.66328382492, 35.5554733276, 107.542137146, 23.4871559143, -21.172712326], [-12.0281801224, 26.1949577332, -13.5569381714, 12.3346233368, -4.22781515121, 4.66007518768, 17.6367416382, 24.7582588196, 16.3115768433, -8.96453380585, 23.4871559143, 92.267906189, 25.8854579926], [-113.373786926, 39.5960960388, 44.9058418274, 5.95288228989, 12.392449379, 7.21533823013, -0.812397360802, 18.3817653656, 21.9217948914, -2.82194757462, -21.172712326, 25.8854579926, 83.5651473999]],
        "icov": [[0.000661776750349, 0.00059880875051, 0.000499157817103, 7.2891722084e-005, 0.000150579231558, -0.000106411724119, -0.000118865624245, 7.76320666773e-005, 0.000354464369593, -0.00011245351925, -6.19713246124e-005, -0.000130327665829, 0.000237185697188], [0.00059880875051, 0.00198497180827, 0.00141398201231, 0.000189748723642, 3.856483454e-005, 0.000130409971462, -5.06864344061e-005, -0.000405765604228, 6.74960319884e-005, -6.29768983345e-005, -0.000220467933104, 0.000112521040137, -0.000940257974435], [0.000499157817103, 0.00141398201231, 0.0025643853005, 0.000857988197822, -8.07139585959e-005, -0.000925506174099, 0.000413377129007, -0.00146068399772, 0.000792410050053, -0.000698742165696, -2.30227988141e-006, 0.000464458629722, -0.00139065890107], [7.2891722084e-005, 0.000189748723642, 0.000857988197822, 0.00644423766062, -0.000922642590012, -0.000548037118278, 0.000172941334313, 0.00041866133688, -0.000501110916957, -0.000550851982553, 7.68573445384e-005, -0.000801753136329, -0.000436726695625], [0.000150579231558, 3.856483454e-005, -8.07139585959e-005, -0.000922642590012, 0.00552445836365, -0.000899234553799, 4.32923370681e-005, 0.000912989606149, -0.00249582505785, 0.000669388391543, 0.00176494428888, 9.68715539784e-005, 0.000447605154477], [-0.000106411724119, 0.000130409971462, -0.000925506174099, -0.000548037118278, -0.000899234553799, 0.0109691079706, -0.00188579596579, -0.00034862064058, -0.000922316685319, -0.000808281067293, -0.000110053741082, -8.25699098641e-005, -0.000212836544961], [-0.000118865624245, -5.06864344061e-005, 0.000413377129007, 0.000172941334313, 4.32923370681e-005, -0.00188579596579, 0.00872644130141, -0.00127530994359, 0.000360569887562, -0.00068347499473, -0.000163994627655, -0.00139954860788, 0.000424373225542], [7.76320666773e-005, -0.000405765604228, -0.00146068399772, 0.00041866133688, 0.000912989606149, -0.00034862064058, -0.00127530994359, 0.0124436328188, -0.00393933709711, 0.00146957987454, -0.00309129082598, -0.00124134414364, -0.00111787521746], [0.000354464369593, 6.74960319884e-005, 0.000792410050053, -0.000501110916957, -0.00249582505785, -0.000922316685319, 0.000360569887562, -0.00393933709711, 0.0163828935474, -0.00577674619853, 0.00265517295338, -0.00253820535727, -0.00165525416378], [-0.00011245351925, -6.29768983345e-005, -0.000698742165696, -0.000550851982553, 0.000669388391543, -0.000808281067293, -0.00068347499473, 0.00146957987454, -0.00577674619853, 0.0167222805321, -0.00694643054157, 0.00451789377257, -0.00114673911594], [-6.19713246124e-005, -0.000220467933104, -2.30227988141e-006, 7.68573445384e-005, 0.00176494428888, -0.000110053741082, -0.000163994627655, -0.00309129082598, 0.00265517295338, -0.00694643054157, 0.0155252860859, -0.00555426487699, 0.00516531523317], [-0.000130327665829, 0.000112521040137, 0.000464458629722, -0.000801753136329, 9.68715539784e-005, -8.25699098641e-005, -0.00139954860788, -0.00124134414364, -0.00253820535727, 0.00451789377257, -0.00555426487699, 0.0154290767387, -0.00553861493245], [0.000237185697188, -0.000940257974435, -0.00139065890107, -0.000436726695625, 0.000447605154477, -0.000212836544961, 0.000424373225542, -0.00111787521746, -0.00165525416378, -0.00114673911594, 0.00516531523317, -0.00553861493245, 0.0171343572438]]
    },
    "spectral_contrast_coeffs": {
        "mean": [-0.631737947464, -0.673392891884, -0.715489089489, -0.730368316174, -0.744603514671, -0.779360890388],
        "var": [0.00514894677326, 0.0053064795211, 0.00384076102637, 0.00370200141333, 0.00339431338944, 0.00205801427364]
    },
    "spectral_contrast_valleys": {
        "mean": [-6.83648395538, -6.53765916824, -7.28599834442, -7.76451206207, -8.05358505249, -10.4816589355],
        "var": [0.512232780457, 0.514126420021, 0.568469882011, 0.596050560474, 0.616264343262, 0.985680878162]
    }
},
"metadata": {
    "audio_properties": {
        "analysis_sample_rate": 44100,
        "bit_rate": 128074,
        "equal_loudness": 0,
        "length": 45.0612258911,
        "lossless": 0,
        "replay_gain": -5.25017547607,
        "sample_rate": 44100,
        "codec": "mp3",
        "downmix": "mix",
        "md5_encoded": "b88662862eb7d3f6ce4e8e9d14623c9b"
    },
    "tags": {
        "file_name": "1211.mp3"
    },
    "version": {
        "essentia": "2.1-beta2",
        "essentia_git_sha": "v2.1_beta2",
        "extractor": "music 1.0"
    }
},
"rhythm": {
    "beats_count": 83,
    "beats_loudness": {
        "mean": 0.0400932356715,
        "var": 0.000233964092331
    },
    "bpm": 111.181884766,
    "bpm_histogram_first_peak_bpm": {
        "mean": 112,
        "var": 0
    },
    "bpm_histogram_first_peak_spread": {
        "mean": 0.530864179134,
        "var": 0
    },
    "bpm_histogram_first_peak_weight": {
        "mean": 0.463414639235,
        "var": 0
    },
    "bpm_histogram_second_peak_bpm": {
        "mean": 101,
        "var": 0
    },
    "bpm_histogram_second_peak_spread": {
        "mean": 0,
        "var": 0
    },
    "bpm_histogram_second_peak_weight": {
        "mean": 0.0121951214969,
        "var": 0
    },
    "danceability": 1.1808590889,
    "onset_rate": 3.7931265831,
    "beats_loudness_band_ratio": {
        "mean": [0.400632411242, 0.24536895752, 0.202899351716, 0.108412526548, 0.0659431815147, 0.0292098727077],
        "var": [0.0537882037461, 0.0225649382919, 0.0247544702142, 0.0054063280113, 0.00516520813107, 0.000527691328898]
    },
    "beats_position": [0.568888902664, 1.16099774837, 1.71827661991, 2.26394557953, 2.79800438881, 3.33206343651, 3.87773227692, 4.42340135574, 4.95746040344, 5.47990942001, 6.01396799088, 6.54802703857, 7.08208608627, 7.61614513397, 8.15020370483, 8.68426322937, 9.21832180023, 9.75238037109, 10.2864398956, 10.8321084976, 11.3777770996, 11.9118366241, 12.4575052261, 13.0031747818, 13.5372333527, 14.0712919235, 14.6053514481, 15.1394100189, 15.6734695435, 16.2075271606, 16.7415866852, 17.2872562408, 17.8329238892, 18.3785934448, 18.9242630005, 19.458322525, 19.9923801422, 20.5264396667, 21.0488891602, 21.5713367462, 22.1053962708, 22.6394557953, 23.1619052887, 23.6843528748, 24.2184123993, 24.764081955, 25.2981395721, 25.8438091278, 26.3894786835, 26.9351463318, 27.4692058563, 28.0264854431, 28.5605430603, 29.0946025848, 29.6286621094, 30.1743297577, 30.7199993134, 31.2540588379, 31.7881164551, 32.3337860107, 32.8678436279, 33.4019050598, 33.9475746155, 34.4932403564, 35.0389099121, 35.5845794678, 36.1302490234, 36.6759185791, 37.2215881348, 37.755645752, 38.3129234314, 38.8585929871, 39.4042625427, 39.9499320984, 40.4956016541, 41.0296592712, 41.5637168884, 42.1093864441, 42.6550559998, 43.2123336792, 43.7696151733, 44.3268928528, 44.8841705322]
},
"tonal": {
    "chords_changes_rate": 0.0390946492553,
    "chords_number_rate": 0.00617283955216,
    "chords_strength": {
        "mean": 0.54075974226,
        "var": 0.00576188368723
    },
    "hpcp_entropy": {
        "mean": 1.8175112009,
        "var": 0.383320778608
    },
    "key_strength": 0.802835822105,
    "tuning_diatonic_strength": 0.652930140495,
    "tuning_equal_tempered_deviation": 0.0620322786272,
    "tuning_frequency": 441.527557373,
    "tuning_nontempered_energy_ratio": 0.657772600651,
    "hpcp": {
        "mean": [0.249954506755, 0.145240068436, 0.0441547855735, 0.0322396866977, 0.0490910969675, 0.167624443769, 0.232843771577, 0.136355891824, 0.107668444514, 0.131356135011, 0.0811857879162, 0.0424500331283, 0.038323905319, 0.0431066192687, 0.209813088179, 0.326537251472, 0.177369326353, 0.0759802535176, 0.0722811445594, 0.0709479153156, 0.167294755578, 0.247357562184, 0.208179667592, 0.178100898862, 0.113462552428, 0.0418346896768, 0.0888339728117, 0.132759928703, 0.150213092566, 0.373856991529, 0.46439319849, 0.210523188114, 0.070263415575, 0.0624726973474, 0.0661947503686, 0.172777295113],
        "var": [0.111353352666, 0.0503488741815, 0.0139786275104, 0.0122959688306, 0.0116665195674, 0.0558289848268, 0.0902455151081, 0.0448737256229, 0.0363588817418, 0.0653239265084, 0.0276279319078, 0.0096185579896, 0.00829606875777, 0.00639968272299, 0.0546881444752, 0.115758568048, 0.0417706370354, 0.0260200705379, 0.0273443404585, 0.0280128996819, 0.0591976754367, 0.0986665785313, 0.0549430735409, 0.0579988323152, 0.0347181744874, 0.015027676709, 0.0236892923713, 0.0507882535458, 0.0418021418154, 0.113196671009, 0.141672223806, 0.0453671775758, 0.0267462879419, 0.0240587908775, 0.0218403209001, 0.0610122978687]
    },
    "chords_histogram": [58.127571106, 1.02880656719, 0.823045253754, 0, 0, 0, 0, 0, 0, 0.102880656719, 0.514403283596, 0, 0, 0, 0, 0, 0, 1.33744859695, 0, 0, 0, 21.9135799408, 3.08641982079, 13.0658435822],
    "thpcp": [1, 0.453329622746, 0.151301562786, 0.134525433183, 0.142540305853, 0.372049570084, 0.538238942623, 0.312752366066, 0.0950806066394, 0.069423250854, 0.105710200965, 0.360953688622, 0.501393616199, 0.293621629477, 0.231847584248, 0.282855421305, 0.174821227789, 0.091409675777, 0.0825246945024, 0.0928235352039, 0.451800525188, 0.703148245811, 0.38193783164, 0.163611903787, 0.155646428466, 0.152775526047, 0.3602437675, 0.53264683485, 0.448283195496, 0.383513152599, 0.244324326515, 0.0900846272707, 0.191290423274, 0.285878270864, 0.323460996151, 0.805044054985],
    "chords_key": "G",
    "chords_scale": "major",
    "key_key": "G",
    "key_scale": "major"
}
}