{
"lowlevel": {
    "average_loudness": 0.168907463551,
    "barkbands_crest": {
        "mean": 15.2967576981,
        "var": 22.1353092194
    },
    "barkbands_flatness_db": {
        "mean": 0.28979369998,
        "var": 0.0061054751277
    },
    "barkbands_kurtosis": {
        "mean": 11.7781476974,
        "var": 252.183410645
    },
    "barkbands_skewness": {
        "mean": 1.91317784786,
        "var": 2.02922201157
    },
    "barkbands_spread": {
        "mean": 5.38854265213,
        "var": 60.4359436035
    },
    "dissonance": {
        "mean": 0.371129125357,
        "var": 0.00420921528712
    },
    "dynamic_complexity": 6.03168058395,
    "erbbands_crest": {
        "mean": 16.3385658264,
        "var": 45.0831069946
    },
    "erbbands_flatness_db": {
        "mean": 0.275206238031,
        "var": 0.00460080103949
    },
    "erbbands_kurtosis": {
        "mean": 7.41285848618,
        "var": 126.984214783
    },
    "erbbands_skewness": {
        "mean": 1.73508346081,
        "var": 1.34736979008
    },
    "erbbands_spread": {
        "mean": 15.0450315475,
        "var": 184.345611572
    },
    "hfc": {
        "mean": 6.4151968956,
        "var": 98.8499526978
    },
    "melbands_crest": {
        "mean": 18.8798656464,
        "var": 39.6840629578
    },
    "melbands_flatness_db": {
        "mean": 0.370896846056,
        "var": 0.00918433256447
    },
    "melbands_kurtosis": {
        "mean": 13.9285840988,
        "var": 272.701782227
    },
    "melbands_skewness": {
        "mean": 2.04780364037,
        "var": 2.36445331573
    },
    "melbands_spread": {
        "mean": 6.22778749466,
        "var": 60.6470603943
    },
    "pitch_salience": {
        "mean": 0.467692553997,
        "var": 0.0185007806867
    },
    "silence_rate_20dB": {
        "mean": 1,
        "var": 0
    },
    "silence_rate_30dB": {
        "mean": 0.987641632557,
        "var": 0.0122055374086
    },
    "silence_rate_60dB": {
        "mean": 0.293511837721,
        "var": 0.207362294197
    },
    "spectral_centroid": {
        "mean": 491.122650146,
        "var": 153884.25
    },
    "spectral_complexity": {
        "mean": 6.15602493286,
        "var": 9.16771221161
    },
    "spectral_decrease": {
        "mean": -3.88462817469e-009,
        "var": 2.93065260293e-017
    },
    "spectral_energy": {
        "mean": 0.0152433216572,
        "var": 0.000450850318884
    },
    "spectral_energyband_high": {
        "mean": 6.69025612297e-005,
        "var": 7.19502324387e-008
    },
    "spectral_energyband_low": {
        "mean": 0.00233447621576,
        "var": 1.39740141094e-005
    },
    "spectral_energyband_middle_high": {
        "mean": 0.00122236530297,
        "var": 2.30858604482e-005
    },
    "spectral_energyband_middle_low": {
        "mean": 0.0120597071946,
        "var": 0.000395160546759
    },
    "spectral_entropy": {
        "mean": 5.98636722565,
        "var": 0.536274373531
    },
    "spectral_flux": {
        "mean": 0.0308246724308,
        "var": 0.00062259985134
    },
    "spectral_kurtosis": {
        "mean": 28.4437541962,
        "var": 733.658447266
    },
    "spectral_rms": {
        "mean": 0.0032053720206,
        "var": 4.59714328827e-006
    },
    "spectral_rolloff": {
        "mean": 584.466003418,
        "var": 1004479.3125
    },
    "spectral_skewness": {
        "mean": 3.75335884094,
        "var": 3.28822040558
    },
    "spectral_spread": {
        "mean": 2699699.75,
        "var": 4.26762960896e+012
    },
    "spectral_strongpeak": {
        "mean": 1.02217900753,
        "var": 1.51459360123
    },
    "zerocrossingrate": {
        "mean": 0.0239614844322,
        "var": 0.000751294195652
    },
    "barkbands": {
        "mean": [4.15493059336e-006, 0.00115020736121, 0.000760504277423, 0.000848668918479, 0.00102987652645, 0.00710276141763, 0.0017011272721, 0.00085378222866, 0.000480634014821, 0.000749904720578, 0.00012779716053, 0.000158251583343, 7.49625833123e-005, 4.0533614083e-005, 3.15581528412e-005, 1.50881078298e-005, 1.34560459628e-005, 1.42201051858e-005, 1.39537587529e-005, 8.5495184976e-006, 3.23512613249e-005, 1.9637762307e-005, 3.16448654303e-006, 4.22925131716e-006, 2.52062318395e-006, 1.42723638419e-006, 4.49573072103e-008],
        "var": [1.38545702688e-010, 6.44448073217e-006, 3.28364694724e-006, 2.86603949462e-006, 4.14014357375e-006, 0.00032499738154, 3.11074836645e-005, 1.57455069711e-005, 2.31121430261e-006, 1.8025515601e-005, 5.27283816609e-007, 2.3012229633e-007, 1.13204109198e-007, 3.83569194184e-008, 2.83365508835e-008, 4.88093387929e-009, 3.17130788297e-009, 2.57680010662e-009, 2.75361000668e-009, 1.5351404592e-009, 2.60700101506e-008, 7.5469834826e-009, 1.84408849302e-010, 4.41344488733e-010, 1.79318532245e-010, 6.00466482092e-011, 7.97308318543e-014]
    },
    "erbbands": {
        "mean": [0.0142763508484, 0.323220431805, 0.914465665817, 1.94773757458, 2.2729382515, 3.26950192451, 15.1404294968, 77.9425811768, 44.6297950745, 12.0807924271, 21.8994941711, 11.8148870468, 17.2108345032, 18.2530708313, 5.76986694336, 6.0438170433, 3.67937994003, 2.48969483376, 2.16160583496, 1.13763439655, 0.803252160549, 0.748664319515, 0.713920652866, 0.771419942379, 0.641299784184, 0.454677850008, 0.765331745148, 1.49111783504, 0.753853261471, 0.29417809844, 0.0823249518871, 0.0966984406114, 0.0622074529529, 0.0298396088183, 0.0169841144234, 0.00842111278325, 0.00229396554641, 0.00024213604047, 1.3491639038e-005, 1.73554326466e-005],
        "var": [0.000853572739288, 0.480154395103, 3.03392004967, 12.6774892807, 13.8429861069, 30.2251739502, 612.021484375, 46900.6289063, 10819.1757813, 4061.50292969, 10042.0908203, 1448.41967773, 7036.90527344, 7645.05859375, 609.885498047, 334.362731934, 194.880493164, 72.1123046875, 136.007995605, 19.6153755188, 10.1154384613, 11.0967054367, 6.3595123291, 7.42113256454, 5.82300949097, 4.63559055328, 14.3442230225, 58.6389122009, 9.32146549225, 3.47170686722, 0.100506864488, 0.25069218874, 0.0943119749427, 0.0263132452965, 0.00862546823919, 0.00258894241415, 0.000150453925016, 1.47292553265e-006, 1.10203768333e-009, 5.69555291818e-010]
    },
    "gfcc": {
        "mean": [-168.880966187, 162.768035889, -95.6601257324, 4.51394891739, -66.1083755493, -8.81004333496, -30.1360340118, -9.42631149292, -21.9435882568, -6.33765602112, -9.27274703979, 1.28164470196, -0.337231814861],
        "cov": [[6343.82666016, -1468.16101074, -1269.17138672, -290.476501465, -595.872558594, 181.575469971, -29.8001861572, 196.820892334, -76.3989028931, 392.558074951, 22.5775051117, 13.1087417603, -229.529022217], [-1468.16101074, 2330.20874023, 655.306518555, -33.3848266602, 945.905212402, -485.837768555, 173.420669556, -226.404312134, 375.804962158, -217.332061768, 241.187255859, -59.8467979431, 217.911605835], [-1269.17138672, 655.306518555, 993.052246094, 173.251144409, 284.238189697, -48.1141929626, 11.1426153183, -38.2980690002, 59.1705131531, -50.3750534058, -7.6150431633, 22.8772411346, 46.3850822449], [-290.476501465, -33.3848266602, 173.251144409, 398.683013916, 134.713226318, 100.061508179, 86.6693725586, 24.2045688629, -17.6782646179, 4.59327411652, -14.9153470993, 31.8569335938, -21.7676296234], [-595.872558594, 945.905212402, 284.238189697, 134.713226318, 712.910705566, -183.846298218, 70.3161392212, -38.6957702637, 164.923675537, -33.6479606628, 91.0643844604, 5.73560857773, 75.2783584595], [181.575469971, -485.837768555, -48.1141929626, 100.061508179, -183.846298218, 265.684783936, 27.3962306976, 85.8849716187, -98.5047225952, 37.7743644714, -61.3282470703, 26.4691772461, -46.2806243896], [-29.8001861572, 173.420669556, 11.1426153183, 86.6693725586, 70.3161392212, 27.3962306976, 249.74319458, 23.2493228912, 46.4998779297, 4.29870986938, 50.3734703064, 11.3438329697, -7.5281920433], [196.820892334, -226.404312134, -38.2980690002, 24.2045688629, -38.6957702637, 85.8849716187, 23.2493228912, 123.160331726, -14.8609981537, 40.6343421936, -30.609172821, 18.6247425079, -22.9897022247], [-76.3989028931, 375.804962158, 59.1705131531, -17.6782646179, 164.923675537, -98.5047225952, 46.4998779297, -14.8609981537, 171.274108887, 36.1090393066, 75.2051239014, 0.461944758892, 33.5618209839], [392.558074951, -217.332061768, -50.3750534058, 4.59327411652, -33.6479606628, 37.7743644714, 4.29870986938, 40.6343421936, 36.1090393066, 184.252716064, 32.3191299438, 32.9699821472, -42.3684921265], [22.5775051117, 241.187255859, -7.6150431633, -14.9153470993, 91.0643844604, -61.3282470703, 50.3734703064, -30.609172821, 75.2051239014, 32.3191299438, 144.823806763, 27.4383563995, 37.3464241028], [13.1087417603, -59.8467979431, 22.8772411346, 31.8569335938, 5.73560857773, 26.4691772461, 11.3438329697, 18.6247425079, 0.461944758892, 32.9699821472, 27.4383563995, 78.8142929077, 22.0921154022], [-229.529022217, 217.911605835, 46.3850822449, -21.7676296234, 75.2783584595, -46.2806243896, -7.5281920433, -22.9897022247, 33.5618209839, -42.3684921265, 37.3464241028, 22.0921154022, 117.011962891]],
        "icov": [[0.000255175837083, -4.41155088993e-006, 0.00026096534566, 7.00293094269e-005, 5.33518614247e-005, 3.58891265932e-005, 1.82308158401e-005, -0.000208205106901, 5.83265500609e-005, -0.00037395072286, -8.77222992131e-005, 1.83296708656e-006, 0.000234000093769], [-4.41155088993e-006, 0.00377386761829, -0.00139829714317, 0.00141118175816, -0.0029123025015, 0.00100444990676, -0.0017968484899, 0.00254686409608, -0.00312333437614, 0.00306471018121, -0.00188989273738, 0.00200117984787, -0.00133334216662], [0.00026096534566, -0.00139829714317, 0.00204429286532, -0.000884302309714, 0.000762081472203, -0.000386194325984, 0.000824424205348, -0.000715015572496, 0.000776624365244, -0.00126582442317, 0.00119203550275, -0.00127176067326, 0.000589161354583], [7.00293094269e-005, 0.00141118175816, -0.000884302309714, 0.00451464019716, -0.00229304004461, -0.00159938191064, -0.00165914080571, 0.00171399640385, -0.00065930665005, 0.00110009475611, -0.000177628913661, -0.00050859892508, 0.000512502214406], [5.33518614247e-005, -0.0029123025015, 0.000762081472203, -0.00229304004461, 0.00489796884358, 0.000895558914635, 0.00129262555856, -0.00276511069387, 0.00104347546585, -0.00202257768251, 0.000953788927291, -0.00132455746643, 0.00045663950732], [3.58891265932e-005, 0.00100444990676, -0.000386194325984, -0.00159938191064, 0.000895558914635, 0.00876385159791, -0.00150507048238, -0.00314224883914, 0.00215197796933, -0.000418189214543, 0.000331300107064, -0.000323834014125, -0.000581951870117], [1.82308158401e-005, -0.0017968484899, 0.000824424205348, -0.00165914080571, 0.00129262555856, -0.00150507048238, 0.00624846527353, -0.00234562181868, -0.000239946748479, -7.4091287388e-005, -0.00144816248212, -0.000874236051459, 0.00193010678049], [-0.000208205106901, 0.00254686409608, -0.000715015572496, 0.00171399640385, -0.00276511069387, -0.00314224883914, -0.00234562181868, 0.0143364565447, -0.0035097124055, 0.000595492776483, 0.00225267349742, -0.00114737194963, -0.000627314380836], [5.83265500609e-005, -0.00312333437614, 0.000776624365244, -0.00065930665005, 0.00104347546585, 0.00215197796933, -0.000239946748479, -0.0035097124055, 0.01443381235, -0.00609265360981, -0.00125694798771, 0.00094862061087, -0.00114862469491], [-0.00037395072286, 0.00306471018121, -0.00126582442317, 0.00110009475611, -0.00202257768251, -0.000418189214543, -7.4091287388e-005, 0.000595492776483, -0.00609265360981, 0.0120062818751, -0.00368686905131, -0.00212680618279, 0.00318662868813], [-8.77222992131e-005, -0.00188989273738, 0.00119203550275, -0.000177628913661, 0.000953788927291, 0.000331300107064, -0.00144816248212, 0.00225267349742, -0.00125694798771, -0.00368686905131, 0.0134522672743, -0.00487339450046, -0.00163912505377], [1.83296708656e-006, 0.00200117984787, -0.00127176067326, -0.00050859892508, -0.00132455746643, -0.000323834014125, -0.000874236051459, -0.00114737194963, 0.00094862061087, -0.00212680618279, -0.00487339450046, 0.0196667071432, -0.00607115728781], [0.000234000093769, -0.00133334216662, 0.000589161354583, 0.000512502214406, 0.00045663950732, -0.000581951870117, 0.00193010678049, -0.000627314380836, -0.00114862469491, 0.00318662868813, -0.00163912505377, -0.00607115728781, 0.0139796920121]]
    },
    "melbands": {
        "mean": [0.000235724684899, 0.000482714065583, 0.000357941811671, 0.000172434025444, 0.000436069036368, 0.00163421744946, 0.000623169064056, 0.000116760231322, 0.000170406594407, 6.75270275678e-005, 9.26198918023e-005, 8.6091538833e-005, 1.92355309991e-005, 1.66125064425e-005, 1.12153493319e-005, 8.54829522723e-006, 3.777275424e-006, 3.63557751371e-006, 2.07819016396e-006, 1.18599109555e-006, 8.42077895413e-007, 7.42295469536e-007, 7.01355020283e-007, 7.00432337908e-007, 6.18307296918e-007, 5.15672013535e-007, 3.95911229134e-007, 2.65364207053e-007, 2.94607218621e-007, 9.50398543864e-007, 7.83101313573e-007, 4.32939714301e-007, 3.26747766621e-007, 9.94807862753e-008, 3.64633656602e-008, 5.80116896742e-008, 5.92283129208e-008, 4.53319088933e-008, 3.30102238877e-008, 2.23343903372e-008],
        "var": [2.59126409219e-007, 7.63539389936e-007, 3.93976819169e-007, 6.34842578506e-008, 5.48858793081e-007, 1.86668639799e-005, 2.03830541068e-006, 4.01508401637e-007, 6.31270154372e-007, 5.60078206036e-008, 2.36441550783e-007, 1.88841653426e-007, 9.89008697161e-009, 2.66828514839e-009, 1.94461891034e-009, 1.78135117768e-009, 2.04765912559e-010, 4.57551496691e-010, 9.93621920853e-011, 3.59977707365e-011, 1.11409700909e-011, 1.34899088428e-011, 6.65817444581e-012, 6.80636233139e-012, 5.28052298068e-012, 4.14202569812e-012, 2.61482524001e-012, 1.85013137623e-012, 2.48934531842e-012, 2.26883269117e-011, 1.69362197877e-011, 2.70158678414e-012, 4.2258765931e-012, 4.54613180868e-013, 1.68537177893e-014, 8.8939340376e-014, 1.00106595648e-013, 4.95473650444e-014, 3.68768600725e-014, 1.57602829577e-014]
    },
    "mfcc": {
        "mean": [-818.574401855, 189.180435181, 24.0040073395, 13.6307535172, -9.14039802551, -3.29392290115, -5.14688873291, -4.43410348892, -5.5355553627, -13.8327522278, -4.45933628082, -5.02550935745, -6.12541866302],
        "cov": [[5601.78173828, -1014.09423828, -1382.80371094, -175.081420898, -767.69317627, 23.9460353851, -11.5944900513, -150.543457031, -105.79523468, 85.6728897095, 268.551574707, 69.5380859375, -77.032119751], [-1014.09423828, 1996.68005371, 198.783325195, 269.1746521, 606.481628418, -72.311378479, -43.2835426331, 3.31198120117, 33.809513092, 46.847442627, -139.365753174, -110.370346069, 248.682983398], [-1382.80371094, 198.783325195, 878.116821289, 79.1510009766, 155.291061401, 57.5921173096, 23.2666683197, 74.1212387085, 50.0965499878, -21.5215606689, -55.2317619324, 2.96249032021, 82.6110992432], [-175.081420898, 269.1746521, 79.1510009766, 339.720336914, 221.514175415, 83.5633239746, 71.4953842163, 52.9581642151, 30.433008194, 33.1445198059, 13.1679172516, -26.740026474, 104.057273865], [-767.69317627, 606.481628418, 155.291061401, 221.514175415, 518.242004395, 25.8039646149, 10.1697540283, 29.4262962341, 50.0657920837, 19.8305606842, -66.9222564697, -50.266494751, 114.811187744], [23.9460353851, -72.311378479, 57.5921173096, 83.5633239746, 25.8039646149, 143.682373047, 70.654335022, 33.1144828796, 18.4387054443, 12.8487701416, 47.2060317993, 19.2787189484, 40.2078704834], [-11.5944900513, -43.2835426331, 23.2666683197, 71.4953842163, 10.1697540283, 70.654335022, 172.266860962, 85.312713623, 17.443447113, 16.2018280029, 21.9307765961, 8.64262580872, 18.2117843628], [-150.543457031, 3.31198120117, 74.1212387085, 52.9581642151, 29.4262962341, 33.1144828796, 85.312713623, 145.66104126, 46.1612358093, 9.1290845871, -1.06397414207, 0.0278529785573, 11.601436615], [-105.79523468, 33.809513092, 50.0965499878, 30.433008194, 50.0657920837, 18.4387054443, 17.443447113, 46.1612358093, 105.805107117, 26.7904434204, -13.7257661819, -2.72874855995, 32.845615387], [85.6728897095, 46.847442627, -21.5215606689, 33.1445198059, 19.8305606842, 12.8487701416, 16.2018280029, 9.1290845871, 26.7904434204, 98.0384902954, 29.7263793945, 0.180218487978, 47.3645401001], [268.551574707, -139.365753174, -55.2317619324, 13.1679172516, -66.9222564697, 47.2060317993, 21.9307765961, -1.06397414207, -13.7257661819, 29.7263793945, 129.358032227, 46.4520301819, 5.12358570099], [69.5380859375, -110.370346069, 2.96249032021, -26.740026474, -50.266494751, 19.2787189484, 8.64262580872, 0.0278529785573, -2.72874855995, 0.180218487978, 46.4520301819, 90.0953292847, 17.6623210907], [-77.032119751, 248.682983398, 82.6110992432, 104.057273865, 114.811187744, 40.2078704834, 18.2117843628, 11.601436615, 32.845615387, 47.3645401001, 5.12358570099, 17.6623210907, 192.287796021]],
        "icov": [[0.000395797716919, 4.628816896e-005, 0.000552493089344, -0.000135356691317, 0.000486478616949, -0.000175696637598, 7.63799253036e-005, 0.000104687031126, -1.24924517877e-005, -5.77652426728e-005, -0.000263245834503, 0.000194130421733, -0.000327151152305], [4.628816896e-005, 0.000971069617663, 3.2838761399e-005, -9.9562916148e-005, -0.000806628842838, 0.000751410610974, 6.32092633168e-005, -3.00699721265e-005, 0.000360174803063, -7.21901815268e-005, 0.000135616210173, 0.000640277692582, -0.000983395031653], [0.000552493089344, 3.2838761399e-005, 0.002134419512, -0.00011064766295, 0.000470524770208, -0.00090221024584, 0.000451457395684, -0.000539117434528, -0.000142034958117, 0.000381674442906, 0.000249138567597, -4.30455693277e-005, -0.000853207777254], [-0.000135356691317, -9.9562916148e-005, -0.00011064766295, 0.00566270761192, -0.00201514898799, -0.0017248808872, -0.000971414439846, -0.000794563558884, 0.000389411434298, 0.00010925411334, -0.00134903052822, 0.00200227508321, -0.00147989566904], [0.000486478616949, -0.000806628842838, 0.000470524770208, -0.00201514898799, 0.00467086490244, -0.000766519166064, 0.000509594334289, 0.00027636878076, -0.000896783720236, -3.28265996359e-005, 0.000957127602305, 0.000313477648888, -0.00046011802624], [-0.000175696637598, 0.000751410610974, -0.00090221024584, -0.0017248808872, -0.000766519166064, 0.0121981138363, -0.00377140706405, 0.000930066860747, -0.00142408080865, 0.00153551041149, -0.00370190828107, 6.48705026833e-005, -0.00155533663929], [7.63799253036e-005, 6.32092633168e-005, 0.000451457395684, -0.000971414439846, 0.000509594334289, -0.00377140706405, 0.0102817323059, -0.00549515662715, 0.00155650719535, -0.00117542757653, 0.000662155391183, -0.000504163617734, 0.000174994755071], [0.000104687031126, -3.00699721265e-005, -0.000539117434528, -0.000794563558884, 0.00027636878076, 0.000930066860747, -0.00549515662715, 0.01176180318, -0.00433363998309, 0.000551379169337, -0.000162658281624, -6.40289727016e-005, 0.000808399985544], [-1.24924517877e-005, 0.000360174803063, -0.000142034958117, 0.000389411434298, -0.000896783720236, -0.00142408080865, 0.00155650719535, -0.00433363998309, 0.01315018069, -0.00366015313193, 0.00251193437725, -0.000457548041595, -0.00104282447137], [-5.77652426728e-005, -7.21901815268e-005, 0.000381674442906, 0.00010925411334, -3.28265996359e-005, 0.00153551041149, -0.00117542757653, 0.000551379169337, -0.00366015313193, 0.014345113188, -0.00469583878294, 0.00269113318063, -0.00340666086413], [-0.000263245834503, 0.000135616210173, 0.000249138567597, -0.00134903052822, 0.000957127602305, -0.00370190828107, 0.000662155391183, -0.000162658281624, 0.00251193437725, -0.00469583878294, 0.0138900727034, -0.00612954469398, 0.00141236803029], [0.000194130421733, 0.000640277692582, -4.30455693277e-005, 0.00200227508321, 0.000313477648888, 6.48705026833e-005, -0.000504163617734, -6.40289727016e-005, -0.000457548041595, 0.00269113318063, -0.00612954469398, 0.016443874687, -0.00389629113488], [-0.000327151152305, -0.000983395031653, -0.000853207777254, -0.00147989566904, -0.00046011802624, -0.00155533663929, 0.000174994755071, 0.000808399985544, -0.00104282447137, -0.00340666086413, 0.00141236803029, -0.00389629113488, 0.00938081927598]]
    },
    "spectral_contrast_coeffs": {
        "mean": [-0.616535544395, -0.606383979321, -0.72459602356, -0.765239834785, -0.788904070854, -0.757665097713],
        "var": [0.00775612425059, 0.0116577297449, 0.00682494975626, 0.00441361172125, 0.00338360923342, 0.00298831495456]
    },
    "spectral_contrast_valleys": {
        "mean": [-8.35789680481, -7.87766361237, -8.75255012512, -10.0021257401, -10.2846107483, -13.0656347275],
        "var": [1.01438808441, 0.65351754427, 0.751345694065, 0.734466612339, 0.694474458694, 1.19414722919]
    }
},
"metadata": {
    "audio_properties": {
        "analysis_sample_rate": 44100,
        "bit_rate": 128074,
        "equal_loudness": 0,
        "length": 45.0612258911,
        "lossless": 0,
        "replay_gain": -6.46640205383,
        "sample_rate": 44100,
        "codec": "mp3",
        "downmix": "mix",
        "md5_encoded": "4ad7f7cd894bc05c7107dd3acc017533"
    },
    "tags": {
        "file_name": "1212.mp3"
    },
    "version": {
        "essentia": "2.1-beta2",
        "essentia_git_sha": "v2.1_beta2",
        "extractor": "music 1.0"
    }
},
"rhythm": {
    "beats_count": 79,
    "beats_loudness": {
        "mean": 0.0185388419777,
        "var": 0.000508126511704
    },
    "bpm": 102.375892639,
    "bpm_histogram_first_peak_bpm": {
        "mean": 103,
        "var": 0
    },
    "bpm_histogram_first_peak_spread": {
        "mean": 0.622641503811,
        "var": 0
    },
    "bpm_histogram_first_peak_weight": {
        "mean": 0.256410270929,
        "var": 0
    },
    "bpm_histogram_second_peak_bpm": {
        "mean": 133,
        "var": 0
    },
    "bpm_histogram_second_peak_spread": {
        "mean": 0.222222208977,
        "var": 0
    },
    "bpm_histogram_second_peak_weight": {
        "mean": 0.089743591845,
        "var": 0
    },
    "danceability": 0.87833327055,
    "onset_rate": 2.39565896988,
    "beats_loudness_band_ratio": {
        "mean": [0.244183644652, 0.504874050617, 0.197239935398, 0.0867128223181, 0.00959125068039, 0.00837017502636],
        "var": [0.0705765262246, 0.0884971022606, 0.0586788803339, 0.0345149338245, 0.000480614835396, 0.00102597905789]
    },
    "beats_position": [0.568888902664, 1.16099774837, 1.764716506, 2.35682535172, 2.94893407822, 3.52943301201, 4.1099319458, 4.69043064117, 5.27092981339, 5.86303853989, 6.45514726639, 7.03564596176, 7.60453510284, 8.17342376709, 8.75392246246, 9.34603118896, 9.92653083801, 10.5070295334, 11.0875282288, 11.656416893, 12.2369155884, 12.8174142838, 13.3863039017, 13.9551925659, 14.5356912613, 15.1161899567, 15.696688652, 16.2771873474, 16.8809070587, 17.4846248627, 18.0302944183, 18.575963974, 19.1216316223, 19.7253513336, 20.3406791687, 20.94439888, 21.548116684, 22.1402263641, 22.7323360443, 23.3244438171, 23.9165534973, 24.497051239, 25.0775508881, 25.6696586609, 26.2617683411, 26.8538761139, 27.4459857941, 28.0497055054, 28.6302032471, 29.2107028961, 29.7912006378, 30.3600902557, 30.9289798737, 31.5210876465, 32.1131973267, 32.7169151306, 33.3206329346, 33.9243545532, 34.4584121704, 34.9924697876, 35.5381393433, 35.9909286499, 36.4437179565, 36.8965072632, 37.3609046936, 37.8136940002, 38.2664833069, 38.7076644897, 39.1604537964, 39.613243103, 40.1356925964, 40.6465301514, 41.1689796448, 41.7262573242, 42.2719268799, 42.8059844971, 43.3516540527, 43.8857116699, 44.4197731018]
},
"tonal": {
    "chords_changes_rate": 0.0483539104462,
    "chords_number_rate": 0.00823045242578,
    "chords_strength": {
        "mean": 0.534156918526,
        "var": 0.0119825256988
    },
    "hpcp_entropy": {
        "mean": 1.27352142334,
        "var": 0.682974159718
    },
    "key_strength": 0.735202312469,
    "tuning_diatonic_strength": 0.654227495193,
    "tuning_equal_tempered_deviation": 0.187611028552,
    "tuning_frequency": 436.960693359,
    "tuning_nontempered_energy_ratio": 0.861007034779,
    "hpcp": {
        "mean": [0.209357112646, 0.220179468393, 0.0910903960466, 0.0279176831245, 0.0213980674744, 0.0271138101816, 0.0369439460337, 0.0338655002415, 0.0247061513364, 0.0226760134101, 0.0233010407537, 0.0292540062219, 0.0827538892627, 0.122027955949, 0.111661486328, 0.183784484863, 0.214486807585, 0.0969309061766, 0.0180049426854, 0.014586918056, 0.0991158485413, 0.299300372601, 0.282720804214, 0.0881210118532, 0.0230853836983, 0.0185626801103, 0.0788524448872, 0.181942865252, 0.144332945347, 0.0484979450703, 0.0346616841853, 0.0266106054187, 0.0514541715384, 0.108033545315, 0.0967770516872, 0.0952986255288],
        "var": [0.104243054986, 0.112468704581, 0.0338322110474, 0.0105077410117, 0.00919143110514, 0.0123898396268, 0.014261757955, 0.012677484192, 0.00862411409616, 0.00898074451834, 0.00886322557926, 0.0108284503222, 0.0402409248054, 0.0765648558736, 0.0457572638988, 0.0832028687, 0.121930755675, 0.042685482651, 0.00486216833815, 0.00493864854798, 0.0282919369638, 0.142167687416, 0.132234066725, 0.0263265706599, 0.0104086436331, 0.00707677006721, 0.0298460032791, 0.113226413727, 0.0763341337442, 0.0194310676306, 0.0207577589899, 0.0109710022807, 0.0223125331104, 0.0661631524563, 0.0494547113776, 0.0308723077178]
    },
    "chords_histogram": [30.4526748657, 6.79012346268, 15.0205764771, 0, 0, 0, 0.308641970158, 0, 0.308641970158, 0, 0, 0, 0, 0, 0, 4.42386817932, 0, 0.205761313438, 0, 1.85185182095, 0.205761313438, 4.93827152252, 20.267490387, 15.2263374329],
    "thpcp": [1, 0.944605588913, 0.294423341751, 0.0771311596036, 0.0620202384889, 0.26345589757, 0.607893884182, 0.482234418392, 0.162037700415, 0.11580902338, 0.0889093652368, 0.171914830804, 0.360953599215, 0.323344230652, 0.318404644728, 0.699488341808, 0.735647141933, 0.304344415665, 0.0932764708996, 0.0714936181903, 0.0905906334519, 0.123434349895, 0.113148875535, 0.0825463458896, 0.0757633969188, 0.077851690352, 0.0977412983775, 0.276491105556, 0.407710671425, 0.373075008392, 0.614046990871, 0.716627240181, 0.323858290911, 0.0601567663252, 0.0487367175519, 0.331158459187],
    "chords_key": "A",
    "chords_scale": "major",
    "key_key": "A",
    "key_scale": "major"
}
}