{
"lowlevel": {
    "average_loudness": 0.897595584393,
    "barkbands_crest": {
        "mean": 13.0068092346,
        "var": 14.3823261261
    },
    "barkbands_flatness_db": {
        "mean": 0.250956624746,
        "var": 0.00213909568265
    },
    "barkbands_kurtosis": {
        "mean": 12.6686878204,
        "var": 86.2314682007
    },
    "barkbands_skewness": {
        "mean": 2.63196158409,
        "var": 1.1573164463
    },
    "barkbands_spread": {
        "mean": 4.7338514328,
        "var": 12.7365789413
    },
    "dissonance": {
        "mean": 0.391951590776,
        "var": 0.00304689095356
    },
    "dynamic_complexity": 2.68864202499,
    "erbbands_crest": {
        "mean": 11.4839448929,
        "var": 13.2985935211
    },
    "erbbands_flatness_db": {
        "mean": 0.263855874538,
        "var": 0.001632735366
    },
    "erbbands_kurtosis": {
        "mean": 3.27922344208,
        "var": 9.89462471008
    },
    "erbbands_skewness": {
        "mean": 1.43405437469,
        "var": 0.445588678122
    },
    "erbbands_spread": {
        "mean": 16.6703395844,
        "var": 80.7481918335
    },
    "hfc": {
        "mean": 9.74575710297,
        "var": 45.6651000977
    },
    "melbands_crest": {
        "mean": 15.0338888168,
        "var": 18.322177887
    },
    "melbands_flatness_db": {
        "mean": 0.334541589022,
        "var": 0.00326274964027
    },
    "melbands_kurtosis": {
        "mean": 14.2233257294,
        "var": 144.131622314
    },
    "melbands_skewness": {
        "mean": 2.48621487617,
        "var": 1.4462685585
    },
    "melbands_spread": {
        "mean": 6.17026329041,
        "var": 27.6986465454
    },
    "pitch_salience": {
        "mean": 0.56771838665,
        "var": 0.0103896018118
    },
    "silence_rate_20dB": {
        "mean": 1,
        "var": 0
    },
    "silence_rate_30dB": {
        "mean": 0.99794024229,
        "var": 0.00205549667589
    },
    "silence_rate_60dB": {
        "mean": 0.0180226564407,
        "var": 0.0176976248622
    },
    "spectral_centroid": {
        "mean": 496.077667236,
        "var": 83176.15625
    },
    "spectral_complexity": {
        "mean": 10.5087537766,
        "var": 9.96978473663
    },
    "spectral_decrease": {
        "mean": -6.21033846571e-009,
        "var": 2.05925074939e-017
    },
    "spectral_energy": {
        "mean": 0.024323169142,
        "var": 0.000313665077556
    },
    "spectral_energyband_high": {
        "mean": 4.07342195103e-005,
        "var": 1.40220404177e-008
    },
    "spectral_energyband_low": {
        "mean": 0.000320312741678,
        "var": 1.43163362054e-007
    },
    "spectral_energyband_middle_high": {
        "mean": 0.0011487986194,
        "var": 1.48441029069e-006
    },
    "spectral_energyband_middle_low": {
        "mean": 0.0230155065656,
        "var": 0.00029755468131
    },
    "spectral_entropy": {
        "mean": 6.29098081589,
        "var": 0.225846990943
    },
    "spectral_flux": {
        "mean": 0.0483021885157,
        "var": 0.000860354397446
    },
    "spectral_kurtosis": {
        "mean": 21.4169006348,
        "var": 266.174987793
    },
    "spectral_rms": {
        "mean": 0.00456065591425,
        "var": 2.93035759569e-006
    },
    "spectral_rolloff": {
        "mean": 572.870056152,
        "var": 259533.71875
    },
    "spectral_skewness": {
        "mean": 3.32186150551,
        "var": 1.46577739716
    },
    "spectral_spread": {
        "mean": 2462763.5,
        "var": 1.64916323942e+012
    },
    "spectral_strongpeak": {
        "mean": 1.07904982567,
        "var": 0.378194153309
    },
    "zerocrossingrate": {
        "mean": 0.0246941577643,
        "var": 0.00019235687796
    },
    "barkbands": {
        "mean": [3.27965744873e-006, 6.67834246997e-005, 8.3182574599e-005, 0.000747681653593, 0.00999540183693, 0.00564531842247, 0.00363911036402, 0.00167397491168, 0.0011450703023, 0.000369199580746, 0.000233763974393, 0.000118926356663, 0.000180432805791, 0.000141460579471, 9.22097606235e-005, 3.61240781785e-005, 2.80888780253e-005, 3.31477167492e-005, 3.77665128326e-005, 2.76286391454e-005, 1.14354061225e-005, 3.44215754922e-006, 2.02177466235e-006, 2.12033933167e-006, 5.28940563527e-006, 2.69213330739e-007, 8.11016462876e-008],
        "var": [4.45654728398e-011, 1.09090310119e-008, 6.74274280854e-009, 1.35537834467e-006, 0.000115024900879, 3.54262156179e-005, 2.57931260421e-005, 4.1928524297e-006, 3.67466554962e-006, 3.61601763643e-007, 9.46241840438e-008, 4.11675316059e-008, 7.42877972471e-008, 6.13351005541e-008, 3.11940482334e-008, 2.97370528202e-009, 4.11321643412e-009, 2.80673950748e-009, 3.09476533289e-009, 5.80107117898e-009, 3.25159255077e-009, 3.149280281e-010, 2.78574108226e-011, 4.48570729172e-011, 8.81090547744e-011, 5.77440818685e-013, 1.51814519818e-015]
    },
    "erbbands": {
        "mean": [0.00114647683222, 0.018928013742, 0.108720853925, 1.28962826729, 12.8557825089, 40.4149627686, 42.4143486023, 47.310382843, 69.5940704346, 30.8591842651, 39.0258903503, 25.5428657532, 16.9940414429, 7.7860584259, 9.99052810669, 6.44256687164, 7.43940639496, 8.15730571747, 5.68883085251, 3.04210710526, 1.78606390953, 1.54157793522, 1.58694684505, 2.50884628296, 1.35046494007, 1.34641981125, 0.786122560501, 0.288045316935, 0.138903096318, 0.0678765028715, 0.0583762675524, 0.055124245584, 0.0316822864115, 0.0548233985901, 0.0391282886267, 0.00408949097618, 0.000272351084277, 0.000143605982885, 1.63556687767e-005, 2.73627392744e-005],
        "var": [3.97770554628e-006, 0.000768419762608, 0.00982443336397, 2.67396426201, 222.423690796, 2490.12646484, 3692.32177734, 2217.71044922, 7891.09179688, 1252.9197998, 2587.75878906, 1756.23791504, 469.103607178, 166.510864258, 188.435440063, 61.1889762878, 122.057128906, 190.120071411, 97.2442169189, 29.4940834045, 8.1511297226, 9.54033184052, 5.88740205765, 13.4714336395, 5.28882169724, 14.5847387314, 12.7281942368, 1.79882180691, 0.54276227951, 0.054068017751, 0.0255883447826, 0.0266618300229, 0.0104213431478, 0.0133272269741, 0.00402451958507, 6.61636440782e-005, 8.32627904401e-007, 5.43934097763e-009, 7.66237490124e-011, 3.89646676036e-010]
    },
    "gfcc": {
        "mean": [-91.6078414917, 153.650558472, -118.985221863, -15.0948781967, -70.5074691772, -28.5415000916, -53.5655517578, -8.46393108368, -37.3862228394, -5.04809713364, -8.684715271, -16.6366348267, -5.74089670181],
        "cov": [[2882.18139648, -555.676391602, -429.476959229, 301.290893555, -448.093017578, 9.16435146332, -341.154327393, 175.775238037, -334.492736816, 76.9843978882, 167.866851807, -139.999130249, 204.880004883], [-555.676391602, 620.737365723, 184.056381226, -309.647888184, 244.37852478, -107.134216309, 117.968559265, -93.4516296387, 144.28453064, -41.4226989746, -32.8808250427, 18.9521522522, -75.5555953979], [-429.476959229, 184.056381226, 361.79901123, -56.7109298706, 42.5738639832, 2.26932406425, 24.3689422607, -18.2455024719, 29.7533435822, -0.697261035442, -18.1730060577, 13.652346611, -27.7606563568], [301.290893555, -309.647888184, -56.7109298706, 396.542633057, -76.5055465698, 59.377658844, -2.69290924072, 35.4424743652, -11.5947322845, 8.79779243469, 9.90427875519, 13.4137859344, 21.7610454559], [-448.093017578, 244.37852478, 42.5738639832, -76.5055465698, 265.291870117, -6.79985618591, 35.8172798157, -10.8773174286, 57.8759994507, -25.9625835419, -28.0038070679, 29.8129482269, -31.648891449], [9.16435146332, -107.134216309, 2.26932406425, 59.377658844, -6.79985618591, 219.88999939, 41.6614837646, -11.8586025238, -2.37211751938, 18.9642829895, -7.62764978409, 15.2429866791, 13.5829334259], [-341.154327393, 117.968559265, 24.3689422607, -2.69290924072, 35.8172798157, 41.6614837646, 183.961898804, -55.9729652405, 87.142868042, 2.75897908211, -35.8171386719, 31.0061683655, -47.9958114624], [175.775238037, -93.4516296387, -18.2455024719, 35.4424743652, -10.8773174286, -11.8586025238, -55.9729652405, 156.997573853, -35.029335022, 0.774703145027, 21.1071472168, -19.4756565094, 42.483039856], [-334.492736816, 144.28453064, 29.7533435822, -11.5947322845, 57.8759994507, -2.37211751938, 87.142868042, -35.029335022, 194.754226685, -6.63158273697, -46.0977058411, 39.6967926025, -56.7618675232], [76.9843978882, -41.4226989746, -0.697261035442, 8.79779243469, -25.9625835419, 18.9642829895, 2.75897908211, 0.774703145027, -6.63158273697, 89.3233947754, 27.2176799774, -14.9216823578, -4.92532348633], [167.866851807, -32.8808250427, -18.1730060577, 9.90427875519, -28.0038070679, -7.62764978409, -35.8171386719, 21.1071472168, -46.0977058411, 27.2176799774, 89.1748733521, -4.50805187225, 18.502204895], [-139.999130249, 18.9521522522, 13.652346611, 13.4137859344, 29.8129482269, 15.2429866791, 31.0061683655, -19.4756565094, 39.6967926025, -14.9216823578, -4.50805187225, 92.0454177856, 5.54842853546], [204.880004883, -75.5555953979, -27.7606563568, 21.7610454559, -31.648891449, 13.5829334259, -47.9958114624, 42.483039856, -56.7618675232, -4.92532348633, 18.502204895, 5.54842853546, 105.252693176]],
        "icov": [[0.00194381107576, -0.00536117143929, 0.00332385371439, -0.00348990107886, 0.0052966340445, -0.00223676557653, 0.00439235987142, -0.0020208642818, 0.00308407540433, -0.00221560639329, 0.00136800517794, -0.000800271343905, 2.71531498583e-005], [-0.00536117143929, 0.0264242310077, -0.0129508655518, 0.0156366638839, -0.0218433327973, 0.0105606354773, -0.0174001045525, 0.00936454627663, -0.0135862827301, 0.00970654468983, -0.00883802119642, 0.00636949762702, -0.00254454626702], [0.00332385371439, -0.0129508655518, 0.00984463561326, -0.00754762394354, 0.0111882621422, -0.00536391884089, 0.00921912584454, -0.00473083183169, 0.00691211177036, -0.00517600681633, 0.00438284687698, -0.00317260320298, 0.00144234881736], [-0.00348990107886, 0.0156366638839, -0.00754762394354, 0.0123119717464, -0.0123838307336, 0.00552119128406, -0.0106519469991, 0.00480134645477, -0.00822846684605, 0.0058372374624, -0.0050509874709, 0.00281685241498, -0.00117470324039], [0.0052966340445, -0.0218433327973, 0.0111882621422, -0.0123838307336, 0.0235177371651, -0.00896545313299, 0.0151033271104, -0.00847227219492, 0.0109423547983, -0.00733320461586, 0.00736397970468, -0.00602025724947, 0.00263720704243], [-0.00223676557653, 0.0105606354773, -0.00536391884089, 0.00552119128406, -0.00896545313299, 0.0095427101478, -0.00847951788455, 0.00410128384829, -0.00477176532149, 0.00249217962846, -0.00265914644115, 0.00192420801613, -0.00216152146459], [0.00439235987142, -0.0174001045525, 0.00921912584454, -0.0106519469991, 0.0151033271104, -0.00847951788455, 0.0206669401377, -0.00480978935957, 0.00698030320928, -0.00737034576014, 0.00679530436173, -0.00507739838213, 0.00308726611547], [-0.0020208642818, 0.00936454627663, -0.00473083183169, 0.00480134645477, -0.00847227219492, 0.00410128384829, -0.00480978935957, 0.011409224011, -0.00536409113556, 0.00360770057887, -0.00409045489505, 0.00401884736493, -0.00367640098557], [0.00308407540433, -0.0135862827301, 0.00691211177036, -0.00822846684605, 0.0109423547983, -0.00477176532149, 0.00698030320928, -0.00536409113556, 0.0155393360183, -0.00592797016725, 0.00727557204664, -0.00613585859537, 0.00416968623176], [-0.00221560639329, 0.00970654468983, -0.00517600681633, 0.0058372374624, -0.00733320461586, 0.00249217962846, -0.00737034576014, 0.00360770057887, -0.00592797016725, 0.0173195227981, -0.00799725297838, 0.0047216033563, 0.000135328329634], [0.00136800517794, -0.00883802119642, 0.00438284687698, -0.0050509874709, 0.00736397970468, -0.00265914644115, 0.00679530436173, -0.00409045489505, 0.00727557204664, -0.00799725297838, 0.0183581989259, -0.00471250945702, 0.00107089348603], [-0.000800271343905, 0.00636949762702, -0.00317260320298, 0.00281685241498, -0.00602025724947, 0.00192420801613, -0.00507739838213, 0.00401884736493, -0.00613585859537, 0.0047216033563, -0.00471250945702, 0.0160330440849, -0.00438992772251], [2.71531498583e-005, -0.00254454626702, 0.00144234881736, -0.00117470324039, 0.00263720704243, -0.00216152146459, 0.00308726611547, -0.00367640098557, 0.00416968623176, 0.000135328329634, 0.00107089348603, -0.00438992772251, 0.0145066073164]]
    },
    "melbands": {
        "mean": [1.41101354529e-005, 3.9635644498e-005, 0.00047262548469, 0.00191130430903, 0.00167435442563, 0.00112282461487, 0.000960055331234, 0.000313011871185, 0.000309169612592, 0.000148190330947, 8.08960248833e-005, 3.01875315927e-005, 3.55518750439e-005, 1.42963790495e-005, 2.32145757764e-005, 1.39052781378e-005, 1.44477626236e-005, 8.72458895174e-006, 5.76091451876e-006, 2.73974205811e-006, 2.01086140805e-006, 1.59158150836e-006, 1.38367693125e-006, 1.59086027907e-006, 2.16061903302e-006, 1.21778248285e-006, 7.91545346601e-007, 9.23505524497e-007, 5.89520425365e-007, 2.27588074608e-007, 1.39088683682e-007, 8.36744362687e-008, 5.03882269243e-008, 3.20326343228e-008, 3.13224823856e-008, 3.72293271766e-008, 3.22175957024e-008, 1.98868175261e-008, 2.70758651055e-008, 5.33327835228e-008],
        "var": [5.21857723701e-010, 1.84627146904e-009, 3.79420981744e-007, 4.14046826336e-006, 4.82258792545e-006, 1.18166246921e-006, 1.44148464187e-006, 1.31640248924e-007, 1.74106205009e-007, 5.9265001795e-008, 1.17401652844e-008, 3.86939769115e-009, 2.38950481624e-009, 7.10072778354e-010, 8.3655810057e-010, 7.65385477219e-010, 6.67542743304e-010, 2.58924992558e-010, 1.55501958532e-010, 1.41397440631e-011, 1.27816880344e-011, 1.08332136664e-011, 1.12207309416e-011, 6.32600829359e-012, 1.08775861582e-011, 4.14789426764e-012, 5.06620570148e-012, 7.46882243552e-012, 8.05362027068e-012, 9.56778601659e-013, 5.10475776233e-013, 2.26071358899e-013, 5.51119683201e-014, 8.9398474585e-015, 9.1466742695e-015, 1.13886290264e-014, 9.74792451348e-015, 5.32319634471e-015, 6.13687906373e-015, 1.21342738239e-014]
    },
    "mfcc": {
        "mean": [-742.726806641, 198.76385498, -7.71267175674, 8.30863666534, -11.0443925858, -27.6394424438, -9.13172626495, -26.4747695923, -21.3064250946, -6.87442827225, -9.31163406372, -11.2399578094, -7.47021865845],
        "cov": [[2629.24707031, -827.131225586, -230.320953369, 115.056266785, -125.160202026, -264.098571777, 126.953620911, -213.688598633, -154.685928345, -15.3759365082, -111.104858398, -26.8719425201, -87.4880371094], [-827.131225586, 978.253540039, -20.2993087769, -171.075195313, 91.134513855, -7.76421022415, -48.2404632568, 22.7720584869, 10.1459884644, 15.0832176208, 55.788898468, -7.65261173248, 22.0228595734], [-230.320953369, -20.2993087769, 353.652923584, 2.17426204681, -32.1289634705, 66.8880615234, -18.5600891113, 15.871219635, 22.0074615479, -15.3680210114, 44.1408004761, -1.89811933041, 10.7030420303], [115.056266785, -171.075195313, 2.17426204681, 255.492767334, 13.7218570709, -26.9002723694, -7.16059017181, 3.89977526665, 7.32455730438, -13.171254158, 10.1907491684, 19.5327720642, 20.7274799347], [-125.160202026, 91.134513855, -32.1289634705, 13.7218570709, 212.097702026, -40.4992599487, 8.51277351379, 24.1548671722, 17.9844341278, -16.9175033569, -6.60232019424, 2.54231071472, -8.27557182312], [-264.098571777, -7.76421022415, 66.8880615234, -26.9002723694, -40.4992599487, 311.254211426, -16.2960662842, 68.2190551758, 43.5862998962, 16.0789203644, 53.8240470886, -11.1790752411, 30.8856620789], [126.953620911, -48.2404632568, -18.5600891113, -7.16059017181, 8.51277351379, -16.2960662842, 158.612701416, -22.3840084076, -32.8831863403, 19.1807880402, -27.9040298462, -25.6515846252, -10.6016464233], [-213.688598633, 22.7720584869, 15.871219635, 3.89977526665, 24.1548671722, 68.2190551758, -22.3840084076, 144.933410645, 69.8129882813, -12.243637085, 7.30147790909, 21.7141628265, 15.5945281982], [-154.685928345, 10.1459884644, 22.0074615479, 7.32455730438, 17.9844341278, 43.5862998962, -32.8831863403, 69.8129882813, 126.649154663, 14.2174072266, -4.91302728653, 19.3822212219, -1.85891258717], [-15.3759365082, 15.0832176208, -15.3680210114, -13.171254158, -16.9175033569, 16.0789203644, 19.1807880402, -12.243637085, 14.2174072266, 124.634178162, 10.4446287155, -15.5586881638, 0.99696969986], [-111.104858398, 55.788898468, 44.1408004761, 10.1907491684, -6.60232019424, 53.8240470886, -27.9040298462, 7.30147790909, -4.91302728653, 10.4446287155, 113.319076538, 13.2340345383, 13.0054101944], [-26.8719425201, -7.65261173248, -1.89811933041, 19.5327720642, 2.54231071472, -11.1790752411, -25.6515846252, 21.7141628265, 19.3822212219, -15.5586881638, 13.2340345383, 126.156143188, 17.7502536774], [-87.4880371094, 22.0228595734, 10.7030420303, 20.7274799347, -8.27557182312, 30.8856620789, -10.6016464233, 15.5945281982, -1.85891258717, 0.99696969986, 13.0054101944, 17.7502536774, 85.3500289917]],
        "icov": [[0.000722231168766, 0.000573981495108, 0.000403971498599, 4.33861932834e-005, 0.00025895392173, 0.00038692142698, -0.000199876638362, 0.000537531741429, 0.000231538302614, 0.000119251599244, -2.59745174844e-005, 2.41837042267e-005, 0.000295653328067], [0.000573981495108, 0.00181298051029, 0.000429168168921, 0.0010847087251, -0.000426387763582, 0.000609067792539, 0.00020119783585, 0.000313217169605, 7.29455568944e-005, -1.91451981664e-005, -0.000856888480484, 0.000254489452345, -0.000411213404732], [0.000403971498599, 0.000429168168921, 0.00339991506189, 0.000113661873911, 0.000566692266148, -0.000119291253213, -0.000179393871804, 0.000517294276506, -0.000707756436896, 0.000832471763715, -0.00127794838045, 0.000353910989361, -7.33017659513e-005], [4.33861932834e-005, 0.0010847087251, 0.000113661873911, 0.00496885040775, -0.000617354700807, 0.000822503992822, 0.000138352756039, 7.95255837147e-005, -0.000647217035294, 0.000390466942918, -0.00124816701282, -8.60973959789e-005, -0.00162176939193], [0.00025895392173, -0.000426387763582, 0.000566692266148, -0.000617354700807, 0.00562566239387, 0.000920663704164, -0.000834403384943, -0.000742515956517, -0.000768988276832, 0.000913853989914, -0.000186700097402, 0.000218133704038, 0.000654311967082], [0.00038692142698, 0.000609067792539, -0.000119291253213, 0.000822503992822, 0.000920663704164, 0.00474621076137, -0.000328563852236, -0.0014672348043, -0.000903657171875, -0.000103084370494, -0.0021486254409, 0.0011078719981, -0.00126778753474], [-0.000199876638362, 0.00020119783585, -0.000179393871804, 0.000138352756039, -0.000834403384943, -0.000328563852236, 0.00763578945771, -0.000347122404492, 0.00232486613095, -0.00167343439534, 0.00189549278002, 0.000725104240701, 0.00041253794916], [0.000537531741429, 0.000313217169605, 0.000517294276506, 7.95255837147e-005, -0.000742515956517, -0.0014672348043, -0.000347122404492, 0.0113097196445, -0.00529567105696, 0.00188576895744, -0.000170495462953, -0.000768120691646, -0.00121623754967], [0.000231538302614, 7.29455568944e-005, -0.000707756436896, -0.000647217035294, -0.000768988276832, -0.000903657171875, 0.00232486613095, -0.00529567105696, 0.0129573363811, -0.00289562600665, 0.00257004192099, -0.00146435119677, 0.00220221816562], [0.000119251599244, -1.91451981664e-005, 0.000832471763715, 0.000390466942918, 0.000913853989914, -0.000103084370494, -0.00167343439534, 0.00188576895744, -0.00289562600665, 0.00938844867051, -0.00171586696524, 0.00115820614155, -0.000650692381896], [-2.59745174844e-005, -0.000856888480484, -0.00127794838045, -0.00124816701282, -0.000186700097402, -0.0021486254409, 0.00189549278002, -0.000170495462953, 0.00257004192099, -0.00171586696524, 0.011733786203, -0.00153365300503, 0.000290883937851], [2.41837042267e-005, 0.000254489452345, 0.000353910989361, -8.60973959789e-005, 0.000218133704038, 0.0011078719981, 0.000725104240701, -0.000768120691646, -0.00146435119677, 0.00115820614155, -0.00153365300503, 0.00913905259222, -0.00192606914788], [0.000295653328067, -0.000411213404732, -7.33017659513e-005, -0.00162176939193, 0.000654311967082, -0.00126778753474, 0.00041253794916, -0.00121623754967, 0.00220221816562, -0.000650692381896, 0.000290883937851, -0.00192606914788, 0.0137361530215]]
    },
    "spectral_contrast_coeffs": {
        "mean": [-0.449078381062, -0.629548490047, -0.70982247591, -0.744436204433, -0.779269397259, -0.789370715618],
        "var": [0.00829940102994, 0.00481973728165, 0.00299642723985, 0.00216748472303, 0.0012907210039, 0.00138581718784]
    },
    "spectral_contrast_valleys": {
        "mean": [-8.66639614105, -6.7205824852, -8.09541606903, -8.76733398438, -9.04723739624, -12.3070964813],
        "var": [0.539445579052, 0.648601412773, 0.616812705994, 0.605951786041, 0.974790990353, 0.755061089993]
    }
},
"metadata": {
    "audio_properties": {
        "analysis_sample_rate": 44100,
        "bit_rate": 128074,
        "equal_loudness": 0,
        "length": 45.0612258911,
        "lossless": 0,
        "replay_gain": -5.42698860168,
        "sample_rate": 44100,
        "codec": "mp3",
        "downmix": "mix",
        "md5_encoded": "5c161045b80a4efa59aa138a90c2d31c"
    },
    "tags": {
        "file_name": "1213.mp3"
    },
    "version": {
        "essentia": "2.1-beta2",
        "essentia_git_sha": "v2.1_beta2",
        "extractor": "music 1.0"
    }
},
"rhythm": {
    "beats_count": 77,
    "beats_loudness": {
        "mean": 0.0325794219971,
        "var": 0.0004466791288
    },
    "bpm": 103.826210022,
    "bpm_histogram_first_peak_bpm": {
        "mean": 103,
        "var": 0
    },
    "bpm_histogram_first_peak_spread": {
        "mean": 0.428571403027,
        "var": 0
    },
    "bpm_histogram_first_peak_weight": {
        "mean": 0.473684221506,
        "var": 0
    },
    "bpm_histogram_second_peak_bpm": {
        "mean": 108,
        "var": 0
    },
    "bpm_histogram_second_peak_spread": {
        "mean": 0.230769217014,
        "var": 0
    },
    "bpm_histogram_second_peak_weight": {
        "mean": 0.131578952074,
        "var": 0
    },
    "danceability": 0.890583217144,
    "onset_rate": 2.70620727539,
    "beats_loudness_band_ratio": {
        "mean": [0.146355867386, 0.633246302605, 0.318516284227, 0.0370779074728, 0.00890889577568, 0.00276331137866],
        "var": [0.0111844288185, 0.0254776626825, 0.0269610136747, 0.000805497576948, 5.46866867808e-005, 2.32955026149e-005]
    },
    "beats_position": [0.53405892849, 1.07972788811, 1.63700675964, 2.20589566231, 2.76317453384, 3.32045340538, 3.87773227692, 4.43501138687, 5.00390005112, 5.56117916107, 6.14167785645, 6.72217655182, 7.2910656929, 7.84834432602, 8.40562343597, 8.98612213135, 9.56662082672, 10.1471195221, 10.7276191711, 11.3081178665, 11.8886165619, 12.4691152573, 13.0263938904, 13.5836734772, 14.1525621414, 14.7214508057, 15.301949501, 15.870839119, 16.4397277832, 16.9853973389, 17.5310649872, 18.0999546051, 18.6688423157, 19.2493419647, 19.8298416138, 20.4219493866, 21.0140590668, 21.5945568085, 22.1750564575, 22.7555541992, 23.3360538483, 23.9165534973, 24.497051239, 25.0775508881, 25.6580486298, 26.2269382477, 26.7958278656, 27.3879356384, 27.9800453186, 28.5721530914, 29.1642627716, 29.7447605133, 30.3252601624, 30.9057598114, 31.4862575531, 32.0667572021, 32.6472549438, 33.239364624, 33.8314743042, 34.4119720459, 34.9924697876, 35.5845794678, 36.1766891479, 36.7804069519, 37.3841247559, 37.9646263123, 38.545124054, 39.1256217957, 39.7061233521, 40.2866210938, 40.8671188354, 41.4360084534, 42.0281181335, 42.6202278137, 43.2007255554, 43.7928352356, 44.3733329773]
},
"tonal": {
    "chords_changes_rate": 0.0154320988804,
    "chords_number_rate": 0.00925925932825,
    "chords_strength": {
        "mean": 0.581249237061,
        "var": 0.00700353644788
    },
    "hpcp_entropy": {
        "mean": 1.55327427387,
        "var": 0.282492101192
    },
    "key_strength": 0.70947599411,
    "tuning_diatonic_strength": 0.51291847229,
    "tuning_equal_tempered_deviation": 0.00367634790018,
    "tuning_frequency": 453.154663086,
    "tuning_nontempered_energy_ratio": 0.620773911476,
    "hpcp": {
        "mean": [0.0923067480326, 0.0546403639019, 0.0461539328098, 0.0690046027303, 0.0785873159766, 0.220508590341, 0.311515033245, 0.164015933871, 0.0381727144122, 0.0184976551682, 0.0290931612253, 0.109753042459, 0.161499515176, 0.0971522629261, 0.0644657313824, 0.077367246151, 0.0572426579893, 0.0870436280966, 0.128768324852, 0.0809172466397, 0.0810550451279, 0.11485234648, 0.0696779116988, 0.0357917025685, 0.0350360386074, 0.0458259545267, 0.189617589116, 0.288903653622, 0.144284710288, 0.105810001493, 0.161762416363, 0.0880570188165, 0.142695322633, 0.265457302332, 0.151259422302, 0.0595948249102],
        "var": [0.0703853741288, 0.0208066925406, 0.0184755269438, 0.0313417166471, 0.0213385503739, 0.0809744298458, 0.125951126218, 0.0563039146364, 0.0145958131179, 0.00734971044585, 0.00846473500133, 0.0467411987484, 0.0680642202497, 0.0297938156873, 0.0233838614076, 0.0328612141311, 0.0152855599299, 0.0298000779003, 0.0628152638674, 0.0226778481156, 0.0315135754645, 0.0600806064904, 0.0244124792516, 0.0152860591188, 0.0108505869284, 0.0144376726821, 0.0714551210403, 0.155717864633, 0.041660245508, 0.0446951128542, 0.110577471554, 0.0282148830593, 0.0476666875184, 0.152840420604, 0.0529501326382, 0.0207467470318]
    },
    "chords_histogram": [0.205761313438, 0.102880656719, 27.2633743286, 1.33744859695, 0, 0, 0, 0, 0, 0, 0, 0, 0, 0, 2.05761313438, 0, 18.1069965363, 1.23456788063, 0, 1.44032919407, 9.56790161133, 0, 11.4197530746, 27.2633743286],
    "thpcp": [1, 0.526510477066, 0.122538916767, 0.0593796558678, 0.0933924764395, 0.352320224047, 0.518432497978, 0.311870217323, 0.206942602992, 0.248357981443, 0.183755680919, 0.279420316219, 0.413361519575, 0.259753912687, 0.260196268559, 0.368689566851, 0.223674312234, 0.11489558965, 0.112469814718, 0.147106721997, 0.608694851398, 0.927414774895, 0.463170945644, 0.339662581682, 0.519276440144, 0.282673418522, 0.458068817854, 0.852149248123, 0.485560595989, 0.19130641222, 0.296315550804, 0.175402015448, 0.148159563541, 0.221512913704, 0.252274543047, 0.707858562469],
    "chords_key": "G#",
    "chords_scale": "minor",
    "key_key": "B",
    "key_scale": "major"
}
}