{
"lowlevel": {
    "average_loudness": 0.958634316921,
    "barkbands_crest": {
        "mean": 10.3938732147,
        "var": 21.0129032135
    },
    "barkbands_flatness_db": {
        "mean": 0.143471196294,
        "var": 0.00289241131395
    },
    "barkbands_kurtosis": {
        "mean": 3.86579179764,
        "var": 80.8098754883
    },
    "barkbands_skewness": {
        "mean": 1.35339319706,
        "var": 1.92805325985
    },
    "barkbands_spread": {
        "mean": 22.2729511261,
        "var": 143.418945313
    },
    "dissonance": {
        "mean": 0.458366751671,
        "var": 0.00114268902689
    },
    "dynamic_complexity": 2.58904695511,
    "erbbands_crest": {
        "mean": 9.3633108139,
        "var": 19.2208766937
    },
    "erbbands_flatness_db": {
        "mean": 0.1686373353,
        "var": 0.00364100979641
    },
    "erbbands_kurtosis": {
        "mean": 0.597052097321,
        "var": 9.00431537628
    },
    "erbbands_skewness": {
        "mean": -0.00879725720733,
        "var": 0.675044238567
    },
    "erbbands_spread": {
        "mean": 35.8748588562,
        "var": 377.80255127
    },
    "hfc": {
        "mean": 21.2096672058,
        "var": 293.810791016
    },
    "melbands_crest": {
        "mean": 13.8323869705,
        "var": 27.1381931305
    },
    "melbands_flatness_db": {
        "mean": 0.211469143629,
        "var": 0.0042027970776
    },
    "melbands_kurtosis": {
        "mean": 12.7516965866,
        "var": 494.10647583
    },
    "melbands_skewness": {
        "mean": 2.47318577766,
        "var": 3.56112647057
    },
    "melbands_spread": {
        "mean": 25.933380127,
        "var": 340.10546875
    },
    "pitch_salience": {
        "mean": 0.532390296459,
        "var": 0.0152015155181
    },
    "silence_rate_20dB": {
        "mean": 1,
        "var": 0
    },
    "silence_rate_30dB": {
        "mean": 0.998970150948,
        "var": 0.00102880958002
    },
    "silence_rate_60dB": {
        "mean": 0.0205973219126,
        "var": 0.0201725549996
    },
    "spectral_centroid": {
        "mean": 1397.72119141,
        "var": 367336.8125
    },
    "spectral_complexity": {
        "mean": 16.822347641,
        "var": 66.4199371338
    },
    "spectral_decrease": {
        "mean": -6.80525014118e-009,
        "var": 1.94504357658e-017
    },
    "spectral_energy": {
        "mean": 0.0276083704084,
        "var": 0.000310167495627
    },
    "spectral_energyband_high": {
        "mean": 0.000521018635482,
        "var": 8.54710378917e-007
    },
    "spectral_energyband_low": {
        "mean": 0.00921008549631,
        "var": 0.000120078584587
    },
    "spectral_energyband_middle_high": {
        "mean": 0.00704853376374,
        "var": 4.87810029881e-005
    },
    "spectral_energyband_middle_low": {
        "mean": 0.0119875781238,
        "var": 0.000123726887978
    },
    "spectral_entropy": {
        "mean": 7.39782381058,
        "var": 0.254943937063
    },
    "spectral_flux": {
        "mean": 0.0836320668459,
        "var": 0.0018693394959
    },
    "spectral_kurtosis": {
        "mean": 6.01123476028,
        "var": 22.4459495544
    },
    "spectral_rms": {
        "mean": 0.00491420226172,
        "var": 2.78563447864e-006
    },
    "spectral_rolloff": {
        "mean": 1423.89257813,
        "var": 1365874
    },
    "spectral_skewness": {
        "mean": 1.68061554432,
        "var": 0.297650188208
    },
    "spectral_spread": {
        "mean": 4134498,
        "var": 2.79945700966e+012
    },
    "spectral_strongpeak": {
        "mean": 1.22250819206,
        "var": 2.69634532928
    },
    "zerocrossingrate": {
        "mean": 0.0555393509567,
        "var": 0.000797139131464
    },
    "barkbands": {
        "mean": [0.000138071933179, 0.00625889422372, 0.00175241567194, 0.00235301023349, 0.00352317327634, 0.00100308354013, 0.00162421970163, 0.00214029988274, 0.00116473692469, 0.000626908964477, 0.000513183302246, 0.000655344396364, 0.00115300482139, 0.00101678282954, 0.000879831437487, 0.000642568222247, 0.000654133211356, 0.000404286402045, 0.00041447734111, 0.00024832226336, 0.000114481459605, 0.000117306502943, 7.64754367992e-005, 6.75624105497e-005, 4.60055089206e-005, 1.81318100658e-005, 1.66401082424e-006],
        "var": [1.25649989968e-007, 8.53825476952e-005, 6.78885726302e-006, 1.37642728077e-005, 3.12722368108e-005, 3.5692964957e-006, 1.20671274999e-005, 3.27649431711e-005, 6.23324467597e-006, 1.74083959337e-006, 1.94070184989e-006, 1.57985266469e-006, 4.70911436423e-006, 3.12057022711e-006, 2.42105056714e-006, 1.61022785505e-006, 1.58507600645e-006, 6.63312448523e-007, 6.1635921611e-007, 2.58355015603e-007, 4.74167798359e-008, 9.0431285571e-008, 3.33472520708e-008, 1.70718941206e-008, 1.64305209438e-008, 2.44441156205e-009, 2.86183854392e-011]
    },
    "erbbands": {
        "mean": [0.190160691738, 1.36931419373, 2.12573361397, 5.1606426239, 9.16401863098, 11.9470310211, 12.4197711945, 7.98079824448, 13.2846593857, 45.4057655334, 37.9251289368, 26.7667388916, 23.726682663, 16.3359718323, 21.8544425964, 30.3325462341, 56.0123405457, 44.530582428, 48.5197219849, 49.0368843079, 40.2589607239, 31.6122875214, 25.3150005341, 17.5831489563, 23.4503707886, 11.1923828125, 5.15317726135, 4.57153844833, 3.92952752113, 3.58112049103, 2.13181018829, 1.46461260319, 1.11965274811, 0.636422991753, 0.263741761446, 0.0949686095119, 0.030298627913, 0.00626362347975, 0.000182287709322, 3.77146898245e-005],
        "var": [0.0979071632028, 3.74532103539, 7.81611013412, 53.8182525635, 252.593795776, 353.243774414, 551.790527344, 226.28515625, 912.951843262, 8145.19287109, 9223.58398438, 3861.87646484, 2124.42602539, 952.524047852, 2230.62524414, 3157.64819336, 11775.1054688, 5029.84472656, 6882.44091797, 9890.86132813, 5354.55029297, 2706.61499023, 2471.65625, 1097.32727051, 2042.0958252, 468.741027832, 117.626869202, 69.2883377075, 64.4682312012, 152.686340332, 26.5598430634, 11.8998060226, 3.92919611931, 1.93029618263, 0.964156329632, 0.06994009763, 0.00700668804348, 0.000307490234263, 2.62720192268e-007, 7.16172343651e-010]
    },
    "gfcc": {
        "mean": [-2.15640497208, 100.017875671, -121.296714783, 33.4139938354, -43.2599716187, 16.3733673096, -37.4945487976, 12.4225568771, -23.2395629883, 4.77601623535, -13.3916835785, -5.2694234848, -14.6013698578],
        "cov": [[4430.80566406, -925.620727539, -53.0918998718, 259.281738281, -299.299713135, 255.247131348, -206.440689087, 73.5517272949, -158.783096313, 100.261230469, -156.752639771, 112.208267212, -42.7681350708], [-925.620727539, 1145.38012695, -374.915985107, -286.845458984, 247.858856201, -258.606384277, 114.666824341, -107.931945801, 83.1137466431, -140.758880615, 118.429145813, -130.213363647, 36.4705085754], [-53.0918998718, -374.915985107, 1094.22070313, 371.364349365, -231.061386108, 155.142776489, -27.7963218689, 43.1290016174, -100.044876099, 74.6844940186, 3.322524786, 121.519577026, -38.1599655151], [259.281738281, -286.845458984, 371.364349365, 506.298400879, 6.57750654221, 103.504402161, 6.19748353958, -25.8908576965, -78.0826339722, -2.0945994854, 12.8364658356, 112.028488159, -19.2175388336], [-299.299713135, 247.858856201, -231.061386108, 6.57750654221, 419.091705322, -2.48345303535, 24.9248447418, 20.6308441162, 84.3524169922, 13.3812170029, 21.6936817169, -30.7264537811, 14.2241153717], [255.247131348, -258.606384277, 155.142776489, 103.504402161, -2.48345303535, 288.860778809, 70.1018295288, 63.1334877014, -16.7167472839, 58.9255371094, 16.8617973328, 31.2652797699, 0.810498118401], [-206.440689087, 114.666824341, -27.7963218689, 6.19748353958, 24.9248447418, 70.1018295288, 204.008285522, 39.1030921936, -37.0354194641, -44.8142967224, 41.8197364807, -8.72349452972, -5.76611423492], [73.5517272949, -107.931945801, 43.1290016174, -25.8908576965, 20.6308441162, 63.1334877014, 39.1030921936, 218.63432312, 69.6038665771, 62.6500015259, -7.87770223618, -19.9007167816, 3.53870820999], [-158.783096313, 83.1137466431, -100.044876099, -78.0826339722, 84.3524169922, -16.7167472839, -37.0354194641, 69.6038665771, 210.691055298, 94.969909668, -11.9542760849, -38.6394538879, 34.4978637695], [100.261230469, -140.758880615, 74.6844940186, -2.0945994854, 13.3812170029, 58.9255371094, -44.8142967224, 62.6500015259, 94.969909668, 161.14831543, -6.96990728378, -11.9395093918, 15.6535005569], [-156.752639771, 118.429145813, 3.322524786, 12.8364658356, 21.6936817169, 16.8617973328, 41.8197364807, -7.87770223618, -11.9542760849, -6.96990728378, 110.679176331, 19.556842804, -10.2434873581], [112.208267212, -130.213363647, 121.519577026, 112.028488159, -30.7264537811, 31.2652797699, -8.72349452972, -19.9007167816, -38.6394538879, -11.9395093918, 19.556842804, 118.415466309, 12.8334999084], [-42.7681350708, 36.4705085754, -38.1599655151, -19.2175388336, 14.2241153717, 0.810498118401, -5.76611423492, 3.53870820999, 34.4978637695, 15.6535005569, -10.2434873581, 12.8334999084, 112.161399841]],
        "icov": [[0.000368337583495, -0.000152203676407, 0.00038935316843, -0.000330897193635, 0.00038882374065, -0.000475082546473, 0.000585803994909, -0.00038716281415, 0.000562580360565, -0.000450995314168, 0.000581653614063, -0.000383446429623, 0.00024906906765], [-0.000152203676407, 0.00352827948518, -0.000986845116131, 0.00145037577022, -0.00186199054588, 0.0025174471084, -0.00219565886073, 0.00202271062881, -0.00231632892974, 0.00307634542696, -0.00393069442362, 0.00308050820604, -0.00167964422144], [0.00038935316843, -0.000986845116131, 0.00226787105203, -0.00167721568141, 0.00163626705762, -0.00125132035464, 0.00128966371994, -0.00131260848138, 0.00161649135407, -0.00208907551132, 0.00143699452747, -0.00159096869174, 0.000970449531451], [-0.000330897193635, 0.00145037577022, -0.00167721568141, 0.00422844663262, -0.00191786384676, 0.000727250589989, -0.0013661144767, 0.0015712743625, -0.000892704701982, 0.00164727692027, -0.00145889108535, -0.000745605735574, -0.00032900419319], [0.00038882374065, -0.00186199054588, 0.00163626705762, -0.00191786384676, 0.00443696556613, -0.0017588295741, 0.00135623035021, -0.00143610953819, 0.000410669250414, -0.00179492437746, 0.00174158648588, -0.00124646129552, 0.000972723879386], [-0.000475082546473, 0.0025174471084, -0.00125132035464, 0.000727250589989, -0.0017588295741, 0.0073491577059, -0.00416170200333, 0.000969132175669, -0.000932943483349, -0.000308985589072, -0.00309199257754, 0.0016130207805, -0.00151230802294], [0.000585803994909, -0.00219565886073, 0.00128966371994, -0.0013661144767, 0.00135623035021, -0.00416170200333, 0.00947218947113, -0.00347767327912, 0.0028156558983, 0.000740118033718, 0.000361193175195, -0.000581529398914, 0.00072698952863], [-0.00038716281415, 0.00202271062881, -0.00131260848138, 0.0015712743625, -0.00143610953819, 0.000969132175669, -0.00347767327912, 0.00770340766758, -0.00354152871296, 0.000672968162689, -0.00163021893241, 0.00211065169424, -0.000624428328592], [0.000562580360565, -0.00231632892974, 0.00161649135407, -0.000892704701982, 0.000410669250414, -0.000932943483349, 0.0028156558983, -0.00354152871296, 0.0111512923613, -0.0071768714115, 0.00305149913765, -0.00147437234409, -0.000404977152357], [-0.000450995314168, 0.00307634542696, -0.00208907551132, 0.00164727692027, -0.00179492437746, -0.000308985589072, 0.000740118033718, 0.000672968162689, -0.0071768714115, 0.0149273639545, -0.00469532888383, 0.00435150135309, -0.00215670489706], [0.000581653614063, -0.00393069442362, 0.00143699452747, -0.00145889108535, 0.00174158648588, -0.00309199257754, 0.000361193175195, -0.00163021893241, 0.00305149913765, -0.00469532888383, 0.015549166128, -0.00636943941936, 0.00347591168247], [-0.000383446429623, 0.00308050820604, -0.00159096869174, -0.000745605735574, -0.00124646129552, 0.0016130207805, -0.000581529398914, 0.00211065169424, -0.00147437234409, 0.00435150135309, -0.00636943941936, 0.0155701199546, -0.00428404612467], [0.00024906906765, -0.00167964422144, 0.000970449531451, -0.00032900419319, 0.000972723879386, -0.00151230802294, 0.00072698952863, -0.000624428328592, -0.000404977152357, -0.00215670489706, 0.00347591168247, -0.00428404612467, 0.0110084768385]]
    },
    "melbands": {
        "mean": [0.00176885246765, 0.0013576571364, 0.00103280693293, 0.000763907679357, 0.000478184374515, 0.00018148359959, 0.000230981400819, 0.000533255340997, 0.000276013452094, 0.000160332216183, 0.000118636562547, 6.75031915307e-005, 7.87695244071e-005, 6.2971485022e-005, 0.000117900504847, 0.000105847480881, 8.10919664218e-005, 8.58530620462e-005, 5.93572549406e-005, 5.04840136273e-005, 4.97656765219e-005, 3.37589954142e-005, 2.90187872451e-005, 1.94549647858e-005, 1.2977940969e-005, 1.71563588083e-005, 1.45145486385e-005, 5.76871480007e-006, 3.20509502671e-006, 2.70343707598e-006, 2.59152943727e-006, 2.22014182327e-006, 2.17882552533e-006, 1.78432037501e-006, 1.19245237329e-006, 1.13488113129e-006, 7.7310329516e-007, 7.53038250423e-007, 7.58363228215e-007, 4.62390659095e-007],
        "var": [7.58510441301e-006, 2.60392425844e-006, 2.04176581065e-006, 1.68608221429e-006, 6.60989314838e-007, 1.20123672787e-007, 2.65086697482e-007, 1.17705894809e-006, 4.28497173743e-007, 1.38632231028e-007, 5.50715988368e-008, 1.72829572875e-008, 3.91993602022e-008, 1.78726473621e-008, 4.47591688157e-008, 3.17307708997e-008, 1.93574383189e-008, 2.50949518943e-008, 1.12400204699e-008, 1.03160351372e-008, 1.03097326232e-008, 3.73543862509e-009, 3.98161859039e-009, 1.58956581231e-009, 7.59418639085e-010, 1.20982612817e-009, 8.00979338411e-010, 1.52988496871e-010, 5.36922346861e-011, 3.06528552541e-011, 2.39315546546e-011, 2.030999674e-011, 4.099595316e-011, 3.61389008996e-011, 8.91926723451e-012, 8.47735510262e-012, 3.15643474899e-012, 1.78240744646e-012, 2.2035327122e-012, 1.17003271221e-012]
    },
    "mfcc": {
        "mean": [-645.030822754, 129.046340942, -10.1748657227, 22.4376773834, 15.0541601181, 5.95622110367, 6.25914907455, 2.01558828354, -0.600024700165, 4.17586803436, 5.61129999161, 0.924543917179, -1.92189979553],
        "cov": [[3940.34375, -879.042724609, -99.0564117432, -32.7190437317, -92.2818832397, 123.994888306, -57.6898384094, 5.2395606041, -39.5339279175, 4.02084922791, -114.682426453, -98.1266708374, 47.4286575317], [-879.042724609, 1166.80249023, -469.743713379, -121.540145874, 38.9358520508, -174.453216553, -4.12969970703, -38.6413879395, -14.8603439331, 1.70984899998, 71.3574447632, -40.2734146118, -13.6817827225], [-99.0564117432, -469.743713379, 1142.92456055, 209.56678772, -116.490516663, 108.102256775, 58.4507789612, 49.0511932373, -83.6141738892, -42.9446220398, -61.6693344116, 63.9744300842, 40.8578453064], [-32.7190437317, -121.540145874, 209.56678772, 374.931976318, 85.8689727783, 57.7676200867, 3.22820734978, 57.143611908, -57.3732414246, -52.0042076111, -39.6791191101, 29.4053134918, 40.0743255615], [-92.2818832397, 38.9358520508, -116.490516663, 85.8689727783, 285.460388184, 54.0591316223, -39.9847373962, -24.4500312805, 65.9633407593, 46.9434089661, 28.4814987183, 43.1872291565, 26.2819709778], [123.994888306, -174.453216553, 108.102256775, 57.7676200867, 54.0591316223, 222.773147583, 57.6377677917, 11.2802991867, -5.77280473709, -0.764306604862, -2.01768040657, 37.6184997559, 0.279162615538], [-57.6898384094, -4.12969970703, 58.4507789612, 3.22820734978, -39.9847373962, 57.6377677917, 242.190444946, 101.427268982, -32.2063560486, 7.90976953506, 20.0334625244, -0.303427398205, -13.7777986526], [5.2395606041, -38.6413879395, 49.0511932373, 57.143611908, -24.4500312805, 11.2802991867, 101.427268982, 171.261184692, -25.5973739624, -29.8666973114, 16.7256469727, 8.49702739716, 0.761516749859], [-39.5339279175, -14.8603439331, -83.6141738892, -57.3732414246, 65.9633407593, -5.77280473709, -32.2063560486, -25.5973739624, 222.714691162, 108.458503723, -4.22501182556, 23.6674423218, 35.3813400269], [4.02084922791, 1.70984899998, -42.9446220398, -52.0042076111, 46.9434089661, -0.764306604862, 7.90976953506, -29.8666973114, 108.458503723, 169.492080688, 42.5506782532, 12.0086212158, 25.2355461121], [-114.682426453, 71.3574447632, -61.6693344116, -39.6791191101, 28.4814987183, -2.01768040657, 20.0334625244, 16.7256469727, -4.22501182556, 42.5506782532, 135.442871094, 34.7079696655, -7.6791229248], [-98.1266708374, -40.2734146118, 63.9744300842, 29.4053134918, 43.1872291565, 37.6184997559, -0.303427398205, 8.49702739716, 23.6674423218, 12.0086212158, 34.7079696655, 121.545272827, 38.0732536316], [47.4286575317, -13.6817827225, 40.8578453064, 40.0743255615, 26.2819709778, 0.279162615538, -13.7777986526, 0.761516749859, 35.3813400269, 25.2355461121, -7.6791229248, 38.0732536316, 108.185852051]],
        "icov": [[0.000363923725672, 0.000329535570927, 0.000187684316188, 0.000105328384961, 9.32312977966e-005, -0.000169061895576, 0.000155027373694, -0.000114076894533, 0.000272972567473, -0.000170566316228, 0.000172391912201, 0.000341995677445, -0.000387040345231], [0.000329535570927, 0.00150303984992, 0.000544157985132, 0.000174819593667, -0.000190831691725, 0.000736567773856, -0.000331940886099, 0.000343279738445, 0.0004370007955, 0.000161243791808, -0.000335230666678, 0.000426540180342, -0.000579316809308], [0.000187684316188, 0.000544157985132, 0.00142814323772, -0.000611085561104, 0.00082310277503, -0.000284323788946, -0.000102763726318, 0.000107658313937, 0.000503470248077, -0.000370046269381, 0.000415702612372, -0.000539644155651, -0.000398450472858], [0.000105328384961, 0.000174819593667, -0.000611085561104, 0.00438967067748, -0.00198622955941, -0.000289168907329, 0.000574313278776, -0.00171846465673, 0.00149197038263, 0.000288218259811, 0.00142698048148, 1.83091344752e-006, -0.00130532798357], [9.32312977966e-005, -0.000190831691725, 0.00082310277503, -0.00198622955941, 0.0056178974919, -0.00159709632862, 0.000831981946249, 0.000616871111561, -0.0012587539386, -0.000760151888244, -0.0010207160376, -0.000845188216772, -8.51912336657e-005], [-0.000169061895576, 0.000736567773856, -0.000284323788946, -0.000289168907329, -0.00159709632862, 0.00656015332788, -0.00224506412633, 0.00117679592222, 7.97080865595e-005, 0.000503102608491, 0.000186558099813, -0.00162400479894, 0.00089996837778], [0.000155027373694, -0.000331940886099, -0.000102763726318, 0.000574313278776, 0.000831981946249, -0.00224506412633, 0.00687882071361, -0.00429407740012, 0.00126525422093, -0.00216038594954, 0.000376560084987, 0.000378062773962, 0.000409892207244], [-0.000114076894533, 0.000343279738445, 0.000107658313937, -0.00171846465673, 0.000616871111561, 0.00117679592222, -0.00429407740012, 0.00951600726694, -0.00137937359978, 0.00273115443997, -0.00227944646031, -0.000107665582618, -0.000387286097975], [0.000272972567473, 0.0004370007955, 0.000503470248077, 0.00149197038263, -0.0012587539386, 7.97080865595e-005, 0.00126525422093, -0.00137937359978, 0.00855115801096, -0.00537467980757, 0.00316963531077, -0.00141761812847, -0.00114978209604], [-0.000170566316228, 0.000161243791808, -0.000370046269381, 0.000288218259811, -0.000760151888244, 0.000503102608491, -0.00216038594954, 0.00273115443997, -0.00537467980757, 0.0113962655887, -0.00445373542607, 0.00171616382431, -0.0018034769455], [0.000172391912201, -0.000335230666678, 0.000415702612372, 0.00142698048148, -0.0010207160376, 0.000186558099813, 0.000376560084987, -0.00227944646031, 0.00316963531077, -0.00445373542607, 0.0113900275901, -0.00404623197392, 0.00174265517853], [0.000341995677445, 0.000426540180342, -0.000539644155651, 1.83091344752e-006, -0.000845188216772, -0.00162400479894, 0.000378062773962, -0.000107665582618, -0.00141761812847, 0.00171616382431, -0.00404623197392, 0.0123149398714, -0.00419226940721], [-0.000387040345231, -0.000579316809308, -0.000398450472858, -0.00130532798357, -8.51912336657e-005, 0.00089996837778, 0.000409892207244, -0.000387286097975, -0.00114978209604, -0.0018034769455, 0.00174265517853, -0.00419226940721, 0.0124428356066]]
    },
    "spectral_contrast_coeffs": {
        "mean": [-0.651990175247, -0.682551443577, -0.751416385174, -0.728477954865, -0.750115096569, -0.767277657986],
        "var": [0.00753357075155, 0.0101875932887, 0.00614049984142, 0.00653570471331, 0.00431173341349, 0.0013217224041]
    },
    "spectral_contrast_valleys": {
        "mean": [-7.0770778656, -7.19430685043, -7.55697822571, -7.75752449036, -7.75706768036, -10.4273662567],
        "var": [0.816379845142, 0.727676868439, 0.641502141953, 0.67218452692, 0.788816034794, 1.4059305191]
    }
},
"metadata": {
    "audio_properties": {
        "analysis_sample_rate": 44100,
        "bit_rate": 128074,
        "equal_loudness": 0,
        "length": 45.0612258911,
        "lossless": 0,
        "replay_gain": -5.50379753113,
        "sample_rate": 44100,
        "codec": "mp3",
        "downmix": "mix",
        "md5_encoded": "32bb973ba48eb8c51fd63616b0d866de"
    },
    "tags": {
        "file_name": "1214.mp3"
    },
    "version": {
        "essentia": "2.1-beta2",
        "essentia_git_sha": "v2.1_beta2",
        "extractor": "music 1.0"
    }
},
"rhythm": {
    "beats_count": 69,
    "beats_loudness": {
        "mean": 0.0351908989251,
        "var": 0.000248873780947
    },
    "bpm": 92.9451980591,
    "bpm_histogram_first_peak_bpm": {
        "mean": 94,
        "var": 0
    },
    "bpm_histogram_first_peak_spread": {
        "mean": 0.517857193947,
        "var": 0
    },
    "bpm_histogram_first_peak_weight": {
        "mean": 0.397058814764,
        "var": 0
    },
    "bpm_histogram_second_peak_bpm": {
        "mean": 88,
        "var": 0
    },
    "bpm_histogram_second_peak_spread": {
        "mean": 0.285714268684,
        "var": 0
    },
    "bpm_histogram_second_peak_weight": {
        "mean": 0.0735294148326,
        "var": 0
    },
    "danceability": 1.19955527782,
    "onset_rate": 4.21458530426,
    "beats_loudness_band_ratio": {
        "mean": [0.35338973999, 0.208972811699, 0.171654775739, 0.133774399757, 0.102895565331, 0.0678194910288],
        "var": [0.0512786358595, 0.0189392305911, 0.0353225134313, 0.0165696833283, 0.0115182911977, 0.0041122706607]
    },
    "beats_position": [0.66176867485, 1.3235373497, 1.99691605568, 2.68190479279, 3.3785033226, 4.06349182129, 4.74848079681, 5.44507932663, 6.13006782532, 6.79183673859, 7.45360517502, 8.10376358032, 8.75392246246, 9.39247131348, 10.0310201645, 10.6695690155, 11.3081178665, 11.9350566864, 12.5852155685, 13.235373497, 13.873922348, 14.512471199, 15.1626300812, 15.8243989944, 16.4861679077, 17.1363258362, 17.786485672, 18.4250335693, 19.0751914978, 19.7137413025, 20.3522891998, 20.9908390045, 21.640996933, 22.2795467377, 22.918094635, 23.5682544708, 24.2068023682, 24.8453502655, 25.4955101013, 26.1572780609, 26.7609977722, 27.353105545, 27.9452152252, 28.537322998, 29.1410427094, 29.7912006378, 30.4297504425, 31.0566883087, 31.7184581757, 32.3686180115, 33.0187759399, 33.6689338684, 34.3074836731, 34.9460296631, 35.5845794678, 36.2231292725, 36.8732872009, 37.5234451294, 38.1619949341, 38.8005447388, 39.4507026672, 40.0892524719, 40.7277984619, 41.3663482666, 42.0048980713, 42.6434440613, 43.2936058044, 43.9321517944, 44.5823135376]
},
"tonal": {
    "chords_changes_rate": 0.0720164626837,
    "chords_number_rate": 0.0102880662307,
    "chords_strength": {
        "mean": 0.544552445412,
        "var": 0.00742869824171
    },
    "hpcp_entropy": {
        "mean": 2.05769014359,
        "var": 0.676669001579
    },
    "key_strength": 0.857190728188,
    "tuning_diatonic_strength": 0.766112983227,
    "tuning_equal_tempered_deviation": 0.133518561721,
    "tuning_frequency": 442.548919678,
    "tuning_nontempered_energy_ratio": 0.793687522411,
    "hpcp": {
        "mean": [0.149416983128, 0.112365297973, 0.0956070795655, 0.109408408403, 0.175881206989, 0.345822900534, 0.410757869482, 0.265413761139, 0.140264451504, 0.0955007299781, 0.0843707695603, 0.146758943796, 0.202890470624, 0.137390047312, 0.0763533487916, 0.0635522454977, 0.0587802939117, 0.0812072083354, 0.0947145968676, 0.143192857504, 0.286400258541, 0.322618275881, 0.201205983758, 0.119957067072, 0.0856838077307, 0.0742153376341, 0.11235101521, 0.122490666807, 0.0847293287516, 0.072984457016, 0.0734235867858, 0.0871872603893, 0.134101808071, 0.14382456243, 0.1293207407, 0.152363464236],
        "var": [0.0579971559346, 0.0408222936094, 0.0356395877898, 0.0400379002094, 0.0619983784854, 0.109214447439, 0.12835842371, 0.0847347527742, 0.057635627687, 0.0422949008644, 0.0320410095155, 0.0568132996559, 0.101332053542, 0.044812515378, 0.0226772651076, 0.0210181474686, 0.0160201452672, 0.0222584400326, 0.027976911515, 0.0463180691004, 0.0910528898239, 0.118958376348, 0.0623805895448, 0.0463959015906, 0.029243029654, 0.0202675238252, 0.0380649827421, 0.0445397645235, 0.022519711405, 0.0269498378038, 0.0280048511922, 0.0297204591334, 0.0417339280248, 0.0400255843997, 0.0383088849485, 0.0563809350133]
    },
    "chords_histogram": [52.6748962402, 6.99588489532, 4.83539104462, 4.32098770142, 0, 0.205761313438, 0, 0, 3.90946507454, 0.514403283596, 5.96707820892, 0, 1.02880656719, 0, 0, 0.925925910473, 0, 5.65843629837, 0, 2.88065838814, 0, 0.617283940315, 9.46502017975, 0],
    "thpcp": [1, 0.646156251431, 0.34147721529, 0.232498839498, 0.205402687192, 0.357288211584, 0.493941783905, 0.334479391575, 0.185884073377, 0.154719486833, 0.143102049828, 0.197700917721, 0.230584979057, 0.348606497049, 0.697248399258, 0.785422027111, 0.489840835333, 0.2920383811, 0.208599314094, 0.180679038167, 0.273521274328, 0.29820650816, 0.206275612116, 0.177682429552, 0.178751498461, 0.212259501219, 0.326474100351, 0.350144386292, 0.314834475517, 0.370932549238, 0.363759279251, 0.273556053638, 0.232757762074, 0.266357421875, 0.428187072277, 0.841914236546],
    "chords_key": "E",
    "chords_scale": "major",
    "key_key": "E",
    "key_scale": "major"
}
}