{
"lowlevel": {
    "average_loudness": 0.893540859222,
    "barkbands_crest": {
        "mean": 10.2061910629,
        "var": 17.6362514496
    },
    "barkbands_flatness_db": {
        "mean": 0.160210832953,
        "var": 0.0026749742683
    },
    "barkbands_kurtosis": {
        "mean": 6.1056933403,
        "var": 193.127243042
    },
    "barkbands_skewness": {
        "mean": 1.64126479626,
        "var": 2.03659725189
    },
    "barkbands_spread": {
        "mean": 16.8115367889,
        "var": 141.436325073
    },
    "dissonance": {
        "mean": 0.44793394208,
        "var": 0.00114021718036
    },
    "dynamic_complexity": 2.69435739517,
    "erbbands_crest": {
        "mean": 9.82251644135,
        "var": 23.8094005585
    },
    "erbbands_flatness_db": {
        "mean": 0.174968034029,
        "var": 0.00243414053693
    },
    "erbbands_kurtosis": {
        "mean": 1.00156056881,
        "var": 17.6672077179
    },
    "erbbands_skewness": {
        "mean": 0.33207449317,
        "var": 0.525784373283
    },
    "erbbands_spread": {
        "mean": 33.6648330688,
        "var": 315.519134521
    },
    "hfc": {
        "mean": 17.1462364197,
        "var": 267.909118652
    },
    "melbands_crest": {
        "mean": 14.8759937286,
        "var": 29.8221340179
    },
    "melbands_flatness_db": {
        "mean": 0.234216570854,
        "var": 0.0046722823754
    },
    "melbands_kurtosis": {
        "mean": 14.7561340332,
        "var": 554.365844727
    },
    "melbands_skewness": {
        "mean": 2.59083032608,
        "var": 3.43099021912
    },
    "melbands_spread": {
        "mean": 18.7871360779,
        "var": 297.264129639
    },
    "pitch_salience": {
        "mean": 0.508697748184,
        "var": 0.0156557112932
    },
    "silence_rate_20dB": {
        "mean": 1,
        "var": 0
    },
    "silence_rate_30dB": {
        "mean": 0.988671481609,
        "var": 0.0112001542002
    },
    "silence_rate_60dB": {
        "mean": 0.0406797118485,
        "var": 0.0390253178775
    },
    "spectral_centroid": {
        "mean": 1138.39086914,
        "var": 337444.1875
    },
    "spectral_complexity": {
        "mean": 15.3877449036,
        "var": 48.4567985535
    },
    "spectral_decrease": {
        "mean": -7.65627916621e-009,
        "var": 4.24732826174e-017
    },
    "spectral_energy": {
        "mean": 0.0304517727345,
        "var": 0.000652279588394
    },
    "spectral_energyband_high": {
        "mean": 0.000304788933136,
        "var": 2.71229424698e-007
    },
    "spectral_energyband_low": {
        "mean": 0.0132473642007,
        "var": 0.000290715339361
    },
    "spectral_energyband_middle_high": {
        "mean": 0.00696917902678,
        "var": 0.000117145769764
    },
    "spectral_energyband_middle_low": {
        "mean": 0.0109287435189,
        "var": 0.000138944524224
    },
    "spectral_entropy": {
        "mean": 7.21946001053,
        "var": 0.186405181885
    },
    "spectral_flux": {
        "mean": 0.0893109291792,
        "var": 0.00208824127913
    },
    "spectral_kurtosis": {
        "mean": 6.50140237808,
        "var": 12.6722602844
    },
    "spectral_rms": {
        "mean": 0.00497081037611,
        "var": 5.00004580317e-006
    },
    "spectral_rolloff": {
        "mean": 1226.32727051,
        "var": 2509543.5
    },
    "spectral_skewness": {
        "mean": 1.81887793541,
        "var": 0.2245798558
    },
    "spectral_spread": {
        "mean": 3948057,
        "var": 4.09782924083e+012
    },
    "spectral_strongpeak": {
        "mean": 1.02424263954,
        "var": 2.07598185539
    },
    "zerocrossingrate": {
        "mean": 0.0475282222033,
        "var": 0.00163318531122
    },
    "barkbands": {
        "mean": [3.4909327951e-005, 0.0074089714326, 0.0050421138294, 0.00213219271973, 0.00352718518116, 0.00164127536118, 0.0012787617743, 0.00105562619865, 0.000848091032822, 0.00122362934053, 0.00125532632228, 0.00167720287573, 0.000488239631522, 0.000729493214749, 0.000651628128253, 0.000300094630802, 0.000258059531916, 0.000203383373446, 0.000278657884337, 0.000175840759766, 7.90811900515e-005, 3.30321745423e-005, 2.77348663076e-005, 3.48328903783e-005, 4.51537343906e-005, 1.974486986e-005, 1.55290638304e-006],
        "var": [3.03721892081e-009, 0.000168275204487, 5.40928631381e-005, 1.62677079061e-005, 2.58513027802e-005, 6.08867230767e-006, 5.29984845343e-006, 3.15493798553e-006, 5.89411092733e-006, 7.20315483704e-006, 2.05649121199e-005, 2.78468214674e-005, 3.08756807499e-006, 2.95234508485e-006, 2.30289992942e-006, 3.91428301327e-007, 3.36803367418e-007, 2.11509401993e-007, 2.41868548301e-007, 8.15513914176e-008, 1.77581060967e-008, 5.41953459887e-009, 4.92787588513e-009, 1.36014737251e-008, 4.34890878864e-008, 6.14337780647e-009, 4.1467856926e-011]
    },
    "erbbands": {
        "mean": [0.09750251472, 2.0762360096, 6.22343015671, 5.95088815689, 15.4150333405, 6.72350406647, 6.96309614182, 14.1648626328, 19.4167575836, 17.743768692, 27.20353508, 19.9672813416, 32.3630752563, 49.2427139282, 43.1563453674, 78.4886856079, 27.0888786316, 41.2919616699, 29.2506217957, 30.705450058, 15.6256732941, 13.8388347626, 11.6020793915, 13.3158454895, 12.7702741623, 8.03857803345, 4.28968000412, 2.38436484337, 1.21601641178, 0.835602402687, 0.804732084274, 0.664960384369, 0.635339617729, 0.51754283905, 0.305308699608, 0.103443831205, 0.0346674844623, 0.00640958547592, 0.000185521639651, 3.99567506975e-005],
        "var": [0.0354788415134, 12.1916646957, 67.6154632568, 72.0699157715, 728.565490723, 63.5688896179, 96.4501647949, 574.896118164, 1097.65148926, 1225.97692871, 2569.20849609, 3174.15014648, 4002.00952148, 18746.1484375, 13834.6972656, 67758.6796875, 5964.65283203, 9586.2578125, 4598.47216797, 5563.51269531, 711.313049316, 973.028747559, 683.939147949, 623.292663574, 494.575683594, 132.934204102, 48.3912124634, 16.4384670258, 6.0940618515, 5.55662488937, 3.66155576706, 2.98711633682, 5.89071464539, 5.16225147247, 2.4660358429, 0.254648804665, 0.0159094780684, 0.000487214681925, 3.76014924086e-007, 1.15057685601e-009]
    },
    "gfcc": {
        "mean": [-18.8041305542, 110.774711609, -119.457244873, 24.9076251984, -47.8166770935, 11.0215272903, -31.4782924652, 11.7694225311, -30.184709549, 1.46688735485, -14.5898704529, -5.35717821121, -10.4188337326],
        "cov": [[4439.00585938, -159.483001709, -145.988220215, 123.715362549, 77.4398956299, 172.612915039, 104.423126221, 70.5817947388, -23.8720016479, 89.8451309204, -136.378677368, -1.7438685894, -105.440177917], [-159.483001709, 1259.77307129, 117.745201111, 191.339401245, 255.803207397, -124.42275238, 233.318435669, -80.944519043, 120.033927917, -149.422836304, 28.43334198, -92.9113769531, 52.2714500427], [-145.988220215, 117.745201111, 1041.3248291, 320.288513184, 57.8388175964, 16.6323013306, -26.5905628204, 58.1713905334, 84.8771896362, -27.0667285919, -108.166069031, 82.8829956055, -73.1114120483], [123.715362549, 191.339401245, 320.288513184, 429.441162109, 99.1284255981, -48.1202392578, 9.52561664581, 33.9270629883, 102.393821716, -90.0200424194, -48.578792572, 29.1772346497, 1.82739818096], [77.4398956299, 255.803207397, 57.8388175964, 99.1284255981, 344.339141846, 61.0186805725, 108.165397644, -1.66620600224, 22.2046127319, -28.9391708374, -3.4573996067, -7.47609949112, 3.39236497879], [172.612915039, -124.42275238, 16.6323013306, -48.1202392578, 61.0186805725, 258.245391846, 63.8313140869, -14.6149129868, -37.1179351807, 12.4392719269, 14.1555118561, -7.88296842575, -11.09649086], [104.423126221, 233.318435669, -26.5905628204, 9.52561664581, 108.165397644, 63.8313140869, 251.887283325, -21.5772018433, 5.72924089432, -6.20904874802, 19.4189186096, -9.19066047668, 9.94663047791], [70.5817947388, -80.944519043, 58.1713905334, 33.9270629883, -1.66620600224, -14.6149129868, -21.5772018433, 133.818664551, 37.2717475891, 13.8645334244, -16.597820282, 12.1177349091, 13.6576890945], [-23.8720016479, 120.033927917, 84.8771896362, 102.393821716, 22.2046127319, -37.1179351807, 5.72924089432, 37.2717475891, 155.487823486, -17.1288795471, -27.8839664459, 9.00668048859, -5.70334768295], [89.8451309204, -149.422836304, -27.0667285919, -90.0200424194, -28.9391708374, 12.4392719269, -6.20904874802, 13.8645334244, -17.1288795471, 167.965637207, 43.6891059875, -7.68905639648, 14.227142334], [-136.378677368, 28.43334198, -108.166069031, -48.578792572, -3.4573996067, 14.1555118561, 19.4189186096, -16.597820282, -27.8839664459, 43.6891059875, 127.535949707, 4.42851495743, 16.3914718628], [-1.7438685894, -92.9113769531, 82.8829956055, 29.1772346497, -7.47609949112, -7.88296842575, -9.19066047668, 12.1177349091, 9.00668048859, -7.68905639648, 4.42851495743, 113.061645508, -3.09819054604], [-105.440177917, 52.2714500427, -73.1114120483, 1.82739818096, 3.39236497879, -11.09649086, 9.94663047791, 13.6576890945, -5.70334768295, 14.227142334, 16.3914718628, -3.09819054604, 114.802711487]],
        "icov": [[0.000303559587337, -0.000168534155819, 0.000282853899989, -0.000372719136067, 0.000105987528514, -0.000358059885912, -1.39589274113e-005, -0.000301505293464, 0.000334425189067, -0.00060092494823, 0.000687880441546, -0.000311814685119, 0.000525398412719], [-0.000168534155819, 0.00239621056244, -0.000918298785109, 0.000608704227488, -0.00120109843556, 0.00198162370361, -0.00168817676604, 0.001619779272, -0.00178123358637, 0.00249152164906, -0.00216289306991, 0.00258061755449, -0.00167852523737], [0.000282853899989, -0.000918298785109, 0.00208257813938, -0.0016756656114, 0.000505443254951, -0.00129046733491, 0.000649396853987, -0.000995069975033, 0.000926212291233, -0.00198879139498, 0.00227664783597, -0.00198869802989, 0.00186704995576], [-0.000372719136067, 0.000608704227488, -0.0016756656114, 0.00482005439699, -0.00122906907927, 0.00145296531264, -0.000211821155972, 0.000459535134723, -0.00243279966526, 0.0030511689838, -0.00158779730555, 0.000844727735966, -0.00187237677164], [0.000105987528514, -0.00120109843556, 0.000505443254951, -0.00122906907927, 0.00434922752902, -0.00173852557782, -0.000534638646059, -0.000893682998139, 0.00083983404329, -0.00108649127651, 0.00110021687578, -0.000981069752015, 0.000834560254589], [-0.000358059885912, 0.00198162370361, -0.00129046733491, 0.00145296531264, -0.00173852557782, 0.00640476448461, -0.00222503114492, 0.00145400618203, -0.000701783690602, 0.00234248815104, -0.00247119623236, 0.00246548652649, -0.00129162718076], [-1.39589274113e-005, -0.00168817676604, 0.000649396853987, -0.000211821155972, -0.000534638646059, -0.00222503114492, 0.00620231730863, -0.00032749021193, 0.000558998901397, -0.00141072529368, 0.00066922348924, -0.00161204591859, 0.000538628723007], [-0.000301505293464, 0.001619779272, -0.000995069975033, 0.000459535134723, -0.000893682998139, 0.00145400618203, -0.00032749021193, 0.00989558268338, -0.00317540229298, 0.000779780209996, -0.000849833886605, 0.0011566063622, -0.00273920409381], [0.000334425189067, -0.00178123358637, 0.000926212291233, -0.00243279966526, 0.00083983404329, -0.000701783690602, 0.000558998901397, -0.00317540229298, 0.00987924821675, -0.00250704050995, 0.00301339593716, -0.00212998408824, 0.00229719094932], [-0.00060092494823, 0.00249152164906, -0.00198879139498, 0.0030511689838, -0.00108649127651, 0.00234248815104, -0.00141072529368, 0.000779780209996, -0.00250704050995, 0.0110083753243, -0.00572055764496, 0.0036843647249, -0.00328605482355], [0.000687880441546, -0.00216289306991, 0.00227664783597, -0.00158779730555, 0.00110021687578, -0.00247119623236, 0.00066922348924, -0.000849833886605, 0.00301339593716, -0.00572055764496, 0.013010728173, -0.00407070480287, 0.00175458751619], [-0.000311814685119, 0.00258061755449, -0.00198869802989, 0.000844727735966, -0.000981069752015, 0.00246548652649, -0.00161204591859, 0.0011566063622, -0.00212998408824, 0.0036843647249, -0.00407070480287, 0.0125742778182, -0.00211380026303], [0.000525398412719, -0.00167852523737, 0.00186704995576, -0.00187237677164, 0.000834560254589, -0.00129162718076, 0.000538628723007, -0.00273920409381, 0.00229719094932, -0.00328605482355, 0.00175458751619, -0.00211380026303, 0.0115197179839]]
    },
    "melbands": {
        "mean": [0.00152918882668, 0.00321843870915, 0.00140938675031, 0.000857108505443, 0.000217996173888, 0.000330031645717, 0.000296110083582, 0.000184948075912, 0.000216714091948, 0.000121172328363, 0.000158883878612, 0.000193702115212, 0.000163001648616, 0.000186174627743, 0.00011531313794, 5.48026073375e-005, 7.9350778833e-005, 4.32056513091e-005, 4.71336279588e-005, 3.11911608151e-005, 1.60726704053e-005, 1.58067341545e-005, 1.22386973089e-005, 8.15012390376e-006, 1.11458557512e-005, 9.85244787444e-006, 7.92149239714e-006, 4.63330343337e-006, 2.83396116174e-006, 1.91023514162e-006, 1.2453455156e-006, 7.46941168472e-007, 4.76000536764e-007, 4.4847027425e-007, 4.46975008117e-007, 4.56045796682e-007, 3.88621657521e-007, 4.11126222843e-007, 4.86144301703e-007, 4.30471601476e-007],
        "var": [8.11139943835e-006, 1.73884636752e-005, 4.13279803979e-006, 1.68666099398e-006, 8.26458048664e-008, 2.8854671541e-007, 2.45484983452e-007, 1.1743598094e-007, 2.03662082754e-007, 1.18630318013e-007, 1.03600562795e-007, 2.90986207574e-007, 3.0295583997e-007, 3.1687380897e-007, 1.3919955677e-007, 3.36458434447e-008, 3.79214277757e-008, 1.18899050605e-008, 1.34387736495e-008, 4.89285767458e-009, 9.66385083068e-010, 1.75487879783e-009, 8.13690392842e-010, 2.95624497104e-010, 4.84437878701e-010, 3.32607857922e-010, 1.99259470035e-010, 4.87087974121e-011, 2.27026539928e-011, 1.35398723483e-011, 5.62095248818e-012, 2.24145311686e-012, 2.39099560463e-012, 1.68824568041e-012, 1.16038244551e-012, 1.51662037963e-012, 1.39136900786e-012, 2.73608913304e-012, 3.5420128202e-012, 4.41529321785e-012]
    },
    "mfcc": {
        "mean": [-664.456726074, 144.563995361, -9.61822605133, 22.6783294678, 4.79414510727, 0.763199806213, 10.9873390198, 1.60436737537, 0.211396977305, 4.47899961472, -4.51822185516, -1.39042913914, -0.158960253],
        "cov": [[4000.79516602, -195.417770386, -324.951568604, 3.71433091164, -73.9685058594, 121.656822205, 81.8223800659, 40.7452278137, 98.0250701904, 95.2688674927, -4.74808931351, 28.3161239624, -7.51574277878], [-195.417770386, 1021.21325684, -27.191822052, 250.605178833, 36.7944946289, 92.1553955078, 87.4117736816, 75.701210022, 67.4123687744, 17.9116744995, 22.5965976715, -3.03632283211, -3.57631206512], [-324.951568604, -27.191822052, 875.271179199, 235.86277771, 125.137435913, 34.2337417603, -108.977600098, 100.942657471, 84.8033065796, -66.1600723267, 52.1928977966, -1.7671084404, 15.1444234848], [3.71433091164, 250.605178833, 235.86277771, 513.096069336, 135.452575684, 5.17781162262, -62.8117637634, 118.603157043, 114.282173157, -47.7876014709, 12.5009460449, 11.9627666473, 21.4077205658], [-73.9685058594, 36.7944946289, 125.137435913, 135.452575684, 276.582427979, 27.5470294952, -19.9066181183, 71.0330200195, 44.5101928711, 7.55350255966, -3.00535845757, -11.5234165192, -0.520198881626], [121.656822205, 92.1553955078, 34.2337417603, 5.17781162262, 27.5470294952, 249.922332764, 90.361907959, 65.1767807007, 3.33829379082, 32.5870399475, 10.989030838, -19.1004066467, 13.6608963013], [81.8223800659, 87.4117736816, -108.977600098, -62.8117637634, -19.9066181183, 90.361907959, 240.620346069, -10.2267198563, -20.4964675903, 42.682888031, -1.57663953304, -3.35816001892, 2.86743879318], [40.7452278137, 75.701210022, 100.942657471, 118.603157043, 71.0330200195, 65.1767807007, -10.2267198563, 222.076522827, 50.7055053711, -29.2191181183, 1.87446606159, -0.470289260149, 7.48115158081], [98.0250701904, 67.4123687744, 84.8033065796, 114.282173157, 44.5101928711, 3.33829379082, -20.4964675903, 50.7055053711, 179.008651733, 7.89794683456, -1.44586789608, -0.231398850679, 2.49523377419], [95.2688674927, 17.9116744995, -66.1600723267, -47.7876014709, 7.55350255966, 32.5870399475, 42.682888031, -29.2191181183, 7.89794683456, 131.750930786, 10.4159889221, -7.57972717285, -1.62813961506], [-4.74808931351, 22.5965976715, 52.1928977966, 12.5009460449, -3.00535845757, 10.989030838, -1.57663953304, 1.87446606159, -1.44586789608, 10.4159889221, 102.020088196, 21.7812900543, -2.29779887199], [28.3161239624, -3.03632283211, -1.7671084404, 11.9627666473, -11.5234165192, -19.1004066467, -3.35816001892, -0.470289260149, -0.231398850679, -7.57972717285, 21.7812900543, 88.7624969482, 13.0246953964], [-7.51574277878, -3.57631206512, 15.1444234848, 21.4077205658, -0.520198881626, 13.6608963013, 2.86743879318, 7.48115158081, 2.49523377419, -1.62813961506, -2.29779887199, 13.0246953964, 97.6907272339]],
        "icov": [[0.000285758083919, 0.000121153592772, 0.000141788419569, -0.000113846195745, 0.000115201728477, -0.000178954112926, -2.51216988545e-005, -5.96389254497e-005, -0.000202430470381, -0.00015348989109, -9.30841270019e-006, -0.000116501687444, 7.82558781793e-005], [0.000121153592772, 0.00130674464162, 0.000265813054284, -0.000814780243672, 0.000212334140087, -0.000360309000826, -0.000450070860097, -0.000115452283353, -0.000226484931773, -0.000188108693692, -0.000272090372164, 6.61699377815e-005, 0.000255495775491], [0.000141788419569, 0.000265813054284, 0.00162104901392, -0.000533524318598, -0.000297812162898, -0.000488802441396, 0.000464852171717, -0.000119273121527, -0.000464888493298, 0.000550925557036, -0.000873036216944, 0.000212856102735, -7.93480940047e-005], [-0.000113846195745, -0.000814780243672, -0.000533524318598, 0.00344801088795, -0.00106455187779, 0.000386082887417, 0.000483194773551, -0.000658811593894, -0.00111094606109, 0.000885243585799, -8.03869770607e-005, -0.000319249636959, -0.000651052338071], [0.000115201728477, 0.000212334140087, -0.000297812162898, -0.00106455187779, 0.00461519416422, -0.000239363507717, 8.74747202033e-005, -0.000915407843422, -0.000149202271132, -0.0010841593612, 0.000453216489404, 0.000396392308176, 0.000365222804248], [-0.000178954112926, -0.000360309000826, -0.000488802441396, 0.000386082887417, -0.000239363507717, 0.00575564289466, -0.00193605734967, -0.00174162513576, 0.000497039349284, -0.00102073361631, -0.000532095902599, 0.0012795412913, -0.000864538131282], [-2.51216988545e-005, -0.000450070860097, 0.000464852171717, 0.000483194773551, 8.74747202033e-005, -0.00193605734967, 0.00557966670021, 0.000316873687552, 0.000257519684965, -0.00083429471124, 0.000261043198407, -0.00037905870704, -7.70036203903e-005], [-5.96389254497e-005, -0.000115452283353, -0.000119273121527, -0.000658811593894, -0.000915407843422, -0.00174162513576, 0.000316873687552, 0.00620396062732, -0.000975701899733, 0.00155360728968, 9.45874999161e-005, -0.000239362387219, -6.73050726618e-006], [-0.000202430470381, -0.000226484931773, -0.000464888493298, -0.00111094606109, -0.000149202271132, 0.000497039349284, 0.000257519684965, -0.000975701899733, 0.00710864784196, -0.0013451774139, 0.000612757634372, 2.8803729947e-005, 9.50979519985e-005], [-0.00015348989109, -0.000188108693692, 0.000550925557036, 0.000885243585799, -0.0010841593612, -0.00102073361631, -0.00083429471124, 0.00155360728968, -0.0013451774139, 0.00949136633426, -0.00147136824671, 0.000747468671761, -0.000197335073608], [-9.30841270019e-006, -0.000272090372164, -0.000873036216944, -8.03869770607e-005, 0.000453216489404, -0.000532095902599, 0.000261043198407, 9.45874999161e-005, 0.000612757634372, -0.00147136824671, 0.0112220197916, -0.0030586081557, 0.000835768471006], [-0.000116501687444, 6.61699377815e-005, 0.000212856102735, -0.000319249636959, 0.000396392308176, 0.0012795412913, -0.00037905870704, -0.000239362387219, 2.8803729947e-005, 0.000747468671761, -0.0030586081557, 0.0127538628876, -0.00187757948879], [7.82558781793e-005, 0.000255495775491, -7.93480940047e-005, -0.000651052338071, 0.000365222804248, -0.000864538131282, -7.70036203903e-005, -6.73050726618e-006, 9.50979519985e-005, -0.000197335073608, 0.000835768471006, -0.00187757948879, 0.0107966167852]]
    },
    "spectral_contrast_coeffs": {
        "mean": [-0.624563217163, -0.712546408176, -0.715143024921, -0.737197995186, -0.748783409595, -0.754231631756],
        "var": [0.00565574457869, 0.00457220571116, 0.00650804722682, 0.00526070781052, 0.00328315515071, 0.00242926855572]
    },
    "spectral_contrast_valleys": {
        "mean": [-7.37044620514, -6.91270971298, -7.53260707855, -8.08557510376, -8.12297725677, -10.9909601212],
        "var": [1.18555819988, 0.750045657158, 0.74270772934, 0.763811349869, 0.761559426785, 0.993785142899]
    }
},
"metadata": {
    "audio_properties": {
        "analysis_sample_rate": 44100,
        "bit_rate": 128074,
        "equal_loudness": 0,
        "length": 45.0612258911,
        "lossless": 0,
        "replay_gain": -4.58466720581,
        "sample_rate": 44100,
        "codec": "mp3",
        "downmix": "mix",
        "md5_encoded": "e5df389ddddb149306f2406c32b13258"
    },
    "tags": {
        "file_name": "1215.mp3"
    },
    "version": {
        "essentia": "2.1-beta2",
        "essentia_git_sha": "v2.1_beta2",
        "extractor": "music 1.0"
    }
},
"rhythm": {
    "beats_count": 110,
    "beats_loudness": {
        "mean": 0.0334283560514,
        "var": 0.000502138980664
    },
    "bpm": 147.97416687,
    "bpm_histogram_first_peak_bpm": {
        "mean": 148,
        "var": 0
    },
    "bpm_histogram_first_peak_spread": {
        "mean": 0.345794379711,
        "var": 0
    },
    "bpm_histogram_first_peak_weight": {
        "mean": 0.642201840878,
        "var": 0
    },
    "bpm_histogram_second_peak_bpm": {
        "mean": 136,
        "var": 0
    },
    "bpm_histogram_second_peak_spread": {
        "mean": 0,
        "var": 0
    },
    "bpm_histogram_second_peak_weight": {
        "mean": 0.0183486230671,
        "var": 0
    },
    "danceability": 1.13495767117,
    "onset_rate": 4.83568191528,
    "beats_loudness_band_ratio": {
        "mean": [0.419753372669, 0.213982254267, 0.177664741874, 0.184036105871, 0.0776686817408, 0.0333413258195],
        "var": [0.0712466910481, 0.0191933214664, 0.0199010763317, 0.0358100235462, 0.00728323636577, 0.00234663370065]
    },
    "beats_position": [0.417959183455, 0.859138309956, 1.30031740665, 1.71827661991, 2.13623571396, 2.54258489609, 2.94893407822, 3.36689329147, 3.7732424736, 4.17959165573, 4.58594083786, 4.99229001999, 5.41024923325, 5.81659841537, 6.2229475975, 6.6176867485, 7.02403593063, 7.4303855896, 7.8251247406, 8.23147392273, 8.63782310486, 9.03256225586, 9.45052146912, 9.84526062012, 10.2632198334, 10.6811790466, 11.0875282288, 11.4938774109, 11.900226593, 12.3065757751, 12.7013149261, 13.0960540771, 13.5024032593, 13.9087524414, 14.3151016235, 14.7214508057, 15.1161899567, 15.5225391388, 15.9288883209, 16.3352375031, 16.7415866852, 17.1595458984, 17.5658950806, 17.9722442627, 18.3669834137, 18.7733325958, 19.179681778, 19.574420929, 19.9807701111, 20.3871192932, 20.7934684753, 21.1882076263, 21.5945568085, 22.0009059906, 22.4072551727, 22.8136043549, 23.2315635681, 23.6379127502, 24.0442619324, 24.4506111145, 24.8569602966, 25.2633094788, 25.6580486298, 26.0527877808, 26.4475269318, 26.8538761139, 27.2602272034, 27.6549663544, 28.0613155365, 28.4676647186, 28.8740139008, 29.2803630829, 29.6983222961, 30.1046714783, 30.5226306915, 30.9289798737, 31.3353290558, 31.7300682068, 32.1364173889, 32.542766571, 32.9491157532, 33.3554649353, 33.7618141174, 34.1565513611, 34.5745124817, 34.9808616638, 35.3872108459, 35.7935600281, 36.1999092102, 36.6178665161, 37.0358276367, 37.4305648804, 37.8369140625, 38.2432632446, 38.638004303, 39.0443534851, 39.4507026672, 39.8454399109, 40.251789093, 40.6581382751, 41.0760993958, 41.4824485779, 41.88879776, 42.2951469421, 42.7014961243, 43.1078453064, 43.5141944885, 43.9089317322, 44.3036727905, 44.6984100342]
},
"tonal": {
    "chords_changes_rate": 0.0432098768651,
    "chords_number_rate": 0.00617283955216,
    "chords_strength": {
        "mean": 0.660321056843,
        "var": 0.00672809639946
    },
    "hpcp_entropy": {
        "mean": 1.96416926384,
        "var": 0.488501667976
    },
    "key_strength": 0.855781316757,
    "tuning_diatonic_strength": 0.794362187386,
    "tuning_equal_tempered_deviation": 0.354204595089,
    "tuning_frequency": 449.504882813,
    "tuning_nontempered_energy_ratio": 0.965121805668,
    "hpcp": {
        "mean": [0.122402064502, 0.0918340831995, 0.100579194725, 0.121115088463, 0.159234672785, 0.162746310234, 0.114168860018, 0.101442053914, 0.0909534692764, 0.0578359514475, 0.0445167049766, 0.0507095120847, 0.07984405756, 0.175992548466, 0.2883451581, 0.266830205917, 0.150020033121, 0.0720359757543, 0.0591353848577, 0.0923660323024, 0.110108911991, 0.0895489007235, 0.0702454298735, 0.0578866899014, 0.0655299648643, 0.115732342005, 0.156411364675, 0.20670799911, 0.35071888566, 0.397070467472, 0.244716435671, 0.108187481761, 0.0726602971554, 0.0813264474273, 0.118735358119, 0.148958191276],
        "var": [0.0448613353074, 0.0369653813541, 0.0422064997256, 0.0535470098257, 0.0566174350679, 0.0513554438949, 0.0332126431167, 0.0412163995206, 0.0407991632819, 0.0213843286037, 0.0138559909537, 0.0175286643207, 0.0294372793287, 0.0602344572544, 0.104424998164, 0.111539825797, 0.0633838027716, 0.0286859776825, 0.021680040285, 0.0384710803628, 0.0485955812037, 0.0360449925065, 0.0226855687797, 0.0171040333807, 0.0240113865584, 0.0414710193872, 0.0598187372088, 0.0653098747134, 0.119229637086, 0.139875873923, 0.079978145659, 0.0360053256154, 0.0281022824347, 0.0327740907669, 0.0460940301418, 0.0592802241445]
    },
    "chords_histogram": [77.2633743286, 3.49794244766, 4.32098770142, 0, 0, 0, 0, 0, 0, 0, 0, 0, 0, 0, 0, 0.205761313438, 0.308641970158, 8.23045253754, 0.102880656719, 0, 0, 0, 3.60082316399, 2.46913576126],
    "thpcp": [1, 0.616304814816, 0.272464185953, 0.182990938425, 0.204816162586, 0.299028426409, 0.37514296174, 0.308262825012, 0.231279060245, 0.253303140402, 0.305021643639, 0.401023715734, 0.409867584705, 0.287527948618, 0.255476206541, 0.229061275721, 0.145656645298, 0.112112857401, 0.127709105611, 0.201082840562, 0.443227499723, 0.726181328297, 0.671997129917, 0.377817153931, 0.181418612599, 0.148929193616, 0.232618734241, 0.277303189039, 0.225523948669, 0.176909223199, 0.145784422755, 0.165033593774, 0.291465491056, 0.39391335845, 0.520582675934, 0.883266091347],
    "chords_key": "F#",
    "chords_scale": "major",
    "key_key": "F#",
    "key_scale": "major"
}
}