{
"lowlevel": {
    "average_loudness": 0.96256428957,
    "barkbands_crest": {
        "mean": 10.6340837479,
        "var": 15.8997831345
    },
    "barkbands_flatness_db": {
        "mean": 0.148303970695,
        "var": 0.00167818157934
    },
    "barkbands_kurtosis": {
        "mean": 3.68809533119,
        "var": 33.4217796326
    },
    "barkbands_skewness": {
        "mean": 1.52657043934,
        "var": 1.04940664768
    },
    "barkbands_spread": {
        "mean": 19.0660572052,
        "var": 113.319778442
    },
    "dissonance": {
        "mean": 0.44612249732,
        "var": 0.00110143516213
    },
    "dynamic_complexity": 2.25285673141,
    "erbbands_crest": {
        "mean": 9.8458442688,
        "var": 18.8407173157
    },
    "erbbands_flatness_db": {
        "mean": 0.162756457925,
        "var": 0.00166000507306
    },
    "erbbands_kurtosis": {
        "mean": 0.146529868245,
        "var": 2.97972464561
    },
    "erbbands_skewness": {
        "mean": 0.396524757147,
        "var": 0.363375514746
    },
    "erbbands_spread": {
        "mean": 37.2776679993,
        "var": 304.460662842
    },
    "hfc": {
        "mean": 21.4611930847,
        "var": 250.787445068
    },
    "melbands_crest": {
        "mean": 13.3621578217,
        "var": 17.0498065948
    },
    "melbands_flatness_db": {
        "mean": 0.219200745225,
        "var": 0.00279246200807
    },
    "melbands_kurtosis": {
        "mean": 11.2314939499,
        "var": 160.582931519
    },
    "melbands_skewness": {
        "mean": 2.45987033844,
        "var": 1.94359862804
    },
    "melbands_spread": {
        "mean": 19.5014019012,
        "var": 138.832778931
    },
    "pitch_salience": {
        "mean": 0.514282107353,
        "var": 0.0113714551553
    },
    "silence_rate_20dB": {
        "mean": 1,
        "var": 0
    },
    "silence_rate_30dB": {
        "mean": 0.996395468712,
        "var": 0.00359148089774
    },
    "silence_rate_60dB": {
        "mean": 0.0211122557521,
        "var": 0.020666597411
    },
    "spectral_centroid": {
        "mean": 1190.13964844,
        "var": 247205.0625
    },
    "spectral_complexity": {
        "mean": 17.6972198486,
        "var": 38.0946960449
    },
    "spectral_decrease": {
        "mean": -8.70008243226e-009,
        "var": 2.51242065536e-017
    },
    "spectral_energy": {
        "mean": 0.0347827151418,
        "var": 0.000395974668209
    },
    "spectral_energyband_high": {
        "mean": 0.000590297044255,
        "var": 1.03491811387e-006
    },
    "spectral_energyband_low": {
        "mean": 0.013407769613,
        "var": 0.000149400526425
    },
    "spectral_energyband_middle_high": {
        "mean": 0.00671837478876,
        "var": 5.3970652516e-005
    },
    "spectral_energyband_middle_low": {
        "mean": 0.0151547221467,
        "var": 0.000102394413261
    },
    "spectral_entropy": {
        "mean": 7.28635978699,
        "var": 0.154180958867
    },
    "spectral_flux": {
        "mean": 0.086019590497,
        "var": 0.00134008470923
    },
    "spectral_kurtosis": {
        "mean": 5.25690984726,
        "var": 12.1695547104
    },
    "spectral_rms": {
        "mean": 0.00556025281549,
        "var": 3.01793920698e-006
    },
    "spectral_rolloff": {
        "mean": 1124.91467285,
        "var": 1287097.375
    },
    "spectral_skewness": {
        "mean": 1.65140271187,
        "var": 0.276626497507
    },
    "spectral_spread": {
        "mean": 4162199,
        "var": 2.41150564762e+012
    },
    "spectral_strongpeak": {
        "mean": 1.08238208294,
        "var": 1.72161960602
    },
    "zerocrossingrate": {
        "mean": 0.046384204179,
        "var": 0.000654959178064
    },
    "barkbands": {
        "mean": [0.000119286625704, 0.00988755375147, 0.00242146011442, 0.00221920805052, 0.00289923045784, 0.00267414655536, 0.0020725117065, 0.0020949523896, 0.0029911249876, 0.00152652605902, 0.000925927306525, 0.000789849029388, 0.000633615243714, 0.000426062120823, 0.000769624777604, 0.000707200728357, 0.000340401369613, 0.000334460666636, 0.000236568957916, 0.00022877358424, 0.000179235925316, 9.254852921e-005, 8.69539071573e-005, 6.60334553686e-005, 4.12627305195e-005, 1.70562489075e-005, 1.15256284516e-006],
        "var": [2.90116268786e-008, 0.000125343562104, 9.40461995924e-006, 8.3456552602e-006, 7.1201393439e-006, 1.01926680145e-005, 6.36831009615e-006, 2.00674985535e-005, 4.71757011837e-005, 1.01796777017e-005, 5.32992362423e-006, 4.12271310779e-006, 2.9815362268e-006, 1.10789665086e-006, 1.95503230316e-006, 2.24287396122e-006, 4.85993382426e-007, 2.66252811798e-007, 1.30538950316e-007, 8.57316493352e-008, 7.90362975067e-008, 2.55343319822e-008, 1.50001113752e-007, 1.07239600311e-007, 1.47993288735e-008, 1.64401736669e-009, 1.0671615501e-011]
    },
    "erbbands": {
        "mean": [0.232014581561, 2.38626098633, 3.44557332993, 5.01640415192, 6.9870800972, 11.0795354843, 16.916349411, 23.1764087677, 32.001499176, 25.1065807343, 62.9579200745, 73.3566055298, 38.4342498779, 49.7174224854, 41.4794082642, 25.3963756561, 29.3740653992, 18.1867427826, 36.1045303345, 39.7904129028, 39.6602478027, 18.7625026703, 18.3980197906, 17.1767730713, 10.7512779236, 12.57508564, 8.91797924042, 4.98261928558, 3.38468432426, 2.75809407234, 2.5899977684, 1.77692651749, 0.856074213982, 0.591830611229, 0.209623977542, 0.0864604786038, 0.029223235324, 0.00488298200071, 0.000143685741932, 4.44901124865e-005],
        "var": [0.0775514915586, 7.43506479263, 12.9717988968, 29.2418613434, 51.5638580322, 141.472000122, 424.92791748, 1018.69049072, 1685.47241211, 1013.71160889, 14920.7587891, 30054.1054688, 5612.12255859, 9143.50878906, 8143.1796875, 2159.88964844, 4572.89794922, 1946.20324707, 4511.41650391, 6378.19433594, 7200.86181641, 1331.69018555, 675.999511719, 780.609313965, 232.425704956, 270.057952881, 203.723632813, 57.1951408386, 32.079624176, 54.1553840637, 163.625305176, 91.0928268433, 13.7435646057, 3.47937965393, 0.298834353685, 0.0508707277477, 0.00495797814801, 0.000137627677759, 1.02499051025e-007, 6.85491996499e-010]
    },
    "gfcc": {
        "mean": [10.8755626678, 110.895500183, -116.637397766, 34.2754211426, -52.8021469116, 9.80257225037, -33.3233108521, 11.6495456696, -21.6003570557, 6.81341075897, -13.3263902664, 0.224411487579, -5.27388525009],
        "cov": [[3866.80957031, -419.180480957, -328.578979492, 205.406707764, -176.706695557, 137.106994629, 34.6505508423, 150.608932495, 12.6306991577, -4.34408855438, -142.181945801, 11.4540500641, -52.7147293091], [-419.180480957, 716.857727051, -88.5140991211, -77.029800415, 174.588562012, -26.5255908966, 127.35018158, -30.2629814148, 23.1796798706, -57.23179245, 46.592414856, -125.607246399, 57.6347694397], [-328.578979492, -88.5140991211, 560.953796387, 136.64302063, 14.289355278, 61.9642715454, -36.1540527344, -34.8422317505, -7.49841737747, 101.065757751, 40.7033119202, 77.7154464722, -35.7898254395], [205.406707764, -77.029800415, 136.64302063, 407.339782715, 1.87175071239, -13.7579393387, -16.4543151855, -113.996368408, 38.1380462646, 40.8897018433, 4.2480597496, 43.1787605286, 10.4747686386], [-176.706695557, 174.588562012, 14.289355278, 1.87175071239, 209.680480957, 38.9996337891, 43.4191055298, 48.044593811, 29.3470230103, -4.4074177742, 23.2651844025, -4.44724035263, 25.2990531921], [137.106994629, -26.5255908966, 61.9642715454, -13.7579393387, 38.9996337891, 209.369537354, 65.5104751587, -10.0871562958, -27.8149547577, 18.672082901, 25.0706348419, -30.0551357269, -23.6969776154], [34.6505508423, 127.35018158, -36.1540527344, -16.4543151855, 43.4191055298, 65.5104751587, 154.988952637, 33.894077301, -6.36984395981, -8.56466007233, 19.0510845184, -24.9564838409, -1.0093960762], [150.608932495, -30.2629814148, -34.8422317505, -113.996368408, 48.044593811, -10.0871562958, 33.894077301, 242.08265686, 65.3895568848, -33.3172149658, -17.9538345337, 5.72326803207, 18.9218502045], [12.6306991577, 23.1796798706, -7.49841737747, 38.1380462646, 29.3470230103, -27.8149547577, -6.36984395981, 65.3895568848, 111.35974884, 4.07054376602, -10.570649147, 8.39120674133, 15.9764118195], [-4.34408855438, -57.23179245, 101.065757751, 40.8897018433, -4.4074177742, 18.672082901, -8.56466007233, -33.3172149658, 4.07054376602, 108.525970459, 39.2484130859, 20.7083587646, -11.9887208939], [-142.181945801, 46.592414856, 40.7033119202, 4.2480597496, 23.2651844025, 25.0706348419, 19.0510845184, -17.9538345337, -10.570649147, 39.2484130859, 96.6799468994, 28.0638008118, 4.81506872177], [11.4540500641, -125.607246399, 77.7154464722, 43.1787605286, -4.44724035263, -30.0551357269, -24.9564838409, 5.72326803207, 8.39120674133, 20.7083587646, 28.0638008118, 135.484176636, 15.556221962], [-52.7147293091, 57.6347694397, -35.7898254395, 10.4747686386, 25.2990531921, -23.6969776154, -1.0093960762, 18.9218502045, 15.9764118195, -11.9887208939, 4.81506872177, 15.556221962, 76.4201202393]],
        "icov": [[0.000468712649308, -0.000445788464276, 0.000702612043824, -0.000819204549771, 0.000729109509848, -0.000978172640316, 0.000524755218066, -0.00116295611952, 0.000741791562177, -0.000847901101224, 0.00104221678339, -0.000851357646752, 0.000670594512485], [-0.000445788464276, 0.00566869601607, -0.00204986194149, 0.00281566544436, -0.00422545382753, 0.0045113703236, -0.00495312642306, 0.00516853947192, -0.00380500638857, 0.00423961924389, -0.00463480968028, 0.00631087599322, -0.00400813203305], [0.000702612043824, -0.00204986194149, 0.00411895429716, -0.0026275254786, 0.00164610974025, -0.00327770621516, 0.00284453039058, -0.00344289210625, 0.0027019570116, -0.00404463149607, 0.00257996539585, -0.00392665108666, 0.00308589823544], [-0.000819204549771, 0.00281566544436, -0.0026275254786, 0.00604301597923, -0.00275620049797, 0.00335198268294, -0.00345524284057, 0.00627665827051, -0.00512316497043, 0.00275119836442, -0.00240163435228, 0.00278659327887, -0.00330863776617], [0.000729109509848, -0.00422545382753, 0.00164610974025, -0.00275620049797, 0.00945615582168, -0.00486898515373, 0.0028502442874, -0.00523057905957, 0.00185366964433, -0.00284285424277, 0.00256631104276, -0.00444590300322, 0.00144068023656], [-0.000978172640316, 0.0045113703236, -0.00327770621516, 0.00335198268294, -0.00486898515373, 0.0111113544554, -0.00654691364616, 0.00542986113578, -0.00252780574374, 0.00363976601511, -0.00544282607734, 0.00695204548538, -0.00241794250906], [0.000524755218066, -0.00495312642306, 0.00284453039058, -0.00345524284057, 0.0028502442874, -0.00654691364616, 0.0131314527243, -0.00661245221272, 0.00470650196075, -0.00339761981741, 0.00232175388373, -0.00454000383615, 0.00400125840679], [-0.00116295611952, 0.00516853947192, -0.00344289210625, 0.00627665827051, -0.00523057905957, 0.00542986113578, -0.00661245221272, 0.0134543878958, -0.00915858428925, 0.00629239948466, -0.00417770398781, 0.00516310846433, -0.00506227230653], [0.000741791562177, -0.00380500638857, 0.0027019570116, -0.00512316497043, 0.00185366964433, -0.00252780574374, 0.00470650196075, -0.00915858428925, 0.0168006159365, -0.00582771329209, 0.00489362608641, -0.00419252924621, 0.00239985971712], [-0.000847901101224, 0.00423961924389, -0.00404463149607, 0.00275119836442, -0.00284285424277, 0.00363976601511, -0.00339761981741, 0.00629239948466, -0.00582771329209, 0.0174116939306, -0.00921657308936, 0.00511751603335, -0.00209790910594], [0.00104221678339, -0.00463480968028, 0.00257996539585, -0.00240163435228, 0.00256631104276, -0.00544282607734, 0.00232175388373, -0.00417770398781, 0.00489362608641, -0.00921657308936, 0.0194037090987, -0.00880547985435, 0.00238054338843], [-0.000851357646752, 0.00631087599322, -0.00392665108666, 0.00278659327887, -0.00444590300322, 0.00695204548538, -0.00454000383615, 0.00516310846433, -0.00419252924621, 0.00511751603335, -0.00880547985435, 0.0170595925301, -0.00651708524674], [0.000670594512485, -0.00400813203305, 0.00308589823544, -0.00330863776617, 0.00144068023656, -0.00241794250906, 0.00400125840679, -0.00506227230653, 0.00239985971712, -0.00209790910594, 0.00238054338843, -0.00651708524674, 0.0188951008022]]
    },
    "melbands": {
        "mean": [0.00254044891335, 0.00235171057284, 0.000963194412179, 0.000626119377557, 0.00058747996809, 0.000514265790116, 0.000480841175886, 0.000294008292258, 0.000574691861402, 0.000407471437939, 0.000188697187696, 0.000213601335417, 0.000145813493873, 9.97166571324e-005, 5.88719485677e-005, 5.49976502953e-005, 3.06965375785e-005, 5.94538978476e-005, 4.88465811941e-005, 4.71122621093e-005, 4.66724195576e-005, 1.70162384165e-005, 1.75561326614e-005, 1.89588045032e-005, 1.33968287628e-005, 7.87849512562e-006, 7.6168889791e-006, 8.12982398202e-006, 6.03408307143e-006, 3.7145416627e-006, 2.57276792581e-006, 1.90569460301e-006, 1.67716245869e-006, 1.47882349211e-006, 1.56367707405e-006, 1.32540367304e-006, 9.65515255302e-007, 5.74450155e-007, 5.74248190333e-007, 4.78739309528e-007],
        "var": [8.6516911324e-006, 4.99927455166e-006, 1.07344999378e-006, 3.48872163158e-007, 4.20872538598e-007, 4.51840861615e-007, 3.70857520693e-007, 1.65415315223e-007, 1.16713215448e-006, 9.14955421649e-007, 1.60649051395e-007, 1.77541963353e-007, 1.02885017839e-007, 6.76435902847e-008, 1.64740061592e-008, 3.32333485176e-008, 6.25418516975e-009, 1.53912722567e-008, 8.73708305704e-009, 1.04859383399e-008, 1.25758088387e-008, 1.73058922748e-009, 8.3143580909e-010, 8.71440308803e-010, 5.99510996402e-010, 1.29913149682e-010, 1.28233354491e-010, 1.171922559e-010, 8.32987151478e-011, 4.8249453044e-011, 1.60908890379e-011, 1.03579800986e-011, 1.21397458058e-011, 2.13208183747e-011, 6.56039042535e-011, 5.61525201337e-011, 2.52075062213e-011, 6.4621081923e-012, 5.65599216767e-012, 1.78627078407e-012]
    },
    "mfcc": {
        "mean": [-633.08795166, 137.59336853, -2.20390939713, 29.1919994354, 4.53194189072, 3.60115385056, 2.58620214462, -0.253214478493, 2.83666992188, 3.11221551895, -1.1859869957, -1.40047574043, 5.0438785553],
        "cov": [[3611.45849609, -574.732727051, -191.751907349, 39.3088722229, -156.80557251, 26.2422847748, -47.4694290161, 87.7177581787, 126.785179138, -16.3953857422, -3.61539053917, 3.74831295013, -3.65444612503], [-574.732727051, 756.958862305, -162.890441895, -69.1698074341, 50.4415931702, -30.4174938202, 130.009353638, 10.8457221985, 40.5800666809, 45.2862358093, 54.334197998, -52.9406242371, 5.28624629974], [-191.751907349, -162.890441895, 488.121917725, 89.5878143311, 23.1021347046, 111.973815918, -8.12198734283, -51.7635269165, -52.4467506409, -7.83533716202, -2.83588671684, 73.428024292, 11.5297822952], [39.3088722229, -69.1698074341, 89.5878143311, 327.104553223, 27.6019115448, 54.6867713928, -73.1134338379, -21.2561988831, 15.8545846939, -44.3681755066, -27.3607730865, 62.3543586731, 16.5828266144], [-156.80557251, 50.4415931702, 23.1021347046, 27.6019115448, 182.161743164, -4.64138269424, -3.53710651398, 33.9789161682, 25.4494762421, 33.4732246399, 8.14147853851, -7.62180280685, 30.4479827881], [26.2422847748, -30.4174938202, 111.973815918, 54.6867713928, -4.64138269424, 280.893707275, 59.3632316589, -55.7033462524, -62.193775177, -9.08271694183, 6.41949033737, 7.13769865036, -23.982175827], [-47.4694290161, 130.009353638, -8.12198734283, -73.1134338379, -3.53710651398, 59.3632316589, 187.32585144, 24.8066825867, -9.9643535614, 34.368309021, 31.2684669495, -13.8048286438, 4.21970558167], [87.7177581787, 10.8457221985, -51.7635269165, -21.2561988831, 33.9789161682, -55.7033462524, 24.8066825867, 153.594390869, 53.1862869263, 15.215502739, 13.3128099442, -12.5511207581, 20.1120376587], [126.785179138, 40.5800666809, -52.4467506409, 15.8545846939, 25.4494762421, -62.193775177, -9.9643535614, 53.1862869263, 126.743293762, 31.7701416016, 3.81220936775, -4.18672084808, 11.2648944855], [-16.3953857422, 45.2862358093, -7.83533716202, -44.3681755066, 33.4732246399, -9.08271694183, 34.368309021, 15.215502739, 31.7701416016, 114.681427002, 36.8724212646, -21.5652637482, 0.765042185783], [-3.61539053917, 54.334197998, -2.83588671684, -27.3607730865, 8.14147853851, 6.41949033737, 31.2684669495, 13.3128099442, 3.81220936775, 36.8724212646, 96.5239562988, 10.7628488541, -8.15695858002], [3.74831295013, -52.9406242371, 73.428024292, 62.3543586731, -7.62180280685, 7.13769865036, -13.8048286438, -12.5511207581, -4.18672084808, -21.5652637482, 10.7628488541, 103.640342712, 20.5654010773], [-3.65444612503, 5.28624629974, 11.5297822952, 16.5828266144, 30.4479827881, -23.982175827, 4.21970558167, 20.1120376587, 11.2648944855, 0.765042185783, -8.15695858002, 20.5654010773, 86.5904159546]],
        "icov": [[0.000382930971682, 0.000370668421965, 0.000235951534705, -4.10790962633e-005, 0.00030955998227, -0.000199147863896, -8.34405509522e-005, -7.85362208262e-005, -0.000527284573764, 6.66663763695e-005, -0.000200999551453, 9.09615773708e-005, -0.000144248857396], [0.000370668421965, 0.00217976327986, 0.000713348854333, -0.00018736506172, -0.000313820346491, 0.000177390727913, -0.00151182815898, 0.00073974148836, -0.00105083873495, 0.000408411782701, -0.00106513022911, 0.000765876495279, -0.000264329079073], [0.000235951534705, 0.000713348854333, 0.00296445889398, -0.000306834874209, -0.000415875256294, -0.000861053413246, -0.000221507856622, 0.000405400147429, 0.000367472239304, -0.000510250916705, 5.27835727553e-005, -0.0015663667582, -0.000211476028198], [-4.10790962633e-005, -0.00018736506172, -0.000306834874209, 0.00449383864179, -0.000731992651708, -0.0013789505465, 0.00171206181403, 9.62787526078e-005, -0.00136397965252, 0.00107639166526, 0.000813831400592, -0.0021591661498, -0.000282960361801], [0.00030955998227, -0.000313820346491, -0.000415875256294, -0.000731992651708, 0.00718343676999, -0.000565186899621, 0.00102099461947, -0.00154809560627, -0.000544902693946, -0.00190532079432, -0.000296472862829, 0.00115998997353, -0.00236057187431], [-0.000199147863896, 0.000177390727913, -0.000861053413246, -0.0013789505465, -0.000565186899621, 0.00554929953068, -0.00256531359628, 0.00141917797737, 0.00184966414236, 0.000237829663092, -0.000345178879797, 0.000822194677312, 0.00142004108056], [-8.34405509522e-005, -0.00151182815898, -0.000221507856622, 0.00171206181403, 0.00102099461947, -0.00256531359628, 0.00858987309039, -0.00223001884297, 0.00095169263659, -0.00175650359597, -0.000469846243504, -0.000556603597943, -0.00120011111721], [-7.85362208262e-005, 0.00073974148836, 0.000405400147429, 9.62787526078e-005, -0.00154809560627, 0.00141917797737, -0.00223001884297, 0.00923623144627, -0.00319640338421, 0.00138543790672, -0.00153920473531, 0.00121239083819, -0.00124941742979], [-0.000527284573764, -0.00105083873495, 0.000367472239304, -0.00136397965252, -0.000544902693946, 0.00184966414236, 0.00095169263659, -0.00319640338421, 0.0123390685767, -0.0037311099004, 0.00132304988801, -0.000883109634742, 0.000416212598793], [6.66663763695e-005, 0.000408411782701, -0.000510250916705, 0.00107639166526, -0.00190532079432, 0.000237829663092, -0.00175650359597, 0.00138543790672, -0.0037311099004, 0.0128802489489, -0.00452797766775, 0.00277119339444, -0.000373779039364], [-0.000200999551453, -0.00106513022911, 5.27835727553e-005, 0.000813831400592, -0.000296472862829, -0.000345178879797, -0.000469846243504, -0.00153920473531, 0.00132304988801, -0.00452797766775, 0.0139417778701, -0.00413266057149, 0.00244544632733], [9.09615773708e-005, 0.000765876495279, -0.0015663667582, -0.0021591661498, 0.00115998997353, 0.000822194677312, -0.000556603597943, 0.00121239083819, -0.000883109634742, 0.00277119339444, -0.00413266057149, 0.0142176449299, -0.00353111815639], [-0.000144248857396, -0.000264329079073, -0.000211476028198, -0.000282960361801, -0.00236057187431, 0.00142004108056, -0.00120011111721, -0.00124941742979, 0.000416212598793, -0.000373779039364, 0.00244544632733, -0.00353111815639, 0.0142312180251]]
    },
    "spectral_contrast_coeffs": {
        "mean": [-0.664103090763, -0.665598928928, -0.70237326622, -0.725432574749, -0.737441778183, -0.749965488911],
        "var": [0.00455444166437, 0.00559099158272, 0.00671788910404, 0.00357986753806, 0.00285775819793, 0.0020731925033]
    },
    "spectral_contrast_valleys": {
        "mean": [-6.8164896965, -6.70976543427, -7.57475709915, -7.96097660065, -7.89809370041, -10.5119142532],
        "var": [0.744799077511, 0.676393449306, 0.648093163967, 0.667947173119, 0.669882893562, 0.805085301399]
    }
},
"metadata": {
    "audio_properties": {
        "analysis_sample_rate": 44100,
        "bit_rate": 128074,
        "equal_loudness": 0,
        "length": 45.0612258911,
        "lossless": 0,
        "replay_gain": -5.70067024231,
        "sample_rate": 44100,
        "codec": "mp3",
        "downmix": "mix",
        "md5_encoded": "4c56148b7b4aff2ae31dab258efb0690"
    },
    "tags": {
        "file_name": "1216.mp3"
    },
    "version": {
        "essentia": "2.1-beta2",
        "essentia_git_sha": "v2.1_beta2",
        "extractor": "music 1.0"
    }
},
"rhythm": {
    "beats_count": 70,
    "beats_loudness": {
        "mean": 0.0454235188663,
        "var": 0.000438536779257
    },
    "bpm": 95.0816268921,
    "bpm_histogram_first_peak_bpm": {
        "mean": 96,
        "var": 0
    },
    "bpm_histogram_first_peak_spread": {
        "mean": 0.553846120834,
        "var": 0
    },
    "bpm_histogram_first_peak_weight": {
        "mean": 0.420289844275,
        "var": 0
    },
    "bpm_histogram_second_peak_bpm": {
        "mean": 86,
        "var": 0
    },
    "bpm_histogram_second_peak_spread": {
        "mean": 0.333333343267,
        "var": 0
    },
    "bpm_histogram_second_peak_weight": {
        "mean": 0.0289855077863,
        "var": 0
    },
    "danceability": 1.19941425323,
    "onset_rate": 4.59167957306,
    "beats_loudness_band_ratio": {
        "mean": [0.414888948202, 0.139824315906, 0.225202709436, 0.129297494888, 0.0772468969226, 0.0334725491703],
        "var": [0.0383342392743, 0.00670764688402, 0.0189593043178, 0.0169225819409, 0.00386402010918, 0.00117989163846]
    },
    "beats_position": [0.684988677502, 1.38158726692, 2.07818579674, 2.75156450272, 3.41333317757, 4.05188179016, 4.67882061005, 5.30575942993, 5.94430828094, 6.59446716309, 7.23301553726, 7.87156438828, 8.52172279358, 9.16027164459, 9.79882049561, 10.4257593155, 11.0526981354, 11.6912469864, 12.3181858063, 12.9451246262, 13.5836734772, 14.2106122971, 14.8375511169, 15.4644899368, 16.0914287567, 16.7299766541, 17.3685264587, 18.0186843872, 18.6572322845, 19.3073921204, 19.9459400177, 20.5728797913, 21.1998176575, 21.8499774933, 22.4769153595, 23.1038551331, 23.7307929993, 24.3577327728, 24.984670639, 25.6348285675, 26.2849884033, 26.9119262695, 27.5388660431, 28.1774139404, 28.8159637451, 29.4545116425, 30.0698413849, 30.6735591888, 31.2772789001, 31.8926067352, 32.5079345703, 33.1232643127, 33.7385940552, 34.3771438599, 35.0156898499, 35.6426315308, 36.269569397, 36.8965072632, 37.5234451294, 38.1619949341, 38.8005447388, 39.4390907288, 40.0776405334, 40.7045783997, 41.3315200806, 41.9352378845, 42.5621757507, 43.1891136169, 43.8160552979, 44.4429931641]
},
"tonal": {
    "chords_changes_rate": 0.047325104475,
    "chords_number_rate": 0.00925925932825,
    "chords_strength": {
        "mean": 0.589413881302,
        "var": 0.0109488191083
    },
    "hpcp_entropy": {
        "mean": 1.8747780323,
        "var": 0.385031789541
    },
    "key_strength": 0.851597428322,
    "tuning_diatonic_strength": 0.721694231033,
    "tuning_equal_tempered_deviation": 0.0975149348378,
    "tuning_frequency": 442.804626465,
    "tuning_nontempered_energy_ratio": 0.724307000637,
    "hpcp": {
        "mean": [0.303815186024, 0.183186039329, 0.0770711824298, 0.0649662464857, 0.0887755155563, 0.185482278466, 0.229333236814, 0.148680195212, 0.105904877186, 0.136990457773, 0.147581741214, 0.162014618516, 0.178378775716, 0.156894698739, 0.168196499348, 0.155242621899, 0.0935144722462, 0.064814388752, 0.0733124837279, 0.146910503507, 0.323211997747, 0.340806335211, 0.156317993999, 0.0545831844211, 0.0364470370114, 0.0446711406112, 0.0902790278196, 0.105959117413, 0.0677960664034, 0.0438016727567, 0.0410809330642, 0.051678955555, 0.0929125770926, 0.128533273935, 0.138594597578, 0.237309455872],
        "var": [0.109416529536, 0.0537886731327, 0.0271126013249, 0.0269984789193, 0.0312829613686, 0.0642902255058, 0.089953251183, 0.0578691512346, 0.0408263020217, 0.0680971816182, 0.0671423450112, 0.058573462069, 0.068308070302, 0.0560314804316, 0.0801047310233, 0.0816922411323, 0.0413461998105, 0.0299120713025, 0.0295072123408, 0.0544313937426, 0.11611354351, 0.122850701213, 0.04681475088, 0.0145317902789, 0.00937750656158, 0.0144236879423, 0.0311529114842, 0.0393468402326, 0.0166259165853, 0.0102438293397, 0.0130642438307, 0.0149831594899, 0.0333328805864, 0.056224476546, 0.0518598221242, 0.0736472457647]
    },
    "chords_histogram": [53.3950614929, 2.77777767181, 15.9465017319, 0.205761313438, 4.01234579086, 0, 0, 0, 0, 0, 1.95473253727, 0, 0, 0, 0, 0, 0.205761313438, 4.32098770142, 0, 4.62962961197, 0, 0, 11.5226335526, 1.02880656719],
    "thpcp": [1, 0.458671033382, 0.16015894711, 0.106943540275, 0.131074860692, 0.264898329973, 0.310907125473, 0.198928415775, 0.128523647785, 0.12054040283, 0.15163731575, 0.272625744343, 0.377144604921, 0.406666725874, 0.696317613125, 0.891459941864, 0.537507712841, 0.226143628359, 0.190625116229, 0.26048669219, 0.544245421886, 0.67291367054, 0.436260074377, 0.310747981071, 0.401959836483, 0.433036953211, 0.475386172533, 0.523402154446, 0.460363209248, 0.493525147438, 0.455515652895, 0.274391829967, 0.190179526806, 0.215114787221, 0.431067407131, 0.948374390602],
    "chords_key": "A",
    "chords_scale": "major",
    "key_key": "A",
    "key_scale": "major"
}
}