{
"lowlevel": {
    "average_loudness": 0.984157204628,
    "barkbands_crest": {
        "mean": 9.56428527832,
        "var": 15.2755680084
    },
    "barkbands_flatness_db": {
        "mean": 0.382767707109,
        "var": 0.00100604782347
    },
    "barkbands_kurtosis": {
        "mean": 0.54750174284,
        "var": 8.6663274765
    },
    "barkbands_skewness": {
        "mean": 0.830606758595,
        "var": 0.646513164043
    },
    "barkbands_spread": {
        "mean": 11.5821018219,
        "var": 24.267572403
    },
    "dissonance": {
        "mean": 0.454915642738,
        "var": 0.000894224678632
    },
    "dynamic_complexity": 1.05543732643,
    "erbbands_crest": {
        "mean": 11.7058830261,
        "var": 25.8949069977
    },
    "erbbands_flatness_db": {
        "mean": 0.426053673029,
        "var": 0.000530087563675
    },
    "erbbands_kurtosis": {
        "mean": -0.279526680708,
        "var": 2.14473485947
    },
    "erbbands_skewness": {
        "mean": 0.241803631186,
        "var": 0.601978302002
    },
    "erbbands_spread": {
        "mean": 18.5946960449,
        "var": 41.8795547485
    },
    "hfc": {
        "mean": 27.4000015259,
        "var": 144.135681152
    },
    "melbands_crest": {
        "mean": 13.2020692825,
        "var": 35.9058036804
    },
    "melbands_flatness_db": {
        "mean": 0.438654959202,
        "var": 0.00125105585903
    },
    "melbands_kurtosis": {
        "mean": 3.02945423126,
        "var": 39.5721435547
    },
    "melbands_skewness": {
        "mean": 1.41796314716,
        "var": 0.963064074516
    },
    "melbands_spread": {
        "mean": 18.8828105927,
        "var": 106.005279541
    },
    "pitch_salience": {
        "mean": 0.576178371906,
        "var": 0.0148748066276
    },
    "silence_rate_20dB": {
        "mean": 1,
        "var": 0
    },
    "silence_rate_30dB": {
        "mean": 1,
        "var": 0
    },
    "silence_rate_60dB": {
        "mean": 0.00154479919001,
        "var": 0.00154241069686
    },
    "spectral_centroid": {
        "mean": 1323.37695313,
        "var": 220438.859375
    },
    "spectral_complexity": {
        "mean": 21.7445926666,
        "var": 31.8245429993
    },
    "spectral_decrease": {
        "mean": -6.45858433401e-009,
        "var": 5.59963927494e-018
    },
    "spectral_energy": {
        "mean": 0.0268614236265,
        "var": 9.51123074628e-005
    },
    "spectral_energyband_high": {
        "mean": 2.00541379058e-008,
        "var": 9.13114188753e-014
    },
    "spectral_energyband_low": {
        "mean": 5.57225484954e-006,
        "var": 2.15403736514e-010
    },
    "spectral_energyband_middle_high": {
        "mean": 0.0108698355034,
        "var": 3.72671383957e-005
    },
    "spectral_energyband_middle_low": {
        "mean": 0.0163365639746,
        "var": 7.06342034391e-005
    },
    "spectral_entropy": {
        "mean": 6.5591673851,
        "var": 0.0902213305235
    },
    "spectral_flux": {
        "mean": 0.0742470249534,
        "var": 0.00105928513221
    },
    "spectral_kurtosis": {
        "mean": 26.9379463196,
        "var": 345.772613525
    },
    "spectral_rms": {
        "mean": 0.0050290543586,
        "var": 9.14832185117e-007
    },
    "spectral_rolloff": {
        "mean": 1678.49938965,
        "var": 490046.96875
    },
    "spectral_skewness": {
        "mean": 2.26850581169,
        "var": 1.76463103294
    },
    "spectral_spread": {
        "mean": 1212077.75,
        "var": 888279924736
    },
    "spectral_strongpeak": {
        "mean": 2.57364225388,
        "var": 3.60910868645
    },
    "zerocrossingrate": {
        "mean": 0.0534891746938,
        "var": 0.000313864147756
    },
    "barkbands": {
        "mean": [4.80663082669e-008, 9.80719647714e-008, 1.04297657799e-006, 2.42064779741e-005, 0.000733475724701, 0.00104864663444, 0.00493031973019, 0.00459601683542, 0.00410008616745, 0.00220245635137, 0.000796007690951, 0.000945837178733, 0.00111825938802, 0.00134030135814, 0.00198110332713, 0.000514537561685, 0.000841296627186, 0.00142426136881, 0.000263088702923, 3.31663528641e-007, 4.49943149405e-009, 4.51491999343e-009, 3.8863685603e-009, 1.88658177969e-009, 1.02911446032e-009, 9.91537962847e-010, 1.01303065936e-009],
        "var": [4.6694115588e-013, 4.90063989823e-013, 1.22191640486e-011, 1.1060766747e-009, 6.16147360688e-007, 1.31311935547e-006, 3.69046356354e-005, 2.77392791759e-005, 2.07854554901e-005, 7.24332585378e-006, 1.0597484561e-006, 1.20962010897e-006, 2.36861978919e-006, 2.56349630945e-006, 8.53640085552e-006, 4.59780039819e-007, 3.44927525475e-006, 2.77992512565e-006, 1.75687645765e-007, 5.65201802461e-013, 5.83973143551e-015, 7.97907577412e-015, 7.63720904145e-015, 2.07135660383e-016, 1.20551904538e-017, 1.10140380691e-017, 1.47423458171e-018]
    },
    "erbbands": {
        "mean": [6.430434496e-006, 5.49016331206e-005, 0.00135260995012, 0.0405592434108, 0.503611505032, 2.81313753128, 5.18466186523, 10.7500944138, 40.5014762878, 124.76991272, 87.8246383667, 96.3039245605, 82.9704284668, 56.7741241455, 29.5131664276, 45.9835395813, 47.8582992554, 59.0181655884, 127.81565094, 44.8666000366, 27.6931915283, 58.7344398499, 68.4183197021, 43.2360610962, 6.78308343887, 0.257182985544, 0.015510328114, 0.00245417631231, 0.000748590799049, 0.00035431975266, 0.000213609775528, 0.000117815179692, 7.01560711605e-005, 4.73154250358e-005, 3.49485490005e-005, 2.45246046688e-005, 1.41746604641e-005, 5.23874996361e-006, 1.51843341882e-005, 3.24603934132e-005],
        "var": [9.28723098426e-010, 1.78803833961e-008, 7.00048576618e-006, 0.0029788936954, 0.380609065294, 8.26081466675, 51.1688232422, 130.918960571, 3368.60668945, 28358.5390625, 10649.1777344, 13176.4423828, 10268.3242188, 4359.81835938, 1013.83538818, 2235.47851563, 4292.18457031, 3823.61962891, 30795.5195313, 3622.86132813, 951.523132324, 17441.3632813, 7322.17480469, 2915.3112793, 85.1527786255, 0.11166279763, 0.000304521177895, 1.45695166793e-005, 9.89145064523e-006, 9.19586636883e-006, 5.88109287492e-006, 5.71649479753e-007, 5.19811083066e-009, 2.4219484196e-009, 6.54628740104e-010, 2.36456354497e-010, 6.14973696966e-011, 7.92730985022e-012, 3.08552801365e-011, 1.3821947753e-010]
    },
    "gfcc": {
        "mean": [-148.887054443, 189.400756836, -242.722457886, -87.4085159302, -23.5258998871, -84.7853851318, -48.6854476929, -0.238620236516, -24.3981761932, -26.040687561, 3.79503273964, -19.703584671, -16.1125183105],
        "cov": [[1345.80578613, 10.4929933548, -373.437469482, 95.5690078735, 73.6143264771, -180.888198853, -16.095495224, 18.6230392456, -56.7852020264, -49.2246017456, -57.555393219, -31.3031082153, 15.9563684464], [10.4929933548, 366.364501953, 136.823684692, -167.862548828, 27.5662574768, 111.104248047, -8.90929222107, -99.3330001831, -68.1653366089, -37.0501861572, -13.57371521, -29.1863880157, 35.6182785034], [-373.437469482, 136.823684692, 271.358520508, -35.5282592773, -43.0332679749, 68.544418335, -20.3909091949, -27.6636543274, -4.45522451401, -19.9938411713, 18.6715450287, 25.5512123108, -6.78814029694], [95.5690078735, -167.862548828, -35.5282592773, 239.453201294, 1.8846398592, -113.517837524, -2.88122200966, 51.1449012756, 0.186335027218, -31.3458271027, -12.9060411453, 41.0999717712, -13.2998247147], [73.6143264771, 27.5662574768, -43.0332679749, 1.8846398592, 71.1073226929, 24.5758724213, -17.4015083313, -26.472946167, -3.57594823837, -4.09381103516, -34.7362709045, -25.4207401276, 17.3221721649], [-180.888198853, 111.104248047, 68.544418335, -113.517837524, 24.5758724213, 177.67805481, 36.9036750793, -67.3905410767, -40.0726699829, -0.51964277029, -13.0146131516, -44.9907302856, 5.90173149109], [-16.095495224, -8.90929222107, -20.3909091949, -2.88122200966, -17.4015083313, 36.9036750793, 94.5321578979, 13.3198051453, -47.3943901062, -7.94018173218, 9.6902179718, -23.1767635345, -24.0127601624], [18.6230392456, -99.3330001831, -27.6636543274, 51.1449012756, -26.472946167, -67.3905410767, 13.3198051453, 74.292640686, 36.5920677185, -8.14879417419, 1.25656151772, 22.2004699707, -19.0931396484], [-56.7852020264, -68.1653366089, -4.45522451401, 0.186335027218, -3.57594823837, -40.0726699829, -47.3943901062, 36.5920677185, 88.1895751953, 38.8076896667, -0.679804325104, 3.23994684219, -3.18919301033], [-49.2246017456, -37.0501861572, -19.9938411713, -31.3458271027, -4.09381103516, -0.51964277029, -7.94018173218, -8.14879417419, 38.8076896667, 76.4997940063, 31.2580604553, -31.7954883575, -15.6553344727], [-57.555393219, -13.57371521, 18.6715450287, -12.9060411453, -34.7362709045, -13.0146131516, 9.6902179718, 1.25656151772, -0.679804325104, 31.2580604553, 58.7826766968, 22.6510810852, -23.8399066925], [-31.3031082153, -29.1863880157, 25.5512123108, 41.0999717712, -25.4207401276, -44.9907302856, -23.1767635345, 22.2004699707, 3.23994684219, -31.7954883575, 22.6510810852, 81.1263198853, 14.5347795486], [15.9563684464, 35.6182785034, -6.78814029694, -13.2998247147, 17.3221721649, 5.90173149109, -24.0127601624, -19.0931396484, -3.18919301033, -15.6553344727, -23.8399066925, 14.5347795486, 56.6739730835]],
        "icov": [[0.00236643548124, -0.00314447958954, 0.0047820485197, -0.00184095627628, 0.0019596919883, -0.000162896118127, 0.00435822736472, -0.00380196096376, 0.00356920296326, -0.000661354337353, 0.000678476935718, 0.00116872962099, 0.00143825728446], [-0.00314447958954, 0.0191704258323, -0.0139159644023, 0.012147125788, -0.0116586843506, 0.011055374518, -0.0124746924266, 0.0242668502033, -0.0140913706273, 0.0291943568736, -0.0201790072024, 0.0155972996727, -0.00989391002804], [0.0047820485197, -0.0139159644023, 0.020815603435, -0.0108734434471, 0.0151931056753, -0.0109481215477, 0.01614282839, -0.0131884953007, 0.00506570050493, -0.00370372342877, 0.0013425075449, -0.000433050940046, 0.00617169169709], [-0.00184095627628, 0.012147125788, -0.0108734434471, 0.018155016005, -0.0107010509819, 0.0151761323214, -0.0129366684705, 0.0162654351443, 0.000413409317844, 0.0013331832597, 0.0122497435659, -0.00907939299941, 0.00540399737656], [0.0019596919883, -0.0116586843506, 0.0151931056753, -0.0107010509819, 0.0398364886642, -0.0119009250775, 0.0134943090379, -0.00252983369865, 0.00656987167895, -0.0184299573302, 0.0281794182956, -0.00943920109421, 0.00956585630774], [-0.000162896118127, 0.011055374518, -0.0109481215477, 0.0151761323214, -0.0119009250775, 0.0332204140723, -0.0317185632885, 0.0460846684873, -0.021262479946, 0.0178815480322, 0.00680300127715, -0.00220336578786, 0.00478228088468], [0.00435822736472, -0.0124746924266, 0.01614282839, -0.0129366684705, 0.0134943090379, -0.0317185632885, 0.0753816142678, -0.0822754725814, 0.0631050392985, -0.0216803215444, -0.0157879982144, 0.0238697566092, -0.00629049679264], [-0.00380196096376, 0.0242668502033, -0.0131884953007, 0.0162654351443, -0.00252983369865, 0.0460846684873, -0.0822754725814, 0.149978771806, -0.103833146393, 0.0779181271791, -0.00817314721644, -0.00186369032599, 0.0124184563756], [0.00356920296326, -0.0140913706273, 0.00506570050493, 0.000413409317844, 0.00656987167895, -0.021262479946, 0.0631050392985, -0.103833146393, 0.12819057703, -0.12337115407, 0.085107780993, -0.0500139705837, 0.0222793892026], [-0.000661354337353, 0.0291943568736, -0.00370372342877, 0.0013331832597, -0.0184299573302, 0.0178815480322, -0.0216803215444, 0.0779181271791, -0.12337115407, 0.225644171238, -0.203020393848, 0.149188518524, -0.0657308250666], [0.000678476935718, -0.0201790072024, 0.0013425075449, 0.0122497435659, 0.0281794182956, 0.00680300127715, -0.0157879982144, -0.00817314721644, 0.085107780993, -0.203020393848, 0.25060775876, -0.17331816256, 0.0953380316496], [0.00116872962099, 0.0155972996727, -0.000433050940046, -0.00907939299941, -0.00943920109421, -0.00220336578786, 0.0238697566092, -0.00186369032599, -0.0500139705837, 0.149188518524, -0.17331816256, 0.148069649935, -0.072197906673], [0.00143825728446, -0.00989391002804, 0.00617169169709, 0.00540399737656, 0.00956585630774, 0.00478228088468, -0.00629049679264, 0.0124184563756, 0.0222793892026, -0.0657308250666, 0.0953380316496, -0.072197906673, 0.0652785897255]]
    },
    "melbands": {
        "mean": [3.09959347078e-008, 2.61267729229e-007, 1.45145295392e-005, 0.000106437306385, 0.000180691320566, 0.000232353922911, 0.000711561646312, 0.00133198918775, 0.000658098608255, 0.000590620154981, 0.000394088216126, 0.000230385237955, 0.000103295009467, 0.000105408253148, 0.000141946322401, 8.78359060152e-005, 0.000102139732917, 0.000207538629184, 0.000114864298666, 3.01474647131e-005, 3.19439350278e-005, 5.58693136554e-005, 5.98420629103e-005, 6.54618779663e-005, 3.29219437845e-005, 7.63034495321e-006, 4.1326748601e-007, 4.35736807747e-010, 1.24806706636e-010, 1.01873849634e-010, 1.01650320106e-010, 9.29435486907e-011, 8.20040632621e-011, 7.36036856464e-011, 6.5395175386e-011, 4.86293540158e-011, 2.6566509409e-011, 1.91786118237e-011, 1.14062257903e-011, 9.61942331346e-012],
        "var": [6.96703030554e-014, 6.47926753482e-013, 3.81815329353e-010, 1.26933246136e-008, 5.21699661249e-008, 6.53051515087e-008, 8.81391599705e-007, 2.74716308013e-006, 5.65057860058e-007, 4.71724519002e-007, 2.57852121877e-007, 8.25061405862e-008, 1.55982462502e-008, 2.1500559555e-008, 2.73045319688e-008, 2.19547082736e-008, 1.43639882211e-008, 8.98158205587e-008, 3.489557443e-008, 2.67962141365e-009, 1.70828473589e-009, 1.81347914463e-008, 9.54688950117e-009, 5.70006575273e-009, 2.06278882864e-009, 1.39479108818e-010, 5.48094935323e-013, 4.65725432334e-018, 3.43545417148e-018, 3.24453881815e-018, 3.18607514002e-018, 3.00184175168e-018, 3.06005045138e-018, 2.74132473327e-018, 2.23996084463e-018, 1.05019419256e-018, 5.02201738591e-020, 1.64902716224e-021, 1.55478693549e-021, 1.51845359254e-021]
    },
    "mfcc": {
        "mean": [-759.390991211, 227.590194702, -123.891151428, -52.2099914551, 5.97569894791, -77.6246109009, -39.9596138, 0.157921299338, -42.7737731934, -16.4416561127, 12.082698822, -25.9110183716, -19.2168197632],
        "cov": [[572.653076172, 226.237792969, -311.315643311, 5.55460119247, 111.874656677, -91.7519378662, 4.76512289047, 53.2686805725, -48.6804237366, 11.1666879654, -8.25212574005, -111.814659119, -36.1957092285], [226.237792969, 219.336959839, 4.66551303864, -93.3662796021, -7.70651054382, 63.9926452637, 21.7576522827, -21.2209072113, -5.28776597977, -10.0426225662, -50.2604064941, -59.2593154907, -24.464176178], [-311.315643311, 4.66551303864, 347.408294678, -26.3396682739, -115.261413574, 112.583786011, 21.0817985535, -48.494304657, 25.5507316589, -50.2493972778, -49.3078804016, 69.9344711304, 26.0545921326], [5.55460119247, -93.3662796021, -26.3396682739, 209.141311646, 70.5359039307, -158.099533081, -38.0319747925, 70.5352935791, -26.5866203308, -50.2464370728, 15.6733970642, 49.2206230164, 31.6759738922], [111.874656677, -7.70651054382, -115.261413574, 70.5359039307, 110.753250122, -39.974155426, -48.5145149231, 14.4298257828, 8.25422954559, 3.69644856453, -4.44199800491, -27.9713783264, -11.1466140747], [-91.7519378662, 63.9926452637, 112.583786011, -158.099533081, -39.974155426, 226.724136353, 64.5107192993, -83.4305496216, 30.3551826477, 48.345035553, -38.0594406128, -54.5302124023, -30.5923671722], [4.76512289047, 21.7576522827, 21.0817985535, -38.0319747925, -48.5145149231, 64.5107192993, 123.260520935, 27.9788417816, -31.8998756409, 7.92874908447, 5.04804182053, -25.0872058868, -12.5569095612], [53.2686805725, -21.2209072113, -48.494304657, 70.5352935791, 14.4298257828, -83.4305496216, 27.9788417816, 99.8486785889, 2.91132640839, -42.9397621155, -0.326859265566, 19.665353775, 2.90480303764], [-48.6804237366, -5.28776597977, 25.5507316589, -26.5866203308, 8.25422954559, 30.3551826477, -31.8998756409, 2.91132640839, 73.64402771, 24.5027580261, -26.7855262756, -11.7909812927, -4.40324306488], [11.1666879654, -10.0426225662, -50.2493972778, -50.2464370728, 3.69644856453, 48.345035553, 7.92874908447, -42.9397621155, 24.5027580261, 113.711494446, 50.3908233643, -54.8101921082, -26.5361099243], [-8.25212574005, -50.2604064941, -49.3078804016, 15.6733970642, -4.44199800491, -38.0594406128, 5.04804182053, -0.326859265566, -26.7855262756, 50.3908233643, 102.06187439, 31.8275337219, -13.3092317581], [-111.814659119, -59.2593154907, 69.9344711304, 49.2206230164, -27.9713783264, -54.5302124023, -25.0872058868, 19.665353775, -11.7909812927, -54.8101921082, 31.8275337219, 121.450241089, 54.6464996338], [-36.1957092285, -24.464176178, 26.0545921326, 31.6759738922, -11.1466140747, -30.5923671722, -12.5569095612, 2.90480303764, -4.40324306488, -26.5361099243, -13.3092317581, 54.6464996338, 74.3995742798]],
        "icov": [[6.07941818237, -9.29750537872, 10.7570800781, -11.7059354782, 10.9488344193, -8.05359172821, 3.78902077675, 0.330174475908, -3.11909627914, 3.94784641266, -3.2417652607, 1.86916208267, -0.65672826767], [-9.29750537872, 14.3156414032, -16.7256889343, 18.3116874695, -17.0948410034, 12.3762283325, -5.43428039551, -1.23050928116, 5.67134380341, -6.8712220192, 5.55947780609, -3.17887926102, 1.11801660061], [10.7570800781, -16.7256889343, 19.8816776276, -21.9612674713, 20.4541072845, -14.4412708282, 5.60989809036, 2.79921936989, -8.26597213745, 9.53882980347, -7.56561660767, 4.28954267502, -1.50600349903], [-11.7059354782, 18.3116874695, -21.9612674713, 24.4013710022, -22.6937789917, 15.8125696182, -5.70520067215, -3.88378214836, 10.0502681732, -11.3712587357, 8.95735645294, -5.06770992279, 1.78240799904], [10.9488344193, -17.0948410034, 20.4541072845, -22.6937789917, 21.1561355591, -14.8295650482, 5.55267858505, 3.28462147713, -9.00269317627, 10.2893953323, -8.13601589203, 4.6215133667, -1.62755405903], [-8.05359172821, 12.3762283325, -14.4412708282, 15.8125696182, -14.8295650482, 10.881649971, -5.02017402649, -0.650405168533, 4.4860329628, -5.61922311783, 4.60281658173, -2.66313362122, 0.947998583317], [3.78902077675, -5.43428039551, 5.60989809036, -5.70520067215, 5.55267858505, -5.02017402649, 4.17254495621, -3.11757802963, 2.05720329285, -1.18434810638, 0.56528544426, -0.200803026557, 0.0624618120492], [0.330174475908, -1.23050928116, 2.79921936989, -3.88378214836, 3.28462147713, -0.650405168533, -3.11757802963, 6.37757062912, -7.91698980331, 7.35246562958, -5.27547311783, 2.83132839203, -0.990724265575], [-3.11909627914, 5.67134380341, -8.26597213745, 10.0502681732, -9.00269317627, 4.4860329628, 2.05720329285, -7.91698980331, 11.1302614212, -10.8461408615, 8.00309085846, -4.38154554367, 1.55546009541], [3.94784641266, -6.8712220192, 9.53882980347, -11.3712587357, 10.2893953323, -5.61922311783, -1.18434810638, 7.35246562958, -10.8461408615, 10.8051280975, -8.05859947205, 4.46616220474, -1.60386586189], [-3.2417652607, 5.55947780609, -7.56561660767, 8.95735645294, -8.13601589203, 4.60281658173, 0.56528544426, -5.27547311783, 8.00309085846, -8.05859947205, 6.06902980804, -3.38800835609, 1.23539924622], [1.86916208267, -3.17887926102, 4.28954267502, -5.06770992279, 4.6215133667, -2.66313362122, -0.200803026557, 2.83132839203, -4.38154554367, 4.46616220474, -3.38800835609, 1.93221914768, -0.719266951084], [-0.65672826767, 1.11801660061, -1.50600349903, 1.78240799904, -1.62755405903, 0.947998583317, 0.0624618120492, -0.990724265575, 1.55546009541, -1.60386586189, 1.23539924622, -0.719266951084, 0.294595003128]]
    },
    "spectral_contrast_coeffs": {
        "mean": [-0.443014413118, -0.6787520051, -0.721470534801, -0.721643686295, -0.451487481594, -0.913381576538],
        "var": [0.00465621799231, 0.00601743673906, 0.00274891313165, 0.00268837693147, 0.00316339894198, 0.00114825484343]
    },
    "spectral_contrast_valleys": {
        "mean": [-11.1445894241, -6.25121116638, -6.72627401352, -7.34599924088, -10.9140176773, -14.0831003189],
        "var": [0.417240053415, 0.459745049477, 0.510880708694, 0.529465317726, 0.432576537132, 0.769069969654]
    }
},
"metadata": {
    "audio_properties": {
        "analysis_sample_rate": 44100,
        "bit_rate": 64037,
        "equal_loudness": 0,
        "length": 45.0612258911,
        "lossless": 0,
        "replay_gain": -5.26867866516,
        "sample_rate": 44100,
        "codec": "mp3",
        "downmix": "mix",
        "md5_encoded": "3c9cc6e74bf369b070ca8cdcf1746ded"
    },
    "tags": {
        "file_name": "1218.mp3"
    },
    "version": {
        "essentia": "2.1-beta2",
        "essentia_git_sha": "v2.1_beta2",
        "extractor": "music 1.0"
    }
},
"rhythm": {
    "beats_count": 84,
    "beats_loudness": {
        "mean": 0.0311155635864,
        "var": 6.63050304865e-005
    },
    "bpm": 112.428123474,
    "bpm_histogram_first_peak_bpm": {
        "mean": 112,
        "var": 0
    },
    "bpm_histogram_first_peak_spread": {
        "mean": 0.33750000596,
        "var": 0
    },
    "bpm_histogram_first_peak_weight": {
        "mean": 0.638554215431,
        "var": 0
    },
    "bpm_histogram_second_peak_bpm": {
        "mean": 117,
        "var": 0
    },
    "bpm_histogram_second_peak_spread": {
        "mean": 0.333333343267,
        "var": 0
    },
    "bpm_histogram_second_peak_weight": {
        "mean": 0.0240963846445,
        "var": 0
    },
    "danceability": 1.4943113327,
    "onset_rate": 2.83929944038,
    "beats_loudness_band_ratio": {
        "mean": [0.00304919900373, 0.061063170433, 0.518978536129, 0.222369030118, 0.21771787107, 0.0108683574945],
        "var": [1.271804922e-005, 0.00306380679831, 0.0299946609885, 0.0209864024073, 0.02036232315, 0.000126933882711]
    },
    "beats_position": [0.49922901392, 1.01006805897, 1.50929701328, 2.02013611794, 2.55419492722, 3.07664394379, 3.59909296036, 4.13315200806, 4.66721057892, 5.18965959549, 5.71210861206, 6.24616765976, 6.78022670746, 7.31428575516, 7.85995435715, 8.39401340485, 8.92807197571, 9.45052146912, 9.98458003998, 10.5186395645, 11.0643081665, 11.6099767685, 12.144036293, 12.6780948639, 13.2005443573, 13.7462129593, 14.2802715302, 14.8143310547, 15.3483896255, 15.8824491501, 16.4048976898, 16.9273471832, 17.4614048004, 17.995464325, 18.5295238495, 19.0519733429, 19.5976409912, 20.1317005157, 20.6657600403, 21.1998176575, 21.733877182, 22.2795467377, 22.825214386, 23.3592739105, 23.8933334351, 24.4273910522, 24.9498405457, 25.4839000702, 26.0179595947, 26.5404071808, 27.0744667053, 27.6085262299, 28.1658039093, 28.711473465, 29.2455329895, 29.7679805756, 30.3020401001, 30.8360996246, 31.3701572418, 31.9042167664, 32.4266662598, 32.9723358154, 33.5063934326, 34.0404510498, 34.5745124817, 35.1085700989, 35.6542396545, 36.1999092102, 36.7223587036, 37.244808197, 37.7788658142, 38.3129234314, 38.8469848633, 39.3810424805, 39.9151000977, 40.4491615295, 40.9832191467, 41.5172767639, 42.0513381958, 42.585395813, 43.1194534302, 43.6535148621, 44.1875724792, 44.7216300964]
},
"tonal": {
    "chords_changes_rate": 0.042181070894,
    "chords_number_rate": 0.00823045242578,
    "chords_strength": {
        "mean": 0.535022258759,
        "var": 0.0092448676005
    },
    "hpcp_entropy": {
        "mean": 1.71499371529,
        "var": 0.494979321957
    },
    "key_strength": 0.780773878098,
    "tuning_diatonic_strength": 0.559365749359,
    "tuning_equal_tempered_deviation": 0.0240047983825,
    "tuning_frequency": 450.024475098,
    "tuning_nontempered_energy_ratio": 0.640000581741,
    "hpcp": {
        "mean": [0.261430084705, 0.180888354778, 0.0864773318172, 0.0888772308826, 0.100209049881, 0.251464366913, 0.383249849081, 0.231900438666, 0.0558356493711, 0.0307280868292, 0.0448358543217, 0.164424657822, 0.282774090767, 0.185755118728, 0.0834248960018, 0.0838376581669, 0.0630270540714, 0.146313175559, 0.22241692245, 0.146383196115, 0.164100453258, 0.264683812857, 0.193219363689, 0.0922052562237, 0.078785918653, 0.0678510442376, 0.19109390676, 0.330885767937, 0.237492144108, 0.149067059159, 0.110535569489, 0.0514323599637, 0.134043857455, 0.241992652416, 0.197058111429, 0.181319877505],
        "var": [0.100678838789, 0.0614138431847, 0.0237157326192, 0.0291987080127, 0.0347250923514, 0.0821556597948, 0.139186039567, 0.0747998207808, 0.0178081896156, 0.0102872848511, 0.0159727819264, 0.0533867366612, 0.114114150405, 0.053255289793, 0.0171960312873, 0.0296895224601, 0.0134348971769, 0.0316750966012, 0.0715914219618, 0.0360136330128, 0.0437941588461, 0.0871181562543, 0.0494230724871, 0.022185664624, 0.0203270837665, 0.0156838819385, 0.040791567415, 0.0956386849284, 0.0448334105313, 0.0535178370774, 0.0356648117304, 0.0128897549585, 0.0312433578074, 0.0862423330545, 0.0592446774244, 0.0473516844213]
    },
    "chords_histogram": [30.7613162994, 1.64609050751, 12.6543207169, 0, 0.308641970158, 0, 0, 0, 0.308641970158, 0, 0, 0, 0, 0, 0, 0, 0, 0, 0, 1.74897122383, 13.3744859695, 29.3209877014, 5.45267486572, 4.42386817932],
    "thpcp": [1, 0.605089426041, 0.145689949393, 0.0801776871085, 0.116988576949, 0.429027318954, 0.737832248211, 0.48468413949, 0.217677563429, 0.218754574656, 0.164454221725, 0.381769686937, 0.580344438553, 0.381952404976, 0.428181380033, 0.690629899502, 0.504160284996, 0.240587845445, 0.205573260784, 0.177041277289, 0.498614430428, 0.863368272781, 0.619679689407, 0.388955295086, 0.288416475058, 0.13420060277, 0.34975579381, 0.631422698498, 0.514176607132, 0.47311142087, 0.682140111923, 0.471985459328, 0.225642174482, 0.231904149055, 0.261471867561, 0.656136870384],
    "chords_key": "E",
    "chords_scale": "major",
    "key_key": "E",
    "key_scale": "major"
}
}