{
"lowlevel": {
    "average_loudness": 0.889645516872,
    "barkbands_crest": {
        "mean": 15.6533689499,
        "var": 25.6628494263
    },
    "barkbands_flatness_db": {
        "mean": 0.307135760784,
        "var": 0.00376794859767
    },
    "barkbands_kurtosis": {
        "mean": 17.95038414,
        "var": 492.884765625
    },
    "barkbands_skewness": {
        "mean": 2.74001455307,
        "var": 2.65368509293
    },
    "barkbands_spread": {
        "mean": 4.0005698204,
        "var": 17.8138523102
    },
    "dissonance": {
        "mean": 0.384642362595,
        "var": 0.00294997892343
    },
    "dynamic_complexity": 3.76843094826,
    "erbbands_crest": {
        "mean": 14.3081731796,
        "var": 29.7358932495
    },
    "erbbands_flatness_db": {
        "mean": 0.294530361891,
        "var": 0.00244059949182
    },
    "erbbands_kurtosis": {
        "mean": 4.23653459549,
        "var": 45.9802474976
    },
    "erbbands_skewness": {
        "mean": 1.4225268364,
        "var": 1.15236210823
    },
    "erbbands_spread": {
        "mean": 15.2823448181,
        "var": 110.870185852
    },
    "hfc": {
        "mean": 6.65819501877,
        "var": 40.5734863281
    },
    "melbands_crest": {
        "mean": 19.5432014465,
        "var": 36.1286430359
    },
    "melbands_flatness_db": {
        "mean": 0.388029068708,
        "var": 0.00502439914271
    },
    "melbands_kurtosis": {
        "mean": 19.137928009,
        "var": 350.784515381
    },
    "melbands_skewness": {
        "mean": 2.85835266113,
        "var": 2.07874679565
    },
    "melbands_spread": {
        "mean": 5.03471803665,
        "var": 26.8325748444
    },
    "pitch_salience": {
        "mean": 0.473579645157,
        "var": 0.0159678515047
    },
    "silence_rate_20dB": {
        "mean": 1,
        "var": 0
    },
    "silence_rate_30dB": {
        "mean": 0.998455226421,
        "var": 0.00154241139535
    },
    "silence_rate_60dB": {
        "mean": 0.0901132822037,
        "var": 0.0819921866059
    },
    "spectral_centroid": {
        "mean": 390.408081055,
        "var": 68584.0390625
    },
    "spectral_complexity": {
        "mean": 7.99279069901,
        "var": 7.24406385422
    },
    "spectral_decrease": {
        "mean": -5.19971665724e-009,
        "var": 2.35192908768e-017
    },
    "spectral_energy": {
        "mean": 0.0202288255095,
        "var": 0.000355293857865
    },
    "spectral_energyband_high": {
        "mean": 1.2747146684e-005,
        "var": 4.58469351372e-009
    },
    "spectral_energyband_low": {
        "mean": 0.00121391890571,
        "var": 3.59514274351e-006
    },
    "spectral_energyband_middle_high": {
        "mean": 0.000657094060443,
        "var": 7.5142378364e-007
    },
    "spectral_energyband_middle_low": {
        "mean": 0.018763102591,
        "var": 0.000340188242262
    },
    "spectral_entropy": {
        "mean": 5.96800041199,
        "var": 0.347873806953
    },
    "spectral_flux": {
        "mean": 0.0486334301531,
        "var": 0.00113945372868
    },
    "spectral_kurtosis": {
        "mean": 33.3035163879,
        "var": 547.939941406
    },
    "spectral_rms": {
        "mean": 0.00401042355224,
        "var": 3.65192067875e-006
    },
    "spectral_rolloff": {
        "mean": 463.25201416,
        "var": 253905.609375
    },
    "spectral_skewness": {
        "mean": 4.17834711075,
        "var": 2.49604701996
    },
    "spectral_spread": {
        "mean": 2052828.125,
        "var": 1.6673711063e+012
    },
    "spectral_strongpeak": {
        "mean": 0.957067728043,
        "var": 0.571075975895
    },
    "zerocrossingrate": {
        "mean": 0.0186751242727,
        "var": 0.000211389749893
    },
    "barkbands": {
        "mean": [1.65821566043e-005, 0.000364158477169, 0.000427315040724, 0.0011438234942, 0.0110077522695, 0.0036305678077, 0.000840825203341, 0.00131068204064, 0.000795192434452, 0.000264074013103, 0.000128902727738, 7.75087974034e-005, 5.92460746702e-005, 8.85843328433e-005, 2.63582423941e-005, 1.34676192829e-005, 7.22095865058e-006, 5.44866043128e-006, 6.73322483635e-006, 2.99496491607e-006, 2.54403403233e-006, 5.92212427364e-006, 1.55830548465e-006, 8.92297236987e-007, 4.84542511003e-007, 1.67903930759e-008, 1.52448664803e-009],
        "var": [6.15808870563e-009, 1.55123427703e-006, 3.32490543542e-007, 5.00803480463e-006, 0.000195392232854, 4.47192833235e-005, 2.85688474833e-006, 1.4616005501e-005, 5.62624336453e-006, 2.64302741471e-007, 9.92814790379e-008, 1.56660533435e-008, 1.16817391316e-008, 3.51607702953e-008, 1.99751237773e-009, 4.50914999783e-010, 1.98728533629e-010, 9.3922203348e-011, 1.08834899426e-010, 1.5433669967e-011, 1.53322979313e-010, 2.23030904856e-009, 6.50476963959e-011, 3.90923578231e-012, 6.88088204037e-013, 6.01535905844e-015, 1.7536535043e-017]
    },
    "erbbands": {
        "mean": [0.00728312972933, 0.097879268229, 0.485061526299, 2.16173291206, 11.953619957, 45.7481002808, 49.2322502136, 25.3380451202, 12.4369621277, 16.2427272797, 28.9810009003, 24.5991363525, 6.25465965271, 9.38265132904, 5.47501897812, 3.24298286438, 3.05025577545, 3.79838752747, 3.0617787838, 1.03062868118, 0.639819025993, 0.434538900852, 0.286508351564, 0.370426923037, 0.26309633255, 0.141958802938, 0.0803074538708, 0.155236020684, 0.217214971781, 0.100653715432, 0.0444685332477, 0.0304919816554, 0.00830911099911, 0.00712507916614, 0.00229006493464, 0.000240455483436, 1.93744617718e-005, 2.95187965094e-006, 9.63453658187e-006, 2.24353298108e-005],
        "var": [0.00136444880627, 0.0792908370495, 0.441545575857, 11.171292305, 218.531356812, 3971.81860352, 7911.61181641, 3490.12915039, 472.383422852, 1154.67956543, 7451.46826172, 5550.08056641, 115.804771423, 266.055480957, 178.452987671, 22.2775058746, 29.3364028931, 47.4086990356, 60.9557914734, 3.18026304245, 0.831246912479, 0.499801337719, 0.238628581166, 0.360590875149, 0.169673666358, 0.0332717187703, 0.0544547177851, 0.844651937485, 3.30849075317, 0.725655853748, 0.0435431450605, 0.00510107493028, 0.000435558584286, 0.000158235081472, 1.68145634234e-005, 4.79249081309e-007, 5.4565458818e-009, 8.68630861683e-011, 7.6777473268e-011, 4.347342486e-010]
    },
    "gfcc": {
        "mean": [-151.084335327, 185.6300354, -109.558540344, -2.85640072823, -65.0250854492, -10.2943534851, -47.0321922302, -19.2452869415, -24.9515075684, -24.0202999115, -5.26678466797, -25.6451835632, -0.0911723524332],
        "cov": [[3508.8059082, -419.535461426, -465.000030518, 332.618743896, -557.488708496, 81.3484268188, -248.968444824, 162.161331177, 36.4318351746, 22.4546642303, 327.733764648, -26.2948379517, 211.825744629], [-419.535461426, 574.030273438, 194.492233276, -281.10635376, 294.412261963, -17.2287063599, 132.74621582, -53.6298828125, 27.4060897827, -8.84263706207, -21.0369052887, -25.9581546783, -31.4641647339], [-465.000030518, 194.492233276, 473.058929443, -54.5275268555, 140.048873901, -30.4967784882, -29.5750350952, 14.2463512421, -2.39162492752, -22.4717006683, 4.72736310959, 24.3870410919, -29.526922226], [332.618743896, -281.10635376, -54.5275268555, 613.560302734, 5.10946083069, 113.418266296, 83.9377746582, 52.5232696533, 88.5707168579, 56.5692214966, -15.1961545944, 78.7454299927, 7.02062129974], [-557.488708496, 294.412261963, 140.048873901, 5.10946083069, 358.770294189, 45.4591598511, 127.967727661, -22.9297599792, 11.923157692, -4.71889019012, -60.7574653625, 18.9688873291, -34.8684310913], [81.3484268188, -17.2287063599, -30.4967784882, 113.418266296, 45.4591598511, 290.272918701, 147.459014893, -6.72545671463, 37.3371162415, 40.3074417114, -40.5909500122, 26.0440254211, -18.4910411835], [-248.968444824, 132.74621582, -29.5750350952, 83.9377746582, 127.967727661, 147.459014893, 257.929962158, -33.4108924866, 51.0210456848, 46.8451080322, -97.6695861816, 37.8387184143, -24.1135482788], [162.161331177, -53.6298828125, 14.2463512421, 52.5232696533, -22.9297599792, -6.72545671463, -33.4108924866, 176.699935913, 37.3534851074, 1.65209186077, 49.7208557129, 19.1613006592, 23.550863266], [36.4318351746, 27.4060897827, -2.39162492752, 88.5707168579, 11.923157692, 37.3371162415, 51.0210456848, 37.3534851074, 110.959686279, 54.7315711975, -7.20563745499, 15.8189954758, -10.3238315582], [22.4546642303, -8.84263706207, -22.4717006683, 56.5692214966, -4.71889019012, 40.3074417114, 46.8451080322, 1.65209186077, 54.7315711975, 112.277244568, 16.5930576324, 17.7838630676, 1.28095090389], [327.733764648, -21.0369052887, 4.72736310959, -15.1961545944, -60.7574653625, -40.5909500122, -97.6695861816, 49.7208557129, -7.20563745499, 16.5930576324, 159.749343872, -0.283611685038, 28.4218597412], [-26.2948379517, -25.9581546783, 24.3870410919, 78.7454299927, 18.9688873291, 26.0440254211, 37.8387184143, 19.1613006592, 15.8189954758, 17.7838630676, -0.283611685038, 99.5617141724, 24.9482898712], [211.825744629, -31.4641647339, -29.526922226, 7.02062129974, -34.8684310913, -18.4910411835, -24.1135482788, 23.550863266, -10.3238315582, 1.28095090389, 28.4218597412, 24.9482898712, 97.5651626587]],
        "icov": [[0.000812487211078, -0.00153620680794, 0.000770596845541, -0.00117603328545, 0.00168077799026, -0.000921460508835, 0.00122846546583, -0.000355992815457, 0.000514393323101, 0.000167666526977, -0.000559260020964, 0.000206069089472, -0.000963535916526], [-0.00153620680794, 0.0133976731449, -0.00374300056137, 0.00742117129266, -0.00956562068313, 0.00401499588042, -0.00927568413317, 0.00336060347036, -0.00815249700099, 0.00305434805341, -0.00426823599264, 0.00254346732982, -8.19832494017e-005], [0.000770596845541, -0.00374300056137, 0.00398404337466, -0.00194834673312, 0.00165291014127, -0.00140266830567, 0.00385987618938, -0.00109995342791, 0.00170206930488, -0.00034420232987, 0.000625893240795, -0.00173176790122, 0.000455271539977], [-0.00117603328545, 0.00742117129266, -0.00194834673312, 0.0064116595313, -0.0055932844989, 0.00189451826736, -0.00505317701027, 0.00154412712436, -0.00551119213924, 0.00133986130822, -0.00165154889692, -0.000292227603495, 0.000589117349591], [0.00168077799026, -0.00956562068313, 0.00165291014127, -0.0055932844989, 0.0116121508181, -0.00285523291677, 0.0041095726192, -0.00233520916663, 0.00568866590038, -0.000981798162684, 0.00205211015418, -0.00125524017494, -0.000305037625367], [-0.000921460508835, 0.00401499588042, -0.00140266830567, 0.00189451826736, -0.00285523291677, 0.0066973278299, -0.00607363553718, 0.000781558395829, -0.00175767368637, 0.000173546504811, -0.00102204724681, 0.000526006100699, 0.00126866460778], [0.00122846546583, -0.00927568413317, 0.00385987618938, -0.00505317701027, 0.0041095726192, -0.00607363553718, 0.0163408238441, -0.00160575390328, 0.00377740361728, -0.00431067682803, 0.00676308060065, -0.00397949526086, 0.000120886979857], [-0.000355992815457, 0.00336060347036, -0.00109995342791, 0.00154412712436, -0.00233520916663, 0.000781558395829, -0.00160575390328, 0.00836285110563, -0.00576833775267, 0.00284212059341, -0.00323838647455, -0.000191888844711, -0.00134455470834], [0.000514393323101, -0.00815249700099, 0.00170206930488, -0.00551119213924, 0.00568866590038, -0.00175767368637, 0.00377740361728, -0.00576833775267, 0.020492747426, -0.00872489530593, 0.00450221542269, -0.00130776420701, 0.00249751168303], [0.000167666526977, 0.00305434805341, -0.00034420232987, 0.00133986130822, -0.000981798162684, 0.000173546504811, -0.00431067682803, 0.00284212059341, -0.00872489530593, 0.0150741729885, -0.00539574585855, 8.20282730274e-005, -0.00121930043679], [-0.000559260020964, -0.00426823599264, 0.000625893240795, -0.00165154889692, 0.00205211015418, -0.00102204724681, 0.00676308060065, -0.00323838647455, 0.00450221542269, -0.00539574585855, 0.0130214188248, -0.00199365359731, 0.000402661127737], [0.000206069089472, 0.00254346732982, -0.00173176790122, -0.000292227603495, -0.00125524017494, 0.000526006100699, -0.00397949526086, -0.000191888844711, -0.00130776420701, 8.20282730274e-005, -0.00199365359731, 0.0144238099456, -0.0046633402817], [-0.000963535916526, -8.19832494017e-005, 0.000455271539977, 0.000589117349591, -0.000305037625367, 0.00126866460778, 0.000120886979857, -0.00134455470834, 0.00249751168303, -0.00121930043679, 0.000402661127737, -0.0046633402817, 0.0142517667264]]
    },
    "melbands": {
        "mean": [8.35902974359e-005, 0.000203675197554, 0.000500988098793, 0.00216223136522, 0.00186956336256, 0.000560147629585, 0.000185506578418, 0.00020864327962, 0.000216319022002, 0.000137694718433, 2.4282713639e-005, 3.89458546124e-005, 1.86420002137e-005, 1.12047237053e-005, 5.56141412744e-006, 6.56755673845e-006, 7.19062882126e-006, 5.85201587455e-006, 1.70748535311e-006, 9.37877302931e-007, 7.57057875944e-007, 4.68056981617e-007, 2.87162606583e-007, 2.51076926361e-007, 3.11639951178e-007, 2.37256188029e-007, 1.33280408932e-007, 8.46105052688e-008, 4.64678464596e-008, 5.39169739966e-008, 1.08155148837e-007, 1.38866639077e-007, 8.93367086974e-008, 3.98244779376e-008, 2.45904328011e-008, 2.27718572887e-008, 1.63781574969e-008, 5.04264230372e-009, 5.42100853096e-009, 6.16536066644e-009],
        "var": [1.16718908316e-007, 1.10400286246e-007, 5.9166848132e-007, 8.29819236969e-006, 9.16393310035e-006, 1.50363507601e-006, 1.21554876387e-007, 2.27495860372e-007, 3.51786013653e-007, 1.94312619328e-007, 2.21936002909e-009, 5.33413357928e-009, 2.57598897768e-009, 3.1828645275e-010, 6.76634720476e-011, 1.44863870899e-010, 2.01353281271e-010, 2.88121998482e-010, 9.25261256501e-012, 3.29212590348e-012, 1.44022977138e-012, 7.18773781813e-013, 2.20212113518e-013, 2.40778588474e-013, 2.82352022622e-013, 1.6796759567e-013, 4.01975070526e-014, 1.37944999051e-014, 1.18442141674e-014, 1.11302175701e-013, 4.61022604641e-013, 1.52311735273e-012, 6.33010137363e-013, 1.05697995658e-013, 1.39587938037e-014, 4.97612925326e-015, 1.12048789928e-015, 1.9764815022e-016, 1.59677489609e-016, 1.12396414896e-016]
    },
    "mfcc": {
        "mean": [-794.887878418, 209.974639893, 12.0676374435, 2.90437936783, 0.289913624525, -9.29667186737, -8.947306633, -12.5059251785, -19.5686187744, -2.83817601204, -13.5249214172, -15.1989822388, -11.4622793198],
        "cov": [[2919.7355957, -418.06362915, -383.250061035, 223.407836914, -245.466659546, -96.2971038818, -91.1563491821, 34.9655799866, -157.653869629, 112.771186829, 24.0317974091, 134.706359863, 9.19936466217], [-418.06362915, 762.947509766, 64.2203063965, -250.675064087, 109.895561218, -73.0118179321, 88.29246521, -38.3335876465, -37.1945800781, 51.4396362305, -49.0057525635, -26.8690986633, 5.8122177124], [-383.250061035, 64.2203063965, 355.241088867, 9.2656545639, 70.1401443481, 45.9870033264, -6.97178268433, 31.3529338837, 32.461555481, -20.4772281647, 29.0105762482, 1.08042395115, 37.8136825562], [223.407836914, -250.675064087, 9.2656545639, 394.926239014, 69.6472167969, 30.3215103149, -15.6798009872, 51.2260513306, 67.0779266357, -36.8075141907, 60.3723487854, 57.8301506042, 34.84400177], [-245.466659546, 109.895561218, 70.1401443481, 69.6472167969, 230.73677063, -27.5053730011, 35.8478431702, 27.6904277802, 12.7319602966, -9.51041507721, 4.95676040649, 13.4332466125, 31.5100250244], [-96.2971038818, -73.0118179321, 45.9870033264, 30.3215103149, -27.5053730011, 433.473754883, 100.11100769, 89.9520339966, 147.077026367, 27.8471698761, 62.8704185486, -6.67124319077, 6.22599649429], [-91.1563491821, 88.29246521, -6.97178268433, -15.6798009872, 35.8478431702, 100.11100769, 132.663757324, 51.7949066162, 27.0229511261, 30.208820343, 3.36329030991, -5.62599182129, 6.29975938797], [34.9655799866, -38.3335876465, 31.3529338837, 51.2260513306, 27.6904277802, 89.9520339966, 51.7949066162, 157.79258728, 85.8336257935, 8.54477405548, 22.8394947052, 28.3117637634, 15.9386434555], [-157.653869629, -37.1945800781, 32.461555481, 67.0779266357, 12.7319602966, 147.077026367, 27.0229511261, 85.8336257935, 203.23135376, 7.24462461472, 32.8155479431, 20.2012062073, 22.2001647949], [112.771186829, 51.4396362305, -20.4772281647, -36.8075141907, -9.51041507721, 27.8471698761, 30.208820343, 8.54477405548, 7.24462461472, 144.117248535, 19.9860267639, -4.37874126434, -3.13701105118], [24.0317974091, -49.0057525635, 29.0105762482, 60.3723487854, 4.95676040649, 62.8704185486, 3.36329030991, 22.8394947052, 32.8155479431, 19.9860267639, 115.415290833, 47.4698905945, 10.4625749588], [134.706359863, -26.8690986633, 1.08042395115, 57.8301506042, 13.4332466125, -6.67124319077, -5.62599182129, 28.3117637634, 20.2012062073, -4.37874126434, 47.4698905945, 124.937057495, 34.6203956604], [9.19936466217, 5.8122177124, 37.8136825562, 34.84400177, 31.5100250244, 6.22599649429, 6.29975938797, 15.9386434555, 22.2001647949, -3.13701105118, 10.4625749588, 34.6203956604, 86.4233627319]],
        "icov": [[0.0006203778903, 3.51877170033e-005, 0.000534176651854, -0.000481164868688, 0.000599475228228, -0.000126865023049, 0.000511091493536, -0.000636961427517, 0.000883210392203, -0.000654193281662, 0.00026501287357, -0.000528028234839, -0.000308527087327], [3.51877170033e-005, 0.00232984102331, -0.000383140461054, 0.00150273367763, -0.00114675483201, 0.000626433698926, -0.00169008609373, 0.000868758594152, -0.000488466350362, -0.000445382553153, 0.000247300282354, -0.000365757354302, -3.68189903384e-005], [0.000534176651854, -0.000383140461054, 0.00396945700049, -0.000186412493349, -0.000438806775492, -0.000690622138791, 0.00190537527669, -0.00137545494363, 0.000901642837562, 7.37476148061e-005, -0.000865211768541, 0.000450498104328, -0.00167286780197], [-0.000481164868688, 0.00150273367763, -0.000186412493349, 0.00473785027862, -0.00228269398212, 0.000428517610999, -0.000535844883416, 0.000430662039435, -0.00164435151964, 0.00115358037874, -0.00150597060565, -0.000218083208892, -0.000383496808354], [0.000599475228228, -0.00114675483201, -0.000438806775492, -0.00228269398212, 0.0069019231014, 0.000823608133942, -0.00122426170856, -0.00117649137974, 0.000846151669975, -0.00018644053489, 0.000198083595023, -0.00017108998145, -0.00132349238265], [-0.000126865023049, 0.000626433698926, -0.000690622138791, 0.000428517610999, 0.000823608133942, 0.00447386410087, -0.0035719810985, 0.000185003140359, -0.00274183624424, 0.000258122454397, -0.00192112254445, 0.00115713616833, 0.000187170255231], [0.000511091493536, -0.00169008609373, 0.00190537527669, -0.000535844883416, -0.00122426170856, -0.0035719810985, 0.013742971234, -0.00441709347069, 0.00265036709607, -0.00195977650583, 0.00101288640872, 0.000280763837509, -0.00102888967376], [-0.000636961427517, 0.000868758594152, -0.00137545494363, 0.000430662039435, -0.00117649137974, 0.000185003140359, -0.00441709347069, 0.0108337495476, -0.00430681277066, 0.000433673587395, 0.000220874309889, -0.00143897300586, 0.000848906405736], [0.000883210392203, -0.000488466350362, 0.000901642837562, -0.00164435151964, 0.000846151669975, -0.00274183624424, 0.00265036709607, -0.00430681277066, 0.00952966418117, -0.00111521210056, 0.000407929968787, -0.00075481296517, -0.00153804116417], [-0.000654193281662, -0.000445382553153, 7.37476148061e-005, 0.00115358037874, -0.00018644053489, 0.000258122454397, -0.00195977650583, 0.000433673587395, -0.00111521210056, 0.0086972694844, -0.00259659159929, 0.00137135828845, 8.16425163066e-005], [0.00026501287357, 0.000247300282354, -0.000865211768541, -0.00150597060565, 0.000198083595023, -0.00192112254445, 0.00101288640872, 0.000220874309889, 0.000407929968787, -0.00259659159929, 0.0129993250594, -0.00507140578702, 0.00115130306222], [-0.000528028234839, -0.000365757354302, 0.000450498104328, -0.000218083208892, -0.00017108998145, 0.00115713616833, 0.000280763837509, -0.00143897300586, -0.00075481296517, 0.00137135828845, -0.00507140578702, 0.0121663175523, -0.00382053270005], [-0.000308527087327, -3.68189903384e-005, -0.00167286780197, -0.000383496808354, -0.00132349238265, 0.000187170255231, -0.00102888967376, 0.000848906405736, -0.00153804116417, 8.16425163066e-005, 0.00115130306222, -0.00382053270005, 0.0146694714203]]
    },
    "spectral_contrast_coeffs": {
        "mean": [-0.462296664715, -0.662153959274, -0.730634272099, -0.785700917244, -0.810247302055, -0.817001640797],
        "var": [0.0110253449529, 0.00734140910208, 0.00421440554783, 0.00218332186341, 0.000972429290414, 0.00214507617056]
    },
    "spectral_contrast_valleys": {
        "mean": [-8.53649616241, -7.3503742218, -8.3049621582, -9.01673603058, -9.74884223938, -12.6035785675],
        "var": [1.16310381889, 0.684990882874, 0.612461149693, 0.532781124115, 0.748859226704, 0.791825175285]
    }
},
"metadata": {
    "audio_properties": {
        "analysis_sample_rate": 44100,
        "bit_rate": 128074,
        "equal_loudness": 0,
        "length": 45.0612258911,
        "lossless": 0,
        "replay_gain": -6.6397151947,
        "sample_rate": 44100,
        "codec": "mp3",
        "downmix": "mix",
        "md5_encoded": "02d85f897318b74bf749fbb53147ddb9"
    },
    "tags": {
        "file_name": "1219.mp3"
    },
    "version": {
        "essentia": "2.1-beta2",
        "essentia_git_sha": "v2.1_beta2",
        "extractor": "music 1.0"
    }
},
"rhythm": {
    "beats_count": 75,
    "beats_loudness": {
        "mean": 0.0274826679379,
        "var": 0.000441248033894
    },
    "bpm": 100.772262573,
    "bpm_histogram_first_peak_bpm": {
        "mean": 101,
        "var": 0
    },
    "bpm_histogram_first_peak_spread": {
        "mean": 0.718309879303,
        "var": 0
    },
    "bpm_histogram_first_peak_weight": {
        "mean": 0.270270258188,
        "var": 0
    },
    "bpm_histogram_second_peak_bpm": {
        "mean": 96,
        "var": 0
    },
    "bpm_histogram_second_peak_spread": {
        "mean": 0,
        "var": 0
    },
    "bpm_histogram_second_peak_weight": {
        "mean": 0.0405405387282,
        "var": 0
    },
    "danceability": 1.0759524107,
    "onset_rate": 2.81711745262,
    "beats_loudness_band_ratio": {
        "mean": [0.182315960526, 0.633315205574, 0.173727318645, 0.0464388802648, 0.0082365963608, 0.00190890906379],
        "var": [0.0310069043189, 0.0415527299047, 0.0290678534657, 0.00151961331721, 4.31907974416e-005, 8.035859355e-005]
    },
    "beats_position": [0.603718817234, 1.20743763447, 1.8111563921, 2.43809509277, 3.04181408882, 3.65714287758, 4.2492518425, 4.85297060013, 5.45668935776, 6.06040811539, 6.67573690414, 7.27945566177, 7.89478445053, 8.51011276245, 9.12544155121, 9.75238037109, 10.3677091599, 10.9830379486, 11.5867567062, 12.1904764175, 12.782585144, 13.3979139328, 13.9900226593, 14.6053514481, 15.2322902679, 15.8127889633, 16.4165077209, 17.0202255249, 17.6239452362, 18.2392749786, 18.8546028137, 19.458322525, 20.062040329, 20.6657600403, 21.2694778442, 21.8848075867, 22.4769153595, 23.0806350708, 23.6611328125, 24.2532424927, 24.8453502655, 25.4374599457, 26.0295696259, 26.6216773987, 27.22539711, 27.8175048828, 28.409614563, 29.0017223358, 29.5822219849, 30.1627197266, 30.7432193756, 31.3237190247, 31.9158267975, 32.5079345703, 33.0768241882, 33.6457138062, 34.2262115479, 34.8067131042, 35.3872108459, 35.9677085876, 36.5482063293, 37.1287078857, 37.7092056274, 38.2897033691, 38.8585929871, 39.4390907288, 40.0079803467, 40.6233100891, 41.2270278931, 41.8191375732, 42.4112472534, 43.0033569336, 43.5954627991, 44.1875724792, 44.7796821594]
},
"tonal": {
    "chords_changes_rate": 0.0390946492553,
    "chords_number_rate": 0.00720164598897,
    "chords_strength": {
        "mean": 0.562518298626,
        "var": 0.010884270072
    },
    "hpcp_entropy": {
        "mean": 1.38956403732,
        "var": 0.451220840216
    },
    "key_strength": 0.814139425755,
    "tuning_diatonic_strength": 0.635703921318,
    "tuning_equal_tempered_deviation": 0.039037629962,
    "tuning_frequency": 451.586883545,
    "tuning_nontempered_energy_ratio": 0.633611559868,
    "hpcp": {
        "mean": [0.491347014904, 0.271988898516, 0.0317258834839, 0.0152329802513, 0.0161450952291, 0.054821446538, 0.117246188223, 0.1023472175, 0.0545508340001, 0.049443140626, 0.0569915510714, 0.108007960021, 0.144010752439, 0.107822887599, 0.10874144733, 0.121039398015, 0.0615967474878, 0.0203861743212, 0.0270363278687, 0.0380924455822, 0.12496431917, 0.243736609817, 0.177477508783, 0.0440133139491, 0.0125643899664, 0.0167891662568, 0.0450274720788, 0.0652323141694, 0.0389803610742, 0.0126422923058, 0.0115874391049, 0.0179696343839, 0.0627560764551, 0.116987973452, 0.103268399835, 0.279464334249],
        "var": [0.185265347362, 0.0702026337385, 0.012298415415, 0.00705706980079, 0.0060266777873, 0.0227414667606, 0.0718452334404, 0.0568873248994, 0.0268628168851, 0.0294374339283, 0.0273552276194, 0.0553573854268, 0.0763626024127, 0.0532383657992, 0.0506074503064, 0.0693796649575, 0.0248094312847, 0.00474788807333, 0.00769354403019, 0.0110428994521, 0.0431017838418, 0.11512375623, 0.0741818398237, 0.0152288433164, 0.00421200226992, 0.00752033339813, 0.0188424512744, 0.034166239202, 0.0127970743924, 0.00269691948779, 0.00358487502672, 0.00678090704605, 0.0219819936901, 0.0738469660282, 0.0436384640634, 0.0759194940329]
    },
    "chords_histogram": [56.6872444153, 14.0946502686, 3.29218101501, 0.411522626877, 8.23045253754, 0, 0, 0, 0, 0, 0, 0, 0, 0, 0, 1.02880656719, 0, 7.20164632797, 0, 0, 0, 0.925925910473, 7.51028823853, 0.617283940315],
    "thpcp": [1, 0.553557634354, 0.0645691975951, 0.0310024879873, 0.0328588448465, 0.111573785543, 0.238621965051, 0.208299249411, 0.111023031175, 0.100627742708, 0.115990430117, 0.219820126891, 0.293093770742, 0.219443455338, 0.22131292522, 0.246341988444, 0.125363022089, 0.0414903797209, 0.0550249144435, 0.0775265619159, 0.254330068827, 0.496057987213, 0.361206024885, 0.0895768404007, 0.0255713164806, 0.0341696701944, 0.0916408747435, 0.132762208581, 0.0793336704373, 0.0257298648357, 0.0235830042511, 0.0365721844137, 0.127722516656, 0.238096430898, 0.210174068809, 0.568771839142],
    "chords_key": "A",
    "chords_scale": "major",
    "key_key": "A",
    "key_scale": "major"
}
}