{
"lowlevel": {
    "average_loudness": 0.973334670067,
    "barkbands_crest": {
        "mean": 8.45126152039,
        "var": 8.00107765198
    },
    "barkbands_flatness_db": {
        "mean": 0.165667504072,
        "var": 0.00189054873772
    },
    "barkbands_kurtosis": {
        "mean": 1.86454093456,
        "var": 19.5825195313
    },
    "barkbands_skewness": {
        "mean": 1.00540304184,
        "var": 0.921368002892
    },
    "barkbands_spread": {
        "mean": 17.751121521,
        "var": 54.4212646484
    },
    "dissonance": {
        "mean": 0.452197760344,
        "var": 0.000951603113208
    },
    "dynamic_complexity": 2.03741526604,
    "erbbands_crest": {
        "mean": 10.5485134125,
        "var": 19.9108581543
    },
    "erbbands_flatness_db": {
        "mean": 0.200402960181,
        "var": 0.00175727740861
    },
    "erbbands_kurtosis": {
        "mean": 0.751318335533,
        "var": 2.38789987564
    },
    "erbbands_skewness": {
        "mean": 0.0409322194755,
        "var": 0.413693398237
    },
    "erbbands_spread": {
        "mean": 26.2837123871,
        "var": 175.187713623
    },
    "hfc": {
        "mean": 24.0181808472,
        "var": 234.390640259
    },
    "melbands_crest": {
        "mean": 11.7248363495,
        "var": 13.9630775452
    },
    "melbands_flatness_db": {
        "mean": 0.223167777061,
        "var": 0.00341798807494
    },
    "melbands_kurtosis": {
        "mean": 5.82396554947,
        "var": 86.3787155151
    },
    "melbands_skewness": {
        "mean": 1.76941299438,
        "var": 1.42146110535
    },
    "melbands_spread": {
        "mean": 23.0537605286,
        "var": 143.158172607
    },
    "pitch_salience": {
        "mean": 0.556238651276,
        "var": 0.00718170637265
    },
    "silence_rate_20dB": {
        "mean": 1,
        "var": 0
    },
    "silence_rate_30dB": {
        "mean": 1,
        "var": 0
    },
    "silence_rate_60dB": {
        "mean": 0.00514668039978,
        "var": 0.00512032955885
    },
    "spectral_centroid": {
        "mean": 1052.34143066,
        "var": 322246.03125
    },
    "spectral_complexity": {
        "mean": 19.9830150604,
        "var": 43.7377433777
    },
    "spectral_decrease": {
        "mean": -8.72062333457e-009,
        "var": 1.42441196313e-017
    },
    "spectral_energy": {
        "mean": 0.0350921563804,
        "var": 0.000233624625253
    },
    "spectral_energyband_high": {
        "mean": 0.000291023345198,
        "var": 1.6377440204e-007
    },
    "spectral_energyband_low": {
        "mean": 0.00931403879076,
        "var": 5.15336250828e-005
    },
    "spectral_energyband_middle_high": {
        "mean": 0.0111659504473,
        "var": 9.33059491217e-005
    },
    "spectral_energyband_middle_low": {
        "mean": 0.0166454222053,
        "var": 8.59305655467e-005
    },
    "spectral_entropy": {
        "mean": 7.22936725616,
        "var": 0.148539349437
    },
    "spectral_flux": {
        "mean": 0.0853744000196,
        "var": 0.0013933617156
    },
    "spectral_kurtosis": {
        "mean": 7.27820014954,
        "var": 31.3003196716
    },
    "spectral_rms": {
        "mean": 0.00568213639781,
        "var": 1.9496137611e-006
    },
    "spectral_rolloff": {
        "mean": 1183.94665527,
        "var": 909904.5
    },
    "spectral_skewness": {
        "mean": 1.85587131977,
        "var": 0.346811771393
    },
    "spectral_spread": {
        "mean": 3254121.75,
        "var": 3.18651236352e+012
    },
    "spectral_strongpeak": {
        "mean": 1.57691407204,
        "var": 3.69393873215
    },
    "zerocrossingrate": {
        "mean": 0.0432906672359,
        "var": 0.00063183385646
    },
    "barkbands": {
        "mean": [8.17705877125e-005, 0.00461480533704, 0.00279305502772, 0.00396660156548, 0.00542618893087, 0.0011321149068, 0.00176463834941, 0.00225800275803, 0.00122107320931, 0.00192625168711, 0.00175486097578, 0.00181295722723, 0.00230591488071, 0.00125084409956, 0.000735942856409, 0.00059620878892, 0.000532607838977, 0.000334981363267, 0.000225785348448, 0.000117120587674, 6.63255050313e-005, 7.79060137575e-005, 4.59335351479e-005, 3.15019460686e-005, 1.60451527336e-005, 2.73427554021e-006, 2.29809895558e-008],
        "var": [1.36400739592e-008, 2.16492935579e-005, 1.05259532575e-005, 1.55001016537e-005, 2.16615862882e-005, 1.60461968335e-006, 6.07282845522e-006, 1.66702466231e-005, 8.02312661108e-006, 1.39380472319e-005, 7.47888088881e-006, 1.37899778565e-005, 1.62716933119e-005, 5.51178800379e-006, 1.67561040598e-006, 6.9614941367e-007, 7.73031842982e-007, 2.47018050459e-007, 9.33961246119e-008, 2.21769358433e-008, 8.5897884361e-009, 1.63769193762e-008, 8.73422578707e-009, 3.42328121405e-009, 1.60218616152e-009, 8.72521013773e-011, 1.2367402702e-014]
    },
    "erbbands": {
        "mean": [0.15059491992, 1.00402235985, 2.89324378967, 8.75965213776, 17.5407161713, 17.1256103516, 12.0334920883, 8.97159481049, 22.252161026, 37.3813323975, 43.9107704163, 32.2604026794, 55.3659667969, 50.6734771729, 80.8808135986, 85.9504013062, 116.928947449, 64.8748626709, 49.5877838135, 34.7025718689, 32.6569747925, 26.7783603668, 20.0482215881, 14.1940946579, 9.30228805542, 5.68725633621, 3.37039041519, 2.42309045792, 2.59305620193, 2.47598719597, 1.11756086349, 0.925632178783, 0.363250225782, 0.21941934526, 0.0923034474254, 0.0211632549763, 0.00345312361605, 0.000281761807855, 2.58839154412e-005, 4.15562462877e-005],
        "var": [0.0203968212008, 1.13979828358, 11.1961259842, 60.9160842896, 339.924072266, 273.36605835, 125.005004883, 108.782821655, 1207.81469727, 3967.35375977, 7494.54248047, 5378.62060547, 11438.6904297, 10362.9453125, 14602.8623047, 25595.8457031, 37833.78125, 12103.6787109, 5878.38867188, 2602.11572266, 2262.38134766, 1533.8013916, 743.314208984, 404.228057861, 122.198768616, 62.5401573181, 21.1879253387, 10.5337600708, 16.9571533203, 21.8700523376, 5.27582025528, 3.36040377617, 0.500745356083, 0.333827465773, 0.0560743063688, 0.00494673522189, 0.000125205129734, 6.92720277584e-007, 5.06603758943e-010, 3.32069566289e-010]
    },
    "gfcc": {
        "mean": [-2.88165307045, 143.454940796, -139.428573608, 33.0543136597, -51.186466217, 19.7893600464, -30.2888374329, -2.51788568497, -17.6741828918, -9.19291591644, -8.55483055115, -8.51937484741, -7.12811470032],
        "cov": [[4948.92626953, -705.23223877, -733.678344727, 166.99911499, -247.320617676, 278.182342529, -279.534210205, 290.808898926, -244.499069214, 33.6874237061, -93.014541626, 59.4547691345, -156.905776978], [-705.23223877, 1024.09960938, -46.9411125183, -187.324569702, 189.88494873, -202.759857178, 174.23878479, -228.705169678, 159.518341064, -105.946044922, 114.449028015, -114.965293884, 78.766456604], [-733.678344727, -46.9411125183, 646.171691895, 85.2664794922, -118.144866943, 55.3229980469, 18.7004375458, 10.8572998047, -1.12877929211, 72.3717803955, -70.160118103, 58.5286750793, 31.4575195313], [166.99911499, -187.324569702, 85.2664794922, 268.134155273, -60.8389701843, 0.364095062017, -27.9617938995, 29.1485862732, 22.9118385315, 12.5113391876, -19.5012073517, -5.35109043121, 14.6540403366], [-247.320617676, 189.88494873, -118.144866943, -60.8389701843, 188.912643433, -39.4098625183, 31.9877490997, -41.2089881897, 32.0912437439, -14.7386016846, 42.3917579651, -22.5006866455, 4.92281675339], [278.182342529, -202.759857178, 55.3229980469, 0.364095062017, -39.4098625183, 201.719680786, 5.18583917618, 44.241065979, -70.9202041626, 28.7600917816, -12.7300901413, 39.4602584839, -6.21853065491], [-279.534210205, 174.23878479, 18.7004375458, -27.9617938995, 31.9877490997, 5.18583917618, 140.316131592, -28.5091152191, 24.1481800079, -34.1769676208, 24.8032875061, -7.81243515015, 18.5996131897], [290.808898926, -228.705169678, 10.8572998047, 29.1485862732, -41.2089881897, 44.241065979, -28.5091152191, 174.400894165, 0.870082318783, 28.4534854889, -36.7363471985, 34.5048332214, 6.68043088913], [-244.499069214, 159.518341064, -1.12877929211, 22.9118385315, 32.0912437439, -70.9202041626, 24.1481800079, 0.870082318783, 142.155044556, 9.62504196167, 18.0395774841, -31.4632511139, 23.8649101257], [33.6874237061, -105.946044922, 72.3717803955, 12.5113391876, -14.7386016846, 28.7600917816, -34.1769676208, 28.4534854889, 9.62504196167, 103.433227539, 0.58303964138, 15.7766532898, -13.363202095], [-93.014541626, 114.449028015, -70.160118103, -19.5012073517, 42.3917579651, -12.7300901413, 24.8032875061, -36.7363471985, 18.0395774841, 0.58303964138, 92.628288269, -3.18399620056, 6.7504901886], [59.4547691345, -114.965293884, 58.5286750793, -5.35109043121, -22.5006866455, 39.4602584839, -7.81243515015, 34.5048332214, -31.4632511139, 15.7766532898, -3.18399620056, 91.3979415894, 4.42238855362], [-156.905776978, 78.766456604, 31.4575195313, 14.6540403366, 4.92281675339, -6.21853065491, 18.5996131897, 6.68043088913, 23.8649101257, -13.363202095, 6.7504901886, 4.42238855362, 75.8835144043]],
        "icov": [[0.000772138184402, -0.00159808760509, 0.00163588486612, -0.00157634506468, 0.00140993157402, -0.00146348739509, 0.00133395660669, -0.0016653239727, 0.00143225945067, -0.00104441260919, 0.00134405808058, -0.00129813980311, 0.00181159784552], [-0.00159808760509, 0.00804085284472, -0.00447293184698, 0.00621041003615, -0.00428003072739, 0.00501261418685, -0.0049469335936, 0.00672585563734, -0.00578099954873, 0.00446247961372, -0.00518397521228, 0.00559711176902, -0.00694802822545], [0.00163588486612, -0.00447293184698, 0.00621805340052, -0.00449957000092, 0.00439598318189, -0.00363868963905, 0.00209728977643, -0.00313667906448, 0.00345676043071, -0.00490984739736, 0.00556253967807, -0.00484904646873, 0.00333135249093], [-0.00157634506468, 0.00621041003615, -0.00449957000092, 0.00945258233696, -0.00257085217163, 0.0040848958306, -0.00309277931228, 0.0049781370908, -0.00560209108517, 0.00391222955659, -0.00442642020062, 0.00527899013832, -0.00630767410621], [0.00140993157402, -0.00428003072739, 0.00439598318189, -0.00257085217163, 0.0102725392208, -0.00272092153318, 0.00200424203649, -0.00300124334171, 0.00239029759541, -0.00321098882705, 0.0018794958014, -0.00299025094137, 0.00360553432256], [-0.00146348739509, 0.00501261418685, -0.00363868963905, 0.0040848958306, -0.00272092153318, 0.0109482472762, -0.00540029816329, 0.00301161338575, 8.59047286212e-005, 0.000524899049196, -0.00371416611597, 0.00288996752352, -0.00514992279932], [0.00133395660669, -0.0049469335936, 0.00209728977643, -0.00309277931228, 0.00200424203649, -0.00540029816329, 0.0132240047678, -0.00390916736796, 0.00139195518568, 0.00150600902271, 0.00095328304451, -0.00312809832394, 0.00407616840675], [-0.0016653239727, 0.00672585563734, -0.00313667906448, 0.0049781370908, -0.00300124334171, 0.00301161338575, -0.00390916736796, 0.0140034714714, -0.00684517854825, 0.00202349969186, -0.000998846255243, 0.00180248939432, -0.00742605142295], [0.00143225945067, -0.00578099954873, 0.00345676043071, -0.00560209108517, 0.00239029759541, 8.59047286212e-005, 0.00139195518568, -0.00684517854825, 0.0156933404505, -0.00647230446339, 0.00262004882097, -0.000999271403998, 0.0024743003305], [-0.00104441260919, 0.00446247961372, -0.00490984739736, 0.00391222955659, -0.00321098882705, 0.000524899049196, 0.00150600902271, 0.00202349969186, -0.00647230446339, 0.0170665364712, -0.00624643592164, 0.00263947318308, -0.000364848267054], [0.00134405808058, -0.00518397521228, 0.00556253967807, -0.00442642020062, 0.0018794958014, -0.00371416611597, 0.00095328304451, -0.000998846255243, 0.00262004882097, -0.00624643592164, 0.0189155600965, -0.00619218498468, 0.00289105484262], [-0.00129813980311, 0.00559711176902, -0.00484904646873, 0.00527899013832, -0.00299025094137, 0.00288996752352, -0.00312809832394, 0.00180248939432, -0.000999271403998, 0.00263947318308, -0.00619218498468, 0.0185940396041, -0.0062180631794], [0.00181159784552, -0.00694802822545, 0.00333135249093, -0.00630767410621, 0.00360553432256, -0.00514992279932, 0.00407616840675, -0.00742605142295, 0.0024743003305, -0.000364848267054, 0.00289105484262, -0.0062180631794, 0.0222345590591]]
    },
    "melbands": {
        "mean": [0.00132543151267, 0.00141856528353, 0.00181533338036, 0.00130338640884, 0.000497650995385, 0.000209115212783, 0.00034457835136, 0.000429360807175, 0.000344932836015, 0.000184567819815, 0.000274793972494, 0.00019659663667, 0.000263684545644, 0.000201516741072, 0.000285365124, 0.000182468284038, 0.000121017263154, 8.45491085784e-005, 5.16914369655e-005, 4.28094317613e-005, 3.77140713681e-005, 2.82515520666e-005, 2.34834278672e-005, 1.57969461725e-005, 1.10034488898e-005, 7.88090437709e-006, 4.92485833092e-006, 3.42605358128e-006, 2.33455489251e-006, 1.53500229771e-006, 1.32877562464e-006, 1.38825021168e-006, 1.66268034718e-006, 1.2406908354e-006, 5.91808600348e-007, 6.25358950401e-007, 5.06828484959e-007, 2.4859392056e-007, 2.05566692557e-007, 1.77407869728e-007],
        "var": [1.69243526216e-006, 2.15736054088e-006, 2.34901017393e-006, 1.40626366374e-006, 1.84043969398e-007, 6.99501043755e-008, 2.70700695637e-007, 5.60017440421e-007, 4.8010485898e-007, 1.97393219992e-007, 3.00104858297e-007, 1.96501503069e-007, 1.67112418126e-007, 1.26381110022e-007, 2.22205486011e-007, 8.75107630804e-008, 5.43401625919e-008, 2.06264854086e-008, 8.5898790303e-009, 3.6161158512e-009, 3.79971210052e-009, 2.15811279958e-009, 1.28918098419e-009, 6.22750406798e-010, 2.97391417048e-010, 1.09905133605e-010, 3.66901717341e-011, 2.60525073736e-011, 1.25822095798e-011, 4.34304328611e-012, 3.77961854522e-012, 4.98652204597e-012, 9.59143528489e-012, 6.22306373099e-012, 1.52519490093e-012, 1.98513796547e-012, 9.71631629321e-013, 2.42177615852e-013, 2.46165338547e-013, 2.48568987659e-013]
    },
    "mfcc": {
        "mean": [-634.21661377, 159.988311768, -17.7016201019, 19.2585697174, 3.22896099091, 16.1596508026, 0.375523895025, 8.29898071289, -4.82146644592, 0.819376349449, -1.94152009487, 0.320579856634, -1.61207783222],
        "cov": [[3199.15698242, -961.151672363, -436.17175293, -163.665252686, 77.9009246826, -133.023239136, 77.1170272827, 122.735801697, -79.0843276978, 3.56556391716, 88.6518096924, -18.9098930359, -97.4983596802], [-961.151672363, 1119.63293457, -145.483688354, -0.356075823307, -36.2893104553, 58.4248657227, -19.6425113678, -47.1771202087, -15.5432100296, -1.14102864265, -33.4257545471, 36.8439979553, 17.0827732086], [-436.17175293, -145.483688354, 643.043884277, 59.1258850098, -53.2018585205, 53.8446540833, -6.9820318222, -12.83543396, 82.2636413574, -12.8870201111, -18.1578292847, -21.730638504, 39.4645805359], [-163.665252686, -0.356075823307, 59.1258850098, 232.154159546, 9.17531204224, -13.8115663528, -66.1111526489, -19.8691120148, 16.4306316376, 39.1128463745, -27.737575531, 4.36645126343, 15.2514982224], [77.9009246826, -36.2893104553, -53.2018585205, 9.17531204224, 115.111564636, -9.77869701385, -11.159989357, -15.2800836563, 6.36638641357, 11.4367828369, 3.37386846542, 9.03774356842, 8.32276916504], [-133.023239136, 58.4248657227, 53.8446540833, -13.8115663528, -9.77869701385, 142.721374512, 37.1902885437, -12.228222847, -24.3896522522, -9.59071063995, 15.9285402298, -15.6073923111, -10.5693531036], [77.1170272827, -19.6425113678, -6.9820318222, -66.1111526489, -11.159989357, 37.1902885437, 132.993331909, 30.08634758, -18.0710525513, -27.7670707703, 13.7981481552, -4.28015899658, -27.6302528381], [122.735801697, -47.1771202087, -12.83543396, -19.8691120148, -15.2800836563, -12.228222847, 30.08634758, 102.044250488, 21.2179698944, -18.9409179688, -3.38005113602, 1.60737144947, -7.44928979874], [-79.0843276978, -15.5432100296, 82.2636413574, 16.4306316376, 6.36638641357, -24.3896522522, -18.0710525513, 21.2179698944, 115.248176575, 24.3493900299, -10.0857982635, 1.61095166206, 13.7796583176], [3.56556391716, -1.14102864265, -12.8870201111, 39.1128463745, 11.4367828369, -9.59071063995, -27.7670707703, -18.9409179688, 24.3493900299, 100.543922424, 12.7727422714, -4.54272985458, -3.78027176857], [88.6518096924, -33.4257545471, -18.1578292847, -27.737575531, 3.37386846542, 15.9285402298, 13.7981481552, -3.38005113602, -10.0857982635, 12.7727422714, 90.0623779297, 3.25614643097, -10.3462791443], [-18.9098930359, 36.8439979553, -21.730638504, 4.36645126343, 9.03774356842, -15.6073923111, -4.28015899658, 1.60737144947, 1.61095166206, -4.54272985458, 3.25614643097, 78.3273010254, 18.7187099457], [-97.4983596802, 17.0827732086, 39.4645805359, 15.2514982224, 8.32276916504, -10.5693531036, -27.6302528381, -7.44928979874, 13.7796583176, -3.78027176857, -10.3462791443, 18.7187099457, 89.722114563]],
        "icov": [[0.000581030675676, 0.000507838791236, 0.000387365667848, 0.000253980426351, -0.000123907928355, 0.000250958109973, -2.10465059354e-005, -0.000419101299485, 0.000270731659839, -0.000141382901347, -0.000200333495741, 1.26703741898e-006, 0.000250018114457], [0.000507838791236, 0.00151242676657, 0.000762307434343, 0.000250020704698, 0.000514082435984, -0.000519902212545, 0.000142470307765, 0.000245839852141, -0.000138088027597, -6.12532530795e-005, 0.000368688924937, -0.000572755059693, 2.20784331759e-005], [0.000387365667848, 0.000762307434343, 0.00255429558456, -0.000429003353929, 0.00123469822574, -0.00105577858631, -0.000209285833989, 0.000729518244043, -0.00192503468134, 0.000773738662247, 5.95923702349e-005, 0.000350833754055, -0.00075565133011], [0.000253980426351, 0.000250020704698, -0.000429003353929, 0.00571819255129, -0.000425067148171, -4.89726880915e-005, 0.00229579745792, -0.000316391669912, 0.000678818847518, -0.00205113203265, 0.00159823393915, -0.00058811303461, 0.000275790691376], [-0.000123907928355, 0.000514082435984, 0.00123469822574, -0.000425067148171, 0.0100462744012, -0.000421870645368, -3.78236582037e-005, 0.00220110453665, -0.00173504941631, -9.92850982584e-005, -5.26216608705e-005, -0.00090860389173, -0.00106807926204], [0.000250958109973, -0.000519902212545, -0.00105577858631, -4.89726880915e-005, -0.000421870645368, 0.0092785442248, -0.00246290722862, 0.000597912992816, 0.00213120412081, 2.25319163292e-005, -0.00167404219974, 0.00169852911495, 0.000393975235056], [-2.10465059354e-005, 0.000142470307765, -0.000209285833989, 0.00229579745792, -3.78236582037e-005, -0.00246290722862, 0.0109212500975, -0.00280244019814, 0.000958225922659, 0.00121927761938, -0.000360394507879, -0.000618706457317, 0.00248747179285], [-0.000419101299485, 0.000245839852141, 0.000729518244043, -0.000316391669912, 0.00220110453665, 0.000597912992816, -0.00280244019814, 0.013056287542, -0.00410342589021, 0.00264872051775, 0.000485628377646, -0.000381547491997, 0.00019533005252], [0.000270731659839, -0.000138088027597, -0.00192503468134, 0.000678818847518, -0.00173504941631, 0.00213120412081, 0.000958225922659, -0.00410342589021, 0.0125073874369, -0.00377941108309, 0.000764464086387, -5.39538814337e-005, -0.000562499510124], [-0.000141382901347, -6.12532530795e-005, 0.000773738662247, -0.00205113203265, -9.92850982584e-005, 2.25319163292e-005, 0.00121927761938, 0.00264872051775, -0.00377941108309, 0.0130335986614, -0.00263159349561, 0.00103597412817, 0.00108361337334], [-0.000200333495741, 0.000368688924937, 5.95923702349e-005, 0.00159823393915, -5.26216608705e-005, -0.00167404219974, -0.000360394507879, 0.000485628377646, 0.000764464086387, -0.00263159349561, 0.012911375612, -0.00153136136942, 0.000731304113287], [1.26703741898e-006, -0.000572755059693, 0.000350833754055, -0.00058811303461, -0.00090860389173, 0.00169852911495, -0.000618706457317, -0.000381547491997, -5.39538814337e-005, 0.00103597412817, -0.00153136136942, 0.0144299259409, -0.00301692285575], [0.000250018114457, 2.20784331759e-005, -0.00075565133011, 0.000275790691376, -0.00106807926204, 0.000393975235056, 0.00248747179285, 0.00019533005252, -0.000562499510124, 0.00108361337334, 0.000731304113287, -0.00301692285575, 0.0134720299393]]
    },
    "spectral_contrast_coeffs": {
        "mean": [-0.62887609005, -0.706702291965, -0.722432076931, -0.734224259853, -0.761148750782, -0.732086420059],
        "var": [0.00505950069055, 0.00424290308729, 0.00472266878933, 0.00366817344911, 0.0020004096441, 0.00162875570823]
    },
    "spectral_contrast_valleys": {
        "mean": [-6.7138543129, -6.63449573517, -7.05842208862, -7.45552873611, -7.85272598267, -11.0131969452],
        "var": [0.960996568203, 0.971562325954, 1.07133829594, 1.08213853836, 1.17104709148, 1.40860903263]
    }
},
"metadata": {
    "audio_properties": {
        "analysis_sample_rate": 44100,
        "bit_rate": 117635,
        "equal_loudness": 0,
        "length": 45.0873451233,
        "lossless": 0,
        "replay_gain": -16.9316101074,
        "sample_rate": 44100,
        "codec": "mp3",
        "downmix": "mix",
        "md5_encoded": "f413502ceca951af01bedc63918c15e8"
    },
    "tags": {
        "file_name": "122.mp3"
    },
    "version": {
        "essentia": "2.1-beta2",
        "essentia_git_sha": "v2.1_beta2",
        "extractor": "music 1.0"
    }
},
"rhythm": {
    "beats_count": 94,
    "beats_loudness": {
        "mean": 0.0454016812146,
        "var": 0.000142265547765
    },
    "bpm": 125.48223114,
    "bpm_histogram_first_peak_bpm": {
        "mean": 126,
        "var": 0
    },
    "bpm_histogram_first_peak_spread": {
        "mean": 0.471264362335,
        "var": 0
    },
    "bpm_histogram_first_peak_weight": {
        "mean": 0.494623661041,
        "var": 0
    },
    "bpm_histogram_second_peak_bpm": {
        "mean": 120,
        "var": 0
    },
    "bpm_histogram_second_peak_spread": {
        "mean": 0,
        "var": 0
    },
    "bpm_histogram_second_peak_weight": {
        "mean": 0.0215053763241,
        "var": 0
    },
    "danceability": 1.1203045845,
    "onset_rate": 3.4586148262,
    "beats_loudness_band_ratio": {
        "mean": [0.436590999365, 0.164313390851, 0.1714194417, 0.209915682673, 0.0795646235347, 0.0127493916079],
        "var": [0.0358054079115, 0.011365134269, 0.015133918263, 0.0222544819117, 0.00353660108522, 9.88351748674e-005]
    },
    "beats_position": [0.417959183455, 0.847528338432, 1.28870749474, 1.72988653183, 2.18267560005, 2.65868473053, 3.13469386101, 3.61070299149, 4.09832191467, 4.57433080673, 5.05034017563, 5.52634906769, 5.99074840546, 6.46675729752, 6.94276618958, 7.4303855896, 7.91800451279, 8.39401340485, 8.87002277374, 9.35764122009, 9.84526062012, 10.3328800201, 10.8088884354, 11.2848978043, 11.7725172043, 12.2601356506, 12.7361450195, 13.2121543884, 13.6997728348, 14.1757822037, 14.6750106812, 15.1742401123, 15.6618595123, 16.1378688812, 16.6254863739, 17.1131057739, 17.5775051117, 18.0535144806, 18.5295238495, 19.0171432495, 19.5047607422, 19.96916008, 20.4451694489, 20.9211788177, 21.3971881866, 21.8731975555, 22.3375968933, 22.8136043549, 23.2896137238, 23.7656230927, 24.2532424927, 24.7408618927, 25.2168693542, 25.681268692, 26.1572780609, 26.6332874298, 27.1092967987, 27.5969161987, 28.0729255676, 28.537322998, 29.0133323669, 29.4893417358, 29.9769611359, 30.4645805359, 30.9521980286, 31.4282073975, 31.9158267975, 32.4034461975, 32.8794555664, 33.3438529968, 33.8314743042, 34.2958717346, 34.783493042, 35.2478904724, 35.7238998413, 36.1999092102, 36.6875267029, 37.1635360718, 37.6395454407, 38.1039466858, 38.57995224, 39.0443534851, 39.520362854, 39.9963722229, 40.4723815918, 40.9367790222, 41.4243965149, 41.9004058838, 42.3764152527, 42.8524246216, 43.3284339905, 43.8160552979, 44.3036727905, 44.7912902832]
},
"tonal": {
    "chords_changes_rate": 0.0432098768651,
    "chords_number_rate": 0.00925925932825,
    "chords_strength": {
        "mean": 0.560596168041,
        "var": 0.00725207105279
    },
    "hpcp_entropy": {
        "mean": 2.04355192184,
        "var": 0.381139189005
    },
    "key_strength": 0.529300749302,
    "tuning_diatonic_strength": 0.539021730423,
    "tuning_equal_tempered_deviation": 0.0751180946827,
    "tuning_frequency": 441.272583008,
    "tuning_nontempered_energy_ratio": 0.731400847435,
    "hpcp": {
        "mean": [0.307715684175, 0.34295758605, 0.321251988411, 0.255625158548, 0.122637152672, 0.117630474269, 0.201395899057, 0.168054923415, 0.153926506639, 0.265410363674, 0.218944519758, 0.0950028151274, 0.0636231824756, 0.0620052702725, 0.134730949998, 0.242921456695, 0.201353877783, 0.0941450223327, 0.0590126141906, 0.0654575675726, 0.221828639507, 0.345737278461, 0.21501454711, 0.098816037178, 0.0850119516253, 0.0562747046351, 0.0506536103785, 0.0657158270478, 0.0867394804955, 0.198015674949, 0.323568344116, 0.2438056916, 0.10813909024, 0.077320098877, 0.0840154588223, 0.164668396115],
        "var": [0.120975755155, 0.106117278337, 0.0848894566298, 0.0801697894931, 0.0399116203189, 0.0311326589435, 0.071398511529, 0.0545896925032, 0.0357584357262, 0.0897686779499, 0.0666263401508, 0.0268527846783, 0.0230593085289, 0.0199617128819, 0.0421333983541, 0.0983145236969, 0.0764743089676, 0.0307369139045, 0.0228270255029, 0.014667712152, 0.0654427036643, 0.121132157743, 0.0568124987185, 0.0315772369504, 0.0408887267113, 0.0160221215338, 0.0123546011746, 0.012840420939, 0.0274406913668, 0.0638227388263, 0.118228211999, 0.0778114274144, 0.0307399109006, 0.024462794885, 0.0290339812636, 0.0481665879488]
    },
    "chords_histogram": [33.0246925354, 8.95061683655, 4.21810722351, 0, 13.1687240601, 0, 1.85185182095, 0, 0, 0, 0, 0, 0, 0, 0, 0, 0, 0, 0, 11.6255140305, 0, 1.02880656719, 2.26337456703, 23.8683128357],
    "thpcp": [1, 0.621901571751, 0.285812497139, 0.245885983109, 0.162767246366, 0.146508961916, 0.190074458718, 0.25088262558, 0.57273453474, 0.935879230499, 0.705176174641, 0.312778204679, 0.223638311028, 0.243003755808, 0.47628185153, 0.890027523041, 0.99196010828, 0.929179489613, 0.739362418652, 0.354711979628, 0.340230822563, 0.582511365414, 0.486076951027, 0.445212364197, 0.767664849758, 0.633268475533, 0.27478325367, 0.184021756053, 0.179342165589, 0.389691710472, 0.702618658543, 0.582389831543, 0.272302210331, 0.170686289668, 0.189327478409, 0.641610443592],
    "chords_key": "C",
    "chords_scale": "major",
    "key_key": "C",
    "key_scale": "major"
}
}