{
"lowlevel": {
    "average_loudness": 0.917376101017,
    "barkbands_crest": {
        "mean": 13.0735692978,
        "var": 26.8840713501
    },
    "barkbands_flatness_db": {
        "mean": 0.202900379896,
        "var": 0.0134409815073
    },
    "barkbands_kurtosis": {
        "mean": 20.4730319977,
        "var": 2140.30566406
    },
    "barkbands_skewness": {
        "mean": 2.49028468132,
        "var": 4.26174449921
    },
    "barkbands_spread": {
        "mean": 19.9125061035,
        "var": 238.086196899
    },
    "dissonance": {
        "mean": 0.451035231352,
        "var": 0.00167439412326
    },
    "dynamic_complexity": 3.83907198906,
    "erbbands_crest": {
        "mean": 10.7447290421,
        "var": 27.9584064484
    },
    "erbbands_flatness_db": {
        "mean": 0.163507387042,
        "var": 0.00308592175134
    },
    "erbbands_kurtosis": {
        "mean": 4.17384052277,
        "var": 126.757095337
    },
    "erbbands_skewness": {
        "mean": 0.77194494009,
        "var": 2.41979265213
    },
    "erbbands_spread": {
        "mean": 40.1791191101,
        "var": 555.804382324
    },
    "hfc": {
        "mean": 14.901309967,
        "var": 236.374206543
    },
    "melbands_crest": {
        "mean": 16.1399269104,
        "var": 21.3664798737
    },
    "melbands_flatness_db": {
        "mean": 0.290918916464,
        "var": 0.0203499328345
    },
    "melbands_kurtosis": {
        "mean": 25.5944786072,
        "var": 1447.20910645
    },
    "melbands_skewness": {
        "mean": 3.28497958183,
        "var": 3.18176198006
    },
    "melbands_spread": {
        "mean": 16.2311992645,
        "var": 180.529907227
    },
    "pitch_salience": {
        "mean": 0.460703730583,
        "var": 0.0173042975366
    },
    "silence_rate_20dB": {
        "mean": 1,
        "var": 0
    },
    "silence_rate_30dB": {
        "mean": 0.990216255188,
        "var": 0.00968775711954
    },
    "silence_rate_60dB": {
        "mean": 0.0514933057129,
        "var": 0.048842087388
    },
    "spectral_centroid": {
        "mean": 1211.15893555,
        "var": 645139.0625
    },
    "spectral_complexity": {
        "mean": 14.1920700073,
        "var": 118.360992432
    },
    "spectral_decrease": {
        "mean": -6.33376195935e-009,
        "var": 2.95343084089e-017
    },
    "spectral_energy": {
        "mean": 0.025256678462,
        "var": 0.000469070248073
    },
    "spectral_energyband_high": {
        "mean": 0.000909955706447,
        "var": 1.73598834863e-006
    },
    "spectral_energyband_low": {
        "mean": 0.0120334448293,
        "var": 0.0001062301817
    },
    "spectral_energyband_middle_high": {
        "mean": 0.0033049013,
        "var": 1.01639425338e-005
    },
    "spectral_energyband_middle_low": {
        "mean": 0.010118920356,
        "var": 0.000280037202174
    },
    "spectral_entropy": {
        "mean": 7.15031957626,
        "var": 0.716949939728
    },
    "spectral_flux": {
        "mean": 0.0728026852012,
        "var": 0.00242270878516
    },
    "spectral_kurtosis": {
        "mean": 6.30858755112,
        "var": 40.912612915
    },
    "spectral_rms": {
        "mean": 0.00459218211472,
        "var": 3.55258544005e-006
    },
    "spectral_rolloff": {
        "mean": 975.855285645,
        "var": 1195319.875
    },
    "spectral_skewness": {
        "mean": 1.76243531704,
        "var": 1.00942802429
    },
    "spectral_spread": {
        "mean": 4582833.5,
        "var": 3.03265035059e+012
    },
    "spectral_strongpeak": {
        "mean": 0.538555026054,
        "var": 0.510140299797
    },
    "zerocrossingrate": {
        "mean": 0.0440539307892,
        "var": 0.00104987330269
    },
    "barkbands": {
        "mean": [0.000212444792851, 0.00879640132189, 0.0022080829367, 0.00278077856638, 0.00385852460749, 0.00125605810899, 0.000905034889001, 0.000470180355478, 0.000474879838293, 0.00131908676121, 0.000252261350397, 0.000167075559148, 0.000120097611216, 0.000133415378514, 0.000114693517389, 0.000143606361235, 0.000589631730691, 0.000202961309697, 0.000193747837329, 0.000328603520757, 0.000275267841062, 0.000172765474417, 0.000117793402751, 7.63549178373e-005, 5.51841840206e-005, 3.02513672068e-005, 1.53253074586e-006],
        "var": [3.13277126907e-007, 6.57325072098e-005, 8.43825455377e-006, 4.15226022596e-005, 7.82188726589e-005, 3.29402519128e-006, 2.40852136812e-006, 8.97347149476e-007, 9.69123675532e-007, 4.54409837403e-006, 4.13373584252e-007, 3.51629068973e-007, 1.01167479727e-007, 4.00730584715e-007, 3.95001400477e-008, 7.3620611829e-008, 7.10113965852e-007, 1.06817104495e-007, 9.05810821905e-008, 1.65786417483e-007, 1.51152818262e-007, 1.06132212352e-007, 6.05290253475e-008, 3.37056782485e-008, 1.1271009015e-008, 3.31764393735e-009, 1.27389028146e-011]
    },
    "erbbands": {
        "mean": [0.191633090377, 2.12729334831, 3.23498153687, 5.43570947647, 14.3136072159, 11.1375608444, 9.11379337311, 11.0657901764, 15.6496887207, 8.38464736938, 11.908249855, 11.9469795227, 33.7771453857, 24.7236423492, 11.6179828644, 7.31904602051, 6.26738214493, 7.17804813385, 4.50660037994, 7.1418671608, 15.2960968018, 29.1914653778, 14.3764295578, 10.1632661819, 10.8965463638, 15.7574930191, 11.8268032074, 10.1330385208, 6.45811843872, 4.59789419174, 3.21234703064, 1.98473012447, 1.03896760941, 0.659169018269, 0.361609756947, 0.161148369312, 0.049490749836, 0.00754752662033, 0.000195425120182, 3.58194592991e-005],
        "var": [0.0727329999208, 3.44984078407, 11.6370887756, 83.0053710938, 1692.47509766, 482.451049805, 221.337493896, 279.03326416, 815.854003906, 220.61315918, 596.997680664, 524.615783691, 3074.25488281, 2602.92578125, 944.59576416, 609.805175781, 262.149200439, 1334.69812012, 79.6714248657, 145.965713501, 632.340332031, 1665.56311035, 470.524169922, 223.43421936, 241.464736938, 370.643157959, 255.39276123, 225.049575806, 148.073013306, 91.7496185303, 44.0759277344, 21.3939704895, 6.67636871338, 1.8044219017, 0.451038956642, 0.0877729132771, 0.00926820188761, 0.000250362791121, 1.53767317101e-007, 1.20750265342e-009]
    },
    "gfcc": {
        "mean": [-51.2790603638, 104.727340698, -80.4584732056, 50.4937973022, -52.0076637268, 8.69387340546, -24.3173103333, 16.5778141022, -23.4896831512, -0.258178472519, -19.0344562531, 5.62393426895, -4.48482513428],
        "cov": [[14447.9150391, -2965.19482422, -4139.77294922, 340.818786621, -1268.4786377, -87.6309509277, -693.082641602, 371.381896973, -465.392700195, 230.534988403, -517.757507324, 270.883972168, -133.089248657], [-2965.19482422, 1474.34399414, 552.346435547, -173.787521362, 399.866729736, -115.746788025, 262.005737305, -129.454284668, 121.920211792, -170.926773071, 169.268920898, -68.2509918213, 246.811172485], [-4139.77294922, 552.346435547, 2131.87329102, 14.6266431808, 301.699371338, 155.158660889, 144.809265137, -139.218032837, 162.562820435, 7.57661724091, 123.445884705, -76.9759140015, -136.157714844], [340.818786621, -173.787521362, 14.6266431808, 222.677536011, -23.5787525177, 0.593104302883, -7.3720536232, 37.3915100098, 38.2341537476, 29.441236496, -1.03250467777, 0.190419599414, -25.8652133942], [-1268.4786377, 399.866729736, 301.699371338, -23.5787525177, 306.778961182, 32.5610084534, 118.548454285, 6.84846639633, 72.4517669678, 1.93163573742, 81.0141601563, -32.2598953247, 16.4690723419], [-87.6309509277, -115.746788025, 155.158660889, 0.593104302883, 32.5610084534, 183.43270874, 47.0376052856, -15.7362136841, -7.69074392319, 31.8511753082, 30.2320384979, -26.744682312, -72.7790222168], [-693.082641602, 262.005737305, 144.809265137, -7.3720536232, 118.548454285, 47.0376052856, 177.022415161, 20.8058395386, 33.0375671387, -31.1292438507, 44.8590621948, -10.9559164047, 58.905040741], [371.381896973, -129.454284668, -139.218032837, 37.3915100098, 6.84846639633, -15.7362136841, 20.8058395386, 168.825744629, 51.9744911194, 31.6148300171, -6.61129570007, 28.8487567902, 4.24689435959], [-465.392700195, 121.920211792, 162.562820435, 38.2341537476, 72.4517669678, -7.69074392319, 33.0375671387, 51.9744911194, 115.83115387, 36.5077781677, 37.6207885742, -5.93775606155, 6.72702455521], [230.534988403, -170.926773071, 7.57661724091, 29.441236496, 1.93163573742, 31.8511753082, -31.1292438507, 31.6148300171, 36.5077781677, 155.759292603, 37.5136070251, -4.7818441391, -78.6022491455], [-517.757507324, 169.268920898, 123.445884705, -1.03250467777, 81.0141601563, 30.2320384979, 44.8590621948, -6.61129570007, 37.6207885742, 37.5136070251, 109.299736023, -9.56566238403, -15.132642746], [270.883972168, -68.2509918213, -76.9759140015, 0.190419599414, -32.2598953247, -26.744682312, -10.9559164047, 28.8487567902, -5.93775606155, -4.7818441391, -9.56566238403, 88.2740020752, 58.3003768921], [-133.089248657, 246.811172485, -136.157714844, -25.8652133942, 16.4690723419, -72.7790222168, 58.905040741, 4.24689435959, 6.72702455521, -78.6022491455, -15.132642746, 58.3003768921, 197.318618774]],
        "icov": [[0.000361978018191, -0.000180352479219, 0.000590454961639, -0.000542331661563, 0.000594540382735, -0.000627876841463, 0.000375293806428, -0.00033559332951, 0.000407311832532, -0.000468888581963, 0.000904230051674, -0.000797153799795, 0.000524272152688], [-0.000180352479219, 0.00550742261112, -0.000775164808147, 0.0031182479579, -0.00309214112349, 0.00474171061069, -0.00284496927634, 0.0035663319286, -0.00350884511136, 0.00357743632048, -0.00633873417974, 0.00542488275096, -0.00490133091807], [0.000590454961639, -0.000775164808147, 0.00183766626287, -0.00110507721547, 0.000813604099676, -0.00161679240409, 0.000223892289796, 0.000457227462903, -0.000763726944569, -0.000501757545862, 0.00224640592933, -0.00262220879085, 0.00252334028482], [-0.000542331661563, 0.0031182479579, -0.00110507721547, 0.00742599787191, -0.00152642792091, 0.00333487475291, -0.00235681678168, 0.00193099072203, -0.00447624921799, 0.00231174868532, -0.00405073910952, 0.00354151241481, -0.00231939950027], [0.000594540382735, -0.00309214112349, 0.000813604099676, -0.00152642792091, 0.00825824774802, -0.0030262961518, -0.000472963729408, -0.00256593106315, 0.000657677126583, -0.00235707894899, 0.00220557651483, -0.00240774685517, 0.00294018094428], [-0.000627876841463, 0.00474171061069, -0.00161679240409, 0.00333487475291, -0.0030262961518, 0.0131517425179, -0.00698192231357, 0.00422529364005, -0.00181745947339, 0.00246089906432, -0.0066556786187, 0.00460148509592, -0.000763957446907], [0.000375293806428, -0.00284496927634, 0.000223892289796, -0.00235681678168, -0.000472963729408, -0.00698192231357, 0.0142146646976, -0.00569374440238, 0.00352630740963, -0.000523863884155, 0.00055927032372, 0.000776648579631, -0.00351489428431], [-0.00033559332951, 0.0035663319286, 0.000457227462903, 0.00193099072203, -0.00256593106315, 0.00422529364005, -0.00569374440238, 0.0131352348253, -0.00907501857728, 0.00207422650419, -0.00138974783476, -0.00147851812653, 0.000536989246029], [0.000407311832532, -0.00350884511136, -0.000763726944569, -0.00447624921799, 0.000657677126583, -0.00181745947339, 0.00352630740963, -0.00907501857728, 0.020851764828, -0.00651910528541, 0.00111680000555, 0.00058795575751, -0.00142855697777], [-0.000468888581963, 0.00357743632048, -0.000501757545862, 0.00231174868532, -0.00235707894899, 0.00246089906432, -0.000523863884155, 0.00207422650419, -0.00651910528541, 0.0135544873774, -0.00789847038686, 0.00176453124732, 0.000876552774571], [0.000904230051674, -0.00633873417974, 0.00224640592933, -0.00405073910952, 0.00220557651483, -0.0066556786187, 0.00055927032372, -0.00138974783476, 0.00111680000555, -0.00789847038686, 0.023186115548, -0.0096728829667, 0.00823336560279], [-0.000797153799795, 0.00542488275096, -0.00262220879085, 0.00354151241481, -0.00240774685517, 0.00460148509592, 0.000776648579631, -0.00147851812653, 0.00058795575751, 0.00176453124732, -0.0096728829667, 0.0254676118493, -0.0145540116355], [0.000524272152688, -0.00490133091807, 0.00252334028482, -0.00231939950027, 0.00294018094428, -0.000763957446907, -0.00351489428431, 0.000536989246029, -0.00142855697777, 0.000876552774571, 0.00823336560279, -0.0145540116355, 0.0188294798136]]
    },
    "melbands": {
        "mean": [0.0021525202319, 0.00221652002074, 0.00133296207059, 0.000898989965208, 0.00037574180169, 0.000260203290964, 0.000223046823521, 8.81580053829e-005, 0.0001005689046, 6.69273649692e-005, 0.000175621098606, 0.000112637520942, 3.57578173862e-005, 2.48839060077e-005, 1.45539088408e-005, 1.17735635285e-005, 1.36506441777e-005, 6.61442254568e-006, 8.60796717461e-006, 7.36348829378e-006, 2.21105656237e-005, 3.46121560142e-005, 1.88342019101e-005, 9.17624402064e-006, 8.09539687907e-006, 6.69515839036e-006, 9.9743165265e-006, 1.06018424049e-005, 7.53700578571e-006, 6.88876525601e-006, 5.47219633518e-006, 3.77746550839e-006, 2.8982422009e-006, 2.41867223849e-006, 1.93845767171e-006, 1.46972092807e-006, 1.11379756618e-006, 7.32438991236e-007, 6.06149228588e-007, 5.50197398752e-007],
        "var": [5.0933044804e-006, 3.98563588533e-006, 8.37417883304e-006, 4.43888529844e-006, 4.06259289321e-007, 1.57039693249e-007, 1.5575864154e-007, 2.39471624752e-008, 4.18931662693e-008, 1.84957631433e-008, 8.62254267986e-008, 5.22770697842e-008, 7.78988962225e-009, 7.94593546516e-009, 1.00196462238e-009, 1.14517550998e-009, 5.24932763923e-009, 2.06590702878e-010, 1.96888935711e-010, 1.6703609329e-010, 1.63273816689e-009, 2.65265476251e-009, 1.11519138368e-009, 2.57376314705e-010, 1.72449304836e-010, 1.07314365727e-010, 2.15705411866e-010, 1.86725315765e-010, 1.16716539211e-010, 1.16232079517e-010, 7.2396123818e-011, 5.1095915693e-011, 3.62311500246e-011, 2.7137469355e-011, 1.63497080458e-011, 1.15510916804e-011, 7.33194494701e-012, 3.81025896598e-012, 1.97051272868e-012, 1.19725865506e-012]
    },
    "mfcc": {
        "mean": [-705.917297363, 131.080551147, 29.5688591003, 47.9937782288, 4.43992805481, 5.60682821274, 7.07909631729, 11.7207221985, 8.94414806366, -0.240689814091, -5.67313766479, 2.64710688591, 0.529098391533],
        "cov": [[17170.0996094, -3860.11572266, -3348.91479492, -493.387481689, -1179.07543945, -667.87097168, -622.747192383, -304.888946533, -19.839176178, -340.978851318, -281.680297852, 145.195404053, -115.884963989], [-3860.11572266, 1632.9720459, 430.023254395, 125.059181213, 251.713607788, 115.651367188, 188.726989746, 67.8214874268, 40.7806816101, 40.8413619995, -35.7340393066, -105.819641113, 21.3712749481], [-3348.91479492, 430.023254395, 1369.79736328, 107.061965942, 260.026397705, 226.754943848, 71.1432266235, 65.8815994263, -47.3423500061, 88.17993927, 118.714576721, -11.0903425217, 22.5176258087], [-493.387481689, 125.059181213, 107.061965942, 218.060256958, 58.8905639648, -14.7398910522, -3.7127289772, 19.3678569794, 65.4241714478, -0.275368928909, -3.67692875862, 39.0825653076, 25.6273231506], [-1179.07543945, 251.713607788, 260.026397705, 58.8905639648, 206.028060913, 55.6222038269, 47.855255127, 32.4031600952, 0.773841679096, 56.1652145386, 72.3328170776, 21.5527114868, 34.5873336792], [-667.87097168, 115.651367188, 226.754943848, -14.7398910522, 55.6222038269, 178.627838135, 76.1472244263, 4.23993873596, -30.6942424774, 24.4638729095, 44.1541633606, -12.3794651031, -2.37125372887], [-622.747192383, 188.726989746, 71.1432266235, -3.7127289772, 47.855255127, 76.1472244263, 146.845031738, 52.2316894531, -14.1305713654, 38.1100997925, 45.4736938477, -3.95858883858, 0.166286632419], [-304.888946533, 67.8214874268, 65.8815994263, 19.3678569794, 32.4031600952, 4.23993873596, 52.2316894531, 105.40813446, 37.339302063, 6.32449769974, -7.2051076889, -0.406442433596, 6.95566749573], [-19.839176178, 40.7806816101, -47.3423500061, 65.4241714478, 0.773841679096, -30.6942424774, -14.1305713654, 37.339302063, 122.421150208, 9.00867176056, -45.4487915039, 11.0074510574, 11.4943265915], [-340.978851318, 40.8413619995, 88.17993927, -0.275368928909, 56.1652145386, 24.4638729095, 38.1100997925, 6.32449769974, 9.00867176056, 105.683883667, 82.1859130859, 14.3596410751, 14.4630041122], [-281.680297852, -35.7340393066, 118.714576721, -3.67692875862, 72.3328170776, 44.1541633606, 45.4736938477, -7.2051076889, -45.4487915039, 82.1859130859, 177.17225647, 73.7628860474, 22.3245182037], [145.195404053, -105.819641113, -11.0903425217, 39.0825653076, 21.5527114868, -12.3794651031, -3.95858883858, -0.406442433596, 11.0074510574, 14.3596410751, 73.7628860474, 127.349136353, 42.0233383179], [-115.884963989, 21.3712749481, 22.5176258087, 25.6273231506, 34.5873336792, -2.37125372887, 0.166286632419, 6.95566749573, 11.4943265915, 14.4630041122, 22.3245182037, 42.0233383179, 68.0163040161]],
        "icov": [[0.000311666721245, 0.000488493475132, 0.000526071118657, 5.84214103583e-006, 0.000489974510856, -0.000111507419206, 0.000400474324124, -0.00013441273768, 0.000146139384015, 6.8875474426e-006, -6.91231571182e-006, 3.04380064335e-005, -8.18186454126e-005], [0.000488493475132, 0.00185130198952, 0.000630855793133, -0.000227094264119, -0.000417467934312, 0.0002239101741, -0.00113120907918, 0.000723419710994, -0.000356808566721, 0.000452696636785, 0.000490414968226, 0.00104903103784, -0.000568879011553], [0.000526071118657, 0.000630855793133, 0.00225104088895, -0.000715040136129, 7.56121662562e-005, -0.00190761091653, 0.00227294652723, -0.00169961515348, 0.00140375178307, -0.000798945024144, -0.000142855278682, 0.00021465899772, 0.000132494751597], [5.84214103583e-006, -0.000227094264119, -0.000715040136129, 0.00703713437542, -0.00147957610898, 0.00135970010888, -0.000887096510269, 0.00152546144091, -0.00425049383193, 0.00224620965309, -0.000241564484895, -0.00169837672729, -0.000318188511301], [0.000489974510856, -0.000417467934312, 7.56121662562e-005, -0.00147957610898, 0.0106333028525, -0.00114032742567, 0.00203931191936, -0.00259893178008, 0.00113586860243, -0.0020281272009, -0.00259392615408, 0.00023830938153, -0.00274427677505], [-0.000111507419206, 0.0002239101741, -0.00190761091653, 0.00135970010888, -0.00114032742567, 0.0104466592893, -0.00669922493398, 0.00411670468748, -0.0016596657224, 0.00239835679531, -0.00115319748875, 0.00138613709714, -0.000309072784148], [0.000400474324124, -0.00113120907918, 0.00227294652723, -0.000887096510269, 0.00203931191936, -0.00669922493398, 0.0173169337213, -0.0099578127265, 0.00482831103727, -0.00462843943387, -0.00157581316307, -0.000919892219827, 0.00157873600256], [-0.00013441273768, 0.000723419710994, -0.00169961515348, 0.00152546144091, -0.00259893178008, 0.00411670468748, -0.0099578127265, 0.0174347646534, -0.00731507269666, 0.00405810819939, 0.000337398028933, 0.00109077349771, -0.00117328495253], [0.000146139384015, -0.000356808566721, 0.00140375178307, -0.00425049383193, 0.00113586860243, -0.0016596657224, 0.00482831103727, -0.00731507269666, 0.017734060064, -0.00970222242177, 0.00854054279625, -0.00495312316343, 0.000921868311707], [6.8875474426e-006, 0.000452696636785, -0.000798945024144, 0.00224620965309, -0.0020281272009, 0.00239835679531, -0.00462843943387, 0.00405810819939, -0.00970222242177, 0.0224875621498, -0.0131845278665, 0.00703880377114, -0.00316462549381], [-6.91231571182e-006, 0.000490414968226, -0.000142855278682, -0.000241564484895, -0.00259392615408, -0.00115319748875, -0.00157581316307, 0.000337398028933, 0.00854054279625, -0.0131845278665, 0.0201620627195, -0.0111058801413, 0.00282492814586], [3.04380064335e-005, 0.00104903103784, 0.00021465899772, -0.00169837672729, 0.00023830938153, 0.00138613709714, -0.000919892219827, 0.00109077349771, -0.00495312316343, 0.00703880377114, -0.0111058801413, 0.018018187955, -0.00803793594241], [-8.18186454126e-005, -0.000568879011553, 0.000132494751597, -0.000318188511301, -0.00274427677505, -0.000309072784148, 0.00157873600256, -0.00117328495253, 0.000921868311707, -0.00316462549381, 0.00282492814586, -0.00803793594241, 0.0208746902645]]
    },
    "spectral_contrast_coeffs": {
        "mean": [-0.669621109962, -0.736273825169, -0.757598936558, -0.813370943069, -0.792864739895, -0.762593448162],
        "var": [0.00634388253093, 0.00627772929147, 0.00859133154154, 0.00344227463938, 0.00357254222035, 0.00329678272828]
    },
    "spectral_contrast_valleys": {
        "mean": [-6.93917512894, -7.23866796494, -8.05424404144, -8.82500839233, -8.20623207092, -10.7107048035],
        "var": [0.607088029385, 1.24315536022, 1.63201248646, 1.95444488525, 2.45298671722, 2.0112593174]
    }
},
"metadata": {
    "audio_properties": {
        "analysis_sample_rate": 44100,
        "bit_rate": 128074,
        "equal_loudness": 0,
        "length": 45.0612258911,
        "lossless": 0,
        "replay_gain": -4.81129264832,
        "sample_rate": 44100,
        "codec": "mp3",
        "downmix": "mix",
        "md5_encoded": "390dd072627e2a4e0167fa8bf0146501"
    },
    "tags": {
        "file_name": "1221.mp3"
    },
    "version": {
        "essentia": "2.1-beta2",
        "essentia_git_sha": "v2.1_beta2",
        "extractor": "music 1.0"
    }
},
"rhythm": {
    "beats_count": 109,
    "beats_loudness": {
        "mean": 0.0447098389268,
        "var": 0.000954744115006
    },
    "bpm": 145.138870239,
    "bpm_histogram_first_peak_bpm": {
        "mean": 144,
        "var": 0
    },
    "bpm_histogram_first_peak_spread": {
        "mean": 0.47674420476,
        "var": 0
    },
    "bpm_histogram_first_peak_weight": {
        "mean": 0.416666656733,
        "var": 0
    },
    "bpm_histogram_second_peak_bpm": {
        "mean": 152,
        "var": 0
    },
    "bpm_histogram_second_peak_spread": {
        "mean": 0,
        "var": 0
    },
    "bpm_histogram_second_peak_weight": {
        "mean": 0.12962962687,
        "var": 0
    },
    "danceability": 1.32514750957,
    "onset_rate": 3.37166810036,
    "beats_loudness_band_ratio": {
        "mean": [0.730653524399, 0.147362649441, 0.06911560148, 0.0595609843731, 0.0253397338092, 0.035611063242],
        "var": [0.0306551381946, 0.0132806822658, 0.00465511204675, 0.00985514000058, 0.00074312085053, 0.00151017832104]
    },
    "beats_position": [0.441179126501, 0.882358253002, 1.3235373497, 1.74149656296, 2.15945577621, 2.55419492722, 2.94893407822, 3.35528349876, 3.76163268089, 4.15637159348, 4.55111122131, 4.93424034119, 5.31736946106, 5.71210861206, 6.10684776306, 6.52480697632, 6.94276618958, 7.36072540283, 7.76707458496, 8.17342376709, 8.59138298035, 8.98612213135, 9.4040813446, 9.82204055786, 10.2399997711, 10.6579589844, 11.0759181976, 11.4706573486, 11.8653964996, 12.2833557129, 12.7013149261, 13.1192741394, 13.5256233215, 13.9319725037, 14.3499317169, 14.7678909302, 15.1742401123, 15.5805892944, 15.9985485077, 16.3932876587, 16.7880268097, 17.1827659607, 17.5658950806, 17.9490242004, 18.3321533203, 18.7152824402, 19.1100215912, 19.5395908356, 19.96916008, 20.3987293243, 20.8166885376, 21.2230377197, 21.640996933, 22.0589561462, 22.4769153595, 22.8948745728, 23.312833786, 23.7307929993, 24.1487522125, 24.5667114258, 24.984670639, 25.4026298523, 25.8205890656, 26.2269382477, 26.6448974609, 27.0512466431, 27.4575958252, 27.8639450073, 28.2702941895, 28.6766433716, 29.0946025848, 29.5125617981, 29.9305210114, 30.3484802246, 30.7548294067, 31.1611785889, 31.567527771, 31.9738769531, 32.3802261353, 32.7865753174, 33.204536438, 33.6108856201, 34.0172348022, 34.4351921082, 34.8415412903, 35.2478904724, 35.6426315308, 36.0489807129, 36.455329895, 36.8732872009, 37.2912483215, 37.6975975037, 38.1039466858, 38.5219039917, 38.9282531738, 39.334602356, 39.7525634766, 40.1589126587, 40.5652618408, 40.9716110229, 41.3779602051, 41.7843093872, 42.1906585693, 42.6086158752, 43.0265769958, 43.4445343018, 43.8624954224, 44.2804527283, 44.7100219727]
},
"tonal": {
    "chords_changes_rate": 0.0730452686548,
    "chords_number_rate": 0.0113168722019,
    "chords_strength": {
        "mean": 0.489322602749,
        "var": 0.00996176432818
    },
    "hpcp_entropy": {
        "mean": 1.94836115837,
        "var": 0.589069843292
    },
    "key_strength": 0.667157888412,
    "tuning_diatonic_strength": 0.510731160641,
    "tuning_equal_tempered_deviation": 0.085601426661,
    "tuning_frequency": 440.254241943,
    "tuning_nontempered_energy_ratio": 0.796038866043,
    "hpcp": {
        "mean": [0.144251927733, 0.0956052318215, 0.057445358485, 0.0532023496926, 0.0711543336511, 0.139846488833, 0.20157545805, 0.159780263901, 0.0889704525471, 0.0652705803514, 0.0514762289822, 0.0514110960066, 0.0671554580331, 0.0683565810323, 0.104467771947, 0.18477730453, 0.174088105559, 0.110324144363, 0.0930237770081, 0.109154619277, 0.221105262637, 0.346356749535, 0.258774250746, 0.113554783165, 0.065740890801, 0.0674583464861, 0.108132749796, 0.0965185537934, 0.0610846653581, 0.0654564127326, 0.0944922864437, 0.118097424507, 0.120592303574, 0.0887126475573, 0.0657143965364, 0.115362070501],
        "var": [0.0808517858386, 0.034197717905, 0.023337027058, 0.0198528282344, 0.0261970777065, 0.0500206649303, 0.0762682706118, 0.0638846084476, 0.0361953191459, 0.0247808005661, 0.0186690576375, 0.0144244302064, 0.0213170088828, 0.0238668676466, 0.0426066331565, 0.104219414294, 0.0842399671674, 0.0474286153913, 0.0400830022991, 0.0487083084881, 0.0806453675032, 0.155017986894, 0.10628747195, 0.0422311648726, 0.0251627769321, 0.0283832307905, 0.065630748868, 0.0460983328521, 0.0211284402758, 0.0274329483509, 0.0343484319746, 0.0415711700916, 0.048960249871, 0.0290525909513, 0.0232701785862, 0.0578006356955]
    },
    "chords_histogram": [5.65843629837, 0.308641970158, 12.0370368958, 10.0823049545, 3.60082316399, 4.42386817932, 5.04115247726, 15.843621254, 16.2551441193, 14.6090536118, 0, 0, 0, 0.411522626877, 0.823045253754, 0, 0, 0, 0, 8.95061683655, 0, 1.95473253727, 0, 0],
    "thpcp": [1, 0.747132122517, 0.327854961157, 0.189806863666, 0.194765508175, 0.31220048666, 0.278668045998, 0.176363438368, 0.188985526562, 0.272817790508, 0.340970486403, 0.348173677921, 0.256130844355, 0.189730376005, 0.333072960377, 0.416483670473, 0.27603110671, 0.165856033564, 0.153605639935, 0.20543654263, 0.403764307499, 0.581987977028, 0.461317032576, 0.256875187159, 0.188448995352, 0.148621991277, 0.148433938622, 0.193891003728, 0.197358876467, 0.301618993282, 0.53348839283, 0.502626597881, 0.318527489901, 0.268577933311, 0.315150827169, 0.638374328613],
    "chords_key": "C#",
    "chords_scale": "minor",
    "key_key": "A",
    "key_scale": "minor"
}
}