{
"lowlevel": {
    "average_loudness": 0.923693239689,
    "barkbands_crest": {
        "mean": 9.44548988342,
        "var": 9.43331432343
    },
    "barkbands_flatness_db": {
        "mean": 0.386794865131,
        "var": 0.00144807435572
    },
    "barkbands_kurtosis": {
        "mean": 1.84054803848,
        "var": 13.6259346008
    },
    "barkbands_skewness": {
        "mean": 1.18379342556,
        "var": 0.664695620537
    },
    "barkbands_spread": {
        "mean": 9.16202163696,
        "var": 15.9207267761
    },
    "dissonance": {
        "mean": 0.42466339469,
        "var": 0.00151009752881
    },
    "dynamic_complexity": 2.4906141758,
    "erbbands_crest": {
        "mean": 10.7281303406,
        "var": 13.5081691742
    },
    "erbbands_flatness_db": {
        "mean": 0.415951669216,
        "var": 0.000685720646288
    },
    "erbbands_kurtosis": {
        "mean": 0.0199008658528,
        "var": 1.97191917896
    },
    "erbbands_skewness": {
        "mean": 0.440552145243,
        "var": 0.424132555723
    },
    "erbbands_spread": {
        "mean": 17.1957035065,
        "var": 33.959236145
    },
    "hfc": {
        "mean": 14.3635311127,
        "var": 227.963363647
    },
    "melbands_crest": {
        "mean": 12.2343521118,
        "var": 12.9046554565
    },
    "melbands_flatness_db": {
        "mean": 0.45132035017,
        "var": 0.00221628020518
    },
    "melbands_kurtosis": {
        "mean": 4.50941371918,
        "var": 35.436050415
    },
    "melbands_skewness": {
        "mean": 1.67218542099,
        "var": 0.867493391037
    },
    "melbands_spread": {
        "mean": 13.5054149628,
        "var": 54.1495285034
    },
    "pitch_salience": {
        "mean": 0.541737556458,
        "var": 0.00799833331257
    },
    "silence_rate_20dB": {
        "mean": 1,
        "var": 0
    },
    "silence_rate_30dB": {
        "mean": 0.994335711002,
        "var": 0.00563242239878
    },
    "silence_rate_60dB": {
        "mean": 0.0257466528565,
        "var": 0.0250842999667
    },
    "spectral_centroid": {
        "mean": 886.326782227,
        "var": 130524.140625
    },
    "spectral_complexity": {
        "mean": 14.5077238083,
        "var": 16.8699207306
    },
    "spectral_decrease": {
        "mean": -4.7354933308e-009,
        "var": 1.78268555856e-017
    },
    "spectral_energy": {
        "mean": 0.0191756598651,
        "var": 0.000293931749184
    },
    "spectral_energyband_high": {
        "mean": 1.11085989829e-006,
        "var": 3.22563642463e-010
    },
    "spectral_energyband_low": {
        "mean": 1.73301077666e-006,
        "var": 5.39717645576e-011
    },
    "spectral_energyband_middle_high": {
        "mean": 0.00610020989552,
        "var": 6.42201557639e-005
    },
    "spectral_energyband_middle_low": {
        "mean": 0.0139092616737,
        "var": 0.000189974540262
    },
    "spectral_entropy": {
        "mean": 6.31932401657,
        "var": 0.0685481801629
    },
    "spectral_flux": {
        "mean": 0.0441855825484,
        "var": 0.000961810175795
    },
    "spectral_kurtosis": {
        "mean": 37.6815872192,
        "var": 450.421081543
    },
    "spectral_rms": {
        "mean": 0.00401869695634,
        "var": 2.55802433458e-006
    },
    "spectral_rolloff": {
        "mean": 1179.42224121,
        "var": 375364.9375
    },
    "spectral_skewness": {
        "mean": 3.20905017853,
        "var": 2.1028137207
    },
    "spectral_spread": {
        "mean": 1193590.5,
        "var": 975671001088
    },
    "spectral_strongpeak": {
        "mean": 1.65286147594,
        "var": 1.99960231781
    },
    "zerocrossingrate": {
        "mean": 0.0391464792192,
        "var": 0.000252401339822
    },
    "barkbands": {
        "mean": [5.0668353424e-007, 2.08079285358e-007, 1.88546323443e-007, 3.62853315892e-005, 0.0016752287047, 0.0042698844336, 0.00304623111151, 0.00219364487566, 0.000975222850684, 0.002722509671, 0.000808864599094, 0.000426993879955, 0.00103929510806, 0.000289462739602, 0.000465629040264, 0.000667465210427, 0.000306651258143, 0.000135559705086, 0.00011440529488, 5.7314730384e-007, 4.25183515063e-007, 2.58645542317e-007, 1.10967036449e-007, 4.25157651307e-008, 1.63481939097e-008, 1.44313627715e-009, 7.77018616116e-010],
        "var": [8.05518360347e-011, 6.54864140345e-012, 7.855464868e-013, 6.51655751582e-009, 1.05096178231e-005, 3.24365973938e-005, 1.8415536033e-005, 8.32937439554e-006, 2.38995016844e-005, 2.5689627364e-005, 1.91994877241e-006, 3.88710873267e-007, 1.87241812455e-006, 4.1057769522e-006, 2.6249158509e-006, 5.90595300309e-006, 5.87314048062e-007, 4.83196593848e-008, 7.84589246905e-008, 5.74583505775e-011, 5.32430072253e-011, 2.31082705054e-011, 3.23771847006e-012, 2.85853670378e-013, 2.00979424075e-013, 3.38561636586e-016, 2.68811344524e-018]
    },
    "erbbands": {
        "mean": [1.49989982674e-005, 8.68004208314e-005, 0.00120119738858, 0.0631247013807, 1.15590310097, 6.50143718719, 10.3715515137, 37.0342941284, 69.4626617432, 36.0711174011, 33.1340789795, 25.3534259796, 86.2209701538, 48.5139198303, 31.4114303589, 22.1195812225, 51.0667877197, 21.4438686371, 25.1303348541, 34.0929832458, 22.0986099243, 12.7215557098, 9.62321281433, 9.9149980545, 1.01759529114, 0.0603657737374, 0.0218781977892, 0.0142348166555, 0.010473869741, 0.00573815125972, 0.00264186621644, 0.00125587033108, 0.000569111958612, 0.000241046422161, 0.000111859626486, 2.5528963306e-005, 9.53776907409e-006, 2.67043401436e-006, 1.00038105302e-005, 2.23424558499e-005],
        "var": [1.28327632964e-008, 2.27403475606e-007, 3.8348457565e-006, 0.0129177151248, 2.38876032829, 210.900039673, 1034.3104248, 2147.50439453, 6865.18994141, 5357.32910156, 2620.40380859, 13708.9892578, 29184.1503906, 14854.4150391, 1146.21447754, 932.823913574, 3775.55151367, 12901.4648438, 7601.95117188, 13259.6083984, 2736.60668945, 928.042114258, 234.186737061, 504.170623779, 3.54705619812, 0.142250403762, 0.0946164503694, 0.0558254830539, 0.0377762205899, 0.00996864866465, 0.00144863955211, 0.000235351748415, 5.15856590937e-005, 2.58820837189e-005, 8.18640728539e-006, 8.1709664812e-008, 1.24279264657e-009, 1.87178206962e-011, 8.16556336436e-011, 4.03054395415e-010]
    },
    "gfcc": {
        "mean": [-186.972366333, 208.105529785, -218.650756836, -89.9964904785, -26.7132968903, -78.5409011841, -58.6762275696, -14.8347320557, -27.9621620178, -31.019317627, 6.08241319656, -6.45576858521, -8.23944473267],
        "cov": [[2362.9519043, -72.1010971069, -305.515350342, 75.133934021, -26.8565177917, 26.1270637512, 52.0847816467, 76.7723236084, 39.6790809631, -99.2147445679, -79.0271377563, -79.1280136108, 12.2491598129], [-72.1010971069, 330.467437744, 83.7266921997, -119.657691956, 109.946525574, -63.1145706177, 9.54483795166, -21.0995788574, -103.266288757, -32.5980033875, 3.85736250877, -31.9952907562, -38.8540840149], [-305.515350342, 83.7266921997, 305.108734131, 6.5855383873, -94.2729873657, 49.2277946472, 3.05036902428, -48.0059967041, -4.53694868088, 16.2550773621, 35.2277107239, 23.0215682983, -5.13924598694], [75.133934021, -119.657691956, 6.5855383873, 258.750396729, -35.874332428, 4.37390708923, 10.4268903732, -22.1134929657, 2.45752477646, -16.3378639221, 4.54406642914, 8.40169143677, -6.50926494598], [-26.8565177917, 109.946525574, -94.2729873657, -35.874332428, 210.820983887, -48.9741744995, -24.4541759491, 21.2287654877, -75.2192077637, -29.0160617828, -40.7345046997, -37.9311599731, -18.3486766815], [26.1270637512, -63.1145706177, 49.2277946472, 4.37390708923, -48.9741744995, 176.524810791, 32.9931945801, -42.9636001587, 24.7101802826, -25.1435165405, -41.3643951416, -11.3603610992, 4.24018335342], [52.0847816467, 9.54483795166, 3.05036902428, 10.4268903732, -24.4541759491, 32.9931945801, 86.7601547241, 11.0722007751, -38.4998474121, -27.4391689301, -6.96079397202, -12.3727359772, -13.6548862457], [76.7723236084, -21.0995788574, -48.0059967041, -22.1134929657, 21.2287654877, -42.9636001587, 11.0722007751, 73.2661972046, 0.172469228506, -12.6591415405, -17.7649269104, -12.4410972595, 4.01622104645], [39.6790809631, -103.266288757, -4.53694868088, 2.45752477646, -75.2192077637, 24.7101802826, -38.4998474121, 0.172469228506, 116.142433167, 34.1469993591, -12.4971094131, 10.0879049301, 22.373298645], [-99.2147445679, -32.5980033875, 16.2550773621, -16.3378639221, -29.0160617828, -25.1435165405, -27.4391689301, -12.6591415405, 34.1469993591, 76.0477981567, 38.2299804688, 4.00801420212, -4.27313613892], [-79.0271377563, 3.85736250877, 35.2277107239, 4.54406642914, -40.7345046997, -41.3643951416, -6.96079397202, -17.7649269104, -12.4971094131, 38.2299804688, 78.3684539795, 31.6036319733, -11.6483879089], [-79.1280136108, -31.9952907562, 23.0215682983, 8.40169143677, -37.9311599731, -11.3603610992, -12.3727359772, -12.4410972595, 10.0879049301, 4.00801420212, 31.6036319733, 54.5174713135, 21.8781757355], [12.2491598129, -38.8540840149, -5.13924598694, -6.50926494598, -18.3486766815, 4.24018335342, -13.6548862457, 4.01622104645, 22.373298645, -4.27313613892, -11.6483879089, 21.8781757355, 58.3301467896]],
        "icov": [[0.000633249175735, -0.000717748887837, 0.00100504758302, -0.000495665182825, 0.000821713998448, -0.000624097592663, 0.000423238612711, -0.000862119894009, -0.000291166303214, 0.000731285661459, -0.000748764374293, 0.00113607174717, -0.000525936018676], [-0.000717748887837, 0.01869498007, -0.00899576768279, 0.0104253496975, -0.00655019283295, 0.0154250999913, -0.00559584796429, 0.0193355306983, 0.000785210402682, 0.0147351594642, -0.000985897378996, 0.0119616156444, 0.00324624800123], [0.00100504758302, -0.00899576768279, 0.00977191329002, -0.00481693306938, 0.00731235044077, -0.00850366521627, 0.00551474560052, -0.00836826581508, 0.00318237114698, -0.00674863206223, 0.000860877975356, -0.00480371387675, -0.000835593382362], [-0.000495665182825, 0.0104253496975, -0.00481693306938, 0.0101850600913, -0.00254022143781, 0.00978140253574, -0.00343494466506, 0.0131040997803, 0.000111375273264, 0.00999868381768, 3.5300552554e-005, 0.00643428601325, 0.00282766344026], [0.000821713998448, -0.00655019283295, 0.00731235044077, -0.00254022143781, 0.019396757707, -0.00373831181787, 0.0138669330627, -0.00725988810882, 0.0151702370495, -0.00679004797712, 0.012646314688, -0.00193561927881, 0.00287975533865], [-0.000624097592663, 0.0154250999913, -0.00850366521627, 0.00978140253574, -0.00373831181787, 0.0252379942685, -0.0102029601112, 0.0257540177554, -0.00309051643126, 0.0150231774896, 0.00634827883914, 0.0110376821831, 0.00298958970234], [0.000423238612711, -0.00559584796429, 0.00551474560052, -0.00343494466506, 0.0138669330627, -0.0102029601112, 0.0288632847369, -0.0135990371928, 0.0168162062764, -0.00346803013235, 0.00488801859319, -0.000631865113974, 0.00359212071635], [-0.000862119894009, 0.0193355306983, -0.00836826581508, 0.0131040997803, -0.00725988810882, 0.0257540177554, -0.0135990371928, 0.0447489917278, -0.00513216527179, 0.0201041419059, 0.00291558518074, 0.0163253452629, 0.00126545468811], [-0.000291166303214, 0.000785210402682, 0.00318237114698, 0.000111375273264, 0.0151702370495, -0.00309051643126, 0.0168162062764, -0.00513216527179, 0.0321001335979, -0.014860143885, 0.0204458404332, -0.00683445250615, 0.00340903829783], [0.000731285661459, 0.0147351594642, -0.00674863206223, 0.00999868381768, -0.00679004797712, 0.0150231774896, -0.00346803013235, 0.0201041419059, -0.014860143885, 0.0463563501835, -0.0254083015025, 0.0279845260084, -0.00171577965375], [-0.000748764374293, -0.000985897378996, 0.000860877975356, 3.5300552554e-005, 0.012646314688, 0.00634827883914, 0.00488801859319, 0.00291558518074, 0.0204458404332, -0.0254083015025, 0.0520961917937, -0.0284358114004, 0.015405873768], [0.00113607174717, 0.0119616156444, -0.00480371387675, 0.00643428601325, -0.00193561927881, 0.0110376821831, -0.000631865113974, 0.0163253452629, -0.00683445250615, 0.0279845260084, -0.0284358114004, 0.0547821521759, -0.0162137318403], [-0.000525936018676, 0.00324624800123, -0.000835593382362, 0.00282766344026, 0.00287975533865, 0.00298958970234, 0.00359212071635, 0.00126545468811, 0.00340903829783, -0.00171577965375, 0.015405873768, -0.0162137318403, 0.0288254395127]]
    },
    "melbands": {
        "mean": [9.36242159355e-008, 7.34194998131e-008, 3.60602207365e-005, 0.000233272701735, 0.000386777886888, 0.000979207572527, 0.000940638361499, 0.000421404605731, 0.000233405939071, 0.000168910788489, 0.000429681007518, 0.000192314822925, 0.00011391856242, 5.49783144379e-005, 7.0688634878e-005, 0.00010826541984, 2.99382518278e-005, 3.61534039257e-005, 3.25650435116e-005, 6.33633608231e-005, 1.86174584087e-005, 1.37567340062e-005, 1.13745945782e-005, 8.14538907434e-006, 8.82775384525e-006, 8.56728775034e-007, 4.40401528579e-008, 1.60901816315e-008, 1.09394218129e-008, 1.19380789698e-008, 6.66896937673e-009, 6.37880459564e-009, 4.07344780129e-009, 2.83742540574e-009, 1.61699009738e-009, 9.68982782901e-010, 6.57510379476e-010, 4.1530803796e-010, 2.42638603654e-010, 1.70613967398e-010],
        "var": [1.17271990729e-012, 2.31472393336e-013, 3.94617849508e-009, 1.92368418084e-007, 9.86057102637e-007, 1.51299059326e-006, 1.31423689709e-006, 5.72162832668e-007, 1.38842167985e-007, 7.08020252205e-007, 7.21363505818e-007, 2.8123574225e-007, 1.97197316254e-008, 4.79915618357e-009, 9.90225235142e-009, 2.28301679783e-008, 4.90581726353e-008, 1.59925690468e-008, 1.25085053426e-008, 5.74294389821e-008, 2.34223307416e-009, 1.31185762253e-009, 8.76706929276e-010, 1.84019924299e-010, 4.66200578142e-010, 3.31207197085e-012, 9.40527427533e-014, 5.17462693517e-014, 2.62422021776e-014, 4.94776101871e-014, 1.20353285172e-014, 1.48664649926e-014, 5.78214505356e-015, 2.53811643876e-015, 6.16612562909e-016, 1.42268196451e-016, 6.81513908159e-017, 2.67583779543e-017, 1.65999300159e-017, 1.95428632731e-017]
    },
    "mfcc": {
        "mean": [-790.148498535, 222.083724976, -96.2862014771, -56.5056838989, -0.919556081295, -65.7788925171, -48.1202735901, -11.2011594772, -44.9593772888, -37.4719390869, -9.31781101227, -22.2040328979, -14.387799263],
        "cov": [[1194.19494629, 235.517242432, -376.551452637, 34.0731620789, 4.8291258812, -30.7594928741, -31.4761657715, 119.463241577, 59.5421600342, 43.1559371948, 17.8178024292, -49.5712814331, -96.6392288208], [235.517242432, 261.143188477, -72.1036834717, -80.8031311035, -3.92572236061, -73.263343811, -16.7858905792, 13.0042572021, -39.5105895996, -33.6141700745, 0.689303278923, -43.5442657471, -45.2786254883], [-376.551452637, -72.1036834717, 367.843933105, 52.0822563171, -132.792419434, 72.4038085938, 48.2830162048, -76.1837997437, -13.8535909653, -4.64524507523, -23.2638778687, 60.9549369812, 59.2336616516], [34.0731620789, -80.8031311035, 52.0822563171, 152.74180603, 28.171957016, -7.75776958466, -1.31446290016, 10.2752313614, -13.9426088333, -6.13162946701, 8.61448669434, 21.4210987091, 17.738275528], [4.8291258812, -3.92572236061, -132.792419434, 28.171957016, 152.477005005, -31.1992301941, -44.8650512695, 11.3828716278, -17.6202735901, -20.2079315186, 7.39996910095, -29.0547828674, -20.5958003998], [-30.7594928741, -73.263343811, 72.4038085938, -7.75776958466, -31.1992301941, 138.215286255, 45.7622795105, -31.2668972015, 36.1255912781, 30.7024383545, -19.2075881958, 14.2727479935, -1.48642408848], [-31.4761657715, -16.7858905792, 48.2830162048, -1.31446290016, -44.8650512695, 45.7622795105, 97.0130996704, 38.5041046143, -14.570555687, -15.184094429, -4.01314496994, -8.02120685577, -21.8805599213], [119.463241577, 13.0042572021, -76.1837997437, 10.2752313614, 11.3828716278, -31.2668972015, 38.5041046143, 98.6625442505, 23.2801799774, -21.0850315094, -6.94373703003, -21.8688774109, -36.4115257263], [59.5421600342, -39.5105895996, -13.8535909653, -13.9426088333, -17.6202735901, 36.1255912781, -14.570555687, 23.2801799774, 101.758789063, 54.589641571, -22.8511886597, -2.17286252975, 4.3150639534], [43.1559371948, -33.6141700745, -4.64524507523, -6.13162946701, -20.2079315186, 30.7024383545, -15.184094429, -21.0850315094, 54.589641571, 77.4964599609, 15.431933403, 0.211957126856, 12.7682533264], [17.8178024292, 0.689303278923, -23.2638778687, 8.61448669434, 7.39996910095, -19.2075881958, -4.01314496994, -6.94373703003, -22.8511886597, 15.431933403, 57.1871948242, 30.7481384277, 2.96719956398], [-49.5712814331, -43.5442657471, 60.9549369812, 21.4210987091, -29.0547828674, 14.2727479935, -8.02120685577, -21.8688774109, -2.17286252975, 0.211957126856, 30.7481384277, 86.4875946045, 54.7770462036], [-96.6392288208, -45.2786254883, 59.2336616516, 17.738275528, -20.5958003998, -1.48642408848, -21.8805599213, -36.4115257263, 4.3150639534, 12.7682533264, 2.96719956398, 54.7770462036, 90.5718383789]],
        "icov": [[0.00882018171251, -0.0115094212815, 0.0146636627614, -0.0154383024201, 0.0147746363655, -0.0132079701871, 0.0102005898952, -0.00896102190018, 0.00643493235111, -0.00788053125143, 0.00640535028651, -0.00539257470518, 0.00295148021542], [-0.0115094212815, 0.0219417903572, -0.019225012511, 0.023563073948, -0.0170310847461, 0.0184066444635, -0.00934571027756, 0.00929209589958, -0.00465372903273, 0.0109443264082, -0.00882210303098, 0.00915721710771, -0.00201623095199], [0.0146636627614, -0.019225012511, 0.0353253670037, -0.0323479026556, 0.0293606165797, -0.0138135254383, 0.000337016012054, 0.00842119939625, -0.00337808229961, -0.00308650871739, 0.0139882247895, -0.0137399220839, 0.00763191003352], [-0.0154383024201, 0.023563073948, -0.0323479026556, 0.0413809008896, -0.0311208274215, 0.0195081979036, -0.00541266519576, -0.00585117936134, 0.00977292377502, -0.00422636326402, -0.00189168436918, 0.00327180908062, -0.00384491705336], [0.0147746363655, -0.0170310847461, 0.0293606165797, -0.0311208274215, 0.0465337783098, -0.0359597094357, 0.0340449698269, -0.0172855071723, 0.00310025108047, 0.0144764427096, -0.0175929889083, 0.0180786307901, -0.00713544152677], [-0.0132079701871, 0.0184066444635, -0.0138135254383, 0.0195081979036, -0.0359597094357, 0.0719446763396, -0.0726843997836, 0.0668160989881, -0.033477537334, -0.00505721056834, 0.0332367531955, -0.0361131504178, 0.0256879683584], [0.0102005898952, -0.00934571027756, 0.000337016012054, -0.00541266519576, 0.0340449698269, -0.0726843997836, 0.10556216538, -0.0994928181171, 0.0654739812016, -0.0174743477255, -0.0211408417672, 0.032509714365, -0.0205205287784], [-0.00896102190018, 0.00929209589958, 0.00842119939625, -0.00585117936134, -0.0172855071723, 0.0668160989881, -0.0994928181171, 0.130676850677, -0.102154500782, 0.0670544281602, -0.0169625915587, -0.00403345236555, 0.0147962011397], [0.00643493235111, -0.00465372903273, -0.00337808229961, 0.00977292377502, 0.00310025108047, -0.033477537334, 0.0654739812016, -0.102154500782, 0.13138628006, -0.118431672454, 0.0862665101886, -0.0501701906323, 0.0176922623068], [-0.00788053125143, 0.0109443264082, -0.00308650871739, -0.00422636326402, 0.0144764427096, -0.00505721056834, -0.0174743477255, 0.0670544281602, -0.118431672454, 0.160466045141, -0.137345597148, 0.100879073143, -0.0476367175579], [0.00640535028651, -0.00882210303098, 0.0139882247895, -0.00189168436918, -0.0175929889083, 0.0332367531955, -0.0211408417672, -0.0169625915587, 0.0862665101886, -0.137345597148, 0.166855975986, -0.124894306064, 0.0635855048895], [-0.00539257470518, 0.00915721710771, -0.0137399220839, 0.00327180908062, 0.0180786307901, -0.0361131504178, 0.032509714365, -0.00403345236555, -0.0501701906323, 0.100879073143, -0.124894306064, 0.118426769972, -0.0624431595206], [0.00295148021542, -0.00201623095199, 0.00763191003352, -0.00384491705336, -0.00713544152677, 0.0256879683584, -0.0205205287784, 0.0147962011397, 0.0176922623068, -0.0476367175579, 0.0635855048895, -0.0624431595206, 0.0502885133028]]
    },
    "spectral_contrast_coeffs": {
        "mean": [-0.401602625847, -0.626106381416, -0.68789601326, -0.720923185349, -0.559841990471, -0.892410695553],
        "var": [0.00504271592945, 0.00556407123804, 0.00417289463803, 0.00298899156041, 0.00446127168834, 0.00383363873698]
    },
    "spectral_contrast_valleys": {
        "mean": [-11.256149292, -6.88357877731, -7.49351787567, -7.98148965836, -10.890871048, -14.3077964783],
        "var": [0.626794219017, 0.47375318408, 0.474500864744, 0.410638302565, 0.433107674122, 1.04260337353]
    }
},
"metadata": {
    "audio_properties": {
        "analysis_sample_rate": 44100,
        "bit_rate": 128074,
        "equal_loudness": 0,
        "length": 45.0612258911,
        "lossless": 0,
        "replay_gain": -6.26923942566,
        "sample_rate": 44100,
        "codec": "mp3",
        "downmix": "mix",
        "md5_encoded": "02901956b30c80b5ac6a9d13bc89ea5c"
    },
    "tags": {
        "file_name": "1222.mp3"
    },
    "version": {
        "essentia": "2.1-beta2",
        "essentia_git_sha": "v2.1_beta2",
        "extractor": "music 1.0"
    }
},
"rhythm": {
    "beats_count": 91,
    "beats_loudness": {
        "mean": 0.0272455457598,
        "var": 0.000478908943478
    },
    "bpm": 122.846664429,
    "bpm_histogram_first_peak_bpm": {
        "mean": 123,
        "var": 0
    },
    "bpm_histogram_first_peak_spread": {
        "mean": 0.44736841321,
        "var": 0
    },
    "bpm_histogram_first_peak_weight": {
        "mean": 0.466666668653,
        "var": 0
    },
    "bpm_histogram_second_peak_bpm": {
        "mean": 129,
        "var": 0
    },
    "bpm_histogram_second_peak_spread": {
        "mean": 0.142857134342,
        "var": 0
    },
    "bpm_histogram_second_peak_weight": {
        "mean": 0.0666666701436,
        "var": 0
    },
    "danceability": 1.20927333832,
    "onset_rate": 3.06111979485,
    "beats_loudness_band_ratio": {
        "mean": [0.0124762663618, 0.394623726606, 0.511218965054, 0.237488210201, 0.0852869451046, 0.00417984742671],
        "var": [0.000123046251247, 0.0342672280967, 0.0160623639822, 0.0148271936923, 0.00973383989185, 1.53961100295e-005]
    },
    "beats_position": [0.49922901392, 1.02167797089, 1.53251695633, 2.03174591064, 2.53097510338, 3.03020405769, 3.52943301201, 4.04027223587, 4.52789115906, 5.02712011337, 5.51473903656, 5.99074840546, 6.48997735977, 6.97759628296, 7.45360517502, 7.94122457504, 8.42884349823, 8.91646194458, 9.4040813446, 9.89170074463, 10.379319191, 10.866938591, 11.3661680222, 11.8886165619, 12.387845993, 12.8638544083, 13.3514738083, 13.8158731461, 14.3034915924, 14.7911109924, 15.2787294388, 15.7779588699, 16.2771873474, 16.7648067474, 17.2524261475, 17.7400455475, 18.2044448853, 18.6688423157, 19.1332416534, 19.5860309601, 20.0504302979, 20.5264396667, 21.0140590668, 21.5016784668, 21.9892959595, 22.4769153595, 22.9645347595, 23.4521541595, 23.9397735596, 24.4273910522, 24.9034004211, 25.37940979, 25.8670291901, 26.3546485901, 26.8538761139, 27.353105545, 27.8407249451, 28.316734314, 28.7927436829, 29.2803630829, 29.7679805756, 30.2672100067, 30.7664394379, 31.2772789001, 31.776506424, 32.2757377625, 32.7633552551, 33.239364624, 33.7153739929, 34.2146034241, 34.7138328552, 35.2014503479, 35.6890678406, 36.1766891479, 36.6643066406, 37.1403160095, 37.6047172546, 38.0807266235, 38.5683441162, 39.0559616089, 39.5435829163, 40.0195922852, 40.4956016541, 40.9832191467, 41.4708366394, 41.9584579468, 42.4460754395, 42.9453048706, 43.4445343018, 43.9553718567, 44.4662132263]
},
"tonal": {
    "chords_changes_rate": 0.0102880662307,
    "chords_number_rate": 0.00514403311536,
    "chords_strength": {
        "mean": 0.601507544518,
        "var": 0.00669725146145
    },
    "hpcp_entropy": {
        "mean": 1.37647902966,
        "var": 0.434286385775
    },
    "key_strength": 0.839838504791,
    "tuning_diatonic_strength": 0.671585023403,
    "tuning_equal_tempered_deviation": 0.0696133971214,
    "tuning_frequency": 442.804626465,
    "tuning_nontempered_energy_ratio": 0.681170582771,
    "hpcp": {
        "mean": [0.152209863067, 0.0809892714024, 0.0247573051602, 0.0184584725648, 0.0264272559434, 0.0852367803454, 0.10744458437, 0.0792626515031, 0.194297015667, 0.395360589027, 0.278861612082, 0.0466422624886, 0.0186645966023, 0.0270558204502, 0.0994203910232, 0.142444953322, 0.0677547082305, 0.0119424881414, 0.0098301563412, 0.0153291141614, 0.110824994743, 0.170351013541, 0.108371056616, 0.0819004103541, 0.0516838096082, 0.0224914513528, 0.0365637727082, 0.0447855331004, 0.0583006665111, 0.359225332737, 0.725730717182, 0.459065914154, 0.0681517869234, 0.022870823741, 0.0217978786677, 0.0976799577475],
        "var": [0.078926473856, 0.0239969082177, 0.00473783910275, 0.0056206616573, 0.0074266102165, 0.0152804823592, 0.0245370659977, 0.0249564256519, 0.0483196415007, 0.135398551822, 0.0723431110382, 0.00575228128582, 0.00632879603654, 0.00547304656357, 0.0294078607112, 0.0496854931116, 0.0155456131324, 0.00240838527679, 0.0022126683034, 0.00316612469032, 0.0200311839581, 0.0505936816335, 0.0148809356615, 0.0109828477725, 0.00898107048124, 0.0082786269486, 0.0142110008746, 0.0173562075943, 0.0199418477714, 0.0621681399643, 0.11977956444, 0.0899445042014, 0.0113691259176, 0.010728219524, 0.00743787316605, 0.0400322452188]
    },
    "chords_histogram": [87.7572021484, 0, 6.17283964157, 1.85185182095, 1.33744859695, 0, 0, 0, 0.617283940315, 0, 0, 0, 0, 0, 0, 0, 0, 0, 0, 1.85185182095, 0, 0, 0, 0.411522626877],
    "thpcp": [1, 0.632556796074, 0.0939078181982, 0.0315142013133, 0.0300357677042, 0.134595319629, 0.209733247757, 0.111596859992, 0.0341136232018, 0.0254343263805, 0.0364146865904, 0.117449596524, 0.148050203919, 0.109217718244, 0.267726033926, 0.544775903225, 0.384249418974, 0.0642693787813, 0.0257183499634, 0.0372807979584, 0.13699349761, 0.196277976036, 0.0933606699109, 0.0164558123797, 0.0135451843962, 0.0211223177612, 0.152708142996, 0.23473033309, 0.149326816201, 0.112852342427, 0.0712162330747, 0.0309914555401, 0.0503820106387, 0.0617109499872, 0.0803337469697, 0.494984328747],
    "chords_key": "C",
    "chords_scale": "major",
    "key_key": "C",
    "key_scale": "major"
}
}