{
"lowlevel": {
    "average_loudness": 0.869844079018,
    "barkbands_crest": {
        "mean": 8.95811462402,
        "var": 13.9770154953
    },
    "barkbands_flatness_db": {
        "mean": 0.169314742088,
        "var": 0.00994061585516
    },
    "barkbands_kurtosis": {
        "mean": 3.75376534462,
        "var": 69.1541290283
    },
    "barkbands_skewness": {
        "mean": 1.28771555424,
        "var": 1.48159980774
    },
    "barkbands_spread": {
        "mean": 20.9253253937,
        "var": 145.527709961
    },
    "dissonance": {
        "mean": 0.46101641655,
        "var": 0.000948436849285
    },
    "dynamic_complexity": 4.46219158173,
    "erbbands_crest": {
        "mean": 9.81040477753,
        "var": 26.8159599304
    },
    "erbbands_flatness_db": {
        "mean": 0.197865188122,
        "var": 0.00358192669228
    },
    "erbbands_kurtosis": {
        "mean": 0.47573980689,
        "var": 3.56780266762
    },
    "erbbands_skewness": {
        "mean": 0.203722402453,
        "var": 0.665153086185
    },
    "erbbands_spread": {
        "mean": 29.8576507568,
        "var": 166.780395508
    },
    "hfc": {
        "mean": 16.7788600922,
        "var": 212.864715576
    },
    "melbands_crest": {
        "mean": 13.5647354126,
        "var": 25.0878009796
    },
    "melbands_flatness_db": {
        "mean": 0.238180965185,
        "var": 0.0164227560163
    },
    "melbands_kurtosis": {
        "mean": 10.5706291199,
        "var": 344.474060059
    },
    "melbands_skewness": {
        "mean": 2.20332622528,
        "var": 2.62773323059
    },
    "melbands_spread": {
        "mean": 25.2394657135,
        "var": 274.957641602
    },
    "pitch_salience": {
        "mean": 0.554632544518,
        "var": 0.00786642730236
    },
    "silence_rate_20dB": {
        "mean": 1,
        "var": 0
    },
    "silence_rate_30dB": {
        "mean": 0.998970150948,
        "var": 0.00102881749626
    },
    "silence_rate_60dB": {
        "mean": 0.141091659665,
        "var": 0.121185563505
    },
    "spectral_centroid": {
        "mean": 1311.27844238,
        "var": 371070.09375
    },
    "spectral_complexity": {
        "mean": 19.2682800293,
        "var": 102.482406616
    },
    "spectral_decrease": {
        "mean": -5.20086551603e-009,
        "var": 2.06295304438e-017
    },
    "spectral_energy": {
        "mean": 0.0211511719972,
        "var": 0.000332840078045
    },
    "spectral_energyband_high": {
        "mean": 0.000352349394234,
        "var": 4.10113273119e-007
    },
    "spectral_energyband_low": {
        "mean": 0.00561369489878,
        "var": 4.34738831245e-005
    },
    "spectral_energyband_middle_high": {
        "mean": 0.00580979278311,
        "var": 3.41849445249e-005
    },
    "spectral_energyband_middle_low": {
        "mean": 0.0101479887962,
        "var": 0.000175304376171
    },
    "spectral_entropy": {
        "mean": 7.22534227371,
        "var": 0.570731580257
    },
    "spectral_flux": {
        "mean": 0.0757494270802,
        "var": 0.00200807652436
    },
    "spectral_kurtosis": {
        "mean": 11.0117940903,
        "var": 324.825073242
    },
    "spectral_rms": {
        "mean": 0.00412320578471,
        "var": 3.6344408727e-006
    },
    "spectral_rolloff": {
        "mean": 1386.55944824,
        "var": 1250526.875
    },
    "spectral_skewness": {
        "mean": 1.94841206074,
        "var": 1.92045521736
    },
    "spectral_spread": {
        "mean": 3271207.5,
        "var": 2.79672468275e+012
    },
    "spectral_strongpeak": {
        "mean": 1.01243281364,
        "var": 2.09517550468
    },
    "zerocrossingrate": {
        "mean": 0.051146581769,
        "var": 0.000847943185363
    },
    "barkbands": {
        "mean": [0.000449076120276, 0.00285943807103, 0.00163553608581, 0.00151412759442, 0.0016360724112, 0.0010680668056, 0.000469192920718, 0.00260354951024, 0.00255780760199, 0.0011955355294, 0.000741486728657, 0.000774689833634, 0.000731143518351, 0.000443140655989, 0.000411830900703, 0.000356379285222, 0.000580683874432, 0.000396759423893, 0.000322049105307, 0.000110521148599, 9.76233859546e-005, 7.05470447429e-005, 3.78267322958e-005, 4.65700868517e-005, 3.63949729945e-005, 4.96234315506e-006, 1.75918813738e-007],
        "var": [1.48074570916e-006, 1.80139486474e-005, 2.98133204524e-006, 3.91563708035e-006, 5.19607056049e-006, 2.08451820072e-005, 1.16999081001e-006, 5.65075279155e-005, 5.20342618984e-005, 5.1107708714e-006, 4.25002190241e-006, 2.28309590966e-006, 2.01788520826e-006, 9.67089704318e-007, 3.51935568688e-007, 2.72418844816e-007, 5.20826574757e-007, 8.75224486663e-007, 2.884936805e-007, 1.72791985165e-008, 1.22421068838e-008, 1.75862986396e-008, 8.35124946974e-009, 4.07373370592e-008, 3.25900906262e-008, 4.94374152726e-010, 3.73093835557e-013]
    },
    "erbbands": {
        "mean": [0.0933137312531, 0.60522711277, 1.82704102993, 3.63993906975, 4.98566293716, 5.68471002579, 7.93173313141, 8.42725658417, 6.92301225662, 12.1003694534, 78.4394607544, 66.1619491577, 28.4024524689, 42.832157135, 30.6127414703, 33.1166992188, 34.8686943054, 25.4243392944, 19.1395053864, 23.4857749939, 23.7474346161, 28.3576087952, 22.9257164001, 19.5686321259, 12.8411035538, 5.70519399643, 4.2442073822, 3.4667224884, 2.45811724663, 1.93516349792, 1.07374823093, 0.853201746941, 0.841129362583, 0.631982386112, 0.138519093394, 0.0308717936277, 0.00778921507299, 0.00100534001831, 3.69129957107e-005, 2.65090966423e-005],
        "var": [0.0273933820426, 0.730622589588, 3.56106877327, 18.4925079346, 31.9283351898, 82.9386672974, 410.723236084, 2640.39526367, 255.316162109, 720.130737305, 43887.015625, 38845.25, 1775.43469238, 9326.73535156, 4085.53857422, 3276.65820313, 4529.1171875, 3207.89550781, 853.577453613, 1282.9095459, 1257.90722656, 988.26171875, 2765.10742188, 2429.88476563, 470.904327393, 42.811580658, 25.0444965363, 18.5701808929, 18.8242473602, 15.263835907, 6.71893167496, 8.7750120163, 18.8301811218, 11.8015403748, 0.248179227114, 0.012691475451, 0.00190403417218, 1.88226422324e-005, 1.04893445041e-008, 5.09726594267e-010]
    },
    "gfcc": {
        "mean": [-52.324382782, 134.593597412, -134.866455078, 35.3067703247, -42.2892951965, 13.5726537704, -22.8063678741, 10.10201931, -17.6543922424, -8.62875461578, -15.1181211472, -10.6013355255, -9.48887252808],
        "cov": [[16235.4921875, -5501.42919922, -2274.0324707, 401.790374756, -2404.3737793, 988.62713623, -1452.83959961, 975.039428711, -827.67401123, 498.743713379, -419.773284912, 1054.57897949, 131.268753052], [-5501.42919922, 2463.31591797, 517.841552734, -108.579444885, 972.697570801, -461.496673584, 683.574707031, -421.144836426, 361.123077393, -241.215820313, 207.206726074, -461.453186035, -15.603843689], [-2274.0324707, 517.841552734, 1104.68896484, -218.806610107, 83.270614624, 64.153465271, -43.9390869141, -69.1155014038, 133.214996338, 16.3171977997, -40.4956436157, -87.6583786011, -60.2249336243], [401.790374756, -108.579444885, -218.806610107, 268.226104736, 97.4155883789, -57.5794258118, 53.3912696838, 30.9293479919, -49.0883026123, -22.1883716583, 38.2720298767, 23.1297245026, 27.9103298187], [-2404.3737793, 972.697570801, 83.270614624, 97.4155883789, 643.480957031, -223.770736694, 342.782287598, -156.044403076, 81.2750854492, -113.87310791, 121.078590393, -167.394195557, -0.0633386746049], [988.62713623, -461.496673584, 64.153465271, -57.5794258118, -223.770736694, 227.630599976, -144.525405884, 62.6882705688, -46.4056053162, 68.7128829956, -63.881401062, 77.8090515137, -6.86106443405], [-1452.83959961, 683.574707031, -43.9390869141, 53.3912696838, 342.782287598, -144.525405884, 344.475006104, -84.7532501221, 78.5265197754, -89.4107666016, 89.0838394165, -139.741333008, -1.35689210892], [975.039428711, -421.144836426, -69.1155014038, 30.9293479919, -156.044403076, 62.6882705688, -84.7532501221, 161.750518799, -38.6612091064, 33.5770797729, -32.6054344177, 81.2723770142, -0.392552852631], [-827.67401123, 361.123077393, 133.214996338, -49.0883026123, 81.2750854492, -46.4056053162, 78.5265197754, -38.6612091064, 150.872756958, 1.16627252102, 9.9906873703, -89.2181625366, -12.6285238266], [498.743713379, -241.215820313, 16.3171977997, -22.1883716583, -113.87310791, 68.7128829956, -89.4107666016, 33.5770797729, 1.16627252102, 93.5671920776, -17.9092330933, 35.3260040283, -11.8226804733], [-419.773284912, 207.206726074, -40.4956436157, 38.2720298767, 121.078590393, -63.881401062, 89.0838394165, -32.6054344177, 9.9906873703, -17.9092330933, 78.5034790039, -23.0408706665, 7.34065628052], [1054.57897949, -461.453186035, -87.6583786011, 23.1297245026, -167.394195557, 77.8090515137, -139.741333008, 81.2723770142, -89.2181625366, 35.3260040283, -23.0408706665, 152.366439819, 27.5582256317], [131.268753052, -15.603843689, -60.2249336243, 27.9103298187, -0.0633386746049, -6.86106443405, -1.35689210892, -0.392552852631, -12.6285238266, -11.8226804733, 7.34065628052, 27.5582256317, 53.3560638428]],
        "icov": [[0.000758990005124, -0.000760952883866, 0.00142494088504, -0.00114575016778, 0.00161731755361, -0.00153904443141, 0.00126859813463, -0.00182805070654, 0.00146190007217, -0.00114452361595, 0.000741699070204, -0.000680323399138, 0.000282455672277], [-0.000760952883866, 0.00961107574403, -0.00370763009414, 0.00510995741934, -0.00538856768981, 0.00615374743938, -0.00608093617484, 0.00908301584423, -0.00913080200553, 0.00735827116296, -0.00524088554084, 0.00481941597536, -0.00377681595273], [0.00142494088504, -0.00370763009414, 0.00466979248449, -0.00236548483372, 0.00315049383789, -0.00485748145729, 0.00463108718395, -0.00526766292751, 0.003575992072, -0.00322104757652, 0.00265774037689, -0.00221813237295, 0.00228915573098], [-0.00114575016778, 0.00510995741934, -0.00236548483372, 0.00927613396198, -0.0055881831795, 0.00501350359991, -0.00386336212978, 0.00391568569466, -0.00412258412689, 0.00397802935913, -0.00396837946028, 0.00304993009195, -0.00376409548335], [0.00161731755361, -0.00538856768981, 0.00315049383789, -0.0055881831795, 0.0101007558405, -0.00359607883729, 0.00166737183463, -0.00500725535676, 0.00694942288101, -0.00447011785582, 0.00181459018495, -0.0027567925863, 0.00230805203319], [-0.00153904443141, 0.00615374743938, -0.00485748145729, 0.00501350359991, -0.00359607883729, 0.0144059369341, -0.00644179945812, 0.00744499731809, -0.0046847788617, 0.00129823049065, -3.57226308552e-005, 0.00197026901878, -0.00261401641183], [0.00126859813463, -0.00608093617484, 0.00463108718395, -0.00386336212978, 0.00166737183463, -0.00644179945812, 0.0148974582553, -0.00883068982512, 0.00464399624616, -0.000815084786154, -0.00171219045296, 0.00182788190432, 0.00204630638473], [-0.00182805070654, 0.00908301584423, -0.00526766292751, 0.00391568569466, -0.00500725535676, 0.00744499731809, -0.00883068982512, 0.021125799045, -0.0111867487431, 0.00727663841099, -0.00292696175165, -0.000780542672146, -0.000187593148439], [0.00146190007217, -0.00913080200553, 0.003575992072, -0.00412258412689, 0.00694942288101, -0.0046847788617, 0.00464399624616, -0.0111867487431, 0.0225203651935, -0.0125105772167, 0.00626224000007, 0.00221361243166, -7.91849015513e-005], [-0.00114452361595, 0.00735827116296, -0.00322104757652, 0.00397802935913, -0.00447011785582, 0.00129823049065, -0.000815084786154, 0.00727663841099, -0.0125105772167, 0.0251030605286, -0.00933749508113, 0.00263249501586, 0.00197181734256], [0.000741699070204, -0.00524088554084, 0.00265774037689, -0.00396837946028, 0.00181459018495, -3.57226308552e-005, -0.00171219045296, -0.00292696175165, 0.00626224000007, -0.00933749508113, 0.0265884418041, -0.0072251050733, 0.00113767432049], [-0.000680323399138, 0.00481941597536, -0.00221813237295, 0.00304993009195, -0.0027567925863, 0.00197026901878, 0.00182788190432, -0.000780542672146, 0.00221361243166, 0.00263249501586, -0.0072251050733, 0.0237496271729, -0.0108904242516], [0.000282455672277, -0.00377681595273, 0.00228915573098, -0.00376409548335, 0.00230805203319, -0.00261401641183, 0.00204630638473, -0.000187593148439, -7.91849015513e-005, 0.00197181734256, 0.00113767432049, -0.0108904242516, 0.0270992033184]]
    },
    "melbands": {
        "mean": [0.000831522629596, 0.000910507165827, 0.000682915910147, 0.00039674169966, 0.000265201466391, 0.000186604229384, 0.00010388642113, 0.000180850765901, 0.000689217529725, 0.00036355596967, 0.000129833846586, 0.000175717344973, 0.000105859937321, 9.47927619563e-005, 7.46387013351e-005, 6.95307317073e-005, 4.39184841525e-005, 3.04551704176e-005, 2.94502042379e-005, 2.61774584942e-005, 3.06935835397e-005, 2.78131938103e-005, 3.16275763907e-005, 1.5776608052e-005, 1.59059127327e-005, 1.17089057312e-005, 4.95119502375e-006, 3.41113172908e-006, 2.70422356152e-006, 2.30954310609e-006, 1.90060291061e-006, 1.34077822622e-006, 1.31038177642e-006, 9.37503841669e-007, 6.10471317941e-007, 5.46882574781e-007, 4.92924300488e-007, 5.50061429294e-007, 6.46349576527e-007, 5.01148861076e-007],
        "var": [1.74393937868e-006, 9.65838921729e-007, 5.89448234223e-007, 2.21870863015e-007, 3.95284899923e-007, 1.04941000245e-006, 5.89847850563e-008, 2.2685004808e-007, 3.05307435156e-006, 1.32972127176e-006, 4.02228756968e-008, 1.61858864089e-007, 7.05501221887e-008, 3.74647513013e-008, 1.66962283998e-008, 1.84543189619e-008, 1.08394910825e-008, 2.76217293482e-009, 2.12252504461e-009, 1.70847580527e-009, 3.14059356299e-009, 1.20293341954e-009, 3.25225002484e-009, 1.4881339494e-009, 2.14920015118e-009, 4.44355552354e-010, 4.57050022828e-011, 2.12584914949e-011, 1.31606670006e-011, 7.40902131313e-012, 6.64192876046e-012, 5.74235711065e-012, 7.39440973729e-012, 3.99147425181e-012, 2.31339665306e-012, 2.51757425671e-012, 3.34696549989e-012, 8.5304463146e-012, 1.23996481485e-011, 7.67810381247e-012]
    },
    "mfcc": {
        "mean": [-682.721984863, 146.876419067, -11.2708749771, 22.3492393494, 7.42694807053, 5.85644721985, 7.38611841202, 11.5299186707, 7.41821813583, 2.02090930939, 4.40581035614, 1.6686950922, -4.81989574432],
        "cov": [[15014.8095703, -3639.80541992, -2326.81567383, -434.290771484, -1064.05773926, -478.771942139, -630.927856445, 67.9192352295, -134.086120605, -403.655853271, -419.549163818, -302.723602295, 214.471435547], [-3639.80541992, 1351.38549805, 231.247116089, 222.481506348, 219.937728882, 126.042442322, 213.275009155, 8.3332567215, 39.3593635559, 102.687919617, 125.006408691, 92.5433883667, -79.6387710571], [-2326.81567383, 231.247116089, 1229.42419434, -218.996185303, 197.722869873, 85.875579834, -77.5465011597, -80.5235900879, 24.3336791992, 133.939575195, 75.7909011841, -3.450984478, -26.6687583923], [-434.290771484, 222.481506348, -218.996185303, 300.713470459, 49.3780975342, -2.10927200317, 116.271003723, 53.8549346924, 8.93004131317, -33.4828338623, 2.19662928581, 49.9352874756, 4.31714582443], [-1064.05773926, 219.937728882, 197.722869873, 49.3780975342, 214.989379883, 45.7047119141, 53.306678772, -13.6126661301, 7.24175214767, 14.381196022, 19.9467334747, 16.6003131866, -9.70086956024], [-478.771942139, 126.042442322, 85.875579834, -2.10927200317, 45.7047119141, 108.80758667, 42.859577179, -18.1617126465, 2.99901795387, 29.3830795288, 16.7576179504, 1.96327853203, -17.6182537079], [-630.927856445, 213.275009155, -77.5465011597, 116.271003723, 53.306678772, 42.859577179, 176.650756836, 51.4175262451, 4.05514144897, -16.7582874298, 7.39524316788, 36.3891448975, 5.86824464798], [67.9192352295, 8.3332567215, -80.5235900879, 53.8549346924, -13.6126661301, -18.1617126465, 51.4175262451, 88.9753494263, 22.7618045807, -23.6134796143, -4.56581258774, 8.12448978424, 5.90641260147], [-134.086120605, 39.3593635559, 24.3336791992, 8.93004131317, 7.24175214767, 2.99901795387, 4.05514144897, 22.7618045807, 59.7043800354, 28.7153167725, 13.3052778244, 12.1265487671, -2.96293711662], [-403.655853271, 102.687919617, 133.939575195, -33.4828338623, 14.381196022, 29.3830795288, -16.7582874298, -23.6134796143, 28.7153167725, 115.379844666, 43.0700302124, -7.09874010086, -12.3431835175], [-419.549163818, 125.006408691, 75.7909011841, 2.19662928581, 19.9467334747, 16.7576179504, 7.39524316788, -4.56581258774, 13.3052778244, 43.0700302124, 81.5734786987, 36.7993965149, -25.4741630554], [-302.723602295, 92.5433883667, -3.450984478, 49.9352874756, 16.6003131866, 1.96327853203, 36.3891448975, 8.12448978424, 12.1265487671, -7.09874010086, 36.7993965149, 92.7721939087, 6.60753774643], [214.471435547, -79.6387710571, -26.6687583923, 4.31714582443, -9.70086956024, -17.6182537079, 5.86824464798, 5.90641260147, -2.96293711662, -12.3431835175, -25.4741630554, 6.60753774643, 85.3510437012]],
        "icov": [[0.000475887674838, 0.000917638535611, 0.000692106608767, 0.000178190210136, 0.000544090813491, -0.000100403740362, 0.000677391886711, -0.000263609457761, 5.28600721736e-005, 8.37264742586e-005, 8.62258275447e-006, 0.0002341788786, -0.00012118047016], [0.000917638535611, 0.00316749163903, 0.00114727695473, -0.000406968669267, 0.000534421007615, -0.000411053741118, 8.37609768496e-005, -3.67794818885e-005, 6.72899068377e-006, -0.00063917436637, -0.000792824081145, 0.000197707660845, 0.000657248892821], [0.000692106608767, 0.00114727695473, 0.0024371065665, 0.00141505815554, -0.000622406892944, -0.000551850011107, 0.00170623196755, -0.000714620400686, 0.000230616016779, -0.000725683348719, -0.000194874082808, -2.16522257688e-005, -0.000384660437703], [0.000178190210136, -0.000406968669267, 0.00141505815554, 0.00627455487847, -0.00136646954343, 0.00098261621315, -0.0014000448864, -0.00161704281345, 0.00011543056462, 2.43495269387e-005, 0.00102894788142, -0.00184490007814, 1.04233658931e-005], [0.000544090813491, 0.000534421007615, -0.000622406892944, -0.00136646954343, 0.0080948183313, -0.000905108463485, -0.000932441325858, 0.00211726594716, -0.00139211968053, 0.00178903411143, -0.000352269096766, 0.00118777598254, -0.000329798116582], [-0.000100403740362, -0.000411053741118, -0.000551850011107, 0.00098261621315, -0.000905108463485, 0.0138392644003, -0.00556751852855, 0.00446070125327, -0.001006146078, -0.00186319532804, 9.33631017688e-005, 0.000996095710434, 0.00212094071321], [0.000677391886711, 8.37609768496e-005, 0.00170623196755, -0.0014000448864, -0.000932441325858, -0.00556751852855, 0.014037954621, -0.00796145666391, 0.00348524772562, 0.000151009080582, 0.00127131899353, -0.00238760281354, -0.00198241043836], [-0.000263609457761, -3.67794818885e-005, -0.000714620400686, -0.00161704281345, 0.00211726594716, 0.00446070125327, -0.00796145666391, 0.0212485641241, -0.0107087595388, 0.00519856670871, -0.00279485131614, 0.00371641549282, -1.68562455656e-005], [5.28600721736e-005, 6.72899068377e-006, 0.000230616016779, 0.00011543056462, -0.00139211968053, -0.001006146078, 0.00348524772562, -0.0107087595388, 0.0256254523993, -0.00901945494115, 0.0029612807557, -0.00532914465293, 0.000956802279688], [8.37264742586e-005, -0.00063917436637, -0.000725683348719, 2.43495269387e-005, 0.00178903411143, -0.00186319532804, 0.000151009080582, 0.00519856670871, -0.00901945494115, 0.0174994226545, -0.00916890241206, 0.00641578249633, -0.002601824468], [8.62258275447e-006, -0.000792824081145, -0.000194874082808, 0.00102894788142, -0.000352269096766, 9.33631017688e-005, 0.00127131899353, -0.00279485131614, 0.0029612807557, -0.00916890241206, 0.0249162353575, -0.0113559197634, 0.00630340585485], [0.0002341788786, 0.000197707660845, -2.16522257688e-005, -0.00184490007814, 0.00118777598254, 0.000996095710434, -0.00238760281354, 0.00371641549282, -0.00532914465293, 0.00641578249633, -0.0113559197634, 0.0187042765319, -0.00416433624923], [-0.00012118047016, 0.000657248892821, -0.000384660437703, 1.04233658931e-005, -0.000329798116582, 0.00212094071321, -0.00198241043836, -1.68562455656e-005, 0.000956802279688, -0.002601824468, 0.00630340585485, -0.00416433624923, 0.014911823906]]
    },
    "spectral_contrast_coeffs": {
        "mean": [-0.667933762074, -0.751693308353, -0.75148588419, -0.766889631748, -0.755130052567, -0.749618709087],
        "var": [0.00328774168156, 0.00683651492, 0.00337129388936, 0.00266242772341, 0.00446971924976, 0.00221079494804]
    },
    "spectral_contrast_valleys": {
        "mean": [-7.17732334137, -6.98663473129, -7.45352125168, -7.99341583252, -8.20031166077, -11.2867927551],
        "var": [0.509091377258, 0.955986380577, 1.71001601219, 2.25672197342, 3.02898526192, 3.61367797852]
    }
},
"metadata": {
    "audio_properties": {
        "analysis_sample_rate": 44100,
        "bit_rate": 128074,
        "equal_loudness": 0,
        "length": 45.0612258911,
        "lossless": 0,
        "replay_gain": -6.28133201599,
        "sample_rate": 44100,
        "codec": "mp3",
        "downmix": "mix",
        "md5_encoded": "502a3fed23cb37bc31d455eacf90bf65"
    },
    "tags": {
        "file_name": "1223.mp3"
    },
    "version": {
        "essentia": "2.1-beta2",
        "essentia_git_sha": "v2.1_beta2",
        "extractor": "music 1.0"
    }
},
"rhythm": {
    "beats_count": 121,
    "beats_loudness": {
        "mean": 0.023071302101,
        "var": 0.00035733167897
    },
    "bpm": 184.570281982,
    "bpm_histogram_first_peak_bpm": {
        "mean": 185,
        "var": 0
    },
    "bpm_histogram_first_peak_spread": {
        "mean": 0,
        "var": 0
    },
    "bpm_histogram_first_peak_weight": {
        "mean": 0.283333331347,
        "var": 0
    },
    "bpm_histogram_second_peak_bpm": {
        "mean": 191,
        "var": 0
    },
    "bpm_histogram_second_peak_spread": {
        "mean": 0,
        "var": 0
    },
    "bpm_histogram_second_peak_weight": {
        "mean": 0.258333325386,
        "var": 0
    },
    "danceability": 0.945070445538,
    "onset_rate": 3.2163939476,
    "beats_loudness_band_ratio": {
        "mean": [0.462116450071, 0.0915065333247, 0.195431560278, 0.145739361644, 0.0922597050667, 0.0326679348946],
        "var": [0.0748849883676, 0.00497426651418, 0.0377996452153, 0.0161446165293, 0.00739065697417, 0.00246082106605]
    },
    "beats_position": [0.603718817234, 1.23065757751, 1.84598636627, 2.46131515503, 3.06503391266, 3.66875267029, 4.27247142792, 4.87619018555, 5.4915189743, 6.10684776306, 6.71056699753, 7.31428575516, 7.80190467834, 8.28952407837, 8.77714252472, 9.26476192474, 9.75238037109, 10.2399997711, 10.71600914, 11.1920175552, 11.6796369553, 12.0047159195, 12.3297958374, 12.6548748016, 12.9683446884, 13.2818136215, 13.5952835083, 13.9087524414, 14.2338323593, 14.5589113235, 14.8723802567, 15.1858501434, 15.5109291077, 15.8360090256, 16.1610889435, 16.4629478455, 16.7764167786, 17.1014957428, 17.4381847382, 17.7516555786, 18.0767345428, 18.390203476, 18.6920623779, 19.0171432495, 19.3422222137, 19.6556911469, 19.96916008, 20.2826309204, 20.6077098846, 20.9327888489, 21.246257782, 21.5713367462, 21.9080276489, 22.2331066132, 22.5465755463, 22.8600444794, 23.1735134125, 23.4985942841, 23.8120632172, 24.1255321503, 24.4390010834, 24.7524719238, 25.0659408569, 25.37940979, 25.6928787231, 26.0063495636, 26.3314285278, 26.6565074921, 26.9931964874, 27.3298854828, 27.6549663544, 27.9800453186, 28.3051242828, 28.6302032471, 28.9552822113, 29.291973114, 29.6286621094, 29.9653511047, 30.3020401001, 30.6271190643, 30.9521980286, 31.2888889313, 31.6255779266, 31.962266922, 32.2989578247, 32.6472549438, 32.9955558777, 33.332244873, 33.6805419922, 34.028842926, 34.3655319214, 34.7138328552, 35.0621299744, 35.4104309082, 35.7587280273, 36.118637085, 36.4785499573, 36.8268470764, 37.1751480103, 37.5234451294, 37.8601341248, 38.1968231201, 38.545124054, 38.8702049255, 39.2068939209, 39.5319709778, 39.8686599731, 40.2053489685, 40.5304298401, 40.8555107117, 41.1805877686, 41.5056686401, 41.830745697, 42.1442184448, 42.4576873779, 42.771156311, 43.0846252441, 43.3980941772, 43.7115631104, 44.0250320435, 44.350112915]
},
"tonal": {
    "chords_changes_rate": 0.0606995895505,
    "chords_number_rate": 0.00720164598897,
    "chords_strength": {
        "mean": 0.5960521698,
        "var": 0.0103822238743
    },
    "hpcp_entropy": {
        "mean": 2.22069001198,
        "var": 0.427459150553
    },
    "key_strength": 0.785234928131,
    "tuning_diatonic_strength": 0.672229886055,
    "tuning_equal_tempered_deviation": 0.162213161588,
    "tuning_frequency": 434.193115234,
    "tuning_nontempered_energy_ratio": 0.894361197948,
    "hpcp": {
        "mean": [0.472119569778, 0.482030004263, 0.207476899028, 0.0749375522137, 0.0575732402503, 0.0645789653063, 0.111476287246, 0.127453133464, 0.0844050422311, 0.0690860077739, 0.0694303289056, 0.0737465023994, 0.111193798482, 0.130345538259, 0.136406242847, 0.205289170146, 0.242866322398, 0.182696327567, 0.111217066646, 0.0809591263533, 0.125356942415, 0.26521512866, 0.315450489521, 0.271444708109, 0.237059399486, 0.135768324137, 0.0635695159435, 0.0723420903087, 0.0820356234908, 0.0948445796967, 0.123427480459, 0.109662033617, 0.0832983478904, 0.0874426439404, 0.107688695192, 0.214208975434],
        "var": [0.132854744792, 0.1333874017, 0.0481591708958, 0.0210755076259, 0.0205018669367, 0.0186422113329, 0.0290322024375, 0.037498190999, 0.0205898433924, 0.0222019180655, 0.0266997572035, 0.0187994148582, 0.0292054004967, 0.0433407388628, 0.0419008135796, 0.0797829478979, 0.111198835075, 0.0720375701785, 0.0426961407065, 0.0294897817075, 0.0333326496184, 0.0577958375216, 0.0687309280038, 0.0761714354157, 0.103045895696, 0.04775807634, 0.0181782897562, 0.0174441225827, 0.0265565030277, 0.0220694579184, 0.0359968729317, 0.0369089543819, 0.0303498767316, 0.031121853739, 0.0384659692645, 0.0618289038539]
    },
    "chords_histogram": [30.2469139099, 1.13168728352, 4.11522626877, 0.308641970158, 2.67489719391, 2.77777767181, 0.205761313438, 4.52674913406, 0, 53.6008224487, 0, 0, 0, 0, 0, 0, 0, 0, 0, 0, 0, 0, 0, 0.411522626877],
    "thpcp": [1, 0.43042320013, 0.155462428927, 0.119439125061, 0.133972913027, 0.231264203787, 0.264409124851, 0.175103291869, 0.143323048949, 0.144037365913, 0.152991518378, 0.230678170919, 0.270409584045, 0.282982885838, 0.425884634256, 0.503840684891, 0.37901443243, 0.230726435781, 0.167954534292, 0.260060459375, 0.550204634666, 0.654420852661, 0.563128232956, 0.491793870926, 0.28165948391, 0.131878748536, 0.150077983737, 0.170187801123, 0.196760743856, 0.256057679653, 0.227500423789, 0.172807395458, 0.181404978037, 0.223406627774, 0.444389283657, 0.97944021225],
    "chords_key": "A",
    "chords_scale": "major",
    "key_key": "D",
    "key_scale": "minor"
}
}