{
"lowlevel": {
    "average_loudness": 0.976037919521,
    "barkbands_crest": {
        "mean": 16.9226417542,
        "var": 44.2285270691
    },
    "barkbands_flatness_db": {
        "mean": 0.16053570807,
        "var": 0.00319257844239
    },
    "barkbands_kurtosis": {
        "mean": 13.4506511688,
        "var": 330.958343506
    },
    "barkbands_skewness": {
        "mean": 3.05982351303,
        "var": 4.11599636078
    },
    "barkbands_spread": {
        "mean": 20.5126285553,
        "var": 151.735748291
    },
    "dissonance": {
        "mean": 0.473375439644,
        "var": 0.000220569185331
    },
    "dynamic_complexity": 0.66790831089,
    "erbbands_crest": {
        "mean": 6.61913299561,
        "var": 7.20719861984
    },
    "erbbands_flatness_db": {
        "mean": 0.120371669531,
        "var": 0.000522515678313
    },
    "erbbands_kurtosis": {
        "mean": -0.460761278868,
        "var": 0.490558922291
    },
    "erbbands_skewness": {
        "mean": -0.323767125607,
        "var": 0.182646930218
    },
    "erbbands_spread": {
        "mean": 57.9018974304,
        "var": 460.286590576
    },
    "hfc": {
        "mean": 34.3617591858,
        "var": 346.589752197
    },
    "melbands_crest": {
        "mean": 20.6198825836,
        "var": 38.3166122437
    },
    "melbands_flatness_db": {
        "mean": 0.237588718534,
        "var": 0.00556450942531
    },
    "melbands_kurtosis": {
        "mean": 56.8087730408,
        "var": 4498.57519531
    },
    "melbands_skewness": {
        "mean": 5.82091093063,
        "var": 12.0147752762
    },
    "melbands_spread": {
        "mean": 16.3571777344,
        "var": 245.721328735
    },
    "pitch_salience": {
        "mean": 0.357869625092,
        "var": 0.0244036111981
    },
    "silence_rate_20dB": {
        "mean": 1,
        "var": 0
    },
    "silence_rate_30dB": {
        "mean": 0.59062820673,
        "var": 0.241784259677
    },
    "silence_rate_60dB": {
        "mean": 0.00154479919001,
        "var": 0.00154241069686
    },
    "spectral_centroid": {
        "mean": 1620.44042969,
        "var": 251873.484375
    },
    "spectral_complexity": {
        "mean": 26.2878475189,
        "var": 62.9340629578
    },
    "spectral_decrease": {
        "mean": -2.3960039286e-008,
        "var": 2.43876323275e-016
    },
    "spectral_energy": {
        "mean": 0.0935474485159,
        "var": 0.00349473929964
    },
    "spectral_energyband_high": {
        "mean": 0.00213306746446,
        "var": 4.64993263449e-006
    },
    "spectral_energyband_low": {
        "mean": 0.0759282335639,
        "var": 0.00398800894618
    },
    "spectral_energyband_middle_high": {
        "mean": 0.00611405214295,
        "var": 1.11555391413e-005
    },
    "spectral_energyband_middle_low": {
        "mean": 0.0113046951592,
        "var": 7.35667344998e-005
    },
    "spectral_entropy": {
        "mean": 7.84565496445,
        "var": 0.0552239194512
    },
    "spectral_flux": {
        "mean": 0.128797873855,
        "var": 0.00604417175055
    },
    "spectral_kurtosis": {
        "mean": 2.55813980103,
        "var": 3.42118859291
    },
    "spectral_rms": {
        "mean": 0.00908679887652,
        "var": 8.69567338668e-006
    },
    "spectral_rolloff": {
        "mean": 881.642700195,
        "var": 1817158.5
    },
    "spectral_skewness": {
        "mean": 1.13881528378,
        "var": 0.0915679857135
    },
    "spectral_spread": {
        "mean": 5077917,
        "var": 2.76223596954e+012
    },
    "spectral_strongpeak": {
        "mean": 0.72887301445,
        "var": 0.20223864913
    },
    "zerocrossingrate": {
        "mean": 0.0445748977363,
        "var": 0.000970328517724
    },
    "barkbands": {
        "mean": [0.00135460647289, 0.0665702596307, 0.00623122183606, 0.00318982871249, 0.00300212181173, 0.0016936857719, 0.00088481453713, 0.00204085162841, 0.000220683941734, 0.000792424543761, 0.000498137320392, 0.000274178077234, 0.000962954538409, 0.000329196249368, 0.000888727314305, 0.00045895553194, 0.000771345512476, 0.00057438161457, 0.000526421121322, 0.000369587447494, 0.000396426185034, 0.000487580749905, 0.000544421141967, 0.000339775317116, 0.000125645121443, 1.84198815987e-005, 8.13730878235e-007],
        "var": [5.37085043106e-006, 0.00343236280605, 0.000110176290036, 1.25064007079e-005, 2.34814906435e-005, 9.17885608942e-006, 7.30238923552e-007, 4.90891170557e-006, 5.36368958137e-008, 8.79950107446e-007, 4.7599530717e-007, 7.37433296649e-008, 1.09927668746e-006, 8.35207600858e-008, 1.19874994198e-006, 1.94827279643e-007, 1.29406998894e-006, 5.46517469502e-007, 4.25533698944e-007, 1.67852249433e-007, 1.86216979614e-007, 2.76663882914e-007, 6.4967639446e-007, 3.13596359547e-007, 3.24337534607e-008, 1.33639169175e-010, 3.46094789112e-013]
    },
    "erbbands": {
        "mean": [1.99367761612, 14.5383930206, 10.1184616089, 10.7244091034, 10.4264640808, 9.1612443924, 11.6738901138, 12.5661687851, 15.1074104309, 36.7210350037, 21.3052253723, 5.72298908234, 16.3545570374, 28.7213821411, 15.7868890762, 17.8527908325, 40.0636901855, 23.6867179871, 41.9969673157, 28.1968612671, 39.4976501465, 32.4273796082, 30.6861572266, 31.5097160339, 23.9205474854, 20.716550827, 16.1666183472, 15.3806171417, 14.7410964966, 16.1464328766, 14.2811050415, 8.80682182312, 6.18572807312, 2.38157010078, 0.479440003633, 0.113438144326, 0.0277041345835, 0.00420243712142, 0.000153727814904, 0.000112825538963],
        "var": [3.99052667618, 168.470413208, 197.963058472, 144.31539917, 220.738693237, 424.597625732, 746.836181641, 365.150970459, 222.421020508, 1572.88989258, 368.699127197, 22.2414455414, 352.098876953, 1367.24584961, 347.079040527, 231.951828003, 1793.88317871, 817.613830566, 3240.02807617, 1065.63598633, 2055.03491211, 1366.17480469, 1663.78295898, 1446.77661133, 817.142211914, 568.055847168, 304.462036133, 314.141265869, 235.02961731, 447.74597168, 439.20526123, 179.605453491, 113.767913818, 13.7744474411, 0.361459046602, 0.00998201593757, 0.000196105742361, 3.88973467125e-006, 2.60342769565e-009, 4.16677847781e-009]
    },
    "gfcc": {
        "mean": [54.2616729736, 82.0903625488, -109.234588623, 57.4850273132, -46.2627029419, 27.9722900391, -29.3607082367, 15.5025920868, -12.1205511093, 10.1189823151, -9.05673408508, 1.97410047054, -13.0060777664],
        "cov": [[1611.1105957, -142.033508301, -56.9231948853, 152.048126221, -294.370513916, 88.4055633545, -172.439086914, -29.8847312927, -16.9489002228, -37.8902435303, -12.4200458527, -35.1756439209, -33.2046699524], [-142.033508301, 382.181213379, 1.36956381798, -109.310539246, 211.620285034, -145.130355835, 132.380935669, 14.773680687, -6.22634458542, 84.4088668823, 0.266594588757, 30.099023819, 2.45491743088], [-56.9231948853, 1.36956381798, 414.071472168, 219.725463867, 95.154510498, 287.717102051, 107.864593506, 147.250747681, 188.156463623, 49.3973922729, 136.417358398, -3.94757413864, 15.9220552444], [152.048126221, -109.310539246, 219.725463867, 328.600891113, 64.7240219116, 190.5493927, 85.3548965454, 68.3963699341, 143.72833252, 27.1385326385, 98.2003173828, 10.6363382339, 30.0612697601], [-294.370513916, 211.620285034, 95.154510498, 64.7240219116, 358.09286499, -1.08811175823, 208.187179565, 85.3506469727, 94.8897323608, 118.168205261, 50.8896636963, 47.5827941895, 20.1685314178], [88.4055633545, -145.130355835, 287.717102051, 190.5493927, -1.08811175823, 370.124816895, 61.0383911133, 118.109809875, 160.028411865, 19.1402301788, 115.946487427, -23.6025180817, 12.5781927109], [-172.439086914, 132.380935669, 107.864593506, 85.3548965454, 208.187179565, 61.0383911133, 244.726547241, 91.7919311523, 77.9697113037, 89.7546539307, 67.3968200684, 40.790222168, 12.8922491074], [-29.8847312927, 14.773680687, 147.250747681, 68.3963699341, 85.3506469727, 118.109809875, 91.7919311523, 168.529464722, 128.836685181, 46.0847129822, 63.9037590027, 10.720495224, -0.281579107046], [-16.9489002228, -6.22634458542, 188.156463623, 143.72833252, 94.8897323608, 160.028411865, 77.9697113037, 128.836685181, 196.009597778, 86.3772964478, 85.599029541, -3.21857237816, -0.527273178101], [-37.8902435303, 84.4088668823, 49.3973922729, 27.1385326385, 118.168205261, 19.1402301788, 89.7546539307, 46.0847129822, 86.3772964478, 140.703521729, 59.9229469299, 6.43730401993, -24.8660202026], [-12.4200458527, 0.266594588757, 136.417358398, 98.2003173828, 50.8896636963, 115.946487427, 67.3968200684, 63.9037590027, 85.599029541, 59.9229469299, 109.385101318, 18.7497062683, -1.05977487564], [-35.1756439209, 30.099023819, -3.94757413864, 10.6363382339, 47.5827941895, -23.6025180817, 40.790222168, 10.720495224, -3.21857237816, 6.43730401993, 18.7497062683, 52.9720954895, 24.8342933655], [-33.2046699524, 2.45491743088, 15.9220552444, 30.0612697601, 20.1685314178, 12.5781927109, 12.8922491074, -0.281579107046, -0.527273178101, -24.8660202026, -1.05977487564, 24.8342933655, 60.8092079163]],
        "icov": [[0.00142144074198, -0.00236775819212, 0.00177383911796, -0.00323494477198, 0.00195873342454, -0.0023063251283, 0.00200860179029, -0.00196407642215, 0.00207411893643, -0.00200253166258, 0.00211710273288, -0.00190831325017, 0.00141433509998], [-0.00236775819212, 0.0126860141754, -0.00722329737619, 0.0102720279247, -0.00603663083166, 0.00951615162194, -0.00695694237947, 0.00532642472535, -0.00470800837502, 0.00290682702325, -0.00564320851117, 0.00624304823577, -0.00495851226151], [0.00177383911796, -0.00722329737619, 0.0123446034268, -0.00750212231651, 0.00216786656529, -0.00846152752638, 0.004261943046, -0.00484024873003, 0.00136306660715, 0.000303377397358, -0.00133950146846, -0.000874921563081, 0.00231172679923], [-0.00323494477198, 0.0102720279247, -0.00750212231651, 0.0171287264675, -0.00587519258261, 0.00814211554825, -0.00868987571448, 0.00994711462408, -0.0117463488132, 0.00821258034557, -0.00913421809673, 0.00585258333012, -0.00582452584058], [0.00195873342454, -0.00603663083166, 0.00216786656529, -0.00587519258261, 0.0111213708296, -0.00303682265803, -0.000843844900373, -0.00329967960715, 0.00163068668917, -0.00610908260569, 0.00635339319706, -0.00569090666249, 0.000704126839992], [-0.0023063251283, 0.00951615162194, -0.00846152752638, 0.00814211554825, -0.00303682265803, 0.016271084547, -0.00750194629654, 0.0041919243522, -0.00734078185633, 0.00601256079972, -0.0102410493419, 0.0112311942503, -0.00657184887677], [0.00200860179029, -0.00695694237947, 0.004261943046, -0.00868987571448, -0.000843844900373, -0.00750194629654, 0.0157100968063, -0.00831328798085, 0.00919487327337, -0.00726716406643, 0.00430420134217, -0.0072069959715, 0.00314638391137], [-0.00196407642215, 0.00532642472535, -0.00484024873003, 0.00994711462408, -0.00329967960715, 0.0041919243522, -0.00831328798085, 0.0207417998463, -0.0167732872069, 0.00935799162835, -0.00493755098432, -0.000507639429998, 0.000950805435423], [0.00207411893643, -0.00470800837502, 0.00136306660715, -0.0117463488132, 0.00163068668917, -0.00734078185633, 0.00919487327337, -0.0167732872069, 0.0296007599682, -0.0164546109736, 0.00608436530456, 4.59234506707e-005, -0.000661581347231], [-0.00200253166258, 0.00290682702325, 0.000303377397358, 0.00821258034557, -0.00610908260569, 0.00601256079972, -0.00726716406643, 0.00935799162835, -0.0164546109736, 0.0260164756328, -0.0148894097656, 0.00614606728777, 0.00474280538037], [0.00211710273288, -0.00564320851117, -0.00133950146846, -0.00913421809673, 0.00635339319706, -0.0102410493419, 0.00430420134217, -0.00493755098432, 0.00608436530456, -0.0148894097656, 0.0342952087522, -0.019969176501, 0.00804306846112], [-0.00190831325017, 0.00624304823577, -0.000874921563081, 0.00585258333012, -0.00569090666249, 0.0112311942503, -0.0072069959715, -0.000507639429998, 4.59234506707e-005, 0.00614606728777, -0.019969176501, 0.0435911044478, -0.0185051038861], [0.00141433509998, -0.00495851226151, 0.00231172679923, -0.00582452584058, 0.000704126839992, -0.00657184887677, 0.00314638391137, 0.000950805435423, -0.000661581347231, 0.00474280538037, 0.00804306846112, -0.0185051038861, 0.0297858826816]]
    },
    "melbands": {
        "mean": [0.0190534964204, 0.0103628281504, 0.00183225807268, 0.000692944973707, 0.000392826885218, 0.000302386120893, 0.000213692925172, 0.000452220847365, 0.000138458053698, 3.32899035129e-005, 8.14374943729e-005, 0.000115484232083, 5.79492370889e-005, 3.23286876664e-005, 7.97353786766e-005, 7.872129936e-005, 3.72136055375e-005, 6.07307156315e-005, 5.81925814913e-005, 2.7918476917e-005, 5.3573265177e-005, 3.41394552379e-005, 3.64077750419e-005, 2.20464062295e-005, 2.62927187578e-005, 1.75206969288e-005, 1.33881339934e-005, 1.37084571179e-005, 1.06235111161e-005, 8.40932625579e-006, 9.21688479139e-006, 7.74566433392e-006, 9.52205573412e-006, 9.00365921552e-006, 8.14288887341e-006, 8.55087091622e-006, 4.11463497585e-006, 4.4504286052e-006, 3.3882893149e-006, 1.59072271799e-006],
        "var": [0.000288409559289, 0.000105100341898, 3.4027291349e-006, 1.36143091822e-006, 6.94925518019e-007, 2.11316105947e-007, 4.42514647148e-008, 2.52027149372e-007, 1.49241916603e-008, 1.0034899578e-009, 8.98146090833e-009, 2.47726887892e-008, 5.99829785841e-009, 9.47498968173e-010, 7.74496733413e-009, 8.04221933492e-009, 2.22549867424e-009, 7.67468399943e-009, 4.41425074271e-009, 9.24739285146e-010, 5.24680121572e-009, 2.19643658816e-009, 2.43430653413e-009, 5.9421212395e-010, 1.19120691089e-009, 6.5177108155e-010, 1.85179607759e-010, 2.79956419158e-010, 1.48668841127e-010, 8.07938577152e-011, 1.37273747924e-010, 7.40126154808e-011, 1.30545629862e-010, 1.59705026981e-010, 1.54373375194e-010, 1.74719863577e-010, 4.19481359371e-011, 6.08091771381e-011, 3.22578734557e-011, 5.94333696841e-012]
    },
    "mfcc": {
        "mean": [-585.383422852, 101.366836548, 7.01093149185, 35.2875137329, 15.0916423798, 18.3063430786, 4.08229780197, 10.3388519287, 4.25674962997, 9.06593990326, 8.35073852539, 8.34387683868, 5.9807305336],
        "cov": [[1184.31604004, -371.717712402, 189.68081665, -95.8899841309, -61.0070495605, -39.2707977295, -146.205810547, -52.1193695068, -100.375091553, -47.2093391418, -52.6813926697, -63.1230163574, -50.0499076843], [-371.717712402, 678.885314941, -352.12387085, 128.437088013, -61.8927307129, -51.272026062, 78.9356384277, -72.1024703979, 51.7742996216, -20.2351646423, 16.4032173157, 21.3783740997, 15.2399158478], [189.68081665, -352.12387085, 601.091918945, -105.396759033, 180.570404053, 117.000724792, 37.4004745483, 157.074432373, 23.30651474, 132.731292725, 74.4117126465, 87.1419906616, 83.6951751709], [-95.8899841309, 128.437088013, -105.396759033, 274.23928833, 26.3542976379, 60.8043136597, 62.5096588135, 20.1855621338, 57.5614013672, 10.3402585983, 55.4538230896, 43.6794090271, 44.3295555115], [-61.0070495605, -61.8927307129, 180.570404053, 26.3542976379, 196.012130737, 80.170539856, 35.5881919861, 85.5398101807, 64.2422027588, 93.3936920166, 70.3892059326, 82.9968414307, 59.5621261597], [-39.2707977295, -51.272026062, 117.000724792, 60.8043136597, 80.170539856, 170.601028442, 83.8380737305, 50.2904052734, 43.6668281555, 70.3938293457, 71.5190353394, 59.1297492981, 52.6937980652], [-146.205810547, 78.9356384277, 37.4004745483, 62.5096588135, 35.5881919861, 83.8380737305, 144.585968018, 76.6290283203, 45.4226341248, 49.0577697754, 55.5199775696, 52.1046791077, 49.8895606995], [-52.1193695068, -72.1024703979, 157.074432373, 20.1855621338, 85.5398101807, 50.2904052734, 76.6290283203, 153.328216553, 70.021522522, 55.627117157, 41.5820426941, 51.8981742859, 51.1527671814], [-100.375091553, 51.7742996216, 23.30651474, 57.5614013672, 64.2422027588, 43.6668281555, 45.4226341248, 70.021522522, 108.214744568, 67.3054504395, 46.6777915955, 53.0661659241, 50.1025009155], [-47.2093391418, -20.2351646423, 132.731292725, 10.3402585983, 93.3936920166, 70.3938293457, 49.0577697754, 55.627117157, 67.3054504395, 129.549499512, 94.407989502, 72.4873962402, 58.6692047119], [-52.6813926697, 16.4032173157, 74.4117126465, 55.4538230896, 70.3892059326, 71.5190353394, 55.5199775696, 41.5820426941, 46.6777915955, 94.407989502, 136.412261963, 107.427757263, 65.2022094727], [-63.1230163574, 21.3783740997, 87.1419906616, 43.6794090271, 82.9968414307, 59.1297492981, 52.1046791077, 51.8981742859, 53.0661659241, 72.4873962402, 107.427757263, 145.393295288, 93.4486618042], [-50.0499076843, 15.2399158478, 83.6951751709, 44.3295555115, 59.5621261597, 52.6937980652, 49.8895606995, 51.1527671814, 50.1025009155, 58.6692047119, 65.2022094727, 93.4486618042, 104.729866028]],
        "icov": [[0.00121314777061, 0.000403243670007, -0.000538000138476, -0.000294744037092, 0.000688548898324, -3.66099266103e-005, 0.000925034459215, 0.000225318290177, 0.0002433990594, 9.71553672571e-005, -0.000140213247505, 2.51133624261e-005, 4.59215807496e-005], [0.000403243670007, 0.00339140696451, 0.0009410638595, -0.000265465176199, -0.000572146032937, 0.0023644817993, -0.00366200460121, 0.00341639923863, -0.00256425281987, 0.000747283454984, -0.000451294879895, -9.83094068943e-005, -0.000552177778445], [-0.000538000138476, 0.0009410638595, 0.00583176733926, 0.00141629111022, -0.00178595795296, -0.00189164699987, 0.00131902680732, -0.00509330350906, 0.00514922989532, -0.00498893950135, 0.0021872734651, -0.000774138781708, -0.00216675107367], [-0.000294744037092, -0.000265465176199, 0.00141629111022, 0.00636646198109, -0.00168212247081, -0.00155559286941, -0.00110084051266, 0.000348854635376, -0.00316548650153, 0.0049399244599, -0.00484563224018, 0.00312148919329, -0.00285691814497], [0.000688548898324, -0.000572146032937, -0.00178595795296, -0.00168212247081, 0.0122150499374, -0.00315916049294, 0.00473985262215, -0.00423689838499, 0.0006487306091, -0.00628418428823, 0.00411996012554, -0.00598682416603, 0.00299259484746], [-3.66099266103e-005, 0.0023644817993, -0.00189164699987, -0.00155559286941, -0.00315916049294, 0.0139189343899, -0.00952332746238, 0.00714116496965, -0.00455383909866, 0.00190177035984, -0.00375273497775, 0.00240009464324, -0.00104127835948], [0.000925034459215, -0.00366200460121, 0.00131902680732, -0.00110084051266, 0.00473985262215, -0.00952332746238, 0.0215270277113, -0.0140437465161, 0.00831949524581, -0.00603229925036, 0.00177315040492, -0.00166732189246, -0.00112961430568], [0.000225318290177, 0.00341639923863, -0.00509330350906, 0.000348854635376, -0.00423689838499, 0.00714116496965, -0.0140437465161, 0.0247021913528, -0.0165023524314, 0.0101643484086, -0.0044465684332, 0.00296596135013, -0.000702930439729], [0.0002433990594, -0.00256425281987, 0.00514922989532, -0.00316548650153, 0.0006487306091, -0.00455383909866, 0.00831949524581, -0.0165023524314, 0.0308767594397, -0.0191438961774, 0.0105431564152, -0.00552574824542, -0.00194676755928], [9.71553672571e-005, 0.000747283454984, -0.00498893950135, 0.0049399244599, -0.00628418428823, 0.00190177035984, -0.00603229925036, 0.0101643484086, -0.0191438961774, 0.0368908084929, -0.0241183228791, 0.0127313490957, -0.00549237197265], [-0.000140213247505, -0.000451294879895, 0.0021872734651, -0.00484563224018, 0.00411996012554, -0.00375273497775, 0.00177315040492, -0.0044465684332, 0.0105431564152, -0.0241183228791, 0.0364427752793, -0.0236530788243, 0.00805795937777], [2.51133624261e-005, -9.83094068943e-005, -0.000774138781708, 0.00312148919329, -0.00598682416603, 0.00240009464324, -0.00166732189246, 0.00296596135013, -0.00552574824542, 0.0127313490957, -0.0236530788243, 0.0338078290224, -0.0190623030066], [4.59215807496e-005, -0.000552177778445, -0.00216675107367, -0.00285691814497, 0.00299259484746, -0.00104127835948, -0.00112961430568, -0.000702930439729, -0.00194676755928, -0.00549237197265, 0.00805795937777, -0.0190623030066, 0.0282953046262]]
    },
    "spectral_contrast_coeffs": {
        "mean": [-0.626109778881, -0.711826980114, -0.768877506256, -0.772795379162, -0.779864668846, -0.726902663708],
        "var": [0.00661143753678, 0.00453807972372, 0.00238745124079, 0.00170184951276, 0.0012401844142, 0.00188288150821]
    },
    "spectral_contrast_valleys": {
        "mean": [-6.67890787125, -6.66776704788, -7.26842164993, -7.17492055893, -6.92124700546, -9.58993148804],
        "var": [0.752442717552, 0.492453545332, 0.418140679598, 0.375368624926, 0.389674931765, 0.69627648592]
    }
},
"metadata": {
    "audio_properties": {
        "analysis_sample_rate": 44100,
        "bit_rate": 128074,
        "equal_loudness": 0,
        "length": 45.0612258911,
        "lossless": 0,
        "replay_gain": -2.71399879456,
        "sample_rate": 44100,
        "codec": "mp3",
        "downmix": "mix",
        "md5_encoded": "52f549e9b57800cebfb1816b34e9e1a1"
    },
    "tags": {
        "file_name": "1224.mp3"
    },
    "version": {
        "essentia": "2.1-beta2",
        "essentia_git_sha": "v2.1_beta2",
        "extractor": "music 1.0"
    }
},
"rhythm": {
    "beats_count": 67,
    "beats_loudness": {
        "mean": 0.0851701870561,
        "var": 0.00192242499907
    },
    "bpm": 90.2135467529,
    "bpm_histogram_first_peak_bpm": {
        "mean": 89,
        "var": 0
    },
    "bpm_histogram_first_peak_spread": {
        "mean": 0.524590194225,
        "var": 0
    },
    "bpm_histogram_first_peak_weight": {
        "mean": 0.439393937588,
        "var": 0
    },
    "bpm_histogram_second_peak_bpm": {
        "mean": 94,
        "var": 0
    },
    "bpm_histogram_second_peak_spread": {
        "mean": 0.40000000596,
        "var": 0
    },
    "bpm_histogram_second_peak_weight": {
        "mean": 0.0454545468092,
        "var": 0
    },
    "danceability": 1.06626427174,
    "onset_rate": 3.7931265831,
    "beats_loudness_band_ratio": {
        "mean": [0.675366103649, 0.0798348933458, 0.0388757921755, 0.0442826114595, 0.0846559256315, 0.100232355297],
        "var": [0.0972932204604, 0.0129000321031, 0.00122680666391, 0.00260276161134, 0.0073513626121, 0.00856167543679]
    },
    "beats_position": [0.615328788757, 1.25387752056, 1.89242625237, 2.50775504112, 3.12308382988, 3.76163268089, 4.41179132462, 5.07355976105, 5.73532867432, 6.40870714188, 7.08208608627, 7.74385452271, 8.40562343597, 9.07900238037, 9.75238037109, 10.4141492844, 11.0759181976, 11.749297142, 12.4110651016, 13.0728340149, 13.7462129593, 14.4195919037, 15.0697498322, 15.7431287766, 16.4165077209, 17.0782756805, 17.7400455475, 18.4134235382, 19.0751914978, 19.7369613647, 20.4103393555, 21.0837192535, 21.7454872131, 22.4072551727, 23.0806350708, 23.7540130615, 24.40417099, 25.0775508881, 25.7509288788, 26.4126987457, 27.0744667053, 27.747844696, 28.4212245941, 29.0829925537, 29.7447605133, 30.4181404114, 31.079908371, 31.7416782379, 32.4150543213, 33.0768241882, 33.7385940552, 34.4119720459, 35.0737419128, 35.7355079651, 36.4088897705, 37.0822677612, 37.7440338135, 38.4058036804, 39.0791816711, 39.7525634766, 40.402721405, 41.0760993958, 41.7494773865, 42.4112472534, 43.0730133057, 43.7463951111, 44.4197731018]
},
"tonal": {
    "chords_changes_rate": 0.0493827164173,
    "chords_number_rate": 0.00720164598897,
    "chords_strength": {
        "mean": 0.506094157696,
        "var": 0.0040547978133
    },
    "hpcp_entropy": {
        "mean": 1.57800149918,
        "var": 0.804115533829
    },
    "key_strength": 0.702564656734,
    "tuning_diatonic_strength": 0.608605444431,
    "tuning_equal_tempered_deviation": 0.0850842669606,
    "tuning_frequency": 439.491973877,
    "tuning_nontempered_energy_ratio": 0.71552157402,
    "hpcp": {
        "mean": [0.10974355042, 0.068779706955, 0.0415972471237, 0.0668227449059, 0.0584609434009, 0.0391535237432, 0.0472048223019, 0.100726895034, 0.334372550249, 0.534688413143, 0.347160369158, 0.101266019046, 0.0539190396667, 0.0471249856055, 0.0819495618343, 0.117297798395, 0.0783465728164, 0.0331512503326, 0.0224929712713, 0.0174281615764, 0.0263207033277, 0.0385860987008, 0.036302562803, 0.0906886830926, 0.162191823125, 0.105786606669, 0.0395469963551, 0.0335008986294, 0.0198885779828, 0.0486921593547, 0.106863625348, 0.0998319461942, 0.0665499866009, 0.0565474815667, 0.0441092550755, 0.0769479647279],
        "var": [0.0524015501142, 0.0196371003985, 0.011955358088, 0.0442743264139, 0.0343375615776, 0.0155917946249, 0.0223164781928, 0.0427014119923, 0.118245087564, 0.177350327373, 0.106499105692, 0.0381063595414, 0.0245068650693, 0.0180759672076, 0.0316755883396, 0.0524613931775, 0.0273285135627, 0.00752031756565, 0.00457399245352, 0.00444148946553, 0.00567728793249, 0.00886635296047, 0.00815439876169, 0.0409436747432, 0.111544214189, 0.055578943342, 0.00992225017399, 0.00735555635765, 0.00263723544776, 0.00990104302764, 0.0573792159557, 0.0426555275917, 0.0341751426458, 0.0300660133362, 0.0226178076118, 0.0296143684536]
    },
    "chords_histogram": [10.5967073441, 0.823045253754, 46.1934165955, 0, 1.85185182095, 0, 0, 0, 0, 0, 0, 0, 0, 0, 0, 0, 0, 0.308641970158, 0, 17.4897117615, 0, 3.60082316399, 2.57201647758, 16.563785553],
    "thpcp": [1, 0.649276018143, 0.189392581582, 0.100841984153, 0.0881354138255, 0.153266012669, 0.219375982881, 0.146527528763, 0.0620010644197, 0.042067438364, 0.0325949862599, 0.0492262467742, 0.0721655786037, 0.0678948014975, 0.169610336423, 0.303338944912, 0.19784720242, 0.0739626958966, 0.0626549944282, 0.0371965765953, 0.0910664200783, 0.199861496687, 0.186710506678, 0.124464988708, 0.105757817626, 0.0824952498078, 0.143911793828, 0.205247670412, 0.128635123372, 0.0777971744537, 0.124975115061, 0.109336473048, 0.0732268020511, 0.0882847309113, 0.188384279609, 0.625359654427],
    "chords_key": "C",
    "chords_scale": "major",
    "key_key": "F",
    "key_scale": "major"
}
}