{
"lowlevel": {
    "average_loudness": 0.909173965454,
    "barkbands_crest": {
        "mean": 8.62980079651,
        "var": 10.2833909988
    },
    "barkbands_flatness_db": {
        "mean": 0.375783473253,
        "var": 0.00203984812833
    },
    "barkbands_kurtosis": {
        "mean": 0.436964422464,
        "var": 5.57039737701
    },
    "barkbands_skewness": {
        "mean": 0.71835911274,
        "var": 0.425471365452
    },
    "barkbands_spread": {
        "mean": 12.3894052505,
        "var": 28.7991828918
    },
    "dissonance": {
        "mean": 0.4448800385,
        "var": 0.00115804548841
    },
    "dynamic_complexity": 3.25006437302,
    "erbbands_crest": {
        "mean": 9.8718252182,
        "var": 15.664144516
    },
    "erbbands_flatness_db": {
        "mean": 0.403347313404,
        "var": 0.00081251480151
    },
    "erbbands_kurtosis": {
        "mean": 0.00288343941793,
        "var": 2.23665452003
    },
    "erbbands_skewness": {
        "mean": 0.0806603580713,
        "var": 0.367345273495
    },
    "erbbands_spread": {
        "mean": 19.03515625,
        "var": 50.9475250244
    },
    "hfc": {
        "mean": 14.6860971451,
        "var": 335.052062988
    },
    "melbands_crest": {
        "mean": 10.7643241882,
        "var": 14.2033882141
    },
    "melbands_flatness_db": {
        "mean": 0.433438688517,
        "var": 0.00401825457811
    },
    "melbands_kurtosis": {
        "mean": 1.94879305363,
        "var": 18.9437961578
    },
    "melbands_skewness": {
        "mean": 1.1419107914,
        "var": 0.562103748322
    },
    "melbands_spread": {
        "mean": 19.5318145752,
        "var": 84.549118042
    },
    "pitch_salience": {
        "mean": 0.580719292164,
        "var": 0.00729147111997
    },
    "silence_rate_20dB": {
        "mean": 1,
        "var": 0
    },
    "silence_rate_30dB": {
        "mean": 0.998455226421,
        "var": 0.00154241267592
    },
    "silence_rate_60dB": {
        "mean": 0.12049433589,
        "var": 0.105978637934
    },
    "spectral_centroid": {
        "mean": 1180.29736328,
        "var": 176331.609375
    },
    "spectral_complexity": {
        "mean": 16.2286300659,
        "var": 46.122718811
    },
    "spectral_decrease": {
        "mean": -3.58818330604e-009,
        "var": 1.23807158034e-017
    },
    "spectral_energy": {
        "mean": 0.0148747144267,
        "var": 0.000220695088501
    },
    "spectral_energyband_high": {
        "mean": 5.59631553188e-006,
        "var": 5.04485164754e-009
    },
    "spectral_energyband_low": {
        "mean": 5.99836039328e-006,
        "var": 2.36635239181e-010
    },
    "spectral_energyband_middle_high": {
        "mean": 0.0068241241388,
        "var": 8.67443886818e-005
    },
    "spectral_energyband_middle_low": {
        "mean": 0.00842312164605,
        "var": 6.36967306491e-005
    },
    "spectral_entropy": {
        "mean": 6.61224222183,
        "var": 0.0695664212108
    },
    "spectral_flux": {
        "mean": 0.0486153177917,
        "var": 0.00114900432527
    },
    "spectral_kurtosis": {
        "mean": 25.8354454041,
        "var": 306.199981689
    },
    "spectral_rms": {
        "mean": 0.00344342296012,
        "var": 2.65473977379e-006
    },
    "spectral_rolloff": {
        "mean": 1504.07409668,
        "var": 422014.3125
    },
    "spectral_skewness": {
        "mean": 2.27757525444,
        "var": 1.61338877678
    },
    "spectral_spread": {
        "mean": 1248451.875,
        "var": 1.16860662579e+012
    },
    "spectral_strongpeak": {
        "mean": 1.52584540844,
        "var": 2.60501122475
    },
    "zerocrossingrate": {
        "mean": 0.0493518598378,
        "var": 0.000257123581832
    },
    "barkbands": {
        "mean": [3.86101163485e-007, 2.93810614949e-007, 3.65638243238e-007, 3.47693203366e-005, 0.00147245719563, 0.00139328092337, 0.0014983525034, 0.00100205361377, 0.00213692616671, 0.00147008115891, 0.000975342292804, 0.00100679055322, 0.000839613203425, 0.000766880053561, 0.000783260446042, 0.000485162454424, 0.000424649799243, 0.00032676369301, 0.000250850251177, 1.98755901692e-006, 1.71971862528e-006, 1.67252335359e-006, 7.09546895905e-007, 2.69422770316e-007, 6.71406041874e-008, 6.29867979995e-009, 5.83526227338e-010],
        "var": [1.16245268619e-011, 6.74823781924e-012, 5.332402922e-012, 7.49067297079e-009, 2.11604992728e-006, 3.16033970194e-006, 6.44951933282e-006, 2.33322248278e-006, 3.37450910592e-005, 4.87110992253e-006, 3.36445555149e-006, 2.57168971984e-006, 1.12384532258e-005, 4.69212545795e-006, 1.03714355646e-005, 1.74325748503e-006, 7.68385007177e-007, 3.9777930283e-007, 2.03340547955e-007, 5.13832532079e-010, 3.59940577344e-010, 6.56331877735e-010, 7.23946180781e-011, 9.34334987851e-012, 1.2271610594e-012, 2.04175919742e-014, 6.20397081302e-018]
    },
    "erbbands": {
        "mean": [1.50793075591e-005, 0.000101408419141, 0.0013529198477, 0.0554069019854, 0.754510104656, 6.75471878052, 7.45257759094, 11.6332139969, 23.2265224457, 22.438577652, 19.9901065826, 43.851348877, 69.3418579102, 36.4358177185, 36.0527458191, 50.2634849548, 40.2952613831, 45.3822822571, 41.8923988342, 30.0914402008, 25.3601875305, 23.1009159088, 18.8217964172, 20.8633651733, 3.4153854847, 0.193997353315, 0.0920698344707, 0.0631348863244, 0.0577935315669, 0.0416111201048, 0.0181830190122, 0.00769737130031, 0.0034038273152, 0.00122124387417, 0.00028682971606, 4.59851653432e-005, 2.03186609724e-005, 3.86225701732e-006, 8.33033118397e-006, 1.7883565306e-005],
        "var": [8.392404105e-009, 3.43880373066e-007, 9.73738588073e-006, 0.0119970394298, 0.580937325954, 45.0950431824, 103.996139526, 233.085998535, 819.083312988, 2080.8112793, 769.192626953, 15803.7646484, 15282.5058594, 6708.36376953, 2218.20019531, 6553.27880859, 22980.7949219, 12352.8779297, 24719.7753906, 7908.35839844, 3889.93725586, 1669.08459473, 1196.2088623, 1064.96398926, 66.8981323242, 1.09965312481, 1.20482039452, 0.500366389751, 0.704703629017, 0.370430022478, 0.0421356968582, 0.00616664951667, 0.00178292708006, 0.000365030107787, 2.39368728217e-005, 2.85124798438e-007, 1.25589110667e-007, 1.55975143912e-009, 7.98753355125e-011, 3.350517086e-010]
    },
    "gfcc": {
        "mean": [-189.376571655, 200.490005493, -230.692520142, -78.3748550415, -21.8924789429, -78.3588943481, -53.5280418396, -13.1176834106, -35.2617988586, -35.5959777832, 4.15577507019, -9.69154262543, -8.03148651123],
        "cov": [[4511.93554688, -748.575195313, -484.052307129, 571.979858398, -392.609680176, 315.051025391, 78.2094345093, -3.07179284096, 253.874191284, -78.5248718262, -41.5335197449, -101.244316101, -12.7131385803], [-748.575195313, 679.139892578, 167.961868286, -339.713531494, 266.377990723, -287.187225342, -59.963924408, 0.21370087564, -188.161911011, -22.7903766632, 35.0864143372, 57.6478462219, -1.12243306637], [-484.052307129, 167.961868286, 274.671081543, -28.2124576569, -9.06885147095, 9.36744022369, -28.1032657623, -13.0254125595, -32.5503234863, -19.7260189056, 4.60185337067, 52.8314819336, 30.3208522797], [571.979858398, -339.713531494, -28.2124576569, 442.132568359, -89.6871795654, 106.800392151, -10.3759365082, -13.7788419724, 95.413734436, -20.0521430969, -31.8218917847, -6.98154211044, 4.93181037903], [-392.609680176, 266.377990723, -9.06885147095, -89.6871795654, 283.115020752, -168.586761475, -67.3696594238, 8.1120929718, -111.762641907, 3.57780385017, -2.60165500641, 2.5798625946, -15.2247524261], [315.051025391, -287.187225342, 9.36744022369, 106.800392151, -168.586761475, 322.716003418, 50.0066604614, -59.3171310425, 103.283203125, 1.13483810425, -21.2998943329, -27.086107254, 5.90590333939], [78.2094345093, -59.963924408, -28.1032657623, -10.3759365082, -67.3696594238, 50.0066604614, 115.658332825, 18.1570148468, -13.2936315536, -6.1800737381, -7.07576322556, -24.0381832123, -15.0398302078], [-3.07179284096, 0.21370087564, -13.0254125595, -13.7788419724, 8.1120929718, -59.3171310425, 18.1570148468, 67.2675323486, -9.5775718689, -5.41969490051, -15.586517334, -13.9506168365, -6.00255203247], [253.874191284, -188.161911011, -32.5503234863, 95.413734436, -111.762641907, 103.283203125, -13.2936315536, -9.5775718689, 132.920013428, 17.7781524658, -20.5273609161, -19.8691616058, -4.04236412048], [-78.5248718262, -22.7903766632, -19.7260189056, -20.0521430969, 3.57780385017, 1.13483810425, -6.1800737381, -5.41969490051, 17.7781524658, 57.9859237671, 13.9241456985, -21.8394050598, -13.7834329605], [-41.5335197449, 35.0864143372, 4.60185337067, -31.8218917847, -2.60165500641, -21.2998943329, -7.07576322556, -15.586517334, -20.5273609161, 13.9241456985, 49.7020225525, 26.7051620483, -8.34462070465], [-101.244316101, 57.6478462219, 52.8314819336, -6.98154211044, 2.5798625946, -27.086107254, -24.0381832123, -13.9506168365, -19.8691616058, -21.8394050598, 26.7051620483, 79.1613006592, 20.7749786377], [-12.7131385803, -1.12243306637, 30.3208522797, 4.93181037903, -15.2247524261, 5.90590333939, -15.0398302078, -6.00255203247, -4.04236412048, -13.7834329605, -8.34462070465, 20.7749786377, 55.0498771667]],
        "icov": [[0.000451211672043, -0.000701210112311, 0.00123038026504, -0.000741720781662, 0.000876238860656, -0.000633272051346, 0.00053127395222, -0.000670834910125, 0.000112214795081, 0.00063330976991, -0.000460764626041, 0.000408903026255, -0.000196400898858], [-0.000701210112311, 0.011616980657, -0.00820352137089, 0.00665394729003, -0.00649759639055, 0.0080773094669, -0.00291338865645, 0.00907094590366, -0.000873381504789, 0.00517785036936, -0.000207822420634, 0.00106338597834, 0.00232629594393], [0.00123038026504, -0.00820352137089, 0.0121496608481, -0.0049886177294, 0.00753186596557, -0.00698731280863, 0.00555045669898, -0.00685973046347, 0.00479885935783, -0.00346759310924, 0.00330689549446, -0.00373078882694, -0.00113363715354], [-0.000741720781662, 0.00665394729003, -0.0049886177294, 0.00698614865541, -0.00382483471185, 0.00439067743719, -0.0013880468905, 0.0055789235048, -0.00197631167248, 0.00348118599504, 0.00144113483839, -0.000151273692609, 0.00178846274503], [0.000876238860656, -0.00649759639055, 0.00753186596557, -0.00382483471185, 0.0170627553016, -0.00277797086164, 0.011385996826, -0.00239622150548, 0.0139077361673, -0.00682417117059, 0.0126735717058, -0.00228432938457, 0.00622622156516], [-0.000633272051346, 0.0080773094669, -0.00698731280863, 0.00439067743719, -0.00277797086164, 0.0133911045268, -0.00569444289431, 0.0141042154282, -0.00428342306986, 0.00422794325277, 0.00218107854016, 0.00281088938937, 0.00126475340221], [0.00053127395222, -0.00291338865645, 0.00555045669898, -0.0013880468905, 0.011385996826, -0.00569444289431, 0.0212284959853, -0.0068309023045, 0.0146974083036, -0.00258576171473, 0.00811193790287, 0.000155468631419, 0.00754802441224], [-0.000670834910125, 0.00907094590366, -0.00685973046347, 0.0055789235048, -0.00239622150548, 0.0141042154282, -0.0068309023045, 0.0325686186552, -0.0014297356829, 0.00450997427106, 0.00989960506558, 0.00257437792607, 0.00437094923109], [0.000112214795081, -0.000873381504789, 0.00479885935783, -0.00197631167248, 0.0139077361673, -0.00428342306986, 0.0146974083036, -0.0014297356829, 0.0291442330927, -0.0119001120329, 0.0194879546762, -0.00543901650235, 0.00987456552684], [0.00063330976991, 0.00517785036936, -0.00346759310924, 0.00348118599504, -0.00682417117059, 0.00422794325277, -0.00258576171473, 0.00450997427106, -0.0119001120329, 0.0349701158702, -0.0216564387083, 0.0158542692661, -0.00208960380405], [-0.000460764626041, -0.000207822420634, 0.00330689549446, 0.00144113483839, 0.0126735717058, 0.00218107854016, 0.00811193790287, 0.00989960506558, 0.0194879546762, -0.0216564387083, 0.0553449764848, -0.0222732778639, 0.0173091497272], [0.000408903026255, 0.00106338597834, -0.00373078882694, -0.000151273692609, -0.00228432938457, 0.00281088938937, 0.000155468631419, 0.00257437792607, -0.00543901650235, 0.0158542692661, -0.0222732778639, 0.0293612461537, -0.00931211747229], [-0.000196400898858, 0.00232629594393, -0.00113363715354, 0.00178846274503, 0.00622622156516, 0.00126475340221, 0.00754802441224, 0.00437094923109, 0.00987456552684, -0.00208960380405, 0.0173091497272, -0.00931211747229, 0.0290965177119]]
    },
    "melbands": {
        "mean": [1.07192207111e-007, 1.40820191064e-007, 2.00197100639e-005, 0.000237268832279, 0.000302628410282, 0.000285981077468, 0.000353635346983, 0.000235569183133, 0.000138162096846, 0.000330003560521, 0.000342418992659, 0.000136210772325, 0.00012716378842, 0.000118473166367, 8.58435596456e-005, 0.000100487282907, 8.05625822977e-005, 6.25360335107e-005, 5.46121264051e-005, 3.63738254237e-005, 2.75965958281e-005, 2.42687165155e-005, 2.10851467273e-005, 1.48255867316e-005, 1.83574065886e-005, 4.45946352556e-006, 1.09557433348e-007, 6.0312508765e-008, 5.91447744114e-008, 4.14372749447e-008, 3.39722099341e-008, 3.48367734659e-008, 2.90499624356e-008, 1.9641689164e-008, 1.15314175986e-008, 6.29459728785e-009, 3.94442434271e-009, 2.51468579293e-009, 1.55052393147e-009, 8.57202864246e-010],
        "var": [7.42091230046e-013, 1.2114803518e-012, 1.38681599537e-009, 5.07127424498e-008, 1.24039928551e-007, 1.45242410099e-007, 2.15545981064e-007, 2.02977190611e-007, 4.30904876225e-008, 8.59384329033e-007, 3.74231944988e-007, 1.00945833026e-007, 3.30382476932e-008, 3.25788782618e-008, 2.59503654121e-008, 1.68965243574e-007, 4.69721896934e-008, 5.16607769896e-008, 5.56870034529e-008, 1.06184137039e-008, 4.65962424201e-009, 1.86335125107e-009, 2.17000106773e-009, 8.52010517693e-010, 8.54392279148e-010, 1.62423172134e-010, 3.42627375039e-013, 5.15673116187e-013, 6.89510677287e-013, 2.34474711782e-013, 1.48052482275e-013, 2.68916860351e-013, 2.05323537577e-013, 7.73840694757e-014, 1.87297992057e-014, 3.450475108e-015, 1.793352979e-015, 9.3612344913e-016, 4.63342056983e-016, 2.60404477175e-016]
    },
    "mfcc": {
        "mean": [-787.284545898, 208.422821045, -106.419998169, -52.3058052063, 1.58995568752, -63.9036254883, -41.6851539612, -5.65755224228, -47.0528297424, -36.8761100769, -8.05525779724, -28.7556152344, -21.8924617767],
        "cov": [[2669.42602539, 129.484436035, -577.859191895, 309.961425781, -33.4138336182, 129.185211182, 26.199256897, 164.656417847, 71.3974456787, 204.436798096, 81.3379898071, 15.0815620422, -1.13581597805], [129.484436035, 519.054077148, -132.128036499, -129.095718384, 61.1572189331, -207.730743408, -33.3127784729, 8.55238819122, -137.442306519, -147.428344727, -27.0375175476, -46.4091262817, 5.94774246216], [-577.859191895, -132.128036499, 423.623748779, -14.2243862152, -131.229064941, 98.6451797485, 11.8755292892, -58.8709831238, 53.3020172119, -45.4053192139, -72.6821746826, 51.1220474243, 17.7827949524], [309.961425781, -129.095718384, -14.2243862152, 227.184448242, 67.2313308716, 15.6044330597, -23.6428394318, 43.5670394897, 30.4791717529, 18.2665367126, 0.70704972744, 19.9876403809, 10.0596609116], [-33.4138336182, 61.1572189331, -131.229064941, 67.2313308716, 225.951385498, -73.8378753662, -66.1960830688, -0.542036473751, -50.8830871582, -58.569355011, -6.46747112274, -24.8386058807, -1.31694996357], [129.185211182, -207.730743408, 98.6451797485, 15.6044330597, -73.8378753662, 267.661254883, 66.4813995361, -33.5741271973, 87.697883606, 92.3152236938, -2.23802232742, 39.6007423401, -8.28126239777], [26.199256897, -33.3127784729, 11.8755292892, -23.6428394318, -66.1960830688, 66.4813995361, 106.439949036, 33.9093742371, 2.76542878151, 26.0317153931, 13.6410598755, -4.90279245377, -9.7353105545], [164.656417847, 8.55238819122, -58.8709831238, 43.5670394897, -0.542036473751, -33.5741271973, 33.9093742371, 84.2797927856, 13.8150501251, -10.2195196152, 0.558073461056, 0.798784136772, -3.26727557182], [71.3974456787, -137.442306519, 53.3020172119, 30.4791717529, -50.8830871582, 87.697883606, 2.76542878151, 13.8150501251, 109.101287842, 78.8798370361, -1.98316311836, 16.4958686829, -3.93929481506], [204.436798096, -147.428344727, -45.4053192139, 18.2665367126, -58.569355011, 92.3152236938, 26.0317153931, -10.2195196152, 78.8798370361, 167.363128662, 63.7210693359, -17.612033844, -27.5852546692], [81.3379898071, -27.0375175476, -72.6821746826, 0.70704972744, -6.46747112274, -2.23802232742, 13.6410598755, 0.558073461056, -1.98316311836, 63.7210693359, 78.211479187, 12.9448413849, -14.7426700592], [15.0815620422, -46.4091262817, 51.1220474243, 19.9876403809, -24.8386058807, 39.6007423401, -4.90279245377, 0.798784136772, 16.4958686829, -17.612033844, 12.9448413849, 90.8080368042, 42.1767921448], [-1.13581597805, 5.94774246216, 17.7827949524, 10.0596609116, -1.31694996357, -8.28126239777, -9.7353105545, -3.26727557182, -3.93929481506, -27.5852546692, -14.7426700592, 42.1767921448, 62.5948600769]],
        "icov": [[0.00241289380938, -0.00290424283594, 0.00407445710152, -0.00469387089834, 0.00402300525457, -0.00380750070326, 0.00298022245988, -0.00252240453847, 0.0019267963944, -0.00319205108099, 0.00309194740839, -0.00185359083116, 0.000521061127074], [-0.00290424283594, 0.008136684075, -0.00342259486206, 0.00758954836056, -0.00383991631679, 0.00571075826883, -0.00260919169523, 0.0026891536545, -0.0004668943875, 0.00677393749356, -0.00339805474505, 0.00346698262729, -0.000844468537252], [0.00407445710152, -0.00342259486206, 0.0163035131991, -0.0117140961811, 0.0110604688525, -0.000430535408668, -0.00563464080915, 0.0140423942357, -0.00821784324944, 0.00321437139064, 0.011790282093, -0.00936770346016, 0.00767067912966], [-0.00469387089834, 0.00758954836056, -0.0117140961811, 0.0194658748806, -0.0116760469973, 0.00300739821978, 0.00444670813158, -0.0119265457615, 0.00647509703413, -0.00133263482712, -0.00551651464775, 0.00440418533981, -0.00483215460554], [0.00402300525457, -0.00383991631679, 0.0110604688525, -0.0116760469973, 0.0183601714671, -0.00939474720508, 0.0100472103804, -0.000422932498623, -0.000553721678443, 0.00797621719539, -0.00352531950921, 0.00635194499046, -0.00177400186658], [-0.00380750070326, 0.00571075826883, -0.000430535408668, 0.00300739821978, -0.00939474720508, 0.0307571701705, -0.0329283922911, 0.0331658944488, -0.0152013683692, -0.00470700161532, 0.022127000615, -0.0247599314898, 0.0183724481612], [0.00298022245988, -0.00260919169523, -0.00563464080915, 0.00444670813158, 0.0100472103804, -0.0329283922911, 0.0562031418085, -0.0541981346905, 0.0315283127129, -0.00539457099512, -0.0220093615353, 0.0270225778222, -0.0208295825869], [-0.00252240453847, 0.0026891536545, 0.0140423942357, -0.0119265457615, -0.000422932498623, 0.0331658944488, -0.0541981346905, 0.0791109502316, -0.0470711812377, 0.0239310171455, 0.0135349100456, -0.0209049303085, 0.022562623024], [0.0019267963944, -0.0004668943875, -0.00821784324944, 0.00647509703413, -0.000553721678443, -0.0152013683692, 0.0315283127129, -0.0470711812377, 0.061228659004, -0.0447442047298, 0.0244183484465, -0.0119090313092, -0.000292582117254], [-0.00319205108099, 0.00677393749356, 0.00321437139064, -0.00133263482712, 0.00797621719539, -0.00470700161532, -0.00539457099512, 0.0239310171455, -0.0447442047298, 0.0697507783771, -0.0585191398859, 0.044117052108, -0.0170315243304], [0.00309194740839, -0.00339805474505, 0.011790282093, -0.00551651464775, -0.00352531950921, 0.022127000615, -0.0220093615353, 0.0135349100456, 0.0244183484465, -0.0585191398859, 0.0904435217381, -0.0669505000114, 0.0402136184275], [-0.00185359083116, 0.00346698262729, -0.00936770346016, 0.00440418533981, 0.00635194499046, -0.0247599314898, 0.0270225778222, -0.0209049303085, -0.0119090313092, 0.044117052108, -0.0669505000114, 0.0724192559719, -0.0443123914301], [0.000521061127074, -0.000844468537252, 0.00767067912966, -0.00483215460554, -0.00177400186658, 0.0183724481612, -0.0208295825869, 0.022562623024, -0.000292582117254, -0.0170315243304, 0.0402136184275, -0.0443123914301, 0.0467994362116]]
    },
    "spectral_contrast_coeffs": {
        "mean": [-0.375632226467, -0.67685085535, -0.708926618099, -0.756042599678, -0.487810760736, -0.904750287533],
        "var": [0.00519092427567, 0.00481159426272, 0.00513356085867, 0.00292254029773, 0.00723786093295, 0.00569259980693]
    },
    "spectral_contrast_valleys": {
        "mean": [-11.6089000702, -7.1210308075, -7.27885723114, -7.71943235397, -11.3637561798, -14.4581480026],
        "var": [0.872882425785, 0.565436840057, 0.574425578117, 0.628354489803, 1.21544575691, 1.31457722187]
    }
},
"metadata": {
    "audio_properties": {
        "analysis_sample_rate": 44100,
        "bit_rate": 128074,
        "equal_loudness": 0,
        "length": 45.0612258911,
        "lossless": 0,
        "replay_gain": -6.47281074524,
        "sample_rate": 44100,
        "codec": "mp3",
        "downmix": "mix",
        "md5_encoded": "7bfe0a20e27890d157186e977fc1390f"
    },
    "tags": {
        "file_name": "1226.mp3"
    },
    "version": {
        "essentia": "2.1-beta2",
        "essentia_git_sha": "v2.1_beta2",
        "extractor": "music 1.0"
    }
},
"rhythm": {
    "beats_count": 78,
    "beats_loudness": {
        "mean": 0.0204252153635,
        "var": 0.000280879496131
    },
    "bpm": 105.096351624,
    "bpm_histogram_first_peak_bpm": {
        "mean": 105,
        "var": 0
    },
    "bpm_histogram_first_peak_spread": {
        "mean": 0.621212124825,
        "var": 0
    },
    "bpm_histogram_first_peak_weight": {
        "mean": 0.324675321579,
        "var": 0
    },
    "bpm_histogram_second_peak_bpm": {
        "mean": 115,
        "var": 0
    },
    "bpm_histogram_second_peak_spread": {
        "mean": 0.166666641831,
        "var": 0
    },
    "bpm_histogram_second_peak_weight": {
        "mean": 0.0649350658059,
        "var": 0
    },
    "danceability": 1.19446706772,
    "onset_rate": 2.99457359314,
    "beats_loudness_band_ratio": {
        "mean": [0.013346276246, 0.257387906313, 0.379110693932, 0.270306378603, 0.160335868597, 0.0121888015419],
        "var": [0.000336620898452, 0.036388464272, 0.0292196236551, 0.0186129380018, 0.017578214407, 0.000274686783087]
    },
    "beats_position": [0.580498874187, 1.18421769142, 1.77632653713, 2.34521532059, 2.92571425438, 3.50621318817, 4.08671188354, 4.65560102463, 5.23609972, 5.81659841537, 6.40870714188, 6.98920631409, 7.56970500946, 8.15020370483, 8.73070240021, 9.31120204926, 9.89170074463, 10.47219944, 11.0643081665, 11.6448068619, 12.2253055573, 12.7941951752, 13.3746938705, 13.9319725037, 14.5008611679, 15.0697498322, 15.6270294189, 16.1959171295, 16.7648067474, 17.3336963654, 17.9025840759, 18.483083725, 19.0635814667, 19.6556911469, 20.2594108582, 20.8747386932, 21.4552383423, 22.035736084, 22.6046257019, 23.1735134125, 23.7307929993, 24.2880725861, 24.8453502655, 25.4026298523, 25.9599094391, 26.5287971497, 27.0860767365, 27.6549663544, 28.2238540649, 28.7927436829, 29.3616313934, 29.9421310425, 30.5110206604, 31.0682983398, 31.6371879578, 32.2060775757, 32.7633552551, 33.332244873, 33.901134491, 34.4700202942, 35.0156898499, 35.572971344, 36.118637085, 36.6759185791, 37.2331962585, 37.8020858765, 38.3825836182, 38.9630813599, 39.5319709778, 40.0892524719, 40.6581382751, 41.2386398315, 41.761089325, 42.2835350037, 42.8059844971, 43.3284339905, 43.8508834839, 44.3849411011]
},
"tonal": {
    "chords_changes_rate": 0.047325104475,
    "chords_number_rate": 0.0123456791043,
    "chords_strength": {
        "mean": 0.543504178524,
        "var": 0.00981679186225
    },
    "hpcp_entropy": {
        "mean": 1.61647045612,
        "var": 0.445489943027
    },
    "key_strength": 0.809009134769,
    "tuning_diatonic_strength": 0.615194261074,
    "tuning_equal_tempered_deviation": 0.0268339514732,
    "tuning_frequency": 441.272583008,
    "tuning_nontempered_energy_ratio": 0.630315303802,
    "hpcp": {
        "mean": [0.263223022223, 0.171815156937, 0.0687919408083, 0.0565809383988, 0.0843627825379, 0.194229796529, 0.289589077234, 0.2021843642, 0.178234905005, 0.257529228926, 0.158384338021, 0.0553880780935, 0.0496124997735, 0.0495741441846, 0.208773672581, 0.342818617821, 0.188828185201, 0.0507386028767, 0.0407587997615, 0.0364228561521, 0.0649632960558, 0.104581654072, 0.0917596071959, 0.0894395783544, 0.124745495617, 0.130667671561, 0.130269706249, 0.132356733084, 0.137655675411, 0.345431953669, 0.496640831232, 0.271118581295, 0.075880497694, 0.0540004298091, 0.0587387047708, 0.166334748268],
        "var": [0.101881287992, 0.0479423888028, 0.0242684073746, 0.0175502095371, 0.0342155322433, 0.0613063275814, 0.0926892235875, 0.0458836406469, 0.049052529037, 0.125233769417, 0.0491734854877, 0.0109537793323, 0.0129115171731, 0.013163802214, 0.0481758154929, 0.128486305475, 0.037432577461, 0.00918300077319, 0.00617309985682, 0.0060670832172, 0.0135978786275, 0.0305514205247, 0.0193201247603, 0.0199214797467, 0.0461006201804, 0.0486010350287, 0.0572121441364, 0.0459808111191, 0.0510618314147, 0.0699140951037, 0.135484233499, 0.0513465926051, 0.0204424839467, 0.013866616413, 0.0164464004338, 0.044853400439]
    },
    "chords_histogram": [45.3703689575, 3.29218101501, 4.52674913406, 1.23456788063, 0, 0, 0, 0, 3.18930029869, 0, 0, 1.64609050751, 0, 0, 0, 5.86419773102, 0, 5.04115247726, 0.411522626877, 1.33744859695, 4.93827152252, 9.97942352295, 13.1687240601, 0],
    "thpcp": [1, 0.545904755592, 0.152787476778, 0.108731351793, 0.118271999061, 0.334919601679, 0.530006825924, 0.345954567194, 0.138514474034, 0.113927282393, 0.169866785407, 0.391087055206, 0.583095610142, 0.407103776932, 0.358880907297, 0.518542170525, 0.318911224604, 0.111525423825, 0.099896132946, 0.0998189076781, 0.42037153244, 0.690274715424, 0.380210757256, 0.10216357559, 0.082068964839, 0.0733384266496, 0.130805388093, 0.210578039289, 0.18476049602, 0.180089056492, 0.251178503036, 0.263102948666, 0.262301653624, 0.266503930092, 0.277173489332, 0.695536732674],
    "chords_key": "G",
    "chords_scale": "major",
    "key_key": "G",
    "key_scale": "major"
}
}