{
"lowlevel": {
    "average_loudness": 0.969844818115,
    "barkbands_crest": {
        "mean": 8.17101573944,
        "var": 11.0847902298
    },
    "barkbands_flatness_db": {
        "mean": 0.121920734644,
        "var": 0.00131535914261
    },
    "barkbands_kurtosis": {
        "mean": 2.68490028381,
        "var": 17.7905235291
    },
    "barkbands_skewness": {
        "mean": 1.2083388567,
        "var": 0.769010007381
    },
    "barkbands_spread": {
        "mean": 19.5718002319,
        "var": 77.5081329346
    },
    "dissonance": {
        "mean": 0.462620049715,
        "var": 0.000813568884041
    },
    "dynamic_complexity": 1.88591110706,
    "erbbands_crest": {
        "mean": 9.29542922974,
        "var": 22.1471061707
    },
    "erbbands_flatness_db": {
        "mean": 0.160658240318,
        "var": 0.0013601933606
    },
    "erbbands_kurtosis": {
        "mean": 1.08305680752,
        "var": 6.00198030472
    },
    "erbbands_skewness": {
        "mean": 0.549082279205,
        "var": 0.410175025463
    },
    "erbbands_spread": {
        "mean": 32.9796791077,
        "var": 277.827514648
    },
    "hfc": {
        "mean": 27.0234107971,
        "var": 282.045837402
    },
    "melbands_crest": {
        "mean": 10.7661142349,
        "var": 16.4933948517
    },
    "melbands_flatness_db": {
        "mean": 0.174615994096,
        "var": 0.00196662568487
    },
    "melbands_kurtosis": {
        "mean": 7.42063379288,
        "var": 95.1134567261
    },
    "melbands_skewness": {
        "mean": 1.86546778679,
        "var": 1.42312979698
    },
    "melbands_spread": {
        "mean": 23.080242157,
        "var": 111.766807556
    },
    "pitch_salience": {
        "mean": 0.624460399151,
        "var": 0.00895219389349
    },
    "silence_rate_20dB": {
        "mean": 1,
        "var": 0
    },
    "silence_rate_30dB": {
        "mean": 1,
        "var": 0
    },
    "silence_rate_60dB": {
        "mean": 0.0102986609563,
        "var": 0.0101925190538
    },
    "spectral_centroid": {
        "mean": 1132.46923828,
        "var": 163424.4375
    },
    "spectral_complexity": {
        "mean": 22.7559223175,
        "var": 72.431640625
    },
    "spectral_decrease": {
        "mean": -8.13032396962e-009,
        "var": 1.55540941346e-017
    },
    "spectral_energy": {
        "mean": 0.0331368111074,
        "var": 0.00026029557921
    },
    "spectral_energyband_high": {
        "mean": 0.000719862640835,
        "var": 5.36096763426e-007
    },
    "spectral_energyband_low": {
        "mean": 0.0057249199599,
        "var": 3.50516602339e-005
    },
    "spectral_energyband_middle_high": {
        "mean": 0.00998079869896,
        "var": 9.45629071794e-005
    },
    "spectral_energyband_middle_low": {
        "mean": 0.0179191809148,
        "var": 9.73212299868e-005
    },
    "spectral_entropy": {
        "mean": 7.58867406845,
        "var": 0.0973605588078
    },
    "spectral_flux": {
        "mean": 0.10169006139,
        "var": 0.00148169719614
    },
    "spectral_kurtosis": {
        "mean": 4.25645160675,
        "var": 6.80912923813
    },
    "spectral_rms": {
        "mean": 0.00549120875075,
        "var": 2.17526280721e-006
    },
    "spectral_rolloff": {
        "mean": 1281.82421875,
        "var": 763421.6875
    },
    "spectral_skewness": {
        "mean": 1.64291250706,
        "var": 0.158980160952
    },
    "spectral_spread": {
        "mean": 4563334.5,
        "var": 2.31446439526e+012
    },
    "spectral_strongpeak": {
        "mean": 1.5433807373,
        "var": 3.59745049477
    },
    "zerocrossingrate": {
        "mean": 0.0564397312701,
        "var": 0.000521926383954
    },
    "barkbands": {
        "mean": [0.000173113599885, 0.00287107541226, 0.00162367825396, 0.00244679418392, 0.00506747979671, 0.00286404672079, 0.0021334476769, 0.00186687533278, 0.003201702144, 0.00145903462544, 0.00145406462252, 0.00149801524822, 0.00214809342287, 0.0011963553261, 0.00102639384568, 0.000311636249535, 0.000335529039148, 0.000370986468624, 0.000305004301481, 0.000142413031426, 0.00013206404401, 0.000140651856782, 0.000128841027617, 0.000173881460796, 4.78344700241e-005, 1.6500489437e-005, 1.34488914227e-006],
        "var": [6.29807743735e-008, 1.3288466107e-005, 5.06025526192e-006, 1.16198070828e-005, 1.60636027431e-005, 6.53461756883e-006, 3.19356422551e-006, 6.14771442997e-006, 3.33231146215e-005, 4.67836207463e-006, 1.41653126775e-005, 1.03947841126e-005, 2.10191901715e-005, 5.13832355864e-006, 2.43007389145e-006, 1.21036975997e-007, 1.48038239445e-007, 1.49620106527e-007, 6.56086243112e-008, 2.38904700467e-008, 2.40882620517e-008, 3.68614827551e-008, 2.73055071887e-008, 8.1116134254e-008, 7.43702788242e-009, 1.39867184501e-009, 1.56093384746e-011]
    },
    "erbbands": {
        "mean": [0.0809771418571, 0.647494256496, 1.85892903805, 5.21310853958, 11.7561435699, 19.107542038, 21.4754066467, 22.3561916351, 27.3402805328, 34.1380462646, 51.1096725464, 76.4818572998, 47.36460495, 55.3127937317, 69.2039642334, 63.7258071899, 95.1802139282, 69.3176498413, 65.4944000244, 32.640296936, 19.432302475, 17.7070274353, 18.8965892792, 21.6287517548, 10.0013713837, 6.36925458908, 6.37476968765, 4.75657081604, 5.21697473526, 3.95164489746, 3.79704380035, 4.04514169693, 2.42582273483, 0.790620207787, 0.234908491373, 0.0859190821648, 0.02727548033, 0.00540195172653, 0.000145855330629, 4.41527627117e-005],
        "var": [0.0085951751098, 0.83852314949, 7.26787996292, 37.9859771729, 132.945922852, 302.959991455, 383.358551025, 456.866119385, 662.342712402, 1140.80786133, 4758.71679688, 23409.0195313, 3764.33227539, 11517.5117188, 27275.2519531, 10864.2412109, 39783.390625, 14734.171875, 11406.1503906, 1233.6036377, 366.407073975, 424.076080322, 374.3828125, 357.252532959, 65.6600646973, 45.4425125122, 68.3903656006, 28.1818580627, 61.0830612183, 23.803937912, 25.5646400452, 43.3129997253, 15.936747551, 1.49472510815, 0.329221993685, 0.0550322346389, 0.00293479510583, 0.000151237414684, 8.78440644669e-008, 5.1446330529e-010]
    },
    "gfcc": {
        "mean": [31.4370498657, 103.464050293, -123.531150818, 26.40001297, -69.3952865601, 19.045091629, -45.5114173889, 6.44932079315, -21.2753219604, -2.96420621872, -11.5492973328, -4.46962547302, -11.1109046936],
        "cov": [[3032.51538086, -382.929351807, -385.47833252, -64.3102416992, -2.82485365868, 223.012664795, 14.8074445724, 26.4904212952, -122.400512695, 110.110992432, -24.8103866577, 2.31530594826, -128.976669312], [-382.929351807, 643.07244873, -113.062385559, 28.8395576477, 76.6067123413, -131.926208496, 60.7127304077, -24.4862251282, 51.2179527283, -111.199638367, 93.8674468994, -63.3093452454, 75.036529541], [-385.47833252, -113.062385559, 619.156311035, 24.7714595795, -28.9885540009, -11.9742183685, -47.8504600525, 59.7182807922, 23.8103733063, 55.1724624634, -62.1501502991, 65.8815994263, -43.5069580078], [-64.3102416992, 28.8395576477, 24.7714595795, 230.530288696, 3.21517634392, -36.6115913391, -15.3245048523, 16.1180782318, 32.117313385, -9.46638393402, 24.3363227844, -14.6342468262, 42.1904983521], [-2.82485365868, 76.6067123413, -28.9885540009, 3.21517634392, 177.714828491, -9.01047039032, 16.4348316193, 30.9977989197, -4.15634822845, 7.06514358521, 21.6361846924, 5.12412500381, -10.4023132324], [223.012664795, -131.926208496, -11.9742183685, -36.6115913391, -9.01047039032, 223.525680542, 43.747379303, -31.6751670837, -10.3064002991, 30.8333683014, -0.844894051552, 6.3680138588, -17.814956665], [14.8074445724, 60.7127304077, -47.8504600525, -15.3245048523, 16.4348316193, 43.747379303, 137.280319214, 16.0007019043, 0.559448421001, 1.69939231873, 18.887594223, 14.2527275085, -0.490807384253], [26.4904212952, -24.4862251282, 59.7182807922, 16.1180782318, 30.9977989197, -31.6751670837, 16.0007019043, 119.781555176, 24.4399871826, 13.3933029175, 3.19291782379, 13.1418418884, -7.24479722977], [-122.400512695, 51.2179527283, 23.8103733063, 32.117313385, -4.15634822845, -10.3064002991, 0.559448421001, 24.4399871826, 83.602355957, 17.0735054016, -0.726424455643, -13.0209350586, 12.3826532364], [110.110992432, -111.199638367, 55.1724624634, -9.46638393402, 7.06514358521, 30.8333683014, 1.69939231873, 13.3933029175, 17.0735054016, 93.85597229, -7.1763086319, 15.5841903687, -25.0401859283], [-24.8103866577, 93.8674468994, -62.1501502991, 24.3363227844, 21.6361846924, -0.844894051552, 18.887594223, 3.19291782379, -0.726424455643, -7.1763086319, 89.6199569702, 10.7043838501, 15.0506153107], [2.31530594826, -63.3093452454, 65.8815994263, -14.6342468262, 5.12412500381, 6.3680138588, 14.2527275085, 13.1418418884, -13.0209350586, 15.5841903687, 10.7043838501, 77.9295501709, 1.78400850296], [-128.976669312, 75.036529541, -43.5069580078, 42.1904983521, -10.4023132324, -17.814956665, -0.490807384253, -7.24479722977, 12.3826532364, -25.0401859283, 15.0506153107, 1.78400850296, 80.026512146]],
        "icov": [[0.000550081429537, -0.000359756289981, 0.000679303484503, -0.000399494543672, 0.00039403871051, -0.000715508242138, 0.000544293550774, -0.00085390440654, 0.00111741921864, -0.000962752033956, 0.000758482841775, -0.000629176269285, 0.00101900601294], [-0.000359756289981, 0.00586327072233, -0.00178940384649, 0.002091700444, -0.00294226617552, 0.00380614236929, -0.00405267393216, 0.00390165485442, -0.00495964800939, 0.00559691945091, -0.00621601520106, 0.00563802756369, -0.00379781029187], [0.000679303484503, -0.00178940384649, 0.00354747101665, -0.00157957931515, 0.00154841970652, -0.00173115252983, 0.00242748321034, -0.00270760222338, 0.00172106700484, -0.00273761898279, 0.00391343934461, -0.00449671596289, 0.00336101930588], [-0.000399494543672, 0.002091700444, -0.00157957931515, 0.00635568564758, -0.00133620179258, 0.00201930152252, -0.00122394249775, 0.00132506433874, -0.00327341048978, 0.00221916870214, -0.00411614403129, 0.00384182506241, -0.00453699426726], [0.00039403871051, -0.00294226617552, 0.00154841970652, -0.00133620179258, 0.007847876288, -0.00185157870874, 0.00183208007365, -0.00389122008346, 0.00353232957423, -0.00357231078669, 0.00203306321055, -0.00305410847068, 0.00322841061279], [-0.000715508242138, 0.00380614236929, -0.00173115252983, 0.00201930152252, -0.00185157870874, 0.00841207709163, -0.00484506739303, 0.00486405286938, -0.003573741531, 0.0022573324386, -0.00444461917505, 0.00407961849123, -0.00268089072779], [0.000544293550774, -0.00405267393216, 0.00242748321034, -0.00122394249775, 0.00183208007365, -0.00484506739303, 0.0117943920195, -0.0048246877268, 0.00320517690852, -0.00349733582698, 0.00351235317066, -0.00598212424666, 0.00331984413788], [-0.00085390440654, 0.00390165485442, -0.00270760222338, 0.00132506433874, -0.00389122008346, 0.00486405286938, -0.0048246877268, 0.0141501622275, -0.00717999739572, 0.00401042867452, -0.00476734433323, 0.00279041938484, -0.0021765306592], [0.00111741921864, -0.00495964800939, 0.00172106700484, -0.00327341048978, 0.00353232957423, -0.003573741531, 0.00320517690852, -0.00717999739572, 0.0209987461567, -0.00969245005399, 0.0056309713982, -0.000793125014752, 0.000822717847768], [-0.000962752033956, 0.00559691945091, -0.00273761898279, 0.00221916870214, -0.00357231078669, 0.0022573324386, -0.00349733582698, 0.00401042867452, -0.00969245005399, 0.0201028492302, -0.00587860355154, 0.00249371072277, -0.000238195600105], [0.000758482841775, -0.00621601520106, 0.00391343934461, -0.00411614403129, 0.00203306321055, -0.00444461917505, 0.00351235317066, -0.00476734433323, 0.0056309713982, -0.00587860355154, 0.0206833761185, -0.00957488175482, 0.00382608897053], [-0.000629176269285, 0.00563802756369, -0.00449671596289, 0.00384182506241, -0.00305410847068, 0.00407961849123, -0.00598212424666, 0.00279041938484, -0.000793125014752, 0.00249371072277, -0.00957488175482, 0.0233089402318, -0.00785935949534], [0.00101900601294, -0.00379781029187, 0.00336101930588, -0.00453699426726, 0.00322841061279, -0.00268089072779, 0.00331984413788, -0.0021765306592, 0.000822717847768, -0.000238195600105, 0.00382608897053, -0.00785935949534, 0.0208183061332]]
    },
    "melbands": {
        "mean": [0.000761554576457, 0.00094161083689, 0.00108662398998, 0.00115661311429, 0.000768367026467, 0.000510979851242, 0.000424863013905, 0.000364287290722, 0.000436568341684, 0.000474173488328, 0.000226202711929, 0.000218765664613, 0.000217342952965, 0.000190465725609, 0.000165373916388, 0.000221126960241, 0.000111842353363, 0.000108242675196, 6.50307702017e-005, 2.57403116848e-005, 2.33270002354e-005, 1.87027362699e-005, 1.75383738679e-005, 1.69821996678e-005, 1.84862947208e-005, 8.51985259942e-006, 5.12998212798e-006, 4.01247461923e-006, 4.35481797467e-006, 3.03896422338e-006, 2.64096752289e-006, 3.05371463583e-006, 2.56532075582e-006, 2.03160152523e-006, 2.09283507502e-006, 2.39907990363e-006, 2.53203211287e-006, 1.90159755675e-006, 1.08211747829e-006, 5.09108758706e-007],
        "var": [7.91431943981e-007, 1.80834649655e-006, 1.53141593273e-006, 9.75126681624e-007, 4.03659328185e-007, 2.34191816162e-007, 1.4332789533e-007, 1.34572601951e-007, 4.13972344404e-007, 8.76442356912e-007, 9.39763751262e-008, 1.85080523352e-007, 2.74627467434e-007, 1.66464118934e-007, 1.48174962078e-007, 2.15004973825e-007, 4.81906532457e-008, 3.81188272058e-008, 8.12146705442e-009, 8.42254044287e-010, 6.39833852567e-010, 5.62777380253e-010, 4.62385352229e-010, 2.96907137765e-010, 2.81005135827e-010, 5.30992888548e-011, 2.20972701942e-011, 2.62925167749e-011, 3.98490372644e-011, 1.16319306617e-011, 1.08625747286e-011, 2.18578263128e-011, 1.55658940598e-011, 7.21885528784e-012, 8.20928568179e-012, 1.15770708992e-011, 2.14094453971e-011, 1.25675156046e-011, 2.13874859663e-012, 8.7802269795e-013]
    },
    "mfcc": {
        "mean": [-605.19128418, 126.554489136, 4.0935459137, 7.66049861908, 2.76198172569, 1.02547061443, -5.91944122314, 2.52577328682, -7.36939287186, 3.26679587364, -1.63825249672, -0.689698517323, -8.03256797791],
        "cov": [[2677.09033203, -353.706695557, -452.505157471, -189.615570068, -59.8035240173, 127.624153137, 148.882583618, -15.0620594025, -47.0199356079, 22.3169536591, 77.8199157715, 51.1865653992, -76.8359146118], [-353.706695557, 556.713134766, -79.9840545654, 70.6290359497, 14.8438968658, -78.9648742676, 13.7692251205, 31.7302246094, -16.4314022064, -5.36174249649, 3.50906634331, -16.3819217682, 6.01890707016], [-452.505157471, -79.9840545654, 507.340606689, 18.323677063, 17.7362937927, 11.2626838684, -66.5755386353, -0.117591023445, 27.3328666687, 11.8402338028, -18.9280776978, 9.21064376831, 24.2728691101], [-189.615570068, 70.6290359497, 18.323677063, 266.402099609, 41.4955558777, -93.1282119751, -26.7113285065, 6.3759393692, 8.62880420685, 23.1448707581, -24.0092849731, -19.2941741943, 28.7818126678], [-59.8035240173, 14.8438968658, 17.7362937927, 41.4955558777, 152.351150513, -19.3971920013, -7.23901367188, -4.25247907639, -5.95053720474, 24.4248027802, -0.559987187386, -13.02850914, 1.34717404842], [127.624153137, -78.9648742676, 11.2626838684, -93.1282119751, -19.3971920013, 184.455886841, 31.7813301086, -8.18503475189, 5.12813949585, -11.3900632858, 19.8551826477, 25.557302475, -7.30275201797], [148.882583618, 13.7692251205, -66.5755386353, -26.7113285065, -7.23901367188, 31.7813301086, 125.051109314, 34.0760269165, -6.02318191528, -15.3335266113, 11.2259368896, 30.7552070618, 7.2648935318], [-15.0620594025, 31.7302246094, -0.117591023445, 6.3759393692, -4.25247907639, -8.18503475189, 34.0760269165, 87.9348983765, 10.6063804626, -1.47023320198, 4.87271308899, 4.02004337311, 10.9104814529], [-47.0199356079, -16.4314022064, 27.3328666687, 8.62880420685, -5.95053720474, 5.12813949585, -6.02318191528, 10.6063804626, 75.3577194214, 25.1784591675, 1.16559195518, -4.35386800766, -0.787509560585], [22.3169536591, -5.36174249649, 11.8402338028, 23.1448707581, 24.4248027802, -11.3900632858, -15.3335266113, -1.47023320198, 25.1784591675, 86.6636352539, 22.4987735748, -6.38355207443, -12.6519861221], [77.8199157715, 3.50906634331, -18.9280776978, -24.0092849731, -0.559987187386, 19.8551826477, 11.2259368896, 4.87271308899, 1.16559195518, 22.4987735748, 78.9606323242, 26.8705673218, -9.90149879456], [51.1865653992, -16.3819217682, 9.21064376831, -19.2941741943, -13.02850914, 25.557302475, 30.7552070618, 4.02004337311, -4.35386800766, -6.38355207443, 26.8705673218, 71.342628479, 17.2735424042], [-76.8359146118, 6.01890707016, 24.2728691101, 28.7818126678, 1.34717404842, -7.30275201797, 7.2648935318, 10.9104814529, -0.787509560585, -12.6519861221, -9.90149879456, 17.2735424042, 64.0927581787]],
        "icov": [[0.000577765225898, 0.000414087757235, 0.00048590276856, 0.000131116248667, 0.000118131523777, -7.71219929447e-005, -0.000421410310082, 1.99443184101e-005, 0.000355002383003, -0.000361209124094, -0.000147242491948, -0.000168976606801, 0.000399807380745], [0.000414087757235, 0.00234122923575, 0.000595681020059, -0.000267657131189, 1.67559501278e-005, 0.000619928585365, -0.000493346771691, -0.000585729489103, 0.000600115919951, 4.92176368425e-005, -0.000606973364484, 0.000331577524776, 0.000231025886023], [0.00048590276856, 0.000595681020059, 0.00277074915357, 9.34084964683e-005, -0.000257251405856, -0.00041606623563, 0.00128433399368, -0.000594437064137, -0.000313768832712, -0.000468392740004, 0.000645060441457, -0.00118703546468, -0.000327832764015], [0.000131116248667, -0.000267657131189, 9.34084964683e-005, 0.0052430103533, -0.000842267356347, 0.00199547503144, 0.000271403434454, 4.36374739365e-006, -0.000357840908691, -0.00136394088622, 0.000974662252702, 0.000284609006485, -0.00219371635467], [0.000118131523777, 1.67559501278e-005, -0.000257251405856, -0.000842267356347, 0.00741129275411, 6.21684303042e-005, -0.000681579054799, 0.000469082675409, 0.00158235535491, -0.00232119020075, -0.000210285390494, 0.00138305977453, -0.000379583390895], [-7.71219929447e-005, 0.000619928585365, -0.00041606623563, 0.00199547503144, 6.21684303042e-005, 0.00743271224201, -0.00163066096138, 0.00116862950381, -0.00109363812953, 0.000826463859994, -0.00106224429328, -0.000854093930684, 0.000158068476594], [-0.000421410310082, -0.000493346771691, 0.00128433399368, 0.000271403434454, -0.000681579054799, -0.00163066096138, 0.0121431481093, -0.00461693620309, 0.000118606629258, 0.00121666199993, 0.000996235990897, -0.0046326322481, -0.000185028417036], [1.99443184101e-005, -0.000585729489103, -0.000594437064137, 4.36374739365e-006, 0.000469082675409, 0.00116862950381, -0.00461693620309, 0.0140620460734, -0.00231461389922, 0.000390222790884, -0.00159452913795, 0.00180377776269, -0.00212895241566], [0.000355002383003, 0.000600115919951, -0.000313768832712, -0.000357840908691, 0.00158235535491, -0.00109363812953, 0.000118606629258, -0.00231461389922, 0.0161449834704, -0.00539534864947, 0.000878255057614, 0.000775184482336, -6.84602564434e-005], [-0.000361209124094, 4.92176368425e-005, -0.000468392740004, -0.00136394088622, -0.00232119020075, 0.000826463859994, 0.00121666199993, 0.000390222790884, -0.00539534864947, 0.016435071826, -0.00535201048478, 0.00129769358318, 0.00229231268167], [-0.000147242491948, -0.000606973364484, 0.000645060441457, 0.000974662252702, -0.000210285390494, -0.00106224429328, 0.000996235990897, -0.00159452913795, 0.000878255057614, -0.00535201048478, 0.018076909706, -0.00783502683043, 0.00309895467944], [-0.000168976606801, 0.000331577524776, -0.00118703546468, 0.000284609006485, 0.00138305977453, -0.000854093930684, -0.0046326322481, 0.00180377776269, 0.000775184482336, 0.00129769358318, -0.00783502683043, 0.0216080993414, -0.00658859219402], [0.000399807380745, 0.000231025886023, -0.000327832764015, -0.00219371635467, -0.000379583390895, 0.000158068476594, -0.000185028417036, -0.00212895241566, -6.84602564434e-005, 0.00229231268167, 0.00309895467944, -0.00658859219402, 0.0202847328037]]
    },
    "spectral_contrast_coeffs": {
        "mean": [-0.61798620224, -0.746337532997, -0.741391062737, -0.75714212656, -0.787160456181, -0.773167788982],
        "var": [0.00552655337378, 0.00322408578359, 0.00455092638731, 0.00344761251472, 0.000982175930403, 0.0011771825375]
    },
    "spectral_contrast_valleys": {
        "mean": [-6.96254205704, -6.01998806, -6.81253004074, -7.30679655075, -7.37350130081, -9.75938892365],
        "var": [0.560782849789, 0.528565943241, 0.560803055763, 0.596217155457, 0.6363671422, 0.611303329468]
    }
},
"metadata": {
    "audio_properties": {
        "analysis_sample_rate": 44100,
        "bit_rate": 128074,
        "equal_loudness": 0,
        "length": 45.0612258911,
        "lossless": 0,
        "replay_gain": -6.01257705688,
        "sample_rate": 44100,
        "codec": "mp3",
        "downmix": "mix",
        "md5_encoded": "4d309395bf2fd660b3aa345a2e48873a"
    },
    "tags": {
        "file_name": "1227.mp3"
    },
    "version": {
        "essentia": "2.1-beta2",
        "essentia_git_sha": "v2.1_beta2",
        "extractor": "music 1.0"
    }
},
"rhythm": {
    "beats_count": 75,
    "beats_loudness": {
        "mean": 0.0399922840297,
        "var": 0.000225963449338
    },
    "bpm": 101.002601624,
    "bpm_histogram_first_peak_bpm": {
        "mean": 101,
        "var": 0
    },
    "bpm_histogram_first_peak_spread": {
        "mean": 0.527777791023,
        "var": 0
    },
    "bpm_histogram_first_peak_weight": {
        "mean": 0.459459453821,
        "var": 0
    },
    "bpm_histogram_second_peak_bpm": {
        "mean": 92,
        "var": 0
    },
    "bpm_histogram_second_peak_spread": {
        "mean": 0.5,
        "var": 0
    },
    "bpm_histogram_second_peak_weight": {
        "mean": 0.0135135138407,
        "var": 0
    },
    "danceability": 1.41570580006,
    "onset_rate": 3.28294014931,
    "beats_loudness_band_ratio": {
        "mean": [0.257347077131, 0.248075515032, 0.255019336939, 0.179911315441, 0.0765799731016, 0.0315788425505],
        "var": [0.0190530549735, 0.015293202363, 0.0229864940047, 0.0241142846644, 0.00342201907188, 0.000519059714861]
    },
    "beats_position": [0.626938760281, 1.27709746361, 1.90403628349, 2.51936507225, 3.13469386101, 3.73841261864, 4.34213161469, 4.94585037231, 5.53795909882, 6.11845779419, 6.71056699753, 7.30267572403, 7.89478445053, 8.48689365387, 9.07900238037, 9.65950107574, 10.2632198334, 10.866938591, 11.4706573486, 12.0743761063, 12.6664848328, 13.2585935593, 13.8507022858, 14.4312019348, 15.0233106613, 15.6270294189, 16.2307472229, 16.8344669342, 17.4381847382, 18.0302944183, 18.6224040985, 19.2145118713, 19.8066215515, 20.3871192932, 20.9792289734, 21.5829467773, 22.1750564575, 22.7671642303, 23.3476638794, 23.9397735596, 24.5318813324, 25.1239910126, 25.7160987854, 26.3082084656, 26.8887062073, 27.4924259186, 28.0961437225, 28.6998634338, 29.291973114, 29.8724708557, 30.4413604736, 31.0102481842, 31.5791378021, 32.171245575, 32.7517471313, 33.3438529968, 33.935962677, 34.5280723572, 35.1201820374, 35.7122879028, 36.3160095215, 36.9197273254, 37.5118370056, 38.1039466858, 38.6844444275, 39.2881622314, 39.8918800354, 40.4956016541, 41.0877075195, 41.6914291382, 42.2835350037, 42.8872566223, 43.4909744263, 44.0830841064, 44.6868019104]
},
"tonal": {
    "chords_changes_rate": 0.0576131679118,
    "chords_number_rate": 0.00823045242578,
    "chords_strength": {
        "mean": 0.513568878174,
        "var": 0.00731074949726
    },
    "hpcp_entropy": {
        "mean": 2.24053287506,
        "var": 0.476790219545
    },
    "key_strength": 0.701752185822,
    "tuning_diatonic_strength": 0.623735010624,
    "tuning_equal_tempered_deviation": 0.0508990883827,
    "tuning_frequency": 440.763122559,
    "tuning_nontempered_energy_ratio": 0.696373343468,
    "hpcp": {
        "mean": [0.377827107906, 0.253849923611, 0.120431430638, 0.102836877108, 0.107625350356, 0.226041778922, 0.334645181894, 0.226580306888, 0.108589231968, 0.0943162292242, 0.084447696805, 0.112909317017, 0.155290290713, 0.13834901154, 0.206293821335, 0.302921354771, 0.205917999148, 0.0953863561153, 0.0819295346737, 0.107410296798, 0.217016100883, 0.32172241807, 0.295904427767, 0.243687227368, 0.196175977588, 0.151101663709, 0.211680144072, 0.256022572517, 0.179411455989, 0.153464198112, 0.168520569801, 0.122154355049, 0.117696203291, 0.142881274223, 0.156549677253, 0.274317443371],
        "var": [0.110437221825, 0.0631004199386, 0.0324931666255, 0.0292936135083, 0.0276984199882, 0.0519325621426, 0.099820509553, 0.0523803308606, 0.0360595546663, 0.0315324701369, 0.0294743105769, 0.0319557599723, 0.04745792225, 0.0324562303722, 0.0475764721632, 0.101454757154, 0.0534788146615, 0.025989709422, 0.0226998105645, 0.03540128842, 0.0683851465583, 0.111665576696, 0.0889374166727, 0.0842418521643, 0.0676508545876, 0.0570275187492, 0.0582711063325, 0.0792966410518, 0.0390146411955, 0.0478753186762, 0.0655637532473, 0.029865257442, 0.0303183495998, 0.0443925112486, 0.0478900186718, 0.0776495784521]
    },
    "chords_histogram": [21.6049385071, 0.617283940315, 4.01234579086, 0, 0, 0, 0, 0, 0.308641970158, 0, 0, 0, 0, 0, 0, 7.20164632797, 0, 1.95473253727, 0, 8.43621444702, 11.1111106873, 12.3456792831, 32.4074058533, 0],
    "thpcp": [1, 0.671867966652, 0.318747460842, 0.272179722786, 0.284853428602, 0.598267734051, 0.885709822178, 0.599693119526, 0.287404567003, 0.249628007412, 0.223508834839, 0.298838585615, 0.411008864641, 0.366170167923, 0.546000599861, 0.801745951176, 0.545005917549, 0.252460330725, 0.216843977571, 0.284284263849, 0.574379384518, 0.851506948471, 0.783174157143, 0.644970178604, 0.519221544266, 0.399922758341, 0.560256659985, 0.677618324757, 0.474850684404, 0.406175732613, 0.44602560997, 0.323307543993, 0.311508089304, 0.378165751696, 0.414342105389, 0.726039588451],
    "chords_key": "D",
    "chords_scale": "major",
    "key_key": "A",
    "key_scale": "major"
}
}