{
"lowlevel": {
    "average_loudness": 0.796185970306,
    "barkbands_crest": {
        "mean": 13.028755188,
        "var": 16.9842510223
    },
    "barkbands_flatness_db": {
        "mean": 0.240451321006,
        "var": 0.00426130648702
    },
    "barkbands_kurtosis": {
        "mean": 12.9059514999,
        "var": 177.764862061
    },
    "barkbands_skewness": {
        "mean": 2.6089322567,
        "var": 1.32541239262
    },
    "barkbands_spread": {
        "mean": 6.70103693008,
        "var": 22.8895359039
    },
    "dissonance": {
        "mean": 0.411745727062,
        "var": 0.00176536955405
    },
    "dynamic_complexity": 2.20373296738,
    "erbbands_crest": {
        "mean": 10.4072856903,
        "var": 11.9354906082
    },
    "erbbands_flatness_db": {
        "mean": 0.221198126674,
        "var": 0.00279941316694
    },
    "erbbands_kurtosis": {
        "mean": 1.73157680035,
        "var": 8.01597309113
    },
    "erbbands_skewness": {
        "mean": 1.08329939842,
        "var": 0.56499683857
    },
    "erbbands_spread": {
        "mean": 26.8549556732,
        "var": 135.45274353
    },
    "hfc": {
        "mean": 10.6408672333,
        "var": 109.416648865
    },
    "melbands_crest": {
        "mean": 16.1042919159,
        "var": 26.4163722992
    },
    "melbands_flatness_db": {
        "mean": 0.327110588551,
        "var": 0.00610170373693
    },
    "melbands_kurtosis": {
        "mean": 22.6223220825,
        "var": 526.764587402
    },
    "melbands_skewness": {
        "mean": 3.28518939018,
        "var": 1.95329272747
    },
    "melbands_spread": {
        "mean": 7.02653598785,
        "var": 31.9644966125
    },
    "pitch_salience": {
        "mean": 0.496807157993,
        "var": 0.01105636172
    },
    "silence_rate_20dB": {
        "mean": 0.999485075474,
        "var": 0.000514667306561
    },
    "silence_rate_30dB": {
        "mean": 0.971678674221,
        "var": 0.0275196563452
    },
    "silence_rate_60dB": {
        "mean": 0.00308959838003,
        "var": 0.00308004394174
    },
    "spectral_centroid": {
        "mean": 457.78616333,
        "var": 54676.28125
    },
    "spectral_complexity": {
        "mean": 10.2425336838,
        "var": 19.0364055634
    },
    "spectral_decrease": {
        "mean": -8.26501533879e-009,
        "var": 6.28241491477e-017
    },
    "spectral_energy": {
        "mean": 0.0321592353284,
        "var": 0.000933194183744
    },
    "spectral_energyband_high": {
        "mean": 0.000148163497215,
        "var": 3.43674173564e-007
    },
    "spectral_energyband_low": {
        "mean": 0.0111896740273,
        "var": 0.000568134302739
    },
    "spectral_energyband_middle_high": {
        "mean": 0.00252108625136,
        "var": 1.34847414301e-005
    },
    "spectral_energyband_middle_low": {
        "mean": 0.0198109466583,
        "var": 0.000274950405583
    },
    "spectral_entropy": {
        "mean": 6.35339736938,
        "var": 0.264591395855
    },
    "spectral_flux": {
        "mean": 0.0635183677077,
        "var": 0.0016059759073
    },
    "spectral_kurtosis": {
        "mean": 16.6891422272,
        "var": 334.921234131
    },
    "spectral_rms": {
        "mean": 0.00521711446345,
        "var": 4.15658723796e-006
    },
    "spectral_rolloff": {
        "mean": 491.802093506,
        "var": 264621
    },
    "spectral_skewness": {
        "mean": 2.84057331085,
        "var": 1.44282221794
    },
    "spectral_spread": {
        "mean": 2970401.75,
        "var": 2.59066586726e+012
    },
    "spectral_strongpeak": {
        "mean": 0.817550897598,
        "var": 0.448466837406
    },
    "zerocrossingrate": {
        "mean": 0.0236391481012,
        "var": 0.000242532754783
    },
    "barkbands": {
        "mean": [0.000130893007736, 0.00217587943189, 0.00738085620105, 0.00270821060985, 0.0115854451433, 0.00346290390007, 0.000504066352732, 0.00104264728725, 0.000491677958053, 0.00019657087978, 0.00131657824386, 0.000221570036956, 0.000213772145798, 7.76302040322e-005, 0.000179093869519, 0.000126412065583, 9.77100644377e-005, 3.44740474247e-005, 5.2034494729e-005, 3.21760417137e-005, 3.6210523831e-005, 4.13636298617e-005, 1.8563154299e-005, 1.76018820639e-005, 1.11278095574e-005, 3.62717059943e-006, 1.81539803634e-007],
        "var": [6.49076383752e-008, 6.92869216437e-005, 0.0002580677683, 1.72614454641e-005, 0.000175325345481, 1.66829013324e-005, 6.78947969845e-007, 2.16336206904e-006, 6.0171748828e-007, 5.69120572891e-007, 7.36687798053e-006, 1.74727830426e-007, 3.75950776288e-007, 1.08825410905e-008, 2.14608135707e-007, 1.99497577569e-007, 8.96495393476e-008, 1.88163404857e-008, 1.499933866e-008, 1.0164497688e-008, 1.21664811559e-008, 6.17231208366e-008, 4.41590897182e-009, 9.51485734646e-009, 5.26404964063e-009, 5.87149384668e-010, 2.95344391305e-012]
    },
    "erbbands": {
        "mean": [0.0140008395538, 0.753810346127, 6.98461198807, 10.2984189987, 25.8627700806, 37.4724578857, 35.4135055542, 25.4523525238, 4.8004565239, 23.8783130646, 13.6089801788, 13.3107633591, 3.69056248665, 22.2230606079, 41.5607528687, 12.7629833221, 10.1580705643, 5.35991621017, 8.79809093475, 6.58692741394, 7.77377223969, 5.73220872879, 1.77952802181, 3.20900440216, 1.93280017376, 1.50338995457, 1.56879508495, 1.36136209965, 1.237819314, 1.05753624439, 0.551861166954, 0.497905671597, 0.239277854562, 0.122560344636, 0.0743944942951, 0.0241408273578, 0.00508733093739, 0.00081118469825, 3.59019686584e-005, 3.66173808288e-005],
        "var": [0.00150040932931, 7.37184762955, 346.463226318, 118.106269836, 1654.56604004, 1894.58251953, 1362.20568848, 954.583435059, 37.2781524658, 1046.98632813, 318.189331055, 420.924438477, 39.0699882507, 1954.62756348, 6632.20947266, 489.412536621, 854.422302246, 71.7726135254, 743.766479492, 122.064537048, 612.933959961, 381.73651123, 20.6401901245, 83.6697921753, 35.9782562256, 22.0484008789, 24.7211227417, 21.0484447479, 48.7004928589, 28.3860530853, 4.49737501144, 6.49945497513, 1.65277540684, 0.548877775669, 0.243093967438, 0.0285173226148, 0.00144949718378, 3.7267764128e-005, 2.29053043199e-008, 1.21979615297e-009]
    },
    "gfcc": {
        "mean": [-68.7364807129, 155.114379883, -107.102355957, 23.063703537, -57.2291717529, -0.402840822935, -41.3500671387, -19.0969200134, -28.0544490814, -16.1107540131, -15.0631885529, -8.69742679596, -6.67720890045],
        "cov": [[4679.81738281, -1905.52868652, -268.336914063, 374.990112305, -636.22442627, 515.214111328, -329.561523438, 350.729003906, -374.118408203, 114.708076477, -330.008056641, 230.505950928, -107.975624084], [-1905.52868652, 1801.57983398, -135.037719727, -332.087768555, 620.858398438, -412.561584473, 316.609313965, -306.341156006, 293.203735352, -185.204101563, 252.940170288, -148.960708618, 132.161117554], [-268.336914063, -135.037719727, 559.461547852, 87.4692382813, 52.1001663208, 129.375228882, 2.31777667999, 74.3356246948, -13.8546705246, 121.31590271, -14.7593870163, 25.0593128204, -47.497253418], [374.990112305, -332.087768555, 87.4692382813, 329.741943359, -58.7869338989, 84.3042373657, -25.5836009979, 36.526638031, -7.55841827393, 53.4391365051, -22.647069931, -25.4217281342, -26.9845638275], [-636.22442627, 620.858398438, 52.1001663208, -58.7869338989, 459.86907959, -76.9551391602, 127.102401733, -81.1621246338, 102.433883667, -11.7472171783, 67.9467849731, -28.633687973, 30.146982193], [515.214111328, -412.561584473, 129.375228882, 84.3042373657, -76.9551391602, 236.082458496, -29.4165325165, 98.2338790894, -56.3536300659, 61.0420608521, -53.0823936462, 57.487865448, -46.0554046631], [-329.561523438, 316.609313965, 2.31777667999, -25.5836009979, 127.102401733, -29.4165325165, 165.135513306, -29.268901825, 55.6262588501, -20.0144290924, 54.7396774292, -14.3778772354, 1.15447044373], [350.729003906, -306.341156006, 74.3356246948, 36.526638031, -81.1621246338, 98.2338790894, -29.268901825, 139.172653198, -39.9153900146, 51.127696991, -33.7201690674, 40.3036003113, -29.9116249084], [-374.118408203, 293.203735352, -13.8546705246, -7.55841827393, 102.433883667, -56.3536300659, 55.6262588501, -39.9153900146, 122.426483154, -7.8610329628, 43.2418136597, -27.9124069214, 10.9254169464], [114.708076477, -185.204101563, 121.31590271, 53.4391365051, -11.7472171783, 61.0420608521, -20.0144290924, 51.127696991, -7.8610329628, 129.163635254, -16.0167713165, 23.6608142853, -32.4506835938], [-330.008056641, 252.940170288, -14.7593870163, -22.647069931, 67.9467849731, -53.0823936462, 54.7396774292, -33.7201690674, 43.2418136597, -16.0167713165, 104.782943726, -19.5516357422, 12.7720088959], [230.505950928, -148.960708618, 25.0593128204, -25.4217281342, -28.633687973, 57.487865448, -14.3778772354, 40.3036003113, -27.9124069214, 23.6608142853, -19.5516357422, 110.752761841, -0.681470036507], [-107.975624084, 132.161117554, -47.497253418, -26.9845638275, 30.146982193, -46.0554046631, 1.15447044373, -29.9116249084, 10.9254169464, -32.4506835938, 12.7720088959, -0.681470036507, 86.5576858521]],
        "icov": [[0.000592443451751, -0.000489906640723, 0.000765433360357, -0.000830349687021, 0.000341178441886, -0.000903104839381, 0.000564458721783, -0.000799361325335, 0.00121600797866, -0.000315119104926, 0.00100906577427, -0.00078058463987, 0.000338436075253], [-0.000489906640723, 0.00985281914473, -0.00225952640176, 0.00612544966862, -0.00554569112137, 0.00552118057385, -0.00631310045719, 0.00604119384661, -0.00879923906177, 0.00441310042515, -0.00705157127231, 0.00444064754993, -0.00410359445959], [0.000765433360357, -0.00225952640176, 0.00379246659577, -0.00219928356819, 0.000766772427596, -0.00288770813495, 0.00168708048295, -0.00231006857939, 0.00315583590418, -0.00289673311636, 0.00216034566984, -0.00143425050192, 0.00136151432525], [-0.000830349687021, 0.00612544966862, -0.00219928356819, 0.00814007036388, -0.00307186227292, 0.00256077223457, -0.00396615033969, 0.00433429842815, -0.00673624826595, 0.00173121411353, -0.00484168203548, 0.00517768505961, -0.00282004009932], [0.000341178441886, -0.00554569112137, 0.000766772427596, -0.00307186227292, 0.00657515833154, -0.00310764182359, 0.00176464673132, -0.00218941667117, 0.00350696360692, -0.00297209224664, 0.00389376562089, -0.0024934427347, 0.00148140988313], [-0.000903104839381, 0.00552118057385, -0.00288770813495, 0.00256077223457, -0.00310764182359, 0.0119906980544, -0.00446309894323, 0.000955720897764, -0.00432997988537, 0.002497196896, -0.00297740590759, 0.000438248680439, -0.000565226830076], [0.000564458721783, -0.00631310045719, 0.00168708048295, -0.00396615033969, 0.00176464673132, -0.00446309894323, 0.0133514162153, -0.00431273365393, 0.00400450173765, -0.00137906905729, 0.00166031625122, -0.00326026813127, 0.00408176146448], [-0.000799361325335, 0.00604119384661, -0.00231006857939, 0.00433429842815, -0.00218941667117, 0.000955720897764, -0.00431273365393, 0.0161577574909, -0.00531958602369, 0.00044302578317, -0.00436211377382, 0.00158861640375, -0.00173168221954], [0.00121600797866, -0.00879923906177, 0.00315583590418, -0.00673624826595, 0.00350696360692, -0.00432997988537, 0.00400450173765, -0.00531958602369, 0.0210991110653, -0.00525151193142, 0.00514066731557, -0.00364605337381, 0.00374753912911], [-0.000315119104926, 0.00441310042515, -0.00289673311636, 0.00173121411353, -0.00297209224664, 0.002497196896, -0.00137906905729, 0.00044302578317, -0.00525151193142, 0.0138952825218, -0.00335392425768, 0.000359672063496, 0.000724190846086], [0.00100906577427, -0.00705157127231, 0.00216034566984, -0.00484168203548, 0.00389376562089, -0.00297740590759, 0.00166031625122, -0.00436211377382, 0.00514066731557, -0.00335392425768, 0.019121710211, -0.00342647451907, 0.00247688544914], [-0.00078058463987, 0.00444064754993, -0.00143425050192, 0.00517768505961, -0.0024934427347, 0.000438248680439, -0.00326026813127, 0.00158861640375, -0.00364605337381, 0.000359672063496, -0.00342647451907, 0.0146404886618, -0.00401684362441], [0.000338436075253, -0.00410359445959, 0.00136151432525, -0.00282004009932, 0.00148140988313, -0.000565226830076, 0.00408176146448, -0.00173168221954, 0.00374753912911, 0.000724190846086, 0.00247688544914, -0.00401684362441, 0.0160405449569]]
    },
    "melbands": {
        "mean": [0.000335640448611, 0.00281311338767, 0.00208198931068, 0.00259337597527, 0.00132473488338, 0.000568825460505, 6.89181615598e-005, 0.000271316064755, 0.000104466547782, 7.32327316655e-005, 1.51259937411e-005, 8.06813477539e-005, 0.000187096899026, 3.13309392368e-005, 2.21197606152e-005, 2.07986340683e-005, 8.36124490888e-006, 1.31159695229e-005, 1.02121139207e-005, 9.08627225726e-006, 8.26268296805e-006, 7.24254232409e-006, 1.31987678742e-006, 1.8910604922e-006, 2.75790648629e-006, 1.597179903e-006, 1.02659510048e-006, 1.0222209994e-006, 9.81087509899e-007, 8.77140394095e-007, 7.58779435728e-007, 5.48729019556e-007, 1.07547168682e-006, 3.70881537037e-007, 3.09245564267e-007, 3.39985490427e-007, 2.78738525594e-007, 1.66192208439e-007, 1.14069493407e-007, 1.04145591706e-007],
        "var": [1.43384977491e-006, 5.68988143641e-005, 5.68472205487e-006, 1.2237053852e-005, 1.33314790673e-006, 4.63564504116e-007, 9.96845628265e-009, 1.34519368089e-007, 1.97010248115e-008, 1.34296795906e-008, 1.05231590108e-009, 2.92964976722e-008, 1.54146803766e-007, 2.8567648247e-009, 2.40871478319e-009, 3.54384743773e-009, 1.32366978489e-010, 1.6557700766e-009, 4.47985148977e-010, 6.98034463564e-010, 6.42817354901e-010, 7.11789016616e-010, 1.04147376487e-011, 3.4689993933e-011, 5.94162982703e-011, 2.39788102568e-011, 8.28284055926e-012, 1.3413300852e-011, 1.21455250371e-011, 8.9387854757e-012, 7.25582441352e-012, 5.87710088928e-012, 7.26019036557e-011, 2.16060155878e-012, 1.70223362315e-012, 1.89670740051e-012, 2.97503514879e-012, 1.06695392538e-012, 2.2393489786e-013, 6.88704844022e-013]
    },
    "mfcc": {
        "mean": [-714.961730957, 179.205581665, 10.5990228653, 23.3515319824, 3.5795109272, 10.312754631, -6.64371728897, -5.0918712616, -11.0673503876, -9.91469573975, -17.0910186768, -8.09410858154, -1.16269207001],
        "cov": [[4158.4296875, -1722.94287109, -142.857421875, -3.51602244377, -299.585021973, 32.6917991638, -77.2594451904, 163.995361328, 5.90878105164, 31.6179599762, -7.60940933228, -151.655349731, -256.704528809], [-1722.94287109, 1583.42602539, -263.368530273, -42.7953872681, 220.680297852, -18.7934894562, 65.114944458, -48.139667511, 25.40599823, -89.2444229126, -40.9448661804, 68.8694915771, 207.954437256], [-142.857421875, -263.368530273, 452.605407715, 18.4693984985, 12.8142461777, 44.6973152161, 39.3502311707, 4.69384479523, 12.5918893814, 56.7118759155, 40.0848960876, 40.5804214478, -24.5737762451], [-3.51602244377, -42.7953872681, 18.4693984985, 215.696258545, 35.7188911438, 45.9174957275, 18.0065631866, -18.4427280426, 16.6092147827, 22.1615180969, 22.8854160309, 17.5129356384, 8.10865974426], [-299.585021973, 220.680297852, 12.8142461777, 35.7188911438, 226.814651489, 51.49559021, 49.2379112244, -6.09285402298, 35.6756744385, 2.80446529388, 5.27836275101, 29.8089790344, 52.816619873], [32.6917991638, -18.7934894562, 44.6973152161, 45.9174957275, 51.49559021, 150.186203003, 37.643611908, 22.5947818756, 24.3038578033, 4.53205919266, 26.3552150726, 28.1964817047, 36.1015357971], [-77.2594451904, 65.114944458, 39.3502311707, 18.0065631866, 49.2379112244, 37.643611908, 124.630195618, 15.4191322327, 4.94450283051, 14.0417718887, 15.8210763931, 27.9830856323, 20.6271743774], [163.995361328, -48.139667511, 4.69384479523, -18.4427280426, -6.09285402298, 22.5947818756, 15.4191322327, 116.331497192, 4.13361978531, 6.77103757858, -0.465226948261, -11.2629766464, 17.5497245789], [5.90878105164, 25.40599823, 12.5918893814, 16.6092147827, 35.6756744385, 24.3038578033, 4.94450283051, 4.13361978531, 91.0614624023, 1.54980313778, 2.43063354492, 14.0026073456, 11.7825164795], [31.6179599762, -89.2444229126, 56.7118759155, 22.1615180969, 2.80446529388, 4.53205919266, 14.0417718887, 6.77103757858, 1.54980313778, 88.2050170898, 23.1821136475, 4.00108003616, -8.01837921143], [-7.60940933228, -40.9448661804, 40.0848960876, 22.8854160309, 5.27836275101, 26.3552150726, 15.8210763931, -0.465226948261, 2.43063354492, 23.1821136475, 89.0844726563, 7.77676677704, 1.42745542526], [-151.655349731, 68.8694915771, 40.5804214478, 17.5129356384, 29.8089790344, 28.1964817047, 27.9830856323, -11.2629766464, 14.0026073456, 4.00108003616, 7.77676677704, 114.353973389, 51.6956329346], [-256.704528809, 207.954437256, -24.5737762451, 8.10865974426, 52.816619873, 36.1015357971, 20.6271743774, 17.5497245789, 11.7825164795, -8.01837921143, 1.42745542526, 51.6956329346, 153.653152466]],
        "icov": [[0.000605931738392, 0.000726702739485, 0.000635923293885, 8.00802517915e-005, 0.000107538980956, -0.000201635542908, -0.000208848970942, -0.000518704415299, -0.000345413660398, 0.000160392111866, 0.000124333091662, 7.24660421838e-005, 0.000233284648857], [0.000726702739485, 0.00194130104501, 0.00125038402621, 0.000366206601029, -0.000691850320436, 0.000271393830189, -0.000762296724133, -0.000101390942291, -0.000490459613502, 0.000820856308565, 0.000207453573239, -7.59267641115e-006, -0.000863588240463], [0.000635923293885, 0.00125038402621, 0.00355486012995, 0.000395842420403, -0.000246705429163, -0.000590912532061, -0.000814913073555, -0.000372250535293, -0.00053684762679, -0.000932055001613, -0.000403989106417, -0.00101916468702, 0.000632516865153], [8.00802517915e-005, 0.000366206601029, 0.000395842420403, 0.00542687438428, -0.000554976228159, -0.00138682045508, -0.000282634835457, 0.00123488157988, -0.0005236651632, -0.00107476511039, -0.000582540174946, -0.0002181011223, -0.000108553373138], [0.000107538980956, -0.000691850320436, -0.000246705429163, -0.000554976228159, 0.00634443107992, -0.00145453994628, -0.00143980060238, 0.00050294038374, -0.00169234198984, -0.000527236843482, 0.000423673482146, 0.000307803275064, -0.000602626183536], [-0.000201635542908, 0.000271393830189, -0.000590912532061, -0.00138682045508, -0.00145453994628, 0.00943053979427, -0.00139330653474, -0.00139523064718, -0.00117408961523, 0.00138887704816, -0.00196921569295, -0.000774872954935, -0.00165334972553], [-0.000208848970942, -0.000762296724133, -0.000814913073555, -0.000282634835457, -0.00143980060238, -0.00139330653474, 0.0102376472205, -0.00142945430707, 0.00106243672781, -0.00116639619227, -0.000841736153234, -0.00172719277907, 0.000625139044132], [-0.000518704415299, -0.000101390942291, -0.000372250535293, 0.00123488157988, 0.00050294038374, -0.00139523064718, -0.00142945430707, 0.0106239365414, -0.000341218372341, -0.000981249730103, 0.000574974750634, 0.00206843530759, -0.00244695646688], [-0.000345413660398, -0.000490459613502, -0.00053684762679, -0.0005236651632, -0.00169234198984, -0.00117408961523, 0.00106243672781, -0.000341218372341, 0.0123819885775, -0.000119817850646, 0.000161287985975, -0.00106010166928, 0.000181850933586], [0.000160392111866, 0.000820856308565, -0.000932055001613, -0.00107476511039, -0.000527236843482, 0.00138887704816, -0.00116639619227, -0.000981249730103, -0.000119817850646, 0.0138982348144, -0.0026972508058, -7.91382335592e-005, -2.5614615879e-005], [0.000124333091662, 0.000207453573239, -0.000403989106417, -0.000582540174946, 0.000423673482146, -0.00196921569295, -0.000841736153234, 0.000574974750634, 0.000161287985975, -0.0026972508058, 0.0130603602156, 0.000123096018797, -5.84160334256e-005], [7.24660421838e-005, -7.59267641115e-006, -0.00101916468702, -0.0002181011223, 0.000307803275064, -0.000774872954935, -0.00172719277907, 0.00206843530759, -0.00106010166928, -7.91382335592e-005, 0.000123096018797, 0.011845882982, -0.00385772320442], [0.000233284648857, -0.000863588240463, 0.000632516865153, -0.000108553373138, -0.000602626183536, -0.00165334972553, 0.000625139044132, -0.00244695646688, 0.000181850933586, -2.5614615879e-005, -5.84160334256e-005, -0.00385772320442, 0.0102479141206]]
    },
    "spectral_contrast_coeffs": {
        "mean": [-0.488424569368, -0.633207082748, -0.70768982172, -0.745990276337, -0.753727436066, -0.730375766754],
        "var": [0.00675714714453, 0.00522115686908, 0.00503680529073, 0.00250685401261, 0.00239533721469, 0.00259278644808]
    },
    "spectral_contrast_valleys": {
        "mean": [-7.63241577148, -7.25541639328, -8.08729362488, -8.73511886597, -9.27386188507, -12.2500638962],
        "var": [0.744973599911, 0.483139365911, 0.465085208416, 0.547574520111, 0.794207215309, 1.34451496601]
    }
},
"metadata": {
    "audio_properties": {
        "analysis_sample_rate": 44100,
        "bit_rate": 128074,
        "equal_loudness": 0,
        "length": 45.0612258911,
        "lossless": 0,
        "replay_gain": -3.79835891724,
        "sample_rate": 44100,
        "codec": "mp3",
        "downmix": "mix",
        "md5_encoded": "d13dfc61fdebe774592aec8cf4cb2ee8"
    },
    "tags": {
        "file_name": "1228.mp3"
    },
    "version": {
        "essentia": "2.1-beta2",
        "essentia_git_sha": "v2.1_beta2",
        "extractor": "music 1.0"
    }
},
"rhythm": {
    "beats_count": 87,
    "beats_loudness": {
        "mean": 0.0489357747138,
        "var": 0.00249822088517
    },
    "bpm": 117.482093811,
    "bpm_histogram_first_peak_bpm": {
        "mean": 117,
        "var": 0
    },
    "bpm_histogram_first_peak_spread": {
        "mean": 0.466666698456,
        "var": 0
    },
    "bpm_histogram_first_peak_weight": {
        "mean": 0.37209302187,
        "var": 0
    },
    "bpm_histogram_second_peak_bpm": {
        "mean": 123,
        "var": 0
    },
    "bpm_histogram_second_peak_spread": {
        "mean": 0.076923109591,
        "var": 0
    },
    "bpm_histogram_second_peak_weight": {
        "mean": 0.139534890652,
        "var": 0
    },
    "danceability": 1.17356824875,
    "onset_rate": 5.43459653854,
    "beats_loudness_band_ratio": {
        "mean": [0.480084836483, 0.502090513706, 0.0668255612254, 0.0515622124076, 0.013622129336, 0.00666702771559],
        "var": [0.0540721230209, 0.0568734109402, 0.00613564858213, 0.00331341056153, 0.000271564320428, 0.000190376100363]
    },
    "beats_position": [0.522448956966, 1.05650794506, 1.57895684242, 2.11301589012, 2.62385487556, 3.13469386101, 3.65714287758, 4.1679816246, 4.67882061005, 5.20126962662, 5.71210861206, 6.2229475975, 6.72217655182, 7.20979595184, 7.72063493729, 8.24308395386, 8.75392246246, 9.26476192474, 9.77560043335, 10.2864398956, 10.8204984665, 11.3429479599, 11.8653964996, 12.3762359619, 12.8754644394, 13.3979139328, 13.9087524414, 14.4195919037, 14.9304304123, 15.4296598434, 15.9404983521, 16.4629478455, 16.9737873077, 17.4846248627, 17.995464325, 18.5179138184, 19.0403633118, 19.5512008667, 20.062040329, 20.5960998535, 21.1185474396, 21.6526069641, 22.1866664886, 22.7323360443, 23.2896137238, 23.8236732483, 24.3577327728, 24.9034004211, 25.4490699768, 25.9715194702, 26.5171871185, 27.0396366119, 27.5620861053, 28.0729255676, 28.5837631226, 29.0829925537, 29.5822219849, 30.0930614471, 30.5806789398, 31.079908371, 31.567527771, 32.0551452637, 32.5659866333, 33.0768241882, 33.5760536194, 34.0636711121, 34.5745124817, 35.0621299744, 35.5497512817, 36.0605888367, 36.5598182678, 37.059047699, 37.5466651917, 38.034286499, 38.5219039917, 39.0211334229, 39.520362854, 39.9963722229, 40.4956016541, 41.006439209, 41.4940567017, 41.981678009, 42.492515564, 42.9917449951, 43.4909744263, 44.0018119812, 44.5126533508]
},
"tonal": {
    "chords_changes_rate": 0.0534979440272,
    "chords_number_rate": 0.00925925932825,
    "chords_strength": {
        "mean": 0.469001501799,
        "var": 0.00740014854819
    },
    "hpcp_entropy": {
        "mean": 1.53349816799,
        "var": 0.581633985043
    },
    "key_strength": 0.71297878027,
    "tuning_diatonic_strength": 0.509135663509,
    "tuning_equal_tempered_deviation": 0.0903484672308,
    "tuning_frequency": 438.477722168,
    "tuning_nontempered_energy_ratio": 0.647832214832,
    "hpcp": {
        "mean": [0.242252737284, 0.165466666222, 0.0398324988782, 0.0188519656658, 0.0156544931233, 0.0552536919713, 0.130195751786, 0.115502476692, 0.294461995363, 0.576740264893, 0.347900956869, 0.0390503816307, 0.0147600583732, 0.0185985192657, 0.0842947438359, 0.172715678811, 0.113716073334, 0.0172192156315, 0.00542597984895, 0.00760498270392, 0.0852783694863, 0.217797607183, 0.158473387361, 0.0393338054419, 0.0618067681789, 0.0619950704277, 0.0336560122669, 0.0398203283548, 0.0407612659037, 0.0983580872416, 0.195240408182, 0.148260504007, 0.0679364949465, 0.0800741687417, 0.0980841517448, 0.157088458538],
        "var": [0.122565843165, 0.0760395303369, 0.012021323666, 0.00744290836155, 0.00738087762147, 0.0111146755517, 0.0453309826553, 0.030237659812, 0.0680046156049, 0.175261408091, 0.078683950007, 0.00621258979663, 0.00372637133114, 0.00359672564082, 0.0237505622208, 0.0875422954559, 0.0426436699927, 0.00282875774428, 0.000311207579216, 0.000639792706352, 0.0156131917611, 0.0847137793899, 0.0494202673435, 0.00669786846265, 0.0270755439997, 0.0296476222575, 0.0100037325174, 0.0244511701167, 0.0177811086178, 0.0376861952245, 0.10609793663, 0.0645555406809, 0.0260714069009, 0.0463231913745, 0.0547369532287, 0.062144998461]
    },
    "chords_histogram": [30.144033432, 4.83539104462, 3.49794244766, 0, 8.02469158173, 0, 0, 0, 3.70370364189, 0, 0, 0, 0, 0, 0.102880656719, 0, 0, 3.29218101501, 0, 0, 0, 1.95473253727, 13.8888893127, 30.5555553436],
    "thpcp": [1, 0.60321944952, 0.0677087828517, 0.0255922097713, 0.0322476513684, 0.146157205105, 0.29946872592, 0.197170332074, 0.0298561006784, 0.00940801296383, 0.0131861483678, 0.147862687707, 0.377635508776, 0.274774283171, 0.0682002082467, 0.107165686786, 0.107492186129, 0.0583555810153, 0.0690437778831, 0.0706752538681, 0.170541390777, 0.338523983955, 0.257066339254, 0.117793917656, 0.13883921504, 0.170066416264, 0.272372961044, 0.420037835836, 0.286899805069, 0.0690648853779, 0.0326870977879, 0.0271430555731, 0.095803424716, 0.225744172931, 0.200267747045, 0.510562598705],
    "chords_key": "A",
    "chords_scale": "minor",
    "key_key": "C",
    "key_scale": "major"
}
}