{
"lowlevel": {
    "average_loudness": 0.968166351318,
    "barkbands_crest": {
        "mean": 8.66996192932,
        "var": 10.1538133621
    },
    "barkbands_flatness_db": {
        "mean": 0.131155580282,
        "var": 0.00146595854312
    },
    "barkbands_kurtosis": {
        "mean": 2.37700629234,
        "var": 21.5231800079
    },
    "barkbands_skewness": {
        "mean": 1.41474556923,
        "var": 1.00868904591
    },
    "barkbands_spread": {
        "mean": 28.4011993408,
        "var": 155.9712677
    },
    "dissonance": {
        "mean": 0.466643512249,
        "var": 0.00043280099635
    },
    "dynamic_complexity": 1.6979162693,
    "erbbands_crest": {
        "mean": 7.07215023041,
        "var": 8.64954280853
    },
    "erbbands_flatness_db": {
        "mean": 0.155651763082,
        "var": 0.00132621743251
    },
    "erbbands_kurtosis": {
        "mean": -0.555759727955,
        "var": 0.718804121017
    },
    "erbbands_skewness": {
        "mean": -0.214068979025,
        "var": 0.345947504044
    },
    "erbbands_spread": {
        "mean": 46.3765869141,
        "var": 195.856658936
    },
    "hfc": {
        "mean": 19.3324298859,
        "var": 265.588684082
    },
    "melbands_crest": {
        "mean": 12.9110097885,
        "var": 17.2078151703
    },
    "melbands_flatness_db": {
        "mean": 0.186123326421,
        "var": 0.00268369424157
    },
    "melbands_kurtosis": {
        "mean": 12.2657852173,
        "var": 175.357208252
    },
    "melbands_skewness": {
        "mean": 2.84458351135,
        "var": 1.88015520573
    },
    "melbands_spread": {
        "mean": 28.6845149994,
        "var": 352.639282227
    },
    "pitch_salience": {
        "mean": 0.547671854496,
        "var": 0.00770886801183
    },
    "silence_rate_20dB": {
        "mean": 1,
        "var": 0
    },
    "silence_rate_30dB": {
        "mean": 1,
        "var": 0
    },
    "silence_rate_60dB": {
        "mean": 0.00411734450608,
        "var": 0.00410060398281
    },
    "spectral_centroid": {
        "mean": 1854.0526123,
        "var": 566715.4375
    },
    "spectral_complexity": {
        "mean": 20.6680393219,
        "var": 40.0690956116
    },
    "spectral_decrease": {
        "mean": -6.09113426364e-009,
        "var": 1.75881080998e-017
    },
    "spectral_energy": {
        "mean": 0.0247428473085,
        "var": 0.00027364314883
    },
    "spectral_energyband_high": {
        "mean": 0.000909536611289,
        "var": 1.73803596226e-006
    },
    "spectral_energyband_low": {
        "mean": 0.0109567586333,
        "var": 0.000151421554619
    },
    "spectral_energyband_middle_high": {
        "mean": 0.00504401884973,
        "var": 2.74320318567e-005
    },
    "spectral_energyband_middle_low": {
        "mean": 0.0094083501026,
        "var": 4.66666679131e-005
    },
    "spectral_entropy": {
        "mean": 7.49810266495,
        "var": 0.0965981706977
    },
    "spectral_flux": {
        "mean": 0.0851212590933,
        "var": 0.00205570063554
    },
    "spectral_kurtosis": {
        "mean": 3.26679086685,
        "var": 2.97514224052
    },
    "spectral_rms": {
        "mean": 0.00468624616042,
        "var": 2.17846991291e-006
    },
    "spectral_rolloff": {
        "mean": 1781.62731934,
        "var": 2288365.5
    },
    "spectral_skewness": {
        "mean": 1.0787075758,
        "var": 0.13056345284
    },
    "spectral_spread": {
        "mean": 3952232,
        "var": 2.9133331497e+012
    },
    "spectral_strongpeak": {
        "mean": 0.646968662739,
        "var": 1.05496656895
    },
    "zerocrossingrate": {
        "mean": 0.0619390904903,
        "var": 0.000885959598236
    },
    "barkbands": {
        "mean": [0.000459108036011, 0.00591732515022, 0.00309151760302, 0.0024495027028, 0.00235214037821, 0.0020191562362, 0.000681567355059, 0.000852621800732, 0.000885496498086, 0.000557093822863, 0.000586712150835, 0.000453112239484, 0.000383733568015, 0.000456845300505, 0.000347181834513, 0.000279193598544, 0.000306174857542, 0.00062233407516, 0.00069093570346, 0.000671911227982, 0.000368575041648, 0.00015166081721, 7.66391021898e-005, 4.2164210754e-005, 3.02180524159e-005, 9.69579559751e-006, 2.61810299662e-007],
        "var": [1.62364426615e-006, 5.83427718084e-005, 1.5614041331e-005, 1.19852393254e-005, 6.66174446451e-006, 5.07333015776e-006, 1.04914681742e-006, 3.13525697493e-006, 6.43602470518e-006, 1.81586892722e-006, 1.56029148002e-006, 5.50672098143e-007, 9.47798071138e-007, 1.10455493996e-006, 3.89717911276e-007, 1.17628367491e-007, 1.32627022253e-007, 9.41728160342e-007, 1.37533845646e-006, 6.07429967658e-007, 7.25581855932e-007, 7.30443048269e-008, 6.90419170724e-008, 7.15626802261e-009, 3.28248828119e-009, 4.05704581041e-010, 9.20480271865e-013]
    },
    "erbbands": {
        "mean": [0.179411128163, 1.30978190899, 3.01943492889, 7.3165268898, 6.63901281357, 6.82904529572, 20.0907783508, 11.0103740692, 8.88095569611, 12.9237012863, 23.2974834442, 19.4461307526, 14.4397268295, 28.0509262085, 14.9680271149, 20.9188594818, 17.7714366913, 27.2831249237, 17.9261245728, 15.6734628677, 16.8548965454, 16.7660636902, 32.1598625183, 34.9205360413, 41.9511604309, 25.691192627, 18.6675243378, 10.6269369125, 5.86542272568, 2.72268867493, 2.37661671638, 0.906334340572, 0.831651628017, 0.49333947897, 0.115901060402, 0.0508216172457, 0.0156969819218, 0.00213441997766, 6.16987308604e-005, 3.18911770592e-005],
        "var": [0.0944604352117, 2.09776186943, 13.3046112061, 80.8337554932, 81.0225372314, 60.940700531, 620.312316895, 170.246246338, 120.870994568, 348.511047363, 2946.51416016, 2536.91064453, 1383.16003418, 3525.80737305, 1655.5670166, 1094.86047363, 1893.67614746, 3226.44726563, 1767.04614258, 428.046081543, 284.544372559, 323.476593018, 1978.27490234, 3899.63549805, 2741.42822266, 821.406982422, 1484.17175293, 537.157104492, 113.778419495, 30.8816738129, 78.4739608765, 5.19620609283, 3.03213834763, 0.960345566273, 0.0567982830107, 0.0120373815298, 0.0011150498176, 2.44582242885e-005, 1.57306594417e-008, 4.22033796799e-010]
    },
    "gfcc": {
        "mean": [2.70626449585, 107.002227783, -133.262466431, 56.6075935364, -53.7813644409, 6.31778049469, -29.9875545502, 8.27447128296, -27.9894199371, 2.15434861183, -9.04661560059, -7.17903614044, -4.19682312012],
        "cov": [[4319.421875, -399.357879639, -86.0839767456, 60.9846954346, -166.040008545, 233.973480225, -71.5611877441, 174.031051636, -185.814941406, 107.802261353, -156.484695435, 121.725967407, -173.724945068], [-399.357879639, 859.730712891, -160.699264526, 116.679405212, 85.6429367065, -128.998947144, 145.48600769, -70.7579574585, 122.624610901, -94.5501403809, 121.951965332, -164.834396362, 134.093383789], [-86.0839767456, -160.699264526, 751.079956055, -1.13086640835, 122.637763977, 165.013198853, -98.5607223511, 90.0996322632, 20.6521072388, 87.0037384033, -49.3439407349, 152.568008423, -86.5785903931], [60.9846954346, 116.679405212, -1.13086640835, 305.199127197, 45.8192367554, 25.8265781403, 59.2122879028, -38.5424804688, 54.8408813477, -16.5867137909, 44.9701652527, -36.0793991089, 50.7130279541], [-166.040008545, 85.6429367065, 122.637763977, 45.8192367554, 192.874343872, 43.4019470215, 25.9261264801, 20.3684005737, 12.2897977829, 13.8804159164, -0.419479101896, 13.5470638275, 7.50757551193], [233.973480225, -128.998947144, 165.013198853, 25.8265781403, 43.4019470215, 188.841262817, 12.4965181351, 38.7590179443, 14.4032297134, 27.4938201904, -16.6598148346, 55.6217269897, -36.3668785095], [-71.5611877441, 145.48600769, -98.5607223511, 59.2122879028, 25.9261264801, 12.4965181351, 181.595001221, 11.8024215698, 11.4426107407, -17.2643680573, 22.863910675, -48.5486564636, 22.145401001], [174.031051636, -70.7579574585, 90.0996322632, -38.5424804688, 20.3684005737, 38.7590179443, 11.8024215698, 111.408401489, 5.70985269547, 25.5186061859, -14.8088874817, 23.7275447845, -28.2278156281], [-185.814941406, 122.624610901, 20.6521072388, 54.8408813477, 12.2897977829, 14.4032297134, 11.4426107407, 5.70985269547, 111.928955078, 8.26427364349, 30.8172931671, -26.8630447388, 24.0453281403], [107.802261353, -94.5501403809, 87.0037384033, -16.5867137909, 13.8804159164, 27.4938201904, -17.2643680573, 25.5186061859, 8.26427364349, 89.9933013916, -1.71212995052, 32.9077606201, -19.9471530914], [-156.484695435, 121.951965332, -49.3439407349, 44.9701652527, -0.419479101896, -16.6598148346, 22.863910675, -14.8088874817, 30.8172931671, -1.71212995052, 89.8518676758, -14.4257688522, 37.2564811707], [121.725967407, -164.834396362, 152.568008423, -36.0793991089, 13.5470638275, 55.6217269897, -48.5486564636, 23.7275447845, -26.8630447388, 32.9077606201, -14.4257688522, 125.333854675, -20.256280899], [-173.724945068, 134.093383789, -86.5785903931, 50.7130279541, 7.50757551193, -36.3668785095, 22.145401001, -28.2278156281, 24.0453281403, -19.9471530914, 37.2564811707, -20.256280899, 102.753692627]],
        "icov": [[0.000561442866456, -0.000872115080711, 0.000743448443245, -0.000974677561317, 0.000942891172599, -0.00121074949857, 0.00097609119257, -0.00145281828009, 0.00162116577849, -0.00130655674729, 0.00129597424529, -0.00081642169971, 0.000824073329568], [-0.000872115080711, 0.00487229321152, -0.00206694379449, 0.00236555049196, -0.00308138248511, 0.00369966984726, -0.00347121688537, 0.00362062966451, -0.00503690214828, 0.00457114726305, -0.00464310543612, 0.00382017018273, -0.00296194804832], [0.000743448443245, -0.00206694379449, 0.0038912538439, -0.00197533983737, 0.000406600098358, -0.0028721448034, 0.00291396793909, -0.0031715540681, 0.00182184833102, -0.0030071225483, 0.00296542118303, -0.0038078497164, 0.00282645504922], [-0.000974677561317, 0.00236555049196, -0.00197533983737, 0.00650504603982, -0.00262841559015, 0.00156022876035, -0.00322837987915, 0.00467748660594, -0.00462258420885, 0.00331232463941, -0.00395124545321, 0.00296737928875, -0.00314246560447], [0.000942891172599, -0.00308138248511, 0.000406600098358, -0.00262841559015, 0.00879474449903, -0.00339631759562, 0.00141379551496, -0.00351855671033, 0.00429122429341, -0.00373109290376, 0.00368783506565, -0.00201632757671, 0.000676140538417], [-0.00121074949857, 0.00369966984726, -0.0028721448034, 0.00156022876035, -0.00339631759562, 0.0116879511625, -0.00483659282327, 0.00309407711029, -0.00648226449266, 0.00406678626314, -0.00317165930755, -0.000173478707438, -0.000365819112631], [0.00097609119257, -0.00347121688537, 0.00291396793909, -0.00322837987915, 0.00141379551496, -0.00483659282327, 0.0105459662154, -0.00556380208582, 0.00524548720568, -0.00329995900393, 0.00248768669553, -0.000292265845928, 0.00178470695391], [-0.00145281828009, 0.00362062966451, -0.0031715540681, 0.00467748660594, -0.00351855671033, 0.00309407711029, -0.00556380208582, 0.0162936449051, -0.00674045085907, 0.00279756402597, -0.00361121003516, 0.00235183513723, -0.00124128744937], [0.00162116577849, -0.00503690214828, 0.00182184833102, -0.00462258420885, 0.00429122429341, -0.00648226449266, 0.00524548720568, -0.00674045085907, 0.0190222691745, -0.00725054601207, 0.00237259618007, 0.000372085341951, 0.000894765602425], [-0.00130655674729, 0.00457114726305, -0.0030071225483, 0.00331232463941, -0.00373109290376, 0.00406678626314, -0.00329995900393, 0.00279756402597, -0.00725054601207, 0.0186785906553, -0.00614206492901, 0.00130286824424, -0.00134464527946], [0.00129597424529, -0.00464310543612, 0.00296542118303, -0.00395124545321, 0.00368783506565, -0.00317165930755, 0.00248768669553, -0.00361121003516, 0.00237259618007, -0.00614206492901, 0.0198128540069, -0.00507933553308, -0.000153719811351], [-0.00081642169971, 0.00382017018273, -0.0038078497164, 0.00296737928875, -0.00201632757671, -0.000173478707438, -0.000292265845928, 0.00235183513723, 0.000372085341951, 0.00130286824424, -0.00507933553308, 0.0173979606479, -0.00480634067208], [0.000824073329568, -0.00296194804832, 0.00282645504922, -0.00314246560447, 0.000676140538417, -0.000365819112631, 0.00178470695391, -0.00124128744937, 0.000894765602425, -0.00134464527946, -0.000153719811351, -0.00480634067208, 0.0166563764215]]
    },
    "melbands": {
        "mean": [0.00169051077683, 0.00168108416256, 0.00124551414046, 0.000419560907176, 0.00062307267217, 0.000278996070847, 0.000142052362207, 0.000143316035974, 0.000202037059353, 0.000115173490485, 6.86823041178e-005, 0.000110193752334, 5.59426734981e-005, 4.70329396194e-005, 5.01233625982e-005, 3.95733150071e-005, 5.25686773472e-005, 2.61628210865e-005, 2.6924040867e-005, 1.99041969609e-005, 1.8833528884e-005, 1.60576837516e-005, 2.522615614e-005, 2.84029392787e-005, 2.72015349765e-005, 3.15851539199e-005, 3.00985175272e-005, 1.37698907565e-005, 1.10316914288e-005, 1.01909763544e-005, 5.00877922605e-006, 3.59595605914e-006, 2.18529180529e-006, 1.17976219371e-006, 1.4442483689e-006, 1.01036164324e-006, 3.77064225177e-007, 5.32121532615e-007, 6.82662857798e-007, 3.16466156391e-007],
        "var": [5.97289363213e-006, 3.11353528559e-006, 2.1395294425e-006, 2.4870448101e-007, 5.1013068969e-007, 9.32572348233e-008, 3.33870140423e-008, 4.76373074321e-008, 2.50552801617e-007, 1.16285711727e-007, 3.73646535934e-008, 5.7880711779e-008, 1.73011134308e-008, 7.16419457092e-009, 1.10716102952e-008, 1.20741177057e-008, 1.37857094629e-008, 5.86560267024e-009, 1.25536425699e-009, 8.32853508381e-010, 3.96217919585e-010, 3.31582317159e-010, 1.18464216214e-009, 1.97017024917e-009, 2.83822654268e-009, 2.7231057409e-009, 1.38943867523e-009, 2.95621610524e-010, 5.25847865251e-010, 7.22383708407e-010, 1.14443905741e-010, 5.20637248591e-011, 1.62626630912e-011, 8.59699724604e-012, 3.36605431028e-011, 1.15995962835e-011, 6.58143082134e-013, 1.26826186272e-012, 2.31284696256e-012, 4.12504720052e-013]
    },
    "mfcc": {
        "mean": [-628.554382324, 120.693405151, -11.948975563, 45.573135376, 2.03347039223, 2.82257676125, 10.943567276, -2.67387318611, 0.60427325964, -0.213471099734, 0.360131382942, -2.42523336411, 0.461066901684],
        "cov": [[2019.23413086, -369.803466797, -14.790099144, -66.4977340698, -77.8749008179, 46.5526390076, 94.4797058105, 65.2537155151, 10.7962465286, 15.3499164581, 72.6125793457, -4.1835103035, -93.3729858398], [-369.803466797, 666.769348145, -52.3293685913, 90.4108886719, 20.3202400208, -41.0215187073, 26.8784980774, -15.201836586, 45.5126075745, 16.2453956604, -0.103379689157, 17.4152870178, 33.678527832], [-14.790099144, -52.3293685913, 477.25491333, -23.623254776, 151.857223511, 79.4799957275, -45.840549469, 70.4885635376, -14.4940061569, 42.8763389587, -1.9902857542, 23.514629364, 70.0883255005], [-66.4977340698, 90.4108886719, -23.623254776, 257.099456787, 9.15013313293, 40.4742202759, 34.8896942139, -7.77442359924, 27.7764339447, 4.51176261902, 9.79889011383, -9.26765727997, 5.64311075211], [-77.8749008179, 20.3202400208, 151.857223511, 9.15013313293, 214.277328491, 46.4192810059, -20.1700382233, 31.8054237366, 7.26625871658, 22.4988689423, -19.0724887848, 11.9836149216, 48.6215705872], [46.5526390076, -41.0215187073, 79.4799957275, 40.4742202759, 46.4192810059, 161.290710449, 22.219669342, 38.486289978, 12.3153181076, 11.4852819443, 11.4762086868, 10.1494035721, 9.93750858307], [94.4797058105, 26.8784980774, -45.840549469, 34.8896942139, -20.1700382233, 22.219669342, 136.878143311, 28.0829658508, 24.1464958191, 0.400395154953, 21.3902606964, -0.386642277241, -16.2369403839], [65.2537155151, -15.201836586, 70.4885635376, -7.77442359924, 31.8054237366, 38.486289978, 28.0829658508, 115.394218445, 12.0015096664, 8.75482559204, 9.11861610413, 6.10332584381, 7.66277933121], [10.7962465286, 45.5126075745, -14.4940061569, 27.7764339447, 7.26625871658, 12.3153181076, 24.1464958191, 12.0015096664, 92.7237701416, 15.8470287323, 5.80825424194, 5.12160587311, -0.982802569866], [15.3499164581, 16.2453956604, 42.8763389587, 4.51176261902, 22.4988689423, 11.4852819443, 0.400395154953, 8.75482559204, 15.8470287323, 102.371116638, 24.8150482178, -3.81190085411, 6.93357419968], [72.6125793457, -0.103379689157, -1.9902857542, 9.79889011383, -19.0724887848, 11.4762086868, 21.3902606964, 9.11861610413, 5.80825424194, 24.8150482178, 90.8313980103, 10.8057374954, -23.8290920258], [-4.1835103035, 17.4152870178, 23.514629364, -9.26765727997, 11.9836149216, 10.1494035721, -0.386642277241, 6.10332584381, 5.12160587311, -3.81190085411, 10.8057374954, 72.6436004639, 17.4418449402], [-93.3729858398, 33.678527832, 70.0883255005, 5.64311075211, 48.6215705872, 9.93750858307, -16.2369403839, 7.66277933121, -0.982802569866, 6.93357419968, -23.8290920258, 17.4418449402, 108.720451355]],
        "icov": [[0.000610413495451, 0.000323836022289, -1.82516832865e-005, 9.96777162072e-005, 0.000130584492581, -3.21620609611e-005, -0.000357099896064, -0.00020156930259, -0.000112306595838, -9.11668175831e-005, -0.000246440817136, -5.71212949581e-005, 0.000295886246022], [0.000323836022289, 0.00192015443463, 0.000186860255781, -0.000541335903108, -0.000213067090954, 0.000696401286405, -0.00045325406245, 1.02132125903e-005, -0.000665924802888, -0.000292983168038, -0.000141177195474, -0.000491574697662, -0.000385245890357], [-1.82516832865e-005, 0.000186860255781, 0.00337880500592, 0.000216756874579, -0.00161003880203, -0.0008839587681, 0.00104166578967, -0.00141507387161, 0.000702084274963, -0.000842321896926, -0.000341126346029, -0.00036197056761, -0.00116350245662], [9.96777162072e-005, -0.000541335903108, 0.000216756874579, 0.00465957121924, -0.000174773827894, -0.00143533351365, -0.000857445062138, 0.000877653656062, -0.000863484572619, 0.000243777598371, -0.000571441662032, 0.00107268092688, -0.000429537292803], [0.000130584492581, -0.000213067090954, -0.00161003880203, -0.000174773827894, 0.00675689429045, -0.00101656105835, 0.000491710205097, -0.000673883478157, -0.000490528182127, -0.000798651948571, 0.00134644564241, -0.00027615117142, -0.00119687151164], [-3.21620609611e-005, 0.000696401286405, -0.0008839587681, -0.00143533351365, -0.00101656105835, 0.00809520855546, -0.00102935219184, -0.0014815639006, -0.000492887222208, -6.16099860054e-005, -0.000514638901222, -0.000822453293949, 8.50120995892e-005], [-0.000357099896064, -0.00045325406245, 0.00104166578967, -0.000857445062138, 0.000491710205097, -0.00102935219184, 0.00943199452013, -0.00245766690932, -0.00135403382592, 0.000422814890044, -0.00131419452373, 0.000201248389203, 0.000303196749883], [-0.00020156930259, 1.02132125903e-005, -0.00141507387161, 0.000877653656062, -0.000673883478157, -0.0014815639006, -0.00245766690932, 0.011117500253, -0.00103629240766, 0.000261617125943, -0.000526706688106, 0.000136997288791, -0.000186883742572], [-0.000112306595838, -0.000665924802888, 0.000702084274963, -0.000863484572619, -0.000490528182127, -0.000492887222208, -0.00135403382592, -0.00103629240766, 0.012457229197, -0.00200882018544, 0.000564201676752, -0.00111352559179, 0.000380308221793], [-9.11668175831e-005, -0.000292983168038, -0.000842321896926, 0.000243777598371, -0.000798651948571, -6.16099860054e-005, 0.000422814890044, 0.000261617125943, -0.00200882018544, 0.0117116812617, -0.00383123150095, 0.00205161888152, -0.000983590609394], [-0.000246440817136, -0.000141177195474, -0.000341126346029, -0.000571441662032, 0.00134644564241, -0.000514638901222, -0.00131419452373, -0.000526706688106, 0.000564201676752, -0.00383123150095, 0.0142114209011, -0.00318927317858, 0.0032433050219], [-5.71212949581e-005, -0.000491574697662, -0.00036197056761, 0.00107268092688, -0.00027615117142, -0.000822453293949, 0.000201248389203, 0.000136997288791, -0.00111352559179, 0.00205161888152, -0.00318927317858, 0.0156286340207, -0.00284723448567], [0.000295886246022, -0.000385245890357, -0.00116350245662, -0.000429537292803, -0.00119687151164, 8.50120995892e-005, 0.000303196749883, -0.000186883742572, 0.000380308221793, -0.000983590609394, 0.0032433050219, -0.00284723448567, 0.0121634686366]]
    },
    "spectral_contrast_coeffs": {
        "mean": [-0.665499269962, -0.694487154484, -0.738816320896, -0.751215517521, -0.730769395828, -0.705853462219],
        "var": [0.00516829872504, 0.00515543250367, 0.00392040470615, 0.0029765884392, 0.00291159376502, 0.00290858489461]
    },
    "spectral_contrast_valleys": {
        "mean": [-6.92810821533, -6.94235658646, -7.65981912613, -7.80585956573, -7.46964883804, -10.5918283463],
        "var": [1.34110033512, 1.01890420914, 1.00786459446, 0.927625358105, 0.96610468626, 1.16220486164]
    }
},
"metadata": {
    "audio_properties": {
        "analysis_sample_rate": 44100,
        "bit_rate": 117420,
        "equal_loudness": 0,
        "length": 45.0873451233,
        "lossless": 0,
        "replay_gain": -9.07686424255,
        "sample_rate": 44100,
        "codec": "mp3",
        "downmix": "mix",
        "md5_encoded": "64e3dc08d21e5b930d5024b1fdd95b31"
    },
    "tags": {
        "file_name": "123.mp3"
    },
    "version": {
        "essentia": "2.1-beta2",
        "essentia_git_sha": "v2.1_beta2",
        "extractor": "music 1.0"
    }
},
"rhythm": {
    "beats_count": 89,
    "beats_loudness": {
        "mean": 0.0257033687085,
        "var": 0.000123433725093
    },
    "bpm": 118.627349854,
    "bpm_histogram_first_peak_bpm": {
        "mean": 117,
        "var": 0
    },
    "bpm_histogram_first_peak_spread": {
        "mean": 0.47619047761,
        "var": 0
    },
    "bpm_histogram_first_peak_weight": {
        "mean": 0.5,
        "var": 0
    },
    "bpm_histogram_second_peak_bpm": {
        "mean": 123,
        "var": 0
    },
    "bpm_histogram_second_peak_spread": {
        "mean": 0.25,
        "var": 0
    },
    "bpm_histogram_second_peak_weight": {
        "mean": 0.0340909101069,
        "var": 0
    },
    "danceability": 1.52414214611,
    "onset_rate": 6.16342926025,
    "beats_loudness_band_ratio": {
        "mean": [0.499236643314, 0.216621756554, 0.103009954095, 0.0800516605377, 0.0720272064209, 0.0722908750176],
        "var": [0.0408076196909, 0.016255646944, 0.00456033181399, 0.00525736156851, 0.00260046869516, 0.00294655654579]
    },
    "beats_position": [0.452789098024, 0.9287981987, 1.4164172411, 1.90403628349, 2.40326523781, 2.90249419212, 3.40172338486, 3.9125623703, 4.41179132462, 4.92263031006, 5.42185926437, 5.92108821869, 6.420317173, 6.93115615845, 7.4303855896, 7.94122457504, 8.44045352936, 8.96290206909, 9.47374153137, 9.98458003998, 10.4838094711, 10.9946479797, 11.4938774109, 12.0047159195, 12.5039453506, 13.0147848129, 13.5140132904, 14.0248527527, 14.512471199, 15.0233106613, 15.5341491699, 16.0449886322, 16.5558280945, 17.0550556183, 17.5542850494, 18.0535144806, 18.5527439117, 19.0519733429, 19.5512008667, 20.062040329, 20.5728797913, 21.0837192535, 21.5945568085, 22.0937862396, 22.5930156708, 23.1038551331, 23.614692688, 24.1139221191, 24.6131515503, 25.1239910126, 25.6348285675, 26.1340579987, 26.6448974609, 27.1441268921, 27.6549663544, 28.1658039093, 28.6766433716, 29.1874828339, 29.7099323273, 30.2207698822, 30.7316093445, 31.2308387756, 31.7416782379, 32.2525177002, 32.7633552551, 33.2741928101, 33.7734222412, 34.2726516724, 34.7718811035, 35.2711105347, 35.7819480896, 36.2927894592, 36.8036270142, 37.3144645691, 37.8253059387, 38.3245353699, 38.823764801, 39.334602356, 39.8454399109, 40.344669342, 40.8438987732, 41.3547401428, 41.8655776978, 42.3764152527, 42.8756446838, 43.374874115, 43.8857116699, 44.3849411011, 44.8841705322]
},
"tonal": {
    "chords_changes_rate": 0.0781892985106,
    "chords_number_rate": 0.00617283955216,
    "chords_strength": {
        "mean": 0.477880835533,
        "var": 0.00934505369514
    },
    "hpcp_entropy": {
        "mean": 2.11859202385,
        "var": 0.537271440029
    },
    "key_strength": 0.615555524826,
    "tuning_diatonic_strength": 0.599157989025,
    "tuning_equal_tempered_deviation": 0.208417564631,
    "tuning_frequency": 434.193115234,
    "tuning_nontempered_energy_ratio": 0.911071002483,
    "hpcp": {
        "mean": [0.10353192687, 0.0926796272397, 0.0881030783057, 0.189826190472, 0.22894346714, 0.128182679415, 0.0653243362904, 0.0698922649026, 0.158412009478, 0.349523603916, 0.322592377663, 0.130257412791, 0.0703268572688, 0.0691729038954, 0.129808962345, 0.263334810734, 0.294562906027, 0.232687696815, 0.276714503765, 0.244181796908, 0.101517193019, 0.0459936745465, 0.0343394204974, 0.0636396855116, 0.149810746312, 0.148109003901, 0.0776401311159, 0.0571773275733, 0.0505135469139, 0.079270221293, 0.184127792716, 0.187716454268, 0.0914642736316, 0.0593580752611, 0.0631161406636, 0.079846560955],
        "var": [0.0311941169202, 0.0277478229254, 0.0282704476267, 0.0669483393431, 0.0770038366318, 0.0319218598306, 0.0208148080856, 0.0255006123334, 0.046063773334, 0.160864338279, 0.136586531997, 0.0337506905198, 0.0203486420214, 0.0207082889974, 0.0447256192565, 0.111702010036, 0.119963280857, 0.0756324827671, 0.124787375331, 0.106083005667, 0.0254492703825, 0.00731375906616, 0.00501713203266, 0.013544161804, 0.0538882277906, 0.0489989332855, 0.0163603574038, 0.0127520989627, 0.0125352768227, 0.016739051789, 0.0543597005308, 0.0566780641675, 0.0227588154376, 0.0209642332047, 0.0203847270459, 0.0215319916606]
    },
    "chords_histogram": [20.5761318207, 16.4609050751, 30.3497943878, 0, 3.08641982079, 0, 2.26337456703, 0, 0, 0, 0, 0, 0, 0, 0, 0, 0, 0, 0, 0, 0, 0.102880656719, 0, 27.1604938507],
    "thpcp": [1, 0.922948777676, 0.372671306133, 0.201207742095, 0.197906240821, 0.37138825655, 0.753410637379, 0.842755377293, 0.665728151798, 0.791690468788, 0.698613166809, 0.290444463491, 0.131589606404, 0.098246358335, 0.182075500488, 0.428614109755, 0.423745363951, 0.222131296992, 0.163586452603, 0.144521132112, 0.226795047522, 0.526796460152, 0.537063717842, 0.26168268919, 0.169825658202, 0.180577620864, 0.228443980217, 0.296208679676, 0.265159845352, 0.252066165209, 0.543099761009, 0.655015766621, 0.366735398769, 0.186895355582, 0.199964359403, 0.453222632408],
    "chords_key": "A#",
    "chords_scale": "major",
    "key_key": "D#",
    "key_scale": "major"
}
}