{
"lowlevel": {
    "average_loudness": 0.970533549786,
    "barkbands_crest": {
        "mean": 9.53964424133,
        "var": 11.6819114685
    },
    "barkbands_flatness_db": {
        "mean": 0.358942449093,
        "var": 0.000992705114186
    },
    "barkbands_kurtosis": {
        "mean": 3.00263190269,
        "var": 26.1452350616
    },
    "barkbands_skewness": {
        "mean": -1.34915196896,
        "var": 0.744796693325
    },
    "barkbands_spread": {
        "mean": 6.5635175705,
        "var": 8.57718849182
    },
    "dissonance": {
        "mean": 0.486570209265,
        "var": 0.000144207020639
    },
    "dynamic_complexity": 2.49006152153,
    "erbbands_crest": {
        "mean": 12.6010198593,
        "var": 19.5877876282
    },
    "erbbands_flatness_db": {
        "mean": 0.451437085867,
        "var": 0.000736206187867
    },
    "erbbands_kurtosis": {
        "mean": 3.32940745354,
        "var": 24.6499347687
    },
    "erbbands_skewness": {
        "mean": -1.30656921864,
        "var": 0.603718936443
    },
    "erbbands_spread": {
        "mean": 7.3029294014,
        "var": 12.9979143143
    },
    "hfc": {
        "mean": 22.6621303558,
        "var": 305.777069092
    },
    "melbands_crest": {
        "mean": 9.90917110443,
        "var": 16.859752655
    },
    "melbands_flatness_db": {
        "mean": 0.358831644058,
        "var": 0.000700851145666
    },
    "melbands_kurtosis": {
        "mean": 1.10354721546,
        "var": 10.4429931641
    },
    "melbands_skewness": {
        "mean": -0.855621993542,
        "var": 0.704568326473
    },
    "melbands_spread": {
        "mean": 18.9710636139,
        "var": 47.7151298523
    },
    "pitch_salience": {
        "mean": 0.614562571049,
        "var": 0.00669926451519
    },
    "silence_rate_20dB": {
        "mean": 1,
        "var": 0
    },
    "silence_rate_30dB": {
        "mean": 1,
        "var": 0
    },
    "silence_rate_60dB": {
        "mean": 0.126673534513,
        "var": 0.110629059374
    },
    "spectral_centroid": {
        "mean": 2314.96704102,
        "var": 66849.59375
    },
    "spectral_complexity": {
        "mean": 17.6313076019,
        "var": 37.9845123291
    },
    "spectral_decrease": {
        "mean": -2.38492203763e-009,
        "var": 3.182176431e-018
    },
    "spectral_energy": {
        "mean": 0.0110567668453,
        "var": 6.84822225594e-005
    },
    "spectral_energyband_high": {
        "mean": 1.17884297879e-007,
        "var": 1.89823070457e-012
    },
    "spectral_energyband_low": {
        "mean": 2.71911744676e-006,
        "var": 1.47080795893e-012
    },
    "spectral_energyband_middle_high": {
        "mean": 0.0103923445567,
        "var": 6.06343564868e-005
    },
    "spectral_energyband_middle_low": {
        "mean": 0.000718011229765,
        "var": 1.94333506442e-006
    },
    "spectral_entropy": {
        "mean": 6.52252626419,
        "var": 0.0707957744598
    },
    "spectral_flux": {
        "mean": 0.0525315627456,
        "var": 0.000696911185514
    },
    "spectral_kurtosis": {
        "mean": 52.0444145203,
        "var": 797.595703125
    },
    "spectral_rms": {
        "mean": 0.00306830741465,
        "var": 1.37258257382e-006
    },
    "spectral_rolloff": {
        "mean": 2645.64624023,
        "var": 169885.578125
    },
    "spectral_skewness": {
        "mean": 2.84903812408,
        "var": 3.06128072739
    },
    "spectral_spread": {
        "mean": 823711.25,
        "var": 976822992896
    },
    "spectral_strongpeak": {
        "mean": 3.59355664253,
        "var": 6.54423856735
    },
    "zerocrossingrate": {
        "mean": 0.0962238386273,
        "var": 0.000166861849721
    },
    "barkbands": {
        "mean": [3.58148177781e-008, 1.76715360567e-007, 2.24538734983e-006, 7.53889366933e-007, 4.32875958722e-006, 2.05369924515e-005, 0.00010643996211, 0.000141900862218, 0.000308970338665, 0.000405175087508, 0.000328369496856, 0.000504145747982, 0.000334432756063, 0.00077759247506, 0.00137178762816, 0.00241385702975, 0.00235061720014, 0.00172250962351, 0.000262768327957, 3.00392173358e-008, 1.23006405062e-008, 2.83160179748e-008, 4.37911111817e-008, 9.79105685417e-009, 1.19962670908e-008, 5.1347193164e-009, 6.2467059303e-010],
        "var": [3.50023532904e-015, 1.7238699346e-014, 9.04823308293e-013, 1.95969542677e-012, 2.19541398949e-011, 1.30752053629e-009, 4.77921098252e-008, 9.62315809261e-008, 9.94668198473e-007, 5.62061188703e-007, 1.67362327375e-006, 5.8537654013e-007, 3.06543853412e-007, 1.77138178969e-006, 2.83174108517e-006, 1.23925374282e-005, 7.32279204385e-006, 5.43802070752e-006, 1.50151137746e-007, 1.70896554286e-013, 7.24233769744e-014, 5.15653227854e-014, 4.79384971118e-014, 3.02131197393e-014, 2.86021172838e-014, 2.27544440674e-014, 1.5049858068e-017]
    },
    "erbbands": {
        "mean": [4.43964427177e-006, 8.66111222422e-005, 0.00186139531434, 0.00288193719462, 0.00782414432615, 0.0138082401827, 0.0526057817042, 0.207653105259, 0.64022564888, 2.7277534008, 3.62685084343, 4.99103069305, 13.0924797058, 12.8432474136, 15.5148363113, 22.3471622467, 17.85105896, 44.1827964783, 41.2719917297, 113.685096741, 133.265960693, 144.100952148, 106.673782349, 33.2718772888, 4.17056322098, 0.151368990541, 0.0122416168451, 0.00267910026014, 0.0014882851392, 0.00202138116583, 0.00107187195681, 0.00031716102967, 0.000207334451261, 0.000178804475581, 9.86635204754e-005, 4.16002076236e-005, 1.74149536178e-005, 6.27702047495e-006, 8.24353992357e-006, 1.526556116e-005],
        "var": [1.43221077359e-011, 1.9656702932e-009, 6.13905967839e-007, 5.59936643185e-006, 0.000180031522177, 0.000200237918762, 0.00725963851437, 0.151170536876, 1.11012876034, 39.2765769958, 70.1472320557, 152.309783936, 1239.29174805, 541.367431641, 2180.11230469, 1257.13769531, 861.973815918, 5385.29541016, 2846.14306641, 20861.4238281, 42094.84375, 25887.1230469, 15944.3173828, 1573.17492676, 24.6055221558, 0.0284043010324, 0.000316886173096, 9.36323849601e-005, 6.71730231261e-005, 5.8681016526e-005, 3.75695090042e-005, 1.69997711055e-005, 7.21478772903e-006, 3.41967552231e-006, 1.59619833084e-006, 4.52795376304e-007, 6.81221052901e-008, 2.09525508055e-009, 3.96553102855e-011, 1.31509192425e-010]
    },
    "gfcc": {
        "mean": [-201.857910156, 125.505805969, -267.483032227, -49.7582359314, 12.7624883652, -41.7867202759, -39.9863891602, 15.6360588074, -2.4251127243, -29.2509937286, 1.1396510601, -6.62097454071, -16.4865188599],
        "cov": [[2044.83203125, -174.289794922, -399.415466309, -122.421707153, -115.107315063, -240.988647461, 33.5877571106, 27.3320808411, -50.1625976563, -73.5739517212, -55.6628494263, -20.718870163, -42.7031402588], [-174.289794922, 292.746765137, 32.5723495483, -100.007896423, -19.1388816833, 40.0203857422, 14.1666507721, -22.302028656, -14.3697328568, 1.54304814339, 28.1025447845, -18.1839542389, 3.01941418648], [-399.415466309, 32.5723495483, 143.056365967, 43.3780822754, 12.9977750778, 39.1347808838, -38.7296676636, -5.74604272842, 19.460351944, 3.9062128067, -9.80506420135, 19.3023014069, 15.9788389206], [-122.421707153, -100.007896423, 43.3780822754, 135.413833618, 54.1354522705, -2.49200677872, -26.6379699707, -5.10701847076, -4.61793518066, -1.68970906734, -3.2814116478, 6.52968597412, 1.62125658989], [-115.107315063, -19.1388816833, 12.9977750778, 54.1354522705, 106.271766663, 49.0145721436, -30.7653274536, -40.5188941956, 5.17528152466, -0.505653142929, -7.0094537735, 7.38691425323, 11.7748231888], [-240.988647461, 40.0203857422, 39.1347808838, -2.49200677872, 49.0145721436, 97.54347229, 12.5548801422, -20.089263916, -18.3374004364, -1.22608852386, 8.02791118622, 5.85523080826, 9.70277023315], [33.5877571106, 14.1666507721, -38.7296676636, -26.6379699707, -30.7653274536, 12.5548801422, 83.546043396, 31.6900806427, -31.9042339325, -10.8656778336, 16.228925705, -12.7691068649, -7.70053434372], [27.3320808411, -22.302028656, -5.74604272842, -5.10701847076, -40.5188941956, -20.089263916, 31.6900806427, 61.7121047974, 31.0786571503, 2.95926809311, -5.41603183746, -2.82229304314, -6.50957298279], [-50.1625976563, -14.3697328568, 19.460351944, -4.61793518066, 5.17528152466, -18.3374004364, -31.9042339325, 31.0786571503, 88.1094970703, 37.1771354675, -10.0017938614, 1.46849536896, -5.97560548782], [-73.5739517212, 1.54304814339, 3.9062128067, -1.68970906734, -0.505653142929, -1.22608852386, -10.8656778336, 2.95926809311, 37.1771354675, 62.2754821777, 35.6113052368, -9.83566665649, -20.4798030853], [-55.6628494263, 28.1025447845, -9.80506420135, -3.2814116478, -7.0094537735, 8.02791118622, 16.228925705, -5.41603183746, -10.0017938614, 35.6113052368, 59.6467399597, 8.23340320587, -17.9863452911], [-20.718870163, -18.1839542389, 19.3023014069, 6.52968597412, 7.38691425323, 5.85523080826, -12.7691068649, -2.82229304314, 1.46849536896, -9.83566665649, 8.23340320587, 45.0603866577, 20.4799880981], [-42.7031402588, 3.01941418648, 15.9788389206, 1.62125658989, 11.7748231888, 9.70277023315, -7.70053434372, -6.50957298279, -5.97560548782, -20.4798030853, -17.9863452911, 20.4799880981, 50.5747680664]],
        "icov": [[0.00212404760532, -0.000998290721327, 0.00645254645497, -0.000324130291119, 0.000643457227852, 0.00239676330239, 0.0013905542437, -0.00138381577563, 0.00424202298746, -0.00458004046232, 0.00808672141284, -0.00639615440741, 0.0033613841515], [-0.000998290721327, 0.0127711091191, -0.0135262543336, 0.0151847247034, -0.00810535345227, 0.00209305598401, 0.00540540646762, -0.00317291100509, -0.00621162541211, 0.0250468086451, -0.0338644236326, 0.0268129203469, -0.00941111613065], [0.00645254645497, -0.0135262543336, 0.0471220165491, -0.0281408000737, 0.0303683448583, -0.014144920744, 0.00133837596513, 0.0150065505877, -0.00157806754578, -0.0260824169964, 0.050370965153, -0.0416687130928, 0.014087674208], [-0.000324130291119, 0.0151847247034, -0.0281408000737, 0.0482619814575, -0.0472185090184, 0.0250170584768, 0.0218111686409, -0.0471110194921, 0.0339146479964, 0.0110431266949, -0.0354819707572, 0.0294866710901, -0.00646556215361], [0.000643457227852, -0.00810535345227, 0.0303683448583, -0.0472185090184, 0.0736431255937, -0.039591152221, -0.020099254325, 0.0711398944259, -0.0584450475872, 0.0133777279407, 0.0173217691481, -0.0159289576113, 0.000614669290371], [0.00239676330239, 0.00209305598401, -0.014144920744, 0.0250170584768, -0.039591152221, 0.041581787169, -0.000270444958005, -0.0281536821276, 0.0355213992298, -0.0178778599948, 0.00600330391899, -0.00434373924509, 0.00399256777018], [0.0013905542437, 0.00540540646762, 0.00133837596513, 0.0218111686409, -0.020099254325, -0.000270444958005, 0.0593197531998, -0.0624805018306, 0.0386333316565, 0.0105471732095, -0.0288945548236, 0.0242824908346, -0.00582260033116], [-0.00138381577563, -0.00317291100509, 0.0150065505877, -0.0471110194921, 0.0711398944259, -0.0281536821276, -0.0624805018306, 0.131438434124, -0.0998762920499, 0.0342616997659, 0.00506053073332, -0.00897783786058, -0.000458712514956], [0.00424202298746, -0.00621162541211, -0.00157806754578, 0.0339146479964, -0.0584450475872, 0.0355213992298, 0.0386333316565, -0.0998762920499, 0.123288981616, -0.0925564169884, 0.0645733550191, -0.039986860007, 0.0194279123098], [-0.00458004046232, 0.0250468086451, -0.0260824169964, 0.0110431266949, 0.0133777279407, -0.0178778599948, 0.0105471732095, 0.0342616997659, -0.0925564169884, 0.15808455646, -0.14947219193, 0.102560356259, -0.0327552072704], [0.00808672141284, -0.0338644236326, 0.050370965153, -0.0354819707572, 0.0173217691481, 0.00600330391899, -0.0288945548236, 0.00506053073332, 0.0645733550191, -0.14947219193, 0.19044212997, -0.13161174953, 0.0532663427293], [-0.00639615440741, 0.0268129203469, -0.0416687130928, 0.0294866710901, -0.0159289576113, -0.00434373924509, 0.0242824908346, -0.00897783786058, -0.039986860007, 0.102560356259, -0.13161174953, 0.122353084385, -0.0472441837192], [0.0033613841515, -0.00941111613065, 0.014087674208, -0.00646556215361, 0.000614669290371, 0.00399256777018, -0.00582260033116, -0.000458712514956, 0.0194279123098, -0.0327552072704, 0.0532663427293, -0.0472441837192, 0.0441808477044]]
    },
    "melbands": {
        "mean": [4.21455510491e-008, 6.87872216076e-007, 6.41311658001e-007, 7.52579353502e-007, 1.5269602045e-006, 4.47712318419e-006, 1.27678476929e-005, 2.79554969893e-005, 2.88351802737e-005, 3.82103753509e-005, 6.53027673252e-005, 5.03243027197e-005, 5.47235213162e-005, 5.63686517125e-005, 3.89449014619e-005, 5.26980766153e-005, 8.10792771517e-005, 5.1489307225e-005, 0.000113304136903, 0.000158632756211, 0.000148993713083, 0.000141595126479, 0.00014925825235, 5.65291775274e-005, 2.4383292839e-005, 4.75670958622e-006, 1.24067767615e-007, 3.40691003187e-010, 3.1346264473e-010, 2.9079419428e-010, 3.21614040955e-010, 3.92293975082e-010, 7.38365646402e-010, 1.13394660328e-009, 6.52942422352e-010, 2.07353231807e-010, 1.2269056604e-010, 1.09634960832e-010, 1.09952685845e-010, 1.33448835316e-010],
        "var": [1.1502046738e-015, 8.39278123453e-014, 5.64722910362e-013, 8.91574195114e-013, 5.97118491805e-012, 6.67545602129e-011, 4.6308532009e-010, 3.65378816092e-009, 4.54635129543e-009, 1.26233210551e-008, 3.09334495796e-008, 8.90810891718e-009, 4.23016253137e-008, 7.33146876541e-009, 3.46696737985e-009, 6.89500678774e-009, 1.97968219595e-008, 5.2908850634e-009, 2.00465208877e-008, 4.34779003911e-008, 6.70414550541e-008, 3.22641788841e-008, 4.14374170532e-008, 4.70491245963e-009, 1.06898834229e-009, 4.29334519325e-011, 6.18725177429e-014, 1.35522478999e-016, 7.34010429426e-017, 5.54328172272e-017, 2.13093802631e-017, 1.90603109191e-017, 2.16525940428e-017, 1.75004219918e-017, 1.26230640064e-017, 9.22995589883e-018, 5.388620124e-018, 3.5374159693e-018, 2.77639781163e-018, 2.32300812377e-018]
    },
    "mfcc": {
        "mean": [-806.711242676, 167.684234619, -156.667236328, -42.9909439087, 45.4149398804, -48.6014213562, -27.2665920258, 28.666633606, -13.8194112778, -11.2184381485, 15.8783226013, -8.78596115112, -5.44648790359],
        "cov": [[864.250488281, 352.895568848, -373.081054688, -74.0269088745, -18.1637744904, -229.993499756, -33.3925476074, 85.569152832, -103.682418823, 5.69909095764, 48.0660972595, -111.90650177, -31.5909824371], [352.895568848, 237.493041992, -109.102745056, -84.2355804443, -47.095741272, -88.3235321045, -11.5841083527, 22.6451950073, -36.7901344299, -5.58018159866, 16.6262435913, -35.1065101624, -20.5506515503], [-373.081054688, -109.102745056, 260.630310059, 17.2512207031, -44.5563850403, 98.3994064331, 3.86054801941, -47.9643630981, 57.8570899963, -10.9605016708, -29.5855503082, 60.4493560791, 7.98228740692], [-74.0269088745, -84.2355804443, 17.2512207031, 99.8050689697, 61.0723838806, -9.93325519562, -21.9266052246, 0.966399133205, 2.18168139458, 0.211857140064, -7.9923377037, -3.68043541908, 13.0513706207], [-18.1637744904, -47.095741272, -44.5563850403, 61.0723838806, 114.222961426, 41.473739624, -28.8930931091, -12.892537117, 1.60135257244, -13.8362779617, -18.726978302, -2.89514088631, 9.94972515106], [-229.993499756, -88.3235321045, 98.3994064331, -9.93325519562, 41.473739624, 154.885375977, 42.411403656, -46.1621437073, 16.9315452576, -16.6317863464, -30.3633155823, 27.452129364, 1.5517437458], [-33.3925476074, -11.5841083527, 3.86054801941, -21.9266052246, -28.8930931091, 42.411403656, 99.7176361084, 23.0619773865, -31.7298126221, -4.72065258026, 3.94701886177, -17.8622093201, -17.8731498718], [85.569152832, 22.6451950073, -47.9643630981, 0.966399133205, -12.892537117, -46.1621437073, 23.0619773865, 73.0644302368, 7.95557785034, -14.9810266495, -4.53622913361, -20.7995414734, -11.4273738861], [-103.682418823, -36.7901344299, 57.8570899963, 2.18168139458, 1.60135257244, 16.9315452576, -31.7298126221, 7.95557785034, 78.5112457275, 15.0563621521, -28.5116386414, 9.32218742371, 6.88786697388], [5.69909095764, -5.58018159866, -10.9605016708, 0.211857140064, -13.8362779617, -16.6317863464, -4.72065258026, -14.9810266495, 15.0563621521, 60.4606399536, 30.5945529938, -13.4696893692, -4.94012260437], [48.0660972595, 16.6262435913, -29.5855503082, -7.9923377037, -18.726978302, -30.3633155823, 3.94701886177, -4.53622913361, -28.5116386414, 30.5945529938, 72.9810943604, 31.1512775421, -7.9272813797], [-111.90650177, -35.1065101624, 60.4493560791, -3.68043541908, -2.89514088631, 27.452129364, -17.8622093201, -20.7995414734, 9.32218742371, -13.4696893692, 31.1512775421, 93.6872253418, 35.3786354065], [-31.5909824371, -20.5506515503, 7.98228740692, 13.0513706207, 9.94972515106, 1.5517437458, -17.8731498718, -11.4273738861, 6.88786697388, -4.94012260437, -7.9272813797, 35.3786354065, 61.7815551758]],
        "icov": [[0.0213258825243, -0.0383287295699, 0.0615586005151, -0.08309096843, 0.0942166820168, -0.0776636451483, 0.0471975840628, -0.0159649774432, -0.00200369465165, 0.0100210849196, -0.00604411959648, 0.00105824309867, 0.00487633282319], [-0.0383287295699, 0.0965105444193, -0.155961960554, 0.23774151504, -0.254295647144, 0.207238659263, -0.0977925807238, 0.00620072474703, 0.0528720393777, -0.0620155446231, 0.0432138033211, -0.0110435495153, -0.00794875063002], [0.0615586005151, -0.155961960554, 0.324014663696, -0.471200048923, 0.519059836864, -0.394536584616, 0.159562036395, 0.0578679144382, -0.183464556932, 0.208257734776, -0.143037885427, 0.0553504191339, 0.00751438969746], [-0.08309096843, 0.23774151504, -0.471200048923, 0.729991793633, -0.784943699837, 0.603286623955, -0.236208856106, -0.0880250111222, 0.285426974297, -0.321762800217, 0.232045769691, -0.0931782051921, -0.00451114028692], [0.0942166820168, -0.254295647144, 0.519059836864, -0.784943699837, 0.877552747726, -0.683215916157, 0.298929959536, 0.0551892966032, -0.26447981596, 0.31511926651, -0.22495508194, 0.0913124829531, 0.00839497987181], [-0.0776636451483, 0.207238659263, -0.394536584616, 0.603286623955, -0.683215916157, 0.578796744347, -0.297246575356, 0.0522931218147, 0.10453543067, -0.144005134702, 0.107935905457, -0.0325271673501, -0.0187679231167], [0.0471975840628, -0.0977925807238, 0.159562036395, -0.236208856106, 0.298929959536, -0.297246575356, 0.241954401135, -0.177348420024, 0.146192908287, -0.124722152948, 0.10548723489, -0.0749264508486, 0.0475750193], [-0.0159649774432, 0.00620072474703, 0.0578679144382, -0.0880250111222, 0.0551892966032, 0.0522931218147, -0.177348420024, 0.323024064302, -0.39670792222, 0.417488962412, -0.34072420001, 0.211166128516, -0.0837722793221], [-0.00200369465165, 0.0528720393777, -0.183464556932, 0.285426974297, -0.26447981596, 0.10453543067, 0.146192908287, -0.39670792222, 0.585510849953, -0.625841677189, 0.533610582352, -0.326328188181, 0.128871291876], [0.0100210849196, -0.0620155446231, 0.208257734776, -0.321762800217, 0.31511926651, -0.144005134702, -0.124722152948, 0.417488962412, -0.625841677189, 0.721045017242, -0.622681498528, 0.39579230547, -0.159547224641], [-0.00604411959648, 0.0432138033211, -0.143037885427, 0.232045769691, -0.22495508194, 0.107935905457, 0.10548723489, -0.34072420001, 0.533610582352, -0.622681498528, 0.587961852551, -0.385556936264, 0.1687040627], [0.00105824309867, -0.0110435495153, 0.0553504191339, -0.0931782051921, 0.0913124829531, -0.0325271673501, -0.0749264508486, 0.211166128516, -0.326328188181, 0.39579230547, -0.385556936264, 0.279514104128, -0.128609195352], [0.00487633282319, -0.00794875063002, 0.00751438969746, -0.00451114028692, 0.00839497987181, -0.0187679231167, 0.0475750193, -0.0837722793221, 0.128871291876, -0.159547224641, 0.1687040627, -0.128609195352, 0.0815737918019]]
    },
    "spectral_contrast_coeffs": {
        "mean": [-0.707288920879, -0.75896859169, -0.744716584682, -0.698846817017, -0.353854328394, -0.866846740246],
        "var": [0.00168349139858, 0.00330887967721, 0.00293706334196, 0.00265497225337, 0.00231865583919, 0.000605913228355]
    },
    "spectral_contrast_valleys": {
        "mean": [-11.12936306, -8.27429008484, -7.76724100113, -7.50375890732, -11.8712110519, -14.02231884],
        "var": [0.270309209824, 0.433828562498, 0.501532137394, 0.527536213398, 0.42050614953, 0.434891670942]
    }
},
"metadata": {
    "audio_properties": {
        "analysis_sample_rate": 44100,
        "bit_rate": 64037,
        "equal_loudness": 0,
        "length": 45.0612258911,
        "lossless": 0,
        "replay_gain": -6.03888511658,
        "sample_rate": 44100,
        "codec": "mp3",
        "downmix": "mix",
        "md5_encoded": "f6f7f3e472ae23cb3bbf23bfa4dd369f"
    },
    "tags": {
        "file_name": "1230.mp3"
    },
    "version": {
        "essentia": "2.1-beta2",
        "essentia_git_sha": "v2.1_beta2",
        "extractor": "music 1.0"
    }
},
"rhythm": {
    "beats_count": 79,
    "beats_loudness": {
        "mean": 0.0202459804714,
        "var": 6.6368469561e-005
    },
    "bpm": 106.619247437,
    "bpm_histogram_first_peak_bpm": {
        "mean": 108,
        "var": 0
    },
    "bpm_histogram_first_peak_spread": {
        "mean": 0.461538493633,
        "var": 0
    },
    "bpm_histogram_first_peak_weight": {
        "mean": 0.448717951775,
        "var": 0
    },
    "bpm_histogram_second_peak_bpm": {
        "mean": 103,
        "var": 0
    },
    "bpm_histogram_second_peak_spread": {
        "mean": 0.250000029802,
        "var": 0
    },
    "bpm_histogram_second_peak_weight": {
        "mean": 0.115384615958,
        "var": 0
    },
    "danceability": 1.34780311584,
    "onset_rate": 3.2163939476,
    "beats_loudness_band_ratio": {
        "mean": [0.000388526386814, 0.00335368141532, 0.073664560914, 0.241983190179, 0.679411828518, 0.0148141356185],
        "var": [1.00101324563e-007, 1.27587481984e-005, 0.00462428480387, 0.0197157692164, 0.0316003486514, 0.000408162508393]
    },
    "beats_position": [0.510838985443, 1.03328800201, 1.57895684242, 2.13623571396, 2.67029476166, 3.22757363319, 3.78485250473, 4.34213161469, 4.8994102478, 5.45668935776, 6.025578022, 6.59446716309, 7.16335582733, 7.73224496841, 8.31274318695, 8.893242836, 9.4853515625, 10.077460289, 10.6579589844, 11.2500677109, 11.8305664063, 12.3994560242, 12.9567346573, 13.5256233215, 14.0945119858, 14.6517915726, 15.2206802368, 15.7895689011, 16.3468475342, 16.904127121, 17.4730148315, 18.0302944183, 18.5991840363, 19.1564617157, 19.7253513336, 20.2942390442, 20.8631286621, 21.4204082489, 21.9660758972, 22.523355484, 23.0806350708, 23.6379127502, 24.195192337, 24.7524719238, 25.3213596344, 25.8902492523, 26.470746994, 27.0396366119, 27.6085262299, 28.1658039093, 28.7346935272, 29.3035831451, 29.8724708557, 30.4413604736, 31.0218582153, 31.5791378021, 32.1364173889, 32.6936950684, 33.2509727478, 33.8082542419, 34.3655319214, 34.9228096008, 35.480091095, 36.0373687744, 36.5946464539, 37.1403160095, 37.7092056274, 38.2664833069, 38.8005447388, 39.3578224182, 39.9151000977, 40.4956016541, 41.0528793335, 41.6101570129, 42.1674385071, 42.7363243103, 43.3052139282, 43.8857116699, 44.4662132263]
},
"tonal": {
    "chords_changes_rate": 0.0627572014928,
    "chords_number_rate": 0.00720164598897,
    "chords_strength": {
        "mean": 0.479668229818,
        "var": 0.00482577038929
    },
    "hpcp_entropy": {
        "mean": 1.98923456669,
        "var": 0.547738194466
    },
    "key_strength": 0.514548480511,
    "tuning_diatonic_strength": 0.467308610678,
    "tuning_equal_tempered_deviation": 0.0902515649796,
    "tuning_frequency": 443.828887939,
    "tuning_nontempered_energy_ratio": 0.675941169262,
    "hpcp": {
        "mean": [0.264010667801, 0.123911753297, 0.0687490105629, 0.0959677100182, 0.116410464048, 0.313175827265, 0.465099394321, 0.316769450903, 0.143595978618, 0.104515098035, 0.179766312242, 0.32881885767, 0.329773187637, 0.16463637352, 0.228194832802, 0.326696783304, 0.211164683104, 0.256140977144, 0.327032238245, 0.192403957248, 0.193304330111, 0.313238203526, 0.334104895592, 0.265537291765, 0.146914035082, 0.105692625046, 0.273523360491, 0.370185166597, 0.220451548696, 0.162665829062, 0.17236584425, 0.113213211298, 0.074511744082, 0.0518619976938, 0.0522579289973, 0.195798382163],
        "var": [0.0798048824072, 0.0198702383786, 0.0184351522475, 0.0248810965568, 0.024563388899, 0.0642908960581, 0.114581227303, 0.0628120601177, 0.0358939953148, 0.0175538603216, 0.0499866642058, 0.0726890414953, 0.0886578187346, 0.0301822125912, 0.0436490252614, 0.0943402722478, 0.0347973592579, 0.0555118918419, 0.102774582803, 0.0389902368188, 0.0401620715857, 0.0880264863372, 0.0789613053203, 0.0757098942995, 0.0313079729676, 0.0156597681344, 0.0544952489436, 0.094555772841, 0.039945140481, 0.0336354486644, 0.0411720015109, 0.0202640667558, 0.00963306240737, 0.00664705131203, 0.00499854888767, 0.041558470577]
    },
    "chords_histogram": [15.3292179108, 25.1028804779, 13.8888893127, 9.77366256714, 6.89300394058, 11.0082302094, 0, 0, 0, 18.0041160583, 0, 0, 0, 0, 0, 0, 0, 0, 0, 0, 0, 0, 0, 0],
    "thpcp": [1, 0.681079030037, 0.308742552996, 0.224715620279, 0.386511594057, 0.706986188889, 0.709038078785, 0.353981047869, 0.490636706352, 0.70242357254, 0.454020559788, 0.550723075867, 0.703144848347, 0.413683533669, 0.415619403124, 0.673486590385, 0.718351602554, 0.570925891399, 0.315876632929, 0.227247387171, 0.588096559048, 0.795926988125, 0.473988026381, 0.349744230509, 0.370600014925, 0.24341724813, 0.160206064582, 0.111507341266, 0.112358629704, 0.420981794596, 0.567643523216, 0.266419947147, 0.147815734148, 0.206338062882, 0.250291585922, 0.673352479935],
    "chords_key": "G",
    "chords_scale": "major",
    "key_key": "E",
    "key_scale": "minor"
}
}