{
"lowlevel": {
    "average_loudness": 0.980490803719,
    "barkbands_crest": {
        "mean": 8.74610805511,
        "var": 17.453130722
    },
    "barkbands_flatness_db": {
        "mean": 0.0966834425926,
        "var": 0.0016708514886
    },
    "barkbands_kurtosis": {
        "mean": 1.00113081932,
        "var": 31.5149860382
    },
    "barkbands_skewness": {
        "mean": 0.510796844959,
        "var": 0.96864593029
    },
    "barkbands_spread": {
        "mean": 26.9538726807,
        "var": 107.566062927
    },
    "dissonance": {
        "mean": 0.473540574312,
        "var": 0.00046469073277
    },
    "dynamic_complexity": 1.3335391283,
    "erbbands_crest": {
        "mean": 10.5659952164,
        "var": 22.5481491089
    },
    "erbbands_flatness_db": {
        "mean": 0.162786155939,
        "var": 0.00190947286319
    },
    "erbbands_kurtosis": {
        "mean": 2.07402682304,
        "var": 5.97021865845
    },
    "erbbands_skewness": {
        "mean": 0.330425351858,
        "var": 0.539246797562
    },
    "erbbands_spread": {
        "mean": 22.1718902588,
        "var": 175.430145264
    },
    "hfc": {
        "mean": 45.4039306641,
        "var": 390.797943115
    },
    "melbands_crest": {
        "mean": 13.1965780258,
        "var": 44.0642929077
    },
    "melbands_flatness_db": {
        "mean": 0.157448127866,
        "var": 0.00266717397608
    },
    "melbands_kurtosis": {
        "mean": 4.63346624374,
        "var": 641.102661133
    },
    "melbands_skewness": {
        "mean": 1.16386270523,
        "var": 2.56388545036
    },
    "melbands_spread": {
        "mean": 36.9261398315,
        "var": 162.392669678
    },
    "pitch_salience": {
        "mean": 0.543712437153,
        "var": 0.0115898922086
    },
    "silence_rate_20dB": {
        "mean": 1,
        "var": 0
    },
    "silence_rate_30dB": {
        "mean": 1,
        "var": 0
    },
    "silence_rate_60dB": {
        "mean": 0.00154479919001,
        "var": 0.00154241069686
    },
    "spectral_centroid": {
        "mean": 1649.18359375,
        "var": 147503.28125
    },
    "spectral_complexity": {
        "mean": 28.9109172821,
        "var": 74.0956115723
    },
    "spectral_decrease": {
        "mean": -9.78354375292e-009,
        "var": 1.38298915688e-017
    },
    "spectral_energy": {
        "mean": 0.0410436429083,
        "var": 0.000222803457291
    },
    "spectral_energyband_high": {
        "mean": 0.00137156120036,
        "var": 1.77253491529e-006
    },
    "spectral_energyband_low": {
        "mean": 0.0120740039274,
        "var": 0.000155641959282
    },
    "spectral_energyband_middle_high": {
        "mean": 0.0196363385767,
        "var": 0.00011437608191
    },
    "spectral_energyband_middle_low": {
        "mean": 0.00891450420022,
        "var": 2.82084220089e-005
    },
    "spectral_entropy": {
        "mean": 7.74124526978,
        "var": 0.0809617415071
    },
    "spectral_flux": {
        "mean": 0.111420549452,
        "var": 0.0011879230151
    },
    "spectral_kurtosis": {
        "mean": 5.34653186798,
        "var": 6.66404724121
    },
    "spectral_rms": {
        "mean": 0.00621367990971,
        "var": 1.43270551689e-006
    },
    "spectral_rolloff": {
        "mean": 1808.88806152,
        "var": 986613.5625
    },
    "spectral_skewness": {
        "mean": 1.7927980423,
        "var": 0.111735761166
    },
    "spectral_spread": {
        "mean": 4741930,
        "var": 3.57990032998e+012
    },
    "spectral_strongpeak": {
        "mean": 2.04773497581,
        "var": 5.0336766243
    },
    "zerocrossingrate": {
        "mean": 0.0765510350466,
        "var": 0.000858212239109
    },
    "barkbands": {
        "mean": [0.000746345613152, 0.00868083722889, 0.0020171510987, 0.00106466130819, 0.00127702753525, 0.00127061875537, 0.00063117814716, 0.000781112757977, 0.00313147902489, 0.00295133958571, 0.00321215251461, 0.00246429303661, 0.00297468202189, 0.00293398555368, 0.00205376860686, 0.00151575147174, 0.00088962999871, 0.000444399978733, 0.000424923870014, 0.00040878431173, 0.000195795859327, 0.000206477328902, 0.000139111158205, 0.000216236338019, 0.000229484328884, 0.000165088567883, 1.73255648406e-005],
        "var": [1.19289120448e-006, 0.000128714396851, 3.81421455131e-006, 2.11320616472e-006, 1.52628092565e-006, 4.30215777669e-006, 4.90135221298e-007, 6.61098624732e-007, 1.72926884261e-005, 2.8946033126e-005, 2.34746275964e-005, 9.33425326366e-006, 1.32813056553e-005, 8.94573622645e-006, 6.78560218148e-006, 3.61419802175e-006, 7.48579793708e-007, 3.31211793991e-007, 1.32629352834e-007, 2.60958273657e-007, 5.93747380151e-008, 6.83989043182e-008, 3.67746189056e-008, 1.43601283753e-007, 8.46482919314e-008, 6.39713633177e-008, 9.98532700969e-010]
    },
    "erbbands": {
        "mean": [0.391126006842, 1.37949597836, 2.23269176483, 3.41237235069, 3.46357250214, 4.46976470947, 5.63442611694, 12.2092227936, 8.57183170319, 14.5364999771, 20.0402336121, 63.2412185669, 88.6300964355, 122.576347351, 119.335853577, 119.177536011, 140.067001343, 158.556411743, 140.124206543, 65.1771621704, 93.6160202026, 49.9880905151, 26.3428058624, 25.5826568604, 18.643705368, 19.4965324402, 11.4819078445, 6.42742300034, 7.44423627853, 5.10927391052, 4.17705583572, 4.11678266525, 3.37094807625, 2.55887007713, 1.6591578722, 0.738439142704, 0.326275765896, 0.0623861178756, 0.00165308790747, 9.3796334113e-005],
        "var": [0.314052283764, 3.16574764252, 4.48858785629, 17.6856708527, 14.5251340866, 26.1753063202, 81.0196075439, 525.131958008, 108.881973267, 277.488037109, 447.773071289, 9224.37109375, 11102.9257813, 60926.953125, 25826.0585938, 22089.5371094, 28218.7949219, 23874.59375, 26092.7753906, 4047.53759766, 13664.9375, 2086.59155273, 933.440795898, 510.087890625, 299.188659668, 670.390869141, 198.813751221, 48.0187263489, 71.2834320068, 60.7254600525, 32.2543067932, 68.0977554321, 32.5813026428, 10.8219232559, 4.70011377335, 1.16765332222, 0.268706381321, 0.00975776091218, 8.83066968527e-006, 5.19955856149e-009]
    },
    "gfcc": {
        "mean": [60.8020896912, 72.5188446045, -130.354995728, 13.6326169968, -40.0205879211, 33.4561347961, -30.7617874146, 16.1252117157, -26.0515899658, 8.96630001068, -18.6955909729, 3.66316246986, -9.78060054779],
        "cov": [[2647.62402344, -865.239013672, 165.967681885, -214.519317627, -159.24772644, 181.270462036, -117.684761047, 144.385269165, -138.26701355, 139.125991821, -108.391105652, 87.7945327759, -104.456123352], [-865.239013672, 1030.09423828, -456.017272949, 176.149642944, 192.704910278, -162.671447754, 114.782752991, -157.851531982, 105.856315613, -106.10408783, 112.537986755, -89.4065475464, 89.3940887451], [165.967681885, -456.017272949, 757.33203125, -39.1351585388, -25.6507396698, 180.356842041, -86.586479187, 107.769050598, -18.5523452759, 110.869247437, -50.127204895, 79.9976196289, -23.4906902313], [-214.519317627, 176.149642944, -39.1351585388, 206.22694397, 46.5647354126, -17.228509903, 59.652305603, -10.55864048, 53.1662940979, -10.2412052155, 34.8048057556, -21.5322914124, 30.1453990936], [-159.24772644, 192.704910278, -25.6507396698, 46.5647354126, 261.953430176, -6.77035903931, 31.2504081726, -7.54819059372, 31.9055233002, 25.8562755585, 18.1128520966, 1.62680876255, 20.1199111938], [181.270462036, -162.671447754, 180.356842041, -17.228509903, -6.77035903931, 165.479797363, -5.59280109406, 52.863986969, 6.09478664398, 38.7111129761, -5.29895591736, 13.3382902145, 2.11953425407], [-117.684761047, 114.782752991, -86.586479187, 59.652305603, 31.2504081726, -5.59280109406, 154.863540649, 20.8531017303, 18.2276859283, -7.89966058731, 21.1788482666, -7.56467294693, 8.70811462402], [144.385269165, -157.851531982, 107.769050598, -10.55864048, -7.54819059372, 52.863986969, 20.8531017303, 146.378204346, 15.6311903, 26.9819526672, -2.02044439316, 36.1369934082, 4.11397838593], [-138.26701355, 105.856315613, -18.5523452759, 53.1662940979, 31.9055233002, 6.09478664398, 18.2276859283, 15.6311903, 103.594352722, 28.0810947418, 25.0034561157, 0.353597044945, 26.0093994141], [139.125991821, -106.10408783, 110.869247437, -10.2412052155, 25.8562755585, 38.7111129761, -7.89966058731, 26.9819526672, 28.0810947418, 113.283958435, 27.7402553558, 26.4991474152, 5.45616483688], [-108.391105652, 112.537986755, -50.127204895, 34.8048057556, 18.1128520966, -5.29895591736, 21.1788482666, -2.02044439316, 25.0034561157, 27.7402553558, 99.2073898315, 38.2010231018, 29.7178249359], [87.7945327759, -89.4065475464, 79.9976196289, -21.5322914124, 1.62680876255, 13.3382902145, -7.56467294693, 36.1369934082, 0.353597044945, 26.4991474152, 38.2010231018, 106.630844116, 17.9329738617], [-104.456123352, 89.3940887451, -23.4906902313, 30.1453990936, 20.1199111938, 2.11953425407, 8.70811462402, 4.11397838593, 26.0093994141, 5.45616483688, 29.7178249359, 17.9329738617, 68.5591125488]],
        "icov": [[0.000691582565196, 0.00012451261864, 0.000626159191597, -0.000212161568925, 0.000243793285335, -0.000803016242571, 0.000437053851783, -0.000419560383307, 0.000914780655876, -0.00133822916541, 0.00111015955918, -0.000882015679963, 0.000631066446658], [0.00012451261864, 0.00384494056925, 4.12845656683e-005, 0.000305679161102, -0.00210481183603, 0.00159017532133, -0.00125844741706, 0.00234118895605, -0.002878022613, 0.00389412743971, -0.00434010801837, 0.0031212689355, -0.00250929431058], [0.000626159191597, 4.12845656683e-005, 0.00334567832761, -0.00137256016023, 0.000412539957324, -0.00292073027231, 0.00171491934452, -0.00109207711648, 0.00178372755181, -0.00349592301063, 0.00347839319147, -0.00302810105495, 0.00135280122049], [-0.000212161568925, 0.000305679161102, -0.00137256016023, 0.00759750884026, -0.000920240010601, 0.00147447083145, -0.00260610552505, 0.000925824977458, -0.00362848117948, 0.00301600946113, -0.00365092442371, 0.0032607219182, -0.00216663442552], [0.000243793285335, -0.00210481183603, 0.000412539957324, -0.000920240010601, 0.0055446899496, -0.00113092467654, 0.000278759835055, -0.0010198057862, 0.00152224430349, -0.00407060980797, 0.00342353619635, -0.0024254496675, 0.000992346089333], [-0.000803016242571, 0.00159017532133, -0.00292073027231, 0.00147447083145, -0.00113092467654, 0.010759267956, -0.00187162589282, -0.00021449245105, -0.00284794950858, 0.00284586916678, -0.00436840485781, 0.00448705581948, -0.00312228873372], [0.000437053851783, -0.00125844741706, 0.00171491934452, -0.00260610552505, 0.000278759835055, -0.00187162589282, 0.00923230871558, -0.00332120829262, 0.00211377348751, -0.00225743325427, 0.0015582498163, -0.00158497574739, 0.00215985369869], [-0.000419560383307, 0.00234118895605, -0.00109207711648, 0.000925824977458, -0.0010198057862, -0.00021449245105, -0.00332120829262, 0.0111642209813, -0.00420706812292, 0.00296223303303, -0.00186646287329, -0.000353389506927, -0.00215356587432], [0.000914780655876, -0.002878022613, 0.00178372755181, -0.00362848117948, 0.00152224430349, -0.00284794950858, 0.00211377348751, -0.00420706812292, 0.0172758623958, -0.00888905953616, 0.00475532840937, -0.00284936465323, -0.00018421607092], [-0.00133822916541, 0.00389412743971, -0.00349592301063, 0.00301600946113, -0.00407060980797, 0.00284586916678, -0.00225743325427, 0.00296223303303, -0.00888905953616, 0.0208770595491, -0.0122397597879, 0.00586174242198, -0.0029418093618], [0.00111015955918, -0.00434010801837, 0.00347839319147, -0.00365092442371, 0.00342353619635, -0.00436840485781, 0.0015582498163, -0.00186646287329, 0.00475532840937, -0.0122397597879, 0.0248680710793, -0.0126978168264, 0.00090406415984], [-0.000882015679963, 0.0031212689355, -0.00302810105495, 0.0032607219182, -0.0024254496675, 0.00448705581948, -0.00158497574739, -0.000353389506927, -0.00284936465323, 0.00586174242198, -0.0126978168264, 0.0192464161664, -0.00600509345531], [0.000631066446658, -0.00250929431058, 0.00135280122049, -0.00216663442552, 0.000992346089333, -0.00312228873372, 0.00215985369869, -0.00215356587432, -0.00018421607092, -0.0029418093618, 0.00090406415984, -0.00600509345531, 0.0213785618544]]
    },
    "melbands": {
        "mean": [0.00283117941581, 0.00137540884316, 0.00059334753314, 0.000270554155577, 0.000206727563636, 0.000264907808742, 0.000133669847855, 0.000157277157996, 0.000169330771314, 0.000453287793789, 0.000433827779489, 0.000478311267216, 0.000447806640295, 0.000272511388175, 0.000293506513117, 0.000333280186169, 0.000278013321804, 0.000228724908084, 0.000120120705105, 7.63719872339e-005, 0.000117777621199, 5.56408049306e-005, 2.75757192867e-005, 2.08993042179e-005, 2.12475188164e-005, 1.34732226797e-005, 1.39761650644e-005, 1.26373943203e-005, 7.76822707849e-006, 4.82835957882e-006, 3.53457312485e-006, 4.6590985221e-006, 3.48568300979e-006, 2.47528669206e-006, 2.30456248573e-006, 2.52702443504e-006, 2.47430011768e-006, 2.3457014322e-006, 2.30221553466e-006, 2.13301359508e-006],
        "var": [1.49986162796e-005, 1.67207122104e-006, 4.29017461556e-007, 7.6312545616e-008, 7.87370950661e-008, 2.1466820499e-007, 2.22850680132e-008, 3.02794838092e-008, 4.22344115236e-008, 4.27213166176e-007, 2.90253012736e-007, 1.04773175735e-006, 4.27136825465e-007, 1.08440083579e-007, 1.00322850471e-007, 1.59216611451e-007, 8.10227476222e-008, 7.46233368432e-008, 2.02991650156e-008, 7.86112241968e-009, 2.17941309444e-008, 3.25091842335e-009, 6.81322442908e-010, 1.46582668226e-009, 3.90674964601e-010, 1.48337897521e-010, 2.77803308135e-010, 3.49892781415e-010, 1.1049648696e-010, 6.56717180636e-011, 1.94901091793e-011, 2.79628421113e-011, 3.5786061614e-011, 1.58765483399e-011, 1.07345313194e-011, 1.36559001954e-011, 3.76230609167e-011, 1.98214188118e-011, 9.98068381414e-012, 7.96046562002e-012]
    },
    "mfcc": {
        "mean": [-583.141174316, 115.097183228, -23.1691474915, -1.12931489944, 10.0774316788, 14.1110086441, 11.8565683365, 6.75376272202, 7.10782909393, 4.76024436951, 1.54570364952, -0.324614673853, 0.524873077869],
        "cov": [[1899.79638672, -518.735290527, -21.8196277618, -255.077865601, -88.5928497314, -58.3890800476, 34.0206680298, -11.3266763687, -39.9885673523, 51.7069206238, -11.1160211563, -32.0429534912, -21.198217392], [-518.735290527, 666.693969727, -327.515991211, 178.854797363, 47.7837486267, 58.259059906, -9.29683685303, -17.062833786, -3.53335618973, -38.8356971741, 3.51625299454, 15.6643610001, 30.6564388275], [-21.8196277618, -327.515991211, 660.72052002, -136.191726685, 59.2076530457, 13.2511444092, 3.64536905289, 9.68266010284, 22.682062149, 55.2959976196, 6.6508564949, -10.5708761215, -18.7992477417], [-255.077865601, 178.854797363, -136.191726685, 255.288909912, 6.05746030807, 25.8379020691, 10.6442623138, 13.6575946808, 18.2606544495, -9.60689353943, 11.8774490356, 26.0663032532, 21.8208293915], [-88.5928497314, 47.7837486267, 59.2076530457, 6.05746030807, 197.742431641, 36.713142395, -0.113373890519, -10.6868610382, 31.319934845, 19.3608589172, -3.44909644127, 22.52186203, 21.1985454559], [-58.3890800476, 58.259059906, 13.2511444092, 25.8379020691, 36.713142395, 124.798927307, 15.0443677902, -19.8771457672, 9.32424545288, 16.665977478, 17.0869941711, 8.63379955292, -0.953347444534], [34.0206680298, -9.29683685303, 3.64536905289, 10.6442623138, -0.113373890519, 15.0443677902, 110.173538208, 28.628704071, 12.5955514908, 9.75684547424, 12.0795726776, 6.73078775406, 9.50842857361], [-11.3266763687, -17.062833786, 9.68266010284, 13.6575946808, -10.6868610382, -19.8771457672, 28.628704071, 109.804481506, 27.8923377991, -12.8446683884, 13.5113353729, 6.64170503616, 6.41295003891], [-39.9885673523, -3.53335618973, 22.682062149, 18.2606544495, 31.319934845, 9.32424545288, 12.5955514908, 27.8923377991, 92.9546661377, 30.8797130585, 10.9712438583, 5.44979429245, -5.48245954514], [51.7069206238, -38.8356971741, 55.2959976196, -9.60689353943, 19.3608589172, 16.665977478, 9.75684547424, -12.8446683884, 30.8797130585, 102.142066956, 22.2806949615, -17.5100231171, -17.4381847382], [-11.1160211563, 3.51625299454, 6.6508564949, 11.8774490356, -3.44909644127, 17.0869941711, 12.0795726776, 13.5113353729, 10.9712438583, 22.2806949615, 75.4552993774, 24.1314811707, 3.00516748428], [-32.0429534912, 15.6643610001, -10.5708761215, 26.0663032532, 22.52186203, 8.63379955292, 6.73078775406, 6.64170503616, 5.44979429245, -17.5100231171, 24.1314811707, 81.6595153809, 37.5976142883], [-21.198217392, 30.6564388275, -18.7992477417, 21.8208293915, 21.1985454559, -0.953347444534, 9.50842857361, 6.41295003891, -5.48245954514, -17.4381847382, 3.00516748428, 37.5976142883, 88.2073745728]],
        "icov": [[0.000836174935102, 0.000735636509489, 0.000538826861884, 0.000593946431763, 5.37493033335e-005, -9.42769984249e-005, -0.00024635301088, -1.21761759146e-005, 0.000311487499857, -0.000501995848026, 0.00012617406901, -1.19531923701e-005, -0.000152392618475], [0.000735636509489, 0.00315068289638, 0.00151721609291, -0.000589156232309, -0.00078587164171, -0.000994244590402, 0.00010015204316, 0.000185477707419, 0.000349244801328, 0.00026390660787, -0.000278412160696, 0.000722116208635, -0.000519716239069], [0.000538826861884, 0.00151721609291, 0.00263352622278, 0.000934928481001, -0.000789159385022, -0.000676741939969, 3.97662442992e-005, -0.000427440274507, 0.000203311617952, -0.000890530063771, 1.94734166143e-005, 0.000104223974631, -6.72012902214e-005], [0.000593946431763, -0.000589156232309, 0.000934928481001, 0.00572451297194, 0.00043236851343, -0.000729984720238, -0.000309555471176, -0.000636730634142, -0.000735243142117, -0.00062499253545, 0.000178751623025, -0.00120301858988, -0.000564087356906], [5.37493033335e-005, -0.00078587164171, -0.000789159385022, 0.00043236851343, 0.00657823029906, -0.00131619896274, 0.000303321518004, 0.000553996709641, -0.00197439361364, -0.00118069036398, 0.00178311986383, -0.00187483790796, -0.00127497466747], [-9.42769984249e-005, -0.000994244590402, -0.000676741939969, -0.000729984720238, -0.00131619896274, 0.0100133623928, -0.00171971949749, 0.00241636438295, -0.00042039368418, -0.000259651162196, -0.00208699912764, -0.000279483880149, 0.00090625899611], [-0.00024635301088, 0.00010015204316, 3.97662442992e-005, -0.000309555471176, 0.000303321518004, -0.00171971949749, 0.0104569271207, -0.00296835368499, -0.000150547872181, -0.0011574300006, -0.000276917155134, -0.000148488645209, -0.00117730034981], [-1.21761759146e-005, 0.000185477707419, -0.000427440274507, -0.000636730634142, 0.000553996709641, 0.00241636438295, -0.00296835368499, 0.01242130436, -0.00451121525839, 0.00369152217172, -0.00293294107541, 0.00119228533003, -0.000649958034046], [0.000311487499857, 0.000349244801328, 0.000203311617952, -0.000735243142117, -0.00197439361364, -0.00042039368418, -0.000150547872181, -0.00451121525839, 0.0148501768708, -0.00499465316534, 0.000780238886364, -0.00177082710434, 0.00165665510576], [-0.000501995848026, 0.00026390660787, -0.000890530063771, -0.00062499253545, -0.00118069036398, -0.000259651162196, -0.0011574300006, 0.00369152217172, -0.00499465316534, 0.0151306819171, -0.00573286041617, 0.00495586404577, 0.00065352889942], [0.00012617406901, -0.000278412160696, 1.94734166143e-005, 0.000178751623025, 0.00178311986383, -0.00208699912764, -0.000276917155134, -0.00293294107541, 0.000780238886364, -0.00573286041617, 0.0182092171162, -0.00719498237595, 0.00124056974892], [-1.19531923701e-005, 0.000722116208635, 0.000104223974631, -0.00120301858988, -0.00187483790796, -0.000279483880149, -0.000148488645209, 0.00119228533003, -0.00177082710434, 0.00495586404577, -0.00719498237595, 0.0193493571132, -0.00668982882053], [-0.000152392618475, -0.000519716239069, -6.72012902214e-005, -0.000564087356906, -0.00127497466747, 0.00090625899611, -0.00117730034981, -0.000649958034046, 0.00165665510576, 0.00065352889942, 0.00124056974892, -0.00668982882053, 0.0151378968731]]
    },
    "spectral_contrast_coeffs": {
        "mean": [-0.702903747559, -0.761091113091, -0.721206784248, -0.731436431408, -0.762697994709, -0.75747781992],
        "var": [0.00473971758038, 0.00351251475513, 0.00411421759054, 0.00318989320658, 0.00144621427171, 0.00154176109936]
    },
    "spectral_contrast_valleys": {
        "mean": [-6.91197395325, -6.53587675095, -6.44507074356, -6.79541969299, -7.08164310455, -9.7131690979],
        "var": [0.481332480907, 0.457655906677, 0.564372777939, 0.633835494518, 0.532084167004, 0.865626394749]
    }
},
"metadata": {
    "audio_properties": {
        "analysis_sample_rate": 44100,
        "bit_rate": 128074,
        "equal_loudness": 0,
        "length": 45.0612258911,
        "lossless": 0,
        "replay_gain": -2.95761108398,
        "sample_rate": 44100,
        "codec": "mp3",
        "downmix": "mix",
        "md5_encoded": "da2732835c2c3d1b10b0b1a763f05b15"
    },
    "tags": {
        "file_name": "1231.mp3"
    },
    "version": {
        "essentia": "2.1-beta2",
        "essentia_git_sha": "v2.1_beta2",
        "extractor": "music 1.0"
    }
},
"rhythm": {
    "beats_count": 92,
    "beats_loudness": {
        "mean": 0.0456326901913,
        "var": 0.000199948015506
    },
    "bpm": 122.286437988,
    "bpm_histogram_first_peak_bpm": {
        "mean": 123,
        "var": 0
    },
    "bpm_histogram_first_peak_spread": {
        "mean": 0.479166656733,
        "var": 0
    },
    "bpm_histogram_first_peak_weight": {
        "mean": 0.274725288153,
        "var": 0
    },
    "bpm_histogram_second_peak_bpm": {
        "mean": 117,
        "var": 0
    },
    "bpm_histogram_second_peak_spread": {
        "mean": 0.235294103622,
        "var": 0
    },
    "bpm_histogram_second_peak_weight": {
        "mean": 0.142857149243,
        "var": 0
    },
    "danceability": 1.08294475079,
    "onset_rate": 3.43821430206,
    "beats_loudness_band_ratio": {
        "mean": [0.316592901945, 0.0551358088851, 0.124125875533, 0.308519124985, 0.161173924804, 0.0550132356584],
        "var": [0.0519611984491, 0.00291829253547, 0.0133948195726, 0.0320780649781, 0.00946798827499, 0.00131294014864]
    },
    "beats_position": [0.510838985443, 1.04489791393, 1.57895684242, 2.10140585899, 2.63546490669, 3.1811337471, 3.70358276367, 4.21442174911, 4.72526073456, 5.22448968887, 5.73532867432, 6.23455762863, 6.73378658295, 7.22140598297, 7.73224496841, 8.23147392273, 8.73070240021, 9.24154186249, 9.76399040222, 10.2864398956, 10.7508392334, 11.2036275864, 11.656416893, 12.0859861374, 12.5271654129, 12.9567346573, 13.3979139328, 13.8390922546, 14.2802715302, 14.7214508057, 15.15102005, 15.5805892944, 16.0101585388, 16.4397277832, 16.8809070587, 17.3220863342, 17.8329238892, 18.3205432892, 18.8081626892, 19.3073921204, 19.8182315826, 20.3290691376, 20.8399085999, 21.339138031, 21.8499774933, 22.3492050171, 22.8484344482, 23.3012237549, 23.7656230927, 24.2184123993, 24.6828117371, 25.1472110748, 25.6348285675, 26.1224479675, 26.6100673676, 27.0976867676, 27.5969161987, 28.0845336914, 28.5953731537, 29.0946025848, 29.5822219849, 30.0930614471, 30.5922889709, 31.0915184021, 31.5791378021, 32.0667572021, 32.5543746948, 33.0419960022, 33.5180053711, 33.99401474, 34.4816322327, 34.9692497253, 35.4452590942, 35.9444885254, 36.4321098328, 36.9197273254, 37.4073448181, 37.8717460632, 38.3477554321, 38.8353729248, 39.3113822937, 39.7989997864, 40.2866210938, 40.7742385864, 41.2618598938, 41.7494773865, 42.2487068176, 42.7479362488, 43.2587738037, 43.7580032349, 44.2456245422, 44.7448501587]
},
"tonal": {
    "chords_changes_rate": 0.0730452686548,
    "chords_number_rate": 0.0113168722019,
    "chords_strength": {
        "mean": 0.458865135908,
        "var": 0.00444202404469
    },
    "hpcp_entropy": {
        "mean": 2.16526532173,
        "var": 0.415941596031
    },
    "key_strength": 0.470399111509,
    "tuning_diatonic_strength": 0.377043664455,
    "tuning_equal_tempered_deviation": 0.23803524673,
    "tuning_frequency": 434.193115234,
    "tuning_nontempered_energy_ratio": 0.899947702885,
    "hpcp": {
        "mean": [0.211756303906, 0.277772188187, 0.205734953284, 0.135049134493, 0.114583730698, 0.0968872606754, 0.178184777498, 0.269465506077, 0.221821427345, 0.150180861354, 0.119425296783, 0.086840428412, 0.117142818868, 0.167577683926, 0.14477597177, 0.172395050526, 0.223841160536, 0.155870810151, 0.0974188372493, 0.0876535624266, 0.0708156228065, 0.118768595159, 0.17620100081, 0.259248614311, 0.337401598692, 0.224708333611, 0.118260160089, 0.240584358573, 0.366872191429, 0.278498828411, 0.205452501774, 0.223638892174, 0.182741656899, 0.170489370823, 0.178441718221, 0.155241400003],
        "var": [0.0609376840293, 0.0866838395596, 0.0567461401224, 0.0436637923121, 0.0346417985857, 0.0280960928649, 0.0440947301686, 0.0723751187325, 0.0560696944594, 0.0371183305979, 0.0306031536311, 0.0168784111738, 0.0253989454359, 0.0446496382356, 0.0290193278342, 0.0443063750863, 0.0702443346381, 0.0295462347567, 0.0179897882044, 0.0145068280399, 0.00887995678931, 0.0259722433984, 0.0536066815257, 0.0695421248674, 0.139342293143, 0.0620121136308, 0.0356058515608, 0.0628253668547, 0.111714713275, 0.0714795291424, 0.046904578805, 0.0814429968596, 0.057424210012, 0.0570001080632, 0.0672369152308, 0.0507843792439]
    },
    "chords_histogram": [3.80658435822, 1.23456788063, 0.720164597034, 0, 1.44032919407, 0, 0, 0, 0.205761313438, 2.67489719391, 0, 0, 0, 0, 0, 8.12757205963, 9.36213970184, 0.411522626877, 0, 18.3127574921, 2.46913576126, 32.2016448975, 13.7860078812, 5.24691343307],
    "thpcp": [1, 0.759116768837, 0.560011088848, 0.609582543373, 0.498107135296, 0.464710533619, 0.486386597157, 0.423148453236, 0.577193677425, 0.757136106491, 0.560781002045, 0.368109494448, 0.312326014042, 0.264089941978, 0.48568624258, 0.73449420929, 0.604628622532, 0.409354716539, 0.325522899628, 0.236704856157, 0.319301426411, 0.456774026155, 0.3946223557, 0.469904929399, 0.610133886337, 0.424864053726, 0.265538901091, 0.238921254873, 0.193025320768, 0.323732882738, 0.480278968811, 0.706645607948, 0.919670701027, 0.61249756813, 0.322347015142, 0.655771613121],
    "chords_key": "B",
    "chords_scale": "minor",
    "key_key": "A",
    "key_scale": "major"
}
}