{
"lowlevel": {
    "average_loudness": 0.759062886238,
    "barkbands_crest": {
        "mean": 9.4961977005,
        "var": 11.8596172333
    },
    "barkbands_flatness_db": {
        "mean": 0.122292220592,
        "var": 0.00174745253753
    },
    "barkbands_kurtosis": {
        "mean": 2.72719359398,
        "var": 8.04231929779
    },
    "barkbands_skewness": {
        "mean": 1.51157259941,
        "var": 0.358371764421
    },
    "barkbands_spread": {
        "mean": 20.2964954376,
        "var": 86.2650680542
    },
    "dissonance": {
        "mean": 0.455306917429,
        "var": 0.0010245203739
    },
    "dynamic_complexity": 1.97506451607,
    "erbbands_crest": {
        "mean": 7.44008207321,
        "var": 10.2806749344
    },
    "erbbands_flatness_db": {
        "mean": 0.14852578938,
        "var": 0.00105350953527
    },
    "erbbands_kurtosis": {
        "mean": -0.360280245543,
        "var": 1.20578551292
    },
    "erbbands_skewness": {
        "mean": 0.382370918989,
        "var": 0.214141204953
    },
    "erbbands_spread": {
        "mean": 41.099105835,
        "var": 126.396820068
    },
    "hfc": {
        "mean": 17.5843544006,
        "var": 220.556121826
    },
    "melbands_crest": {
        "mean": 12.1926441193,
        "var": 14.7519006729
    },
    "melbands_flatness_db": {
        "mean": 0.19127163291,
        "var": 0.00290132453665
    },
    "melbands_kurtosis": {
        "mean": 8.92922019958,
        "var": 38.3896598816
    },
    "melbands_skewness": {
        "mean": 2.41647839546,
        "var": 0.660663425922
    },
    "melbands_spread": {
        "mean": 20.6551456451,
        "var": 120.674209595
    },
    "pitch_salience": {
        "mean": 0.560762882233,
        "var": 0.00772123783827
    },
    "silence_rate_20dB": {
        "mean": 1,
        "var": 0
    },
    "silence_rate_30dB": {
        "mean": 0.995880544186,
        "var": 0.00410266686231
    },
    "silence_rate_60dB": {
        "mean": 0.00514933047816,
        "var": 0.00512277660891
    },
    "spectral_centroid": {
        "mean": 1275.65380859,
        "var": 320811.625
    },
    "spectral_complexity": {
        "mean": 19.6405773163,
        "var": 62.239692688
    },
    "spectral_decrease": {
        "mean": -6.13137185468e-009,
        "var": 2.02523245039e-017
    },
    "spectral_energy": {
        "mean": 0.0247361864895,
        "var": 0.000325164146489
    },
    "spectral_energyband_high": {
        "mean": 0.000654190254863,
        "var": 7.57924794925e-007
    },
    "spectral_energyband_low": {
        "mean": 0.00608399650082,
        "var": 8.18502376205e-005
    },
    "spectral_energyband_middle_high": {
        "mean": 0.00456501264125,
        "var": 2.77605558949e-005
    },
    "spectral_energyband_middle_low": {
        "mean": 0.0141542349011,
        "var": 0.000117488612887
    },
    "spectral_entropy": {
        "mean": 7.38624048233,
        "var": 0.170946553349
    },
    "spectral_flux": {
        "mean": 0.0675723776221,
        "var": 0.00197045807727
    },
    "spectral_kurtosis": {
        "mean": 4.25406599045,
        "var": 5.99366664886
    },
    "spectral_rms": {
        "mean": 0.00466812495142,
        "var": 2.34142726185e-006
    },
    "spectral_rolloff": {
        "mean": 1283.65759277,
        "var": 1039250.125
    },
    "spectral_skewness": {
        "mean": 1.46875858307,
        "var": 0.139141723514
    },
    "spectral_spread": {
        "mean": 4190612.5,
        "var": 1.75154960794e+012
    },
    "spectral_strongpeak": {
        "mean": 0.852290153503,
        "var": 1.16476368904
    },
    "zerocrossingrate": {
        "mean": 0.0541866458952,
        "var": 0.000648665067274
    },
    "barkbands": {
        "mean": [0.000160187919391, 0.00366326537915, 0.00159115134738, 0.0017159357667, 0.00528629822657, 0.00279128085822, 0.00113536289427, 0.000703116995282, 0.00239637470804, 0.000852430937812, 0.000735804555006, 0.000687042775098, 0.000339881400578, 0.000240492634475, 0.000163700125995, 0.000346488959622, 0.000311101379339, 0.000354744552169, 0.000379143690225, 0.000336130149662, 0.00019937644538, 0.000160720359418, 7.46549485484e-005, 4.22686935053e-005, 4.34002686234e-005, 2.35622646869e-005, 2.27278815146e-006],
        "var": [1.58522269089e-007, 4.19467723987e-005, 6.42102395432e-006, 7.75343778514e-006, 3.74869305233e-005, 1.17717781905e-005, 1.54591498358e-006, 2.44767215918e-006, 1.2537893781e-005, 5.67941697227e-006, 3.50136338056e-006, 6.80062726133e-007, 3.99901352921e-007, 1.17152360701e-007, 7.06018070673e-008, 2.39102661226e-007, 1.46337853835e-007, 2.22394078264e-007, 2.98070318649e-007, 3.33496529947e-007, 6.8152679944e-008, 4.9665779045e-008, 1.2682056294e-008, 7.73260211417e-009, 1.48692897994e-008, 3.28423799267e-009, 2.8729386925e-011]
    },
    "erbbands": {
        "mean": [0.0942705720663, 0.851189613342, 1.90745580196, 3.8937997818, 12.9064674377, 19.2600154877, 15.3182258606, 24.9026889801, 16.5201511383, 16.6731109619, 23.3619327545, 52.5267219543, 33.4737815857, 25.4354190826, 34.7961578369, 22.3773994446, 17.5528926849, 12.4936113358, 9.56921768188, 8.36370944977, 23.1216812134, 18.6730136871, 19.6591110229, 16.2809333801, 26.1986579895, 12.8438892365, 8.42889213562, 7.59266471863, 6.4627904892, 3.39603114128, 2.06190371513, 1.02803599834, 0.673949480057, 0.539764523506, 0.277088552713, 0.112370342016, 0.0404815264046, 0.00936643593013, 0.000238569962676, 3.55627053068e-005],
        "var": [0.0347193032503, 2.26756286621, 8.38700199127, 29.505771637, 496.358001709, 343.641265869, 517.584716797, 988.777160645, 347.367004395, 305.577362061, 2123.12646484, 6345.19482422, 4522.89453125, 2718.92407227, 6149.4609375, 862.804992676, 708.455200195, 290.093414307, 227.223449707, 152.101928711, 1075.32727051, 434.12020874, 559.499938965, 424.444061279, 2086.83178711, 292.488372803, 114.500465393, 110.681228638, 83.5862960815, 23.375377655, 10.1668748856, 3.68997955322, 2.34697055817, 2.47206091881, 0.563286244869, 0.0907817706466, 0.00905863940716, 0.00044217062532, 2.76696937362e-007, 8.41748115654e-010]
    },
    "gfcc": {
        "mean": [9.94507980347, 103.601806641, -120.029373169, 33.0304794312, -62.1641845703, 1.63717126846, -27.6777667999, 5.50293970108, -28.8546104431, -3.42522072792, -18.0495605469, 6.6608080864, -13.2285938263],
        "cov": [[3801.81665039, -976.087158203, -159.81578064, 158.016372681, -272.171173096, 110.803710938, -269.661224365, 185.329742432, -68.7219238281, 135.95866394, -238.015014648, -96.07762146, -135.71913147], [-976.087158203, 853.835266113, -25.4434986115, 15.3182239532, 152.65725708, -42.5542297363, 171.92250061, -120.116172791, 71.4148178101, -95.4056930542, 164.388259888, 12.3646564484, 102.420333862], [-159.81578064, -25.4434986115, 318.928161621, -9.92549228668, 105.139862061, 96.6679153442, -18.0552330017, 45.4431800842, -16.9876880646, 54.8698425293, 0.684915065765, 36.6073265076, 9.20613574982], [158.016372681, 15.3182239532, -9.92549228668, 131.67791748, 44.5685081482, 10.5379171371, 22.6619281769, 6.63366699219, 29.9277191162, 0.855786561966, 3.46860551834, -11.4762382507, -4.05803108215], [-272.171173096, 152.65725708, 105.139862061, 44.5685081482, 167.967575073, 51.0346641541, 36.4181098938, 3.60629963875, 22.928817749, 12.9104986191, 30.9747009277, 17.9403171539, 20.5553684235], [110.803710938, -42.5542297363, 96.6679153442, 10.5379171371, 51.0346641541, 131.0362854, 3.3908598423, 32.9070587158, 2.91893744469, 34.9106445313, -10.7888851166, -11.6262979507, 8.64883708954], [-269.661224365, 171.92250061, -18.0552330017, 22.6619281769, 36.4181098938, 3.3908598423, 149.253845215, 6.04637908936, 36.9778594971, -26.6769390106, 41.9754753113, 14.1706495285, 17.3595256805], [185.329742432, -120.116172791, 45.4431800842, 6.63366699219, 3.60629963875, 32.9070587158, 6.04637908936, 89.5169677734, 17.2264442444, 33.5858345032, -17.3118400574, 5.67443180084, -12.7149610519], [-68.7219238281, 71.4148178101, -16.9876880646, 29.9277191162, 22.928817749, 2.91893744469, 36.9778594971, 17.2264442444, 98.754699707, 20.1473140717, 5.12144804001, -0.761155188084, 3.57186794281], [135.95866394, -95.4056930542, 54.8698425293, 0.855786561966, 12.9104986191, 34.9106445313, -26.6769390106, 33.5858345032, 20.1473140717, 77.8317184448, -2.35776114464, 0.505939602852, -9.64989471436], [-238.015014648, 164.388259888, 0.684915065765, 3.46860551834, 30.9747009277, -10.7888851166, 41.9754753113, -17.3118400574, 5.12144804001, -2.35776114464, 87.6441345215, 28.8386325836, 27.2321968079], [-96.07762146, 12.3646564484, 36.6073265076, -11.4762382507, 17.9403171539, -11.6262979507, 14.1706495285, 5.67443180084, -0.761155188084, 0.505939602852, 28.8386325836, 74.8051300049, 19.4018859863], [-135.71913147, 102.420333862, 9.20613574982, -4.05803108215, 20.5553684235, 8.64883708954, 17.3595256805, -12.7149610519, 3.57186794281, -9.64989471436, 27.2321968079, 19.4018859863, 60.8384513855]],
        "icov": [[0.000604246044531, -0.000215649386519, 0.000638256780803, -0.00126679311506, 0.00100616691634, -0.000849273114, 0.000741496274713, -0.00104928086512, 0.000892328447662, -0.000980720389634, 0.00107500271406, -0.000629375805147, 0.000391410954762], [-0.000215649386519, 0.00571583770216, -0.00138227618299, 0.00243706419133, -0.0038976976648, 0.00191789097153, -0.00237945886329, 0.00463698105887, -0.00493240077049, 0.00581529270858, -0.00770754786208, 0.00507906638086, -0.00399729749188], [0.000638256780803, -0.00138227618299, 0.00701525295153, -0.000652618706226, -0.00163974135648, -0.00380666390993, 0.00181494944263, -0.00324975070544, 0.00386035512201, -0.00442759087309, 0.00357329077087, -0.00446204794571, 0.00143849558663], [-0.00126679311506, 0.00243706419133, -0.000652618706226, 0.0127726411447, -0.00649407040328, 0.00211653159931, -0.00243409117684, 0.00282729254104, -0.00539566669613, 0.0046947998926, -0.00496440147981, 0.00445191049948, -0.000935493968427], [0.00100616691634, -0.0038976976648, -0.00163974135648, -0.00649407040328, 0.0144835049286, -0.0045946072787, 0.00144922884647, -0.00245563220233, 0.00240971846506, -0.00427831104025, 0.00399315962568, -0.00462099164724, 0.00232034455985], [-0.000849273114, 0.00191789097153, -0.00380666390993, 0.00211653159931, -0.0045946072787, 0.0145847182721, -0.00332721974701, 0.000251853954978, -0.000892342824955, -0.00108003127389, -0.00135030248202, 0.00672696065158, -0.00558486673981], [0.000741496274713, -0.00237945886329, 0.00181494944263, -0.00243409117684, 0.00144922884647, -0.00332721974701, 0.012555046007, -0.00578801799566, -0.00135390949436, 0.00322810723446, -0.00114643294364, -0.00295164505951, 0.00246014213189], [-0.00104928086512, 0.00463698105887, -0.00324975070544, 0.00282729254104, -0.00245563220233, 0.000251853954978, -0.00578801799566, 0.0216493327171, -0.00634463503957, 0.000144291028846, -0.00350002851337, 0.0015422469005, -0.00102642865386], [0.000892328447662, -0.00493240077049, 0.00386035512201, -0.00539566669613, 0.00240971846506, -0.000892342824955, -0.00135390949436, -0.00634463503957, 0.0196467693895, -0.0125430943444, 0.0098234238103, -0.00467054964975, 0.00167254044209], [-0.000980720389634, 0.00581529270858, -0.00442759087309, 0.0046947998926, -0.00427831104025, -0.00108003127389, 0.00322810723446, 0.000144291028846, -0.0125430943444, 0.0297194384038, -0.0142219811678, 0.0061695901677, -0.000437696115114], [0.00107500271406, -0.00770754786208, 0.00357329077087, -0.00496440147981, 0.00399315962568, -0.00135030248202, -0.00114643294364, -0.00350002851337, 0.0098234238103, -0.0142219811678, 0.0301001146436, -0.0120741724968, 0.000484948715894], [-0.000629375805147, 0.00507906638086, -0.00446204794571, 0.00445191049948, -0.00462099164724, 0.00672696065158, -0.00295164505951, 0.0015422469005, -0.00467054964975, 0.0061695901677, -0.0120741724968, 0.0238663703203, -0.00816666241735], [0.000391410954762, -0.00399729749188, 0.00143849558663, -0.000935493968427, 0.00232034455985, -0.00558486673981, 0.00246014213189, -0.00102642865386, 0.00167254044209, -0.000437696115114, 0.000484948715894, -0.00816666241735, 0.0250726472586]]
    },
    "melbands": {
        "mean": [0.00094850367168, 0.00107716629282, 0.00089858379215, 0.00129734014627, 0.00059590669116, 0.000546144496184, 0.000248160358751, 0.000177620226168, 0.000238522756263, 0.000319716113154, 0.000166006226209, 0.00010726282926, 0.000119191325211, 7.68037425587e-005, 5.84430745221e-005, 2.76528098766e-005, 2.20460460696e-005, 1.59814244398e-005, 1.08732911031e-005, 1.06492389023e-005, 3.06848960463e-005, 1.80097467819e-005, 1.75315071829e-005, 1.96494820557e-005, 1.17029185276e-005, 1.60937725013e-005, 1.88542726391e-005, 6.44777765046e-006, 5.91649086346e-006, 3.97426583731e-006, 4.33088234786e-006, 3.88627768189e-006, 2.73193018074e-006, 1.57953320468e-006, 1.25751137148e-006, 8.07720937246e-007, 5.67535835216e-007, 4.99920361108e-007, 3.86505462302e-007, 4.92948288411e-007],
        "var": [2.98040436064e-006, 2.81112602352e-006, 1.77960282599e-006, 2.27655732488e-006, 5.69121766603e-007, 4.57406116539e-007, 7.67652110767e-008, 4.04820461597e-008, 1.93967608197e-007, 2.22619391366e-007, 1.26229096509e-007, 6.07456698276e-008, 7.14047772021e-008, 1.31516477708e-008, 8.94170515409e-009, 1.6045421658e-009, 1.00429731198e-009, 7.00869640102e-010, 3.71626118767e-010, 1.68930050504e-010, 2.10006345647e-009, 4.5695403017e-010, 6.85388301669e-010, 8.33876079298e-010, 2.63259913869e-010, 6.27281115939e-010, 1.47063439204e-009, 9.84237344404e-011, 6.01149893753e-011, 3.04428322828e-011, 3.96786214996e-011, 3.39302232144e-011, 1.53881889869e-011, 5.7134869752e-012, 3.93386972303e-012, 1.87914072323e-012, 1.35831255098e-012, 1.33848910688e-012, 9.8058442876e-013, 2.3428121422e-012]
    },
    "mfcc": {
        "mean": [-631.796508789, 132.109420776, -3.00169229507, 32.3180046082, -12.4325418472, 1.73425042629, 0.431234300137, 8.95273113251, -4.45918989182, -6.06369876862, -3.03921151161, -1.78531050682, -2.29025149345],
        "cov": [[3372.00952148, -959.75402832, -60.7547073364, -134.100799561, -37.9132003784, -102.92388916, -132.984420776, -119.038253784, 124.833938599, 83.359664917, 36.9637374878, -23.2104797363, 48.7839508057], [-959.75402832, 693.531921387, -8.24140739441, 90.7219009399, 27.458946228, 73.5487594604, 78.3539886475, 58.5034446716, -51.5224075317, -25.9465446472, -11.9580183029, 18.1069126129, -17.6505508423], [-60.7547073364, -8.24140739441, 174.524551392, -24.7989616394, 68.0058517456, 24.1590995789, 39.1360015869, -0.573715686798, 22.5542068481, 1.07746946812, 14.2585906982, 8.94408893585, 2.00591158867], [-134.100799561, 90.7219009399, -24.7989616394, 144.873672485, 5.51537036896, 13.4438896179, 5.69508361816, 35.7219047546, -15.123459816, 4.07968378067, 1.85195672512, 10.2852134705, 13.5141487122], [-37.9132003784, 27.458946228, 68.0058517456, 5.51537036896, 169.873519897, 52.326133728, 26.5834407806, -17.3571968079, 25.9848861694, 7.36158466339, 11.2891921997, 8.86674785614, 10.2931842804], [-102.92388916, 73.5487594604, 24.1590995789, 13.4438896179, 52.326133728, 100.203300476, 33.1560707092, 11.5071153641, 21.2844390869, 17.8468952179, 0.187755152583, 15.9843091965, 4.06724691391], [-132.984420776, 78.3539886475, 39.1360015869, 5.69508361816, 26.5834407806, 33.1560707092, 113.152679443, 28.7406616211, -0.704996585846, -3.85899496078, 3.18816041946, -4.99356460571, -1.91912972927], [-119.038253784, 58.5034446716, -0.573715686798, 35.7219047546, -17.3571968079, 11.5071153641, 28.7406616211, 86.8317947388, 15.0224351883, 0.926740288734, 3.76012444496, 10.0883302689, 5.79011154175], [124.833938599, -51.5224075317, 22.5542068481, -15.123459816, 25.9848861694, 21.2844390869, -0.704996585846, 15.0224351883, 85.3669204712, 35.5808563232, 1.79649400711, 14.7591762543, 13.7275781631], [83.359664917, -25.9465446472, 1.07746946812, 4.07968378067, 7.36158466339, 17.8468952179, -3.85899496078, 0.926740288734, 35.5808563232, 79.4783859253, 17.5407009125, 7.6518535614, 17.2132987976], [36.9637374878, -11.9580183029, 14.2585906982, 1.85195672512, 11.2891921997, 0.187755152583, 3.18816041946, 3.76012444496, 1.79649400711, 17.5407009125, 63.3930854797, 19.2932739258, 3.36126875877], [-23.2104797363, 18.1069126129, 8.94408893585, 10.2852134705, 8.86674785614, 15.9843091965, -4.99356460571, 10.0883302689, 14.7591762543, 7.6518535614, 19.2932739258, 58.8614768982, 14.0546398163], [48.7839508057, -17.6505508423, 2.00591158867, 13.5141487122, 10.2931842804, 4.06724691391, -1.91912972927, 5.79011154175, 13.7275781631, 17.2132987976, 3.36126875877, 14.0546398163, 56.552772522]],
        "icov": [[0.000526474381331, 0.000642309198156, 0.000288239156362, -1.57285212481e-005, 3.80215205951e-005, 5.43576679775e-005, -4.79070731672e-005, 0.000413858040702, -0.000532491889317, -3.86948995583e-005, -0.000289872201392, 0.000153574364958, -0.00019487796817], [0.000642309198156, 0.00279766484164, 0.000582828652114, -0.000708357430995, -0.000261764245806, -0.00105361815076, -0.000889772141818, -0.000457171874586, 0.000935109448619, -5.41252156836e-005, 0.000341214035871, -0.00071543926606, 0.000554740370717], [0.000288239156362, 0.000582828652114, 0.00785833317786, 0.0012895950349, -0.00261246855371, 0.000184939985047, -0.00229129451327, 9.77210802375e-005, -0.00137849291787, 0.000746322562918, -0.00124299584422, -0.000715935719199, 8.00522320787e-005], [-1.57285212481e-005, -0.000708357430995, 0.0012895950349, 0.00925743672997, -0.00150201749057, -0.000325060565956, 0.000985058839433, -0.0042733005248, 0.00322908442467, -0.00145976291969, 0.000439055496827, -0.000789334415458, -0.00186719314661], [3.80215205951e-005, -0.000261764245806, -0.00261246855371, -0.00150201749057, 0.00928829796612, -0.00381291215308, -0.00074645987479, 0.004006058909, -0.0031093491707, 0.00195414689369, -0.00201767683029, 0.00119393144269, -0.0015315648634], [5.43576679775e-005, -0.00105361815076, 0.000184939985047, -0.000325060565956, -0.00381291215308, 0.0153709817678, -0.00313212256879, -0.000285460875602, -0.00168390700128, -0.00340279797092, 0.00260746339336, -0.00377488462254, 0.0014344858937], [-4.79070731672e-005, -0.000889772141818, -0.00229129451327, 0.000985058839433, -0.00074645987479, -0.00313212256879, 0.0125222196802, -0.00433168094605, 0.00151603331324, 0.000498545414302, -0.00101194938179, 0.00318366335705, -0.000411750079365], [0.000413858040702, -0.000457171874586, 9.77210802375e-005, -0.0042733005248, 0.004006058909, -0.000285460875602, -0.00433168094605, 0.0178005173802, -0.00678209401667, 0.00269430386834, -0.00208279350773, -0.00062365969643, -0.00105510395952], [-0.000532491889317, 0.000935109448619, -0.00137849291787, 0.00322908442467, -0.0031093491707, -0.00168390700128, 0.00151603331324, -0.00678209401667, 0.020684607327, -0.00827275216579, 0.00457742949948, -0.00418167794123, -0.000274445104878], [-3.86948995583e-005, -5.41252156836e-005, 0.000746322562918, -0.00145976291969, 0.00195414689369, -0.00340279797092, 0.000498545414302, 0.00269430386834, -0.00827275216579, 0.0189620684832, -0.00635225512087, 0.00304103130475, -0.00417272280902], [-0.000289872201392, 0.000341214035871, -0.00124299584422, 0.000439055496827, -0.00201767683029, 0.00260746339336, -0.00101194938179, -0.00208279350773, 0.00457742949948, -0.00635225512087, 0.0207088794559, -0.00787601992488, 0.00220319908112], [0.000153574364958, -0.00071543926606, -0.000715935719199, -0.000789334415458, 0.00119393144269, -0.00377488462254, 0.00318366335705, -0.00062365969643, -0.00418167794123, 0.00304103130475, -0.00787601992488, 0.0231966283172, -0.00512300850824], [-0.00019487796817, 0.000554740370717, 8.00522320787e-005, -0.00186719314661, -0.0015315648634, 0.0014344858937, -0.000411750079365, -0.00105510395952, -0.000274445104878, -0.00417272280902, 0.00220319908112, -0.00512300850824, 0.0212157741189]]
    },
    "spectral_contrast_coeffs": {
        "mean": [-0.615767419338, -0.703029811382, -0.714073956013, -0.765637040138, -0.741967558861, -0.72038424015],
        "var": [0.00579495495185, 0.00390122970566, 0.00345194456168, 0.00185949844308, 0.00241077155806, 0.00140636553988]
    },
    "spectral_contrast_valleys": {
        "mean": [-7.12032794952, -6.67424201965, -7.31403160095, -7.99803113937, -7.75290250778, -10.6198644638],
        "var": [0.629245102406, 0.734665811062, 0.781491756439, 0.811128616333, 0.883173823357, 1.12994146347]
    }
},
"metadata": {
    "audio_properties": {
        "analysis_sample_rate": 44100,
        "bit_rate": 128074,
        "equal_loudness": 0,
        "length": 45.0612258911,
        "lossless": 0,
        "replay_gain": -6.37665176392,
        "sample_rate": 44100,
        "codec": "mp3",
        "downmix": "mix",
        "md5_encoded": "f8d7687e55013bee786af82a682231cc"
    },
    "tags": {
        "file_name": "1233.mp3"
    },
    "version": {
        "essentia": "2.1-beta2",
        "essentia_git_sha": "v2.1_beta2",
        "extractor": "music 1.0"
    }
},
"rhythm": {
    "beats_count": 85,
    "beats_loudness": {
        "mean": 0.0340620130301,
        "var": 0.000344025931554
    },
    "bpm": 114.512817383,
    "bpm_histogram_first_peak_bpm": {
        "mean": 115,
        "var": 0
    },
    "bpm_histogram_first_peak_spread": {
        "mean": 0.416666686535,
        "var": 0
    },
    "bpm_histogram_first_peak_weight": {
        "mean": 0.5,
        "var": 0
    },
    "bpm_histogram_second_peak_bpm": {
        "mean": 105,
        "var": 0
    },
    "bpm_histogram_second_peak_spread": {
        "mean": 0.222222208977,
        "var": 0
    },
    "bpm_histogram_second_peak_weight": {
        "mean": 0.0833333358169,
        "var": 0
    },
    "danceability": 1.05367708206,
    "onset_rate": 3.66003441811,
    "beats_loudness_band_ratio": {
        "mean": [0.384573757648, 0.328892946243, 0.161987006664, 0.0906194597483, 0.0558712445199, 0.0610297247767],
        "var": [0.0344807133079, 0.0256668198854, 0.0115872016177, 0.00319034629501, 0.00105877348687, 0.00198811176233]
    },
    "beats_position": [0.476009070873, 0.96362811327, 1.45124709606, 1.95047616959, 2.46131515503, 2.97215414047, 3.48299312592, 3.99383211136, 4.52789115906, 5.0387301445, 5.56117916107, 6.08362817764, 6.6176867485, 7.1517457962, 7.6858048439, 8.2198638916, 8.75392246246, 9.287981987, 9.82204055786, 10.3560991287, 10.8785486221, 11.412607193, 11.9350566864, 12.4691152573, 12.9799547195, 13.5024032593, 14.0132427216, 14.5356912613, 15.0581407547, 15.5921993256, 16.114648819, 16.637096405, 17.1595458984, 17.6819953918, 18.2044448853, 18.7268924713, 19.2493419647, 19.7717914581, 20.2942390442, 20.8166885376, 21.339138031, 21.8731975555, 22.3956451416, 22.918094635, 23.4521541595, 23.974603653, 24.497051239, 25.0078907013, 25.5187301636, 26.0411777496, 26.563627243, 27.0860767365, 27.6085262299, 28.1309738159, 28.6534233093, 29.1758728027, 29.6983222961, 30.2207698822, 30.7432193756, 31.265668869, 31.7881164551, 32.3105659485, 32.8330154419, 33.3670730591, 33.8895225525, 34.4235839844, 34.9460296631, 35.4684791565, 35.9909286499, 36.5249862671, 37.059047699, 37.5931053162, 38.1155548096, 38.638004303, 39.1488418579, 39.6829032898, 40.2401809692, 40.8090705872, 41.3663482666, 41.9352378845, 42.5041275024, 43.0730133057, 43.6419029236, 44.2107925415, 44.7796821594]
},
"tonal": {
    "chords_changes_rate": 0.0267489720136,
    "chords_number_rate": 0.00617283955216,
    "chords_strength": {
        "mean": 0.554232239723,
        "var": 0.00527136120945
    },
    "hpcp_entropy": {
        "mean": 1.84240341187,
        "var": 0.571450531483
    },
    "key_strength": 0.823316574097,
    "tuning_diatonic_strength": 0.644489884377,
    "tuning_equal_tempered_deviation": 0.223287805915,
    "tuning_frequency": 434.193115234,
    "tuning_nontempered_energy_ratio": 0.939440369606,
    "hpcp": {
        "mean": [0.328392714262, 0.305120021105, 0.114330902696, 0.061651982367, 0.0519421435893, 0.0528352931142, 0.228307455778, 0.349214196205, 0.174537658691, 0.0400418713689, 0.0353907458484, 0.0395990684628, 0.100102633238, 0.153622537851, 0.111676089466, 0.0607444196939, 0.0488766208291, 0.0503508709371, 0.0849784314632, 0.107170544565, 0.177798047662, 0.438167870045, 0.424791663885, 0.163278698921, 0.0910779982805, 0.055589415133, 0.0455667637289, 0.151680409908, 0.208207383752, 0.12844876945, 0.0697185322642, 0.0421012490988, 0.0467398688197, 0.13187007606, 0.167907431722, 0.178855374455],
        "var": [0.133821606636, 0.122236356139, 0.0236877147108, 0.0195722337812, 0.0139995105565, 0.0108769638464, 0.0530197583139, 0.135069489479, 0.0418233349919, 0.0106081087142, 0.010874309577, 0.00846123695374, 0.0165321659297, 0.046628382057, 0.0361752323806, 0.0170515794307, 0.0187897644937, 0.0189479570836, 0.0275644958019, 0.0358348302543, 0.0474915131927, 0.128382027149, 0.121172867715, 0.0335695594549, 0.0372406281531, 0.0126635236666, 0.00904254522175, 0.0485880374908, 0.0671891719103, 0.0368467345834, 0.0363847985864, 0.0182943567634, 0.0121799884364, 0.0565515756607, 0.0746488720179, 0.046300817281]
    },
    "chords_histogram": [40.6378593445, 7.40740728378, 29.8353900909, 0, 10.9053497314, 0, 0, 0, 0, 0, 0.102880656719, 0, 0, 0, 0, 0, 0, 0, 0, 4.01234579086, 0, 0, 0, 7.09876537323],
    "thpcp": [1, 0.969472408295, 0.372639596462, 0.207860976458, 0.126867845654, 0.103993847966, 0.346169620752, 0.475177198648, 0.293149679899, 0.159113749862, 0.0960847437382, 0.106671147048, 0.300957888365, 0.383203446865, 0.408189147711, 0.749467790127, 0.696354150772, 0.260929465294, 0.140704020858, 0.118543937802, 0.120582304895, 0.521050214767, 0.796987235546, 0.398335129023, 0.0913847759366, 0.0807698369026, 0.0903741940856, 0.228457272053, 0.350602000952, 0.254870563745, 0.138632759452, 0.111547708511, 0.114912286401, 0.193940356374, 0.244587868452, 0.405776083469],
    "chords_key": "A",
    "chords_scale": "major",
    "key_key": "A",
    "key_scale": "major"
}
}