{
"lowlevel": {
    "average_loudness": 0.775022685528,
    "barkbands_crest": {
        "mean": 12.9112987518,
        "var": 24.6279449463
    },
    "barkbands_flatness_db": {
        "mean": 0.18923202157,
        "var": 0.00413633184507
    },
    "barkbands_kurtosis": {
        "mean": 17.2275238037,
        "var": 474.870758057
    },
    "barkbands_skewness": {
        "mean": 2.72901391983,
        "var": 2.91068720818
    },
    "barkbands_spread": {
        "mean": 12.839931488,
        "var": 167.503768921
    },
    "dissonance": {
        "mean": 0.430978924036,
        "var": 0.00192152988166
    },
    "dynamic_complexity": 4.13196659088,
    "erbbands_crest": {
        "mean": 12.6680669785,
        "var": 32.8206977844
    },
    "erbbands_flatness_db": {
        "mean": 0.176230922341,
        "var": 0.00231629400514
    },
    "erbbands_kurtosis": {
        "mean": 3.51898264885,
        "var": 53.1273803711
    },
    "erbbands_skewness": {
        "mean": 1.13646376133,
        "var": 1.78475320339
    },
    "erbbands_spread": {
        "mean": 35.1403770447,
        "var": 418.617340088
    },
    "hfc": {
        "mean": 10.4565210342,
        "var": 234.310379028
    },
    "melbands_crest": {
        "mean": 16.8263187408,
        "var": 33.4829216003
    },
    "melbands_flatness_db": {
        "mean": 0.276653468609,
        "var": 0.00667868135497
    },
    "melbands_kurtosis": {
        "mean": 32.0922470093,
        "var": 1135.56091309
    },
    "melbands_skewness": {
        "mean": 3.67580270767,
        "var": 4.17261886597
    },
    "melbands_spread": {
        "mean": 13.2081651688,
        "var": 334.41494751
    },
    "pitch_salience": {
        "mean": 0.520500361919,
        "var": 0.0156355276704
    },
    "silence_rate_20dB": {
        "mean": 1,
        "var": 0
    },
    "silence_rate_30dB": {
        "mean": 1,
        "var": 0
    },
    "silence_rate_60dB": {
        "mean": 0.0669412985444,
        "var": 0.0624585747719
    },
    "spectral_centroid": {
        "mean": 778.294067383,
        "var": 439110.1875
    },
    "spectral_complexity": {
        "mean": 8.90525245667,
        "var": 34.424697876
    },
    "spectral_decrease": {
        "mean": -4.79221817784e-009,
        "var": 1.8201581638e-017
    },
    "spectral_energy": {
        "mean": 0.0190353710204,
        "var": 0.000286823837087
    },
    "spectral_energyband_high": {
        "mean": 0.000317089055898,
        "var": 8.73154590408e-007
    },
    "spectral_energyband_low": {
        "mean": 0.00393256219104,
        "var": 2.26972733799e-005
    },
    "spectral_energyband_middle_high": {
        "mean": 0.00230563199148,
        "var": 2.66532715614e-005
    },
    "spectral_energyband_middle_low": {
        "mean": 0.0127828819677,
        "var": 0.000202554729185
    },
    "spectral_entropy": {
        "mean": 6.74332046509,
        "var": 0.361913770437
    },
    "spectral_flux": {
        "mean": 0.0449430271983,
        "var": 0.000840490625706
    },
    "spectral_kurtosis": {
        "mean": 8.05055713654,
        "var": 40.2645301819
    },
    "spectral_rms": {
        "mean": 0.00391032453626,
        "var": 3.28042119691e-006
    },
    "spectral_rolloff": {
        "mean": 824.624816895,
        "var": 1726713.75
    },
    "spectral_skewness": {
        "mean": 2.18968510628,
        "var": 0.59012389183
    },
    "spectral_spread": {
        "mean": 4499393.5,
        "var": 2.83177333555e+012
    },
    "spectral_strongpeak": {
        "mean": 1.06253540516,
        "var": 2.66602134705
    },
    "zerocrossingrate": {
        "mean": 0.0397116988897,
        "var": 0.00141893082764
    },
    "barkbands": {
        "mean": [0.00053060130449, 0.000788513279986, 0.00237926584668, 0.0010320659494, 0.00695658940822, 0.00203530071303, 0.000668859865982, 0.00124716898426, 0.000703220197465, 0.000630415685009, 0.000179671231308, 0.000169846010976, 0.000209157034988, 0.000357849843567, 0.000292408047244, 0.000101661571534, 0.000108663844003, 0.000133004214149, 0.000139675350511, 0.000101646415715, 6.99666707078e-005, 4.84447518829e-005, 5.33744569111e-005, 3.47204477293e-005, 3.64241568604e-005, 2.47626012424e-005, 2.08905839827e-006],
        "var": [1.37169331538e-006, 9.77960439741e-007, 1.42932140079e-005, 1.15021725833e-006, 8.56732513057e-005, 6.07471738476e-005, 5.40396149518e-006, 1.81820560101e-005, 6.26879591437e-006, 5.12396809427e-006, 4.30663448014e-007, 2.34928720033e-007, 2.51481424129e-007, 1.52472250647e-006, 1.6108242562e-006, 8.92220342052e-008, 9.40518077641e-007, 2.11648114146e-007, 4.50092073834e-007, 2.69108511475e-007, 1.06622387364e-007, 2.88426473816e-008, 4.62138309842e-008, 1.32080080206e-008, 1.19557492795e-008, 1.47537431161e-008, 1.9565522813e-010]
    },
    "erbbands": {
        "mean": [0.011056962423, 0.257503658533, 2.29694533348, 3.40586590767, 7.07837200165, 27.4825725555, 33.0040931702, 13.7234201431, 4.38291215897, 22.8871555328, 23.7558917999, 13.1801309586, 24.7938175201, 11.7070417404, 8.99977970123, 5.62627696991, 10.3757390976, 17.4401912689, 16.8593254089, 11.5038118362, 4.92546844482, 5.3755068779, 8.09992694855, 8.45151805878, 4.70320034027, 5.45213937759, 4.07157325745, 1.4665106535, 1.6215981245, 2.04482150078, 1.25402164459, 0.899486422539, 0.422019511461, 0.487707078457, 0.219404041767, 0.0785877555609, 0.0525306873024, 0.0108960391954, 0.000258256128291, 2.87003240373e-005],
        "var": [0.000225807831157, 0.123932309449, 15.2075223923, 10.4105243683, 111.381904602, 1335.5447998, 4306.37890625, 3408.81958008, 149.746673584, 6014.21875, 9003.42773438, 1461.83483887, 6393.00390625, 1375.68127441, 784.149047852, 153.376647949, 512.094604492, 4675.17333984, 4485.31689453, 1499.45690918, 121.320724487, 1094.71789551, 1316.01782227, 1124.85656738, 332.633117676, 601.550048828, 350.798522949, 18.013841629, 29.7523918152, 65.3086166382, 24.9331760406, 7.76699447632, 1.85620975494, 3.06550836563, 0.364123284817, 0.0595132932067, 0.0823912918568, 0.00507967779413, 2.14599663195e-006, 1.95523508495e-009]
    },
    "gfcc": {
        "mean": [-64.7597808838, 104.121002197, -89.9055252075, 27.2695980072, -53.5548324585, 10.1313209534, -45.0617904663, -1.42672765255, -33.6510467529, -1.80414962769, -24.3388595581, -6.73580265045, -13.3970794678],
        "cov": [[4944.62451172, -1261.09912109, -739.680175781, -325.175384521, -368.351776123, -2.94511985779, -93.6986846924, 283.794586182, -199.008010864, 47.6643257141, -61.8811759949, 55.5826301575, -110.733787537], [-1261.09912109, 1447.1607666, 147.127471924, -208.359649658, 202.585586548, -176.895843506, 16.654838562, -84.8634414673, 109.819763184, -141.268737793, 5.94936466217, -227.028778076, 127.28515625], [-739.680175781, 147.127471924, 815.78692627, 64.7055511475, -107.143371582, 14.941781044, -65.9680099487, -5.16511535645, -20.3542041779, -11.6090278625, -22.8812217712, 35.2371025085, 15.4261341095], [-325.175384521, -208.359649658, 64.7055511475, 585.245849609, 121.339431763, 114.346923828, 83.7935180664, -81.1193847656, 13.432592392, 71.7120285034, 11.9812746048, 49.4915351868, -87.3075942993], [-368.351776123, 202.585586548, -107.143371582, 121.339431763, 350.253509521, 46.468837738, 90.3140411377, -41.231174469, 22.6438426971, 11.3437576294, -24.7513599396, -60.6240501404, -11.1369590759], [-2.94511985779, -176.895843506, 14.941781044, 114.346923828, 46.468837738, 236.215667725, 63.8319549561, -14.9171857834, 21.9431858063, 32.3419952393, -18.2202968597, 0.42386546731, -67.0679168701], [-93.6986846924, 16.654838562, -65.9680099487, 83.7935180664, 90.3140411377, 63.8319549561, 186.234970093, 15.9448480606, -12.1670999527, 7.91885328293, -5.59653997421, -22.3504276276, -52.2470092773], [283.794586182, -84.8634414673, -5.16511535645, -81.1193847656, -41.231174469, -14.9171857834, 15.9448480606, 154.511230469, -1.6583725214, -8.90407085419, -12.4132423401, -17.7188854218, -7.38100910187], [-199.008010864, 109.819763184, -20.3542041779, 13.432592392, 22.6438426971, 21.9431858063, -12.1670999527, -1.6583725214, 136.140853882, 4.64656925201, -32.5789451599, -14.2692308426, 10.6371355057], [47.6643257141, -141.268737793, -11.6090278625, 71.7120285034, 11.3437576294, 32.3419952393, 7.91885328293, -8.90407085419, 4.64656925201, 114.883384705, 11.2844343185, 13.6253919601, -44.6134338379], [-61.8811759949, 5.94936466217, -22.8812217712, 11.9812746048, -24.7513599396, -18.2202968597, -5.59653997421, -12.4132423401, -32.5789451599, 11.2844343185, 101.726020813, 18.8967876434, -9.98297595978], [55.5826301575, -227.028778076, 35.2371025085, 49.4915351868, -60.6240501404, 0.42386546731, -22.3504276276, -17.7188854218, -14.2692308426, 13.6253919601, 18.8967876434, 127.888427734, 10.3140611649], [-110.733787537, 127.28515625, 15.4261341095, -87.3075942993, -11.1369590759, -67.0679168701, -52.2470092773, -7.38100910187, 10.6371355057, -44.6134338379, -9.98297595978, 10.3140611649, 125.177688599]],
        "icov": [[0.000414087175159, 0.000199846515898, 0.000418201292632, 8.89727962203e-005, 0.000307286332827, -3.2290819945e-005, 0.000351970695192, -0.000468545971671, 0.000601463427301, -5.22447408002e-006, 0.00055165856611, 0.000130823449581, 0.000283175788354], [0.000199846515898, 0.0025453644339, -0.000796356587671, 0.000764097087085, -0.000895210891031, 0.00173513381742, -0.00113647454418, 0.00178731081542, -0.00216167373583, 0.00173308630474, -0.00174786825664, 0.00388396019116, -0.000957358279265], [0.000418201292632, -0.000796356587671, 0.00221555912867, -0.000558897678275, 0.00118224148173, -0.0009683612152, 0.00137369788717, -0.00133876514155, 0.00199038139544, -0.000523813010659, 0.00190008699428, -0.00141539587639, 0.000509967736434], [8.89727962203e-005, 0.000764097087085, -0.000558897678275, 0.0028635612689, -0.00107635371387, 0.000146796854096, -0.0009884434985, 0.00151786976494, -0.00103653478436, -0.000160628987942, -0.000739330542274, -0.000180687449756, 0.00101445429027], [0.000307286332827, -0.000895210891031, 0.00118224148173, -0.00107635371387, 0.00491872755811, -0.000946325482801, -0.000797733198851, -0.000129548847326, 0.00133231445216, -0.00113320152741, 0.00199557794258, 0.000562645960599, -0.00052861176664], [-3.2290819945e-005, 0.00173513381742, -0.0009683612152, 0.000146796854096, -0.000946325482801, 0.00698639452457, -0.00219549797475, 0.00202851532958, -0.00277812406421, 0.000915590382647, -0.000459229282569, 0.00225868960842, 0.001630708226], [0.000351970695192, -0.00113647454418, 0.00137369788717, -0.0009884434985, -0.000797733198851, -0.00219549797475, 0.00885039009154, -0.0029412296135, 0.00300370994955, 0.000100822886452, 0.00177751283627, -0.0015729162842, 0.00293360976502], [-0.000468545971671, 0.00178731081542, -0.00133876514155, 0.00151786976494, -0.000129548847326, 0.00202851532958, -0.0029412296135, 0.00989166554064, -0.00287624308839, 0.00143865379505, -0.00127871718723, 0.00367920286953, -0.000225260504521], [0.000601463427301, -0.00216167373583, 0.00199038139544, -0.00103653478436, 0.00133231445216, -0.00277812406421, 0.00300370994955, -0.00287624308839, 0.011876755394, -0.00242356280796, 0.00530114537105, -0.00269884360023, 0.000248202530202], [-5.22447408002e-006, 0.00173308630474, -0.000523813010659, -0.000160628987942, -0.00113320152741, 0.000915590382647, 0.000100822886452, 0.00143865379505, -0.00242356280796, 0.0121211754158, -0.00224562967196, 0.00149611092638, 0.00292585929856], [0.00055165856611, -0.00174786825664, 0.00190008699428, -0.000739330542274, 0.00199557794258, -0.000459229282569, 0.00177751283627, -0.00127871718723, 0.00530114537105, -0.00224562967196, 0.0140302740037, -0.00392731884494, 0.00230518425815], [0.000130823449581, 0.00388396019116, -0.00141539587639, -0.000180687449756, 0.000562645960599, 0.00225868960842, -0.0015729162842, 0.00367920286953, -0.00269884360023, 0.00149611092638, -0.00392731884494, 0.0160405188799, -0.00383688183501], [0.000283175788354, -0.000957358279265, 0.000509967736434, 0.00101445429027, -0.00052861176664, 0.001630708226, 0.00293360976502, -0.000225260504521, 0.000248202530202, 0.00292585929856, 0.00230518425815, -0.00383688183501, 0.013416823931]]
    },
    "melbands": {
        "mean": [0.00017965277948, 0.000918208039366, 0.00063824118115, 0.00120155257173, 0.00129923538771, 0.000312349264277, 7.60699549573e-005, 0.000271355849691, 0.000166568876011, 8.77764468896e-005, 0.000128573345137, 5.38023377885e-005, 3.0002074709e-005, 2.01615239348e-005, 1.61080661201e-005, 2.56070325122e-005, 3.27295019815e-005, 2.79394334939e-005, 1.81586892722e-005, 9.88467127172e-006, 4.9927452892e-006, 4.46680951427e-006, 8.64969661052e-006, 6.63905575493e-006, 7.05387765265e-006, 4.78401852888e-006, 3.11624398819e-006, 3.46833758158e-006, 3.2162563457e-006, 1.16917976811e-006, 7.11668576514e-007, 9.42140786719e-007, 9.04143234948e-007, 1.34024514864e-006, 6.71289399179e-007, 8.15812029487e-007, 3.91200870808e-007, 3.00811166198e-007, 3.05617845697e-007, 4.1920245053e-007],
        "var": [4.03712760999e-008, 2.10417988455e-006, 3.40896633588e-007, 3.16427667713e-006, 5.06802598466e-006, 1.85716658052e-006, 5.35986686145e-008, 6.851784633e-007, 4.51044172678e-007, 8.48163708156e-008, 1.72671661858e-007, 3.59145460038e-008, 9.4955323604e-009, 3.75839270816e-009, 1.36413091933e-009, 5.06895547758e-009, 1.91409448291e-008, 1.17287797252e-008, 7.21226944833e-009, 1.03118558137e-009, 1.2256133608e-010, 3.65640712152e-010, 6.22555162977e-009, 5.91731774691e-010, 9.6608576694e-010, 4.97911267772e-010, 4.54393078719e-010, 2.23638038643e-010, 3.02033564825e-010, 2.74001724088e-011, 3.84144799304e-012, 1.16649363779e-011, 1.63329436781e-011, 4.11911268983e-011, 8.90375793927e-012, 7.49730225819e-012, 1.30906223361e-012, 1.21086745231e-012, 1.0743572915e-012, 1.98566185196e-012]
    },
    "mfcc": {
        "mean": [-720.934692383, 140.777832031, 19.6791381836, 23.7110233307, 11.1092014313, 8.95836448669, 0.750624358654, -3.61547112465, -4.42028903961, 1.14385485649, -6.13189792633, -10.1006803513, -7.94471263885],
        "cov": [[4574.89550781, -1065.83215332, -765.718566895, -381.541351318, -278.798522949, -285.534484863, 29.9426574707, 35.1069831848, -112.862785339, 178.967056274, -89.4321517944, -39.4195213318, -80.645614624], [-1065.83215332, 1349.54748535, 8.31889915466, -82.3423995972, 105.17918396, -178.271087646, 13.4519634247, -65.0785293579, 69.983581543, 32.1665840149, -105.790496826, -9.10554885864, -101.972702026], [-765.718566895, 8.31889915466, 767.100341797, 48.397354126, -6.84510231018, 17.0540351868, -64.4764556885, 9.01900291443, -22.4439506531, -83.3756256104, -16.9432926178, -15.8213920593, 58.3868675232], [-381.541351318, -82.3423995972, 48.397354126, 452.671112061, 41.7894058228, 146.066680908, 30.5976104736, 4.86508512497, -4.17816114426, -52.056930542, 101.860992432, 10.6668672562, 38.5598945618], [-278.798522949, 105.17918396, -6.84510231018, 41.7894058228, 201.959915161, 53.2945823669, -5.08173084259, -11.0067214966, 46.7537307739, 7.94937086105, -18.8400211334, 22.7988529205, -8.15499782562], [-285.534484863, -178.271087646, 17.0540351868, 146.066680908, 53.2945823669, 339.278564453, 23.0466842651, 28.3461494446, 30.6511383057, -21.792470932, 96.6982040405, 32.5363769531, 22.9981746674], [29.9426574707, 13.4519634247, -64.4764556885, 30.5976104736, -5.08173084259, 23.0466842651, 204.589202881, 28.9907226563, -17.8283958435, 28.867061615, 33.7102012634, -13.4602422714, -7.58525419235], [35.1069831848, -65.0785293579, 9.01900291443, 4.86508512497, -11.0067214966, 28.3461494446, 28.9907226563, 128.442230225, 23.6152477264, 5.72118425369, 16.8212337494, -6.59910154343, 9.84189891815], [-112.862785339, 69.983581543, -22.4439506531, -4.17816114426, 46.7537307739, 30.6511383057, -17.8283958435, 23.6152477264, 158.21295166, 25.0773010254, -9.47968864441, 10.3696699142, -10.6118392944], [178.967056274, 32.1665840149, -83.3756256104, -52.056930542, 7.94937086105, -21.792470932, 28.867061615, 5.72118425369, 25.0773010254, 111.849067688, 21.250743866, -8.94026374817, -11.413731575], [-89.4321517944, -105.790496826, -16.9432926178, 101.860992432, -18.8400211334, 96.6982040405, 33.7102012634, 16.8212337494, -9.47968864441, 21.250743866, 185.494735718, 4.62307739258, 6.31826210022], [-39.4195213318, -9.10554885864, -15.8213920593, 10.6668672562, 22.7988529205, 32.5363769531, -13.4602422714, -6.59910154343, 10.3696699142, -8.94026374817, 4.62307739258, 113.588111877, 8.9635219574], [-80.645614624, -101.972702026, 58.3868675232, 38.5598945618, -8.15499782562, 22.9981746674, -7.58525419235, 9.84189891815, -10.6118392944, -11.413731575, 6.31826210022, 8.9635219574, 93.9258346558]],
        "icov": [[0.000498886452988, 0.000489325029776, 0.000388517306419, 0.000108461586933, 0.000375507312128, 0.000343741296092, 3.89201923099e-005, -8.12510916148e-005, 0.00020286324434, -0.000636941287667, 0.000420362979639, -4.72400861327e-005, 0.000555398815777], [0.000489325029776, 0.0014486508444, 0.000249357981374, 4.79948575958e-005, -8.73429089552e-005, 0.000843686633743, -0.000213241321035, 0.000308733229758, -0.000209426536458, -0.000720966199879, 0.00064677442424, -9.03835825738e-005, 0.00140829896554], [0.000388517306419, 0.000249357981374, 0.00183462083805, 9.07663124963e-005, 0.000271475117188, 0.000204416879569, 0.000428115337854, -0.000284525565803, 0.000280222971924, 0.000503389339428, 0.000280738429865, 0.00036477696267, -0.000496367283631], [0.000108461586933, 4.79948575958e-005, 9.07663124963e-005, 0.00317167909816, -0.000636898213997, -0.000559879699722, -0.000455399684142, 0.000266948074568, -7.27028818801e-005, 0.00163154688198, -0.00153385545127, 0.000276859587757, -0.000929426460061], [0.000375507312128, -8.73429089552e-005, 0.000271475117188, -0.000636898213997, 0.0065489099361, -0.00101673789322, 0.000135868394864, 0.000533797894605, -0.00102244236041, -0.00149230880197, 0.00174316926859, -0.00091066461755, 0.000765680742916], [0.000343741296092, 0.000843686633743, 0.000204416879569, -0.000559879699722, -0.00101673789322, 0.00477711763233, -0.000409139931435, -0.000428247702075, -0.000859774998389, 0.000691290653776, -0.00161895900965, -0.000789738143794, 0.000238879903918], [3.89201923099e-005, -0.000213241321035, 0.000428115337854, -0.000455399684142, 0.000135868394864, -0.000409139931435, 0.00578637933359, -0.00147031864617, 0.00130216043908, -0.00155761302449, -0.000286048161797, 0.000528972828761, 0.000382676080335], [-8.12510916148e-005, 0.000308733229758, -0.000284525565803, 0.000266948074568, 0.000533797894605, -0.000428247702075, -0.00147031864617, 0.00893943011761, -0.00195530289784, 0.000236478881561, -0.000415953487391, 0.000568885996472, -0.000790029298514], [0.00020286324434, -0.000209426536458, 0.000280222971924, -7.27028818801e-005, -0.00102244236041, -0.000859774998389, 0.00130216043908, -0.00195530289784, 0.00801987107843, -0.00235663517378, 0.000991285545751, -0.000431680964539, 0.000828487973195], [-0.000636941287667, -0.000720966199879, 0.000503389339428, 0.00163154688198, -0.00149230880197, 0.000691290653776, -0.00155761302449, 0.000236478881561, -0.00235663517378, 0.0130603462458, -0.00341679528356, 0.00105440395419, -0.00131170940585], [0.000420362979639, 0.00064677442424, 0.000280738429865, -0.00153385545127, 0.00174316926859, -0.00161895900965, -0.000286048161797, -0.000415953487391, 0.000991285545751, -0.00341679528356, 0.00834948942065, -0.000361711950973, 0.0012561957119], [-4.72400861327e-005, -9.03835825738e-005, 0.00036477696267, 0.000276859587757, -0.00091066461755, -0.000789738143794, 0.000528972828761, 0.000568885996472, -0.000431680964539, 0.00105440395419, -0.000361711950973, 0.00954054575413, -0.00118847424164], [0.000555398815777, 0.00140829896554, -0.000496367283631, -0.000929426460061, 0.000765680742916, 0.000238879903918, 0.000382676080335, -0.000790029298514, 0.000828487973195, -0.00131170940585, 0.0012561957119, -0.00118847424164, 0.0134274354205]]
    },
    "spectral_contrast_coeffs": {
        "mean": [-0.567219436169, -0.685463666916, -0.730666995049, -0.757252812386, -0.763345241547, -0.755239486694],
        "var": [0.00639137998223, 0.00852443277836, 0.0057657645084, 0.00394896138459, 0.00373189407401, 0.00429420545697]
    },
    "spectral_contrast_valleys": {
        "mean": [-7.59025096893, -7.78944396973, -8.5191116333, -8.76390075684, -9.03364372253, -11.4967212677],
        "var": [0.552769839764, 0.587605476379, 0.821122348309, 0.773848712444, 0.990405142307, 1.32306337357]
    }
},
"metadata": {
    "audio_properties": {
        "analysis_sample_rate": 44100,
        "bit_rate": 128074,
        "equal_loudness": 0,
        "length": 45.0612258911,
        "lossless": 0,
        "replay_gain": -3.59375190735,
        "sample_rate": 44100,
        "codec": "mp3",
        "downmix": "mix",
        "md5_encoded": "370f26451062cf832eb47875d14e3cad"
    },
    "tags": {
        "file_name": "1234.mp3"
    },
    "version": {
        "essentia": "2.1-beta2",
        "essentia_git_sha": "v2.1_beta2",
        "extractor": "music 1.0"
    }
},
"rhythm": {
    "beats_count": 84,
    "beats_loudness": {
        "mean": 0.0226852446795,
        "var": 0.000284946756437
    },
    "bpm": 139.835693359,
    "bpm_histogram_first_peak_bpm": {
        "mean": 140,
        "var": 0
    },
    "bpm_histogram_first_peak_spread": {
        "mean": 0.45454543829,
        "var": 0
    },
    "bpm_histogram_first_peak_weight": {
        "mean": 0.216867476702,
        "var": 0
    },
    "bpm_histogram_second_peak_bpm": {
        "mean": 94,
        "var": 0
    },
    "bpm_histogram_second_peak_spread": {
        "mean": 0.657142877579,
        "var": 0
    },
    "bpm_histogram_second_peak_weight": {
        "mean": 0.144578307867,
        "var": 0
    },
    "danceability": 0.911996126175,
    "onset_rate": 2.59529709816,
    "beats_loudness_band_ratio": {
        "mean": [0.388107120991, 0.430025368929, 0.100872665644, 0.0545246489346, 0.0513832382858, 0.0351636298001],
        "var": [0.0642581358552, 0.0616466365755, 0.0177044346929, 0.00507460115477, 0.00675405189395, 0.00819123256952]
    },
    "beats_position": [0.592108845711, 1.19582760334, 1.8111563921, 2.42648530006, 3.04181408882, 3.66875267029, 4.29569149017, 4.93424034119, 5.56117916107, 6.19972801208, 6.83827638626, 7.47682523727, 8.11537361145, 8.75392246246, 9.4040813446, 10.0658502579, 10.7276191711, 11.3777770996, 12.0163259506, 12.6664848328, 13.3050336838, 13.9551925659, 14.6053514481, 15.2555103302, 15.8940582275, 16.5326080322, 17.1827659607, 17.8445339203, 18.5063037872, 19.1564617157, 19.8066215515, 20.4335594177, 21.0721092224, 21.7106571198, 22.3375968933, 22.9645347595, 23.5914726257, 24.1371421814, 24.6944217682, 25.2516994476, 25.6928787231, 26.1224479675, 26.5520172119, 26.9815864563, 27.4111557007, 27.8407249451, 28.2586841583, 28.6766433716, 29.106212616, 29.5357818604, 29.9769611359, 30.4181404114, 30.8360996246, 31.2540588379, 31.6836280823, 32.1131973267, 32.5543746948, 32.9723358154, 33.3902931213, 33.8314743042, 34.2726516724, 34.6790008545, 35.0853500366, 35.4916992188, 35.9212684631, 36.3392295837, 36.7687988281, 37.1983680725, 37.6511573792, 38.0807266235, 38.5102958679, 38.9398651123, 39.3926506042, 39.8454399109, 40.2866210938, 40.7394104004, 41.2154197693, 41.6798171997, 42.1442184448, 42.6086158752, 43.0381851196, 43.467754364, 43.8857116699, 44.3152809143]
},
"tonal": {
    "chords_changes_rate": 0.0637860074639,
    "chords_number_rate": 0.0123456791043,
    "chords_strength": {
        "mean": 0.536834597588,
        "var": 0.00674979807809
    },
    "hpcp_entropy": {
        "mean": 1.50417006016,
        "var": 0.573638916016
    },
    "key_strength": 0.727776527405,
    "tuning_diatonic_strength": 0.608181416988,
    "tuning_equal_tempered_deviation": 0.0130525650457,
    "tuning_frequency": 442.293365479,
    "tuning_nontempered_energy_ratio": 0.653838813305,
    "hpcp": {
        "mean": [0.237284064293, 0.145473450422, 0.0466232970357, 0.0232838131487, 0.0401575863361, 0.221358403563, 0.387165784836, 0.235692352057, 0.0549365319312, 0.0262003727257, 0.0571944452822, 0.196404412389, 0.271732389927, 0.143412277102, 0.0353184789419, 0.0226592365652, 0.0155812371522, 0.0131752248853, 0.0147084649652, 0.04672299698, 0.180345147848, 0.220123589039, 0.0989482998848, 0.0375963337719, 0.0258394181728, 0.0336635857821, 0.128836482763, 0.185355946422, 0.106142885983, 0.0443996861577, 0.0303480103612, 0.0293216425925, 0.0799716934562, 0.114832341671, 0.100268729031, 0.171727567911],
        "var": [0.129677191377, 0.0688707306981, 0.0173495821655, 0.00892456434667, 0.0119944047183, 0.0757219567895, 0.18542984128, 0.0847527086735, 0.0245828460902, 0.00914269126952, 0.0261980183423, 0.0888656377792, 0.137421742082, 0.0516439266503, 0.0154925007373, 0.00945320725441, 0.0044990517199, 0.00185785151552, 0.00113830133341, 0.00905154645443, 0.0730025395751, 0.0881110206246, 0.0232545696199, 0.0114985052496, 0.00659712962806, 0.00731711788103, 0.0473761372268, 0.0907849296927, 0.035892650485, 0.0168376956135, 0.0110694253817, 0.00868928059936, 0.0302395317703, 0.0439494624734, 0.0259999223053, 0.0867129787803]
    },
    "chords_histogram": [32.7160491943, 1.02880656719, 5.34979438782, 1.74897122383, 1.13168728352, 0, 0, 0, 1.95473253727, 1.13168728352, 0, 0, 0, 0, 0, 0.411522626877, 0, 1.64609050751, 0, 4.52674913406, 0, 34.1563796997, 9.36213970184, 4.83539104462],
    "thpcp": [1, 0.60876339674, 0.141894072294, 0.0676722303033, 0.147725984454, 0.507287621498, 0.701850235462, 0.370415687561, 0.0912231430411, 0.0585259273648, 0.0402443557978, 0.03402993083, 0.0379900932312, 0.120679564774, 0.465808600187, 0.568551242352, 0.255570888519, 0.0971065536141, 0.0667399317026, 0.0869487598538, 0.332768261433, 0.478750854731, 0.274153590202, 0.114678747952, 0.0783850550652, 0.0757340714335, 0.206556722522, 0.296597331762, 0.258981376886, 0.443550467491, 0.612874567509, 0.375739425421, 0.120422050357, 0.060139130801, 0.103721939027, 0.571740627289],
    "chords_key": "F#",
    "chords_scale": "minor",
    "key_key": "E",
    "key_scale": "major"
}
}