{
"lowlevel": {
    "average_loudness": 0.979429721832,
    "barkbands_crest": {
        "mean": 11.3347320557,
        "var": 18.0175094604
    },
    "barkbands_flatness_db": {
        "mean": 0.174914121628,
        "var": 0.00184729509056
    },
    "barkbands_kurtosis": {
        "mean": 8.14666461945,
        "var": 70.597694397
    },
    "barkbands_skewness": {
        "mean": 2.34618592262,
        "var": 1.20208287239
    },
    "barkbands_spread": {
        "mean": 16.4612522125,
        "var": 123.815444946
    },
    "dissonance": {
        "mean": 0.456721514463,
        "var": 0.000828905787785
    },
    "dynamic_complexity": 1.15054249763,
    "erbbands_crest": {
        "mean": 10.4041643143,
        "var": 25.0509357452
    },
    "erbbands_flatness_db": {
        "mean": 0.176276057959,
        "var": 0.00123202858958
    },
    "erbbands_kurtosis": {
        "mean": 0.388964265585,
        "var": 10.0532941818
    },
    "erbbands_skewness": {
        "mean": 0.710775375366,
        "var": 0.66774058342
    },
    "erbbands_spread": {
        "mean": 51.4152641296,
        "var": 504.316131592
    },
    "hfc": {
        "mean": 20.5223751068,
        "var": 95.2617340088
    },
    "melbands_crest": {
        "mean": 15.1283311844,
        "var": 19.7368049622
    },
    "melbands_flatness_db": {
        "mean": 0.248275369406,
        "var": 0.00259237573482
    },
    "melbands_kurtosis": {
        "mean": 23.6954078674,
        "var": 345.414306641
    },
    "melbands_skewness": {
        "mean": 3.67000126839,
        "var": 2.65400075912
    },
    "melbands_spread": {
        "mean": 13.8691272736,
        "var": 100.946327209
    },
    "pitch_salience": {
        "mean": 0.549577713013,
        "var": 0.00985391996801
    },
    "silence_rate_20dB": {
        "mean": 1,
        "var": 0
    },
    "silence_rate_30dB": {
        "mean": 1,
        "var": 0
    },
    "silence_rate_60dB": {
        "mean": 0.00154479919001,
        "var": 0.00154241069686
    },
    "spectral_centroid": {
        "mean": 1129.12011719,
        "var": 331771.875
    },
    "spectral_complexity": {
        "mean": 19.1364574432,
        "var": 34.0817756653
    },
    "spectral_decrease": {
        "mean": -9.88349224684e-009,
        "var": 1.13614315925e-017
    },
    "spectral_energy": {
        "mean": 0.0391639992595,
        "var": 0.000166888275999
    },
    "spectral_energyband_high": {
        "mean": 0.00110483611934,
        "var": 1.66920244737e-006
    },
    "spectral_energyband_low": {
        "mean": 0.0111205689609,
        "var": 7.12912224117e-005
    },
    "spectral_energyband_middle_high": {
        "mean": 0.00350383482873,
        "var": 1.96591154236e-005
    },
    "spectral_energyband_middle_low": {
        "mean": 0.0253407917917,
        "var": 0.000169833409018
    },
    "spectral_entropy": {
        "mean": 7.18952608109,
        "var": 0.121577747166
    },
    "spectral_flux": {
        "mean": 0.0961521044374,
        "var": 0.00104645616375
    },
    "spectral_kurtosis": {
        "mean": 3.61713433266,
        "var": 5.96731424332
    },
    "spectral_rms": {
        "mean": 0.00609616748989,
        "var": 1.04550520064e-006
    },
    "spectral_rolloff": {
        "mean": 834.716674805,
        "var": 1152985.375
    },
    "spectral_skewness": {
        "mean": 1.22405695915,
        "var": 0.202319383621
    },
    "spectral_spread": {
        "mean": 4034962.75,
        "var": 1.59585560166e+012
    },
    "spectral_strongpeak": {
        "mean": 1.17528653145,
        "var": 1.28190898895
    },
    "zerocrossingrate": {
        "mean": 0.0437760986388,
        "var": 0.000578663370106
    },
    "barkbands": {
        "mean": [0.000108160624222, 0.00341056822799, 0.00597717007622, 0.00281787477434, 0.0130264656618, 0.00331770954654, 0.0014997725375, 0.00252509629354, 0.00160698581021, 0.00129957520403, 0.000446807069238, 0.000309340684908, 0.00033399957465, 0.000232712060097, 0.000169436083524, 0.000196636785404, 0.000194844105863, 0.000148379258462, 0.00018989056116, 0.000625552551355, 0.000491268117912, 6.17944315309e-005, 9.77070812951e-005, 4.14911919506e-005, 2.23304687097e-005, 1.22830761029e-005, 1.60741166155e-007],
        "var": [5.65622713111e-008, 1.85841236089e-005, 2.9173826988e-005, 1.1523457033e-005, 0.000135345937451, 1.21137427413e-005, 6.53609686196e-006, 4.69614387839e-005, 2.00821104954e-005, 6.6012694333e-006, 3.47244304066e-006, 8.74418503827e-007, 1.22985295548e-006, 1.06477365591e-007, 1.23380758055e-007, 8.92007534503e-008, 1.20020914096e-007, 3.02426386156e-008, 3.39655130688e-008, 3.21902859923e-007, 2.56529091303e-007, 8.83158861598e-008, 1.74369560568e-007, 3.09646353003e-008, 5.51131673632e-009, 7.63701490936e-010, 1.03478003618e-013]
    },
    "erbbands": {
        "mean": [0.0359679833055, 1.04779660702, 6.13831758499, 9.13336658478, 16.2531642914, 56.0380554199, 50.5342712402, 18.4226322174, 21.2485103607, 27.625793457, 62.384311676, 42.403427124, 39.1435699463, 35.8256263733, 15.4126024246, 14.4804449081, 14.9191083908, 14.8446245193, 9.85786628723, 7.80828857422, 11.7561616898, 9.78026294708, 8.96686840057, 9.21178150177, 12.820520401, 32.3199882507, 24.2013454437, 12.9351167679, 2.49064064026, 2.79948973656, 2.79311084747, 1.07284605503, 0.650572121143, 0.270518481731, 0.172818034887, 0.0967586264014, 0.00927989929914, 0.000768863770645, 4.32254601037e-005, 4.66800847789e-005],
        "var": [0.00179875048343, 1.49643051624, 27.2659091949, 88.2520675659, 258.367248535, 3240.64599609, 2849.76489258, 529.745361328, 1183.75744629, 2975.81396484, 33755.6367188, 13462.3310547, 3325.8269043, 10953.9951172, 2233.70898438, 1646.16467285, 2673.58764648, 450.764892578, 367.246398926, 128.534042358, 287.171142578, 205.518356323, 119.977294922, 77.8245620728, 133.551101685, 1001.07946777, 509.908691406, 236.183578491, 108.728431702, 186.443862915, 148.219543457, 19.6206302643, 8.17043876648, 1.61406040192, 0.113932646811, 0.0449546128511, 0.000301260035485, 2.31589524446e-006, 1.92485027917e-009, 2.00240171666e-010]
    },
    "gfcc": {
        "mean": [6.10829877853, 121.508911133, -112.947105408, 50.224281311, -64.9491882324, -8.14615440369, -31.4522476196, 2.59585642815, -34.8813896179, 1.99534738064, -21.5042514801, -14.6870031357, -1.60916996002],
        "cov": [[1811.69775391, -430.541748047, -91.5679321289, 45.8466758728, -218.960250854, 163.94569397, -87.5166931152, 93.5120239258, -73.049911499, 26.4198150635, -87.728263855, 64.9716567993, -85.8680953979], [-430.541748047, 743.945617676, -130.075408936, -99.0914001465, 193.706314087, -138.792221069, 124.060157776, -81.5327377319, 75.5637207031, -64.0994949341, 146.852310181, -82.029586792, 96.6502914429], [-91.5679321289, -130.075408936, 290.265289307, 90.4055023193, 2.26905059814, -9.01169204712, -61.8447990417, 12.5168704987, -19.0882320404, 54.473613739, -67.214050293, 19.462846756, -28.7694988251], [45.8466758728, -99.0914001465, 90.4055023193, 285.016448975, 34.6749610901, -52.6391983032, -64.6399765015, -17.0532054901, 21.5144138336, 35.2031478882, -49.6981010437, -27.194978714, 63.025390625], [-218.960250854, 193.706314087, 2.26905059814, 34.6749610901, 206.231582642, -43.6093635559, 11.3052492142, -18.9183921814, -2.07602262497, 22.8710784912, 7.76321220398, -14.1175107956, 43.4736862183], [163.94569397, -138.792221069, -9.01169204712, -52.6391983032, -43.6093635559, 183.532669067, 38.7900009155, 24.8027057648, -4.97186326981, -11.638920784, 28.1196460724, 22.1165332794, -41.8242721558], [-87.5166931152, 124.060157776, -61.8447990417, -64.6399765015, 11.3052492142, 38.7900009155, 163.333435059, 12.9824848175, -8.75504016876, -9.30480957031, 44.9075584412, 3.02583670616, -7.00549173355], [93.5120239258, -81.5327377319, 12.5168704987, -17.0532054901, -18.9183921814, 24.8027057648, 12.9824848175, 102.433990479, 22.2500324249, 20.7696762085, -22.0916233063, 11.6936664581, -23.5965709686], [-73.049911499, 75.5637207031, -19.0882320404, 21.5144138336, -2.07602262497, -4.97186326981, -8.75504016876, 22.2500324249, 135.261383057, -21.3868846893, 25.035200119, -28.1647701263, 1.38911187649], [26.4198150635, -64.0994949341, 54.473613739, 35.2031478882, 22.8710784912, -11.638920784, -9.30480957031, 20.7696762085, -21.3868846893, 104.218658447, -33.5939865112, 4.35571336746, -6.2348151207], [-87.728263855, 146.852310181, -67.214050293, -49.6981010437, 7.76321220398, 28.1196460724, 44.9075584412, -22.0916233063, 25.035200119, -33.5939865112, 121.643089294, -2.88019442558, 16.1063117981], [64.9716567993, -82.029586792, 19.462846756, -27.194978714, -14.1175107956, 22.1165332794, 3.02583670616, 11.6936664581, -28.1647701263, 4.35571336746, -2.88019442558, 74.9392776489, -12.2945213318], [-85.8680953979, 96.6502914429, -28.7694988251, 63.025390625, 43.4736862183, -41.8242721558, -7.00549173355, -23.5965709686, 1.38911187649, -6.2348151207, 16.1063117981, -12.2945213318, 103.902740479]],
        "icov": [[0.00113776535727, -0.00146300531924, 0.0013763778843, -0.00167025986593, 0.00180990609806, -0.00196625385433, 0.00180389243178, -0.00145860924385, 0.0015129604144, -0.000604747736361, 0.00136096740607, -0.0015760390088, 0.00148305715993], [-0.00146300531924, 0.0102500496432, -0.00320954411291, 0.0068867970258, -0.007856705226, 0.00871610175818, -0.00758369872347, 0.00530894333497, -0.00580449728295, 0.00279939780012, -0.0071883792989, 0.00763218896464, -0.00605659373105], [0.0013763778843, -0.00320954411291, 0.00688532693312, -0.0044280635193, 0.00285576703027, -0.00354128703475, 0.00416185194626, -0.00233138888143, 0.00280275242403, -0.00243001081981, 0.00358106568456, -0.00423476845026, 0.00460673589259], [-0.00167025986593, 0.0068867970258, -0.0044280635193, 0.0109769962728, -0.0057544275187, 0.00619195774198, -0.00485805282369, 0.00516415387392, -0.00595035543665, 0.000744887802284, -0.00309429876506, 0.0068030571565, -0.00851665716618], [0.00180990609806, -0.007856705226, 0.00285576703027, -0.0057544275187, 0.0123297860846, -0.00633168593049, 0.00549646746367, -0.00384703348391, 0.00481085339561, -0.00385590153746, 0.00536951189861, -0.00568654201925, 0.00307373376563], [-0.00196625385433, 0.00871610175818, -0.00354128703475, 0.00619195774198, -0.00633168593049, 0.0150240613148, -0.0079898154363, 0.00359074561857, -0.00479487050325, 0.00312627549283, -0.00841719750315, 0.00570497149602, -0.00326394475996], [0.00180389243178, -0.00758369872347, 0.00416185194626, -0.00485805282369, 0.00549646746367, -0.0079898154363, 0.0141594214365, -0.00614617578685, 0.00612047687173, -0.00244484771974, 0.00315456162207, -0.00549181830138, 0.00531988730654], [-0.00145860924385, 0.00530894333497, -0.00233138888143, 0.00516415387392, -0.00384703348391, 0.00359074561857, -0.00614617578685, 0.0165784750134, -0.00766002526507, -0.00144384568557, -0.00029211724177, 0.00209986558184, -0.00320666376501], [0.0015129604144, -0.00580449728295, 0.00280275242403, -0.00595035543665, 0.00481085339561, -0.00479487050325, 0.00612047687173, -0.00766002526507, 0.0139785222709, 0.000606898334809, 0.000923878396861, -0.00115402822848, 0.00533494539559], [-0.000604747736361, 0.00279939780012, -0.00243001081981, 0.000744887802284, -0.00385590153746, 0.00312627549283, -0.00244484771974, -0.00144384568557, 0.000606898334809, 0.0134261893108, -0.000968082691543, 0.00247558671981, -0.00060889380984], [0.00136096740607, -0.0071883792989, 0.00358106568456, -0.00309429876506, 0.00536951189861, -0.00841719750315, 0.00315456162207, -0.00029211724177, 0.000923878396861, -0.000968082691543, 0.0181669835001, -0.0063305683434, 0.001555729541], [-0.0015760390088, 0.00763218896464, -0.00423476845026, 0.0068030571565, -0.00568654201925, 0.00570497149602, -0.00549181830138, 0.00209986558184, -0.00115402822848, 0.00247558671981, -0.0063305683434, 0.0221054889262, -0.00515778409317], [0.00148305715993, -0.00605659373105, 0.00460673589259, -0.00851665716618, 0.00307373376563, -0.00326394475996, 0.00531988730654, -0.00320666376501, 0.00533494539559, -0.00060889380984, 0.001555729541, -0.00515778409317, 0.0189966578037]]
    },
    "melbands": {
        "mean": [0.00063625513576, 0.00264893798158, 0.00162907317281, 0.00265062670223, 0.00203224900179, 0.000456017354736, 0.000320356542943, 0.000319819839206, 0.000493267492857, 0.000249529141001, 0.000188743564649, 0.000145546771819, 5.76091806579e-005, 3.63691760867e-005, 3.62864957424e-005, 3.03697052004e-005, 2.68715484708e-005, 1.47074497363e-005, 1.08839931272e-005, 1.18296902656e-005, 1.4333706531e-005, 1.03744223452e-005, 8.7172647909e-006, 8.00805446488e-006, 7.28597979105e-006, 6.86193880028e-006, 1.3887485693e-005, 2.34267372434e-005, 1.3849286006e-005, 1.61768239195e-005, 4.0841473492e-006, 1.15069633466e-006, 1.24625682929e-006, 1.67743553448e-006, 1.73269836523e-006, 1.08022834411e-006, 5.0383408734e-007, 4.89750448196e-007, 3.37138402529e-007, 1.84392746405e-007],
        "var": [6.34992034065e-007, 4.97929022458e-006, 2.23720985559e-006, 6.57841064822e-006, 4.27722989116e-006, 2.84981297227e-007, 2.60344393155e-007, 3.90231861047e-007, 2.04573825613e-006, 6.16625641214e-007, 8.39250944296e-008, 1.95103311285e-007, 4.70453613843e-008, 1.3375749397e-008, 1.43148701781e-008, 6.21509110843e-009, 1.45637135684e-009, 8.056675882e-010, 4.78745931787e-010, 3.77781000926e-010, 4.63781790749e-010, 2.36379776863e-010, 2.40782060956e-010, 9.31559898665e-011, 5.80166123476e-011, 4.94301613529e-011, 1.75154737936e-010, 5.62989821429e-010, 1.75080575038e-010, 3.06051878285e-010, 4.26462198888e-011, 3.2190559246e-011, 4.17125986529e-011, 7.42375536045e-011, 6.02176988829e-011, 2.32361265645e-011, 4.93468460538e-012, 4.99955805922e-012, 2.52619669974e-012, 8.9820940399e-013]
    },
    "mfcc": {
        "mean": [-637.772094727, 144.131347656, 3.23594045639, 53.9463996887, -9.48739051819, -1.60943508148, 5.09897327423, -11.1268692017, -0.562375187874, 8.7851600647, -17.8606491089, 2.13304948807, -12.0141677856],
        "cov": [[1258.66674805, -510.657501221, 69.3437652588, -162.836135864, -58.7765655518, 10.0019130707, -34.8569908142, 80.1250991821, -17.4870872498, 24.0637264252, 8.909740448, -9.14326858521, -8.75768756866], [-510.657501221, 828.881347656, -245.99206543, 48.6385002136, 17.111038208, -38.3980751038, 98.0456008911, -33.9974975586, -20.9537372589, -0.658136308193, -8.77458190918, 54.7362174988, 16.9697551727], [69.3437652588, -245.99206543, 286.621490479, -0.602511227131, 4.9184513092, 18.9663658142, -57.1545562744, 9.7306728363, 1.52526295185, 7.26836633682, 11.247379303, -17.4482936859, 5.6524143219], [-162.836135864, 48.6385002136, -0.602511227131, 327.918426514, 66.1542739868, -1.39370286465, -37.3770103455, -98.2550125122, 79.2964477539, -20.8337116241, -34.3147926331, -5.7324090004, -13.5972671509], [-58.7765655518, 17.111038208, 4.9184513092, 66.1542739868, 175.676559448, 5.96886873245, -39.9098854065, -39.2746086121, 22.7997817993, 11.6478157043, -10.4115657806, -21.4376392365, -9.56575393677], [10.0019130707, -38.3980751038, 18.9663658142, -1.39370286465, 5.96886873245, 109.828163147, 30.8061466217, 3.04190254211, -5.53434801102, -5.49892997742, 11.9901819229, -16.9030952454, 10.2851228714], [-34.8569908142, 98.0456008911, -57.1545562744, -37.3770103455, -39.9098854065, 30.8061466217, 169.394851685, 4.56175661087, -9.36685562134, -19.0537281036, 0.59773594141, 17.3732872009, 19.5935630798], [80.1250991821, -33.9974975586, 9.7306728363, -98.2550125122, -39.2746086121, 3.04190254211, 4.56175661087, 136.227142334, -18.2516593933, 11.2532930374, 22.5393943787, 11.4852638245, 19.6843471527], [-17.4870872498, -20.9537372589, 1.52526295185, 79.2964477539, 22.7997817993, -5.53434801102, -9.36685562134, -18.2516593933, 102.385856628, 19.1083011627, -3.72728466988, -0.93249553442, -0.964468300343], [24.0637264252, -0.658136308193, 7.26836633682, -20.8337116241, 11.6478157043, -5.49892997742, -19.0537281036, 11.2532930374, 19.1083011627, 87.0876617432, 20.8847236633, 10.535449028, -4.63492012024], [8.909740448, -8.77458190918, 11.247379303, -34.3147926331, -10.4115657806, 11.9901819229, 0.59773594141, 22.5393943787, -3.72728466988, 20.8847236633, 73.0162277222, 15.3138132095, 9.28504371643], [-9.14326858521, 54.7362174988, -17.4482936859, -5.7324090004, -21.4376392365, -16.9030952454, 17.3732872009, 11.4852638245, -0.93249553442, 10.535449028, 15.3138132095, 83.687461853, 14.9099092484], [-8.75768756866, 16.9697551727, 5.6524143219, -13.5972671509, -9.56575393677, 10.2851228714, 19.5935630798, 19.6843471527, -0.964468300343, -4.63492012024, 9.28504371643, 14.9099092484, 67.6307601929]],
        "icov": [[0.00118301925249, 0.00084568746388, 0.000420822674641, 0.000358671182767, 0.000109830863948, 3.51716807927e-005, -9.15313376026e-006, -0.000218635104829, 9.46851432673e-005, -0.000309033115627, 0.000280427804682, -0.000265509908786, 5.46128831047e-005], [0.00084568746388, 0.00246481481008, 0.00167395395692, -0.000263693596935, -0.000304291432258, 0.000660921155941, -0.000823775888421, 3.96997966163e-005, 0.00098669657018, -0.000698578020092, 0.00013566816051, -0.000805704796221, -0.000493126746733], [0.000420822674641, 0.00167395395692, 0.00509458268061, -0.000187950849067, 2.04905227292e-005, -0.000467776611913, 0.000979748787358, -2.04972857318e-005, 0.000610948482063, -0.000496717402712, -0.000347951223375, 2.4632892746e-005, -0.0010159452213], [0.000358671182767, -0.000263693596935, -0.000187950849067, 0.00554029410705, -0.000649418099783, -0.000853774603456, 0.00138786889147, 0.00268968334422, -0.00389977963641, 0.00193089200184, 0.00119039043784, -0.000988804385997, 0.000226534481044], [0.000109830863948, -0.000304291432258, 2.04905227292e-005, -0.000649418099783, 0.00699343252927, -0.000879716302734, 0.00155328947585, 0.00123563339002, -0.00054017722141, -0.00116139603779, 0.0004258264089, 0.00138687295839, -0.000179919821676], [3.51716807927e-005, 0.000660921155941, -0.000467776611913, -0.000853774603456, -0.000879716302734, 0.0112006897107, -0.00301458709873, -0.000300982152112, 0.00121831742581, -7.0521957241e-005, -0.00243201781996, 0.00284388242289, -0.00144120131154], [-9.15313376026e-006, -0.000823775888421, 0.000979748787358, 0.00138786889147, 0.00155328947585, -0.00301458709873, 0.00832090806216, 0.00084993452765, -0.00118268525694, 0.00175313511863, 0.00067187496461, -0.00134865753353, -0.00126888277009], [-0.000218635104829, 3.96997966163e-005, -2.04972857318e-005, 0.00268968334422, 0.00123563339002, -0.000300982152112, 0.00084993452765, 0.0102799581364, -0.000512128171977, -0.000273431156529, -0.00120179541409, -0.00055138929747, -0.00225302367471], [9.46851432673e-005, 0.00098669657018, 0.000610948482063, -0.00389977963641, -0.00054017722141, 0.00121831742581, -0.00118268525694, -0.000512128171977, 0.0137579068542, -0.00418109679595, -6.34857542536e-006, 0.000515489722602, -0.00104353728238], [-0.000309033115627, -0.000698578020092, -0.000496717402712, 0.00193089200184, -0.00116139603779, -7.0521957241e-005, 0.00175313511863, -0.000273431156529, -0.00418109679595, 0.0146822128445, -0.00341448257677, -0.00177534250543, 0.00178987788968], [0.000280427804682, 0.00013566816051, -0.000347951223375, 0.00119039043784, 0.0004258264089, -0.00243201781996, 0.00067187496461, -0.00120179541409, -6.34857542536e-006, -0.00341448257677, 0.0168282669038, -0.00286715710536, -0.00105645076837], [-0.000265509908786, -0.000805704796221, 2.4632892746e-005, -0.000988804385997, 0.00138687295839, 0.00284388242289, -0.00134865753353, -0.00055138929747, 0.000515489722602, -0.00177534250543, -0.00286715710536, 0.0149094490334, -0.00272582494654], [5.46128831047e-005, -0.000493126746733, -0.0010159452213, 0.000226534481044, -0.000179919821676, -0.00144120131154, -0.00126888277009, -0.00225302367471, -0.00104353728238, 0.00178987788968, -0.00105645076837, -0.00272582494654, 0.0171182882041]]
    },
    "spectral_contrast_coeffs": {
        "mean": [-0.559345424175, -0.692897677422, -0.713274598122, -0.771974265575, -0.75174665451, -0.671443879604],
        "var": [0.00549309328198, 0.00533295050263, 0.00487520126626, 0.00239572441205, 0.00107111933175, 0.00214698677883]
    },
    "spectral_contrast_valleys": {
        "mean": [-6.78957414627, -6.50538015366, -7.5913643837, -7.99239253998, -7.48452806473, -11.0230331421],
        "var": [0.464432746172, 0.399204641581, 0.368695050478, 0.34165880084, 0.408320277929, 0.848173379898]
    }
},
"metadata": {
    "audio_properties": {
        "analysis_sample_rate": 44100,
        "bit_rate": 128074,
        "equal_loudness": 0,
        "length": 45.0612258911,
        "lossless": 0,
        "replay_gain": -4.75294876099,
        "sample_rate": 44100,
        "codec": "mp3",
        "downmix": "mix",
        "md5_encoded": "1344982afe99fd5a6950e8e6ea66cb58"
    },
    "tags": {
        "file_name": "1235.mp3"
    },
    "version": {
        "essentia": "2.1-beta2",
        "essentia_git_sha": "v2.1_beta2",
        "extractor": "music 1.0"
    }
},
"rhythm": {
    "beats_count": 95,
    "beats_loudness": {
        "mean": 0.0385506972671,
        "var": 0.000182203686563
    },
    "bpm": 128.262283325,
    "bpm_histogram_first_peak_bpm": {
        "mean": 129,
        "var": 0
    },
    "bpm_histogram_first_peak_spread": {
        "mean": 0.556962013245,
        "var": 0
    },
    "bpm_histogram_first_peak_weight": {
        "mean": 0.372340410948,
        "var": 0
    },
    "bpm_histogram_second_peak_bpm": {
        "mean": 123,
        "var": 0
    },
    "bpm_histogram_second_peak_spread": {
        "mean": 0.416666686535,
        "var": 0
    },
    "bpm_histogram_second_peak_weight": {
        "mean": 0.0744680836797,
        "var": 0
    },
    "danceability": 1.24699687958,
    "onset_rate": 3.59348845482,
    "beats_loudness_band_ratio": {
        "mean": [0.388024151325, 0.383898079395, 0.135510206223, 0.0629801079631, 0.022089317441, 0.0592802092433],
        "var": [0.0342358499765, 0.0415572673082, 0.0179495345801, 0.0120313409716, 0.000409105850849, 0.0051323287189]
    },
    "beats_position": [0.487619042397, 0.99845802784, 1.48607707024, 1.97369611263, 2.4497051239, 2.91410422325, 3.3785033226, 3.83129239082, 4.28408145905, 4.76009082794, 5.22448968887, 5.70049858093, 6.1648979187, 6.64090681076, 7.0936961174, 7.55809497833, 8.01088428497, 8.47528362274, 8.93968200684, 9.4040813446, 9.86848068237, 10.3444900513, 10.8088884354, 11.2848978043, 11.7725172043, 12.2717456818, 12.7709751129, 13.2469835281, 13.722992897, 14.1990022659, 14.6750106812, 15.1394100189, 15.6038093567, 16.0914287567, 16.5674381256, 17.0434455872, 17.5078449249, 17.9838542938, 18.4366436005, 18.8894329071, 19.3538322449, 19.8298416138, 20.2942390442, 20.7702484131, 21.2346477509, 21.7222671509, 22.1982765198, 22.6626758575, 23.1270751953, 23.5914726257, 24.0326519012, 24.497051239, 24.9730606079, 25.4490699768, 25.9134693146, 26.3662586212, 26.8190479279, 27.2834453583, 27.747844696, 28.2122440338, 28.6882534027, 29.1642627716, 29.6286621094, 30.1046714783, 30.5690689087, 31.0450782776, 31.5443077087, 32.0551452637, 32.5543746948, 33.053604126, 33.5412254333, 34.0172348022, 34.5048522949, 34.9808616638, 35.4452590942, 35.9212684631, 36.3856697083, 36.8616790771, 37.3376846313, 37.8136940002, 38.2897033691, 38.7541046143, 39.2185020447, 39.6945114136, 40.1589126587, 40.6116981506, 41.0760993958, 41.5288887024, 42.0048980713, 42.4692955017, 42.9336967468, 43.3980941772, 43.8741035461, 44.350112915, 44.8261222839]
},
"tonal": {
    "chords_changes_rate": 0.042181070894,
    "chords_number_rate": 0.00925925932825,
    "chords_strength": {
        "mean": 0.522420346737,
        "var": 0.00944750197232
    },
    "hpcp_entropy": {
        "mean": 1.94723701477,
        "var": 0.562698423862
    },
    "key_strength": 0.660351872444,
    "tuning_diatonic_strength": 0.640732705593,
    "tuning_equal_tempered_deviation": 0.0704380944371,
    "tuning_frequency": 440.508636475,
    "tuning_nontempered_energy_ratio": 0.707227170467,
    "hpcp": {
        "mean": [0.390682637691, 0.301021009684, 0.122644402087, 0.0670794248581, 0.0691314563155, 0.131984084845, 0.227575182915, 0.202163130045, 0.156988099217, 0.167235180736, 0.116941027343, 0.0589571744204, 0.0440202131867, 0.0567227005959, 0.16708727181, 0.293578773737, 0.228714063764, 0.102319911122, 0.0611747726798, 0.0592265799642, 0.0972108691931, 0.169585749507, 0.156028658152, 0.0841010957956, 0.062568180263, 0.0557659342885, 0.0529823340476, 0.0512514300644, 0.0485799238086, 0.105483174324, 0.154307231307, 0.096172735095, 0.0474381148815, 0.0557672008872, 0.0944962352514, 0.240155652165],
        "var": [0.149293377995, 0.108900271356, 0.0432916991413, 0.0248903166503, 0.0282603427768, 0.0448405705392, 0.105596996844, 0.0763046294451, 0.0583999194205, 0.0801703855395, 0.0529224909842, 0.0209932532161, 0.0151676153764, 0.018370648846, 0.0586843378842, 0.121725484729, 0.0792937725782, 0.0339085906744, 0.0188253130764, 0.0213380381465, 0.029330343008, 0.0667886063457, 0.0605083480477, 0.0255087781698, 0.0260505545884, 0.0267054829746, 0.0159966722131, 0.00807531923056, 0.0104576321319, 0.0274586733431, 0.0505275912583, 0.0278614405543, 0.0153372986242, 0.02105258964, 0.0346118807793, 0.0861003771424]
    },
    "chords_histogram": [12.3456792831, 0, 0, 0, 0, 0, 0, 0, 0, 0, 0, 0, 0, 1.44032919407, 0, 0, 0, 5.04115247726, 4.11522626877, 32.8189315796, 3.80658435822, 3.80658435822, 34.8765449524, 1.74897122383],
    "thpcp": [1, 0.770500123501, 0.313923358917, 0.171697989106, 0.17695042491, 0.33782941103, 0.582506537437, 0.517461240292, 0.401830255985, 0.428058892488, 0.29932487011, 0.150908097625, 0.112675122917, 0.145188689232, 0.427680313587, 0.751450777054, 0.585421621799, 0.26190033555, 0.156584307551, 0.151597678661, 0.248823106289, 0.434075474739, 0.399374425411, 0.215267047286, 0.160150915384, 0.142739728093, 0.135614767671, 0.131184309721, 0.124346256256, 0.269997090101, 0.394968241453, 0.246165886521, 0.121423654258, 0.142742976546, 0.241874679923, 0.614707767963],
    "chords_key": "G",
    "chords_scale": "major",
    "key_key": "D",
    "key_scale": "major"
}
}