{
"lowlevel": {
    "average_loudness": 0.978466868401,
    "barkbands_crest": {
        "mean": 10.4009561539,
        "var": 15.3011350632
    },
    "barkbands_flatness_db": {
        "mean": 0.145229578018,
        "var": 0.00248750206083
    },
    "barkbands_kurtosis": {
        "mean": 3.61495685577,
        "var": 37.0679206848
    },
    "barkbands_skewness": {
        "mean": 1.52467668056,
        "var": 1.16087806225
    },
    "barkbands_spread": {
        "mean": 22.9260730743,
        "var": 226.175415039
    },
    "dissonance": {
        "mean": 0.461693406105,
        "var": 0.00063188635977
    },
    "dynamic_complexity": 1.90719115734,
    "erbbands_crest": {
        "mean": 10.6260232925,
        "var": 23.4527072906
    },
    "erbbands_flatness_db": {
        "mean": 0.162678152323,
        "var": 0.00166543759406
    },
    "erbbands_kurtosis": {
        "mean": -0.0223839096725,
        "var": 2.13028717041
    },
    "erbbands_skewness": {
        "mean": 0.178436100483,
        "var": 0.559060633183
    },
    "erbbands_spread": {
        "mean": 38.8810844421,
        "var": 254.750930786
    },
    "hfc": {
        "mean": 23.4789886475,
        "var": 438.622589111
    },
    "melbands_crest": {
        "mean": 13.8381385803,
        "var": 23.4156322479
    },
    "melbands_flatness_db": {
        "mean": 0.216661259532,
        "var": 0.00444022053853
    },
    "melbands_kurtosis": {
        "mean": 12.0552520752,
        "var": 221.42086792
    },
    "melbands_skewness": {
        "mean": 2.62842392921,
        "var": 2.07835745811
    },
    "melbands_spread": {
        "mean": 23.4469833374,
        "var": 373.173187256
    },
    "pitch_salience": {
        "mean": 0.538553476334,
        "var": 0.0127493366599
    },
    "silence_rate_20dB": {
        "mean": 1,
        "var": 0
    },
    "silence_rate_30dB": {
        "mean": 0.987641632557,
        "var": 0.0122055374086
    },
    "silence_rate_60dB": {
        "mean": 0.00463439757004,
        "var": 0.00461289985105
    },
    "spectral_centroid": {
        "mean": 1308.29516602,
        "var": 394039.5625
    },
    "spectral_complexity": {
        "mean": 19.9757976532,
        "var": 69.0750656128
    },
    "spectral_decrease": {
        "mean": -8.54096615654e-009,
        "var": 4.23992301003e-017
    },
    "spectral_energy": {
        "mean": 0.034365221858,
        "var": 0.000642189115752
    },
    "spectral_energyband_high": {
        "mean": 0.000840421649627,
        "var": 3.37333744937e-006
    },
    "spectral_energyband_low": {
        "mean": 0.0141345830634,
        "var": 0.000352736853529
    },
    "spectral_energyband_middle_high": {
        "mean": 0.00602734973654,
        "var": 2.96934103972e-005
    },
    "spectral_energyband_middle_low": {
        "mean": 0.0145506225526,
        "var": 0.000140401665703
    },
    "spectral_entropy": {
        "mean": 7.44649410248,
        "var": 0.166457504034
    },
    "spectral_flux": {
        "mean": 0.0890738517046,
        "var": 0.00283340830356
    },
    "spectral_kurtosis": {
        "mean": 5.5461935997,
        "var": 10.9913949966
    },
    "spectral_rms": {
        "mean": 0.00546403834596,
        "var": 3.67131929124e-006
    },
    "spectral_rolloff": {
        "mean": 1519.30004883,
        "var": 3299613.5
    },
    "spectral_skewness": {
        "mean": 1.61985397339,
        "var": 0.242680311203
    },
    "spectral_spread": {
        "mean": 4253755,
        "var": 4.19836041626e+012
    },
    "spectral_strongpeak": {
        "mean": 1.01506948471,
        "var": 1.12994837761
    },
    "zerocrossingrate": {
        "mean": 0.0591069236398,
        "var": 0.00211759051308
    },
    "barkbands": {
        "mean": [0.000434845424024, 0.00892407726496, 0.00395726365969, 0.00193328445312, 0.00482562789693, 0.00242328899913, 0.00205133436248, 0.000970269786194, 0.00164585129824, 0.00136331212707, 0.00119977572467, 0.000256219471339, 0.000159379414981, 0.000465463497676, 0.000388361513615, 0.000783092866186, 0.000912507588509, 0.000406838109484, 0.000339846446877, 0.000195375905605, 0.00013462456991, 0.000100557423139, 0.000139171286719, 9.60101751843e-005, 0.000130863380036, 0.000120921999041, 7.0588134804e-006],
        "var": [5.94818629907e-007, 0.000174652697751, 6.46864646114e-005, 1.02568383227e-005, 3.29379472532e-005, 1.48258714034e-005, 8.87017358764e-006, 6.03993612458e-006, 8.71949214343e-006, 8.28825432109e-006, 6.93182528266e-006, 4.89738795295e-007, 1.80788134685e-007, 9.58877649282e-007, 3.96773685907e-007, 9.06032141756e-007, 1.60907075042e-006, 2.19697469106e-007, 2.20957431907e-007, 6.784843265e-008, 6.52334932738e-008, 4.84806790269e-008, 1.65298160937e-007, 1.0732629363e-007, 2.69284868182e-007, 1.37571177561e-007, 3.86234821903e-010]
    },
    "erbbands": {
        "mean": [0.231751948595, 2.04353022575, 5.08619451523, 5.21452379227, 11.2112665176, 18.6191196442, 15.8066320419, 20.5403747559, 22.4264450073, 37.575717926, 21.6454391479, 39.2128295898, 47.6732788086, 35.4751205444, 39.8802947998, 12.298830986, 7.37460041046, 19.9973678589, 18.2052307129, 33.1780319214, 46.2262535095, 51.2325363159, 22.0274963379, 23.7989292145, 12.4106168747, 9.35402870178, 7.33820962906, 4.1278629303, 3.42128205299, 3.67302298546, 4.40310049057, 2.63161325455, 1.32488489151, 1.18883025646, 1.0491322279, 0.61525863409, 0.212310776114, 0.0312728323042, 0.00080224062549, 6.40508733341e-005],
        "var": [0.153563722968, 9.62299823761, 83.4471435547, 63.9159851074, 280.863861084, 551.10333252, 753.309204102, 1137.3972168, 740.41973877, 4576.36376953, 2474.2590332, 5630.07666016, 9397.91992188, 4818.20898438, 8129.69824219, 760.249755859, 221.43132019, 2111.91796875, 962.500061035, 1651.94702148, 2679.61157227, 5049.32226563, 585.456665039, 783.777832031, 339.028167725, 155.007629395, 170.745620728, 52.4313583374, 51.8554115295, 82.0833053589, 181.803878784, 77.7689056396, 21.0674514771, 21.5290546417, 18.4601345062, 4.52096223831, 0.392792463303, 0.00695218658075, 4.68042935609e-006, 6.2401857015e-009]
    },
    "gfcc": {
        "mean": [10.7646617889, 102.070358276, -112.929298401, 38.5180473328, -47.3610992432, 0.247634291649, -42.7606620789, 16.3433990479, -15.8919458389, -0.764708101749, -20.4297771454, 3.39708399773, -7.29627990723],
        "cov": [[3640.81616211, -1189.5369873, 164.990325928, -243.360092163, -314.030517578, 319.072235107, -96.8480911255, 183.617935181, -197.336151123, 109.465324402, -227.66960144, 119.173377991, -257.210205078], [-1189.5369873, 1596.80383301, -413.424987793, 156.757125854, 276.744750977, -169.252944946, 297.648193359, -105.73474884, 155.509857178, -190.634979248, 237.086395264, -146.703903198, 207.322540283], [164.990325928, -413.424987793, 827.626464844, -80.776184082, 136.727203369, 54.3638954163, -199.763320923, 6.43012905121, -38.8610267639, 185.274887085, -137.832702637, 94.4323043823, -139.063400269], [-243.360092163, 156.757125854, -80.776184082, 374.975708008, 57.7865524292, 10.2311029434, 112.967399597, 17.3245983124, 53.7934455872, -91.5633926392, 69.3644485474, -23.2208614349, 101.649703979], [-314.030517578, 276.744750977, 136.727203369, 57.7865524292, 347.437316895, -24.4273853302, 25.1081027985, 37.5767707825, 34.6461677551, 20.5068302155, 29.8204994202, 19.3647441864, -3.98562502861], [319.072235107, -169.252944946, 54.3638954163, 10.2311029434, -24.4273853302, 275.529663086, 117.475631714, 37.342250824, -22.043302536, -17.9014148712, 28.014591217, 31.5590076447, -8.32903289795], [-96.8480911255, 297.648193359, -199.763320923, 112.967399597, 25.1081027985, 117.475631714, 299.323516846, 38.3501777649, 14.210521698, -96.657699585, 94.7686691284, -16.0891551971, 81.1067047119], [183.617935181, -105.73474884, 6.43012905121, 17.3245983124, 37.5767707825, 37.342250824, 38.3501777649, 138.061294556, 24.432220459, -1.52123653889, -6.65950584412, 18.3846740723, -6.64155912399], [-197.336151123, 155.509857178, -38.8610267639, 53.7934455872, 34.6461677551, -22.043302536, 14.210521698, 24.432220459, 132.004974365, 6.75644874573, 33.3371009827, -28.7213630676, 27.1960926056], [109.465324402, -190.634979248, 185.274887085, -91.5633926392, 20.5068302155, -17.9014148712, -96.657699585, -1.52123653889, 6.75644874573, 152.666351318, -42.130531311, 31.086894989, -63.0528678894], [-227.66960144, 237.086395264, -137.832702637, 69.3644485474, 29.8204994202, 28.014591217, 94.7686691284, -6.65950584412, 33.3371009827, -42.130531311, 126.701377869, 1.99544620514, 57.8846664429], [119.173377991, -146.703903198, 94.4323043823, -23.2208614349, 19.3647441864, 31.5590076447, -16.0891551971, 18.3846740723, -28.7213630676, 31.086894989, 1.99544620514, 96.0040817261, -6.42462301254], [-257.210205078, 207.322540283, -139.063400269, 101.649703979, -3.98562502861, -8.32903289795, 81.1067047119, -6.64155912399, 27.1960926056, -63.0528678894, 57.8846664429, -6.42462301254, 123.559127808]],
        "icov": [[0.000506954558659, -0.000129938372993, 0.000276121805655, -0.000205574906431, 0.000448843085906, -0.000641627935693, 0.00021795045177, -0.000699380470905, 0.000468013400678, -0.000310693052597, 0.000781082373578, -0.00057463767007, 0.000886441383045], [-0.000129938372993, 0.00315183843486, -0.000555007776711, 0.00175292254426, -0.00248952931724, 0.00256295874715, -0.00273025152273, 0.00285343872383, -0.002104728017, 0.00232398323715, -0.00315684266388, 0.00313291419297, -0.00229672691785], [0.000276121805655, -0.000555007776711, 0.00300852791406, -0.00109853688627, -0.000586881651543, -0.00201805029064, 0.00153406127356, -7.29635794414e-005, 0.000502893177327, -0.00233395025134, 0.00319126690738, -0.00240885280073, 0.00170795898885], [-0.000205574906431, 0.00175292254426, -0.00109853688627, 0.00513410242274, -0.00180886266753, 0.0017525376752, -0.00203518918715, 0.00137214164715, -0.00218727858737, 0.003158159554, -0.00266161281615, 0.00255932006985, -0.00388679280877], [0.000448843085906, -0.00248952931724, -0.000586881651543, -0.00180886266753, 0.00609905645251, -0.0010500656208, 0.0012624830706, -0.00365779851563, 0.001464822446, -0.00185866968241, 0.00110565091018, -0.00297034415416, 0.00309646804817], [-0.000641627935693, 0.00256295874715, -0.00201805029064, 0.0017525376752, -0.0010500656208, 0.00850480981171, -0.00537323532626, 0.00198035617359, -0.0017156212125, 0.00289028789848, -0.00477840518579, 0.00184212718159, -0.000989275518805], [0.00021795045177, -0.00273025152273, 0.00153406127356, -0.00203518918715, 0.0012624830706, -0.00537323532626, 0.00971493776888, -0.00411019846797, 0.0029244874604, -0.00103474163916, 0.000602055515628, -0.00131993438117, -6.18972717348e-006], [-0.000699380470905, 0.00285343872383, -7.29635794414e-005, 0.00137214164715, -0.00365779851563, 0.00198035617359, -0.00411019846797, 0.0127121880651, -0.00542474444956, 0.00286634475924, -0.000304509332636, -3.32769886882e-005, -0.00126020086464], [0.000468013400678, -0.002104728017, 0.000502893177327, -0.00218727858737, 0.001464822446, -0.0017156212125, 0.0029244874604, -0.00542474444956, 0.0128369117156, -0.00485545955598, -0.000859630294144, 0.00239469809458, -0.000184445656487], [-0.000310693052597, 0.00232398323715, -0.00233395025134, 0.003158159554, -0.00185866968241, 0.00289028789848, -0.00103474163916, 0.00286634475924, -0.00485545955598, 0.0141823897138, -0.00282741105184, -0.000232574937399, 0.000815525942016], [0.000781082373578, -0.00315684266388, 0.00319126690738, -0.00266161281615, 0.00110565091018, -0.00477840518579, 0.000602055515628, -0.000304509332636, -0.000859630294144, -0.00282741105184, 0.0192636400461, -0.00772263808176, 0.00132648611907], [-0.00057463767007, 0.00313291419297, -0.00240885280073, 0.00255932006985, -0.00297034415416, 0.00184212718159, -0.00131993438117, -3.32769886882e-005, 0.00239469809458, -0.000232574937399, -0.00772263808176, 0.0192077178508, -0.00640576751903], [0.000886441383045, -0.00229672691785, 0.00170795898885, -0.00388679280877, 0.00309646804817, -0.000989275518805, -6.18972717348e-006, -0.00126020086464, -0.000184445656487, 0.000815525942016, 0.00132648611907, -0.00640576751903, 0.0183839481324]]
    },
    "melbands": {
        "mean": [0.00226138532162, 0.00277277594432, 0.00110228452832, 0.00109629658982, 0.000634386262391, 0.000469948485261, 0.000362757476978, 0.000368894165149, 0.00018915484543, 0.000242260619416, 0.000233219412621, 0.000136523973197, 0.000160668263561, 3.98003649025e-005, 1.89977163245e-005, 1.89286110981e-005, 4.09624444728e-005, 3.13265481964e-005, 3.10822215397e-005, 5.35767903784e-005, 5.38182648597e-005, 5.95900382905e-005, 2.36686300923e-005, 2.09145746339e-005, 1.96861838049e-005, 1.05762219391e-005, 6.40146527076e-006, 6.17435352979e-006, 5.05507296111e-006, 3.29121144205e-006, 2.06395657187e-006, 1.67223754488e-006, 2.3399395559e-006, 1.83343638582e-006, 2.5976823963e-006, 2.18820878217e-006, 1.4084949953e-006, 9.1729543783e-007, 8.54640347825e-007, 1.05184733457e-006],
        "var": [1.21903112813e-005, 1.82147741725e-005, 2.3674563181e-006, 1.74755871285e-006, 8.1288982301e-007, 5.27802114902e-007, 2.1079125645e-007, 4.74418555996e-007, 2.03043370561e-007, 2.01011218337e-007, 2.43179016479e-007, 8.33342426176e-008, 1.3140741828e-007, 1.06992752436e-008, 1.87608795166e-009, 2.59560928306e-009, 9.2411500674e-009, 3.40470140969e-009, 2.61166421822e-009, 4.33434177438e-009, 3.82224873974e-009, 7.07014047308e-009, 1.20552878791e-009, 6.69994781877e-010, 5.88855852968e-010, 2.87868423543e-010, 8.45006287165e-011, 7.83924591907e-011, 9.60343957135e-011, 3.50237165658e-011, 1.43141505593e-011, 1.03487296857e-011, 3.96722064921e-011, 2.01269140243e-011, 6.39217498377e-011, 5.37548686119e-011, 2.33459952759e-011, 1.07923487855e-011, 9.33505443085e-012, 1.88430087505e-011]
    },
    "mfcc": {
        "mean": [-634.822021484, 132.12991333, -4.24597597122, 38.6162338257, 14.6435403824, -5.16311693192, -11.3408937454, 6.77461433411, 4.91733407974, 3.68749117851, -6.62039327621, -1.22998476028, 0.957991063595],
        "cov": [[2956.44726563, -916.991027832, 74.426322937, -405.600219727, -258.742645264, -8.76839828491, 65.0435943604, 145.049377441, -11.2433757782, 38.147731781, 19.4746398926, -21.7278308868, -27.0572414398], [-916.991027832, 1228.41210938, -276.159729004, 188.732009888, 92.1051559448, 14.951505661, 68.0216903687, -21.2125415802, -4.92817974091, 26.0268440247, 1.08270215988, 23.5221633911, 16.3168754578], [74.426322937, -276.159729004, 490.101379395, -69.3603057861, 77.8341598511, 83.2731018066, -44.2787246704, -40.2388038635, 2.6630756855, -5.55302429199, 11.4340276718, -1.29725134373, 0.756111323833], [-405.600219727, 188.732009888, -69.3603057861, 366.343139648, 90.5081863403, -11.5978183746, 18.4938087463, 30.0029010773, 55.7018966675, -25.636920929, 7.34259176254, 1.17172658443, 10.8413724899], [-258.742645264, 92.1051559448, 77.8341598511, 90.5081863403, 280.929870605, 7.10091209412, -35.5453643799, -11.3249950409, 15.6121463776, 9.72802448273, 23.0147418976, 23.5708351135, 29.2510757446], [-8.76839828491, 14.951505661, 83.2731018066, -11.5978183746, 7.10091209412, 165.119873047, 76.3006439209, 34.2668418884, 1.3345618248, 11.0698013306, -2.30295801163, 15.8583230972, 10.617483139], [65.0435943604, 68.0216903687, -44.2787246704, 18.4938087463, -35.5453643799, 76.3006439209, 218.498184204, 122.996368408, 27.8738555908, -20.2547492981, -6.7045006752, 21.7895145416, 29.7935905457], [145.049377441, -21.2125415802, -40.2388038635, 30.0029010773, -11.3249950409, 34.2668418884, 122.996368408, 192.333114624, 45.771812439, 3.09432029724, -1.29942810535, 19.6632556915, 29.0798892975], [-11.2433757782, -4.92817974091, 2.6630756855, 55.7018966675, 15.6121463776, 1.3345618248, 27.8738555908, 45.771812439, 100.482940674, 9.59108352661, 13.6773204803, 2.85017180443, -4.75729084015], [38.147731781, 26.0268440247, -5.55302429199, -25.636920929, 9.72802448273, 11.0698013306, -20.2547492981, 3.09432029724, 9.59108352661, 121.984725952, 27.5528278351, 3.58045601845, -15.4498291016], [19.4746398926, 1.08270215988, 11.4340276718, 7.34259176254, 23.0147418976, -2.30295801163, -6.7045006752, -1.29942810535, 13.6773204803, 27.5528278351, 75.4315185547, 18.3807163239, -4.65000915527], [-21.7278308868, 23.5221633911, -1.29725134373, 1.17172658443, 23.5708351135, 15.8583230972, 21.7895145416, 19.6632556915, 2.85017180443, 3.58045601845, 18.3807163239, 76.3834075928, 33.7432403564], [-27.0572414398, 16.3168754578, 0.756111323833, 10.8413724899, 29.2510757446, 10.617483139, 29.7935905457, 29.0798892975, -4.75729084015, -15.4498291016, -4.65000915527, 33.7432403564, 87.2234191895]],
        "icov": [[0.000545474234968, 0.000345486740116, 8.29558557598e-005, 0.000415885035181, 0.000203748291824, 0.00010118749924, -0.000123554797028, -0.000386960775359, 7.08292427589e-005, -0.000130658721901, -0.000271192169748, 0.000139149909955, 5.5167125538e-005], [0.000345486740116, 0.00135261320975, 0.000746858073398, -0.00017838041822, -0.000328913709382, -0.000230457022553, -0.000672304653563, 0.000472462212201, 0.000261626701104, -0.000487488519866, -8.53682013258e-006, -8.63963578013e-005, 4.12099070672e-005], [8.29558557598e-005, 0.000746858073398, 0.00317657459527, 0.000563960929867, -0.00103720382322, -0.00207746168599, 0.000651539128739, 0.000607770693023, -0.000631500501186, 0.000560643791687, -0.000450554682175, 0.000424024154199, -0.000159269751748], [0.000415885035181, -0.00017838041822, 0.000563960929867, 0.00404922431335, -0.000965539366007, -3.36337279805e-006, 0.000187164099771, -0.000659412937239, -0.00188290339429, 0.00115044042468, -0.000541494693607, 0.000712946522981, -6.92773028277e-005], [0.000203748291824, -0.000328913709382, -0.00103720382322, -0.000965539366007, 0.00490529322997, 3.1044141906e-006, 0.00114610476885, -0.000342253217241, -0.000243895148742, -0.00037892779801, -0.000949333654717, -0.000658821489196, -0.00154521025252], [0.00010118749924, -0.000230457022553, -0.00207746168599, -3.36337279805e-006, 3.1044141906e-006, 0.00908007286489, -0.00384062505327, 0.000137110226206, 0.00102714681998, -0.00175112939905, 0.00100312381983, -0.00118433369789, 0.000510247889906], [-0.000123554797028, -0.000672304653563, 0.000651539128739, 0.000187164099771, 0.00114610476885, -0.00384062505327, 0.00978131499141, -0.00499557377771, -0.000936424650718, 0.00230179680511, -0.00039800349623, -0.000395879062125, -0.00104532297701], [-0.000386960775359, 0.000472462212201, 0.000607770693023, -0.000659412937239, -0.000342253217241, 0.000137110226206, -0.00499557377771, 0.00995134655386, -0.00283275195397, -0.00135453965049, 0.000939522637054, -0.000570201082155, -0.00176875281613], [7.08292427589e-005, 0.000261626701104, -0.000631500501186, -0.00188290339429, -0.000243895148742, 0.00102714681998, -0.000936424650718, -0.00283275195397, 0.0130203692243, -0.00107976351865, -0.00160178763326, -7.05263300915e-005, 0.00189436832443], [-0.000130658721901, -0.000487488519866, 0.000560643791687, 0.00115044042468, -0.00037892779801, -0.00175112939905, 0.00230179680511, -0.00135453965049, -0.00107976351865, 0.0102499183267, -0.00336656882428, -1.07738196675e-005, 0.00148976244964], [-0.000271192169748, -8.53682013258e-006, -0.000450554682175, -0.000541494693607, -0.000949333654717, 0.00100312381983, -0.00039800349623, 0.000939522637054, -0.00160178763326, -0.00336656882428, 0.0165656767786, -0.00479765655473, 0.00206313701347], [0.000139149909955, -8.63963578013e-005, 0.000424024154199, 0.000712946522981, -0.000658821489196, -0.00118433369789, -0.000395879062125, -0.000570201082155, -7.05263300915e-005, -1.07738196675e-005, -0.00479765655473, 0.0179060678929, -0.00653119478375], [5.5167125538e-005, 4.12099070672e-005, -0.000159269751748, -6.92773028277e-005, -0.00154521025252, 0.000510247889906, -0.00104532297701, -0.00176875281613, 0.00189436832443, 0.00148976244964, 0.00206313701347, -0.00653119478375, 0.0158908963203]]
    },
    "spectral_contrast_coeffs": {
        "mean": [-0.631064772606, -0.714054465294, -0.72308665514, -0.739586293697, -0.759622454643, -0.756978034973],
        "var": [0.00642977887765, 0.00475102709606, 0.00615215161815, 0.00326676107943, 0.00158555794042, 0.00151015503798]
    },
    "spectral_contrast_valleys": {
        "mean": [-6.96548175812, -6.56263685226, -7.57194137573, -7.85340452194, -7.44780683517, -10.3850984573],
        "var": [0.704118192196, 0.547908067703, 0.668594181538, 0.601134777069, 0.652052760124, 1.21228051186]
    }
},
"metadata": {
    "audio_properties": {
        "analysis_sample_rate": 44100,
        "bit_rate": 128074,
        "equal_loudness": 0,
        "length": 45.0612258911,
        "lossless": 0,
        "replay_gain": -5.94832801819,
        "sample_rate": 44100,
        "codec": "mp3",
        "downmix": "mix",
        "md5_encoded": "de7f5c11be8c1047398f9a62fa7e9734"
    },
    "tags": {
        "file_name": "1236.mp3"
    },
    "version": {
        "essentia": "2.1-beta2",
        "essentia_git_sha": "v2.1_beta2",
        "extractor": "music 1.0"
    }
},
"rhythm": {
    "beats_count": 67,
    "beats_loudness": {
        "mean": 0.0671842098236,
        "var": 0.000507709977683
    },
    "bpm": 90.3074264526,
    "bpm_histogram_first_peak_bpm": {
        "mean": 89,
        "var": 0
    },
    "bpm_histogram_first_peak_spread": {
        "mean": 0.40740737319,
        "var": 0
    },
    "bpm_histogram_first_peak_weight": {
        "mean": 0.484848499298,
        "var": 0
    },
    "bpm_histogram_second_peak_bpm": {
        "mean": 94,
        "var": 0
    },
    "bpm_histogram_second_peak_spread": {
        "mean": 0.20000000298,
        "var": 0
    },
    "bpm_histogram_second_peak_weight": {
        "mean": 0.121212124825,
        "var": 0
    },
    "danceability": 1.61723041534,
    "onset_rate": 3.43821430206,
    "beats_loudness_band_ratio": {
        "mean": [0.501280963421, 0.15816539526, 0.185824289918, 0.0770585015416, 0.0847357586026, 0.0404047183692],
        "var": [0.0533572584391, 0.00982411485165, 0.017290584743, 0.0049316463992, 0.00248948577791, 0.00127303728368]
    },
    "beats_position": [0.731428563595, 1.46285712719, 2.18267560005, 2.85605430603, 3.54104304314, 4.21442174911, 4.88780021667, 5.5727891922, 6.24616765976, 6.94276618958, 7.63936471939, 8.31274318695, 8.98612213135, 9.63628101349, 10.3096599579, 10.9830379486, 11.656416893, 12.3414058685, 13.0263938904, 13.6997728348, 14.3731517792, 15.0465307236, 15.7199087143, 16.3932876587, 17.0666656494, 17.7516555786, 18.4366436005, 19.1100215912, 19.7834014893, 20.45677948, 21.1301574707, 21.7803173065, 22.4536952972, 23.1270751953, 23.8120632172, 24.4738311768, 25.1472110748, 25.8205890656, 26.4939670563, 27.1557369232, 27.8175048828, 28.4792747498, 29.1410427094, 29.7912006378, 30.4645805359, 31.1147384644, 31.7648983002, 32.4034461975, 33.053604126, 33.7037620544, 34.3655319214, 35.0156898499, 35.6542396545, 36.2927894592, 36.9429473877, 37.5698852539, 38.2084350586, 38.8469848633, 39.4971427917, 40.1473007202, 40.7974586487, 41.4360084534, 42.0745582581, 42.7014961243, 43.340045929, 43.9902038574, 44.6519737244]
},
"tonal": {
    "chords_changes_rate": 0.0360082313418,
    "chords_number_rate": 0.00823045242578,
    "chords_strength": {
        "mean": 0.573008835316,
        "var": 0.0143027259037
    },
    "hpcp_entropy": {
        "mean": 2.02225971222,
        "var": 0.496898233891
    },
    "key_strength": 0.781723082066,
    "tuning_diatonic_strength": 0.65172457695,
    "tuning_equal_tempered_deviation": 0.258702933788,
    "tuning_frequency": 434.193115234,
    "tuning_nontempered_energy_ratio": 0.931941688061,
    "hpcp": {
        "mean": [0.125211894512, 0.140986025333, 0.106646843255, 0.0814967080951, 0.0843127220869, 0.128460735083, 0.260784119368, 0.290859699249, 0.172756031156, 0.129925891757, 0.11630487442, 0.081319630146, 0.0647849217057, 0.0587498992682, 0.0588279552758, 0.087891638279, 0.109410479665, 0.0896379202604, 0.0842133015394, 0.1010318771, 0.146634995937, 0.294810205698, 0.339128702879, 0.253569573164, 0.218180224299, 0.124607980251, 0.0463735871017, 0.0705294311047, 0.0926781818271, 0.113635882735, 0.213699266315, 0.244188815355, 0.1488314569, 0.104587584734, 0.0856717303395, 0.078162305057],
        "var": [0.0629615411162, 0.0731261745095, 0.0453231781721, 0.0318078845739, 0.0328374616802, 0.0462732873857, 0.0859143733978, 0.0927388966084, 0.0456146709621, 0.0611027814448, 0.0467178858817, 0.0213528349996, 0.0171572379768, 0.0179304257035, 0.0162999611348, 0.0304913129658, 0.0416381694376, 0.0257286410779, 0.0290542729199, 0.0366850011051, 0.0525070168078, 0.111420281231, 0.137963891029, 0.080114774406, 0.0969606339931, 0.035488974303, 0.0123871592805, 0.0167702995241, 0.0237708967179, 0.0315095409751, 0.0914563834667, 0.111537463963, 0.0438389331102, 0.0291003528982, 0.0229924768209, 0.0256426464766]
    },
    "chords_histogram": [71.8106994629, 4.42386817932, 0.617283940315, 0, 0, 1.13168728352, 0, 0.925925910473, 2.16049385071, 0, 0, 0, 0, 0, 1.33744859695, 0, 0.617283940315, 0, 0, 0, 0, 3.49794244766, 4.21810722351, 9.25925922394],
    "thpcp": [1, 0.747708976269, 0.643355250359, 0.367435663939, 0.136743322015, 0.207972466946, 0.273283213377, 0.335081875324, 0.630142092705, 0.720047593117, 0.43886423111, 0.30840086937, 0.252623051405, 0.230479761958, 0.369216442108, 0.415730148554, 0.314473062754, 0.240312039852, 0.248615711927, 0.37879639864, 0.768982768059, 0.85766762495, 0.509411394596, 0.383116751909, 0.342952013016, 0.239789873362, 0.191033437848, 0.173237770796, 0.173467934132, 0.259168982506, 0.322622299194, 0.264318287373, 0.248322546482, 0.297916024923, 0.432387441397, 0.869316577911],
    "chords_key": "E",
    "chords_scale": "minor",
    "key_key": "E",
    "key_scale": "minor"
}
}