{
"lowlevel": {
    "average_loudness": 0.446603924036,
    "barkbands_crest": {
        "mean": 11.5775985718,
        "var": 21.3536682129
    },
    "barkbands_flatness_db": {
        "mean": 0.232567474246,
        "var": 0.00697844661772
    },
    "barkbands_kurtosis": {
        "mean": 6.41454648972,
        "var": 108.237449646
    },
    "barkbands_skewness": {
        "mean": 1.81493246555,
        "var": 1.50251245499
    },
    "barkbands_spread": {
        "mean": 12.8582143784,
        "var": 76.8696670532
    },
    "dissonance": {
        "mean": 0.431659132242,
        "var": 0.00247938418761
    },
    "dynamic_complexity": 4.32495880127,
    "erbbands_crest": {
        "mean": 10.3177833557,
        "var": 21.695482254
    },
    "erbbands_flatness_db": {
        "mean": 0.247420877218,
        "var": 0.00511722033843
    },
    "erbbands_kurtosis": {
        "mean": 0.952240288258,
        "var": 14.2718954086
    },
    "erbbands_skewness": {
        "mean": 0.486426651478,
        "var": 0.994059920311
    },
    "erbbands_spread": {
        "mean": 28.7989349365,
        "var": 245.307403564
    },
    "hfc": {
        "mean": 12.335059166,
        "var": 282.228271484
    },
    "melbands_crest": {
        "mean": 14.4590759277,
        "var": 28.6236858368
    },
    "melbands_flatness_db": {
        "mean": 0.306602448225,
        "var": 0.0101571315899
    },
    "melbands_kurtosis": {
        "mean": 12.2678813934,
        "var": 227.377029419
    },
    "melbands_skewness": {
        "mean": 2.50569033623,
        "var": 1.85219192505
    },
    "melbands_spread": {
        "mean": 14.836523056,
        "var": 119.355453491
    },
    "pitch_salience": {
        "mean": 0.507082641125,
        "var": 0.0104002682492
    },
    "silence_rate_20dB": {
        "mean": 1,
        "var": 0
    },
    "silence_rate_30dB": {
        "mean": 0.982492268085,
        "var": 0.0172002892941
    },
    "silence_rate_60dB": {
        "mean": 0.141606584191,
        "var": 0.121553018689
    },
    "spectral_centroid": {
        "mean": 813.55657959,
        "var": 159483.203125
    },
    "spectral_complexity": {
        "mean": 12.3738412857,
        "var": 56.6626472473
    },
    "spectral_decrease": {
        "mean": -5.36283195629e-009,
        "var": 4.61138236073e-017
    },
    "spectral_energy": {
        "mean": 0.0213593617082,
        "var": 0.000718082359526
    },
    "spectral_energyband_high": {
        "mean": 0.000219822060899,
        "var": 3.02370636973e-007
    },
    "spectral_energyband_low": {
        "mean": 0.00658787135035,
        "var": 0.000298463273793
    },
    "spectral_energyband_middle_high": {
        "mean": 0.00473056081682,
        "var": 7.1398288128e-005
    },
    "spectral_energyband_middle_low": {
        "mean": 0.0104844961315,
        "var": 0.000127700448502
    },
    "spectral_entropy": {
        "mean": 6.65740251541,
        "var": 0.526582956314
    },
    "spectral_flux": {
        "mean": 0.0511280968785,
        "var": 0.00267906952649
    },
    "spectral_kurtosis": {
        "mean": 18.8001708984,
        "var": 425.934783936
    },
    "spectral_rms": {
        "mean": 0.00396216474473,
        "var": 5.13968961968e-006
    },
    "spectral_rolloff": {
        "mean": 955.552612305,
        "var": 707495.375
    },
    "spectral_skewness": {
        "mean": 2.66086816788,
        "var": 2.04387426376
    },
    "spectral_spread": {
        "mean": 2777177.5,
        "var": 3.6709424169e+012
    },
    "spectral_strongpeak": {
        "mean": 0.988481640816,
        "var": 2.10298633575
    },
    "zerocrossingrate": {
        "mean": 0.0374907962978,
        "var": 0.000474632484838
    },
    "barkbands": {
        "mean": [9.53070848482e-005, 0.00366602372378, 0.00223227869719, 0.00119029032066, 0.00331061892211, 0.00273995078169, 0.00136684335303, 0.000559513224289, 0.0011626224732, 0.00141396257095, 0.000278427905869, 0.000647944165394, 0.000664099119604, 0.000783141585998, 0.000290987780318, 0.000314652861562, 0.000233661412494, 0.000111541907245, 4.98027620779e-005, 7.40832037991e-005, 4.45005607617e-005, 3.84832710552e-005, 3.79149787477e-005, 2.47695516009e-005, 1.6925001546e-005, 1.05088347482e-005, 5.33476850251e-007],
        "var": [1.68368842424e-007, 0.000166026540683, 2.34643976e-005, 6.94645723343e-006, 1.79212838702e-005, 1.29469335661e-005, 7.43338432585e-006, 2.6951372547e-006, 1.16167884698e-005, 2.14804967982e-005, 1.51258586811e-006, 4.6374343583e-006, 6.75754336044e-006, 5.23634935234e-006, 3.67568219417e-007, 1.62268202075e-006, 2.84626793245e-007, 4.53503474773e-008, 8.50055581481e-009, 3.68215715696e-008, 1.41341232052e-008, 1.13796092549e-008, 2.24024407913e-008, 6.25765173012e-009, 5.13996445406e-009, 2.27033702949e-009, 1.32528684207e-011]
    },
    "erbbands": {
        "mean": [0.0924591273069, 0.881340563297, 2.43855214119, 3.51325106621, 5.56696557999, 11.7372674942, 21.1952495575, 22.6888122559, 24.0315551758, 11.3687334061, 14.546503067, 23.2454624176, 40.8752212524, 27.3292160034, 15.2967748642, 25.517698288, 30.8172779083, 32.0411872864, 26.4024505615, 21.1233558655, 13.4107704163, 14.146323204, 6.81811380386, 4.62458944321, 2.23836445808, 3.3359811306, 2.25240492821, 1.82464778423, 1.38314032555, 1.13157093525, 1.07034432888, 0.620962142944, 0.369552791119, 0.211339727044, 0.111632682383, 0.0509919151664, 0.018949855119, 0.00257756118663, 7.68287936808e-005, 2.67344366875e-005],
        "var": [0.120132401586, 8.93628978729, 29.8705654144, 52.4054069519, 146.689498901, 203.570892334, 620.866882324, 1082.05224609, 2072.43579102, 504.465240479, 1578.1796875, 4966.44628906, 14423.1025391, 6965.19384766, 2059.69018555, 7824.47216797, 12601.8056641, 7199.80078125, 6439.56835938, 3584.47363281, 1651.37353516, 1122.00622559, 128.331466675, 65.17993927, 31.482831955, 74.5706329346, 35.292175293, 24.8346328735, 15.2430000305, 11.4411964417, 21.5257854462, 3.91545033455, 1.68755853176, 0.804806888103, 0.21659193933, 0.0419937931001, 0.00862167216837, 0.000215703126742, 1.70255560761e-007, 1.28086519169e-009]
    },
    "gfcc": {
        "mean": [-102.905685425, 156.147415161, -134.974105835, 3.11403751373, -40.8561935425, -10.0401792526, -51.0051422119, -9.87380504608, -21.3365974426, -9.57776165009, -10.2143917084, -4.53095531464, -6.43011760712],
        "cov": [[11270.1005859, -3213.28979492, 121.078826904, 1650.28234863, -1530.26196289, 1698.86340332, 546.589660645, 799.951293945, 46.3921890259, 941.002441406, 25.6270370483, 320.363708496, 50.4094047546], [-3213.28979492, 2875.91748047, -92.366317749, -483.924713135, 1579.65087891, -806.459655762, 225.940368652, -273.369873047, 145.791244507, -335.078063965, 154.215698242, -310.753387451, -85.0790557861], [121.078826904, -92.366317749, 1277.53552246, 288.389678955, -7.12129211426, 360.553070068, 55.1891059875, 100.759407043, -68.1452713013, 92.5198516846, -127.331871033, 3.92085886002, -59.8706893921], [1650.28234863, -483.924713135, 288.389678955, 902.099243164, -137.815872192, 449.216766357, 274.379486084, 114.940895081, 154.524734497, 223.594146729, 0.923042476177, 38.9253997803, -24.8441543579], [-1530.26196289, 1579.65087891, -7.12129211426, -137.815872192, 1226.4251709, -355.873199463, 103.39315033, -80.6741104126, 134.507492065, -117.435050964, 43.9630088806, -157.636108398, -106.645637512], [1698.86340332, -806.459655762, 360.553070068, 449.216766357, -355.873199463, 591.425415039, 117.185333252, 154.495956421, 42.3892326355, 185.511886597, -70.4048843384, 73.3142700195, -10.6756658554], [546.589660645, 225.940368652, 55.1891059875, 274.379486084, 103.39315033, 117.185333252, 428.809265137, 49.1843338013, 79.6910629272, 96.3121490479, 83.5368118286, -26.203420639, -15.555973053], [799.951293945, -273.369873047, 100.759407043, 114.940895081, -80.6741104126, 154.495956421, 49.1843338013, 169.52243042, 19.9500293732, 91.5424728394, -17.5437583923, 26.2910709381, -13.5465536118], [46.3921890259, 145.791244507, -68.1452713013, 154.524734497, 134.507492065, 42.3892326355, 79.6910629272, 19.9500293732, 168.855789185, 32.8239707947, 12.8751144409, -20.0249481201, -15.302069664], [941.002441406, -335.078063965, 92.5198516846, 223.594146729, -117.435050964, 185.511886597, 96.3121490479, 91.5424728394, 32.8239707947, 199.230606079, 22.2809791565, 34.6231040955, -23.9268379211], [25.6270370483, 154.215698242, -127.331871033, 0.923042476177, 43.9630088806, -70.4048843384, 83.5368118286, -17.5437583923, 12.8751144409, 22.2809791565, 117.508171082, 2.9008936882, 1.94638431072], [320.363708496, -310.753387451, 3.92085886002, 38.9253997803, -157.636108398, 73.3142700195, -26.203420639, 26.2910709381, -20.0249481201, 34.6231040955, 2.9008936882, 107.005493164, 28.7979354858], [50.4094047546, -85.0790557861, -59.8706893921, -24.8441543579, -106.645637512, -10.6756658554, -15.555973053, -13.5465536118, -15.302069664, -23.9268379211, 1.94638431072, 28.7979354858, 83.3256378174]],
        "icov": [[0.000309484341415, -0.000161968375323, 0.00033462655847, -0.000291302654659, 0.000154632973135, -0.000661596015561, 0.000107557054434, -0.000833343423437, 0.000659870216623, -0.000660404737573, -8.82422900759e-005, 2.26559186558e-005, -0.000275502417935], [-0.000161968375323, 0.00450972374529, -0.00147631810978, 0.00119776418433, -0.00376694882289, 0.00256514968351, -0.00227194442414, 0.0022643476259, -0.00241962820292, 0.00305063696578, -0.00297721172683, 0.0037864651531, -0.00135703699198], [0.00033462655847, -0.00147631810978, 0.00196779193357, -0.000876208185218, 0.000914306438062, -0.00204804190435, 0.000665667641442, -0.00150514720008, 0.0025295461528, -0.00155792967416, 0.00176995736547, -0.000976392184384, 0.000543464033399], [-0.000291302654659, 0.00119776418433, -0.000876208185218, 0.00309885526076, -0.00094365311088, -0.000108517022454, -0.00143455446232, 0.00190249772277, -0.00282439962029, 8.52733573993e-005, -0.000609523907769, 0.000630899274256, -0.000184593271115], [0.000154632973135, -0.00376694882289, 0.000914306438062, -0.00094365311088, 0.00474585127085, -0.00108114245813, 0.00145141384564, -0.00199934048578, 0.000632732815575, -0.0020350406412, 0.00248916191049, -0.00252103665844, 0.00266226241365], [-0.000661596015561, 0.00256514968351, -0.00204804190435, -0.000108517022454, -0.00108114245813, 0.00772243225947, -0.00210005627014, 0.0012967356015, -0.00326990080066, 0.00145830062684, 0.00133633601945, 0.000565053080209, 0.000531663768925], [0.000107557054434, -0.00227194442414, 0.000665667641442, -0.00143455446232, 0.00145141384564, -0.00210005627014, 0.00521072838455, -0.00179484742694, 0.00109635281842, -0.00189185654745, -0.00183471664786, -0.000180318238563, -0.000301437830785], [-0.000833343423437, 0.0022643476259, -0.00150514720008, 0.00190249772277, -0.00199934048578, 0.0012967356015, -0.00179484742694, 0.0120391510427, -0.00325329136103, -0.000269984360784, 0.000546950439457, 0.000484295102069, 0.000676219235174], [0.000659870216623, -0.00241962820292, 0.0025295461528, -0.00282439962029, 0.000632732815575, -0.00326990080066, 0.00109635281842, -0.00325329136103, 0.0119588430971, -0.00288171623833, 0.00158994924277, -0.000624661042821, -0.000280282692984], [-0.000660404737573, 0.00305063696578, -0.00155792967416, 8.52733573993e-005, -0.0020350406412, 0.00145830062684, -0.00189185654745, -0.000269984360784, -0.00288171623833, 0.0135771855712, -0.00493607018143, 0.000924270076212, 0.00277089443989], [-8.82422900759e-005, -0.00297721172683, 0.00176995736547, -0.000609523907769, 0.00248916191049, 0.00133633601945, -0.00183471664786, 0.000546950439457, 0.00158994924277, -0.00493607018143, 0.0164760258049, -0.00499201240018, 0.00142194295768], [2.26559186558e-005, 0.0037864651531, -0.000976392184384, 0.000630899274256, -0.00252103665844, 0.000565053080209, -0.000180318238563, 0.000484295102069, -0.000624661042821, 0.000924270076212, -0.00499201240018, 0.0169807970524, -0.00537152029574], [-0.000275502417935, -0.00135703699198, 0.000543464033399, -0.000184593271115, 0.00266226241365, 0.000531663768925, -0.000301437830785, 0.000676219235174, -0.000280282692984, 0.00277089443989, 0.00142194295768, -0.00537152029574, 0.0172141585499]]
    },
    "melbands": {
        "mean": [0.000946833344642, 0.00126854912378, 0.000671374495141, 0.000586256035604, 0.000743125332519, 0.000525590381585, 0.000329887203407, 0.000121249751828, 0.000131001041154, 0.000147225073306, 0.000221170688746, 0.000135049675009, 4.48309692729e-005, 6.92877656547e-005, 7.22448894521e-005, 6.50889342069e-005, 6.02910949965e-005, 5.21539332112e-005, 2.0801102437e-005, 3.01141208183e-005, 1.15407692647e-005, 1.55063789862e-005, 8.58970724948e-006, 5.48002435607e-006, 3.62594641956e-006, 1.57457111527e-006, 1.77886579422e-006, 2.42731925937e-006, 1.65361393556e-006, 8.95997345651e-007, 1.14163754006e-006, 8.9326726993e-007, 5.33370211997e-007, 6.47095419026e-007, 6.4089266516e-007, 5.21599361036e-007, 3.21241145684e-007, 2.58839236267e-007, 2.25012144028e-007, 1.62951693028e-007],
        "var": [1.17832105389e-005, 9.84423422778e-006, 1.72245449903e-006, 7.85183090102e-007, 6.89988496561e-007, 5.27564225195e-007, 3.86567847954e-007, 6.9348153886e-008, 1.38209102829e-007, 1.90224525909e-007, 4.34455728282e-007, 1.88752352415e-007, 2.33442420949e-008, 6.69002560016e-008, 5.71910980796e-008, 6.86398493599e-008, 3.00795868213e-008, 3.32056799834e-008, 2.21575668924e-009, 1.67818026142e-008, 1.5996836078e-009, 1.72710279411e-009, 2.41967362813e-010, 1.5410001053e-010, 4.21156061414e-011, 9.01742916448e-012, 3.72704471452e-011, 4.44826779578e-011, 1.79417435769e-011, 7.05901873413e-012, 1.05234718509e-011, 6.89498631801e-012, 2.40784280535e-012, 4.05460170647e-012, 9.92531317551e-012, 3.48553889744e-012, 1.12893928147e-012, 8.38900780439e-013, 7.73841494356e-013, 6.37957026615e-013]
    },
    "mfcc": {
        "mean": [-738.692443848, 179.812011719, -18.8645935059, 8.03243350983, 16.5941181183, -3.54830265045, -15.5154247284, -6.63998508453, -14.1337738037, -9.54480648041, -5.04136180878, -5.95357322693, -9.6427154541],
        "cov": [[10060.4472656, -2559.07592773, 201.926727295, 569.342651367, -960.057983398, 713.241271973, 657.705200195, 284.037872314, 399.790344238, 779.751708984, 268.424560547, 477.529815674, 360.185943604], [-2559.07592773, 2213.86523438, -532.111083984, -15.7606477737, 756.220397949, -205.394363403, 13.65117836, -10.2819061279, -51.7054710388, -171.649124146, 72.2379608154, 56.0505218506, -158.804840088], [201.926727295, -532.111083984, 1243.12890625, 119.58480072, -139.4765625, 295.51171875, 123.656845093, 88.9022750854, 134.304336548, 54.8107032776, -7.86886739731, -1.61267650127, 33.5770149231], [569.342651367, -15.7606477737, 119.58480072, 483.147766113, 27.0391941071, 219.653396606, 165.549026489, 77.1617431641, 119.663604736, 117.888145447, 133.934951782, 123.434387207, 53.7237434387], [-960.057983398, 756.220397949, -139.4765625, 27.0391941071, 634.901794434, 3.2204387188, -29.1080684662, 25.5008773804, 72.9951553345, -68.0472183228, 56.9586753845, 100.296195984, -115.627403259], [713.241271973, -205.394363403, 295.51171875, 219.653396606, 3.2204387188, 353.137908936, 151.649841309, 95.6450576782, 144.13659668, 119.553291321, 92.0546264648, 97.6117706299, 30.419052124], [657.705200195, 13.65117836, 123.656845093, 165.549026489, -29.1080684662, 151.649841309, 250.411392212, 72.0739822388, 64.1277313232, 109.217201233, 77.7289886475, 72.2847290039, 55.3389015198], [284.037872314, -10.2819061279, 88.9022750854, 77.1617431641, 25.5008773804, 95.6450576782, 72.0739822388, 128.258834839, 80.7298202515, 51.9797134399, 35.6742324829, 37.3472709656, 13.5640554428], [399.790344238, -51.7054710388, 134.304336548, 119.663604736, 72.9951553345, 144.13659668, 64.1277313232, 80.7298202515, 171.316268921, 89.1072235107, 41.8031539917, 66.5342941284, 7.95015716553], [779.751708984, -171.649124146, 54.8107032776, 117.888145447, -68.0472183228, 119.553291321, 109.217201233, 51.9797134399, 89.1072235107, 186.994506836, 80.8052215576, 57.3336715698, 45.6243972778], [268.424560547, 72.2379608154, -7.86886739731, 133.934951782, 56.9586753845, 92.0546264648, 77.7289886475, 35.6742324829, 41.8031539917, 80.8052215576, 154.895965576, 96.1177978516, 6.22428178787], [477.529815674, 56.0505218506, -1.61267650127, 123.434387207, 100.296195984, 97.6117706299, 72.2847290039, 37.3472709656, 66.5342941284, 57.3336715698, 96.1177978516, 198.586364746, 20.056016922], [360.185943604, -158.804840088, 33.5770149231, 53.7237434387, -115.627403259, 30.419052124, 55.3389015198, 13.5640554428, 7.95015716553, 45.6243972778, 6.22428178787, 20.056016922, 113.801353455]],
        "icov": [[0.000278644642094, 0.000291231612209, 0.000191122089745, 4.63400792796e-005, 0.000164913697517, -3.62194878107e-005, -0.000497227942105, -0.00011521660781, -0.000134762944072, -0.000468601996545, 0.000227381751756, -0.000588862982113, 0.000167602760484], [0.000291231612209, 0.00133982021362, 0.000415584072471, -5.43780952285e-005, -0.000973594083916, 0.000582656124607, -0.00143464782741, -0.000238781314692, 7.68409227021e-005, 0.000141429220093, -0.000216437925701, -0.000274125573924, 0.000430169922765], [0.000191122089745, 0.000415584072471, 0.00131415063515, 0.000118008247227, 0.000202167706448, -0.00088821008103, -0.00079292448936, -0.000132857385324, -0.000696788891219, 0.000418026116677, 0.000317367899697, -5.7530891354e-005, 0.000249683420407], [4.63400792796e-005, -5.43780952285e-005, 0.000118008247227, 0.00370326451957, 0.000180218179594, -0.00116218114272, -0.000953949172981, 0.00030263903318, -0.00128776498605, 0.00042830008897, -0.00185517966747, -0.000318857346429, -0.00100813282188], [0.000164913697517, -0.000973594083916, 0.000202167706448, 0.000180218179594, 0.00416715443134, -0.000341911276337, 0.000399312033551, 3.61803904525e-005, -0.00249304086901, 0.00112103088759, -0.000365340267308, -0.00185184215661, 0.00217270408757], [-3.62194878107e-005, 0.000582656124607, -0.00088821008103, -0.00116218114272, -0.000341911276337, 0.0071905287914, -0.0018846585881, -0.000725078454707, -0.00264345062897, 4.66186793346e-005, -0.00134122325107, -0.000460181647213, 0.000792324077338], [-0.000497227942105, -0.00143464782741, -0.00079292448936, -0.000953949172981, 0.000399312033551, -0.0018846585881, 0.00908710621297, -0.00186100474093, 0.00216279923916, -0.00226133759134, -0.000322681269608, 0.000271436932962, -0.00230617122725], [-0.00011521660781, -0.000238781314692, -0.000132857385324, 0.00030263903318, 3.61803904525e-005, -0.000725078454707, -0.00186100474093, 0.0123946070671, -0.00498266378418, 0.000957408163231, -0.00110300327651, 0.00082056451356, -0.000534033810254], [-0.000134762944072, 7.68409227021e-005, -0.000696788891219, -0.00128776498605, -0.00249304086901, -0.00264345062897, 0.00216279923916, -0.00498266378418, 0.015151376836, -0.00593419047073, 0.00366971362382, -0.00137679954059, 0.000425544276368], [-0.000468601996545, 0.000141429220093, 0.000418026116677, 0.00042830008897, 0.00112103088759, 4.66186793346e-005, -0.00226133759134, 0.000957408163231, -0.00593419047073, 0.0135779045522, -0.00570561876521, 0.00186721992213, -0.00157894974109], [0.000227381751756, -0.000216437925701, 0.000317367899697, -0.00185517966747, -0.000365340267308, -0.00134122325107, -0.000322681269608, -0.00110300327651, 0.00366971362382, -0.00570561876521, 0.0139559898525, -0.00471399538219, 0.00213470053859], [-0.000588862982113, -0.000274125573924, -5.7530891354e-005, -0.000318857346429, -0.00185184215661, -0.000460181647213, 0.000271436932962, 0.00082056451356, -0.00137679954059, 0.00186721992213, -0.00471399538219, 0.0100926468149, -0.00251287920401], [0.000167602760484, 0.000430169922765, 0.000249683420407, -0.00100813282188, 0.00217270408757, 0.000792324077338, -0.00230617122725, -0.000534033810254, 0.000425544276368, -0.00157894974109, 0.00213470053859, -0.00251287920401, 0.0133695760742]]
    },
    "spectral_contrast_coeffs": {
        "mean": [-0.554378807545, -0.660662770271, -0.712502062321, -0.732098579407, -0.733468472958, -0.787583768368],
        "var": [0.0117407441139, 0.00722330948338, 0.00767895160243, 0.00390453403816, 0.00423168763518, 0.00295044737868]
    },
    "spectral_contrast_valleys": {
        "mean": [-8.35988521576, -7.33745718002, -8.29028511047, -8.4075422287, -9.26364707947, -12.2652664185],
        "var": [2.71967864037, 1.08369243145, 1.16893446445, 1.11082696915, 2.04892349243, 3.04329442978]
    }
},
"metadata": {
    "audio_properties": {
        "analysis_sample_rate": 44100,
        "bit_rate": 128074,
        "equal_loudness": 0,
        "length": 45.0612258911,
        "lossless": 0,
        "replay_gain": -4.47472000122,
        "sample_rate": 44100,
        "codec": "mp3",
        "downmix": "mix",
        "md5_encoded": "7ae43c7d3289275a54715102f31aed80"
    },
    "tags": {
        "file_name": "1237.mp3"
    },
    "version": {
        "essentia": "2.1-beta2",
        "essentia_git_sha": "v2.1_beta2",
        "extractor": "music 1.0"
    }
},
"rhythm": {
    "beats_count": 104,
    "beats_loudness": {
        "mean": 0.0314931683242,
        "var": 0.000990453641862
    },
    "bpm": 123.640113831,
    "bpm_histogram_first_peak_bpm": {
        "mean": 123,
        "var": 0
    },
    "bpm_histogram_first_peak_spread": {
        "mean": 0.534482717514,
        "var": 0
    },
    "bpm_histogram_first_peak_weight": {
        "mean": 0.262135922909,
        "var": 0
    },
    "bpm_histogram_second_peak_bpm": {
        "mean": 191,
        "var": 0
    },
    "bpm_histogram_second_peak_spread": {
        "mean": 0,
        "var": 0
    },
    "bpm_histogram_second_peak_weight": {
        "mean": 0.106796115637,
        "var": 0
    },
    "danceability": 0.92985612154,
    "onset_rate": 2.17383861542,
    "beats_loudness_band_ratio": {
        "mean": [0.33036133647, 0.368093550205, 0.143231838942, 0.113142773509, 0.0842203274369, 0.0122683243826],
        "var": [0.0737400576472, 0.0563664808869, 0.0155071010813, 0.021186362952, 0.0107107469812, 0.000508918659762]
    },
    "beats_position": [0.278639435768, 0.580498874187, 0.859138309956, 1.16099774837, 1.47446703911, 1.78793644905, 2.10140585899, 2.41487526894, 2.72834467888, 3.04181408882, 3.35528349876, 3.68036270142, 4.00544214249, 4.33052158356, 4.6439909935, 4.95746040344, 5.27092981339, 5.5727891922, 5.89786815643, 6.21133756638, 6.53641700745, 6.86149644852, 7.19818592072, 7.52326536179, 7.84834432602, 8.17342376709, 8.51011276245, 8.84680271149, 9.19510173798, 9.55501079559, 9.91492080688, 10.2632198334, 10.623128891, 10.9946479797, 11.3777770996, 11.7725172043, 12.202085495, 12.6316547394, 13.0612239838, 13.5604534149, 14.0480718613, 14.5356912613, 15.0233106613, 15.5109291077, 15.9869384766, 16.4629478455, 16.9505672455, 17.4381847382, 17.9141941071, 18.390203476, 18.8546028137, 19.3190021515, 19.7834014893, 20.247800827, 20.7121982574, 21.1882076263, 21.6642169952, 22.1402263641, 22.616235733, 23.1038551331, 23.5798625946, 24.0558719635, 24.5434913635, 25.0311107635, 25.5303401947, 26.0179595947, 26.5055770874, 26.9815864563, 27.4575958252, 27.9452152252, 28.409614563, 28.8856239319, 29.3500213623, 29.8376407623, 30.3252601624, 30.8244895935, 31.3121089935, 31.7997264862, 32.2989578247, 32.7865753174, 33.2741928101, 33.7618141174, 34.2378234863, 34.725440979, 35.2130622864, 35.6890678406, 36.1650772095, 36.6526985168, 37.1287078857, 37.6163253784, 38.1039466858, 38.57995224, 39.0675735474, 39.5435829163, 40.0195922852, 40.4956016541, 40.9832191467, 41.4824485779, 41.9700660706, 42.4692955017, 42.9685249329, 43.467754364, 43.9669837952, 44.4662132263]
},
"tonal": {
    "chords_changes_rate": 0.0432098768651,
    "chords_number_rate": 0.00925925932825,
    "chords_strength": {
        "mean": 0.544394016266,
        "var": 0.0124665992334
    },
    "hpcp_entropy": {
        "mean": 1.59034514427,
        "var": 0.564980149269
    },
    "key_strength": 0.815980434418,
    "tuning_diatonic_strength": 0.603169739246,
    "tuning_equal_tempered_deviation": 0.0210307650268,
    "tuning_frequency": 440.508636475,
    "tuning_nontempered_energy_ratio": 0.632724583149,
    "hpcp": {
        "mean": [0.134839564562, 0.0540670529008, 0.0361576117575, 0.0416691526771, 0.0519829690456, 0.192343860865, 0.292134702206, 0.1607876122, 0.0580379776657, 0.0455799177289, 0.034079156816, 0.155200377107, 0.278675019741, 0.162020519376, 0.0411800034344, 0.0330191627145, 0.0251127630472, 0.0782041251659, 0.140839830041, 0.10152541846, 0.181444868445, 0.319856017828, 0.197434186935, 0.0571769848466, 0.0376374125481, 0.0271799545735, 0.0900147408247, 0.16719673574, 0.128531426191, 0.0614500977099, 0.0425388365984, 0.0477748401463, 0.161740422249, 0.275314718485, 0.209843397141, 0.161858782172],
        "var": [0.0879143700004, 0.0193305220455, 0.0163741409779, 0.0189218167216, 0.0162686258554, 0.0733798295259, 0.137186616659, 0.0501790605485, 0.0228222105652, 0.0162885673344, 0.010872435756, 0.0500288009644, 0.149988204241, 0.0496426261961, 0.0147240366787, 0.0145763903856, 0.00826490763575, 0.0216376818717, 0.0594726763666, 0.0283538419753, 0.0530788823962, 0.138468191028, 0.0655319169164, 0.0186315234751, 0.0104487780482, 0.00740672787651, 0.0237576365471, 0.0625076964498, 0.0512367859483, 0.0277615748346, 0.0172267071903, 0.0151838539168, 0.050164822489, 0.115311138332, 0.0715238824487, 0.0844967737794]
    },
    "chords_histogram": [23.4567909241, 7.20164632797, 22.6337451935, 0.411522626877, 0.411522626877, 0.308641970158, 1.02880656719, 0, 1.85185182095, 0, 0, 0, 0, 0, 0, 0, 0, 0, 0, 2.46913576126, 0, 1.64609050751, 15.123456955, 23.4567909241],
    "thpcp": [1, 0.617259562016, 0.178758502007, 0.117669858038, 0.084975592792, 0.281422704458, 0.522724986076, 0.401841521263, 0.192118003964, 0.13299369812, 0.149363577366, 0.505666315556, 0.860745787621, 0.656055808067, 0.506036400795, 0.421563327312, 0.169035598636, 0.113043397665, 0.130274713039, 0.162519901991, 0.601345121861, 0.913331866264, 0.502687454224, 0.18145032227, 0.142501354218, 0.106545306742, 0.48521950841, 0.87125146389, 0.506542026997, 0.128745436668, 0.103231333196, 0.0785127133131, 0.244497895241, 0.440322577953, 0.317409753799, 0.567270457745],
    "chords_key": "C#",
    "chords_scale": "minor",
    "key_key": "E",
    "key_scale": "major"
}
}