{
"lowlevel": {
    "average_loudness": 0.95981836319,
    "barkbands_crest": {
        "mean": 8.00949001312,
        "var": 7.84131908417
    },
    "barkbands_flatness_db": {
        "mean": 0.122524365783,
        "var": 0.0015664268285
    },
    "barkbands_kurtosis": {
        "mean": 1.39480173588,
        "var": 26.8238010406
    },
    "barkbands_skewness": {
        "mean": 0.857597410679,
        "var": 1.26186645031
    },
    "barkbands_spread": {
        "mean": 26.0678405762,
        "var": 127.590148926
    },
    "dissonance": {
        "mean": 0.470764905214,
        "var": 0.000828421209008
    },
    "dynamic_complexity": 2.28661155701,
    "erbbands_crest": {
        "mean": 9.42563915253,
        "var": 15.0773544312
    },
    "erbbands_flatness_db": {
        "mean": 0.166910797358,
        "var": 0.0021317449864
    },
    "erbbands_kurtosis": {
        "mean": 1.77701640129,
        "var": 7.37408828735
    },
    "erbbands_skewness": {
        "mean": -0.532127439976,
        "var": 0.868490278721
    },
    "erbbands_spread": {
        "mean": 28.6761569977,
        "var": 257.410980225
    },
    "hfc": {
        "mean": 26.5251731873,
        "var": 282.374664307
    },
    "melbands_crest": {
        "mean": 12.5192308426,
        "var": 18.0855693817
    },
    "melbands_flatness_db": {
        "mean": 0.191737085581,
        "var": 0.00255111162551
    },
    "melbands_kurtosis": {
        "mean": 7.11192417145,
        "var": 200.577835083
    },
    "melbands_skewness": {
        "mean": 1.97707104683,
        "var": 2.40848445892
    },
    "melbands_spread": {
        "mean": 32.3417663574,
        "var": 300.741973877
    },
    "pitch_salience": {
        "mean": 0.570658385754,
        "var": 0.00877886544913
    },
    "silence_rate_20dB": {
        "mean": 1,
        "var": 0
    },
    "silence_rate_30dB": {
        "mean": 1,
        "var": 0
    },
    "silence_rate_60dB": {
        "mean": 0.00102986616548,
        "var": 0.00102881784551
    },
    "spectral_centroid": {
        "mean": 1451.6036377,
        "var": 236388.3125
    },
    "spectral_complexity": {
        "mean": 23.6472702026,
        "var": 72.8472595215
    },
    "spectral_decrease": {
        "mean": -6.97873137057e-009,
        "var": 1.48687137857e-017
    },
    "spectral_energy": {
        "mean": 0.028745284304,
        "var": 0.000246590177994
    },
    "spectral_energyband_high": {
        "mean": 0.000449673680123,
        "var": 4.21774672077e-007
    },
    "spectral_energyband_low": {
        "mean": 0.00843704491854,
        "var": 5.62523346161e-005
    },
    "spectral_energyband_middle_high": {
        "mean": 0.0105035072193,
        "var": 6.45620093565e-005
    },
    "spectral_energyband_middle_low": {
        "mean": 0.010999600403,
        "var": 7.68556856201e-005
    },
    "spectral_entropy": {
        "mean": 7.49598026276,
        "var": 0.102640129626
    },
    "spectral_flux": {
        "mean": 0.083279542625,
        "var": 0.00150522252079
    },
    "spectral_kurtosis": {
        "mean": 6.80074548721,
        "var": 9.32966899872
    },
    "spectral_rms": {
        "mean": 0.00510401790962,
        "var": 1.99313421945e-006
    },
    "spectral_rolloff": {
        "mean": 1705.99804688,
        "var": 1058663.125
    },
    "spectral_skewness": {
        "mean": 1.82611334324,
        "var": 0.121179118752
    },
    "spectral_spread": {
        "mean": 3893281.5,
        "var": 3.41436635546e+012
    },
    "spectral_strongpeak": {
        "mean": 1.40337383747,
        "var": 3.97682261467
    },
    "zerocrossingrate": {
        "mean": 0.0609421245754,
        "var": 0.000614522781689
    },
    "barkbands": {
        "mean": [6.65331099299e-005, 0.00361648667604, 0.00348049169406, 0.00238261627965, 0.00363054685295, 0.000866813701577, 0.000725440506358, 0.000963704369497, 0.0015750847524, 0.00172673573252, 0.000485634227516, 0.000642380909994, 0.00156929588411, 0.00105181336403, 0.0022618859075, 0.000789297861047, 0.00135882443283, 0.000786103017163, 0.000201334696612, 0.000157542541274, 8.67988710525e-005, 8.48385316203e-005, 6.35634132777e-005, 6.88550062478e-005, 5.79163606744e-005, 3.94616945414e-005, 5.27942893314e-006],
        "var": [1.87272561902e-008, 1.99620935746e-005, 1.26529230329e-005, 5.23113476447e-006, 1.60295821843e-005, 1.24078997032e-006, 1.51141978222e-006, 3.13433451993e-006, 1.19592377814e-005, 2.02132287086e-005, 4.86148451273e-007, 1.76905689386e-006, 7.20886555428e-006, 2.9400882795e-006, 8.16498504719e-006, 1.16661908578e-006, 2.61416948888e-006, 7.18820047041e-007, 5.15759275288e-008, 4.20964489933e-008, 8.84504469667e-009, 2.79884933008e-008, 1.38594975496e-008, 3.28180149722e-008, 2.18059685864e-008, 4.04388300623e-009, 8.82486583809e-011]
    },
    "erbbands": {
        "mean": [0.0603317245841, 0.979634165764, 3.53666639328, 6.96748828888, 13.2260351181, 9.69594097137, 5.91879701614, 6.86452436447, 10.2423124313, 15.0954818726, 23.737247467, 39.1552124023, 52.434928894, 34.3015937805, 24.7042312622, 32.7057495117, 76.8881378174, 59.84608078, 83.4882965088, 98.6222991943, 39.9899673462, 72.7316665649, 58.3291358948, 17.3288555145, 10.2080583572, 6.55624866486, 3.25612831116, 3.71837496758, 3.2165813446, 2.45578742027, 1.65818202496, 1.43373572826, 1.10176062584, 0.721277117729, 0.373491883278, 0.164520427585, 0.0749747231603, 0.0182759258896, 0.000524797069374, 4.68760226795e-005],
        "var": [0.00641545979306, 1.43600785732, 14.9755420685, 32.242855072, 252.95664978, 116.807525635, 62.447971344, 68.7477416992, 312.940856934, 694.680603027, 2076.21875, 8460.55761719, 21691.5019531, 8710.21875, 1192.31469727, 3550.67797852, 16627.9628906, 7083.81396484, 14004.6992188, 12591.8984375, 1881.72619629, 6815.55957031, 3768.55004883, 315.068023682, 160.040100098, 51.1244354248, 9.82076072693, 21.7213439941, 40.4313430786, 20.032037735, 10.2275238037, 13.9744987488, 8.85351848602, 4.70695638657, 0.568967759609, 0.084123596549, 0.0145959397778, 0.000848541909363, 7.5234987662e-007, 9.50512779596e-010]
    },
    "gfcc": {
        "mean": [19.2397575378, 95.5364608765, -125.226806641, 28.4427947998, -30.9844989777, 17.5005531311, -42.1383285522, 7.73850631714, -25.0824279785, -0.350976854563, -23.6315917969, -1.59610784054, -18.103931427],
        "cov": [[3498.97290039, -911.453674316, -52.0404014587, -165.771972656, -260.61227417, 19.9748725891, -231.24836731, 165.780975342, -4.89844274521, 56.0478553772, -251.793441772, 37.0593795776, -178.911819458], [-911.453674316, 896.290893555, -265.57699585, 59.7524108887, 149.985412598, -85.6568832397, 175.427825928, -56.7692832947, 75.6725463867, -67.5887908936, 120.629936218, -77.1072769165, 92.7970657349], [-52.0404014587, -265.57699585, 794.950439453, 50.1940612793, -111.885780334, 155.475494385, -21.6625347137, 30.9795818329, -85.0484848022, 40.7381439209, -2.30676388741, 64.4378814697, -52.3737449646], [-165.771972656, 59.7524108887, 50.1940612793, 277.440948486, 161.559585571, 1.29787611961, -33.2332572937, -32.4211845398, 12.567445755, -9.4309091568, 32.7754478455, -1.70386457443, 20.4852104187], [-260.61227417, 149.985412598, -111.885780334, 161.559585571, 394.3074646, -68.3578186035, -84.1698684692, -35.9428901672, 34.8720703125, -6.58783054352, -1.09591627121, 21.0116195679, 16.9791870117], [19.9748725891, -85.6568832397, 155.475494385, 1.29787611961, -68.3578186035, 169.586273193, 86.6820907593, 14.448723793, -33.3840370178, 7.8706445694, 11.9494991302, -1.87079870701, -1.92508232594], [-231.24836731, 175.427825928, -21.6625347137, -33.2332572937, -84.1698684692, 86.6820907593, 231.84777832, 8.81152820587, -9.97029495239, -25.4054603577, 41.6606178284, -11.8042678833, 18.1867847443], [165.780975342, -56.7692832947, 30.9795818329, -32.4211845398, -35.9428901672, 14.448723793, 8.81152820587, 101.62437439, 28.7089061737, 10.5252752304, -13.9297180176, -2.90263128281, -13.4184932709], [-4.89844274521, 75.6725463867, -85.0484848022, 12.567445755, 34.8720703125, -33.3840370178, -9.97029495239, 28.7089061737, 88.2800369263, 24.528295517, 7.3269867897, -21.8662109375, 3.10372686386], [56.0478553772, -67.5887908936, 40.7381439209, -9.4309091568, -6.58783054352, 7.8706445694, -25.4054603577, 10.5252752304, 24.528295517, 85.4719238281, 14.956697464, -8.71479034424, -18.4280948639], [-251.793441772, 120.629936218, -2.30676388741, 32.7754478455, -1.09591627121, 11.9494991302, 41.6606178284, -13.9297180176, 7.3269867897, 14.956697464, 80.3935775757, 1.16092336178, 12.9949636459], [37.0593795776, -77.1072769165, 64.4378814697, -1.70386457443, 21.0116195679, -1.87079870701, -11.8042678833, -2.90263128281, -21.8662109375, -8.71479034424, 1.16092336178, 71.2914047241, 3.25500965118], [-178.911819458, 92.7970657349, -52.3737449646, 20.4852104187, 16.9791870117, -1.92508232594, 18.1867847443, -13.4184932709, 3.10372686386, -18.4280948639, 12.9949636459, 3.25500965118, 61.3492469788]],
        "icov": [[0.000608922156971, -9.99759940896e-005, 0.00057085143635, -0.000510754180141, 0.000762026698794, -0.000696854316629, 0.000659097277094, -0.000630438094959, 9.70038163359e-005, -0.000552074227016, 0.00180936662946, -0.00124936853535, 0.00153113855049], [-9.99759940896e-005, 0.00461307214573, -0.00123659521341, 0.00189056538511, -0.00282573699951, 0.00389381707646, -0.00381563953124, 0.00156967400108, -0.0026522949338, 0.00425857678056, -0.00638212449849, 0.00657238997519, -0.00416104448959], [0.00057085143635, -0.00123659521341, 0.00311815738678, -0.00201996113174, 0.00217672018334, -0.00338758225553, 0.00229750899598, -0.00169053499121, 0.00216816901229, -0.0025733395014, 0.00334627763368, -0.00479615759104, 0.00377510697581], [-0.000510754180141, 0.00189056538511, -0.00201996113174, 0.00724264374003, -0.00427030865103, 0.00127703265753, -0.00102856429294, 0.00214478094131, -0.00232907570899, 0.00414075190201, -0.00678383233026, 0.00560295488685, -0.00399475404993], [0.000762026698794, -0.00282573699951, 0.00217672018334, -0.00427030865103, 0.00686234422028, -0.00285133975558, 0.00375742139295, -0.000795014784671, 0.000383715872886, -0.00336950062774, 0.00684915157035, -0.00763734802604, 0.00442708283663], [-0.000696854316629, 0.00389381707646, -0.00338758225553, 0.00127703265753, -0.00285133975558, 0.0145712001249, -0.00803467351943, 0.000458469992736, 0.00116624985822, 0.00153540831525, -0.00610633706674, 0.00850820820779, -0.00626768311486], [0.000659097277094, -0.00381563953124, 0.00229750899598, -0.00102856429294, 0.00375742139295, -0.00803467351943, 0.011267256923, -0.0023344878573, 0.00147428363562, -0.000538345135283, 0.00262096337974, -0.00597480125725, 0.00438124965876], [-0.000630438094959, 0.00156967400108, -0.00169053499121, 0.00214478094131, -0.000795014784671, 0.000458469992736, -0.0023344878573, 0.0145281804726, -0.00790350046009, 0.00260185659863, -0.00124727201182, 0.00201271078549, -0.000929287169129], [9.70038163359e-005, -0.0026522949338, 0.00216816901229, -0.00232907570899, 0.000383715872886, 0.00116624985822, 0.00147428363562, -0.00790350046009, 0.0212741848081, -0.00853193085641, 0.0025583144743, 0.000323482585372, 0.000489929749165], [-0.000552074227016, 0.00425857678056, -0.0025733395014, 0.00414075190201, -0.00336950062774, 0.00153540831525, -0.000538345135283, 0.00260185659863, -0.00853193085641, 0.0216099992394, -0.0126678356901, 0.00863443873823, -0.00077360245632], [0.00180936662946, -0.00638212449849, 0.00334627763368, -0.00678383233026, 0.00684915157035, -0.00610633706674, 0.00262096337974, -0.00124727201182, 0.0025583144743, -0.0126678356901, 0.0311468802392, -0.0144231859595, 0.00714831706136], [-0.00124936853535, 0.00657238997519, -0.00479615759104, 0.00560295488685, -0.00763734802604, 0.00850820820779, -0.00597480125725, 0.00201271078549, 0.000323482585372, 0.00863443873823, -0.0144231859595, 0.0297081544995, -0.0109020099044], [0.00153113855049, -0.00416104448959, 0.00377510697581, -0.00399475404993, 0.00442708283663, -0.00626768311486, 0.00438124965876, -0.000929287169129, 0.000489929749165, -0.00077360245632, 0.00714831706136, -0.0109020099044, 0.0274991840124]]
    },
    "melbands": {
        "mean": [0.000797684188001, 0.00174276542384, 0.00138373405207, 0.000922690785956, 0.000218653440243, 0.000159911098308, 0.000153939530719, 0.000170985324075, 0.000217060383875, 0.000237630301854, 0.000257787876762, 0.000142201402923, 7.64932919992e-005, 7.71768609411e-005, 0.000145818456076, 0.000124463651446, 0.000114615228085, 0.000111444132926, 0.000170070736203, 8.6652173195e-005, 3.92470865336e-005, 6.96602946846e-005, 8.01532805781e-005, 3.53075665771e-005, 1.13003479782e-005, 6.27199597147e-006, 8.24331254989e-006, 3.30663851855e-006, 1.93971936824e-006, 2.02303317565e-006, 2.17309479922e-006, 1.87906550764e-006, 1.48728781824e-006, 1.34548020014e-006, 9.57578208727e-007, 8.57809084209e-007, 8.84657310962e-007, 7.72815155869e-007, 7.08786956238e-007, 5.75894318899e-007],
        "var": [9.78252160166e-007, 3.37405617756e-006, 1.42520809732e-006, 1.04160255887e-006, 6.51456062428e-008, 3.94042629637e-008, 6.47672280252e-008, 9.10881823302e-008, 1.84203884146e-007, 2.94479491458e-007, 5.46812998437e-007, 1.79880103701e-007, 9.79986403138e-009, 2.41389734867e-008, 7.64132153108e-008, 3.39478312128e-008, 3.33919345508e-008, 3.15802424211e-008, 4.7547956683e-008, 1.2343729594e-008, 1.96458960211e-009, 6.41263042667e-009, 9.59345491935e-009, 1.47941536799e-009, 1.71041639185e-010, 5.78040185162e-011, 1.62477115095e-010, 1.22658818866e-011, 3.8020363767e-012, 4.77380244709e-012, 8.71591427504e-012, 1.33264354413e-011, 1.16987626184e-011, 5.54110316658e-012, 3.55094686294e-012, 3.51259104268e-012, 6.91032951347e-012, 5.09321881545e-012, 4.20266035514e-012, 3.32545818139e-012]
    },
    "mfcc": {
        "mean": [-625.028137207, 131.741241455, -22.9033279419, 20.9759731293, 22.825428009, 12.0375328064, 0.364978700876, 6.13905668259, 2.28560161591, -1.19266235828, 2.57585048676, -1.21225965023, -7.11098814011],
        "cov": [[2897.87988281, -693.535705566, -157.6690979, -230.379608154, -89.5426559448, -185.489486694, -240.475601196, -1.36406803131, 50.3810195923, 42.4928321838, 33.9850769043, -12.1398801804, -110.346786499], [-693.535705566, 693.729614258, -220.777191162, 92.1820602417, -26.5952777863, 11.0941753387, 50.7552909851, 22.559709549, 27.9933757782, -17.3474464417, 27.819852829, 35.9590568542, 8.39181232452], [-157.6690979, -220.777191162, 831.487304688, -121.129074097, -98.343963623, 35.4550094604, 115.978233337, 32.4538650513, -49.3199806213, 45.016582489, -18.5484886169, -16.5127887726, 63.2945823669], [-230.379608154, 92.1820602417, -121.129074097, 283.22769165, 193.45350647, 44.8118629456, -20.1855869293, -7.89787578583, -15.4589633942, -3.12203073502, -20.8206691742, -8.34860801697, 13.583240509], [-89.5426559448, -26.5952777863, -98.343963623, 193.45350647, 368.423156738, 25.8973484039, -70.2519836426, -40.2830810547, -13.4097881317, 4.73973798752, -33.0411872864, -18.154668808, -0.697156250477], [-185.489486694, 11.0941753387, 35.4550094604, 44.8118629456, 25.8973484039, 139.084762573, 75.7892379761, 7.34537744522, -9.0531578064, 2.80010890961, -2.16896057129, -2.72231602669, -3.41800951958], [-240.475601196, 50.7552909851, 115.978233337, -20.1855869293, -70.2519836426, 75.7892379761, 154.212280273, 49.9612426758, -1.12809026241, -2.01014947891, 5.97212982178, 8.74057769775, 13.4474592209], [-1.36406803131, 22.559709549, 32.4538650513, -7.89787578583, -40.2830810547, 7.34537744522, 49.9612426758, 107.761131287, 24.156879425, -15.7708454132, -4.12833976746, 12.086312294, -11.0009555817], [50.3810195923, 27.9933757782, -49.3199806213, -15.4589633942, -13.4097881317, -9.0531578064, -1.12809026241, 24.156879425, 76.0183486938, 16.6410770416, 5.17859077454, -0.311453014612, -1.88437354565], [42.4928321838, -17.3474464417, 45.016582489, -3.12203073502, 4.73973798752, 2.80010890961, -2.01014947891, -15.7708454132, 16.6410770416, 80.4159164429, 36.9716453552, -3.93304896355, 11.4184055328], [33.9850769043, 27.819852829, -18.5484886169, -20.8206691742, -33.0411872864, -2.16896057129, 5.97212982178, -4.12833976746, 5.17859077454, 36.9716453552, 87.1870803833, 23.460691452, 3.99974417686], [-12.1398801804, 35.9590568542, -16.5127887726, -8.34860801697, -18.154668808, -2.72231602669, 8.74057769775, 12.086312294, -0.311453014612, -3.93304896355, 23.460691452, 58.0338935852, 14.3395309448], [-110.346786499, 8.39181232452, 63.2945823669, 13.583240509, -0.697156250477, -3.41800951958, 13.4474592209, -11.0009555817, -1.88437354565, 11.4184055328, 3.99974417686, 14.3395309448, 70.2377929688]],
        "icov": [[0.00064617296448, 0.000663313781843, 0.000206214113859, 0.000179093971383, 0.000204629352083, 0.000322832493111, 0.000661014171783, -0.000349369947799, -0.000196914887056, -0.000390484550735, -0.000131418040837, -0.000280159816612, 0.00067479594145], [0.000663313781843, 0.0025717697572, 0.000686184910592, -0.000757027242798, 0.000638980709482, 0.000854932935908, -0.000531573139597, -2.77270264633e-005, -0.000828351418022, -2.26868323807e-005, -0.000517992069945, -0.000992843648419, 0.00062191055622], [0.000206214113859, 0.000686184910592, 0.00212801108137, 0.00094817817444, 6.90309534548e-005, 9.66027364484e-005, -0.000964245176874, -0.0011597648263, 0.00188515731134, -0.00198082416318, 0.00105316587724, 0.000634940923192, -0.00166768755298], [0.000179093971383, -0.000757027242798, 0.00094817817444, 0.00718108331785, -0.00318973278627, -0.00203793076798, 0.00116346334107, -0.00224250368774, 0.00227334583178, -0.00101269129664, 0.000702994235326, 0.00132463139016, -0.00266104051843], [0.000204629352083, 0.000638980709482, 6.90309534548e-005, -0.00318973278627, 0.0051313652657, -0.000860892469063, 0.0020677712746, 0.000729842286091, -0.000258438900346, -0.000842416542582, 0.00123923667707, -0.000416340713855, 0.000671699410304], [0.000322832493111, 0.000854932935908, 9.66027364484e-005, -0.00203793076798, -0.000860892469063, 0.0124901132658, -0.00770204514265, 0.00240606302395, -0.000183240859769, -0.0007650545449, 0.000128551095258, -0.000701783050317, 0.00341822975315], [0.000661014171783, -0.000531573139597, -0.000964245176874, 0.00116346334107, 0.0020677712746, -0.00770204514265, 0.0154422409832, -0.0059081017971, 0.000899306323845, 0.000106787068944, -0.000891358533408, 0.000552233424969, -0.00254544592462], [-0.000349369947799, -2.77270264633e-005, -0.0011597648263, -0.00224250368774, 0.000729842286091, 0.00240606302395, -0.0059081017971, 0.0151356169954, -0.00619115820155, 0.00370887550525, 0.00040132846334, -0.00369086046703, 0.00452093034983], [-0.000196914887056, -0.000828351418022, 0.00188515731134, 0.00227334583178, -0.000258438900346, -0.000183240859769, 0.000899306323845, -0.00619115820155, 0.0184311941266, -0.00658755470067, 0.00215909886174, 0.00177828222513, -0.00242277956568], [-0.000390484550735, -2.26868323807e-005, -0.00198082416318, -0.00101269129664, -0.000842416542582, -0.0007650545449, 0.000106787068944, 0.00370887550525, -0.00658755470067, 0.0210717841983, -0.0102464146912, 0.00416008476168, -0.00198318553157], [-0.000131418040837, -0.000517992069945, 0.00105316587724, 0.000702994235326, 0.00123923667707, 0.000128551095258, -0.000891358533408, 0.00040132846334, 0.00215909886174, -0.0102464146912, 0.018794041127, -0.00743692321703, 0.00119420664851], [-0.000280159816612, -0.000992843648419, 0.000634940923192, 0.00132463139016, -0.000416340713855, -0.000701783050317, 0.000552233424969, -0.00369086046703, 0.00177828222513, 0.00416008476168, -0.00743692321703, 0.0236874930561, -0.00691300909966], [0.00067479594145, 0.00062191055622, -0.00166768755298, -0.00266104051843, 0.000671699410304, 0.00341822975315, -0.00254544592462, 0.00452093034983, -0.00242277956568, -0.00198318553157, 0.00119420664851, -0.00691300909966, 0.0202098041773]]
    },
    "spectral_contrast_coeffs": {
        "mean": [-0.62981402874, -0.748695075512, -0.751524925232, -0.727996587753, -0.735096752644, -0.763717055321],
        "var": [0.00423061754555, 0.00435486482456, 0.00572113925591, 0.00359332351945, 0.00219975458458, 0.00174074538518]
    },
    "spectral_contrast_valleys": {
        "mean": [-6.974132061, -6.80294466019, -7.25592279434, -7.24578809738, -7.55472946167, -10.294095993],
        "var": [0.530688762665, 0.543698430061, 0.512160420418, 0.710114359856, 0.711450815201, 1.0448205471]
    }
},
"metadata": {
    "audio_properties": {
        "analysis_sample_rate": 44100,
        "bit_rate": 128074,
        "equal_loudness": 0,
        "length": 45.0612258911,
        "lossless": 0,
        "replay_gain": -6.1952419281,
        "sample_rate": 44100,
        "codec": "mp3",
        "downmix": "mix",
        "md5_encoded": "5affcc69e3a8ef225f2061b9f2d25a89"
    },
    "tags": {
        "file_name": "1238.mp3"
    },
    "version": {
        "essentia": "2.1-beta2",
        "essentia_git_sha": "v2.1_beta2",
        "extractor": "music 1.0"
    }
},
"rhythm": {
    "beats_count": 100,
    "beats_loudness": {
        "mean": 0.0375679992139,
        "var": 0.000174632805283
    },
    "bpm": 133.036804199,
    "bpm_histogram_first_peak_bpm": {
        "mean": 133,
        "var": 0
    },
    "bpm_histogram_first_peak_spread": {
        "mean": 0.333333313465,
        "var": 0
    },
    "bpm_histogram_first_peak_weight": {
        "mean": 0.646464645863,
        "var": 0
    },
    "bpm_histogram_second_peak_bpm": {
        "mean": 140,
        "var": 0
    },
    "bpm_histogram_second_peak_spread": {
        "mean": 0.5,
        "var": 0
    },
    "bpm_histogram_second_peak_weight": {
        "mean": 0.0101010100916,
        "var": 0
    },
    "danceability": 1.12383747101,
    "onset_rate": 4.3698592186,
    "beats_loudness_band_ratio": {
        "mean": [0.35304492712, 0.203584209085, 0.159269958735, 0.12970584631, 0.173008769751, 0.0430626384914],
        "var": [0.0180792305619, 0.00986488442868, 0.0132709611207, 0.0111023811623, 0.0119355535135, 0.000270317599643]
    },
    "beats_position": [0.394739210606, 0.801088392735, 1.21904754639, 1.64861679077, 2.10140585899, 2.56580495834, 3.01859402657, 3.48299312592, 3.92417216301, 4.37696123123, 4.81814050674, 5.27092981339, 5.72371864319, 6.17650794983, 6.6176867485, 7.07047605515, 7.52326536179, 7.96444416046, 8.40562343597, 8.87002277374, 9.31120204926, 9.76399040222, 10.2167797089, 10.6579589844, 11.0991382599, 11.5403175354, 11.9814968109, 12.4342851639, 12.8870744705, 13.3398637772, 13.7926530838, 14.2454423904, 14.6982307434, 15.1394100189, 15.5805892944, 16.0333786011, 16.4861679077, 16.9505672455, 17.4033565521, 17.8561439514, 18.3089332581, 18.7617225647, 19.2029018402, 19.6440811157, 20.0852603912, 20.5264396667, 20.9792289734, 21.43201828, 21.8848075867, 22.3375968933, 22.7903842926, 23.2431735992, 23.6843528748, 24.1371421814, 24.589931488, 25.0311107635, 25.4955101013, 25.948299408, 26.4010887146, 26.865486145, 27.3298854828, 27.7942848206, 28.2470741272, 28.6998634338, 29.1526527405, 29.6054420471, 30.0582313538, 30.5110206604, 30.9638080597, 31.4165973663, 31.8577766418, 32.3105659485, 32.7633552551, 33.204536438, 33.6457138062, 34.0985031128, 34.5512924194, 35.0040817261, 35.4568710327, 35.9096603394, 36.362449646, 36.8152389526, 37.2680282593, 37.7092056274, 38.1619949341, 38.6147842407, 39.0675735474, 39.520362854, 39.9731521606, 40.4259414673, 40.8787307739, 41.3315200806, 41.7843093872, 42.2370948792, 42.6898841858, 43.1426734924, 43.6070747375, 44.0598640442, 44.5126533508, 44.953830719]
},
"tonal": {
    "chords_changes_rate": 0.0462962947786,
    "chords_number_rate": 0.00925925932825,
    "chords_strength": {
        "mean": 0.498762518167,
        "var": 0.00840395782143
    },
    "hpcp_entropy": {
        "mean": 2.20478129387,
        "var": 0.405123353004
    },
    "key_strength": 0.808673143387,
    "tuning_diatonic_strength": 0.576621294022,
    "tuning_equal_tempered_deviation": 0.0395602248609,
    "tuning_frequency": 438.731048584,
    "tuning_nontempered_energy_ratio": 0.699058175087,
    "hpcp": {
        "mean": [0.24267321825, 0.197042867541, 0.146286636591, 0.102495148778, 0.0698169320822, 0.137336522341, 0.208823800087, 0.175416231155, 0.197606861591, 0.263975262642, 0.173105865717, 0.0769893676043, 0.0675464943051, 0.061770491302, 0.114980697632, 0.226712375879, 0.197606667876, 0.104459807277, 0.0940199941397, 0.0983245894313, 0.179749891162, 0.297064960003, 0.259796798229, 0.203864037991, 0.220864862204, 0.152409389615, 0.101460546255, 0.123006239533, 0.133430168033, 0.251246571541, 0.339118778706, 0.201883524656, 0.0844643041492, 0.0728078633547, 0.0911985635757, 0.175746023655],
        "var": [0.0875044614077, 0.0517666712403, 0.0587351284921, 0.0274030808359, 0.0113798147067, 0.0292786825448, 0.0683826878667, 0.0465928278863, 0.0504269488156, 0.102082163095, 0.0473810359836, 0.0195993389934, 0.0158203430474, 0.0135975694284, 0.0274242274463, 0.0969338044524, 0.0772482007742, 0.0290204435587, 0.02835672535, 0.0227023512125, 0.040939386934, 0.0866519659758, 0.0778301730752, 0.0564925968647, 0.095677793026, 0.0502884797752, 0.0219923909754, 0.0536497831345, 0.0479254946113, 0.0822699218988, 0.128832727671, 0.0604369267821, 0.0321808680892, 0.0297758039087, 0.0357157588005, 0.0602167062461]
    },
    "chords_histogram": [23.7654323578, 23.148147583, 4.11522626877, 0, 4.01234579086, 0, 1.13168728352, 0.411522626877, 3.18930029869, 0, 0, 0, 0, 0, 0, 0, 0, 0, 0, 0, 0, 26.2345676422, 4.73251008987, 9.25925922394],
    "thpcp": [1, 0.59531801939, 0.249069973826, 0.214697226882, 0.268928080797, 0.518243253231, 0.715599477291, 0.581043839455, 0.431372851133, 0.302239686251, 0.205877512693, 0.40498059988, 0.615783631802, 0.517270743847, 0.582706928253, 0.778415322304, 0.510457932949, 0.227027729154, 0.199182406068, 0.182150021195, 0.339057296515, 0.668533802032, 0.582706332207, 0.308033108711, 0.277247965336, 0.289941459894, 0.530049920082, 0.875990867615, 0.766093790531, 0.601158201694, 0.651290595531, 0.449427753687, 0.299188822508, 0.362723171711, 0.393461465836, 0.740880727768],
    "chords_key": "D",
    "chords_scale": "minor",
    "key_key": "C",
    "key_scale": "major"
}
}