{
"lowlevel": {
    "average_loudness": 0.962956368923,
    "barkbands_crest": {
        "mean": 9.22700214386,
        "var": 15.2619609833
    },
    "barkbands_flatness_db": {
        "mean": 0.131681755185,
        "var": 0.00214169803075
    },
    "barkbands_kurtosis": {
        "mean": 1.90399384499,
        "var": 17.7961330414
    },
    "barkbands_skewness": {
        "mean": 0.938928961754,
        "var": 0.898062288761
    },
    "barkbands_spread": {
        "mean": 18.3413410187,
        "var": 58.6647720337
    },
    "dissonance": {
        "mean": 0.457454502583,
        "var": 0.000988876796328
    },
    "dynamic_complexity": 1.70744884014,
    "erbbands_crest": {
        "mean": 9.7382516861,
        "var": 18.5080623627
    },
    "erbbands_flatness_db": {
        "mean": 0.178167268634,
        "var": 0.00298988330178
    },
    "erbbands_kurtosis": {
        "mean": 1.16384780407,
        "var": 2.87777209282
    },
    "erbbands_skewness": {
        "mean": 0.310511738062,
        "var": 0.391951799393
    },
    "erbbands_spread": {
        "mean": 23.8465175629,
        "var": 125.027351379
    },
    "hfc": {
        "mean": 26.4354991913,
        "var": 275.561645508
    },
    "melbands_crest": {
        "mean": 11.8919277191,
        "var": 17.5661125183
    },
    "melbands_flatness_db": {
        "mean": 0.20005454123,
        "var": 0.00292886421084
    },
    "melbands_kurtosis": {
        "mean": 5.13692712784,
        "var": 82.0683135986
    },
    "melbands_skewness": {
        "mean": 1.54821622372,
        "var": 1.53224408627
    },
    "melbands_spread": {
        "mean": 23.0875549316,
        "var": 115.412017822
    },
    "pitch_salience": {
        "mean": 0.587900459766,
        "var": 0.0145153487101
    },
    "silence_rate_20dB": {
        "mean": 1,
        "var": 0
    },
    "silence_rate_30dB": {
        "mean": 0.998970150948,
        "var": 0.00102881679777
    },
    "silence_rate_60dB": {
        "mean": 0.00205973233096,
        "var": 0.00205551367253
    },
    "spectral_centroid": {
        "mean": 1178.13696289,
        "var": 159558.421875
    },
    "spectral_complexity": {
        "mean": 22.3331623077,
        "var": 43.9914321899
    },
    "spectral_decrease": {
        "mean": -9.13845887851e-009,
        "var": 3.11283218453e-017
    },
    "spectral_energy": {
        "mean": 0.0368884727359,
        "var": 0.000481247523567
    },
    "spectral_energyband_high": {
        "mean": 0.000437891518231,
        "var": 2.65955435452e-007
    },
    "spectral_energyband_low": {
        "mean": 0.0135887293145,
        "var": 0.000268485367997
    },
    "spectral_energyband_middle_high": {
        "mean": 0.0111857065931,
        "var": 8.70240182849e-005
    },
    "spectral_energyband_middle_low": {
        "mean": 0.0140630751848,
        "var": 0.0001024832236
    },
    "spectral_entropy": {
        "mean": 7.49591112137,
        "var": 0.108447387815
    },
    "spectral_flux": {
        "mean": 0.107509493828,
        "var": 0.0024492922239
    },
    "spectral_kurtosis": {
        "mean": 6.82166147232,
        "var": 18.5543899536
    },
    "spectral_rms": {
        "mean": 0.00573388161138,
        "var": 3.11130111186e-006
    },
    "spectral_rolloff": {
        "mean": 1294.17358398,
        "var": 477434.5625
    },
    "spectral_skewness": {
        "mean": 1.97519671917,
        "var": 0.20903301239
    },
    "spectral_spread": {
        "mean": 4009562.5,
        "var": 2.94430415258e+012
    },
    "spectral_strongpeak": {
        "mean": 1.31410324574,
        "var": 2.18173027039
    },
    "zerocrossingrate": {
        "mean": 0.0530288033187,
        "var": 0.000468506739708
    },
    "barkbands": {
        "mean": [0.000113364840217, 0.00815746374428, 0.00327931623906, 0.00374696427025, 0.00126359949354, 0.00130260805599, 0.00132244534325, 0.00226140650921, 0.00340012600645, 0.00212298939005, 0.00149542628787, 0.00139375741128, 0.00180655019358, 0.00214924733154, 0.00110105611384, 0.000550149648916, 0.000289108575089, 0.000339237798471, 0.000298516388284, 0.000113284208055, 9.18503501453e-005, 0.00010693990771, 6.12782387179e-005, 5.39681641385e-005, 3.8612899516e-005, 2.61173208855e-005, 3.06771698888e-006],
        "var": [3.93280039646e-008, 0.00014698576706, 3.17675039696e-005, 3.14686876663e-005, 1.80108179393e-006, 3.19352875522e-006, 2.32486127061e-006, 1.08041358544e-005, 3.12425909215e-005, 9.59475892159e-006, 3.88852367905e-006, 4.37164862888e-006, 1.26944023577e-005, 1.48061562868e-005, 2.08638016375e-006, 4.29840468996e-007, 2.33803177707e-007, 4.06613366977e-007, 3.70201036048e-007, 3.45790773792e-008, 1.77287482472e-008, 2.8661011342e-008, 6.73515954119e-009, 1.64701834393e-008, 2.63240962362e-009, 1.34866762203e-009, 2.78422059713e-011]
    },
    "erbbands": {
        "mean": [0.158629089594, 2.07622361183, 3.85544157028, 9.29907894135, 7.34986543655, 4.42107868195, 6.28045225143, 11.3815336227, 13.5931472778, 30.0788822174, 65.1673965454, 81.1968154907, 70.5259017944, 62.0600013733, 54.4559745789, 65.2478103638, 81.4168243408, 100.493087769, 83.7881393433, 47.6054992676, 27.815782547, 15.5878353119, 14.792304039, 22.294178009, 9.8566608429, 5.64636993408, 3.75515985489, 3.96917200089, 4.00778388977, 2.39398622513, 1.77509379387, 1.33800506592, 0.761159896851, 0.454267591238, 0.276146829128, 0.115739278495, 0.0451264977455, 0.0109273847193, 0.000330648763338, 5.08115117555e-005],
        "var": [0.0643891319633, 9.25981998444, 29.4272499084, 148.438156128, 101.6823349, 26.527256012, 61.6795158386, 278.373809814, 209.847808838, 1394.53552246, 7763.67773438, 19169.3066406, 12452.4990234, 5203.16894531, 3808.92944336, 9208.59082031, 23002.8945313, 30973.4511719, 15576.7353516, 3794.81811523, 1304.71252441, 522.388916016, 505.047790527, 2069.26708984, 232.278488159, 95.0373382568, 33.7361030579, 39.4490318298, 45.806438446, 9.51572132111, 6.58806037903, 15.1110687256, 1.82028543949, 0.429436266422, 0.13217663765, 0.0244093406945, 0.00429926207289, 0.000281181593891, 2.75636892866e-007, 7.83873688182e-010]
    },
    "gfcc": {
        "mean": [22.1002426147, 104.940689087, -128.524856567, 10.2888803482, -50.5597267151, 24.9324607849, -28.5352878571, 10.1139917374, -17.001657486, 5.37737989426, -19.9490623474, -4.3556060791, -16.2297306061],
        "cov": [[3057.63208008, -692.783081055, 356.16506958, 347.781890869, 2.28437900543, 282.076477051, -141.433334351, 203.021591187, -222.123153687, 63.8702278137, -77.2189331055, 96.5097961426, -174.173370361], [-692.783081055, 1032.32836914, -275.165893555, 17.4275588989, 122.541343689, -134.696731567, 158.779449463, -172.799713135, 176.499664307, -104.685722351, 70.0801391602, -88.7177581787, 122.941719055], [356.16506958, -275.165893555, 1330.85583496, 230.28868103, 59.1268348694, 281.457183838, -123.214332581, 208.495330811, -158.332000732, 124.314498901, -59.9717979431, 70.8285598755, -63.5753440857], [347.781890869, 17.4275588989, 230.28868103, 346.549316406, 60.8155021667, 89.0961151123, 9.52897071838, 54.1997680664, -26.4498252869, -6.6695599556, 27.3826713562, 1.55983817577, 10.0373458862], [2.28437900543, 122.541343689, 59.1268348694, 60.8155021667, 192.871109009, 46.6374130249, 12.9098930359, 24.3965110779, 13.8461523056, -6.24640417099, 9.77506160736, 11.2555990219, -3.81043982506], [282.076477051, -134.696731567, 281.457183838, 89.0961151123, 46.6374130249, 234.659835815, 3.42437291145, 49.4829940796, -36.6526222229, 41.2073516846, -12.3205623627, 5.71541643143, -16.9566326141], [-141.433334351, 158.779449463, -123.214332581, 9.52897071838, 12.9098930359, 3.42437291145, 136.517211914, -16.7801589966, 43.119884491, -17.1536102295, 20.5669994354, -28.7565345764, 22.8444328308], [203.021591187, -172.799713135, 208.495330811, 54.1997680664, 24.3965110779, 49.4829940796, -16.7801589966, 167.289413452, -15.3478403091, 24.9693508148, -2.51700472832, 29.0771121979, -42.0442390442], [-222.123153687, 176.499664307, -158.332000732, -26.4498252869, 13.8461523056, -36.6526222229, 43.119884491, -15.3478403091, 131.895172119, 6.20637655258, 12.1590166092, -24.3093299866, 29.0776672363], [63.8702278137, -104.685722351, 124.314498901, -6.6695599556, -6.24640417099, 41.2073516846, -17.1536102295, 24.9693508148, 6.20637655258, 93.8085174561, 4.28086423874, 9.75059700012, -1.68997502327], [-77.2189331055, 70.0801391602, -59.9717979431, 27.3826713562, 9.77506160736, -12.3205623627, 20.5669994354, -2.51700472832, 12.1590166092, 4.28086423874, 77.9106826782, 14.5445232391, 6.94889259338], [96.5097961426, -88.7177581787, 70.8285598755, 1.55983817577, 11.2555990219, 5.71541643143, -28.7565345764, 29.0771121979, -24.3093299866, 9.75059700012, 14.5445232391, 76.9433517456, -2.59764075279], [-174.173370361, 122.941719055, -63.5753440857, 10.0373458862, -3.81043982506, -16.9566326141, 22.8444328308, -42.0442390442, 29.0776672363, -1.68997502327, 6.94889259338, -2.59764075279, 90.5822143555]],
        "icov": [[0.00066008081194, -0.000341530598234, 0.000608810398262, -0.000925489177462, 0.000458775495645, -0.000791641243268, 0.000470580591355, -0.000616900331806, 0.00106310588308, -0.00107144750655, 0.00142075656913, -0.00111820991151, 0.00122637988534], [-0.000341530598234, 0.00390524277464, -0.00183429499157, 0.000912727322429, -0.00264053815044, 0.00233758287504, -0.00221185060218, 0.00341337779537, -0.00431859726086, 0.00463528512046, -0.00414297357202, 0.00342775834724, -0.00298801925965], [0.000608810398262, -0.00183429499157, 0.00284832017496, -0.00174576963764, 0.00127421319485, -0.0024855080992, 0.00187806761824, -0.0029014851898, 0.00368658336811, -0.00417873077095, 0.00388740142807, -0.00264210649766, 0.00198532943614], [-0.000925489177462, 0.000912727322429, -0.00174576963764, 0.00550568895414, -0.00164472102188, 0.000448026316008, -0.000848393654451, 0.000255349674262, -0.0015179477632, 0.00373343657702, -0.00478793587536, 0.00333705241792, -0.00348660256714], [0.000458775495645, -0.00264053815044, 0.00127421319485, -0.00164472102188, 0.0078918049112, -0.00294162193313, 0.0013160656672, -0.00257621053606, 0.00160788826179, -0.00209910958074, 0.002834337065, -0.00389364757575, 0.00291179353371], [-0.000791641243268, 0.00233758287504, -0.0024855080992, 0.000448026316008, -0.00294162193313, 0.00860910862684, -0.00325833423994, 0.00239890418015, -0.00208180933259, 0.00113775802311, -0.00244202744216, 0.00322258425876, -0.0020966406446], [0.000470580591355, -0.00221185060218, 0.00187806761824, -0.000848393654451, 0.0013160656672, -0.00325833423994, 0.0114705562592, -0.00285096769221, 0.00087233283557, -0.0011213789694, 0.000120789962239, 0.000965527375229, 0.000265761424089], [-0.000616900331806, 0.00341337779537, -0.0029014851898, 0.000255349674262, -0.00257621053606, 0.00239890418015, -0.00285096769221, 0.0122564584017, -0.00575715210289, 0.00361514044926, -0.00360832642764, 0.000317671772791, 0.0010663914727], [0.00106310588308, -0.00431859726086, 0.00368658336811, -0.0015179477632, 0.00160788826179, -0.00208180933259, 0.00087233283557, -0.00575715210289, 0.0168564859778, -0.00897682458162, 0.00543040502816, -0.00177066540346, 0.00140097073745], [-0.00107144750655, 0.00463528512046, -0.00417873077095, 0.00373343657702, -0.00209910958074, 0.00113775802311, -0.0011213789694, 0.00361514044926, -0.00897682458162, 0.0209547299892, -0.00908535346389, 0.00493683060631, -0.00550133502111], [0.00142075656913, -0.00414297357202, 0.00388740142807, -0.00478793587536, 0.002834337065, -0.00244202744216, 0.000120789962239, -0.00360832642764, 0.00543040502816, -0.00908535346389, 0.0227939784527, -0.0101169040427, 0.00561915617436], [-0.00111820991151, 0.00342775834724, -0.00264210649766, 0.00333705241792, -0.00389364757575, 0.00322258425876, 0.000965527375229, 0.000317671772791, -0.00177066540346, 0.00493683060631, -0.0101169040427, 0.0217907316983, -0.006621632725], [0.00122637988534, -0.00298801925965, 0.00198532943614, -0.00348660256714, 0.00291179353371, -0.0020966406446, 0.000265761424089, 0.0010663914727, 0.00140097073745, -0.00550133502111, 0.00561915617436, -0.006621632725, 0.0182176511735]]
    },
    "melbands": {
        "mean": [0.00195477204397, 0.0024061021395, 0.00160627090372, 0.0003685002157, 0.000217674314626, 0.000259080028627, 0.000225020907237, 0.000343698717188, 0.000568380928598, 0.000490148959216, 0.000343337189406, 0.000250965618761, 0.000202536539291, 0.000153165441588, 0.000172462663613, 0.000180933377123, 0.000192406616407, 0.000153608809342, 7.39666502341e-005, 4.72473948321e-005, 3.01825239148e-005, 1.67243815667e-005, 1.1351366993e-005, 1.68380029208e-005, 1.87747355085e-005, 9.52556547418e-006, 4.26010637966e-006, 3.5427021885e-006, 2.37108451984e-006, 2.1130422283e-006, 2.35712423091e-006, 2.4223793389e-006, 1.79267942713e-006, 1.13852240702e-006, 1.01191892554e-006, 9.30785176934e-007, 7.65757135923e-007, 5.30192437509e-007, 4.64955263624e-007, 3.54244122036e-007],
        "var": [8.80700281414e-006, 9.49930745264e-006, 4.28910061601e-006, 1.77921876343e-007, 6.19066469199e-008, 1.34858339607e-007, 5.43411751153e-008, 1.7473104208e-007, 5.87654824358e-007, 7.39357687962e-007, 3.17304056807e-007, 9.47620506508e-008, 6.7432523565e-008, 5.14784126437e-008, 7.92107712755e-008, 1.51002055304e-007, 1.29921090775e-007, 6.83684149294e-008, 8.81670381148e-009, 3.91981025416e-009, 2.26851604168e-009, 8.01031907471e-010, 3.02039032674e-010, 1.03029573761e-009, 1.69672842443e-009, 3.75194653124e-010, 3.35782790462e-011, 5.6258775416e-011, 1.67684095775e-011, 9.34270109193e-012, 1.7320063786e-011, 2.00669342254e-011, 7.36611119323e-012, 2.16272008982e-012, 1.82178924724e-012, 4.5175065945e-012, 6.28017559831e-012, 1.01436025378e-012, 5.16397417449e-013, 2.62527250373e-013]
    },
    "mfcc": {
        "mean": [-620.09576416, 142.829803467, -15.3095417023, 0.152729183435, -0.195034861565, 12.7827301025, 0.851510167122, 6.25000143051, 4.52046346664, 9.62365627289, 6.36573982239, -3.22884583473, -2.21471691132],
        "cov": [[2318.74658203, -618.241149902, 24.7500038147, 122.929244995, 103.0026474, 70.5930862427, 92.9489364624, 114.495010376, -67.718963623, -27.0134906769, 47.4552536011, 2.95024585724, -53.7805366516], [-618.241149902, 803.45135498, -173.173309326, 33.5867233276, -28.1327590942, 40.4932670593, -54.8339004517, -9.63178634644, 49.0633850098, -9.4530582428, 11.2243719101, -22.7947711945, 23.5286998749], [24.7500038147, -173.173309326, 1025.4362793, 116.49054718, 255.494400024, 70.0484619141, 167.649612427, 17.1405582428, 40.1839027405, 39.516330719, -76.6120910645, 88.2749557495, 45.5354957581], [122.929244995, 33.5867233276, 116.49054718, 255.83934021, 78.4579772949, 9.50025081635, 42.6105728149, 46.7740364075, 10.0419969559, -7.72595834732, 4.56017875671, 15.2177124023, -3.90364074707], [103.0026474, -28.1327590942, 255.494400024, 78.4579772949, 258.403594971, 41.0537834167, 61.5846748352, 51.5648231506, 10.2282438278, 5.83429098129, 2.03501653671, 41.1886367798, -10.388004303], [70.5930862427, 40.4932670593, 70.0484619141, 9.50025081635, 41.0537834167, 171.855682373, 51.9377441406, -1.49296271801, 27.7603797913, 10.5243053436, -3.09423661232, 0.341319262981, 8.90286159515], [92.9489364624, -54.8339004517, 167.649612427, 42.6105728149, 61.5846748352, 51.9377441406, 142.899124146, 36.2901535034, -3.48737382889, 16.5648994446, -8.36299419403, 11.4000787735, 5.21540880203], [114.495010376, -9.63178634644, 17.1405582428, 46.7740364075, 51.5648231506, -1.49296271801, 36.2901535034, 127.071968079, 0.534373104572, 1.45228147507, 37.4080619812, 6.96458339691, -20.5554447174], [-67.718963623, 49.0633850098, 40.1839027405, 10.0419969559, 10.2282438278, 27.7603797913, -3.48737382889, 0.534373104572, 99.2955627441, 29.9564666748, -13.4006681442, 11.9980754852, 15.9020500183], [-27.0134906769, -9.4530582428, 39.516330719, -7.72595834732, 5.83429098129, 10.5243053436, 16.5648994446, 1.45228147507, 29.9564666748, 88.2718963623, 19.1137275696, 3.143699646, 2.68219423294], [47.4552536011, 11.2243719101, -76.6120910645, 4.56017875671, 2.03501653671, -3.09423661232, -8.36299419403, 37.4080619812, -13.4006681442, 19.1137275696, 97.8011779785, 15.0235719681, -18.3313674927], [2.95024585724, -22.7947711945, 88.2749557495, 15.2177124023, 41.1886367798, 0.341319262981, 11.4000787735, 6.96458339691, 11.9980754852, 3.143699646, 15.0235719681, 79.1186599731, 27.6283874512], [-53.7805366516, 23.5286998749, 45.5354957581, -3.90364074707, -10.388004303, 8.90286159515, 5.21540880203, -20.5554447174, 15.9020500183, 2.68219423294, -18.3313674927, 27.6283874512, 76.9785308838]],
        "icov": [[0.000641508144327, 0.000549991847947, 0.000148413761053, -0.000332317082211, -0.000130552478367, -0.000448007660452, -1.11574972834e-005, -0.000349261856172, 0.000184866206837, 0.000196618580958, -0.000157668706379, 0.000133932291646, -1.35322297865e-005], [0.000549991847947, 0.00192413467448, 0.000362242339179, -0.000619456346612, -0.000260404980509, -0.000776541302912, 0.000457697024103, -0.000227258511586, -0.000584147695918, 0.000490634527523, -0.000511497433763, 0.000782357470598, -0.000785611628089], [0.000148413761053, 0.000362242339179, 0.00185409362894, -0.000382837461075, -0.00129982852377, -9.9076605693e-005, -0.00122199440375, 0.00026126683224, -7.81462149462e-005, -0.000684947823174, 0.00141802139115, -0.00117975834291, -0.000333480187692], [-0.000332317082211, -0.000619456346612, -0.000382837461075, 0.00489056995139, -0.000748152961023, 0.00064939953154, -0.000864695990458, -0.000846548646223, -0.000706608931068, 0.000868126982823, -0.000242079826421, -2.99679486488e-005, 0.000156928435899], [-0.000130552478367, -0.000260404980509, -0.00129982852377, -0.000748152961023, 0.00639107776806, -0.000968534150161, -0.000104973427369, -0.00164892978501, 0.000251877587289, 3.99915188609e-005, 0.000396319082938, -0.00252466951497, 0.00220769178122], [-0.000448007660452, -0.000776541302912, -9.9076605693e-005, 0.00064939953154, -0.000968534150161, 0.00780874909833, -0.00326588866301, 0.0017490433529, -0.00262676551938, 0.000744989025407, -0.00132262322586, 0.00140659336466, -0.000632738054264], [-1.11574972834e-005, 0.000457697024103, -0.00122199440375, -0.000864695990458, -0.000104973427369, -0.00326588866301, 0.0114980144426, -0.0034490278922, 0.00287371315062, -0.00256640580483, 0.0019862158224, -4.71963830933e-005, -0.000819430977572], [-0.000349261856172, -0.000227258511586, 0.00026126683224, -0.000846548646223, -0.00164892978501, 0.0017490433529, -0.0034490278922, 0.0116990609095, -0.00213281041943, 0.00169742852449, -0.00468474486843, 0.000736918882467, 0.00156218290795], [0.000184866206837, -0.000584147695918, -7.81462149462e-005, -0.000706608931068, 0.000251877587289, -0.00262676551938, 0.00287371315062, -0.00213281041943, 0.014224822633, -0.00587223749608, 0.00428323633969, -0.00274277594872, -0.000837857020088], [0.000196618580958, 0.000490634527523, -0.000684947823174, 0.000868126982823, 3.99915188609e-005, 0.000744989025407, -0.00256640580483, 0.00169742852449, -0.00587223749608, 0.0153865022585, -0.00590426567942, 0.00256007374264, -0.000664928811602], [-0.000157668706379, -0.000511497433763, 0.00141802139115, -0.000242079826421, 0.000396319082938, -0.00132262322586, 0.0019862158224, -0.00468474486843, 0.00428323633969, -0.00590426567942, 0.0168630816042, -0.0066777667962, 0.00374935241416], [0.000133932291646, 0.000782357470598, -0.00117975834291, -2.99679486488e-005, -0.00252466951497, 0.00140659336466, -4.71963830933e-005, 0.000736918882467, -0.00274277594872, 0.00256007374264, -0.0066777667962, 0.0197976138443, -0.00797099806368], [-1.35322297865e-005, -0.000785611628089, -0.000333480187692, 0.000156928435899, 0.00220769178122, -0.000632738054264, -0.000819430977572, 0.00156218290795, -0.000837857020088, -0.000664928811602, 0.00374935241416, -0.00797099806368, 0.0182202737778]]
    },
    "spectral_contrast_coeffs": {
        "mean": [-0.659542560577, -0.726366519928, -0.749235987663, -0.761974394321, -0.77899903059, -0.761950731277],
        "var": [0.00443122209981, 0.00499230716377, 0.00429799035192, 0.00324352202006, 0.00304452702403, 0.00245539704338]
    },
    "spectral_contrast_valleys": {
        "mean": [-7.12432765961, -6.37056112289, -6.56385469437, -6.96484947205, -7.66750001907, -10.2265958786],
        "var": [0.809218406677, 0.481399983168, 0.533742368221, 0.563605368137, 0.561602771282, 1.05168890953]
    }
},
"metadata": {
    "audio_properties": {
        "analysis_sample_rate": 44100,
        "bit_rate": 128074,
        "equal_loudness": 0,
        "length": 45.0612258911,
        "lossless": 0,
        "replay_gain": -5.7359085083,
        "sample_rate": 44100,
        "codec": "mp3",
        "downmix": "mix",
        "md5_encoded": "4aacd8d8ffc3b4f6dd7b7d265592873a"
    },
    "tags": {
        "file_name": "1239.mp3"
    },
    "version": {
        "essentia": "2.1-beta2",
        "essentia_git_sha": "v2.1_beta2",
        "extractor": "music 1.0"
    }
},
"rhythm": {
    "beats_count": 80,
    "beats_loudness": {
        "mean": 0.0411530919373,
        "var": 0.000205077973078
    },
    "bpm": 107.979721069,
    "bpm_histogram_first_peak_bpm": {
        "mean": 108,
        "var": 0
    },
    "bpm_histogram_first_peak_spread": {
        "mean": 0.378378361464,
        "var": 0
    },
    "bpm_histogram_first_peak_weight": {
        "mean": 0.582278490067,
        "var": 0
    },
    "bpm_histogram_second_peak_bpm": {
        "mean": 103,
        "var": 0
    },
    "bpm_histogram_second_peak_spread": {
        "mean": 0.199999988079,
        "var": 0
    },
    "bpm_histogram_second_peak_weight": {
        "mean": 0.0506329126656,
        "var": 0
    },
    "danceability": 1.46595621109,
    "onset_rate": 3.90403676033,
    "beats_loudness_band_ratio": {
        "mean": [0.372898519039, 0.0998904854059, 0.225210219622, 0.212505176663, 0.101772248745, 0.0260894037783],
        "var": [0.0411190241575, 0.00661358749494, 0.0146446917206, 0.0143729941919, 0.00789200607687, 0.00018032072694]
    },
    "beats_position": [0.568888902664, 1.16099774837, 1.74149656296, 2.29877543449, 2.86766433716, 3.43655323982, 4.01705217361, 4.59755086899, 5.17804956436, 5.73532867432, 6.29260778427, 6.86149644852, 7.4303855896, 7.98766422272, 8.53333282471, 9.0906124115, 9.63628101349, 10.1935596466, 10.7508392334, 11.3081178665, 11.8653964996, 12.4110651016, 12.9567346573, 13.5140132904, 14.0712919235, 14.6285715103, 15.1742401123, 15.7199087143, 16.2771873474, 16.8344669342, 17.391746521, 17.9490242004, 18.4946937561, 19.0403633118, 19.5976409912, 20.154920578, 20.7238082886, 21.2694778442, 21.826757431, 22.3840351105, 22.9413146973, 23.4869842529, 24.0326519012, 24.589931488, 25.1472110748, 25.7044887543, 26.2501583099, 26.7958278656, 27.353105545, 27.8987751007, 28.4560546875, 29.0133323669, 29.5590019226, 30.1162815094, 30.6735591888, 31.2308387756, 31.776506424, 32.322177887, 32.8794555664, 33.4367332458, 33.99401474, 34.5512924194, 35.1085700989, 35.6658477783, 36.2231292725, 36.7804069519, 37.3260765076, 37.8717460632, 38.4290237427, 38.9863014221, 39.5319709778, 40.0776405334, 40.6349182129, 41.192199707, 41.7494773865, 42.2951469421, 42.8408164978, 43.3980941772, 43.9553718567, 44.5126533508]
},
"tonal": {
    "chords_changes_rate": 0.0977366268635,
    "chords_number_rate": 0.0123456791043,
    "chords_strength": {
        "mean": 0.51529610157,
        "var": 0.00938008632511
    },
    "hpcp_entropy": {
        "mean": 2.07490825653,
        "var": 0.624232292175
    },
    "key_strength": 0.470896154642,
    "tuning_diatonic_strength": 0.432396531105,
    "tuning_equal_tempered_deviation": 0.0984674096107,
    "tuning_frequency": 438.984558105,
    "tuning_nontempered_energy_ratio": 0.767810106277,
    "hpcp": {
        "mean": [0.131339609623, 0.117377527058, 0.0917668566108, 0.101770706475, 0.125324591994, 0.214158415794, 0.306349128485, 0.222870275378, 0.108816713095, 0.0881193876266, 0.0815906524658, 0.109915658832, 0.143306255341, 0.159290611744, 0.242927879095, 0.338065475225, 0.270030587912, 0.166891381145, 0.152629747987, 0.158450007439, 0.247251927853, 0.318750023842, 0.228776484728, 0.144631013274, 0.120517499745, 0.0966540127993, 0.111914172769, 0.129103824496, 0.114086300135, 0.130556300282, 0.154182434082, 0.145675092936, 0.143947854638, 0.130727022886, 0.103489123285, 0.105240546167],
        "var": [0.0479661785066, 0.0349382683635, 0.0205095205456, 0.0257278010249, 0.0353711880744, 0.0641860067844, 0.114322520792, 0.06270942837, 0.0250944346189, 0.0260015539825, 0.0233623478562, 0.039525333792, 0.0557678639889, 0.0578467324376, 0.0840076953173, 0.129963546991, 0.094658523798, 0.0601836405694, 0.0608245357871, 0.0578644759953, 0.0867349803448, 0.131477817893, 0.0686547383666, 0.0421297438443, 0.0343671254814, 0.0268913172185, 0.0318656675518, 0.0392044968903, 0.0291985087097, 0.0485758632421, 0.0505520738661, 0.0388546288013, 0.0385047234595, 0.0354883000255, 0.0272100772709, 0.0237182509154]
    },
    "chords_histogram": [38.7860069275, 8.84773635864, 0.308641970158, 0, 1.02880656719, 4.52674913406, 14.9176950455, 0, 0, 1.02880656719, 0, 1.95473253727, 0, 0, 1.23456788063, 1.33744859695, 0, 0.308641970158, 1.23456788063, 2.98353910446, 0, 0, 0, 21.5020580292],
    "thpcp": [1, 0.798752307892, 0.493665844202, 0.4514798522, 0.468696206808, 0.731372892857, 0.942864775658, 0.676722407341, 0.427819520235, 0.356491595507, 0.285903245211, 0.33104288578, 0.381889998913, 0.337468057871, 0.386186420918, 0.456072688103, 0.430907934904, 0.425798743963, 0.38669142127, 0.306121528149, 0.311302244663, 0.388503462076, 0.347203522921, 0.271447002888, 0.301038444042, 0.370710998774, 0.633482038975, 0.906182825565, 0.65925180912, 0.321880578995, 0.260657757521, 0.241345703602, 0.325131267309, 0.423900902271, 0.471182733774, 0.718582332134],
    "chords_key": "G",
    "chords_scale": "major",
    "key_key": "G",
    "key_scale": "major"
}
}