{
"lowlevel": {
    "average_loudness": 0.913970410824,
    "barkbands_crest": {
        "mean": 9.68179893494,
        "var": 16.3930263519
    },
    "barkbands_flatness_db": {
        "mean": 0.230464085937,
        "var": 0.00248631811701
    },
    "barkbands_kurtosis": {
        "mean": 2.29473567009,
        "var": 70.8018569946
    },
    "barkbands_skewness": {
        "mean": 0.743867337704,
        "var": 1.02928853035
    },
    "barkbands_spread": {
        "mean": 10.2502374649,
        "var": 21.9373073578
    },
    "dissonance": {
        "mean": 0.434645980597,
        "var": 0.00150223029777
    },
    "dynamic_complexity": 3.40769720078,
    "erbbands_crest": {
        "mean": 11.4278812408,
        "var": 22.9044189453
    },
    "erbbands_flatness_db": {
        "mean": 0.272911369801,
        "var": 0.00144200806972
    },
    "erbbands_kurtosis": {
        "mean": 0.979485332966,
        "var": 3.92162179947
    },
    "erbbands_skewness": {
        "mean": 0.23775729537,
        "var": 0.436513245106
    },
    "erbbands_spread": {
        "mean": 14.9422483444,
        "var": 44.42578125
    },
    "hfc": {
        "mean": 13.6823778152,
        "var": 179.0809021
    },
    "melbands_crest": {
        "mean": 13.6098747253,
        "var": 35.2904319763
    },
    "melbands_flatness_db": {
        "mean": 0.290153563023,
        "var": 0.00467916019261
    },
    "melbands_kurtosis": {
        "mean": 4.5106215477,
        "var": 248.280487061
    },
    "melbands_skewness": {
        "mean": 1.15015852451,
        "var": 1.71733999252
    },
    "melbands_spread": {
        "mean": 15.6628255844,
        "var": 72.3346939087
    },
    "pitch_salience": {
        "mean": 0.560863554478,
        "var": 0.0132538471371
    },
    "silence_rate_20dB": {
        "mean": 1,
        "var": 0
    },
    "silence_rate_30dB": {
        "mean": 0.996910393238,
        "var": 0.00308004580438
    },
    "silence_rate_60dB": {
        "mean": 0.0272914525121,
        "var": 0.0265459641814
    },
    "spectral_centroid": {
        "mean": 770.991577148,
        "var": 216400.625
    },
    "spectral_complexity": {
        "mean": 15.3583936691,
        "var": 19.3536777496
    },
    "spectral_decrease": {
        "mean": -5.6142837046e-009,
        "var": 2.27409536251e-017
    },
    "spectral_energy": {
        "mean": 0.0224306322634,
        "var": 0.00036349624861
    },
    "spectral_energyband_high": {
        "mean": 9.77818126557e-006,
        "var": 1.19534479537e-010
    },
    "spectral_energyband_low": {
        "mean": 0.00430132355541,
        "var": 7.83828945714e-005
    },
    "spectral_energyband_middle_high": {
        "mean": 0.00557213276625,
        "var": 3.56089512934e-005
    },
    "spectral_energyband_middle_low": {
        "mean": 0.0133268320933,
        "var": 0.000213709485251
    },
    "spectral_entropy": {
        "mean": 6.73335266113,
        "var": 0.147103846073
    },
    "spectral_flux": {
        "mean": 0.058688942343,
        "var": 0.00142320175655
    },
    "spectral_kurtosis": {
        "mean": 22.1579647064,
        "var": 163.831924438
    },
    "spectral_rms": {
        "mean": 0.00431175157428,
        "var": 3.29230397256e-006
    },
    "spectral_rolloff": {
        "mean": 1029.03234863,
        "var": 736190.375
    },
    "spectral_skewness": {
        "mean": 3.25239443779,
        "var": 0.957773983479
    },
    "spectral_spread": {
        "mean": 1927540.5,
        "var": 2.62428347597e+012
    },
    "spectral_strongpeak": {
        "mean": 1.36500573158,
        "var": 1.81768977642
    },
    "zerocrossingrate": {
        "mean": 0.0350936427712,
        "var": 0.000559291103855
    },
    "barkbands": {
        "mean": [1.44368448218e-006, 0.00102084816899, 0.00304721994326, 0.00060735445004, 0.00134084897581, 0.000983488280326, 0.00317121506669, 0.00175441720057, 0.00448942696676, 0.00211978657171, 0.000928087974899, 0.000992732821032, 0.00102481152862, 0.0004671306815, 0.000153779139509, 0.000169733626535, 8.34655002109e-005, 3.53959185304e-005, 2.76268619928e-005, 3.82745247407e-006, 1.61786397257e-006, 1.59099204211e-006, 2.70881264441e-006, 1.70582245573e-006, 3.15907271897e-007, 7.12336998276e-008, 3.0425284514e-009],
        "var": [2.06731159968e-011, 7.68589870859e-006, 3.8711597881e-005, 7.21458434327e-007, 2.17312458517e-006, 3.42481507687e-006, 3.57117096428e-005, 1.60979943757e-005, 0.000122582743643, 1.20145959954e-005, 3.72692579731e-006, 4.40122994405e-006, 2.89427634925e-006, 5.18559545526e-007, 7.09431375867e-008, 4.16566372508e-008, 9.32271149168e-009, 1.61922197872e-009, 1.36933842043e-009, 1.84399544245e-011, 3.24851994263e-012, 2.7065658742e-012, 2.24167386043e-011, 1.31004304627e-011, 1.23555760892e-013, 4.24927122298e-015, 2.25691068528e-017]
    },
    "erbbands": {
        "mean": [0.00485119316727, 0.371432930231, 3.43694376945, 2.13791704178, 3.65294599533, 4.83470916748, 5.09306240082, 9.16601276398, 31.5059261322, 54.7298736572, 50.3650779724, 114.199913025, 73.6525802612, 46.7279167175, 43.4512939453, 40.1428985596, 50.0994949341, 25.7893981934, 14.9072809219, 10.3485326767, 7.40933895111, 3.95992612839, 2.22857737541, 1.99002182484, 0.716981112957, 0.193048968911, 0.0947671085596, 0.0543583482504, 0.0517502389848, 0.0723712295294, 0.0795415937901, 0.0480982661247, 0.0214527938515, 0.00562408519909, 0.00144293042831, 0.00041867478285, 0.000116029717901, 1.95070460904e-005, 1.16174987852e-005, 2.56930306932e-005],
        "var": [0.000137872862979, 0.904286205769, 54.7724952698, 5.7670674324, 21.32929039, 32.0138168335, 117.73324585, 307.019805908, 3266.66357422, 10888.8652344, 13265.6503906, 93504.4765625, 14314.4414063, 6245.96337891, 6667.12304688, 6785.56542969, 6109.84277344, 1694.33459473, 391.11895752, 180.501571655, 85.813621521, 22.1560726166, 5.36614942551, 7.4827542305, 0.794019937515, 0.0414694808424, 0.0108155822381, 0.00350125576369, 0.00265071191825, 0.00942882243544, 0.0214297492057, 0.0108244549483, 0.00195413222536, 5.69994590478e-005, 1.8648203195e-006, 1.51990363406e-007, 1.3226050477e-008, 4.98877161803e-010, 9.50549777778e-011, 4.76085615375e-010]
    },
    "gfcc": {
        "mean": [-88.1149215698, 174.606048584, -145.38293457, -14.356710434, -51.5370635986, 11.5249042511, -34.3796730042, -1.5962843895, -10.4709634781, -21.0266399384, -6.82208395004, -17.1419906616, -15.5926427841],
        "cov": [[4091.953125, 349.772613525, -1070.07849121, -318.746643066, -337.769683838, -219.353973389, -69.1326828003, -43.0855102539, 45.8312606812, -63.4470214844, 10.2639684677, -111.067192078, 7.46242427826], [349.772613525, 428.709289551, 263.264862061, -55.4364204407, 146.224197388, -12.5335035324, 44.0525054932, -27.9289913177, 9.48466491699, 27.7187614441, -0.401854366064, 34.2843017578, 9.15329933167], [-1070.07849121, 263.264862061, 889.335693359, 81.0510253906, 232.247787476, 145.476730347, 108.314949036, 16.5213413239, -7.33363771439, 78.1056060791, -9.83847808838, 82.5363540649, 5.88888025284], [-318.746643066, -55.4364204407, 81.0510253906, 355.22668457, 47.1047897339, 102.816017151, -54.1043701172, 20.3316822052, 11.7479600906, -81.6263580322, 54.9527587891, -39.1976928711, 22.5220527649], [-337.769683838, 146.224197388, 232.247787476, 47.1047897339, 272.520355225, 29.7202568054, 40.202205658, 11.547337532, -18.1922035217, 43.2247467041, -41.8494567871, 43.1248474121, -17.0525074005], [-219.353973389, -12.5335035324, 145.476730347, 102.816017151, 29.7202568054, 196.530609131, 46.0637664795, 13.7121038437, 4.00131654739, -21.5067539215, 13.3212995529, -21.3766803741, 4.42407655716], [-69.1326828003, 44.0525054932, 108.314949036, -54.1043701172, 40.202205658, 46.0637664795, 152.871459961, 23.9559001923, -5.16585111618, 16.383310318, -13.441031456, 11.686003685, -15.7732381821], [-43.0855102539, -27.9289913177, 16.5213413239, 20.3316822052, 11.547337532, 13.7121038437, 23.9559001923, 74.3775482178, 2.52755355835, -3.69952130318, -7.17575073242, -8.31566429138, -3.61556744576], [45.8312606812, 9.48466491699, -7.33363771439, 11.7479600906, -18.1922035217, 4.00131654739, -5.16585111618, 2.52755355835, 84.9532089233, 16.0529537201, 8.51853370667, -25.3101768494, 13.9701194763], [-63.4470214844, 27.7187614441, 78.1056060791, -81.6263580322, 43.2247467041, -21.5067539215, 16.383310318, -3.69952130318, 16.0529537201, 104.265167236, -13.0622987747, 12.0377092361, -25.2725772858], [10.2639684677, -0.401854366064, -9.83847808838, 54.9527587891, -41.8494567871, 13.3212995529, -13.441031456, -7.17575073242, 8.51853370667, -13.0622987747, 86.1486434937, -10.7954654694, 5.10184383392], [-111.067192078, 34.2843017578, 82.5363540649, -39.1976928711, 43.1248474121, -21.3766803741, 11.686003685, -8.31566429138, -25.3101768494, 12.0377092361, -10.7954654694, 89.5747528076, 5.64895486832], [7.46242427826, 9.15329933167, 5.88888025284, 22.5220527649, -17.0525074005, 4.42407655716, -15.7732381821, -3.61556744576, 13.9701194763, -25.2725772858, 5.10184383392, 5.64895486832, 75.3315963745]],
        "icov": [[0.000861799693666, -0.00212112488225, 0.00155068922322, -0.000264404719928, 0.00131963705644, -0.000477877067169, -0.000112192574306, -0.000655145442579, 0.000297322578263, -0.000864509260282, 0.000691945606377, -0.000177557492862, 2.33238260989e-005], [-0.00212112488225, 0.00947075802833, -0.00510704796761, 0.00266239466146, -0.00599257228896, 0.002269200515, 0.000158359704074, 0.00329527724534, -0.00211249548011, 0.00467000994831, -0.00378737854771, 0.00168126670178, -0.000546953640878], [0.00155068922322, -0.00510704796761, 0.00520118093118, -0.00174532190431, 0.00232228985988, -0.00235095061362, -0.00102977140341, -0.00165192037821, 0.00103899114765, -0.00412554619834, 0.00171106145717, -0.00228671613149, -0.000570149917621], [-0.000264404719928, 0.00266239466146, -0.00174532190431, 0.00755221350119, -0.0042150109075, -0.00148074398749, 0.00329004670493, -0.000720821728464, -0.00193987169769, 0.00665345042944, -0.00480150710791, 0.00271983048879, 8.14451050246e-005], [0.00131963705644, -0.00599257228896, 0.00232228985988, -0.0042150109075, 0.0102261090651, -0.00099078391213, -0.00131367123686, -0.00193067558575, 0.00238506821916, -0.00595537479967, 0.00593301374465, -0.00310024898499, 0.00107177323662], [-0.000477877067169, 0.002269200515, -0.00235095061362, -0.00148074398749, -0.00099078391213, 0.008469899185, -0.00272975116968, 0.00129096349701, -0.000270668213489, 0.00192058878019, -0.00070111110108, 0.00263058650307, -0.000288465729682], [-0.000112192574306, 0.000158359704074, -0.00102977140341, 0.00329004670493, -0.00131367123686, -0.00272975116968, 0.00985350087285, -0.00303461914882, -0.000523674418218, 0.00194069789723, -0.000889430521056, -1.92137176782e-005, 0.00167906715069], [-0.000655145442579, 0.00329527724534, -0.00165192037821, -0.000720821728464, -0.00193067558575, 0.00129096349701, -0.00303461914882, 0.0163015443832, -0.00105707056355, 0.00160302885342, 0.000677533389535, 0.00183527218178, 0.000193598403712], [0.000297322578263, -0.00211249548011, 0.00103899114765, -0.00193987169769, 0.00238506821916, -0.000270668213489, -0.000523674418218, -0.00105707056355, 0.015689747408, -0.00636233761907, 0.000546455208678, 0.0037499088794, -0.00424092216417], [-0.000864509260282, 0.00467000994831, -0.00412554619834, 0.00665345042944, -0.00595537479967, 0.00192058878019, 0.00194069789723, 0.00160302885342, -0.00636233761907, 0.0202499590814, -0.00371371163055, 0.00179496360943, 0.0049642547965], [0.000691945606377, -0.00378737854771, 0.00171106145717, -0.00480150710791, 0.00593301374465, -0.00070111110108, -0.000889430521056, 0.000677533389535, 0.000546455208678, -0.00371371163055, 0.016827667132, -0.00156838260591, 0.000554620695766], [-0.000177557492862, 0.00168126670178, -0.00228671613149, 0.00271983048879, -0.00310024898499, 0.00263058650307, -1.92137176782e-005, 0.00183527218178, 0.0037499088794, 0.00179496360943, -0.00156838260591, 0.0166986379772, -0.00283251772635], [2.33238260989e-005, -0.000546953640878, -0.000570149917621, 8.14451050246e-005, 0.00107177323662, -0.000288465729682, 0.00167906715069, 0.000193598403712, -0.00424092216417, 0.0049642547965, 0.000554620695766, -0.00283251772635, 0.0166061706841]]
    },
    "melbands": {
        "mean": [0.000143177661812, 0.00132333452348, 0.000443155411631, 0.000338335143169, 0.000176302375621, 0.000209831472603, 0.000527551630512, 0.000545021146536, 0.000485860306071, 0.000680486613419, 0.000346794869984, 0.000188375735888, 0.00014494068455, 0.000119183583593, 0.000109309039544, 8.73722237884e-005, 4.4579468522e-005, 2.71495409834e-005, 1.26682716655e-005, 1.31448459797e-005, 7.85696011008e-006, 4.2851024773e-006, 2.85763189822e-006, 1.57507713539e-006, 1.6896018451e-006, 7.37578602639e-007, 1.99697637981e-007, 1.03622163294e-007, 6.69193340741e-008, 3.66657957329e-008, 2.88468324783e-008, 2.87983041858e-008, 3.15697157305e-008, 4.2652921195e-008, 4.89476299492e-008, 3.71868154048e-008, 2.66535646887e-008, 1.73047425278e-008, 7.33434335487e-009, 3.78282249969e-009],
        "var": [1.48576759784e-007, 8.54379868542e-006, 2.31201937595e-007, 1.38482931789e-007, 9.46607627839e-008, 1.52113400986e-007, 9.52505502028e-007, 1.03831803244e-006, 1.39293103985e-006, 3.27180396198e-006, 3.51471697968e-007, 1.17584100678e-007, 8.23965251584e-008, 6.56235457086e-008, 4.21933208372e-008, 1.75483751974e-008, 6.04958749761e-009, 1.56172430543e-009, 4.43981795772e-010, 2.68619876342e-010, 1.06893820184e-010, 2.66692449374e-011, 1.27685926068e-011, 3.45694783563e-012, 6.29868249571e-012, 9.8439713412e-013, 5.96980147607e-014, 1.37204692256e-014, 6.46343144072e-015, 1.88805041547e-015, 1.07247404842e-015, 8.91579256983e-016, 1.33400012956e-015, 3.8183724337e-015, 7.59316502226e-015, 7.07568421917e-015, 3.47677738684e-015, 1.4147529685e-015, 1.75025448681e-016, 2.21245667567e-017]
    },
    "mfcc": {
        "mean": [-724.111999512, 209.35559082, -27.9880561829, -15.3378658295, 2.21764135361, -0.80705010891, -7.84662008286, 12.1323661804, -9.71359348297, 4.88938379288, -0.265568703413, -2.41172122955, -4.89697694778],
        "cov": [[2734.00268555, -74.6282730103, -825.436950684, -211.017074585, -385.951416016, -262.466461182, -242.717926025, -77.2192687988, -99.6916351318, 46.2899475098, -56.4865913391, 29.4370326996, -53.5271148682], [-74.6282730103, 730.981384277, 136.572845459, 24.346408844, 47.5694465637, 77.352722168, 58.1156425476, -33.6207466125, 75.8428497314, -61.7900924683, 66.8949203491, 12.0763053894, 23.8162536621], [-825.436950684, 136.572845459, 619.660766602, 74.3122634888, 147.376586914, 141.284927368, 123.581359863, 53.1222267151, 53.3546409607, 6.00753879547, 19.3152294159, 28.4944629669, 35.0327110291], [-211.017074585, 24.346408844, 74.3122634888, 190.657546997, 126.493263245, 23.358127594, 26.1475028992, 27.4478034973, 1.13316094875, 3.06320118904, -9.29853725433, -13.2295808792, 15.31615448], [-385.951416016, 47.5694465637, 147.376586914, 126.493263245, 248.957824707, 77.0601043701, 36.235458374, 26.7023544312, 15.3318157196, 14.7512283325, -18.1149635315, -12.0226974487, 23.9695415497], [-262.466461182, 77.352722168, 141.284927368, 23.358127594, 77.0601043701, 159.624710083, 69.0745849609, 28.7415561676, 32.2999267578, 5.93317937851, 26.4718017578, 0.0426880903542, 8.08671569824], [-242.717926025, 58.1156425476, 123.581359863, 26.1475028992, 36.235458374, 69.0745849609, 149.414596558, 58.8045196533, 19.5431938171, 2.90291070938, 32.2231369019, 1.77837717533, 0.310694694519], [-77.2192687988, -33.6207466125, 53.1222267151, 27.4478034973, 26.7023544312, 28.7415561676, 58.8045196533, 118.309150696, 9.05207633972, 1.5427172184, -7.53130865097, -12.5579051971, 1.21560704708], [-99.6916351318, 75.8428497314, 53.3546409607, 1.13316094875, 15.3318157196, 32.2999267578, 19.5431938171, 9.05207633972, 116.285598755, 10.9029254913, 6.29658460617, 4.2674074173, 2.1761932373], [46.2899475098, -61.7900924683, 6.00753879547, 3.06320118904, 14.7512283325, 5.93317937851, 2.90291070938, 1.5427172184, 10.9029254913, 97.6703186035, 16.1695556641, -0.86271995306, -6.70105218887], [-56.4865913391, 66.8949203491, 19.3152294159, -9.29853725433, -18.1149635315, 26.4718017578, 32.2231369019, -7.53130865097, 6.29658460617, 16.1695556641, 103.096214294, 9.63552570343, -9.86977672577], [29.4370326996, 12.0763053894, 28.4944629669, -13.2295808792, -12.0226974487, 0.0426880903542, 1.77837717533, -12.5579051971, 4.2674074173, -0.86271995306, 9.63552570343, 76.4972839355, 18.2981987], [-53.5271148682, 23.8162536621, 35.0327110291, 15.31615448, 23.9695415497, 8.08671569824, 0.310694694519, 1.21560704708, 2.1761932373, -6.70105218887, -9.86977672577, 18.2981987, 59.6700630188]],
        "icov": [[0.000852013996337, -0.000409729400417, 0.000909912108909, 7.54667562433e-005, 0.000796666892711, 5.18628221471e-005, 0.000583285815082, -0.000530942867044, 0.000482892763102, -0.00101168488618, 0.00070041656727, -0.00075611344073, 0.000271473225439], [-0.000409729400417, 0.00209585018456, -0.000587353250012, -0.000127788531245, -0.000620664213784, -0.00026278293808, -0.000708094390575, 0.00122937338892, -0.0013842813205, 0.00204282416962, -0.00158037350047, 0.000619328930043, -0.000734278990421], [0.000909912108909, -0.000587353250012, 0.00341095193289, -1.36544240377e-005, 5.42111047253e-005, -0.00102493807208, -0.000552329001948, -0.000704442325514, 0.00014667022333, -0.00113538606092, 0.000935037620366, -0.00169783213641, -0.000271608907497], [7.54667562433e-005, -0.000127788531245, -1.36544240377e-005, 0.00833828467876, -0.00431191409007, 0.00147192704026, -0.000489301688503, -0.00101809517946, 0.000381312362151, 0.000190440347069, -0.000380571233109, 0.000815356092062, -0.00076315208571], [0.000796666892711, -0.000620664213784, 5.42111047253e-005, -0.00431191409007, 0.0086713321507, -0.00277796876617, 0.00092173088342, -0.000249532226007, 0.000692326982971, -0.00237491796724, 0.00259062182158, 0.000171446241438, -0.000985212391242], [5.18628221471e-005, -0.00026278293808, -0.00102493807208, 0.00147192704026, -0.00277796876617, 0.0102793518454, -0.00255027669482, -0.000483496172819, -0.00127847108524, 0.000141078708111, -0.00186882494017, 0.000575986108743, -0.000301987340208], [0.000583285815082, -0.000708094390575, -0.000552329001948, -0.000489301688503, 0.00092173088342, -0.00255027669482, 0.0119224730879, -0.0052554346621, 0.000397406489355, -0.000542693189345, -0.00218969839625, -0.00101247988641, 0.00114893517457], [-0.000530942867044, 0.00122937338892, -0.000704442325514, -0.00101809517946, -0.000249532226007, -0.000483496172819, -0.0052554346621, 0.0121841812506, -0.00105294631794, 0.00102864089422, 0.00118956633378, 0.00226582586765, -0.000691296998411], [0.000482892763102, -0.0013842813205, 0.00014667022333, 0.000381312362151, 0.000692326982971, -0.00127847108524, 0.000397406489355, -0.00105294631794, 0.0103096608073, -0.00248653953895, 0.00132017955184, -0.000933289120439, 0.000565564492717], [-0.00101168488618, 0.00204282416962, -0.00113538606092, 0.000190440347069, -0.00237491796724, 0.000141078708111, -0.000542693189345, 0.00102864089422, -0.00248653953895, 0.0133803738281, -0.0038541581016, 0.000995344133116, 0.000462173979031], [0.00070041656727, -0.00158037350047, 0.000935037620366, -0.000380571233109, 0.00259062182158, -0.00186882494017, -0.00218969839625, 0.00118956633378, 0.00132017955184, -0.0038541581016, 0.0135680958629, -0.00219014496543, 0.00244247540832], [-0.00075611344073, 0.000619328930043, -0.00169783213641, 0.000815356092062, 0.000171446241438, 0.000575986108743, -0.00101247988641, 0.00226582586765, -0.000933289120439, 0.000995344133116, -0.00219014496543, 0.0161118004471, -0.005482992623], [0.000271473225439, -0.000734278990421, -0.000271608907497, -0.00076315208571, -0.000985212391242, -0.000301987340208, 0.00114893517457, -0.000691296998411, 0.000565564492717, 0.000462173979031, 0.00244247540832, -0.005482992623, 0.0202122312039]]
    },
    "spectral_contrast_coeffs": {
        "mean": [-0.588588535786, -0.684245049953, -0.723346114159, -0.755552709103, -0.763471066952, -0.804353535175],
        "var": [0.00396689074114, 0.00608400953934, 0.00429110741243, 0.00207150471397, 0.0017805469688, 0.00106833316386]
    },
    "spectral_contrast_valleys": {
        "mean": [-8.10287857056, -6.85197544098, -7.01528692245, -7.8116235733, -9.11712360382, -12.084936142],
        "var": [0.987036466599, 1.07622039318, 1.07345354557, 1.06897473335, 1.00929272175, 0.657893836498]
    }
},
"metadata": {
    "audio_properties": {
        "analysis_sample_rate": 44100,
        "bit_rate": 108236,
        "equal_loudness": 0,
        "length": 45.0612258911,
        "lossless": 0,
        "replay_gain": -14.7450675964,
        "sample_rate": 44100,
        "codec": "mp3",
        "downmix": "mix",
        "md5_encoded": "086926a10cb7060796efa2cfcdb669b1"
    },
    "tags": {
        "file_name": "124.mp3"
    },
    "version": {
        "essentia": "2.1-beta2",
        "essentia_git_sha": "v2.1_beta2",
        "extractor": "music 1.0"
    }
},
"rhythm": {
    "beats_count": 70,
    "beats_loudness": {
        "mean": 0.0258029084653,
        "var": 0.000282235181658
    },
    "bpm": 71.0789108276,
    "bpm_histogram_first_peak_bpm": {
        "mean": 108,
        "var": 0
    },
    "bpm_histogram_first_peak_spread": {
        "mean": 0.642857134342,
        "var": 0
    },
    "bpm_histogram_first_peak_weight": {
        "mean": 0.144927531481,
        "var": 0
    },
    "bpm_histogram_second_peak_bpm": {
        "mean": 71,
        "var": 0
    },
    "bpm_histogram_second_peak_spread": {
        "mean": 0.0714285522699,
        "var": 0
    },
    "bpm_histogram_second_peak_weight": {
        "mean": 0.188405796885,
        "var": 0
    },
    "danceability": 0.974771976471,
    "onset_rate": 1.90765440464,
    "beats_loudness_band_ratio": {
        "mean": [0.264996111393, 0.119519345462, 0.409032523632, 0.22794906795, 0.0422439277172, 0.00283588003367],
        "var": [0.0677544251084, 0.00970629323274, 0.046342626214, 0.019528709352, 0.00190575630404, 2.13292714761e-005]
    },
    "beats_position": [0.638548731804, 1.27709746361, 1.90403628349, 2.50775504112, 3.11147379875, 3.7151927948, 4.31891155243, 4.92263031006, 5.53795909882, 6.14167785645, 6.7570066452, 7.36072540283, 7.89478445053, 8.42884349823, 8.95129203796, 9.46213150024, 9.96135997772, 10.5070295334, 11.0410881042, 11.5751476288, 12.0975961685, 12.6200447083, 13.1424942017, 13.6881628036, 14.2222223282, 14.7678909302, 15.3483896255, 15.9172782898, 16.4861679077, 17.0550556183, 17.6239452362, 18.2044448853, 18.7733325958, 19.3422222137, 19.9111099243, 20.4683895111, 21.037279129, 21.5945568085, 22.1518363953, 22.825214386, 23.5102043152, 24.3577327728, 25.2052612305, 26.0527877808, 26.8887062073, 27.7246246338, 28.5721530914, 29.3964614868, 30.2323799133, 31.079908371, 31.9274368286, 32.7749671936, 33.6224937439, 34.4700202942, 35.329158783, 35.9909286499, 36.6526985168, 37.3028564453, 37.9530143738, 38.6147842407, 39.1720619202, 39.7525634766, 40.309841156, 40.8671188354, 41.4243965149, 41.981678009, 42.5389556885, 43.0846252441, 43.6302947998, 44.1875724792]
},
"tonal": {
    "chords_changes_rate": 0.0360082313418,
    "chords_number_rate": 0.00925925932825,
    "chords_strength": {
        "mean": 0.543947696686,
        "var": 0.0123893879354
    },
    "hpcp_entropy": {
        "mean": 1.88803672791,
        "var": 0.471071690321
    },
    "key_strength": 0.723970115185,
    "tuning_diatonic_strength": 0.596629023552,
    "tuning_equal_tempered_deviation": 0.441218465567,
    "tuning_frequency": 432.940917969,
    "tuning_nontempered_energy_ratio": 0.986860573292,
    "hpcp": {
        "mean": [0.282357484102, 0.406748026609, 0.284023463726, 0.10029566288, 0.0582498386502, 0.0457224212587, 0.0948918685317, 0.2758859694, 0.267438679934, 0.0920334011316, 0.0620771758258, 0.0576565563679, 0.0653081461787, 0.0775830447674, 0.0552831701934, 0.06406185776, 0.0864346176386, 0.0678224265575, 0.063274525106, 0.0819766074419, 0.0838146880269, 0.159607693553, 0.357141524553, 0.313395947218, 0.102798379958, 0.0511189736426, 0.0561241917312, 0.0635621473193, 0.082447335124, 0.0829787775874, 0.0981624126434, 0.212278202176, 0.238193184137, 0.199867725372, 0.242993742228, 0.228419214487],
        "var": [0.0874501913786, 0.147502303123, 0.085078984499, 0.0300258025527, 0.0216695927083, 0.0160403009504, 0.0266007278115, 0.0953733250499, 0.089047588408, 0.0189731344581, 0.0227172970772, 0.0145468339324, 0.0115390485153, 0.0176327675581, 0.0144302658737, 0.0218268502504, 0.0364976115525, 0.0241827312857, 0.0238261576742, 0.0370241850615, 0.0327531509101, 0.0418034642935, 0.103768445551, 0.084908246994, 0.030188202858, 0.0187021046877, 0.0231540072709, 0.0228097513318, 0.0258815549314, 0.0243906639516, 0.0282128397375, 0.085194259882, 0.0927937477827, 0.0656884163618, 0.0875285193324, 0.0749868899584]
    },
    "chords_histogram": [25.6172847748, 1.64609050751, 6.68724298477, 2.98353910446, 0, 1.23456788063, 0.308641970158, 31.9958839417, 1.44032919407, 22.7366256714, 0, 0, 0, 0, 0, 0, 0.308641970158, 0, 0, 0, 5.04115247726, 0, 0, 0],
    "thpcp": [1, 0.698278665543, 0.246579349041, 0.143208652735, 0.112409695983, 0.23329398036, 0.678272426128, 0.657504558563, 0.226266369224, 0.152618259192, 0.141750052571, 0.160561680794, 0.190739825368, 0.135915026069, 0.157497644424, 0.212501630187, 0.166743099689, 0.155561968684, 0.201541498303, 0.206060469151, 0.392399430275, 0.87804120779, 0.770491600037, 0.252732336521, 0.125677257776, 0.137982696295, 0.156269103289, 0.202698796988, 0.204005360603, 0.241334706545, 0.521891176701, 0.585603773594, 0.491379708052, 0.597406089306, 0.561574220657, 0.694182813168],
    "chords_key": "A",
    "chords_scale": "major",
    "key_key": "A",
    "key_scale": "minor"
}
}