{
"lowlevel": {
    "average_loudness": 0.12899915874,
    "barkbands_crest": {
        "mean": 13.101140976,
        "var": 21.4219169617
    },
    "barkbands_flatness_db": {
        "mean": 0.21614317596,
        "var": 0.00275097461417
    },
    "barkbands_kurtosis": {
        "mean": 10.6982755661,
        "var": 217.000183105
    },
    "barkbands_skewness": {
        "mean": 2.18580389023,
        "var": 2.98855614662
    },
    "barkbands_spread": {
        "mean": 12.5143203735,
        "var": 133.152389526
    },
    "dissonance": {
        "mean": 0.422864586115,
        "var": 0.00193968799431
    },
    "dynamic_complexity": 7.13052415848,
    "erbbands_crest": {
        "mean": 11.6084070206,
        "var": 25.4467468262
    },
    "erbbands_flatness_db": {
        "mean": 0.195499315858,
        "var": 0.00295498804189
    },
    "erbbands_kurtosis": {
        "mean": 2.01588892937,
        "var": 10.3481407166
    },
    "erbbands_skewness": {
        "mean": 0.758953928947,
        "var": 0.713845551014
    },
    "erbbands_spread": {
        "mean": 32.2970161438,
        "var": 507.465301514
    },
    "hfc": {
        "mean": 10.5046463013,
        "var": 756.51763916
    },
    "melbands_crest": {
        "mean": 15.3919324875,
        "var": 25.206911087
    },
    "melbands_flatness_db": {
        "mean": 0.296274900436,
        "var": 0.00563907111064
    },
    "melbands_kurtosis": {
        "mean": 24.0218639374,
        "var": 1312.31628418
    },
    "melbands_skewness": {
        "mean": 3.02577018738,
        "var": 5.91887235641
    },
    "melbands_spread": {
        "mean": 12.4883356094,
        "var": 117.047927856
    },
    "pitch_salience": {
        "mean": 0.469760209322,
        "var": 0.0165508762002
    },
    "silence_rate_20dB": {
        "mean": 1,
        "var": 0
    },
    "silence_rate_30dB": {
        "mean": 0.976828038692,
        "var": 0.0226356722414
    },
    "silence_rate_60dB": {
        "mean": 0.293511837721,
        "var": 0.207363083959
    },
    "spectral_centroid": {
        "mean": 850.532714844,
        "var": 274722.84375
    },
    "spectral_complexity": {
        "mean": 7.36251306534,
        "var": 23.7973918915
    },
    "spectral_decrease": {
        "mean": -3.35865646406e-009,
        "var": 3.90471898557e-017
    },
    "spectral_energy": {
        "mean": 0.0136291412637,
        "var": 0.000677423609886
    },
    "spectral_energyband_high": {
        "mean": 0.000198147943593,
        "var": 2.49780356398e-007
    },
    "spectral_energyband_low": {
        "mean": 0.00283623253927,
        "var": 6.63024638925e-006
    },
    "spectral_energyband_middle_high": {
        "mean": 0.00455180043355,
        "var": 0.000220498419367
    },
    "spectral_energyband_middle_low": {
        "mean": 0.00627335393801,
        "var": 0.000235358951613
    },
    "spectral_entropy": {
        "mean": 6.82786607742,
        "var": 0.216946929693
    },
    "spectral_flux": {
        "mean": 0.0336228124797,
        "var": 0.00142067833804
    },
    "spectral_kurtosis": {
        "mean": 7.32297801971,
        "var": 38.8691101074
    },
    "spectral_rms": {
        "mean": 0.00294433441013,
        "var": 4.62760954179e-006
    },
    "spectral_rolloff": {
        "mean": 756.574523926,
        "var": 960822.875
    },
    "spectral_skewness": {
        "mean": 2.01201105118,
        "var": 0.617228448391
    },
    "spectral_spread": {
        "mean": 3836470,
        "var": 3.08428485427e+012
    },
    "spectral_strongpeak": {
        "mean": 1.00922310352,
        "var": 4.57424783707
    },
    "zerocrossingrate": {
        "mean": 0.0356555953622,
        "var": 0.000713289016858
    },
    "barkbands": {
        "mean": [8.83340617293e-005, 0.00210427306592, 0.000471845763968, 0.000258519459749, 0.00077375723049, 0.000712886278052, 0.00102813635021, 0.000824666873086, 0.00245987297967, 0.000758848153055, 0.000589942850638, 0.001769406721, 0.00082410487812, 0.00048651106772, 7.9701829236e-005, 4.13918896811e-005, 4.0996914322e-005, 3.00223182421e-005, 5.56627674086e-005, 5.54873440706e-005, 5.9399404563e-005, 6.99946613167e-005, 2.88416031253e-005, 8.9393415692e-006, 4.69217366117e-006, 2.92020922643e-006, 1.10605542503e-008],
        "var": [1.89466557998e-008, 3.8486723497e-006, 4.35238149521e-007, 2.0214153551e-007, 1.2390377151e-006, 4.22497032559e-006, 9.80803724815e-006, 1.42312401294e-005, 0.00016822158068, 1.43181887324e-005, 8.68689676281e-006, 7.48310121708e-005, 1.73901062226e-005, 7.27012093193e-006, 7.11685288479e-008, 1.99723722005e-008, 2.08195611862e-008, 7.62219176664e-009, 4.63945184492e-008, 4.27875193054e-008, 3.08339025423e-008, 3.32604983555e-008, 1.1976858616e-008, 5.58088186775e-010, 2.3683818795e-010, 2.32102143061e-010, 2.36423455073e-015]
    },
    "erbbands": {
        "mean": [0.0659800469875, 0.439687341452, 0.677682518959, 0.76803445816, 1.22536981106, 3.25551986694, 3.65090107918, 5.7897143364, 10.0283536911, 21.2918720245, 19.0949192047, 40.3985023499, 51.6560401917, 29.9385643005, 26.1245288849, 78.6139373779, 35.7951469421, 43.2435874939, 6.01248502731, 3.31109213829, 2.33053874969, 2.25345873833, 1.98678672314, 2.28580784798, 2.73820447922, 2.80640745163, 1.49551153183, 3.39481115341, 2.83951234818, 0.784064292908, 0.902946531773, 0.283785432577, 0.165250837803, 0.0407608374953, 0.0510505586863, 0.0215101037174, 0.0035586101003, 0.000141832890222, 1.1697181435e-005, 1.64202938322e-005],
        "var": [0.00422696210444, 0.185683503747, 0.751786470413, 1.4489812851, 2.39495611191, 34.1798057556, 62.698677063, 314.162872314, 711.960754395, 6036.89257813, 7281.1328125, 34267.9375, 76719.640625, 22508.3535156, 13336.1816406, 160253.46875, 14095.0722656, 53047.328125, 417.553741455, 109.71787262, 51.3460159302, 41.7247047424, 33.9930763245, 55.2096786499, 103.489730835, 114.256858826, 16.6586761475, 106.677085876, 50.1280975342, 4.42788934708, 14.6286993027, 1.00048494339, 0.192258030176, 0.0104406392202, 0.0408843569458, 0.0155025841668, 0.000162786644069, 1.92651228303e-007, 4.30621066583e-010, 1.0018755825e-009]
    },
    "gfcc": {
        "mean": [-123.200561523, 134.905944824, -103.979354858, 35.3665084839, -62.5796852112, 21.4244289398, -15.4950838089, 0.588234126568, -13.0956611633, 3.1710486412, -6.36986064911, 1.49684870243, -9.25982666016],
        "cov": [[6983.32421875, -1304.52502441, -1833.38977051, -262.385406494, -721.100585938, 265.387084961, -5.8060760498, -69.1636581421, -269.062866211, 109.778343201, -82.3335952759, -161.71987915, -10.3253927231], [-1304.52502441, 1289.7286377, -62.6720657349, -279.863342285, 223.261642456, -404.120819092, 73.0442810059, -160.802017212, 234.325836182, -127.089057922, 168.611053467, -30.7346324921, 72.9637069702], [-1833.38977051, -62.6720657349, 1281.71484375, 299.570709229, 119.688064575, 120.734733582, -98.4311218262, 193.805847168, 9.62465000153, 6.22339773178, -37.4276695251, 184.747116089, -69.7193603516], [-262.385406494, -279.863342285, 299.570709229, 449.983520508, 56.5341262817, 56.7912330627, -99.326499939, 33.0925369263, 46.7577552795, 15.7993879318, -61.5567398071, 43.2830314636, 31.8512687683], [-721.100585938, 223.261642456, 119.688064575, 56.5341262817, 277.299560547, -21.1134147644, -31.5141410828, -17.8186340332, 61.9062271118, 24.6950473785, 14.6029281616, -10.2178382874, 19.8187923431], [265.387084961, -404.120819092, 120.734733582, 56.7912330627, -21.1134147644, 355.019104004, 122.782623291, 68.4808425903, -115.267425537, 25.7178764343, -10.5657062531, 5.46130371094, -63.3714904785], [-5.8060760498, 73.0442810059, -98.4311218262, -99.326499939, -31.5141410828, 122.782623291, 338.95526123, 22.2898292542, -57.5836334229, -76.3149795532, 40.3307571411, -18.9152431488, -31.8465309143], [-69.1636581421, -160.802017212, 193.805847168, 33.0925369263, -17.8186340332, 68.4808425903, 22.2898292542, 167.278869629, -15.989481926, -9.27870082855, -28.266494751, 31.644777298, -30.4006538391], [-269.062866211, 234.325836182, 9.62465000153, 46.7577552795, 61.9062271118, -115.267425537, -57.5836334229, -15.989481926, 198.768066406, -2.38922834396, 27.3925323486, -1.8896958828, 21.2174854279], [109.778343201, -127.089057922, 6.22339773178, 15.7993879318, 24.6950473785, 25.7178764343, -76.3149795532, -9.27870082855, -2.38922834396, 148.880630493, 5.41910791397, -19.2401065826, -9.71972370148], [-82.3335952759, 168.611053467, -37.4276695251, -61.5567398071, 14.6029281616, -10.5657062531, 40.3307571411, -28.266494751, 27.3925323486, 5.41910791397, 144.7368927, 8.92433166504, -7.32147216797], [-161.71987915, -30.7346324921, 184.747116089, 43.2830314636, -10.2178382874, 5.46130371094, -18.9152431488, 31.644777298, -1.8896958828, -19.2401065826, 8.92433166504, 137.114959717, 3.26699876785], [-10.3253927231, 72.9637069702, -69.7193603516, 31.8512687683, 19.8187923431, -63.3714904785, -31.8465309143, -30.4006538391, 21.2174854279, -9.71972370148, -7.32147216797, 3.26699876785, 100.151748657]],
        "icov": [[0.000450547086075, 9.23575134948e-005, 0.000769567210227, -9.35785865295e-005, 0.000756417168304, -0.000456342793768, 0.00040197969065, -0.000303478183923, 5.28034615854e-005, -0.000164316923474, 4.70945233246e-005, -0.000283661240246, 0.000127476916532], [9.23575134948e-005, 0.00525652151555, -0.00154330919031, 0.00325071788393, -0.00295509910211, 0.00421957112849, -0.00219907239079, 0.00327315391041, -0.00313333864324, 0.00311985914595, -0.00293166865595, 0.00151877314784, -0.00167645304464], [0.000769567210227, -0.00154330919031, 0.00337362498976, -0.00192020717077, 0.00156933255494, -0.00224711303599, 0.00177896686364, -0.00279207760468, 0.00126927602105, -0.00117456773296, 0.000985449180007, -0.00253868312575, 0.00192057457753], [-9.35785865295e-005, 0.00325071788393, -0.00192020717077, 0.00548396632075, -0.00216456106864, 0.00145888782572, -0.000747386948206, 0.00251901429147, -0.00323095056228, 0.00213480973616, -0.00064519920852, 0.000933483242989, -0.00276619987562], [0.000756417168304, -0.00295509910211, 0.00156933255494, -0.00216456106864, 0.00754437921569, -0.00347744906321, 0.00184575840831, -0.00169132149313, 0.000721343560144, -0.00280706211925, 0.00149227015208, -0.000338914745953, 8.68497154443e-005], [-0.000456342793768, 0.00421957112849, -0.00224711303599, 0.00145888782572, -0.00347744906321, 0.00924209598452, -0.00425647292286, 0.00199352297932, -0.000122089666547, 0.00113745313138, -0.00262724352069, 0.00161657482386, 0.000529817130882], [0.00040197969065, -0.00219907239079, 0.00177896686364, -0.000747386948206, 0.00184575840831, -0.00425647292286, 0.00630566151813, -0.00226709037088, 0.00172818126157, 0.00142085098196, -6.87972205924e-005, -0.000279486557702, 0.00115386326797], [-0.000303478183923, 0.00327315391041, -0.00279207760468, 0.00251901429147, -0.00169132149313, 0.00199352297932, -0.00226709037088, 0.0106962276623, -0.00274674920365, 0.0023406946566, -0.000222012051381, 0.000667231914122, -0.000267594848992], [5.28034615854e-005, -0.00313333864324, 0.00126927602105, -0.00323095056228, 0.000721343560144, -0.000122089666547, 0.00172818126157, -0.00274674920365, 0.00929257459939, -0.00162237940822, -5.03563132952e-005, -0.000533433165401, 0.00158268376254], [-0.000164316923474, 0.00311985914595, -0.00117456773296, 0.00213480973616, -0.00280706211925, 0.00113745313138, 0.00142085098196, 0.0023406946566, -0.00162237940822, 0.0108576221392, -0.0029635259416, 0.00251557631418, -0.000250190263614], [4.70945233246e-005, -0.00293166865595, 0.000985449180007, -0.00064519920852, 0.00149227015208, -0.00262724352069, -6.87972205924e-005, -0.000222012051381, -5.03563132952e-005, -0.0029635259416, 0.010323677212, -0.00259344931692, 0.00154725683387], [-0.000283661240246, 0.00151877314784, -0.00253868312575, 0.000933483242989, -0.000338914745953, 0.00161657482386, -0.000279486557702, 0.000667231914122, -0.000533433165401, 0.00251557631418, -0.00259344931692, 0.0107090827078, -0.00217802077532], [0.000127476916532, -0.00167645304464, 0.00192057457753, -0.00276619987562, 8.68497154443e-005, 0.000529817130882, 0.00115386326797, -0.000267594848992, 0.00158268376254, -0.000250190263614, 0.00154725683387, -0.00217802077532, 0.0138643775135]]
    },
    "melbands": {
        "mean": [0.000586361973546, 0.000443641212769, 0.000137872353662, 0.000154991415911, 0.000139531650348, 0.000142831573612, 0.00016676307132, 0.000216659507714, 0.000139478695928, 0.000322479085298, 0.000259900058154, 0.000116905590403, 8.55878315633e-005, 0.00016349084035, 0.000149810395669, 9.44684725255e-005, 7.10092790541e-005, 7.80242771725e-006, 3.97953635911e-006, 3.79579955734e-006, 2.44644502345e-006, 2.26759038924e-006, 2.4711603146e-006, 1.27906605485e-006, 1.87868533885e-006, 2.11511814996e-006, 1.99736041395e-006, 1.79497033059e-006, 8.48166223477e-007, 1.21120638141e-006, 2.21313712245e-006, 1.98671978069e-006, 7.04787282757e-007, 3.03380858213e-007, 4.60756012899e-007, 4.87408328809e-007, 9.52037311208e-008, 1.51145187033e-007, 4.90190856794e-008, 2.27110987794e-008],
        "var": [2.98687268696e-007, 2.09439178889e-007, 3.288963768e-008, 4.93255782885e-008, 7.0950008535e-008, 1.85632075045e-007, 1.80229704938e-007, 6.25398115517e-007, 3.93446669023e-007, 2.59776561506e-006, 1.95662232727e-006, 4.02915503628e-007, 1.53099961153e-007, 8.26168900403e-007, 4.36692147332e-007, 2.35857314124e-007, 1.46527867173e-007, 9.61811519318e-010, 1.41861022929e-010, 1.78437431497e-010, 5.95255580937e-011, 4.53377405063e-011, 9.03778440975e-011, 1.13613285446e-011, 4.29603436158e-011, 1.08562749068e-010, 4.59980248335e-011, 5.98158883536e-011, 5.52620752978e-012, 1.45330926113e-011, 4.61104106286e-011, 2.489638877e-011, 4.6845522253e-012, 5.91405017406e-013, 3.17588533597e-012, 5.44182971254e-012, 7.16413148423e-014, 1.85293092176e-013, 1.86131814036e-014, 4.66801043078e-015]
    },
    "mfcc": {
        "mean": [-770.457275391, 156.994949341, 19.2601413727, 23.8638496399, -10.5235948563, 20.4025402069, 3.12598705292, 10.0424022675, 0.225526630878, 0.901774525642, 9.29717445374, 4.13617181778, 0.159866198897],
        "cov": [[7534.24365234, -1325.13256836, -1603.42822266, -521.294494629, -1023.21929932, 68.2697982788, -50.3414077759, -225.076416016, -132.994903564, 44.8842277527, -29.7177658081, 24.1880474091, -258.989807129], [-1325.13256836, 1260.24450684, -79.7339859009, -70.0934524536, 111.84161377, -211.000564575, -54.5644035339, -40.5426101685, -26.1763763428, -134.067474365, 95.1011657715, 1.83410739899, 120.122932434], [-1603.42822266, -79.7339859009, 927.941040039, 177.414489746, 235.662918091, 40.8138427734, 15.9623241425, 189.57409668, 16.9069824219, 6.58786439896, -10.6820240021, 24.5461349487, 22.461479187], [-521.294494629, -70.0934524536, 177.414489746, 366.562591553, 197.609161377, 13.3692655563, -142.886138916, -13.8623180389, 44.5037498474, 21.524974823, -86.0878601074, -29.5357379913, 69.0401382446], [-1023.21929932, 111.84161377, 235.662918091, 197.609161377, 423.045166016, 17.2025871277, -134.638168335, -45.0502853394, 21.2597484589, 42.8365211487, -26.2092437744, -2.47089385986, 47.3362350464], [68.2697982788, -211.000564575, 40.8138427734, 13.3692655563, 17.2025871277, 208.335906982, 70.963218689, 22.2859725952, -10.4092874527, 53.9615287781, -3.18861961365, -8.7295331955, -25.8613834381], [-50.3414077759, -54.5644035339, 15.9623241425, -142.886138916, -134.638168335, 70.963218689, 318.813568115, 87.892829895, -12.4885902405, 21.1699409485, 42.3365211487, -1.06576275826, -50.2414054871], [-225.076416016, -40.5426101685, 189.57409668, -13.8623180389, -45.0502853394, 22.2859725952, 87.892829895, 267.173278809, 18.8588466644, -31.2694091797, 29.0559577942, 8.91561794281, -44.6302337646], [-132.994903564, -26.1763763428, 16.9069824219, 44.5037498474, 21.2597484589, -10.4092874527, -12.4885902405, 18.8588466644, 129.820907593, 14.1716518402, -40.3591423035, -9.74895763397, 21.099521637], [44.8842277527, -134.067474365, 6.58786439896, 21.524974823, 42.8365211487, 53.9615287781, 21.1699409485, -31.2694091797, 14.1716518402, 158.876861572, 0.0608416125178, -16.6387767792, -12.8232250214], [-29.7177658081, 95.1011657715, -10.6820240021, -86.0878601074, -26.2092437744, -3.18861961365, 42.3365211487, 29.0559577942, -40.3591423035, 0.0608416125178, 154.550216675, 29.3269691467, -30.9591846466], [24.1880474091, 1.83410739899, 24.5461349487, -29.5357379913, -2.47089385986, -8.7295331955, -1.06576275826, 8.91561794281, -9.74895763397, -16.6387767792, 29.3269691467, 85.7208099365, 14.5185928345], [-258.989807129, 120.122932434, 22.461479187, 69.0401382446, 47.3362350464, -25.8613834381, -50.2414054871, -44.6302337646, 21.099521637, -12.8232250214, -30.9591846466, 14.5185928345, 138.775863647]],
        "icov": [[0.000505930394866, 0.000512304657605, 0.000673590344377, 0.000246689654887, 0.000764898315538, 2.9896216347e-006, 0.000616821518634, -4.7333582188e-005, 0.000389895751141, -0.000118862000818, 0.00013309532369, -0.000285825459287, 0.000206064825761], [0.000512304657605, 0.00191787746735, 0.000893609772902, 0.000765115604736, -0.000103543046862, 0.0011424383847, 0.000356683507562, -0.000174625689397, 0.000586783862673, 0.000814418308437, -0.000866418005899, 0.000680300407112, -0.00118651601952], [0.000673590344377, 0.000893609772902, 0.00264925137162, -0.000113891241199, -8.22854126454e-005, 0.000223714770982, 0.000371458823793, -0.0014323258074, 0.000879486731719, -9.03116524569e-005, 0.000206325334148, -0.000794398132712, -0.000157869129907], [0.000246689654887, 0.000765115604736, -0.000113891241199, 0.00549231749028, -0.00124875165056, -0.000237999163801, 0.0018688258715, -0.000634077296127, -0.000156941925525, -8.17552645458e-005, 0.00125912053045, 0.00173305894714, -0.00194571004249], [0.000764898315538, -0.000103543046862, -8.22854126454e-005, -0.00124875165056, 0.00573816429824, -0.00111244735308, 0.00219894526526, 0.000979741336778, 0.000185884680832, -0.00144847878255, 0.00015727430582, -0.00114131555893, 0.00109064916614], [2.9896216347e-006, 0.0011424383847, 0.000223714770982, -0.000237999163801, -0.00111244735308, 0.00694381771609, -0.0017352757277, -0.000438983755885, 0.0010665343143, -0.000989744439721, -0.000212263461435, 0.000590542447753, -0.000359799625585], [0.000616821518634, 0.000356683507562, 0.000371458823793, 0.0018688258715, 0.00219894526526, -0.0017352757277, 0.00588019983843, -0.00111143430695, 0.000325712608173, -0.00112740998156, 3.08311646222e-005, 0.000173607957549, 0.000385522114811], [-4.7333582188e-005, -0.000174625689397, -0.0014323258074, -0.000634077296127, 0.000979741336778, -0.000438983755885, -0.00111143430695, 0.00595609052107, -0.00165511819068, 0.00148484122474, -0.0010021221824, -0.000321003957652, 0.00190607039258], [0.000389895751141, 0.000586783862673, 0.000879486731719, -0.000156941925525, 0.000185884680832, 0.0010665343143, 0.000325712608173, -0.00165511819068, 0.00952028296888, -0.00134531338699, 0.00217621494085, 0.000146253136336, -0.00122515368275], [-0.000118862000818, 0.000814418308437, -9.03116524569e-005, -8.17552645458e-005, -0.00144847878255, -0.000989744439721, -0.00112740998156, 0.00148484122474, -0.00134531338699, 0.00849774945527, -0.00149505329318, 0.00171337567735, -1.55166180775e-005], [0.00013309532369, -0.000866418005899, 0.000206325334148, 0.00125912053045, 0.00015727430582, -0.000212263461435, 3.08311646222e-005, -0.0010021221824, 0.00217621494085, -0.00149505329318, 0.00950244534761, -0.00317515223287, 0.00191727024503], [-0.000285825459287, 0.000680300407112, -0.000794398132712, 0.00173305894714, -0.00114131555893, 0.000590542447753, 0.000173607957549, -0.000321003957652, 0.000146253136336, 0.00171337567735, -0.00317515223287, 0.0146478423849, -0.00350161921233], [0.000206064825761, -0.00118651601952, -0.000157869129907, -0.00194571004249, 0.00109064916614, -0.000359799625585, 0.000385522114811, 0.00190607039258, -0.00122515368275, -1.55166180775e-005, 0.00191727024503, -0.00350161921233, 0.0109033863991]]
    },
    "spectral_contrast_coeffs": {
        "mean": [-0.707055926323, -0.70392781496, -0.724369168282, -0.735644519329, -0.766517698765, -0.722899973392],
        "var": [0.00352785387076, 0.00740293879062, 0.00808542314917, 0.00805819220841, 0.00371745950542, 0.003578502452]
    },
    "spectral_contrast_valleys": {
        "mean": [-7.61533641815, -7.82020950317, -8.61598396301, -9.5464515686, -9.75418186188, -12.2898597717],
        "var": [0.421053498983, 0.690892100334, 0.901668071747, 0.856142103672, 1.0515255928, 1.20113801956]
    }
},
"metadata": {
    "audio_properties": {
        "analysis_sample_rate": 44100,
        "bit_rate": 128074,
        "equal_loudness": 0,
        "length": 45.0612258911,
        "lossless": 0,
        "replay_gain": -6.50666809082,
        "sample_rate": 44100,
        "codec": "mp3",
        "downmix": "mix",
        "md5_encoded": "f0aef4f30559ba0301150906a2af1f10"
    },
    "tags": {
        "file_name": "1240.mp3"
    },
    "version": {
        "essentia": "2.1-beta2",
        "essentia_git_sha": "v2.1_beta2",
        "extractor": "music 1.0"
    }
},
"rhythm": {
    "beats_count": 79,
    "beats_loudness": {
        "mean": 0.0192546639591,
        "var": 0.000644639600068
    },
    "bpm": 107.293334961,
    "bpm_histogram_first_peak_bpm": {
        "mean": 108,
        "var": 0
    },
    "bpm_histogram_first_peak_spread": {
        "mean": 0.600000023842,
        "var": 0
    },
    "bpm_histogram_first_peak_weight": {
        "mean": 0.307692319155,
        "var": 0
    },
    "bpm_histogram_second_peak_bpm": {
        "mean": 103,
        "var": 0
    },
    "bpm_histogram_second_peak_spread": {
        "mean": 0.500000059605,
        "var": 0
    },
    "bpm_histogram_second_peak_weight": {
        "mean": 0.115384615958,
        "var": 0
    },
    "danceability": 0.958273649216,
    "onset_rate": 2.48438715935,
    "beats_loudness_band_ratio": {
        "mean": [0.458955734968, 0.152324333787, 0.229646146297, 0.141035050154, 0.0213020090014, 0.0474925488234],
        "var": [0.100314408541, 0.0340861007571, 0.0462037324905, 0.031202789396, 0.00105159310624, 0.00891169905663]
    },
    "beats_position": [0.580498874187, 1.18421769142, 1.78793644905, 2.39165520668, 2.9837641716, 3.5758728981, 4.15637159348, 4.73687076569, 5.34058952332, 5.93269824982, 6.5015873909, 7.08208608627, 7.63936471939, 8.19664382935, 8.74231243134, 9.31120204926, 9.8800907135, 10.4373693466, 10.9946479797, 11.5519275665, 12.0975961685, 12.6548748016, 13.2121543884, 13.7694330215, 14.3034915924, 14.8956003189, 15.4644899368, 16.0333786011, 16.602268219, 17.1827659607, 17.7516555786, 18.3437633514, 18.9126529694, 19.4815406799, 20.0504302979, 20.6193199158, 21.1882076263, 21.7570972443, 22.3375968933, 22.918094635, 23.4985942841, 24.0558719635, 24.6247615814, 25.1936511993, 25.774148941, 26.3198184967, 26.8770961761, 27.4227657318, 27.9800453186, 28.537322998, 29.0829925537, 29.6286621094, 30.1859397888, 30.7432193756, 31.2888889313, 31.8461666107, 32.4034461975, 32.9723358154, 33.5528335571, 34.1101112366, 34.6557807922, 35.2014503479, 35.7587280273, 36.3160095215, 36.8732872009, 37.4189567566, 37.976234436, 38.5335159302, 39.0791816711, 39.6248512268, 40.1821289063, 40.7277984619, 41.2734680176, 41.8191375732, 42.3648071289, 42.9104766846, 43.4561424255, 44.0134239197, 44.5590934753]
},
"tonal": {
    "chords_changes_rate": 0.0349794253707,
    "chords_number_rate": 0.00720164598897,
    "chords_strength": {
        "mean": 0.553626477718,
        "var": 0.00985948555171
    },
    "hpcp_entropy": {
        "mean": 1.45452451706,
        "var": 0.502595543861
    },
    "key_strength": 0.868064522743,
    "tuning_diatonic_strength": 0.68946146965,
    "tuning_equal_tempered_deviation": 0.0371330752969,
    "tuning_frequency": 441.527557373,
    "tuning_nontempered_energy_ratio": 0.635963141918,
    "hpcp": {
        "mean": [0.099658370018, 0.0508805774152, 0.0137874046341, 0.0180002208799, 0.044023104012, 0.119606420398, 0.165224760771, 0.117292761803, 0.136340111494, 0.1549782902, 0.0748153626919, 0.0335757359862, 0.0335464589298, 0.0545634739101, 0.181186079979, 0.309255421162, 0.206234008074, 0.0617622211576, 0.033957503736, 0.0249638278037, 0.0770256891847, 0.129981383681, 0.1028361395, 0.0772492960095, 0.0509933531284, 0.0320402942598, 0.0697814077139, 0.0943604558706, 0.0972201824188, 0.286131083965, 0.41203802824, 0.205753058195, 0.0380812622607, 0.0186919085681, 0.0275628808886, 0.0752260684967],
        "var": [0.0341930575669, 0.011335269548, 0.00443952390924, 0.00617650616914, 0.018935970962, 0.0463887043297, 0.0738284885883, 0.0452098026872, 0.0750046148896, 0.105798862875, 0.0294560845941, 0.0140333715826, 0.012415220961, 0.0198995247483, 0.0610752776265, 0.13411988318, 0.068045116961, 0.0194785147905, 0.0130116036162, 0.00977134145796, 0.0333250276744, 0.0831335037947, 0.0441062636673, 0.0427544414997, 0.0183232277632, 0.01330080349, 0.0320261791348, 0.0489844232798, 0.0320061072707, 0.102091483772, 0.189568847418, 0.0647157505155, 0.0132641065866, 0.0080430964008, 0.00910999253392, 0.0246803890914]
    },
    "chords_histogram": [59.0534973145, 9.46502017975, 1.23456788063, 0, 0.617283940315, 0, 0, 0, 0, 0, 0, 0, 0, 0, 0, 0, 0, 0.720164597034, 0, 1.44032919407, 0, 1.54320991039, 14.3004112244, 11.6255140305],
    "thpcp": [1, 0.499354541302, 0.0924217179418, 0.0453645214438, 0.0668940246105, 0.182570695877, 0.241866916418, 0.123485147953, 0.0334614850581, 0.043685823679, 0.106842331588, 0.290280044079, 0.400993973017, 0.284664899111, 0.330892056227, 0.376126170158, 0.181573927402, 0.0814869850874, 0.0814159289002, 0.132423385978, 0.439731448889, 0.750550687313, 0.50052177906, 0.149894461036, 0.0824135169387, 0.0605862215161, 0.186938300729, 0.315459668636, 0.249579250813, 0.187480986118, 0.123758852482, 0.0777605250478, 0.169356718659, 0.229009091854, 0.235949531198, 0.694428801537],
    "chords_key": "G",
    "chords_scale": "major",
    "key_key": "G",
    "key_scale": "major"
}
}