{
"lowlevel": {
    "average_loudness": 0.978303611279,
    "barkbands_crest": {
        "mean": 8.4090461731,
        "var": 7.24654817581
    },
    "barkbands_flatness_db": {
        "mean": 0.112406365573,
        "var": 0.00136586080771
    },
    "barkbands_kurtosis": {
        "mean": 5.2256102562,
        "var": 30.8324375153
    },
    "barkbands_skewness": {
        "mean": 2.00121903419,
        "var": 0.749798119068
    },
    "barkbands_spread": {
        "mean": 21.5212211609,
        "var": 121.749885559
    },
    "dissonance": {
        "mean": 0.466369003057,
        "var": 0.000456928595668
    },
    "dynamic_complexity": 1.33613157272,
    "erbbands_crest": {
        "mean": 6.99883031845,
        "var": 12.0455741882
    },
    "erbbands_flatness_db": {
        "mean": 0.121262893081,
        "var": 0.000830860866699
    },
    "erbbands_kurtosis": {
        "mean": -0.0951956957579,
        "var": 2.01051425934
    },
    "erbbands_skewness": {
        "mean": 0.491505742073,
        "var": 0.275613069534
    },
    "erbbands_spread": {
        "mean": 51.5781440735,
        "var": 322.61920166
    },
    "hfc": {
        "mean": 27.3528900146,
        "var": 312.470031738
    },
    "melbands_crest": {
        "mean": 12.8576555252,
        "var": 17.2638645172
    },
    "melbands_flatness_db": {
        "mean": 0.185901015997,
        "var": 0.00214046984911
    },
    "melbands_kurtosis": {
        "mean": 17.4798946381,
        "var": 191.563171387
    },
    "melbands_skewness": {
        "mean": 3.26052474976,
        "var": 1.6862142086
    },
    "melbands_spread": {
        "mean": 18.0311851501,
        "var": 102.889579773
    },
    "pitch_salience": {
        "mean": 0.615904331207,
        "var": 0.00848851539195
    },
    "silence_rate_20dB": {
        "mean": 1,
        "var": 0
    },
    "silence_rate_30dB": {
        "mean": 1,
        "var": 0
    },
    "silence_rate_60dB": {
        "mean": 0.00154479919001,
        "var": 0.00154241069686
    },
    "spectral_centroid": {
        "mean": 1089.82531738,
        "var": 220569.4375
    },
    "spectral_complexity": {
        "mean": 23.2476825714,
        "var": 70.2676010132
    },
    "spectral_decrease": {
        "mean": -9.7043377778e-009,
        "var": 1.24589778427e-017
    },
    "spectral_energy": {
        "mean": 0.0391074158251,
        "var": 0.000201777220354
    },
    "spectral_energyband_high": {
        "mean": 0.00155721616466,
        "var": 3.03805518342e-006
    },
    "spectral_energyband_low": {
        "mean": 0.0125806359574,
        "var": 5.84233966947e-005
    },
    "spectral_energyband_middle_high": {
        "mean": 0.00518510537222,
        "var": 1.52494885697e-005
    },
    "spectral_energyband_middle_low": {
        "mean": 0.0231436006725,
        "var": 0.000136115384521
    },
    "spectral_entropy": {
        "mean": 7.71566963196,
        "var": 0.0990572273731
    },
    "spectral_flux": {
        "mean": 0.10313154012,
        "var": 0.00110236241017
    },
    "spectral_kurtosis": {
        "mean": 2.88324713707,
        "var": 2.01467108727
    },
    "spectral_rms": {
        "mean": 0.00606486061588,
        "var": 1.37110555443e-006
    },
    "spectral_rolloff": {
        "mean": 1096.39660645,
        "var": 1059432.375
    },
    "spectral_skewness": {
        "mean": 1.39826321602,
        "var": 0.082975178957
    },
    "spectral_spread": {
        "mean": 5439042,
        "var": 2.09151275827e+012
    },
    "spectral_strongpeak": {
        "mean": 0.802628874779,
        "var": 0.797081768513
    },
    "zerocrossingrate": {
        "mean": 0.0593462847173,
        "var": 0.000699760450516
    },
    "barkbands": {
        "mean": [8.63879686221e-005, 0.00386357936077, 0.0053582447581, 0.00561172189191, 0.00802989583462, 0.00238766660914, 0.00398111063987, 0.00160746532492, 0.00134383502882, 0.00067474914249, 0.000694432994351, 0.000967968080658, 0.000656612683088, 0.000483279116452, 0.000495834916364, 0.000378923927201, 0.000237968357396, 0.000243019632762, 0.000232870079344, 0.000428640079917, 0.000270546850516, 0.000310041796183, 0.00039226852823, 0.00016640566173, 0.000125160295283, 7.37693117117e-005, 5.03325009049e-006],
        "var": [4.17886845128e-008, 1.01233536043e-005, 2.06017593882e-005, 2.57545725617e-005, 3.68182118109e-005, 6.39824565951e-006, 4.24643549195e-005, 5.94151697442e-006, 3.76490834242e-006, 8.64515811827e-007, 2.46290028372e-006, 2.25892040362e-006, 1.36016001306e-006, 5.58970839393e-007, 4.81455231238e-007, 3.87623430242e-007, 6.089210558e-008, 6.02377809855e-008, 5.22492165089e-008, 4.46906540219e-007, 8.9827381089e-008, 9.51836227614e-008, 3.61877937394e-007, 4.97758065876e-008, 4.31018882807e-008, 1.90134379352e-008, 1.89549445584e-010]
    },
    "erbbands": {
        "mean": [0.0633527636528, 1.08143734932, 5.29202127457, 14.7817153931, 24.1525382996, 27.0897712708, 16.3473396301, 20.966342926, 39.025894165, 66.74269104, 33.7580299377, 25.7884635925, 29.3109493256, 27.5570526123, 26.1045589447, 42.3822441101, 32.3308105469, 29.4128341675, 23.1733570099, 25.4777526855, 19.476606369, 13.2705593109, 13.5020942688, 10.7062959671, 15.5153169632, 20.5147399902, 13.4415636063, 10.0528879166, 11.8291778564, 10.8695745468, 10.9196033478, 4.72350168228, 2.30121994019, 1.34797763824, 0.943975687027, 0.424147963524, 0.112076513469, 0.0181962978095, 0.000532784906682, 6.21338112978e-005],
        "var": [0.00195229100063, 0.83841085434, 21.3406639099, 140.485397339, 421.137817383, 478.747497559, 180.689025879, 626.276306152, 4401.61035156, 14009.7597656, 2064.35791016, 1480.95629883, 1441.73815918, 1417.22973633, 2315.9296875, 4096.77441406, 2759.8684082, 2224.17041016, 872.809509277, 1759.49133301, 1024.54089355, 198.81187439, 173.085327148, 92.0993499756, 271.592590332, 1017.574646, 268.284057617, 109.37084198, 147.652938843, 211.870758057, 302.78137207, 46.5317001343, 9.50844287872, 4.84598779678, 2.75801491737, 0.583725273609, 0.0483163222671, 0.0015681682853, 1.62246590207e-006, 1.67958791319e-009]
    },
    "gfcc": {
        "mean": [51.9202575684, 88.3086700439, -101.479064941, 38.7637214661, -65.968536377, 18.0384311676, -41.118434906, 1.79680812359, -29.2505874634, 4.16562080383, -21.5203285217, -1.2312554121, -19.1554374695],
        "cov": [[2242.98413086, -589.576599121, -114.330718994, -58.3303146362, -238.941040039, 6.63015604019, -117.22416687, 58.6015701294, -33.2486000061, 82.0883255005, -90.1194534302, 45.5113487244, -77.3918228149], [-589.576599121, 614.594238281, -90.799911499, 3.14940071106, 78.8604354858, 2.87177014351, 124.500915527, -22.9849720001, 21.7981395721, -73.1508712769, 60.5787277222, -64.9223022461, 25.4200000763], [-114.330718994, -90.799911499, 264.887969971, 17.4700813293, 23.6298561096, -2.89097690582, -42.6726646423, -19.7154197693, -22.5275993347, 2.70410895348, 6.55713844299, 57.6874923706, -11.7634210587], [-58.3303146362, 3.14940071106, 17.4700813293, 186.731887817, 88.3451919556, -15.0574636459, -36.4330673218, -14.2017660141, 9.97297763824, -0.51087230444, -7.87139320374, -21.7197971344, 32.6633338928], [-238.941040039, 78.8604354858, 23.6298561096, 88.3451919556, 131.083099365, 13.3069591522, -0.475490778685, -18.8950138092, -11.4406452179, -11.0601348877, -1.30721282959, -19.4983348846, 21.8825340271], [6.63015604019, 2.87177014351, -2.89097690582, -15.0574636459, 13.3069591522, 86.5861282349, 42.6600227356, 0.807627260685, -13.1213912964, -8.34622859955, -4.11924219131, -8.28042602539, -3.69911026955], [-117.22416687, 124.500915527, -42.6726646423, -36.4330673218, -0.475490778685, 42.6600227356, 101.536933899, 20.7639026642, 0.0332557074726, -25.8975925446, 8.23230457306, -15.4683418274, -6.04265356064], [58.6015701294, -22.9849720001, -19.7154197693, -14.2017660141, -18.8950138092, 0.807627260685, 20.7639026642, 63.6149253845, 25.6697063446, 5.16933679581, -5.37610530853, -2.31575918198, 6.0413479805], [-33.2486000061, 21.7981395721, -22.5275993347, 9.97297763824, -11.4406452179, -13.1213912964, 0.0332557074726, 25.6697063446, 72.1088562012, 28.295715332, 3.01735401154, -9.92776298523, 4.83120441437], [82.0883255005, -73.1508712769, 2.70410895348, -0.51087230444, -11.0601348877, -8.34622859955, -25.8975925446, 5.16933679581, 28.295715332, 70.5722503662, 13.5843677521, 7.33737754822, -3.63276219368], [-90.1194534302, 60.5787277222, 6.55713844299, -7.87139320374, -1.30721282959, -4.11924219131, 8.23230457306, -5.37610530853, 3.01735401154, 13.5843677521, 60.5234832764, 22.2496871948, -5.74141788483], [45.5113487244, -64.9223022461, 57.6874923706, -21.7197971344, -19.4983348846, -8.28042602539, -15.4683418274, -2.31575918198, -9.92776298523, 7.33737754822, 22.2496871948, 68.2866973877, -0.159235745668], [-77.3918228149, 25.4200000763, -11.7634210587, 32.6633338928, 21.8825340271, -3.69911026955, -6.04265356064, 6.0413479805, 4.83120441437, -3.63276219368, -5.74141788483, -0.159235745668, 60.231010437]],
        "icov": [[0.000966728839558, -7.42035044823e-005, 0.000849145115353, -0.000996739370748, 0.00185284181498, -0.00100014486816, 0.00133141153492, -0.00132667180151, 0.00159595522564, -0.00125589431264, 0.00178361067083, -0.00129558402114, 0.00147475302219], [-7.42035044823e-005, 0.00566269317642, -0.00018310417363, 0.00204911851324, -0.00315370946191, 0.00349429482594, -0.00604446744546, 0.00478182639927, -0.00462953513488, 0.00587792089209, -0.00758107518777, 0.00571347912773, -0.00333958817646], [0.000849145115353, -0.00018310417363, 0.00621950253844, -0.00125785544515, -2.77254239336e-005, -0.00176015170291, 0.00314314803109, -0.00117428717203, 0.00171128637157, -0.000761461851653, 0.00276358006522, -0.00650518434122, 0.0034633311443], [-0.000996739370748, 0.00204911851324, -0.00125785544515, 0.0114710377529, -0.00881260074675, 0.00293112010695, 4.15429785789e-005, 0.0033225202933, -0.00552624789998, 0.00445541553199, -0.00488789146766, 0.00558293564245, -0.00529850833118], [0.00185284181498, -0.00315370946191, -2.77254239336e-005, -0.00881260074675, 0.0187538061291, -0.00549300713465, 0.00375952385366, -0.00273632467724, 0.00752901984379, -0.00546915642917, 0.00568920839578, -0.00173289550003, 0.00159019802231], [-0.00100014486816, 0.00349429482594, -0.00176015170291, 0.00293112010695, -0.00549300713465, 0.0193609073758, -0.0131083130836, 0.00528065860271, -0.00120764411986, 0.00154272594955, -0.00348548963666, 0.00518318312243, -0.00348181743175], [0.00133141153492, -0.00604446744546, 0.00314314803109, 4.15429785789e-005, 0.00375952385366, -0.0131083130836, 0.0276950094849, -0.0125775067136, 0.00470209401101, 0.000355284573743, 0.00401529110968, -0.00459230644628, 0.00673711905256], [-0.00132667180151, 0.00478182639927, -0.00117428717203, 0.0033225202933, -0.00273632467724, 0.00528065860271, -0.0125775067136, 0.0275456793606, -0.012949321419, 0.0053682923317, -0.00465927179903, 0.00446443539113, -0.00753011228517], [0.00159595522564, -0.00462953513488, 0.00171128637157, -0.00552624789998, 0.00752901984379, -0.00120764411986, 0.00470209401101, -0.012949321419, 0.027875225991, -0.0152377411723, 0.00786221306771, -0.00290192710236, 0.00388351990841], [-0.00125589431264, 0.00587792089209, -0.000761461851653, 0.00445541553199, -0.00546915642917, 0.00154272594955, 0.000355284573743, 0.0053682923317, -0.0152377411723, 0.0289967656136, -0.0153479594737, 0.00703519163653, -0.00355368060991], [0.00178361067083, -0.00758107518777, 0.00276358006522, -0.00488789146766, 0.00568920839578, -0.00348548963666, 0.00401529110968, -0.00465927179903, 0.00786221306771, -0.0153479594737, 0.035711593926, -0.0191547460854, 0.00906810630113], [-0.00129558402114, 0.00571347912773, -0.00650518434122, 0.00558293564245, -0.00173289550003, 0.00518318312243, -0.00459230644628, 0.00446443539113, -0.00290192710236, 0.00703519163653, -0.0191547460854, 0.0324970409274, -0.00941767543554], [0.00147475302219, -0.00333958817646, 0.0034633311443, -0.00529850833118, 0.00159019802231, -0.00348181743175, 0.00673711905256, -0.00753011228517, 0.00388351990841, -0.00355368060991, 0.00906810630113, -0.00941767543554, 0.0244102012366]]
    },
    "melbands": {
        "mean": [0.000834583595861, 0.00236061238684, 0.00276395468973, 0.00196443381719, 0.000679126067553, 0.000467810488772, 0.000679340737406, 0.000646248576231, 0.000239401415456, 0.000175421926542, 0.000145079000504, 0.000108091895527, 9.6427538665e-005, 8.72998643899e-005, 0.000111234672659, 6.27949411864e-005, 5.09114506713e-005, 3.51345806848e-005, 3.47133136529e-005, 3.05868452415e-005, 2.09414974961e-005, 1.37306951729e-005, 1.21094926726e-005, 1.23422742035e-005, 7.8547072917e-006, 9.66639527178e-006, 1.34609472298e-005, 1.36689723149e-005, 8.9643181127e-006, 6.55580288367e-006, 5.51862240172e-006, 7.21459491615e-006, 5.17845410286e-006, 6.59545230519e-006, 7.20957314115e-006, 4.03856938647e-006, 2.40120266426e-006, 1.65863298207e-006, 1.23831341625e-006, 1.08808535515e-006],
        "var": [3.66720513512e-007, 3.59314867637e-006, 3.73058242076e-006, 2.35852689912e-006, 2.94381322874e-007, 3.06076401557e-007, 1.22539745462e-006, 1.25382462102e-006, 1.09673393922e-007, 6.65240804665e-008, 3.71333470639e-008, 2.33195009969e-008, 4.64653382437e-008, 1.33477211506e-008, 4.45730385934e-008, 1.23848558076e-008, 6.49056541846e-009, 2.49649323436e-009, 2.82209744462e-009, 2.3794310966e-009, 1.28544330735e-009, 2.63323945981e-010, 1.45686560038e-010, 1.90261320587e-010, 5.86017623316e-011, 1.03663105877e-010, 2.91142970843e-010, 6.43740616368e-010, 1.75790479395e-010, 5.86500500943e-011, 3.54982640505e-011, 6.2096036646e-011, 3.03501772325e-011, 9.59731738526e-011, 1.46024151104e-010, 4.43422729091e-011, 1.09013830948e-011, 5.07462127874e-012, 3.5718452935e-012, 3.43253485531e-012]
    },
    "mfcc": {
        "mean": [-592.820007324, 115.742340088, 17.3673305511, 24.0787162781, -0.403721183538, 13.5819606781, -3.27264380455, 0.653737425804, -6.59463214874, 1.65337967873, -4.01703834534, -1.00451683998, 0.0497106574476],
        "cov": [[1681.2989502, -502.815734863, -43.0052261353, -131.432952881, -120.079193115, -82.760307312, -93.4331054688, -54.852432251, 17.5134220123, 11.3411226273, 20.4794464111, 4.66427326202, 2.05382108688], [-502.815734863, 499.516784668, -47.390460968, -0.79753780365, -46.6024971008, 23.067024231, 71.6275100708, 63.048248291, -10.7510557175, -9.53275108337, 23.0111713409, 10.9718980789, 7.36564159393], [-43.0052261353, -47.390460968, 176.462524414, 1.49430930614, 17.1123943329, 2.32237648964, -16.996673584, 9.76690292358, -29.3147678375, -21.9624271393, -7.23403596878, 1.22494506836, 11.5201597214], [-131.432952881, -0.79753780365, 1.49430930614, 174.617340088, 98.6550827026, 15.4113178253, -12.0624828339, -22.239982605, 5.66990089417, 5.42848777771, -27.5804138184, -1.51764631271, 2.63791465759], [-120.079193115, -46.6024971008, 17.1123943329, 98.6550827026, 140.447097778, 34.2104454041, -2.81762766838, -31.2764091492, 5.11414909363, 7.48775672913, -29.2445888519, -9.55734729767, -9.93305873871], [-82.760307312, 23.067024231, 2.32237648964, 15.4113178253, 34.2104454041, 86.1949996948, 32.5234146118, -0.260129183531, -3.55474495888, -2.09025740623, 0.50068038702, -4.09412765503, -7.84651947021], [-93.4331054688, 71.6275100708, -16.996673584, -12.0624828339, -2.81762766838, 32.5234146118, 95.220703125, 33.6438522339, -0.235546544194, -8.82761478424, -0.241888716817, -6.00074768066, -15.7510986328], [-54.852432251, 63.048248291, 9.76690292358, -22.239982605, -31.2764091492, -0.260129183531, 33.6438522339, 83.9489898682, 2.37530446053, -6.37488889694, 2.674888134, -5.76569700241, -3.76438641548], [17.5134220123, -10.7510557175, -29.3147678375, 5.66990089417, 5.11414909363, -3.55474495888, -0.235546544194, 2.37530446053, 83.9753036499, 35.7723236084, -8.76642608643, -9.84837150574, -5.71004390717], [11.3411226273, -9.53275108337, -21.9624271393, 5.42848777771, 7.48775672913, -2.09025740623, -8.82761478424, -6.37488889694, 35.7723236084, 58.6298446655, 11.3757762909, -1.17252397537, -2.93362164497], [20.4794464111, 23.0111713409, -7.23403596878, -27.5804138184, -29.2445888519, 0.50068038702, -0.241888716817, 2.674888134, -8.76642608643, 11.3757762909, 58.3371086121, 16.7252864838, 5.29130077362], [4.66427326202, 10.9718980789, 1.22494506836, -1.51764631271, -9.55734729767, -4.09412765503, -6.00074768066, -5.76569700241, -9.84837150574, -1.17252397537, 16.7252864838, 50.7585220337, 27.9489765167], [2.05382108688, 7.36564159393, 11.5201597214, 2.63791465759, -9.93305873871, -7.84651947021, -15.7510986328, -3.76438641548, -5.71004390717, -2.93362164497, 5.29130077362, 27.9489765167, 69.0003890991]],
        "icov": [[0.00108181522228, 0.00119053723756, 0.000487389042974, 0.00019579671789, 0.00107000966091, 0.000166723344591, 0.000216853572056, 0.000134900852572, -6.28140260233e-005, 0.000139661220601, -0.000186149278306, -6.77015559631e-005, 2.41469824687e-005], [0.00119053723756, 0.00390619947575, 0.00118105136789, -0.000678472046275, 0.00216149655171, -0.000279279716779, -0.00112407130655, -0.0012191926362, 0.000331047805957, 0.00026199358399, -0.00087496615015, -0.000285164016532, -0.000446233665571], [0.000487389042974, 0.00118105136789, 0.0071220882237, 0.000775404565502, -0.00118539587129, -0.000399244774599, 0.0018716257764, -0.002353658434, 0.00188059383072, 0.00162966793869, 0.000137061186251, 0.000247026851866, -0.00116217811592], [0.00019579671789, -0.000678472046275, 0.000775404565502, 0.0103199752048, -0.00731949741021, 0.000675415212754, 0.00158571044449, -0.000241736823227, -1.33003968585e-005, -5.54453654331e-005, 0.00185685290489, -0.000878920895047, -0.00087533169426], [0.00107000966091, 0.00216149655171, -0.00118539587129, -0.00731949741021, 0.0170264095068, -0.00451017776504, -0.000930712732952, 0.0037249813322, 0.000483313546283, -0.00266407802701, 0.00394456647336, 0.000203619652893, 0.0016858583549], [0.000166723344591, -0.000279279716779, -0.000399244774599, 0.000675415212754, -0.00451017776504, 0.0156509354711, -0.00546165881678, 0.00126746098977, 0.000265800568741, 0.000488169986056, -0.00246538454667, 0.000931402202696, -0.00012688159768], [0.000216853572056, -0.00112407130655, 0.0018716257764, 0.00158571044449, -0.000930712732952, -0.00546165881678, 0.0165344607085, -0.00556182814762, -0.000482978735818, 0.00241917441599, 0.000709015410393, -0.000896042329259, 0.00282780872658], [0.000134900852572, -0.0012191926362, -0.002353658434, -0.000241736823227, 0.0037249813322, 0.00126746098977, -0.00556182814762, 0.0169609766454, -0.00160885066725, 0.000479174486827, 0.000162314478075, 0.00207451055758, -0.000101108707895], [-6.28140260233e-005, 0.000331047805957, 0.00188059383072, -1.33003968585e-005, 0.000483313546283, 0.000265800568741, -0.000482978735818, -0.00160885066725, 0.018299087882, -0.0116589488462, 0.00502359448001, 0.00165156787261, -0.000480747228721], [0.000139661220601, 0.00026199358399, 0.00162966793869, -5.54453654331e-005, -0.00266407802701, 0.000488169986056, 0.00241917441599, 0.000479174486827, -0.0116589488462, 0.0272934194654, -0.00864992104471, 0.000697379000485, 0.000524719420355], [-0.000186149278306, -0.00087496615015, 0.000137061186251, 0.00185685290489, 0.00394456647336, -0.00246538454667, 0.000709015410393, 0.000162314478075, 0.00502359448001, -0.00864992104471, 0.024856954813, -0.007391565945, 0.00159906281624], [-6.77015559631e-005, -0.000285164016532, 0.000247026851866, -0.000878920895047, 0.000203619652893, 0.000931402202696, -0.000896042329259, 0.00207451055758, 0.00165156787261, 0.000697379000485, -0.007391565945, 0.0287149641663, -0.0108293285593], [2.41469824687e-005, -0.000446233665571, -0.00116217811592, -0.00087533169426, 0.0016858583549, -0.00012688159768, 0.00282780872658, -0.000101108707895, -0.000480747228721, 0.000524719420355, 0.00159906281624, -0.0108293285593, 0.0198817308992]]
    },
    "spectral_contrast_coeffs": {
        "mean": [-0.591480255127, -0.722337961197, -0.769177258015, -0.781752228737, -0.796141028404, -0.747294008732],
        "var": [0.00401133764535, 0.0038825541269, 0.00341450772248, 0.00228462927043, 0.00133496080525, 0.000670718378387]
    },
    "spectral_contrast_valleys": {
        "mean": [-6.61914777756, -6.20120096207, -6.94678592682, -7.26186037064, -7.20217180252, -9.52065467834],
        "var": [0.372041285038, 0.446854144335, 0.409628778696, 0.385706216097, 0.458616167307, 0.610685586929]
    }
},
"metadata": {
    "audio_properties": {
        "analysis_sample_rate": 44100,
        "bit_rate": 128074,
        "equal_loudness": 0,
        "length": 45.0612258911,
        "lossless": 0,
        "replay_gain": -5.54657173157,
        "sample_rate": 44100,
        "codec": "mp3",
        "downmix": "mix",
        "md5_encoded": "6b64ed666ed879d4845f5f8ae3bff587"
    },
    "tags": {
        "file_name": "1243.mp3"
    },
    "version": {
        "essentia": "2.1-beta2",
        "essentia_git_sha": "v2.1_beta2",
        "extractor": "music 1.0"
    }
},
"rhythm": {
    "beats_count": 75,
    "beats_loudness": {
        "mean": 0.0502771362662,
        "var": 9.42656624829e-005
    },
    "bpm": 100.523582458,
    "bpm_histogram_first_peak_bpm": {
        "mean": 101,
        "var": 0
    },
    "bpm_histogram_first_peak_spread": {
        "mean": 0.486486494541,
        "var": 0
    },
    "bpm_histogram_first_peak_weight": {
        "mean": 0.513513505459,
        "var": 0
    },
    "bpm_histogram_second_peak_bpm": {
        "mean": 0,
        "var": 0
    },
    "bpm_histogram_second_peak_spread": {
        "mean": 0,
        "var": 0
    },
    "bpm_histogram_second_peak_weight": {
        "mean": 0,
        "var": 0
    },
    "danceability": 1.29493570328,
    "onset_rate": 4.88004589081,
    "beats_loudness_band_ratio": {
        "mean": [0.371361851692, 0.314945846796, 0.182920724154, 0.0792345479131, 0.0565248355269, 0.112176731229],
        "var": [0.02487735264, 0.0128529211506, 0.00814143754542, 0.00444554584101, 0.000585189613048, 0.00228987657465]
    },
    "beats_position": [0.626938760281, 1.24226760864, 1.84598636627, 2.43809509277, 3.03020405769, 3.62231278419, 4.22603178024, 4.81814050674, 5.41024923325, 6.00235795975, 6.59446716309, 7.17496585846, 7.76707458496, 8.35918331146, 8.95129203796, 9.54340076447, 10.1239004135, 10.71600914, 11.3081178665, 11.900226593, 12.4923353195, 13.084444046, 13.6765527725, 14.2570514679, 14.8375511169, 15.4296598434, 16.0217685699, 16.6138763428, 17.2059860229, 17.8097057343, 18.4018135071, 19.0055332184, 19.6092510223, 20.2013607025, 20.8050785065, 21.4087982178, 22.0125160217, 22.616235733, 23.219953537, 23.8236732483, 24.4157810211, 25.0195007324, 25.6116104126, 26.2153282166, 26.8190479279, 27.4227657318, 28.0264854431, 28.6185932159, 29.2107028961, 29.8144207001, 30.4181404114, 31.0102481842, 31.6023578644, 32.1944656372, 32.7981834412, 33.4135131836, 34.028842926, 34.63256073, 35.2362823486, 35.8283882141, 36.4321098328, 37.0358276367, 37.6395454407, 38.2316551208, 38.823764801, 39.427482605, 40.0195922852, 40.6116981506, 41.2154197693, 41.8075294495, 42.3996353149, 43.0033569336, 43.6070747375, 44.2107925415, 44.8029022217]
},
"tonal": {
    "chords_changes_rate": 0.0360082313418,
    "chords_number_rate": 0.00617283955216,
    "chords_strength": {
        "mean": 0.599887609482,
        "var": 0.0049597308971
    },
    "hpcp_entropy": {
        "mean": 2.19092607498,
        "var": 0.573368489742
    },
    "key_strength": 0.853642940521,
    "tuning_diatonic_strength": 0.683273136616,
    "tuning_equal_tempered_deviation": 0.0279685519636,
    "tuning_frequency": 441.782684326,
    "tuning_nontempered_energy_ratio": 0.700205564499,
    "hpcp": {
        "mean": [0.247618839145, 0.200365379453, 0.130487322807, 0.106783553958, 0.118616320193, 0.23097525537, 0.302040368319, 0.208940818906, 0.145190656185, 0.129643246531, 0.0785482674837, 0.0681712776423, 0.0915052592754, 0.103469602764, 0.204803571105, 0.323892533779, 0.237143665552, 0.113119319081, 0.0822887346148, 0.0794648602605, 0.134114414454, 0.155062675476, 0.0960467085242, 0.0495322868228, 0.0380704291165, 0.0614873245358, 0.15803399682, 0.231109187007, 0.214341253042, 0.240535050631, 0.24692697823, 0.158983319998, 0.0958253145218, 0.078766554594, 0.0968716144562, 0.178171664476],
        "var": [0.0899600014091, 0.0589316263795, 0.0358775034547, 0.0312327109277, 0.0349403209984, 0.0783331915736, 0.130203530192, 0.0738830715418, 0.0536838024855, 0.0623531788588, 0.0212428700179, 0.0150264576077, 0.0276527702808, 0.0302420053631, 0.0618006289005, 0.139851093292, 0.0815696194768, 0.0319773554802, 0.0224687792361, 0.0201649535447, 0.0530145019293, 0.0667533352971, 0.0263739768416, 0.0109277591109, 0.00803569890559, 0.0147373368964, 0.0476075150073, 0.0822386592627, 0.0622875466943, 0.082892164588, 0.104126095772, 0.0567637905478, 0.0335769839585, 0.0234200824052, 0.0329458676279, 0.0627958327532]
    },
    "chords_histogram": [38.5802459717, 30.4526748657, 23.2510280609, 0, 0, 0, 0, 0, 4.21810722351, 0, 0, 0, 0, 0, 0, 0, 0, 2.26337456703, 0, 0, 0, 0, 0, 1.23456788063],
    "thpcp": [1, 0.732167720795, 0.349249541759, 0.254061847925, 0.24534329772, 0.414070725441, 0.478747308254, 0.296538829803, 0.152928158641, 0.117540307343, 0.189838662744, 0.487921088934, 0.71353662014, 0.661766588688, 0.742638468742, 0.762373149395, 0.490852057934, 0.295855283737, 0.243187308311, 0.29908567667, 0.550095021725, 0.764509260654, 0.618616878986, 0.402872264385, 0.329688221216, 0.366221219301, 0.713123142719, 0.932532668114, 0.645093023777, 0.448267996311, 0.400266230106, 0.242513358593, 0.210474982858, 0.28251734376, 0.319456577301, 0.632319509983],
    "chords_key": "G",
    "chords_scale": "major",
    "key_key": "G",
    "key_scale": "major"
}
}