{
"lowlevel": {
    "average_loudness": 0.960638642311,
    "barkbands_crest": {
        "mean": 11.9331350327,
        "var": 18.0935993195
    },
    "barkbands_flatness_db": {
        "mean": 0.214555069804,
        "var": 0.0048327348195
    },
    "barkbands_kurtosis": {
        "mean": 5.66970300674,
        "var": 60.3411216736
    },
    "barkbands_skewness": {
        "mean": 1.73930335045,
        "var": 1.49493217468
    },
    "barkbands_spread": {
        "mean": 11.1448326111,
        "var": 90.0208053589
    },
    "dissonance": {
        "mean": 0.429840236902,
        "var": 0.00199515465647
    },
    "dynamic_complexity": 2.19775176048,
    "erbbands_crest": {
        "mean": 10.5424098969,
        "var": 24.6390914917
    },
    "erbbands_flatness_db": {
        "mean": 0.202826067805,
        "var": 0.00437207194045
    },
    "erbbands_kurtosis": {
        "mean": 1.55558347702,
        "var": 7.49410676956
    },
    "erbbands_skewness": {
        "mean": 0.316980987787,
        "var": 0.529345095158
    },
    "erbbands_spread": {
        "mean": 24.4978675842,
        "var": 255.103637695
    },
    "hfc": {
        "mean": 15.8769369125,
        "var": 140.862670898
    },
    "melbands_crest": {
        "mean": 16.5343971252,
        "var": 24.9287586212
    },
    "melbands_flatness_db": {
        "mean": 0.320189446211,
        "var": 0.00722580216825
    },
    "melbands_kurtosis": {
        "mean": 12.0722398758,
        "var": 266.157531738
    },
    "melbands_skewness": {
        "mean": 2.49055576324,
        "var": 2.41461014748
    },
    "melbands_spread": {
        "mean": 11.7739496231,
        "var": 105.464324951
    },
    "pitch_salience": {
        "mean": 0.484489917755,
        "var": 0.0114603769034
    },
    "silence_rate_20dB": {
        "mean": 1,
        "var": 0
    },
    "silence_rate_30dB": {
        "mean": 0.94696187973,
        "var": 0.0502252578735
    },
    "silence_rate_60dB": {
        "mean": 0.00154479919001,
        "var": 0.00154241069686
    },
    "spectral_centroid": {
        "mean": 627.392211914,
        "var": 133587.5625
    },
    "spectral_complexity": {
        "mean": 14.461894989,
        "var": 17.520236969
    },
    "spectral_decrease": {
        "mean": -1.17344747252e-008,
        "var": 6.11618933108e-017
    },
    "spectral_energy": {
        "mean": 0.0457286462188,
        "var": 0.000908197311219
    },
    "spectral_energyband_high": {
        "mean": 0.000264514324954,
        "var": 6.48608590836e-007
    },
    "spectral_energyband_low": {
        "mean": 0.026547010988,
        "var": 0.000618825026322
    },
    "spectral_energyband_middle_high": {
        "mean": 0.0032666628249,
        "var": 1.13314254122e-005
    },
    "spectral_energyband_middle_low": {
        "mean": 0.0177668482065,
        "var": 0.000213338600588
    },
    "spectral_entropy": {
        "mean": 6.84221315384,
        "var": 0.368249535561
    },
    "spectral_flux": {
        "mean": 0.0803126692772,
        "var": 0.00350966514088
    },
    "spectral_kurtosis": {
        "mean": 17.8643226624,
        "var": 345.887939453
    },
    "spectral_rms": {
        "mean": 0.00636804522946,
        "var": 4.06139042752e-006
    },
    "spectral_rolloff": {
        "mean": 695.701782227,
        "var": 1085095.75
    },
    "spectral_skewness": {
        "mean": 2.95074176788,
        "var": 1.71212124825
    },
    "spectral_spread": {
        "mean": 3354967.5,
        "var": 4.86877062758e+012
    },
    "spectral_strongpeak": {
        "mean": 0.992463409901,
        "var": 1.43864107132
    },
    "zerocrossingrate": {
        "mean": 0.0285290013999,
        "var": 0.000797857937869
    },
    "barkbands": {
        "mean": [0.000862738175783, 0.0128488708287, 0.0107981096953, 0.00335587793961, 0.0037619327195, 0.00168784917332, 0.00302212778479, 0.00156359723769, 0.00413087243214, 0.00065001292387, 0.000464719603769, 0.0009108845843, 0.000596077530645, 0.000376928190235, 0.000164627359482, 8.1030659203e-005, 7.57924790378e-005, 3.68623477698e-005, 4.62808493467e-005, 5.16943910043e-005, 3.47943023371e-005, 5.14991043019e-005, 4.64293370896e-005, 4.82529103465e-005, 2.91437463602e-005, 2.79875894194e-005, 3.74486376131e-006],
        "var": [2.38397410612e-006, 0.000290324969683, 0.000192521867575, 3.74028459191e-005, 1.63178210641e-005, 7.96393214841e-006, 5.07798213221e-005, 8.24777907837e-006, 6.38931451249e-005, 1.93900632439e-006, 6.48120192182e-007, 1.82707935892e-006, 1.94888070837e-006, 4.59332966329e-007, 1.66147529512e-007, 1.37699975866e-008, 1.47044056931e-008, 2.59638688327e-009, 9.98334037661e-009, 8.53808046486e-009, 9.8562109585e-009, 4.26869988246e-008, 3.99708852683e-008, 2.48561864424e-008, 4.91625318233e-009, 1.40448488395e-008, 7.54350082399e-010]
    },
    "erbbands": {
        "mean": [0.262282967567, 3.30716514587, 11.9880027771, 12.7152404785, 11.4338855743, 12.635093689, 12.7728881836, 14.6536188126, 40.0539512634, 33.6656036377, 44.5531349182, 73.7251281738, 66.0909957886, 21.2342910767, 25.0306110382, 36.2503662109, 25.5224056244, 26.9658069611, 11.6233539581, 5.43996953964, 5.28668546677, 3.83304405212, 2.30502820015, 1.75199687481, 2.91498923302, 2.42645668983, 1.32925128937, 1.62493157387, 1.77350175381, 1.73724234104, 1.25407934189, 1.04052340984, 0.747282028198, 0.365153074265, 0.189713135362, 0.0985252335668, 0.0560454279184, 0.0136599214748, 0.00043246144196, 6.01889514655e-005],
        "var": [0.192237973213, 16.9203624725, 162.887985229, 439.975097656, 278.892364502, 193.772705078, 578.970275879, 681.285339355, 10622.7841797, 7474.26806641, 5480.84765625, 18438.8476563, 20732.4121094, 744.622436523, 988.124694824, 3408.88256836, 4001.88305664, 2631.05712891, 747.221191406, 55.5471038818, 69.0026626587, 24.8965339661, 9.45285606384, 7.9114356041, 42.8655967712, 19.2164745331, 8.47079181671, 29.3441829681, 48.0553703308, 58.0508232117, 28.6482124329, 14.8495969772, 5.43341588974, 0.839693129063, 0.213701322675, 0.0849132835865, 0.0718939602375, 0.00705081317574, 7.72522616899e-006, 3.82992926262e-009]
    },
    "gfcc": {
        "mean": [-29.9247436523, 152.929855347, -92.2984848022, 4.98039150238, -41.8837280273, 16.309835434, -23.5663280487, 9.40691184998, -21.8924655914, 2.38321638107, -15.0095682144, -7.48859500885, -11.342341423],
        "cov": [[4780.859375, -2350.32519531, 89.2239837646, 685.615783691, -783.495605469, 557.24420166, -399.587402344, 122.757003784, -353.02557373, 251.946899414, -145.078033447, 132.646148682, -326.766357422], [-2350.32519531, 2221.23706055, -323.475006104, -567.333862305, 686.015197754, -436.124450684, 324.300292969, -65.3847732544, 270.961425781, -188.169296265, 134.610366821, -175.753097534, 236.709869385], [89.2239837646, -323.475006104, 671.301330566, 97.6492538452, -129.379638672, 135.950241089, -51.5038528442, 64.1935882568, 17.4020996094, 53.7121124268, -23.5454769135, 70.1494522095, -42.0958786011], [685.615783691, -567.333862305, 97.6492538452, 379.34274292, -142.110275269, 97.7779693604, -70.6021575928, -16.0460700989, -50.3433074951, 29.4948959351, -27.968542099, 49.1938438416, -36.9630317688], [-783.495605469, 686.015197754, -129.379638672, -142.110275269, 379.047576904, -127.854263306, 121.775093079, -2.88780093193, 95.2261123657, -46.867603302, 27.6030197144, -53.5673141479, 93.8872451782], [557.24420166, -436.124450684, 135.950241089, 97.7779693604, -127.854263306, 224.352142334, -48.2885971069, 45.6773414612, -39.6086158752, 30.6681461334, -39.5370368958, 19.7532615662, -34.4053573608], [-399.587402344, 324.300292969, -51.5038528442, -70.6021575928, 121.775093079, -48.2885971069, 162.435913086, 4.86290025711, 70.3154144287, -37.5198440552, 2.34587645531, -33.1360473633, 36.4387512207], [122.757003784, -65.3847732544, 64.1935882568, -16.0460700989, -2.88780093193, 45.6773414612, 4.86290025711, 120.64780426, 8.58987998962, 28.0577297211, 7.66152143478, 1.5486959219, 3.82525515556], [-353.02557373, 270.961425781, 17.4020996094, -50.3433074951, 95.2261123657, -39.6086158752, 70.3154144287, 8.58987998962, 123.505012512, -15.0551271439, 6.73597240448, -20.1350708008, 42.5682449341], [251.946899414, -188.169296265, 53.7121124268, 29.4948959351, -46.867603302, 30.6681461334, -37.5198440552, 28.0577297211, -15.0551271439, 121.121932983, 43.0232200623, 30.7497367859, -24.8597774506], [-145.078033447, 134.610366821, -23.5454769135, -27.968542099, 27.6030197144, -39.5370368958, 2.34587645531, 7.66152143478, 6.73597240448, 43.0232200623, 112.358398438, 13.870388031, 6.57539844513], [132.646148682, -175.753097534, 70.1494522095, 49.1938438416, -53.5673141479, 19.7532615662, -33.1360473633, 1.5486959219, -20.1350708008, 30.7497367859, 13.870388031, 93.333732605, -1.20718002319], [-326.766357422, 236.709869385, -42.0958786011, -36.9630317688, 93.8872451782, -34.4053573608, 36.4387512207, 3.82525515556, 42.5682449341, -24.8597774506, 6.57539844513, -1.20718002319, 105.688987732]],
        "icov": [[0.000644245708827, -9.39766759984e-005, 0.000489931902848, -0.000703942088876, 0.000474251137348, -0.000787876546383, 0.000426836952101, -0.000676602008753, 0.000364209670806, -0.00083807145711, 0.000787922996096, -0.000238123408053, 0.000955277995672], [-9.39766759984e-005, 0.00368088157848, -0.000644415034913, 0.00266743404791, -0.00271140551195, 0.00245206663385, -0.00124687957577, 0.00155326258391, -0.00177202711347, 0.00303470273502, -0.00379713345319, 0.00274850870483, -0.00258264085278], [0.000489931902848, -0.000644415034913, 0.00251300050877, -0.00104733847547, 0.000979979406111, -0.00174705451354, 0.000878841732629, -0.00145841250196, -0.000873675569892, -0.00122996012215, 0.00155442126561, -0.0019684790168, 0.00184658006765], [-0.000703942088876, 0.00266743404791, -0.00104733847547, 0.00601359317079, -0.00182147196028, 0.00152228563093, -0.000930957961828, 0.00268747704104, -0.0014228799846, 0.00261079473421, -0.00290060741827, 0.00112668063957, -0.00274677737616], [0.000474251137348, -0.00271140551195, 0.000979979406111, -0.00182147196028, 0.00738307926804, -0.00086344499141, -0.000558707455639, -0.00175317656249, 0.000384218903491, -0.0026637557894, 0.00273100659251, -0.000753995962441, -0.000251218385529], [-0.000787876546383, 0.00245206663385, -0.00174705451354, 0.00152228563093, -0.00086344499141, 0.00972539931536, -0.00133098696824, -0.000654400035273, -0.000438786606537, 0.00183590105735, -0.00106575223617, 0.0026527591981, -0.00297052506357], [0.000426836952101, -0.00124687957577, 0.000878841732629, -0.000930957961828, -0.000558707455639, -0.00133098696824, 0.010583460331, -0.00163679488469, -0.00321158953011, 0.000318088859785, 0.00156534533016, -0.000384806626244, 0.00187670253217], [-0.000676602008753, 0.00155326258391, -0.00145841250196, 0.00268747704104, -0.00175317656249, -0.000654400035273, -0.00163679488469, 0.011610807851, -0.00124196347315, -0.000200811991817, -0.00285756774247, 0.0021078477148, -0.00306838448159], [0.000364209670806, -0.00177202711347, -0.000873675569892, -0.0014228799846, 0.000384218903491, -0.000438786606537, -0.00321158953011, -0.00124196347315, 0.0141965476796, -0.00263133947738, 0.00216492381878, 0.000333738891641, -0.00155045511201], [-0.00083807145711, 0.00303470273502, -0.00122996012215, 0.00261079473421, -0.0026637557894, 0.00183590105735, 0.000318088859785, -0.000200811991817, -0.00263133947738, 0.0159289557487, -0.0089358035475, 0.000155624336912, -0.000738865695894], [0.000787922996096, -0.00379713345319, 0.00155442126561, -0.00290060741827, 0.00273100659251, -0.00106575223617, 0.00156534533016, -0.00285756774247, 0.00216492381878, -0.0089358035475, 0.016850952059, -0.00456437841058, 0.00326156732626], [-0.000238123408053, 0.00274850870483, -0.0019684790168, 0.00112668063957, -0.000753995962441, 0.0026527591981, -0.000384806626244, 0.0021078477148, 0.000333738891641, 0.000155624336912, -0.00456437841058, 0.0165784358978, -0.00531675806269], [0.000955277995672, -0.00258264085278, 0.00184658006765, -0.00274677737616, -0.000251218385529, -0.00297052506357, 0.00187670253217, -0.00306838448159, -0.00155045511201, -0.000738865695894, 0.00326156732626, -0.00531675806269, 0.0168815888464]]
    },
    "melbands": {
        "mean": [0.00303467642516, 0.0058229402639, 0.00219395803288, 0.000894587778021, 0.000454015826108, 0.000326893874444, 0.000618666701484, 0.000341229955666, 0.000377814372769, 0.000527799187694, 0.000331370654749, 7.96355889179e-005, 7.90537014836e-005, 0.000109111388156, 5.87401918892e-005, 6.19823258603e-005, 4.67035570182e-005, 1.88080612133e-005, 8.46051807457e-006, 5.90565286984e-006, 6.19984757577e-006, 4.26936776421e-006, 2.59451644524e-006, 1.79223081886e-006, 1.25720055166e-006, 2.02227374757e-006, 2.12699819713e-006, 1.49622655954e-006, 8.07889364296e-007, 8.2209254515e-007, 9.78329012469e-007, 1.04114894839e-006, 9.41538644383e-007, 9.59655494626e-007, 7.45028899019e-007, 6.03609180416e-007, 6.63706885007e-007, 5.61778449537e-007, 3.92560451701e-007, 2.83851818494e-007],
        "var": [1.85096414498e-005, 3.07994050672e-005, 1.06921443148e-005, 1.1018312307e-006, 4.72272603247e-007, 3.17978930298e-007, 2.24642349167e-006, 6.63277489821e-007, 4.57557462141e-007, 9.82131837191e-007, 5.4355177781e-007, 1.3427038148e-008, 1.36381785865e-008, 2.67249582464e-008, 1.17271667932e-008, 2.18578417588e-008, 7.68182140121e-009, 2.25626095585e-009, 1.93480939603e-010, 5.98612062697e-011, 1.22655524626e-010, 3.60370969177e-011, 1.84825592331e-011, 6.21685472199e-012, 5.15276363244e-012, 2.43724797289e-011, 1.86677253516e-011, 7.9256826796e-012, 3.13199748254e-012, 5.19735166363e-012, 1.27499929017e-011, 1.78710657384e-011, 1.53446144679e-011, 1.84661903824e-011, 1.03428524426e-011, 7.23775900324e-012, 5.45961886811e-012, 3.21186870503e-012, 1.33770262662e-012, 4.71849230695e-013]
    },
    "mfcc": {
        "mean": [-686.692626953, 194.000289917, 10.4046897888, 9.44753837585, 5.14434957504, 7.55484771729, 10.9946336746, 3.72311878204, 5.2571015358, 6.13601064682, 2.9826529026, 2.34509015083, -1.44490671158],
        "cov": [[4432.18017578, -2489.43896484, 368.438873291, -29.378692627, -178.943206787, 174.509002686, 35.400478363, -78.4742507935, -197.336227417, -18.5121669769, -41.5698204041, -30.0894317627, 96.5742874146], [-2489.43896484, 2354.68261719, -633.501037598, -13.131319046, 150.129867554, -176.220870972, 43.2187042236, 25.0543384552, 161.777389526, 38.1087608337, 60.2683296204, 49.8111190796, -21.7912158966], [368.438873291, -633.501037598, 778.562072754, -34.9616203308, 2.37766695023, 70.025352478, -45.9288978577, 45.6349945068, -23.7712001801, -3.59852576256, 24.1850166321, 15.2970905304, 9.8866558075], [-29.378692627, -13.131319046, -34.9616203308, 224.406204224, 19.0101795197, 24.0068759918, -13.2099027634, 2.37340927124, 10.1501169205, -7.57642507553, -11.8617887497, -8.15542697906, 3.83619618416], [-178.943206787, 150.129867554, 2.37766695023, 19.0101795197, 151.285247803, 2.38761401176, 9.8822517395, 8.62690925598, 29.9879493713, 23.4230003357, 2.45703482628, -7.23644971848, -3.84729170799], [174.509002686, -176.220870972, 70.025352478, 24.0068759918, 2.38761401176, 126.151245117, -8.70447158813, 16.0634860992, 10.1901435852, -3.03246998787, -8.368932724, -18.498708725, -8.73754119873], [35.400478363, 43.2187042236, -45.9288978577, -13.2099027634, 9.8822517395, -8.70447158813, 100.063163757, 1.2322511673, 2.32449364662, 16.4752864838, 9.43553161621, 12.2934083939, 14.5483884811], [-78.4742507935, 25.0543384552, 45.6349945068, 2.37340927124, 8.62690925598, 16.0634860992, 1.2322511673, 103.354934692, 41.5097351074, 4.52376842499, 3.14515280724, -14.7666769028, -16.2881317139], [-197.336227417, 161.777389526, -23.7712001801, 10.1501169205, 29.9879493713, 10.1901435852, 2.32449364662, 41.5097351074, 127.206130981, 34.4022865295, 9.65977954865, -15.5191545486, -33.6214828491], [-18.5121669769, 38.1087608337, -3.59852576256, -7.57642507553, 23.4230003357, -3.03246998787, 16.4752864838, 4.52376842499, 34.4022865295, 104.151954651, 24.8159694672, -10.8247690201, -11.9196538925], [-41.5698204041, 60.2683296204, 24.1850166321, -11.8617887497, 2.45703482628, -8.368932724, 9.43553161621, 3.14515280724, 9.65977954865, 24.8159694672, 71.431427002, 24.8784751892, 11.5131464005], [-30.0894317627, 49.8111190796, 15.2970905304, -8.15542697906, -7.23644971848, -18.498708725, 12.2934083939, -14.7666769028, -15.5191545486, -10.8247690201, 24.8784751892, 89.6730880737, 39.993057251], [96.5742874146, -21.7912158966, 9.8866558075, 3.83619618416, -3.84729170799, -8.73754119873, 14.5483884811, -16.2881317139, -33.6214828491, -11.9196538925, 11.5131464005, 39.993057251, 95.7866821289]],
        "icov": [[0.000654063536786, 0.000782179587986, 0.000329142872943, 0.000170756160514, 1.79865480732e-007, -0.000106562620203, -0.00030522281304, 0.000137878334499, -4.21445038228e-005, -8.38135092636e-005, -0.000246576208156, 5.17598928127e-005, -0.000479414564325], [0.000782179587986, 0.00168535218108, 0.000974040478468, 0.000323629879858, -0.000681186735164, 0.000598484359216, -0.00020493719785, -8.46024267958e-005, -0.000776169181336, 0.000151314205141, -0.000851818535011, -0.000403491198085, -0.000457479181932], [0.000329142872943, 0.000974040478468, 0.00213579460979, 0.000508780300152, -0.0007005452062, -0.00038660899736, 0.000781120848842, -0.000963595870417, 5.09039200551e-005, 1.02658195829e-005, -0.00106558587868, -0.000737124937586, -0.000241989211645], [0.000170756160514, 0.000323629879858, 0.000508780300152, 0.00484436145052, -0.000736027082894, -0.000892721873242, 0.000697939831298, -2.40920853685e-005, -0.00050563714467, 0.000318334467011, 0.000339321239153, 9.46993750404e-005, -0.000784351723269], [1.79865480732e-007, -0.000681186735164, -0.0007005452062, -0.000736027082894, 0.00782248470932, -0.000495514890645, -0.000800486071967, 0.000326423119986, -0.00082585279597, -0.00139485357795, 0.000852793396916, 0.000802301219665, -0.000508219352923], [-0.000106562620203, 0.000598484359216, -0.00038660899736, -0.000892721873242, -0.000495514890645, 0.00973128899932, 0.000138746137964, -0.000814516446553, -0.00132969068363, 0.000643185921945, 0.000111508248665, 0.00118911475874, 0.000130871427245], [-0.00030522281304, -0.00020493719785, 0.000781120848842, 0.000697939831298, -0.000800486071967, 0.000138746137964, 0.0114162713289, -0.00101177254692, 0.0001556580537, -0.00174906814937, -0.000308132497594, -0.00132445013151, -0.00134594237898], [0.000137878334499, -8.46024267958e-005, -0.000963595870417, -2.40920853685e-005, 0.000326423119986, -0.000814516446553, -0.00101177254692, 0.0121217230335, -0.00379596604034, 0.00116248172708, -0.00058442063164, 0.00179130327888, 0.000230492616538], [-4.21445038228e-005, -0.000776169181336, 5.09039200551e-005, -0.00050563714467, -0.00082585279597, -0.00132969068363, 0.0001556580537, -0.00379596604034, 0.0119932647794, -0.00298708165064, -0.000479261798318, -0.000115529997856, 0.00300112878904], [-8.38135092636e-005, 0.000151314205141, 1.02658195829e-005, 0.000318334467011, -0.00139485357795, 0.000643185921945, -0.00174906814937, 0.00116248172708, -0.00298708165064, 0.0125450342894, -0.0047123436816, 0.00237800530158, 0.000657248485368], [-0.000246576208156, -0.000851818535011, -0.00106558587868, 0.000339321239153, 0.000852793396916, 0.000111508248665, -0.000308132497594, -0.00058442063164, -0.000479261798318, -0.0047123436816, 0.0185444895178, -0.00477881310508, -0.000845273782033], [5.17598928127e-005, -0.000403491198085, -0.000737124937586, 9.46993750404e-005, 0.000802301219665, 0.00118911475874, -0.00132445013151, 0.00179130327888, -0.000115529997856, 0.00237800530158, -0.00477881310508, 0.016319360584, -0.00540916342288], [-0.000479414564325, -0.000457479181932, -0.000241989211645, -0.000784351723269, -0.000508219352923, 0.000130871427245, -0.00134594237898, 0.000230492616538, 0.00300112878904, 0.000657248485368, -0.000845273782033, -0.00540916342288, 0.0146059198305]]
    },
    "spectral_contrast_coeffs": {
        "mean": [-0.6339225173, -0.711790800095, -0.71250385046, -0.769241988659, -0.80189204216, -0.793634176254],
        "var": [0.00548520544544, 0.00500955106691, 0.00625512143597, 0.0025420319289, 0.00164628610946, 0.00128732295707]
    },
    "spectral_contrast_valleys": {
        "mean": [-6.64258241653, -6.4844326973, -7.20071220398, -8.05813503265, -8.55372428894, -11.2867889404],
        "var": [0.478959411383, 0.401014745235, 0.465338349342, 0.615381777287, 0.987465202808, 2.02779340744]
    }
},
"metadata": {
    "audio_properties": {
        "analysis_sample_rate": 44100,
        "bit_rate": 128074,
        "equal_loudness": 0,
        "length": 45.0612258911,
        "lossless": 0,
        "replay_gain": -5.43821144104,
        "sample_rate": 44100,
        "codec": "mp3",
        "downmix": "mix",
        "md5_encoded": "c68ed7e81a878dd79744fc6a401e2dc0"
    },
    "tags": {
        "file_name": "1244.mp3"
    },
    "version": {
        "essentia": "2.1-beta2",
        "essentia_git_sha": "v2.1_beta2",
        "extractor": "music 1.0"
    }
},
"rhythm": {
    "beats_count": 96,
    "beats_loudness": {
        "mean": 0.0665223672986,
        "var": 0.000936286291108
    },
    "bpm": 128.479003906,
    "bpm_histogram_first_peak_bpm": {
        "mean": 129,
        "var": 0
    },
    "bpm_histogram_first_peak_spread": {
        "mean": 0.318681329489,
        "var": 0
    },
    "bpm_histogram_first_peak_weight": {
        "mean": 0.65263158083,
        "var": 0
    },
    "bpm_histogram_second_peak_bpm": {
        "mean": 123,
        "var": 0
    },
    "bpm_histogram_second_peak_spread": {
        "mean": 0,
        "var": 0
    },
    "bpm_histogram_second_peak_weight": {
        "mean": 0.0315789468586,
        "var": 0
    },
    "danceability": 1.12543976307,
    "onset_rate": 3.03893780708,
    "beats_loudness_band_ratio": {
        "mean": [0.659397661686, 0.12849843502, 0.149706333876, 0.0583247989416, 0.0149343190715, 0.0198140591383],
        "var": [0.0337087102234, 0.00605780771002, 0.0202557817101, 0.00268654874526, 0.000287322589429, 0.00228965026326]
    },
    "beats_position": [0.510838985443, 0.975238084793, 1.43963718414, 1.91564619541, 2.39165520668, 2.85605430603, 3.32045340538, 3.78485250473, 4.2492518425, 4.71365070343, 5.17804956436, 5.65405893326, 6.13006782532, 6.59446716309, 7.05886602402, 7.53487491608, 8.01088428497, 8.47528362274, 8.95129203796, 9.41569137573, 9.89170074463, 10.3560991287, 10.8437185287, 11.3081178665, 11.7841272354, 12.2601356506, 12.7245349884, 13.1889343262, 13.6649427414, 14.1409521103, 14.6053514481, 15.0813598633, 15.5573692322, 16.0333786011, 16.50938797, 16.9737873077, 17.4381847382, 17.9025840759, 18.3669834137, 18.8429927826, 19.3190021515, 19.7717914581, 20.247800827, 20.7354183197, 21.1998176575, 21.6642169952, 22.128616333, 22.6046257019, 23.0806350708, 23.5450344086, 24.009431839, 24.4738311768, 24.9382305145, 25.4142398834, 25.8902492523, 26.3778686523, 26.8422679901, 27.3066654205, 27.7710647583, 28.2354640961, 28.6998634338, 29.1642627716, 29.6286621094, 30.0930614471, 30.5574588776, 31.0218582153, 31.4862575531, 31.9506568909, 32.4150543213, 32.8794555664, 33.3438529968, 33.8198623657, 34.2958717346, 34.7602729797, 35.2246704102, 35.6890678406, 36.1534690857, 36.6178665161, 37.0706558228, 37.5350570679, 37.9878463745, 38.4522438049, 38.91664505, 39.3578224182, 39.8222198486, 40.2866210938, 40.7510185242, 41.2154197693, 41.6798171997, 42.1442184448, 42.6086158752, 43.0730133057, 43.5374145508, 44.0018119812, 44.4662132263, 44.919002533]
},
"tonal": {
    "chords_changes_rate": 0.0349794253707,
    "chords_number_rate": 0.00823045242578,
    "chords_strength": {
        "mean": 0.53223335743,
        "var": 0.0119021059945
    },
    "hpcp_entropy": {
        "mean": 1.73948168755,
        "var": 0.338069945574
    },
    "key_strength": 0.825810730457,
    "tuning_diatonic_strength": 0.635117948055,
    "tuning_equal_tempered_deviation": 0.0183915793896,
    "tuning_frequency": 437.971466064,
    "tuning_nontempered_energy_ratio": 0.636195421219,
    "hpcp": {
        "mean": [0.316557765007, 0.16487044096, 0.0437526740134, 0.0292450971901, 0.0339307337999, 0.0833330452442, 0.145371481776, 0.120347835124, 0.0640781894326, 0.0476608537138, 0.0392770320177, 0.0575341284275, 0.0801795944571, 0.0621183030307, 0.124883249402, 0.272909134626, 0.24290214479, 0.0925455912948, 0.0333373770118, 0.0336885042489, 0.100319549441, 0.199030712247, 0.171445026994, 0.107340618968, 0.0759142413735, 0.0331582166255, 0.0969645231962, 0.176114320755, 0.111138284206, 0.0935832485557, 0.142195001245, 0.0898843929172, 0.0392084233463, 0.040399055928, 0.0732859522104, 0.230978265405],
        "var": [0.151942700148, 0.0531774051487, 0.0167003516108, 0.0113994851708, 0.0131100788713, 0.0320460647345, 0.0692045167089, 0.0573333203793, 0.0290598329157, 0.0242318864912, 0.0160098541528, 0.0186273083091, 0.0285627692938, 0.0213208310306, 0.0346180275083, 0.121846079826, 0.120642580092, 0.0363619066775, 0.0122809428722, 0.014274481684, 0.0328618697822, 0.0915305912495, 0.0828476399183, 0.0376226864755, 0.0309005212039, 0.00871660094708, 0.0261713862419, 0.0871800705791, 0.0330995433033, 0.0368492566049, 0.0893326252699, 0.0413720831275, 0.0147958463058, 0.0157822072506, 0.0281708873808, 0.0951810702682]
    },
    "chords_histogram": [37.0370368958, 0, 21.707818985, 1.13168728352, 3.08641982079, 0, 0, 0, 0, 0, 0, 0, 0, 0, 0, 0.205761313438, 0, 0.411522626877, 0, 1.23456788063, 0, 2.26337456703, 13.7860078812, 19.1358032227],
    "thpcp": [1, 0.520822584629, 0.13821387291, 0.0923847109079, 0.107186548412, 0.263247519732, 0.459225773811, 0.380176544189, 0.202421784401, 0.150559738278, 0.1240754053, 0.181749224663, 0.253285825253, 0.19623054564, 0.394503831863, 0.862114787102, 0.767323315144, 0.292349785566, 0.105312146246, 0.106421351433, 0.316907554865, 0.628734230995, 0.541591584682, 0.339086979628, 0.239811658859, 0.104746177793, 0.306309103966, 0.556341826916, 0.351083725691, 0.295627713203, 0.449191331863, 0.283943086863, 0.12385866791, 0.127619847655, 0.231508940458, 0.729655981064],
    "chords_key": "D",
    "chords_scale": "major",
    "key_key": "D",
    "key_scale": "major"
}
}