{
"lowlevel": {
    "average_loudness": 0.959695875645,
    "barkbands_crest": {
        "mean": 9.43584346771,
        "var": 9.5302066803
    },
    "barkbands_flatness_db": {
        "mean": 0.15635073185,
        "var": 0.00277041783556
    },
    "barkbands_kurtosis": {
        "mean": 6.98968982697,
        "var": 71.7713317871
    },
    "barkbands_skewness": {
        "mean": 1.97404289246,
        "var": 1.42667722702
    },
    "barkbands_spread": {
        "mean": 17.1289043427,
        "var": 168.904953003
    },
    "dissonance": {
        "mean": 0.438165813684,
        "var": 0.00149206875358
    },
    "dynamic_complexity": 2.46926593781,
    "erbbands_crest": {
        "mean": 10.4130153656,
        "var": 19.8221035004
    },
    "erbbands_flatness_db": {
        "mean": 0.157751172781,
        "var": 0.00224050902762
    },
    "erbbands_kurtosis": {
        "mean": 1.03367841244,
        "var": 6.49812793732
    },
    "erbbands_skewness": {
        "mean": 0.667266309261,
        "var": 0.684564232826
    },
    "erbbands_spread": {
        "mean": 39.7938232422,
        "var": 576.204284668
    },
    "hfc": {
        "mean": 18.7472572327,
        "var": 317.9921875
    },
    "melbands_crest": {
        "mean": 13.8160648346,
        "var": 21.5813350677
    },
    "melbands_flatness_db": {
        "mean": 0.237707331777,
        "var": 0.00416153948754
    },
    "melbands_kurtosis": {
        "mean": 17.652879715,
        "var": 359.895568848
    },
    "melbands_skewness": {
        "mean": 2.94101715088,
        "var": 2.64107608795
    },
    "melbands_spread": {
        "mean": 15.8451890945,
        "var": 176.331054688
    },
    "pitch_salience": {
        "mean": 0.542631447315,
        "var": 0.0125386044383
    },
    "silence_rate_20dB": {
        "mean": 1,
        "var": 0
    },
    "silence_rate_30dB": {
        "mean": 0.997425317764,
        "var": 0.00256808125414
    },
    "silence_rate_60dB": {
        "mean": 0.0154479919001,
        "var": 0.0152091737837
    },
    "spectral_centroid": {
        "mean": 881.319213867,
        "var": 225111.515625
    },
    "spectral_complexity": {
        "mean": 13.694644928,
        "var": 49.3316230774
    },
    "spectral_decrease": {
        "mean": -7.40416572498e-009,
        "var": 2.85177629931e-017
    },
    "spectral_energy": {
        "mean": 0.0296454206109,
        "var": 0.000451598432846
    },
    "spectral_energyband_high": {
        "mean": 0.000676831114106,
        "var": 1.51210679178e-006
    },
    "spectral_energyband_low": {
        "mean": 0.0103772357106,
        "var": 0.000137837589136
    },
    "spectral_energyband_middle_high": {
        "mean": 0.00455048540607,
        "var": 4.88000332552e-005
    },
    "spectral_energyband_middle_low": {
        "mean": 0.0159065481275,
        "var": 0.000186156554264
    },
    "spectral_entropy": {
        "mean": 7.18190670013,
        "var": 0.267854750156
    },
    "spectral_flux": {
        "mean": 0.0914650857449,
        "var": 0.00206055282615
    },
    "spectral_kurtosis": {
        "mean": 6.10317373276,
        "var": 28.0922546387
    },
    "spectral_rms": {
        "mean": 0.00503291701898,
        "var": 3.59212276635e-006
    },
    "spectral_rolloff": {
        "mean": 995.628051758,
        "var": 1525263.5
    },
    "spectral_skewness": {
        "mean": 1.91196656227,
        "var": 0.414474546909
    },
    "spectral_spread": {
        "mean": 4944848,
        "var": 5.15485099622e+012
    },
    "spectral_strongpeak": {
        "mean": 0.948281884193,
        "var": 1.38991117477
    },
    "zerocrossingrate": {
        "mean": 0.0485528074205,
        "var": 0.00109160342254
    },
    "barkbands": {
        "mean": [7.9507000919e-005, 0.00406487332657, 0.0045877979137, 0.0028573134914, 0.00437703868374, 0.00357488309965, 0.00209231255576, 0.000987248728052, 0.00151968805585, 0.000896177894901, 0.000423885998316, 0.000759918126278, 0.000771035556681, 0.000494100677315, 0.000415869028075, 0.000301625172142, 0.000295662204735, 0.000258823652985, 0.000158852737513, 0.000117960422358, 0.000121650860819, 0.000109036795038, 0.000108987791464, 0.000106500017864, 9.75838120212e-005, 5.97302605456e-005, 7.38528342481e-006],
        "var": [1.46101157839e-008, 3.03274373437e-005, 4.22095981776e-005, 2.15612453758e-005, 2.65420676442e-005, 3.06121728499e-005, 8.943582543e-006, 8.12048165244e-006, 1.28305964608e-005, 5.58574856768e-006, 2.12887994167e-006, 4.02962450607e-006, 6.11271980233e-006, 1.57825115821e-006, 1.02917329059e-006, 6.79694551309e-007, 7.98293285698e-007, 3.17684140327e-007, 1.12845825129e-007, 5.73000242809e-008, 5.93674123195e-008, 4.69913779e-008, 5.79923522537e-008, 9.90914017507e-008, 5.33967430272e-008, 2.43593216709e-008, 6.62795596185e-010]
    },
    "erbbands": {
        "mean": [0.0605081766844, 1.12649333477, 5.03110837936, 8.17774963379, 10.9781951904, 12.9778556824, 26.5309410095, 27.0638904572, 34.6546096802, 22.098493576, 27.5719928741, 35.0764465332, 35.3880729675, 20.7683944702, 16.8521823883, 35.6762199402, 31.5641231537, 34.4424514771, 17.7587108612, 23.3098964691, 20.4495773315, 13.9175205231, 12.5650720596, 12.1460618973, 6.51229810715, 5.65041255951, 6.12109231949, 3.80210590363, 3.71135568619, 3.94677424431, 2.84047985077, 2.18927693367, 1.82250106335, 1.21266889572, 0.61425858736, 0.278536021709, 0.103498376906, 0.0253111794591, 0.00076654413715, 5.23703565705e-005],
        "var": [0.00386331160553, 2.55161309242, 52.0849952698, 137.37713623, 204.158340454, 269.052307129, 2345.34594727, 2258.78930664, 3196.50292969, 1118.2109375, 5745.78955078, 7303.58203125, 5640.80273438, 5598.12597656, 1902.87744141, 8841.20214844, 7990.65869141, 8142.22558594, 1845.14782715, 2884.61914063, 2710.8190918, 1080.99035645, 687.153137207, 656.230163574, 194.311965942, 139.954696655, 186.636245728, 45.5712471008, 56.7999687195, 77.5761413574, 36.9794883728, 28.3103504181, 33.9256286621, 8.83113384247, 2.25086331367, 0.484410345554, 0.084724470973, 0.00595807982609, 6.34688967693e-006, 4.04178823743e-009]
    },
    "gfcc": {
        "mean": [-6.6196603775, 103.944213867, -95.2083740234, 29.4476222992, -56.0563201904, 11.9321327209, -44.1096916199, 1.79646062851, -25.2407588959, 5.7827091217, -15.1817455292, 1.29873561859, -15.0817365646],
        "cov": [[5076.54345703, -1317.63684082, -352.771850586, 31.2407264709, -207.957931519, 103.692184448, -119.272583008, 181.036407471, -140.191131592, 32.972492218, -264.056091309, 56.3156280518, -142.819824219], [-1317.63684082, 1295.92077637, -209.735351563, -103.490661621, 219.709503174, -91.0955123901, 229.184692383, -63.5912666321, 127.687835693, -91.4751739502, 123.013076782, -93.4486312866, 103.084289551], [-352.771850586, -209.735351563, 737.154052734, 122.520179749, -57.6211128235, 65.0934371948, -111.136955261, -25.1235599518, -35.7639579773, 72.3441238403, 8.44238185883, 21.4533061981, -48.4152603149], [31.2407264709, -103.490661621, 122.520179749, 311.023162842, 40.654750824, -1.01292669773, -22.8414897919, 23.5940704346, 49.3552398682, -7.35922193527, -4.49171924591, 30.8448429108, 11.8266305923], [-207.957931519, 219.709503174, -57.6211128235, 40.654750824, 209.042160034, 20.7150192261, 70.3981628418, 22.3766117096, 19.2666931152, -28.6318721771, -9.87057209015, -9.01745033264, 25.0380649567], [103.692184448, -91.0955123901, 65.0934371948, -1.01292669773, 20.7150192261, 301.703918457, 71.0042648315, -10.4330635071, -39.6525764465, -9.99048709869, 15.0738601685, -38.6111030579, -30.110918045], [-119.272583008, 229.184692383, -111.136955261, -22.8414897919, 70.3981628418, 71.0042648315, 205.699356079, -0.426594465971, -6.78393507004, -32.2519302368, 8.32216358185, -25.4035758972, 10.9813184738], [181.036407471, -63.5912666321, -25.1235599518, 23.5940704346, 22.3766117096, -10.4330635071, -0.426594465971, 156.715988159, 53.465965271, -22.8989963531, -37.8577003479, 9.34452819824, 9.73793888092], [-140.191131592, 127.687835693, -35.7639579773, 49.3552398682, 19.2666931152, -39.6525764465, -6.78393507004, 53.465965271, 145.906860352, -2.32170963287, 3.98586177826, -0.757896065712, 27.233007431], [32.972492218, -91.4751739502, 72.3441238403, -7.35922193527, -28.6318721771, -9.99048709869, -32.2519302368, -22.8989963531, -2.32170963287, 99.8846282959, 32.6097335815, 18.6752929688, -8.70129680634], [-264.056091309, 123.013076782, 8.44238185883, -4.49171924591, -9.87057209015, 15.0738601685, 8.32216358185, -37.8577003479, 3.98586177826, 32.6097335815, 138.583129883, 16.3541431427, 5.34593963623], [56.3156280518, -93.4486312866, 21.4533061981, 30.8448429108, -9.01745033264, -38.6111030579, -25.4035758972, 9.34452819824, -0.757896065712, 18.6752929688, 16.3541431427, 85.6231002808, 19.4876384735], [-142.819824219, 103.084289551, -48.4152603149, 11.8266305923, 25.0380649567, -30.110918045, 10.9813184738, 9.73793888092, 27.233007431, -8.70129680634, 5.34593963623, 19.4876384735, 80.1852645874]],
        "icov": [[0.00033743516542, 0.000196323671844, 0.000323126383591, -0.000133444846142, 0.000191186074517, -0.000138449511724, 2.55460327026e-005, -0.000301346182823, 0.000236749707256, -0.000275089114439, 0.000450777384685, -0.000153280649101, 0.000381758407457], [0.000196323671844, 0.00305215734988, -0.000433872366557, 0.00135065580253, -0.0021541598253, 0.00178680021781, -0.0023606477771, 0.00163403118495, -0.00248186802492, 0.00244859745726, -0.00280149793252, 0.0029562509153, -0.00198989431374], [0.000323126383591, -0.000433872366557, 0.00228815083392, -0.00123410485685, 0.000837414991111, -0.00106960244011, 0.0013615047792, -0.000625920249149, 0.00122507906053, -0.00190073670819, 0.00120377319399, -0.000866964168381, 0.00143142777961], [-0.000133444846142, 0.00135065580253, -0.00123410485685, 0.00484460406005, -0.00208738376386, 0.000760663242545, -0.000885039393324, 0.00119466125034, -0.0029606570024, 0.00233951210976, -0.00147803931031, -0.000141387325129, -0.00112788728438], [0.000191186074517, -0.0021541598253, 0.000837414991111, -0.00208738376386, 0.00781698524952, -0.00164585153107, 4.94754931424e-005, -0.00203523575328, 0.00204044720158, -0.00166213023476, 0.00287174899131, -0.00189884239808, 0.000501495378558], [-0.000138449511724, 0.00178680021781, -0.00106960244011, 0.000760663242545, -0.00164585153107, 0.00550449313596, -0.00300715281628, 0.000845437753014, -0.000702790042851, 0.00202036136761, -0.00292175798677, 0.00361585151404, -0.000637618184555], [2.55460327026e-005, -0.0023606477771, 0.0013615047792, -0.000885039393324, 4.94754931424e-005, -0.00300715281628, 0.0087417922914, -0.00139480212238, 0.00253045954742, -0.0011432801839, 0.00179242144804, -0.00154919887427, 0.00113394937944], [-0.000301346182823, 0.00163403118495, -0.000625920249149, 0.00119466125034, -0.00203523575328, 0.000845437753014, -0.00139480212238, 0.00976644642651, -0.00516561791301, 0.0032267763745, 1.13159867396e-005, -0.000105100130895, -0.00110427988693], [0.000236749707256, -0.00248186802492, 0.00122507906053, -0.0029606570024, 0.00204044720158, -0.000702790042851, 0.00253045954742, -0.00516561791301, 0.012070289813, -0.00356232840568, 0.00167643500026, -0.000244523427682, -0.000369876448531], [-0.000275089114439, 0.00244859745726, -0.00190073670819, 0.00233951210976, -0.00166213023476, 0.00202036136761, -0.0011432801839, 0.0032267763745, -0.00356232840568, 0.0155412172899, -0.00545578962192, 0.00036068825284, -0.000915757438634], [0.000450777384685, -0.00280149793252, 0.00120377319399, -0.00147803931031, 0.00287174899131, -0.00292175798677, 0.00179242144804, 1.13159867396e-005, 0.00167643500026, -0.00545578962192, 0.0126337874681, -0.00536417402327, 0.0024085121695], [-0.000153280649101, 0.0029562509153, -0.000866964168381, -0.000141387325129, -0.00189884239808, 0.00361585151404, -0.00154919887427, -0.000105100130895, -0.000244523427682, 0.00036068825284, -0.00536417402327, 0.0186705011874, -0.00645818049088], [0.000381758407457, -0.00198989431374, 0.00143142777961, -0.00112788728438, 0.000501495378558, -0.000637618184555, 0.00113394937944, -0.00110427988693, -0.000369876448531, -0.000915757438634, 0.0024085121695, -0.00645818049088, 0.0177578814328]]
    },
    "melbands": {
        "mean": [0.000820372486487, 0.00231360690668, 0.0015120281605, 0.000814852421172, 0.000869726296514, 0.000639407546259, 0.00051883776905, 0.000221895621507, 0.000234563383856, 0.000218028668314, 0.000170319122844, 8.10075580375e-005, 5.59233158128e-005, 8.57966515468e-005, 6.3118248363e-005, 8.45434260555e-005, 6.14273376414e-005, 2.71569133474e-005, 3.20858744089e-005, 2.23806891881e-005, 2.71639528364e-005, 1.55957550305e-005, 1.27720441014e-005, 1.00989591374e-005, 1.01394134617e-005, 4.79002846987e-006, 3.95389679397e-006, 3.62444734492e-006, 3.84991926694e-006, 3.21262973557e-006, 1.94005951926e-006, 2.19916159949e-006, 1.97790336642e-006, 2.28847375183e-006, 1.65735002611e-006, 1.4313156953e-006, 1.27491250623e-006, 1.28732767735e-006, 1.14498902803e-006, 9.96860080704e-007],
        "var": [9.60996771937e-007, 1.01687101051e-005, 4.03179774366e-006, 7.74540296788e-007, 2.27601367442e-006, 1.19890796668e-006, 6.46403691462e-007, 1.38174158337e-007, 3.99424095576e-007, 2.73975757636e-007, 1.44863435025e-007, 1.01315087875e-007, 3.20461488457e-008, 5.22419298932e-008, 2.00848475629e-008, 8.69260006198e-008, 2.77804836912e-008, 5.7496651884e-009, 7.42615613447e-009, 2.66097233137e-009, 6.16496187433e-009, 2.09209205515e-009, 8.9517931956e-010, 3.73377939678e-010, 5.4974558239e-010, 9.89511111937e-011, 9.01977381673e-011, 6.92937998648e-011, 9.03066024738e-011, 3.63616255161e-011, 1.49116413661e-011, 2.5711625537e-011, 1.5774449455e-011, 3.18458141801e-011, 1.40443108532e-011, 9.57444627053e-012, 1.20328642883e-011, 1.90942157918e-011, 1.24673873655e-011, 5.98587152068e-012]
    },
    "mfcc": {
        "mean": [-658.868652344, 136.419799805, 16.8416042328, 23.732213974, 9.41979312897, 8.83563899994, -4.59445142746, -3.43277263641, -7.17443704605, -2.72002983093, 1.63924229145, 0.369744807482, -0.116859391332],
        "cov": [[4605.12695313, -1209.80456543, -337.411346436, -139.068618774, -143.156356812, -95.4773712158, -65.8693618774, 80.9428253174, 76.2811431885, 18.1214618683, -48.482711792, -48.3774032593, -90.8176956177], [-1209.80456543, 1168.33496094, -245.900985718, 37.3825187683, -41.5378608704, 17.6867656708, 70.2188415527, 23.3429737091, 23.3600654602, 27.4105873108, 66.6168441772, -26.7931232452, 19.0728778839], [-337.411346436, -245.900985718, 662.675048828, -8.89081096649, 92.3904724121, 52.542766571, 12.8510637283, -61.3084983826, -45.3163795471, -4.09551620483, 2.52310466766, 51.0867195129, 42.473449707], [-139.068618774, 37.3825187683, -8.89081096649, 317.201965332, 55.5569229126, -29.1003131866, -56.2868232727, 18.6318416595, 56.8616676331, -47.0184326172, -15.6314744949, 49.2363204956, 6.78313827515], [-143.156356812, -41.5378608704, 92.3904724121, 55.5569229126, 196.61239624, 0.310794323683, -21.528011322, 24.2514877319, 35.3966331482, 2.9067940712, 0.606201529503, 24.2925548553, 11.7115526199], [-95.4773712158, 17.6867656708, 52.542766571, -29.1003131866, 0.310794323683, 218.885574341, 98.6664581299, 19.3523921967, -27.8880310059, 39.5387306213, 3.65827202797, -36.9245452881, 3.61597847939], [-65.8693618774, 70.2188415527, 12.8510637283, -56.2868232727, -21.528011322, 98.6664581299, 194.156661987, 38.2329025269, -34.0832328796, 26.5891456604, 5.78576993942, -33.8223991394, 10.7488870621], [80.9428253174, 23.3429737091, -61.3084983826, 18.6318416595, 24.2514877319, 19.3523921967, 38.2329025269, 161.153839111, 62.9670524597, 21.0068244934, 11.1650781631, -11.3713531494, -12.3802261353], [76.2811431885, 23.3600654602, -45.3163795471, 56.8616676331, 35.3966331482, -27.8880310059, -34.0832328796, 62.9670524597, 142.222915649, 22.5334358215, 0.518459498882, -12.4253349304, -24.1334171295], [18.1214618683, 27.4105873108, -4.09551620483, -47.0184326172, 2.9067940712, 39.5387306213, 26.5891456604, 21.0068244934, 22.5334358215, 106.508117676, 17.0906963348, -29.6275520325, -10.8234767914], [-48.482711792, 66.6168441772, 2.52310466766, -15.6314744949, 0.606201529503, 3.65827202797, 5.78576993942, 11.1650781631, 0.518459498882, 17.0906963348, 92.3865890503, 12.4591207504, -10.0416727066], [-48.3774032593, -26.7931232452, 51.0867195129, 49.2363204956, 24.2925548553, -36.9245452881, -33.8223991394, -11.3713531494, -12.4253349304, -29.6275520325, 12.4591207504, 119.337585449, 38.5746307373], [-90.8176956177, 19.0728778839, 42.473449707, 6.78313827515, 11.7115526199, 3.61597847939, 10.7488870621, -12.3802261353, -24.1334171295, -10.8234767914, -10.0416727066, 38.5746307373, 88.0849685669]],
        "icov": [[0.000384343293263, 0.000487189623527, 0.000312506948831, 0.00010249317711, 0.000253056030488, 8.82132299012e-005, -6.66860578349e-005, -7.65320946812e-005, -0.000243373273406, -6.82281679474e-005, -0.000119796670333, 9.06044442672e-006, -3.75856814117e-007], [0.000487189623527, 0.00167010829318, 0.000808887183666, -0.000143401572132, 0.000388439017115, 0.0001424325892, -0.000541761342902, 0.00017569353804, -0.000542335503269, -0.000196430177311, -0.00106500112452, 0.000327155954437, -0.000642407278065], [0.000312506948831, 0.000808887183666, 0.00225919135846, 0.000158614901011, -0.000725309131667, -0.000426610175055, -0.000378799828468, 0.000833257217892, -0.00012852261716, -0.000100923651189, -0.000474020431284, -0.000551897916012, -0.000537188607268], [0.00010249317711, -0.000143401572132, 0.000158614901011, 0.00428830413148, -0.000676273775753, -0.000545218237676, 0.000668127264362, -0.000140238145832, -0.00180103466846, 0.00184168911073, 0.000789482961409, -0.00157798454165, 0.000254962506006], [0.000253056030488, 0.000388439017115, -0.000725309131667, -0.000676273775753, 0.00641615735367, -0.000180578033905, 0.00056852545822, -0.000968951440882, -0.00131535262335, -0.000450144347269, -0.000104647668195, -0.000536599429324, -0.000665242783725], [8.82132299012e-005, 0.0001424325892, -0.000426610175055, -0.000545218237676, -0.000180578033905, 0.00664652371779, -0.0026913783513, -0.000472334504593, 0.0013164532138, -0.00187750277109, -6.0307833337e-005, 0.00150794023648, -0.000216256274143], [-6.66860578349e-005, -0.000541761342902, -0.000378799828468, 0.000668127264362, 0.00056852545822, -0.0026913783513, 0.00822314992547, -0.0026305578649, 0.00217327475548, -0.000333521253197, 0.000116848517791, 0.00138800241984, -0.00119860400446], [-7.65320946812e-005, 0.00017569353804, 0.000833257217892, -0.000140238145832, -0.000968951440882, -0.000472334504593, -0.0026305578649, 0.00905778445303, -0.00415310449898, -8.23290465632e-005, -0.000983916921541, -0.000540023203939, 0.000210690792301], [-0.000243373273406, -0.000542335503269, -0.00012852261716, -0.00180103466846, -0.00131535262335, 0.0013164532138, 0.00217327475548, -0.00415310449898, 0.0117290839553, -0.00284512829967, 0.000744828488678, 0.00136353063863, 0.00169081042986], [-6.82281679474e-005, -0.000196430177311, -0.000100923651189, 0.00184168911073, -0.000450144347269, -0.00187750277109, -0.000333521253197, -8.23290465632e-005, -0.00284512829967, 0.0124411648139, -0.00200139288791, 0.0016755721299, -0.000167644757312], [-0.000119796670333, -0.00106500112452, -0.000474020431284, 0.000789482961409, -0.000104647668195, -6.0307833337e-005, 0.000116848517791, -0.000983916921541, 0.000744828488678, -0.00200139288791, 0.0129098212346, -0.00319488998502, 0.00296768872067], [9.06044442672e-006, 0.000327155954437, -0.000551897916012, -0.00157798454165, -0.000536599429324, 0.00150794023648, 0.00138800241984, -0.000540023203939, 0.00136353063863, 0.0016755721299, -0.00319488998502, 0.0128773488104, -0.00533376447856], [-3.75856814117e-007, -0.000642407278065, -0.000537188607268, 0.000254962506006, -0.000665242783725, -0.000216256274143, -0.00119860400446, 0.000210690792301, 0.00169081042986, -0.000167644757312, 0.00296768872067, -0.00533376447856, 0.0151207335293]]
    },
    "spectral_contrast_coeffs": {
        "mean": [-0.622354149818, -0.677576363087, -0.720177531242, -0.741852402687, -0.763026893139, -0.765531599522],
        "var": [0.00559159787372, 0.00561861693859, 0.00803059525788, 0.00502542825416, 0.00391762051731, 0.00167421647348]
    },
    "spectral_contrast_valleys": {
        "mean": [-6.96222162247, -6.80562782288, -7.91693019867, -8.20933151245, -8.29372787476, -10.4716625214],
        "var": [0.580593526363, 0.627214252949, 0.634032726288, 0.707688629627, 0.810316681862, 1.24765074253]
    }
},
"metadata": {
    "audio_properties": {
        "analysis_sample_rate": 44100,
        "bit_rate": 128074,
        "equal_loudness": 0,
        "length": 45.0612258911,
        "lossless": 0,
        "replay_gain": -5.97114181519,
        "sample_rate": 44100,
        "codec": "mp3",
        "downmix": "mix",
        "md5_encoded": "71108b9f3d90d5690697a67223e74a62"
    },
    "tags": {
        "file_name": "1245.mp3"
    },
    "version": {
        "essentia": "2.1-beta2",
        "essentia_git_sha": "v2.1_beta2",
        "extractor": "music 1.0"
    }
},
"rhythm": {
    "beats_count": 73,
    "beats_loudness": {
        "mean": 0.0490624718368,
        "var": 0.00025978134363
    },
    "bpm": 97.6071548462,
    "bpm_histogram_first_peak_bpm": {
        "mean": 98,
        "var": 0
    },
    "bpm_histogram_first_peak_spread": {
        "mean": 0.257142871618,
        "var": 0
    },
    "bpm_histogram_first_peak_weight": {
        "mean": 0.722222208977,
        "var": 0
    },
    "bpm_histogram_second_peak_bpm": {
        "mean": 105,
        "var": 0
    },
    "bpm_histogram_second_peak_spread": {
        "mean": 0.5,
        "var": 0
    },
    "bpm_histogram_second_peak_weight": {
        "mean": 0.0138888889924,
        "var": 0
    },
    "danceability": 1.55760478973,
    "onset_rate": 5.14623022079,
    "beats_loudness_band_ratio": {
        "mean": [0.43260499835, 0.284123361111, 0.191367655993, 0.0875061303377, 0.0443627759814, 0.0482618771493],
        "var": [0.0293624140322, 0.0208099223673, 0.013124496676, 0.00784747395664, 0.000875599798746, 0.000934309442528]
    },
    "beats_position": [0.53405892849, 1.09133780003, 1.66022670269, 2.2523355484, 2.85605430603, 3.45977306366, 4.07510185242, 4.69043064117, 5.2941493988, 5.89786815643, 6.51319694519, 7.12852573395, 7.73224496841, 8.33596324921, 8.93968200684, 9.56662082672, 10.1935596466, 10.8204984665, 11.4474372864, 12.0743761063, 12.6780948639, 13.2818136215, 13.9087524414, 14.5356912613, 15.1394100189, 15.7663488388, 16.3932876587, 17.0086174011, 17.6239452362, 18.2392749786, 18.8546028137, 19.4699325562, 20.0852603912, 20.7005901337, 21.3043079376, 21.9196376801, 22.5465755463, 23.1619052887, 23.7772331238, 24.3925609589, 25.0078907013, 25.6116104126, 26.2153282166, 26.8422679901, 27.4575958252, 28.0729255676, 28.6766433716, 29.3035831451, 29.9305210114, 30.5342407227, 31.1495685577, 31.7648983002, 32.3802261353, 32.9955558777, 33.6224937439, 34.2262115479, 34.8531494141, 35.4684791565, 36.0838088989, 36.7107467651, 37.3144645691, 37.94140625, 38.5567321777, 39.1720619202, 39.7873916626, 40.402721405, 41.0180473328, 41.6333770752, 42.2487068176, 42.8640365601, 43.4793624878, 44.0946922302, 44.6984100342]
},
"tonal": {
    "chords_changes_rate": 0.0730452686548,
    "chords_number_rate": 0.00720164598897,
    "chords_strength": {
        "mean": 0.614705681801,
        "var": 0.00977526511997
    },
    "hpcp_entropy": {
        "mean": 1.97335135937,
        "var": 0.514220237732
    },
    "key_strength": 0.842862844467,
    "tuning_diatonic_strength": 0.751884877682,
    "tuning_equal_tempered_deviation": 0.0343295745552,
    "tuning_frequency": 439.491973877,
    "tuning_nontempered_energy_ratio": 0.747715473175,
    "hpcp": {
        "mean": [0.154869452119, 0.109641380608, 0.0648046210408, 0.0642337203026, 0.0800363048911, 0.113826774061, 0.132042884827, 0.123344019055, 0.143599227071, 0.149417191744, 0.0923594981432, 0.0616584867239, 0.0721996277571, 0.111831724644, 0.257528096437, 0.346645236015, 0.239530339837, 0.124903410673, 0.0767940953374, 0.0782120600343, 0.12578073144, 0.151377171278, 0.12912812829, 0.135392680764, 0.144496545196, 0.114962108433, 0.0955587700009, 0.0889487490058, 0.128910809755, 0.297957777977, 0.402428418398, 0.253807395697, 0.089422352612, 0.0452896170318, 0.059080325067, 0.117120526731],
        "var": [0.0697449669242, 0.037249751389, 0.0257444754243, 0.0261325724423, 0.0268003661186, 0.0370790585876, 0.0407652147114, 0.0391929075122, 0.0589337050915, 0.0684115216136, 0.0312028359622, 0.0224048085511, 0.0294126924127, 0.0385235771537, 0.0875778496265, 0.119863033295, 0.0768093913794, 0.0476781465113, 0.0310742203146, 0.0290177613497, 0.0542156733572, 0.0688873827457, 0.0468958579004, 0.0499913729727, 0.0613478422165, 0.0481814406812, 0.0360699146986, 0.027566857636, 0.0443481244147, 0.107477344573, 0.151550516486, 0.0793429538608, 0.0269229020923, 0.0124509418383, 0.0202610325068, 0.0497428439558]
    },
    "chords_histogram": [53.0864181519, 3.18930029869, 13.6831274033, 0, 0, 0, 0, 0, 7.30452680588, 0, 0, 0, 0, 0, 0, 0, 0, 6.27572011948, 0, 2.57201647758, 0, 0.514403283596, 13.271604538, 0.102880656719],
    "thpcp": [1, 0.630689561367, 0.222206860781, 0.11254080385, 0.146809518337, 0.291034430265, 0.384837269783, 0.272449404001, 0.161033913493, 0.159615263343, 0.198883339763, 0.282849729061, 0.328115195036, 0.306499272585, 0.356831729412, 0.371288865805, 0.22950540483, 0.153216034174, 0.179409861565, 0.277892202139, 0.639935135841, 0.861383616924, 0.59521228075, 0.310374230146, 0.190826714039, 0.194350242615, 0.312554299831, 0.376159250736, 0.320872277021, 0.336439162493, 0.359061479568, 0.285670936108, 0.237455323339, 0.221029981971, 0.32033225894, 0.740399420261],
    "chords_key": "G",
    "chords_scale": "major",
    "key_key": "G",
    "key_scale": "major"
}
}