{
"lowlevel": {
    "average_loudness": 0.686161279678,
    "barkbands_crest": {
        "mean": 11.9608297348,
        "var": 15.8837022781
    },
    "barkbands_flatness_db": {
        "mean": 0.303744018078,
        "var": 0.00501098297536
    },
    "barkbands_kurtosis": {
        "mean": 6.4271197319,
        "var": 86.8640975952
    },
    "barkbands_skewness": {
        "mean": 1.43308949471,
        "var": 1.25019681454
    },
    "barkbands_spread": {
        "mean": 6.76240110397,
        "var": 76.5641174316
    },
    "dissonance": {
        "mean": 0.390098124743,
        "var": 0.00372351845726
    },
    "dynamic_complexity": 4.67775344849,
    "erbbands_crest": {
        "mean": 12.854763031,
        "var": 23.972120285
    },
    "erbbands_flatness_db": {
        "mean": 0.291336268187,
        "var": 0.00286677409895
    },
    "erbbands_kurtosis": {
        "mean": 3.16443562508,
        "var": 18.9748401642
    },
    "erbbands_skewness": {
        "mean": 1.02803063393,
        "var": 0.825304865837
    },
    "erbbands_spread": {
        "mean": 16.3471984863,
        "var": 258.552886963
    },
    "hfc": {
        "mean": 10.0065307617,
        "var": 225.367599487
    },
    "melbands_crest": {
        "mean": 15.418920517,
        "var": 23.5510253906
    },
    "melbands_flatness_db": {
        "mean": 0.407073318958,
        "var": 0.0105061298236
    },
    "melbands_kurtosis": {
        "mean": 9.82045650482,
        "var": 197.25843811
    },
    "melbands_skewness": {
        "mean": 1.83555150032,
        "var": 1.66549432278
    },
    "melbands_spread": {
        "mean": 8.24065876007,
        "var": 134.189315796
    },
    "pitch_salience": {
        "mean": 0.553456544876,
        "var": 0.011859131977
    },
    "silence_rate_20dB": {
        "mean": 1,
        "var": 0
    },
    "silence_rate_30dB": {
        "mean": 0.994850695133,
        "var": 0.00512290839106
    },
    "silence_rate_60dB": {
        "mean": 0.110195674002,
        "var": 0.0980545058846
    },
    "spectral_centroid": {
        "mean": 479.733337402,
        "var": 113836.5
    },
    "spectral_complexity": {
        "mean": 8.86096763611,
        "var": 16.6521530151
    },
    "spectral_decrease": {
        "mean": -5.02623942467e-009,
        "var": 2.48896694171e-017
    },
    "spectral_energy": {
        "mean": 0.0198777746409,
        "var": 0.00040230419836
    },
    "spectral_energyband_high": {
        "mean": 8.61213411554e-005,
        "var": 1.3013416833e-007
    },
    "spectral_energyband_low": {
        "mean": 0.004195519723,
        "var": 3.2402069337e-005
    },
    "spectral_energyband_middle_high": {
        "mean": 0.00325186992995,
        "var": 6.83580583427e-005
    },
    "spectral_energyband_middle_low": {
        "mean": 0.0129948491231,
        "var": 0.000186827615835
    },
    "spectral_entropy": {
        "mean": 5.95971822739,
        "var": 0.321267336607
    },
    "spectral_flux": {
        "mean": 0.0429610982537,
        "var": 0.00111662247218
    },
    "spectral_kurtosis": {
        "mean": 53.2346305847,
        "var": 2341.95336914
    },
    "spectral_rms": {
        "mean": 0.00393042014912,
        "var": 3.94475591747e-006
    },
    "spectral_rolloff": {
        "mean": 645.166503906,
        "var": 941186.375
    },
    "spectral_skewness": {
        "mean": 5.05108165741,
        "var": 6.68305015564
    },
    "spectral_spread": {
        "mean": 2132614.5,
        "var": 4.15819628544e+012
    },
    "spectral_strongpeak": {
        "mean": 1.0733795166,
        "var": 1.82958877087
    },
    "zerocrossingrate": {
        "mean": 0.0237143263221,
        "var": 0.000694674323313
    },
    "barkbands": {
        "mean": [1.86268771358e-005, 0.00207126606256, 0.0016247445019, 0.00085894780932, 0.00327979912981, 0.00192962202709, 0.00283132027835, 0.00281185517088, 0.000962525315117, 0.00115309387911, 0.000669510453008, 0.000598256650846, 0.000441174081061, 0.000314903445542, 7.81974886195e-005, 4.32428823842e-005, 4.48831924587e-005, 5.01899667142e-005, 8.09967696114e-006, 2.19068283513e-006, 4.73825502922e-006, 2.88870269287e-005, 3.51047347067e-005, 1.25611795738e-005, 3.1638010114e-006, 8.88336785465e-007, 2.22865867983e-008],
        "var": [2.10110773224e-009, 1.58253660629e-005, 6.42407621854e-006, 1.51110498336e-006, 1.47238461068e-005, 1.25033993754e-005, 3.41199811373e-005, 6.02474974585e-005, 7.39172946851e-006, 2.05774340429e-005, 1.04976088551e-005, 4.70457825941e-006, 6.36778031549e-006, 1.70678822542e-006, 1.096111788e-007, 2.58100794071e-008, 1.82096862034e-008, 3.18581463432e-008, 8.81735906511e-010, 3.88214425884e-011, 3.33200217417e-010, 8.82346817832e-009, 2.99347746591e-008, 9.02244501333e-009, 7.79417252961e-010, 2.57376706753e-011, 2.08539105038e-014]
    },
    "erbbands": {
        "mean": [0.0238492824137, 0.587829887867, 1.9792573452, 2.51459693909, 5.54153347015, 11.9082069397, 15.7194347382, 15.9432706833, 30.1512889862, 60.480632782, 52.291343689, 23.3945159912, 31.91680336, 31.5481491089, 31.9994335175, 20.234413147, 15.5551099777, 23.8419551849, 7.73972988129, 2.61925697327, 2.51012635231, 2.52935361862, 3.17758774757, 0.954777240753, 0.26313111186, 0.106645837426, 0.12564881146, 0.276848077774, 0.903759300709, 1.14826524258, 0.990848720074, 0.505331158638, 0.101077690721, 0.0433065220714, 0.0182509142905, 0.00625405739993, 0.00111560057849, 0.000119143813208, 1.31979495563e-005, 2.27785385505e-005],
        "var": [0.00203111418523, 1.20780551434, 8.9543800354, 9.64227962494, 36.7781028748, 307.328491211, 927.260925293, 842.323608398, 4580.00927734, 16148.8554688, 25670.5410156, 4240.20654297, 12544.4296875, 17605.6933594, 19522.5410156, 3567.67651367, 5888.15380859, 9245.16210938, 730.21307373, 60.0707969666, 83.7160186768, 36.1178321838, 127.973937988, 10.4556512833, 0.631614923477, 0.0909035503864, 0.210571467876, 1.25154232979, 8.67037773132, 15.9704627991, 25.8099002838, 15.5333356857, 0.486426323652, 0.19175067544, 0.0149369919673, 0.00127415184397, 4.16193142883e-005, 4.45513961722e-007, 4.80907480505e-010, 5.39043421011e-010]
    },
    "gfcc": {
        "mean": [-153.411132813, 195.071060181, -83.4527664185, -9.22272586823, -54.4515113831, 2.76800441742, -30.0567188263, -9.58607959747, -7.8713092804, -10.8402986526, -9.18210697174, -1.44736003876, -15.8565788269],
        "cov": [[9794.34277344, -2901.30957031, -3024.62597656, 961.573242188, -1546.66992188, 377.798034668, -657.103088379, 154.495605469, 389.65637207, -453.224304199, -91.1802215576, 402.647369385, -235.456863403], [-2901.30957031, 2479.26928711, 356.180419922, -889.893005371, 1327.05151367, -512.774169922, 421.932037354, -55.3938331604, -41.7787818909, 239.435241699, 268.992797852, -285.672271729, 241.910797119], [-3024.62597656, 356.180419922, 1888.43652344, 38.2025222778, -62.3969497681, 186.575546265, 143.090713501, -77.3843002319, -184.688308716, 65.9161300659, -88.902305603, -7.7084107399, -3.64899992943], [961.573242188, -889.893005371, 38.2025222778, 717.747314453, -444.446777344, 121.87046051, -118.123802185, -11.5631332397, 45.2792472839, -83.8748168945, -118.470230103, 124.891487122, -20.6142692566], [-1546.66992188, 1327.05151367, -62.3969497681, -444.446777344, 1011.88739014, -332.792602539, 196.005447388, 7.99773693085, -10.0028657913, 214.687286377, 171.188323975, -197.16305542, 159.815338135], [377.798034668, -512.774169922, 186.575546265, 121.87046051, -332.792602539, 333.015899658, -27.7665710449, -12.2199668884, -11.1541318893, -63.3317909241, -73.701675415, 49.7656440735, -94.2087249756], [-657.103088379, 421.932037354, 143.090713501, -118.123802185, 196.005447388, -27.7665710449, 310.997253418, 33.2652320862, -38.482509613, 32.3630523682, 52.8636245728, -41.1372566223, 9.60566902161], [154.495605469, -55.3938331604, -77.3843002319, -11.5631332397, 7.99773693085, -12.2199668884, 33.2652320862, 115.872146606, 14.1420793533, -14.5724887848, 18.3064117432, 15.0787124634, -8.83668804169], [389.65637207, -41.7787818909, -184.688308716, 45.2792472839, -10.0028657913, -11.1541318893, -38.482509613, 14.1420793533, 131.299819946, 9.26460266113, 1.654037714, 12.7212934494, -4.81135177612], [-453.224304199, 239.435241699, 65.9161300659, -83.8748168945, 214.687286377, -63.3317909241, 32.3630523682, -14.5724887848, 9.26460266113, 216.506210327, 46.2148094177, -79.3226013184, 57.4345779419], [-91.1802215576, 268.992797852, -88.902305603, -118.470230103, 171.188323975, -73.701675415, 52.8636245728, 18.3064117432, 1.654037714, 46.2148094177, 120.935890198, -20.5570964813, 17.3623580933], [402.647369385, -285.672271729, -7.7084107399, 124.891487122, -197.16305542, 49.7656440735, -41.1372566223, 15.0787124634, 12.7212934494, -79.3226013184, -20.5570964813, 126.570053101, -27.4426116943], [-235.456863403, 241.910797119, -3.64899992943, -20.6142692566, 159.815338135, -94.2087249756, 9.60566902161, -8.83668804169, -4.81135177612, 57.4345779419, 17.3623580933, -27.4426116943, 143.831939697]],
        "icov": [[0.000614360091276, -0.00062287482433, 0.00118705525529, -0.000756114022806, 0.0010617536027, -0.000952355971094, 0.000681926205289, -0.000728742335923, 0.000262205256149, -0.000320858118357, -0.000270289456239, -0.000440216885181, 0.000166774916579], [-0.00062287482433, 0.00681488402188, -0.00315852882341, 0.00462317792699, -0.00509696872905, 0.00463734846562, -0.00435682712123, 0.005435151048, -0.00449387915432, 0.0039838203229, -0.00283006532118, 0.00251331180334, -0.00349343102425], [0.00118705525529, -0.00315852882341, 0.00365438568406, -0.00271345046349, 0.00322957476601, -0.00338512682356, 0.00212258007377, -0.0025607435964, 0.00278296275064, -0.00226933811791, 0.00108799827285, -0.00187780661508, 0.00136427558027], [-0.000756114022806, 0.00462317792699, -0.00271345046349, 0.00556432502344, -0.00305484328419, 0.00358137465082, -0.00312595674768, 0.00394409848377, -0.00362707790919, 0.00238217343576, -0.000439011870185, 0.000670474953949, -0.00298533844762], [0.0010617536027, -0.00509696872905, 0.00322957476601, -0.00305484328419, 0.00743004539981, -0.00250098085962, 0.00272303610109, -0.00426876870915, 0.0027156334836, -0.00350649561733, 8.78532446222e-005, 6.47064734949e-005, 0.0011096483795], [-0.000952355971094, 0.00463734846562, -0.00338512682356, 0.00358137465082, -0.00250098085962, 0.00896825827658, -0.00369102554396, 0.0041833887808, -0.00305341184139, 0.00239179539494, -0.000460657320218, 0.00229376880452, -0.000338594225468], [0.000681926205289, -0.00435682712123, 0.00212258007377, -0.00312595674768, 0.00272303610109, -0.00369102554396, 0.00724472757429, -0.00495742307976, 0.00356794358231, -0.00217421818525, 0.000388512155041, -0.0012629564153, 0.00251796585508], [-0.000728742335923, 0.005435151048, -0.0025607435964, 0.00394409848377, -0.00426876870915, 0.0041833887808, -0.00495742307976, 0.0142334187403, -0.00438688276336, 0.0035740188323, -0.00292543764226, 0.00065623660339, -0.00224083894864], [0.000262205256149, -0.00449387915432, 0.00278296275064, -0.00362707790919, 0.0027156334836, -0.00305341184139, 0.00356794358231, -0.00438688276336, 0.0126970065758, -0.00414693308994, 0.00254286569543, -0.0028753853403, 0.00323818437755], [-0.000320858118357, 0.0039838203229, -0.00226933811791, 0.00238217343576, -0.00350649561733, 0.00239179539494, -0.00217421818525, 0.0035740188323, -0.00414693308994, 0.00974790100008, -0.00387950777076, 0.00508033623919, -0.00370785640553], [-0.000270289456239, -0.00283006532118, 0.00108799827285, -0.000439011870185, 8.78532446222e-005, -0.000460657320218, 0.000388512155041, -0.00292543764226, 0.00254286569543, -0.00387950777076, 0.0149878449738, -0.00388969411142, 0.0027599260211], [-0.000440216885181, 0.00251331180334, -0.00187780661508, 0.000670474953949, 6.47064734949e-005, 0.00229376880452, -0.0012629564153, 0.00065623660339, -0.0028753853403, 0.00508033623919, -0.00388969411142, 0.0152981374413, -0.00208065076731], [0.000166774916579, -0.00349343102425, 0.00136427558027, -0.00298533844762, 0.0011096483795, -0.000338594225468, 0.00251796585508, -0.00224083894864, 0.00323818437755, -0.00370785640553, 0.0027599260211, -0.00208065076731, 0.0118061453104]]
    },
    "melbands": {
        "mean": [0.000401718629291, 0.000991064007394, 0.000497262517456, 0.00063383433735, 0.000566140166484, 0.00036073118099, 0.000492415332701, 0.000676739029586, 0.00036617423757, 0.000137679482577, 0.000163852659171, 0.000132936591399, 0.000104188562545, 7.80175905675e-005, 3.0621940823e-005, 4.56350971945e-005, 4.36400514445e-005, 1.35688433147e-005, 4.09480480812e-006, 2.61269042312e-006, 3.0699668514e-006, 2.26220458899e-006, 3.31916521645e-006, 2.47893831329e-006, 5.59765567232e-007, 2.29918242667e-007, 1.13186061412e-007, 5.48801288858e-008, 6.1851565647e-008, 1.08809516064e-007, 1.63763743899e-007, 4.07826263427e-007, 7.71690451984e-007, 5.89325054534e-007, 5.9967044308e-007, 4.92915432915e-007, 2.28003912639e-007, 6.81183323081e-008, 4.33145537215e-008, 3.28800346949e-008],
        "var": [5.976037869e-007, 2.22052017307e-006, 2.88819563821e-007, 5.61372701213e-007, 9.29155987706e-007, 4.51500881127e-007, 1.06813763523e-006, 2.01541433853e-006, 1.32346849568e-006, 1.652084336e-007, 3.26924265437e-007, 3.42150030974e-007, 2.10772768128e-007, 7.916113276e-008, 1.73342229459e-008, 6.76084965789e-008, 3.29648841557e-008, 2.47694886824e-009, 2.02119057602e-010, 9.33599864084e-011, 1.59117899412e-010, 2.94227871234e-011, 8.90518006558e-011, 1.30261954001e-010, 3.34687529427e-012, 6.83591692367e-013, 1.20671281669e-013, 2.9427991348e-014, 4.89903019681e-014, 1.93540103106e-013, 5.36439436708e-013, 2.33250961948e-012, 6.56177846434e-012, 4.74641680126e-012, 7.89040534299e-012, 1.36267455653e-011, 3.51747732504e-012, 2.2859223737e-013, 2.35699399451e-013, 1.04715613622e-013]
    },
    "mfcc": {
        "mean": [-798.2109375, 215.716339111, 36.7983436584, -1.29007196426, -0.746126532555, 7.60598993301, -14.1339731216, 9.56234836578, -8.18033027649, -8.03298091888, 8.2141084671, 1.80831694603, -0.838612794876],
        "cov": [[8509.4453125, -1710.49975586, -2506.22167969, -296.729095459, -353.27053833, -123.428726196, -1129.34179688, 660.855041504, -375.558624268, -177.019180298, 248.18762207, -279.06552124, -172.128845215], [-1710.49975586, 1919.3762207, -222.103103638, -183.742279053, 382.031097412, -156.734100342, 447.492645264, -334.275543213, 131.128356934, 76.8080978394, 13.4806041718, 169.19317627, 108.13634491], [-2506.22167969, -222.103103638, 1683.42163086, 195.786560059, -190.414703369, 227.838012695, 209.522232056, -13.0250959396, 52.9540901184, -14.4579620361, -121.797210693, -1.90071153641, 33.3256568909], [-296.729095459, -183.742279053, 195.786560059, 393.872253418, 20.0231723785, -12.3603582382, 13.4078044891, -10.2457904816, 73.1823959351, -48.0221328735, -34.6619758606, 27.4832897186, 40.9610862732], [-353.27053833, 382.031097412, -190.414703369, 20.0231723785, 338.867584229, -33.0660362244, 67.3280181885, -169.548233032, 62.3796195984, 39.7013473511, -10.7874307632, 64.0225067139, 31.4435749054], [-123.428726196, -156.734100342, 227.838012695, -12.3603582382, -33.0660362244, 203.190307617, -4.17192840576, -2.6404542923, 0.395833492279, 33.4448547363, -13.6438341141, -17.7286434174, -5.72044038773], [-1129.34179688, 447.492645264, 209.522232056, 13.4078044891, 67.3280181885, -4.17192840576, 422.471038818, -119.053733826, 65.4160919189, 88.7333602905, -44.4651527405, 90.8832015991, 57.0045967102], [660.855041504, -334.275543213, -13.0250959396, -10.2457904816, -169.548233032, -2.6404542923, -119.053733826, 389.211853027, -89.7264480591, -77.246635437, 48.8242645264, -80.4373703003, -24.6183815002], [-375.558624268, 131.128356934, 52.9540901184, 73.1823959351, 62.3796195984, 0.395833492279, 65.4160919189, -89.7264480591, 158.583892822, 17.3393554688, -33.4002227783, 32.4461212158, 31.3180541992], [-177.019180298, 76.8080978394, -14.4579620361, -48.0221328735, 39.7013473511, 33.4448547363, 88.7333602905, -77.246635437, 17.3393554688, 190.79019165, -7.6856637001, 25.9078769684, 26.818605423], [248.18762207, 13.4806041718, -121.797210693, -34.6619758606, -10.7874307632, -13.6438341141, -44.4651527405, 48.8242645264, -33.4002227783, -7.6856637001, 126.577003479, -13.3242444992, -15.7774448395], [-279.06552124, 169.19317627, -1.90071153641, 27.4832897186, 64.0225067139, -17.7286434174, 90.8832015991, -80.4373703003, 32.4461212158, 25.9078769684, -13.3242444992, 121.698738098, 38.5729179382], [-172.128845215, 108.13634491, 33.3256568909, 40.9610862732, 31.4435749054, -5.72044038773, 57.0045967102, -24.6183815002, 31.3180541992, 26.818605423, -15.7774448395, 38.5729179382, 111.335990906]],
        "icov": [[0.000555045844521, 0.000314001430525, 0.000890514173079, 6.79080039845e-005, 0.0004281597503, -0.000360516773071, 0.000553710269742, -0.000232748672715, 0.000261353794485, 0.000117521747597, 7.37958980608e-005, -5.80259893468e-007, -0.00030397545197], [0.000314001430525, 0.00136652914807, 0.000495183630846, 0.000875269062817, -0.000615379365627, 0.000459207076347, -0.000714285764843, 0.000240578345256, -0.000278058723779, 0.00061115284916, -0.000542314373888, -0.00015195942251, -0.000788936857134], [0.000890514173079, 0.000495183630846, 0.00239815935493, -0.000333986594342, 0.00129389076028, -0.00161924492568, 0.000314689968945, -0.000238998778514, 0.000439392257249, 0.000540018139873, 0.000650587666314, 0.000181852577953, -0.000586218782701], [6.79080039845e-005, 0.000875269062817, -0.000333986594342, 0.00384891452268, -0.000819369568489, 0.000893656921107, -0.000282241206151, -3.41789891536e-005, -0.00158496433869, 0.00119015248492, -0.000125443577417, -0.000621757586487, -0.001290127635], [0.0004281597503, -0.000615379365627, 0.00129389076028, -0.000819369568489, 0.00536672165617, -0.000802347203717, 0.000911837501917, 0.00110435253009, -0.000104994105641, -0.000270882388577, 0.000370352092432, -0.000648257264402, -0.000233913015109], [-0.000360516773071, 0.000459207076347, -0.00161924492568, 0.000893656921107, -0.000802347203717, 0.00703679071739, -0.000167733291164, 0.000380738114472, -0.000581640866585, -0.00130098557565, -0.000331802555593, 0.000471356965136, 0.000177406545845], [0.000553710269742, -0.000714285764843, 0.000314689968945, -0.000282241206151, 0.000911837501917, -0.000167733291164, 0.00501899467781, -0.000405636063078, 3.00631545542e-005, -0.0016051348066, 0.000894721481018, -0.00166746601462, -0.000283448112896], [-0.000232748672715, 0.000240578345256, -0.000238998778514, -3.41789891536e-005, 0.00110435253009, 0.000380738114472, -0.000405636063078, 0.00436786003411, 0.00107015611138, 0.0011044285493, -0.00110659271013, 0.00142688024789, -0.000846445385832], [0.000261353794485, -0.000278058723779, 0.000439392257249, -0.00158496433869, -0.000104994105641, -0.000581640866585, 3.00631545542e-005, 0.00107015611138, 0.0088155483827, -9.86555824056e-005, 0.00124352786224, 0.000122019388073, -0.000975312897936], [0.000117521747597, 0.00061115284916, 0.000540018139873, 0.00119015248492, -0.000270882388577, -0.00130098557565, -0.0016051348066, 0.0011044285493, -9.86555824056e-005, 0.00714931450784, -0.000402891630074, 4.05555292673e-005, -0.00170121656265], [7.37958980608e-005, -0.000542314373888, 0.000650587666314, -0.000125443577417, 0.000370352092432, -0.000331802555593, 0.000894721481018, -0.00110659271013, 0.00124352786224, -0.000402891630074, 0.00953235849738, -0.000141472919495, 0.000814900326077], [-5.80259893468e-007, -0.00015195942251, 0.000181852577953, -0.000621757586487, -0.000648257264402, 0.000471356965136, -0.00166746601462, 0.00142688024789, 0.000122019388073, 4.05555292673e-005, -0.000141472919495, 0.0119006829336, -0.00248962291516], [-0.00030397545197, -0.000788936857134, -0.000586218782701, -0.001290127635, -0.000233913015109, 0.000177406545845, -0.000283448112896, -0.000846445385832, -0.000975312897936, -0.00170121656265, 0.000814900326077, -0.00248962291516, 0.0116235446185]]
    },
    "spectral_contrast_coeffs": {
        "mean": [-0.613606989384, -0.699992537498, -0.740246593952, -0.74380248785, -0.754087388515, -0.780812859535],
        "var": [0.00538885034621, 0.00904409494251, 0.00933880824596, 0.00532222632319, 0.0068689705804, 0.00491214636713]
    },
    "spectral_contrast_valleys": {
        "mean": [-7.49111747742, -6.86680698395, -8.21226024628, -9.68353462219, -10.873755455, -13.0788955688],
        "var": [0.492317020893, 0.575623393059, 0.698747456074, 1.20364868641, 1.21866798401, 1.81980895996]
    }
},
"metadata": {
    "audio_properties": {
        "analysis_sample_rate": 44100,
        "bit_rate": 128074,
        "equal_loudness": 0,
        "length": 45.0612258911,
        "lossless": 0,
        "replay_gain": -5.89820098877,
        "sample_rate": 44100,
        "codec": "mp3",
        "downmix": "mix",
        "md5_encoded": "db7c86ac8df58960308b5eae8f6213f2"
    },
    "tags": {
        "file_name": "1246.mp3"
    },
    "version": {
        "essentia": "2.1-beta2",
        "essentia_git_sha": "v2.1_beta2",
        "extractor": "music 1.0"
    }
},
"rhythm": {
    "beats_count": 76,
    "beats_loudness": {
        "mean": 0.0285662282258,
        "var": 0.000650543661322
    },
    "bpm": 106.223861694,
    "bpm_histogram_first_peak_bpm": {
        "mean": 108,
        "var": 0
    },
    "bpm_histogram_first_peak_spread": {
        "mean": 0.487804889679,
        "var": 0
    },
    "bpm_histogram_first_peak_weight": {
        "mean": 0.280000001192,
        "var": 0
    },
    "bpm_histogram_second_peak_bpm": {
        "mean": 103,
        "var": 0
    },
    "bpm_histogram_second_peak_spread": {
        "mean": 0.473684161901,
        "var": 0
    },
    "bpm_histogram_second_peak_weight": {
        "mean": 0.133333340287,
        "var": 0
    },
    "danceability": 0.931977689266,
    "onset_rate": 2.35129499435,
    "beats_loudness_band_ratio": {
        "mean": [0.362842321396, 0.297914981842, 0.288248807192, 0.0921374186873, 0.0164402071387, 0.0178679842502],
        "var": [0.0701517760754, 0.0464896075428, 0.048739079386, 0.0214731935412, 0.00128716835752, 0.00934063177556]
    },
    "beats_position": [0.545668900013, 1.11455774307, 1.68344664574, 2.24072551727, 2.80961441994, 3.39011335373, 3.95900225639, 4.5046710968, 5.06195020676, 5.61922883987, 6.21133756638, 6.80344676971, 7.46521520615, 8.11537361145, 8.76553249359, 9.4040813446, 10.0426301956, 10.6927890778, 11.3313379288, 11.9698867798, 12.6084346771, 13.2469835281, 13.9087524414, 14.5589113235, 15.1742401123, 15.7895689011, 16.3932876587, 16.99700737, 17.600725174, 18.2044448853, 18.8197727203, 19.4118824005, 20.0039901733, 20.6077098846, 21.1882076263, 21.7687072754, 22.3375968933, 22.8948745728, 23.4637641907, 24.0210418701, 24.589931488, 25.1472110748, 25.6928787231, 26.2385482788, 26.8074378967, 27.3647155762, 27.9336051941, 28.4908847809, 29.0481624603, 29.6170520782, 30.1859397888, 30.7664394379, 31.3469390869, 31.9158267975, 32.4963264465, 33.0768241882, 33.6573219299, 34.2262115479, 34.7951011658, 35.3639907837, 35.9212684631, 36.4785499573, 37.0358276367, 37.5931053162, 38.1503829956, 38.7076644897, 39.2649421692, 39.8222198486, 40.402721405, 40.9599990845, 41.5404968262, 42.0977783203, 42.6666641235, 43.2355537415, 43.7928352356, 44.350112915]
},
"tonal": {
    "chords_changes_rate": 0.0668724253774,
    "chords_number_rate": 0.0164609048516,
    "chords_strength": {
        "mean": 0.47018122673,
        "var": 0.0102989329025
    },
    "hpcp_entropy": {
        "mean": 1.62834334373,
        "var": 0.524904727936
    },
    "key_strength": 0.577818989754,
    "tuning_diatonic_strength": 0.261092454195,
    "tuning_equal_tempered_deviation": 0.0843217894435,
    "tuning_frequency": 443.316436768,
    "tuning_nontempered_energy_ratio": 0.723237037659,
    "hpcp": {
        "mean": [0.194798275828, 0.083667293191, 0.0323810093105, 0.0388282835484, 0.0647578909993, 0.150742918253, 0.178501099348, 0.0976203531027, 0.0880715101957, 0.0996017456055, 0.0723435804248, 0.0941504240036, 0.100486427546, 0.0653324127197, 0.113390915096, 0.162488430738, 0.105721339583, 0.0825102925301, 0.0845099166036, 0.0552948825061, 0.101297721267, 0.140754684806, 0.0847010686994, 0.067565985024, 0.0709277167916, 0.0670354887843, 0.152682483196, 0.180516779423, 0.109353005886, 0.128369122744, 0.134851008654, 0.0731536075473, 0.102686740458, 0.132946372032, 0.108787052333, 0.179670080543],
        "var": [0.103213988245, 0.0292569678277, 0.01286901813, 0.0186570733786, 0.0336911380291, 0.0712460950017, 0.0997677147388, 0.0337135791779, 0.0353873260319, 0.0450699925423, 0.0288447067142, 0.0468013882637, 0.0473681502044, 0.0214556846768, 0.0466646850109, 0.0844627991319, 0.0368681661785, 0.0384860858321, 0.0397258773446, 0.017133353278, 0.0444628372788, 0.0835924074054, 0.0315047651529, 0.0371886044741, 0.0422364510596, 0.0217495933175, 0.0762834772468, 0.102610990405, 0.0408124290407, 0.070263504982, 0.0820890888572, 0.0221887417138, 0.0485359020531, 0.0757452324033, 0.0422579608858, 0.0852320417762]
    },
    "chords_histogram": [2.46913576126, 5.24691343307, 6.79012346268, 3.08641982079, 3.49794244766, 1.64609050751, 7.20164632797, 0, 0.205761313438, 5.45267486572, 0.205761313438, 0.102880656719, 13.8888893127, 4.62962961197, 0, 0, 5.34979438782, 0.617283940315, 6.99588489532, 1.23456788063, 6.68724298477, 0.308641970158, 2.57201647758, 21.8106994629],
    "thpcp": [1, 0.429507374763, 0.166228413582, 0.199325606227, 0.332435637712, 0.773841142654, 0.916338205338, 0.501135587692, 0.45211648941, 0.511307120323, 0.371376901865, 0.483322679996, 0.515848636627, 0.335384964943, 0.582094013691, 0.834136903286, 0.542722165585, 0.423567891121, 0.433832973242, 0.283857136965, 0.520013451576, 0.722566366196, 0.434814274311, 0.346851050854, 0.364108532667, 0.344127744436, 0.78379791975, 0.92668569088, 0.561365365982, 0.658984899521, 0.692259788513, 0.375535190105, 0.527144014835, 0.682482302189, 0.558460056782, 0.922339200974],
    "chords_key": "B",
    "chords_scale": "minor",
    "key_key": "D",
    "key_scale": "major"
}
}