{
"lowlevel": {
    "average_loudness": 0.981910765171,
    "barkbands_crest": {
        "mean": 7.33842658997,
        "var": 10.4006795883
    },
    "barkbands_flatness_db": {
        "mean": 0.100114770234,
        "var": 0.000839275831822
    },
    "barkbands_kurtosis": {
        "mean": 0.841123580933,
        "var": 11.4154214859
    },
    "barkbands_skewness": {
        "mean": 0.882243394852,
        "var": 0.64951723814
    },
    "barkbands_spread": {
        "mean": 26.1700325012,
        "var": 75.8336715698
    },
    "dissonance": {
        "mean": 0.476061165333,
        "var": 0.000341032311553
    },
    "dynamic_complexity": 0.945652127266,
    "erbbands_crest": {
        "mean": 8.10184764862,
        "var": 11.9292631149
    },
    "erbbands_flatness_db": {
        "mean": 0.154761180282,
        "var": 0.00102003244683
    },
    "erbbands_kurtosis": {
        "mean": -0.126198872924,
        "var": 1.35979640484
    },
    "erbbands_skewness": {
        "mean": 0.0588245019317,
        "var": 0.403606176376
    },
    "erbbands_spread": {
        "mean": 36.3036308289,
        "var": 154.097854614
    },
    "hfc": {
        "mean": 31.6240215302,
        "var": 197.835205078
    },
    "melbands_crest": {
        "mean": 10.1036682129,
        "var": 15.0571956635
    },
    "melbands_flatness_db": {
        "mean": 0.142212659121,
        "var": 0.00121194252279
    },
    "melbands_kurtosis": {
        "mean": 5.05069684982,
        "var": 56.4627990723
    },
    "melbands_skewness": {
        "mean": 1.76328003407,
        "var": 0.917256653309
    },
    "melbands_spread": {
        "mean": 33.066204071,
        "var": 203.960800171
    },
    "pitch_salience": {
        "mean": 0.635838150978,
        "var": 0.00745545793325
    },
    "silence_rate_20dB": {
        "mean": 1,
        "var": 0
    },
    "silence_rate_30dB": {
        "mean": 1,
        "var": 0
    },
    "silence_rate_60dB": {
        "mean": 0.00257466523908,
        "var": 0.00256806937978
    },
    "spectral_centroid": {
        "mean": 1648.28308105,
        "var": 232873.6875
    },
    "spectral_complexity": {
        "mean": 30.3480949402,
        "var": 65.8550796509
    },
    "spectral_decrease": {
        "mean": -7.1453412076e-009,
        "var": 5.46900181362e-018
    },
    "spectral_energy": {
        "mean": 0.0298365913332,
        "var": 9.03284235392e-005
    },
    "spectral_energyband_high": {
        "mean": 0.000901704188436,
        "var": 1.05992251065e-006
    },
    "spectral_energyband_low": {
        "mean": 0.00415573688224,
        "var": 1.45109643199e-005
    },
    "spectral_energyband_middle_high": {
        "mean": 0.0102014383301,
        "var": 4.17118681071e-005
    },
    "spectral_energyband_middle_low": {
        "mean": 0.015598074533,
        "var": 5.52164892724e-005
    },
    "spectral_entropy": {
        "mean": 7.73014736176,
        "var": 0.0474466942251
    },
    "spectral_flux": {
        "mean": 0.100409992039,
        "var": 0.00082407676382
    },
    "spectral_kurtosis": {
        "mean": 4.24775791168,
        "var": 3.66120696068
    },
    "spectral_rms": {
        "mean": 0.00532073853537,
        "var": 7.98616895281e-007
    },
    "spectral_rolloff": {
        "mean": 2009.80505371,
        "var": 1013456.8125
    },
    "spectral_skewness": {
        "mean": 1.4615688324,
        "var": 0.0799598023295
    },
    "spectral_spread": {
        "mean": 4182029,
        "var": 2.12416384205e+012
    },
    "spectral_strongpeak": {
        "mean": 1.30168199539,
        "var": 1.91847097874
    },
    "zerocrossingrate": {
        "mean": 0.0717906728387,
        "var": 0.000484686373966
    },
    "barkbands": {
        "mean": [0.0001320506708, 0.00155949790496, 0.00169274338987, 0.00164940324612, 0.00418176455423, 0.0032528701704, 0.0019378522411, 0.00216627074406, 0.00188763358165, 0.00161567947362, 0.000788564328104, 0.00107266078703, 0.000935320509598, 0.000747169309761, 0.00150126870722, 0.000581327301916, 0.000895834993571, 0.00110848271288, 0.00105490454007, 0.000295750709483, 0.000182446732651, 0.000163251388585, 0.000144443984027, 0.000185816083103, 7.00220116414e-005, 3.11085859721e-005, 2.42854139287e-006],
        "var": [3.87641172495e-008, 3.00032024825e-006, 4.60204455521e-006, 4.62917932964e-006, 1.4581069081e-005, 1.47162445501e-005, 5.93660797676e-006, 8.26046652946e-006, 7.77180503064e-006, 3.68445193999e-006, 2.85318105853e-006, 3.94422613681e-006, 2.44248667514e-006, 2.29143392971e-006, 2.77408548754e-006, 3.67455839978e-007, 1.20133620385e-006, 1.13891405817e-006, 9.05010153929e-007, 9.61966151181e-008, 1.87882651659e-008, 3.72263180282e-008, 6.66090897994e-008, 1.58124166205e-007, 1.70674265831e-008, 4.10270351026e-009, 4.19618610692e-011]
    },
    "erbbands": {
        "mean": [0.0472687296569, 0.36020898819, 1.69162273407, 4.02866315842, 7.99191951752, 15.6837339401, 24.7395820618, 23.4820747375, 28.6854705811, 31.6189136505, 54.5780982971, 44.2738838196, 40.627204895, 48.2457847595, 34.2457695007, 48.4854736328, 43.3049545288, 42.6555213928, 56.2840919495, 62.5204315186, 42.4333648682, 43.1094703674, 54.1410102844, 73.3029708862, 33.156124115, 13.7043523788, 8.70182514191, 6.7072520256, 6.24256277084, 4.32532978058, 4.24079942703, 4.1630988121, 2.7444767952, 1.09475672245, 0.369514465332, 0.148943647742, 0.0537644587457, 0.0104872202501, 0.000253056612564, 4.49298058811e-005],
        "var": [0.00344072561711, 0.162401214242, 4.47863674164, 17.3713684082, 76.5700454712, 254.76373291, 693.886291504, 853.195983887, 1212.70605469, 1997.21594238, 6035.18066406, 4123.66357422, 2316.39477539, 4481.45654297, 5369.984375, 6844.109375, 4583.99365234, 7081.58496094, 4360.30517578, 4840.93359375, 1951.10388184, 2349.67260742, 2444.22436523, 4247.02246094, 892.453796387, 185.268783569, 39.9916687012, 31.2017097473, 50.7351226807, 45.8877334595, 66.6412124634, 85.4206771851, 32.0234985352, 4.05679130554, 0.579715251923, 0.108665511012, 0.011912509799, 0.000497421307955, 2.53144065709e-007, 3.98326316375e-010]
    },
    "gfcc": {
        "mean": [47.7781333923, 86.3179016113, -134.914123535, 32.3588562012, -64.0708618164, 7.62976408005, -47.4720497131, 13.5734319687, -25.8946380615, -3.02944946289, -13.6601238251, -1.55750882626, -12.1357154846],
        "cov": [[1825.27954102, -242.05267334, 13.013253212, 9.41562843323, 4.00395298004, 126.214019775, -40.4980964661, 73.3077163696, -45.5800704956, 55.3715286255, -60.5630836487, 46.144203186, -82.4701538086], [-242.05267334, 447.23538208, -141.643371582, 21.5303287506, 33.3138084412, -48.2025642395, 48.8490486145, -39.6260986328, 43.2027130127, -35.2772598267, 72.4535903931, -54.8072814941, 37.9118804932], [13.013253212, -141.643371582, 478.349975586, -17.0092582703, -41.9626197815, 20.4775867462, -11.7247247696, 27.9789085388, -29.1194515228, 45.3636932373, -62.7698478699, 53.4400367737, -37.2046737671], [9.41562843323, 21.5303287506, -17.0092582703, 182.678894043, -8.6926279068, 19.3873233795, 0.397310256958, -10.3159799576, 18.7575874329, -4.56478881836, 19.1374130249, -27.5636444092, 23.4164009094], [4.00395298004, 33.3138084412, -41.9626197815, -8.6926279068, 232.415267944, -19.6925468445, 23.3497200012, 34.5836257935, 0.220697447658, 17.1975688934, -19.9215545654, 15.4884414673, -11.4020442963], [126.214019775, -48.2025642395, 20.4775867462, 19.3873233795, -19.6925468445, 150.04258728, 18.7175216675, -8.18814468384, -8.26856327057, 0.978847801685, 10.4790897369, 3.28038406372, -1.23738873005], [-40.4980964661, 48.8490486145, -11.7247247696, 0.397310256958, 23.3497200012, 18.7175216675, 96.1720352173, 31.6493606567, -7.71011400223, -20.9168052673, -0.477320760489, 9.67976665497, 3.69135212898], [73.3077163696, -39.6260986328, 27.9789085388, -10.3159799576, 34.5836257935, -8.18814468384, 31.6493606567, 99.2119369507, 26.6513900757, -4.40609073639, -44.4024009705, 2.37416243553, -4.63772201538], [-45.5800704956, 43.2027130127, -29.1194515228, 18.7575874329, 0.220697447658, -8.26856327057, -7.71011400223, 26.6513900757, 101.754203796, 40.9510269165, -6.68072557449, -33.4897766113, 0.681961894035], [55.3715286255, -35.2772598267, 45.3636932373, -4.56478881836, 17.1975688934, 0.978847801685, -20.9168052673, -4.40609073639, 40.9510269165, 106.532867432, 30.4638080597, 4.53097915649, -21.380815506], [-60.5630836487, 72.4535903931, -62.7698478699, 19.1374130249, -19.9215545654, 10.4790897369, -0.477320760489, -44.4024009705, -6.68072557449, 30.4638080597, 119.073425293, 19.6589317322, 12.252828598], [46.144203186, -54.8072814941, 53.4400367737, -27.5636444092, 15.4884414673, 3.28038406372, 9.67976665497, 2.37416243553, -33.4897766113, 4.53097915649, 19.6589317322, 83.0740127563, 15.4271335602], [-82.4701538086, 37.9118804932, -37.2046737671, 23.4164009094, -11.4020442963, -1.23738873005, 3.69135212898, -4.63772201538, 0.681961894035, -21.380815506, 12.252828598, 15.4271335602, 67.8134155273]],
        "icov": [[0.000874877208844, -0.00050003681099, 0.000739873386919, -0.000646647182293, 0.000600691302679, -0.00102423527278, 0.00116346497089, -0.00149043707643, 0.001489406568, -0.00150433951057, 0.00146288692486, -0.00161375012249, 0.00150329456665], [-0.00050003681099, 0.00569433486089, -0.00151355483104, 0.00175739626866, -0.00248959939927, 0.00263052084483, -0.00437492504716, 0.00428261328489, -0.00513979746029, 0.00530937919393, -0.00615023635328, 0.00610506162047, -0.00362032558769], [0.000739873386919, -0.00151355483104, 0.00431541493163, -0.00166373990942, 0.00234860391356, -0.00153971463442, 0.00184953236021, -0.00259373546578, 0.00378189166076, -0.0050007016398, 0.00543740252033, -0.00537734944373, 0.00340292975307], [-0.000646647182293, 0.00175739626866, -0.00166373990942, 0.00755342608318, -0.00162775174249, 0.000441695650807, -0.00182661623694, 0.0022404731717, -0.00315631856211, 0.00320955202915, -0.00447066826746, 0.00603635841981, -0.00482468027622], [0.000600691302679, -0.00248959939927, 0.00234860391356, -0.00162775174249, 0.00673769181594, -0.000846583279781, 0.00115014484618, -0.00376398046501, 0.00408697873354, -0.00541876908392, 0.00525955483317, -0.00518112070858, 0.00324912392534], [-0.00102423527278, 0.00263052084483, -0.00153971463442, 0.000441695650807, -0.000846583279781, 0.00919613149017, -0.00469782855362, 0.00384955247864, -0.00293030776083, 0.00295893056318, -0.00382429664023, 0.00367240607738, -0.00235111266375], [0.00116346497089, -0.00437492504716, 0.00184953236021, -0.00182661623694, 0.00115014484618, -0.00469782855362, 0.0176735948771, -0.00963531434536, 0.00557749997824, -0.00187534687575, 0.00300111994147, -0.00628691678867, 0.00423351628706], [-0.00149043707643, 0.00428261328489, -0.00259373546578, 0.0022404731717, -0.00376398046501, 0.00384955247864, -0.00963531434536, 0.021436650306, -0.011450143531, 0.00675723329186, -0.000616692239419, 0.00289503880776, -0.00327712041326], [0.001489406568, -0.00513979746029, 0.00378189166076, -0.00315631856211, 0.00408697873354, -0.00293030776083, 0.00557749997824, -0.011450143531, 0.0244642626494, -0.0159370042384, 0.00847664102912, -5.42741727259e-005, 0.000606548739597], [-0.00150433951057, 0.00530937919393, -0.0050007016398, 0.00320955202915, -0.00541876908392, 0.00295893056318, -0.00187534687575, 0.00675723329186, -0.0159370042384, 0.0249517727643, -0.0139491437003, 0.00496609834954, 0.000475440261653], [0.00146288692486, -0.00615023635328, 0.00543740252033, -0.00447066826746, 0.00525955483317, -0.00382429664023, 0.00300111994147, -0.000616692239419, 0.00847664102912, -0.0139491437003, 0.0232095438987, -0.013196115382, 0.00467850547284], [-0.00161375012249, 0.00610506162047, -0.00537734944373, 0.00603635841981, -0.00518112070858, 0.00367240607738, -0.00628691678867, 0.00289503880776, -5.42741727259e-005, 0.00496609834954, -0.013196115382, 0.0292068589479, -0.0133678950369], [0.00150329456665, -0.00362032558769, 0.00340292975307, -0.00482468027622, 0.00324912392534, -0.00235111266375, 0.00423351628706, -0.00327712041326, 0.000606548739597, 0.000475440261653, 0.00467850547284, -0.0133678950369, 0.024519905448]]
    },
    "melbands": {
        "mean": [0.000428394239862, 0.000741878873669, 0.000795506872237, 0.000865127542056, 0.000848640047479, 0.000555973383598, 0.000429949112004, 0.000353849231033, 0.000466562545625, 0.000252054451266, 0.000199679489015, 0.000199067333597, 0.000106672465336, 0.000120175805932, 0.000121098950331, 8.40548091219e-005, 7.60890252423e-005, 7.59623435442e-005, 0.000118077208754, 5.15047286171e-005, 5.42019442946e-005, 4.72223946417e-005, 4.45813311671e-005, 5.20868306921e-005, 6.31164366496e-005, 2.95470817946e-005, 1.50866389959e-005, 7.49529544919e-006, 5.65345226278e-006, 4.45066461907e-006, 3.56081363861e-006, 3.81459881282e-006, 2.67522932518e-006, 2.25565213441e-006, 2.37640688283e-006, 2.56627640738e-006, 2.54741280514e-006, 2.1363318865e-006, 1.30139324028e-006, 7.90538706497e-007],
        "var": [2.3430267504e-007, 7.45535544411e-007, 6.84730537159e-007, 7.80085031238e-007, 6.42070517642e-007, 4.60214465647e-007, 2.69063946234e-007, 2.2505224706e-007, 4.6534808007e-007, 1.35606484264e-007, 5.84624153532e-008, 8.2233512444e-008, 5.63055948533e-008, 4.41082192992e-008, 5.47329754852e-008, 1.90546316503e-008, 2.72774034471e-008, 1.13486535724e-008, 1.92690503553e-008, 2.9975872895e-009, 4.21029433539e-009, 3.37860539545e-009, 2.48660847468e-009, 2.55938914506e-009, 3.45802519952e-009, 8.33695945612e-010, 2.89632456907e-010, 6.1585701816e-011, 1.95102562578e-011, 1.27158899729e-011, 1.0360800759e-011, 1.89274741713e-011, 1.46589476668e-011, 1.46772576731e-011, 2.16348206711e-011, 2.38127954855e-011, 3.87338217056e-011, 2.06419343424e-011, 6.72897024559e-012, 2.1289018725e-012]
    },
    "mfcc": {
        "mean": [-585.988342285, 111.050140381, -12.1098175049, 19.3003501892, 4.60481452942, -9.18655204773, -5.05137395859, 3.44898033142, -7.11217546463, 1.52740359306, -2.61558103561, -4.10821390152, -5.61343622208],
        "cov": [[1202.14880371, -181.948272705, -70.8284606934, -55.7269096375, 39.5290298462, 62.1238174438, 31.2441501617, 33.5599136353, 3.22055912018, 15.321595192, 47.3968582153, 27.5030574799, -26.6851768494], [-181.948272705, 391.732910156, -112.693595886, 25.2477455139, 2.58767676353, -25.7267532349, 14.2707338333, 2.00423741341, -7.22899627686, 5.34670114517, 13.2844762802, -0.966526567936, 14.2839832306], [-70.8284606934, -112.693595886, 450.284667969, -26.1151599884, -49.5784454346, 22.6458187103, -20.3229064941, -14.4090776443, -7.63596773148, 4.41607236862, -24.5342788696, -9.80937194824, 20.7371387482], [-55.7269096375, 25.2477455139, -26.1151599884, 172.264419556, 30.9551773071, -25.1631126404, -2.10266375542, -1.88204276562, 18.1649608612, 25.7234096527, -12.2971305847, -15.9830570221, 9.14319515228], [39.5290298462, 2.58767676353, -49.5784454346, 30.9551773071, 124.327735901, 19.8952865601, -1.96085631847, -8.84374237061, 20.5938568115, 14.9264326096, 8.43425178528, 8.36714267731, -5.08326196671], [62.1238174438, -25.7267532349, 22.6458187103, -25.1631126404, 19.8952865601, 113.863494873, 29.7479686737, -14.5036668777, -21.0513725281, -7.11641407013, 13.8331861496, 22.5736560822, 5.88749694824], [31.2441501617, 14.2707338333, -20.3229064941, -2.10266375542, -1.96085631847, 29.7479686737, 110.568199158, 41.6614761353, -22.2029857635, -28.6014614105, -3.75266623497, -0.457460731268, -7.76078701019], [33.5599136353, 2.00423741341, -14.4090776443, -1.88204276562, -8.84374237061, -14.5036668777, 41.6614761353, 106.252365112, 43.5036277771, -18.4542808533, -13.4342956543, -14.9637413025, -23.9661521912], [3.22055912018, -7.22899627686, -7.63596773148, 18.1649608612, 20.5938568115, -21.0513725281, -22.2029857635, 43.5036277771, 118.283973694, 39.3631019592, -6.09434080124, -11.357796669, -17.1193981171], [15.321595192, 5.34670114517, 4.41607236862, 25.7234096527, 14.9264326096, -7.11641407013, -28.6014614105, -18.4542808533, 39.3631019592, 90.7222061157, 28.8494224548, -2.70852637291, -0.233693927526], [47.3968582153, 13.2844762802, -24.5342788696, -12.2971305847, 8.43425178528, 13.8331861496, -3.75266623497, -13.4342956543, -6.09434080124, 28.8494224548, 73.2017440796, 28.5970096588, 2.13227534294], [27.5030574799, -0.966526567936, -9.80937194824, -15.9830570221, 8.36714267731, 22.5736560822, -0.457460731268, -14.9637413025, -11.357796669, -2.70852637291, 28.5970096588, 69.6430511475, 27.8256511688], [-26.6851768494, 14.2839832306, 20.7371387482, 9.14319515228, -5.08326196671, 5.88749694824, -7.76078701019, -23.9661521912, -17.1193981171, -0.233693927526, 2.13227534294, 27.8256511688, 72.6219482422]],
        "icov": [[0.00100700359326, 0.00052873371169, 0.000255465041846, 0.000257137959125, -0.000235785206314, -0.000345552805811, -5.74299847358e-005, -0.000558288826142, 0.00027029615012, -0.000396902294597, -0.000409529602621, -0.000119298303616, 0.000102013960714], [0.00052873371169, 0.00316473678686, 0.00083389953943, -5.13120430696e-005, -1.197183974e-005, 0.000444375822553, -0.000542386202142, -0.000277673214441, 0.000312958552968, -0.000364207604434, -0.000793907092884, 0.000469543825602, -0.000930303242058], [0.000255465041846, 0.00083389953943, 0.00277536339127, 0.000331817223923, 0.000989965745248, -0.000929903297219, 0.000486850796733, -0.000215749634663, 0.000233126687817, -0.000810647266917, 0.000867356488016, 0.000552455894649, -0.000963715137914], [0.000257137959125, -5.13120430696e-005, 0.000331817223923, 0.00719870487228, -0.00197829981335, 0.00148428557441, -0.00101077998988, 5.14400235261e-005, 7.41398907849e-005, -0.00245961430483, 0.0015695450129, 0.00134851387702, -0.00179955933709], [-0.000235785206314, -1.197183974e-005, 0.000989965745248, -0.00197829981335, 0.0100253252313, -0.00227393116802, -8.06402458693e-005, 0.0018707026029, -0.00246310024522, 0.000144718360389, -8.31337529235e-005, -0.00114401779138, 0.00123753387015], [-0.000345552805811, 0.000444375822553, -0.000929903297219, 0.00148428557441, -0.00227393116802, 0.012086270377, -0.00436820788309, 0.00277979322709, 9.3104034022e-005, 0.000320907915011, -0.000835949904285, -0.00241142464802, 0.000147310711327], [-5.74299847358e-005, -0.000542386202142, 0.000486850796733, -0.00101077998988, -8.06402458693e-005, -0.00436820788309, 0.0145971169695, -0.00797170307487, 0.00491030607373, 0.000746980076656, 0.000268736854196, 0.000211012578802, 0.000422657292802], [-0.000558288826142, -0.000277673214441, -0.000215749634663, 5.14400235261e-005, 0.0018707026029, 0.00277979322709, -0.00797170307487, 0.0189082827419, -0.00989187322557, 0.00601385580376, -0.00104273518082, 0.00114085373934, 0.00247925287113], [0.00027029615012, 0.000312958552968, 0.000233126687817, 7.41398907849e-005, -0.00246310024522, 9.3104034022e-005, 0.00491030607373, -0.00989187322557, 0.0166163872927, -0.00867880415171, 0.00400296645239, -0.0017433189787, 0.00148174515925], [-0.000396902294597, -0.000364207604434, -0.000810647266917, -0.00245961430483, 0.000144718360389, 0.000320907915011, 0.000746980076656, 0.00601385580376, -0.00867880415171, 0.0202792305499, -0.00968008767813, 0.00433288980275, -0.000841054774355], [-0.000409529602621, -0.000793907092884, 0.000867356488016, 0.0015695450129, -8.31337529235e-005, -0.000835949904285, 0.000268736854196, -0.00104273518082, 0.00400296645239, -0.00968008767813, 0.0223814602941, -0.00950198434293, 0.00320303463377], [-0.000119298303616, 0.000469543825602, 0.000552455894649, 0.00134851387702, -0.00114401779138, -0.00241142464802, 0.000211012578802, 0.00114085373934, -0.0017433189787, 0.00433288980275, -0.00950198434293, 0.023353420198, -0.00901532359421], [0.000102013960714, -0.000930303242058, -0.000963715137914, -0.00179955933709, 0.00123753387015, 0.000147310711327, 0.000422657292802, 0.00247925287113, 0.00148174515925, -0.000841054774355, 0.00320303463377, -0.00901532359421, 0.0191370304674]]
    },
    "spectral_contrast_coeffs": {
        "mean": [-0.61378800869, -0.73153758049, -0.76409471035, -0.769959867001, -0.757199406624, -0.766459703445],
        "var": [0.00511132366955, 0.00416915910318, 0.00286169163883, 0.00226347381249, 0.00145670899656, 0.000798580120318]
    },
    "spectral_contrast_valleys": {
        "mean": [-7.16058397293, -6.07255744934, -6.71503639221, -7.00272607803, -6.85194683075, -9.55495643616],
        "var": [0.501087844372, 0.458847016096, 0.450841903687, 0.445186287165, 0.392866402864, 0.461940616369]
    }
},
"metadata": {
    "audio_properties": {
        "analysis_sample_rate": 44100,
        "bit_rate": 128074,
        "equal_loudness": 0,
        "length": 45.0612258911,
        "lossless": 0,
        "replay_gain": -5.90254974365,
        "sample_rate": 44100,
        "codec": "mp3",
        "downmix": "mix",
        "md5_encoded": "e6ad2ea15f0887e561ef6704ed7766a6"
    },
    "tags": {
        "file_name": "1247.mp3"
    },
    "version": {
        "essentia": "2.1-beta2",
        "essentia_git_sha": "v2.1_beta2",
        "extractor": "music 1.0"
    }
},
"rhythm": {
    "beats_count": 139,
    "beats_loudness": {
        "mean": 0.0338818989694,
        "var": 6.08988666499e-005
    },
    "bpm": 184.57019043,
    "bpm_histogram_first_peak_bpm": {
        "mean": 185,
        "var": 0
    },
    "bpm_histogram_first_peak_spread": {
        "mean": 0,
        "var": 0
    },
    "bpm_histogram_first_peak_weight": {
        "mean": 0.557971000671,
        "var": 0
    },
    "bpm_histogram_second_peak_bpm": {
        "mean": 191,
        "var": 0
    },
    "bpm_histogram_second_peak_spread": {
        "mean": 0,
        "var": 0
    },
    "bpm_histogram_second_peak_weight": {
        "mean": 0.340579718351,
        "var": 0
    },
    "danceability": 1.45979583263,
    "onset_rate": 3.32730412483,
    "beats_loudness_band_ratio": {
        "mean": [0.218089416623, 0.210501477122, 0.219753101468, 0.15306070447, 0.162334010005, 0.0751135572791],
        "var": [0.0146578093991, 0.01332048513, 0.0137265855446, 0.0111717479303, 0.00670417072251, 0.00205741613172]
    },
    "beats_position": [0.336689323187, 0.673378646374, 1.01006805897, 1.33514738083, 1.64861679077, 1.9620860815, 2.27555561066, 2.58902478218, 2.90249419212, 3.22757363319, 3.55265307426, 3.85451245308, 4.1679816246, 4.48145103455, 4.79492044449, 5.10838985443, 5.42185926437, 5.73532867432, 6.04879808426, 6.35065746307, 6.66412687302, 6.96598625183, 7.2910656929, 7.61614513397, 7.91800451279, 8.24308395386, 8.56816291809, 8.88163280487, 9.19510173798, 9.52018165588, 9.84526062012, 10.1703395844, 10.4838094711, 10.7972784042, 11.1223583221, 11.4474372864, 11.7725172043, 12.0859861374, 12.3994560242, 12.7129249573, 13.0380039215, 13.3514738083, 13.6765527725, 14.0016326904, 14.3267116547, 14.6517915726, 14.9768705368, 15.301949501, 15.6270294189, 15.9521083832, 16.2771873474, 16.602268219, 16.9273471832, 17.2408161163, 17.5542850494, 17.8793640137, 18.1928348541, 18.5063037872, 18.8313827515, 19.1564617157, 19.4815406799, 19.8066215515, 20.1317005157, 20.45677948, 20.7702484131, 21.0837192535, 21.3971881866, 21.7106571198, 22.035736084, 22.3608150482, 22.6858959198, 23.010974884, 23.3360538483, 23.6611328125, 23.974603653, 24.2880725861, 24.6131515503, 24.9382305145, 25.2516994476, 25.5651702881, 25.8902492523, 26.2153282166, 26.5404071808, 26.865486145, 27.1905670166, 27.5156459808, 27.8407249451, 28.1658039093, 28.4908847809, 28.8275737762, 29.1526527405, 29.4777317047, 29.7912006378, 30.1046714783, 30.4181404114, 30.7432193756, 31.0682983398, 31.4049873352, 31.7416782379, 32.0551452637, 32.3686180115, 32.6936950684, 33.0187759399, 33.3438529968, 33.6689338684, 33.99401474, 34.3190917969, 34.6441726685, 34.9576416016, 35.2711105347, 35.5845794678, 35.9096603394, 36.2231292725, 36.5482063293, 36.8616790771, 37.1751480103, 37.5002250671, 37.8136940002, 38.1387748718, 38.4638557434, 38.8005447388, 39.1372337341, 39.4739227295, 39.7989997864, 40.124080658, 40.4491615295, 40.7626304626, 41.0760993958, 41.4011802673, 41.7262573242, 42.0513381958, 42.3880271912, 42.713104248, 43.0497932434, 43.374874115, 43.6999549866, 44.0250320435, 44.350112915, 44.6751937866]
},
"tonal": {
    "chords_changes_rate": 0.0637860074639,
    "chords_number_rate": 0.00720164598897,
    "chords_strength": {
        "mean": 0.494832962751,
        "var": 0.00643276749179
    },
    "hpcp_entropy": {
        "mean": 2.17466068268,
        "var": 0.713424682617
    },
    "key_strength": 0.611561954021,
    "tuning_diatonic_strength": 0.49718606472,
    "tuning_equal_tempered_deviation": 0.0678479000926,
    "tuning_frequency": 440.254241943,
    "tuning_nontempered_energy_ratio": 0.747751235962,
    "hpcp": {
        "mean": [0.39386755228, 0.286595612764, 0.20497174561, 0.183186203241, 0.16399371624, 0.162250861526, 0.154032379389, 0.143354937434, 0.243599995971, 0.301927834749, 0.182736948133, 0.0985048785806, 0.094709828496, 0.113503329456, 0.248790681362, 0.351674228907, 0.256957650185, 0.182433217764, 0.189164251089, 0.202362135053, 0.274800896645, 0.287591218948, 0.203653663397, 0.185549274087, 0.161590576172, 0.108984045684, 0.11474506557, 0.121081419289, 0.126562818885, 0.213904052973, 0.270763963461, 0.197329953313, 0.140191420913, 0.144866943359, 0.195841595531, 0.335875272751],
        "var": [0.113205112517, 0.067196175456, 0.0475939363241, 0.0484405830503, 0.0411474555731, 0.0401032231748, 0.0413885191083, 0.0319898016751, 0.0751083344221, 0.122236400843, 0.0450265035033, 0.0179903618991, 0.022875873372, 0.0223339926451, 0.0597075521946, 0.105998970568, 0.0594604536891, 0.0528609864414, 0.0767720416188, 0.0555734708905, 0.0751768425107, 0.088392354548, 0.0519561618567, 0.0577819719911, 0.0531163103878, 0.0198265369982, 0.0199608579278, 0.0237801168114, 0.0214437041432, 0.0462052449584, 0.0784528926015, 0.0391773544252, 0.0250955410302, 0.0318229272962, 0.0472399145365, 0.0928416401148]
    },
    "chords_histogram": [18.5185184479, 0.308641970158, 35.4938278198, 3.70370364189, 0, 0.102880656719, 0, 13.5802469254, 0, 3.60082316399, 0, 0, 0.205761313438, 0.102880656719, 0, 0, 0, 0, 0, 0, 21.707818985, 0, 2.05761313438, 0.617283940315],
    "thpcp": [1, 0.727644622326, 0.520407795906, 0.465095937252, 0.416367679834, 0.411942690611, 0.391076594591, 0.363967359066, 0.618481993675, 0.766571998596, 0.463955312967, 0.250096440315, 0.240461111069, 0.288176387548, 0.631660759449, 0.892874360085, 0.652396082878, 0.463184177876, 0.480273753405, 0.513782203197, 0.697698771954, 0.730172395706, 0.517061293125, 0.471095621586, 0.410266280174, 0.276702255011, 0.291329056025, 0.307416588068, 0.321333438158, 0.543086230755, 0.687449276447, 0.501005887985, 0.355935454369, 0.367806226015, 0.497227042913, 0.852761983871],
    "chords_key": "A",
    "chords_scale": "minor",
    "key_key": "D",
    "key_scale": "minor"
}
}