{
"lowlevel": {
    "average_loudness": 0.330298602581,
    "barkbands_crest": {
        "mean": 10.3902301788,
        "var": 19.4298000336
    },
    "barkbands_flatness_db": {
        "mean": 0.320730954409,
        "var": 0.0065497700125
    },
    "barkbands_kurtosis": {
        "mean": 4.73142194748,
        "var": 124.690956116
    },
    "barkbands_skewness": {
        "mean": -1.37185108662,
        "var": 1.53408038616
    },
    "barkbands_spread": {
        "mean": 6.59742927551,
        "var": 9.97184944153
    },
    "dissonance": {
        "mean": 0.48742890358,
        "var": 0.00017316181038
    },
    "dynamic_complexity": 8.55610847473,
    "erbbands_crest": {
        "mean": 12.7900867462,
        "var": 24.3001251221
    },
    "erbbands_flatness_db": {
        "mean": 0.421779721975,
        "var": 0.00400184234604
    },
    "erbbands_kurtosis": {
        "mean": 3.42251706123,
        "var": 35.2806549072
    },
    "erbbands_skewness": {
        "mean": -1.14379167557,
        "var": 0.8187713027
    },
    "erbbands_spread": {
        "mean": 7.23848676682,
        "var": 11.6092634201
    },
    "hfc": {
        "mean": 12.5118808746,
        "var": 393.87322998
    },
    "melbands_crest": {
        "mean": 10.4388132095,
        "var": 22.6599674225
    },
    "melbands_flatness_db": {
        "mean": 0.326771885157,
        "var": 0.00444524083287
    },
    "melbands_kurtosis": {
        "mean": 2.3532102108,
        "var": 51.6044273376
    },
    "melbands_skewness": {
        "mean": -0.923832416534,
        "var": 1.04946601391
    },
    "melbands_spread": {
        "mean": 19.4450435638,
        "var": 69.3207321167
    },
    "pitch_salience": {
        "mean": 0.6493678689,
        "var": 0.00997979752719
    },
    "silence_rate_20dB": {
        "mean": 1,
        "var": 0
    },
    "silence_rate_30dB": {
        "mean": 1,
        "var": 0
    },
    "silence_rate_60dB": {
        "mean": 0.616374850273,
        "var": 0.236454054713
    },
    "spectral_centroid": {
        "mean": 2245.81225586,
        "var": 96167.0546875
    },
    "spectral_complexity": {
        "mean": 6.54325437546,
        "var": 42.0555038452
    },
    "spectral_decrease": {
        "mean": -1.26094967801e-009,
        "var": 3.80687998e-018
    },
    "spectral_energy": {
        "mean": 0.00589398061857,
        "var": 8.35742539493e-005
    },
    "spectral_energyband_high": {
        "mean": 4.05660536273e-008,
        "var": 3.1881506983e-015
    },
    "spectral_energyband_low": {
        "mean": 1.75227523869e-006,
        "var": 1.38871151991e-012
    },
    "spectral_energyband_middle_high": {
        "mean": 0.00579005060717,
        "var": 8.24270027806e-005
    },
    "spectral_energyband_middle_low": {
        "mean": 0.000124897938804,
        "var": 1.10486354288e-007
    },
    "spectral_entropy": {
        "mean": 6.54205942154,
        "var": 0.25174421072
    },
    "spectral_flux": {
        "mean": 0.0301613453776,
        "var": 0.000930939509999
    },
    "spectral_kurtosis": {
        "mean": 51.2130508423,
        "var": 965.353820801
    },
    "spectral_rms": {
        "mean": 0.0017670096131,
        "var": 2.62790081251e-006
    },
    "spectral_rolloff": {
        "mean": 2557.91137695,
        "var": 217609.484375
    },
    "spectral_skewness": {
        "mean": 3.12294411659,
        "var": 3.14586997032
    },
    "spectral_spread": {
        "mean": 896810.0625,
        "var": 892347547648
    },
    "spectral_strongpeak": {
        "mean": 2.4960911274,
        "var": 10.9230470657
    },
    "zerocrossingrate": {
        "mean": 0.092925556004,
        "var": 0.000232952006627
    },
    "barkbands": {
        "mean": [3.03668450385e-008, 1.4828340511e-007, 1.45627279835e-006, 2.9198290008e-007, 1.99036776394e-006, 4.95606900586e-006, 3.03799197354e-006, 1.09635720946e-005, 6.88418076606e-005, 0.000222030474106, 0.000204233510885, 7.38982780604e-005, 0.000244540540734, 0.000363130966434, 0.00107639108319, 0.00127667060588, 0.00117539730854, 0.00104002165608, 0.000125906779431, 6.85871670569e-009, 3.17920534343e-009, 1.22188916762e-008, 1.84400654746e-008, 1.87527282591e-009, 3.28019145179e-009, 4.94033591814e-010, 3.05770686548e-010],
        "var": [1.30766534584e-015, 1.03605868324e-014, 1.02833724609e-012, 3.03855573515e-013, 7.45852251488e-012, 6.17808790238e-011, 4.80078685139e-011, 1.9590524758e-009, 3.3537727262e-008, 6.4464290972e-007, 7.0966768817e-007, 2.90381834134e-008, 7.4393756222e-007, 2.04449634111e-006, 1.42697708725e-005, 1.52662178152e-005, 9.22360050026e-006, 6.04923980063e-006, 1.31711416884e-007, 3.65988272251e-016, 1.69430544601e-017, 4.8564009344e-016, 1.1185584641e-015, 1.49750586068e-018, 1.35867500996e-017, 4.04120949419e-019, 2.87781821974e-019]
    },
    "erbbands": {
        "mean": [4.14898840972e-006, 6.26541441306e-005, 0.00120739743579, 0.00155741372146, 0.00332965166308, 0.00841605477035, 0.0209017284214, 0.0438349433243, 0.0266568679363, 0.107733510435, 0.518220961094, 1.91357398033, 2.83201217651, 9.49516391754, 7.55215072632, 4.13678073883, 12.7399263382, 12.8768463135, 53.211063385, 55.84897995, 75.5038223267, 55.5185089111, 58.9891090393, 28.446352005, 1.66955053806, 0.0669281333685, 0.00650081969798, 0.00140379182994, 0.000705584359821, 0.000876415695529, 0.000543118629139, 8.95291232155e-005, 6.23091546004e-005, 6.11219511484e-005, 3.10883297061e-005, 1.17028585009e-005, 5.66747667108e-006, 2.76678838418e-006, 4.46763715445e-006, 8.21309731691e-006],
        "var": [8.49139421971e-012, 1.64416225079e-009, 7.17449779586e-007, 1.72851764546e-006, 3.1227398722e-005, 0.000127777748276, 0.00118585966993, 0.0051080416888, 0.00664496840909, 0.0408635102212, 2.06381130219, 28.0415840149, 147.471237183, 1027.95373535, 676.950683594, 87.6096191406, 2101.52783203, 1647.53234863, 39890.7851563, 32602.2773438, 45940.5976563, 17233.0351563, 22573.5820313, 5764.453125, 11.6539459229, 0.018457479775, 0.000160447743838, 6.1979376369e-006, 1.26801137412e-006, 2.28650696954e-006, 1.03703177956e-006, 1.16092255809e-008, 4.76320094478e-009, 5.81581582892e-009, 1.7986360179e-009, 2.29716232147e-010, 7.24515794581e-011, 1.83836366269e-011, 4.83651174665e-011, 1.63298749523e-010]
    },
    "gfcc": {
        "mean": [-288.838317871, 123.692489624, -244.651672363, -34.6928520203, 16.7091217041, -21.7232723236, -40.4616203308, 18.2395362854, -9.56240463257, -34.7285003662, -5.18584251404, -5.83201599121, -9.51380443573],
        "cov": [[6626.76660156, -815.214599609, -1911.85510254, -262.681335449, 668.391845703, -1118.04589844, 382.811767578, -290.20135498, -27.5317745209, -457.523712158, 39.4190139771, -149.942428589, -123.764556885], [-815.214599609, 559.117248535, 228.050933838, -103.615127563, -126.99621582, 133.37890625, -68.6764602661, -1.04476761818, -12.4331846237, 21.7987766266, 30.7121486664, -40.959072113, -4.57835102081], [-1911.85510254, 228.050933838, 652.566589355, 121.271629333, -222.029342651, 304.059661865, -155.035522461, 96.5048828125, 18.1699848175, 133.245117188, -36.6261177063, 85.7942733765, 48.2982559204], [-262.681335449, -103.615127563, 121.271629333, 146.509887695, -6.7552447319, -6.21451759338, -51.561252594, 33.757610321, 18.0369682312, 15.9243583679, -6.38006877899, 48.9752960205, 19.4746398926], [668.391845703, -126.99621582, -222.029342651, -6.7552447319, 141.886016846, -104.959152222, 33.6310882568, -48.5657653809, 9.79430675507, -44.9863777161, 4.408639431, -21.5715961456, -5.21833372116], [-1118.04589844, 133.37890625, 304.059661865, -6.21451759338, -104.959152222, 319.686645508, -15.9748458862, 36.5694389343, -36.2687835693, 102.076461792, -7.70370149612, 8.27980613708, 17.4121494293], [382.811767578, -68.6764602661, -155.035522461, -51.561252594, 33.6310882568, -15.9748458862, 120.102844238, -2.56974077225, -35.7925262451, -27.4256725311, 20.7540531158, -30.8857498169, -27.0079021454], [-290.20135498, -1.04476761818, 96.5048828125, 33.757610321, -48.5657653809, 36.5694389343, -2.56974077225, 81.6724624634, 30.3699550629, 19.1004104614, -19.6720294952, 15.166800499, 0.941300332546], [-27.5317745209, -12.4331846237, 18.1699848175, 18.0369682312, 9.79430675507, -36.2687835693, -35.7925262451, 30.3699550629, 89.1258392334, 9.37883377075, -23.9042987823, 2.73349475861, 9.65698814392], [-457.523712158, 21.7987766266, 133.245117188, 15.9243583679, -44.9863777161, 102.076461792, -27.4256725311, 19.1004104614, 9.37883377075, 87.4142990112, 8.21639060974, 1.47247052193, -7.35413503647], [39.4190139771, 30.7121486664, -36.6261177063, -6.38006877899, 4.408639431, -7.70370149612, 20.7540531158, -19.6720294952, -23.9042987823, 8.21639060974, 60.6079864502, 3.89097929001, -14.1776847839], [-149.942428589, -40.959072113, 85.7942733765, 48.9752960205, -21.5715961456, 8.27980613708, -30.8857498169, 15.166800499, 2.73349475861, 1.47247052193, 3.89097929001, 73.2016143799, 30.9253730774], [-123.764556885, -4.57835102081, 48.2982559204, 19.4746398926, -5.21833372116, 17.4121494293, -27.0079021454, 0.941300332546, 9.65698814392, -7.35413503647, -14.1776847839, 30.9253730774, 55.6279602051]],
        "icov": [[0.00208797748201, -0.000968559528701, 0.00606659194455, -0.000983261154033, 1.91923845705e-005, 0.00262032961473, -0.00148160965182, 0.00185423658695, 0.000995609094389, -0.00220767711289, 0.00559225957841, -0.00509641738608, 0.00186747510452], [-0.000968559528701, 0.00854379497468, -0.00914907921106, 0.00973395351321, -6.77010102663e-005, -0.00146932143252, 0.00795810203999, -0.00414181454107, -0.000721954042092, 0.0112076187506, -0.0155607257038, 0.0128578292206, -0.00203549442813], [0.00606659194455, -0.00914907921106, 0.0360702462494, -0.0167164783925, 0.0120613751933, -0.00107053923421, -0.00190455862321, 0.00854224991053, 0.000432835280662, -0.0145161924884, 0.0289942268282, -0.0274727456272, 0.0083447676152], [-0.000983261154033, 0.00973395351321, -0.0167164783925, 0.0266159493476, -0.0104129733518, 0.00452322885394, 0.0106613878161, -0.0131086017936, 0.00474900566041, 0.00940980482846, -0.0191815532744, 0.0111266747117, -0.0038399763871], [1.91923845705e-005, -6.77010102663e-005, 0.0120613751933, -0.0104129733518, 0.025972450152, -0.00616026623175, 5.01805188833e-005, 0.0125552350655, -0.00919299200177, 0.00220878049731, 0.00412046443671, -0.00190187687986, 0.00138238933869], [0.00262032961473, -0.00146932143252, -0.00107053923421, 0.00452322885394, -0.00616026623175, 0.0172816626728, -0.00821858085692, -0.00048532980145, 0.00869951862842, -0.0129773179069, 0.00856892392039, -0.00309287174605, -0.00423681875691], [-0.00148160965182, 0.00795810203999, -0.00190455862321, 0.0106613878161, 5.01805188833e-005, -0.00821858085692, 0.0306797716767, -0.0156628545374, 0.00565008074045, 0.0150575218722, -0.0201187394559, 0.0136540597305, 0.00130882696249], [0.00185423658695, -0.00414181454107, 0.00854224991053, -0.0131086017936, 0.0125552350655, -0.00048532980145, -0.0156628545374, 0.0342414043844, -0.0137399798259, -0.00459461519495, 0.0181057304144, -0.0134294079617, 0.00796102453023], [0.000995609094389, -0.000721954042092, 0.000432835280662, 0.00474900566041, -0.00919299200177, 0.00869951862842, 0.00565008074045, -0.0137399798259, 0.0250183753669, -0.0099102826789, 0.00588113442063, 0.000528191914782, -0.00494052097201], [-0.00220767711289, 0.0112076187506, -0.0145161924884, 0.00940980482846, 0.00220878049731, -0.0129773179069, 0.0150575218722, -0.00459461519495, -0.0099102826789, 0.0435240976512, -0.0304358433932, 0.0208459887654, 0.00510581955314], [0.00559225957841, -0.0155607257038, 0.0289942268282, -0.0191815532744, 0.00412046443671, 0.00856892392039, -0.0201187394559, 0.0181057304144, 0.00588113442063, -0.0304358433932, 0.0616270154715, -0.0385216251016, 0.012410229072], [-0.00509641738608, 0.0128578292206, -0.0274727456272, 0.0111266747117, -0.00190187687986, -0.00309287174605, 0.0136540597305, -0.0134294079617, 0.000528191914782, 0.0208459887654, -0.0385216251016, 0.0533444806933, -0.0194865111262], [0.00186747510452, -0.00203549442813, 0.0083447676152, -0.0038399763871, 0.00138238933869, -0.00423681875691, 0.00130882696249, 0.00796102453023, -0.00494052097201, 0.00510581955314, 0.012410229072, -0.0194865111262, 0.0335483923554]]
    },
    "melbands": {
        "mean": [3.82300697765e-008, 4.50374557204e-007, 3.01318351603e-007, 4.55631692375e-007, 6.81609662934e-007, 9.61312025538e-007, 4.43262820227e-007, 1.27318105569e-006, 6.17876821707e-006, 1.08809799713e-005, 1.36204180308e-005, 3.84184713766e-005, 3.08646376652e-005, 9.0850808192e-006, 2.10572943615e-005, 2.04010921152e-005, 2.49892018473e-005, 7.83367358963e-005, 7.73035280872e-005, 7.35370558687e-005, 9.75626899162e-005, 5.53202589799e-005, 6.44816682325e-005, 4.54750334029e-005, 2.12917911995e-005, 1.0601457916e-006, 2.75821641083e-008, 4.55473887773e-011, 4.92989121748e-011, 7.45120840029e-011, 8.90727214209e-011, 1.47686446406e-010, 3.07649433706e-010, 4.59033144828e-010, 3.7936662145e-010, 3.51300516455e-011, 2.04367599232e-011, 2.41357767106e-011, 2.7923227966e-011, 4.11593502336e-011],
        "var": [6.31721671925e-016, 9.71092035452e-014, 1.01943789781e-013, 4.07604749649e-013, 1.06986381559e-012, 2.38727592382e-012, 1.61927491815e-012, 7.18303888592e-012, 2.39167713412e-010, 9.43838451839e-010, 3.77081521563e-009, 1.82910806501e-008, 1.52529935349e-008, 3.07741582217e-010, 4.38601999164e-009, 5.21106846563e-009, 8.8680129906e-009, 8.35759905726e-008, 5.51379457647e-008, 6.2884765839e-008, 9.809513557e-008, 2.45525857423e-008, 2.65381885356e-008, 1.19071383864e-008, 4.30599378376e-009, 3.94742658699e-012, 1.22029029744e-014, 5.84528593499e-021, 2.65313415494e-021, 1.73603093187e-020, 1.37761793454e-020, 7.91891859775e-020, 3.75413853056e-019, 8.03340285022e-019, 6.3235512477e-019, 1.28473447787e-021, 1.25533417466e-022, 3.82917349554e-022, 7.04052021779e-022, 2.6456055189e-021]
    },
    "mfcc": {
        "mean": [-876.676635742, 135.825897217, -122.839096069, -35.2758102417, 45.7607498169, -27.2352523804, -18.44789505, 31.3069267273, -1.66695201397, -13.1809215546, 5.53504705429, -11.7643680573, -11.3136949539],
        "cov": [[3258.24389648, 1164.67944336, -2007.86218262, -144.132095337, 554.914306641, -734.539489746, -147.095108032, 405.144989014, -435.687164307, -140.051132202, 250.705474854, -347.006378174, -248.123886108], [1164.67944336, 506.073852539, -628.100952148, -101.508453369, 145.888793945, -239.026168823, -51.5003509521, 107.244552612, -149.709609985, -52.4103050232, 81.1206436157, -105.115211487, -94.6828384399], [-2007.86218262, -628.100952148, 1353.90454102, 83.6674118042, -388.863220215, 441.964782715, 71.4630889893, -278.123077393, 270.648101807, 66.5661010742, -169.803131104, 242.241790771, 157.026367188], [-144.132095337, -101.508453369, 83.6674118042, 132.212112427, 43.6994247437, -44.7899284363, -52.8466682434, 11.4277563095, 17.3535175323, -29.4098300934, -20.9643383026, 30.2112560272, 33.722442627], [554.914306641, 145.888793945, -388.863220215, 43.6994247437, 187.15032959, -131.225280762, -73.6203536987, 77.1105041504, -62.6063537598, -41.05626297, 29.1816158295, -59.9411697388, -29.9601821899], [-734.539489746, -239.026168823, 441.964782715, -44.7899284363, -131.225280762, 266.722595215, 91.1415634155, -126.118362427, 83.9059524536, 53.221282959, -58.4820365906, 54.3617362976, 45.2994346619], [-147.095108032, -51.5003509521, 71.4630889893, -52.8466682434, -73.6203536987, 91.1415634155, 121.813621521, -5.61112117767, -24.3043346405, 22.8760948181, 10.7783498764, -8.81935691833, -6.53886032104], [405.144989014, 107.244552612, -278.123077393, 11.4277563095, 77.1105041504, -126.118362427, -5.61112117767, 120.880561829, -34.9956092834, -34.8909835815, 29.6501407623, -41.2018203735, -35.2517814636], [-435.687164307, -149.709609985, 270.648101807, 17.3535175323, -62.6063537598, 83.9059524536, -24.3043346405, -34.9956092834, 130.522232056, 40.8309173584, -53.1357765198, 41.6022529602, 33.3988571167], [-140.051132202, -52.4103050232, 66.5661010742, -29.4098300934, -41.05626297, 53.221282959, 22.8760948181, -34.8909835815, 40.8309173584, 78.651260376, 19.1775760651, -12.4475927353, -6.61098051071], [250.705474854, 81.1206436157, -169.803131104, -20.9643383026, 29.1816158295, -58.4820365906, 10.7783498764, 29.6501407623, -53.1357765198, 19.1775760651, 85.6065979004, -1.6950660944, -39.2504653931], [-347.006378174, -105.115211487, 242.241790771, 30.2112560272, -59.9411697388, 54.3617362976, -8.81935691833, -41.2018203735, 41.6022529602, -12.4475927353, -1.6950660944, 110.847137451, 51.6825065613], [-248.123886108, -94.6828384399, 157.026367188, 33.722442627, -29.9601821899, 45.2994346619, -6.53886032104, -35.2517814636, 33.3988571167, -6.61098051071, -39.2504653931, 51.6825065613, 79.119430542]],
        "icov": [[56.294090271, -76.8274002075, 70.199180603, -61.6617507935, 54.4066238403, -49.1308174133, 44.6874465942, -39.593120575, 32.5971412659, -23.6172370911, 14.3441343307, -6.44877004623, 1.94015729427], [-76.8274002075, 104.89112854, -95.8940353394, 84.3143005371, -74.4209899902, 67.1892776489, -61.0363693237, 54.0198287964, -44.4302406311, 32.1840324402, -19.5487937927, 8.80161094666, -2.65841436386], [70.199180603, -95.8940353394, 87.8316879272, -77.3598861694, 68.3570022583, -61.6421508789, 55.8438224792, -49.2728385925, 40.4504547119, -29.2818050385, 17.821144104, -8.06435203552, 2.4732670784], [-61.6617507935, 84.3143005371, -77.3598861694, 68.3262329102, -60.4396858215, 54.4588088989, -49.1662216187, 43.2378196716, -35.3973999023, 25.5984611511, -15.5812244415, 7.07616090775, -2.19995903969], [54.4066238403, -74.4209899902, 68.3570022583, -60.4396858215, 53.5332603455, -48.2072219849, 43.4722595215, -38.1556434631, 31.1962490082, -22.5335197449, 13.7158355713, -6.23599624634, 1.94772136211], [-49.1308174133, 67.1892776489, -61.6421508789, 54.4588088989, -48.2072219849, 43.4841270447, -39.282535553, 34.5578384399, -28.2965641022, 20.4579963684, -12.4390707016, 5.64830207825, -1.75023794174], [44.6874465942, -61.0363693237, 55.8438224792, -49.1662216187, 43.4722595215, -39.282535553, 35.6981048584, -31.5649299622, 25.9686660767, -18.8113231659, 11.4286642075, -5.16116476059, 1.57021260262], [-39.593120575, 54.0198287964, -49.2728385925, 43.2378196716, -38.1556434631, 34.5578384399, -31.5649299622, 28.1010608673, -23.2238407135, 16.8860683441, -10.2684679031, 4.629591465, -1.38541674614], [32.5971412659, -44.4302406311, 40.4504547119, -35.3973999023, 31.1962490082, -28.2965641022, 25.9686660767, -23.2238407135, 19.3222541809, -14.1124744415, 8.63118839264, -3.91224932671, 1.17756938934], [-23.6172370911, 32.1840324402, -29.2818050385, 25.5984611511, -22.5335197449, 20.4579963684, -18.8113231659, 16.8860683441, -14.1124744415, 10.3966417313, -6.41411781311, 2.95140743256, -0.906953454018], [14.3441343307, -19.5487937927, 17.821144104, -15.5812244415, 13.7158355713, -12.4390707016, 11.4286642075, -10.2684679031, 8.63118839264, -6.41411781311, 4.04858779907, -1.91218447685, 0.625064373016], [-6.44877004623, 8.80161094666, -8.06435203552, 7.07616090775, -6.23599624634, 5.64830207825, -5.16116476059, 4.629591465, -3.91224932671, 2.95140743256, -1.91218447685, 0.958457708359, -0.33744430542], [1.94015729427, -2.65841436386, 2.4732670784, -2.19995903969, 1.94772136211, -1.75023794174, 1.57021260262, -1.38541674614, 1.17756938934, -0.906953454018, 0.625064373016, -0.33744430542, 0.154571041465]]
    },
    "spectral_contrast_coeffs": {
        "mean": [-0.73873347044, -0.79324388504, -0.77431666851, -0.744541347027, -0.454626381397, -0.868850231171],
        "var": [0.00197623926215, 0.00329356244765, 0.00460770539939, 0.00554829230532, 0.0125336451456, 0.000376286508981]
    },
    "spectral_contrast_valleys": {
        "mean": [-11.3591775894, -9.47518157959, -8.65224933624, -8.35870933533, -12.1861848831, -14.4725875854],
        "var": [0.304725676775, 0.608264625072, 0.715606093407, 0.864395976067, 0.344162523746, 0.440923839808]
    }
},
"metadata": {
    "audio_properties": {
        "analysis_sample_rate": 44100,
        "bit_rate": 64037,
        "equal_loudness": 0,
        "length": 45.0612258911,
        "lossless": 0,
        "replay_gain": -6.22534751892,
        "sample_rate": 44100,
        "codec": "mp3",
        "downmix": "mix",
        "md5_encoded": "96d7a213d23d58c8e16ba12673b2c672"
    },
    "tags": {
        "file_name": "1248.mp3"
    },
    "version": {
        "essentia": "2.1-beta2",
        "essentia_git_sha": "v2.1_beta2",
        "extractor": "music 1.0"
    }
},
"rhythm": {
    "beats_count": 80,
    "beats_loudness": {
        "mean": 0.00989605486393,
        "var": 9.28753652261e-005
    },
    "bpm": 107.738883972,
    "bpm_histogram_first_peak_bpm": {
        "mean": 108,
        "var": 0
    },
    "bpm_histogram_first_peak_spread": {
        "mean": 0.434782594442,
        "var": 0
    },
    "bpm_histogram_first_peak_weight": {
        "mean": 0.493670880795,
        "var": 0
    },
    "bpm_histogram_second_peak_bpm": {
        "mean": 103,
        "var": 0
    },
    "bpm_histogram_second_peak_spread": {
        "mean": 0,
        "var": 0
    },
    "bpm_histogram_second_peak_weight": {
        "mean": 0.0759493634105,
        "var": 0
    },
    "danceability": 0.913042485714,
    "onset_rate": 3.17202997208,
    "beats_loudness_band_ratio": {
        "mean": [0.00164497550577, 0.00340333580971, 0.0334414169192, 0.200897723436, 0.76147454977, 0.00991664640605],
        "var": [8.2294063759e-006, 1.70715575223e-005, 0.00120916217566, 0.026537809521, 0.0303032100201, 0.00011901542166]
    },
    "beats_position": [0.49922901392, 1.02167797089, 1.55573689938, 2.10140585899, 2.6470746994, 3.19274377823, 3.75002264977, 4.31891155243, 4.87619018555, 5.44507932663, 6.00235795975, 6.5596370697, 7.11691617966, 7.6858048439, 8.24308395386, 8.8119726181, 9.35764122009, 9.90331077576, 10.4605894089, 11.0294780731, 11.5867567062, 12.144036293, 12.689704895, 13.2585935593, 13.8158731461, 14.3847618103, 14.9536504745, 15.5109291077, 16.0682086945, 16.6254863739, 17.1827659607, 17.7400455475, 18.2973232269, 18.8546028137, 19.4002723694, 19.9575500488, 20.5264396667, 21.0837192535, 21.640996933, 22.1982765198, 22.7555541992, 23.312833786, 23.8701133728, 24.4273910522, 25.0078907013, 25.5767803192, 26.1340579987, 26.6913375854, 27.2370071411, 27.7826747894, 28.3399543762, 28.897233963, 29.4545116425, 30.0234012604, 30.5806789398, 31.1379585266, 31.6952381134, 32.2525177002, 32.7865753174, 33.332244873, 33.8779144287, 34.4351921082, 34.9924697876, 35.5497512817, 36.1070289612, 36.6643066406, 37.1983680725, 37.7440338135, 38.2897033691, 38.8702049255, 39.4507026672, 40.0312004089, 40.5536499023, 41.0760993958, 41.6101570129, 42.1326065063, 42.678276062, 43.2123336792, 43.7928352356, 44.3733329773]
},
"tonal": {
    "chords_changes_rate": 0.0504115223885,
    "chords_number_rate": 0.00720164598897,
    "chords_strength": {
        "mean": 0.444231331348,
        "var": 0.00674501806498
    },
    "hpcp_entropy": {
        "mean": 2.16116309166,
        "var": 0.537630200386
    },
    "key_strength": 0.339560717344,
    "tuning_diatonic_strength": 0.527972757816,
    "tuning_equal_tempered_deviation": 0.0697523206472,
    "tuning_frequency": 443.060424805,
    "tuning_nontempered_energy_ratio": 0.671722769737,
    "hpcp": {
        "mean": [0.249530956149, 0.196930199862, 0.205321788788, 0.238466963172, 0.169092267752, 0.256177991629, 0.387815564871, 0.265095859766, 0.228193551302, 0.340294897556, 0.307755589485, 0.30639436841, 0.302438855171, 0.240527927876, 0.282879114151, 0.291104882956, 0.206151604652, 0.184899806976, 0.195705398917, 0.157662779093, 0.268834263086, 0.375342071056, 0.256971031427, 0.141543224454, 0.127430379391, 0.138041391969, 0.186888515949, 0.205403000116, 0.140306919813, 0.117486022413, 0.135096877813, 0.12287786603, 0.172792837024, 0.174573436379, 0.0940259248018, 0.164409726858],
        "var": [0.0930952429771, 0.0554263330996, 0.0508540645242, 0.0844692289829, 0.036477945745, 0.0601276792586, 0.111583538353, 0.0550109222531, 0.0624530166388, 0.120449490845, 0.0924249142408, 0.0835223346949, 0.0874851495028, 0.0490913502872, 0.0660247281194, 0.0925407782197, 0.0539156906307, 0.0478602908552, 0.0591084398329, 0.0366819612682, 0.064281694591, 0.0860140100121, 0.0517324022949, 0.0287622995675, 0.0304740313441, 0.0258462969214, 0.0340729318559, 0.0505226552486, 0.0228576175869, 0.0249505676329, 0.031246047467, 0.0280208904296, 0.0424216613173, 0.0474047362804, 0.0151825658977, 0.0331398025155]
    },
    "chords_histogram": [29.1152267456, 0.308641970158, 33.2304534912, 0, 4.62962961197, 2.46913576126, 0, 0, 0, 0, 0, 0, 0, 0, 0, 0, 0, 11.1111106873, 0, 15.6378602982, 0, 3.49794244766, 0, 0],
    "thpcp": [1, 0.683561682701, 0.58840739727, 0.87746578455, 0.793561756611, 0.790051758289, 0.77985227108, 0.620212137699, 0.72941660881, 0.750627100468, 0.531571269035, 0.476772516966, 0.504635214806, 0.406540602446, 0.693201303482, 0.967836558819, 0.662611424923, 0.364975601435, 0.328584998846, 0.355945974588, 0.481900513172, 0.52964091301, 0.361787736416, 0.302943021059, 0.348353415728, 0.316846132278, 0.445554167032, 0.450145512819, 0.242450103164, 0.423937916756, 0.643426895142, 0.507793426514, 0.529431521893, 0.614897847176, 0.43601205945, 0.660566568375],
    "chords_key": "E",
    "chords_scale": "major",
    "key_key": "A",
    "key_scale": "major"
}
}