{
"lowlevel": {
    "average_loudness": 0.658723056316,
    "barkbands_crest": {
        "mean": 12.0368442535,
        "var": 19.7179813385
    },
    "barkbands_flatness_db": {
        "mean": 0.252761393785,
        "var": 0.00566126406193
    },
    "barkbands_kurtosis": {
        "mean": 8.02311992645,
        "var": 110.572502136
    },
    "barkbands_skewness": {
        "mean": 1.64782464504,
        "var": 2.09825205803
    },
    "barkbands_spread": {
        "mean": 10.3374404907,
        "var": 82.5422210693
    },
    "dissonance": {
        "mean": 0.415160894394,
        "var": 0.00304045388475
    },
    "dynamic_complexity": 3.74001598358,
    "erbbands_crest": {
        "mean": 12.6922178268,
        "var": 25.212064743
    },
    "erbbands_flatness_db": {
        "mean": 0.253582566977,
        "var": 0.00348577811383
    },
    "erbbands_kurtosis": {
        "mean": 2.3264799118,
        "var": 23.1028308868
    },
    "erbbands_skewness": {
        "mean": 0.638895452023,
        "var": 1.4770501852
    },
    "erbbands_spread": {
        "mean": 25.3284492493,
        "var": 290.617675781
    },
    "hfc": {
        "mean": 12.3343639374,
        "var": 304.86517334
    },
    "melbands_crest": {
        "mean": 15.674118042,
        "var": 33.1724891663
    },
    "melbands_flatness_db": {
        "mean": 0.325827598572,
        "var": 0.00902199652046
    },
    "melbands_kurtosis": {
        "mean": 15.0608825684,
        "var": 370.836395264
    },
    "melbands_skewness": {
        "mean": 2.39155697823,
        "var": 2.94035053253
    },
    "melbands_spread": {
        "mean": 13.0771198273,
        "var": 176.911026001
    },
    "pitch_salience": {
        "mean": 0.517559707165,
        "var": 0.012617812492
    },
    "silence_rate_20dB": {
        "mean": 1,
        "var": 0
    },
    "silence_rate_30dB": {
        "mean": 1,
        "var": 0
    },
    "silence_rate_60dB": {
        "mean": 0.0556127689779,
        "var": 0.052520044148
    },
    "spectral_centroid": {
        "mean": 694.946716309,
        "var": 370939.5625
    },
    "spectral_complexity": {
        "mean": 9.99845504761,
        "var": 33.1230316162
    },
    "spectral_decrease": {
        "mean": -4.98088681411e-009,
        "var": 1.95250623463e-017
    },
    "spectral_energy": {
        "mean": 0.0199177786708,
        "var": 0.000327222805936
    },
    "spectral_energyband_high": {
        "mean": 0.000171987601789,
        "var": 6.88384943714e-007
    },
    "spectral_energyband_low": {
        "mean": 0.00405394192785,
        "var": 1.4602106603e-005
    },
    "spectral_energyband_middle_high": {
        "mean": 0.00541068566963,
        "var": 0.00013270645286
    },
    "spectral_energyband_middle_low": {
        "mean": 0.0119352061301,
        "var": 0.000109752341814
    },
    "spectral_entropy": {
        "mean": 6.47683238983,
        "var": 0.459106832743
    },
    "spectral_flux": {
        "mean": 0.0629903525114,
        "var": 0.00200515100732
    },
    "spectral_kurtosis": {
        "mean": 17.702287674,
        "var": 449.718139648
    },
    "spectral_rms": {
        "mean": 0.00403066631407,
        "var": 3.18569186675e-006
    },
    "spectral_rolloff": {
        "mean": 834.515563965,
        "var": 1165914.875
    },
    "spectral_skewness": {
        "mean": 2.73885917664,
        "var": 2.51925420761
    },
    "spectral_spread": {
        "mean": 2737794.75,
        "var": 3.07615367168e+012
    },
    "spectral_strongpeak": {
        "mean": 1.20945358276,
        "var": 3.41721963882
    },
    "zerocrossingrate": {
        "mean": 0.0317624174058,
        "var": 0.00085720414063
    },
    "barkbands": {
        "mean": [6.53075403534e-005, 0.00119429745246, 0.00128366064746, 0.00262905121781, 0.00480910297483, 0.000586767098866, 0.00123481231276, 0.000605788314715, 0.00172136444598, 0.00123248400632, 0.000695025315508, 0.000862318498548, 0.00135779834818, 0.000653905502986, 0.000417049130192, 0.000143741010106, 0.000117452196719, 5.00813766848e-005, 6.69729706715e-005, 4.18320778408e-005, 0.000105610444734, 2.27879972954e-005, 1.29547734105e-005, 3.91167395719e-006, 3.24047687172e-006, 4.63563623043e-007, 3.64550079013e-009],
        "var": [6.73141009599e-009, 2.37880453824e-006, 2.21270624934e-006, 1.1851162526e-005, 3.29184877046e-005, 4.6779516083e-007, 6.53362667435e-006, 2.85904047814e-006, 2.85742826236e-005, 2.73584810202e-005, 7.2371767601e-006, 7.57998031986e-006, 1.56172027346e-005, 4.33496597907e-006, 2.12577447201e-006, 2.56978978541e-007, 1.03560374498e-007, 1.37506157571e-008, 3.39299752738e-008, 1.67441776e-008, 5.15137173807e-007, 4.24774970753e-009, 1.41803113696e-009, 1.95311156137e-010, 1.48403275779e-010, 3.4219792798e-012, 2.56806784141e-016]
    },
    "erbbands": {
        "mean": [0.0299933105707, 0.284328043461, 1.18632006645, 6.26606845856, 12.2512969971, 17.6472377777, 8.67590618134, 4.54462957382, 12.6806354523, 20.4100570679, 15.1122980118, 38.551738739, 37.5547866821, 41.8226585388, 30.4532375336, 38.0316314697, 66.8976745605, 39.3185195923, 29.0058021545, 11.4763965607, 7.72651290894, 6.61778211594, 3.01637554169, 2.36462235451, 3.58929872513, 2.39369606972, 6.33450317383, 1.58296704292, 0.85616672039, 0.74902421236, 0.256153792143, 0.0962990894914, 0.0591387674212, 0.0255192071199, 0.0310018397868, 0.0050979135558, 0.000415056943893, 3.14039207296e-005, 1.13305404739e-005, 2.30912592087e-005],
        "var": [0.00161529134493, 0.128104716539, 1.41683495045, 59.8695487976, 340.282684326, 498.019927979, 115.522216797, 27.7728424072, 624.841430664, 2074.74389648, 1567.16418457, 17271.1621094, 24434.3769531, 32665.0527344, 8949.24511719, 14282.4492188, 35034.1679688, 12528.2431641, 9057.26171875, 1482.27697754, 370.601196289, 296.62310791, 48.3957099915, 28.6907024384, 127.979629517, 69.8330001831, 2336.64160156, 29.8679027557, 7.27360343933, 4.34046411514, 0.553196907043, 0.105944417417, 0.0492954142392, 0.00961907487363, 0.0137817561626, 0.000385283434298, 2.78815468846e-006, 1.25925092576e-008, 1.29884172861e-010, 4.60076171604e-010]
    },
    "gfcc": {
        "mean": [-111.893180847, 176.152481079, -121.044914246, 29.5483398438, -52.3088912964, 2.06521821022, -25.0526332855, -19.9976329803, -14.931681633, -9.78070831299, -8.95174789429, -15.3757781982, -4.40640497208],
        "cov": [[9075.27050781, -1586.4666748, -2647.78198242, 150.818649292, -351.403106689, 485.619934082, 14.7660427094, 296.136260986, -275.122894287, 54.7271881104, -317.951965332, 20.0345935822, -166.420761108], [-1586.4666748, 1450.57397461, 201.615066528, -438.698944092, 442.01449585, -315.785614014, 139.148880005, -192.772125244, 193.158981323, -194.299438477, 225.201858521, -120.085113525, 60.5958633423], [-2647.78198242, 201.615066528, 1600.75622559, 209.965332031, -254.625930786, -6.62364768982, -142.133239746, -61.7057609558, -25.0438804626, 76.2957611084, -1.38762521744, 74.0486526489, 52.7444038391], [150.818649292, -438.698944092, 209.965332031, 727.767700195, -210.670059204, -20.161895752, -88.3202285767, -2.64621591568, 54.4435844421, 56.6000709534, -71.1823425293, 33.3689460754, 78.9484176636], [-351.403106689, 442.01449585, -254.625930786, -210.670059204, 439.000457764, -109.633865356, 20.9404125214, -30.7883033752, 76.0607376099, -80.093711853, 70.0075759888, -66.4057922363, -9.82252883911], [485.619934082, -315.785614014, -6.62364768982, -20.161895752, -109.633865356, 308.2237854, 10.5908145905, 16.5045013428, -80.3989639282, 53.5591125488, -28.2254009247, 38.9191513062, -26.6982803345], [14.7660427094, 139.148880005, -142.133239746, -88.3202285767, 20.9404125214, 10.5908145905, 207.715789795, -16.8453044891, -9.17401885986, -49.2979316711, 55.8044471741, -20.5207424164, -2.52459669113], [296.136260986, -192.772125244, -61.7057609558, -2.64621591568, -30.7883033752, 16.5045013428, -16.8453044891, 165.019668579, 0.257503569126, 11.3717346191, -42.0458526611, 22.6810722351, -12.2598075867], [-275.122894287, 193.158981323, -25.0438804626, 54.4435844421, 76.0607376099, -80.3989639282, -9.17401885986, 0.257503569126, 188.172058105, -23.0330982208, 17.2151470184, -20.6772403717, 40.3500442505], [54.7271881104, -194.299438477, 76.2957611084, 56.6000709534, -80.093711853, 53.5591125488, -49.2979316711, 11.3717346191, -23.0330982208, 138.941390991, -18.100692749, 18.1242198944, -14.3313379288], [-317.951965332, 225.201858521, -1.38762521744, -71.1823425293, 70.0075759888, -28.2254009247, 55.8044471741, -42.0458526611, 17.2151470184, -18.100692749, 129.839889526, -3.26058530807, 1.25039327145], [20.0345935822, -120.085113525, 74.0486526489, 33.3689460754, -66.4057922363, 38.9191513062, -20.5207424164, 22.6810722351, -20.6772403717, 18.1242198944, -3.26058530807, 93.8542938232, 12.7907810211], [-166.420761108, 60.5958633423, 52.7444038391, 78.9484176636, -9.82252883911, -26.6982803345, -2.52459669113, -12.2598075867, 40.3500442505, -14.3313379288, 1.25039327145, 12.7907810211, 95.0563659668]],
        "icov": [[0.000521817652043, -0.000702501391061, 0.00122075807303, -0.000580035441089, 0.000933486619033, -0.000787007797044, 0.000666480918881, -0.000673383357935, 0.000874403223861, -0.000128031490021, 0.000865020207129, -0.000307797716232, 0.00061161047779], [-0.000702501391061, 0.00522884400561, -0.00290685612708, 0.00305398949422, -0.00292993756011, 0.0031745757442, -0.00209839781746, 0.00357365887612, -0.00373369222507, 0.00226666568778, -0.00392061518505, 0.00232471385971, -0.00282723712735], [0.00122075807303, -0.00290685612708, 0.00402075378224, -0.00203584367409, 0.00315973861143, -0.00231303274632, 0.00248215929605, -0.00200997921638, 0.0028621898964, -0.000990953296423, 0.00246088043787, -0.00153524393681, 0.00174352503382], [-0.000580035441089, 0.00305398949422, -0.00203584367409, 0.00382986781187, -0.000991172739305, 0.0022741756402, -0.000920771039091, 0.00247673783451, -0.0029858443886, 0.000867088441737, -0.00183410826139, 0.00134350347798, -0.0029407478869], [0.000933486619033, -0.00292993756011, 0.00315973861143, -0.000991172739305, 0.00633965246379, -0.00160676555242, 0.00278732483275, -0.00192642153706, 0.00149673828855, 0.000188400052139, 0.00108292710502, 0.000203046030947, 0.00195289240219], [-0.000787007797044, 0.0031745757442, -0.00231303274632, 0.0022741756402, -0.00160676555242, 0.00647870730609, -0.00220042164437, 0.00250396784395, -0.00157415436115, 8.37590960145e-006, -0.00195376435295, 0.000112224581244, -0.00140872248448], [0.000666480918881, -0.00209839781746, 0.00248215929605, -0.000920771039091, 0.00278732483275, -0.00220042164437, 0.00803448446095, -0.00162993138656, 0.00225408002734, 0.00145835557487, -0.00125547649805, 0.000645147345494, 0.000757887610234], [-0.000673383357935, 0.00357365887612, -0.00200997921638, 0.00247673783451, -0.00192642153706, 0.00250396784395, -0.00162993138656, 0.00978810712695, -0.00356968608685, 0.00124636141118, -0.000417866714997, -0.000623044965323, -0.000882927095518], [0.000874403223861, -0.00373369222507, 0.0028621898964, -0.0029858443886, 0.00149673828855, -0.00157415436115, 0.00225408002734, -0.00356968608685, 0.0101693859324, -0.00136682763696, 0.00218998920172, -0.000461643910967, -0.000374802184524], [-0.000128031490021, 0.00226666568778, -0.000990953296423, 0.000867088441737, 0.000188400052139, 8.37590960145e-006, 0.00145835557487, 0.00124636141118, -0.00136682763696, 0.0104888789356, -0.00243673590012, 0.00107858725823, 0.000430403015343], [0.000865020207129, -0.00392061518505, 0.00246088043787, -0.00183410826139, 0.00108292710502, -0.00195376435295, -0.00125547649805, -0.000417866714997, 0.00218998920172, -0.00243673590012, 0.0142799420282, -0.00400668429211, 0.00270176841877], [-0.000307797716232, 0.00232471385971, -0.00153524393681, 0.00134350347798, 0.000203046030947, 0.000112224581244, 0.000645147345494, -0.000623044965323, -0.000461643910967, 0.00107858725823, -0.00400668429211, 0.0148981111124, -0.0038889197167], [0.00061161047779, -0.00282723712735, 0.00174352503382, -0.0029407478869, 0.00195289240219, -0.00140872248448, 0.000757887610234, -0.000882927095518, -0.000374802184524, 0.000430403015343, 0.00270176841877, -0.0038889197167, 0.0152922542766]]
    },
    "melbands": {
        "mean": [0.000299031293252, 0.00054867239669, 0.00119824532885, 0.00114863412455, 0.000407450395869, 0.000100943580037, 0.000216348460526, 0.000204355063033, 0.000134318019263, 0.00025348746567, 0.00018080593145, 0.000168933314853, 0.000101582081697, 8.52832163218e-005, 0.000144367731991, 0.000118255782581, 6.93185938871e-005, 4.70681152365e-005, 2.48927135544e-005, 9.93401226879e-006, 9.15231521503e-006, 7.74677573645e-006, 3.54309850081e-006, 2.06611343856e-006, 1.80974495834e-006, 2.58135401054e-006, 1.97755070985e-006, 1.31846843487e-006, 4.28494104199e-006, 1.87265823115e-006, 6.93614310876e-007, 4.1761063585e-007, 5.12148062626e-007, 3.92471037003e-007, 1.62047527397e-007, 7.41514583069e-008, 5.05641111204e-008, 4.46456702718e-008, 2.82642833582e-008, 1.76517112038e-008],
        "var": [1.49894901824e-007, 2.80431635247e-007, 1.93910682356e-006, 1.83278564236e-006, 2.96781848874e-007, 1.54850159362e-008, 1.92889999084e-007, 2.08032759019e-007, 1.34734506219e-007, 7.38932214972e-007, 6.14191435488e-007, 5.82805455451e-007, 1.26320429672e-007, 6.10407440149e-008, 2.28928286106e-007, 1.12997618373e-007, 5.05207431445e-008, 2.75647291659e-008, 6.92461776808e-009, 2.02037120367e-009, 4.60884719278e-010, 4.59374427386e-010, 1.04942624035e-010, 2.98228802764e-011, 1.8989167877e-011, 5.1249410965e-011, 4.37857632096e-011, 1.88111852484e-011, 1.09501818724e-009, 1.08860954973e-010, 5.11868672448e-012, 1.78728039313e-012, 2.27042256523e-012, 1.28824739504e-012, 2.29986277418e-013, 6.28912747618e-014, 3.30602651375e-014, 2.99130938932e-014, 1.20738702104e-014, 4.90750687903e-015]
    },
    "mfcc": {
        "mean": [-748.178405762, 189.034515381, 2.26091170311, 27.7859992981, -4.00705099106, 17.8824634552, -3.39195990562, -3.99026322365, -5.04725456238, -3.22885608673, -2.87153983116, -2.86800003052, -1.81066739559],
        "cov": [[7935.81152344, -1407.52905273, -2587.74145508, -165.264038086, -642.333984375, 186.268218994, 36.2279815674, 331.758514404, 7.39488458633, 259.972503662, -43.1018600464, -107.274536133, -233.859024048], [-1407.52905273, 1439.30615234, -115.578697205, -289.781860352, 233.262832642, -160.863143921, 102.085617065, -14.6520853043, -55.1822166443, -34.8953399658, 62.9726676941, -7.34810304642, 2.39211082458], [-2587.74145508, -115.578697205, 1717.20471191, 220.043869019, 60.7899131775, 72.7814941406, -80.2268066406, -129.856430054, 24.1127033234, -145.794189453, -34.2230262756, 56.1158294678, 103.882484436], [-165.264038086, -289.781860352, 220.043869019, 521.503234863, 30.7615432739, -10.2075872421, -127.802246094, -57.3217086792, 67.30418396, 0.617187857628, -72.6840515137, 29.5748443604, 51.5028457642], [-642.333984375, 233.262832642, 60.7899131775, 30.7615432739, 318.803466797, -61.1447982788, -60.3701858521, -32.067073822, 13.3850011826, 10.602268219, 2.34275126457, -4.85261106491, 19.4825820923], [186.268218994, -160.863143921, 72.7814941406, -10.2075872421, -61.1447982788, 214.78163147, 19.7067546844, -10.7263422012, -12.8745088577, -12.0751829147, 13.7145185471, -13.830034256, -11.4022283554], [36.2279815674, 102.085617065, -80.2268066406, -127.802246094, -60.3701858521, 19.7067546844, 209.740661621, 42.5637741089, -64.3672866821, -9.83550548553, 22.3683338165, -11.8813619614, -19.7417888641], [331.758514404, -14.6520853043, -129.856430054, -57.3217086792, -32.067073822, -10.7263422012, 42.5637741089, 147.139709473, 10.104891777, -12.7727308273, 8.44600772858, -6.97533082962, -20.9451751709], [7.39488458633, -55.1822166443, 24.1127033234, 67.30418396, 13.3850011826, -12.8745088577, -64.3672866821, 10.104891777, 116.134757996, 23.7615776062, -33.0253295898, 6.81375217438, 2.01441955566], [259.972503662, -34.8953399658, -145.794189453, 0.617187857628, 10.602268219, -12.0751829147, -9.83550548553, -12.7727308273, 23.7615776062, 122.260284424, 14.549287796, -23.8190612793, -22.33244133], [-43.1018600464, 62.9726676941, -34.2230262756, -72.6840515137, 2.34275126457, 13.7145185471, 22.3683338165, 8.44600772858, -33.0253295898, 14.549287796, 108.12600708, 9.86504364014, -28.8933582306], [-107.274536133, -7.34810304642, 56.1158294678, 29.5748443604, -4.85261106491, -13.830034256, -11.8813619614, -6.97533082962, 6.81375217438, -23.8190612793, 9.86504364014, 100.06375885, 29.2220230103], [-233.859024048, 2.39211082458, 103.882484436, 51.5028457642, 19.4825820923, -11.4022283554, -19.7417888641, -20.9451751709, 2.01441955566, -22.33244133, -28.8933582306, 29.2220230103, 106.296417236]],
        "icov": [[0.000572340504732, 0.000458626658656, 0.000816434039734, 9.38815937843e-005, 0.000582935288548, -0.000342216342688, 0.000418452080339, -0.000543301575817, 0.000337548553944, -0.000303959212033, 0.000507536169607, -8.54925092426e-005, 0.000323796906741], [0.000458626658656, 0.00145396648441, 0.000722456607036, 0.000595335033722, -0.000303318112856, 0.00045604078332, -0.000255074584857, 8.0508289102e-005, -1.40164238474e-005, 0.000410115113482, -8.84869950823e-005, 0.000124023921671, 8.30697899801e-005], [0.000816434039734, 0.000722456607036, 0.00195223733317, -5.39393113286e-005, 0.000676205381751, -0.000676505442243, 0.000491430517286, -7.68926984165e-005, 2.65261187451e-005, 0.000647862267215, 0.000397705443902, -5.58326792088e-005, 3.68575419998e-005], [9.38815937843e-005, 0.000595335033722, -5.39393113286e-005, 0.00288897519931, -0.000217012595385, 0.000233103797655, 0.000902705767658, 0.000504700699821, -0.000469154882012, -0.000164155411767, 0.00119052466471, -0.000529140932485, -0.000378547963919], [0.000582935288548, -0.000303318112856, 0.000676205381751, -0.000217012595385, 0.00477276043966, 0.000203264833544, 0.00169873726554, -0.000383028498618, 0.000453201093478, -0.000855042482726, 0.000190980645129, 0.000514826213475, -0.000157180402311], [-0.000342216342688, 0.00045604078332, -0.000676505442243, 0.000233103797655, 0.000203264833544, 0.00596363516524, -0.000917784927879, 0.00134404294658, -0.00052028207574, 0.00122224038932, -0.00158634898253, 0.00128954439424, -3.71883324988e-005], [0.000418452080339, -0.000255074584857, 0.000491430517286, 0.000902705767658, 0.00169873726554, -0.000917784927879, 0.00773174315691, -0.00248921266757, 0.00405366579071, -0.00113884895109, 0.00135048176162, -0.000289867981337, 0.00067507737549], [-0.000543301575817, 8.0508289102e-005, -7.68926984165e-005, 0.000504700699821, -0.000383028498618, 0.00134404294658, -0.00248921266757, 0.00959238409996, -0.00346252578311, 0.00317675597034, -0.00185363879427, 0.000962231250014, 0.000240359426243], [0.000337548553944, -1.40164238474e-005, 2.65261187451e-005, -0.000469154882012, 0.000453201093478, -0.00052028207574, 0.00405366579071, -0.00346252578311, 0.0135509530082, -0.0041271741502, 0.00464459462091, -0.0021579680033, 0.00160788081121], [-0.000303959212033, 0.000410115113482, 0.000647862267215, -0.000164155411767, -0.000855042482726, 0.00122224038932, -0.00113884895109, 0.00317675597034, -0.0041271741502, 0.0120068406686, -0.00348383095115, 0.00299801724032, 0.000300348852761], [0.000507536169607, -8.84869950823e-005, 0.000397705443902, 0.00119052466471, 0.000190980645129, -0.00158634898253, 0.00135048176162, -0.00185363879427, 0.00464459462091, -0.00348383095115, 0.0137432636693, -0.00382670084946, 0.00380121311173], [-8.54925092426e-005, 0.000124023921671, -5.58326792088e-005, -0.000529140932485, 0.000514826213475, 0.00128954439424, -0.000289867981337, 0.000962231250014, -0.0021579680033, 0.00299801724032, -0.00382670084946, 0.0126047758386, -0.00353479105979], [0.000323796906741, 8.30697899801e-005, 3.68575419998e-005, -0.000378547963919, -0.000157180402311, -3.71883324988e-005, 0.00067507737549, 0.000240359426243, 0.00160788081121, 0.000300348852761, 0.00380121311173, -0.00353479105979, 0.0125007368624]]
    },
    "spectral_contrast_coeffs": {
        "mean": [-0.584899961948, -0.709428489208, -0.756828010082, -0.741132974625, -0.779026269913, -0.729979157448],
        "var": [0.00563499005511, 0.00492846500129, 0.00876788143069, 0.0071517508477, 0.00448840204626, 0.0029561102856]
    },
    "spectral_contrast_valleys": {
        "mean": [-7.42738580704, -7.24057435989, -8.04711914063, -8.78035831451, -9.2926197052, -12.4923009872],
        "var": [0.921211183071, 0.992124140263, 1.27005791664, 1.54492723942, 1.62642896175, 1.4301482439]
    }
},
"metadata": {
    "audio_properties": {
        "analysis_sample_rate": 44100,
        "bit_rate": 108320,
        "equal_loudness": 0,
        "length": 45.0612258911,
        "lossless": 0,
        "replay_gain": -16.2849006653,
        "sample_rate": 44100,
        "codec": "mp3",
        "downmix": "mix",
        "md5_encoded": "48aa2e1545dc4e2e98766046de7bd38c"
    },
    "tags": {
        "file_name": "125.mp3"
    },
    "version": {
        "essentia": "2.1-beta2",
        "essentia_git_sha": "v2.1_beta2",
        "extractor": "music 1.0"
    }
},
"rhythm": {
    "beats_count": 105,
    "beats_loudness": {
        "mean": 0.0276290010661,
        "var": 0.000355600001058
    },
    "bpm": 142.31590271,
    "bpm_histogram_first_peak_bpm": {
        "mean": 144,
        "var": 0
    },
    "bpm_histogram_first_peak_spread": {
        "mean": 0.525000035763,
        "var": 0
    },
    "bpm_histogram_first_peak_weight": {
        "mean": 0.365384608507,
        "var": 0
    },
    "bpm_histogram_second_peak_bpm": {
        "mean": 136,
        "var": 0
    },
    "bpm_histogram_second_peak_spread": {
        "mean": 0.125000029802,
        "var": 0
    },
    "bpm_histogram_second_peak_weight": {
        "mean": 0.201923072338,
        "var": 0
    },
    "danceability": 1.09339296818,
    "onset_rate": 2.72838926315,
    "beats_loudness_band_ratio": {
        "mean": [0.436046600342, 0.279864042997, 0.151932865381, 0.13600641489, 0.0489693060517, 0.0254047103226],
        "var": [0.0603640973568, 0.041394546628, 0.0188191141933, 0.0293700061738, 0.0058641131036, 0.00501648196951]
    },
    "beats_position": [0.406349211931, 0.824308395386, 1.25387752056, 1.68344664574, 2.10140585899, 2.53097510338, 2.97215414047, 3.39011335373, 3.80807256699, 4.22603178024, 4.6439909935, 5.05034017563, 5.46829938889, 5.87464857101, 6.29260778427, 6.71056699753, 7.1517457962, 7.59292507172, 8.03410434723, 8.48689365387, 8.91646194458, 9.34603118896, 9.77560043335, 10.2051696777, 10.6347389221, 11.0526981354, 11.4706573486, 11.8886165619, 12.3065757751, 12.7245349884, 13.1541042328, 13.572063446, 14.0016326904, 14.4195919037, 14.8491611481, 15.2787294388, 15.696688652, 16.114648819, 16.5442180634, 16.9737873077, 17.4149665833, 17.8561439514, 18.2857131958, 18.7385025024, 19.179681778, 19.5860309601, 19.9923801422, 20.4103393555, 20.8282985687, 21.2578678131, 21.6874370575, 22.1170063019, 22.5465755463, 22.9877548218, 23.4289340973, 23.8468933105, 24.2648525238, 24.6944217682, 25.1239910126, 25.5419502258, 25.9599094391, 26.3662586212, 26.7726078033, 27.1789569855, 27.5969161987, 28.014875412, 28.4444446564, 28.8624038696, 29.2803630829, 29.7099323273, 30.1394996643, 30.5690689087, 30.9870281219, 31.4049873352, 31.8345565796, 32.2757377625, 32.7169151306, 33.1348762512, 33.5528335571, 33.9707946777, 34.4003639221, 34.8299331665, 35.2711105347, 35.7006797791, 36.118637085, 36.5482063293, 36.9777755737, 37.4073448181, 37.848526001, 38.2664833069, 38.6844444275, 39.1256217957, 39.5319709778, 39.9615402222, 40.3795013428, 40.7974586487, 41.2270278931, 41.6682090759, 42.1093864441, 42.550567627, 43.0033569336, 43.4445343018, 43.8857116699, 44.3268928528, 44.7680702209]
},
"tonal": {
    "chords_changes_rate": 0.0534979440272,
    "chords_number_rate": 0.0123456791043,
    "chords_strength": {
        "mean": 0.503745377064,
        "var": 0.00727268168703
    },
    "hpcp_entropy": {
        "mean": 1.71431303024,
        "var": 0.650671064854
    },
    "key_strength": 0.685038387775,
    "tuning_diatonic_strength": 0.57494199276,
    "tuning_equal_tempered_deviation": 0.0955668613315,
    "tuning_frequency": 446.142181396,
    "tuning_nontempered_energy_ratio": 0.7240883708,
    "hpcp": {
        "mean": [0.335886776447, 0.235725626349, 0.0701306909323, 0.0459940731525, 0.0573354251683, 0.136930659413, 0.180773541331, 0.126390054822, 0.120928026736, 0.126335173845, 0.0741037204862, 0.0563404373825, 0.0702843442559, 0.0737079009414, 0.175142407417, 0.324536561966, 0.26198592782, 0.122384488583, 0.0897496938705, 0.0744041875005, 0.0877718031406, 0.134883135557, 0.170144245028, 0.16568338871, 0.128820180893, 0.0832963660359, 0.0631606504321, 0.0655343830585, 0.081537745893, 0.154610648751, 0.181091681123, 0.0996154770255, 0.0415111407638, 0.0347716882825, 0.0448272638023, 0.174040913582],
        "var": [0.15278609097, 0.0782715976238, 0.0272335857153, 0.0177963748574, 0.0220930036157, 0.0582346990705, 0.0957368165255, 0.0492738038301, 0.0570502988994, 0.0663753375411, 0.0267240684479, 0.0211715660989, 0.0297516211867, 0.0258679389954, 0.0549024492502, 0.132360354066, 0.0807717218995, 0.0366982854903, 0.0341320484877, 0.0288550872356, 0.0378986783326, 0.0526200830936, 0.0580880716443, 0.0633599385619, 0.058060862124, 0.0326033718884, 0.0261982101947, 0.0256814789027, 0.0280657317489, 0.0727012753487, 0.0990611538291, 0.0393368862569, 0.0146961053833, 0.0128036690876, 0.0155176259577, 0.0516165085137]
    },
    "chords_histogram": [2.67489719391, 0, 9.77366256714, 0, 0, 1.64609050751, 4.62962961197, 0, 0, 0, 0, 0, 0, 4.52674913406, 0, 1.74897122383, 2.57201647758, 34.9794235229, 0.411522626877, 6.06995868683, 2.26337456703, 0.617283940315, 19.1358032227, 8.95061683655],
    "thpcp": [1, 0.701800882816, 0.20879265666, 0.136933267117, 0.170698672533, 0.407669097185, 0.538197875023, 0.376287668943, 0.360026150942, 0.376124292612, 0.22062112391, 0.167736396194, 0.209250107408, 0.219442695379, 0.521432876587, 0.966208219528, 0.779982864857, 0.364362329245, 0.267202228308, 0.22151568532, 0.261313647032, 0.401573210955, 0.506552398205, 0.493271529675, 0.383522629738, 0.247989416122, 0.188041493297, 0.195108547807, 0.24275366962, 0.460305839777, 0.539144992828, 0.296574562788, 0.123586706817, 0.103522054851, 0.133459448814, 0.518153488636],
    "chords_key": "D",
    "chords_scale": "minor",
    "key_key": "D",
    "key_scale": "major"
}
}