{
"lowlevel": {
    "average_loudness": 0.982132077217,
    "barkbands_crest": {
        "mean": 5.62164545059,
        "var": 4.05710172653
    },
    "barkbands_flatness_db": {
        "mean": 0.0938795283437,
        "var": 0.000867718714289
    },
    "barkbands_kurtosis": {
        "mean": -0.624702453613,
        "var": 0.635809600353
    },
    "barkbands_skewness": {
        "mean": -0.0580206476152,
        "var": 0.297639518976
    },
    "barkbands_spread": {
        "mean": 30.7976131439,
        "var": 54.6706848145
    },
    "dissonance": {
        "mean": 0.483878642321,
        "var": 0.000140626114444
    },
    "dynamic_complexity": 0.66957873106,
    "erbbands_crest": {
        "mean": 7.14307069778,
        "var": 8.15104293823
    },
    "erbbands_flatness_db": {
        "mean": 0.179166689515,
        "var": 0.00137767149135
    },
    "erbbands_kurtosis": {
        "mean": 0.659216701984,
        "var": 1.33125329018
    },
    "erbbands_skewness": {
        "mean": -0.399558752775,
        "var": 0.160999163985
    },
    "erbbands_spread": {
        "mean": 22.7236499786,
        "var": 64.0501098633
    },
    "hfc": {
        "mean": 37.4053192139,
        "var": 149.043243408
    },
    "melbands_crest": {
        "mean": 9.68669128418,
        "var": 14.3469371796
    },
    "melbands_flatness_db": {
        "mean": 0.130357474089,
        "var": 0.00119693088345
    },
    "melbands_kurtosis": {
        "mean": 0.302805542946,
        "var": 3.3149061203
    },
    "melbands_skewness": {
        "mean": 0.802798509598,
        "var": 0.487545788288
    },
    "melbands_spread": {
        "mean": 51.2891082764,
        "var": 154.030700684
    },
    "pitch_salience": {
        "mean": 0.630443632603,
        "var": 0.00684362975881
    },
    "silence_rate_20dB": {
        "mean": 1,
        "var": 0
    },
    "silence_rate_30dB": {
        "mean": 1,
        "var": 0
    },
    "silence_rate_60dB": {
        "mean": 0.00154479919001,
        "var": 0.00154241069686
    },
    "spectral_centroid": {
        "mean": 2189.60009766,
        "var": 95238.390625
    },
    "spectral_complexity": {
        "mean": 34.7229652405,
        "var": 69.1169433594
    },
    "spectral_decrease": {
        "mean": -6.17704820627e-009,
        "var": 2.6019303244e-018
    },
    "spectral_energy": {
        "mean": 0.0267064012587,
        "var": 4.4050411816e-005
    },
    "spectral_energyband_high": {
        "mean": 0.000948529341258,
        "var": 6.10735924056e-007
    },
    "spectral_energyband_low": {
        "mean": 0.00571991410106,
        "var": 2.15740947169e-005
    },
    "spectral_energyband_middle_high": {
        "mean": 0.0150228999555,
        "var": 2.72169108939e-005
    },
    "spectral_energyband_middle_low": {
        "mean": 0.00571590662003,
        "var": 1.31603974296e-005
    },
    "spectral_entropy": {
        "mean": 7.74571943283,
        "var": 0.0460575185716
    },
    "spectral_flux": {
        "mean": 0.0942215174437,
        "var": 0.000490024161991
    },
    "spectral_kurtosis": {
        "mean": 5.27987480164,
        "var": 4.83529281616
    },
    "spectral_rms": {
        "mean": 0.00506161432713,
        "var": 4.35070631966e-007
    },
    "spectral_rolloff": {
        "mean": 2554.54858398,
        "var": 391827.3125
    },
    "spectral_skewness": {
        "mean": 1.38930881023,
        "var": 0.131586939096
    },
    "spectral_spread": {
        "mean": 3326844,
        "var": 1.91018696704e+012
    },
    "spectral_strongpeak": {
        "mean": 1.79182088375,
        "var": 4.56252098083
    },
    "zerocrossingrate": {
        "mean": 0.080426864326,
        "var": 0.000508956611156
    },
    "barkbands": {
        "mean": [0.000112217414426, 0.00263067311607, 0.00235349102877, 0.00117319915444, 0.00102681200951, 0.000696804490872, 0.000859180698171, 0.000553903693799, 0.00128515565302, 0.000892603304237, 0.00141867471393, 0.00136138708331, 0.00179031630978, 0.00121801439673, 0.00208722380921, 0.00163002510089, 0.00196502357721, 0.00130394333974, 0.00105292641092, 0.000574892561417, 0.000311614945531, 0.000139390263939, 8.33910162328e-005, 8.6696818471e-005, 6.62418678985e-005, 3.10001742037e-005, 1.59880346473e-006],
        "var": [1.29594994291e-007, 7.99474855739e-006, 5.78947992835e-006, 2.04942716664e-006, 1.60564786711e-006, 8.05940999271e-007, 9.52268237597e-007, 4.38885876974e-007, 1.29579291297e-006, 1.1993215594e-006, 1.66971631188e-006, 2.00390286409e-006, 2.85513237941e-006, 1.61197658599e-006, 4.17088995164e-006, 2.37414087678e-006, 3.24729080603e-006, 8.62666922785e-007, 6.47682441013e-007, 1.11520918722e-007, 8.13771663388e-008, 2.76815601552e-008, 1.39788438602e-008, 1.37947528955e-008, 1.03607673552e-008, 2.85368484398e-009, 1.01361332522e-011]
    },
    "erbbands": {
        "mean": [0.0538414604962, 0.673515677452, 2.5566880703, 3.55731344223, 3.44837760925, 3.83074760437, 4.04218387604, 6.51357746124, 10.2521686554, 11.7555007935, 17.0053710938, 29.2765712738, 24.2703323364, 52.1690940857, 42.4304885864, 56.1082801819, 79.6719436646, 59.0839271545, 100.911094666, 92.5871276855, 102.130020142, 108.901596069, 78.7046203613, 68.3555450439, 40.5591506958, 24.577129364, 15.7210407257, 10.1014556885, 5.46296834946, 3.03517007828, 2.28961014748, 1.84220659733, 1.41544568539, 0.86421006918, 0.407373219728, 0.17572927475, 0.0499212220311, 0.00739812012762, 0.000208119236049, 4.10447355534e-005],
        "var": [0.00588214071468, 0.481442004442, 6.54729747772, 14.4431562424, 18.3030509949, 26.5990352631, 30.4515762329, 71.3539581299, 140.472518921, 151.313262939, 306.199676514, 694.452697754, 518.352722168, 2376.11474609, 1510.97387695, 2677.17089844, 4904.53613281, 1766.23986816, 8275.21484375, 4581.7890625, 8591.27246094, 9714.86621094, 3301.48632813, 3049.79516602, 499.689819336, 166.914779663, 129.98425293, 114.826774597, 40.8506698608, 15.802192688, 11.332780838, 6.33885383606, 3.85887932777, 1.65428638458, 0.431286841631, 0.0929577797651, 0.0077450866811, 0.000179422728252, 1.23952418107e-007, 2.11939035766e-010]
    },
    "gfcc": {
        "mean": [40.5075302124, 82.5556640625, -159.36730957, 36.7991485596, -35.5046958923, 15.9632358551, -30.6124229431, 15.1267709732, -25.2842674255, 3.03297567368, -18.2848873138, -1.89799618721, -13.5682525635],
        "cov": [[1760.38781738, -531.88885498, 298.967163086, 11.3946523666, -217.697753906, 167.202865601, -258.714324951, 71.6469726563, -112.608398438, 47.7800979614, -53.259853363, 57.254535675, -50.7110710144], [-531.88885498, 1205.73522949, -353.735748291, 143.314147949, 155.377319336, -314.246673584, 306.65612793, -186.774795532, 155.861831665, -101.895072937, 30.8400726318, -80.4654159546, 73.5907821655], [298.967163086, -353.735748291, 434.090698242, -39.5587310791, -151.146987915, 119.199607849, -161.181488037, 67.1660614014, -63.5232429504, 45.1301193237, -27.9213352203, 48.6926841736, -36.8638305664], [11.3946523666, 143.314147949, -39.5587310791, 146.552947998, 31.9409065247, -7.96172952652, 47.9329719543, -49.4442329407, 38.3844299316, -27.4165649414, 13.7420253754, -12.3936691284, 11.6371421814], [-217.697753906, 155.377319336, -151.146987915, 31.9409065247, 235.775588989, -7.07753992081, 115.334266663, 9.91168498993, 30.5876312256, 7.58148956299, 11.9259529114, -11.0086507797, 12.804690361], [167.202865601, -314.246673584, 119.199607849, -7.96172952652, -7.07753992081, 174.695953369, -46.7286605835, 71.6330718994, -34.997833252, 25.9181289673, 3.12955093384, 16.4825019836, -13.7761230469], [-258.714324951, 306.65612793, -161.181488037, 47.9329719543, 115.334266663, -46.7286605835, 182.839630127, -18.5720481873, 55.9192695618, -23.7687339783, 8.07797718048, -21.2788257599, 20.7443904877], [71.6469726563, -186.774795532, 67.1660614014, -49.4442329407, 9.91168498993, 71.6330718994, -18.5720481873, 110.85458374, -5.09963035583, 30.6444854736, -3.50636386871, 10.2894945145, -9.18483066559], [-112.608398438, 155.861831665, -63.5232429504, 38.3844299316, 30.5876312256, -34.997833252, 55.9192695618, -5.09963035583, 79.8339233398, 8.84972476959, 8.63440895081, -19.2863254547, 6.54717350006], [47.7800979614, -101.895072937, 45.1301193237, -27.4165649414, 7.58148956299, 25.9181289673, -23.7687339783, 30.6444854736, 8.84972476959, 66.8496780396, 15.4805641174, 8.8531627655, -15.2457799911], [-53.259853363, 30.8400726318, -27.9213352203, 13.7420253754, 11.9259529114, 3.12955093384, 8.07797718048, -3.50636386871, 8.63440895081, 15.4805641174, 57.3217506409, 12.9324274063, 5.90402317047], [57.254535675, -80.4654159546, 48.6926841736, -12.3936691284, -11.0086507797, 16.4825019836, -21.2788257599, 10.2894945145, -19.2863254547, 8.8531627655, 12.9324274063, 58.6725502014, 14.5620117188], [-50.7110710144, 73.5907821655, -36.8638305664, 11.6371421814, 12.804690361, -13.7761230469, 20.7443904877, -9.18483066559, 6.54717350006, -15.2457799911, 5.90402317047, 14.5620117188, 51.283946991]],
        "icov": [[0.00110302271787, -0.000968258595094, 0.00107202061918, -0.00180348707363, 0.00118031550664, -0.00142176449299, 0.00194617803209, -0.00159034144599, 0.00201936042868, -0.00220530154184, 0.00256265699863, -0.0019494399894, 0.0012563864002], [-0.000968258595094, 0.0062762950547, -0.00374770513736, 0.00254020607099, -0.00264876894653, 0.00754161039367, -0.00740794744343, 0.00539280334488, -0.00584084261209, 0.00645243003964, -0.00709085725248, 0.00687558483332, -0.00505660520867], [0.00107202061918, -0.00374770513736, 0.00817076954991, -0.00427644047886, 0.00453329086304, -0.00612943060696, 0.0065480042249, -0.00540198199451, 0.00549503276125, -0.00751576945186, 0.00867626816034, -0.0082626324147, 0.00529850833118], [-0.00180348707363, 0.00254020607099, -0.00427644047886, 0.015971403569, -0.00440168986097, -0.000324122462189, -0.00460832333192, 0.0103861531243, -0.0119839459658, 0.0110969487578, -0.00874774344265, 0.00499080354348, -0.00297164288349], [0.00118031550664, -0.00264876894653, 0.00453329086304, -0.00440168986097, 0.0096604404971, -0.00389785110019, -0.000283135217614, -0.00500799249858, 0.00603555003181, -0.00813546404243, 0.0057663070038, -0.00444681569934, 0.0023937348742], [-0.00142176449299, 0.00754161039367, -0.00612943060696, -0.000324122462189, -0.00389785110019, 0.0199570767581, -0.0088353510946, -0.000345572741935, -0.00180934462696, 0.00618213741109, -0.0102528426796, 0.00953106861562, -0.00617120368406], [0.00194617803209, -0.00740794744343, 0.0065480042249, -0.00460832333192, -0.000283135217614, -0.0088353510946, 0.0213936194777, -0.00748227629811, 0.00217646802776, -0.00441919732839, 0.0094750802964, -0.00914293900132, 0.00592434639111], [-0.00159034144599, 0.00539280334488, -0.00540198199451, 0.0103861531243, -0.00500799249858, -0.000345572741935, -0.00748227629811, 0.0231254324317, -0.0116624347866, 0.00587061187252, -0.00664110342041, 0.00597969023511, -0.00492428708822], [0.00201936042868, -0.00584084261209, 0.00549503276125, -0.0119839459658, 0.00603555003181, -0.00180934462696, 0.00217646802776, -0.0116624347866, 0.032062985003, -0.018416268751, 0.00871198717505, -0.00169453816488, 0.0019954519812], [-0.00220530154184, 0.00645243003964, -0.00751576945186, 0.0110969487578, -0.00813546404243, 0.00618213741109, -0.00441919732839, 0.00587061187252, -0.018416268751, 0.036207549274, -0.0179208163172, 0.0059569934383, 0.000657294527628], [0.00256265699863, -0.00709085725248, 0.00867626816034, -0.00874774344265, 0.0057663070038, -0.0102528426796, 0.0094750802964, -0.00664110342041, 0.00871198717505, -0.0179208163172, 0.034141510725, -0.0161391217262, 0.00592726888135], [-0.0019494399894, 0.00687558483332, -0.0082626324147, 0.00499080354348, -0.00444681569934, 0.00953106861562, -0.00914293900132, 0.00597969023511, -0.00169453816488, 0.0059569934383, -0.0161391217262, 0.0345823727548, -0.0164002627134], [0.0012563864002, -0.00505660520867, 0.00529850833118, -0.00297164288349, 0.0023937348742, -0.00617120368406, 0.00592434639111, -0.00492428708822, 0.0019954519812, 0.000657294527628, 0.00592726888135, -0.0164002627134, 0.030862044543]]
    },
    "melbands": {
        "mean": [0.000606402929407, 0.00122730829753, 0.000633209012449, 0.000257381121628, 0.000148029779666, 0.000143946424942, 0.0001648185862, 0.000125463979202, 0.000150052976096, 0.000188739591977, 0.000120742792205, 0.000207456367207, 0.000146108766785, 0.000135022157338, 0.000162079333677, 0.000195883621927, 9.45319989114e-005, 0.000150531646796, 0.000173449778231, 0.000109052911284, 0.000118071184261, 0.000123151519801, 7.4053183198e-005, 5.95027304371e-005, 5.68439463677e-005, 3.3359407098e-005, 2.48578799074e-005, 1.41530845212e-005, 1.03675756691e-005, 7.58428677727e-006, 5.18981551068e-006, 3.32886656906e-006, 2.06613503906e-006, 1.53921791934e-006, 1.3129722447e-006, 1.17345553008e-006, 1.12373743377e-006, 1.05104356862e-006, 7.76371450684e-007, 7.31888519567e-007],
        "var": [5.15128817824e-007, 1.29993691189e-006, 4.12326812693e-007, 9.82761676482e-008, 3.34342722397e-008, 3.15607060486e-008, 3.41754571309e-008, 1.69661831251e-008, 2.85947390211e-008, 3.19477955202e-008, 1.6536583658e-008, 3.71567487889e-008, 1.39007347855e-008, 1.91314590836e-008, 3.54705740335e-008, 5.0217519032e-008, 7.98070498575e-009, 2.58482177884e-008, 3.76063908902e-008, 1.07131903349e-008, 1.75055845375e-008, 1.46000695977e-008, 3.544013083e-009, 1.66054114903e-009, 2.70802735791e-009, 4.96335639255e-010, 2.83493145625e-010, 6.89839851908e-011, 5.3092932828e-011, 6.03530836418e-011, 3.39717143305e-011, 1.57811420182e-011, 7.1806657842e-012, 4.63811541257e-012, 4.21883968732e-012, 2.81491106466e-012, 2.55945958871e-012, 2.2138833735e-012, 1.47269880752e-012, 1.31177404009e-012]
    },
    "mfcc": {
        "mean": [-589.897094727, 110.025627136, -49.0473098755, 27.1475486755, 9.72078704834, 7.73593616486, 8.66931629181, 7.74412107468, 4.43142795563, 3.59148192406, -0.553521037102, 2.08933568001, -1.64550948143],
        "cov": [[1008.64746094, -350.741851807, 322.112731934, -114.673866272, 52.2937316895, -35.6408042908, -47.1666107178, -42.2726593018, -37.5435676575, -47.9802284241, -20.5064678192, -24.1654930115, -15.6670293808], [-350.741851807, 930.815185547, -379.334625244, 323.877197266, -175.269485474, 64.6036224365, -35.3432922363, 35.3207969666, 27.1910972595, 61.3487129211, -11.0814218521, -18.9966430664, -16.7001209259], [322.112731934, -379.334625244, 555.812744141, -180.846633911, 54.4758033752, -61.1036758423, -52.9352264404, -43.4342575073, -44.6186714172, -45.7397117615, -2.28838896751, -10.8543720245, -8.07124042511], [-114.673866272, 323.877197266, -180.846633911, 246.914932251, -56.5890693665, 71.7591018677, -21.4439620972, 27.6224555969, 7.78597354889, 19.6152896881, -5.91136884689, 0.781445205212, -3.58673119545], [52.2937316895, -175.269485474, 54.4758033752, -56.5890693665, 134.07598877, -0.738233804703, 41.7770652771, -1.31442010403, 9.67305469513, -7.75576448441, 13.3915405273, 13.9956417084, 12.0534267426], [-35.6408042908, 64.6036224365, -61.1036758423, 71.7591018677, -0.738233804703, 100.311302185, 23.0297985077, 23.3008613586, 8.96039199829, 13.2462091446, -1.20561695099, 3.3134124279, -0.939336538315], [-47.1666107178, -35.3432922363, -52.9352264404, -21.4439620972, 41.7770652771, 23.0297985077, 97.3853530884, 32.2302627563, 18.6417942047, 7.86161518097, 10.9985904694, 5.50898885727, 7.43319320679], [-42.2726593018, 35.3207969666, -43.4342575073, 27.6224555969, -1.31442010403, 23.3008613586, 32.2302627563, 67.4336853027, 28.4713764191, 5.75525569916, -2.06366062164, 4.70793151855, -0.0332486741245], [-37.5435676575, 27.1910972595, -44.6186714172, 7.78597354889, 9.67305469513, 8.96039199829, 18.6417942047, 28.4713764191, 66.2875671387, 29.2323074341, 4.08463573456, 3.90180683136, 2.07337260246], [-47.9802284241, 61.3487129211, -45.7397117615, 19.6152896881, -7.75576448441, 13.2462091446, 7.86161518097, 5.75525569916, 29.2323074341, 69.4402084351, 24.5961647034, 6.4696521759, -0.167392835021], [-20.5064678192, -11.0814218521, -2.28838896751, -5.91136884689, 13.3915405273, -1.20561695099, 10.9985904694, -2.06366062164, 4.08463573456, 24.5961647034, 57.7428741455, 27.4962902069, 7.20829677582], [-24.1654930115, -18.9966430664, -10.8543720245, 0.781445205212, 13.9956417084, 3.3134124279, 5.50898885727, 4.70793151855, 3.90180683136, 6.4696521759, 27.4962902069, 59.5573654175, 21.9963779449], [-15.6670293808, -16.7001209259, -8.07124042511, -3.58673119545, 12.0534267426, -0.939336538315, 7.43319320679, -0.0332486741245, 2.07337260246, -0.167392835021, 7.20829677582, 21.9963779449, 47.306350708]],
        "icov": [[0.0013046162203, 0.000362422491889, -0.000513864622917, -0.000253445614362, -0.000103972866782, -6.07379988651e-005, 0.000340595026501, 0.000228468052228, -6.17979139861e-006, 0.000159689428983, 0.000194364853087, 0.000337861798471, 0.000239169283304], [0.000362422491889, 0.00286704790778, 0.000617458892521, -0.00286999088712, 0.00209132791497, 0.000830307311844, -0.000203191273613, 0.000337852048688, -0.000366226100596, -0.000925183529034, 6.09502676525e-005, 0.000680200348143, 0.000222907285206], [-0.000513864622917, 0.000617458892521, 0.00337639451027, 0.00159259792417, -0.000568585062865, -0.000228100834647, 0.00251798215322, -0.000848488591146, 0.00115302018821, 0.000352906325134, -0.000749320199247, 0.000713503919542, 0.000221838068683], [-0.000253445614362, -0.00286999088712, 0.00159259792417, 0.0108760548756, -0.00122783542611, -0.00563079630956, 0.00474907038733, -0.0031601996161, 0.00162493076641, 0.000504344527144, -0.000476091110613, -0.000239683082327, -0.00043360615382], [-0.000103972866782, 0.00209132791497, -0.000568585062865, -0.00122783542611, 0.0123415933922, -0.000193735453649, -0.0053703407757, 0.00316697056405, -0.00341960019432, 0.00186015479267, -0.00143378635403, -0.00108616345096, -0.000908645743039], [-6.07379988651e-005, 0.000830307311844, -0.000228100834647, -0.00563079630956, -0.000193735453649, 0.0149748334661, -0.00429098913446, -0.00152848195285, 0.0011064002756, -0.00272971671075, 0.00217693811283, -0.00113466195762, 0.000964764214586], [0.000340595026501, -0.000203191273613, 0.00251798215322, 0.00474907038733, -0.0053703407757, -0.00429098913446, 0.0190472975373, -0.00855659134686, 0.00122868188191, -0.000107103427581, -0.00337662035599, 0.00305715901777, -0.00184624106623], [0.000228468052228, 0.000337852048688, -0.000848488591146, -0.0031601996161, 0.00316697056405, -0.00152848195285, -0.00855659134686, 0.0244843121618, -0.0102013936266, 0.00369434151798, 0.00187515281141, -0.00302162906155, 0.00191442866344], [-6.17979139861e-006, -0.000366226100596, 0.00115302018821, 0.00162493076641, -0.00341960019432, 0.0011064002756, 0.00122868188191, -0.0102013936266, 0.0248484294862, -0.0109337978065, 0.0034835904371, -0.000310573144816, -0.000632535375189], [0.000159689428983, -0.000925183529034, 0.000352906325134, 0.000504344527144, 0.00186015479267, -0.00272971671075, -0.000107103427581, 0.00369434151798, -0.0109337978065, 0.0241605695337, -0.0110516911373, 0.00226521259174, 0.00051142508164], [0.000194364853087, 6.09502676525e-005, -0.000749320199247, -0.000476091110613, -0.00143378635403, 0.00217693811283, -0.00337662035599, 0.00187515281141, 0.0034835904371, -0.0110516911373, 0.0286539532244, -0.0127298859879, 0.00222355360165], [0.000337861798471, 0.000680200348143, 0.000713503919542, -0.000239683082327, -0.00108616345096, -0.00113466195762, 0.00305715901777, -0.00302162906155, -0.000310573144816, 0.00226521259174, -0.0127298859879, 0.0270385984331, -0.0103836841881], [0.000239169283304, 0.000222907285206, 0.000221838068683, -0.00043360615382, -0.000908645743039, 0.000964764214586, -0.00184624106623, 0.00191442866344, -0.000632535375189, 0.00051142508164, 0.00222355360165, -0.0103836841881, 0.0263626985252]]
    },
    "spectral_contrast_coeffs": {
        "mean": [-0.679457962513, -0.741063952446, -0.744136869907, -0.750393688679, -0.75845092535, -0.721196889877],
        "var": [0.00355698750354, 0.00338003714569, 0.00363157852553, 0.0026170196943, 0.00132779497653, 0.00257924222387]
    },
    "spectral_contrast_valleys": {
        "mean": [-7.19120073318, -6.79677200317, -6.81853151321, -6.64599561691, -6.56729841232, -10.0784463882],
        "var": [0.448972314596, 0.578716635704, 0.472802847624, 0.4115896523, 0.350918203592, 1.10530507565]
    }
},
"metadata": {
    "audio_properties": {
        "analysis_sample_rate": 44100,
        "bit_rate": 128074,
        "equal_loudness": 0,
        "length": 45.0612258911,
        "lossless": 0,
        "replay_gain": -6.47076797485,
        "sample_rate": 44100,
        "codec": "mp3",
        "downmix": "mix",
        "md5_encoded": "83652c0f1758c673451855d98e0650cd"
    },
    "tags": {
        "file_name": "1250.mp3"
    },
    "version": {
        "essentia": "2.1-beta2",
        "essentia_git_sha": "v2.1_beta2",
        "extractor": "music 1.0"
    }
},
"rhythm": {
    "beats_count": 73,
    "beats_loudness": {
        "mean": 0.0301466714591,
        "var": 4.1191400669e-005
    },
    "bpm": 99.1946792603,
    "bpm_histogram_first_peak_bpm": {
        "mean": 99,
        "var": 0
    },
    "bpm_histogram_first_peak_spread": {
        "mean": 0.308823525906,
        "var": 0
    },
    "bpm_histogram_first_peak_weight": {
        "mean": 0.652777791023,
        "var": 0
    },
    "bpm_histogram_second_peak_bpm": {
        "mean": 92,
        "var": 0
    },
    "bpm_histogram_second_peak_spread": {
        "mean": 0,
        "var": 0
    },
    "bpm_histogram_second_peak_weight": {
        "mean": 0.0555555559695,
        "var": 0
    },
    "danceability": 1.10035395622,
    "onset_rate": 3.32730412483,
    "beats_loudness_band_ratio": {
        "mean": [0.260816693306, 0.0731970444322, 0.122276753187, 0.195858582854, 0.265680253506, 0.103594265878],
        "var": [0.0174394529313, 0.00168644043151, 0.00510716345161, 0.00489445542917, 0.0128452302888, 0.00335006974638]
    },
    "beats_position": [0.626938760281, 1.27709746361, 1.92725622654, 2.55419492722, 3.16952371597, 3.78485250473, 4.37696123123, 4.99229001999, 5.60761880875, 6.2229475975, 6.83827638626, 7.44199514389, 8.05732440948, 8.66104316711, 9.26476192474, 9.86848068237, 10.4489793777, 11.0526981354, 11.656416893, 12.2601356506, 12.8638544083, 13.4559631348, 14.0480718613, 14.6401815414, 15.2322902679, 15.8243989944, 16.4281177521, 17.0202255249, 17.6239452362, 18.2276649475, 18.8313827515, 19.458322525, 20.1084804535, 20.758638382, 21.3855781555, 21.9892959595, 22.5930156708, 23.1735134125, 23.7656230927, 24.3577327728, 24.9382305145, 25.5419502258, 26.1340579987, 26.7261676788, 27.3414955139, 27.9568252563, 28.5605430603, 29.1642627716, 29.7447605133, 30.3484802246, 30.9521980286, 31.5559177399, 32.1596374512, 32.7749671936, 33.3786849976, 33.9824028015, 34.5977325439, 35.2014503479, 35.8051681519, 36.4088897705, 37.0126075745, 37.6395454407, 38.2432632446, 38.8469848633, 39.4507026672, 40.0776405334, 40.7045783997, 41.3199081421, 41.9352378845, 42.550567627, 43.1658935547, 43.7696151733, 44.3733329773]
},
"tonal": {
    "chords_changes_rate": 0.0565843619406,
    "chords_number_rate": 0.00720164598897,
    "chords_strength": {
        "mean": 0.483377248049,
        "var": 0.00652344990522
    },
    "hpcp_entropy": {
        "mean": 2.19862771034,
        "var": 0.451821625233
    },
    "key_strength": 0.720330893993,
    "tuning_diatonic_strength": 0.575938820839,
    "tuning_equal_tempered_deviation": 0.0542481914163,
    "tuning_frequency": 441.272583008,
    "tuning_nontempered_energy_ratio": 0.68185377121,
    "hpcp": {
        "mean": [0.165023311973, 0.138204440475, 0.333542138338, 0.555364429951, 0.380350440741, 0.156146749854, 0.113582625985, 0.0992187559605, 0.162816509604, 0.250336587429, 0.196965038776, 0.158927351236, 0.198149070144, 0.160335317254, 0.169759213924, 0.181786581874, 0.129126951098, 0.21247844398, 0.346251785755, 0.283128410578, 0.153459906578, 0.112124182284, 0.136515706778, 0.334861606359, 0.531140089035, 0.379443824291, 0.174056813121, 0.135185524821, 0.120457671583, 0.136292144656, 0.143522709608, 0.136602342129, 0.197728708386, 0.278997302055, 0.227912724018, 0.170926630497],
        "var": [0.0390952378511, 0.0201406050473, 0.0555593371391, 0.118398427963, 0.0624499619007, 0.0323226749897, 0.0240253973752, 0.0183757208288, 0.0271644759923, 0.0619450807571, 0.0360893830657, 0.0314712300897, 0.0686292275786, 0.0391358025372, 0.0339268967509, 0.0365890860558, 0.0182188898325, 0.0389512293041, 0.0956609547138, 0.0634295195341, 0.0315929837525, 0.0198949296027, 0.0307123083621, 0.0629182904959, 0.112184271216, 0.0796913355589, 0.0448734983802, 0.0371026210487, 0.0338288024068, 0.033860001713, 0.0328236930072, 0.0225344095379, 0.0291328709573, 0.0773224979639, 0.0557574704289, 0.0385430194438]
    },
    "chords_histogram": [38.0658454895, 6.89300394058, 8.23045253754, 2.36625504494, 0, 9.05349826813, 0, 22.9423866272, 0, 0, 0, 0, 0, 0, 0, 0, 0, 0, 0, 0, 0, 0, 12.448559761, 0],
    "thpcp": [1, 0.684866428375, 0.281160891056, 0.204519093037, 0.178655222058, 0.293170571327, 0.450760930777, 0.354659080505, 0.286167681217, 0.356791079044, 0.288702905178, 0.305671751499, 0.327328443527, 0.23250849545, 0.382592827082, 0.623467683792, 0.509806513786, 0.276322901249, 0.201892986894, 0.245812833309, 0.602958321571, 0.956381201744, 0.683233916759, 0.313410073519, 0.243417680264, 0.216898426414, 0.245410293341, 0.258429795504, 0.245968833566, 0.35603415966, 0.502367973328, 0.410384088755, 0.307773828506, 0.297144174576, 0.248853608966, 0.600582480431],
    "chords_key": "A#",
    "chords_scale": "minor",
    "key_key": "A#",
    "key_scale": "minor"
}
}