{
"lowlevel": {
    "average_loudness": 0.952856123447,
    "barkbands_crest": {
        "mean": 8.94737815857,
        "var": 10.2970733643
    },
    "barkbands_flatness_db": {
        "mean": 0.132140636444,
        "var": 0.00223940960132
    },
    "barkbands_kurtosis": {
        "mean": 5.70144748688,
        "var": 57.8017578125
    },
    "barkbands_skewness": {
        "mean": 1.82401752472,
        "var": 1.37563574314
    },
    "barkbands_spread": {
        "mean": 23.518787384,
        "var": 258.985321045
    },
    "dissonance": {
        "mean": 0.454184085131,
        "var": 0.000974949507508
    },
    "dynamic_complexity": 2.64492917061,
    "erbbands_crest": {
        "mean": 8.74620914459,
        "var": 13.6327095032
    },
    "erbbands_flatness_db": {
        "mean": 0.139659270644,
        "var": 0.00171368569136
    },
    "erbbands_kurtosis": {
        "mean": 1.02288222313,
        "var": 10.9654150009
    },
    "erbbands_skewness": {
        "mean": 0.52283424139,
        "var": 1.00152766705
    },
    "erbbands_spread": {
        "mean": 46.7453041077,
        "var": 524.222045898
    },
    "hfc": {
        "mean": 21.2680339813,
        "var": 712.862121582
    },
    "melbands_crest": {
        "mean": 13.433807373,
        "var": 20.4950771332
    },
    "melbands_flatness_db": {
        "mean": 0.203281253576,
        "var": 0.00386951467954
    },
    "melbands_kurtosis": {
        "mean": 17.9455928802,
        "var": 396.336029053
    },
    "melbands_skewness": {
        "mean": 3.02788710594,
        "var": 2.84703850746
    },
    "melbands_spread": {
        "mean": 21.7942790985,
        "var": 472.114318848
    },
    "pitch_salience": {
        "mean": 0.563382983208,
        "var": 0.00750842690468
    },
    "silence_rate_20dB": {
        "mean": 1,
        "var": 0
    },
    "silence_rate_30dB": {
        "mean": 0.99794024229,
        "var": 0.0020555187948
    },
    "silence_rate_60dB": {
        "mean": 0.0205973219126,
        "var": 0.0201725978404
    },
    "spectral_centroid": {
        "mean": 1228.29553223,
        "var": 497260.625
    },
    "spectral_complexity": {
        "mean": 15.0391349792,
        "var": 106.769073486
    },
    "spectral_decrease": {
        "mean": -5.84490544853e-009,
        "var": 3.02765011766e-017
    },
    "spectral_energy": {
        "mean": 0.0239891204983,
        "var": 0.000504034513142
    },
    "spectral_energyband_high": {
        "mean": 0.00129075523,
        "var": 7.04063404555e-006
    },
    "spectral_energyband_low": {
        "mean": 0.00920021254569,
        "var": 0.000209421399632
    },
    "spectral_energyband_middle_high": {
        "mean": 0.00414220103994,
        "var": 3.21438456012e-005
    },
    "spectral_energyband_middle_low": {
        "mean": 0.0108381966129,
        "var": 7.00441451045e-005
    },
    "spectral_entropy": {
        "mean": 7.599568367,
        "var": 0.19885571301
    },
    "spectral_flux": {
        "mean": 0.0802484750748,
        "var": 0.00303297094069
    },
    "spectral_kurtosis": {
        "mean": 3.39186429977,
        "var": 5.02342557907
    },
    "spectral_rms": {
        "mean": 0.00447484757751,
        "var": 3.37976030096e-006
    },
    "spectral_rolloff": {
        "mean": 1452.51489258,
        "var": 2815849.5
    },
    "spectral_skewness": {
        "mean": 1.4609721899,
        "var": 0.176077023149
    },
    "spectral_spread": {
        "mean": 5646784.5,
        "var": 3.69624953651e+012
    },
    "spectral_strongpeak": {
        "mean": 0.801526486874,
        "var": 1.14592862129
    },
    "zerocrossingrate": {
        "mean": 0.0635512396693,
        "var": 0.00160273595247
    },
    "barkbands": {
        "mean": [0.000104161306808, 0.00421819277108, 0.00348071637563, 0.00265079247765, 0.00317552452907, 0.000942620274145, 0.00191084120888, 0.00110551237594, 0.0009203691734, 0.000579930085223, 0.000512433703989, 0.000332744297339, 0.000247168150963, 0.000405043159844, 0.000529714103322, 0.000311170559144, 0.000425034639193, 0.000401901401347, 0.000318483129377, 0.00026104535209, 0.00021917813865, 0.000255722814472, 0.000240767854848, 0.000221728492761, 0.00014086261217, 7.42077463656e-005, 3.25104679177e-006],
        "var": [5.27764321134e-008, 8.39477943373e-005, 2.80552321783e-005, 1.21407347251e-005, 1.59440169227e-005, 1.27936368699e-006, 8.55069174577e-006, 2.63075753537e-006, 1.77290235115e-006, 1.83261579423e-006, 1.59979663295e-006, 1.0723701962e-006, 5.80200321565e-007, 1.42624207911e-006, 2.1172952529e-006, 4.66515075459e-007, 4.56659250858e-007, 4.69758219879e-007, 6.29053545254e-007, 2.47172124546e-007, 2.87042666969e-007, 2.88971619966e-007, 4.63712751753e-007, 8.4625190766e-007, 9.33897865707e-008, 2.36672246245e-008, 9.9363517414e-011]
    },
    "erbbands": {
        "mean": [0.088870935142, 1.08468389511, 3.81899857521, 6.97014331818, 10.7015657425, 10.1467828751, 6.05686855316, 9.89855575562, 23.04271698, 29.7922286987, 22.5583457947, 20.3100337982, 16.3939437866, 19.6756744385, 17.3331279755, 13.904250145, 12.2603311539, 19.0621356964, 20.595697403, 25.3081455231, 17.9855384827, 23.6978130341, 24.0234050751, 16.9698257446, 15.9838275909, 12.3115129471, 8.60382556915, 9.33084106445, 9.31304073334, 8.6822271347, 6.48998022079, 5.10297107697, 3.32853388786, 1.77739155293, 0.870174705982, 0.422042906284, 0.121625676751, 0.0168947950006, 0.000438482064055, 4.43324388471e-005],
        "var": [0.0413346849382, 5.41130256653, 37.316783905, 75.2679443359, 225.430892944, 182.53112793, 71.4767608643, 144.786972046, 1196.0736084, 2011.66467285, 706.056640625, 983.039733887, 1007.32733154, 1821.59265137, 2066.76098633, 1910.59069824, 1272.7713623, 3634.75463867, 1746.34399414, 4297.57861328, 995.283935547, 1261.53137207, 1525.22338867, 1105.32177734, 1731.25280762, 597.734008789, 300.1590271, 527.24041748, 395.400299072, 411.592895508, 387.956329346, 453.144195557, 167.451248169, 17.5059356689, 3.76934337616, 0.824211001396, 0.0704282671213, 0.00177932565566, 1.19564435863e-006, 2.95434809949e-009]
    },
    "gfcc": {
        "mean": [-0.436306685209, 82.9921340942, -95.5717010498, 41.9401245117, -65.3066482544, 8.59622955322, -44.0558624268, 17.0856285095, -19.8437328339, 1.85201942921, -22.6585044861, -3.53308725357, -20.4160270691],
        "cov": [[4992.84814453, -1152.40515137, -457.517456055, 159.989700317, 131.786865234, 287.818389893, -140.412734985, 40.5519332886, -219.520431519, 114.280860901, -82.5343551636, 257.633087158, 24.0375442505], [-1152.40515137, 1199.72131348, -236.48223877, -51.8583374023, 19.363494873, -125.605567932, 174.762390137, -112.968635559, 108.210289001, -132.084899902, 115.101295471, -89.6755218506, 96.1097640991], [-457.517456055, -236.48223877, 923.770324707, 174.625595093, -18.6926765442, 48.5065574646, -24.5317554474, 112.311012268, 38.7747993469, 141.253738403, -84.5580978394, -52.0942077637, -135.415878296], [159.989700317, -51.8583374023, 174.625595093, 418.46282959, 93.799659729, 7.55968141556, 3.63520669937, -12.0750341415, 50.8212814331, 20.9505615234, -31.4736557007, -60.2318496704, -0.0508915223181], [131.786865234, 19.363494873, -18.6926765442, 93.799659729, 244.965286255, 42.570476532, 8.22835350037, -5.92049360275, -34.830657959, 24.0100040436, -3.84631848335, -0.664892613888, 17.0926589966], [287.818389893, -125.605567932, 48.5065574646, 7.55968141556, 42.570476532, 188.865203857, 54.7438430786, -1.46656894684, -26.1386375427, 25.5333366394, 0.0849441364408, 3.08102607727, -21.7905330658], [-140.412734985, 174.762390137, -24.5317554474, 3.63520669937, 8.22835350037, 54.7438430786, 182.624206543, 18.8514137268, -7.12147331238, -20.2173023224, 21.6354637146, -14.0914382935, 1.46657037735], [40.5519332886, -112.968635559, 112.311012268, -12.0750341415, -5.92049360275, -1.46656894684, 18.8514137268, 125.768074036, 25.3513317108, 31.5553188324, -35.9152755737, -4.3786315918, -16.2594604492], [-219.520431519, 108.210289001, 38.7747993469, 50.8212814331, -34.830657959, -26.1386375427, -7.12147331238, 25.3513317108, 158.392410278, 40.0822029114, -18.8268718719, -50.7260971069, -3.54689979553], [114.280860901, -132.084899902, 141.253738403, 20.9505615234, 24.0100040436, 25.5333366394, -20.2173023224, 31.5553188324, 40.0822029114, 153.351577759, -5.86028194427, -26.5955696106, -41.6901435852], [-82.5343551636, 115.101295471, -84.5580978394, -31.4736557007, -3.84631848335, 0.0849441364408, 21.6354637146, -35.9152755737, -18.8268718719, -5.86028194427, 102.546272278, 35.1913146973, 10.1973581314], [257.633087158, -89.6755218506, -52.0942077637, -60.2318496704, -0.664892613888, 3.08102607727, -14.0914382935, -4.3786315918, -50.7260971069, -26.5955696106, 35.1913146973, 112.888595581, 17.0677433014], [24.0375442505, 96.1097640991, -135.415878296, -0.0508915223181, 17.0926589966, -21.7905330658, 1.46657037735, -16.2594604492, -3.54689979553, -41.6901435852, 10.1973581314, 17.0677433014, 78.1677780151]],
        "icov": [[0.000470204191515, -9.94721485768e-005, 0.000678627344314, -0.000745331577491, 0.000407680869102, -0.000875732745044, 0.000552243960556, -0.00060412712628, 0.000786608317867, -0.000994520727545, 0.00105033582076, -0.00142806291115, 0.00036363361869], [-9.94721485768e-005, 0.00317228864878, -0.00108918873593, 0.00188988435548, -0.00189079367556, 0.00267326133326, -0.00342478835955, 0.0031765261665, -0.00335897924379, 0.00290055992082, -0.00359970866702, 0.00358228129335, -0.00278983847238], [0.000678627344314, -0.00108918873593, 0.0032382865902, -0.00254486058839, 0.00161930650938, -0.00219803699292, 0.00201942189597, -0.00298077939078, 0.00248298887163, -0.00313703506254, 0.00327619258314, -0.00329759716988, 0.00384621950798], [-0.000745331577491, 0.00188988435548, -0.00254486058839, 0.0055859060958, -0.00316558056511, 0.00289910333231, -0.00290496041998, 0.00383815797977, -0.00417876057327, 0.00362380663864, -0.00329459528439, 0.00516879744828, -0.00310192909092], [0.000407680869102, -0.00189079367556, 0.00161930650938, -0.00316558056511, 0.00681840255857, -0.00316446716897, 0.00240487745032, -0.00265181716532, 0.00444445060566, -0.00417179521173, 0.00324764801189, -0.0030877366662, 0.000259995373199], [-0.000875732745044, 0.00267326133326, -0.00219803699292, 0.00289910333231, -0.00316446716897, 0.0103474780917, -0.00610008463264, 0.00474550388753, -0.00321179791354, 0.00265522114933, -0.00357850408182, 0.00427701463923, -0.00134209962562], [0.000552243960556, -0.00342478835955, 0.00201942189597, -0.00290496041998, 0.00240487745032, -0.00610008463264, 0.0114102773368, -0.00658156583086, 0.00456255767494, -0.00205288873985, 0.001781005878, -0.00272209057584, 0.00320227257907], [-0.00060412712628, 0.0031765261665, -0.00298077939078, 0.00383815797977, -0.00265181716532, 0.00474550388753, -0.00658156583086, 0.0151737239212, -0.00581482285634, 0.002092407085, -0.00025871253456, 0.00267042731866, -0.0033959292341], [0.000786608317867, -0.00335897924379, 0.00248298887163, -0.00417876057327, 0.00444445060566, -0.00321179791354, 0.00456255767494, -0.00581482285634, 0.0136057874188, -0.00683929072693, 0.00510426610708, -0.00246020406485, 0.00186550046783], [-0.000994520727545, 0.00290055992082, -0.00313703506254, 0.00362380663864, -0.00417179521173, 0.00265522114933, -0.00205288873985, 0.002092407085, -0.00683929072693, 0.0145164560527, -0.0075271660462, 0.00744729256257, 0.000221257869271], [0.00105033582076, -0.00359970866702, 0.00327619258314, -0.00329459528439, 0.00324764801189, -0.00357850408182, 0.001781005878, -0.00025871253456, 0.00510426610708, -0.0075271660462, 0.0200388133526, -0.0115198669955, 0.00409969966859], [-0.00142806291115, 0.00358228129335, -0.00329759716988, 0.00516879744828, -0.0030877366662, 0.00427701463923, -0.00272209057584, 0.00267042731866, -0.00246020406485, 0.00744729256257, -0.0115198669955, 0.0210406221449, -0.00643170718104], [0.00036363361869, -0.00278983847238, 0.00384621950798, -0.00310192909092, 0.000259995373199, -0.00134209962562, 0.00320227257907, -0.0033959292341, 0.00186550046783, 0.000221257869271, 0.00409969966859, -0.00643170718104, 0.0226471759379]]
    },
    "melbands": {
        "mean": [0.00100469193421, 0.00184058549348, 0.00132884411141, 0.000796663109213, 0.000253153732046, 0.000220456699026, 0.000364265724784, 0.000315890909405, 0.00018424798327, 0.000122728582937, 8.20833884063e-005, 8.13861915958e-005, 6.04335655225e-005, 4.02029254474e-005, 3.14903663821e-005, 2.52121535596e-005, 3.81271711376e-005, 2.76559039776e-005, 5.05892021465e-005, 2.44143830059e-005, 1.93660962395e-005, 2.46471536229e-005, 2.31003505178e-005, 1.90374248632e-005, 1.29756535898e-005, 1.1742496099e-005, 1.00600072983e-005, 7.85728934716e-006, 5.56583972866e-006, 4.7087251005e-006, 5.87093836657e-006, 5.31424939254e-006, 4.7717326197e-006, 4.88337991555e-006, 3.83327187592e-006, 2.96600592264e-006, 3.28612509293e-006, 2.43488398155e-006, 1.82048006536e-006, 1.37362815167e-006],
        "var": [4.88213436256e-006, 9.8849668575e-006, 2.58404202214e-006, 1.0148896763e-006, 1.27461177613e-007, 6.76634783758e-008, 2.8861538226e-007, 2.10591096561e-007, 5.43004041731e-008, 3.75460942337e-008, 2.93531385864e-008, 3.22231059613e-008, 2.6008443399e-008, 1.43217766535e-008, 1.05670849848e-008, 5.77281555891e-009, 1.66361679987e-008, 3.66775454452e-009, 2.3717918296e-008, 3.79501852166e-009, 1.2207251876e-009, 1.55725099482e-009, 1.47372880566e-009, 1.04899544606e-009, 7.33041238821e-010, 1.06043140935e-009, 5.93683824324e-010, 2.4044496949e-010, 1.14206609447e-010, 1.44369516342e-010, 2.2517508691e-010, 1.3199320803e-010, 1.07533808247e-010, 1.52631879358e-010, 1.49185899745e-010, 8.95937352086e-011, 2.32571836789e-010, 1.12665744789e-010, 2.61965223819e-011, 9.32046193697e-012]
    },
    "mfcc": {
        "mean": [-647.797180176, 110.285888672, 21.8977794647, 31.4907188416, 6.28602361679, -3.68992304802, -9.05607318878, 5.46297264099, 1.05646204948, 4.09792280197, 3.73994541168, 1.02391147614, -2.69146323204],
        "cov": [[4741.52685547, -1038.12780762, -652.063720703, -110.899223328, 101.412155151, 195.84362793, 110.743873596, 74.6126022339, -20.0673484802, -83.2461395264, -160.710266113, -161.609786987, 89.0567245483], [-1038.12780762, 986.807312012, -146.914337158, -16.3764362335, -128.984222412, -33.948135376, 4.75078201294, 34.4811515808, -29.1069641113, -12.6071596146, 5.7656621933, -7.48129987717, 3.77864956856], [-652.063720703, -146.914337158, 745.308654785, 128.023574829, 54.8076972961, 9.87758350372, -30.8732051849, -39.0632972717, 70.6304931641, 66.6544189453, 118.330314636, 94.0373687744, -6.46050310135], [-110.899223328, -16.3764362335, 128.023574829, 367.127929688, 104.680023193, 36.0360298157, -10.3052024841, -21.8791408539, 55.9323043823, 39.0859069824, 25.3583507538, 9.2130355835, -7.52416753769], [101.412155151, -128.984222412, 54.8076972961, 104.680023193, 223.990768433, 50.7799263, 0.610064446926, -39.1385421753, 29.7571487427, 14.4763393402, 5.78036212921, 6.89975118637, -7.27442169189], [195.84362793, -33.948135376, 9.87758350372, 36.0360298157, 50.7799263, 192.306137085, 68.2578353882, 2.30424308777, 0.236212313175, 18.164018631, 23.7622947693, 1.69009363651, 1.35404229164], [110.743873596, 4.75078201294, -30.8732051849, -10.3052024841, 0.610064446926, 68.2578353882, 201.587112427, 50.0717544556, -19.8262729645, -19.4200725555, -7.29208898544, -2.10908579826, -2.17207312584], [74.6126022339, 34.4811515808, -39.0632972717, -21.8791408539, -39.1385421753, 2.30424308777, 50.0717544556, 137.066772461, 5.32951116562, -34.5428314209, -34.0357971191, -17.4251899719, 3.84712743759], [-20.0673484802, -29.1069641113, 70.6304931641, 55.9323043823, 29.7571487427, 0.236212313175, -19.8262729645, 5.32951116562, 131.415405273, 72.0138244629, 27.3069610596, -11.5241260529, -8.99511528015], [-83.2461395264, -12.6071596146, 66.6544189453, 39.0859069824, 14.4763393402, 18.164018631, -19.4200725555, -34.5428314209, 72.0138244629, 137.330718994, 55.9687690735, -5.05949306488, -4.12473249435], [-160.710266113, 5.7656621933, 118.330314636, 25.3583507538, 5.78036212921, 23.7622947693, -7.29208898544, -34.0357971191, 27.3069610596, 55.9687690735, 102.185852051, 53.2346458435, 0.921565294266], [-161.609786987, -7.48129987717, 94.0373687744, 9.2130355835, 6.89975118637, 1.69009363651, -2.10908579826, -17.4251899719, -11.5241260529, -5.05949306488, 53.2346458435, 107.089042664, 25.4808654785], [89.0567245483, 3.77864956856, -6.46050310135, -7.52416753769, -7.27442169189, 1.35404229164, -2.17207312584, 3.84712743759, -8.99511528015, -4.12473249435, 0.921565294266, 25.4808654785, 70.6333618164]],
        "icov": [[0.0004277236294, 0.000513191276696, 0.000412740308093, 8.07940705272e-006, 3.34116411977e-005, -0.000367183441995, -3.50738555426e-005, -8.91040544957e-005, -0.000173520034878, 0.000285713816993, -0.000181985204108, 0.000563295267057, -0.000720121024642], [0.000513191276696, 0.00176920252852, 0.000763362448197, -0.000232862570556, 0.000671354297083, -0.000307270791382, -3.433031452e-005, -0.0003083202173, -2.91440646834e-005, 0.000399790762458, -0.000797300192062, 0.000774082145654, -0.000855120248161], [0.000412740308093, 0.000763362448197, 0.00228649307974, -0.000446389458375, 1.72389318323e-005, -0.000166631914908, 9.28618828766e-005, -0.000229642668273, -0.000676525873132, 0.000347837893059, -0.00172906764783, -0.000463287404273, -0.00025546955294], [8.07940705272e-006, -0.000232862570556, -0.000446389458375, 0.00346210761927, -0.00142526871059, -0.000353181123501, 0.000118156400276, 7.71228369558e-005, -0.000895651755854, -0.000177908266778, 0.000236376159592, -3.79963676096e-005, 7.58302703616e-005], [3.34116411977e-005, 0.000671354297083, 1.72389318323e-005, -0.00142526871059, 0.00634268578142, -0.00154117285274, -0.000115181755973, 0.00193197489716, -0.00147616071627, 0.000651711423416, 0.00144817191176, -0.000828607822768, 0.000475801702123], [-0.000367183441995, -0.000307270791382, -0.000166631914908, -0.000353181123501, -0.00154117285274, 0.00715889316052, -0.00222087395377, -0.000326470792061, 0.00115935411304, -0.000874632853083, -0.00234908005223, 0.000757452275138, -6.59747602185e-005], [-3.50738555426e-005, -3.433031452e-005, 9.28618828766e-005, 0.000118156400276, -0.000115181755973, -0.00222087395377, 0.00645227124915, -0.00240345275961, 0.00100661139004, 3.44334439433e-005, -0.000109050823085, -0.000369052228052, 0.000691933673806], [-8.91040544957e-005, -0.0003083202173, -0.000229642668273, 7.71228369558e-005, 0.00193197489716, -0.000326470792061, -0.00240345275961, 0.0103196781129, -0.00328897987492, 0.00272771716118, 0.00266330875456, 0.00016127913841, -0.000667193322442], [-0.000173520034878, -2.91440646834e-005, -0.000676525873132, -0.000895651755854, -0.00147616071627, 0.00115935411304, 0.00100661139004, -0.00328897987492, 0.0128748072311, -0.00641183648258, -0.00114954938181, 0.00141612219159, 0.000868197064847], [0.000285713816993, 0.000399790762458, 0.000347837893059, -0.000177908266778, 0.000651711423416, -0.000874632853083, 3.44334439433e-005, 0.00272771716118, -0.00641183648258, 0.0147729795426, -0.00779985170811, 0.00496444478631, -0.00207538856193], [-0.000181985204108, -0.000797300192062, -0.00172906764783, 0.000236376159592, 0.00144817191176, -0.00234908005223, -0.000109050823085, 0.00266330875456, -0.00114954938181, -0.00779985170811, 0.0232795346528, -0.0113223614171, 0.00336381187662], [0.000563295267057, 0.000774082145654, -0.000463287404273, -3.79963676096e-005, -0.000828607822768, 0.000757452275138, -0.000369052228052, 0.00016127913841, 0.00141612219159, 0.00496444478631, -0.0113223614171, 0.0183768458664, -0.00692948745564], [-0.000720121024642, -0.000855120248161, -0.00025546955294, 7.58302703616e-005, 0.000475801702123, -6.59747602185e-005, 0.000691933673806, -0.000667193322442, 0.000868197064847, -0.00207538856193, 0.00336381187662, -0.00692948745564, 0.0176491905004]]
    },
    "spectral_contrast_coeffs": {
        "mean": [-0.61717748642, -0.713296353817, -0.755305886269, -0.789005339146, -0.792780578136, -0.779865562916],
        "var": [0.00445078406483, 0.00447194557637, 0.00624670134857, 0.00482967682183, 0.00300598470494, 0.00162297394127]
    },
    "spectral_contrast_valleys": {
        "mean": [-7.21578025818, -6.71362638474, -7.88958930969, -8.05578708649, -7.61322402954, -9.82185745239],
        "var": [0.788640856743, 0.599874913692, 0.691459834576, 0.705156505108, 0.7940081954, 1.03757953644]
    }
},
"metadata": {
    "audio_properties": {
        "analysis_sample_rate": 44100,
        "bit_rate": 128074,
        "equal_loudness": 0,
        "length": 45.0612258911,
        "lossless": 0,
        "replay_gain": -5.53808784485,
        "sample_rate": 44100,
        "codec": "mp3",
        "downmix": "mix",
        "md5_encoded": "0c0c75b87b1a4e35a055cae34ce54816"
    },
    "tags": {
        "file_name": "1251.mp3"
    },
    "version": {
        "essentia": "2.1-beta2",
        "essentia_git_sha": "v2.1_beta2",
        "extractor": "music 1.0"
    }
},
"rhythm": {
    "beats_count": 108,
    "beats_loudness": {
        "mean": 0.0503441169858,
        "var": 0.000269413372735
    },
    "bpm": 144.915084839,
    "bpm_histogram_first_peak_bpm": {
        "mean": 144,
        "var": 0
    },
    "bpm_histogram_first_peak_spread": {
        "mean": 0.388349503279,
        "var": 0
    },
    "bpm_histogram_first_peak_weight": {
        "mean": 0.588785052299,
        "var": 0
    },
    "bpm_histogram_second_peak_bpm": {
        "mean": 126,
        "var": 0
    },
    "bpm_histogram_second_peak_spread": {
        "mean": 0.5,
        "var": 0
    },
    "bpm_histogram_second_peak_weight": {
        "mean": 0.00934579409659,
        "var": 0
    },
    "danceability": 1.31062960625,
    "onset_rate": 5.47896099091,
    "beats_loudness_band_ratio": {
        "mean": [0.596664845943, 0.101264752448, 0.122399844229, 0.0691492184997, 0.0627315416932, 0.0885346084833],
        "var": [0.0480028055608, 0.00395017443225, 0.0104444101453, 0.0116769867018, 0.00419076625258, 0.0101736979559]
    },
    "beats_position": [0.441179126501, 0.893968224525, 1.35836732388, 1.83437633514, 2.26394557953, 2.68190479279, 3.08825397491, 3.50621318817, 3.92417216301, 4.34213161469, 4.74848079681, 5.16644001007, 5.5727891922, 5.99074840546, 6.40870714188, 6.82666635513, 7.23301553726, 7.63936471939, 8.05732440948, 8.47528362274, 8.893242836, 9.31120204926, 9.71755123138, 10.1239004135, 10.5418596268, 10.95981884, 11.3777770996, 11.7957363129, 12.202085495, 12.6084346771, 13.0263938904, 13.4327430725, 13.8390922546, 14.2570514679, 14.6750106812, 15.0929698944, 15.5109291077, 15.9288883209, 16.3352375031, 16.7415866852, 17.1479358673, 17.5775051117, 17.995464325, 18.4018135071, 18.8081626892, 19.2261219025, 19.6440811157, 20.062040329, 20.4683895111, 20.8747386932, 21.2926979065, 21.7106571198, 22.1170063019, 22.5465755463, 22.9529247284, 23.3592739105, 23.7772331238, 24.195192337, 24.6131515503, 25.0195007324, 25.4258499146, 25.8438091278, 26.2617683411, 26.6797275543, 27.0860767365, 27.4924259186, 27.9103851318, 28.3283443451, 28.7463035583, 29.1642627716, 29.5822219849, 29.988571167, 30.3949203491, 30.8128795624, 31.2192287445, 31.6371879578, 32.0435371399, 32.4614944458, 32.8794555664, 33.2974128723, 33.7153739929, 34.121723175, 34.5280723572, 34.9460296631, 35.3639907837, 35.7819480896, 36.1882972717, 36.5946464539, 37.0126075745, 37.4305648804, 37.8253059387, 38.2432632446, 38.6612243652, 39.0791816711, 39.4971427917, 39.9151000977, 40.3330612183, 40.7394104004, 41.1457595825, 41.5637168884, 41.981678009, 42.3880271912, 42.7943763733, 43.2123336792, 43.6302947998, 44.0482521057, 44.4662132263, 44.8841705322]
},
"tonal": {
    "chords_changes_rate": 0.0493827164173,
    "chords_number_rate": 0.00720164598897,
    "chords_strength": {
        "mean": 0.515347778797,
        "var": 0.00802904739976
    },
    "hpcp_entropy": {
        "mean": 1.8866288662,
        "var": 0.477872759104
    },
    "key_strength": 0.834811508656,
    "tuning_diatonic_strength": 0.647304177284,
    "tuning_equal_tempered_deviation": 0.0172443632036,
    "tuning_frequency": 440.254241943,
    "tuning_nontempered_energy_ratio": 0.671633064747,
    "hpcp": {
        "mean": [0.0573408901691, 0.0540366508067, 0.160670652986, 0.30739787221, 0.247791320086, 0.10134665668, 0.0639051571488, 0.0724767148495, 0.150612726808, 0.214201286435, 0.145280718803, 0.107563018799, 0.145282551646, 0.103254593909, 0.0541182607412, 0.0591702386737, 0.0729681476951, 0.183047086, 0.303317219019, 0.216307163239, 0.0812211111188, 0.0480946451426, 0.0489494763315, 0.134684830904, 0.221026241779, 0.149859160185, 0.0588926821947, 0.0509906411171, 0.0671926289797, 0.110514707863, 0.13889592886, 0.11858420074, 0.180752128363, 0.282850533724, 0.227271214128, 0.111108794808],
        "var": [0.0177473090589, 0.0144203919917, 0.0547588691115, 0.139229819179, 0.104533217847, 0.0380369722843, 0.0288395117968, 0.0279884822667, 0.0576523244381, 0.0956778526306, 0.0497141890228, 0.0342113338411, 0.0687927752733, 0.0412692911923, 0.0143341114745, 0.0187655240297, 0.0220481678843, 0.0527703799307, 0.112221360207, 0.064854092896, 0.0240717530251, 0.0147920818999, 0.0176707301289, 0.0362962149084, 0.0842908844352, 0.045728366822, 0.0186509266496, 0.0205797608942, 0.0286483876407, 0.0430559143424, 0.058441977948, 0.037479609251, 0.0629615187645, 0.120566524565, 0.0966573879123, 0.043502677232]
    },
    "chords_histogram": [35.6995887756, 0.720164597034, 20.3703708649, 0, 2.67489719391, 0, 0, 0, 0, 0, 0, 0, 0, 0, 0, 0, 0, 0.411522626877, 0, 2.36625504494, 0, 21.707818985, 8.95061683655, 7.09876537323],
    "thpcp": [1, 0.806093156338, 0.32969212532, 0.207890689373, 0.235774934292, 0.489960223436, 0.69682097435, 0.472614586353, 0.349914640188, 0.472620546818, 0.335898846388, 0.176052808762, 0.192487463355, 0.237373620272, 0.595472872257, 0.986725151539, 0.703671634197, 0.264221459627, 0.156457319856, 0.159238174558, 0.438144981861, 0.719023346901, 0.487508773804, 0.191584542394, 0.1658783108, 0.218585208058, 0.359516829252, 0.451844155788, 0.385767787695, 0.588007092476, 0.920144736767, 0.739338934422, 0.361449450254, 0.186536386609, 0.175787329674, 0.522679805756],
    "chords_key": "G#",
    "chords_scale": "major",
    "key_key": "G#",
    "key_scale": "major"
}
}