{
"lowlevel": {
    "average_loudness": 0.942665040493,
    "barkbands_crest": {
        "mean": 10.9376964569,
        "var": 17.1854839325
    },
    "barkbands_flatness_db": {
        "mean": 0.228887066245,
        "var": 0.00594388321042
    },
    "barkbands_kurtosis": {
        "mean": 10.9108953476,
        "var": 178.420166016
    },
    "barkbands_skewness": {
        "mean": 2.4115524292,
        "var": 1.90616941452
    },
    "barkbands_spread": {
        "mean": 13.8621015549,
        "var": 139.092178345
    },
    "dissonance": {
        "mean": 0.453739196062,
        "var": 0.00130948447622
    },
    "dynamic_complexity": 2.75537443161,
    "erbbands_crest": {
        "mean": 8.12461280823,
        "var": 10.0598087311
    },
    "erbbands_flatness_db": {
        "mean": 0.200360000134,
        "var": 0.00161339493934
    },
    "erbbands_kurtosis": {
        "mean": 0.636531352997,
        "var": 8.21970939636
    },
    "erbbands_skewness": {
        "mean": 0.384126096964,
        "var": 0.881818294525
    },
    "erbbands_spread": {
        "mean": 37.9241294861,
        "var": 317.109680176
    },
    "hfc": {
        "mean": 11.4525175095,
        "var": 235.873291016
    },
    "melbands_crest": {
        "mean": 15.7049188614,
        "var": 22.2519874573
    },
    "melbands_flatness_db": {
        "mean": 0.319651782513,
        "var": 0.0101800104603
    },
    "melbands_kurtosis": {
        "mean": 25.9460964203,
        "var": 843.027893066
    },
    "melbands_skewness": {
        "mean": 3.63553571701,
        "var": 3.02158904076
    },
    "melbands_spread": {
        "mean": 12.956401825,
        "var": 178.799163818
    },
    "pitch_salience": {
        "mean": 0.517968356609,
        "var": 0.0113193364814
    },
    "silence_rate_20dB": {
        "mean": 1,
        "var": 0
    },
    "silence_rate_30dB": {
        "mean": 0.99794024229,
        "var": 0.00205552531406
    },
    "silence_rate_60dB": {
        "mean": 0.00308959838003,
        "var": 0.00308004394174
    },
    "spectral_centroid": {
        "mean": 941.36932373,
        "var": 450856.125
    },
    "spectral_complexity": {
        "mean": 14.0411949158,
        "var": 86.031211853
    },
    "spectral_decrease": {
        "mean": -6.47292264233e-009,
        "var": 3.27040148854e-017
    },
    "spectral_energy": {
        "mean": 0.0254691056907,
        "var": 0.000502930080984
    },
    "spectral_energyband_high": {
        "mean": 0.000251128949458,
        "var": 4.33001815736e-007
    },
    "spectral_energyband_low": {
        "mean": 0.0151215009391,
        "var": 0.000316710327752
    },
    "spectral_energyband_middle_high": {
        "mean": 0.00288675772026,
        "var": 2.0221748855e-005
    },
    "spectral_energyband_middle_low": {
        "mean": 0.00869386736304,
        "var": 0.000115225382615
    },
    "spectral_entropy": {
        "mean": 6.85358428955,
        "var": 0.385352611542
    },
    "spectral_flux": {
        "mean": 0.0730325356126,
        "var": 0.00315844663419
    },
    "spectral_kurtosis": {
        "mean": 10.0309038162,
        "var": 92.4617080688
    },
    "spectral_rms": {
        "mean": 0.0046537569724,
        "var": 3.19039827446e-006
    },
    "spectral_rolloff": {
        "mean": 769.354003906,
        "var": 888715.9375
    },
    "spectral_skewness": {
        "mean": 1.97914803028,
        "var": 1.28132498264
    },
    "spectral_spread": {
        "mean": 2921615.75,
        "var": 2.53659158938e+012
    },
    "spectral_strongpeak": {
        "mean": 0.430105865002,
        "var": 0.61805254221
    },
    "zerocrossingrate": {
        "mean": 0.0304677952081,
        "var": 0.000582234293688
    },
    "barkbands": {
        "mean": [0.000566772301681, 0.00909845158458, 0.00411368906498, 0.00236159446649, 0.00247527426109, 0.00138702208642, 0.0012402869761, 0.000507433782332, 0.000474779430078, 0.00041850382695, 0.000139083291288, 0.000158327733516, 0.000149437066284, 0.000220895570237, 0.000272833451163, 0.00044984210399, 0.000117286479508, 0.000642968923785, 0.000367137748981, 0.000151398271555, 4.11017572333e-005, 4.04482161684e-005, 4.32135784649e-005, 2.55001868936e-005, 4.91587297802e-006, 9.01115356555e-007, 1.39373170782e-008],
        "var": [2.44038483288e-006, 0.000175676526851, 1.89145976037e-005, 6.24290305495e-006, 4.35187212133e-005, 3.88610715163e-006, 3.97839676225e-006, 1.11142412607e-006, 4.30816271546e-007, 4.74260531291e-007, 6.11624741964e-008, 1.06191755833e-007, 1.48485227669e-007, 1.49071240685e-007, 3.55774091076e-007, 6.94768857556e-007, 1.10713081369e-007, 2.31764715863e-006, 6.9865285468e-007, 1.11062540498e-007, 1.21530536745e-008, 1.95217797483e-008, 2.9860661499e-008, 1.0453855559e-008, 5.16975851017e-010, 2.0373269044e-011, 4.27237489364e-015]
    },
    "erbbands": {
        "mean": [0.200460731983, 2.17528057098, 4.90484666824, 7.43001079559, 7.70124530792, 9.01112365723, 7.07913351059, 11.4298267365, 16.5901470184, 18.2790641785, 10.0001535416, 9.85075092316, 15.6816911697, 8.02768611908, 5.50353574753, 6.67886161804, 6.58909416199, 10.3098611832, 7.36415243149, 27.1640605927, 18.4709911346, 8.75295257568, 39.6957359314, 15.028345108, 19.5222969055, 7.63252925873, 3.31816029549, 1.39237642288, 1.45924651623, 1.37129724026, 1.21932256222, 0.732505559921, 0.31591707468, 0.0879630073905, 0.0211127325892, 0.00655399868265, 0.00105281476863, 0.000100272096461, 1.57320737344e-005, 2.93276207231e-005],
        "var": [0.215474411845, 7.40692281723, 22.7058486938, 61.5669708252, 306.469268799, 487.997131348, 158.231750488, 180.962295532, 544.424987793, 1461.18383789, 231.374343872, 162.072296143, 642.768554688, 164.760650635, 91.3786315918, 248.395294189, 236.596588135, 330.932952881, 135.960723877, 3890.66479492, 1044.63928223, 334.836425781, 9727.49414063, 914.741088867, 2402.10986328, 272.876922607, 53.9364242554, 18.0420742035, 25.3481082916, 25.6746025085, 24.7019081116, 8.63541793823, 1.71259486675, 0.161241918802, 0.00944385118783, 0.00109876564238, 2.41460111283e-005, 1.37594312832e-007, 3.99112548566e-010, 6.94527102496e-010]
    },
    "gfcc": {
        "mean": [-79.805770874, 165.094558716, -113.273406982, 48.7530212402, -37.7891235352, -5.75802946091, -24.2497673035, 4.57402181625, -5.87102651596, -8.7310962677, -5.47091388702, -13.6643075943, -6.77702617645],
        "cov": [[7171.70117188, -1648.24963379, -2316.1887207, 487.984558105, -444.74017334, 21.9834690094, -363.108734131, 441.22958374, -412.821929932, 113.859016418, 101.273536682, 175.148025513, 85.5552597046], [-1648.24963379, 906.219726563, 288.884155273, -307.351013184, 355.45022583, -254.898849487, 191.817504883, -81.3060836792, 80.0418701172, -24.9895935059, 21.0768795013, -85.3931732178, 5.73175430298], [-2316.1887207, 288.884155273, 1583.1373291, 51.4189224243, -188.784744263, 366.424865723, 39.2199516296, -240.612014771, 250.712554932, -87.6707229614, -74.2362365723, -52.7049331665, -83.1753540039], [487.984558105, -307.351013184, 51.4189224243, 247.02986145, -97.9744949341, 138.566879272, -35.5846214294, 7.38970422745, 23.5140781403, -1.30957329273, -4.69586181641, 13.8577575684, 3.05195879936], [-444.74017334, 355.45022583, -188.784744263, -97.9744949341, 368.202667236, -197.793258667, 113.948455811, 44.8641548157, -10.9524927139, 30.4999771118, 20.173746109, -30.501996994, 38.1143913269], [21.9834690094, -254.898849487, 366.424865723, 138.566879272, -197.793258667, 330.740112305, -43.6087188721, -52.652141571, 64.1534957886, -49.7530250549, -31.2376365662, 7.51917314529, -17.5025100708], [-363.108734131, 191.817504883, 39.2199516296, -35.5846214294, 113.948455811, -43.6087188721, 130.142364502, 16.2263565063, 22.434135437, -2.40617966652, 11.9737024307, -16.071844101, 12.9347839355], [441.22958374, -81.3060836792, -240.612014771, 7.38970422745, 44.8641548157, -52.652141571, 16.2263565063, 122.367019653, -24.2131175995, 13.3929986954, 8.48568916321, 15.8604402542, 28.6217727661], [-412.821929932, 80.0418701172, 250.712554932, 23.5140781403, -10.9524927139, 64.1534957886, 22.434135437, -24.2131175995, 116.595558167, -12.3248262405, -16.3302383423, -13.3111715317, -9.57356452942], [113.859016418, -24.9895935059, -87.6707229614, -1.30957329273, 30.4999771118, -49.7530250549, -2.40617966652, 13.3929986954, -12.3248262405, 74.8109588623, 24.6579284668, 0.660531282425, -6.19744682312], [101.273536682, 21.0768795013, -74.2362365723, -4.69586181641, 20.173746109, -31.2376365662, 11.9737024307, 8.48568916321, -16.3302383423, 24.6579284668, 65.2933349609, 6.57335329056, -5.6549372673], [175.148025513, -85.3931732178, -52.7049331665, 13.8577575684, -30.501996994, 7.51917314529, -16.071844101, 15.8604402542, -13.3111715317, 0.660531282425, 6.57335329056, 60.1866874695, 16.8496341705], [85.5552597046, 5.73175430298, -83.1753540039, 3.05195879936, 38.1143913269, -17.5025100708, 12.9347839355, 28.6217727661, -9.57356452942, -6.19744682312, -5.6549372673, 16.8496341705, 61.0013694763]],
        "icov": [[0.000803538307082, -0.0011383339297, 0.00140350789297, -0.00188811100088, 0.00148296868429, -0.00123144732788, 0.00112198595889, -0.00175366888288, 0.00115373870358, -0.000921302300412, 0.000295741279842, -0.000546002876945, 0.000558840576559], [-0.0011383339297, 0.0157864578068, -0.00483615277335, 0.0129599710926, -0.00872741825879, 0.00962295848876, -0.00783758237958, 0.0105951204896, -0.00905783567578, 0.00993718300015, -0.00788203440607, 0.00831572618335, -0.00566418655217], [0.00140350789297, -0.00483615277335, 0.00473471917212, -0.00499348109588, 0.0041293730028, -0.00486041884869, 0.00222961837426, -0.00248189503327, 0.00122191396076, -0.0031293539796, 0.00268916063942, -0.00244786497205, 0.00270795961842], [-0.00188811100088, 0.0129599710926, -0.00499348109588, 0.0178073886782, -0.00794304441661, 0.0057685081847, -0.00655565457419, 0.00914578791708, -0.00906813889742, 0.00700783496723, -0.00651270942762, 0.00673487363383, -0.0057275001891], [0.00148296868429, -0.00872741825879, 0.0041293730028, -0.00794304441661, 0.0117659121752, -0.00349015137181, 0.00133439700585, -0.00692985812202, 0.00494168139994, -0.00676712347195, 0.00402639992535, -0.00206024106592, 0.000413977919379], [-0.00123144732788, 0.00962295848876, -0.00486041884869, 0.0057685081847, -0.00349015137181, 0.0136709157377, -0.00509653240442, 0.0071810898371, -0.00654480839148, 0.00854370836169, -0.00442699342966, 0.00505256280303, -0.00424352334812], [0.00112198595889, -0.00783758237958, 0.00222961837426, -0.00655565457419, 0.00133439700585, -0.00509653240442, 0.0169318765402, -0.00845592096448, 0.00335895665921, -0.00313315563835, 0.000414284993894, -0.00256765633821, 0.00156858877745], [-0.00175366888288, 0.0105951204896, -0.00248189503327, 0.00914578791708, -0.00692985812202, 0.0071810898371, -0.00845592096448, 0.0218186751008, -0.0084396135062, 0.00623005768284, -0.00398121401668, 0.00376868806779, -0.00653327303007], [0.00115373870358, -0.00905783567578, 0.00122191396076, -0.00906813889742, 0.00494168139994, -0.00654480839148, 0.00335895665921, -0.0084396135062, 0.0197291579098, -0.00658746203408, 0.00581925362349, -0.0038323297631, 0.0036599333398], [-0.000921302300412, 0.00993718300015, -0.0031293539796, 0.00700783496723, -0.00676712347195, 0.00854370836169, -0.00313315563835, 0.00623005768284, -0.00658746203408, 0.0239186324179, -0.0101466421038, 0.0050578978844, -0.000779799651355], [0.000295741279842, -0.00788203440607, 0.00268916063942, -0.00651270942762, 0.00402639992535, -0.00442699342966, 0.000414284993894, -0.00398121401668, 0.00581925362349, -0.0101466421038, 0.02366210334, -0.00742455758154, 0.00643926579505], [-0.000546002876945, 0.00831572618335, -0.00244786497205, 0.00673487363383, -0.00206024106592, 0.00505256280303, -0.00256765633821, 0.00376868806779, -0.0038323297631, 0.0050578978844, -0.00742455758154, 0.025673719123, -0.010044449009], [0.000558840576559, -0.00566418655217, 0.00270795961842, -0.0057275001891, 0.000413977919379, -0.00424352334812, 0.00156858877745, -0.00653327303007, 0.0036599333398, -0.000779799651355, 0.00643926579505, -0.010044449009, 0.025243498385]]
    },
    "melbands": {
        "mean": [0.0021796876099, 0.00288302754052, 0.00128339452203, 0.000621210434474, 0.000271911994787, 0.000275203463389, 0.000260706234258, 0.000185057986528, 7.86996606621e-005, 6.21016442892e-005, 7.75138760218e-005, 3.18278071063e-005, 1.81055875146e-005, 1.41009204526e-005, 2.69270894933e-005, 9.27379005589e-006, 2.12648137676e-005, 9.92660807242e-006, 2.75570382655e-005, 3.58382458217e-005, 1.84056025319e-005, 4.51001369584e-006, 2.75182173937e-005, 3.19046048389e-005, 9.2024283731e-006, 1.67210946529e-005, 7.83516316005e-006, 4.87279430672e-006, 2.59721537077e-006, 9.66200445873e-007, 7.22570348444e-007, 8.26282985145e-007, 7.6422611528e-007, 7.62153263167e-007, 7.29020996459e-007, 5.87683018693e-007, 3.94350081478e-007, 2.4839889079e-007, 1.22322560969e-007, 5.57874528795e-008],
        "var": [1.5214580344e-005, 7.95532287157e-006, 1.62799085501e-006, 2.50124094237e-006, 2.36118211205e-007, 1.22179727668e-007, 1.36657689609e-007, 1.46483642993e-007, 1.34905464577e-008, 6.56337117988e-009, 1.59737325589e-008, 2.76308420588e-009, 9.03269459229e-010, 5.60010871009e-010, 8.28137558528e-009, 1.5511383844e-010, 1.59215796103e-009, 2.56885124283e-010, 3.46283290931e-009, 5.81445425141e-009, 1.21989396362e-009, 8.14904602131e-011, 4.4692862744e-009, 6.89313406355e-009, 3.91539717315e-010, 1.61263158382e-009, 3.66491170745e-010, 1.37488770369e-010, 3.68637689818e-011, 7.31589788749e-012, 6.07383501133e-012, 8.00118131472e-012, 7.61674664312e-012, 8.66465406368e-012, 8.92552264736e-012, 6.74236187714e-012, 2.44824820139e-012, 1.07388902458e-012, 2.95606258655e-013, 7.05565502399e-014]
    },
    "mfcc": {
        "mean": [-720.569519043, 180.519836426, -0.767665922642, 51.1518096924, 12.4555654526, 1.11434018612, -0.930544316769, 7.00005197525, -0.166314125061, 13.1062927246, 0.271833658218, -0.309931308031, -0.427412718534],
        "cov": [[8273.39160156, -2125.33544922, -2163.99047852, 94.4592514038, -418.747894287, -412.78805542, -0.971831381321, 83.2041625977, -333.216308594, 85.8120727539, -283.465454102, -77.9311523438, 115.721412659], [-2125.33544922, 1315.82348633, -117.96938324, 80.2505493164, 96.4493179321, -127.458251953, 118.839492798, -92.3656082153, 71.3540496826, 42.2256774902, 37.5752792358, -29.3593521118, 45.3311729431], [-2163.99047852, -117.96938324, 1810.09997559, -243.784759521, 111.250106812, 449.951416016, -187.911148071, 96.7952041626, 94.4099578857, -107.764900208, 152.091705322, 99.6685714722, -145.333511353], [94.4592514038, 80.2505493164, -243.784759521, 189.222320557, 19.589220047, -63.1126327515, 52.9321975708, -30.103017807, 19.1350593567, 20.5139656067, 2.29213619232, 9.8574180603, 31.0781555176], [-418.747894287, 96.4493179321, 111.250106812, 19.589220047, 119.236190796, 37.486831665, 12.8843688965, -2.90310907364, 36.9728660583, 5.35758876801, 10.1808176041, 9.86880016327, -1.95765185356], [-412.78805542, -127.458251953, 449.951416016, -63.1126327515, 37.486831665, 222.22857666, -39.7984046936, 43.8508720398, 27.0761947632, -22.9584217072, 44.3665008545, 30.9964179993, -49.675201416], [-0.971831381321, 118.839492798, -187.911148071, 52.9321975708, 12.8843688965, -39.7984046936, 118.352157593, -6.33847904205, 0.681993067265, 18.6954689026, -2.92662024498, -3.82741713524, 15.7589864731], [83.2041625977, -92.3656082153, 96.7952041626, -30.103017807, -2.90310907364, 43.8508720398, -6.33847904205, 105.670318604, 35.6991500854, -6.28771209717, -15.5464076996, 3.80145025253, -1.362667799], [-333.216308594, 71.3540496826, 94.4099578857, 19.1350593567, 36.9728660583, 27.0761947632, 0.681993067265, 35.6991500854, 108.657814026, 7.25632810593, -12.0296783447, 4.17860841751, 8.52935886383], [85.8120727539, 42.2256774902, -107.764900208, 20.5139656067, 5.35758876801, -22.9584217072, 18.6954689026, -6.28771209717, 7.25632810593, 73.9149017334, 12.7479934692, -16.4016647339, 7.9928150177], [-283.465454102, 37.5752792358, 152.091705322, 2.29213619232, 10.1808176041, 44.3665008545, -2.92662024498, -15.5464076996, -12.0296783447, 12.7479934692, 105.299880981, 22.4062042236, -33.0605621338], [-77.9311523438, -29.3593521118, 99.6685714722, 9.8574180603, 9.86880016327, 30.9964179993, -3.82741713524, 3.80145025253, 4.17860841751, -16.4016647339, 22.4062042236, 61.1118125916, -7.18761920929], [115.721412659, 45.3311729431, -145.333511353, 31.0781555176, -1.95765185356, -49.675201416, 15.7589864731, -1.362667799, 8.52935886383, 7.9928150177, -33.0605621338, -7.18761920929, 92.0771636963]],
        "icov": [[0.000676808529533, 0.00103725516237, 0.000783981115092, 8.97050340427e-005, 0.000476093962789, 0.000202787137823, 0.000234589300817, -0.000607393914834, 0.000773882260546, -0.000561059394386, 0.000336678262101, -0.000387775537092, -1.60963409144e-005], [0.00103725516237, 0.00272153341211, 0.0009969281964, 0.000363020779332, 0.000130851112772, 0.00125630933326, -0.00072251772508, 5.76129896217e-005, 0.000148956372868, -0.000760363531299, -0.000210218277061, 5.35770086572e-005, -0.000406480336096], [0.000783981115092, 0.0009969281964, 0.00275213061832, 0.00137074349914, -0.00020724645583, -0.00197570002638, 0.00179791892879, -0.000962654361501, -0.00019635152421, 0.00092270213645, -0.00122564064804, -0.00126394268591, 0.000412282388425], [8.97050340427e-005, 0.000363020779332, 0.00137074349914, 0.00853113085032, -0.00130177719984, 0.000512046623044, -0.00160555460025, 0.00188670924399, -0.00301078474149, 0.000330095877871, -0.00209203921258, -0.00266581051983, -0.00116507150233], [0.000476093962789, 0.000130851112772, -0.00020724645583, -0.00130177719984, 0.0116246966645, -0.00155562942382, -0.00129317457322, 0.00120377680287, -0.00186164129991, -0.00169272476342, 0.00136254087556, -0.000871858675964, -0.000162912503583], [0.000202787137823, 0.00125630933326, -0.00197570002638, 0.000512046623044, -0.00155562942382, 0.010777823627, -0.00108446984086, -0.0017240504967, -0.000336419034284, -0.000463716220111, -0.00113381817937, -0.000696915667504, 0.00138690543827], [0.000234589300817, -0.00072251772508, 0.00179791892879, -0.00160555460025, -0.00129317457322, -0.00108446984086, 0.0124115152285, -0.00227244035341, 0.00129778217524, -0.000686222163495, -0.000511002435815, -0.0010891193524, 0.000341042119544], [-0.000607393914834, 5.76129896217e-005, -0.000962654361501, 0.00188670924399, 0.00120377680287, -0.0017240504967, -0.00227244035341, 0.0142118129879, -0.00584600353613, 0.000330769718857, 0.00139451143332, 6.64602266625e-005, -0.000707811908796], [0.000773882260546, 0.000148956372868, -0.00019635152421, -0.00301078474149, -0.00186164129991, -0.000336419034284, 0.00129778217524, -0.00584600353613, 0.0155767332762, -0.00357365445234, 0.00406792992726, -0.00080626225099, -0.000604395230766], [-0.000561059394386, -0.000760363531299, 0.00092270213645, 0.000330095877871, -0.00169272476342, -0.000463716220111, -0.000686222163495, 0.000330769718857, -0.00357365445234, 0.0187451113015, -0.00626439088956, 0.00527556659654, -0.000872955715749], [0.000336678262101, -0.000210218277061, -0.00122564064804, -0.00209203921258, 0.00136254087556, -0.00113381817937, -0.000511002435815, 0.00139451143332, 0.00406792992726, -0.00626439088956, 0.0161508638412, -0.0045580775477, 0.00358747690916], [-0.000387775537092, 5.35770086572e-005, -0.00126394268591, -0.00266581051983, -0.000871858675964, -0.000696915667504, -0.0010891193524, 6.64602266625e-005, -0.00080626225099, 0.00527556659654, -0.0045580775477, 0.0218139756471, -0.00115841487423], [-1.60963409144e-005, -0.000406480336096, 0.000412282388425, -0.00116507150233, -0.000162912503583, 0.00138690543827, 0.000341042119544, -0.000707811908796, -0.000604395230766, -0.000872955715749, 0.00358747690916, -0.00115841487423, 0.0141301350668]]
    },
    "spectral_contrast_coeffs": {
        "mean": [-0.660765469074, -0.74990016222, -0.757921516895, -0.767356216908, -0.760936915874, -0.762361526489],
        "var": [0.00339968618937, 0.00364390807226, 0.00285347085446, 0.00454712007195, 0.00497538037598, 0.00119554973207]
    },
    "spectral_contrast_valleys": {
        "mean": [-6.77915287018, -6.73828268051, -8.06201553345, -8.50230503082, -8.59576225281, -11.9426116943],
        "var": [0.428157448769, 0.52570527792, 0.912991881371, 1.10924363136, 1.59623062611, 1.67122137547]
    }
},
"metadata": {
    "audio_properties": {
        "analysis_sample_rate": 44100,
        "bit_rate": 128074,
        "equal_loudness": 0,
        "length": 45.0612258911,
        "lossless": 0,
        "replay_gain": -4.61685943604,
        "sample_rate": 44100,
        "codec": "mp3",
        "downmix": "mix",
        "md5_encoded": "7a7aae751954bc981b2c94af1a35e7ee"
    },
    "tags": {
        "file_name": "1252.mp3"
    },
    "version": {
        "essentia": "2.1-beta2",
        "essentia_git_sha": "v2.1_beta2",
        "extractor": "music 1.0"
    }
},
"rhythm": {
    "beats_count": 96,
    "beats_loudness": {
        "mean": 0.0404674969614,
        "var": 0.000316431949614
    },
    "bpm": 127.966064453,
    "bpm_histogram_first_peak_bpm": {
        "mean": 129,
        "var": 0
    },
    "bpm_histogram_first_peak_spread": {
        "mean": 0.391304373741,
        "var": 0
    },
    "bpm_histogram_first_peak_weight": {
        "mean": 0.589473664761,
        "var": 0
    },
    "bpm_histogram_second_peak_bpm": {
        "mean": 123,
        "var": 0
    },
    "bpm_histogram_second_peak_spread": {
        "mean": 0,
        "var": 0
    },
    "bpm_histogram_second_peak_weight": {
        "mean": 0.0105263162404,
        "var": 0
    },
    "danceability": 1.37700748444,
    "onset_rate": 4.17022132874,
    "beats_loudness_band_ratio": {
        "mean": [0.677387535572, 0.15524636209, 0.0844486355782, 0.0315418131649, 0.0633729025722, 0.0295287575573],
        "var": [0.0626249983907, 0.0172821991146, 0.00546927936375, 0.00158658297732, 0.00508882943541, 0.0010858256137]
    },
    "beats_position": [0.394739210606, 0.801088392735, 1.23065757751, 1.69505667686, 2.15945577621, 2.62385487556, 3.08825397491, 3.55265307426, 4.02866220474, 4.5046710968, 4.96907043457, 5.44507932663, 5.92108821869, 6.39709758759, 6.87310647964, 7.33750534058, 7.80190467834, 8.26630401611, 8.73070240021, 9.19510173798, 9.65950107574, 10.1239004135, 10.5882987976, 11.0643081665, 11.5403175354, 12.0279359818, 12.4923353195, 12.9567346573, 13.4211339951, 13.8971424103, 14.3731517792, 14.8375511169, 15.301949501, 15.7779588699, 16.242357254, 16.7183666229, 17.1827659607, 17.6471652985, 18.1115646362, 18.575963974, 19.0403633118, 19.5163707733, 19.9807701111, 20.45677948, 20.9327888489, 21.4087982178, 21.8731975555, 22.3375968933, 22.8019943237, 23.2663936615, 23.7307929993, 24.195192337, 24.6595916748, 25.1239910126, 25.5883903503, 26.0643978119, 26.5404071808, 27.0048065186, 27.4692058563, 27.9452152252, 28.4212245941, 28.897233963, 29.3732414246, 29.8376407623, 30.3136501312, 30.7896595001, 31.2540588379, 31.7184581757, 32.1828575134, 32.6472549438, 33.111656189, 33.5876655579, 34.0636711121, 34.5280723572, 34.9924697876, 35.4684791565, 35.9444885254, 36.4088897705, 36.8848991394, 37.3609046936, 37.8253059387, 38.2897033691, 38.765712738, 39.2417221069, 39.7061233521, 40.1705207825, 40.6349182129, 41.099319458, 41.5637168884, 42.0397262573, 42.5157356262, 42.9801368713, 43.4445343018, 43.9205436707, 44.3849411011, 44.86095047]
},
"tonal": {
    "chords_changes_rate": 0.0637860074639,
    "chords_number_rate": 0.0133744860068,
    "chords_strength": {
        "mean": 0.474450349808,
        "var": 0.0148192793131
    },
    "hpcp_entropy": {
        "mean": 2.13962650299,
        "var": 0.419379860163
    },
    "key_strength": 0.676836431026,
    "tuning_diatonic_strength": 0.533398211002,
    "tuning_equal_tempered_deviation": 0.0674015805125,
    "tuning_frequency": 445.627075195,
    "tuning_nontempered_energy_ratio": 0.744163393974,
    "hpcp": {
        "mean": [0.092324398458, 0.0657852292061, 0.0884432718158, 0.125659242272, 0.0935312733054, 0.0939063951373, 0.143961325288, 0.183912456036, 0.1821102947, 0.1440500319, 0.105603665113, 0.0950356721878, 0.0872014835477, 0.0544706657529, 0.0345150977373, 0.0259650219232, 0.0250712502748, 0.0731379687786, 0.115049771965, 0.146459668875, 0.307121992111, 0.507089674473, 0.489808082581, 0.29827901721, 0.156486302614, 0.0867146253586, 0.0644073858857, 0.0700941681862, 0.0573797225952, 0.113545328379, 0.174336120486, 0.124845519662, 0.0785441473126, 0.0652576982975, 0.0576447434723, 0.0793320983648],
        "var": [0.0489808619022, 0.0210636574775, 0.0273897610605, 0.0543668977916, 0.0247495509684, 0.0231565907598, 0.0403619594872, 0.0720374435186, 0.0722200572491, 0.0593257509172, 0.0396733768284, 0.0340016447008, 0.0293580889702, 0.0161958280951, 0.011354399845, 0.00923573505133, 0.00931480992585, 0.0312291029841, 0.061434365809, 0.0391454398632, 0.0932149216533, 0.151314482093, 0.130554065108, 0.0936590358615, 0.0637909695506, 0.0384261012077, 0.0200386438519, 0.0240932144225, 0.0136525519192, 0.0374348722398, 0.0774378925562, 0.0364567562938, 0.0198310576379, 0.0184654649347, 0.0252934210002, 0.0358493030071]
    },
    "chords_histogram": [15.7407407761, 0, 0, 0, 1.54320991039, 8.02469158173, 10.8024692535, 23.148147583, 1.54320991039, 3.49794244766, 0, 3.60082316399, 3.08641982079, 0, 0, 0, 1.54320991039, 7.30452680588, 0, 0, 0, 0.411522626877, 1.85185182095, 17.9012336731],
    "thpcp": [1, 0.965920031071, 0.588217496872, 0.308596909046, 0.171004518867, 0.127013802528, 0.138228341937, 0.11315497756, 0.223915681243, 0.343797415495, 0.246200084686, 0.154892027378, 0.128690645099, 0.113677613437, 0.156445890665, 0.182067200541, 0.129730954766, 0.174413472414, 0.247804775834, 0.184447199106, 0.185186952353, 0.283897161484, 0.362682312727, 0.359128385782, 0.284072101116, 0.208254411817, 0.187413930893, 0.171964615583, 0.107418209314, 0.0680650770664, 0.0512040033937, 0.0494414530694, 0.14423084259, 0.226882502437, 0.288823992014, 0.605656147003],
    "chords_key": "E",
    "chords_scale": "major",
    "key_key": "E",
    "key_scale": "minor"
}
}