{
"lowlevel": {
    "average_loudness": 0.754056990147,
    "barkbands_crest": {
        "mean": 8.75775909424,
        "var": 21.198600769
    },
    "barkbands_flatness_db": {
        "mean": 0.232229679823,
        "var": 0.00247139367275
    },
    "barkbands_kurtosis": {
        "mean": 1.65435266495,
        "var": 21.0301170349
    },
    "barkbands_skewness": {
        "mean": 0.828299343586,
        "var": 1.01252543926
    },
    "barkbands_spread": {
        "mean": 12.4332408905,
        "var": 46.7218780518
    },
    "dissonance": {
        "mean": 0.427555054426,
        "var": 0.00199297163635
    },
    "dynamic_complexity": 3.80388975143,
    "erbbands_crest": {
        "mean": 9.68292617798,
        "var": 16.6730556488
    },
    "erbbands_flatness_db": {
        "mean": 0.292691588402,
        "var": 0.00235969247296
    },
    "erbbands_kurtosis": {
        "mean": 0.366333782673,
        "var": 3.11239886284
    },
    "erbbands_skewness": {
        "mean": 0.124952159822,
        "var": 0.616448998451
    },
    "erbbands_spread": {
        "mean": 19.1358127594,
        "var": 82.7303924561
    },
    "hfc": {
        "mean": 10.3841428757,
        "var": 127.502311707
    },
    "melbands_crest": {
        "mean": 11.817533493,
        "var": 36.8796653748
    },
    "melbands_flatness_db": {
        "mean": 0.284246891737,
        "var": 0.00474018556997
    },
    "melbands_kurtosis": {
        "mean": 3.13965797424,
        "var": 36.3901367188
    },
    "melbands_skewness": {
        "mean": 1.20487213135,
        "var": 0.987475514412
    },
    "melbands_spread": {
        "mean": 20.8644943237,
        "var": 182.585327148
    },
    "pitch_salience": {
        "mean": 0.648915171623,
        "var": 0.0117832198739
    },
    "silence_rate_20dB": {
        "mean": 1,
        "var": 0
    },
    "silence_rate_30dB": {
        "mean": 0.999485075474,
        "var": 0.000514659448527
    },
    "silence_rate_60dB": {
        "mean": 0.206488162279,
        "var": 0.16384832561
    },
    "spectral_centroid": {
        "mean": 1039.85791016,
        "var": 249443.1875
    },
    "spectral_complexity": {
        "mean": 14.118434906,
        "var": 20.6461410522
    },
    "spectral_decrease": {
        "mean": -3.51120266195e-009,
        "var": 1.63791985238e-017
    },
    "spectral_energy": {
        "mean": 0.0141939455643,
        "var": 0.000261390930973
    },
    "spectral_energyband_high": {
        "mean": 5.77685677854e-005,
        "var": 1.18099229951e-007
    },
    "spectral_energyband_low": {
        "mean": 0.000318405567668,
        "var": 1.64126632285e-007
    },
    "spectral_energyband_middle_high": {
        "mean": 0.00388959585689,
        "var": 3.10431096295e-005
    },
    "spectral_energyband_middle_low": {
        "mean": 0.0101924501359,
        "var": 0.000193604224478
    },
    "spectral_entropy": {
        "mean": 6.69265127182,
        "var": 0.220585644245
    },
    "spectral_flux": {
        "mean": 0.0379574708641,
        "var": 0.000890209688805
    },
    "spectral_kurtosis": {
        "mean": 21.1612472534,
        "var": 185.983413696
    },
    "spectral_rms": {
        "mean": 0.00327241513878,
        "var": 3.13905047733e-006
    },
    "spectral_rolloff": {
        "mean": 1465.50524902,
        "var": 1141111
    },
    "spectral_skewness": {
        "mean": 2.7583925724,
        "var": 1.13009989262
    },
    "spectral_spread": {
        "mean": 2018744.375,
        "var": 2.72123743437e+012
    },
    "spectral_strongpeak": {
        "mean": 1.17611896992,
        "var": 1.02054536343
    },
    "zerocrossingrate": {
        "mean": 0.0476081743836,
        "var": 0.000901230552699
    },
    "barkbands": {
        "mean": [5.04024171732e-007, 9.22659637581e-006, 0.00012580290786, 0.000420784810558, 0.00231712963432, 0.00128480209969, 0.0034623015672, 0.000957143434789, 0.00160354503896, 0.00105038133916, 0.000349297450157, 0.000424981320975, 0.000500742928125, 0.000468021898996, 0.000453907676274, 0.000267835566774, 0.000246286886977, 0.000116182643978, 7.17393122613e-005, 1.03385200418e-005, 9.17289253266e-006, 5.03611136082e-006, 1.12558818728e-005, 2.02362753043e-005, 6.50328229312e-006, 8.04327441983e-007, 8.7437728169e-009],
        "var": [1.05634459513e-011, 5.51579226737e-010, 3.09150038902e-008, 5.05064633671e-007, 1.78342761501e-005, 6.0747884163e-006, 9.47357038967e-005, 7.55912424211e-006, 1.17855415738e-005, 9.12655104912e-006, 4.20479494778e-007, 6.77496416301e-007, 9.18912633097e-007, 7.74118120717e-007, 4.26765979e-007, 2.85600663119e-007, 1.33765624355e-007, 1.4192495712e-007, 5.06701951508e-008, 1.62027669059e-009, 1.26207921891e-009, 4.82930251344e-010, 4.57029436518e-009, 4.93239120658e-008, 1.0500669223e-009, 9.25339666003e-012, 2.2556874903e-015]
    },
    "erbbands": {
        "mean": [0.000130702566821, 0.00460040988401, 0.105826891959, 0.927417933941, 5.95169305801, 6.85240840912, 7.49476099014, 12.4320755005, 55.763130188, 21.9909496307, 28.470954895, 36.6648330688, 23.8269577026, 29.1276874542, 19.141160965, 19.7415084839, 23.1754779816, 21.2132225037, 25.8126087189, 19.3312702179, 17.6164703369, 11.4581403732, 8.50698566437, 5.37652254105, 1.93668210506, 0.498291105032, 0.418175429106, 0.294981151819, 0.168498069048, 0.261227726936, 0.332260072231, 0.503710210323, 0.246291667223, 0.0945273190737, 0.0361334271729, 0.00624498119578, 0.00125008495525, 8.61922235345e-005, 9.9537683127e-006, 1.68122642208e-005],
        "var": [2.28367923683e-007, 8.04449082352e-005, 0.0197514612228, 1.36464643478, 140.330093384, 160.463088989, 107.853790283, 666.625976563, 25523.1816406, 2626.26269531, 4415.3671875, 5831.87158203, 5540.87988281, 3198.97924805, 988.149902344, 1162.04406738, 1617.73901367, 2036.85900879, 1081.94189453, 1004.38482666, 1103.88098145, 317.135772705, 482.040649414, 277.649871826, 33.9536743164, 3.04987287521, 3.21724390984, 1.33830749989, 0.577315568924, 1.6094558239, 4.52478456497, 30.3602981567, 6.5151386261, 0.292017519474, 0.0266154296696, 0.000555848353542, 2.6660714866e-005, 1.18576359398e-007, 1.77641790167e-010, 3.44810013875e-010]
    },
    "gfcc": {
        "mean": [-121.42288208, 161.621658325, -173.411773682, -31.5941829681, -43.4074935913, -17.4281806946, -55.5048065186, -6.68875265121, -24.0632095337, -20.2598762512, -16.0141563416, -11.6778802872, -11.9632825851],
        "cov": [[4883.40478516, -1879.1315918, 159.738021851, 615.461303711, -1542.21765137, 335.310119629, -570.960571289, -75.8433074951, -4.54897356033, -41.9829978943, -45.4840011597, -43.1723327637, -382.723907471], [-1879.1315918, 2115.47216797, -308.853607178, -505.944274902, 1047.61523438, -529.005187988, 413.551849365, -26.4908275604, 139.68447876, -162.334030151, 132.91583252, -40.5704879761, 108.857421875], [159.738021851, -308.853607178, 847.147644043, -79.9149475098, -428.280700684, 215.635986328, -348.941711426, 69.5556945801, -12.1135063171, -13.4858531952, -6.713971138, 56.2527961731, -174.73765564], [615.461303711, -505.944274902, -79.9149475098, 409.873352051, -189.502807617, 83.6364517212, -43.3991889954, -42.9671630859, -20.3892059326, 22.2038574219, -32.999874115, -18.1177616119, 28.6437606812], [-1542.21765137, 1047.61523438, -428.280700684, -189.502807617, 918.276123047, -277.186431885, 345.817871094, 18.78373909, 2.79991173744, 8.81851387024, -5.28629159927, -19.1441745758, 214.463592529], [335.310119629, -529.005187988, 215.635986328, 83.6364517212, -277.186431885, 300.564971924, -102.703140259, 31.6037769318, -41.4512329102, 19.5474891663, -30.8583965302, 7.34180927277, -47.3993034363], [-570.960571289, 413.551849365, -348.941711426, -43.3991889954, 345.817871094, -102.703140259, 363.451171875, 2.94025015831, -20.9474143982, 14.1241540909, 10.0245847702, -18.791059494, 99.3126983643], [-75.8433074951, -26.4908275604, 69.5556945801, -42.9671630859, 18.78373909, 31.6037769318, 2.94025015831, 131.972488403, -16.3553466797, 19.9956493378, 2.11791038513, -4.86549472809, -5.25319099426], [-4.54897356033, 139.68447876, -12.1135063171, -20.3892059326, 2.79991173744, -41.4512329102, -20.9474143982, -16.3553466797, 129.180618286, -22.3347263336, 18.2599525452, 3.56102514267, -13.6826143265], [-41.9829978943, -162.334030151, -13.4858531952, 22.2038574219, 8.81851387024, 19.5474891663, 14.1241540909, 19.9956493378, -22.3347263336, 133.227645874, -26.1465435028, 9.60924720764, 48.9284057617], [-45.4840011597, 132.91583252, -6.713971138, -32.999874115, -5.28629159927, -30.8583965302, 10.0245847702, 2.11791038513, 18.2599525452, -26.1465435028, 84.6272201538, -6.4238858223, -32.0605621338], [-43.1723327637, -40.5704879761, 56.2527961731, -18.1177616119, -19.1441745758, 7.34180927277, -18.791059494, -4.86549472809, 3.56102514267, 9.60924720764, -6.4238858223, 60.4796218872, 2.6242954731], [-382.723907471, 108.857421875, -174.73765564, 28.6437606812, 214.463592529, -47.3993034363, 99.3126983643, -5.25319099426, -13.6826143265, 48.9284057617, -32.0605621338, 2.6242954731, 170.876922607]],
        "icov": [[0.000830898468848, -0.000870727642905, 0.00138131726999, -0.00088670180412, 0.00208013993688, -0.000338755431585, 0.00115094776265, -0.000777484849095, 0.000708487583324, -0.00055859767599, 0.00152503873687, -0.000384951126762, 0.00108807277866], [-0.000870727642905, 0.00686411280185, -0.00472128251567, 0.0037340563722, -0.00712072243914, 0.00492073083296, -0.00474265497178, 0.00339198391885, -0.00446500908583, 0.0050755017437, -0.00610122969374, 0.00432033557445, -0.00163613376208], [0.00138131726999, -0.00472128251567, 0.00701436772943, -0.00219854875468, 0.00628646882251, -0.0041540954262, 0.00593513483182, -0.00375608936884, 0.00364236836322, -0.00337519147433, 0.00521444296464, -0.00459714140743, 0.00334272813052], [-0.00088670180412, 0.0037340563722, -0.00219854875468, 0.00584871647879, -0.00342761655338, 0.00189212884288, -0.00249308906496, 0.00276907696389, -0.00221741455607, 0.00269469246268, -0.00303267384879, 0.00330423400737, -0.0028014392592], [0.00208013993688, -0.00712072243914, 0.00628646882251, -0.00342761655338, 0.0123883252963, -0.00305808777921, 0.00431551458314, -0.00477157486603, 0.00489452062175, -0.00437548663467, 0.00819127168506, -0.00365577661432, 0.000384744867915], [-0.000338755431585, 0.00492073083296, -0.0041540954262, 0.00189212884288, -0.00305808777921, 0.00943695288152, -0.00395081704482, 0.00116965547204, -0.00208807177842, 0.00362964114174, -0.00250040204264, 0.00358413206413, -0.00140130787622], [0.00115094776265, -0.00474265497178, 0.00593513483182, -0.00249308906496, 0.00431551458314, -0.00395081704482, 0.00973204709589, -0.00312918587588, 0.00428565172479, -0.00369807356037, 0.00374765321612, -0.00336195342243, 0.00197852938436], [-0.000777484849095, 0.00339198391885, -0.00375608936884, 0.00276907696389, -0.00477157486603, 0.00116965547204, -0.00312918587588, 0.010992962867, -0.00171995884739, 0.000836789782625, -0.00417930958793, 0.00386924971826, -0.000958509510383], [0.000708487583324, -0.00446500908583, 0.00364236836322, -0.00221741455607, 0.00489452062175, -0.00208807177842, 0.00428565172479, -0.00171995884739, 0.0117102172226, -0.002450596774, 0.00290948175825, -0.00360183580779, 0.00150234473404], [-0.00055859767599, 0.0050755017437, -0.00337519147433, 0.00269469246268, -0.00437548663467, 0.00362964114174, -0.00369807356037, 0.000836789782625, -0.002450596774, 0.0131927244365, -0.00288039864972, 0.00197223690338, -0.00425873650238], [0.00152503873687, -0.00610122969374, 0.00521444296464, -0.00303267384879, 0.00819127168506, -0.00250040204264, 0.00374765321612, -0.00417930958793, 0.00290948175825, -0.00288039864972, 0.0208290815353, -0.00275070872158, 0.00487030064687], [-0.000384951126762, 0.00432033557445, -0.00459714140743, 0.00330423400737, -0.00365577661432, 0.00358413206413, -0.00336195342243, 0.00386924971826, -0.00360183580779, 0.00197223690338, -0.00275070872158, 0.0218311529607, -0.00291850254871], [0.00108807277866, -0.00163613376208, 0.00334272813052, -0.0028014392592, 0.000384744867915, -0.00140130787622, 0.00197852938436, -0.000958509510383, 0.00150234473404, -0.00425873650238, 0.00487030064687, -0.00291850254871, 0.01346671395]]
    },
    "melbands": {
        "mean": [1.55418342729e-006, 3.5669952922e-005, 0.000252853089478, 0.000580565130804, 0.000232452468481, 0.000278717750916, 0.000809997145552, 0.000202987517696, 0.000267535244348, 0.000211075806874, 0.00012065620831, 0.00012828616309, 5.66495073144e-005, 5.00908281538e-005, 5.87306312809e-005, 4.02506593673e-005, 4.12289264204e-005, 4.4862707e-005, 2.56573457591e-005, 2.01566199394e-005, 2.21586888074e-005, 1.17216104627e-005, 1.1472654478e-005, 5.45989587408e-006, 4.34531011706e-006, 2.02802243621e-006, 5.81631468322e-007, 2.62971212805e-007, 2.65134019628e-007, 2.40724318701e-007, 1.38764491453e-007, 8.14378537939e-008, 1.15455463856e-007, 1.55681973979e-007, 1.70748862161e-007, 2.47154190447e-007, 3.48886743495e-007, 2.01209019224e-007, 9.77175602657e-008, 7.20572259638e-008],
        "var": [1.94392887204e-011, 2.78896195027e-009, 1.29580584485e-007, 1.33858065965e-006, 8.33256308397e-008, 3.27653594923e-007, 5.35955132364e-006, 2.65976268565e-007, 3.84221550576e-007, 1.79923773658e-007, 1.6061886754e-007, 7.62700125279e-008, 8.98049812292e-009, 6.45064046623e-009, 1.99499101683e-008, 5.53251044977e-009, 7.27498816744e-009, 3.23346927011e-009, 1.97136729163e-009, 1.24204646568e-009, 1.69690772545e-009, 3.1848393367e-010, 5.22085652488e-010, 3.29464844295e-010, 1.91253471393e-010, 4.2192381533e-011, 3.91835045313e-012, 1.32914545255e-012, 1.93474945266e-012, 8.73882509324e-013, 3.31252115581e-013, 1.59330963137e-013, 2.57323947307e-013, 6.35847060768e-013, 9.14085539032e-013, 4.64234770417e-012, 1.77338421725e-011, 5.31623746761e-012, 4.89295832583e-013, 1.51833854192e-013]
    },
    "mfcc": {
        "mean": [-748.323364258, 196.107711792, -58.7476654053, -22.0558223724, 7.29141807556, -19.9364528656, -23.4643192291, -2.87677550316, -17.4676799774, -8.58321857452, -10.2196340561, -11.7178916931, -11.7116851807],
        "cov": [[3348.47363281, -1181.31616211, -15.6961193085, 323.889526367, -575.97668457, -27.69972229, -290.440582275, -42.9171714783, -293.796875, 55.7519416809, -13.6770191193, 45.0690727234, -156.347259521], [-1181.31616211, 1711.03344727, -307.612762451, -65.9379348755, 257.790771484, -183.993682861, 21.1943340302, 155.458297729, -39.9112167358, -24.076505661, 139.776763916, -76.1772460938, 63.8219795227], [-15.6961193085, -307.612762451, 863.688293457, -171.270172119, -64.9342956543, 19.2572631836, -194.405410767, 36.8998527527, -137.789291382, -11.9940729141, 13.119685173, -31.2001914978, 48.2658042908], [323.889526367, -65.9379348755, -171.270172119, 277.302154541, -3.92570662498, -10.0219221115, 16.5494441986, -47.2290458679, 29.7816944122, -24.5251579285, -19.619594574, 31.1954975128, -5.62047529221], [-575.97668457, 257.790771484, -64.9342956543, -3.92570662498, 283.067840576, 8.98086547852, 33.3902015686, -6.46044683456, 96.7288665771, -13.8848180771, -42.4881744385, 14.359992981, 35.1825141907], [-27.69972229, -183.993682861, 19.2572631836, -10.0219221115, 8.98086547852, 149.211044312, 49.6139717102, -30.7179737091, 68.0284423828, -11.3527612686, -34.0546989441, 23.9924430847, -10.5615005493], [-290.440582275, 21.1943340302, -194.405410767, 16.5494441986, 33.3902015686, 49.6139717102, 305.928253174, -9.60123062134, 136.435089111, 16.5767993927, -9.5232257843, 28.7865943909, -25.5314807892], [-42.9171714783, 155.458297729, 36.8998527527, -47.2290458679, -6.46044683456, -30.7179737091, -9.60123062134, 165.857147217, -68.4428100586, 21.6105442047, 55.5405502319, -45.094165802, -20.2425003052], [-293.796875, -39.9112167358, -137.789291382, 29.7816944122, 96.7288665771, 68.0284423828, 136.435089111, -68.4428100586, 281.966156006, -4.62888622284, -64.5955200195, 80.3037490845, 31.088924408], [55.7519416809, -24.076505661, -11.9940729141, -24.5251579285, -13.8848180771, -11.3527612686, 16.5767993927, 21.6105442047, -4.62888622284, 112.161598206, 9.26207065582, -11.5560503006, 30.2604789734], [-13.6770191193, 139.776763916, 13.119685173, -19.619594574, -42.4881744385, -34.0546989441, -9.5232257843, 55.5405502319, -64.5955200195, 9.26207065582, 125.608505249, -7.84160804749, -13.3820095062], [45.0690727234, -76.1772460938, -31.2001914978, 31.1954975128, 14.359992981, 23.9924430847, 28.7865943909, -45.094165802, 80.3037490845, -11.5560503006, -7.84160804749, 117.841911316, 17.9015808105], [-156.347259521, 63.8219795227, 48.2658042908, -5.62047529221, 35.1825141907, -10.5615005493, -25.5314807892, -20.2425003052, 31.088924408, 30.2604789734, -13.3820095062, 17.9015808105, 123.880729675]],
        "icov": [[0.000920492515434, 0.000377041462343, 0.00026527378941, -0.000875147525221, 0.00126173405442, 0.000134909409098, 0.000862444692757, -0.000282533263089, 0.000542478403077, -0.000780128466431, 0.000543666479643, -0.000844692403916, 0.00084438797785], [0.000377041462343, 0.00136817456223, 0.000655336712953, 8.35894315969e-005, -0.000564325891901, 0.00105423002969, 0.000257648644038, -0.000732465821784, 0.000295547069982, 0.000649328983855, -0.00104882381856, 0.000299256818835, -0.000686310697347], [0.00026527378941, 0.000655336712953, 0.00202621659264, 0.00089279236272, 0.000186244797078, -0.000196524808416, 0.000980969634838, -0.000590980635025, 0.000743196695112, 0.000723433797248, -0.000221033318667, -0.000111279034172, -0.00108682783321], [-0.000875147525221, 8.35894315969e-005, 0.00089279236272, 0.00550515530631, -0.00122294481844, 0.00069037405774, -0.000660561025143, 0.000771673978306, -0.00025934210862, 0.00203154515475, -0.000455640343716, 0.000184608303243, -0.00135657389183], [0.00126173405442, -0.000564325891901, 0.000186244797078, -0.00122294481844, 0.00710904598236, -0.000362753838999, 0.00135115778539, -0.000711320957635, -0.000761385075748, -0.000839194981381, 0.00294681522064, -0.0013544751564, 0.000777535897214], [0.000134909409098, 0.00105423002969, -0.000196524808416, 0.00069037405774, -0.000362753838999, 0.00937020219862, -0.00090939598158, 8.07763499324e-005, -0.00143230077811, 0.00100868369918, 0.000529765035026, -0.000205852004001, 0.000662718375679], [0.000862444692757, 0.000257648644038, 0.000980969634838, -0.000660561025143, 0.00135115778539, -0.00090939598158, 0.00587948458269, -0.000599601131398, -0.00187110190745, -0.0018121949397, -0.000111306886538, -0.000615915865637, 0.00218528625555], [-0.000282533263089, -0.000732465821784, -0.000590980635025, 0.000771673978306, -0.000711320957635, 8.07763499324e-005, -0.000599601131398, 0.00897538475692, 0.000582851353101, -0.00160392490216, -0.0025631703902, 0.00196883804165, 0.00152210751548], [0.000542478403077, 0.000295547069982, 0.000743196695112, -0.00025934210862, -0.000761385075748, -0.00143230077811, -0.00187110190745, 0.000582851353101, 0.00792125891894, -0.000213239152799, 0.00230189156719, -0.00378424837254, -0.00110551621765], [-0.000780128466431, 0.000649328983855, 0.000723433797248, 0.00203154515475, -0.000839194981381, 0.00100868369918, -0.0018121949397, -0.00160392490216, -0.000213239152799, 0.0122828576714, -0.00144321203697, 0.00214639608748, -0.00523294694722], [0.000543666479643, -0.00104882381856, -0.000221033318667, -0.000455640343716, 0.00294681522064, 0.000529765035026, -0.000111306886538, -0.0025631703902, 0.00230189156719, -0.00144321203697, 0.0126645835117, -0.00336828478612, 0.00168809387833], [-0.000844692403916, 0.000299256818835, -0.000111279034172, 0.000184608303243, -0.0013544751564, -0.000205852004001, -0.000615915865637, 0.00196883804165, -0.00378424837254, 0.00214639608748, -0.00336828478612, 0.0129675548524, -0.00241897325031], [0.00084438797785, -0.000686310697347, -0.00108682783321, -0.00135657389183, 0.000777535897214, 0.000662718375679, 0.00218528625555, 0.00152210751548, -0.00110551621765, -0.00523294694722, 0.00168809387833, -0.00241897325031, 0.0124758249149]]
    },
    "spectral_contrast_coeffs": {
        "mean": [-0.505211949348, -0.66221177578, -0.716648161411, -0.699694633484, -0.687583386898, -0.782358169556],
        "var": [0.00917507335544, 0.00913176871836, 0.00329026952386, 0.00238441722468, 0.0025308218319, 0.00279823457822]
    },
    "spectral_contrast_valleys": {
        "mean": [-9.6217250824, -7.31285524368, -7.5759563446, -8.36343860626, -9.50661754608, -12.9069194794],
        "var": [0.578556537628, 0.712754309177, 0.489040195942, 0.589586913586, 1.05340743065, 1.93740463257]
    }
},
"metadata": {
    "audio_properties": {
        "analysis_sample_rate": 44100,
        "bit_rate": 128074,
        "equal_loudness": 0,
        "length": 45.0612258911,
        "lossless": 0,
        "replay_gain": -6.04625511169,
        "sample_rate": 44100,
        "codec": "mp3",
        "downmix": "mix",
        "md5_encoded": "e17a016d775fbe0a0c529c1eba2618d7"
    },
    "tags": {
        "file_name": "1253.mp3"
    },
    "version": {
        "essentia": "2.1-beta2",
        "essentia_git_sha": "v2.1_beta2",
        "extractor": "music 1.0"
    }
},
"rhythm": {
    "beats_count": 68,
    "beats_loudness": {
        "mean": 0.0217761620879,
        "var": 0.000315371871693
    },
    "bpm": 90.791847229,
    "bpm_histogram_first_peak_bpm": {
        "mean": 92,
        "var": 0
    },
    "bpm_histogram_first_peak_spread": {
        "mean": 0.421052634716,
        "var": 0
    },
    "bpm_histogram_first_peak_weight": {
        "mean": 0.49253731966,
        "var": 0
    },
    "bpm_histogram_second_peak_bpm": {
        "mean": 99,
        "var": 0
    },
    "bpm_histogram_second_peak_spread": {
        "mean": 0,
        "var": 0
    },
    "bpm_histogram_second_peak_weight": {
        "mean": 0.104477614164,
        "var": 0
    },
    "danceability": 0.975127995014,
    "onset_rate": 2.72838926315,
    "beats_loudness_band_ratio": {
        "mean": [0.0810474976897, 0.21730440855, 0.329102694988, 0.234596922994, 0.184712305665, 0.00614864332601],
        "var": [0.00447207735851, 0.0260703675449, 0.0397932976484, 0.0295491181314, 0.0232624616474, 4.19801617682e-005]
    },
    "beats_position": [0.603718817234, 1.20743763447, 1.8111563921, 2.41487526894, 3.01859402657, 3.62231278419, 4.22603178024, 4.87619018555, 5.52634906769, 6.17650794983, 6.81505680084, 7.47682523727, 8.13859367371, 8.78875255585, 9.45052146912, 10.1239004135, 10.7972784042, 11.4706573486, 12.144036293, 12.8290243149, 13.5024032593, 14.1641721725, 14.8375511169, 15.5109291077, 16.1843090057, 16.8344669342, 17.4846248627, 18.1231746674, 18.7617225647, 19.4118824005, 20.0736503601, 20.7354183197, 21.3971881866, 22.0473461151, 22.7207260132, 23.3824939728, 24.0442619324, 24.7060317993, 25.37940979, 26.0411777496, 26.7029476166, 27.3763256073, 28.0497055054, 28.7230834961, 29.4196815491, 30.1162815094, 30.8128795624, 31.4282073975, 32.0551452637, 32.6820869446, 33.3206329346, 33.9591827393, 34.6209526062, 35.2711105347, 35.9212684631, 36.5714263916, 37.2215881348, 37.883354187, 38.5335159302, 39.1720619202, 39.8222198486, 40.4723815918, 41.1225395203, 41.7726974487, 42.4228553772, 43.0846252441, 43.7696151733, 44.4429931641]
},
"tonal": {
    "chords_changes_rate": 0.0534979440272,
    "chords_number_rate": 0.00720164598897,
    "chords_strength": {
        "mean": 0.487851828337,
        "var": 0.00436496594921
    },
    "hpcp_entropy": {
        "mean": 1.90073001385,
        "var": 0.378462672234
    },
    "key_strength": 0.72802990675,
    "tuning_diatonic_strength": 0.560052335262,
    "tuning_equal_tempered_deviation": 0.188730075955,
    "tuning_frequency": 434.444000244,
    "tuning_nontempered_energy_ratio": 0.958786427975,
    "hpcp": {
        "mean": [0.437342494726, 0.450503498316, 0.15039730072, 0.028933076188, 0.0195666346699, 0.0243302024901, 0.112570419908, 0.148166179657, 0.1082149297, 0.151955962181, 0.139573842287, 0.078715711832, 0.0864790603518, 0.0703337267041, 0.115691937506, 0.380177974701, 0.390391260386, 0.138697639108, 0.0598092973232, 0.047767072916, 0.0707568600774, 0.271112620831, 0.323400318623, 0.133819401264, 0.0713224485517, 0.0611294135451, 0.0773931220174, 0.160821720958, 0.123208746314, 0.0525380559266, 0.102806650102, 0.10560400039, 0.108155891299, 0.173739522696, 0.149973511696, 0.168708205223],
        "var": [0.104396812618, 0.11650300771, 0.0251896828413, 0.00851957965642, 0.0060069472529, 0.00474501308054, 0.0344262048602, 0.0581798367202, 0.0174408704042, 0.0594149902463, 0.0630910471082, 0.0167955886573, 0.0176396854222, 0.0134207075462, 0.0195231195539, 0.124328710139, 0.133080512285, 0.0278693661094, 0.0281184986234, 0.0211255848408, 0.0219825468957, 0.0800956338644, 0.106652289629, 0.0314303040504, 0.046912368387, 0.0367854684591, 0.0175219941884, 0.0431420728564, 0.028827579692, 0.0109143173322, 0.0390674471855, 0.0411414802074, 0.028667582199, 0.065558001399, 0.0518557243049, 0.0649096295238]
    },
    "chords_histogram": [44.5473251343, 0, 11.4197530746, 0, 4.21810722351, 0, 0, 0, 0, 0, 0, 0, 0, 0, 0, 0, 0, 17.3868312836, 2.88065838814, 16.872428894, 0, 2.67489719391, 0, 0],
    "thpcp": [1, 0.333842694759, 0.0642238631845, 0.0434328131378, 0.0540066882968, 0.249876901507, 0.328890174627, 0.240208849311, 0.33730250597, 0.309817433357, 0.174728304148, 0.191960901022, 0.156122490764, 0.256805866957, 0.843895733356, 0.866566538811, 0.307872503996, 0.132761001587, 0.106030412018, 0.157061725855, 0.60179913044, 0.717864155769, 0.297044098377, 0.158317193389, 0.135691314936, 0.17179249227, 0.356982171535, 0.273491203785, 0.116620749235, 0.228203892708, 0.234413281083, 0.240077808499, 0.385656327009, 0.332901984453, 0.374488115311, 0.970786035061],
    "chords_key": "D",
    "chords_scale": "major",
    "key_key": "D",
    "key_scale": "major"
}
}