{
"lowlevel": {
    "average_loudness": 0.958319962025,
    "barkbands_crest": {
        "mean": 9.20439434052,
        "var": 16.5172157288
    },
    "barkbands_flatness_db": {
        "mean": 0.131327793002,
        "var": 0.00305983889848
    },
    "barkbands_kurtosis": {
        "mean": 2.71620416641,
        "var": 52.3827819824
    },
    "barkbands_skewness": {
        "mean": 1.05782139301,
        "var": 1.90240430832
    },
    "barkbands_spread": {
        "mean": 23.8734779358,
        "var": 103.892074585
    },
    "dissonance": {
        "mean": 0.470334559679,
        "var": 0.000469529855764
    },
    "dynamic_complexity": 3.356372118,
    "erbbands_crest": {
        "mean": 8.83718585968,
        "var": 12.1887454987
    },
    "erbbands_flatness_db": {
        "mean": 0.169472694397,
        "var": 0.00420197052881
    },
    "erbbands_kurtosis": {
        "mean": 0.23623791337,
        "var": 4.00565338135
    },
    "erbbands_skewness": {
        "mean": -0.168852642179,
        "var": 0.642693758011
    },
    "erbbands_spread": {
        "mean": 35.7370872498,
        "var": 261.229400635
    },
    "hfc": {
        "mean": 23.7720623016,
        "var": 299.562774658
    },
    "melbands_crest": {
        "mean": 12.6684675217,
        "var": 26.4410381317
    },
    "melbands_flatness_db": {
        "mean": 0.180402874947,
        "var": 0.00408074446023
    },
    "melbands_kurtosis": {
        "mean": 10.7728586197,
        "var": 515.726623535
    },
    "melbands_skewness": {
        "mean": 2.15191459656,
        "var": 3.81238603592
    },
    "melbands_spread": {
        "mean": 28.783908844,
        "var": 237.90687561
    },
    "pitch_salience": {
        "mean": 0.577086865902,
        "var": 0.0122943753377
    },
    "silence_rate_20dB": {
        "mean": 1,
        "var": 0
    },
    "silence_rate_30dB": {
        "mean": 1,
        "var": 0
    },
    "silence_rate_60dB": {
        "mean": 0.0690010264516,
        "var": 0.0642398521304
    },
    "spectral_centroid": {
        "mean": 1551.64355469,
        "var": 317084.40625
    },
    "spectral_complexity": {
        "mean": 23.3110198975,
        "var": 141.740478516
    },
    "spectral_decrease": {
        "mean": -6.5411085437e-009,
        "var": 1.13468492255e-017
    },
    "spectral_energy": {
        "mean": 0.026843836531,
        "var": 0.000189463462448
    },
    "spectral_energyband_high": {
        "mean": 0.000681892677676,
        "var": 5.24109054822e-007
    },
    "spectral_energyband_low": {
        "mean": 0.00917450897396,
        "var": 9.0819397883e-005
    },
    "spectral_energyband_middle_high": {
        "mean": 0.00766444159672,
        "var": 4.60565424873e-005
    },
    "spectral_energyband_middle_low": {
        "mean": 0.0104395346716,
        "var": 4.72191895824e-005
    },
    "spectral_entropy": {
        "mean": 7.64200925827,
        "var": 0.11392185837
    },
    "spectral_flux": {
        "mean": 0.0902758017182,
        "var": 0.00183381175157
    },
    "spectral_kurtosis": {
        "mean": 6.2308177948,
        "var": 58.5389060974
    },
    "spectral_rms": {
        "mean": 0.00484303571284,
        "var": 2.73415298579e-006
    },
    "spectral_rolloff": {
        "mean": 1699.328125,
        "var": 951461.625
    },
    "spectral_skewness": {
        "mean": 1.57775425911,
        "var": 0.267191261053
    },
    "spectral_spread": {
        "mean": 3984044.25,
        "var": 2.41127155302e+012
    },
    "spectral_strongpeak": {
        "mean": 0.95493543148,
        "var": 1.69938611984
    },
    "zerocrossingrate": {
        "mean": 0.0631587505341,
        "var": 0.000546641706023
    },
    "barkbands": {
        "mean": [0.000190274600754, 0.00516726775095, 0.00288625829853, 0.00139589002356, 0.00173999683466, 0.00146848428994, 0.0026824795641, 0.00104174669832, 0.00173790857662, 0.00129732012283, 0.000512787548359, 0.000431041320553, 0.000443059863755, 0.000478927860968, 0.00104790565092, 0.00145632377826, 0.000848366180435, 0.000777406035922, 0.000437816866906, 0.000213031584281, 0.000213515973883, 0.000157427261001, 0.00010623709386, 6.00868115725e-005, 3.95500974264e-005, 1.25915812532e-005, 1.58990104637e-007],
        "var": [1.21139990483e-007, 4.73036161566e-005, 1.9305929527e-005, 4.51706409876e-006, 2.12656436815e-006, 3.58481202056e-006, 1.27563507704e-005, 3.17944500239e-006, 5.8575433286e-006, 5.14295834364e-006, 7.69277505697e-007, 5.7607422832e-007, 5.32434569323e-007, 8.22964409508e-007, 3.18868933391e-006, 5.54483676751e-006, 1.34171091304e-006, 1.9932658688e-006, 4.64364006802e-007, 6.34476791106e-008, 8.2706336002e-008, 3.27240954334e-008, 1.95373264233e-008, 4.25844381979e-009, 1.35518685163e-009, 1.65386038198e-010, 6.16973310007e-014]
    },
    "erbbands": {
        "mean": [0.135367944837, 1.21950209141, 3.28009009361, 4.52183675766, 4.41598558426, 4.83776044846, 12.4285163879, 10.6565475464, 34.2617034912, 28.0586223602, 28.7682991028, 47.1708602905, 35.0259437561, 37.0739631653, 19.4820976257, 17.0220336914, 20.9641342163, 23.4518070221, 46.9300765991, 63.8022727966, 72.4666519165, 46.4686317444, 39.2350387573, 32.8305625916, 19.6630706787, 10.4889755249, 8.34400367737, 7.93581628799, 5.87966108322, 4.1247344017, 2.96561193466, 1.58079719543, 0.86648529768, 0.527810156345, 0.235841050744, 0.0829739272594, 0.0172482691705, 0.00175252195913, 5.45126604266e-005, 3.48234061676e-005],
        "var": [0.0439539663494, 2.39847970009, 19.9777355194, 29.5877418518, 18.6200332642, 18.0295410156, 378.971466064, 180.126754761, 2134.68212891, 1537.48718262, 1520.23352051, 4426.03076172, 4221.04931641, 3267.74194336, 794.169128418, 859.027160645, 1224.375, 1661.95654297, 5518.74121094, 8199.7265625, 10554.3632813, 3322.44238281, 4178.17773438, 2939.66455078, 1053.26550293, 160.345611572, 120.244941711, 112.904129028, 48.4140129089, 19.975358963, 17.0878696442, 4.93026208878, 0.705850601196, 0.241216927767, 0.0519825294614, 0.00695877801627, 0.000327560701407, 3.74388127966e-006, 1.99256611211e-009, 3.12856907048e-010]
    },
    "gfcc": {
        "mean": [-2.26355719566, 97.309677124, -136.240615845, 36.8974647522, -53.1159172058, 13.1255912781, -42.058506012, 15.6442251205, -11.7416191101, 1.41694533825, -20.697599411, 1.28581523895, -7.45133209229],
        "cov": [[14197.4902344, -536.591796875, 2144.09423828, 1066.7800293, -1617.48217773, 671.78338623, -132.013366699, 701.618164063, -559.801269531, 726.19708252, -67.6622161865, -180.236633301, -317.444702148], [-536.591796875, 910.139038086, -196.125045776, -72.8272628784, 312.746948242, -155.207382202, 74.7346038818, -124.484535217, 108.266181946, -199.95475769, 28.4302978516, -97.1754379272, 86.24659729], [2144.09423828, -196.125045776, 1462.26257324, 405.093658447, -209.437423706, 398.673706055, -43.7834434509, 200.988388062, -120.629127502, 231.950256348, -106.020111084, 13.6977415085, -137.81854248], [1066.7800293, -72.8272628784, 405.093658447, 328.037200928, -34.1750640869, 114.764137268, 3.67592215538, 72.0684509277, -52.7728233337, 49.889541626, -6.57876110077, -9.50019264221, -24.0220355988], [-1617.48217773, 312.746948242, -209.437423706, -34.1750640869, 485.06362915, -23.8026657104, 39.3344955444, -73.8826751709, 93.8436126709, -154.675079346, -10.7791109085, -3.54257440567, 53.3500938416], [671.78338623, -155.207382202, 398.673706055, 114.764137268, -23.8026657104, 239.188644409, 28.1280918121, 73.6261291504, -49.5826568604, 79.6299667358, -47.5719108582, -2.69121575356, -44.9035758972], [-132.013366699, 74.7346038818, -43.7834434509, 3.67592215538, 39.3344955444, 28.1280918121, 112.186454773, 18.5263538361, 7.89769554138, -18.0795097351, 15.6600027084, -26.614025116, 9.37403488159], [701.618164063, -124.484535217, 200.988388062, 72.0684509277, -73.8826751709, 73.6261291504, 18.5263538361, 148.327926636, -5.14424037933, 56.0737113953, -16.1742286682, 0.77850985527, -21.0894756317], [-559.801269531, 108.266181946, -120.629127502, -52.7728233337, 93.8436126709, -49.5826568604, 7.89769554138, -5.14424037933, 100.950393677, -25.0592479706, 5.7320189476, -0.627292335033, 22.4814014435], [726.19708252, -199.95475769, 231.950256348, 49.889541626, -154.675079346, 79.6299667358, -18.0795097351, 56.0737113953, -25.0592479706, 159.032028198, 22.9846458435, 13.9590902328, -46.9735832214], [-67.6622161865, 28.4302978516, -106.020111084, -6.57876110077, -10.7791109085, -47.5719108582, 15.6600027084, -16.1742286682, 5.7320189476, 22.9846458435, 85.8208084106, 15.0132570267, 10.3648662567], [-180.236633301, -97.1754379272, 13.6977415085, -9.50019264221, -3.54257440567, -2.69121575356, -26.614025116, 0.77850985527, -0.627292335033, 13.9590902328, 15.0132570267, 75.7574386597, 12.0387516022], [-317.444702148, 86.24659729, -137.81854248, -24.0220355988, 53.3500938416, -44.9035758972, 9.37403488159, -21.0894756317, 22.4814014435, -46.9735832214, 10.3648662567, 12.0387516022, 67.7341461182]],
        "icov": [[0.000537676445674, -0.00168703135569, 0.00107972789556, -0.00161226105411, 0.00163996650372, -0.00151053303853, 0.00152180436999, -0.00221428228542, 0.00196292856708, -0.00179683067836, 0.00121352577116, -0.000778496614657, 0.0011550586205], [-0.00168703135569, 0.00918040703982, -0.00566806271672, 0.00644196616486, -0.00616081198677, 0.00685865571722, -0.00584504753351, 0.00881151948124, -0.00824901182204, 0.00931473728269, -0.00766765885055, 0.00825187750161, -0.00698798382655], [0.00107972789556, -0.00566806271672, 0.00567943090573, -0.00572091666982, 0.0040175402537, -0.00606921967119, 0.00435465900227, -0.00598451541737, 0.00511773256585, -0.00691884243861, 0.00634945370257, -0.00572939077392, 0.00570049043745], [-0.00161226105411, 0.00644196616486, -0.00572091666982, 0.0108419265598, -0.00582295516506, 0.00495571270585, -0.00426453351974, 0.00583565467969, -0.00474788015708, 0.00769812008366, -0.00782940723002, 0.00625804532319, -0.00627474440262], [0.00163996650372, -0.00616081198677, 0.0040175402537, -0.00582295516506, 0.00978934299201, -0.00794797763228, 0.00495579000562, -0.00563538400456, 0.00212534330785, -0.0015317404177, 0.00320020364597, -0.0045765102841, 0.004775963258], [-0.00151053303853, 0.00685865571722, -0.00606921967119, 0.00495571270585, -0.00794797763228, 0.0179409682751, -0.0102918054909, 0.0063514332287, -0.00193950417452, 0.000431868073065, 0.00135158351623, 0.00390794267878, -0.00480635743588], [0.00152180436999, -0.00584504753351, 0.00435465900227, -0.00426453351974, 0.00495579000562, -0.0102918054909, 0.0187934916466, -0.00969456043094, 0.00515070743859, -0.0020171571523, -0.00259065837599, 0.00189485028386, 0.00252828677185], [-0.00221428228542, 0.00881151948124, -0.00598451541737, 0.00583565467969, -0.00563538400456, 0.0063514332287, -0.00969456043094, 0.0204439945519, -0.0121234906837, 0.00763277709484, -0.00446265237406, 0.00455074151978, -0.00615681428462], [0.00196292856708, -0.00824901182204, 0.00511773256585, -0.00474788015708, 0.00212534330785, -0.00193950417452, 0.00515070743859, -0.0121234906837, 0.0247972533107, -0.013431886211, 0.00865555182099, -0.00497905351222, 0.00300001446158], [-0.00179683067836, 0.00931473728269, -0.00691884243861, 0.00769812008366, -0.0015317404177, 0.000431868073065, -0.0020171571523, 0.00763277709484, -0.013431886211, 0.028654396534, -0.0185092221946, 0.00758821936324, -0.00166721991263], [0.00121352577116, -0.00766765885055, 0.00634945370257, -0.00782940723002, 0.00320020364597, 0.00135158351623, -0.00259065837599, -0.00446265237406, 0.00865555182099, -0.0185092221946, 0.0291932094842, -0.0128497257829, 0.00504528731108], [-0.000778496614657, 0.00825187750161, -0.00572939077392, 0.00625804532319, -0.0045765102841, 0.00390794267878, 0.00189485028386, 0.00455074151978, -0.00497905351222, 0.00758821936324, -0.0128497257829, 0.0273465905339, -0.0122229969129], [0.0011550586205, -0.00698798382655, 0.00570049043745, -0.00627474440262, 0.004775963258, -0.00480635743588, 0.00252828677185, -0.00615681428462, 0.00300001446158, -0.00166721991263, 0.00504528731108, -0.0122229969129, 0.0284817833453]]
    },
    "melbands": {
        "mean": [0.00135439622682, 0.00171230139676, 0.000758879061323, 0.000342102226568, 0.000373864342691, 0.000252724450547, 0.000548774434719, 0.000279439263977, 0.000242952533881, 0.000280988111626, 0.000170090119354, 0.000156822963618, 6.74189868732e-005, 5.39851280337e-005, 3.80039346055e-005, 4.48767605121e-005, 4.31319094787e-005, 6.7875123932e-005, 7.97590691946e-005, 0.000104947423097, 7.74074433139e-005, 5.10105710418e-005, 3.3533651731e-005, 3.88460794056e-005, 2.53927628364e-005, 1.52334978338e-005, 1.04218588604e-005, 6.05057721259e-006, 4.76911873193e-006, 5.62330615139e-006, 4.19118669015e-006, 3.38873087458e-006, 2.78911284113e-006, 2.09762470149e-006, 1.82008830052e-006, 1.21735934044e-006, 8.72864518442e-007, 6.14312739344e-007, 5.16702186815e-007, 4.25750499744e-007],
        "var": [3.63464505426e-006, 3.6483720578e-006, 7.21064850495e-007, 1.11235337386e-007, 3.01591484231e-007, 1.05324801325e-007, 5.34060802693e-007, 1.51157493633e-007, 9.08646455855e-008, 1.61833412449e-007, 1.11531250013e-007, 6.48808082815e-008, 1.1067412764e-008, 8.87625617452e-009, 3.45873640839e-009, 5.69742431011e-009, 7.76603048536e-009, 1.16680389795e-008, 2.13499937729e-008, 3.72287480843e-008, 1.15036513648e-008, 4.95529084432e-009, 2.53183585208e-009, 6.23071816364e-009, 1.95590299512e-009, 7.06607938827e-010, 1.9670168272e-010, 6.1211147262e-011, 3.88557172548e-011, 8.22783577381e-011, 2.88798533699e-011, 1.61638150781e-011, 1.23000212446e-011, 5.26921345098e-012, 5.73887291855e-012, 6.5335042064e-012, 1.38871151991e-012, 3.84031782069e-013, 2.48652444121e-013, 1.72077792553e-013]
    },
    "mfcc": {
        "mean": [-633.135803223, 117.432060242, -14.7257881165, 21.8242397308, 10.9953098297, 1.95790934563, -11.8036661148, 7.50769042969, 9.2331533432, 2.53871512413, 0.268806159496, -0.0225707925856, 1.88225662708],
        "cov": [[10105.8945313, 150.780838013, 1166.76831055, 726.997375488, -928.35723877, -77.0413742065, 235.431854248, -123.657684326, -154.384918213, 496.845428467, 158.952423096, -52.4018516541, 123.046287537], [150.780838013, 987.079284668, -134.077575684, 121.90385437, 164.974639893, 17.0941028595, 8.89417362213, 44.2824783325, 51.1506958008, -15.5671720505, 16.8176593781, -44.1733779907, -51.7648468018], [1166.76831055, -134.077575684, 1023.69677734, 199.156295776, -66.0516586304, 167.924606323, 92.548324585, -0.290658503771, 34.8440513611, 129.924240112, 34.0753250122, 68.3089294434, 93.1214675903], [726.997375488, 121.90385437, 199.156295776, 295.349700928, 39.9088973999, 32.2056388855, 57.1223106384, 34.5579528809, 3.41867661476, 39.0448188782, 17.3541870117, -8.65434169769, 17.7253913879], [-928.35723877, 164.974639893, -66.0516586304, 39.9088973999, 321.491943359, 91.7843475342, 1.11284863949, 74.3056182861, 67.2695922852, -52.3370132446, -19.5649738312, 15.0877771378, -9.4626789093], [-77.0413742065, 17.0941028595, 167.924606323, 32.2056388855, 91.7843475342, 164.510116577, 71.0442428589, 19.0166130066, 27.6766548157, 19.54737854, -2.64153027534, 15.0186576843, 13.0365610123], [235.431854248, 8.89417362213, 92.548324585, 57.1223106384, 1.11284863949, 71.0442428589, 125.250915527, 37.2461853027, 1.9765008688, 41.3569946289, 11.3085975647, -7.16690826416, -1.31348729134], [-123.657684326, 44.2824783325, -0.290658503771, 34.5579528809, 74.3056182861, 19.0166130066, 37.2461853027, 103.972229004, 55.5158462524, -1.28278923035, -8.17205047607, 0.706909060478, -7.25206327438], [-154.384918213, 51.1506958008, 34.8440513611, 3.41867661476, 67.2695922852, 27.6766548157, 1.9765008688, 55.5158462524, 98.8368225098, 19.5139865875, -14.9888629913, 10.6789340973, -0.215717971325], [496.845428467, -15.5671720505, 129.924240112, 39.0448188782, -52.3370132446, 19.54737854, 41.3569946289, -1.28278923035, 19.5139865875, 115.473251343, 37.1705169678, -1.74451804161, 10.4296808243], [158.952423096, 16.8176593781, 34.0753250122, 17.3541870117, -19.5649738312, -2.64153027534, 11.3085975647, -8.17205047607, -14.9888629913, 37.1705169678, 70.2854995728, 15.9454393387, -2.97852659225], [-52.4018516541, -44.1733779907, 68.3089294434, -8.65434169769, 15.0877771378, 15.0186576843, -7.16690826416, 0.706909060478, 10.6789340973, -1.74451804161, 15.9454393387, 69.416015625, 26.3648490906], [123.046287537, -51.7648468018, 93.1214675903, 17.7253913879, -9.4626789093, 13.0365610123, -1.31348729134, -7.25206327438, -0.215717971325, 10.4296808243, -2.97852659225, 26.3648490906, 59.0102539063]],
        "icov": [[0.000237348896917, -0.00013033032883, -5.76807688049e-005, -0.000516975414939, 0.000742459786125, -0.00011459866073, 0.000118441166705, -0.000176637404365, 0.000258668500464, -0.00059108826099, 0.000201622882742, -0.000106735948066, -7.43434720789e-005], [-0.00013033032883, 0.00138648285065, 0.000197710935026, -0.000353874871507, -0.00090964831179, 0.000132945759105, -0.000183316777111, 0.00064682593802, -0.00115795398597, 0.000767055433244, -0.00101981137414, 0.000895912118722, 0.000590919167735], [-5.76807688049e-005, 0.000197710935026, 0.00194878620096, -0.00109987589531, 0.000909200578462, -0.00219875364564, 0.00059360684827, -1.95282864297e-005, -0.000578747596592, -0.000777972571086, -2.7733756724e-005, -0.00110922008753, -0.00117927836254], [-0.000516975414939, -0.000353874871507, -0.00109987589531, 0.00632303813472, -0.00301985046826, 0.00197176425718, -0.00191670609638, -0.000870326999575, 0.00115292926785, 0.000475810142234, -0.00082057074178, 0.00185704068281, -0.00141655560583], [0.000742459786125, -0.00090964831179, 0.000909200578462, -0.00301985046826, 0.00929864682257, -0.00591165246442, 0.00347954058088, -0.00389595120214, -0.00119110988453, 0.000854249927215, -0.000199395755772, -0.00137036386877, -3.11705007334e-005], [-0.00011459866073, 0.000132945759105, -0.00219875364564, 0.00197176425718, -0.00591165246442, 0.0150556191802, -0.00946758594364, 0.00542278820649, -0.00256349286065, 0.000710866239388, 0.000975192699116, -0.000186044970178, -0.000587972404901], [0.000118441166705, -0.000183316777111, 0.00059360684827, -0.00191670609638, 0.00347954058088, -0.00946758594364, 0.0182226095349, -0.00996351055801, 0.00690723257139, -0.00568274315447, 0.00100095104426, 0.00021159935568, 0.00204752874561], [-0.000176637404365, 0.00064682593802, -1.95282864297e-005, -0.000870326999575, -0.00389595120214, 0.00542278820649, -0.00996351055801, 0.0214958302677, -0.0126994783059, 0.00502292020246, -0.00188450026326, 0.000994142494164, 0.00035170049523], [0.000258668500464, -0.00115795398597, -0.000578747596592, 0.00115292926785, -0.00119110988453, -0.00256349286065, 0.00690723257139, -0.0126994783059, 0.0238802973181, -0.0109426090494, 0.00885104201734, -0.00520833581686, 0.00277529330924], [-0.00059108826099, 0.000767055433244, -0.000777972571086, 0.000475810142234, 0.000854249927215, 0.000710866239388, -0.00568274315447, 0.00502292020246, -0.0109426090494, 0.0202973484993, -0.0113987047225, 0.00600152369589, -0.00342326401733], [0.000201622882742, -0.00101981137414, -2.7733756724e-005, -0.00082057074178, -0.000199395755772, 0.000975192699116, 0.00100095104426, -0.00188450026326, 0.00885104201734, -0.0113987047225, 0.0243529323488, -0.0102862110361, 0.00639043003321], [-0.000106735948066, 0.000895912118722, -0.00110922008753, 0.00185704068281, -0.00137036386877, -0.000186044970178, 0.00021159935568, 0.000994142494164, -0.00520833581686, 0.00600152369589, -0.0102862110361, 0.0236950870603, -0.0100362459198], [-7.43434720789e-005, 0.000590919167735, -0.00117927836254, -0.00141655560583, -3.11705007334e-005, -0.000587972404901, 0.00204752874561, 0.00035170049523, 0.00277529330924, -0.00342326401733, 0.00639043003321, -0.0100362459198, 0.0255415309221]]
    },
    "spectral_contrast_coeffs": {
        "mean": [-0.659278452396, -0.714981615543, -0.76598739624, -0.775614798069, -0.75824713707, -0.747525572777],
        "var": [0.00552842533216, 0.00466706231236, 0.00479852873832, 0.00272949575447, 0.00292255776003, 0.00125139427837]
    },
    "spectral_contrast_valleys": {
        "mean": [-7.41965246201, -6.82238912582, -7.18464660645, -7.25026082993, -7.46373319626, -10.2813453674],
        "var": [2.34402179718, 1.85363960266, 1.11932647228, 0.799337148666, 1.52900731564, 2.44707298279]
    }
},
"metadata": {
    "audio_properties": {
        "analysis_sample_rate": 44100,
        "bit_rate": 128074,
        "equal_loudness": 0,
        "length": 45.0612258911,
        "lossless": 0,
        "replay_gain": -5.90249061584,
        "sample_rate": 44100,
        "codec": "mp3",
        "downmix": "mix",
        "md5_encoded": "f3debba911bcdd8f8520a70f7e524732"
    },
    "tags": {
        "file_name": "1254.mp3"
    },
    "version": {
        "essentia": "2.1-beta2",
        "essentia_git_sha": "v2.1_beta2",
        "extractor": "music 1.0"
    }
},
"rhythm": {
    "beats_count": 120,
    "beats_loudness": {
        "mean": 0.0273106992245,
        "var": 0.000153429762577
    },
    "bpm": 163.337753296,
    "bpm_histogram_first_peak_bpm": {
        "mean": 161,
        "var": 0
    },
    "bpm_histogram_first_peak_spread": {
        "mean": 0.0571428500116,
        "var": 0
    },
    "bpm_histogram_first_peak_weight": {
        "mean": 0.554621875286,
        "var": 0
    },
    "bpm_histogram_second_peak_bpm": {
        "mean": 167,
        "var": 0
    },
    "bpm_histogram_second_peak_spread": {
        "mean": 0,
        "var": 0
    },
    "bpm_histogram_second_peak_weight": {
        "mean": 0.302521020174,
        "var": 0
    },
    "danceability": 0.981842756271,
    "onset_rate": 3.08330178261,
    "beats_loudness_band_ratio": {
        "mean": [0.245386257768, 0.141240090132, 0.297137230635, 0.12841552496, 0.188101053238, 0.0509253852069],
        "var": [0.030662374571, 0.00909349508584, 0.0296629108489, 0.00762902991846, 0.028035948053, 0.00124108837917]
    },
    "beats_position": [0.371519267559, 0.743038535118, 1.11455774307, 1.48607707024, 1.84598636627, 2.20589566231, 2.57741498947, 2.93732428551, 3.29723358154, 3.66875267029, 4.04027223587, 4.40018129349, 4.76009082794, 5.10838985443, 5.47990942001, 5.85142850876, 6.2229475975, 6.6176867485, 6.98920631409, 7.36072540283, 7.73224496841, 8.10376358032, 8.47528362274, 8.83519268036, 9.19510173798, 9.56662082672, 9.92653083801, 10.2864398956, 10.6347389221, 11.0062580109, 11.3777770996, 11.749297142, 12.1208162308, 12.4923353195, 12.8638544083, 13.2237634659, 13.5836734772, 13.9435825348, 14.3151016235, 14.6750106812, 15.0465307236, 15.4064397812, 15.7779588699, 16.1378688812, 16.50938797, 16.8809070587, 17.2408161163, 17.6123352051, 17.995464325, 18.3669834137, 18.7268924713, 19.0868015289, 19.458322525, 19.8298416138, 20.2013607025, 20.549659729, 20.9211788177, 21.2926979065, 21.6642169952, 22.0473461151, 22.4188652039, 22.7787742615, 23.1386852264, 23.4985942841, 23.8701133728, 24.2416324615, 24.6131515503, 24.9730606079, 25.3329696655, 25.7044887543, 26.076007843, 26.435918808, 26.7958278656, 27.1673469543, 27.5388660431, 27.9103851318, 28.2702941895, 28.6302032471, 29.0017223358, 29.3732414246, 29.7447605133, 30.1046714783, 30.4645805359, 30.8360996246, 31.2076187134, 31.5791378021, 31.9506568909, 32.2989578247, 32.6704750061, 33.0303840637, 33.3902931213, 33.7618141174, 34.121723175, 34.4932403564, 34.8647613525, 35.2246704102, 35.5961914063, 35.9677085876, 36.3392295837, 36.7107467651, 37.059047699, 37.4189567566, 37.7788658142, 38.1503829956, 38.5219039917, 38.8934249878, 39.2649421692, 39.6480712891, 40.0312004089, 40.402721405, 40.7742385864, 41.1457595825, 41.5172767639, 41.9584579468, 42.3880271912, 42.8175964355, 43.2471656799, 43.6767349243, 44.1063041687, 44.5358734131]
},
"tonal": {
    "chords_changes_rate": 0.047325104475,
    "chords_number_rate": 0.00720164598897,
    "chords_strength": {
        "mean": 0.597867548466,
        "var": 0.0114567615092
    },
    "hpcp_entropy": {
        "mean": 2.29771590233,
        "var": 0.511837005615
    },
    "key_strength": 0.856027960777,
    "tuning_diatonic_strength": 0.766134381294,
    "tuning_equal_tempered_deviation": 0.120348326862,
    "tuning_frequency": 441.527557373,
    "tuning_nontempered_energy_ratio": 0.769230127335,
    "hpcp": {
        "mean": [0.39324554801, 0.264999717474, 0.152809768915, 0.176153212786, 0.163966119289, 0.113827422261, 0.107870653272, 0.102608077228, 0.10630915314, 0.118330352008, 0.119416862726, 0.139990106225, 0.175135120749, 0.222209259868, 0.378351390362, 0.442049562931, 0.281584948301, 0.150628089905, 0.116454154253, 0.109949730337, 0.16306206584, 0.221464633942, 0.18514893949, 0.167883247137, 0.147581085563, 0.0827913880348, 0.0671532824636, 0.0726621747017, 0.0887160301208, 0.138592809439, 0.156366944313, 0.118593782187, 0.118946172297, 0.18294210732, 0.259485393763, 0.355928450823],
        "var": [0.127957105637, 0.0765011012554, 0.0418952330947, 0.06361310184, 0.0628466680646, 0.0206835567951, 0.0233338475227, 0.0224467683583, 0.0289682019502, 0.0342378653586, 0.0336406752467, 0.0348385125399, 0.0515497140586, 0.0608715899289, 0.10853164643, 0.12575365603, 0.0744268223643, 0.0503865778446, 0.0387084558606, 0.0344547741115, 0.0476694703102, 0.0740095376968, 0.0473320372403, 0.0447468645871, 0.0368879586458, 0.0144828381017, 0.0119119174778, 0.014240774326, 0.0219294223934, 0.0461228713393, 0.0639048293233, 0.0359261743724, 0.0313597992063, 0.0582478158176, 0.0892882719636, 0.100969664752]
    },
    "chords_histogram": [33.3333320618, 0, 0.308641970158, 0, 0, 0, 0, 1.74897122383, 0, 26.0288066864, 13.0658435822, 3.60082316399, 0, 0, 0, 0, 0, 0, 0, 0, 0, 0, 20.267490387, 1.64609050751],
    "thpcp": [1, 0.636998593807, 0.340749323368, 0.263441383839, 0.248727157712, 0.368877351284, 0.50099503994, 0.418842047453, 0.379783779383, 0.33385643363, 0.187289834023, 0.151913464069, 0.164375633001, 0.200692489743, 0.313523232937, 0.353731691837, 0.268281638622, 0.269078820944, 0.413849771023, 0.587005198002, 0.805177688599, 0.889596045017, 0.599479675293, 0.345684707165, 0.398492008448, 0.370922476053, 0.257499217987, 0.244023889303, 0.232118949294, 0.240491479635, 0.267685711384, 0.270143598318, 0.316684186459, 0.396188884974, 0.502679526806, 0.855902671814],
    "chords_key": "D",
    "chords_scale": "minor",
    "key_key": "D",
    "key_scale": "minor"
}
}