{
"lowlevel": {
    "average_loudness": 0.943658411503,
    "barkbands_crest": {
        "mean": 9.5334815979,
        "var": 11.0284090042
    },
    "barkbands_flatness_db": {
        "mean": 0.11555480957,
        "var": 0.00102878652979
    },
    "barkbands_kurtosis": {
        "mean": 4.93556547165,
        "var": 21.9935684204
    },
    "barkbands_skewness": {
        "mean": 1.7591509819,
        "var": 0.789881587029
    },
    "barkbands_spread": {
        "mean": 18.5318546295,
        "var": 122.500030518
    },
    "dissonance": {
        "mean": 0.452546238899,
        "var": 0.000782559160143
    },
    "dynamic_complexity": 1.69312441349,
    "erbbands_crest": {
        "mean": 9.12226009369,
        "var": 19.6711101532
    },
    "erbbands_flatness_db": {
        "mean": 0.133769333363,
        "var": 0.00138418946881
    },
    "erbbands_kurtosis": {
        "mean": 0.848270356655,
        "var": 4.10268592834
    },
    "erbbands_skewness": {
        "mean": 0.746258497238,
        "var": 0.445698708296
    },
    "erbbands_spread": {
        "mean": 39.3273353577,
        "var": 385.044250488
    },
    "hfc": {
        "mean": 24.3010787964,
        "var": 222.735717773
    },
    "melbands_crest": {
        "mean": 13.1290512085,
        "var": 17.327205658
    },
    "melbands_flatness_db": {
        "mean": 0.192806601524,
        "var": 0.00154430489056
    },
    "melbands_kurtosis": {
        "mean": 12.4229812622,
        "var": 143.348999023
    },
    "melbands_skewness": {
        "mean": 2.49900102615,
        "var": 1.8411090374
    },
    "melbands_spread": {
        "mean": 17.2638339996,
        "var": 91.2157974243
    },
    "pitch_salience": {
        "mean": 0.587991774082,
        "var": 0.0105659002438
    },
    "silence_rate_20dB": {
        "mean": 1,
        "var": 0
    },
    "silence_rate_30dB": {
        "mean": 1,
        "var": 0
    },
    "silence_rate_60dB": {
        "mean": 0.00154479919001,
        "var": 0.00154241069686
    },
    "spectral_centroid": {
        "mean": 1008.37719727,
        "var": 144810.921875
    },
    "spectral_complexity": {
        "mean": 19.9263648987,
        "var": 38.0692253113
    },
    "spectral_decrease": {
        "mean": -8.65271410078e-009,
        "var": 1.99103746561e-017
    },
    "spectral_energy": {
        "mean": 0.0348615534604,
        "var": 0.000312149495585
    },
    "spectral_energyband_high": {
        "mean": 0.000791258818936,
        "var": 1.07122082227e-006
    },
    "spectral_energyband_low": {
        "mean": 0.00863165035844,
        "var": 0.000122291836306
    },
    "spectral_energyband_middle_high": {
        "mean": 0.00556697137654,
        "var": 2.69365045824e-005
    },
    "spectral_energyband_middle_low": {
        "mean": 0.0213693249971,
        "var": 0.000174802335096
    },
    "spectral_entropy": {
        "mean": 7.58413934708,
        "var": 0.0965799242258
    },
    "spectral_flux": {
        "mean": 0.0912871211767,
        "var": 0.00204353034496
    },
    "spectral_kurtosis": {
        "mean": 4.82964897156,
        "var": 4.42133378983
    },
    "spectral_rms": {
        "mean": 0.00565775949508,
        "var": 2.00096746994e-006
    },
    "spectral_rolloff": {
        "mean": 1099.81079102,
        "var": 1459029.875
    },
    "spectral_skewness": {
        "mean": 1.76292812824,
        "var": 0.127130702138
    },
    "spectral_spread": {
        "mean": 5176629.5,
        "var": 2.66415819981e+012
    },
    "spectral_strongpeak": {
        "mean": 1.36407053471,
        "var": 2.13806581497
    },
    "zerocrossingrate": {
        "mean": 0.0577434077859,
        "var": 0.000853205565363
    },
    "barkbands": {
        "mean": [5.72387907596e-005, 0.00314584327862, 0.0044446750544, 0.00202868226916, 0.00615350017324, 0.00325999967754, 0.00269640539773, 0.00249489187263, 0.0037713565398, 0.00157796032727, 0.000754872336984, 0.00051674770657, 0.000380321493139, 0.000983145902865, 0.000456798792584, 0.000415553164203, 0.000366283318726, 0.000200484631932, 0.000242184469244, 0.000204050869797, 0.000105800943857, 0.000121858465718, 0.000115272916446, 0.000140077579999, 8.9409040811e-005, 0.000126184459077, 1.19413862194e-005],
        "var": [1.79540133871e-008, 6.6008156864e-005, 2.44905768341e-005, 8.85288864083e-006, 5.16428881383e-005, 1.74829619937e-005, 1.02768381112e-005, 1.19965343401e-005, 4.65710436401e-005, 9.66599964158e-006, 2.69952920462e-006, 1.46555350966e-006, 7.76115086865e-007, 5.61487377126e-006, 5.76524598728e-007, 8.30869680613e-007, 4.87986710596e-007, 4.91851217532e-008, 7.79780506832e-008, 8.88226949769e-008, 1.30031754253e-008, 2.31160051101e-008, 4.13747507366e-008, 7.73071633375e-008, 3.10167926898e-008, 5.74170613277e-008, 6.10061834383e-010]
    },
    "erbbands": {
        "mean": [0.0606546141207, 0.869501531124, 4.64529848099, 6.22721242905, 15.6168384552, 21.1568241119, 22.0689945221, 24.852771759, 32.2288703918, 42.9184532166, 89.1423950195, 69.3623275757, 56.692035675, 33.5666694641, 22.1799736023, 23.382724762, 19.0883579254, 52.6122360229, 25.0904941559, 23.9513645172, 23.5179023743, 20.096616745, 12.4615440369, 11.0153808594, 13.0329675674, 9.03739643097, 5.20124387741, 3.83776378632, 3.99989962578, 4.59248018265, 3.0373044014, 3.24615621567, 1.90604627132, 1.01806223392, 0.640620827675, 0.347687572241, 0.252823621035, 0.0676730424166, 0.00154775124975, 7.89411278674e-005],
        "var": [0.0270278118551, 4.294028759, 29.0135097504, 43.5630722046, 416.777099609, 557.321105957, 644.801452637, 1646.15148926, 1517.25341797, 2498.93261719, 20799.5917969, 13926.8759766, 14370.5976563, 4721.04931641, 1419.81445313, 3261.68676758, 1290.4050293, 15848.4208984, 1546.83996582, 1319.54309082, 2420.33422852, 1730.03588867, 178.317565918, 186.966934204, 236.09324646, 212.298675537, 30.2074642181, 17.266210556, 23.6418495178, 41.4739952087, 36.8048210144, 43.8346939087, 15.1521968842, 4.30145311356, 1.75772726536, 0.687395691872, 0.233843743801, 0.0164803341031, 8.6573736553e-006, 6.2973568582e-009]
    },
    "gfcc": {
        "mean": [43.0499839783, 83.9712753296, -97.7313613892, 16.7750263214, -60.1124572754, 3.8022608757, -43.3990783691, 10.4813098907, -26.6178207397, 3.52073812485, -24.6862258911, -1.84510695934, -20.754611969],
        "cov": [[2064.53027344, -468.111206055, -28.7509918213, -80.0988235474, -20.7938404083, 108.175239563, -33.5075531006, -17.5890464783, -6.57460403442, 39.8146057129, -67.6051177979, 43.289894104, -93.8400878906], [-468.111206055, 613.689758301, -157.590545654, -14.9949293137, 14.643157959, -70.2243881226, 52.6161766052, 31.2838554382, 28.567779541, -24.2821578979, 33.1509361267, -57.4118652344, 61.6260452271], [-28.7509918213, -157.590545654, 325.636108398, 111.895866394, 10.2549858093, 17.3235397339, -14.2601194382, -12.195057869, -28.3172607422, 1.69620668888, 19.1067886353, 52.9521751404, -12.1808958054], [-80.0988235474, -14.9949293137, 111.895866394, 297.225219727, 29.7427787781, -25.3123455048, -23.523683548, -11.4643726349, 0.0523930937052, -13.4057445526, 19.8238182068, 40.5000152588, 21.9556407928], [-20.7938404083, 14.643157959, 10.2549858093, 29.7427787781, 140.964782715, 18.1053390503, 5.98180484772, 24.4233646393, 0.358315855265, 7.32758617401, -0.942305624485, 3.33716249466, 3.83980536461], [108.175239563, -70.2243881226, 17.3235397339, -25.3123455048, 18.1053390503, 117.709449768, 59.3279457092, 8.20375728607, 4.28510427475, 14.2947511673, 1.80050206184, -3.32657527924, -17.1920833588], [-33.5075531006, 52.6161766052, -14.2601194382, -23.523683548, 5.98180484772, 59.3279457092, 116.376686096, 45.2708435059, 16.6010303497, 7.30839204788, 8.0619468689, -6.1271905899, -7.48044204712], [-17.5890464783, 31.2838554382, -12.195057869, -11.4643726349, 24.4233646393, 8.20375728607, 45.2708435059, 89.4233322144, 39.4359855652, 7.72316169739, -2.37154603004, -1.2980505228, 6.80614376068], [-6.57460403442, 28.567779541, -28.3172607422, 0.0523930937052, 0.358315855265, 4.28510427475, 16.6010303497, 39.4359855652, 93.6981124878, 22.0495300293, -9.84745788574, -11.6025485992, 0.347273468971], [39.8146057129, -24.2821578979, 1.69620668888, -13.4057445526, 7.32758617401, 14.2947511673, 7.30839204788, 7.72316169739, 22.0495300293, 56.8251342773, 17.8976631165, -5.32992696762, -5.80464458466], [-67.6051177979, 33.1509361267, 19.1067886353, 19.8238182068, -0.942305624485, 1.80050206184, 8.0619468689, -2.37154603004, -9.84745788574, 17.8976631165, 65.4922485352, 25.7764701843, 0.486473888159], [43.289894104, -57.4118652344, 52.9521751404, 40.5000152588, 3.33716249466, -3.32657527924, -6.1271905899, -1.2980505228, -11.6025485992, -5.32992696762, 25.7764701843, 76.0462493896, 9.95296287537], [-93.8400878906, 61.6260452271, -12.1808958054, 21.9556407928, 3.83980536461, -17.1920833588, -7.48044204712, 6.80614376068, 0.347273468971, -5.80464458466, 0.486473888159, 9.95296287537, 54.9133872986]],
        "icov": [[0.000701133511029, 0.000221247450099, 0.000393909489503, -4.58581125713e-005, 0.000219800684135, -0.00067274220055, 0.000527732365299, -0.000301242660498, 0.000334054609993, -0.000770118145738, 0.00110080745071, -0.000994030851871, 0.00102570152376], [0.000221247450099, 0.00371346995234, 0.000871323980391, 0.000245651346631, -0.00107356184162, 0.00287659000605, -0.00300468620844, 0.00109875795897, -0.00158737879246, 0.00303416792303, -0.00417992146686, 0.00374482618645, -0.00357503956184], [0.000393909489503, 0.000871323980391, 0.00459806108847, -0.00154501490761, 0.000224047747906, -0.00088682747446, 0.000505098956637, -0.000695021764841, 0.00135774316732, -0.000845358241349, 0.000285593298031, -0.00210717180744, 0.00147606572136], [-4.58581125713e-005, 0.000245651346631, -0.00154501490761, 0.00461520487443, -0.00134760141373, 0.00128181069158, -0.000436992559116, 0.00149842875544, -0.00184420857113, 0.00200040941127, -0.00173252355307, -0.000358660152415, -0.00198826799169], [0.000219800684135, -0.00107356184162, 0.000224047747906, -0.00134760141373, 0.00867476686835, -0.00322229764424, 0.00273909280077, -0.00410275533795, 0.00250691734254, -0.002852702979, 0.00263063190505, -0.00163608288858, 0.00139096879866], [-0.00067274220055, 0.00287659000605, -0.00088682747446, 0.00128181069158, -0.00322229764424, 0.0167737845331, -0.0111001878977, 0.00486018881202, -0.00213109073229, 0.000965619285125, -0.0032679818105, 0.00369807751849, -0.00225053331815], [0.000527732365299, -0.00300468620844, 0.000505098956637, -0.000436992559116, 0.00273909280077, -0.0111001878977, 0.0191276017576, -0.00954892486334, 0.00243154517375, -0.00170683558099, 0.00161771010607, -0.00286579225212, 0.00499225966632], [-0.000301242660498, 0.00109875795897, -0.000695021764841, 0.00149842875544, -0.00410275533795, 0.00486018881202, -0.00954892486334, 0.0200147256255, -0.00804083608091, 0.00204074662179, -0.00138106266968, 0.00059949507704, -0.00430396245793], [0.000334054609993, -0.00158737879246, 0.00135774316732, -0.00184420857113, 0.00250691734254, -0.00213109073229, 0.00243154517375, -0.00804083608091, 0.0171880610287, -0.00906501244754, 0.00671822531149, -0.00219854782335, 0.0031482076738], [-0.000770118145738, 0.00303416792303, -0.000845358241349, 0.00200040941127, -0.002852702979, 0.000965619285125, -0.00170683558099, 0.00204074662179, -0.00906501244754, 0.0286294277757, -0.0149954203516, 0.00855024717748, -0.00402534985915], [0.00110080745071, -0.00417992146686, 0.000285593298031, -0.00173252355307, 0.00263063190505, -0.0032679818105, 0.00161771010607, -0.00138106266968, 0.00671822531149, -0.0149954203516, 0.0294712055475, -0.0141668319702, 0.00719158956781], [-0.000994030851871, 0.00374482618645, -0.00210717180744, -0.000358660152415, -0.00163608288858, 0.00369807751849, -0.00286579225212, 0.00059949507704, -0.00219854782335, 0.00855024717748, -0.0141668319702, 0.0244320183992, -0.00880283862352], [0.00102570152376, -0.00357503956184, 0.00147606572136, -0.00198826799169, 0.00139096879866, -0.00225053331815, 0.00499225966632, -0.00430396245793, 0.0031482076738, -0.00402534985915, 0.00719158956781, -0.00880283862352, 0.0265957564116]]
    },
    "melbands": {
        "mean": [0.000709167739842, 0.00200597709045, 0.00130921241362, 0.00148678442929, 0.000759023649152, 0.000584550725762, 0.000519042660017, 0.0004396038712, 0.000865042733494, 0.000394409027649, 0.000273974030279, 0.000130740125314, 8.10399724287e-005, 5.81012754992e-005, 5.16035725013e-005, 3.98398988182e-005, 0.000111588902655, 3.79633565899e-005, 3.81582212867e-005, 3.10432478727e-005, 2.50399225479e-005, 2.28890603466e-005, 1.33952644319e-005, 8.85919507709e-006, 8.76687136042e-006, 9.72532598098e-006, 9.00020131667e-006, 5.18652768733e-006, 3.3492451621e-006, 2.60613524006e-006, 2.09507538784e-006, 2.08582900996e-006, 2.66255460701e-006, 2.52931340583e-006, 1.77122615241e-006, 1.62770481893e-006, 2.17801698454e-006, 1.52751374571e-006, 8.89947898486e-007, 8.35010212086e-007],
        "var": [3.58722013516e-006, 7.05926640876e-006, 1.58436671427e-006, 3.34426385962e-006, 6.08211507824e-007, 7.10625783995e-007, 3.74577098228e-007, 2.85393923605e-007, 2.31391391026e-006, 4.78659501368e-007, 3.56090083642e-007, 7.26750570834e-008, 2.65176893777e-008, 1.66448792527e-008, 1.1081694673e-008, 1.04502460019e-008, 7.99021506737e-008, 4.73839723014e-009, 4.1250292071e-009, 4.00188504557e-009, 2.8641711225e-009, 2.80384693241e-009, 2.67130068066e-010, 1.19755996786e-010, 1.50085360806e-010, 1.46122655642e-010, 1.9773395421e-010, 1.04535817502e-010, 1.35980072688e-011, 9.43418867333e-012, 5.72774683585e-012, 6.76734666569e-012, 1.32871309441e-011, 1.3491870815e-011, 1.26083032903e-011, 1.42965882188e-011, 2.03843400493e-011, 9.70183135218e-012, 3.64259967675e-012, 3.13557708444e-012]
    },
    "mfcc": {
        "mean": [-609.541625977, 126.614364624, 10.5227708817, 17.4712677002, 1.97773182392, -4.780418396, -6.6106762886, -0.458170384169, -3.09398627281, 5.20838546753, -2.75389528275, -5.15664577484, -2.81155562401],
        "cov": [[1355.67785645, -312.502716064, -67.1455001831, -131.315841675, -8.78162288666, 75.6377639771, -40.9854812622, 10.3181409836, 0.521835565567, 15.9709291458, 33.6216201782, 9.20546150208, -33.9144020081], [-312.502716064, 523.723632813, -145.097213745, -25.4662342072, -42.6444206238, -69.0769805908, 26.9747543335, 0.235770910978, 30.3683185577, 36.0760650635, 12.0387964249, -28.3709774017, 14.7691221237], [-67.1455001831, -145.097213745, 279.514587402, 72.1135482788, 11.2357292175, 34.7301712036, 7.32507276535, 8.09688663483, -30.0316638947, -39.2477264404, -15.1443920135, 24.4733695984, 15.9775009155], [-131.315841675, -25.4662342072, 72.1135482788, 245.413146973, 73.7610473633, -0.288152992725, -12.5523777008, 4.0478348732, -2.54194951057, -44.1228561401, -38.5065116882, 20.5776176453, 44.4975852966], [-8.78162288666, -42.6444206238, 11.2357292175, 73.7610473633, 129.900634766, 12.6358566284, -5.72772216797, -5.49937009811, -2.58311319351, -9.9988451004, -19.7957954407, 6.96439123154, 8.81373023987], [75.6377639771, -69.0769805908, 34.7301712036, -0.288152992725, 12.6358566284, 97.153427124, 26.7728023529, 10.2652053833, -9.74230289459, 2.01512312889, 15.2641382217, -0.888990998268, -9.34681129456], [-40.9854812622, 26.9747543335, 7.32507276535, -12.5523777008, -5.72772216797, 26.7728023529, 108.106559753, 27.5134372711, -6.2019071579, 3.81331133842, 11.7000989914, 4.98917388916, -8.76321983337], [10.3181409836, 0.235770910978, 8.09688663483, 4.0478348732, -5.49937009811, 10.2652053833, 27.5134372711, 87.524810791, 29.7876243591, 2.3194899559, 10.0563182831, 4.8471865654, 13.9545793533], [0.521835565567, 30.3683185577, -30.0316638947, -2.54194951057, -2.58311319351, -9.74230289459, -6.2019071579, 29.7876243591, 89.1862487793, 47.1201286316, 4.57628107071, -8.7878408432, 1.76628196239], [15.9709291458, 36.0760650635, -39.2477264404, -44.1228561401, -9.9988451004, 2.01512312889, 3.81331133842, 2.3194899559, 47.1201286316, 97.8748245239, 36.3393211365, -13.0102920532, -23.1393432617], [33.6216201782, 12.0387964249, -15.1443920135, -38.5065116882, -19.7957954407, 15.2641382217, 11.7000989914, 10.0563182831, 4.57628107071, 36.3393211365, 71.8254776001, 15.2747850418, -9.293384552], [9.20546150208, -28.3709774017, 24.4733695984, 20.5776176453, 6.96439123154, -0.888990998268, 4.98917388916, 4.8471865654, -8.7878408432, -13.0102920532, 15.2747850418, 69.0379867554, 27.0159397125], [-33.9144020081, 14.7691221237, 15.9775009155, 44.4975852966, 8.81373023987, -9.34681129456, -8.76321983337, 13.9545793533, 1.76628196239, -23.1393432617, -9.293384552, 27.0159397125, 73.453704834]],
        "icov": [[0.00102067203261, 0.000672855880111, 0.000557067454793, 0.000474139727885, 4.0317314415e-005, -0.000611201277934, 0.000470220198622, -0.000241010464379, -3.41031882272e-005, 5.95541423536e-005, -9.98776013148e-005, -0.000210632861126, 3.1252453482e-005], [0.000672855880111, 0.00319280312397, 0.00150147767272, -7.66065422795e-005, 0.00070668378612, 0.00138149620034, -0.00113185693044, 0.000333384377882, -0.000181157345651, -0.000421695760451, -0.000785879034083, 0.00135462696198, -0.00144500704482], [0.000557067454793, 0.00150147767272, 0.00518363295123, -0.00110748049337, 0.00100578262936, -0.00128917873371, -0.000105474209704, -0.00061556044966, 0.0011007146677, 0.000122513782117, 0.000673507747706, -0.000921734201256, -0.000245346513111], [0.000474139727885, -7.66065422795e-005, -0.00110748049337, 0.00652192998677, -0.00306037673727, -0.000333389732987, 0.000537752814125, 1.50174955706e-005, -0.00120107072871, 0.00161080644466, 0.00132381729782, -0.000689362117555, -0.00213226489723], [4.0317314415e-005, 0.00070668378612, 0.00100578262936, -0.00306037673727, 0.0100666219369, -0.00156555976719, 0.000120222561236, 0.000421233387897, 0.000511078746058, -0.00141583953518, 0.00241258344613, -0.00107948679943, 0.000282868597424], [-0.000611201277934, 0.00138149620034, -0.00128917873371, -0.000333389732987, -0.00156555976719, 0.0142006026581, -0.00366409029812, -0.000469598948257, 0.00100643443875, -7.33483102522e-005, -0.00380237400532, 0.00279458193108, 1.31160704768e-005], [0.000470220198622, -0.00113185693044, -0.000105474209704, 0.000537752814125, 0.000120222561236, -0.00366409029812, 0.0123166805133, -0.00476043485105, 0.00262579042464, -0.00102926662657, 0.00090143410489, -0.00235310988501, 0.0026271129027], [-0.000241010464379, 0.000333384377882, -0.00061556044966, 1.50174955706e-005, 0.000421233387897, -0.000469598948257, -0.00476043485105, 0.0166000165045, -0.00803677737713, 0.0041675362736, -0.00373305054381, 0.00142167881131, -0.00337446434423], [-3.41031882272e-005, -0.000181157345651, 0.0011007146677, -0.00120107072871, 0.000511078746058, 0.00100643443875, 0.00262579042464, -0.00803677737713, 0.0206988099962, -0.0119522344321, 0.00481651118025, 4.07510415243e-005, -0.00125284807291], [5.95541423536e-005, -0.000421695760451, 0.000122513782117, 0.00161080644466, -0.00141583953518, -7.33483102522e-005, -0.00102926662657, 0.0041675362736, -0.0119522344321, 0.0215940065682, -0.0102146882564, 0.00280535849743, 0.00312161818147], [-9.98776013148e-005, -0.000785879034083, 0.000673507747706, 0.00132381729782, 0.00241258344613, -0.00380237400532, 0.00090143410489, -0.00373305054381, 0.00481651118025, -0.0102146882564, 0.0236902330071, -0.00835178140551, 0.00194225262385], [-0.000210632861126, 0.00135462696198, -0.000921734201256, -0.000689362117555, -0.00107948679943, 0.00279458193108, -0.00235310988501, 0.00142167881131, 4.07510415243e-005, 0.00280535849743, -0.00835178140551, 0.0212541278452, -0.00780828669667], [3.1252453482e-005, -0.00144500704482, -0.000245346513111, -0.00213226489723, 0.000282868597424, 1.31160704768e-005, 0.0026271129027, -0.00337446434423, -0.00125284807291, 0.00312161818147, 0.00194225262385, -0.00780828669667, 0.020317370072]]
    },
    "spectral_contrast_coeffs": {
        "mean": [-0.586559057236, -0.706599652767, -0.758520007133, -0.775889158249, -0.794334053993, -0.780081927776],
        "var": [0.00514518190175, 0.00419913744554, 0.00374514679424, 0.00271096010692, 0.00101168639958, 0.000783336232416]
    },
    "spectral_contrast_valleys": {
        "mean": [-7.07962608337, -6.07428264618, -7.03453922272, -7.41536045074, -7.33141088486, -9.73432445526],
        "var": [0.452569007874, 0.412491738796, 0.413817554712, 0.408544421196, 0.367490798235, 0.533600211143]
    }
},
"metadata": {
    "audio_properties": {
        "analysis_sample_rate": 44100,
        "bit_rate": 128074,
        "equal_loudness": 0,
        "length": 45.0612258911,
        "lossless": 0,
        "replay_gain": -5.09026908875,
        "sample_rate": 44100,
        "codec": "mp3",
        "downmix": "mix",
        "md5_encoded": "be27029bd2c0e9ebf9134fdcb7cbee7d"
    },
    "tags": {
        "file_name": "1256.mp3"
    },
    "version": {
        "essentia": "2.1-beta2",
        "essentia_git_sha": "v2.1_beta2",
        "extractor": "music 1.0"
    }
},
"rhythm": {
    "beats_count": 99,
    "beats_loudness": {
        "mean": 0.0466204285622,
        "var": 0.000210380268982
    },
    "bpm": 132.834960938,
    "bpm_histogram_first_peak_bpm": {
        "mean": 133,
        "var": 0
    },
    "bpm_histogram_first_peak_spread": {
        "mean": 0.421052634716,
        "var": 0
    },
    "bpm_histogram_first_peak_weight": {
        "mean": 0.561224460602,
        "var": 0
    },
    "bpm_histogram_second_peak_bpm": {
        "mean": 120,
        "var": 0
    },
    "bpm_histogram_second_peak_spread": {
        "mean": 0,
        "var": 0
    },
    "bpm_histogram_second_peak_weight": {
        "mean": 0.0102040814236,
        "var": 0
    },
    "danceability": 1.19588315487,
    "onset_rate": 2.92802762985,
    "beats_loudness_band_ratio": {
        "mean": [0.409786462784, 0.301210612059, 0.224510103464, 0.0853517502546, 0.0506927445531, 0.0465630553663],
        "var": [0.0377472639084, 0.0349155031145, 0.0256555341184, 0.0062648402527, 0.00217656767927, 0.000927242392208]
    },
    "beats_position": [0.487619042397, 0.986848056316, 1.46285712719, 1.92725622654, 2.39165520668, 2.8444442749, 3.28562355042, 3.72680258751, 4.17959165573, 4.63238096237, 5.08516979218, 5.53795909882, 5.99074840546, 6.44353723526, 6.8963265419, 7.3491153717, 7.80190467834, 8.24308395386, 8.68426322937, 9.13705158234, 9.57823085785, 10.0310201645, 10.4954195023, 10.95981884, 11.412607193, 11.8653964996, 12.3065757751, 12.7709751129, 13.235373497, 13.6765527725, 14.1293420792, 14.5821313858, 15.0465307236, 15.4993190765, 15.9521083832, 16.4048976898, 16.8576869965, 17.298866272, 17.7400455475, 18.1928348541, 18.6456241608, 19.0868015289, 19.5512008667, 20.0039901733, 20.45677948, 20.8979587555, 21.3623580933, 21.8151473999, 22.2679367065, 22.7207260132, 23.1735134125, 23.614692688, 24.0558719635, 24.497051239, 24.9266204834, 25.37940979, 25.8438091278, 26.2965984344, 26.7493877411, 27.2137870789, 27.6665763855, 28.1193637848, 28.5721530914, 29.0249423981, 29.4661216736, 29.9189109802, 30.3717002869, 30.8128795624, 31.2540588379, 31.7184581757, 32.1596374512, 32.6124267578, 33.0652160645, 33.5180053711, 33.9707946777, 34.4351921082, 34.8763694763, 35.329158783, 35.7819480896, 36.2231292725, 36.6643066406, 37.1054878235, 37.5582771301, 38.0110664368, 38.4638557434, 38.9282531738, 39.3810424805, 39.8338317871, 40.2866210938, 40.7394104004, 41.192199707, 41.6333770752, 42.0861663818, 42.5389556885, 42.9801368713, 43.4445343018, 43.9089317322, 44.3617210388, 44.8145103455]
},
"tonal": {
    "chords_changes_rate": 0.0329218097031,
    "chords_number_rate": 0.00617283955216,
    "chords_strength": {
        "mean": 0.587209641933,
        "var": 0.00759569229558
    },
    "hpcp_entropy": {
        "mean": 1.70691084862,
        "var": 0.491202324629
    },
    "key_strength": 0.828967571259,
    "tuning_diatonic_strength": 0.654225587845,
    "tuning_equal_tempered_deviation": 0.0103862313554,
    "tuning_frequency": 440.254241943,
    "tuning_nontempered_energy_ratio": 0.653381645679,
    "hpcp": {
        "mean": [0.0559755451977, 0.0646285712719, 0.222980290651, 0.415750920773, 0.273604661226, 0.0649261623621, 0.0416477248073, 0.0519836880267, 0.103648707271, 0.144374907017, 0.0966703370214, 0.0429805070162, 0.0352589674294, 0.0355246216059, 0.0688076689839, 0.107122011483, 0.0998560041189, 0.217100322247, 0.375025898218, 0.252949267626, 0.0731525197625, 0.0373669676483, 0.0408421158791, 0.0932755246758, 0.130495637655, 0.0878440886736, 0.0517045259476, 0.0472768768668, 0.0461494289339, 0.108167745173, 0.176146179438, 0.148858353496, 0.211136132479, 0.304679900408, 0.19327121973, 0.0715632364154],
        "var": [0.0179466195405, 0.0195757746696, 0.0565885528922, 0.161261424422, 0.0802374184132, 0.0147074237466, 0.0133308609948, 0.0155208185315, 0.0256544295698, 0.0444022379816, 0.0231755748391, 0.00858605373651, 0.0107502769679, 0.0102807460353, 0.0169514361769, 0.0330234877765, 0.0259477812797, 0.0574090443552, 0.144484683871, 0.0742623135448, 0.023084545508, 0.00995637662709, 0.0107577349991, 0.0300003923476, 0.0463432706892, 0.0230783969164, 0.0179323256016, 0.0201694071293, 0.0161524098366, 0.0364057049155, 0.0814500302076, 0.0469273626804, 0.0773515850306, 0.152919277549, 0.0759101882577, 0.0200846660882]
    },
    "chords_histogram": [24.0740737915, 3.60082316399, 27.5720157623, 0, 0, 0, 0, 0, 0, 0, 0, 0, 0, 0, 0, 0, 0, 0, 0, 0, 0, 2.26337456703, 35.6995887756, 6.79012346268],
    "thpcp": [1, 0.658097565174, 0.156166017056, 0.100174702704, 0.125035658479, 0.249304816127, 0.347262978554, 0.232519835234, 0.103380426764, 0.0848079100251, 0.0854468867183, 0.165502145886, 0.257659107447, 0.24018228054, 0.522188425064, 0.902044653893, 0.608415424824, 0.175952747464, 0.0898782536387, 0.0982369855046, 0.224354341626, 0.313879370689, 0.211290180683, 0.124364189804, 0.113714426756, 0.111002586782, 0.260174393654, 0.423682004213, 0.35804694891, 0.507842838764, 0.732842385769, 0.46487262845, 0.172130078077, 0.134637206793, 0.155450224876, 0.536331415176],
    "chords_key": "G#",
    "chords_scale": "major",
    "key_key": "D#",
    "key_scale": "major"
}
}