{
"lowlevel": {
    "average_loudness": 0.961961150169,
    "barkbands_crest": {
        "mean": 10.9715223312,
        "var": 14.0892133713
    },
    "barkbands_flatness_db": {
        "mean": 0.188227772713,
        "var": 0.00230112927966
    },
    "barkbands_kurtosis": {
        "mean": 3.61794519424,
        "var": 27.6210231781
    },
    "barkbands_skewness": {
        "mean": 1.32981216908,
        "var": 0.818904519081
    },
    "barkbands_spread": {
        "mean": 12.096323967,
        "var": 31.7495155334
    },
    "dissonance": {
        "mean": 0.416798949242,
        "var": 0.00196792394854
    },
    "dynamic_complexity": 1.86773490906,
    "erbbands_crest": {
        "mean": 12.4170608521,
        "var": 32.9761962891
    },
    "erbbands_flatness_db": {
        "mean": 0.207461774349,
        "var": 0.00154869770631
    },
    "erbbands_kurtosis": {
        "mean": 1.4328763485,
        "var": 10.2236528397
    },
    "erbbands_skewness": {
        "mean": 0.736172497272,
        "var": 0.530472278595
    },
    "erbbands_spread": {
        "mean": 22.4002285004,
        "var": 80.2231063843
    },
    "hfc": {
        "mean": 18.149515152,
        "var": 94.0375289917
    },
    "melbands_crest": {
        "mean": 14.8496437073,
        "var": 28.579284668
    },
    "melbands_flatness_db": {
        "mean": 0.272669643164,
        "var": 0.00389424129389
    },
    "melbands_kurtosis": {
        "mean": 7.15589761734,
        "var": 105.45451355
    },
    "melbands_skewness": {
        "mean": 1.79848110676,
        "var": 1.42046272755
    },
    "melbands_spread": {
        "mean": 14.5342607498,
        "var": 75.5800857544
    },
    "pitch_salience": {
        "mean": 0.466505855322,
        "var": 0.0103110326454
    },
    "silence_rate_20dB": {
        "mean": 1,
        "var": 0
    },
    "silence_rate_30dB": {
        "mean": 0.987647950649,
        "var": 0.012199472636
    },
    "silence_rate_60dB": {
        "mean": 0.00257334019989,
        "var": 0.0025667718146
    },
    "spectral_centroid": {
        "mean": 794.929260254,
        "var": 180701.171875
    },
    "spectral_complexity": {
        "mean": 15.6181163788,
        "var": 22.3915157318
    },
    "spectral_decrease": {
        "mean": -1.00747223897e-008,
        "var": 2.9942667625e-017
    },
    "spectral_energy": {
        "mean": 0.0396705158055,
        "var": 0.000447688711574
    },
    "spectral_energyband_high": {
        "mean": 0.000108263084257,
        "var": 1.02464170482e-008
    },
    "spectral_energyband_low": {
        "mean": 0.0145270023495,
        "var": 0.000308749877149
    },
    "spectral_energyband_middle_high": {
        "mean": 0.00527488160878,
        "var": 2.47436619247e-005
    },
    "spectral_energyband_middle_low": {
        "mean": 0.0204353667796,
        "var": 0.000175303008291
    },
    "spectral_entropy": {
        "mean": 6.74272441864,
        "var": 0.150593131781
    },
    "spectral_flux": {
        "mean": 0.0636261031032,
        "var": 0.0005662101903
    },
    "spectral_kurtosis": {
        "mean": 11.6185979843,
        "var": 37.0860023499
    },
    "spectral_rms": {
        "mean": 0.00599530385807,
        "var": 2.75931029137e-006
    },
    "spectral_rolloff": {
        "mean": 834.195739746,
        "var": 874607.375
    },
    "spectral_skewness": {
        "mean": 2.49770522118,
        "var": 0.348621159792
    },
    "spectral_spread": {
        "mean": 3008703.5,
        "var": 2.43429015552e+012
    },
    "spectral_strongpeak": {
        "mean": 1.39021992683,
        "var": 1.33214426041
    },
    "zerocrossingrate": {
        "mean": 0.033974122256,
        "var": 0.000631537928712
    },
    "barkbands": {
        "mean": [0.000107015686808, 0.00989066436887, 0.00410942966118, 0.00104937539436, 0.00365154980682, 0.00385277136229, 0.00499791419134, 0.00401336420327, 0.00237321690656, 0.00132317317184, 0.00109330413397, 0.000662474136334, 0.000480439863168, 0.000575687095989, 0.000437109323684, 0.000459904083982, 0.000245354924118, 0.000120888820675, 7.83407813287e-005, 6.28035486443e-005, 2.57527026406e-005, 1.36490652949e-005, 1.9465061996e-005, 1.19174237625e-005, 8.70643452799e-006, 6.00817975283e-006, 3.22294340549e-007],
        "var": [3.09085699257e-008, 0.000137052527862, 4.30279760621e-005, 1.97701160687e-006, 2.79306932498e-005, 3.4897318983e-005, 5.89877927268e-005, 3.93414593418e-005, 9.99355597742e-006, 1.4957266103e-005, 4.61047056888e-006, 9.27773555759e-007, 6.52617472952e-007, 7.21162109585e-007, 4.98933104609e-007, 5.139206678e-007, 1.01111794493e-007, 3.92766494883e-008, 1.29948745098e-008, 8.9959657501e-009, 1.4545621374e-009, 3.62240820673e-010, 9.18811027262e-010, 3.29711979941e-010, 3.03705866012e-010, 1.55894033793e-010, 7.59043381534e-013]
    },
    "erbbands": {
        "mean": [0.163401469588, 2.55618786812, 6.38686943054, 2.89549899101, 8.65030002594, 12.159825325, 17.1404628754, 35.6562080383, 40.4175109863, 116.03629303, 82.5772628784, 54.9262771606, 45.5463256836, 44.6394958496, 36.4695053101, 27.4926395416, 24.9795913696, 26.8537902832, 17.4932689667, 28.6589202881, 27.7509670258, 14.6805448532, 7.80053806305, 5.36938667297, 3.26894688606, 3.18046665192, 1.35366475582, 0.717394948006, 0.512351870537, 0.354371845722, 0.463954567909, 0.358790934086, 0.212136372924, 0.114481396973, 0.0652684494853, 0.0385792218149, 0.00655256491154, 0.00124945142306, 5.6896093156e-005, 4.59067668999e-005],
        "var": [0.0464654862881, 10.8839168549, 105.931541443, 9.68699550629, 176.826812744, 480.559265137, 760.08416748, 3599.12866211, 2953.76806641, 30331.4082031, 14271.6806641, 7033.97558594, 11600.5439453, 12625.8798828, 3637.05908203, 1515.20373535, 1337.06018066, 1584.45983887, 514.792297363, 2200.6081543, 2275.01342773, 278.807220459, 134.628463745, 63.7230682373, 21.4128112793, 24.8440914154, 3.27890205383, 1.51580023766, 0.384489893913, 0.342453837395, 0.506326973438, 0.44636502862, 0.130502432585, 0.0432732030749, 0.0217553749681, 0.00729326810688, 0.000183270676644, 6.07082665738e-006, 6.85417145263e-009, 5.3498189212e-010]
    },
    "gfcc": {
        "mean": [-13.670126915, 137.158905029, -119.225250244, 10.6713562012, -48.0402870178, 8.8856010437, -34.2236366272, 14.963218689, -9.1488571167, 4.93394613266, -9.70446586609, -3.48687672615, -9.13694190979],
        "cov": [[3741.40307617, 57.9357719421, -550.718566895, 58.8446426392, -217.605789185, -64.1333618164, -231.507766724, 15.1127576828, -195.487854004, -24.7472076416, -81.0118560791, 94.1155471802, 53.2917709351], [57.9357719421, 804.526977539, 11.5740756989, 56.0673789978, 185.361419678, -107.951705933, 157.510681152, -104.851356506, 114.528450012, -69.8445968628, 88.7270889282, -96.501701355, 22.6526832581], [-550.718566895, 11.5740756989, 584.234863281, 91.206993103, 107.677124023, 147.195266724, 28.2382907867, 75.893913269, 17.2897987366, 29.0105018616, -18.536113739, -11.0037593842, -26.3883285522], [58.8446426392, 56.0673789978, 91.206993103, 253.483657837, 105.253494263, 51.5208015442, 50.6893234253, -18.2110614777, 9.13007259369, -43.6246604919, -17.0705757141, -29.5657272339, 13.578166008], [-217.605789185, 185.361419678, 107.677124023, 105.253494263, 198.84362793, 49.9930152893, 77.7246322632, -14.3952484131, 28.4978599548, -18.8928813934, 7.68394422531, -35.7925682068, -8.2611541748], [-64.1333618164, -107.951705933, 147.195266724, 51.5208015442, 49.9930152893, 185.280685425, 52.730304718, 68.8806228638, 8.25461292267, 13.8525934219, -8.89156150818, -11.0611286163, -15.8958501816], [-231.507766724, 157.510681152, 28.2382907867, 50.6893234253, 77.7246322632, 52.730304718, 185.674697876, 29.9898605347, 81.1921691895, -15.7813196182, 29.1511363983, -49.3953094482, -11.396402359], [15.1127576828, -104.851356506, 75.893913269, -18.2110614777, -14.3952484131, 68.8806228638, 29.9898605347, 133.528549194, 39.7216377258, 42.9389076233, -9.1796913147, -0.330675810575, -17.7584705353], [-195.487854004, 114.528450012, 17.2897987366, 9.13007259369, 28.4978599548, 8.25461292267, 81.1921691895, 39.7216377258, 167.378494263, 39.2702903748, 36.1210212708, -41.2289085388, -36.4689064026], [-24.7472076416, -69.8445968628, 29.0105018616, -43.6246604919, -18.8928813934, 13.8525934219, -15.7813196182, 42.9389076233, 39.2702903748, 127.393875122, 31.5490283966, 17.2272052765, -26.6014003754], [-81.0118560791, 88.7270889282, -18.536113739, -17.0705757141, 7.68394422531, -8.89156150818, 29.1511363983, -9.1796913147, 36.1210212708, 31.5490283966, 101.789344788, 9.5847826004, -0.00958869885653], [94.1155471802, -96.501701355, -11.0037593842, -29.5657272339, -35.7925682068, -11.0611286163, -49.3953094482, -0.330675810575, -41.2289085388, 17.2272052765, 9.5847826004, 104.745201111, 31.4437179565], [53.2917709351, 22.6526832581, -26.3883285522, 13.578166008, -8.2611541748, -15.8958501816, -11.396402359, -17.7584705353, -36.4689064026, -26.6014003754, -0.00958869885653, 31.4437179565, 92.5512390137]],
        "icov": [[0.000689527369104, -0.00132051692344, 0.00107530073728, -0.0011365483515, 0.00134250079282, -0.00124293903355, 0.00129430822562, -0.00137423491105, 0.00107101001777, -0.000523694616277, 0.000869296665769, -0.000917979050428, 0.000785019132309], [-0.00132051692344, 0.00603760406375, -0.00272310036235, 0.00306149781682, -0.00523106241599, 0.00513531640172, -0.00402711285278, 0.00415649451315, -0.00345388636924, 0.00230865646154, -0.00376915279776, 0.0037629052531, -0.00320244976319], [0.00107530073728, -0.00272310036235, 0.00423484342173, -0.00233460124582, 0.00145373085979, -0.00379525334574, 0.00298762111925, -0.00329720485024, 0.00189925986342, -0.00135934993159, 0.00194614159409, -0.00195127166808, 0.00183124118485], [-0.0011365483515, 0.00306149781682, -0.00233460124582, 0.00784545950592, -0.00507746683434, 0.00158600637224, -0.00269418163225, 0.00380055047572, -0.00276632024907, 0.00227535772137, -0.00100661092438, 0.00250964635052, -0.0029836629983], [0.00134250079282, -0.00523106241599, 0.00145373085979, -0.00507746683434, 0.0129746897146, -0.00529670156538, 0.00108952866867, -0.00146982260048, 0.00308719463646, -0.00221534562297, 0.00298958295025, -0.0025850336533, 0.00322556309402], [-0.00124293903355, 0.00513531640172, -0.00379525334574, 0.00158600637224, -0.00529670156538, 0.0135085368529, -0.00559294177219, -0.000374901777832, -0.000895454664715, 0.0014303359203, -0.0031611835584, 0.00310678849928, -0.00176687666681], [0.00129430822562, -0.00402711285278, 0.00298762111925, -0.00269418163225, 0.00108952866867, -0.00559294177219, 0.0133032919839, -0.0053275343962, -0.00103878602386, 0.00134942983277, -0.000251245161053, -0.000283949804725, 0.00131500849966], [-0.00137423491105, 0.00415649451315, -0.00329720485024, 0.00380055047572, -0.00146982260048, -0.000374901777832, -0.0053275343962, 0.0162913575768, -0.00522041600198, -0.00155260669999, 0.00056711002253, 0.00169551116414, -0.00252867094241], [0.00107101001777, -0.00345388636924, 0.00189925986342, -0.00276632024907, 0.00308719463646, -0.000895454664715, -0.00103878602386, -0.00522041600198, 0.0126420864835, -0.00397253362462, -1.04314631244e-005, 0.000173228399944, 0.00394904986024], [-0.000523694616277, 0.00230865646154, -0.00135934993159, 0.00227535772137, -0.00221534562297, 0.0014303359203, 0.00134942983277, -0.00155260669999, -0.00397253362462, 0.0131575800478, -0.00514756515622, -0.000532870821189, 0.00132822839078], [0.000869296665769, -0.00376915279776, 0.00194614159409, -0.00100661092438, 0.00298958295025, -0.0031611835584, -0.000251245161053, 0.00056711002253, -1.04314631244e-005, -0.00514756515622, 0.0156464464962, -0.00465990183875, 0.00102749199141], [-0.000917979050428, 0.0037629052531, -0.00195127166808, 0.00250964635052, -0.0025850336533, 0.00310678849928, -0.000283949804725, 0.00169551116414, 0.000173228399944, -0.000532870821189, -0.00465990183875, 0.0161281619221, -0.00628856755793], [0.000785019132309, -0.00320244976319, 0.00183124118485, -0.0029836629983, 0.00322556309402, -0.00176687666681, 0.00131500849966, -0.00252867094241, 0.00394904986024, 0.00132822839078, 0.00102749199141, -0.00628856755793, 0.0158321280032]]
    },
    "melbands": {
        "mean": [0.00207506027073, 0.0035250056535, 0.000689517881256, 0.00078420859063, 0.000589543313254, 0.000781356939115, 0.000747409707401, 0.00124595093075, 0.000602813670412, 0.000315714627504, 0.000220003494178, 0.000176291301614, 0.000146266364027, 8.22434012662e-005, 5.99185223109e-005, 4.94621490361e-005, 4.91288847115e-005, 2.7165220672e-005, 3.7736397644e-005, 2.68762814812e-005, 3.51357630279e-005, 1.41529308166e-005, 1.02815383798e-005, 5.34671380592e-006, 4.27600343755e-006, 2.60071283265e-006, 2.3985514872e-006, 1.89892080016e-006, 8.99327972093e-007, 4.86730868943e-007, 3.82503145602e-007, 2.92988346473e-007, 2.48514368195e-007, 1.89326129885e-007, 2.39288738157e-007, 4.15395959408e-007, 1.22434087757e-007, 1.39969714041e-007, 1.34864691859e-007, 9.1187288831e-008],
        "var": [5.09751225763e-006, 2.78992720268e-005, 4.98341591992e-007, 1.59815022016e-006, 8.01175417564e-007, 1.60258184678e-006, 1.02879130282e-006, 2.93112339023e-006, 6.84442397869e-007, 2.18850360056e-007, 2.98771738017e-007, 2.33990903098e-007, 7.83468507848e-008, 1.70676859312e-008, 8.5017948237e-009, 5.06294917102e-009, 5.85193360436e-009, 2.14406736809e-009, 3.29166893742e-009, 1.90719284809e-009, 4.48057413394e-009, 3.38349515072e-010, 2.54525817089e-010, 9.24580828565e-011, 4.85561486852e-011, 1.58037697512e-011, 1.78550681185e-011, 9.46161551885e-012, 1.95178031723e-012, 1.05577645151e-012, 3.56302823617e-013, 1.47815963571e-013, 1.69630612725e-013, 1.10684641248e-013, 2.6749143265e-013, 8.27375223455e-013, 3.81714686172e-014, 6.2672293028e-014, 9.93114892081e-014, 3.67899070583e-014]
    },
    "mfcc": {
        "mean": [-663.091308594, 174.526123047, -7.96216678619, 13.2760715485, 6.21203804016, -2.14399647713, -5.16624927521, 3.87053084373, 2.12373876572, 10.3232975006, 0.468977808952, 9.16945743561, 6.76053380966],
        "cov": [[2201.89941406, -185.908828735, -429.237670898, -5.45794963837, -84.6438903809, -110.640220642, -88.5687713623, -70.3154907227, -36.2828178406, -212.597961426, -50.2576828003, -213.326171875, -63.1686782837], [-185.908828735, 724.406921387, -17.4826259613, 122.925331116, 26.3497219086, 45.7305259705, 22.877866745, 10.9367008209, -1.62043380737, 41.216835022, 14.0631532669, 62.0558738708, 45.5761642456], [-429.237670898, -17.4826259613, 433.361022949, 11.8704624176, 121.744300842, 54.0013046265, 66.1912689209, 49.50573349, 61.7491264343, 61.3462562561, 13.1046409607, 33.7904052734, 22.0621452332], [-5.45794963837, 122.925331116, 11.8704624176, 226.549057007, 58.1816368103, 81.7420196533, 16.696723938, 28.8162097931, 22.3646945953, 7.998503685, 3.59017348289, -10.8416442871, -6.95011806488], [-84.6438903809, 26.3497219086, 121.744300842, 58.1816368103, 166.456802368, 61.1287727356, 51.4942626953, 19.0434532166, 23.554019928, 5.03511095047, 0.745824694633, -6.11296129227, -1.86119413376], [-110.640220642, 45.7305259705, 54.0013046265, 81.7420196533, 61.1287727356, 142.807479858, 49.7332878113, 43.6792373657, 15.7515134811, 35.057636261, 3.61180186272, 10.6403675079, -3.97420501709], [-88.5687713623, 22.877866745, 66.1912689209, 16.696723938, 51.4942626953, 49.7332878113, 143.623306274, 44.965473175, 31.3223514557, 20.2404174805, -2.93456244469, 9.25392055511, -7.69962978363], [-70.3154907227, 10.9367008209, 49.50573349, 28.8162097931, 19.0434532166, 43.6792373657, 44.965473175, 131.732330322, 39.6339378357, 54.0709075928, -7.6228260994, 3.89515185356, -17.8525066376], [-36.2828178406, -1.62043380737, 61.7491264343, 22.3646945953, 23.554019928, 15.7515134811, 31.3223514557, 39.6339378357, 116.517730713, 38.2382354736, 14.5596733093, 5.91213798523, -9.0884513855], [-212.597961426, 41.216835022, 61.3462562561, 7.998503685, 5.03511095047, 35.057636261, 20.2404174805, 54.0709075928, 38.2382354736, 171.311340332, 32.3850860596, 71.5601501465, 4.82615089417], [-50.2576828003, 14.0631532669, 13.1046409607, 3.59017348289, 0.745824694633, 3.61180186272, -2.93456244469, -7.6228260994, 14.5596733093, 32.3850860596, 126.820320129, 47.7125282288, 21.2357883453], [-213.326171875, 62.0558738708, 33.7904052734, -10.8416442871, -6.11296129227, 10.6403675079, 9.25392055511, 3.89515185356, 5.91213798523, 71.5601501465, 47.7125282288, 150.441070557, 42.5693855286], [-63.1686782837, 45.5761642456, 22.0621452332, -6.95011806488, -1.86119413376, -3.97420501709, -7.69962978363, -17.8525066376, -9.0884513855, 4.82615089417, 21.2357883453, 42.5693855286, 130.774810791]],
        "icov": [[0.000684320169967, 0.000124556769151, 0.000635659613181, -9.11560782697e-005, -0.000166968180565, 0.000259022519458, 6.50242800475e-005, -5.78144499741e-005, -0.000248304830166, 0.000377408054192, -0.000107801024569, 0.000617250101641, -3.81147801818e-005], [0.000124556769151, 0.00166874972638, 0.000325222674292, -0.000989477615803, -0.00012628211698, 0.000179591588676, -0.000258131098235, 5.28596174263e-005, 0.000161329633556, -0.000181717099622, 0.000143769939314, -0.000489266472869, -0.000479346315842], [0.000635659613181, 0.000325222674292, 0.00395501637831, 0.000424930272857, -0.00249531818554, 0.000128690182464, -0.000278165622149, -0.000462687632535, -0.0012274106266, -0.000298866390949, 2.8881142498e-005, 0.000210082085687, -0.000709429150447], [-9.11560782697e-005, -0.000989477615803, 0.000424930272857, 0.00660879444331, -0.00139495613985, -0.00334961037152, 0.00108177377842, -0.00050575734349, -0.00103771907743, 0.000431452761404, -0.000336686352966, 0.000671876536217, 0.000201279035537], [-0.000166968180565, -0.00012628211698, -0.00249531818554, -0.00139495613985, 0.0095683587715, -0.00228752708063, -0.00179008790292, 0.000903241743799, -0.000143300072523, 0.000710764841642, -0.00014576149988, 0.000570768723264, 0.000196446795599], [0.000259022519458, 0.000179591588676, 0.000128690182464, -0.00334961037152, -0.00228752708063, 0.0114976707846, -0.00222730985843, -0.00174622028135, 0.00119574461132, -0.00129083858337, -7.12081600795e-005, -0.000107893785753, -1.24433145174e-005], [6.50242800475e-005, -0.000258131098235, -0.000278165622149, 0.00108177377842, -0.00179008790292, -0.00222730985843, 0.00938134267926, -0.00206049205735, -0.00142576918006, 0.000744592107367, 0.000360035512131, -0.000632242299616, 0.000424461846706], [-5.78144499741e-005, 5.28596174263e-005, -0.000462687632535, -0.00050575734349, 0.000903241743799, -0.00174622028135, -0.00206049205735, 0.0109450295568, -0.00195499463007, -0.00293249287643, 0.00121290562674, 0.000814433034975, 0.000847731542308], [-0.000248304830166, 0.000161329633556, -0.0012274106266, -0.00103771907743, -0.000143300072523, 0.00119574461132, -0.00142576918006, -0.00195499463007, 0.0110190259293, -0.00175207981374, -0.0012273429893, 0.000467961712275, 0.000536644482054], [0.000377408054192, -0.000181717099622, -0.000298866390949, 0.000431452761404, 0.000710764841642, -0.00129083858337, 0.000744592107367, -0.00293249287643, -0.00175207981374, 0.00954047776759, -0.000978042022325, -0.0035163119901, 0.000762971350923], [-0.000107801024569, 0.000143769939314, 2.8881142498e-005, -0.000336686352966, -0.00014576149988, -7.12081600795e-005, 0.000360035512131, 0.00121290562674, -0.0012273429893, -0.000978042022325, 0.00938818790019, -0.00256899581291, -0.000679852091707], [0.000617250101641, -0.000489266472869, 0.000210082085687, 0.000671876536217, 0.000570768723264, -0.000107893785753, -0.000632242299616, 0.000814433034975, 0.000467961712275, -0.0035163119901, -0.00256899581291, 0.0109309218824, -0.00243101082742], [-3.81147801818e-005, -0.000479346315842, -0.000709429150447, 0.000201279035537, 0.000196446795599, -1.24433145174e-005, 0.000424461846706, 0.000847731542308, 0.000536644482054, 0.000762971350923, -0.000679852091707, -0.00243101082742, 0.00897976383567]]
    },
    "spectral_contrast_coeffs": {
        "mean": [-0.634478926659, -0.629129588604, -0.672589123249, -0.70507478714, -0.718840539455, -0.731008410454],
        "var": [0.00782069470733, 0.00606463896111, 0.00476620253175, 0.00270101916976, 0.00192765833344, 0.0026005806867]
    },
    "spectral_contrast_valleys": {
        "mean": [-7.21790456772, -6.64589738846, -7.64405441284, -8.22264671326, -8.66596126556, -11.9132928848],
        "var": [1.0447524786, 0.99474966526, 0.908793091774, 0.896165192127, 0.89994519949, 0.882299602032]
    }
},
"metadata": {
    "audio_properties": {
        "analysis_sample_rate": 44100,
        "bit_rate": 110751,
        "equal_loudness": 0,
        "length": 45.0873451233,
        "lossless": 0,
        "replay_gain": -8.4222240448,
        "sample_rate": 44100,
        "codec": "mp3",
        "downmix": "mix",
        "md5_encoded": "1a092d10bfc9645af538d375ea08bb16"
    },
    "tags": {
        "file_name": "126.mp3"
    },
    "version": {
        "essentia": "2.1-beta2",
        "essentia_git_sha": "v2.1_beta2",
        "extractor": "music 1.0"
    }
},
"rhythm": {
    "beats_count": 120,
    "beats_loudness": {
        "mean": 0.039979595691,
        "var": 0.00049426703481
    },
    "bpm": 163.111541748,
    "bpm_histogram_first_peak_bpm": {
        "mean": 161,
        "var": 0
    },
    "bpm_histogram_first_peak_spread": {
        "mean": 0.325581401587,
        "var": 0
    },
    "bpm_histogram_first_peak_weight": {
        "mean": 0.487394958735,
        "var": 0
    },
    "bpm_histogram_second_peak_bpm": {
        "mean": 167,
        "var": 0
    },
    "bpm_histogram_second_peak_spread": {
        "mean": 0,
        "var": 0
    },
    "bpm_histogram_second_peak_weight": {
        "mean": 0.218487396836,
        "var": 0
    },
    "danceability": 1.16482150555,
    "onset_rate": 2.52744936943,
    "beats_loudness_band_ratio": {
        "mean": [0.365773946047, 0.193628594279, 0.33976355195, 0.0947618484497, 0.0416017062962, 0.00849162228405],
        "var": [0.0588690601289, 0.0255809184164, 0.0432696677744, 0.00647380435839, 0.00109662651084, 0.000273005687632]
    },
    "beats_position": [0.348299324512, 0.708208620548, 1.07972788811, 1.43963718414, 1.8111563921, 2.18267560005, 2.56580495834, 2.94893407822, 3.32045340538, 3.69197273254, 4.06349182129, 4.43501138687, 4.81814050674, 5.20126962662, 5.5727891922, 5.94430828094, 6.31582736969, 6.68734693527, 7.05886602402, 7.44199514389, 7.8251247406, 8.20825386047, 8.59138298035, 8.96290206909, 9.33442115784, 9.70594120026, 10.077460289, 10.4489793777, 10.8437185287, 11.2152376175, 11.5867567062, 11.9582767487, 12.3414058685, 12.7129249573, 13.084444046, 13.4559631348, 13.8274831772, 14.2106122971, 14.5937414169, 14.9768705368, 15.3483896255, 15.7315187454, 16.1030387878, 16.4861679077, 16.8692970276, 17.2408161163, 17.600725174, 17.9722442627, 18.3437633514, 18.7152824402, 19.0868015289, 19.4467124939, 19.8182315826, 20.1897506714, 20.5612697601, 20.9211788177, 21.2810878754, 21.640996933, 22.0125160217, 22.3840351105, 22.7555541992, 23.1154651642, 23.4753742218, 23.8352832794, 24.195192337, 24.5434913635, 24.89179039, 25.2633094788, 25.6348285675, 25.9947395325, 26.3546485901, 26.7493877411, 27.1209068298, 27.5040359497, 27.8639450073, 28.2122440338, 28.5721530914, 28.932062149, 29.291973114, 29.6518821716, 30.0234012604, 30.3949203491, 30.7896595001, 31.17278862, 31.5559177399, 31.9274368286, 32.3105659485, 32.7053070068, 33.0884361267, 33.4599533081, 33.8314743042, 34.1913833618, 34.5512924194, 34.9112014771, 35.2827186584, 35.6542396545, 36.0257606506, 36.397277832, 36.7571868896, 37.1287078857, 37.5002250671, 37.8601341248, 38.2200431824, 38.57995224, 38.9398651123, 39.3113822937, 39.6829032898, 40.0544204712, 40.4375495911, 40.8206787109, 41.192199707, 41.5637168884, 41.9352378845, 42.3067550659, 42.6898841858, 43.0730133057, 43.4561424255, 43.8392753601, 44.22240448, 44.6055335999]
},
"tonal": {
    "chords_changes_rate": 0.0380658432841,
    "chords_number_rate": 0.0102880662307,
    "chords_strength": {
        "mean": 0.564163446426,
        "var": 0.0121239507571
    },
    "hpcp_entropy": {
        "mean": 1.62014842033,
        "var": 0.392581760883
    },
    "key_strength": 0.75276184082,
    "tuning_diatonic_strength": 0.569675326347,
    "tuning_equal_tempered_deviation": 0.083227455616,
    "tuning_frequency": 441.272583008,
    "tuning_nontempered_energy_ratio": 0.733003795147,
    "hpcp": {
        "mean": [0.105367429554, 0.0514151453972, 0.0565891601145, 0.121420942247, 0.101746574044, 0.137110367417, 0.282582372427, 0.214234337211, 0.0551348142326, 0.0324694886804, 0.0283865276724, 0.0686729028821, 0.192770659924, 0.164276316762, 0.0503113567829, 0.0451009571552, 0.0359028801322, 0.0648081898689, 0.118200056255, 0.0835731178522, 0.103920221329, 0.212034061551, 0.150345757604, 0.0362436845899, 0.0252417493612, 0.0331634879112, 0.155770212412, 0.34581464529, 0.27508226037, 0.131745010614, 0.125970706344, 0.0793999806046, 0.0742027685046, 0.105916492641, 0.074975207448, 0.0851016417146],
        "var": [0.0766318067908, 0.0208494570106, 0.0151337226853, 0.0623880289495, 0.0423976257443, 0.0367021225393, 0.138712197542, 0.0928524509072, 0.0130183268338, 0.020357331261, 0.0133587364107, 0.0177759751678, 0.0968217998743, 0.0715200603008, 0.00750056374818, 0.0205303002149, 0.00971061643213, 0.0200849249959, 0.0616116188467, 0.0287158638239, 0.0298320595175, 0.10780941695, 0.0602558553219, 0.00493318680674, 0.00576299941167, 0.0110431620851, 0.0523009896278, 0.15175704658, 0.0999848470092, 0.0501490235329, 0.0753936767578, 0.0306550040841, 0.0246121026576, 0.0546629987657, 0.0253747552633, 0.0448790937662]
    },
    "chords_histogram": [27.7777786255, 2.88065838814, 17.4897117615, 0, 0, 0, 0, 0, 0, 0.720164597034, 0, 0, 0, 5.24691343307, 0, 14.3004112244, 4.42386817932, 0.720164597034, 0, 12.0370368958, 0.102880656719, 4.83539104462, 5.76131677628, 3.70370364189],
    "thpcp": [1, 0.795461595058, 0.380970001221, 0.364272326231, 0.229602709413, 0.214573815465, 0.306281119585, 0.216807499528, 0.246090337634, 0.304693371058, 0.148678332567, 0.163640156388, 0.35111567378, 0.294222861528, 0.39648514986, 0.817149817944, 0.619506239891, 0.159434586763, 0.0938927531242, 0.0820859596133, 0.198582977057, 0.557439267635, 0.475041538477, 0.145486488938, 0.130419448018, 0.10382116586, 0.187407299876, 0.341801762581, 0.241670265794, 0.300508439541, 0.61314368248, 0.434758216143, 0.104806676507, 0.0729921385646, 0.0958996042609, 0.450444221497],
    "chords_key": "B",
    "chords_scale": "major",
    "key_key": "B",
    "key_scale": "major"
}
}