{
"lowlevel": {
    "average_loudness": 0.975559234619,
    "barkbands_crest": {
        "mean": 6.87845468521,
        "var": 5.8746972084
    },
    "barkbands_flatness_db": {
        "mean": 0.0866789668798,
        "var": 0.000876139325555
    },
    "barkbands_kurtosis": {
        "mean": 0.519142925739,
        "var": 7.56053066254
    },
    "barkbands_skewness": {
        "mean": 0.950453221798,
        "var": 0.634228944778
    },
    "barkbands_spread": {
        "mean": 33.4475822449,
        "var": 114.395774841
    },
    "dissonance": {
        "mean": 0.479765057564,
        "var": 0.000234510167502
    },
    "dynamic_complexity": 1.54799890518,
    "erbbands_crest": {
        "mean": 7.13165426254,
        "var": 8.53889656067
    },
    "erbbands_flatness_db": {
        "mean": 0.13333530724,
        "var": 0.00108547403943
    },
    "erbbands_kurtosis": {
        "mean": 0.144979014993,
        "var": 1.63143563271
    },
    "erbbands_skewness": {
        "mean": -0.394608676434,
        "var": 0.404421240091
    },
    "erbbands_spread": {
        "mean": 41.1223373413,
        "var": 225.370697021
    },
    "hfc": {
        "mean": 26.6418476105,
        "var": 230.078323364
    },
    "melbands_crest": {
        "mean": 11.8035078049,
        "var": 15.9091777802
    },
    "melbands_flatness_db": {
        "mean": 0.148662447929,
        "var": 0.00180081685539
    },
    "melbands_kurtosis": {
        "mean": 6.76355981827,
        "var": 85.0535888672
    },
    "melbands_skewness": {
        "mean": 2.22131228447,
        "var": 1.4269644022
    },
    "melbands_spread": {
        "mean": 36.697517395,
        "var": 288.170928955
    },
    "pitch_salience": {
        "mean": 0.608576953411,
        "var": 0.00616220477968
    },
    "silence_rate_20dB": {
        "mean": 1,
        "var": 0
    },
    "silence_rate_30dB": {
        "mean": 1,
        "var": 0
    },
    "silence_rate_60dB": {
        "mean": 0.00205973233096,
        "var": 0.00205550855026
    },
    "spectral_centroid": {
        "mean": 1869.02368164,
        "var": 314595.65625
    },
    "spectral_complexity": {
        "mean": 27.1508750916,
        "var": 85.8572692871
    },
    "spectral_decrease": {
        "mean": -5.64547120163e-009,
        "var": 7.03500898236e-018
    },
    "spectral_energy": {
        "mean": 0.0237238202244,
        "var": 0.000119078365969
    },
    "spectral_energyband_high": {
        "mean": 0.00115379784256,
        "var": 9.44056523622e-007
    },
    "spectral_energyband_low": {
        "mean": 0.00625836057588,
        "var": 3.72907961719e-005
    },
    "spectral_energyband_middle_high": {
        "mean": 0.00701345782727,
        "var": 1.940635957e-005
    },
    "spectral_energyband_middle_low": {
        "mean": 0.0110029391944,
        "var": 5.1029943279e-005
    },
    "spectral_entropy": {
        "mean": 7.7533659935,
        "var": 0.0684253200889
    },
    "spectral_flux": {
        "mean": 0.0851045995951,
        "var": 0.00111580768134
    },
    "spectral_kurtosis": {
        "mean": 4.32513856888,
        "var": 3.16444468498
    },
    "spectral_rms": {
        "mean": 0.00467883562669,
        "var": 1.25365534132e-006
    },
    "spectral_rolloff": {
        "mean": 2250.95849609,
        "var": 1380683.125
    },
    "spectral_skewness": {
        "mean": 1.43937957287,
        "var": 0.0720035806298
    },
    "spectral_spread": {
        "mean": 4676818.5,
        "var": 2.42944416154e+012
    },
    "spectral_strongpeak": {
        "mean": 0.814923524857,
        "var": 1.85340571404
    },
    "zerocrossingrate": {
        "mean": 0.0846008881927,
        "var": 0.000759583665058
    },
    "barkbands": {
        "mean": [0.000570146774407, 0.00197733100504, 0.00218177796341, 0.00274279690348, 0.00367118348368, 0.00134342105594, 0.00108935055323, 0.000704401929397, 0.00111169356387, 0.000769599631894, 0.000365618267097, 0.00052919058362, 0.000435622350778, 0.00065154733602, 0.00102685508318, 0.000625819782726, 0.000765147269703, 0.000897015095688, 0.00080449815141, 0.000600009923801, 0.00022013123089, 0.000162348267622, 0.000116225914098, 0.000113476780825, 0.000142148841405, 0.00010139895312, 5.07910499437e-006],
        "var": [1.89853255961e-006, 1.04424507299e-005, 4.88797468279e-006, 6.44283090878e-006, 1.25887736431e-005, 1.5060414853e-006, 2.95379027193e-006, 1.30630189688e-006, 4.3482637011e-006, 1.09741381493e-006, 7.79018876074e-007, 8.41983478495e-007, 1.32468687752e-006, 4.9601817409e-007, 1.03730235423e-006, 4.36109218072e-007, 8.61511921357e-007, 1.30968135181e-006, 8.02068825578e-007, 3.41664531334e-007, 4.30078834768e-008, 2.7432617955e-008, 2.73115716709e-008, 1.53702757189e-008, 3.09980805469e-008, 1.85797137675e-008, 7.47603645657e-011]
    },
    "erbbands": {
        "mean": [0.0702946782112, 0.407438188791, 2.05072784424, 7.10380649567, 11.9207849503, 11.1085729599, 10.1675233841, 10.0897531509, 13.6732244492, 17.0751972198, 16.7995243073, 29.7184715271, 24.1080245972, 23.786365509, 13.5616073608, 23.6097946167, 21.6950759888, 34.4036140442, 39.2441673279, 53.308467865, 30.3827838898, 39.2231140137, 54.092212677, 45.5276527405, 34.5590553284, 30.1922130585, 13.8681173325, 6.5204410553, 6.56101512909, 4.12009048462, 3.27827882767, 2.70356154442, 1.71045029163, 1.47453773022, 1.06011927128, 0.530863881111, 0.171699553728, 0.0252525135875, 0.000596850935835, 4.91422251798e-005],
        "var": [0.018140072003, 0.433578550816, 5.1574587822, 37.4150085449, 130.897781372, 139.353744507, 98.1762161255, 114.066596985, 423.721099854, 765.051635742, 636.601928711, 3375.30737305, 1054.94091797, 1887.71411133, 521.683288574, 1261.86816406, 3291.15014648, 1269.08630371, 1596.6192627, 2819.64038086, 1069.18701172, 1994.82080078, 4175.15283203, 2399.62402344, 1465.91113281, 925.877624512, 168.258163452, 41.5404090881, 45.6409797668, 23.5165367126, 23.7614479065, 10.3359489441, 3.29305028915, 3.02879977226, 1.94592881203, 0.519411385059, 0.0559383928776, 0.00124042155221, 7.78751200414e-007, 1.15710530046e-009]
    },
    "gfcc": {
        "mean": [39.688117981, 70.5434646606, -119.892364502, 37.7876777649, -47.2220993042, 4.63720321655, -47.2968635559, 11.9614229202, -34.332950592, 4.95767688751, -24.7040042877, -3.49519705772, -17.0907669067],
        "cov": [[2610.78051758, -681.277526855, 133.942276001, -114.746139526, -271.864746094, 110.69644165, -77.8918151855, 132.15953064, -58.0135803223, 61.6650543213, -163.023193359, 30.9714031219, -104.783409119], [-681.277526855, 803.050476074, -269.390777588, 75.6393508911, 164.599472046, -101.425086975, 154.237579346, -48.4544143677, 50.9734535217, -64.5846862793, 111.425971985, -57.3621292114, 85.6904373169], [133.942276001, -269.390777588, 482.670013428, 15.6034965515, -10.0828380585, 142.565704346, -61.3632202148, 1.88854336739, -26.5437335968, 51.1101951599, -63.0418281555, 33.2154579163, -61.4080429077], [-114.746139526, 75.6393508911, 15.6034965515, 231.238647461, 120.218162537, -42.4667739868, -24.9529876709, -17.5894393921, 46.6518745422, -3.13498067856, 42.0260391235, -9.50225257874, 23.0878314972], [-271.864746094, 164.599472046, -10.0828380585, 120.218162537, 265.934936523, -45.9431762695, 28.2047805786, 25.7357292175, -5.91387891769, 16.8323879242, 40.8781356812, 5.5315823555, 29.3730545044], [110.69644165, -101.425086975, 142.565704346, -42.4667739868, -45.9431762695, 200.649536133, 55.0979309082, -1.65936863422, -9.04652118683, 17.6080741882, -14.809384346, 13.780380249, -23.6247348785], [-77.8918151855, 154.237579346, -61.3632202148, -24.9529876709, 28.2047805786, 55.0979309082, 156.649597168, 33.51014328, 9.78525829315, -1.14521181583, 28.4873466492, 2.20396280289, 19.835559845], [132.15953064, -48.4544143677, 1.88854336739, -17.5894393921, 25.7357292175, -1.65936863422, 33.51014328, 91.5894546509, 16.9803981781, 17.3479785919, -5.94187498093, 15.6264820099, 0.246012225747], [-58.0135803223, 50.9734535217, -26.5437335968, 46.6518745422, -5.91387891769, -9.04652118683, 9.78525829315, 16.9803981781, 82.0168762207, 15.4459733963, 17.6757469177, -5.40266227722, 11.6913414001], [61.6650543213, -64.5846862793, 51.1101951599, -3.13498067856, 16.8323879242, 17.6080741882, -1.14521181583, 17.3479785919, 15.4459733963, 67.497215271, 8.22303009033, 12.1817312241, -7.25231122971], [-163.023193359, 111.425971985, -63.0418281555, 42.0260391235, 40.8781356812, -14.809384346, 28.4873466492, -5.94187498093, 17.6757469177, 8.22303009033, 80.5223007202, 15.2011518478, 12.3251256943], [30.9714031219, -57.3621292114, 33.2154579163, -9.50225257874, 5.5315823555, 13.780380249, 2.20396280289, 15.6264820099, -5.40266227722, 12.1817312241, 15.2011518478, 49.2023658752, 7.22919654846], [-104.783409119, 85.6904373169, -61.4080429077, 23.0878314972, 29.3730545044, -23.6247348785, 19.835559845, 0.246012225747, 11.6913414001, -7.25231122971, 12.3251256943, 7.22919654846, 59.2359809875]],
        "icov": [[0.000711447501089, -0.000136857124744, 0.000600282393862, -0.00116725021508, 0.00116832135245, -0.00048886827426, 0.000321874453221, -0.00155133521184, 0.00145296554547, -0.00130938610528, 0.00163559452631, -0.00092022086028, 0.000982976518571], [-0.000136857124744, 0.00484734633937, -0.00110711564776, 0.00311221997254, -0.0034138537012, 0.00253194570541, -0.00432078447193, 0.00447318516672, -0.00443621492013, 0.0049232468009, -0.00554291252047, 0.00606772908941, -0.00359296379611], [0.000600282393862, -0.00110711564776, 0.00547952670604, -0.0035630245693, 0.00125990470406, -0.00396385742351, 0.00257119652815, -0.00187324685976, 0.00299222627655, -0.00458453129977, 0.00666529266164, -0.00591678917408, 0.00485713686794], [-0.00116725021508, 0.00311221997254, -0.0035630245693, 0.0132792694494, -0.00819614157081, 0.00274253659882, -0.000743710028473, 0.00707639520988, -0.0112942233682, 0.00863804481924, -0.0099491328001, 0.0077978647314, -0.00565354013816], [0.00116832135245, -0.0034138537012, 0.00125990470406, -0.00819614157081, 0.0112652424723, -0.00095168792177, 0.0015569034731, -0.00825997348875, 0.0103311073035, -0.00807345379144, 0.00437400490046, -0.00404982408509, 0.0016097961925], [-0.00048886827426, 0.00253194570541, -0.00396385742351, 0.00274253659882, -0.00095168792177, 0.0110986819491, -0.00792526453733, 0.0056237205863, -0.00336119742133, 0.00242838426493, -0.00306973652914, 0.00213378691114, -0.000837787694763], [0.000321874453221, -0.00432078447193, 0.00257119652815, -0.000743710028473, 0.0015569034731, -0.00792526453733, 0.015923153609, -0.00921035185456, 0.00378950266168, -0.00271125510335, 0.000316645222483, -0.00181811780203, -0.000375255913241], [-0.00155133521184, 0.00447318516672, -0.00187324685976, 0.00707639520988, -0.00825997348875, 0.0056237205863, -0.00921035185456, 0.0242892745882, -0.0129448976368, 0.00488445162773, -0.00150176591706, -0.00114691222552, -0.000987750128843], [0.00145296554547, -0.00443621492013, 0.00299222627655, -0.0112942233682, 0.0103311073035, -0.00336119742133, 0.00378950266168, -0.0129448976368, 0.027097305283, -0.0129637019709, 0.00474056368694, -0.00201293244027, 0.00113699620124], [-0.00130938610528, 0.0049232468009, -0.00458453129977, 0.00863804481924, -0.00807345379144, 0.00242838426493, -0.00271125510335, 0.00488445162773, -0.0129637019709, 0.0275775212795, -0.0122357318178, 0.00623836042359, -0.00397859420627], [0.00163559452631, -0.00554291252047, 0.00666529266164, -0.0099491328001, 0.00437400490046, -0.00306973652914, 0.000316645222483, -0.00150176591706, 0.00474056368694, -0.0122357318178, 0.0333183370531, -0.0215103346854, 0.011465026997], [-0.00092022086028, 0.00606772908941, -0.00591678917408, 0.0077978647314, -0.00404982408509, 0.00213378691114, -0.00181811780203, -0.00114691222552, -0.00201293244027, 0.00623836042359, -0.0215103346854, 0.0409333966672, -0.0154644967988], [0.000982976518571, -0.00359296379611, 0.00485713686794, -0.00565354013816, 0.0016097961925, -0.000837787694763, -0.000375255913241, -0.000987750128843, 0.00113699620124, -0.00397859420627, 0.011465026997, -0.0154644967988, 0.0288444235921]]
    },
    "melbands": {
        "mean": [0.000605828303378, 0.000902039231732, 0.00133159919642, 0.000891621690243, 0.000356062286301, 0.000234069913859, 0.000219771885895, 0.000173599852133, 0.000136292757816, 0.000187724872376, 0.000113296569907, 9.47759690462e-005, 4.33008899563e-005, 6.61250378471e-005, 4.14933201682e-005, 4.84876363771e-005, 6.7267443228e-005, 5.63415160286e-005, 7.54700158723e-005, 6.11345676589e-005, 2.88527680823e-005, 3.04477416648e-005, 6.72544192639e-005, 4.10079410358e-005, 3.64498664567e-005, 2.69001484412e-005, 2.1483108867e-005, 1.97234312509e-005, 1.02838812381e-005, 4.4770608838e-006, 3.39293546858e-006, 3.84526720154e-006, 2.84118732452e-006, 2.13884345612e-006, 1.8557286694e-006, 1.84947646176e-006, 1.53928215241e-006, 1.19928881759e-006, 1.08594554149e-006, 1.3049249219e-006],
        "var": [1.10016969757e-006, 1.11753433885e-006, 9.75487296273e-007, 8.38626135646e-007, 9.6185807763e-008, 5.37772493203e-008, 1.10644464257e-007, 7.90265559658e-008, 4.37626468397e-008, 1.37826532409e-007, 2.47143745469e-008, 3.01494260668e-008, 7.64372387607e-009, 1.58863926458e-008, 6.55235865565e-009, 1.25989148003e-008, 5.48130252298e-009, 4.16899625932e-009, 6.71345290471e-009, 3.50867090937e-009, 1.20757659428e-009, 1.86426230009e-009, 7.48048112342e-009, 2.60320609513e-009, 1.73848557772e-009, 9.92317783499e-010, 5.16398701578e-010, 4.36207181487e-010, 1.08740121074e-010, 2.17733261976e-011, 1.3204630965e-011, 1.7222707635e-011, 9.54142927861e-012, 8.31374639271e-012, 9.07706548814e-012, 6.22779302087e-012, 3.50450961653e-012, 1.85054098781e-012, 1.34491950996e-012, 2.70524791804e-012]
    },
    "mfcc": {
        "mean": [-604.262695313, 105.105812073, -12.9411430359, 33.267124176, 12.904419899, -1.50190329552, 0.591924548149, -3.27451062202, -3.50086522102, 3.87921690941, -3.36145877838, -7.63558483124, -5.18137645721],
        "cov": [[1881.68933105, -508.460876465, 130.392471313, -196.202224731, -154.006637573, -93.0748596191, -67.9527282715, 17.2007064819, 53.4594345093, 20.2246074677, 45.9828567505, -28.780380249, -41.2313613892], [-508.460876465, 617.581542969, -242.246154785, 115.103302002, -14.8974542618, 2.30069375038, 89.1183395386, 24.2938213348, 4.72205877304, 13.5808858871, -8.77977561951, 14.4111623764, 5.45785236359], [130.392471313, -242.246154785, 455.411560059, -136.784973145, 9.66468906403, 98.5290756226, -29.4915828705, -0.479292541742, 13.2891645432, -29.0725879669, 25.8513679504, 8.97062492371, 2.69279193878], [-196.202224731, 115.103302002, -136.784973145, 298.851257324, 140.376098633, -30.9864253998, -6.07186365128, -14.1281728745, -13.5223560333, 32.8917617798, -25.9554672241, 12.2297611237, 8.75263214111], [-154.006637573, -14.8974542618, 9.66468906403, 140.376098633, 197.255966187, 17.2075805664, 1.06068456173, -19.8506774902, -10.201464653, 10.5639610291, -14.6407194138, 1.43621480465, 11.5240821838], [-93.0748596191, 2.30069375038, 98.5290756226, -30.9864253998, 17.2075805664, 134.751052856, 46.7627906799, 11.1556472778, 6.74222993851, -4.49176216125, 13.0422019958, 8.29912090302, 18.0434703827], [-67.9527282715, 89.1183395386, -29.4915828705, -6.07186365128, 1.06068456173, 46.7627906799, 125.768196106, 40.1127891541, 10.9781274796, -0.722055017948, 13.7479257584, 3.940928936, 13.0715103149], [17.2007064819, 24.2938213348, -0.479292541742, -14.1281728745, -19.8506774902, 11.1556472778, 40.1127891541, 78.1640930176, 20.8359413147, 5.82945823669, 14.3278102875, 9.54357433319, -0.249424815178], [53.4594345093, 4.72205877304, 13.2891645432, -13.5223560333, -10.201464653, 6.74222993851, 10.9781274796, 20.8359413147, 78.2119293213, 21.4539260864, 2.80724596977, -3.08687162399, 4.1190404892], [20.2246074677, 13.5808858871, -29.0725879669, 32.8917617798, 10.5639610291, -4.49176216125, -0.722055017948, 5.82945823669, 21.4539260864, 59.1663398743, 12.1069822311, -0.791984856129, 2.44693422318], [45.9828567505, -8.77977561951, 25.8513679504, -25.9554672241, -14.6407194138, 13.0422019958, 13.7479257584, 14.3278102875, 2.80724596977, 12.1069822311, 69.3395004272, 23.2791233063, 2.43553423882], [-28.780380249, 14.4111623764, 8.97062492371, 12.2297611237, 1.43621480465, 8.29912090302, 3.940928936, 9.54357433319, -3.08687162399, -0.791984856129, 23.2791233063, 60.3062400818, 19.7821578979], [-41.2313613892, 5.45785236359, 2.69279193878, 8.75263214111, 11.5240821838, 18.0434703827, 13.0715103149, -0.249424815178, 4.1190404892, 2.44693422318, 2.43553423882, 19.7821578979, 54.5251312256]],
        "icov": [[0.000832469377201, 0.000735612644348, 2.11880469578e-005, 3.12493784804e-006, 0.000594066630583, 0.000553231569938, -0.000222105139983, -2.74381509371e-005, -0.000469622667879, -0.000267276103841, -0.000397700350732, 0.000173487162101, 0.000301104359096], [0.000735612644348, 0.00309849716723, 0.00111477263272, -0.000949472829234, 0.00138920242898, -0.000256475555943, -0.00154021731578, 0.000166815210832, -0.000742500356864, 5.68911309529e-005, -7.86370801507e-005, -0.000541860703379, 0.000758376671001], [2.11880469578e-005, 0.00111477263272, 0.0041886982508, 0.00148920319043, -0.00117640127428, -0.00297489063814, 0.00166341138538, -0.000390476401662, -0.00100558577105, 0.00150980823673, -0.000824489921797, -0.000697487848811, 0.000589136558119], [3.12493784804e-006, -0.000949472829234, 0.00148920319043, 0.00763276638463, -0.00532019510865, 0.000818343774881, 0.000980837969109, -0.000410143053159, 0.000983999692835, -0.00305645423941, 0.00208491948433, -0.00240519130602, 0.000257552426774], [0.000594066630583, 0.00138920242898, -0.00117640127428, -0.00532019510865, 0.00977235566825, -0.000847888353746, -0.00148502504453, 0.0016955306055, -3.70952216144e-006, -0.000111564622784, 7.3267656262e-005, 0.00108141731471, -0.000589113100432], [0.000553231569938, -0.000256475555943, -0.00297489063814, 0.000818343774881, -0.000847888353746, 0.0121353669092, -0.004616078455, 0.000649990572128, -1.47814926095e-005, -0.000907065637875, -0.000439687486505, 3.57792050636e-005, -0.00221897428855], [-0.000222105139983, -0.00154021731578, 0.00166341138538, 0.000980837969109, -0.00148502504453, -0.004616078455, 0.0134078497067, -0.00584093108773, -0.000252880272456, 0.00202461401932, -0.00219017150812, 0.00218759616837, -0.00242059491575], [-2.74381509371e-005, 0.000166815210832, -0.000390476401662, -0.000410143053159, 0.0016955306055, 0.000649990572128, -0.00584093108773, 0.0176172554493, -0.00374285178259, -0.000629120855592, -0.00101506849751, -0.00304883299395, 0.00241754762828], [-0.000469622667879, -0.000742500356864, -0.00100558577105, 0.000983999692835, -3.70952216144e-006, -1.47814926095e-005, -0.000252880272456, -0.00374285178259, 0.0164038222283, -0.00660957535729, 0.00197427696548, 0.00108365190681, -0.00176385196391], [-0.000267276103841, 5.68911309529e-005, 0.00150980823673, -0.00305645423941, -0.000111564622784, -0.000907065637875, 0.00202461401932, -0.000629120855592, -0.00660957535729, 0.0232871491462, -0.00649910140783, 0.00328554143198, -0.00140370056033], [-0.000397700350732, -7.86370801507e-005, -0.000824489921797, 0.00208491948433, 7.3267656262e-005, -0.000439687486505, -0.00219017150812, -0.00101506849751, 0.00197427696548, -0.00649910140783, 0.0204248540103, -0.00879192259163, 0.00248356023803], [0.000173487162101, -0.000541860703379, -0.000697487848811, -0.00240519130602, 0.00108141731471, 3.57792050636e-005, 0.00218759616837, -0.00304883299395, 0.00108365190681, 0.00328554143198, -0.00879192259163, 0.024052741006, -0.00873594079167], [0.000301104359096, 0.000758376671001, 0.000589136558119, 0.000257552426774, -0.000589113100432, -0.00221897428855, -0.00242059491575, 0.00241754762828, -0.00176385196391, -0.00140370056033, 0.00248356023803, -0.00873594079167, 0.0231264568865]]
    },
    "spectral_contrast_coeffs": {
        "mean": [-0.604972600937, -0.750081539154, -0.760260403156, -0.751845777035, -0.75695079565, -0.768507003784],
        "var": [0.00532580073923, 0.00304450490512, 0.00400927988812, 0.00189606880303, 0.00157093722373, 0.00079138064757]
    },
    "spectral_contrast_valleys": {
        "mean": [-7.17353153229, -6.56246376038, -7.23954057693, -7.27115011215, -6.98700094223, -9.7144985199],
        "var": [0.52355825901, 0.514870584011, 0.489674329758, 0.423374086618, 0.492835789919, 0.808041930199]
    }
},
"metadata": {
    "audio_properties": {
        "analysis_sample_rate": 44100,
        "bit_rate": 128074,
        "equal_loudness": 0,
        "length": 45.0612258911,
        "lossless": 0,
        "replay_gain": -5.71169281006,
        "sample_rate": 44100,
        "codec": "mp3",
        "downmix": "mix",
        "md5_encoded": "01b632c1bcb35d158a55d6e2f9d1c6e4"
    },
    "tags": {
        "file_name": "1260.mp3"
    },
    "version": {
        "essentia": "2.1-beta2",
        "essentia_git_sha": "v2.1_beta2",
        "extractor": "music 1.0"
    }
},
"rhythm": {
    "beats_count": 130,
    "beats_loudness": {
        "mean": 0.0318216830492,
        "var": 6.51089576422e-005
    },
    "bpm": 172.265533447,
    "bpm_histogram_first_peak_bpm": {
        "mean": 172,
        "var": 0
    },
    "bpm_histogram_first_peak_spread": {
        "mean": 0,
        "var": 0
    },
    "bpm_histogram_first_peak_weight": {
        "mean": 0.62790697813,
        "var": 0
    },
    "bpm_histogram_second_peak_bpm": {
        "mean": 178,
        "var": 0
    },
    "bpm_histogram_second_peak_spread": {
        "mean": 0,
        "var": 0
    },
    "bpm_histogram_second_peak_weight": {
        "mean": 0.286821693182,
        "var": 0
    },
    "danceability": 1.30752396584,
    "onset_rate": 4.5694975853,
    "beats_loudness_band_ratio": {
        "mean": [0.371694684029, 0.196594163775, 0.118476770818, 0.0808238089085, 0.177686586976, 0.128089979291],
        "var": [0.0301205571741, 0.0106451977044, 0.0067297341302, 0.00389303243719, 0.0118284067139, 0.00372781325132]
    },
    "beats_position": [0.371519267559, 0.754648506641, 1.13777780533, 1.48607707024, 1.83437633514, 2.18267560005, 2.53097510338, 2.87927436829, 3.22757363319, 3.56426286697, 3.90095233917, 4.2492518425, 4.59755086899, 4.94585037231, 5.2941493988, 5.64244890213, 5.97913837433, 6.31582736969, 6.66412687302, 7.01242637634, 7.36072540283, 7.70902490616, 8.04571437836, 8.39401340485, 8.73070240021, 9.07900238037, 9.42730140686, 9.77560043335, 10.1239004135, 10.47219944, 10.8204984665, 11.1687984467, 11.505487442, 11.8421764374, 12.1672563553, 12.4923353195, 12.8290243149, 13.1657142639, 13.5140132904, 13.8623123169, 14.2106122971, 14.5589113235, 14.90721035, 15.2439002991, 15.5805892944, 15.9288883209, 16.2771873474, 16.637096405, 16.9853973389, 17.3220863342, 17.6703853607, 18.0186843872, 18.3669834137, 18.7152824402, 19.0403633118, 19.3886623383, 19.7369613647, 20.0736503601, 20.4103393555, 20.758638382, 21.1069393158, 21.4436283112, 21.8035373688, 22.1402263641, 22.4769153595, 22.825214386, 23.1735134125, 23.5218143463, 23.8701133728, 24.2068023682, 24.5434913635, 24.89179039, 25.2400894165, 25.5883903503, 25.9366893768, 26.2733783722, 26.6100673676, 26.958366394, 27.3066654205, 27.6549663544, 28.0032653809, 28.3515644073, 28.711473465, 29.0481624603, 29.3964614868, 29.7447605133, 30.0930614471, 30.4413604736, 30.7896595001, 31.1263484955, 31.4630374908, 31.8229465485, 32.1596374512, 32.5079345703, 32.8446235657, 33.1813163757, 33.5063934326, 33.843082428, 34.1797714233, 34.5280723572, 34.8763694763, 35.2130622864, 35.5497512817, 35.8980484009, 36.2463493347, 36.5946464539, 36.9429473877, 37.2912483215, 37.6395454407, 37.976234436, 38.3129234314, 38.6612243652, 39.0095214844, 39.3578224182, 39.7061233521, 40.0544204712, 40.402721405, 40.7394104004, 41.0760993958, 41.4360084534, 41.7843093872, 42.1209983826, 42.4692955017, 42.8175964355, 43.1658935547, 43.5141944885, 43.8624954224, 44.2107925415, 44.5590934753, 44.9073905945]
},
"tonal": {
    "chords_changes_rate": 0.0493827164173,
    "chords_number_rate": 0.0102880662307,
    "chords_strength": {
        "mean": 0.49053555727,
        "var": 0.00594804063439
    },
    "hpcp_entropy": {
        "mean": 2.41070461273,
        "var": 0.456862837076
    },
    "key_strength": 0.78261834383,
    "tuning_diatonic_strength": 0.599463701248,
    "tuning_equal_tempered_deviation": 0.229607135057,
    "tuning_frequency": 434.193115234,
    "tuning_nontempered_energy_ratio": 0.942595422268,
    "hpcp": {
        "mean": [0.186718612909, 0.245895683765, 0.201031729579, 0.169486582279, 0.151990160346, 0.130695074797, 0.209125772119, 0.258746922016, 0.186943858862, 0.191030785441, 0.203754469752, 0.122412927449, 0.0969487130642, 0.10629016906, 0.102460168302, 0.235618501902, 0.405052632093, 0.302821755409, 0.115202598274, 0.0640423446894, 0.0872524753213, 0.201374992728, 0.253769367933, 0.250622570515, 0.286237061024, 0.195624083281, 0.110297299922, 0.173886477947, 0.200929820538, 0.176570102572, 0.313298761845, 0.396333366632, 0.265130192041, 0.173861593008, 0.130083233118, 0.110912390053],
        "var": [0.0449823215604, 0.0619409903884, 0.0407271049917, 0.0476599931717, 0.0436401627958, 0.0330049134791, 0.0456133298576, 0.0695281103253, 0.0394908599555, 0.0486481003463, 0.0796747505665, 0.0276072379202, 0.0209142696112, 0.0293301511556, 0.02800787054, 0.0511372350156, 0.124912016094, 0.0887466743588, 0.0272914208472, 0.0171162392944, 0.0178235527128, 0.0619060583413, 0.0890047177672, 0.0528511144221, 0.0941767022014, 0.0515208803117, 0.0262849926949, 0.0530213862658, 0.0570808537304, 0.0458085983992, 0.0793315023184, 0.117452412844, 0.0616613477468, 0.0577995814383, 0.0415177680552, 0.0309155210853]
    },
    "chords_histogram": [35.0823059082, 0, 11.1111106873, 0, 1.44032919407, 0, 0, 0, 0, 0, 0, 0.308641970158, 0, 1.85185182095, 0, 0, 0, 13.0658435822, 3.70370364189, 1.95473253727, 0.102880656719, 5.86419773102, 11.728395462, 13.7860078812],
    "thpcp": [1, 0.747610867023, 0.284413903952, 0.158108696342, 0.215410217643, 0.497157603502, 0.626509606838, 0.618740737438, 0.706666350365, 0.482959657907, 0.27230361104, 0.4292935431, 0.496058553457, 0.43591889739, 0.773476660252, 0.978473722935, 0.654557406902, 0.429232090712, 0.321151435375, 0.273822158575, 0.460973709822, 0.607070922852, 0.496310144663, 0.418431013823, 0.375235587358, 0.322661966085, 0.51629281044, 0.638798296452, 0.461529791355, 0.471619665623, 0.50303208828, 0.302214860916, 0.239348426461, 0.262410759926, 0.252955198288, 0.581698477268],
    "chords_key": "G",
    "chords_scale": "major",
    "key_key": "G",
    "key_scale": "major"
}
}