{
"lowlevel": {
    "average_loudness": 0.891975939274,
    "barkbands_crest": {
        "mean": 13.1907167435,
        "var": 22.0643692017
    },
    "barkbands_flatness_db": {
        "mean": 0.400875002146,
        "var": 0.00262279831804
    },
    "barkbands_kurtosis": {
        "mean": 6.47187423706,
        "var": 68.3924560547
    },
    "barkbands_skewness": {
        "mean": 2.12795734406,
        "var": 1.40211439133
    },
    "barkbands_spread": {
        "mean": 7.09429359436,
        "var": 17.4455242157
    },
    "dissonance": {
        "mean": 0.419779270887,
        "var": 0.00166627531871
    },
    "dynamic_complexity": 3.6183655262,
    "erbbands_crest": {
        "mean": 12.5032558441,
        "var": 24.6578216553
    },
    "erbbands_flatness_db": {
        "mean": 0.408282220364,
        "var": 0.00105611304753
    },
    "erbbands_kurtosis": {
        "mean": 0.619740068913,
        "var": 7.2543053627
    },
    "erbbands_skewness": {
        "mean": 0.823586881161,
        "var": 0.646291971207
    },
    "erbbands_spread": {
        "mean": 19.430273056,
        "var": 67.2001266479
    },
    "hfc": {
        "mean": 10.4348754883,
        "var": 192.22718811
    },
    "melbands_crest": {
        "mean": 17.9890460968,
        "var": 38.0073204041
    },
    "melbands_flatness_db": {
        "mean": 0.476186573505,
        "var": 0.00398427248001
    },
    "melbands_kurtosis": {
        "mean": 11.1219367981,
        "var": 144.625457764
    },
    "melbands_skewness": {
        "mean": 2.60193252563,
        "var": 1.79069411755
    },
    "melbands_spread": {
        "mean": 9.52874279022,
        "var": 47.8752861023
    },
    "pitch_salience": {
        "mean": 0.512630462646,
        "var": 0.0146294264123
    },
    "silence_rate_20dB": {
        "mean": 1,
        "var": 0
    },
    "silence_rate_30dB": {
        "mean": 0.992790937424,
        "var": 0.00715702772141
    },
    "silence_rate_60dB": {
        "mean": 0.124613799155,
        "var": 0.109086222947
    },
    "spectral_centroid": {
        "mean": 652.18737793,
        "var": 117361.09375
    },
    "spectral_complexity": {
        "mean": 10.9943361282,
        "var": 21.6122455597
    },
    "spectral_decrease": {
        "mean": -4.45225722956e-009,
        "var": 2.19409707111e-017
    },
    "spectral_energy": {
        "mean": 0.0177503190935,
        "var": 0.000354199961293
    },
    "spectral_energyband_high": {
        "mean": 2.22009816753e-006,
        "var": 3.09935466181e-010
    },
    "spectral_energyband_low": {
        "mean": 1.65067140188e-005,
        "var": 1.20303900175e-009
    },
    "spectral_energyband_middle_high": {
        "mean": 0.00322032324038,
        "var": 4.79876980535e-005
    },
    "spectral_energyband_middle_low": {
        "mean": 0.0146635053679,
        "var": 0.000232757316553
    },
    "spectral_entropy": {
        "mean": 6.14398145676,
        "var": 0.137483343482
    },
    "spectral_flux": {
        "mean": 0.0426008850336,
        "var": 0.00138256838545
    },
    "spectral_kurtosis": {
        "mean": 42.7432479858,
        "var": 594.11932373
    },
    "spectral_rms": {
        "mean": 0.00371865346096,
        "var": 3.48901539837e-006
    },
    "spectral_rolloff": {
        "mean": 848.588134766,
        "var": 355067.0625
    },
    "spectral_skewness": {
        "mean": 3.62785005569,
        "var": 2.62134218216
    },
    "spectral_spread": {
        "mean": 1193627,
        "var": 927519932416
    },
    "spectral_strongpeak": {
        "mean": 1.22777676582,
        "var": 1.19061779976
    },
    "zerocrossingrate": {
        "mean": 0.0299533642828,
        "var": 0.000210761238122
    },
    "barkbands": {
        "mean": [2.37958647631e-006, 4.83969529341e-007, 3.38563154401e-006, 6.12801668467e-005, 0.00344877992757, 0.00447032228112, 0.00394409894943, 0.000968964246567, 0.00152983586304, 0.000926807639189, 0.00025099090999, 0.000387827079976, 0.000484079442685, 0.00043424780597, 0.000393435970182, 0.000169703766005, 0.000152689346578, 8.46013354021e-005, 3.36199227604e-005, 1.26174450088e-006, 8.84999053596e-007, 4.04180866553e-007, 1.61732060633e-007, 7.66871934843e-008, 2.28676526604e-008, 2.86282686446e-009, 8.21525625305e-010],
        "var": [1.00883534859e-009, 3.07904361729e-011, 7.45841652328e-011, 1.97678655667e-008, 4.00030367018e-005, 3.84044651582e-005, 8.18529879325e-005, 9.67559481069e-006, 2.65651760856e-005, 1.54128629219e-005, 7.90722708643e-007, 1.05752644686e-006, 2.66582264885e-006, 2.26685529015e-006, 7.59906754411e-007, 2.71115482064e-007, 9.86078489973e-008, 5.20532950077e-008, 9.3966079362e-009, 9.53015583116e-011, 5.38409143658e-011, 1.02196836063e-011, 1.28760782418e-012, 3.04200241386e-013, 3.27830854639e-014, 2.28164777958e-015, 2.78739385438e-017]
    },
    "erbbands": {
        "mean": [3.79075754608e-005, 0.000224651987082, 0.00477269757539, 0.146353960037, 3.40579366684, 11.838429451, 32.5077018738, 34.5572357178, 55.9234199524, 41.0089759827, 24.5572319031, 36.4687538147, 30.3388462067, 25.8095264435, 13.2484169006, 14.5202713013, 18.7176761627, 25.1634654999, 25.970375061, 12.5718889236, 9.86217212677, 7.81010866165, 5.46601390839, 2.69848561287, 0.8426258564, 0.086347386241, 0.044142536819, 0.0308741796762, 0.0149584356695, 0.00863314606249, 0.00413324544206, 0.00215799943544, 0.000999080133624, 0.000375406991225, 0.000126973565784, 3.0542640161e-005, 1.01045188785e-005, 2.3652373784e-006, 8.89298189577e-006, 2.02797382372e-005],
        "var": [8.06574718126e-008, 1.29692227802e-006, 7.03824407537e-005, 0.0765071809292, 104.659706116, 794.91619873, 1893.22583008, 3918.51391602, 10609.4130859, 18428.7988281, 3502.7956543, 19327.5078125, 8165.27001953, 18991.4492188, 1339.42382813, 1154.12902832, 4702.17138672, 5658.84570313, 4346.64208984, 1127.24060059, 491.621368408, 289.291320801, 186.316223145, 46.2619819641, 6.46465778351, 0.251148730516, 0.12460077554, 0.0747302621603, 0.0138705791906, 0.00389178725891, 0.000844446243718, 0.000237001018832, 5.19612913195e-005, 7.49435275793e-006, 1.02155036075e-006, 6.33262757788e-008, 7.00057700698e-009, 3.81275983008e-010, 9.27312809873e-011, 4.71808148106e-010]
    },
    "gfcc": {
        "mean": [-213.037368774, 219.383590698, -192.885910034, -78.8778610229, -20.5994720459, -76.192741394, -65.7265396118, -17.8536643982, -25.4529838562, -30.0366783142, 1.60621893406, -12.538734436, -6.82998514175],
        "cov": [[4324.51953125, -415.911193848, -478.237304688, 146.17288208, -341.333374023, 142.449813843, 128.123199463, 37.8698692322, 118.96421814, 37.8306884766, 23.7448673248, -102.426292419, -11.4676904678], [-415.911193848, 548.823364258, 207.798934937, -189.104934692, 255.191696167, -166.875595093, -82.6631011963, -9.33859157562, -94.6512756348, -65.326133728, -19.097990036, -5.0058350563, -8.19321918488], [-478.237304688, 207.798934937, 478.121826172, 49.5802078247, 29.5981369019, 4.34454774857, -60.5023536682, -39.7444648743, -24.4909934998, -63.5373497009, -38.3089141846, 18.884885788, 13.0804386139], [146.17288208, -189.104934692, 49.5802078247, 401.18081665, -24.695318222, 102.596626282, 41.1343307495, -53.9038848877, -11.6093626022, -41.6736068726, -57.1462936401, -38.1228065491, -4.12047958374], [-341.333374023, 255.191696167, 29.5981369019, -24.695318222, 338.624237061, -101.117698669, -114.944114685, -16.3744888306, -69.2326812744, -21.712436676, -25.7738780975, -11.8086023331, 1.56737363338], [142.449813843, -166.875595093, 4.34454774857, 102.596626282, -101.117698669, 254.050506592, 68.2205123901, -51.4251785278, 26.8253097534, -28.5780143738, -38.8183670044, -9.74882698059, -14.9870290756], [128.123199463, -82.6631011963, -60.5023536682, 41.1343307495, -114.944114685, 68.2205123901, 166.757080078, 40.1869163513, -40.1773109436, -35.8955802917, -13.4737071991, -22.9127502441, -18.5173187256], [37.8698692322, -9.33859157562, -39.7444648743, -53.9038848877, -16.3744888306, -51.4251785278, 40.1869163513, 99.9222793579, 7.81864881516, -12.6557941437, -13.2569856644, -16.3772468567, -7.12690544128], [118.96421814, -94.6512756348, -24.4909934998, -11.6093626022, -69.2326812744, 26.8253097534, -40.1773109436, 7.81864881516, 119.428199768, 46.6115608215, -10.5894784927, -3.08046603203, -8.73424434662], [37.8306884766, -65.326133728, -63.5373497009, -41.6736068726, -21.712436676, -28.5780143738, -35.8955802917, -12.6557941437, 46.6115608215, 104.947418213, 51.9205627441, -3.90636110306, -2.55166268349], [23.7448673248, -19.097990036, -38.3089141846, -57.1462936401, -25.7738780975, -38.8183670044, -13.4737071991, -13.2569856644, -10.5894784927, 51.9205627441, 88.0005722046, 37.6325798035, 1.23064184189], [-102.426292419, -5.0058350563, 18.884885788, -38.1228065491, -11.8086023331, -9.74882698059, -22.9127502441, -16.3772468567, -3.08046603203, -3.90636110306, 37.6325798035, 77.4418258667, 25.6466560364], [-11.4676904678, -8.19321918488, 13.0804386139, -4.12047958374, 1.56737363338, -14.9870290756, -18.5173187256, -7.12690544128, -8.73424434662, -2.55166268349, 1.23064184189, 25.6466560364, 59.1919326782]],
        "icov": [[0.000323293003021, -0.000223397291848, 0.000422265118686, -0.000238234395511, 0.000411828747019, -0.00019880682521, 0.000299683131743, -0.00015767676814, -0.000348920759279, 0.000583756249398, -0.000785354233813, 0.000826525094453, -0.000432770611951], [-0.000223397291848, 0.0103919897228, -0.00433348817751, 0.00630893185735, -0.00642152968794, 0.0063090394251, -0.0049525629729, 0.00889328774065, -0.00208164937794, 0.00784581247717, -0.000992979039438, 0.00489910319448, 0.0020098767709], [0.000422265118686, -0.00433348817751, 0.0049378820695, -0.00286452379078, 0.00421678368002, -0.00254616467282, 0.00482886331156, -0.00320153334178, 0.00234861252829, -0.00143246515654, 0.00153188582044, -0.0018586817896, -0.000381502555683], [-0.000238234395511, 0.00630893185735, -0.00286452379078, 0.0072702919133, -0.00385262304917, 0.00365110277198, -0.00404152972624, 0.00799636635929, -0.00143720454071, 0.00537644466385, 0.000781925860792, 0.00429578917101, 0.000833299243823], [0.000411828747019, -0.00642152968794, 0.00421678368002, -0.00385262304917, 0.0128554459661, -0.00342609011568, 0.0126230772585, -0.00704553350806, 0.0115436743945, -0.00716519495472, 0.00815746560693, -0.00380024523474, 0.00275512132794], [-0.00019880682521, 0.0063090394251, -0.00254616467282, 0.00365110277198, -0.00342609011568, 0.0118434410542, -0.00783238839358, 0.0123705957085, -0.00531377689913, 0.00678522558883, 0.0019219960086, 0.00227831816301, 0.00226151035167], [0.000299683131743, -0.0049525629729, 0.00482886331156, -0.00404152972624, 0.0126230772585, -0.00783238839358, 0.0253163333982, -0.0142293684185, 0.0180808976293, -0.00579319195822, 0.00677994452417, -0.00224913470447, 0.00516510102898], [-0.00015767676814, 0.00889328774065, -0.00320153334178, 0.00799636635929, -0.00704553350806, 0.0123705957085, -0.0142293684185, 0.02864533104, -0.0114034600556, 0.0135273551568, -0.0016561341472, 0.00842631049454, 6.47914712317e-005], [-0.000348920759279, -0.00208164937794, 0.00234861252829, -0.00143720454071, 0.0115436743945, -0.00531377689913, 0.0180808976293, -0.0114034600556, 0.0326969139278, -0.0206999890506, 0.0230570659041, -0.0122444098815, 0.0104156835005], [0.000583756249398, 0.00784581247717, -0.00143246515654, 0.00537644466385, -0.00716519495472, 0.00678522558883, -0.00579319195822, 0.0135273551568, -0.0206999890506, 0.0398132279515, -0.0292153172195, 0.022896008566, -0.0070370901376], [-0.000785354233813, -0.000992979039438, 0.00153188582044, 0.000781925860792, 0.00815746560693, 0.0019219960086, 0.00677994452417, -0.0016561341472, 0.0230570659041, -0.0292153172195, 0.0476459488273, -0.0263598933816, 0.0141919879243], [0.000826525094453, 0.00489910319448, -0.0018586817896, 0.00429578917101, -0.00380024523474, 0.00227831816301, -0.00224913470447, 0.00842631049454, -0.0122444098815, 0.022896008566, -0.0263598933816, 0.0355418846011, -0.0131348241121], [-0.000432770611951, 0.0020098767709, -0.000381502555683, 0.000833299243823, 0.00275512132794, 0.00226151035167, 0.00516510102898, 6.47914712317e-005, 0.0104156835005, -0.0070370901376, 0.0141919879243, -0.0131348241121, 0.0259836893529]]
    },
    "melbands": {
        "mean": [2.81087068288e-007, 8.59917406615e-007, 6.14174059592e-005, 0.000556961284019, 0.000977713498287, 0.000779214489739, 0.00087496987544, 0.00037978211185, 0.000189841055544, 0.000233308412135, 0.000148723745951, 0.000109623862954, 4.11109758716e-005, 4.40713301941e-005, 3.40976403095e-005, 4.92632570968e-005, 4.5801523811e-005, 4.31716289313e-005, 2.23248025577e-005, 1.34593256007e-005, 1.09798775156e-005, 8.58329531184e-006, 6.61646436129e-006, 3.49861284121e-006, 2.071767085e-006, 1.08683730105e-006, 8.48179340096e-008, 3.90928924787e-008, 2.94112929566e-008, 1.95696436833e-008, 1.69489720037e-008, 8.62025739679e-009, 6.45775699581e-009, 4.00337540896e-009, 2.47653231256e-009, 1.65486191417e-009, 1.15445042415e-009, 7.41708749974e-010, 4.33356989182e-010, 2.65497818175e-010],
        "var": [9.41384817321e-012, 7.15326712794e-012, 2.3586622433e-008, 2.873248377e-006, 1.55772079324e-006, 1.72553882294e-006, 2.61135915025e-006, 1.54616930104e-006, 2.33709982922e-007, 7.65370089084e-007, 2.01768244779e-007, 3.52856886821e-007, 1.53418149296e-008, 1.1500794983e-008, 1.51228061185e-008, 3.53647209295e-008, 2.05368273498e-008, 1.56044599464e-008, 2.85805845657e-009, 2.052859438e-009, 6.00103189363e-010, 4.13037687386e-010, 2.40612807456e-010, 1.16725837329e-010, 3.0238308385e-011, 1.08855615494e-011, 1.77714857804e-013, 1.01818611864e-013, 6.7645934969e-014, 2.47681158217e-014, 2.45811400748e-014, 4.72302479719e-015, 2.4744769476e-015, 8.20281635077e-016, 3.09548746439e-016, 1.50795184487e-016, 6.9244347868e-017, 3.04234680104e-017, 1.0395696573e-017, 4.50416511224e-018]
    },
    "mfcc": {
        "mean": [-809.741882324, 217.32170105, -71.0752868652, -41.8063354492, 5.7783613205, -53.3835601807, -49.1243286133, -19.2247524261, -39.3337860107, -29.5028247833, -9.81674861908, -24.6149330139, -19.8862800598],
        "cov": [[2431.69067383, 432.79498291, -701.284545898, 49.1288032532, -123.569137573, -36.1197967529, 69.7808532715, 116.8934021, 5.12629032135, 160.658828735, 162.325897217, 26.6765403748, -17.5304107666], [432.79498291, 536.044921875, -106.07484436, -93.4826507568, 63.8557090759, -138.467224121, -69.1775588989, 0.91006320715, -66.4018173218, -41.5230484009, 9.37659931183, -43.9986572266, -16.4843235016], [-701.284545898, -106.07484436, 497.74130249, 74.291847229, -68.4606323242, 85.1488876343, 21.3120174408, -43.8533668518, 36.827331543, -55.2815437317, -87.2007904053, 13.9354343414, -11.1748476028], [49.1288032532, -93.4826507568, 74.291847229, 201.785064697, 62.3539733887, 26.9814758301, 18.5635509491, 7.02063751221, 0.828320086002, 1.02598845959, -25.3033676147, -22.6231594086, -4.22257804871], [-123.569137573, 63.8557090759, -68.4606323242, 62.3539733887, 273.24331665, 20.1196212769, -82.6937866211, -41.902053833, -33.4768447876, -38.8852767944, -32.4124603271, -48.0299263, -10.1032819748], [-36.1197967529, -138.467224121, 85.1488876343, 26.9814758301, 20.1196212769, 219.826065063, 69.0885620117, -33.501373291, 38.3272438049, 15.1032304764, -22.2814674377, 25.9547958374, -10.7575330734], [69.7808532715, -69.1775588989, 21.3120174408, 18.5635509491, -82.6937866211, 69.0885620117, 159.240066528, 75.5863265991, -6.87794971466, 5.52134943008, 6.79536056519, -7.64316177368, -15.4406518936], [116.8934021, 0.91006320715, -43.8533668518, 7.02063751221, -41.902053833, -33.501373291, 75.5863265991, 125.284225464, 34.2492790222, -11.3466072083, -2.66686034203, -10.1223278046, -20.995557785], [5.12629032135, -66.4018173218, 36.827331543, 0.828320086002, -33.4768447876, 38.3272438049, -6.87794971466, 34.2492790222, 113.223617554, 49.7794799805, -13.5278558731, 14.6060609818, -0.579441606998], [160.658828735, -41.5230484009, -55.2815437317, 1.02598845959, -38.8852767944, 15.1032304764, 5.52134943008, -11.3466072083, 49.7794799805, 116.825881958, 58.5144882202, -2.32200932503, 4.42401123047], [162.325897217, 9.37659931183, -87.2007904053, -25.3033676147, -32.4124603271, -22.2814674377, 6.79536056519, -2.66686034203, -13.5278558731, 58.5144882202, 94.9175186157, 38.9729957581, -0.174667701125], [26.6765403748, -43.9986572266, 13.9354343414, -22.6231594086, -48.0299263, 25.9547958374, -7.64316177368, -10.1223278046, 14.6060609818, -2.32200932503, 38.9729957581, 108.202362061, 51.1176757813], [-17.5304107666, -16.4843235016, -11.1748476028, -4.22257804871, -10.1032819748, -10.7575330734, -15.4406518936, -20.995557785, -0.579441606998, 4.42401123047, -0.174667701125, 51.1176757813, 99.8809890747]],
        "icov": [[0.00555140944198, -0.00754291703925, 0.0103132184595, -0.0109804142267, 0.0107283815742, -0.00939500983804, 0.00663072988391, -0.0053402739577, 0.00444736517966, -0.00613727327436, 0.00523516442627, -0.00530781922862, 0.00341820041649], [-0.00754291703925, 0.0130031052977, -0.0142117887735, 0.0163853988051, -0.0152934212238, 0.0136534152552, -0.00803474523127, 0.0060871494934, -0.00440137879923, 0.00800576992333, -0.00711548840627, 0.00779437832534, -0.00449580652639], [0.0103132184595, -0.0142117887735, 0.0237378869206, -0.0225881058723, 0.0207293909043, -0.0141050890088, 0.00550309242681, 0.000321017170791, -0.000387786101783, -0.00487348763272, 0.0103686805815, -0.0108828023076, 0.00846278108656], [-0.0109804142267, 0.0163853988051, -0.0225881058723, 0.0299251303077, -0.0251712072641, 0.019741486758, -0.0128393890336, 0.00517220143229, -0.000905308465008, 0.00173170899507, -0.00183725624811, 0.00516618927941, -0.00453173276037], [0.0107283815742, -0.0152934212238, 0.0207293909043, -0.0251712072641, 0.0330064073205, -0.0310021266341, 0.0295230075717, -0.0196257065982, 0.0119206449017, -0.00217370619066, -0.0023998208344, 0.00550779607147, -0.00160532037262], [-0.00939500983804, 0.0136534152552, -0.0141050890088, 0.019741486758, -0.0310021266341, 0.0483476221561, -0.0509990304708, 0.0460535548627, -0.0309528559446, 0.00953311938792, 0.00840104650706, -0.0144653497264, 0.0105449380353], [0.00663072988391, -0.00803474523127, 0.00550309242681, -0.0128393890336, 0.0295230075717, -0.0509990304708, 0.0743771120906, -0.0704750195146, 0.0554416812956, -0.0268269628286, 0.00130042235833, 0.0122055802494, -0.0106465555727], [-0.0053402739577, 0.0060871494934, 0.000321017170791, 0.00517220143229, -0.0196257065982, 0.0460535548627, -0.0704750195146, 0.0870927795768, -0.0750521570444, 0.052688844502, -0.0236946418881, 0.00568082369864, 0.00499152950943], [0.00444736517966, -0.00440137879923, -0.000387786101783, -0.000905308465008, 0.0119206449017, -0.0309528559446, 0.0554416812956, -0.0750521570444, 0.0958995893598, -0.0841111838818, 0.0641730874777, -0.0381582416594, 0.0145618878305], [-0.00613727327436, 0.00800576992333, -0.00487348763272, 0.00173170899507, -0.00217370619066, 0.00953311938792, -0.0268269628286, 0.052688844502, -0.0841111838818, 0.109626784921, -0.0980939418077, 0.0707424581051, -0.0342129357159], [0.00523516442627, -0.00711548840627, 0.0103686805815, -0.00183725624811, -0.0023998208344, 0.00840104650706, 0.00130042235833, -0.0236946418881, 0.0641730874777, -0.0980939418077, 0.116381138563, -0.0851540863514, 0.0452105738223], [-0.00530781922862, 0.00779437832534, -0.0108828023076, 0.00516618927941, 0.00550779607147, -0.0144653497264, 0.0122055802494, 0.00568082369864, -0.0381582416594, 0.0707424581051, -0.0851540863514, 0.0815429091454, -0.0438003875315], [0.00341820041649, -0.00449580652639, 0.00846278108656, -0.00453173276037, -0.00160532037262, 0.0105449380353, -0.0106465555727, 0.00499152950943, 0.0145618878305, -0.0342129357159, 0.0452105738223, -0.0438003875315, 0.0350971966982]]
    },
    "spectral_contrast_coeffs": {
        "mean": [-0.384133219719, -0.631014347076, -0.719551026821, -0.741509377956, -0.568890571594, -0.901611864567],
        "var": [0.00588686950505, 0.00702784815803, 0.00529282866046, 0.00415524980053, 0.00485471542925, 0.00458959955722]
    },
    "spectral_contrast_valleys": {
        "mean": [-11.0744018555, -7.04713439941, -7.92457151413, -8.40578460693, -11.4671640396, -14.4831056595],
        "var": [0.740539848804, 0.66706687212, 0.676993489265, 0.672571241856, 0.94234931469, 1.2820379734]
    }
},
"metadata": {
    "audio_properties": {
        "analysis_sample_rate": 44100,
        "bit_rate": 128074,
        "equal_loudness": 0,
        "length": 45.0612258911,
        "lossless": 0,
        "replay_gain": -5.73989105225,
        "sample_rate": 44100,
        "codec": "mp3",
        "downmix": "mix",
        "md5_encoded": "422a679806aa5859851ef82c7cad245b"
    },
    "tags": {
        "file_name": "1261.mp3"
    },
    "version": {
        "essentia": "2.1-beta2",
        "essentia_git_sha": "v2.1_beta2",
        "extractor": "music 1.0"
    }
},
"rhythm": {
    "beats_count": 87,
    "beats_loudness": {
        "mean": 0.0261369440705,
        "var": 0.000837952306028
    },
    "bpm": 111.695869446,
    "bpm_histogram_first_peak_bpm": {
        "mean": 112,
        "var": 0
    },
    "bpm_histogram_first_peak_spread": {
        "mean": 0.676470577717,
        "var": 0
    },
    "bpm_histogram_first_peak_weight": {
        "mean": 0.12790697813,
        "var": 0
    },
    "bpm_histogram_second_peak_bpm": {
        "mean": 103,
        "var": 0
    },
    "bpm_histogram_second_peak_spread": {
        "mean": 0.500000059605,
        "var": 0
    },
    "bpm_histogram_second_peak_weight": {
        "mean": 0.104651160538,
        "var": 0
    },
    "danceability": 1.08683609962,
    "onset_rate": 3.08330178261,
    "beats_loudness_band_ratio": {
        "mean": [0.0350286737084, 0.486869454384, 0.370269864798, 0.119145587087, 0.0539708845317, 0.00182807992678],
        "var": [0.00489144353196, 0.0709208399057, 0.0484760217369, 0.0150192985311, 0.00287191476673, 1.2113973753e-005]
    },
    "beats_position": [0.46439909935, 0.952018141747, 1.43963718414, 1.93886613846, 2.43809509277, 2.93732428551, 3.44816327095, 3.97061228752, 4.5046710968, 5.0387301445, 5.54956912994, 6.09523820877, 6.62929677963, 7.17496585846, 7.80190467834, 8.40562343597, 8.96290206909, 9.52018165588, 10.0890703201, 10.6463489532, 11.2036275864, 11.749297142, 12.3065757751, 12.8638544083, 13.4327430725, 14.0132427216, 14.5937414169, 15.1742401123, 15.7431287766, 16.3004074097, 16.8809070587, 17.4730148315, 18.0535144806, 18.6340141296, 19.2261219025, 19.8298416138, 20.4335594177, 21.0140590668, 21.5945568085, 22.1750564575, 22.6858959198, 23.1967334747, 23.7191829681, 24.1139221191, 24.5202713013, 24.9266204834, 25.3213596344, 25.7277088165, 26.1224479675, 26.5171871185, 26.9119262695, 27.3066654205, 27.6897945404, 28.0729255676, 28.4676647186, 28.8624038696, 29.2687530518, 29.6751022339, 30.1162815094, 30.5574588776, 30.9986381531, 31.5443077087, 32.0899772644, 32.6588668823, 33.1929244995, 33.7269821167, 34.2726516724, 34.8067131042, 35.3407707214, 35.8632202148, 36.3856697083, 36.9197273254, 37.4537849426, 37.976234436, 38.4986839294, 38.9979133606, 39.5087509155, 40.0195922852, 40.5420417786, 41.0760993958, 41.6101570129, 42.1326065063, 42.6550559998, 43.1658935547, 43.6767349243, 44.1875724792, 44.7100219727]
},
"tonal": {
    "chords_changes_rate": 0.0339506156743,
    "chords_number_rate": 0.00823045242578,
    "chords_strength": {
        "mean": 0.520984530449,
        "var": 0.00510471733287
    },
    "hpcp_entropy": {
        "mean": 1.42589640617,
        "var": 0.462722718716
    },
    "key_strength": 0.847881376743,
    "tuning_diatonic_strength": 0.593118309975,
    "tuning_equal_tempered_deviation": 0.0201352853328,
    "tuning_frequency": 438.984558105,
    "tuning_nontempered_energy_ratio": 0.604745566845,
    "hpcp": {
        "mean": [0.356749296188, 0.234897151589, 0.0602483488619, 0.0558370277286, 0.0482006818056, 0.0877804532647, 0.148625224829, 0.0944986790419, 0.0222746115178, 0.0184029117227, 0.0211743619293, 0.0578574053943, 0.102670267224, 0.0807067006826, 0.225851982832, 0.424460917711, 0.245276838541, 0.0337584838271, 0.0203850008547, 0.022949019447, 0.0609714724123, 0.105265557766, 0.0766315162182, 0.0401198379695, 0.0348371937871, 0.0344957746565, 0.149126157165, 0.261295229197, 0.152720496058, 0.0940225571394, 0.148841530085, 0.100736491382, 0.0594905018806, 0.0635327920318, 0.0546823553741, 0.178140461445],
        "var": [0.1395111233, 0.0645487904549, 0.0254022963345, 0.0307869333774, 0.0249143838882, 0.0282190907747, 0.0798831433058, 0.0358380191028, 0.00517645478249, 0.00709103606641, 0.00705145439133, 0.0148538071662, 0.0379075035453, 0.0258222129196, 0.0586044713855, 0.17683853209, 0.0654631853104, 0.00928443390876, 0.00534533010796, 0.00601769657806, 0.0188512746245, 0.0463304668665, 0.026788007468, 0.0199059806764, 0.0186483636498, 0.0172147322446, 0.0441622175276, 0.117642320693, 0.0449721328914, 0.0345669314265, 0.090748950839, 0.0379302836955, 0.0236752443016, 0.0286454018205, 0.0221208520234, 0.0454654097557]
    },
    "chords_histogram": [55.2469139099, 1.95473253727, 15.0205764771, 0, 0.102880656719, 0, 0, 0, 2.77777767181, 0, 0, 0, 0, 0, 0, 1.44032919407, 0, 0, 0, 0.102880656719, 0, 2.88065838814, 15.3292179108, 5.14403295517],
    "thpcp": [1, 0.577854931355, 0.0795326083899, 0.0480256266892, 0.0540662705898, 0.143644496799, 0.24799823761, 0.180538445711, 0.0945195108652, 0.0820739716291, 0.0812696143985, 0.351330727339, 0.615593135357, 0.35979872942, 0.221510514617, 0.350660145283, 0.237328067422, 0.140155434608, 0.149678781629, 0.128827780485, 0.419686377048, 0.840476214886, 0.553401112556, 0.14194086194, 0.13154810667, 0.11355740577, 0.206804558635, 0.350150555372, 0.222632229328, 0.0524774156511, 0.0433559641242, 0.0498853027821, 0.136307969689, 0.241883918643, 0.190139293671, 0.532091379166],
    "chords_key": "D",
    "chords_scale": "major",
    "key_key": "D",
    "key_scale": "major"
}
}