{
"lowlevel": {
    "average_loudness": 0.956806063652,
    "barkbands_crest": {
        "mean": 10.7354373932,
        "var": 15.2739562988
    },
    "barkbands_flatness_db": {
        "mean": 0.181789398193,
        "var": 0.00190823036246
    },
    "barkbands_kurtosis": {
        "mean": 5.01239442825,
        "var": 65.8779678345
    },
    "barkbands_skewness": {
        "mean": 1.54684591293,
        "var": 1.14347648621
    },
    "barkbands_spread": {
        "mean": 13.8877639771,
        "var": 100.836036682
    },
    "dissonance": {
        "mean": 0.429954558611,
        "var": 0.00167965539731
    },
    "dynamic_complexity": 4.0853638649,
    "erbbands_crest": {
        "mean": 11.3236970901,
        "var": 19.0241832733
    },
    "erbbands_flatness_db": {
        "mean": 0.220043435693,
        "var": 0.00106629438233
    },
    "erbbands_kurtosis": {
        "mean": 1.15316164494,
        "var": 9.84835910797
    },
    "erbbands_skewness": {
        "mean": 0.730485975742,
        "var": 0.92807495594
    },
    "erbbands_spread": {
        "mean": 27.7886734009,
        "var": 180.841201782
    },
    "hfc": {
        "mean": 15.1734418869,
        "var": 274.598144531
    },
    "melbands_crest": {
        "mean": 12.9936800003,
        "var": 21.4575252533
    },
    "melbands_flatness_db": {
        "mean": 0.230501353741,
        "var": 0.00394037924707
    },
    "melbands_kurtosis": {
        "mean": 8.93104362488,
        "var": 114.663963318
    },
    "melbands_skewness": {
        "mean": 2.00842380524,
        "var": 1.14508354664
    },
    "melbands_spread": {
        "mean": 18.78083992,
        "var": 309.701416016
    },
    "pitch_salience": {
        "mean": 0.583541750908,
        "var": 0.0112060336396
    },
    "silence_rate_20dB": {
        "mean": 1,
        "var": 0
    },
    "silence_rate_30dB": {
        "mean": 0.998455226421,
        "var": 0.0015424110461
    },
    "silence_rate_60dB": {
        "mean": 0.167868182063,
        "var": 0.139690384269
    },
    "spectral_centroid": {
        "mean": 1082.22900391,
        "var": 463645.0625
    },
    "spectral_complexity": {
        "mean": 12.6225538254,
        "var": 46.3387298584
    },
    "spectral_decrease": {
        "mean": -4.63277238794e-009,
        "var": 1.86041969119e-017
    },
    "spectral_energy": {
        "mean": 0.0188613943756,
        "var": 0.000311214913381
    },
    "spectral_energyband_high": {
        "mean": 0.000318016100209,
        "var": 3.4222611589e-007
    },
    "spectral_energyband_low": {
        "mean": 0.000744662014768,
        "var": 9.61858745541e-007
    },
    "spectral_energyband_middle_high": {
        "mean": 0.00480425031856,
        "var": 5.13111517648e-005
    },
    "spectral_energyband_middle_low": {
        "mean": 0.0132367955521,
        "var": 0.000159368137247
    },
    "spectral_entropy": {
        "mean": 6.99471330643,
        "var": 0.222526043653
    },
    "spectral_flux": {
        "mean": 0.0629783645272,
        "var": 0.00173010828439
    },
    "spectral_kurtosis": {
        "mean": 7.33437395096,
        "var": 26.9986858368
    },
    "spectral_rms": {
        "mean": 0.0038018708583,
        "var": 3.94713561036e-006
    },
    "spectral_rolloff": {
        "mean": 1356.1151123,
        "var": 1661557
    },
    "spectral_skewness": {
        "mean": 1.86257755756,
        "var": 0.527496933937
    },
    "spectral_spread": {
        "mean": 3407268.75,
        "var": 1.93877298381e+012
    },
    "spectral_strongpeak": {
        "mean": 1.33362305164,
        "var": 1.85294866562
    },
    "zerocrossingrate": {
        "mean": 0.0485958009958,
        "var": 0.00107490795199
    },
    "barkbands": {
        "mean": [1.10575388135e-006, 0.000153973698616, 0.000474785105325, 0.000392533664126, 0.00310760969296, 0.00171038124245, 0.00325413863175, 0.00321381096728, 0.00131422712002, 0.00079217000166, 0.000398039730499, 0.000627363158856, 0.000906996720005, 0.00074501830386, 0.00035864894744, 0.000393992871977, 0.000326675391989, 0.000124043799588, 0.000204659285373, 8.08252443676e-005, 0.000151995278429, 9.93472931441e-005, 1.24131020129e-005, 6.47306615065e-006, 8.71076190379e-006, 1.4184970496e-006, 5.20376239876e-008],
        "var": [5.09031965884e-012, 2.50315128625e-008, 7.69740154283e-007, 4.01331504918e-007, 1.29746358652e-005, 6.03108901487e-006, 4.64745644422e-005, 3.84181985282e-005, 5.78542994845e-006, 4.34323192167e-006, 2.14959118239e-006, 3.72176987185e-006, 7.72638759372e-006, 5.25954737896e-006, 1.19497451578e-006, 5.08210291628e-007, 4.1835716047e-007, 6.38473736103e-008, 2.64781220949e-007, 2.50772611565e-008, 1.28070539063e-007, 4.26913437934e-008, 1.46190426431e-009, 2.65444138892e-010, 5.43564748767e-010, 8.07794716534e-012, 1.43516722486e-014]
    },
    "erbbands": {
        "mean": [0.00107144436333, 0.0534060969949, 0.474646806717, 0.879254817963, 3.14901852608, 12.1304607391, 18.9012489319, 13.31163311, 24.7819862366, 79.4623031616, 55.9447288513, 28.6526679993, 32.3937492371, 22.2150382996, 16.1548957825, 27.4724597931, 40.6777038574, 39.4220046997, 29.0327968597, 16.3030204773, 25.3055858612, 18.4345817566, 7.45310020447, 10.8065910339, 7.4961810112, 3.72912669182, 4.93392181396, 6.71268606186, 4.17857456207, 0.870238721371, 0.293302774429, 0.134275555611, 0.11687823385, 0.112070940435, 0.0516756251454, 0.0112677561119, 0.00173576676752, 0.000263775029453, 1.69736249518e-005, 2.27138825721e-005],
        "var": [9.9267481346e-007, 0.0026128240861, 0.540555596352, 1.37376403809, 14.5758333206, 300.177825928, 468.020294189, 559.783874512, 3246.15991211, 18124.1542969, 12701.5146484, 2314.04907227, 4457.77001953, 3649.47363281, 1780.12988281, 7375.65087891, 13977.9140625, 12741.3828125, 7291.36132813, 1341.69067383, 1934.42175293, 1047.16345215, 145.224349976, 816.405517578, 296.968414307, 46.2874298096, 117.349273682, 246.414581299, 71.8450775146, 3.38631534576, 0.868772804737, 0.129264295101, 0.0981861352921, 0.129558607936, 0.0128946723416, 0.000516086234711, 1.27228713609e-005, 3.08681762817e-007, 3.32071370401e-010, 4.47639481038e-010]
    },
    "gfcc": {
        "mean": [-66.140296936, 117.506622314, -142.530395508, 15.4604721069, -72.126739502, -14.5012302399, -44.334197998, -3.15081548691, -24.6011619568, 0.318420410156, -24.7911014557, -4.35466432571, -7.20073986053],
        "cov": [[6320.31835938, -350.280609131, -903.859802246, 43.7917633057, -332.32119751, 2.18924736977, 70.2077484131, 5.18681144714, 96.8104934692, 407.823150635, -60.617816925, -227.423843384, -170.589630127], [-350.280609131, 1131.11035156, 307.15045166, -153.039581299, 330.017700195, -116.628662109, 30.0386295319, -86.3372573853, 37.0561447144, -110.41330719, 88.5762329102, -11.7544708252, 8.76953220367], [-903.859802246, 307.15045166, 771.342041016, 195.769271851, 153.874954224, 52.1981887817, -129.646820068, -4.80686187744, -15.5079917908, -83.6719055176, 39.409034729, 46.272605896, 60.8019828796], [43.7917633057, -153.039581299, 195.769271851, 482.070526123, 37.4774246216, -45.3004226685, -93.4008255005, -13.2816696167, 67.9619674683, -48.5961608887, -31.1570110321, 22.7686882019, 42.2871742249], [-332.32119751, 330.017700195, 153.874954224, 37.4774246216, 360.417877197, 9.27677059174, -72.3241729736, -26.5328617096, 2.88789367676, 5.04027700424, 6.59550285339, -7.7908205986, 8.60396099091], [2.18924736977, -116.628662109, 52.1981887817, -45.3004226685, 9.27677059174, 186.099807739, 30.3538684845, 1.34187805653, -47.0462875366, 71.4648513794, 7.0866727829, -18.9919185638, -20.2747783661], [70.2077484131, 30.0386295319, -129.646820068, -93.4008255005, -72.3241729736, 30.3538684845, 264.141845703, 29.8353424072, -74.3212203979, -0.589345991611, -3.06667709351, 32.5769233704, -27.8697414398], [5.18681144714, -86.3372573853, -4.80686187744, -13.2816696167, -26.5328617096, 1.34187805653, 29.8353424072, 119.638748169, 5.65300273895, -21.0443935394, -6.03063344955, 26.5399188995, 12.3477878571], [96.8104934692, 37.0561447144, -15.5079917908, 67.9619674683, 2.88789367676, -47.0462875366, -74.3212203979, 5.65300273895, 160.238922119, 8.24187088013, -19.0387592316, -17.1750240326, 2.74092054367], [407.823150635, -110.41330719, -83.6719055176, -48.5961608887, 5.04027700424, 71.4648513794, -0.589345991611, -21.0443935394, 8.24187088013, 182.850280762, 1.61645126343, -72.6063690186, -38.2745170593], [-60.617816925, 88.5762329102, 39.409034729, -31.1570110321, 6.59550285339, 7.0866727829, -3.06667709351, -6.03063344955, -19.0387592316, 1.61645126343, 90.0738830566, 5.83812475204, -9.78477573395], [-227.423843384, -11.7544708252, 46.272605896, 22.7686882019, -7.7908205986, -18.9919185638, 32.5769233704, 26.5399188995, -17.1750240326, -72.6063690186, 5.83812475204, 109.334060669, 21.3405036926], [-170.589630127, 8.76953220367, 60.8019828796, 42.2871742249, 8.60396099091, -20.2747783661, -27.8697414398, 12.3477878571, 2.74092054367, -38.2745170593, -9.78477573395, 21.3405036926, 86.0461578369]],
        "icov": [[0.000305285415379, -0.000613974989392, 0.000606546062045, -0.000620188715402, 0.000717306509614, -0.000343081075698, 0.00059363944456, -0.000640139740426, 0.000537359155715, -0.000939451158047, 0.000463685835712, -0.000220660323976, 0.000348035391653], [-0.000613974989392, 0.00552223995328, -0.00343387410976, 0.00390042620711, -0.00518119893968, 0.00387584441341, -0.00501238740981, 0.00453504826874, -0.00448475126177, 0.0046825055033, -0.00417936313897, 0.00352394790389, -0.00123691617046], [0.000606546062045, -0.00343387410976, 0.00438037374988, -0.00327959656715, 0.00275330897421, -0.00351043813862, 0.00393965607509, -0.00301570654847, 0.00315456651151, -0.00236016162671, 0.00163420930039, -0.00235018250532, 0.000293670105748], [-0.000620188715402, 0.00390042620711, -0.00327959656715, 0.00561800226569, -0.00368725811131, 0.00307850190438, -0.00324111990631, 0.00377299962565, -0.00408546440303, 0.0036855363287, -0.00191597768571, 0.00186587392818, -0.00147884106264], [0.000717306509614, -0.00518119893968, 0.00275330897421, -0.00368725811131, 0.00811893120408, -0.00348601280712, 0.00532411877066, -0.00385785894468, 0.00440086005256, -0.00496643129736, 0.00407899683341, -0.00323278852738, 0.00137780467048], [-0.000343081075698, 0.00387584441341, -0.00351043813862, 0.00307850190438, -0.00348601280712, 0.0105682816356, -0.00407698517665, 0.00245907041244, -0.001149553922, -0.000402874633437, -0.00238000205718, 0.00242333393544, 4.35531437688e-005], [0.00059363944456, -0.00501238740981, 0.00393965607509, -0.00324111990631, 0.00532411877066, -0.00407698517665, 0.0102314678952, -0.00516118528321, 0.00635525770485, -0.00428114784881, 0.00445773638785, -0.00503194704652, 0.00270642107353], [-0.000640139740426, 0.00453504826874, -0.00301570654847, 0.00377299962565, -0.00385785894468, 0.00245907041244, -0.00516118528321, 0.013289722614, -0.00506249908358, 0.00458355806768, -0.00294574629515, 0.000994749367237, -0.0024497564882], [0.000537359155715, -0.00448475126177, 0.00315456651151, -0.00408546440303, 0.00440086005256, -0.001149553922, 0.00635525770485, -0.00506249908358, 0.0122203473002, -0.00491306325421, 0.00465673953295, -0.00236524408683, 0.00191658432595], [-0.000939451158047, 0.0046825055033, -0.00236016162671, 0.0036855363287, -0.00496643129736, -0.000402874633437, -0.00428114784881, 0.00458355806768, -0.00491306325421, 0.0143450200558, -0.00414431327954, 0.00747882574797, 8.53150631883e-005], [0.000463685835712, -0.00417936313897, 0.00163420930039, -0.00191597768571, 0.00407899683341, -0.00238000205718, 0.00445773638785, -0.00294574629515, 0.00465673953295, -0.00414431327954, 0.0156036447734, -0.00391026958823, 0.00278233224526], [-0.000220660323976, 0.00352394790389, -0.00235018250532, 0.00186587392818, -0.00323278852738, 0.00242333393544, -0.00503194704652, 0.000994749367237, -0.00236524408683, 0.00747882574797, -0.00391026958823, 0.0163189284503, -0.00202113692649], [0.000348035391653, -0.00123691617046, 0.000293670105748, -0.00147884106264, 0.00137780467048, 4.35531437688e-005, 0.00270642107353, -0.0024497564882, 0.00191658432595, 8.53150631883e-005, 0.00278233224526, -0.00202113692649, 0.0148521708325]]
    },
    "melbands": {
        "mean": [2.42884707404e-005, 0.000188001577044, 0.000215465654037, 0.000491371552926, 0.000687631312758, 0.000290717580356, 0.000471110513899, 0.000891398754902, 0.000370146677596, 0.000187604484381, 0.000162300129887, 9.22755352804e-005, 5.67607639823e-005, 5.97505459154e-005, 7.96851891209e-005, 9.75288930931e-005, 6.86971034156e-005, 5.33880775038e-005, 2.29234810831e-005, 1.99315272766e-005, 3.17274862027e-005, 2.11194219446e-005, 8.75890600582e-006, 5.42296447748e-006, 9.34702711675e-006, 7.12241944711e-006, 3.44376690009e-006, 2.16634566641e-006, 2.73483487945e-006, 3.64110178452e-006, 4.07677998737e-006, 2.86427734864e-006, 8.9029163064e-007, 3.3039043501e-007, 1.84430675176e-007, 9.13799098612e-008, 7.41373327173e-008, 7.98179371486e-008, 8.53905319786e-008, 9.9639564155e-008],
        "var": [6.09636174875e-010, 7.28429370156e-008, 7.3202855333e-008, 4.15060185333e-007, 5.86648639e-007, 2.50684934144e-007, 1.06452091586e-006, 1.97661438506e-006, 5.79608695261e-007, 1.20310915008e-007, 1.15957561775e-007, 6.79445761875e-008, 3.60258027854e-008, 2.89586807867e-008, 7.25723410255e-008, 9.38976896236e-008, 4.93491079112e-008, 2.8637684224e-008, 4.02044397774e-009, 1.60382451764e-009, 3.5446408031e-009, 1.63480107229e-009, 2.96011548606e-010, 1.61411176092e-010, 7.09780512143e-010, 3.51417867028e-010, 7.18382575648e-011, 1.6091402516e-011, 3.13353960835e-011, 9.52056211645e-011, 9.54525833374e-011, 3.82318274261e-011, 3.82415149894e-012, 7.83048484995e-013, 4.46615400912e-013, 6.87157240289e-014, 4.28364381997e-014, 5.50955595979e-014, 7.84677498759e-014, 1.03811748152e-013]
    },
    "mfcc": {
        "mean": [-704.181884766, 149.621994019, -21.3547363281, 22.4490280151, -16.5957832336, -8.10939788818, -18.1839599609, -13.2366065979, 1.87898421288, -14.247048378, 1.50416433811, -6.80990886688, -5.96545028687],
        "cov": [[6179.84814453, -534.202575684, -788.918701172, 24.6480197906, -572.65057373, 103.258407593, -131.179397583, -347.494659424, 191.938751221, 71.9652099609, 337.431060791, 182.032470703, 35.7067146301], [-534.202575684, 1350.19140625, 16.1213970184, -36.5581970215, 199.493896484, 15.7395267487, 111.592155457, 28.942281723, -56.352897644, -55.5032653809, 12.0009841919, 14.2568407059, 28.690656662], [-788.918701172, 16.1213970184, 656.982666016, 144.959228516, 203.048324585, 18.3727931976, -15.3157329559, 80.9812774658, -33.5792160034, -16.3832130432, -77.4044418335, -23.1484127045, 15.9204959869], [24.6480197906, -36.5581970215, 144.959228516, 419.70880127, 152.744995117, 9.81131458282, -83.6037750244, 66.4706420898, 13.8232393265, -5.57147312164, -67.2424545288, -52.2025527954, 42.1306343079], [-572.65057373, 199.493896484, 203.048324585, 152.744995117, 525.16973877, 47.1548233032, -72.4478988647, -34.0263671875, -19.3759651184, 47.0785865784, -40.1024894714, -68.0075073242, 39.3383865356], [103.258407593, 15.7395267487, 18.3727931976, 9.81131458282, 47.1548233032, 201.864746094, 57.7220993042, -66.3120117188, -3.59267926216, 42.7843360901, 45.5665130615, -9.49662971497, 8.23672771454], [-131.179397583, 111.592155457, -15.3157329559, -83.6037750244, -72.4478988647, 57.7220993042, 271.074127197, 10.9621496201, -8.51666736603, -25.1392669678, 23.5612277985, 23.7326374054, -6.56302309036], [-347.494659424, 28.942281723, 80.9812774658, 66.4706420898, -34.0263671875, -66.3120117188, 10.9621496201, 231.648834229, 7.63136339188, -72.8228988647, -61.5091056824, 14.410905838, 13.7071733475], [191.938751221, -56.352897644, -33.5792160034, 13.8232393265, -19.3759651184, -3.59267926216, -8.51666736603, 7.63136339188, 125.588577271, 21.1679401398, 4.22833013535, 16.4592094421, -13.4208869934], [71.9652099609, -55.5032653809, -16.3832130432, -5.57147312164, 47.0785865784, 42.7843360901, -25.1392669678, -72.8228988647, 21.1679401398, 156.577423096, 22.5623207092, -32.4021034241, -16.9274597168], [337.431060791, 12.0009841919, -77.4044418335, -67.2424545288, -40.1024894714, 45.5665130615, 23.5612277985, -61.5091056824, 4.22833013535, 22.5623207092, 153.341796875, 32.4709472656, -14.5409269333], [182.032470703, 14.2568407059, -23.1484127045, -52.2025527954, -68.0075073242, -9.49662971497, 23.7326374054, 14.410905838, 16.4592094421, -32.4021034241, 32.4709472656, 137.7134552, -12.2940235138], [35.7067146301, 28.690656662, 15.9204959869, 42.1306343079, 39.3383865356, 8.23672771454, -6.56302309036, 13.7071733475, -13.4208869934, -16.9274597168, -14.5409269333, -12.2940235138, 98.5969009399]],
        "icov": [[0.000288050126983, 4.01944998885e-005, 0.000207618868444, -0.00027675187448, 0.000298595899949, -6.86168568791e-005, 0.00017223978648, 0.000406322535127, -0.000297120132018, 4.46686608484e-005, -0.000388529413613, -0.000274801859632, -0.000314045406412], [4.01944998885e-005, 0.000892138923518, 0.000155196466949, 9.81358825811e-005, -0.000494256499223, 6.41173828626e-005, -0.000387064967072, -0.000126184924738, 0.00024590283283, 0.000273967685644, -0.000199285263079, -0.000171298728674, -0.000127773499116], [0.000207618868444, 0.000155196466949, 0.00214168522507, -0.000501433911268, -0.000544384296518, -0.000390138797229, -8.37795596453e-006, -0.000389800494304, 0.000355743803084, 7.85541196819e-005, 0.000295974081382, -0.000458992813947, 9.98479008558e-005], [-0.00027675187448, 9.81358825811e-005, -0.000501433911268, 0.00361983664334, -0.00093201251002, -0.000615953817032, 0.000679051328916, -0.00132783921435, -0.000354967749445, 0.00024197465973, 0.000955866242293, 0.000993587309495, -0.000482929579448], [0.000298595899949, -0.000494256499223, -0.000544384296518, -0.00093201251002, 0.00328758056276, -0.000475959037431, 0.000851303746458, 0.00111804180779, -0.000286500930088, -0.00058509549126, -5.61999368074e-005, 0.000363574974472, -0.000951254041865], [-6.86168568791e-005, 6.41173828626e-005, -0.000390138797229, -0.000615953817032, -0.000475959037431, 0.00682418420911, -0.00191814021673, 0.00140809838194, 0.000154269073391, -0.00122257194016, -0.00155209039804, 0.000195356959011, -0.000764677301049], [0.00017223978648, -0.000387064967072, -8.37795596453e-006, 0.000679051328916, 0.000851303746458, -0.00191814021673, 0.00488786445931, -0.0003565417137, -0.000167911333847, 0.00070246058749, -0.000210332756978, -0.000213830338907, -2.97915676128e-006], [0.000406322535127, -0.000126184924738, -0.000389800494304, -0.00132783921435, 0.00111804180779, 0.00140809838194, -0.0003565417137, 0.00704390136525, -0.00121917331126, 0.00195099471603, 0.000928942754399, -0.00080872658873, -0.000841643661261], [-0.000297120132018, 0.00024590283283, 0.000355743803084, -0.000354967749445, -0.000286500930088, 0.000154269073391, -0.000167911333847, -0.00121917331126, 0.00925070792437, -0.00172400800511, 0.000444392353529, -0.00118437421042, 0.0012710893061], [4.46686608484e-005, 0.000273967685644, 7.85541196819e-005, 0.00024197465973, -0.00058509549126, -0.00122257194016, 0.00070246058749, 0.00195099471603, -0.00172400800511, 0.00886374153197, -0.000616629957221, 0.00187466258649, 0.00132902327459], [-0.000388529413613, -0.000199285263079, 0.000295974081382, 0.000955866242293, -5.61999368074e-005, -0.00155209039804, -0.000210332756978, 0.000928942754399, 0.000444392353529, -0.000616629957221, 0.00930514652282, -0.00156281504314, 0.000883467087988], [-0.000274801859632, -0.000171298728674, -0.000458992813947, 0.000993587309495, 0.000363574974472, 0.000195356959011, -0.000213830338907, -0.00080872658873, -0.00118437421042, 0.00187466258649, -0.00156281504314, 0.00928101595491, 0.000823134090751], [-0.000314045406412, -0.000127773499116, 9.98479008558e-005, -0.000482929579448, -0.000951254041865, -0.000764677301049, -2.97915676128e-006, -0.000841643661261, 0.0012710893061, 0.00132902327459, 0.000883467087988, 0.000823134090751, 0.0116777950898]]
    },
    "spectral_contrast_coeffs": {
        "mean": [-0.533110678196, -0.665090620518, -0.712533652782, -0.732043981552, -0.745540320873, -0.701740682125],
        "var": [0.00574461743236, 0.00663709733635, 0.00481822760776, 0.00524091115221, 0.00287812715396, 0.00455632712692]
    },
    "spectral_contrast_valleys": {
        "mean": [-8.68121528625, -7.03708934784, -8.0092754364, -8.55854701996, -8.53348731995, -11.7083864212],
        "var": [0.987367212772, 0.928737282753, 0.863933682442, 0.871079206467, 0.959924221039, 0.951289355755]
    }
},
"metadata": {
    "audio_properties": {
        "analysis_sample_rate": 44100,
        "bit_rate": 128074,
        "equal_loudness": 0,
        "length": 45.0612258911,
        "lossless": 0,
        "replay_gain": -5.96821975708,
        "sample_rate": 44100,
        "codec": "mp3",
        "downmix": "mix",
        "md5_encoded": "c441951bd36dbb6a1a5bfe965cfba10b"
    },
    "tags": {
        "file_name": "1264.mp3"
    },
    "version": {
        "essentia": "2.1-beta2",
        "essentia_git_sha": "v2.1_beta2",
        "extractor": "music 1.0"
    }
},
"rhythm": {
    "beats_count": 68,
    "beats_loudness": {
        "mean": 0.0345873050392,
        "var": 0.00049019465223
    },
    "bpm": 90.9786148071,
    "bpm_histogram_first_peak_bpm": {
        "mean": 91,
        "var": 0
    },
    "bpm_histogram_first_peak_spread": {
        "mean": 0.311475396156,
        "var": 0
    },
    "bpm_histogram_first_peak_weight": {
        "mean": 0.626865684986,
        "var": 0
    },
    "bpm_histogram_second_peak_bpm": {
        "mean": 86,
        "var": 0
    },
    "bpm_histogram_second_peak_spread": {
        "mean": 0,
        "var": 0
    },
    "bpm_histogram_second_peak_weight": {
        "mean": 0.0895522385836,
        "var": 0
    },
    "danceability": 1.2277200222,
    "onset_rate": 3.2163939476,
    "beats_loudness_band_ratio": {
        "mean": [0.0712570697069, 0.248035341501, 0.468338012695, 0.128865480423, 0.0850610658526, 0.0252331662923],
        "var": [0.004949495662, 0.0346362143755, 0.0378679744899, 0.0167487226427, 0.00475466717035, 0.000833437545225]
    },
    "beats_position": [0.673378646374, 1.369977355, 2.06657600403, 2.76317453384, 3.45977306366, 4.15637159348, 4.86458063126, 5.54956912994, 6.2229475975, 6.8963265419, 7.56970500946, 8.2198638916, 8.87002277374, 9.52018165588, 10.1819496155, 10.8321084976, 11.4706573486, 12.1324262619, 12.7941951752, 13.4675731659, 14.1293420792, 14.7911109924, 15.4412698746, 16.1030387878, 16.7648067474, 17.4033565521, 18.0535144806, 18.7152824402, 19.3770523071, 20.0388202667, 20.6889801025, 21.3275279999, 21.9776859283, 22.6394557953, 23.2896137238, 23.9629936218, 24.6131515503, 25.2749195099, 25.9250793457, 26.5868473053, 27.2370071411, 27.8987751007, 28.537322998, 29.1874828339, 29.8492507935, 30.5110206604, 31.1611785889, 31.8229465485, 32.4963264465, 33.1580963135, 33.8198623657, 34.4816322327, 35.1317901611, 35.7935600281, 36.4437179565, 37.1054878235, 37.7440338135, 38.3825836182, 39.0211334229, 39.6596832275, 40.2982292175, 40.9599990845, 41.6101570129, 42.2603149414, 42.9104766846, 43.5838546753, 44.257232666, 44.9306106567]
},
"tonal": {
    "chords_changes_rate": 0.113168723881,
    "chords_number_rate": 0.0113168722019,
    "chords_strength": {
        "mean": 0.513478457928,
        "var": 0.0156683921814
    },
    "hpcp_entropy": {
        "mean": 1.75451374054,
        "var": 0.48164498806
    },
    "key_strength": 0.749051749706,
    "tuning_diatonic_strength": 0.598874151707,
    "tuning_equal_tempered_deviation": 0.0753952786326,
    "tuning_frequency": 442.804626465,
    "tuning_nontempered_energy_ratio": 0.764454901218,
    "hpcp": {
        "mean": [0.135167106986, 0.123393192887, 0.137060254812, 0.191490769386, 0.20536236465, 0.222461313009, 0.21458055079, 0.138445258141, 0.0932996124029, 0.106112807989, 0.150976717472, 0.230962872505, 0.289861321449, 0.230861842632, 0.176900222898, 0.173251360655, 0.125762149692, 0.0825747177005, 0.0621795766056, 0.0640886202455, 0.102134011686, 0.118988059461, 0.0875563919544, 0.0994411185384, 0.129817843437, 0.146876528859, 0.191239178181, 0.180336520076, 0.106146447361, 0.0750381350517, 0.0785155892372, 0.069493368268, 0.0697340816259, 0.0838173404336, 0.0825799554586, 0.101238839328],
        "var": [0.0590084008873, 0.0492921099067, 0.0557827502489, 0.0886978656054, 0.0847442224622, 0.0931781977415, 0.0999468192458, 0.0547497719526, 0.0444030724466, 0.0504580773413, 0.0748666599393, 0.0870786905289, 0.116559766233, 0.0810834988952, 0.0710748657584, 0.0687515065074, 0.0501522049308, 0.0265200342983, 0.0169055331498, 0.0201121047139, 0.0360105670989, 0.0488387160003, 0.0251622200012, 0.0301036331803, 0.0447221472859, 0.046882353723, 0.0736429393291, 0.069560945034, 0.0323154702783, 0.0238314196467, 0.0288238227367, 0.0240079201758, 0.017806680873, 0.0234298706055, 0.0256751235574, 0.034368429333]
    },
    "chords_histogram": [30.3497943878, 0, 2.57201647758, 0, 0.102880656719, 0, 0.102880656719, 1.64609050751, 0, 3.80658435822, 1.33744859695, 0.823045253754, 0, 2.77777767181, 11.2139921188, 0.102880656719, 1.74897122383, 12.448559761, 1.02880656719, 0, 0, 0.102880656719, 0, 29.8353900909],
    "thpcp": [1, 0.796456158161, 0.610292613506, 0.597704291344, 0.433870077133, 0.284876644611, 0.214514911175, 0.221100971103, 0.352354735136, 0.410499960184, 0.302063047886, 0.343064457178, 0.447861909866, 0.506713092327, 0.659760951996, 0.62214756012, 0.366197347641, 0.258875995874, 0.270872950554, 0.239746958017, 0.240577399731, 0.289163589478, 0.284894704819, 0.349266469479, 0.466316461563, 0.42569732666, 0.472847670317, 0.660628914833, 0.708484888077, 0.767475008965, 0.740286946297, 0.477625846863, 0.321876734495, 0.366081297398, 0.520858466625, 0.796804726124],
    "chords_key": "A#",
    "chords_scale": "minor",
    "key_key": "A#",
    "key_scale": "minor"
}
}