{
"lowlevel": {
    "average_loudness": 0.95435243845,
    "barkbands_crest": {
        "mean": 10.3606233597,
        "var": 16.2213363647
    },
    "barkbands_flatness_db": {
        "mean": 0.159976184368,
        "var": 0.00362157914788
    },
    "barkbands_kurtosis": {
        "mean": 7.24786567688,
        "var": 206.758651733
    },
    "barkbands_skewness": {
        "mean": 1.86364138126,
        "var": 1.94908368587
    },
    "barkbands_spread": {
        "mean": 15.4530687332,
        "var": 109.968460083
    },
    "dissonance": {
        "mean": 0.454707086086,
        "var": 0.00109041761607
    },
    "dynamic_complexity": 2.52763724327,
    "erbbands_crest": {
        "mean": 9.46418094635,
        "var": 18.5786972046
    },
    "erbbands_flatness_db": {
        "mean": 0.170542359352,
        "var": 0.00204564793967
    },
    "erbbands_kurtosis": {
        "mean": 0.642670452595,
        "var": 7.08080196381
    },
    "erbbands_skewness": {
        "mean": 0.481072247028,
        "var": 0.619597494602
    },
    "erbbands_spread": {
        "mean": 34.871181488,
        "var": 369.780914307
    },
    "hfc": {
        "mean": 17.9473247528,
        "var": 272.621948242
    },
    "melbands_crest": {
        "mean": 14.1275272369,
        "var": 29.914144516
    },
    "melbands_flatness_db": {
        "mean": 0.23711180687,
        "var": 0.00533245038241
    },
    "melbands_kurtosis": {
        "mean": 16.2596569061,
        "var": 731.73840332
    },
    "melbands_skewness": {
        "mean": 2.73579573631,
        "var": 3.18128800392
    },
    "melbands_spread": {
        "mean": 16.3377151489,
        "var": 126.375305176
    },
    "pitch_salience": {
        "mean": 0.564506053925,
        "var": 0.0106290606782
    },
    "silence_rate_20dB": {
        "mean": 1,
        "var": 0
    },
    "silence_rate_30dB": {
        "mean": 1,
        "var": 0
    },
    "silence_rate_60dB": {
        "mean": 0.00617919676006,
        "var": 0.00614098878577
    },
    "spectral_centroid": {
        "mean": 882.215698242,
        "var": 220374.84375
    },
    "spectral_complexity": {
        "mean": 17.2528324127,
        "var": 58.2280693054
    },
    "spectral_decrease": {
        "mean": -7.21271842252e-009,
        "var": 1.96507193531e-017
    },
    "spectral_energy": {
        "mean": 0.0288503319025,
        "var": 0.000320781342452
    },
    "spectral_energyband_high": {
        "mean": 0.000380468904041,
        "var": 5.91219929902e-007
    },
    "spectral_energyband_low": {
        "mean": 0.00755515741184,
        "var": 5.65772497794e-005
    },
    "spectral_energyband_middle_high": {
        "mean": 0.00662571052089,
        "var": 0.000102181249531
    },
    "spectral_energyband_middle_low": {
        "mean": 0.0157571025193,
        "var": 0.000119950491353
    },
    "spectral_entropy": {
        "mean": 7.24788093567,
        "var": 0.276859879494
    },
    "spectral_flux": {
        "mean": 0.0815122202039,
        "var": 0.00198995042592
    },
    "spectral_kurtosis": {
        "mean": 7.44997787476,
        "var": 37.3303375244
    },
    "spectral_rms": {
        "mean": 0.00505240354687,
        "var": 2.61992659034e-006
    },
    "spectral_rolloff": {
        "mean": 983.46270752,
        "var": 944982.125
    },
    "spectral_skewness": {
        "mean": 2.01000094414,
        "var": 0.520422101021
    },
    "spectral_spread": {
        "mean": 4071843,
        "var": 3.32449788723e+012
    },
    "spectral_strongpeak": {
        "mean": 1.12370753288,
        "var": 2.13834500313
    },
    "zerocrossingrate": {
        "mean": 0.0416338965297,
        "var": 0.000657181837596
    },
    "barkbands": {
        "mean": [0.000192793828319, 0.00326852803119, 0.00274965725839, 0.00282317539677, 0.00621386338025, 0.00218211230822, 0.00143958581612, 0.0013464174699, 0.00153198023327, 0.00174415367655, 0.000945773266722, 0.000859649153426, 0.000555167847779, 0.000703271129169, 0.000635443255305, 0.000595595804043, 0.000309188675601, 0.000147781407577, 0.000177775975317, 0.000105882361822, 8.25214592624e-005, 5.91475291003e-005, 8.02517897682e-005, 5.24714814674e-005, 3.08680901071e-005, 1.65401561389e-005, 7.57844418331e-007],
        "var": [9.27646937043e-008, 2.15471900447e-005, 1.22445508168e-005, 8.66654590936e-006, 3.72937865905e-005, 9.6749063232e-006, 6.49314188195e-006, 7.49856872062e-006, 1.24764192151e-005, 2.21181689994e-005, 8.03445709607e-006, 1.07931255116e-005, 1.30317346247e-006, 3.3404307942e-006, 1.69741906575e-006, 2.07420998777e-006, 2.67941970833e-007, 7.86704461575e-008, 8.29589978935e-008, 4.08757792059e-008, 2.83124510503e-008, 1.93306739504e-008, 7.22999899949e-008, 3.02235889649e-008, 8.81018280552e-009, 2.02087768741e-009, 8.59293539102e-012]
    },
    "erbbands": {
        "mean": [0.0962237939239, 0.735897004604, 3.03677892685, 6.53723192215, 11.9578037262, 22.1638660431, 28.2973480225, 15.6200752258, 18.5177974701, 21.3679504395, 34.7387695313, 38.6642799377, 32.4643936157, 59.5254936218, 43.7944450378, 32.3288917542, 28.6699542999, 29.4498348236, 35.1059379578, 36.0499610901, 31.882604599, 17.3935165405, 9.07523441315, 9.26209449768, 7.55957603455, 5.36961221695, 4.39530134201, 2.43834686279, 2.04460549355, 2.19076085091, 2.3277733326, 1.44823598862, 0.720465958118, 0.392801702023, 0.195812180638, 0.0854358747602, 0.0277593135834, 0.00402862532064, 0.000116166491352, 3.6922563595e-005],
        "var": [0.0226402170956, 1.20364677906, 14.1315574646, 41.4490661621, 210.943939209, 545.620544434, 1393.71557617, 622.301757813, 1027.60998535, 942.168151855, 4076.86962891, 8664.859375, 5509.42382813, 31684.8710938, 15269.3525391, 17720.3242188, 3441.91064453, 5695.97021484, 4936.99023438, 5881.74169922, 6912.48925781, 718.301635742, 283.749298096, 227.371658325, 177.511169434, 113.826347351, 90.4235992432, 23.9326782227, 20.3484153748, 44.5738983154, 65.2409439087, 21.5953540802, 6.60221529007, 1.42429077625, 0.393367171288, 0.0507182478905, 0.00711492076516, 0.000190571066923, 1.37399766231e-007, 5.90275162082e-010]
    },
    "gfcc": {
        "mean": [-10.0462245941, 116.637031555, -109.44997406, 23.5163516998, -52.852897644, 10.1874809265, -43.9175186157, 5.14736509323, -27.9775943756, -1.76941049099, -19.2012863159, -3.41586112976, -9.57700061798],
        "cov": [[5474.81884766, -1001.93566895, -1037.14147949, 128.289154053, -139.539794922, 331.569885254, -99.3834762573, 166.253738403, 25.274930954, 182.673309326, -173.906036377, 201.055755615, 4.20924186707], [-1001.93566895, 951.498535156, -43.3970565796, -193.010543823, 271.339691162, -95.4131011963, 145.407119751, -62.3995933533, 47.7505264282, -56.9996109009, 82.114364624, -113.84803772, 78.2149276733], [-1037.14147949, -43.3970565796, 879.988769531, 153.527053833, -71.3125076294, 36.8162307739, -43.3465003967, -13.9916820526, -11.0881090164, 6.89135885239, 16.1723442078, 8.88971138, -117.364326477], [128.289154053, -193.010543823, 153.527053833, 381.72756958, -14.0196380615, 40.3474311829, 27.0478439331, 2.83913087845, 50.700466156, 21.6576900482, 28.7646102905, 29.4570198059, -29.3535499573], [-139.539794922, 271.339691162, -71.3125076294, -14.0196380615, 316.500488281, 31.6979866028, 78.6153411865, 46.1593399048, 25.0684070587, 16.4149894714, 21.733165741, -17.4371433258, 49.9433403015], [331.569885254, -95.4131011963, 36.8162307739, 40.3474311829, 31.6979866028, 268.018280029, 62.4127197266, -46.9276237488, 32.834400177, 34.5849227905, -10.8150444031, 24.2828655243, -10.2396211624], [-99.3834762573, 145.407119751, -43.3465003967, 27.0478439331, 78.6153411865, 62.4127197266, 170.068435669, 31.5954360962, 46.0061607361, 1.64384365082, 21.1652927399, -13.0996217728, 27.9237442017], [166.253738403, -62.3995933533, -13.9916820526, 2.83913087845, 46.1593399048, -46.9276237488, 31.5954360962, 196.146591187, 39.6779441833, 22.3416175842, -12.4521093369, 12.5400953293, 15.2852964401], [25.274930954, 47.7505264282, -11.0881090164, 50.700466156, 25.0684070587, 32.834400177, 46.0061607361, 39.6779441833, 123.085861206, 35.9450263977, 3.48444604874, 1.08940470219, 20.5745887756], [182.673309326, -56.9996109009, 6.89135885239, 21.6576900482, 16.4149894714, 34.5849227905, 1.64384365082, 22.3416175842, 35.9450263977, 100.899147034, 16.7209682465, 18.7361507416, -0.761542975903], [-173.906036377, 82.114364624, 16.1723442078, 28.7646102905, 21.733165741, -10.8150444031, 21.1652927399, -12.4521093369, 3.48444604874, 16.7209682465, 85.9105758667, 18.4511928558, 10.0049962997], [201.055755615, -113.84803772, 8.88971138, 29.4570198059, -17.4371433258, 24.2828655243, -13.0996217728, 12.5400953293, 1.08940470219, 18.7361507416, 18.4511928558, 77.8216171265, 11.3253202438], [4.20924186707, 78.2149276733, -117.364326477, -29.3535499573, 49.9433403015, -10.2396211624, 27.9237442017, 15.2852964401, 20.5745887756, -0.761542975903, 10.0049962997, 11.3253202438, 89.6472244263]],
        "icov": [[0.000517100968864, -0.00024830235634, 0.000873855664395, -0.000556511222385, 0.00041407707613, -0.000890079129022, 0.000624637119472, -0.00078858085908, 0.000571171753109, -0.000783137162216, 0.00112538924441, -0.00116588419769, 0.000645661377348], [-0.00024830235634, 0.00453596794978, -0.00126046966761, 0.00284383795224, -0.00331078958698, 0.00283260084689, -0.00292812567204, 0.0034396389965, -0.00349164847285, 0.00247225631028, -0.00424473918974, 0.00433923862875, -0.00142336147837], [0.000873855664395, -0.00126046966761, 0.0031137119513, -0.00185180956032, 0.00132349936757, -0.00218957802281, 0.00188783567864, -0.0021030746866, 0.0015323611442, -0.00150268652942, 0.0020853492897, -0.00271909148432, 0.00305820559151], [-0.000556511222385, 0.00284383795224, -0.00185180956032, 0.0053618173115, -0.002231631428, 0.00238458765671, -0.00270927138627, 0.00286877481267, -0.00399613101035, 0.00224673864432, -0.00405723182485, 0.00211378093809, -0.000131378124934], [0.00041407707613, -0.00331078958698, 0.00132349936757, -0.002231631428, 0.00665871053934, -0.00317458272912, 0.00140962086152, -0.00387638155371, 0.00330687547103, -0.00264475285076, 0.0023524616845, -0.00172537495382, -0.000805235467851], [-0.000890079129022, 0.00283260084689, -0.00218957802281, 0.00238458765671, -0.00317458272912, 0.00874830130488, -0.00552532216534, 0.00579998455942, -0.0036930104252, 0.000511070014909, -0.00085879600374, 0.000639098754618, -0.000148358871229], [0.000624637119472, -0.00292812567204, 0.00188783567864, -0.00270927138627, 0.00140962086152, -0.00552532216534, 0.0117913279682, -0.00495119858533, 0.000707852304913, 2.8746218959e-005, -1.15735929285e-005, -0.000240404129727, -0.000265792710707], [-0.00078858085908, 0.0034396389965, -0.0021030746866, 0.00286877481267, -0.00387638155371, 0.00579998455942, -0.00495119858533, 0.0105902757496, -0.00494459411129, 0.000980050419457, -0.00111543829553, 0.00126486318186, -0.00111152452882], [0.000571171753109, -0.00349164847285, 0.0015323611442, -0.00399613101035, 0.00330687547103, -0.0036930104252, 0.000707852304913, -0.00494459411129, 0.0147189684212, -0.00607711169869, 0.00455881562084, -0.00202690786682, -0.00160673412029], [-0.000783137162216, 0.00247225631028, -0.00150268652942, 0.00224673864432, -0.00264475285076, 0.000511070014909, 2.8746218959e-005, 0.000980050419457, -0.00607711169869, 0.0152809070423, -0.00672007072717, 0.00205268710852, 1.91081617231e-005], [0.00112538924441, -0.00424473918974, 0.0020853492897, -0.00405723182485, 0.0023524616845, -0.00085879600374, -1.15735929285e-005, -0.00111543829553, 0.00455881562084, -0.00672007072717, 0.0212778560817, -0.0105845620856, 0.00169643992558], [-0.00116588419769, 0.00433923862875, -0.00271909148432, 0.00211378093809, -0.00172537495382, 0.000639098754618, -0.000240404129727, 0.00126486318186, -0.00202690786682, 0.00205268710852, -0.0105845620856, 0.0239626746625, -0.00706869922578], [0.000645661377348, -0.00142336147837, 0.00305820559151, -0.000131378124934, -0.000805235467851, -0.000148358871229, -0.000265792710707, -0.00111152452882, -0.00160673412029, 1.91081617231e-005, 0.00169643992558, -0.00706869922578, 0.0181036498398]]
    },
    "melbands": {
        "mean": [0.000858014682308, 0.00137580791488, 0.00128728908021, 0.00121376349125, 0.0010509173153, 0.000352924485924, 0.00029032092425, 0.000250129844062, 0.000295859557809, 0.00021781102987, 0.000161885240232, 0.000251929479418, 0.00015108777734, 0.00010786412895, 6.26900728093e-005, 5.40187975275e-005, 5.66063717997e-005, 6.02100299147e-005, 4.6626515541e-005, 4.10606844525e-005, 3.65226551367e-005, 1.78722457349e-005, 1.20571994557e-005, 6.53917413729e-006, 7.56925737733e-006, 6.52228163744e-006, 3.78610297957e-006, 3.46317415278e-006, 3.12106658384e-006, 1.81081054507e-006, 1.24873372442e-006, 1.11675149128e-006, 1.18173011288e-006, 1.22251765333e-006, 1.35464802042e-006, 1.24260770917e-006, 7.49674200051e-007, 5.19682600952e-007, 4.12785084336e-007, 3.01004916992e-007],
        "var": [1.53646658418e-006, 2.859838105e-006, 1.51688925598e-006, 1.58302475484e-006, 1.59105479725e-006, 3.0446219057e-007, 2.72575164217e-007, 1.41518512464e-007, 2.67573511792e-007, 2.74454691862e-007, 1.52090606775e-007, 5.83012422339e-007, 1.88720250094e-007, 1.53609263975e-007, 3.83641634016e-008, 1.23846897182e-008, 2.50484610831e-008, 1.86141164704e-008, 1.08700506374e-008, 9.21406950738e-009, 9.78379510741e-009, 7.67870766971e-010, 1.08846054392e-009, 1.2148809736e-010, 1.69295272245e-010, 1.65129687701e-010, 3.8935788621e-011, 5.00424909844e-011, 5.47448336663e-011, 1.49416382045e-011, 6.65067740463e-012, 6.48567050759e-012, 1.12838254365e-011, 1.49683234557e-011, 2.41043313781e-011, 1.75044197886e-011, 6.25528101539e-012, 3.82165089505e-012, 2.12907339328e-012, 7.74896097809e-013]
    },
    "mfcc": {
        "mean": [-656.631774902, 148.637161255, 2.03237462044, 18.7971954346, 9.81013011932, 2.46109390259, -1.41351485252, -0.936206519604, -2.66440606117, 0.515573322773, -8.66816997528, -2.6474840641, -2.81222486496],
        "cov": [[5635.90429688, -1169.58776855, -945.125732422, -237.756469727, -154.349807739, 191.414108276, -155.100875854, 109.738769531, 96.6040878296, 144.195541382, -74.4596939087, -20.2960109711, 87.2484283447], [-1169.58776855, 1093.14880371, -203.022018433, -56.5486602783, 87.2058105469, -54.4766197205, 121.41860199, -47.7736701965, 46.6393623352, 2.31175804138, 23.3647117615, -4.15339565277, -23.1206760406], [-945.125732422, -203.022018433, 849.674682617, 100.407157898, 6.10301494598, 72.2108459473, -45.532371521, 24.0216007233, -78.5664825439, -53.3813476563, 62.7982330322, 36.8303718567, 9.33045482635], [-237.756469727, -56.5486602783, 100.407157898, 310.311798096, 56.9640083313, -48.6885719299, 20.6346511841, 24.1653442383, 14.3900718689, 14.2623958588, 22.1517887115, 39.9832839966, 16.7270183563], [-154.349807739, 87.2058105469, 6.10301494598, 56.9640083313, 180.463989258, 16.4841918945, 36.2261657715, 12.5225601196, 26.698633194, 15.7846508026, 5.90574550629, 15.9960069656, 15.0454568863], [191.414108276, -54.4766197205, 72.2108459473, -48.6885719299, 16.4841918945, 314.48425293, 29.8226280212, 26.664899826, 5.18284702301, 0.66216146946, 23.5811710358, 12.4422063828, 35.0336685181], [-155.100875854, 121.41860199, -45.532371521, 20.6346511841, 36.2261657715, 29.8226280212, 140.558380127, 30.19231987, 14.2525272369, 9.95346927643, 11.1937837601, 13.3386888504, -4.8534579277], [109.738769531, -47.7736701965, 24.0216007233, 24.1653442383, 12.5225601196, 26.664899826, 30.19231987, 114.060371399, 44.5410308838, 13.6134529114, 12.319562912, 15.3132171631, 11.4269657135], [96.6040878296, 46.6393623352, -78.5664825439, 14.3900718689, 26.698633194, 5.18284702301, 14.2525272369, 44.5410308838, 132.523971558, 66.7203063965, 3.24688434601, 3.52245020866, 25.8592529297], [144.195541382, 2.31175804138, -53.3813476563, 14.2623958588, 15.7846508026, 0.66216146946, 9.95346927643, 13.6134529114, 66.7203063965, 101.936027527, 19.854681015, -4.24490642548, 14.8821315765], [-74.4596939087, 23.3647117615, 62.7982330322, 22.1517887115, 5.90574550629, 23.5811710358, 11.1937837601, 12.319562912, 3.24688434601, 19.854681015, 83.7448425293, 33.2418518066, 5.77635526657], [-20.2960109711, -4.15339565277, 36.8303718567, 39.9832839966, 15.9960069656, 12.4422063828, 13.3386888504, 15.3132171631, 3.52245020866, -4.24490642548, 33.2418518066, 81.130065918, 29.8750839233], [87.2484283447, -23.1206760406, 9.33045482635, 16.7270183563, 15.0454568863, 35.0336685181, -4.8534579277, 11.4269657135, 25.8592529297, 14.8821315765, 5.77635526657, 29.8750839233, 65.2778167725]],
        "icov": [[0.000439237221144, 0.000511309423018, 0.000644490181003, 0.00022257733508, 5.43139831279e-005, -0.000259344407823, 0.000365642656107, -0.000422209617682, 0.000224704679567, -0.000418276526034, -5.03317569382e-005, -0.000134723100928, -0.000254907703493], [0.000511309423018, 0.00185250793584, 0.000912451301701, 0.000611410068814, -0.000472220475785, 3.8359019527e-005, -0.000724843062926, 0.000526413787156, -0.000689792796038, 0.000365035608411, -0.000959931581747, 0.000111113680759, -0.000148018982145], [0.000644490181003, 0.000912451301701, 0.00249110511504, -0.000160295167007, -9.1745343525e-005, -0.000704923179001, 0.00113571365364, -0.00109520449769, 0.00109652243555, 5.69656840526e-005, -0.00130493706092, -2.41567431658e-005, -0.000498428184073], [0.00022257733508, 0.000611410068814, -0.000160295167007, 0.00424451893196, -0.00113597209565, 0.000952516042162, -0.000596077530645, -0.00037898865412, -0.000111107590783, -0.000577243510634, -0.000297601422062, -0.00139133399352, -0.000534301623702], [5.43139831279e-005, -0.000472220475785, -9.1745343525e-005, -0.00113597209565, 0.00663079414517, -0.000470560218673, -0.000940651923884, 6.80924404151e-006, -0.000604122120421, -0.000553530931938, 0.000755157496314, -0.000530127203092, -0.000741218333133], [-0.000259344407823, 3.8359019527e-005, -0.000704923179001, 0.000952516042162, -0.000470560218673, 0.00416943989694, -0.00155465875287, -8.80647130543e-005, -0.000141737938975, 0.000826719740871, -0.00130673393141, 0.00101661821827, -0.00249445950612], [0.000365642656107, -0.000724843062926, 0.00113571365364, -0.000596077530645, -0.000940651923884, -0.00155465875287, 0.010091194883, -0.00335510959849, 0.00144302891567, -0.0016459064791, 0.00042668444803, -0.00193435838446, 0.00228485721163], [-0.000422209617682, 0.000526413787156, -0.00109520449769, -0.00037898865412, 6.80924404151e-006, -8.80647130543e-005, -0.00335510959849, 0.012703881599, -0.00577935110778, 0.00259138876572, -0.00119714683387, -0.000591961492319, 0.000652330520097], [0.000224704679567, -0.000689792796038, 0.00109652243555, -0.000111107590783, -0.000604122120421, -0.000141737938975, 0.00144302891567, -0.00577935110778, 0.0153380921111, -0.00894670188427, 0.00217247311957, -0.000166309604538, -0.00349112786353], [-0.000418276526034, 0.000365035608411, 5.69656840526e-005, -0.000577243510634, -0.000553530931938, 0.000826719740871, -0.0016459064791, 0.00259138876572, -0.00894670188427, 0.0180080179125, -0.00634679477662, 0.00467980559915, -0.00220546522178], [-5.03317569382e-005, -0.000959931581747, -0.00130493706092, -0.000297601422062, 0.000755157496314, -0.00130673393141, 0.00042668444803, -0.00119714683387, 0.00217247311957, -0.00634679477662, 0.0181112941355, -0.00825967174023, 0.00352241867222], [-0.000134723100928, 0.000111113680759, -2.41567431658e-005, -0.00139133399352, -0.000530127203092, 0.00101661821827, -0.00193435838446, -0.000591961492319, -0.000166309604538, 0.00467980559915, -0.00825967174023, 0.020525155589, -0.00954791437835], [-0.000254907703493, -0.000148018982145, -0.000498428184073, -0.000534301623702, -0.000741218333133, -0.00249445950612, 0.00228485721163, 0.000652330520097, -0.00349112786353, -0.00220546522178, 0.00352241867222, -0.00954791437835, 0.0233246330172]]
    },
    "spectral_contrast_coeffs": {
        "mean": [-0.584884285927, -0.725752949715, -0.747310519218, -0.77436029911, -0.792434513569, -0.787455022335],
        "var": [0.00726856756955, 0.0044865142554, 0.00637315167114, 0.00383171089925, 0.00283691636287, 0.00118478515651]
    },
    "spectral_contrast_valleys": {
        "mean": [-7.14399576187, -6.56552410126, -7.35215330124, -7.74221611023, -7.88192033768, -10.4785556793],
        "var": [0.848428010941, 0.652072310448, 0.797758042812, 1.00872802734, 0.969144701958, 1.06315791607]
    }
},
"metadata": {
    "audio_properties": {
        "analysis_sample_rate": 44100,
        "bit_rate": 128074,
        "equal_loudness": 0,
        "length": 45.0612258911,
        "lossless": 0,
        "replay_gain": -5.33066940308,
        "sample_rate": 44100,
        "codec": "mp3",
        "downmix": "mix",
        "md5_encoded": "0be11e218af19c3c083b85820637c9e3"
    },
    "tags": {
        "file_name": "1265.mp3"
    },
    "version": {
        "essentia": "2.1-beta2",
        "essentia_git_sha": "v2.1_beta2",
        "extractor": "music 1.0"
    }
},
"rhythm": {
    "beats_count": 123,
    "beats_loudness": {
        "mean": 0.0370257347822,
        "var": 0.000281064363662
    },
    "bpm": 165.253799438,
    "bpm_histogram_first_peak_bpm": {
        "mean": 167,
        "var": 0
    },
    "bpm_histogram_first_peak_spread": {
        "mean": 0,
        "var": 0
    },
    "bpm_histogram_first_peak_weight": {
        "mean": 0.655737698078,
        "var": 0
    },
    "bpm_histogram_second_peak_bpm": {
        "mean": 161,
        "var": 0
    },
    "bpm_histogram_second_peak_spread": {
        "mean": 0.0312499646097,
        "var": 0
    },
    "bpm_histogram_second_peak_weight": {
        "mean": 0.25409835577,
        "var": 0
    },
    "danceability": 1.18341195583,
    "onset_rate": 3.46039628983,
    "beats_loudness_band_ratio": {
        "mean": [0.386717230082, 0.29559892416, 0.155079603195, 0.124662518501, 0.0622501634061, 0.0255027264357],
        "var": [0.0500117689371, 0.0360318161547, 0.0124812666327, 0.0168080069125, 0.00362678640522, 0.000888799957465]
    },
    "beats_position": [0.394739210606, 0.812698423862, 1.20743763447, 1.57895684242, 1.95047616959, 2.32199549675, 2.69351458549, 3.05342388153, 3.41333317757, 3.76163268089, 4.12154197693, 4.48145103455, 4.82975053787, 5.18965959549, 5.54956912994, 5.90947818756, 6.26938772202, 6.62929677963, 6.98920631409, 7.3491153717, 7.70902490616, 8.05732440948, 8.42884349823, 8.80036258698, 9.16027164459, 9.52018165588, 9.89170074463, 10.2632198334, 10.6115188599, 10.9714279175, 11.3313379288, 11.6912469864, 12.051156044, 12.4110651016, 12.7709751129, 13.1308841705, 13.4907932281, 13.8623123169, 14.2222223282, 14.5821313858, 14.9304304123, 15.2903394699, 15.6502494812, 16.0101585388, 16.3700675964, 16.7299766541, 17.0898857117, 17.4497947693, 17.8097057343, 18.1696147919, 18.5295238495, 18.9010429382, 19.2609519958, 19.6208610535, 19.9807701111, 20.3406791687, 20.7121982574, 21.0837192535, 21.4204082489, 21.7803173065, 22.1402263641, 22.5001354218, 22.8600444794, 23.219953537, 23.5914726257, 23.9513835907, 24.3112926483, 24.6712017059, 25.0311107635, 25.3910198212, 25.7509288788, 26.1224479675, 26.4823570251, 26.8422679901, 27.2021770477, 27.5620861053, 27.9103851318, 28.2702941895, 28.6302032471, 28.9901123047, 29.3500213623, 29.7215423584, 30.081451416, 30.4413604736, 30.8012695313, 31.1611785889, 31.5210876465, 31.8809967041, 32.2409057617, 32.5892066956, 32.960723877, 33.3206329346, 33.6805419922, 34.0404510498, 34.4119720459, 34.783493042, 35.1550102234, 35.5265312195, 35.8980484009, 36.2811775208, 36.6526985168, 37.0242156982, 37.3957366943, 37.7672538757, 38.1271629333, 38.4870758057, 38.8585929871, 39.2185020447, 39.5784111023, 39.9499320984, 40.309841156, 40.6697502136, 41.0296592712, 41.3895683289, 41.7494773865, 42.1093864441, 42.4692955017, 42.8408164978, 43.2123336792, 43.5722427368, 43.9321517944, 44.3036727905, 44.6751937866]
},
"tonal": {
    "chords_changes_rate": 0.0401234552264,
    "chords_number_rate": 0.00925925932825,
    "chords_strength": {
        "mean": 0.585126876831,
        "var": 0.0118542425334
    },
    "hpcp_entropy": {
        "mean": 1.8645478487,
        "var": 0.578643977642
    },
    "key_strength": 0.892565369606,
    "tuning_diatonic_strength": 0.743956744671,
    "tuning_equal_tempered_deviation": 0.257740169764,
    "tuning_frequency": 434.193115234,
    "tuning_nontempered_energy_ratio": 0.921596169472,
    "hpcp": {
        "mean": [0.349671036005, 0.342693984509, 0.175367981195, 0.0803059190512, 0.0574994124472, 0.0644214525819, 0.12477209419, 0.172783821821, 0.120799101889, 0.0653536021709, 0.0605719834566, 0.0907238349319, 0.169320836663, 0.22091704607, 0.180970415473, 0.163752615452, 0.172640308738, 0.100846126676, 0.0417067334056, 0.0418815389276, 0.088456787169, 0.258973568678, 0.339290469885, 0.237238898873, 0.162618070841, 0.0908320099115, 0.0386023782194, 0.0707079395652, 0.10714430362, 0.0973745658994, 0.0872983261943, 0.0815723538399, 0.0743624418974, 0.0908803790808, 0.0976347923279, 0.17746783793],
        "var": [0.145631954074, 0.116942681372, 0.0599297955632, 0.026679398492, 0.0198565255851, 0.0227238368243, 0.0416866503656, 0.0663386806846, 0.0376546755433, 0.0209594964981, 0.0233561042696, 0.0398664362729, 0.0684723928571, 0.0813093483448, 0.0627109855413, 0.0579703710973, 0.0877234861255, 0.0397892184556, 0.010055847466, 0.0137456338853, 0.02350265719, 0.0847637951374, 0.126021817327, 0.0677493661642, 0.0628140121698, 0.0258252192289, 0.0125876720995, 0.0264881309122, 0.0530501864851, 0.038193475455, 0.0361622944474, 0.0338054411113, 0.0274499263614, 0.036647297442, 0.0332895666361, 0.0495212040842]
    },
    "chords_histogram": [61.7283935547, 4.73251008987, 3.80658435822, 0, 0, 0, 0.925925910473, 0, 0, 0, 0, 0, 0, 0, 0, 6.27572011948, 0, 2.46913576126, 0, 4.83539104462, 0, 3.70370364189, 7.09876537323, 4.42386817932],
    "thpcp": [1, 0.98004680872, 0.501522779465, 0.229661345482, 0.164438590407, 0.184234455228, 0.35682708025, 0.494132488966, 0.345465004444, 0.186900243163, 0.173225626349, 0.25945481658, 0.484228938818, 0.631785392761, 0.517544746399, 0.468304783106, 0.493722081184, 0.288402855396, 0.119274199009, 0.119774118066, 0.252971440554, 0.740620613098, 0.970313310623, 0.678463101387, 0.465060174465, 0.259764194489, 0.110396273434, 0.202212750912, 0.306414574385, 0.278474777937, 0.249658435583, 0.233283132315, 0.212664008141, 0.259902507067, 0.279219001532, 0.50752800703],
    "chords_key": "A",
    "chords_scale": "major",
    "key_key": "A",
    "key_scale": "major"
}
}