{
"lowlevel": {
    "average_loudness": 0.923317730427,
    "barkbands_crest": {
        "mean": 10.5129384995,
        "var": 12.1107912064
    },
    "barkbands_flatness_db": {
        "mean": 0.231803327799,
        "var": 0.00246778666042
    },
    "barkbands_kurtosis": {
        "mean": 8.69830989838,
        "var": 41.3511772156
    },
    "barkbands_skewness": {
        "mean": 2.23242163658,
        "var": 0.6026288867
    },
    "barkbands_spread": {
        "mean": 7.22620725632,
        "var": 16.9329280853
    },
    "dissonance": {
        "mean": 0.427574038506,
        "var": 0.00151208182797
    },
    "dynamic_complexity": 2.81636548042,
    "erbbands_crest": {
        "mean": 10.1980552673,
        "var": 16.6339588165
    },
    "erbbands_flatness_db": {
        "mean": 0.236884728074,
        "var": 0.00213867495768
    },
    "erbbands_kurtosis": {
        "mean": 1.76875972748,
        "var": 9.40700721741
    },
    "erbbands_skewness": {
        "mean": 1.20777320862,
        "var": 0.341305136681
    },
    "erbbands_spread": {
        "mean": 24.5977916718,
        "var": 136.0597229
    },
    "hfc": {
        "mean": 9.64683246613,
        "var": 73.5841903687
    },
    "melbands_crest": {
        "mean": 12.7642059326,
        "var": 16.6950798035
    },
    "melbands_flatness_db": {
        "mean": 0.296000391245,
        "var": 0.0033844599966
    },
    "melbands_kurtosis": {
        "mean": 13.212269783,
        "var": 84.3045196533
    },
    "melbands_skewness": {
        "mean": 2.5056784153,
        "var": 0.996652960777
    },
    "melbands_spread": {
        "mean": 8.15292835236,
        "var": 21.6479740143
    },
    "pitch_salience": {
        "mean": 0.642677783966,
        "var": 0.00731905689463
    },
    "silence_rate_20dB": {
        "mean": 1,
        "var": 0
    },
    "silence_rate_30dB": {
        "mean": 0.996395468712,
        "var": 0.00359150767326
    },
    "silence_rate_60dB": {
        "mean": 0.0308959838003,
        "var": 0.0299406535923
    },
    "spectral_centroid": {
        "mean": 571.504455566,
        "var": 65918.2578125
    },
    "spectral_complexity": {
        "mean": 12.9979400635,
        "var": 25.4943656921
    },
    "spectral_decrease": {
        "mean": -5.91884363743e-009,
        "var": 2.3023027177e-017
    },
    "spectral_energy": {
        "mean": 0.0232140850276,
        "var": 0.000353891955456
    },
    "spectral_energyband_high": {
        "mean": 5.036647417e-005,
        "var": 6.33583141507e-009
    },
    "spectral_energyband_low": {
        "mean": 0.00328475655988,
        "var": 9.6062767625e-006
    },
    "spectral_energyband_middle_high": {
        "mean": 0.00152886158321,
        "var": 3.55978340849e-006
    },
    "spectral_energyband_middle_low": {
        "mean": 0.019396642223,
        "var": 0.000280166626908
    },
    "spectral_entropy": {
        "mean": 6.69734811783,
        "var": 0.196411803365
    },
    "spectral_flux": {
        "mean": 0.0658380761743,
        "var": 0.00149786937982
    },
    "spectral_kurtosis": {
        "mean": 13.8579959869,
        "var": 162.286987305
    },
    "spectral_rms": {
        "mean": 0.00439823558554,
        "var": 3.30339867105e-006
    },
    "spectral_rolloff": {
        "mean": 551.690063477,
        "var": 248459.140625
    },
    "spectral_skewness": {
        "mean": 2.51149725914,
        "var": 1.07764208317
    },
    "spectral_spread": {
        "mean": 2721982,
        "var": 2.17423413248e+012
    },
    "spectral_strongpeak": {
        "mean": 0.906780123711,
        "var": 0.553387522697
    },
    "zerocrossingrate": {
        "mean": 0.026027251035,
        "var": 0.000221505950321
    },
    "barkbands": {
        "mean": [9.5701243481e-006, 0.000299873092445, 0.00195047643501, 0.00182119768579, 0.00660295551643, 0.00567846186459, 0.00303118536249, 0.00129672023468, 0.000922926934436, 0.000265110429609, 0.000150167164975, 0.000223178692977, 0.000214008541661, 0.000130796732265, 0.000131510561914, 9.19439116842e-005, 0.000128645900986, 5.52231686015e-005, 0.000130673928652, 3.45052576449e-005, 1.73723219632e-005, 1.56459263962e-005, 3.5039274735e-006, 5.12752785653e-006, 2.59795228885e-006, 7.09524272224e-007, 9.25846954658e-010],
        "var": [7.03461011664e-010, 2.3503490354e-007, 4.61024592369e-006, 6.25076472716e-006, 4.9917067372e-005, 8.93474280019e-005, 3.04645927827e-005, 7.37841173759e-006, 4.14973283114e-006, 1.83510422858e-007, 1.99468402684e-007, 4.03321195108e-007, 2.49780640615e-007, 4.15861158842e-008, 9.29602208544e-008, 3.81671334537e-008, 6.87450807391e-008, 1.26878720863e-008, 1.6148611337e-007, 4.08853573219e-009, 1.05222630609e-009, 9.25193921475e-010, 4.03397905357e-011, 3.71360969753e-010, 4.61600306589e-011, 4.65672249025e-012, 3.84023769257e-018]
    },
    "erbbands": {
        "mean": [0.00472667301074, 0.113183915615, 1.66835558414, 5.01743888855, 11.217218399, 25.3345870972, 36.0799446106, 47.8588981628, 48.8743972778, 31.8226032257, 29.7733325958, 25.3182163239, 7.06122922897, 9.98771381378, 7.35053300858, 9.52867126465, 10.4567375183, 7.63020420074, 6.96587562561, 5.80318498611, 5.100086689, 6.94215965271, 3.5873260498, 4.84207963943, 6.20614004135, 1.55880522728, 0.544525325298, 0.820505559444, 0.568767726421, 0.274650245905, 0.0898976102471, 0.102799907327, 0.0855090618134, 0.0330233536661, 0.0151433618739, 0.00559802399948, 0.000650175497867, 5.033695561e-005, 1.24419839267e-005, 2.61769528151e-005],
        "var": [9.14563352126e-005, 0.0231414940208, 3.41105818748, 29.4536972046, 149.72769165, 939.990600586, 3435.6953125, 7273.63134766, 7334.01660156, 4411.05712891, 3326.78979492, 2916.00219727, 162.334564209, 244.603759766, 493.586456299, 741.394348145, 578.469299316, 137.955200195, 142.827209473, 150.705718994, 131.523773193, 213.639816284, 44.9681396484, 195.169219971, 301.864532471, 8.64500045776, 0.868911683559, 2.45515584946, 1.26412880421, 0.217418178916, 0.0260530076921, 0.0857122093439, 0.135677158833, 0.00882424879819, 0.0013857082231, 0.000254872808, 6.26786550129e-006, 3.86369976013e-008, 1.00619734766e-010, 4.45611547661e-010]
    },
    "gfcc": {
        "mean": [-80.706703186, 168.11505127, -130.341125488, 18.9491958618, -66.7294540405, -16.8019523621, -46.872303009, -14.7179450989, -21.2302150726, -12.6999902725, -9.01780033112, -16.6730117798, -7.52626228333],
        "cov": [[3893.14331055, -993.787719727, -79.2075653076, 602.966064453, -389.23324585, 129.188705444, -199.392333984, 214.417037964, -197.172576904, 156.273483276, -15.6955871582, 149.297912598, -73.0656585693], [-993.787719727, 1135.05566406, -143.705947876, -288.211181641, 336.587280273, -283.325897217, 240.533889771, -238.505371094, 180.517913818, -206.239212036, 111.545852661, -121.763931274, 43.9470558167], [-79.2075653076, -143.705947876, 458.356567383, -30.4441604614, 24.5833892822, 205.873809814, -82.1488113403, 109.064476013, -41.5741004944, 62.4505462646, -40.240436554, 105.891067505, 16.3211612701], [602.966064453, -288.211181641, -30.4441604614, 348.338165283, -63.3440208435, 19.9526138306, -20.4779262543, 8.95046043396, 11.644194603, 17.679227829, -12.1740646362, 32.3730926514, 20.0554409027], [-389.23324585, 336.587280273, 24.5833892822, -63.3440208435, 304.710357666, -56.9539527893, 1.15130627155, -36.2140960693, 40.9178657532, -49.0544624329, 13.3769102097, 12.5388679504, 35.2448310852], [129.188705444, -283.325897217, 205.873809814, 19.9526138306, -56.9539527893, 249.627883911, -86.1062393188, 111.980537415, -50.7915840149, 67.2782516479, -40.405670166, 52.5415344238, -4.90904951096], [-199.392333984, 240.533889771, -82.1488113403, -20.4779262543, 1.15130627155, -86.1062393188, 213.757858276, -29.7629032135, 36.0955848694, -23.4915466309, 39.7523880005, -51.1654243469, -30.2446861267], [214.417037964, -238.505371094, 109.064476013, 8.95046043396, -36.2140960693, 111.980537415, -29.7629032135, 168.182128906, -61.0307350159, 82.8979644775, -19.4021873474, 34.8730430603, -26.6879692078], [-197.172576904, 180.517913818, -41.5741004944, 11.644194603, 40.9178657532, -50.7915840149, 36.0955848694, -61.0307350159, 111.937026978, -32.9616394043, 15.3558511734, -21.3450183868, 13.9253978729], [156.273483276, -206.239212036, 62.4505462646, 17.679227829, -49.0544624329, 67.2782516479, -23.4915466309, 82.8979644775, -32.9616394043, 135.646942139, -19.1456699371, 10.6694221497, -34.0050849915], [-15.6955871582, 111.545852661, -40.240436554, -12.1740646362, 13.3769102097, -40.405670166, 39.7523880005, -19.4021873474, 15.3558511734, -19.1456699371, 80.8050384521, -6.44133901596, -7.77597522736], [149.297912598, -121.763931274, 105.891067505, 32.3730926514, 12.5388679504, 52.5415344238, -51.1654243469, 34.8730430603, -21.3450183868, 10.6694221497, -6.44133901596, 112.112640381, 22.0479183197], [-73.0656585693, 43.9470558167, 16.3211612701, 20.0554409027, 35.2448310852, -4.90904951096, -30.2446861267, -26.6879692078, 13.9253978729, -34.0050849915, -7.77597522736, 22.0479183197, 72.7714538574]],
        "icov": [[0.00062955042813, -0.00118181598373, 0.000507852295414, -0.00165936385747, 0.00123389088549, -3.22826272168e-005, 0.00133113120683, -0.00098064832855, 0.00138041249011, -0.000470751721878, 0.000288868584903, -0.00124598050024, 0.00120726646855], [-0.00118181598373, 0.0119915781543, -0.00303826644085, 0.00872515980154, -0.00889089144766, 0.00241205678321, -0.00909880083054, 0.0061305789277, -0.00835484545678, 0.00519933970645, -0.00551797589287, 0.0075421826914, -0.0060624172911], [0.000507852295414, -0.00303826644085, 0.00532485358417, -0.00173625594471, 0.0016932314029, -0.00362827000208, 0.00207151193172, -0.0020532743074, 0.00197125016712, -0.00199563754722, 0.00193747587036, -0.00494228536263, 0.00106675224379], [-0.00165936385747, 0.00872515980154, -0.00173625594471, 0.0109785944223, -0.00626556156203, 0.00106214755215, -0.00734623009339, 0.00486648827791, -0.0078939748928, 0.0031064315699, -0.00324019719847, 0.00480013433844, -0.00657212128863], [0.00123389088549, -0.00889089144766, 0.0016932314029, -0.00626556156203, 0.0110124377534, -0.000267955678282, 0.00737051479518, -0.00537079898641, 0.00528748938814, -0.003027274739, 0.00365572166629, -0.00636219140142, 0.00358890299685], [-3.22826272168e-005, 0.00241205678321, -0.00362827000208, 0.00106214755215, -0.000267955678282, 0.00972223561257, 0.000302521657431, -0.00229311408475, -0.00146494654473, 0.00107211107388, -0.000163060016348, 0.00185439339839, -0.000695602037013], [0.00133113120683, -0.00909880083054, 0.00207151193172, -0.00734623009339, 0.00737051479518, 0.000302521657431, 0.0139311254025, -0.00597698707134, 0.00532587850466, -0.00296380138025, 0.00205577653833, -0.00431211153045, 0.0075620142743], [-0.00098064832855, 0.0061305789277, -0.0020532743074, 0.00486648827791, -0.00537079898641, -0.00229311408475, -0.00597698707134, 0.0157599747181, -0.000913205556571, -0.00194900413044, -0.00270775170065, 0.00272974395193, -0.00167778320611], [0.00138041249011, -0.00835484545678, 0.00197125016712, -0.0078939748928, 0.00528748938814, -0.00146494654473, 0.00532587850466, -0.000913205556571, 0.0188152603805, -0.003879631171, 0.00265232450329, -0.0042793485336, 0.00355047686026], [-0.000470751721878, 0.00519933970645, -0.00199563754722, 0.0031064315699, -0.003027274739, 0.00107211107388, -0.00296380138025, -0.00194900413044, -0.003879631171, 0.0144252395257, -0.00113647500984, 0.00382600096054, 0.00177332980093], [0.000288868584903, -0.00551797589287, 0.00193747587036, -0.00324019719847, 0.00365572166629, -0.000163060016348, 0.00205577653833, -0.00270775170065, 0.00265232450329, -0.00113647500984, 0.0174332875758, -0.00510012730956, 0.0045300796628], [-0.00124598050024, 0.0075421826914, -0.00494228536263, 0.00480013433844, -0.00636219140142, 0.00185439339839, -0.00431211153045, 0.00272974395193, -0.0042793485336, 0.00382600096054, -0.00510012730956, 0.0190439969301, -0.00731294136494], [0.00120726646855, -0.0060624172911, 0.00106675224379, -0.00657212128863, 0.00358890299685, -0.000695602037013, 0.0075620142743, -0.00167778320611, 0.00355047686026, 0.00177332980093, 0.0045300796628, -0.00731294136494, 0.023778302595]]
    },
    "melbands": {
        "mean": [5.82450338698e-005, 0.000625975779258, 0.000954807852395, 0.00138951675035, 0.00123228563461, 0.00107001105789, 0.000730196363293, 0.00032562908018, 0.000236025603954, 0.000137893730425, 3.01378240692e-005, 4.11028122471e-005, 2.21918780881e-005, 2.77240233117e-005, 2.38169614022e-005, 1.83472002391e-005, 1.39031535582e-005, 1.00975530586e-005, 9.43528175412e-006, 7.03494151821e-006, 5.89045703236e-006, 7.85944939707e-006, 4.40599978901e-006, 2.55894519796e-006, 3.95597953684e-006, 5.3009362091e-006, 2.96286134471e-006, 5.65683933473e-007, 2.70284346016e-007, 4.01752458856e-007, 5.17969851899e-007, 3.4437789509e-007, 2.42238741066e-007, 1.10923217278e-007, 4.63629454828e-008, 5.09447133368e-008, 6.70185897889e-008, 6.46101341317e-008, 4.71086814002e-008, 2.0581326865e-008],
        "var": [1.04987591953e-008, 4.79762036321e-007, 9.46852935613e-007, 2.4343946734e-006, 3.15005399898e-006, 3.38547556566e-006, 1.47010371165e-006, 4.43920981752e-007, 2.01743674211e-007, 9.30320993575e-008, 3.32019767235e-009, 4.26850021995e-009, 4.31799263012e-009, 4.94477969681e-009, 4.18381418399e-009, 1.91294780016e-009, 4.84521811561e-010, 3.01166674932e-010, 7.07996716809e-010, 1.58650939608e-010, 2.35732183773e-010, 2.91223212212e-010, 8.41982872313e-011, 3.11330822234e-011, 1.56009954955e-010, 2.65255456489e-010, 4.75023596846e-011, 1.25748120684e-012, 2.32853612694e-013, 7.43448488535e-013, 1.08222946663e-012, 6.06700453765e-013, 1.94029064733e-013, 4.13128902019e-014, 7.22110325908e-015, 1.3325723073e-014, 4.76919901954e-014, 1.01421244992e-013, 2.37450490992e-014, 3.15270004012e-015]
    },
    "mfcc": {
        "mean": [-716.735839844, 188.204116821, -7.21874809265, 23.8199501038, -4.57105350494, -7.82838249207, -17.2545700073, -12.8475799561, -15.0649433136, -9.58240413666, -1.84221124649, -9.72035503387, -6.75966501236],
        "cov": [[3203.80053711, -949.097412109, -100.858787537, 434.842102051, -203.505447388, 2.08009934425, -33.5186691284, 37.1944465637, -75.183380127, -75.9449310303, 26.0610370636, 61.1686706543, 48.7541656494], [-949.097412109, 1089.14318848, -160.089950562, -98.9154281616, 75.7858276367, -32.4788475037, 22.8367328644, 29.850276947, -17.2666530609, -28.0364723206, 45.017906189, -71.4818954468, 20.4197845459], [-100.858787537, -160.089950562, 390.811828613, -103.783294678, 58.2677383423, 50.106678009, 43.2445678711, 43.3923683167, 47.0613365173, 22.2724208832, -10.2936983109, 27.7565326691, 15.2929086685], [434.842102051, -98.9154281616, -103.783294678, 303.000976563, -37.1496696472, 30.7427215576, -33.2141113281, 11.8346338272, 13.1383686066, -25.2200393677, 9.60684013367, -6.49585437775, 15.7448959351], [-203.505447388, 75.7858276367, 58.2677383423, -37.1496696472, 314.160766602, 30.5970039368, -14.6256532669, 22.7127857208, 30.9176025391, -21.657951355, -68.8414306641, 39.8118972778, 12.817155838], [2.08009934425, -32.4788475037, 50.106678009, 30.7427215576, 30.5970039368, 102.767936707, -12.4552268982, 7.36702680588, 30.0570335388, -9.14457130432, 1.64746952057, 12.1600046158, -3.05189871788], [-33.5186691284, 22.8367328644, 43.2445678711, -33.2141113281, -14.6256532669, -12.4552268982, 137.829071045, 24.8417816162, 1.68081772327, 42.3007545471, 17.2877845764, 26.4393768311, 14.0071001053], [37.1944465637, 29.850276947, 43.3923683167, 11.8346338272, 22.7127857208, 7.36702680588, 24.8417816162, 108.303649902, 11.155579567, -13.544588089, -7.59529161453, 4.91590070724, 30.7976264954], [-75.183380127, -17.2666530609, 47.0613365173, 13.1383686066, 30.9176025391, 30.0570335388, 1.68081772327, 11.155579567, 84.6184844971, 21.7322635651, -5.15799427032, -3.67500305176, -5.16224765778], [-75.9449310303, -28.0364723206, 22.2724208832, -25.2200393677, -21.657951355, -9.14457130432, 42.3007545471, -13.544588089, 21.7322635651, 128.711090088, 52.0918693542, 1.06621897221, -12.0334072113], [26.0610370636, 45.017906189, -10.2936983109, 9.60684013367, -68.8414306641, 1.64746952057, 17.2877845764, -7.59529161453, -5.15799427032, 52.0918693542, 118.864624023, 6.47287416458, -10.7133693695], [61.1686706543, -71.4818954468, 27.7565326691, -6.49585437775, 39.8118972778, 12.1600046158, 26.4393768311, 4.91590070724, -3.67500305176, 1.06621897221, 6.47287416458, 81.3360214233, 13.4621543884], [48.7541656494, 20.4197845459, 15.2929086685, 15.7448959351, 12.817155838, -3.05189871788, 14.0071001053, 30.7976264954, -5.16224765778, -12.0334072113, -10.7133693695, 13.4621543884, 83.0381393433]],
        "icov": [[0.000587783230003, 0.000536097562872, 0.000152039283421, -0.000585391710047, 4.92703984492e-005, 0.000149998784764, -0.000127142047859, -0.0002966398024, 0.000458540976979, 0.000429076957516, -0.000436536909547, 3.1978746847e-005, -0.000235386105487], [0.000536097562872, 0.00192329951096, 0.00102937465999, 0.000285903981421, -0.000844558642711, 2.47107946052e-005, -0.000884434673935, -0.000606164336205, 0.000214486615732, 0.00135372031946, -0.0019519450143, 0.00198720558546, -0.000890721334144], [0.000152039283421, 0.00102937465999, 0.00418751174584, 0.00179026974365, -0.000530517310835, -0.00175974646118, -0.000997003284283, -0.00135548354592, -0.00142054189928, 0.000365778105333, -0.000773563922849, 0.000590452109464, -0.00099577032961], [-0.000585391710047, 0.000285903981421, 0.00179026974365, 0.00535405799747, 9.2856156698e-005, -0.00182733708061, 0.000383834296372, -0.000629678950645, -0.00185801496264, 0.000665725558065, -0.000803762290161, 0.000825852912385, -0.00124082097318], [4.92703984492e-005, -0.000844558642711, -0.000530517310835, 9.2856156698e-005, 0.00497092586011, -0.000683520513121, 0.00147687131539, -0.000599035527557, -0.00104775058571, -0.000990728731267, 0.00350855453871, -0.00372683862224, 0.000287661299808], [0.000149998784764, 2.47107946052e-005, -0.00175974646118, -0.00182733708061, -0.000683520513121, 0.0129556003958, 0.0011477090884, 0.000113087575301, -0.00356576242484, 0.00181977788452, -0.00153692124877, -0.00185809982941, 0.001067527337], [-0.000127142047859, -0.000884434673935, -0.000997003284283, 0.000383834296372, 0.00147687131539, 0.0011477090884, 0.0103506855667, -0.00222915993072, 0.000217188789975, -0.00391466822475, 0.00137031462509, -0.0044231726788, -0.000361930346116], [-0.0002966398024, -0.000606164336205, -0.00135548354592, -0.000629678950645, -0.000599035527557, 0.000113087575301, -0.00222915993072, 0.0119991404936, -0.00151371990796, 0.00172615912743, -0.00019447102386, 0.000847647723276, -0.00329187838361], [0.000458540976979, 0.000214486615732, -0.00142054189928, -0.00185801496264, -0.00104775058571, -0.00356576242484, 0.000217188789975, -0.00151371990796, 0.0163983721286, -0.00374834681861, 0.00153305474669, 0.0017089638859, 0.00124438561033], [0.000429076957516, 0.00135372031946, 0.000365778105333, 0.000665725558065, -0.000990728731267, 0.00181977788452, -0.00391466822475, 0.00172615912743, -0.00374834681861, 0.0130827799439, -0.00658383173868, 0.0023778185714, -0.000110539258458], [-0.000436536909547, -0.0019519450143, -0.000773563922849, -0.000803762290161, 0.00350855453871, -0.00153692124877, 0.00137031462509, -0.00019447102386, 0.00153305474669, -0.00658383173868, 0.0144610954449, -0.00443492969498, 0.00200004735962], [3.1978746847e-005, 0.00198720558546, 0.000590452109464, 0.000825852912385, -0.00372683862224, -0.00185809982941, -0.0044231726788, 0.000847647723276, 0.0017089638859, 0.0023778185714, -0.00443492969498, 0.018251452595, -0.00291437935084], [-0.000235386105487, -0.000890721334144, -0.00099577032961, -0.00124082097318, 0.000287661299808, 0.001067527337, -0.000361930346116, -0.00329187838361, 0.00124438561033, -0.000110539258458, 0.00200004735962, -0.00291437935084, 0.0148872146383]]
    },
    "spectral_contrast_coeffs": {
        "mean": [-0.505210697651, -0.676805913448, -0.732297062874, -0.759767889977, -0.750734269619, -0.739670455456],
        "var": [0.0068396111019, 0.00462658377364, 0.0025420866441, 0.00185346999206, 0.00272537954152, 0.00327879865654]
    },
    "spectral_contrast_valleys": {
        "mean": [-8.05581760406, -6.48822069168, -7.90761518478, -8.4244966507, -8.90923881531, -12.1221828461],
        "var": [0.842461824417, 0.569153308868, 0.662593781948, 0.647796571255, 0.984401166439, 1.18902289867]
    }
},
"metadata": {
    "audio_properties": {
        "analysis_sample_rate": 44100,
        "bit_rate": 128074,
        "equal_loudness": 0,
        "length": 45.0612258911,
        "lossless": 0,
        "replay_gain": -6.20255851746,
        "sample_rate": 44100,
        "codec": "mp3",
        "downmix": "mix",
        "md5_encoded": "733b7b3aa0155827c69f3c9b81ddcc16"
    },
    "tags": {
        "file_name": "1267.mp3"
    },
    "version": {
        "essentia": "2.1-beta2",
        "essentia_git_sha": "v2.1_beta2",
        "extractor": "music 1.0"
    }
},
"rhythm": {
    "beats_count": 133,
    "beats_loudness": {
        "mean": 0.0334466099739,
        "var": 0.000362929538824
    },
    "bpm": 178.205871582,
    "bpm_histogram_first_peak_bpm": {
        "mean": 178,
        "var": 0
    },
    "bpm_histogram_first_peak_spread": {
        "mean": 0,
        "var": 0
    },
    "bpm_histogram_first_peak_weight": {
        "mean": 0.431818187237,
        "var": 0
    },
    "bpm_histogram_second_peak_bpm": {
        "mean": 185,
        "var": 0
    },
    "bpm_histogram_second_peak_spread": {
        "mean": 0,
        "var": 0
    },
    "bpm_histogram_second_peak_weight": {
        "mean": 0.325757563114,
        "var": 0
    },
    "danceability": 1.22689855099,
    "onset_rate": 3.9927649498,
    "beats_loudness_band_ratio": {
        "mean": [0.245607957244, 0.552677094936, 0.201373532414, 0.0437278226018, 0.022013084963, 0.0101183941588],
        "var": [0.0174439158291, 0.0376074723899, 0.0206909030676, 0.00126984191593, 0.00039273762377, 0.000367000437109]
    },
    "beats_position": [0.359909296036, 0.719818592072, 1.09133780003, 1.47446703911, 1.8575963974, 2.22911548615, 2.60063481331, 2.94893407822, 3.29723358154, 3.65714287758, 4.01705217361, 4.3653512001, 4.7020406723, 5.0387301445, 5.38702917099, 5.72371864319, 6.06040811539, 6.420317173, 6.76861667633, 7.10530614853, 7.44199514389, 7.79029464722, 8.12698364258, 8.47528362274, 8.8119726181, 9.16027164459, 9.50857162476, 9.84526062012, 10.1819496155, 10.5186395645, 10.8321084976, 11.1571884155, 11.4822673798, 11.8189563751, 12.1556463242, 12.4923353195, 12.8290243149, 13.1657142639, 13.5024032593, 13.8507022858, 14.1873922348, 14.512471199, 14.8491611481, 15.1858501434, 15.5225391388, 15.8592290878, 16.1843090057, 16.5326080322, 16.8692970276, 17.2059860229, 17.5310649872, 17.8677539825, 18.181224823, 18.5295238495, 18.877822876, 19.2029018402, 19.5279808044, 19.8646717072, 20.2013607025, 20.5264396667, 20.8631286621, 21.1998176575, 21.5132884979, 21.8499774933, 22.1866664886, 22.523355484, 22.8600444794, 23.1967334747, 23.5334243774, 23.8701133728, 24.195192337, 24.5434913635, 24.8801803589, 25.2052612305, 25.5303401947, 25.8670291901, 26.1921081543, 26.5171871185, 26.8422679901, 27.1673469543, 27.4924259186, 27.8291149139, 28.1774139404, 28.5141029358, 28.8507938385, 29.1874828339, 29.5125617981, 29.8376407623, 30.1743297577, 30.5110206604, 30.8360996246, 31.1611785889, 31.4862575531, 31.8113365173, 32.1480255127, 32.4847145081, 32.8097953796, 33.1232643127, 33.4483451843, 33.7850341797, 34.0985031128, 34.4351921082, 34.7602729797, 35.1085700989, 35.4452590942, 35.7703399658, 36.1070289612, 36.4321098328, 36.7571868896, 37.0822677612, 37.4073448181, 37.7440338135, 38.0691146851, 38.4058036804, 38.730884552, 39.0559616089, 39.369430542, 39.7061233521, 40.0312004089, 40.3562812805, 40.6813583374, 41.006439209, 41.3431282043, 41.6682090759, 41.981678009, 42.3067550659, 42.6318359375, 42.9569168091, 43.281993866, 43.6186828613, 43.9553718567, 44.2804527283, 44.6171417236]
},
"tonal": {
    "chords_changes_rate": 0.0432098768651,
    "chords_number_rate": 0.00514403311536,
    "chords_strength": {
        "mean": 0.549267828465,
        "var": 0.00853456743062
    },
    "hpcp_entropy": {
        "mean": 1.93036210537,
        "var": 0.384176999331
    },
    "key_strength": 0.888868153095,
    "tuning_diatonic_strength": 0.617875993252,
    "tuning_equal_tempered_deviation": 0.0516281798482,
    "tuning_frequency": 444.598632813,
    "tuning_nontempered_energy_ratio": 0.643601417542,
    "hpcp": {
        "mean": [0.433407008648, 0.270017921925, 0.108403503895, 0.0845860019326, 0.0808200165629, 0.112599872053, 0.139263868332, 0.101747311652, 0.0620906203985, 0.0545761324465, 0.0649506449699, 0.131587177515, 0.176011130214, 0.136717662215, 0.217141151428, 0.287625640631, 0.149952232838, 0.0447924248874, 0.0501680038869, 0.0734778791666, 0.172124773264, 0.229591295123, 0.131872117519, 0.0557407289743, 0.0482160449028, 0.067922860384, 0.18279877305, 0.25626590848, 0.15390996635, 0.0811854079366, 0.0878583267331, 0.0753125920892, 0.064739972353, 0.0685404837132, 0.111471362412, 0.302911788225],
        "var": [0.140954062343, 0.0834633782506, 0.0414277911186, 0.0399715863168, 0.0401313826442, 0.0503121875226, 0.0654874965549, 0.0410737358034, 0.0277014970779, 0.0278596803546, 0.0336439423263, 0.0512609258294, 0.0694157481194, 0.0429680347443, 0.0643407329917, 0.109036557376, 0.0429008491337, 0.0161647535861, 0.0235162861645, 0.0339166820049, 0.0457487851381, 0.0815356820822, 0.0387552566826, 0.0225461144, 0.0204974208027, 0.0236944910139, 0.0621908083558, 0.111035689712, 0.0446571223438, 0.0305720809847, 0.0406422540545, 0.035023547709, 0.0322456657887, 0.0278587732464, 0.0440269671381, 0.084810115397]
    },
    "chords_histogram": [19.3415641785, 4.11522626877, 65.4320983887, 0, 0, 0, 0, 0, 0, 0, 0, 0, 0, 0, 0, 2.98353910446, 0, 0.411522626877, 0, 0.308641970158, 0, 0, 7.40740728378, 0],
    "thpcp": [1, 0.623012363911, 0.250119417906, 0.195165291429, 0.186476022005, 0.25980168581, 0.321323513985, 0.234761580825, 0.143261685967, 0.125923514366, 0.149860620499, 0.30361109972, 0.406110495329, 0.315448671579, 0.501009762287, 0.663638651371, 0.345984786749, 0.10334956646, 0.115752637386, 0.169535517693, 0.397143483162, 0.529735982418, 0.304268538952, 0.12861058116, 0.111248880625, 0.156718418002, 0.421771615744, 0.591282308102, 0.355116456747, 0.187319099903, 0.20271551609, 0.173768743873, 0.149374544621, 0.158143460751, 0.257197886705, 0.698908388615],
    "chords_key": "A",
    "chords_scale": "major",
    "key_key": "D",
    "key_scale": "major"
}
}