{
"lowlevel": {
    "average_loudness": 0.945395112038,
    "barkbands_crest": {
        "mean": 11.6749753952,
        "var": 13.394112587
    },
    "barkbands_flatness_db": {
        "mean": 0.235323250294,
        "var": 0.00284612947144
    },
    "barkbands_kurtosis": {
        "mean": 11.0391569138,
        "var": 115.977584839
    },
    "barkbands_skewness": {
        "mean": 2.02593493462,
        "var": 1.04820501804
    },
    "barkbands_spread": {
        "mean": 5.64601278305,
        "var": 11.0836677551
    },
    "dissonance": {
        "mean": 0.395678788424,
        "var": 0.00226092757657
    },
    "dynamic_complexity": 2.07703995705,
    "erbbands_crest": {
        "mean": 12.3748645782,
        "var": 19.4170131683
    },
    "erbbands_flatness_db": {
        "mean": 0.224525973201,
        "var": 0.00216158432886
    },
    "erbbands_kurtosis": {
        "mean": 4.04703807831,
        "var": 14.2418727875
    },
    "erbbands_skewness": {
        "mean": 1.41554486752,
        "var": 0.529787302017
    },
    "erbbands_spread": {
        "mean": 17.3701896667,
        "var": 59.8397865295
    },
    "hfc": {
        "mean": 9.47716236115,
        "var": 46.4984664917
    },
    "melbands_crest": {
        "mean": 13.8824272156,
        "var": 14.6612882614
    },
    "melbands_flatness_db": {
        "mean": 0.33324059844,
        "var": 0.00345433410257
    },
    "melbands_kurtosis": {
        "mean": 11.9715995789,
        "var": 132.118774414
    },
    "melbands_skewness": {
        "mean": 2.12519240379,
        "var": 0.959172308445
    },
    "melbands_spread": {
        "mean": 6.64911985397,
        "var": 22.1326351166
    },
    "pitch_salience": {
        "mean": 0.541502892971,
        "var": 0.00920713692904
    },
    "silence_rate_20dB": {
        "mean": 1,
        "var": 0
    },
    "silence_rate_30dB": {
        "mean": 0.980432569981,
        "var": 0.019184557721
    },
    "silence_rate_60dB": {
        "mean": 0.00154479919001,
        "var": 0.00154241069686
    },
    "spectral_centroid": {
        "mean": 432.248260498,
        "var": 25522.7285156
    },
    "spectral_complexity": {
        "mean": 10.1091661453,
        "var": 7.86346054077
    },
    "spectral_decrease": {
        "mean": -7.3935337852e-009,
        "var": 3.62934328047e-017
    },
    "spectral_energy": {
        "mean": 0.0287645291537,
        "var": 0.00054048578022
    },
    "spectral_energyband_high": {
        "mean": 5.75703124923e-005,
        "var": 1.4786508018e-008
    },
    "spectral_energyband_low": {
        "mean": 0.00534431776032,
        "var": 2.01339898922e-005
    },
    "spectral_energyband_middle_high": {
        "mean": 0.0014061833499,
        "var": 6.35670494376e-006
    },
    "spectral_energyband_middle_low": {
        "mean": 0.0226703714579,
        "var": 0.000462729542051
    },
    "spectral_entropy": {
        "mean": 6.2040438652,
        "var": 0.195329293609
    },
    "spectral_flux": {
        "mean": 0.0608563050628,
        "var": 0.00139857630711
    },
    "spectral_kurtosis": {
        "mean": 20.780134201,
        "var": 205.997772217
    },
    "spectral_rms": {
        "mean": 0.00499501964077,
        "var": 3.11272492581e-006
    },
    "spectral_rolloff": {
        "mean": 504.865234375,
        "var": 264944.84375
    },
    "spectral_skewness": {
        "mean": 3.43091487885,
        "var": 1.03268110752
    },
    "spectral_spread": {
        "mean": 2792530,
        "var": 2.61233416602e+012
    },
    "spectral_strongpeak": {
        "mean": 0.93723744154,
        "var": 0.559826076031
    },
    "zerocrossingrate": {
        "mean": 0.0228569433093,
        "var": 0.000224967981922
    },
    "barkbands": {
        "mean": [3.40725891874e-005, 0.00169076723978, 0.0029281694442, 0.00343644572422, 0.0116030368954, 0.00254832976498, 0.00292791984975, 0.000994767877273, 0.00110913289245, 0.000244075155933, 0.000266531365924, 0.000663446087856, 4.8003908887e-005, 5.68695795664e-005, 2.61737877736e-005, 4.17805786128e-005, 1.86330435099e-005, 3.4824704926e-005, 1.70200692082e-005, 2.30344230658e-005, 7.38290555091e-006, 6.73940985507e-006, 1.00590623333e-005, 7.97716711531e-006, 6.48850027574e-006, 1.20919512483e-005, 7.80754760399e-007],
        "var": [3.49472117911e-009, 3.81859217669e-006, 7.70719816501e-006, 5.0810736866e-005, 0.000226103205932, 8.2393635239e-006, 1.42448870974e-005, 1.8812216922e-006, 2.06161280403e-006, 3.12646193379e-007, 1.85218610227e-007, 5.01346585224e-006, 6.37668495784e-009, 1.20393837122e-008, 1.44898737453e-009, 3.46830297815e-009, 9.10834352386e-010, 6.0473901442e-009, 6.487650972e-010, 1.27599653066e-009, 1.1895022467e-010, 3.63398755532e-010, 6.93895385595e-010, 4.10802752926e-010, 4.39374231442e-010, 2.58759702554e-009, 2.10859402855e-011]
    },
    "erbbands": {
        "mean": [0.0108811333776, 0.531834125519, 3.17186999321, 6.5067191124, 28.7710990906, 40.2759094238, 35.4820556641, 16.0211105347, 27.5018310547, 47.9560585022, 27.3045768738, 18.2809257507, 12.6489181519, 8.98167991638, 13.2022047043, 25.1827774048, 5.06940555573, 2.48258113861, 2.12162709236, 1.85044133663, 2.0380282402, 1.24021744728, 1.41802036762, 1.76097786427, 1.13919663429, 0.750902533531, 0.364515691996, 0.261122018099, 0.171565517783, 0.297047406435, 0.331138938665, 0.26422804594, 0.0618892014027, 0.0667080804706, 0.0502270944417, 0.0491769723594, 0.02269189246, 0.00337852560915, 0.000106150982901, 3.4399330616e-005],
        "var": [0.000131561959279, 0.346647918224, 9.41349887848, 86.7828903198, 4321.79003906, 1691.87207031, 1274.33093262, 294.57611084, 2562.26977539, 4155.99755859, 1444.95690918, 521.308288574, 274.946960449, 249.741088867, 702.271240234, 10196.4394531, 91.8626556396, 13.7817487717, 17.131401062, 7.15848779678, 6.11836385727, 4.17792844772, 9.44454574585, 9.20296955109, 3.28379774094, 1.39808785915, 0.24610234797, 0.178955972195, 0.155183821917, 0.652886211872, 0.826750218868, 0.449196189642, 0.0190703831613, 0.0423069782555, 0.0291204042733, 0.0378376729786, 0.0126855187118, 0.000214155923459, 2.04740302934e-007, 8.14889100642e-010]
    },
    "gfcc": {
        "mean": [-66.5877456665, 153.27305603, -86.897644043, 8.33562469482, -62.5389060974, -7.12101745605, -36.8397903442, -2.55162453651, -29.890542984, -10.019739151, -14.7093820572, -4.48981189728, -16.4909439087],
        "cov": [[3155.46289063, -959.11340332, 21.4918498993, -7.37183475494, -136.874893188, 307.611968994, -210.027999878, 153.60710144, -272.646118164, 131.227371216, -102.405403137, 147.745941162, -229.188278198], [-959.11340332, 1112.12573242, -219.159393311, 6.57478237152, 194.831741333, -221.486373901, 191.633392334, -186.868331909, 199.566574097, -147.21711731, 111.295913696, -168.247833252, 180.821151733], [21.4918498993, -219.159393311, 536.261901855, 10.6163110733, -7.81205320358, 85.4256668091, -76.55052948, 53.0234107971, -64.2622146606, 57.1035652161, -80.5700759888, 38.8147201538, -28.7421016693], [-7.37183475494, 6.57478237152, 10.6163110733, 206.139907837, 6.35722351074, 8.48245811462, 20.2395973206, -14.6202611923, 27.3647079468, -25.7816410065, 5.13655996323, -17.7176170349, 33.9817199707], [-136.874893188, 194.831741333, -7.81205320358, 6.35722351074, 220.368255615, 17.5662269592, 48.1415634155, -26.6962013245, 19.9822463989, -3.20139026642, 11.5159292221, -3.12222909927, 27.6131134033], [307.611968994, -221.486373901, 85.4256668091, 8.48245811462, 17.5662269592, 185.038909912, -9.92523670197, 50.6285629272, -53.1947555542, 39.4521751404, -3.77766418457, 53.9626083374, -28.8405723572], [-210.027999878, 191.633392334, -76.55052948, 20.2395973206, 48.1415634155, -9.92523670197, 122.317489624, -20.2370109558, 42.279209137, -28.8357219696, 21.3980579376, -13.1794013977, 25.7970962524], [153.60710144, -186.868331909, 53.0234107971, -14.6202611923, -26.6962013245, 50.6285629272, -20.2370109558, 119.355278015, -22.3044166565, 42.0213050842, -18.7247142792, 47.6589660645, -27.557510376], [-272.646118164, 199.566574097, -64.2622146606, 27.3647079468, 19.9822463989, -53.1947555542, 42.279209137, -22.3044166565, 114.546020508, -26.7417526245, 22.926656723, -26.2460651398, 29.2987270355], [131.227371216, -147.21711731, 57.1035652161, -25.7816410065, -3.20139026642, 39.4521751404, -28.8357219696, 42.0213050842, -26.7417526245, 92.226020813, -4.13934850693, 36.7660903931, -17.4608402252], [-102.405403137, 111.295913696, -80.5700759888, 5.13655996323, 11.5159292221, -3.77766418457, 21.3980579376, -18.7247142792, 22.926656723, -4.13934850693, 72.087928772, -10.745631218, 17.8916339874], [147.745941162, -168.247833252, 38.8147201538, -17.7176170349, -3.12222909927, 53.9626083374, -13.1794013977, 47.6589660645, -26.2460651398, 36.7660903931, -10.745631218, 90.6497955322, -18.3096199036], [-229.188278198, 180.821151733, -28.7421016693, 33.9817199707, 27.6131134033, -28.8405723572, 25.7970962524, -27.557510376, 29.2987270355, -17.4608402252, 17.8916339874, -18.3096199036, 110.384140015]],
        "icov": [[0.000596703728661, -0.000296158075798, 0.000516214582603, -0.000446493271738, 0.000270566903055, -0.000885928282514, 0.000870111689437, -9.52846676228e-005, 0.00092032289831, -0.00042447441956, 0.000933298084419, -0.000377214339096, 0.000944374420214], [-0.000296158075798, 0.00597094232216, -0.0012990279356, 0.0027225764934, -0.00326029839925, 0.00355605548248, -0.00455967569724, 0.00183180393651, -0.0040096626617, 0.00343183823861, -0.00533352233469, 0.00458856252953, -0.00507201673463], [0.000516214582603, -0.0012990279356, 0.00329344067723, -0.0011827275157, 0.000604197150096, -0.0022459407337, 0.0025375301484, -0.000457053654827, 0.00156851718202, -0.00192210543901, 0.00432616425678, -0.000896184938028, 0.00140610185917], [-0.000446493271738, 0.0027225764934, -0.0011827275157, 0.0069766859524, -0.00123268447351, 0.000771228224039, -0.00268113194034, 0.000930421287194, -0.00343356537633, 0.00295988703147, -0.00264716311358, 0.0029174014926, -0.00418138038367], [0.000270566903055, -0.00326029839925, 0.000604197150096, -0.00123268447351, 0.00715602189302, -0.00313389347866, 0.000682623998728, 0.000440797884949, 0.00172229600139, -0.0026286568027, 0.00320544978604, -0.00267468951643, 0.00194473273586], [-0.000885928282514, 0.00355605548248, -0.0022459407337, 0.000771228224039, -0.00313389347866, 0.0115063684061, -0.00454014074057, -0.00070108397631, -2.99880321109e-005, 0.00165466370527, -0.00631881970912, -3.07346199406e-005, -0.00252177775837], [0.000870111689437, -0.00455967569724, 0.0025375301484, -0.00268113194034, 0.000682623998728, -0.00454014074057, 0.0155503386632, -0.00154388707597, 0.00101304706186, -0.00055480672745, 0.00407559145242, -0.0039411415346, 0.00371440616436], [-9.52846676228e-005, 0.00183180393651, -0.000457053654827, 0.000930421287194, 0.000440797884949, -0.00070108397631, -0.00154388707597, 0.0131941474974, -0.00226204027422, -0.00228407070972, 0.000573483237531, -0.0025619128719, -0.000521469220985], [0.00092032289831, -0.0040096626617, 0.00156851718202, -0.00343356537633, 0.00172229600139, -2.99880321109e-005, 0.00101304706186, -0.00226204027422, 0.0162451565266, -0.0017708579544, 0.00184106768575, -0.00254595908336, 0.0033916910179], [-0.00042447441956, 0.00343183823861, -0.00192210543901, 0.00295988703147, -0.0026286568027, 0.00165466370527, -0.00055480672745, -0.00228407070972, -0.0017708579544, 0.0178764797747, -0.00590875418857, -0.000583485525567, -0.00310668582097], [0.000933298084419, -0.00533352233469, 0.00432616425678, -0.00264716311358, 0.00320544978604, -0.00631881970912, 0.00407559145242, 0.000573483237531, 0.00184106768575, -0.00590875418857, 0.0243002790958, -0.00311506981961, 0.00347520201467], [-0.000377214339096, 0.00458856252953, -0.000896184938028, 0.0029174014926, -0.00267468951643, -3.07346199406e-005, -0.0039411415346, -0.0025619128719, -0.00254595908336, -0.000583485525567, -0.00311506981961, 0.0201265960932, -0.00406190101057], [0.000944374420214, -0.00507201673463, 0.00140610185917, -0.00418138038367, 0.00194473273586, -0.00252177775837, 0.00371440616436, -0.000521469220985, 0.0033916910179, -0.00310668582097, 0.00347520201467, -0.00406190101057, 0.0162096191198]]
    },
    "melbands": {
        "mean": [0.00026730747777, 0.00136471726, 0.00191353436094, 0.00249573006295, 0.00141368480399, 0.000398700038204, 0.000441653566668, 0.00044582792907, 0.000228293720284, 0.000112169567728, 6.31667717244e-005, 3.59590776497e-005, 4.31894113717e-005, 6.83431135258e-005, 4.05870196118e-005, 3.43961960425e-006, 4.71516068501e-006, 4.0293029997e-006, 1.69293400631e-006, 3.17636272484e-006, 2.01292778002e-006, 1.29989200559e-006, 7.52855896735e-007, 1.94959784494e-006, 1.39671840316e-006, 5.40967278084e-007, 1.09817165139e-006, 3.65998630514e-007, 2.27408690989e-007, 2.13877427768e-007, 1.23342374536e-007, 7.35387075679e-008, 1.67167101495e-007, 1.50719017711e-007, 1.75934900426e-007, 2.15883318333e-007, 1.34332466928e-007, 3.70241082237e-008, 3.68836303721e-008, 6.73485871516e-008],
        "var": [9.2493145587e-008, 1.70619102846e-006, 1.33244184326e-005, 1.38808418342e-005, 1.54036547428e-006, 1.75470020736e-007, 4.94900120884e-007, 3.52391992919e-007, 1.26612206941e-007, 1.71249379122e-008, 7.50904050051e-009, 4.88428719692e-009, 5.122257285e-009, 7.11868395342e-008, 1.46334304674e-008, 3.75686808052e-011, 5.87151091636e-011, 8.30395960327e-011, 7.48369075043e-012, 2.87745331035e-011, 6.93564650156e-012, 5.79146236176e-012, 1.25296268586e-012, 2.88755044181e-011, 5.85411927267e-012, 8.46375595477e-013, 3.62757176728e-012, 4.60033432789e-013, 1.29664318562e-013, 1.29376232492e-013, 4.01772561889e-014, 1.75272563661e-014, 3.9170508742e-013, 1.50570053929e-013, 2.77083206639e-013, 3.03671367566e-013, 1.48404712456e-013, 9.36043150407e-015, 8.10475936987e-015, 5.73756130497e-014]
    },
    "mfcc": {
        "mean": [-725.570983887, 193.403457642, 23.5947971344, 21.8998889923, -6.15542030334, -6.12373209, -3.68575882912, 1.84975278378, -12.6692466736, -2.69601869583, -11.2709693909, -3.70468854904, -0.269873201847],
        "cov": [[2430.90454102, -743.155395508, -90.5601806641, -148.440124512, -19.7215557098, 65.0758743286, 60.7242889404, 85.3123245239, -141.839309692, 41.1168899536, -3.36418175697, 3.83916282654, -0.0116982879117], [-743.155395508, 847.138122559, -147.625610352, 83.0718078613, 39.3866081238, -7.06417560577, -0.246133700013, -40.537563324, 73.4522476196, -21.9597454071, 18.0321273804, -1.93715798855, -22.9211845398], [-90.5601806641, -147.625610352, 420.412658691, 0.542238712311, 34.3227539063, 9.85365200043, 2.12935304642, -10.6898050308, 25.5200748444, 10.1369428635, -7.50980806351, -5.29587507248, -1.73108863831], [-148.440124512, 83.0718078613, 0.542238712311, 175.977233887, 14.0508022308, 20.1103496552, -16.312494278, -5.4915189743, 31.4228553772, 6.07599687576, -7.49397611618, -15.8025541306, -5.72429418564], [-19.7215557098, 39.3866081238, 34.3227539063, 14.0508022308, 156.805160522, 48.5337905884, 43.8110160828, 5.5874915123, 18.549074173, 6.76791954041, 0.524023592472, 3.41154408455, -5.48842477798], [65.0758743286, -7.06417560577, 9.85365200043, 20.1103496552, 48.5337905884, 130.133880615, 45.0280532837, 26.2331123352, 8.86172676086, 17.0320568085, -2.82257246971, -6.77054023743, 7.17330741882], [60.7242889404, -0.246133700013, 2.12935304642, -16.312494278, 43.8110160828, 45.0280532837, 114.392532349, 13.5585670471, 13.3770923615, 3.22139787674, 2.83894228935, 4.31935358047, -1.13969576359], [85.3123245239, -40.537563324, -10.6898050308, -5.4915189743, 5.5874915123, 26.2331123352, 13.5585670471, 105.467468262, 8.95985221863, 13.21230793, 6.61181735992, -2.46008753777, 3.70011949539], [-141.839309692, 73.4522476196, 25.5200748444, 31.4228553772, 18.549074173, 8.86172676086, 13.3770923615, 8.95985221863, 88.7069702148, 2.16816282272, 0.494488626719, -14.2021570206, 13.427778244], [41.1168899536, -21.9597454071, 10.1369428635, 6.07599687576, 6.76791954041, 17.0320568085, 3.22139787674, 13.21230793, 2.16816282272, 75.3941574097, -6.09724187851, -15.3636360168, 3.51621961594], [-3.36418175697, 18.0321273804, -7.50980806351, -7.49397611618, 0.524023592472, -2.82257246971, 2.83894228935, 6.61181735992, 0.494488626719, -6.09724187851, 86.3245162964, 18.9670219421, -8.03807353973], [3.83916282654, -1.93715798855, -5.29587507248, -15.8025541306, 3.41154408455, -6.77054023743, 4.31935358047, -2.46008753777, -14.2021570206, -15.3636360168, 18.9670219421, 84.1911087036, 0.996785461903], [-0.0116982879117, -22.9211845398, -1.73108863831, -5.72429418564, -5.48842477798, 7.17330741882, -1.13969576359, 3.70011949539, 13.427778244, 3.51621961594, -8.03807353973, 0.996785461903, 79.8727035522]],
        "icov": [[0.000658605131321, 0.000557809777092, 0.000316151243169, 0.000215603533434, -5.14731473231e-005, -0.00022674871434, -0.000247615214903, -0.000206788798096, 0.000518212269526, -0.000157698857947, -5.34431565029e-005, 0.000102945574326, 0.000118509415188], [0.000557809777092, 0.00201710988767, 0.000937256030738, -0.000242095513386, -0.000447372032795, -0.000114111571747, -6.08048067079e-005, 0.000531396537554, -0.00100896856748, 0.000120424250781, -0.000296044920105, -2.73849072983e-005, 0.000670790032018], [0.000316151243169, 0.000937256030738, 0.00293335039169, 0.000171662162757, -0.000707158294972, -0.0001994506747, 0.000235189276282, 0.000582268810831, -0.00117746042088, -0.000302320549963, 7.25375793991e-005, -3.47197455994e-005, 0.00050958263455], [0.000215603533434, -0.000242095513386, 0.000171662162757, 0.00685062864795, -0.000296480051475, -0.00161843502428, 0.00178380508441, 0.000466532394057, -0.0020743929781, -0.000363414292224, 0.000477878056699, 0.000549955118913, 0.000960028090049], [-5.14731473231e-005, -0.000447372032795, -0.000707158294972, -0.000296480051475, 0.00807981565595, -0.00220394041389, -0.00212443014607, 0.000230566889513, -0.000794241321273, -0.00030763403629, 0.000144966586959, -0.000728269631509, 0.000717920716852], [-0.00022674871434, -0.000114111571747, -0.0001994506747, -0.00161843502428, -0.00220394041389, 0.0106370039284, -0.00331699592061, -0.00191816512961, 0.000782330462243, -0.00130343507044, 0.000118770556583, 0.000632847542875, -0.00128839258105], [-0.000247615214903, -6.08048067079e-005, 0.000235189276282, 0.00178380508441, -0.00212443014607, -0.00331699592061, 0.0115509852767, -0.000143949684571, -0.00224710465409, 0.000286252674414, -1.21697066788e-005, -0.000751679530367, 0.000812184589449], [-0.000206788798096, 0.000531396537554, 0.000582268810831, 0.000466532394057, 0.000230566889513, -0.00191816512961, -0.000143949684571, 0.0108162052929, -0.00203193118796, -0.00136810785625, -0.00096753827529, -7.09997839294e-005, 0.000188857899047], [0.000518212269526, -0.00100896856748, -0.00117746042088, -0.0020743929781, -0.000794241321273, 0.000782330462243, -0.00224710465409, -0.00203193118796, 0.0155342994258, 0.000253627833445, -0.000716477516107, 0.00250741443597, -0.00325253116898], [-0.000157698857947, 0.000120424250781, -0.000302320549963, -0.000363414292224, -0.00030763403629, -0.00130343507044, 0.000286252674414, -0.00136810785625, 0.000253627833445, 0.0145401079208, 0.000420387164922, 0.00238312524743, -0.000504847383127], [-5.34431565029e-005, -0.000296044920105, 7.25375793991e-005, 0.000477878056699, 0.000144966586959, 0.000118770556583, -1.21697066788e-005, -0.00096753827529, -0.000716477516107, 0.000420387164922, 0.0125531945378, -0.00282280286774, 0.00139527407009], [0.000102945574326, -2.73849072983e-005, -3.47197455994e-005, 0.000549955118913, -0.000728269631509, 0.000632847542875, -0.000751679530367, -7.09997839294e-005, 0.00250741443597, 0.00238312524743, -0.00282280286774, 0.0135967386886, -0.00106370076537], [0.000118509415188, 0.000670790032018, 0.00050958263455, 0.000960028090049, 0.000717920716852, -0.00128839258105, 0.000812184589449, 0.000188857899047, -0.00325253116898, -0.000504847383127, 0.00139527407009, -0.00106370076537, 0.0136828776449]]
    },
    "spectral_contrast_coeffs": {
        "mean": [-0.541442811489, -0.663268208504, -0.71854364872, -0.751668035984, -0.745435118675, -0.748727440834],
        "var": [0.00609775073826, 0.00430562114343, 0.00373953953385, 0.00234358222224, 0.00211021443829, 0.00193910079543]
    },
    "spectral_contrast_valleys": {
        "mean": [-7.25587558746, -6.73655176163, -7.98695135117, -9.07882881165, -9.57377815247, -12.358250618],
        "var": [0.689455449581, 0.464573740959, 0.476323187351, 0.520523428917, 0.609866499901, 0.974553227425]
    }
},
"metadata": {
    "audio_properties": {
        "analysis_sample_rate": 44100,
        "bit_rate": 128074,
        "equal_loudness": 0,
        "length": 45.0612258911,
        "lossless": 0,
        "replay_gain": -6.31956481934,
        "sample_rate": 44100,
        "codec": "mp3",
        "downmix": "mix",
        "md5_encoded": "de68e5b77410e2265f2d4e4c01971447"
    },
    "tags": {
        "file_name": "1268.mp3"
    },
    "version": {
        "essentia": "2.1-beta2",
        "essentia_git_sha": "v2.1_beta2",
        "extractor": "music 1.0"
    }
},
"rhythm": {
    "beats_count": 77,
    "beats_loudness": {
        "mean": 0.0454753637314,
        "var": 0.00106816459447
    },
    "bpm": 103.994918823,
    "bpm_histogram_first_peak_bpm": {
        "mean": 103,
        "var": 0
    },
    "bpm_histogram_first_peak_spread": {
        "mean": 0.507692337036,
        "var": 0
    },
    "bpm_histogram_first_peak_weight": {
        "mean": 0.421052634716,
        "var": 0
    },
    "bpm_histogram_second_peak_bpm": {
        "mean": 108,
        "var": 0
    },
    "bpm_histogram_second_peak_spread": {
        "mean": 0,
        "var": 0
    },
    "bpm_histogram_second_peak_weight": {
        "mean": 0.105263158679,
        "var": 0
    },
    "danceability": 1.14829111099,
    "onset_rate": 4.72477197647,
    "beats_loudness_band_ratio": {
        "mean": [0.444549322128, 0.41812223196, 0.19099354744, 0.0433077402413, 0.0060901674442, 0.00358389480971],
        "var": [0.0573117472231, 0.0322698503733, 0.0252796038985, 0.00311142602004, 4.57821879536e-005, 1.92680654436e-005]
    },
    "beats_position": [0.626938760281, 1.25387752056, 1.88081634045, 2.48453521729, 3.09986400604, 3.70358276367, 4.29569149017, 4.87619018555, 5.45668935776, 6.03718805313, 6.6176867485, 7.19818592072, 7.77868461609, 8.35918331146, 8.93968200684, 9.52018165588, 10.1006803513, 10.6695690155, 11.2500677109, 11.8189563751, 12.3994560242, 12.9799547195, 13.572063446, 14.1641721725, 14.756280899, 15.3367795944, 15.9172782898, 16.4861679077, 17.0666656494, 17.6355552673, 18.2276649475, 18.8081626892, 19.3886623383, 19.9575500488, 20.5264396667, 21.1069393158, 21.6990470886, 22.2911567688, 22.8716545105, 23.4521541595, 24.009431839, 24.5667114258, 25.1239910126, 25.7044887543, 26.2965984344, 26.8770961761, 27.4575958252, 28.0264854431, 28.5953731537, 29.1642627716, 29.7447605133, 30.3252601624, 30.8941497803, 31.4630374908, 32.0435371399, 32.6240348816, 33.1813163757, 33.7385940552, 34.3074836731, 34.8763694763, 35.4336509705, 35.9909286499, 36.5482063293, 37.1287078857, 37.7092056274, 38.3013153076, 38.8818130493, 39.4507026672, 40.0195922852, 40.5884780884, 41.1573677063, 41.7262573242, 42.3183670044, 42.8988647461, 43.4909744263, 44.0598640442, 44.6287536621]
},
"tonal": {
    "chords_changes_rate": 0.0329218097031,
    "chords_number_rate": 0.00720164598897,
    "chords_strength": {
        "mean": 0.533728063107,
        "var": 0.00775006785989
    },
    "hpcp_entropy": {
        "mean": 1.31336629391,
        "var": 0.346674799919
    },
    "key_strength": 0.813809812069,
    "tuning_diatonic_strength": 0.56718480587,
    "tuning_equal_tempered_deviation": 0.00837681163102,
    "tuning_frequency": 440.254241943,
    "tuning_nontempered_energy_ratio": 0.589782238007,
    "hpcp": {
        "mean": [0.0520555712283, 0.0269886627793, 0.0347230583429, 0.0757892802358, 0.0971359983087, 0.361617475748, 0.591353476048, 0.29325953126, 0.0170792639256, 0.00673269247636, 0.00608416926116, 0.0674852579832, 0.149450436234, 0.0953501313925, 0.0590201131999, 0.0877336114645, 0.051390144974, 0.0934831425548, 0.163253605366, 0.0923656150699, 0.0648811608553, 0.107912607491, 0.05939476192, 0.0130685251206, 0.012687323615, 0.0392425991595, 0.220665559173, 0.358305960894, 0.21814326942, 0.0690595805645, 0.0352353081107, 0.0290302950889, 0.091526478529, 0.146165028214, 0.0837345346808, 0.0442242175341],
        "var": [0.0350755825639, 0.00985682290047, 0.0133705846965, 0.0487145632505, 0.0454435609281, 0.0603663437068, 0.155722767115, 0.0456983707845, 0.00296533876099, 0.00234781811014, 0.00229448801838, 0.0119877681136, 0.0520159713924, 0.0191470123827, 0.0282193403691, 0.0596646778286, 0.0216455236077, 0.0258059166372, 0.0796470195055, 0.0260566901416, 0.0264992099255, 0.0779890418053, 0.0252981949598, 0.00441370671615, 0.00409528939053, 0.00777478376403, 0.066667817533, 0.133670017123, 0.0619440190494, 0.0222669895738, 0.0104858698323, 0.00967547018081, 0.0384938642383, 0.0943874791265, 0.0307059753686, 0.0161475390196]
    },
    "chords_histogram": [60.3909454346, 1.74897122383, 5.86419773102, 0, 0, 0, 0, 0, 0, 0, 0, 0, 0, 0, 0, 5.34979438782, 0, 15.2263374329, 0, 0, 0, 0.411522626877, 4.11522626877, 6.89300394058],
    "thpcp": [1, 0.495912402868, 0.028881650418, 0.0113852247596, 0.0102885486558, 0.114119999111, 0.252726078033, 0.161240503192, 0.0998051315546, 0.148360699415, 0.0869025811553, 0.158083349466, 0.276067733765, 0.156193584204, 0.109716378152, 0.182484105229, 0.100438676775, 0.0220993459225, 0.0214547198266, 0.0663606449962, 0.3731533885, 0.605908274651, 0.368888109922, 0.116782233119, 0.0595841743052, 0.0490912720561, 0.154774561524, 0.247170314193, 0.141598105431, 0.0747847408056, 0.0880278423429, 0.0456387996674, 0.0587179400027, 0.128162398934, 0.164260461926, 0.611508131027],
    "chords_key": "B",
    "chords_scale": "major",
    "key_key": "B",
    "key_scale": "major"
}
}