{
"lowlevel": {
    "average_loudness": 0.822662234306,
    "barkbands_crest": {
        "mean": 13.4566955566,
        "var": 16.0390968323
    },
    "barkbands_flatness_db": {
        "mean": 0.427214384079,
        "var": 0.00207960396074
    },
    "barkbands_kurtosis": {
        "mean": 5.58707857132,
        "var": 20.9244060516
    },
    "barkbands_skewness": {
        "mean": 0.962225317955,
        "var": 0.882723450661
    },
    "barkbands_spread": {
        "mean": 2.31097316742,
        "var": 2.09019160271
    },
    "dissonance": {
        "mean": 0.33978420496,
        "var": 0.00480290083215
    },
    "dynamic_complexity": 3.11086297035,
    "erbbands_crest": {
        "mean": 16.9331474304,
        "var": 33.3955535889
    },
    "erbbands_flatness_db": {
        "mean": 0.464026898146,
        "var": 0.00169561197981
    },
    "erbbands_kurtosis": {
        "mean": 4.12244606018,
        "var": 21.3396854401
    },
    "erbbands_skewness": {
        "mean": 1.1101821661,
        "var": 1.02783238888
    },
    "erbbands_spread": {
        "mean": 5.2225689888,
        "var": 6.05840349197
    },
    "hfc": {
        "mean": 11.0346107483,
        "var": 365.67086792
    },
    "melbands_crest": {
        "mean": 17.272644043,
        "var": 31.1759643555
    },
    "melbands_flatness_db": {
        "mean": 0.53021723032,
        "var": 0.00276412791573
    },
    "melbands_kurtosis": {
        "mean": 5.41846752167,
        "var": 19.1972484589
    },
    "melbands_skewness": {
        "mean": 0.93905633688,
        "var": 0.635347962379
    },
    "melbands_spread": {
        "mean": 3.96702671051,
        "var": 30.542432785
    },
    "pitch_salience": {
        "mean": 0.527063369751,
        "var": 0.0117636676878
    },
    "silence_rate_20dB": {
        "mean": 1,
        "var": 0
    },
    "silence_rate_30dB": {
        "mean": 0.981986641884,
        "var": 0.0176887158304
    },
    "silence_rate_60dB": {
        "mean": 0.0766855403781,
        "var": 0.0708044543862
    },
    "spectral_centroid": {
        "mean": 539.691223145,
        "var": 125634.851563
    },
    "spectral_complexity": {
        "mean": 8.15748882294,
        "var": 6.49086999893
    },
    "spectral_decrease": {
        "mean": -4.76145789463e-009,
        "var": 4.16243306112e-017
    },
    "spectral_energy": {
        "mean": 0.0189716983587,
        "var": 0.000677611271385
    },
    "spectral_energyband_high": {
        "mean": 4.96216443935e-007,
        "var": 2.12673563656e-012
    },
    "spectral_energyband_low": {
        "mean": 7.361338794e-005,
        "var": 1.45879601732e-008
    },
    "spectral_energyband_middle_high": {
        "mean": 0.00385193619877,
        "var": 0.000335180811817
    },
    "spectral_energyband_middle_low": {
        "mean": 0.0152935963124,
        "var": 0.000313620315865
    },
    "spectral_entropy": {
        "mean": 5.21165084839,
        "var": 0.120207034051
    },
    "spectral_flux": {
        "mean": 0.0373876355588,
        "var": 0.00219935714267
    },
    "spectral_kurtosis": {
        "mean": 172.968215942,
        "var": 4771.68798828
    },
    "spectral_rms": {
        "mean": 0.00378743512556,
        "var": 4.16430384576e-006
    },
    "spectral_rolloff": {
        "mean": 667.473327637,
        "var": 515519
    },
    "spectral_skewness": {
        "mean": 9.57274532318,
        "var": 7.24373579025
    },
    "spectral_spread": {
        "mean": 769177.9375,
        "var": 1.73549446758e+012
    },
    "spectral_strongpeak": {
        "mean": 1.61587929726,
        "var": 1.86498260498
    },
    "zerocrossingrate": {
        "mean": 0.0256828907877,
        "var": 0.000357757060556
    },
    "barkbands": {
        "mean": [3.69279155166e-006, 3.10679752147e-005, 3.43110732501e-005, 8.63476725499e-006, 0.000940262980293, 0.00226536067203, 0.00430436199531, 0.00535187684, 0.00192175537813, 0.00333270221017, 0.000482984120026, 7.77890090831e-005, 0.000135926762596, 1.97970002773e-005, 2.66173265118e-005, 2.47476473305e-005, 5.84834970141e-006, 2.16623311644e-006, 1.28664123622e-006, 2.9081522257e-007, 2.19095596776e-007, 1.27546941897e-008, 1.81389003817e-009, 7.85303932993e-010, 7.30907778745e-010, 7.22905957318e-010, 7.12903514e-010],
        "var": [4.29268565139e-011, 3.715585839e-009, 4.13581568992e-009, 3.51469353621e-010, 1.24873531604e-006, 5.03096816828e-006, 4.00964927394e-005, 0.000134770161822, 1.62355081557e-005, 0.000315420445986, 1.2105472706e-005, 2.1769338332e-008, 7.81953488627e-008, 5.45277378805e-009, 1.85485815596e-009, 2.038507807e-009, 1.84570858597e-010, 3.85663584401e-011, 9.59870464362e-012, 5.30847338743e-013, 6.75532383938e-013, 2.42362172473e-015, 7.94995213442e-017, 3.77837012486e-017, 3.19295653825e-017, 2.83375302638e-017, 6.58852501185e-018]
    },
    "erbbands": {
        "mean": [0.00047911182628, 0.00868437811732, 0.0356631837785, 0.0413130931556, 0.133986100554, 3.60877728462, 10.595205307, 20.152009964, 41.8570289612, 140.301239014, 65.1405029297, 55.8267707825, 40.6779937744, 113.306617737, 22.4697914124, 5.22073173523, 6.90434646606, 1.70858001709, 1.07912194729, 2.03049039841, 0.66736382246, 0.234933376312, 0.21590089798, 0.0625236928463, 0.0451364144683, 0.0172088872641, 0.0102659575641, 0.00641467841342, 0.000691619003192, 0.000201362665393, 5.13940540259e-005, 3.22938394675e-005, 2.51837391261e-005, 2.08703859244e-005, 1.71148203663e-005, 1.26706518131e-005, 7.30427609597e-006, 1.825734671e-006, 9.35229854804e-006, 2.15773925447e-005],
        "var": [6.76416448187e-007, 0.000295789941447, 0.00429670838639, 0.00540518481284, 0.048102080822, 24.5671577454, 92.0740814209, 400.959625244, 2644.16967773, 78986.171875, 12739.1708984, 10905.6689453, 17320.2617188, 457003.0625, 14061.8632813, 77.7874450684, 193.05708313, 16.441493988, 4.02516889572, 16.4356422424, 1.3552519083, 0.235699936748, 0.329573184252, 0.0188453365117, 0.011584661901, 0.00195192254614, 0.00101538805757, 0.000594476645347, 5.49488095203e-006, 5.76354409532e-007, 3.76501176902e-008, 2.19833093951e-008, 8.36378699631e-009, 3.77432529675e-009, 2.35368569079e-009, 8.2136192292e-010, 1.72061698223e-010, 1.65340068026e-011, 1.72524924902e-010, 9.01620667015e-010]
    },
    "gfcc": {
        "mean": [-246.124572754, 239.523040771, -142.740814209, -94.7091293335, -42.6344909668, -51.7125053406, -28.5748023987, -5.4436917305, -3.15918064117, 0.305641412735, 7.76614522934, -4.28624010086, 6.01820325851],
        "cov": [[4871.17578125, 111.014930725, -682.275939941, 729.930236816, 25.1640834808, -230.256378174, 522.714538574, 13.2969408035, -34.0272407532, 100.214202881, -343.96762085, -241.563980103, -84.2629470825], [111.014930725, 320.068634033, 93.1919326782, -115.010253906, 79.8306274414, -28.6255245209, -110.684799194, -27.376619339, -40.1110687256, -30.8778476715, 41.2688903809, -20.245557785, -2.60143995285], [-682.275939941, 93.1919326782, 393.916412354, -221.288635254, 6.41680812836, 126.576545715, -170.61932373, -8.64237976074, -7.53273677826, -55.6027984619, 106.086265564, 21.8248291016, -33.4549446106], [729.930236816, -115.010253906, -221.288635254, 480.159088135, 60.3635902405, -119.630271912, 162.859420776, -29.7962265015, -6.94416093826, 68.0837020874, -130.014831543, -60.440662384, -17.5230426788], [25.1640834808, 79.8306274414, 6.41680812836, 60.3635902405, 102.186805725, -8.53746414185, 12.8034849167, 11.7696399689, -6.64750576019, 14.9120941162, 5.35868644714, -22.2020492554, -5.60860013962], [-230.256378174, -28.6255245209, 126.576545715, -119.630271912, -8.53746414185, 174.883239746, 42.8278579712, 49.7403450012, 29.3299560547, -14.5143194199, 48.5763626099, 39.6077842712, 2.45725297928], [522.714538574, -110.684799194, -170.61932373, 162.859420776, 12.8034849167, 42.8278579712, 262.67578125, 83.7232818604, 30.8182144165, 45.4396324158, -60.1141548157, -5.0778427124, 18.2379455566], [13.2969408035, -27.376619339, -8.64237976074, -29.7962265015, 11.7696399689, 49.7403450012, 83.7232818604, 98.3135223389, 53.5849075317, 21.904045105, 17.6054973602, 5.16813802719, 0.175344958901], [-34.0272407532, -40.1110687256, -7.53273677826, -6.94416093826, -6.64750576019, 29.3299560547, 30.8182144165, 53.5849075317, 75.0191421509, 35.0255775452, 2.82634830475, 1.07007217407, -13.7095556259], [100.214202881, -30.8778476715, -55.6027984619, 68.0837020874, 14.9120941162, -14.5143194199, 45.4396324158, 21.904045105, 35.0255775452, 60.4317474365, 5.65077638626, -14.7397222519, -12.1064987183], [-343.96762085, 41.2688903809, 106.086265564, -130.014831543, 5.35868644714, 48.5763626099, -60.1141548157, 17.6054973602, 2.82634830475, 5.65077638626, 100.418937683, 40.3887329102, -3.06695079803], [-241.563980103, -20.245557785, 21.8248291016, -60.440662384, -22.2020492554, 39.6077842712, -5.0778427124, 5.16813802719, 1.07007217407, -14.7397222519, 40.3887329102, 75.6248092651, 45.0425682068], [-84.2629470825, -2.60143995285, -33.4549446106, -17.5230426788, -5.60860013962, 2.45725297928, 18.2379455566, 0.175344958901, -13.7095556259, -12.1064987183, -3.06695079803, 45.0425682068, 73.3578643799]],
        "icov": [[0.000540733977687, -0.00120685098227, 0.00053851341363, -0.000750272592995, 0.00153573974967, -0.000338298559655, -0.000798323599156, -0.000187622878002, 0.000299577543046, 0.000184798467671, 5.57199819013e-005, 0.000955945928581, 0.000474215717986], [-0.00120685098227, 0.00946883205324, -0.00151166133583, 0.00399804627523, -0.0100122960284, 0.0039533097297, -0.000359441852197, 0.00545713072643, -0.00476439157501, 0.00597293768078, -0.00543258804828, 0.00326779973693, -0.00374470255338], [0.00053851341363, -0.00151166133583, 0.0100383963436, -0.00396477989852, 0.00218621524982, -0.00804635044187, 0.00463669421151, 0.000220697780605, -0.00405090581626, 0.0114301973954, -0.0113257877529, 0.00988973956555, -0.00193731195759], [-0.000750272592995, 0.00399804627523, -0.00396477989852, 0.0123638054356, -0.0101769091561, 0.00527605041862, -0.00131267786492, -0.000166830141097, 0.010999975726, -0.0201464574784, 0.0215922668576, -0.0179782025516, 0.0104695810005], [0.00153573974967, -0.0100122960284, 0.00218621524982, -0.0101769091561, 0.0263448022306, -0.00577136781067, 0.000956431089435, -0.00825733318925, 0.00350730493665, 0.000873154262081, -0.00791968498379, 0.0122141232714, -0.0050666378811], [-0.000338298559655, 0.0039533097297, -0.00804635044187, 0.00527605041862, -0.00577136781067, 0.0225283056498, -0.0175160206854, 0.0149146197364, -0.0184605978429, 0.015767833218, -0.0124227851629, 0.00210297410376, -0.00219284277409], [-0.000798323599156, -0.000359441852197, 0.00463669421151, -0.00131267786492, 0.000956431089435, -0.0175160206854, 0.0339189693332, -0.038723077625, 0.0404134988785, -0.0402103327215, 0.0387512743473, -0.0271409787238, 0.0123925302178], [-0.000187622878002, 0.00545713072643, 0.000220697780605, -0.000166830141097, -0.00825733318925, 0.0149146197364, -0.038723077625, 0.0743702948093, -0.0767421498895, 0.0691294744611, -0.0700284913182, 0.0523723475635, -0.0296610239893], [0.000299577543046, -0.00476439157501, -0.00405090581626, 0.010999975726, 0.00350730493665, -0.0184605978429, 0.0404134988785, -0.0767421498895, 0.116859473288, -0.114417895675, 0.105144836009, -0.0810536444187, 0.0490982085466], [0.000184798467671, 0.00597293768078, 0.0114301973954, -0.0201464574784, 0.000873154262081, 0.015767833218, -0.0402103327215, 0.0691294744611, -0.114417895675, 0.15381076932, -0.131494566798, 0.100911207497, -0.0532626323402], [5.57199819013e-005, -0.00543258804828, -0.0113257877529, 0.0215922668576, -0.00791968498379, -0.0124227851629, 0.0387512743473, -0.0700284913182, 0.105144836009, -0.131494566798, 0.145200669765, -0.111002027988, 0.0623839609325], [0.000955945928581, 0.00326779973693, 0.00988973956555, -0.0179782025516, 0.0122141232714, 0.00210297410376, -0.0271409787238, 0.0523723475635, -0.0810536444187, 0.100911207497, -0.111002027988, 0.116139791906, -0.0655304193497], [0.000474215717986, -0.00374470255338, -0.00193731195759, 0.0104695810005, -0.0050666378811, -0.00219284277409, 0.0123925302178, -0.0296610239893, 0.0490982085466, -0.0532626323402, 0.0623839609325, -0.0655304193497, 0.0555673092604]]
    },
    "melbands": {
        "mean": [6.87396641297e-006, 1.69798095158e-005, 6.96614506523e-006, 9.40337195061e-005, 0.000357331242412, 0.000460196984932, 0.000687913852744, 0.00154066132382, 0.00046007920173, 0.00031279961695, 0.000196686160052, 0.000488679972477, 7.70283586462e-005, 1.46732227222e-005, 1.32912091431e-005, 1.14387239591e-005, 2.41154748437e-006, 1.49131119542e-006, 2.02854403142e-006, 2.62316416411e-006, 4.55155202417e-007, 1.92317571646e-007, 3.8076515807e-007, 7.31369524942e-008, 4.72119339179e-008, 5.08994091319e-008, 1.07708499897e-008, 1.23746302094e-008, 4.53980408821e-009, 9.77966418958e-009, 1.4607010046e-009, 3.59242913195e-010, 1.12176594402e-010, 8.2560902559e-011, 1.88599309781e-011, 1.54431467614e-011, 1.04958160219e-011, 8.82369004251e-012, 7.35079098285e-012, 6.63719556745e-012],
        "var": [1.5555504107e-010, 9.2308749533e-010, 1.69051814214e-010, 2.18987299405e-008, 9.30104846475e-008, 2.49250177831e-007, 6.7647869173e-007, 1.01345804069e-005, 6.44197427846e-007, 3.56751627351e-007, 4.71376296218e-007, 8.81423875398e-006, 2.85285580048e-007, 4.90229301597e-010, 6.46916353819e-010, 5.16159670561e-010, 7.31250476838e-011, 9.49180664622e-012, 1.16382103607e-011, 2.43577085585e-011, 8.44558526846e-013, 2.21022527537e-013, 1.2690731712e-012, 7.73030863497e-014, 1.3494064942e-014, 1.78232350889e-014, 8.21671298506e-016, 1.15667738195e-015, 1.99443238028e-016, 1.61994797053e-015, 8.96891027065e-017, 1.81295284164e-018, 2.27394871372e-019, 1.08082805107e-019, 1.2331479325e-020, 7.30997763448e-021, 8.38134777997e-021, 4.16471100085e-021, 2.22634955049e-021, 2.31048852063e-021]
    },
    "mfcc": {
        "mean": [-847.925109863, 238.488265991, -4.63081216812, -49.9503593445, -24.5786399841, -30.2414493561, -30.0042533875, -18.2622337341, -8.23681640625, -3.78795003891, -0.498037427664, 6.362241745, 10.514799118],
        "cov": [[1977.43774414, 743.809753418, -612.857788086, 481.217803955, 172.750167847, -150.768798828, 241.335388184, 66.6797027588, 73.4296264648, 153.193878174, 11.8141317368, -13.2649002075, -81.5866394043], [743.809753418, 463.869720459, -94.689163208, 87.7885513306, 92.2883682251, -20.4199905396, 49.1346549988, 28.6737499237, -1.51374042034, 23.656206131, -4.39702892303, -30.5956306458, -25.8058319092], [-612.857788086, -94.689163208, 337.652496338, -161.602142334, -29.3108901978, 91.3428955078, -92.3397598267, -38.4648513794, -53.0556182861, -82.9474563599, -19.825925827, -5.89121580124, 28.662115097], [481.217803955, 87.7885513306, -161.602142334, 287.013641357, 101.634117126, -43.1939544678, 76.6094741821, -23.4569950104, -6.6003909111, 39.992477417, 1.82727849483, 23.9695987701, -14.0206413269], [172.750167847, 92.2883682251, -29.3108901978, 101.634117126, 124.556289673, 6.3468837738, -12.1280298233, -21.9562854767, -38.3596572876, -0.420543402433, 6.18540477753, -1.83162713051, 0.0391930043697], [-150.768798828, -20.4199905396, 91.3428955078, -43.1939544678, 6.3468837738, 80.3801269531, 11.5240592957, -11.4830627441, -6.6073384285, -18.6725978851, -9.56672954559, 2.73695707321, 10.3757286072], [241.335388184, 49.1346549988, -92.3397598267, 76.6094741821, -12.1280298233, 11.5240592957, 127.699012756, 62.1252441406, 50.9456748962, 46.0973777771, -0.782048881054, 13.4535312653, 7.21621274948], [66.6797027588, 28.6737499237, -38.4648513794, -23.4569950104, -21.9562854767, -11.4830627441, 62.1252441406, 104.397384644, 74.6153030396, 37.8095054626, 11.3652706146, -3.77727818489, 7.47885274887], [73.4296264648, -1.51374042034, -53.0556182861, -6.6003909111, -38.3596572876, -6.6073384285, 50.9456748962, 74.6153030396, 105.42300415, 67.8411636353, 13.3629274368, 0.929540276527, -2.45738744736], [153.193878174, 23.656206131, -82.9474563599, 39.992477417, -0.420543402433, -18.6725978851, 46.0973777771, 37.8095054626, 67.8411636353, 95.0268783569, 47.8454475403, 9.38235664368, -5.6075053215], [11.8141317368, -4.39702892303, -19.825925827, 1.82727849483, 6.18540477753, -9.56672954559, -0.782048881054, 11.3652706146, 13.3629274368, 47.8454475403, 78.9595489502, 42.3164367676, -5.88076496124], [-13.2649002075, -30.5956306458, -5.89121580124, 23.9695987701, -1.83162713051, 2.73695707321, 13.4535312653, -3.77727818489, 0.929540276527, 9.38235664368, 42.3164367676, 80.3771133423, 39.3743858337], [-81.5866394043, -25.8058319092, 28.662115097, -14.0206413269, 0.0391930043697, 10.3757286072, 7.21621274948, 7.47885274887, -2.45738744736, -5.6075053215, -5.88076496124, 39.3743858337, 83.7984161377]],
        "icov": [[0.941646337509, -1.3306043148, 1.3424680233, -1.33926975727, 1.32236266136, -1.27433729172, 1.17553091049, -1.04975187778, 0.870462417603, -0.669560015202, 0.457562059164, -0.249324455857, 0.103387862444], [-1.3306043148, 1.88647961617, -1.90893661976, 1.91867077351, -1.91113638878, 1.85461699963, -1.72506177425, 1.54789888859, -1.29013037682, 0.997901618481, -0.684061348438, 0.375387400389, -0.154375970364], [1.3424680233, -1.90893661976, 1.965690732, -2.00208234787, 2.03283238411, -2.01822948456, 1.90926325321, -1.73706114292, 1.46503698826, -1.14341318607, 0.790559887886, -0.437431275845, 0.178882628679], [-1.33926975727, 1.91867077351, -2.00208234787, 2.11377239227, -2.19858050346, 2.22826361656, -2.16319346428, 2.00396180153, -1.70985305309, 1.35377049446, -0.939378082752, 0.52336037159, -0.213440477848], [1.32236266136, -1.91113638878, 2.03283238411, -2.19858050346, 2.35970473289, -2.4405632019, 2.41934943199, -2.27600932121, 1.97525370121, -1.58515012264, 1.10919678211, -0.62671649456, 0.255806088448], [-1.27433729172, 1.85461699963, -2.01822948456, 2.22826361656, -2.4405632019, 2.60454392433, -2.61596345901, 2.49117732048, -2.17900443077, 1.76932346821, -1.25049769878, 0.714914143085, -0.294028192759], [1.17553091049, -1.72506177425, 1.90926325321, -2.16319346428, 2.41934943199, -2.61596345901, 2.69268488884, -2.58848452568, 2.28074026108, -1.87617623806, 1.34083664417, -0.775897622108, 0.320212781429], [-1.04975187778, 1.54789888859, -1.73706114292, 2.00396180153, -2.27600932121, 2.49117732048, -2.58848452568, 2.53406047821, -2.25059008598, 1.85790777206, -1.33779132366, 0.781492114067, -0.329337626696], [0.870462417603, -1.29013037682, 1.46503698826, -1.70985305309, 1.97525370121, -2.17900443077, 2.28074026108, -2.25059008598, 2.0372338295, -1.69541347027, 1.22320687771, -0.71790099144, 0.305797278881], [-0.669560015202, 0.997901618481, -1.14341318607, 1.35377049446, -1.58515012264, 1.76932346821, -1.87617623806, 1.85790777206, -1.69541347027, 1.45073258877, -1.0586836338, 0.627328813076, -0.271269798279], [0.457562059164, -0.684061348438, 0.790559887886, -0.939378082752, 1.10919678211, -1.25049769878, 1.34083664417, -1.33779132366, 1.22320687771, -1.0586836338, 0.804785251617, -0.486002534628, 0.215364843607], [-0.249324455857, 0.375387400389, -0.437431275845, 0.52336037159, -0.62671649456, 0.714914143085, -0.775897622108, 0.781492114067, -0.71790099144, 0.627328813076, -0.486002534628, 0.314578235149, -0.142107963562], [0.103387862444, -0.154375970364, 0.178882628679, -0.213440477848, 0.255806088448, -0.294028192759, 0.320212781429, -0.329337626696, 0.305797278881, -0.271269798279, 0.215364843607, -0.142107963562, 0.0789615809917]]
    },
    "spectral_contrast_coeffs": {
        "mean": [-0.592368721962, -0.640718519688, -0.596524834633, -0.67525267601, -0.713331878185, -0.884579479694],
        "var": [0.0122597049922, 0.00562713993713, 0.00623860070482, 0.00250430917367, 0.00146445666905, 0.00465945154428]
    },
    "spectral_contrast_valleys": {
        "mean": [-9.68601322174, -6.64855766296, -8.94959545135, -10.3097896576, -12.3510599136, -14.5741453171],
        "var": [1.1047129631, 1.07621526718, 1.24542248249, 0.970824301243, 0.713603913784, 1.15712928772]
    }
},
"metadata": {
    "audio_properties": {
        "analysis_sample_rate": 44100,
        "bit_rate": 75965,
        "equal_loudness": 0,
        "length": 45.0873451233,
        "lossless": 0,
        "replay_gain": -4.92242431641,
        "sample_rate": 44100,
        "codec": "mp3",
        "downmix": "mix",
        "md5_encoded": "00954596ee768351f321456452260773"
    },
    "tags": {
        "file_name": "127.mp3"
    },
    "version": {
        "essentia": "2.1-beta2",
        "essentia_git_sha": "v2.1_beta2",
        "extractor": "music 1.0"
    }
},
"rhythm": {
    "beats_count": 72,
    "beats_loudness": {
        "mean": 0.0365098044276,
        "var": 0.00132229691371
    },
    "bpm": 98.1008911133,
    "bpm_histogram_first_peak_bpm": {
        "mean": 99,
        "var": 0
    },
    "bpm_histogram_first_peak_spread": {
        "mean": 0.285714328289,
        "var": 0
    },
    "bpm_histogram_first_peak_weight": {
        "mean": 0.563380300999,
        "var": 0
    },
    "bpm_histogram_second_peak_bpm": {
        "mean": 94,
        "var": 0
    },
    "bpm_histogram_second_peak_spread": {
        "mean": 0.400000035763,
        "var": 0
    },
    "bpm_histogram_second_peak_weight": {
        "mean": 0.126760557294,
        "var": 0
    },
    "danceability": 1.19043838978,
    "onset_rate": 3.28125,
    "beats_loudness_band_ratio": {
        "mean": [0.0066167623736, 0.260422319174, 0.735531926155, 0.0948646515608, 0.00466909212992, 0.000168364204001],
        "var": [1.65357268997e-005, 0.0675191804767, 0.0302830711007, 0.0243370961398, 1.78575792233e-005, 5.10982260948e-008]
    },
    "beats_position": [0.66176867485, 1.30031740665, 1.92725622654, 2.55419492722, 3.20435357094, 3.85451245308, 4.48145103455, 5.08516979218, 5.6888885498, 6.29260778427, 6.8963265419, 7.51165533066, 8.15020370483, 8.75392246246, 9.35764122009, 9.96135997772, 10.5882987976, 11.2152376175, 11.8189563751, 12.445895195, 13.0960540771, 13.7113828659, 14.3267116547, 14.9536504745, 15.5573692322, 16.1610889435, 16.7648067474, 17.3685264587, 17.995464325, 18.5991840363, 19.179681778, 19.7717914581, 20.3987293243, 21.0140590668, 21.6177768707, 22.2331066132, 22.8832645416, 23.5218143463, 24.1371421814, 24.7524719238, 25.3910198212, 26.0295696259, 26.6681175232, 27.3182754517, 27.9800453186, 28.6185932159, 29.2455329895, 29.8608608246, 30.4878005981, 31.1031284332, 31.7068481445, 32.322177887, 32.9491157532, 33.5876655579, 34.2029914856, 34.8067131042, 35.422039032, 36.0141487122, 36.6178665161, 37.2331962585, 37.8717460632, 38.4870758057, 39.1024017334, 39.7061233521, 40.309841156, 40.91355896, 41.5172767639, 42.1209983826, 42.7479362488, 43.3632659912, 43.9785919189, 44.5823135376]
},
"tonal": {
    "chords_changes_rate": 0.037037037313,
    "chords_number_rate": 0.00514403311536,
    "chords_strength": {
        "mean": 0.49572968483,
        "var": 0.00599830923602
    },
    "hpcp_entropy": {
        "mean": 1.42988049984,
        "var": 0.217039614916
    },
    "key_strength": 0.799027979374,
    "tuning_diatonic_strength": 0.506674826145,
    "tuning_equal_tempered_deviation": 0.0116989146918,
    "tuning_frequency": 441.782684326,
    "tuning_nontempered_energy_ratio": 0.594253838062,
    "hpcp": {
        "mean": [0.264643490314, 0.112099789083, 0.0018423111178, 0.00209961947985, 0.00596355134621, 0.156628802419, 0.264076769352, 0.129988744855, 0.296366304159, 0.459748357534, 0.18562734127, 0.00688089523464, 0.00348035991192, 0.0106544876471, 0.139452695847, 0.217781275511, 0.0922596305609, 0.0068716914393, 0.0051729506813, 0.0111685032025, 0.139669567347, 0.23180295527, 0.108473569155, 0.11692019552, 0.18115195632, 0.073026150465, 0.00222477829084, 0.00237369537354, 0.012215429917, 0.164625287056, 0.241597920656, 0.0891639813781, 0.00203371583484, 0.00169179495424, 0.00798222236335, 0.160708606243],
        "var": [0.159651443362, 0.0288860145956, 2.49182157859e-005, 6.50355505059e-005, 0.00024297645723, 0.0576409623027, 0.159537553787, 0.0322097092867, 0.0731322690845, 0.175521358848, 0.0348265059292, 0.00233557238244, 0.000758515147027, 0.00114480778575, 0.0373351462185, 0.0771020799875, 0.0145755968988, 0.00122029986233, 0.000694114598446, 0.00207456899807, 0.0362297222018, 0.0897705107927, 0.0190100446343, 0.0311720725149, 0.0712284371257, 0.0128989219666, 9.2464593763e-005, 0.000111573906906, 0.00135268212762, 0.0666739717126, 0.13683950901, 0.0189546570182, 0.000451119296486, 0.000192138759303, 0.00110727618448, 0.0595229789615]
    },
    "chords_histogram": [34.3621406555, 12.1399173737, 1.13168728352, 0, 0, 0, 0, 0, 0, 0, 0, 0, 0, 0, 0, 0, 0, 0, 0, 0, 0, 29.6296291351, 22.3251037598, 0.411522626877],
    "thpcp": [1, 0.403758585453, 0.0149666555226, 0.00757014099509, 0.0231746081263, 0.303323954344, 0.473696678877, 0.200674191117, 0.0149466358125, 0.0112517001107, 0.0242926441133, 0.303795695305, 0.504195272923, 0.235941171646, 0.254313468933, 0.394024163485, 0.158839389682, 0.00483912182972, 0.00516303163022, 0.0265698172152, 0.358076930046, 0.525500357151, 0.193940833211, 0.00442354148254, 0.00367982825264, 0.0173621550202, 0.349557757378, 0.575626850128, 0.243828579783, 0.00400721654296, 0.00456688832492, 0.0129713378847, 0.340683758259, 0.57439416647, 0.282738894224, 0.644627213478],
    "chords_key": "C",
    "chords_scale": "major",
    "key_key": "C",
    "key_scale": "major"
}
}