{
"lowlevel": {
    "average_loudness": 0.961163580418,
    "barkbands_crest": {
        "mean": 10.5200157166,
        "var": 13.0077600479
    },
    "barkbands_flatness_db": {
        "mean": 0.165337815881,
        "var": 0.00220735068433
    },
    "barkbands_kurtosis": {
        "mean": 0.465690046549,
        "var": 7.98939228058
    },
    "barkbands_skewness": {
        "mean": 1.16575980186,
        "var": 0.682611584663
    },
    "barkbands_spread": {
        "mean": 41.2196998596,
        "var": 125.780296326
    },
    "dissonance": {
        "mean": 0.487385451794,
        "var": 7.99703921075e-005
    },
    "dynamic_complexity": 0.984948158264,
    "erbbands_crest": {
        "mean": 9.14000511169,
        "var": 19.2610416412
    },
    "erbbands_flatness_db": {
        "mean": 0.189981073141,
        "var": 0.00212401663885
    },
    "erbbands_kurtosis": {
        "mean": 1.22712039948,
        "var": 1.86912858486
    },
    "erbbands_skewness": {
        "mean": -1.08622705936,
        "var": 0.185429409146
    },
    "erbbands_spread": {
        "mean": 38.5686645508,
        "var": 157.250411987
    },
    "hfc": {
        "mean": 29.2413921356,
        "var": 141.373031616
    },
    "melbands_crest": {
        "mean": 18.8266868591,
        "var": 16.5490665436
    },
    "melbands_flatness_db": {
        "mean": 0.219371169806,
        "var": 0.00295792147517
    },
    "melbands_kurtosis": {
        "mean": 12.1294393539,
        "var": 164.365997314
    },
    "melbands_skewness": {
        "mean": 3.21306061745,
        "var": 1.95601177216
    },
    "melbands_spread": {
        "mean": 35.3037452698,
        "var": 304.987304688
    },
    "pitch_salience": {
        "mean": 0.436945080757,
        "var": 0.00980811193585
    },
    "silence_rate_20dB": {
        "mean": 1,
        "var": 0
    },
    "silence_rate_30dB": {
        "mean": 0.973223507404,
        "var": 0.0260596442968
    },
    "silence_rate_60dB": {
        "mean": 0.00154479919001,
        "var": 0.00154241069686
    },
    "spectral_centroid": {
        "mean": 2583.88012695,
        "var": 173060.203125
    },
    "spectral_complexity": {
        "mean": 27.8424301147,
        "var": 91.2431869507
    },
    "spectral_decrease": {
        "mean": -8.84859829853e-009,
        "var": 4.25368266321e-017
    },
    "spectral_energy": {
        "mean": 0.0360489338636,
        "var": 0.000634282478131
    },
    "spectral_energyband_high": {
        "mean": 0.00204279343598,
        "var": 1.8964570927e-006
    },
    "spectral_energyband_low": {
        "mean": 0.0226246416569,
        "var": 0.000439821509644
    },
    "spectral_energyband_middle_high": {
        "mean": 0.0068906834349,
        "var": 7.53635777073e-006
    },
    "spectral_energyband_middle_low": {
        "mean": 0.00685392133892,
        "var": 0.00013528711861
    },
    "spectral_entropy": {
        "mean": 7.53075790405,
        "var": 0.116381883621
    },
    "spectral_flux": {
        "mean": 0.0920724198222,
        "var": 0.00261316075921
    },
    "spectral_kurtosis": {
        "mean": 2.62452149391,
        "var": 2.31896996498
    },
    "spectral_rms": {
        "mean": 0.00569348130375,
        "var": 2.75400770988e-006
    },
    "spectral_rolloff": {
        "mean": 2390.51586914,
        "var": 1725767.75
    },
    "spectral_skewness": {
        "mean": 0.558796286583,
        "var": 0.0835300534964
    },
    "spectral_spread": {
        "mean": 3280080,
        "var": 1.3593935872e+012
    },
    "spectral_strongpeak": {
        "mean": 0.758363604546,
        "var": 2.42156434059
    },
    "zerocrossingrate": {
        "mean": 0.0714152827859,
        "var": 0.000471289065899
    },
    "barkbands": {
        "mean": [7.44398785173e-005, 0.0109182810411, 0.00953035615385, 0.00382240419276, 0.00175363675226, 0.000241955815, 9.43576815189e-005, 8.55201142258e-005, 0.000578029314056, 0.000391169480281, 0.000416114082327, 0.00027666130336, 0.000189112266526, 0.00149217725266, 0.000226083080634, 0.000978089869022, 0.000580460065976, 0.000421672477387, 0.00120030308608, 0.00134679011535, 0.00112873513717, 0.000173722713953, 7.02897377778e-005, 3.65242776752e-005, 1.74161941686e-005, 4.41286738351e-006, 2.65306368874e-007],
        "var": [4.00725923555e-008, 0.000224701987463, 8.39116110001e-005, 5.56180639251e-005, 1.71225401573e-005, 2.73943697948e-007, 2.229586471e-008, 1.10715049573e-007, 3.34926340884e-007, 2.39273674651e-007, 2.73246115512e-007, 2.10572466131e-007, 5.45475735692e-008, 8.15521070763e-006, 5.72770701979e-008, 7.50019751194e-007, 2.91287221899e-007, 2.10625969999e-007, 1.17136050903e-006, 9.78625735115e-007, 1.6490427015e-006, 4.3090022217e-008, 7.99489718872e-009, 2.8018531939e-009, 7.61873564237e-010, 2.3656429593e-010, 2.45630707614e-012]
    },
    "erbbands": {
        "mean": [0.144118383527, 3.07522010803, 10.9310178757, 12.2145662308, 9.10839176178, 5.7291727066, 2.95725893974, 1.99512922764, 1.14595007896, 1.87721502781, 3.24857211113, 13.4354944229, 17.7826805115, 7.40274524689, 17.4173812866, 13.8543424606, 11.9993438721, 67.2922668457, 27.179693222, 34.7573814392, 50.5183601379, 29.8277664185, 21.2217617035, 50.3886032104, 61.5120429993, 61.9704589844, 52.5585441589, 27.9951400757, 6.50693416595, 4.22819662094, 1.8940243721, 1.00049877167, 0.461051911116, 0.247630774975, 0.10072003305, 0.0261557549238, 0.00716652581468, 0.00128598173615, 5.19077620993e-005, 4.52610438515e-005],
        "var": [0.0564698837698, 15.7377119064, 93.7370834351, 256.466583252, 349.05380249, 242.891983032, 68.8777542114, 21.3864212036, 2.77470326424, 20.9757499695, 57.4351921082, 201.910568237, 393.127990723, 43.7183265686, 422.739379883, 539.51373291, 139.435516357, 17367.4257813, 1305.45239258, 1601.35546875, 1684.44262695, 614.185546875, 364.300750732, 2045.34655762, 1893.68994141, 2248.2265625, 2098.63476563, 768.959350586, 53.7200889587, 22.7719268799, 5.81392621994, 2.19905018806, 0.415036648512, 0.137986496091, 0.0341394618154, 0.00506327301264, 0.000803377886768, 3.22368287016e-005, 2.21932285882e-008, 8.48340175885e-010]
    },
    "gfcc": {
        "mean": [3.05913472176, 101.459472656, -147.893264771, 83.5685043335, -30.0431537628, 14.0559844971, -4.96732950211, 1.11553192139, -26.9546298981, -4.92980766296, -26.4498519897, -14.6282482147, -4.46360063553],
        "cov": [[2467.70947266, -739.988525391, 440.406311035, 8.42473602295, -410.745239258, 251.96484375, -495.187072754, 481.279632568, -135.945770264, -174.481903076, 6.08506202698, 108.521896362, -127.744293213], [-739.988525391, 754.416381836, -387.632141113, 53.0487251282, 274.940795898, -238.896331787, 387.701538086, -296.185577393, 108.177253723, 35.5229415894, -0.596825659275, -52.5023078918, 98.1293334961], [440.406311035, -387.632141113, 382.063018799, -17.183965683, -145.96270752, 130.38130188, -226.612854004, 180.587493896, -49.9364585876, -24.7921733856, -2.37639689445, 49.6568832397, -37.1188812256], [8.42473602295, 53.0487251282, -17.183965683, 79.586265564, 35.0266952515, 0.547838389874, 42.4092941284, 4.37889432907, 20.241065979, -30.9421005249, 11.5531139374, 7.03044271469, 27.6907272339], [-410.745239258, 274.940795898, -145.96270752, 35.0266952515, 200.282455444, -56.7287483215, 190.423309326, -158.585968018, 40.3709259033, 53.583694458, -6.76667261124, -31.6844177246, 38.1696548462], [251.96484375, -238.896331787, 130.38130188, 0.547838389874, -56.7287483215, 145.631988525, -98.0063400269, 76.6655502319, -36.8701972961, -3.80836009979, 9.50656890869, 7.13278627396, -23.6601886749], [-495.187072754, 387.701538086, -226.612854004, 42.4092941284, 190.423309326, -98.0063400269, 309.060333252, -136.519180298, 62.1079826355, 3.61790776253, -9.94079208374, -3.84897303581, 68.6942214966], [481.279632568, -296.185577393, 180.587493896, 4.37889432907, -158.585968018, 76.6655502319, -136.519180298, 350.819976807, 3.86378765106, -167.555953979, 9.19696712494, 90.8231887817, 4.83979845047], [-135.945770264, 108.177253723, -49.9364585876, 20.241065979, 40.3709259033, -36.8701972961, 62.1079826355, 3.86378765106, 73.4654922485, 1.70019233227, -5.21609067917, -12.6834001541, 24.706155777], [-174.481903076, 35.5229415894, -24.7921733856, -30.9421005249, 53.583694458, -3.80836009979, 3.61790776253, -167.555953979, 1.70019233227, 174.628158569, -1.20448696613, -67.8832244873, -32.4704017639], [6.08506202698, -0.596825659275, -2.37639689445, 11.5531139374, -6.76667261124, 9.50656890869, -9.94079208374, 9.19696712494, -5.21609067917, -1.20448696613, 53.3361740112, 22.8927955627, -1.46885752678], [108.521896362, -52.5023078918, 49.6568832397, 7.03044271469, -31.6844177246, 7.13278627396, -3.84897303581, 90.8231887817, -12.6834001541, -67.8832244873, 22.8927955627, 96.0100631714, 29.4839992523], [-127.744293213, 98.1293334961, -37.1188812256, 27.6907272339, 38.1696548462, -23.6601886749, 68.6942214966, 4.83979845047, 24.706155777, -32.4704017639, -1.46885752678, 29.4839992523, 70.2364883423]],
        "icov": [[0.00110831169877, -0.00203189905733, 0.000486668053782, -0.00219383137301, 0.0010828061495, -0.00212555332109, 0.00182838377077, -0.00212667463347, 0.0018526247004, -0.00163204001728, 0.00274050910957, -0.00221983226947, 0.00261353352107], [-0.00203189905733, 0.0184552371502, -0.00131274876185, 0.00682962778956, -0.00439385650679, 0.0154795097187, -0.0110297258943, 0.0124027235433, -0.0102594001219, 0.0113787157461, -0.0146279660985, 0.0115360561758, -0.0116103552282], [0.000486668053782, -0.00131274876185, 0.0073783188127, -0.00285980594344, -0.000352967646904, -0.00399328768253, 0.00505926646292, -0.00340748415329, 0.00150400772691, -0.00391341326758, 0.00570121733472, -0.00584508711472, 0.00211393809877], [-0.00219383137301, 0.00682962778956, -0.00285980594344, 0.0246531125158, -0.00572062516585, 0.00382357113995, -0.00510936044157, 0.00843680463731, -0.00975154247135, 0.0120435962453, -0.0140533391386, 0.00956706982106, -0.0112621532753], [0.0010828061495, -0.00439385650679, -0.000352967646904, -0.00572062516585, 0.0191032681614, -0.00539865251631, -0.00582272326574, 0.000852562836371, 0.00075872981688, -0.00452083302662, 0.00415398646146, -0.0021339210216, 0.00223868759349], [-0.00212555332109, 0.0154795097187, -0.00399328768253, 0.00382357113995, -0.00539865251631, 0.0258760992438, -0.00951513182372, 0.00627696234733, -0.0019009305397, 0.00659274961799, -0.0151147153229, 0.0140470350161, -0.011082585901], [0.00182838377077, -0.0110297258943, 0.00505926646292, -0.00510936044157, -0.00582272326574, -0.00951513182372, 0.0206111017615, -0.00633052922785, 0.00255899713375, -0.00475810002536, 0.0126390969381, -0.012666489929, 0.00614183954895], [-0.00212667463347, 0.0124027235433, -0.00340748415329, 0.00843680463731, 0.000852562836371, 0.00627696234733, -0.00633052922785, 0.0230406541377, -0.0183687042445, 0.0187151730061, -0.0108345597982, 0.00353173725307, -0.00666390033439], [0.0018526247004, -0.0102594001219, 0.00150400772691, -0.00975154247135, 0.00075872981688, -0.0019009305397, 0.00255899713375, -0.0183687042445, 0.0344514027238, -0.0149481687695, 0.00809188466519, 0.00205354345962, 0.000330951297656], [-0.00163204001728, 0.0113787157461, -0.00391341326758, 0.0120435962453, -0.00452083302662, 0.00659274961799, -0.00475810002536, 0.0187151730061, -0.0149481687695, 0.026255434379, -0.0139828110114, 0.0108147449791, -0.005076716654], [0.00274050910957, -0.0146279660985, 0.00570121733472, -0.0140533391386, 0.00415398646146, -0.0151147153229, 0.0126390969381, -0.0108345597982, 0.00809188466519, -0.0139828110114, 0.0398365780711, -0.0230623111129, 0.0162145700306], [-0.00221983226947, 0.0115360561758, -0.00584508711472, 0.00956706982106, -0.0021339210216, 0.0140470350161, -0.012666489929, 0.00353173725307, 0.00205354345962, 0.0108147449791, -0.0230623111129, 0.0355507619679, -0.0201075002551], [0.00261353352107, -0.0116103552282, 0.00211393809877, -0.0112621532753, 0.00223868759349, -0.011082585901, 0.00614183954895, -0.00666390033439, 0.000330951297656, -0.005076716654, 0.0162145700306, -0.0201075002551, 0.0365882255137]]
    },
    "melbands": {
        "mean": [0.00221486389637, 0.00537755480036, 0.00213774107397, 0.000496490567457, 0.000135421869345, 4.3419040594e-005, 1.8040967916e-005, 1.95106476895e-005, 3.65683881682e-005, 8.52069861139e-005, 8.57605118654e-005, 2.31405665545e-005, 6.71058878652e-005, 3.0893515941e-005, 3.10488067043e-005, 1.6115114704e-005, 0.000153131855768, 5.72299904888e-005, 2.61587974819e-005, 5.37549240107e-005, 6.49075227557e-005, 3.3306889236e-005, 1.75117056642e-005, 2.20908405026e-005, 4.32766391896e-005, 4.70872691949e-005, 5.04397539771e-005, 3.66055974155e-005, 2.54444730672e-005, 4.48132814199e-005, 6.22436300546e-006, 3.23375888911e-006, 3.49237961927e-006, 1.85680687537e-006, 1.17242120723e-006, 7.37687457786e-007, 5.77241962674e-007, 3.55606147195e-007, 2.09483573599e-007, 2.10302800951e-007],
        "var": [1.05502531369e-005, 2.44556722464e-005, 8.43174439069e-006, 1.17593106097e-006, 1.6213886056e-007, 9.27073529056e-009, 6.83148315694e-010, 3.1031055503e-009, 4.34019931106e-009, 7.20971815582e-009, 9.86408732473e-009, 5.40492650636e-010, 7.36205851837e-009, 2.08999417772e-009, 1.40358280554e-009, 3.82328280146e-010, 9.40463067423e-008, 7.99635024862e-009, 8.16542056192e-010, 3.47209727636e-009, 3.55030027599e-009, 1.04249187061e-009, 3.27200516681e-010, 6.95703772369e-010, 1.74560044197e-009, 1.96009852793e-009, 1.90700677472e-009, 1.03050179501e-009, 3.75440539768e-010, 4.57695881195e-009, 4.10018546892e-011, 2.13048727965e-011, 1.68639477383e-011, 5.02989880649e-012, 2.37883194046e-012, 1.2086729187e-012, 7.95636343268e-013, 2.5259460322e-013, 9.52603474618e-014, 1.1249597716e-013]
    },
    "mfcc": {
        "mean": [-626.725158691, 109.690734863, -34.037071228, 72.5609207153, 1.33939599991, 28.0281219482, 21.2429618835, 11.3804569244, 15.4585428238, 9.66111183167, -7.03544950485, -8.13026809692, -2.99683880806],
        "cov": [[2098.70849609, -859.366577148, 657.186035156, -398.394744873, 220.437362671, -388.590209961, -90.2565689087, 287.347137451, -133.57232666, 2.38937449455, -85.4977493286, -9.93039226532, 147.954406738], [-859.366577148, 798.41986084, -535.383422852, 367.380401611, -213.220169067, 240.186920166, 52.3304862976, -143.979187012, 102.292045593, -32.6633262634, 61.9549446106, -13.8667411804, -50.575252533], [657.186035156, -535.383422852, 549.56628418, -276.247344971, 191.078323364, -187.621673584, -55.5838432312, 79.9279556274, -80.3454971313, 30.6390533447, -56.6631317139, 17.9980945587, 10.2060079575], [-398.394744873, 367.380401611, -276.247344971, 253.903610229, -101.921348572, 108.627670288, 33.2101211548, -17.1433753967, 75.1677398682, -28.6572418213, 23.3418502808, -19.5469989777, 4.71094465256], [220.437362671, -213.220169067, 191.078323364, -101.921348572, 128.736999512, -44.497051239, -16.5624961853, 7.39936685562, -33.1350135803, 32.2747039795, -14.8466787338, 6.58206272125, -9.09494400024], [-388.590209961, 240.186920166, -187.621673584, 108.627670288, -44.497051239, 199.305099487, 55.5281066895, -113.442253113, 5.88121366501, -0.284879982471, 39.72631073, 17.5765590668, -69.3203735352], [-90.2565689087, 52.3304862976, -55.5838432312, 33.2101211548, -16.5624961853, 55.5281066895, 74.4217910767, 19.5647068024, 10.1912813187, -17.0805912018, -0.763102173805, 6.11993598938, 1.29634582996], [287.347137451, -143.979187012, 79.9279556274, -17.1433753967, 7.39936685562, -113.442253113, 19.5647068024, 232.897781372, 57.7597427368, -33.1119422913, -55.9735298157, -28.7504997253, 115.922195435], [-133.57232666, 102.292045593, -80.3454971313, 75.1677398682, -33.1350135803, 5.88121366501, 10.1912813187, 57.7597427368, 107.933135986, 9.65569782257, -17.884223938, -18.2007274628, 30.0437202454], [2.38937449455, -32.6633262634, 30.6390533447, -28.6572418213, 32.2747039795, -0.284879982471, -17.0805912018, -33.1119422913, 9.65569782257, 75.0449142456, 20.7227859497, 4.09302186966, -29.9279937744], [-85.4977493286, 61.9549446106, -56.6631317139, 23.3418502808, -14.8466787338, 39.72631073, -0.763102173805, -55.9735298157, -17.884223938, 20.7227859497, 72.1780319214, 16.1879673004, -34.4013595581], [-9.93039226532, -13.8667411804, 17.9980945587, -19.5469989777, 6.58206272125, 17.5765590668, 6.11993598938, -28.7504997253, -18.2007274628, 4.09302186966, 16.1879673004, 48.4537773132, -12.7174386978], [147.954406738, -50.575252533, 10.2060079575, 4.71094465256, -9.09494400024, -69.3203735352, 1.29634582996, 115.922195435, 30.0437202454, -29.9279937744, -34.4013595581, -12.7174386978, 127.739143372]],
        "icov": [[0.00110665743705, 0.000315235811286, -0.000374755414668, 0.000121616780234, -8.48120325827e-005, 0.000501614529639, 0.000420453405241, -0.00104293983895, 0.00128117797431, -0.000276535720332, -0.000180591770913, 0.000142890028656, -0.000323684915202], [0.000315235811286, 0.00750361802056, 0.00150780391414, -0.00588270789012, 0.0038837257307, -0.00109872885514, 1.91786675714e-005, 0.00322692818008, -0.00194288068451, 0.000330709270202, 0.00035001517972, 0.000214688654523, 0.00010397699225], [-0.000374755414668, 0.00150780391414, 0.00825804844499, 0.00197551469319, -0.00595740787685, 0.00263952859677, 0.00110104796477, -0.000982237746939, 0.000425053964136, 0.000938891316764, 0.00242070178501, -0.00281116110273, 0.00267886766233], [0.000121616780234, -0.00588270789012, 0.00197551469319, 0.0161304641515, -0.00296902377158, -0.00202056206763, 0.00136960309464, -0.00289435521699, -0.00368226319551, 0.00402041478083, -0.00317055615596, 0.00250985170715, -0.000713879941031], [-8.48120325827e-005, 0.0038837257307, -0.00595740787685, -0.00296902377158, 0.0214672591537, -0.00386665854603, -0.000663017097395, 0.00183784088586, 0.00134501315188, -0.00693861348554, 0.00216072355397, 0.00182765431236, -0.00118771614507], [0.000501614529639, -0.00109872885514, 0.00263952859677, -0.00202056206763, -0.00386665854603, 0.0176105685532, -0.0107495579869, 0.00550161488354, -0.000521272129845, 0.000966463238001, -0.000360524980351, -0.00255379593, 0.00324317254126], [0.000420453405241, 1.91786675714e-005, 0.00110104796477, 0.00136960309464, -0.000663017097395, -0.0107495579869, 0.0249213315547, -0.00934634637088, 0.00233985809609, 0.00205671600997, 0.00131592771504, -0.00377262267284, 0.00164059642702], [-0.00104293983895, 0.00322692818008, -0.000982237746939, -0.00289435521699, 0.00183784088586, 0.00550161488354, -0.00934634637088, 0.0177714694291, -0.00929892156273, 0.00404936168343, -0.000403053563787, 0.00389384897426, -0.00683044269681], [0.00128117797431, -0.00194288068451, 0.000425053964136, -0.00368226319551, 0.00134501315188, -0.000521272129845, 0.00233985809609, -0.00929892156273, 0.0229363925755, -0.0115746706724, 0.00714552449062, -0.0005803288077, -0.000163288932526], [-0.000276535720332, 0.000330709270202, 0.000938891316764, 0.00402041478083, -0.00693861348554, 0.000966463238001, 0.00205671600997, 0.00404936168343, -0.0115746706724, 0.0248889438808, -0.00892703328282, 0.00132471136749, 0.00284405751154], [-0.000180591770913, 0.00035001517972, 0.00242070178501, -0.00317055615596, 0.00216072355397, -0.000360524980351, 0.00131592771504, -0.000403053563787, 0.00714552449062, -0.00892703328282, 0.0235952828079, -0.00646643899381, 0.00252041663043], [0.000142890028656, 0.000214688654523, -0.00281116110273, 0.00250985170715, 0.00182765431236, -0.00255379593, -0.00377262267284, 0.00389384897426, -0.0005803288077, 0.00132471136749, -0.00646643899381, 0.02721920982, -0.00328428205103], [-0.000323684915202, 0.00010397699225, 0.00267886766233, -0.000713879941031, -0.00118771614507, 0.00324317254126, 0.00164059642702, -0.00683044269681, -0.000163288932526, 0.00284405751154, 0.00252041663043, -0.00328428205103, 0.0169706903398]]
    },
    "spectral_contrast_coeffs": {
        "mean": [-0.62271040678, -0.79155933857, -0.752035140991, -0.742520689964, -0.754753649235, -0.616171419621],
        "var": [0.00377795170061, 0.00224081333727, 0.00279497937299, 0.00357119110413, 0.00085441354895, 0.00520136626437]
    },
    "spectral_contrast_valleys": {
        "mean": [-6.85593175888, -7.49104261398, -7.433198452, -7.55898666382, -6.75231218338, -11.0256471634],
        "var": [0.42300927639, 0.433732718229, 0.502543568611, 0.441922008991, 0.535668969154, 1.6298019886]
    }
},
"metadata": {
    "audio_properties": {
        "analysis_sample_rate": 44100,
        "bit_rate": 128074,
        "equal_loudness": 0,
        "length": 45.0612258911,
        "lossless": 0,
        "replay_gain": -4.49241065979,
        "sample_rate": 44100,
        "codec": "mp3",
        "downmix": "mix",
        "md5_encoded": "77958cfb3c8ae6fb4bbcc63d2cbac4dc"
    },
    "tags": {
        "file_name": "1270.mp3"
    },
    "version": {
        "essentia": "2.1-beta2",
        "essentia_git_sha": "v2.1_beta2",
        "extractor": "music 1.0"
    }
},
"rhythm": {
    "beats_count": 80,
    "beats_loudness": {
        "mean": 0.049014352262,
        "var": 0.000981974299066
    },
    "bpm": 108.539054871,
    "bpm_histogram_first_peak_bpm": {
        "mean": 108,
        "var": 0
    },
    "bpm_histogram_first_peak_spread": {
        "mean": 0.682539701462,
        "var": 0
    },
    "bpm_histogram_first_peak_weight": {
        "mean": 0.253164559603,
        "var": 0
    },
    "bpm_histogram_second_peak_bpm": {
        "mean": 99,
        "var": 0
    },
    "bpm_histogram_second_peak_spread": {
        "mean": 0.571428596973,
        "var": 0
    },
    "bpm_histogram_second_peak_weight": {
        "mean": 0.0759493634105,
        "var": 0
    },
    "danceability": 1.53683304787,
    "onset_rate": 2.04074645042,
    "beats_loudness_band_ratio": {
        "mean": [0.654232561588, 0.0659641325474, 0.0308929979801, 0.0750566273928, 0.0921403542161, 0.115069031715],
        "var": [0.0253724399954, 0.00376055273227, 0.000601364590693, 0.010022142902, 0.00318339769728, 0.00482477527112]
    },
    "beats_position": [0.557278871536, 1.1261677742, 1.68344664574, 2.24072551727, 2.80961441994, 3.3785033226, 3.94739222527, 4.55111122131, 5.15482997894, 5.75854873657, 6.3622674942, 6.96598625183, 7.55809497833, 8.15020370483, 8.75392246246, 9.33442115784, 9.91492080688, 10.5070295334, 11.0991382599, 11.6680269241, 12.2369155884, 12.7941951752, 13.3630838394, 13.9319725037, 14.4892511368, 15.0581407547, 15.6270294189, 16.2075271606, 16.7880268097, 17.3569164276, 17.9141941071, 18.483083725, 19.0403633118, 19.5976409912, 20.1433105469, 20.6889801025, 21.246257782, 21.7919273376, 22.3375968933, 22.8948745728, 23.4521541595, 23.9978218079, 24.5434913635, 25.1007709503, 25.6464385986, 26.1921081543, 26.7493877411, 27.2950553894, 27.8175048828, 28.3631744385, 28.9088420868, 29.4429016113, 29.988571167, 30.5342407227, 31.0915184021, 31.6487979889, 32.2060775757, 32.7633552551, 33.3206329346, 33.8779144287, 34.4351921082, 34.9808616638, 35.514919281, 36.0605888367, 36.5946464539, 37.1287078857, 37.6743774414, 38.2316551208, 38.7773246765, 39.3229942322, 39.8570518494, 40.3795013428, 40.91355896, 41.4476165771, 41.981678009, 42.5157356262, 43.0497932434, 43.5838546753, 44.1179122925, 44.6519737244]
},
"tonal": {
    "chords_changes_rate": 0.0606995895505,
    "chords_number_rate": 0.00823045242578,
    "chords_strength": {
        "mean": 0.50014179945,
        "var": 0.0155407795683
    },
    "hpcp_entropy": {
        "mean": 2.22164058685,
        "var": 0.394070327282
    },
    "key_strength": 0.648834705353,
    "tuning_diatonic_strength": 0.476027518511,
    "tuning_equal_tempered_deviation": 0.282729744911,
    "tuning_frequency": 438.224517822,
    "tuning_nontempered_energy_ratio": 0.973479568958,
    "hpcp": {
        "mean": [0.152014896274, 0.100197039545, 0.0697366520762, 0.0836079716682, 0.117965832353, 0.155622139573, 0.183967664838, 0.176990747452, 0.113218523562, 0.0633899196982, 0.0605591386557, 0.065433382988, 0.0753460004926, 0.0840429514647, 0.0899649932981, 0.15407037735, 0.204814121127, 0.157868027687, 0.113620921969, 0.10108576715, 0.140156790614, 0.20534196496, 0.183974131942, 0.110239110887, 0.0758504718542, 0.0940956026316, 0.119052581489, 0.11617654562, 0.135258048773, 0.186284407973, 0.264754205942, 0.235056474805, 0.103965960443, 0.0749614685774, 0.0995306745172, 0.1392878443],
        "var": [0.0842224210501, 0.0395350754261, 0.0268725324422, 0.0272870138288, 0.0387672707438, 0.0650828331709, 0.0652647465467, 0.0571209713817, 0.0318338871002, 0.0225266348571, 0.0189974699169, 0.015628663823, 0.0181179400533, 0.0218305718154, 0.0239879451692, 0.0434372350574, 0.0655030608177, 0.0592252165079, 0.0582760088146, 0.0421964898705, 0.0509008057415, 0.0830462872982, 0.0746565461159, 0.0475617498159, 0.0350656993687, 0.0508245788515, 0.0732093378901, 0.0545430146158, 0.0567755065858, 0.0914689972997, 0.112681262195, 0.0974396839738, 0.02114838548, 0.0162928272039, 0.0272785574198, 0.0770073533058]
    },
    "chords_histogram": [26.0288066864, 10.4938268661, 0, 4.73251008987, 0, 0, 16.9753093719, 0, 2.36625504494, 0, 10.0823049545, 0.720164597034, 0, 0, 0, 0, 0, 5.96707820892, 0, 0, 0, 0, 0.617283940315, 22.0164604187],
    "thpcp": [1, 0.887829065323, 0.392688602209, 0.283136069775, 0.375936150551, 0.526102483273, 0.574173688889, 0.378453046083, 0.263401478529, 0.315794676542, 0.445567369461, 0.587798535824, 0.694862127304, 0.668509662151, 0.427636355162, 0.239429324865, 0.228737205267, 0.247147664428, 0.284588485956, 0.317437648773, 0.339805722237, 0.581937432289, 0.773600995541, 0.596281468868, 0.429156243801, 0.381809860468, 0.529384553432, 0.775594711304, 0.694886505604, 0.416382849216, 0.28649392724, 0.355407387018, 0.449672102928, 0.438809067011, 0.510881602764, 0.703612625599],
    "chords_key": "G",
    "chords_scale": "major",
    "key_key": "G",
    "key_scale": "major"
}
}