{
"lowlevel": {
    "average_loudness": 0.9807523489,
    "barkbands_crest": {
        "mean": 9.41621780396,
        "var": 11.2136154175
    },
    "barkbands_flatness_db": {
        "mean": 0.138654828072,
        "var": 0.0011505971197
    },
    "barkbands_kurtosis": {
        "mean": 2.07364559174,
        "var": 10.6504516602
    },
    "barkbands_skewness": {
        "mean": 1.08774971962,
        "var": 0.67857837677
    },
    "barkbands_spread": {
        "mean": 19.9431095123,
        "var": 71.9813308716
    },
    "dissonance": {
        "mean": 0.452427715063,
        "var": 0.000780964153819
    },
    "dynamic_complexity": 1.53132092953,
    "erbbands_crest": {
        "mean": 11.1295061111,
        "var": 22.4473438263
    },
    "erbbands_flatness_db": {
        "mean": 0.168731614947,
        "var": 0.00149585830513
    },
    "erbbands_kurtosis": {
        "mean": 0.645587444305,
        "var": 3.29743432999
    },
    "erbbands_skewness": {
        "mean": 0.461920589209,
        "var": 0.451307117939
    },
    "erbbands_spread": {
        "mean": 30.6775455475,
        "var": 225.83480835
    },
    "hfc": {
        "mean": 26.4791927338,
        "var": 187.406066895
    },
    "melbands_crest": {
        "mean": 11.5039834976,
        "var": 12.4586677551
    },
    "melbands_flatness_db": {
        "mean": 0.199543207884,
        "var": 0.00165176461451
    },
    "melbands_kurtosis": {
        "mean": 6.2900967598,
        "var": 66.041557312
    },
    "melbands_skewness": {
        "mean": 1.77441394329,
        "var": 1.22567808628
    },
    "melbands_spread": {
        "mean": 23.1818790436,
        "var": 113.989356995
    },
    "pitch_salience": {
        "mean": 0.523753106594,
        "var": 0.009187662974
    },
    "silence_rate_20dB": {
        "mean": 1,
        "var": 0
    },
    "silence_rate_30dB": {
        "mean": 0.996395468712,
        "var": 0.00359148904681
    },
    "silence_rate_60dB": {
        "mean": 0.00154479919001,
        "var": 0.00154241069686
    },
    "spectral_centroid": {
        "mean": 1172.06152344,
        "var": 166831.984375
    },
    "spectral_complexity": {
        "mean": 19.8321323395,
        "var": 33.577255249
    },
    "spectral_decrease": {
        "mean": -9.35006205793e-009,
        "var": 2.03213626522e-017
    },
    "spectral_energy": {
        "mean": 0.037691090256,
        "var": 0.000314935576171
    },
    "spectral_energyband_high": {
        "mean": 0.000540928158443,
        "var": 2.93005228968e-007
    },
    "spectral_energyband_low": {
        "mean": 0.0108220372349,
        "var": 0.00014401639055
    },
    "spectral_energyband_middle_high": {
        "mean": 0.00892192497849,
        "var": 6.98847652529e-005
    },
    "spectral_energyband_middle_low": {
        "mean": 0.0185977146029,
        "var": 0.00013157374633
    },
    "spectral_entropy": {
        "mean": 7.39346933365,
        "var": 0.100989699364
    },
    "spectral_flux": {
        "mean": 0.0906742215157,
        "var": 0.00182113749906
    },
    "spectral_kurtosis": {
        "mean": 5.47010660172,
        "var": 6.68102407455
    },
    "spectral_rms": {
        "mean": 0.00591682735831,
        "var": 1.76296077825e-006
    },
    "spectral_rolloff": {
        "mean": 1232.69030762,
        "var": 641050.125
    },
    "spectral_skewness": {
        "mean": 1.81036925316,
        "var": 0.146816983819
    },
    "spectral_spread": {
        "mean": 4282689,
        "var": 2.11814134579e+012
    },
    "spectral_strongpeak": {
        "mean": 1.71361076832,
        "var": 3.87183356285
    },
    "zerocrossingrate": {
        "mean": 0.0522772707045,
        "var": 0.000419335294282
    },
    "barkbands": {
        "mean": [0.000173474778421, 0.00731786340475, 0.00246481527574, 0.00216659973375, 0.00280639715493, 0.00326624396257, 0.00249229487963, 0.00312209618278, 0.004021265544, 0.00250822282396, 0.000536745414138, 0.00121695431881, 0.000597692269366, 0.00106744340155, 0.00112189783249, 0.00101319467649, 0.000583551882301, 0.000402631587349, 0.000205239703064, 0.000176685512997, 9.27448782022e-005, 6.36546101305e-005, 0.00011206385534, 7.99362969701e-005, 5.82914617553e-005, 2.25141993724e-005, 5.88816305935e-007],
        "var": [1.32928164476e-007, 8.34321253933e-005, 1.3353277609e-005, 8.35320315673e-006, 1.47260061567e-005, 1.53822056745e-005, 2.17247743421e-005, 4.76340755995e-005, 3.30405819113e-005, 2.68614930974e-005, 2.09310542232e-006, 4.97373048347e-006, 2.616766551e-006, 6.29090982329e-006, 5.57283874514e-006, 4.82813993585e-006, 1.07678329186e-006, 2.35886616906e-007, 3.90811472073e-008, 3.26332170175e-008, 1.25341692581e-008, 7.90240406445e-009, 3.59455611942e-008, 1.38861286914e-008, 8.6271958466e-009, 1.95615701415e-009, 2.56204606142e-012]
    },
    "erbbands": {
        "mean": [0.202757656574, 1.67322850227, 2.98445487022, 5.01039457321, 8.67939567566, 9.21973896027, 17.6452484131, 29.3151512146, 44.7297286987, 30.898065567, 73.3346405029, 77.7855072021, 106.657684326, 44.9587211609, 30.4547519684, 41.0683860779, 28.7023906708, 36.9712638855, 57.2538833618, 86.9862136841, 37.0277442932, 32.3708381653, 27.4233913422, 12.4761972427, 8.28870010376, 8.71772575378, 5.42659235001, 2.92042827606, 2.17642426491, 3.04573106766, 3.09644007683, 1.67262709141, 1.38925874233, 0.8311804533, 0.312253594398, 0.126763358712, 0.0365104451776, 0.00394688779488, 0.000114015922009, 4.83379553771e-005],
        "var": [0.0617722682655, 4.54092025757, 17.3597106934, 34.2929801941, 228.158554077, 124.784896851, 412.5546875, 1200.83813477, 6833.24951172, 3336.15991211, 17776.9980469, 12128.6445313, 30854.2324219, 7668.53515625, 2698.93701172, 5353.71191406, 3772.33862305, 4789.82666016, 17915.109375, 29823.9121094, 3357.26220703, 2517.19482422, 1001.38397217, 124.050956726, 51.6415061951, 87.3903045654, 32.2766838074, 20.6417598724, 9.01865386963, 27.2542705536, 30.2838058472, 6.60964632034, 3.92225384712, 1.67571723461, 0.303969293833, 0.0614935010672, 0.00585769116879, 8.05029267212e-005, 4.7366153666e-008, 5.37727640193e-010]
    },
    "gfcc": {
        "mean": [30.8908843994, 106.454040527, -120.429840088, 27.8780956268, -56.6255149841, 18.5320911407, -42.297492981, 21.503326416, -18.4443874359, 1.64655613899, -12.702507019, -2.53611040115, -5.61783361435],
        "cov": [[1881.87780762, -247.231628418, -26.1680164337, 17.0696182251, -30.1605815887, 55.1986579895, -73.5142211914, 22.9275112152, 0.185368731618, 41.0789680481, -148.811782837, 95.4815826416, -30.8756313324], [-247.231628418, 564.679199219, -59.2626075745, 33.6594009399, 100.270996094, -45.5424079895, 101.720664978, -14.7176895142, 26.0645580292, -45.3206100464, 110.497772217, -114.290245056, 23.8471221924], [-26.1680164337, -59.2626075745, 428.29196167, 148.939743042, 0.989510774612, 7.60404205322, -31.0039081573, 17.7185001373, -44.4437789917, 8.88087463379, -5.73577833176, 65.7105941772, -53.9928665161], [17.0696182251, 33.6594009399, 148.939743042, 325.217773438, -23.1315574646, -49.4366760254, -7.11751794815, -2.20418405533, 45.2603416443, -16.245475769, 28.3659572601, 24.651638031, -12.5603179932], [-30.1605815887, 100.270996094, 0.989510774612, -23.1315574646, 211.103607178, 55.522441864, 19.384349823, 13.0950145721, 7.92132949829, -6.04492235184, -34.4777412415, -26.6002693176, 11.0837669373], [55.1986579895, -45.5424079895, 7.60404205322, -49.4366760254, 55.522441864, 201.026412964, 66.1552352905, -2.92519044876, -18.1613540649, -9.09996414185, -24.823266983, -4.92154836655, 9.12825775146], [-73.5142211914, 101.720664978, -31.0039081573, -7.11751794815, 19.384349823, 66.1552352905, 179.948242188, 15.4528503418, -25.5005073547, 3.41600322723, 25.7951126099, -30.9689121246, -3.17545127869], [22.9275112152, -14.7176895142, 17.7185001373, -2.20418405533, 13.0950145721, -2.92519044876, 15.4528503418, 90.7344894409, 32.0975036621, -6.23453092575, -15.5268354416, -0.428995937109, 3.1765859127], [0.185368731618, 26.0645580292, -44.4437789917, 45.2603416443, 7.92132949829, -18.1613540649, -25.5005073547, 32.0975036621, 148.642211914, 18.1148166656, 3.07450175285, -9.28802871704, -0.745374381542], [41.0789680481, -45.3206100464, 8.88087463379, -16.245475769, -6.04492235184, -9.09996414185, 3.41600322723, -6.23453092575, 18.1148166656, 93.9811935425, 32.1467323303, 4.87119007111, -25.1619606018], [-148.811782837, 110.497772217, -5.73577833176, 28.3659572601, -34.4777412415, -24.823266983, 25.7951126099, -15.5268354416, 3.07450175285, 32.1467323303, 126.912971497, -0.500981450081, -13.3174686432], [95.4815826416, -114.290245056, 65.7105941772, 24.651638031, -26.6002693176, -4.92154836655, -30.9689121246, -0.428995937109, -9.28802871704, 4.87119007111, -0.500981450081, 104.565879822, 1.24353635311], [-30.8756313324, 23.8471221924, -53.9928665161, -12.5603179932, 11.0837669373, 9.12825775146, -3.17545127869, 3.1765859127, -0.745374381542, -25.1619606018, -13.3174686432, 1.24353635311, 74.4588470459]],
        "icov": [[0.000788621138781, -0.000700051896274, 0.00069374893792, -0.000555622857064, 0.000594743352849, -0.000805890944321, 0.000762504001614, -0.000774447631557, 0.000723535311408, -0.0014306625817, 0.00187996961176, -0.00132522115018, 0.000918538193218], [-0.000700051896274, 0.0067027756013, -0.00207199575379, 0.00143106328323, -0.00404237024486, 0.00397463748232, -0.00411003595218, 0.00349104544148, -0.00325864739716, 0.00668069021776, -0.00805569626391, 0.00628498801962, -0.00322861853056], [0.00069374893792, -0.00207199575379, 0.00519647682086, -0.00301626231521, 0.000940985511988, -0.00250960979611, 0.00283377966844, -0.00345554691739, 0.00382365821861, -0.00342213478871, 0.00349363707937, -0.00404065987095, 0.0042206691578], [-0.000555622857064, 0.00143106328323, -0.00301626231521, 0.00547321606427, -0.000772263563704, 0.00251574185677, -0.00236847018823, 0.00282766763121, -0.00382361398079, 0.00395286781713, -0.00322590628639, 0.00138936447911, -0.00167042668909], [0.000594743352849, -0.00404237024486, 0.000940985511988, -0.000772263563704, 0.0080496147275, -0.00375160295516, 0.0023964731954, -0.00254156184383, 0.00157461035997, -0.00454604020342, 0.00631834380329, -0.00243271095678, 0.00121588527691], [-0.000805890944321, 0.00397463748232, -0.00250960979611, 0.00251574185677, -0.00375160295516, 0.00946912262589, -0.00575185148045, 0.00408066250384, -0.00306197395548, 0.00507833715528, -0.00410723825917, 0.00337767158635, -0.0031299199909], [0.000762504001614, -0.00411003595218, 0.00283377966844, -0.00236847018823, 0.0023964731954, -0.00575185148045, 0.0109326997772, -0.00554784806445, 0.00498467404395, -0.00527067715302, 0.00330024282448, -0.00219124229625, 0.0032348476816], [-0.000774447631557, 0.00349104544148, -0.00345554691739, 0.00282766763121, -0.00254156184383, 0.00408066250384, -0.00554784806445, 0.0163665357977, -0.00680591678247, 0.0056894919835, -0.00310597079806, 0.00315186195076, -0.00327838305384], [0.000723535311408, -0.00325864739716, 0.00382365821861, -0.00382361398079, 0.00157461035997, -0.00306197395548, 0.00498467404395, -0.00680591678247, 0.012042705901, -0.00666653038934, 0.00437733577564, -0.00265116570517, 0.0028102057986], [-0.0014306625817, 0.00668069021776, -0.00342213478871, 0.00395286781713, -0.00454604020342, 0.00507833715528, -0.00527067715302, 0.0056894919835, -0.00666653038934, 0.0214228425175, -0.012256895192, 0.00572392297909, -7.60900220484e-005], [0.00187996961176, -0.00805569626391, 0.00349363707937, -0.00322590628639, 0.00631834380329, -0.00410723825917, 0.00330024282448, -0.00310597079806, 0.00437733577564, -0.012256895192, 0.0213329922408, -0.00857575517148, 0.00504562584683], [-0.00132522115018, 0.00628498801962, -0.00404065987095, 0.00138936447911, -0.00243271095678, 0.00337767158635, -0.00219124229625, 0.00315186195076, -0.00265116570517, 0.00572392297909, -0.00857575517148, 0.0182804763317, -0.00546935200691], [0.000918538193218, -0.00322861853056, 0.0042206691578, -0.00167042668909, 0.00121588527691, -0.0031299199909, 0.0032348476816, -0.00327838305384, 0.0028102057986, -7.60900220484e-005, 0.00504562584683, -0.00546935200691, 0.0191006902605]]
    },
    "melbands": {
        "mean": [0.00199032458477, 0.0018177429447, 0.00103867973667, 0.000619520898908, 0.000587425427511, 0.000696233008057, 0.000595100689679, 0.000447861239081, 0.000592876924202, 0.000507375109009, 0.000542728346772, 0.00020414456958, 8.55502148625e-005, 0.000147031474626, 7.48676247895e-005, 5.81161839364e-005, 7.11568936822e-005, 9.97540919343e-005, 9.89310501609e-005, 9.92062487057e-005, 3.49753718183e-005, 3.35466174874e-005, 2.87960265268e-005, 1.85483586392e-005, 9.38741322898e-006, 6.88515001457e-006, 5.33298771188e-006, 6.08165464655e-006, 4.25634834755e-006, 1.55275279212e-006, 1.74466117642e-006, 1.25113660943e-006, 1.10751523152e-006, 1.97500889954e-006, 1.97949589165e-006, 1.21610980841e-006, 9.62166723184e-007, 1.02690773929e-006, 8.27287692573e-007, 6.62285174258e-007],
        "var": [5.80073901801e-006, 5.23358221471e-006, 1.57911938459e-006, 8.50503681704e-007, 3.81743177513e-007, 6.0967522586e-007, 1.16905516734e-006, 8.819953905e-007, 8.3815666585e-007, 5.2898553804e-007, 8.27510916679e-007, 1.90628952623e-007, 3.08979402064e-008, 9.31041981289e-008, 1.76197296753e-008, 3.09034007273e-008, 1.97074889741e-008, 7.54314513074e-008, 3.94783086222e-008, 4.89594640385e-008, 5.89791726568e-009, 3.95073218584e-009, 1.45221068504e-009, 3.50892787049e-010, 9.08881025996e-011, 4.22346359275e-011, 2.82341199032e-011, 5.54550086407e-011, 2.34563150153e-011, 5.20447140245e-012, 9.09211421429e-012, 3.23114755438e-012, 2.85204563959e-012, 1.37566225772e-011, 1.40100491972e-011, 4.05512385823e-012, 2.56303919061e-012, 2.62349625531e-012, 1.17948359413e-012, 1.30284747834e-012]
    },
    "mfcc": {
        "mean": [-611.080322266, 133.398651123, -0.412128925323, 14.6900129318, 11.9771089554, -5.34979486465, 0.15219193697, 6.91443681717, 2.1176264286, 8.63274860382, -1.05811452866, 0.319161683321, -1.70811247826],
        "cov": [[1260.1015625, -194.335464478, -47.8335189819, -18.3252849579, -24.1128425598, 31.5329265594, -103.456726074, 14.8134737015, 79.1601104736, -4.76974964142, -46.1673545837, -19.0049667358, 25.5463275909], [-194.335464478, 500.545959473, -121.792541504, -3.12286400795, 34.4118537903, -11.9811201096, 115.793327332, -15.1805353165, -5.30121278763, 41.4484825134, 20.4327030182, 15.885266304, -26.1123981476], [-47.8335189819, -121.792541504, 386.051513672, 121.479248047, 9.77149486542, 16.6119194031, -8.73597621918, 33.4233016968, -43.5702667236, -67.1812515259, 34.6680603027, 31.4250869751, 16.9111042023], [-18.3252849579, -3.12286400795, 121.479248047, 298.207397461, 25.1866817474, -28.2989768982, -36.4504318237, 5.54706430435, -16.5494632721, -43.1137275696, 30.3207778931, 51.8248062134, 38.875995636], [-24.1128425598, 34.4118537903, 9.77149486542, 25.1866817474, 195.050628662, 14.0157594681, -43.6825180054, 14.6792831421, 31.0844249725, 10.8710289001, -20.8926544189, -10.0696134567, 8.25719070435], [31.5329265594, -11.9811201096, 16.6119194031, -28.2989768982, 14.0157594681, 152.328796387, 52.7892799377, 20.6601905823, 4.41486263275, 13.2744283676, 12.3039636612, -12.5082683563, -5.60446310043], [-103.456726074, 115.793327332, -8.73597621918, -36.4504318237, -43.6825180054, 52.7892799377, 201.953689575, 22.1284484863, -16.3520488739, 19.1099338531, 13.4259433746, -11.1257715225, -42.8158493042], [14.8134737015, -15.1805353165, 33.4233016968, 5.54706430435, 14.6792831421, 20.6601905823, 22.1284484863, 115.519714355, 39.270275116, -3.46642589569, -14.2404146194, -13.7296686172, 6.40678071976], [79.1601104736, -5.30121278763, -43.5702667236, -16.5494632721, 31.0844249725, 4.41486263275, -16.3520488739, 39.270275116, 112.956794739, 37.4879226685, -28.6717662811, -22.4050617218, 2.21565508842], [-4.76974964142, 41.4484825134, -67.1812515259, -43.1137275696, 10.8710289001, 13.2744283676, 19.1099338531, -3.46642589569, 37.4879226685, 113.646209717, 19.4666824341, -22.1295166016, -21.2920227051], [-46.1673545837, 20.4327030182, 34.6680603027, 30.3207778931, -20.8926544189, 12.3039636612, 13.4259433746, -14.2404146194, -28.6717662811, 19.4666824341, 103.193740845, 50.2490196228, 7.49772071838], [-19.0049667358, 15.885266304, 31.4250869751, 51.8248062134, -10.0696134567, -12.5082683563, -11.1257715225, -13.7296686172, -22.4050617218, -22.1295166016, 50.2490196228, 106.241134644, 51.6277999878], [25.5463275909, -26.1123981476, 16.9111042023, 38.875995636, 8.25719070435, -5.60446310043, -42.8158493042, 6.40678071976, 2.21565508842, -21.2920227051, 7.49772071838, 51.6277999878, 100.565483093]],
        "icov": [[0.00093302509049, 0.000254853104707, 0.0001626824087, -4.60444643977e-005, 0.000295804988127, -0.000395435490645, 0.000413848698372, 5.10396421305e-005, -0.000606909976341, 0.000120140954095, 0.000235475527006, -8.52457233123e-005, 1.12382067528e-005], [0.000254853104707, 0.00299367681146, 0.00105298461858, -0.000382329017157, -0.00110159779433, 0.000750174571294, -0.00200108601712, 0.000289089628495, 6.00384519203e-005, -0.000300707353745, -0.000309294729959, -0.000762067502365, 0.000294485624181], [0.0001626824087, 0.00105298461858, 0.00394169613719, -0.0012151215924, -0.000581498839892, -0.000295860634651, -0.000382879981771, -0.00122343481053, 0.000922870764043, 0.00161734316498, -0.00137999351136, -6.36318554825e-006, 0.000413422792917], [-4.60444643977e-005, -0.000382329017157, -0.0012151215924, 0.00445516826585, -0.00053170369938, 0.000772490282543, 0.000404675811296, -9.57903539529e-005, -0.000306895235553, 0.000988518120721, -0.000952642643824, -0.000787088705692, -0.000649243302178], [0.000295804988127, -0.00110159779433, -0.000581498839892, -0.00053170369938, 0.00655381847173, -0.00159554590937, 0.00245729438029, -0.000474005646538, -0.00103767274413, -0.000930447480641, 0.00170559051912, 2.02828941838e-005, 7.97958637122e-005], [-0.000395435490645, 0.000750174571294, -0.000295860634651, 0.000772490282543, -0.00159554590937, 0.00841169338673, -0.00302991038188, -0.000523292808793, -1.07236455733e-005, -6.94152913638e-005, -0.00213201856241, 0.00159901287407, -0.00128689780831], [0.000413848698372, -0.00200108601712, -0.000382879981771, 0.000404675811296, 0.00245729438029, -0.00302991038188, 0.00865400675684, -0.00229519233108, 0.00127893965691, -0.000921196886338, 0.000785914366134, -0.000952817499638, 0.00295062270015], [5.10396421305e-005, 0.000289089628495, -0.00122343481053, -9.57903539529e-005, -0.000474005646538, -0.000523292808793, -0.00229519233108, 0.0116668064147, -0.00493051949888, 0.00164035230409, -0.000148286431795, 0.00181683967821, -0.00187156104948], [-0.000606909976341, 6.00384519203e-005, 0.000922870764043, -0.000306895235553, -0.00103767274413, -1.07236455733e-005, 0.00127893965691, -0.00493051949888, 0.0144590046257, -0.00547828059644, 0.00377436773852, -0.000517769018188, -0.000417596049374], [0.000120140954095, -0.000300707353745, 0.00161734316498, 0.000988518120721, -0.000930447480641, -6.94152913638e-005, -0.000921196886338, 0.00164035230409, -0.00547828059644, 0.0143553353846, -0.00672433292493, 0.00391429942101, 0.000465002609417], [0.000235475527006, -0.000309294729959, -0.00137999351136, -0.000952642643824, 0.00170559051912, -0.00213201856241, 0.000785914366134, -0.000148286431795, 0.00377436773852, -0.00672433292493, 0.0177187230438, -0.009248056449, 0.00246522994712], [-8.52457233123e-005, -0.000762067502365, -6.36318554825e-006, -0.000787088705692, 2.02828941838e-005, 0.00159901287407, -0.000952817499638, 0.00181683967821, -0.000517769018188, 0.00391429942101, -0.009248056449, 0.0195959657431, -0.00883527379483], [1.12382067528e-005, 0.000294485624181, 0.000413422792917, -0.000649243302178, 7.97958637122e-005, -0.00128689780831, 0.00295062270015, -0.00187156104948, -0.000417596049374, 0.000465002609417, 0.00246522994712, -0.00883527379483, 0.0159556958824]]
    },
    "spectral_contrast_coeffs": {
        "mean": [-0.682445824146, -0.675620555878, -0.68987685442, -0.729512035847, -0.768720448017, -0.789011538029],
        "var": [0.00364698446356, 0.00600379751995, 0.00542287854478, 0.00489324284717, 0.00141275057103, 0.00128482899163]
    },
    "spectral_contrast_valleys": {
        "mean": [-6.71837520599, -6.44586181641, -7.19410133362, -7.57764387131, -7.42256450653, -10.0428533554],
        "var": [0.592195689678, 0.484197556973, 0.462074786425, 0.430394649506, 0.405642747879, 0.5144982934]
    }
},
"metadata": {
    "audio_properties": {
        "analysis_sample_rate": 44100,
        "bit_rate": 128074,
        "equal_loudness": 0,
        "length": 45.0612258911,
        "lossless": 0,
        "replay_gain": -5.64410018921,
        "sample_rate": 44100,
        "codec": "mp3",
        "downmix": "mix",
        "md5_encoded": "46505e5cc3397a9e74146fb570c0ef16"
    },
    "tags": {
        "file_name": "1271.mp3"
    },
    "version": {
        "essentia": "2.1-beta2",
        "essentia_git_sha": "v2.1_beta2",
        "extractor": "music 1.0"
    }
},
"rhythm": {
    "beats_count": 89,
    "beats_loudness": {
        "mean": 0.0466584637761,
        "var": 0.000286628404865
    },
    "bpm": 120.050605774,
    "bpm_histogram_first_peak_bpm": {
        "mean": 120,
        "var": 0
    },
    "bpm_histogram_first_peak_spread": {
        "mean": 0.488095223904,
        "var": 0
    },
    "bpm_histogram_first_peak_weight": {
        "mean": 0.488636374474,
        "var": 0
    },
    "bpm_histogram_second_peak_bpm": {
        "mean": 115,
        "var": 0
    },
    "bpm_histogram_second_peak_spread": {
        "mean": 0,
        "var": 0
    },
    "bpm_histogram_second_peak_weight": {
        "mean": 0.0227272734046,
        "var": 0
    },
    "danceability": 1.31519365311,
    "onset_rate": 2.5731151104,
    "beats_loudness_band_ratio": {
        "mean": [0.354729354382, 0.182744801044, 0.243770956993, 0.138162523508, 0.0993992462754, 0.0278930682689],
        "var": [0.0424118749797, 0.0182461868972, 0.0296012815088, 0.0193437729031, 0.00882907211781, 0.000588945345953]
    },
    "beats_position": [0.46439909935, 0.952018141747, 1.43963718414, 1.92725622654, 2.41487526894, 2.90249419212, 3.39011335373, 3.88934230804, 4.38857126236, 4.8994102478, 5.39863920212, 5.90947818756, 6.40870714188, 6.91954612732, 7.40716552734, 7.90639448166, 8.40562343597, 8.90485286713, 9.4040813446, 9.90331077576, 10.4025392532, 10.8901586533, 11.3893871307, 11.8886165619, 12.387845993, 12.8870744705, 13.3979139328, 13.9087524414, 14.4195919037, 14.8956003189, 15.3716096878, 15.8824491501, 16.3932876587, 16.904127121, 17.4033565521, 17.9025840759, 18.390203476, 18.877822876, 19.365442276, 19.8762817383, 20.3871192932, 20.8979587555, 21.3855781555, 21.8848075867, 22.3840351105, 22.8832645416, 23.3824939728, 23.8933334351, 24.40417099, 24.89179039, 25.37940979, 25.8902492523, 26.3778686523, 26.8770961761, 27.3763256073, 27.8871650696, 28.3980045319, 28.897233963, 29.3964614868, 29.9189109802, 30.4413604736, 30.9521980286, 31.4398174286, 31.9390468597, 32.4382743835, 32.9375038147, 33.4367332458, 33.9243545532, 34.4351921082, 34.9344215393, 35.4336509705, 35.9328804016, 36.4321098328, 36.9313354492, 37.4305648804, 37.94140625, 38.4522438049, 38.9514732361, 39.4507026672, 39.9615402222, 40.4491615295, 40.9483909607, 41.4476165771, 41.9468460083, 42.4460754395, 42.9453048706, 43.4445343018, 43.9437637329, 44.4546012878]
},
"tonal": {
    "chords_changes_rate": 0.0504115223885,
    "chords_number_rate": 0.00925925932825,
    "chords_strength": {
        "mean": 0.594029605389,
        "var": 0.00620390661061
    },
    "hpcp_entropy": {
        "mean": 1.77750086784,
        "var": 0.442647010088
    },
    "key_strength": 0.804802954197,
    "tuning_diatonic_strength": 0.642235815525,
    "tuning_equal_tempered_deviation": 0.0885836482048,
    "tuning_frequency": 443.572570801,
    "tuning_nontempered_energy_ratio": 0.753580510616,
    "hpcp": {
        "mean": [0.155131965876, 0.0553539693356, 0.0501572564244, 0.0573595538735, 0.074696443975, 0.198242008686, 0.28938677907, 0.183728978038, 0.0686091408134, 0.0393814593554, 0.0740103125572, 0.241498351097, 0.308939903975, 0.156664118171, 0.0516316108406, 0.0354504995048, 0.0355235524476, 0.085681758821, 0.126324921846, 0.145021364093, 0.288372248411, 0.316618174314, 0.149855732918, 0.0605930648744, 0.0415961332619, 0.0675977990031, 0.178073659539, 0.222837999463, 0.13517037034, 0.0771957859397, 0.0684690847993, 0.085292391479, 0.203248366714, 0.257339090109, 0.175601691008, 0.188943177462],
        "var": [0.0824526399374, 0.0125873805955, 0.0151406237856, 0.014478193596, 0.0182104408741, 0.0619727894664, 0.128274857998, 0.0658907294273, 0.0214385371655, 0.00871858466417, 0.0218552406877, 0.106672443449, 0.138606205583, 0.0407100990415, 0.0124803269282, 0.00977808982134, 0.00759203964844, 0.0207674950361, 0.0405135564506, 0.0317149087787, 0.099758900702, 0.122756429017, 0.0390978418291, 0.0192567780614, 0.00873875338584, 0.0146648930386, 0.0642552524805, 0.0906025394797, 0.0417100377381, 0.032035972923, 0.0276887249202, 0.0268279295415, 0.0628144219518, 0.102174408734, 0.0380291081965, 0.114364914596]
    },
    "chords_histogram": [17.1810703278, 3.90946507454, 19.9588470459, 2.67489719391, 0, 0, 0, 0, 9.46502017975, 4.52674913406, 0, 0, 0, 0, 0, 0, 0, 1.74897122383, 0, 0, 0, 0.411522626877, 12.9629631042, 27.1604938507],
    "thpcp": [1, 0.473301112652, 0.191375821829, 0.131376326084, 0.213499426842, 0.562424004078, 0.703806698322, 0.426919162273, 0.243813499808, 0.216251283884, 0.269385635853, 0.641935229301, 0.812774240971, 0.554616570473, 0.596754074097, 0.489965438843, 0.174828782678, 0.158415600657, 0.181163176894, 0.235919639468, 0.626123249531, 0.91399294138, 0.580285608768, 0.216693624854, 0.124381549656, 0.233752578497, 0.76274317503, 0.975749135017, 0.494804561138, 0.163072168827, 0.111966088414, 0.112196817994, 0.270615428686, 0.398981899023, 0.458032339811, 0.910788655281],
    "chords_key": "C#",
    "chords_scale": "minor",
    "key_key": "E",
    "key_scale": "major"
}
}