{
"lowlevel": {
    "average_loudness": 0.88162791729,
    "barkbands_crest": {
        "mean": 11.3928527832,
        "var": 11.7697515488
    },
    "barkbands_flatness_db": {
        "mean": 0.243726342916,
        "var": 0.0032540068496
    },
    "barkbands_kurtosis": {
        "mean": 6.6378531456,
        "var": 60.5241508484
    },
    "barkbands_skewness": {
        "mean": 1.47380447388,
        "var": 0.816466629505
    },
    "barkbands_spread": {
        "mean": 5.91367053986,
        "var": 23.4846744537
    },
    "dissonance": {
        "mean": 0.365743756294,
        "var": 0.00372181157582
    },
    "dynamic_complexity": 3.63150382042,
    "erbbands_crest": {
        "mean": 12.9521226883,
        "var": 20.1062316895
    },
    "erbbands_flatness_db": {
        "mean": 0.270753026009,
        "var": 0.00245516793802
    },
    "erbbands_kurtosis": {
        "mean": 3.99421453476,
        "var": 21.927400589
    },
    "erbbands_skewness": {
        "mean": 0.982054233551,
        "var": 0.498562306166
    },
    "erbbands_spread": {
        "mean": 12.9228687286,
        "var": 82.5032196045
    },
    "hfc": {
        "mean": 11.951043129,
        "var": 251.056686401
    },
    "melbands_crest": {
        "mean": 14.0772428513,
        "var": 24.2133255005
    },
    "melbands_flatness_db": {
        "mean": 0.304438322783,
        "var": 0.0049638398923
    },
    "melbands_kurtosis": {
        "mean": 5.38298463821,
        "var": 45.7002830505
    },
    "melbands_skewness": {
        "mean": 1.26055955887,
        "var": 0.912778377533
    },
    "melbands_spread": {
        "mean": 8.87063789368,
        "var": 33.7192840576
    },
    "pitch_salience": {
        "mean": 0.597121238708,
        "var": 0.0104340091348
    },
    "silence_rate_20dB": {
        "mean": 1,
        "var": 0
    },
    "silence_rate_30dB": {
        "mean": 0.998970150948,
        "var": 0.00102880643681
    },
    "silence_rate_60dB": {
        "mean": 0.0978372842073,
        "var": 0.0882642194629
    },
    "spectral_centroid": {
        "mean": 642.665344238,
        "var": 77878.953125
    },
    "spectral_complexity": {
        "mean": 11.4660148621,
        "var": 39.7688941956
    },
    "spectral_decrease": {
        "mean": -4.55400650523e-009,
        "var": 1.87093100611e-017
    },
    "spectral_energy": {
        "mean": 0.0182718578726,
        "var": 0.000310091621941
    },
    "spectral_energyband_high": {
        "mean": 0.000189192069229,
        "var": 6.91143668519e-007
    },
    "spectral_energyband_low": {
        "mean": 7.70130136516e-005,
        "var": 4.15956016298e-008
    },
    "spectral_energyband_middle_high": {
        "mean": 0.00313650700264,
        "var": 1.85168646567e-005
    },
    "spectral_energyband_middle_low": {
        "mean": 0.0149898054078,
        "var": 0.000193211351871
    },
    "spectral_entropy": {
        "mean": 6.35500574112,
        "var": 0.324349313974
    },
    "spectral_flux": {
        "mean": 0.0396347381175,
        "var": 0.00133446452674
    },
    "spectral_kurtosis": {
        "mean": 21.9568138123,
        "var": 202.706176758
    },
    "spectral_rms": {
        "mean": 0.00380086456425,
        "var": 3.37963524544e-006
    },
    "spectral_rolloff": {
        "mean": 811.017150879,
        "var": 321278.5625
    },
    "spectral_skewness": {
        "mean": 3.57896900177,
        "var": 1.543446064
    },
    "spectral_spread": {
        "mean": 2716927.75,
        "var": 2.35778002125e+012
    },
    "spectral_strongpeak": {
        "mean": 1.25772285461,
        "var": 0.712477385998
    },
    "zerocrossingrate": {
        "mean": 0.0327221341431,
        "var": 0.000281288375845
    },
    "barkbands": {
        "mean": [3.02008658082e-007, 3.66414838027e-006, 3.60343619832e-005, 6.21646249783e-005, 0.00407411996275, 0.00240191933699, 0.00161666225176, 0.00373032968491, 0.00291347177699, 0.00109838903882, 0.000637649325654, 0.000658907869365, 0.000221855385462, 0.000109022163088, 0.000100606732303, 0.000135263559059, 8.66615446284e-005, 5.34631726623e-005, 0.000126145474496, 3.50745795004e-005, 6.04584311077e-005, 1.65887868206e-005, 3.51561429852e-005, 3.00964329654e-005, 1.79013459274e-005, 9.46114869294e-006, 5.08745358729e-007],
        "var": [2.64001255752e-012, 4.44674227995e-011, 6.12363537655e-009, 3.20581605706e-008, 2.25572184718e-005, 1.96200489881e-005, 4.15325075664e-006, 2.40288045461e-005, 2.59145617747e-005, 2.96276834888e-006, 1.93348159883e-006, 1.39212613703e-006, 2.98239655194e-007, 7.42901988815e-008, 3.49465629768e-008, 1.15629418929e-007, 3.71748285488e-008, 2.62224411074e-008, 2.10765932707e-007, 4.68904062245e-008, 6.31805505691e-008, 3.68344643675e-009, 5.63137732001e-008, 4.29404103386e-008, 1.27206494227e-008, 4.27323376684e-009, 1.40225400735e-011]
    },
    "erbbands": {
        "mean": [5.79116385779e-005, 0.00176211702637, 0.0328812971711, 0.249665305018, 5.69072771072, 17.0350570679, 20.3750610352, 14.3004837036, 23.3648223877, 32.5150680542, 90.4365844727, 78.0765457153, 23.4764671326, 45.4451789856, 29.2781219482, 22.7630958557, 12.2839298248, 5.8235502243, 6.77734470367, 7.87376213074, 4.29916667938, 4.96901226044, 2.97098398209, 5.50245666504, 4.19146442413, 1.69868946075, 1.64194750786, 2.67896866798, 0.694063901901, 0.668406784534, 0.889791190624, 0.947560012341, 0.373716056347, 0.171407178044, 0.152858570218, 0.0532015264034, 0.0165634062141, 0.00186216866132, 6.92687972332e-005, 2.31006270042e-005],
        "var": [2.279742084e-008, 5.87642216487e-006, 0.0031292354688, 0.242862120271, 41.7385292053, 398.474060059, 2251.8894043, 505.552490234, 971.148498535, 3028.37695313, 13471.0585938, 17327.5625, 2295.49389648, 4929.87304688, 2484.94360352, 1473.29528809, 621.397094727, 219.111938477, 161.756729126, 309.096374512, 112.890663147, 119.664710999, 64.7327346802, 338.780456543, 245.736450195, 165.125030518, 46.7239189148, 127.881271362, 6.32047128677, 6.61366558075, 30.8046302795, 46.9455375671, 8.05033493042, 1.05994617939, 1.18263077736, 0.133973121643, 0.0147559605539, 0.000116994408017, 1.48808737777e-007, 7.96241184098e-010]
    },
    "gfcc": {
        "mean": [-101.75592041, 121.98274231, -128.505752563, -40.9380989075, -91.5279922485, -19.7822570801, -53.6814651489, -7.69667720795, -34.2706260681, -13.5844497681, -25.4116172791, -7.08520174026, -15.3520545959],
        "cov": [[6991.96972656, -1358.89025879, -1476.06713867, 849.049804688, -215.045227051, 91.9391098022, -47.3228797913, 19.9607563019, -307.452270508, -75.9847640991, 31.8472385406, 142.719512939, 28.1342735291], [-1358.89025879, 971.200561523, 229.347244263, -388.612548828, 249.998596191, -111.557579041, 78.3607940674, -89.2275619507, 95.9636993408, -65.6092529297, -6.98588085175, -75.7025146484, 14.8359966278], [-1476.06713867, 229.347244263, 693.020629883, -154.687438965, -73.7886199951, 21.8012065887, -50.0851135254, -23.1370487213, 18.8163986206, 20.4008159637, -41.0137901306, -35.438747406, -18.0615062714], [849.049804688, -388.612548828, -154.687438965, 359.430297852, -61.301486969, 12.8897409439, -25.3295001984, -15.8839235306, -80.130531311, 11.8184070587, 25.8174514771, 33.7279586792, 1.67001760006], [-215.045227051, 249.998596191, -73.7886199951, -61.301486969, 208.430221558, -9.39384746552, 28.9866313934, -20.0563545227, 13.7088651657, -15.3426046371, -7.26662254333, -15.5574064255, 2.54895687103], [91.9391098022, -111.557579041, 21.8012065887, 12.8897409439, -9.39384746552, 118.869750977, 5.39505290985, 19.573884964, -13.7104492188, 10.2143325806, -27.9781723022, -2.7223443985, -9.99691581726], [-47.3228797913, 78.3607940674, -50.0851135254, -25.3295001984, 28.9866313934, 5.39505290985, 82.2570953369, 9.15725231171, 8.13877773285, -6.77558612823, -7.1016330719, -9.39054584503, -1.04442107677], [19.9607563019, -89.2275619507, -23.1370487213, -15.8839235306, -20.0563545227, 19.573884964, 9.15725231171, 84.9213256836, 31.4736213684, 12.8227510452, -13.4633512497, -12.2551298141, -11.7770290375], [-307.452270508, 95.9636993408, 18.8163986206, -80.130531311, 13.7088651657, -13.7104492188, 8.13877773285, 31.4736213684, 94.4211044312, 15.6426334381, -13.9832649231, -21.3075828552, -3.08436822891], [-75.9847640991, -65.6092529297, 20.4008159637, 11.8184070587, -15.3426046371, 10.2143325806, -6.77558612823, 12.8227510452, 15.6426334381, 58.7153587341, 8.02300453186, 2.27532863617, -5.53565597534], [31.8472385406, -6.98588085175, -41.0137901306, 25.8174514771, -7.26662254333, -27.9781723022, -7.1016330719, -13.4633512497, -13.9832649231, 8.02300453186, 78.8889083862, 29.4948997498, -4.34390926361], [142.719512939, -75.7025146484, -35.438747406, 33.7279586792, -15.5574064255, -2.7223443985, -9.39054584503, -12.2551298141, -21.3075828552, 2.27532863617, 29.4948997498, 66.0840530396, 10.1255846024], [28.1342735291, 14.8359966278, -18.0615062714, 1.67001760006, 2.54895687103, -9.99691581726, -1.04442107677, -11.7770290375, -3.08436822891, -5.53565597534, -4.34390926361, 10.1255846024, 40.2292060852]],
        "icov": [[0.000500046997331, -0.000379661621992, 0.00123954785522, -0.000608882342931, 0.000986542669125, -0.000440622388851, 0.000868242001161, -0.000330024253344, 0.00113668676931, 4.583293412e-005, 0.000924033171032, -0.000373921182472, 0.000413368688896], [-0.000379661621992, 0.00860412418842, -0.00364236789756, 0.00555245252326, -0.0074889366515, 0.00448465021327, -0.00626926729456, 0.00784684717655, -0.00539288017899, 0.00574072403833, -0.00485980510712, 0.00550369219854, -0.00258358963765], [0.00123954785522, -0.00364236789756, 0.00605779560283, -0.00195531221107, 0.0056697325781, -0.00269634835422, 0.00519205350429, -0.00189082953148, 0.00464528566226, -0.00275024026632, 0.00464361999184, -0.0018991647521, 0.00278640748002], [-0.000608882342931, 0.00555245252326, -0.00195531221107, 0.00828305538744, -0.00408003246412, 0.00301402295008, -0.00334950350225, 0.00550896581262, -0.000742211879697, 0.00163633923512, -0.00334890582599, 0.0035208191257, -0.00138982245699], [0.000986542669125, -0.0074889366515, 0.0056697325781, -0.00408003246412, 0.0135004380718, -0.00437515741214, 0.00511772651225, -0.00426105549559, 0.00539624551311, -0.00419464940205, 0.00560131622478, -0.00374434120022, 0.00311339274049], [-0.000440622388851, 0.00448465021327, -0.00269634835422, 0.00301402295008, -0.00437515741214, 0.0133023327217, -0.00441165873781, 0.00161327421665, 8.83970860741e-005, 0.000223666720558, 0.00196959031746, 0.00125380919781, 0.00119381048717], [0.000868242001161, -0.00626926729456, 0.00519205350429, -0.00334950350225, 0.00511772651225, -0.00441165873781, 0.019363341853, -0.00661553163081, 0.00511682592332, -0.00289889937267, 0.00479712989181, -0.00279515469447, 0.00253531173803], [-0.000330024253344, 0.00784684717655, -0.00189082953148, 0.00550896581262, -0.00426105549559, 0.00161327421665, -0.00661553163081, 0.0238396394998, -0.010085657239, 0.0034918114543, -0.00257786596194, 0.00594272650778, 0.00167061761022], [0.00113668676931, -0.00539288017899, 0.00464528566226, -0.000742211879697, 0.00539624551311, 8.83970860741e-005, 0.00511682592332, -0.010085657239, 0.0225063171238, -0.00849196501076, 0.00638371380046, -0.00119526614435, 0.001717792009], [4.583293412e-005, 0.00574072403833, -0.00275024026632, 0.00163633923512, -0.00419464940205, 0.000223666720558, -0.00289889937267, 0.0034918114543, -0.00849196501076, 0.0248722862452, -0.00662030186504, 0.00291690207087, -0.000861136708409], [0.000924033171032, -0.00485980510712, 0.00464361999184, -0.00334890582599, 0.00560131622478, 0.00196959031746, 0.00479712989181, -0.00257786596194, 0.00638371380046, -0.00662030186504, 0.0228743441403, -0.0108559578657, 0.00765509717166], [-0.000373921182472, 0.00550369219854, -0.0018991647521, 0.0035208191257, -0.00374434120022, 0.00125380919781, -0.00279515469447, 0.00594272650778, -0.00119526614435, 0.00291690207087, -0.0108559578657, 0.0248380936682, -0.00766519783065], [0.000413368688896, -0.00258358963765, 0.00278640748002, -0.00138982245699, 0.00311339274049, 0.00119381048717, 0.00253531173803, 0.00167061761022, 0.001717792009, -0.000861136708409, 0.00765509717166, -0.00766519783065, 0.03025335446]]
    },
    "melbands": {
        "mean": [6.29499197657e-007, 1.09616057671e-005, 7.32911430532e-005, 0.000996769871563, 0.000657875731122, 0.000350815651473, 0.000357241748134, 0.000476234970847, 0.000746146426536, 0.0004285434552, 9.50622415985e-005, 0.000183466356248, 0.000101234414615, 7.80295013101e-005, 4.25934849773e-005, 1.93811538338e-005, 9.14163501875e-006, 1.03680768007e-005, 9.00212671695e-006, 1.09511393021e-005, 3.88889930036e-006, 5.38146650797e-006, 3.93859363612e-006, 2.05228957384e-006, 4.78096671941e-006, 5.13668146596e-006, 1.30487035221e-006, 1.09821780825e-006, 7.01181761542e-007, 1.68871258666e-006, 1.35437653626e-006, 3.27401863842e-007, 2.89649335627e-007, 4.36350177324e-007, 4.30261337669e-007, 8.17620446014e-007, 4.48422497357e-007, 2.89626086669e-007, 1.52462774849e-007, 1.40405418847e-007],
        "var": [2.26852434407e-012, 3.92521182224e-010, 1.05108455273e-008, 1.30922444441e-006, 1.78276025053e-006, 3.44036948263e-007, 2.15240504531e-007, 5.01675401665e-007, 9.42734573073e-007, 5.85241195949e-007, 5.36447579691e-008, 8.65720011234e-008, 3.65590580031e-008, 2.53177354637e-008, 8.00710431292e-009, 2.09332728929e-009, 6.18279372144e-010, 4.365484918e-010, 2.81317413808e-010, 7.66151031506e-010, 9.37471628104e-011, 1.49773818348e-010, 1.13951639791e-010, 3.66992096434e-011, 2.63449040361e-010, 4.00173283399e-010, 2.92156437931e-011, 1.34038419253e-010, 8.10639923243e-012, 5.52992131253e-011, 3.19761474243e-011, 1.76301041908e-012, 9.51719605902e-013, 3.47466434965e-012, 5.38552145588e-012, 4.87805455751e-011, 9.50409542733e-012, 5.98969615226e-012, 9.07772717672e-013, 7.70948517699e-013]
    },
    "mfcc": {
        "mean": [-752.922424316, 176.442825317, -9.5092754364, -23.4961738586, -29.9458866119, -28.605556488, -25.4909057617, -13.4808368683, -16.0272731781, -13.6968603134, -14.954205513, -9.66582679749, -9.75377941132],
        "cov": [[7873.49804688, -2018.55871582, -1227.91088867, 432.25302124, -169.21585083, 92.292098999, 153.659973145, 192.567443848, -240.48500061, -120.8491745, -109.561408997, 4.30548524857, -222.991149902], [-2018.55871582, 1350.41650391, 65.1871337891, -191.009292603, 89.0607681274, -5.07275867462, -35.9619903564, -24.2560272217, 95.0660095215, 14.1314964294, 47.8249549866, -54.0367164612, 46.6840820313], [-1227.91088867, 65.1871337891, 621.400756836, -60.4294967651, -17.2740650177, -16.1038036346, -40.3204345703, -60.3679122925, 10.8898820877, 4.71772766113, -13.7304210663, 24.9261760712, 9.31908226013], [432.25302124, -191.009292603, -60.4294967651, 194.546127319, 0.464174091816, 12.5151720047, 21.2408847809, -12.3684940338, -42.2268218994, -31.5000209808, -14.1652078629, 9.64852905273, -5.55255413055], [-169.21585083, 89.0607681274, -17.2740650177, 0.464174091816, 110.94090271, 21.8441848755, 0.559257030487, -4.79641532898, 2.11227226257, 11.2013463974, 8.08898639679, -17.1757564545, 11.9030017853], [92.292098999, -5.07275867462, -16.1038036346, 12.5151720047, 21.8441848755, 102.635650635, 33.4589576721, 1.5435513258, 7.60890293121, -1.2919639349, 1.23025524616, -21.0281925201, -3.49956989288], [153.659973145, -35.9619903564, -40.3204345703, 21.2408847809, 0.559257030487, 33.4589576721, 90.515838623, 13.9031095505, -9.14304161072, -6.65548038483, -7.92552900314, 4.80435800552, -8.42311763763], [192.567443848, -24.2560272217, -60.3679122925, -12.3684940338, -4.79641532898, 1.5435513258, 13.9031095505, 74.7926940918, 17.5013999939, 0.400415420532, 12.9745035172, 2.19662761688, -4.09041643143], [-240.48500061, 95.0660095215, 10.8898820877, -42.2268218994, 2.11227226257, 7.60890293121, -9.14304161072, 17.5013999939, 109.123435974, 48.4184265137, 11.1218824387, -11.8078632355, 16.0799236298], [-120.8491745, 14.1314964294, 4.71772766113, -31.5000209808, 11.2013463974, -1.2919639349, -6.65548038483, 0.400415420532, 48.4184265137, 126.224746704, 20.0480155945, -37.8374977112, 23.8023433685], [-109.561408997, 47.8249549866, -13.7304210663, -14.1652078629, 8.08898639679, 1.23025524616, -7.92552900314, 12.9745035172, 11.1218824387, 20.0480155945, 69.0146636963, 8.60403728485, 4.03367137909], [4.30548524857, -54.0367164612, 24.9261760712, 9.64852905273, -17.1757564545, -21.0281925201, 4.80435800552, 2.19662761688, -11.8078632355, -37.8374977112, 8.60403728485, 100.493530273, 9.42399215698], [-222.991149902, 46.6840820313, 9.31908226013, -5.55255413055, 11.9030017853, -3.49956989288, -8.42311763763, -4.09041643143, 16.0799236298, 23.8023433685, 4.03367137909, 9.42399215698, 76.9556121826]],
        "icov": [[0.000442006014055, 0.000503396149725, 0.000761189730838, -0.00015227975382, 0.000322004721966, -0.000379434990464, 0.000190763050341, -0.000531533907633, 0.000406726874644, -0.000105166858702, 0.000492276332807, -4.62630450784e-005, 0.000725210702512], [0.000503396149725, 0.00164659996517, 0.000860850908794, 0.000778037298005, -0.000368879787857, -1.81196828635e-005, -4.97569599247e-005, 0.000190412378288, -0.000453277985798, 0.000916630786378, -0.000314483535476, 0.000806887168437, 0.000201452465262], [0.000761189730838, 0.000860850908794, 0.00321424123831, 0.000372462789528, 0.000824279151857, -0.000831316574477, 0.000898797006812, 0.000640638172626, 0.000493579602335, -0.00029968842864, 0.00125684472732, -0.000777809997089, 0.00130714732222], [-0.00015227975382, 0.000778037298005, 0.000372462789528, 0.00697339233011, -0.000698269053828, -0.000151522574015, -0.00109808356501, 0.00204534968361, 0.000790952995885, 0.00150592450518, -0.00024381687399, 0.000296192622045, -0.00102010008413], [0.000322004721966, -0.000368879787857, 0.000824279151857, -0.000698269053828, 0.0107337161899, -0.00254117348231, 0.000645003106911, -9.38200464589e-005, 0.0013417963637, -0.000841557048261, -0.000366737454897, 0.000872737553436, -0.000811263802461], [-0.000379434990464, -1.81196828635e-005, -0.000831316574477, -0.000151522574015, -0.00254117348231, 0.0132241863757, -0.00541790015996, 0.00169889535755, -0.00267083477229, 0.00238347379491, -0.00232477276586, 0.00365955475718, -0.00101246067788], [0.000190763050341, -4.97569599247e-005, 0.000898797006812, -0.00109808356501, 0.000645003106911, -0.00541790015996, 0.014514756389, -0.00332450913265, 0.00202433322556, -0.00185833510477, 0.00304802926257, -0.00268703070469, 0.00178181531373], [-0.000531533907633, 0.000190412378288, 0.000640638172626, 0.00204534968361, -9.38200464589e-005, 0.00169889535755, -0.00332450913265, 0.0179226957262, -0.00435453467071, 0.00241828104481, -0.00425110245124, 0.000696155824699, -0.000605703913607], [0.000406726874644, -0.000453277985798, 0.000493579602335, 0.000790952995885, 0.0013417963637, -0.00267083477229, 0.00202433322556, -0.00435453467071, 0.0138109195977, -0.00535671878606, 0.00165957049467, -0.00132293847855, -4.2001480324e-005], [-0.000105166858702, 0.000916630786378, -0.00029968842864, 0.00150592450518, -0.000841557048261, 0.00238347379491, -0.00185833510477, 0.00241828104481, -0.00535671878606, 0.0134969623759, -0.00473792199045, 0.00606071343645, -0.00410133041441], [0.000492276332807, -0.000314483535476, 0.00125684472732, -0.00024381687399, -0.000366737454897, -0.00232477276586, 0.00304802926257, -0.00425110245124, 0.00165957049467, -0.00473792199045, 0.0184584315866, -0.00445633241907, 0.00220298394561], [-4.62630450784e-005, 0.000806887168437, -0.000777809997089, 0.000296192622045, 0.000872737553436, 0.00365955475718, -0.00268703070469, 0.000696155824699, -0.00132293847855, 0.00606071343645, -0.00445633241907, 0.0144501673058, -0.00386779056862], [0.000725210702512, 0.000201452465262, 0.00130714732222, -0.00102010008413, -0.000811263802461, -0.00101246067788, 0.00178181531373, -0.000605703913607, -4.2001480324e-005, -0.00410133041441, 0.00220298394561, -0.00386779056862, 0.0166195817292]]
    },
    "spectral_contrast_coeffs": {
        "mean": [-0.446021854877, -0.651337742805, -0.685634553432, -0.732943415642, -0.76641356945, -0.79877024889],
        "var": [0.00569067290053, 0.00329759693705, 0.00366456084885, 0.00222774758004, 0.00351124745794, 0.00287217716686]
    },
    "spectral_contrast_valleys": {
        "mean": [-9.80857944489, -6.78948068619, -7.81418704987, -9.01888370514, -9.60242080688, -11.7493543625],
        "var": [0.522631585598, 0.613358139992, 0.890126287937, 1.00672090054, 1.07214999199, 0.813720166683]
    }
},
"metadata": {
    "audio_properties": {
        "analysis_sample_rate": 44100,
        "bit_rate": 128074,
        "equal_loudness": 0,
        "length": 45.0612258911,
        "lossless": 0,
        "replay_gain": -6.38221549988,
        "sample_rate": 44100,
        "codec": "mp3",
        "downmix": "mix",
        "md5_encoded": "43a1d765ea7a851de3154a2ae7c07a83"
    },
    "tags": {
        "file_name": "1272.mp3"
    },
    "version": {
        "essentia": "2.1-beta2",
        "essentia_git_sha": "v2.1_beta2",
        "extractor": "music 1.0"
    }
},
"rhythm": {
    "beats_count": 88,
    "beats_loudness": {
        "mean": 0.0309602189809,
        "var": 0.000702715828083
    },
    "bpm": 118.422637939,
    "bpm_histogram_first_peak_bpm": {
        "mean": 117,
        "var": 0
    },
    "bpm_histogram_first_peak_spread": {
        "mean": 0.532467484474,
        "var": 0
    },
    "bpm_histogram_first_peak_weight": {
        "mean": 0.413793116808,
        "var": 0
    },
    "bpm_histogram_second_peak_bpm": {
        "mean": 123,
        "var": 0
    },
    "bpm_histogram_second_peak_spread": {
        "mean": 0.166666671634,
        "var": 0
    },
    "bpm_histogram_second_peak_weight": {
        "mean": 0.0574712641537,
        "var": 0
    },
    "danceability": 1.05240237713,
    "onset_rate": 3.17202997208,
    "beats_loudness_band_ratio": {
        "mean": [0.0410093851388, 0.361938774586, 0.453635662794, 0.13635571301, 0.0293370485306, 0.0267719458789],
        "var": [0.000776583387051, 0.0304582305253, 0.0301797371358, 0.00594257563353, 0.000643283477984, 0.0016171853058]
    },
    "beats_position": [0.53405892849, 1.07972788811, 1.62539684772, 2.18267560005, 2.72834467888, 3.25079369545, 3.76163268089, 4.27247142792, 4.78331041336, 5.2941493988, 5.80498838425, 6.30421733856, 6.80344676971, 7.30267572403, 7.80190467834, 8.28952407837, 8.78875255585, 9.287981987, 9.78721046448, 10.2864398956, 10.7972784042, 11.3081178665, 11.8189563751, 12.3297958374, 12.840634346, 13.3514738083, 13.873922348, 14.3963718414, 14.8956003189, 15.3948297501, 15.8940582275, 16.3932876587, 16.904127121, 17.4149665833, 17.9141941071, 18.4134235382, 18.9242630005, 19.4351024628, 19.9459400177, 20.4451694489, 20.94439888, 21.4436283112, 21.9544658661, 22.4769153595, 22.9877548218, 23.5102043152, 24.009431839, 24.497051239, 24.9962806702, 25.5187301636, 26.0179595947, 26.5055770874, 27.0048065186, 27.4924259186, 28.0032653809, 28.5141029358, 29.0249423981, 29.5357818604, 30.0466213226, 30.5458488464, 31.0450782776, 31.5559177399, 32.0667572021, 32.5775947571, 33.0884361267, 33.5876655579, 34.1101112366, 34.6209526062, 35.1317901611, 35.6426315308, 36.1534690857, 36.6643066406, 37.1751480103, 37.6743774414, 38.1736030579, 38.672832489, 39.1720619202, 39.6829032898, 40.1821289063, 40.6813583374, 41.192199707, 41.703037262, 42.2022666931, 42.7014961243, 43.2007255554, 43.6767349243, 44.164352417, 44.6635818481]
},
"tonal": {
    "chords_changes_rate": 0.0174897126853,
    "chords_number_rate": 0.00411522621289,
    "chords_strength": {
        "mean": 0.561137735844,
        "var": 0.0121114207432
    },
    "hpcp_entropy": {
        "mean": 1.3886244297,
        "var": 0.297626107931
    },
    "key_strength": 0.679964601994,
    "tuning_diatonic_strength": 0.499045580626,
    "tuning_equal_tempered_deviation": 0.0317859537899,
    "tuning_frequency": 444.341888428,
    "tuning_nontempered_energy_ratio": 0.643853843212,
    "hpcp": {
        "mean": [0.718770682812, 0.398296326399, 0.0311597436666, 0.0182203836739, 0.0209689270705, 0.0390997156501, 0.0695227757096, 0.0480607710779, 0.0250659957528, 0.0379526875913, 0.0673114657402, 0.353350937366, 0.420562028885, 0.123534522951, 0.105102427304, 0.199200823903, 0.139403417706, 0.0727048143744, 0.079711958766, 0.0605264492333, 0.177697628736, 0.352978587151, 0.213977470994, 0.0271777603775, 0.011646357365, 0.0096243955195, 0.0204132664949, 0.0330525711179, 0.0253619868308, 0.0365003980696, 0.0481548756361, 0.0216070376337, 0.00892443116754, 0.013806225732, 0.0299930348992, 0.368054449558],
        "var": [0.103285007179, 0.0456560663879, 0.0065655997023, 0.00627540657297, 0.00519592873752, 0.00861842557788, 0.0205110181123, 0.0117597663775, 0.00813337881118, 0.0297039132565, 0.0145712215453, 0.0842537358403, 0.109327442944, 0.0103051178157, 0.0367646515369, 0.115771345794, 0.0534952357411, 0.0160847511142, 0.0465184785426, 0.0299026146531, 0.0331299714744, 0.118868380785, 0.0506244152784, 0.00806661974639, 0.00437387172133, 0.00190654373728, 0.00239604176022, 0.0138865401968, 0.00923265051097, 0.00932147540152, 0.0242300163954, 0.00488516129553, 0.00051436299691, 0.00104759377427, 0.00486119184643, 0.0411780327559]
    },
    "chords_histogram": [15.4320983887, 2.05761313438, 80.6584396362, 0, 0, 0, 0, 0, 0, 0, 0, 0, 0, 0, 0, 0, 0, 0, 0, 0.514403283596, 0, 0, 1.33744859695, 0],
    "thpcp": [1, 0.55413544178, 0.0433514378965, 0.0253493692726, 0.0291733201593, 0.0543980374932, 0.0967245548964, 0.0668652355671, 0.0348734259605, 0.0528022199869, 0.0936480388045, 0.491604536772, 0.585112929344, 0.171869173646, 0.146225258708, 0.277141004801, 0.193947002292, 0.101151615381, 0.110900402069, 0.0842082872987, 0.247224375606, 0.491086512804, 0.297699213028, 0.0378114469349, 0.016203161329, 0.0133900782093, 0.0284002497792, 0.0459848642349, 0.0352852270007, 0.0507817007601, 0.0669961571693, 0.0300610996783, 0.0124162426218, 0.0192081090063, 0.0417282395065, 0.51206099987],
    "chords_key": "A",
    "chords_scale": "major",
    "key_key": "D",
    "key_scale": "major"
}
}