{
"lowlevel": {
    "average_loudness": 0.649456977844,
    "barkbands_crest": {
        "mean": 9.68631362915,
        "var": 14.3407144547
    },
    "barkbands_flatness_db": {
        "mean": 0.138601228595,
        "var": 0.0015027896734
    },
    "barkbands_kurtosis": {
        "mean": 5.54893112183,
        "var": 57.1486816406
    },
    "barkbands_skewness": {
        "mean": 1.81012511253,
        "var": 1.13782811165
    },
    "barkbands_spread": {
        "mean": 16.2604160309,
        "var": 100.184745789
    },
    "dissonance": {
        "mean": 0.447539120913,
        "var": 0.0012327193981
    },
    "dynamic_complexity": 4.27189016342,
    "erbbands_crest": {
        "mean": 10.2688798904,
        "var": 22.8655700684
    },
    "erbbands_flatness_db": {
        "mean": 0.159983068705,
        "var": 0.00175434106495
    },
    "erbbands_kurtosis": {
        "mean": 1.04768848419,
        "var": 6.17697763443
    },
    "erbbands_skewness": {
        "mean": 0.666452825069,
        "var": 0.459055006504
    },
    "erbbands_spread": {
        "mean": 31.6823558807,
        "var": 242.448898315
    },
    "hfc": {
        "mean": 11.6984815598,
        "var": 299.418457031
    },
    "melbands_crest": {
        "mean": 13.5812587738,
        "var": 30.3518199921
    },
    "melbands_flatness_db": {
        "mean": 0.213934704661,
        "var": 0.00214281328954
    },
    "melbands_kurtosis": {
        "mean": 11.486661911,
        "var": 375.567016602
    },
    "melbands_skewness": {
        "mean": 2.31388449669,
        "var": 2.0865457058
    },
    "melbands_spread": {
        "mean": 16.2513637543,
        "var": 83.7580032349
    },
    "pitch_salience": {
        "mean": 0.592418372631,
        "var": 0.0120065715164
    },
    "silence_rate_20dB": {
        "mean": 1,
        "var": 0
    },
    "silence_rate_30dB": {
        "mean": 0.991214454174,
        "var": 0.00870830193162
    },
    "silence_rate_60dB": {
        "mean": 0.167958661914,
        "var": 0.139747023582
    },
    "spectral_centroid": {
        "mean": 881.360717773,
        "var": 120783.296875
    },
    "spectral_complexity": {
        "mean": 13.6635656357,
        "var": 58.8692169189
    },
    "spectral_decrease": {
        "mean": -4.14635614732e-009,
        "var": 2.56559629191e-017
    },
    "spectral_energy": {
        "mean": 0.0167103987187,
        "var": 0.000421481730882
    },
    "spectral_energyband_high": {
        "mean": 0.000180916933459,
        "var": 8.21793761929e-008
    },
    "spectral_energyband_low": {
        "mean": 0.00186534388922,
        "var": 6.95508333592e-006
    },
    "spectral_energyband_middle_high": {
        "mean": 0.0042458018288,
        "var": 8.07895048638e-005
    },
    "spectral_energyband_middle_low": {
        "mean": 0.0111545808613,
        "var": 0.000213144972804
    },
    "spectral_entropy": {
        "mean": 7.24619007111,
        "var": 0.15277454257
    },
    "spectral_flux": {
        "mean": 0.0530203171074,
        "var": 0.00237965444103
    },
    "spectral_kurtosis": {
        "mean": 7.28041362762,
        "var": 13.4778642654
    },
    "spectral_rms": {
        "mean": 0.00350649515167,
        "var": 4.00731187256e-006
    },
    "spectral_rolloff": {
        "mean": 1095.56872559,
        "var": 1660816.375
    },
    "spectral_skewness": {
        "mean": 2.12328934669,
        "var": 0.257463544607
    },
    "spectral_spread": {
        "mean": 4771339.5,
        "var": 3.57599202509e+012
    },
    "spectral_strongpeak": {
        "mean": 0.988275587559,
        "var": 2.03815841675
    },
    "zerocrossingrate": {
        "mean": 0.0565565936267,
        "var": 0.000954592600465
    },
    "barkbands": {
        "mean": [7.82872375567e-005, 0.000617830723058, 0.000554480473511, 0.00103766121902, 0.00371397403069, 0.00257658795454, 0.00102300359868, 0.00156093772966, 0.000973109854385, 0.00095046806382, 0.000685392587911, 0.000684955331963, 0.000722808588762, 0.000385585095501, 0.000359824451152, 0.000152762702783, 0.000169709353941, 0.000143846642459, 9.51234542299e-005, 7.20511889085e-005, 3.07181107928e-005, 2.19495886995e-005, 2.14041210711e-005, 1.88518570212e-005, 1.50014502651e-005, 3.8765680074e-005, 5.31546538696e-006],
        "var": [1.28519417331e-007, 1.2964344478e-006, 8.46086265938e-007, 2.18049331124e-006, 3.55656738975e-005, 1.90891150851e-005, 8.29912278277e-006, 1.58661496243e-005, 2.67597406491e-005, 4.42183636551e-006, 1.054362383e-005, 3.04381092064e-006, 1.08769982035e-005, 1.8648141122e-005, 9.87611883829e-007, 9.96712472556e-008, 5.09189916897e-008, 1.24810028979e-007, 1.64125992796e-008, 1.50319543479e-008, 2.29079244463e-009, 1.10254416708e-009, 1.74927627938e-009, 1.04912190046e-009, 1.0047050969e-009, 1.98744274371e-008, 9.85870274306e-010]
    },
    "erbbands": {
        "mean": [0.0162124373019, 0.145055055618, 0.529535412788, 2.59438252449, 6.73847055435, 14.1070365906, 18.9513397217, 20.2422618866, 17.5567951202, 15.9740438461, 37.1663246155, 25.461101532, 22.6494846344, 31.1816997528, 32.0699081421, 32.9688529968, 33.4317474365, 21.1702384949, 19.882686615, 16.5097389221, 8.62646579742, 8.47661781311, 8.63937091827, 5.9099817276, 4.28329801559, 3.08435320854, 1.73338675499, 1.04445815086, 0.806379258633, 0.680684566498, 0.632772386074, 0.416896045208, 0.302053451538, 0.152660176158, 0.121425621212, 0.123143337667, 0.0776128098369, 0.0198566950858, 0.000558176718187, 3.15424804285e-005],
        "var": [0.00236749555916, 0.0455204285681, 0.713598847389, 12.1951293945, 108.071113586, 895.484313965, 738.120422363, 1721.5793457, 2316.83764648, 1612.55407715, 11696.0478516, 16986.9082031, 3192.36157227, 5058.89892578, 24446.2109375, 6142.82861328, 22644.0742188, 26411.2519531, 9981.59667969, 3586.01220703, 187.870697021, 132.027252197, 454.604156494, 84.1719512939, 37.7760429382, 25.9560985565, 8.35750770569, 2.75309801102, 1.56608068943, 1.02162098885, 1.86299610138, 0.591433107853, 0.316605597734, 0.0905450209975, 0.102639421821, 0.255549639463, 0.0700182318687, 0.00656133238226, 9.6519042927e-006, 3.84769593964e-009]
    },
    "gfcc": {
        "mean": [-39.3584365845, 94.7226791382, -104.833221436, 2.45888805389, -54.1434745789, 0.787091970444, -44.2041893005, 5.31772851944, -34.4230690002, -1.91409289837, -22.15143013, 4.96723604202, -16.0920181274],
        "cov": [[4814.40380859, 339.859039307, -1206.27319336, 268.34197998, -219.732788086, 63.8081092834, -22.6733417511, -50.9839668274, 69.0795059204, -45.4633674622, 308.936340332, -66.7192459106, 67.8976593018], [339.859039307, 873.891296387, -504.179412842, 99.4797897339, 43.5772972107, -56.1306266785, 23.5120201111, -50.6378707886, 86.3815460205, -96.5620956421, 134.744232178, -88.7307357788, 76.0493392944], [-1206.27319336, -504.179412842, 1017.85638428, -81.3929901123, 131.536209106, 59.7005004883, 35.5753440857, 67.8091659546, -55.9919509888, 132.321609497, -199.126098633, 93.0142211914, -86.7105560303], [268.34197998, 99.4797897339, -81.3929901123, 395.32232666, -44.6053466797, 8.11305141449, 5.23737382889, -52.8583221436, 12.4608249664, -53.0058784485, 27.0188388824, -53.2564544678, 51.3546333313], [-219.732788086, 43.5772972107, 131.536209106, -44.6053466797, 300.085021973, 34.8368911743, 41.4754447937, 85.4601516724, 8.18860912323, 43.7451934814, -15.9516830444, 53.0681228638, -31.6292629242], [63.8081092834, -56.1306266785, 59.7005004883, 8.11305141449, 34.8368911743, 126.170333862, 55.8321304321, 23.5616703033, 1.92668700218, 17.355556488, 0.344267696142, 7.59510374069, -17.2233371735], [-22.6733417511, 23.5120201111, 35.5753440857, 5.23737382889, 41.4754447937, 55.8321304321, 115.258758545, 44.1968803406, -3.75262498856, 9.22561359406, 17.3845748901, 16.8179798126, -19.1769504547], [-50.9839668274, -50.6378707886, 67.8091659546, -52.8583221436, 85.4601516724, 23.5616703033, 44.1968803406, 112.502845764, 18.5489597321, 34.2334594727, -1.82810842991, 39.5117645264, -19.5407085419], [69.0795059204, 86.3815460205, -55.9919509888, 12.4608249664, 8.18860912323, 1.92668700218, -3.75262498856, 18.5489597321, 86.7695999146, 26.2235507965, 13.2924547195, -16.3737983704, 14.8229913712], [-45.4633674622, -96.5620956421, 132.321609497, -53.0058784485, 43.7451934814, 17.355556488, 9.22561359406, 34.2334594727, 26.2235507965, 100.366477966, 4.44904184341, 22.5490283966, -20.5954380035], [308.936340332, 134.744232178, -199.126098633, 27.0188388824, -15.9516830444, 0.344267696142, 17.3845748901, -1.82810842991, 13.2924547195, 4.44904184341, 126.804595947, 11.0836286545, 20.5227832794], [-66.7192459106, -88.7307357788, 93.0142211914, -53.2564544678, 53.0681228638, 7.59510374069, 16.8179798126, 39.5117645264, -16.3737983704, 22.5490283966, 11.0836286545, 93.9936523438, 5.4068236351], [67.8976593018, 76.0493392944, -86.7105560303, 51.3546333313, -31.6292629242, -17.2233371735, -19.1769504547, -19.5407085419, 14.8229913712, -20.5954380035, 20.5227832794, 5.4068236351, 71.5990066528]],
        "icov": [[0.000361822312698, -5.24033885085e-006, 0.000578359293286, -0.000321682833601, 0.000228270437219, -0.000424344994826, 0.000264562579105, -0.000140222866321, 0.000203253119253, -0.000652846647426, 6.50053843856e-005, -0.000424836936872, 0.00040853471728], [-5.24033885085e-006, 0.00308950454928, 9.09034424694e-005, 0.000647424953058, -0.00209655985236, 0.00161048816517, -0.00208647060208, 0.00173988728784, -0.00299287238158, 0.00322180357762, -0.00295039219782, 0.0030591795221, -0.00209256447852], [0.000578359293286, 9.09034424694e-005, 0.00367812346667, -0.00125033885706, 0.000342368788552, -0.000879489991348, -0.000235475192312, 0.000196017412236, 0.00175775424577, -0.00476840417832, 0.0045848255977, -0.00321009289473, 0.00182902882807], [-0.000321682833601, 0.000647424953058, -0.00125033885706, 0.00397201953456, -0.000967664760537, 0.000294125668006, -0.00133599177934, 0.00132295314688, -0.00136981869582, 0.00321671157144, -0.00234934315085, 0.00354333082214, -0.00348457507789], [0.000228270437219, -0.00209655985236, 0.000342368788552, -0.000967664760537, 0.00618388922885, -0.00174365518615, 0.00146760907955, -0.00369412032887, 0.00179599656258, -0.00316440919414, 0.00273654423654, -0.00419148057699, 0.00306637655012], [-0.000424344994826, 0.00161048816517, -0.000879489991348, 0.000294125668006, -0.00174365518615, 0.0118341259658, -0.00625213142484, 0.00151637487579, -0.00226815626957, 0.00146665959619, -0.00139722542372, 0.00222037476487, -0.00064423144795], [0.000264562579105, -0.00208647060208, -0.000235475192312, -0.00133599177934, 0.00146760907955, -0.00625213142484, 0.0154367620125, -0.00605386961251, 0.00316967093386, -0.000659206591081, -0.00126956193708, -0.0022136294283, 0.0039502736181], [-0.000140222866321, 0.00173988728784, 0.000196017412236, 0.00132295314688, -0.00369412032887, 0.00151637487579, -0.00605386961251, 0.0172159522772, -0.0063898563385, 0.000785254582297, -0.000127082064864, -0.00344934174791, 0.00122906616889], [0.000203253119253, -0.00299287238158, 0.00175775424577, -0.00136981869582, 0.00179599656258, -0.00226815626957, 0.00316967093386, -0.0063898563385, 0.0207584183663, -0.0110875163227, 0.00401459867135, 0.00208666478284, -0.00334496307187], [-0.000652846647426, 0.00322180357762, -0.00476840417832, 0.00321671157144, -0.00316440919414, 0.00146665959619, -0.000659206591081, 0.000785254582297, -0.0110875163227, 0.0241091642529, -0.0103463167325, 0.00408028298989, -4.39703717348e-006], [6.50053843856e-005, -0.00295039219782, 0.0045848255977, -0.00234934315085, 0.00273654423654, -0.00139722542372, -0.00126956193708, -0.000127082064864, 0.00401459867135, -0.0103463167325, 0.0194722097367, -0.0089942002669, 0.00209828768857], [-0.000424836936872, 0.0030591795221, -0.00321009289473, 0.00354333082214, -0.00419148057699, 0.00222037476487, -0.0022136294283, -0.00344934174791, 0.00208666478284, 0.00408028298989, -0.0089942002669, 0.0234966874123, -0.0105819171295], [0.00040853471728, -0.00209256447852, 0.00182902882807, -0.00348457507789, 0.00306637655012, -0.00064423144795, 0.0039502736181, 0.00122906616889, -0.00334496307187, -4.39703717348e-006, 0.00209828768857, -0.0105819171295, 0.0239982493222]]
    },
    "melbands": {
        "mean": [0.000163485077792, 0.000253165315371, 0.000496088177897, 0.000813841528725, 0.000633867632132, 0.00045253499411, 0.000255086459219, 0.000205584248761, 0.000285309070023, 0.000149257088196, 0.000110104621854, 0.00012637040345, 9.35393982218e-005, 9.48202068685e-005, 7.03725527273e-005, 6.81749588693e-005, 3.67757056665e-005, 3.42066960002e-005, 2.29717734328e-005, 1.66269037436e-005, 9.46001546254e-006, 8.93439028005e-006, 9.05223168957e-006, 6.50287665849e-006, 4.67617246613e-006, 3.2644568364e-006, 2.87090392703e-006, 1.80905135494e-006, 1.27890484691e-006, 6.7286310923e-007, 5.72718136027e-007, 4.59896540406e-007, 4.07381293144e-007, 3.63021371186e-007, 3.89677097701e-007, 2.77430672213e-007, 2.45345603389e-007, 2.23329294613e-007, 1.62679782534e-007, 1.15978458837e-007],
        "var": [1.37715119308e-007, 1.42941800618e-007, 4.66450103431e-007, 2.22852486331e-006, 8.36728190734e-007, 7.9030616007e-007, 4.79404775433e-007, 2.66725550091e-007, 8.92725040558e-007, 6.40000337171e-007, 7.69785799548e-008, 9.33911579182e-008, 1.96660678853e-007, 7.83196938414e-008, 7.9615766424e-008, 9.48963716496e-008, 1.45935672435e-007, 5.75827741045e-008, 4.75564432278e-009, 2.6375299722e-009, 2.18962459275e-010, 1.55438731331e-010, 2.59759297405e-010, 3.54944296177e-010, 5.23704725419e-011, 2.03892874806e-011, 2.85666282296e-011, 9.63575833707e-012, 5.93646963185e-012, 1.17883524123e-012, 9.13322694383e-013, 5.58542686928e-013, 3.81639110505e-013, 3.31328334994e-013, 6.85461453223e-013, 5.89070025397e-013, 1.95236391615e-013, 1.75547930684e-013, 1.34071180265e-013, 5.23780102407e-014]
    },
    "mfcc": {
        "mean": [-695.395202637, 143.774841309, -1.7987036705, 10.0876379013, 2.51582121849, -5.91473197937, -4.0244345665, 0.144440680742, -7.73960494995, -4.79378080368, -7.46959018707, -5.72493600845, -3.28497123718],
        "cov": [[6121.67480469, -87.9866638184, -1011.03302002, 22.4017658234, -228.014755249, -39.6853790283, -38.7909927368, 2.60806107521, -267.610931396, -3.44455862045, -47.1404380798, 111.446166992, 64.2248916626], [-87.9866638184, 634.443237305, -245.272399902, -26.3647079468, 64.5486602783, -36.3746452332, 2.3679459095, 28.1444606781, 0.819927215576, 15.9291028976, 45.9092330933, 16.7035064697, 22.0552310944], [-1011.03302002, -245.272399902, 611.49005127, 48.8503227234, -4.35501241684, 88.8452835083, 10.0304508209, -35.4775466919, 82.827331543, 1.56494951248, -1.10459148884, -32.2507019043, -38.7265663147], [22.4017658234, -26.3647079468, 48.8503227234, 243.916854858, 50.790145874, 35.5895080566, 16.6611652374, 8.83442592621, 11.9533987045, -5.1917181015, -18.5038013458, -19.7094993591, -0.0545886382461], [-228.014755249, 64.5486602783, -4.35501241684, 50.790145874, 175.452026367, 24.0647392273, 16.471414566, 23.3697967529, 37.1136779785, 24.9675750732, 23.9625720978, -4.16438674927, 10.00461483], [-39.6853790283, -36.3746452332, 88.8452835083, 35.5895080566, 24.0647392273, 111.788200378, 36.2859191895, 5.13041543961, 24.1699714661, 10.5041818619, 7.697930336, -0.237687215209, -8.24784660339], [-38.7909927368, 2.3679459095, 10.0304508209, 16.6611652374, 16.471414566, 36.2859191895, 122.281539917, 56.6841239929, -8.15960597992, 10.1091251373, 24.1654281616, 13.2644948959, 19.5728855133], [2.60806107521, 28.1444606781, -35.4775466919, 8.83442592621, 23.3697967529, 5.13041543961, 56.6841239929, 103.824607849, 22.9112739563, -7.05160427094, 5.48906803131, 18.6475028992, 21.1032180786], [-267.610931396, 0.819927215576, 82.827331543, 11.9533987045, 37.1136779785, 24.1699714661, -8.15960597992, 22.9112739563, 101.199668884, 18.2866001129, -4.59542655945, -4.19838237762, 2.39142680168], [-3.44455862045, 15.9291028976, 1.56494951248, -5.1917181015, 24.9675750732, 10.5041818619, 10.1091251373, -7.05160427094, 18.2866001129, 96.4834365845, 39.1596679688, -4.24331188202, 3.3847193718], [-47.1404380798, 45.9092330933, -1.10459148884, -18.5038013458, 23.9625720978, 7.697930336, 24.1654281616, 5.48906803131, -4.59542655945, 39.1596679688, 86.5648422241, 22.4163608551, 1.89961898327], [111.446166992, 16.7035064697, -32.2507019043, -19.7094993591, -4.16438674927, -0.237687215209, 13.2644948959, 18.6475028992, -4.19838237762, -4.24331188202, 22.4163608551, 69.2647476196, 29.0716896057], [64.2248916626, 22.0552310944, -38.7265663147, -0.0545886382461, 10.00461483, -8.24784660339, 19.5728855133, 21.1032180786, 2.39142680168, 3.3847193718, 1.89961898327, 29.0716896057, 71.5269699097]],
        "icov": [[0.000299666280625, 0.00020487162692, 0.000578891893383, -0.000187718687812, 0.000364443636499, -0.000462674448499, 0.000271004944807, -0.000101249766885, 0.000400122633437, -0.000260080298176, 0.000119272175652, -0.000335087795975, -3.56185082637e-005], [0.00020487162692, 0.00220901612192, 0.00129426503554, -3.46718807123e-005, -0.000267010502284, -7.37672162359e-005, 0.000166695186635, 2.47906173172e-005, -0.000502043054439, 0.000277798710158, -0.00120224570855, 0.000139085648698, -0.000209430683753], [0.000578891893383, 0.00129426503554, 0.00385065586306, -0.000611925614066, 0.00111266830936, -0.00191837234888, -0.000429312465712, 0.0014970585471, -0.00203237379901, 0.000556016806513, -0.000971628178377, 0.000140845979331, 0.000474645697977], [-0.000187718687812, -3.46718807123e-005, -0.000611925614066, 0.0049411249347, -0.00171594449785, -0.000868188566528, -0.000403319019824, -0.000221769034397, 0.000323689193465, 0.000379928824259, 0.00115935585927, 0.00130782939959, -0.000423749006586], [0.000364443636499, -0.000267010502284, 0.00111266830936, -0.00171594449785, 0.00799251627177, -0.00156781822443, 0.000475303444546, -0.000865938898642, -0.00196490064263, -0.000696818344295, -0.0022276386153, 0.00115854910109, -0.00113013631199], [-0.000462674448499, -7.37672162359e-005, -0.00191837234888, -0.000868188566528, -0.00156781822443, 0.0133789628744, -0.00531229423359, 0.00248847599141, -0.00327387219295, 2.01963648578e-005, 0.000281570217339, -0.00144558015745, 0.00256895227358], [0.000271004944807, 0.000166695186635, -0.000429312465712, -0.000403319019824, 0.000475303444546, -0.00531229423359, 0.0156759861857, -0.0094227809459, 0.0059459162876, -0.00182716012932, -0.00256651267409, 0.00119583774358, -0.00324629293755], [-0.000101249766885, 2.47906173172e-005, 0.0014970585471, -0.000221769034397, -0.000865938898642, 0.00248847599141, -0.0094227809459, 0.0176730584353, -0.00720610097051, 0.0034133840818, 0.000118695519632, -0.00234416360036, -0.000305014633341], [0.000400122633437, -0.000502043054439, -0.00203237379901, 0.000323689193465, -0.00196490064263, -0.00327387219295, 0.0059459162876, -0.00720610097051, 0.0171998254955, -0.00476695690304, 0.0034066834487, -0.000592060678173, -0.00110758224037], [-0.000260080298176, 0.000277798710158, 0.000556016806513, 0.000379928824259, -0.000696818344295, 2.01963648578e-005, -0.00182716012932, 0.0034133840818, -0.00476695690304, 0.0153164882213, -0.00793262198567, 0.00416627479717, -0.00200618617237], [0.000119272175652, -0.00120224570855, -0.000971628178377, 0.00115935585927, -0.0022276386153, 0.000281570217339, -0.00256651267409, 0.000118695519632, 0.0034066834487, -0.00793262198567, 0.019507938996, -0.00783425103873, 0.00367734557949], [-0.000335087795975, 0.000139085648698, 0.000140845979331, 0.00130782939959, 0.00115854910109, -0.00144558015745, 0.00119583774358, -0.00234416360036, -0.000592060678173, 0.00416627479717, -0.00783425103873, 0.0222251191735, -0.00863166060299], [-3.56185082637e-005, -0.000209430683753, 0.000474645697977, -0.000423749006586, -0.00113013631199, 0.00256895227358, -0.00324629293755, -0.000305014633341, -0.00110758224037, -0.00200618617237, 0.00367734557949, -0.00863166060299, 0.0193091705441]]
    },
    "spectral_contrast_coeffs": {
        "mean": [-0.595254480839, -0.702642858028, -0.735505104065, -0.770617961884, -0.773380041122, -0.793078005314],
        "var": [0.00716577935964, 0.00497045041993, 0.00554475514218, 0.00407476304099, 0.00264278706163, 0.00119061663281]
    },
    "spectral_contrast_valleys": {
        "mean": [-7.87037611008, -6.99479103088, -7.72122526169, -8.33473300934, -8.4753370285, -10.8521022797],
        "var": [0.677392840385, 0.820922076702, 1.13095498085, 1.22051846981, 1.03074753284, 0.496242165565]
    }
},
"metadata": {
    "audio_properties": {
        "analysis_sample_rate": 44100,
        "bit_rate": 128074,
        "equal_loudness": 0,
        "length": 44.9044914246,
        "lossless": 0,
        "replay_gain": -6.02023887634,
        "sample_rate": 44100,
        "codec": "mp3",
        "downmix": "mix",
        "md5_encoded": "242b134e80118b636623de380a65abac"
    },
    "tags": {
        "file_name": "1273.mp3",
        "album": ["live at WFMU 3\/25\/08 on Three Chord Monte"],
        "artist": ["The Moaners"],
        "date": ["2008", "2008"],
        "genre": ["Country"],
        "title": ["Monkey Tongue"],
        "tracknumber": ["01"]
    },
    "version": {
        "essentia": "2.1-beta2",
        "essentia_git_sha": "v2.1_beta2",
        "extractor": "music 1.0"
    }
},
"rhythm": {
    "beats_count": 97,
    "beats_loudness": {
        "mean": 0.0274484232068,
        "var": 0.000561059161555
    },
    "bpm": 126.824172974,
    "bpm_histogram_first_peak_bpm": {
        "mean": 126,
        "var": 0
    },
    "bpm_histogram_first_peak_spread": {
        "mean": 0.448275864124,
        "var": 0
    },
    "bpm_histogram_first_peak_weight": {
        "mean": 0.333333343267,
        "var": 0
    },
    "bpm_histogram_second_peak_bpm": {
        "mean": 136,
        "var": 0
    },
    "bpm_histogram_second_peak_spread": {
        "mean": 0.629629611969,
        "var": 0
    },
    "bpm_histogram_second_peak_weight": {
        "mean": 0.104166664183,
        "var": 0
    },
    "danceability": 1.17532527447,
    "onset_rate": 4.2520980835,
    "beats_loudness_band_ratio": {
        "mean": [0.234898790717, 0.383651405573, 0.199925556779, 0.143220707774, 0.0615149885416, 0.0284960288554],
        "var": [0.0434367321432, 0.0287417992949, 0.0195816289634, 0.0146289225668, 0.00309168337844, 0.000351442489773]
    },
    "beats_position": [0.46439909935, 0.940408170223, 1.4164172411, 1.89242625237, 2.36843538284, 2.8444442749, 3.32045340538, 3.79646253586, 4.27247142792, 4.76009082794, 5.23609972, 5.71210861206, 6.17650794983, 6.64090681076, 7.12852573395, 7.60453510284, 8.08054447174, 8.55655288696, 9.03256225586, 9.49696159363, 9.97297000885, 10.4489793777, 10.9133787155, 11.4009971619, 11.8653964996, 12.3297958374, 12.7941951752, 13.2702035904, 13.7462129593, 14.2106122971, 14.6750106812, 15.1394100189, 15.6154193878, 16.0914287567, 16.5790481567, 17.0434455872, 17.5078449249, 17.9722442627, 18.4366436005, 18.9126529694, 19.3770523071, 19.853061676, 20.3290691376, 20.7934684753, 21.2694778442, 21.7454872131, 22.221496582, 22.7091159821, 23.1967334747, 23.6727428436, 24.1487522125, 24.6131515503, 25.0775508881, 25.5419502258, 26.0063495636, 26.4823570251, 26.958366394, 27.4343757629, 27.9103851318, 28.3631744385, 28.8159637451, 29.2687530518, 29.7215423584, 30.1627197266, 30.5922889709, 31.0450782776, 31.4862575531, 31.9390468597, 32.391834259, 32.8214035034, 33.2509727478, 33.6805419922, 34.121723175, 34.5629005432, 35.0040817261, 35.4336509705, 35.8748283386, 36.304397583, 36.7339668274, 37.151927948, 37.5814971924, 38.0226745605, 38.4522438049, 38.8934249878, 39.334602356, 39.7757797241, 40.1937408447, 40.6116981506, 41.0296592712, 41.4360084534, 41.8423576355, 42.2370948792, 42.6318359375, 43.0497932434, 43.467754364, 43.8857116699, 44.3152809143]
},
"tonal": {
    "chords_changes_rate": 0.0371900834143,
    "chords_number_rate": 0.0061983470805,
    "chords_strength": {
        "mean": 0.589204549789,
        "var": 0.00379506801255
    },
    "hpcp_entropy": {
        "mean": 1.59438788891,
        "var": 0.541889965534
    },
    "key_strength": 0.748458921909,
    "tuning_diatonic_strength": 0.610930323601,
    "tuning_equal_tempered_deviation": 0.100825279951,
    "tuning_frequency": 437.718536377,
    "tuning_nontempered_energy_ratio": 0.778825700283,
    "hpcp": {
        "mean": [0.394198060036, 0.327614277601, 0.105118960142, 0.0672881454229, 0.0611290745437, 0.0552615746856, 0.0632930919528, 0.0600423514843, 0.0581553131342, 0.0723663792014, 0.0629682987928, 0.0518346503377, 0.0690370574594, 0.0877334028482, 0.245414569974, 0.558405399323, 0.459355443716, 0.122436031699, 0.0418421961367, 0.0355655550957, 0.0560144297779, 0.108884312212, 0.11183027178, 0.105245776474, 0.127760514617, 0.107041299343, 0.0940909609199, 0.0891737118363, 0.0560085661709, 0.083142966032, 0.133083269, 0.0911406502128, 0.0395264700055, 0.0293454881757, 0.0341862477362, 0.160491168499],
        "var": [0.136408060789, 0.101229295135, 0.0286968871951, 0.0274277701974, 0.0289955176413, 0.0184225700796, 0.0283530540764, 0.0256772283465, 0.0205957442522, 0.03001380153, 0.0267094895244, 0.0153713878244, 0.0232107527554, 0.031846459955, 0.0553662516177, 0.14855273068, 0.115868017077, 0.0222703143954, 0.0133094964549, 0.0137973837554, 0.0180143974721, 0.0352406352758, 0.0364100299776, 0.0430287607014, 0.0650910884142, 0.048406098038, 0.0306689366698, 0.024782339111, 0.0142137827352, 0.0334983281791, 0.0862264633179, 0.0357023701072, 0.00987001508474, 0.00607031909749, 0.00838467478752, 0.0374405533075]
    },
    "chords_histogram": [51.8595046997, 4.64876031876, 1.85950410366, 0, 0, 0, 0, 19.7314052582, 0, 4.54545450211, 0, 0, 0, 0, 0, 0, 0, 0, 0, 0, 0, 0, 17.1487598419, 0.206611573696],
    "thpcp": [1, 0.822619974613, 0.219260111451, 0.074931576848, 0.0636912807822, 0.100311405957, 0.194991514087, 0.2002671808, 0.188475564122, 0.228795275092, 0.19169101119, 0.16849938035, 0.159693494439, 0.100300900638, 0.148893550038, 0.238327339292, 0.163215920329, 0.0707845389843, 0.0525523014367, 0.0612211972475, 0.28740978241, 0.705935239792, 0.586696088314, 0.188248470426, 0.120500527322, 0.109470777214, 0.0989631786942, 0.113346129656, 0.10752466321, 0.10414532572, 0.129594698548, 0.11276448518, 0.0928261950612, 0.123632505536, 0.157114177942, 0.43949174881],
    "chords_key": "D",
    "chords_scale": "minor",
    "key_key": "D",
    "key_scale": "minor"
}
}