{
"lowlevel": {
    "average_loudness": 0.967441618443,
    "barkbands_crest": {
        "mean": 8.38495826721,
        "var": 12.8603773117
    },
    "barkbands_flatness_db": {
        "mean": 0.117482051253,
        "var": 0.00158569298219
    },
    "barkbands_kurtosis": {
        "mean": 1.98811912537,
        "var": 21.8389129639
    },
    "barkbands_skewness": {
        "mean": 1.2939478159,
        "var": 0.789614200592
    },
    "barkbands_spread": {
        "mean": 28.9283771515,
        "var": 228.944076538
    },
    "dissonance": {
        "mean": 0.470484048128,
        "var": 0.000342001148965
    },
    "dynamic_complexity": 1.87446916103,
    "erbbands_crest": {
        "mean": 7.26650047302,
        "var": 8.32058525085
    },
    "erbbands_flatness_db": {
        "mean": 0.158812895417,
        "var": 0.000651733891573
    },
    "erbbands_kurtosis": {
        "mean": -0.538825929165,
        "var": 0.979658901691
    },
    "erbbands_skewness": {
        "mean": 0.0223618652672,
        "var": 0.457652568817
    },
    "erbbands_spread": {
        "mean": 47.712726593,
        "var": 208.432540894
    },
    "hfc": {
        "mean": 24.8236465454,
        "var": 281.636291504
    },
    "melbands_crest": {
        "mean": 12.0940961838,
        "var": 16.8906135559
    },
    "melbands_flatness_db": {
        "mean": 0.163015201688,
        "var": 0.0033089639619
    },
    "melbands_kurtosis": {
        "mean": 9.80497455597,
        "var": 104.277824402
    },
    "melbands_skewness": {
        "mean": 2.56301546097,
        "var": 1.09620261192
    },
    "melbands_spread": {
        "mean": 31.060251236,
        "var": 418.471069336
    },
    "pitch_salience": {
        "mean": 0.619020402431,
        "var": 0.00600601406768
    },
    "silence_rate_20dB": {
        "mean": 1,
        "var": 0
    },
    "silence_rate_30dB": {
        "mean": 1,
        "var": 0
    },
    "silence_rate_60dB": {
        "mean": 0.00720906304196,
        "var": 0.00715707382187
    },
    "spectral_centroid": {
        "mean": 1652.3560791,
        "var": 545407.625
    },
    "spectral_complexity": {
        "mean": 24.7765197754,
        "var": 90.2990646362
    },
    "spectral_decrease": {
        "mean": -5.88686654979e-009,
        "var": 8.95264028975e-018
    },
    "spectral_energy": {
        "mean": 0.0244699437171,
        "var": 0.000147336497321
    },
    "spectral_energyband_high": {
        "mean": 0.00155362824444,
        "var": 3.80492656404e-006
    },
    "spectral_energyband_low": {
        "mean": 0.00419584056363,
        "var": 1.33100393214e-005
    },
    "spectral_energyband_middle_high": {
        "mean": 0.00511382892728,
        "var": 1.29239906528e-005
    },
    "spectral_energyband_middle_low": {
        "mean": 0.0145943704993,
        "var": 9.54716961132e-005
    },
    "spectral_entropy": {
        "mean": 7.67490625381,
        "var": 0.130341902375
    },
    "spectral_flux": {
        "mean": 0.0827031731606,
        "var": 0.00102486100513
    },
    "spectral_kurtosis": {
        "mean": 2.9071624279,
        "var": 5.92822217941
    },
    "spectral_rms": {
        "mean": 0.00472122943029,
        "var": 1.58316299803e-006
    },
    "spectral_rolloff": {
        "mean": 2240.4074707,
        "var": 2957446.5
    },
    "spectral_skewness": {
        "mean": 1.1055907011,
        "var": 0.217453449965
    },
    "spectral_spread": {
        "mean": 4201285.5,
        "var": 1.56034295398e+012
    },
    "spectral_strongpeak": {
        "mean": 0.81479203701,
        "var": 0.449187874794
    },
    "zerocrossingrate": {
        "mean": 0.0762289464474,
        "var": 0.0014216095442
    },
    "barkbands": {
        "mean": [4.23643105023e-005, 0.00144675502088, 0.00188225973397, 0.00186211138498, 0.00531632779166, 0.0030258432962, 0.00220710854046, 0.00132088677492, 0.000585232162848, 0.0004104100517, 0.000645569176413, 0.00036931692739, 0.000387576990761, 0.000487990240799, 0.000569084717426, 0.000391027686419, 0.000618110585492, 0.000611036608461, 0.000505390460603, 0.000399990560254, 0.000432818313129, 0.000418834271841, 0.000395616894821, 0.000107931424282, 2.47608040809e-005, 5.49625610802e-006, 1.23969215338e-007],
        "var": [3.01918778867e-009, 2.41505949816e-006, 4.35787296738e-006, 6.34959906165e-006, 2.89382114715e-005, 1.32806762849e-005, 1.14219265015e-005, 5.67798451812e-006, 2.23254755838e-006, 1.96021417764e-007, 5.15133535828e-007, 2.52416725743e-007, 2.3971108476e-007, 3.00283090837e-007, 6.50843560379e-007, 3.31670577225e-007, 4.95456788485e-007, 7.44278395359e-007, 3.14202225127e-007, 2.38016539811e-007, 2.32287789004e-007, 3.94681052285e-007, 4.87142528982e-007, 3.73738338055e-008, 1.1025278468e-009, 5.32773963835e-011, 4.63107098514e-014]
    },
    "erbbands": {
        "mean": [0.0270628668368, 0.388907045126, 2.1287522316, 4.16782617569, 8.47027111053, 23.0911445618, 22.8379440308, 26.2326927185, 24.6643199921, 45.7280540466, 19.329782486, 14.9373655319, 15.1115751266, 7.69843053818, 31.3545246124, 17.2029075623, 19.3294086456, 24.123336792, 31.865819931, 20.5369758606, 27.3119926453, 34.0657730103, 30.8786067963, 30.9478473663, 24.1223392487, 19.436750412, 15.1525850296, 18.1615772247, 14.5661430359, 17.3183097839, 9.02903652191, 3.4341545105, 1.2221353054, 0.416730165482, 0.114022992551, 0.0353434644639, 0.00844179652631, 0.000777208595537, 3.75070412701e-005, 3.25886867358e-005],
        "var": [0.000648565590382, 0.205590724945, 5.88723516464, 21.0960350037, 78.0159378052, 792.609741211, 550.950866699, 1256.83959961, 1230.29284668, 5175.75244141, 1083.51586914, 1386.80786133, 284.893615723, 70.0066146851, 1272.07824707, 491.95211792, 520.11505127, 610.150390625, 2085.53881836, 866.38494873, 1200.77429199, 1539.16247559, 1491.5057373, 1819.06323242, 572.844055176, 583.102661133, 362.036376953, 416.512634277, 413.205352783, 898.906433105, 262.902618408, 36.9819107056, 5.25631189346, 0.362135916948, 0.023124659434, 0.00216399342753, 0.000137622977491, 1.27120767957e-006, 1.3503654861e-009, 2.62123878159e-010]
    },
    "gfcc": {
        "mean": [15.3569869995, 97.7252578735, -134.611831665, 52.6023025513, -71.9629898071, 7.63961839676, -44.2171363831, -6.25573301315, -22.5248012543, -1.56505465508, -11.5136022568, -0.265977621078, -11.4307279587],
        "cov": [[2924.02124023, -764.01739502, -321.138122559, 129.304397583, -291.457214355, -14.6510314941, -219.905990601, 110.235054016, -87.8725738525, -0.458099633455, -50.9081039429, 45.6347160339, -206.052810669], [-764.01739502, 1011.45941162, 88.9816360474, -189.266098022, 282.31729126, -157.261566162, 30.4808311462, -9.72665023804, 115.571418762, -79.5037078857, 93.8351745605, -40.6707611084, 121.478889465], [-321.138122559, 88.9816360474, 325.087585449, 133.613830566, 17.9069786072, 72.0806045532, 80.3311004639, -48.7216682434, 4.84114837646, 30.4294166565, 6.50058984756, 25.9652671814, 51.4253349304], [129.304397583, -189.266098022, 133.613830566, 259.353668213, 0.561381518841, 74.3933029175, 25.4633922577, -26.976568222, 1.85236239433, 31.0555534363, -6.87566995621, 13.5486717224, 19.7395648956], [-291.457214355, 282.31729126, 17.9069786072, 0.561381518841, 227.320297241, -33.7740325928, -31.346118927, 13.7941141129, 45.9159164429, -13.0100469589, 15.4371938705, -17.1440200806, 55.1800537109], [-14.6510314941, -157.261566162, 72.0806045532, 74.3933029175, -33.7740325928, 174.81690979, 101.838684082, -36.7624969482, -31.0159664154, 38.5778846741, -42.5898742676, 2.47825241089, 4.68011951447], [-219.905990601, 30.4808311462, 80.3311004639, 25.4633922577, -31.346118927, 101.838684082, 175.988098145, -14.6810760498, -39.9392929077, 22.3365859985, -21.3050575256, -8.58293247223, 10.302857399], [110.235054016, -9.72665023804, -48.7216682434, -26.976568222, 13.7941141129, -36.7624969482, -14.6810760498, 108.655181885, 31.3918857574, -15.932759285, 24.5679931641, -4.0969619751, -40.5409469604], [-87.8725738525, 115.571418762, 4.84114837646, 1.85236239433, 45.9159164429, -31.0159664154, -39.9392929077, 31.3918857574, 112.48903656, 3.12419176102, 36.57970047, -4.11645364761, 3.1679751873], [-0.458099633455, -79.5037078857, 30.4294166565, 31.0555534363, -13.0100469589, 38.5778846741, 22.3365859985, -15.932759285, 3.12419176102, 90.5783691406, -9.17585086823, -5.23581409454, 1.86597657204], [-50.9081039429, 93.8351745605, 6.50058984756, -6.87566995621, 15.4371938705, -42.5898742676, -21.3050575256, 24.5679931641, 36.57970047, -9.17585086823, 76.0617828369, 8.58270835876, -1.25995993614], [45.6347160339, -40.6707611084, 25.9652671814, 13.5486717224, -17.1440200806, 2.47825241089, -8.58293247223, -4.0969619751, -4.11645364761, -5.23581409454, 8.58270835876, 54.5012207031, 15.7501468658], [-206.052810669, 121.478889465, 51.4253349304, 19.7395648956, 55.1800537109, 4.68011951447, 10.302857399, -40.5409469604, 3.1679751873, 1.86597657204, -1.25995993614, 15.7501468658, 95.8385848999]],
        "icov": [[0.000866065209266, -0.00129331590142, 0.001262867474, -0.00193360552657, 0.00194094527978, -0.00149985414464, 0.00259041506797, -0.00177298660856, 0.00174550944939, -0.000974546652287, 0.00118006614503, -0.00139722914901, 0.0013556528138], [-0.00129331590142, 0.00904971454293, -0.00477410340682, 0.00843475572765, -0.00918023195118, 0.00836022291332, -0.0107469595969, 0.00740892533213, -0.00792990624905, 0.00584618467838, -0.00596327288076, 0.00600844994187, -0.00517782755196], [0.001262867474, -0.00477410340682, 0.00815235916525, -0.00715318275616, 0.00478958990425, -0.00449224421754, 0.00410371366888, -0.00279791094363, 0.00373078160919, -0.00364554859698, 0.00242017675191, -0.00578943453729, 0.00263333204202], [-0.00193360552657, 0.00843475572765, -0.00715318275616, 0.0141433831304, -0.00916795805097, 0.00575986783952, -0.00955446530133, 0.00736106047407, -0.00797019153833, 0.00495761353523, -0.00614147027954, 0.00620210170746, -0.00571824237704], [0.00194094527978, -0.00918023195118, 0.00478958990425, -0.00916795805097, 0.01652902551, -0.00890767294914, 0.0133051956072, -0.0104171428829, 0.00730199366808, -0.00523945549503, 0.00630370946601, -0.00267757382244, 0.000592451309785], [-0.00149985414464, 0.00836022291332, -0.00449224421754, 0.00575986783952, -0.00890767294914, 0.0200471114367, -0.0166656337678, 0.00958803016692, -0.00865655392408, 0.00328884809278, -0.00100040889811, 0.00325059983879, -0.00292552798055], [0.00259041506797, -0.0107469595969, 0.00410371366888, -0.00955446530133, 0.0133051956072, -0.0166656337678, 0.0255584474653, -0.0129382414743, 0.0136633543298, -0.00724107492715, 0.00611913995817, -0.00363048794679, 0.00425649480894], [-0.00177298660856, 0.00740892533213, -0.00279791094363, 0.00736106047407, -0.0104171428829, 0.00958803016692, -0.0129382414743, 0.0216524638236, -0.0106262443587, 0.006084125489, -0.00695458427072, 0.00252270046622, 0.002588681411], [0.00174550944939, -0.00792990624905, 0.00373078160919, -0.00797019153833, 0.00730199366808, -0.00865655392408, 0.0136633543298, -0.0106262443587, 0.0206060186028, -0.00690367724746, 0.000544515089132, -0.00339865218848, 0.00371763110161], [-0.000974546652287, 0.00584618467838, -0.00364554859698, 0.00495761353523, -0.00523945549503, 0.00328884809278, -0.00724107492715, 0.006084125489, -0.00690367724746, 0.0166792403907, -0.00357844191603, 0.00584871461615, -0.00346709694713], [0.00118006614503, -0.00596327288076, 0.00242017675191, -0.00614147027954, 0.00630370946601, -0.00100040889811, 0.00611913995817, -0.00695458427072, 0.000544515089132, -0.00357844191603, 0.0229153241962, -0.00781223597005, 0.00451864721254], [-0.00139722914901, 0.00600844994187, -0.00578943453729, 0.00620210170746, -0.00267757382244, 0.00325059983879, -0.00363048794679, 0.00252270046622, -0.00339865218848, 0.00584871461615, -0.00781223597005, 0.0284840129316, -0.0107358712703], [0.0013556528138, -0.00517782755196, 0.00263333204202, -0.00571824237704, 0.000592451309785, -0.00292552798055, 0.00425649480894, 0.002588681411, 0.00371763110161, -0.00346709694713, 0.00451864721254, -0.0107358712703, 0.0218842886388]]
    },
    "melbands": {
        "mean": [0.000303595123114, 0.000908228743356, 0.000868886883836, 0.00104820262641, 0.000950114801526, 0.000578935665544, 0.000402657111408, 0.00047183650895, 0.000141293450724, 8.40684660943e-005, 7.29822058929e-005, 2.55521172221e-005, 9.07793219085e-005, 6.05708592047e-005, 4.03144913435e-005, 3.95754505007e-005, 4.54256878584e-005, 5.08669545525e-005, 3.54852163582e-005, 2.28024655371e-005, 3.44831896655e-005, 3.64541629096e-005, 2.77897142951e-005, 3.05652829411e-005, 2.45042701863e-005, 1.89245965885e-005, 1.52136299221e-005, 1.19271471704e-005, 9.30616715777e-006, 1.00903143903e-005, 9.92549121293e-006, 8.00098769105e-006, 8.71921383805e-006, 1.02556177808e-005, 5.92183778281e-006, 2.83939652945e-006, 1.72588795522e-006, 9.26456777961e-007, 4.9866559948e-007, 2.93605552315e-007],
        "var": [8.64704716719e-008, 1.06540835532e-006, 8.62503839016e-007, 1.0894867728e-006, 8.94481786418e-007, 5.50082745576e-007, 3.29924858988e-007, 5.51707955765e-007, 7.12453385177e-008, 4.69462086983e-008, 6.84370160542e-009, 1.06541442335e-009, 9.81431558245e-009, 5.44858158591e-009, 2.69769562244e-009, 2.08872252827e-009, 2.43720243986e-009, 5.85162718281e-009, 2.65692667867e-009, 1.16383236382e-009, 2.10100714604e-009, 1.90008120349e-009, 1.15207421381e-009, 2.15956652561e-009, 1.24255072897e-009, 4.23410861927e-010, 3.34649918887e-010, 2.37585673357e-010, 1.53555279603e-010, 1.37417188739e-010, 1.23172097521e-010, 1.23938720398e-010, 2.30789554134e-010, 3.33703120692e-010, 1.21301857448e-010, 2.71000045321e-011, 1.0150917433e-011, 3.61161859967e-012, 6.39062967041e-013, 1.72469894269e-013]
    },
    "mfcc": {
        "mean": [-612.718688965, 108.921966553, -2.79391765594, 34.1913108826, -3.74953079224, 10.5223636627, -11.9068565369, -2.14013147354, -12.3215141296, -5.90927457809, -3.49773836136, -0.614333808422, -0.610013663769],
        "cov": [[2559.41430664, -899.696228027, -152.618011475, -42.246006012, -75.3483886719, -183.495864868, -142.183120728, 36.4482307434, -169.662902832, 27.0734539032, 38.4681053162, -21.4435539246, -42.4456863403], [-899.696228027, 1160.86425781, -143.351394653, -3.274964571, 160.348968506, -124.748458862, -7.85182332993, -4.30370092392, 61.9063644409, -81.7103424072, 58.9998474121, 29.8408336639, -43.0647392273], [-152.618011475, -143.351394653, 350.231994629, 76.843421936, -79.0897827148, 156.493362427, 52.5477561951, 18.7046737671, 10.4568338394, 27.4431705475, -27.621553421, -2.45921778679, 47.5054168701], [-42.246006012, -3.274964571, 76.843421936, 167.077285767, 70.7745132446, 27.8474140167, 6.15804481506, -1.3375235796, 10.4233694077, 6.88751983643, -9.54873752594, -11.724612236, 7.20128679276], [-75.3483886719, 160.348968506, -79.0897827148, 70.7745132446, 235.203811646, -58.6412734985, -68.7024307251, 3.17766284943, -1.39087498188, 7.60909795761, 6.2149772644, -15.1234064102, -13.1335763931], [-183.495864868, -124.748458862, 156.493362427, 27.8474140167, -58.6412734985, 274.722717285, 90.3176727295, -29.506280899, 66.7963562012, 35.3478622437, -70.3480300903, -15.4687347412, 56.0567054749], [-142.183120728, -7.85182332993, 52.5477561951, 6.15804481506, -68.7024307251, 90.3176727295, 146.859680176, 7.01660966873, 38.7743377686, 2.6422958374, -12.1059188843, 4.7595872879, 4.9278087616], [36.4482307434, -4.30370092392, 18.7046737671, -1.3375235796, 3.17766284943, -29.506280899, 7.01660966873, 105.461975098, -7.8105840683, 1.93081855774, 21.81798172, 7.17738008499, -7.46701049805], [-169.662902832, 61.9063644409, 10.4568338394, 10.4233694077, -1.39087498188, 66.7963562012, 38.7743377686, -7.8105840683, 89.2186889648, 14.745262146, -18.0159816742, 3.00048971176, 8.49018192291], [27.0734539032, -81.7103424072, 27.4431705475, 6.88751983643, 7.60909795761, 35.3478622437, 2.6422958374, 1.93081855774, 14.745262146, 88.0598678589, 8.10674095154, 0.631191492081, 15.5508136749], [38.4681053162, 58.9998474121, -27.621553421, -9.54873752594, 6.2149772644, -70.3480300903, -12.1059188843, 21.81798172, -18.0159816742, 8.10674095154, 103.885955811, 33.4315299988, -28.6500720978], [-21.4435539246, 29.8408336639, -2.45921778679, -11.724612236, -15.1234064102, -15.4687347412, 4.7595872879, 7.17738008499, 3.00048971176, 0.631191492081, 33.4315299988, 68.1024093628, 9.67231273651], [-42.4456863403, -43.0647392273, 47.5054168701, 7.20128679276, -13.1335763931, 56.0567054749, 4.9278087616, -7.46701049805, 8.49018192291, 15.5508136749, -28.6500720978, 9.67231273651, 73.9109573364]],
        "icov": [[0.000703518569935, 0.000572336895857, 0.000460130628198, -0.000219160196139, 0.000246015377343, 0.000184035729035, 0.000405414903071, -0.000205399323022, 0.000536290637683, -2.45518367592e-005, -0.000155351284775, 6.46256958134e-005, 0.000194344567717], [0.000572336895857, 0.00174064165913, 0.000231109530432, 0.000296014739433, -0.000911369977985, 0.000738886010367, -0.000146834805491, 0.000161478252267, -0.00107276206836, 0.00139372702688, -0.000881017709617, -9.33933770284e-005, -3.00415267702e-005], [0.000460130628198, 0.000231109530432, 0.00575618166476, -0.00324544124305, 0.00249780830927, -0.00294135767035, 0.00104540959001, -0.00196932326071, 0.00212339265272, -0.000644838903099, -0.000497686618473, -4.59275042886e-006, -0.000879143422935], [-0.000219160196139, 0.000296014739433, -0.00324544124305, 0.00936058256775, -0.00450851861387, 0.000878160237335, -0.00182228570338, 0.00115846795961, -0.0013969122665, 0.000994504778646, -0.000317511148751, 0.000746781239286, -0.000277651910437], [0.000246015377343, -0.000911369977985, 0.00249780830927, -0.00450851861387, 0.00823893398046, -0.000527596799657, 0.00361613114364, -0.00133791787084, 0.000565850466955, -0.00215217936784, 0.00056859588949, 0.00104749132879, 0.000403145444579], [0.000184035729035, 0.000738886010367, -0.00294135767035, 0.000878160237335, -0.000527596799657, 0.00951108708978, -0.00353087112308, 0.00229769363068, -0.00435905810446, -0.0012389809126, 0.00254330178723, 0.00119494448882, -0.00290769920684], [0.000405414903071, -0.000146834805491, 0.00104540959001, -0.00182228570338, 0.00361613114364, -0.00353087112308, 0.0112240193412, -0.00206320802681, -0.00169019063469, 0.000314381701173, -0.0003263981489, -0.000718131719623, 0.00211209035479], [-0.000205399323022, 0.000161478252267, -0.00196932326071, 0.00115846795961, -0.00133791787084, 0.00229769363068, -0.00206320802681, 0.0109997009858, -0.000572406919673, -2.29019065046e-006, -0.00145965104457, -4.18779563915e-005, -9.66384031926e-005], [0.000536290637683, -0.00107276206836, 0.00212339265272, -0.0013969122665, 0.000565850466955, -0.00435905810446, -0.00169019063469, -0.000572406919673, 0.0178134664893, -0.00346716027707, 0.00243781157769, -0.00242466828786, 0.0018612393178], [-2.45518367592e-005, 0.00139372702688, -0.000644838903099, 0.000994504778646, -0.00215217936784, -0.0012389809126, 0.000314381701173, -2.29019065046e-006, -0.00346716027707, 0.0149974208325, -0.00463684136048, 0.00147817400284, -0.00309639354236], [-0.000155351284775, -0.000881017709617, -0.000497686618473, -0.000317511148751, 0.00056859588949, 0.00254330178723, -0.0003263981489, -0.00145965104457, 0.00243781157769, -0.00463684136048, 0.0171109326184, -0.00819909479469, 0.00619590329006], [6.46256958134e-005, -9.33933770284e-005, -4.59275042886e-006, 0.000746781239286, 0.00104749132879, 0.00119494448882, -0.000718131719623, -4.18779563915e-005, -0.00242466828786, 0.00147817400284, -0.00819909479469, 0.0204955358058, -0.00665644928813], [0.000194344567717, -3.00415267702e-005, -0.000879143422935, -0.000277651910437, 0.000403145444579, -0.00290769920684, 0.00211209035479, -9.66384031926e-005, 0.0018612393178, -0.00309639354236, 0.00619590329006, -0.00665644928813, 0.0200528539717]]
    },
    "spectral_contrast_coeffs": {
        "mean": [-0.589586019516, -0.708096265793, -0.766052424908, -0.762844026089, -0.760308563709, -0.708690106869],
        "var": [0.004695659969, 0.00468862056732, 0.00314283580519, 0.00174761121161, 0.00193362520076, 0.00128959084395]
    },
    "spectral_contrast_valleys": {
        "mean": [-7.27440977097, -6.50803184509, -7.34393596649, -7.56412744522, -7.22992753983, -10.0139455795],
        "var": [0.530765414238, 0.526631891727, 0.481314867735, 0.529741227627, 0.671547412872, 0.793695509434]
    }
},
"metadata": {
    "audio_properties": {
        "analysis_sample_rate": 44100,
        "bit_rate": 128074,
        "equal_loudness": 0,
        "length": 45.0612258911,
        "lossless": 0,
        "replay_gain": -5.54879760742,
        "sample_rate": 44100,
        "codec": "mp3",
        "downmix": "mix",
        "md5_encoded": "1ec06416498700cd37db7b9e45763163"
    },
    "tags": {
        "file_name": "1274.mp3"
    },
    "version": {
        "essentia": "2.1-beta2",
        "essentia_git_sha": "v2.1_beta2",
        "extractor": "music 1.0"
    }
},
"rhythm": {
    "beats_count": 82,
    "beats_loudness": {
        "mean": 0.026576358825,
        "var": 0.000106210718513
    },
    "bpm": 109.945724487,
    "bpm_histogram_first_peak_bpm": {
        "mean": 110,
        "var": 0
    },
    "bpm_histogram_first_peak_spread": {
        "mean": 0.358024716377,
        "var": 0
    },
    "bpm_histogram_first_peak_weight": {
        "mean": 0.641975283623,
        "var": 0
    },
    "bpm_histogram_second_peak_bpm": {
        "mean": 0,
        "var": 0
    },
    "bpm_histogram_second_peak_spread": {
        "mean": 0,
        "var": 0
    },
    "bpm_histogram_second_peak_weight": {
        "mean": 0,
        "var": 0
    },
    "danceability": 1.14473485947,
    "onset_rate": 5.05750226974,
    "beats_loudness_band_ratio": {
        "mean": [0.343894064426, 0.272065967321, 0.15463116765, 0.0927999392152, 0.0838368311524, 0.11007899791],
        "var": [0.0325739942491, 0.0218585692346, 0.0145668042824, 0.00300691602752, 0.00391600467265, 0.00404302449897]
    },
    "beats_position": [0.580498874187, 1.13777780533, 1.69505667686, 2.24072551727, 2.7863945961, 3.33206343651, 3.87773227692, 4.41179132462, 4.96907043457, 5.51473903656, 6.06040811539, 6.60607719421, 7.1517457962, 7.69741487503, 8.24308395386, 8.78875255585, 9.33442115784, 9.8800907135, 10.4257593155, 10.9714279175, 11.5170974731, 12.0627660751, 12.6084346771, 13.1541042328, 13.6997728348, 14.2338323593, 14.7911109924, 15.3367795944, 15.8824491501, 16.4281177521, 16.9737873077, 17.5310649872, 18.0651245117, 18.6107940674, 19.1564617157, 19.7137413025, 20.2594108582, 20.8050785065, 21.339138031, 21.8731975555, 22.430475235, 22.9645347595, 23.5218143463, 24.0674819946, 24.6131515503, 25.158821106, 25.7044887543, 26.2385482788, 26.7842178345, 27.3298854828, 27.8871650696, 28.4444446564, 28.9785022736, 29.5357818604, 30.0698413849, 30.6155090332, 31.1611785889, 31.6952381134, 32.2409057617, 32.7865753174, 33.332244873, 33.8779144287, 34.4351921082, 34.9808616638, 35.5265312195, 36.0722007751, 36.6178665161, 37.151927948, 37.6975975037, 38.2432632446, 38.8005447388, 39.334602356, 39.8802719116, 40.4259414673, 40.9599990845, 41.5172767639, 42.0629463196, 42.6086158752, 43.1542854309, 43.6999549866, 44.2340126038, 44.7912902832]
},
"tonal": {
    "chords_changes_rate": 0.0390946492553,
    "chords_number_rate": 0.00514403311536,
    "chords_strength": {
        "mean": 0.585274875164,
        "var": 0.00764085864648
    },
    "hpcp_entropy": {
        "mean": 2.19423818588,
        "var": 0.57133680582
    },
    "key_strength": 0.831812620163,
    "tuning_diatonic_strength": 0.693342924118,
    "tuning_equal_tempered_deviation": 0.0848633050919,
    "tuning_frequency": 439.745910645,
    "tuning_nontempered_energy_ratio": 0.737463057041,
    "hpcp": {
        "mean": [0.13286267221, 0.115922018886, 0.0828739032149, 0.0781043171883, 0.0848905444145, 0.214085787535, 0.363605588675, 0.281109929085, 0.23745174706, 0.324055343866, 0.232653424144, 0.0986686348915, 0.0745604932308, 0.070551879704, 0.0917024761438, 0.141984000802, 0.139307081699, 0.11055470258, 0.10252135247, 0.112008646131, 0.159006625414, 0.178896486759, 0.154304519296, 0.14108030498, 0.120578490198, 0.0817763060331, 0.0815720707178, 0.114415220916, 0.129171788692, 0.240738421679, 0.44303560257, 0.373712599277, 0.165317937732, 0.109421476722, 0.0995998680592, 0.107930116355],
        "var": [0.033512622118, 0.0289531946182, 0.0189155992121, 0.0210600122809, 0.0233558621258, 0.0599694661796, 0.135061487556, 0.0785746350884, 0.0623119696975, 0.116548836231, 0.0755478441715, 0.0241592954844, 0.017377268523, 0.0171438455582, 0.0250300597399, 0.0400948859751, 0.0396088808775, 0.0263839382678, 0.0268321167678, 0.0369763672352, 0.065606161952, 0.0688251554966, 0.057628415525, 0.0548870638013, 0.0393482223153, 0.025285532698, 0.0185844786465, 0.0340598225594, 0.0341432280838, 0.0575632974505, 0.123775221407, 0.0958274528384, 0.0350100323558, 0.0265145003796, 0.0219497941434, 0.026337262243]
    },
    "chords_histogram": [54.5267486572, 5.45267486572, 22.0164604187, 2.26337456703, 0, 0, 0, 0, 0, 0, 0, 0, 0, 0, 0, 0, 0, 15.2263374329, 0, 0, 0, 0, 0.514403283596, 0],
    "thpcp": [1, 0.843527257442, 0.373148202896, 0.246981233358, 0.224812328815, 0.24361500144, 0.299891650677, 0.261653959751, 0.187059238553, 0.176293551922, 0.191611111164, 0.483224779367, 0.820714175701, 0.634508669376, 0.535965383053, 0.731443107128, 0.525134801865, 0.22271040082, 0.168294578791, 0.159246519208, 0.206986695528, 0.320479899645, 0.314437657595, 0.249539092183, 0.231406584382, 0.252820879221, 0.358902603388, 0.403797090054, 0.348289221525, 0.318440109491, 0.272164344788, 0.184581786394, 0.184120804071, 0.258252888918, 0.291560739279, 0.543383896351],
    "chords_key": "C",
    "chords_scale": "major",
    "key_key": "C",
    "key_scale": "major"
}
}