{
"lowlevel": {
    "average_loudness": 0.879796922207,
    "barkbands_crest": {
        "mean": 13.4529981613,
        "var": 11.7021770477
    },
    "barkbands_flatness_db": {
        "mean": 0.421066045761,
        "var": 0.0156316366047
    },
    "barkbands_kurtosis": {
        "mean": 9.36100959778,
        "var": 314.985321045
    },
    "barkbands_skewness": {
        "mean": 1.23819863796,
        "var": 2.53229498863
    },
    "barkbands_spread": {
        "mean": 4.15985488892,
        "var": 31.4365215302
    },
    "dissonance": {
        "mean": 0.349026679993,
        "var": 0.00790635962039
    },
    "dynamic_complexity": 3.04834508896,
    "erbbands_crest": {
        "mean": 15.8924512863,
        "var": 22.6385002136
    },
    "erbbands_flatness_db": {
        "mean": 0.330533444881,
        "var": 0.00875014811754
    },
    "erbbands_kurtosis": {
        "mean": 23.4955024719,
        "var": 713.686767578
    },
    "erbbands_skewness": {
        "mean": 1.76277208328,
        "var": 4.59512996674
    },
    "erbbands_spread": {
        "mean": 9.43102931976,
        "var": 276.742950439
    },
    "hfc": {
        "mean": 8.63868618011,
        "var": 119.43585968
    },
    "melbands_crest": {
        "mean": 14.800491333,
        "var": 14.018237114
    },
    "melbands_flatness_db": {
        "mean": 0.550596535206,
        "var": 0.0203690193594
    },
    "melbands_kurtosis": {
        "mean": 9.67848777771,
        "var": 468.746063232
    },
    "melbands_skewness": {
        "mean": 1.2209841013,
        "var": 2.08744931221
    },
    "melbands_spread": {
        "mean": 4.31150197983,
        "var": 27.8030986786
    },
    "pitch_salience": {
        "mean": 0.486385583878,
        "var": 0.00751888565719
    },
    "silence_rate_20dB": {
        "mean": 1,
        "var": 0
    },
    "silence_rate_30dB": {
        "mean": 0.974768280983,
        "var": 0.0245953891426
    },
    "silence_rate_60dB": {
        "mean": 0.00308959838003,
        "var": 0.00308004394174
    },
    "spectral_centroid": {
        "mean": 322.892669678,
        "var": 71363.765625
    },
    "spectral_complexity": {
        "mean": 5.18074131012,
        "var": 6.2860622406
    },
    "spectral_decrease": {
        "mean": -9.1376195499e-009,
        "var": 4.8826099205e-017
    },
    "spectral_energy": {
        "mean": 0.0352709703147,
        "var": 0.000731509760953
    },
    "spectral_energyband_high": {
        "mean": 5.3286930779e-005,
        "var": 4.24365467211e-008
    },
    "spectral_energyband_low": {
        "mean": 0.0177897587419,
        "var": 0.000328311725752
    },
    "spectral_energyband_middle_high": {
        "mean": 0.00153354124632,
        "var": 5.06575561303e-005
    },
    "spectral_energyband_middle_low": {
        "mean": 0.017326971516,
        "var": 0.000239429384237
    },
    "spectral_entropy": {
        "mean": 5.15920448303,
        "var": 0.741138517857
    },
    "spectral_flux": {
        "mean": 0.044893398881,
        "var": 0.00157905591186
    },
    "spectral_kurtosis": {
        "mean": 66.7631835938,
        "var": 5777.36474609
    },
    "spectral_rms": {
        "mean": 0.00551744038239,
        "var": 3.96858376916e-006
    },
    "spectral_rolloff": {
        "mean": 368.493286133,
        "var": 315802.53125
    },
    "spectral_skewness": {
        "mean": 6.2613530159,
        "var": 13.0621156693
    },
    "spectral_spread": {
        "mean": 2923913.5,
        "var": 5.76299257037e+012
    },
    "spectral_strongpeak": {
        "mean": 0.770658254623,
        "var": 0.998914420605
    },
    "zerocrossingrate": {
        "mean": 0.0153524475172,
        "var": 0.000288250652375
    },
    "barkbands": {
        "mean": [0.000224507632083, 0.0128604965284, 0.00333549804054, 0.00192923587747, 0.00631993915886, 0.00705157220364, 0.00127510947641, 0.000343162595527, 0.000258045911323, 0.000599121209234, 0.000405066821259, 0.000364409817848, 7.77312015998e-005, 9.01885941857e-005, 5.28368145751e-005, 1.28921474243e-005, 6.45893169349e-006, 3.5450143514e-006, 6.6975107984e-006, 3.31063506565e-006, 5.56464465262e-006, 7.02492161508e-006, 8.57222767081e-006, 9.46981162997e-006, 1.23291156342e-005, 8.01485475677e-006, 2.95593224564e-007],
        "var": [1.61186483183e-006, 0.00016960821813, 1.84168620763e-005, 7.54484744903e-006, 7.40781906643e-005, 5.93516342633e-005, 6.26234077572e-006, 1.53772271005e-006, 2.46908712143e-006, 9.46828822634e-006, 6.39484142084e-006, 9.32637067308e-006, 3.21338234244e-007, 7.71763097873e-007, 2.85520115995e-007, 7.83227438461e-009, 7.34649840961e-010, 1.99095254172e-010, 7.15061621026e-010, 3.78805542489e-010, 2.17849649431e-009, 2.7955395776e-009, 3.55725537915e-009, 1.77581127581e-009, 1.25242138882e-009, 3.79584974564e-010, 1.37065163906e-012]
    },
    "erbbands": {
        "mean": [0.296809852123, 3.08281540871, 4.18225860596, 6.6882185936, 8.416056633, 24.4167480469, 46.1422309875, 60.2713546753, 26.2355632782, 9.63743400574, 6.11146116257, 6.61752319336, 12.018450737, 19.629655838, 21.2288570404, 13.1044559479, 4.06588888168, 3.98382353783, 4.31758213043, 1.42902803421, 0.527407228947, 0.353410959244, 0.215493813157, 0.283342480659, 0.283604562283, 0.148803904653, 0.222777530551, 0.249571576715, 0.238972663879, 0.200714498758, 0.241242185235, 0.27719438076, 0.120641000569, 0.144279956818, 0.0798614621162, 0.0472394637764, 0.0113127827644, 0.00156629749108, 5.6583834521e-005, 4.01527213398e-005],
        "var": [0.29741731286, 6.44528102875, 17.0415477753, 76.9609222412, 166.389205933, 1401.47473145, 3074.1887207, 5128.97802734, 1977.45031738, 482.595977783, 724.75189209, 2005.03955078, 2439.37084961, 16738.6933594, 14972.2216797, 10412.7578125, 728.845031738, 985.149902344, 1822.01306152, 75.0341796875, 5.94854545593, 2.37210130692, 0.727529585361, 1.26280593872, 1.01401138306, 0.600256562233, 4.94440078735, 4.70053005219, 3.40519332886, 2.05073237419, 2.53185462952, 1.88401532173, 0.266947478056, 0.173530563712, 0.057824652642, 0.0138768004254, 0.00101492914837, 2.03302224691e-005, 1.63261599795e-008, 9.3246654842e-010]
    },
    "gfcc": {
        "mean": [-180.453414917, 159.337036133, 17.4793243408, 31.6006278992, -49.1704559326, -4.16177940369, -44.3283309937, -0.966725945473, -21.8959217072, 5.10586357117, -1.64386880398, 5.90536737442, 3.29540586472],
        "cov": [[11133.7880859, -2293.94580078, -3936.08789063, -1567.56799316, -900.372741699, 1116.38537598, -408.140960693, 909.86907959, -928.822631836, 353.619659424, -276.871490479, 291.193511963, 57.8979454041], [-2293.94580078, 1832.98144531, 899.260192871, -429.22088623, 188.711791992, -359.782653809, 418.718322754, -249.163253784, 264.119506836, -128.955093384, 294.415100098, -50.8541679382, 127.935836792], [-3936.08789063, 899.260192871, 2024.29504395, 708.71282959, 260.866851807, -447.086181641, 75.8264389038, -320.58895874, 368.297576904, -130.64390564, 88.2629318237, -108.98828125, -64.6147689819], [-1567.56799316, -429.22088623, 708.71282959, 1218.58728027, 238.137023926, -289.098052979, -187.751495361, -153.033477783, 225.522201538, -66.0579528809, -112.674446106, -53.8336105347, -87.9350128174], [-900.372741699, 188.711791992, 260.866851807, 238.137023926, 455.331695557, -3.29286766052, -29.2909832001, -87.6381835938, 66.0084228516, -34.6048088074, -54.4002189636, -130.896316528, -24.4859619141], [1116.38537598, -359.782653809, -447.086181641, -289.098052979, -3.29286766052, 420.482421875, -18.1918354034, 62.6539916992, -183.816772461, 57.9989242554, -80.686416626, -33.5713043213, -26.0557193756], [-408.140960693, 418.718322754, 75.8264389038, -187.751495361, -29.2909832001, -18.1918354034, 280.988372803, -31.7906665802, 26.6014213562, -43.5731468201, 69.4220046997, 4.94277906418, 32.2077941895], [909.86907959, -249.163253784, -320.58895874, -153.033477783, -87.6381835938, 62.6539916992, -31.7906665802, 224.347366333, -86.2110595703, 11.064904213, -38.9519271851, 12.554977417, -15.1377544403], [-928.822631836, 264.119506836, 368.297576904, 225.522201538, 66.0084228516, -183.816772461, 26.6014213562, -86.2110595703, 233.475509644, -5.74383163452, 33.6734580994, -9.05183601379, 2.76953887939], [353.619659424, -128.955093384, -130.64390564, -66.0579528809, -34.6048088074, 57.9989242554, -43.5731468201, 11.064904213, -5.74383163452, 139.292251587, 8.55038070679, -0.325065761805, -10.894244194], [-276.871490479, 294.415100098, 88.2629318237, -112.674446106, -54.4002189636, -80.686416626, 69.4220046997, -38.9519271851, 33.6734580994, 8.55038070679, 180.627334595, 77.1782073975, 44.0768966675], [291.193511963, -50.8541679382, -108.98828125, -53.8336105347, -130.896316528, -33.5713043213, 4.94277906418, 12.554977417, -9.05183601379, -0.325065761805, 77.1782073975, 166.505447388, 59.1544380188], [57.8979454041, 127.935836792, -64.6147689819, -87.9350128174, -24.4859619141, -26.0557193756, 32.2077941895, -15.1377544403, 2.76953887939, -10.894244194, 44.0768966675, 59.1544380188, 102.643234253]],
        "icov": [[0.000525904877577, -0.000648419489153, 0.00082725455286, -0.00042509046034, 0.000716970476788, -0.000782084418461, 0.000823756912723, -0.000945698004216, 0.000531878089532, -0.00052619719645, 0.000676000374369, -0.000634405121673, 0.000247818679782], [-0.000648419489153, 0.00697871902958, -0.0026530046016, 0.00517619447783, -0.00357558042742, 0.00485518760979, -0.00445040874183, 0.00392419937998, -0.00351827847771, 0.00336530921049, -0.00478409416974, 0.00438934750855, -0.00323665002361], [0.00082725455286, -0.0026530046016, 0.00278644869104, -0.00213675689884, 0.00179607991595, -0.00182602391578, 0.00209596916102, -0.00139788817614, 0.000947372347582, -0.000892193173058, 0.00150012702215, -0.00134982634336, 0.00187820137944], [-0.00042509046034, 0.00517619447783, -0.00213675689884, 0.00572073692456, -0.00318017858081, 0.00447261473164, -0.00225417804904, 0.00359731749631, -0.00325145851821, 0.0028497998137, -0.00196104543284, 0.00206557055935, -0.000999544165097], [0.000716970476788, -0.00357558042742, 0.00179607991595, -0.00318017858081, 0.00571250356734, -0.00360274128616, 0.00308588147163, -0.00191289023496, 0.00133170071058, -0.000964558217674, 0.00203126412816, 0.000651606940664, 0.000270083401119], [-0.000782084418461, 0.00485518760979, -0.00182602391578, 0.00447261473164, -0.00360274128616, 0.00883824750781, -0.00376194645651, 0.00423134444281, 0.000241973757511, 0.000844541471452, -0.00128176645376, 0.00268485513516, -0.00065339973662], [0.000823756912723, -0.00445040874183, 0.00209596916102, -0.00225417804904, 0.00308588147163, -0.00376194645651, 0.00840853340924, -0.00241237529553, 0.00114638719242, -0.00010857466259, 0.00180328241549, -0.00187029235531, 0.00151865638327], [-0.000945698004216, 0.00392419937998, -0.00139788817614, 0.00359731749631, -0.00191289023496, 0.00423134444281, -0.00241237529553, 0.00982424337417, -0.00132805516478, 0.00272354064509, -0.0014981131535, 0.00229733157903, 0.000311993615469], [0.000531878089532, -0.00351827847771, 0.000947372347582, -0.00325145851821, 0.00133170071058, 0.000241973757511, 0.00114638719242, -0.00132805516478, 0.0106005333364, -0.00421595014632, 0.00281488592736, -0.00242896960117, 0.00117716053501], [-0.00052619719645, 0.00336530921049, -0.000892193173058, 0.0028497998137, -0.000964558217674, 0.000844541471452, -0.00010857466259, 0.00272354064509, -0.00421595014632, 0.0113883148879, -0.0045305294916, 0.00351463840343, -0.000355491472874], [0.000676000374369, -0.00478409416974, 0.00150012702215, -0.00196104543284, 0.00203126412816, -0.00128176645376, 0.00180328241549, -0.0014981131535, 0.00281488592736, -0.0045305294916, 0.014012680389, -0.00806239899248, 0.00229069893248], [-0.000634405121673, 0.00438934750855, -0.00134982634336, 0.00206557055935, 0.000651606940664, 0.00268485513516, -0.00187029235531, 0.00229733157903, -0.00242896960117, 0.00351463840343, -0.00806239899248, 0.0154235353693, -0.00741860782728], [0.000247818679782, -0.00323665002361, 0.00187820137944, -0.000999544165097, 0.000270083401119, -0.00065339973662, 0.00151865638327, 0.000311993615469, 0.00117716053501, -0.000355491472874, 0.00229069893248, -0.00741860782728, 0.016653239727]]
    },
    "melbands": {
        "mean": [0.00327233993448, 0.00304653751664, 0.0011062156409, 0.00114698975813, 0.00160754576791, 0.00131741235964, 0.000356110977009, 9.22449689824e-005, 4.59132461401e-005, 4.08460000472e-005, 5.9930000134e-005, 7.99285116955e-005, 6.00627608947e-005, 5.6178210798e-005, 1.40856736834e-005, 6.17687965132e-006, 7.97789471108e-006, 7.85619067756e-006, 3.16646105603e-006, 1.11828251192e-006, 5.17092644259e-007, 3.78854309702e-007, 2.25597503345e-007, 1.78398437356e-007, 2.29791737638e-007, 2.80238936057e-007, 1.17193735605e-007, 9.17281894885e-008, 1.49589368448e-007, 1.19172604229e-007, 1.65638354588e-007, 1.50784089215e-007, 1.05385446147e-007, 1.11898657451e-007, 1.125548863e-007, 2.09162337228e-007, 1.503482423e-007, 6.81900118593e-008, 1.14461201406e-007, 1.20708207874e-007],
        "var": [1.68527058122e-005, 6.39576091999e-006, 1.80143899797e-006, 3.10828090733e-006, 3.62801347364e-006, 2.32791785493e-006, 4.13182220882e-007, 5.76974521493e-008, 4.90726002056e-008, 7.6386399428e-008, 6.63159624992e-008, 2.95817329743e-007, 1.20236535395e-007, 1.87508760519e-007, 1.05114281723e-008, 1.42085099242e-009, 5.17018250434e-009, 6.83226097919e-009, 5.64927993274e-010, 7.39377933878e-011, 7.10372993068e-012, 2.48488946433e-012, 1.10480776003e-012, 5.46832761364e-013, 9.59333524078e-013, 1.41099935555e-012, 1.81754202075e-013, 2.69318882517e-013, 3.68454702512e-012, 7.12404527731e-013, 2.95347969172e-012, 1.82916941142e-012, 4.86370329861e-013, 7.67614867069e-013, 6.16020147219e-013, 1.68558819246e-012, 4.52402682373e-013, 1.09608130135e-013, 1.70836923167e-013, 1.15071336791e-013]
    },
    "mfcc": {
        "mean": [-864.075866699, 191.661087036, 106.947731018, 50.8761367798, 28.4093799591, 4.14117479324, 2.07454204559, -8.32162475586, -7.20536231995, -5.4252281189, -8.50283622742, -2.81992173195, 2.0628092289],
        "cov": [[10118.0800781, -786.714477539, -3033.05322266, -2564.19458008, -805.91973877, -684.609191895, 499.626190186, -54.7303733826, 129.918106079, 134.871429443, -338.667266846, 88.4299163818, -182.391448975], [-786.714477539, 1695.17944336, 189.421569824, -399.403076172, -311.124389648, -108.747871399, 131.140090942, -24.2957782745, -39.7096939087, -16.649105072, -16.0966396332, 1.74454498291, 99.7597427368], [-3033.05322266, 189.421569824, 1419.28308105, 881.794616699, 175.467224121, 136.315765381, -248.240341187, 35.0349082947, -58.8499565125, -84.8620834351, 127.93913269, -37.5373497009, 89.054473877], [-2564.19458008, -399.403076172, 881.794616699, 1343.43713379, 438.181610107, 177.10168457, -320.971313477, 49.0872192383, -4.59377527237, -46.2000656128, 107.672744751, -18.6312103271, 51.6023139954], [-805.91973877, -311.124389648, 175.467224121, 438.181610107, 516.750549316, 159.465698242, -75.9882965088, -31.9391670227, 19.4943408966, 41.3115577698, 40.8005065918, -24.903131485, -33.521686554], [-684.609191895, -108.747871399, 136.315765381, 177.10168457, 159.465698242, 334.179534912, -7.14808416367, -20.6521320343, -4.8098077774, 26.7784748077, 30.5497627258, -36.2703285217, -8.95484638214], [499.626190186, 131.140090942, -248.240341187, -320.971313477, -75.9882965088, -7.14808416367, 266.65145874, 14.5958900452, 11.5931348801, 7.89522981644, -13.3813533783, 6.07438850403, -58.3864059448], [-54.7303733826, -24.2957782745, 35.0349082947, 49.0872192383, -31.9391670227, -20.6521320343, 14.5958900452, 144.056396484, 18.9774436951, -26.6534957886, -19.5876235962, -6.53878498077, -5.51661205292], [129.918106079, -39.7096939087, -58.8499565125, -4.59377527237, 19.4943408966, -4.8098077774, 11.5931348801, 18.9774436951, 130.237548828, 33.151889801, 7.70714616776, -7.80820178986, -28.3113365173], [134.871429443, -16.649105072, -84.8620834351, -46.2000656128, 41.3115577698, 26.7784748077, 7.89522981644, -26.6534957886, 33.151889801, 131.904296875, 45.2539024353, 3.72501111031, -39.9130821228], [-338.667266846, -16.0966396332, 127.93913269, 107.672744751, 40.8005065918, 30.5497627258, -13.3813533783, -19.5876235962, 7.70714616776, 45.2539024353, 136.341659546, 31.6941432953, -14.4726133347], [88.4299163818, 1.74454498291, -37.5373497009, -18.6312103271, -24.903131485, -36.2703285217, 6.07438850403, -6.53878498077, -7.80820178986, 3.72501111031, 31.6941432953, 85.2217025757, 19.5594711304], [-182.391448975, 99.7597427368, 89.054473877, 51.6023139954, -33.521686554, -8.95484638214, -58.3864059448, -5.51661205292, -28.3113365173, -39.9130821228, -14.4726133347, 19.5594711304, 115.736763]],
        "icov": [[0.000491706072353, 0.000341921811923, 0.000617120065726, 0.000558555941097, 0.000165778925293, 0.000500619353261, 0.000201972667128, 7.9271812865e-006, -0.000119109172374, -7.10097010597e-005, 9.36976939556e-005, 0.000108147520223, -0.000114884809591], [0.000341921811923, 0.0011068029562, -1.58548959917e-006, 0.000683466903865, 0.000374890805688, 0.000556555693038, -0.000457291986095, 0.000216260988964, -9.34615745791e-005, -0.000481615570607, 0.000167068123119, 0.000350108311977, -0.00101465266198], [0.000617120065726, -1.58548959917e-006, 0.00247814995237, -0.000275139784208, 0.000394996313844, 0.000388330925489, 0.000760788971093, -0.000232048390899, 0.000286348251393, 0.000834485690575, -0.00133198185358, 0.00115295208525, -0.00029665150214], [0.000558555941097, 0.000683466903865, -0.000275139784208, 0.00300273555331, -0.00111794751137, 0.000361679296475, 0.00163741048891, -0.000922471226659, -0.00038745533675, 0.000579007610213, -0.000509293517098, -0.000227981523494, -0.000269978569122], [0.000165778925293, 0.000374890805688, 0.000394996313844, -0.00111794751137, 0.00355557748117, -0.000667492160574, -0.000346449291101, 0.0011043039849, -0.0002396019554, -0.000923418672755, 0.00049321365077, 0.000306562957121, 0.000621477840468], [0.000500619353261, 0.000556555693038, 0.000388330925489, 0.000361679296475, -0.000667492160574, 0.00448313821107, -0.000781221489888, 0.000423845398473, 0.000291214120807, -0.000915957498364, -0.000441377284005, 0.00198219995946, -0.00100604270119], [0.000201972667128, -0.000457291986095, 0.000760788971093, 0.00163741048891, -0.000346449291101, -0.000781221489888, 0.00689411675557, -0.00133381073829, -6.7987391958e-005, 0.00168880133424, -0.000746223900933, -0.00109642383177, 0.0033083090093], [7.9271812865e-006, 0.000216260988964, -0.000232048390899, -0.000922471226659, 0.0011043039849, 0.000423845398473, -0.00133381073829, 0.00839696917683, -0.00152528693434, 0.000961580313742, 0.00146209716331, 5.62768364034e-005, 0.000627757806797], [-0.000119109172374, -9.34615745791e-005, 0.000286348251393, -0.00038745533675, -0.0002396019554, 0.000291214120807, -6.7987391958e-005, -0.00152528693434, 0.00895546004176, -0.00194803194609, -0.00046695934725, 0.00096089777071, 0.00098949088715], [-7.10097010597e-005, -0.000481615570607, 0.000834485690575, 0.000579007610213, -0.000923418672755, -0.000915957498364, 0.00168880133424, 0.000961580313742, -0.00194803194609, 0.0117255253717, -0.0041600135155, 3.83360893466e-005, 0.00300290691666], [9.36976939556e-005, 0.000167068123119, -0.00133198185358, -0.000509293517098, 0.00049321365077, -0.000441377284005, -0.000746223900933, 0.00146209716331, -0.00046695934725, -0.0041600135155, 0.0122318547219, -0.00554023263976, 0.00197458220646], [0.000108147520223, 0.000350108311977, 0.00115295208525, -0.000227981523494, 0.000306562957121, 0.00198219995946, -0.00109642383177, 5.62768364034e-005, 0.00096089777071, 3.83360893466e-005, -0.00554023263976, 0.0162486229092, -0.00441565318033], [-0.000114884809591, -0.00101465266198, -0.00029665150214, -0.000269978569122, 0.000621477840468, -0.00100604270119, 0.0033083090093, 0.000627757806797, 0.00098949088715, 0.00300290691666, 0.00197458220646, -0.00441565318033, 0.0137543054298]]
    },
    "spectral_contrast_coeffs": {
        "mean": [-0.647442996502, -0.541127204895, -0.786076128483, -0.838787972927, -0.858102381229, -0.843404710293],
        "var": [0.00622073141858, 0.015471749939, 0.00932481046766, 0.00492652971298, 0.00205697119236, 0.00151356949937]
    },
    "spectral_contrast_valleys": {
        "mean": [-6.6669754982, -8.42792987823, -9.88845825195, -10.6886739731, -10.6112623215, -12.2291946411],
        "var": [0.634703874588, 1.1194601059, 1.94457423687, 1.57051229477, 1.52776694298, 1.39229011536]
    }
},
"metadata": {
    "audio_properties": {
        "analysis_sample_rate": 44100,
        "bit_rate": 128074,
        "equal_loudness": 0,
        "length": 45.0612258911,
        "lossless": 0,
        "replay_gain": -5.78353691101,
        "sample_rate": 44100,
        "codec": "mp3",
        "downmix": "mix",
        "md5_encoded": "33160605e56d214e0f893cc624725cc6"
    },
    "tags": {
        "file_name": "1277.mp3"
    },
    "version": {
        "essentia": "2.1-beta2",
        "essentia_git_sha": "v2.1_beta2",
        "extractor": "music 1.0"
    }
},
"rhythm": {
    "beats_count": 76,
    "beats_loudness": {
        "mean": 0.0428213477135,
        "var": 0.000947865133639
    },
    "bpm": 119.209823608,
    "bpm_histogram_first_peak_bpm": {
        "mean": 120,
        "var": 0
    },
    "bpm_histogram_first_peak_spread": {
        "mean": 0.357142865658,
        "var": 0
    },
    "bpm_histogram_first_peak_weight": {
        "mean": 0.119999997318,
        "var": 0
    },
    "bpm_histogram_second_peak_bpm": {
        "mean": 112,
        "var": 0
    },
    "bpm_histogram_second_peak_spread": {
        "mean": 0.703703701496,
        "var": 0
    },
    "bpm_histogram_second_peak_weight": {
        "mean": 0.10666666925,
        "var": 0
    },
    "danceability": 0.974471330643,
    "onset_rate": 2.66184329987,
    "beats_loudness_band_ratio": {
        "mean": [0.534035801888, 0.417658001184, 0.0653976425529, 0.027792358771, 0.00326121645048, 0.00197662878782],
        "var": [0.0644996091723, 0.0450940318406, 0.00727312872186, 0.00820553768426, 0.000197015935555, 6.64001781843e-005]
    },
    "beats_position": [0.557278871536, 1.13777780533, 1.71827661991, 2.28716540337, 2.97215414047, 3.65714287758, 4.35374164581, 5.05034017563, 5.73532867432, 6.40870714188, 7.08208608627, 7.76707458496, 8.45206356049, 9.16027164459, 9.89170074463, 10.6347389221, 11.3777770996, 12.1208162308, 12.8638544083, 13.5952835083, 14.3267116547, 14.9304304123, 15.545759201, 16.1610889435, 16.7067565918, 17.2524261475, 17.7980957031, 18.2973232269, 18.7965526581, 19.2957820892, 19.7950115204, 20.2942390442, 20.7934684753, 21.2926979065, 21.8035373688, 22.3143768311, 22.8136043549, 23.312833786, 23.8236732483, 24.3345127106, 24.8453502655, 25.37940979, 25.9018592834, 26.4243087769, 26.9815864563, 27.5504760742, 28.1193637848, 28.6766433716, 29.2339229584, 29.7912006378, 30.3484802246, 30.9057598114, 31.4862575531, 32.0667572021, 32.7169151306, 33.3670730591, 34.0172348022, 34.5977325439, 35.1782302856, 35.7238998413, 36.269569397, 36.8036270142, 37.3376846313, 37.8949661255, 38.4290237427, 38.9630813599, 39.4971427917, 40.0428123474, 40.6233100891, 41.192199707, 41.7262573242, 42.2487068176, 42.7827644348, 43.3052139282, 43.8276634216, 44.3733329773]
},
"tonal": {
    "chords_changes_rate": 0.0390946492553,
    "chords_number_rate": 0.00720164598897,
    "chords_strength": {
        "mean": 0.508082032204,
        "var": 0.0101991649717
    },
    "hpcp_entropy": {
        "mean": 1.64003705978,
        "var": 0.469659805298
    },
    "key_strength": 0.797195613384,
    "tuning_diatonic_strength": 0.591566264629,
    "tuning_equal_tempered_deviation": 0.0691946446896,
    "tuning_frequency": 438.731048584,
    "tuning_nontempered_energy_ratio": 0.695240855217,
    "hpcp": {
        "mean": [0.1259547472, 0.0878170207143, 0.0494368672371, 0.0583370216191, 0.0388484336436, 0.0138861341402, 0.0151348095387, 0.032289173454, 0.229600340128, 0.417419999838, 0.226902842522, 0.0238408166915, 0.0137680340558, 0.0151846930385, 0.0901207998395, 0.267271012068, 0.230572760105, 0.0469461120665, 0.00426652515307, 0.00498067121953, 0.088453181088, 0.270456403494, 0.228057593107, 0.161875233054, 0.221762552857, 0.107674568892, 0.00880923308432, 0.00717877270654, 0.00863487832248, 0.0372135601938, 0.0771319717169, 0.0566655881703, 0.0208545792848, 0.0168115459383, 0.0235776137561, 0.0760397166014],
        "var": [0.0586135648191, 0.0316845290363, 0.0242838542908, 0.0279898103327, 0.0155218876898, 0.00527027249336, 0.00785805843771, 0.013891200535, 0.0668829530478, 0.19055737555, 0.0660466402769, 0.0104029020295, 0.00678541185334, 0.00757613452151, 0.0261159799993, 0.163388505578, 0.135080322623, 0.00998137705028, 0.00201133918017, 0.00194272084627, 0.0174941904843, 0.13558922708, 0.109737098217, 0.0494199134409, 0.115629598498, 0.029977792874, 0.00413552531973, 0.00360572501086, 0.00304924114607, 0.00748079456389, 0.0250319931656, 0.0153542747721, 0.00916035473347, 0.00798591133207, 0.00973250903189, 0.0290559139103]
    },
    "chords_histogram": [22.7366256714, 19.1358032227, 19.2386837006, 0.411522626877, 2.88065838814, 0, 0, 0, 7.51028823853, 0, 0, 0, 0, 0, 0, 0, 0, 1.33744859695, 0, 0, 0, 0.925925910473, 0.205761313438, 25.6172847748],
    "thpcp": [1, 0.543584048748, 0.0571146979928, 0.0329836457968, 0.0363774932921, 0.215899571776, 0.64029276371, 0.552375912666, 0.112467326224, 0.0102211805061, 0.0119320377707, 0.211904510856, 0.647923946381, 0.546350419521, 0.387799412012, 0.531269609928, 0.257952600718, 0.0211040042341, 0.0171979609877, 0.020686307922, 0.0891513600945, 0.184782639146, 0.135751977563, 0.0499606616795, 0.0402748920023, 0.0564841479063, 0.182165965438, 0.301745831966, 0.210380479693, 0.118434354663, 0.139756172895, 0.0930679738522, 0.0332665741444, 0.0362579897046, 0.0773541629314, 0.55004632473],
    "chords_key": "D",
    "chords_scale": "minor",
    "key_key": "F",
    "key_scale": "major"
}
}