{
"lowlevel": {
    "average_loudness": 0.923581004143,
    "barkbands_crest": {
        "mean": 12.7154636383,
        "var": 20.0558414459
    },
    "barkbands_flatness_db": {
        "mean": 0.18518011272,
        "var": 0.00405082339421
    },
    "barkbands_kurtosis": {
        "mean": 12.6297359467,
        "var": 441.884307861
    },
    "barkbands_skewness": {
        "mean": 2.32987570763,
        "var": 3.18430614471
    },
    "barkbands_spread": {
        "mean": 13.8586349487,
        "var": 165.280197144
    },
    "dissonance": {
        "mean": 0.431537985802,
        "var": 0.0024628250394
    },
    "dynamic_complexity": 3.91495585442,
    "erbbands_crest": {
        "mean": 11.0718421936,
        "var": 25.6125831604
    },
    "erbbands_flatness_db": {
        "mean": 0.166809558868,
        "var": 0.0028172894381
    },
    "erbbands_kurtosis": {
        "mean": 2.51765727997,
        "var": 36.4217948914
    },
    "erbbands_skewness": {
        "mean": 0.879785776138,
        "var": 0.989275455475
    },
    "erbbands_spread": {
        "mean": 36.2985191345,
        "var": 565.505554199
    },
    "hfc": {
        "mean": 14.3518218994,
        "var": 414.276519775
    },
    "melbands_crest": {
        "mean": 16.8863582611,
        "var": 31.3665523529
    },
    "melbands_flatness_db": {
        "mean": 0.266454994678,
        "var": 0.00691255554557
    },
    "melbands_kurtosis": {
        "mean": 24.7960910797,
        "var": 1292.39282227
    },
    "melbands_skewness": {
        "mean": 3.12695121765,
        "var": 4.88695812225
    },
    "melbands_spread": {
        "mean": 13.5735082626,
        "var": 205.579116821
    },
    "pitch_salience": {
        "mean": 0.490839511156,
        "var": 0.0133000379428
    },
    "silence_rate_20dB": {
        "mean": 1,
        "var": 0
    },
    "silence_rate_30dB": {
        "mean": 0.955200850964,
        "var": 0.042791839689
    },
    "silence_rate_60dB": {
        "mean": 0.081359423697,
        "var": 0.0747414827347
    },
    "spectral_centroid": {
        "mean": 839.036865234,
        "var": 344178.71875
    },
    "spectral_complexity": {
        "mean": 11.2523174286,
        "var": 64.4689865112
    },
    "spectral_decrease": {
        "mean": -8.15981238134e-009,
        "var": 8.52624357323e-017
    },
    "spectral_energy": {
        "mean": 0.0320987813175,
        "var": 0.00128464179579
    },
    "spectral_energyband_high": {
        "mean": 0.000473818712635,
        "var": 2.12443183045e-006
    },
    "spectral_energyband_low": {
        "mean": 0.0168769676238,
        "var": 0.000754448177759
    },
    "spectral_energyband_middle_high": {
        "mean": 0.00393936317414,
        "var": 7.1498354373e-005
    },
    "spectral_energyband_middle_low": {
        "mean": 0.0119081735611,
        "var": 0.000205732751056
    },
    "spectral_entropy": {
        "mean": 7.17625045776,
        "var": 0.432630598545
    },
    "spectral_flux": {
        "mean": 0.0775804147124,
        "var": 0.00450961198658
    },
    "spectral_kurtosis": {
        "mean": 6.8058719635,
        "var": 49.0143432617
    },
    "spectral_rms": {
        "mean": 0.00487572001293,
        "var": 7.54324082664e-006
    },
    "spectral_rolloff": {
        "mean": 895.534484863,
        "var": 1697996.5
    },
    "spectral_skewness": {
        "mean": 2.00752782822,
        "var": 0.766236543655
    },
    "spectral_spread": {
        "mean": 4899067.5,
        "var": 3.82003393331e+012
    },
    "spectral_strongpeak": {
        "mean": 0.926994621754,
        "var": 1.98478186131
    },
    "zerocrossingrate": {
        "mean": 0.0409505032003,
        "var": 0.00114559498616
    },
    "barkbands": {
        "mean": [0.000525341834873, 0.00875446107239, 0.00659891450778, 0.00169784319587, 0.00527327414602, 0.0018707633717, 0.000922134553548, 0.00113675766625, 0.000833362166304, 0.000783084542491, 0.0010322103044, 0.000603489403147, 0.000377137039322, 0.000202213821467, 0.000230569945415, 0.000404243037337, 0.000149538944243, 8.92062525963e-005, 0.00010511642904, 8.11203135527e-005, 9.16990829865e-005, 7.05043712514e-005, 7.05845814082e-005, 7.9669902334e-005, 6.7250453867e-005, 4.47154452559e-005, 3.54996632268e-006],
        "var": [1.29576324071e-006, 0.000280120206298, 0.000161763382494, 1.69101422216e-005, 8.96890633157e-005, 2.80835993181e-005, 2.88500154966e-006, 2.87269676846e-006, 2.98785539599e-006, 5.57624434805e-006, 2.04537227546e-005, 5.54021926291e-006, 3.43089186572e-006, 3.46287407638e-007, 3.90156827734e-007, 4.00371573051e-006, 1.60269692628e-007, 2.45536462273e-008, 3.88168857057e-008, 2.72637254994e-008, 4.00280200097e-008, 9.43288327448e-008, 5.81631312002e-008, 1.26151860513e-007, 1.10056248559e-007, 7.2998034284e-008, 1.15643739029e-009]
    },
    "erbbands": {
        "mean": [0.278752654791, 1.89408063889, 7.17001390457, 6.83702468872, 8.99013710022, 20.6912612915, 17.5272388458, 17.4433460236, 13.8696069717, 17.078130722, 24.0066413879, 17.7487392426, 25.5313148499, 30.0206661224, 37.7899169922, 21.4867191315, 18.6628494263, 9.47466468811, 13.0933084488, 18.9219875336, 15.0369472504, 8.85075569153, 5.38501739502, 5.46838474274, 4.6356678009, 3.91978240013, 4.01190328598, 3.23192071915, 2.70865869522, 2.12376022339, 2.02166199684, 1.68929600716, 1.28153812885, 0.75318390131, 0.478026717901, 0.219688639045, 0.0791186764836, 0.013423695229, 0.000417772796936, 4.7163466661e-005],
        "var": [0.337379992008, 14.0811443329, 183.776443481, 166.221969604, 529.942016602, 1537.82141113, 894.785217285, 3753.04296875, 729.79119873, 802.564575195, 1180.42553711, 1446.44921875, 3693.93969727, 11100.9501953, 20166.4199219, 6341.20458984, 6638.70410156, 506.482666016, 1389.09667969, 5147.84814453, 2911.7487793, 589.96685791, 92.1582565308, 95.1896896362, 72.1553268433, 66.21875, 76.5255813599, 53.3548355103, 199.445999146, 43.7606620789, 51.5105705261, 51.5168838501, 34.618522644, 9.69927883148, 8.29327487946, 1.32677078247, 0.320320725441, 0.0107027245685, 1.20776867334e-005, 8.4926705668e-009]
    },
    "gfcc": {
        "mean": [-39.9312896729, 103.415527344, -90.5112380981, 23.9270324707, -59.2632408142, 12.0710134506, -39.7156524658, 10.428150177, -26.9196166992, 3.74325489998, -21.5757579803, -2.66532731056, -11.8297071457],
        "cov": [[6833.26904297, -601.141113281, -691.685852051, 511.485290527, 105.403686523, 370.21282959, 172.557815552, 334.043151855, 61.2963180542, 15.6246995926, 28.1858081818, 120.013748169, 86.2258529663], [-601.141113281, 1249.8840332, 242.325515747, -172.281112671, 300.141082764, -19.7162456512, 235.686035156, 35.4868049622, 146.334091187, 26.1082954407, 116.504714966, -61.2945480347, 90.2899017334], [-691.685852051, 242.325515747, 1119.48999023, 238.169082642, 54.611328125, 66.3941421509, 35.6113700867, 64.9864425659, 137.70980835, 66.8949508667, 16.6980342865, -40.8496398926, -91.6819458008], [511.485290527, -172.281112671, 238.169082642, 756.227111816, 47.6826095581, 41.3713188171, 87.5949325562, 62.5743026733, 166.793701172, 20.183795929, 88.5174331665, 0.687535703182, -20.6916770935], [105.403686523, 300.141082764, 54.611328125, 47.6826095581, 318.786712646, 73.4482955933, 124.301750183, 67.1360473633, 38.8633232117, 20.6816482544, 43.0196990967, -2.92414474487, 66.9438781738], [370.21282959, -19.7162456512, 66.3941421509, 41.3713188171, 73.4482955933, 273.086395264, 148.074081421, 25.0224227905, 21.9621639252, 17.1600017548, 14.760890007, -0.484265953302, 9.69005012512], [172.557815552, 235.686035156, 35.6113700867, 87.5949325562, 124.301750183, 148.074081421, 259.046905518, 67.4300231934, 80.5583724976, 36.7974853516, 63.0319633484, 1.87273645401, 29.6203041077], [334.043151855, 35.4868049622, 64.9864425659, 62.5743026733, 67.1360473633, 25.0224227905, 67.4300231934, 230.322540283, 110.97858429, 32.6233329773, 21.5249462128, 7.10531520844, 13.5669603348], [61.2963180542, 146.334091187, 137.70980835, 166.793701172, 38.8633232117, 21.9621639252, 80.5583724976, 110.97858429, 201.018371582, 57.0605545044, 43.7163581848, -12.4574632645, 3.40657067299], [15.6246995926, 26.1082954407, 66.8949508667, 20.183795929, 20.6816482544, 17.1600017548, 36.7974853516, 32.6233329773, 57.0605545044, 116.136108398, 47.3278541565, 7.87478780746, 5.87341070175], [28.1858081818, 116.504714966, 16.6980342865, 88.5174331665, 43.0196990967, 14.760890007, 63.0319633484, 21.5249462128, 43.7163581848, 47.3278541565, 129.630737305, 33.7951049805, 31.3242664337], [120.013748169, -61.2945480347, -40.8496398926, 0.687535703182, -2.92414474487, -0.484265953302, 1.87273645401, 7.10531520844, -12.4574632645, 7.87478780746, 33.7951049805, 94.0640258789, 41.0695152283], [86.2258529663, 90.2899017334, -91.6819458008, -20.6916770935, 66.9438781738, 9.69005012512, 29.6203041077, 13.5669603348, 3.40657067299, 5.87341070175, 31.3242664337, 41.0695152283, 123.882621765]],
        "icov": [[0.000225174517254, -0.000106646213681, 0.00024012454378, -0.000303413777146, 6.47804918117e-005, -0.000458579859696, 0.000243035654421, -0.000457137386547, 0.000272854085779, -0.000205144708161, 0.000252084515523, -0.000291350064799, 7.59184913477e-005], [-0.000106646213681, 0.00289091072045, -0.000960229896009, 0.00201067235321, -0.00183096621186, 0.00236268830486, -0.00271985866129, 0.00176873698365, -0.00275899516419, 0.00225396035239, -0.00266884663142, 0.00244152033702, -0.00131191930268], [0.00024012454378, -0.000960229896009, 0.00164099421818, -0.00108716497198, 0.000250344950473, -0.00144385814201, 0.00140111043584, -0.000901268038433, 0.000484668300487, -0.00129369937349, 0.00112544675358, -0.00101741496474, 0.00140766205732], [-0.000303413777146, 0.00201067235321, -0.00108716497198, 0.00348243536428, -0.00139364274219, 0.00189644482452, -0.00201297434978, 0.00194372353144, -0.00368572957814, 0.00266987388022, -0.00314507633448, 0.00164309225511, -0.000378688593628], [6.47804918117e-005, -0.00183096621186, 0.000250344950473, -0.00139364274219, 0.00580363580957, -0.00156570330728, 7.3486698966e-006, -0.0021281267982, 0.002695963718, -0.0014305615332, 0.00120778672863, 3.23774002027e-005, -0.00186296331231], [-0.000458579859696, 0.00236268830486, -0.00144385814201, 0.00189644482452, -0.00156570330728, 0.00818655174226, -0.00611086376011, 0.00219117873348, -0.00155737006571, 0.00162182713393, -0.00126510416158, 0.00203314749524, -0.00111596507486], [0.000243035654421, -0.00271985866129, 0.00140111043584, -0.00201297434978, 7.3486698966e-006, -0.00611086376011, 0.0106436396018, -0.00232074595988, 0.000700668722857, -0.00205045263283, 0.000171645442606, -0.00192194478586, 0.001368858153], [-0.000457137386547, 0.00176873698365, -0.000901268038433, 0.00194372353144, -0.0021281267982, 0.00219117873348, -0.00232074595988, 0.00817326083779, -0.00573294097558, 0.00161072460469, -0.00112739473116, 0.000409009051509, -0.000444126635557], [0.000272854085779, -0.00275899516419, 0.000484668300487, -0.00368572957814, 0.002695963718, -0.00155737006571, 0.000700668722857, -0.00573294097558, 0.0131686618552, -0.0053114858456, 0.0022751793731, -5.14720341016e-005, 2.0771229174e-005], [-0.000205144708161, 0.00225396035239, -0.00129369937349, 0.00266987388022, -0.0014305615332, 0.00162182713393, -0.00205045263283, 0.00161072460469, -0.0053114858456, 0.0136363469064, -0.00609439518303, 0.00161527458113, -0.000546369119547], [0.000252084515523, -0.00266884663142, 0.00112544675358, -0.00314507633448, 0.00120778672863, -0.00126510416158, 0.000171645442606, -0.00112739473116, 0.0022751793731, -0.00609439518303, 0.0149190379307, -0.00600726949051, 5.15659776283e-005], [-0.000291350064799, 0.00244152033702, -0.00101741496474, 0.00164309225511, 3.23774002027e-005, 0.00203314749524, -0.00192194478586, 0.000409009051509, -5.14720341016e-005, 0.00161527458113, -0.00600726949051, 0.0167644917965, -0.00593093829229], [7.59184913477e-005, -0.00131191930268, 0.00140766205732, -0.000378688593628, -0.00186296331231, -0.00111596507486, 0.001368858153, -0.000444126635557, 2.0771229174e-005, -0.000546369119547, 5.15659776283e-005, -0.00593093829229, 0.0127478688955]]
    },
    "melbands": {
        "mean": [0.00239859358408, 0.00335779460147, 0.00123283837456, 0.00108939828351, 0.000718256225809, 0.000370852649212, 0.00020907871658, 0.00020875048358, 0.000180039860425, 0.000112857713248, 0.000130266314954, 0.000119737982459, 0.000150683321408, 5.91448879277e-005, 6.39783538645e-005, 2.77507369901e-005, 1.61187908816e-005, 2.1850632038e-005, 1.73423359229e-005, 3.54688600055e-005, 1.25336364363e-005, 9.01752173377e-006, 6.16108491158e-006, 4.63708875031e-006, 4.39467066826e-006, 3.95266533815e-006, 2.68580129159e-006, 2.55852864939e-006, 2.60585989054e-006, 2.15004615711e-006, 1.73948228621e-006, 1.54242457029e-006, 1.30096259454e-006, 1.17089030027e-006, 1.20460572361e-006, 1.0491288549e-006, 1.03465777102e-006, 9.12639336548e-007, 7.9214504467e-007, 5.77450407491e-007],
        "var": [2.18608729483e-005, 3.61187121598e-005, 5.39263328392e-006, 5.29005319549e-006, 1.32219076932e-006, 1.49586435327e-006, 1.49046627484e-007, 1.04533661727e-007, 7.03681379832e-008, 6.40228918769e-008, 1.02020791815e-007, 1.74043421453e-007, 3.84129776876e-007, 4.62925839884e-008, 1.30950994048e-007, 9.89885595715e-009, 1.72349601257e-009, 4.96258012461e-009, 2.52895371311e-009, 3.99580706301e-008, 1.16202880651e-009, 7.69395158695e-010, 2.1198455491e-010, 7.32831573202e-011, 6.67441935054e-011, 6.28050042528e-011, 2.7826003654e-011, 2.99403418724e-011, 3.92121647652e-011, 2.09475006785e-011, 1.79939483452e-011, 5.01375121975e-011, 5.36790160932e-011, 1.37469081257e-011, 1.87745565622e-011, 1.82906363666e-011, 2.13730057957e-011, 1.75227592852e-011, 1.40534953466e-011, 5.65707680353e-012]
    },
    "mfcc": {
        "mean": [-693.39263916, 138.96043396, 20.2538967133, 19.787519455, 4.63341760635, 1.81959915161, 0.650191426277, -0.617639362812, 2.45771241188, 0.982318401337, -3.25297546387, -0.647838950157, -2.36286950111],
        "cov": [[7028.37939453, -1078.39562988, -656.557739258, 155.710678101, 18.4859542847, 76.5016479492, 168.411972046, 323.70803833, 175.600357056, 156.159484863, -19.1028327942, 71.4311904907, 5.9004073143], [-1078.39562988, 1479.18762207, -20.9083404541, -145.163375854, 66.7348861694, 6.0498585701, 137.670150757, -1.11924386024, 83.3865814209, 83.2563858032, 52.4561195374, -8.24599647522, 22.3467521667], [-656.557739258, -20.9083404541, 956.996643066, 239.67817688, 135.451461792, 89.3117599487, -44.2442054749, 34.5209121704, 33.3649711609, 61.5996322632, 165.943008423, 73.4281463623, 59.5577964783], [155.710678101, -145.163375854, 239.67817688, 509.873260498, 141.890472412, 30.3392295837, -6.95457410812, 49.6795883179, 42.3952331543, 47.7335510254, 101.840690613, 68.5054244995, 67.9734268188], [18.4859542847, 66.7348861694, 135.451461792, 141.890472412, 221.626068115, 5.13377761841, 36.0782775879, 30.6344547272, 57.9027786255, 54.5777931213, 18.7623977661, 16.0857563019, 28.5836524963], [76.5016479492, 6.0498585701, 89.3117599487, 30.3392295837, 5.13377761841, 281.989532471, 100.916030884, 37.6459388733, 0.836382269859, 28.3823318481, 31.5525665283, -8.99670314789, 22.297794342], [168.411972046, 137.670150757, -44.2442054749, -6.95457410812, 36.0782775879, 100.916030884, 202.959396362, 63.4509506226, 32.3754272461, 43.2688865662, 10.1319179535, 14.5430994034, 7.44834089279], [323.70803833, -1.11924386024, 34.5209121704, 49.6795883179, 30.6344547272, 37.6459388733, 63.4509506226, 167.792053223, 74.2411117554, 42.4762840271, 35.8720664978, 33.0677604675, 19.0491466522], [175.600357056, 83.3865814209, 33.3649711609, 42.3952331543, 57.9027786255, 0.836382269859, 32.3754272461, 74.2411117554, 160.639862061, 88.1408843994, 31.8561000824, 23.2019901276, 29.4508743286], [156.159484863, 83.2563858032, 61.5996322632, 47.7335510254, 54.5777931213, 28.3823318481, 43.2688865662, 42.4762840271, 88.1408843994, 146.662490845, 70.3105239868, 37.0975646973, 30.0179290771], [-19.1028327942, 52.4561195374, 165.943008423, 101.840690613, 18.7623977661, 31.5525665283, 10.1319179535, 35.8720664978, 31.8561000824, 70.3105239868, 151.911895752, 64.1589813232, 33.7723503113], [71.4311904907, -8.24599647522, 73.4281463623, 68.5054244995, 16.0857563019, -8.99670314789, 14.5430994034, 33.0677604675, 23.2019901276, 37.0975646973, 64.1589813232, 108.288490295, 43.4446258545], [5.9004073143, 22.3467521667, 59.5577964783, 67.9734268188, 28.5836524963, 22.297794342, 7.44834089279, 19.0491466522, 29.4508743286, 30.0179290771, 33.7723503113, 43.4446258545, 84.5237426758]],
        "icov": [[0.000211485094042, 0.000177361260285, 0.000192649211385, -3.52701099473e-005, -4.37992930529e-005, -3.40658625646e-005, -7.69904290792e-005, -0.000300893210806, -6.55771000311e-005, -0.00021747215942, -6.53562392472e-006, -6.15435201325e-005, 6.3685591158e-005], [0.000177361260285, 0.000994680332951, 0.000170129715116, 0.000388742104406, -0.000353176612407, 0.000226644260692, -0.000753223255742, 0.000139401483466, -0.000422560871812, -0.000122796860524, -0.000707276631147, 0.000422140321461, -0.000356790958904], [0.000192649211385, 0.000170129715116, 0.00173979601823, -0.000150721360114, -0.000994800124317, -0.000669812841807, 0.00075965229189, -0.000288230337901, -5.496868107e-005, 0.000203094095923, -0.00152378575876, -0.000298305472825, 5.72010285396e-005], [-3.52701099473e-005, 0.000388742104406, -0.000150721360114, 0.00322097470053, -0.00194537814241, -0.000134568035719, 0.000312342046527, -0.000173693857505, -5.02731891174e-005, 0.000756501103751, -0.00178588507697, -0.000271477212664, -0.00127744511701], [-4.37992930529e-005, -0.000353176612407, -0.000994800124317, -0.00194537814241, 0.00716266548261, 0.000873507349752, -0.00137938838452, 0.000161288917297, -0.000893695396371, -0.00183455774095, 0.00236030342057, 0.000690209970344, -0.000540522160009], [-3.40658625646e-005, 0.000226644260692, -0.000669812841807, -0.000134568035719, 0.000873507349752, 0.00529791601002, -0.00306221842766, -0.00036929154885, 0.00100695854053, -0.000595831661485, -0.00079794699559, 0.00268390774727, -0.00201723049395], [-7.69904290792e-005, -0.000753223255742, 0.00075965229189, 0.000312342046527, -0.00137938838452, -0.00306221842766, 0.00836182013154, -0.00226034456864, 0.000638291647192, -0.00123576121405, 0.000997348339297, -0.00204002391547, 0.00133144645952], [-0.000300893210806, 0.000139401483466, -0.000288230337901, -0.000173693857505, 0.000161288917297, -0.00036929154885, -0.00226034456864, 0.00943418685347, -0.00417088763788, 0.00164408108685, -0.00110540050082, -0.00130191317294, 0.000423045828938], [-6.55771000311e-005, -0.000422560871812, -5.496868107e-005, -5.02731891174e-005, -0.000893695396371, 0.00100695854053, 0.000638291647192, -0.00417088763788, 0.0120219318196, -0.00627699261531, 0.00148549419828, 0.000951869296841, -0.00192662677728], [-0.00021747215942, -0.000122796860524, 0.000203094095923, 0.000756501103751, -0.00183455774095, -0.000595831661485, -0.00123576121405, 0.00164408108685, -0.00627699261531, 0.0141587220132, -0.00553236389533, -0.000623097817879, -0.00049834290985], [-6.53562392472e-006, -0.000707276631147, -0.00152378575876, -0.00178588507697, 0.00236030342057, -0.00079794699559, 0.000997348339297, -0.00110540050082, 0.00148549419828, -0.00553236389533, 0.0140005555004, -0.00512132467702, 0.000756332068704], [-6.15435201325e-005, 0.000422140321461, -0.000298305472825, -0.000271477212664, 0.000690209970344, 0.00268390774727, -0.00204002391547, -0.00130191317294, 0.000951869296841, -0.000623097817879, -0.00512132467702, 0.0161245185882, -0.00649904087186], [6.3685591158e-005, -0.000356790958904, 5.72010285396e-005, -0.00127744511701, -0.000540522160009, -0.00201723049395, 0.00133144645952, 0.000423045828938, -0.00192662677728, -0.00049834290985, 0.000756332068704, -0.00649904087186, 0.0172967072576]]
    },
    "spectral_contrast_coeffs": {
        "mean": [-0.592225253582, -0.699570655823, -0.752427637577, -0.787842988968, -0.818908035755, -0.791189074516],
        "var": [0.010555241257, 0.00592723814771, 0.00779462698847, 0.0053725913167, 0.00221299566329, 0.00128944730386]
    },
    "spectral_contrast_valleys": {
        "mean": [-7.52911424637, -7.12918567657, -7.86598348618, -8.32745933533, -8.2447052002, -10.5285081863],
        "var": [1.60428237915, 0.956596851349, 0.922671377659, 0.955488920212, 1.17367064953, 1.20132529736]
    }
},
"metadata": {
    "audio_properties": {
        "analysis_sample_rate": 44100,
        "bit_rate": 128074,
        "equal_loudness": 0,
        "length": 45.0612258911,
        "lossless": 0,
        "replay_gain": -4.88373565674,
        "sample_rate": 44100,
        "codec": "mp3",
        "downmix": "mix",
        "md5_encoded": "3c84fd993673718d9436f10ca382b36f"
    },
    "tags": {
        "file_name": "1278.mp3"
    },
    "version": {
        "essentia": "2.1-beta2",
        "essentia_git_sha": "v2.1_beta2",
        "extractor": "music 1.0"
    }
},
"rhythm": {
    "beats_count": 108,
    "beats_loudness": {
        "mean": 0.0549064874649,
        "var": 0.00150021817535
    },
    "bpm": 145.342910767,
    "bpm_histogram_first_peak_bpm": {
        "mean": 144,
        "var": 0
    },
    "bpm_histogram_first_peak_spread": {
        "mean": 0.494949489832,
        "var": 0
    },
    "bpm_histogram_first_peak_weight": {
        "mean": 0.467289716005,
        "var": 0
    },
    "bpm_histogram_second_peak_bpm": {
        "mean": 152,
        "var": 0
    },
    "bpm_histogram_second_peak_spread": {
        "mean": 0,
        "var": 0
    },
    "bpm_histogram_second_peak_weight": {
        "mean": 0.0373831763864,
        "var": 0
    },
    "danceability": 1.12355411053,
    "onset_rate": 3.2163939476,
    "beats_loudness_band_ratio": {
        "mean": [0.571305334568, 0.218636825681, 0.118876472116, 0.0786087960005, 0.0285485349596, 0.0269745271653],
        "var": [0.0923204421997, 0.040903635323, 0.0179451331496, 0.0210647564381, 0.00156845373567, 0.00145337451249]
    },
    "beats_position": [0.441179126501, 0.905578196049, 1.35836732388, 1.82276642323, 2.26394557953, 2.69351458549, 3.09986400604, 3.51782298088, 3.92417216301, 4.34213161469, 4.76009082794, 5.17804956436, 5.60761880875, 6.03718805313, 6.45514726639, 6.87310647964, 7.27945566177, 7.6858048439, 8.10376358032, 8.52172279358, 8.93968200684, 9.35764122009, 9.77560043335, 10.1935596466, 10.5999088287, 11.0062580109, 11.4242172241, 11.8421764374, 12.2485256195, 12.6548748016, 13.0728340149, 13.479183197, 13.8855323792, 14.3034915924, 14.7214508057, 15.1161899567, 15.5225391388, 15.9288883209, 16.3352375031, 16.7415866852, 17.1479358673, 17.5542850494, 17.9722442627, 18.3785934448, 18.7965526581, 19.2145118713, 19.6324710846, 20.0504302979, 20.45677948, 20.8631286621, 21.2694778442, 21.6874370575, 22.1053962708, 22.523355484, 22.9297046661, 23.3360538483, 23.7540130615, 24.1719722748, 24.5783214569, 24.984670639, 25.4026298523, 25.8205890656, 26.2269382477, 26.6332874298, 27.0396366119, 27.4459857941, 27.8523349762, 28.2586841583, 28.6766433716, 29.0946025848, 29.5125617981, 29.9305210114, 30.3484802246, 30.7664394379, 31.1843986511, 31.5907478333, 31.9970970154, 32.4150543213, 32.8214035034, 33.2161445618, 33.6108856201, 34.0172348022, 34.4235839844, 34.8299331665, 35.2362823486, 35.6426315308, 36.0605888367, 36.4785499573, 36.8965072632, 37.3144645691, 37.7208137512, 38.1387748718, 38.545124054, 38.9630813599, 39.3810424805, 39.7873916626, 40.1937408447, 40.5884780884, 41.006439209, 41.4243965149, 41.8423576355, 42.2487068176, 42.6550559998, 43.0730133057, 43.4909744263, 43.8973236084, 44.3152809143, 44.7216300964]
},
"tonal": {
    "chords_changes_rate": 0.0514403283596,
    "chords_number_rate": 0.0123456791043,
    "chords_strength": {
        "mean": 0.528021931648,
        "var": 0.0107530709356
    },
    "hpcp_entropy": {
        "mean": 1.75678217411,
        "var": 0.585455358028
    },
    "key_strength": 0.633494019508,
    "tuning_diatonic_strength": 0.461075931787,
    "tuning_equal_tempered_deviation": 0.21730607748,
    "tuning_frequency": 434.193115234,
    "tuning_nontempered_energy_ratio": 0.918348968029,
    "hpcp": {
        "mean": [0.252099454403, 0.231853604317, 0.137794569135, 0.0873482972383, 0.0831142216921, 0.102608367801, 0.151842951775, 0.164549916983, 0.117098048329, 0.077290289104, 0.0644671916962, 0.089755281806, 0.164630249143, 0.17132730782, 0.101703636348, 0.116066426039, 0.154798820615, 0.108742177486, 0.0645294860005, 0.0590855590999, 0.0610623434186, 0.0962875857949, 0.109756007791, 0.150381460786, 0.19691477716, 0.108131371439, 0.0391361638904, 0.0768830105662, 0.0881745144725, 0.0608948729932, 0.0714036226273, 0.0833869203925, 0.0736250951886, 0.100071363151, 0.129517033696, 0.177004218102],
        "var": [0.112993657589, 0.0960994362831, 0.0579444169998, 0.0401557460427, 0.0361258462071, 0.0485943295062, 0.0739728435874, 0.076729349792, 0.0476049259305, 0.0358507931232, 0.0291467085481, 0.045081757009, 0.0744122713804, 0.0735614597797, 0.036469809711, 0.048192884773, 0.0874980911613, 0.0473156087101, 0.0246929768473, 0.0244230479002, 0.0208350904286, 0.0374056771398, 0.0487294979393, 0.0511336550117, 0.111184924841, 0.0320572815835, 0.013108227402, 0.0317004434764, 0.04117969051, 0.0207260008901, 0.0343688689172, 0.0473562441766, 0.0281112026423, 0.0422517210245, 0.0572032183409, 0.0766002386808]
    },
    "chords_histogram": [32.9218101501, 10.9053497314, 2.57201647758, 3.08641982079, 0, 0, 0, 2.77777767181, 1.85185182095, 0, 1.02880656719, 0, 0, 0, 0, 1.23456788063, 0, 0, 0, 0, 12.0370368958, 6.89300394058, 15.5349798203, 9.15637874603],
    "thpcp": [1, 0.919691026211, 0.546588122845, 0.346483469009, 0.329688221216, 0.407015442848, 0.602313697338, 0.652718245983, 0.464491486549, 0.306586503983, 0.255721271038, 0.356031239033, 0.653036892414, 0.679602086544, 0.403426647186, 0.460399359465, 0.614038705826, 0.431346356869, 0.255968362093, 0.234374001622, 0.242215290666, 0.381942868233, 0.435367882252, 0.596516430378, 0.781099557877, 0.428923457861, 0.15524096787, 0.304970949888, 0.349760830402, 0.2415509969, 0.283235937357, 0.33076992631, 0.292047828436, 0.396951913834, 0.513753712177, 0.702120602131],
    "chords_key": "A",
    "chords_scale": "major",
    "key_key": "A",
    "key_scale": "major"
}
}