{
"lowlevel": {
    "average_loudness": 0.926271915436,
    "barkbands_crest": {
        "mean": 14.2816400528,
        "var": 24.1151218414
    },
    "barkbands_flatness_db": {
        "mean": 0.238691419363,
        "var": 0.00599247729406
    },
    "barkbands_kurtosis": {
        "mean": 28.5858631134,
        "var": 2008.63964844
    },
    "barkbands_skewness": {
        "mean": 3.19688606262,
        "var": 6.60603237152
    },
    "barkbands_spread": {
        "mean": 10.4539327621,
        "var": 186.825180054
    },
    "dissonance": {
        "mean": 0.413272708654,
        "var": 0.00271060247906
    },
    "dynamic_complexity": 3.71177411079,
    "erbbands_crest": {
        "mean": 13.7164897919,
        "var": 36.4468650818
    },
    "erbbands_flatness_db": {
        "mean": 0.176078349352,
        "var": 0.00299905077554
    },
    "erbbands_kurtosis": {
        "mean": 4.98788690567,
        "var": 72.3375930786
    },
    "erbbands_skewness": {
        "mean": 1.25311994553,
        "var": 1.7472217083
    },
    "erbbands_spread": {
        "mean": 32.0214576721,
        "var": 555.99597168
    },
    "hfc": {
        "mean": 14.5486383438,
        "var": 555.694030762
    },
    "melbands_crest": {
        "mean": 17.7746067047,
        "var": 29.4687156677
    },
    "melbands_flatness_db": {
        "mean": 0.337937623262,
        "var": 0.00865950901061
    },
    "melbands_kurtosis": {
        "mean": 44.7517204285,
        "var": 4140.85009766
    },
    "melbands_skewness": {
        "mean": 3.78377604485,
        "var": 7.22409296036
    },
    "melbands_spread": {
        "mean": 9.51317882538,
        "var": 150.136306763
    },
    "pitch_salience": {
        "mean": 0.425253689289,
        "var": 0.015593778342
    },
    "silence_rate_20dB": {
        "mean": 0.998970150948,
        "var": 0.00102881051134
    },
    "silence_rate_30dB": {
        "mean": 0.890834212303,
        "var": 0.0972484126687
    },
    "silence_rate_60dB": {
        "mean": 0.014933058992,
        "var": 0.0147101869807
    },
    "spectral_centroid": {
        "mean": 613.10723877,
        "var": 269096.59375
    },
    "spectral_complexity": {
        "mean": 7.94747686386,
        "var": 16.4915523529
    },
    "spectral_decrease": {
        "mean": -1.12215454706e-008,
        "var": 1.6919406359e-016
    },
    "spectral_energy": {
        "mean": 0.0436723530293,
        "var": 0.00253165327013
    },
    "spectral_energyband_high": {
        "mean": 0.000313766504405,
        "var": 1.06847699044e-006
    },
    "spectral_energyband_low": {
        "mean": 0.0297259259969,
        "var": 0.00184972328134
    },
    "spectral_energyband_middle_high": {
        "mean": 0.00486215390265,
        "var": 0.000281756918412
    },
    "spectral_energyband_middle_low": {
        "mean": 0.00990710034966,
        "var": 8.46244947752e-005
    },
    "spectral_entropy": {
        "mean": 6.71829080582,
        "var": 0.47357571125
    },
    "spectral_flux": {
        "mean": 0.0740832909942,
        "var": 0.0038904666435
    },
    "spectral_kurtosis": {
        "mean": 8.35876750946,
        "var": 34.176410675
    },
    "spectral_rms": {
        "mean": 0.00572771159932,
        "var": 9.80046206678e-006
    },
    "spectral_rolloff": {
        "mean": 624.605773926,
        "var": 1442750.75
    },
    "spectral_skewness": {
        "mean": 2.39879393578,
        "var": 0.670625925064
    },
    "spectral_spread": {
        "mean": 5094362.5,
        "var": 4.32076331418e+012
    },
    "spectral_strongpeak": {
        "mean": 1.07447862625,
        "var": 3.50658178329
    },
    "zerocrossingrate": {
        "mean": 0.0301753785461,
        "var": 0.0010319048306
    },
    "barkbands": {
        "mean": [0.000390900182538, 0.0199274700135, 0.00842046830803, 0.00160272943322, 0.00286812148988, 0.00235153152607, 0.000895541568752, 0.00040598915075, 0.00133477675263, 0.00129405409098, 0.000481231720187, 0.00218767579645, 0.000342203537002, 0.000161919902894, 0.000241387810092, 0.000158289127285, 0.000118660129374, 5.82468383072e-005, 0.000102137993963, 4.22883313149e-005, 5.66303860978e-005, 3.22852938552e-005, 5.60446896998e-005, 6.89130829414e-005, 5.0095597544e-005, 2.15215277422e-005, 1.22799781366e-006],
        "var": [1.28034253066e-006, 0.00116101442836, 0.000297620950732, 9.36360720516e-006, 2.66696260951e-005, 1.7161219148e-005, 5.76878392167e-006, 1.14252577532e-006, 1.61561638379e-005, 3.11051226163e-005, 1.26931827253e-005, 0.000165501682204, 7.79401398177e-006, 3.95910973339e-007, 9.92218019746e-007, 6.93864876666e-007, 3.52511989377e-007, 7.28727371779e-008, 1.29564298845e-007, 2.50210554498e-008, 3.95175661083e-008, 2.23266329868e-008, 1.01438843103e-007, 1.03425790599e-007, 3.99218258451e-008, 3.34618110998e-009, 1.5290770386e-011]
    },
    "erbbands": {
        "mean": [0.434817880392, 4.97392082214, 10.7485618591, 7.09577894211, 5.57168769836, 11.0989465714, 14.0776472092, 21.725069046, 16.7822589874, 9.93437099457, 10.0606412888, 22.3148193359, 46.4696235657, 33.7593269348, 55.9663047791, 66.0783233643, 17.4571056366, 8.42592334747, 12.4377784729, 8.94970989227, 10.0419206619, 5.50417757034, 3.519302845, 4.72502994537, 4.79893779755, 2.16759467125, 2.73486375809, 1.70234394073, 1.07667887211, 1.29290139675, 1.57682538033, 1.45762443542, 1.15615522861, 0.724208235741, 0.279829412699, 0.097008086741, 0.042182225734, 0.00608044443652, 0.000181212410098, 5.38912390766e-005],
        "var": [0.595161139965, 72.1609039307, 376.963195801, 132.702697754, 54.9432525635, 741.030029297, 730.667480469, 2004.72412109, 1357.46374512, 1183.59069824, 527.263977051, 3408.87109375, 22271.4980469, 31980.2988281, 98189.0703125, 126554.734375, 14308.7548828, 984.866516113, 2727.234375, 1457.65246582, 2856.14526367, 543.358581543, 265.562530518, 333.706787109, 344.525268555, 60.4318885803, 94.2174072266, 47.104724884, 32.0405731201, 57.650188446, 62.8250617981, 41.1411628723, 31.1794567108, 8.89740276337, 1.37354302406, 0.0680857673287, 0.0164084360003, 0.000305544876028, 2.32980170267e-007, 3.35532579498e-009]
    },
    "gfcc": {
        "mean": [-55.8926353455, 115.584106445, -64.2004547119, 27.3523082733, -46.6999015808, 25.9586181641, -32.8270759583, 13.0499210358, -27.1937599182, 4.95615005493, -12.587852478, -3.73260521889, -5.1532869339],
        "cov": [[5091.55078125, -936.722961426, -905.343505859, -79.5041885376, -200.419219971, 136.851501465, 24.2442817688, 370.020568848, -87.936706543, 63.4620399475, -6.51106929779, 238.735229492, 133.371490479], [-936.722961426, 1105.92236328, 37.1463127136, -284.367950439, 209.362319946, -54.4207801819, 117.031204224, -82.2646408081, 59.4215507507, 1.84968829155, 130.912185669, -132.017669678, 117.098243713], [-905.343505859, 37.1463127136, 835.280334473, 252.850128174, 24.0453453064, 19.8932437897, -50.2422142029, -34.5233459473, 87.6115951538, -16.1123542786, -0.0523535721004, 9.43773841858, -68.5205001831], [-79.5041885376, -284.367950439, 252.850128174, 467.053375244, 93.8642730713, -45.4645729065, -19.1637859344, 29.8753852844, 44.3072624207, -43.1138458252, -29.3771705627, 35.4364929199, -50.4695320129], [-200.419219971, 209.362319946, 24.0453453064, 93.8642730713, 307.871826172, 42.2765617371, 81.2802963257, -8.16047382355, 40.3218574524, -23.0662498474, 10.9978637695, -42.2022018433, 46.5682106018], [136.851501465, -54.4207801819, 19.8932437897, -45.4645729065, 42.2765617371, 221.491546631, 91.7175369263, -55.8649673462, -8.09516334534, 17.3468799591, -22.3649330139, -30.9332580566, -13.3601055145], [24.2442817688, 117.031204224, -50.2422142029, -19.1637859344, 81.2802963257, 91.7175369263, 210.661224365, 26.6918392181, -0.656576633453, 9.72500038147, 26.1949596405, -35.3643684387, 10.1390380859], [370.020568848, -82.2646408081, -34.5233459473, 29.8753852844, -8.16047382355, -55.8649673462, 26.6918392181, 229.169418335, 50.8549461365, -18.0027446747, 22.517156601, 42.7431106567, 30.6691665649], [-87.936706543, 59.4215507507, 87.6115951538, 44.3072624207, 40.3218574524, -8.09516334534, -0.656576633453, 50.8549461365, 144.31602478, 37.5022583008, 10.5632019043, 15.3999471664, -0.268764585257], [63.4620399475, 1.84968829155, -16.1123542786, -43.1138458252, -23.0662498474, 17.3468799591, 9.72500038147, -18.0027446747, 37.5022583008, 104.685249329, 30.090845108, 7.36913156509, -10.5138864517], [-6.51106929779, 130.912185669, -0.0523535721004, -29.3771705627, 10.9978637695, -22.3649330139, 26.1949596405, 22.517156601, 10.5632019043, 30.090845108, 140.577026367, 40.3438987732, 26.8524188995], [238.735229492, -132.017669678, 9.43773841858, 35.4364929199, -42.2022018433, -30.9332580566, -35.3643684387, 42.7431106567, 15.3999471664, 7.36913156509, 40.3438987732, 111.92350769, 25.8065052032], [133.371490479, 117.098243713, -68.5205001831, -50.4695320129, 46.5682106018, -13.3601055145, 10.1390380859, 30.6691665649, -0.268764585257, -10.5138864517, 26.8524188995, 25.8065052032, 122.287506104]],
        "icov": [[0.000396023824578, 5.53981226403e-005, 0.000430534826592, -0.000219281209866, 0.000140132993693, -0.000652003916912, 0.000249931734288, -0.000699766387697, 0.000353588635335, -0.000424469209975, 0.000140033924254, -0.000539409054909, -0.000256682338659], [5.53981226403e-005, 0.00418332405388, -0.0010592903709, 0.0031761394348, -0.00174717290793, 0.00347199267708, -0.0021907906048, 0.00258618802764, -0.0030933492817, 0.00226232362911, -0.00362863810733, 0.00474851438776, -0.00278882519342], [0.000430534826592, -0.0010592903709, 0.00245911884122, -0.00200059846975, 0.00097621435998, -0.00224996567704, 0.00134774239268, -0.00101113528945, 2.30720715422e-007, -0.00032896065386, 0.000409680971643, -0.0014984565787, 0.000819271663204], [-0.000219281209866, 0.0031761394348, -0.00200059846975, 0.00626953784376, -0.00322630000301, 0.00422082282603, -0.00222356547602, 0.00218061334454, -0.00256595597602, 0.00280893710442, -0.00155184010509, 0.00148100964725, 0.000255620572716], [0.000140132993693, -0.00174717290793, 0.00097621435998, -0.00322630000301, 0.0064112348482, -0.0025097571779, -0.000279412430245, -0.000298270490021, -0.000874693272635, 0.000541629851796, 0.000276114442386, 0.00079006748274, -0.00206473562866], [-0.000652003916912, 0.00347199267708, -0.00224996567704, 0.00422082282603, -0.0025097571779, 0.0110716614872, -0.00578385638073, 0.00508919730783, -0.00302887172438, 0.00179537374061, -0.00115140993148, 0.00365728372708, -0.00113501248416], [0.000249931734288, -0.0021907906048, 0.00134774239268, -0.00222356547602, -0.000279412430245, -0.00578385638073, 0.00926182046533, -0.00410774257034, 0.00279150274582, -0.00225888611749, -0.000309167255182, -0.000162372802151, 0.00131359521765], [-0.000699766387697, 0.00258618802764, -0.00101113528945, 0.00218061334454, -0.000298270490021, 0.00508919730783, -0.00410774257034, 0.00949180498719, -0.00581346871331, 0.00469863507897, -0.00270490325056, 0.00229334481992, -0.00224900129251], [0.000353588635335, -0.0030933492817, 2.30720715422e-007, -0.00256595597602, -0.000874693272635, -0.00302887172438, 0.00279150274582, -0.00581346871331, 0.0135568520054, -0.00757581554353, 0.00394893297926, -0.00497742509469, 0.00230802129954], [-0.000424469209975, 0.00226232362911, -0.00032896065386, 0.00280893710442, 0.000541629851796, 0.00179537374061, -0.00225888611749, 0.00469863507897, -0.00757581554353, 0.0157655905932, -0.00526114320382, 0.00276359100826, 0.00018124365306], [0.000140033924254, -0.00362863810733, 0.000409680971643, -0.00155184010509, 0.000276114442386, -0.00115140993148, -0.000309167255182, -0.00270490325056, 0.00394893297926, -0.00526114320382, 0.0134867466986, -0.00888675823808, 0.00185434205923], [-0.000539409054909, 0.00474851438776, -0.0014984565787, 0.00148100964725, 0.00079006748274, 0.00365728372708, -0.000162372802151, 0.00229334481992, -0.00497742509469, 0.00276359100826, -0.00888675823808, 0.0210245251656, -0.0069088768214], [-0.000256682338659, -0.00278882519342, 0.000819271663204, 0.000255620572716, -0.00206473562866, -0.00113501248416, 0.00131359521765, -0.00224900129251, 0.00230802129954, 0.00018124365306, 0.00185434205923, -0.0069088768214, 0.0138812912628]]
    },
    "melbands": {
        "mean": [0.00493591558188, 0.00615670764819, 0.00122265797108, 0.000575059093535, 0.000507064163685, 0.000465268356493, 0.000250837707426, 9.92463174043e-005, 7.95874948381e-005, 0.00017291950644, 0.00023466120183, 0.000136583548738, 0.00013072398724, 0.000285804533632, 6.97006107657e-005, 2.24689902097e-005, 1.37303877636e-005, 1.92195766431e-005, 1.77008951141e-005, 8.31524994283e-006, 1.18266298159e-005, 4.56029738416e-006, 6.235598903e-006, 2.46251852332e-006, 3.75113472728e-006, 4.80849757878e-006, 1.48856622673e-006, 1.38508050895e-006, 1.96737869373e-006, 1.22694655147e-006, 8.96217272839e-007, 6.30080251085e-007, 5.61876674965e-007, 7.43785847135e-007, 7.90399667494e-007, 1.12250802431e-006, 8.22733852601e-007, 7.69055816363e-007, 8.05258252967e-007, 5.6801206938e-007],
        "var": [7.27059596102e-005, 8.77250422491e-005, 3.61649745173e-006, 1.27636440084e-006, 8.99978715552e-007, 8.55285804846e-007, 3.01109253087e-007, 1.10580991475e-007, 3.26038147591e-008, 2.38005014808e-007, 5.58429917419e-007, 6.29414330433e-007, 5.77278115088e-007, 2.89424019684e-006, 3.59934801963e-007, 1.53067336583e-008, 2.90313684204e-009, 8.93336160601e-009, 7.14575332239e-009, 1.47113810023e-009, 4.15651735253e-009, 3.88732407375e-010, 1.47270196038e-009, 1.125113544e-010, 2.31352270674e-010, 3.54089313426e-010, 3.47121394129e-011, 3.26481792989e-011, 5.61073999761e-011, 2.46361646361e-011, 1.41167017312e-011, 1.57055323607e-011, 5.89339341217e-012, 2.76976774849e-011, 1.55903467219e-011, 3.96486662946e-011, 1.16177692466e-011, 1.17179660072e-011, 2.01883613993e-011, 5.12148223136e-012]
    },
    "mfcc": {
        "mean": [-720.600219727, 151.517211914, 41.5215110779, 19.8912582397, 18.693353653, 9.89448928833, 15.6169977188, 1.72154045105, 4.36952066422, 6.51994657516, -3.61420965195, -1.13014316559, -0.0356075875461],
        "cov": [[4888.99023438, -1075.4083252, -759.182189941, -208.471542358, -177.564819336, -289.479156494, 69.1351089478, 101.226463318, 118.572814941, -11.1049633026, -159.205001831, 122.786148071, -43.8675422668], [-1075.4083252, 1246.76623535, -83.2594604492, -161.588989258, 23.5757846832, 40.9586677551, 112.601097107, -113.546791077, 8.74802017212, 64.5000152588, 34.7613830566, -36.5835533142, 7.30695152283], [-759.182189941, -83.2594604492, 671.360229492, 110.844306946, 61.8531684875, 72.5187606812, -84.8996658325, 47.3397941589, -42.7585029602, -27.7678203583, 100.766342163, -9.45290279388, 40.6168518066], [-208.471542358, -161.588989258, 110.844306946, 413.552734375, 144.706619263, -39.6545181274, -19.075553894, 92.3220367432, 18.7322158813, -9.35483074188, 3.48828339577, 37.5185508728, 29.2145843506], [-177.564819336, 23.5757846832, 61.8531684875, 144.706619263, 236.057281494, 8.79164409637, -16.1575813293, 49.6292495728, 30.8787269592, 10.3920221329, -14.4146518707, 3.69092178345, 15.0447378159], [-289.479156494, 40.9586677551, 72.5187606812, -39.6545181274, 8.79164409637, 325.327056885, 43.5084724426, -24.138874054, 4.29348611832, 29.8493766785, 32.8493537903, -41.6778907776, 12.486700058], [69.1351089478, 112.601097107, -84.8996658325, -19.075553894, -16.1575813293, 43.5084724426, 207.909759521, 29.2751426697, 19.3432998657, 17.9803676605, -10.3913211823, 4.05600643158, -24.8601493835], [101.226463318, -113.546791077, 47.3397941589, 92.3220367432, 49.6292495728, -24.138874054, 29.2751426697, 152.844161987, 41.8781585693, 7.23226690292, 4.20978975296, 25.5212249756, -3.30382609367], [118.572814941, 8.74802017212, -42.7585029602, 18.7322158813, 30.8787269592, 4.29348611832, 19.3432998657, 41.8781585693, 144.031600952, 40.4166488647, -4.52619552612, 2.58925676346, -6.1457400322], [-11.1049633026, 64.5000152588, -27.7678203583, -9.35483074188, 10.3920221329, 29.8493766785, 17.9803676605, 7.23226690292, 40.4166488647, 99.1624298096, 27.8592185974, -0.0597931221128, -0.069718696177], [-159.205001831, 34.7613830566, 100.766342163, 3.48828339577, -14.4146518707, 32.8493537903, -10.3913211823, 4.20978975296, -4.52619552612, 27.8592185974, 104.243217468, 27.1380901337, 17.5818824768], [122.786148071, -36.5835533142, -9.45290279388, 37.5185508728, 3.69092178345, -41.6778907776, 4.05600643158, 25.5212249756, 2.58925676346, -0.0597931221128, 27.1380901337, 102.818649292, 36.5433959961], [-43.8675422668, 7.30695152283, 40.6168518066, 29.2145843506, 15.0447378159, 12.486700058, -24.8601493835, -3.30382609367, -6.1457400322, -0.069718696177, 17.5818824768, 36.5433959961, 96.8556671143]],
        "icov": [[0.000401352386689, 0.000408272462664, 0.000377254677005, 0.000339452497428, 5.43461464986e-006, 0.000247606833, -0.000184529999387, -0.000109819775389, -0.000220600326429, -5.66031994822e-005, 0.000105652157799, -0.000265952199697, -0.000126363636809], [0.000408272462664, 0.00148465996608, 0.000422019627877, 0.000736547634006, -0.000603996159043, 0.00053168926388, -0.00100205861963, 0.000797293789219, -0.000306051311782, -0.00042432610644, -0.00055770680774, 0.000235547995544, -0.000538321037311], [0.000377254677005, 0.000422019627877, 0.0026569403708, 1.8883829398e-005, -0.00042931662756, -0.000136506132549, 0.000510106154252, -0.00101243704557, 0.000320774648571, 0.00115304545034, -0.00250121066347, 0.00103538716212, -0.000715617265087], [0.000339452497428, 0.000736547634006, 1.8883829398e-005, 0.00400934880599, -0.00202741078101, 0.000648816290777, -0.000354395800969, -0.00115501647815, -0.000116517476272, 0.000184487362276, -0.000106119994598, -0.0006692110328, -0.00075367448153], [5.43461464986e-006, -0.000603996159043, -0.00042931662756, -0.00202741078101, 0.00627410411835, -0.000618459540419, 0.000974880822469, -0.0012313129846, -0.000633163261227, -0.000833390164189, 0.00218855333515, -0.000220206435188, -0.00020199152641], [0.000247606833, 0.00053168926388, -0.000136506132549, 0.000648816290777, -0.000618459540419, 0.00416593300179, -0.00159380119294, 0.000822136295028, -0.000315760611556, -0.00073272024747, -0.00140105362516, 0.00210633408278, -0.00144942291081], [-0.000184529999387, -0.00100205861963, 0.000510106154252, -0.000354395800969, 0.000974880822469, -0.00159380119294, 0.0066211274825, -0.00222197338007, 0.000231910846196, -0.000316876714351, 0.00107674102765, -0.00130728411023, 0.00187497620936], [-0.000109819775389, 0.000797293789219, -0.00101243704557, -0.00115501647815, -0.0012313129846, 0.000822136295028, -0.00222197338007, 0.0101197548211, -0.00235358509235, -0.00034630348091, -0.000254930317169, -0.00153186474927, 0.000997870229185], [-0.000220600326429, -0.000306051311782, 0.000320774648571, -0.000116517476272, -0.000633163261227, -0.000315760611556, 0.000231910846196, -0.00235358509235, 0.00902920775115, -0.00335665163584, 0.0007867749664, 0.00014772186114, 0.000314057455398], [-5.66031994822e-005, -0.00042432610644, 0.00115304545034, 0.000184487362276, -0.000833390164189, -0.00073272024747, -0.000316876714351, -0.00034630348091, -0.00335665163584, 0.0138969365507, -0.00513673666865, 0.00129195197951, -0.000160018433235], [0.000105652157799, -0.00055770680774, -0.00250121066347, -0.000106119994598, 0.00218855333515, -0.00140105362516, 0.00107674102765, -0.000254930317169, 0.0007867749664, -0.00513673666865, 0.0159924067557, -0.0055718254298, 0.000524588918779], [-0.000265952199697, 0.000235547995544, 0.00103538716212, -0.0006692110328, -0.000220206435188, 0.00210633408278, -0.00130728411023, -0.00153186474927, 0.00014772186114, 0.00129195197951, -0.0055718254298, 0.0152656808496, -0.00573367020115], [-0.000126363636809, -0.000538321037311, -0.000715617265087, -0.00075367448153, -0.00020199152641, -0.00144942291081, 0.00187497620936, 0.000997870229185, 0.000314057455398, -0.000160018433235, 0.000524588918779, -0.00573367020115, 0.0136568620801]]
    },
    "spectral_contrast_coeffs": {
        "mean": [-0.639185070992, -0.666190505028, -0.720119774342, -0.771201312542, -0.803692400455, -0.82321614027],
        "var": [0.0049331234768, 0.00946941040456, 0.0108117526397, 0.0050988746807, 0.00401041237637, 0.00115721719339]
    },
    "spectral_contrast_valleys": {
        "mean": [-6.9428730011, -7.62891578674, -8.25734710693, -8.94420051575, -8.95265769958, -10.6850566864],
        "var": [0.57068926096, 0.584955573082, 0.644381403923, 0.664097070694, 0.788961231709, 0.876453995705]
    }
},
"metadata": {
    "audio_properties": {
        "analysis_sample_rate": 44100,
        "bit_rate": 128074,
        "equal_loudness": 0,
        "length": 45.0612258911,
        "lossless": 0,
        "replay_gain": -5.7891998291,
        "sample_rate": 44100,
        "codec": "mp3",
        "downmix": "mix",
        "md5_encoded": "6175e6fb2ccf938e20e4968a740cafb3"
    },
    "tags": {
        "file_name": "1279.mp3"
    },
    "version": {
        "essentia": "2.1-beta2",
        "essentia_git_sha": "v2.1_beta2",
        "extractor": "music 1.0"
    }
},
"rhythm": {
    "beats_count": 108,
    "beats_loudness": {
        "mean": 0.0756182819605,
        "var": 0.00415025092661
    },
    "bpm": 144.935317993,
    "bpm_histogram_first_peak_bpm": {
        "mean": 144,
        "var": 0
    },
    "bpm_histogram_first_peak_spread": {
        "mean": 0.45454543829,
        "var": 0
    },
    "bpm_histogram_first_peak_weight": {
        "mean": 0.504672884941,
        "var": 0
    },
    "bpm_histogram_second_peak_bpm": {
        "mean": 136,
        "var": 0
    },
    "bpm_histogram_second_peak_spread": {
        "mean": 0.399999976158,
        "var": 0
    },
    "bpm_histogram_second_peak_weight": {
        "mean": 0.0280373822898,
        "var": 0
    },
    "danceability": 1.27500021458,
    "onset_rate": 3.72658061981,
    "beats_loudness_band_ratio": {
        "mean": [0.684149026871, 0.12978965044, 0.0930198058486, 0.0749332904816, 0.0182741153985, 0.016003375873],
        "var": [0.0614816583693, 0.0238326769322, 0.0120796943083, 0.0213428027928, 0.00105220323894, 0.000688455766067]
    },
    "beats_position": [0.429569154978, 0.870748281479, 1.31192743778, 1.764716506, 2.21750569344, 2.6470746994, 3.06503391266, 3.48299312592, 3.90095233917, 4.3073015213, 4.71365070343, 5.11999988556, 5.52634906769, 5.94430828094, 6.3622674942, 6.78022670746, 7.18657588959, 7.59292507172, 7.99927425385, 8.40562343597, 8.8119726181, 9.21832180023, 9.63628101349, 10.0542402267, 10.4489793777, 10.8553285599, 11.261677742, 11.6680269241, 12.0743761063, 12.4807252884, 12.8870744705, 13.3050336838, 13.7113828659, 14.1293420792, 14.5356912613, 14.9536504745, 15.3599996567, 15.7663488388, 16.1843090057, 16.602268219, 17.0086174011, 17.4149665833, 17.8329238892, 18.2508831024, 18.6688423157, 19.0868015289, 19.5047607422, 19.9111099243, 20.3174591064, 20.7121982574, 21.1301574707, 21.548116684, 21.9660758972, 22.3724250793, 22.7787742615, 23.1967334747, 23.6030826569, 24.009431839, 24.4273910522, 24.8453502655, 25.2633094788, 25.681268692, 26.0992279053, 26.5404071808, 26.9351463318, 27.3414955139, 27.747844696, 28.1658039093, 28.5837631226, 29.0017223358, 29.4196815491, 29.8376407623, 30.2439899445, 30.6503391266, 31.0566883087, 31.474647522, 31.8809967041, 32.2989578247, 32.7169151306, 33.1348762512, 33.5528335571, 33.9707946777, 34.3771438599, 34.7951011658, 35.2130622864, 35.6310195923, 36.0373687744, 36.455329895, 36.8616790771, 37.2796363831, 37.6859855652, 38.1039466858, 38.5102958679, 38.9282531738, 39.3462142944, 39.7757797241, 40.1937408447, 40.6116981506, 41.0296592712, 41.4592285156, 41.88879776, 42.3067550659, 42.7247161865, 43.1426734924, 43.560634613, 43.9785919189, 44.4081611633, 44.8377304077]
},
"tonal": {
    "chords_changes_rate": 0.0267489720136,
    "chords_number_rate": 0.00720164598897,
    "chords_strength": {
        "mean": 0.622534632683,
        "var": 0.00785736180842
    },
    "hpcp_entropy": {
        "mean": 1.62849724293,
        "var": 0.444085806608
    },
    "key_strength": 0.811131060123,
    "tuning_diatonic_strength": 0.783828794956,
    "tuning_equal_tempered_deviation": 0.237242907286,
    "tuning_frequency": 434.193115234,
    "tuning_nontempered_energy_ratio": 0.93418431282,
    "hpcp": {
        "mean": [0.271088153124, 0.229884386063, 0.0798260197043, 0.0289834793657, 0.0285442322493, 0.042455304414, 0.0749078243971, 0.0868767127395, 0.0619439184666, 0.0362006090581, 0.0300787761807, 0.0449722260237, 0.0995313823223, 0.155864909291, 0.233867883682, 0.38791641593, 0.353846490383, 0.141758471727, 0.0399692691863, 0.0239403378218, 0.0287937298417, 0.0565148591995, 0.0716013461351, 0.0682209134102, 0.0679542347789, 0.0390384942293, 0.0337777398527, 0.11899407953, 0.150091037154, 0.0976167321205, 0.093158878386, 0.0774614140391, 0.03758790344, 0.0309493783861, 0.0530437193811, 0.141963884234],
        "var": [0.125804886222, 0.104655064642, 0.0270581450313, 0.0131474211812, 0.0133160063997, 0.0188043620437, 0.0382200628519, 0.0411129593849, 0.0305535998195, 0.014013743028, 0.0135531099513, 0.0179777350277, 0.0438492000103, 0.0745475143194, 0.0854767039418, 0.162028476596, 0.147190138698, 0.0515218861401, 0.0171207487583, 0.00944759324193, 0.0114333927631, 0.0214541405439, 0.0312842056155, 0.0218472182751, 0.0341758430004, 0.0120318373665, 0.00914989877492, 0.0491499975324, 0.0708366632462, 0.0381037555635, 0.0608443021774, 0.0453466176987, 0.0158302802593, 0.0152793796733, 0.0192444249988, 0.0621270574629]
    },
    "chords_histogram": [52.7777786255, 1.13168728352, 18.3127574921, 0, 0, 0, 0, 0, 0, 0, 0, 0, 0, 0, 0, 0, 0, 8.95061683655, 0, 0, 0, 2.16049385071, 9.25925922394, 7.40740728378],
    "thpcp": [1, 0.912172019482, 0.365435600281, 0.103035777807, 0.0617151968181, 0.0742266327143, 0.14568823576, 0.184579312801, 0.175864979625, 0.175177514553, 0.100636355579, 0.0870747864246, 0.306751847267, 0.386915922165, 0.251643717289, 0.240151941776, 0.199685841799, 0.0968969166279, 0.0797836259007, 0.136740073562, 0.365965127945, 0.698831379414, 0.592613220215, 0.205781489611, 0.0747157856822, 0.0735834613442, 0.109444461763, 0.193103000522, 0.223957300186, 0.159683674574, 0.0933206453919, 0.0775393247604, 0.115932770073, 0.256579458714, 0.401800245047, 0.602882146835],
    "chords_key": "D",
    "chords_scale": "major",
    "key_key": "D",
    "key_scale": "major"
}
}