{
"lowlevel": {
    "average_loudness": 0.851305305958,
    "barkbands_crest": {
        "mean": 10.6035861969,
        "var": 19.8439083099
    },
    "barkbands_flatness_db": {
        "mean": 0.153253570199,
        "var": 0.00326624535955
    },
    "barkbands_kurtosis": {
        "mean": 6.89089488983,
        "var": 1095.96716309
    },
    "barkbands_skewness": {
        "mean": 1.48693370819,
        "var": 3.53573060036
    },
    "barkbands_spread": {
        "mean": 19.3689460754,
        "var": 160.224090576
    },
    "dissonance": {
        "mean": 0.450347483158,
        "var": 0.00197598221712
    },
    "dynamic_complexity": 3.95468831062,
    "erbbands_crest": {
        "mean": 10.8911371231,
        "var": 32.4846611023
    },
    "erbbands_flatness_db": {
        "mean": 0.180626988411,
        "var": 0.00294429739006
    },
    "erbbands_kurtosis": {
        "mean": 1.51364886761,
        "var": 37.0510215759
    },
    "erbbands_skewness": {
        "mean": 0.210563197732,
        "var": 1.29967069626
    },
    "erbbands_spread": {
        "mean": 33.7565727234,
        "var": 318.272399902
    },
    "hfc": {
        "mean": 13.9256210327,
        "var": 237.025115967
    },
    "melbands_crest": {
        "mean": 14.808470726,
        "var": 36.1060752869
    },
    "melbands_flatness_db": {
        "mean": 0.209932804108,
        "var": 0.00492492970079
    },
    "melbands_kurtosis": {
        "mean": 14.7083930969,
        "var": 1287.62390137
    },
    "melbands_skewness": {
        "mean": 2.44259619713,
        "var": 4.18075037003
    },
    "melbands_spread": {
        "mean": 24.3051681519,
        "var": 572.425415039
    },
    "pitch_salience": {
        "mean": 0.538117408752,
        "var": 0.0177347604185
    },
    "silence_rate_20dB": {
        "mean": 1,
        "var": 0
    },
    "silence_rate_30dB": {
        "mean": 0.997425317764,
        "var": 0.00256805703975
    },
    "silence_rate_60dB": {
        "mean": 0.09732234478,
        "var": 0.087851934135
    },
    "spectral_centroid": {
        "mean": 1298.67871094,
        "var": 646975
    },
    "spectral_complexity": {
        "mean": 14.7167863846,
        "var": 81.8504486084
    },
    "spectral_decrease": {
        "mean": -5.10694597722e-009,
        "var": 3.11310978634e-017
    },
    "spectral_energy": {
        "mean": 0.0205378681421,
        "var": 0.00048817510833
    },
    "spectral_energyband_high": {
        "mean": 0.000391400157241,
        "var": 7.26141934138e-007
    },
    "spectral_energyband_low": {
        "mean": 0.00630862126127,
        "var": 0.000111468012619
    },
    "spectral_energyband_middle_high": {
        "mean": 0.00490731652826,
        "var": 7.51604748075e-005
    },
    "spectral_energyband_middle_low": {
        "mean": 0.00961696449667,
        "var": 0.00022784495377
    },
    "spectral_entropy": {
        "mean": 7.40737724304,
        "var": 0.277928054333
    },
    "spectral_flux": {
        "mean": 0.0746310725808,
        "var": 0.00321780447848
    },
    "spectral_kurtosis": {
        "mean": 5.4454703331,
        "var": 17.8799591064
    },
    "spectral_rms": {
        "mean": 0.0039471690543,
        "var": 4.45679779659e-006
    },
    "spectral_rolloff": {
        "mean": 1558.58508301,
        "var": 2839852.5
    },
    "spectral_skewness": {
        "mean": 1.65029132366,
        "var": 0.398758888245
    },
    "spectral_spread": {
        "mean": 4337048.5,
        "var": 3.43634267341e+012
    },
    "spectral_strongpeak": {
        "mean": 1.07471323013,
        "var": 2.66264033318
    },
    "zerocrossingrate": {
        "mean": 0.0599210597575,
        "var": 0.00232821656391
    },
    "barkbands": {
        "mean": [5.8520679886e-005, 0.00299926125444, 0.00265706540085, 0.00136684533209, 0.00347228371538, 0.0017384669045, 0.000893334450666, 0.00112538528629, 0.000842741399538, 0.00101801345591, 0.000404324498959, 0.00139261584263, 0.000205670919968, 0.000343723921105, 0.000439993425971, 0.000391989975469, 0.000381738122087, 0.0001383437193, 0.00021352909971, 0.000120996395708, 0.000120577351481, 6.38025085209e-005, 6.06496760156e-005, 5.12458718731e-005, 2.56956864177e-005, 1.0002376257e-005, 1.04501998521e-006],
        "var": [4.06456415192e-008, 4.02468467655e-005, 2.3031485398e-005, 1.56675341714e-005, 5.47512718185e-005, 8.73983299243e-006, 3.08236144519e-006, 4.83410985908e-006, 4.62833440906e-006, 8.49133812153e-006, 1.3941726138e-006, 4.42076634499e-005, 1.29423156636e-007, 2.38366311578e-007, 4.38722764784e-007, 4.07424067816e-007, 4.70124547292e-007, 7.94238630419e-008, 1.9026394682e-007, 4.27470112641e-008, 1.76709193056e-007, 2.06253414348e-008, 2.6728201874e-008, 2.23582929948e-008, 2.39938513502e-009, 4.47353459831e-010, 1.12846546343e-011]
    },
    "erbbands": {
        "mean": [0.0578604601324, 0.788653671741, 2.94969105721, 3.85538291931, 8.58440208435, 10.2685194016, 17.4067306519, 11.7561893463, 13.2270841599, 14.0093545914, 29.2211055756, 21.3215370178, 17.4031829834, 36.784198761, 20.4367465973, 67.4826965332, 14.4714479446, 19.0323562622, 17.0422306061, 27.1443977356, 23.2949199677, 16.4420375824, 8.55831813812, 8.93105316162, 10.6296014786, 6.06343698502, 5.71485519409, 3.70091533661, 2.28618144989, 1.9847162962, 1.70865988731, 1.28909623623, 0.709740519524, 0.355691730976, 0.148231372237, 0.0559382103384, 0.0150455245748, 0.00349619425833, 0.000109164917376, 2.68939311354e-005],
        "var": [0.0245433449745, 2.50332689285, 26.8555965424, 64.211227417, 714.049194336, 338.896392822, 1042.95849609, 468.017578125, 818.284606934, 450.999053955, 3451.30737305, 2759.20703125, 1623.46801758, 14067.578125, 3585.03686523, 114138.6875, 1093.67602539, 736.646179199, 665.873779297, 1697.75219727, 1175.3729248, 751.478149414, 251.270095825, 228.429275513, 566.567565918, 105.0260849, 366.195220947, 132.561294556, 21.9117927551, 26.905708313, 23.2560768127, 18.2149391174, 3.1657307148, 0.462416231632, 0.0901620164514, 0.0138235259801, 0.000922349281609, 9.47074004216e-005, 7.56257136914e-008, 8.20927992251e-010]
    },
    "gfcc": {
        "mean": [-43.2777023315, 92.2473068237, -124.772262573, 24.8320522308, -59.9033126831, 5.93854427338, -44.8915023804, 5.06363725662, -25.2055606842, 0.8312895298, -19.8725624084, -3.18227767944, -8.42330932617],
        "cov": [[9332.36816406, 1002.74871826, -510.717834473, 703.082641602, 379.434906006, 139.602203369, 106.777641296, 96.1867218018, 113.37815094, 211.523696899, 108.461791992, -101.054595947, -161.641647339], [1002.74871826, 1670.35266113, -244.722213745, -62.9859008789, 519.584777832, -55.3545379639, 271.07901001, 38.426574707, 127.307067871, 27.7245140076, 101.635215759, -106.167060852, 39.3817710876], [-510.717834473, -244.722213745, 1009.22784424, 204.827560425, -95.9594192505, 105.402458191, -57.0031929016, 1.23068034649, -75.3874359131, -10.984623909, -59.946231842, 68.1087722778, -50.1236152649], [703.082641602, -62.9859008789, 204.827560425, 804.488769531, 281.745941162, 64.2011260986, 83.5807418823, 42.1221542358, 155.693206787, 112.778450012, 71.5962600708, 11.0093564987, -57.7691879272], [379.434906006, 519.584777832, -95.9594192505, 281.745941162, 554.461608887, 120.448913574, 172.286849976, 38.4156303406, 126.223854065, 104.823745728, 54.6103858948, -32.8772468567, -32.4760246277], [139.602203369, -55.3545379639, 105.402458191, 64.2011260986, 120.448913574, 329.423492432, 154.23059082, -24.9560203552, 8.92113018036, 38.0024414063, 12.8993616104, 6.87689590454, -21.9329509735], [106.777641296, 271.07901001, -57.0031929016, 83.5807418823, 172.286849976, 154.23059082, 277.881286621, 55.0649414063, 52.3553543091, 29.0459918976, 65.3266220093, -2.354170084, 15.5029411316], [96.1867218018, 38.426574707, 1.23068034649, 42.1221542358, 38.4156303406, -24.9560203552, 55.0649414063, 157.650161743, 73.5969314575, 8.8407831192, 10.9724245071, 8.49197006226, 23.2478218079], [113.37815094, 127.307067871, -75.3874359131, 155.693206787, 126.223854065, 8.92113018036, 52.3553543091, 73.5969314575, 190.435974121, 81.3648452759, 21.3299751282, -12.0115156174, 5.52133703232], [211.523696899, 27.7245140076, -10.984623909, 112.778450012, 104.823745728, 38.0024414063, 29.0459918976, 8.8407831192, 81.3648452759, 137.261566162, 36.8871459961, 8.74940776825, -20.0929813385], [108.461791992, 101.635215759, -59.946231842, 71.5962600708, 54.6103858948, 12.8993616104, 65.3266220093, 10.9724245071, 21.3299751282, 36.8871459961, 122.664871216, 30.9192771912, 16.8137397766], [-101.054595947, -106.167060852, 68.1087722778, 11.0093564987, -32.8772468567, 6.87689590454, -2.354170084, 8.49197006226, -12.0115156174, 8.74940776825, 30.9192771912, 87.4512481689, 34.1087913513], [-161.641647339, 39.3817710876, -50.1236152649, -57.7691879272, -32.4760246277, -21.9329509735, 15.5029411316, 23.2478218079, 5.52133703232, -20.0929813385, 16.8137397766, 34.1087913513, 116.914237976]],
        "icov": [[0.000196168315597, -0.00040314081707, 0.000322753097862, -0.000481687195133, 0.000468925747555, -0.00056992447935, 0.000519392604474, -0.000592889613472, 0.000612210074905, -0.000447550351964, 0.000275913684163, -0.000249196484219, 0.000306926260237], [-0.00040314081707, 0.00256615038961, -0.00123496167362, 0.00206014886498, -0.002865514718, 0.00290210731328, -0.00271795829758, 0.00240238755941, -0.00238272338174, 0.00168768293224, -0.0018964932533, 0.00243606651202, -0.00133749260567], [0.000322753097862, -0.00123496167362, 0.00220006029122, -0.00178341183346, 0.00173020362854, -0.00218734238297, 0.0017586350441, -0.00202276534401, 0.00229511619546, -0.00110363843851, 0.00189395924099, -0.00228420575149, 0.00125946698245], [-0.000481687195133, 0.00206014886498, -0.00178341183346, 0.00392662920058, -0.00309599563479, 0.00271502649412, -0.00230357260443, 0.00255043851212, -0.00375033309683, 0.00164808426052, -0.00252700247802, 0.00150236452464, -0.00035116908839], [0.000468925747555, -0.002865514718, 0.00173020362854, -0.00309599563479, 0.00628864299506, -0.00362789002247, 0.00181321869604, -0.00273891864344, 0.00231136428192, -0.003056157846, 0.00219523604028, -0.00177073245868, 0.00176248536445], [-0.00056992447935, 0.00290210731328, -0.00218734238297, 0.00271502649412, -0.00362789002247, 0.00868290755898, -0.00673045124859, 0.00499337399378, -0.00304343807511, 0.00115356699098, -0.000819401931949, 0.0016007006634, -0.000848190393299], [0.000519392604474, -0.00271795829758, 0.0017586350441, -0.00230357260443, 0.00181321869604, -0.00673045124859, 0.010636546649, -0.00545461988077, 0.00282338098623, -0.000843782094307, -0.0013259240659, -0.000949176261202, 0.000353857059963], [-0.000592889613472, 0.00240238755941, -0.00202276534401, 0.00255043851212, -0.00273891864344, 0.00499337399378, -0.00545461988077, 0.0122270761058, -0.00702625047415, 0.00340940617025, -0.00112467678264, 0.000540768145584, -0.00184625061229], [0.000612210074905, -0.00238272338174, 0.00229511619546, -0.00375033309683, 0.00231136428192, -0.00304343807511, 0.00282338098623, -0.00702625047415, 0.0138351116329, -0.00735687324777, 0.00300078955479, 0.00014312233543, -0.000517294276506], [-0.000447550351964, 0.00168768293224, -0.00110363843851, 0.00164808426052, -0.003056157846, 0.00115356699098, -0.000843782094307, 0.00340940617025, -0.00735687324777, 0.0138867143542, -0.00397536437958, -0.00101088557858, 0.00155600055587], [0.000275913684163, -0.0018964932533, 0.00189395924099, -0.00252700247802, 0.00219523604028, -0.000819401931949, -0.0013259240659, -0.00112467678264, 0.00300078955479, -0.00397536437958, 0.0140465907753, -0.00652813911438, 0.00049869180657], [-0.000249196484219, 0.00243606651202, -0.00228420575149, 0.00150236452464, -0.00177073245868, 0.0016007006634, -0.000949176261202, 0.000540768145584, 0.00014312233543, -0.00101088557858, -0.00652813911438, 0.0198283810169, -0.00660172756761], [0.000306926260237, -0.00133749260567, 0.00125946698245, -0.00035116908839, 0.00176248536445, -0.000848190393299, 0.000353857059963, -0.00184625061229, -0.000517294276506, 0.00155600055587, 0.00049869180657, -0.00660172756761, 0.0125913731754]]
    },
    "melbands": {
        "mean": [0.000682820216753, 0.0014094254002, 0.000832662568428, 0.000672347785439, 0.000583519635256, 0.000282886758214, 0.000195947854081, 0.000158400449436, 0.000241837566136, 0.000119560172607, 8.47621340654e-005, 0.000154006134835, 5.70410120417e-005, 0.000146789941937, 9.70826222328e-005, 2.1122952603e-005, 3.76096359105e-005, 2.46463860094e-005, 3.04297664115e-005, 3.54247422365e-005, 2.78393017652e-005, 1.93310843315e-005, 1.07441428554e-005, 6.44281453788e-006, 7.05466163708e-006, 8.36923572933e-006, 5.62547620575e-006, 3.61633760804e-006, 3.5384957755e-006, 3.10338373311e-006, 1.84640839507e-006, 1.30597561565e-006, 1.14223712444e-006, 1.07693313112e-006, 1.00840111372e-006, 8.97031611657e-007, 7.47489934838e-007, 5.43374255813e-007, 3.42579170365e-007, 2.9124419143e-007],
        "var": [2.53807070294e-006, 5.82601296628e-006, 3.8250614125e-006, 2.58366981143e-006, 1.03623381165e-006, 2.58642813833e-007, 1.63361946193e-007, 5.71862841525e-008, 2.35600055021e-007, 9.81688188517e-008, 4.24946264843e-008, 2.54844508163e-007, 2.63029278358e-008, 4.28567062727e-007, 2.21931813371e-007, 1.40549305527e-009, 3.12703152261e-009, 1.35976385707e-009, 2.18938356333e-009, 2.94238233778e-009, 2.26048624263e-009, 1.23174037636e-009, 5.71474367828e-010, 2.32269800615e-010, 1.37872269157e-010, 3.5566388723e-010, 1.47186568489e-010, 3.83683432248e-011, 1.27824473228e-010, 1.25555607577e-010, 2.90609047243e-011, 6.50486045237e-012, 1.1885904587e-011, 7.10290767175e-012, 7.95906222872e-012, 8.36202201232e-012, 6.92720663817e-012, 2.09868125482e-012, 5.48766761199e-013, 2.97304471623e-013]
    },
    "mfcc": {
        "mean": [-683.932373047, 122.449447632, -8.33589839935, 18.4146728516, 2.87985563278, -0.546257615089, -6.92544174194, -4.13365316391, -0.736805319786, 0.0194214135408, -7.56266593933, -3.59735608101, -0.892590284348],
        "cov": [[8441.16308594, 625.555297852, -512.864379883, 760.774475098, 270.994628906, 381.515686035, 147.346725464, 38.4570465088, 73.8203353882, 173.110778809, 231.352737427, 285.421112061, 163.464050293], [625.555297852, 1687.82861328, -418.509002686, 16.3932933807, 81.9654922485, 55.0059623718, 140.594238281, 28.2267665863, 88.2060089111, 56.6913566589, 88.8849639893, 17.4738311768, -2.28581809998], [-512.864379883, -418.509002686, 964.198913574, 43.7700920105, 5.24162483215, 23.3126525879, -0.467230170965, 38.2310714722, -50.1066894531, -58.0728988647, -39.870262146, -48.3774757385, -53.9974441528], [760.774475098, 16.3932933807, 43.7700920105, 686.913879395, 269.934753418, 114.010643005, 31.4319992065, 39.0355186462, 67.2044830322, 64.728515625, 111.782546997, 142.216461182, 97.7526092529], [270.994628906, 81.9654922485, 5.24162483215, 269.934753418, 298.183044434, 143.295471191, 27.2685699463, 22.0240497589, 57.7123908997, 54.1819458008, 60.5851631165, 74.2225341797, 49.5112533569], [381.515686035, 55.0059623718, 23.3126525879, 114.010643005, 143.295471191, 382.704620361, 141.004730225, 46.4521369934, 51.0755004883, 59.6460037231, 83.9316101074, 72.5831298828, 47.9380950928], [147.346725464, 140.594238281, -0.467230170965, 31.4319992065, 27.2685699463, 141.004730225, 228.811843872, 93.8705215454, 13.4070549011, 32.4570655823, 32.9949760437, 24.4223003387, 3.2516913414], [38.4570465088, 28.2267665863, 38.2310714722, 39.0355186462, 22.0240497589, 46.4521369934, 93.8705215454, 147.513809204, 54.6650848389, 31.0343856812, 17.0274620056, 23.6650238037, 9.56493091583], [73.8203353882, 88.2060089111, -50.1066894531, 67.2044830322, 57.7123908997, 51.0755004883, 13.4070549011, 54.6650848389, 148.403030396, 75.4491043091, 26.375038147, 27.1398010254, 46.1960296631], [173.110778809, 56.6913566589, -58.0728988647, 64.728515625, 54.1819458008, 59.6460037231, 32.4570655823, 31.0343856812, 75.4491043091, 127.746429443, 57.7437400818, 34.5560073853, 24.269203186], [231.352737427, 88.8849639893, -39.870262146, 111.782546997, 60.5851631165, 83.9316101074, 32.9949760437, 17.0274620056, 26.375038147, 57.7437400818, 131.923614502, 76.5219421387, 28.8363399506], [285.421112061, 17.4738311768, -48.3774757385, 142.216461182, 74.2225341797, 72.5831298828, 24.4223003387, 23.6650238037, 27.1398010254, 34.5560073853, 76.5219421387, 126.959075928, 61.7742195129], [163.464050293, -2.28581809998, -53.9974441528, 97.7526092529, 49.5112533569, 47.9380950928, 3.2516913414, 9.56493091583, 46.1960296631, 24.269203186, 28.8363399506, 61.7742195129, 113.887893677]],
        "icov": [[0.000147649581777, -4.75792076031e-005, 6.50516522001e-005, -0.000175945970113, 0.000117449759273, -0.00014256106806, 5.36041843588e-005, -1.65188921528e-005, 0.000138838018756, -0.000133725799969, 7.91486672824e-005, -0.000142367862281, 7.15020996722e-006], [-4.75792076031e-005, 0.000800172623713, 0.000293112185318, 0.000143623299664, -0.000361065409379, 0.000307575479383, -0.000729345949367, 0.000334024080075, -0.000711387954652, 0.000476069923025, -0.000731706502847, 0.000386785453884, 0.000282901310129], [6.50516522001e-005, 0.000293112185318, 0.00134322501253, -0.000320213555824, -3.48637368006e-005, -0.000323981425026, 0.000147053739056, -0.000630016438663, 0.000237906468101, 0.000471946288599, -7.97858592705e-005, 0.000591046584304, 0.000527001626324], [-0.000175945970113, 0.000143623299664, -0.000320213555824, 0.00296762445942, -0.00228827772662, 0.000820670102257, -0.000387010106351, 5.74563018745e-005, -0.000342738028849, 0.00032495171763, -0.00101496104617, -0.00112842908129, -0.000849161413498], [0.000117449759273, -0.000361065409379, -3.48637368006e-005, -0.00228827772662, 0.00655565643683, -0.00213224301115, 0.00110776477959, -8.23443133413e-006, -0.000366793654393, -0.000973976566456, 0.000992623972706, -0.000940559431911, 0.000403490645112], [-0.00014256106806, 0.000307575479383, -0.000323981425026, 0.000820670102257, -0.00213224301115, 0.00499759614468, -0.00326354429126, 0.00137229252141, -0.00125912821386, 0.000382729165722, -0.00185952370521, -0.000349362846464, -0.000756423978601], [5.36041843588e-005, -0.000729345949367, 0.000147053739056, -0.000387010106351, 0.00110776477959, -0.00326354429126, 0.00892736203969, -0.00560373393819, 0.0032025296241, -0.00165819074027, 0.000720824056771, 0.00027984866756, 0.000138199960929], [-1.65188921528e-005, 0.000334024080075, -0.000630016438663, 5.74563018745e-005, -8.23443133413e-006, 0.00137229252141, -0.00560373393819, 0.0120237879455, -0.005274083931, 0.000769051199313, 0.000189664177014, -0.00209614704363, 0.0013228940079], [0.000138838018756, -0.000711387954652, 0.000237906468101, -0.000342738028849, -0.000366793654393, -0.00125912821386, 0.0032025296241, -0.005274083931, 0.0137820625678, -0.00693909684196, 0.00180801004171, 0.00140910805203, -0.00409939233214], [-0.000133725799969, 0.000476069923025, 0.000471946288599, 0.00032495171763, -0.000973976566456, 0.000382729165722, -0.00165819074027, 0.000769051199313, -0.00693909684196, 0.0144011965021, -0.00533895846456, 0.00086156692123, 0.00102174736094], [7.91486672824e-005, -0.000731706502847, -7.97858592705e-005, -0.00101496104617, 0.000992623972706, -0.00185952370521, 0.000720824056771, 0.000189664177014, 0.00180801004171, -0.00533895846456, 0.0153468344361, -0.00767229963094, 0.00169980712235], [-0.000142367862281, 0.000386785453884, 0.000591046584304, -0.00112842908129, -0.000940559431911, -0.000349362846464, 0.00027984866756, -0.00209614704363, 0.00140910805203, 0.00086156692123, -0.00767229963094, 0.0178877972066, -0.00633021397516], [7.15020996722e-006, 0.000282901310129, 0.000527001626324, -0.000849161413498, 0.000403490645112, -0.000756423978601, 0.000138199960929, 0.0013228940079, -0.00409939233214, 0.00102174736094, 0.00169980712235, -0.00633021397516, 0.0142309265211]]
    },
    "spectral_contrast_coeffs": {
        "mean": [-0.605988025665, -0.711794316769, -0.752260565758, -0.761428952217, -0.791746854782, -0.775285363197],
        "var": [0.0114184161648, 0.00756981503218, 0.00744539871812, 0.00411649188027, 0.00202674488537, 0.00181047769729]
    },
    "spectral_contrast_valleys": {
        "mean": [-8.05070972443, -7.15136766434, -7.82946252823, -8.1023349762, -7.97201824188, -10.5456924438],
        "var": [2.29853081703, 1.5737105608, 1.25343823433, 1.42052197456, 1.29745101929, 1.1712833643]
    }
},
"metadata": {
    "audio_properties": {
        "analysis_sample_rate": 44100,
        "bit_rate": 128074,
        "equal_loudness": 0,
        "length": 45.0612258911,
        "lossless": 0,
        "replay_gain": -6.11553764343,
        "sample_rate": 44100,
        "codec": "mp3",
        "downmix": "mix",
        "md5_encoded": "fe9f4a82fc4a01eb22c61949b991c9b4"
    },
    "tags": {
        "file_name": "1280.mp3"
    },
    "version": {
        "essentia": "2.1-beta2",
        "essentia_git_sha": "v2.1_beta2",
        "extractor": "music 1.0"
    }
},
"rhythm": {
    "beats_count": 65,
    "beats_loudness": {
        "mean": 0.0316219218075,
        "var": 0.000434667745139
    },
    "bpm": 88.144203186,
    "bpm_histogram_first_peak_bpm": {
        "mean": 88,
        "var": 0
    },
    "bpm_histogram_first_peak_spread": {
        "mean": 0.171875,
        "var": 0
    },
    "bpm_histogram_first_peak_weight": {
        "mean": 0.828125,
        "var": 0
    },
    "bpm_histogram_second_peak_bpm": {
        "mean": 0,
        "var": 0
    },
    "bpm_histogram_second_peak_spread": {
        "mean": 0,
        "var": 0
    },
    "bpm_histogram_second_peak_weight": {
        "mean": 0,
        "var": 0
    },
    "danceability": 1.12185835838,
    "onset_rate": 4.5694975853,
    "beats_loudness_band_ratio": {
        "mean": [0.261252224445, 0.330567061901, 0.197473317385, 0.111290894449, 0.0780514255166, 0.0923336297274],
        "var": [0.0321721062064, 0.0255132801831, 0.0151182832196, 0.0195396579802, 0.00345133570954, 0.0244854986668]
    },
    "beats_position": [0.696598649025, 1.39319729805, 2.06657600403, 2.75156450272, 3.43655323982, 4.1099319458, 4.78331041336, 5.46829938889, 6.15328788757, 6.82666635513, 7.51165533066, 8.19664382935, 8.88163280487, 9.56662082672, 10.2399997711, 10.9133787155, 11.5983667374, 12.2833557129, 12.9567346573, 13.6533327103, 14.3499317169, 15.0349206924, 15.7199087143, 16.4165077209, 17.1131057739, 17.7980957031, 18.483083725, 19.1680717468, 19.853061676, 20.5380496979, 21.2230377197, 21.8964176178, 22.5814056396, 23.2663936615, 23.9397735596, 24.6131515503, 25.2981395721, 25.9715194702, 26.6332874298, 27.2950553894, 27.9568252563, 28.6302032471, 29.3035831451, 29.988571167, 30.6735591888, 31.3469390869, 32.0203170776, 32.6936950684, 33.3902931213, 34.0868911743, 34.7602729797, 35.4452590942, 36.1302490234, 36.8036270142, 37.4770050049, 38.1503829956, 38.823764801, 39.4971427917, 40.1821289063, 40.8671188354, 41.5404968262, 42.2138786316, 42.8872566223, 43.5722427368, 44.2688446045]
},
"tonal": {
    "chords_changes_rate": 0.0730452686548,
    "chords_number_rate": 0.0102880662307,
    "chords_strength": {
        "mean": 0.553122758865,
        "var": 0.0114599615335
    },
    "hpcp_entropy": {
        "mean": 1.86023628712,
        "var": 0.677606940269
    },
    "key_strength": 0.855445504189,
    "tuning_diatonic_strength": 0.722001433372,
    "tuning_equal_tempered_deviation": 0.12912248075,
    "tuning_frequency": 444.085327148,
    "tuning_nontempered_energy_ratio": 0.804692029953,
    "hpcp": {
        "mean": [0.176752895117, 0.12647151947, 0.0863114893436, 0.092803068459, 0.117837898433, 0.173085093498, 0.177082404494, 0.133496746421, 0.145244196057, 0.139496490359, 0.103581778705, 0.112704768777, 0.135699957609, 0.162021234632, 0.279197305441, 0.324195861816, 0.194896265864, 0.105353981256, 0.0777644962072, 0.0650494769216, 0.104911625385, 0.11918528378, 0.0907788798213, 0.0754123702645, 0.0622921846807, 0.0666773095727, 0.0930870100856, 0.105051808059, 0.132851690054, 0.236113339663, 0.243399038911, 0.130427569151, 0.0780346617103, 0.0750103667378, 0.108218707144, 0.165385365486],
        "var": [0.0724811479449, 0.0503441505134, 0.0311221312732, 0.0411384440958, 0.0474245548248, 0.0623520500958, 0.0664371624589, 0.0466344356537, 0.062275364995, 0.0573292113841, 0.0332627668977, 0.0410715006292, 0.0560582838953, 0.0580243431032, 0.100289084017, 0.12788413465, 0.0709871202707, 0.0405695363879, 0.031505189836, 0.0174888446927, 0.0357256084681, 0.044585749507, 0.0273160636425, 0.0261478759348, 0.0178194977343, 0.0234363786876, 0.0371211692691, 0.0424181856215, 0.0475846491754, 0.0965121462941, 0.106135062873, 0.0433597154915, 0.0277148075402, 0.0248923581094, 0.0447528474033, 0.0658510178328]
    },
    "chords_histogram": [45.6790122986, 2.36625504494, 9.25925922394, 0.411522626877, 0, 0.411522626877, 0, 0, 4.42386817932, 0, 4.11522626877, 1.02880656719, 0.205761313438, 0, 0, 0, 0, 7.30452680588, 0, 12.1399173737, 0, 3.80658435822, 8.84773635864, 0],
    "thpcp": [1, 0.601168274879, 0.324970155954, 0.239868879318, 0.20064869523, 0.323605686426, 0.367633581161, 0.280012458563, 0.232613608241, 0.192143678665, 0.20566983521, 0.287132024765, 0.324038088322, 0.409788370132, 0.728304624557, 0.750777721405, 0.40231102705, 0.240702211857, 0.231373608112, 0.333806574345, 0.510140299797, 0.545204043388, 0.390108376741, 0.266232550144, 0.286256164312, 0.363477498293, 0.533890485764, 0.546220421791, 0.411778062582, 0.448013722897, 0.430284619331, 0.319503694773, 0.34764406085, 0.418574005365, 0.499763429165, 0.861199498177],
    "chords_key": "G",
    "chords_scale": "major",
    "key_key": "G",
    "key_scale": "major"
}
}