{
"lowlevel": {
    "average_loudness": 0.966727733612,
    "barkbands_crest": {
        "mean": 14.1910953522,
        "var": 18.7821865082
    },
    "barkbands_flatness_db": {
        "mean": 0.211530596018,
        "var": 0.00175724353176
    },
    "barkbands_kurtosis": {
        "mean": 10.2720909119,
        "var": 210.946105957
    },
    "barkbands_skewness": {
        "mean": 2.18058300018,
        "var": 2.40022850037
    },
    "barkbands_spread": {
        "mean": 10.1362934113,
        "var": 33.7477493286
    },
    "dissonance": {
        "mean": 0.415707975626,
        "var": 0.00159580691252
    },
    "dynamic_complexity": 1.86694538593,
    "erbbands_crest": {
        "mean": 17.8337917328,
        "var": 55.8523788452
    },
    "erbbands_flatness_db": {
        "mean": 0.214492097497,
        "var": 0.00162297382485
    },
    "erbbands_kurtosis": {
        "mean": 2.50534439087,
        "var": 12.8848972321
    },
    "erbbands_skewness": {
        "mean": 1.11503231525,
        "var": 0.693273365498
    },
    "erbbands_spread": {
        "mean": 26.3147373199,
        "var": 158.951477051
    },
    "hfc": {
        "mean": 17.9578952789,
        "var": 183.37272644
    },
    "melbands_crest": {
        "mean": 17.754573822,
        "var": 25.0985393524
    },
    "melbands_flatness_db": {
        "mean": 0.283597201109,
        "var": 0.00301310303621
    },
    "melbands_kurtosis": {
        "mean": 17.7949447632,
        "var": 762.387268066
    },
    "melbands_skewness": {
        "mean": 2.5507209301,
        "var": 4.19989299774
    },
    "melbands_spread": {
        "mean": 12.7113027573,
        "var": 75.5371398926
    },
    "pitch_salience": {
        "mean": 0.412707895041,
        "var": 0.0101501308382
    },
    "silence_rate_20dB": {
        "mean": 1,
        "var": 0
    },
    "silence_rate_30dB": {
        "mean": 0.995880544186,
        "var": 0.00410262681544
    },
    "silence_rate_60dB": {
        "mean": 0.00154479919001,
        "var": 0.00154241069686
    },
    "spectral_centroid": {
        "mean": 781.635986328,
        "var": 180744.953125
    },
    "spectral_complexity": {
        "mean": 10.9253349304,
        "var": 7.76636505127
    },
    "spectral_decrease": {
        "mean": -8.90699958234e-009,
        "var": 2.54794558113e-017
    },
    "spectral_energy": {
        "mean": 0.0352459251881,
        "var": 0.000389595836168
    },
    "spectral_energyband_high": {
        "mean": 0.000346797227394,
        "var": 5.99161580794e-007
    },
    "spectral_energyband_low": {
        "mean": 0.0117743285373,
        "var": 0.000244397670031
    },
    "spectral_energyband_middle_high": {
        "mean": 0.00558146974072,
        "var": 9.18497607927e-005
    },
    "spectral_energyband_middle_low": {
        "mean": 0.0209045372903,
        "var": 0.000204975222005
    },
    "spectral_entropy": {
        "mean": 6.68976926804,
        "var": 0.142437294126
    },
    "spectral_flux": {
        "mean": 0.057389266789,
        "var": 0.000976691371761
    },
    "spectral_kurtosis": {
        "mean": 6.05319738388,
        "var": 10.8518972397
    },
    "spectral_rms": {
        "mean": 0.00563640054315,
        "var": 2.61721061179e-006
    },
    "spectral_rolloff": {
        "mean": 703.704284668,
        "var": 400157.125
    },
    "spectral_skewness": {
        "mean": 1.86496329308,
        "var": 0.211713150144
    },
    "spectral_spread": {
        "mean": 4026278,
        "var": 1.54165326643e+012
    },
    "spectral_strongpeak": {
        "mean": 2.03163838387,
        "var": 3.42988276482
    },
    "zerocrossingrate": {
        "mean": 0.0337512455881,
        "var": 0.00034954334842
    },
    "barkbands": {
        "mean": [8.4359653556e-006, 0.000599668419454, 0.00811737310141, 0.00587003398687, 0.00482088793069, 0.000528219447006, 0.00284109497443, 0.0010903243674, 0.00509905302897, 0.00352874468081, 0.00054137466941, 0.000154830384417, 0.000117780524306, 0.000489207566716, 0.000148799692397, 0.000606130226515, 7.82222559792e-005, 5.15448409715e-005, 0.000126326049212, 0.000118619645946, 0.0001917299669, 6.91167369951e-005, 2.21948375838e-005, 9.45178635448e-006, 1.04217151602e-005, 6.19570482741e-006, 1.61289776202e-007],
        "var": [2.28816174341e-010, 2.67218774752e-006, 0.000180057671969, 6.99505762896e-005, 3.79764496756e-005, 3.38903134889e-007, 2.45332885243e-005, 2.92372260446e-006, 8.43274465296e-005, 8.50101787364e-005, 7.40334144211e-006, 4.14268370719e-008, 2.06107575451e-008, 7.19665592896e-007, 3.53867648073e-007, 2.74019294011e-006, 2.60051962186e-008, 1.89006623685e-008, 2.70592703799e-008, 6.04884604627e-008, 4.47943108384e-007, 1.48751331253e-008, 6.68254340752e-010, 2.11327372268e-010, 4.84152495872e-010, 1.02045726036e-010, 8.55630670482e-014]
    },
    "erbbands": {
        "mean": [0.00557812443003, 0.306350767612, 6.4144244194, 17.1833972931, 20.0206336975, 14.4445104599, 8.15265846252, 3.34607720375, 13.4522924423, 70.7891921997, 25.591053009, 112.162574768, 94.4050140381, 120.388526917, 23.4498519897, 6.43304872513, 8.14394950867, 26.9038562775, 6.05745220184, 10.71971035, 39.6874580383, 6.43531608582, 3.22209787369, 4.12613248825, 9.48188304901, 5.59020423889, 9.71211910248, 4.00764989853, 2.0699877739, 1.08806037903, 0.672763586044, 0.234561502934, 0.154651731253, 0.119975365698, 0.0729358568788, 0.035502884537, 0.00987034849823, 0.00100039795507, 4.06264261983e-005, 4.11525143136e-005],
        "var": [8.94454642548e-005, 0.321177363396, 102.979034424, 404.235107422, 739.303527832, 305.004699707, 67.4664916992, 19.3599033356, 1015.92541504, 18153.7109375, 986.848144531, 46273.9375, 47624.9609375, 118857.640625, 7231.51757813, 44.5910415649, 80.0223007202, 2149.52441406, 76.3242416382, 1506.14233398, 12941.1767578, 124.345367432, 38.20570755, 26.2209587097, 212.213043213, 48.9532165527, 745.141784668, 858.962402344, 20.9716567993, 2.1022439003, 0.786944508553, 0.10250852257, 0.0909500792623, 0.109001137316, 0.0209350753576, 0.00272336089984, 0.000475507782539, 3.2980387914e-006, 1.82975024021e-009, 5.09030206874e-010]
    },
    "gfcc": {
        "mean": [-27.376789093, 112.495872498, -113.262283325, 30.4875488281, -62.2427749634, 3.89296841621, -28.7141799927, -1.69776046276, -34.669467926, -8.01501369476, -34.9496765137, -16.8326015472, -16.9158592224],
        "cov": [[2111.04052734, -542.267211914, -332.068878174, 33.8432350159, -86.7829360962, 81.2823791504, 85.5650100708, 199.236541748, -99.1259231567, -73.509552002, -310.558319092, 50.6780128479, 95.6556472778], [-542.267211914, 873.127258301, 186.787490845, -27.7681045532, 144.891387939, -114.892669678, -86.5254440308, -188.493240356, 196.696975708, 162.601821899, 327.437927246, -164.839172363, -179.698303223], [-332.068878174, 186.787490845, 358.378234863, 81.3245162964, 36.5631141663, 37.8438339233, -36.1265602112, -66.4577713013, -13.1485939026, 22.8389434814, 83.6262207031, -22.9081287384, -45.7384910583], [33.8432350159, -27.7681045532, 81.3245162964, 130.96043396, 50.7080459595, 39.6477127075, 44.5318145752, -8.40671157837, -36.5005073547, -47.7635536194, -31.4138851166, 21.5814781189, 37.332988739], [-86.7829360962, 144.891387939, 36.5631141663, 50.7080459595, 195.024978638, 66.6694869995, 36.8368339539, -34.0277328491, 7.34392976761, -12.0611095428, 40.3161430359, -4.47944021225, 2.42943811417], [81.2823791504, -114.892669678, 37.8438339233, 39.6477127075, 66.6694869995, 175.286605835, 76.8101119995, 11.573882103, -78.3568496704, -55.6952667236, -23.4282188416, 58.8110237122, 57.0312576294], [85.5650100708, -86.5254440308, -36.1265602112, 44.5318145752, 36.8368339539, 76.8101119995, 214.203155518, 53.3567695618, -41.4486541748, -81.3615341187, -85.915222168, 30.3043842316, 63.6037483215], [199.236541748, -188.493240356, -66.4577713013, -8.40671157837, -34.0277328491, 11.573882103, 53.3567695618, 145.200576782, 24.0521316528, -37.2317619324, -125.043548584, 8.56943798065, 38.3886260986], [-99.1259231567, 196.696975708, -13.1485939026, -36.5005073547, 7.34392976761, -78.3568496704, -41.4486541748, 24.0521316528, 183.537017822, 94.0631866455, 32.9976196289, -101.556159973, -100.399307251], [-73.509552002, 162.601821899, 22.8389434814, -47.7635536194, -12.0611095428, -55.6952667236, -81.3615341187, -37.2317619324, 94.0631866455, 206.679016113, 169.531570435, -75.8598098755, -144.093032837], [-310.558319092, 327.437927246, 83.6262207031, -31.4138851166, 40.3161430359, -23.4282188416, -85.915222168, -125.043548584, 32.9976196289, 169.531570435, 314.868621826, -25.5426502228, -130.901901245], [50.6780128479, -164.839172363, -22.9081287384, 21.5814781189, -4.47944021225, 58.8110237122, 30.3043842316, 8.56943798065, -101.556159973, -75.8598098755, -25.5426502228, 146.355041504, 112.781730652], [95.6556472778, -179.698303223, -45.7384910583, 37.332988739, 2.42943811417, 57.0312576294, 63.6037483215, 38.3886260986, -100.399307251, -144.093032837, -130.901901245, 112.781730652, 207.143981934]],
        "icov": [[0.00087995902868, -0.000907657318749, 0.0012485338375, -0.00117901549675, 0.000582983659115, -0.000958815042395, 0.000612319738138, -0.00118762732018, 0.00180214748252, -0.00150071957614, 0.00183416472282, -0.000448048842372, 0.000816218962427], [-0.000907657318749, 0.00877779256552, -0.00419986341149, 0.0039860829711, -0.00407118955627, 0.0046055894345, -0.00296446820721, 0.00638094497845, -0.00974032003433, 0.00656225346029, -0.00988616608083, 0.00568478833884, -0.0046031344682], [0.0012485338375, -0.00419986341149, 0.0070418487303, -0.00584220467135, 0.00289668818004, -0.00423762761056, 0.00284804566763, -0.00302430638112, 0.00542560219765, -0.00309513742104, 0.00433262065053, -0.00132506992668, 0.00314262695611], [-0.00117901549675, 0.0039860829711, -0.00584220467135, 0.0146897528321, -0.00489703286439, 0.0035658327397, -0.00355659029447, 0.00437023071572, -0.00413093017414, 0.00353506044485, -0.00318200537004, 0.001322783879, -0.00285143242218], [0.000582983659115, -0.00407118955627, 0.00289668818004, -0.00489703286439, 0.0101123442873, -0.00605261372402, 0.000999697949737, -0.00124042050447, 0.00157567602582, -0.00116722064558, 0.00251428526826, -0.00110564997885, 0.00133455055766], [-0.000958815042395, 0.0046055894345, -0.00423762761056, 0.0035658327397, -0.00605261372402, 0.0132182948291, -0.00404775282368, 0.00162638060283, -0.00170693499967, 0.00311272637919, -0.00530474307016, 0.00077886384679, -0.0022054342553], [0.000612319738138, -0.00296446820721, 0.00284804566763, -0.00355659029447, 0.000999697949737, -0.00404775282368, 0.00824808422476, -0.0045780511573, 0.00404667388648, -0.000744403747376, 0.00318785547279, -0.000655426061712, 0.00164887134451], [-0.00118762732018, 0.00638094497845, -0.00302430638112, 0.00437023071572, -0.00124042050447, 0.00162638060283, -0.0045780511573, 0.0193127337843, -0.0120013123378, 0.00236872863024, -0.001241074875, 0.000944736064412, -0.00344589259475], [0.00180214748252, -0.00974032003433, 0.00542560219765, -0.00413093017414, 0.00157567602582, -0.00170693499967, 0.00404667388648, -0.0120013123378, 0.0246088691056, -0.0112435668707, 0.0121590066701, -0.00120730267372, 0.00654094666243], [-0.00150071957614, 0.00656225346029, -0.00309513742104, 0.00353506044485, -0.00116722064558, 0.00311272637919, -0.000744403747376, 0.00236872863024, -0.0112435668707, 0.0219745524228, -0.015998378396, 0.0061150114052, 0.00040850014193], [0.00183416472282, -0.00988616608083, 0.00433262065053, -0.00318200537004, 0.00251428526826, -0.00530474307016, 0.00318785547279, -0.001241074875, 0.0121590066701, -0.015998378396, 0.0234246775508, -0.0113436151296, 0.00853264238685], [-0.000448048842372, 0.00568478833884, -0.00132506992668, 0.001322783879, -0.00110564997885, 0.00077886384679, -0.000655426061712, 0.000944736064412, -0.00120730267372, 0.0061150114052, -0.0113436151296, 0.0212863292545, -0.0106572713703], [0.000816218962427, -0.0046031344682, 0.00314262695611, -0.00285143242218, 0.00133455055766, -0.0022054342553, 0.00164887134451, -0.00344589259475, 0.00654094666243, 0.00040850014193, 0.00853264238685, -0.0106572713703, 0.0170380938798]]
    },
    "melbands": {
        "mean": [9.27047367441e-005, 0.00241174502298, 0.00316086830571, 0.00126691150945, 0.000337977602612, 7.32605403755e-005, 0.000293405231787, 0.000662940146867, 0.000262238347204, 0.000718528346624, 0.000448029546533, 0.00050700455904, 8.92187817954e-005, 2.15501204366e-005, 9.34776289796e-006, 3.21300431096e-005, 4.72853680549e-005, 7.04736430635e-006, 1.09803677333e-005, 1.68882052094e-005, 5.18863998877e-005, 3.68894075109e-006, 3.32635113409e-006, 3.07243681164e-006, 2.84521320282e-006, 6.76695526636e-006, 5.89101864534e-006, 2.46160948336e-006, 8.32092609926e-006, 1.81440543656e-006, 2.62505932369e-006, 1.30331045511e-006, 8.34308366393e-007, 4.73787906685e-007, 4.6141011012e-007, 1.7671874275e-007, 1.25700637454e-007, 1.17030161562e-007, 8.40073752784e-008, 1.04350732499e-007],
        "var": [6.03456413728e-008, 1.48527633428e-005, 1.13216910904e-005, 2.61960781245e-006, 1.08086517514e-007, 9.44725275787e-009, 3.28290639118e-007, 1.5820032786e-006, 2.13022417483e-007, 1.67588939348e-006, 1.20137929116e-006, 2.25090707318e-006, 1.62673686077e-007, 8.79314510094e-010, 1.39377634434e-010, 2.39364750243e-009, 6.63161747738e-009, 1.43605544123e-010, 2.49479636949e-009, 1.41300571244e-009, 2.314595271e-008, 8.05481376043e-011, 4.23748675038e-011, 9.79484479635e-011, 1.87959630499e-011, 8.88474779859e-011, 2.08692979564e-010, 1.0354671981e-011, 6.61614818487e-010, 2.10982654958e-011, 5.38994349153e-010, 5.59294624503e-012, 1.21602164102e-012, 3.70753585168e-013, 4.43446820063e-013, 4.13779084509e-014, 4.33828252727e-014, 7.42396121249e-014, 3.08286450296e-014, 9.54353919025e-014]
    },
    "mfcc": {
        "mean": [-679.034851074, 140.356124878, 6.25566625595, 32.3605651855, -11.8912324905, 9.01434326172, 0.366854518652, -1.63781189919, 2.01091647148, 1.18708539009, -7.67680549622, -12.9336309433, -9.2418050766],
        "cov": [[1470.11535645, -515.75189209, -185.3384552, -38.3469619751, -125.072227478, -45.7860603333, 3.87288236618, 123.163780212, 208.404678345, 70.4126968384, -128.484985352, -164.808517456, -54.9156074524], [-515.75189209, 819.973388672, 73.1203918457, 26.6762466431, 126.914253235, 25.6460075378, -49.7637214661, -188.179031372, -199.984939575, 11.2181472778, 219.529693604, 249.600097656, 110.252815247], [-185.3384552, 73.1203918457, 228.587661743, 29.4044532776, 54.2814826965, 21.4082736969, 15.519616127, -33.6320304871, -41.0463447571, -27.5576572418, 26.5372638702, 33.7175521851, -2.55836892128], [-38.3469619751, 26.6762466431, 29.4044532776, 135.438476563, 4.47688150406, 19.99310112, -2.99809145927, 14.3697404861, 19.9585208893, 7.17979717255, -0.227930605412, -5.73069620132, -6.60806369781], [-125.072227478, 126.914253235, 54.2814826965, 4.47688150406, 159.90776062, 42.9458656311, 15.7447824478, -31.1968593597, -46.681137085, -18.8431491852, 17.9337825775, 38.8133354187, 24.8933067322], [-45.7860603333, 25.6460075378, 21.4082736969, 19.99310112, 42.9458656311, 146.917114258, 101.296607971, 54.5314445496, 3.79751706123, -26.1719856262, -51.9778823853, -30.9869232178, 3.18749809265], [3.87288236618, -49.7637214661, 15.519616127, -2.99809145927, 15.7447824478, 101.296607971, 186.755050659, 88.8110809326, 8.22504806519, -49.3657264709, -90.2005462646, -60.462474823, 1.8385797739], [123.163780212, -188.179031372, -33.6320304871, 14.3697404861, -31.1968593597, 54.5314445496, 88.8110809326, 207.146102905, 132.994018555, -22.2824954987, -144.515258789, -131.640365601, -48.4662284851], [208.404678345, -199.984939575, -41.0463447571, 19.9585208893, -46.681137085, 3.79751706123, 8.22504806519, 132.994018555, 229.873199463, 45.3202209473, -105.707550049, -111.430389404, -70.215057373], [70.4126968384, 11.2181472778, -27.5576572418, 7.17979717255, -18.8431491852, -26.1719856262, -49.3657264709, -22.2824954987, 45.3202209473, 115.093017578, 69.0251235962, 25.4238014221, -7.70296287537], [-128.484985352, 219.529693604, 26.5372638702, -0.227930605412, 17.9337825775, -51.9778823853, -90.2005462646, -144.515258789, -105.707550049, 69.0251235962, 261.660095215, 189.267700195, 48.5017089844], [-164.808517456, 249.600097656, 33.7175521851, -5.73069620132, 38.8133354187, -30.9869232178, -60.462474823, -131.640365601, -111.430389404, 25.4238014221, 189.267700195, 225.996917725, 85.5057525635], [-54.9156074524, 110.252815247, -2.55836892128, -6.60806369781, 24.8933067322, 3.18749809265, 1.8385797739, -48.4662284851, -70.215057373, -7.70296287537, 48.5017089844, 85.5057525635, 114.60823822]],
        "icov": [[0.00100224348716, 0.000509176636115, 0.000500858004671, 0.000109256739961, 7.79160618549e-005, 8.9254208433e-005, -0.000141361146234, 0.000263436028035, -0.000475929497043, -0.000380492594559, -2.87068723992e-005, 0.000167186255567, -0.000327583984472], [0.000509176636115, 0.00247947592288, 0.000300293118926, -0.000451335421531, -0.000834674981888, -0.000779843947385, 0.000167625112226, 0.000547554402146, 0.000500641646795, -0.000372448761482, -0.000168802027474, -0.00149440194946, -0.000260693224845], [0.000500858004671, 0.000300293118926, 0.00565545167774, -0.00121496338397, -0.00136125425342, -3.7853998947e-005, -0.000888090813532, 0.00110917363781, -0.000343044666806, 0.00134264258668, -0.000465205783257, -0.000642974977382, 0.00134397635702], [0.000109256739961, -0.000451335421531, -0.00121496338397, 0.00824761390686, 0.000432682689279, -0.00158990360796, 0.00125395634677, -0.000745335768443, -0.000841860135552, -0.000277129176538, -0.000501061906107, 0.00073455175152, -0.000320490769809], [7.79160618549e-005, -0.000834674981888, -0.00136125425342, 0.000432682689279, 0.00838305428624, -0.002534939209, 0.000540906446986, 0.000731838284992, 0.000107948799268, 0.000433648528997, 0.0007320077857, -0.00044369592797, -0.00049814285012], [8.9254208433e-005, -0.000779843947385, -3.7853998947e-005, -0.00158990360796, -0.002534939209, 0.0128144212067, -0.00611669616774, -0.00143211102113, 0.000322453881381, -0.000873515382409, 0.000638815457933, 0.000332976866048, 7.24106394046e-006], [-0.000141361146234, 0.000167625112226, -0.000888090813532, 0.00125395634677, 0.000540906446986, -0.00611669616774, 0.0113273607567, -0.00370777887292, 0.00197375868447, 0.00107934884727, 0.00103434664197, 0.000265135255177, -0.00122733437456], [0.000263436028035, 0.000547554402146, 0.00110917363781, -0.000745335768443, 0.000731838284992, -0.00143211102113, -0.00370777887292, 0.0135487038642, -0.00619350746274, 0.00236438401043, 0.000895373988897, 0.00201106863096, -0.000263693684246], [-0.000475929497043, 0.000500641646795, -0.000343044666806, -0.000841860135552, 0.000107948799268, 0.000322453881381, 0.00197375868447, -0.00619350746274, 0.0119455456734, -0.00653040455654, 0.0039687869139, -0.00179145659786, 0.00308744749054], [-0.000380492594559, -0.000372448761482, 0.00134264258668, -0.000277129176538, 0.000433648528997, -0.000873515382409, 0.00107934884727, 0.00236438401043, -0.00653040455654, 0.0164299216121, -0.00741094024852, 0.00282660499215, -0.000766537035815], [-2.87068723992e-005, -0.000168802027474, -0.000465205783257, -0.000501061906107, 0.0007320077857, 0.000638815457933, 0.00103434664197, 0.000895373988897, 0.0039687869139, -0.00741094024852, 0.0153780868277, -0.0104310531169, 0.00350238848478], [0.000167186255567, -0.00149440194946, -0.000642974977382, 0.00073455175152, -0.00044369592797, 0.000332976866048, 0.000265135255177, 0.00201106863096, -0.00179145659786, 0.00282660499215, -0.0104310531169, 0.018037231639, -0.00747118983418], [-0.000327583984472, -0.000260693224845, 0.00134397635702, -0.000320490769809, -0.00049814285012, 7.24106394046e-006, -0.00122733437456, -0.000263693684246, 0.00308744749054, -0.000766537035815, 0.00350238848478, -0.00747118983418, 0.0147787416354]]
    },
    "spectral_contrast_coeffs": {
        "mean": [-0.513849616051, -0.654407024384, -0.632697820663, -0.721450150013, -0.743131518364, -0.733021616936],
        "var": [0.00489062862471, 0.00734116276726, 0.0105201015249, 0.00301098753698, 0.00196073809639, 0.000810836849269]
    },
    "spectral_contrast_valleys": {
        "mean": [-7.65785360336, -7.46590614319, -8.19233226776, -8.75668048859, -8.48190402985, -11.0748090744],
        "var": [0.515898048878, 0.480416506529, 0.430178046227, 0.377216786146, 0.458803623915, 0.550828337669]
    }
},
"metadata": {
    "audio_properties": {
        "analysis_sample_rate": 44100,
        "bit_rate": 128074,
        "equal_loudness": 0,
        "length": 45.0612258911,
        "lossless": 0,
        "replay_gain": -3.78603363037,
        "sample_rate": 44100,
        "codec": "mp3",
        "downmix": "mix",
        "md5_encoded": "d58f80e11a6042db6dc9d17b0890c945"
    },
    "tags": {
        "file_name": "1281.mp3"
    },
    "version": {
        "essentia": "2.1-beta2",
        "essentia_git_sha": "v2.1_beta2",
        "extractor": "music 1.0"
    }
},
"rhythm": {
    "beats_count": 88,
    "beats_loudness": {
        "mean": 0.0473914705217,
        "var": 0.000614979828242
    },
    "bpm": 118.269584656,
    "bpm_histogram_first_peak_bpm": {
        "mean": 117,
        "var": 0
    },
    "bpm_histogram_first_peak_spread": {
        "mean": 0.533333361149,
        "var": 0
    },
    "bpm_histogram_first_peak_weight": {
        "mean": 0.4022988379,
        "var": 0
    },
    "bpm_histogram_second_peak_bpm": {
        "mean": 112,
        "var": 0
    },
    "bpm_histogram_second_peak_spread": {
        "mean": 0.124999962747,
        "var": 0
    },
    "bpm_histogram_second_peak_weight": {
        "mean": 0.0804597735405,
        "var": 0
    },
    "danceability": 1.25574076176,
    "onset_rate": 3.54912447929,
    "beats_loudness_band_ratio": {
        "mean": [0.479744881392, 0.170566514134, 0.251439839602, 0.113756887615, 0.0317438319325, 0.0151306679472],
        "var": [0.0707921683788, 0.0330143794417, 0.0565721727908, 0.0349616445601, 0.00317164813168, 0.000210971469642]
    },
    "beats_position": [0.522448956966, 1.06811785698, 1.57895684242, 2.08979582787, 2.60063481331, 3.08825397491, 3.58748292923, 4.08671188354, 4.59755086899, 5.0967798233, 5.59600877762, 6.13006782532, 6.66412687302, 7.19818592072, 7.69741487503, 8.20825386047, 8.71909236908, 9.21832180023, 9.71755123138, 10.2167797089, 10.7276191711, 11.2268476486, 11.749297142, 12.2601356506, 12.7709751129, 13.2818136215, 13.8158731461, 14.3383216858, 14.8607711792, 15.3716096878, 15.8824491501, 16.3932876587, 16.8809070587, 17.391746521, 17.8909740448, 18.4018135071, 18.9010429382, 19.4118824005, 19.9111099243, 20.4219493866, 20.9211788177, 21.4204082489, 21.9196376801, 22.4072551727, 22.9064846039, 23.405714035, 23.9165534973, 24.4157810211, 24.9150104523, 25.4258499146, 25.9250793457, 26.4243087769, 26.9351463318, 27.4343757629, 27.9452152252, 28.4676647186, 28.9901123047, 29.5125617981, 30.0350112915, 30.5690689087, 31.1031284332, 31.6023578644, 32.1015853882, 32.6008148193, 33.111656189, 33.6224937439, 34.121723175, 34.6209526062, 35.1317901611, 35.6426315308, 36.1534690857, 36.6875267029, 37.1983680725, 37.6859855652, 38.1968231201, 38.6960525513, 39.1952819824, 39.6945114136, 40.1937408447, 40.7045783997, 41.2154197693, 41.7262573242, 42.2370948792, 42.7479362488, 43.2587738037, 43.7696151733, 44.2920608521, 44.8145103455]
},
"tonal": {
    "chords_changes_rate": 0.0267489720136,
    "chords_number_rate": 0.00720164598897,
    "chords_strength": {
        "mean": 0.546443402767,
        "var": 0.0069569167681
    },
    "hpcp_entropy": {
        "mean": 1.27537441254,
        "var": 0.379045069218
    },
    "key_strength": 0.669332444668,
    "tuning_diatonic_strength": 0.488583236933,
    "tuning_equal_tempered_deviation": 0.0305888317525,
    "tuning_frequency": 445.112548828,
    "tuning_nontempered_energy_ratio": 0.622755289078,
    "hpcp": {
        "mean": [0.243437454104, 0.105694912374, 0.0216038562357, 0.0231579337269, 0.0434422753751, 0.236080855131, 0.382354021072, 0.194478467107, 0.0230997670442, 0.00917849503458, 0.00957507360727, 0.0569843053818, 0.0855333134532, 0.0396305285394, 0.0618734173477, 0.131180807948, 0.0809664279222, 0.00883501116186, 0.0034894712735, 0.0201126635075, 0.156591787934, 0.256768316031, 0.138143092394, 0.0292155966163, 0.0195416305214, 0.031429477036, 0.139347761869, 0.204259186983, 0.11148686707, 0.0707582607865, 0.0769546329975, 0.0389011241496, 0.0164555348456, 0.0186377316713, 0.0389148369431, 0.177507683635],
        "var": [0.140141293406, 0.0300891250372, 0.00577681185678, 0.00713976379484, 0.014562192373, 0.0846031755209, 0.196519762278, 0.0682735964656, 0.00707202916965, 0.00455320393667, 0.00196843524463, 0.0155172292143, 0.0337818562984, 0.00824254564941, 0.0176166594028, 0.0780321061611, 0.0337848626077, 0.00120448542293, 0.000401343480917, 0.00481912773103, 0.0686675012112, 0.159505337477, 0.0525220558047, 0.0104178152978, 0.00700919376686, 0.0109742851928, 0.0546114295721, 0.10571680963, 0.0298008862883, 0.0277417376637, 0.0444586798549, 0.014459932223, 0.00545207550749, 0.00566976377741, 0.0116667915136, 0.0797204747796]
    },
    "chords_histogram": [16.3580245972, 1.23456788063, 38.1687240601, 15.7407407761, 15.7407407761, 10.8024692535, 0, 1.44032919407, 0, 0.514403283596, 0, 0, 0, 0, 0, 0, 0, 0, 0, 0, 0, 0, 0, 0],
    "thpcp": [1, 0.508634567261, 0.0604146048427, 0.0240052267909, 0.0250424295664, 0.149035453796, 0.223701879382, 0.103648781776, 0.161822333932, 0.343087285757, 0.211757749319, 0.0231068879366, 0.00912628415972, 0.0526022017002, 0.409546583891, 0.671545982361, 0.36129629612, 0.0764098092914, 0.0511087365448, 0.0821999385953, 0.36444696784, 0.53421485424, 0.291580200195, 0.185059547424, 0.201265394688, 0.101741112769, 0.0430374294519, 0.0487447008491, 0.101776979864, 0.464249551296, 0.636680781841, 0.276432067156, 0.0565022341907, 0.0605667307973, 0.113617934287, 0.617440521717],
    "chords_key": "B",
    "chords_scale": "minor",
    "key_key": "E",
    "key_scale": "minor"
}
}