{
"lowlevel": {
    "average_loudness": 0.976619422436,
    "barkbands_crest": {
        "mean": 9.93544769287,
        "var": 14.996884346
    },
    "barkbands_flatness_db": {
        "mean": 0.111303344369,
        "var": 0.000686988176312
    },
    "barkbands_kurtosis": {
        "mean": 0.421335458755,
        "var": 6.44919919968
    },
    "barkbands_skewness": {
        "mean": 0.904097437859,
        "var": 0.619261205196
    },
    "barkbands_spread": {
        "mean": 33.6418380737,
        "var": 89.6229858398
    },
    "dissonance": {
        "mean": 0.479768157005,
        "var": 0.000201879127417
    },
    "dynamic_complexity": 0.909126341343,
    "erbbands_crest": {
        "mean": 9.61648368835,
        "var": 19.6722946167
    },
    "erbbands_flatness_db": {
        "mean": 0.154303386807,
        "var": 0.00102511548903
    },
    "erbbands_kurtosis": {
        "mean": 0.128805905581,
        "var": 1.11992383003
    },
    "erbbands_skewness": {
        "mean": -0.0490583702922,
        "var": 0.148760259151
    },
    "erbbands_spread": {
        "mean": 34.0024032593,
        "var": 139.07711792
    },
    "hfc": {
        "mean": 37.0360450745,
        "var": 218.322937012
    },
    "melbands_crest": {
        "mean": 15.0879297256,
        "var": 26.47797966
    },
    "melbands_flatness_db": {
        "mean": 0.163013502955,
        "var": 0.00161200144794
    },
    "melbands_kurtosis": {
        "mean": 6.477891922,
        "var": 88.7537307739
    },
    "melbands_skewness": {
        "mean": 2.13605856895,
        "var": 1.51214897633
    },
    "melbands_spread": {
        "mean": 35.9021263123,
        "var": 219.336959839
    },
    "pitch_salience": {
        "mean": 0.483445823193,
        "var": 0.00876728910953
    },
    "silence_rate_20dB": {
        "mean": 1,
        "var": 0
    },
    "silence_rate_30dB": {
        "mean": 0.969618976116,
        "var": 0.0294581558555
    },
    "silence_rate_60dB": {
        "mean": 0.00154479919001,
        "var": 0.00154241069686
    },
    "spectral_centroid": {
        "mean": 2135.29492188,
        "var": 226093.5
    },
    "spectral_complexity": {
        "mean": 30.8928947449,
        "var": 40.540512085
    },
    "spectral_decrease": {
        "mean": -1.08771196494e-008,
        "var": 4.57303095881e-017
    },
    "spectral_energy": {
        "mean": 0.0444119945168,
        "var": 0.000682799960487
    },
    "spectral_energyband_high": {
        "mean": 0.00198315805756,
        "var": 2.31082071878e-006
    },
    "spectral_energyband_low": {
        "mean": 0.02286577411,
        "var": 0.000574000645429
    },
    "spectral_energyband_middle_high": {
        "mean": 0.011953397654,
        "var": 2.8023008781e-005
    },
    "spectral_energyband_middle_low": {
        "mean": 0.00863405223936,
        "var": 3.95264396502e-005
    },
    "spectral_entropy": {
        "mean": 7.79420518875,
        "var": 0.0308039989322
    },
    "spectral_flux": {
        "mean": 0.112683571875,
        "var": 0.00228982185945
    },
    "spectral_kurtosis": {
        "mean": 2.79363965988,
        "var": 1.49621880054
    },
    "spectral_rms": {
        "mean": 0.00635279156268,
        "var": 2.9708251077e-006
    },
    "spectral_rolloff": {
        "mean": 1902.93029785,
        "var": 1184450.625
    },
    "spectral_skewness": {
        "mean": 1.07074332237,
        "var": 0.0841715782881
    },
    "spectral_spread": {
        "mean": 4159672,
        "var": 1.37214807245e+012
    },
    "spectral_strongpeak": {
        "mean": 1.0630916357,
        "var": 2.83230566978
    },
    "zerocrossingrate": {
        "mean": 0.0708719342947,
        "var": 0.000454336957773
    },
    "barkbands": {
        "mean": [0.000796941807494, 0.0168579034507, 0.00450414791703, 0.00104460655712, 0.00195211428218, 0.00145393307321, 0.00147509330418, 0.00118070945609, 0.000973194080871, 0.00106541742571, 0.0013999765506, 0.00171929481439, 0.00286485813558, 0.000861095788423, 0.00107202923391, 0.000645741936751, 0.000688374333549, 0.000476021145005, 0.000690557062626, 0.00137527112383, 0.000480769434944, 0.000366799999028, 0.000206497046747, 0.000142114615301, 6.41642109258e-005, 5.2809547924e-005, 1.59073965733e-006],
        "var": [2.78036281998e-006, 0.000372939713998, 3.45662665495e-005, 3.15653778671e-006, 9.20050479181e-006, 5.39589791515e-006, 6.46367152513e-006, 2.31659123529e-006, 1.27356850044e-006, 1.6808453438e-006, 5.00500527778e-006, 5.88393049838e-006, 1.28291085275e-005, 1.77800882284e-006, 5.86787882639e-006, 5.90742899931e-007, 8.12544044493e-007, 1.42150199167e-007, 2.40757913161e-007, 1.27806436012e-006, 2.23952426381e-007, 1.37567724323e-007, 5.58024026986e-008, 3.45394397527e-008, 1.04521049593e-008, 3.47917321619e-008, 5.84575374218e-011]
    },
    "erbbands": {
        "mean": [0.546147227287, 3.48825669289, 5.69071912766, 4.75425577164, 4.9282541275, 6.03393411636, 7.22923612595, 13.5546836853, 22.2745189667, 21.6775779724, 24.331659317, 22.5951805115, 36.4622306824, 34.3370513916, 63.1599693298, 82.8797683716, 124.495544434, 74.1104278564, 66.2914352417, 31.0386676788, 39.3912811279, 33.0734939575, 24.2676944733, 30.1015472412, 46.902545929, 63.9633026123, 30.810131073, 16.9597301483, 13.1163444519, 8.74335670471, 5.17759466171, 3.77974653244, 1.77539432049, 0.74259853363, 0.472033202648, 0.276553243399, 0.0852894634008, 0.00960006471723, 0.000252031779382, 6.2725841417e-005],
        "var": [0.714848458767, 12.9538192749, 44.5839233398, 38.6044387817, 82.7475509644, 77.0821456909, 97.7604980469, 684.395507813, 1605.74951172, 751.560302734, 919.227966309, 640.092529297, 2254.91235352, 1750.94616699, 8936.28515625, 11991.2705078, 21548.2597656, 5994.41650391, 20379.4140625, 1249.33728027, 1786.33276367, 1546.67004395, 378.790161133, 469.258300781, 1147.9597168, 2469.3972168, 599.146179199, 323.233642578, 187.240966797, 113.364234924, 36.973941803, 28.0167446136, 4.2877779007, 0.826448738575, 0.933154284954, 0.744999289513, 0.119490332901, 0.00150830554776, 9.90245553112e-007, 2.34324160076e-009]
    },
    "gfcc": {
        "mean": [53.0172386169, 88.765411377, -138.124099731, 52.0721206665, -56.1037940979, 28.8743858337, -21.4406738281, 11.9279251099, -22.1467094421, 11.6124048233, -3.80377006531, -3.22421765327, -9.29675197601],
        "cov": [[1725.34326172, -257.364257813, 286.68737793, 8.30072021484, 51.2924079895, 77.1595916748, -38.8577384949, 52.9234352112, -66.9882583618, 100.871101379, -140.860595703, 82.3224716187, -115.677101135], [-257.364257813, 459.088378906, -195.695297241, 34.9502487183, 24.623090744, -50.896194458, 37.7248954773, -45.8745002747, 51.5953063965, -75.5793380737, 105.621498108, -76.7150726318, 89.6070709229], [286.68737793, -195.695297241, 490.87020874, -19.6284484863, 106.861740112, 20.8787403107, -11.0996198654, 66.3763275146, -73.8227233887, 76.4251480103, -97.9162979126, 89.4650878906, -93.2992324829], [8.30072021484, 34.9502487183, -19.6284484863, 182.436264038, -1.65184211731, 28.7013168335, 61.3800354004, -24.2097625732, 38.2272758484, -22.8167304993, 44.6314430237, -14.1510238647, 10.4087266922], [51.2924079895, 24.623090744, 106.861740112, -1.65184211731, 197.210754395, 59.8025283813, 17.3059673309, 34.1275596619, 7.65112495422, 21.8707904816, -40.1488265991, 8.09840583801, -13.4206285477], [77.1595916748, -50.896194458, 20.8787403107, 28.7013168335, 59.8025283813, 127.505455017, 25.5753917694, 23.1387310028, 26.0579719543, 14.610449791, -13.1318368912, -10.7679042816, -8.82467937469], [-38.8577384949, 37.7248954773, -11.0996198654, 61.3800354004, 17.3059673309, 25.5753917694, 123.745048523, 10.3480796814, 12.1406326294, -14.3519306183, 31.3657646179, 0.343552321196, 3.91659331322], [52.9234352112, -45.8745002747, 66.3763275146, -24.2097625732, 34.1275596619, 23.1387310028, 10.3480796814, 97.8007278442, -2.65259861946, 11.2650241852, -17.590669632, 14.8314170837, 0.630032241344], [-66.9882583618, 51.5953063965, -73.8227233887, 38.2272758484, 7.65112495422, 26.0579719543, 12.1406326294, -2.65259861946, 117.751838684, 24.7589149475, 18.2984371185, -27.4706287384, 9.54812145233], [100.871101379, -75.5793380737, 76.4251480103, -22.8167304993, 21.8707904816, 14.610449791, -14.3519306183, 11.2650241852, 24.7589149475, 95.3697967529, 1.60898125172, 16.4617824554, -29.4073047638], [-140.860595703, 105.621498108, -97.9162979126, 44.6314430237, -40.1488265991, -13.1318368912, 31.3657646179, -17.590669632, 18.2984371185, 1.60898125172, 120.62928009, 1.7420886755, 35.8097915649], [82.3224716187, -76.7150726318, 89.4650878906, -14.1510238647, 8.09840583801, -10.7679042816, 0.343552321196, 14.8314170837, -27.4706287384, 16.4617824554, 1.7420886755, 85.9190139771, -0.810296654701], [-115.677101135, 89.6070709229, -93.2992324829, 10.4087266922, -13.4206285477, -8.82467937469, 3.91659331322, 0.630032241344, 9.54812145233, -29.4073047638, 35.8097915649, -0.810296654701, 80.7468414307]],
        "icov": [[0.000914741540328, -0.000895068456884, 0.000517110747751, -0.00112204696052, 0.000693207257427, -0.000897742109373, 0.000399470416596, -0.00073223747313, 0.00127538153902, -0.00191970635206, 0.00209372211248, -0.00170698598959, 0.00125369837042], [-0.000895068456884, 0.00860756263137, -0.00242857541889, 0.00392221985385, -0.0050012790598, 0.00490487739444, -0.00155331380665, 0.00369365466759, -0.00522366305813, 0.00839982740581, -0.00977458897978, 0.00903194025159, -0.00629237852991], [0.000517110747751, -0.00242857541889, 0.00643265899271, -0.00369577342644, -0.000126708313474, -0.000789540645201, 0.000828940304928, -0.00358169316314, 0.00496174069121, -0.00635720649734, 0.0062548732385, -0.00671348115429, 0.00548205478117], [-0.00112204696052, 0.00392221985385, -0.00369577342644, 0.0116227017716, -0.00187357584946, 0.00066602329025, -0.0038913669996, 0.00504118716344, -0.0067226854153, 0.0088717630133, -0.00891290791333, 0.00604099640623, -0.00377845671028], [0.000693207257427, -0.0050012790598, -0.000126708313474, -0.00187357584946, 0.0100613068789, -0.00555654801428, -0.000163742399309, -0.00254549877718, 0.00235147494823, -0.00545460078865, 0.00733772246167, -0.00484248017892, 0.00216372357681], [-0.000897742109373, 0.00490487739444, -0.000789540645201, 0.00066602329025, -0.00555654801428, 0.0136229814962, -0.00218135677278, 0.000134561458253, -0.00404386222363, 0.00348874041811, -0.00458351988345, 0.00648927828297, -0.00321067939512], [0.000399470416596, -0.00155331380665, 0.000828940304928, -0.0038913669996, -0.000163742399309, -0.00218135677278, 0.0114724626765, -0.00289283855818, 0.00106023356784, 0.000444179662736, -0.000880311999936, -0.00277481949888, 0.00335490168072], [-0.00073223747313, 0.00369365466759, -0.00358169316314, 0.00504118716344, -0.00254549877718, 0.000134561458253, -0.00289283855818, 0.0151831200346, -0.0039701173082, 0.00460729887709, -0.00441231112927, 0.00408591842279, -0.00617761118338], [0.00127538153902, -0.00522366305813, 0.00496174069121, -0.0067226854153, 0.00235147494823, -0.00404386222363, 0.00106023356784, -0.0039701173082, 0.0175485983491, -0.0133086750284, 0.00864620041102, -0.00419022655115, 0.00335356383584], [-0.00191970635206, 0.00839982740581, -0.00635720649734, 0.0088717630133, -0.00545460078865, 0.00348874041811, 0.000444179662736, 0.00460729887709, -0.0133086750284, 0.0284540355206, -0.0169156622142, 0.0081952419132, -0.00162309233565], [0.00209372211248, -0.00977458897978, 0.0062548732385, -0.00891290791333, 0.00733772246167, -0.00458351988345, -0.000880311999936, -0.00441231112927, 0.00864620041102, -0.0169156622142, 0.0272345505655, -0.0137281278148, 0.00361976958811], [-0.00170698598959, 0.00903194025159, -0.00671348115429, 0.00604099640623, -0.00484248017892, 0.00648927828297, -0.00277481949888, 0.00408591842279, -0.00419022655115, 0.0081952419132, -0.0137281278148, 0.0271630510688, -0.0111563010141], [0.00125369837042, -0.00629237852991, 0.00548205478117, -0.00377845671028, 0.00216372357681, -0.00321067939512, 0.00335490168072, -0.00617761118338, 0.00335356383584, -0.00162309233565, 0.00361976958811, -0.0111563010141, 0.0251738615334]]
    },
    "melbands": {
        "mean": [0.00479296734557, 0.00364027661271, 0.000808032986242, 0.000431925698649, 0.000249798060395, 0.000304454297293, 0.000335022690706, 0.000238356136833, 0.000187317113159, 0.000145445097587, 0.000179468057468, 0.000127523526317, 0.000191176455701, 0.000230912322877, 0.000167358812178, 0.000316105375532, 0.000112273664854, 0.000100339908386, 5.9130929003e-005, 4.76663699374e-005, 4.59106267954e-005, 3.76987263735e-005, 2.38291286223e-005, 2.18287295866e-005, 2.35138286371e-005, 2.83928548015e-005, 4.58295908174e-005, 4.14053356508e-005, 2.24441409955e-005, 1.12767074825e-005, 9.53623748501e-006, 8.2030064732e-006, 5.335327387e-006, 4.79215486848e-006, 2.98179315905e-006, 2.57878446064e-006, 2.18195850721e-006, 1.30513274144e-006, 8.37508594032e-007, 5.5501237739e-007],
        "var": [3.83931292163e-005, 1.33748790176e-005, 9.73844407781e-007, 6.12029339209e-007, 9.33994428465e-008, 3.00796472175e-007, 3.44632383076e-007, 9.20358971257e-008, 5.32946309306e-008, 2.95729840616e-008, 5.59790613863e-008, 2.81050382966e-008, 8.97714045323e-008, 9.62669588489e-008, 4.21936192652e-008, 1.74506368467e-007, 1.96697271804e-008, 4.68082035354e-008, 1.40972780116e-008, 3.84865428416e-009, 3.41832762096e-009, 2.48548470694e-009, 5.83555148648e-010, 3.44243966666e-010, 3.68700320275e-010, 4.32313629339e-010, 2.05039696333e-009, 1.09604991749e-009, 4.46221087858e-010, 1.39321235104e-010, 1.20451454366e-010, 6.82246620309e-011, 4.85160800423e-011, 3.8127941776e-011, 1.41156392131e-011, 9.50570872016e-012, 1.28460618878e-011, 2.61216113843e-012, 8.96588901213e-013, 5.62834284387e-013]
    },
    "mfcc": {
        "mean": [-577.298583984, 103.433952332, -11.829366684, 29.4179000854, -3.32286453247, 17.5406093597, 14.6895437241, 5.26303005219, -1.16055464745, 11.2015886307, 3.41946411133, 9.65229225159, 5.60146045685],
        "cov": [[875.9765625, -105.883178711, 101.726661682, 20.87200737, 20.3429050446, 65.7755355835, -11.461558342, 9.87118434906, 21.1210289001, 18.8074893951, 15.5440244675, -7.88696622849, -14.8436632156], [-105.883178711, 357.338012695, -87.9209747314, -1.49890100956, 50.3192901611, -37.924495697, 25.2833766937, -18.0592250824, -0.0701880007982, -1.27102470398, -15.1682977676, -18.0808944702, 9.84045696259], [101.726661682, -87.9209747314, 238.871688843, 46.2542381287, 13.7530412674, 19.8797149658, 14.9595108032, 12.4038982391, -8.33178520203, -4.88370895386, 19.9043273926, 0.619283080101, 1.85858261585], [20.87200737, -1.49890100956, 46.2542381287, 144.098800659, -12.2690067291, 24.335609436, 26.2181053162, 20.9124832153, -8.2864818573, -9.63479709625, 2.16385388374, 20.3686466217, 15.0346107483], [20.3429050446, 50.3192901611, 13.7530412674, -12.2690067291, 156.565994263, 34.9278106689, 8.32147216797, 9.18356895447, 42.6361999512, 16.2190227509, 15.2343950272, 1.05080735683, -7.24019861221], [65.7755355835, -37.924495697, 19.8797149658, 24.335609436, 34.9278106689, 128.745285034, 5.47703886032, 13.7872104645, 20.1574211121, 26.1061420441, 24.6352939606, 15.1743431091, 3.35500621796], [-11.461558342, 25.2833766937, 14.9595108032, 26.2181053162, 8.32147216797, 5.47703886032, 118.800323486, 39.7244186401, 1.17002189159, -14.5800104141, -4.08514261246, 11.4409618378, 20.2000541687], [9.87118434906, -18.0592250824, 12.4038982391, 20.9124832153, 9.18356895447, 13.7872104645, 39.7244186401, 88.8662033081, 29.3086204529, -5.46803236008, -2.12289118767, 2.56075263023, -0.398332566023], [21.1210289001, -0.0701880007982, -8.33178520203, -8.2864818573, 42.6361999512, 20.1574211121, 1.17002189159, 29.3086204529, 84.3483657837, 32.4317855835, 5.53883743286, 0.347230315208, -7.58629989624], [18.8074893951, -1.27102470398, -4.88370895386, -9.63479709625, 16.2190227509, 26.1061420441, -14.5800104141, -5.46803236008, 32.4317855835, 80.9060821533, 32.823059082, -4.27761554718, -8.46751308441], [15.5440244675, -15.1682977676, 19.9043273926, 2.16385388374, 15.2343950272, 24.6352939606, -4.08514261246, -2.12289118767, 5.53883743286, 32.823059082, 65.7206420898, 25.0156421661, 2.41820859909], [-7.88696622849, -18.0808944702, 0.619283080101, 20.3686466217, 1.05080735683, 15.1743431091, 11.4409618378, 2.56075263023, 0.347230315208, -4.27761554718, 25.0156421661, 80.4658279419, 42.2776985168], [-14.8436632156, 9.84045696259, 1.85858261585, 15.0346107483, -7.24019861221, 3.35500621796, 20.2000541687, -0.398332566023, -7.58629989624, -8.46751308441, 2.41820859909, 42.2776985168, 75.5617675781]],
        "icov": [[0.00126786250621, 0.000229938261327, -0.000426483427873, -4.92001636303e-005, -3.62381797459e-005, -0.000499489309732, 9.97900933726e-005, 8.71796146384e-005, -0.000242959082243, -2.91052892862e-005, 3.9743805246e-005, 0.000212297774851, 8.41772998683e-005], [0.000229938261327, 0.0038862740621, 0.0015520445304, -0.000939056277275, -0.0018810207257, 0.00127584266011, -0.00108033674769, 0.00108106550761, 0.000283552071778, -0.000246334733674, -0.000171788778971, 0.00169153138995, -0.00119471992366], [-0.000426483427873, 0.0015520445304, 0.00560912536457, -0.00185367476661, -0.00127054948825, 0.000463666714495, -0.000638366327621, 6.42819868517e-005, 0.000713481218554, 0.000908663030714, -0.00233432254754, 0.00199041236192, -0.000891873263754], [-4.92001636303e-005, -0.000939056277275, -0.00185367476661, 0.00869895052165, 0.00134394306224, -0.00186791073065, -0.000687714025844, -0.0017479006201, 0.00100768764969, 3.33789466822e-005, 0.00116146809887, -0.00239569670521, 0.000221888782107], [-3.62381797459e-005, -0.0018810207257, -0.00127054948825, 0.00134394306224, 0.00903229042888, -0.00237870705314, -0.000468992540846, 0.000732238520868, -0.00464068260044, 0.00158924155403, -0.00160825066268, -0.00032996563823, 0.00105026713572], [-0.000499489309732, 0.00127584266011, 0.000463666714495, -0.00186791073065, -0.00237870705314, 0.0102837756276, -0.00025957179605, -0.00071111228317, -1.72388245119e-005, -0.00242605875246, -0.00156907190103, -0.000553407764528, -0.000436652480857], [9.97900933726e-005, -0.00108033674769, -0.000638366327621, -0.000687714025844, -0.000468992540846, -0.00025957179605, 0.0112267192453, -0.00528587494045, 0.0012960593449, 0.000746060279198, 0.000375154661015, -0.000241870133323, -0.00241265259683], [8.71796146384e-005, 0.00108106550761, 6.42819868517e-005, -0.0017479006201, 0.000732238520868, -0.00071111228317, -0.00528587494045, 0.0168816093355, -0.00742668984458, 0.00362385925837, -0.001061164774, 0.00111589464359, 0.000896416953765], [-0.000242959082243, 0.000283552071778, 0.000713481218554, 0.00100768764969, -0.00464068260044, -1.72388245119e-005, 0.0012960593449, -0.00742668984458, 0.0203516874462, -0.00918476935476, 0.00469850329682, -0.00283336010762, 0.00131673074793], [-2.91052892862e-005, -0.000246334733674, 0.000908663030714, 3.33789466822e-005, 0.00158924155403, -0.00242605875246, 0.000746060279198, 0.00362385925837, -0.00918476935476, 0.0219668652862, -0.0119373211637, 0.0056799473241, -0.00117945368402], [3.9743805246e-005, -0.000171788778971, -0.00233432254754, 0.00116146809887, -0.00160825066268, -0.00156907190103, 0.000375154661015, -0.001061164774, 0.00469850329682, -0.0119373211637, 0.0264061056077, -0.0110522238538, 0.00413897167891], [0.000212297774851, 0.00169153138995, 0.00199041236192, -0.00239569670521, -0.00032996563823, -0.000553407764528, -0.000241870133323, 0.00111589464359, -0.00283336010762, 0.0056799473241, -0.0110522238538, 0.0237134173512, -0.012249567546], [8.41772998683e-005, -0.00119471992366, -0.000891873263754, 0.000221888782107, 0.00105026713572, -0.000436652480857, -0.00241265259683, 0.000896416953765, 0.00131673074793, -0.00117945368402, 0.00413897167891, -0.012249567546, 0.020875191316]]
    },
    "spectral_contrast_coeffs": {
        "mean": [-0.695948958397, -0.751328289509, -0.747003138065, -0.739780962467, -0.760037004948, -0.713830649853],
        "var": [0.00352357863449, 0.0038430581335, 0.00307212979533, 0.00309023470618, 0.00105692725629, 0.00146148062777]
    },
    "spectral_contrast_valleys": {
        "mean": [-6.69665575027, -6.38390493393, -6.74563026428, -7.13348436356, -6.74111127853, -9.7304649353],
        "var": [0.525977313519, 0.386226385832, 0.367726117373, 0.345681846142, 0.309545308352, 0.424038857222]
    }
},
"metadata": {
    "audio_properties": {
        "analysis_sample_rate": 44100,
        "bit_rate": 128074,
        "equal_loudness": 0,
        "length": 45.0612258911,
        "lossless": 0,
        "replay_gain": -5.69549560547,
        "sample_rate": 44100,
        "codec": "mp3",
        "downmix": "mix",
        "md5_encoded": "500f9c1f18fd0002d82b742d1611f7ae"
    },
    "tags": {
        "file_name": "1282.mp3"
    },
    "version": {
        "essentia": "2.1-beta2",
        "essentia_git_sha": "v2.1_beta2",
        "extractor": "music 1.0"
    }
},
"rhythm": {
    "beats_count": 134,
    "beats_loudness": {
        "mean": 0.0649155974388,
        "var": 0.00060803379165
    },
    "bpm": 184.570236206,
    "bpm_histogram_first_peak_bpm": {
        "mean": 185,
        "var": 0
    },
    "bpm_histogram_first_peak_spread": {
        "mean": 0,
        "var": 0
    },
    "bpm_histogram_first_peak_weight": {
        "mean": 0.421052634716,
        "var": 0
    },
    "bpm_histogram_second_peak_bpm": {
        "mean": 178,
        "var": 0
    },
    "bpm_histogram_second_peak_spread": {
        "mean": 0,
        "var": 0
    },
    "bpm_histogram_second_peak_weight": {
        "mean": 0.383458644152,
        "var": 0
    },
    "danceability": 1.72903966904,
    "onset_rate": 3.23857593536,
    "beats_loudness_band_ratio": {
        "mean": [0.602322816849, 0.0873234793544, 0.0760083273053, 0.132341772318, 0.0632248222828, 0.0735004544258],
        "var": [0.0309644173831, 0.00710681919008, 0.00306387501769, 0.00598309980705, 0.00247924588621, 0.00254771951586]
    },
    "beats_position": [0.290249437094, 0.603718817234, 0.917188167572, 1.25387752056, 1.57895684242, 1.90403628349, 2.22911548615, 2.55419492722, 2.86766433716, 3.1811337471, 3.52943301201, 3.85451245308, 4.17959165573, 4.51628112793, 4.841360569, 5.17804956436, 5.50312900543, 5.83981847763, 6.1648979187, 6.5015873909, 6.82666635513, 7.16335582733, 7.4884352684, 7.8251247406, 8.15020370483, 8.498503685, 8.82358264923, 9.14866161346, 9.4853515625, 9.82204055786, 10.1471195221, 10.47219944, 10.7972784042, 11.1223583221, 11.4474372864, 11.7841272354, 12.1208162308, 12.4575052261, 12.7941951752, 13.1308841705, 13.4675731659, 13.8042631149, 14.1409521103, 14.4776411057, 14.8143310547, 15.1394100189, 15.4644899368, 15.7895689011, 16.1378688812, 16.4745578766, 16.8112468719, 17.1595458984, 17.5078449249, 17.8329238892, 18.1580047607, 18.483083725, 18.8313827515, 19.179681778, 19.5279808044, 19.8762817383, 20.2013607025, 20.5380496979, 20.8747386932, 21.1998176575, 21.5365066528, 21.8848075867, 22.221496582, 22.5465755463, 22.8832645416, 23.219953537, 23.5450344086, 23.8701133728, 24.2068023682, 24.5434913635, 24.8685703278, 25.1936511993, 25.5187301636, 25.8670291901, 26.1921081543, 26.5171871185, 26.8538761139, 27.1905670166, 27.5388660431, 27.8755550385, 28.2122440338, 28.5605430603, 28.897233963, 29.2339229584, 29.593832016, 29.9537410736, 30.3020401001, 30.6503391266, 30.9986381531, 31.3237190247, 31.6720180511, 32.0087051392, 32.357006073, 32.6936950684, 33.0187759399, 33.3554649353, 33.6805419922, 34.0172348022, 34.3423118591, 34.6673927307, 34.9924697876, 35.3175506592, 35.6426315308, 35.9793205261, 36.3160095215, 36.6410865784, 36.96616745, 37.2912483215, 37.6279373169, 37.9646263123, 38.3013153076, 38.638004303, 38.9746932983, 39.3113822937, 39.6480712891, 39.9847602844, 40.309841156, 40.6349182129, 40.9599990845, 41.2850799561, 41.6101570129, 41.9352378845, 42.2603149414, 42.585395813, 42.9104766846, 43.2355537415, 43.5838546753, 43.9205436707, 44.257232666, 44.6171417236]
},
"tonal": {
    "chords_changes_rate": 0.102880656719,
    "chords_number_rate": 0.0102880662307,
    "chords_strength": {
        "mean": 0.490015685558,
        "var": 0.00845939200372
    },
    "hpcp_entropy": {
        "mean": 1.99168848991,
        "var": 0.452878683805
    },
    "key_strength": 0.710542857647,
    "tuning_diatonic_strength": 0.648228764534,
    "tuning_equal_tempered_deviation": 0.238540753722,
    "tuning_frequency": 434.193115234,
    "tuning_nontempered_energy_ratio": 0.918782711029,
    "hpcp": {
        "mean": [0.190507441759, 0.200458809733, 0.129746183753, 0.0794582217932, 0.0929503887892, 0.118227280676, 0.13754928112, 0.1478343606, 0.153746917844, 0.2118704319, 0.237180262804, 0.164884164929, 0.0986741185188, 0.079958692193, 0.109680108726, 0.203964740038, 0.267544358969, 0.185667514801, 0.0762513875961, 0.0450265072286, 0.0516953580081, 0.0862864926457, 0.0999437570572, 0.108873911202, 0.179609522223, 0.199887484312, 0.141173660755, 0.0993433743715, 0.0791903585196, 0.0983285456896, 0.182798922062, 0.218819513917, 0.172748818994, 0.148129463196, 0.13736897707, 0.141339763999],
        "var": [0.0700277611613, 0.0747945904732, 0.0401995293796, 0.0215701460838, 0.0294109527022, 0.0408314913511, 0.0469645746052, 0.0554976202548, 0.0546399503946, 0.0776811614633, 0.0933047309518, 0.0602648593485, 0.0281269755214, 0.022868802771, 0.0364391282201, 0.0698566287756, 0.108178094029, 0.0784957408905, 0.0256508924067, 0.0122556872666, 0.0124066816643, 0.0232469122857, 0.0326887443662, 0.0310775749385, 0.0702206417918, 0.0777403488755, 0.0529829636216, 0.0305807851255, 0.0218489132822, 0.0310926884413, 0.0705850198865, 0.0844059586525, 0.066471144557, 0.0626764670014, 0.0557706207037, 0.0537691824138]
    },
    "chords_histogram": [10.5967073441, 0.205761313438, 22.0164604187, 0, 3.80658435822, 0, 0.823045253754, 0, 0, 0, 0, 0, 0, 0.308641970158, 0, 15.7407407761, 0, 1.13168728352, 0, 6.79012346268, 3.08641982079, 25.1028804779, 7.09876537323, 3.29218101501],
    "thpcp": [1, 0.693969070911, 0.285004645586, 0.168295487761, 0.193221628666, 0.322512835264, 0.373559564352, 0.406937807798, 0.671326160431, 0.747119009495, 0.527664482594, 0.371315538883, 0.295989632607, 0.367522388697, 0.683247148991, 0.81788122654, 0.645682930946, 0.55366319418, 0.513443768024, 0.528285324574, 0.712059259415, 0.749254465103, 0.484952032566, 0.296990841627, 0.347420483828, 0.44189786911, 0.514117658138, 0.552560210228, 0.574659526348, 0.791907668114, 0.88650816679, 0.616287231445, 0.368814051151, 0.298861443996, 0.409951120615, 0.762358605862],
    "chords_key": "D",
    "chords_scale": "minor",
    "key_key": "C",
    "key_scale": "major"
}
}