{
"lowlevel": {
    "average_loudness": 0.808301389217,
    "barkbands_crest": {
        "mean": 9.32674789429,
        "var": 15.7727909088
    },
    "barkbands_flatness_db": {
        "mean": 0.125975295901,
        "var": 0.00163637602236
    },
    "barkbands_kurtosis": {
        "mean": 3.36504173279,
        "var": 24.9683055878
    },
    "barkbands_skewness": {
        "mean": 1.39593327045,
        "var": 1.03512787819
    },
    "barkbands_spread": {
        "mean": 20.0860080719,
        "var": 102.916252136
    },
    "dissonance": {
        "mean": 0.471290946007,
        "var": 0.000480958959088
    },
    "dynamic_complexity": 2.60618972778,
    "erbbands_crest": {
        "mean": 9.50734519958,
        "var": 20.789440155
    },
    "erbbands_flatness_db": {
        "mean": 0.156171023846,
        "var": 0.00197606277652
    },
    "erbbands_kurtosis": {
        "mean": 1.80090343952,
        "var": 9.51526165009
    },
    "erbbands_skewness": {
        "mean": 0.679284512997,
        "var": 0.396329373121
    },
    "erbbands_spread": {
        "mean": 35.8739852905,
        "var": 504.061157227
    },
    "hfc": {
        "mean": 20.2752876282,
        "var": 256.361694336
    },
    "melbands_crest": {
        "mean": 13.7349863052,
        "var": 29.2260837555
    },
    "melbands_flatness_db": {
        "mean": 0.197768107057,
        "var": 0.00216645281762
    },
    "melbands_kurtosis": {
        "mean": 11.1968173981,
        "var": 274.1640625
    },
    "melbands_skewness": {
        "mean": 2.25298309326,
        "var": 3.02092170715
    },
    "melbands_spread": {
        "mean": 20.1295585632,
        "var": 81.9542999268
    },
    "pitch_salience": {
        "mean": 0.57861584425,
        "var": 0.0125967608765
    },
    "silence_rate_20dB": {
        "mean": 1,
        "var": 0
    },
    "silence_rate_30dB": {
        "mean": 1,
        "var": 0
    },
    "silence_rate_60dB": {
        "mean": 0.0211122557521,
        "var": 0.0206666234881
    },
    "spectral_centroid": {
        "mean": 1083.5925293,
        "var": 141061.875
    },
    "spectral_complexity": {
        "mean": 19.4397525787,
        "var": 62.8561553955
    },
    "spectral_decrease": {
        "mean": -7.2472170487e-009,
        "var": 2.29918424679e-017
    },
    "spectral_energy": {
        "mean": 0.0291916839778,
        "var": 0.00036945255124
    },
    "spectral_energyband_high": {
        "mean": 0.000597326550633,
        "var": 4.77123933251e-007
    },
    "spectral_energyband_low": {
        "mean": 0.0101855676621,
        "var": 0.000128186380607
    },
    "spectral_energyband_middle_high": {
        "mean": 0.00865300931036,
        "var": 0.000119149721286
    },
    "spectral_energyband_middle_low": {
        "mean": 0.0113109908998,
        "var": 6.82415993651e-005
    },
    "spectral_entropy": {
        "mean": 7.54000520706,
        "var": 0.0922432094812
    },
    "spectral_flux": {
        "mean": 0.0941729173064,
        "var": 0.00189565168694
    },
    "spectral_kurtosis": {
        "mean": 4.43802213669,
        "var": 10.5848770142
    },
    "spectral_rms": {
        "mean": 0.00504343211651,
        "var": 3.04351874547e-006
    },
    "spectral_rolloff": {
        "mean": 1078.77441406,
        "var": 724954.6875
    },
    "spectral_skewness": {
        "mean": 1.70352983475,
        "var": 0.215617269278
    },
    "spectral_spread": {
        "mean": 4890173,
        "var": 3.71149530726e+012
    },
    "spectral_strongpeak": {
        "mean": 0.855924785137,
        "var": 1.44855046272
    },
    "zerocrossingrate": {
        "mean": 0.0571774318814,
        "var": 0.000721002288628
    },
    "barkbands": {
        "mean": [0.000355051131919, 0.00393664510921, 0.00447647692636, 0.00273389206268, 0.00165150617249, 0.0015036406694, 0.00196563010104, 0.00199205125682, 0.00121825491078, 0.00196489226073, 0.00382724450901, 0.000797679589596, 0.000505371426698, 0.000547761272173, 0.000225000912906, 0.000306151050609, 0.000180903312867, 0.00012829634943, 0.000166065685335, 0.000153772896738, 8.95600314834e-005, 0.00010661916167, 0.000144979247125, 8.56573096826e-005, 7.21856267774e-005, 5.38403110113e-005, 2.58148725152e-006],
        "var": [5.91145692397e-007, 5.82439752179e-005, 4.47099191661e-005, 1.24516100186e-005, 2.77649951386e-006, 6.19786396783e-006, 9.16700173548e-006, 7.69426878833e-006, 4.21423328589e-006, 1.46546271935e-005, 4.55672197859e-005, 3.94307608076e-006, 7.29900023089e-007, 6.32159867564e-007, 1.04577381421e-007, 1.96786686502e-007, 6.72746764963e-008, 3.2263386629e-008, 3.82472933325e-008, 3.04531297957e-008, 1.32218112014e-008, 1.74114074269e-008, 4.24515071984e-008, 1.37453755045e-008, 1.83698727341e-008, 2.03676950861e-008, 7.42896785755e-011]
    },
    "erbbands": {
        "mean": [0.116366796196, 0.917978823185, 4.41876173019, 7.79588937759, 6.68880462646, 5.59145355225, 6.5568652153, 14.2351856232, 26.9545497894, 33.6435699463, 43.1093826294, 29.8480548859, 28.9357471466, 138.44430542, 112.192901611, 30.950630188, 23.4343757629, 32.3818397522, 13.4907655716, 20.4397926331, 10.5220184326, 8.40469455719, 6.74348640442, 7.53383255005, 10.5154933929, 6.24043512344, 2.01752829552, 5.01526784897, 4.26529026031, 3.03164076805, 4.86718940735, 1.7182071209, 1.60074925423, 0.938992261887, 0.510397553444, 0.284458845854, 0.082981556654, 0.0112071186304, 0.000310146424454, 4.39603463747e-005],
        "var": [0.0727707669139, 2.45325946808, 37.7609977722, 65.3023147583, 63.1057319641, 38.5578765869, 81.0925521851, 556.23815918, 1679.21472168, 1929.15014648, 3858.31713867, 2501.37207031, 2183.4543457, 68184.890625, 40209.9804688, 5056.5390625, 1645.41906738, 2204.32641602, 294.378631592, 674.560852051, 193.416519165, 127.480949402, 87.3335266113, 92.9048309326, 113.472702026, 53.3937530518, 12.1665468216, 37.7595367432, 21.5745658875, 19.6894493103, 50.4176330566, 6.63342857361, 4.57265472412, 2.24710273743, 1.3552236557, 0.586629867554, 0.0503049120307, 0.00112938124221, 7.58653186494e-007, 1.20093379685e-009]
    },
    "gfcc": {
        "mean": [11.3449611664, 99.3853302002, -112.440093994, 25.3206367493, -69.2091522217, 28.7407836914, -32.2076797485, 8.92755317688, -24.5467910767, -1.66364252567, -15.4746627808, -3.4708840847, -14.5030832291],
        "cov": [[3367.29589844, -532.615356445, -95.2429656982, -426.051452637, 92.1305847168, 70.4882202148, -104.032577515, 329.74029541, -31.5263519287, 160.651611328, -128.583358765, 205.261489868, -212.923568726], [-532.615356445, 940.70135498, -397.056793213, -55.4987754822, -47.8902206421, -148.809585571, 202.599609375, -125.296089172, 132.785568237, -151.091049194, 106.465393066, -104.344795227, 130.790237427], [-95.2429656982, -397.056793213, 560.560791016, 167.792037964, 36.213142395, 140.100875854, -82.7245101929, 44.546661377, -56.6984786987, 96.4183349609, -25.7671318054, 41.5806503296, -41.828502655], [-426.051452637, -55.4987754822, 167.792037964, 480.089782715, -34.1154441833, -32.7664337158, -44.4380378723, -63.6448860168, -4.4708609581, 13.0528383255, 20.3842716217, -50.6434822083, 84.5009765625], [92.1305847168, -47.8902206421, 36.213142395, -34.1154441833, 243.85256958, 30.0106430054, 17.8502311707, 48.0409049988, -16.598815918, 15.4489803314, -12.0644302368, 32.7066612244, -38.7322654724], [70.4882202148, -148.809585571, 140.100875854, -32.7664337158, 30.0106430054, 199.685241699, 14.933221817, 27.9088802338, -27.4494304657, 8.70306873322, 7.24170446396, 21.5235996246, -11.3092327118], [-104.032577515, 202.599609375, -82.7245101929, -44.4380378723, 17.8502311707, 14.933221817, 154.357696533, 11.5412778854, 31.0589103699, -52.3126945496, 20.4501190186, -14.5705366135, 29.4303035736], [329.74029541, -125.296089172, 44.546661377, -63.6448860168, 48.0409049988, 27.9088802338, 11.5412778854, 122.953308105, 19.9924793243, 41.5565299988, -13.4468889236, 43.7418785095, -32.5703048706], [-31.5263519287, 132.785568237, -56.6984786987, -4.4708609581, -16.598815918, -27.4494304657, 31.0589103699, 19.9924793243, 111.541702271, 29.2031936646, 35.6869277954, -11.7443237305, 3.29020953178], [160.651611328, -151.091049194, 96.4183349609, 13.0528383255, 15.4489803314, 8.70306873322, -52.3126945496, 41.5565299988, 29.2031936646, 115.784423828, 12.1313972473, 28.6018943787, -36.5214614868], [-128.583358765, 106.465393066, -25.7671318054, 20.3842716217, -12.0644302368, 7.24170446396, 20.4501190186, -13.4468889236, 35.6869277954, 12.1313972473, 74.3919525146, 4.03431797028, 29.9351215363], [205.261489868, -104.344795227, 41.5806503296, -50.6434822083, 32.7066612244, 21.5235996246, -14.5705366135, 43.7418785095, -11.7443237305, 28.6018943787, 4.03431797028, 82.8969192505, 4.76602125168], [-212.923568726, 130.790237427, -41.828502655, 84.5009765625, -38.7322654724, -11.3092327118, 29.4303035736, -32.5703048706, 3.29020953178, -36.5214614868, 29.9351215363, 4.76602125168, 121.444313049]],
        "icov": [[0.000609114475083, -0.00040578644257, 0.000611501105595, -0.000208102253964, 0.000371669622837, -0.000589166418649, 0.000463842734462, -0.00140821002424, 0.000664810475428, -0.000803831964731, 0.00114332942758, -0.0013604281703, 0.000945784267969], [-0.00040578644257, 0.00556394830346, -0.000464979500975, 0.00209120777436, -0.00153522577602, 0.00345369242132, -0.00334337353706, 0.00414123106748, -0.00487296562642, 0.00425343075767, -0.00530801201239, 0.00478755729273, -0.00403430685401], [0.000611501105595, -0.000464979500975, 0.00441704783589, -0.00212354212999, 0.000632373790722, -0.00314398808405, 0.000610709073953, -0.00171946978662, 0.00198025954887, -0.00314728985541, 0.00253586145118, -0.0029235468246, 0.00236109108664], [-0.000208102253964, 0.00209120777436, -0.00212354212999, 0.00485887890682, -0.00118261214811, 0.00272224307992, -0.000252551108133, 0.00203825370409, -0.00182545604184, 0.000996885471977, -0.00285373046063, 0.00566859776154, -0.00541482446715], [0.000371669622837, -0.00153522577602, 0.000632373790722, -0.00118261214811, 0.00554940197617, -0.0013878751779, -0.000374723691493, -0.00262678205036, 0.00258383224718, -0.00157524622045, 0.00185165891889, -0.0037843293976, 0.00352100515738], [-0.000589166418649, 0.00345369242132, -0.00314398808405, 0.00272224307992, -0.0013878751779, 0.00985057093203, -0.00333992158994, 0.00206182291731, -0.00129459029995, 0.00372488936409, -0.00659241527319, 0.00440222164616, -0.00328495982103], [0.000463842734462, -0.00334337353706, 0.000610709073953, -0.000252551108133, -0.000374723691493, -0.00333992158994, 0.013080811128, -0.00595241505653, -0.000207519144169, 0.00303012738004, 0.000971697736531, -0.000501879723743, 0.000300145911751], [-0.00140821002424, 0.00414123106748, -0.00171946978662, 0.00203825370409, -0.00262678205036, 0.00206182291731, -0.00595241505653, 0.0199558511376, -0.00814635772258, 0.000607732043136, -7.8987206507e-005, -0.00149517110549, -0.00230900896713], [0.000664810475428, -0.00487296562642, 0.00198025954887, -0.00182545604184, 0.00258383224718, -0.00129459029995, -0.000207519144169, -0.00814635772258, 0.0203224439174, -0.00994481425732, -0.00116357533261, -0.000154515437316, 0.00368640618399], [-0.000803831964731, 0.00425343075767, -0.00314728985541, 0.000996885471977, -0.00157524622045, 0.00372488936409, 0.00303012738004, 0.000607732043136, -0.00994481425732, 0.0225008223206, -0.00945516116917, 0.000637336634099, 0.000847057381179], [0.00114332942758, -0.00530801201239, 0.00253586145118, -0.00285373046063, 0.00185165891889, -0.00659241527319, 0.000971697736531, -7.8987206507e-005, -0.00116357533261, -0.00945516116917, 0.0275232773274, -0.00963837467134, 0.00108216004446], [-0.0013604281703, 0.00478755729273, -0.0029235468246, 0.00566859776154, -0.0037843293976, 0.00440222164616, -0.000501879723743, -0.00149517110549, -0.000154515437316, 0.000637336634099, -0.00963837467134, 0.0283618289977, -0.0121100982651], [0.000945784267969, -0.00403430685401, 0.00236109108664, -0.00541482446715, 0.00352100515738, -0.00328495982103, 0.000300145911751, -0.00230900896713, 0.00368640618399, 0.000847057381179, 0.00108216004446, -0.0121100982651, 0.0193064901978]]
    },
    "melbands": {
        "mean": [0.00106952490751, 0.00195521721616, 0.00138100120239, 0.000408359337598, 0.000249322911259, 0.000325541564962, 0.000419228890678, 0.000374822237063, 0.000355193420546, 0.000167396079632, 0.000130237734993, 0.000533702725079, 0.000444531528046, 0.000132732413476, 4.5234519348e-005, 5.60900807614e-005, 6.12394214841e-005, 2.09208592423e-005, 2.20623223868e-005, 2.83195258817e-005, 9.82481469691e-006, 9.82113851933e-006, 6.01555984758e-006, 6.6561838139e-006, 5.7668730733e-006, 7.01360431776e-006, 8.4584698925e-006, 3.01506088363e-006, 9.53471158027e-007, 1.84731311492e-006, 3.07057325699e-006, 2.42826899921e-006, 1.91211370293e-006, 1.56187718403e-006, 3.18939282806e-006, 1.720603791e-006, 8.06034506695e-007, 1.13130215595e-006, 9.04172736682e-007, 8.06542175269e-007],
        "var": [5.16254067406e-006, 6.06485536991e-006, 1.90092794128e-006, 1.7383040074e-007, 9.7599517801e-008, 2.82405210328e-007, 4.06215406201e-007, 2.43601249394e-007, 2.71253696837e-007, 9.88559207826e-008, 5.35257100864e-008, 1.03902289084e-006, 5.51450739295e-007, 9.09171617991e-008, 1.23771588534e-008, 8.5840756725e-009, 8.34257285476e-009, 8.34664670712e-010, 9.00784113966e-010, 1.54750645631e-009, 1.99537997236e-010, 1.94563157252e-010, 8.29992741203e-011, 9.025675346e-011, 6.38202685144e-011, 6.24070933819e-011, 8.28474233661e-011, 1.88159227782e-011, 4.20016712382e-012, 6.83201455479e-012, 1.51997511799e-011, 7.39916027753e-012, 6.34009641662e-012, 6.3106225974e-012, 2.4461365225e-011, 7.29523559617e-012, 1.51827964263e-012, 2.34174073362e-012, 1.58999473743e-012, 2.12503040338e-012]
    },
    "mfcc": {
        "mean": [-630.565856934, 127.298736572, 13.0074186325, 4.41949987411, -3.59464335442, 9.94833946228, 3.2085647583, 9.78237819672, -3.11389327049, 5.81197881699, -1.39001965523, -8.15684700012, 5.16163825989],
        "cov": [[2647.59008789, -101.916534424, -378.804046631, -285.226776123, 17.4387321472, -214.965698242, -58.2284927368, 89.3137664795, 99.9875793457, -88.5611419678, 154.669082642, 159.628326416, 26.772808075], [-101.916534424, 772.751159668, -347.19519043, -105.707626343, -164.442138672, -37.6695976257, -12.4272222519, 80.6391296387, 23.3089389801, -7.48876285553, -5.69759178162, 43.6339302063, 7.77962589264], [-378.804046631, -347.19519043, 559.810546875, 89.9421386719, 75.0565948486, 96.3616790771, 26.0234718323, -57.9576454163, -20.6771392822, 34.8189888, -9.23416614532, -46.7441596985, 20.6599063873], [-285.226776123, -105.707626343, 89.9421386719, 374.965423584, 39.3416519165, 16.7100219727, -20.8144035339, -63.6481399536, 6.3971452713, 23.6917572021, -46.1646003723, -47.2098426819, 18.3512897491], [17.4387321472, -164.442138672, 75.0565948486, 39.3416519165, 206.978347778, 40.6858787537, 36.1110954285, -5.41711378098, -9.92956542969, 5.89939403534, 39.5868263245, 0.761515676975, -8.49702548981], [-214.965698242, -37.6695976257, 96.3616790771, 16.7100219727, 40.6858787537, 117.557762146, 48.9628791809, 1.99333620071, -15.7577438354, 21.0287342072, -12.9285202026, -24.0511226654, -6.1232419014], [-58.2284927368, -12.4272222519, 26.0234718323, -20.8144035339, 36.1110954285, 48.9628791809, 118.003067017, 51.8362503052, 7.94102954865, 4.65341377258, -17.1192836761, -19.5370483398, -9.51994895935], [89.3137664795, 80.6391296387, -57.9576454163, -63.6481399536, -5.41711378098, 1.99333620071, 51.8362503052, 111.412147522, 31.2992343903, -2.5727481842, 3.75450158119, 12.1189613342, -3.04616522789], [99.9875793457, 23.3089389801, -20.6771392822, 6.3971452713, -9.92956542969, -15.7577438354, 7.94102954865, 31.2992343903, 71.3844451904, 8.76419830322, 0.48140707612, 8.16876411438, 11.715675354], [-88.5611419678, -7.48876285553, 34.8189888, 23.6917572021, 5.89939403534, 21.0287342072, 4.65341377258, -2.5727481842, 8.76419830322, 67.3442840576, 18.3923530579, 6.21244668961, 10.7331161499], [154.669082642, -5.69759178162, -9.23416614532, -46.1646003723, 39.5868263245, -12.9285202026, -17.1192836761, 3.75450158119, 0.48140707612, 18.3923530579, 116.496147156, 58.0137290955, 3.05845713615], [159.628326416, 43.6339302063, -46.7441596985, -47.2098426819, 0.761515676975, -24.0511226654, -19.5370483398, 12.1189613342, 8.16876411438, 6.21244668961, 58.0137290955, 82.0189361572, 21.2705955505], [26.772808075, 7.77962589264, 20.6599063873, 18.3512897491, -8.49702548981, -6.1232419014, -9.51994895935, -3.04616522789, 11.715675354, 10.7331161499, 3.05845713615, 21.2705955505, 65.1894989014]],
        "icov": [[0.000650932022836, 0.00041526943096, 0.000438472925453, 0.00033783444087, -3.89676570194e-005, 0.00053172808839, 4.56404304714e-005, -0.000153594985022, -0.000759964925237, 0.000708764069714, -0.000494703417644, -0.000394879461965, -0.000334661424858], [0.00041526943096, 0.00251378142275, 0.00152187189087, 0.000258355663391, 0.00143119238783, -0.000605658395216, 0.000272194913123, -0.00110147020314, -0.000314353994327, 0.000263852009084, -0.000392496091081, -0.00062992394669, -0.000670638459269], [0.000438472925453, 0.00152187189087, 0.00341513962485, 0.000172955391463, 0.000331182120135, -0.00168957933784, -5.09253004566e-005, 0.000507249555085, -0.00048759119818, -5.43982023373e-005, -0.000908362388145, 0.000949595181737, -0.00176262122113], [0.00033783444087, 0.000258355663391, 0.000172955391463, 0.00381796061993, -0.00107325986028, 0.000356667704182, 0.000719610368833, 0.00161165476311, -0.00153873953968, -0.000978053547442, 0.00107055937406, 0.00135073880665, -0.00127855420578], [-3.89676570194e-005, 0.00143119238783, 0.000331182120135, -0.00107325986028, 0.0075101708062, -0.00196381937712, -0.00218479079194, 1.02350231828e-005, 0.000429558887845, 0.0012816535309, -0.00359121547081, 1.62054220709e-005, 0.000393223861465], [0.00053172808839, -0.000605658395216, -0.00168957933784, 0.000356667704182, -0.00196381937712, 0.0144415162504, -0.00456494837999, 0.000219039109652, 0.00248176162131, -0.00337508879602, 0.00093704124447, 0.00087563454872, 0.000513075676281], [4.56404304714e-005, 0.000272194913123, -5.09253004566e-005, 0.000719610368833, -0.00218479079194, -0.00456494837999, 0.0150246275589, -0.00706153502688, -0.000350183749106, -0.000554690544959, 0.00195418857038, 0.00207254756242, 0.000299258157611], [-0.000153594985022, -0.00110147020314, 0.000507249555085, 0.00161165476311, 1.02350231828e-005, 0.000219039109652, -0.00706153502688, 0.0161716490984, -0.00570369651541, 0.000657612399664, -3.22246160067e-005, -0.00156019546557, 0.000753787870053], [-0.000759964925237, -0.000314353994327, -0.00048759119818, -0.00153873953968, 0.000429558887845, 0.00248176162131, -0.000350183749106, -0.00570369651541, 0.0190891940147, -0.00373345939443, 0.00114405981731, 5.10496029165e-005, -0.00197753310204], [0.000708764069714, 0.000263852009084, -5.43982023373e-005, -0.000978053547442, 0.0012816535309, -0.00337508879602, -0.000554690544959, 0.000657612399664, -0.00373345939443, 0.019488312304, -0.00514531321824, -0.000168600978213, -0.00247151614167], [-0.000494703417644, -0.000392496091081, -0.000908362388145, 0.00107055937406, -0.00359121547081, 0.00093704124447, 0.00195418857038, -3.22246160067e-005, 0.00114405981731, -0.00514531321824, 0.0172847155482, -0.0108086289838, 0.0034976573661], [-0.000394879461965, -0.00062992394669, 0.000949595181737, 0.00135073880665, 1.62054220709e-005, 0.00087563454872, 0.00207254756242, -0.00156019546557, 5.10496029165e-005, -0.000168600978213, -0.0108086289838, 0.0252852421254, -0.00785432104021], [-0.000334661424858, -0.000670638459269, -0.00176262122113, -0.00127855420578, 0.000393223861465, 0.000513075676281, 0.000299258157611, 0.000753787870053, -0.00197753310204, -0.00247151614167, 0.0034976573661, -0.00785432104021, 0.0198152735829]]
    },
    "spectral_contrast_coeffs": {
        "mean": [-0.631683826447, -0.764982700348, -0.764461398125, -0.794552326202, -0.760074257851, -0.744556844234],
        "var": [0.00506656896323, 0.0029543179553, 0.00363891292363, 0.00122054188978, 0.0012093631085, 0.0010136020137]
    },
    "spectral_contrast_valleys": {
        "mean": [-7.13724040985, -6.24251651764, -6.66980552673, -7.43099355698, -8.05414676666, -10.2526884079],
        "var": [0.540448725224, 0.687147259712, 0.844935834408, 0.633162796497, 0.670670509338, 0.805555820465]
    }
},
"metadata": {
    "audio_properties": {
        "analysis_sample_rate": 44100,
        "bit_rate": 128074,
        "equal_loudness": 0,
        "length": 45.0612258911,
        "lossless": 0,
        "replay_gain": -3.07883071899,
        "sample_rate": 44100,
        "codec": "mp3",
        "downmix": "mix",
        "md5_encoded": "6a44a7d390f2f37507639b981bfc4dea"
    },
    "tags": {
        "file_name": "1283.mp3"
    },
    "version": {
        "essentia": "2.1-beta2",
        "essentia_git_sha": "v2.1_beta2",
        "extractor": "music 1.0"
    }
},
"rhythm": {
    "beats_count": 84,
    "beats_loudness": {
        "mean": 0.0336453169584,
        "var": 0.000408420164604
    },
    "bpm": 111.347717285,
    "bpm_histogram_first_peak_bpm": {
        "mean": 110,
        "var": 0
    },
    "bpm_histogram_first_peak_spread": {
        "mean": 0.574074089527,
        "var": 0
    },
    "bpm_histogram_first_peak_weight": {
        "mean": 0.277108430862,
        "var": 0
    },
    "bpm_histogram_second_peak_bpm": {
        "mean": 115,
        "var": 0
    },
    "bpm_histogram_second_peak_spread": {
        "mean": 0.388888895512,
        "var": 0
    },
    "bpm_histogram_second_peak_weight": {
        "mean": 0.132530122995,
        "var": 0
    },
    "danceability": 0.874953687191,
    "onset_rate": 2.5731151104,
    "beats_loudness_band_ratio": {
        "mean": [0.436925202608, 0.136325836182, 0.17809151113, 0.193683579564, 0.0430473014712, 0.0508305728436],
        "var": [0.0433222539723, 0.00988157186657, 0.0145313963294, 0.0183511376381, 0.000841075729113, 0.00129650381859]
    },
    "beats_position": [0.545668900013, 1.09133780003, 1.62539684772, 2.18267560005, 2.72834467888, 3.27401351929, 3.8196823597, 4.3653512001, 4.91102027893, 5.45668935776, 6.00235795975, 6.54802703857, 7.0936961174, 7.63936471939, 8.18503379822, 8.73070240021, 9.26476192474, 9.79882049561, 10.3328800201, 10.8785486221, 11.4242172241, 11.9582767487, 12.5039453506, 13.0496139526, 13.5836734772, 14.117732048, 14.6517915726, 15.1858501434, 15.7199087143, 16.2655773163, 16.8228569031, 17.3801364899, 17.9258041382, 18.4714736938, 19.0287532806, 19.574420929, 20.1084804535, 20.6309299469, 21.153377533, 21.6874370575, 22.221496582, 22.7555541992, 23.2896137238, 23.8236732483, 24.3809528351, 24.9382305145, 25.4955101013, 26.0527877808, 26.5868473053, 27.1209068298, 27.6433563232, 28.1658039093, 28.6766433716, 29.199092865, 29.7215423584, 30.2439899445, 30.7664394379, 31.2772789001, 31.7881164551, 32.3105659485, 32.8562355042, 33.3902931213, 33.9243545532, 34.4700202942, 35.0040817261, 35.5381393433, 36.0605888367, 36.5946464539, 37.1170959473, 37.6279373169, 38.1387748718, 38.638004303, 39.1488418579, 39.6596832275, 40.1356925964, 40.6000900269, 41.0760993958, 41.5753288269, 42.0513381958, 42.5157356262, 42.9685249329, 43.4445343018, 43.9205436707, 44.4081611633]
},
"tonal": {
    "chords_changes_rate": 0.0565843619406,
    "chords_number_rate": 0.0113168722019,
    "chords_strength": {
        "mean": 0.510988593102,
        "var": 0.00746160885319
    },
    "hpcp_entropy": {
        "mean": 2.33687829971,
        "var": 0.424032092094
    },
    "key_strength": 0.704929590225,
    "tuning_diatonic_strength": 0.617488622665,
    "tuning_equal_tempered_deviation": 0.129132255912,
    "tuning_frequency": 441.782684326,
    "tuning_nontempered_energy_ratio": 0.806331992149,
    "hpcp": {
        "mean": [0.230200707912, 0.258596748114, 0.318335443735, 0.381457775831, 0.276261091232, 0.139584690332, 0.14763058722, 0.205272674561, 0.305020689964, 0.355852335691, 0.217132389545, 0.0815316215158, 0.0441143624485, 0.0393475480378, 0.0731801763177, 0.140647143126, 0.169340282679, 0.160967364907, 0.132661700249, 0.0985329076648, 0.154279783368, 0.199133515358, 0.20340795815, 0.279420375824, 0.243926122785, 0.113284386694, 0.0720647871494, 0.0690117478371, 0.0830951929092, 0.123870514333, 0.144991353154, 0.116029642522, 0.0778481587768, 0.0736276805401, 0.0968688055873, 0.154191151261],
        "var": [0.0754825696349, 0.0721111446619, 0.0882240086794, 0.131558522582, 0.0694669261575, 0.0327753201127, 0.0357714928687, 0.0465430803597, 0.0775829181075, 0.109763748944, 0.0501380562782, 0.0169181991369, 0.00892932340503, 0.00916237384081, 0.014211547561, 0.0443871468306, 0.0540378242731, 0.0490711629391, 0.0473022013903, 0.0222443174571, 0.0573272965848, 0.0797276347876, 0.05172277987, 0.111686088145, 0.0999667271972, 0.032605804503, 0.0114137036726, 0.0101277930662, 0.0149013502523, 0.0282966047525, 0.0360340923071, 0.0292249694467, 0.0177514329553, 0.0162326879799, 0.0276234541088, 0.0503003671765]
    },
    "chords_histogram": [17.4897117615, 1.02880656719, 21.5020580292, 29.6296291351, 0.925925910473, 1.44032919407, 1.74897122383, 3.29218101501, 0, 0, 0, 0, 3.18930029869, 0, 0, 0.308641970158, 0, 0, 0, 0, 0, 1.44032919407, 11.8312759399, 6.17283964157],
    "thpcp": [1, 0.724224567413, 0.365924358368, 0.387016862631, 0.538126885891, 0.79961848259, 0.932874798775, 0.569217383862, 0.213736951351, 0.115646779537, 0.103150464594, 0.191843450069, 0.368709594011, 0.443929284811, 0.421979516745, 0.347775578499, 0.258306205273, 0.404447853565, 0.522032916546, 0.533238470554, 0.73250669241, 0.639457702637, 0.296977519989, 0.188919439912, 0.180915817618, 0.217835888267, 0.324729293585, 0.380098044872, 0.304174274206, 0.204080671072, 0.193016588688, 0.253943711519, 0.40421551466, 0.60347622633, 0.677917122841, 0.834523439407],
    "chords_key": "A",
    "chords_scale": "minor",
    "key_key": "A#",
    "key_scale": "major"
}
}