{
"lowlevel": {
    "average_loudness": 0.98267364502,
    "barkbands_crest": {
        "mean": 9.45475769043,
        "var": 11.1847143173
    },
    "barkbands_flatness_db": {
        "mean": 0.131999060512,
        "var": 0.00178474537097
    },
    "barkbands_kurtosis": {
        "mean": 4.70463085175,
        "var": 450.523071289
    },
    "barkbands_skewness": {
        "mean": 1.81438958645,
        "var": 1.43432676792
    },
    "barkbands_spread": {
        "mean": 25.9659442902,
        "var": 176.131484985
    },
    "dissonance": {
        "mean": 0.48328897357,
        "var": 0.000187359022675
    },
    "dynamic_complexity": 1.25475347042,
    "erbbands_crest": {
        "mean": 9.27735233307,
        "var": 21.3258018494
    },
    "erbbands_flatness_db": {
        "mean": 0.141597747803,
        "var": 0.000548941781744
    },
    "erbbands_kurtosis": {
        "mean": 0.198165357113,
        "var": 4.42011213303
    },
    "erbbands_skewness": {
        "mean": -0.485349148512,
        "var": 0.469742506742
    },
    "erbbands_spread": {
        "mean": 45.8515052795,
        "var": 226.416275024
    },
    "hfc": {
        "mean": 26.6397304535,
        "var": 227.92376709
    },
    "melbands_crest": {
        "mean": 15.909365654,
        "var": 19.7697544098
    },
    "melbands_flatness_db": {
        "mean": 0.194567576051,
        "var": 0.00318241771311
    },
    "melbands_kurtosis": {
        "mean": 17.7209835052,
        "var": 361.446533203
    },
    "melbands_skewness": {
        "mean": 3.54661846161,
        "var": 2.14221358299
    },
    "melbands_spread": {
        "mean": 23.3734474182,
        "var": 289.7315979
    },
    "pitch_salience": {
        "mean": 0.572527468204,
        "var": 0.0100658815354
    },
    "silence_rate_20dB": {
        "mean": 1,
        "var": 0
    },
    "silence_rate_30dB": {
        "mean": 1,
        "var": 0
    },
    "silence_rate_60dB": {
        "mean": 0.0216271877289,
        "var": 0.0211600344628
    },
    "spectral_centroid": {
        "mean": 1404.96008301,
        "var": 425333.5625
    },
    "spectral_complexity": {
        "mean": 26.860452652,
        "var": 88.7215499878
    },
    "spectral_decrease": {
        "mean": -9.95778748347e-009,
        "var": 1.51979167803e-017
    },
    "spectral_energy": {
        "mean": 0.0399993173778,
        "var": 0.000231158817769
    },
    "spectral_energyband_high": {
        "mean": 0.00119142455515,
        "var": 1.70670125499e-006
    },
    "spectral_energyband_low": {
        "mean": 0.0186980366707,
        "var": 0.00012702778622
    },
    "spectral_energyband_middle_high": {
        "mean": 0.00654916092753,
        "var": 1.66445333889e-005
    },
    "spectral_energyband_middle_low": {
        "mean": 0.0181884877384,
        "var": 0.000100473698694
    },
    "spectral_entropy": {
        "mean": 7.70645332336,
        "var": 0.0658482164145
    },
    "spectral_flux": {
        "mean": 0.0890911817551,
        "var": 0.00101737945806
    },
    "spectral_kurtosis": {
        "mean": 3.3438141346,
        "var": 2.87381052971
    },
    "spectral_rms": {
        "mean": 0.00609063263983,
        "var": 1.92789912035e-006
    },
    "spectral_rolloff": {
        "mean": 1478.41320801,
        "var": 1500398.5
    },
    "spectral_skewness": {
        "mean": 1.34795641899,
        "var": 0.123769305646
    },
    "spectral_spread": {
        "mean": 4447631.5,
        "var": 1.62974964122e+012
    },
    "spectral_strongpeak": {
        "mean": 0.536325275898,
        "var": 0.332010477781
    },
    "zerocrossingrate": {
        "mean": 0.0548745654523,
        "var": 0.00108689127956
    },
    "barkbands": {
        "mean": [0.000102038655314, 0.00531906681135, 0.0087650641799, 0.00881780311465, 0.00649543479085, 0.000862565822899, 0.000612021598499, 0.000429228675785, 0.000772627827246, 0.000506380922161, 0.000244406284764, 0.000364325620467, 0.000301306543406, 0.000574358564336, 0.00179892929737, 0.000931473623496, 0.000611508556176, 0.000531412370037, 0.00045719218906, 0.00045060418779, 0.000323892105371, 0.000296453741612, 0.000182741088793, 0.000179798415047, 6.26299370197e-005, 5.84948202231e-006, 2.08802973134e-007],
        "var": [4.03830284768e-008, 3.71487622033e-005, 5.86196838412e-005, 5.45467955817e-005, 1.95577249542e-005, 4.73544787383e-007, 2.32811316891e-007, 1.13741492669e-007, 3.28610411771e-007, 1.94322311131e-007, 4.19892351999e-008, 1.62074826449e-007, 1.19529516951e-007, 4.33046324133e-007, 3.13035911859e-006, 1.92197308024e-006, 4.70818747544e-007, 2.96357796969e-007, 3.09526456022e-007, 5.05428261022e-007, 2.006080706e-007, 1.52757195337e-007, 5.37697815162e-008, 4.38342198095e-008, 4.69352112731e-009, 2.09284152508e-011, 9.25376515324e-014]
    },
    "erbbands": {
        "mean": [0.0995044112206, 1.47055208683, 8.03764629364, 22.5710258484, 30.1702613831, 17.5518817902, 7.38243818283, 7.35456323624, 7.14362335205, 11.5183124542, 10.2540807724, 16.5432949066, 19.8767662048, 11.839381218, 11.1663866043, 15.6060228348, 14.2360191345, 24.0785827637, 35.9948539734, 129.31817627, 45.7824020386, 33.7240028381, 27.5289993286, 29.098783493, 26.899887085, 19.4700698853, 15.4497184753, 11.3252038956, 10.373260498, 6.73691892624, 4.61166810989, 4.74982690811, 2.58240222931, 1.05884683132, 0.213874444366, 0.0390089228749, 0.00944827869534, 0.00125947734341, 5.46294286323e-005, 4.9845653848e-005],
        "var": [0.0194481126964, 2.45289540291, 43.5331764221, 232.449890137, 428.117767334, 147.820510864, 31.7727069855, 37.9920387268, 35.5376014709, 108.28339386, 61.246509552, 152.242416382, 268.957336426, 100.984405518, 69.3426589966, 334.336090088, 223.508804321, 748.387939453, 1559.45996094, 15228.6455078, 4667.21044922, 1393.28442383, 905.527832031, 906.004821777, 2055.671875, 744.632202148, 597.53314209, 192.870498657, 186.953536987, 58.9222221375, 32.196308136, 36.4076690674, 7.95850801468, 1.40446984768, 0.0350390449166, 0.000898785307072, 6.06170251558e-005, 1.67965197306e-006, 1.45900180826e-009, 3.39247824277e-010]
    },
    "gfcc": {
        "mean": [30.804019928, 97.1207199097, -121.168823242, 58.1942520142, -51.1985282898, 22.8185901642, -45.0785140991, 7.16588497162, -23.1287097931, -9.96700954437, -23.0375843048, -15.0556221008, -10.4947443008],
        "cov": [[4969.22216797, -413.957824707, -8.73202514648, 65.4625091553, -376.230407715, 15.5419435501, -359.409942627, -6.55836343765, -235.476211548, -34.1133384705, -281.841461182, -29.6178092957, -131.742507935], [-413.957824707, 636.328369141, 116.594802856, -191.822875977, 196.951965332, -31.6673030853, 11.5866327286, 17.9199428558, 67.9336700439, -11.0250759125, 46.5018157959, -9.8595495224, 26.214006424], [-8.73202514648, 116.594802856, 266.393280029, -22.8225135803, -54.3835983276, -3.50602722168, 53.0433731079, 20.4726142883, -44.9406356812, -1.2871748209, 13.9096975327, -15.7099514008, -17.0771389008], [65.4625091553, -191.822875977, -22.8225135803, 200.675140381, -6.4785785675, 21.3216171265, 51.07862854, -2.03663635254, 17.1417064667, 1.09529721737, 12.5803880692, -12.9438877106, 10.8641700745], [-376.230407715, 196.951965332, -54.3835983276, -6.4785785675, 224.687591553, 13.555934906, -3.86734843254, 10.7917976379, 93.9616012573, 9.26081752777, 19.835515976, 2.47519493103, 34.1131668091], [15.5419435501, -31.6673030853, -3.50602722168, 21.3216171265, 13.555934906, 57.3508644104, 18.0735836029, 0.109142139554, 21.0462436676, 14.584441185, 1.25612998009, 13.9492988586, 8.5363073349], [-359.409942627, 11.5866327286, 53.0433731079, 51.07862854, -3.86734843254, 18.0735836029, 121.412315369, 24.9738349915, 3.92678952217, 14.7458410263, 57.7453079224, -3.72847414017, 12.9549312592], [-6.55836343765, 17.9199428558, 20.4726142883, -2.03663635254, 10.7917976379, 0.109142139554, 24.9738349915, 51.549785614, 10.6950178146, 11.4806232452, 21.0623779297, 14.2625570297, 3.90813565254], [-235.476211548, 67.9336700439, -44.9406356812, 17.1417064667, 93.9616012573, 21.0462436676, 3.92678952217, 10.6950178146, 94.3726196289, 20.0818881989, 9.33695316315, 15.541847229, 27.4224300385], [-34.1133384705, -11.0250759125, -1.2871748209, 1.09529721737, 9.26081752777, 14.584441185, 14.7458410263, 11.4806232452, 20.0818881989, 57.7765884399, 24.3743667603, 10.4030818939, 13.6622123718], [-281.841461182, 46.5018157959, 13.9096975327, 12.5803880692, 19.835515976, 1.25612998009, 57.7453079224, 21.0623779297, 9.33695316315, 24.3743667603, 72.0871353149, 15.3263864517, 10.4201974869], [-29.6178092957, -9.8595495224, -15.7099514008, -12.9438877106, 2.47519493103, 13.9492988586, -3.72847414017, 14.2625570297, 15.541847229, 10.4030818939, 15.3263864517, 47.9631309509, 9.70620441437], [-131.742507935, 26.214006424, -17.0771389008, 10.8641700745, 34.1131668091, 8.5363073349, 12.9549312592, 3.90813565254, 27.4224300385, 13.6622123718, 10.4201974869, 9.70620441437, 36.9904403687]],
        "icov": [[0.00067862396827, -0.00148325413465, 0.000776979140937, -0.00242940895259, 0.00140407145955, -0.00175751606002, 0.0024545986671, -0.00238716229796, 0.00260982383043, -0.00192241452169, 0.00248287827708, -0.000418488954892, 0.00122923380695], [-0.00148325413465, 0.0104337455705, -0.00569301005453, 0.0125923734158, -0.00747487973422, 0.00586515339091, -0.00518489582464, 0.00681809848174, -0.0105983940884, 0.00950784515589, -0.0115998489782, 0.00533628743142, -0.00615515187383], [0.000776979140937, -0.00569301005453, 0.00809150654823, -0.00569445081055, 0.00442305393517, -0.00351759698242, -3.19336904795e-005, -0.0054064556025, 0.00731579959393, -0.00542326876894, 0.00716185476631, -0.00157024664804, 0.00449896976352], [-0.00242940895259, 0.0125923734158, -0.00569445081055, 0.0225689578801, -0.00801047403365, 0.00630281213671, -0.0112554617226, 0.010461605154, -0.0163209028542, 0.0136217968538, -0.0155174471438, 0.00902057439089, -0.00899173971266], [0.00140407145955, -0.00747487973422, 0.00442305393517, -0.00801047403365, 0.015382594429, -0.00743715045974, 0.0088436389342, -0.00779021997005, -0.000875786819961, -0.00294565432705, 0.00236218073405, 0.0031174714677, 0.000202299139346], [-0.00175751606002, 0.00586515339091, -0.00351759698242, 0.00630281213671, -0.00743715045974, 0.0320490151644, -0.0160310305655, 0.0125444382429, -0.0101139331236, -0.00145565636922, 0.00372888031416, -0.0107769183815, -0.000326316687278], [0.0024545986671, -0.00518489582464, -3.19336904795e-005, -0.0112554617226, 0.0088436389342, -0.0160310305655, 0.0324690490961, -0.0153519371524, 0.00758821377531, -0.000965018232819, -0.0112071102485, 0.010721472092, -0.00342346006073], [-0.00238716229796, 0.00681809848174, -0.0054064556025, 0.010461605154, -0.00779021997005, 0.0125444382429, -0.0153519371524, 0.0358143486083, -0.0122104082257, 0.00403139693663, -0.00869261100888, -0.0080695329234, -0.000890973838978], [0.00260982383043, -0.0105983940884, 0.00731579959393, -0.0163209028542, -0.000875786819961, -0.0101139331236, 0.00758821377531, -0.0122104082257, 0.0382170677185, -0.0167095698416, 0.0190509911627, -0.0106220198795, 0.00201114010997], [-0.00192241452169, 0.00950784515589, -0.00542326876894, 0.0136217968538, -0.00294565432705, -0.00145565636922, -0.000965018232819, 0.00403139693663, -0.0167095698416, 0.0354361608624, -0.0245920661837, 0.0103082312271, -0.0136026171967], [0.00248287827708, -0.0115998489782, 0.00716185476631, -0.0155174471438, 0.00236218073405, 0.00372888031416, -0.0112071102485, -0.00869261100888, 0.0190509911627, -0.0245920661837, 0.0518974326551, -0.0222197882831, 0.01290225517], [-0.000418488954892, 0.00533628743142, -0.00157024664804, 0.00902057439089, 0.0031174714677, -0.0107769183815, 0.010721472092, -0.0080695329234, -0.0106220198795, 0.0103082312271, -0.0222197882831, 0.0406026318669, -0.012264248915], [0.00122923380695, -0.00615515187383, 0.00449896976352, -0.00899173971266, 0.000202299139346, -0.000326316687278, -0.00342346006073, -0.000890973838978, 0.00201114010997, -0.0136026171967, 0.01290225517, -0.012264248915, 0.0447903499007]]
    },
    "melbands": {
        "mean": [0.0012034092797, 0.00352891418152, 0.00425760308281, 0.0017891417956, 0.00032833989826, 0.000165654579177, 0.00011295866716, 0.00011755223386, 8.68221904966e-005, 0.000107715903141, 9.93270950858e-005, 4.86440840177e-005, 3.61439779226e-005, 4.17749361077e-005, 3.49088986695e-005, 2.94365254376e-005, 4.77511057397e-005, 5.033385969e-005, 0.000134279616759, 0.000132789515192, 4.10150460084e-005, 3.61985767086e-005, 2.71877743216e-005, 2.48588694376e-005, 2.4094904802e-005, 1.42062908708e-005, 2.25718631555e-005, 1.03339307316e-005, 9.52684604272e-006, 6.39545214653e-006, 7.4627205322e-006, 5.85062707614e-006, 5.34662831342e-006, 3.36630091624e-006, 2.50673906521e-006, 2.74704825642e-006, 3.18072784466e-006, 1.8257795773e-006, 1.3488732975e-006, 7.05768968601e-007],
        "var": [2.13520661418e-006, 7.40652149034e-006, 7.53491576688e-006, 1.29164857299e-006, 5.87386921325e-008, 1.77006871382e-008, 7.91783438814e-009, 1.00016261939e-008, 4.37389413577e-009, 6.41373754107e-009, 6.91620760662e-009, 1.88366544585e-009, 8.3638068693e-010, 1.91013382889e-009, 1.66295766046e-009, 9.57912527078e-010, 3.4545051264e-009, 4.38993241758e-009, 1.93740596899e-008, 1.60526774096e-008, 5.07095831992e-009, 1.71545766481e-009, 1.40789413461e-009, 5.81500458896e-010, 7.25632998133e-010, 3.03252783995e-010, 1.98121163919e-009, 2.35285207983e-010, 1.94035287837e-010, 9.78687200726e-011, 9.94182236536e-011, 7.42290118261e-011, 4.24841863078e-011, 1.71123271803e-011, 1.02596030629e-011, 1.38502048372e-011, 2.19714021282e-011, 3.9122555022e-012, 2.71040698566e-012, 5.95202001834e-013]
    },
    "mfcc": {
        "mean": [-601.478088379, 109.580429077, 2.22198796272, 31.5052280426, 20.2036762238, 10.9238491058, 0.339631229639, 6.13778352737, 3.69630265236, 5.90971803665, -5.39939069748, -8.63328170776, -8.16600799561],
        "cov": [[4225.83349609, -414.18560791, 31.4674491882, 16.1116333008, -125.10484314, -43.8428535461, -212.26008606, -82.290687561, -53.6342468262, -82.0628204346, -142.812744141, -142.173034668, -63.0638465881], [-414.18560791, 840.265930176, -29.0539989471, -89.6599960327, 137.285827637, -46.4152488708, -5.60188293457, 8.39249324799, 4.99930334091, 14.8024644852, 26.4494419098, 3.69147348404, 22.5249900818], [31.4674491882, -29.0539989471, 278.808013916, 24.9884872437, -120.321838379, -15.7777700424, 72.5748214722, 0.495434969664, -19.9110546112, -5.8474650383, -4.52157068253, 29.3655834198, -31.1385498047], [16.1116333008, -89.6599960327, 24.9884872437, 113.635040283, 11.3020782471, 13.7244024277, 32.8600845337, 11.6512203217, 10.1362266541, 26.6018199921, 0.719595074654, 8.1250629425, -5.61042451859], [-125.10484314, 137.285827637, -120.321838379, 11.3020782471, 164.200866699, 32.837146759, -50.3141670227, 16.1403121948, 36.9415779114, 20.5903091431, 16.0627670288, -23.2426834106, 44.2296943665], [-43.8428535461, -46.4152488708, -15.7777700424, 13.7244024277, 32.837146759, 76.2179031372, -3.61149287224, 3.67613077164, 23.8076934814, 10.3905162811, 16.3432922363, -9.56119632721, 13.980764389], [-212.26008606, -5.60188293457, 72.5748214722, 32.8600845337, -50.3141670227, -3.61149287224, 111.078086853, 5.36410570145, -10.0636463165, 18.321308136, 10.2352304459, 44.688331604, -19.1490955353], [-82.290687561, 8.39249324799, 0.495434969664, 11.6512203217, 16.1403121948, 3.67613077164, 5.36410570145, 63.5116119385, 6.65229463577, -2.31819319725, 9.71677303314, 10.9986476898, 6.35780096054], [-53.6342468262, 4.99930334091, -19.9110546112, 10.1362266541, 36.9415779114, 23.8076934814, -10.0636463165, 6.65229463577, 54.5515480042, 20.667722702, 9.32818508148, -12.3541574478, 23.7393856049], [-82.0628204346, 14.8024644852, -5.8474650383, 26.6018199921, 20.5903091431, 10.3905162811, 18.321308136, -2.31819319725, 20.667722702, 47.5437469482, 11.2282829285, 3.88974809647, 7.69496488571], [-142.812744141, 26.4494419098, -4.52157068253, 0.719595074654, 16.0627670288, 16.3432922363, 10.2352304459, 9.71677303314, 9.32818508148, 11.2282829285, 40.6339187622, 15.8138666153, 13.4182186127], [-142.173034668, 3.69147348404, 29.3655834198, 8.1250629425, -23.2426834106, -9.56119632721, 44.688331604, 10.9986476898, -12.3541574478, 3.88974809647, 15.8138666153, 63.3717079163, 1.85140478611], [-63.0638465881, 22.5249900818, -31.1385498047, -5.61042451859, 44.2296943665, 13.980764389, -19.1490955353, 6.35780096054, 23.7393856049, 7.69496488571, 13.4182186127, 1.85140478611, 56.2935638428]],
        "icov": [[0.000325777975377, 5.59807085665e-005, -6.51977097732e-005, -0.000297281803796, 0.0003062246833, -1.37304386953e-005, 0.000757387606427, 0.000177365407581, 0.000171033098013, 4.76619570691e-005, 0.000604318571277, 0.000219537774683, 4.73743166367e-005], [5.59807085665e-005, 0.00217832787894, -0.00110543007031, 0.00252373958938, -0.0036932406947, 0.00223960378207, -0.0011258876184, 0.000174435946974, 0.000336428551236, -0.000686550629325, -0.000871668278705, 0.000232569887885, 0.000926111300942], [-6.51977097732e-005, -0.00110543007031, 0.00640966836363, -0.00246876175515, 0.00592110538855, -0.00124497606885, -0.00145721714944, -0.000666348962113, -0.000803774106316, 0.00111148157157, 4.56178677268e-005, 0.000182289353688, -0.000924564141314], [-0.000297281803796, 0.00252373958938, -0.00246876175515, 0.0152332149446, -0.0068405517377, 0.000776945147663, -0.00464862305671, -0.00217569782399, 0.00021704606479, -0.00662448164076, 0.00179640064016, -0.000447657803306, 0.00305633596145], [0.0003062246833, -0.0036932406947, 0.00592110538855, -0.0068405517377, 0.0201172251254, -0.00567363295704, 0.0058548306115, -0.00277986563742, -0.00148234982044, -0.0020809979178, 0.000231801415794, 0.00189358915668, -0.00688503496349], [-1.37304386953e-005, 0.00223960378207, -0.00124497606885, 0.000776945147663, -0.00567363295704, 0.0197182092816, -0.00272228918038, 0.00112841580994, -0.00480190012604, 0.00149585248437, -0.00793540943414, 0.00386960851029, 0.000569187221117], [0.000757387606427, -0.0011258876184, -0.00145721714944, -0.00464862305671, 0.0058548306115, -0.00272228918038, 0.0209083631635, -0.000236159947235, 0.000540119421203, -0.00623739883304, 0.000995378708467, -0.00980623718351, 0.00395465455949], [0.000177365407581, 0.000174435946974, -0.000666348962113, -0.00217569782399, -0.00277986563742, 0.00112841580994, -0.000236159947235, 0.018500033766, -0.00320102600381, 0.00559711689129, -0.00306429783814, -0.00314137106761, 0.000696159433573], [0.000171033098013, 0.000336428551236, -0.000803774106316, 0.00021704606479, -0.00148234982044, -0.00480190012604, 0.000540119421203, -0.00320102600381, 0.0317917391658, -0.0114974891767, -0.00022475028527, 0.00685145799071, -0.00947040691972], [4.76619570691e-005, -0.000686550629325, 0.00111148157157, -0.00662448164076, -0.0020809979178, 0.00149585248437, -0.00623739883304, 0.00559711689129, -0.0114974891767, 0.0347362011671, -0.00592808751389, 0.000468026293674, 0.000290339172352], [0.000604318571277, -0.000871668278705, 4.56178677268e-005, 0.00179640064016, 0.000231801415794, -0.00793540943414, 0.000995378708467, -0.00306429783814, -0.00022475028527, -0.00592808751389, 0.0373781770468, -0.00901759602129, -0.00400443794206], [0.000219537774683, 0.000232569887885, 0.000182289353688, -0.000447657803306, 0.00189358915668, 0.00386960851029, -0.00980623718351, -0.00314137106761, 0.00685145799071, 0.000468026293674, -0.00901759602129, 0.0287313256413, -0.0069694374688], [4.73743166367e-005, 0.000926111300942, -0.000924564141314, 0.00305633596145, -0.00688503496349, 0.000569187221117, 0.00395465455949, 0.000696159433573, -0.00947040691972, 0.000290339172352, -0.00400443794206, -0.0069694374688, 0.0289122778922]]
    },
    "spectral_contrast_coeffs": {
        "mean": [-0.581098914146, -0.778740286827, -0.806727230549, -0.764803469181, -0.787610590458, -0.768420279026],
        "var": [0.00573375215754, 0.00335100549273, 0.00168582494371, 0.00311620207503, 0.00174686696846, 0.00141613557935]
    },
    "spectral_contrast_valleys": {
        "mean": [-6.69860839844, -6.63431692123, -6.92099809647, -7.16276025772, -7.02545928955, -9.56779384613],
        "var": [0.737633645535, 0.640754103661, 0.582683146, 0.622994422913, 0.609177112579, 0.759280920029]
    }
},
"metadata": {
    "audio_properties": {
        "analysis_sample_rate": 44100,
        "bit_rate": 128074,
        "equal_loudness": 0,
        "length": 45.0612258911,
        "lossless": 0,
        "replay_gain": -6.16492462158,
        "sample_rate": 44100,
        "codec": "mp3",
        "downmix": "mix",
        "md5_encoded": "26526757b538a576d6a1d271cae8509a"
    },
    "tags": {
        "file_name": "1284.mp3"
    },
    "version": {
        "essentia": "2.1-beta2",
        "essentia_git_sha": "v2.1_beta2",
        "extractor": "music 1.0"
    }
},
"rhythm": {
    "beats_count": 112,
    "beats_loudness": {
        "mean": 0.0451143197715,
        "var": 0.000198752852157
    },
    "bpm": 150.429870605,
    "bpm_histogram_first_peak_bpm": {
        "mean": 152,
        "var": 0
    },
    "bpm_histogram_first_peak_spread": {
        "mean": 0.375000029802,
        "var": 0
    },
    "bpm_histogram_first_peak_weight": {
        "mean": 0.585585594177,
        "var": 0
    },
    "bpm_histogram_second_peak_bpm": {
        "mean": 144,
        "var": 0
    },
    "bpm_histogram_second_peak_spread": {
        "mean": 0,
        "var": 0
    },
    "bpm_histogram_second_peak_weight": {
        "mean": 0.0540540553629,
        "var": 0
    },
    "danceability": 0.97206813097,
    "onset_rate": 3.88185477257,
    "beats_loudness_band_ratio": {
        "mean": [0.671787917614, 0.13948597014, 0.0534318350255, 0.0429256893694, 0.0909035429358, 0.0635170862079],
        "var": [0.0200311336666, 0.00444171298295, 0.000747838115785, 0.000639894977212, 0.00549200829118, 0.00276783318259]
    },
    "beats_position": [0.417959183455, 0.812698423862, 1.20743763447, 1.60217678547, 1.99691605568, 2.39165520668, 2.79800438881, 3.20435357094, 3.59909296036, 3.99383211136, 4.40018129349, 4.80653047562, 5.20126962662, 5.59600877762, 6.00235795975, 6.40870714188, 6.80344676971, 7.19818592072, 7.59292507172, 7.99927425385, 8.40562343597, 8.80036258698, 9.19510173798, 9.6014509201, 10.0078001022, 10.4025392532, 10.7972784042, 11.2036275864, 11.6215867996, 12.0279359818, 12.4342851639, 12.8290243149, 13.2237634659, 13.6185035706, 14.0248527527, 14.4195919037, 14.8143310547, 15.2090702057, 15.6038093567, 16.0101585388, 16.4165077209, 16.8112468719, 17.2059860229, 17.600725174, 17.995464325, 18.390203476, 18.784942627, 19.1912918091, 19.5976409912, 19.9923801422, 20.3871192932, 20.8050785065, 21.2230377197, 21.6177768707, 22.0125160217, 22.4072551727, 22.8019943237, 23.1967334747, 23.614692688, 24.009431839, 24.40417099, 24.8221302032, 25.2284793854, 25.6348285675, 26.0295696259, 26.435918808, 26.830657959, 27.22539711, 27.620136261, 28.014875412, 28.3980045319, 28.7927436829, 29.199092865, 29.6054420471, 30.0117912292, 30.4065303802, 30.8128795624, 31.2076187134, 31.6023578644, 32.0087051392, 32.4150543213, 32.8097953796, 33.204536438, 33.5992736816, 34.0056228638, 34.4003639221, 34.8067131042, 35.2014503479, 35.60779953, 36.0025405884, 36.4088897705, 36.8036270142, 37.1983680725, 37.5931053162, 37.9994544983, 38.4058036804, 38.8005447388, 39.1952819824, 39.6016311646, 40.0079803467, 40.402721405, 40.7974586487, 41.2038078308, 41.6101570129, 42.0048980713, 42.4112472534, 42.8175964355, 43.2123336792, 43.6070747375, 44.0018119812, 44.4197731018, 44.8145103455]
},
"tonal": {
    "chords_changes_rate": 0.0288065839559,
    "chords_number_rate": 0.00617283955216,
    "chords_strength": {
        "mean": 0.625907838345,
        "var": 0.00968609470874
    },
    "hpcp_entropy": {
        "mean": 2.35276079178,
        "var": 0.629808962345
    },
    "key_strength": 0.754830777645,
    "tuning_diatonic_strength": 0.703520655632,
    "tuning_equal_tempered_deviation": 0.0877326354384,
    "tuning_frequency": 438.224517822,
    "tuning_nontempered_energy_ratio": 0.734126448631,
    "hpcp": {
        "mean": [0.120953820646, 0.0973884686828, 0.061339404434, 0.0584921129048, 0.0853594318032, 0.222795307636, 0.344026505947, 0.256012588739, 0.195143148303, 0.228245988488, 0.162110343575, 0.0817240551114, 0.0568402260542, 0.052208583802, 0.0713602602482, 0.122435644269, 0.127424731851, 0.0788192898035, 0.0636159777641, 0.0905811712146, 0.258360385895, 0.408731371164, 0.292721688747, 0.144873127341, 0.0859887450933, 0.0441187955439, 0.0424072407186, 0.0573102347553, 0.0681028068066, 0.135267734528, 0.248134955764, 0.216501742601, 0.148887306452, 0.129383012652, 0.0793853476644, 0.087273105979],
        "var": [0.0705109089613, 0.0439423583448, 0.0184753332287, 0.0163147989661, 0.0278021954, 0.0669947117567, 0.10487909615, 0.0639688000083, 0.0710450932384, 0.130589976907, 0.0714352205396, 0.0281147826463, 0.0178307518363, 0.0169311892241, 0.0215150415897, 0.0522977598011, 0.0595542937517, 0.0255198441446, 0.0224014595151, 0.0305282156914, 0.0810274779797, 0.157671809196, 0.0884883776307, 0.0558547116816, 0.0349497757852, 0.0124750491232, 0.00905701238662, 0.0131216282025, 0.0180596038699, 0.0387489795685, 0.109879389405, 0.068176664412, 0.0333407521248, 0.0310126859695, 0.0176516622305, 0.0347003154457]
    },
    "chords_histogram": [79.3209838867, 11.0082302094, 0, 0, 0, 2.46913576126, 0, 2.05761313438, 0, 0, 0, 0, 0, 0, 0, 0, 0, 0, 0, 0, 0, 0, 4.11522626877, 1.02880656719],
    "thpcp": [1, 0.716171324253, 0.354445815086, 0.210379600525, 0.107940807939, 0.103753328323, 0.140214920044, 0.166619971395, 0.330945312977, 0.607085645199, 0.52969199419, 0.364266902208, 0.316547781229, 0.19422377646, 0.213521912694, 0.295924961567, 0.238270103931, 0.150072664022, 0.143106490374, 0.208839938045, 0.545089840889, 0.841693401337, 0.626359045506, 0.477436184883, 0.558425426483, 0.396618306637, 0.199945643544, 0.139064997435, 0.127733245492, 0.174589633942, 0.299550384283, 0.311756670475, 0.192838862538, 0.15564250946, 0.221615418792, 0.632103145123],
    "chords_key": "E",
    "chords_scale": "minor",
    "key_key": "E",
    "key_scale": "minor"
}
}