{
"lowlevel": {
    "average_loudness": 0.978365063667,
    "barkbands_crest": {
        "mean": 11.7946462631,
        "var": 18.0023708344
    },
    "barkbands_flatness_db": {
        "mean": 0.407637834549,
        "var": 0.00145161396358
    },
    "barkbands_kurtosis": {
        "mean": 3.52490758896,
        "var": 37.2607765198
    },
    "barkbands_skewness": {
        "mean": 1.026060462,
        "var": 1.22445106506
    },
    "barkbands_spread": {
        "mean": 6.84014606476,
        "var": 24.3671569824
    },
    "dissonance": {
        "mean": 0.406102985144,
        "var": 0.00291932397522
    },
    "dynamic_complexity": 1.41844189167,
    "erbbands_crest": {
        "mean": 15.099694252,
        "var": 34.6516189575
    },
    "erbbands_flatness_db": {
        "mean": 0.455066382885,
        "var": 0.00117785902694
    },
    "erbbands_kurtosis": {
        "mean": 2.71525073051,
        "var": 27.3453464508
    },
    "erbbands_skewness": {
        "mean": 0.739692509174,
        "var": 1.13829898834
    },
    "erbbands_spread": {
        "mean": 11.5730323792,
        "var": 53.2986183167
    },
    "hfc": {
        "mean": 23.2544250488,
        "var": 229.155303955
    },
    "melbands_crest": {
        "mean": 16.0022926331,
        "var": 36.6592216492
    },
    "melbands_flatness_db": {
        "mean": 0.465383350849,
        "var": 0.00182250572834
    },
    "melbands_kurtosis": {
        "mean": 5.08468484879,
        "var": 66.6618652344
    },
    "melbands_skewness": {
        "mean": 1.18626213074,
        "var": 1.39206767082
    },
    "melbands_spread": {
        "mean": 11.4726476669,
        "var": 99.313873291
    },
    "pitch_salience": {
        "mean": 0.552968800068,
        "var": 0.0135712502524
    },
    "silence_rate_20dB": {
        "mean": 1,
        "var": 0
    },
    "silence_rate_30dB": {
        "mean": 1,
        "var": 0
    },
    "silence_rate_60dB": {
        "mean": 0.0102986609563,
        "var": 0.010192499496
    },
    "spectral_centroid": {
        "mean": 1061.99719238,
        "var": 227961.6875
    },
    "spectral_complexity": {
        "mean": 14.5844488144,
        "var": 29.5270900726
    },
    "spectral_decrease": {
        "mean": -6.14302875235e-009,
        "var": 8.80005276369e-018
    },
    "spectral_energy": {
        "mean": 0.0252944640815,
        "var": 0.000151185435243
    },
    "spectral_energyband_high": {
        "mean": 7.01203788367e-008,
        "var": 1.437075502e-012
    },
    "spectral_energyband_low": {
        "mean": 1.69061854649e-006,
        "var": 4.20594505404e-012
    },
    "spectral_energyband_middle_high": {
        "mean": 0.0108352294192,
        "var": 7.76452943683e-005
    },
    "spectral_energyband_middle_low": {
        "mean": 0.0161088481545,
        "var": 9.41965045058e-005
    },
    "spectral_entropy": {
        "mean": 6.2042593956,
        "var": 0.148857668042
    },
    "spectral_flux": {
        "mean": 0.0620867833495,
        "var": 0.00158292229753
    },
    "spectral_kurtosis": {
        "mean": 40.5652580261,
        "var": 931.03894043
    },
    "spectral_rms": {
        "mean": 0.00481152813882,
        "var": 1.52665677433e-006
    },
    "spectral_rolloff": {
        "mean": 1245.41162109,
        "var": 467438.375
    },
    "spectral_skewness": {
        "mean": 3.25578165054,
        "var": 3.63276386261
    },
    "spectral_spread": {
        "mean": 1130664,
        "var": 861398892544
    },
    "spectral_strongpeak": {
        "mean": 2.85099124908,
        "var": 4.50616168976
    },
    "zerocrossingrate": {
        "mean": 0.0445771627128,
        "var": 0.000335409567924
    },
    "barkbands": {
        "mean": [3.66871404367e-008, 9.34991533086e-008, 7.15152793873e-007, 5.26398753209e-006, 0.00038895723992, 0.0010205085855, 0.00338335172273, 0.00617849035189, 0.00239473953843, 0.005174765829, 0.000816637591925, 0.00108492106665, 0.000606540474109, 0.00175823329482, 0.000671223155223, 0.000438544142526, 0.000406017672503, 0.00071706995368, 0.000248007418122, 3.09123805664e-007, 2.74928098065e-008, 1.07030464491e-008, 6.32132390876e-009, 5.03426100806e-009, 3.77619757685e-009, 2.99377345137e-009, 8.58106585788e-010],
        "var": [4.27427478855e-015, 3.10596410787e-014, 7.21916016549e-013, 1.21740811876e-010, 4.60712072936e-007, 1.58785314852e-006, 2.9008175261e-005, 4.53410175396e-005, 1.03050688267e-005, 2.88948540401e-005, 1.57048100391e-006, 2.26911447498e-006, 2.35417405747e-006, 3.18501042784e-005, 3.61093293577e-006, 1.85319800039e-006, 2.93927678285e-006, 2.68554845206e-006, 3.00743408843e-007, 1.27864960373e-012, 2.86800666766e-013, 3.11175510272e-014, 1.13785264644e-014, 9.66934696103e-015, 7.85503118713e-015, 7.35171997471e-015, 7.52888874762e-018]
    },
    "erbbands": {
        "mean": [4.74020953334e-006, 4.1864826926e-005, 0.000739569019061, 0.0113724172115, 0.19403962791, 1.39623773098, 7.12877035141, 6.88445043564, 26.4995574951, 93.9169845581, 137.757019043, 51.5451393127, 171.296279907, 97.5456390381, 30.6899795532, 53.1765899658, 36.0160903931, 88.911529541, 49.2711486816, 29.3063697815, 18.4723701477, 22.3844070435, 36.300151825, 28.0941295624, 5.19147634506, 0.199625968933, 0.0122740771621, 0.00241608731449, 0.000787978235167, 0.00042447281885, 0.000236131061683, 0.000152199354488, 0.000118907773867, 7.44768549339e-005, 4.8198915465e-005, 3.01044456137e-005, 1.57481463248e-005, 4.79740401715e-006, 1.37757506309e-005, 3.00898100249e-005],
        "var": [3.42649242313e-011, 2.34696595491e-009, 5.56875988877e-007, 0.000331460410962, 0.104145511985, 7.19234609604, 73.6825714111, 132.350692749, 2348.33813477, 22277.5976563, 30120.2773438, 2736.33666992, 39236.109375, 14402.8457031, 1678.37817383, 4866.70361328, 5948.29931641, 72667.8203125, 10748.1132813, 7615.44287109, 1579.76318359, 6854.39990234, 9431.73046875, 2909.68823242, 112.27015686, 0.162592828274, 0.00112736830488, 0.00026781874476, 4.56067209598e-005, 2.37001750065e-005, 7.79835499998e-006, 4.04696402256e-006, 2.93523521577e-006, 1.09906795842e-006, 3.90606459177e-007, 1.16599771616e-007, 2.35613448751e-008, 8.17194700797e-010, 4.94484592162e-011, 2.21116611132e-010]
    },
    "gfcc": {
        "mean": [-179.736740112, 189.786010742, -230.078109741, -100.996368408, -34.4476547241, -77.3829574585, -40.5258636475, 3.83822488785, -23.5023517609, -27.5865859985, 6.75232839584, -14.8870210648, -10.9637241364],
        "cov": [[2148.6015625, -267.062561035, -868.765686035, 262.760192871, 220.6824646, -353.46762085, -58.81407547, 2.04995846748, -94.2500305176, 69.1491012573, 3.35019898415, -74.2914123535, -35.9368133545], [-267.062561035, 453.156463623, 318.410583496, -232.53465271, -102.659790039, 70.380821228, 28.8971309662, -29.4800357819, -55.4688873291, -111.639923096, 12.2452402115, 42.938873291, 25.8371047974], [-868.765686035, 318.410583496, 632.671508789, -182.24987793, -201.460861206, 148.98248291, 18.3892993927, 10.8511171341, 21.1638126373, -100.813766479, -5.48594141006, 65.3729400635, 23.3163299561], [262.760192871, -232.53465271, -182.24987793, 397.137786865, 79.5115203857, -178.794464111, -44.1391525269, 25.9273719788, -7.75396728516, 30.9108295441, -21.7850914001, -20.3876094818, -7.16862821579], [220.6824646, -102.659790039, -201.460861206, 79.5115203857, 168.197128296, -11.2049856186, -68.1288528442, -33.6983184814, 28.5624504089, 33.6133651733, -44.4030914307, -42.9062423706, 1.19449555874], [-353.46762085, 70.380821228, 148.98248291, -178.794464111, -11.2049856186, 248.467498779, 32.5673980713, -59.3540840149, -3.74142575264, -11.5768156052, -16.0901031494, -5.68204498291, 10.2064304352], [-58.81407547, 28.8971309662, 18.3892993927, -44.1391525269, -68.1288528442, 32.5673980713, 124.801002502, 22.8920612335, -73.818145752, -22.6593799591, 37.4209136963, 8.12860202789, -7.74684476852], [2.04995846748, -29.4800357819, 10.8511171341, 25.9273719788, -33.6983184814, -59.3540840149, 22.8920612335, 85.4406280518, 32.8071784973, -23.5887813568, -8.55343055725, 14.716424942, -1.46844983101], [-94.2500305176, -55.4688873291, 21.1638126373, -7.75396728516, 28.5624504089, -3.74142575264, -73.818145752, 32.8071784973, 130.828292847, 47.9818649292, -37.7554092407, -23.7236366272, -4.81221723557], [69.1491012573, -111.639923096, -100.813766479, 30.9108295441, 33.6133651733, -11.5768156052, -22.6593799591, -23.5887813568, 47.9818649292, 122.985877991, 34.9026260376, -52.0243148804, -34.5617790222], [3.35019898415, 12.2452402115, -5.48594141006, -21.7850914001, -44.4030914307, -16.0901031494, 37.4209136963, -8.55343055725, -37.7554092407, 34.9026260376, 83.3243865967, 26.6013355255, -22.7295265198], [-74.2914123535, 42.938873291, 65.3729400635, -20.3876094818, -42.9062423706, -5.68204498291, 8.12860202789, 14.716424942, -23.7236366272, -52.0243148804, 26.6013355255, 85.8857498169, 28.195268631], [-35.9368133545, 25.8371047974, 23.3163299561, -7.16862821579, 1.19449555874, 10.2064304352, -7.74684476852, -1.46844983101, -4.81221723557, -34.5617790222, -22.7295265198, 28.195268631, 57.2460632324]],
        "icov": [[0.00168442260474, -0.00116491259541, 0.00287720980123, 0.000354888092261, 0.00156295765191, 0.000224275892833, 0.00341405207291, -0.00305995601229, 0.00450555933639, -0.0028700218536, 0.00330105074681, -0.000982133555226, 0.00120705389418], [-0.00116491259541, 0.00965667609125, -0.00588840898126, 0.00378734525293, -0.00365133071318, 0.00503075448796, -0.00459861848503, 0.0106980130076, -0.00805629324168, 0.0161378588527, -0.0133244935423, 0.00978808477521, -0.00443122396246], [0.00287720980123, -0.00588840898126, 0.0120753571391, -0.00269353971817, 0.0110669350252, -0.00493118679151, 0.00809430517256, -0.00443677138537, 0.00220126961358, -0.00135477632284, 0.004644270055, -0.00181924528442, 0.0029452056624], [0.000354888092261, 0.00378734525293, -0.00269353971817, 0.00808686576784, -0.00356768886559, 0.00589768961072, 0.00230156048201, -0.00310650258325, 0.00990182254463, -0.0064036604017, 0.00751442043111, -0.00251579773612, 0.00106680986937], [0.00156295765191, -0.00365133071318, 0.0110669350252, -0.00356768886559, 0.0228175688535, -0.00578824151307, 0.0108769452199, 0.000616411096416, 0.000901899067685, -0.000379652134143, 0.00734658399597, 0.000855028047226, 0.00206085899845], [0.000224275892833, 0.00503075448796, -0.00493118679151, 0.00589768961072, -0.00578824151307, 0.0166458208114, -0.0146650122479, 0.0192548576742, -0.00881108921021, 0.00475889211521, 0.00411268835887, -0.00203889654949, 0.0010492176516], [0.00341405207291, -0.00459861848503, 0.00809430517256, 0.00230156048201, 0.0108769452199, -0.0146650122479, 0.0513844452798, -0.0486116558313, 0.0493117272854, -0.0235976725817, 0.0072058304213, 0.0047537018545, -0.000277441518847], [-0.00305995601229, 0.0106980130076, -0.00443677138537, -0.00310650258325, 0.000616411096416, 0.0192548576742, -0.0486116558313, 0.0828202813864, -0.0731751769781, 0.0589488781989, -0.0304104425013, 0.0121587952599, -0.0018553652335], [0.00450555933639, -0.00805629324168, 0.00220126961358, 0.00990182254463, 0.000901899067685, -0.00881108921021, 0.0493117272854, -0.0731751769781, 0.0970773994923, -0.0822207927704, 0.0644563362002, -0.0306779369712, 0.012378629297], [-0.0028700218536, 0.0161378588527, -0.00135477632284, -0.0064036604017, -0.000379652134143, 0.00475889211521, -0.0235976725817, 0.0589488781989, -0.0822207927704, 0.113636530936, -0.0977019965649, 0.0643865615129, -0.0206664670259], [0.00330105074681, -0.0133244935423, 0.004644270055, 0.00751442043111, 0.00734658399597, 0.00411268835887, 0.0072058304213, -0.0304104425013, 0.0644563362002, -0.0977019965649, 0.117749333382, -0.0733488276601, 0.035754263401], [-0.000982133555226, 0.00978808477521, -0.00181924528442, -0.00251579773612, 0.000855028047226, -0.00203889654949, 0.0047537018545, 0.0121587952599, -0.0306779369712, 0.0643865615129, -0.0733488276601, 0.0673071369529, -0.0292872469872], [0.00120705389418, -0.00443122396246, 0.0029452056624, 0.00106680986937, 0.00206085899845, 0.0010492176516, -0.000277441518847, -0.0018553652335, 0.012378629297, -0.0206664670259, 0.035754263401, -0.0292872469872, 0.0360293351114]]
    },
    "melbands": {
        "mean": [2.77065055343e-008, 2.07178786127e-007, 5.19814921063e-006, 4.15154136135e-005, 0.000204515134101, 0.000174310422153, 0.000466767582111, 0.000994740403257, 0.00108894961886, 0.000296598183922, 0.000847037590574, 0.000392898858991, 0.000109884997073, 9.25217173062e-005, 0.00013557379134, 5.70861957385e-005, 0.000188322170288, 8.43192610773e-005, 4.77392495668e-005, 3.37811179634e-005, 2.01475340873e-005, 2.18963177758e-005, 2.82216660707e-005, 3.55559495802e-005, 2.23702118092e-005, 6.02259888183e-006, 3.7978469436e-007, 8.72261596285e-010, 8.21283430152e-010, 6.87036261215e-010, 4.3695519425e-010, 2.25979499002e-010, 1.84478834986e-010, 1.43111009154e-010, 9.70854577287e-011, 7.57383461503e-011, 6.09245986993e-011, 6.22256690619e-011, 4.82669598734e-011, 3.61229934853e-011],
        "var": [2.52534741708e-015, 5.85326397269e-014, 9.53073939214e-011, 6.71273392427e-009, 6.1829069864e-008, 7.15567836096e-008, 6.61174851757e-007, 2.20416382035e-006, 1.94023573385e-006, 1.45913546135e-007, 9.92986770143e-007, 2.52952929714e-007, 2.59614623133e-008, 1.32281936516e-008, 4.95197340911e-008, 1.74322583035e-008, 3.83178758057e-007, 3.8649819345e-008, 2.36965433942e-008, 1.3782245567e-008, 3.01683411585e-009, 7.58429763437e-009, 8.102643001e-009, 6.89503920626e-009, 2.04494576828e-009, 1.73917713564e-010, 1.07080989041e-012, 1.56497013241e-016, 2.66533872279e-016, 2.06005652257e-016, 5.62725742938e-017, 1.44476689277e-017, 9.65997070335e-018, 6.13429490849e-018, 2.66619439978e-018, 1.83449779467e-018, 1.38636577018e-018, 1.47159215324e-018, 1.15352962719e-018, 6.49992166393e-019]
    },
    "mfcc": {
        "mean": [-784.691162109, 222.451660156, -104.395927429, -59.5184211731, -10.2397375107, -73.5384368896, -33.7737236023, 3.20477700233, -34.9885787964, -14.9889974594, 8.61118602753, -22.2648448944, -14.1932296753],
        "cov": [[1111.17236328, 223.872619629, -813.175170898, 91.4200210571, 287.688323975, -243.729751587, -16.769329071, 56.1864891052, -217.884384155, 21.4796676636, 104.449928284, -165.84022522, -51.0301589966], [223.872619629, 240.503250122, 27.6557712555, -91.5352935791, -62.4006156921, -6.97093725204, 24.8606433868, 13.2547683716, -34.0284843445, -55.7594184875, -34.5675239563, -13.9549503326, -12.3490514755], [-813.175170898, 27.6557712555, 904.328430176, -98.8277359009, -376.307067871, 195.896194458, 53.9575157166, -29.4507160187, 165.729171753, -100.69228363, -148.297286987, 156.571502686, 45.3925971985], [91.4200210571, -91.5352935791, -98.8277359009, 248.68510437, 153.039596558, -141.236755371, -61.4066848755, 25.8823795319, -45.0913696289, -1.39008331299, 29.4692325592, -23.3770904541, -2.58589220047], [287.688323975, -62.4006156921, -376.307067871, 153.039596558, 305.430999756, -69.270614624, -108.110671997, -14.0471010208, -34.3813247681, 51.6290016174, 46.0498046875, -80.3332061768, -44.1816864014], [-243.729751587, -6.97093725204, 195.896194458, -141.236755371, -69.270614624, 231.92376709, 61.4040908813, -66.8422927856, 70.7761077881, 25.3768043518, -52.2398757935, 8.24451065063, -8.68424224854], [-16.769329071, 24.8606433868, 53.9575157166, -61.4066848755, -108.110671997, 61.4040908813, 160.475112915, 38.6191825867, -52.5355033875, -19.9626407623, -6.34390592575, -9.09854698181, 14.1489906311], [56.1864891052, 13.2547683716, -29.4507160187, 25.8823795319, -14.0471010208, -66.8422927856, 38.6191825867, 107.968185425, 10.4268798828, -59.2687835693, -23.2774600983, 5.52517557144, -1.49596190453], [-217.884384155, -34.0284843445, 165.729171753, -45.0913696289, -34.3813247681, 70.7761077881, -52.5355033875, 10.4268798828, 160.034393311, 21.7063007355, -62.8518791199, 23.0066299438, -3.77805542946], [21.4796676636, -55.7594184875, -100.69228363, -1.39008331299, 51.6290016174, 25.3768043518, -19.9626407623, -59.2687835693, 21.7063007355, 137.920333862, 68.0806350708, -46.8620033264, -13.013958931], [104.449928284, -34.5675239563, -148.297286987, 29.4692325592, 46.0498046875, -52.2398757935, -6.34390592575, -23.2774600983, -62.8518791199, 68.0806350708, 121.705108643, 12.6013946533, -12.3744297028], [-165.84022522, -13.9549503326, 156.571502686, -23.3770904541, -80.3332061768, 8.24451065063, -9.09854698181, 5.52517557144, 23.0066299438, -46.8620033264, 12.6013946533, 125.807235718, 55.7018241882], [-51.0301589966, -12.3490514755, 45.3925971985, -2.58589220047, -44.1816864014, -8.68424224854, 14.1489906311, -1.49596190453, -3.77805542946, -13.013958931, -12.3744297028, 55.7018241882, 98.8503570557]],
        "icov": [[0.0375284776092, -0.0547727607191, 0.0643055588007, -0.0698171406984, 0.0691283494234, -0.0574768297374, 0.0414434112608, -0.0243405830115, 0.0140154995024, -0.00933154392987, 0.00778403924778, -0.00652614561841, 0.00468160351738], [-0.0547727607191, 0.0884169638157, -0.0987812206149, 0.113839969039, -0.11088334024, 0.0960786566138, -0.067376807332, 0.039738189429, -0.0185090061277, 0.0135878911242, -0.00713171018288, 0.00926104746759, -0.0047948108986], [0.0643055588007, -0.0987812206149, 0.127398356795, -0.145616665483, 0.153738498688, -0.132495298982, 0.101114355028, -0.0631647258997, 0.0406908541918, -0.0300490576774, 0.0269171856344, -0.0222571790218, 0.0137010011822], [-0.0698171406984, 0.113839969039, -0.145616665483, 0.187917903066, -0.203931584954, 0.200134932995, -0.169514283538, 0.127904772758, -0.0873815640807, 0.0585111416876, -0.0328413583338, 0.0204246360809, -0.00866044033319], [0.0691283494234, -0.11088334024, 0.153738498688, -0.203931584954, 0.25456649065, -0.271844059229, 0.271830409765, -0.236161440611, 0.188710257411, -0.133598521352, 0.0795884728432, -0.0387843698263, 0.0147589687258], [-0.0574768297374, 0.0960786566138, -0.132495298982, 0.200134932995, -0.271844059229, 0.355831205845, -0.38861361146, 0.383148908615, -0.318291097879, 0.224749326706, -0.1210097, 0.0526347979903, -0.00779358996078], [0.0414434112608, -0.067376807332, 0.101114355028, -0.169514283538, 0.271830409765, -0.38861361146, 0.481596767902, -0.504768610001, 0.453380048275, -0.343248456717, 0.207252115011, -0.0970244407654, 0.0256495010108], [-0.0243405830115, 0.039738189429, -0.0631647258997, 0.127904772758, -0.236161440611, 0.383148908615, -0.504768610001, 0.581246972084, -0.541311860085, 0.441641241312, -0.28423640132, 0.150413885713, -0.0489808656275], [0.0140154995024, -0.0185090061277, 0.0406908541918, -0.0873815640807, 0.188710257411, -0.318291097879, 0.453380048275, -0.541311860085, 0.561647772789, -0.491158634424, 0.361681342125, -0.214313775301, 0.0900925174356], [-0.00933154392987, 0.0135878911242, -0.0300490576774, 0.0585111416876, -0.133598521352, 0.224749326706, -0.343248456717, 0.441641241312, -0.491158634424, 0.487768828869, -0.390671312809, 0.257117688656, -0.120289862156], [0.00778403924778, -0.00713171018288, 0.0269171856344, -0.0328413583338, 0.0795884728432, -0.1210097, 0.207252115011, -0.28423640132, 0.361681342125, -0.390671312809, 0.358679026365, -0.24818213284, 0.128023445606], [-0.00652614561841, 0.00926104746759, -0.0222571790218, 0.0204246360809, -0.0387843698263, 0.0526347979903, -0.0970244407654, 0.150413885713, -0.214313775301, 0.257117688656, -0.24818213284, 0.195785969496, -0.103737719357], [0.00468160351738, -0.0047948108986, 0.0137010011822, -0.00866044033319, 0.0147589687258, -0.00779358996078, 0.0256495010108, -0.0489808656275, 0.0900925174356, -0.120289862156, 0.128023445606, -0.103737719357, 0.06900434196]]
    },
    "spectral_contrast_coeffs": {
        "mean": [-0.496789932251, -0.632767379284, -0.653609633446, -0.70905482769, -0.507184207439, -0.901914596558],
        "var": [0.00464445352554, 0.00640914682299, 0.00497768633068, 0.00512074679136, 0.00647028489038, 0.00134910678025]
    },
    "spectral_contrast_valleys": {
        "mean": [-11.1350450516, -6.68680953979, -7.33525085449, -8.0300989151, -11.2073335648, -14.2626104355],
        "var": [0.371347308159, 0.56746160984, 0.627132534981, 0.598998248577, 0.468844264746, 0.765233337879]
    }
},
"metadata": {
    "audio_properties": {
        "analysis_sample_rate": 44100,
        "bit_rate": 64037,
        "equal_loudness": 0,
        "length": 45.0612258911,
        "lossless": 0,
        "replay_gain": -5.91593933105,
        "sample_rate": 44100,
        "codec": "mp3",
        "downmix": "mix",
        "md5_encoded": "d0cba90614602cb4827f66abd23af154"
    },
    "tags": {
        "file_name": "1286.mp3"
    },
    "version": {
        "essentia": "2.1-beta2",
        "essentia_git_sha": "v2.1_beta2",
        "extractor": "music 1.0"
    }
},
"rhythm": {
    "beats_count": 70,
    "beats_loudness": {
        "mean": 0.0315530113876,
        "var": 0.000107108942757
    },
    "bpm": 94.9716796875,
    "bpm_histogram_first_peak_bpm": {
        "mean": 96,
        "var": 0
    },
    "bpm_histogram_first_peak_spread": {
        "mean": 0.606060624123,
        "var": 0
    },
    "bpm_histogram_first_peak_weight": {
        "mean": 0.376811593771,
        "var": 0
    },
    "bpm_histogram_second_peak_bpm": {
        "mean": 88,
        "var": 0
    },
    "bpm_histogram_second_peak_spread": {
        "mean": 0.333333343267,
        "var": 0
    },
    "bpm_histogram_second_peak_weight": {
        "mean": 0.0289855077863,
        "var": 0
    },
    "danceability": 1.25760018826,
    "onset_rate": 2.83929944038,
    "beats_loudness_band_ratio": {
        "mean": [0.00204309192486, 0.0631679594517, 0.577741920948, 0.347364097834, 0.119606100023, 0.00704736122862],
        "var": [7.58515079724e-006, 0.00362736871466, 0.0347543545067, 0.0339919067919, 0.0133765181527, 9.89088657661e-005]
    },
    "beats_position": [0.684988677502, 1.369977355, 2.04335594177, 2.70512461662, 3.34367346764, 3.99383211136, 4.6439909935, 5.27092981339, 5.89786815643, 6.52480697632, 7.17496585846, 7.8251247406, 8.46367359161, 9.11383247375, 9.75238037109, 10.3677091599, 10.9830379486, 11.6331968307, 12.2717456818, 12.9102945328, 13.5372333527, 14.1641721725, 14.7678909302, 15.4180498123, 16.0449886322, 16.6719264984, 17.298866272, 17.9374141693, 18.575963974, 19.1912918091, 19.8298416138, 20.45677948, 21.0721092224, 21.6874370575, 22.3375968933, 22.9877548218, 23.6379127502, 24.2764625549, 24.9150104523, 25.553560257, 26.1804981232, 26.7958278656, 27.4227657318, 28.0497055054, 28.6998634338, 29.3268013, 29.9537410736, 30.5806789398, 31.2076187134, 31.8345565796, 32.4614944458, 33.0884361267, 33.7153739929, 34.3423118591, 34.9692497253, 35.5961914063, 36.2231292725, 36.8616790771, 37.4770050049, 38.0807266235, 38.6844444275, 39.2997741699, 39.9151000977, 40.5420417786, 41.1689796448, 41.8191375732, 42.4692955017, 43.1194534302, 43.7696151733, 44.4197731018]
},
"tonal": {
    "chords_changes_rate": 0.0257201641798,
    "chords_number_rate": 0.00514403311536,
    "chords_strength": {
        "mean": 0.580655694008,
        "var": 0.00498066609725
    },
    "hpcp_entropy": {
        "mean": 1.43668818474,
        "var": 0.390276014805
    },
    "key_strength": 0.866991102695,
    "tuning_diatonic_strength": 0.683934152126,
    "tuning_equal_tempered_deviation": 0.0663126185536,
    "tuning_frequency": 451.84777832,
    "tuning_nontempered_energy_ratio": 0.659145534039,
    "hpcp": {
        "mean": [0.246762081981, 0.14368237555, 0.0347204431891, 0.0197635237128, 0.036931540817, 0.212163880467, 0.321306556463, 0.156479865313, 0.0439640916884, 0.0329741090536, 0.0233788769692, 0.0291732437909, 0.0435082316399, 0.0938719436526, 0.38206589222, 0.522154092789, 0.218619629741, 0.0300538279116, 0.0323958583176, 0.0436856262386, 0.0572799518704, 0.0468842461705, 0.0415109544992, 0.0414272136986, 0.0360790975392, 0.0445671379566, 0.123838931322, 0.205866783857, 0.190937936306, 0.333023220301, 0.36079838872, 0.126054108143, 0.0291711296886, 0.0330291688442, 0.0622115693986, 0.170627132058],
        "var": [0.0653792545199, 0.0404532589018, 0.0145350405946, 0.00750147877261, 0.0152426799759, 0.0638312473893, 0.129884094, 0.0343003980815, 0.0189494360238, 0.0119063975289, 0.0060401330702, 0.0110889021307, 0.017520641908, 0.043106354773, 0.0763848051429, 0.134874626994, 0.0290894173086, 0.00780704477802, 0.00691480748355, 0.0174662582576, 0.0247052758932, 0.011783615686, 0.0103696957231, 0.014293635264, 0.00961157958955, 0.015724344179, 0.042645867914, 0.108096644282, 0.0514783672988, 0.108141221106, 0.131017416716, 0.0252835322171, 0.00886746309698, 0.00950891897082, 0.0261268187314, 0.0427778251469]
    },
    "chords_histogram": [67.0781860352, 5.65843629837, 21.9135799408, 0.308641970158, 0, 0, 0, 0, 1.13168728352, 0, 3.18930029869, 0, 0, 0, 0, 0, 0, 0.720164597034, 0, 0, 0, 0, 0, 0],
    "thpcp": [1, 0.418687969446, 0.0575573928654, 0.0620427168906, 0.0836642384529, 0.109699323773, 0.0897900611162, 0.0794994309545, 0.0793390572071, 0.069096647203, 0.0853524655104, 0.237169325352, 0.394264429808, 0.365673542023, 0.637787222862, 0.690980672836, 0.241411700845, 0.0558668971062, 0.0632556006312, 0.119144082069, 0.326775431633, 0.472584784031, 0.275172352791, 0.066494628787, 0.0378499850631, 0.0707291960716, 0.406324267387, 0.615348160267, 0.299681395292, 0.0841975435615, 0.063150152564, 0.0447739027441, 0.0558709464967, 0.0833245068789, 0.179778233171, 0.731710970402],
    "chords_key": "G",
    "chords_scale": "major",
    "key_key": "G",
    "key_scale": "major"
}
}