{
"lowlevel": {
    "average_loudness": 0.855724215508,
    "barkbands_crest": {
        "mean": 9.4295835495,
        "var": 16.0781345367
    },
    "barkbands_flatness_db": {
        "mean": 0.138442501426,
        "var": 0.00301660480909
    },
    "barkbands_kurtosis": {
        "mean": 2.90664172173,
        "var": 23.8675403595
    },
    "barkbands_skewness": {
        "mean": 0.989340484142,
        "var": 1.29211425781
    },
    "barkbands_spread": {
        "mean": 20.5371456146,
        "var": 165.305023193
    },
    "dissonance": {
        "mean": 0.447252452374,
        "var": 0.00179086031858
    },
    "dynamic_complexity": 5.41794252396,
    "erbbands_crest": {
        "mean": 12.0017280579,
        "var": 35.1617736816
    },
    "erbbands_flatness_db": {
        "mean": 0.185499250889,
        "var": 0.00308854551986
    },
    "erbbands_kurtosis": {
        "mean": 1.66544747353,
        "var": 11.7293310165
    },
    "erbbands_skewness": {
        "mean": 0.520011901855,
        "var": 0.729123175144
    },
    "erbbands_spread": {
        "mean": 31.4365310669,
        "var": 362.453643799
    },
    "hfc": {
        "mean": 15.2487506866,
        "var": 634.513366699
    },
    "melbands_crest": {
        "mean": 13.0214185715,
        "var": 27.2195110321
    },
    "melbands_flatness_db": {
        "mean": 0.18259061873,
        "var": 0.00502908648923
    },
    "melbands_kurtosis": {
        "mean": 8.13008022308,
        "var": 166.180023193
    },
    "melbands_skewness": {
        "mean": 1.70497250557,
        "var": 2.38140487671
    },
    "melbands_spread": {
        "mean": 27.4981231689,
        "var": 460.851623535
    },
    "pitch_salience": {
        "mean": 0.552444398403,
        "var": 0.0123364953324
    },
    "silence_rate_20dB": {
        "mean": 1,
        "var": 0
    },
    "silence_rate_30dB": {
        "mean": 0.99794024229,
        "var": 0.0020555134397
    },
    "silence_rate_60dB": {
        "mean": 0.272914528847,
        "var": 0.198435425758
    },
    "spectral_centroid": {
        "mean": 1507.84399414,
        "var": 529759.4375
    },
    "spectral_complexity": {
        "mean": 11.052523613,
        "var": 36.9621009827
    },
    "spectral_decrease": {
        "mean": -3.4754497058e-009,
        "var": 1.89562995745e-017
    },
    "spectral_energy": {
        "mean": 0.0145002501085,
        "var": 0.000333506497554
    },
    "spectral_energyband_high": {
        "mean": 0.000432253378676,
        "var": 2.66199208454e-006
    },
    "spectral_energyband_low": {
        "mean": 0.00211997120641,
        "var": 1.32851728267e-005
    },
    "spectral_energyband_middle_high": {
        "mean": 0.00660145888105,
        "var": 0.000198152440134
    },
    "spectral_energyband_middle_low": {
        "mean": 0.00589186325669,
        "var": 5.76927777729e-005
    },
    "spectral_entropy": {
        "mean": 7.45752763748,
        "var": 0.248269706964
    },
    "spectral_flux": {
        "mean": 0.0550180263817,
        "var": 0.00202834303491
    },
    "spectral_kurtosis": {
        "mean": 4.27226877213,
        "var": 12.5634727478
    },
    "spectral_rms": {
        "mean": 0.00319385481998,
        "var": 3.94587914343e-006
    },
    "spectral_rolloff": {
        "mean": 1820.48779297,
        "var": 2564143
    },
    "spectral_skewness": {
        "mean": 1.51734232903,
        "var": 0.258555412292
    },
    "spectral_spread": {
        "mean": 4496707,
        "var": 2.18678401434e+012
    },
    "spectral_strongpeak": {
        "mean": 1.51870238781,
        "var": 4.74289178848
    },
    "zerocrossingrate": {
        "mean": 0.0699609965086,
        "var": 0.00172357074916
    },
    "barkbands": {
        "mean": [1.01097639345e-005, 0.000877081649378, 0.000928196648601, 0.000478050205857, 0.000776803412009, 0.000821289897431, 0.000897224992514, 0.000964733539149, 0.00146184721962, 0.000898714119103, 0.0015977146104, 0.00117624516133, 0.000964329869021, 0.00108409812674, 0.000209005389479, 0.000208443627344, 0.000192267179955, 0.000168423022842, 0.000277127604932, 0.000158796116011, 8.96356941666e-005, 7.13449262548e-005, 7.53056810936e-005, 5.26018047822e-005, 4.99873131048e-005, 1.04721793832e-005, 4.09251470046e-007],
        "var": [3.95958432708e-010, 2.65625681095e-006, 3.98966358262e-006, 1.61908280916e-006, 3.22777486872e-006, 2.34078970607e-006, 4.53817756352e-006, 6.76505305819e-006, 1.44208061101e-005, 6.44346255285e-006, 3.30934235535e-005, 3.72686881747e-005, 1.20779504869e-005, 2.64067966782e-005, 9.8380428426e-007, 1.87208229363e-006, 6.55894837109e-007, 2.85090067109e-007, 6.36915046925e-007, 1.55906207056e-007, 8.44774206143e-008, 8.22583459126e-008, 1.85180098811e-007, 1.50489498196e-007, 1.56059485334e-007, 2.75719869158e-009, 1.46207655358e-012]
    },
    "erbbands": {
        "mean": [0.0132736368105, 0.242994278669, 1.0068757534, 1.51873874664, 1.70768594742, 2.59183502197, 5.18700027466, 6.72115802765, 11.2308578491, 17.6385650635, 23.181722641, 38.4721450806, 31.9436397552, 29.1278114319, 68.9109802246, 52.3585548401, 48.9678153992, 60.4009437561, 19.3347110748, 11.7193088531, 12.447725296, 10.0436096191, 9.05274868011, 13.8375711441, 11.6384277344, 8.52887916565, 4.68728542328, 2.91970229149, 2.46390843391, 2.45109605789, 2.06986045837, 1.23416209221, 0.863009154797, 0.644170880318, 0.294083058834, 0.0726727992296, 0.0150675959885, 0.00195800536312, 5.78741201025e-005, 2.02094779524e-005],
        "var": [0.000585035944823, 0.208428457379, 3.79774665833, 13.2830352783, 19.2636566162, 57.5070571899, 126.162361145, 192.782669067, 573.96673584, 1972.82617188, 3775.68823242, 11029.6689453, 8838.59570313, 5187.37890625, 71803.5859375, 62762.3945313, 27125.5957031, 71894.859375, 6645.48535156, 2387.70483398, 6914.76806641, 1920.51452637, 836.257324219, 2146.55273438, 983.50592041, 435.41192627, 176.606201172, 93.835723877, 105.275932312, 109.179481506, 166.023757935, 80.8236160278, 44.0213546753, 28.3613739014, 4.61891746521, 0.141911178827, 0.00685784593225, 5.4002761317e-005, 3.25779510035e-008, 7.28597071564e-010]
    },
    "gfcc": {
        "mean": [-55.1261749268, 84.3790130615, -130.616271973, 24.2756938934, -74.2394104004, 18.3079376221, -28.1899986267, 11.0273332596, -29.3600769043, 5.4172334671, -4.85275936127, 2.53268051147, -14.1840467453],
        "cov": [[5390.01220703, -701.448913574, -723.013183594, -243.496337891, 109.02469635, -66.2512207031, -300.407836914, 165.081329346, 109.843544006, 66.2583465576, -367.712524414, -224.346969604, 22.8416805267], [-701.448913574, 1515.11999512, 412.194732666, -2.40225553513, 195.271362305, 13.2955799103, 253.832885742, -198.180526733, -105.657165527, -151.060745239, 217.166107178, -111.273696899, 23.9286136627], [-723.013183594, 412.194732666, 1007.18969727, 398.712371826, -46.6862869263, 57.6297454834, 76.6049499512, -23.302324295, -90.9251861572, -56.8284301758, 8.06969738007, 61.2895889282, -57.3451957703], [-243.496337891, -2.40225553513, 398.712371826, 534.19152832, 68.397895813, 7.35006761551, -36.6846313477, -16.5980377197, -45.3622741699, 2.59725451469, -33.3414306641, 51.2261924744, 21.7531280518], [109.02469635, 195.271362305, -46.6862869263, 68.397895813, 305.992156982, 4.64806413651, 0.647264420986, -83.6232910156, -42.4632453918, -43.6904640198, 10.3297719955, -47.2575645447, 17.8342723846], [-66.2512207031, 13.2955799103, 57.6297454834, 7.35006761551, 4.64806413651, 190.328399658, 26.0640277863, -20.6562213898, -23.6606311798, -6.31414365768, 17.5146961212, -5.43569850922, -13.3951330185], [-300.407836914, 253.832885742, 76.6049499512, -36.6846313477, 0.647264420986, 26.0640277863, 178.278930664, -14.7309026718, -30.7506809235, -19.544002533, 59.5617408752, -20.830247879, -18.9716129303], [165.081329346, -198.180526733, -23.302324295, -16.5980377197, -83.6232910156, -20.6562213898, -14.7309026718, 158.643127441, 72.2451248169, 23.4035129547, -26.5416221619, 19.6987686157, -6.47643995285], [109.843544006, -105.657165527, -90.9251861572, -45.3622741699, -42.4632453918, -23.6606311798, -30.7506809235, 72.2451248169, 138.816497803, 36.306854248, -41.7780075073, 1.2119423151, -9.86219024658], [66.2583465576, -151.060745239, -56.8284301758, 2.59725451469, -43.6904640198, -6.31414365768, -19.544002533, 23.4035129547, 36.306854248, 103.900299072, 1.56062448025, 2.55586194992, -10.4408588409], [-367.712524414, 217.166107178, 8.06969738007, -33.3414306641, 10.3297719955, 17.5146961212, 59.5617408752, -26.5416221619, -41.7780075073, 1.56062448025, 150.682357788, 18.8865528107, 18.7740440369], [-224.346969604, -111.273696899, 61.2895889282, 51.2261924744, -47.2575645447, -5.43569850922, -20.830247879, 19.6987686157, 1.2119423151, 2.55586194992, 18.8865528107, 122.247406006, 32.5281143188], [22.8416805267, 23.9286136627, -57.3451957703, 21.7531280518, 17.8342723846, -13.3951330185, -18.9716129303, -6.47643995285, -9.86219024658, -10.4408588409, 18.7740440369, 32.5281143188, 92.6959762573]],
        "icov": [[0.000299808278214, -8.95325429155e-005, 0.000144298130181, 0.000111081142677, -0.000131735025207, -7.2537426604e-005, 0.000369816669263, -0.000505353033077, 0.00040619718493, -0.000305408728309, 0.000753885309678, 0.000381935475161, -0.000210216952837], [-8.95325429155e-005, 0.00247467402369, -0.00147136428859, 0.000485923315864, -0.00057499227114, 0.000780289759859, -0.00177232024726, 0.0023808660917, -0.00229528057389, 0.00236933166161, -0.00329900486395, 0.00273276818916, -0.00188216182869], [0.000144298130181, -0.00147136428859, 0.00290524936281, -0.00187326071318, 0.00106080260593, -0.000696427654475, 0.000391470995964, -0.00139776885044, 0.00193148152903, -0.000173957916559, 0.00196678354405, -0.00213860580698, 0.00279691396281], [0.000111081142677, 0.000485923315864, -0.00187326071318, 0.00372341903858, -0.00154151313473, 0.000184476230061, 0.000490658974741, -8.22727597551e-005, 0.000426256039646, -0.00137132254895, 0.000757710018661, -2.00701942958e-005, -0.00202307663858], [-0.000131735025207, -0.00057499227114, 0.00106080260593, -0.00154151313473, 0.00503602484241, -0.000124836209579, 0.000388699787436, 0.0016358543653, 0.000122643425129, 0.0016468988033, -0.000233984479564, 0.00101467769127, 0.000295666279271], [-7.2537426604e-005, 0.000780289759859, -0.000696427654475, 0.000184476230061, -0.000124836209579, 0.00581172155216, -0.000996270799078, 0.00123985833488, -0.000302348838886, 0.000749824219383, -0.00149629230145, 0.000871228112374, 0.000138507632073], [0.000369816669263, -0.00177232024726, 0.000391470995964, 0.000490658974741, 0.000388699787436, -0.000996270799078, 0.00921120680869, -0.0024762279354, 0.00240816595033, -0.000852331577335, -5.08630619152e-005, 0.000182942094398, 0.00209318008274], [-0.000505353033077, 0.0023808660917, -0.00139776885044, -8.22727597551e-005, 0.0016358543653, 0.00123985833488, -0.0024762279354, 0.0123072518036, -0.00692008296028, 0.00287165981717, -0.00366137269884, 0.00114887976088, -0.00119236158207], [0.00040619718493, -0.00229528057389, 0.00193148152903, 0.000426256039646, 0.000122643425129, -0.000302348838886, 0.00240816595033, -0.00692008296028, 0.0140486443415, -0.00524044036865, 0.00614782981575, -0.00245654396713, 0.00205066381022], [-0.000305408728309, 0.00236933166161, -0.000173957916559, -0.00137132254895, 0.0016468988033, 0.000749824219383, -0.000852331577335, 0.00287165981717, -0.00524044036865, 0.0150733506307, -0.00587100442499, 0.00273355585523, 0.000865609268658], [0.000753885309678, -0.00329900486395, 0.00196678354405, 0.000757710018661, -0.000233984479564, -0.00149629230145, -5.08630619152e-005, -0.00366137269884, 0.00614782981575, -0.00587100442499, 0.0152387022972, -0.0047485246323, -0.000159908391652], [0.000381935475161, 0.00273276818916, -0.00213860580698, -2.00701942958e-005, 0.00101467769127, 0.000871228112374, 0.000182942094398, 0.00114887976088, -0.00245654396713, 0.00273355585523, -0.0047485246323, 0.01512125507, -0.00636743055657], [-0.000210216952837, -0.00188216182869, 0.00279691396281, -0.00202307663858, 0.000295666279271, 0.000138507632073, 0.00209318008274, -0.00119236158207, 0.00205066381022, 0.000865609268658, -0.000159908391652, -0.00636743055657, 0.0164213441312]]
    },
    "melbands": {
        "mean": [0.000181530049304, 0.000472745450679, 0.000266871240456, 0.000144683523104, 0.000174126034835, 0.000154770474182, 0.00017556270177, 0.000194733933313, 0.000196325243451, 0.00023553938081, 0.00015045501641, 0.000103537924588, 0.000236163890804, 0.000149757892359, 0.000117927796964, 9.26182547119e-005, 0.000120299548144, 3.52050556103e-005, 1.41981390698e-005, 1.48997905853e-005, 1.51703861775e-005, 1.04139353425e-005, 9.02719148144e-006, 8.02648537501e-006, 1.16141527542e-005, 9.51212496147e-006, 5.98788801653e-006, 5.59159207114e-006, 2.81245684164e-006, 2.45356454798e-006, 1.51266499415e-006, 1.39890983064e-006, 1.33449987061e-006, 1.39548842526e-006, 1.28289855184e-006, 9.25559731968e-007, 6.78224182593e-007, 5.65286427445e-007, 6.46500609491e-007, 5.03750925418e-007],
        "var": [1.05614333279e-007, 7.58908470289e-007, 3.16668604228e-007, 1.27688963403e-007, 1.34361059168e-007, 9.15947993008e-008, 1.47495271108e-007, 2.28025456295e-007, 2.59573539552e-007, 4.49044620154e-007, 2.19081812247e-007, 7.45684118897e-008, 7.45498482502e-007, 4.81973870592e-007, 2.67106514684e-007, 1.31104442858e-007, 3.3668402466e-007, 3.03674489999e-008, 5.14775200244e-009, 4.46179937441e-009, 1.35691538006e-008, 2.45566522672e-009, 1.23722443401e-009, 6.81999456908e-010, 1.77069736651e-009, 1.02544683855e-009, 2.5976409912e-010, 1.86398993463e-010, 6.1085705938e-011, 9.58591886424e-011, 2.95460184097e-011, 3.68624020197e-011, 3.09988493208e-011, 3.99119383376e-011, 6.09694239539e-011, 4.55050094827e-011, 2.59680124626e-011, 1.93720612468e-011, 2.73152420821e-011, 1.72578114993e-011]
    },
    "mfcc": {
        "mean": [-693.466552734, 111.742279053, -1.35234153271, 10.7459850311, -15.2975673676, 1.15486168861, 7.29775094986, 5.35716199875, -9.8392162323, -1.05599415302, 3.82239556313, 3.48736476898, 7.19102191925],
        "cov": [[4881.60546875, -534.674072266, -1095.29223633, -232.457336426, 159.749816895, -195.00994873, -337.951904297, -227.129959106, 300.695953369, 350.471618652, -147.032516479, -108.827133179, -276.725463867], [-534.674072266, 1256.50341797, 301.504455566, 39.8335266113, 1.6123136282, 81.3287887573, 254.324874878, 55.7495727539, -130.899276733, -82.7842941284, 26.8250522614, 32.8198890686, 9.06072616577], [-1095.29223633, 301.504455566, 981.11541748, 272.836914063, -7.97121191025, 116.042610168, 128.861373901, 130.79725647, -46.2662277222, -111.526763916, 68.1406707764, -7.632604599, 93.7358016968], [-232.457336426, 39.8335266113, 272.836914063, 462.138671875, 128.280212402, 75.6913909912, 42.885597229, 0.357935518026, 8.41799068451, -46.6528015137, -66.7569198608, 6.08757686615, 36.2695236206], [159.749816895, 1.6123136282, -7.97121191025, 128.280212402, 252.697677612, 69.6661834717, 13.6342811584, -4.31024169922, -1.21016204357, -9.58671665192, -39.7316207886, -36.1008834839, -32.7608833313], [-195.00994873, 81.3287887573, 116.042610168, 75.6913909912, 69.6661834717, 206.280456543, 79.2579727173, 1.12778162956, -35.3222579956, -34.7608261108, -0.57528334856, -1.93848133087, -12.3825740814], [-337.951904297, 254.324874878, 128.861373901, 42.885597229, 13.6342811584, 79.2579727173, 225.000717163, 35.5977745056, -79.6322097778, -42.4809913635, 3.77759575844, 6.68533945084, 6.5022559166], [-227.129959106, 55.7495727539, 130.79725647, 0.357935518026, -4.31024169922, 1.12778162956, 35.5977745056, 120.95425415, 9.10528945923, -24.8790836334, 12.3753032684, 1.3176510334, 30.2079944611], [300.695953369, -130.899276733, -46.2662277222, 8.41799068451, -1.21016204357, -35.3222579956, -79.6322097778, 9.10528945923, 132.26763916, 47.2804412842, -8.64876747131, 7.48469638824, -15.0856761932], [350.471618652, -82.7842941284, -111.526763916, -46.6528015137, -9.58671665192, -34.7608261108, -42.4809913635, -24.8790836334, 47.2804412842, 124.293495178, 21.4496421814, -1.94468343258, -41.6754951477], [-147.032516479, 26.8250522614, 68.1406707764, -66.7569198608, -39.7316207886, -0.57528334856, 3.77759575844, 12.3753032684, -8.64876747131, 21.4496421814, 115.973419189, 21.3059272766, 6.14451503754], [-108.827133179, 32.8198890686, -7.632604599, 6.08757686615, -36.1008834839, -1.93848133087, 6.68533945084, 1.3176510334, 7.48469638824, -1.94468343258, 21.3059272766, 125.627578735, 32.794467926], [-276.725463867, 9.06072616577, 93.7358016968, 36.2695236206, -32.7608833313, -12.3825740814, 6.5022559166, 30.2079944611, -15.0856761932, -41.6754951477, 6.14451503754, 32.794467926, 119.609222412]],
        "icov": [[0.000386712228647, -3.71997084585e-005, 0.000224573916057, 8.14493541839e-005, -0.00021862135327, 8.96626370377e-005, 9.73211572273e-005, 0.000298989732983, -0.000551474688109, -0.0005439890665, 0.00031563473749, 0.000193694955669, 0.00023699546], [-3.71997084585e-005, 0.0011164394673, -0.000291831063805, 0.000131056920509, -6.07935871813e-005, 0.000193509069504, -0.00100372056477, -4.98776680615e-005, 0.000505296397023, 0.000251246063272, 1.09098173198e-005, -0.000429896375863, 0.000357448676368], [0.000224573916057, -0.000291831063805, 0.00223373179324, -0.0014372728765, 0.000661666097585, -0.000618216232397, 5.04444615217e-005, -0.00143903447315, -0.000380642508389, 0.000588716182392, -0.0017302291235, 0.00108484516386, -0.000346550456015], [8.14493541839e-005, 0.000131056920509, -0.0014372728765, 0.00411981530488, -0.00196385802701, -0.00012138272723, -0.000533609418198, 0.00173915980849, -0.00109451054595, -0.000306334724883, 0.00264706439339, -0.000925760483369, -0.00103201891761], [-0.00021862135327, -6.07935871813e-005, 0.000661666097585, -0.00196385802701, 0.00590249616653, -0.00170772208367, 0.000415861606598, -0.00125029159244, 0.000618421065155, 0.000490134989377, 8.16138526716e-006, 0.00127691414673, 0.00120708858594], [8.96626370377e-005, 0.000193509069504, -0.000618216232397, -0.00012138272723, -0.00170772208367, 0.00685063377023, -0.0019703055732, 0.00113124295603, 9.91763517959e-005, 0.00108738371637, -0.000405964878155, -0.000567912531551, 0.0013449061662], [9.73211572273e-005, -0.00100372056477, 5.04444615217e-005, -0.000533609418198, 0.000415861606598, -0.0019703055732, 0.00801993906498, -0.00239926599897, 0.00367551296949, -0.000566871894989, 0.000568795308936, -0.000489558500703, 0.000874427671079], [0.000298989732983, -4.98776680615e-005, -0.00143903447315, 0.00173915980849, -0.00125029159244, 0.00113124295603, -0.00239926599897, 0.0120948283002, -0.00398892117664, 0.0010980614461, 0.000113116162538, 0.000551085744519, -0.0021310497541], [-0.000551474688109, 0.000505296397023, -0.000380642508389, -0.00109451054595, 0.000618421065155, 9.91763517959e-005, 0.00367551296949, -0.00398892117664, 0.0132298767567, -0.00313501898199, 0.00114681979176, -0.00193855678663, 0.00135218235664], [-0.0005439890665, 0.000251246063272, 0.000588716182392, -0.000306334724883, 0.000490134989377, 0.00108738371637, -0.000566871894989, 0.0010980614461, -0.00313501898199, 0.0133645925671, -0.00405695242807, 3.72153263015e-005, 0.00281367939897], [0.00031563473749, 1.09098173198e-005, -0.0017302291235, 0.00264706439339, 8.16138526716e-006, -0.000405964878155, 0.000568795308936, 0.000113116162538, 0.00114681979176, -0.00405695242807, 0.012789526023, -0.00226677628234, -0.000121024786495], [0.000193694955669, -0.000429896375863, 0.00108484516386, -0.000925760483369, 0.00127691414673, -0.000567912531551, -0.000489558500703, 0.000551085744519, -0.00193855678663, 3.72153263015e-005, -0.00226677628234, 0.00994856189936, -0.00275315577164], [0.00023699546, 0.000357448676368, -0.000346550456015, -0.00103201891761, 0.00120708858594, 0.0013449061662, 0.000874427671079, -0.0021310497541, 0.00135218235664, 0.00281367939897, -0.000121024786495, -0.00275315577164, 0.0123388366774]]
    },
    "spectral_contrast_coeffs": {
        "mean": [-0.68384963274, -0.728285253048, -0.726027190685, -0.749825119972, -0.780362844467, -0.75970774889],
        "var": [0.00458739278838, 0.00587489362806, 0.00753650953993, 0.00681736879051, 0.00260391598567, 0.00132617610507]
    },
    "spectral_contrast_valleys": {
        "mean": [-8.2769985199, -7.18686819077, -7.74816417694, -8.51765632629, -8.16339206696, -10.6458387375],
        "var": [0.895482361317, 0.686058521271, 0.649743258953, 0.955276370049, 0.958536207676, 1.06026446819]
    }
},
"metadata": {
    "audio_properties": {
        "analysis_sample_rate": 44100,
        "bit_rate": 128074,
        "equal_loudness": 0,
        "length": 45.0612258911,
        "lossless": 0,
        "replay_gain": -4.51165771484,
        "sample_rate": 44100,
        "codec": "mp3",
        "downmix": "mix",
        "md5_encoded": "a8039ed11c382a5ba32d6c16bd66c452"
    },
    "tags": {
        "file_name": "1287.mp3"
    },
    "version": {
        "essentia": "2.1-beta2",
        "essentia_git_sha": "v2.1_beta2",
        "extractor": "music 1.0"
    }
},
"rhythm": {
    "beats_count": 75,
    "beats_loudness": {
        "mean": 0.0259264763445,
        "var": 0.000728727492969
    },
    "bpm": 100.111854553,
    "bpm_histogram_first_peak_bpm": {
        "mean": 99,
        "var": 0
    },
    "bpm_histogram_first_peak_spread": {
        "mean": 0.363636374474,
        "var": 0
    },
    "bpm_histogram_first_peak_weight": {
        "mean": 0.47297295928,
        "var": 0
    },
    "bpm_histogram_second_peak_bpm": {
        "mean": 88,
        "var": 0
    },
    "bpm_histogram_second_peak_spread": {
        "mean": 0.142857149243,
        "var": 0
    },
    "bpm_histogram_second_peak_weight": {
        "mean": 0.0810810774565,
        "var": 0
    },
    "danceability": 1.09063565731,
    "onset_rate": 2.24038481712,
    "beats_loudness_band_ratio": {
        "mean": [0.207336127758, 0.172840848565, 0.233656898141, 0.296368539333, 0.0708554908633, 0.0804521515965],
        "var": [0.0389309898019, 0.025689676404, 0.0382550917566, 0.0644542053342, 0.00954818259925, 0.0164407398552]
    },
    "beats_position": [0.510838985443, 1.02167797089, 1.53251695633, 2.06657600403, 2.60063481331, 3.14630389214, 3.69197273254, 4.2492518425, 4.79492044449, 5.35219955444, 5.90947818756, 6.47836732864, 7.04725599289, 7.66258478165, 8.26630401611, 8.87002277374, 9.47374153137, 10.077460289, 10.6695690155, 11.261677742, 11.8653964996, 12.4691152573, 13.0728340149, 13.6765527725, 14.2802715302, 14.8839902878, 15.4877090454, 16.0914287567, 16.6951465607, 17.298866272, 17.8909740448, 18.4946937561, 19.0984115601, 19.6905212402, 20.2826309204, 20.8863487244, 21.4784584045, 22.0705661774, 22.6742858887, 23.2663936615, 23.8701133728, 24.4738311768, 25.0775508881, 25.681268692, 26.2849884033, 26.8887062073, 27.5040359497, 28.1193637848, 28.6998634338, 29.2803630829, 29.8608608246, 30.4529705048, 31.0450782776, 31.6371879578, 32.2176856995, 32.8097953796, 33.3902931213, 33.9707946777, 34.5512924194, 35.1550102234, 35.7587280273, 36.362449646, 36.96616745, 37.5698852539, 38.1736030579, 38.7773246765, 39.3926506042, 40.0195922852, 40.6929702759, 41.3663482666, 42.0513381958, 42.7363243103, 43.432926178, 44.1179122925, 44.7912902832]
},
"tonal": {
    "chords_changes_rate": 0.0349794253707,
    "chords_number_rate": 0.00720164598897,
    "chords_strength": {
        "mean": 0.601088047028,
        "var": 0.0129034696147
    },
    "hpcp_entropy": {
        "mean": 1.6972438097,
        "var": 0.62227332592
    },
    "key_strength": 0.914543390274,
    "tuning_diatonic_strength": 0.740517318249,
    "tuning_equal_tempered_deviation": 0.0575468204916,
    "tuning_frequency": 440,
    "tuning_nontempered_energy_ratio": 0.729447185993,
    "hpcp": {
        "mean": [0.189973145723, 0.126932054758, 0.0592265725136, 0.0456979200244, 0.0548541508615, 0.10748590529, 0.143167987466, 0.128645837307, 0.211465656757, 0.28028357029, 0.162630707026, 0.0553865283728, 0.0489041954279, 0.0714293718338, 0.155665650964, 0.236619725823, 0.179157018661, 0.0895152613521, 0.0578803233802, 0.0694277733564, 0.160305544734, 0.230400368571, 0.168979987502, 0.141939237714, 0.150773957372, 0.0820062458515, 0.0470383875072, 0.0510336384177, 0.0970667600632, 0.291448026896, 0.376135617495, 0.212461605668, 0.083741851151, 0.0493724867702, 0.054118104279, 0.130999401212],
        "var": [0.0862278193235, 0.0399007499218, 0.0189915001392, 0.0112244831398, 0.0147111015394, 0.0382984615862, 0.0601187609136, 0.0309150256217, 0.0771041288972, 0.133914887905, 0.0527085252106, 0.0153964245692, 0.0162175521255, 0.0237372908741, 0.048623688519, 0.0945837199688, 0.0652406141162, 0.0338815115392, 0.0227866861969, 0.0230847653002, 0.0623142234981, 0.0853305384517, 0.0461326055229, 0.0550628975034, 0.0702850744128, 0.0258870907128, 0.0131247723475, 0.0159316770732, 0.0281863473356, 0.118407130241, 0.151679292321, 0.066210784018, 0.0260097216815, 0.0139475753531, 0.0136066935956, 0.0452937632799]
    },
    "chords_histogram": [43.5185203552, 12.1399173737, 10.1851854324, 0.411522626877, 1.95473253727, 0.617283940315, 0.925925910473, 0, 0, 0, 0, 0, 0, 0, 0, 0, 0, 2.36625504494, 0, 0, 0, 25.2057609558, 0.925925910473, 1.74897122383],
    "thpcp": [1, 0.564853727818, 0.22263738513, 0.131262466311, 0.143879234791, 0.348277032375, 0.505065560341, 0.337463527918, 0.157460689545, 0.121493197978, 0.145836099982, 0.285763710737, 0.38062864542, 0.342019826174, 0.562205910683, 0.745166242123, 0.432372540236, 0.147251486778, 0.130017459393, 0.189903244376, 0.413855105639, 0.629080891609, 0.476309627295, 0.237986668944, 0.153881534934, 0.184581756592, 0.426190823317, 0.612546026707, 0.449252814054, 0.377361863852, 0.400849997997, 0.218023076653, 0.12505698204, 0.135678827763, 0.258063197136, 0.774848282337],
    "chords_key": "C",
    "chords_scale": "major",
    "key_key": "C",
    "key_scale": "major"
}
}