{
"lowlevel": {
    "average_loudness": 0.89014351368,
    "barkbands_crest": {
        "mean": 9.56177616119,
        "var": 18.1079826355
    },
    "barkbands_flatness_db": {
        "mean": 0.15225943923,
        "var": 0.0013814761769
    },
    "barkbands_kurtosis": {
        "mean": 1.89593672752,
        "var": 23.8074626923
    },
    "barkbands_skewness": {
        "mean": 0.870553851128,
        "var": 1.3273447752
    },
    "barkbands_spread": {
        "mean": 16.8227100372,
        "var": 73.6378707886
    },
    "dissonance": {
        "mean": 0.447109460831,
        "var": 0.00107552844565
    },
    "dynamic_complexity": 4.44602870941,
    "erbbands_crest": {
        "mean": 9.98303985596,
        "var": 15.9009790421
    },
    "erbbands_flatness_db": {
        "mean": 0.221325963736,
        "var": 0.00130217080005
    },
    "erbbands_kurtosis": {
        "mean": 0.343989223242,
        "var": 5.87428474426
    },
    "erbbands_skewness": {
        "mean": 0.222903206944,
        "var": 0.658172547817
    },
    "erbbands_spread": {
        "mean": 25.8342761993,
        "var": 129.834976196
    },
    "hfc": {
        "mean": 13.6750469208,
        "var": 296.804443359
    },
    "melbands_crest": {
        "mean": 12.3253746033,
        "var": 31.0728378296
    },
    "melbands_flatness_db": {
        "mean": 0.182286575437,
        "var": 0.00329602789134
    },
    "melbands_kurtosis": {
        "mean": 4.78438138962,
        "var": 61.2145614624
    },
    "melbands_skewness": {
        "mean": 1.48819053173,
        "var": 1.43728709221
    },
    "melbands_spread": {
        "mean": 27.7052650452,
        "var": 346.400024414
    },
    "pitch_salience": {
        "mean": 0.587177872658,
        "var": 0.0132920481265
    },
    "silence_rate_20dB": {
        "mean": 1,
        "var": 0
    },
    "silence_rate_30dB": {
        "mean": 1,
        "var": 0
    },
    "silence_rate_60dB": {
        "mean": 0.292481988668,
        "var": 0.206932976842
    },
    "spectral_centroid": {
        "mean": 1600.97729492,
        "var": 644293.6875
    },
    "spectral_complexity": {
        "mean": 14.1858911514,
        "var": 73.702293396
    },
    "spectral_decrease": {
        "mean": -2.86122259219e-009,
        "var": 1.20195588218e-017
    },
    "spectral_energy": {
        "mean": 0.012039270252,
        "var": 0.000203773379326
    },
    "spectral_energyband_high": {
        "mean": 0.000338759011356,
        "var": 4.35888665606e-007
    },
    "spectral_energyband_low": {
        "mean": 5.29586177436e-005,
        "var": 5.3267577016e-009
    },
    "spectral_energyband_middle_high": {
        "mean": 0.0046296082437,
        "var": 3.68915498257e-005
    },
    "spectral_energyband_middle_low": {
        "mean": 0.00721392640844,
        "var": 0.000122485813336
    },
    "spectral_entropy": {
        "mean": 7.16908359528,
        "var": 0.142193973064
    },
    "spectral_flux": {
        "mean": 0.0494841635227,
        "var": 0.00167552160565
    },
    "spectral_kurtosis": {
        "mean": 7.31599521637,
        "var": 24.7553424835
    },
    "spectral_rms": {
        "mean": 0.00293177529238,
        "var": 3.15033298648e-006
    },
    "spectral_rolloff": {
        "mean": 1960.21069336,
        "var": 1400552.25
    },
    "spectral_skewness": {
        "mean": 1.66045975685,
        "var": 0.457595139742
    },
    "spectral_spread": {
        "mean": 3141661,
        "var": 1.42095089664e+012
    },
    "spectral_strongpeak": {
        "mean": 1.49598753452,
        "var": 4.03058862686
    },
    "zerocrossingrate": {
        "mean": 0.0648061335087,
        "var": 0.000913425348699
    },
    "barkbands": {
        "mean": [4.6520522119e-006, 2.22479702643e-005, 1.06120241981e-005, 6.51382579235e-005, 0.00122390838806, 0.00130146136507, 0.00158052076586, 0.00156014831737, 0.00114586832933, 0.000592769065406, 0.000329073751345, 0.000576598860789, 0.000720495532732, 0.000627616944257, 0.000427364313509, 0.000306290516164, 0.00024877951364, 0.000328972819261, 0.00018764041306, 0.000541071814951, 0.000116997704026, 8.46222683322e-005, 2.20355832425e-005, 8.38490177557e-006, 4.22589027949e-006, 1.63573929512e-006, 1.47676999518e-007],
        "var": [6.06904970724e-010, 6.88240853197e-010, 5.08110387099e-010, 3.16061949945e-008, 4.44192664872e-006, 1.2037241504e-005, 2.2680940674e-005, 1.75080203917e-005, 1.03671454781e-005, 2.64683808382e-006, 5.93787945036e-007, 7.04080093783e-007, 3.15037891596e-006, 1.27759585666e-006, 3.7542707787e-007, 3.42468467807e-007, 1.98483206759e-007, 3.90013326523e-007, 9.84200880794e-008, 4.60467663288e-006, 6.13777189074e-008, 2.99477953547e-008, 3.52341267273e-009, 6.51486475878e-010, 1.5567869216e-010, 4.66239789831e-011, 5.00941790219e-013]
    },
    "erbbands": {
        "mean": [0.000779787544161, 0.00464100530371, 0.0108331441879, 0.12384519726, 1.24229192734, 5.24209403992, 7.09456205368, 11.3868465424, 18.4877052307, 27.5666065216, 35.3740882874, 29.3393764496, 25.6967277527, 15.3448324203, 12.4039163589, 27.3216285706, 35.111541748, 38.5192909241, 27.9265766144, 13.3170309067, 17.6851501465, 16.3101902008, 18.9875049591, 11.5216989517, 25.8378562927, 13.2995452881, 5.90540742874, 4.69705581665, 3.70717597008, 1.23687124252, 0.574910759926, 0.261079072952, 0.122619971633, 0.0600098371506, 0.0245980583131, 0.0082722492516, 0.0028362958692, 0.000549889518879, 2.35529514612e-005, 1.55118486873e-005],
        "var": [1.26718362026e-006, 2.71806220553e-005, 0.00034316079109, 0.0714730545878, 6.07087135315, 88.2030563354, 622.27130127, 1031.2956543, 2281.33984375, 6365.1640625, 6767.83837891, 6471.54150391, 4148.13037109, 1498.2208252, 577.507385254, 1619.86804199, 6932.37207031, 4426.91162109, 1323.74182129, 711.875, 1021.06536865, 665.745544434, 1169.9654541, 332.799713135, 9839.91210938, 1679.71960449, 137.711334229, 119.051055908, 56.1241455078, 6.97363710403, 2.70514249802, 0.573272883892, 0.163892433047, 0.0299154445529, 0.00674893567339, 0.00123126385733, 0.000139793861308, 4.93054403705e-006, 5.26307175619e-009, 3.26687843444e-010]
    },
    "gfcc": {
        "mean": [-77.612487793, 91.3166732788, -169.410568237, 5.00521993637, -66.5330657959, -14.2877397537, -41.775177002, -4.98899173737, -26.5012702942, 5.91584444046, -12.8604335785, 2.70604896545, -10.2168922424],
        "cov": [[4959.94091797, -322.829406738, -1363.99304199, 215.948989868, -418.027648926, -119.203941345, 8.96279239655, -248.558914185, 92.2059249878, -160.960067749, 1.76767480373, -343.348052979, -55.894317627], [-322.829406738, 894.695068359, 170.571258545, -578.475402832, 170.222045898, -132.922485352, -67.964225769, 64.3236618042, 32.0385818481, -90.8533935547, -18.9053058624, -22.0536212921, -36.1683883667], [-1363.99304199, 170.571258545, 790.046691895, -76.9371261597, -33.604598999, 34.3074073792, -63.5152397156, 75.2194747925, -59.6900939941, 42.496383667, -3.05234766006, 137.479721069, 21.1747550964], [215.948989868, -578.475402832, -76.9371261597, 648.528442383, -115.761863708, 16.1500015259, 45.6915130615, -131.250823975, -37.8921585083, 60.0136070251, 10.8695297241, 30.7297992706, 45.8181915283], [-418.027648926, 170.222045898, -33.604598999, -115.761863708, 289.848937988, 34.1626968384, -25.9086399078, 33.3436584473, -15.1428499222, -20.9099597931, -18.0686206818, 22.1800880432, -2.99806547165], [-119.203941345, -132.922485352, 34.3074073792, 16.1500015259, 34.1626968384, 194.932327271, 18.8929576874, 19.755443573, 0.756115019321, -1.47042739391, -16.9645996094, 28.6145782471, 7.59230041504], [8.96279239655, -67.964225769, -63.5152397156, 45.6915130615, -25.9086399078, 18.8929576874, 122.467185974, 38.015045166, 10.6776981354, 25.6500606537, 4.58819961548, -6.33560180664, -15.6323251724], [-248.558914185, 64.3236618042, 75.2194747925, -131.250823975, 33.3436584473, 19.755443573, 38.015045166, 151.052108765, 35.8227157593, 12.6636781693, 14.5840206146, 2.20355010033, -33.6628799438], [92.2059249878, 32.0385818481, -59.6900939941, -37.8921585083, -15.1428499222, 0.756115019321, 10.6776981354, 35.8227157593, 113.24407196, 33.8034934998, -3.33181810379, -16.9920940399, -8.45619297028], [-160.960067749, -90.8533935547, 42.496383667, 60.0136070251, -20.9099597931, -1.47042739391, 25.6500606537, 12.6636781693, 33.8034934998, 107.569099426, 19.3927116394, 13.6534109116, 16.0261497498], [1.76767480373, -18.9053058624, -3.05234766006, 10.8695297241, -18.0686206818, -16.9645996094, 4.58819961548, 14.5840206146, -3.33181810379, 19.3927116394, 81.6444778442, 13.0717554092, -11.4030332565], [-343.348052979, -22.0536212921, 137.479721069, 30.7297992706, 22.1800880432, 28.6145782471, -6.33560180664, 2.20355010033, -16.9920940399, 13.6534109116, 13.0717554092, 102.891593933, 36.1969299316], [-55.894317627, -36.1683883667, 21.1747550964, 45.8181915283, -2.99806547165, 7.59230041504, -15.6323251724, -33.6628799438, -8.45619297028, 16.0261497498, -11.4030332565, 36.1969299316, 77.7811813354]],
        "icov": [[0.000715827394743, -0.000624201260507, 0.00155821198132, -0.000459735631011, 0.00164756842423, -0.000598159036599, 0.00113230105489, -0.000400935066864, 0.0005598628195, -6.53637562209e-006, 0.000242275345954, 0.000168691753061, 0.000265928480076], [-0.000624201260507, 0.00683753145859, -0.00427682092413, 0.00539034185931, -0.00502770347521, 0.00502803223208, -0.0044072419405, 0.00505672302097, -0.00511479144916, 0.00498673459515, -0.00193388061598, 0.00205481145531, -0.00148520467337], [0.00155821198132, -0.00427682092413, 0.00743047287688, -0.00296654948033, 0.00657015200704, -0.00348357530311, 0.00641810847446, -0.00515711447224, 0.00575019652024, -0.00448347767815, 0.00333002512343, -0.00450925296172, 0.00264250091277], [-0.000459735631011, 0.00539034185931, -0.00296654948033, 0.00668645603582, -0.00314361625351, 0.00358703662641, -0.00436939392239, 0.00601205276325, -0.00316601037048, 0.00241653085686, -0.00145983521361, 0.000572942080908, -0.0010252710199], [0.00164756842423, -0.00502770347521, 0.00657015200704, -0.00314361625351, 0.0105847800151, -0.00455614412203, 0.0065798680298, -0.0053555550985, 0.00592724746093, -0.00397089542821, 0.00357944681309, -0.00374104944058, 0.00249483343214], [-0.000598159036599, 0.00502803223208, -0.00348357530311, 0.00358703662641, -0.00455614412203, 0.00954000838101, -0.00433001853526, 0.0029388400726, -0.00411850493401, 0.0041568139568, -4.03704361815e-005, -0.000137254522997, -0.00120788824279], [0.00113230105489, -0.0044072419405, 0.00641810847446, -0.00436939392239, 0.0065798680298, -0.00433001853526, 0.0163588039577, -0.00859103538096, 0.00619796803221, -0.00660907011479, 0.00389676378109, -0.00348436436616, 0.00406523048878], [-0.000400935066864, 0.00505672302097, -0.00515711447224, 0.00601205276325, -0.0053555550985, 0.0029388400726, -0.00859103538096, 0.0168096981943, -0.00795536767691, 0.00418943772092, -0.00441977428272, 0.00246888631955, 0.00145589536987], [0.0005598628195, -0.00511479144916, 0.00575019652024, -0.00316601037048, 0.00592724746093, -0.00411850493401, 0.00619796803221, -0.00795536767691, 0.0173770282418, -0.00980606023222, 0.00486697070301, -0.00296400440857, 0.00275917002], [-6.53637562209e-006, 0.00498673459515, -0.00448347767815, 0.00241653085686, -0.00397089542821, 0.0041568139568, -0.00660907011479, 0.00418943772092, -0.00980606023222, 0.018786361441, -0.00606280239299, 0.00419704569504, -0.00574160227552], [0.000242275345954, -0.00193388061598, 0.00333002512343, -0.00145983521361, 0.00357944681309, -4.03704361815e-005, 0.00389676378109, -0.00441977428272, 0.00486697070301, -0.00606280239299, 0.0169278476387, -0.00653753243387, 0.0055428436026], [0.000168691753061, 0.00205481145531, -0.00450925296172, 0.000572942080908, -0.00374104944058, -0.000137254522997, -0.00348436436616, 0.00246888631955, -0.00296400440857, 0.00419704569504, -0.00653753243387, 0.0202286671847, -0.0093550067395], [0.000265928480076, -0.00148520467337, 0.00264250091277, -0.0010252710199, 0.00249483343214, -0.00120788824279, 0.00406523048878, 0.00145589536987, 0.00275917002, -0.00574160227552, 0.0055428436026, -0.0093550067395, 0.0205519217998]]
    },
    "melbands": {
        "mean": [6.95588960298e-006, 5.37813957635e-006, 4.09968197346e-005, 0.000225695039262, 0.000251183606451, 0.000258771702647, 0.00031239647069, 0.000307214126224, 0.000262794084847, 0.000185904413229, 0.000123291480122, 5.87470021856e-005, 4.0845519834e-005, 6.18177946308e-005, 5.81724343647e-005, 8.95297343959e-005, 6.71180096106e-005, 4.53960128652e-005, 2.11094247788e-005, 2.03545841941e-005, 1.83976408152e-005, 1.36971229949e-005, 2.40095523623e-005, 1.12826546683e-005, 8.91874606168e-006, 1.0477363503e-005, 2.71619046543e-005, 4.94769892612e-006, 4.11448490922e-006, 2.9056789117e-006, 2.49098616223e-006, 2.3366296773e-006, 1.08372444174e-006, 5.37937637546e-007, 3.09618968686e-007, 2.96886781825e-007, 1.06799717514e-007, 8.33500237718e-008, 7.39671932593e-008, 4.41064571532e-008],
        "var": [8.82412407033e-011, 5.71149932904e-011, 1.15955556268e-008, 1.54339844016e-007, 5.39642201147e-007, 5.41165604773e-007, 6.97496432167e-007, 7.55582618694e-007, 3.78331861839e-007, 2.99438653428e-007, 1.02999614171e-007, 2.46978650864e-008, 9.34200539149e-009, 8.92730689372e-009, 8.88480755634e-009, 4.5765403911e-008, 1.60831010731e-008, 4.08636680049e-009, 1.56839785603e-009, 1.56178758814e-009, 1.11331110997e-009, 5.1810433721e-010, 2.14260276188e-009, 4.38324987417e-010, 2.21547946655e-010, 6.44398479022e-010, 1.51555799022e-008, 1.17339943317e-010, 7.23985385531e-011, 4.59692423016e-011, 3.43814976489e-011, 2.36412087823e-011, 5.04557723727e-012, 1.47998226088e-012, 7.44402857498e-013, 1.19034686621e-012, 1.15152123405e-013, 9.56767488586e-014, 4.06659467656e-014, 1.94523555792e-014]
    },
    "mfcc": {
        "mean": [-708.625976563, 128.942230225, -51.3109092712, 11.8308477402, -19.3364906311, -7.845744133, -14.269701004, -13.8814601898, -13.5857152939, -7.37395143509, -0.382294476032, -4.07123756409, -2.51911258698],
        "cov": [[5702.89501953, -980.967346191, -1024.84008789, 36.8690185547, -501.319396973, 88.8502349854, -188.349380493, -117.419616699, -105.144790649, 45.1628761292, 141.569320679, -67.307762146, -287.763946533], [-980.967346191, 1523.32531738, -66.5750274658, -432.94140625, 204.537139893, -308.884246826, -51.2040214539, 68.2412414551, 38.9555854797, -18.8562068939, -32.9453392029, 56.431312561, -6.51150512695], [-1024.84008789, -66.5750274658, 687.893249512, 61.2315292358, -17.2498054504, 2.35311722755, -4.46569776535, -2.70095944405, -12.0804834366, -19.9986381531, -90.9231414795, 39.5054016113, 90.1802062988], [36.8690185547, -432.94140625, 61.2315292358, 400.206176758, -66.5558547974, 90.1634674072, 6.63679361343, -69.5427856445, -40.7807044983, -7.66446113586, -32.5491523743, -29.4675693512, 32.9528465271], [-501.319396973, 204.537139893, -17.2498054504, -66.5558547974, 238.114456177, 8.16711807251, 4.41537618637, 32.5302238464, 7.08105134964, -19.3966159821, -43.0645370483, -5.80994606018, 24.2258586884], [88.8502349854, -308.884246826, 2.35311722755, 90.1634674072, 8.16711807251, 207.514816284, 17.7349872589, -20.7365570068, 19.062795639, -25.9333763123, -16.83203125, -30.8633804321, 12.269900322], [-188.349380493, -51.2040214539, -4.46569776535, 6.63679361343, 4.41537618637, 17.7349872589, 127.625854492, 33.9466018677, -12.6886491776, 2.9904665947, 13.0511417389, -7.40341520309, -6.54204034805], [-117.419616699, 68.2412414551, -2.70095944405, -69.5427856445, 32.5302238464, -20.7365570068, 33.9466018677, 133.713806152, 5.52009153366, 5.35591554642, 17.9567108154, 4.14361619949, -13.2338666916], [-105.144790649, 38.9555854797, -12.0804834366, -40.7807044983, 7.08105134964, 19.062795639, -12.6886491776, 5.52009153366, 131.709197998, 9.62581825256, -0.191264465451, 27.8065910339, 7.67978477478], [45.1628761292, -18.8562068939, -19.9986381531, -7.66446113586, -19.3966159821, -25.9333763123, 2.9904665947, 5.35591554642, 9.62581825256, 106.802902222, 40.2576446533, 12.2538976669, -0.678720772266], [141.569320679, -32.9453392029, -90.9231414795, -32.5491523743, -43.0645370483, -16.83203125, 13.0511417389, 17.9567108154, -0.191264465451, 40.2576446533, 160.279693604, 7.30537605286, -35.6466331482], [-67.307762146, 56.431312561, 39.5054016113, -29.4675693512, -5.80994606018, -30.8633804321, -7.40341520309, 4.14361619949, 27.8065910339, 12.2538976669, 7.30537605286, 95.8700790405, 21.4090023041], [-287.763946533, -6.51150512695, 90.1802062988, 32.9528465271, 24.2258586884, 12.269900322, -6.54204034805, -13.2338666916, 7.67978477478, -0.678720772266, -35.6466331482, 21.4090023041, 89.7647247314]],
        "icov": [[0.000552099547349, 0.000429744686699, 0.000844054215122, 0.000447113648988, 0.000939364137594, -4.25501712016e-005, 0.000987486215308, 2.89146755676e-005, 0.000610053830314, -5.49705619051e-005, 0.000560257234611, -0.000365389947547, 0.000874525168911], [0.000429744686699, 0.00184370996431, 0.00075341144111, 0.00141286023427, -0.000227328913752, 0.00194099731743, 0.000934672891162, 0.000236278065131, 0.000102849458926, 0.000520753441378, 0.000742077070754, -0.000247632240644, 0.000483713607537], [0.000844054215122, 0.00075341144111, 0.0031229830347, 0.000666994368657, 0.00183183769695, 8.90634182724e-005, 0.0015008415794, -0.000318539503496, 0.00123351777438, 0.000109327418613, 0.00170559540857, -0.00111431221012, -0.000227571290452], [0.000447113648988, 0.00141286023427, 0.000666994368657, 0.00459807738662, 0.00110282609239, 1.05465423985e-005, 0.000608213769738, 0.00137437309604, 0.00132716295775, 3.96927389374e-005, 0.00114084163215, 0.000339004589478, -0.000615402648691], [0.000939364137594, -0.000227328913752, 0.00183183769695, 0.00110282609239, 0.00739874085411, -0.00173529540189, 0.00152971327771, -0.00128421199042, 0.00141629320569, -1.11113251933e-006, 0.00213920418173, -5.5544955103e-005, -0.000346143351635], [-4.25501712016e-005, 0.00194099731743, 8.90634182724e-005, 1.05465423985e-005, -0.00173529540189, 0.00881425943226, -0.000900037528481, 0.000838352600113, -0.00243596103974, 0.00213522976264, 6.95566413924e-005, 0.00207470101304, -0.00101008848287], [0.000987486215308, 0.000934672891162, 0.0015008415794, 0.000608213769738, 0.00152971327771, -0.000900037528481, 0.0106216510758, -0.00241874833591, 0.00204895669594, -0.000355901720468, 0.00053366163047, -0.000551061646547, 0.00179543718696], [2.89146755676e-005, 0.000236278065131, -0.000318539503496, 0.00137437309604, -0.00128421199042, 0.000838352600113, -0.00241874833591, 0.00937547814101, -0.000382833357435, -4.25630933023e-005, -0.000728523940779, -4.23419442086e-005, 0.00111646030564], [0.000610053830314, 0.000102849458926, 0.00123351777438, 0.00132716295775, 0.00141629320569, -0.00243596103974, 0.00204895669594, -0.000382833357435, 0.00978276506066, -0.00119450408965, 0.00104128255043, -0.00315433857031, 0.000600166502409], [-5.49705619051e-005, 0.000520753441378, 0.000109327418613, 3.96927389374e-005, -1.11113251933e-006, 0.00213522976264, -0.000355901720468, -4.25630933023e-005, -0.00119450408965, 0.0111475540325, -0.00260873837397, -0.000290678901365, -0.00136677885894], [0.000560257234611, 0.000742077070754, 0.00170559540857, 0.00114084163215, 0.00213920418173, 6.95566413924e-005, 0.00053366163047, -0.000728523940779, 0.00104128255043, -0.00260873837397, 0.00908897537738, -0.00148336205166, 0.00291654351167], [-0.000365389947547, -0.000247632240644, -0.00111431221012, 0.000339004589478, -5.5544955103e-005, 0.00207470101304, -0.000551061646547, -4.23419442086e-005, -0.00315433857031, -0.000290678901365, -0.00148336205166, 0.0134755065665, -0.00404461333528], [0.000874525168911, 0.000483713607537, -0.000227571290452, -0.000615402648691, -0.000346143351635, -0.00101008848287, 0.00179543718696, 0.00111646030564, 0.000600166502409, -0.00136677885894, 0.00291654351167, -0.00404461333528, 0.0170214716345]]
    },
    "spectral_contrast_coeffs": {
        "mean": [-0.576500594616, -0.692899882793, -0.734166264534, -0.717466115952, -0.729060590267, -0.732028484344],
        "var": [0.00846526492387, 0.00641958555207, 0.00481365527958, 0.00510286027566, 0.00516397785395, 0.00445202924311]
    },
    "spectral_contrast_valleys": {
        "mean": [-9.31850624084, -7.35384321213, -7.94239616394, -8.35136699677, -8.46150112152, -11.536523819],
        "var": [0.367752671242, 0.817763507366, 0.977045714855, 1.13093721867, 1.13983345032, 0.688202917576]
    }
},
"metadata": {
    "audio_properties": {
        "analysis_sample_rate": 44100,
        "bit_rate": 128074,
        "equal_loudness": 0,
        "length": 45.0612258911,
        "lossless": 0,
        "replay_gain": -6.58395195007,
        "sample_rate": 44100,
        "codec": "mp3",
        "downmix": "mix",
        "md5_encoded": "1d7da4ab8a1758cc6677aad3e320d8d6"
    },
    "tags": {
        "file_name": "1288.mp3"
    },
    "version": {
        "essentia": "2.1-beta2",
        "essentia_git_sha": "v2.1_beta2",
        "extractor": "music 1.0"
    }
},
"rhythm": {
    "beats_count": 74,
    "beats_loudness": {
        "mean": 0.022062106058,
        "var": 0.000381119491067
    },
    "bpm": 99.0556259155,
    "bpm_histogram_first_peak_bpm": {
        "mean": 99,
        "var": 0
    },
    "bpm_histogram_first_peak_spread": {
        "mean": 0.449275404215,
        "var": 0
    },
    "bpm_histogram_first_peak_weight": {
        "mean": 0.520547926426,
        "var": 0
    },
    "bpm_histogram_second_peak_bpm": {
        "mean": 105,
        "var": 0
    },
    "bpm_histogram_second_peak_spread": {
        "mean": 0,
        "var": 0
    },
    "bpm_histogram_second_peak_weight": {
        "mean": 0.0410958901048,
        "var": 0
    },
    "danceability": 1.24967324734,
    "onset_rate": 3.70439863205,
    "beats_loudness_band_ratio": {
        "mean": [0.0167915076017, 0.223235338926, 0.341423511505, 0.219448059797, 0.144810184836, 0.0936070233583],
        "var": [0.000572144403122, 0.0345196053386, 0.0473946258426, 0.0228143706918, 0.0131272403523, 0.0081503726542]
    },
    "beats_position": [0.557278871536, 1.13777780533, 1.74149656296, 2.36843538284, 2.99537420273, 3.61070299149, 4.22603178024, 4.85297060013, 5.46829938889, 6.09523820877, 6.73378658295, 7.36072540283, 7.96444416046, 8.57977294922, 9.19510173798, 9.81043052673, 10.4141492844, 11.0294780731, 11.6448068619, 12.2601356506, 12.8754644394, 13.5024032593, 14.117732048, 14.7330608368, 15.3483896255, 15.9521083832, 16.5558280945, 17.1595458984, 17.7632656097, 18.3553733826, 18.970703125, 19.574420929, 20.1897506714, 20.8050785065, 21.43201828, 22.0589561462, 22.6858959198, 23.312833786, 23.9397735596, 24.5667114258, 25.1820411682, 25.774148941, 26.3894786835, 26.9931964874, 27.5969161987, 28.1890239716, 28.7927436829, 29.3732414246, 29.9769611359, 30.5806789398, 31.1843986511, 31.7881164551, 32.3802261353, 32.9723358154, 33.5760536194, 34.1681632996, 34.7602729797, 35.3639907837, 35.9677085876, 36.5598182678, 37.151927948, 37.7324256897, 38.3013153076, 38.8702049255, 39.4507026672, 40.0312004089, 40.6116981506, 41.1805877686, 41.761089325, 42.3531951904, 42.9336967468, 43.5374145508, 44.1411323547, 44.7216300964]
},
"tonal": {
    "chords_changes_rate": 0.047325104475,
    "chords_number_rate": 0.00411522621289,
    "chords_strength": {
        "mean": 0.579504132271,
        "var": 0.00760638481006
    },
    "hpcp_entropy": {
        "mean": 1.70222961903,
        "var": 0.542486667633
    },
    "key_strength": 0.696108698845,
    "tuning_diatonic_strength": 0.494279950857,
    "tuning_equal_tempered_deviation": 0.0832504555583,
    "tuning_frequency": 439.238189697,
    "tuning_nontempered_energy_ratio": 0.688516497612,
    "hpcp": {
        "mean": [0.194487288594, 0.133723825216, 0.171275347471, 0.299395382404, 0.252097457647, 0.162117928267, 0.196913465858, 0.145918115973, 0.0711715519428, 0.0905302688479, 0.121369965374, 0.10558655858, 0.0832041054964, 0.0932390168309, 0.251874893904, 0.454150736332, 0.288977712393, 0.0835942625999, 0.0802020207047, 0.0667451918125, 0.0562070794404, 0.0653402209282, 0.113027080894, 0.152477517724, 0.180602788925, 0.153404399753, 0.112546004355, 0.164657875896, 0.161116629839, 0.205157622695, 0.28970682621, 0.194186255336, 0.0891638323665, 0.0581526234746, 0.0621734522283, 0.147739589214],
        "var": [0.0481844469905, 0.0383101142943, 0.0560253560543, 0.125348046422, 0.09116974473, 0.0376538038254, 0.0851324424148, 0.0545499064028, 0.014702684246, 0.0226377081126, 0.044193957001, 0.0258080456406, 0.021057901904, 0.0254115201533, 0.0578537322581, 0.151520490646, 0.0688104331493, 0.0145336696878, 0.0190605018288, 0.0159279908985, 0.0163447372615, 0.0181393958628, 0.0337005145848, 0.0457462444901, 0.0694565027952, 0.0718191489577, 0.0263325162232, 0.0688073933125, 0.0573048070073, 0.0607555098832, 0.0953202098608, 0.0505684502423, 0.0207434892654, 0.0135099841282, 0.0123305357993, 0.0440792106092]
    },
    "chords_histogram": [63.9917678833, 10.4938268661, 0, 0, 0, 0, 0, 22.7366256714, 2.77777767181, 0, 0, 0, 0, 0, 0, 0, 0, 0, 0, 0, 0, 0, 0, 0],
    "thpcp": [1, 0.636303544044, 0.184067219496, 0.176597803831, 0.146967038512, 0.123763047159, 0.143873423338, 0.248875692487, 0.335742086172, 0.397671461105, 0.337783008814, 0.247816413641, 0.362562179565, 0.354764670134, 0.451739042997, 0.637908935547, 0.427581071854, 0.196330919862, 0.128046959639, 0.136900469661, 0.325309574604, 0.428243905306, 0.294448107481, 0.377133250237, 0.659242331982, 0.555096447468, 0.356969416142, 0.433586150408, 0.321298867464, 0.156713500619, 0.199339687824, 0.267246007919, 0.23249232769, 0.183208122849, 0.205304116011, 0.554606378078],
    "chords_key": "G",
    "chords_scale": "minor",
    "key_key": "G",
    "key_scale": "minor"
}
}