{
"lowlevel": {
    "average_loudness": 0.963139891624,
    "barkbands_crest": {
        "mean": 7.84971618652,
        "var": 10.9926328659
    },
    "barkbands_flatness_db": {
        "mean": 0.138667941093,
        "var": 0.00139880483039
    },
    "barkbands_kurtosis": {
        "mean": -0.452006936073,
        "var": 3.1259572506
    },
    "barkbands_skewness": {
        "mean": 0.11486980319,
        "var": 0.521419942379
    },
    "barkbands_spread": {
        "mean": 27.2952404022,
        "var": 67.1267471313
    },
    "dissonance": {
        "mean": 0.480174601078,
        "var": 0.00026427814737
    },
    "dynamic_complexity": 2.1567504406,
    "erbbands_crest": {
        "mean": 9.93493175507,
        "var": 22.9689235687
    },
    "erbbands_flatness_db": {
        "mean": 0.22096849978,
        "var": 0.00143913412467
    },
    "erbbands_kurtosis": {
        "mean": 0.969200611115,
        "var": 2.79265904427
    },
    "erbbands_skewness": {
        "mean": -0.470724254847,
        "var": 0.358638048172
    },
    "erbbands_spread": {
        "mean": 22.5375518799,
        "var": 78.631149292
    },
    "hfc": {
        "mean": 30.5241680145,
        "var": 249.578659058
    },
    "melbands_crest": {
        "mean": 11.3831634521,
        "var": 20.4712104797
    },
    "melbands_flatness_db": {
        "mean": 0.170708820224,
        "var": 0.00197681528516
    },
    "melbands_kurtosis": {
        "mean": 1.29410684109,
        "var": 29.7902183533
    },
    "melbands_skewness": {
        "mean": 0.991878569126,
        "var": 1.01071214676
    },
    "melbands_spread": {
        "mean": 45.0721054077,
        "var": 231.985946655
    },
    "pitch_salience": {
        "mean": 0.568582832813,
        "var": 0.00897975638509
    },
    "silence_rate_20dB": {
        "mean": 1,
        "var": 0
    },
    "silence_rate_30dB": {
        "mean": 1,
        "var": 0
    },
    "silence_rate_60dB": {
        "mean": 0.00669412966818,
        "var": 0.00664932886139
    },
    "spectral_centroid": {
        "mean": 2019.53442383,
        "var": 203510
    },
    "spectral_complexity": {
        "mean": 31.2116374969,
        "var": 102.358352661
    },
    "spectral_decrease": {
        "mean": -5.69826807961e-009,
        "var": 6.7733341179e-018
    },
    "spectral_energy": {
        "mean": 0.0242752097547,
        "var": 0.000121739634778
    },
    "spectral_energyband_high": {
        "mean": 0.000611790688708,
        "var": 1.88466088957e-007
    },
    "spectral_energyband_low": {
        "mean": 0.00468193832785,
        "var": 1.39518379001e-005
    },
    "spectral_energyband_middle_high": {
        "mean": 0.0148529727012,
        "var": 8.2087397459e-005
    },
    "spectral_energyband_middle_low": {
        "mean": 0.00489133736119,
        "var": 7.6732276284e-006
    },
    "spectral_entropy": {
        "mean": 7.56133127213,
        "var": 0.0463789068162
    },
    "spectral_flux": {
        "mean": 0.0855009183288,
        "var": 0.000691788678523
    },
    "spectral_kurtosis": {
        "mean": 5.14287233353,
        "var": 7.22226381302
    },
    "spectral_rms": {
        "mean": 0.00471784640104,
        "var": 1.42499106914e-006
    },
    "spectral_rolloff": {
        "mean": 2275.46362305,
        "var": 552334.875
    },
    "spectral_skewness": {
        "mean": 1.04580056667,
        "var": 0.111665144563
    },
    "spectral_spread": {
        "mean": 2524786,
        "var": 1.13741031014e+012
    },
    "spectral_strongpeak": {
        "mean": 2.06020784378,
        "var": 4.44824123383
    },
    "zerocrossingrate": {
        "mean": 0.0717557221651,
        "var": 0.000358819059329
    },
    "barkbands": {
        "mean": [1.16935207188e-005, 0.000985518097878, 0.0030208711978, 0.000940584286582, 0.00129614688922, 0.000772516883444, 0.000919947575312, 0.000290621916065, 0.000558530853596, 0.0030406373553, 0.00111026712693, 0.0009706717683, 0.0021315368358, 0.00169518240727, 0.00107688538264, 0.00110602390487, 0.0015303271357, 0.00129042426124, 0.000690964225214, 0.000534785853233, 0.00019066366076, 7.59122413001e-005, 1.73110856849e-005, 9.42889892031e-006, 5.60427088203e-006, 1.96677183339e-006, 2.16608597725e-007],
        "var": [2.92956187087e-010, 1.33032540361e-006, 1.00013639894e-005, 1.03480715552e-006, 1.33408161673e-006, 4.79143466237e-007, 1.87581019873e-006, 3.41223767464e-007, 1.01481350612e-006, 2.08930123335e-005, 3.62060245607e-006, 6.37025868855e-006, 1.30786620502e-005, 9.01546445675e-006, 1.1069704442e-006, 1.29586203457e-006, 2.04248090085e-006, 1.19290723433e-006, 2.59290231952e-007, 1.6449116913e-007, 2.38962094556e-008, 1.17409104661e-008, 6.08205596997e-010, 3.08218645051e-010, 1.47001300022e-010, 2.24098881813e-011, 3.8844893014e-013]
    },
    "erbbands": {
        "mean": [0.0125790052116, 0.324341475964, 2.84543251991, 3.87942409515, 2.96593880653, 5.41369724274, 4.75300836563, 6.69781017303, 12.7917060852, 10.3357553482, 5.05751085281, 13.9794683456, 29.7597179413, 118.168258667, 48.8183822632, 51.2805252075, 113.798469543, 79.2941055298, 73.6286239624, 49.6162452698, 71.5052566528, 78.528755188, 65.9338684082, 55.5573883057, 28.403842926, 27.6090602875, 13.4315719604, 4.64083957672, 3.48330545425, 0.874200701714, 0.457319974899, 0.241311684251, 0.133957475424, 0.0783770978451, 0.0287330579013, 0.0102676898241, 0.00343917496502, 0.000782468006946, 3.58131983376e-005, 3.12704287353e-005],
        "var": [0.000180488495971, 0.109781056643, 8.05947494507, 13.6935825348, 6.0091047287, 26.7650108337, 13.7297649384, 42.211479187, 390.953338623, 303.322174072, 37.5299797058, 648.729492188, 1528.11450195, 30070.3085938, 7417.66308594, 11823.1083984, 36632.1914063, 18345.921875, 5947.08203125, 1955.73669434, 3462.15185547, 3775.53955078, 2783.67260742, 2130.34399414, 402.718536377, 480.043395996, 92.5673065186, 18.255613327, 28.2960128784, 1.34871912003, 0.464532285929, 0.166077062488, 0.0671122148633, 0.0258954279125, 0.00481646088883, 0.000570014119148, 7.55299333832e-005, 4.20170408688e-006, 3.32986438423e-009, 1.97381722078e-010]
    },
    "gfcc": {
        "mean": [-5.85978460312, 122.059928894, -178.041625977, 43.6399841309, -32.7470664978, -1.72934865952, -22.7923622131, -3.63596439362, -27.5417766571, -9.01907348633, -13.1792602539, -4.62724637985, -4.5118355751],
        "cov": [[2658.22241211, -657.247680664, -111.271888733, -86.7661743164, -197.42401123, 184.734634399, -96.8020019531, 174.350112915, -124.57459259, 118.773597717, -80.7032852173, 54.5259170532, -161.072494507], [-657.247680664, 937.184509277, -277.265136719, -58.1350364685, 156.190948486, -247.653564453, 256.027679443, -133.416275024, 63.683883667, -132.039901733, 141.754730225, -103.33530426, 137.004150391], [-111.271888733, -277.265136719, 451.690887451, 87.1766052246, -48.283782959, 146.500686646, -161.895217896, 53.7848014832, -17.8027439117, 31.202747345, -82.609588623, 53.8154411316, -49.2076454163], [-86.7661743164, -58.1350364685, 87.1766052246, 174.868942261, 52.9745903015, 38.325428009, -56.4276504517, -28.9428329468, 18.5571746826, -5.5762591362, -32.2793731689, -10.264175415, 1.09379720688], [-197.42401123, 156.190948486, -48.283782959, 52.9745903015, 127.837867737, -7.34798765182, 46.3595428467, -46.2176551819, 15.6068019867, -25.6511955261, 20.3152599335, -34.1221466064, 16.5934505463], [184.734634399, -247.653564453, 146.500686646, 38.325428009, -7.34798765182, 177.28755188, -73.0958251953, 13.0188322067, -14.4056978226, 32.6967506409, -37.2663116455, 18.3098869324, -49.3977890015], [-96.8020019531, 256.027679443, -161.895217896, -56.4276504517, 46.3595428467, -73.0958251953, 156.753341675, -3.21393942833, 6.71666908264, -41.2209701538, 51.6427459717, -29.3252010345, 32.1106491089], [174.350112915, -133.416275024, 53.7848014832, -28.9428329468, -46.2176551819, 13.0188322067, -3.21393942833, 118.133613586, 8.16512203217, 27.6504230499, -24.8436412811, 28.6054515839, -19.300163269], [-124.57459259, 63.683883667, -17.8027439117, 18.5571746826, 15.6068019867, -14.4056978226, 6.71666908264, 8.16512203217, 80.3192825317, 22.9544239044, 10.0465087891, -8.26794910431, 19.0783691406], [118.773597717, -132.039901733, 31.202747345, -5.5762591362, -25.6511955261, 32.6967506409, -41.2209701538, 27.6504230499, 22.9544239044, 93.4307861328, 19.6818313599, 21.7989349365, -17.9525279999], [-80.7032852173, 141.754730225, -82.609588623, -32.2793731689, 20.3152599335, -37.2663116455, 51.6427459717, -24.8436412811, 10.0465087891, 19.6818313599, 86.4554901123, 0.799970984459, 16.467212677], [54.5259170532, -103.33530426, 53.8154411316, -10.264175415, -34.1221466064, 18.3098869324, -29.3252010345, 28.6054515839, -8.26794910431, 21.7989349365, 0.799970984459, 65.3519897461, 11.0160856247], [-161.072494507, 137.004150391, -49.2076454163, 1.09379720688, 16.5934505463, -49.3977890015, 32.1106491089, -19.300163269, 19.0783691406, -17.9525279999, 16.467212677, 11.0160856247, 79.1047515869]],
        "icov": [[0.00084574293578, -0.00107458455022, 0.00173863675445, -0.000768190366216, 0.0011769819539, -0.00169593736064, 0.00100240309257, -0.00163099658675, 0.00207779789343, -0.00170229608193, 0.00172616529744, -0.00114315340761, 0.00147699471563], [-0.00107458455022, 0.0111692650244, -0.00666301138699, 0.00439849263057, -0.00479998532683, 0.0085715437308, -0.0075353984721, 0.0067624845542, -0.0088724354282, 0.0106568876654, -0.0125601142645, 0.0104721290991, -0.00895519834012], [0.00173863675445, -0.00666301138699, 0.0103479232639, -0.00427873106673, 0.0038653393276, -0.00849767401814, 0.00840820465237, -0.00754527375102, 0.00727810477838, -0.00578232528642, 0.00838033203036, -0.00805597938597, 0.00651469221339], [-0.000768190366216, 0.00439849263057, -0.00427873106673, 0.0118925031275, -0.00738316727802, 0.0036370435264, 0.000687236199155, 0.0043185823597, -0.00625255564228, 0.00518198497593, -0.00303274043836, 0.00485355732962, -0.00477408245206], [0.0011769819539, -0.00479998532683, 0.0038653393276, -0.00738316727802, 0.0172634106129, -0.00647967960685, -0.00163458788302, -0.000956004310865, 0.00367004889995, -0.00413599982858, 0.0036034763325, -0.00120266806334, 0.00357262697071], [-0.00169593736064, 0.0085715437308, -0.00849767401814, 0.0036370435264, -0.00647967960685, 0.017603661865, -0.00660857232288, 0.00831260718405, -0.00750775495544, 0.00548734143376, -0.00683701271191, 0.00540100550279, -0.00284504122101], [0.00100240309257, -0.0075353984721, 0.00840820465237, 0.000687236199155, -0.00163458788302, -0.00660857232288, 0.0251712948084, -0.0132191022858, 0.00655452720821, 0.00168770982418, -0.00130196090322, -0.00160755612887, 0.00238306098618], [-0.00163099658675, 0.0067624845542, -0.00754527375102, 0.0043185823597, -0.000956004310865, 0.00831260718405, -0.0132191022858, 0.0220860596746, -0.0104303089902, 0.00132904865313, 0.000926768407226, -0.00111097621266, -0.000861506443471], [0.00207779789343, -0.0088724354282, 0.00727810477838, -0.00625255564228, 0.00367004889995, -0.00750775495544, 0.00655452720821, -0.0104303089902, 0.0268718842417, -0.0161898471415, 0.0103755639866, -0.00281252153218, 0.00162414857186], [-0.00170229608193, 0.0106568876654, -0.00578232528642, 0.00518198497593, -0.00413599982858, 0.00548734143376, 0.00168770982418, 0.00132904865313, -0.0161898471415, 0.0334420651197, -0.0245652701706, 0.00847288034856, -0.00623039761558], [0.00172616529744, -0.0125601142645, 0.00838033203036, -0.00303274043836, 0.0036034763325, -0.00683701271191, -0.00130196090322, 0.000926768407226, 0.0103755639866, -0.0245652701706, 0.0400840863585, -0.0189566258341, 0.0124705834314], [-0.00114315340761, 0.0104721290991, -0.00805597938597, 0.00485355732962, -0.00120266806334, 0.00540100550279, -0.00160755612887, -0.00111097621266, -0.00281252153218, 0.00847288034856, -0.0189566258341, 0.0383100733161, -0.0203242506832], [0.00147699471563, -0.00895519834012, 0.00651469221339, -0.00477408245206, 0.00357262697071, -0.00284504122101, 0.00238306098618, -0.000861506443471, 0.00162414857186, -0.00623039761558, 0.0124705834314, -0.0203242506832, 0.030002342537]]
    },
    "melbands": {
        "mean": [0.000189194121049, 0.00114091078285, 0.000625803659204, 0.000336855882779, 0.000173284992343, 0.000150717154611, 0.000192446590518, 0.000103426340502, 4.46560079581e-005, 8.50071446621e-005, 0.000157294198289, 0.00050571328029, 0.000165853125509, 0.00011059587996, 0.000204109106562, 0.000178141985089, 0.000159976058058, 0.000127526538563, 7.43553609936e-005, 6.65673651383e-005, 9.15548880585e-005, 8.18160115159e-005, 7.83355571912e-005, 5.21343645232e-005, 4.52183048765e-005, 2.09118552448e-005, 1.82832573046e-005, 1.81282830454e-005, 9.77473791863e-006, 3.82237976737e-006, 2.3160910132e-006, 2.52973109127e-006, 6.02066961619e-007, 4.0965406356e-007, 2.81201579355e-007, 1.62567744155e-007, 1.45893267245e-007, 1.09154825623e-007, 6.36818242583e-008, 6.55378542547e-008],
        "var": [4.74956252106e-008, 1.09928998882e-006, 3.07012953726e-007, 1.07345741185e-007, 1.46085605834e-008, 2.11341308898e-008, 8.67023715045e-008, 3.35801857432e-008, 3.28176619213e-009, 2.54599363814e-008, 5.3235588382e-008, 5.74443447476e-007, 8.0281488124e-008, 7.05520903921e-008, 9.32786008434e-008, 9.44989082541e-008, 9.74385017116e-008, 2.44553799433e-008, 4.44258407839e-009, 7.46566453103e-009, 6.91165213951e-009, 6.46040199115e-009, 5.38859357135e-009, 2.07735140201e-009, 1.58435020658e-009, 2.37929564939e-010, 1.9037466048e-010, 2.32858371474e-010, 5.46196247952e-011, 1.16369500841e-011, 7.7524870204e-012, 1.88668212997e-011, 6.02471848452e-013, 3.45355769807e-013, 1.75569953541e-013, 6.41555629151e-014, 7.71377319658e-014, 4.69407295694e-014, 1.8637433651e-014, 1.8008572674e-014]
    },
    "mfcc": {
        "mean": [-628.233032227, 140.108734131, -65.6223983765, 44.2397994995, 0.852170228958, 9.17707538605, 7.8897395134, 4.70879650116, -0.445263922215, -5.21038961411, -8.9328327179, -3.45804381371, -3.5051779747],
        "cov": [[2007.2800293, -492.742858887, -95.2609634399, -205.622573853, -104.039146423, -62.097858429, 28.1033916473, 19.1816596985, -11.641002655, 27.619260788, 85.9187088013, 85.8542556763, -24.8623771667], [-492.742858887, 814.069763184, -304.223114014, 144.627578735, -140.903305054, -53.5823631287, 85.7511520386, 7.35624456406, -11.0918464661, 3.33006095886, -34.523853302, -14.2253904343, 16.0270843506], [-95.2609634399, -304.223114014, 459.468078613, -74.9736022949, 148.050796509, 41.8119697571, -64.7606964111, 10.1940250397, 9.68609523773, -2.7845351696, -10.1420135498, -18.7357788086, 4.92196464539], [-205.622573853, 144.627578735, -74.9736022949, 160.353393555, 13.6969633102, 7.29192256927, 3.83136510849, -3.3071308136, 11.6357345581, -1.5775411129, -22.910949707, -13.0057268143, 5.09346961975], [-104.039146423, -140.903305054, 148.050796509, 13.6969633102, 158.734863281, 82.8198852539, -30.4642505646, -4.89750385284, 6.01954889297, 12.7799568176, 0.819538772106, -20.4738540649, -14.8411645889], [-62.097858429, -53.5823631287, 41.8119697571, 7.29192256927, 82.8198852539, 127.838363647, 6.59625196457, -13.0162963867, -13.2825279236, 1.46217501163, 3.53134012222, -7.07742595673, -24.7244224548], [28.1033916473, 85.7511520386, -64.7606964111, 3.83136510849, -30.4642505646, 6.59625196457, 84.704826355, 24.7002563477, -18.5017261505, -4.2358622551, 0.203694656491, 8.9637336731, -0.816697061062], [19.1816596985, 7.35624456406, 10.1940250397, -3.3071308136, -4.89750385284, -13.0162963867, 24.7002563477, 65.6321792603, 22.2338581085, -6.74440288544, -5.5012011528, -0.866441369057, -3.20588636398], [-11.641002655, -11.0918464661, 9.68609523773, 11.6357345581, 6.01954889297, -13.2825279236, -18.5017261505, 22.2338581085, 69.5427398682, 13.6137609482, -3.19042372704, -10.2330064774, -0.7123452425], [27.619260788, 3.33006095886, -2.7845351696, -1.5775411129, 12.7799568176, 1.46217501163, -4.2358622551, -6.74440288544, 13.6137609482, 64.9231643677, 18.812379837, -2.97780561447, -3.95462274551], [85.9187088013, -34.523853302, -10.1420135498, -22.910949707, 0.819538772106, 3.53134012222, 0.203694656491, -5.5012011528, -3.19042372704, 18.812379837, 62.2287559509, 28.3931884766, 1.80609214306], [85.8542556763, -14.2253904343, -18.7357788086, -13.0057268143, -20.4738540649, -7.07742595673, 8.9637336731, -0.866441369057, -10.2330064774, -2.97780561447, 28.3931884766, 68.2298965454, 29.2810516357], [-24.8623771667, 16.0270843506, 4.92196464539, 5.09346961975, -14.8411645889, -24.7244224548, -0.816697061062, -3.20588636398, -0.7123452425, -3.95462274551, 1.80609214306, 29.2810516357, 66.4007568359]],
        "icov": [[0.000830535020214, 0.000703886267729, 0.000448907638201, 0.000496435270179, 0.000467556004878, 0.00030628539389, -0.000401780562242, -0.000186195611604, 7.56976005505e-005, -0.000485255470267, -0.000105221253762, -0.000654789386317, 0.000537861022167], [0.000703886267729, 0.00276452628896, 0.000974504102487, -0.00121429958381, 0.00184679462109, 0.000142109929584, -0.00151327089407, -0.000238250970142, 0.000467865291284, -0.00112437782809, 0.000394311122363, 0.000440391042503, -0.000214101339225], [0.000448907638201, 0.000974504102487, 0.00474570132792, 0.00232606334612, -0.00388520164415, 0.00100858800579, 0.00153966911603, -0.00171590945683, 0.000731205800548, 6.95671042195e-005, 0.00135388900526, 0.000190931954421, -0.00126310519408], [0.000496435270179, -0.00121429958381, 0.00232606334612, 0.00990498997271, -0.00423211976886, 0.000728239363525, 0.000288589857519, 0.0007085193065, -0.00182298745494, 0.00060127134202, 0.002762387041, -0.000589489180129, -0.000889169750735], [0.000467556004878, 0.00184679462109, -0.00388520164415, -0.00423211976886, 0.0182536710054, -0.00948305893689, 0.00283620203845, -0.002320259111, 0.000765583186876, -0.00346337724477, -0.00205442332663, 0.00313934823498, -0.000712923938408], [0.00030628539389, 0.000142109929584, 0.00100858800579, 0.000728239363525, -0.00948305893689, 0.0152930226177, -0.00488403392956, 0.00424756109715, 0.000259716645814, 0.00159595289733, 0.000332861120114, -0.00264755310491, 0.00492588011548], [-0.000401780562242, -0.00151327089407, 0.00153966911603, 0.000288589857519, 0.00283620203845, -0.00488403392956, 0.0210286770016, -0.0114692626521, 0.00780479842797, -0.00179770530667, 0.000410952634411, -0.00044251215877, -0.0012405886082], [-0.000186195611604, -0.000238250970142, -0.00171590945683, 0.0007085193065, -0.002320259111, 0.00424756109715, -0.0114692626521, 0.0249988604337, -0.0110230268911, 0.00438053766266, 0.000974409747869, -0.00177602923941, 0.00308883632533], [7.56976005505e-005, 0.000467865291284, 0.000731205800548, -0.00182298745494, 0.000765583186876, 0.000259716645814, 0.00780479842797, -0.0110230268911, 0.0216771159321, -0.00545703107491, 0.000274867285043, 0.00241770944558, -0.00133341061883], [-0.000485255470267, -0.00112437782809, 6.95671042195e-005, 0.00060127134202, -0.00346337724477, 0.00159595289733, -0.00179770530667, 0.00438053766266, -0.00545703107491, 0.0199754927307, -0.00699089374393, 0.00284046726301, 0.000116674789751], [-0.000105221253762, 0.000394311122363, 0.00135388900526, 0.002762387041, -0.00205442332663, 0.000332861120114, 0.000410952634411, 0.000974409747869, 0.000274867285043, -0.00699089374393, 0.02510808222, -0.0116425063461, 0.00330773903988], [-0.000654789386317, 0.000440391042503, 0.000190931954421, -0.000589489180129, 0.00313934823498, -0.00264755310491, -0.00044251215877, -0.00177602923941, 0.00241770944558, 0.00284046726301, -0.0116425063461, 0.0266733709723, -0.0119462423027], [0.000537861022167, -0.000214101339225, -0.00126310519408, -0.000889169750735, -0.000712923938408, 0.00492588011548, -0.0012405886082, 0.00308883632533, -0.00133341061883, 0.000116674789751, 0.00330773903988, -0.0119462423027, 0.0224543232471]]
    },
    "spectral_contrast_coeffs": {
        "mean": [-0.626032292843, -0.737138867378, -0.752973794937, -0.748444020748, -0.769541442394, -0.685613155365],
        "var": [0.00428584311157, 0.00366707216017, 0.0046778912656, 0.00239819847047, 0.000991576584056, 0.00155332393479]
    },
    "spectral_contrast_valleys": {
        "mean": [-7.53186655045, -6.9799695015, -6.84379196167, -6.98350000381, -6.68327283859, -11.2251825333],
        "var": [0.437858641148, 0.449472248554, 0.453408181667, 0.420790791512, 0.51174813509, 0.935042023659]
    }
},
"metadata": {
    "audio_properties": {
        "analysis_sample_rate": 44100,
        "bit_rate": 128074,
        "equal_loudness": 0,
        "length": 45.0612258911,
        "lossless": 0,
        "replay_gain": -5.68426513672,
        "sample_rate": 44100,
        "codec": "mp3",
        "downmix": "mix",
        "md5_encoded": "281dadff495daf979f6d604ac4665add"
    },
    "tags": {
        "file_name": "1290.mp3"
    },
    "version": {
        "essentia": "2.1-beta2",
        "essentia_git_sha": "v2.1_beta2",
        "extractor": "music 1.0"
    }
},
"rhythm": {
    "beats_count": 86,
    "beats_loudness": {
        "mean": 0.0258621368557,
        "var": 0.000124923608382
    },
    "bpm": 115.054725647,
    "bpm_histogram_first_peak_bpm": {
        "mean": 115,
        "var": 0
    },
    "bpm_histogram_first_peak_spread": {
        "mean": 0.541176438332,
        "var": 0
    },
    "bpm_histogram_first_peak_weight": {
        "mean": 0.458823531866,
        "var": 0
    },
    "bpm_histogram_second_peak_bpm": {
        "mean": 0,
        "var": 0
    },
    "bpm_histogram_second_peak_spread": {
        "mean": 0,
        "var": 0
    },
    "bpm_histogram_second_peak_weight": {
        "mean": 0,
        "var": 0
    },
    "danceability": 0.912569582462,
    "onset_rate": 4.32549524307,
    "beats_loudness_band_ratio": {
        "mean": [0.246682748199, 0.0883208066225, 0.0813963636756, 0.268532842398, 0.277001768351, 0.0638300850987],
        "var": [0.0222775284201, 0.0062076211907, 0.00521203922108, 0.028434349224, 0.0167448092252, 0.00112225895282]
    },
    "beats_position": [0.510838985443, 1.02167797089, 1.54412698746, 2.06657600403, 2.60063481331, 3.11147379875, 3.62231278419, 4.15637159348, 4.67882061005, 5.20126962662, 5.71210861206, 6.24616765976, 6.78022670746, 7.30267572403, 7.81351470947, 8.33596324921, 8.87002277374, 9.38086128235, 9.90331077576, 10.4257593155, 10.9365987778, 11.4474372864, 11.9814968109, 12.5155553818, 13.0496139526, 13.5604534149, 14.0712919235, 14.5937414169, 15.1161899567, 15.6386394501, 16.1610889435, 16.6951465607, 17.2059860229, 17.7168254852, 18.2276649475, 18.7617225647, 19.2957820892, 19.8066215515, 20.3290691376, 20.851518631, 21.3855781555, 21.8964176178, 22.4188652039, 22.9413146973, 23.4521541595, 23.974603653, 24.497051239, 25.0195007324, 25.553560257, 26.076007843, 26.5868473053, 27.0976867676, 27.6317462921, 28.142583847, 28.6534233093, 29.1758728027, 29.6983222961, 30.2207698822, 30.7432193756, 31.265668869, 31.7881164551, 32.322177887, 32.8446235657, 33.3670730591, 33.901134491, 34.4119720459, 34.9344215393, 35.4684791565, 35.9909286499, 36.5017662048, 37.0242156982, 37.5466651917, 38.0807266235, 38.5915641785, 39.1140136719, 39.6364631653, 40.1473007202, 40.6697502136, 41.192199707, 41.7262573242, 42.2603149414, 42.771156311, 43.281993866, 43.8044433594, 44.3268928528, 44.8493423462]
},
"tonal": {
    "chords_changes_rate": 0.0267489720136,
    "chords_number_rate": 0.00308641977608,
    "chords_strength": {
        "mean": 0.584160268307,
        "var": 0.00777513301
    },
    "hpcp_entropy": {
        "mean": 2.22547626495,
        "var": 0.590096771717
    },
    "key_strength": 0.778149008751,
    "tuning_diatonic_strength": 0.697330713272,
    "tuning_equal_tempered_deviation": 0.12331905961,
    "tuning_frequency": 445.884552002,
    "tuning_nontempered_energy_ratio": 0.759471058846,
    "hpcp": {
        "mean": [0.534758090973, 0.384421229362, 0.255073904991, 0.171780198812, 0.117959015071, 0.144678905606, 0.178395748138, 0.156212717295, 0.142032116652, 0.140398442745, 0.132186666131, 0.160956710577, 0.175686657429, 0.147558405995, 0.185377076268, 0.205276802182, 0.137117803097, 0.090542010963, 0.0831598713994, 0.117231667042, 0.318432420492, 0.449930816889, 0.275123506784, 0.110789872706, 0.0842329785228, 0.0941675007343, 0.102986499667, 0.0994916632771, 0.110814377666, 0.163964435458, 0.180806353688, 0.153831645846, 0.151795253158, 0.163478255272, 0.238839074969, 0.450066149235],
        "var": [0.107193522155, 0.0827401950955, 0.0823548436165, 0.0498307235539, 0.0255535468459, 0.0270013399422, 0.0349715203047, 0.0372020937502, 0.0416956581175, 0.036295350641, 0.0352489799261, 0.0379751399159, 0.0474774800241, 0.0317497588694, 0.0414252057672, 0.0596932731569, 0.0292571987957, 0.0183876082301, 0.0143023971468, 0.0158759113401, 0.0619028955698, 0.10545129329, 0.0540551282465, 0.0250999610871, 0.0188812613487, 0.0182405747473, 0.0194299556315, 0.0188136510551, 0.0206976048648, 0.0447753965855, 0.0662913918495, 0.0428693071008, 0.0460787042975, 0.0474419184029, 0.0685657188296, 0.0948614627123]
    },
    "chords_histogram": [76.131690979, 0.205761313438, 0, 0, 0, 0, 0, 0, 0, 0, 0, 0, 0, 5.45267486572, 0, 0, 0, 17.6954727173, 0.102880656719, 0, 0, 0, 0.411522626877, 0],
    "thpcp": [1, 0.718869388103, 0.476989328861, 0.321229726076, 0.220583885908, 0.270550191402, 0.333600848913, 0.29211845994, 0.265600681305, 0.262545704842, 0.2471896559, 0.30098977685, 0.328534841537, 0.275934875011, 0.346655964851, 0.383868515491, 0.256410896778, 0.169313967228, 0.155509322882, 0.219223737717, 0.595470011234, 0.841372609138, 0.514482200146, 0.207177549601, 0.157516047359, 0.176093637943, 0.192585214972, 0.186049848795, 0.207223370671, 0.306614220142, 0.338108688593, 0.287665873766, 0.283857792616, 0.305705070496, 0.446630120277, 0.84162569046],
    "chords_key": "A",
    "chords_scale": "major",
    "key_key": "A",
    "key_scale": "major"
}
}