{
"lowlevel": {
    "average_loudness": 0.825058758259,
    "barkbands_crest": {
        "mean": 11.4619169235,
        "var": 13.1821804047
    },
    "barkbands_flatness_db": {
        "mean": 0.196512192488,
        "var": 0.00196674116887
    },
    "barkbands_kurtosis": {
        "mean": 1.95343625546,
        "var": 9.16014385223
    },
    "barkbands_skewness": {
        "mean": 1.17844414711,
        "var": 0.608431100845
    },
    "barkbands_spread": {
        "mean": 14.4113903046,
        "var": 43.0594367981
    },
    "dissonance": {
        "mean": 0.422083884478,
        "var": 0.00172419019509
    },
    "dynamic_complexity": 4.14716148376,
    "erbbands_crest": {
        "mean": 12.7990179062,
        "var": 16.8712482452
    },
    "erbbands_flatness_db": {
        "mean": 0.247904926538,
        "var": 0.00138114509173
    },
    "erbbands_kurtosis": {
        "mean": 0.00405750470236,
        "var": 2.91911482811
    },
    "erbbands_skewness": {
        "mean": 0.438257962465,
        "var": 0.429296165705
    },
    "erbbands_spread": {
        "mean": 26.4946937561,
        "var": 70.6817169189
    },
    "hfc": {
        "mean": 10.8924427032,
        "var": 177.475067139
    },
    "melbands_crest": {
        "mean": 17.4778251648,
        "var": 34.7153282166
    },
    "melbands_flatness_db": {
        "mean": 0.238989695907,
        "var": 0.00253458600491
    },
    "melbands_kurtosis": {
        "mean": 5.1896033287,
        "var": 25.4112472534
    },
    "melbands_skewness": {
        "mean": 1.76027691364,
        "var": 0.750323474407
    },
    "melbands_spread": {
        "mean": 20.3456134796,
        "var": 153.673034668
    },
    "pitch_salience": {
        "mean": 0.486064463854,
        "var": 0.0074178269133
    },
    "silence_rate_20dB": {
        "mean": 1,
        "var": 0
    },
    "silence_rate_30dB": {
        "mean": 0.99794024229,
        "var": 0.00205549621023
    },
    "silence_rate_60dB": {
        "mean": 0.225540682673,
        "var": 0.174674347043
    },
    "spectral_centroid": {
        "mean": 1294.5970459,
        "var": 376139.9375
    },
    "spectral_complexity": {
        "mean": 8.95314121246,
        "var": 13.1557321548
    },
    "spectral_decrease": {
        "mean": -3.11854453372e-009,
        "var": 1.46813110548e-017
    },
    "spectral_energy": {
        "mean": 0.0127580752596,
        "var": 0.000239384971792
    },
    "spectral_energyband_high": {
        "mean": 0.000147582701175,
        "var": 1.12836637811e-007
    },
    "spectral_energyband_low": {
        "mean": 0.000389001332223,
        "var": 5.6422373973e-007
    },
    "spectral_energyband_middle_high": {
        "mean": 0.00499104708433,
        "var": 5.80814485147e-005
    },
    "spectral_energyband_middle_low": {
        "mean": 0.0075646257028,
        "var": 0.000106813888124
    },
    "spectral_entropy": {
        "mean": 6.53840875626,
        "var": 0.178958207369
    },
    "spectral_flux": {
        "mean": 0.0287657212466,
        "var": 0.000340681930538
    },
    "spectral_kurtosis": {
        "mean": 8.4302148819,
        "var": 26.5591964722
    },
    "spectral_rms": {
        "mean": 0.0030718173366,
        "var": 3.010834007e-006
    },
    "spectral_rolloff": {
        "mean": 1457.56994629,
        "var": 793243.4375
    },
    "spectral_skewness": {
        "mean": 1.84714579582,
        "var": 0.329868853092
    },
    "spectral_spread": {
        "mean": 3023699.25,
        "var": 1.03977333555e+012
    },
    "spectral_strongpeak": {
        "mean": 1.52323114872,
        "var": 2.27070426941
    },
    "zerocrossingrate": {
        "mean": 0.0509577542543,
        "var": 0.000539313594345
    },
    "barkbands": {
        "mean": [5.07750701217e-006, 0.00010076486069, 0.000150563733769, 0.000230362988077, 0.00155460392125, 0.00300698750652, 0.00102352560498, 0.00109908136073, 0.00029678674764, 0.00156574125867, 0.00146397133358, 0.000432805682067, 7.42985212128e-005, 0.000140307718539, 0.000212849598029, 0.000252996745985, 0.000592030468397, 0.00014664005721, 0.000107546999061, 0.000221139969653, 4.58686808997e-005, 2.15932632273e-005, 5.70523570786e-006, 4.75486012874e-006, 1.71583246811e-006, 3.40096903528e-007, 2.17892974774e-008],
        "var": [3.59191600074e-011, 5.61946222888e-008, 7.47616866192e-008, 1.10327982838e-006, 1.56963797053e-005, 3.438800195e-005, 7.17249986337e-006, 1.14734666568e-005, 5.74154171318e-007, 1.33596113301e-005, 2.85221594822e-005, 9.27853818666e-007, 2.67543818211e-008, 1.85533920671e-007, 2.84914847271e-007, 1.39148073686e-006, 1.34494393933e-006, 1.14510001481e-007, 3.37497567671e-008, 4.55105407582e-007, 1.27246950754e-008, 4.21764978498e-009, 1.0096028874e-010, 8.73345423757e-011, 9.7026085083e-012, 4.29388864959e-013, 2.15804364972e-015]
    },
    "erbbands": {
        "mean": [0.0011380558135, 0.0294043198228, 0.163575664163, 0.549074232578, 0.959119975567, 3.4444668293, 30.0386161804, 15.3059530258, 20.3293647766, 14.5514125824, 20.39412117, 7.75375366211, 25.3952217102, 59.9821205139, 52.4664154053, 21.2786407471, 4.74487400055, 8.10345840454, 6.93951129913, 14.6402015686, 21.4484119415, 21.8648204803, 12.6566772461, 5.1430015564, 7.39535522461, 12.9337482452, 3.23064279556, 1.24280416965, 0.866288423538, 0.23775409162, 0.162640973926, 0.114373020828, 0.0690613761544, 0.0266104433686, 0.0088775223121, 0.00240481691435, 0.000468386366265, 8.85454719537e-005, 9.33566934691e-006, 1.53095770656e-005],
        "var": [2.4036846753e-006, 0.00507907941937, 0.105755150318, 3.37637639046, 6.84407329559, 64.5651092529, 7514.95117188, 732.300598145, 2129.41894531, 2446.49731445, 2817.34570313, 334.059204102, 2052.88500977, 20064.2871094, 28943.5, 1644.05859375, 62.2969017029, 595.131591797, 265.334869385, 1496.86279297, 5056.97949219, 1722.80969238, 638.681884766, 197.818069458, 155.254104614, 1715.08947754, 73.7694778442, 7.82332801819, 5.39448642731, 0.20290081203, 0.0931705087423, 0.0543405488133, 0.018736936152, 0.00261695380323, 0.000227698910749, 2.21283498831e-005, 7.17840521247e-007, 2.53212633083e-008, 1.15452834792e-010, 3.31006028143e-010]
    },
    "gfcc": {
        "mean": [-98.2092056274, 110.556739807, -163.978012085, 17.1469860077, -61.9464607239, -11.1339883804, -33.1332702637, 4.34728479385, -25.4074668884, -8.15344905853, -9.77525138855, 3.66382145882, 5.48553276062],
        "cov": [[4201.69042969, -455.697509766, -615.702819824, 26.9376010895, -271.521026611, 56.0970916748, 6.0596704483, -12.2333154678, -14.1929130554, 32.8047294617, -64.5724563599, -211.59046936, -72.6296691895], [-455.697509766, 1037.63916016, 387.413726807, -113.226875305, 220.59942627, -198.083724976, -100.511871338, -297.215454102, -200.312683105, -242.375671387, -74.4579467773, 125.317695618, 203.666046143], [-615.702819824, 387.413726807, 419.010253906, 44.707862854, 93.0615615845, -5.18165302277, -59.4142837524, -62.2632217407, -87.6656188965, -71.8846893311, -62.5390853882, 27.7765445709, 10.3787479401], [26.9376010895, -113.226875305, 44.707862854, 305.873718262, 49.5167503357, 60.6278495789, 11.7008829117, 85.7831344604, 51.2495307922, 51.8177757263, 4.40309047699, -76.6581497192, -122.124290466], [-271.521026611, 220.59942627, 93.0615615845, 49.5167503357, 169.285247803, -0.524076759815, -14.789311409, -36.8477096558, -26.8008270264, -44.6997184753, -8.54296398163, 31.6804046631, 31.6319961548], [56.0970916748, -198.083724976, -5.18165302277, 60.6278495789, -0.524076759815, 242.248336792, 94.2270126343, 63.9110794067, 28.1123218536, 47.7093696594, -12.6079359055, -84.5032424927, -95.0554580688], [6.0596704483, -100.511871338, -59.4142837524, 11.7008829117, -14.789311409, 94.2270126343, 152.304458618, 66.3691177368, 15.8644456863, 44.3826141357, 33.4043006897, -45.0641784668, -61.6998901367], [-12.2333154678, -297.215454102, -62.2632217407, 85.7831344604, -36.8477096558, 63.9110794067, 66.3691177368, 235.10333252, 116.96446991, 114.185424805, 51.4170532227, -55.2140197754, -135.549636841], [-14.1929130554, -200.312683105, -87.6656188965, 51.2495307922, -26.8008270264, 28.1123218536, 15.8644456863, 116.96446991, 161.157928467, 87.7436065674, 21.8088035583, -23.1129322052, -61.1689605713], [32.8047294617, -242.375671387, -71.8846893311, 51.8177757263, -44.6997184753, 47.7093696594, 44.3826141357, 114.185424805, 87.7436065674, 173.688644409, 73.1729431152, -44.2481498718, -92.4666061401], [-64.5724563599, -74.4579467773, -62.5390853882, 4.40309047699, -8.54296398163, -12.6079359055, 33.4043006897, 51.4170532227, 21.8088035583, 73.1729431152, 134.446487427, 33.1483306885, -32.5174179077], [-211.59046936, 125.317695618, 27.7765445709, -76.6581497192, 31.6804046631, -84.5032424927, -45.0641784668, -55.2140197754, -23.1129322052, -44.2481498718, 33.1483306885, 163.748214722, 117.446182251], [-72.6296691895, 203.666046143, 10.3787479401, -122.124290466, 31.6319961548, -95.0554580688, -61.6998901367, -135.549636841, -61.1689605713, -92.4666061401, -32.5174179077, 117.446182251, 217.566635132]],
        "icov": [[0.000433000124758, -0.000535737955943, 0.00117849826347, -0.000397042254917, 0.000867496128194, -0.000498731795233, 0.000620222475845, -0.000347445544321, 0.000700229313225, -0.000298380880849, 0.000520510599017, 5.13942177349e-005, 0.000102478072222], [-0.000535737955943, 0.00594702083617, -0.0054092654027, 0.00210593640804, -0.00546936364844, 0.00449485424906, -0.00335436360911, 0.00439852150157, -0.00209908816032, 0.00314699090086, -0.00223519071005, 0.00185043050442, -0.000343269464793], [0.00117849826347, -0.0054092654027, 0.00984398648143, -0.00264272629283, 0.00415763771161, -0.00452773133293, 0.00477042607963, -0.00416033342481, 0.0051384861581, -0.00335522275418, 0.00475055724382, -0.0031218980439, 0.00209624087438], [-0.000397042254917, 0.00210593640804, -0.00264272629283, 0.00597630022094, -0.0042807823047, 0.00150028336793, -0.000410788838053, 0.00100986903999, -0.00176493264735, 0.000858897343278, -0.00100517319515, 0.00174247741234, 0.00194525998086], [0.000867496128194, -0.00546936364844, 0.00415763771161, -0.0042807823047, 0.0136198597029, -0.00493650976568, 0.00289882416837, -0.00339681794867, 0.00185239256825, -0.000982934376225, 0.00098702032119, -0.00234191701747, -0.00110811984632], [-0.000498731795233, 0.00449485424906, -0.00452773133293, 0.00150028336793, -0.00493650976568, 0.0101666208357, -0.00635148398578, 0.00366379413754, -0.00200879876502, 0.00128247297835, 0.000236533422139, 0.00230317842215, 0.00109726190567], [0.000620222475845, -0.00335436360911, 0.00477042607963, -0.000410788838053, 0.00289882416837, -0.00635148398578, 0.0131154265255, -0.00484919873998, 0.00354003161192, -0.00141376908869, -0.00102550315205, 0.000611637311522, 0.00030172400875], [-0.000347445544321, 0.00439852150157, -0.00416033342481, 0.00100986903999, -0.00339681794867, 0.00366379413754, -0.00484919873998, 0.013804112561, -0.00649943109602, 0.000760508992244, -0.00205028965138, 5.88681614317e-005, 0.0040092440322], [0.000700229313225, -0.00209908816032, 0.0051384861581, -0.00176493264735, 0.00185239256825, -0.00200879876502, 0.00354003161192, -0.00649943109602, 0.0142607139423, -0.00555415265262, 0.00462797144428, -0.00258841947652, 0.000508392113261], [-0.000298380880849, 0.00314699090086, -0.00335522275418, 0.000858897343278, -0.000982934376225, 0.00128247297835, -0.00141376908869, 0.000760508992244, -0.00555415265262, 0.0149500658736, -0.00810655020177, 0.00390397687443, -0.000154007459059], [0.000520510599017, -0.00223519071005, 0.00475055724382, -0.00100517319515, 0.00098702032119, 0.000236533422139, -0.00102550315205, -0.00205028965138, 0.00462797144428, -0.00810655020177, 0.0165888778865, -0.00812000688165, 0.0045854607597], [5.13942177349e-005, 0.00185043050442, -0.0031218980439, 0.00174247741234, -0.00234191701747, 0.00230317842215, 0.000611637311522, 5.88681614317e-005, -0.00258841947652, 0.00390397687443, -0.00812000688165, 0.0159477498382, -0.00792215950787], [0.000102478072222, -0.000343269464793, 0.00209624087438, 0.00194525998086, -0.00110811984632, 0.00109726190567, 0.00030172400875, 0.0040092440322, 0.000508392113261, -0.000154007459059, 0.0045854607597, -0.00792215950787, 0.0142070269212]]
    },
    "melbands": {
        "mean": [1.81547329703e-005, 7.01394892531e-005, 0.000103197431599, 8.03350994829e-005, 0.000840887718368, 0.000408396444982, 0.000285873335088, 0.000170063634869, 0.000154217937961, 4.28388848377e-005, 0.000131187291117, 0.000245947070653, 0.000214822197449, 5.56483682885e-005, 2.70666569122e-005, 9.9804437923e-006, 1.49124898599e-005, 9.37374261412e-006, 1.52865559357e-005, 1.81659088412e-005, 3.08526723529e-005, 2.41037232627e-005, 2.28388980759e-005, 5.16037744092e-006, 3.61901584256e-006, 5.25672840013e-006, 6.43224984742e-006, 8.41960354592e-006, 2.419313887e-006, 8.5696132146e-007, 6.52689834624e-007, 5.23161588717e-007, 2.86757483536e-007, 8.98427003904e-008, 9.48326359662e-008, 8.51234105426e-008, 6.06998398212e-008, 5.20311438379e-008, 3.53239464346e-008, 1.80792447679e-008],
        "var": [1.3494146911e-009, 2.11160973151e-008, 1.31181224106e-007, 2.51671661289e-008, 5.78022218178e-006, 4.68096828854e-007, 4.59476154901e-007, 4.15926592723e-007, 1.6383542345e-007, 1.0678504303e-008, 5.54408892128e-008, 3.7450647028e-007, 5.95271217207e-007, 2.06052082063e-008, 3.35232108739e-009, 9.51094758506e-010, 1.91742466349e-009, 5.79337522399e-010, 1.6283306925e-009, 2.03039229874e-009, 1.28444739289e-008, 2.21012053103e-009, 3.72756714384e-009, 1.32970537359e-010, 1.43274572761e-010, 1.02913254307e-010, 3.62522095676e-010, 6.9085298593e-010, 5.39088877705e-011, 3.3560350679e-012, 4.23435982458e-012, 2.39755350989e-012, 4.92099904662e-013, 3.24709097772e-014, 3.70068965706e-014, 3.11799671911e-014, 1.78216511373e-014, 1.20825938027e-014, 6.4489336248e-015, 1.23305953088e-015]
    },
    "mfcc": {
        "mean": [-736.09387207, 135.050308228, -38.4114074707, 23.8820552826, -13.0454645157, -11.8482017517, -4.2034406662, -0.126849859953, -0.861474096775, -8.62163448334, -18.1617412567, -0.900823295116, 4.29192781448],
        "cov": [[3874.87670898, -537.618774414, -408.891479492, -29.5915203094, -236.692047119, 25.4311161041, -54.3349075317, -81.5366973877, 34.8174591064, 95.5759735107, -28.6347579956, 11.9384527206, 2.59250974655], [-537.618774414, 1268.72473145, 4.76696920395, 20.9858188629, 191.607513428, 81.5600738525, -22.5018157959, -3.64397954941, -106.833557129, -288.700012207, -263.711547852, -368.235595703, -244.593566895], [-408.891479492, 4.76696920395, 298.702575684, 8.76910591125, 26.0045204163, 42.1336708069, 45.5725212097, 14.4556818008, 22.1831130981, 33.1107521057, 79.0637664795, 51.5235786438, -47.3669166565], [-29.5915203094, 20.9858188629, 8.76910591125, 227.839416504, 99.1542129517, -18.6842136383, 9.99356079102, 17.7926616669, -25.2994918823, -2.58975601196, 27.5189247131, -2.51938486099, -17.6803188324], [-236.692047119, 191.607513428, 26.0045204163, 99.1542129517, 219.132598877, 35.4656715393, -8.11748218536, 25.3288459778, -25.8522510529, -53.9371261597, -24.4301681519, -65.3520202637, -45.5725250244], [25.4311161041, 81.5600738525, 42.1336708069, -18.6842136383, 35.4656715393, 170.982803345, 44.2644386292, 4.14811611176, 15.6811437607, -12.160150528, -32.4872665405, -48.3138999939, -25.2901649475], [-54.3349075317, -22.5018157959, 45.5725212097, 9.99356079102, -8.11748218536, 44.2644386292, 164.974227905, 29.9289474487, -17.4589767456, 56.4277763367, 42.0348129272, 12.981751442, 8.99709033966], [-81.5366973877, -3.64397954941, 14.4556818008, 17.7926616669, 25.3288459778, 4.14811611176, 29.9289474487, 110.295211792, 19.4843387604, -7.08548307419, 20.0157623291, 19.702796936, 0.753088057041], [34.8174591064, -106.833557129, 22.1831130981, -25.2994918823, -25.8522510529, 15.6811437607, -17.4589767456, 19.4843387604, 124.984397888, 47.87266922, 21.3760585785, 68.2043838501, 19.4552345276], [95.5759735107, -288.700012207, 33.1107521057, -2.58975601196, -53.9371261597, -12.160150528, 56.4277763367, -7.08548307419, 47.87266922, 205.137634277, 124.153808594, 106.359413147, 64.9478149414], [-28.6347579956, -263.711547852, 79.0637664795, 27.5189247131, -24.4301681519, -32.4872665405, 42.0348129272, 20.0157623291, 21.3760585785, 124.153808594, 216.45980835, 144.775588989, 32.4915771484], [11.9384527206, -368.235595703, 51.5235786438, -2.51938486099, -65.3520202637, -48.3138999939, 12.981751442, 19.702796936, 68.2043838501, 106.359413147, 144.775588989, 268.711242676, 95.785446167], [2.59250974655, -244.593566895, -47.3669166565, -17.6803188324, -45.5725250244, -25.2901649475, 8.99709033966, 0.753088057041, 19.4552345276, 64.9478149414, 32.4915771484, 95.785446167, 187.125198364]],
        "icov": [[0.000378038006602, 0.000212823855691, 0.00058316468494, -0.000158757626195, 0.00034975662129, -0.000338694924721, 8.45539252623e-005, 0.000120830991364, -2.61111995314e-006, -0.000110748231236, 5.6828623201e-005, 2.36993819271e-005, 0.000457127956906], [0.000212823855691, 0.00200229045004, 4.3967502279e-005, 0.000167678925209, -0.000629146234132, 6.94804475643e-005, -0.00053716765251, 0.000197323577595, -5.1474547945e-005, 0.00120059330948, 0.000720832904335, 0.00127226370387, 0.00133468268905], [0.00058316468494, 4.3967502279e-005, 0.00540232378989, 1.29889767777e-005, -1.73079206434e-005, -0.00150060513988, -0.000671476533171, 0.000506960437633, -0.000539886357728, -5.26392832398e-005, -0.00151053071022, -0.00106531882193, 0.002123324899], [-0.000158757626195, 0.000167678925209, 1.29889767777e-005, 0.00609407480806, -0.00325925601646, 0.00126639974769, -0.000625323853455, -0.00021173292771, 0.000699459516909, -4.43344069936e-005, -0.000603703432716, -0.00018815950898, 0.000352572387783], [0.00034975662129, -0.000629146234132, -1.73079206434e-005, -0.00325925601646, 0.00779922818765, -0.00202350667678, 0.00152075127698, -0.00150281831156, 0.000665020314045, 0.000152876018547, -0.000502600392792, 0.000696270144545, 2.79994037555e-005], [-0.000338694924721, 6.94804475643e-005, -0.00150060513988, 0.00126639974769, -0.00202350667678, 0.00842291954905, -0.00312802451663, 0.000827756710351, -0.00259616761468, 0.000777155684773, 0.000819467182737, 0.00154030194972, -0.000302607542835], [8.45539252623e-005, -0.00053716765251, -0.000671476533171, -0.000625323853455, 0.00152075127698, -0.00312802451663, 0.00952918920666, -0.00341385998763, 0.00376043887809, -0.0037673113402, -0.000107155683509, -0.000304704735754, -0.00033800964593], [0.000120830991364, 0.000197323577595, 0.000506960437633, -0.00021173292771, -0.00150281831156, 0.000827756710351, -0.00341385998763, 0.0115013960749, -0.00348106678575, 0.00303538888693, -0.00164945994038, -0.000116617899039, -0.000117207426229], [-2.61111995314e-006, -5.1474547945e-005, -0.000539886357728, 0.000699459516909, 0.000665020314045, -0.00259616761468, 0.00376043887809, -0.00348106678575, 0.0126455426216, -0.00415506307036, 0.00268742232583, -0.00355699751526, 0.000987992621958], [-0.000110748231236, 0.00120059330948, -5.26392832398e-005, -4.43344069936e-005, 0.000152876018547, 0.000777155684773, -0.0037673113402, 0.00303538888693, -0.00415506307036, 0.0115215741098, -0.00490975892171, 0.00151515693869, -0.00162548897788], [5.6828623201e-005, 0.000720832904335, -0.00151053071022, -0.000603703432716, -0.000502600392792, 0.000819467182737, -0.000107155683509, -0.00164945994038, 0.00268742232583, -0.00490975892171, 0.0114386677742, -0.00423229020089, 0.00210710265674], [2.36993819271e-005, 0.00127226370387, -0.00106531882193, -0.00018815950898, 0.000696270144545, 0.00154030194972, -0.000304704735754, -0.000116617899039, -0.00355699751526, 0.00151515693869, -0.00423229020089, 0.00964210554957, -0.00258869724348], [0.000457127956906, 0.00133468268905, 0.002123324899, 0.000352572387783, 2.79994037555e-005, -0.000302607542835, -0.00033800964593, -0.000117207426229, 0.000987992621958, -0.00162548897788, 0.00210710265674, -0.00258869724348, 0.0090563846752]]
    },
    "spectral_contrast_coeffs": {
        "mean": [-0.640197515488, -0.587106585503, -0.642363250256, -0.704184830189, -0.677656173706, -0.737804293633],
        "var": [0.0105657437816, 0.00560106150806, 0.00623325025663, 0.00412494502962, 0.00415827566758, 0.00178500253242]
    },
    "spectral_contrast_valleys": {
        "mean": [-8.89705657959, -8.1927652359, -8.55435276031, -9.30741119385, -9.24865818024, -12.1457977295],
        "var": [0.596961200237, 0.625815391541, 0.649505257607, 0.647606372833, 0.526569545269, 0.446689754725]
    }
},
"metadata": {
    "audio_properties": {
        "analysis_sample_rate": 44100,
        "bit_rate": 128074,
        "equal_loudness": 0,
        "length": 45.0612258911,
        "lossless": 0,
        "replay_gain": -5.85224723816,
        "sample_rate": 44100,
        "codec": "mp3",
        "downmix": "mix",
        "md5_encoded": "627eb122f95e31f23f7732e48bfedcb6"
    },
    "tags": {
        "file_name": "1291.mp3"
    },
    "version": {
        "essentia": "2.1-beta2",
        "essentia_git_sha": "v2.1_beta2",
        "extractor": "music 1.0"
    }
},
"rhythm": {
    "beats_count": 73,
    "beats_loudness": {
        "mean": 0.0161982551217,
        "var": 0.000338544312399
    },
    "bpm": 97.3854141235,
    "bpm_histogram_first_peak_bpm": {
        "mean": 98,
        "var": 0
    },
    "bpm_histogram_first_peak_spread": {
        "mean": 0.5625,
        "var": 0
    },
    "bpm_histogram_first_peak_weight": {
        "mean": 0.194444447756,
        "var": 0
    },
    "bpm_histogram_second_peak_bpm": {
        "mean": 115,
        "var": 0
    },
    "bpm_histogram_second_peak_spread": {
        "mean": 0.5,
        "var": 0
    },
    "bpm_histogram_second_peak_weight": {
        "mean": 0.0694444477558,
        "var": 0
    },
    "danceability": 1.06565070152,
    "onset_rate": 2.48438715935,
    "beats_loudness_band_ratio": {
        "mean": [0.0798613876104, 0.355953097343, 0.307703882456, 0.209229916334, 0.119343519211, 0.0308477450162],
        "var": [0.0168651882559, 0.0761583670974, 0.0574625693262, 0.0278370156884, 0.0171268712729, 0.00119056436233]
    },
    "beats_position": [0.592108845711, 1.17260766029, 1.764716506, 2.35682535172, 2.9837641716, 3.61070299149, 4.22603178024, 4.82975053787, 5.45668935776, 6.07201814651, 6.68734693527, 7.31428575516, 7.94122457504, 8.56816291809, 9.18349170685, 9.79882049561, 10.4257593155, 11.0410881042, 11.6680269241, 12.2833557129, 12.9102945328, 13.5256233215, 14.1409521103, 14.7446708679, 15.3599996567, 15.9753284454, 16.6951465607, 17.4033565521, 18.1231746674, 18.8429927826, 19.574420929, 20.3174591064, 21.0140590668, 21.7222671509, 22.3259868622, 22.918094635, 23.4985942841, 24.0907020569, 24.6828117371, 25.2516994476, 25.8205890656, 26.3778686523, 26.9119262695, 27.4575958252, 28.0032653809, 28.5257129669, 29.0597724915, 29.6054420471, 30.1162815094, 30.6387290955, 31.1611785889, 31.6139678955, 32.0667572021, 32.5311546326, 32.9955558777, 33.4599533081, 33.9127426147, 34.4119720459, 34.9344215393, 35.4452590942, 35.9677085876, 36.5017662048, 37.151927948, 37.790473938, 38.4290237427, 39.0559616089, 39.6945114136, 40.4607696533, 41.2386398315, 42.0165061951, 42.7943763733, 43.560634613, 44.3268928528]
},
"tonal": {
    "chords_changes_rate": 0.0534979440272,
    "chords_number_rate": 0.00925925932825,
    "chords_strength": {
        "mean": 0.548592925072,
        "var": 0.00833746232092
    },
    "hpcp_entropy": {
        "mean": 1.04180717468,
        "var": 0.425597131252
    },
    "key_strength": 0.863275170326,
    "tuning_diatonic_strength": 0.723454117775,
    "tuning_equal_tempered_deviation": 0.100338496268,
    "tuning_frequency": 439.238189697,
    "tuning_nontempered_energy_ratio": 0.740468859673,
    "hpcp": {
        "mean": [0.177315220237, 0.122590973973, 0.0199693087488, 0.0123285278678, 0.0165555924177, 0.068332709372, 0.151454970241, 0.112346477807, 0.0373171456158, 0.0591182559729, 0.05897641927, 0.0262566376477, 0.0193564295769, 0.0297935046256, 0.192697197199, 0.418619513512, 0.307812690735, 0.0678731948137, 0.00982441194355, 0.0106283091009, 0.0577846728265, 0.117374189198, 0.0787006467581, 0.0247068330646, 0.0178503319621, 0.00949981343001, 0.0346188656986, 0.0888010710478, 0.0892050042748, 0.107385464013, 0.253730088472, 0.249472126365, 0.0812291875482, 0.0148377753794, 0.0102808447555, 0.0747138112783],
        "var": [0.0836195349693, 0.0438684523106, 0.00311794970185, 0.00229331641458, 0.00450474815443, 0.0239379685372, 0.0849866941571, 0.0492028594017, 0.00660419370979, 0.0365573838353, 0.0441697649658, 0.00751119526103, 0.00481183035299, 0.0110752182081, 0.0605752430856, 0.169805362821, 0.104088112712, 0.0190013498068, 0.00175925600342, 0.00172366353218, 0.0255875941366, 0.0761732310057, 0.0363951139152, 0.00269982195459, 0.00220595230348, 0.00150476861745, 0.010455914773, 0.0473907776177, 0.0446629673243, 0.0379078239202, 0.126515328884, 0.136669903994, 0.0220048390329, 0.00374439079314, 0.00149449473247, 0.0187202356756]
    },
    "chords_histogram": [40.0205764771, 1.85185182095, 26.851852417, 0, 0, 0, 1.74897122383, 0, 0, 0, 0, 0, 0, 0, 0, 0, 0, 3.80658435822, 0, 5.24691343307, 0, 5.45267486572, 4.21810722351, 10.8024692535],
    "thpcp": [1, 0.735304236412, 0.162135764956, 0.0234685949981, 0.0253889486194, 0.138036265969, 0.280383944511, 0.188000425696, 0.0590197853744, 0.0426409468055, 0.0226931925863, 0.0826976895332, 0.212128356099, 0.213093280792, 0.256522834301, 0.606111466885, 0.595940053463, 0.194040611386, 0.0354445390403, 0.0245589241385, 0.178476661444, 0.423571318388, 0.29284581542, 0.0477027669549, 0.029450437054, 0.0395480655134, 0.163233458996, 0.36179625988, 0.268373727798, 0.0891433507204, 0.141221925616, 0.140883117914, 0.0627219602466, 0.0462387166917, 0.0711708441377, 0.460315853357],
    "chords_key": "G",
    "chords_scale": "major",
    "key_key": "G",
    "key_scale": "major"
}
}