{
"lowlevel": {
    "average_loudness": 0.976753532887,
    "barkbands_crest": {
        "mean": 10.4429121017,
        "var": 14.8421907425
    },
    "barkbands_flatness_db": {
        "mean": 0.16684807837,
        "var": 0.00280502508394
    },
    "barkbands_kurtosis": {
        "mean": 4.87806081772,
        "var": 39.3006286621
    },
    "barkbands_skewness": {
        "mean": 1.67047786713,
        "var": 0.846639811993
    },
    "barkbands_spread": {
        "mean": 14.9208059311,
        "var": 89.4286117554
    },
    "dissonance": {
        "mean": 0.435122907162,
        "var": 0.0012139196042
    },
    "dynamic_complexity": 1.7192709446,
    "erbbands_crest": {
        "mean": 9.966132164,
        "var": 17.0179805756
    },
    "erbbands_flatness_db": {
        "mean": 0.177381813526,
        "var": 0.00217385729775
    },
    "erbbands_kurtosis": {
        "mean": 0.720736265182,
        "var": 4.16803073883
    },
    "erbbands_skewness": {
        "mean": 0.644401311874,
        "var": 0.505084216595
    },
    "erbbands_spread": {
        "mean": 31.5661506653,
        "var": 249.637359619
    },
    "hfc": {
        "mean": 20.0632667542,
        "var": 131.991851807
    },
    "melbands_crest": {
        "mean": 14.4441642761,
        "var": 24.2142543793
    },
    "melbands_flatness_db": {
        "mean": 0.248790875077,
        "var": 0.00373314623721
    },
    "melbands_kurtosis": {
        "mean": 10.9315223694,
        "var": 148.606964111
    },
    "melbands_skewness": {
        "mean": 2.36136817932,
        "var": 1.38139820099
    },
    "melbands_spread": {
        "mean": 15.0617055893,
        "var": 90.5723114014
    },
    "pitch_salience": {
        "mean": 0.528439939022,
        "var": 0.0102062486112
    },
    "silence_rate_20dB": {
        "mean": 1,
        "var": 0
    },
    "silence_rate_30dB": {
        "mean": 0.995880544186,
        "var": 0.00410260632634
    },
    "silence_rate_60dB": {
        "mean": 0.00154479919001,
        "var": 0.00154241069686
    },
    "spectral_centroid": {
        "mean": 870.330078125,
        "var": 174069.453125
    },
    "spectral_complexity": {
        "mean": 16.3702373505,
        "var": 26.3547058105
    },
    "spectral_decrease": {
        "mean": -9.93645699054e-009,
        "var": 3.05751133777e-017
    },
    "spectral_energy": {
        "mean": 0.0393223389983,
        "var": 0.000461044051917
    },
    "spectral_energyband_high": {
        "mean": 0.000410035921959,
        "var": 7.77039531386e-007
    },
    "spectral_energyband_low": {
        "mean": 0.0132380835712,
        "var": 0.0002462513512
    },
    "spectral_energyband_middle_high": {
        "mean": 0.00526150083169,
        "var": 2.71843055089e-005
    },
    "spectral_energyband_middle_low": {
        "mean": 0.0210981946439,
        "var": 0.000171237566974
    },
    "spectral_entropy": {
        "mean": 7.04699373245,
        "var": 0.194833412766
    },
    "spectral_flux": {
        "mean": 0.0890563577414,
        "var": 0.00246588164009
    },
    "spectral_kurtosis": {
        "mean": 8.81360340118,
        "var": 38.7923736572
    },
    "spectral_rms": {
        "mean": 0.00596789643168,
        "var": 2.74736271422e-006
    },
    "spectral_rolloff": {
        "mean": 930.772094727,
        "var": 979345.9375
    },
    "spectral_skewness": {
        "mean": 2.21999263763,
        "var": 0.393684178591
    },
    "spectral_spread": {
        "mean": 3990325.5,
        "var": 3.60897105101e+012
    },
    "spectral_strongpeak": {
        "mean": 1.00035715103,
        "var": 0.801476299763
    },
    "zerocrossingrate": {
        "mean": 0.0411275140941,
        "var": 0.00062333868118
    },
    "barkbands": {
        "mean": [0.000184883596376, 0.00607002805918, 0.00643082568422, 0.000846566050313, 0.00722831767052, 0.00480554299429, 0.00371911516413, 0.00169295724481, 0.00256050913595, 0.00099297252018, 0.00073736300692, 0.00064107729122, 0.000654269417282, 0.000633435323834, 0.000639775360469, 0.000274111313047, 0.000354433374014, 0.000256198836723, 0.000124478741782, 0.000144452176755, 9.524943016e-005, 6.63635437377e-005, 5.03603114339e-005, 3.65312516806e-005, 5.13962513651e-005, 2.89824038191e-005, 2.11403676076e-006],
        "var": [9.65084936411e-008, 5.10891441081e-005, 0.000103464670246, 7.09509549779e-006, 5.94098964939e-005, 3.03879423882e-005, 4.73437867186e-005, 8.34175170894e-006, 1.12161396828e-005, 3.65906953448e-006, 4.46725198344e-006, 1.34775405058e-006, 1.54528026997e-006, 1.68185010807e-006, 1.25984183796e-006, 4.77431967738e-007, 2.53815187534e-007, 1.7166928501e-007, 3.90448562371e-008, 6.66637447466e-008, 9.6574083841e-008, 7.68739099044e-008, 1.56268509244e-008, 7.14710068905e-009, 1.04601731721e-008, 3.36239636134e-009, 1.64000566599e-011]
    },
    "erbbands": {
        "mean": [0.106591321528, 1.6479820013, 7.3528380394, 4.81091737747, 8.03600025177, 27.2621841431, 42.9133834839, 38.4271354675, 51.042804718, 46.093914032, 38.0854377747, 65.1111602783, 28.0380058289, 36.2577209473, 31.0261039734, 24.1168136597, 32.8766479492, 29.9772396088, 35.6970176697, 26.0713787079, 15.5239238739, 18.8731327057, 16.0375709534, 7.9725446701, 6.39072561264, 7.02612161636, 4.7877368927, 3.53583264351, 2.12284827232, 2.35246729851, 1.27639770508, 0.750292658806, 0.663709044456, 0.615174293518, 0.332968473434, 0.15449410677, 0.045745767653, 0.00851309578866, 0.000247763382504, 5.13645645697e-005],
        "var": [0.0164255779237, 3.66201329231, 96.311050415, 135.914489746, 105.044250488, 864.961791992, 2958.22729492, 2048.66015625, 10048.9091797, 4361.58398438, 3631.07495117, 6836.49365234, 2774.82128906, 6584.36621094, 3810.06982422, 1721.5970459, 3239.18920898, 3865.64355469, 3183.53417969, 4028.34912109, 775.254943848, 716.194519043, 528.56048584, 138.230178833, 105.451828003, 145.428848267, 147.040313721, 215.635238647, 66.384475708, 115.323051453, 8.70841693878, 3.73472809792, 2.19207549095, 1.7050768137, 0.482600450516, 0.1301073879, 0.00657531619072, 0.000214289771975, 1.6921723045e-007, 7.68793306793e-010]
    },
    "gfcc": {
        "mean": [7.16747426987, 120.341842651, -106.335067749, 15.5045003891, -50.692199707, 3.75400853157, -44.4938278198, 13.0588254929, -22.6238212585, 7.68248271942, -11.7767810822, -1.52698862553, -8.16218948364],
        "cov": [[3268.87890625, -997.269042969, 20.1660575867, 73.5649719238, -161.891555786, 303.938812256, 24.7876834869, 168.263687134, -182.091415405, 112.791572571, -248.382553101, 217.47769165, -234.193664551], [-997.269042969, 1359.22644043, -232.614868164, -113.42388916, 311.621734619, -226.19744873, 103.611488342, -120.54057312, 124.778747559, -169.278930664, 216.141326904, -239.682937622, 181.975769043], [20.1660575867, -232.614868164, 592.71484375, 140.086135864, -23.4385528564, 101.987457275, 10.000328064, 15.1427383423, -19.2775859833, 69.2755279541, -113.684646606, 43.1169509888, -97.803062439], [73.5649719238, -113.42388916, 140.086135864, 308.703582764, 12.3619728088, 4.86151647568, 5.93615961075, -5.46564435959, 25.1364536285, 23.2563171387, -21.9160499573, -49.2401885986, -3.41001963615], [-161.891555786, 311.621734619, -23.4385528564, 12.3619728088, 242.917907715, -22.2477340698, 29.1202278137, 11.2007875443, 34.8989524841, -21.3421936035, 23.5176582336, -48.7923240662, 19.6021099091], [303.938812256, -226.19744873, 101.987457275, 4.86151647568, -22.2477340698, 243.758483887, 73.8334655762, 34.7193260193, -32.0983047485, 35.9136314392, -28.7363777161, 34.294090271, -77.5972671509], [24.7876834869, 103.611488342, 10.000328064, 5.93615961075, 29.1202278137, 73.8334655762, 215.006637573, 1.22103273869, -33.9405326843, -3.44844102859, 18.0446414948, -4.12559890747, -36.7002677917], [168.263687134, -120.54057312, 15.1427383423, -5.46564435959, 11.2007875443, 34.7193260193, 1.22103273869, 142.598724365, 32.4865531921, 20.8226127625, -17.0537033081, 36.5342826843, -19.7099628448], [-182.091415405, 124.778747559, -19.2775859833, 25.1364536285, 34.8989524841, -32.0983047485, -33.9405326843, 32.4865531921, 141.312637329, 3.00172138214, 15.9042282104, -20.5341701508, 34.8450889587], [112.791572571, -169.278930664, 69.2755279541, 23.2563171387, -21.3421936035, 35.9136314392, -3.44844102859, 20.8226127625, 3.00172138214, 107.25806427, -10.4973745346, 28.6738891602, -30.6055545807], [-248.382553101, 216.141326904, -113.684646606, -21.9160499573, 23.5176582336, -28.7363777161, 18.0446414948, -17.0537033081, 15.9042282104, -10.4973745346, 133.819519043, -31.1986637115, 45.591381073], [217.47769165, -239.682937622, 43.1169509888, -49.2401885986, -48.7923240662, 34.294090271, -4.12559890747, 36.5342826843, -20.5341701508, 28.6738891602, -31.1986637115, 161.638641357, -29.5283050537], [-234.193664551, 181.975769043, -97.803062439, -3.41001963615, 19.6021099091, -77.5972671509, -36.7002677917, -19.7099628448, 34.8450889587, -30.6055545807, 45.591381073, -29.5283050537, 126.615249634]],
        "icov": [[0.000553003512323, -0.000296103738947, 0.000555458827876, -0.000559179461561, 0.00032569016912, -0.000597277889028, 0.000346434972016, -0.000610922521446, 0.000811543955933, -0.000476873712614, 0.00110095599666, -0.000625268614385, 0.000570417090785], [-0.000296103738947, 0.00543931359425, -0.00178657227661, 0.00343846715987, -0.00437717651948, 0.00311540113762, -0.00356393423863, 0.00304542155936, -0.00403766753152, 0.00436986470595, -0.00526037858799, 0.00446217693388, -0.00252241408452], [0.000555458827876, -0.00178657227661, 0.00354379648343, -0.00247675552964, 0.00136681913864, -0.00188988598529, 0.00140615110286, -0.00101384695154, 0.00178736553062, -0.00247765495442, 0.00390875712037, -0.00220708502457, 0.00213275151327], [-0.000559179461561, 0.00343846715987, -0.00247675552964, 0.00651753647253, -0.0027544000186, 0.00241842004471, -0.00268658227287, 0.00230516516604, -0.00359460082836, 0.00215486786328, -0.0034842796158, 0.0046160845086, -0.00238382583484], [0.00032569016912, -0.00437717651948, 0.00136681913864, -0.0027544000186, 0.00828764308244, -0.0021963454783, 0.00201465771534, -0.00321966246702, 0.00241807615384, -0.00293391966261, 0.00403142441064, -0.00242609134875, 0.00193662010133], [-0.000597277889028, 0.00311540113762, -0.00188988598529, 0.00241842004471, -0.0021963454783, 0.00799667462707, -0.00377698522061, 0.00106748996768, -0.00233246944845, 0.00189334817696, -0.00367961963639, 0.00269533274695, 0.000388346030377], [0.000346434972016, -0.00356393423863, 0.00140615110286, -0.00268658227287, 0.00201465771534, -0.00377698522061, 0.00825310498476, -0.00211865641177, 0.00398002704605, -0.00219202390872, 0.00221545319073, -0.00295692565851, 0.00310004781932], [-0.000610922521446, 0.00304542155936, -0.00101384695154, 0.00230516516604, -0.00321966246702, 0.00106748996768, -0.00211865641177, 0.0107756974176, -0.00534721417353, 0.00182517559733, -0.00278950273059, 0.000920174934436, -0.000880232080817], [0.000811543955933, -0.00403766753152, 0.00178736553062, -0.00359460082836, 0.00241807615384, -0.00233246944845, 0.00398002704605, -0.00534721417353, 0.0127328503877, -0.00423795217648, 0.00415933039039, -0.00286883511581, 0.000410113891121], [-0.000476873712614, 0.00436986470595, -0.00247765495442, 0.00215486786328, -0.00293391966261, 0.00189334817696, -0.00219202390872, 0.00182517559733, -0.00423795217648, 0.0150612043217, -0.00593328103423, 0.00227624061517, -0.000280851410935], [0.00110095599666, -0.00526037858799, 0.00390875712037, -0.0034842796158, 0.00403142441064, -0.00367961963639, 0.00221545319073, -0.00278950273059, 0.00415933039039, -0.00593328103423, 0.0166212879121, -0.00384036684409, 0.000391490117181], [-0.000625268614385, 0.00446217693388, -0.00220708502457, 0.0046160845086, -0.00242609134875, 0.00269533274695, -0.00295692565851, 0.000920174934436, -0.00286883511581, 0.00227624061517, -0.00384036684409, 0.012124680914, -0.00228643743321], [0.000570417090785, -0.00252241408452, 0.00213275151327, -0.00238382583484, 0.00193662010133, 0.000388346030377, 0.00310004781932, -0.000880232080817, 0.000410113891121, -0.000280851410935, 0.000391490117181, -0.00228643743321, 0.0140063203871]]
    },
    "melbands": {
        "mean": [0.00130802521016, 0.00334808183834, 0.000856642145663, 0.00130730913952, 0.0015428934712, 0.000859461608343, 0.000778623798396, 0.000482365285279, 0.00035065136035, 0.000370838388335, 0.000128862651763, 0.000147126294905, 0.000109166321636, 7.70638580434e-005, 6.97758223396e-005, 5.9386355133e-005, 5.50676559214e-005, 5.85648922424e-005, 4.07623301726e-005, 2.34189828916e-005, 1.81356608664e-005, 1.93525320356e-005, 1.83909232874e-005, 1.21164939628e-005, 5.6028511608e-006, 5.06602646055e-006, 4.14522173742e-006, 4.76648574477e-006, 3.57871476808e-006, 1.88822457403e-006, 2.02644901037e-006, 1.10454641344e-006, 1.36090613978e-006, 1.22434187233e-006, 7.2286456998e-007, 6.40653354367e-007, 3.65630313581e-007, 4.24866613002e-007, 5.35653555289e-007, 5.17960131674e-007],
        "var": [2.35452716879e-006, 1.58448692673e-005, 3.19834657603e-006, 2.09413497032e-006, 3.36562561642e-006, 1.01758416804e-006, 2.35243396673e-006, 4.62813090962e-007, 2.77380792113e-007, 2.30332545925e-007, 7.17812724815e-008, 1.08963043033e-007, 6.07944983244e-008, 2.15909849999e-008, 2.33791030979e-008, 9.88173187721e-009, 1.64246145573e-008, 1.07488302703e-008, 6.40633146531e-009, 4.68977479073e-009, 1.01958519405e-009, 9.04971320104e-010, 6.53142817608e-010, 6.2868094064e-010, 8.3108971094e-011, 9.06508687559e-011, 4.0799748996e-011, 8.50136142039e-011, 8.88557838419e-011, 4.45165293517e-011, 7.98262012047e-011, 1.53452771323e-011, 4.34114064141e-011, 2.59008144793e-011, 2.9053820981e-012, 2.95435637759e-012, 9.26862970055e-013, 8.58357981047e-013, 1.68975120354e-012, 1.16717605633e-012]
    },
    "mfcc": {
        "mean": [-644.82434082, 159.533737183, 1.12308335304, 17.5387592316, 11.6370859146, -7.29650974274, -2.20690703392, -5.40006685257, -2.43501567841, 3.45798444748, 2.11244535446, -0.0515084825456, 0.3720023036],
        "cov": [[2592.29296875, -848.866943359, -13.5723571777, -129.348602295, -135.280700684, 108.122711182, 64.5379104614, 174.175125122, 43.5420722961, -17.1422195435, 16.933177948, -51.8465232849, 30.2979660034], [-848.866943359, 1230.3737793, -323.280181885, 35.4704437256, 122.194732666, -91.0007476807, 75.0973587036, -44.399143219, -30.8700485229, 57.0539245605, -44.0744667053, 1.73520648479, -5.60978841782], [-13.5723571777, -323.280181885, 533.758300781, 62.1578369141, -12.7526931763, 121.292175293, -11.410036087, 15.3203620911, 42.7863006592, -15.3951215744, 37.124622345, 26.9891891479, -12.9950857162], [-129.348602295, 35.4704437256, 62.1578369141, 278.446868896, 61.2807922363, 0.459492474794, -4.68665122986, -39.2092704773, 33.1845321655, 22.195854187, -17.002494812, 11.0847473145, 4.54288673401], [-135.280700684, 122.194732666, -12.7526931763, 61.2807922363, 238.813293457, -38.4538269043, -43.6556892395, -26.8046894073, 39.0654258728, 43.079460144, -7.47907018661, 1.18604278564, 15.4575395584], [108.122711182, -91.0007476807, 121.292175293, 0.459492474794, -38.4538269043, 207.549057007, 71.6788787842, 27.7801628113, 5.13261699677, -2.38449335098, 37.689540863, 18.8717632294, -22.3582954407], [64.5379104614, 75.0973587036, -11.410036087, -4.68665122986, -43.6556892395, 71.6788787842, 205.466690063, 32.043170929, -25.87550354, 19.464548111, 9.99532413483, 16.3817672729, 5.64523601532], [174.175125122, -44.399143219, 15.3203620911, -39.2092704773, -26.8046894073, 27.7801628113, 32.043170929, 152.267410278, 27.8145523071, -22.7838916779, 28.4304199219, 18.5677566528, 9.93196296692], [43.5420722961, -30.8700485229, 42.7863006592, 33.1845321655, 39.0654258728, 5.13261699677, -25.87550354, 27.8145523071, 124.741447449, 10.5156965256, 7.82747125626, 19.0889282227, 3.07505488396], [-17.1422195435, 57.0539245605, -15.3951215744, 22.195854187, 43.079460144, -2.38449335098, 19.464548111, -22.7838916779, 10.5156965256, 125.191726685, 3.00824022293, -10.0187273026, 0.505902707577], [16.933177948, -44.0744667053, 37.124622345, -17.002494812, -7.47907018661, 37.689540863, 9.99532413483, 28.4304199219, 7.82747125626, 3.00824022293, 106.034706116, 36.5348472595, 0.0395004861057], [-51.8465232849, 1.73520648479, 26.9891891479, 11.0847473145, 1.18604278564, 18.8717632294, 16.3817672729, 18.5677566528, 19.0889282227, -10.0187273026, 36.5348472595, 113.031265259, 18.1019306183], [30.2979660034, -5.60978841782, -12.9950857162, 4.54288673401, 15.4575395584, -22.3582954407, 5.64523601532, 9.93196296692, 3.07505488396, 0.505902707577, 0.0395004861057, 18.1019306183, 84.6917037964]],
        "icov": [[0.000616770877969, 0.000494483916555, 0.000347069930285, 9.91860360955e-005, 3.00029023492e-005, -0.000229329656577, -0.000229134209803, -0.000514206767548, -0.000216237152927, -0.000145270285429, 0.00014533859212, 0.000346389861079, -0.000195787346456], [0.000494483916555, 0.00150327105075, 0.000873760436662, -5.11543148605e-005, -0.000548128678929, 5.19539207744e-005, -0.000745210563764, -0.000292366923532, -9.46530053625e-006, -0.00025854629348, 0.00033790661837, -1.94424828805e-005, 0.00026309126406], [0.000347069930285, 0.000873760436662, 0.00288093066774, -0.00053930276772, -0.000123618810903, -0.00147253170144, 0.000174217944732, -0.000210441183299, -0.000552647572476, 9.07861613086e-005, -0.000162281634402, -9.35205898713e-005, 9.11656316021e-005], [9.91860360955e-005, -5.11543148605e-005, -0.00053930276772, 0.00427996367216, -0.000744024815504, -2.09509053093e-005, -0.000364708219422, 0.00104836118408, -0.00103503547143, -0.000249607779551, 0.000774449959863, -0.000419764954131, -0.000191137936781], [3.00029023492e-005, -0.000548128678929, -0.000123618810903, -0.000744024815504, 0.00553389592096, 0.000303352979245, 0.0011763550574, 0.0004002826754, -0.00134796218481, -0.00151078589261, -0.000129899592139, 8.21224530227e-005, -0.00104091374669], [-0.000229329656577, 5.19539207744e-005, -0.00147253170144, -2.09509053093e-005, 0.000303352979245, 0.00729270279408, -0.00249531725422, -4.70881750516e-005, -0.000210198864806, 0.000202771596378, -0.00162550294772, -0.000342378480127, 0.00198275060393], [-0.000229134209803, -0.000745210563764, 0.000174217944732, -0.000364708219422, 0.0011763550574, -0.00249531725422, 0.00698268180713, -0.00134447321761, 0.00168433180079, -0.00161285174545, 0.00052153156139, -0.00092933914857, -0.000955451570917], [-0.000514206767548, -0.000292366923532, -0.000210441183299, 0.00104836118408, 0.0004002826754, -4.70881750516e-005, -0.00134447321761, 0.00885297451168, -0.00245252228342, 0.00176366209053, -0.00177772634197, -0.000262861925876, -0.000822486705147], [-0.000216237152927, -9.46530053625e-006, -0.000552647572476, -0.00103503547143, -0.00134796218481, -0.000210198864806, 0.00168433180079, -0.00245252228342, 0.0102011449635, -0.00116020126734, 0.000393675407395, -0.00167576258536, 0.000407856336096], [-0.000145270285429, -0.00025854629348, 9.07861613086e-005, -0.000249607779551, -0.00151078589261, 0.000202771596378, -0.00161285174545, 0.00176366209053, -0.00116020126734, 0.00947078410536, -0.00129351625219, 0.00132029410452, -3.928487331e-006], [0.00014533859212, 0.00033790661837, -0.000162281634402, 0.000774449959863, -0.000129899592139, -0.00162550294772, 0.00052153156139, -0.00177772634197, 0.000393675407395, -0.00129351625219, 0.0119757149369, -0.00360759510659, 0.000431173568359], [0.000346389861079, -1.94424828805e-005, -9.35205898713e-005, -0.000419764954131, 8.21224530227e-005, -0.000342378480127, -0.00092933914857, -0.000262861925876, -0.00167576258536, 0.00132029410452, -0.00360759510659, 0.0112677812576, -0.00248336791992], [-0.000195787346456, 0.00026309126406, 9.11656316021e-005, -0.000191137936781, -0.00104091374669, 0.00198275060393, -0.000955451570917, -0.000822486705147, 0.000407856336096, -3.928487331e-006, 0.000431173568359, -0.00248336791992, 0.0133086107671]]
    },
    "spectral_contrast_coeffs": {
        "mean": [-0.589796125889, -0.656747162342, -0.70572501421, -0.734421551228, -0.744050562382, -0.78970181942],
        "var": [0.0063388524577, 0.00527309859172, 0.00423722714186, 0.00326076103374, 0.00252156588249, 0.00136585347354]
    },
    "spectral_contrast_valleys": {
        "mean": [-7.0899605751, -6.45922040939, -7.46612405777, -7.88585042953, -8.10649871826, -10.6535148621],
        "var": [0.592182576656, 0.462083280087, 0.51920735836, 0.454821527004, 0.55454146862, 0.994114041328]
    }
},
"metadata": {
    "audio_properties": {
        "analysis_sample_rate": 44100,
        "bit_rate": 128074,
        "equal_loudness": 0,
        "length": 45.0612258911,
        "lossless": 0,
        "replay_gain": -6.43072509766,
        "sample_rate": 44100,
        "codec": "mp3",
        "downmix": "mix",
        "md5_encoded": "29cf759f80b2c998d7808b1fc7fe8c9b"
    },
    "tags": {
        "file_name": "1292.mp3"
    },
    "version": {
        "essentia": "2.1-beta2",
        "essentia_git_sha": "v2.1_beta2",
        "extractor": "music 1.0"
    }
},
"rhythm": {
    "beats_count": 74,
    "beats_loudness": {
        "mean": 0.0459256060421,
        "var": 0.000326494424371
    },
    "bpm": 100.950187683,
    "bpm_histogram_first_peak_bpm": {
        "mean": 101,
        "var": 0
    },
    "bpm_histogram_first_peak_spread": {
        "mean": 0.571428596973,
        "var": 0
    },
    "bpm_histogram_first_peak_weight": {
        "mean": 0.369863003492,
        "var": 0
    },
    "bpm_histogram_second_peak_bpm": {
        "mean": 94,
        "var": 0
    },
    "bpm_histogram_second_peak_spread": {
        "mean": 0.5,
        "var": 0
    },
    "bpm_histogram_second_peak_weight": {
        "mean": 0.0684931501746,
        "var": 0
    },
    "danceability": 1.50371348858,
    "onset_rate": 3.72658061981,
    "beats_loudness_band_ratio": {
        "mean": [0.352552950382, 0.290521562099, 0.225789219141, 0.0869257673621, 0.0505780503154, 0.0227051321417],
        "var": [0.0335543267429, 0.0221780687571, 0.0180686656386, 0.00809525605291, 0.00209399149753, 0.000916407094337]
    },
    "beats_position": [0.615328788757, 1.23065757751, 1.83437633514, 2.43809509277, 3.03020405769, 3.62231278419, 4.22603178024, 4.82975053787, 5.42185926437, 6.01396799088, 6.59446716309, 7.17496585846, 7.77868461609, 8.38240337372, 9.02095222473, 9.67111110687, 10.321269989, 10.9714279175, 11.6099767685, 12.2253055573, 12.840634346, 13.4211339951, 14.0248527527, 14.6169614792, 15.2090702057, 15.8011789322, 16.3932876587, 16.99700737, 17.600725174, 18.1928348541, 18.784942627, 19.3886623383, 19.9923801422, 20.5960998535, 21.1882076263, 21.7803173065, 22.3840351105, 22.9645347595, 23.5682544708, 24.1719722748, 24.764081955, 25.3561897278, 25.9366893768, 26.5287971497, 27.1209068298, 27.7014045715, 28.3051242828, 28.897233963, 29.4893417358, 30.081451416, 30.6735591888, 31.265668869, 31.8577766418, 32.4382743835, 33.0419960022, 33.6224937439, 34.2262115479, 34.8067131042, 35.3988189697, 35.9909286499, 36.5714263916, 37.151927948, 37.7324256897, 38.3245353699, 38.91664505, 39.520362854, 40.1008605957, 40.6929702759, 41.2966880798, 41.9468460083, 42.585395813, 43.2123336792, 43.8508834839, 44.4894332886]
},
"tonal": {
    "chords_changes_rate": 0.0257201641798,
    "chords_number_rate": 0.00411522621289,
    "chords_strength": {
        "mean": 0.633061826229,
        "var": 0.0076581700705
    },
    "hpcp_entropy": {
        "mean": 1.70920419693,
        "var": 0.431439310312
    },
    "key_strength": 0.823753118515,
    "tuning_diatonic_strength": 0.691370427608,
    "tuning_equal_tempered_deviation": 0.0674689486623,
    "tuning_frequency": 441.527557373,
    "tuning_nontempered_energy_ratio": 0.677588880062,
    "hpcp": {
        "mean": [0.449569523335, 0.206655547023, 0.0579511597753, 0.0444652438164, 0.0515440367162, 0.0792551785707, 0.111507803202, 0.104662753642, 0.0968846380711, 0.126743212342, 0.131588175893, 0.142990216613, 0.175120249391, 0.122029162943, 0.0700112655759, 0.0671039894223, 0.0447054579854, 0.0368359312415, 0.0490829460323, 0.0891133025289, 0.28009223938, 0.403653770685, 0.236212044954, 0.0993630364537, 0.0714876577258, 0.0538287237287, 0.0845919027925, 0.107449047267, 0.0797948390245, 0.0526405759156, 0.060421410948, 0.0636910423636, 0.0620249509811, 0.0783881992102, 0.15965218842, 0.393373310566],
        "var": [0.148603200912, 0.0534056387842, 0.0205579493195, 0.018810460344, 0.023249970749, 0.0293374694884, 0.0367860607803, 0.03759476915, 0.044151686132, 0.0618407092988, 0.0668423995376, 0.0478097610176, 0.0841172114015, 0.0488080903888, 0.0248476993293, 0.0317230969667, 0.0134185422212, 0.00991214066744, 0.019872456789, 0.0286745242774, 0.0695440098643, 0.116945624352, 0.060887336731, 0.0284212250262, 0.0211655013263, 0.0211902447045, 0.0331820733845, 0.0465445332229, 0.0324202738702, 0.0190003216267, 0.0235997382551, 0.0263289380819, 0.0237905625254, 0.0276389811188, 0.0530877485871, 0.132633849978]
    },
    "chords_histogram": [50, 0, 0.823045253754, 0, 0, 0, 0, 0, 0, 0, 0, 0, 0, 0, 0, 0, 0, 46.296295166, 0, 0, 0, 1.33744859695, 1.54320991039, 0],
    "thpcp": [1, 0.459674268961, 0.128903672099, 0.0989062711596, 0.114651978016, 0.176291257143, 0.248032391071, 0.232806608081, 0.215505346656, 0.281921267509, 0.292698174715, 0.318060308695, 0.389528751373, 0.271435588598, 0.155729562044, 0.149262756109, 0.0994405895472, 0.0819360092282, 0.109177656472, 0.198219180107, 0.623023211956, 0.897867321968, 0.525418281555, 0.221018180251, 0.159013569355, 0.119733922184, 0.188161998987, 0.239004299045, 0.177491649985, 0.117091067135, 0.134398370981, 0.141671180725, 0.137965202332, 0.174362793565, 0.355122357607, 0.874999940395],
    "chords_key": "A",
    "chords_scale": "major",
    "key_key": "A",
    "key_scale": "major"
}
}