{
"lowlevel": {
    "average_loudness": 0.967654526234,
    "barkbands_crest": {
        "mean": 10.2279491425,
        "var": 15.1350564957
    },
    "barkbands_flatness_db": {
        "mean": 0.131921827793,
        "var": 0.0019352681702
    },
    "barkbands_kurtosis": {
        "mean": 2.70941781998,
        "var": 30.1592273712
    },
    "barkbands_skewness": {
        "mean": 1.30322945118,
        "var": 1.11377966404
    },
    "barkbands_spread": {
        "mean": 20.2098712921,
        "var": 88.6741104126
    },
    "dissonance": {
        "mean": 0.455447286367,
        "var": 0.000855650985613
    },
    "dynamic_complexity": 2.75221633911,
    "erbbands_crest": {
        "mean": 9.27461051941,
        "var": 15.4829740524
    },
    "erbbands_flatness_db": {
        "mean": 0.159532040358,
        "var": 0.00221265293658
    },
    "erbbands_kurtosis": {
        "mean": 0.609910070896,
        "var": 2.36353635788
    },
    "erbbands_skewness": {
        "mean": 0.244709506631,
        "var": 0.374240159988
    },
    "erbbands_spread": {
        "mean": 30.4107913971,
        "var": 219.683822632
    },
    "hfc": {
        "mean": 22.7470169067,
        "var": 633.465698242
    },
    "melbands_crest": {
        "mean": 14.7748222351,
        "var": 24.3532352448
    },
    "melbands_flatness_db": {
        "mean": 0.213520810008,
        "var": 0.00318012502976
    },
    "melbands_kurtosis": {
        "mean": 8.99352645874,
        "var": 206.165817261
    },
    "melbands_skewness": {
        "mean": 2.19688796997,
        "var": 2.2287709713
    },
    "melbands_spread": {
        "mean": 21.178861618,
        "var": 108.55897522
    },
    "pitch_salience": {
        "mean": 0.501627445221,
        "var": 0.0123461224139
    },
    "silence_rate_20dB": {
        "mean": 1,
        "var": 0
    },
    "silence_rate_30dB": {
        "mean": 0.978372812271,
        "var": 0.0211593583226
    },
    "silence_rate_60dB": {
        "mean": 0.00617919676006,
        "var": 0.0061409836635
    },
    "spectral_centroid": {
        "mean": 1183.50146484,
        "var": 194142.09375
    },
    "spectral_complexity": {
        "mean": 19.2003097534,
        "var": 47.8399391174
    },
    "spectral_decrease": {
        "mean": -8.70562733013e-009,
        "var": 5.18982149128e-017
    },
    "spectral_energy": {
        "mean": 0.0349203422666,
        "var": 0.000815661333036
    },
    "spectral_energyband_high": {
        "mean": 0.000871322990861,
        "var": 7.11787515684e-006
    },
    "spectral_energyband_low": {
        "mean": 0.0159870535135,
        "var": 0.000458276917925
    },
    "spectral_energyband_middle_high": {
        "mean": 0.00724809383973,
        "var": 5.08997509314e-005
    },
    "spectral_energyband_middle_low": {
        "mean": 0.0117157027125,
        "var": 0.000129921492771
    },
    "spectral_entropy": {
        "mean": 7.46080589294,
        "var": 0.148941263556
    },
    "spectral_flux": {
        "mean": 0.094573430717,
        "var": 0.00386768975295
    },
    "spectral_kurtosis": {
        "mean": 5.97255802155,
        "var": 12.9945869446
    },
    "spectral_rms": {
        "mean": 0.00547245377675,
        "var": 4.1208231778e-006
    },
    "spectral_rolloff": {
        "mean": 1149.64929199,
        "var": 885460.8125
    },
    "spectral_skewness": {
        "mean": 1.79607343674,
        "var": 0.188562169671
    },
    "spectral_spread": {
        "mean": 4211805.5,
        "var": 3.27155974144e+012
    },
    "spectral_strongpeak": {
        "mean": 0.996914505959,
        "var": 1.7778865099
    },
    "zerocrossingrate": {
        "mean": 0.0477132759988,
        "var": 0.000582041102462
    },
    "barkbands": {
        "mean": [0.000599096762016, 0.00951619632542, 0.00516590801999, 0.00126195559278, 0.00151001592167, 0.00202350714244, 0.00215815776028, 0.00188641133718, 0.00249250489287, 0.00139074085746, 0.00143874180503, 0.000804797804449, 0.00128451467026, 0.000955793948378, 0.000546581984963, 0.000323546555592, 0.000230294317589, 0.000251176476013, 0.000137028720928, 0.000165203004144, 0.000191545113921, 0.000219683221076, 0.000141782307765, 7.92449791334e-005, 7.22115073586e-005, 6.78170981701e-005, 5.87426075072e-006],
        "var": [4.77000412502e-007, 0.000141392942169, 0.000117706491437, 6.16776469542e-006, 6.57670398141e-006, 1.21615848911e-005, 1.53930541273e-005, 1.76720459422e-005, 2.03483850783e-005, 1.01565819932e-005, 8.93756168807e-006, 4.33250897913e-006, 3.10689938487e-006, 3.59798355021e-006, 9.18361990898e-007, 2.75087074897e-007, 1.40881567745e-007, 9.99928886358e-008, 5.03046173606e-008, 6.78569591628e-008, 3.8725593754e-007, 1.13276382763e-006, 3.2015469742e-007, 5.06076283102e-008, 4.09675458002e-008, 3.9366600646e-008, 2.79036932449e-010]
    },
    "erbbands": {
        "mean": [0.2455932796, 2.18117618561, 6.50268745422, 4.72661113739, 3.23123073578, 4.97583341599, 14.2438640594, 15.8960237503, 29.7923660278, 34.0933685303, 45.6995811462, 60.0205039978, 41.0982284546, 45.6357383728, 54.2673950195, 35.4792900085, 62.1577987671, 44.2254676819, 36.2235412598, 26.2549724579, 17.8851909637, 11.4853525162, 14.0602359772, 9.039727211, 7.09002161026, 8.55858039856, 8.50943660736, 6.85229158401, 8.44081115723, 6.2524023056, 3.54089665413, 1.94202685356, 1.24203109741, 0.861181616783, 0.478975653648, 0.287638753653, 0.127864152193, 0.0235770586878, 0.000628452689853, 5.71293348912e-005],
        "var": [0.0454211980104, 10.7093362808, 157.12322998, 81.7726898193, 44.4239730835, 103.08581543, 504.53112793, 913.24786377, 3000.66552734, 3996.6796875, 6661.56054688, 11529.3701172, 6605.31884766, 7506.97363281, 8237.5546875, 5530.87841797, 6556.43017578, 9396.45214844, 3550.39624023, 1199.88049316, 836.381347656, 381.549591064, 303.665649414, 118.228485107, 118.828262329, 181.314254761, 771.236022949, 436.896362305, 1863.23327637, 796.260620117, 160.926101685, 35.1641273499, 11.5202264786, 6.28158140182, 1.89922964573, 0.739852130413, 0.14508420229, 0.00399514753371, 2.98309146274e-006, 4.67841365648e-009]
    },
    "gfcc": {
        "mean": [13.1339168549, 106.775489807, -118.807762146, 19.7546920776, -46.2707366943, 20.3655033112, -24.2378921509, 11.8080415726, -15.4753227234, 11.6909275055, -11.5778837204, 4.08210945129, -12.2107076645],
        "cov": [[3756.61254883, -1055.37695313, 359.295959473, -24.0141944885, -522.110168457, 96.8831939697, -147.13734436, 149.249221802, -144.553344727, 170.83416748, -238.623260498, 98.3900222778, -170.407440186], [-1055.37695313, 1133.15856934, -328.483612061, 12.8133020401, 389.182495117, -120.73992157, 160.149932861, -109.697776794, 131.402603149, -146.915405273, 145.637390137, -146.689285278, 91.993850708], [359.295959473, -328.483612061, 607.570373535, 132.368881226, -30.4930973053, 135.966903687, -43.7801132202, 45.0506057739, -61.6852684021, 42.8552246094, -108.633605957, 45.6001205444, -99.6266555786], [-24.0141944885, 12.8133020401, 132.368881226, 251.868545532, 71.3335952759, 8.06912708282, 16.574962616, 10.1904182434, 11.0876941681, -11.9243164063, -4.04579877853, -4.32742261887, -15.5204029083], [-522.110168457, 389.182495117, -30.4930973053, 71.3335952759, 300.687042236, 19.3425750732, 64.8542938232, -19.0907974243, 44.1087112427, -57.137386322, 27.8787841797, -50.6131706238, 8.03601551056], [96.8831939697, -120.73992157, 135.966903687, 8.06912708282, 19.3425750732, 154.931411743, 17.1451740265, 16.1792030334, -26.4912128448, 21.3766555786, -23.0546474457, 15.0711402893, -27.7314071655], [-147.13734436, 160.149932861, -43.7801132202, 16.574962616, 64.8542938232, 17.1451740265, 151.885375977, 25.5708618164, 10.5301904678, -28.3394889832, 30.0965633392, -20.4863567352, 4.96567201614], [149.249221802, -109.697776794, 45.0506057739, 10.1904182434, -19.0907974243, 16.1792030334, 25.5708618164, 118.517852783, 2.94274377823, 3.15079259872, -26.6545200348, 2.84006881714, -14.3173780441], [-144.553344727, 131.402603149, -61.6852684021, 11.0876941681, 44.1087112427, -26.4912128448, 10.5301904678, 2.94274377823, 80.3171081543, 4.60372066498, 16.9439182281, -17.9592418671, 17.8570327759], [170.83416748, -146.915405273, 42.8552246094, -11.9243164063, -57.137386322, 21.3766555786, -28.3394889832, 3.15079259872, 4.60372066498, 84.9410247803, 2.74396681786, 28.1509056091, -14.531088829], [-238.623260498, 145.637390137, -108.633605957, -4.04579877853, 27.8787841797, -23.0546474457, 30.0965633392, -26.6545200348, 16.9439182281, 2.74396681786, 94.2584457397, 9.69838047028, 29.1964645386], [98.3900222778, -146.689285278, 45.6001205444, -4.32742261887, -50.6131706238, 15.0711402893, -20.4863567352, 2.84006881714, -17.9592418671, 28.1509056091, 9.69838047028, 82.0447158813, 3.54640054703], [-170.407440186, 91.993850708, -99.6266555786, -15.5204029083, 8.03601551056, -27.7314071655, 4.96567201614, -14.3173780441, 17.8570327759, -14.531088829, 29.1964645386, 3.54640054703, 74.3264083862]],
        "icov": [[0.00047720191651, -0.000237412867136, 0.000217327862629, -0.000266671035206, 0.000794409948867, -0.000214123021578, 8.65589099703e-005, -0.000386235595215, 0.00050909264246, -0.000708238221705, 0.00114558183122, -0.000377789343474, 0.000684831349645], [-0.000237412867136, 0.00550994649529, -0.0010006071534, 0.00171981903259, -0.0045718010515, 0.00264331698418, -0.00242971256375, 0.00339248776436, -0.00432533491403, 0.00445507047698, -0.00566295953467, 0.00504004862159, -0.00215556332842], [0.000217327862629, -0.0010006071534, 0.00390694150701, -0.00216187350452, 0.000978776370175, -0.00239435536787, 0.000894630793482, -0.000844576861709, 0.00186336343177, -0.00168437196407, 0.0041615893133, -0.00267536519095, 0.0030164483469], [-0.000266671035206, 0.00171981903259, -0.00216187350452, 0.00587536627427, -0.00277677713893, 0.00195088342298, -0.00105251534842, 0.000878657854628, -0.00234300969169, 0.00218394002877, -0.00320379831828, 0.00170025392435, -0.000975994509645], [0.000794409948867, -0.0045718010515, 0.000978776370175, -0.00277677713893, 0.010042661801, -0.00420854054391, 0.0011605352629, -0.00201364699751, 0.000924080843106, -0.000897201360203, 0.00430546235293, -0.00262326817028, 0.00312704429962], [-0.000214123021578, 0.00264331698418, -0.00239435536787, 0.00195088342298, -0.00420854054391, 0.0109440824017, -0.00314441602677, 0.00136995175853, 0.000561984314118, -0.000942344835494, -0.00185848923866, 0.0016961916117, -0.00122244516388], [8.65589099703e-005, -0.00242971256375, 0.000894630793482, -0.00105251534842, 0.0011605352629, -0.00314441602677, 0.0103513235226, -0.004408987239, 0.00184837833513, 0.000673697330058, -0.0014985188609, -0.000690761546139, 0.0016547968844], [-0.000386235595215, 0.00339248776436, -0.000844576861709, 0.000878657854628, -0.00201364699751, 0.00136995175853, -0.004408987239, 0.0125424293801, -0.00479565002024, 0.00303665967658, -0.000467906327685, 0.00201196596026, -0.00075991806807], [0.00050909264246, -0.00432533491403, 0.00186336343177, -0.00234300969169, 0.000924080843106, 0.000561984314118, 0.00184837833513, -0.00479565002024, 0.0214393734932, -0.00975353829563, 0.00487226899713, -0.000887254369445, -0.00133770587854], [-0.000708238221705, 0.00445507047698, -0.00168437196407, 0.00218394002877, -0.000897201360203, -0.000942344835494, 0.000673697330058, 0.00303665967658, -0.00975353829563, 0.0227272529155, -0.00937267113477, 0.000646463886369, 0.00178328761831], [0.00114558183122, -0.00566295953467, 0.0041615893133, -0.00320379831828, 0.00430546235293, -0.00185848923866, -0.0014985188609, -0.000467906327685, 0.00487226899713, -0.00937267113477, 0.0257384516299, -0.0101344278082, 0.000765923585277], [-0.000377789343474, 0.00504004862159, -0.00267536519095, 0.00170025392435, -0.00262326817028, 0.0016961916117, -0.000690761546139, 0.00201196596026, -0.000887254369445, 0.000646463886369, -0.0101344278082, 0.0220864918083, -0.00571837928146], [0.000684831349645, -0.00215556332842, 0.0030164483469, -0.000975994509645, 0.00312704429962, -0.00122244516388, 0.0016547968844, -0.00075991806807, -0.00133770587854, 0.00178328761831, 0.000765923585277, -0.00571837928146, 0.0211225245148]]
    },
    "melbands": {
        "mean": [0.00236564665101, 0.00334289367311, 0.000817340274807, 0.000248863507295, 0.000459422182757, 0.000366035819752, 0.000457615766209, 0.000388362183003, 0.000415366084781, 0.000344899133779, 0.00020257694996, 0.000185625511222, 0.000214035433601, 9.71533445409e-005, 0.000126552957227, 0.00010377036233, 8.47165210871e-005, 6.51205846225e-005, 3.69767367374e-005, 2.70284799626e-005, 1.99423975573e-005, 1.08629437818e-005, 1.31137403514e-005, 1.400669953e-005, 6.42416853225e-006, 4.89614649268e-006, 5.19007971889e-006, 5.67441838939e-006, 5.42443967788e-006, 4.37687458543e-006, 3.70213842871e-006, 4.69573160444e-006, 4.32525939686e-006, 3.26681129081e-006, 2.14512715502e-006, 1.51116557845e-006, 1.04466937501e-006, 8.66418645273e-007, 8.18700357286e-007, 6.93184517786e-007],
        "var": [6.15565932094e-006, 3.30221519107e-005, 2.57777969637e-006, 2.26873481779e-007, 5.00146256854e-007, 4.64810142375e-007, 7.05186096184e-007, 6.00402984219e-007, 4.94742323554e-007, 4.00820738378e-007, 1.83886825766e-007, 1.47325735611e-007, 1.5895058425e-007, 6.82632332882e-008, 3.85364451461e-008, 2.19925855305e-008, 3.81490679047e-008, 1.30084334415e-008, 4.59581173118e-009, 1.45053025147e-009, 1.22689414184e-009, 4.33094393681e-010, 3.8461475671e-010, 3.14181097805e-010, 7.37101213399e-011, 8.70614344506e-011, 4.89478874099e-011, 8.94510368554e-011, 3.66860958279e-010, 1.71528180548e-010, 1.27042501519e-010, 5.86954373993e-010, 5.24126575474e-010, 2.30016936054e-010, 6.43809103251e-011, 2.55287995604e-011, 9.84351489208e-012, 6.19684381933e-012, 4.62554907571e-012, 4.73071148227e-012]
    },
    "mfcc": {
        "mean": [-632.06817627, 142.459884644, -9.84810829163, 13.5315675735, 1.30443477631, 12.3606863022, 4.19497966766, 5.63045072556, 3.40417981148, 7.82714986801, 7.22467470169, 4.55149078369, 2.39493775368],
        "cov": [[2956.72143555, -865.259216309, 402.721557617, -150.958282471, -274.702362061, -128.909973145, -121.936065674, -66.1325912476, 31.4603729248, -9.49330711365, -14.8747787476, 4.35088968277, 16.2454051971], [-865.259216309, 945.838989258, -385.852020264, 101.24433136, 137.992401123, 51.5868988037, 74.4438171387, 31.8511734009, 2.43280816078, 44.2433013916, 19.0091781616, -7.89197635651, -21.3451118469], [402.721557617, -385.852020264, 538.530700684, 3.84944629669, 5.0267033577, 52.6971511841, 0.704259097576, 18.9319343567, 16.8862915039, -28.3959884644, 1.94894981384, 5.56646633148, 13.7511711121], [-150.958282471, 101.24433136, 3.84944629669, 236.399246216, 74.0773162842, 17.983127594, 27.3295326233, 36.5490684509, 22.4271469116, 2.31592011452, -3.4986474514, 12.6805620193, 23.7612667084], [-274.702362061, 137.992401123, 5.0267033577, 74.0773162842, 198.9296875, 63.4950752258, 11.188158989, 22.5063419342, 16.9151344299, 10.8726587296, 4.48874092102, -1.36237692833, -8.63502788544], [-128.909973145, 51.5868988037, 52.6971511841, 17.983127594, 63.4950752258, 148.216201782, 36.1068077087, 5.89246177673, -7.37291002274, -9.06433773041, 22.4160690308, 9.77863502502, -15.8545436859], [-121.936065674, 74.4438171387, 0.704259097576, 27.3295326233, 11.188158989, 36.1068077087, 130.2215271, 59.6800422668, 10.9567289352, 11.9596681595, 12.0062942505, 3.77453756332, 4.81918287277], [-66.1325912476, 31.8511734009, 18.9319343567, 36.5490684509, 22.5063419342, 5.89246177673, 59.6800422668, 100.645523071, 33.6079826355, 7.82146072388, 4.25398778915, -1.18413197994, 8.19543647766], [31.4603729248, 2.43280816078, 16.8862915039, 22.4271469116, 16.9151344299, -7.37291002274, 10.9567289352, 33.6079826355, 84.0818786621, 29.7580184937, -4.72671079636, -4.73930835724, 4.71124982834], [-9.49330711365, 44.2433013916, -28.3959884644, 2.31592011452, 10.8726587296, -9.06433773041, 11.9596681595, 7.82146072388, 29.7580184937, 68.0313034058, 11.130897522, -10.0810604095, -1.96049726009], [-14.8747787476, 19.0091781616, 1.94894981384, -3.4986474514, 4.48874092102, 22.4160690308, 12.0062942505, 4.25398778915, -4.72671079636, 11.130897522, 70.5539016724, 19.1809387207, -5.04399490356], [4.35088968277, -7.89197635651, 5.56646633148, 12.6805620193, -1.36237692833, 9.77863502502, 3.77453756332, -1.18413197994, -4.73930835724, -10.0810604095, 19.1809387207, 62.1027336121, 15.1991128922], [16.2454051971, -21.3451118469, 13.7511711121, 23.7612667084, -8.63502788544, -15.8545436859, 4.81918287277, 8.19543647766, 4.71124982834, -1.96049726009, -5.04399490356, 15.1991128922, 62.9829330444]],
        "icov": [[0.000519030319992, 0.000309044320602, -0.000194837950403, 2.15862091864e-005, 0.000461554853246, 0.000155256333528, 0.000203302392038, 0.000139133248013, -0.000274771184195, -0.000194373933482, -5.06139367644e-005, -6.9723224442e-005, 0.000101233636087], [0.000309044320602, 0.00213725515641, 0.00131133990362, -0.000459948641947, -0.000707239436451, -0.000411878630985, -0.000623979023658, 1.85342742043e-005, 4.18850759161e-005, -0.000554185418878, -0.000241915695369, 0.000233254599152, 0.000280466454569], [-0.000194837950403, 0.00131133990362, 0.00317316129804, -0.000252358615398, -0.000662878446747, -0.00139022548683, -0.000215208958252, -0.000516026222613, -0.000531977624632, 0.000799449975602, -0.000266138638835, 0.000455274130218, -0.000526652904227], [2.15862091864e-005, -0.000459948641947, -0.000252358615398, 0.00543850986287, -0.00168339558877, 0.00021225065575, -0.000296078855172, -0.000903498381376, -0.00073563150363, 0.000513225328177, 0.000530032964889, -0.00089742912678, -0.00186523655429], [0.000461554853246, -0.000707239436451, -0.000662878446747, -0.00168339558877, 0.00789019837976, -0.00283705210313, 0.00196864758618, -0.00125117192511, -0.000723899400327, -0.00126482720952, 0.000537969463039, 0.000127909748699, 0.000827834417578], [0.000155256333528, -0.000411878630985, -0.00139022548683, 0.00021225065575, -0.00283705210313, 0.0102110300213, -0.00322929909453, 0.00204269099049, 0.000200320238946, 0.00207899324596, -0.00235222326592, -0.000896564102732, 0.00228426326066], [0.000203302392038, -0.000623979023658, -0.000215208958252, -0.000296078855172, 0.00196864758618, -0.00322929909453, 0.012616796419, -0.00756548671052, 0.00168862834107, -0.00257287733257, 1.34273368531e-005, -0.000490903505124, -0.000716029084288], [0.000139133248013, 1.85342742043e-005, -0.000516026222613, -0.000903498381376, -0.00125117192511, 0.00204269099049, -0.00756548671052, 0.0170429423451, -0.00604248093441, 0.00273736333475, -0.0015659162309, 0.00131633807905, -0.000778063083999], [-0.000274771184195, 4.18850759161e-005, -0.000531977624632, -0.00073563150363, -0.000723899400327, 0.000200320238946, 0.00168862834107, -0.00604248093441, 0.0175790414214, -0.00795599259436, 0.00260732416064, -0.000778753252234, -7.88872566773e-005], [-0.000194373933482, -0.000554185418878, 0.000799449975602, 0.000513225328177, -0.00126482720952, 0.00207899324596, -0.00257287733257, 0.00273736333475, -0.00795599259436, 0.0208895727992, -0.00517874257639, 0.0041207736358, -0.000479047419503], [-5.06139367644e-005, -0.000241915695369, -0.000266138638835, 0.000530032964889, 0.000537969463039, -0.00235222326592, 1.34273368531e-005, -0.0015659162309, 0.00260732416064, -0.00517874257639, 0.017968961969, -0.00646989885718, 0.00211771694012], [-6.9723224442e-005, 0.000233254599152, 0.000455274130218, -0.00089742912678, 0.000127909748699, -0.000896564102732, -0.000490903505124, 0.00131633807905, -0.000778753252234, 0.0041207736358, -0.00646989885718, 0.020371729508, -0.00525342253968], [0.000101233636087, 0.000280466454569, -0.000526652904227, -0.00186523655429, 0.000827834417578, 0.00228426326066, -0.000716029084288, -0.000778063083999, -7.88872566773e-005, -0.000479047419503, 0.00211771694012, -0.00525342253968, 0.0190378185362]]
    },
    "spectral_contrast_coeffs": {
        "mean": [-0.698044002056, -0.714947760105, -0.740594625473, -0.735322594643, -0.761954307556, -0.756748616695],
        "var": [0.00424335664138, 0.00506359711289, 0.0045321546495, 0.00251327408478, 0.00197023130022, 0.00148679176345]
    },
    "spectral_contrast_valleys": {
        "mean": [-6.86980438232, -6.49263238907, -6.99711608887, -7.56954240799, -7.91313695908, -10.4304656982],
        "var": [0.56929308176, 0.627862036228, 0.507711291313, 0.502855300903, 0.685487389565, 1.29629218578]
    }
},
"metadata": {
    "audio_properties": {
        "analysis_sample_rate": 44100,
        "bit_rate": 128074,
        "equal_loudness": 0,
        "length": 45.0612258911,
        "lossless": 0,
        "replay_gain": -5.40633201599,
        "sample_rate": 44100,
        "codec": "mp3",
        "downmix": "mix",
        "md5_encoded": "174dff887966a26bffa9576c71b8d9aa"
    },
    "tags": {
        "file_name": "1293.mp3"
    },
    "version": {
        "essentia": "2.1-beta2",
        "essentia_git_sha": "v2.1_beta2",
        "extractor": "music 1.0"
    }
},
"rhythm": {
    "beats_count": 87,
    "beats_loudness": {
        "mean": 0.0587510801852,
        "var": 0.000440131872892
    },
    "bpm": 117.194076538,
    "bpm_histogram_first_peak_bpm": {
        "mean": 117,
        "var": 0
    },
    "bpm_histogram_first_peak_spread": {
        "mean": 0.177215203643,
        "var": 0
    },
    "bpm_histogram_first_peak_weight": {
        "mean": 0.755813956261,
        "var": 0
    },
    "bpm_histogram_second_peak_bpm": {
        "mean": 112,
        "var": 0
    },
    "bpm_histogram_second_peak_spread": {
        "mean": 0,
        "var": 0
    },
    "bpm_histogram_second_peak_weight": {
        "mean": 0.0465116277337,
        "var": 0
    },
    "danceability": 1.47445726395,
    "onset_rate": 3.66003441811,
    "beats_loudness_band_ratio": {
        "mean": [0.482609152794, 0.0899642780423, 0.214101359248, 0.129922837019, 0.0437225326896, 0.0568611770868],
        "var": [0.0506630539894, 0.00556867104024, 0.0164082236588, 0.00871654972434, 0.00107463961467, 0.00221368786879]
    },
    "beats_position": [0.557278871536, 1.06811785698, 1.60217678547, 2.11301589012, 2.62385487556, 3.14630389214, 3.66875267029, 4.19120168686, 4.71365070343, 5.23609972, 5.75854873657, 6.26938772202, 6.78022670746, 7.2910656929, 7.80190467834, 8.31274318695, 8.82358264923, 9.33442115784, 9.84526062012, 10.3677091599, 10.8901586533, 11.4242172241, 11.9350566864, 12.445895195, 12.9567346573, 13.4675731659, 13.9784126282, 14.4892511368, 15.0000905991, 15.5109291077, 16.0217685699, 16.50938797, 17.0202255249, 17.5310649872, 18.0419044495, 18.5527439117, 19.0635814667, 19.574420929, 20.0736503601, 20.5960998535, 21.1069393158, 21.6177768707, 22.128616333, 22.6394557953, 23.1502952576, 23.6611328125, 24.1719722748, 24.6828117371, 25.1936511993, 25.7160987854, 26.2385482788, 26.7493877411, 27.2602272034, 27.7710647583, 28.2819042206, 28.7927436829, 29.3035831451, 29.8144207001, 30.3484802246, 30.8593196869, 31.3701572418, 31.8809967041, 32.391834259, 32.9026756287, 33.4135131836, 33.9243545532, 34.4351921082, 34.9460296631, 35.4568710327, 35.9677085876, 36.455329895, 36.96616745, 37.4770050049, 37.9878463745, 38.4986839294, 39.0095214844, 39.520362854, 40.0312004089, 40.5420417786, 41.0528793335, 41.5404968262, 42.0397262573, 42.5389556885, 43.0730133057, 43.5838546753, 44.0946922302, 44.6055335999]
},
"tonal": {
    "chords_changes_rate": 0.0679012313485,
    "chords_number_rate": 0.00925925932825,
    "chords_strength": {
        "mean": 0.530912816525,
        "var": 0.00612732907757
    },
    "hpcp_entropy": {
        "mean": 1.96153652668,
        "var": 0.463288962841
    },
    "key_strength": 0.69767343998,
    "tuning_diatonic_strength": 0.616424679756,
    "tuning_equal_tempered_deviation": 0.224064186215,
    "tuning_frequency": 434.193115234,
    "tuning_nontempered_energy_ratio": 0.913708031178,
    "hpcp": {
        "mean": [0.258276343346, 0.268860965967, 0.140535593033, 0.0675408169627, 0.0608389787376, 0.0670232847333, 0.121243752539, 0.164957076311, 0.106496751308, 0.0494154952466, 0.0554771646857, 0.0928345173597, 0.136971339583, 0.114162884653, 0.0773839056492, 0.109192825854, 0.123448833823, 0.0814875736833, 0.0504328794777, 0.054017804563, 0.109879881144, 0.280297756195, 0.355905592442, 0.303554207087, 0.268185466528, 0.141116410494, 0.0478689298034, 0.0603701174259, 0.0716233104467, 0.122756056488, 0.210448756814, 0.192951142788, 0.122611731291, 0.124532535672, 0.141601845622, 0.164159700274],
        "var": [0.1116790995, 0.106351159513, 0.041801661253, 0.0242875479162, 0.024010265246, 0.0219203308225, 0.0310312900692, 0.0427164062858, 0.0248575378209, 0.0128500992432, 0.0200963523239, 0.0327217131853, 0.0477603301406, 0.0354945622385, 0.022486563772, 0.0382581837475, 0.045901697129, 0.0301309321076, 0.0181520003825, 0.0185018740594, 0.0335002057254, 0.0851299539208, 0.115318700671, 0.096983127296, 0.113888815045, 0.0356028042734, 0.0157243013382, 0.0196787472814, 0.0192854516208, 0.0450196526945, 0.10814961791, 0.0982969924808, 0.0446837693453, 0.0356588289142, 0.0475547611713, 0.0653960630298]
    },
    "chords_histogram": [10.2880659103, 0.308641970158, 16.6666660309, 7.92181062698, 0, 2.98353910446, 0, 44.0329208374, 1.33744859695, 7.30452680588, 0, 0, 0, 0, 0.514403283596, 2.26337456703, 0, 0, 0, 0, 0, 0, 6.37860059738, 0],
    "thpcp": [1, 0.852906525135, 0.753529787064, 0.396499544382, 0.134498953819, 0.169623970985, 0.201242446899, 0.344911843538, 0.591305017471, 0.542141377926, 0.344506323338, 0.349903285503, 0.397863507271, 0.461245059967, 0.725687801838, 0.755427777767, 0.394867628813, 0.189771726727, 0.170941337943, 0.188317596912, 0.340662688017, 0.463485479355, 0.299227535725, 0.138844385743, 0.155876070261, 0.260840296745, 0.384853005409, 0.320767313242, 0.217428177595, 0.306802779436, 0.346858382225, 0.228958398104, 0.141702964902, 0.151775658131, 0.308733224869, 0.787562072277],
    "chords_key": "A",
    "chords_scale": "major",
    "key_key": "A",
    "key_scale": "minor"
}
}