{
"lowlevel": {
    "average_loudness": 0.976865947247,
    "barkbands_crest": {
        "mean": 12.1602458954,
        "var": 25.3848667145
    },
    "barkbands_flatness_db": {
        "mean": 0.133013933897,
        "var": 0.00320174312219
    },
    "barkbands_kurtosis": {
        "mean": 5.10804510117,
        "var": 133.321853638
    },
    "barkbands_skewness": {
        "mean": 1.8282327652,
        "var": 2.22084164619
    },
    "barkbands_spread": {
        "mean": 27.9340019226,
        "var": 180.349639893
    },
    "dissonance": {
        "mean": 0.477270036936,
        "var": 0.000259740423644
    },
    "dynamic_complexity": 1.23005819321,
    "erbbands_crest": {
        "mean": 8.50055503845,
        "var": 15.2617015839
    },
    "erbbands_flatness_db": {
        "mean": 0.138336136937,
        "var": 0.00113041535951
    },
    "erbbands_kurtosis": {
        "mean": 0.571036159992,
        "var": 3.13366913795
    },
    "erbbands_skewness": {
        "mean": -0.600076496601,
        "var": 0.443360865116
    },
    "erbbands_spread": {
        "mean": 40.8969345093,
        "var": 271.805511475
    },
    "hfc": {
        "mean": 26.1423625946,
        "var": 251.547088623
    },
    "melbands_crest": {
        "mean": 18.0740680695,
        "var": 33.0414848328
    },
    "melbands_flatness_db": {
        "mean": 0.209214508533,
        "var": 0.0046887663193
    },
    "melbands_kurtosis": {
        "mean": 21.8938617706,
        "var": 937.035766602
    },
    "melbands_skewness": {
        "mean": 3.68528008461,
        "var": 4.66837501526
    },
    "melbands_spread": {
        "mean": 25.7745780945,
        "var": 366.06262207
    },
    "pitch_salience": {
        "mean": 0.445066511631,
        "var": 0.0153399761766
    },
    "silence_rate_20dB": {
        "mean": 1,
        "var": 0
    },
    "silence_rate_30dB": {
        "mean": 0.966529369354,
        "var": 0.032350756228
    },
    "silence_rate_60dB": {
        "mean": 0.00154479919001,
        "var": 0.00154241069686
    },
    "spectral_centroid": {
        "mean": 1729.14404297,
        "var": 348845.375
    },
    "spectral_complexity": {
        "mean": 22.9691047668,
        "var": 89.4067153931
    },
    "spectral_decrease": {
        "mean": -1.16575309406e-008,
        "var": 5.9308016122e-017
    },
    "spectral_energy": {
        "mean": 0.0463694706559,
        "var": 0.000866736052558
    },
    "spectral_energyband_high": {
        "mean": 0.000965249084402,
        "var": 8.18134367364e-007
    },
    "spectral_energyband_low": {
        "mean": 0.0311319660395,
        "var": 0.000802013557404
    },
    "spectral_energyband_middle_high": {
        "mean": 0.00750297075137,
        "var": 2.62777266471e-005
    },
    "spectral_energyband_middle_low": {
        "mean": 0.00733315572143,
        "var": 3.09943134198e-005
    },
    "spectral_entropy": {
        "mean": 7.65006542206,
        "var": 0.101851709187
    },
    "spectral_flux": {
        "mean": 0.110100336373,
        "var": 0.00206317170523
    },
    "spectral_kurtosis": {
        "mean": 3.80667042732,
        "var": 2.05905842781
    },
    "spectral_rms": {
        "mean": 0.00640403619036,
        "var": 4.22678613177e-006
    },
    "spectral_rolloff": {
        "mean": 1372.17077637,
        "var": 1306370
    },
    "spectral_skewness": {
        "mean": 1.3578966856,
        "var": 0.0558906979859
    },
    "spectral_spread": {
        "mean": 4377844.5,
        "var": 2.07295440486e+012
    },
    "spectral_strongpeak": {
        "mean": 0.700030386448,
        "var": 1.18242621422
    },
    "zerocrossingrate": {
        "mean": 0.0552977249026,
        "var": 0.000742843549233
    },
    "barkbands": {
        "mean": [0.00072760717012, 0.0192968528718, 0.0106314206496, 0.00145913101733, 0.00298512517475, 0.000771326012909, 0.000915410812013, 0.000574546633288, 0.000494759529829, 0.000816763262264, 0.000495635962579, 0.000468265847303, 0.000419774907641, 0.000627123052254, 0.000742436852306, 0.00148813950364, 0.000666498672217, 0.00113485497423, 0.000544777954929, 0.000422063254518, 0.000226161122555, 0.000151476211613, 0.000114748043416, 8.24342423584e-005, 6.28605048405e-005, 4.33981185779e-005, 5.88697457715e-006],
        "var": [1.14045030841e-006, 0.000495479209349, 0.000217947366764, 4.27329496233e-006, 1.09049024104e-005, 7.34614559406e-007, 1.57498254794e-006, 3.32680360771e-006, 2.04480670618e-006, 2.18012246478e-006, 6.05040554547e-007, 4.96883728829e-007, 2.79602232922e-007, 6.74236218856e-007, 9.60531338023e-007, 3.19469427268e-006, 7.61790204251e-007, 2.53527377936e-006, 6.65139396006e-007, 2.51786815397e-007, 5.91310254094e-008, 2.66590145515e-008, 1.83552195665e-008, 1.12674660713e-008, 8.88727402781e-009, 5.51829071327e-009, 2.2279755818e-010]
    },
    "erbbands": {
        "mean": [0.341695219278, 5.07081794739, 13.9318237305, 6.70194911957, 7.59643125534, 10.2733640671, 8.63095664978, 6.48585271835, 13.1837558746, 12.4376783371, 11.589345932, 11.7434177399, 16.3199996948, 25.7730998993, 22.9434833527, 17.9208374023, 21.2517032623, 30.691034317, 24.9139442444, 82.149772644, 60.037902832, 39.6314125061, 47.6770744324, 56.2988433838, 23.3171329498, 21.7739906311, 12.6341466904, 7.45827102661, 5.63967657089, 4.16813850403, 3.0200843811, 1.95285856724, 1.33389782906, 0.811636507511, 0.395353227854, 0.171299159527, 0.0783772245049, 0.0220023393631, 0.000573719327804, 6.74527618685e-005],
        "var": [0.238268911839, 31.7449016571, 261.056945801, 63.0509376526, 95.4165725708, 144.078704834, 104.980865479, 52.6123542786, 341.505859375, 529.132629395, 1716.07800293, 969.525878906, 1285.4152832, 1438.22644043, 795.112304688, 564.976745605, 685.461914063, 1579.35559082, 868.699157715, 9655.49804688, 4688.22851563, 2520.80761719, 3341.52758789, 7548.08056641, 846.050964355, 679.122131348, 184.074920654, 64.7290878296, 37.8936576843, 19.6737670898, 13.1038255692, 6.33205842972, 3.17744541168, 1.49957120419, 0.343764454126, 0.0687344744802, 0.019727582112, 0.00240072049201, 1.78063555722e-006, 2.02275729499e-009]
    },
    "gfcc": {
        "mean": [34.9506835938, 88.801574707, -117.586776733, 54.3484115601, -35.5262641907, 20.7188949585, -32.4049453735, 14.6812610626, -20.0701179504, 2.09168219566, -16.0339279175, 1.64116621017, -8.79583454132],
        "cov": [[2807.48486328, -656.072753906, 74.7988815308, -209.820861816, -80.5707550049, -57.457649231, -171.676025391, 88.9999084473, -137.53767395, 166.688308716, -104.300430298, 181.53503418, -144.588867188], [-656.072753906, 737.041503906, -125.165275574, 82.5595474243, 40.800201416, 10.0117874146, 148.948944092, -66.4147491455, 114.721626282, -112.819900513, 64.1220474243, -147.26524353, 98.8455123901], [74.7988815308, -125.165275574, 423.746246338, 2.33604955673, -24.8170661926, 41.2878494263, -9.83830833435, -13.9883890152, -16.6867389679, 16.2712287903, -34.9338645935, 39.1799888611, -53.0970916748], [-209.820861816, 82.5595474243, 2.33604955673, 259.582183838, 87.2783737183, -19.5321502686, 23.0132732391, 0.898660421371, 29.7639713287, -50.4511146545, 28.5375366211, -50.2636871338, 14.9801912308], [-80.5707550049, 40.800201416, -24.8170661926, 87.2783737183, 167.325271606, -3.98456001282, 24.2767715454, 13.8566112518, 11.1240215302, -29.678981781, 7.63314819336, -25.4542102814, -1.52341842651], [-57.457649231, 10.0117874146, 41.2878494263, -19.5321502686, -3.98456001282, 133.312454224, 39.0608711243, -7.90927743912, 14.1367835999, 5.07804584503, -6.91175460815, -3.19482779503, 15.4066781998], [-171.676025391, 148.948944092, -9.83830833435, 23.0132732391, 24.2767715454, 39.0608711243, 113.952949524, 7.53259897232, 32.3356552124, -20.7068786621, 21.4450492859, -34.6049232483, 22.0390892029], [88.9999084473, -66.4147491455, -13.9883890152, 0.898660421371, 13.8566112518, -7.90927743912, 7.53259897232, 76.5840606689, 24.4612159729, 11.2815341949, 7.53654718399, 18.9157981873, -10.547369957], [-137.53767395, 114.721626282, -16.6867389679, 29.7639713287, 11.1240215302, 14.1367835999, 32.3356552124, 24.4612159729, 105.583068848, 14.903550148, 20.0939788818, -28.2765884399, 24.5774841309], [166.688308716, -112.819900513, 16.2712287903, -50.4511146545, -29.678981781, 5.07804584503, -20.7068786621, 11.2815341949, 14.903550148, 95.2724761963, 9.28618335724, 30.1349544525, -9.11120033264], [-104.300430298, 64.1220474243, -34.9338645935, 28.5375366211, 7.63314819336, -6.91175460815, 21.4450492859, 7.53654718399, 20.0939788818, 9.28618335724, 69.2891159058, 11.4231748581, 9.9057226181], [181.53503418, -147.26524353, 39.1799888611, -50.2636871338, -25.4542102814, -3.19482779503, -34.6049232483, 18.9157981873, -28.2765884399, 30.1349544525, 11.4231748581, 95.5852813721, -3.9863679409], [-144.588867188, 98.8455123901, -53.0970916748, 14.9801912308, -1.52341842651, 15.4066781998, 22.0390892029, -10.547369957, 24.5774841309, -9.11120033264, 9.9057226181, -3.9863679409, 71.3649749756]],
        "icov": [[0.000566709320992, -0.000197246685275, 0.000194574371562, -0.000142709570355, 3.79358571081e-005, 2.05130127142e-005, 0.00013164691336, -0.000584176799748, 0.000547591480426, -0.00103176373523, 0.00122279475909, -0.000981393735856, 0.000920632563066], [-0.000197246685275, 0.00599397579208, -0.000304167944705, 0.00221835123375, -8.97984573385e-005, 0.00174003269058, -0.00319608789869, 0.00510273035616, -0.00507120229304, 0.00638512196019, -0.00601749215275, 0.00579409394413, -0.00430948380381], [0.000194574371562, -0.000304167944705, 0.00355401705019, -0.00137095781974, 0.000625836895779, -0.00101750809699, -0.00109337468166, 0.00169339322019, -0.000988695537671, -0.00076885096496, 0.00335616245866, -0.00389318936504, 0.00412753410637], [-0.000142709570355, 0.00221835123375, -0.00137095781974, 0.0071451254189, -0.00253383419476, 0.00139691028744, 0.000433217879618, 0.000996623537503, -0.00221840874292, 0.00478041451424, -0.00614696182311, 0.00575753906742, -0.00367456604727], [3.79358571081e-005, -8.97984573385e-005, 0.000625836895779, -0.00253383419476, 0.00779156759381, -0.000249274715316, -0.00111294351518, -0.00132741837297, 0.000192074920051, 0.00080537708709, 0.000743596581742, -9.66557126958e-005, 0.00149446679279], [2.05130127142e-005, 0.00174003269058, -0.00101750809699, 0.00139691028744, -0.000249274715316, 0.01000506524, -0.00468054320663, 0.00282715726644, -0.00227479543537, 0.000797084590886, 0.000338657700922, 0.000724296376575, -0.0028421219904], [0.00013164691336, -0.00319608789869, -0.00109337468166, 0.000433217879618, -0.00111294351518, -0.00468054320663, 0.0163894183934, -0.00656542787328, 0.00268704909831, -0.000760581460781, -0.00332430982962, 0.00364646175876, -0.00161333568394], [-0.000584176799748, 0.00510273035616, 0.00169339322019, 0.000996623537503, -0.00132741837297, 0.00282715726644, -0.00656542787328, 0.0242055431008, -0.0122243389487, 0.00604946818203, -0.00238981796429, -0.00374313886277, 0.00287075643428], [0.000547591480426, -0.00507120229304, -0.000988695537671, -0.00221840874292, 0.000192074920051, -0.00227479543537, 0.00268704909831, -0.0122243389487, 0.0211566071957, -0.0104318941012, 0.00136492936872, 0.00301546859555, -0.00291685992852], [-0.00103176373523, 0.00638512196019, -0.00076885096496, 0.00478041451424, 0.00080537708709, 0.000797084590886, -0.000760581460781, 0.00604946818203, -0.0104318941012, 0.0228547900915, -0.0105076357722, 0.00421984307468, -0.00333091407083], [0.00122279475909, -0.00601749215275, 0.00335616245866, -0.00614696182311, 0.000743596581742, 0.000338657700922, -0.00332430982962, -0.00238981796429, 0.00136492936872, -0.0105076357722, 0.0297968946397, -0.0162183046341, 0.00836219545454], [-0.000981393735856, 0.00579409394413, -0.00389318936504, 0.00575753906742, -9.66557126958e-005, 0.000724296376575, 0.00364646175876, -0.00374313886277, 0.00301546859555, 0.00421984307468, -0.0162183046341, 0.028910074383, -0.0125902183354], [0.000920632563066, -0.00430948380381, 0.00412753410637, -0.00367456604727, 0.00149446679279, -0.0028421219904, -0.00161333568394, 0.00287075643428, -0.00291685992852, -0.00333091407083, 0.00836219545454, -0.0125902183354, 0.0259722564369]]
    },
    "melbands": {
        "mean": [0.00435352651402, 0.00736617436633, 0.0012823214056, 0.000680184748489, 0.000339551566867, 0.000143570883665, 0.000196526627406, 0.000134821835672, 9.58324671956e-005, 6.79073054926e-005, 8.45025715535e-005, 0.000109300279291, 7.6310854638e-005, 6.51492737234e-005, 3.37855599355e-005, 4.88233563374e-005, 5.7841756643e-005, 3.73526308977e-005, 6.45966938464e-005, 0.000123877078295, 5.86473979638e-005, 3.53012692358e-005, 3.97458825319e-005, 5.45047987544e-005, 4.53302600363e-005, 1.79479611688e-005, 1.21867124108e-005, 1.58356924658e-005, 8.82189397089e-006, 4.89439980811e-006, 4.07495735999e-006, 3.31955584443e-006, 2.60401657215e-006, 2.212527761e-006, 1.74477406745e-006, 1.53093344579e-006, 1.05716685539e-006, 9.41856683312e-007, 8.32202033507e-007, 6.3576857201e-007],
        "var": [2.88890096272e-005, 5.21559777553e-005, 2.01262469091e-006, 6.23983510195e-007, 1.61972778301e-007, 2.56750229966e-008, 7.27467366346e-008, 8.12768234937e-008, 1.211199816e-007, 3.38097443375e-008, 3.61347289868e-008, 2.95083815161e-008, 1.2283590145e-008, 1.06394528743e-008, 1.92540761113e-009, 2.96739743888e-009, 7.12377445922e-009, 2.80021161814e-009, 6.3002252304e-009, 2.37333441788e-008, 6.07593175772e-009, 2.72826516934e-009, 2.50537279811e-009, 6.61896271126e-009, 5.96837823608e-009, 5.95590965435e-010, 2.53115084448e-010, 4.92791751849e-010, 1.12382617101e-010, 3.40327349635e-011, 2.12924903403e-011, 1.48012262169e-011, 7.76142691783e-012, 6.41485519218e-012, 4.70587327786e-012, 4.18135404773e-012, 2.00149857625e-012, 1.68794177854e-012, 1.39554047571e-012, 1.00287269808e-012]
    },
    "mfcc": {
        "mean": [-606.181945801, 111.955352783, -7.14179325104, 39.0954856873, 20.1169433594, 13.9432554245, 6.67931604385, 11.8048839569, 6.0634598732, 5.3264837265, -0.497208952904, -0.231182411313, 2.38538169861],
        "cov": [[1971.46789551, -352.31854248, -92.6555404663, -128.901077271, -40.9162979126, -123.141304016, -47.1135597229, -80.1826705933, -49.7467880249, -31.3020648956, 4.10511112213, 5.4074215889, 10.8912162781], [-352.31854248, 507.401794434, -31.3619384766, 4.02903318405, -42.0303573608, 45.1284255981, 18.7473201752, 32.5229911804, 38.953327179, 35.6579551697, -0.511866152287, -5.23136234283, 1.93459260464], [-92.6555404663, -31.3619384766, 358.46774292, -9.75049781799, -8.64454650879, 52.8480377197, -9.28923511505, 5.35254001617, 5.31637954712, -15.495844841, 19.037229538, -2.5753057003, -8.89840221405], [-128.901077271, 4.02903318405, -9.75049781799, 236.017410278, 79.7901382446, -6.55296373367, 18.1006984711, 25.9440345764, -1.06165444851, 0.802265644073, 2.84038233757, 12.5554151535, -2.37482213974], [-40.9162979126, -42.0303573608, -8.64454650879, 79.7901382446, 125.073242188, 13.6247825623, 8.31062507629, 22.6236248016, 3.24902391434, -3.79098463058, 1.44684815407, 4.61773872375, 0.713776946068], [-123.141304016, 45.1284255981, 52.8480377197, -6.55296373367, 13.6247825623, 113.859390259, 33.09815979, 2.93309664726, 27.2157592773, 14.9126815796, -6.04393911362, -1.42373168468, 4.80601501465], [-47.1135597229, 18.7473201752, -9.28923511505, 18.1006984711, 8.31062507629, 33.09815979, 77.9290924072, 30.2741451263, -0.608205676079, 3.84645199776, -1.52422773838, -1.11377882957, -1.63341224194], [-80.1826705933, 32.5229911804, 5.35254001617, 25.9440345764, 22.6236248016, 2.93309664726, 30.2741451263, 86.5506286621, 20.3558959961, -6.03463315964, 13.1453886032, -0.677615463734, -4.8490357399], [-49.7467880249, 38.953327179, 5.31637954712, -1.06165444851, 3.24902391434, 27.2157592773, -0.608205676079, 20.3558959961, 73.708190918, 34.9474220276, -7.86968278885, 0.976891815662, 12.0430994034], [-31.3020648956, 35.6579551697, -15.495844841, 0.802265644073, -3.79098463058, 14.9126815796, 3.84645199776, -6.03463315964, 34.9474220276, 73.9732437134, 17.090681076, -4.16330194473, 10.4497156143], [4.10511112213, -0.511866152287, 19.037229538, 2.84038233757, 1.44684815407, -6.04393911362, -1.52422773838, 13.1453886032, -7.86968278885, 17.090681076, 66.9546203613, 21.634147644, -2.00776195526], [5.4074215889, -5.23136234283, -2.5753057003, 12.5554151535, 4.61773872375, -1.42373168468, -1.11377882957, -0.677615463734, 0.976891815662, -4.16330194473, 21.634147644, 66.9096374512, 27.6032085419], [10.8912162781, 1.93459260464, -8.89840221405, -2.37482213974, 0.713776946068, 4.80601501465, -1.63341224194, -4.8490357399, 12.0430994034, 10.4497156143, -2.00776195526, 27.6032085419, 59.8375663757]],
        "icov": [[0.000655980315059, 0.000389045628253, 0.000142391421832, 0.000317733705742, 2.36403066083e-005, 0.000580301857553, -0.000235218569287, 0.000536268926226, -0.000276514765574, 0.000288134964649, -0.00030167188379, 0.000125416569063, -0.000170687169884], [0.000389045628253, 0.00260390061885, 0.000490030506626, -0.000236903404584, 0.00144619960338, -0.0009872445371, 0.000473116873764, -0.0011362193618, -0.00013771848171, -0.000821383320726, 0.000186996127013, -3.32527597493e-005, 8.41277287691e-005], [0.000142391421832, 0.000490030506626, 0.00345382955857, -0.00025279680267, 0.000881177547853, -0.00232659536414, 0.00132119213231, -0.000262409943389, -0.000539318716619, 0.00171235110611, -0.0018946940545, 0.000838173262309, 1.22635065054e-005], [0.000317733705742, -0.000236903404584, -0.00025279680267, 0.00598156405613, -0.00386307039298, 0.00176488410216, -0.00133106496651, -0.000278427643934, 0.000506741052959, -0.00104667630512, 0.000942789949477, -0.00162886211183, 0.000858891056851], [2.36403066083e-005, 0.00144619960338, 0.000881177547853, -0.00386307039298, 0.0118193747476, -0.00330180302262, 0.00211239862256, -0.00335643277504, 0.000810012570582, 7.96653403086e-005, 0.000106908562884, 0.000102127327409, -0.000383925624192], [0.000580301857553, -0.0009872445371, -0.00232659536414, 0.00176488410216, -0.00330180302262, 0.0150475492701, -0.00835838727653, 0.00542069086805, -0.00636761402711, 0.00108012207784, -0.000444576464361, 0.000392373010982, -0.000410712789744], [-0.000235218569287, 0.000473116873764, 0.00132119213231, -0.00133106496651, 0.00211239862256, -0.00835838727653, 0.0209836382419, -0.0107903340831, 0.00866938382387, -0.00561838876456, 0.00463798269629, -0.00205593998544, 0.000856046972331], [0.000536268926226, -0.0011362193618, -0.000262409943389, -0.000278427643934, -0.00335643277504, 0.00542069086805, -0.0107903340831, 0.0224039461464, -0.0132464077324, 0.0107319187373, -0.00984601955861, 0.00461899070069, -0.000654564995784], [-0.000276514765574, -0.00013771848171, -0.000539318716619, 0.000506741052959, 0.000810012570582, -0.00636761402711, 0.00866938382387, -0.0132464077324, 0.0290533658117, -0.0171316154301, 0.011920362711, -0.00552859622985, -0.000245605071541], [0.000288134964649, -0.000821383320726, 0.00171235110611, -0.00104667630512, 7.96653403086e-005, 0.00108012207784, -0.00561838876456, 0.0107319187373, -0.0171316154301, 0.0282144080848, -0.0149950059131, 0.00931564904749, -0.00546389585361], [-0.00030167188379, 0.000186996127013, -0.0018946940545, 0.000942789949477, 0.000106908562884, -0.000444576464361, 0.00463798269629, -0.00984601955861, 0.011920362711, -0.0149950059131, 0.0269253998995, -0.0125764384866, 0.00609217071906], [0.000125416569063, -3.32527597493e-005, 0.000838173262309, -0.00162886211183, 0.000102127327409, 0.000392373010982, -0.00205593998544, 0.00461899070069, -0.00552859622985, 0.00931564904749, -0.0125764384866, 0.0250267479569, -0.0121573153883], [-0.000170687169884, 8.41277287691e-005, 1.22635065054e-005, 0.000858891056851, -0.000383925624192, -0.000410712789744, 0.000856046972331, -0.000654564995784, -0.000245605071541, -0.00546389585361, 0.00609217071906, -0.0121573153883, 0.0236002877355]]
    },
    "spectral_contrast_coeffs": {
        "mean": [-0.655151903629, -0.748252213001, -0.761345744133, -0.741378188133, -0.757236301899, -0.755715608597],
        "var": [0.0055776052177, 0.00339833181351, 0.00320975342765, 0.0032425916288, 0.00223847012967, 0.000537819927558]
    },
    "spectral_contrast_valleys": {
        "mean": [-6.60811471939, -6.82500600815, -7.25561857224, -7.41485404968, -7.15636444092, -9.8008813858],
        "var": [0.410217911005, 0.519114613533, 0.500256538391, 0.499457627535, 0.530858695507, 0.594141185284]
    }
},
"metadata": {
    "audio_properties": {
        "analysis_sample_rate": 44100,
        "bit_rate": 128074,
        "equal_loudness": 0,
        "length": 45.0612258911,
        "lossless": 0,
        "replay_gain": -5.02443695068,
        "sample_rate": 44100,
        "codec": "mp3",
        "downmix": "mix",
        "md5_encoded": "b1788ea6e115adfdb0dd7fe4b6807f8d"
    },
    "tags": {
        "file_name": "1295.mp3"
    },
    "version": {
        "essentia": "2.1-beta2",
        "essentia_git_sha": "v2.1_beta2",
        "extractor": "music 1.0"
    }
},
"rhythm": {
    "beats_count": 95,
    "beats_loudness": {
        "mean": 0.0554158464074,
        "var": 0.000450164283393
    },
    "bpm": 127.986183167,
    "bpm_histogram_first_peak_bpm": {
        "mean": 129,
        "var": 0
    },
    "bpm_histogram_first_peak_spread": {
        "mean": 0.409638553858,
        "var": 0
    },
    "bpm_histogram_first_peak_weight": {
        "mean": 0.521276593208,
        "var": 0
    },
    "bpm_histogram_second_peak_bpm": {
        "mean": 123,
        "var": 0
    },
    "bpm_histogram_second_peak_spread": {
        "mean": 0,
        "var": 0
    },
    "bpm_histogram_second_peak_weight": {
        "mean": 0.0957446843386,
        "var": 0
    },
    "danceability": 1.93627977371,
    "onset_rate": 5.19059419632,
    "beats_loudness_band_ratio": {
        "mean": [0.595834732056, 0.0939832180738, 0.0608031339943, 0.0697110295296, 0.141263514757, 0.0608701817691],
        "var": [0.0404107831419, 0.00374927907251, 0.00184729509056, 0.00243920390494, 0.00948139745742, 0.00176638551056]
    },
    "beats_position": [0.417959183455, 0.859138309956, 1.30031740665, 1.75310659409, 2.21750569344, 2.69351458549, 3.15791368484, 3.62231278419, 4.08671188354, 4.5627207756, 5.0387301445, 5.52634906769, 6.00235795975, 6.47836732864, 6.9543762207, 7.4303855896, 7.89478445053, 8.35918331146, 8.82358264923, 9.287981987, 9.77560043335, 10.2399997711, 10.7043991089, 11.1804075241, 11.656416893, 12.1208162308, 12.6084346771, 13.0728340149, 13.5488433838, 14.0248527527, 14.4892511368, 14.9536504745, 15.4180498123, 15.8824491501, 16.3468475342, 16.8112468719, 17.2756462097, 17.7516555786, 18.2276649475, 18.7152824402, 19.179681778, 19.6440811157, 20.1084804535, 20.5844898224, 21.0604991913, 21.5248966217, 21.9892959595, 22.4536952972, 22.9297046661, 23.405714035, 23.8701133728, 24.3461227417, 24.8221302032, 25.286529541, 25.7509288788, 26.2269382477, 26.7029476166, 27.1905670166, 27.6549663544, 28.1193637848, 28.5837631226, 29.0713825226, 29.5590019226, 30.0234012604, 30.4878005981, 30.9521980286, 31.4398174286, 31.9274368286, 32.391834259, 32.8562355042, 33.3206329346, 33.7850341797, 34.2610435486, 34.7370529175, 35.2014503479, 35.6658477783, 36.1302490234, 36.5946464539, 37.0706558228, 37.5466651917, 38.0110664368, 38.4870758057, 38.9630813599, 39.427482605, 39.8918800354, 40.3562812805, 40.8322906494, 41.3083000183, 41.7726974487, 42.2487068176, 42.7247161865, 43.1891136169, 43.6535148621, 44.129524231, 44.6055335999]
},
"tonal": {
    "chords_changes_rate": 0.0802469104528,
    "chords_number_rate": 0.0113168722019,
    "chords_strength": {
        "mean": 0.501496315002,
        "var": 0.00656118895859
    },
    "hpcp_entropy": {
        "mean": 2.16632890701,
        "var": 0.480339467525
    },
    "key_strength": 0.725085675716,
    "tuning_diatonic_strength": 0.511565864086,
    "tuning_equal_tempered_deviation": 0.0875879451632,
    "tuning_frequency": 441.782684326,
    "tuning_nontempered_energy_ratio": 0.790192306042,
    "hpcp": {
        "mean": [0.225563302636, 0.180838376284, 0.105541475117, 0.0689556077123, 0.057529207319, 0.0863275229931, 0.151001259685, 0.173364400864, 0.186191126704, 0.208108797669, 0.162462770939, 0.139251157641, 0.160597339272, 0.111218295991, 0.0650593861938, 0.0728007480502, 0.0686993300915, 0.0639232099056, 0.0624392665923, 0.0680504441261, 0.107854925096, 0.170459866524, 0.202949136496, 0.182330906391, 0.121242702007, 0.0691365376115, 0.0828198716044, 0.120187886059, 0.127122178674, 0.121224805713, 0.102274775505, 0.0751606747508, 0.0855754613876, 0.139805704355, 0.172492131591, 0.196271166205],
        "var": [0.0911117047071, 0.0790404975414, 0.0471057593822, 0.0286659728736, 0.0206161085516, 0.023516824469, 0.0501438193023, 0.0613882988691, 0.074408352375, 0.102184154093, 0.0702949091792, 0.0530146695673, 0.0638466998935, 0.0366052798927, 0.022339919582, 0.0326963253319, 0.0310951061547, 0.0290743745863, 0.0242860168219, 0.017860788852, 0.0331692658365, 0.0617305897176, 0.0933166220784, 0.0785422846675, 0.0482467710972, 0.0233517065644, 0.0321482308209, 0.0519475825131, 0.0533137209713, 0.0477081388235, 0.0376879572868, 0.0301531888545, 0.0291995126754, 0.0585856363177, 0.0758853405714, 0.0739585533738]
    },
    "chords_histogram": [4.21810722351, 0, 3.39506173134, 0.720164597034, 12.9629631042, 0, 14.4032926559, 16.872428894, 8.43621444702, 26.1316871643, 2.46913576126, 0, 0, 0, 0, 0, 1.54320991039, 2.46913576126, 0, 0, 0, 0, 0, 6.37860059738],
    "thpcp": [1, 0.801718950272, 0.467901796103, 0.305704027414, 0.255046844482, 0.38271972537, 0.669440746307, 0.768584251404, 0.82544952631, 0.922618150711, 0.720253527164, 0.617348432541, 0.711983442307, 0.493069112301, 0.288430720568, 0.322750866413, 0.304567843676, 0.283393651247, 0.276814818382, 0.301691114902, 0.478158116341, 0.75570744276, 0.899743616581, 0.808335840702, 0.537510752678, 0.306506127119, 0.367169082165, 0.532834410667, 0.563576519489, 0.537431418896, 0.453419387341, 0.333213210106, 0.379385560751, 0.619806945324, 0.764717161655, 0.870137870312],
    "chords_key": "E",
    "chords_scale": "major",
    "key_key": "A",
    "key_scale": "minor"
}
}