{
"lowlevel": {
    "average_loudness": 0.890434741974,
    "barkbands_crest": {
        "mean": 8.38451194763,
        "var": 9.64969348907
    },
    "barkbands_flatness_db": {
        "mean": 0.14069698751,
        "var": 0.00121876574121
    },
    "barkbands_kurtosis": {
        "mean": 2.77617096901,
        "var": 15.2926921844
    },
    "barkbands_skewness": {
        "mean": 1.4254360199,
        "var": 0.767279922962
    },
    "barkbands_spread": {
        "mean": 19.1471710205,
        "var": 55.1102752686
    },
    "dissonance": {
        "mean": 0.468116730452,
        "var": 0.000889955379535
    },
    "dynamic_complexity": 2.72602701187,
    "erbbands_crest": {
        "mean": 7.57565498352,
        "var": 18.1498222351
    },
    "erbbands_flatness_db": {
        "mean": 0.169033378363,
        "var": 0.00191455439199
    },
    "erbbands_kurtosis": {
        "mean": 0.141116991639,
        "var": 2.74923706055
    },
    "erbbands_skewness": {
        "mean": 0.29083442688,
        "var": 0.379718869925
    },
    "erbbands_spread": {
        "mean": 35.5585098267,
        "var": 222.069610596
    },
    "hfc": {
        "mean": 14.2657232285,
        "var": 145.138427734
    },
    "melbands_crest": {
        "mean": 12.0085811615,
        "var": 14.0557498932
    },
    "melbands_flatness_db": {
        "mean": 0.201541930437,
        "var": 0.00166980503127
    },
    "melbands_kurtosis": {
        "mean": 9.77134227753,
        "var": 118.761390686
    },
    "melbands_skewness": {
        "mean": 2.37971591949,
        "var": 1.73353672028
    },
    "melbands_spread": {
        "mean": 20.1967830658,
        "var": 99.327041626
    },
    "pitch_salience": {
        "mean": 0.615577816963,
        "var": 0.0085854222998
    },
    "silence_rate_20dB": {
        "mean": 1,
        "var": 0
    },
    "silence_rate_30dB": {
        "mean": 0.998970150948,
        "var": 0.00102880818304
    },
    "silence_rate_60dB": {
        "mean": 0.067971162498,
        "var": 0.0633540675044
    },
    "spectral_centroid": {
        "mean": 1184.35314941,
        "var": 179135.8125
    },
    "spectral_complexity": {
        "mean": 19.4165802002,
        "var": 56.130771637
    },
    "spectral_decrease": {
        "mean": -6.41806430224e-009,
        "var": 2.89213609576e-017
    },
    "spectral_energy": {
        "mean": 0.0255172234029,
        "var": 0.000451311905636
    },
    "spectral_energyband_high": {
        "mean": 0.000350917252945,
        "var": 1.51360083578e-007
    },
    "spectral_energyband_low": {
        "mean": 0.00892571080476,
        "var": 7.19892850611e-005
    },
    "spectral_energyband_middle_high": {
        "mean": 0.00447695842013,
        "var": 2.25514977501e-005
    },
    "spectral_energyband_middle_low": {
        "mean": 0.0129662239924,
        "var": 0.000248335680226
    },
    "spectral_entropy": {
        "mean": 7.61540937424,
        "var": 0.067542552948
    },
    "spectral_flux": {
        "mean": 0.0823391526937,
        "var": 0.00248180422932
    },
    "spectral_kurtosis": {
        "mean": 3.99802231789,
        "var": 7.30588340759
    },
    "spectral_rms": {
        "mean": 0.0045823212713,
        "var": 3.89720526073e-006
    },
    "spectral_rolloff": {
        "mean": 1111.01965332,
        "var": 638759.125
    },
    "spectral_skewness": {
        "mean": 1.38050663471,
        "var": 0.15838354826
    },
    "spectral_spread": {
        "mean": 3732655.5,
        "var": 2.00990352998e+012
    },
    "spectral_strongpeak": {
        "mean": 0.721680223942,
        "var": 1.2783973217
    },
    "zerocrossingrate": {
        "mean": 0.0472589358687,
        "var": 0.000373920076527
    },
    "barkbands": {
        "mean": [0.000117323455925, 0.00459851464257, 0.00309128547087, 0.00269605987705, 0.00336365052499, 0.00183380104136, 0.00125729839783, 0.00124728959054, 0.00241466774605, 0.000757412810344, 0.000846201088279, 0.000643446634058, 0.000643948675133, 0.00040392120718, 0.000275975646218, 0.000341292616213, 0.000296189537039, 0.000141369644552, 0.000128076018882, 0.000136893970193, 0.000123137782793, 7.12188120815e-005, 3.32045165123e-005, 3.02240550809e-005, 1.83841111721e-005, 6.21547906121e-006, 2.38683981024e-007],
        "var": [3.05752436702e-008, 1.85643948498e-005, 1.71290048456e-005, 1.87520290638e-005, 4.14332425862e-005, 1.11279086923e-005, 5.57724115424e-006, 1.03110342025e-005, 5.28280543222e-005, 2.66588631348e-006, 5.89461478739e-006, 2.31753051594e-006, 9.32816078603e-007, 3.18500980256e-007, 6.9013047721e-008, 1.23609837033e-007, 5.53875949549e-008, 2.30586483241e-008, 3.36368621845e-008, 1.77463164164e-008, 1.74712528889e-008, 6.75474387535e-009, 3.68733954481e-009, 3.79121312122e-009, 1.23671639596e-009, 2.32665012256e-010, 7.96210482528e-013]
    },
    "erbbands": {
        "mean": [0.109035648406, 1.12370204926, 3.17904853821, 6.75559186935, 14.1928548813, 7.83262634277, 10.1189374924, 15.3788223267, 13.14128685, 26.1158027649, 35.5089683533, 63.135597229, 24.5770778656, 30.0581665039, 29.3849124908, 29.7103118896, 30.0263881683, 21.2233905792, 18.6534996033, 14.2334785461, 19.6417961121, 16.0096759796, 8.67311382294, 6.79308319092, 7.15397834778, 6.23836565018, 5.62409687042, 4.16098976135, 2.77060627937, 1.49511015415, 0.895856678486, 0.685236334801, 0.469920158386, 0.252261251211, 0.106090344489, 0.0348413400352, 0.0102296471596, 0.00143188261427, 4.57399582956e-005, 3.07406589855e-005],
        "var": [0.0148834222928, 1.10174977779, 14.2025556564, 91.1879806519, 776.807922363, 190.733566284, 210.268783569, 905.007507324, 841.084838867, 2306.37084961, 8004.62304688, 38388.1289063, 1525.30981445, 3860.08374023, 6844.39599609, 4594.40234375, 2062.31323242, 511.063537598, 482.677490234, 179.236999512, 426.680511475, 131.046798706, 67.7079849243, 53.6404342651, 105.851577759, 37.4519767761, 35.5589637756, 21.3807220459, 9.2079076767, 5.21359634399, 2.70471334457, 1.95536565781, 0.902997851372, 0.228001147509, 0.0479102693498, 0.00642667803913, 0.000673762871884, 1.81019295269e-005, 1.0370981407e-008, 6.56238230423e-010]
    },
    "gfcc": {
        "mean": [-15.1354055405, 127.005470276, -137.998718262, 38.6584014893, -56.5657157898, 9.95610237122, -27.0547046661, 3.08741903305, -17.4087905884, 1.13066327572, -16.8932418823, -7.31887722015, -6.70890522003],
        "cov": [[4911.5390625, -616.834899902, 766.092834473, 13.4088459015, 63.9235305786, 517.759094238, -192.865859985, 286.77130127, -331.017211914, 157.684082031, -197.282974243, 205.262359619, -120.489578247], [-616.834899902, 900.646057129, -478.868225098, 178.842926025, 245.803710938, -160.731521606, 307.908569336, -127.108390808, 276.919555664, -84.2187576294, 142.821289063, -96.988899231, 164.062362671], [766.092834473, -478.868225098, 789.459960938, -4.10997676849, 16.8603057861, 216.768066406, -198.265441895, 146.434539795, -183.522979736, 81.6469268799, -135.584899902, 107.766151428, -126.994491577], [13.4088459015, 178.842926025, -4.10997676849, 376.743164063, 133.143981934, -7.61670255661, 65.6638336182, -42.5765647888, 139.93270874, -19.9505386353, 36.5095977783, -15.9600286484, 69.1709518433], [63.9235305786, 245.803710938, 16.8603057861, 133.143981934, 337.995391846, 48.0091819763, 107.946777344, 5.72217273712, 75.3580780029, 32.61302948, -26.4138793945, 23.4382038116, 47.3796539307], [517.759094238, -160.731521606, 216.768066406, -7.61670255661, 48.0091819763, 177.712875366, -17.6706790924, 74.3952713013, -71.4343338013, 28.9119148254, -36.1991844177, 38.3474960327, -25.0042877197], [-192.865859985, 307.908569336, -198.265441895, 65.6638336182, 107.946777344, -17.6706790924, 251.581222534, 2.64288210869, 91.8228607178, -36.181060791, 54.2671890259, -31.9769210815, 64.1265106201], [286.77130127, -127.108390808, 146.434539795, -42.5765647888, 5.72217273712, 74.3952713013, 2.64288210869, 108.334999084, -42.6175498962, 32.321269989, -30.2075176239, 29.144159317, -27.3713989258], [-331.017211914, 276.919555664, -183.522979736, 139.93270874, 75.3580780029, -71.4343338013, 91.8228607178, -42.6175498962, 189.439346313, -4.31298398972, 56.0948410034, -44.5088691711, 59.692855835], [157.684082031, -84.2187576294, 81.6469268799, -19.9505386353, 32.61302948, 28.9119148254, -36.181060791, 32.321269989, -4.31298398972, 82.3695755005, -20.8780422211, 29.2985649109, -16.4747886658], [-197.282974243, 142.821289063, -135.584899902, 36.5095977783, -26.4138793945, -36.1991844177, 54.2671890259, -30.2075176239, 56.0948410034, -20.8780422211, 94.6858978271, -22.7361679077, 33.6037902832], [205.262359619, -96.988899231, 107.766151428, -15.9600286484, 23.4382038116, 38.3474960327, -31.9769210815, 29.144159317, -44.5088691711, 29.2985649109, -22.7361679077, 69.0970993042, -5.0909948349], [-120.489578247, 164.062362671, -126.994491577, 69.1709518433, 47.3796539307, -25.0042877197, 64.1265106201, -27.3713989258, 59.692855835, -16.4747886658, 33.6037902832, -5.0909948349, 79.109954834]],
        "icov": [[0.000398317992222, -0.000674451061059, 0.000367285421817, -0.000656230025925, 0.000621791288722, -0.00122695532627, 0.000393316178815, -0.000656036136206, 0.000803080620244, -0.000684181752149, 0.00082573009422, -0.000794011284597, 0.000712458626367], [-0.000674451061059, 0.00806152820587, -0.00195242767222, 0.00375968706794, -0.00588028552011, 0.00512907421216, -0.00372756551951, 0.00393285183236, -0.00550034083426, 0.00481224944815, -0.00630618119612, 0.00485957926139, -0.00649810442701], [0.000367285421817, -0.00195242767222, 0.00484381057322, -0.00302560720593, 0.00129760173149, -0.00385495391674, 0.00271480064839, -0.00370232271962, 0.00263364915736, -0.0012947297655, 0.00316802761517, -0.00385985942557, 0.00570153119043], [-0.000656230025925, 0.00375968706794, -0.00302560720593, 0.00749614601955, -0.00389566924423, 0.00268341787159, -0.00160722387955, 0.00401073368266, -0.00689862901345, 0.00455560302362, -0.00412119412795, 0.0028820997104, -0.00624590925872], [0.000621791288722, -0.00588028552011, 0.00129760173149, -0.00389566924423, 0.0102095482871, -0.00593368289992, -0.000350708811311, -0.000621929531917, 0.00232459139079, -0.0061753699556, 0.00868322793394, -0.00585604598746, 0.00360486516729], [-0.00122695532627, 0.00512907421216, -0.00385495391674, 0.00268341787159, -0.00593368289992, 0.0164995230734, -0.00297840102576, -0.00130569271278, -0.000387912150472, 0.0029854727909, -0.00648960052058, 0.00538998609409, -0.00629110634327], [0.000393316178815, -0.00372756551951, 0.00271480064839, -0.00160722387955, -0.000350708811311, -0.00297840102576, 0.0106094833463, -0.00719982944429, 0.00160538370255, 0.00169664225541, 8.5833358753e-005, -0.000847090617754, 0.00132134789601], [-0.000656036136206, 0.00393285183236, -0.00370232271962, 0.00401073368266, -0.000621929531917, -0.00130569271278, -0.00719982944429, 0.021204918623, -0.00449786661193, -0.0018257566262, -0.00086559029296, 0.000268831732683, -0.00207413733006], [0.000803080620244, -0.00550034083426, 0.00263364915736, -0.00689862901345, 0.00232459139079, -0.000387912150472, 0.00160538370255, -0.00449786661193, 0.0189926475286, -0.00908306147903, 0.00130832684226, 0.00291757308878, 0.00192679557949], [-0.000684181752149, 0.00481224944815, -0.0012947297655, 0.00455560302362, -0.0061753699556, 0.0029854727909, 0.00169664225541, -0.0018257566262, -0.00908306147903, 0.022959522903, -0.00435157399625, -0.00325266621076, -0.00117436924484], [0.00082573009422, -0.00630618119612, 0.00316802761517, -0.00412119412795, 0.00868322793394, -0.00648960052058, 8.5833358753e-005, -0.00086559029296, 0.00130832684226, -0.00435157399625, 0.0233178772032, -0.00553655065596, 0.00324953254312], [-0.000794011284597, 0.00485957926139, -0.00385985942557, 0.0028820997104, -0.00585604598746, 0.00538998609409, -0.000847090617754, 0.000268831732683, 0.00291757308878, -0.00325266621076, -0.00553655065596, 0.0293321926147, -0.0126525070518], [0.000712458626367, -0.00649810442701, 0.00570153119043, -0.00624590925872, 0.00360486516729, -0.00629110634327, 0.00132134789601, -0.00207413733006, 0.00192679557949, -0.00117436924484, 0.00324953254312, -0.0126525070518, 0.0319865643978]]
    },
    "melbands": {
        "mean": [0.00115871627349, 0.00166697218083, 0.00146034464706, 0.0008358094492, 0.000330773706082, 0.000345815671608, 0.000215503911022, 0.000275773898466, 0.000325289729517, 0.000368736393284, 0.000111477078462, 0.00012055485422, 0.000112823101517, 7.40509276511e-005, 6.97691866662e-005, 6.02493346378e-005, 3.76382267859e-005, 3.20834515151e-005, 1.92322368093e-005, 2.09143727261e-005, 2.35534862441e-005, 1.78362697625e-005, 1.02170051832e-005, 6.62534876028e-006, 5.31692785444e-006, 4.76949026051e-006, 5.23087283e-006, 3.90975583286e-006, 3.46739648194e-006, 3.22641813e-006, 2.10331359085e-006, 1.65388519235e-006, 1.16374837944e-006, 6.93402682828e-007, 5.09352275913e-007, 4.60469607333e-007, 4.06982707091e-007, 3.52859387931e-007, 2.52627785358e-007, 1.99917451482e-007],
        "var": [1.31213653276e-006, 2.84275438389e-006, 4.47510183221e-006, 2.68271787718e-006, 2.02764539381e-007, 4.33028844782e-007, 2.19144055791e-007, 2.88181695396e-007, 7.8427558492e-007, 1.27572184283e-006, 3.73362745165e-008, 6.67204673732e-008, 1.24918500433e-007, 3.11375067952e-008, 1.3670209853e-008, 8.23340329248e-009, 1.93674676296e-009, 2.06217798393e-009, 3.07539216315e-010, 4.56396032078e-010, 8.30209845315e-010, 1.92906787766e-010, 9.68470720286e-011, 6.5353840395e-011, 3.54104107148e-011, 7.02278027398e-011, 3.50817673522e-011, 1.58552095064e-011, 1.4074809894e-011, 1.41621783745e-011, 6.62191482204e-012, 3.48234700624e-012, 2.1669506467e-012, 1.49572596062e-012, 9.36653098832e-013, 8.20007636012e-013, 7.81712368447e-013, 5.3420462498e-013, 2.56490222941e-013, 1.4273254616e-013]
    },
    "mfcc": {
        "mean": [-646.435058594, 145.262664795, -17.0506801605, 30.035943985, -5.51885128021, 11.0274753571, -1.44321739674, 0.289377003908, 6.77949762344, 0.088455952704, -0.110362648964, 4.14185428619, -3.43988060951],
        "cov": [[3604.08300781, -215.500289917, 395.792694092, -106.613571167, 249.804885864, 129.004760742, 247.330490112, 108.32510376, 44.3834152222, 51.2130088806, -6.09078216553, -63.818145752, 37.4978942871], [-215.500289917, 625.779846191, -391.145843506, 178.535293579, -34.3682899475, 102.363594055, 19.7101612091, 45.2987174988, 98.2184829712, 47.2598152161, 21.8866100311, 33.662021637, 47.3467559814], [395.792694092, -391.145843506, 659.534301758, -154.271835327, 139.263977051, -60.0007591248, 37.0950584412, 9.31919193268, -68.1938171387, -26.2710208893, -13.6074285507, -35.1727981567, -18.234128952], [-106.613571167, 178.535293579, -154.271835327, 384.625335693, 64.8140792847, 134.255844116, -36.4151496887, 45.8425064087, 87.067237854, 52.9891166687, 8.24946498871, 36.8538398743, 26.4231281281], [249.804885864, -34.3682899475, 139.263977051, 64.8140792847, 239.668182373, 90.6589279175, 11.722287178, 10.9813241959, 37.639755249, 20.5992469788, -4.06658315659, -8.10032939911, 22.9669570923], [129.004760742, 102.363594055, -60.0007591248, 134.255844116, 90.6589279175, 149.878005981, 26.7101383209, 36.6034317017, 61.2647209167, 36.3391990662, 3.83709144592, 9.52895736694, 20.8895835876], [247.330490112, 19.7101612091, 37.0950584412, -36.4151496887, 11.722287178, 26.7101383209, 157.146911621, 62.1254043579, 29.2285003662, -3.88914585114, 10.8061275482, -9.91988658905, 4.44881057739], [108.32510376, 45.2987174988, 9.31919193268, 45.8425064087, 10.9813241959, 36.6034317017, 62.1254043579, 93.0732192993, 41.7819671631, 16.2173862457, 5.64476060867, 1.8829627037, 10.6818618774], [44.3834152222, 98.2184829712, -68.1938171387, 87.067237854, 37.639755249, 61.2647209167, 29.2285003662, 41.7819671631, 105.089935303, 41.4833374023, 12.0076236725, 6.14597034454, 21.881483078], [51.2130088806, 47.2598152161, -26.2710208893, 52.9891166687, 20.5992469788, 36.3391990662, -3.88914585114, 16.2173862457, 41.4833374023, 67.1938705444, 21.2832241058, 16.1833190918, 8.73665904999], [-6.09078216553, 21.8866100311, -13.6074285507, 8.24946498871, -4.06658315659, 3.83709144592, 10.8061275482, 5.64476060867, 12.0076236725, 21.2832241058, 53.3465270996, 19.3559055328, 1.10801208019], [-63.818145752, 33.662021637, -35.1727981567, 36.8538398743, -8.10032939911, 9.52895736694, -9.91988658905, 1.8829627037, 6.14597034454, 16.1833190918, 19.3559055328, 50.1160888672, 12.398068428], [37.4978942871, 47.3467559814, -18.234128952, 26.4231281281, 22.9669570923, 20.8895835876, 4.44881057739, 10.6818618774, 21.881483078, 8.73665904999, 1.10801208019, 12.398068428, 53.7590255737]],
        "icov": [[0.000366070249584, 0.000104040307633, -7.47747253627e-005, 0.000105476559838, -0.000179234571988, -0.000248319178354, -0.000496152089909, -5.734309525e-005, 0.000205473435926, -0.00049844145542, 0.000104443708551, 0.000354389369022, -0.000285171670839], [0.000104040307633, 0.00307120080106, 0.0015682883095, -0.000285456626443, 1.77370493475e-005, -0.000585006549954, -0.000505340343807, -0.000609519775026, -0.000427991995821, -0.000434435030911, -0.000332263181917, 0.000108330037619, -0.00149585737381], [-7.47747253627e-005, 0.0015682883095, 0.00344077451155, 0.000394895731006, -0.00244539743289, 0.00153896119446, -0.000446823367383, -0.00181192997843, 0.00158859754447, -0.000718402618077, -4.67986392323e-005, 0.000353196461219, -0.000122735829791], [0.000105476559838, -0.000285456626443, 0.000394895731006, 0.00519877672195, -0.000416744413087, -0.00337229459547, 0.0026144834701, -0.0022989672143, -0.0016412459081, 0.000156294932822, 0.000450340565294, -0.00222134077922, 0.000631052535027], [-0.000179234571988, 1.77370493475e-005, -0.00244539743289, -0.000416744413087, 0.00825514923781, -0.00523170037195, 0.000658680859488, 0.00233889580704, -0.00202926178463, 0.000514665211085, -0.000171962848981, 0.0013909873087, -0.00210321554914], [-0.000248319178354, -0.000585006549954, 0.00153896119446, -0.00337229459547, -0.00523170037195, 0.0158024020493, -0.00266107893549, -0.000981125398539, -0.00081162963761, -0.00298958341591, 0.00173766794614, -0.000369834888261, 0.000243416361627], [-0.000496152089909, -0.000505340343807, -0.000446823367383, 0.0026144834701, 0.000658680859488, -0.00266107893549, 0.0118874385953, -0.00689424294978, -0.00261345505714, 0.00447773188353, -0.00325066363439, 0.000640711921733, 0.000748599646613], [-5.734309525e-005, -0.000609519775026, -0.00181192997843, -0.0022989672143, 0.00233889580704, -0.000981125398539, -0.00689424294978, 0.0192331057042, -0.00407203193754, -0.0014024527045, 0.00127248407807, -8.43567613629e-005, -0.000898257538211], [0.000205473435926, -0.000427991995821, 0.00158859754447, -0.0016412459081, -0.00202926178463, -0.00081162963761, -0.00261345505714, -0.00407203193754, 0.0197336319834, -0.00845755822957, -0.000654528615996, 0.00382175319828, -0.00373872998171], [-0.00049844145542, -0.000434435030911, -0.000718402618077, 0.000156294932822, 0.000514665211085, -0.00298958341591, 0.00447773188353, -0.0014024527045, -0.00845755822957, 0.0255740974098, -0.00742425303906, -0.00413391040638, 0.00165240804199], [0.000104443708551, -0.000332263181917, -4.67986392323e-005, 0.000450340565294, -0.000171962848981, 0.00173766794614, -0.00325066363439, 0.00127248407807, -0.000654528615996, -0.00742425303906, 0.0255380515009, -0.00904390774667, 0.00242931419052], [0.000354389369022, 0.000108330037619, 0.000353196461219, -0.00222134077922, 0.0013909873087, -0.000369834888261, 0.000640711921733, -8.43567613629e-005, 0.00382175319828, -0.00413391040638, -0.00904390774667, 0.0287140868604, -0.00693726865575], [-0.000285171670839, -0.00149585737381, -0.000122735829791, 0.000631052535027, -0.00210321554914, 0.000243416361627, 0.000748599646613, -0.000898257538211, -0.00373872998171, 0.00165240804199, 0.00242931419052, -0.00693726865575, 0.023489613086]]
    },
    "spectral_contrast_coeffs": {
        "mean": [-0.657752037048, -0.754049062729, -0.780002176762, -0.806981265545, -0.806782722473, -0.710102081299],
        "var": [0.00550167774782, 0.00427827052772, 0.00479159224778, 0.0019383415347, 0.000991564476863, 0.00280586234294]
    },
    "spectral_contrast_valleys": {
        "mean": [-7.1030330658, -6.399974823, -7.00856685638, -7.29220104218, -7.43547916412, -10.8870887756],
        "var": [1.27927148342, 0.579784631729, 0.629424154758, 0.673658430576, 0.598684430122, 1.36300086975]
    }
},
"metadata": {
    "audio_properties": {
        "analysis_sample_rate": 44100,
        "bit_rate": 128074,
        "equal_loudness": 0,
        "length": 45.0612258911,
        "lossless": 0,
        "replay_gain": -4.83077049255,
        "sample_rate": 44100,
        "codec": "mp3",
        "downmix": "mix",
        "md5_encoded": "db20af255691830bf7053e41447c8fba"
    },
    "tags": {
        "file_name": "1296.mp3"
    },
    "version": {
        "essentia": "2.1-beta2",
        "essentia_git_sha": "v2.1_beta2",
        "extractor": "music 1.0"
    }
},
"rhythm": {
    "beats_count": 92,
    "beats_loudness": {
        "mean": 0.0390826016665,
        "var": 0.000379554607207
    },
    "bpm": 123.997291565,
    "bpm_histogram_first_peak_bpm": {
        "mean": 123,
        "var": 0
    },
    "bpm_histogram_first_peak_spread": {
        "mean": 0.404494345188,
        "var": 0
    },
    "bpm_histogram_first_peak_weight": {
        "mean": 0.582417607307,
        "var": 0
    },
    "bpm_histogram_second_peak_bpm": {
        "mean": 129,
        "var": 0
    },
    "bpm_histogram_second_peak_spread": {
        "mean": 0,
        "var": 0
    },
    "bpm_histogram_second_peak_weight": {
        "mean": 0.0219780225307,
        "var": 0
    },
    "danceability": 1.29777419567,
    "onset_rate": 3.68221664429,
    "beats_loudness_band_ratio": {
        "mean": [0.577279925346, 0.157488122582, 0.155565515161, 0.0997537747025, 0.0465720370412, 0.0277070049196],
        "var": [0.0469031743705, 0.00799125060439, 0.0238740853965, 0.0115155009553, 0.00134041893762, 0.000446313788416]
    },
    "beats_position": [0.487619042397, 0.986848056316, 1.48607707024, 1.97369611263, 2.46131515503, 2.94893407822, 3.43655323982, 3.92417216301, 4.41179132462, 4.8994102478, 5.38702917099, 5.87464857101, 6.3622674942, 6.83827638626, 7.31428575516, 7.80190467834, 8.28952407837, 8.76553249359, 9.24154186249, 9.71755123138, 10.1935596466, 10.6811790466, 11.1455783844, 11.6331968307, 12.1092061996, 12.5852155685, 13.0728340149, 13.5604534149, 14.0364627838, 14.5240812302, 15.0000905991, 15.4877090454, 15.9753284454, 16.4629478455, 16.9505672455, 17.4381847382, 17.9141941071, 18.4018135071, 18.877822876, 19.3538322449, 19.8414516449, 20.3290691376, 20.8050785065, 21.2926979065, 21.7803173065, 22.2679367065, 22.7555541992, 23.2431735992, 23.7191829681, 24.195192337, 24.6828117371, 25.1704311371, 25.6580486298, 26.1456680298, 26.6332874298, 27.1092967987, 27.5853061676, 28.0729255676, 28.5605430603, 29.0481624603, 29.5357818604, 30.0234012604, 30.4878005981, 30.9754180908, 31.4514274597, 31.9274368286, 32.4150543213, 32.9026756287, 33.3786849976, 33.8546943665, 34.3423118591, 34.818321228, 35.3059387207, 35.7819480896, 36.269569397, 36.7455787659, 37.2331962585, 37.7092056274, 38.1968231201, 38.6844444275, 39.1604537964, 39.6364631653, 40.124080658, 40.6116981506, 41.0877075195, 41.5637168884, 42.0397262573, 42.5157356262, 43.0149650574, 43.50258255, 43.9902038574, 44.4894332886]
},
"tonal": {
    "chords_changes_rate": 0.0884773656726,
    "chords_number_rate": 0.00720164598897,
    "chords_strength": {
        "mean": 0.442141294479,
        "var": 0.00939222145826
    },
    "hpcp_entropy": {
        "mean": 2.26863431931,
        "var": 0.571458160877
    },
    "key_strength": 0.66058576107,
    "tuning_diatonic_strength": 0.454159229994,
    "tuning_equal_tempered_deviation": 0.0863621979952,
    "tuning_frequency": 442.548919678,
    "tuning_nontempered_energy_ratio": 0.711436331272,
    "hpcp": {
        "mean": [0.0986477583647, 0.0951748341322, 0.0999635756016, 0.113710090518, 0.137801811099, 0.274814665318, 0.366449892521, 0.229461550713, 0.101104907691, 0.0769665539265, 0.0713701844215, 0.076068982482, 0.0849386230111, 0.115486450493, 0.197618037462, 0.228300124407, 0.152961999178, 0.111810229719, 0.112185865641, 0.122384704649, 0.309496700764, 0.491200715303, 0.349968880415, 0.171541929245, 0.125072866678, 0.0973348990083, 0.116954177618, 0.155947804451, 0.153786987066, 0.133321151137, 0.116552688181, 0.104188740253, 0.139803215861, 0.144432142377, 0.0913584306836, 0.0838903188705],
        "var": [0.0256161149591, 0.022036915645, 0.0292007997632, 0.0396154746413, 0.044949658215, 0.078978292644, 0.118790149689, 0.0574287064373, 0.0293486025184, 0.0195336099714, 0.0183988288045, 0.01894082129, 0.0261691212654, 0.0350854098797, 0.0578834712505, 0.0760757774115, 0.0513011738658, 0.0319309607148, 0.0295090470463, 0.0326636433601, 0.0828818306327, 0.157611489296, 0.102176487446, 0.0500385798514, 0.0431433208287, 0.0304231792688, 0.0354041196406, 0.0506278090179, 0.0538113676012, 0.0498871989548, 0.0431957356632, 0.0305193662643, 0.0337343327701, 0.0353293791413, 0.0225080456585, 0.021680271253]
    },
    "chords_histogram": [51.1316871643, 3.08641982079, 0.617283940315, 0, 0, 0, 0, 0, 0, 0, 0, 0, 0.308641970158, 0, 0, 0, 2.57201647758, 17.5925922394, 11.6255140305, 7.09876537323, 0.925925910473, 0, 5.04115247726, 0],
    "thpcp": [1, 0.712476313114, 0.349229812622, 0.254626810551, 0.198157072067, 0.238098546863, 0.317482858896, 0.313083797693, 0.271418899298, 0.237281188369, 0.212110325694, 0.284615248442, 0.294038951397, 0.185990020633, 0.170786231756, 0.200829833746, 0.193759560585, 0.203508615494, 0.231494143605, 0.280540734529, 0.559475302696, 0.746028840542, 0.467144161463, 0.20583216846, 0.156690642238, 0.145297393203, 0.154863342643, 0.172920390964, 0.235110506415, 0.402316272259, 0.464779704809, 0.311404258013, 0.227626353502, 0.228391081095, 0.249154165387, 0.630081951618],
    "chords_key": "E",
    "chords_scale": "major",
    "key_key": "E",
    "key_scale": "major"
}
}