{
"lowlevel": {
    "average_loudness": 0.927624285221,
    "barkbands_crest": {
        "mean": 10.3457593918,
        "var": 19.4503479004
    },
    "barkbands_flatness_db": {
        "mean": 0.195155799389,
        "var": 0.00582223478705
    },
    "barkbands_kurtosis": {
        "mean": 7.7061715126,
        "var": 96.5529174805
    },
    "barkbands_skewness": {
        "mean": 1.9437224865,
        "var": 1.31869506836
    },
    "barkbands_spread": {
        "mean": 12.215130806,
        "var": 109.740364075
    },
    "dissonance": {
        "mean": 0.434205770493,
        "var": 0.00208381935954
    },
    "dynamic_complexity": 4.01378154755,
    "erbbands_crest": {
        "mean": 10.1607437134,
        "var": 19.2132759094
    },
    "erbbands_flatness_db": {
        "mean": 0.210567623377,
        "var": 0.00299792713486
    },
    "erbbands_kurtosis": {
        "mean": 2.25126934052,
        "var": 24.1215991974
    },
    "erbbands_skewness": {
        "mean": 1.04006588459,
        "var": 0.981929957867
    },
    "erbbands_spread": {
        "mean": 30.5207862854,
        "var": 300.947509766
    },
    "hfc": {
        "mean": 11.8838186264,
        "var": 120.953544617
    },
    "melbands_crest": {
        "mean": 13.1078243256,
        "var": 22.5866317749
    },
    "melbands_flatness_db": {
        "mean": 0.260913044214,
        "var": 0.00913821719587
    },
    "melbands_kurtosis": {
        "mean": 14.4017648697,
        "var": 264.226837158
    },
    "melbands_skewness": {
        "mean": 2.51764082909,
        "var": 1.87854635715
    },
    "melbands_spread": {
        "mean": 14.5444831848,
        "var": 309.96875
    },
    "pitch_salience": {
        "mean": 0.621956050396,
        "var": 0.0123506207019
    },
    "silence_rate_20dB": {
        "mean": 1,
        "var": 0
    },
    "silence_rate_30dB": {
        "mean": 1,
        "var": 0
    },
    "silence_rate_60dB": {
        "mean": 0.170957773924,
        "var": 0.1417298913
    },
    "spectral_centroid": {
        "mean": 909.700317383,
        "var": 425635
    },
    "spectral_complexity": {
        "mean": 11.6483011246,
        "var": 53.2283096313
    },
    "spectral_decrease": {
        "mean": -5.56309620592e-009,
        "var": 2.44419413669e-017
    },
    "spectral_energy": {
        "mean": 0.022074252367,
        "var": 0.000382367667044
    },
    "spectral_energyband_high": {
        "mean": 0.000233287413721,
        "var": 1.29128039816e-007
    },
    "spectral_energyband_low": {
        "mean": 0.00382557488047,
        "var": 3.00892443192e-005
    },
    "spectral_energyband_middle_high": {
        "mean": 0.00244259391911,
        "var": 9.22191611608e-006
    },
    "spectral_energyband_middle_low": {
        "mean": 0.0170996002853,
        "var": 0.000267326482572
    },
    "spectral_entropy": {
        "mean": 7.00307607651,
        "var": 0.470284849405
    },
    "spectral_flux": {
        "mean": 0.0701619908214,
        "var": 0.00209627440199
    },
    "spectral_kurtosis": {
        "mean": 9.727186203,
        "var": 300.448944092
    },
    "spectral_rms": {
        "mean": 0.00409596785903,
        "var": 4.75892647955e-006
    },
    "spectral_rolloff": {
        "mean": 935.331542969,
        "var": 1192233.125
    },
    "spectral_skewness": {
        "mean": 1.97765958309,
        "var": 1.64936649799
    },
    "spectral_spread": {
        "mean": 3400708.75,
        "var": 2.02648767693e+012
    },
    "spectral_strongpeak": {
        "mean": 1.01179087162,
        "var": 1.06781077385
    },
    "zerocrossingrate": {
        "mean": 0.0407405570149,
        "var": 0.000934469688218
    },
    "barkbands": {
        "mean": [1.00110146377e-005, 0.000663371873088, 0.00174355308991, 0.00205733254552, 0.00375198246911, 0.0026967227459, 0.00515173189342, 0.00163932668511, 0.00146586226765, 0.000737966503948, 0.000241950168856, 0.000411734712543, 0.000301929976558, 0.000316844991175, 0.00011323524086, 9.64030477917e-005, 0.00013079062046, 0.00010984877008, 0.000164000768564, 7.8493518231e-005, 0.000104556660517, 5.23793532921e-005, 1.39384346767e-005, 8.81886990101e-006, 1.01068262666e-005, 1.32159595978e-006, 9.45790219475e-008],
        "var": [1.11656617285e-009, 1.15387979349e-006, 7.87010321801e-006, 1.11947319965e-005, 1.92546649487e-005, 2.28084427363e-005, 0.000131504944875, 1.08450130938e-005, 8.63591048983e-006, 3.26055987898e-006, 3.86083769399e-007, 8.7971739049e-007, 6.04448530339e-007, 8.19282718112e-007, 5.43821983001e-008, 3.64147254572e-008, 2.98642213181e-008, 2.67197108883e-008, 7.31676550458e-008, 1.59991380144e-008, 2.48620874999e-008, 1.26217285512e-008, 8.99366969787e-010, 3.04351432945e-010, 4.99445429458e-010, 1.27014830945e-011, 9.69410234595e-014]
    },
    "erbbands": {
        "mean": [0.0124282268807, 0.19110250473, 1.34110212326, 6.01719045639, 9.0584897995, 12.6863412857, 15.1523075104, 24.3467636108, 65.0941085815, 54.9487915039, 37.8651885986, 32.9351196289, 29.1686534882, 19.1794929504, 10.5543260574, 16.9258270264, 13.8624229431, 15.8056240082, 9.45879459381, 5.57931900024, 5.29885053635, 7.84247159958, 5.62312602997, 9.16546630859, 6.14976263046, 3.37629175186, 4.40981340408, 3.63403105736, 2.21378922462, 0.775273144245, 0.36046475172, 0.172896295786, 0.166782066226, 0.1412422508, 0.0537653714418, 0.00962520297617, 0.0018888397608, 0.000364978041034, 2.09324534808e-005, 2.56791736319e-005],
        "var": [0.000333948148182, 0.0913056656718, 4.32548475266, 88.4953155518, 133.537979126, 282.745239258, 444.716461182, 2234.11962891, 17713.1484375, 12023.375, 4798.95849609, 4862.92333984, 4641.82470703, 3201.51391602, 420.347808838, 1560.1965332, 1187.14660645, 1693.35241699, 451.480377197, 81.1999282837, 69.0732803345, 108.043632507, 53.441280365, 237.848190308, 109.454704285, 25.7997093201, 42.4461975098, 33.1881446838, 20.9429302216, 3.13474464417, 0.577240467072, 0.114149823785, 0.120053984225, 0.0960696786642, 0.0150473304093, 0.000550608790945, 2.81856355286e-005, 1.18081300116e-006, 1.0586161947e-009, 5.03010244568e-010]
    },
    "gfcc": {
        "mean": [-78.1710739136, 134.055114746, -121.543914795, 29.9891395569, -67.2637329102, -13.4512929916, -38.0614738464, -2.06233716011, -26.1525421143, -2.11112451553, -14.7460317612, -8.71206474304, -7.05123186111],
        "cov": [[9493.31152344, -950.886901855, -1337.55615234, -342.157073975, -1070.66784668, 219.455047607, 14.933095932, 322.618133545, -141.072647095, 206.188705444, -2.84022307396, -217.5418396, -110.014785767], [-950.886901855, 1607.48291016, 514.924499512, -276.565246582, 531.874145508, -248.869033813, 126.936943054, -170.465713501, 149.241744995, -195.090576172, 75.3503341675, -127.999664307, 51.1941604614], [-1337.55615234, 514.924499512, 940.176269531, 203.082229614, 340.621582031, -0.0243102442473, -9.99954223633, -92.3788375854, 36.1190261841, -98.162689209, -35.7991256714, 32.3017196655, 25.9508533478], [-342.157073975, -276.565246582, 203.082229614, 524.532043457, 82.9766540527, 92.7954101563, -28.1968402863, 10.89341259, -12.58589077, -16.0521659851, -28.1631889343, 33.8092880249, 34.1263999939], [-1070.66784668, 531.874145508, 340.621582031, 82.9766540527, 477.695495605, -31.7890052795, -16.3595066071, -59.9627227783, 64.4017181396, -60.679813385, 4.40711736679, -31.6958370209, 18.3251190186], [219.455047607, -248.869033813, -0.0243102442473, 92.7954101563, -31.7890052795, 276.866241455, 69.6981201172, 35.3228607178, -69.3174591064, 38.0891113281, -25.3695373535, 12.8834629059, -29.1996135712], [14.933095932, 126.936943054, -9.99954223633, -28.1968402863, -16.3595066071, 69.6981201172, 243.636489868, 65.0915298462, -56.8568916321, -36.4470405579, -31.1720542908, 10.64265728, 15.3042936325], [322.618133545, -170.465713501, -92.3788375854, 10.89341259, -59.9627227783, 35.3228607178, 65.0915298462, 187.388793945, -26.3070316315, 0.00366307189688, -36.7718849182, 18.1051177979, 11.1615991592], [-141.072647095, 149.241744995, 36.1190261841, -12.58589077, 64.4017181396, -69.3174591064, -56.8568916321, -26.3070316315, 115.392494202, 9.41521835327, 19.4137840271, -20.9438095093, 7.58778524399], [206.188705444, -195.090576172, -98.162689209, -16.0521659851, -60.679813385, 38.0891113281, -36.4470405579, 0.00366307189688, 9.41521835327, 121.297935486, 21.3599243164, -21.3010616302, -32.2734718323], [-2.84022307396, 75.3503341675, -35.7991256714, -28.1631889343, 4.40711736679, -25.3695373535, -31.1720542908, -36.7718849182, 19.4137840271, 21.3599243164, 101.680793762, -10.0994472504, -10.6498813629], [-217.5418396, -127.999664307, 32.3017196655, 33.8092880249, -31.6958370209, 12.8834629059, 10.64265728, 18.1051177979, -20.9438095093, -21.3010616302, -10.0994472504, 117.859184265, 27.3725509644], [-110.014785767, 51.1941604614, 25.9508533478, 34.1263999939, 18.3251190186, -29.1996135712, 15.3042936325, 11.1615991592, 7.58778524399, -32.2734718323, -10.6498813629, 27.3725509644, 74.9029464722]],
        "icov": [[0.000193155850866, -0.00031497279997, 0.000213374034502, -0.000140417701914, 0.000562410685234, -0.000284721143544, 0.000392284942791, -0.000365103420336, 0.000201247079531, -0.000189078622498, 0.000196225126274, 0.000202162569622, 6.68572902214e-005], [-0.00031497279997, 0.00561955897138, -0.0020257406868, 0.00321425916627, -0.00418259343132, 0.00220115715638, -0.00491303578019, 0.00284948851913, -0.00364138954319, 0.00527030136436, -0.00394925056025, 0.00424509076402, -0.00207860325463], [0.000213374034502, -0.0020257406868, 0.00249921460636, -0.00158393417951, 0.000695533119142, -0.000952961388975, 0.00174610875547, -0.000425761885708, 0.00105294992682, -0.00111408834346, 0.00202014972456, -0.00194108427968, 0.00112861685921], [-0.000140417701914, 0.00321425916627, -0.00158393417951, 0.0043161935173, -0.0025008993689, 0.000140099247801, -0.00195572129451, 0.00124356115703, -0.00186052150093, 0.00304993381724, -0.0020766723901, 0.00237164553255, -0.00259943353012], [0.000562410685234, -0.00418259343132, 0.000695533119142, -0.0025008993689, 0.00701794680208, -0.00216212077066, 0.00377697055228, -0.00223863986321, 0.0012534186244, -0.00256103789434, 0.00247519114055, -0.00113999343012, 0.00112333055586], [-0.000284721143544, 0.00220115715638, -0.000952961388975, 0.000140099247801, -0.00216212077066, 0.00662107719108, -0.0035379207693, 0.00115301029291, 0.00100894249044, -0.000417612376623, -0.000754320411943, 0.000641570310108, 0.00138099817559], [0.000392284942791, -0.00491303578019, 0.00174610875547, -0.00195572129451, 0.00377697055228, -0.0035379207693, 0.0101835187525, -0.00415559718385, 0.0049975165166, -0.00280415522866, 0.00368597195484, -0.00277571519837, 0.000279434403637], [-0.000365103420336, 0.00284948851913, -0.000425761885708, 0.00124356115703, -0.00223863986321, 0.00115301029291, -0.00415559718385, 0.00853422190994, -0.00195340509526, 0.00218423223123, 0.000117591953313, 0.000925494299736, -0.00151083024684], [0.000201247079531, -0.00364138954319, 0.00105294992682, -0.00186052150093, 0.0012534186244, 0.00100894249044, 0.0049975165166, -0.00195340509526, 0.0149812679738, -0.00563701428473, 0.00171178090386, -0.00133510038722, -0.000591271265876], [-0.000189078622498, 0.00527030136436, -0.00111408834346, 0.00304993381724, -0.00256103789434, -0.000417612376623, -0.00280415522866, 0.00218423223123, -0.00563701428473, 0.0171762797982, -0.00540106277913, 0.00548062473536, 0.00102883519139], [0.000196225126274, -0.00394925056025, 0.00202014972456, -0.0020766723901, 0.00247519114055, -0.000754320411943, 0.00368597195484, 0.000117591953313, 0.00171178090386, -0.00540106277913, 0.0144932502881, -0.00347334868275, 0.00239282124676], [0.000202162569622, 0.00424509076402, -0.00194108427968, 0.00237164553255, -0.00113999343012, 0.000641570310108, -0.00277571519837, 0.000925494299736, -0.00133510038722, 0.00548062473536, -0.00347334868275, 0.0147730279714, -0.00545009830967], [6.68572902214e-005, -0.00207860325463, 0.00112861685921, -0.00259943353012, 0.00112333055586, 0.00138099817559, 0.000279434403637, -0.00151083024684, -0.000591271265876, 0.00102883519139, 0.00239282124676, -0.00545009830967, 0.0189294479787]]
    },
    "melbands": {
        "mean": [0.000155884481501, 0.00057270709658, 0.00103590474464, 0.000866826158017, 0.000507070566528, 0.000538535998203, 0.0010720816208, 0.000558189291041, 0.000296057551168, 0.000202407376491, 0.000138575749588, 7.64600845287e-005, 3.06791298499e-005, 5.13619597768e-005, 3.34239266522e-005, 2.75371930911e-005, 3.1147399568e-005, 1.77616166184e-005, 8.12744838186e-006, 7.00256532582e-006, 5.94368839302e-006, 8.53496385389e-006, 5.52106303076e-006, 5.23400694874e-006, 7.96416225057e-006, 5.09255460202e-006, 3.25772680299e-006, 2.0221491468e-006, 2.67099449047e-006, 2.97035239782e-006, 1.74780677753e-006, 1.35811717428e-006, 7.8082194932e-007, 3.09771934326e-007, 2.2544928413e-007, 1.26805730361e-007, 9.37846706961e-008, 1.13797092638e-007, 1.21268868725e-007, 1.20775609957e-007],
        "var": [5.86446411432e-008, 7.34814875614e-007, 2.18852892431e-006, 1.23667064145e-006, 4.07540738934e-007, 1.05412402718e-006, 5.05906791659e-006, 1.06655591026e-006, 3.1123096278e-007, 1.75216626985e-007, 1.12851815004e-007, 5.57516521837e-008, 4.28522550777e-009, 1.36446738352e-008, 6.58319931901e-009, 5.9037938982e-009, 8.1216695591e-009, 2.09754857927e-009, 2.36157732258e-010, 2.53427778762e-010, 8.77341047034e-011, 1.42630129929e-010, 6.35447805486e-011, 7.18474585382e-011, 2.15632289802e-010, 7.81344364209e-011, 4.7225685168e-011, 8.93069472541e-012, 1.64481293169e-011, 2.3590653736e-011, 8.41321456946e-012, 8.71930999624e-012, 3.6658887731e-012, 5.21439445442e-013, 2.34786582537e-013, 6.4777840752e-014, 3.48521159035e-014, 5.97589198178e-014, 6.84269196752e-014, 7.22185305264e-014]
    },
    "mfcc": {
        "mean": [-717.280273438, 156.186004639, -0.650424718857, 34.3308563232, -9.9734172821, -7.5931634903, -6.4914226532, -11.0065031052, -2.57923674583, -10.5899143219, 0.105249240994, -1.03515386581, -6.77014684677],
        "cov": [[9460.37402344, -991.498901367, -988.667358398, -593.088623047, -1077.47302246, -309.987457275, 25.547958374, -168.023147583, 67.0102462769, 102.138221741, 262.040924072, 78.2098007202, -86.7940673828], [-991.498901367, 1806.70898438, 128.842132568, 10.967171669, 254.416244507, -38.0591659546, 10.4403848648, 15.2187309265, 6.12634754181, -18.372592926, -22.4449329376, 72.1656341553, -74.8479690552], [-988.667358398, 128.842132568, 667.994812012, 191.938568115, 217.76991272, 139.007125854, 14.6596250534, 85.326385498, 5.94861364365, -22.4021873474, -64.4109573364, -27.1570129395, 32.5771064758], [-593.088623047, 10.967171669, 191.938568115, 393.208892822, 194.847259521, 44.800453186, -3.75261950493, 49.3305244446, 43.6064682007, -10.5936279297, -54.3976783752, -36.1222953796, 20.679807663], [-1077.47302246, 254.416244507, 217.76991272, 194.847259521, 508.490112305, 103.871284485, -55.6394271851, 0.770740389824, -24.2498550415, 43.7079849243, -30.7173995972, -47.8641395569, 11.6402540207], [-309.987457275, -38.0591659546, 139.007125854, 44.800453186, 103.871284485, 242.827987671, 56.8330917358, 4.21255493164, -19.1353340149, 10.1746501923, 14.2478961945, -2.40363907814, -4.28234243393], [25.547958374, 10.4403848648, 14.6596250534, -3.75261950493, -55.6394271851, 56.8330917358, 215.917816162, 80.5365066528, 41.0320014954, 30.0453395844, 1.84048163891, 16.071975708, -22.0118961334], [-168.023147583, 15.2187309265, 85.326385498, 49.3305244446, 0.770740389824, 4.21255493164, 80.5365066528, 182.362960815, 66.3437347412, -17.6672763824, -56.034286499, -2.53025555611, 29.0390205383], [67.0102462769, 6.12634754181, 5.94861364365, 43.6064682007, -24.2498550415, -19.1353340149, 41.0320014954, 66.3437347412, 144.706390381, 14.8899879456, -25.8249607086, -9.36160469055, 5.7072262764], [102.138221741, -18.372592926, -22.4021873474, -10.5936279297, 43.7079849243, 10.1746501923, 30.0453395844, -17.6672763824, 14.8899879456, 112.15057373, 35.9286155701, -7.1862912178, -22.4660186768], [262.040924072, -22.4449329376, -64.4109573364, -54.3976783752, -30.7173995972, 14.2478961945, 1.84048163891, -56.034286499, -25.8249607086, 35.9286155701, 107.920188904, 19.5304107666, -26.2252540588], [78.2098007202, 72.1656341553, -27.1570129395, -36.1222953796, -47.8641395569, -2.40363907814, 16.071975708, -2.53025555611, -9.36160469055, -7.1862912178, 19.5304107666, 93.0426177979, -3.83759260178], [-86.7940673828, -74.8479690552, 32.5771064758, 20.679807663, 11.6402540207, -4.28234243393, -22.0118961334, 29.0390205383, 5.7072262764, -22.4660186768, -26.2252540588, -3.83759260178, 86.5610656738]],
        "icov": [[0.000162007214385, 4.10498869314e-005, 0.000102066842373, 3.64725165127e-005, 0.000266576505965, 2.88477003778e-005, 7.51789557398e-005, 2.42347482526e-006, -8.42718291096e-005, -0.000160139505169, -0.000194517342607, 2.25562944252e-005, 4.0757448005e-005], [4.10498869314e-005, 0.000747020647395, -0.000108231928607, 0.000263931491645, -0.00059534428874, 0.000446346821263, -0.000192394611076, 4.12189219787e-005, -0.000254484009929, 0.000474340689834, 4.02127843699e-005, -0.000766907585785, 0.000822235655505], [0.000102066842373, -0.000108231928607, 0.00227060122415, -0.000578099105041, -0.000177961643203, -0.00106027210131, 0.000265996641247, -0.000814439496025, 0.000255126040429, 4.96188513353e-005, 0.000401163008064, 0.000183589552762, -0.000269593234407], [3.64725165127e-005, 0.000263931491645, -0.000578099105041, 0.00379900168628, -0.00142759887967, 0.000216360058403, -0.000240349530941, 6.27827539574e-005, -0.00131552887615, 0.000924351043068, 0.000521269219462, 0.000222645292524, 0.000189696103917], [0.000266576505965, -0.00059534428874, -0.000177961643203, -0.00142759887967, 0.00441282615066, -0.00148454960436, 0.00170242716558, -0.000389575929148, 0.00107483949978, -0.00294118747115, 0.000483251264086, 0.00131451641209, -0.000572237418965], [2.88477003778e-005, 0.000446346821263, -0.00106027210131, 0.000216360058403, -0.00148454960436, 0.0060448339209, -0.00241289124824, 0.000857034465298, 0.000399971875595, 0.00107344123535, -0.00139294669498, -0.000340592348948, 0.000174915738171], [7.51789557398e-005, -0.000192394611076, 0.000265996641247, -0.000240349530941, 0.00170242716558, -0.00241289124824, 0.00785668753088, -0.00392171088606, -0.000275704573141, -0.00281762774102, -4.40812618763e-005, -0.000730609928723, 0.00207271287218], [2.42347482526e-006, 4.12189219787e-005, -0.000814439496025, 6.27827539574e-005, -0.000389575929148, 0.000857034465298, -0.00392171088606, 0.0100770080462, -0.00302080763504, 0.0015219161287, 0.00284877186641, -0.000362147053238, -0.00251227035187], [-8.42718291096e-005, -0.000254484009929, 0.000255126040429, -0.00131552887615, 0.00107483949978, 0.000399971875595, -0.000275704573141, -0.00302080763504, 0.00959606841207, -0.00255520222709, 0.00129014742561, 0.000852480239701, -0.000134940593853], [-0.000160139505169, 0.000474340689834, 4.96188513353e-005, 0.000924351043068, -0.00294118747115, 0.00107344123535, -0.00281762774102, 0.0015219161287, -0.00255520222709, 0.0132719585672, -0.00392942037433, 0.000845414528158, 0.0016916920431], [-0.000194517342607, 4.02127843699e-005, 0.000401163008064, 0.000521269219462, 0.000483251264086, -0.00139294669498, -4.40812618763e-005, 0.00284877186641, 0.00129014742561, -0.00392942037433, 0.0145014729351, -0.00240030698478, 0.00164559134282], [2.25562944252e-005, -0.000766907585785, 0.000183589552762, 0.000222645292524, 0.00131451641209, -0.000340592348948, -0.000730609928723, -0.000362147053238, 0.000852480239701, 0.000845414528158, -0.00240030698478, 0.012860509567, -0.00101456488483], [4.0757448005e-005, 0.000822235655505, -0.000269593234407, 0.000189696103917, -0.000572237418965, 0.000174915738171, 0.00207271287218, -0.00251227035187, -0.000134940593853, 0.0016916920431, 0.00164559134282, -0.00101456488483, 0.0147175453603]]
    },
    "spectral_contrast_coeffs": {
        "mean": [-0.582545101643, -0.690854132175, -0.768346130848, -0.788857758045, -0.792118728161, -0.735161602497],
        "var": [0.00695068761706, 0.0100474106148, 0.00608290918171, 0.00540536269546, 0.00295284274034, 0.00243739970028]
    },
    "spectral_contrast_valleys": {
        "mean": [-7.88577413559, -6.86897563934, -7.88325214386, -8.53653526306, -8.34237766266, -11.5001506805],
        "var": [1.1890308857, 1.21339261532, 1.29074454308, 1.09170269966, 1.32702672482, 1.61679685116]
    }
},
"metadata": {
    "audio_properties": {
        "analysis_sample_rate": 44100,
        "bit_rate": 128074,
        "equal_loudness": 0,
        "length": 45.0612258911,
        "lossless": 0,
        "replay_gain": -5.83334159851,
        "sample_rate": 44100,
        "codec": "mp3",
        "downmix": "mix",
        "md5_encoded": "fcab0d82aadad99c716477904135dd1b"
    },
    "tags": {
        "file_name": "1297.mp3"
    },
    "version": {
        "essentia": "2.1-beta2",
        "essentia_git_sha": "v2.1_beta2",
        "extractor": "music 1.0"
    }
},
"rhythm": {
    "beats_count": 104,
    "beats_loudness": {
        "mean": 0.0389807149768,
        "var": 0.000316476944136
    },
    "bpm": 139.328781128,
    "bpm_histogram_first_peak_bpm": {
        "mean": 140,
        "var": 0
    },
    "bpm_histogram_first_peak_spread": {
        "mean": 0.505263149738,
        "var": 0
    },
    "bpm_histogram_first_peak_weight": {
        "mean": 0.456310689449,
        "var": 0
    },
    "bpm_histogram_second_peak_bpm": {
        "mean": 148,
        "var": 0
    },
    "bpm_histogram_second_peak_spread": {
        "mean": 0,
        "var": 0
    },
    "bpm_histogram_second_peak_weight": {
        "mean": 0.0485436879098,
        "var": 0
    },
    "danceability": 1.3029845953,
    "onset_rate": 3.12766575813,
    "beats_loudness_band_ratio": {
        "mean": [0.216425031424, 0.274770498276, 0.397835195065, 0.115026682615, 0.0338346362114, 0.0289408434182],
        "var": [0.0265675019473, 0.0197974778712, 0.0344234295189, 0.00643924623728, 0.000580789579544, 0.00181531591807]
    },
    "beats_position": [0.383129239082, 0.789478421211, 1.19582760334, 1.6137868166, 2.04335594177, 2.47292518616, 2.90249419212, 3.33206343651, 3.76163268089, 4.19120168686, 4.63238096237, 5.06195020676, 5.47990942001, 5.89786815643, 6.33904743195, 6.78022670746, 7.19818592072, 7.63936471939, 8.05732440948, 8.48689365387, 8.91646194458, 9.34603118896, 9.77560043335, 10.1935596466, 10.6347389221, 11.0526981354, 11.4706573486, 11.8886165619, 12.3065757751, 12.7477550507, 13.177324295, 13.6301136017, 14.0596818924, 14.4892511368, 14.90721035, 15.3251695633, 15.7547388077, 16.1843090057, 16.6254863739, 17.0666656494, 17.4962348938, 17.9374141693, 18.3669834137, 18.784942627, 19.2261219025, 19.667301178, 20.0968704224, 20.5380496979, 20.9676189423, 21.4087982178, 21.8383674622, 22.2679367065, 22.6858959198, 23.1270751953, 23.5682544708, 24.009431839, 24.4506111145, 24.8801803589, 25.3097496033, 25.7509288788, 26.1921081543, 26.6216773987, 27.0744667053, 27.5156459808, 27.9568252563, 28.3863945007, 28.8159637451, 29.2455329895, 29.686712265, 30.1162815094, 30.5458488464, 30.9754180908, 31.4049873352, 31.8345565796, 32.2757377625, 32.7053070068, 33.1348762512, 33.5644454956, 33.99401474, 34.4351921082, 34.8647613525, 35.2943305969, 35.7355079651, 36.1650772095, 36.6062583923, 37.0474357605, 37.4886169434, 37.94140625, 38.3709754944, 38.7889328003, 39.1952819824, 39.6016311646, 40.0079803467, 40.4375495911, 40.8555107117, 41.2850799561, 41.703037262, 42.1326065063, 42.5621757507, 42.9801368713, 43.3980941772, 43.8276634216, 44.257232666, 44.6984100342]
},
"tonal": {
    "chords_changes_rate": 0.12037037313,
    "chords_number_rate": 0.0123456791043,
    "chords_strength": {
        "mean": 0.488980174065,
        "var": 0.00862158183008
    },
    "hpcp_entropy": {
        "mean": 1.8933480978,
        "var": 0.650652110577
    },
    "key_strength": 0.716890573502,
    "tuning_diatonic_strength": 0.51671564579,
    "tuning_equal_tempered_deviation": 0.0485277362168,
    "tuning_frequency": 453.416503906,
    "tuning_nontempered_energy_ratio": 0.777580857277,
    "hpcp": {
        "mean": [0.23404198885, 0.199190884829, 0.112998507917, 0.0794192105532, 0.0740763396025, 0.0849922522902, 0.103022262454, 0.107260890305, 0.13283033669, 0.174756973982, 0.186855688691, 0.274653583765, 0.320196121931, 0.202378451824, 0.147698894143, 0.156260952353, 0.119703479111, 0.117968253791, 0.143453165889, 0.108577117324, 0.0795336067677, 0.0887049734592, 0.0856427624822, 0.0845944285393, 0.0877763479948, 0.103226594627, 0.166694387794, 0.182661160827, 0.119727067649, 0.0898562520742, 0.0933600738645, 0.105318285525, 0.15776860714, 0.198944985867, 0.155683964491, 0.162297949195],
        "var": [0.10328425467, 0.0892184227705, 0.0416105091572, 0.0264266338199, 0.0243708249182, 0.0326853953302, 0.0456115230918, 0.0424146726727, 0.0507210046053, 0.0789164155722, 0.0643131360412, 0.102084882557, 0.145091146231, 0.0643089562654, 0.0598331466317, 0.0787216648459, 0.0425678603351, 0.040478348732, 0.0620803572237, 0.0405289120972, 0.0241153743118, 0.0290532484651, 0.0256433188915, 0.0303587373346, 0.0347093008459, 0.0344669856131, 0.057832274586, 0.0705021619797, 0.0372088551521, 0.029801947996, 0.0345471724868, 0.035147767514, 0.0527705848217, 0.0726529657841, 0.0471203923225, 0.0600980818272]
    },
    "chords_histogram": [32.7160491943, 2.26337456703, 0.308641970158, 0, 0, 0, 0, 9.05349826813, 0, 3.49794244766, 5.14403295517, 6.27572011948, 7.51028823853, 0, 0, 0, 0.411522626877, 6.58436203003, 7.81893014908, 3.70370364189, 0, 2.36625504494, 0.823045253754, 11.5226335526],
    "thpcp": [1, 0.632045269012, 0.461276322603, 0.488016366959, 0.373844236135, 0.368424981833, 0.448016554117, 0.339095652103, 0.248390287161, 0.277033239603, 0.267469704151, 0.264195680618, 0.274133086205, 0.322385519743, 0.520600914955, 0.570466518402, 0.373917907476, 0.280628800392, 0.291571527719, 0.328918039799, 0.49272492528, 0.621322274208, 0.486214399338, 0.506870448589, 0.730933248997, 0.622090220451, 0.352904051542, 0.24803301692, 0.231346771121, 0.265438109636, 0.321747362614, 0.334984987974, 0.414840549231, 0.54578101635, 0.583566367626, 0.857766747475],
    "chords_key": "F#",
    "chords_scale": "minor",
    "key_key": "F#",
    "key_scale": "minor"
}
}