{
"lowlevel": {
    "average_loudness": 0.952469527721,
    "barkbands_crest": {
        "mean": 9.73831748962,
        "var": 8.40024280548
    },
    "barkbands_flatness_db": {
        "mean": 0.233185127378,
        "var": 0.00222122855484
    },
    "barkbands_kurtosis": {
        "mean": 3.18186950684,
        "var": 8.19636726379
    },
    "barkbands_skewness": {
        "mean": 1.49775958061,
        "var": 0.360521405935
    },
    "barkbands_spread": {
        "mean": 9.39110279083,
        "var": 19.0007762909
    },
    "dissonance": {
        "mean": 0.450571388006,
        "var": 0.00111448124517
    },
    "dynamic_complexity": 2.66408586502,
    "erbbands_crest": {
        "mean": 10.6910219193,
        "var": 14.798116684
    },
    "erbbands_flatness_db": {
        "mean": 0.288936138153,
        "var": 0.00194963731337
    },
    "erbbands_kurtosis": {
        "mean": 0.974223256111,
        "var": 2.3642013073
    },
    "erbbands_skewness": {
        "mean": 0.918102502823,
        "var": 0.224276781082
    },
    "erbbands_spread": {
        "mean": 19.5174369812,
        "var": 54.9902267456
    },
    "hfc": {
        "mean": 15.8440752029,
        "var": 184.12677002
    },
    "melbands_crest": {
        "mean": 11.6224451065,
        "var": 14.3861732483
    },
    "melbands_flatness_db": {
        "mean": 0.254949450493,
        "var": 0.0037161053624
    },
    "melbands_kurtosis": {
        "mean": 6.0017914772,
        "var": 21.2361106873
    },
    "melbands_skewness": {
        "mean": 1.7841258049,
        "var": 0.542161881924
    },
    "melbands_spread": {
        "mean": 13.0412874222,
        "var": 44.7796707153
    },
    "pitch_salience": {
        "mean": 0.600012302399,
        "var": 0.00792947504669
    },
    "silence_rate_20dB": {
        "mean": 1,
        "var": 0
    },
    "silence_rate_30dB": {
        "mean": 0.999485075474,
        "var": 0.000514666957315
    },
    "silence_rate_60dB": {
        "mean": 0.0391349121928,
        "var": 0.0376025512815
    },
    "spectral_centroid": {
        "mean": 998.712341309,
        "var": 144582.28125
    },
    "spectral_complexity": {
        "mean": 16.4876422882,
        "var": 29.1911773682
    },
    "spectral_decrease": {
        "mean": -4.93731722173e-009,
        "var": 1.72424541372e-017
    },
    "spectral_energy": {
        "mean": 0.0200716517866,
        "var": 0.000283279194264
    },
    "spectral_energyband_high": {
        "mean": 0.000199948175577,
        "var": 1.13322677464e-007
    },
    "spectral_energyband_low": {
        "mean": 1.1520971384e-005,
        "var": 1.35183850225e-010
    },
    "spectral_energyband_middle_high": {
        "mean": 0.00527285318822,
        "var": 2.70149157586e-005
    },
    "spectral_energyband_middle_low": {
        "mean": 0.0147377848625,
        "var": 0.000181404073373
    },
    "spectral_entropy": {
        "mean": 6.87466144562,
        "var": 0.156352370977
    },
    "spectral_flux": {
        "mean": 0.0573493540287,
        "var": 0.00144508422818
    },
    "spectral_kurtosis": {
        "mean": 11.7900390625,
        "var": 151.345870972
    },
    "spectral_rms": {
        "mean": 0.00409271521494,
        "var": 2.8317961096e-006
    },
    "spectral_rolloff": {
        "mean": 1103.32409668,
        "var": 352003.78125
    },
    "spectral_skewness": {
        "mean": 2.12488126755,
        "var": 0.858815968037
    },
    "spectral_spread": {
        "mean": 2434666.5,
        "var": 1.35347031245e+012
    },
    "spectral_strongpeak": {
        "mean": 1.58875286579,
        "var": 1.27323937416
    },
    "zerocrossingrate": {
        "mean": 0.0449010059237,
        "var": 0.000279711181065
    },
    "barkbands": {
        "mean": [1.54444592226e-007, 8.748639857e-007, 2.03523222808e-006, 2.44364473474e-005, 0.000934586452786, 0.00383243104443, 0.00366179365665, 0.00230767112225, 0.00368630350567, 0.00111934228335, 0.00123966741376, 0.000915492186323, 0.000527937721927, 0.000393359077862, 0.000157326765475, 0.000367036322132, 0.000286041322397, 0.00024127944198, 0.000122132027172, 9.98235991574e-005, 6.87923311489e-005, 4.35165857198e-005, 2.38029806496e-005, 1.30890421133e-005, 2.03238755603e-006, 6.5847427777e-007, 6.46979714247e-008],
        "var": [3.14544885364e-013, 6.04524720213e-012, 1.13429543536e-011, 8.50152115373e-010, 1.86268107427e-006, 2.3110962502e-005, 4.88805999339e-005, 1.39667672556e-005, 2.07136145036e-005, 1.78442803644e-006, 3.93813843402e-006, 7.3758956205e-006, 1.32582590595e-006, 5.99234567744e-007, 3.68868775524e-008, 3.42924494134e-007, 3.1541617318e-007, 1.06964513691e-007, 4.22885833018e-008, 2.58497845351e-008, 1.56308708199e-008, 8.76736017119e-009, 4.22845047865e-009, 1.90183468973e-009, 4.05579285434e-011, 6.75598292588e-012, 2.911098283e-013]
    },
    "erbbands": {
        "mean": [2.6251991585e-005, 0.000269997224677, 0.00267905835062, 0.0578165352345, 0.992273449898, 4.24501371384, 11.5891256332, 34.9169616699, 62.1043548584, 30.1794052124, 67.1976089478, 87.2782363892, 54.87890625, 42.7924537659, 50.9089431763, 33.8996772766, 26.4983768463, 25.6107978821, 8.86745166779, 10.7488279343, 23.6216468811, 15.8930006027, 14.1512002945, 8.17097949982, 6.39352607727, 5.09133577347, 3.46170067787, 2.18472647667, 1.75227272511, 0.967748999596, 0.692033052444, 0.360456049442, 0.190571457148, 0.0360848642886, 0.0100902924314, 0.00352665735409, 0.000912339077331, 0.000271017692285, 1.77337369678e-005, 2.38856227952e-005],
        "var": [3.8160314908e-009, 3.95112863316e-007, 1.19787291624e-005, 0.00574527448043, 6.25703573227, 30.9010772705, 129.406204224, 2691.31079102, 13559.1142578, 1022.82348633, 10148.3232422, 9134.9921875, 5718.55419922, 3258.9074707, 6901.06201172, 6608.77294922, 2951.87792969, 2419.89111328, 109.984466553, 250.418014526, 1494.85986328, 906.810668945, 373.838928223, 137.947555542, 110.30493927, 77.5273666382, 41.6454582214, 18.9460659027, 13.165971756, 9.25245666504, 4.09748744965, 1.34112393856, 0.484131127596, 0.0129378354177, 0.000969862798229, 0.000141541750054, 1.67527250596e-005, 2.94987444249e-006, 2.58740384673e-009, 3.9985534328e-010]
    },
    "gfcc": {
        "mean": [-87.4521331787, 118.570114136, -204.000839233, -28.0914382935, -98.5956726074, -44.3168716431, -46.243057251, -18.3019313812, -21.6069488525, -17.4059143066, -10.8141078949, -4.8155298233, -1.32240843773],
        "cov": [[5007.34472656, -1517.54101563, -336.741729736, 858.799560547, -852.559631348, 576.407165527, -172.7237854, -5.80249834061, -68.0678787231, -13.5872211456, 99.8016815186, 43.8364715576, -88.1764221191], [-1517.54101563, 1072.00732422, 38.2448120117, -418.397949219, 403.459075928, -402.907928467, 165.450088501, -80.2467880249, 111.58870697, -63.3562469482, -52.2242507935, -45.5925598145, 48.9183731079], [-336.741729736, 38.2448120117, 442.982849121, -70.5145645142, 59.3618011475, 66.5108261108, -91.5493392944, 109.317131042, -40.9893989563, 14.4136819839, -52.3997497559, 37.8422088623, -51.8209266663], [858.799560547, -418.397949219, -70.5145645142, 379.729949951, -194.661422729, 153.93888855, -25.6487407684, -25.0075531006, -8.66445350647, 3.35680937767, 40.5523223877, 10.3952445984, -11.7196569443], [-852.559631348, 403.459075928, 59.3618011475, -194.661422729, 270.95501709, -129.406784058, 58.1673049927, -1.39573216438, 0.359304636717, -0.753216922283, -48.7777252197, -3.55749487877, -1.94168269634], [576.407165527, -402.907928467, 66.5108261108, 153.93888855, -129.406784058, 305.300750732, -66.3843460083, 37.6782913208, -59.4918518066, 45.5554237366, 20.40325737, 9.96677017212, -18.7253646851], [-172.7237854, 165.450088501, -91.5493392944, -25.6487407684, 58.1673049927, -66.3843460083, 122.398406982, -35.4668273926, 30.58086586, -6.46603679657, -2.53663825989, -13.1519212723, 4.2328619957], [-5.80249834061, -80.2467880249, 109.317131042, -25.0075531006, -1.39573216438, 37.6782913208, -35.4668273926, 117.200157166, -10.0669717789, -6.08014392853, -20.0020523071, 12.1343069077, -16.3908405304], [-68.0678787231, 111.58870697, -40.9893989563, -8.66445350647, 0.359304636717, -59.4918518066, 30.58086586, -10.0669717789, 103.634254456, -11.2623968124, -3.71580576897, -7.37171316147, 20.1846485138], [-13.5872211456, -63.3562469482, 14.4136819839, 3.35680937767, -0.753216922283, 45.5554237366, -6.46603679657, -6.08014392853, -11.2623968124, 78.9154434204, 10.4673528671, 2.83674812317, 5.34090137482], [99.8016815186, -52.2242507935, -52.3997497559, 40.5523223877, -48.7777252197, 20.40325737, -2.53663825989, -20.0020523071, -3.71580576897, 10.4673528671, 82.8388137817, 5.52132940292, 11.5443239212], [43.8364715576, -45.5925598145, 37.8422088623, 10.3952445984, -3.55749487877, 9.96677017212, -13.1519212723, 12.1343069077, -7.37171316147, 2.83674812317, 5.52132940292, 61.2957458496, -2.55493593216], [-88.1764221191, 48.9183731079, -51.8209266663, -11.7196569443, -1.94168269634, -18.7253646851, 4.2328619957, -16.3908405304, 20.1846485138, 5.34090137482, 11.5443239212, -2.55493593216, 71.1243209839]],
        "icov": [[0.000634688476566, -0.000665209779982, 0.000896510668099, -0.000730543513782, 0.00195766240358, -0.000706049380824, 0.000586294569075, -0.000547599745914, 0.000504381838255, -0.000220753703616, 0.000897546939086, -0.000876446662005, 0.00117993471213], [-0.000665209779982, 0.0110975243151, -0.00597472721711, 0.00513390498236, -0.010466568172, 0.00532852485776, -0.00647371681407, 0.00786157511175, -0.00634443806484, 0.00651671783999, -0.00491406954825, 0.00624366337433, -0.00631744600832], [0.000896510668099, -0.00597472721711, 0.00795174762607, -0.00276284106076, 0.0055006952025, -0.00389928696677, 0.00634239334613, -0.00653104297817, 0.00329336058348, -0.00400966824964, 0.00450260564685, -0.0054827015847, 0.00623885169625], [-0.000730543513782, 0.00513390498236, -0.00276284106076, 0.00760502694175, -0.0030626996886, 0.000944469182286, -0.00369528261945, 0.00509133795276, -0.00339737976901, 0.0036505360622, -0.00269425008446, 0.00218874309212, -0.00243234448135], [0.00195766240358, -0.010466568172, 0.0055006952025, -0.0030626996886, 0.0208243299276, -0.00410860590637, 0.00304159452207, -0.00678347237408, 0.00806925538927, -0.00685043167323, 0.00842818059027, -0.00735020171851, 0.0074637979269], [-0.000706049380824, 0.00532852485776, -0.00389928696677, 0.000944469182286, -0.00410860590637, 0.00916696339846, -0.00274059851654, 0.00220237392932, -0.000513824867085, -0.000175741166458, -0.00272730132565, 0.00400824006647, -0.00350798945874], [0.000586294569075, -0.00647371681407, 0.00634239334613, -0.00369528261945, 0.00304159452207, -0.00274059851654, 0.0168309509754, -0.00349273323081, 0.000908593530767, -0.00395241519436, 0.00307372258976, -0.00332615897059, 0.00616702018306], [-0.000547599745914, 0.00786157511175, -0.00653104297817, 0.00509133795276, -0.00678347237408, 0.00220237392932, -0.00349273323081, 0.0178561154753, -0.00529825268313, 0.00660465518013, -0.00211126753129, 0.00346008013003, -0.00381339201704], [0.000504381838255, -0.00634443806484, 0.00329336058348, -0.00339737976901, 0.00806925538927, -0.000513824867085, 0.000908593530767, -0.00529825268313, 0.0161610543728, -0.00358718214557, 0.00406451849267, -0.00297453044914, 0.000554977043066], [-0.000220753703616, 0.00651671783999, -0.00400966824964, 0.0036505360622, -0.00685043167323, -0.000175741166458, -0.00395241519436, 0.00660465518013, -0.00358718214557, 0.0189823806286, -0.0045281178318, 0.00322194490582, -0.00510840164497], [0.000897546939086, -0.00491406954825, 0.00450260564685, -0.00269425008446, 0.00842818059027, -0.00272730132565, 0.00307372258976, -0.00211126753129, 0.00406451849267, -0.0045281178318, 0.0180853810161, -0.005447674077, 0.00222715246491], [-0.000876446662005, 0.00624366337433, -0.0054827015847, 0.00218874309212, -0.00735020171851, 0.00400824006647, -0.00332615897059, 0.00346008013003, -0.00297453044914, 0.00322194490582, -0.005447674077, 0.0219019185752, -0.00489175692201], [0.00117993471213, -0.00631744600832, 0.00623885169625, -0.00243234448135, 0.0074637979269, -0.00350798945874, 0.00616702018306, -0.00381339201704, 0.000554977043066, -0.00510840164497, 0.00222715246491, -0.00489175692201, 0.0217358265072]]
    },
    "melbands": {
        "mean": [2.27748245152e-007, 6.77920411363e-007, 1.94389940589e-005, 0.000194793159608, 0.000367332133465, 0.000808161916211, 0.0009061783785, 0.000303885317408, 0.000573424447794, 0.000534049002454, 0.000263684371021, 0.0001655525557, 0.000186841643881, 0.000119018339319, 4.30050240539e-005, 7.17551884009e-005, 4.12281769968e-005, 1.35573300213e-005, 1.01790756162e-005, 1.87398491107e-005, 2.75158872682e-005, 1.68540900631e-005, 1.35579266498e-005, 1.14720178317e-005, 5.93905906499e-006, 4.58643762613e-006, 3.93780828745e-006, 3.15136617246e-006, 2.43764884544e-006, 1.24247492295e-006, 1.36852554533e-006, 1.06685138235e-006, 6.89516639341e-007, 4.58955582872e-007, 4.58472868559e-007, 2.69150120857e-007, 1.92933072185e-007, 1.44426678617e-007, 7.33938350095e-008, 1.62621471844e-008],
        "var": [4.00422642093e-013, 1.3838334775e-012, 1.52985402124e-009, 1.30909754148e-007, 1.13095232734e-007, 1.20129561765e-006, 2.88651244773e-006, 8.11516756016e-008, 5.87633849136e-007, 4.02127966481e-007, 1.50238264496e-007, 5.29200505639e-008, 9.11081912136e-008, 1.29772303126e-007, 8.08287481391e-009, 2.37350992194e-008, 6.69578836821e-009, 2.93201823931e-010, 1.82398110504e-010, 6.05236749607e-010, 2.33463848254e-009, 1.48375600695e-009, 5.90184678906e-010, 2.4130880627e-010, 9.44029437955e-011, 6.44671607763e-011, 4.47770640011e-011, 3.34129668378e-011, 2.16758156563e-011, 8.4401851827e-012, 1.09935194628e-011, 4.92248299414e-012, 3.53568498264e-012, 2.67357642102e-012, 2.10305644427e-012, 8.31022750614e-013, 4.73761925957e-013, 3.06852958841e-013, 6.89507519548e-014, 2.55655634602e-015]
    },
    "mfcc": {
        "mean": [-705.993164063, 151.913696289, -67.5304794312, -11.6719799042, -50.0980758667, -39.1214866638, -36.9672775269, -19.5625743866, -20.8509521484, -18.8604640961, -18.23787117, -8.8484172821, -9.40326404572],
        "cov": [[4844.21826172, -1883.98522949, 143.276580811, 284.935974121, -447.813110352, 441.788970947, -132.05166626, 226.917755127, -232.764556885, 61.8632698059, -6.86164855957, 130.136291504, -56.0994529724], [-1883.98522949, 1357.32263184, -201.09324646, -80.2898254395, 136.555206299, -222.912033081, 17.5621490479, -94.1260147095, 144.188873291, -41.8382034302, 56.0503311157, -105.010269165, -15.9976625443], [143.276580811, -201.09324646, 394.807952881, -63.5642318726, 103.489860535, 18.2482738495, -3.40923833847, 77.0893707275, -28.3206214905, 36.6615600586, 0.870895564556, 13.4074716568, 9.42764568329], [284.935974121, -80.2898254395, -63.5642318726, 225.652908325, -73.0212173462, 45.2270126343, -30.8331871033, 10.047328949, -11.465098381, -11.4508800507, 6.96996879578, 8.14392185211, 4.34695911407], [-447.813110352, 136.555206299, 103.489860535, -73.0212173462, 174.451797485, -37.3739929199, 38.3906555176, 10.4989023209, 24.2065906525, 8.23659038544, -8.61719226837, -3.91540932655, 3.87632417679], [441.788970947, -222.912033081, 18.2482738495, 45.2270126343, -37.3739929199, 202.42388916, 23.7581176758, 1.83295667171, -11.6221256256, 4.50037717819, 26.6256713867, 18.8973503113, 6.25886821747], [-132.05166626, 17.5621490479, -3.40923833847, -30.8331871033, 38.3906555176, 23.7581176758, 123.245552063, -2.27198028564, 1.07408440113, 3.69941687584, 0.662098169327, 9.00197792053, 11.2691688538], [226.917755127, -94.1260147095, 77.0893707275, 10.047328949, 10.4989023209, 1.83295667171, -2.27198028564, 116.544204712, 0.103586249053, 0.998321413994, 14.4467992783, 12.4897298813, 0.306633591652], [-232.764556885, 144.188873291, -28.3206214905, -11.465098381, 24.2065906525, -11.6221256256, 1.07408440113, 0.103586249053, 101.909927368, 15.6408929825, 7.62404918671, -15.2538251877, -2.51227140427], [61.8632698059, -41.8382034302, 36.6615600586, -11.4508800507, 8.23659038544, 4.50037717819, 3.69941687584, 0.998321413994, 15.6408929825, 70.8398895264, 0.920737266541, -1.465747118, -1.69310116768], [-6.86164855957, 56.0503311157, 0.870895564556, 6.96996879578, -8.61719226837, 26.6256713867, 0.662098169327, 14.4467992783, 7.62404918671, 0.920737266541, 79.7508392334, -0.229078367352, 1.75570106506], [130.136291504, -105.010269165, 13.4074716568, 8.14392185211, -3.91540932655, 18.8973503113, 9.00197792053, 12.4897298813, -15.2538251877, -1.465747118, -0.229078367352, 75.921043396, 21.550163269], [-56.0994529724, -15.9976625443, 9.42764568329, 4.34695911407, 3.87632417679, 6.25886821747, 11.2691688538, 0.306633591652, -2.51227140427, -1.69310116768, 1.75570106506, 21.550163269, 72.2708282471]],
        "icov": [[0.000705080921762, 0.000635393196717, 7.93181170593e-005, -0.000100877950899, 0.000995294074528, -0.000659547396936, 0.000397739640903, -0.000969935790636, 0.000474836997455, -0.000470784725621, 6.72746973578e-005, -0.000107370207843, 0.000665370956995], [0.000635393196717, 0.00225158710964, 0.000718309660442, -0.000138173199957, -0.000398647272959, 0.00100107945036, 0.000147168640979, 0.00023213023087, -0.00110875093378, 0.00065836624708, -0.00185250618961, 0.00123885215726, 0.000469459075248], [7.93181170593e-005, 0.000718309660442, 0.00462517607957, 0.000833058555145, -0.00317787658423, -0.000557551102247, 0.00142726220656, -0.00237121409737, 0.00162471167278, -0.00189419800881, -0.000479778536828, 0.000600784551352, -0.000582028296776], [-0.000100877950899, -0.000138173199957, 0.000833058555145, 0.00562587706372, 0.00122455111705, -0.00116369512398, 0.00122350989841, -0.00103881664108, 0.000294042401947, 0.000280084175756, 0.000269190728432, -0.000138775692903, -0.00065559905488], [0.000995294074528, -0.000398647272959, -0.00317787658423, 0.00122455111705, 0.0116958543658, -0.000408872059779, -0.00225900975056, -0.00149135908578, -0.000957691518124, -0.000270204240223, 0.00205156137235, -0.00109274918213, 0.00102828477975], [-0.000659547396936, 0.00100107945036, -0.000557551102247, -0.00116369512398, -0.000408872059779, 0.00833574403077, -0.00255835847929, 0.00285518029705, -0.00204387842678, 0.00137263338547, -0.00378511706367, 0.000214509462239, -0.000471707084216], [0.000397739640903, 0.000147168640979, 0.00142726220656, 0.00122350989841, -0.00225900975056, -0.00255835847929, 0.0102058183402, -0.00121690053493, 0.00138169550337, -0.00124186580069, 0.000453760876553, -0.000839615124278, -0.000903684704099], [-0.000969935790636, 0.00023213023087, -0.00237121409737, -0.00103881664108, -0.00149135908578, 0.00285518029705, -0.00121690053493, 0.0128533001989, -0.00290485098958, 0.00258424459025, -0.00331478612497, -0.000760797585826, -9.48234155658e-005], [0.000474836997455, -0.00110875093378, 0.00162471167278, 0.000294042401947, -0.000957691518124, -0.00204387842678, 0.00138169550337, -0.00290485098958, 0.0137198446319, -0.00467319786549, 0.000613882788457, 0.00076321081724, 4.3735421059e-005], [-0.000470784725621, 0.00065836624708, -0.00189419800881, 0.000280084175756, -0.000270204240223, 0.00137263338547, -0.00124186580069, 0.00258424459025, -0.00467319786549, 0.0169803854078, -0.00120242650155, 0.00073582038749, 0.000133992303745], [6.72746973578e-005, -0.00185250618961, -0.000479778536828, 0.000269190728432, 0.00205156137235, -0.00378511706367, 0.000453760876553, -0.00331478612497, 0.000613882788457, -0.00120242650155, 0.0158697087318, -0.000852380821016, -0.000288565031951], [-0.000107370207843, 0.00123885215726, 0.000600784551352, -0.000138775692903, -0.00109274918213, 0.000214509462239, -0.000839615124278, -0.000760797585826, 0.00076321081724, 0.00073582038749, -0.000852380821016, 0.0165572259575, -0.0045776180923], [0.000665370956995, 0.000469459075248, -0.000582028296776, -0.00065559905488, 0.00102828477975, -0.000471707084216, -0.000903684704099, -9.48234155658e-005, 4.3735421059e-005, 0.000133992303745, -0.000288565031951, -0.0045776180923, 0.0160762686282]]
    },
    "spectral_contrast_coeffs": {
        "mean": [-0.463519513607, -0.695714056492, -0.693660378456, -0.734146177769, -0.726704061031, -0.705353140831],
        "var": [0.00425504334271, 0.00486636674032, 0.00325224827975, 0.00179510877933, 0.0024129091762, 0.00351910898462]
    },
    "spectral_contrast_valleys": {
        "mean": [-10.7360305786, -6.24491453171, -7.11051082611, -8.16293048859, -8.53774738312, -12.3688688278],
        "var": [0.621737420559, 0.50719922781, 0.568087518215, 0.608754694462, 0.950408816338, 1.11377668381]
    }
},
"metadata": {
    "audio_properties": {
        "analysis_sample_rate": 44100,
        "bit_rate": 128074,
        "equal_loudness": 0,
        "length": 45.0612258911,
        "lossless": 0,
        "replay_gain": -6.36697006226,
        "sample_rate": 44100,
        "codec": "mp3",
        "downmix": "mix",
        "md5_encoded": "295da357f4b1cb0cbb148559c1968f15"
    },
    "tags": {
        "file_name": "1299.mp3"
    },
    "version": {
        "essentia": "2.1-beta2",
        "essentia_git_sha": "v2.1_beta2",
        "extractor": "music 1.0"
    }
},
"rhythm": {
    "beats_count": 128,
    "beats_loudness": {
        "mean": 0.0299538616091,
        "var": 0.000467684149044
    },
    "bpm": 172.265594482,
    "bpm_histogram_first_peak_bpm": {
        "mean": 172,
        "var": 0
    },
    "bpm_histogram_first_peak_spread": {
        "mean": 0,
        "var": 0
    },
    "bpm_histogram_first_peak_weight": {
        "mean": 0.433070868254,
        "var": 0
    },
    "bpm_histogram_second_peak_bpm": {
        "mean": 178,
        "var": 0
    },
    "bpm_histogram_second_peak_spread": {
        "mean": 0,
        "var": 0
    },
    "bpm_histogram_second_peak_weight": {
        "mean": 0.267716526985,
        "var": 0
    },
    "danceability": 1.72509968281,
    "onset_rate": 3.68221664429,
    "beats_loudness_band_ratio": {
        "mean": [0.0072197788395, 0.27188912034, 0.518710255623, 0.187619775534, 0.0562301576138, 0.0225972067565],
        "var": [0.000173170672497, 0.0188015885651, 0.0235208664089, 0.0134336557239, 0.000928273948375, 0.00117776729167]
    },
    "beats_position": [0.336689323187, 0.684988677502, 1.04489791393, 1.39319729805, 1.74149656296, 2.08979582787, 2.43809509277, 2.76317453384, 3.09986400604, 3.43655323982, 3.78485250473, 4.13315200806, 4.46984100342, 4.82975053787, 5.21287965775, 5.60761880875, 5.99074840546, 6.35065746307, 6.68734693527, 7.03564596176, 7.38394546509, 7.73224496841, 8.06893444061, 8.40562343597, 8.75392246246, 9.10222244263, 9.46213150024, 9.84526062012, 10.2167797089, 10.5882987976, 10.9365987778, 11.2848978043, 11.6331968307, 11.9582767487, 12.3065757751, 12.6432647705, 12.9799547195, 13.328253746, 13.6533327103, 14.0016326904, 14.3847618103, 14.7795009613, 15.1742401123, 15.5341491699, 15.8824491501, 16.2307472229, 16.5674381256, 16.904127121, 17.2524261475, 17.600725174, 17.9490242004, 18.2973232269, 18.6572322845, 19.0403633118, 19.4234924316, 19.7950115204, 20.154920578, 20.5032196045, 20.8399085999, 21.1765975952, 21.5016784668, 21.8499774933, 22.1982765198, 22.5465755463, 22.8832645416, 23.219953537, 23.5566444397, 23.8933334351, 24.2416324615, 24.589931488, 24.9382305145, 25.2749195099, 25.6232185364, 25.9715194702, 26.3082084656, 26.6565074921, 26.9931964874, 27.3298854828, 27.6781845093, 28.014875412, 28.3515644073, 28.6882534027, 29.0249423981, 29.3616313934, 29.6983222961, 30.0466213226, 30.3949203491, 30.7432193756, 31.079908371, 31.4165973663, 31.7648983002, 32.1248054504, 32.4847145081, 32.8562355042, 33.2277526855, 33.5876655579, 33.9475746155, 34.2958717346, 34.6441726685, 34.9924697876, 35.329158783, 35.6774597168, 36.0141487122, 36.362449646, 36.7107467651, 37.0706558228, 37.4537849426, 37.8369140625, 38.2084350586, 38.5683441162, 38.91664505, 39.2533340454, 39.5900230408, 39.9267120361, 40.2750091553, 40.6116981506, 40.9599990845, 41.3083000183, 41.6682090759, 42.0397262573, 42.4228553772, 42.7943763733, 43.1426734924, 43.4909744263, 43.8392753601, 44.1875724792, 44.5358734131, 44.8841705322]
},
"tonal": {
    "chords_changes_rate": 0.00823045242578,
    "chords_number_rate": 0.00205761310644,
    "chords_strength": {
        "mean": 0.460880130529,
        "var": 0.00383892282844
    },
    "hpcp_entropy": {
        "mean": 1.78732573986,
        "var": 0.404106676579
    },
    "key_strength": 0.587366640568,
    "tuning_diatonic_strength": 0.462519288063,
    "tuning_equal_tempered_deviation": 0.0580621547997,
    "tuning_frequency": 441.272583008,
    "tuning_nontempered_energy_ratio": 0.644288599491,
    "hpcp": {
        "mean": [0.278257161379, 0.128989443183, 0.0533486232162, 0.0530960261822, 0.0317323431373, 0.128168776631, 0.320695906878, 0.241016864777, 0.0534621886909, 0.0289329048246, 0.0353812091053, 0.0736541450024, 0.0977522209287, 0.0708728432655, 0.212981358171, 0.368130743504, 0.194611281157, 0.0314912348986, 0.0288338959217, 0.0425995066762, 0.268535226583, 0.586087107658, 0.398444265127, 0.0858020856977, 0.0484640114009, 0.0438522025943, 0.187524959445, 0.277708590031, 0.137515693903, 0.16495628655, 0.337301582098, 0.214247852564, 0.0613410808146, 0.0782438516617, 0.0836595222354, 0.211991325021],
        "var": [0.105129279196, 0.020800428465, 0.0204669404775, 0.0266200173646, 0.00578594394028, 0.0132827693596, 0.0787459537387, 0.0564839765429, 0.0103703746572, 0.00864255987108, 0.00261316657998, 0.0108860973269, 0.0253731887788, 0.0120075186715, 0.0482013747096, 0.131689488888, 0.0471267476678, 0.00318931718357, 0.00266888109036, 0.00465171923861, 0.0400670170784, 0.1361092031, 0.0738105848432, 0.0157453045249, 0.0115892579779, 0.00764684705064, 0.0643124729395, 0.116008192301, 0.025365466252, 0.0254727005959, 0.0936914682388, 0.0453667119145, 0.00770253548399, 0.0140532050282, 0.0134464651346, 0.0737063139677]
    },
    "chords_histogram": [0.102880656719, 0, 0, 0, 1.44032919407, 0, 0, 0, 0, 0, 0, 0, 0, 0, 0, 0, 0, 0, 0, 0, 0, 0, 0, 98.4567871094],
    "thpcp": [1, 0.679837942123, 0.146398186684, 0.0826907977462, 0.074821986258, 0.3199608922, 0.473835021257, 0.234633535147, 0.28145352006, 0.575514435768, 0.365556329489, 0.104662053287, 0.133502081037, 0.142742469907, 0.361706167459, 0.474770992994, 0.220085784793, 0.0910250768065, 0.0905940830708, 0.0541427098215, 0.218685537577, 0.54718130827, 0.411230444908, 0.0912188440561, 0.0493662208319, 0.0603685155511, 0.125670984387, 0.166787877679, 0.120925441384, 0.363395392895, 0.628116071224, 0.332051813602, 0.0537313222885, 0.0491972863674, 0.0726846009493, 0.458183139563],
    "chords_key": "E",
    "chords_scale": "minor",
    "key_key": "G",
    "key_scale": "major"
}
}