{
"lowlevel": {
    "average_loudness": 0.971406698227,
    "barkbands_crest": {
        "mean": 10.9177103043,
        "var": 17.5765781403
    },
    "barkbands_flatness_db": {
        "mean": 0.22990475595,
        "var": 0.00159434985835
    },
    "barkbands_kurtosis": {
        "mean": 4.7262377739,
        "var": 47.5649337769
    },
    "barkbands_skewness": {
        "mean": 1.6880851984,
        "var": 0.871649324894
    },
    "barkbands_spread": {
        "mean": 12.5815858841,
        "var": 62.5872917175
    },
    "dissonance": {
        "mean": 0.440275907516,
        "var": 0.00120004429482
    },
    "dynamic_complexity": 2.31468105316,
    "erbbands_crest": {
        "mean": 10.161895752,
        "var": 19.3917617798
    },
    "erbbands_flatness_db": {
        "mean": 0.250689208508,
        "var": 0.000896371318959
    },
    "erbbands_kurtosis": {
        "mean": 0.279762357473,
        "var": 3.74543523788
    },
    "erbbands_skewness": {
        "mean": 0.680924534798,
        "var": 0.470539748669
    },
    "erbbands_spread": {
        "mean": 30.0292739868,
        "var": 175.231750488
    },
    "hfc": {
        "mean": 14.0207691193,
        "var": 132.005554199
    },
    "melbands_crest": {
        "mean": 13.8637361526,
        "var": 23.7581195831
    },
    "melbands_flatness_db": {
        "mean": 0.284680783749,
        "var": 0.00318137858994
    },
    "melbands_kurtosis": {
        "mean": 10.3399915695,
        "var": 150.093536377
    },
    "melbands_skewness": {
        "mean": 2.32301330566,
        "var": 1.32344484329
    },
    "melbands_spread": {
        "mean": 14.288895607,
        "var": 105.944671631
    },
    "pitch_salience": {
        "mean": 0.563529908657,
        "var": 0.0119808586314
    },
    "silence_rate_20dB": {
        "mean": 1,
        "var": 0
    },
    "silence_rate_30dB": {
        "mean": 1,
        "var": 0
    },
    "silence_rate_60dB": {
        "mean": 0.0180226564407,
        "var": 0.0176975075155
    },
    "spectral_centroid": {
        "mean": 906.939941406,
        "var": 268936.28125
    },
    "spectral_complexity": {
        "mean": 15.2760038376,
        "var": 46.2985839844
    },
    "spectral_decrease": {
        "mean": -6.63834631709e-009,
        "var": 1.99304734907e-017
    },
    "spectral_energy": {
        "mean": 0.0263263564557,
        "var": 0.000311918993248
    },
    "spectral_energyband_high": {
        "mean": 0.000115916365758,
        "var": 3.80086149221e-008
    },
    "spectral_energyband_low": {
        "mean": 0.00609357235953,
        "var": 9.13089388632e-005
    },
    "spectral_energyband_middle_high": {
        "mean": 0.00393366347998,
        "var": 1.88881003851e-005
    },
    "spectral_energyband_middle_low": {
        "mean": 0.0167149137706,
        "var": 0.000131306194817
    },
    "spectral_entropy": {
        "mean": 6.95299339294,
        "var": 0.138857290149
    },
    "spectral_flux": {
        "mean": 0.0776538923383,
        "var": 0.0013393452391
    },
    "spectral_kurtosis": {
        "mean": 7.96275568008,
        "var": 47.9142036438
    },
    "spectral_rms": {
        "mean": 0.00476165255532,
        "var": 3.01088812193e-006
    },
    "spectral_rolloff": {
        "mean": 862.105712891,
        "var": 629071.3125
    },
    "spectral_skewness": {
        "mean": 1.62117266655,
        "var": 0.572561144829
    },
    "spectral_spread": {
        "mean": 2442548.25,
        "var": 1.24113426842e+012
    },
    "spectral_strongpeak": {
        "mean": 0.960638582706,
        "var": 0.736877024174
    },
    "zerocrossingrate": {
        "mean": 0.0345734320581,
        "var": 0.000375369010726
    },
    "barkbands": {
        "mean": [2.49963886745e-005, 0.00464847031981, 0.00109613442328, 0.00120011798572, 0.00441374909133, 0.0037469281815, 0.00346633815207, 0.00191430840641, 0.00165318220388, 0.000925588887185, 0.00034269518801, 0.00043858794379, 0.000586959184147, 0.000286789319944, 0.000265617039986, 0.000253843609244, 0.000241837187787, 0.000181243784027, 0.000488818390295, 7.20967145753e-005, 5.64964175283e-005, 1.70917428477e-005, 3.45066086993e-006, 9.32725527036e-007, 1.03899395754e-007, 9.34597199631e-009, 8.68019267575e-010],
        "var": [5.96782356865e-009, 7.15562782716e-005, 3.4795141346e-006, 2.10093935493e-006, 1.44911855386e-005, 3.66529311577e-005, 2.79570704151e-005, 1.36520657179e-005, 7.75194803282e-006, 3.37387245963e-006, 5.33699676453e-007, 8.45073543587e-007, 1.9777403395e-006, 3.27989994275e-007, 2.43605796868e-007, 2.64287592699e-007, 2.03067941129e-007, 1.0410400364e-007, 1.30363162043e-006, 1.31227047007e-008, 1.15486944452e-008, 1.91273086259e-009, 1.6690586413e-010, 6.62813857619e-012, 3.48654583665e-014, 3.93927786365e-016, 5.43474495573e-018]
    },
    "erbbands": {
        "mean": [0.0958224907517, 1.15207719803, 1.71849250793, 2.34062361717, 10.8272209167, 14.6274051666, 18.2712955475, 35.2119064331, 53.3062934875, 40.5617713928, 45.0069541931, 36.4755401611, 30.9819641113, 19.672164917, 16.9420433044, 16.9473667145, 26.0706348419, 15.6180858612, 14.8145647049, 12.2483415604, 14.7164411545, 14.1336040497, 9.78950595856, 22.633972168, 15.7357950211, 3.69890427589, 2.93394494057, 1.74105226994, 0.723021805286, 0.213154092431, 0.0850923806429, 0.0293924529105, 0.0108152050525, 0.00217451085337, 0.000398138567107, 0.000100795361504, 1.8155806174e-005, 3.69279746337e-006, 1.33151143018e-005, 3.00937899738e-005],
        "var": [0.0386086404324, 4.491502285, 10.0020694733, 5.36143541336, 128.509155273, 178.279663086, 674.275024414, 4163.2890625, 7406.99755859, 4973.87841797, 6615.03466797, 3682.66674805, 3131.65820313, 1148.68688965, 1413.28515625, 764.797424316, 3895.78881836, 1031.98327637, 648.58795166, 413.186309814, 711.276428223, 571.30090332, 196.720565796, 3180.95751953, 1331.52441406, 35.0080986023, 25.2579059601, 12.1592321396, 3.35849452019, 0.382274478674, 0.110248044133, 0.00742652919143, 0.000749063619878, 1.78462250915e-005, 3.85070279663e-007, 1.45745016056e-008, 1.29353894263e-009, 6.11525413641e-011, 7.95632448813e-011, 4.06504302441e-010]
    },
    "gfcc": {
        "mean": [-74.4911651611, 186.734176636, -158.629684448, 35.1060447693, -49.8731575012, -26.1214618683, -18.9686317444, -13.9429416656, -10.0270700455, -12.8057632446, -0.970302581787, -15.0903310776, 0.709057211876],
        "cov": [[3784.27709961, -73.3997344971, -781.604064941, 286.014587402, -291.499633789, 63.5154533386, 261.226165771, 152.51890564, 280.470703125, 22.8667201996, 191.564880371, -69.4008483887, 6.96955108643], [-73.3997344971, 562.288208008, 140.957931519, -243.827331543, 278.80645752, -16.315568924, 92.552444458, 35.339225769, 44.8073310852, 54.7809371948, 40.2034492493, 48.2743721008, 27.9298019409], [-781.604064941, 140.957931519, 491.512176514, 94.9265060425, 170.678497314, 69.7773284912, 7.71447038651, 22.6527500153, -1.69683670998, 43.7349357605, 6.30100917816, 57.6995010376, 38.638759613], [286.014587402, -243.827331543, 94.9265060425, 448.718994141, -37.6155204773, 50.0149002075, 29.9176521301, 43.223323822, 55.701499939, -1.49640321732, 22.3802623749, 17.2747631073, 32.9178161621], [-291.499633789, 278.80645752, 170.678497314, -37.6155204773, 333.636291504, 11.703502655, 12.5372419357, 52.8749465942, 50.5077934265, 56.746219635, 35.7290000916, 61.217250824, 27.1470832825], [63.5154533386, -16.315568924, 69.7773284912, 50.0149002075, 11.703502655, 190.502822876, 84.5308151245, 31.4522590637, 42.7212944031, 36.350063324, 26.7643642426, 6.97976970673, 14.4977121353], [261.226165771, 92.552444458, 7.71447038651, 29.9176521301, 12.5372419357, 84.5308151245, 219.441192627, 81.304725647, 27.9548721313, 25.3578090668, 30.5716934204, 21.1920375824, 1.50286591053], [152.51890564, 35.339225769, 22.6527500153, 43.223323822, 52.8749465942, 31.4522590637, 81.304725647, 132.091247559, 67.7225494385, 26.0199737549, 36.1765480042, 18.9852523804, -3.52118873596], [280.470703125, 44.8073310852, -1.69683670998, 55.701499939, 50.5077934265, 42.7212944031, 27.9548721313, 67.7225494385, 160.497283936, 73.0131225586, 44.2764091492, 24.3414478302, 11.1520271301], [22.8667201996, 54.7809371948, 43.7349357605, -1.49640321732, 56.746219635, 36.350063324, 25.3578090668, 26.0199737549, 73.0131225586, 100.062103271, 48.246635437, 7.39281702042, 0.49130243063], [191.564880371, 40.2034492493, 6.30100917816, 22.3802623749, 35.7290000916, 26.7643642426, 30.5716934204, 36.1765480042, 44.2764091492, 48.246635437, 92.1998672485, 29.4683799744, 2.10739970207], [-69.4008483887, 48.2743721008, 57.6995010376, 17.2747631073, 61.217250824, 6.97976970673, 21.1920375824, 18.9852523804, 24.3414478302, 7.39281702042, 29.4683799744, 90.2707138062, 30.4782161713], [6.96955108643, 27.9298019409, 38.638759613, 32.9178161621, 27.1470832825, 14.4977121353, 1.50286591053, -3.52118873596, 11.1520271301, 0.49130243063, 2.10739970207, 30.4782161713, 70.5527191162]],
        "icov": [[0.0009839925915, -0.0013704826124, 0.00183227052912, -0.00140209472738, 0.00103010004386, -0.000446596648544, -8.63921231939e-005, -0.000252342957538, -0.000913347234018, 0.00073631061241, -0.00157612189651, 0.000828321732115, -0.000390800909372], [-0.0013704826124, 0.0110070994124, -0.00551151577383, 0.0076657072641, -0.00745760789141, 0.00486073503271, -0.00694632995874, 0.00488464022055, -0.00466284481809, 0.00411795917898, -0.0024253828451, 0.00316014001146, -0.00310207647271], [0.00183227052912, -0.00551151577383, 0.00778368674219, -0.00545007688925, 0.00243515288457, -0.00355192110874, 0.00299448263831, -0.0027918217238, 0.00265289633535, -0.00303007033654, 0.000444632954895, -0.00175438006409, 0.000217022548895], [-0.00140209472738, 0.0076657072641, -0.00545007688925, 0.00847961567342, -0.00430496362969, 0.00320438668132, -0.00444194395095, 0.00281093060039, -0.00403656531125, 0.00394978187978, -0.00174615241122, 0.00211631716229, -0.00288632279262], [0.00103010004386, -0.00745760789141, 0.00243515288457, -0.00430496362969, 0.00985038653016, -0.00270278891549, 0.00504389731213, -0.00493381964043, 0.00265467399731, -0.00417513819411, 0.00130383181386, -0.00375037710182, 0.0011275827419], [-0.000446596648544, 0.00486073503271, -0.00355192110874, 0.00320438668132, -0.00270278891549, 0.00972871109843, -0.00629131775349, 0.00339861633256, -0.00424535013735, 0.00193423626479, -0.00274277105927, 0.00338745303452, -0.00280931568705], [-8.63921231939e-005, -0.00694632995874, 0.00299448263831, -0.00444194395095, 0.00504389731213, -0.00629131775349, 0.0130818719044, -0.00854836124927, 0.00737569853663, -0.00635752128437, 0.00446216808632, -0.00555484183133, 0.00298241130076], [-0.000252342957538, 0.00488464022055, -0.0027918217238, 0.00281093060039, -0.00493381964043, 0.00339861633256, -0.00854836124927, 0.0168487709016, -0.0091793127358, 0.00699496734887, -0.00530523853377, 0.00341217103414, 0.000618411053438], [-0.000913347234018, -0.00466284481809, 0.00265289633535, -0.00403656531125, 0.00265467399731, -0.00424535013735, 0.00737569853663, -0.0091793127358, 0.0192209426314, -0.0146799338982, 0.00678057968616, -0.0071186106652, 0.00153892941307], [0.00073631061241, 0.00411795917898, -0.00303007033654, 0.00394978187978, -0.00417513819411, 0.00193423626479, -0.00635752128437, 0.00699496734887, -0.0146799338982, 0.0270100217313, -0.0135620236397, 0.00893294252455, -0.00151430384722], [-0.00157612189651, -0.0024253828451, 0.000444632954895, -0.00174615241122, 0.00130383181386, -0.00274277105927, 0.00446216808632, -0.00530523853377, 0.00678057968616, -0.0135620236397, 0.0234870929271, -0.0102508813143, 0.00413852790371], [0.000828321732115, 0.00316014001146, -0.00175438006409, 0.00211631716229, -0.00375037710182, 0.00338745303452, -0.00555484183133, 0.00341217103414, -0.0071186106652, 0.00893294252455, -0.0102508813143, 0.0208280812949, -0.00795220769942], [-0.000390800909372, -0.00310207647271, 0.000217022548895, -0.00288632279262, 0.0011275827419, -0.00280931568705, 0.00298241130076, 0.000618411053438, 0.00153892941307, -0.00151430384722, 0.00413852790371, -0.00795220769942, 0.0198579579592]]
    },
    "melbands": {
        "mean": [0.00112127442844, 0.00117529963609, 0.000646175583825, 0.00100669497624, 0.00062260532286, 0.000800502952188, 0.000781886687037, 0.000423180841608, 0.000388784217648, 0.000209892241401, 0.000154354478582, 8.41112560011e-005, 5.26004441781e-005, 4.64884178655e-005, 6.06792345934e-005, 4.83715302835e-005, 2.74110734608e-005, 2.42471651291e-005, 2.005110764e-005, 1.55061916303e-005, 1.74687702383e-005, 1.46667998706e-005, 1.17141362352e-005, 7.46370824345e-006, 1.98963407456e-005, 1.80261413334e-005, 3.91653202314e-006, 2.02699561669e-006, 1.94977837964e-006, 1.38241159675e-006, 9.11006623028e-007, 4.60259457213e-007, 1.82851991326e-007, 9.12868358682e-008, 5.48751728502e-008, 2.29400587415e-008, 1.57426107705e-008, 8.78635297852e-009, 3.11923420426e-009, 1.26855204119e-009],
        "var": [4.36434356743e-006, 4.38111374024e-006, 4.33069999417e-007, 8.11295251424e-007, 5.87328429447e-007, 1.84179305052e-006, 1.45202579915e-006, 5.97383120748e-007, 5.08088248807e-007, 1.24897482578e-007, 8.3873160861e-008, 2.54685410539e-008, 1.26541648271e-008, 1.19560912282e-008, 1.48236409814e-008, 2.26293490613e-008, 3.76018860493e-009, 1.81221992968e-009, 1.49070900068e-009, 1.36209632462e-009, 1.13473019869e-009, 7.02712610323e-010, 4.39273589725e-010, 2.04408087678e-010, 2.76778888697e-009, 2.27099161698e-009, 4.88778739705e-011, 1.31841143905e-011, 1.18785493594e-011, 7.0066834279e-012, 4.04671652091e-012, 1.48022555584e-012, 2.76376713399e-013, 9.42616210781e-014, 5.65393035396e-014, 4.89780835179e-015, 2.26236888618e-015, 5.28816539135e-016, 4.72200717975e-017, 6.107743238e-018]
    },
    "mfcc": {
        "mean": [-698.498168945, 196.132888794, -36.7677650452, 47.967956543, -11.7808046341, -3.17941761017, -5.30753564835, -5.43291568756, -4.87425756454, -2.70509195328, -1.55870568752, -0.958743214607, -6.03581905365],
        "cov": [[3605.88793945, -275.74407959, -624.50604248, 236.705978394, -546.565917969, 88.6301956177, -133.714767456, 218.362258911, 8.45019721985, 239.223922729, 146.395217896, 104.593330383, 23.1225395203], [-275.74407959, 855.288757324, -93.4846420288, -176.837432861, 162.655670166, -58.3949241638, 110.695617676, -20.3105430603, 64.2268371582, -10.2370738983, 61.1922416687, 32.2671661377, 59.5116958618], [-624.50604248, -93.4846420288, 412.414306641, 61.407661438, 101.17464447, 80.9166259766, 54.7892494202, 21.5892524719, 26.154668808, 6.26549768448, -16.4808597565, 14.6222515106, 8.40812397003], [236.705978394, -176.837432861, 61.407661438, 315.146118164, 46.7314567566, 26.5060997009, -12.1486797333, 58.3892822266, 19.9418449402, 26.7032775879, 6.66427612305, -6.09275245667, 50.3360443115], [-546.565917969, 162.655670166, 101.17464447, 46.7314567566, 334.589202881, 10.126241684, 1.49620723724, -17.2062187195, 13.7102365494, 7.31572532654, -3.34944534302, -15.1519908905, 66.4771881104], [88.6301956177, -58.3949241638, 80.9166259766, 26.5060997009, 10.126241684, 153.948501587, 33.8586158752, 25.1786174774, 30.8302536011, 34.804485321, 17.6052207947, 23.602022171, 8.67181968689], [-133.714767456, 110.695617676, 54.7892494202, -12.1486797333, 1.49620723724, 33.8586158752, 166.102935791, 47.1463813782, 21.0187587738, 13.0733318329, 20.9999904633, 12.2705183029, -10.1201133728], [218.362258911, -20.3105430603, 21.5892524719, 58.3892822266, -17.2062187195, 25.1786174774, 47.1463813782, 149.843078613, 42.5313720703, 27.4415798187, 33.399105072, 21.6942119598, 20.877040863], [8.45019721985, 64.2268371582, 26.154668808, 19.9418449402, 13.7102365494, 30.8302536011, 21.0187587738, 42.5313720703, 103.467132568, 35.2876358032, 19.5469837189, 24.5479812622, 9.94454288483], [239.223922729, -10.2370738983, 6.26549768448, 26.7032775879, 7.31572532654, 34.804485321, 13.0733318329, 27.4415798187, 35.2876358032, 126.299339294, 53.6280593872, 23.5024929047, 25.4214305878], [146.395217896, 61.1922416687, -16.4808597565, 6.66427612305, -3.34944534302, 17.6052207947, 20.9999904633, 33.399105072, 19.5469837189, 53.6280593872, 105.616439819, 48.2004241943, 24.0318927765], [104.593330383, 32.2671661377, 14.6222515106, -6.09275245667, -15.1519908905, 23.602022171, 12.2705183029, 21.6942119598, 24.5479812622, 23.5024929047, 48.2004241943, 92.1874923706, 33.6722068787], [23.1225395203, 59.5116958618, 8.40812397003, 50.3360443115, 66.4771881104, 8.67181968689, -10.1201133728, 20.877040863, 9.94454288483, 25.4214305878, 24.0318927765, 33.6722068787, 116.569473267]],
        "icov": [[0.00119818467647, -0.000552370911464, 0.00164572533686, -0.00133266765624, 0.00169128051493, -0.00143327435944, 0.00145052641165, -0.00166936928872, 0.00151616579387, -0.0022711683996, 0.000780740345363, -0.00112149945926, 0.000597061880399], [-0.000552370911464, 0.00278740259819, 7.10952508598e-006, 0.00205772300251, -0.00206394167617, 0.00174629339017, -0.00270199752413, 0.00166174746118, -0.0028809173964, 0.00219906750135, -0.00186784949619, 0.000796519510914, -0.0017664169427], [0.00164572533686, 7.10952508598e-006, 0.00570873497054, -0.00193004857283, 0.000893262389582, -0.00298393308185, 0.000557468272746, -0.00213366397657, 0.0014232902322, -0.00274955644272, 0.00190540216863, -0.00263302284293, 0.00108063069638], [-0.00133266765624, 0.00205772300251, -0.00193004857283, 0.00625471677631, -0.00269535952248, 0.00187350064516, -0.00194656348322, 0.000804827490356, -0.00301698688418, 0.00281535997055, -0.00174744520336, 0.00277577480301, -0.00306136859581], [0.00169128051493, -0.00206394167617, 0.000893262389582, -0.00269535952248, 0.0071071353741, -0.00238172826357, 0.00286107626744, -0.00166428007651, 0.00230541452765, -0.00350326462649, 0.00120937672909, 0.0003973103303, -0.00130852439906], [-0.00143327435944, 0.00174629339017, -0.00298393308185, 0.00187350064516, -0.00238172826357, 0.0103661324829, -0.00350380805321, 0.00234369467944, -0.00382498232648, 0.00159479631111, -0.00141276302747, 0.000248390657362, -0.00113980995957], [0.00145052641165, -0.00270199752413, 0.000557468272746, -0.00194656348322, 0.00286107626744, -0.00350380805321, 0.0107936430722, -0.00504126492888, 0.00340083520859, -0.00353173911572, 0.00102048984263, -0.00145304307807, 0.00305044092238], [-0.00166936928872, 0.00166174746118, -0.00213366397657, 0.000804827490356, -0.00166428007651, 0.00234369467944, -0.00504126492888, 0.0121438540518, -0.00583187770098, 0.00385623937473, -0.00350092933513, 0.00205332948826, -0.00276350532658], [0.00151616579387, -0.0028809173964, 0.0014232902322, -0.00301698688418, 0.00230541452765, -0.00382498232648, 0.00340083520859, -0.00583187770098, 0.0164536759257, -0.00660245632753, 0.00351275154389, -0.00460738223046, 0.00332256965339], [-0.0022711683996, 0.00219906750135, -0.00274955644272, 0.00281535997055, -0.00350326462649, 0.00159479631111, -0.00353173911572, 0.00385623937473, -0.00660245632753, 0.0162862129509, -0.00766979204491, 0.00383795960806, -0.00332346814685], [0.000780740345363, -0.00186784949619, 0.00190540216863, -0.00174744520336, 0.00120937672909, -0.00141276302747, 0.00102048984263, -0.00350092933513, 0.00351275154389, -0.00766979204491, 0.0176768843085, -0.00822708103806, 0.0016520274803], [-0.00112149945926, 0.000796519510914, -0.00263302284293, 0.00277577480301, 0.0003973103303, 0.000248390657362, -0.00145304307807, 0.00205332948826, -0.00460738223046, 0.00383795960806, -0.00822708103806, 0.0189518686384, -0.00615408597514], [0.000597061880399, -0.0017664169427, 0.00108063069638, -0.00306136859581, -0.00130852439906, -0.00113980995957, 0.00305044092238, -0.00276350532658, 0.00332256965339, -0.00332346814685, 0.0016520274803, -0.00615408597514, 0.0140751264989]]
    },
    "spectral_contrast_coeffs": {
        "mean": [-0.597479522228, -0.675615251064, -0.746443748474, -0.763200938702, -0.765901625156, -0.681007266045],
        "var": [0.00791501905769, 0.00632725935429, 0.0034495103173, 0.00278013013303, 0.0019407235086, 0.00231391796842]
    },
    "spectral_contrast_valleys": {
        "mean": [-7.38138437271, -6.56714296341, -7.53089141846, -7.98043251038, -8.02893257141, -12.5940036774],
        "var": [0.878943502903, 0.730380535126, 0.800704300404, 0.70897090435, 0.832673668861, 0.620525300503]
    }
},
"metadata": {
    "audio_properties": {
        "analysis_sample_rate": 44100,
        "bit_rate": 128074,
        "equal_loudness": 0,
        "length": 45.0612258911,
        "lossless": 0,
        "replay_gain": -5.23275184631,
        "sample_rate": 44100,
        "codec": "mp3",
        "downmix": "mix",
        "md5_encoded": "b409205a0892a8b92073d006da9e3ba1"
    },
    "tags": {
        "file_name": "1300.mp3"
    },
    "version": {
        "essentia": "2.1-beta2",
        "essentia_git_sha": "v2.1_beta2",
        "extractor": "music 1.0"
    }
},
"rhythm": {
    "beats_count": 122,
    "beats_loudness": {
        "mean": 0.0449974834919,
        "var": 0.000249304051977
    },
    "bpm": 164.335998535,
    "bpm_histogram_first_peak_bpm": {
        "mean": 167,
        "var": 0
    },
    "bpm_histogram_first_peak_spread": {
        "mean": 0,
        "var": 0
    },
    "bpm_histogram_first_peak_weight": {
        "mean": 0.454545468092,
        "var": 0
    },
    "bpm_histogram_second_peak_bpm": {
        "mean": 161,
        "var": 0
    },
    "bpm_histogram_second_peak_spread": {
        "mean": 0.148148164153,
        "var": 0
    },
    "bpm_histogram_second_peak_weight": {
        "mean": 0.380165278912,
        "var": 0
    },
    "danceability": 1.59720659256,
    "onset_rate": 4.45858764648,
    "beats_loudness_band_ratio": {
        "mean": [0.364631175995, 0.276003420353, 0.266794294119, 0.095968529582, 0.0486635826528, 0.0251417681575],
        "var": [0.060112606734, 0.0330301038921, 0.0296040214598, 0.00701348530129, 0.00128409464378, 0.00116073840763]
    },
    "beats_position": [0.371519267559, 0.766258478165, 1.14938771725, 1.53251695633, 1.92725622654, 2.31038546562, 2.69351458549, 3.06503391266, 3.43655323982, 3.80807256699, 4.17959165573, 4.55111122131, 4.92263031006, 5.2941493988, 5.65405893326, 6.01396799088, 6.37387752533, 6.73378658295, 7.0936961174, 7.45360517502, 7.8251247406, 8.19664382935, 8.56816291809, 8.93968200684, 9.287981987, 9.64789104462, 10.0078001022, 10.3677091599, 10.7276191711, 11.0991382599, 11.4706573486, 11.8421764374, 12.2136955261, 12.5852155685, 12.9567346573, 13.3166437149, 13.6765527725, 14.0364627838, 14.3963718414, 14.7446708679, 15.1161899567, 15.4877090454, 15.8476190567, 16.2075271606, 16.5790481567, 16.9505672455, 17.3104763031, 17.6703853607, 18.0419044495, 18.4250335693, 18.8081626892, 19.179681778, 19.5512008667, 19.9227199554, 20.2942390442, 20.6541500092, 21.0024490356, 21.3623580933, 21.7222671509, 22.0821762085, 22.430475235, 22.7903842926, 23.1502952576, 23.4985942841, 23.8585033417, 24.2300224304, 24.6015415192, 24.9614505768, 25.3329696655, 25.6928787231, 26.0527877808, 26.4126987457, 26.7726078033, 27.132516861, 27.5040359497, 27.8639450073, 28.2238540649, 28.5953731537, 28.9552822113, 29.3151912689, 29.6751022339, 30.0466213226, 30.4065303802, 30.7664394379, 31.1263484955, 31.4862575531, 31.8577766418, 32.2292976379, 32.6008148193, 32.9723358154, 33.3206329346, 33.6921539307, 34.0636711121, 34.4235839844, 34.783493042, 35.1434020996, 35.514919281, 35.8980484009, 36.2463493347, 36.6062583923, 36.96616745, 37.3144645691, 37.6743774414, 38.034286499, 38.4058036804, 38.765712738, 39.1256217957, 39.4971427917, 39.8686599731, 40.2285690308, 40.5884780884, 40.9599990845, 41.3315200806, 41.6798171997, 42.0397262573, 42.3996353149, 42.7595443726, 43.1194534302, 43.467754364, 43.8392753601, 44.2107925415, 44.5939216614]
},
"tonal": {
    "chords_changes_rate": 0.105967074633,
    "chords_number_rate": 0.0113168722019,
    "chords_strength": {
        "mean": 0.552916705608,
        "var": 0.0108168525621
    },
    "hpcp_entropy": {
        "mean": 1.9503480196,
        "var": 0.531438291073
    },
    "key_strength": 0.64686357975,
    "tuning_diatonic_strength": 0.58320069313,
    "tuning_equal_tempered_deviation": 0.181608483195,
    "tuning_frequency": 449.504882813,
    "tuning_nontempered_energy_ratio": 0.88205987215,
    "hpcp": {
        "mean": [0.168173760176, 0.161218136549, 0.12285605073, 0.131355553865, 0.11127281934, 0.0749823227525, 0.0813508629799, 0.127056375146, 0.202515736222, 0.238808915019, 0.165874257684, 0.0811670646071, 0.0527835078537, 0.054530467838, 0.0888490229845, 0.128928154707, 0.118811383843, 0.101998388767, 0.140703126788, 0.140054732561, 0.0951678678393, 0.0984838083386, 0.129144236445, 0.209038123488, 0.290582954884, 0.220388650894, 0.100341297686, 0.064483679831, 0.0841951146722, 0.13308519125, 0.182358264923, 0.179370120168, 0.15901748836, 0.220880314708, 0.21628805995, 0.144455447793],
        "var": [0.0647390633821, 0.0611122362316, 0.0408077985048, 0.0534217394888, 0.0418822877109, 0.0270265694708, 0.0359734930098, 0.0618412829936, 0.0814682617784, 0.0862336307764, 0.0483366660774, 0.0248814746737, 0.0167115349323, 0.0218570251018, 0.0385761782527, 0.0615913532674, 0.0464762337506, 0.0386693514884, 0.0490597821772, 0.0505335144699, 0.03175836429, 0.0360265038908, 0.0495936498046, 0.0750946700573, 0.105317547917, 0.0724155455828, 0.0337556377053, 0.0239013899118, 0.0321211963892, 0.0575985051692, 0.0745118781924, 0.0672683939338, 0.0555767975748, 0.097972407937, 0.0966074094176, 0.0375512093306]
    },
    "chords_histogram": [19.855966568, 25.4115219116, 10.8024692535, 1.23456788063, 4.21810722351, 8.23045253754, 3.49794244766, 10.6995887756, 0.925925910473, 9.46502017975, 0, 3.70370364189, 0, 0, 0, 0, 0, 0, 1.85185182095, 0.102880656719, 0, 0, 0, 0],
    "thpcp": [1, 0.758436262608, 0.345310330391, 0.221911430359, 0.289745539427, 0.457993805408, 0.627560079098, 0.617276787758, 0.547236144543, 0.760128259659, 0.744324684143, 0.497122913599, 0.578746140003, 0.554809331894, 0.422791659832, 0.452041506767, 0.382929623127, 0.258041024208, 0.279957443476, 0.437246471643, 0.69692915678, 0.821826994419, 0.57083272934, 0.279324918985, 0.181646957994, 0.187658861279, 0.305761307478, 0.443687945604, 0.408872514963, 0.351012974977, 0.484209835529, 0.481978476048, 0.32750672102, 0.338918060064, 0.444431573153, 0.719375014305],
    "chords_key": "G#",
    "chords_scale": "major",
    "key_key": "F",
    "key_scale": "minor"
}
}