{
"lowlevel": {
    "average_loudness": 0.74519598484,
    "barkbands_crest": {
        "mean": 16.6277370453,
        "var": 25.2581005096
    },
    "barkbands_flatness_db": {
        "mean": 0.50985378027,
        "var": 0.0122566977516
    },
    "barkbands_kurtosis": {
        "mean": 12.7298336029,
        "var": 1736.69958496
    },
    "barkbands_skewness": {
        "mean": 0.658594965935,
        "var": 8.11703872681
    },
    "barkbands_spread": {
        "mean": 4.25636434555,
        "var": 17.8697319031
    },
    "dissonance": {
        "mean": 0.283257573843,
        "var": 0.0178670231253
    },
    "dynamic_complexity": 5.55637121201,
    "erbbands_crest": {
        "mean": 20.8781299591,
        "var": 49.2656860352
    },
    "erbbands_flatness_db": {
        "mean": 0.489647418261,
        "var": 0.00680230278522
    },
    "erbbands_kurtosis": {
        "mean": 8.47928524017,
        "var": 248.513473511
    },
    "erbbands_skewness": {
        "mean": -0.183499693871,
        "var": 4.49705791473
    },
    "erbbands_spread": {
        "mean": 8.89221763611,
        "var": 65.2833786011
    },
    "hfc": {
        "mean": 8.11337471008,
        "var": 140.215393066
    },
    "melbands_crest": {
        "mean": 19.3602027893,
        "var": 34.9183120728
    },
    "melbands_flatness_db": {
        "mean": 0.633755326271,
        "var": 0.0160175412893
    },
    "melbands_kurtosis": {
        "mean": 12.3076019287,
        "var": 502.865814209
    },
    "melbands_skewness": {
        "mean": 1.2032365799,
        "var": 6.58705472946
    },
    "melbands_spread": {
        "mean": 6.87333488464,
        "var": 53.3296585083
    },
    "pitch_salience": {
        "mean": 0.376412540674,
        "var": 0.0234178341925
    },
    "silence_rate_20dB": {
        "mean": 1,
        "var": 0
    },
    "silence_rate_30dB": {
        "mean": 0.981977343559,
        "var": 0.0176976658404
    },
    "silence_rate_60dB": {
        "mean": 0.243048399687,
        "var": 0.183978304267
    },
    "spectral_centroid": {
        "mean": 467.628936768,
        "var": 104665.03125
    },
    "spectral_complexity": {
        "mean": 4.41452121735,
        "var": 5.58461236954
    },
    "spectral_decrease": {
        "mean": -5.24638865684e-009,
        "var": 4.57374597373e-017
    },
    "spectral_energy": {
        "mean": 0.0205370113254,
        "var": 0.000696143892128
    },
    "spectral_energyband_high": {
        "mean": 4.82215405384e-008,
        "var": 4.37619206281e-013
    },
    "spectral_energyband_low": {
        "mean": 0.00512848375365,
        "var": 0.000161448522704
    },
    "spectral_energyband_middle_high": {
        "mean": 0.00239859404974,
        "var": 6.6496693762e-005
    },
    "spectral_energyband_middle_low": {
        "mean": 0.0147243170068,
        "var": 0.000462427095044
    },
    "spectral_entropy": {
        "mean": 4.63131141663,
        "var": 0.670287668705
    },
    "spectral_flux": {
        "mean": 0.0449705608189,
        "var": 0.00107461982407
    },
    "spectral_kurtosis": {
        "mean": 251.768157959,
        "var": 44661.84375
    },
    "spectral_rms": {
        "mean": 0.00370712624863,
        "var": 6.2933108893e-006
    },
    "spectral_rolloff": {
        "mean": 607.087768555,
        "var": 295960.0625
    },
    "spectral_skewness": {
        "mean": 11.741271019,
        "var": 31.3875370026
    },
    "spectral_spread": {
        "mean": 782512.4375,
        "var": 1.09145633587e+012
    },
    "spectral_strongpeak": {
        "mean": 1.35515570641,
        "var": 2.29444718361
    },
    "zerocrossingrate": {
        "mean": 0.022086052224,
        "var": 0.000244608265348
    },
    "barkbands": {
        "mean": [1.26612003442e-005, 4.54488035757e-005, 0.00348240090534, 0.00402728049085, 0.00205126660876, 0.00325921177864, 0.00083955458831, 0.0025025869254, 0.0017897534417, 0.000519012100995, 0.00173009710852, 0.000189859754755, 1.62372725754e-005, 3.94554808736e-005, 8.97885638551e-006, 2.25501826208e-005, 3.54359940502e-007, 1.41278846399e-007, 9.57158903248e-008, 3.37247456628e-008, 1.01390398299e-008, 5.86678838843e-009, 3.52371332113e-009, 1.95634242139e-009, 4.08724076806e-009, 2.55808241256e-009, 6.17477624587e-010],
        "var": [2.3578896613e-009, 6.2411942281e-008, 9.64664068306e-005, 0.000141271040775, 2.19366938836e-005, 4.26129008702e-005, 6.75884257362e-006, 8.26916511869e-005, 5.22186528542e-005, 7.65061668062e-006, 5.59770851396e-005, 1.02840488125e-006, 1.67132274687e-009, 6.28828331628e-008, 9.41300704049e-010, 9.81043513093e-009, 5.40573282751e-013, 2.03526960368e-013, 5.41174127267e-014, 1.66466605854e-014, 3.97760370105e-014, 4.31898034047e-015, 5.3301784373e-015, 1.58401969164e-015, 1.90513176659e-014, 5.95353073549e-015, 1.93167534526e-017]
    },
    "erbbands": {
        "mean": [0.00157515658066, 0.0559679493308, 2.34287953377, 9.76988983154, 11.0617313385, 5.72507095337, 14.7670764923, 31.8526744843, 7.15215110779, 56.2157974243, 28.4984798431, 48.7997741699, 17.2448272705, 22.684551239, 71.1461868286, 6.9732003212, 0.919691026211, 1.65867435932, 0.781368613243, 0.890799760818, 0.907854259014, 0.0411464348435, 0.0098001845181, 0.00652971630916, 0.00280685699545, 0.00167297595181, 0.000789766199887, 0.000357487064321, 0.000183325362741, 0.000168376456713, 0.000105473664007, 4.83946278109e-005, 5.31555233465e-005, 6.77999632899e-005, 3.43062747561e-005, 1.61203497555e-005, 1.21363436847e-005, 2.16718672164e-006, 9.73410351435e-006, 2.29154447879e-005],
        "var": [1.38473333209e-005, 0.0213846433908, 40.3565979004, 465.509033203, 1637.2277832, 164.129684448, 775.237548828, 4010.03491211, 270.877838135, 31978.4179688, 6040.60107422, 38341.9726563, 10179.0019531, 6435.26464844, 102076.859375, 952.691772461, 4.62036514282, 91.7608947754, 19.1528186798, 8.81745624542, 17.3661804199, 0.0188331548125, 0.000752693100367, 0.000266609276878, 4.21773329435e-005, 3.50504560629e-005, 8.45426620799e-005, 3.28774221998e-005, 2.94752862828e-006, 1.61455500347e-005, 2.47855950875e-006, 2.212404695e-007, 1.15471345907e-006, 3.87210411645e-006, 5.10780580498e-007, 2.10707113979e-008, 4.26434318967e-008, 7.86761600313e-010, 1.5364061412e-010, 8.61352322801e-010]
    },
    "gfcc": {
        "mean": [-310.89276123, 241.767852783, -65.5865631104, -63.4211883545, -32.894859314, -13.5242948532, -24.7967014313, -27.2410392761, -25.1393966675, -26.7860794067, -10.3255348206, -13.0948238373, -1.77353942394],
        "cov": [[6631.46728516, 650.698242188, -2277.90405273, -594.188232422, 573.658630371, -660.56829834, -476.906494141, 109.669158936, 479.911865234, 95.963760376, -128.02456665, -29.2296390533, 328.915649414], [650.698242188, 613.045349121, 478.856048584, -294.898773193, -95.8101272583, -157.293029785, -159.991836548, -11.5460453033, 169.445785522, 100.443946838, 44.1296539307, 11.7174329758, 48.8547935486], [-2277.90405273, 478.856048584, 3786.21948242, 282.018035889, -719.859130859, 80.9742507935, 187.677352905, 101.93788147, 167.82572937, 234.367523193, 104.691596985, -205.598800659, -352.254058838], [-594.188232422, -294.898773193, 282.018035889, 1115.81469727, 554.133728027, 220.666595459, 41.8969764709, -159.155654907, -218.483718872, -61.5722541809, 35.9114532471, -37.3844795227, -54.3978652954], [573.658630371, -95.8101272583, -719.859130859, 554.133728027, 1088.85498047, 462.010131836, -88.6773605347, -365.461273193, -435.110931396, -279.189422607, 43.5904769897, 266.066131592, 239.451965332], [-660.56829834, -157.293029785, 80.9742507935, 220.666595459, 462.010131836, 666.66394043, 233.973434448, -245.640686035, -438.389953613, -256.754974365, 24.566696167, 197.963699341, 77.7046432495], [-476.906494141, -159.991836548, 187.677352905, 41.8969764709, -88.6773605347, 233.973434448, 401.165802002, 162.586685181, -81.6552276611, -102.168663025, -120.701507568, -139.191192627, -130.952224731], [109.669158936, -11.5460453033, 101.93788147, -159.155654907, -365.461273193, -245.640686035, 162.586685181, 427.120544434, 353.126312256, 120.905387878, -151.722671509, -297.232421875, -191.374237061], [479.911865234, 169.445785522, 167.82572937, -218.483718872, -435.110931396, -438.389953613, -81.6552276611, 353.126312256, 584.29309082, 363.135406494, -46.2762298584, -280.81930542, -159.215560913], [95.963760376, 100.443946838, 234.367523193, -61.5722541809, -279.189422607, -256.754974365, -102.168663025, 120.905387878, 363.135406494, 357.775604248, 86.2740402222, -103.461425781, -77.8316268921], [-128.02456665, 44.1296539307, 104.691596985, 35.9114532471, 43.5904769897, 24.566696167, -120.701507568, -151.722671509, -46.2762298584, 86.2740402222, 202.609481812, 200.633834839, 96.4009246826], [-29.2296390533, 11.7174329758, -205.598800659, -37.3844795227, 266.066131592, 197.963699341, -139.191192627, -297.232421875, -280.81930542, -103.461425781, 200.633834839, 453.312835693, 293.664794922], [328.915649414, 48.8547935486, -352.254058838, -54.3978652954, 239.451965332, 77.7046432495, -130.952224731, -191.374237061, -159.215560913, -77.8316268921, 96.4009246826, 293.664794922, 268.773132324]],
        "icov": [[0.000363701197784, -0.000300697662169, 0.000140655509313, 0.000181559051271, -0.00054174970137, 0.000641666352749, -0.000620490463916, 0.000601219013333, -0.000852501136251, 0.000433196342783, -3.17726917274e-005, 3.59176774509e-005, -0.000153838729602], [-0.000300697662169, 0.00433322787285, -0.00120857148431, 0.00177232024726, -0.0014814233873, 0.00109237094875, -0.000705796584953, 0.00241448590532, -0.00280717830174, 0.00197929469869, -0.00170245370828, 0.00180158705916, -0.00171317590866], [0.000140655509313, -0.00120857148431, 0.000798917026259, -0.000803473521955, 0.000985593418591, -0.000802331138402, 0.000329071976012, -0.000354282819899, 0.000114622453111, -6.38442143099e-005, 7.1675516665e-005, -0.000476598070236, 0.000738395843655], [0.000181559051271, 0.00177232024726, -0.000803473521955, 0.0030827105511, -0.0031139079947, 0.00226040789858, -0.00149734050501, 0.00122653192375, 6.96794813848e-005, -0.000399732613005, -0.00143046316225, 0.00172930175904, -0.000159833580256], [-0.00054174970137, -0.0014814233873, 0.000985593418591, -0.0031139079947, 0.00616425974295, -0.00561946025118, 0.00469539128244, -0.00284422072582, 0.00213647820055, 8.24344679131e-005, 0.000349967362126, 0.00117212836631, -0.00212760875002], [0.000641666352749, 0.00109237094875, -0.000802331138402, 0.00226040789858, -0.00561946025118, 0.0108114210889, -0.00985625851899, 0.00798701774329, -0.00426662992686, 0.00188731914386, 0.00105793552939, -0.0044415621087, 0.00368021358736], [-0.000620490463916, -0.000705796584953, 0.000329071976012, -0.00149734050501, 0.00469539128244, -0.00985625851899, 0.016701541841, -0.0154386749491, 0.0139360837638, -0.00725450459868, 0.00143066211604, 0.00445897690952, -0.00240358524024], [0.000601219013333, 0.00241448590532, -0.000354282819899, 0.00122653192375, -0.00284422072582, 0.00798701774329, -0.0154386749491, 0.0257683210075, -0.0241470243782, 0.0141051551327, 0.000234439445194, -0.00401212321594, 0.00373983732425], [-0.000852501136251, -0.00280717830174, 0.000114622453111, 6.96794813848e-005, 0.00213647820055, -0.00426662992686, 0.0139360837638, -0.0241470243782, 0.0360326692462, -0.0255369283259, 0.00597758451477, 0.00476005859673, -0.00275033991784], [0.000433196342783, 0.00197929469869, -6.38442143099e-005, -0.000399732613005, 8.24344679131e-005, 0.00188731914386, -0.00725450459868, 0.0141051551327, -0.0255369283259, 0.0265585556626, -0.0137064438313, 0.00298514426686, -0.000947038817685], [-3.17726917274e-005, -0.00170245370828, 7.1675516665e-005, -0.00143046316225, 0.000349967362126, 0.00105793552939, 0.00143066211604, 0.000234439445194, 0.00597758451477, -0.0137064438313, 0.0260286182165, -0.0171009954065, 0.00932002346963], [3.59176774509e-005, 0.00180158705916, -0.000476598070236, 0.00172930175904, 0.00117212836631, -0.0044415621087, 0.00445897690952, -0.00401212321594, 0.00476005859673, 0.00298514426686, -0.0171009954065, 0.0260911826044, -0.019780183211], [-0.000153838729602, -0.00171317590866, 0.000738395843655, -0.000159833580256, -0.00212760875002, 0.00368021358736, -0.00240358524024, 0.00373983732425, -0.00275033991784, -0.000947038817685, 0.00932002346963, -0.019780183211, 0.0238447468728]]
    },
    "melbands": {
        "mean": [1.04778719106e-005, 0.000891362084076, 0.00191503588576, 0.000498809211422, 0.000525066512637, 0.000668324821163, 0.000106972423964, 0.00066316081211, 0.000249161559623, 0.000268404604867, 7.43339987821e-005, 7.70091210143e-005, 0.000248237338383, 5.96475802013e-005, 2.20207721213e-006, 8.09734672202e-007, 3.78356412511e-006, 1.67730388512e-006, 8.47348360367e-007, 1.95892948796e-006, 7.05403579104e-007, 1.74130860842e-008, 9.23937548691e-009, 6.25554230638e-009, 5.15484277486e-009, 3.07362446605e-009, 9.33399801895e-010, 1.1212243356e-009, 6.13047723697e-010, 2.43583125892e-010, 1.82098933155e-010, 1.1387028126e-010, 7.50045719977e-011, 8.288516401e-011, 5.58140929308e-011, 3.71150367384e-011, 1.74529297264e-011, 2.00365089104e-011, 4.83193172973e-011, 4.75919095799e-011],
        "var": [2.35919617175e-009, 6.19834827376e-006, 2.16933440242e-005, 2.09832069231e-006, 9.26229517972e-007, 1.76913749783e-006, 8.99863508153e-008, 4.79263553643e-006, 5.03438343458e-007, 1.14934664452e-006, 2.43225542818e-007, 8.94299176935e-008, 1.15111856758e-006, 9.75375229473e-008, 2.07135003594e-011, 6.29810873592e-012, 5.3022219948e-010, 1.3293056933e-010, 7.54784776347e-012, 6.29066035374e-011, 1.21823844415e-011, 1.38573541968e-015, 9.53075225383e-016, 3.85917395783e-016, 2.10485927152e-016, 5.12945385018e-017, 1.03022623869e-017, 1.71423752093e-017, 4.3722186376e-017, 2.68285195616e-017, 4.83698123171e-018, 7.87031902258e-019, 1.94532386673e-018, 5.26099525447e-018, 1.06889902096e-018, 1.78433598551e-019, 4.54837312092e-020, 1.43473469121e-019, 2.72376617041e-018, 2.95710720377e-018]
    },
    "mfcc": {
        "mean": [-918.331848145, 214.133636475, 51.9644203186, -13.1758728027, -5.47817230225, -0.558412432671, -4.44628238678, -6.45916366577, -10.308508873, -17.276260376, -20.8099460602, -13.643705368, -2.86340308189],
        "cov": [[3401.75805664, 2006.73303223, -1643.34680176, -1329.76135254, 209.651397705, 34.3618965149, -588.005493164, -348.730010986, 196.049743652, 231.018447876, -165.270233154, -275.209320068, 52.3913879395], [2006.73303223, 1634.4197998, -253.48008728, -622.715759277, -142.836547852, -237.081939697, -566.732849121, -343.872680664, 140.560134888, 271.930145264, 47.7210006714, -100.046554565, 17.3774795532], [-1643.34680176, -253.48008728, 2096.54833984, 1143.83605957, -408.710144043, -414.345367432, -59.3382949829, -65.092414856, -71.5166320801, 138.390411377, 390.708190918, 289.71307373, -53.2543678284], [-1329.76135254, -622.715759277, 1143.83605957, 1117.07556152, 283.893249512, 88.4680252075, 198.738800049, 52.0266265869, -138.856002808, -52.8107261658, 193.040390015, 225.685333252, 16.340959549], [209.651397705, -142.836547852, -408.710144043, 283.893249512, 847.924316406, 631.107116699, 243.547119141, 41.1726875305, -118.662826538, -243.513412476, -223.288101196, -39.9790229797, 148.249359131], [34.3618965149, -237.081939697, -414.345367432, 88.4680252075, 631.107116699, 672.543457031, 444.567199707, 181.944549561, -105.652114868, -326.379699707, -337.574432373, -125.460624695, 121.451721191], [-588.005493164, -566.732849121, -59.3382949829, 198.738800049, 243.547119141, 444.567199707, 629.548950195, 399.301391602, -54.639541626, -302.173461914, -261.146362305, -105.916435242, 1.44264137745], [-348.730010986, -343.872680664, -65.092414856, 52.0266265869, 41.1726875305, 181.944549561, 399.301391602, 357.556182861, 75.3555526733, -149.765823364, -178.876235962, -97.9052429199, -32.1833496094], [196.049743652, 140.560134888, -71.5166320801, -138.856002808, -118.662826538, -105.652114868, -54.639541626, 75.3555526733, 203.701309204, 206.642211914, 95.0718994141, -20.1543655396, -87.0869750977], [231.018447876, 271.930145264, 138.390411377, -52.8107261658, -243.513412476, -326.379699707, -302.173461914, -149.765823364, 206.642211914, 547.113342285, 519.231445313, 139.51663208, -237.432922363], [-165.270233154, 47.7210006714, 390.708190918, 193.040390015, -223.288101196, -337.574432373, -261.146362305, -178.876235962, 95.0718994141, 519.231445313, 639.850097656, 256.44052124, -235.418563843], [-275.209320068, -100.046554565, 289.71307373, 225.685333252, -39.9790229797, -125.460624695, -105.916435242, -97.9052429199, -20.1543655396, 139.51663208, 256.44052124, 223.371765137, 68.7852325439], [52.3913879395, 17.3774795532, -53.2543678284, 16.340959549, 148.249359131, 121.451721191, 1.44264137745, -32.1833496094, -87.0869750977, -237.432922363, -235.418563843, 68.7852325439, 386.742645264]],
        "icov": [[0.0679633393884, -0.104679472744, 0.125755041838, -0.140178248286, 0.130804419518, -0.0897876769304, 0.0205025356263, 0.0570486485958, -0.115629032254, 0.129608586431, -0.1045159325, 0.0574912950397, -0.0188505724072], [-0.104679472744, 0.193109899759, -0.304810106754, 0.43305760622, -0.51497733593, 0.510143518448, -0.409561425447, 0.248783320189, -0.0800499916077, -0.0287126377225, 0.0644986927509, -0.0437637344003, 0.0160574968904], [0.125755041838, -0.304810106754, 0.637307405472, -1.05065190792, 1.38811540604, -1.53028535843, 1.43159413338, -1.13661766052, 0.743173837662, -0.399047672749, 0.163833320141, -0.05150764063, 0.00859904754907], [-0.140178248286, 0.43305760622, -1.05065190792, 1.84315800667, -2.52873325348, 2.88818264008, -2.82102894783, 2.37827301025, -1.70305645466, 1.04356634617, -0.524806797504, 0.209023401141, -0.0517068654299], [0.130804419518, -0.51497733593, 1.38811540604, -2.52873325348, 3.56112265587, -4.16303014755, 4.17365980148, -3.64059233665, 2.72826600075, -1.76601135731, 0.951486349106, -0.409284561872, 0.10928221792], [-0.0897876769304, 0.510143518448, -1.53028535843, 2.88818264008, -4.16303014755, 4.97961854935, -5.12130832672, 4.60753726959, -3.58494973183, 2.42025208473, -1.36493909359, 0.611705183983, -0.170027002692], [0.0205025356263, -0.409561425447, 1.43159413338, -2.82102894783, 4.17365980148, -5.12130832672, 5.43400859833, -5.0624499321, 4.09605264664, -2.87631225586, 1.68589365482, -0.773268818855, 0.21907363832], [0.0570486485958, 0.248783320189, -1.13661766052, 2.37827301025, -3.64059233665, 4.60753726959, -5.0624499321, 4.9088549614, -4.14409160614, 3.02948141098, -1.83907926083, 0.861383974552, -0.245894894004], [-0.115629032254, -0.0800499916077, 0.743173837662, -1.70305645466, 2.72826600075, -3.58494973183, 4.09605264664, -4.14409160614, 3.67365169525, -2.80309581757, 1.76604640484, -0.841416358948, 0.244420304894], [0.129608586431, -0.0287126377225, -0.399047672749, 1.04356634617, -1.76601135731, 2.42025208473, -2.87631225586, 3.02948141098, -2.80309581757, 2.23318076134, -1.46047866344, 0.71129745245, -0.211287215352], [-0.1045159325, 0.0644986927509, 0.163833320141, -0.524806797504, 0.951486349106, -1.36493909359, 1.68589365482, -1.83907926083, 1.76604640484, -1.46047866344, 1.00794637203, -0.522538900375, 0.168119221926], [0.0574912950397, -0.0437637344003, -0.05150764063, 0.209023401141, -0.409284561872, 0.611705183983, -0.773268818855, 0.861383974552, -0.841416358948, 0.71129745245, -0.522538900375, 0.305364727974, -0.107564561069], [-0.0188505724072, 0.0160574968904, 0.00859904754907, -0.0517068654299, 0.10928221792, -0.170027002692, 0.21907363832, -0.245894894004, 0.244420304894, -0.211287215352, 0.168119221926, -0.107564561069, 0.0448030717671]]
    },
    "spectral_contrast_coeffs": {
        "mean": [-0.471913605928, -0.607430398464, -0.660081326962, -0.780980348587, -0.844702720642, -0.898534715176],
        "var": [0.0137190213427, 0.0146659892052, 0.0127251502126, 0.00617139041424, 0.00311737717129, 0.00237944000401]
    },
    "spectral_contrast_valleys": {
        "mean": [-9.83289432526, -8.58922195435, -9.36184692383, -10.9003334045, -12.5863399506, -14.8018369675],
        "var": [1.12725937366, 1.8165563345, 1.595064044, 1.93418312073, 1.33044743538, 0.865811407566]
    }
},
"metadata": {
    "audio_properties": {
        "analysis_sample_rate": 44100,
        "bit_rate": 128074,
        "equal_loudness": 0,
        "length": 45.0612258911,
        "lossless": 0,
        "replay_gain": -4.81689071655,
        "sample_rate": 44100,
        "codec": "mp3",
        "downmix": "mix",
        "md5_encoded": "bf101bdb14041e98eee585b745cc9102"
    },
    "tags": {
        "file_name": "1301.mp3"
    },
    "version": {
        "essentia": "2.1-beta2",
        "essentia_git_sha": "v2.1_beta2",
        "extractor": "music 1.0"
    }
},
"rhythm": {
    "beats_count": 77,
    "beats_loudness": {
        "mean": 0.0225825831294,
        "var": 0.000704338774085
    },
    "bpm": 99.4819335938,
    "bpm_histogram_first_peak_bpm": {
        "mean": 99,
        "var": 0
    },
    "bpm_histogram_first_peak_spread": {
        "mean": 0.368421137333,
        "var": 0
    },
    "bpm_histogram_first_peak_weight": {
        "mean": 0.473684191704,
        "var": 0
    },
    "bpm_histogram_second_peak_bpm": {
        "mean": 140,
        "var": 0
    },
    "bpm_histogram_second_peak_spread": {
        "mean": 0.142857164145,
        "var": 0
    },
    "bpm_histogram_second_peak_weight": {
        "mean": 0.078947365284,
        "var": 0
    },
    "danceability": 1.0205373764,
    "onset_rate": 3.46039628983,
    "beats_loudness_band_ratio": {
        "mean": [0.373607963324, 0.272977471352, 0.230266988277, 0.134738624096, 0.0107198283076, 5.8581266785e-005],
        "var": [0.116925351322, 0.0791045129299, 0.1084324494, 0.0501657128334, 0.00119303143583, 1.05390093097e-007]
    },
    "beats_position": [0.615328788757, 1.24226760864, 1.86920630932, 2.50775504112, 3.13469386101, 3.7732424736, 4.41179132462, 5.02712011337, 5.64244890213, 6.25777769089, 6.87310647964, 7.4884352684, 8.10376358032, 8.71909236908, 9.34603118896, 9.94974994659, 10.5650787354, 11.1687984467, 11.7841272354, 12.3762359619, 12.9567346573, 13.5488433838, 14.1409521103, 14.7214508057, 15.3251695633, 15.9172782898, 16.5209980011, 17.1247158051, 17.7168254852, 18.3205432892, 18.9242630005, 19.5163707733, 20.1084804535, 20.7121982574, 21.3159179688, 21.9196376801, 22.523355484, 23.1270751953, 23.7307929993, 24.3345127106, 24.9382305145, 25.5303401947, 26.1224479675, 26.7261676788, 27.3298854828, 27.921995163, 28.5141029358, 29.1178226471, 29.7215423584, 30.3252601624, 30.9289798737, 31.5326976776, 32.1364173889, 32.7285270691, 33.3206329346, 33.9243545532, 34.5280723572, 35.1317901611, 35.7238998413, 36.3276176453, 36.9197273254, 37.4305648804, 37.94140625, 38.4638557434, 38.9863014221, 39.4971427917, 40.0079803467, 40.5304298401, 41.0296592712, 41.5404968262, 41.9700660706, 42.4112472534, 42.8408164978, 43.2703857422, 43.6999549866, 44.129524231, 44.5590934753]
},
"tonal": {
    "chords_changes_rate": 0.031893003732,
    "chords_number_rate": 0.00720164598897,
    "chords_strength": {
        "mean": 0.550711750984,
        "var": 0.00812121946365
    },
    "hpcp_entropy": {
        "mean": 1.49365508556,
        "var": 0.372014820576
    },
    "key_strength": 0.796537876129,
    "tuning_diatonic_strength": 0.701386630535,
    "tuning_equal_tempered_deviation": 0.161035105586,
    "tuning_frequency": 436.456176758,
    "tuning_nontempered_energy_ratio": 0.828558266163,
    "hpcp": {
        "mean": [0.0177675429732, 0.0225413758308, 0.0259899776429, 0.0251432228833, 0.0205272268504, 0.0384084768593, 0.100074127316, 0.129769101739, 0.213791683316, 0.436473965645, 0.394857645035, 0.135657981038, 0.0316727310419, 0.0133230276406, 0.00671518687159, 0.00475930143148, 0.00778055051342, 0.0100475279614, 0.0097341183573, 0.0214896444231, 0.0810548439622, 0.206545367837, 0.231000646949, 0.229543492198, 0.334466964006, 0.24070161581, 0.0556834302843, 0.0131786810234, 0.00850503984839, 0.0107551477849, 0.0163647513837, 0.0250533185899, 0.021998455748, 0.0141221508384, 0.0160474665463, 0.0165189355612],
        "var": [0.00740543147549, 0.0116914585233, 0.0156767219305, 0.0123855499551, 0.0078643579036, 0.0135367177427, 0.0581122897565, 0.0744187533855, 0.0647462680936, 0.159668192267, 0.13131980598, 0.0418415926397, 0.0113136945292, 0.00543984444812, 0.00217233318835, 0.00124044530094, 0.00288778031245, 0.00362089509144, 0.00233201892115, 0.00666329450905, 0.0343331545591, 0.105519250035, 0.121215753257, 0.0634020939469, 0.174913808703, 0.108831189573, 0.0199903771281, 0.00293111335486, 0.00206371443346, 0.002216006862, 0.00543924374506, 0.0103663029149, 0.00850474555045, 0.003369045211, 0.0057887150906, 0.00631724204868]
    },
    "chords_histogram": [13.9917697906, 1.74897122383, 0, 0, 0, 0, 0, 35.288066864, 24.2798347473, 20.0617275238, 2.88065838814, 0, 0, 0, 0, 0, 0, 1.74897122383, 0, 0, 0, 0, 0, 0],
    "thpcp": [1, 0.90465337038, 0.310804277658, 0.072564996779, 0.0305242203176, 0.0153850801289, 0.0109039759263, 0.0178259219974, 0.0230197645724, 0.02230171673, 0.0492346547544, 0.185703724623, 0.473213493824, 0.529242694378, 0.525904178619, 0.766293048859, 0.55146843195, 0.127575606108, 0.030193509534, 0.0194857902825, 0.0246409829706, 0.0374930761755, 0.0573993436992, 0.0504003837705, 0.03235508129, 0.0367661491036, 0.037846326828, 0.0407069921494, 0.0516442619264, 0.0595453083515, 0.0576053224504, 0.0470296703279, 0.0879971757531, 0.229278564453, 0.297312349081, 0.489815443754],
    "chords_key": "F",
    "chords_scale": "major",
    "key_key": "F",
    "key_scale": "minor"
}
}