{
"lowlevel": {
    "average_loudness": 0.953245460987,
    "barkbands_crest": {
        "mean": 6.69855594635,
        "var": 9.71741294861
    },
    "barkbands_flatness_db": {
        "mean": 0.115222305059,
        "var": 0.00143011799082
    },
    "barkbands_kurtosis": {
        "mean": 0.035770688206,
        "var": 6.8372168541
    },
    "barkbands_skewness": {
        "mean": 0.407467663288,
        "var": 0.959459245205
    },
    "barkbands_spread": {
        "mean": 32.5059432983,
        "var": 168.369827271
    },
    "dissonance": {
        "mean": 0.482380896807,
        "var": 0.000188759586308
    },
    "dynamic_complexity": 1.16390585899,
    "erbbands_crest": {
        "mean": 7.27734661102,
        "var": 8.40252017975
    },
    "erbbands_flatness_db": {
        "mean": 0.186387076974,
        "var": 0.00199490063824
    },
    "erbbands_kurtosis": {
        "mean": -0.0221178792417,
        "var": 2.32735061646
    },
    "erbbands_skewness": {
        "mean": -0.472539246082,
        "var": 0.359030991793
    },
    "erbbands_spread": {
        "mean": 36.0586433411,
        "var": 188.217437744
    },
    "hfc": {
        "mean": 27.1617145538,
        "var": 414.692840576
    },
    "melbands_crest": {
        "mean": 10.4261541367,
        "var": 25.0973243713
    },
    "melbands_flatness_db": {
        "mean": 0.139584749937,
        "var": 0.00270757777616
    },
    "melbands_kurtosis": {
        "mean": 4.22988414764,
        "var": 86.9137573242
    },
    "melbands_skewness": {
        "mean": 1.5938129425,
        "var": 1.68644714355
    },
    "melbands_spread": {
        "mean": 49.4561691284,
        "var": 660.75982666
    },
    "pitch_salience": {
        "mean": 0.610102057457,
        "var": 0.0106619987637
    },
    "silence_rate_20dB": {
        "mean": 1,
        "var": 0
    },
    "silence_rate_30dB": {
        "mean": 1,
        "var": 0
    },
    "silence_rate_60dB": {
        "mean": 0.00154479919001,
        "var": 0.00154241069686
    },
    "spectral_centroid": {
        "mean": 2316.10522461,
        "var": 401170.125
    },
    "spectral_complexity": {
        "mean": 28.7193622589,
        "var": 96.8662643433
    },
    "spectral_decrease": {
        "mean": -4.01018329654e-009,
        "var": 3.02148356891e-018
    },
    "spectral_energy": {
        "mean": 0.0175990127027,
        "var": 5.38845124538e-005
    },
    "spectral_energyband_high": {
        "mean": 0.00165491900407,
        "var": 5.79638208364e-006
    },
    "spectral_energyband_low": {
        "mean": 0.00386293279007,
        "var": 4.01873003284e-005
    },
    "spectral_energyband_middle_high": {
        "mean": 0.00671206088737,
        "var": 2.26413158089e-005
    },
    "spectral_energyband_middle_low": {
        "mean": 0.00596021441743,
        "var": 1.37537736009e-005
    },
    "spectral_entropy": {
        "mean": 7.65014982224,
        "var": 0.134654968977
    },
    "spectral_flux": {
        "mean": 0.0744816586375,
        "var": 0.000744697346818
    },
    "spectral_kurtosis": {
        "mean": 3.31632232666,
        "var": 5.27611351013
    },
    "spectral_rms": {
        "mean": 0.0040622157976,
        "var": 6.68168354423e-007
    },
    "spectral_rolloff": {
        "mean": 2961.62402344,
        "var": 2140173.5
    },
    "spectral_skewness": {
        "mean": 0.913870453835,
        "var": 0.093801677227
    },
    "spectral_spread": {
        "mean": 3381052.25,
        "var": 2.39584411648e+012
    },
    "spectral_strongpeak": {
        "mean": 1.09331405163,
        "var": 2.31972384453
    },
    "zerocrossingrate": {
        "mean": 0.0900629982352,
        "var": 0.00157659465913
    },
    "barkbands": {
        "mean": [4.09676831623e-005, 0.00177601864561, 0.00161627819762, 0.000752663123421, 0.00158819067292, 0.000793635612354, 0.00100319203921, 0.000860137282871, 0.000624918728136, 0.000745322613511, 0.000320676859701, 0.000464514479972, 0.00041357363807, 0.000591882446315, 0.000471341481898, 0.000455500179669, 0.00101482821628, 0.000920432794373, 0.00111208041199, 0.000722526048776, 0.000539481756277, 0.00033934993553, 0.0002203121403, 0.000147683138493, 4.94071900903e-005, 1.34740521389e-005, 6.34773584807e-007],
        "var": [4.05316624708e-009, 1.34998463182e-005, 9.85859060165e-006, 3.41393683811e-006, 3.51084986505e-006, 6.43487396701e-007, 1.70152441115e-006, 1.19071717108e-006, 6.01327201366e-007, 5.90133140577e-007, 2.7473680575e-007, 5.45458647139e-007, 7.15721341749e-007, 4.38509175638e-007, 3.49337369698e-007, 3.79039647669e-007, 1.30213800276e-006, 1.1580843875e-006, 2.65379367193e-006, 6.42269071705e-007, 7.1351371389e-007, 3.89450434568e-007, 2.71581512834e-007, 1.67663216644e-007, 3.13806935992e-008, 1.69190872423e-009, 6.56108023814e-012]
    },
    "erbbands": {
        "mean": [0.0306030064821, 0.473477870226, 1.93904948235, 2.23898482323, 4.4033498764, 4.84966373444, 5.43894433975, 6.21830511093, 13.4911718369, 15.0765781403, 20.9287910461, 14.57026577, 23.8041057587, 17.5479469299, 12.4720125198, 20.796710968, 19.6655483246, 27.1270713806, 30.9034004211, 21.4768867493, 33.9005508423, 53.9967079163, 51.0397377014, 57.6562614441, 50.6994552612, 33.7891159058, 23.9368877411, 19.9986343384, 12.5166740417, 8.57595729828, 6.3147521019, 3.8246254921, 2.05366635323, 0.74182164669, 0.251751929522, 0.0799879282713, 0.0219288077205, 0.00314792641439, 9.96809176286e-005, 2.76237897197e-005],
        "var": [0.0035149641335, 1.01415061951, 13.2518806458, 23.469959259, 32.424331665, 70.7055130005, 39.492023468, 51.2123069763, 265.678222656, 522.098876953, 641.011413574, 236.433944702, 849.859985352, 430.803985596, 447.406646729, 984.511047363, 1387.45300293, 996.62286377, 1029.84094238, 660.786254883, 1437.23681641, 3990.40600586, 3559.87353516, 5922.62646484, 5892.43945313, 1611.86157227, 1289.46411133, 949.029052734, 466.984313965, 418.901184082, 248.549118042, 100.458648682, 38.6273841858, 6.99823379517, 0.7081361413, 0.0636506155133, 0.00473489705473, 9.15911004995e-005, 8.35800122445e-008, 3.38460010019e-010]
    },
    "gfcc": {
        "mean": [0.874409854412, 98.2756652832, -163.600265503, 56.0170707703, -60.7755088806, -2.87475132942, -25.6017017365, 2.90895962715, -17.0078201294, -2.87164258957, -13.908208847, -7.48310947418, -10.6277399063],
        "cov": [[2707.72509766, -1388.53747559, 629.547424316, 181.481033325, -89.597869873, 712.876464844, -280.42767334, 308.556213379, -232.243057251, 48.1830215454, -148.888153076, 146.246139526, -124.44733429], [-1388.53747559, 1669.42077637, -546.208190918, -131.101425171, 137.438049316, -622.452941895, 257.437347412, -256.091003418, 229.541946411, -21.3344974518, 162.340026855, -146.191574097, 119.953147888], [629.547424316, -546.208190918, 899.944580078, 126.364234924, -25.4398155212, 358.746185303, -145.512176514, 158.10899353, -94.815032959, 100.652099609, -82.0432662964, 78.9090194702, -63.5726890564], [181.481033325, -131.101425171, 126.364234924, 150.429519653, 15.4384393692, 54.9608612061, -33.2554931641, 21.2660274506, 0.453008264303, -1.89856648445, -8.63507938385, 14.183391571, -2.93651413918], [-89.597869873, 137.438049316, -25.4398155212, 15.4384393692, 128.810272217, 27.4353866577, 29.9738025665, 2.79507803917, 6.03902387619, -7.7126750946, 19.6976280212, -0.814954161644, 7.84671115875], [712.876464844, -622.452941895, 358.746185303, 54.9608612061, 27.4353866577, 441.802215576, -66.829826355, 156.76020813, -102.980644226, 7.39386606216, -39.5931434631, 68.6982879639, -54.2545166016], [-280.42767334, 257.437347412, -145.512176514, -33.2554931641, 29.9738025665, -66.829826355, 157.019241333, -18.7293987274, 32.8586921692, -14.356669426, 19.3220443726, -24.8937911987, 18.8391132355], [308.556213379, -256.091003418, 158.10899353, 21.2660274506, 2.79507803917, 156.76020813, -18.7293987274, 138.959396362, -11.0377979279, 13.6207180023, -22.9602088928, 18.4771785736, -20.1813755035], [-232.243057251, 229.541946411, -94.815032959, 0.453008264303, 6.03902387619, -102.980644226, 32.8586921692, -11.0377979279, 128.496139526, 16.9201259613, 34.3100624084, -22.0017166138, 9.90916538239], [48.1830215454, -21.3344974518, 100.652099609, -1.89856648445, -7.7126750946, 7.39386606216, -14.356669426, 13.6207180023, 16.9201259613, 97.9338989258, 15.0879592896, 18.3309841156, -2.20503664017], [-148.888153076, 162.340026855, -82.0432662964, -8.63507938385, 19.6976280212, -39.5931434631, 19.3220443726, -22.9602088928, 34.3100624084, 15.0879592896, 107.114311218, 12.0682373047, 22.9058551788], [146.246139526, -146.191574097, 78.9090194702, 14.183391571, -0.814954161644, 68.6982879639, -24.8937911987, 18.4771785736, -22.0017166138, 18.3309841156, 12.0682373047, 67.7464981079, 9.84314250946], [-124.44733429, 119.953147888, -63.5726890564, -2.93651413918, 7.84671115875, -54.2545166016, 18.8391132355, -20.1813755035, 9.90916538239, -2.20503664017, 22.9058551788, 9.84314250946, 60.3173751831]],
        "icov": [[0.00106750812847, -0.000685007136781, 0.000817744061351, -0.00135243067052, 0.00148888584226, -0.0017529920442, 0.00142223632429, -0.00145749957301, 0.0012711067684, -0.00098575418815, 0.00118652463425, -0.00144227175042, 0.00119836686645], [-0.000685007136781, 0.00496718194336, -0.00248887902126, 0.00359504716471, -0.00565349357203, 0.00519872969016, -0.00413629459217, 0.00399410026148, -0.00390988495201, 0.00218395330012, -0.00433759670705, 0.00593128846958, -0.00429833959788], [0.000817744061351, -0.00248887902126, 0.00402002735063, -0.00361781101674, 0.00352778960951, -0.00424016173929, 0.00328869908117, -0.0031269073952, 0.00291352672502, -0.00392920058221, 0.00362327182665, -0.00372386700474, 0.00296083791181], [-0.00135243067052, 0.00359504716471, -0.00361781101674, 0.0116912089288, -0.00599515112117, 0.00441156188026, -0.00251925946213, 0.00411160709336, -0.00529473880306, 0.00419015204534, -0.0034754248336, 0.00428935326636, -0.00463026715443], [0.00148888584226, -0.00565349357203, 0.00352778960951, -0.00599515112117, 0.0160428918898, -0.00848070997745, 0.00359674356878, -0.00441765971482, 0.00455149868503, -0.00283881323412, 0.00392463756725, -0.00599121116102, 0.00406031822786], [-0.0017529920442, 0.00519872969016, -0.00424016173929, 0.00441156188026, -0.00848070997745, 0.0137257883325, -0.00523393275216, -0.000472983694635, -0.00135721627157, 0.0046635097824, -0.00603853771463, 0.0027275045868, -0.00104234274477], [0.00142223632429, -0.00413629459217, 0.00328869908117, -0.00251925946213, 0.00359674356878, -0.00523393275216, 0.0125931324437, -0.00468845805153, 0.00284636043943, -0.00224038423039, 0.00399355450645, -0.0035632844083, 0.00234147370793], [-0.00145749957301, 0.00399410026148, -0.0031269073952, 0.00411160709336, -0.00441765971482, -0.000472983694635, -0.00468845805153, 0.0179189927876, -0.00760940928012, 0.00168733287137, -0.0022169824224, 0.00660915952176, -0.00536146573722], [0.0012711067684, -0.00390988495201, 0.00291352672502, -0.00529473880306, 0.00455149868503, -0.00135721627157, 0.00284636043943, -0.00760940928012, 0.0159728061408, -0.0047675864771, 0.000790715916082, -0.00336391082965, 0.00541353831068], [-0.00098575418815, 0.00218395330012, -0.00392920058221, 0.00419015204534, -0.00283881323412, 0.0046635097824, -0.00224038423039, 0.00168733287137, -0.0047675864771, 0.015727262944, -0.00472102826461, -0.000282085849904, -0.00128889584448], [0.00118652463425, -0.00433759670705, 0.00362327182665, -0.0034754248336, 0.00392463756725, -0.00603853771463, 0.00399355450645, -0.0022169824224, 0.000790715916082, -0.00472102826461, 0.0169997718185, -0.00888119265437, 0.00148369569797], [-0.00144227175042, 0.00593128846958, -0.00372386700474, 0.00428935326636, -0.00599121116102, 0.0027275045868, -0.0035632844083, 0.00660915952176, -0.00336391082965, -0.000282085849904, -0.00888119265437, 0.0306197311729, -0.0130120692775], [0.00119836686645, -0.00429833959788, 0.00296083791181, -0.00463026715443, 0.00406031822786, -0.00104234274477, 0.00234147370793, -0.00536146573722, 0.00541353831068, -0.00128889584448, 0.00148369569797, -0.0130120692775, 0.0271273106337]]
    },
    "melbands": {
        "mean": [0.000373099726858, 0.000901509891264, 0.000449717685115, 0.000345654494595, 0.000191244675079, 0.000154307504999, 0.00020704344206, 0.000162562544574, 0.000165131830727, 8.85315821506e-005, 0.000118187992484, 7.18636656529e-005, 3.86318934034e-005, 5.00102614751e-005, 4.74189400848e-005, 4.35144393123e-005, 5.26687399542e-005, 5.10905883857e-005, 3.39552170772e-005, 2.87952516373e-005, 4.3447369535e-005, 6.06178728049e-005, 4.83265648654e-005, 3.98065749323e-005, 4.74343723909e-005, 4.15134600189e-005, 2.8256634323e-005, 2.14219817281e-005, 1.4683721929e-005, 1.4177927369e-005, 1.03707807284e-005, 7.5538209785e-006, 5.58537749384e-006, 4.21903359893e-006, 3.70815382666e-006, 2.87955799649e-006, 2.18973150368e-006, 1.65316157563e-006, 8.6578927494e-007, 5.33762488431e-007],
        "var": [5.859749308e-007, 2.80022641164e-006, 6.32085800589e-007, 1.99301311454e-007, 5.64203439524e-008, 2.88176380536e-008, 5.97828133664e-008, 5.87435273758e-008, 3.85371379252e-008, 1.13500613352e-008, 2.1240069259e-008, 7.09678227295e-009, 3.69272945555e-009, 7.08699587904e-009, 7.19338899557e-009, 6.97070534628e-009, 3.95089383431e-009, 3.04876968116e-009, 1.87804394258e-009, 1.41122247221e-009, 2.87383716824e-009, 5.01194064029e-009, 4.32831903652e-009, 2.21058660266e-009, 4.74185846144e-009, 5.75008973769e-009, 1.5477478188e-009, 7.01806723846e-010, 4.99996433145e-010, 4.63759280978e-010, 2.90657137247e-010, 1.6678246284e-010, 1.57897708797e-010, 1.10090513095e-010, 8.6126029919e-011, 5.54518549134e-011, 3.81066601884e-011, 2.57290959371e-011, 8.68294585538e-012, 4.059798938e-012]
    },
    "mfcc": {
        "mean": [-620.354003906, 108.737159729, -35.8951530457, 46.7523193359, -12.5936994553, 3.61282134056, -4.62204456329, 3.08729290962, -0.984698653221, 2.57526302338, 1.10481607914, 1.6229569912, -7.59488630295],
        "cov": [[1853.87780762, -1177.55981445, 452.642730713, -334.36428833, 330.611175537, 164.44468689, 139.36050415, 235.070159912, -38.8843612671, 157.659729004, -130.042800903, -92.247215271, 41.7656402588], [-1177.55981445, 1456.0279541, -509.899261475, 309.933288574, -268.18447876, -135.506607056, -98.5495147705, -205.88671875, 34.2543067932, -113.459465027, 129.944335938, 83.0541229248, -18.4144973755], [452.642730713, -509.899261475, 803.811828613, -105.354263306, 234.671066284, 92.5112228394, 74.2262115479, 61.155128479, 30.1173973083, 75.1071548462, -31.0990047455, -14.2356977463, 42.5422706604], [-334.36428833, 309.933288574, -105.354263306, 246.892944336, -78.099647522, -43.4641189575, -75.0266952515, -82.2761383057, 18.2945308685, -53.7270469666, 41.2622528076, 19.084728241, -17.1411533356], [330.611175537, -268.18447876, 234.671066284, -78.099647522, 244.911422729, 68.5303344727, 47.7500839233, 75.3067626953, -13.3513717651, 61.5584526062, -38.4223175049, -14.8512020111, 34.794090271], [164.44468689, -135.506607056, 92.5112228394, -43.4641189575, 68.5303344727, 112.498764038, 56.5713653564, 38.6065788269, 1.601973176, 11.9151277542, -14.0174179077, -12.2029533386, 25.1698322296], [139.36050415, -98.5495147705, 74.2262115479, -75.0266952515, 47.7500839233, 56.5713653564, 157.724884033, 63.5012626648, 1.468126297, 17.2945480347, -18.3230171204, -18.6702613831, 8.81897926331], [235.070159912, -205.88671875, 61.155128479, -82.2761383057, 75.3067626953, 38.6065788269, 63.5012626648, 142.899475098, 12.7875337601, 47.1984672546, -24.1751213074, -27.8029918671, 6.03102874756], [-38.8843612671, 34.2543067932, 30.1173973083, 18.2945308685, -13.3513717651, 1.601973176, 1.468126297, 12.7875337601, 85.4999542236, 17.6036586761, 14.8444213867, -0.446410447359, -5.1941947937], [157.659729004, -113.459465027, 75.1071548462, -53.7270469666, 61.5584526062, 11.9151277542, 17.2945480347, 47.1984672546, 17.6036586761, 95.3486480713, 6.6391210556, -4.63024282455, 7.25901174545], [-130.042800903, 129.944335938, -31.0990047455, 41.2622528076, -38.4223175049, -14.0174179077, -18.3230171204, -24.1751213074, 14.8444213867, 6.6391210556, 75.6182785034, 33.1915512085, 3.8431994915], [-92.247215271, 83.0541229248, -14.2356977463, 19.084728241, -14.8512020111, -12.2029533386, -18.6702613831, -27.8029918671, -0.446410447359, -4.63024282455, 33.1915512085, 75.751625061, 22.6573791504], [41.7656402588, -18.4144973755, 42.5422706604, -17.1411533356, 34.794090271, 25.1698322296, 8.81897926331, 6.03102874756, -5.1941947937, 7.25901174545, 3.8431994915, 22.6573791504, 75.3373718262]],
        "icov": [[0.00131296936888, 0.000755046086852, 5.266363587e-005, 0.000277912069578, -0.000407156301662, -0.000393949798308, -5.19532841281e-005, -0.00023292505648, 0.000285398884444, -0.000766317709349, 0.000338440731866, 0.000332484778482, -0.000189195285202], [0.000755046086852, 0.00188735732809, 0.000696512579452, -0.000786464021076, -0.000269375537755, 0.000510845333338, -0.000765151693486, 0.000972195353825, -0.000528769567609, -1.97836470761e-005, -0.00100094918162, -2.75407219306e-005, -0.000539242930245], [5.266363587e-005, 0.000696512579452, 0.00218792492524, -6.10382776358e-005, -0.00176207686309, -5.02135044371e-005, -0.000640089856461, 0.00123494130094, -0.00137810828164, -4.65102311864e-005, -0.000548382638954, 7.95050436864e-006, -0.000366638792912], [0.000277912069578, -0.000786464021076, -6.10382776358e-005, 0.00714463880286, -0.000741762924008, -0.000101521225588, 0.00205343449488, 0.00112360983621, -0.00152232346591, 0.0026463069953, -0.00202034297399, 0.000938470242545, 0.000820808345452], [-0.000407156301662, -0.000269375537755, -0.00176207686309, -0.000741762924008, 0.00874373596162, -0.00240334239788, 0.00047611570335, -0.00214594625868, 0.00253885355778, -0.0036559922155, 0.00312511948869, -0.000810718454886, -0.00152139517013], [-0.000393949798308, 0.000510845333338, -5.02135044371e-005, -0.000101521225588, -0.00240334239788, 0.0139295328408, -0.00366697576828, 2.41143734456e-005, -0.00135229609441, 0.0024187087547, -0.00157161895186, 0.00174072640948, -0.00353760155849], [-5.19532841281e-005, -0.000765151693486, -0.000640089856461, 0.00205343449488, 0.00047611570335, -0.00366697576828, 0.00965065788478, -0.00325189484283, 0.000368360080756, 0.000743747455999, 0.000282065477222, 0.000578753824811, 0.00057157484116], [-0.00023292505648, 0.000972195353825, 0.00123494130094, 0.00112360983621, -0.00214594625868, 2.41143734456e-005, -0.00325189484283, 0.0130060212687, -0.00286852871068, -0.00260922801681, 6.97420045981e-006, 0.00207161484286, -0.000322176463669], [0.000285398884444, -0.000528769567609, -0.00137810828164, -0.00152232346591, 0.00253885355778, -0.00135229609441, 0.000368360080756, -0.00286852871068, 0.0146624902263, -0.00369000784121, -0.000874995137565, 0.00033899146365, 0.000919277197681], [-0.000766317709349, -1.97836470761e-005, -4.65102311864e-005, 0.0026463069953, -0.0036559922155, 0.0024187087547, 0.000743747455999, -0.00260922801681, -0.00369000784121, 0.0176183618605, -0.00607551215217, 0.000996220158413, 0.000108919062768], [0.000338440731866, -0.00100094918162, -0.000548382638954, -0.00202034297399, 0.00312511948869, -0.00157161895186, 0.000282065477222, 6.97420045981e-006, -0.000874995137565, -0.00607551215217, 0.0218217410147, -0.00764368660748, 0.000176556306542], [0.000332484778482, -2.75407219306e-005, 7.95050436864e-006, 0.000938470242545, -0.000810718454886, 0.00174072640948, 0.000578753824811, 0.00207161484286, 0.00033899146365, 0.000996220158413, -0.00764368660748, 0.0196355227381, -0.00601073494181], [-0.000189195285202, -0.000539242930245, -0.000366638792912, 0.000820808345452, -0.00152139517013, -0.00353760155849, 0.00057157484116, -0.000322176463669, 0.000919277197681, 0.000108919062768, 0.000176556306542, -0.00601073494181, 0.0173355024308]]
    },
    "spectral_contrast_coeffs": {
        "mean": [-0.646714389324, -0.760202348232, -0.774090349674, -0.781263530254, -0.742720067501, -0.663944005966],
        "var": [0.00509105855599, 0.00287470920011, 0.00295659527183, 0.00185666373, 0.00240243203007, 0.00303750694729]
    },
    "spectral_contrast_valleys": {
        "mean": [-7.57875919342, -6.55832958221, -7.16409015656, -7.32561016083, -6.97934865952, -10.6793823242],
        "var": [0.61319476366, 0.409159421921, 0.505708873272, 0.565647661686, 0.671993792057, 1.75132477283]
    }
},
"metadata": {
    "audio_properties": {
        "analysis_sample_rate": 44100,
        "bit_rate": 128074,
        "equal_loudness": 0,
        "length": 45.0612258911,
        "lossless": 0,
        "replay_gain": -4.70346450806,
        "sample_rate": 44100,
        "codec": "mp3",
        "downmix": "mix",
        "md5_encoded": "9de752de87ce235ff9964220b4edabec"
    },
    "tags": {
        "file_name": "1304.mp3"
    },
    "version": {
        "essentia": "2.1-beta2",
        "essentia_git_sha": "v2.1_beta2",
        "extractor": "music 1.0"
    }
},
"rhythm": {
    "beats_count": 97,
    "beats_loudness": {
        "mean": 0.0186265911907,
        "var": 5.01508329762e-005
    },
    "bpm": 132.813140869,
    "bpm_histogram_first_peak_bpm": {
        "mean": 133,
        "var": 0
    },
    "bpm_histogram_first_peak_spread": {
        "mean": 0.415584445,
        "var": 0
    },
    "bpm_histogram_first_peak_weight": {
        "mean": 0.46875,
        "var": 0
    },
    "bpm_histogram_second_peak_bpm": {
        "mean": 126,
        "var": 0
    },
    "bpm_histogram_second_peak_spread": {
        "mean": 0,
        "var": 0
    },
    "bpm_histogram_second_peak_weight": {
        "mean": 0.0729166641831,
        "var": 0
    },
    "danceability": 1.2785949707,
    "onset_rate": 3.74876260757,
    "beats_loudness_band_ratio": {
        "mean": [0.230623841286, 0.132755815983, 0.181841567159, 0.118760719895, 0.201402246952, 0.192429453135],
        "var": [0.0388872027397, 0.0129411118105, 0.0221473015845, 0.0112187452614, 0.0157495439053, 0.0238395724446]
    },
    "beats_position": [0.417959183455, 0.859138309956, 1.30031740665, 1.74149656296, 2.18267560005, 2.62385487556, 3.07664394379, 3.52943301201, 3.98222208023, 4.43501138687, 4.88780021667, 5.34058952332, 5.78176879883, 6.23455762863, 6.68734693527, 7.14013576508, 7.59292507172, 8.03410434723, 8.48689365387, 8.93968200684, 9.39247131348, 9.84526062012, 10.2980499268, 10.7508392334, 11.1920175552, 11.6331968307, 12.0743761063, 12.5271654129, 12.9799547195, 13.4327430725, 13.8855323792, 14.3383216858, 14.7795009613, 15.2322902679, 15.6734695435, 16.1262588501, 16.5790481567, 17.031835556, 17.4846248627, 17.9258041382, 18.3785934448, 18.8313827515, 19.2957820892, 19.760181427, 20.2361907959, 20.7005901337, 21.2114276886, 21.7222671509, 22.2447166443, 22.7555541992, 23.2663936615, 23.7656230927, 24.2300224304, 24.7060317993, 25.1820411682, 25.6580486298, 26.1224479675, 26.5868473053, 27.0512466431, 27.5156459808, 27.9800453186, 28.4444446564, 28.897233963, 29.3616313934, 29.8376407623, 30.3136501312, 30.7896595001, 31.3353290558, 31.8809967041, 32.4266662598, 32.9375038147, 33.4599533081, 33.9707946777, 34.4235839844, 34.8647613525, 35.3059387207, 35.7587280273, 36.211517334, 36.6643066406, 37.1287078857, 37.5931053162, 38.034286499, 38.4754638672, 38.9282531738, 39.3810424805, 39.8338317871, 40.2866210938, 40.7394104004, 41.192199707, 41.6333770752, 42.0745582581, 42.5273475647, 42.9801368713, 43.432926178, 43.8857116699, 44.3385009766, 44.7912902832]
},
"tonal": {
    "chords_changes_rate": 0.0596707835793,
    "chords_number_rate": 0.00720164598897,
    "chords_strength": {
        "mean": 0.507654488087,
        "var": 0.00706312106922
    },
    "hpcp_entropy": {
        "mean": 1.95534002781,
        "var": 0.647595286369
    },
    "key_strength": 0.702547967434,
    "tuning_diatonic_strength": 0.558364212513,
    "tuning_equal_tempered_deviation": 0.0094761652872,
    "tuning_frequency": 440,
    "tuning_nontempered_energy_ratio": 0.648696422577,
    "hpcp": {
        "mean": [0.179682254791, 0.155181363225, 0.167318403721, 0.205070391297, 0.160762369633, 0.144467592239, 0.134401977062, 0.108722001314, 0.176756471395, 0.213045209646, 0.137852102518, 0.089657664299, 0.0877512693405, 0.117688961327, 0.258995205164, 0.373799085617, 0.25495955348, 0.176156505942, 0.210250541568, 0.148540750146, 0.102750368416, 0.104747340083, 0.0992458313704, 0.157157316804, 0.200185403228, 0.134351357818, 0.0869611725211, 0.0972805097699, 0.145209938288, 0.418112963438, 0.624391615391, 0.388596385717, 0.218021199107, 0.250450491905, 0.170436516404, 0.132907047868],
        "var": [0.0378608778119, 0.0309899076819, 0.0462317354977, 0.0690188631415, 0.0357634052634, 0.0378637425601, 0.0288870483637, 0.0192133635283, 0.0436769686639, 0.0689653679729, 0.0251554921269, 0.0162362065166, 0.0186335723847, 0.0262594856322, 0.0505417883396, 0.0943094342947, 0.0508491322398, 0.0339499823749, 0.057139325887, 0.024315001443, 0.0229330901057, 0.0243994724005, 0.0199103094637, 0.0311430767179, 0.0614337064326, 0.0260756909847, 0.0142793217674, 0.0192962400615, 0.0383521169424, 0.0825242251158, 0.139262512326, 0.0714397951961, 0.0464847013354, 0.0929771959782, 0.0402017794549, 0.0252165477723]
    },
    "chords_histogram": [12.6543207169, 1.13168728352, 46.9135818481, 0, 0, 0, 0, 3.90946507454, 0, 22.6337451935, 0, 0, 0, 0, 0, 0, 0.617283940315, 0, 0, 0, 0, 0, 7.09876537323, 5.04115247726],
    "thpcp": [1, 0.622360050678, 0.349173814058, 0.401111245155, 0.272964119911, 0.212858483195, 0.287771731615, 0.248532101512, 0.26797029376, 0.328432321548, 0.257470428944, 0.231373369694, 0.215252697468, 0.174124702811, 0.283085912466, 0.341204464436, 0.220778271556, 0.143592044711, 0.140538826585, 0.188485816121, 0.414796084166, 0.59866130352, 0.408332765102, 0.282125025988, 0.33672863245, 0.237896770239, 0.164560779929, 0.167759045959, 0.158948048949, 0.251696705818, 0.320608735085, 0.21517162025, 0.139273449779, 0.15580047667, 0.232562273741, 0.669632554054],
    "chords_key": "G",
    "chords_scale": "minor",
    "key_key": "C",
    "key_scale": "minor"
}
}