{
"lowlevel": {
    "average_loudness": 0.96941202879,
    "barkbands_crest": {
        "mean": 15.9346065521,
        "var": 31.3298034668
    },
    "barkbands_flatness_db": {
        "mean": 0.248856619,
        "var": 0.0108562167734
    },
    "barkbands_kurtosis": {
        "mean": 22.8581256866,
        "var": 1762.93029785
    },
    "barkbands_skewness": {
        "mean": 3.46464776993,
        "var": 6.2658700943
    },
    "barkbands_spread": {
        "mean": 13.3304891586,
        "var": 175.424362183
    },
    "dissonance": {
        "mean": 0.423211663961,
        "var": 0.00293652527034
    },
    "dynamic_complexity": 2.63270401955,
    "erbbands_crest": {
        "mean": 12.176322937,
        "var": 22.2879428864
    },
    "erbbands_flatness_db": {
        "mean": 0.181600913405,
        "var": 0.00407414697111
    },
    "erbbands_kurtosis": {
        "mean": 1.30845081806,
        "var": 7.99199819565
    },
    "erbbands_skewness": {
        "mean": 0.334379941225,
        "var": 0.53856754303
    },
    "erbbands_spread": {
        "mean": 40.1666870117,
        "var": 630.068786621
    },
    "hfc": {
        "mean": 14.1770715714,
        "var": 232.498046875
    },
    "melbands_crest": {
        "mean": 21.8211307526,
        "var": 29.594171524
    },
    "melbands_flatness_db": {
        "mean": 0.346925318241,
        "var": 0.0150476349518
    },
    "melbands_kurtosis": {
        "mean": 47.7721252441,
        "var": 5407.66845703
    },
    "melbands_skewness": {
        "mean": 4.81478691101,
        "var": 8.13852977753
    },
    "melbands_spread": {
        "mean": 10.6236410141,
        "var": 139.508605957
    },
    "pitch_salience": {
        "mean": 0.332659840584,
        "var": 0.017813116312
    },
    "silence_rate_20dB": {
        "mean": 1,
        "var": 0
    },
    "silence_rate_30dB": {
        "mean": 0.835221409798,
        "var": 0.137624800205
    },
    "silence_rate_60dB": {
        "mean": 0.00154479919001,
        "var": 0.00154241069686
    },
    "spectral_centroid": {
        "mean": 876.569335938,
        "var": 397921.59375
    },
    "spectral_complexity": {
        "mean": 9.80792999268,
        "var": 30.0582370758
    },
    "spectral_decrease": {
        "mean": -1.32011086507e-008,
        "var": 1.37504986082e-016
    },
    "spectral_energy": {
        "mean": 0.051109880209,
        "var": 0.00200981553644
    },
    "spectral_energyband_high": {
        "mean": 0.000663586019073,
        "var": 1.68018516433e-006
    },
    "spectral_energyband_low": {
        "mean": 0.0402365401387,
        "var": 0.00175845355261
    },
    "spectral_energyband_middle_high": {
        "mean": 0.00212959200144,
        "var": 1.688759221e-005
    },
    "spectral_energyband_middle_low": {
        "mean": 0.00977174844593,
        "var": 0.000345511332853
    },
    "spectral_entropy": {
        "mean": 6.98512983322,
        "var": 0.649627268314
    },
    "spectral_flux": {
        "mean": 0.125426068902,
        "var": 0.007298624143
    },
    "spectral_kurtosis": {
        "mean": 9.60331439972,
        "var": 195.977844238
    },
    "spectral_rms": {
        "mean": 0.00646478449926,
        "var": 8.06989828561e-006
    },
    "spectral_rolloff": {
        "mean": 568.256164551,
        "var": 919655.5
    },
    "spectral_skewness": {
        "mean": 2.1877219677,
        "var": 1.80462098122
    },
    "spectral_spread": {
        "mean": 5091177.5,
        "var": 5.43025004544e+012
    },
    "spectral_strongpeak": {
        "mean": 0.49683073163,
        "var": 0.185438394547
    },
    "zerocrossingrate": {
        "mean": 0.0297690648586,
        "var": 0.000727551348973
    },
    "barkbands": {
        "mean": [0.00113164342474, 0.028633300215, 0.0089601483196, 0.00282261963002, 0.00308462441899, 0.000767626857851, 8.50287979119e-005, 0.00135142600629, 0.00113981135655, 0.000699487805832, 0.000147662198287, 7.98901019152e-005, 0.000576145714149, 0.000149111627252, 0.000366776832379, 0.000176381334313, 8.71351512615e-005, 9.33981646085e-005, 5.25858449691e-005, 0.00014333720901, 9.69440225163e-005, 0.000112849396828, 0.000150349209434, 0.000116850598715, 7.11453249096e-005, 1.29860663947e-005, 6.68793688874e-007],
        "var": [2.4012515496e-006, 0.00127783638891, 0.000285452522803, 8.39280037326e-005, 0.00012213800801, 1.94705853573e-006, 2.7170385053e-008, 2.16691228161e-006, 1.99257465283e-006, 1.86881516129e-006, 4.96691825447e-007, 2.6649205509e-008, 4.32871365774e-006, 9.20527511994e-008, 9.61748469308e-007, 1.44819082948e-007, 6.05464407499e-008, 6.04429857276e-008, 1.64695386218e-008, 1.14714886479e-007, 3.20127426789e-008, 8.20573262672e-008, 1.69877807821e-007, 6.19488531584e-008, 1.40618370281e-008, 9.74404779086e-010, 2.42161499187e-011]
    },
    "erbbands": {
        "mean": [0.882031857967, 6.10383796692, 11.7116346359, 9.49379062653, 10.9980649948, 8.88224029541, 9.24180412292, 4.07713317871, 1.67688477039, 5.055519104, 37.9841117859, 23.4816493988, 35.2509346008, 12.266418457, 3.32754468918, 5.0795841217, 28.8791294098, 8.86935043335, 17.9024562836, 12.643321991, 11.2725009918, 5.21683597565, 5.05340671539, 3.2464838028, 3.24972176552, 6.37958478928, 4.46150588989, 4.59010839462, 3.78622984886, 4.52770376205, 4.48638010025, 2.69367647171, 1.72526896, 1.03399777412, 0.396292716265, 0.0844177156687, 0.0192829053849, 0.00301215890795, 0.000119309814181, 6.07775436947e-005],
        "var": [1.3612498045, 66.2475357056, 323.015594482, 605.70098877, 1595.54418945, 1103.65197754, 340.721893311, 58.4076957703, 9.48672580719, 22.9304409027, 1762.32250977, 925.412902832, 3638.9621582, 979.049621582, 68.5211715698, 196.261047363, 12362.8671875, 334.838317871, 794.715515137, 1974.31335449, 587.936279297, 165.723358154, 179.241241455, 53.6911582947, 44.2582473755, 198.281478882, 106.172569275, 71.7715759277, 81.7258300781, 123.200195313, 178.117111206, 41.5537605286, 11.5542831421, 3.10669207573, 0.529481470585, 0.0283101964742, 0.00284206098877, 0.000152993772645, 3.54220475174e-007, 2.6442388279e-009]
    },
    "gfcc": {
        "mean": [-50.8195266724, 115.690567017, -80.113609314, 41.2612876892, -50.8637924194, 37.0636787415, -17.3211269379, 26.0088272095, 0.858534991741, -0.6156899333, -22.0896053314, -19.3346920013, -4.92034053802],
        "cov": [[8086.98144531, -3031.08349609, -941.522033691, 855.520935059, -705.751342773, 155.417297363, -1226.6270752, -300.063598633, -1070.72961426, 761.270751953, -179.666519165, 742.746398926, 29.9590091705], [-3031.08349609, 2100.48925781, 243.218261719, -644.242858887, 617.097412109, -274.93939209, 497.67276001, 15.2657709122, 427.168548584, -454.372924805, 94.2462081909, -394.707733154, 13.5040588379], [-941.522033691, 243.218261719, 629.461853027, 78.0000228882, -50.0421714783, 38.89793396, 211.605056763, 9.45316410065, 180.460189819, -101.497077942, 15.4650039673, -97.0253601074, -50.4922599792], [855.520935059, -644.242858887, 78.0000228882, 385.022247314, -229.99269104, 95.1894302368, -147.903198242, -19.423330307, -70.3913574219, 144.836502075, -14.6948604584, 64.695854187, 20.3246917725], [-705.751342773, 617.097412109, -50.0421714783, -229.99269104, 390.58972168, -137.013687134, 124.226570129, 7.54390621185, 85.149887085, -90.6237182617, 21.1011810303, -84.7183532715, 14.4768800735], [155.417297363, -274.93939209, 38.89793396, 95.1894302368, -137.013687134, 243.765441895, 60.3780517578, 44.9714546204, 50.4756202698, -9.28134059906, -1.05758786201, 20.3477191925, -21.0236320496], [-1226.6270752, 497.67276001, 211.605056763, -147.903198242, 124.226570129, 60.3780517578, 370.683013916, 130.319946289, 228.43510437, -176.784957886, 14.5196237564, -104.878395081, -8.48455905914], [-300.063598633, 15.2657709122, 9.45316410065, -19.423330307, 7.54390621185, 44.9714546204, 130.319946289, 135.684677124, 97.9231262207, -12.0052061081, -5.02352190018, -13.2011489868, 3.3977253437], [-1070.72961426, 427.168548584, 180.460189819, -70.3913574219, 85.149887085, 50.4756202698, 228.43510437, 97.9231262207, 320.167694092, -99.5241088867, 19.5854663849, -156.664428711, -22.4315547943], [761.270751953, -454.372924805, -101.497077942, 144.836502075, -90.6237182617, -9.28134059906, -176.784957886, -12.0052061081, -99.5241088867, 269.441925049, 35.5325050354, 75.2900695801, 42.8234367371], [-179.666519165, 94.2462081909, 15.4650039673, -14.6948604584, 21.1011810303, -1.05758786201, 14.5196237564, -5.02352190018, 19.5854663849, 35.5325050354, 101.990989685, -4.3915643692, 21.6898078918], [742.746398926, -394.707733154, -97.0253601074, 64.695854187, -84.7183532715, 20.3477191925, -104.878395081, -13.2011489868, -156.664428711, 75.2900695801, -4.3915643692, 192.685195923, 47.3150863647], [29.9590091705, 13.5040588379, -50.4922599792, 20.3246917725, 14.4768800735, -21.0236320496, -8.48455905914, 3.3977253437, -22.4315547943, 42.8234367371, 21.6898078918, 47.3150863647, 147.894622803]],
        "icov": [[0.000491643499117, -0.000102559744846, 0.000335496733896, -0.000614051881712, -9.17481884244e-005, -0.000460646202555, 0.000571498414502, 0.000111085966637, 0.000508323253598, -0.000503302726429, 0.00069454946788, -0.000897834601346, 0.000490643782541], [-0.000102559744846, 0.00781742297113, -0.00115117384121, 0.00614349823445, -0.00268497108482, 0.00469005061314, -0.00166789721698, 0.00339580141008, -0.00293011893518, 0.00637332210317, -0.00557903200388, 0.00766797317192, -0.0050993016921], [0.000335496733896, -0.00115117384121, 0.00399590982124, -0.00324793183245, 0.00157720420975, 0.000787003606092, -0.00367806316353, 0.00351031916216, -0.000805868417956, -0.0015008347109, 0.00102034467272, -0.00234090979211, 0.00242518750019], [-0.000614051881712, 0.00614349823445, -0.00324793183245, 0.0115806581452, -0.00065176805947, 0.00195323862135, 0.00131882017013, 0.000846179260407, -0.0024943118915, 0.00382554461248, -0.00381888146512, 0.0075979330577, -0.00609596585855], [-9.17481884244e-005, -0.00268497108482, 0.00157720420975, -0.00065176805947, 0.00650576176122, 0.00130415463354, -0.00232519838028, 0.00101325497963, -0.000101322846604, -0.00246482109651, 0.00152539706323, -0.00203765160404, 0.00141019024886], [-0.000460646202555, 0.00469005061314, 0.000787003606092, 0.00195323862135, 0.00130415463354, 0.0107765309513, -0.00532626966015, 0.00370230502449, -0.00414079148322, 0.00437239278108, -0.00446313433349, 0.00311925983988, -0.00155849568546], [0.000571498414502, -0.00166789721698, -0.00367806316353, 0.00131882017013, -0.00232519838028, -0.00532626966015, 0.0163803584874, -0.0120715610683, 0.000509709119797, 0.00339710176922, -0.000248057505814, -0.000885004294105, -0.00129973655567], [0.000111085966637, 0.00339580141008, 0.00351031916216, 0.000846179260407, 0.00101325497963, 0.00370230502449, -0.0120715610683, 0.0215546786785, -0.00608171522617, -0.00231675244868, 0.00121271703392, -0.00101098383311, -0.000117049443361], [0.000508323253598, -0.00293011893518, -0.000805868417956, -0.0024943118915, -0.000101322846604, -0.00414079148322, 0.000509709119797, -0.00608171522617, 0.0113540040329, -0.00237637222745, 0.00148289022036, 0.00262903003022, 0.00117409718223], [-0.000503302726429, 0.00637332210317, -0.0015008347109, 0.00382554461248, -0.00246482109651, 0.00437239278108, 0.00339710176922, -0.00231675244868, -0.00237637222745, 0.0139879025519, -0.00894416030496, 0.00690177455544, -0.00571417994797], [0.00069454946788, -0.00557903200388, 0.00102034467272, -0.00381888146512, 0.00152539706323, -0.00446313433349, -0.000248057505814, 0.00121271703392, 0.00148289022036, -0.00894416030496, 0.017130214721, -0.0068426784128, 0.00290763308294], [-0.000897834601346, 0.00766797317192, -0.00234090979211, 0.0075979330577, -0.00203765160404, 0.00311925983988, -0.000885004294105, -0.00101098383311, 0.00262903003022, 0.00690177455544, -0.0068426784128, 0.0203074924648, -0.00883933249861], [0.000490643782541, -0.0050993016921, 0.00242518750019, -0.00609596585855, 0.00141019024886, -0.00155849568546, -0.00129973655567, -0.000117049443361, 0.00117409718223, -0.00571417994797, 0.00290763308294, -0.00883933249861, 0.0125961909071]]
    },
    "melbands": {
        "mean": [0.00789825990796, 0.00693868473172, 0.00174165097997, 0.000747162033804, 0.00031239373493, 9.98620016617e-005, 2.35137777054e-005, 8.23314621812e-005, 0.000299685227219, 0.000157285103342, 0.000171566542122, 4.50342122349e-005, 1.29503750941e-005, 8.90357750905e-006, 3.73951988877e-005, 5.35716608283e-005, 1.07156456579e-005, 2.77725957858e-005, 2.43249487539e-005, 1.14606073112e-005, 1.25651940834e-005, 5.39730990567e-006, 3.42458383784e-006, 5.49822243556e-006, 2.20621700464e-006, 2.26233373724e-006, 2.6410814371e-006, 4.84184920424e-006, 3.53612585968e-006, 1.8030928004e-006, 2.92004619951e-006, 1.88588830952e-006, 2.50769767263e-006, 2.53882831203e-006, 2.8503482099e-006, 1.75148386461e-006, 1.68674728229e-006, 1.28040744585e-006, 8.9956120064e-007, 9.07487958557e-007],
        "var": [0.000100568846392, 7.78409012128e-005, 1.89735565073e-005, 8.23522168503e-006, 4.24555906875e-007, 3.25891917896e-008, 2.0260642053e-009, 5.88210902208e-009, 1.12415747822e-007, 4.89983982277e-008, 8.63289244535e-008, 1.43638763106e-008, 2.53906962122e-009, 2.74934686129e-010, 2.09697983422e-008, 3.40037082935e-008, 7.35586314082e-010, 1.89118787297e-009, 7.21929449554e-009, 7.5874334593e-010, 7.21596338238e-010, 2.53557924657e-010, 9.59769902442e-011, 2.02043257125e-010, 2.85181531168e-011, 3.28414170858e-011, 2.89805540676e-011, 1.4329246123e-010, 9.54593903923e-011, 1.72811175092e-011, 2.87400173105e-011, 2.47003060366e-011, 3.79095227432e-011, 3.98687576009e-011, 8.10639680382e-011, 2.09984946098e-011, 1.72681625943e-011, 7.72564304197e-012, 2.6641158897e-012, 2.45012864164e-012]
    },
    "mfcc": {
        "mean": [-706.736755371, 137.488449097, 40.8541488647, 20.6850376129, 11.7899646759, 14.1982593536, 5.03708982468, 17.5925617218, 25.2586231232, 30.0107116699, 10.8916187286, -2.2716050148, -7.51374149323],
        "cov": [[8557.328125, -3348.92236328, -650.385253906, 158.145828247, -57.813747406, 52.5657577515, -158.086273193, -770.187988281, -598.850341797, -892.540771484, -424.472167969, 25.3147621155, 108.488586426], [-3348.92236328, 2451.74658203, -229.248931885, -121.011032104, 168.383956909, -115.028144836, 100.307655334, 246.851928711, 184.81590271, 287.417541504, 50.9916496277, -56.6065101624, -79.5191116333], [-650.385253906, -229.248931885, 725.874938965, 88.8771133423, -84.0547714233, 111.80178833, -31.9498157501, 118.358886719, 42.0487823486, 122.012588501, 108.891090393, -0.304061889648, -0.0332901775837], [158.145828247, -121.011032104, 88.8771133423, 204.784957886, 33.727481842, -22.6205177307, -18.7684764862, -96.8268508911, -3.35072469711, -14.8066225052, -3.05893516541, -13.0328264236, 17.836139679], [-57.813747406, 168.383956909, -84.0547714233, 33.727481842, 112.994171143, 7.92917346954, -16.4400424957, -43.6774635315, -14.0870876312, 16.1899833679, 7.14710474014, 3.33878755569, -5.8235502243], [52.5657577515, -115.028144836, 111.80178833, -22.6205177307, 7.92917346954, 111.860206604, -2.69341754913, 40.8879432678, 3.96022963524, 29.6238956451, 17.8342609406, 14.8538265228, -6.55864095688], [-158.086273193, 100.307655334, -31.9498157501, -18.7684764862, -16.4400424957, -2.69341754913, 117.717353821, 47.3765296936, 17.1284217834, -27.4748039246, 0.991013348103, 3.97309970856, 0.000756297551561], [-770.187988281, 246.851928711, 118.358886719, -96.8268508911, -43.6774635315, 40.8879432678, 47.3765296936, 341.501861572, 112.217376709, 91.0985717773, 18.3402347565, 1.94586908817, -28.0571136475], [-598.850341797, 184.81590271, 42.0487823486, -3.35072469711, -14.0870876312, 3.96022963524, 17.1284217834, 112.217376709, 188.665664673, 107.804771423, 20.6002902985, -9.49764156342, 6.07767677307], [-892.540771484, 287.417541504, 122.012588501, -14.8066225052, 16.1899833679, 29.6238956451, -27.4748039246, 91.0985717773, 107.804771423, 263.884399414, 118.467422485, 6.90814685822, -1.39449703693], [-424.472167969, 50.9916496277, 108.891090393, -3.05893516541, 7.14710474014, 17.8342609406, 0.991013348103, 18.3402347565, 20.6002902985, 118.467422485, 141.039550781, 43.1391334534, 5.40660429001], [25.3147621155, -56.6065101624, -0.304061889648, -13.0328264236, 3.33878755569, 14.8538265228, 3.97309970856, 1.94586908817, -9.49764156342, 6.90814685822, 43.1391334534, 78.9022750854, 23.1876506805], [108.488586426, -79.5191116333, -0.0332901775837, 17.836139679, -5.8235502243, -6.55864095688, 0.000756297551561, -28.0571136475, 6.07767677307, -1.39449703693, 5.40660429001, 23.1876506805, 55.8696784973]],
        "icov": [[0.000563488458283, 0.000660116318613, 0.000579743413255, -0.000130984277348, -0.000116263145173, -0.000517628854141, 0.000223944341997, 0.000217503067688, 0.000568625575397, 0.000435041758465, 0.00056198326638, 0.000154398017912, -0.000245609553531], [0.000660116318613, 0.00163268030155, 0.000466937373858, 0.000584623368923, -0.00202234042808, 0.00107770645991, -0.000792322854977, 5.7194429246e-006, 0.000513138424139, -0.000663604703732, 0.00143000215758, 0.000174021173734, 0.000491210899781], [0.000579743413255, 0.000466937373858, 0.00393277779222, -0.00307856267318, 0.00367330783047, -0.0043385643512, 0.00179085845593, -0.00109676923603, 0.00121399899945, 0.000853516918141, -0.0024866128806, 0.00192662258632, -0.000822972564492], [-0.000130984277348, 0.000584623368923, -0.00307856267318, 0.00924590509385, -0.00598898157477, 0.00489546218887, -0.00156474742107, 0.00239400891587, -0.00190789264161, -0.000391346489778, 0.00188921031076, 0.000348079309333, -0.00084392161807], [-0.000116263145173, -0.00202234042808, 0.00367330783047, -0.00598898157477, 0.0179651938379, -0.00792545638978, 0.00369217363186, 0.000528281379957, 0.00150519993622, 0.000665817176923, -0.00336365657859, -9.57878219197e-005, 0.000687112740707], [-0.000517628854141, 0.00107770645991, -0.0043385643512, 0.00489546218887, -0.00792545638978, 0.0173267815262, -0.00324235623702, -0.000403842597734, -0.000667738670018, -0.00377374910749, 0.00415874319151, -0.00398933794349, 0.0032104474958], [0.000223944341997, -0.000792322854977, 0.00179085845593, -0.00156474742107, 0.00369217363186, -0.00324235623702, 0.0122084235772, -0.00180966837797, -0.000933037837967, 0.00517877750099, -0.00470191240311, 0.00156444206368, -0.0019302170258], [0.000217503067688, 5.7194429246e-006, -0.00109676923603, 0.00239400891587, 0.000528281379957, -0.000403842597734, -0.00180966837797, 0.00592984771356, -0.00223413994536, -0.000985025777481, 0.00247601931915, -0.0019782888703, 0.00260633649305], [0.000568625575397, 0.000513138424139, 0.00121399899945, -0.00190789264161, 0.00150519993622, -0.000667738670018, -0.000933037837967, -0.00223413994536, 0.00988365523517, -0.00379502261057, 0.00238112988882, 0.00103444128763, -0.00263709737919], [0.000435041758465, -0.000663604703732, 0.000853516918141, -0.000391346489778, 0.000665817176923, -0.00377374910749, 0.00517877750099, -0.000985025777481, -0.00379502261057, 0.0127266459167, -0.00997327640653, 0.00443757558241, -0.00267828884535], [0.00056198326638, 0.00143000215758, -0.0024866128806, 0.00188921031076, -0.00336365657859, 0.00415874319151, -0.00470191240311, 0.00247601931915, 0.00238112988882, -0.00997327640653, 0.0206911861897, -0.0105208186433, 0.00357671803795], [0.000154398017912, 0.000174021173734, 0.00192662258632, 0.000348079309333, -9.57878219197e-005, -0.00398933794349, 0.00156444206368, -0.0019782888703, 0.00103444128763, 0.00443757558241, -0.0105208186433, 0.0218771900982, -0.00969726219773], [-0.000245609553531, 0.000491210899781, -0.000822972564492, -0.00084392161807, 0.000687112740707, 0.0032104474958, -0.0019302170258, 0.00260633649305, -0.00263709737919, -0.00267828884535, 0.00357671803795, -0.00969726219773, 0.0249997526407]]
    },
    "spectral_contrast_coeffs": {
        "mean": [-0.668480217457, -0.674365639687, -0.668927609921, -0.745005011559, -0.79042828083, -0.797305464745],
        "var": [0.00682596303523, 0.0060840244405, 0.00656450493261, 0.00459804339334, 0.0026560719125, 0.00176376942545]
    },
    "spectral_contrast_valleys": {
        "mean": [-6.82563400269, -7.55573892593, -8.49695777893, -8.91100502014, -8.87271881104, -10.5804033279],
        "var": [0.477593779564, 0.949026167393, 1.14125001431, 1.28194534779, 1.76179921627, 1.96712660789]
    }
},
"metadata": {
    "audio_properties": {
        "analysis_sample_rate": 44100,
        "bit_rate": 128074,
        "equal_loudness": 0,
        "length": 45.0612258911,
        "lossless": 0,
        "replay_gain": -6.3416519165,
        "sample_rate": 44100,
        "codec": "mp3",
        "downmix": "mix",
        "md5_encoded": "6bedf6ebbb04ced162fc9666d3aa1163"
    },
    "tags": {
        "file_name": "1306.mp3"
    },
    "version": {
        "essentia": "2.1-beta2",
        "essentia_git_sha": "v2.1_beta2",
        "extractor": "music 1.0"
    }
},
"rhythm": {
    "beats_count": 67,
    "beats_loudness": {
        "mean": 0.123863138258,
        "var": 0.00110635778401
    },
    "bpm": 90.0751190186,
    "bpm_histogram_first_peak_bpm": {
        "mean": 91,
        "var": 0
    },
    "bpm_histogram_first_peak_spread": {
        "mean": 0.460317492485,
        "var": 0
    },
    "bpm_histogram_first_peak_weight": {
        "mean": 0.515151500702,
        "var": 0
    },
    "bpm_histogram_second_peak_bpm": {
        "mean": 98,
        "var": 0
    },
    "bpm_histogram_second_peak_spread": {
        "mean": 0,
        "var": 0
    },
    "bpm_histogram_second_peak_weight": {
        "mean": 0.0454545468092,
        "var": 0
    },
    "danceability": 1.84798431396,
    "onset_rate": 5.65641689301,
    "beats_loudness_band_ratio": {
        "mean": [0.905905663967, 0.0226841419935, 0.0504678487778, 0.00980771239847, 0.00698035396636, 0.0106038916856],
        "var": [0.0102372867987, 0.000232657810557, 0.00715827895328, 0.000144760124385, 4.92778672196e-005, 0.000291863136226]
    },
    "beats_position": [0.592108845711, 1.20743763447, 1.8111563921, 2.42648530006, 3.06503391266, 3.7151927948, 4.38857126236, 5.05034017563, 5.71210861206, 6.38548755646, 7.04725599289, 7.70902490616, 8.38240337372, 9.04417228699, 9.70594120026, 10.379319191, 11.0526981354, 11.7144670486, 12.3762359619, 13.0496139526, 13.722992897, 14.3847618103, 15.0465307236, 15.7199087143, 16.3932876587, 17.0550556183, 17.7168254852, 18.3785934448, 19.0403633118, 19.7137413025, 20.3871192932, 21.0488891602, 21.7106571198, 22.3840351105, 23.0458049774, 23.707572937, 24.3809528351, 25.0543308258, 25.7160987854, 26.3778686523, 27.0512466431, 27.7246246338, 28.3863945007, 29.0481624603, 29.7215423584, 30.383310318, 31.0450782776, 31.7184581757, 32.391834259, 33.0652160645, 33.7153739929, 34.3887519836, 35.0621299744, 35.7238998413, 36.397277832, 37.059047699, 37.7324256897, 38.3941955566, 39.0559616089, 39.7293434143, 40.3911094666, 41.0528793335, 41.7262573242, 42.3880271912, 43.0497932434, 43.7231750488, 44.3965530396]
},
"tonal": {
    "chords_changes_rate": 0.0637860074639,
    "chords_number_rate": 0.00514403311536,
    "chords_strength": {
        "mean": 0.479649990797,
        "var": 0.00352951209061
    },
    "hpcp_entropy": {
        "mean": 1.98518335819,
        "var": 0.300001293421
    },
    "key_strength": 0.578480899334,
    "tuning_diatonic_strength": 0.55592995882,
    "tuning_equal_tempered_deviation": 0.211111217737,
    "tuning_frequency": 434.193115234,
    "tuning_nontempered_energy_ratio": 0.948835670948,
    "hpcp": {
        "mean": [0.156822085381, 0.11601845175, 0.0862659439445, 0.0789382830262, 0.0654126927257, 0.035302080214, 0.0240178797394, 0.0274261441082, 0.0292203258723, 0.0365255065262, 0.0440329052508, 0.0414836667478, 0.0364088043571, 0.0372757650912, 0.066074848175, 0.172630622983, 0.244310498238, 0.198500648141, 0.138129174709, 0.0869128406048, 0.0454203002155, 0.0273764319718, 0.0346842631698, 0.101946920156, 0.162890955806, 0.104735776782, 0.0456188321114, 0.0797800049186, 0.104102276266, 0.107340984046, 0.19013890624, 0.2654479146, 0.222658813, 0.180885881186, 0.209067329764, 0.206748843193],
        "var": [0.0673527419567, 0.0574434176087, 0.0416295193136, 0.0409874655306, 0.0328481420875, 0.0153310699388, 0.0111852940172, 0.0146170957014, 0.0148049341515, 0.0161609500647, 0.0193514544517, 0.0202919524163, 0.0166690889746, 0.015536156483, 0.0246396437287, 0.0592682957649, 0.0917309299111, 0.0765893906355, 0.0611708909273, 0.0363757237792, 0.019916722551, 0.0126397898421, 0.0139577062801, 0.0373350270092, 0.0917804986238, 0.0364162810147, 0.0188970714808, 0.025105766952, 0.039657432586, 0.0434521362185, 0.0823706462979, 0.132242247462, 0.105552583933, 0.0852886214852, 0.103604599833, 0.100988663733]
    },
    "chords_histogram": [26.440328598, 10.5967073441, 14.9176950455, 0.411522626877, 0, 0, 0, 2.98353910446, 0, 44.1358032227, 0, 0, 0, 0, 0, 0, 0, 0, 0, 0, 0, 0, 0.514403283596, 0],
    "thpcp": [1, 0.838804125786, 0.681436419487, 0.787602066994, 0.778867840767, 0.590782880783, 0.437066733837, 0.32498255372, 0.297377675772, 0.246423840523, 0.13299061358, 0.0904805734754, 0.103320248425, 0.110079318285, 0.137599527836, 0.16588152945, 0.156277984381, 0.137159883976, 0.140425905585, 0.248918309808, 0.650337100029, 0.92037075758, 0.74779510498, 0.520362615585, 0.327419579029, 0.171108141541, 0.103132970631, 0.130663156509, 0.384056210518, 0.613645613194, 0.394562453032, 0.171856060624, 0.300548613071, 0.392175912857, 0.404376834631, 0.716294586658],
    "chords_key": "D",
    "chords_scale": "major",
    "key_key": "G",
    "key_scale": "minor"
}
}