{
"lowlevel": {
    "average_loudness": 0.909326791763,
    "barkbands_crest": {
        "mean": 10.1907835007,
        "var": 25.3250598907
    },
    "barkbands_flatness_db": {
        "mean": 0.14224678278,
        "var": 0.00733082927763
    },
    "barkbands_kurtosis": {
        "mean": 14.8124809265,
        "var": 700.409973145
    },
    "barkbands_skewness": {
        "mean": 2.32855677605,
        "var": 5.83747911453
    },
    "barkbands_spread": {
        "mean": 24.0310153961,
        "var": 369.412597656
    },
    "dissonance": {
        "mean": 0.468398928642,
        "var": 0.00091862923
    },
    "dynamic_complexity": 3.33385777473,
    "erbbands_crest": {
        "mean": 8.08640480042,
        "var": 16.6724395752
    },
    "erbbands_flatness_db": {
        "mean": 0.13184531033,
        "var": 0.00267289904878
    },
    "erbbands_kurtosis": {
        "mean": 0.371986061335,
        "var": 6.21149635315
    },
    "erbbands_skewness": {
        "mean": 0.37811011076,
        "var": 0.829559504986
    },
    "erbbands_spread": {
        "mean": 50.4569778442,
        "var": 559.22088623
    },
    "hfc": {
        "mean": 20.9250907898,
        "var": 221.136825562
    },
    "melbands_crest": {
        "mean": 15.805141449,
        "var": 53.3430252075
    },
    "melbands_flatness_db": {
        "mean": 0.199512705207,
        "var": 0.0119733083993
    },
    "melbands_kurtosis": {
        "mean": 37.6272315979,
        "var": 4221.81298828
    },
    "melbands_skewness": {
        "mean": 3.67902231216,
        "var": 9.93512535095
    },
    "melbands_spread": {
        "mean": 28.3623371124,
        "var": 787.60546875
    },
    "pitch_salience": {
        "mean": 0.545758128166,
        "var": 0.0172174926847
    },
    "silence_rate_20dB": {
        "mean": 0.999485075474,
        "var": 0.000514655432198
    },
    "silence_rate_30dB": {
        "mean": 0.678166866302,
        "var": 0.218255490065
    },
    "silence_rate_60dB": {
        "mean": 0.121524199843,
        "var": 0.106757767498
    },
    "spectral_centroid": {
        "mean": 1569.91821289,
        "var": 834785.8125
    },
    "spectral_complexity": {
        "mean": 17.5942325592,
        "var": 101.043212891
    },
    "spectral_decrease": {
        "mean": -2.06693488991e-008,
        "var": 6.62609787138e-016
    },
    "spectral_energy": {
        "mean": 0.0799088850617,
        "var": 0.00953726097941
    },
    "spectral_energyband_high": {
        "mean": 0.000946441548876,
        "var": 5.96088682414e-007
    },
    "spectral_energyband_low": {
        "mean": 0.0482649579644,
        "var": 0.00495839351788
    },
    "spectral_energyband_middle_high": {
        "mean": 0.00388971786015,
        "var": 4.58634713141e-005
    },
    "spectral_energyband_middle_low": {
        "mean": 0.0160328801721,
        "var": 0.000281388056464
    },
    "spectral_entropy": {
        "mean": 7.75445222855,
        "var": 0.187445059419
    },
    "spectral_flux": {
        "mean": 0.153230264783,
        "var": 0.0121248299256
    },
    "spectral_kurtosis": {
        "mean": 4.34554243088,
        "var": 133.055984497
    },
    "spectral_rms": {
        "mean": 0.00712885707617,
        "var": 2.7139300073e-005
    },
    "spectral_rolloff": {
        "mean": 2126.39257813,
        "var": 8191217
    },
    "spectral_skewness": {
        "mean": 1.38832950592,
        "var": 0.631095647812
    },
    "spectral_spread": {
        "mean": 5461376.5,
        "var": 3.47208391066e+012
    },
    "spectral_strongpeak": {
        "mean": 0.581880867481,
        "var": 1.01491296291
    },
    "zerocrossingrate": {
        "mean": 0.0814516991377,
        "var": 0.00553220324218
    },
    "barkbands": {
        "mean": [0.0293663647026, 0.022436408326, 0.00752004049718, 0.00431566732004, 0.0037339432165, 0.00187811104115, 0.00177223363426, 0.000785739044659, 0.00282586179674, 0.00105750851799, 0.00120436842553, 0.000235789484577, 0.000344990723534, 0.00018365822325, 0.000191447426914, 0.000184952776181, 0.000140903153806, 0.000313426775392, 0.000313847267535, 0.00026760622859, 0.000284661102341, 0.000192282386706, 0.000142521224916, 8.00524576334e-005, 9.27515575313e-005, 3.9268292312e-005, 4.46390686193e-006],
        "var": [0.00359423691407, 0.00113900681026, 0.000195467437152, 8.69001742103e-005, 2.69259035122e-005, 9.47838634602e-006, 1.84291202459e-005, 1.80778158665e-006, 3.10272589559e-005, 5.98885753789e-006, 3.42712955899e-005, 1.1937802924e-007, 5.15331407769e-007, 7.19971708918e-008, 5.82473198563e-008, 3.2993245469e-008, 3.35824594799e-008, 1.59327868232e-007, 1.10098056894e-007, 1.63643903761e-007, 9.17823612667e-008, 2.60070507352e-008, 1.80122476934e-008, 8.49416359472e-009, 8.81690187526e-009, 2.90008772552e-009, 1.29806443372e-010]
    },
    "erbbands": {
        "mean": [1.26321780682, 3.02150201797, 7.93758869171, 11.8600950241, 12.4329061508, 13.0293130875, 16.2089557648, 14.3825235367, 21.9746513367, 28.3799438477, 15.2801856995, 57.8823356628, 65.66015625, 27.2785987854, 38.783164978, 12.1626787186, 16.1822738647, 11.3237342834, 7.71887302399, 11.3477916718, 10.5450353622, 7.40153312683, 15.2504005432, 15.3300447464, 16.5491714478, 14.0415935516, 11.8231058121, 9.45824813843, 5.89186286926, 7.03744363785, 4.30202150345, 1.74757409096, 1.45787370205, 1.04033195972, 0.62548327446, 0.202284067869, 0.0638578683138, 0.0167790073901, 0.000493737752549, 0.000100747340184],
        "var": [4.07641839981, 22.6297702789, 223.183868408, 401.69329834, 445.79196167, 489.299438477, 603.059997559, 467.515197754, 3234.43823242, 2555.57128906, 616.284851074, 11004.8935547, 20154.4902344, 6847.33789063, 26517.1445313, 332.476867676, 1159.95202637, 288.746002197, 73.5348358154, 260.369445801, 97.8526763916, 76.6383743286, 301.802368164, 307.059509277, 351.441223145, 507.385986328, 162.266967773, 118.062515259, 38.4385910034, 38.8136711121, 11.6537771225, 6.95073652267, 1.66600036621, 1.16679191589, 0.403925895691, 0.0556057840586, 0.00845195353031, 0.000877056096215, 1.10083431082e-006, 1.14569660425e-008]
    },
    "gfcc": {
        "mean": [-5.58845281601, 69.7452011108, -98.8894958496, 40.2979507446, -65.3110198975, 11.6480884552, -30.6096229553, 14.8774490356, -24.6417713165, 4.57636642456, -17.3939437866, 4.09807538986, -10.0621290207],
        "cov": [[25185.1015625, 3044.04589844, 460.776062012, 1243.9440918, -680.77734375, 26.7991638184, -195.714157104, 535.765686035, -170.311843872, -66.561088562, -400.285949707, 190.331695557, 67.6761398315], [3044.04589844, 2210.02929688, 47.2159881592, -162.269805908, 126.018066406, -127.252609253, 202.285964966, -193.608947754, 59.0283737183, -283.50982666, -1.16963601112, -254.413909912, 31.266954422], [460.776062012, 47.2159881592, 1366.83166504, 619.856079102, 319.965515137, 224.971435547, 72.0325698853, 145.051483154, 122.412010193, 95.2671737671, 44.1903762817, 30.5444202423, 13.667555809], [1243.9440918, -162.269805908, 619.856079102, 793.38848877, 170.159408569, 106.902442932, -3.93785810471, 167.082000732, 74.2659225464, 106.871040344, 22.2447223663, 63.6341781616, -2.48124909401], [-680.77734375, 126.018066406, 319.965515137, 170.159408569, 266.969482422, 75.7247085571, 67.0216751099, -20.7846508026, 36.6235198975, -12.9213504791, 52.3504829407, -30.2969551086, 4.95460367203], [26.7991638184, -127.252609253, 224.971435547, 106.902442932, 75.7247085571, 192.126037598, 48.1936836243, 79.0991668701, 22.2317028046, 35.6969108582, 10.3604421616, 18.6270942688, -9.81415081024], [-195.714157104, 202.285964966, 72.0325698853, -3.93785810471, 67.0216751099, 48.1936836243, 171.802688599, 40.9303588867, 50.1621131897, -11.5940008163, 18.4569206238, -50.2390708923, 10.6301193237], [535.765686035, -193.608947754, 145.051483154, 167.082000732, -20.7846508026, 79.0991668701, 40.9303588867, 186.095657349, 58.4282569885, 61.6567649841, -12.0297765732, 30.1048488617, 0.34323823452], [-170.311843872, 59.0283737183, 122.412010193, 74.2659225464, 36.6235198975, 22.2317028046, 50.1621131897, 58.4282569885, 106.744926453, 31.0186786652, 15.1112499237, -14.6177043915, 0.221015170217], [-66.561088562, -283.50982666, 95.2671737671, 106.871040344, -12.9213504791, 35.6969108582, -11.5940008163, 61.6567649841, 31.0186786652, 117.843597412, 35.7357521057, 59.8257980347, -2.71246910095], [-400.285949707, -1.16963601112, 44.1903762817, 22.2447223663, 52.3504829407, 10.3604421616, 18.4569206238, -12.0297765732, 15.1112499237, 35.7357521057, 90.1837539673, 23.0335464478, 6.4901342392], [190.331695557, -254.413909912, 30.5444202423, 63.6341781616, -30.2969551086, 18.6270942688, -50.2390708923, 30.1048488617, -14.6177043915, 59.8257980347, 23.0335464478, 102.222267151, 19.2299251556], [67.6761398315, 31.266954422, 13.667555809, -2.48124909401, 4.95460367203, -9.81415081024, 10.6301193237, 0.34323823452, 0.221015170217, -2.71246910095, 6.4901342392, 19.2299251556, 52.8657836914]],
        "icov": [[0.000171182939084, -0.000576089601964, 5.57619096071e-005, -0.00027738820063, 0.000341900915373, -0.000168905171449, 0.000316454650601, -0.000729760678951, 0.000854241719935, -0.000623863365036, 0.000751270912588, -0.000801463902462, 0.00013557515922], [-0.000576089601964, 0.00296556320973, -0.000438121991465, 0.000634050637018, -0.00034195437911, 0.000768724421505, -0.00185316905845, 0.00342881958932, -0.00378440576605, 0.00439877342433, -0.00354383140802, 0.00391687545925, -0.00109650334343], [5.57619096071e-005, -0.000438121991465, 0.00165371841285, -0.000769818027038, -0.00127723102923, -0.00104468944483, 0.000526569026988, -0.000397979049012, -0.000251365068834, -0.00123440939933, 0.00100791081786, -0.000474099535495, -0.00046703525004], [-0.00027738820063, 0.000634050637018, -0.000769818027038, 0.00329056940973, -0.00266294670291, 0.00126878591254, 0.000592996715568, -0.00145467743278, -0.000787624740042, -0.000629577087238, -0.00028225814458, 0.000172349478817, 0.000651830923744], [0.000341900915373, -0.00034195437911, -0.00127723102923, -0.00266294670291, 0.0107400137931, -0.0031396553386, -0.00153961626347, 0.00335093028843, -0.000317583879223, 0.00348209938966, -0.00396324740723, 0.00160833226983, -0.00125029298943], [-0.000168905171449, 0.000768724421505, -0.00104468944483, 0.00126878591254, -0.0031396553386, 0.00951573438942, -0.00246521504596, -0.00300909765065, 0.00116621039342, 0.000192884763237, 0.000258209096501, -0.00186876638327, 0.00332030537538], [0.000316454650601, -0.00185316905845, 0.000526569026988, 0.000592996715568, -0.00153961626347, -0.00246521504596, 0.0120789585635, -0.00556873669848, 0.000467706151539, -0.00274429609999, -0.000912683026399, 0.0044283028692, -0.00376489013433], [-0.000729760678951, 0.00342881958932, -0.000397979049012, -0.00145467743278, 0.00335093028843, -0.00300909765065, -0.00556873669848, 0.0171107649803, -0.0092645874247, 0.00281499745324, -0.000831765530165, 0.00216571940109, -0.00142563891131], [0.000854241719935, -0.00378440576605, -0.000251365068834, -0.000787624740042, -0.000317583879223, 0.00116621039342, 0.000467706151539, -0.0092645874247, 0.0207261033356, -0.00957839842886, 0.00306924968027, 5.2458240134e-006, 0.000428268598625], [-0.000623863365036, 0.00439877342433, -0.00123440939933, -0.000629577087238, 0.00348209938966, 0.000192884763237, -0.00274429609999, 0.00281499745324, -0.00957839842886, 0.0264666620642, -0.0113361198455, -0.0031146875117, 0.00265228864737], [0.000751270912588, -0.00354383140802, 0.00100791081786, -0.00028225814458, -0.00396324740723, 0.000258209096501, -0.000912683026399, -0.000831765530165, 0.00306924968027, -0.0113361198455, 0.0227431375533, -0.0101549420506, 0.00177598884329], [-0.000801463902462, 0.00391687545925, -0.000474099535495, 0.000172349478817, 0.00160833226983, -0.00186876638327, 0.0044283028692, 0.00216571940109, 5.2458240134e-006, -0.0031146875117, -0.0101549420506, 0.0298450514674, -0.0123313777149], [0.00013557515922, -0.00109650334343, -0.00046703525004, 0.000651830923744, -0.00125029298943, 0.00332030537538, -0.00376489013433, -0.00142563891131, 0.000428268598625, 0.00265228864737, 0.00177598884329, -0.0123313777149, 0.0254437848926]]
    },
    "melbands": {
        "mean": [0.0102244690061, 0.00400019204244, 0.00220901938155, 0.000843977439217, 0.000610816117842, 0.000335553282639, 0.000346794811776, 0.000287519738777, 0.000132154353196, 0.00041096212226, 0.000319570244756, 9.61833866313e-005, 0.000172091429704, 3.0713268643e-005, 3.53014984285e-005, 2.84007201117e-005, 2.03157869691e-005, 1.16251148938e-005, 1.29505788209e-005, 1.41109712786e-005, 1.20854429042e-005, 6.80589164404e-006, 9.45114879869e-006, 1.84991531569e-005, 1.10076434794e-005, 1.41551354318e-005, 9.82042001851e-006, 8.63826880959e-006, 6.70194185659e-006, 7.21079413779e-006, 4.73394993605e-006, 3.06851211462e-006, 3.77829655918e-006, 3.61706293006e-006, 2.54694282376e-006, 1.63250456353e-006, 8.62038234573e-007, 9.70767928266e-007, 1.08975086732e-006, 7.99922133865e-007],
        "var": [0.000245069677476, 4.73261643492e-005, 1.30795388031e-005, 1.36423852837e-006, 7.85663985425e-007, 2.64013578999e-007, 7.8107467516e-007, 2.38911013639e-007, 6.33412895468e-008, 6.06254729973e-007, 4.90299100875e-007, 8.39516971496e-008, 6.65235461383e-007, 2.05398209552e-009, 5.05896879943e-009, 2.58258459063e-009, 9.9225128114e-010, 1.74066885905e-010, 2.79298861816e-010, 2.99738067699e-010, 1.37067329709e-010, 7.15675921303e-011, 1.13562749482e-010, 6.83865353235e-010, 1.67680633267e-010, 2.26742624676e-010, 2.06560851757e-010, 1.96264282604e-010, 6.76234415686e-011, 5.53555846994e-011, 3.39595747356e-011, 1.15263545236e-011, 1.08766589485e-011, 1.35802749254e-011, 4.34611374667e-012, 2.24437287331e-012, 2.47009357413e-012, 6.07574320716e-013, 2.30220118143e-012, 6.14140465913e-013]
    },
    "mfcc": {
        "mean": [-640.995056152, 99.2722320557, 18.2713871002, 30.5769252777, -4.44544506073, 1.27303063869, 1.49600291252, 7.06462287903, 1.40387487411, 2.90889501572, 0.790519535542, -4.7961101532, 0.376787304878],
        "cov": [[10816.9052734, 1396.69677734, 183.383422852, 533.966552734, -124.610603333, 156.360717773, 162.891616821, 264.036529541, 109.825241089, 177.836685181, 150.006057739, 29.4495162964, 86.5448760986], [1396.69677734, 1552.96728516, 57.187702179, -138.840881348, -33.684211731, 49.9193115234, 95.7096405029, 33.1944923401, -5.13541412354, 11.1825723648, -8.92878818512, -62.3337135315, -78.4403915405], [183.383422852, 57.187702179, 925.578674316, 435.701446533, 353.512878418, 197.998382568, 125.559043884, 117.705841064, 129.403244019, 106.558418274, 104.687004089, 80.910697937, 48.782787323], [533.966552734, -138.840881348, 435.701446533, 631.373352051, 271.202301025, 142.006790161, 86.7331771851, 87.6322021484, 94.0013961792, 67.1092224121, 84.786781311, 91.5602493286, 63.4401779175], [-124.610603333, -33.684211731, 353.512878418, 271.202301025, 312.467681885, 133.969329834, 71.8251495361, 58.8611412048, 34.7405738831, 24.1604862213, 40.6788520813, 42.1760368347, 28.851896286], [156.360717773, 49.9193115234, 197.998382568, 142.006790161, 133.969329834, 149.91973877, 73.7148666382, 42.4619064331, 28.7028846741, 18.7528686523, 29.9366931915, 29.7043495178, 15.8797864914], [162.891616821, 95.7096405029, 125.559043884, 86.7331771851, 71.8251495361, 73.7148666382, 134.72517395, 56.0371894836, 32.4447555542, 32.7464561462, 26.4797821045, 16.8357391357, 14.2218198776], [264.036529541, 33.1944923401, 117.705841064, 87.6322021484, 58.8611412048, 42.4619064331, 56.0371894836, 108.370140076, 68.9164276123, 51.4704437256, 37.998752594, 9.62784385681, 18.1060256958], [109.825241089, -5.13541412354, 129.403244019, 94.0013961792, 34.7405738831, 28.7028846741, 32.4447555542, 68.9164276123, 118.002296448, 69.6273956299, 40.7437057495, 14.0197134018, 1.63503873348], [177.836685181, 11.1825723648, 106.558418274, 67.1092224121, 24.1604862213, 18.7528686523, 32.7464561462, 51.4704437256, 69.6273956299, 90.0247421265, 55.9730300903, 21.0037612915, 12.1913175583], [150.006057739, -8.92878818512, 104.687004089, 84.786781311, 40.6788520813, 29.9366931915, 26.4797821045, 37.998752594, 40.7437057495, 55.9730300903, 74.3122253418, 47.5863800049, 21.3371257782], [29.4495162964, -62.3337135315, 80.910697937, 91.5602493286, 42.1760368347, 29.7043495178, 16.8357391357, 9.62784385681, 14.0197134018, 21.0037612915, 47.5863800049, 75.5544204712, 38.6528129578], [86.5448760986, -78.4403915405, 48.782787323, 63.4401779175, 28.851896286, 15.8797864914, 14.2218198776, 18.1060256958, 1.63503873348, 12.1913175583, 21.3371257782, 38.6528129578, 65.9521408081]],
        "icov": [[0.000136650094646, -0.000135918569867, 2.53724192589e-005, -0.000246395589784, 0.000327697431203, -0.000178006288479, 0.000118407326227, -0.000312124320772, 0.000234454477322, -0.000134806410642, -0.000122345139971, 0.000186949750059, -0.000213948645978], [-0.000135918569867, 0.000920561316889, -0.00020162409055, 0.000426841841545, -3.04505138047e-005, -0.000124500176753, -0.00067754444899, -1.22662231661e-005, 0.000262118846877, 2.5247787562e-005, -8.68836796144e-005, 0.000148186765728, 0.00113464612514], [2.53724192589e-005, -0.00020162409055, 0.0024748602882, -0.000502853246871, -0.00183110451326, -0.000759901828133, -1.89362126548e-005, 0.000422584911576, -0.0011448910227, -0.000959715631325, -0.000429487758083, 1.44471960084e-005, -0.00041161919944], [-0.000246395589784, 0.000426841841545, -0.000502853246871, 0.00369894457981, -0.0022777877748, 2.536244574e-005, -0.000386318861274, 0.000590032082982, -0.00185442832299, 0.000655593466945, -0.000110313441837, -0.00176159595139, -0.000450546503998], [0.000327697431203, -3.04505138047e-005, -0.00183110451326, -0.0022777877748, 0.00907215755433, -0.00401519658044, 0.000340040540323, -0.00268639274873, 0.0028122800868, 0.000799301837105, -0.000176069472218, 0.000598341866862, 0.000230204153922], [-0.000178006288479, -0.000124500176753, -0.000759901828133, 2.536244574e-005, -0.00401519658044, 0.014102219604, -0.00470663094893, 0.000134242334752, -0.00121830019634, 0.00297605898231, -0.00111661339179, -0.00188395695295, 0.000907754059881], [0.000118407326227, -0.00067754444899, -1.89362126548e-005, -0.000386318861274, 0.000340040540323, -0.00470663094893, 0.0125280953944, -0.00484406528994, 0.00193397398107, -0.00322841247544, 0.00215315259993, -0.00125654472504, -0.000374137598556], [-0.000312124320772, -1.22662231661e-005, 0.000422584911576, 0.000590032082982, -0.00268639274873, 0.000134242334752, -0.00484406528994, 0.0220519583672, -0.0104917725548, 0.0011364009697, -0.00727523025125, 0.00838327780366, -0.0068611362949], [0.000234454477322, 0.000262118846877, -0.0011448910227, -0.00185442832299, 0.0028122800868, -0.00121830019634, 0.00193397398107, -0.0104917725548, 0.0228047389537, -0.0140325538814, 0.00548688182607, -0.0037583867088, 0.00661720940843], [-0.000134806410642, 2.5247787562e-005, -0.000959715631325, 0.000655593466945, 0.000799301837105, 0.00297605898231, -0.00322841247544, 0.0011364009697, -0.0140325538814, 0.0362703986466, -0.0246877465397, 0.00957389455289, -0.0043765231967], [-0.000122345139971, -8.68836796144e-005, -0.000429487758083, -0.000110313441837, -0.000176069472218, -0.00111661339179, 0.00215315259993, -0.00727523025125, 0.00548688182607, -0.0246877465397, 0.0486722253263, -0.0266686100513, 0.00667051319033], [0.000186949750059, 0.000148186765728, 1.44471960084e-005, -0.00176159595139, 0.000598341866862, -0.00188395695295, -0.00125654472504, 0.00838327780366, -0.0037583867088, 0.00957389455289, -0.0266686100513, 0.037724301219, -0.0153817692772], [-0.000213948645978, 0.00113464612514, -0.00041161919944, -0.000450546503998, 0.000230204153922, 0.000907754059881, -0.000374137598556, -0.0068611362949, 0.00661720940843, -0.0043765231967, 0.00667051319033, -0.0153817692772, 0.0266773477197]]
    },
    "spectral_contrast_coeffs": {
        "mean": [-0.660558283329, -0.758624255657, -0.763742864132, -0.80350458622, -0.793410599232, -0.744056880474],
        "var": [0.00978265237063, 0.0053115435876, 0.00583615060896, 0.001592750079, 0.00125053513329, 0.00183238426689]
    },
    "spectral_contrast_valleys": {
        "mean": [-7.30965185165, -6.8018283844, -7.41248273849, -8.02522659302, -7.56070661545, -9.99307346344],
        "var": [4.83599185944, 2.89966154099, 2.65781068802, 2.20664763451, 2.28124856949, 2.11162114143]
    }
},
"metadata": {
    "audio_properties": {
        "analysis_sample_rate": 44100,
        "bit_rate": 128074,
        "equal_loudness": 0,
        "length": 45.0612258911,
        "lossless": 0,
        "replay_gain": -4.33918952942,
        "sample_rate": 44100,
        "codec": "mp3",
        "downmix": "mix",
        "md5_encoded": "aa004b98eacb415063031d7a19ccebdc"
    },
    "tags": {
        "file_name": "1308.mp3"
    },
    "version": {
        "essentia": "2.1-beta2",
        "essentia_git_sha": "v2.1_beta2",
        "extractor": "music 1.0"
    }
},
"rhythm": {
    "beats_count": 93,
    "beats_loudness": {
        "mean": 0.0921242833138,
        "var": 0.00770497880876
    },
    "bpm": 125.008972168,
    "bpm_histogram_first_peak_bpm": {
        "mean": 126,
        "var": 0
    },
    "bpm_histogram_first_peak_spread": {
        "mean": 0.413043469191,
        "var": 0
    },
    "bpm_histogram_first_peak_weight": {
        "mean": 0.586956501007,
        "var": 0
    },
    "bpm_histogram_second_peak_bpm": {
        "mean": 0,
        "var": 0
    },
    "bpm_histogram_second_peak_spread": {
        "mean": 0,
        "var": 0
    },
    "bpm_histogram_second_peak_weight": {
        "mean": 0,
        "var": 0
    },
    "danceability": 1.3563914299,
    "onset_rate": 3.83749079704,
    "beats_loudness_band_ratio": {
        "mean": [0.489337831736, 0.163275808096, 0.21609954536, 0.0697765275836, 0.0350116118789, 0.0490944758058],
        "var": [0.122912816703, 0.0308154523373, 0.0367303676903, 0.00475033000112, 0.00124342436902, 0.00261348322965]
    },
    "beats_position": [0.46439909935, 0.952018141747, 1.42802715302, 1.90403628349, 2.39165520668, 2.86766433716, 3.34367346764, 3.83129239082, 4.3073015213, 4.78331041336, 5.25931978226, 5.74693870544, 6.2229475975, 6.71056699753, 7.18657588959, 7.66258478165, 8.15020370483, 8.62621307373, 9.10222244263, 9.58984088898, 10.0658502579, 10.5418596268, 11.0294780731, 11.505487442, 11.9814968109, 12.4691152573, 12.9451246262, 13.4211339951, 13.9087524414, 14.3847618103, 14.8607711792, 15.3483896255, 15.8243989944, 16.3004074097, 16.7764167786, 17.2640361786, 17.7400455475, 18.2276649475, 18.7036724091, 19.179681778, 19.667301178, 20.1433105469, 20.6193199158, 21.1069393158, 21.5945568085, 22.0589561462, 22.5465755463, 23.0341949463, 23.5102043152, 23.9862117767, 24.4622211456, 24.9382305145, 25.4258499146, 25.9134693146, 26.3894786835, 26.865486145, 27.353105545, 27.8175048828, 28.3051242828, 28.7927436829, 29.2687530518, 29.7447605133, 30.2207698822, 30.6967792511, 31.1843986511, 31.6720180511, 32.1480255127, 32.6240348816, 33.111656189, 33.5876655579, 34.0636711121, 34.539680481, 35.0156898499, 35.5033111572, 35.9793205261, 36.4669380188, 36.9429473877, 37.4189567566, 37.8949661255, 38.3825836182, 38.8702049255, 39.3462142944, 39.8222198486, 40.309841156, 40.7974586487, 41.2618598938, 41.7378692627, 42.2138786316, 42.7014961243, 43.1891136169, 43.6651229858, 44.1411323547, 44.6287536621]
},
"tonal": {
    "chords_changes_rate": 0.0720164626837,
    "chords_number_rate": 0.00617283955216,
    "chords_strength": {
        "mean": 0.494601428509,
        "var": 0.00460511632264
    },
    "hpcp_entropy": {
        "mean": 2.46765351295,
        "var": 0.641765594482
    },
    "key_strength": 0.632266581059,
    "tuning_diatonic_strength": 0.455761045218,
    "tuning_equal_tempered_deviation": 0.149243310094,
    "tuning_frequency": 434.193115234,
    "tuning_nontempered_energy_ratio": 0.838565170765,
    "hpcp": {
        "mean": [0.316058695316, 0.286726206541, 0.163536593318, 0.106140121818, 0.103575929999, 0.122940838337, 0.201286524534, 0.208031371236, 0.163033112884, 0.222210139036, 0.225297957659, 0.148643523455, 0.102932602167, 0.0741689130664, 0.0781243517995, 0.10136924684, 0.104522451758, 0.0936639159918, 0.0839671120048, 0.074466496706, 0.0931047424674, 0.186983659863, 0.207416623831, 0.253457993269, 0.373227536678, 0.263065904379, 0.135195791721, 0.212390094995, 0.217155590653, 0.153503209352, 0.186038836837, 0.160275816917, 0.0896948128939, 0.0881039723754, 0.142140507698, 0.230168804526],
        "var": [0.117559447885, 0.10238968581, 0.0524174161255, 0.0379900299013, 0.0415691435337, 0.0353317521513, 0.0762097164989, 0.0796966701746, 0.0487396940589, 0.0944294035435, 0.078578479588, 0.0389885269105, 0.0241850856692, 0.0133864674717, 0.0166143719107, 0.0238490533084, 0.0269167367369, 0.0301665496081, 0.0296437591314, 0.0299056749791, 0.0246397331357, 0.055480953306, 0.0632102787495, 0.0641925930977, 0.138859376311, 0.0591194741428, 0.0360146090388, 0.0789644122124, 0.0705382972956, 0.0332264117897, 0.0642654374242, 0.0512533783913, 0.0214488152415, 0.0242297463119, 0.0529628694057, 0.0919301360846]
    },
    "chords_histogram": [55.4526748657, 6.37860059738, 1.54320991039, 4.73251008987, 0.205761313438, 0, 14.7119340897, 0, 0.720164597034, 0, 0, 0, 0, 0, 0, 0, 0, 0, 0, 0, 0, 0, 0, 16.2551441193],
    "thpcp": [1, 0.704840540886, 0.36223423481, 0.569063305855, 0.581831634045, 0.411285877228, 0.49845957756, 0.429431915283, 0.240322068334, 0.236059680581, 0.380841434002, 0.61669832468, 0.846825778484, 0.768234312534, 0.438168615103, 0.284384489059, 0.277514159679, 0.329399168491, 0.539313137531, 0.557384848595, 0.43681961298, 0.595374464989, 0.603647708893, 0.39826515317, 0.275790482759, 0.198723047972, 0.20932097733, 0.271601736546, 0.280050218105, 0.250956594944, 0.224975660443, 0.199520364404, 0.249458402395, 0.500991046429, 0.555737733841, 0.679097771645],
    "chords_key": "F",
    "chords_scale": "major",
    "key_key": "F",
    "key_scale": "major"
}
}