{
"lowlevel": {
    "average_loudness": 0.969581663609,
    "barkbands_crest": {
        "mean": 11.0584897995,
        "var": 24.3825683594
    },
    "barkbands_flatness_db": {
        "mean": 0.118379570544,
        "var": 0.00454729562625
    },
    "barkbands_kurtosis": {
        "mean": 11.9524345398,
        "var": 27872.6855469
    },
    "barkbands_skewness": {
        "mean": 1.53369152546,
        "var": 6.90494155884
    },
    "barkbands_spread": {
        "mean": 49.6955833435,
        "var": 855.954101563
    },
    "dissonance": {
        "mean": 0.483986645937,
        "var": 0.000264722388238
    },
    "dynamic_complexity": 1.54800486565,
    "erbbands_crest": {
        "mean": 6.13785791397,
        "var": 7.56708288193
    },
    "erbbands_flatness_db": {
        "mean": 0.107708379626,
        "var": 0.00156322692055
    },
    "erbbands_kurtosis": {
        "mean": 0.825929045677,
        "var": 23.1224155426
    },
    "erbbands_skewness": {
        "mean": -0.513461470604,
        "var": 1.00947248936
    },
    "erbbands_spread": {
        "mean": 61.6742897034,
        "var": 876.194152832
    },
    "hfc": {
        "mean": 87.0238952637,
        "var": 5292.23535156
    },
    "melbands_crest": {
        "mean": 18.5665931702,
        "var": 47.2917556763
    },
    "melbands_flatness_db": {
        "mean": 0.176369026303,
        "var": 0.0092167109251
    },
    "melbands_kurtosis": {
        "mean": 36.6718864441,
        "var": 4969.52148438
    },
    "melbands_skewness": {
        "mean": 4.26034069061,
        "var": 10.4554300308
    },
    "melbands_spread": {
        "mean": 44.3709068298,
        "var": 1607.22692871
    },
    "pitch_salience": {
        "mean": 0.520877063274,
        "var": 0.0204420685768
    },
    "silence_rate_20dB": {
        "mean": 1,
        "var": 0
    },
    "silence_rate_30dB": {
        "mean": 0.992276012897,
        "var": 0.0076646162197
    },
    "silence_rate_60dB": {
        "mean": 0.0195674560964,
        "var": 0.0191844645888
    },
    "spectral_centroid": {
        "mean": 2471.05200195,
        "var": 1272861.125
    },
    "spectral_complexity": {
        "mean": 25.2312049866,
        "var": 165.984313965
    },
    "spectral_decrease": {
        "mean": -1.14780167593e-008,
        "var": 4.31414096331e-017
    },
    "spectral_energy": {
        "mean": 0.0512140393257,
        "var": 0.000628677371424
    },
    "spectral_energyband_high": {
        "mean": 0.00912886392325,
        "var": 7.24092969904e-005
    },
    "spectral_energyband_low": {
        "mean": 0.0286916457117,
        "var": 0.000551490986254
    },
    "spectral_energyband_middle_high": {
        "mean": 0.00477129407227,
        "var": 1.66001682373e-005
    },
    "spectral_energyband_middle_low": {
        "mean": 0.010797557421,
        "var": 0.00015218873159
    },
    "spectral_entropy": {
        "mean": 8.16836261749,
        "var": 0.228560075164
    },
    "spectral_flux": {
        "mean": 0.130656823516,
        "var": 0.00305717298761
    },
    "spectral_kurtosis": {
        "mean": 1.63193571568,
        "var": 25.148141861
    },
    "spectral_rms": {
        "mean": 0.00677829934284,
        "var": 4.01953320761e-006
    },
    "spectral_rolloff": {
        "mean": 4389.90820313,
        "var": 12811878
    },
    "spectral_skewness": {
        "mean": 1.02031040192,
        "var": 0.295331090689
    },
    "spectral_spread": {
        "mean": 7616523,
        "var": 2.92928906854e+012
    },
    "spectral_strongpeak": {
        "mean": 0.853812336922,
        "var": 2.78107476234
    },
    "zerocrossingrate": {
        "mean": 0.137175098062,
        "var": 0.00568989245221
    },
    "barkbands": {
        "mean": [0.00111782609019, 0.0190086141229, 0.00656903395429, 0.00343429064378, 0.003720107954, 0.00161697866861, 0.000604006054346, 0.000496796623338, 0.00057164876489, 0.000622227031272, 0.000251642311923, 0.000291782984277, 0.000342525250744, 0.000777596549597, 0.000282916909782, 0.000318977021379, 0.000737402471714, 0.000595038931351, 0.000502273091115, 0.00106230925303, 0.000956402567681, 0.0016767452471, 0.0014641986927, 0.00170116138179, 0.00154655741062, 0.000901735329535, 4.32388515037e-005],
        "var": [1.35173957005e-006, 0.000274896796327, 0.000120226301078, 4.60754235974e-005, 3.72049216821e-005, 7.73292413214e-006, 6.00976363785e-007, 9.50460730564e-007, 9.50371031649e-007, 1.18173466035e-006, 1.77022130288e-007, 3.02980964761e-007, 5.44638055544e-007, 1.018867124e-006, 2.09268179674e-007, 1.56355682179e-007, 1.17764420793e-006, 7.62354829931e-007, 2.78992644098e-007, 9.04358614662e-007, 1.09999007236e-006, 2.35281754613e-006, 1.98395014195e-006, 3.18729598803e-006, 3.5482291878e-006, 1.28360204599e-006, 3.94440302642e-009]
    },
    "erbbands": {
        "mean": [0.718807399273, 3.56932258606, 7.52121782303, 10.4901561737, 10.9197854996, 12.6677293777, 15.4825496674, 10.8565826416, 9.61487197876, 8.82259845734, 11.3700971603, 13.2612781525, 22.9970436096, 11.2210741043, 10.4973449707, 13.1388254166, 16.5536174774, 34.4975738525, 24.2614002228, 15.3069782257, 23.7517642975, 39.2223930359, 35.6069641113, 27.3150157928, 24.0482845306, 49.2941665649, 46.018081665, 44.656665802, 48.7764587402, 53.0358657837, 39.9884567261, 41.0437355042, 26.6727371216, 17.439666748, 10.3995275497, 4.85985898972, 1.55314481258, 0.213644474745, 0.00601881928742, 0.000257913256064],
        "var": [0.407562732697, 13.9109382629, 130.895477295, 353.208312988, 413.098876953, 526.009277344, 914.947814941, 250.602600098, 166.489196777, 274.929046631, 463.475006104, 485.871520996, 1826.14086914, 246.011520386, 240.701477051, 666.182495117, 1164.4498291, 2045.62597656, 1089.21264648, 382.637207031, 826.543884277, 3412.33276367, 3415.74194336, 1064.24536133, 409.171722412, 1951.10974121, 1515.69189453, 2358.04907227, 2006.89575195, 2761.45678711, 1410.93054199, 2024.0456543, 818.88458252, 392.509185791, 180.082199097, 35.3274307251, 4.46276283264, 0.0812480077147, 6.40381404082e-005, 6.12299260183e-008]
    },
    "gfcc": {
        "mean": [62.7538909912, 12.3492012024, -76.4534072876, 53.4423828125, -57.8197898865, 27.3877220154, -39.0742378235, 15.5462684631, -23.5091457367, 13.267786026, -20.9805183411, 5.68243312836, -13.4453849792],
        "cov": [[7794.29638672, -142.85168457, -558.630371094, -109.779411316, -491.726623535, 56.1686630249, -253.055786133, 55.9340820313, -136.766815186, 51.8614997864, -144.599212646, 115.924331665, -6.71828651428], [-142.85168457, 2137.42456055, 813.220825195, 280.123016357, 233.420944214, 58.129535675, 100.470161438, -91.2548751831, 45.3059425354, -185.580093384, 23.9639263153, -40.7183380127, 43.0731697083], [-558.630371094, 813.220825195, 1190.10974121, 650.159851074, 293.850067139, 270.800750732, 157.234695435, 37.3585853577, 32.573474884, 23.1793880463, 54.5179710388, -2.59251737595, 18.2492904663], [-109.779411316, 280.123016357, 650.159851074, 550.523681641, 232.497344971, 201.711074829, 92.3226699829, 85.2435913086, 49.7684440613, 43.5442199707, 22.4408779144, 19.4317016602, 8.9021654129], [-491.726623535, 233.420944214, 293.850067139, 232.497344971, 269.029663086, 129.057479858, 109.048446655, 57.6741905212, 53.8182601929, 10.0669345856, 27.8462562561, 3.71673583984, -2.39327096939], [56.1686630249, 58.129535675, 270.800750732, 201.711074829, 129.057479858, 272.119934082, 151.616104126, 78.2202987671, 12.2993774414, 39.7227859497, 19.5745048523, -5.77660322189, -12.5603351593], [-253.055786133, 100.470161438, 157.234695435, 92.3226699829, 109.048446655, 151.616104126, 185.702423096, 89.7857208252, 45.8076400757, 26.8583297729, 26.4679450989, -9.87471580505, -2.59140706062], [55.9340820313, -91.2548751831, 37.3585853577, 85.2435913086, 57.6741905212, 78.2202987671, 89.7857208252, 132.323806763, 66.4700927734, 40.2057304382, 16.4341030121, 22.2921524048, 15.2357912064], [-136.766815186, 45.3059425354, 32.573474884, 49.7684440613, 53.8182601929, 12.2993774414, 45.8076400757, 66.4700927734, 95.8382568359, 36.4616394043, 13.8133354187, 8.98173332214, 18.6277103424], [51.8614997864, -185.580093384, 23.1793880463, 43.5442199707, 10.0669345856, 39.7227859497, 26.8583297729, 40.2057304382, 36.4616394043, 94.7596511841, 29.919927597, 11.3747997284, 3.24435663223], [-144.599212646, 23.9639263153, 54.5179710388, 22.4408779144, 27.8462562561, 19.5745048523, 26.4679450989, 16.4341030121, 13.8133354187, 29.919927597, 65.2090530396, 26.8698692322, 8.38809967041], [115.924331665, -40.7183380127, -2.59251737595, 19.4317016602, 3.71673583984, -5.77660322189, -9.87471580505, 22.2921524048, 8.98173332214, 11.3747997284, 26.8698692322, 72.9861907959, 39.5139732361], [-6.71828651428, 43.0731697083, 18.2492904663, 8.9021654129, -2.39327096939, -12.5603351593, -2.59140706062, 15.2357912064, 18.6277103424, 3.24435663223, 8.38809967041, 39.5139732361, 72.5129623413]],
        "icov": [[0.00024467142066, -0.000292950193398, 0.000304778805003, -0.000208873141673, 0.000516399391927, -0.00043991592247, 0.000526410527527, -0.000681618927047, 0.000675720453728, -0.000868598173838, 0.000850634067319, -0.000761133036576, 0.000430131884059], [-0.000292950193398, 0.00156704359688, -0.00128592550755, 0.000580379564781, -0.000649752619211, 0.000472224986879, -0.00106947019231, 0.00231760600582, -0.00300777610391, 0.0041475770995, -0.00208828854375, 0.00146785588004, -0.00114163127728], [0.000304778805003, -0.00128592550755, 0.00449375808239, -0.00480136042461, 0.00113572657574, -0.000723793113139, -0.00107547291555, 0.00113742111716, 0.00223657721654, -0.00227635516785, -0.00052628753474, 0.000264906673692, -0.000670891895425], [-0.000208873141673, 0.000580379564781, -0.00480136042461, 0.0093248328194, -0.00377509812824, -0.00168824370485, 0.00423431256786, -0.00392963783816, -0.000950210553128, -0.000548368610907, 0.00241977325641, -0.0014024223201, 0.00101236673072], [0.000516399391927, -0.000649752619211, 0.00113572657574, -0.00377509812824, 0.00934816151857, -0.00188665697351, -0.00198867497966, 0.00103491637856, -0.00278292689472, 0.0012424060842, -0.00049653602764, -0.00222576293163, 0.00223426893353], [-0.00043991592247, 0.000472224986879, -0.000723793113139, -0.00168824370485, -0.00188665697351, 0.0112795578316, -0.00813344400376, -0.000519752444234, 0.00470574432984, -0.00192950561177, 0.000364869774785, 0.00097623973852, 8.1511469034e-005], [0.000526410527527, -0.00106947019231, -0.00107547291555, 0.00423431256786, -0.00198867497966, -0.00813344400376, 0.0190222747624, -0.0107838781551, 0.000333805131959, -0.00129484431818, -0.00159600644838, 0.00334489578381, 0.000240115929046], [-0.000681618927047, 0.00231760600582, 0.00113742111716, -0.00392963783816, 0.00103491637856, -0.000519752444234, -0.0107838781551, 0.0255115311593, -0.0146779371426, 0.00556679442525, -0.00217342679389, -0.00336492317729, -0.00143861037213], [0.000675720453728, -0.00300777610391, 0.00223657721654, -0.000950210553128, -0.00278292689472, 0.00470574432984, 0.000333805131959, -0.0146779371426, 0.0287839993834, -0.0145726166666, 0.00493432348594, 0.000947396620177, -0.0026071020402], [-0.000868598173838, 0.0041475770995, -0.00227635516785, -0.000548368610907, 0.0012424060842, -0.00192950561177, -0.00129484431818, 0.00556679442525, -0.0145726166666, 0.0280722584575, -0.0139332702383, 0.00545192835853, -0.00228467700072], [0.000850634067319, -0.00208828854375, -0.00052628753474, 0.00241977325641, -0.00049653602764, 0.000364869774785, -0.00159600644838, -0.00217342679389, 0.00493432348594, -0.0139332702383, 0.0297638643533, -0.0152121698484, 0.00580337690189], [-0.000761133036576, 0.00146785588004, 0.000264906673692, -0.0014024223201, -0.00222576293163, 0.00097623973852, 0.00334489578381, -0.00336492317729, 0.000947396620177, 0.00545192835853, -0.0152121698484, 0.0307550281286, -0.0154014695436], [0.000430131884059, -0.00114163127728, -0.000670891895425, 0.00101236673072, 0.00223426893353, 8.1511469034e-005, 0.000240115929046, -0.00143861037213, -0.0026071020402, -0.00228467700072, 0.00580337690189, -0.0154014695436, 0.023445142433]]
    },
    "melbands": {
        "mean": [0.00569469947368, 0.00422363867983, 0.00183673389256, 0.000845922739245, 0.000540499575436, 0.000257332343608, 0.000140710049891, 9.71861663857e-005, 9.09232330741e-005, 8.61643857206e-005, 0.000113968962978, 4.46053563792e-005, 3.46166780218e-005, 3.22526102536e-005, 3.55408192263e-005, 3.41235609085e-005, 7.2581708082e-005, 4.45041550847e-005, 2.16398584598e-005, 1.9586766939e-005, 3.0486857213e-005, 4.12388835684e-005, 3.94449889427e-005, 2.558869528e-005, 2.15706040763e-005, 1.87567329704e-005, 1.59107767104e-005, 3.94900453102e-005, 3.08601192955e-005, 2.50403809332e-005, 2.73121004284e-005, 2.77507824649e-005, 3.16051409754e-005, 2.62464163825e-005, 2.00948998099e-005, 2.92020122288e-005, 2.38641187025e-005, 1.96270193555e-005, 1.63741169672e-005, 1.37382485264e-005],
        "var": [2.35171592067e-005, 2.71036515187e-005, 9.65106573858e-006, 2.24112000069e-006, 9.41672340105e-007, 1.43954295595e-007, 3.42065398229e-008, 3.53762033001e-008, 2.98751601235e-008, 2.35035653162e-008, 4.52847821464e-008, 4.50494264115e-009, 3.06668934691e-009, 3.56306673055e-009, 4.85252771298e-009, 5.35805622093e-009, 9.85483783467e-009, 4.38722969065e-009, 1.25377619398e-009, 6.59598098363e-010, 1.58273016915e-009, 3.4592835263e-009, 5.98227023474e-009, 1.18200893517e-009, 8.3830459241e-010, 3.62235741402e-010, 2.38841030287e-010, 1.48569656577e-009, 7.13966608057e-010, 7.58586027327e-010, 1.0450141863e-009, 6.75766942404e-010, 1.15276599377e-009, 6.35027586071e-010, 3.28411603467e-010, 1.17182741288e-009, 6.65883181927e-010, 4.66514771258e-010, 4.0684777769e-010, 2.29699495535e-010]
    },
    "mfcc": {
        "mean": [-591.235290527, 46.7624893188, 36.0434265137, 30.1901245117, 13.1442403793, 13.8272705078, 1.69146430492, 4.18070650101, 5.00899791718, 6.67143249512, 1.50984287262, 2.48298287392, -3.00641942024],
        "cov": [[6189.45898438, -93.065071106, -261.293182373, -297.440734863, -274.360748291, -134.68611145, -158.610229492, -46.0642089844, -53.2251777649, -86.2028198242, -40.652130127, -58.7568511963, -168.662750244], [-93.065071106, 1619.19592285, 501.157104492, 217.408493042, 154.268630981, 128.663574219, 75.0740661621, 104.673675537, -4.93996715546, -54.8598022461, -32.3292350769, -44.2129364014, -32.946849823], [-261.293182373, 501.157104492, 905.523376465, 400.656677246, 256.301483154, 296.161560059, 203.605743408, 112.681518555, 60.2561149597, 66.4482040405, 6.72819471359, 12.7156991959, 93.5351867676], [-297.440734863, 217.408493042, 400.656677246, 378.895019531, 229.208816528, 124.527275085, 63.6760940552, 71.1586074829, 73.1338653564, 16.2898139954, 30.5614128113, 41.3593063354, 11.9853563309], [-274.360748291, 154.268630981, 256.301483154, 229.208816528, 233.802322388, 136.63684082, 82.6579589844, 75.0634384155, 49.8144645691, 16.544095993, 26.9894065857, 27.5466060638, 23.4355392456], [-134.68611145, 128.663574219, 296.161560059, 124.527275085, 136.63684082, 233.363586426, 165.852233887, 77.9256591797, 38.4028091431, 59.0022315979, 27.2087993622, 11.6037340164, 69.9565353394], [-158.610229492, 75.0740661621, 203.605743408, 63.6760940552, 82.6579589844, 165.852233887, 213.377090454, 102.622993469, 39.4274711609, 69.1729354858, 38.057182312, 10.0873022079, 78.2080459595], [-46.0642089844, 104.673675537, 112.681518555, 71.1586074829, 75.0634384155, 77.9256591797, 102.622993469, 133.460159302, 68.7182006836, 32.5814247131, 34.5574455261, 16.9434051514, 19.8216438293], [-53.2251777649, -4.93996715546, 60.2561149597, 73.1338653564, 49.8144645691, 38.4028091431, 39.4274711609, 68.7182006836, 122.805107117, 47.9726448059, 32.0207023621, 33.174079895, -14.7135267258], [-86.2028198242, -54.8598022461, 66.4482040405, 16.2898139954, 16.544095993, 59.0022315979, 69.1729354858, 32.5814247131, 47.9726448059, 106.904708862, 46.7027740479, 14.3352251053, 32.1639480591], [-40.652130127, -32.3292350769, 6.72819471359, 30.5614128113, 26.9894065857, 27.2087993622, 38.057182312, 34.5574455261, 32.0207023621, 46.7027740479, 76.5306167603, 33.1442565918, 14.9180431366], [-58.7568511963, -44.2129364014, 12.7156991959, 41.3593063354, 27.5466060638, 11.6037340164, 10.0873022079, 16.9434051514, 33.174079895, 14.3352251053, 33.1442565918, 68.069694519, 27.2802753448], [-168.662750244, -32.946849823, 93.5351867676, 11.9853563309, 23.4355392456, 69.9565353394, 78.2080459595, 19.8216438293, -14.7135267258, 32.1639480591, 14.9180431366, 27.2802753448, 117.286682129]],
        "icov": [[0.000183728770935, 2.28291301028e-005, -7.65843506088e-005, 0.000118062998808, 0.000246647075983, -0.000194771797396, 0.000159414237714, -0.000202296869247, 0.00011147405894, 0.000115418770292, -7.83787691034e-005, -9.62537378655e-005, 0.0003291015164], [2.28291301028e-005, 0.000878734339494, -0.000616489269305, 0.000177517445991, -6.2790553784e-005, -1.06732695713e-005, 0.00015937545686, -0.000846544106025, 0.000518859480508, 0.000571528042201, -9.48775559664e-005, 0.000212593979086, 0.000679862801917], [-7.65843506088e-005, -0.000616489269305, 0.00404975144193, -0.00419550715014, 0.00155880290549, -0.00280306441709, -0.000335522840032, -4.80268208776e-005, 0.000459173286799, -0.00164075591601, 0.00241621257737, 0.000769520644099, -0.00147069315426], [0.000118062998808, 0.000177517445991, -0.00419550715014, 0.0115612763911, -0.00823769625276, 0.00282766809687, 0.000857726088725, 0.00118449958973, -0.00258689979091, 0.00199651438743, -0.00272165425122, -0.00203748093918, 0.0015194460284], [0.000246647075983, -6.2790553784e-005, 0.00155880290549, -0.00823769625276, 0.0152410324663, -0.00690391287208, 0.00144479016308, -0.0035281307064, 0.00149984832387, 0.00128338963259, -2.7519710784e-005, -0.000684992352035, 0.000640122801997], [-0.000194771797396, -1.06732695713e-005, -0.00280306441709, 0.00282766809687, -0.00690391287208, 0.0163379460573, -0.00856307707727, 0.00299938581884, -0.00163750734646, -0.000948352972046, -0.00029281998286, 0.000954912276939, -0.00162917911075], [0.000159414237714, 0.00015937545686, -0.000335522840032, 0.000857726088725, 0.00144479016308, -0.00856307707727, 0.0176780261099, -0.00897218566388, 0.00143674574792, -0.00293636694551, -0.00147231295705, 0.00269051617943, -0.00445186719298], [-0.000202296869247, -0.000846544106025, -4.80268208776e-005, 0.00118449958973, -0.0035281307064, 0.00299938581884, -0.00897218566388, 0.0197501853108, -0.00996173359454, 0.00456264428794, -0.00469319988042, 0.00270909094252, -0.00158465269487], [0.00011147405894, 0.000518859480508, 0.000459173286799, -0.00258689979091, 0.00149984832387, -0.00163750734646, 0.00143674574792, -0.00996173359454, 0.0206436291337, -0.00934760645032, 0.00485085649416, -0.00998906511813, 0.00846631079912], [0.000115418770292, 0.000571528042201, -0.00164075591601, 0.00199651438743, 0.00128338963259, -0.000948352972046, -0.00293636694551, 0.00456264428794, -0.00934760645032, 0.0210084579885, -0.0117876334116, 0.00593505473807, -0.00388792110607], [-7.83787691034e-005, -9.48775559664e-005, 0.00241621257737, -0.00272165425122, -2.7519710784e-005, -0.00029281998286, -0.00147231295705, -0.00469319988042, 0.00485085649416, -0.0117876334116, 0.0263256486505, -0.0115175396204, 0.00333849829622], [-9.62537378655e-005, 0.000212593979086, 0.000769520644099, -0.00203748093918, -0.000684992352035, 0.000954912276939, 0.00269051617943, 0.00270909094252, -0.00998906511813, 0.00593505473807, -0.0115175396204, 0.0286123361439, -0.0112396199256], [0.0003291015164, 0.000679862801917, -0.00147069315426, 0.0015194460284, 0.000640122801997, -0.00162917911075, -0.00445186719298, -0.00158465269487, 0.00846631079912, -0.00388792110607, 0.00333849829622, -0.0112396199256, 0.018606081605]]
    },
    "spectral_contrast_coeffs": {
        "mean": [-0.68260127306, -0.777668058872, -0.80130136013, -0.7922321558, -0.776480197906, -0.762099266052],
        "var": [0.00794956553727, 0.00499948533252, 0.00483764242381, 0.00365601526573, 0.00215452024713, 0.00139628117904]
    },
    "spectral_contrast_valleys": {
        "mean": [-6.88237428665, -6.8046412468, -7.46982049942, -7.6161570549, -6.95722866058, -8.46255779266],
        "var": [2.02436709404, 1.27098691463, 1.33822774887, 1.09439194202, 1.02037096024, 1.18280446529]
    }
},
"metadata": {
    "audio_properties": {
        "analysis_sample_rate": 44100,
        "bit_rate": 128074,
        "equal_loudness": 0,
        "length": 45.0612258911,
        "lossless": 0,
        "replay_gain": -6.44174575806,
        "sample_rate": 44100,
        "codec": "mp3",
        "downmix": "mix",
        "md5_encoded": "88bf9a075a20d99ab9e9c9ec35983576"
    },
    "tags": {
        "file_name": "1309.mp3"
    },
    "version": {
        "essentia": "2.1-beta2",
        "essentia_git_sha": "v2.1_beta2",
        "extractor": "music 1.0"
    }
},
"rhythm": {
    "beats_count": 104,
    "beats_loudness": {
        "mean": 0.0540565401316,
        "var": 0.000262701592874
    },
    "bpm": 142.626739502,
    "bpm_histogram_first_peak_bpm": {
        "mean": 144,
        "var": 0
    },
    "bpm_histogram_first_peak_spread": {
        "mean": 0.338709682226,
        "var": 0
    },
    "bpm_histogram_first_peak_weight": {
        "mean": 0.398058265448,
        "var": 0
    },
    "bpm_histogram_second_peak_bpm": {
        "mean": 136,
        "var": 0
    },
    "bpm_histogram_second_peak_spread": {
        "mean": 0.0540540255606,
        "var": 0
    },
    "bpm_histogram_second_peak_weight": {
        "mean": 0.339805811644,
        "var": 0
    },
    "danceability": 1.38461792469,
    "onset_rate": 3.57130646706,
    "beats_loudness_band_ratio": {
        "mean": [0.423421382904, 0.08531036973, 0.0396368540823, 0.0332060232759, 0.0695682913065, 0.366611272097],
        "var": [0.0721497535706, 0.0130197061226, 0.0030018335674, 0.00265159714036, 0.00746987061575, 0.0402432642877]
    },
    "beats_position": [0.383129239082, 0.766258478165, 1.17260766029, 1.60217678547, 2.02013611794, 2.46131515503, 2.87927436829, 3.32045340538, 3.7151927948, 4.15637159348, 4.57433080673, 5.01551008224, 5.4334692955, 5.87464857101, 6.29260778427, 6.73378658295, 7.1517457962, 7.59292507172, 8.01088428497, 8.45206356049, 8.87002277374, 9.31120204926, 9.72916126251, 10.1703395844, 10.5766887665, 11.017868042, 11.4474372864, 11.8537864685, 12.294965744, 12.7361450195, 13.1657142639, 13.6068935394, 14.0248527527, 14.4660310745, 14.8839902878, 15.3251695633, 15.7431287766, 16.1843090057, 16.602268219, 17.031835556, 17.4614048004, 17.8793640137, 18.3205432892, 18.7385025024, 19.179681778, 19.5976409912, 20.0388202667, 20.45677948, 20.8979587555, 21.3159179688, 21.733877182, 22.1750564575, 22.5930156708, 23.0341949463, 23.4521541595, 23.8933334351, 24.3112926483, 24.7408618927, 25.1704311371, 25.6000003815, 26.0295696259, 26.470746994, 26.8887062073, 27.3066654205, 27.747844696, 28.1658039093, 28.6069831848, 29.0249423981, 29.4661216736, 29.8840808868, 30.3252601624, 30.7432193756, 31.17278862, 31.6023578644, 32.0319252014, 32.4614944458, 32.8794555664, 33.3206329346, 33.7385940552, 34.1797714233, 34.5977325439, 35.0389099121, 35.4568710327, 35.8864402771, 36.3160095215, 36.7455787659, 37.1751480103, 37.5931053162, 38.034286499, 38.4522438049, 38.8934249878, 39.3113822937, 39.7525634766, 40.2053489685, 40.6581382751, 41.1225395203, 41.5869369507, 42.0048980713, 42.4228553772, 42.8524246216, 43.2703857422, 43.6883430481, 44.1063041687, 44.5242614746]
},
"tonal": {
    "chords_changes_rate": 0.0823045298457,
    "chords_number_rate": 0.0102880662307,
    "chords_strength": {
        "mean": 0.509570598602,
        "var": 0.00881887134165
    },
    "hpcp_entropy": {
        "mean": 2.41480088234,
        "var": 0.792252779007
    },
    "key_strength": 0.620581686497,
    "tuning_diatonic_strength": 0.711233854294,
    "tuning_equal_tempered_deviation": 0.243694707751,
    "tuning_frequency": 434.193115234,
    "tuning_nontempered_energy_ratio": 0.949435949326,
    "hpcp": {
        "mean": [0.132322788239, 0.121611058712, 0.112291529775, 0.116973571479, 0.114684574306, 0.0985193401575, 0.0956839248538, 0.103483021259, 0.11066391319, 0.108749501407, 0.108976207674, 0.10097002238, 0.0800808668137, 0.0749217271805, 0.0812792927027, 0.12531286478, 0.153898462653, 0.13383923471, 0.118109092116, 0.0975811928511, 0.080978654325, 0.0779917314649, 0.0791021287441, 0.122036911547, 0.156834155321, 0.11449123919, 0.0777598395944, 0.0809469521046, 0.0874365717173, 0.101997308433, 0.215246424079, 0.32102227211, 0.266246438026, 0.197459742427, 0.179835766554, 0.153522312641],
        "var": [0.0575501099229, 0.0559905581176, 0.0505978092551, 0.0546226799488, 0.0522673912346, 0.0357440412045, 0.0291304271668, 0.0323333963752, 0.0448211096227, 0.0424025915563, 0.0410632304847, 0.0358234755695, 0.0214854683727, 0.0236190352589, 0.0236426144838, 0.0435370802879, 0.0581171251833, 0.0392944663763, 0.0411285534501, 0.0304788704962, 0.0299212448299, 0.0272676795721, 0.0268832221627, 0.0421510860324, 0.0805678740144, 0.0358493961394, 0.0283329151571, 0.0340923890471, 0.0419730208814, 0.0357799865305, 0.0829109549522, 0.151577934623, 0.105942755938, 0.0802663788199, 0.0834628492594, 0.0705631002784]
    },
    "chords_histogram": [24.8971195221, 2.77777767181, 2.46913576126, 0, 1.02880656719, 1.44032919407, 0, 31.1728401184, 0.205761313438, 8.23045253754, 0, 2.57201647758, 0, 0, 0, 0.205761313438, 0, 0, 0, 0, 0.823045253754, 0.308641970158, 16.563785553, 7.30452680588],
    "thpcp": [1, 0.829370617867, 0.615096688271, 0.560197174549, 0.4782294631, 0.412191927433, 0.378824353218, 0.349793583155, 0.364378362894, 0.357248038054, 0.306892544031, 0.29806008935, 0.322354644537, 0.344723463058, 0.338759988546, 0.339466184378, 0.31452652812, 0.249455794692, 0.23338483274, 0.253188937902, 0.390355676413, 0.47940120101, 0.416915714741, 0.367915570736, 0.3039701581, 0.252252459526, 0.242948040366, 0.246406987309, 0.380150914192, 0.488546013832, 0.356645792723, 0.242225691676, 0.25215369463, 0.272369176149, 0.317726582289, 0.670503079891],
    "chords_key": "C",
    "chords_scale": "major",
    "key_key": "C",
    "key_scale": "minor"
}
}