{
"lowlevel": {
    "average_loudness": 0.802887916565,
    "barkbands_crest": {
        "mean": 11.1631755829,
        "var": 24.1349086761
    },
    "barkbands_flatness_db": {
        "mean": 0.229427427053,
        "var": 0.0135649507865
    },
    "barkbands_kurtosis": {
        "mean": 10.8147192001,
        "var": 677.954956055
    },
    "barkbands_skewness": {
        "mean": 1.98709714413,
        "var": 2.54377436638
    },
    "barkbands_spread": {
        "mean": 12.9230947495,
        "var": 150.30456543
    },
    "dissonance": {
        "mean": 0.443540781736,
        "var": 0.00170896667987
    },
    "dynamic_complexity": 4.05411481857,
    "erbbands_crest": {
        "mean": 8.44525909424,
        "var": 13.1351718903
    },
    "erbbands_flatness_db": {
        "mean": 0.207203581929,
        "var": 0.00662855943665
    },
    "erbbands_kurtosis": {
        "mean": 2.01329565048,
        "var": 37.7805786133
    },
    "erbbands_skewness": {
        "mean": 0.86424279213,
        "var": 0.722293496132
    },
    "erbbands_spread": {
        "mean": 31.112909317,
        "var": 435.019226074
    },
    "hfc": {
        "mean": 13.8590583801,
        "var": 302.520446777
    },
    "melbands_crest": {
        "mean": 15.519241333,
        "var": 59.0839576721
    },
    "melbands_flatness_db": {
        "mean": 0.309584736824,
        "var": 0.0210431125015
    },
    "melbands_kurtosis": {
        "mean": 22.6494541168,
        "var": 3188.42700195
    },
    "melbands_skewness": {
        "mean": 2.76620960236,
        "var": 4.32684135437
    },
    "melbands_spread": {
        "mean": 12.9181127548,
        "var": 166.311569214
    },
    "pitch_salience": {
        "mean": 0.555015146732,
        "var": 0.0262524336576
    },
    "silence_rate_20dB": {
        "mean": 0.997941315174,
        "var": 0.00205445918255
    },
    "silence_rate_30dB": {
        "mean": 0.928975820541,
        "var": 0.0659792870283
    },
    "silence_rate_60dB": {
        "mean": 0.111168295145,
        "var": 0.0988107994199
    },
    "spectral_centroid": {
        "mean": 806.799133301,
        "var": 377428.625
    },
    "spectral_complexity": {
        "mean": 15.2660837173,
        "var": 115.372535706
    },
    "spectral_decrease": {
        "mean": -9.09422492867e-009,
        "var": 1.71513253035e-016
    },
    "spectral_energy": {
        "mean": 0.0355807580054,
        "var": 0.00252893008292
    },
    "spectral_energyband_high": {
        "mean": 0.000455609784694,
        "var": 1.12485338377e-006
    },
    "spectral_energyband_low": {
        "mean": 0.0195627957582,
        "var": 0.0018335027853
    },
    "spectral_energyband_middle_high": {
        "mean": 0.0029968584422,
        "var": 1.87829573406e-005
    },
    "spectral_energyband_middle_low": {
        "mean": 0.0133835924789,
        "var": 0.000266344897682
    },
    "spectral_entropy": {
        "mean": 7.0206656456,
        "var": 0.675974011421
    },
    "spectral_flux": {
        "mean": 0.0788758173585,
        "var": 0.00394520070404
    },
    "spectral_kurtosis": {
        "mean": 19.639333725,
        "var": 1985.44555664
    },
    "spectral_rms": {
        "mean": 0.00498183816671,
        "var": 9.89424552245e-006
    },
    "spectral_rolloff": {
        "mean": 866.094970703,
        "var": 1996532.125
    },
    "spectral_skewness": {
        "mean": 2.56762623787,
        "var": 4.9904665947
    },
    "spectral_spread": {
        "mean": 3527159.25,
        "var": 6.23906757018e+012
    },
    "spectral_strongpeak": {
        "mean": 0.546423435211,
        "var": 0.320535480976
    },
    "zerocrossingrate": {
        "mean": 0.0367874577641,
        "var": 0.00131082884036
    },
    "barkbands": {
        "mean": [0.00218208343722, 0.0147296460345, 0.00205271178856, 0.00224760663696, 0.00305527984165, 0.00323412776925, 0.00204069213942, 0.00123037851881, 0.00116265402175, 0.000727230799384, 0.000551052100491, 0.000246959301876, 0.000285970949335, 0.000207823977689, 0.000381580059184, 0.000184923657798, 0.000169621154782, 0.000207388875424, 0.00019069002883, 9.96045782813e-005, 7.97636675998e-005, 8.69587238412e-005, 8.62754022819e-005, 8.29887576401e-005, 4.64379663754e-005, 1.0193104572e-005, 1.54946590669e-007],
        "var": [4.64053155156e-005, 0.00120946753304, 4.16832772316e-005, 2.36454779952e-005, 4.14606402046e-005, 1.64227039932e-005, 9.34677245823e-006, 3.9983519855e-006, 3.60227500096e-006, 1.00801457847e-006, 1.02777198663e-006, 1.68091531805e-007, 6.4918725684e-007, 1.59339265338e-007, 6.16643376361e-007, 1.23855897982e-007, 9.07943231709e-008, 1.83446147162e-007, 1.8367788357e-007, 5.91937983074e-008, 6.67919621833e-008, 3.83547842375e-008, 4.36643290413e-008, 5.31540393922e-008, 2.10494750519e-008, 1.03648678529e-009, 3.11479818717e-013]
    },
    "erbbands": {
        "mean": [0.664950251579, 2.26374220848, 2.93477487564, 4.51443624496, 10.314371109, 9.59178066254, 14.3738899231, 32.5871047974, 30.3115024567, 31.5512123108, 20.0546951294, 30.1164779663, 28.1702308655, 14.8829030991, 20.8438224792, 12.012389183, 12.2859325409, 12.4762983322, 17.1552085876, 14.2051744461, 10.693022728, 9.44014453888, 11.0355854034, 10.0641736984, 7.48503637314, 4.96272563934, 4.16555261612, 2.77751517296, 2.96160459518, 2.81683802605, 2.45582485199, 1.78430533409, 1.30557060242, 0.607682526112, 0.281214207411, 0.0795384123921, 0.0143736563623, 0.00132018828299, 5.41601766599e-005, 4.24416721216e-005],
        "var": [4.1033911705, 18.2695922852, 49.5159034729, 76.2848815918, 875.572814941, 270.309570313, 317.013641357, 2096.24658203, 1748.68701172, 2162.33300781, 760.850036621, 2643.7019043, 1417.21569824, 566.015319824, 1671.58227539, 359.716278076, 892.370422363, 556.375549316, 1015.39758301, 703.838378906, 387.366943359, 305.073120117, 465.571624756, 425.100128174, 293.098205566, 164.493759155, 203.536300659, 39.025592804, 44.2429275513, 43.9847335815, 34.9246444702, 21.2783870697, 14.3915557861, 3.1900510788, 0.94200861454, 0.0752665996552, 0.00202101841569, 1.25474853121e-005, 1.10037898793e-008, 3.17858273036e-009]
    },
    "gfcc": {
        "mean": [-82.7421112061, 156.30380249, -105.030273438, 27.8787307739, -52.7427024841, 0.294301778078, -29.3648376465, 6.17410135269, -9.96205711365, -3.25400495529, -3.01142787933, -4.37432289124, -1.45240402222],
        "cov": [[19875.4726563, -4735.75048828, -3474.63037109, 359.701080322, -2032.88134766, 1509.04711914, -1363.23278809, 887.622375488, -714.238464355, 401.039916992, -523.762145996, 426.877166748, -435.442962646], [-4735.75048828, 3749.92626953, -293.560852051, -702.321960449, 1184.95471191, -1074.46740723, 694.438415527, -432.402954102, 461.321228027, -374.280456543, 475.585144043, -268.41796875, 333.746673584], [-3474.63037109, -293.560852051, 2557.75952148, 451.595489502, 44.4734687805, 263.724090576, 150.015151978, 33.9002189636, 28.5265750885, 175.906585693, -147.704299927, 56.9574546814, -82.0794067383], [359.701080322, -702.321960449, 451.595489502, 606.609436035, -79.4054336548, 234.691375732, -50.4891586304, 31.4978504181, -60.4128646851, 72.4582824707, -76.8649673462, -0.392433285713, -45.6956825256], [-2032.88134766, 1184.95471191, 44.4734687805, -79.4054336548, 763.300964355, -321.621490479, 293.809936523, -142.557662964, 173.951522827, -98.5480270386, 180.557907104, -67.4809570313, 111.4375], [1509.04711914, -1074.46740723, 263.724090576, 234.691375732, -321.621490479, 500.472808838, -167.78968811, 159.821914673, -107.469482422, 117.022140503, -121.374473572, 93.3508148193, -82.1585693359], [-1363.23278809, 694.438415527, 150.015151978, -50.4891586304, 293.809936523, -167.78968811, 273.826141357, -64.0951843262, 124.585578918, -48.8552131653, 92.8457489014, -40.6930999756, 67.6623458862], [887.622375488, -432.402954102, 33.9002189636, 31.4978504181, -142.557662964, 159.821914673, -64.0951843262, 165.226501465, -22.4206485748, 71.873840332, -53.7490386963, 50.9980049133, -32.9573020935], [-714.238464355, 461.321228027, 28.5265750885, -60.4128646851, 173.951522827, -107.469482422, 124.585578918, -22.4206485748, 155.665054321, -27.5715675354, 76.1072158813, -25.6690158844, 49.6946983337], [401.039916992, -374.280456543, 175.906585693, 72.4582824707, -98.5480270386, 117.022140503, -48.8552131653, 71.873840332, -27.5715675354, 105.287078857, -46.4837760925, 46.4353561401, -34.2107048035], [-523.762145996, 475.585144043, -147.704299927, -76.8649673462, 180.557907104, -121.374473572, 92.8457489014, -53.7490386963, 76.1072158813, -46.4837760925, 133.678588867, -19.1819114685, 67.2831573486], [426.877166748, -268.41796875, 56.9574546814, -0.392433285713, -67.4809570313, 93.3508148193, -40.6930999756, 50.9980049133, -25.6690158844, 46.4353561401, -19.1819114685, 88.77003479, -12.7424125671], [-435.442962646, 333.746673584, -82.0794067383, -45.6956825256, 111.4375, -82.1585693359, 67.6623458862, -32.9573020935, 49.6946983337, -34.2107048035, 67.2831573486, -12.7424125671, 86.6636276245]],
        "icov": [[0.000243139758823, -0.00039216078585, 0.000501795322634, -0.000454354361864, 0.000259211257799, -0.000580062973313, 0.000433579902165, -0.000615936820395, 0.000216801141505, -0.000497810717206, 0.000433643290307, -0.000796742097009, 0.000736959744245], [-0.00039216078585, 0.00348220765591, -0.00129149365239, 0.00250619929284, -0.00143276620656, 0.00290833157487, -0.00222849473357, 0.00175604782999, -0.0016070533311, 0.00297273113392, -0.00286812265404, 0.00395336234942, -0.00337212346494], [0.000501795322634, -0.00129149365239, 0.0017494779313, -0.00151148508303, 0.000612895819359, -0.00177356461063, 0.000435320602264, -0.0008312301361, 0.000311651616357, -0.0022977553308, 0.00217145448551, -0.00237533263862, 0.00210855086334], [-0.000454354361864, 0.00250619929284, -0.00151148508303, 0.00446617044508, -0.00145976990461, 0.000927009328734, -0.00165737629868, 0.00231787958182, -0.000657272001263, 0.00117800396401, -0.00187042180914, 0.00492679793388, -0.00306125916541], [0.000259211257799, -0.00143276620656, 0.000612895819359, -0.00145976990461, 0.00354256224819, -0.00051506748423, -0.000667375861667, -0.000462014693767, 0.000150279141963, -0.000951998459641, -0.000540182983968, -0.00213340646587, 0.00157638720702], [-0.000580062973313, 0.00290833157487, -0.00177356461063, 0.000927009328734, -0.00051506748423, 0.0077838418074, -0.00134119065478, -0.000692052708473, -0.000809684046544, 0.00275971717201, -0.00269175553694, 0.00129193952307, -0.00264672655612], [0.000433579902165, -0.00222849473357, 0.000435320602264, -0.00165737629868, -0.000667375861667, -0.00134119065478, 0.0102658122778, -0.00186281150673, -0.00211532972753, -0.00116749166045, 0.00106574245729, -0.00208958098665, 0.000779719732236], [-0.000615936820395, 0.00175604782999, -0.0008312301361, 0.00231787958182, -0.000462014693767, -0.000692052708473, -0.00186281150673, 0.0136198652908, -0.00345518579707, -0.00330734625459, 0.000826286792289, 0.00104058824945, -0.00266344915144], [0.000216801141505, -0.0016070533311, 0.000311651616357, -0.000657272001263, 0.000150279141963, -0.000809684046544, -0.00211532972753, -0.00345518579707, 0.0132124759257, -0.00184034381527, -0.00266260234639, 0.000139913245221, 0.000388467015], [-0.000497810717206, 0.00297273113392, -0.0022977553308, 0.00117800396401, -0.000951998459641, 0.00275971717201, -0.00116749166045, -0.00330734625459, -0.00184034381527, 0.0218391343951, -0.00235742190853, -0.00197840109468, -0.000794640975073], [0.000433643290307, -0.00286812265404, 0.00217145448551, -0.00187042180914, -0.000540182983968, -0.00269175553694, 0.00106574245729, 0.000826286792289, -0.00266260234639, -0.00235742190853, 0.0206906236708, -0.00541483797133, -0.00434413226321], [-0.000796742097009, 0.00395336234942, -0.00237533263862, 0.00492679793388, -0.00213340646587, 0.00129193952307, -0.00208958098665, 0.00104058824945, 0.000139913245221, -0.00197840109468, -0.00541483797133, 0.0230829771608, -0.00614789221436], [0.000736959744245, -0.00337212346494, 0.00210855086334, -0.00306125916541, 0.00157638720702, -0.00264672655612, 0.000779719732236, -0.00266344915144, 0.000388467015, -0.000794640975073, -0.00434413226321, -0.00614789221436, 0.0243853330612]]
    },
    "melbands": {
        "mean": [0.00483875488862, 0.00206167413853, 0.00105116132181, 0.000688856001943, 0.000511290621944, 0.00070092122769, 0.000452688458608, 0.000338580604875, 0.00014969757467, 0.00019532564329, 0.000136362650665, 5.71241944272e-005, 6.97492141626e-005, 3.65738305845e-005, 2.10348589462e-005, 3.41990271409e-005, 2.16271964746e-005, 2.46879862971e-005, 2.92991971946e-005, 1.41951877595e-005, 1.21662696984e-005, 1.0181943253e-005, 8.58360635902e-006, 1.07874539026e-005, 7.88922352513e-006, 7.19501076674e-006, 3.20718595503e-006, 3.36213702212e-006, 3.02826515508e-006, 1.65493156601e-006, 1.626801577e-006, 1.74536103259e-006, 1.51716449182e-006, 1.58072941758e-006, 1.44693774473e-006, 1.24240648347e-006, 1.05519961835e-006, 1.0208027561e-006, 6.5469890842e-007, 4.57946782717e-007],
        "var": [0.00016909763508, 1.44822997754e-005, 5.04071067553e-006, 2.58408749687e-006, 3.80774082487e-007, 8.76607884948e-007, 3.85711302897e-007, 2.62430688736e-007, 5.0308582189e-008, 1.16553927398e-007, 3.38673054046e-008, 8.31737967388e-009, 1.75479044628e-008, 3.00747027282e-009, 1.36695943453e-009, 1.10368763018e-008, 1.65326285995e-009, 2.00197458611e-009, 4.47974946027e-009, 7.14595160822e-010, 5.13152798032e-010, 3.49722834025e-010, 3.19750281808e-010, 5.4045379283e-010, 2.71522082596e-010, 3.17000092842e-010, 5.58029664144e-011, 7.87759649179e-011, 1.41898659489e-010, 2.19897693804e-011, 1.24268468779e-011, 1.54340082381e-011, 1.32344161671e-011, 1.44461023005e-011, 1.23935271767e-011, 9.93029096452e-012, 7.8393749825e-012, 9.07899970481e-012, 3.76306538014e-012, 1.84558943649e-012]
    },
    "mfcc": {
        "mean": [-715.859802246, 170.537017822, 13.7065658569, 26.3102455139, 6.65074443817, -2.89584994316, -2.79657530785, 4.03429412842, -1.09823846817, 4.71397447586, 0.430435150862, 0.602944374084, 0.784324467182],
        "cov": [[15741.7744141, -2644.48754883, -2538.49731445, -1033.98828125, -874.156860352, -166.14201355, -537.013000488, 127.460189819, -250.489517212, 68.0862350464, -160.57913208, -157.624191284, -163.453994751], [-2644.48754883, 3042.66772461, -1001.41308594, 43.2262535095, 205.122558594, -351.934661865, 117.194892883, -28.0795612335, 0.57610732317, 1.63973164558, 13.7623443604, 36.3414764404, 105.688591003], [-2538.49731445, -1001.41308594, 2182.99804688, 312.665924072, 91.0541000366, 357.845031738, 90.5057907104, 54.2491226196, 159.031936646, 27.9719562531, 97.3471679688, 87.2177047729, 4.7353811264], [-1033.98828125, 43.2262535095, 312.665924072, 474.763092041, 154.158905029, 133.844955444, 87.3357925415, -8.97542476654, 33.9075660706, 25.9060554504, 26.8554115295, 12.2009515762, 15.1300706863], [-874.156860352, 205.122558594, 91.0541000366, 154.158905029, 296.275817871, 81.9952011108, 95.0834197998, 24.1011123657, 21.7801303864, 8.36713695526, 27.4410820007, 17.1756191254, 25.8120498657], [-166.14201355, -351.934661865, 357.845031738, 133.844955444, 81.9952011108, 234.928665161, 62.8043174744, 39.1455116272, 29.6311302185, 10.203830719, 20.28175354, 20.8404273987, -3.25994515419], [-537.013000488, 117.194892883, 90.5057907104, 87.3357925415, 95.0834197998, 62.8043174744, 128.38659668, 27.9705142975, 20.7767829895, 5.45935058594, 10.4199085236, 10.0072603226, 18.6516513824], [127.460189819, -28.0795612335, 54.2491226196, -8.97542476654, 24.1011123657, 39.1455116272, 27.9705142975, 90.2280731201, 29.5899581909, 27.868347168, 16.8193054199, 10.6964015961, 8.50154972076], [-250.489517212, 0.57610732317, 159.031936646, 33.9075660706, 21.7801303864, 29.6311302185, 20.7767829895, 29.5899581909, 87.6898574829, 27.0849761963, 33.2640113831, 17.6248722076, 16.8287563324], [68.0862350464, 1.63973164558, 27.9719562531, 25.9060554504, 8.36713695526, 10.203830719, 5.45935058594, 27.868347168, 27.0849761963, 72.8595199585, 18.5838775635, 12.6906480789, 2.8629128933], [-160.57913208, 13.7623443604, 97.3471679688, 26.8554115295, 27.4410820007, 20.28175354, 10.4199085236, 16.8193054199, 33.2640113831, 18.5838775635, 63.5759925842, 22.4576301575, 9.30283641815], [-157.624191284, 36.3414764404, 87.2177047729, 12.2009515762, 17.1756191254, 20.8404273987, 10.0072603226, 10.6964015961, 17.6248722076, 12.6906480789, 22.4576301575, 55.9541282654, 16.0813598633], [-163.453994751, 105.688591003, 4.7353811264, 15.1300706863, 25.8120498657, -3.25994515419, 18.6516513824, 8.50154972076, 16.8287563324, 2.8629128933, 9.30283641815, 16.0813598633, 48.1043357849]],
        "icov": [[0.000178904752829, 0.000208613957511, 0.000307562761009, 8.99926744751e-005, 0.000245217379415, -0.000171447463799, 0.000280717475107, -0.000382547295885, 8.73571189004e-005, -0.000207268632948, -5.17484622833e-005, -5.48205098312e-005, -8.33445883472e-005], [0.000208613957511, 0.000845307367854, 0.000578845792916, -0.00011122378055, -7.26095604477e-005, 0.000870395393576, -0.000341433507856, -0.000403956015361, -0.00014288003149, -9.3462622317e-005, -0.000141653727042, -0.000723631063011, -0.000543771660887], [0.000307562761009, 0.000578845792916, 0.00133720366284, -0.000153769782628, 0.000496503314935, -0.000801003363449, 0.000296625570627, -0.000482303323224, -0.000937622971833, 7.57050074753e-005, -0.000416592287365, -0.000947236258071, 6.03011976636e-005], [8.99926744751e-005, -0.00011122378055, -0.000153769782628, 0.00339670665562, -0.000811837846413, -0.00167046883143, -0.000640004174784, 0.00189604400657, 9.79901756182e-007, -0.00167774630245, -0.000282981985947, 0.00107811100315, -0.000473768712254], [0.000245217379415, -7.26095604477e-005, 0.000496503314935, -0.000811837846413, 0.00567185692489, -0.00157170498278, -0.00178445701022, -0.000911901996005, 0.000686862447765, 5.62085515412e-005, -0.00146381452214, 0.000156458525453, -0.00111052114516], [-0.000171447463799, 0.000870395393576, -0.000801003363449, -0.00167046883143, -0.00157170498278, 0.00949923414737, -0.0029386675451, -0.00226192525588, -0.000149504252477, 0.00130277872086, 0.000328349560732, -0.00244950340129, 0.0018657882465], [0.000280717475107, -0.000341433507856, 0.000296625570627, -0.000640004174784, -0.00178445701022, -0.0029386675451, 0.0131783019751, -0.00319606577978, -0.000396084797103, 0.000527631491423, 0.00109413417522, 0.000808797019999, -0.00228516501375], [-0.000382547295885, -0.000403956015361, -0.000482303323224, 0.00189604400657, -0.000911901996005, -0.00226192525588, -0.00319606577978, 0.0167978908867, -0.0030380403623, -0.00460487836972, -0.000891551258974, 0.000672691094223, -0.00107027043123], [8.73571189004e-005, -0.00014288003149, -0.000937622971833, 9.79901756182e-007, 0.000686862447765, -0.000149504252477, -0.000396084797103, -0.0030380403623, 0.0184537936002, -0.00394129380584, -0.00591103639454, 0.00101573369466, -0.00440317811444], [-0.000207268632948, -9.3462622317e-005, 7.57050074753e-005, -0.00167774630245, 5.62085515412e-005, 0.00130277872086, 0.000527631491423, -0.00460487836972, -0.00394129380584, 0.0183630883694, -0.00186016864609, -0.00282345782034, 0.002278246684], [-5.17484622833e-005, -0.000141653727042, -0.000416592287365, -0.000282981985947, -0.00146381452214, 0.000328349560732, 0.00109413417522, -0.000891551258974, -0.00591103639454, -0.00186016864609, 0.0226437561214, -0.00602347357199, 0.000619672820903], [-5.48205098312e-005, -0.000723631063011, -0.000947236258071, 0.00107811100315, 0.000156458525453, -0.00244950340129, 0.000808797019999, 0.000672691094223, 0.00101573369466, -0.00282345782034, -0.00602347357199, 0.0247148219496, -0.00680933054537], [-8.33445883472e-005, -0.000543771660887, 6.03011976636e-005, -0.000473768712254, -0.00111052114516, 0.0018657882465, -0.00228516501375, -0.00107027043123, -0.00440317811444, 0.002278246684, 0.000619672820903, -0.00680933054537, 0.0272015910596]]
    },
    "spectral_contrast_coeffs": {
        "mean": [-0.672754943371, -0.718888521194, -0.769367337227, -0.815289914608, -0.804048597813, -0.772177278996],
        "var": [0.0071417381987, 0.00643190462142, 0.00328581524082, 0.00231499853544, 0.00254510855302, 0.00219937879592]
    },
    "spectral_contrast_valleys": {
        "mean": [-7.1383562088, -6.73002433777, -7.67835617065, -8.32146263123, -8.59117794037, -11.7904615402],
        "var": [1.31879818439, 1.87986731529, 2.49016094208, 2.68234443665, 2.88884592056, 4.52298879623]
    }
},
"metadata": {
    "audio_properties": {
        "analysis_sample_rate": 44100,
        "bit_rate": 108574,
        "equal_loudness": 0,
        "length": 45.0873451233,
        "lossless": 0,
        "replay_gain": -7.82512283325,
        "sample_rate": 44100,
        "codec": "mp3",
        "downmix": "mix",
        "md5_encoded": "2e5f3e917ade07604198444e8091b7ea"
    },
    "tags": {
        "file_name": "131.mp3"
    },
    "version": {
        "essentia": "2.1-beta2",
        "essentia_git_sha": "v2.1_beta2",
        "extractor": "music 1.0"
    }
},
"rhythm": {
    "beats_count": 94,
    "beats_loudness": {
        "mean": 0.0962586179376,
        "var": 0.00823096651584
    },
    "bpm": 126.039741516,
    "bpm_histogram_first_peak_bpm": {
        "mean": 126,
        "var": 0
    },
    "bpm_histogram_first_peak_spread": {
        "mean": 0.340659379959,
        "var": 0
    },
    "bpm_histogram_first_peak_weight": {
        "mean": 0.645161271095,
        "var": 0
    },
    "bpm_histogram_second_peak_bpm": {
        "mean": 136,
        "var": 0
    },
    "bpm_histogram_second_peak_spread": {
        "mean": 0,
        "var": 0
    },
    "bpm_histogram_second_peak_weight": {
        "mean": 0.0215053763241,
        "var": 0
    },
    "danceability": 1.24588739872,
    "onset_rate": 4.96621608734,
    "beats_loudness_band_ratio": {
        "mean": [0.664768159389, 0.15723246336, 0.139853551984, 0.0344071947038, 0.0247155427933, 0.0196360200644],
        "var": [0.035660803318, 0.0127078564838, 0.0096154185012, 0.000781978480518, 0.000795082072727, 0.000978412572294]
    },
    "beats_position": [0.417959183455, 0.859138309956, 1.30031740665, 1.77632653713, 2.2523355484, 2.73995471001, 3.20435357094, 3.68036270142, 4.15637159348, 4.63238096237, 5.10838985443, 5.58439922333, 6.06040811539, 6.53641700745, 7.01242637634, 7.4884352684, 7.96444416046, 8.44045352936, 8.91646194458, 9.4040813446, 9.8800907135, 10.3560991287, 10.8321084976, 11.3081178665, 11.7841272354, 12.2601356506, 12.7361450195, 13.2121543884, 13.6881628036, 14.1641721725, 14.6401815414, 15.1161899567, 15.5921993256, 16.0682086945, 16.5442180634, 17.0202255249, 17.4962348938, 17.9722442627, 18.4366436005, 18.9242630005, 19.3886623383, 19.8762817383, 20.3406791687, 20.8282985687, 21.2926979065, 21.7803173065, 22.2447166443, 22.7323360443, 23.1967334747, 23.6843528748, 24.1487522125, 24.6363716125, 25.1007709503, 25.5883903503, 26.0527877808, 26.5404071808, 27.0048065186, 27.4924259186, 27.9568252563, 28.4444446564, 28.9088420868, 29.3964614868, 29.8724708557, 30.3484802246, 30.8244895935, 31.3004989624, 31.776506424, 32.2525177002, 32.7285270691, 33.2161445618, 33.6921539307, 34.1681632996, 34.6441726685, 35.1201820374, 35.5961914063, 36.0722007751, 36.5482063293, 37.0242156982, 37.5002250671, 37.976234436, 38.4522438049, 38.9282531738, 39.4042625427, 39.8802719116, 40.3562812805, 40.8322906494, 41.3083000183, 41.7726974487, 42.2603149414, 42.7363243103, 43.2123336792, 43.6883430481, 44.164352417, 44.6287536621]
},
"tonal": {
    "chords_changes_rate": 0.0380658432841,
    "chords_number_rate": 0.00720164598897,
    "chords_strength": {
        "mean": 0.558553636074,
        "var": 0.0102342171595
    },
    "hpcp_entropy": {
        "mean": 1.95651960373,
        "var": 0.385738551617
    },
    "key_strength": 0.677489042282,
    "tuning_diatonic_strength": 0.580303132534,
    "tuning_equal_tempered_deviation": 0.191305533051,
    "tuning_frequency": 434.193115234,
    "tuning_nontempered_energy_ratio": 0.888238549232,
    "hpcp": {
        "mean": [0.0530922189355, 0.0603657960892, 0.0837224721909, 0.177554085851, 0.201327949762, 0.098826020956, 0.043627653271, 0.0403959304094, 0.0594845600426, 0.165928199887, 0.187881872058, 0.0817484036088, 0.0524169020355, 0.0629799813032, 0.047874584794, 0.0510171093047, 0.0754390135407, 0.115631982684, 0.182498961687, 0.157571420074, 0.0622394494712, 0.0324044339359, 0.0495405867696, 0.27781227231, 0.630033910275, 0.525560081005, 0.180297106504, 0.067996352911, 0.0464677922428, 0.0422240681946, 0.103247411549, 0.142629489303, 0.0909061357379, 0.0779149383307, 0.0837001726031, 0.0552380606532],
        "var": [0.0114344079047, 0.0166297052056, 0.0279377717525, 0.0735110118985, 0.0987900346518, 0.029811937362, 0.0121832573786, 0.0147354211658, 0.011789447628, 0.0461366549134, 0.065087467432, 0.015011719428, 0.0154360746965, 0.0262854769826, 0.0149196665734, 0.0120178479701, 0.0231824703515, 0.0455178134143, 0.0940506905317, 0.0754491463304, 0.0142708765343, 0.00870771706104, 0.0163310430944, 0.0662133768201, 0.149985432625, 0.109998084605, 0.048368178308, 0.030261579901, 0.0159113109112, 0.0114410044625, 0.0304911676794, 0.0513444654644, 0.0243510305882, 0.022552665323, 0.0283992122859, 0.0104297129437]
    },
    "chords_histogram": [17.5925922394, 0, 38.0658454895, 0, 4.73251008987, 12.8600826263, 0, 6.48148155212, 0.205761313438, 16.872428894, 0, 0, 0, 0, 3.18930029869, 0, 0, 0, 0, 0, 0, 0, 0, 0],
    "thpcp": [1, 0.834177434444, 0.286170482635, 0.1079249084, 0.0737544298172, 0.067018724978, 0.163875952363, 0.226383835077, 0.14428769052, 0.12366785109, 0.132850259542, 0.0876747444272, 0.0842688307166, 0.0958135649562, 0.132885664701, 0.281816720963, 0.319550961256, 0.156858250499, 0.0692465156317, 0.0641170740128, 0.0944148525596, 0.263363927603, 0.298209130764, 0.129752382636, 0.083196952939, 0.0999628454447, 0.075987316668, 0.0809751823545, 0.119738020003, 0.183532953262, 0.289665311575, 0.250099897385, 0.0987874567509, 0.0514328405261, 0.0786316171288, 0.4409481287],
    "chords_key": "F",
    "chords_scale": "minor",
    "key_key": "A#",
    "key_scale": "minor"
}
}