{
"lowlevel": {
    "average_loudness": 0.626347541809,
    "barkbands_crest": {
        "mean": 11.424656868,
        "var": 19.4054546356
    },
    "barkbands_flatness_db": {
        "mean": 0.191356852651,
        "var": 0.00361477094702
    },
    "barkbands_kurtosis": {
        "mean": 7.33941411972,
        "var": 112.790031433
    },
    "barkbands_skewness": {
        "mean": 1.78908634186,
        "var": 1.68069446087
    },
    "barkbands_spread": {
        "mean": 12.7397594452,
        "var": 96.2153015137
    },
    "dissonance": {
        "mean": 0.435162186623,
        "var": 0.00211799237877
    },
    "dynamic_complexity": 3.89372944832,
    "erbbands_crest": {
        "mean": 11.0666999817,
        "var": 26.0939311981
    },
    "erbbands_flatness_db": {
        "mean": 0.205409765244,
        "var": 0.00473342230543
    },
    "erbbands_kurtosis": {
        "mean": 2.56850790977,
        "var": 43.9566459656
    },
    "erbbands_skewness": {
        "mean": 0.874567091465,
        "var": 0.83553814888
    },
    "erbbands_spread": {
        "mean": 32.058807373,
        "var": 480.140014648
    },
    "hfc": {
        "mean": 11.3619232178,
        "var": 162.060119629
    },
    "melbands_crest": {
        "mean": 14.3792819977,
        "var": 23.536026001
    },
    "melbands_flatness_db": {
        "mean": 0.250058621168,
        "var": 0.00451386533678
    },
    "melbands_kurtosis": {
        "mean": 15.4770669937,
        "var": 480.73916626
    },
    "melbands_skewness": {
        "mean": 2.46046209335,
        "var": 3.28613352776
    },
    "melbands_spread": {
        "mean": 13.3201789856,
        "var": 93.4529571533
    },
    "pitch_salience": {
        "mean": 0.516814291477,
        "var": 0.0117928655818
    },
    "silence_rate_20dB": {
        "mean": 1,
        "var": 0
    },
    "silence_rate_30dB": {
        "mean": 0.97991758585,
        "var": 0.0196786504239
    },
    "silence_rate_60dB": {
        "mean": 0.155509784818,
        "var": 0.131327778101
    },
    "spectral_centroid": {
        "mean": 862.998840332,
        "var": 207071.953125
    },
    "spectral_complexity": {
        "mean": 10.6982488632,
        "var": 26.0037460327
    },
    "spectral_decrease": {
        "mean": -6.02213434675e-009,
        "var": 4.68582199841e-017
    },
    "spectral_energy": {
        "mean": 0.023759458214,
        "var": 0.000717332703061
    },
    "spectral_energyband_high": {
        "mean": 0.000288823153824,
        "var": 1.62477832077e-007
    },
    "spectral_energyband_low": {
        "mean": 0.00798287522048,
        "var": 0.000251014018431
    },
    "spectral_energyband_middle_high": {
        "mean": 0.00227604084648,
        "var": 7.04390186002e-006
    },
    "spectral_energyband_middle_low": {
        "mean": 0.01485064812,
        "var": 0.000414507056121
    },
    "spectral_entropy": {
        "mean": 7.13961839676,
        "var": 0.336189389229
    },
    "spectral_flux": {
        "mean": 0.0678778886795,
        "var": 0.0021679229103
    },
    "spectral_kurtosis": {
        "mean": 6.92490005493,
        "var": 59.0644798279
    },
    "spectral_rms": {
        "mean": 0.0042174286209,
        "var": 5.39331767868e-006
    },
    "spectral_rolloff": {
        "mean": 863.911254883,
        "var": 645232.1875
    },
    "spectral_skewness": {
        "mean": 1.85305333138,
        "var": 0.825031638145
    },
    "spectral_spread": {
        "mean": 3932396.5,
        "var": 2.69352147354e+012
    },
    "spectral_strongpeak": {
        "mean": 0.940469384193,
        "var": 1.51273047924
    },
    "zerocrossingrate": {
        "mean": 0.040977910161,
        "var": 0.00053375994321
    },
    "barkbands": {
        "mean": [2.78430416074e-005, 0.00337478215806, 0.00312658515759, 0.00238921702839, 0.0034998964984, 0.00123779266141, 0.00356769561768, 0.00111061427742, 0.00264180102386, 0.00107256020419, 0.000247009884333, 0.000291363016004, 0.000128974876134, 0.000274625606835, 0.000125480437418, 4.33369350503e-005, 5.35732324352e-005, 9.47796361288e-005, 9.41671023611e-005, 9.87557432381e-005, 7.3168092058e-005, 7.49430910219e-005, 6.94049886079e-005, 3.01186009892e-005, 9.68424319581e-006, 1.18384309644e-006, 1.44746081787e-007],
        "var": [5.59343016349e-009, 3.28722671838e-005, 8.78478749655e-005, 3.44659601978e-005, 2.53894668276e-005, 6.20773107585e-006, 0.000113628913823, 1.99444330065e-005, 0.000122444020235, 3.7398153836e-006, 1.53792484525e-007, 3.02921137063e-007, 6.54817853274e-008, 1.00169631878e-006, 1.00990831697e-007, 3.81770215441e-009, 6.51522347184e-009, 6.48025206829e-008, 4.80744510867e-008, 9.41477509286e-008, 1.15160379011e-008, 1.40078677546e-008, 1.05891553304e-008, 3.42364092631e-009, 6.98832880452e-010, 1.17389535592e-011, 6.30037200796e-013]
    },
    "erbbands": {
        "mean": [0.0592932961881, 0.89789134264, 3.03094577789, 7.1606426239, 9.76053142548, 11.2118053436, 13.0992593765, 8.24070358276, 32.6471290588, 46.8116340637, 55.4228591919, 45.4105987549, 34.2678146362, 15.3544874191, 9.52758312225, 11.9401493073, 8.77336120605, 13.364865303, 7.7115855217, 5.33118772507, 2.40558362007, 3.21525669098, 4.05184936523, 7.02907752991, 4.53001737595, 4.15968370438, 2.63028550148, 3.16786146164, 1.90685081482, 3.24423670769, 1.83923494816, 0.856828868389, 0.395622313023, 0.17159922421, 0.0379413366318, 0.00593251269311, 0.00215124734677, 0.000597060890868, 2.66037786787e-005, 2.76960709016e-005],
        "var": [0.0167872011662, 2.17245674133, 51.141292572, 389.430267334, 143.902206421, 377.906799316, 645.628479004, 353.385253906, 5383.98046875, 26333.4960938, 52652.4335938, 31473.8515625, 5083.15771484, 473.220703125, 248.033874512, 459.104003906, 184.795608521, 2998.34228516, 255.886489868, 142.368896484, 10.4139604568, 23.1639137268, 48.4791564941, 573.208557129, 104.117424011, 186.132476807, 14.7659406662, 23.1570014954, 8.54316425323, 25.3723888397, 7.33285474777, 2.00770497322, 0.866056382656, 0.224157676101, 0.0108035178855, 0.000258506654063, 4.52736821899e-005, 6.81821848048e-006, 4.41402203677e-009, 9.04960606452e-010]
    },
    "gfcc": {
        "mean": [-63.9298400879, 126.635139465, -124.928192139, 27.7401752472, -78.6252288818, 8.50568771362, -29.9085693359, -1.30193912983, -18.0167579651, -11.7212514877, -8.1997051239, -11.274971962, -9.0390920639],
        "cov": [[7070.13378906, -702.921569824, 1399.8918457, 2246.84130859, 90.805519104, 808.485900879, -11.156463623, 427.993621826, 340.033905029, 0.759882807732, -445.98828125, -163.687042236, -176.00289917], [-702.921569824, 804.454467773, -10.4556159973, -305.09777832, 88.1419754028, -119.527992249, 118.394775391, -146.998916626, 50.2816352844, -99.9832000732, 130.610076904, -78.9213180542, 53.234172821], [1399.8918457, -10.4556159973, 921.215270996, 688.748352051, 123.594062805, 279.170806885, -3.31716632843, 135.649200439, 70.7278137207, -79.2168502808, -185.219161987, -43.0061798096, -36.4845504761], [2246.84130859, -305.09777832, 688.748352051, 1384.57141113, 136.824829102, 388.813720703, 67.9088287354, 146.936706543, 146.438446045, -67.7068328857, -184.886184692, -67.9665527344, -16.6610794067], [90.805519104, 88.1419754028, 123.594062805, 136.824829102, 271.740325928, 89.9004592896, 74.1435852051, 15.0423746109, -3.96760773659, 21.8189353943, -41.4226951599, -30.532585144, -29.6299171448], [808.485900879, -119.527992249, 279.170806885, 388.813720703, 89.9004592896, 301.619750977, 49.487285614, 103.244277954, 25.9624938965, -22.1668758392, -77.0759506226, -20.2841453552, -3.4867067337], [-11.156463623, 118.394775391, -3.31716632843, 67.9088287354, 74.1435852051, 49.487285614, 207.771850586, 9.31217861176, 58.9047050476, 19.7545623779, 21.2712173462, -13.9940462112, -38.9567489624], [427.993621826, -146.998916626, 135.649200439, 146.936706543, 15.0423746109, 103.244277954, 9.31217861176, 167.857574463, 42.7990112305, 5.87304830551, -72.5303726196, -5.34303092957, 0.635014414787], [340.033905029, 50.2816352844, 70.7278137207, 146.438446045, -3.96760773659, 25.9624938965, 58.9047050476, 42.7990112305, 181.044555664, 38.9012107849, -0.496769160032, -46.653213501, -34.9106559753], [0.759882807732, -99.9832000732, -79.2168502808, -67.7068328857, 21.8189353943, -22.1668758392, 19.7545623779, 5.87304830551, 38.9012107849, 161.253601074, 41.2224197388, 15.5396509171, -61.501411438], [-445.98828125, 130.610076904, -185.219161987, -184.886184692, -41.4226951599, -77.0759506226, 21.2712173462, -72.5303726196, -0.496769160032, 41.2224197388, 168.460464478, 36.8190841675, 9.00725364685], [-163.687042236, -78.9213180542, -43.0061798096, -67.9665527344, -30.532585144, -20.2841453552, -13.9940462112, -5.34303092957, -46.653213501, 15.5396509171, 36.8190841675, 129.2865448, 38.012172699], [-176.00289917, 53.234172821, -36.4845504761, -16.6610794067, -29.6299171448, -3.4867067337, -38.9567489624, 0.635014414787, -34.9106559753, -61.501411438, 9.00725364685, 38.012172699, 142.938644409]],
        "icov": [[0.000412246066844, -0.0003658325586, 6.22120933258e-005, -0.00062688824255, 0.00049327214947, -0.000496576423757, 0.000486248842208, -0.000384628830943, 4.80823291582e-006, -0.00054000824457, 0.000567675218917, -0.000206029508263, 0.000598876387812], [-0.0003658325586, 0.00601140083745, -0.002476003021, 0.00273128645495, -0.0031690178439, 0.00192549976055, -0.00340532790869, 0.00365665880963, -0.00307926535606, 0.00474700517952, -0.00510165700689, 0.00411361083388, -0.00403923541307], [6.22120933258e-005, -0.002476003021, 0.00329284695908, -0.00164051889442, 0.000660716148559, -0.00152510858607, 0.00213449448347, -0.0017446243437, 0.000619498430751, -0.000772663042881, 0.00292609282769, -0.00240903813392, 0.00261235749349], [-0.00062688824255, 0.00273128645495, -0.00164051889442, 0.00333065562882, -0.00184349727351, 8.48685795063e-006, -0.0019182311371, 0.00232544075698, -0.00220433669165, 0.00263050105423, -0.00202673207968, 0.00172578252386, -0.00247247191146], [0.00049327214947, -0.0031690178439, 0.000660716148559, -0.00184349727351, 0.00708754593506, -0.00211969204247, -6.81550227455e-005, -0.00126812548842, 0.00312779447995, -0.0045608044602, 0.00389332487248, -0.000770462269429, 0.00190702592954], [-0.000496576423757, 0.00192549976055, -0.00152510858607, 8.48685795063e-006, -0.00211969204247, 0.00796191208065, -0.00260809645988, -0.00160013767891, 0.000718673341908, 0.00167738948949, -0.002403246006, 0.00180248206016, -0.00209637871012], [0.000486248842208, -0.00340532790869, 0.00213449448347, -0.0019182311371, -6.81550227455e-005, -0.00260809645988, 0.00904853548855, -0.00227663689293, -0.000950520276092, -0.00139845185913, 0.00164984748699, -0.00327511946671, 0.00451980764046], [-0.000384628830943, 0.00365665880963, -0.0017446243437, 0.00232544075698, -0.00126812548842, -0.00160013767891, -0.00227663689293, 0.0121470522135, -0.00410640658811, 0.00138115487061, 0.000816658546682, 0.00132915808354, -0.00379963358864], [4.80823291582e-006, -0.00307926535606, 0.000619498430751, -0.00220433669165, 0.00312779447995, 0.000718673341908, -0.000950520276092, -0.00410640658811, 0.0109456414357, -0.00505907740444, 0.000952578498982, 0.00160099053755, 0.00148977420758], [-0.00054000824457, 0.00474700517952, -0.000772663042881, 0.00263050105423, -0.0045608044602, 0.00167738948949, -0.00139845185913, 0.00138115487061, -0.00505907740444, 0.0142740271986, -0.00629483070225, 0.000202851937502, 0.00163351430092], [0.000567675218917, -0.00510165700689, 0.00292609282769, -0.00202673207968, 0.00389332487248, -0.002403246006, 0.00164984748699, 0.000816658546682, 0.000952578498982, -0.00629483070225, 0.0150308851153, -0.00561092235148, 0.00237324717455], [-0.000206029508263, 0.00411361083388, -0.00240903813392, 0.00172578252386, -0.000770462269429, 0.00180248206016, -0.00327511946671, 0.00132915808354, 0.00160099053755, 0.000202851937502, -0.00561092235148, 0.0138246593997, -0.00605826918036], [0.000598876387812, -0.00403923541307, 0.00261235749349, -0.00247247191146, 0.00190702592954, -0.00209637871012, 0.00451980764046, -0.00379963358864, 0.00148977420758, 0.00163351430092, 0.00237324717455, -0.00605826918036, 0.0137374699116]]
    },
    "melbands": {
        "mean": [0.000758297741413, 0.00153595616575, 0.0012807828607, 0.00080168718705, 0.0004611761251, 0.000215936001041, 0.000578147883061, 0.000411201355746, 0.000574610894546, 0.000248743046541, 0.000170931612956, 7.07734652678e-005, 2.96117905236e-005, 2.02506562346e-005, 4.28565945185e-005, 1.06524457806e-005, 2.80949770968e-005, 1.20051054182e-005, 1.13283404062e-005, 3.68986638932e-006, 2.44777470471e-006, 3.40748943017e-006, 2.94033156933e-006, 4.57778969576e-006, 6.08844720773e-006, 2.59398552771e-006, 4.22486755269e-006, 2.29253782891e-006, 1.53789494561e-006, 1.80027757324e-006, 1.86835291061e-006, 9.13740109354e-007, 1.64565005889e-006, 1.76551918685e-006, 1.09892107503e-006, 7.09773644303e-007, 4.50854145129e-007, 2.97497280144e-007, 1.92831052459e-007, 1.26676795276e-007],
        "var": [1.97833219318e-006, 9.27413839236e-006, 8.54110112414e-006, 1.06505274289e-006, 8.39709059619e-007, 1.87197386481e-007, 2.28293583859e-006, 2.04030197892e-006, 6.18746480541e-006, 9.01533496744e-007, 1.27893386548e-007, 1.10632880634e-008, 2.2946418099e-009, 9.31033083962e-010, 6.72575684035e-009, 5.12376086004e-010, 1.44981298078e-008, 6.02577487907e-010, 8.586606981e-010, 3.98243209243e-011, 1.20689768943e-011, 2.95644272952e-011, 2.1786886531e-011, 1.25260080086e-010, 4.74386585569e-010, 2.17567196897e-011, 2.09841699572e-010, 4.72337793878e-011, 5.50447057726e-012, 7.35158808829e-012, 9.07861980037e-012, 2.17846205484e-012, 7.05406826701e-012, 7.66928968249e-012, 2.69277547309e-012, 1.25573856868e-012, 6.85885701533e-013, 5.14670825489e-013, 3.04023543536e-013, 1.29051690124e-013]
    },
    "mfcc": {
        "mean": [-698.183837891, 142.852233887, 9.5552778244, 15.8674640656, -14.8931322098, 0.786131024361, -3.86215186119, 6.14174747467, -8.47732925415, 5.06988668442, -3.30354261398, -5.8789691925, -7.0851688385],
        "cov": [[6357.31445313, -1518.1204834, 1364.1237793, 1487.45275879, 628.899658203, 769.09185791, -53.2455978394, 523.479370117, 517.402587891, 407.708007813, 188.159118652, 75.8397979736, -196.49836731], [-1518.1204834, 1132.11169434, -309.108642578, -429.403137207, -159.713409424, -178.513061523, 30.8266487122, -134.878128052, -149.601852417, -67.4396972656, -60.1258239746, 61.6076469421, 43.5319595337], [1364.1237793, -309.108642578, 847.170410156, 490.583343506, 272.123199463, 232.095397949, -4.52395582199, 229.059539795, 197.940292358, 50.6306419373, -17.3914356232, 43.0792999268, -73.5585861206], [1487.45275879, -429.403137207, 490.583343506, 743.985961914, 252.475982666, 324.725646973, 29.2388286591, 194.42980957, 173.779754639, 127.150856018, 45.4343643188, 14.1039981842, -67.0952148438], [628.899658203, -159.713409424, 272.123199463, 252.475982666, 296.036987305, 141.16468811, 48.4341926575, 89.3368530273, 117.558143616, 43.7803688049, -14.2205162048, -11.4561710358, -73.2409820557], [769.09185791, -178.513061523, 232.095397949, 324.725646973, 141.16468811, 303.38458252, 77.3068237305, 114.936691284, 87.372215271, 91.622215271, 53.5286903381, 15.0399494171, -23.5765857697], [-53.2455978394, 30.8266487122, -4.52395582199, 29.2388286591, 48.4341926575, 77.3068237305, 160.555145264, 49.8444404602, 22.1222057343, -2.89274334908, -8.82938480377, -3.35153698921, -6.29684257507], [523.479370117, -134.878128052, 229.059539795, 194.42980957, 89.3368530273, 114.936691284, 49.8444404602, 192.415100098, 117.532142639, 28.5593700409, -12.5376567841, 11.5012311935, -18.2771663666], [517.402587891, -149.601852417, 197.940292358, 173.779754639, 117.558143616, 87.372215271, 22.1222057343, 117.532142639, 196.469284058, 69.6356582642, 9.72770023346, -7.43267679214, -58.8948936462], [407.708007813, -67.4396972656, 50.6306419373, 127.150856018, 43.7803688049, 91.622215271, -2.89274334908, 28.5593700409, 69.6356582642, 167.093978882, 94.5144500732, 19.1739196777, -22.6084346771], [188.159118652, -60.1258239746, -17.3914356232, 45.4343643188, -14.2205162048, 53.5286903381, -8.82938480377, -12.5376567841, 9.72770023346, 94.5144500732, 146.014816284, 47.3863639832, 11.2655115128], [75.8397979736, 61.6076469421, 43.0792999268, 14.1039981842, -11.4561710358, 15.0399494171, -3.35153698921, 11.5012311935, -7.43267679214, 19.1739196777, 47.3863639832, 107.028198242, 42.135219574], [-196.49836731, 43.5319595337, -73.5585861206, -67.0952148438, -73.2409820557, -23.5765857697, -6.29684257507, -18.2771663666, -58.8948936462, -22.6084346771, 11.2655115128, 42.135219574, 108.491241455]],
        "icov": [[0.000449977145763, 0.000348523608409, -0.000193748666788, -0.000246172450716, -8.12755606603e-005, -0.000343103572959, 0.000385656312574, -0.000241366316914, 2.92432905553e-005, -0.000456898589619, 0.000149465719005, -0.000439684576122, 0.000319739308907], [0.000348523608409, 0.00165235425811, -7.83974246588e-005, 0.000460912939161, 0.000151193686179, -0.000323182001011, -0.000247729942203, 0.000181981173228, 0.000493182160426, -0.0010872540297, 0.00145003583748, -0.0019603446126, 0.000900179031305], [-0.000193748666788, -7.83974246588e-005, 0.00300052273087, -0.000689056527335, -0.00111388147343, -0.000477167108329, 0.00133794464637, -0.00157356378622, -0.000546802126337, 0.0010672332719, 0.000594530487433, -0.00154786242638, 0.00071068003308], [-0.000246172450716, 0.000460912939161, -0.000689056527335, 0.00407695444301, -0.000716739392374, -0.00239957822487, 0.00063446664717, -0.00067865580786, 0.000270236749202, -0.000787629280239, 0.00047050678404, -0.000181693467312, 0.000344797736034], [-8.12755606603e-005, 0.000151193686179, -0.00111388147343, -0.000716739392374, 0.00683189695701, -0.000980445183814, -0.00166172941681, 0.00164514360949, -0.0017059489619, -0.000249388423981, 0.00158836180344, -0.000499105663039, 0.00222426117398], [-0.000343103572959, -0.000323182001011, -0.000477167108329, -0.00239957822487, -0.000980445183814, 0.00906837545335, -0.00366812827997, -0.00120302068535, 0.001231537899, -0.00151102861855, -0.00221560616046, 0.00145611679181, -0.0013878348982], [0.000385656312574, -0.000247729942203, 0.00133794464637, 0.00063446664717, -0.00166172941681, -0.00366812827997, 0.00959723256528, -0.00308052939363, -2.49658442044e-005, 0.00128630106337, 7.55279688747e-005, -0.000273429555818, 0.000569385301787], [-0.000241366316914, 0.000181981173228, -0.00157356378622, -0.00067865580786, 0.00164514360949, -0.00120302068535, -0.00308052939363, 0.0127494484186, -0.00569845736027, 0.000458277965663, 0.00252756266855, -0.00114393862896, -0.00199464987963], [2.92432905553e-005, 0.000493182160426, -0.000546802126337, 0.000270236749202, -0.0017059489619, 0.001231537899, -2.49658442044e-005, -0.00569845736027, 0.0119723957032, -0.00389371952042, 0.000305485620629, 0.000196602501092, 0.00338575383648], [-0.000456898589619, -0.0010872540297, 0.0010672332719, -0.000787629280239, -0.000249388423981, -0.00151102861855, 0.00128630106337, 0.000458277965663, -0.00389371952042, 0.0138713028282, -0.00805283989757, 0.00138364848681, 0.000576093152631], [0.000149465719005, 0.00145003583748, 0.000594530487433, 0.00047050678404, 0.00158836180344, -0.00221560616046, 7.55279688747e-005, 0.00252756266855, 0.000305485620629, -0.00805283989757, 0.0157241299748, -0.00689675845206, 0.000937430071644], [-0.000439684576122, -0.0019603446126, -0.00154786242638, -0.000181693467312, -0.000499105663039, 0.00145611679181, -0.000273429555818, -0.00114393862896, 0.000196602501092, 0.00138364848681, -0.00689675845206, 0.0167864393443, -0.00680891098455], [0.000319739308907, 0.000900179031305, 0.00071068003308, 0.000344797736034, 0.00222426117398, -0.0013878348982, 0.000569385301787, -0.00199464987963, 0.00338575383648, 0.000576093152631, 0.000937430071644, -0.00680891098455, 0.0155324107036]]
    },
    "spectral_contrast_coeffs": {
        "mean": [-0.598817706108, -0.68995153904, -0.739399373531, -0.774922728539, -0.810824751854, -0.755743086338],
        "var": [0.00676747737452, 0.0077231801115, 0.00407031225041, 0.00245251948945, 0.000791221798863, 0.00211779004894]
    },
    "spectral_contrast_valleys": {
        "mean": [-7.84693431854, -6.93873405457, -7.74501085281, -8.31991481781, -8.27381420135, -11.0153274536],
        "var": [2.15118598938, 0.529715657234, 0.460412293673, 0.576305747032, 1.07127833366, 1.60794889927]
    }
},
"metadata": {
    "audio_properties": {
        "analysis_sample_rate": 44100,
        "bit_rate": 128074,
        "equal_loudness": 0,
        "length": 45.0612258911,
        "lossless": 0,
        "replay_gain": -5.8758392334,
        "sample_rate": 44100,
        "codec": "mp3",
        "downmix": "mix",
        "md5_encoded": "f5c4df0edb6b16eac34dc33a7bde82a9"
    },
    "tags": {
        "file_name": "1310.mp3"
    },
    "version": {
        "essentia": "2.1-beta2",
        "essentia_git_sha": "v2.1_beta2",
        "extractor": "music 1.0"
    }
},
"rhythm": {
    "beats_count": 95,
    "beats_loudness": {
        "mean": 0.0325862467289,
        "var": 0.0011784771923
    },
    "bpm": 118.342750549,
    "bpm_histogram_first_peak_bpm": {
        "mean": 117,
        "var": 0
    },
    "bpm_histogram_first_peak_spread": {
        "mean": 0.451612919569,
        "var": 0
    },
    "bpm_histogram_first_peak_weight": {
        "mean": 0.361702114344,
        "var": 0
    },
    "bpm_histogram_second_peak_bpm": {
        "mean": 148,
        "var": 0
    },
    "bpm_histogram_second_peak_spread": {
        "mean": 0.592592597008,
        "var": 0
    },
    "bpm_histogram_second_peak_weight": {
        "mean": 0.117021277547,
        "var": 0
    },
    "danceability": 0.932636260986,
    "onset_rate": 4.92440986633,
    "beats_loudness_band_ratio": {
        "mean": [0.41313380003, 0.25024163723, 0.248528182507, 0.103574834764, 0.0203951112926, 0.0203589145094],
        "var": [0.105142325163, 0.0489147603512, 0.0542468726635, 0.0214901324362, 0.000474448985187, 0.000580659019761]
    },
    "beats_position": [0.429569154978, 0.859138309956, 1.27709746361, 1.69505667686, 2.11301589012, 2.50775504112, 2.91410422325, 3.32045340538, 3.7151927948, 4.1099319458, 4.5046710968, 4.92263031006, 5.32897949219, 5.73532867432, 6.15328788757, 6.54802703857, 6.9543762207, 7.36072540283, 7.76707458496, 8.17342376709, 8.56816291809, 8.97451210022, 9.38086128235, 9.79882049561, 10.1935596466, 10.5882987976, 10.9946479797, 11.3893871307, 11.7725172043, 12.144036293, 12.5271654129, 12.9102945328, 13.3050336838, 13.8158731461, 14.3151016235, 14.8259410858, 15.3483896255, 15.8592290878, 16.3700675964, 16.8692970276, 17.3801364899, 17.8793640137, 18.3785934448, 18.877822876, 19.3886623383, 19.8994998932, 20.4103393555, 20.9211788177, 21.43201828, 21.942855835, 22.4420852661, 22.9413146973, 23.4405441284, 23.9513835907, 24.4738311768, 24.984670639, 25.4955101013, 25.9947395325, 26.4939670563, 27.0048065186, 27.5040359497, 28.0032653809, 28.5141029358, 29.0249423981, 29.5357818604, 30.0466213226, 30.5458488464, 31.0450782776, 31.5559177399, 32.0667572021, 32.5892066956, 33.0884361267, 33.5992736816, 34.1101112366, 34.6093406677, 35.1085700989, 35.60779953, 36.1070289612, 36.6294784546, 37.1403160095, 37.6511573792, 38.1503829956, 38.6612243652, 39.1720619202, 39.6712913513, 40.1821289063, 40.6929702759, 41.192199707, 41.6914291382, 42.1906585693, 42.7014961243, 43.2123336792, 43.7231750488, 44.2340126038, 44.7448501587]
},
"tonal": {
    "chords_changes_rate": 0.0380658432841,
    "chords_number_rate": 0.00617283955216,
    "chords_strength": {
        "mean": 0.5807736516,
        "var": 0.00885529350489
    },
    "hpcp_entropy": {
        "mean": 1.81076669693,
        "var": 0.390687972307
    },
    "key_strength": 0.817134082317,
    "tuning_diatonic_strength": 0.707578837872,
    "tuning_equal_tempered_deviation": 0.309400290251,
    "tuning_frequency": 446.91595459,
    "tuning_nontempered_energy_ratio": 0.988475620747,
    "hpcp": {
        "mean": [0.042669147253, 0.0560039542615, 0.116916246712, 0.146473690867, 0.0931345373392, 0.0470429882407, 0.0507515445352, 0.155859529972, 0.23886950314, 0.161765545607, 0.126754373312, 0.153660222888, 0.101774014533, 0.0459896661341, 0.0426892451942, 0.0702046453953, 0.199355244637, 0.361739546061, 0.254022300243, 0.0635591298342, 0.0327228195965, 0.0644818171859, 0.225578725338, 0.28927731514, 0.129425987601, 0.023990618065, 0.0175991393626, 0.0238834936172, 0.0570254027843, 0.084592372179, 0.0895281806588, 0.252532124519, 0.438008487225, 0.291248947382, 0.0880506411195, 0.0525700300932],
        "var": [0.0165509209037, 0.0156708620489, 0.0415066592395, 0.0724586397409, 0.0378514565527, 0.0185407865793, 0.0158885903656, 0.0423804670572, 0.0826881080866, 0.0460834912956, 0.0608045309782, 0.087154224515, 0.0450660958886, 0.0170676112175, 0.0167927574366, 0.0265660155565, 0.0490977726877, 0.120996117592, 0.0725250020623, 0.020418798551, 0.00995557941496, 0.0176269616932, 0.0964383631945, 0.141589283943, 0.0426743738353, 0.00497662834823, 0.00532045401633, 0.00544956652448, 0.0180904585868, 0.0315803103149, 0.0260175392032, 0.0690142735839, 0.129278361797, 0.0748163610697, 0.0291305966675, 0.0247490108013]
    },
    "chords_histogram": [70.576133728, 0, 0, 0, 0, 0, 0, 0, 0, 0, 0, 0, 0, 0, 0, 1.02880656719, 2.67489719391, 7.40740728378, 0, 0, 0, 0, 6.27572011948, 12.0370368958],
    "thpcp": [1, 0.664939045906, 0.201024964452, 0.120020575821, 0.0974162593484, 0.127860426903, 0.266926884651, 0.334408342838, 0.212631806731, 0.107402004302, 0.115868858993, 0.355836778879, 0.545353591442, 0.369320571423, 0.28938794136, 0.350815623999, 0.232356265187, 0.104997202754, 0.0974621400237, 0.160281479359, 0.455140143633, 0.825873374939, 0.579948365688, 0.14510935545, 0.07470818609, 0.147215902805, 0.515009939671, 0.660437703133, 0.29548740387, 0.0547720380127, 0.0401799045503, 0.0545274689794, 0.13019245863, 0.193129524589, 0.204398274422, 0.576546192169],
    "chords_key": "G",
    "chords_scale": "major",
    "key_key": "G",
    "key_scale": "major"
}
}