{
"lowlevel": {
    "average_loudness": 0.916035234928,
    "barkbands_crest": {
        "mean": 13.193816185,
        "var": 16.9905090332
    },
    "barkbands_flatness_db": {
        "mean": 0.280918091536,
        "var": 0.00949494633824
    },
    "barkbands_kurtosis": {
        "mean": 11.9198646545,
        "var": 139.718719482
    },
    "barkbands_skewness": {
        "mean": 2.09335207939,
        "var": 1.44924283028
    },
    "barkbands_spread": {
        "mean": 5.74950313568,
        "var": 16.7274131775
    },
    "dissonance": {
        "mean": 0.358769834042,
        "var": 0.00502600101754
    },
    "dynamic_complexity": 2.57827877998,
    "erbbands_crest": {
        "mean": 14.6912345886,
        "var": 27.5889606476
    },
    "erbbands_flatness_db": {
        "mean": 0.260176569223,
        "var": 0.00491260271519
    },
    "erbbands_kurtosis": {
        "mean": 6.89318370819,
        "var": 86.5950164795
    },
    "erbbands_skewness": {
        "mean": 1.67353963852,
        "var": 1.03448426723
    },
    "erbbands_spread": {
        "mean": 17.1879386902,
        "var": 113.408302307
    },
    "hfc": {
        "mean": 10.942732811,
        "var": 65.1487731934
    },
    "melbands_crest": {
        "mean": 17.2342319489,
        "var": 28.6433029175
    },
    "melbands_flatness_db": {
        "mean": 0.35972827673,
        "var": 0.0143224587664
    },
    "melbands_kurtosis": {
        "mean": 13.3778219223,
        "var": 232.141174316
    },
    "melbands_skewness": {
        "mean": 2.05396747589,
        "var": 1.66790390015
    },
    "melbands_spread": {
        "mean": 7.04406738281,
        "var": 33.0684051514
    },
    "pitch_salience": {
        "mean": 0.46701669693,
        "var": 0.0118454126641
    },
    "silence_rate_20dB": {
        "mean": 1,
        "var": 0
    },
    "silence_rate_30dB": {
        "mean": 1,
        "var": 0
    },
    "silence_rate_60dB": {
        "mean": 0.0123583935201,
        "var": 0.0122055541724
    },
    "spectral_centroid": {
        "mean": 495.84197998,
        "var": 43730.5742188
    },
    "spectral_complexity": {
        "mean": 7.6189494133,
        "var": 9.07210254669
    },
    "spectral_decrease": {
        "mean": -7.066217389e-009,
        "var": 2.20601078803e-017
    },
    "spectral_energy": {
        "mean": 0.0276620890945,
        "var": 0.000336710974807
    },
    "spectral_energyband_high": {
        "mean": 0.000127580628032,
        "var": 2.90504154066e-008
    },
    "spectral_energyband_low": {
        "mean": 0.00742103299126,
        "var": 7.03393452568e-005
    },
    "spectral_energyband_middle_high": {
        "mean": 0.0019206329016,
        "var": 6.74683133184e-006
    },
    "spectral_energyband_middle_low": {
        "mean": 0.0213696435094,
        "var": 0.000278394349152
    },
    "spectral_entropy": {
        "mean": 6.0945110321,
        "var": 0.574235260487
    },
    "spectral_flux": {
        "mean": 0.0592944510281,
        "var": 0.000719625910278
    },
    "spectral_kurtosis": {
        "mean": 24.7340106964,
        "var": 1653.42211914
    },
    "spectral_rms": {
        "mean": 0.00491211516783,
        "var": 2.85847750092e-006
    },
    "spectral_rolloff": {
        "mean": 547.676574707,
        "var": 241083.109375
    },
    "spectral_skewness": {
        "mean": 3.29930353165,
        "var": 5.07813453674
    },
    "spectral_spread": {
        "mean": 3406803,
        "var": 2.74336684442e+012
    },
    "spectral_strongpeak": {
        "mean": 1.28048694134,
        "var": 0.927486538887
    },
    "zerocrossingrate": {
        "mean": 0.0252043139189,
        "var": 0.000247574498644
    },
    "barkbands": {
        "mean": [5.98384531258e-006, 0.000228463322856, 0.0040148277767, 0.00479634013027, 0.00319679756649, 0.00377056305297, 0.00817870721221, 0.000606217829045, 0.000789876095951, 0.000588673574384, 0.000600072613452, 0.000337595993187, 2.1216334062e-005, 4.03363155783e-005, 0.000239328641328, 3.25166329276e-005, 3.47873319697e-005, 1.24370071717e-005, 3.49936490238e-005, 2.11451351788e-005, 5.84866174904e-005, 2.35198149312e-005, 8.32026216813e-006, 1.2191047972e-005, 6.89704165779e-006, 1.76782782546e-006, 3.20337925075e-008],
        "var": [2.59088972498e-010, 2.97459109788e-007, 3.01353793475e-005, 6.78242722643e-005, 1.86089109775e-005, 2.71986900771e-005, 0.000129039268359, 3.00636293105e-006, 3.31386831931e-006, 7.93399578924e-007, 2.12674285649e-006, 1.8102185777e-006, 1.31991917396e-009, 6.47829612177e-009, 1.80560988383e-007, 5.34078914427e-009, 4.5375698754e-009, 3.10957870564e-010, 3.70130082139e-009, 1.10158049349e-009, 8.88880524741e-009, 1.86470616725e-009, 8.66438865099e-011, 2.75058809063e-010, 5.88780413313e-011, 3.49698893974e-012, 2.81109800524e-015]
    },
    "erbbands": {
        "mean": [0.0025504862424, 0.128000155091, 3.12586474419, 13.1530914307, 7.07955312729, 14.3792953491, 32.6407051086, 26.3406562805, 105.308425903, 68.6198806763, 12.7746114731, 19.2569007874, 8.87019062042, 30.271320343, 26.9757804871, 9.87812232971, 1.41929221153, 1.67705988884, 10.1777105331, 6.94150495529, 1.78015065193, 1.62214720249, 0.74751830101, 1.87929999828, 1.05596554279, 0.984764575958, 2.49332404137, 1.83906757832, 0.976014494896, 0.358056724072, 0.228327974677, 0.32813346386, 0.145569264889, 0.111315920949, 0.0277331136167, 0.0121926376596, 0.00193862745073, 0.000225432318985, 1.86497163668e-005, 3.12936281261e-005],
        "var": [1.52186239575e-005, 0.0537769943476, 19.1139411926, 310.416137695, 198.711303711, 611.117797852, 1954.65991211, 1155.04467773, 24040.2050781, 13196.3408203, 356.469146729, 2208.17578125, 388.179962158, 1892.85412598, 3733.29760742, 1303.63500977, 4.88665390015, 6.13761281967, 242.948577881, 192.871994019, 11.6429624557, 10.5114040375, 1.27451062202, 6.58796072006, 3.81474542618, 1.98594844341, 15.785369873, 9.71063995361, 3.38887786865, 0.222574487329, 0.063113771379, 0.180156886578, 0.041864566505, 0.0188038907945, 0.00082506070612, 0.000185783748748, 3.59109071724e-006, 4.86491948948e-008, 1.31126873248e-010, 4.23774765279e-010]
    },
    "gfcc": {
        "mean": [-90.7638702393, 144.336883545, -92.6808395386, 13.4602575302, -71.9615325928, -14.0235404968, -44.8983192444, -10.3373365402, -25.8486557007, -4.20930957794, -19.2574386597, -8.13646316528, -5.51240158081],
        "cov": [[8377.39257813, -3781.09643555, -1592.19628906, 123.697311401, -2112.36572266, 1423.87219238, -707.170898438, 443.014221191, -526.836364746, 341.070404053, -437.007507324, -160.17755127, 114.740982056], [-3781.09643555, 2500.75805664, 845.293395996, -76.193862915, 1268.17004395, -831.263366699, 446.068847656, -258.8203125, 334.203186035, -209.386398315, 251.119873047, 34.2439117432, 2.59378170967], [-1592.19628906, 845.293395996, 947.126586914, 76.9446716309, 417.167022705, -266.840118408, 54.3160324097, -95.7487182617, 94.5353393555, 2.23196983337, 83.9308929443, -15.6854801178, -113.118652344], [123.697311401, -76.193862915, 76.9446716309, 225.856338501, 50.8654022217, 53.6845703125, 16.2093200684, -18.9651470184, -32.392539978, -15.7775373459, -18.6803817749, -54.6537971497, -16.2170715332], [-2112.36572266, 1268.17004395, 417.167022705, 50.8654022217, 814.075439453, -367.137390137, 241.961578369, -139.44493103, 156.705154419, -130.523864746, 128.175415039, 28.2169628143, -0.419115483761], [1423.87219238, -831.263366699, -266.840118408, 53.6845703125, -367.137390137, 474.219482422, -81.7963104248, 69.5208129883, -132.525588989, 33.1282234192, -112.219894409, -31.402431488, 16.6208648682], [-707.170898438, 446.068847656, 54.3160324097, 16.2093200684, 241.961578369, -81.7963104248, 237.090270996, -33.9179344177, 39.0291252136, -83.7539520264, 24.6774768829, -27.5901432037, 21.2867603302], [443.014221191, -258.8203125, -95.7487182617, -18.9651470184, -139.44493103, 69.5208129883, -33.9179344177, 142.520324707, 3.79317998886, 37.9717102051, -37.761806488, 8.0598526001, -26.8945846558], [-526.836364746, 334.203186035, 94.5353393555, -32.392539978, 156.705154419, -132.525588989, 39.0291252136, 3.79317998886, 130.72177124, 12.7758703232, 28.8306655884, 1.31910860538, -14.8874502182], [341.070404053, -209.386398315, 2.23196983337, -15.7775373459, -130.523864746, 33.1282234192, -83.7539520264, 37.9717102051, 12.7758703232, 132.219299316, 9.18426704407, -4.54584217072, -21.7761268616], [-437.007507324, 251.119873047, 83.9308929443, -18.6803817749, 128.175415039, -112.219894409, 24.6774768829, -37.761806488, 28.8306655884, 9.18426704407, 100.039024353, 29.2264995575, -10.0295591354], [-160.17755127, 34.2439117432, -15.6854801178, -54.6537971497, 28.2169628143, -31.402431488, -27.5901432037, 8.0598526001, 1.31910860538, -4.54584217072, 29.2264995575, 125.219650269, 9.7908449173], [114.740982056, 2.59378170967, -113.118652344, -16.2170715332, -0.419115483761, 16.6208648682, 21.2867603302, -26.8945846558, -14.8874502182, -21.7761268616, -10.0295591354, 9.7908449173, 93.0544967651]],
        "icov": [[0.000910561648197, -0.00153702264652, 0.00106485420838, -0.00140652479604, 0.00211476301774, -0.0018762415275, 0.00195364444517, -0.00150997878518, 0.00147245917469, -0.00097619544249, 0.000235621264437, 0.000626346387435, -0.000602643471211], [-0.00153702264652, 0.0113449003547, -0.0047420640476, 0.00663736322895, -0.0100108962506, 0.00814650952816, -0.00804895348847, 0.0053020697087, -0.00772307021543, 0.00493777077645, -0.0025188322179, 0.000387964741094, -0.00154770829249], [0.00106485420838, -0.0047420640476, 0.00415189750493, -0.0033527307678, 0.00368513539433, -0.00337327085435, 0.00408318592235, -0.0017139747506, 0.00380668300204, -0.00322928559035, 0.00164062727708, 0.000316045305226, 0.00246856082231], [-0.00140652479604, 0.00663736322895, -0.0033527307678, 0.0103830974549, -0.00796640664339, 0.004402408842, -0.00477687129751, 0.00361103680916, -0.00242060003802, 0.00285135465674, -0.000552846759092, 0.0023250321392, 0.00057314831065], [0.00211476301774, -0.0100108962506, 0.00368513539433, -0.00796640664339, 0.0143071711063, -0.00720577035099, 0.00577106978744, -0.00400502886623, 0.00362764275633, -0.001992497826, -0.000101862373413, -0.001150160213, -0.000139270690852], [-0.0018762415275, 0.00814650952816, -0.00337327085435, 0.004402408842, -0.00720577035099, 0.0113039622083, -0.00729859434068, 0.00438517937437, -0.00324920681305, 0.00268934760243, 0.00127173529472, -0.000722700322513, -3.88251137338e-005], [0.00195364444517, -0.00804895348847, 0.00408318592235, -0.00477687129751, 0.00577106978744, -0.00729859434068, 0.0147860068828, -0.00643368950114, 0.00560381961986, -0.000349513778929, -6.51023292448e-005, 0.0037326561287, -0.00155071960762], [-0.00150997878518, 0.0053020697087, -0.0017139747506, 0.00361103680916, -0.00400502886623, 0.00438517937437, -0.00643368950114, 0.0150497471914, -0.0068721617572, 0.000461398449261, 0.0029520590324, -0.00339211663231, 0.00496359774843], [0.00147245917469, -0.00772307021543, 0.00380668300204, -0.00242060003802, 0.00362764275633, -0.00324920681305, 0.00560381961986, -0.0068721617572, 0.0209019575268, -0.00845996662974, 0.00428525172174, 0.00181044230703, 0.00156952370889], [-0.00097619544249, 0.00493777077645, -0.00322928559035, 0.00285135465674, -0.001992497826, 0.00268934760243, -0.000349513778929, 0.000461398449261, -0.00845996662974, 0.0165030397475, -0.00728005217388, 0.00173082679976, -0.00109690474346], [0.000235621264437, -0.0025188322179, 0.00164062727708, -0.000552846759092, -0.000101862373413, 0.00127173529472, -6.51023292448e-005, 0.0029520590324, 0.00428525172174, -0.00728005217388, 0.0195675957948, -0.00408474449068, 0.00383894029073], [0.000626346387435, 0.000387964741094, 0.000316045305226, 0.0023250321392, -0.001150160213, -0.000722700322513, 0.0037326561287, -0.00339211663231, 0.00181044230703, 0.00173082679976, -0.00408474449068, 0.0120639065281, -0.00271899159998], [-0.000602643471211, -0.00154770829249, 0.00246856082231, 0.00057314831065, -0.000139270690852, -3.88251137338e-005, -0.00155071960762, 0.00496359774843, 0.00156952370889, -0.00109690474346, 0.00383894029073, -0.00271899159998, 0.0171232130378]]
    },
    "melbands": {
        "mean": [3.65372361557e-005, 0.00114206050057, 0.00207517435774, 0.000606171146501, 0.00106857367791, 0.000571947661228, 0.00171669421252, 0.000608363538049, 9.37780860113e-005, 0.000115127164463, 3.82886719308e-005, 0.000119143689517, 9.77678282652e-005, 4.91024329676e-005, 4.21211871071e-006, 2.19168828153e-006, 2.82905557469e-006, 1.3453178326e-005, 1.75278019015e-005, 3.46124852513e-006, 1.90964738067e-006, 1.59796184107e-006, 1.29776708491e-006, 5.96982602019e-007, 1.66460267792e-006, 1.3254878013e-006, 3.15563283948e-007, 6.90570971074e-007, 1.50528592258e-006, 1.56937926477e-006, 8.7946051508e-007, 6.14386124198e-007, 3.06983508835e-007, 1.5682390142e-007, 1.05236082959e-007, 1.90983527659e-007, 2.04673000326e-007, 8.91747191645e-008, 1.10243782103e-007, 9.00079157873e-008],
        "var": [6.75344358214e-009, 2.69372662842e-006, 8.24770449981e-006, 8.64266382905e-007, 1.51105916757e-006, 6.12753467522e-007, 6.15272801952e-006, 1.14681745345e-006, 2.73825708774e-008, 7.48279731511e-008, 9.67951407915e-009, 3.1631117281e-008, 5.45447136346e-008, 3.49856001947e-008, 1.43495396121e-010, 1.06432232819e-011, 2.46415596261e-011, 4.06329303537e-010, 1.38403044581e-009, 6.6889146999e-011, 1.7271338873e-011, 8.69677940774e-012, 9.52157797052e-012, 7.64123573443e-013, 5.25022343309e-012, 7.61336393235e-012, 4.4283926027e-013, 1.21563739977e-012, 5.74062715766e-012, 7.5999267643e-012, 2.41888670552e-012, 1.52457918252e-012, 3.08049213308e-013, 4.86290966262e-014, 1.64276398881e-014, 4.94867039328e-014, 9.61171382286e-014, 1.71731186671e-014, 2.81179803562e-014, 1.16329065521e-014]
    },
    "mfcc": {
        "mean": [-743.151123047, 166.0987854, 31.8027877808, 20.4182109833, -5.35759449005, -6.48050642014, -16.5662059784, -15.6091928482, -7.47334957123, -11.3328847885, -15.6138896942, -7.36697053909, -4.97124052048],
        "cov": [[7054.32666016, -2543.35449219, -1379.11010742, -793.691345215, -1232.07019043, 23.9035358429, 35.0069618225, -420.162445068, 410.469360352, 215.542190552, -276.995452881, -432.961425781, -456.985137939], [-2543.35449219, 1510.70739746, 471.157623291, 362.746368408, 539.213867188, -52.4750061035, -21.895734787, 205.532196045, -109.99987793, -73.9881362915, 107.177833557, 206.848754883, 173.85848999], [-1379.11010742, 471.157623291, 728.732788086, 231.267883301, 256.112243652, 87.0747680664, -18.8626594543, -0.135996177793, -105.192398071, -19.8129024506, 77.1701049805, 59.6586608887, 88.5977172852], [-793.691345215, 362.746368408, 231.267883301, 302.280975342, 218.228546143, 9.25256633759, 20.0144615173, 36.0098762512, -67.5230102539, 9.41290473938, 61.247341156, 34.7593536377, 7.46527051926], [-1232.07019043, 539.213867188, 256.112243652, 218.228546143, 389.40435791, 54.517906189, 16.3074207306, 99.2794647217, -64.0694732666, -38.4728507996, 53.2983818054, 79.2941513062, 94.220664978], [23.9035358429, -52.4750061035, 87.0747680664, 9.25256633759, 54.517906189, 175.514251709, 77.6401672363, 11.9521226883, -8.84520626068, 4.66289710999, -18.9882736206, -32.8863716125, -5.03010177612], [35.0069618225, -21.895734787, -18.8626594543, 20.0144615173, 16.3074207306, 77.6401672363, 179.213668823, 49.8616943359, 14.2839927673, 34.1559371948, -24.6256465912, -45.4867553711, -46.2106399536], [-420.162445068, 205.532196045, -0.135996177793, 36.0098762512, 99.2794647217, 11.9521226883, 49.8616943359, 173.080886841, 21.7175827026, -34.7261123657, -1.58541369438, 33.4302101135, 42.071056366], [410.469360352, -109.99987793, -105.192398071, -67.5230102539, -64.0694732666, -8.84520626068, 14.2839927673, 21.7175827026, 182.607650757, 20.7223682404, -15.4684658051, 7.31632566452, -33.7790908813], [215.542190552, -73.9881362915, -19.8129024506, 9.41290473938, -38.4728507996, 4.66289710999, 34.1559371948, -34.7261123657, 20.7223682404, 157.676132202, 13.137087822, -41.4299697876, -53.8241195679], [-276.995452881, 107.177833557, 77.1701049805, 61.247341156, 53.2983818054, -18.9882736206, -24.6256465912, -1.58541369438, -15.4684658051, 13.137087822, 109.25907135, 60.2085227966, 21.2590732574], [-432.961425781, 206.848754883, 59.6586608887, 34.7593536377, 79.2941513062, -32.8863716125, -45.4867553711, 33.4302101135, 7.31632566452, -41.4299697876, 60.2085227966, 160.296188354, 93.6870193481], [-456.985137939, 173.85848999, 88.5977172852, 7.46527051926, 94.220664978, -5.03010177612, -46.2106399536, 42.071056366, -33.7790908813, -53.8241195679, 21.2590732574, 93.6870193481, 166.284545898]],
        "icov": [[0.000685640436132, 0.000427429709816, 0.000694460526574, -0.000231838203035, 0.00094039743999, -0.000696948671248, 0.00025419643498, 0.000640151207335, -0.000754392473027, -0.000111019551696, 0.000149287254317, 0.00035964520066, 2.16282405745e-005], [0.000427429709816, 0.00213983422145, -0.000175144043169, -0.000381395511795, -0.00123482255731, 0.000986043713056, 8.08403710835e-005, -0.000754342181608, -2.70643176918e-005, -0.00026917483774, 0.000596540223341, -0.000974677677732, 0.000370888796169], [0.000694460526574, -0.000175144043169, 0.00322778057307, -0.00146885763388, 0.00105876778252, -0.00240379618481, 0.000747991958633, 0.00169286073651, -0.000647485023364, 4.79552654724e-005, -0.000693651032634, 0.000962872989476, -0.0010250932537], [-0.000231838203035, -0.000381395511795, -0.00146885763388, 0.00789532251656, -0.00399100128561, 0.0018504941836, -0.00101403775625, -0.00025391188683, 0.00167287280783, -0.000621558807325, -0.0015134975547, -0.000568285235204, 0.00294191320427], [0.00094039743999, -0.00123482255731, 0.00105876778252, -0.00399100128561, 0.00974310189486, -0.00417825579643, 0.000813591468614, -0.000343137304299, -0.00110391818453, 0.000365660467651, -0.000483157113194, 0.000984169077128, -0.00244222767651], [-0.000696948671248, 0.000986043713056, -0.00240379618481, 0.0018504941836, -0.00417825579643, 0.0105656664819, -0.00427662674338, -0.000408870866522, 0.000887479225639, 0.000359480414772, 0.000790991121903, 0.000255573075265, -9.50366447796e-005], [0.00025419643498, 8.08403710835e-005, 0.000747991958633, -0.00101403775625, 0.000813591468614, -0.00427662674338, 0.00955801643431, -0.00314147211611, -9.99549956759e-005, -0.00182329071686, 0.00108705589082, 0.000521637441125, 0.00207832385786], [0.000640151207335, -0.000754342181608, 0.00169286073651, -0.00025391188683, -0.000343137304299, -0.000408870866522, -0.00314147211611, 0.0104747284204, -0.00279718381353, 0.00176004390232, 0.000137350536534, 0.000986740575172, -0.00225574965589], [-0.000754392473027, -2.70643176918e-005, -0.000647485023364, 0.00167287280783, -0.00110391818453, 0.000887479225639, -9.99549956759e-005, -0.00279718381353, 0.00824586953968, -0.00121399189811, 0.00095751741901, -0.00344430748373, 0.00265749800019], [-0.000111019551696, -0.00026917483774, 4.79552654724e-005, -0.000621558807325, 0.000365660467651, 0.000359480414772, -0.00182329071686, 0.00176004390232, -0.00121399189811, 0.00835606176406, -0.0026371483691, 0.00212960597128, 0.000425809645094], [0.000149287254317, 0.000596540223341, -0.000693651032634, -0.0015134975547, -0.000483157113194, 0.000790991121903, 0.00108705589082, 0.000137350536534, 0.00095751741901, -0.0026371483691, 0.0144978519529, -0.00635537598282, 0.0018572229892], [0.00035964520066, -0.000974677677732, 0.000962872989476, -0.000568285235204, 0.000984169077128, 0.000255573075265, 0.000521637441125, 0.000986740575172, -0.00344430748373, 0.00212960597128, -0.00635537598282, 0.0147016076371, -0.00661559216678], [2.16282405745e-005, 0.000370888796169, -0.0010250932537, 0.00294191320427, -0.00244222767651, -9.50366447796e-005, 0.00207832385786, -0.00225574965589, 0.00265749800019, 0.000425809645094, 0.0018572229892, -0.00661559216678, 0.012796331197]]
    },
    "spectral_contrast_coeffs": {
        "mean": [-0.467385023832, -0.569388449192, -0.675683617592, -0.74857544899, -0.756219387054, -0.741644322872],
        "var": [0.00597281986848, 0.00757438549772, 0.00649460125715, 0.00280701974407, 0.00231032515876, 0.00248671532609]
    },
    "spectral_contrast_valleys": {
        "mean": [-8.63117027283, -7.37660217285, -8.75232028961, -9.39363574982, -9.55813026428, -12.0626144409],
        "var": [0.764938831329, 0.609864294529, 0.866184175014, 0.919255375862, 0.891743659973, 2.25503230095]
    }
},
"metadata": {
    "audio_properties": {
        "analysis_sample_rate": 44100,
        "bit_rate": 128074,
        "equal_loudness": 0,
        "length": 45.0612258911,
        "lossless": 0,
        "replay_gain": -3.67211151123,
        "sample_rate": 44100,
        "codec": "mp3",
        "downmix": "mix",
        "md5_encoded": "0032173f5d645f12cfb2eef8efff42f3"
    },
    "tags": {
        "file_name": "1311.mp3"
    },
    "version": {
        "essentia": "2.1-beta2",
        "essentia_git_sha": "v2.1_beta2",
        "extractor": "music 1.0"
    }
},
"rhythm": {
    "beats_count": 107,
    "beats_loudness": {
        "mean": 0.0332650616765,
        "var": 0.000357438577339
    },
    "bpm": 172.265670776,
    "bpm_histogram_first_peak_bpm": {
        "mean": 172,
        "var": 0
    },
    "bpm_histogram_first_peak_spread": {
        "mean": 0,
        "var": 0
    },
    "bpm_histogram_first_peak_weight": {
        "mean": 0.301886796951,
        "var": 0
    },
    "bpm_histogram_second_peak_bpm": {
        "mean": 115,
        "var": 0
    },
    "bpm_histogram_second_peak_spread": {
        "mean": 0.468750029802,
        "var": 0
    },
    "bpm_histogram_second_peak_weight": {
        "mean": 0.16037735343,
        "var": 0
    },
    "danceability": 1.12906146049,
    "onset_rate": 0.99819123745,
    "beats_loudness_band_ratio": {
        "mean": [0.361506730318, 0.250838726759, 0.320868879557, 0.0550141818821, 0.0123391309753, 0.00595402810723],
        "var": [0.0657075867057, 0.042323756963, 0.0657755881548, 0.00407351832837, 0.000229948331253, 6.80345692672e-005]
    },
    "beats_position": [0.510838985443, 1.03328800201, 1.5673469305, 2.08979582787, 2.60063481331, 3.12308382988, 3.64553284645, 4.1679816246, 4.69043064117, 5.21287965775, 5.73532867432, 6.26938772202, 6.80344676971, 7.33750534058, 7.85995435715, 8.38240337372, 8.90485286713, 9.42730140686, 9.94974994659, 10.4605894089, 10.9714279175, 11.4822673798, 11.9931058884, 12.5039453506, 13.0147848129, 13.5836734772, 14.1641721725, 14.7330608368, 15.2787294388, 15.8243989944, 16.3700675964, 16.904127121, 17.4381847382, 17.9606342316, 18.483083725, 19.0055332184, 19.5279808044, 20.0388202667, 20.549659729, 20.8979587555, 21.2578678131, 21.6061668396, 21.9544658661, 22.3027667999, 22.6626758575, 23.010974884, 23.3708839417, 23.7191829681, 24.0790920258, 24.4273910522, 24.7524719238, 25.1007709503, 25.4374599457, 25.774148941, 26.1108379364, 26.4475269318, 26.7958278656, 27.1441268921, 27.4924259186, 27.8407249451, 28.1890239716, 28.537322998, 28.9088420868, 29.2803630829, 29.6286621094, 29.9769611359, 30.3252601624, 30.6735591888, 31.0218582153, 31.3701572418, 31.7184581757, 32.0667572021, 32.4150543213, 32.7401351929, 33.0652160645, 33.3902931213, 33.7153739929, 34.0636711121, 34.4003639221, 34.7370529175, 35.0621299744, 35.4104309082, 35.8283882141, 36.2347373962, 36.6410865784, 37.0474357605, 37.4421768188, 37.8369140625, 38.2200431824, 38.6263923645, 38.9630813599, 39.3113822937, 39.6480712891, 39.9847602844, 40.3214492798, 40.6697502136, 41.006439209, 41.3547401428, 41.7146492004, 42.0629463196, 42.4112472534, 42.7479362488, 43.0962333679, 43.432926178, 43.7812232971, 44.1179122925, 44.4546012878]
},
"tonal": {
    "chords_changes_rate": 0.0493827164173,
    "chords_number_rate": 0.0113168722019,
    "chords_strength": {
        "mean": 0.505289971828,
        "var": 0.00852382369339
    },
    "hpcp_entropy": {
        "mean": 1.50632500648,
        "var": 0.395176738501
    },
    "key_strength": 0.743787169456,
    "tuning_diatonic_strength": 0.723994076252,
    "tuning_equal_tempered_deviation": 0.0960608571768,
    "tuning_frequency": 443.828887939,
    "tuning_nontempered_energy_ratio": 0.765187978745,
    "hpcp": {
        "mean": [0.424370259047, 0.329769104719, 0.0985032245517, 0.0435962639749, 0.0648509785533, 0.187043115497, 0.330997258425, 0.243051975965, 0.0715996623039, 0.0220542754978, 0.0179592613131, 0.0250373743474, 0.037831671536, 0.0813860148191, 0.240424573421, 0.339294910431, 0.206739068031, 0.0595813579857, 0.0192584395409, 0.0483080483973, 0.115004166961, 0.160937175155, 0.116156466305, 0.0388864912093, 0.0115871634334, 0.0151689993218, 0.0424501486123, 0.0654126629233, 0.045670401305, 0.0167743451893, 0.00795591901988, 0.00521396612749, 0.00756285432726, 0.0137482071295, 0.0327475368977, 0.196405142546],
        "var": [0.16123226285, 0.104165352881, 0.0320974104106, 0.0184245463461, 0.0284180063754, 0.0646061375737, 0.146339058876, 0.0965650901198, 0.0218351557851, 0.00561569444835, 0.00612623151392, 0.00708969123662, 0.0132768675685, 0.0293425489217, 0.0922977775335, 0.141472145915, 0.0845335647464, 0.0225307308137, 0.00630803126842, 0.0209369529039, 0.057561237365, 0.0929190665483, 0.0668773949146, 0.0147491116077, 0.00268134241924, 0.00447560567409, 0.0112370923162, 0.017038250342, 0.0122889243066, 0.00726752867922, 0.0018233130686, 0.000583744025789, 0.0011710197432, 0.00508449645713, 0.0154932066798, 0.0673862025142]
    },
    "chords_histogram": [33.5390930176, 9.36213970184, 12.551440239, 2.36625504494, 5.24691343307, 0.617283940315, 0, 0, 1.33744859695, 0.102880656719, 0, 0.720164597034, 0, 0, 0, 0, 0, 7.09876537323, 0.102880656719, 4.83539104462, 0, 1.85185182095, 10.6995887756, 9.56790161133],
    "thpcp": [1, 0.777078747749, 0.232116222382, 0.102731667459, 0.152816966176, 0.440754532814, 0.779972791672, 0.572735667229, 0.168719798326, 0.0519694164395, 0.0423197932541, 0.0589988902211, 0.0891477912664, 0.191780671477, 0.566544353962, 0.799525678158, 0.48716673255, 0.140399470925, 0.045381218195, 0.113834671676, 0.270999580622, 0.379237651825, 0.273714900017, 0.0916334018111, 0.0273043718189, 0.0357447266579, 0.1000309214, 0.154140546918, 0.107619233429, 0.0395276173949, 0.0187475886196, 0.0122863603756, 0.0178213585168, 0.0323967263103, 0.0771673694253, 0.462815523148],
    "chords_key": "D",
    "chords_scale": "major",
    "key_key": "D",
    "key_scale": "major"
}
}