{
"lowlevel": {
    "average_loudness": 0.978862345219,
    "barkbands_crest": {
        "mean": 8.29591464996,
        "var": 8.21729278564
    },
    "barkbands_flatness_db": {
        "mean": 0.14064770937,
        "var": 0.000247654912528
    },
    "barkbands_kurtosis": {
        "mean": 1.07982563972,
        "var": 2.17765784264
    },
    "barkbands_skewness": {
        "mean": 1.3640859127,
        "var": 0.18702121079
    },
    "barkbands_spread": {
        "mean": 19.9396781921,
        "var": 15.7699804306
    },
    "dissonance": {
        "mean": 0.469661176205,
        "var": 0.000219824258238
    },
    "dynamic_complexity": 0.806490123272,
    "erbbands_crest": {
        "mean": 5.67440032959,
        "var": 2.62795782089
    },
    "erbbands_flatness_db": {
        "mean": 0.187741085887,
        "var": 9.44710482145e-005
    },
    "erbbands_kurtosis": {
        "mean": -1.01637327671,
        "var": 0.0634092539549
    },
    "erbbands_skewness": {
        "mean": 0.0771212950349,
        "var": 0.0762327760458
    },
    "erbbands_spread": {
        "mean": 40.7119064331,
        "var": 28.7882976532
    },
    "hfc": {
        "mean": 24.4604587555,
        "var": 30.7969722748
    },
    "melbands_crest": {
        "mean": 11.5922651291,
        "var": 13.419968605
    },
    "melbands_flatness_db": {
        "mean": 0.179040759802,
        "var": 0.000416279508499
    },
    "melbands_kurtosis": {
        "mean": 6.58091115952,
        "var": 12.8573961258
    },
    "melbands_skewness": {
        "mean": 2.35899877548,
        "var": 0.303052127361
    },
    "melbands_spread": {
        "mean": 21.9947338104,
        "var": 42.654499054
    },
    "pitch_salience": {
        "mean": 0.627177417278,
        "var": 0.00390907516703
    },
    "silence_rate_20dB": {
        "mean": 1,
        "var": 0
    },
    "silence_rate_30dB": {
        "mean": 1,
        "var": 0
    },
    "silence_rate_60dB": {
        "mean": 0.00154479919001,
        "var": 0.00154241069686
    },
    "spectral_centroid": {
        "mean": 1297.64074707,
        "var": 65997.375
    },
    "spectral_complexity": {
        "mean": 29.0834197998,
        "var": 13.3988265991
    },
    "spectral_decrease": {
        "mean": -8.25110024749e-009,
        "var": 6.58248287106e-018
    },
    "spectral_energy": {
        "mean": 0.0333602018654,
        "var": 0.000101081182947
    },
    "spectral_energyband_high": {
        "mean": 0.0004447522806,
        "var": 2.52141170165e-008
    },
    "spectral_energyband_low": {
        "mean": 0.00322449416853,
        "var": 5.57052089789e-006
    },
    "spectral_energyband_middle_high": {
        "mean": 0.0071467384696,
        "var": 3.90427385355e-006
    },
    "spectral_energyband_middle_low": {
        "mean": 0.0243325922638,
        "var": 8.74427350936e-005
    },
    "spectral_entropy": {
        "mean": 7.45160341263,
        "var": 0.0129374535754
    },
    "spectral_flux": {
        "mean": 0.0900213047862,
        "var": 0.000269837910309
    },
    "spectral_kurtosis": {
        "mean": 3.78426647186,
        "var": 2.77293395996
    },
    "spectral_rms": {
        "mean": 0.00563868833706,
        "var": 7.51652351028e-007
    },
    "spectral_rolloff": {
        "mean": 1499.98095703,
        "var": 402425.46875
    },
    "spectral_skewness": {
        "mean": 1.20380628109,
        "var": 0.0411929488182
    },
    "spectral_spread": {
        "mean": 3116486.75,
        "var": 1.06449987174e+012
    },
    "spectral_strongpeak": {
        "mean": 0.745098352432,
        "var": 0.222249165177
    },
    "zerocrossingrate": {
        "mean": 0.0534984767437,
        "var": 0.00017522041162
    },
    "barkbands": {
        "mean": [7.6512724263e-006, 7.69972320995e-005, 0.00163299613632, 0.00264729373157, 0.00914164818823, 0.00563057791442, 0.00297102774493, 0.00188324565534, 0.00144258316141, 0.00117475423031, 0.000507599266712, 0.000386995990993, 0.000621607643552, 0.000881145359017, 0.000861797656398, 0.000633955292869, 0.00106986588798, 0.000555378210265, 0.00057513336651, 0.000309166527586, 0.000190550272237, 0.000110965265776, 3.028566789e-005, 1.33144367283e-005, 3.07618552142e-006, 5.71775274238e-007, 1.93568734375e-008],
        "var": [1.60905705426e-010, 8.55477555461e-009, 1.87221860415e-006, 3.66750441572e-006, 4.92469807796e-005, 1.9868288291e-005, 8.16084047983e-006, 2.66297638518e-006, 1.24981352201e-006, 7.84704695889e-007, 1.97034779603e-007, 9.05621604375e-008, 2.41566482373e-007, 4.74506322234e-007, 3.35525385253e-007, 1.90948810541e-007, 4.32551075846e-007, 8.30071300584e-008, 9.46779010746e-008, 3.32887886145e-008, 8.44969960667e-009, 3.13365067228e-009, 2.1379339965e-010, 3.59938988337e-011, 1.84729250126e-012, 7.28701834659e-014, 2.34074960935e-016]
    },
    "erbbands": {
        "mean": [0.00109043740667, 0.0469714403152, 1.27366399765, 6.65881347656, 15.4482526779, 34.4374351501, 50.8557090759, 37.9743499756, 42.0813865662, 43.6655464172, 40.4324645996, 37.7470626831, 37.0465545654, 24.7519950867, 21.1839122772, 19.7269897461, 30.2674636841, 49.8950805664, 43.296295166, 42.6250152588, 42.5078887939, 42.429359436, 33.3295631409, 38.1056251526, 21.0467147827, 17.5344028473, 9.58709716797, 5.46921634674, 3.65722227097, 2.24740934372, 0.967428863049, 0.3821208179, 0.137308672071, 0.0495021864772, 0.0161605272442, 0.00420105271041, 0.000877859478351, 0.000104337865196, 2.09092613659e-005, 3.95557253796e-005],
        "var": [5.53239431156e-007, 0.00165137962904, 0.89358484745, 22.3545379639, 219.012496948, 901.872192383, 1919.61340332, 887.968994141, 1953.25415039, 1078.6583252, 1257.30847168, 832.183776855, 906.814758301, 514.874755859, 237.140914917, 214.888549805, 524.278259277, 1315.75012207, 1006.32025146, 755.08770752, 515.87902832, 497.220672607, 307.233306885, 483.894226074, 195.656143188, 112.608154297, 19.0196895599, 6.7638926506, 3.67125868797, 1.48553228378, 0.248498216271, 0.0341603644192, 0.00386815192178, 0.000458373193396, 4.52816348115e-005, 3.09033907797e-006, 2.64449056431e-007, 3.14273407298e-009, 2.85650114673e-011, 1.28800109467e-010]
    },
    "gfcc": {
        "mean": [19.3423633575, 122.447563171, -167.143753052, 35.3156394958, -73.5350799561, -17.9116458893, -49.6747817993, -15.3592538834, -25.8731555939, -14.6173200607, -19.7610759735, -14.4934673309, -12.4874572754],
        "cov": [[1114.9342041, 131.661834717, -75.7723770142, 52.5231132507, -43.089805603, -5.64387130737, -31.6428165436, -17.0473213196, -4.3618979454, -4.6674785614, 1.31273877621, -10.6276788712, -1.91487705708], [131.661834717, 74.1579360962, 20.4643325806, 12.5074472427, 14.5243692398, -0.31747585535, 7.99729728699, -3.53538870811, 6.73385047913, -2.3300151825, 3.79490280151, -8.56606292725, -0.79547393322], [-75.7723770142, 20.4643325806, 88.0077285767, 26.4706897736, 23.54845047, 5.91964244843, 7.32099103928, 4.59724903107, 1.34784519672, 5.40958976746, 5.76735544205, 4.86743497849, -1.52163922787], [52.5231132507, 12.5074472427, 26.4706897736, 52.8705940247, 21.8882102966, 10.0066308975, 5.45546150208, 3.6377081871, 4.57079839706, 1.23344326019, 3.27589702606, -2.23854589462, 0.228237256408], [-43.089805603, 14.5243692398, 23.54845047, 21.8882102966, 50.9730758667, 21.5409145355, 8.27341651917, 1.75672793388, -2.12082862854, 1.13786399364, -2.67299342155, -0.0900930315256, -2.08152031898], [-5.64387130737, -0.31747585535, 5.91964244843, 10.0066308975, 21.5409145355, 49.4460601807, 19.6175518036, 7.32021093369, -1.92494559288, -0.507556796074, -1.49118745327, -1.26791453362, -2.90918970108], [-31.6428165436, 7.99729728699, 7.32099103928, 5.45546150208, 8.27341651917, 19.6175518036, 41.3290328979, 17.0391559601, 0.600349485874, 0.591593921185, -5.5799202919, -0.0347253009677, -5.74435567856], [-17.0473213196, -3.53538870811, 4.59724903107, 3.6377081871, 1.75672793388, 7.32021093369, 17.0391559601, 40.0928421021, 13.6793870926, 2.31491327286, -6.43127536774, -4.39760828018, -4.38973760605], [-4.3618979454, 6.73385047913, 1.34784519672, 4.57079839706, -2.12082862854, -1.92494559288, 0.600349485874, 13.6793870926, 36.8075675964, 12.6915407181, -2.19245529175, -5.29547786713, -4.56164264679], [-4.6674785614, -2.3300151825, 5.40958976746, 1.23344326019, 1.13786399364, -0.507556796074, 0.591593921185, 2.31491327286, 12.6915407181, 36.1700325012, 12.3746156693, -0.214216068387, -6.30461072922], [1.31273877621, 3.79490280151, 5.76735544205, 3.27589702606, -2.67299342155, -1.49118745327, -5.5799202919, -6.43127536774, -2.19245529175, 12.3746156693, 36.391494751, 10.9748783112, 0.434243649244], [-10.6276788712, -8.56606292725, 4.86743497849, -2.23854589462, -0.0900930315256, -1.26791453362, -0.0347253009677, -4.39760828018, -5.29547786713, -0.214216068387, 10.9748783112, 34.502571106, 11.0801830292], [-1.91487705708, -0.79547393322, -1.52163922787, 0.228237256408, -2.08152031898, -2.90918970108, -5.74435567856, -4.38973760605, -4.56164264679, -6.30461072922, 0.434243649244, 11.0801830292, 31.907333374]],
        "icov": [[0.00292280339636, -0.00884086173028, 0.00472257658839, -0.00659562787041, 0.00689790025353, -0.00378522090614, 0.00647883908823, -0.00283133634366, 0.00497571192682, -0.00367930019274, 0.00432784110308, -0.00431333575398, 0.00253245118074], [-0.00884086173028, 0.045542769134, -0.0174826309085, 0.0202832724899, -0.0267524756491, 0.0163632258773, -0.027831107378, 0.0151017596945, -0.0224931221455, 0.0172663796693, -0.0198469106108, 0.0211103353649, -0.0104248644784], [0.00472257658839, -0.0174826309085, 0.0228959191591, -0.0161858741194, 0.00700950715691, -0.00462416978553, 0.0103548001498, -0.00695336796343, 0.00991120375693, -0.00830174889416, 0.00671206275001, -0.0105793541297, 0.00535752531141], [-0.00659562787041, 0.0202832724899, -0.0161858741194, 0.0413679890335, -0.0246713962406, 0.00808455515653, -0.0163571536541, 0.00671146018431, -0.0161638185382, 0.0115493163466, -0.0148987090215, 0.0141300661489, -0.00858466420323], [0.00689790025353, -0.0267524756491, 0.00700950715691, -0.0246713962406, 0.04914425686, -0.0221812352538, 0.0197815652937, -0.00739994412288, 0.017341921106, -0.0135959042236, 0.0180611647666, -0.014652883634, 0.00862005446106], [-0.00378522090614, 0.0163632258773, -0.00462416978553, 0.00808455515653, -0.0221812352538, 0.0364041291177, -0.0231392811984, 0.00481476215646, -0.00750928698108, 0.00769717013463, -0.0102943191305, 0.00954446103424, -0.00445581832901], [0.00647883908823, -0.027831107378, 0.0103548001498, -0.0163571536541, 0.0197815652937, -0.0231392811984, 0.0556485056877, -0.0233599636704, 0.0199474859983, -0.0135803110898, 0.0185335837305, -0.0180845353752, 0.0124875158072], [-0.00283133634366, 0.0151017596945, -0.00695336796343, 0.00671146018431, -0.00739994412288, 0.00481476215646, -0.0233599636704, 0.0412495061755, -0.0208090953529, 0.00765742268413, -0.0041121924296, 0.00888742506504, -0.0032395569142], [0.00497571192682, -0.0224931221455, 0.00991120375693, -0.0161638185382, 0.017341921106, -0.00750928698108, 0.0199474859983, -0.0208090953529, 0.050053730607, -0.0232497323304, 0.0160008650273, -0.00917100720108, 0.00703008146957], [-0.00367930019274, 0.0172663796693, -0.00830174889416, 0.0115493163466, -0.0135959042236, 0.00769717013463, -0.0135803110898, 0.00765742268413, -0.0232497323304, 0.0454985164106, -0.0227024722844, 0.0100091202185, 0.000653974711895], [0.00432784110308, -0.0198469106108, 0.00671206275001, -0.0148987090215, 0.0180611647666, -0.0102943191305, 0.0185335837305, -0.0041121924296, 0.0160008650273, -0.0227024722844, 0.0478517152369, -0.0217945165932, 0.00792105961591], [-0.00431333575398, 0.0211103353649, -0.0105793541297, 0.0141300661489, -0.014652883634, 0.00954446103424, -0.0180845353752, 0.00888742506504, -0.00917100720108, 0.0100091202185, -0.0217945165932, 0.0481710359454, -0.0182216707617], [0.00253245118074, -0.0104248644784, 0.00535752531141, -0.00858466420323, 0.00862005446106, -0.00445581832901, 0.0124875158072, -0.0032395569142, 0.00703008146957, 0.000653974711895, 0.00792105961591, -0.0182216707617, 0.0408624447882]]
    },
    "melbands": {
        "mean": [1.28135907289e-005, 0.000455934234196, 0.00129881629255, 0.0018138026353, 0.00178279785905, 0.000898022553883, 0.000638030469418, 0.000451900647022, 0.000327427929733, 0.000214256884647, 0.000179500464583, 9.94122383418e-005, 7.57727102609e-005, 4.80014132336e-005, 5.70653282921e-005, 6.01320280111e-005, 9.9847005913e-005, 6.63883038214e-005, 4.867322059e-005, 5.87470676692e-005, 5.30466968485e-005, 4.59345683339e-005, 4.30174586654e-005, 2.68696949206e-005, 3.14872231684e-005, 1.78868522198e-005, 1.15320472105e-005, 1.06487368612e-005, 5.28344708073e-006, 5.55127007829e-006, 2.78093034467e-006, 2.52268864642e-006, 1.36020673835e-006, 1.00037868833e-006, 6.42642703497e-007, 2.81764442889e-007, 1.84278050597e-007, 1.07062632537e-007, 6.30095655652e-008, 3.32509344503e-008],
        "var": [1.81316336945e-010, 1.2874170352e-007, 6.06802302627e-007, 3.14042654281e-006, 1.80270137662e-006, 4.93243192068e-007, 4.39713403466e-007, 1.15515256027e-007, 7.18496622198e-008, 2.64179291776e-008, 2.21082085972e-008, 1.02945927338e-008, 4.13519973819e-009, 1.23905063987e-009, 1.73021719174e-009, 2.39465181018e-009, 6.5613661171e-009, 2.35098185364e-009, 8.39272318309e-010, 1.65175939593e-009, 1.11910236633e-009, 7.47532369338e-010, 1.12795217611e-009, 2.40281294861e-010, 4.3483211476e-010, 2.03046343628e-010, 4.24824862788e-011, 4.12829874452e-011, 7.50376757258e-012, 1.10776656945e-011, 2.81888271406e-012, 2.34735494931e-012, 6.06813590261e-013, 3.17641854659e-013, 1.55372391927e-013, 1.85121320671e-014, 8.83574456819e-015, 3.61644528478e-015, 8.10697457279e-016, 3.13987119674e-016]
    },
    "mfcc": {
        "mean": [-601.580444336, 136.061203003, -37.7125511169, 33.4779586792, -14.3589363098, -5.97819280624, -23.590970993, -9.9632024765, -15.0906066895, -8.00277328491, -11.1884441376, -10.8540391922, -13.5266819],
        "cov": [[543.505859375, 76.7414932251, -7.75357866287, 29.6764965057, -2.79219865799, 9.32328224182, -11.8035154343, -6.9170794487, -8.8232717514, -3.50535130501, 0.838910758495, 0.993642747402, 3.29246354103], [76.7414932251, 84.3249511719, 6.45527362823, 12.6102113724, 3.70831465721, 5.21555805206, 2.27174401283, 0.524741947651, 1.78553891182, 1.61249673367, -0.428959131241, 3.9925069809, 6.2210559845], [-7.75357866287, 6.45527362823, 66.3902435303, 19.3614330292, 13.4896621704, 4.65617322922, 9.15571784973, 4.22450351715, 3.28205180168, 3.22060346603, 4.2155175209, 9.20474147797, 10.1428318024], [29.6764965057, 12.6102113724, 19.3614330292, 55.0039482117, 13.7882089615, 3.93660926819, 0.884676575661, 0.969062268734, 5.51291131973, 4.02069664001, -0.0160767007619, 6.10589885712, 8.0206861496], [-2.79219865799, 3.70831465721, 13.4896621704, 13.7882089615, 52.3896636963, 13.956823349, 6.63822221756, 0.777770340443, 3.96447205544, 2.20337033272, -1.97154092789, 2.22166466713, 7.26411151886], [9.32328224182, 5.21555805206, 4.65617322922, 3.93660926819, 13.956823349, 49.2236213684, 17.1128997803, 5.85589694977, 1.27333831787, 0.0858803167939, 1.52145206928, 3.95645546913, 5.54497003555], [-11.8035154343, 2.27174401283, 9.15571784973, 0.884676575661, 6.63822221756, 17.1128997803, 51.4179573059, 13.2931098938, 2.67062163353, -1.49045324326, -0.240515574813, 4.03017377853, 7.10256528854], [-6.9170794487, 0.524741947651, 4.22450351715, 0.969062268734, 0.777770340443, 5.85589694977, 13.2931098938, 45.1663780212, 15.3124713898, 0.919972002506, -2.35366129875, 1.58193325996, 3.20504903793], [-8.8232717514, 1.78553891182, 3.28205180168, 5.51291131973, 3.96447205544, 1.27333831787, 2.67062163353, 15.3124713898, 49.4090652466, 12.4625587463, 2.3956053257, 0.165132448077, 1.62120318413], [-3.50535130501, 1.61249673367, 3.22060346603, 4.02069664001, 2.20337033272, 0.0858803167939, -1.49045324326, 0.919972002506, 12.4625587463, 44.3969039917, 10.1135511398, 1.31597697735, -0.296010315418], [0.838910758495, -0.428959131241, 4.2155175209, -0.0160767007619, -1.97154092789, 1.52145206928, -0.240515574813, -2.35366129875, 2.3956053257, 10.1135511398, 41.4717292786, 11.5960063934, 0.626934707165], [0.993642747402, 3.9925069809, 9.20474147797, 6.10589885712, 2.22166466713, 3.95645546913, 4.03017377853, 1.58193325996, 0.165132448077, 1.31597697735, 11.5960063934, 42.0242156982, 12.3453464508], [3.29246354103, 6.2210559845, 10.1428318024, 8.0206861496, 7.26411151886, 5.54497003555, 7.10256528854, 3.20504903793, 1.62120318413, -0.296010315418, 0.626934707165, 12.3453464508, 43.3916473389]],
        "icov": [[0.00221313745715, -0.0019174949266, 0.000597804668359, -0.00111959944479, 0.000400129938498, -0.000526009593159, 0.000583626562729, 4.76980931126e-005, 0.000438034592662, 0.000222041329835, -0.000210767364479, 0.000177851892659, 1.29695163196e-005], [-0.0019174949266, 0.0140788638964, -0.000774162297603, -0.00155793561134, -6.9939428613e-006, -0.00060047180159, -0.000535198953003, 0.000200034497539, -0.000517254928127, -0.000473190331832, 0.000632988114376, -0.000640828220639, -0.00106404640246], [0.000597804668359, -0.000774162297603, 0.0183200519532, -0.00541399652138, -0.00283595267683, 0.000772158789914, -0.00229819607921, -0.000866235408466, 0.000363526778528, -0.000404864666052, -0.00148150138557, -0.0018691472942, -0.00186284724623], [-0.00111959944479, -0.00155793561134, -0.00541399652138, 0.0227702446282, -0.00419408967718, 0.000118975236546, 0.00119245541282, 0.000486428296426, -0.00191101664677, -0.00118256860878, 0.00129492231645, -0.00169778382406, -0.00165164016653], [0.000400129938498, -6.9939428613e-006, -0.00283595267683, -0.00419408967718, 0.022967685014, -0.00586097501218, -0.000485515920445, 0.0015776718501, -0.00129327131435, -0.000627013854682, 0.00174828874879, 0.000643612758722, -0.00188860017806], [-0.000526009593159, -0.00060047180159, 0.000772158789914, 0.000118975236546, -0.00586097501218, 0.0249253921211, -0.0072982693091, -0.00129871768877, 0.000554588972591, 7.17326911399e-005, -0.00117965089157, -0.000864340050612, -0.000747224898078], [0.000583626562729, -0.000535198953003, -0.00229819607921, 0.00119245541282, -0.000485515920445, -0.0072982693091, 0.0243558995426, -0.00603388668969, 0.000770108832512, 0.000849035161082, 0.000180399671081, -0.000502786715515, -0.00206040358171], [4.76980931126e-005, 0.000200034497539, -0.000866235408466, 0.000486428296426, 0.0015776718501, -0.00129871768877, -0.00603388668969, 0.0271857753396, -0.00854997802526, 0.00109957891982, 0.0021630784031, -0.000749091384932, -0.000529437267687], [0.000438034592662, -0.000517254928127, 0.000363526778528, -0.00191101664677, -0.00129327131435, 0.000554588972591, 0.000770108832512, -0.00854997802526, 0.0248719360679, -0.00637497659773, -0.000739099923521, 0.00088097085245, -0.000252428086242], [0.000222041329835, -0.000473190331832, -0.000404864666052, -0.00118256860878, -0.000627013854682, 7.17326911399e-005, 0.000849035161082, 0.00109957891982, -0.00637497659773, 0.025899425149, -0.0061631524004, 0.000982030062005, 0.000464342796477], [-0.000210767364479, 0.000632988114376, -0.00148150138557, 0.00129492231645, 0.00174828874879, -0.00117965089157, 0.000180399671081, 0.0021630784031, -0.000739099923521, -0.0061631524004, 0.0283049624413, -0.00807612761855, 0.00157530186698], [0.000177851892659, -0.000640828220639, -0.0018691472942, -0.00169778382406, 0.000643612758722, -0.000864340050612, -0.000502786715515, -0.000749091384932, 0.00088097085245, 0.000982030062005, -0.00807612761855, 0.0289334971458, -0.0071719349362], [1.29695163196e-005, -0.00106404640246, -0.00186284724623, -0.00165164016653, -0.00188860017806, -0.000747224898078, -0.00206040358171, -0.000529437267687, -0.000252428086242, 0.000464342796477, 0.00157530186698, -0.0071719349362, 0.0267565567046]]
    },
    "spectral_contrast_coeffs": {
        "mean": [-0.440859287977, -0.7073828578, -0.744965314865, -0.745273172855, -0.732361197472, -0.654994249344],
        "var": [0.00407550157979, 0.00276319170371, 0.00167228584178, 0.00122856395319, 0.000757156638429, 0.000850571552292]
    },
    "spectral_contrast_valleys": {
        "mean": [-8.2432384491, -5.9455704689, -6.91921281815, -7.15194416046, -7.14576864243, -11.0806531906],
        "var": [0.554444134235, 0.359236001968, 0.320992559195, 0.291317403316, 0.283384919167, 0.257823199034]
    }
},
"metadata": {
    "audio_properties": {
        "analysis_sample_rate": 44100,
        "bit_rate": 128074,
        "equal_loudness": 0,
        "length": 45.0612258911,
        "lossless": 0,
        "replay_gain": -3.15813446045,
        "sample_rate": 44100,
        "codec": "mp3",
        "downmix": "mix",
        "md5_encoded": "5681bc73ccb7bd1ffc53db046a64a7ae"
    },
    "tags": {
        "file_name": "1312.mp3"
    },
    "version": {
        "essentia": "2.1-beta2",
        "essentia_git_sha": "v2.1_beta2",
        "extractor": "music 1.0"
    }
},
"rhythm": {
    "beats_count": 70,
    "beats_loudness": {
        "mean": 0.0347198285162,
        "var": 9.71303816186e-005
    },
    "bpm": 89.9701690674,
    "bpm_histogram_first_peak_bpm": {
        "mean": 89,
        "var": 0
    },
    "bpm_histogram_first_peak_spread": {
        "mean": 0.230769187212,
        "var": 0
    },
    "bpm_histogram_first_peak_weight": {
        "mean": 0.144927531481,
        "var": 0
    },
    "bpm_histogram_second_peak_bpm": {
        "mean": 99,
        "var": 0
    },
    "bpm_histogram_second_peak_spread": {
        "mean": 0.5,
        "var": 0
    },
    "bpm_histogram_second_peak_weight": {
        "mean": 0.188405796885,
        "var": 0
    },
    "danceability": 1.19797575474,
    "onset_rate": 0.288366347551,
    "beats_loudness_band_ratio": {
        "mean": [0.165967345238, 0.432765126228, 0.22867205739, 0.0952193960547, 0.113543227315, 0.032827436924],
        "var": [0.00900586694479, 0.0153341190889, 0.00600880105048, 0.00146975554526, 0.00166620861273, 0.000147209269926]
    },
    "beats_position": [0.603718817234, 1.21904754639, 1.83437633514, 2.43809509277, 3.04181408882, 3.64553284645, 4.2492518425, 4.86458063126, 5.4915189743, 6.08362817764, 6.68734693527, 7.2910656929, 7.92961454391, 8.56816291809, 9.24154186249, 9.91492080688, 10.5882987976, 11.261677742, 11.9466667175, 12.6316547394, 13.3050336838, 14.0248527527, 14.7446708679, 15.4644899368, 16.1843090057, 16.9505672455, 17.7168254852, 18.4714736938, 19.2261219025, 19.9807701111, 20.7354183197, 21.4900684357, 22.2447166443, 22.918094635, 23.5914726257, 24.2416324615, 24.9034004211, 25.5651702881, 26.2385482788, 26.8074378967, 27.3647155762, 27.921995163, 28.4908847809, 29.0481624603, 29.6170520782, 30.1859397888, 30.7432193756, 31.3004989624, 31.8577766418, 32.4034461975, 32.9491157532, 33.4831733704, 34.0404510498, 34.5977325439, 35.1666221619, 35.7587280273, 36.362449646, 36.9545555115, 37.5466651917, 38.1387748718, 38.730884552, 39.3229942322, 39.9151000977, 40.5304298401, 41.134147644, 41.761089325, 42.3880271912, 43.0149650574, 43.6419029236, 44.257232666]
},
"tonal": {
    "chords_changes_rate": 0.0257201641798,
    "chords_number_rate": 0.00617283955216,
    "chords_strength": {
        "mean": 0.55263364315,
        "var": 0.00477429153398
    },
    "hpcp_entropy": {
        "mean": 1.97554540634,
        "var": 0.221265271306
    },
    "key_strength": 0.761458039284,
    "tuning_diatonic_strength": 0.570711672306,
    "tuning_equal_tempered_deviation": 0.0032942739781,
    "tuning_frequency": 439.238189697,
    "tuning_nontempered_energy_ratio": 0.599668562412,
    "hpcp": {
        "mean": [0.390372782946, 0.258345425129, 0.0452433340251, 0.014147141017, 0.0324817299843, 0.215363755822, 0.375140577555, 0.218951240182, 0.163797408342, 0.260902196169, 0.149714827538, 0.0390212871134, 0.0567282252014, 0.100348420441, 0.334146291018, 0.506093740463, 0.292864412069, 0.0866258218884, 0.0414674319327, 0.0513117052615, 0.275572627783, 0.43536400795, 0.229321599007, 0.0808924362063, 0.0913276970387, 0.051069598645, 0.0397169552743, 0.0581944994628, 0.049371637404, 0.232085257769, 0.431753635406, 0.24771989882, 0.0426845364273, 0.0275793895125, 0.0394845567644, 0.19717502594],
        "var": [0.136752545834, 0.0728050768375, 0.00551208900288, 0.000808457436506, 0.0023758856114, 0.0511180758476, 0.141587778926, 0.0467777252197, 0.0329057015479, 0.102911062539, 0.0370523408055, 0.00500733684748, 0.0137242730707, 0.0287725087255, 0.0868684500456, 0.155707910657, 0.0633935928345, 0.0160984862596, 0.00524047762156, 0.00519812339917, 0.0540250428021, 0.109700262547, 0.0367034673691, 0.0164889283478, 0.0414205789566, 0.0130225764588, 0.0016388859367, 0.00495278788731, 0.00277024949901, 0.0330752767622, 0.105784773827, 0.0450792647898, 0.00351310754195, 0.00245920522138, 0.00778576964512, 0.0429127477109]
    },
    "chords_histogram": [40.8436203003, 0, 0, 0, 0, 0, 0, 0, 0, 0, 0, 0, 0, 0, 0, 0, 0, 0, 0, 12.8600826263, 3.39506173134, 14.6090536118, 18.1069965363, 10.1851854324],
    "thpcp": [1, 0.578676223755, 0.171165570617, 0.0819362699986, 0.101387746632, 0.54450905323, 0.860243797302, 0.453120797873, 0.159836858511, 0.180456086993, 0.100909367204, 0.0784774646163, 0.114987589419, 0.097554333508, 0.458581566811, 0.853110015392, 0.489474326372, 0.0843411684036, 0.0544946268201, 0.0780182704329, 0.389601796865, 0.771344840527, 0.51046949625, 0.0893971398473, 0.0279535986483, 0.064181253314, 0.425541222095, 0.741247236729, 0.432629823685, 0.323650330305, 0.515521466732, 0.295824289322, 0.0771028846502, 0.112090349197, 0.19828030467, 0.660245835781],
    "chords_key": "G",
    "chords_scale": "major",
    "key_key": "G",
    "key_scale": "major"
}
}