{
"lowlevel": {
    "average_loudness": 0.91318488121,
    "barkbands_crest": {
        "mean": 11.3590869904,
        "var": 15.3969936371
    },
    "barkbands_flatness_db": {
        "mean": 0.208856016397,
        "var": 0.00480629410595
    },
    "barkbands_kurtosis": {
        "mean": 15.4299030304,
        "var": 259.243988037
    },
    "barkbands_skewness": {
        "mean": 2.98035335541,
        "var": 2.11359429359
    },
    "barkbands_spread": {
        "mean": 13.7022428513,
        "var": 285.452911377
    },
    "dissonance": {
        "mean": 0.454240947962,
        "var": 0.000823591428343
    },
    "dynamic_complexity": 2.56669735909,
    "erbbands_crest": {
        "mean": 9.27509880066,
        "var": 15.2073669434
    },
    "erbbands_flatness_db": {
        "mean": 0.168354272842,
        "var": 0.0024032772053
    },
    "erbbands_kurtosis": {
        "mean": 0.697912752628,
        "var": 11.1796398163
    },
    "erbbands_skewness": {
        "mean": 0.645832061768,
        "var": 1.14253807068
    },
    "erbbands_spread": {
        "mean": 47.5908355713,
        "var": 487.776611328
    },
    "hfc": {
        "mean": 12.8155326843,
        "var": 353.08392334
    },
    "melbands_crest": {
        "mean": 15.7317504883,
        "var": 18.8772010803
    },
    "melbands_flatness_db": {
        "mean": 0.307265967131,
        "var": 0.00832670554519
    },
    "melbands_kurtosis": {
        "mean": 36.3728179932,
        "var": 889.140625
    },
    "melbands_skewness": {
        "mean": 4.37293291092,
        "var": 3.04567408562
    },
    "melbands_spread": {
        "mean": 11.8262004852,
        "var": 410.350463867
    },
    "pitch_salience": {
        "mean": 0.549680233002,
        "var": 0.0125655513257
    },
    "silence_rate_20dB": {
        "mean": 1,
        "var": 0
    },
    "silence_rate_30dB": {
        "mean": 0.989186406136,
        "var": 0.010696281679
    },
    "silence_rate_60dB": {
        "mean": 0.0257466528565,
        "var": 0.0250843781978
    },
    "spectral_centroid": {
        "mean": 852.954467773,
        "var": 560475.25
    },
    "spectral_complexity": {
        "mean": 11.8069000244,
        "var": 32.5090408325
    },
    "spectral_decrease": {
        "mean": -8.29558644e-009,
        "var": 3.9083642051e-017
    },
    "spectral_energy": {
        "mean": 0.032471884042,
        "var": 0.000574312987737
    },
    "spectral_energyband_high": {
        "mean": 0.000654663017485,
        "var": 3.80990854865e-006
    },
    "spectral_energyband_low": {
        "mean": 0.0166210327297,
        "var": 0.000266490853392
    },
    "spectral_energyband_middle_high": {
        "mean": 0.00138147955295,
        "var": 7.306072348e-006
    },
    "spectral_energyband_middle_low": {
        "mean": 0.016831856221,
        "var": 0.000352409260813
    },
    "spectral_entropy": {
        "mean": 6.998503685,
        "var": 0.331822097301
    },
    "spectral_flux": {
        "mean": 0.0687231048942,
        "var": 0.00135753280483
    },
    "spectral_kurtosis": {
        "mean": 8.67330169678,
        "var": 120.598716736
    },
    "spectral_rms": {
        "mean": 0.00525397434831,
        "var": 4.07566039939e-006
    },
    "spectral_rolloff": {
        "mean": 788.588500977,
        "var": 2353148.5
    },
    "spectral_skewness": {
        "mean": 1.86182200909,
        "var": 1.07507681847
    },
    "spectral_spread": {
        "mean": 3894952.25,
        "var": 3.7673959424e+012
    },
    "spectral_strongpeak": {
        "mean": 0.612683653831,
        "var": 0.623145997524
    },
    "zerocrossingrate": {
        "mean": 0.0343355759978,
        "var": 0.00122921599541
    },
    "barkbands": {
        "mean": [7.19212403055e-005, 0.00879571586847, 0.00478811748326, 0.00715611129999, 0.00649127410725, 0.00199358421378, 0.000593804987147, 0.000282333901851, 0.000254304730333, 0.000149972256622, 7.04031190253e-005, 4.84119045723e-005, 6.94089467288e-005, 5.99079394306e-005, 6.35920951026e-005, 0.000152061751578, 0.000123951991554, 0.000117126583064, 0.000354009825969, 0.000265005393885, 0.000145352241816, 0.000158490351168, 0.000122866287711, 7.31266118237e-005, 3.83066908398e-005, 2.77500330412e-005, 4.97343944517e-006],
        "var": [1.21346888093e-008, 0.000132664194098, 3.59198202204e-005, 0.000125055725221, 7.68997051637e-005, 7.6624310168e-006, 7.0051152079e-007, 1.91831034613e-007, 2.4658362463e-007, 1.44136294011e-007, 6.89527324127e-009, 4.22496393426e-009, 7.29634974661e-009, 8.13774203579e-009, 8.63979732202e-009, 7.92806034156e-008, 3.71634563123e-008, 3.74928887936e-008, 3.34758442477e-006, 9.8210273336e-007, 2.40430779286e-007, 3.10076302412e-007, 3.67052393813e-007, 7.4713099707e-008, 2.750022432e-008, 1.70179603742e-008, 6.95465462996e-010]
    },
    "erbbands": {
        "mean": [0.193674877286, 2.19625353813, 4.96804571152, 15.6497974396, 29.4559383392, 15.987455368, 12.9646244049, 19.3352508545, 11.0216016769, 6.63419532776, 5.07978630066, 6.41793966293, 5.55725574493, 2.84238314629, 3.73302698135, 1.72291660309, 3.4794614315, 2.46736550331, 3.71554136276, 4.66048622131, 8.87260723114, 7.07935905457, 5.45016384125, 11.0596828461, 22.0631847382, 12.1516313553, 6.56392860413, 5.51856660843, 5.30124044418, 5.06175327301, 3.33974981308, 1.91282534599, 1.0105099678, 0.510788083076, 0.256545811892, 0.128657251596, 0.0439981371164, 0.0140483202413, 0.000509494158905, 4.71378480142e-005],
        "var": [0.0865854024887, 7.68622875214, 23.8590888977, 393.709686279, 2366.27685547, 533.68939209, 239.127670288, 942.422302246, 203.622833252, 88.8246307373, 61.3934783936, 122.593490601, 189.796783447, 35.8576087952, 16.3107662201, 5.09517049789, 18.8642406464, 9.24271869659, 18.6160430908, 61.5052375793, 274.670257568, 106.080596924, 72.8524169922, 1228.3984375, 13876.25, 2073.84741211, 505.371185303, 323.921356201, 342.260620117, 432.897613525, 317.776519775, 69.0027542114, 13.5569486618, 4.61667966843, 1.31369137764, 0.378432333469, 0.0466344766319, 0.00425256928429, 6.62406864649e-006, 3.22122128971e-009]
    },
    "gfcc": {
        "mean": [-46.2644691467, 127.383758545, -86.341545105, 48.1471939087, -36.2689208984, -6.80609464645, -35.7685623169, 5.31792640686, -24.8791542053, -2.8586564064, -14.149731636, -3.42663526535, -11.232960701],
        "cov": [[4599.59375, -2127.94775391, 23.0717334747, 1085.07263184, -771.029968262, 384.176391602, -303.291809082, 36.1718177795, -46.984287262, -4.47695446014, -157.406234741, -26.4796962738, -134.280563354], [-2127.94775391, 2301.109375, -142.906265259, -735.309692383, 649.337524414, -388.296508789, 318.628295898, -39.2316818237, 58.0256347656, -154.524307251, 170.914535522, -123.062484741, 108.705596924], [23.0717334747, -142.906265259, 561.577148438, -37.7888755798, 165.041275024, 158.354263306, -27.5883369446, 60.5744934082, -28.5890750885, 65.2833938599, -17.4277381897, 48.5619812012, -20.4702835083], [1085.07263184, -735.309692383, -37.7888755798, 782.782531738, -271.755706787, 48.5596961975, -37.9788246155, -43.0872306824, 62.7397041321, -58.3494033813, -10.1526956558, -20.6977844238, 5.35650491714], [-771.029968262, 649.337524414, 165.041275024, -271.755706787, 496.127471924, -118.751464844, 73.2497558594, 66.1171646118, -25.1494922638, 9.53926372528, 30.7531147003, 19.4506282806, 25.329782486], [384.176391602, -388.296508789, 158.354263306, 48.5596961975, -118.751464844, 296.552825928, -6.96813201904, 16.4290466309, 16.136926651, 52.1132240295, -31.5803127289, 34.1129837036, -15.7672538757], [-303.291809082, 318.628295898, -27.5883369446, -37.9788246155, 73.2497558594, -6.96813201904, 174.77166748, -6.57237100601, 28.4210605621, -20.997341156, 20.8700790405, -33.5690879822, 14.559337616], [36.1718177795, -39.2316818237, 60.5744934082, -43.0872306824, 66.1171646118, 16.4290466309, -6.57237100601, 109.642883301, 2.38143992424, 9.48523521423, -10.9519863129, 11.4246730804, 1.716755867], [-46.984287262, 58.0256347656, -28.5890750885, 62.7397041321, -25.1494922638, 16.136926651, 28.4210605621, 2.38143992424, 95.1871795654, -12.50527668, 5.27404356003, -13.6303815842, 11.218834877], [-4.47695446014, -154.524307251, 65.2833938599, -58.3494033813, 9.53926372528, 52.1132240295, -20.997341156, 9.48523521423, -12.50527668, 125.61530304, -9.57629394531, 49.8840103149, -15.8949480057], [-157.406234741, 170.914535522, -17.4277381897, -10.1526956558, 30.7531147003, -31.5803127289, 20.8700790405, -10.9519863129, 5.27404356003, -9.57629394531, 87.012512207, 3.95610380173, 10.2884645462], [-26.4796962738, -123.062484741, 48.5619812012, -20.6977844238, 19.4506282806, 34.1129837036, -33.5690879822, 11.4246730804, -13.6303815842, 49.8840103149, 3.95610380173, 101.877693176, 12.8545408249], [-134.280563354, 108.705596924, -20.4702835083, 5.35650491714, 25.329782486, -15.7672538757, 14.559337616, 1.716755867, 11.218834877, -15.8949480057, 10.2884645462, 12.8545408249, 60.4639434814]],
        "icov": [[0.000547627161723, -8.06598400231e-005, 0.00012365890143, -0.000742500356864, 0.00035356412991, -0.000547320349142, 0.00055537908338, -0.000678548647556, 0.000794948951807, -1.7137523173e-005, 0.000390781409806, 0.00020851076988, 0.000800712849014], [-8.06598400231e-005, 0.00371994776651, -4.52724452771e-006, 0.00306509900838, -0.00272771040909, 0.00201476784423, -0.00287115899846, 0.00301910680719, -0.00329681346193, 0.00262465374544, -0.0035443152301, 0.00251136813313, -0.00349553930573], [0.00012365890143, -4.52724452771e-006, 0.00316934869625, -0.000599217019044, -0.00183642236516, -0.00236992398277, 0.000983448815532, -0.000511918915436, 0.000882433960214, -0.00042329824646, 5.92061333009e-005, 0.000113046444312, 0.00102876638994], [-0.000742500356864, 0.00306509900838, -0.000599217019044, 0.00513562560081, -0.00151155737694, 0.00258802063763, -0.00286625907756, 0.0034684620332, -0.00460760481656, 0.00291323498823, -0.0032759627793, 0.00152409274597, -0.0040634367615], [0.00035356412991, -0.00272771040909, -0.00183642236516, -0.00151155737694, 0.00670163845643, 0.000941108446568, 0.000406536331866, -0.0042544263415, 0.00291627203114, -0.0018600593321, 0.00231905095279, -0.00263423286378, 0.0017976165982], [-0.000547320349142, 0.00201476784423, -0.00236992398277, 0.00258802063763, 0.000941108446568, 0.0077300844714, -0.00360842654482, 0.00131450686604, -0.00361659843475, 0.000361769285519, -0.00105556636117, -0.000478647183627, -0.00236877962016], [0.00055537908338, -0.00287115899846, 0.000983448815532, -0.00286625907756, 0.000406536331866, -0.00360842654482, 0.0104609290138, -0.0018085174961, 0.00142944848631, -0.00195502396673, 0.00171435484663, 0.00122594949789, 0.00207183905877], [-0.000678548647556, 0.00301910680719, -0.000511918915436, 0.0034684620332, -0.0042544263415, 0.00131450686604, -0.0018085174961, 0.0139682935551, -0.00472434982657, 0.00235978560522, -0.00175639044028, 0.00138278701343, -0.00374969420955], [0.000794948951807, -0.00329681346193, 0.000882433960214, -0.00460760481656, 0.00291627203114, -0.00361659843475, 0.00142944848631, -0.00472434982657, 0.0165204089135, -0.00249539408833, 0.00278793787584, -0.000394938455429, 0.00191301142331], [-1.7137523173e-005, 0.00262465374544, -0.00042329824646, 0.00291323498823, -0.0018600593321, 0.000361769285519, -0.00195502396673, 0.00235978560522, -0.00249539408833, 0.0135154668242, -0.00171208125539, -0.00375491916202, 0.00122472364455], [0.000390781409806, -0.0035443152301, 5.92061333009e-005, -0.0032759627793, 0.00231905095279, -0.00105556636117, 0.00171435484663, -0.00175639044028, 0.00278793787584, -0.00171208125539, 0.0164225548506, -0.00400987407193, 0.00303128245287], [0.00020851076988, 0.00251136813313, 0.000113046444312, 0.00152409274597, -0.00263423286378, -0.000478647183627, 0.00122594949789, 0.00138278701343, -0.000394938455429, -0.00375491916202, -0.00400987407193, 0.0169385448098, -0.00733711849898], [0.000800712849014, -0.00349553930573, 0.00102876638994, -0.0040634367615, 0.0017976165982, -0.00236877962016, 0.00207183905877, -0.00374969420955, 0.00191301142331, 0.00122472364455, 0.00303128245287, -0.00733711849898, 0.0245576668531]]
    },
    "melbands": {
        "mean": [0.0021999545861, 0.00281680934131, 0.00331963412464, 0.00165760749951, 0.000495798129123, 0.000412357127061, 0.000154598470544, 7.12384935468e-005, 4.001398338e-005, 3.94396047341e-005, 2.71705775958e-005, 1.1484236893e-005, 1.22014253066e-005, 5.89446926824e-006, 4.83417397845e-006, 7.20387379261e-006, 4.51677760793e-006, 6.21726348982e-006, 5.46557384951e-006, 7.81799280958e-006, 1.10275241241e-005, 7.8618477346e-006, 4.84036581838e-006, 5.36414972885e-006, 8.55964935909e-006, 1.53387172759e-005, 1.49130419231e-005, 6.36626555206e-006, 3.86144711229e-006, 3.78347021979e-006, 2.97318865705e-006, 2.90471189146e-006, 3.14764042741e-006, 2.63849528892e-006, 1.94087670025e-006, 1.52324594183e-006, 1.05032302145e-006, 7.12987173301e-007, 5.49008973394e-007, 3.93066557081e-007],
        "var": [9.8246800917e-006, 7.34302375349e-006, 1.93003070308e-005, 5.79339530304e-006, 2.98718248359e-007, 3.82072357752e-007, 4.0930832057e-008, 1.0753791635e-008, 4.12321110588e-009, 5.58332802214e-009, 4.9310298067e-009, 8.14782796787e-010, 1.92167032287e-010, 5.24516645395e-011, 3.34060383522e-011, 7.85604498121e-011, 4.48854980961e-011, 6.25635585005e-011, 6.30944463342e-011, 2.08647002453e-010, 4.76420292106e-010, 1.47482553947e-010, 8.97661250887e-011, 8.95320276251e-011, 6.16008022369e-010, 8.6702787172e-009, 4.59146543008e-009, 5.52633550033e-010, 1.84096737854e-010, 1.74367228989e-010, 9.85421952371e-011, 1.05602533662e-010, 1.54391832652e-010, 1.3161950696e-010, 1.04921835109e-010, 7.72374386671e-011, 1.91956242568e-011, 7.11763590774e-012, 4.48029027073e-012, 3.26288432037e-012]
    },
    "mfcc": {
        "mean": [-699.120605469, 155.058151245, 14.1687269211, 54.7638511658, 18.8319091797, 1.2616250515, 2.12481021881, 2.85148763657, -5.7189116478, 4.00431585312, -5.56731748581, -5.27047157288, 1.70335233212],
        "cov": [[4273.16894531, -2510.13867188, 411.422119141, 438.037261963, -260.311248779, 178.570053101, -194.404846191, -10.5685787201, -21.4702224731, 51.5014152527, -48.4191246033, -75.5333404541, -81.2985305786], [-2510.13867188, 2670.00390625, -529.04699707, -277.608673096, 206.62902832, -243.662628174, 213.11730957, 62.518157959, -31.6451435089, 41.055480957, 4.33608627319, -5.78942680359, 46.6087799072], [411.422119141, -529.04699707, 491.439178467, -31.7631053925, 43.7060890198, 146.307739258, 2.12749624252, 20.5067520142, 34.3783187866, -6.59071159363, 38.0902900696, 29.2232437134, -22.5190067291], [438.037261963, -277.608673096, -31.7631053925, 499.18258667, 13.4542770386, -6.28105163574, -28.3050785065, 26.7413673401, -27.9707260132, 27.4734687805, -58.1817893982, -26.2369594574, 33.3414459229], [-260.311248779, 206.62902832, 43.7060890198, 13.4542770386, 272.56817627, -37.6668052673, 53.8459396362, 21.4953670502, 25.9177265167, -22.1454944611, 9.6270866394, 28.4769077301, 19.268945694], [178.570053101, -243.662628174, 146.307739258, -6.28105163574, -37.6668052673, 203.921737671, 4.88582992554, 4.26059484482, 37.2318649292, -17.1951541901, 44.9585456848, 26.8102455139, -22.5660076141], [-194.404846191, 213.11730957, 2.12749624252, -28.3050785065, 53.8459396362, 4.88582992554, 133.607116699, 21.3524875641, 11.4852952957, -0.331467419863, 29.7041244507, 6.96708583832, -13.4038066864], [-10.5685787201, 62.518157959, 20.5067520142, 26.7413673401, 21.4953670502, 4.26059484482, 21.3524875641, 111.747779846, 20.0752449036, 24.548740387, -5.85237169266, -8.82066440582, 9.99965572357], [-21.4702224731, -31.6451435089, 34.3783187866, -27.9707260132, 25.9177265167, 37.2318649292, 11.4852952957, 20.0752449036, 112.522132874, 11.4392852783, 15.9818181992, 6.72014379501, -5.48207616806], [51.5014152527, 41.055480957, -6.59071159363, 27.4734687805, -22.1454944611, -17.1951541901, -0.331467419863, 24.548740387, 11.4392852783, 99.1708374023, -4.55805015564, -27.0776615143, 2.26875829697], [-48.4191246033, 4.33608627319, 38.0902900696, -58.1817893982, 9.6270866394, 44.9585456848, 29.7041244507, -5.85237169266, 15.9818181992, -4.55805015564, 91.0819702148, 30.763584137, -17.1803913116], [-75.5333404541, -5.78942680359, 29.2232437134, -26.2369594574, 28.4769077301, 26.8102455139, 6.96708583832, -8.82066440582, 6.72014379501, -27.0776615143, 30.763584137, 73.0709991455, 9.13781070709], [-81.2985305786, 46.6087799072, -22.5190067291, 33.3414459229, 19.268945694, -22.5660076141, -13.4038066864, 9.99965572357, -5.48207616806, 2.26875829697, -17.1803913116, 9.13781070709, 67.5347061157]],
        "icov": [[0.000597292557359, 0.000570024829358, 7.30750107323e-005, -0.000168367652805, 5.03084847878e-005, 3.48874455085e-005, -7.16698050383e-005, -0.000212185404962, 0.000268703384791, -0.000391441048123, 7.13732006261e-005, 0.000263746769633, 0.000465040066047], [0.000570024829358, 0.00128172698896, 0.000889132730663, 0.000365056068404, -0.00049839966232, 0.000108721258584, -0.000964927545283, -0.000546195718925, 0.000615350727458, -0.000841688422952, 0.000183645213838, 0.000190249862499, 8.49646603456e-005], [7.30750107323e-005, 0.000889132730663, 0.00373039208353, 0.000784260628279, -0.00151482329238, -0.00208482146263, -0.000445498444606, -0.000839993939735, 0.00066188571509, -0.00103501568083, 0.000220939007704, -0.000342091167113, 0.000293560995487], [-0.000168367652805, 0.000365056068404, 0.000784260628279, 0.00277816620655, -0.000855180784129, -0.00073348346632, -0.000299157982226, -0.00055261189118, 0.000921473081689, -0.000912829767913, 0.00134830165189, 0.000253526231973, -0.00112915586215], [5.03084847878e-005, -0.00049839966232, -0.00151482329238, -0.000855180784129, 0.00548453070223, 0.00211114669219, -0.00131468567997, -0.000248785247095, -0.00175076210871, 0.00177995662671, -0.000355290510925, -0.00142754404806, -0.000861039443407], [3.48874455085e-005, 0.000108721258584, -0.00208482146263, -0.00073348346632, 0.00211114669219, 0.00835135672241, -0.000344733765814, -0.00048445459106, -0.00229726778343, 0.00176094507333, -0.00265829614364, -0.00145199988037, 0.00109996227548], [-7.16698050383e-005, -0.000964927545283, -0.000445498444606, -0.000299157982226, -0.00131468567997, -0.000344733765814, 0.0105001768097, -0.00144945678767, -0.000179485214176, 0.000506541109644, -0.00288853794336, 0.00051547086332, 0.00230118306354], [-0.000212185404962, -0.000546195718925, -0.000839993939735, -0.00055261189118, -0.000248785247095, -0.00048445459106, -0.00144945678767, 0.0108701381832, -0.00173147511669, -0.00186718418263, 0.00089936790755, 0.000919677724596, -0.00184729148168], [0.000268703384791, 0.000615350727458, 0.00066188571509, 0.000921473081689, -0.00175076210871, -0.00229726778343, -0.000179485214176, -0.00173147511669, 0.010921719484, -0.00227724853903, -0.000200359441806, -0.000105994236947, 0.000543665431906], [-0.000391441048123, -0.000841688422952, -0.00103501568083, -0.000912829767913, 0.00177995662671, 0.00176094507333, 0.000506541109644, -0.00186718418263, -0.00227724853903, 0.0133248427883, -0.00222820253111, 0.00422396976501, -0.00109809765127], [7.13732006261e-005, 0.000183645213838, 0.000220939007704, 0.00134830165189, -0.000355290510925, -0.00265829614364, -0.00288853794336, 0.00089936790755, -0.000200359441806, -0.00222820253111, 0.0167338661849, -0.00625005969778, 0.00303511088714], [0.000263746769633, 0.000190249862499, -0.000342091167113, 0.000253526231973, -0.00142754404806, -0.00145199988037, 0.00051547086332, 0.000919677724596, -0.000105994236947, 0.00422396976501, -0.00625005969778, 0.0201371572912, -0.00462990952656], [0.000465040066047, 8.49646603456e-005, 0.000293560995487, -0.00112915586215, -0.000861039443407, 0.00109996227548, 0.00230118306354, -0.00184729148168, 0.000543665431906, -0.00109809765127, 0.00303511088714, -0.00462990952656, 0.018786765635]]
    },
    "spectral_contrast_coeffs": {
        "mean": [-0.618085026741, -0.699077963829, -0.759426772594, -0.768210828304, -0.770072579384, -0.765274107456],
        "var": [0.00612856121734, 0.00537970755249, 0.00277822674252, 0.00205318978988, 0.00223110546358, 0.00315956561826]
    },
    "spectral_contrast_valleys": {
        "mean": [-6.70732736588, -7.15074491501, -8.29517364502, -8.62819480896, -8.18550491333, -11.296916008],
        "var": [0.703932344913, 0.441570788622, 0.469671517611, 0.545611739159, 1.08383369446, 1.96953833103]
    }
},
"metadata": {
    "audio_properties": {
        "analysis_sample_rate": 44100,
        "bit_rate": 128074,
        "equal_loudness": 0,
        "length": 45.0612258911,
        "lossless": 0,
        "replay_gain": -6.22832107544,
        "sample_rate": 44100,
        "codec": "mp3",
        "downmix": "mix",
        "md5_encoded": "ba260bf10a8fb6429e854754ddf1a84d"
    },
    "tags": {
        "file_name": "1313.mp3"
    },
    "version": {
        "essentia": "2.1-beta2",
        "essentia_git_sha": "v2.1_beta2",
        "extractor": "music 1.0"
    }
},
"rhythm": {
    "beats_count": 68,
    "beats_loudness": {
        "mean": 0.0376665890217,
        "var": 0.000496295571793
    },
    "bpm": 91.4402084351,
    "bpm_histogram_first_peak_bpm": {
        "mean": 91,
        "var": 0
    },
    "bpm_histogram_first_peak_spread": {
        "mean": 0.0149253606796,
        "var": 0
    },
    "bpm_histogram_first_peak_weight": {
        "mean": 0.98507463932,
        "var": 0
    },
    "bpm_histogram_second_peak_bpm": {
        "mean": 0,
        "var": 0
    },
    "bpm_histogram_second_peak_spread": {
        "mean": 0,
        "var": 0
    },
    "bpm_histogram_second_peak_weight": {
        "mean": 0,
        "var": 0
    },
    "danceability": 1.02432048321,
    "onset_rate": 4.17022132874,
    "beats_loudness_band_ratio": {
        "mean": [0.682012915611, 0.239976018667, 0.0646579638124, 0.0221292115748, 0.0271145328879, 0.0386778190732],
        "var": [0.0376396365464, 0.0246897842735, 0.00706995138898, 0.000557763327379, 0.00077507190872, 0.0056392760016]
    },
    "beats_position": [0.673378646374, 1.34675729275, 2.00852608681, 2.67029476166, 3.32045340538, 3.97061228752, 4.63238096237, 5.2941493988, 5.94430828094, 6.59446716309, 7.24462556839, 7.90639448166, 8.56816291809, 9.21832180023, 9.86848068237, 10.5186395645, 11.1804075241, 11.8421764374, 12.4923353195, 13.1424942017, 13.8042631149, 14.4544210434, 15.1161899567, 15.7663488388, 16.4281177521, 17.0782756805, 17.7400455475, 18.390203476, 19.0519733429, 19.7137413025, 20.363899231, 21.0256690979, 21.6758270264, 22.3375968933, 22.9877548218, 23.6379127502, 24.2880725861, 24.9498405457, 25.6116104126, 26.2617683411, 26.9119262695, 27.5620861053, 28.2238540649, 28.8856239319, 29.5357818604, 30.1975498199, 30.8593196869, 31.5094776154, 32.1596374512, 32.8097953796, 33.4715652466, 34.1333312988, 34.783493042, 35.4452590942, 36.1070289612, 36.7571868896, 37.4073448181, 38.0691146851, 38.730884552, 39.3810424805, 40.0312004089, 40.6813583374, 41.3431282043, 42.0048980713, 42.6550559998, 43.3168258667, 43.9785919189, 44.6403617859]
},
"tonal": {
    "chords_changes_rate": 0.0380658432841,
    "chords_number_rate": 0.00823045242578,
    "chords_strength": {
        "mean": 0.569086968899,
        "var": 0.00850890018046
    },
    "hpcp_entropy": {
        "mean": 2.07747292519,
        "var": 0.546575546265
    },
    "key_strength": 0.847871899605,
    "tuning_diatonic_strength": 0.590635240078,
    "tuning_equal_tempered_deviation": 0.128891691566,
    "tuning_frequency": 448.726654053,
    "tuning_nontempered_energy_ratio": 0.800368249416,
    "hpcp": {
        "mean": [0.145784214139, 0.107511945069, 0.0534578748047, 0.0513223446906, 0.0504078641534, 0.0552381388843, 0.0987024828792, 0.132824018598, 0.210878521204, 0.285099595785, 0.187949091196, 0.0774658843875, 0.0543220192194, 0.042432025075, 0.054722122848, 0.0808706507087, 0.0668478086591, 0.0402352102101, 0.0495958589017, 0.0577070936561, 0.0893455147743, 0.226527795196, 0.254727005959, 0.167837738991, 0.170138135552, 0.141988679767, 0.0686106905341, 0.0432852618396, 0.0599740706384, 0.121257275343, 0.172777220607, 0.12144497782, 0.0528592355549, 0.0478968992829, 0.0600724071264, 0.100227311254],
        "var": [0.0813043937087, 0.0432385019958, 0.0175559241325, 0.024929413572, 0.0234715025872, 0.0209269300103, 0.045111194253, 0.0570986568928, 0.0854671224952, 0.132626101375, 0.0689523592591, 0.034812182188, 0.0298361126333, 0.0205063782632, 0.0217332225293, 0.0328925065696, 0.0234576389194, 0.0142681412399, 0.0288420654833, 0.0397114865482, 0.027591701597, 0.109454825521, 0.119697697461, 0.0659625157714, 0.103840000927, 0.0847775116563, 0.0324551016092, 0.0208145976067, 0.0257512014359, 0.0591841712594, 0.0848522409797, 0.0445112809539, 0.0170282106847, 0.0210494045168, 0.0272783134133, 0.0456172786653]
    },
    "chords_histogram": [21.6049385071, 27.9835395813, 29.732509613, 5.34979438782, 6.48148155212, 0, 0, 0, 1.54320991039, 0, 1.13168728352, 0, 0, 0, 0, 0, 0, 0, 0, 0, 0, 5.96707820892, 0, 0.205761313438],
    "thpcp": [1, 0.65924012661, 0.271715164185, 0.190536990762, 0.148832291365, 0.191940367222, 0.283657550812, 0.234471783042, 0.141126856208, 0.173959761858, 0.202410295606, 0.31338351965, 0.794556677341, 0.893466711044, 0.588698625565, 0.596767365932, 0.49803185463, 0.240655168891, 0.15182505548, 0.21036182344, 0.425315499306, 0.606024086475, 0.42597386241, 0.185406208038, 0.168000593781, 0.210706740618, 0.351551920176, 0.511344850063, 0.377103120089, 0.187505960464, 0.180015489459, 0.176807910204, 0.193750321865, 0.346203505993, 0.465886384249, 0.739666163921],
    "chords_key": "C",
    "chords_scale": "major",
    "key_key": "F",
    "key_scale": "major"
}
}