{
"lowlevel": {
    "average_loudness": 0.968147099018,
    "barkbands_crest": {
        "mean": 12.1648578644,
        "var": 29.5090274811
    },
    "barkbands_flatness_db": {
        "mean": 0.120788104832,
        "var": 0.00195167900529
    },
    "barkbands_kurtosis": {
        "mean": 5.34496021271,
        "var": 96.3804855347
    },
    "barkbands_skewness": {
        "mean": 1.96065092087,
        "var": 1.54623103142
    },
    "barkbands_spread": {
        "mean": 28.2161865234,
        "var": 308.686737061
    },
    "dissonance": {
        "mean": 0.470670223236,
        "var": 0.000480507675093
    },
    "dynamic_complexity": 2.25771713257,
    "erbbands_crest": {
        "mean": 7.52481555939,
        "var": 14.3115434647
    },
    "erbbands_flatness_db": {
        "mean": 0.111542768776,
        "var": 0.00090322381584
    },
    "erbbands_kurtosis": {
        "mean": 0.179783895612,
        "var": 3.4591217041
    },
    "erbbands_skewness": {
        "mean": 0.159966990352,
        "var": 0.421031653881
    },
    "erbbands_spread": {
        "mean": 51.2775115967,
        "var": 457.771728516
    },
    "hfc": {
        "mean": 23.5018062592,
        "var": 601.786315918
    },
    "melbands_crest": {
        "mean": 16.0010471344,
        "var": 26.2644615173
    },
    "melbands_flatness_db": {
        "mean": 0.202983751893,
        "var": 0.00333129777573
    },
    "melbands_kurtosis": {
        "mean": 21.8357486725,
        "var": 940.309448242
    },
    "melbands_skewness": {
        "mean": 3.59282875061,
        "var": 3.73935127258
    },
    "melbands_spread": {
        "mean": 21.1572208405,
        "var": 226.360610962
    },
    "pitch_salience": {
        "mean": 0.503296017647,
        "var": 0.0199174452573
    },
    "silence_rate_20dB": {
        "mean": 1,
        "var": 0
    },
    "silence_rate_30dB": {
        "mean": 0.966529369354,
        "var": 0.0323505103588
    },
    "silence_rate_60dB": {
        "mean": 0.00154479919001,
        "var": 0.00154241069686
    },
    "spectral_centroid": {
        "mean": 1493.74987793,
        "var": 476911.78125
    },
    "spectral_complexity": {
        "mean": 18.6616897583,
        "var": 91.1127471924
    },
    "spectral_decrease": {
        "mean": -8.1349096348e-009,
        "var": 6.84089020668e-017
    },
    "spectral_energy": {
        "mean": 0.0328347124159,
        "var": 0.00104446429759
    },
    "spectral_energyband_high": {
        "mean": 0.00171010987833,
        "var": 5.92698279434e-006
    },
    "spectral_energyband_low": {
        "mean": 0.0174745731056,
        "var": 0.000666698615532
    },
    "spectral_energyband_middle_high": {
        "mean": 0.00414888607338,
        "var": 2.53209236689e-005
    },
    "spectral_energyband_middle_low": {
        "mean": 0.0103735057637,
        "var": 0.000216551532503
    },
    "spectral_entropy": {
        "mean": 7.86608982086,
        "var": 0.0967781916261
    },
    "spectral_flux": {
        "mean": 0.101536020637,
        "var": 0.00542643060908
    },
    "spectral_kurtosis": {
        "mean": 3.03219914436,
        "var": 3.94627046585
    },
    "spectral_rms": {
        "mean": 0.00527833914384,
        "var": 4.17299497713e-006
    },
    "spectral_rolloff": {
        "mean": 1424.87658691,
        "var": 2999902.75
    },
    "spectral_skewness": {
        "mean": 1.3929438591,
        "var": 0.186247304082
    },
    "spectral_spread": {
        "mean": 5930550.5,
        "var": 3.13695168102e+012
    },
    "spectral_strongpeak": {
        "mean": 0.418792724609,
        "var": 0.408161103725
    },
    "zerocrossingrate": {
        "mean": 0.0668887495995,
        "var": 0.00155050610192
    },
    "barkbands": {
        "mean": [0.000135092603159, 0.0128864776343, 0.00368954660371, 0.00176947598811, 0.00391086982563, 0.00147949752863, 0.00185734266415, 0.000741726951674, 0.000442068150733, 0.000494451785926, 0.00080492295092, 0.000580774969421, 0.000481127091916, 0.00057323143119, 0.000332712370437, 0.000191218801774, 0.000213251158129, 0.000200181864784, 0.000195952365175, 0.00040675533819, 0.000316777441185, 0.000287868722808, 0.000275630271062, 0.000207650460652, 0.000238486216404, 0.000112685826025, 8.96602250577e-006],
        "var": [3.9348037717e-008, 0.000355105323251, 7.30545652914e-005, 1.3322468476e-005, 7.01214594301e-005, 5.7115976233e-006, 6.51115351502e-006, 1.32624768412e-006, 3.81543372896e-007, 1.38123311899e-006, 3.54409530701e-006, 1.16648755011e-006, 1.00697320704e-006, 1.33223022658e-006, 4.48003476095e-007, 1.12920076845e-007, 8.44794314503e-008, 1.09034481e-007, 1.27757402879e-007, 5.55929375423e-007, 1.92303957647e-007, 1.89105662685e-007, 1.75773337219e-007, 2.36155941025e-007, 2.49068619951e-007, 5.93642646152e-008, 9.13448872097e-010]
    },
    "erbbands": {
        "mean": [0.331647068262, 3.04265594482, 4.57871103287, 5.26508522034, 10.916270256, 13.0250577927, 9.89322853088, 14.6056184769, 24.8451595306, 22.9856185913, 13.0538301468, 11.6348619461, 14.1507263184, 25.0985946655, 28.6129570007, 24.5167541504, 22.0669269562, 26.7744941711, 22.9231987, 15.057972908, 10.26704216, 11.6343202591, 11.7094984055, 10.3631954193, 10.5729122162, 20.763917923, 14.511343956, 11.8776283264, 11.4807271957, 8.99765491486, 7.32185459137, 4.68113231659, 3.43907213211, 2.39853048325, 1.73748409748, 0.661702752113, 0.174707889557, 0.0354407392442, 0.00102890655398, 6.7293374741e-005],
        "var": [0.120279453695, 24.3983402252, 113.145355225, 112.671981812, 762.953125, 593.994262695, 309.334655762, 559.987854004, 847.531799316, 1830.94482422, 350.920654297, 249.948760986, 496.073059082, 5351.08496094, 3547.24731445, 2303.69848633, 1835.77587891, 2525.10083008, 1434.06982422, 705.730712891, 294.877563477, 231.868011475, 337.933807373, 338.18927002, 331.738677979, 1673.55749512, 464.902587891, 310.665710449, 347.250823975, 136.641616821, 168.503082275, 105.444396973, 69.3044967651, 35.1495361328, 12.3716440201, 1.83383226395, 0.170613661408, 0.0101763233542, 1.01008790807e-005, 7.42639327811e-009]
    },
    "gfcc": {
        "mean": [29.844203949, 74.8677444458, -90.6602020264, 39.8829536438, -54.1447029114, 26.478729248, -33.1626777649, 12.2913608551, -24.4971885681, 17.6772480011, -14.7294301987, 7.64932870865, -11.8977603912],
        "cov": [[3111.56494141, -479.698394775, -92.8943023682, 78.1076431274, -401.00479126, -81.9113388062, -223.305007935, -76.9114074707, -131.159133911, -37.2539024353, -102.737136841, -24.4859142303, -79.7659606934], [-479.698394775, 844.299865723, -144.563568115, -160.372940063, -4.69046211243, -76.5233459473, 27.2733612061, -38.5177841187, 51.1261405945, -32.245223999, 30.6410617828, 6.62977361679, 23.8272438049], [-92.8943023682, -144.563568115, 379.17565918, 91.0072402954, -34.8558578491, 18.3826885223, -19.1015205383, 23.7310523987, 11.1647586823, 12.9789819717, -5.76024246216, -1.89890778065, -6.34637355804], [78.1076431274, -160.372940063, 91.0072402954, 339.92791748, -62.8506660461, -33.4986114502, -40.9056968689, -3.28502058983, 21.5141410828, -2.97635889053, -13.5220012665, -45.3408164978, 23.1594657898], [-401.00479126, -4.69046211243, -34.8558578491, -62.8506660461, 362.304290771, 97.8796920776, 92.3335723877, 38.9003868103, -3.46120858192, 9.56218147278, 19.1600418091, 4.86287117004, -6.4834728241], [-81.9113388062, -76.5233459473, 18.3826885223, -33.4986114502, 97.8796920776, 160.764831543, 76.8473815918, 15.4024629593, -12.1906518936, 4.7471704483, 18.9921092987, -6.09310102463, 3.33467936516], [-223.305007935, 27.2733612061, -19.1015205383, -40.9056968689, 92.3335723877, 76.8473815918, 154.116287231, 36.1552810669, -14.7003145218, 9.29828166962, 10.872220993, 5.09051084518, 15.3195619583], [-76.9114074707, -38.5177841187, 23.7310523987, -3.28502058983, 38.9003868103, 15.4024629593, 36.1552810669, 70.1786727905, 14.0668745041, 0.903403520584, 1.8149317503, 2.41415214539, -0.753986179829], [-131.159133911, 51.1261405945, 11.1647586823, 21.5141410828, -3.46120858192, -12.1906518936, -14.7003145218, 14.0668745041, 81.4137649536, 28.4913539886, 0.82874494791, -6.32209968567, 1.21646928787], [-37.2539024353, -32.245223999, 12.9789819717, -2.97635889053, 9.56218147278, 4.7471704483, 9.29828166962, 0.903403520584, 28.4913539886, 82.6216506958, 22.4391078949, -3.8427631855, -3.798609972], [-102.737136841, 30.6410617828, -5.76024246216, -13.5220012665, 19.1600418091, 18.9921092987, 10.872220993, 1.8149317503, 0.82874494791, 22.4391078949, 65.6234970093, 15.97453022, -1.41434729099], [-24.4859142303, 6.62977361679, -1.89890778065, -45.3408164978, 4.86287117004, -6.09310102463, 5.09051084518, 2.41415214539, -6.32209968567, -3.8427631855, 15.97453022, 60.4078369141, 8.13565444946], [-79.7659606934, 23.8272438049, -6.34637355804, 23.1594657898, -6.4834728241, 3.33467936516, 15.3195619583, -0.753986179829, 1.21646928787, -3.798609972, -1.41434729099, 8.13565444946, 50.1567306519]],
        "icov": [[0.000549823977053, 0.000155757559696, 0.000354540447006, -0.000125709921122, 0.000576949096285, -0.000405317667173, 0.000676582683809, -0.000216556611122, 0.00100155780092, -0.000420370168285, 0.000849815027323, -0.000268367381068, 0.000806302239653], [0.000155757559696, 0.00226599280722, 0.00019822602917, 0.00144709867891, 6.08140908298e-005, 0.00197928654961, -0.00149471720215, 0.00219685141928, -0.00264081940986, 0.00253146025352, -0.00219002249651, 0.0017649262445, -0.00119830761105], [0.000354540447006, 0.00019822602917, 0.00338688772172, -0.00102846347727, 0.000788753153756, -0.00133718096185, 0.00114729523193, -0.00155335024465, 0.000807828677353, -0.00107525545172, 0.00125296995975, -0.00127090141177, 0.00133063772228], [-0.000125709921122, 0.00144709867891, -0.00102846347727, 0.0050924657844, -3.08580347337e-005, 0.00230239285156, -0.000699104915839, 0.00149322103243, -0.0027638815809, 0.00249102152884, -0.00258831889369, 0.00489319674671, -0.0039009929169], [0.000576949096285, 6.08140908298e-005, 0.000788753153756, -3.08580347337e-005, 0.00432838778943, -0.00217357603833, -0.000315286451951, -0.00153497769497, 0.00101013819221, -0.00068084144732, 0.000815738749225, -0.000651051697787, 0.00183248636313], [-0.000405317667173, 0.00197928654961, -0.00133718096185, 0.00230239285156, -0.00217357603833, 0.012008888647, -0.00601125461981, 0.00340298633091, -0.00315018184483, 0.00380331347696, -0.00562801631168, 0.00480993743986, -0.00258380104788], [0.000676582683809, -0.00149471720215, 0.00114729523193, -0.000699104915839, -0.000315286451951, -0.00601125461981, 0.0134474989027, -0.00719218049198, 0.0063575017266, -0.00484204431996, 0.00349547783844, -0.0018109875964, -0.0017310770927], [-0.000216556611122, 0.00219685141928, -0.00155335024465, 0.00149322103243, -0.00153497769497, 0.00340298633091, -0.00719218049198, 0.0212322920561, -0.00818024855107, 0.00536171346903, -0.0031627130229, 0.00127174996305, 0.000126191254822], [0.00100155780092, -0.00264081940986, 0.000807828677353, -0.0027638815809, 0.00101013819221, -0.00315018184483, 0.0063575017266, -0.00818024855107, 0.0217292904854, -0.0105054462329, 0.00597322825342, -0.002163606463, 0.00169775926042], [-0.000420370168285, 0.00253146025352, -0.00107525545172, 0.00249102152884, -0.00068084144732, 0.00380331347696, -0.00484204431996, 0.00536171346903, -0.0105054462329, 0.019894361496, -0.0095535479486, 0.00487908301875, -0.00123804202303], [0.000849815027323, -0.00219002249651, 0.00125296995975, -0.00258831889369, 0.000815738749225, -0.00562801631168, 0.00349547783844, -0.0031627130229, 0.00597322825342, -0.0095535479486, 0.0235206466168, -0.0089083686471, 0.00434981193393], [-0.000268367381068, 0.0017649262445, -0.00127090141177, 0.00489319674671, -0.000651051697787, 0.00480993743986, -0.0018109875964, 0.00127174996305, -0.002163606463, 0.00487908301875, -0.0089083686471, 0.0239371042699, -0.00722904875875], [0.000806302239653, -0.00119830761105, 0.00133063772228, -0.0039009929169, 0.00183248636313, -0.00258380104788, -0.0017310770927, 0.000126191254822, 0.00169775926042, -0.00123804202303, 0.00434981193393, -0.00722904875875, 0.0258582662791]]
    },
    "melbands": {
        "mean": [0.00344977295026, 0.00304300826974, 0.00109612441156, 0.000915145734325, 0.000392222573282, 0.000306097907014, 0.000389342283597, 0.000232630773098, 9.13335607038e-005, 7.34193527023e-005, 6.78464712109e-005, 9.5287716249e-005, 9.68718668446e-005, 7.6419513789e-005, 4.09506210417e-005, 5.39838329132e-005, 5.21899419255e-005, 4.16841976403e-005, 2.63295078184e-005, 1.51050326167e-005, 1.12849611469e-005, 1.16605970106e-005, 1.21281555039e-005, 9.23159586819e-006, 8.31696252135e-006, 7.13408917363e-006, 9.08790389076e-006, 1.55500856636e-005, 9.312137081e-006, 7.48439560994e-006, 6.59589613861e-006, 7.05955062585e-006, 4.65370067104e-006, 5.21956326338e-006, 4.28359817306e-006, 3.36697780767e-006, 2.67338577942e-006, 2.37809103965e-006, 2.34121216636e-006, 1.88182798411e-006],
        "var": [1.85839689948e-005, 3.54776202585e-005, 4.26448104918e-006, 4.43628186986e-006, 4.25586648589e-007, 2.44350616185e-007, 2.19625903242e-007, 1.83191929182e-007, 1.76690200249e-008, 1.10033955281e-008, 1.26009309653e-008, 8.24343828754e-008, 4.49381083456e-008, 1.8641767241e-008, 5.82342796207e-009, 1.40603306775e-008, 1.14886651303e-008, 5.61275426136e-009, 3.24810423002e-009, 6.63303911796e-010, 3.96999932928e-010, 2.39336911401e-010, 3.01951214032e-010, 2.76808104216e-010, 2.38344566306e-010, 1.91413454531e-010, 2.58963739341e-010, 1.28283494938e-009, 2.21548654422e-010, 1.0735562439e-010, 1.08087490347e-010, 1.51139822879e-010, 4.85252601989e-011, 4.67369337676e-011, 5.86407519765e-011, 5.52437123824e-011, 3.81736899036e-011, 3.47357975716e-011, 3.76267003666e-011, 2.39343718456e-011]
    },
    "mfcc": {
        "mean": [-622.144348145, 108.481369019, 19.7751731873, 25.1450157166, 6.61615514755, 18.1357383728, 6.35244941711, 1.41752648354, 1.66590034962, 4.3697013855, 3.37908840179, 5.29452943802, 3.95938229561],
        "cov": [[2755.24780273, -562.587219238, 107.859138489, -15.2050924301, -207.32434082, -128.551391602, -222.05607605, -113.693473816, -132.359313965, -73.952545166, -74.2749786377, -139.747146606, -51.8704528809], [-562.587219238, 897.065490723, -209.459335327, -126.15247345, -54.3211860657, -11.5188817978, -14.5724077225, 40.8280639648, -22.0095176697, -25.2936840057, 29.7073154449, 5.18943214417, 16.9260101318], [107.859138489, -209.459335327, 458.580383301, 85.868309021, -47.8641853333, -36.2954368591, -77.470993042, -33.3139724731, -0.460373103619, 1.89306139946, 1.94006705284, -28.6726016998, 4.3110666275], [-15.2050924301, -126.15247345, 85.868309021, 245.613265991, 28.1589374542, -22.768705368, -48.0315170288, -28.535572052, 21.3895626068, 3.71324276924, -13.081609726, 0.0991948544979, 4.49333047867], [-207.32434082, -54.3211860657, -47.8641853333, 28.1589374542, 201.7918396, 42.6438369751, 58.4154396057, 19.6303024292, 15.9175901413, 27.2026672363, 10.7379541397, 24.1713523865, -8.33148097992], [-128.551391602, -11.5188817978, -36.2954368591, -22.768705368, 42.6438369751, 119.856872559, 73.5723953247, 11.5069360733, 26.3790798187, 18.4983234406, 11.5806093216, 15.9155464172, 0.575237631798], [-222.05607605, -14.5724077225, -77.470993042, -48.0315170288, 58.4154396057, 73.5723953247, 216.370697021, 53.3930015564, 36.0523109436, 11.3481435776, -3.65795397758, 39.1653747559, 11.2892160416], [-113.693473816, 40.8280639648, -33.3139724731, -28.535572052, 19.6303024292, 11.5069360733, 53.3930015564, 95.0116500854, 21.1594867706, -8.75310611725, -3.91088557243, 4.93003082275, -0.714481055737], [-132.359313965, -22.0095176697, -0.460373103619, 21.3895626068, 15.9175901413, 26.3790798187, 36.0523109436, 21.1594867706, 89.0009918213, 28.2197189331, -8.08364105225, 12.5177087784, -1.33554589748], [-73.952545166, -25.2936840057, 1.89306139946, 3.71324276924, 27.2026672363, 18.4983234406, 11.3481435776, -8.75310611725, 28.2197189331, 71.3745803833, 22.6524944305, 4.46313858032, -1.6200824976], [-74.2749786377, 29.7073154449, 1.94006705284, -13.081609726, 10.7379541397, 11.5806093216, -3.65795397758, -3.91088557243, -8.08364105225, 22.6524944305, 63.62550354, 15.5772705078, 1.02074694633], [-139.747146606, 5.18943214417, -28.6726016998, 0.0991948544979, 24.1713523865, 15.9155464172, 39.1653747559, 4.93003082275, 12.5177087784, 4.46313858032, 15.5772705078, 82.2887191772, 22.6383018494], [-51.8704528809, 16.9260101318, 4.3110666275, 4.49333047867, -8.33148097992, 0.575237631798, 11.2892160416, -0.714481055737, -1.33554589748, -1.6200824976, 1.02074694633, 22.6383018494, 66.3956756592]],
        "icov": [[0.000604800065048, 0.000487570039695, 0.000202560840989, 0.000235663013882, 0.000471166917123, 0.000150712148752, 0.000345123291481, 0.000232049962506, 0.000535020721145, 0.000195864282432, 0.000314419623464, 0.000527730211616, 0.0001514996693], [0.000487570039695, 0.00183057039976, 0.000826150702778, 0.000658035627566, 0.000714568246622, 0.000253844453255, 0.000694831542205, -0.000341374223353, 0.000258825632045, 0.000671102607157, -0.000666881504003, 0.000587245449424, -0.00038667221088], [0.000202560840989, 0.000826150702778, 0.00291167618707, -0.000511854828801, 0.000796428648755, 0.000320210645441, 0.000687972642481, 0.000143704091897, -0.000211330392631, 0.000248554861173, -0.000840114371385, 0.00100495875813, -0.000552962999791], [0.000235663013882, 0.000658035627566, -0.000511854828801, 0.00545491045341, -0.00120381463785, 0.000904790882487, 0.00132341438439, 0.00139891600702, -0.00194034795277, 0.000905665161554, 0.000764680851717, -6.92064131727e-005, -0.000693522393703], [0.000471166917123, 0.000714568246622, 0.000796428648755, -0.00120381463785, 0.00689626298845, -0.0012878003763, -0.000645418826025, -0.00125660048798, 0.00173791893758, -0.00219203718007, 0.000107049650978, -0.000934930169024, 0.00148701877333], [0.000150712148752, 0.000253844453255, 0.000320210645441, 0.000904790882487, -0.0012878003763, 0.0118318991736, -0.00333571853116, 0.00160457345191, -0.00256784469821, 4.81259921798e-005, -0.00232406845316, 0.000754411914386, 1.93654195755e-005], [0.000345123291481, 0.000694831542205, 0.000687972642481, 0.00132341438439, -0.000645418826025, -0.00333571853116, 0.00819170754403, -0.00303433369845, -0.000562227796763, -0.000315872981446, 0.00190571811981, -0.00212837010622, -0.000841938017402], [0.000232049962506, -0.000341374223353, 0.000143704091897, 0.00139891600702, -0.00125660048798, 0.00160457345191, -0.00303433369845, 0.0143884774297, -0.00421117572114, 0.00427328702062, -0.00112958322279, 0.00169377028942, 0.000122904297314], [0.000535020721145, 0.000258825632045, -0.000211330392631, -0.00194034795277, 0.00173791893758, -0.00256784469821, -0.000562227796763, -0.00421117572114, 0.01779441908, -0.00835725758225, 0.00581403449178, -0.00249573588371, 0.00170321052428], [0.000195864282432, 0.000671102607157, 0.000248554861173, 0.000905665161554, -0.00219203718007, 4.81259921798e-005, -0.000315872981446, 0.00427328702062, -0.00835725758225, 0.0216871984303, -0.00877345260233, 0.00286776595749, -0.000753125816118], [0.000314419623464, -0.000666881504003, -0.000840114371385, 0.000764680851717, 0.000107049650978, -0.00232406845316, 0.00190571811981, -0.00112958322279, 0.00581403449178, -0.00877345260233, 0.0221178978682, -0.00512693542987, 0.00142674555536], [0.000527730211616, 0.000587245449424, 0.00100495875813, -6.92064131727e-005, -0.000934930169024, 0.000754411914386, -0.00212837010622, 0.00169377028942, -0.00249573588371, 0.00286776595749, -0.00512693542987, 0.0170420072973, -0.00525379180908], [0.0001514996693, -0.00038667221088, -0.000552962999791, -0.000693522393703, 0.00148701877333, 1.93654195755e-005, -0.000841938017402, 0.000122904297314, 0.00170321052428, -0.000753125816118, 0.00142674555536, -0.00525379180908, 0.0174771770835]]
    },
    "spectral_contrast_coeffs": {
        "mean": [-0.701524317265, -0.74155575037, -0.779976069927, -0.790589749813, -0.798449337482, -0.75918930769],
        "var": [0.00482546072453, 0.00356120686047, 0.003940442577, 0.00212398916483, 0.00136322889011, 0.00125286867842]
    },
    "spectral_contrast_valleys": {
        "mean": [-6.56454706192, -6.66525030136, -7.21363019943, -7.54865074158, -7.43104600906, -9.59873962402],
        "var": [0.412510484457, 0.958621799946, 0.613034784794, 0.585111737251, 0.593008637428, 0.784822463989]
    }
},
"metadata": {
    "audio_properties": {
        "analysis_sample_rate": 44100,
        "bit_rate": 128074,
        "equal_loudness": 0,
        "length": 45.0612258911,
        "lossless": 0,
        "replay_gain": -5.9698677063,
        "sample_rate": 44100,
        "codec": "mp3",
        "downmix": "mix",
        "md5_encoded": "c8a836abf4bc253bc40fcc586260cf8d"
    },
    "tags": {
        "file_name": "1315.mp3"
    },
    "version": {
        "essentia": "2.1-beta2",
        "essentia_git_sha": "v2.1_beta2",
        "extractor": "music 1.0"
    }
},
"rhythm": {
    "beats_count": 96,
    "beats_loudness": {
        "mean": 0.0452638529241,
        "var": 0.000702622055542
    },
    "bpm": 129.984436035,
    "bpm_histogram_first_peak_bpm": {
        "mean": 129,
        "var": 0
    },
    "bpm_histogram_first_peak_spread": {
        "mean": 0.280898869038,
        "var": 0
    },
    "bpm_histogram_first_peak_weight": {
        "mean": 0.673684239388,
        "var": 0
    },
    "bpm_histogram_second_peak_bpm": {
        "mean": 123,
        "var": 0
    },
    "bpm_histogram_second_peak_spread": {
        "mean": 0.250000029802,
        "var": 0
    },
    "bpm_histogram_second_peak_weight": {
        "mean": 0.0315789468586,
        "var": 0
    },
    "danceability": 1.52437412739,
    "onset_rate": 6.0556936264,
    "beats_loudness_band_ratio": {
        "mean": [0.607986569405, 0.172880634665, 0.100219249725, 0.0751479491591, 0.044616471976, 0.0855132862926],
        "var": [0.0355868898332, 0.0187924783677, 0.00477888248861, 0.00806817784905, 0.000785983924288, 0.00537144811824]
    },
    "beats_position": [0.441179126501, 0.905578196049, 1.38158726692, 1.86920630932, 2.38004541397, 2.86766433716, 3.36689329147, 3.87773227692, 4.3653512001, 4.82975053787, 5.28253936768, 5.73532867432, 6.19972801208, 6.66412687302, 7.12852573395, 7.59292507172, 8.05732440948, 8.52172279358, 8.98612213135, 9.43891143799, 9.90331077576, 10.3560991287, 10.8204984665, 11.2848978043, 11.749297142, 12.2136955261, 12.6780948639, 13.1424942017, 13.6068935394, 14.0596818924, 14.5240812302, 14.9768705368, 15.4412698746, 15.9056682587, 16.3816776276, 16.8344669342, 17.298866272, 17.7516555786, 18.2160549164, 18.6804523468, 19.1332416534, 19.5976409912, 20.062040329, 20.5264396667, 20.9792289734, 21.43201828, 21.8964176178, 22.3608150482, 22.825214386, 23.2896137238, 23.7540130615, 24.2184123993, 24.6712017059, 25.1239910126, 25.5883903503, 26.0527877808, 26.5171871185, 26.9815864563, 27.4459857941, 27.9103851318, 28.3631744385, 28.8159637451, 29.2803630829, 29.7447605133, 30.2091598511, 30.6735591888, 31.1379585266, 31.6023578644, 32.0551452637, 32.5079345703, 32.9723358154, 33.4367332458, 33.901134491, 34.3655319214, 34.8299331665, 35.2943305969, 35.7471199036, 36.1999092102, 36.6643066406, 37.1287078857, 37.5931053162, 38.0575065613, 38.5219039917, 38.9863014221, 39.4390907288, 39.8918800354, 40.3562812805, 40.8206787109, 41.2850799561, 41.7494773865, 42.2138786316, 42.678276062, 43.1426734924, 43.5954627991, 44.0482521057, 44.5126533508]
},
"tonal": {
    "chords_changes_rate": 0.0452674888074,
    "chords_number_rate": 0.00514403311536,
    "chords_strength": {
        "mean": 0.472385674715,
        "var": 0.00516401510686
    },
    "hpcp_entropy": {
        "mean": 2.32497000694,
        "var": 0.529229342937
    },
    "key_strength": 0.617473244667,
    "tuning_diatonic_strength": 0.628236174583,
    "tuning_equal_tempered_deviation": 0.0529953241348,
    "tuning_frequency": 440.254241943,
    "tuning_nontempered_energy_ratio": 0.729589283466,
    "hpcp": {
        "mean": [0.152570784092, 0.153983548284, 0.280276149511, 0.394129484892, 0.258554458618, 0.103722415864, 0.0705278664827, 0.090366654098, 0.328158706427, 0.512635707855, 0.292649179697, 0.0791723206639, 0.0465778931975, 0.0433203950524, 0.0681558251381, 0.0888930261135, 0.0595562532544, 0.0289056394249, 0.0251844432205, 0.0305345728993, 0.0312511920929, 0.0280059501529, 0.039522998035, 0.120561331511, 0.192001387477, 0.128654673696, 0.0495361685753, 0.0373419113457, 0.0499642342329, 0.0791515931487, 0.101589664817, 0.0992537364364, 0.0805363729596, 0.0564382039011, 0.047500167042, 0.0990425720811],
        "var": [0.042774040252, 0.0494729354978, 0.107815600932, 0.170672744513, 0.089382648468, 0.0338881239295, 0.0259567126632, 0.0297448839992, 0.0900412648916, 0.179769381881, 0.0675515532494, 0.0279548112303, 0.0156558956951, 0.0134243490174, 0.0131009966135, 0.0158021487296, 0.0109893493354, 0.0061123133637, 0.00597149785608, 0.0125147197396, 0.00975324679166, 0.00630881404504, 0.00781254656613, 0.0300351083279, 0.0585926510394, 0.0294140167534, 0.0106756268069, 0.0130871925503, 0.0179519746453, 0.0249378867447, 0.0238753203303, 0.0252925921232, 0.0259756185114, 0.0155838849023, 0.0179165471345, 0.0240807421505]
    },
    "chords_histogram": [5.96707820892, 0, 1.54320991039, 0, 0.102880656719, 0, 0, 0, 0, 0, 0, 0, 0, 0, 0, 0, 0, 34.5679016113, 0, 8.12757205963, 0, 0.823045253754, 48.8683128357, 0],
    "thpcp": [1, 0.570871651173, 0.154441684484, 0.0908596366644, 0.0845052227378, 0.132951766253, 0.173403888941, 0.116176560521, 0.0563863180578, 0.0491273701191, 0.0595638826489, 0.0609617941082, 0.0546312890947, 0.0770976319909, 0.23517934978, 0.374537676573, 0.250967055559, 0.0966303497553, 0.072842977941, 0.0974653810263, 0.154401242733, 0.198171257973, 0.193614557385, 0.157102540135, 0.110094174743, 0.09265871346, 0.193202644587, 0.297620296478, 0.300376176834, 0.546735525131, 0.768829584122, 0.504362940788, 0.202331632376, 0.13757891953, 0.176278501749, 0.640140175819],
    "chords_key": "A#",
    "chords_scale": "major",
    "key_key": "F",
    "key_scale": "major"
}
}