{
"lowlevel": {
    "average_loudness": 0.855109453201,
    "barkbands_crest": {
        "mean": 13.8490819931,
        "var": 33.9196510315
    },
    "barkbands_flatness_db": {
        "mean": 0.248014569283,
        "var": 0.0105251651257
    },
    "barkbands_kurtosis": {
        "mean": 16.6166992188,
        "var": 755.27142334
    },
    "barkbands_skewness": {
        "mean": 2.77807283401,
        "var": 4.73263978958
    },
    "barkbands_spread": {
        "mean": 10.7140207291,
        "var": 105.446868896
    },
    "dissonance": {
        "mean": 0.443853527308,
        "var": 0.00232059694827
    },
    "dynamic_complexity": 3.70647740364,
    "erbbands_crest": {
        "mean": 8.6349363327,
        "var": 15.1956148148
    },
    "erbbands_flatness_db": {
        "mean": 0.211919233203,
        "var": 0.00904223881662
    },
    "erbbands_kurtosis": {
        "mean": 0.628530800343,
        "var": 4.32672214508
    },
    "erbbands_skewness": {
        "mean": 0.513912856579,
        "var": 0.618022203445
    },
    "erbbands_spread": {
        "mean": 35.100063324,
        "var": 449.358215332
    },
    "hfc": {
        "mean": 13.0630865097,
        "var": 590.053771973
    },
    "melbands_crest": {
        "mean": 16.1330299377,
        "var": 33.6266708374
    },
    "melbands_flatness_db": {
        "mean": 0.338455498219,
        "var": 0.0158544816077
    },
    "melbands_kurtosis": {
        "mean": 34.581703186,
        "var": 3203.89208984
    },
    "melbands_skewness": {
        "mean": 3.72315406799,
        "var": 7.0211353302
    },
    "melbands_spread": {
        "mean": 11.1158647537,
        "var": 150.395111084
    },
    "pitch_salience": {
        "mean": 0.519849479198,
        "var": 0.0261830277741
    },
    "silence_rate_20dB": {
        "mean": 0.995365619659,
        "var": 0.00461292918772
    },
    "silence_rate_30dB": {
        "mean": 0.900617897511,
        "var": 0.0895051434636
    },
    "silence_rate_60dB": {
        "mean": 0.150875389576,
        "var": 0.128114208579
    },
    "spectral_centroid": {
        "mean": 754.454284668,
        "var": 277087.90625
    },
    "spectral_complexity": {
        "mean": 12.8465499878,
        "var": 88.9549102783
    },
    "spectral_decrease": {
        "mean": -1.2057502552e-008,
        "var": 2.62598874843e-016
    },
    "spectral_energy": {
        "mean": 0.0466926321387,
        "var": 0.00387034285814
    },
    "spectral_energyband_high": {
        "mean": 0.000517561798915,
        "var": 2.96902635455e-006
    },
    "spectral_energyband_low": {
        "mean": 0.0358311533928,
        "var": 0.00334712304175
    },
    "spectral_energyband_middle_high": {
        "mean": 0.00259539601393,
        "var": 3.39958023687e-005
    },
    "spectral_energyband_middle_low": {
        "mean": 0.00966542214155,
        "var": 0.000192810010049
    },
    "spectral_entropy": {
        "mean": 6.93459224701,
        "var": 0.607251763344
    },
    "spectral_flux": {
        "mean": 0.0868566632271,
        "var": 0.00740651227534
    },
    "spectral_kurtosis": {
        "mean": 29.2221317291,
        "var": 3442.68798828
    },
    "spectral_rms": {
        "mean": 0.00560926552862,
        "var": 1.40899237522e-005
    },
    "spectral_rolloff": {
        "mean": 695.882446289,
        "var": 845522.75
    },
    "spectral_skewness": {
        "mean": 3.00245928764,
        "var": 7.96131849289
    },
    "spectral_spread": {
        "mean": 3503049.75,
        "var": 5.41071455027e+012
    },
    "spectral_strongpeak": {
        "mean": 0.566182136536,
        "var": 0.175180494785
    },
    "zerocrossingrate": {
        "mean": 0.0310274828225,
        "var": 0.000654642411973
    },
    "barkbands": {
        "mean": [0.00186441442929, 0.0260528866202, 0.00609331671149, 0.00287456763908, 0.00252696801908, 0.00183498940896, 0.000876506150234, 0.000812191807199, 0.000568291870877, 0.000386504718335, 0.000296356447507, 0.000482151983306, 0.00031126695103, 0.000272399367532, 0.000135370457429, 0.000207533448702, 0.000237988773733, 0.000134204979986, 0.000142106291605, 0.000120191725728, 0.000158231006935, 0.000123288991745, 7.53185740905e-005, 5.67666102143e-005, 2.93972407235e-005, 1.8561266188e-005, 9.08095330487e-007],
        "var": [4.33412715211e-005, 0.00178759766277, 0.000388189248042, 3.64844454452e-005, 4.21894255851e-005, 1.00282513813e-005, 3.17957983498e-006, 2.32307957049e-006, 1.88139756574e-006, 8.57979443936e-007, 5.34865421287e-007, 9.95941491055e-007, 5.05107436766e-007, 9.36707806432e-007, 2.91977016786e-007, 8.03254749826e-007, 4.48022206001e-007, 1.95478520482e-007, 4.35573525692e-007, 1.43172243838e-007, 4.28291770049e-007, 2.14927382558e-007, 6.46057429776e-008, 2.45310847191e-008, 7.9833410993e-009, 3.04271186025e-009, 1.34152029763e-011]
    },
    "erbbands": {
        "mean": [0.705118536949, 5.97518110275, 7.63558578491, 10.546248436, 8.31505775452, 8.19724941254, 10.7404565811, 14.02821064, 10.2707996368, 17.2716712952, 16.2504730225, 13.9191484451, 13.8697834015, 10.9246368408, 14.6913099289, 18.0590648651, 15.6368656158, 14.1962080002, 8.96784210205, 9.11523151398, 12.8787002563, 11.7612428665, 7.73419904709, 6.6647772789, 7.32971191406, 5.96781349182, 6.79317140579, 5.57513380051, 4.83483123779, 2.82718014717, 2.11409378052, 1.34342849255, 0.811752319336, 0.377735853195, 0.187931850553, 0.100053451955, 0.02966177091, 0.00481303129345, 0.000137016453664, 5.58743522561e-005],
        "var": [1.92589128017, 90.5915527344, 485.6171875, 514.892944336, 366.955505371, 502.57434082, 233.204849243, 782.339172363, 478.604003906, 1181.60864258, 1042.70214844, 1319.60778809, 992.510192871, 689.582519531, 970.955383301, 1530.00366211, 1256.70227051, 2484.32055664, 728.513122559, 1720.56152344, 1586.22070313, 1203.37451172, 604.666931152, 883.087097168, 806.003295898, 394.868499756, 787.213256836, 471.622253418, 337.957427979, 104.822349548, 43.4386787415, 13.8035297394, 5.66222238541, 1.2486795187, 0.338178634644, 0.0860185623169, 0.00755094457418, 0.000316448742524, 1.79329447292e-007, 5.34306598965e-009]
    },
    "gfcc": {
        "mean": [-87.1639938354, 158.63973999, -98.3938903809, 19.6655063629, -48.6410560608, 6.5359082222, -26.9993228912, -1.64175355434, -15.6742458344, -4.99667787552, -9.48908519745, -3.38162708282, -4.00380134583],
        "cov": [[15226.7285156, -6486.91015625, -73.5040283203, 3678.53125, -1159.42590332, 2045.08935547, 107.105155945, 894.736633301, -484.29901123, 1312.14916992, 151.645751953, 379.255523682, -762.804931641], [-6486.91015625, 4023.73022461, -237.528030396, -1632.5189209, 924.568237305, -1046.8951416, 235.350646973, -476.692810059, 396.544952393, -722.63684082, 90.2305145264, -299.154754639, 501.24432373], [-73.5040283203, -237.528030396, 1740.5958252, 22.9629898071, 6.47101306915, 573.995727539, 105.583786011, 190.88710022, 20.270368576, 152.637054443, 66.3734130859, 113.711967468, -157.201400757], [3678.53125, -1632.5189209, 22.9629898071, 1464.41137695, -225.456176758, 524.856567383, 212.862426758, 219.708145142, -9.00071716309, 329.024047852, 142.456069946, 62.227230072, -98.6061401367], [-1159.42590332, 924.568237305, 6.47101306915, -225.456176758, 621.505432129, -180.511184692, 132.196411133, -22.2921276093, 161.194335938, -164.627700806, 12.3690347672, 18.9404411316, 126.27255249], [2045.08935547, -1046.8951416, 573.995727539, 524.856567383, -180.511184692, 712.156188965, 112.580421448, 175.63861084, -69.1206207275, 245.291534424, 108.875976563, 78.653678894, -154.694549561], [107.105155945, 235.350646973, 105.583786011, 212.862426758, 132.196411133, 112.580421448, 337.166320801, 7.46795320511, 73.4692764282, 32.2229804993, 121.647201538, -83.8830795288, 37.6863899231], [894.736633301, -476.692810059, 190.88710022, 219.708145142, -22.2921276093, 175.63861084, 7.46795320511, 181.334136963, 9.68218326569, 100.424873352, -11.0589704514, 72.6211242676, -60.733997345], [-484.29901123, 396.544952393, 20.270368576, -9.00071716309, 161.194335938, -69.1206207275, 73.4692764282, 9.68218326569, 184.275939941, -63.2846794128, 15.1637935638, -9.83056926727, 95.338684082], [1312.14916992, -722.63684082, 152.637054443, 329.024047852, -164.627700806, 245.291534424, 32.2229804993, 100.424873352, -63.2846794128, 235.020233154, 39.1061668396, 32.7307929993, -115.001083374], [151.645751953, 90.2305145264, 66.3734130859, 142.456069946, 12.3690347672, 108.875976563, 121.647201538, -11.0589704514, 15.1637935638, 39.1061668396, 165.556137085, -25.1368274689, 15.7987499237], [379.255523682, -299.154754639, 113.711967468, 62.227230072, 18.9404411316, 78.653678894, -83.8830795288, 72.6211242676, -9.83056926727, 32.7307929993, -25.1368274689, 145.627105713, -13.9283390045], [-762.804931641, 501.24432373, -157.201400757, -98.6061401367, 126.27255249, -154.694549561, 37.6863899231, -60.733997345, 95.338684082, -115.001083374, 15.7987499237, -13.9283390045, 156.046447754]],
        "icov": [[0.000423310295446, -0.000126265964354, 0.000409183179727, -0.00073766533751, 5.47869858565e-005, -0.000708144681994, 0.00020185035828, -0.000596627418417, 0.000331658695359, -0.000581725325901, 0.00042281136848, -0.000284462323179, 0.000694097136147], [-0.000126265964354, 0.0058778245002, -0.00145606871229, 0.00407369807363, -0.00294567202218, 0.00360637065023, -0.00208005867898, 0.00274774106219, -0.0034290838521, 0.00457588816062, -0.00605070637539, 0.00494724465534, -0.00433829426765], [0.000409183179727, -0.00145606871229, 0.00173905352131, -0.00112647388596, 0.000784083269536, -0.00231284066103, 0.000207874312764, -0.001421539695, 0.000326511421008, -0.00138630706351, 0.00163621781394, -0.0020915325731, 0.00261318264529], [-0.00073766533751, 0.00407369807363, -0.00112647388596, 0.00531728984788, -0.0016198863741, 0.0028284098953, -0.00253266189247, 0.001947195502, -0.00325810536742, 0.00287661398761, -0.00494490284473, 0.00303805875592, -0.00409947382286], [5.47869858565e-005, -0.00294567202218, 0.000784083269536, -0.0016198863741, 0.00466327788308, -0.00121060281526, -0.00118286861107, -0.00160533504095, 0.000105683982838, -0.000513775506988, 0.00290542817675, -0.00503665674478, 0.002996341791], [-0.000708144681994, 0.00360637065023, -0.00231284066103, 0.0028284098953, -0.00121060281526, 0.00713554304093, -0.00242243311368, 0.00155971117783, -0.00184353790246, 0.00299439183436, -0.00555877760053, 0.0020064599812, -0.00226810202003], [0.00020185035828, -0.00208005867898, 0.000207874312764, -0.00253266189247, -0.00118286861107, -0.00242243311368, 0.00845251232386, -0.00188239407726, 0.0011885270942, -0.00334210181609, -0.000234961204114, 0.00411104317755, -0.000739504001103], [-0.000596627418417, 0.00274774106219, -0.001421539695, 0.001947195502, -0.00160533504095, 0.00155971117783, -0.00188239407726, 0.0138628063723, -0.0051993583329, 0.000664422695991, -0.00062813871773, -0.00173221726436, 0.000326290959492], [0.000331658695359, -0.0034290838521, 0.000326511421008, -0.00325810536742, 0.000105683982838, -0.00184353790246, 0.0011885270942, -0.0051993583329, 0.0132026197389, -0.00299624702893, 0.00400950945914, -0.000642428756692, -0.00405536964536], [-0.000581725325901, 0.00457588816062, -0.00138630706351, 0.00287661398761, -0.000513775506988, 0.00299439183436, -0.00334210181609, 0.000664422695991, -0.00299624702893, 0.0160404387861, -0.00667149433866, 0.00217940006405, 0.0018508649664], [0.00042281136848, -0.00605070637539, 0.00163621781394, -0.00494490284473, 0.00290542817675, -0.00555877760053, -0.000234961204114, -0.00062813871773, 0.00400950945914, -0.00667149433866, 0.016319161281, -0.00506643205881, 0.00250604865141], [-0.000284462323179, 0.00494724465534, -0.0020915325731, 0.00303805875592, -0.00503665674478, 0.0020064599812, 0.00411104317755, -0.00173221726436, -0.000642428756692, 0.00217940006405, -0.00506643205881, 0.0186502672732, -0.00889511406422], [0.000694097136147, -0.00433829426765, 0.00261318264529, -0.00409947382286, 0.002996341791, -0.00226810202003, -0.000739504001103, 0.000326290959492, -0.00405536964536, 0.0018508649664, 0.00250604865141, -0.00889511406422, 0.0222051497549]]
    },
    "melbands": {
        "mean": [0.00723976595327, 0.00558614870533, 0.00168404006399, 0.000637920456938, 0.000356476608431, 0.000329149013851, 0.000156733352924, 0.000193946674699, 0.000120469332614, 8.56023398228e-005, 6.71526431688e-005, 4.26524238719e-005, 4.70868144475e-005, 5.16873697052e-005, 4.11374167015e-005, 3.13852979161e-005, 2.56744224316e-005, 1.53936834977e-005, 1.04568316601e-005, 1.39464773383e-005, 1.61009411386e-005, 1.38268651426e-005, 7.67646724853e-006, 6.21140588919e-006, 5.1645943131e-006, 5.7960801314e-006, 4.70713439427e-006, 3.535964197e-006, 4.35293623013e-006, 3.66163590115e-006, 3.04032755594e-006, 3.0402993616e-006, 1.86499448773e-006, 1.46934848999e-006, 1.34881781833e-006, 9.09768004931e-007, 7.58096348363e-007, 5.96895461058e-007, 4.20276990099e-007, 2.81826004311e-007],
        "var": [0.000145461774082, 0.000127889099531, 1.25469341583e-005, 2.73584964816e-006, 2.84170027953e-007, 3.76194464025e-007, 1.13434616367e-007, 1.2883165823e-007, 6.10991577332e-008, 5.21749186078e-008, 2.45840414692e-008, 1.14969358478e-008, 1.26115642374e-008, 1.12218208059e-008, 9.62183666076e-009, 6.01184213522e-009, 8.48180725654e-009, 2.18358664483e-009, 1.93544091864e-009, 5.76773251382e-009, 1.85362469818e-009, 1.55663548718e-009, 7.29091287344e-010, 4.4200759719e-010, 6.09177652766e-010, 7.19620696366e-010, 2.53816467843e-010, 1.31795838132e-010, 3.49158035817e-010, 2.13749420941e-010, 1.3807663346e-010, 1.40463987663e-010, 5.03619645986e-011, 3.13812656416e-011, 1.94332917813e-011, 6.56839036287e-012, 4.45159360762e-012, 3.25707603249e-012, 1.4404583212e-012, 7.69281448439e-013]
    },
    "mfcc": {
        "mean": [-724.392150879, 173.932510376, 20.6118221283, 19.6182594299, 1.35892224312, 9.6449213028, 0.388436883688, 2.9855132103, 0.501896321774, -1.38105499744, -4.83684158325, 4.39479541779, 1.61913502216],
        "cov": [[11275.9628906, -4102.36523438, -691.765625, 1226.90930176, 84.2127609253, 797.540527344, 570.62310791, 282.983520508, -206.480560303, 401.410614014, 663.840637207, 468.266326904, 115.599555969], [-4102.36523438, 2581.65820313, -181.149993896, -369.6355896, 108.25894928, -234.099914551, -108.703941345, -17.5285491943, 154.654129028, -81.8116836548, -212.849090576, -155.538085938, -32.3322601318], [-691.765625, -181.149993896, 1330.3927002, -45.1224060059, -10.0843305588, 198.222808838, 140.017929077, 110.037261963, -16.0034923553, 116.570724487, 123.549835205, -35.260383606, 31.4063072205], [1226.90930176, -369.6355896, -45.1224060059, 550.215454102, 67.2606277466, 171.056900024, 155.651184082, 91.3494033813, 33.887424469, 105.388977051, 124.767066956, 121.839988708, 60.3838768005], [84.2127609253, 108.25894928, -10.0843305588, 67.2606277466, 354.121246338, 42.4549369812, 2.27344346046, 132.44972229, 96.4568328857, -30.5027675629, -12.4667015076, 47.4013595581, 61.2214584351], [797.540527344, -234.099914551, 198.222808838, 171.056900024, 42.4549369812, 335.575134277, 212.901000977, 105.107475281, 12.1216840744, 108.056114197, 137.536178589, 74.930770874, 34.4116020203], [570.62310791, -108.703941345, 140.017929077, 155.651184082, 2.27344346046, 212.901000977, 294.58706665, 97.3815231323, -55.6024627686, 129.718643188, 157.389312744, 13.9525537491, -5.38211631775], [282.983520508, -17.5285491943, 110.037261963, 91.3494033813, 132.44972229, 105.107475281, 97.3815231323, 167.5806427, 66.2635574341, 33.4523506165, 52.8469314575, 44.2618026733, 36.3376350403], [-206.480560303, 154.654129028, -16.0034923553, 33.887424469, 96.4568328857, 12.1216840744, -55.6024627686, 66.2635574341, 176.937438965, 3.66613483429, -51.6267585754, 47.0044937134, 35.5515174866], [401.410614014, -81.8116836548, 116.570724487, 105.388977051, -30.5027675629, 108.056114197, 129.718643188, 33.4523506165, 3.66613483429, 166.492645264, 113.688583374, 7.31167697906, 0.509575903416], [663.840637207, -212.849090576, 123.549835205, 124.767066956, -12.4667015076, 137.536178589, 157.389312744, 52.8469314575, -51.6267585754, 113.688583374, 178.16998291, 38.1547813416, 3.66069197655], [468.266326904, -155.538085938, -35.260383606, 121.839988708, 47.4013595581, 74.930770874, 13.9525537491, 44.2618026733, 47.0044937134, 7.31167697906, 38.1547813416, 131.002502441, 56.4581680298], [115.599555969, -32.3322601318, 31.4063072205, 60.3838768005, 61.2214584351, 34.4116020203, -5.38211631775, 36.3376350403, 35.5515174866, 0.509575903416, 3.66069197655, 56.4581680298, 80.1938095093]],
        "icov": [[0.000453549233498, 0.000617860700004, 0.000487645214889, -0.000184239004739, -0.00014523100981, -0.000484621356009, 0.000315515208058, -0.000609397597145, 0.000443093391368, -0.000620818056632, -0.000341269711498, -0.000143969635246, 8.36472390802e-005], [0.000617860700004, 0.00139419466723, 0.000724666053429, 7.71166814957e-005, -0.000363975326763, -0.00026909285225, -0.000303391454509, -0.000503042596392, -0.000252169324085, -0.000746555568185, -0.000260442029685, 0.000345404609106, -0.000184244010597], [0.000487645214889, 0.000724666053429, 0.00153348885942, 0.000132881541504, 0.000115503717097, -0.00113521434832, 0.00075898465002, -0.00145943579264, 0.00055698864162, -0.000995191046968, -0.000835876155179, 0.000879631028511, -0.00082192273112], [-0.000184239004739, 7.71166814957e-005, 0.000132881541504, 0.00321808340959, -0.000244636175921, 0.000384076527553, -0.00157320080325, 0.000483083567815, -0.000883079948835, -0.000621065555606, -0.000152385022375, -0.00149617507122, -0.00102530210279], [-0.00014523100981, -0.000363975326763, 0.000115503717097, -0.000244636175921, 0.00503260130063, -0.000148905062815, 0.000708824314643, -0.00368107366376, -0.000933518458623, 0.00172321032733, -0.00042853213381, 0.00109327130485, -0.00220818910748], [-0.000484621356009, -0.00026909285225, -0.00113521434832, 0.000384076527553, -0.000148905062815, 0.00836939644068, -0.00598496058956, 0.00164690124802, -0.00293363304809, 0.00112616585102, -0.000727752631065, -0.00229696044698, -0.000936411612201], [0.000315515208058, -0.000303391454509, 0.00075898465002, -0.00157320080325, 0.000708824314643, -0.00598496058956, 0.014642114751, -0.00763908587396, 0.00705886166543, -0.00516521697864, -0.00200762227178, 0.00155108119361, 0.00268452032469], [-0.000609397597145, -0.000503042596392, -0.00145943579264, 0.000483083567815, -0.00368107366376, 0.00164690124802, -0.00763908587396, 0.0177038591355, -0.00854967255145, 0.00520879589021, -0.00359551352449, 0.00069767277455, -0.00211766571738], [0.000443093391368, -0.000252169324085, 0.00055698864162, -0.000883079948835, -0.000933518458623, -0.00293363304809, 0.00705886166543, -0.00854967255145, 0.0163638796657, -0.00889132916927, 0.00834321603179, -0.00559187028557, 0.00238372501917], [-0.000620818056632, -0.000746555568185, -0.000995191046968, -0.000621065555606, 0.00172321032733, 0.00112616585102, -0.00516521697864, 0.00520879589021, -0.00889132916927, 0.0176941026002, -0.0101646361873, 0.00544696860015, -0.0025958630722], [-0.000341269711498, -0.000260442029685, -0.000835876155179, -0.000152385022375, -0.00042853213381, -0.000727752631065, -0.00200762227178, -0.00359551352449, 0.00834321603179, -0.0101646361873, 0.021005468443, -0.00719840358943, 0.00343778170645], [-0.000143969635246, 0.000345404609106, 0.000879631028511, -0.00149617507122, 0.00109327130485, -0.00229696044698, 0.00155108119361, 0.00069767277455, -0.00559187028557, 0.00544696860015, -0.00719840358943, 0.018443338573, -0.00914367288351], [8.36472390802e-005, -0.000184244010597, -0.00082192273112, -0.00102530210279, -0.00220818910748, -0.000936411612201, 0.00268452032469, -0.00211766571738, 0.00238372501917, -0.0025958630722, 0.00343778170645, -0.00914367288351, 0.0218363255262]]
    },
    "spectral_contrast_coeffs": {
        "mean": [-0.634418964386, -0.742739915848, -0.788757324219, -0.801506400108, -0.791140913963, -0.777248859406],
        "var": [0.00588569138199, 0.00342038739473, 0.00288024288602, 0.00192383141257, 0.00440532853827, 0.00404012715444]
    },
    "spectral_contrast_valleys": {
        "mean": [-7.18301343918, -6.69335794449, -7.51908493042, -8.43555450439, -8.91448307037, -11.7319803238],
        "var": [1.4430552721, 0.657498240471, 0.819460213184, 1.53921413422, 3.2923078537, 4.22704410553]
    }
},
"metadata": {
    "audio_properties": {
        "analysis_sample_rate": 44100,
        "bit_rate": 128074,
        "equal_loudness": 0,
        "length": 45.0612258911,
        "lossless": 0,
        "replay_gain": -4.94218254089,
        "sample_rate": 44100,
        "codec": "mp3",
        "downmix": "mix",
        "md5_encoded": "392f0fe819536727d1f4ae89ec024283"
    },
    "tags": {
        "file_name": "1316.mp3"
    },
    "version": {
        "essentia": "2.1-beta2",
        "essentia_git_sha": "v2.1_beta2",
        "extractor": "music 1.0"
    }
},
"rhythm": {
    "beats_count": 103,
    "beats_loudness": {
        "mean": 0.0698610246181,
        "var": 0.00445381691679
    },
    "bpm": 139.965927124,
    "bpm_histogram_first_peak_bpm": {
        "mean": 140,
        "var": 0
    },
    "bpm_histogram_first_peak_spread": {
        "mean": 0.0957447066903,
        "var": 0
    },
    "bpm_histogram_first_peak_weight": {
        "mean": 0.833333313465,
        "var": 0
    },
    "bpm_histogram_second_peak_bpm": {
        "mean": 129,
        "var": 0
    },
    "bpm_histogram_second_peak_spread": {
        "mean": 0.375,
        "var": 0
    },
    "bpm_histogram_second_peak_weight": {
        "mean": 0.0490196086466,
        "var": 0
    },
    "danceability": 1.12300407887,
    "onset_rate": 4.17022132874,
    "beats_loudness_band_ratio": {
        "mean": [0.639142751694, 0.170361489058, 0.11083175987, 0.0537175536156, 0.0413339361548, 0.0366482511163],
        "var": [0.10389393568, 0.0423668697476, 0.0217621102929, 0.00404298119247, 0.00625013560057, 0.00455904519185]
    },
    "beats_position": [0.46439909935, 0.940408170223, 1.4164172411, 1.88081634045, 2.35682535172, 2.82122445107, 3.28562355042, 3.75002264977, 4.21442174911, 4.6439909935, 5.07355976105, 5.50312900543, 5.93269824982, 6.3622674942, 6.79183673859, 7.22140598297, 7.63936471939, 8.06893444061, 8.498503685, 8.93968200684, 9.36925125122, 9.79882049561, 10.22838974, 10.6579589844, 11.0875282288, 11.5170974731, 11.9466667175, 12.3762359619, 12.8058052063, 13.235373497, 13.6649427414, 14.0945119858, 14.5240812302, 14.9536504745, 15.3832197189, 15.8127889633, 16.242357254, 16.6719264984, 17.0898857117, 17.5194549561, 17.9490242004, 18.3785934448, 18.8081626892, 19.2377319336, 19.667301178, 20.0968704224, 20.5264396667, 20.9560089111, 21.3855781555, 21.8035373688, 22.2331066132, 22.6626758575, 23.0922451019, 23.5218143463, 23.9513835907, 24.3809528351, 24.8105201721, 25.2400894165, 25.6696586609, 26.0992279053, 26.5287971497, 26.958366394, 27.3763256073, 27.8058948517, 28.2354640961, 28.6650333405, 29.0946025848, 29.5241718292, 29.9537410736, 30.383310318, 30.8128795624, 31.2424488068, 31.6720180511, 32.0899772644, 32.5195465088, 32.9491157532, 33.3786849976, 33.8082542419, 34.2378234863, 34.6673927307, 35.0969619751, 35.5265312195, 35.9561004639, 36.3856697083, 36.8152389526, 37.244808197, 37.6627655029, 38.0923347473, 38.5219039917, 38.9514732361, 39.3810424805, 39.7989997864, 40.2285690308, 40.6581382751, 41.0877075195, 41.5172767639, 41.9468460083, 42.3764152527, 42.8059844971, 43.2355537415, 43.6651229858, 44.0946922302, 44.5126533508]
},
"tonal": {
    "chords_changes_rate": 0.031893003732,
    "chords_number_rate": 0.00823045242578,
    "chords_strength": {
        "mean": 0.513697683811,
        "var": 0.00660141091794
    },
    "hpcp_entropy": {
        "mean": 2.05887675285,
        "var": 0.681887030602
    },
    "key_strength": 0.761171996593,
    "tuning_diatonic_strength": 0.518154501915,
    "tuning_equal_tempered_deviation": 0.109087437391,
    "tuning_frequency": 440,
    "tuning_nontempered_energy_ratio": 0.702755868435,
    "hpcp": {
        "mean": [0.0444260835648, 0.0447447896004, 0.0462839715183, 0.0537408515811, 0.0618614666164, 0.12979914248, 0.186127707362, 0.12698148191, 0.0705622062087, 0.0698765292764, 0.105192273855, 0.327128887177, 0.457691729069, 0.259633988142, 0.10394538939, 0.0869978517294, 0.0796530693769, 0.118362009525, 0.173360496759, 0.15945109725, 0.198306828737, 0.212134391069, 0.119507312775, 0.0771561190486, 0.0598499029875, 0.043756775558, 0.056780975312, 0.0596923604608, 0.052838973701, 0.0555486418307, 0.0688213258982, 0.0993164926767, 0.246656358242, 0.338088929653, 0.186377763748, 0.0558339878917],
        "var": [0.0174159388989, 0.0192990992218, 0.0146514717489, 0.0184652023017, 0.0209704171866, 0.0360532440245, 0.0610254742205, 0.0367263332009, 0.0294855087996, 0.0285814926028, 0.040468275547, 0.0936961844563, 0.158530041575, 0.0623123310506, 0.0386419147253, 0.0348877348006, 0.0283461101353, 0.0316726900637, 0.0703954175115, 0.0526676177979, 0.076380059123, 0.0864068046212, 0.0350307449698, 0.0318350866437, 0.0221154056489, 0.0125933168456, 0.0166464243084, 0.0133774941787, 0.0137267243117, 0.0207600388676, 0.0257085878402, 0.0362424850464, 0.0850057974458, 0.145206481218, 0.0517971739173, 0.0196818895638]
    },
    "chords_histogram": [60.1851844788, 8.23045253754, 13.5802469254, 0, 0, 4.21810722351, 1.44032919407, 3.49794244766, 0, 0, 0.823045253754, 0, 0, 0, 0, 0, 0, 0, 3.39506173134, 0, 0, 0, 0, 4.62962961197],
    "thpcp": [1, 0.567268252373, 0.227107867599, 0.190079584718, 0.174032136798, 0.258606404066, 0.378771305084, 0.348380982876, 0.433275967836, 0.46348747611, 0.261108756065, 0.168576613069, 0.130764663219, 0.0956031605601, 0.124059431255, 0.130420446396, 0.115446642041, 0.121366932988, 0.15036611259, 0.216994285583, 0.538913726807, 0.738682627678, 0.407212436199, 0.121990382671, 0.0970655158162, 0.0977618470788, 0.101124770939, 0.117417134345, 0.135159671307, 0.283595114946, 0.406666100025, 0.277438879013, 0.154169723392, 0.152671605349, 0.229832142591, 0.714736282825],
    "chords_key": "C#",
    "chords_scale": "minor",
    "key_key": "C#",
    "key_scale": "minor"
}
}