{
"lowlevel": {
    "average_loudness": 0.976132214069,
    "barkbands_crest": {
        "mean": 9.29517650604,
        "var": 11.9146728516
    },
    "barkbands_flatness_db": {
        "mean": 0.109314270318,
        "var": 0.00147024239413
    },
    "barkbands_kurtosis": {
        "mean": 3.34542942047,
        "var": 37.6336669922
    },
    "barkbands_skewness": {
        "mean": 1.58255195618,
        "var": 0.765604615211
    },
    "barkbands_spread": {
        "mean": 23.4068393707,
        "var": 112.154434204
    },
    "dissonance": {
        "mean": 0.471473544836,
        "var": 0.000478575122543
    },
    "dynamic_complexity": 1.39624941349,
    "erbbands_crest": {
        "mean": 8.18106269836,
        "var": 12.6018228531
    },
    "erbbands_flatness_db": {
        "mean": 0.127429664135,
        "var": 0.00124678225257
    },
    "erbbands_kurtosis": {
        "mean": 0.245836570859,
        "var": 2.08127856255
    },
    "erbbands_skewness": {
        "mean": 0.331462681293,
        "var": 0.288141578436
    },
    "erbbands_spread": {
        "mean": 40.281627655,
        "var": 298.936248779
    },
    "hfc": {
        "mean": 28.8254566193,
        "var": 290.267669678
    },
    "melbands_crest": {
        "mean": 14.3257722855,
        "var": 23.8436164856
    },
    "melbands_flatness_db": {
        "mean": 0.192805752158,
        "var": 0.00269869551994
    },
    "melbands_kurtosis": {
        "mean": 11.9277896881,
        "var": 264.152984619
    },
    "melbands_skewness": {
        "mean": 2.66819143295,
        "var": 1.70039284229
    },
    "melbands_spread": {
        "mean": 20.8802165985,
        "var": 114.538772583
    },
    "pitch_salience": {
        "mean": 0.566296160221,
        "var": 0.00993418041617
    },
    "silence_rate_20dB": {
        "mean": 1,
        "var": 0
    },
    "silence_rate_30dB": {
        "mean": 1,
        "var": 0
    },
    "silence_rate_60dB": {
        "mean": 0.00205973233096,
        "var": 0.00205553672276
    },
    "spectral_centroid": {
        "mean": 1272.35925293,
        "var": 206070.6875
    },
    "spectral_complexity": {
        "mean": 24.8779602051,
        "var": 64.6291732788
    },
    "spectral_decrease": {
        "mean": -1.13370965948e-008,
        "var": 2.27221286487e-017
    },
    "spectral_energy": {
        "mean": 0.0454033501446,
        "var": 0.000350857677404
    },
    "spectral_energyband_high": {
        "mean": 0.00127582298592,
        "var": 2.15277714233e-006
    },
    "spectral_energyband_low": {
        "mean": 0.0205517765135,
        "var": 0.000224654999329
    },
    "spectral_energyband_middle_high": {
        "mean": 0.00760826375335,
        "var": 3.3626005461e-005
    },
    "spectral_energyband_middle_low": {
        "mean": 0.0174814909697,
        "var": 0.000131780499942
    },
    "spectral_entropy": {
        "mean": 7.70889854431,
        "var": 0.102559484541
    },
    "spectral_flux": {
        "mean": 0.115953609347,
        "var": 0.00215630116872
    },
    "spectral_kurtosis": {
        "mean": 4.10104703903,
        "var": 5.62038803101
    },
    "spectral_rms": {
        "mean": 0.00648989807814,
        "var": 2.17723936657e-006
    },
    "spectral_rolloff": {
        "mean": 1140.15148926,
        "var": 843098.125
    },
    "spectral_skewness": {
        "mean": 1.5717356205,
        "var": 0.14518892765
    },
    "spectral_spread": {
        "mean": 5030214,
        "var": 3.00167541555e+012
    },
    "spectral_strongpeak": {
        "mean": 0.651781737804,
        "var": 0.743719220161
    },
    "zerocrossingrate": {
        "mean": 0.0523014105856,
        "var": 0.000742847681977
    },
    "barkbands": {
        "mean": [0.00228190398775, 0.0132608925924, 0.00366635317914, 0.00397903146222, 0.00462895585224, 0.00221494445577, 0.00210826727562, 0.00211117649451, 0.00213198550045, 0.00180728395935, 0.000978389754891, 0.000907955982257, 0.00097428978188, 0.000640111742541, 0.00054795719916, 0.000465577031719, 0.000567273527849, 0.000351583119482, 0.000355224823579, 0.000296123587759, 0.000248481024755, 0.000223173468839, 0.000214042607695, 0.000189044454601, 0.000121462195239, 0.000114591210149, 1.73034895852e-005],
        "var": [7.38360586183e-006, 0.000136929695145, 2.14636929741e-005, 2.10063626582e-005, 2.06935364986e-005, 8.85798635863e-006, 9.78675234364e-006, 1.79134694918e-005, 1.08389049274e-005, 9.53463495534e-006, 2.72441252491e-006, 1.35287734793e-006, 1.72568547896e-006, 1.0426042536e-006, 4.81333756852e-007, 5.09652352321e-007, 5.27533472905e-007, 1.51577069119e-007, 1.34169383159e-007, 1.21089996696e-007, 1.01557645849e-007, 7.87608129826e-008, 1.03087543835e-007, 8.30769195659e-008, 3.76221969134e-008, 4.56037980712e-008, 1.58473434375e-009]
    },
    "erbbands": {
        "mean": [0.433796256781, 2.67633485794, 5.02752256393, 8.76013469696, 17.8486595154, 13.0948610306, 11.2770633698, 21.7050552368, 32.9591293335, 31.035282135, 49.2779998779, 54.1607131958, 36.55027771, 61.8199882507, 45.7249679565, 38.7695465088, 45.4852561951, 38.8846664429, 29.0354557037, 26.3817100525, 27.965423584, 30.6827869415, 23.2994213104, 15.548163414, 18.2804450989, 13.8868808746, 10.3209085464, 9.68998908997, 7.90525150299, 7.29759263992, 5.941655159, 4.19856500626, 2.94631958008, 1.57604777813, 0.772888183594, 0.419833630323, 0.213543280959, 0.0617107376456, 0.00172711897176, 9.17407378438e-005],
        "var": [0.217845529318, 6.25756549835, 30.2893428802, 83.9636306763, 460.64654541, 158.129776001, 167.29473877, 946.424072266, 2339.88964844, 2975.62768555, 8696.0546875, 7310.79541016, 4327.94921875, 10562.2226563, 5127.19238281, 2426.82568359, 3387.6784668, 3488.89550781, 1111.109375, 1428.81347656, 1691.80371094, 1428.24060059, 581.870239258, 364.708007813, 339.888519287, 286.099975586, 180.955596924, 165.557556152, 97.5934143066, 107.052787781, 94.2839660645, 43.8880729675, 18.013420105, 5.69477939606, 1.75912725925, 0.587538182735, 0.160155579448, 0.0149898361415, 1.8060709408e-005, 7.85918263801e-009]
    },
    "gfcc": {
        "mean": [54.0221443176, 89.3626480103, -104.043426514, 29.9812831879, -52.4772949219, 19.1993560791, -29.7367725372, 13.8931818008, -24.2390613556, 4.60396385193, -17.9604492188, 3.44217014313, -15.3977403641],
        "cov": [[2759.6015625, -619.184875488, 99.1494522095, 35.6095619202, -103.971084595, 135.839904785, -147.761581421, 22.2479515076, -60.9171524048, 36.5572319031, -94.6654510498, 10.4508037567, -103.140083313], [-619.184875488, 834.902954102, -228.836257935, -21.4503517151, 135.360458374, -81.879524231, 120.243202209, 16.7890720367, 53.7069664001, -21.7256069183, 83.5377197266, -40.0046195984, 74.0329589844], [99.1494522095, -228.836257935, 620.8984375, 63.1695098877, 24.9463195801, 94.1225128174, 19.6812210083, 30.9563751221, -22.9843978882, 21.3096733093, -27.9604892731, 40.1822242737, -55.8286628723], [35.6095619202, -21.4503517151, 63.1695098877, 206.708053589, 36.1716537476, 10.4892024994, 9.22823429108, 11.1908683777, 17.3282966614, -4.53459787369, 12.3690423965, -2.88005661964, 16.717962265], [-103.971084595, 135.360458374, 24.9463195801, 36.1716537476, 202.677322388, 21.9102153778, 29.5761508942, 15.2693128586, 23.6379203796, 8.16722869873, -2.76212644577, 0.487035691738, 4.6329908371], [135.839904785, -81.879524231, 94.1225128174, 10.4892024994, 21.9102153778, 175.131973267, 48.0256843567, -0.466709077358, -26.8895225525, -5.16105604172, 6.54922485352, 1.81830763817, -1.13982176781], [-147.761581421, 120.243202209, 19.6812210083, 9.22823429108, 29.5761508942, 48.0256843567, 137.753341675, 46.307598114, 6.89277744293, -5.55834579468, 13.5034446716, -4.44846487045, 13.0366630554], [22.2479515076, 16.7890720367, 30.9563751221, 11.1908683777, 15.2693128586, -0.466709077358, 46.307598114, 100.028678894, 38.3232078552, 1.18128788471, -3.06326055527, 1.6107198, 4.11463832855], [-60.9171524048, 53.7069664001, -22.9843978882, 17.3282966614, 23.6379203796, -26.8895225525, 6.89277744293, 38.3232078552, 93.8637542725, 19.5344524384, 3.00997495651, -6.80819320679, 1.55833280087], [36.5572319031, -21.7256069183, 21.3096733093, -4.53459787369, 8.16722869873, -5.16105604172, -5.55834579468, 1.18128788471, 19.5344524384, 72.9985427856, 23.0003051758, -2.47315359116, -12.2023820877], [-94.6654510498, 83.5377197266, -27.9604892731, 12.3690423965, -2.76212644577, 6.54922485352, 13.5034446716, -3.06326055527, 3.00997495651, 23.0003051758, 79.5954742432, 19.5376224518, 8.10834693909], [10.4508037567, -40.0046195984, 40.1822242737, -2.88005661964, 0.487035691738, 1.81830763817, -4.44846487045, 1.6107198, -6.80819320679, -2.47315359116, 19.5376224518, 55.2176818848, 12.4433965683], [-103.140083313, 74.0329589844, -55.8286628723, 16.717962265, 4.6329908371, -1.13982176781, 13.0366630554, 4.11463832855, 1.55833280087, -12.2023820877, 8.10834693909, 12.4433965683, 63.6608734131]],
        "icov": [[0.000550800061319, -6.38142591924e-005, 0.00030955375405, -0.000438277813373, 0.000360108620953, -0.000834781385493, 0.000808003358543, -0.000777447188739, 0.000523650087416, -0.000787157216109, 0.00113271572627, -0.000897841295227, 0.00106430996675], [-6.38142591924e-005, 0.00362383737229, -0.000312398711685, 0.00180437869858, -0.00271734734997, 0.00296484841965, -0.00290760397911, 0.00146944320295, -0.00141492777038, 0.00335782184266, -0.00593992741778, 0.00558051979169, -0.00397014291957], [0.00030955375405, -0.000312398711685, 0.00278682331555, -0.00155703898054, 0.000469795544632, -0.00189310160931, 0.000400696269935, -0.0013943889644, 0.0012140913168, -0.00215967861004, 0.00319720408879, -0.00415687449276, 0.00361927272752], [-0.000438277813373, 0.00180437869858, -0.00155703898054, 0.00701994355768, -0.00248249643482, 0.00220182677731, -0.00143881398253, 0.00129949906841, -0.00224229763262, 0.00374677800573, -0.0059291687794, 0.00584633881226, -0.00520117441192], [0.000360108620953, -0.00271734734997, 0.000469795544632, -0.00248249643482, 0.00771746179089, -0.0032933128532, 0.00148695369717, -0.00119294400793, -1.28888586914e-005, -0.00377200171351, 0.00614129798487, -0.00544992508367, 0.00351978535764], [-0.000834781385493, 0.00296484841965, -0.00189310160931, 0.00220182677731, -0.0032933128532, 0.0109628215432, -0.00592824118212, 0.00318268849514, -8.88815193321e-005, 0.00436255149543, -0.00741751398891, 0.00686639733613, -0.00515353260562], [0.000808003358543, -0.00290760397911, 0.000400696269935, -0.00143881398253, 0.00148695369717, -0.00592824118212, 0.0140830203891, -0.00735521409661, 0.00259043392725, -0.00225019012578, 0.00317579670809, -0.00253942026757, 0.0023938852828], [-0.000777447188739, 0.00146944320295, -0.0013943889644, 0.00129949906841, -0.00119294400793, 0.00318268849514, -0.00735521409661, 0.0166150927544, -0.0073259929195, 0.00305216223933, -0.00231585628353, 0.00191267579794, -0.00327093410306], [0.000523650087416, -0.00141492777038, 0.0012140913168, -0.00224229763262, -1.28888586914e-005, -8.88815193321e-005, 0.00259043392725, -0.0073259929195, 0.0162546318024, -0.00595179572701, 0.0034494549036, -0.00173445150722, 0.00245074904524], [-0.000787157216109, 0.00335782184266, -0.00215967861004, 0.00374677800573, -0.00377200171351, 0.00436255149543, -0.00225019012578, 0.00305216223933, -0.00595179572701, 0.0223207101226, -0.0141365360469, 0.0099483653903, -0.00316190463491], [0.00113271572627, -0.00593992741778, 0.00319720408879, -0.0059291687794, 0.00614129798487, -0.00741751398891, 0.00317579670809, -0.00231585628353, 0.0034494549036, -0.0141365360469, 0.0302155893296, -0.019615797326, 0.00921495072544], [-0.000897841295227, 0.00558051979169, -0.00415687449276, 0.00584633881226, -0.00544992508367, 0.00686639733613, -0.00253942026757, 0.00191267579794, -0.00173445150722, 0.0099483653903, -0.019615797326, 0.0357089191675, -0.0147412028164], [0.00106430996675, -0.00397014291957, 0.00361927272752, -0.00520117441192, 0.00351978535764, -0.00515353260562, 0.0023938852828, -0.00327093410306, 0.00245074904524, -0.00316190463491, 0.00921495072544, -0.0147412028164, 0.0270038172603]]
    },
    "melbands": {
        "mean": [0.00384199805558, 0.00306905200705, 0.00186742749065, 0.00116039032582, 0.000416746188421, 0.000473976280773, 0.000485736818518, 0.000352193688741, 0.000413483969169, 0.000317110359902, 0.000179092719918, 0.000260331056779, 0.000140992895467, 0.000114962233056, 9.45047140704e-005, 9.77979580057e-005, 6.82704048813e-005, 4.59191833215e-005, 3.55982811016e-005, 3.46732376784e-005, 3.2059950172e-005, 3.30784969265e-005, 2.79782962025e-005, 1.40033744174e-005, 1.19695678222e-005, 1.48622157212e-005, 1.08639342216e-005, 8.97040354175e-006, 6.35261358184e-006, 6.0769943957e-006, 5.42167117601e-006, 4.42887312602e-006, 4.23747769673e-006, 3.99704003939e-006, 3.46941760654e-006, 3.01081468024e-006, 2.4226703772e-006, 2.2030742457e-006, 1.6278752355e-006, 1.22939559333e-006],
        "var": [1.31821807372e-005, 8.16947977e-006, 3.71035662283e-006, 1.32152513288e-006, 1.98755586212e-007, 4.39546113284e-007, 4.95757092267e-007, 4.33709544723e-007, 5.15638930665e-007, 2.646533801e-007, 1.14968969456e-007, 2.02001004368e-007, 5.6496311629e-008, 2.11734203504e-008, 1.73290732874e-008, 1.60725708298e-008, 1.26563808323e-008, 3.20259552211e-009, 2.26790941582e-009, 2.80416778686e-009, 2.32223262842e-009, 1.8059208573e-009, 1.00954955506e-009, 2.45526599052e-010, 2.78166684131e-010, 2.56027005152e-010, 1.78307396625e-010, 1.69917205306e-010, 7.78584557937e-011, 7.37063396428e-011, 5.16151114904e-011, 3.37091361768e-011, 3.33132237074e-011, 3.473819149e-011, 3.28991348053e-011, 2.34824885231e-011, 1.55409105723e-011, 1.05265561892e-011, 5.55946998507e-012, 3.85830690314e-012]
    },
    "mfcc": {
        "mean": [-593.55871582, 123.202384949, 6.68763446808, 20.6375980377, 3.63954043388, 8.18722248077, 5.74298238754, 8.84261989594, 2.93022274971, 2.41851711273, 2.48808264732, 2.41240787506, -0.335842162371],
        "cov": [[2110.12695313, -542.420715332, 6.35080528259, -127.118728638, 30.7920207977, 7.22464179993, -63.6693725586, -35.7029876709, -35.6844444275, 12.287566185, -43.7628211975, -5.4778547287, -17.4475631714], [-542.420715332, 738.227600098, -214.085678101, 49.1416740417, -9.82925510406, -25.7872447968, 54.3708648682, 16.7885856628, 34.4847183228, 4.63373613358, 50.4883232117, -2.07095384598, 19.9417037964], [6.35080528259, -214.085678101, 496.326599121, 5.94205665588, 26.3666934967, 47.1879577637, 42.6411972046, 36.4952507019, -15.0958786011, 6.02040052414, -5.95519828796, 29.0994186401, -13.4324874878], [-127.118728638, 49.1416740417, 5.94205665588, 209.498901367, 48.4394073486, -19.3698596954, -11.9587306976, 6.34912538528, 27.5053386688, 12.1674976349, 12.7429361343, 1.48510479927, 16.1843090057], [30.7920207977, -9.82925510406, 26.3666934967, 48.4394073486, 156.695846558, 41.0717430115, -7.13461112976, 8.38491153717, 9.52752304077, 10.264913559, -3.1140358448, 2.03029704094, 9.09582996368], [7.22464179993, -25.7872447968, 47.1879577637, -19.3698596954, 41.0717430115, 127.421966553, 59.084487915, 2.95461368561, -6.21911478043, 3.2499089241, 1.33715057373, -2.49118185043, -10.6294975281], [-63.6693725586, 54.3708648682, 42.6411972046, -11.9587306976, -7.13461112976, 59.084487915, 133.346893311, 42.1451835632, 4.75464200974, -1.44393992424, 8.31942272186, 5.07107925415, -4.45982313156], [-35.7029876709, 16.7885856628, 36.4952507019, 6.34912538528, 8.38491153717, 2.95461368561, 42.1451835632, 101.634727478, 41.1214752197, 2.03903150558, -2.15468931198, 9.87180995941, 7.90806531906], [-35.6844444275, 34.4847183228, -15.0958786011, 27.5053386688, 9.52752304077, -6.21911478043, 4.75464200974, 41.1214752197, 92.2028579712, 34.5692062378, -1.45800936222, -3.80549144745, 2.01749396324], [12.287566185, 4.63373613358, 6.02040052414, 12.1674976349, 10.264913559, 3.2499089241, -1.44393992424, 2.03903150558, 34.5692062378, 74.1346588135, 23.4549770355, 3.11063098907, 0.158930525184], [-43.7628211975, 50.4883232117, -5.95519828796, 12.7429361343, -3.1140358448, 1.33715057373, 8.31942272186, -2.15468931198, -1.45800936222, 23.4549770355, 72.9565353394, 26.9495925903, -2.1125228405], [-5.4778547287, -2.07095384598, 29.0994186401, 1.48510479927, 2.03029704094, -2.49118185043, 5.07107925415, 9.87180995941, -3.80549144745, 3.11063098907, 26.9495925903, 66.2306518555, 23.1632709503], [-17.4475631714, 19.9417037964, -13.4324874878, 16.1843090057, 9.09582996368, -10.6294975281, -4.45982313156, 7.90806531906, 2.01749396324, 0.158930525184, -2.1125228405, 23.1632709503, 55.464679718]],
        "icov": [[0.000628147798125, 0.000494057894684, 0.000215722655412, 0.000318841950502, -0.000262803689111, 0.000153336746735, -4.46002486569e-005, 3.93052541767e-005, 0.000115787101095, -0.000261173845502, 0.000104069178633, -7.21382093616e-005, 7.30921674403e-005], [0.000494057894684, 0.00223440187983, 0.00091518444242, 4.13323095927e-006, -0.000368303211872, 0.000746248289943, -0.00131605332717, 0.000214294777834, -0.000560901127756, 0.000374122144422, -0.00140473269857, 0.000558041036129, -0.000627688656095], [0.000215722655412, 0.00091518444242, 0.00277534895577, -0.000357377692126, -0.00027819693787, -0.000322588719428, -0.000719288247637, -0.00105592701584, 0.00105802086182, -0.000859696941916, 0.000754787586629, -0.00160014606081, 0.00125273189042], [0.000318841950502, 4.13323095927e-006, -0.000357377692126, 0.00604780996218, -0.00222212262452, 0.00162177544553, -0.000216282147449, 0.000829881406389, -0.00191512412857, 0.000575534941163, -0.00169859232847, 0.00122612784617, -0.00172169564757], [-0.000262803689111, -0.000368303211872, -0.00027819693787, -0.00222212262452, 0.00859683100134, -0.0043226564303, 0.00265099504031, -0.00148348289076, 0.000365236919606, -0.000899077160284, 0.000899987702724, -0.000195286294911, -0.00107765581924], [0.000153336746735, 0.000746248289943, -0.000322588719428, 0.00162177544553, -0.0043226564303, 0.0129262404516, -0.00672271288931, 0.00261395401321, -0.000146757884067, -0.000313782889862, -0.000410237611504, 0.000628410314675, 0.00122962659225], [-4.46002486569e-005, -0.00131605332717, -0.000719288247637, -0.000216282147449, 0.00265099504031, -0.00672271288931, 0.0131232086569, -0.00564468372613, 0.00152791885193, -3.80677920475e-005, -0.000471523322631, -9.84031066764e-005, 0.0004526321718], [3.93052541767e-005, 0.000214294777834, -0.00105592701584, 0.000829881406389, -0.00148348289076, 0.00261395401321, -0.00564468372613, 0.0161130577326, -0.00838295929134, 0.00349844200537, -0.000197565052076, -0.00133244029712, -0.00172575435136], [0.000115787101095, -0.000560901127756, 0.00105802086182, -0.00191512412857, 0.000365236919606, -0.000146757884067, 0.00152791885193, -0.00838295929134, 0.0191355757415, -0.00974758621305, 0.00405357033014, -2.93345474347e-005, 0.0017817375483], [-0.000261173845502, 0.000374122144422, -0.000859696941916, 0.000575534941163, -0.000899077160284, -0.000313782889862, -3.80677920475e-005, 0.00349844200537, -0.00974758621305, 0.0205914173275, -0.00827145390213, 0.00240036146715, -0.0020292904228], [0.000104069178633, -0.00140473269857, 0.000754787586629, -0.00169859232847, 0.000899987702724, -0.000410237611504, -0.000471523322631, -0.000197565052076, 0.00405357033014, -0.00827145390213, 0.022130548954, -0.0108723007143, 0.00623994041234], [-7.21382093616e-005, 0.000558041036129, -0.00160014606081, 0.00122612784617, -0.000195286294911, 0.000628410314675, -9.84031066764e-005, -0.00133244029712, -2.93345474347e-005, 0.00240036146715, -0.0108723007143, 0.0242402181029, -0.0111772716045], [7.30921674403e-005, -0.000627688656095, 0.00125273189042, -0.00172169564757, -0.00107765581924, 0.00122962659225, 0.0004526321718, -0.00172575435136, 0.0017817375483, -0.0020292904228, 0.00623994041234, -0.0111772716045, 0.024625306949]]
    },
    "spectral_contrast_coeffs": {
        "mean": [-0.67174500227, -0.734393179417, -0.756444811821, -0.771435201168, -0.776622354984, -0.760162115097],
        "var": [0.00507274782285, 0.00443771760911, 0.00335985678248, 0.00254665524699, 0.00178935425356, 0.0011547046015]
    },
    "spectral_contrast_valleys": {
        "mean": [-6.40529727936, -6.22193336487, -6.71160650253, -7.27862215042, -7.24905490875, -9.64214992523],
        "var": [0.617266178131, 0.500766992569, 0.515128552914, 0.531614303589, 0.553276062012, 0.847947120667]
    }
},
"metadata": {
    "audio_properties": {
        "analysis_sample_rate": 44100,
        "bit_rate": 128074,
        "equal_loudness": 0,
        "length": 45.0612258911,
        "lossless": 0,
        "replay_gain": -5.59447288513,
        "sample_rate": 44100,
        "codec": "mp3",
        "downmix": "mix",
        "md5_encoded": "112925ff61ada38d5003c39ae0ea9e6d"
    },
    "tags": {
        "file_name": "1317.mp3"
    },
    "version": {
        "essentia": "2.1-beta2",
        "essentia_git_sha": "v2.1_beta2",
        "extractor": "music 1.0"
    }
},
"rhythm": {
    "beats_count": 92,
    "beats_loudness": {
        "mean": 0.0573613084853,
        "var": 0.000173426858964
    },
    "bpm": 123.95728302,
    "bpm_histogram_first_peak_bpm": {
        "mean": 123,
        "var": 0
    },
    "bpm_histogram_first_peak_spread": {
        "mean": 0.303370773792,
        "var": 0
    },
    "bpm_histogram_first_peak_weight": {
        "mean": 0.681318700314,
        "var": 0
    },
    "bpm_histogram_second_peak_bpm": {
        "mean": 117,
        "var": 0
    },
    "bpm_histogram_second_peak_spread": {
        "mean": 0,
        "var": 0
    },
    "bpm_histogram_second_peak_weight": {
        "mean": 0.0109890112653,
        "var": 0
    },
    "danceability": 1.47989439964,
    "onset_rate": 4.28113126755,
    "beats_loudness_band_ratio": {
        "mean": [0.602861583233, 0.127874180675, 0.133847206831, 0.0898073166609, 0.0407114550471, 0.0551134087145],
        "var": [0.0298164151609, 0.00942630134523, 0.012443616055, 0.00754304183647, 0.00086021469906, 0.00140826706775]
    },
    "beats_position": [0.53405892849, 1.04489791393, 1.53251695633, 2.02013611794, 2.49614500999, 2.97215414047, 3.45977306366, 3.94739222527, 4.43501138687, 4.92263031006, 5.39863920212, 5.87464857101, 6.3622674942, 6.84988641739, 7.33750534058, 7.8251247406, 8.3011341095, 8.78875255585, 9.26476192474, 9.75238037109, 10.2399997711, 10.7276191711, 11.2036275864, 11.6796369553, 12.1672563553, 12.6548748016, 13.1424942017, 13.6301136017, 14.117732048, 14.5821313858, 15.0697498322, 15.5573692322, 16.0449886322, 16.5326080322, 17.0086174011, 17.4962348938, 17.9722442627, 18.4598636627, 18.9474830627, 19.4351024628, 19.9111099243, 20.3987293243, 20.8747386932, 21.3623580933, 21.8499774933, 22.3375968933, 22.8136043549, 23.3012237549, 23.7772331238, 24.2648525238, 24.7524719238, 25.2400894165, 25.7277088165, 26.2037181854, 26.6797275543, 27.1673469543, 27.6549663544, 28.142583847, 28.6302032471, 29.106212616, 29.593832016, 30.0698413849, 30.5574588776, 31.0450782776, 31.5326976776, 32.0087051392, 32.4847145081, 32.9723358154, 33.4599533081, 33.935962677, 34.4235839844, 34.9112014771, 35.3872108459, 35.8748283386, 36.3508377075, 36.8268470764, 37.3144645691, 37.8020858765, 38.2897033691, 38.7773246765, 39.2649421692, 39.7525634766, 40.2401809692, 40.7277984619, 41.2038078308, 41.6914291382, 42.1674385071, 42.6550559998, 43.1426734924, 43.6302947998, 44.1063041687, 44.5939216614]
},
"tonal": {
    "chords_changes_rate": 0.0462962947786,
    "chords_number_rate": 0.00823045242578,
    "chords_strength": {
        "mean": 0.542027652264,
        "var": 0.00461215665564
    },
    "hpcp_entropy": {
        "mean": 2.21185994148,
        "var": 0.424743503332
    },
    "key_strength": 0.656105220318,
    "tuning_diatonic_strength": 0.587984859943,
    "tuning_equal_tempered_deviation": 0.174757450819,
    "tuning_frequency": 434.193115234,
    "tuning_nontempered_energy_ratio": 0.841034471989,
    "hpcp": {
        "mean": [0.224350899458, 0.234023809433, 0.13632555306, 0.0989864617586, 0.0831364840269, 0.0697343125939, 0.0753415971994, 0.0724298581481, 0.080399684608, 0.138685181737, 0.14583517611, 0.0898611918092, 0.0678864493966, 0.0668384432793, 0.0980044826865, 0.235444575548, 0.304406195879, 0.202777072787, 0.123464845121, 0.0847373008728, 0.0709255412221, 0.125373736024, 0.160101145506, 0.331849873066, 0.60377830267, 0.445083647966, 0.169958770275, 0.160775452852, 0.138723433018, 0.111893124878, 0.160456061363, 0.166107296944, 0.105483569205, 0.069441370666, 0.0652366280556, 0.109773106873],
        "var": [0.0499282032251, 0.0586751103401, 0.0357914939523, 0.0432844571769, 0.0309295933694, 0.0168708488345, 0.0183263272047, 0.0186385530978, 0.0165508203208, 0.0355424955487, 0.0460107065737, 0.0219428744167, 0.0214826054871, 0.0185933448374, 0.0265893302858, 0.076433584094, 0.119402013719, 0.0561578981578, 0.0454088300467, 0.0298555735499, 0.0190380681306, 0.0385877750814, 0.0563712790608, 0.0559621080756, 0.135639995337, 0.0965600758791, 0.0443748831749, 0.0458965227008, 0.0416223295033, 0.0402799099684, 0.072030685842, 0.0714784488082, 0.0284181311727, 0.0172098129988, 0.0142590282485, 0.0232548601925]
    },
    "chords_histogram": [2.77777767181, 56.1728401184, 27.2633743286, 1.02880656719, 0, 0, 2.98353910446, 0, 0.720164597034, 0, 0, 0, 0, 0, 0, 0, 0, 2.88065838814, 0, 0.925925910473, 0, 0, 3.39506173134, 1.85185182095],
    "thpcp": [1, 0.737164020538, 0.28149202466, 0.266282260418, 0.229758888483, 0.18532153964, 0.265753269196, 0.275113046169, 0.174705803394, 0.115011371672, 0.108047321439, 0.181810289621, 0.371578276157, 0.387598901987, 0.225787431002, 0.163945049047, 0.137693732977, 0.115496553481, 0.124783545732, 0.11996101588, 0.133160933852, 0.229695543647, 0.241537615657, 0.148831441998, 0.112436056137, 0.110700309277, 0.162318661809, 0.389952033758, 0.50416880846, 0.33584690094, 0.20448705554, 0.140345051885, 0.117469511926, 0.207648634911, 0.265165448189, 0.549622058868],
    "chords_key": "D",
    "chords_scale": "minor",
    "key_key": "A#",
    "key_scale": "major"
}
}