{
"lowlevel": {
    "average_loudness": 0.974432051182,
    "barkbands_crest": {
        "mean": 12.3134717941,
        "var": 34.1189956665
    },
    "barkbands_flatness_db": {
        "mean": 0.188148796558,
        "var": 0.00785524491221
    },
    "barkbands_kurtosis": {
        "mean": 12.3556280136,
        "var": 602.14630127
    },
    "barkbands_skewness": {
        "mean": 1.86018168926,
        "var": 7.19776916504
    },
    "barkbands_spread": {
        "mean": 23.2888317108,
        "var": 602.513122559
    },
    "dissonance": {
        "mean": 0.469287037849,
        "var": 0.000900922110304
    },
    "dynamic_complexity": 2.34726786613,
    "erbbands_crest": {
        "mean": 10.9891691208,
        "var": 25.1338005066
    },
    "erbbands_flatness_db": {
        "mean": 0.182484596968,
        "var": 0.00267007015646
    },
    "erbbands_kurtosis": {
        "mean": 1.51322972775,
        "var": 10.9929924011
    },
    "erbbands_skewness": {
        "mean": 0.0144628593698,
        "var": 1.01153099537
    },
    "erbbands_spread": {
        "mean": 32.9048690796,
        "var": 470.932861328
    },
    "hfc": {
        "mean": 44.8819999695,
        "var": 7219.88720703
    },
    "melbands_crest": {
        "mean": 19.3265724182,
        "var": 123.274230957
    },
    "melbands_flatness_db": {
        "mean": 0.24321192503,
        "var": 0.0138494083658
    },
    "melbands_kurtosis": {
        "mean": 25.1997470856,
        "var": 2278.24560547
    },
    "melbands_skewness": {
        "mean": 3.15199041367,
        "var": 9.49792098999
    },
    "melbands_spread": {
        "mean": 30.6510925293,
        "var": 1438.98864746
    },
    "pitch_salience": {
        "mean": 0.475936859846,
        "var": 0.0522801578045
    },
    "silence_rate_20dB": {
        "mean": 1,
        "var": 0
    },
    "silence_rate_30dB": {
        "mean": 0.894953668118,
        "var": 0.0940104424953
    },
    "silence_rate_60dB": {
        "mean": 0.0453141108155,
        "var": 0.0432607419789
    },
    "spectral_centroid": {
        "mean": 1753.10839844,
        "var": 1267773.875
    },
    "spectral_complexity": {
        "mean": 16.7713699341,
        "var": 142.433685303
    },
    "spectral_decrease": {
        "mean": -1.20419052507e-008,
        "var": 1.64040132804e-016
    },
    "spectral_energy": {
        "mean": 0.0495198778808,
        "var": 0.00229071918875
    },
    "spectral_energyband_high": {
        "mean": 0.00283176056109,
        "var": 5.30075849383e-005
    },
    "spectral_energyband_low": {
        "mean": 0.0290963221341,
        "var": 0.00164400716312
    },
    "spectral_energyband_middle_high": {
        "mean": 0.00673353392631,
        "var": 7.294803072e-005
    },
    "spectral_energyband_middle_low": {
        "mean": 0.00702191796154,
        "var": 0.000178621034138
    },
    "spectral_entropy": {
        "mean": 7.49532032013,
        "var": 0.426351368427
    },
    "spectral_flux": {
        "mean": 0.13454143703,
        "var": 0.00736516108736
    },
    "spectral_kurtosis": {
        "mean": 6.45520782471,
        "var": 51.4587516785
    },
    "spectral_rms": {
        "mean": 0.00618906365708,
        "var": 1.00074958027e-005
    },
    "spectral_rolloff": {
        "mean": 2661.12890625,
        "var": 15593583
    },
    "spectral_skewness": {
        "mean": 1.71954166889,
        "var": 0.720325410366
    },
    "spectral_spread": {
        "mean": 5860680.5,
        "var": 2.64721357865e+013
    },
    "spectral_strongpeak": {
        "mean": 1.07807922363,
        "var": 5.60044527054
    },
    "zerocrossingrate": {
        "mean": 0.088142812252,
        "var": 0.00941162835807
    },
    "barkbands": {
        "mean": [0.0152242938057, 0.0149647500366, 0.00284418812953, 0.00269067846239, 0.00185863964725, 0.000794382940512, 0.000580917112529, 0.000494922685903, 0.000412009452702, 0.000600283558015, 0.00060024834238, 0.00118897634093, 0.00117279426195, 0.000775013468228, 0.000781322771218, 0.000589784176555, 0.000465537479613, 0.000247511750786, 0.000288296520011, 0.00021239000489, 0.00016340133152, 0.000109533219074, 6.30995782558e-005, 0.00022879691096, 0.00113549921662, 0.000984146026894, 4.84790289192e-005],
        "var": [0.000782570219599, 0.000776553060859, 6.48496934446e-005, 8.7426022219e-005, 1.7170661522e-005, 2.3582636004e-006, 1.69502743574e-006, 1.35302002491e-006, 9.82204369393e-007, 9.98680093289e-007, 1.45951776176e-006, 7.50813615014e-006, 4.33211425843e-006, 2.30602017837e-006, 2.2028116291e-006, 1.26748011553e-006, 1.17729587146e-006, 3.44092910609e-007, 6.25463030701e-007, 3.18473098559e-007, 1.79197130024e-007, 5.82536117122e-008, 2.08611226071e-008, 3.3640952779e-007, 1.16735391202e-005, 9.66396964941e-006, 3.56537412927e-008]
    },
    "erbbands": {
        "mean": [0.657351791859, 2.61727190018, 3.92309379578, 6.53760957718, 7.69187402725, 6.13403511047, 5.41334629059, 6.60074996948, 7.46956014633, 11.6570167542, 9.46362876892, 10.5974235535, 14.0740499496, 20.003370285, 31.7485294342, 55.9024963379, 57.5402259827, 40.5123558044, 42.9903564453, 36.2253646851, 33.1324081421, 21.4203205109, 15.2456150055, 15.314084053, 13.2681245804, 10.8966932297, 7.71438121796, 5.41310691833, 3.55873537064, 2.99968934059, 1.89493250847, 3.30638170242, 4.96077394485, 9.36894416809, 9.60078048706, 7.13373613358, 0.995629906654, 0.172138795257, 0.0058405441232, 0.000220279529458],
        "var": [1.03783726692, 43.8152275085, 109.180511475, 418.202178955, 437.194854736, 231.452728271, 153.882400513, 160.357192993, 267.927154541, 920.632873535, 457.486785889, 585.588378906, 804.74609375, 1073.08496094, 4053.23876953, 14063.4716797, 9716.30664063, 5645.60253906, 5967.38085938, 5273.94335938, 3733.78198242, 1929.01013184, 1250.90759277, 1886.41333008, 1075.7253418, 830.301330566, 457.961425781, 165.234008789, 75.6914520264, 43.4911651611, 16.2097969055, 58.4855041504, 182.872848511, 803.534729004, 832.614501953, 521.54498291, 9.34062862396, 0.315204977989, 0.00045402237447, 2.90620391752e-007]
    },
    "gfcc": {
        "mean": [-24.1188526154, 74.5830154419, -119.2762146, 17.426109314, -34.3843002319, 25.379781723, -25.2129745483, 10.274805069, -24.6026706696, 10.7330560684, -8.7169675827, 5.83600997925, -9.34069156647],
        "cov": [[5809.55273438, -1654.7557373, 535.548950195, -139.098083496, -225.970413208, 175.688552856, -864.977294922, 383.513885498, -264.90826416, 305.88494873, -308.529937744, 11.3428325653, -82.0199279785], [-1654.7557373, 4696.25097656, -284.015167236, 1137.42504883, 537.808410645, -597.579284668, 814.67590332, -851.351135254, 486.044158936, -449.914672852, 283.805023193, -232.297149658, 70.1475448608], [535.548950195, -284.015167236, 2116.44750977, -69.0679550171, 260.161529541, 331.358917236, -164.582336426, 267.373443604, -243.575134277, 64.0681991577, -7.05086708069, 15.3768053055, -38.8118286133], [-139.098083496, 1137.42504883, -69.0679550171, 977.590026855, 215.269226074, -109.676391602, 410.238006592, -258.749176025, 216.994049072, -169.969894409, 108.283729553, -56.8179473877, 44.7807998657], [-225.970413208, 537.808410645, 260.161529541, 215.269226074, 419.48348999, 69.8705215454, 162.192337036, -21.582408905, 52.1805305481, -65.9892578125, 23.1348457336, -21.973400116, 27.6965961456], [175.688552856, -597.579284668, 331.358917236, -109.676391602, 69.8705215454, 407.209686279, 70.2921676636, 143.342697144, -97.0927505493, 48.9327964783, 17.6573524475, 51.2063522339, -2.15293884277], [-864.977294922, 814.67590332, -164.582336426, 410.238006592, 162.192337036, 70.2921676636, 592.006591797, -158.803527832, 128.926376343, -117.208702087, 170.514175415, -4.70858240128, 53.3859481812], [383.513885498, -851.351135254, 267.373443604, -258.749176025, -21.582408905, 143.342697144, -158.803527832, 344.956420898, -25.6127090454, 125.94354248, -64.7124862671, 51.4706687927, 18.086763382], [-264.90826416, 486.044158936, -243.575134277, 216.994049072, 52.1805305481, -97.0927505493, 128.926376343, -25.6127090454, 318.241790771, -14.2626237869, 41.8274040222, -32.2583770752, 61.2571792603], [305.88494873, -449.914672852, 64.0681991577, -169.969894409, -65.9892578125, 48.9327964783, -117.208702087, 125.94354248, -14.2626237869, 191.412094116, 3.6078248024, 40.5749320984, -12.109869957], [-308.529937744, 283.805023193, -7.05086708069, 108.283729553, 23.1348457336, 17.6573524475, 170.514175415, -64.7124862671, 41.8274040222, 3.6078248024, 180.526565552, 41.399974823, 7.01207828522], [11.3428325653, -232.297149658, 15.3768053055, -56.8179473877, -21.973400116, 51.2063522339, -4.70858240128, 51.4706687927, -32.2583770752, 40.5749320984, 41.399974823, 106.853469849, 28.3490028381], [-82.0199279785, 70.1475448608, -38.8118286133, 44.7807998657, 27.6965961456, -2.15293884277, 53.3859481812, 18.086763382, 61.2571792603, -12.109869957, 7.01207828522, 28.3490028381, 108.802970886]],
        "icov": [[0.000289780815365, -5.9476999013e-005, 4.87860743306e-005, -0.000364144420018, 0.000132513363496, -0.000306260830257, 0.000553453515749, -0.000235871877521, 0.000250999000855, -0.000337986188242, 0.000138534465805, 0.000119550313684, -6.70836161589e-005], [-5.9476999013e-005, 0.000937768782023, -0.000306311325403, 0.000235218598391, -0.000762627751101, 0.00111236586235, -0.000724280020222, 0.00159813056234, -0.000839319953229, 0.00039548490895, -0.000409082596889, 0.000514846411534, -0.000140869859024], [4.87860743306e-005, -0.000306311325403, 0.000871432479471, -0.000387403415516, -0.00023284535564, -0.00075852900045, 0.00078484416008, -0.00118394498713, 0.00096766941715, -8.50652068038e-005, -0.000560043845326, 0.000481476366986, -8.30910285003e-005], [-0.000364144420018, 0.000235218598391, -0.000387403415516, 0.00252098543569, -0.000653489958495, 0.00095214380417, -0.00178143370431, 0.00153955630958, -0.00148805498611, 0.000908361689653, 0.000106093582872, -0.000360070553143, 0.000227296157391], [0.000132513363496, -0.000762627751101, -0.00023284535564, -0.000653489958495, 0.00399475591257, -0.00138668448199, 0.000109916058136, -0.00132378237322, 0.00025040312903, 0.000171976804268, 0.000824932125397, -0.00010059287888, -0.000249523785897], [-0.000306260830257, 0.00111236586235, -0.00075852900045, 0.00095214380417, -0.00138668448199, 0.00567219033837, -0.00291154766455, 0.000500815571286, -9.456314001e-005, 0.000287156464765, -0.000211873120861, -0.000474305532407, 0.000422515091486], [0.000553453515749, -0.000724280020222, 0.00078484416008, -0.00178143370431, 0.000109916058136, -0.00291154766455, 0.00582207832485, -0.00120519695338, 0.00078052043682, 0.000512667698786, -0.00285981525667, 0.00106036500074, -0.00131896196399], [-0.000235871877521, 0.00159813056234, -0.00118394498713, 0.00153955630958, -0.00132378237322, 0.000500815571286, -0.00120519695338, 0.00926277041435, -0.00325474352576, -0.00156572891865, 0.00183380732778, -0.00138109573163, -0.000965835002717], [0.000250999000855, -0.000839319953229, 0.00096766941715, -0.00148805498611, 0.00025040312903, -9.456314001e-005, 0.00078052043682, -0.00325474352576, 0.00664790766314, -0.00152307306416, -0.00127654708922, 0.0027295560576, -0.00276085035875], [-0.000337986188242, 0.00039548490895, -8.50652068038e-005, 0.000908361689653, 0.000171976804268, 0.000287156464765, 0.000512667698786, -0.00156572891865, -0.00152307306416, 0.00916006881744, -0.00242813397199, -0.0013118024217, 0.00143197504804], [0.000138534465805, -0.000409082596889, -0.000560043845326, 0.000106093582872, 0.000824932125397, -0.000211873120861, -0.00285981525667, 0.00183380732778, -0.00127654708922, -0.00242813397199, 0.0112207923084, -0.00592005765066, 0.00227671861649], [0.000119550313684, 0.000514846411534, 0.000481476366986, -0.000360070553143, -0.00010059287888, -0.000474305532407, 0.00106036500074, -0.00138109573163, 0.0027295560576, -0.0013118024217, -0.00592005765066, 0.0162602383643, -0.00573424482718], [-6.70836161589e-005, -0.000140869859024, -8.30910285003e-005, 0.000227296157391, -0.000249523785897, 0.000422515091486, -0.00131896196399, -0.000965835002717, -0.00276085035875, 0.00143197504804, 0.00227671861649, -0.00573424482718, 0.0130487065762]]
    },
    "melbands": {
        "mean": [0.00613398104906, 0.00262571289204, 0.00120391359087, 0.000490067817736, 0.000199736081413, 0.000150422070874, 0.000116328854347, 0.000125067759654, 7.297481352e-005, 6.49521898595e-005, 6.98419025866e-005, 7.91827478679e-005, 9.17121069506e-005, 0.000131494918605, 0.000158267182996, 9.05555207282e-005, 7.601147081e-005, 6.96957940818e-005, 4.91870523547e-005, 4.84129195684e-005, 3.67286702385e-005, 2.32818638324e-005, 1.78923710337e-005, 1.22218280012e-005, 1.22320052469e-005, 1.0128298527e-005, 7.75516764406e-006, 6.93863239576e-006, 4.98127519677e-006, 4.01187571697e-006, 2.94927099276e-006, 2.05651303986e-006, 1.92405127564e-006, 1.43160536936e-006, 1.02704905203e-006, 1.16498745228e-006, 2.41013140112e-006, 3.3379890283e-006, 3.89086062569e-006, 9.4593697213e-006],
        "var": [8.12787911855e-005, 4.31366388511e-005, 1.30818471007e-005, 1.28637850594e-006, 1.87037656474e-007, 8.53129975553e-008, 6.13232415958e-008, 1.04190284844e-007, 2.78633152107e-008, 2.26503917844e-008, 2.05560617417e-008, 1.74829377642e-008, 3.42182708835e-008, 7.78678526103e-008, 1.0948206608e-007, 2.23423430867e-008, 2.364204299e-008, 1.67278439989e-008, 1.03367190363e-008, 8.58645421431e-009, 5.28611776573e-009, 2.53262633088e-009, 2.39123609802e-009, 9.54859635804e-010, 1.45327472278e-009, 6.58990806368e-010, 3.86425891286e-010, 3.6081942989e-010, 2.05208849913e-010, 1.29259089543e-010, 4.11722704541e-011, 2.52328470618e-011, 2.0409065063e-011, 1.06067784764e-011, 5.49349801759e-012, 5.77005717511e-012, 3.74276928894e-011, 8.22513029908e-011, 1.21917198559e-010, 8.54996407007e-010]
    },
    "mfcc": {
        "mean": [-674.141296387, 120.370452881, -17.6690063477, 11.3569898605, 9.74993133545, 16.8587970734, 14.2862386703, 6.24345064163, 2.18804907799, 1.73158323765, 5.79227972031, 5.36001491547, 4.30580997467],
        "cov": [[5134.56982422, -1232.46276855, -147.688995361, -253.828369141, 235.333984375, -296.218597412, -329.607452393, -359.157012939, 8.84508991241, 48.8921890259, -127.076545715, -109.204910278, 21.5219898224], [-1232.46276855, 2970.5, 47.1751823425, 980.048034668, -42.7093544006, 435.722198486, -37.6210098267, 107.018028259, -119.243080139, -48.6335411072, -16.4196910858, 45.707736969, -14.2414731979], [-147.688995361, 47.1751823425, 1412.31665039, 7.37336206436, 376.307891846, -1.23117434978, 261.837005615, 28.4617404938, 24.2801189423, -57.2429771423, 64.1471862793, 44.4649581909, -27.6431503296], [-253.828369141, 980.048034668, 7.37336206436, 1096.34350586, -48.7570724487, 349.227661133, -22.8859882355, 155.982803345, -22.8154354095, 34.2536811829, 12.1832437515, 7.92689466476, -32.0387611389], [235.333984375, -42.7093544006, 376.307891846, -48.7570724487, 456.629943848, -51.964466095, 36.3639068604, -8.39328098297, 94.2325439453, 4.31758260727, -0.373560190201, -9.30148696899, -8.95714187622], [-296.218597412, 435.722198486, -1.23117434978, 349.227661133, -51.964466095, 418.582305908, 166.809692383, 162.21862793, -23.4020080566, 11.6334514618, 32.8296089172, 30.8565387726, -26.5890617371], [-329.607452393, -37.6210098267, 261.837005615, -22.8859882355, 36.3639068604, 166.809692383, 396.295410156, 135.051956177, -14.7006807327, -37.0018997192, 48.2863502502, 35.8591346741, -16.256942749], [-359.157012939, 107.018028259, 28.4617404938, 155.982803345, -8.39328098297, 162.21862793, 135.051956177, 237.034713745, 57.6556358337, 21.796043396, 23.0006942749, 24.8107051849, -0.0629708170891], [8.84508991241, -119.243080139, 24.2801189423, -22.8154354095, 94.2325439453, -23.4020080566, -14.7006807327, 57.6556358337, 184.791381836, 86.8039932251, 3.69811010361, -24.7211856842, -1.46252274513], [48.8921890259, -48.6335411072, -57.2429771423, 34.2536811829, 4.31758260727, 11.6334514618, -37.0018997192, 21.796043396, 86.8039932251, 146.607269287, 45.7849960327, -18.0692539215, -7.51807260513], [-127.076545715, -16.4196910858, 64.1471862793, 12.1832437515, -0.373560190201, 32.8296089172, 48.2863502502, 23.0006942749, 3.69811010361, 45.7849960327, 129.834060669, 61.7400779724, -3.83652997017], [-109.204910278, 45.707736969, 44.4649581909, 7.92689466476, -9.30148696899, 30.8565387726, 35.8591346741, 24.8107051849, -24.7211856842, -18.0692539215, 61.7400779724, 157.564376831, 67.9727859497], [21.5219898224, -14.2414731979, -27.6431503296, -32.0387611389, -8.95714187622, -26.5890617371, -16.256942749, -0.0629708170891, -1.46252274513, -7.51807260513, -3.83652997017, 67.9727859497, 122.452384949]],
        "icov": [[0.000269232084975, 0.000144701058161, 2.56573130173e-005, -8.74725519679e-005, -0.000196008870262, -0.000107423962618, 0.000108434905997, 0.000362580933142, 0.000129020758322, -0.000185308104847, 0.000260457687546, -3.12845736516e-006, -7.06054561306e-005], [0.000144701058161, 0.000597047794145, -2.42673231696e-005, -0.000412014167523, -0.000159427290782, -0.000404879829148, 0.000252611760516, 0.000271283002803, 0.000251368823228, 5.62671993976e-005, 0.00024458693224, -9.64937280514e-005, -6.74899638398e-005], [2.56573130173e-005, -2.42673231696e-005, 0.00112146150786, -0.000181000141311, -0.000850342679769, 0.000358199817128, -0.000778927933425, 0.000230462581385, -2.17246997636e-005, 0.000361080048606, -0.000407326122513, -0.000152572189108, 0.000204601004953], [-8.74725519679e-005, -0.000412014167523, -0.000181000141311, 0.00176551309414, 8.59886422404e-005, -0.00104787526652, 0.000834874343127, -0.000899854931049, 0.000316364283208, -0.000305351015413, -6.51571463095e-005, 0.00014573399676, 0.000179755414138], [-0.000196008870262, -0.000159427290782, -0.000850342679769, 8.59886422404e-005, 0.0034746453166, 0.000149877349031, -0.000116502698802, 0.000382475060178, -0.00223040697165, 0.000808699347544, -6.84436890879e-005, -2.81667621493e-006, 0.000140312869917], [-0.000107423962618, -0.000404879829148, 0.000358199817128, -0.00104787526652, 0.000149877349031, 0.00539110507816, -0.00202256208286, -0.00195505097508, 0.00103997148108, -0.00112460751552, 0.000305412628222, -0.000850986689329, 0.00111586158164], [0.000108434905997, 0.000252611760516, -0.000778927933425, 0.000834874343127, -0.000116502698802, -0.00202256208286, 0.00505177909508, -0.00212302524596, 0.000683258869685, 0.00136285298504, -0.00128234107979, 0.000497833010741, 5.01243994222e-005], [0.000362580933142, 0.000271283002803, 0.000230462581385, -0.000899854931049, 0.000382475060178, -0.00195505097508, -0.00212302524596, 0.00865817908198, -0.00365256867371, 0.000503298826516, 0.00040798788541, -0.000806550553534, -0.000441760901595], [0.000129020758322, 0.000251368823228, -2.17246997636e-005, 0.000316364283208, -0.00223040697165, 0.00103997148108, 0.000683258869685, -0.00365256867371, 0.0111624933779, -0.00657628243789, 0.00210249237716, 0.000329839938786, -0.000151728236233], [-0.000185308104847, 5.62671993976e-005, 0.000361080048606, -0.000305351015413, 0.000808699347544, -0.00112460751552, 0.00136285298504, 0.000503298826516, -0.00657628243789, 0.0139396376908, -0.00712319463491, 0.00361621845514, -0.0014163448941], [0.000260457687546, 0.00024458693224, -0.000407326122513, -6.51571463095e-005, -6.84436890879e-005, 0.000305412628222, -0.00128234107979, 0.00040798788541, 0.00210249237716, -0.00712319463491, 0.0147061273456, -0.00759658124298, 0.00403030309826], [-3.12845736516e-006, -9.64937280514e-005, -0.000152572189108, 0.00014573399676, -2.81667621493e-006, -0.000850986689329, 0.000497833010741, -0.000806550553534, 0.000329839938786, 0.00361621845514, -0.00759658124298, 0.0132684893906, -0.00750362128019], [-7.06054561306e-005, -6.74899638398e-005, 0.000204601004953, 0.000179755414138, 0.000140312869917, 0.00111586158164, 5.01243994222e-005, -0.000441760901595, -0.000151728236233, -0.0014163448941, 0.00403030309826, -0.00750362128019, 0.0127259362489]]
    },
    "spectral_contrast_coeffs": {
        "mean": [-0.729002594948, -0.776147007942, -0.764948248863, -0.737374544144, -0.757574439049, -0.739765524864],
        "var": [0.00882713776082, 0.00413123518229, 0.00422323076054, 0.00322142639197, 0.00275177787989, 0.00259452383034]
    },
    "spectral_contrast_valleys": {
        "mean": [-7.46823549271, -7.23812484741, -7.37682151794, -7.80630540848, -8.21577739716, -10.8544559479],
        "var": [2.04604411125, 1.29388594627, 1.01196372509, 1.39539778233, 1.31665122509, 2.15854454041]
    }
},
"metadata": {
    "audio_properties": {
        "analysis_sample_rate": 44100,
        "bit_rate": 128074,
        "equal_loudness": 0,
        "length": 45.0612258911,
        "lossless": 0,
        "replay_gain": -5.87599754333,
        "sample_rate": 44100,
        "codec": "mp3",
        "downmix": "mix",
        "md5_encoded": "ddde2a7741917284ff91b189f9532f65"
    },
    "tags": {
        "file_name": "1319.mp3"
    },
    "version": {
        "essentia": "2.1-beta2",
        "essentia_git_sha": "v2.1_beta2",
        "extractor": "music 1.0"
    }
},
"rhythm": {
    "beats_count": 96,
    "beats_loudness": {
        "mean": 0.0404675118625,
        "var": 0.000861350970808
    },
    "bpm": 129.637374878,
    "bpm_histogram_first_peak_bpm": {
        "mean": 129,
        "var": 0
    },
    "bpm_histogram_first_peak_spread": {
        "mean": 0.247058823705,
        "var": 0
    },
    "bpm_histogram_first_peak_weight": {
        "mean": 0.673684239388,
        "var": 0
    },
    "bpm_histogram_second_peak_bpm": {
        "mean": 117,
        "var": 0
    },
    "bpm_histogram_second_peak_spread": {
        "mean": 0.428571432829,
        "var": 0
    },
    "bpm_histogram_second_peak_weight": {
        "mean": 0.0421052649617,
        "var": 0
    },
    "danceability": 1.68457245827,
    "onset_rate": 5.19059419632,
    "beats_loudness_band_ratio": {
        "mean": [0.402893543243, 0.0798344314098, 0.0462518781424, 0.0997009947896, 0.13174264133, 0.267425268888],
        "var": [0.076216198504, 0.00950072333217, 0.00215958175249, 0.00740851694718, 0.0262472704053, 0.079613186419]
    },
    "beats_position": [0.487619042397, 0.99845802784, 1.50929701328, 2.02013611794, 2.50775504112, 2.97215414047, 3.43655323982, 3.90095233917, 4.3653512001, 4.82975053787, 5.2941493988, 5.74693870544, 6.19972801208, 6.66412687302, 7.12852573395, 7.59292507172, 8.05732440948, 8.52172279358, 8.98612213135, 9.43891143799, 9.89170074463, 10.3560991287, 10.8204984665, 11.2848978043, 11.749297142, 12.2136955261, 12.6780948639, 13.1308841705, 13.5952835083, 14.0480718613, 14.512471199, 14.9768705368, 15.4412698746, 15.9056682587, 16.3700675964, 16.8228569031, 17.2756462097, 17.7400455475, 18.2044448853, 18.6688423157, 19.1332416534, 19.5976409912, 20.062040329, 20.5148296356, 20.9676189423, 21.43201828, 21.8964176178, 22.3608150482, 22.825214386, 23.2896137238, 23.7540130615, 24.2184123993, 24.6944217682, 25.1820411682, 25.681268692, 26.1921081543, 26.7145576477, 27.1905670166, 27.6549663544, 28.1193637848, 28.5837631226, 29.0481624603, 29.5125617981, 29.9769611359, 30.4297504425, 30.8825397491, 31.3469390869, 31.8113365173, 32.2757377625, 32.7401351929, 33.204536438, 33.6689338684, 34.121723175, 34.5745124817, 35.0389099121, 35.5033111572, 35.9677085876, 36.4321098328, 36.8965072632, 37.3609046936, 37.8136940002, 38.2664833069, 38.730884552, 39.1952819824, 39.6596832275, 40.124080658, 40.5884780884, 41.0528793335, 41.5172767639, 42.0165061951, 42.4809074402, 42.9569168091, 43.432926178, 43.9205436707, 44.3965530396, 44.86095047]
},
"tonal": {
    "chords_changes_rate": 0.0751028805971,
    "chords_number_rate": 0.00925925932825,
    "chords_strength": {
        "mean": 0.439708173275,
        "var": 0.00699239829555
    },
    "hpcp_entropy": {
        "mean": 2.29713916779,
        "var": 0.616106450558
    },
    "key_strength": 0.572322905064,
    "tuning_diatonic_strength": 0.447473675013,
    "tuning_equal_tempered_deviation": 0.239293038845,
    "tuning_frequency": 434.193115234,
    "tuning_nontempered_energy_ratio": 0.918435454369,
    "hpcp": {
        "mean": [0.189879029989, 0.228437811136, 0.155732616782, 0.121248222888, 0.110336408019, 0.103078000247, 0.164404347539, 0.190529748797, 0.144645780325, 0.179999351501, 0.20334418118, 0.145995497704, 0.151276022196, 0.179281562567, 0.175602197647, 0.251263082027, 0.301197975874, 0.237215265632, 0.171950399876, 0.14561073482, 0.165682211518, 0.267551839352, 0.294836997986, 0.280840039253, 0.346358120441, 0.24423314631, 0.0979011207819, 0.0868926569819, 0.0804690718651, 0.0784669443965, 0.163741067052, 0.201059505343, 0.126939862967, 0.0872792154551, 0.0868273451924, 0.102141872048],
        "var": [0.0554050542414, 0.0779291465878, 0.0405786298215, 0.0471852049232, 0.0358402691782, 0.0248894039541, 0.0498315319419, 0.063074439764, 0.0363977923989, 0.0524725355208, 0.0715293735266, 0.0406156629324, 0.0523716360331, 0.0631926804781, 0.0632137432694, 0.0791749209166, 0.105870805681, 0.0796410739422, 0.062690705061, 0.0511822253466, 0.0652498751879, 0.0863023027778, 0.104567930102, 0.0566017590463, 0.130634233356, 0.0618346631527, 0.0211668126285, 0.0211221687496, 0.0181107986718, 0.0165026858449, 0.0500193350017, 0.0775495618582, 0.0307145994157, 0.0250925961882, 0.0243578404188, 0.0297029875219]
    },
    "chords_histogram": [33.0246925354, 4.11522626877, 18.0041160583, 16.872428894, 6.58436203003, 9.25925922394, 1.13168728352, 0, 0, 8.23045253754, 0, 0, 0, 0, 0, 0, 0, 0, 0, 0, 0, 0, 0.617283940315, 2.16049385071],
    "thpcp": [1, 0.705146312714, 0.282658666372, 0.250875174999, 0.23232910037, 0.226548597217, 0.472750753164, 0.580496013165, 0.366498887539, 0.25199124217, 0.250686615705, 0.29490250349, 0.548215925694, 0.659542262554, 0.449628889561, 0.350066065788, 0.318561643362, 0.297605276108, 0.474665790796, 0.550094664097, 0.417619138956, 0.519691467285, 0.587092280388, 0.421516031027, 0.436761885881, 0.517619073391, 0.506996035576, 0.725443005562, 0.869614303112, 0.684884369373, 0.496452629566, 0.42040514946, 0.478355199099, 0.772471666336, 0.851248979568, 0.81083714962],
    "chords_key": "D",
    "chords_scale": "minor",
    "key_key": "D",
    "key_scale": "minor"
}
}