{
"lowlevel": {
    "average_loudness": 0.960357010365,
    "barkbands_crest": {
        "mean": 11.6108512878,
        "var": 16.0040988922
    },
    "barkbands_flatness_db": {
        "mean": 0.10047274828,
        "var": 0.00088094669627
    },
    "barkbands_kurtosis": {
        "mean": 7.82597208023,
        "var": 40.5793876648
    },
    "barkbands_skewness": {
        "mean": 2.56360507011,
        "var": 0.802344202995
    },
    "barkbands_spread": {
        "mean": 25.3331375122,
        "var": 146.069396973
    },
    "dissonance": {
        "mean": 0.480919152498,
        "var": 0.000165591060068
    },
    "dynamic_complexity": 1.14116871357,
    "erbbands_crest": {
        "mean": 6.18141222,
        "var": 6.12348937988
    },
    "erbbands_flatness_db": {
        "mean": 0.075802564621,
        "var": 0.000171234409208
    },
    "erbbands_kurtosis": {
        "mean": -0.401649445295,
        "var": 0.182732015848
    },
    "erbbands_skewness": {
        "mean": 0.364842921495,
        "var": 0.268436402082
    },
    "erbbands_spread": {
        "mean": 61.3250007629,
        "var": 78.4954299927
    },
    "hfc": {
        "mean": 29.3801689148,
        "var": 194.628311157
    },
    "melbands_crest": {
        "mean": 15.2658576965,
        "var": 16.8775444031
    },
    "melbands_flatness_db": {
        "mean": 0.198393821716,
        "var": 0.00155418587383
    },
    "melbands_kurtosis": {
        "mean": 27.6941375732,
        "var": 242.556182861
    },
    "melbands_skewness": {
        "mean": 4.25342941284,
        "var": 1.157289505
    },
    "melbands_spread": {
        "mean": 14.2354660034,
        "var": 71.0936279297
    },
    "pitch_salience": {
        "mean": 0.585340082645,
        "var": 0.0120846768841
    },
    "silence_rate_20dB": {
        "mean": 1,
        "var": 0
    },
    "silence_rate_30dB": {
        "mean": 0.996395468712,
        "var": 0.00359144201502
    },
    "silence_rate_60dB": {
        "mean": 0.00154479919001,
        "var": 0.00154241069686
    },
    "spectral_centroid": {
        "mean": 1170.01855469,
        "var": 266912.40625
    },
    "spectral_complexity": {
        "mean": 24.4562301636,
        "var": 96.5448760986
    },
    "spectral_decrease": {
        "mean": -1.17493046403e-008,
        "var": 2.34193939286e-017
    },
    "spectral_energy": {
        "mean": 0.0470095686615,
        "var": 0.000350305082975
    },
    "spectral_energyband_high": {
        "mean": 0.00174147437792,
        "var": 1.3390949789e-006
    },
    "spectral_energyband_low": {
        "mean": 0.0251119080931,
        "var": 0.000298675324302
    },
    "spectral_energyband_middle_high": {
        "mean": 0.00391792086884,
        "var": 6.41651877231e-006
    },
    "spectral_energyband_middle_low": {
        "mean": 0.0191473811865,
        "var": 0.000123439691379
    },
    "spectral_entropy": {
        "mean": 7.92268753052,
        "var": 0.0392736159265
    },
    "spectral_flux": {
        "mean": 0.118355579674,
        "var": 0.00189217214938
    },
    "spectral_kurtosis": {
        "mean": 3.11885070801,
        "var": 0.445352047682
    },
    "spectral_rms": {
        "mean": 0.00663933111355,
        "var": 1.78220818725e-006
    },
    "spectral_rolloff": {
        "mean": 878.803039551,
        "var": 841707.5625
    },
    "spectral_skewness": {
        "mean": 1.57192778587,
        "var": 0.02118774876
    },
    "spectral_spread": {
        "mean": 6957902.5,
        "var": 1.82730935501e+012
    },
    "spectral_strongpeak": {
        "mean": 0.48350661993,
        "var": 0.0794562324882
    },
    "zerocrossingrate": {
        "mean": 0.0638758391142,
        "var": 0.000775783904828
    },
    "barkbands": {
        "mean": [0.000674597220495, 0.0163070950657, 0.00532459979877, 0.00518744112924, 0.00789182353765, 0.00310736848041, 0.00123785203323, 0.000800322799478, 0.000710341555532, 0.000625025772024, 0.00042622158071, 0.000495221407618, 0.000295664503938, 0.00031629379373, 0.000299126812024, 0.000426931132097, 0.000334255339112, 0.000326006935211, 0.000318396196235, 0.000340673635947, 0.000281414773781, 0.000210217796848, 0.000169095306774, 0.000202314884518, 0.000281680520857, 0.000368316919776, 5.12605802214e-005],
        "var": [1.10510245577e-006, 0.000232487756875, 4.26452425017e-005, 4.3632768211e-005, 4.30720392615e-005, 8.76575450093e-006, 1.08657570763e-006, 8.10768767678e-007, 3.88344659541e-007, 1.80891930768e-007, 2.00602514155e-007, 3.14401603418e-007, 4.34457234633e-008, 1.15780359522e-007, 8.64600337991e-008, 2.48430893635e-007, 1.69450785847e-007, 1.28260595034e-007, 1.19594631087e-007, 2.1337383771e-007, 1.11052372631e-007, 4.70446472889e-008, 1.68136153889e-008, 2.56885925864e-008, 3.24497122506e-008, 4.83829651898e-008, 2.21755680485e-009]
    },
    "erbbands": {
        "mean": [0.399853140116, 3.90481805801, 6.19174623489, 13.9321966171, 23.2317886353, 23.8098373413, 26.7951412201, 23.9421386719, 19.8116016388, 16.0767936707, 18.2761249542, 16.3259563446, 19.9125118256, 17.0573406219, 19.3551578522, 18.5631351471, 14.9559955597, 15.5405988693, 15.5561790466, 18.0641040802, 23.7147789001, 18.8004875183, 18.5286426544, 19.0447101593, 14.4103355408, 16.1495685577, 12.8550424576, 9.72475719452, 7.52917003632, 6.64968538284, 4.56807327271, 4.08166456223, 3.32909202576, 2.92041373253, 2.19202327728, 1.44023883343, 0.691923201084, 0.176127806306, 0.00449937442318, 0.000160774783581],
        "var": [0.161030486226, 13.09516716, 41.1936912537, 245.535888672, 501.986999512, 615.054321289, 727.721252441, 545.198852539, 346.997619629, 252.96257019, 395.815917969, 208.671875, 200.927490234, 179.542877197, 406.468078613, 396.354675293, 102.129005432, 302.250732422, 215.936523438, 294.08291626, 812.916503906, 443.302978516, 398.747375488, 548.623168945, 198.230895996, 519.82989502, 257.851409912, 129.801315308, 52.6145477295, 54.0495109558, 11.6756620407, 13.4152431488, 6.15207862854, 4.12537765503, 2.13207054138, 0.986681818962, 0.178819715977, 0.0137945013121, 1.0428359019e-005, 4.78523931591e-009]
    },
    "gfcc": {
        "mean": [74.6207733154, 61.7480278015, -70.1428604126, 29.6465377808, -46.0075302124, 14.9901828766, -39.1935386658, 13.5991601944, -31.7153377533, 8.95678043365, -23.6849555969, 9.62854099274, -15.2390680313],
        "cov": [[1561.40917969, -87.755607605, -181.492797852, 43.4251213074, -33.2702560425, -16.0671348572, -6.27820825577, 39.9580154419, -58.9968757629, 69.5927886963, -33.1679534912, 17.8055076599, -9.72697162628], [-87.755607605, 208.86416626, 33.2316017151, -17.6197414398, -48.3954772949, -9.74191379547, -0.988647162914, -22.594045639, -3.60768008232, -16.0298309326, -8.71200275421, -32.4216690063, -6.0300078392], [-181.492797852, 33.2316017151, 211.767333984, -0.292306423187, 31.4192047119, 41.7636642456, 23.6432552338, 14.2673025131, 54.0084571838, 4.49136829376, 33.417098999, 11.4689893723, 16.3565654755], [43.4251213074, -17.6197414398, -0.292306423187, 63.8334388733, 37.9916419983, 10.5864906311, 12.9640350342, 15.6041259766, 1.37818658352, 11.3470659256, -4.0565738678, -1.48541617393, 5.81016206741], [-33.2702560425, -48.3954772949, 31.4192047119, 37.9916419983, 87.8952484131, 35.7967796326, 10.2063446045, 23.4419002533, 25.2085075378, 3.57780909538, 8.11651706696, 13.5765447617, 0.84568554163], [-16.0671348572, -9.74191379547, 41.7636642456, 10.5864906311, 35.7967796326, 63.2329444885, 24.5336265564, 14.4317646027, 26.0813751221, 4.08079528809, 13.7113924026, 13.2815055847, 1.39838087559], [-6.27820825577, -0.988647162914, 23.6432552338, 12.9640350342, 10.2063446045, 24.5336265564, 53.5060882568, 22.854183197, 5.77982997894, 23.5060310364, 10.7680644989, 2.07354831696, 6.08291816711], [39.9580154419, -22.594045639, 14.2673025131, 15.6041259766, 23.4419002533, 14.4317646027, 22.854183197, 46.4192695618, 21.3993186951, 20.1371841431, 18.4912986755, 7.60151147842, 1.0780544281], [-58.9968757629, -3.60768008232, 54.0084571838, 1.37818658352, 25.2085075378, 26.0813751221, 5.77982997894, 21.3993186951, 56.7837638855, 16.6798381805, 16.6469020844, 19.8691978455, 6.03220415115], [69.5927886963, -16.0298309326, 4.49136829376, 11.3470659256, 3.57780909538, 4.08079528809, 23.5060310364, 20.1371841431, 16.6798381805, 55.6897010803, 19.3439655304, 11.7207365036, 10.6776504517], [-33.1679534912, -8.71200275421, 33.417098999, -4.0565738678, 8.11651706696, 13.7113924026, 10.7680644989, 18.4912986755, 16.6469020844, 19.3439655304, 54.5707168579, 23.851234436, 4.88908004761], [17.8055076599, -32.4216690063, 11.4689893723, -1.48541617393, 13.5765447617, 13.2815055847, 2.07354831696, 7.60151147842, 19.8691978455, 11.7207365036, 23.851234436, 51.9261741638, 21.8128013611], [-9.72697162628, -6.0300078392, 16.3565654755, 5.81016206741, 0.84568554163, 1.39838087559, 6.08291816711, 1.0780544281, 6.03220415115, 10.6776504517, 4.88908004761, 21.8128013611, 38.463432312]],
        "icov": [[0.00101592217106, -1.58667662618e-005, 1.90484734048e-005, -0.000554263184313, 0.00108328019269, -0.00154328567442, 0.00214130361564, -0.00250545633025, 0.00266378000379, -0.00242981873453, 0.00196552299894, -0.00183987419587, 0.0011442580726], [-1.58667662618e-005, 0.00696670124307, -0.000811425736174, -0.0014046728611, 0.00439364556223, 3.86874562537e-005, -0.00189803878311, 0.00333710573614, -0.00366184511222, 0.00254683475941, -0.0018027665792, 0.00498836813495, -0.000978459022008], [1.90484734048e-005, -0.000811425736174, 0.00882099755108, 0.000648500456009, -0.00211271573789, -0.000110992288683, -0.00465220352635, 0.00418375385925, -0.0093234051019, 0.004321932327, -0.00619044806808, 0.00537318084389, -0.00530041335151], [-0.000554263184313, -0.0014046728611, 0.000648500456009, 0.0268390979618, -0.0141225233674, 0.000885785091668, -0.00144902954344, -0.00411941111088, 0.00520027708262, -0.00468575814739, 0.0033738266211, 0.00428919587284, -0.00644349539652], [0.00108328019269, 0.00439364556223, -0.00211271573789, -0.0141225233674, 0.0274494625628, -0.0106456251815, 0.00581332389265, -0.00728389015421, -0.00173493637703, 0.00162025855388, 0.00290986313485, -0.00430622370914, 0.00495728850365], [-0.00154328567442, 3.86874562537e-005, -0.000110992288683, 0.000885785091668, -0.0106456251815, 0.034459464252, -0.0211664866656, 0.0112778926268, -0.0162543319166, 0.0116959353909, -0.00671409629285, -0.000370927271433, 0.00190786307212], [0.00214130361564, -0.00189803878311, -0.00465220352635, -0.00144902954344, 0.00581332389265, -0.0211664866656, 0.0452557019889, -0.0240613631904, 0.0228533186018, -0.0211152620614, 0.0095016984269, -0.0035290599335, -0.00032858987106], [-0.00250545633025, 0.00333710573614, 0.00418375385925, -0.00411941111088, -0.00728389015421, 0.0112778926268, -0.0240613631904, 0.0513889677823, -0.0259702075273, 0.00768468342721, -0.0179237965494, 0.0113765336573, -0.00138606433757], [0.00266378000379, -0.00366184511222, -0.0093234051019, 0.00520027708262, -0.00173493637703, -0.0162543319166, 0.0228533186018, -0.0259702075273, 0.0523771718144, -0.0221063885838, 0.0151038775221, -0.0186814349145, 0.0076186186634], [-0.00242981873453, 0.00254683475941, 0.004321932327, -0.00468575814739, 0.00162025855388, 0.0116959353909, -0.0211152620614, 0.00768468342721, -0.0221063885838, 0.0395658425987, -0.0157026667148, 0.00806555338204, -0.00877697765827], [0.00196552299894, -0.0018027665792, -0.00619044806808, 0.0033738266211, 0.00290986313485, -0.00671409629285, 0.0095016984269, -0.0179237965494, 0.0151038775221, -0.0157026667148, 0.0380670055747, -0.0213920921087, 0.0108003737405], [-0.00183987419587, 0.00498836813495, 0.00537318084389, 0.00428919587284, -0.00430622370914, -0.000370927271433, -0.0035290599335, 0.0113765336573, -0.0186814349145, 0.00806555338204, -0.0213920921087, 0.0476653464139, -0.0258900281042], [0.0011442580726, -0.000978459022008, -0.00530041335151, -0.00644349539652, 0.00495728850365, 0.00190786307212, -0.00032858987106, -0.00138606433757, 0.0076186186634, -0.00877697765827, 0.0108003737405, -0.0258900281042, 0.0438257232308]]
    },
    "melbands": {
        "mean": [0.00432731024921, 0.00406647473574, 0.00265264464542, 0.00173591263592, 0.000981360906735, 0.000556564191356, 0.000286941882223, 0.000171627252712, 0.000144258956425, 0.000101690318843, 9.95342124952e-005, 6.98061485309e-005, 6.2640858232e-005, 5.62026543776e-005, 4.16708753619e-005, 2.79174673778e-005, 2.98073737213e-005, 2.4862234568e-005, 2.24689883908e-005, 2.79462201433e-005, 2.6155861633e-005, 1.82188778126e-005, 1.96576274902e-005, 1.49462321133e-005, 1.56992209668e-005, 1.08501426439e-005, 1.05475437522e-005, 1.07257255877e-005, 8.73726003192e-006, 6.22056904831e-006, 5.41101053386e-006, 4.306482424e-006, 3.92511992686e-006, 3.55268639396e-006, 2.62171988652e-006, 2.5077790724e-006, 2.44520401793e-006, 2.25115263675e-006, 2.44714624387e-006, 2.43135400524e-006],
        "var": [1.67364851222e-005, 1.11744875539e-005, 6.93176889399e-006, 2.39376959144e-006, 9.23226821214e-007, 2.77176781083e-007, 7.00416293853e-008, 2.99447258101e-008, 2.4533921561e-008, 8.0597901686e-009, 4.99410157673e-009, 2.94249624666e-009, 3.97367694305e-009, 4.47335013476e-009, 2.09034767273e-009, 3.57100848891e-010, 1.45333367563e-009, 5.67126290374e-010, 4.5580908492e-010, 1.11603570829e-009, 1.11083464649e-009, 4.47757247946e-010, 6.24580942521e-010, 2.70989730655e-010, 4.28947932729e-010, 1.23455745626e-010, 1.75271852587e-010, 2.79193640429e-010, 1.52957396748e-010, 6.67510560715e-011, 4.82107340161e-011, 1.9602887022e-011, 1.99299934195e-011, 1.32730857555e-011, 3.85196388675e-012, 4.72462303655e-012, 5.29072185368e-012, 3.18311956654e-012, 3.41443930421e-012, 3.18753638935e-012]
    },
    "mfcc": {
        "mean": [-587.732727051, 109.089500427, 27.2762241364, 26.0812911987, 14.0345821381, 6.85737037659, 5.44284391403, 3.62690854073, 2.06797242165, -1.03188335896, -1.8084821701, -2.44763970375, -0.749996900558],
        "cov": [[990.343017578, -75.3589630127, -180.438690186, 49.5052261353, -73.3457870483, -18.9673786163, 19.3699645996, -46.6581726074, 21.9146747589, -28.060880661, 12.5100059509, -3.49383544922, 48.7067604065], [-75.3589630127, 167.998168945, 69.9859313965, -13.8589754105, -23.0749282837, -5.57507610321, -12.7145767212, -8.01445007324, -7.51288843155, 7.96403360367, -1.9851167202, -9.32572841644, -21.2471942902], [-180.438690186, 69.9859313965, 172.264373779, -20.43699646, 22.3449935913, 11.3037643433, 2.14913439751, 16.3858985901, 2.37735295296, 29.4694194794, 5.37434387207, 12.641866684, -14.2736845016], [49.5052261353, -13.8589754105, -20.43699646, 63.7128410339, 6.95785808563, 1.9490967989, 12.6987810135, -9.5675535202, 16.7795639038, 3.62106752396, 7.19673061371, -3.31271481514, -0.988065481186], [-73.3457870483, -23.0749282837, 22.3449935913, 6.95785808563, 90.1657562256, 19.8973846436, -1.29152071476, 32.9739112854, 3.55643963814, 13.1033916473, 6.68879079819, 13.5948829651, -0.0263834800571], [-18.9673786163, -5.57507610321, 11.3037643433, 1.9490967989, 19.8973846436, 52.2328948975, 6.71020746231, 16.6031951904, 14.068980217, 5.23881244659, 0.151047676802, 1.66888272762, 12.7454786301], [19.3699645996, -12.7145767212, 2.14913439751, 12.6987810135, -1.29152071476, 6.71020746231, 54.6990089417, 8.13862419128, 5.91057395935, 10.8303289413, 14.9937925339, 3.90142011642, -0.544374287128], [-46.6581726074, -8.01445007324, 16.3858985901, -9.5675535202, 32.9739112854, 16.6031951904, 8.13862419128, 47.0539627075, 7.10530948639, 3.60808897018, 3.6581890583, 10.4740085602, 6.74572086334], [21.9146747589, -7.51288843155, 2.37735295296, 16.7795639038, 3.55643963814, 14.068980217, 5.91057395935, 7.10530948639, 40.8679695129, 15.5362529755, 6.88279628754, -0.679433465004, 8.93670749664], [-28.060880661, 7.96403360367, 29.4694194794, 3.62106752396, 13.1033916473, 5.23881244659, 10.8303289413, 3.60808897018, 15.5362529755, 36.5491676331, 16.0187778473, 8.00138664246, -2.37554454803], [12.5100059509, -1.9851167202, 5.37434387207, 7.19673061371, 6.68879079819, 0.151047676802, 14.9937925339, 3.6581890583, 6.88279628754, 16.0187778473, 41.2367210388, 14.3261518478, 6.09150743484], [-3.49383544922, -9.32572841644, 12.641866684, -3.31271481514, 13.5948829651, 1.66888272762, 3.90142011642, 10.4740085602, -0.679433465004, 8.00138664246, 14.3261518478, 44.9907569885, 15.2948713303], [48.7067604065, -21.2471942902, -14.2736845016, -0.988065481186, -0.0263834800571, 12.7454786301, -0.544374287128, 6.74572086334, 8.93670749664, -2.37554454803, 6.09150743484, 15.2948713303, 59.5559387207]],
        "icov": [[0.00140945345629, 2.85332826024e-005, 0.00114893470891, -0.000354014366167, 0.000555858190637, 0.000240117471549, -0.000502236653119, 0.000834857288282, -0.000868017785251, 0.000557485676836, -0.000350758928107, -0.000304514251184, -0.00075675197877], [2.85332826024e-005, 0.00852658413351, -0.00361247523688, -0.000624414009508, 0.00362661317922, -0.000602474436164, 0.00284256297164, -0.000947340682615, 0.00206761178561, -0.00144732953049, -0.00118901650421, 0.00172259716783, 0.00171751982998], [0.00114893470891, -0.00361247523688, 0.0101769007742, 0.00200564903207, -0.00118312216364, -0.000990160973743, -0.000988061074167, -0.000446212303359, -0.000316039833706, -0.00571880303323, 0.00141954433639, -0.00250416039489, 0.000814049213659], [-0.000354014366167, -0.000624414009508, 0.00200564903207, 0.0233725197613, -0.00717813242227, 0.00104811287019, -0.00661023473367, 0.0107429688796, -0.012403536588, 0.00548906764016, -0.00199894001707, 0.00010161697719, 0.00168900832068], [0.000555858190637, 0.00362661317922, -0.00118312216364, -0.00717813242227, 0.0210273526609, -0.0048702112399, 0.00685242610052, -0.0144629469141, 0.00761690177023, -0.00846855062991, -0.000928692112211, -0.00164102693088, 0.0022246572189], [0.000240117471549, -0.000602474436164, -0.000990160973743, 0.00104811287019, -0.0048702112399, 0.0259368829429, -0.00371711701155, -0.00330817117356, -0.00788303092122, 0.00169944274239, 0.00281761167571, 0.00240167067386, -0.00549767445773], [-0.000502236653119, 0.00284256297164, -0.000988061074167, -0.00661023473367, 0.00685242610052, -0.00371711701155, 0.025352967903, -0.00923857931048, 0.0057269865647, -0.00769608095288, -0.00663150148466, 0.00111847789958, 0.00237977737561], [0.000834857288282, -0.000947340682615, -0.000446212303359, 0.0107429688796, -0.0144629469141, -0.00330817117356, -0.00923857931048, 0.0393855161965, -0.0119558181614, 0.0107821896672, -0.000273024605121, -0.00464265374467, -0.00134906801395], [-0.000868017785251, 0.00206761178561, -0.000316039833706, -0.012403536588, 0.00761690177023, -0.00788303092122, 0.0057269865647, -0.0119558181614, 0.0430412329733, -0.0217274241149, 0.000256939762039, 0.00580314453691, -0.00457888748497], [0.000557485676836, -0.00144732953049, -0.00571880303323, 0.00548906764016, -0.00846855062991, 0.00169944274239, -0.00769608095288, 0.0107821896672, -0.0217274241149, 0.0523265264928, -0.0129835782573, -0.00441787997261, 0.00389918149449], [-0.000350758928107, -0.00118901650421, 0.00141954433639, -0.00199894001707, -0.000928692112211, 0.00281761167571, -0.00663150148466, -0.000273024605121, 0.000256939762039, -0.0129835782573, 0.035208620131, -0.00803382415324, -0.00255781388842], [-0.000304514251184, 0.00172259716783, -0.00250416039489, 0.00010161697719, -0.00164102693088, 0.00240167067386, 0.00111847789958, -0.00464265374467, 0.00580314453691, -0.00441787997261, -0.00803382415324, 0.0307579915971, -0.00783792603761], [-0.00075675197877, 0.00171751982998, 0.000814049213659, 0.00168900832068, 0.0022246572189, -0.00549767445773, 0.00237977737561, -0.00134906801395, -0.00457888748497, 0.00389918149449, -0.00255781388842, -0.00783792603761, 0.0227149259299]]
    },
    "spectral_contrast_coeffs": {
        "mean": [-0.646028399467, -0.765420198441, -0.808821082115, -0.813515365124, -0.80446511507, -0.7865203619],
        "var": [0.00612650997937, 0.00271246023476, 0.00163653516211, 0.000840032997075, 0.000726875441615, 0.000852760102134]
    },
    "spectral_contrast_valleys": {
        "mean": [-6.21269321442, -6.0916891098, -6.74203062057, -7.18868255615, -7.0601439476, -9.08911418915],
        "var": [0.394188433886, 0.426023304462, 0.420124024153, 0.36345410347, 0.419187575579, 0.286760389805]
    }
},
"metadata": {
    "audio_properties": {
        "analysis_sample_rate": 44100,
        "bit_rate": 128074,
        "equal_loudness": 0,
        "length": 45.0612258911,
        "lossless": 0,
        "replay_gain": -6.26620674133,
        "sample_rate": 44100,
        "codec": "mp3",
        "downmix": "mix",
        "md5_encoded": "c8d5d80d5400c2c3a383083ef944fd74"
    },
    "tags": {
        "file_name": "1320.mp3"
    },
    "version": {
        "essentia": "2.1-beta2",
        "essentia_git_sha": "v2.1_beta2",
        "extractor": "music 1.0"
    }
},
"rhythm": {
    "beats_count": 78,
    "beats_loudness": {
        "mean": 0.0553020164371,
        "var": 0.000288615497993
    },
    "bpm": 104.291145325,
    "bpm_histogram_first_peak_bpm": {
        "mean": 103,
        "var": 0
    },
    "bpm_histogram_first_peak_spread": {
        "mean": 0.352941155434,
        "var": 0
    },
    "bpm_histogram_first_peak_weight": {
        "mean": 0.571428596973,
        "var": 0
    },
    "bpm_histogram_second_peak_bpm": {
        "mean": 108,
        "var": 0
    },
    "bpm_histogram_second_peak_spread": {
        "mean": 0.444444417953,
        "var": 0
    },
    "bpm_histogram_second_peak_weight": {
        "mean": 0.0649350658059,
        "var": 0
    },
    "danceability": 1.27477419376,
    "onset_rate": 2.83929944038,
    "beats_loudness_band_ratio": {
        "mean": [0.576128184795, 0.268839895725, 0.077769741416, 0.0483237579465, 0.0495836623013, 0.064332023263],
        "var": [0.0310612767935, 0.0220963098109, 0.00188775011338, 0.000518232642207, 0.000851366203278, 0.00118919985835]
    },
    "beats_position": [0.53405892849, 1.06811785698, 1.60217678547, 2.13623571396, 2.69351458549, 3.23918366432, 3.79646253586, 4.35374164581, 4.92263031006, 5.47990942001, 6.06040811539, 6.62929677963, 7.19818592072, 7.75546455383, 8.33596324921, 8.90485286713, 9.47374153137, 10.0542402267, 10.623128891, 11.1920175552, 11.7609071732, 12.3297958374, 12.8986845016, 13.4675731659, 14.0364627838, 14.6053514481, 15.1858501434, 15.7663488388, 16.3468475342, 16.9157371521, 17.4962348938, 18.0651245117, 18.6456241608, 19.2261219025, 19.8066215515, 20.3871192932, 20.9676189423, 21.548116684, 22.128616333, 22.7091159821, 23.2896137238, 23.8585033417, 24.4273910522, 25.0078907013, 25.5883903503, 26.168888092, 26.7493877411, 27.3298854828, 27.9103851318, 28.4908847809, 29.0713825226, 29.6518821716, 30.2323799133, 30.8012695313, 31.3817672729, 31.9506568909, 32.5311546326, 33.1232643127, 33.7037620544, 34.2726516724, 34.8531494141, 35.422039032, 36.0025405884, 36.5830383301, 37.1635360718, 37.7324256897, 38.3129234314, 38.8934249878, 39.4739227295, 40.0544204712, 40.6349182129, 41.2154197693, 41.795917511, 42.3764152527, 42.9569168091, 43.5374145508, 44.1063041687, 44.6868019104]
},
"tonal": {
    "chords_changes_rate": 0.074074074626,
    "chords_number_rate": 0.00925925932825,
    "chords_strength": {
        "mean": 0.457186609507,
        "var": 0.00890070386231
    },
    "hpcp_entropy": {
        "mean": 2.27505707741,
        "var": 0.69892513752
    },
    "key_strength": 0.612109184265,
    "tuning_diatonic_strength": 0.435626357794,
    "tuning_equal_tempered_deviation": 0.038260679692,
    "tuning_frequency": 438.731048584,
    "tuning_nontempered_energy_ratio": 0.708100914955,
    "hpcp": {
        "mean": [0.0434781685472, 0.04648135975, 0.051243968308, 0.0649239271879, 0.0671098828316, 0.0760336220264, 0.108592554927, 0.135078430176, 0.250592678785, 0.402349561453, 0.349728941917, 0.264697730541, 0.30150526762, 0.227498888969, 0.127125039697, 0.117984302342, 0.102604500949, 0.109523206949, 0.126564666629, 0.101941794157, 0.102378703654, 0.125454321504, 0.103822007775, 0.109163671732, 0.10264877975, 0.0621864721179, 0.0550538040698, 0.0578868836164, 0.0703947171569, 0.155152991414, 0.231047600508, 0.170047402382, 0.122266225517, 0.129932999611, 0.0936091840267, 0.0534288212657],
        "var": [0.0113123562187, 0.0117543218657, 0.0104184700176, 0.018382480368, 0.0191356986761, 0.0143768191338, 0.0349685996771, 0.0556783638895, 0.0872976109385, 0.165836960077, 0.125617370009, 0.0902063474059, 0.124033458531, 0.0851250514388, 0.0495948642492, 0.0434935390949, 0.0395975112915, 0.0473415739834, 0.0546019040048, 0.0367840230465, 0.029805669561, 0.0475732237101, 0.0357324108481, 0.0327211916447, 0.0268203821033, 0.0184411723167, 0.0227664951235, 0.0205131061375, 0.0246684327722, 0.0448412671685, 0.0995920449495, 0.0456047132611, 0.0352306589484, 0.0355245247483, 0.0262150485069, 0.012468748726]
    },
    "chords_histogram": [4.62962961197, 1.64609050751, 27.1604938507, 0.205761313438, 0, 1.85185182095, 0, 0, 0, 26.0288066864, 0, 5.24691343307, 2.46913576126, 0, 0, 0, 18.41563797, 0, 0, 0, 0, 0, 0, 12.3456792831],
    "thpcp": [1, 0.869216680527, 0.657880008221, 0.749361515045, 0.565425992012, 0.315956711769, 0.293238312006, 0.25501331687, 0.272209078074, 0.314563959837, 0.253366231918, 0.254452139139, 0.311804294586, 0.258039325476, 0.271315485239, 0.255123376846, 0.154558315873, 0.13683077693, 0.143872112036, 0.174959093332, 0.385617405176, 0.574245929718, 0.4226359725, 0.303880602121, 0.32293561101, 0.232656359673, 0.132792040706, 0.10806068033, 0.115524820983, 0.127361804247, 0.161361992359, 0.166794970632, 0.188974037766, 0.269896030426, 0.335724055767, 0.622823297977],
    "chords_key": "C",
    "chords_scale": "minor",
    "key_key": "F",
    "key_scale": "minor"
}
}