{
"lowlevel": {
    "average_loudness": 0.924792706966,
    "barkbands_crest": {
        "mean": 10.9626646042,
        "var": 16.7749061584
    },
    "barkbands_flatness_db": {
        "mean": 0.156279459596,
        "var": 0.00432575820014
    },
    "barkbands_kurtosis": {
        "mean": 19.0542793274,
        "var": 572.743713379
    },
    "barkbands_skewness": {
        "mean": 3.23082876205,
        "var": 4.56918048859
    },
    "barkbands_spread": {
        "mean": 23.7646713257,
        "var": 623.696533203
    },
    "dissonance": {
        "mean": 0.471976011992,
        "var": 0.000447717990028
    },
    "dynamic_complexity": 4.37106561661,
    "erbbands_crest": {
        "mean": 8.15226840973,
        "var": 14.7117977142
    },
    "erbbands_flatness_db": {
        "mean": 0.113835252821,
        "var": 0.00160276284441
    },
    "erbbands_kurtosis": {
        "mean": 0.743092119694,
        "var": 10.7068214417
    },
    "erbbands_skewness": {
        "mean": 0.611366808414,
        "var": 1.0832504034
    },
    "erbbands_spread": {
        "mean": 68.381187439,
        "var": 977.695373535
    },
    "hfc": {
        "mean": 18.3493309021,
        "var": 437.631072998
    },
    "melbands_crest": {
        "mean": 17.046913147,
        "var": 30.1021213531
    },
    "melbands_flatness_db": {
        "mean": 0.243238076568,
        "var": 0.00659669889137
    },
    "melbands_kurtosis": {
        "mean": 62.1269645691,
        "var": 4665.79296875
    },
    "melbands_skewness": {
        "mean": 5.5812625885,
        "var": 8.95032024384
    },
    "melbands_spread": {
        "mean": 17.9864292145,
        "var": 890.110046387
    },
    "pitch_salience": {
        "mean": 0.578127324581,
        "var": 0.0151723418385
    },
    "silence_rate_20dB": {
        "mean": 1,
        "var": 0
    },
    "silence_rate_30dB": {
        "mean": 0.977857887745,
        "var": 0.0216521825641
    },
    "silence_rate_60dB": {
        "mean": 0.130792990327,
        "var": 0.113684982061
    },
    "spectral_centroid": {
        "mean": 1064.96447754,
        "var": 789848
    },
    "spectral_complexity": {
        "mean": 10.8923788071,
        "var": 65.007232666
    },
    "spectral_decrease": {
        "mean": -8.48424441813e-009,
        "var": 7.7335590392e-017
    },
    "spectral_energy": {
        "mean": 0.0336857959628,
        "var": 0.00114490638953
    },
    "spectral_energyband_high": {
        "mean": 0.00130565254949,
        "var": 4.25838561569e-006
    },
    "spectral_energyband_low": {
        "mean": 0.0187915563583,
        "var": 0.00065146869747
    },
    "spectral_energyband_middle_high": {
        "mean": 0.0014271113323,
        "var": 3.72917565983e-006
    },
    "spectral_energyband_middle_low": {
        "mean": 0.0179171301425,
        "var": 0.000473858148325
    },
    "spectral_entropy": {
        "mean": 7.68522262573,
        "var": 0.31012108922
    },
    "spectral_flux": {
        "mean": 0.0987211540341,
        "var": 0.00395874073729
    },
    "spectral_kurtosis": {
        "mean": 2.616294384,
        "var": 9.6637096405
    },
    "spectral_rms": {
        "mean": 0.00498599233106,
        "var": 8.00407269708e-006
    },
    "spectral_rolloff": {
        "mean": 1642.21386719,
        "var": 9351672
    },
    "spectral_skewness": {
        "mean": 1.35849714279,
        "var": 0.306596666574
    },
    "spectral_spread": {
        "mean": 6984132.5,
        "var": 5.43669039923e+012
    },
    "spectral_strongpeak": {
        "mean": 0.553171336651,
        "var": 0.398301392794
    },
    "zerocrossingrate": {
        "mean": 0.0739964842796,
        "var": 0.00465413695201
    },
    "barkbands": {
        "mean": [0.000910383299924, 0.00649480381981, 0.0056779240258, 0.00860226806253, 0.00612415606156, 0.00138214719482, 0.000747586018406, 0.000651045527775, 0.000339565303875, 0.000316491437843, 0.000250642216997, 0.000142821212648, 0.000152938562678, 0.00010637572268, 8.70379953994e-005, 7.487921539e-005, 7.06159189576e-005, 7.22104232409e-005, 0.000109916196379, 0.000148511942825, 0.000209332662052, 0.000170406361576, 0.000199735368369, 0.000220107744099, 0.000240455876337, 0.000165998601005, 1.74684519152e-005],
        "var": [5.96884228798e-006, 0.000135765134473, 7.1437068982e-005, 0.000196954162675, 0.000121744495118, 5.47849867871e-006, 1.8015000478e-006, 2.73905584436e-006, 4.95685014812e-007, 5.3126535704e-007, 2.71096837423e-007, 1.04228725206e-007, 1.40481247968e-007, 5.5674036048e-008, 4.33008437994e-008, 3.36142527146e-008, 5.43074811787e-008, 2.79650613777e-008, 5.0424350917e-008, 9.16759148595e-008, 1.31838461925e-007, 1.28498527374e-007, 2.31381207527e-007, 3.06973078068e-007, 4.67051535225e-007, 2.15095866452e-007, 5.30190025216e-009]
    },
    "erbbands": {
        "mean": [0.187917098403, 1.45835232735, 5.57718849182, 22.4074554443, 21.5717658997, 20.1219654083, 14.3315448761, 10.4736223221, 10.4661636353, 14.7838010788, 10.596449852, 8.10606575012, 8.76212978363, 10.2210111618, 10.1051912308, 5.9394493103, 6.91845798492, 6.50435972214, 4.8728427887, 4.75241041183, 3.52649831772, 4.13232660294, 3.67323064804, 4.79044485092, 6.48904323578, 7.09817838669, 7.41106700897, 8.51144886017, 5.99772500992, 6.49069452286, 5.46230602264, 4.41902494431, 3.72894430161, 2.75156283379, 1.6422315836, 0.81164431572, 0.278949022293, 0.0613074414432, 0.0018354721833, 8.34260135889e-005],
        "var": [0.152770623565, 6.57707071304, 67.0492095947, 1355.22192383, 1302.34936523, 1575.12182617, 669.493408203, 364.913574219, 334.345153809, 1016.56921387, 892.256713867, 325.895477295, 362.672302246, 429.695037842, 398.988037109, 169.196502686, 266.729858398, 192.882537842, 126.620544434, 120.335083008, 83.1235809326, 202.510528564, 74.0198440552, 97.9189758301, 167.130386353, 191.808639526, 193.518707275, 203.885345459, 155.850830078, 202.378631592, 194.246185303, 139.964355469, 105.287590027, 76.499961853, 25.4041442871, 6.00390958786, 0.718239545822, 0.0411020219326, 5.65754526178e-005, 2.02847978414e-008]
    },
    "gfcc": {
        "mean": [-21.2491912842, 72.5559234619, -65.61743927, 47.5594711304, -62.5817871094, 21.8736190796, -34.7656021118, 6.91961526871, -30.018781662, 4.58463048935, -20.4497432709, -2.90367102623, -15.5874633789],
        "cov": [[7571.07617188, -881.031677246, -35.0262641907, -456.593811035, -439.659332275, -218.187255859, -265.916442871, -148.734603882, -470.683074951, 94.443901062, -317.16897583, 226.105056763, -136.997573853], [-881.031677246, 2067.17236328, -402.076507568, -14.2509937286, 48.631778717, -18.8552017212, 104.980232239, -252.052154541, 108.290725708, -267.354064941, 158.766677856, -222.437988281, 134.221618652], [-35.0262641907, -402.076507568, 544.067871094, 76.0235977173, -4.9290561676, -44.1843528748, -14.7608480453, 38.0600662231, -68.9164886475, 77.6452331543, -52.9335098267, 37.1292915344, -52.6373443604], [-456.593811035, -14.2509937286, 76.0235977173, 465.069366455, 136.225265503, 36.0439796448, 89.0647125244, 41.7242088318, 61.4584617615, -26.685552597, 48.5581970215, -40.5359077454, 22.9242782593], [-439.659332275, 48.631778717, -4.9290561676, 136.225265503, 215.757095337, 61.7113571167, 51.2383003235, 37.4917564392, 52.0516204834, -0.818927824497, 25.6266994476, -11.3326206207, 13.7862586975], [-218.187255859, -18.8552017212, -44.1843528748, 36.0439796448, 61.7113571167, 166.725952148, 57.2816390991, 38.6458778381, 27.9193115234, -15.6739988327, 20.2990913391, -15.0072851181, 8.63671016693], [-265.916442871, 104.980232239, -14.7608480453, 89.0647125244, 51.2383003235, 57.2816390991, 161.34262085, 35.6046218872, 43.6789665222, -28.649055481, 12.2903356552, -30.7390270233, 2.22866225243], [-148.734603882, -252.052154541, 38.0600662231, 41.7242088318, 37.4917564392, 38.6458778381, 35.6046218872, 165.471588135, 58.6846122742, 54.3908958435, -9.73522281647, 21.2513809204, -17.2932262421], [-470.683074951, 108.290725708, -68.9164886475, 61.4584617615, 52.0516204834, 27.9193115234, 43.6789665222, 58.6846122742, 150.685928345, 21.0467319489, 46.0951576233, -29.9218006134, 15.5620574951], [94.443901062, -267.354064941, 77.6452331543, -26.685552597, -0.818927824497, -15.6739988327, -28.649055481, 54.3908958435, 21.0467319489, 123.602622986, 0.372730761766, 46.3719139099, -22.5524768829], [-317.16897583, 158.766677856, -52.9335098267, 48.5581970215, 25.6266994476, 20.2990913391, 12.2903356552, -9.73522281647, 46.0951576233, 0.372730761766, 87.8746032715, -6.69175815582, 29.3249454498], [226.105056763, -222.437988281, 37.1292915344, -40.5359077454, -11.3326206207, -15.0072851181, -30.7390270233, 21.2513809204, -29.9218006134, 46.3719139099, -6.69175815582, 93.4515075684, 2.09682250023], [-136.997573853, 134.221618652, -52.6373443604, 22.9242782593, 13.7862586975, 8.63671016693, 2.22866225243, -17.2932262421, 15.5620574951, -22.5524768829, 29.3249454498, 2.09682250023, 63.3863983154]],
        "icov": [[0.000214321014937, -2.59835505858e-005, 0.00020935772045, -0.000103176433186, 0.000272487231996, -6.71739326208e-006, 4.52094172942e-005, 0.000109077111119, 0.0004481827782, -0.000321103259921, 0.00060212565586, -0.000345006963471, 0.000207790086279], [-2.59835505858e-005, 0.00140971562359, 0.000130363870994, 0.00075361225754, -0.000553224643227, 0.000948371307459, -0.000730757252313, 0.0011218264699, -0.000651498034131, 0.00167355604935, -0.00186699838378, 0.00214037904516, -0.00133435882162], [0.00020935772045, 0.000130363870994, 0.00284782028757, -0.000862256798428, 0.000240467416006, 0.000521725916769, -0.000233702696278, -3.05514768115e-005, 0.00191278010607, -0.00197422993369, 0.00122491328511, -1.14538295293e-006, 0.000990983098745], [-0.000103176433186, 0.00075361225754, -0.000862256798428, 0.0037552213762, -0.00201420998201, 0.00108217762318, -0.00131852261256, -0.000247171934461, -0.000634677300695, 0.00200274307281, -0.00283619621769, 0.00220083259046, -0.00151566066779], [0.000272487231996, -0.000553224643227, 0.000240467416006, -0.00201420998201, 0.00706477137282, -0.00216463417746, -5.11649377586e-005, -0.000285994785372, -0.000435770722106, -0.00131991133094, 0.00165606185328, -0.00176072760951, 0.000300154468277], [-6.71739326208e-006, 0.000948371307459, 0.000521725916769, 0.00108217762318, -0.00216463417746, 0.00866766553372, -0.00241597578861, -0.00146579241846, 0.000742940988857, 0.00194724218454, -0.00305460975505, 0.00228269118816, -0.00115792278666], [4.52094172942e-005, -0.000730757252313, -0.000233702696278, -0.00131852261256, -5.11649377586e-005, -0.00241597578861, 0.00915001891553, -0.00186042557471, -0.00119854707737, 0.00155120179988, 0.00116273667663, -0.000398962234613, 0.00176035799086], [0.000109077111119, 0.0011218264699, -3.05514768115e-005, -0.000247171934461, -0.000285994785372, -0.00146579241846, -0.00186042557471, 0.0115204099566, -0.00495149660856, -0.00173956435174, 0.00263924477622, -0.00174237624742, 0.000827992858831], [0.0004481827782, -0.000651498034131, 0.00191278010607, -0.000634677300695, -0.000435770722106, 0.000742940988857, -0.00119854707737, -0.00495149660856, 0.0146056106314, -0.00547116901726, -0.00294784200378, 0.00434092432261, -0.00146128295455], [-0.000321103259921, 0.00167355604935, -0.00197422993369, 0.00200274307281, -0.00131991133094, 0.00194724218454, 0.00155120179988, -0.00173956435174, -0.00547116901726, 0.0179015956819, -0.00553124025464, -0.00363257736899, 0.00328272022307], [0.00060212565586, -0.00186699838378, 0.00122491328511, -0.00283619621769, 0.00165606185328, -0.00305460975505, 0.00116273667663, 0.00263924477622, -0.00294784200378, -0.00553124025464, 0.021853255108, -0.00468839379027, -0.00316641503014], [-0.000345006963471, 0.00214037904516, -1.14538295293e-006, 0.00220083259046, -0.00176072760951, 0.00228269118816, -0.000398962234613, -0.00174237624742, 0.00434092432261, -0.00363257736899, -0.00468839379027, 0.0210248716176, -0.00734892953187], [0.000207790086279, -0.00133435882162, 0.000990983098745, -0.00151566066779, 0.000300154468277, -0.00115792278666, 0.00176035799086, 0.000827992858831, -0.00146128295455, 0.00328272022307, -0.00316641503014, -0.00734892953187, 0.0239131916314]]
    },
    "melbands": {
        "mean": [0.00176922103856, 0.00262528192252, 0.0036609317176, 0.00159427104518, 0.000530640187208, 0.000231024780078, 0.000162247466506, 0.00016069629055, 7.89730038377e-005, 4.90929814987e-005, 4.35759866377e-005, 4.20426549681e-005, 3.56156851922e-005, 1.90296977962e-005, 1.35662212415e-005, 1.5375091607e-005, 1.14594731713e-005, 7.70734368416e-006, 6.3347415562e-006, 5.86002079217e-006, 3.75193303626e-006, 4.49528533863e-006, 3.27160114466e-006, 3.41634859069e-006, 3.81983181796e-006, 4.48443643108e-006, 4.89689409733e-006, 4.69698125016e-006, 4.13949555877e-006, 5.48555408386e-006, 4.70118402518e-006, 3.39022312801e-006, 3.10815175908e-006, 3.82777625418e-006, 3.23499193655e-006, 2.71908061222e-006, 2.68681469606e-006, 2.60205251834e-006, 2.51913525062e-006, 2.28001545111e-006],
        "var": [1.1020153579e-005, 1.56906153279e-005, 3.04206932924e-005, 8.53895107866e-006, 9.27254916405e-007, 1.69905192138e-007, 8.01957114049e-008, 1.29774349489e-007, 5.69730289612e-008, 1.14934337603e-008, 9.70751212748e-009, 7.95709720336e-009, 5.06547914725e-009, 1.70486424977e-009, 1.16851239795e-009, 1.36155053898e-009, 6.53804177464e-010, 3.52417289795e-010, 2.14023021528e-010, 2.09036288279e-010, 1.23869428603e-010, 2.77824430128e-010, 8.70986130441e-011, 7.08545791483e-011, 6.61608060004e-011, 9.13436618011e-011, 1.00389752067e-010, 9.06044406168e-011, 7.07786607101e-011, 1.05367561898e-010, 6.36973945811e-011, 5.18166586028e-011, 5.23642795791e-011, 7.65459709506e-011, 7.89883228269e-011, 6.22005849604e-011, 5.37583762228e-011, 5.72120302522e-011, 5.76715064593e-011, 6.5328922827e-011]
    },
    "mfcc": {
        "mean": [-677.46661377, 102.810455322, 47.4383850098, 31.4623298645, 5.27877664566, 14.0449609756, 7.19619750977, 1.94259989262, -0.238445699215, 3.62463974953, -1.93290865421, -1.46594154835, -3.53446364403],
        "cov": [[6821.71435547, -397.488830566, -133.591629028, -270.075378418, -399.659667969, -130.378295898, -137.496002197, -199.160095215, -129.113830566, -326.902984619, -171.369812012, -191.01133728, 50.1230545044], [-397.488830566, 1485.03613281, -181.701538086, -84.1070022583, -78.4714584351, 59.4080276489, -31.1572990417, -3.73810195923, -91.8585281372, -15.5781021118, -79.6668167114, -37.046295166, -31.9456443787], [-133.591629028, -181.701538086, 395.160461426, 87.5555419922, -8.06532382965, -15.4667901993, 19.1978244781, -37.8895606995, -7.28877162933, -7.76732826233, 1.22439050674, -11.9021568298, -2.54876232147], [-270.075378418, -84.1070022583, 87.5555419922, 382.336486816, 81.3236541748, 48.8189086914, 42.9936256409, 40.07579422, 25.3279476166, 30.11444664, 17.0195560455, 18.9789524078, 18.3262004852], [-399.659667969, -78.4714584351, -8.06532382965, 81.3236541748, 195.032806396, 34.1317062378, 26.139421463, 23.2501316071, 24.0488605499, 37.0093536377, 23.1624603271, 25.1754760742, 8.49123668671], [-130.378295898, 59.4080276489, -15.4667901993, 48.8189086914, 34.1317062378, 136.699920654, 52.815612793, 38.3293571472, -3.25031113625, 14.5586194992, -3.84942817688, 0.71156680584, -3.81459736824], [-137.496002197, -31.1572990417, 19.1978244781, 42.9936256409, 26.139421463, 52.815612793, 117.44342804, 56.4078712463, 19.9157409668, 13.0133171082, 2.47160506248, 4.47211551666, -6.48884057999], [-199.160095215, -3.73810195923, -37.8895606995, 40.07579422, 23.2501316071, 38.3293571472, 56.4078712463, 126.23690033, 48.6827316284, 41.4296684265, 8.83629798889, 14.4333124161, -1.05963099003], [-129.113830566, -91.8585281372, -7.28877162933, 25.3279476166, 24.0488605499, -3.25031113625, 19.9157409668, 48.6827316284, 93.8112487793, 52.2809715271, 33.2355041504, 13.8813018799, 9.57191753387], [-326.902984619, -15.5781021118, -7.76732826233, 30.11444664, 37.0093536377, 14.5586194992, 13.0133171082, 41.4296684265, 52.2809715271, 102.866493225, 44.793926239, 31.3831539154, 5.48829841614], [-171.369812012, -79.6668167114, 1.22439050674, 17.0195560455, 23.1624603271, -3.84942817688, 2.47160506248, 8.83629798889, 33.2355041504, 44.793926239, 79.8131637573, 35.195766449, 16.220041275], [-191.01133728, -37.046295166, -11.9021568298, 18.9789524078, 25.1754760742, 0.71156680584, 4.47211551666, 14.4333124161, 13.8813018799, 31.3831539154, 35.195766449, 67.2882080078, 23.0662975311], [50.1230545044, -31.9456443787, -2.54876232147, 18.3262004852, 8.49123668671, -3.81459736824, -6.48884057999, -1.05963099003, 9.57191753387, 5.48829841614, 16.220041275, 23.0662975311, 51.0432739258]],
        "icov": [[0.000219435227336, 0.000110607317765, 0.000155770248966, 1.9632083422e-005, 0.000351710536052, -2.00639969989e-005, 3.38653517247e-005, 0.000139912648592, -3.35677323164e-005, 0.000369089684682, 0.000158017268404, 0.000462621712359, -0.000490984879434], [0.000110607317765, 0.000897568359505, 0.000442038435722, 3.10022951453e-005, 0.00048453520867, -0.000355947209755, 0.000216785061639, -2.02121464099e-005, 0.000862025888637, -0.000506137264892, 0.000728336337488, 0.000416196417063, -0.000142743127071], [0.000155770248966, 0.000442038435722, 0.00323781860061, -0.000836816383526, 0.000735247449484, 0.000476066081319, -0.00112541019917, 0.00156084727496, 0.000363398139598, -0.000333607225912, 0.00021266641852, 0.000975806033239, -0.000152407941641], [1.9632083422e-005, 3.10022951453e-005, -0.000836816383526, 0.0033073045779, -0.0010459991172, -0.00077582069207, -0.000151850850671, -0.000713939720299, -0.000122668599943, -6.48314671707e-005, 6.26201363048e-005, -3.86707652069e-005, -0.00111963809468], [0.000351710536052, 0.00048453520867, 0.000735247449484, -0.0010459991172, 0.00693178968504, -0.00111892714631, -0.000515927094966, 0.00085188425146, -0.000356135366019, -0.000800660054665, 0.000256654893747, -0.000518461398315, -0.000608904345427], [-2.00639969989e-005, -0.000355947209755, 0.000476066081319, -0.00077582069207, -0.00111892714631, 0.0102277956903, -0.00390789611265, -0.00151515076868, 0.0028615933843, -0.00166365632322, 0.000171805266291, 0.00118759169709, -0.000427511986345], [3.38653517247e-005, 0.000216785061639, -0.00112541019917, -0.000151850850671, -0.000515927094966, -0.00390789611265, 0.0132081434131, -0.00494909379631, -0.00110912730452, 0.00195677741431, -0.000265080074314, -0.000710088643245, 0.00187357317191], [0.000139912648592, -2.02121464099e-005, 0.00156084727496, -0.000713939720299, 0.00085188425146, -0.00151515076868, -0.00494909379631, 0.0143318250775, -0.00572533672675, -0.00237216078676, 0.00297073228285, -0.00170961976983, 0.000754920067266], [-3.35677323164e-005, 0.000862025888637, 0.000363398139598, -0.000122668599943, -0.000356135366019, 0.0028615933843, -0.00110912730452, -0.00572533672675, 0.0200642719865, -0.00745225604624, -0.00368351000361, 0.00418651429936, -0.00303474138491], [0.000369089684682, -0.000506137264892, -0.000333607225912, -6.48314671707e-005, -0.000800660054665, -0.00166365632322, 0.00195677741431, -0.00237216078676, -0.00745225604624, 0.0194718576968, -0.00597227644175, -0.00384447327815, 0.00247473176569], [0.000158017268404, 0.000728336337488, 0.00021266641852, 6.26201363048e-005, 0.000256654893747, 0.000171805266291, -0.000265080074314, 0.00297073228285, -0.00368351000361, -0.00597227644175, 0.0215227361768, -0.00682889344171, -0.00213350984268], [0.000462621712359, 0.000416196417063, 0.000975806033239, -3.86707652069e-005, -0.000518461398315, 0.00118759169709, -0.000710088643245, -0.00170961976983, 0.00418651429936, -0.00384447327815, -0.00682889344171, 0.0249625649303, -0.00956415198743], [-0.000490984879434, -0.000142743127071, -0.000152407941641, -0.00111963809468, -0.000608904345427, -0.000427511986345, 0.00187357317191, 0.000754920067266, -0.00303474138491, 0.00247473176569, -0.00213350984268, -0.00956415198743, 0.0260045658797]]
    },
    "spectral_contrast_coeffs": {
        "mean": [-0.626979470253, -0.772447049618, -0.818239271641, -0.834004282951, -0.82231336832, -0.778152644634],
        "var": [0.0113246683031, 0.00472415145487, 0.00253565679304, 0.00160477205645, 0.00118857016787, 0.0014507783344]
    },
    "spectral_contrast_valleys": {
        "mean": [-6.98085641861, -6.96891546249, -7.73599052429, -8.26531410217, -7.99137926102, -9.81625556946],
        "var": [0.754986464977, 0.955062031746, 1.05118846893, 0.822044551373, 0.855278849602, 1.1829264164]
    }
},
"metadata": {
    "audio_properties": {
        "analysis_sample_rate": 44100,
        "bit_rate": 128074,
        "equal_loudness": 0,
        "length": 45.0612258911,
        "lossless": 0,
        "replay_gain": -2.7121295929,
        "sample_rate": 44100,
        "codec": "mp3",
        "downmix": "mix",
        "md5_encoded": "e9a32e7d08a7fd7338f9e20e84469f0a"
    },
    "tags": {
        "file_name": "1322.mp3"
    },
    "version": {
        "essentia": "2.1-beta2",
        "essentia_git_sha": "v2.1_beta2",
        "extractor": "music 1.0"
    }
},
"rhythm": {
    "beats_count": 97,
    "beats_loudness": {
        "mean": 0.0470961034298,
        "var": 0.000569319818169
    },
    "bpm": 129.971405029,
    "bpm_histogram_first_peak_bpm": {
        "mean": 129,
        "var": 0
    },
    "bpm_histogram_first_peak_spread": {
        "mean": 0.294736862183,
        "var": 0
    },
    "bpm_histogram_first_peak_weight": {
        "mean": 0.697916686535,
        "var": 0
    },
    "bpm_histogram_second_peak_bpm": {
        "mean": 136,
        "var": 0
    },
    "bpm_histogram_second_peak_spread": {
        "mean": 0,
        "var": 0
    },
    "bpm_histogram_second_peak_weight": {
        "mean": 0.0104166669771,
        "var": 0
    },
    "danceability": 1.25131821632,
    "onset_rate": 5.21277666092,
    "beats_loudness_band_ratio": {
        "mean": [0.786616623402, 0.125858902931, 0.0433438420296, 0.0245760083199, 0.0130717977881, 0.04157275334],
        "var": [0.0160350762308, 0.00731017859653, 0.00227808696218, 0.000738476868719, 0.000123408637592, 0.00245628552511]
    },
    "beats_position": [0.46439909935, 0.9287981987, 1.39319729805, 1.8575963974, 2.32199549675, 2.7863945961, 3.23918366432, 3.69197273254, 4.15637159348, 4.62077093124, 5.07355976105, 5.53795909882, 5.99074840546, 6.45514726639, 6.91954612732, 7.38394546509, 7.84834432602, 8.31274318695, 8.76553249359, 9.22993183136, 9.682721138, 10.1471195221, 10.6115188599, 11.0759181976, 11.5403175354, 11.9931058884, 12.445895195, 12.9102945328, 13.3746938705, 13.8390922546, 14.3034915924, 14.756280899, 15.2090702057, 15.6734695435, 16.1378688812, 16.602268219, 17.0666656494, 17.5310649872, 17.995464325, 18.4366436005, 18.9010429382, 19.3770523071, 19.8414516449, 20.3174591064, 20.7818584442, 21.246257782, 21.7106571198, 22.1750564575, 22.6394557953, 23.0922451019, 23.5566444397, 24.009431839, 24.4738311768, 24.9382305145, 25.4026298523, 25.8670291901, 26.3314285278, 26.7842178345, 27.2486171722, 27.7014045715, 28.1658039093, 28.6302032471, 29.0829925537, 29.5357818604, 30.0001811981, 30.4645805359, 30.9289798737, 31.3933773041, 31.8461666107, 32.3105659485, 32.7633552551, 33.2277526855, 33.6921539307, 34.1449432373, 34.5977325439, 35.0737419128, 35.5381393433, 36.0025405884, 36.455329895, 36.9197273254, 37.3841247559, 37.848526001, 38.3129234314, 38.7773246765, 39.2417221069, 39.6945114136, 40.1473007202, 40.6116981506, 41.0760993958, 41.5404968262, 42.0048980713, 42.4692955017, 42.9336967468, 43.3864860535, 43.8392753601, 44.3036727905, 44.7680702209]
},
"tonal": {
    "chords_changes_rate": 0.122427985072,
    "chords_number_rate": 0.00925925932825,
    "chords_strength": {
        "mean": 0.469148993492,
        "var": 0.00597525248304
    },
    "hpcp_entropy": {
        "mean": 2.49848532677,
        "var": 0.71611225605
    },
    "key_strength": 0.714437425137,
    "tuning_diatonic_strength": 0.481406152248,
    "tuning_equal_tempered_deviation": 0.24588239193,
    "tuning_frequency": 434.193115234,
    "tuning_nontempered_energy_ratio": 0.875205218792,
    "hpcp": {
        "mean": [0.207497239113, 0.219774365425, 0.150719553232, 0.0923930928111, 0.0832040831447, 0.0759242251515, 0.0723079070449, 0.0805428922176, 0.0966996178031, 0.110636048019, 0.115696445107, 0.114619448781, 0.104538202286, 0.110316768289, 0.155142500997, 0.264615923166, 0.354560911655, 0.268093794584, 0.127942219377, 0.0735942944884, 0.0562700033188, 0.056820359081, 0.0762979239225, 0.15855935216, 0.23082010448, 0.183213636279, 0.12729626894, 0.1106037274, 0.100922316313, 0.107273578644, 0.118789345026, 0.130048587918, 0.125095337629, 0.110033221543, 0.105023175478, 0.14175927639],
        "var": [0.0765000283718, 0.0803067609668, 0.0519854687154, 0.0330497734249, 0.0385140515864, 0.0310833845288, 0.026562133804, 0.0300916619599, 0.038229893893, 0.041226875037, 0.0403364673257, 0.0455974601209, 0.0416592508554, 0.0494966953993, 0.0653731524944, 0.0999495834112, 0.147245168686, 0.103535555303, 0.0457921996713, 0.0298777781427, 0.0210813228041, 0.0208258051425, 0.0294694527984, 0.057457562536, 0.105175279081, 0.064895324409, 0.06080224365, 0.0410219728947, 0.0366896912456, 0.0440249107778, 0.0502311587334, 0.0595212802291, 0.0561102069914, 0.0462615080178, 0.0382613539696, 0.0510286912322]
    },
    "chords_histogram": [33.9506187439, 12.8600826263, 0, 0, 0, 9.87654304504, 12.2427988052, 8.23045253754, 0, 0, 0, 0, 0, 0, 0, 0, 0.102880656719, 0.617283940315, 8.84773635864, 5.76131677628, 3.49794244766, 0, 0.514403283596, 3.49794244766],
    "thpcp": [1, 0.756129026413, 0.360846936703, 0.207564607263, 0.15870334208, 0.160255566239, 0.215189889073, 0.447199195623, 0.651002705097, 0.516733884811, 0.359025120735, 0.311945617199, 0.284640282393, 0.302553325891, 0.335032254457, 0.366787731647, 0.352817624807, 0.310336589813, 0.29620629549, 0.399816423655, 0.585223138332, 0.619849383831, 0.42508789897, 0.260584533215, 0.234667956829, 0.214135915041, 0.203936487436, 0.227162361145, 0.272730618715, 0.312036782503, 0.326309084892, 0.323271542788, 0.294838488102, 0.311136305332, 0.437562346458, 0.746320068836],
    "chords_key": "D",
    "chords_scale": "minor",
    "key_key": "D",
    "key_scale": "minor"
}
}