{
"lowlevel": {
    "average_loudness": 0.95347648859,
    "barkbands_crest": {
        "mean": 14.0620527267,
        "var": 33.6758918762
    },
    "barkbands_flatness_db": {
        "mean": 0.202386245131,
        "var": 0.0129086757079
    },
    "barkbands_kurtosis": {
        "mean": 18.7737598419,
        "var": 4411.86376953
    },
    "barkbands_skewness": {
        "mean": 2.20711398125,
        "var": 9.55899333954
    },
    "barkbands_spread": {
        "mean": 23.7909164429,
        "var": 317.744598389
    },
    "dissonance": {
        "mean": 0.467196553946,
        "var": 0.00120208121371
    },
    "dynamic_complexity": 2.44488859177,
    "erbbands_crest": {
        "mean": 12.5328617096,
        "var": 42.932888031
    },
    "erbbands_flatness_db": {
        "mean": 0.192521482706,
        "var": 0.0100137023255
    },
    "erbbands_kurtosis": {
        "mean": 4.6372590065,
        "var": 117.981643677
    },
    "erbbands_skewness": {
        "mean": 0.223017945886,
        "var": 2.35850310326
    },
    "erbbands_spread": {
        "mean": 36.2132339478,
        "var": 646.15234375
    },
    "hfc": {
        "mean": 34.9668540955,
        "var": 1120.08093262
    },
    "melbands_crest": {
        "mean": 20.6009635925,
        "var": 52.2085075378
    },
    "melbands_flatness_db": {
        "mean": 0.272318810225,
        "var": 0.0193028282374
    },
    "melbands_kurtosis": {
        "mean": 38.1714630127,
        "var": 6285.52734375
    },
    "melbands_skewness": {
        "mean": 3.73705554008,
        "var": 12.5606279373
    },
    "melbands_spread": {
        "mean": 22.5155887604,
        "var": 393.774047852
    },
    "pitch_salience": {
        "mean": 0.410095363855,
        "var": 0.02731644921
    },
    "silence_rate_20dB": {
        "mean": 1,
        "var": 0
    },
    "silence_rate_30dB": {
        "mean": 0.854273915291,
        "var": 0.124490886927
    },
    "silence_rate_60dB": {
        "mean": 0.00669412966818,
        "var": 0.00664932932705
    },
    "spectral_centroid": {
        "mean": 1360.9609375,
        "var": 465605.59375
    },
    "spectral_complexity": {
        "mean": 15.5839338303,
        "var": 92.9642486572
    },
    "spectral_decrease": {
        "mean": -1.33790329926e-008,
        "var": 1.68907978213e-016
    },
    "spectral_energy": {
        "mean": 0.0536671318114,
        "var": 0.00245387875475
    },
    "spectral_energyband_high": {
        "mean": 0.0017145848833,
        "var": 6.54235009279e-006
    },
    "spectral_energyband_low": {
        "mean": 0.0369503200054,
        "var": 0.00219674804248
    },
    "spectral_energyband_middle_high": {
        "mean": 0.0107758836821,
        "var": 0.000134230867843
    },
    "spectral_energyband_middle_low": {
        "mean": 0.00655097980052,
        "var": 0.0002470362233
    },
    "spectral_entropy": {
        "mean": 7.55354118347,
        "var": 0.660065352917
    },
    "spectral_flux": {
        "mean": 0.128042280674,
        "var": 0.00863006431609
    },
    "spectral_kurtosis": {
        "mean": 11.0100193024,
        "var": 769.577514648
    },
    "spectral_rms": {
        "mean": 0.00654316786677,
        "var": 9.54525967245e-006
    },
    "spectral_rolloff": {
        "mean": 2235.74658203,
        "var": 10619458
    },
    "spectral_skewness": {
        "mean": 1.99773108959,
        "var": 2.42613983154
    },
    "spectral_spread": {
        "mean": 6344099.5,
        "var": 1.19629540229e+013
    },
    "spectral_strongpeak": {
        "mean": 1.40756428242,
        "var": 3.70778942108
    },
    "zerocrossingrate": {
        "mean": 0.0773204192519,
        "var": 0.0051656360738
    },
    "barkbands": {
        "mean": [0.00111868488602, 0.0239489916712, 0.00959648285061, 0.00386972166598, 0.00118883070536, 0.000345036241924, 0.000383099075407, 0.000347152788891, 0.000352973584086, 0.00052131927805, 0.000960061850492, 0.00467954715714, 0.00255066156387, 0.000666440522764, 0.000380696146749, 0.000324925174937, 0.000269262702204, 0.000183588665095, 0.000199481655727, 0.000134277390316, 0.000127268780489, 0.000163818869623, 0.000223319744691, 0.000332078547217, 0.00045200472232, 0.000316752702929, 3.06757356157e-005],
        "var": [4.20469405071e-006, 0.00114364176989, 0.00034022986074, 0.000130602260469, 1.50362793647e-005, 9.46193381424e-007, 9.75605530584e-007, 3.51323819814e-007, 4.1164773279e-007, 5.84359270306e-007, 2.67177256319e-006, 5.62083769182e-005, 2.41607594944e-005, 1.75741593011e-006, 9.06501156805e-007, 6.58067961012e-007, 2.543639539e-007, 1.37265772082e-007, 1.11840975592e-007, 7.14535559609e-008, 5.72370808527e-008, 8.37678868493e-008, 1.38611937928e-007, 2.37344735865e-007, 6.56314682601e-007, 4.03325600473e-007, 4.32082991608e-009]
    },
    "erbbands": {
        "mean": [0.798344790936, 4.92856454849, 11.5080051422, 12.2213859558, 8.0011510849, 3.22082400322, 2.38772797585, 2.94737243652, 5.66680288315, 5.87314224243, 7.44173049927, 7.96541547775, 11.8321723938, 25.7074661255, 80.2893371582, 166.320678711, 142.653762817, 33.0223693848, 32.119884491, 18.9116325378, 16.1445560455, 15.8110752106, 11.7532730103, 9.58644866943, 8.58760929108, 6.50379562378, 5.21098136902, 5.1048207283, 5.81182575226, 6.77482223511, 6.09796619415, 6.12923765182, 5.85360765457, 4.87869501114, 3.21804857254, 1.57643675804, 0.523906350136, 0.10955901444, 0.00345877744257, 0.000145223777508],
        "var": [1.50842416286, 59.1531066895, 467.611083984, 702.069763184, 711.954101563, 82.6068267822, 58.3021278381, 57.0393714905, 190.151626587, 175.901519775, 118.672515869, 240.744064331, 321.953796387, 1353.32226563, 13557.6601563, 61227.65625, 65066.1484375, 2641.02368164, 4777.53759766, 1929.38647461, 1333.77783203, 935.347167969, 589.575317383, 256.30682373, 221.226394653, 181.456680298, 108.393104553, 88.1069946289, 135.106811523, 111.035324097, 101.389167786, 75.3496932983, 83.2042388916, 68.3041610718, 39.2723503113, 11.4411182404, 1.03293728828, 0.0414702557027, 5.18552515132e-005, 2.72716516037e-008]
    },
    "gfcc": {
        "mean": [-15.7967786789, 57.5395202637, -114.014030457, 5.14334011078, -33.6109008789, 46.6009101868, -18.2570972443, 15.9902162552, -22.8142681122, 8.31062602997, -2.31527900696, 6.65181350708, -18.3406715393],
        "cov": [[9548.75097656, -3377.85449219, 1264.81103516, 1487.71508789, -1492.50073242, 299.349914551, -1365.38684082, -47.6078147888, -1003.61688232, 167.428222656, -1155.96350098, 115.08657074, -539.248718262], [-3377.85449219, 7135.47900391, 444.038116455, 1375.82800293, 2569.5612793, 193.83052063, 1481.61157227, -287.310302734, 727.448852539, -579.913574219, 487.549285889, -651.881286621, 374.280639648], [1264.81103516, 444.038116455, 1741.83032227, 1047.9465332, 432.536834717, 446.770599365, -30.5361766815, 96.5207748413, -107.227798462, -50.5507545471, -320.911315918, -93.6402740479, -145.326599121], [1487.71508789, 1375.82800293, 1047.9465332, 1811.38928223, 638.377868652, 218.300842285, 163.268356323, -16.1055088043, 82.2286376953, -136.906173706, -292.578887939, -240.952865601, -2.14422988892], [-1492.50073242, 2569.5612793, 432.536834717, 638.377868652, 1356.9876709, 241.669143677, 619.715148926, 31.3746795654, 324.783294678, -185.334060669, 158.661468506, -230.870498657, 132.132385254], [299.349914551, 193.83052063, 446.770599365, 218.300842285, 241.669143677, 565.60723877, 210.275512695, 87.0568084717, 15.0691623688, 49.4654884338, -11.4298992157, 6.52932548523, -30.0939159393], [-1365.38684082, 1481.61157227, -30.5361766815, 163.268356323, 619.715148926, 210.275512695, 647.106201172, 52.2637443542, 273.027679443, -61.8865890503, 244.151794434, -105.933174133, 118.355888367], [-47.6078147888, -287.310302734, 96.5207748413, -16.1055088043, 31.3746795654, 87.0568084717, 52.2637443542, 256.285491943, 80.879196167, 93.4038772583, 11.1502838135, 62.0035476685, 5.23321247101], [-1003.61688232, 727.448852539, -107.227798462, 82.2286376953, 324.783294678, 15.0691623688, 273.027679443, 80.879196167, 295.970672607, 22.763961792, 155.980682373, -49.4351768494, 105.209716797], [167.428222656, -579.913574219, -50.5507545471, -136.906173706, -185.334060669, 49.4654884338, -61.8865890503, 93.4038772583, 22.763961792, 197.65838623, 32.0193099976, 82.616065979, -9.98654460907], [-1155.96350098, 487.549285889, -320.911315918, -292.578887939, 158.661468506, -11.4298992157, 244.151794434, 11.1502838135, 155.980682373, 32.0193099976, 297.703796387, 37.9354019165, 98.6036529541], [115.08657074, -651.881286621, -93.6402740479, -240.952865601, -230.870498657, 6.52932548523, -105.933174133, 62.0035476685, -49.4351768494, 82.616065979, 37.9354019165, 155.801345825, 10.5531167984], [-539.248718262, 374.280639648, -145.326599121, -2.14422988892, 132.132385254, -30.0939159393, 118.355888367, 5.23321247101, 105.209716797, -9.98654460907, 98.6036529541, 10.5531167984, 124.888298035]],
        "icov": [[0.000433459412307, -0.000158534981892, 0.000245598057518, -0.000527187774424, 0.000385115272366, -0.000378203956643, 0.00041153372149, -0.000286314258119, 0.00084879953647, -0.000434601068264, 0.000609396840446, -0.00035652317456, 0.000546049093828], [-0.000158534981892, 0.00105583178811, -0.00025088750408, 2.74503645414e-006, -0.00111446669325, 0.000367306580301, -0.000732530257665, 0.000885512097739, -0.000390062399674, 0.000890483031981, -0.00120431685355, 0.00163616298232, -0.00100354710594], [0.000245598057518, -0.00025088750408, 0.00163570756558, -0.00089912652038, -0.000171861189301, -0.000990792410448, 0.000805022777058, -0.000741861644201, 0.000838281877805, -0.000216880245716, 0.000837076513562, -0.000940787489526, 0.00160661607515], [-0.000527187774424, 2.74503645414e-006, -0.00089912652038, 0.00203418987803, -0.000463780772407, 0.000565863389056, -0.000809051678516, 0.000643367646262, -0.00152793992311, 8.52383454912e-005, 0.00109553535003, 0.000798795721494, -0.00156754103955], [0.000385115272366, -0.00111446669325, -0.000171861189301, -0.000463780772407, 0.0036013990175, -0.000940407218877, 0.000307816808345, -0.00154504110105, 9.81248740572e-005, 0.000340157130267, 0.000359761324944, 0.000183453652426, 0.000176004454261], [-0.000378203956643, 0.000367306580301, -0.000990792410448, 0.000565863389056, -0.000940407218877, 0.00387009419501, -0.00281767710112, 0.00080123328371, 2.30013556575e-005, -0.00113437767141, 0.000528020958882, -0.00123218959197, 0.000264344067546], [0.00041153372149, -0.000732530257665, 0.000805022777058, -0.000809051678516, 0.000307816808345, -0.00281767710112, 0.00693697761744, -0.00227882573381, -0.00028308868059, 0.00104045169428, -0.00330231967382, 0.00221351278014, 0.000153807632159], [-0.000286314258119, 0.000885512097739, -0.000741861644201, 0.000643367646262, -0.00154504110105, 0.00080123328371, -0.00227882573381, 0.00808816961944, -0.00395735306665, -0.00138671288732, 0.00213662860915, -0.00371744995937, 0.000756236142479], [0.00084879953647, -0.000390062399674, 0.000838281877805, -0.00152793992311, 9.81248740572e-005, 2.30013556575e-005, -0.00028308868059, -0.00395735306665, 0.0122920516878, -0.0038270263467, -0.00170029420406, 0.00399176776409, -0.00353704509325], [-0.000434601068264, 0.000890483031981, -0.000216880245716, 8.52383454912e-005, 0.000340157130267, -0.00113437767141, 0.00104045169428, -0.00138671288732, -0.0038270263467, 0.0107885599136, -0.00365952518769, -0.000228053249884, 0.000637973542325], [0.000609396840446, -0.00120431685355, 0.000837076513562, 0.00109553535003, 0.000359761324944, 0.000528020958882, -0.00330231967382, 0.00213662860915, -0.00170029420406, -0.00365952518769, 0.0142388725653, -0.00798239465803, 0.000592248456087], [-0.00035652317456, 0.00163616298232, -0.000940787489526, 0.000798795721494, 0.000183453652426, -0.00123218959197, 0.00221351278014, -0.00371744995937, 0.00399176776409, -0.000228053249884, -0.00798239465803, 0.0214357730001, -0.00884685199708], [0.000546049093828, -0.00100354710594, 0.00160661607515, -0.00156754103955, 0.000176004454261, 0.000264344067546, 0.000153807632159, 0.000756236142479, -0.00353704509325, 0.000637973542325, 0.000592248456087, -0.00884685199708, 0.0182258207351]]
    },
    "melbands": {
        "mean": [0.00679825479165, 0.00624339701608, 0.00207873503678, 0.000367164931959, 8.76107078511e-005, 6.91092136549e-005, 8.27950570965e-005, 6.76922354614e-005, 6.08558257227e-005, 4.88775440317e-005, 6.07111251156e-005, 9.76507144514e-005, 0.000193298255908, 0.000472405663459, 0.000471824751003, 0.000179182155989, 5.07004733663e-005, 5.84705812798e-005, 2.86376125587e-005, 2.37480926444e-005, 1.71844530996e-005, 1.61229527293e-005, 1.37828237712e-005, 8.02100748842e-006, 7.71596114646e-006, 7.70273163653e-006, 4.80966536998e-006, 4.15627255279e-006, 3.2169714359e-006, 3.19489845424e-006, 2.81009192804e-006, 3.6094384086e-006, 2.71140265795e-006, 4.25596681453e-006, 3.68472137779e-006, 3.00998794955e-006, 4.20989636041e-006, 3.98835300075e-006, 4.50665402241e-006, 3.86985993828e-006],
        "var": [9.16012504604e-005, 0.000111834880954, 2.18240529648e-005, 1.40269821713e-006, 6.85007890411e-008, 3.06321688015e-008, 4.20850270189e-008, 2.08689865389e-008, 7.51800044441e-009, 9.57855483819e-009, 9.09796860071e-009, 1.98917451399e-008, 6.96239368381e-008, 7.66197388202e-007, 6.82396148477e-007, 1.15899403852e-007, 9.18464859723e-009, 1.71176104402e-008, 4.84856732541e-009, 3.60271923405e-009, 1.47018619501e-009, 9.51483336564e-010, 8.32457047739e-010, 2.52355109032e-010, 1.6710491324e-010, 1.68616176577e-010, 7.42705688617e-011, 8.55581508419e-011, 4.4531878185e-011, 4.1539278961e-011, 2.58509828127e-011, 6.32291718983e-011, 1.9226380904e-011, 4.7672150949e-011, 4.47461651065e-011, 1.94937798542e-011, 3.81740125621e-011, 4.02240254993e-011, 5.4873595251e-011, 4.54805429428e-011]
    },
    "mfcc": {
        "mean": [-665.002868652, 103.630012512, -8.50134944916, -14.203997612, 11.4686737061, 20.8547973633, 24.8519268036, 18.2521018982, -0.758618295193, 3.15012025833, 10.2936325073, 12.874704361, 10.4991197586],
        "cov": [[8160.76074219, -2809.96728516, 1033.88720703, 696.398681641, -92.265045166, -25.1766338348, -562.838745117, -552.598999023, -185.296325684, -289.682800293, -489.071258545, -419.214599609, -427.43939209], [-2809.96728516, 4495.42626953, -139.374954224, 1085.59777832, 925.386413574, 879.419799805, 798.137023926, 631.601806641, 346.15713501, 311.4246521, 189.571548462, 181.611312866, 20.0270595551], [1033.88720703, -139.374954224, 1248.38293457, 560.211730957, 409.640563965, 359.425018311, 126.212402344, 102.169998169, 124.99042511, 41.8274803162, -37.1260185242, -63.401473999, -112.881393433], [696.398681641, 1085.59777832, 560.211730957, 1552.14660645, 709.831054688, 511.226837158, 177.831726074, 202.889541626, 294.087341309, 187.680328369, -58.3126754761, -41.3217582703, -134.111755371], [-92.265045166, 925.386413574, 409.640563965, 709.831054688, 742.11895752, 409.144104004, 229.097518921, 227.637451172, 220.164932251, 145.886169434, 27.0953102112, -15.9626893997, -62.9802246094], [-25.1766338348, 879.419799805, 359.425018311, 511.226837158, 409.144104004, 615.648254395, 333.489135742, 236.029037476, 191.293273926, 130.70916748, 42.190071106, 63.1810417175, -29.748632431], [-562.838745117, 798.137023926, 126.212402344, 177.831726074, 229.097518921, 333.489135742, 388.463165283, 251.63218689, 133.597518921, 99.8778762817, 87.8311386108, 102.27116394, 51.4531364441], [-552.598999023, 631.601806641, 102.169998169, 202.889541626, 227.637451172, 236.029037476, 251.63218689, 296.3621521, 169.423660278, 102.267707825, 76.092414856, 74.9454040527, 38.6082992554], [-185.296325684, 346.15713501, 124.99042511, 294.087341309, 220.164932251, 191.293273926, 133.597518921, 169.423660278, 231.769454956, 142.308441162, 50.6198616028, 45.8266220093, 10.1744890213], [-289.682800293, 311.4246521, 41.8274803162, 187.680328369, 145.886169434, 130.70916748, 99.8778762817, 102.267707825, 142.308441162, 174.512664795, 88.5473556519, 54.3262252808, 28.5625743866], [-489.071258545, 189.571548462, -37.1260185242, -58.3126754761, 27.0953102112, 42.190071106, 87.8311386108, 76.092414856, 50.6198616028, 88.5473556519, 132.770202637, 88.327041626, 59.6652374268], [-419.214599609, 181.611312866, -63.401473999, -41.3217582703, -15.9626893997, 63.1810417175, 102.27116394, 74.9454040527, 45.8266220093, 54.3262252808, 88.327041626, 132.59135437, 84.9138336182], [-427.43939209, 20.0270595551, -112.881393433, -134.111755371, -62.9802246094, -29.748632431, 51.4531364441, 38.6082992554, 10.1744890213, 28.5625743866, 59.6652374268, 84.9138336182, 116.666976929]],
        "icov": [[0.000268353876891, 0.00020311762637, -4.32232882304e-005, -0.000187684432603, 5.30802244612e-005, -0.000177807291038, -0.000107241125079, 0.000202232404263, 9.27845176193e-005, -1.17965173558e-005, 0.000390996574424, -4.64726472273e-005, 0.000483093550429], [0.00020311762637, 0.0007169614546, 0.000385363266105, -0.000406040373491, -0.00030844527646, -0.000305348134134, -0.000753722677473, -0.000303491862724, 0.00069577730028, -0.000207746197702, 0.000108717642433, -0.000121832497825, 0.000738937873393], [-4.32232882304e-005, 0.000385363266105, 0.00144351855852, -0.000314337376039, -0.000506033946294, -0.000596507685259, -0.000462677970063, -0.000175642315298, 0.000107114923594, 0.000481880822917, -0.000657621771097, 0.000491157232318, 0.000499255314935], [-0.000187684432603, -0.000406040373491, -0.000314337376039, 0.00186432094779, -0.000898039841559, -0.00013756408589, 0.000808861514088, 1.21991406559e-005, -0.000657243130263, -0.00131828768644, 0.00196836609393, -0.0011998123955, 0.000587059766985], [5.30802244612e-005, -0.00030844527646, -0.000506033946294, -0.000898039841559, 0.00378362089396, -0.000793735322077, 3.25671862811e-005, -0.000489335041493, -0.00104593415745, 0.000302747823298, -0.00157877209131, 0.00273107388057, -0.000450082559837], [-0.000177807291038, -0.000305348134134, -0.000596507685259, -0.00013756408589, -0.000793735322077, 0.00532983848825, -0.00317165767774, 0.000284704467049, -0.000383537699236, -0.00120468297973, 0.00175822002348, -0.00295628467575, 0.0024816908408], [-0.000107241125079, -0.000753722677473, -0.000462677970063, 0.000808861514088, 3.25671862811e-005, -0.00317165767774, 0.00994296185672, -0.00481118727475, 0.00110494077671, -1.98865491257e-005, -0.000387275445974, -0.00138438330032, -0.00225131702609], [0.000202232404263, -0.000303491862724, -0.000175642315298, 1.21991406559e-005, -0.000489335041493, 0.000284704467049, -0.00481118727475, 0.0118224183097, -0.00670852744952, 0.0034710476175, -0.00236776936799, 0.00100773212034, -0.00113224238157], [9.27845176193e-005, 0.00069577730028, 0.000107114923594, -0.000657243130263, -0.00104593415745, -0.000383537699236, 0.00110494077671, -0.00670852744952, 0.0156316049397, -0.0104818912223, 0.00505340332165, -0.00340072251856, 0.0017326582456], [-1.17965173558e-005, -0.000207746197702, 0.000481880822917, -0.00131828768644, 0.000302747823298, -0.00120468297973, -1.98865491257e-005, 0.0034710476175, -0.0104818912223, 0.0202365331352, -0.0131477145478, 0.00487113418058, -0.00320199946873], [0.000390996574424, 0.000108717642433, -0.000657621771097, 0.00196836609393, -0.00157877209131, 0.00175822002348, -0.000387275445974, -0.00236776936799, 0.00505340332165, -0.0131477145478, 0.0249565709382, -0.0129131758586, 0.00300425547175], [-4.64726472273e-005, -0.000121832497825, 0.000491157232318, -0.0011998123955, 0.00273107388057, -0.00295628467575, -0.00138438330032, 0.00100773212034, -0.00340072251856, 0.00487113418058, -0.0129131758586, 0.0258867684752, -0.0131889674813], [0.000483093550429, 0.000738937873393, 0.000499255314935, 0.000587059766985, -0.000450082559837, 0.0024816908408, -0.00225131702609, -0.00113224238157, 0.0017326582456, -0.00320199946873, 0.00300425547175, -0.0131889674813, 0.0218255352229]]
    },
    "spectral_contrast_coeffs": {
        "mean": [-0.655380666256, -0.767528295517, -0.743557572365, -0.733595132828, -0.789055526257, -0.801389992237],
        "var": [0.0105222463608, 0.00488296477124, 0.00669439183548, 0.00703212292865, 0.00230685435236, 0.0023397395853]
    },
    "spectral_contrast_valleys": {
        "mean": [-7.9953827858, -7.45155096054, -7.21753644943, -7.66358137131, -8.05727291107, -10.067234993],
        "var": [3.39033794403, 1.06536769867, 0.908418178558, 1.22571265697, 1.82082080841, 3.44513106346]
    }
},
"metadata": {
    "audio_properties": {
        "analysis_sample_rate": 44100,
        "bit_rate": 128074,
        "equal_loudness": 0,
        "length": 45.0612258911,
        "lossless": 0,
        "replay_gain": -6.40218925476,
        "sample_rate": 44100,
        "codec": "mp3",
        "downmix": "mix",
        "md5_encoded": "6ee0c38af14b4526f6a78e91c85a5dfa"
    },
    "tags": {
        "file_name": "1324.mp3"
    },
    "version": {
        "essentia": "2.1-beta2",
        "essentia_git_sha": "v2.1_beta2",
        "extractor": "music 1.0"
    }
},
"rhythm": {
    "beats_count": 108,
    "beats_loudness": {
        "mean": 0.0765518844128,
        "var": 0.00298239151016
    },
    "bpm": 144.715026855,
    "bpm_histogram_first_peak_bpm": {
        "mean": 144,
        "var": 0
    },
    "bpm_histogram_first_peak_spread": {
        "mean": 0.373831748962,
        "var": 0
    },
    "bpm_histogram_first_peak_weight": {
        "mean": 0.626168251038,
        "var": 0
    },
    "bpm_histogram_second_peak_bpm": {
        "mean": 0,
        "var": 0
    },
    "bpm_histogram_second_peak_spread": {
        "mean": 0,
        "var": 0
    },
    "bpm_histogram_second_peak_weight": {
        "mean": 0,
        "var": 0
    },
    "danceability": 1.3354973793,
    "onset_rate": 5.45677852631,
    "beats_loudness_band_ratio": {
        "mean": [0.707464873791, 0.0199142731726, 0.0234926007688, 0.170345917344, 0.0275028422475, 0.0567540191114],
        "var": [0.0812413096428, 0.000645865802653, 0.00212316028774, 0.0480818785727, 0.00187573139556, 0.005644377321]
    },
    "beats_position": [0.417959183455, 0.835918366909, 1.25387752056, 1.66022670269, 2.06657600403, 2.48453521729, 2.90249419212, 3.30884337425, 3.72680258751, 4.13315200806, 4.55111122131, 4.96907043457, 5.38702917099, 5.80498838425, 6.2229475975, 6.64090681076, 7.05886602402, 7.4884352684, 7.91800451279, 8.34757328033, 8.77714252472, 9.2067117691, 9.62467098236, 10.0310201645, 10.4489793777, 10.866938591, 11.2848978043, 11.6912469864, 12.0975961685, 12.5155553818, 12.933514595, 13.3514738083, 13.7694330215, 14.1757822037, 14.5821313858, 15.0000905991, 15.4180498123, 15.8360090256, 16.2539672852, 16.6603164673, 17.0666656494, 17.4846248627, 17.9025840759, 18.3205432892, 18.7268924713, 19.1332416534, 19.5512008667, 19.96916008, 20.3871192932, 20.7934684753, 21.2114276886, 21.6293869019, 22.035736084, 22.4536952972, 22.8716545105, 23.2780036926, 23.6843528748, 24.102312088, 24.5202713013, 24.9382305145, 25.3561897278, 25.7625389099, 26.168888092, 26.5868473053, 27.0048065186, 27.4227657318, 27.8407249451, 28.2470741272, 28.6534233093, 29.0713825226, 29.4893417358, 29.9073009491, 30.3252601624, 30.7316093445, 31.1379585266, 31.5559177399, 31.9738769531, 32.3802261353, 32.7865753174, 33.204536438, 33.6224937439, 34.028842926, 34.4351921082, 34.8531494141, 35.2711105347, 35.6890678406, 36.1070289612, 36.5249862671, 36.9313354492, 37.3376846313, 37.755645752, 38.1736030579, 38.5915641785, 38.9979133606, 39.4158706665, 39.8222198486, 40.2401809692, 40.6581382751, 41.0760993958, 41.4940567017, 41.9004058838, 42.3067550659, 42.7247161865, 43.1426734924, 43.560634613, 43.9785919189, 44.3849411011, 44.7912902832]
},
"tonal": {
    "chords_changes_rate": 0.0699588507414,
    "chords_number_rate": 0.0144032919779,
    "chords_strength": {
        "mean": 0.50496083498,
        "var": 0.0109997726977
    },
    "hpcp_entropy": {
        "mean": 2.02212452888,
        "var": 0.496032088995
    },
    "key_strength": 0.693778395653,
    "tuning_diatonic_strength": 0.559712767601,
    "tuning_equal_tempered_deviation": 0.207842677832,
    "tuning_frequency": 434.193115234,
    "tuning_nontempered_energy_ratio": 0.888441205025,
    "hpcp": {
        "mean": [0.124969549477, 0.0981933325529, 0.0582320727408, 0.0609284043312, 0.0616623908281, 0.0643728598952, 0.101018384099, 0.119485281408, 0.0972367748618, 0.0872096195817, 0.0798502340913, 0.084968701005, 0.169958949089, 0.206787034869, 0.117309033871, 0.0549441613257, 0.0602570585907, 0.106898769736, 0.181048944592, 0.165884375572, 0.100309051573, 0.126903131604, 0.14986230433, 0.147177517414, 0.155846729875, 0.0980756953359, 0.0522028543055, 0.0691614449024, 0.0717867836356, 0.066760443151, 0.0900330990553, 0.107176885009, 0.119904644787, 0.189242526889, 0.197747454047, 0.135065630078],
        "var": [0.066446736455, 0.0433398149908, 0.0235518664122, 0.0257294308394, 0.0246665403247, 0.0226338710636, 0.0487634278834, 0.0590234957635, 0.0415383353829, 0.0381836481392, 0.0382264107466, 0.0287410542369, 0.0711967349052, 0.100901588798, 0.0480298548937, 0.0175492614508, 0.0214295759797, 0.0414252020419, 0.0882042869925, 0.0713034644723, 0.0333011671901, 0.054957550019, 0.0812462866306, 0.0499201603234, 0.0915443748236, 0.033648788929, 0.0200050678104, 0.0299391672015, 0.0330820158124, 0.025454306975, 0.0470736585557, 0.062815733254, 0.0536624714732, 0.0959003716707, 0.0916020795703, 0.0473484732211]
    },
    "chords_histogram": [14.0946502686, 7.61316871643, 14.8148145676, 1.74897122383, 0, 1.85185182095, 0, 19.4444446564, 1.64609050751, 17.2839508057, 0.102880656719, 0, 0, 0, 1.54320991039, 0, 6.37860059738, 0, 3.90946507454, 0, 1.23456788063, 0, 2.57201647758, 5.76131677628],
    "thpcp": [1, 0.567293941975, 0.265704095364, 0.291396707296, 0.516951024532, 0.875533342361, 0.80219912529, 0.485083848238, 0.613689959049, 0.724718093872, 0.711734771729, 0.753658115864, 0.474283576012, 0.252447426319, 0.334457367659, 0.3471532166, 0.322846382856, 0.43539044261, 0.518295943737, 0.579846024513, 0.915156662464, 0.956285536289, 0.653162956238, 0.604339361191, 0.474852472544, 0.281604081392, 0.294643253088, 0.298192739487, 0.31130027771, 0.488514095545, 0.577818036079, 0.47022664547, 0.421736389399, 0.386147201061, 0.410899549723, 0.821903288364],
    "chords_key": "C#",
    "chords_scale": "major",
    "key_key": "C#",
    "key_scale": "minor"
}
}