{
"lowlevel": {
    "average_loudness": 0.954803884029,
    "barkbands_crest": {
        "mean": 9.29134654999,
        "var": 9.12862586975
    },
    "barkbands_flatness_db": {
        "mean": 0.180902093649,
        "var": 0.0030433551874
    },
    "barkbands_kurtosis": {
        "mean": 4.91093349457,
        "var": 66.4494857788
    },
    "barkbands_skewness": {
        "mean": 1.71902155876,
        "var": 1.25886774063
    },
    "barkbands_spread": {
        "mean": 14.4092884064,
        "var": 61.1995658875
    },
    "dissonance": {
        "mean": 0.447782844305,
        "var": 0.000990825588815
    },
    "dynamic_complexity": 1.94717907906,
    "erbbands_crest": {
        "mean": 8.69068050385,
        "var": 12.383436203
    },
    "erbbands_flatness_db": {
        "mean": 0.188316404819,
        "var": 0.00155836541671
    },
    "erbbands_kurtosis": {
        "mean": -0.0586546286941,
        "var": 1.3644837141
    },
    "erbbands_skewness": {
        "mean": 0.192642137408,
        "var": 0.320663809776
    },
    "erbbands_spread": {
        "mean": 32.2998695374,
        "var": 150.738876343
    },
    "hfc": {
        "mean": 16.0946121216,
        "var": 174.011825562
    },
    "melbands_crest": {
        "mean": 13.2542934418,
        "var": 14.5444698334
    },
    "melbands_flatness_db": {
        "mean": 0.253911197186,
        "var": 0.00591461453587
    },
    "melbands_kurtosis": {
        "mean": 13.0168437958,
        "var": 304.375213623
    },
    "melbands_skewness": {
        "mean": 2.67001008987,
        "var": 2.22924041748
    },
    "melbands_spread": {
        "mean": 16.2025127411,
        "var": 122.669876099
    },
    "pitch_salience": {
        "mean": 0.5318146348,
        "var": 0.00742412824184
    },
    "silence_rate_20dB": {
        "mean": 1,
        "var": 0
    },
    "silence_rate_30dB": {
        "mean": 0.936148285866,
        "var": 0.0597736649215
    },
    "silence_rate_60dB": {
        "mean": 0.00154479919001,
        "var": 0.00154241069686
    },
    "spectral_centroid": {
        "mean": 942.096923828,
        "var": 256146.84375
    },
    "spectral_complexity": {
        "mean": 16.7646751404,
        "var": 31.3116493225
    },
    "spectral_decrease": {
        "mean": -1.02274242408e-008,
        "var": 1.23056059839e-016
    },
    "spectral_energy": {
        "mean": 0.0400603935122,
        "var": 0.00180848315358
    },
    "spectral_energyband_high": {
        "mean": 0.000257578445598,
        "var": 2.82095413695e-007
    },
    "spectral_energyband_low": {
        "mean": 0.021691750735,
        "var": 0.00130131293554
    },
    "spectral_energyband_middle_high": {
        "mean": 0.00519989058375,
        "var": 2.35649004026e-005
    },
    "spectral_energyband_middle_low": {
        "mean": 0.0151128387079,
        "var": 0.000273893034318
    },
    "spectral_entropy": {
        "mean": 6.95592069626,
        "var": 0.190145626664
    },
    "spectral_flux": {
        "mean": 0.0838980898261,
        "var": 0.00592739228159
    },
    "spectral_kurtosis": {
        "mean": 8.60796356201,
        "var": 65.1374053955
    },
    "spectral_rms": {
        "mean": 0.00572183169425,
        "var": 6.34405887467e-006
    },
    "spectral_rolloff": {
        "mean": 904.402404785,
        "var": 580667.3125
    },
    "spectral_skewness": {
        "mean": 2.02759170532,
        "var": 0.514923810959
    },
    "spectral_spread": {
        "mean": 3178212.25,
        "var": 1.88053402419e+012
    },
    "spectral_strongpeak": {
        "mean": 0.879379868507,
        "var": 1.95643746853
    },
    "zerocrossingrate": {
        "mean": 0.0404531694949,
        "var": 0.00048410272575
    },
    "barkbands": {
        "mean": [0.000300321145914, 0.010367160663, 0.00886032823473, 0.00462727667764, 0.00468469737098, 0.00151525298133, 0.00243299733847, 0.000949853740167, 0.000852934608702, 0.00117633899208, 0.000259387248661, 0.000694783520885, 0.00039009746979, 0.000536816311069, 0.00121797644533, 0.000305222463794, 0.000194141612155, 0.000139822950587, 0.000142529257573, 0.000188261998119, 8.22671572678e-005, 6.6260487074e-005, 3.86687279388e-005, 2.34639464907e-005, 1.09976581371e-005, 2.51424216913e-006, 1.34033314225e-007],
        "var": [2.06979692052e-007, 0.000315152283292, 0.000328717054799, 4.7908990382e-005, 5.48793977941e-005, 1.541817619e-005, 6.78336709825e-006, 2.25223675443e-006, 2.31101853387e-006, 2.82061068901e-006, 2.14728487435e-007, 1.98358929993e-006, 4.12818621953e-007, 6.03428759405e-007, 7.70013866713e-006, 9.47718064026e-008, 9.68245998934e-008, 7.46595247847e-008, 5.5735803528e-008, 1.5256786412e-007, 2.3268476923e-008, 2.2399571975e-008, 1.20239542767e-008, 2.23323826098e-009, 9.45405531638e-010, 6.65810809264e-011, 3.02855776482e-013]
    },
    "erbbands": {
        "mean": [0.256432622671, 2.53926730156, 9.4678440094, 13.2327251434, 19.2098407745, 13.4827289581, 7.30337285995, 15.588722229, 33.3978614807, 27.0809574127, 24.2539291382, 18.134469986, 24.8680648804, 26.6880588531, 14.3019170761, 24.7041416168, 23.1905841827, 20.3594245911, 42.6649055481, 52.1741905212, 14.8669071198, 12.3700866699, 6.35329723358, 9.54348278046, 11.0669031143, 5.82416057587, 3.42936253548, 3.07784247398, 2.48472690582, 1.75395774841, 1.03250563145, 0.588661909103, 0.328371584415, 0.168853119016, 0.0577898062766, 0.0155689669773, 0.00383745133877, 0.00072963302955, 3.68237306247e-005, 4.58997783426e-005],
        "var": [0.117469131947, 23.7406978607, 383.318908691, 428.234771729, 841.658874512, 438.227966309, 248.508956909, 1526.27148438, 1750.76135254, 982.764465332, 1324.86450195, 877.506286621, 1380.1517334, 907.922180176, 548.859375, 2518.91381836, 1473.03601074, 1134.35449219, 3154.75488281, 12628.2705078, 197.480926514, 430.071655273, 99.2169647217, 261.948669434, 418.128875732, 94.2450942993, 32.6994285583, 46.2635726929, 35.8736228943, 15.9776725769, 7.61724472046, 1.68761897087, 0.475791543722, 0.208336547017, 0.0258694887161, 0.00202058954164, 0.0001731638622, 8.39051972434e-006, 5.29283816775e-009, 2.20407891938e-009]
    },
    "gfcc": {
        "mean": [-18.2701797485, 137.87210083, -129.270980835, 31.8805885315, -51.2912139893, 10.5911769867, -37.6218261719, -2.33693385124, -14.8874015808, -3.49244046211, -13.4576196671, -13.6494064331, -7.43285799026],
        "cov": [[3387.13696289, -918.109985352, -1.65444457531, 567.038635254, -198.534942627, 402.764526367, -19.8345947266, 213.27482605, -90.7632064819, 154.666931152, -58.4118041992, 35.3671531677, -135.104232788], [-918.109985352, 1407.97021484, 481.661651611, 2.33756494522, 586.364257813, -50.1145477295, 304.741699219, -6.29454278946, 238.414489746, -92.9061965942, 180.947052002, -28.298116684, 158.192520142], [-1.65444457531, 481.661651611, 681.656616211, 281.705352783, 351.318328857, 160.720275879, 218.123947144, 98.6343460083, 99.4210128784, 30.1816825867, 67.4201049805, 36.1123695374, 52.6608200073], [567.038635254, 2.33756494522, 281.705352783, 444.379455566, 217.972488403, 176.917953491, 160.959365845, 149.872375488, 68.1331863403, 66.6997299194, 62.3240470886, -14.1632843018, -27.2986602783], [-198.534942627, 586.364257813, 351.318328857, 217.972488403, 467.764373779, 90.4320907593, 234.950378418, 110.896949768, 133.07649231, 6.58264493942, 101.602058411, -37.3394126892, 43.2970542908], [402.764526367, -50.1145477295, 160.720275879, 176.917953491, 90.4320907593, 209.594711304, 92.6137084961, 95.7927780151, 38.1344680786, 42.6211471558, 14.5389518738, 15.5819473267, 5.81458711624], [-19.8345947266, 304.741699219, 218.123947144, 160.959365845, 234.950378418, 92.6137084961, 207.458190918, 101.245201111, 83.4229049683, 9.42562103271, 59.9749679565, -15.1282253265, 30.3863754272], [213.27482605, -6.29454278946, 98.6343460083, 149.872375488, 110.896949768, 95.7927780151, 101.245201111, 156.307266235, 57.2038269043, 46.9967880249, 22.0508499146, -16.151473999, -7.74163198471], [-90.7632064819, 238.414489746, 99.4210128784, 68.1331863403, 133.07649231, 38.1344680786, 83.4229049683, 57.2038269043, 136.485824585, 17.9437503815, 45.8113174438, -7.57264328003, 28.9789028168], [154.666931152, -92.9061965942, 30.1816825867, 66.6997299194, 6.58264493942, 42.6211471558, 9.42562103271, 46.9967880249, 17.9437503815, 93.3030548096, 27.5118789673, 6.55840301514, -19.6550617218], [-58.4118041992, 180.947052002, 67.4201049805, 62.3240470886, 101.602058411, 14.5389518738, 59.9749679565, 22.0508499146, 45.8113174438, 27.5118789673, 106.573112488, 15.4286727905, 6.0619134903], [35.3671531677, -28.298116684, 36.1123695374, -14.1632843018, -37.3394126892, 15.5819473267, -15.1282253265, -16.151473999, -7.57264328003, 6.55840301514, 15.4286727905, 90.3496017456, 22.2093410492], [-135.104232788, 158.192520142, 52.6608200073, -27.2986602783, 43.2970542908, 5.81458711624, 30.3863754272, -7.74163198471, 28.9789028168, -19.6550617218, 6.0619134903, 22.2093410492, 75.3694381714]],
        "icov": [[0.000649120425805, -0.000569413532503, 0.000469547492685, -0.00121864816174, 0.000780485512223, -0.00116257893387, 0.000647936598398, -0.00056651950581, 0.000765170378145, -0.000433946610428, 0.000720719515812, -0.000450550898677, 0.000578604347538], [-0.000569413532503, 0.00756585644558, -0.00322876079008, 0.00479293754324, -0.00548385037109, 0.00398743757978, -0.00423125736415, 0.00449227541685, -0.00586211495101, 0.00466468185186, -0.00666493596509, 0.0032773767598, -0.00485802395269], [0.000469547492685, -0.00322876079008, 0.00483444565907, -0.00344893475994, 0.000412074325141, -0.00259347795509, 0.000664037535898, -0.000712380511686, 0.00270034954883, -0.00288457982242, 0.00447437819093, -0.00378294964321, 0.0015783054987], [-0.00121864816174, 0.00479293754324, -0.00344893475994, 0.00962540321052, -0.00454481132329, 0.00140108796768, -0.00378991989419, 0.00135932315607, -0.00387023435906, 0.00251666270196, -0.00564312422648, 0.00291884574108, -0.000439816300059], [0.000780485512223, -0.00548385037109, 0.000412074325141, -0.00454481132329, 0.011729022488, -0.00266243889928, -0.000695810769685, -0.00386268366128, 0.00270425062627, -0.0017769789556, 0.00150784582365, 0.00111390929669, 0.00237363670021], [-0.00116257893387, 0.00398743757978, -0.00259347795509, 0.00140108796768, -0.00266243889928, 0.0125111518428, -0.00463028345257, 0.000296175101539, -0.00345005374402, 0.000870229909196, -0.00171125517227, -0.000109596236143, -0.00394881470129], [0.000647936598398, -0.00423125736415, 0.000664037535898, -0.00378991989419, -0.000695810769685, -0.00463028345257, 0.0189897362143, -0.00819189939648, 0.00297010573559, 0.000853732868563, 0.000159717397764, 6.71324960422e-005, -0.00048672046978], [-0.00056651950581, 0.00449227541685, -0.000712380511686, 0.00135932315607, -0.00386268366128, 0.000296175101539, -0.00819189939648, 0.017573017627, -0.00621630810201, -0.0021642295178, -0.000705695652869, 0.00223317625932, -0.000925978005398], [0.000765170378145, -0.00586211495101, 0.00270034954883, -0.00387023435906, 0.00270425062627, -0.00345005374402, 0.00297010573559, -0.00621630810201, 0.0169365499169, -0.00502989860252, 0.00266298279166, -0.00129667425063, -0.000392002577428], [-0.000433946610428, 0.00466468185186, -0.00288457982242, 0.00251666270196, -0.0017769789556, 0.000870229909196, 0.000853732868563, -0.0021642295178, -0.00502989860252, 0.0195639207959, -0.00941327027977, 0.00181475176942, 3.85358589483e-006], [0.000720719515812, -0.00666493596509, 0.00447437819093, -0.00564312422648, 0.00150784582365, -0.00171125517227, 0.000159717397764, -0.000705695652869, 0.00266298279166, -0.00941327027977, 0.0226012896746, -0.00878224056214, 0.00653105042875], [-0.000450550898677, 0.0032773767598, -0.00378294964321, 0.00291884574108, 0.00111390929669, -0.000109596236143, 6.71324960422e-005, 0.00223317625932, -0.00129667425063, 0.00181475176942, -0.00878224056214, 0.0183948427439, -0.00815757922828], [0.000578604347538, -0.00485802395269, 0.0015783054987, -0.000439816300059, 0.00237363670021, -0.00394881470129, -0.00048672046978, -0.000925978005398, -0.000392002577428, 3.85358589483e-006, 0.00653105042875, -0.00815757922828, 0.0243120212108]]
    },
    "melbands": {
        "mean": [0.00259454618208, 0.00448542926461, 0.00256812595762, 0.00128747650888, 0.000288920768071, 0.000359958299669, 0.000481049559312, 0.000274339283351, 0.000200209018658, 9.87433959381e-005, 0.000135464797495, 0.000128430212499, 4.19843490818e-005, 5.05219613842e-005, 9.57735028351e-005, 3.19781320286e-005, 3.62367209163e-005, 5.28518430656e-005, 0.000115070601169, 3.1268591556e-005, 1.25001124616e-005, 1.36952821777e-005, 6.39910194877e-006, 6.07933270658e-006, 7.94109564595e-006, 5.56675013286e-006, 1.08970552901e-005, 2.07226230486e-006, 2.28098429034e-006, 1.72737009052e-006, 1.70109046849e-006, 1.32521199703e-006, 1.3762709159e-006, 8.41662881612e-007, 6.52071662444e-007, 3.94347807742e-007, 3.6167153894e-007, 2.3231598334e-007, 1.89327792555e-007, 1.26716983573e-007],
        "var": [1.51493068188e-005, 8.08451368357e-005, 1.41540704135e-005, 3.99221698899e-006, 2.83482080476e-007, 7.14407406122e-007, 3.16091501418e-007, 9.71313127707e-008, 1.00153663141e-007, 2.71176237021e-008, 4.46642722807e-008, 2.32268426714e-008, 5.09708808494e-009, 9.73611680166e-009, 5.16243900961e-008, 2.97104851832e-009, 3.65470986807e-009, 4.74061190303e-009, 9.2964071996e-008, 1.05257180749e-009, 2.86007606487e-010, 6.42518094285e-010, 8.72339214752e-011, 1.28050264836e-010, 1.9582385713e-010, 8.03341212996e-011, 6.34198527028e-010, 1.41623900107e-011, 1.49232206453e-011, 1.27321608118e-011, 1.66210083891e-011, 1.14263641951e-011, 9.77329068369e-012, 4.51425312062e-012, 3.1268130446e-012, 1.26214262566e-012, 5.58461154924e-013, 2.46220009442e-013, 1.61300538356e-013, 1.73623648011e-013]
    },
    "mfcc": {
        "mean": [-656.50592041, 157.475875854, -7.62764215469, 22.1390132904, 6.21828937531, 9.30434799194, -6.33703756332, -1.77670884132, -1.95400452614, 6.74418973923, -4.29015302658, -6.4030585289, 0.922361910343],
        "cov": [[2631.43579102, -1047.07958984, 51.7191390991, 166.663391113, -93.2378234863, 108.812179565, 110.755111694, 61.0638046265, 35.4394416809, 25.4049129486, 148.94241333, 39.3615608215, 3.0084502697], [-1047.07958984, 1269.36279297, 164.162216187, 131.428146362, 293.199127197, 125.179214478, 113.40663147, 136.929321289, 88.1320877075, 115.532371521, -23.9210853577, 11.3967571259, 103.310646057], [51.7191390991, 164.162216187, 364.895690918, 184.681777954, 157.406188965, 141.635192871, 125.967605591, 97.3859558105, 93.0750350952, 53.7330780029, 49.8016548157, 53.5014343262, 39.8207588196], [166.663391113, 131.428146362, 184.681777954, 332.149871826, 194.599960327, 117.816726685, 169.282821655, 129.967010498, 87.8832931519, 122.678482056, 116.367103577, 56.0642852783, 50.3367424011], [-93.2378234863, 293.199127197, 157.406188965, 194.599960327, 252.45866394, 114.335914612, 137.177871704, 110.630157471, 76.5840301514, 100.305969238, 83.6532669067, 40.7886581421, 49.7470779419], [108.812179565, 125.179214478, 141.635192871, 117.816726685, 114.335914612, 166.114135742, 98.4477767944, 74.9523010254, 60.6579589844, 46.6228866577, 29.4828300476, 33.2176513672, 43.9481201172], [110.755111694, 113.40663147, 125.967605591, 169.282821655, 137.177871704, 98.4477767944, 207.590576172, 108.876159668, 69.6844787598, 88.7454986572, 82.7559051514, 34.42420578, 28.1916389465], [61.0638046265, 136.929321289, 97.3859558105, 129.967010498, 110.630157471, 74.9523010254, 108.876159668, 155.667800903, 81.3427276611, 73.7067947388, 52.1343383789, 16.4707717896, 38.2742004395], [35.4394416809, 88.1320877075, 93.0750350952, 87.8832931519, 76.5840301514, 60.6579589844, 69.6844787598, 81.3427276611, 143.834335327, 76.8817672729, 32.0713768005, 15.7505483627, 22.8293972015], [25.4049129486, 115.532371521, 53.7330780029, 122.678482056, 100.305969238, 46.6228866577, 88.7454986572, 73.7067947388, 76.8817672729, 148.217834473, 77.3499679565, 20.8968772888, 32.3200111389], [148.94241333, -23.9210853577, 49.8016548157, 116.367103577, 83.6532669067, 29.4828300476, 82.7559051514, 52.1343383789, 32.0713768005, 77.3499679565, 140.906387329, 40.5240631104, 4.9334897995], [39.3615608215, 11.3967571259, 53.5014343262, 56.0642852783, 40.7886581421, 33.2176513672, 34.42420578, 16.4707717896, 15.7505483627, 20.8968772888, 40.5240631104, 99.0600738525, 29.2337474823], [3.0084502697, 103.310646057, 39.8207588196, 50.3367424011, 49.7470779419, 43.9481201172, 28.1916389465, 38.2742004395, 22.8293972015, 32.3200111389, 4.9334897995, 29.2337474823, 90.5746536255]],
        "icov": [[0.000753790955059, 0.000700814882293, 5.18725319125e-005, -0.000291179894703, 0.000379519711714, -0.000778592715506, -0.000141066804645, -0.000309617869789, 1.0225119695e-005, 2.83978970401e-005, -0.000391932553612, 0.000235247280216, -0.000408588763094], [0.000700814882293, 0.00201109005138, -6.40591824776e-005, 0.000274722609902, -0.00169814587571, -0.000493722327519, -6.78279538988e-005, -0.000709645741154, 0.000288887822535, -0.000768698344473, 0.0011105092708, 0.000304872723063, -0.000905837514438], [5.18725319125e-005, -6.40591824776e-005, 0.00521297892556, -0.00157168647274, -0.000933365314268, -0.00231609819457, -0.000416646653321, 0.000110836233944, -0.00176938064396, 0.00178858509753, 0.000331880437443, -0.00102945102844, 0.000494167790748], [-0.000291179894703, 0.000274722609902, -0.00157168647274, 0.00850944872946, -0.00304423714988, -2.55094419117e-005, -0.00167588924523, -0.00150319712702, 0.000668015622068, -0.00213742465712, -0.00153993547428, -0.000631534843706, -0.000618546677288], [0.000379519711714, -0.00169814587571, -0.000933365314268, -0.00304423714988, 0.0127758290619, -0.00283746817149, -0.00118376652244, -0.000844186812174, 1.62497799465e-005, -0.000556583690923, -0.00358365895227, 0.000267841940513, -0.000585252535529], [-0.000778592715506, -0.000493722327519, -0.00231609819457, -2.55094419117e-005, -0.00283746817149, 0.0129157984629, -0.00244779861532, -0.000222928269068, -0.0011151204817, 0.000805578602012, 0.00223623239435, -0.000944688508753, -0.00205423822626], [-0.000141066804645, -6.78279538988e-005, -0.000416646653321, -0.00167588924523, -0.00118376652244, -0.00244779861532, 0.0113020110875, -0.00341095705517, 0.000472495215945, -0.00153184565715, -0.00171869329643, -0.000331809249474, 0.00158629275393], [-0.000309617869789, -0.000709645741154, 0.000110836233944, -0.00150319712702, -0.000844186812174, -0.000222928269068, -0.00341095705517, 0.0142395310104, -0.00434549478814, 0.000472756946692, -0.00106291135307, 0.00197927723639, -0.00243166810833], [1.0225119695e-005, 0.000288887822535, -0.00176938064396, 0.000668015622068, 1.62497799465e-005, -0.0011151204817, 0.000472495215945, -0.00434549478814, 0.0126881822944, -0.00576352979988, 0.00205305917189, -0.000534957682248, 0.00121755118016], [2.83978970401e-005, -0.000768698344473, 0.00178858509753, -0.00213742465712, -0.000556583690923, 0.000805578602012, -0.00153184565715, 0.000472756946692, -0.00576352979988, 0.0156788341701, -0.00578197557479, 0.00155149027705, -0.00285863317549], [-0.000391932553612, 0.0011105092708, 0.000331880437443, -0.00153993547428, -0.00358365895227, 0.00223623239435, -0.00171869329643, -0.00106291135307, 0.00205305917189, -0.00578197557479, 0.0157510433346, -0.00433693313971, 0.00341116520576], [0.000235247280216, 0.000304872723063, -0.00102945102844, -0.000631534843706, 0.000267841940513, -0.000944688508753, -0.000331809249474, 0.00197927723639, -0.000534957682248, 0.00155149027705, -0.00433693313971, 0.0137613210827, -0.00459797168151], [-0.000408588763094, -0.000905837514438, 0.000494167790748, -0.000618546677288, -0.000585252535529, -0.00205423822626, 0.00158629275393, -0.00243166810833, 0.00121755118016, -0.00285863317549, 0.00341116520576, -0.00459797168151, 0.0160773005337]]
    },
    "spectral_contrast_coeffs": {
        "mean": [-0.599566757679, -0.706745386124, -0.702158153057, -0.69225358963, -0.737332761288, -0.722593963146],
        "var": [0.00954565219581, 0.0041277371347, 0.00436126440763, 0.00395807204768, 0.00349092739634, 0.00203166366555]
    },
    "spectral_contrast_valleys": {
        "mean": [-7.11292362213, -6.56647348404, -7.80975246429, -8.04312801361, -8.46058368683, -11.5449028015],
        "var": [1.8854060173, 0.453342974186, 0.483111441135, 0.454037964344, 0.721441328526, 1.17343711853]
    }
},
"metadata": {
    "audio_properties": {
        "analysis_sample_rate": 44100,
        "bit_rate": 128074,
        "equal_loudness": 0,
        "length": 45.0612258911,
        "lossless": 0,
        "replay_gain": -5.92839050293,
        "sample_rate": 44100,
        "codec": "mp3",
        "downmix": "mix",
        "md5_encoded": "3d3ec64fad54fdd42cacb4e1e90e0864"
    },
    "tags": {
        "file_name": "1327.mp3"
    },
    "version": {
        "essentia": "2.1-beta2",
        "essentia_git_sha": "v2.1_beta2",
        "extractor": "music 1.0"
    }
},
"rhythm": {
    "beats_count": 97,
    "beats_loudness": {
        "mean": 0.0609186254442,
        "var": 0.00130478024948
    },
    "bpm": 130.054031372,
    "bpm_histogram_first_peak_bpm": {
        "mean": 129,
        "var": 0
    },
    "bpm_histogram_first_peak_spread": {
        "mean": 0.258064508438,
        "var": 0
    },
    "bpm_histogram_first_peak_weight": {
        "mean": 0.71875,
        "var": 0
    },
    "bpm_histogram_second_peak_bpm": {
        "mean": 136,
        "var": 0
    },
    "bpm_histogram_second_peak_spread": {
        "mean": 0.5,
        "var": 0
    },
    "bpm_histogram_second_peak_weight": {
        "mean": 0.0104166669771,
        "var": 0
    },
    "danceability": 1.34602296352,
    "onset_rate": 2.70620727539,
    "beats_loudness_band_ratio": {
        "mean": [0.630393207073, 0.156562298536, 0.111769728363, 0.0716153308749, 0.0514481663704, 0.0286755226552],
        "var": [0.0703509822488, 0.0174699891359, 0.00924492813647, 0.00610578106716, 0.00336344982497, 0.00141438026913]
    },
    "beats_position": [0.406349211931, 0.824308395386, 1.25387752056, 1.69505667686, 2.14784574509, 2.60063481331, 3.06503391266, 3.52943301201, 3.99383211136, 4.446621418, 4.8994102478, 5.36380958557, 5.8282084465, 6.29260778427, 6.7570066452, 7.22140598297, 7.67419481277, 8.13859367371, 8.59138298035, 9.05578231812, 9.52018165588, 9.98458003998, 10.4489793777, 10.9133787155, 11.3777770996, 11.8421764374, 12.294965744, 12.7477550507, 13.2121543884, 13.6765527725, 14.1409521103, 14.6053514481, 15.0697498322, 15.5341491699, 15.9985485077, 16.4513378143, 16.9157371521, 17.3685264587, 17.8329238892, 18.2973232269, 18.7617225647, 19.2261219025, 19.6789112091, 20.1317005157, 20.5960998535, 21.0604991913, 21.5248966217, 21.9892959595, 22.4536952972, 22.918094635, 23.3824939728, 23.8468933105, 24.2996826172, 24.7524719238, 25.2168693542, 25.6696586609, 26.1340579987, 26.5984573364, 27.0512466431, 27.5156459808, 27.9800453186, 28.4444446564, 28.9088420868, 29.3732414246, 29.8376407623, 30.3020401001, 30.7664394379, 31.2192287445, 31.6836280823, 32.1364173889, 32.6008148193, 33.0652160645, 33.5296134949, 33.9824028015, 34.4351921082, 34.8995895386, 35.3639907837, 35.8283882141, 36.2927894592, 36.7571868896, 37.2099761963, 37.6743774414, 38.1271629333, 38.5915641785, 39.0559616089, 39.520362854, 39.9847602844, 40.4491615295, 40.91355896, 41.3779602051, 41.830745697, 42.2835350037, 42.7479362488, 43.2123336792, 43.6767349243, 44.1411323547, 44.6055335999]
},
"tonal": {
    "chords_changes_rate": 0.0288065839559,
    "chords_number_rate": 0.00617283955216,
    "chords_strength": {
        "mean": 0.535820186138,
        "var": 0.0108144478872
    },
    "hpcp_entropy": {
        "mean": 1.84309113026,
        "var": 0.526445329189
    },
    "key_strength": 0.760553121567,
    "tuning_diatonic_strength": 0.505923688412,
    "tuning_equal_tempered_deviation": 0.0532115921378,
    "tuning_frequency": 439.745910645,
    "tuning_nontempered_energy_ratio": 0.66913330555,
    "hpcp": {
        "mean": [0.221123710275, 0.129603669047, 0.0610747747123, 0.102401435375, 0.102880962193, 0.170428261161, 0.314184874296, 0.214681610465, 0.0570498220623, 0.039152264595, 0.0264059267938, 0.060148075223, 0.137807011604, 0.107137881219, 0.0258820224553, 0.0109783951193, 0.0158507209271, 0.0547507144511, 0.120473966002, 0.110156796873, 0.170270264149, 0.320969045162, 0.242989674211, 0.0998436883092, 0.0579212345183, 0.0329839996994, 0.0752052664757, 0.159332796931, 0.128304734826, 0.0446153245866, 0.0278457254171, 0.0306748989969, 0.194501459599, 0.403986215591, 0.290894955397, 0.178822264075],
        "var": [0.118022464216, 0.0424679107964, 0.0194710716605, 0.0486827678978, 0.0507138185203, 0.0363304316998, 0.108902469277, 0.0659469366074, 0.0160454846919, 0.0110531812534, 0.00678941747174, 0.017831787467, 0.0669962465763, 0.0425005666912, 0.003186668735, 0.00153279711958, 0.00456596398726, 0.0139635298401, 0.043781157583, 0.0363311991096, 0.0368765182793, 0.120842128992, 0.0821317434311, 0.0352119207382, 0.0172941479832, 0.0157451331615, 0.0222659874707, 0.0778268948197, 0.0563870854676, 0.013845955953, 0.0110891303048, 0.00723333191127, 0.0499507002532, 0.170032918453, 0.0924210324883, 0.0599990189075]
    },
    "chords_histogram": [39.1975326538, 10.2880659103, 17.9012336731, 0, 0.925925910473, 0, 0.102880656719, 0, 0, 0, 0, 0, 0, 0, 0, 0, 0, 0, 0, 0, 0, 1.95473253727, 19.855966568, 9.77366256714],
    "thpcp": [1, 0.720061600208, 0.442644476891, 0.547354578972, 0.320812106133, 0.15118034184, 0.253477543592, 0.254664540291, 0.42186653614, 0.777711868286, 0.531408250332, 0.141217246652, 0.0969148501754, 0.0653634369373, 0.148886457086, 0.341118097305, 0.265201836824, 0.0640665963292, 0.0271751731634, 0.0392357967794, 0.135526195168, 0.298213064671, 0.272674649954, 0.421475440264, 0.79450494051, 0.601480126381, 0.24714627862, 0.143374279141, 0.0816463530064, 0.186158001423, 0.394401580095, 0.317596822977, 0.110437743366, 0.0689274147153, 0.075930558145, 0.481455683708],
    "chords_key": "E",
    "chords_scale": "major",
    "key_key": "E",
    "key_scale": "major"
}
}