{
"lowlevel": {
    "average_loudness": 0.955650866032,
    "barkbands_crest": {
        "mean": 11.8975229263,
        "var": 14.3999004364
    },
    "barkbands_flatness_db": {
        "mean": 0.297271251678,
        "var": 0.00120952376164
    },
    "barkbands_kurtosis": {
        "mean": 3.143917799,
        "var": 18.6449298859
    },
    "barkbands_skewness": {
        "mean": 0.65156596899,
        "var": 0.778523743153
    },
    "barkbands_spread": {
        "mean": 3.6064324379,
        "var": 1.37307703495
    },
    "dissonance": {
        "mean": 0.424548834562,
        "var": 0.00202018674463
    },
    "dynamic_complexity": 1.13214182854,
    "erbbands_crest": {
        "mean": 13.0068283081,
        "var": 12.8695726395
    },
    "erbbands_flatness_db": {
        "mean": 0.32903522253,
        "var": 0.00111514504533
    },
    "erbbands_kurtosis": {
        "mean": 3.83195900917,
        "var": 18.4236240387
    },
    "erbbands_skewness": {
        "mean": 0.328311085701,
        "var": 0.643928706646
    },
    "erbbands_spread": {
        "mean": 7.08574438095,
        "var": 9.08330917358
    },
    "hfc": {
        "mean": 18.5392074585,
        "var": 67.9410095215
    },
    "melbands_crest": {
        "mean": 11.6252508163,
        "var": 11.5325775146
    },
    "melbands_flatness_db": {
        "mean": 0.359545022249,
        "var": 0.00173048384022
    },
    "melbands_kurtosis": {
        "mean": 1.97360885143,
        "var": 12.8862342834
    },
    "melbands_skewness": {
        "mean": 0.544843792915,
        "var": 0.818389475346
    },
    "melbands_spread": {
        "mean": 6.90397405624,
        "var": 9.37372589111
    },
    "pitch_salience": {
        "mean": 0.601576805115,
        "var": 0.00910526327789
    },
    "silence_rate_20dB": {
        "mean": 1,
        "var": 0
    },
    "silence_rate_30dB": {
        "mean": 1,
        "var": 0
    },
    "silence_rate_60dB": {
        "mean": 0.00154479919001,
        "var": 0.00154241069686
    },
    "spectral_centroid": {
        "mean": 554.826538086,
        "var": 13900.3603516
    },
    "spectral_complexity": {
        "mean": 11.7090625763,
        "var": 3.1496424675
    },
    "spectral_decrease": {
        "mean": -8.61242099859e-009,
        "var": 1.22572681959e-017
    },
    "spectral_energy": {
        "mean": 0.034186784178,
        "var": 0.000192236198927
    },
    "spectral_energyband_high": {
        "mean": 1.12085144792e-005,
        "var": 4.32847507836e-010
    },
    "spectral_energyband_low": {
        "mean": 7.17996736057e-005,
        "var": 4.73055639105e-009
    },
    "spectral_energyband_middle_high": {
        "mean": 0.00376454298384,
        "var": 8.71469546837e-006
    },
    "spectral_energyband_middle_low": {
        "mean": 0.0305716376752,
        "var": 0.000180365619599
    },
    "spectral_entropy": {
        "mean": 6.14570760727,
        "var": 0.089187681675
    },
    "spectral_flux": {
        "mean": 0.0875513032079,
        "var": 0.000485648750328
    },
    "spectral_kurtosis": {
        "mean": 38.7216796875,
        "var": 403.852783203
    },
    "spectral_rms": {
        "mean": 0.00565924495459,
        "var": 1.32591333113e-006
    },
    "spectral_rolloff": {
        "mean": 746.684997559,
        "var": 171696.96875
    },
    "spectral_skewness": {
        "mean": 4.6857714653,
        "var": 1.4135504961
    },
    "spectral_spread": {
        "mean": 1672254.25,
        "var": 1.77313559347e+012
    },
    "spectral_strongpeak": {
        "mean": 2.04062747955,
        "var": 1.87965142727
    },
    "zerocrossingrate": {
        "mean": 0.0275260377675,
        "var": 0.000148218488903
    },
    "barkbands": {
        "mean": [5.47953106889e-007, 1.20105305541e-005, 2.15111485886e-005, 0.000414315523813, 0.00887627154589, 0.00392288248986, 0.00203228415921, 0.00371690234169, 0.010880779475, 0.00342445704155, 9.6869560366e-005, 0.0004358892038, 0.000114273963845, 0.000169771374203, 1.46792326632e-005, 1.87295790965e-005, 8.86629641172e-006, 6.63767332298e-006, 5.69714802623e-006, 5.18875049238e-006, 3.50509913005e-006, 2.08731830753e-006, 1.12938460006e-006, 7.650058933e-007, 4.82854488837e-007, 2.81667979607e-007, 1.99244052368e-008],
        "var": [7.3617929244e-013, 2.3352964007e-010, 6.11476758117e-010, 2.03555146072e-007, 7.85427546361e-005, 1.08628619273e-005, 2.62641674453e-006, 1.27291586978e-005, 8.86033958523e-005, 9.05505203264e-006, 9.2317167244e-009, 1.52449885604e-007, 7.16664061429e-009, 2.68278697035e-008, 9.18644466052e-011, 1.97019622838e-010, 5.87246987149e-011, 5.76851448553e-011, 7.92101800817e-011, 1.40294775797e-010, 4.83141721075e-011, 2.63739360212e-011, 7.75188680607e-012, 3.62535934433e-012, 2.91546328095e-013, 6.99972171154e-014, 5.01960777208e-016]
    },
    "erbbands": {
        "mean": [0.000224713498028, 0.00370316347107, 0.0283504649997, 0.596964776516, 6.92395114899, 38.0381698608, 39.0305786133, 36.262802124, 33.6038169861, 41.5511665344, 86.7412185669, 186.73374939, 249.198379517, 51.662071228, 10.2906599045, 14.6001415253, 6.41672849655, 5.58980846405, 5.5061173439, 1.09411120415, 0.894258797169, 0.568844974041, 0.389260321856, 0.31233009696, 0.258117318153, 0.251612663269, 0.184230431914, 0.110614024103, 0.0841761827469, 0.0457183532417, 0.0309291295707, 0.019043577835, 0.0111726289615, 0.00603346060961, 0.00314578716643, 0.0014176244149, 0.000488778401632, 9.0488269052e-005, 1.87291352631e-005, 3.88020125683e-005],
        "var": [6.18899775873e-008, 1.8006130631e-005, 0.000614877382759, 0.332031607628, 37.0122413635, 2006.31530762, 1341.12365723, 1076.41540527, 729.899414063, 1067.88586426, 6144.42382813, 20032.0878906, 41099.3203125, 1955.28112793, 41.7173805237, 155.062438965, 20.0707473755, 15.0969381332, 38.6240158081, 0.402629196644, 0.581250071526, 0.231973916292, 0.188830271363, 0.186651021242, 0.196392327547, 0.329642653465, 0.161981761456, 0.038352265954, 0.0435154251754, 0.0175155159086, 0.00456517748535, 0.00247870804742, 0.000573603378143, 7.0845359005e-005, 9.40526570048e-006, 1.75651894097e-006, 2.11982836618e-007, 7.52897832967e-009, 4.78908059043e-011, 2.4547247568e-010]
    },
    "gfcc": {
        "mean": [-90.8592071533, 161.017440796, -129.727783203, -51.1794319153, -93.5317459106, -23.8995475769, -40.2413978577, -16.1449508667, -28.6623477936, -15.2768363953, -23.870885849, -14.3575162888, -2.63822197914],
        "cov": [[1084.13562012, -144.002761841, -169.889694214, 13.3362464905, -173.706817627, -6.52279996872, 5.40482854843, 42.5408287048, -38.0923805237, 12.0999383926, -44.4713172913, -30.0442848206, -40.6362457275], [-144.002761841, 536.083496094, 211.831558228, -100.559677124, 136.201934814, -23.1979999542, -20.3162555695, -118.670875549, 15.5779714584, -67.0624694824, 36.7431373596, -3.19311666489, 69.7276611328], [-169.889694214, 211.831558228, 248.063705444, 25.8448944092, 72.0026855469, 10.7492189407, -56.9573516846, -71.5907745361, -12.7162466049, -24.4357414246, 18.9499549866, 22.6349563599, 35.091217041], [13.3362464905, -100.559677124, 25.8448944092, 128.948532104, 9.90857791901, 20.4991474152, -20.7317562103, 8.70480442047, -12.9881162643, 25.4328098297, -1.55241525173, 14.990732193, -18.3453426361], [-173.706817627, 136.201934814, 72.0026855469, 9.90857791901, 102.894752502, 12.926150322, -18.4460964203, -28.1650466919, 4.5229268074, -8.17195415497, 13.1625461578, 9.58322906494, 19.3528518677], [-6.52279996872, -23.1979999542, 10.7492189407, 20.4991474152, 12.926150322, 50.1310501099, 11.0962314606, 9.07968139648, -4.75965833664, 5.54964780807, -0.895053684711, 5.29857683182, -7.79624509811], [5.40482854843, -20.3162555695, -56.9573516846, -20.7317562103, -18.4460964203, 11.0962314606, 81.6282424927, 38.5933837891, 9.50902748108, -7.97135019302, -10.5100231171, -15.9394359589, -6.70590734482], [42.5408287048, -118.670875549, -71.5907745361, 8.70480442047, -28.1650466919, 9.07968139648, 38.5933837891, 76.0193939209, 18.5486869812, 17.9346065521, -10.2006092072, -6.87115192413, -20.5970115662], [-38.0923805237, 15.5779714584, -12.7162466049, -12.9881162643, 4.5229268074, -4.75965833664, 9.50902748108, 18.5486869812, 44.4017448425, 17.2473583221, 4.21457338333, -5.66454839706, 0.989802837372], [12.0999383926, -67.0624694824, -24.4357414246, 25.4328098297, -8.17195415497, 5.54964780807, -7.97135019302, 17.9346065521, 17.2473583221, 50.9251327515, 14.8499889374, 6.14222335815, -14.5259037018], [-44.4713172913, 36.7431373596, 18.9499549866, -1.55241525173, 13.1625461578, -0.895053684711, -10.5100231171, -10.2006092072, 4.21457338333, 14.8499889374, 38.4934120178, 19.6111507416, 5.77640771866], [-30.0442848206, -3.19311666489, 22.6349563599, 14.990732193, 9.58322906494, 5.29857683182, -15.9394359589, -6.87115192413, -5.66454839706, 6.14222335815, 19.6111507416, 41.860206604, 14.5912971497], [-40.6362457275, 69.7276611328, 35.091217041, -18.3453426361, 19.3528518677, -7.79624509811, -6.70590734482, -20.5970115662, 0.989802837372, -14.5259037018, 5.77640771866, 14.5912971497, 43.8501968384]],
        "icov": [[0.00248923548497, -0.00461150333285, 0.00339946919121, -0.00273556332104, 0.00733681581914, -0.00265114521608, 0.00386306736618, -0.00412438670173, 0.00451718503609, -0.00294749485329, 0.00389221520163, -0.000508485769387, -0.000702972698491], [-0.00461150333285, 0.0197359360754, -0.011851189658, 0.0105640664697, -0.0221390724182, 0.00836574658751, -0.0125756897032, 0.0175988636911, -0.0153378248215, 0.0124732581899, -0.015155216679, 0.0060123433359, 0.000322666601278], [0.00339946919121, -0.011851189658, 0.0151128983125, -0.00885328650475, 0.012431897223, -0.00825822912157, 0.011108177714, -0.00657196622342, 0.00719558773562, -0.0026614216622, 0.00633884873241, -0.00262197549455, -0.00315248291008], [-0.00273556332104, 0.0105640664697, -0.00885328650475, 0.0182457268238, -0.0143892010674, 0.00370250828564, -0.00579174375162, 0.00677204877138, -0.002572392812, -0.00172037049197, -0.00157197937369, -0.00233033183031, 0.00515956711024], [0.00733681581914, -0.0221390724182, 0.012431897223, -0.0143892010674, 0.0427074059844, -0.0156838931143, 0.017053887248, -0.0171983148903, 0.013253448531, -0.00979483686388, 0.01267725043, -0.0029758324381, -0.00529624521732], [-0.00265114521608, 0.00836574658751, -0.00825822912157, 0.00370250828564, -0.0156838931143, 0.0312270522118, -0.0132593363523, 0.00526091828942, -0.00120678602252, -0.000769106496591, -0.00127243134193, -0.0044781928882, 0.00674566859379], [0.00386306736618, -0.0125756897032, 0.011108177714, -0.00579174375162, 0.017053887248, -0.0132593363523, 0.030973315239, -0.0209211334586, 0.00784173421562, 0.00133522623219, 0.00466915080324, 0.00425236904994, -0.00447443732992], [-0.00412438670173, 0.0175988636911, -0.00657196622342, 0.00677204877138, -0.0171983148903, 0.00526091828942, -0.0209211334586, 0.0445835925639, -0.0241391025484, 0.00755898468196, -0.00642032595351, -0.00167583744042, 0.00700578885153], [0.00451718503609, -0.0153378248215, 0.00719558773562, -0.002572392812, 0.013253448531, -0.00120678602252, 0.00784173421562, -0.0241391025484, 0.0500538609922, -0.0274485275149, 0.0121193919331, 0.00289277755655, -0.00724382558838], [-0.00294749485329, 0.0124732581899, -0.0026614216622, -0.00172037049197, -0.00979483686388, -0.000769106496591, 0.00133522623219, 0.00755898468196, -0.0274485275149, 0.051335901022, -0.0286306589842, 0.00485773803666, 0.00656563602388], [0.00389221520163, -0.015155216679, 0.00633884873241, -0.00157197937369, 0.01267725043, -0.00127243134193, 0.00466915080324, -0.00642032595351, 0.0121193919331, -0.0286306589842, 0.0597740374506, -0.0272502209991, 0.0052882656455], [-0.000508485769387, 0.0060123433359, -0.00262197549455, -0.00233033183031, -0.0029758324381, -0.0044781928882, 0.00425236904994, -0.00167583744042, 0.00289277755655, 0.00485773803666, -0.0272502209991, 0.0480260886252, -0.0193752907217], [-0.000702972698491, 0.000322666601278, -0.00315248291008, 0.00515956711024, -0.00529624521732, 0.00674566859379, -0.00447443732992, 0.00700578885153, -0.00724382558838, 0.00656563602388, 0.0052882656455, -0.0193752907217, 0.0405539833009]]
    },
    "melbands": {
        "mean": [2.57146484728e-006, 8.55859616422e-006, 0.000238947031903, 0.00146908790339, 0.00163946370594, 0.000778575602453, 0.000497527071275, 0.00057707488304, 0.000646043394227, 0.00142809480894, 0.00128115701955, 0.000246257666731, 1.9433815396e-005, 6.31200018688e-005, 1.30770540636e-005, 1.14973572636e-005, 1.08605217974e-005, 1.1832285054e-005, 1.1065342278e-006, 1.22095957522e-006, 1.01753926174e-006, 5.62127695503e-007, 4.32271406225e-007, 2.97356649526e-007, 2.46954471095e-007, 2.26717915552e-007, 1.60375947189e-007, 1.69185327081e-007, 1.22372057376e-007, 8.11314393445e-008, 5.68215057228e-008, 4.94113834293e-008, 3.42221220251e-008, 2.24857235054e-008, 1.86156245974e-008, 1.42073828258e-008, 1.05642490311e-008, 8.1744655489e-009, 6.15639228485e-009, 4.68205962889e-009],
        "var": [1.00451643531e-011, 8.03719313325e-011, 6.04705050478e-008, 2.40348481384e-006, 2.60666888607e-006, 4.80908340705e-007, 1.52601558057e-007, 2.21664620881e-007, 2.96584687476e-007, 1.36659878081e-006, 1.08429628654e-006, 5.96325335778e-008, 2.48354864452e-010, 3.54085827325e-009, 6.13918568759e-011, 6.26897353473e-011, 7.60869700578e-011, 2.02693917206e-010, 6.46844557084e-013, 6.14313341949e-013, 1.20533173286e-012, 2.29981181668e-013, 3.3445067462e-013, 1.07455717772e-013, 1.37912440799e-013, 1.35404613411e-013, 1.59747066378e-013, 1.41166090861e-013, 8.22298975331e-014, 2.57464524283e-014, 1.01846326782e-014, 1.48901734448e-014, 8.82900133889e-015, 5.24675755045e-015, 1.60763687603e-015, 1.25084574046e-015, 8.4672245674e-016, 3.31586532024e-016, 1.40605325192e-016, 3.14845686827e-017]
    },
    "mfcc": {
        "mean": [-739.870178223, 214.114089966, -9.04690361023, -24.9850959778, -44.2182655334, -24.773765564, -22.8835201263, -17.290014267, -11.2181558609, -7.4600186348, -13.3709259033, -17.4934120178, -21.5236587524],
        "cov": [[676.754638672, -302.535217285, -74.7341156006, -0.892200708389, -156.912109375, -60.69348526, 9.63761138916, 23.1174373627, 9.10346794128, 55.0751075745, 33.3809509277, 2.7135488987, -25.9116287231], [-302.535217285, 644.900817871, 104.533981323, -34.375617981, 118.524703979, 53.7222213745, -15.1506118774, -32.2871513367, -14.791015625, -55.7953147888, -50.5911560059, -26.7090110779, 7.11627817154], [-74.7341156006, 104.533981323, 155.847183228, 27.6321277618, 65.8055496216, 43.9543380737, -9.20808410645, -16.1066799164, -22.994392395, -25.0847225189, -33.4372596741, -11.6257638931, 13.69135952], [-0.892200708389, -34.375617981, 27.6321277618, 77.6852874756, 34.8414878845, 19.3651199341, 3.91292572021, -3.06589484215, -3.62039470673, -3.07649707794, -0.341918617487, 4.12472629547, 6.67312812805], [-156.912109375, 118.524703979, 65.8055496216, 34.8414878845, 133.844055176, 51.7499389648, -6.00050067902, -19.7813892365, -18.6246089935, -28.2798938751, -17.7282485962, 1.59773135185, 17.5817718506], [-60.69348526, 53.7222213745, 43.9543380737, 19.3651199341, 51.7499389648, 64.3422241211, 11.797545433, -5.84560108185, -8.86325645447, -14.946059227, -10.5732650757, -0.118869408965, 12.2968177795], [9.63761138916, -15.1506118774, -9.20808410645, 3.91292572021, -6.00050067902, 11.797545433, 47.2917785645, 23.1049118042, 7.89866018295, 6.12128973007, 4.09830570221, 1.57593226433, 2.12820863724], [23.1174373627, -32.2871513367, -16.1066799164, -3.06589484215, -19.7813892365, -5.84560108185, 23.1049118042, 49.8180961609, 24.1752376556, 10.8839206696, 9.06672763824, 1.64479911327, -1.90938460827], [9.10346794128, -14.791015625, -22.994392395, -3.62039470673, -18.6246089935, -8.86325645447, 7.89866018295, 24.1752376556, 49.3559494019, 25.7241783142, 12.2540502548, 1.76428174973, -4.78054857254], [55.0751075745, -55.7953147888, -25.0847225189, -3.07649707794, -28.2798938751, -14.946059227, 6.12128973007, 10.8839206696, 25.7241783142, 56.6432342529, 28.1548900604, 4.63160514832, -4.39596033096], [33.3809509277, -50.5911560059, -33.4372596741, -0.341918617487, -17.7282485962, -10.5732650757, 4.09830570221, 9.06672763824, 12.2540502548, 28.1548900604, 54.4951324463, 21.7202148438, 0.974799394608], [2.7135488987, -26.7090110779, -11.6257638931, 4.12472629547, 1.59773135185, -0.118869408965, 1.57593226433, 1.64479911327, 1.76428174973, 4.63160514832, 21.7202148438, 44.7334709167, 22.8683700562], [-25.9116287231, 7.11627817154, 13.69135952, 6.67312812805, 17.5817718506, 12.2968177795, 2.12820863724, -1.90938460827, -4.78054857254, -4.39596033096, 0.974799394608, 22.8683700562, 49.0159301758]],
        "icov": [[0.0023731244728, 0.000572614662815, -0.000160497118486, -0.000772250699811, 0.00241642468609, -7.12393884896e-005, 0.000109987959149, -0.000290400348604, 0.00128754787147, -0.00125103117898, 0.000188297373825, -0.000135486101499, 0.000529222015757], [0.000572614662815, 0.00252207019366, -0.00101104564965, 0.00211976841092, -0.0013389576925, -0.000180209957762, -0.000327624904457, 0.00113804184366, -0.00138791219797, 0.00122185493819, 7.59137546993e-005, 0.000882860913407, 7.52174819354e-005], [-0.000160497118486, -0.00101104564965, 0.0106474086642, -0.00253689708188, -0.00152610940859, -0.00434015365317, 0.00320902094245, -0.00198004790582, 0.00339273898862, -0.00200775568374, 0.00421242974699, 0.00130096822977, -0.00168689712882], [-0.000772250699811, 0.00211976841092, -0.00253689708188, 0.0177035406232, -0.00579741830006, -0.00122391397599, -0.00195620162413, 0.00150868564378, -0.002124580089, 0.000939204415772, -0.00111712689977, -0.000313956610626, 0.000158400085638], [0.00241642468609, -0.0013389576925, -0.00152610940859, -0.00579741830006, 0.0175455678254, -0.00772067578509, 0.00263113179244, 0.000916919321753, 0.00194150675088, 0.000863941386342, -0.000245086266659, -0.00114791828673, -0.00094048428582], [-7.12393884896e-005, -0.000180209957762, -0.00434015365317, -0.00122391397599, -0.00772067578509, 0.0282558333129, -0.0106197856367, 0.00390063249506, -0.00178005767521, 0.00303654093295, -0.0013083985541, 0.00129497784656, -0.00281822774559], [0.000109987959149, -0.000327624904457, 0.00320902094245, -0.00195620162413, 0.00263113179244, -0.0106197856367, 0.0323785282671, -0.016320200637, 0.00473052030429, -0.00401999056339, 0.00171714229509, -7.44667195249e-005, -0.000744019343983], [-0.000290400348604, 0.00113804184366, -0.00198004790582, 0.00150868564378, 0.000916919321753, 0.00390063249506, -0.016320200637, 0.0362670011818, -0.0170095600188, 0.00628151418641, -0.00375288608484, 0.00157087983098, -0.000911017064936], [0.00128754787147, -0.00138791219797, 0.00339273898862, -0.002124580089, 0.00194150675088, -0.00178005767521, 0.00473052030429, -0.0170095600188, 0.0368268378079, -0.0161557216197, 0.00360392010771, -0.00206930353306, 0.00214247242548], [-0.00125103117898, 0.00122185493819, -0.00200775568374, 0.000939204415772, 0.000863941386342, 0.00303654093295, -0.00401999056339, 0.00628151418641, -0.0161557216197, 0.0340687893331, -0.0153778959066, 0.00563304498792, -0.00190073717386], [0.000188297373825, 7.59137546993e-005, 0.00421242974699, -0.00111712689977, -0.000245086266659, -0.0013083985541, 0.00171714229509, -0.00375288608484, 0.00360392010771, -0.0153778959066, 0.0348277501762, -0.0169245861471, 0.00543524278328], [-0.000135486101499, 0.000882860913407, 0.00130096822977, -0.000313956610626, -0.00114791828673, 0.00129497784656, -7.44667195249e-005, 0.00157087983098, -0.00206930353306, 0.00563304498792, -0.0169245861471, 0.0404783040285, -0.0186143293977], [0.000529222015757, 7.52174819354e-005, -0.00168689712882, 0.000158400085638, -0.00094048428582, -0.00281822774559, -0.000744019343983, -0.000911017064936, 0.00214247242548, -0.00190073717386, 0.00543524278328, -0.0186143293977, 0.0307760946453]]
    },
    "spectral_contrast_coeffs": {
        "mean": [-0.403620779514, -0.727960765362, -0.610571146011, -0.782407224178, -0.843158245087, -0.7995839715],
        "var": [0.00488791801035, 0.00254436209798, 0.00417346600443, 0.000887242145836, 0.000364008155884, 0.000416878378019]
    },
    "spectral_contrast_valleys": {
        "mean": [-9.26340198517, -5.85667896271, -7.10451412201, -8.35330295563, -9.03029727936, -11.9720630646],
        "var": [0.409406214952, 0.334237366915, 0.291280031204, 0.246500328183, 0.333018839359, 0.302973270416]
    }
},
"metadata": {
    "audio_properties": {
        "analysis_sample_rate": 44100,
        "bit_rate": 128074,
        "equal_loudness": 0,
        "length": 45.0612258911,
        "lossless": 0,
        "replay_gain": -4.94623374939,
        "sample_rate": 44100,
        "codec": "mp3",
        "downmix": "mix",
        "md5_encoded": "926fe0260ef5fb00a866575462348cfc"
    },
    "tags": {
        "file_name": "1328.mp3"
    },
    "version": {
        "essentia": "2.1-beta2",
        "essentia_git_sha": "v2.1_beta2",
        "extractor": "music 1.0"
    }
},
"rhythm": {
    "beats_count": 80,
    "beats_loudness": {
        "mean": 0.0337410345674,
        "var": 0.000148644699948
    },
    "bpm": 112.21673584,
    "bpm_histogram_first_peak_bpm": {
        "mean": 112,
        "var": 0
    },
    "bpm_histogram_first_peak_spread": {
        "mean": 0.641025662422,
        "var": 0
    },
    "bpm_histogram_first_peak_weight": {
        "mean": 0.177215188742,
        "var": 0
    },
    "bpm_histogram_second_peak_bpm": {
        "mean": 123,
        "var": 0
    },
    "bpm_histogram_second_peak_spread": {
        "mean": 0.222222268581,
        "var": 0
    },
    "bpm_histogram_second_peak_weight": {
        "mean": 0.0886075943708,
        "var": 0
    },
    "danceability": 1.17709541321,
    "onset_rate": 0.820735037327,
    "beats_loudness_band_ratio": {
        "mean": [0.0393891967833, 0.400065004826, 0.49230581522, 0.101321831346, 0.0065875723958, 0.000699803349562],
        "var": [0.000958304677624, 0.0527796037495, 0.0439059063792, 0.00455993646756, 0.000113398069516, 8.87397504812e-007]
    },
    "beats_position": [0.522448956966, 1.05650794506, 1.57895684242, 2.11301589012, 2.6470746994, 3.1811337471, 3.70358276367, 4.22603178024, 4.74848079681, 5.27092981339, 5.80498838425, 6.35065746307, 6.8963265419, 7.4303855896, 7.95283412933, 8.47528362274, 9.03256225586, 9.58984088898, 10.1471195221, 10.774058342, 11.412607193, 12.051156044, 12.6780948639, 13.3050336838, 13.9319725037, 14.5356912613, 15.0929698944, 15.6502494812, 16.2075271606, 16.7764167786, 17.3220863342, 17.9258041382, 18.5063037872, 19.0868015289, 19.667301178, 20.2594108582, 20.851518631, 21.4552383423, 22.0473461151, 22.5697956085, 23.0806350708, 23.5914726257, 24.0907020569, 24.5667114258, 25.0543308258, 25.5419502258, 26.0295696259, 26.5171871185, 27.0048065186, 27.4924259186, 27.9800453186, 28.5024929047, 29.0249423981, 29.5590019226, 30.0930614471, 30.6038990021, 31.1263484955, 31.6487979889, 32.171245575, 32.7053070068, 33.2277526855, 33.7618141174, 34.2958717346, 34.8299331665, 35.3639907837, 35.9096603394, 36.455329895, 36.9893875122, 37.6163253784, 38.2548751831, 38.9398651123, 39.613243103, 40.2866210938, 40.9599990845, 41.6333770752, 42.2951469421, 42.9801368713, 43.6535148621, 44.3036727905, 44.953830719]
},
"tonal": {
    "chords_changes_rate": 0.0401234552264,
    "chords_number_rate": 0.00617283955216,
    "chords_strength": {
        "mean": 0.496434926987,
        "var": 0.00974732637405
    },
    "hpcp_entropy": {
        "mean": 2.01443552971,
        "var": 0.273914366961
    },
    "key_strength": 0.694342136383,
    "tuning_diatonic_strength": 0.557468771935,
    "tuning_equal_tempered_deviation": 0.066058807075,
    "tuning_frequency": 444.855529785,
    "tuning_nontempered_energy_ratio": 0.74039298296,
    "hpcp": {
        "mean": [0.163073241711, 0.11758775264, 0.0281041357666, 0.00582737475634, 0.0156011171639, 0.175312548876, 0.349207341671, 0.208378240466, 0.0260021016002, 0.0102799087763, 0.0338647663593, 0.241534262896, 0.491608679295, 0.343212366104, 0.0708349570632, 0.00798854697496, 0.00351331476122, 0.00471333460882, 0.0054002488032, 0.00974418502301, 0.174394980073, 0.344473183155, 0.189137920737, 0.0273167509586, 0.0265947561711, 0.181010097265, 0.613099455833, 0.641924679279, 0.243103027344, 0.0578508228064, 0.0220303051174, 0.0394696556032, 0.210629552603, 0.27585926652, 0.109510667622, 0.0832280367613],
        "var": [0.0606071054935, 0.0356775186956, 0.00353775313124, 0.000286951719318, 0.00145906500984, 0.0398378707469, 0.1403195858, 0.0592593960464, 0.00556813972071, 0.00184756901581, 0.00340857310221, 0.0411218516529, 0.108424596488, 0.0660941526294, 0.00972037017345, 0.000482635456137, 2.41428551817e-005, 2.31821832131e-005, 4.54371693195e-005, 0.000209168167203, 0.0266736727208, 0.0952878445387, 0.0286478269845, 0.00121538294479, 0.00151179567911, 0.0214381553233, 0.112733967602, 0.0935605689883, 0.0359070338309, 0.00518468813971, 0.000935359683353, 0.00193175591994, 0.0398139506578, 0.0628978088498, 0.0110645228997, 0.0163486339152]
    },
    "chords_histogram": [53.9094657898, 0.925925910473, 8.02469158173, 3.60082316399, 0, 0, 0, 1.95473253727, 7.20164632797, 0, 0, 0, 0, 0, 0, 0, 0, 0, 0, 0, 0, 0, 24.3827152252, 0],
    "thpcp": [1, 0.378709584475, 0.0901208892465, 0.0343191437423, 0.0614864267409, 0.328121900558, 0.429737746716, 0.170597374439, 0.129653900862, 0.254037976265, 0.183179989457, 0.0437810495496, 0.00907797273248, 0.0243036560714, 0.273104548454, 0.544000506401, 0.324614793062, 0.0405064672232, 0.0160141978413, 0.0527550466359, 0.376265734434, 0.765835464001, 0.534661412239, 0.110347770154, 0.0124446796253, 0.00547309499234, 0.00734250433743, 0.00841258931905, 0.0151796387509, 0.271675139666, 0.536625564098, 0.294641911983, 0.04255444929, 0.0414297133684, 0.281980276108, 0.955095648766],
    "chords_key": "F#",
    "chords_scale": "minor",
    "key_key": "F#",
    "key_scale": "minor"
}
}