{
"lowlevel": {
    "average_loudness": 0.980115354061,
    "barkbands_crest": {
        "mean": 11.9039173126,
        "var": 11.8348608017
    },
    "barkbands_flatness_db": {
        "mean": 0.196125417948,
        "var": 0.00199179374613
    },
    "barkbands_kurtosis": {
        "mean": 13.2261695862,
        "var": 132.303588867
    },
    "barkbands_skewness": {
        "mean": 2.7841231823,
        "var": 1.3513212204
    },
    "barkbands_spread": {
        "mean": 10.5165882111,
        "var": 59.4562149048
    },
    "dissonance": {
        "mean": 0.450085818768,
        "var": 0.00117573654279
    },
    "dynamic_complexity": 1.02833712101,
    "erbbands_crest": {
        "mean": 10.7109251022,
        "var": 13.1252651215
    },
    "erbbands_flatness_db": {
        "mean": 0.181981146336,
        "var": 0.00120895146392
    },
    "erbbands_kurtosis": {
        "mean": 2.62844657898,
        "var": 16.5333633423
    },
    "erbbands_skewness": {
        "mean": 1.35693132877,
        "var": 0.964210510254
    },
    "erbbands_spread": {
        "mean": 37.0684700012,
        "var": 344.301269531
    },
    "hfc": {
        "mean": 17.9080924988,
        "var": 113.046882629
    },
    "melbands_crest": {
        "mean": 15.0784053802,
        "var": 19.9145183563
    },
    "melbands_flatness_db": {
        "mean": 0.258524298668,
        "var": 0.00297254440375
    },
    "melbands_kurtosis": {
        "mean": 25.7728214264,
        "var": 331.418518066
    },
    "melbands_skewness": {
        "mean": 3.52985143661,
        "var": 1.65097463131
    },
    "melbands_spread": {
        "mean": 9.35175704956,
        "var": 50.370891571
    },
    "pitch_salience": {
        "mean": 0.561055481434,
        "var": 0.00916734151542
    },
    "silence_rate_20dB": {
        "mean": 1,
        "var": 0
    },
    "silence_rate_30dB": {
        "mean": 0.978887736797,
        "var": 0.0206668190658
    },
    "silence_rate_60dB": {
        "mean": 0.00154479919001,
        "var": 0.00154241069686
    },
    "spectral_centroid": {
        "mean": 667.34753418,
        "var": 141216.796875
    },
    "spectral_complexity": {
        "mean": 15.8115348816,
        "var": 81.2912521362
    },
    "spectral_decrease": {
        "mean": -1.15210099239e-008,
        "var": 3.92800643592e-017
    },
    "spectral_energy": {
        "mean": 0.0451072230935,
        "var": 0.000581242144108
    },
    "spectral_energyband_high": {
        "mean": 0.000577017315663,
        "var": 8.04930380127e-007
    },
    "spectral_energyband_low": {
        "mean": 0.0139710223302,
        "var": 0.000416881375713
    },
    "spectral_energyband_middle_high": {
        "mean": 0.00278772390448,
        "var": 8.43369889481e-006
    },
    "spectral_energyband_middle_low": {
        "mean": 0.0290811322629,
        "var": 0.000118430929433
    },
    "spectral_entropy": {
        "mean": 7.12541103363,
        "var": 0.219041675329
    },
    "spectral_flux": {
        "mean": 0.0994132906199,
        "var": 0.00276192184538
    },
    "spectral_kurtosis": {
        "mean": 4.32471895218,
        "var": 7.12582159042
    },
    "spectral_rms": {
        "mean": 0.00642705289647,
        "var": 2.70005739367e-006
    },
    "spectral_rolloff": {
        "mean": 594.446655273,
        "var": 463904.59375
    },
    "spectral_skewness": {
        "mean": 1.67825508118,
        "var": 0.241927236319
    },
    "spectral_spread": {
        "mean": 4538973.5,
        "var": 2.29541963366e+012
    },
    "spectral_strongpeak": {
        "mean": 0.791477560997,
        "var": 0.251338601112
    },
    "zerocrossingrate": {
        "mean": 0.0339767821133,
        "var": 0.000361761427484
    },
    "barkbands": {
        "mean": [0.00140452617779, 0.00937248952687, 0.00195758976042, 0.00308606680483, 0.01299049519, 0.00866283848882, 0.00247748824768, 0.000379486911697, 0.00135877134744, 0.000402896228479, 0.000298977538478, 0.000388352578739, 0.000273694895441, 0.000430541782407, 0.000186002827832, 0.000309227150865, 0.000181034614798, 0.000152794294991, 0.00014592288062, 0.0001503455278, 0.000159815273946, 0.000131714507006, 0.000106197039713, 6.43652456347e-005, 3.08619419229e-005, 4.74668877359e-006, 4.49383925627e-008],
        "var": [4.90837919642e-006, 0.00030522106681, 1.97684803425e-005, 7.57101452109e-006, 6.00394305366e-005, 3.65540436178e-005, 1.5107724721e-005, 5.64476238196e-007, 1.99096803044e-006, 1.02246519873e-006, 6.28869486263e-007, 7.08174525244e-007, 2.94526131484e-007, 5.94965058553e-007, 2.70563560889e-007, 3.99922242877e-007, 1.32928320795e-007, 8.96921648064e-008, 6.73460007761e-008, 5.23726484403e-008, 8.12201008671e-008, 4.34684253037e-008, 3.14501242826e-008, 1.81324644188e-008, 1.04632498221e-008, 1.62205582299e-010, 2.27031948471e-013]
    },
    "erbbands": {
        "mean": [0.463117599487, 1.33334827423, 1.95951735973, 6.92579555511, 17.8430500031, 45.0971794128, 87.430480957, 64.1272888184, 45.9823379517, 13.8165121078, 15.3689613342, 33.434551239, 13.5430440903, 11.4015274048, 13.7568054199, 13.7467556, 13.1910972595, 13.5159015656, 19.9408512115, 12.0415992737, 16.5520095825, 11.4027814865, 8.87649059296, 7.59027528763, 6.98888254166, 6.78976106644, 6.9774851799, 6.02375125885, 4.83764266968, 3.53104901314, 3.15180063248, 1.5585565567, 1.02707839012, 0.444787055254, 0.1680560112, 0.0390158332884, 0.0055697732605, 0.000405414553825, 3.47181776306e-005, 5.21539041074e-005],
        "var": [0.708433449268, 7.75863170624, 18.9371395111, 47.7170524597, 270.374938965, 1183.82824707, 1854.3157959, 1923.24926758, 3366.74023438, 1300.04797363, 374.587615967, 1354.10058594, 1211.421875, 513.597167969, 945.865478516, 845.40814209, 571.343994141, 519.79083252, 1727.14135742, 1077.96289063, 920.38104248, 482.817871094, 302.628448486, 198.202865601, 144.511428833, 118.316322327, 108.519584656, 131.782592773, 61.8570175171, 32.3680534363, 26.3004550934, 9.35774993896, 5.33391904831, 1.65603089333, 0.395448148251, 0.0125430803746, 0.00018667880795, 4.81818869957e-006, 3.88748144786e-009, 7.50232487245e-010]
    },
    "gfcc": {
        "mean": [-2.94410276413, 118.658927917, -107.882537842, 41.2476119995, -80.2197036743, 6.3809132576, -48.7748260498, -13.330783844, -27.0427322388, -7.65001344681, -10.7242546082, -1.41427659988, 0.819410920143],
        "cov": [[2497.67602539, -307.315368652, -272.69430542, 363.742431641, 120.500419617, 124.591041565, -35.4112739563, 282.083526611, 74.5821304321, 208.062606812, -18.6799488068, 20.4575023651, -16.649892807], [-307.315368652, 595.838623047, 3.32781887054, -38.7531700134, 189.167022705, -17.1585865021, 144.837677002, -70.7768173218, 175.22428894, -12.3350772858, 120.077514648, -22.6984977722, 47.8255882263], [-272.69430542, 3.32781887054, 660.181274414, 97.2456436157, -107.404640198, 158.635726929, 163.856643677, 85.1753616333, -42.5270614624, 58.4800949097, 72.3902282715, 69.2952346802, -6.96511268616], [363.742431641, -38.7531700134, 97.2456436157, 315.903839111, 144.022216797, 97.7656326294, 123.012901306, 108.756034851, 66.6661148071, 57.5562858582, 63.0942153931, 59.6360664368, 63.9569740295], [120.500419617, 189.167022705, -107.404640198, 144.022216797, 309.858886719, 61.5481414795, 75.1617660522, 45.0997810364, 138.423721313, 42.2778015137, 63.4977264404, 28.1832294464, 80.18699646], [124.591041565, -17.1585865021, 158.635726929, 97.7656326294, 61.5481414795, 149.90411377, 108.102012634, 74.2039108276, 14.4615058899, 51.4601554871, 39.0513114929, 44.40184021, 32.6604766846], [-35.4112739563, 144.837677002, 163.856643677, 123.012901306, 75.1617660522, 108.102012634, 216.139907837, 74.7194747925, 49.078212738, 25.7253894806, 81.2771148682, 41.2341995239, 49.0894622803], [282.083526611, -70.7768173218, 85.1753616333, 108.756034851, 45.0997810364, 74.2039108276, 74.7194747925, 159.430831909, 42.4803009033, 61.6515960693, 18.7318267822, 45.6328735352, 14.8734827042], [74.5821304321, 175.22428894, -42.5270614624, 66.6661148071, 138.423721313, 14.4615058899, 49.078212738, 42.4803009033, 170.301895142, 68.2115859985, 59.7728118896, 13.3901109695, 40.6545410156], [208.062606812, -12.3350772858, 58.4800949097, 57.5562858582, 42.2778015137, 51.4601554871, 25.7253894806, 61.6515960693, 68.2115859985, 142.409210205, 58.6773910522, 20.8206195831, 2.45916962624], [-18.6799488068, 120.077514648, 72.3902282715, 63.0942153931, 63.4977264404, 39.0513114929, 81.2771148682, 18.7318267822, 59.7728118896, 58.6773910522, 109.410140991, 40.5298309326, 21.349439621], [20.4575023651, -22.6984977722, 69.2952346802, 59.6360664368, 28.1832294464, 44.40184021, 41.2341995239, 45.6328735352, 13.3901109695, 20.8206195831, 40.5298309326, 74.5369415283, 42.7937088013], [-16.649892807, 47.8255882263, -6.96511268616, 63.9569740295, 80.18699646, 32.6604766846, 49.0894622803, 14.8734827042, 40.6545410156, 2.45916962624, 21.349439621, 42.7937088013, 87.9972000122]],
        "icov": [[0.00126597925555, -0.00229939795099, 0.00186704995576, -0.00300281168893, 0.00217622425407, -0.00281540490687, 0.00279310438782, -0.00267046573572, 0.00195613503456, -0.00203881924972, 0.00138960429467, -0.000434970948845, 0.000802218040917], [-0.00229939795099, 0.0153275215998, -0.00617778860033, 0.0116694439203, -0.0100205847993, 0.0105141540989, -0.0128512652591, 0.00926441140473, -0.012198580429, 0.0090151745826, -0.0102392444387, 0.00743046915159, -0.00264929072], [0.00186704995576, -0.00617778860033, 0.00655287876725, -0.00651012919843, 0.00685516279191, -0.00819800980389, 0.0047424104996, -0.00456451904029, 0.00485825398937, -0.00446343002841, 0.00335135729983, -0.00389625644311, 0.0028449553065], [-0.00300281168893, 0.0116694439203, -0.00651012919843, 0.0164602976292, -0.0107247354463, 0.00991468317807, -0.0118728140369, 0.00617936672643, -0.00836187321693, 0.00730483559892, -0.00828216783702, 0.00462799658999, -0.00429953448474], [0.00217622425407, -0.0100205847993, 0.00685516279191, -0.0107247354463, 0.0159825813025, -0.0127963582054, 0.0107489461079, -0.00744680408388, 0.00324597326107, -0.00381627073511, 0.0026606307365, -0.00116170989349, -0.00183056981768], [-0.00281540490687, 0.0105141540989, -0.00819800980389, 0.00991468317807, -0.0127963582054, 0.0274063441902, -0.0170978363603, 0.00751495314762, -0.00372205325402, 0.000339377234923, -0.000691966793966, -0.000831820478197, -0.00206295284443], [0.00279310438782, -0.0128512652591, 0.0047424104996, -0.0118728140369, 0.0107489461079, -0.0170978363603, 0.0269911121577, -0.0154987378046, 0.00943571515381, -0.000657780270558, -0.00497905444354, 0.00516165560111, -0.00501186167821], [-0.00267046573572, 0.00926441140473, -0.00456451904029, 0.00617936672643, -0.00744680408388, 0.00751495314762, -0.0154987378046, 0.0235439836979, -0.0110008250922, 0.000226269010454, 0.00622833753005, -0.00995382107794, 0.00667589623481], [0.00195613503456, -0.012198580429, 0.00485825398937, -0.00836187321693, 0.00324597326107, -0.00372205325402, 0.00943571515381, -0.0110008250922, 0.0238545797765, -0.0119294328615, 0.00396125996485, -0.00119548419025, -0.00258592586033], [-0.00203881924972, 0.0090151745826, -0.00446343002841, 0.00730483559892, -0.00381627073511, 0.000339377234923, -0.000657780270558, 0.000226269010454, -0.0119294328615, 0.0221813768148, -0.0175694860518, 0.0103962784633, -0.00316929002292], [0.00138960429467, -0.0102392444387, 0.00335135729983, -0.00828216783702, 0.0026606307365, -0.000691966793966, -0.00497905444354, 0.00622833753005, 0.00396125996485, -0.0175694860518, 0.0388978645205, -0.0265109203756, 0.0137860048562], [-0.000434970948845, 0.00743046915159, -0.00389625644311, 0.00462799658999, -0.00116170989349, -0.000831820478197, 0.00516165560111, -0.00995382107794, -0.00119548419025, 0.0103962784633, -0.0265109203756, 0.044603921473, -0.0226199347526], [0.000802218040917, -0.00264929072, 0.0028449553065, -0.00429953448474, -0.00183056981768, -0.00206295284443, -0.00501186167821, 0.00667589623481, -0.00258592586033, -0.00316929002292, 0.0137860048562, -0.0226199347526, 0.0293458532542]]
    },
    "melbands": {
        "mean": [0.00325456168503, 0.00124629412312, 0.00147870427463, 0.00210186233744, 0.00304900459014, 0.00150738307275, 0.00061161222402, 0.000112250287202, 0.000168839134858, 0.000186791978194, 6.27879562671e-005, 4.67557620141e-005, 4.49481485703e-005, 4.43604185421e-005, 3.62061073247e-005, 2.3019461878e-005, 2.61800487351e-005, 3.94085982407e-005, 1.3354395378e-005, 1.77995989361e-005, 1.95171123778e-005, 1.15846514745e-005, 9.11592724151e-006, 6.83012149238e-006, 6.0551419665e-006, 5.45368357052e-006, 4.80532798974e-006, 4.34286494055e-006, 4.49715935247e-006, 3.86414058084e-006, 3.37318283528e-006, 2.7922069421e-006, 2.40797044171e-006, 1.76495132109e-006, 1.95061966224e-006, 1.34931713092e-006, 7.98677262992e-007, 7.64167396028e-007, 5.3281178225e-007, 3.25848105831e-007],
        "var": [3.50348382199e-005, 5.52090614292e-006, 1.73363241629e-006, 2.7687765396e-006, 2.19676485358e-006, 1.01398222796e-006, 6.30735826235e-007, 1.06013018808e-007, 3.32675043069e-008, 4.63321185862e-008, 3.09649337282e-008, 8.82908945954e-009, 1.1592385718e-008, 1.1820668e-008, 4.79037742807e-009, 1.97608263086e-009, 2.10633488429e-009, 7.2111761007e-009, 1.37089672947e-009, 2.08550243741e-009, 1.47295553532e-009, 5.67599356405e-010, 3.31293215083e-010, 2.03594544002e-010, 1.35133557122e-010, 9.05442248955e-011, 7.83637807422e-011, 4.6025034478e-011, 3.7728632718e-011, 5.47452569388e-011, 4.35536676169e-011, 1.81821398215e-011, 1.8786959835e-011, 7.94589741226e-012, 9.96128700359e-012, 6.12828060867e-012, 2.77050582996e-012, 2.99492266924e-012, 1.82139915129e-012, 1.06936811836e-012]
    },
    "mfcc": {
        "mean": [-641.834899902, 133.115142822, 23.7685489655, 26.2976036072, -6.01584720612, 9.34463024139, -11.2833518982, -4.72219800949, -14.5605211258, -8.56193065643, -14.3964290619, -7.02170419693, -6.73399066925],
        "cov": [[2235.9753418, -451.648040771, -399.958709717, 224.871154785, 204.182907104, -31.1333293915, 9.68957710266, -12.1512794495, 187.243652344, 132.704681396, 159.317703247, 111.379776001, 31.0614738464], [-451.648040771, 630.579040527, -66.6165466309, -21.432466507, 25.8361949921, 81.7079925537, -29.3060894012, 16.3933849335, -19.4717884064, 49.1023750305, 32.3532295227, 45.8539581299, 50.5630149841], [-399.958709717, -66.6165466309, 689.143066406, 15.2733697891, -108.709106445, 45.6981582642, 163.559371948, 77.1743011475, -15.2736692429, -6.80972671509, 42.0258789063, 39.1565437317, 56.897403717], [224.871154785, -21.432466507, 15.2733697891, 222.577468872, 93.6483612061, 68.7079925537, 71.4252853394, 73.0582809448, 67.7189865112, 53.6682319641, 56.499710083, 56.7001571655, 40.9072608948], [204.182907104, 25.8361949921, -108.709106445, 93.6483612061, 177.377578735, 58.5470275879, 0.469432771206, 24.7584247589, 60.2822608948, 49.3623275757, 32.8775672913, 40.1930541992, 31.2513790131], [-31.1333293915, 81.7079925537, 45.6981582642, 68.7079925537, 58.5470275879, 131.757904053, 71.1904373169, 41.7206001282, 30.4247207642, 45.2098731995, 31.9634151459, 33.7116203308, 32.8947525024], [9.68957710266, -29.3060894012, 163.559371948, 71.4252853394, 0.469432771206, 71.1904373169, 175.679870605, 92.4964370728, 36.1823997498, 23.5370941162, 41.153011322, 28.8892269135, 33.8969955444], [-12.1512794495, 16.3933849335, 77.1743011475, 73.0582809448, 24.7584247589, 41.7206001282, 92.4964370728, 144.339172363, 57.0383110046, 18.4673309326, 9.53227043152, 21.8909626007, 20.6411457062], [187.243652344, -19.4717884064, -15.2736692429, 67.7189865112, 60.2822608948, 30.4247207642, 36.1823997498, 57.0383110046, 116.95652771, 48.121635437, 19.4877433777, 34.3310623169, 26.8974494934], [132.704681396, 49.1023750305, -6.80972671509, 53.6682319641, 49.3623275757, 45.2098731995, 23.5370941162, 18.4673309326, 48.121635437, 93.3568649292, 61.6232261658, 30.4968280792, 30.4140911102], [159.317703247, 32.3532295227, 42.0258789063, 56.499710083, 32.8775672913, 31.9634151459, 41.153011322, 9.53227043152, 19.4877433777, 61.6232261658, 118.381530762, 66.7094955444, 41.1655502319], [111.379776001, 45.8539581299, 39.1565437317, 56.7001571655, 40.1930541992, 33.7116203308, 28.8892269135, 21.8909626007, 34.3310623169, 30.4968280792, 66.7094955444, 100.598983765, 64.0936965942], [31.0614738464, 50.5630149841, 56.897403717, 40.9072608948, 31.2513790131, 32.8947525024, 33.8969955444, 20.6411457062, 26.8974494934, 30.4140911102, 41.1655502319, 64.0936965942, 93.8002624512]],
        "icov": [[0.000977516756393, 0.000778923742473, 0.00067804439459, -0.000345877633663, -0.000166589132277, 0.000547529489268, -0.00033097731648, 0.000396505871322, -0.000722231226973, -0.000621557992417, -0.0008198057767, -0.000742830045056, 0.000167813705048], [0.000778923742473, 0.00289147091098, 0.000920446356758, 0.000570908247028, 0.000388449319871, -0.00156181096099, 0.00118091725744, -0.00115499773528, 0.000839350977913, -0.00170902069658, -0.000600377097726, -0.00142145133577, -0.000829973549116], [0.00067804439459, 0.000920446356758, 0.00282887066714, -5.37204359716e-005, 0.00158127455506, -0.000305126683088, -0.00160613737535, -0.000371543195797, 0.000188618927496, -0.000253619335126, -0.000916969380341, -0.000884004344698, -0.00113624613732], [-0.000345877633663, 0.000570908247028, -5.37204359716e-005, 0.00827870704234, -0.00245203939267, -0.00166511267889, -0.000625183747616, -0.00251981336623, -0.000207801684155, -0.000653619179502, -0.000920695194509, -0.00140774121974, 4.77348476124e-005], [-0.000166589132277, 0.000388449319871, 0.00158127455506, -0.00245203939267, 0.0109674949199, -0.0043573314324, 0.00282836006954, -0.000806658179499, -0.00227794074453, -0.000382371916203, -0.000702705059666, -0.000347487977706, -0.00169157446362], [0.000547529489268, -0.00156181096099, -0.000305126683088, -0.00166511267889, -0.0043573314324, 0.0158641617745, -0.00700130220503, 0.00208857050166, 0.00129337084945, -0.00562448846176, 0.00364972278476, -0.00286704581231, 0.00134081207216], [-0.00033097731648, 0.00118091725744, -0.00160613737535, -0.000625183747616, 0.00282836006954, -0.00700130220503, 0.0150615628809, -0.00697702448815, -0.00093254132662, 0.00317526538856, -0.00527277449146, 0.00379917211831, -0.00271874130704], [0.000396505871322, -0.00115499773528, -0.000371543195797, -0.00251981336623, -0.000806658179499, 0.00208857050166, -0.00697702448815, 0.0142592778429, -0.00504777999595, 0.000493888452183, 0.00265022856183, -0.000986096798442, 0.00153343752027], [-0.000722231226973, 0.000839350977913, 0.000188618927496, -0.000207801684155, -0.00227794074453, 0.00129337084945, -0.00093254132662, -0.00504777999595, 0.0179462786764, -0.00951161887497, 0.00689401756972, -0.00572632532567, 0.000341273291269], [-0.000621557992417, -0.00170902069658, -0.000253619335126, -0.000653619179502, -0.000382371916203, -0.00562448846176, 0.00317526538856, 0.000493888452183, -0.00951161887497, 0.0277707781643, -0.0151736969128, 0.0107375830412, -0.00454514008015], [-0.0008198057767, -0.000600377097726, -0.000916969380341, -0.000920695194509, -0.000702705059666, 0.00364972278476, -0.00527277449146, 0.00265022856183, 0.00689401756972, -0.0151736969128, 0.02505671978, -0.014788813889, 0.00388109288178], [-0.000742830045056, -0.00142145133577, -0.000884004344698, -0.00140774121974, -0.000347487977706, -0.00286704581231, 0.00379917211831, -0.000986096798442, -0.00572632532567, 0.0107375830412, -0.014788813889, 0.0300337672234, -0.0137436846271], [0.000167813705048, -0.000829973549116, -0.00113624613732, 4.77348476124e-005, -0.00169157446362, 0.00134081207216, -0.00271874130704, 0.00153343752027, 0.000341273291269, -0.00454514008015, 0.00388109288178, -0.0137436846271, 0.0215232539922]]
    },
    "spectral_contrast_coeffs": {
        "mean": [-0.505798637867, -0.619506120682, -0.760528743267, -0.78838634491, -0.812626361847, -0.750270724297],
        "var": [0.0114752557129, 0.00533606018871, 0.00288156257011, 0.0025701879058, 0.000920308812056, 0.0012057418935]
    },
    "spectral_contrast_valleys": {
        "mean": [-7.34861564636, -6.65788173676, -7.38777685165, -7.87916040421, -7.68832731247, -10.2314491272],
        "var": [1.33792161942, 0.580224573612, 0.484031498432, 0.708695173264, 0.667992770672, 0.714689612389]
    }
},
"metadata": {
    "audio_properties": {
        "analysis_sample_rate": 44100,
        "bit_rate": 128074,
        "equal_loudness": 0,
        "length": 45.0612258911,
        "lossless": 0,
        "replay_gain": -6.09607315063,
        "sample_rate": 44100,
        "codec": "mp3",
        "downmix": "mix",
        "md5_encoded": "7fb1a30a0328db9937017b76287afb16"
    },
    "tags": {
        "file_name": "1329.mp3"
    },
    "version": {
        "essentia": "2.1-beta2",
        "essentia_git_sha": "v2.1_beta2",
        "extractor": "music 1.0"
    }
},
"rhythm": {
    "beats_count": 92,
    "beats_loudness": {
        "mean": 0.0584433302283,
        "var": 0.000920893857256
    },
    "bpm": 123.96484375,
    "bpm_histogram_first_peak_bpm": {
        "mean": 123,
        "var": 0
    },
    "bpm_histogram_first_peak_spread": {
        "mean": 0.305882334709,
        "var": 0
    },
    "bpm_histogram_first_peak_weight": {
        "mean": 0.648351669312,
        "var": 0
    },
    "bpm_histogram_second_peak_bpm": {
        "mean": 115,
        "var": 0
    },
    "bpm_histogram_second_peak_spread": {
        "mean": 0.199999988079,
        "var": 0
    },
    "bpm_histogram_second_peak_weight": {
        "mean": 0.0439560450613,
        "var": 0
    },
    "danceability": 1.74886357784,
    "onset_rate": 3.68221664429,
    "beats_loudness_band_ratio": {
        "mean": [0.425661712885, 0.422820538282, 0.108420088887, 0.0376424379647, 0.0257607772946, 0.0408371351659],
        "var": [0.0546791777015, 0.0343965403736, 0.0112987617031, 0.00297406502068, 0.00127202016301, 0.00124390271958]
    },
    "beats_position": [0.510838985443, 1.03328800201, 1.55573689938, 2.08979582787, 2.61224484444, 3.13469386101, 3.62231278419, 4.1099319458, 4.59755086899, 5.07355976105, 5.56117916107, 6.03718805313, 6.52480697632, 7.01242637634, 7.4884352684, 7.96444416046, 8.45206356049, 8.93968200684, 9.42730140686, 9.91492080688, 10.4025392532, 10.8901586533, 11.3777770996, 11.8653964996, 12.3414058685, 12.8174142838, 13.3050336838, 13.7926530838, 14.268661499, 14.7446708679, 15.2322902679, 15.7199087143, 16.2075271606, 16.6951465607, 17.1827659607, 17.6471652985, 18.1347846985, 18.6224040985, 19.1100215912, 19.5976409912, 20.0736503601, 20.549659729, 21.037279129, 21.5248966217, 22.0125160217, 22.5001354218, 22.9761447906, 23.4521541595, 23.9397735596, 24.4273910522, 24.9150104523, 25.4026298523, 25.8902492523, 26.3778686523, 26.8538761139, 27.3414955139, 27.8175048828, 28.3051242828, 28.7811336517, 29.2571430206, 29.7447605133, 30.2323799133, 30.7199993134, 31.2076187134, 31.6836280823, 32.1596374512, 32.6472549438, 33.1348762512, 33.6224937439, 34.1101112366, 34.5977325439, 35.0853500366, 35.5613594055, 36.0373687744, 36.5249862671, 37.0126075745, 37.4886169434, 37.976234436, 38.4522438049, 38.9398651123, 39.427482605, 39.9151000977, 40.402721405, 40.8903388977, 41.3663482666, 41.8423576355, 42.3299751282, 42.8175964355, 43.2936058044, 43.7696151733, 44.257232666, 44.7448501587]
},
"tonal": {
    "chords_changes_rate": 0.0246913582087,
    "chords_number_rate": 0.00411522621289,
    "chords_strength": {
        "mean": 0.61840736866,
        "var": 0.0109422598034
    },
    "hpcp_entropy": {
        "mean": 1.9975913763,
        "var": 0.41215762496
    },
    "key_strength": 0.570678830147,
    "tuning_diatonic_strength": 0.47183328867,
    "tuning_equal_tempered_deviation": 0.211841657758,
    "tuning_frequency": 434.193115234,
    "tuning_nontempered_energy_ratio": 0.956269025803,
    "hpcp": {
        "mean": [0.156390562654, 0.186454638839, 0.0977371707559, 0.0469537600875, 0.0437117703259, 0.058291554451, 0.148234307766, 0.200934007764, 0.115108750761, 0.0431885235012, 0.0397069677711, 0.078578107059, 0.357980698347, 0.503152310848, 0.219565734267, 0.0258848872036, 0.0183063913137, 0.0373299494386, 0.133494853973, 0.177939176559, 0.147869378328, 0.322061479092, 0.362182021141, 0.252451121807, 0.261894524097, 0.133047431707, 0.0405775606632, 0.183523908257, 0.216453328729, 0.0820659920573, 0.0325276814401, 0.0303059127182, 0.0431388057768, 0.152358517051, 0.197174608707, 0.117533348501],
        "var": [0.0524329990149, 0.0723955258727, 0.0333343818784, 0.0198399275541, 0.0185888893902, 0.0172433182597, 0.0475085228682, 0.0757039040327, 0.0300965178758, 0.00990000367165, 0.0120257576928, 0.0228968076408, 0.0845439881086, 0.1491317451, 0.0409889295697, 0.00496723502874, 0.00366751197726, 0.0102111892775, 0.0567357130349, 0.088856883347, 0.0320543237031, 0.0832309424877, 0.106756657362, 0.0490281358361, 0.15485869348, 0.0381563790143, 0.00620900653303, 0.0846214517951, 0.110349155962, 0.0166875422001, 0.0108887180686, 0.0121832387522, 0.0124043542892, 0.059024758637, 0.0882220864296, 0.0281787384301]
    },
    "chords_histogram": [37.3456802368, 39.711933136, 0.205761313438, 3.70370364189, 19.0329227448, 0, 0, 0, 0, 0, 0, 0, 0, 0, 0, 0, 0, 0, 0, 0, 0, 0, 0, 0],
    "thpcp": [1, 0.436380267143, 0.0514454320073, 0.0363833978772, 0.0741921439767, 0.265316992998, 0.353648722172, 0.293885916471, 0.640087425709, 0.719825804234, 0.501738965511, 0.520507454872, 0.264427751303, 0.0806466713548, 0.364748209715, 0.430194437504, 0.163103669882, 0.0646477863193, 0.0602320842445, 0.0857370719314, 0.302807956934, 0.391878575087, 0.233593970537, 0.310821503401, 0.370572954416, 0.194249674678, 0.0933191776276, 0.0868758186698, 0.115852698684, 0.294611215591, 0.399350255728, 0.228775158525, 0.0858358815312, 0.078916400671, 0.156171604991, 0.711475789547],
    "chords_key": "C#",
    "chords_scale": "minor",
    "key_key": "A",
    "key_scale": "major"
}
}