{
"lowlevel": {
    "average_loudness": 0.869573295116,
    "barkbands_crest": {
        "mean": 10.870882988,
        "var": 32.2938957214
    },
    "barkbands_flatness_db": {
        "mean": 0.137535363436,
        "var": 0.00403808802366
    },
    "barkbands_kurtosis": {
        "mean": 3.58958292007,
        "var": 104.733924866
    },
    "barkbands_skewness": {
        "mean": -0.870671749115,
        "var": 3.57532215118
    },
    "barkbands_spread": {
        "mean": 36.8372421265,
        "var": 315.088806152
    },
    "dissonance": {
        "mean": 0.477093309164,
        "var": 0.000281250482658
    },
    "dynamic_complexity": 2.27791333199,
    "erbbands_crest": {
        "mean": 9.06477165222,
        "var": 16.8087863922
    },
    "erbbands_flatness_db": {
        "mean": 0.152297019958,
        "var": 0.0014373093145
    },
    "erbbands_kurtosis": {
        "mean": 0.381355315447,
        "var": 7.48598814011
    },
    "erbbands_skewness": {
        "mean": -0.0584923662245,
        "var": 1.16588950157
    },
    "erbbands_spread": {
        "mean": 55.4403152466,
        "var": 399.80065918
    },
    "hfc": {
        "mean": 194.469238281,
        "var": 30654.515625
    },
    "melbands_crest": {
        "mean": 9.46032333374,
        "var": 15.4815406799
    },
    "melbands_flatness_db": {
        "mean": 0.113928772509,
        "var": 0.00100138713606
    },
    "melbands_kurtosis": {
        "mean": 2.86126947403,
        "var": 16.5273571014
    },
    "melbands_skewness": {
        "mean": 1.25169420242,
        "var": 1.02035558224
    },
    "melbands_spread": {
        "mean": 75.0153656006,
        "var": 2091.39233398
    },
    "pitch_salience": {
        "mean": 0.408528506756,
        "var": 0.0216543916613
    },
    "silence_rate_20dB": {
        "mean": 1,
        "var": 0
    },
    "silence_rate_30dB": {
        "mean": 0.988671481609,
        "var": 0.0111996531487
    },
    "silence_rate_60dB": {
        "mean": 0.0128733264282,
        "var": 0.012707805261
    },
    "spectral_centroid": {
        "mean": 2824.17016602,
        "var": 1983839.75
    },
    "spectral_complexity": {
        "mean": 19.7394447327,
        "var": 105.999023438
    },
    "spectral_decrease": {
        "mean": -4.12082457046e-009,
        "var": 2.54795418381e-017
    },
    "spectral_energy": {
        "mean": 0.0331918783486,
        "var": 0.000611401104834
    },
    "spectral_energyband_high": {
        "mean": 0.0159527789801,
        "var": 0.000218341214349
    },
    "spectral_energyband_low": {
        "mean": 0.000689319334924,
        "var": 2.52819136222e-005
    },
    "spectral_energyband_middle_high": {
        "mean": 0.00750445574522,
        "var": 5.10312856932e-005
    },
    "spectral_energyband_middle_low": {
        "mean": 0.00960826687515,
        "var": 0.000147628816194
    },
    "spectral_entropy": {
        "mean": 7.59314680099,
        "var": 0.107067838311
    },
    "spectral_flux": {
        "mean": 0.0986801311374,
        "var": 0.00262750010006
    },
    "spectral_kurtosis": {
        "mean": 3.19628882408,
        "var": 6.35467481613
    },
    "spectral_rms": {
        "mean": 0.00531426910311,
        "var": 4.14085252487e-006
    },
    "spectral_rolloff": {
        "mean": 10457.2744141,
        "var": 15161557
    },
    "spectral_skewness": {
        "mean": 1.58232414722,
        "var": 0.246889770031
    },
    "spectral_spread": {
        "mean": 7713029,
        "var": 8.51044099686e+012
    },
    "spectral_strongpeak": {
        "mean": 31.1575527191,
        "var": 848.362365723
    },
    "zerocrossingrate": {
        "mean": 0.345106482506,
        "var": 0.0197606552392
    },
    "barkbands": {
        "mean": [8.28688007459e-006, 0.000230722944252, 0.000297454214888, 0.000305305788061, 0.00103538820986, 0.00145962531678, 0.00215148599818, 0.0013425394427, 0.00257391994819, 0.00153991451953, 0.000770627928432, 0.00106719718315, 0.00120270834304, 0.000724813144188, 0.000796973065007, 0.000721464981325, 0.000445635610959, 0.000124575235532, 0.000356624106644, 0.000358149874955, 0.00049300811952, 0.000126647690195, 0.000507126387674, 0.00324884615839, 0.00515075400472, 0.00570706930012, 0.000445041223429],
        "var": [1.272324468e-008, 4.06914796258e-006, 6.05824516242e-006, 2.39701716964e-006, 7.37993195798e-006, 5.66694234294e-006, 1.18192119771e-005, 4.71512976219e-006, 1.61795887834e-005, 5.18857632414e-006, 2.93385096484e-006, 1.92107472685e-006, 2.99610110233e-006, 1.33414971515e-006, 1.29070122057e-006, 1.69093607383e-006, 5.92577862335e-007, 1.62668101211e-007, 3.56931593615e-007, 2.13577450836e-007, 4.96921870763e-007, 3.03118355305e-007, 8.1271940644e-007, 2.89587042062e-005, 0.000104476763227, 8.76050544321e-005, 2.52588392868e-006]
    },
    "erbbands": {
        "mean": [0.00468626385555, 0.0607727430761, 0.299530684948, 0.779998123646, 2.36110115051, 3.29395031929, 7.16445064545, 13.3648929596, 33.4659767151, 22.6367721558, 41.168636322, 56.5277633667, 54.3079185486, 37.3765411377, 26.7238330841, 49.975276947, 50.7056770325, 27.7954120636, 37.8193130493, 43.7657470703, 49.0937652588, 25.1344108582, 8.47602939606, 13.9399528503, 14.9949178696, 19.2944908142, 25.9695091248, 9.68322372437, 4.70599603653, 10.2090845108, 16.9966411591, 57.0042686462, 50.073474884, 19.5709648132, 31.3765888214, 36.0969581604, 11.942688942, 0.981123805046, 0.0255411118269, 0.00101715046912],
        "var": [0.00319828419015, 0.237755149603, 4.96916341782, 22.0468730927, 70.2214126587, 68.5592727661, 180.121429443, 452.957183838, 3038.0390625, 1803.78625488, 3691.25439453, 8213.3125, 6358.90673828, 3747.70874023, 3780.95483398, 4116.25244141, 5133.98193359, 1590.8996582, 2711.18945313, 3536.48168945, 7554.60400391, 1725.27758789, 499.354400635, 813.590393066, 596.809020996, 632.40447998, 1151.64318848, 340.035369873, 365.839874268, 601.465820313, 983.832458496, 12370.9472656, 7219.46533203, 944.775756836, 3865.62719727, 2552.32421875, 345.07119751, 6.45559024811, 0.0048339990899, 1.93103528545e-006]
    },
    "gfcc": {
        "mean": [37.4529876709, -27.1626605988, -107.979270935, -31.5035972595, -73.0927276611, 13.5175333023, -53.8032875061, 18.5370578766, -36.4295654297, 12.317035675, -24.9736366272, -3.65373682976, -13.3804664612],
        "cov": [[5229.05517578, 2367.45458984, 43.3457527161, 495.816772461, 38.971282959, -425.59475708, -343.999176025, -290.522155762, 26.5749740601, 98.0464324951, -105.552017212, -71.3243560791, -20.9577617645], [2367.45458984, 2414.05712891, -257.384735107, 381.995788574, -5.96335983276, -319.938293457, -234.055297852, -234.044204712, 54.2456970215, 28.8901481628, 11.5916824341, -84.1859588623, 31.3261852264], [43.3457527161, -257.384735107, 304.91607666, -42.1395721436, 42.9208602905, 26.2680091858, 29.6014175415, -2.07848262787, -7.04711866379, 13.2188434601, -36.4786643982, 11.5375127792, -12.0885839462], [495.816772461, 381.995788574, -42.1395721436, 347.48815918, 33.7823753357, -19.5404872894, -29.7146167755, -35.3892593384, 36.4833679199, 8.2518529892, -1.98475897312, -33.453918457, 17.5684452057], [38.971282959, -5.96335983276, 42.9208602905, 33.7823753357, 160.27456665, -32.6617164612, 28.5085105896, -5.83309936523, 25.4937667847, 19.3480701447, -41.6953773499, 23.9878425598, -0.158950328827], [-425.59475708, -319.938293457, 26.2680091858, -19.5404872894, -32.6617164612, 192.800292969, 39.0272064209, 60.0518951416, -19.5934200287, -20.2985229492, 23.211730957, -2.48856520653, -10.4754962921], [-343.999176025, -234.055297852, 29.6014175415, -29.7146167755, 28.5085105896, 39.0272064209, 126.012306213, 20.5571308136, 10.9235200882, -7.954164505, 2.41748332977, 17.0842056274, -16.2864131927], [-290.522155762, -234.044204712, -2.07848262787, -35.3892593384, -5.83309936523, 60.0518951416, 20.5571308136, 102.732543945, -6.58001995087, 11.7443990707, 9.47829532623, -3.3786110878, 3.33430337906], [26.5749740601, 54.2456970215, -7.04711866379, 36.4833679199, 25.4937667847, -19.5934200287, 10.9235200882, -6.58001995087, 87.3647918701, -4.98737192154, 5.78016519547, 19.2509498596, -7.46724796295], [98.0464324951, 28.8901481628, 13.2188434601, 8.2518529892, 19.3480701447, -20.2985229492, -7.954164505, 11.7443990707, -4.98737192154, 101.723770142, -36.9682235718, -2.41733121872, 39.8673057556], [-105.552017212, 11.5916824341, -36.4786643982, -1.98475897312, -41.6953773499, 23.211730957, 2.41748332977, 9.47829532623, 5.78016519547, -36.9682235718, 126.023780823, -8.6203994751, -26.7696342468], [-71.3243560791, -84.1859588623, 11.5375127792, -33.453918457, 23.9878425598, -2.48856520653, 17.0842056274, -3.3786110878, 19.2509498596, -2.41733121872, -8.6203994751, 87.2010574341, -7.26494550705], [-20.9577617645, 31.3261852264, -12.0885839462, 17.5684452057, -0.158950328827, -10.4754962921, -16.2864131927, 3.33430337906, -7.46724796295, 39.8673057556, -26.7696342468, -7.26494550705, 115.295783997]],
        "icov": [[0.000459341448732, -0.000363404251402, -0.000438515737187, -0.000298944592942, 0.000119069314678, 0.00031606425182, 0.000510987883899, 7.92479913798e-005, 0.000190304432181, -0.000259756227024, 0.00024903184385, -0.000141206386616, 0.000431646651123], [-0.000363404251402, 0.00119403423741, 0.000847754301503, -0.000378389639081, -8.21070134407e-005, 0.000523169874214, 0.000519366061781, 0.0012213238515, -0.000364635314327, -0.000128081694129, -0.000421970151365, 0.000600002822466, -0.000197965593543], [-0.000438515737187, 0.000847754301503, 0.00445162784308, 0.000469385879114, -0.00106835016049, -0.000765336852055, -0.000384792248951, 0.00142125063576, -9.11216120585e-005, -0.000482292700326, 0.000485312513774, 0.000526858319063, 0.000225454336032], [-0.000298944592942, -0.000378389639081, 0.000469385879114, 0.00422564707696, -0.00121543637943, -0.00143330253195, -0.00016283923469, 0.000532774429303, -0.00171204819344, 7.13399713277e-005, -0.000146548394696, 0.00159519992303, -0.000785581360105], [0.000119069314678, -8.21070134407e-005, -0.00106835016049, -0.00121543637943, 0.00853890925646, 0.00174342794344, -0.00188134785276, -0.000727485457901, -0.00123653106857, -0.000729036692064, 0.00222977017984, -0.00174052466173, 0.0006226451369], [0.00031606425182, 0.000523169874214, -0.000765336852055, -0.00143330253195, 0.00174342794344, 0.00850531924516, -0.000811995763797, -0.00315202889033, 0.00155224732589, 0.0011987069156, -0.000417077826569, -0.0002038252278, 0.000381453864975], [0.000510987883899, 0.000519366061781, -0.000384792248951, -0.00016283923469, -0.00188134785276, -0.000811995763797, 0.0112559292465, 0.000593127915636, -0.00122626917437, -0.000255503226072, -0.00022553979943, -0.000425241480116, 0.00136246939655], [7.92479913798e-005, 0.0012213238515, 0.00142125063576, 0.000532774429303, -0.000727485457901, -0.00315202889033, 0.000593127915636, 0.0151326106861, -0.000822724949103, -0.00329845701344, -0.00123687216546, 0.00181040365715, 2.33297523664e-005], [0.000190304432181, -0.000364635314327, -9.11216120585e-005, -0.00171204819344, -0.00123653106857, 0.00155224732589, -0.00122626917437, -0.000822724949103, 0.0140230562538, 0.000602191023063, -0.00103557831608, -0.00337800104171, 0.000621584244072], [-0.000259756227024, -0.000128081694129, -0.000482292700326, 7.13399713277e-005, -0.000729036692064, 0.0011987069156, -0.000255503226072, -0.00329845701344, 0.000602191023063, 0.0133926291019, 0.00252265320159, 7.41787007428e-005, -0.00390820112079], [0.00024903184385, -0.000421970151365, 0.000485312513774, -0.000146548394696, 0.00222977017984, -0.000417077826569, -0.00022553979943, -0.00123687216546, -0.00103557831608, 0.00252265320159, 0.0104196760803, 0.000518327055033, 0.00171478651464], [-0.000141206386616, 0.000600002822466, 0.000526858319063, 0.00159519992303, -0.00174052466173, -0.0002038252278, -0.000425241480116, 0.00181040365715, -0.00337800104171, 7.41787007428e-005, 0.000518327055033, 0.0139195192605, 0.000243139831582], [0.000431646651123, -0.000197965593543, 0.000225454336032, -0.000785581360105, 0.0006226451369, 0.000381453864975, 0.00136246939655, 2.33297523664e-005, 0.000621584244072, -0.00390820112079, 0.00171478651464, 0.000243139831582, 0.0109813483432]]
    },
    "melbands": {
        "mean": [5.25211326021e-005, 0.000133030873258, 0.000170773084392, 0.000218407949433, 0.000222745773499, 0.000327579298755, 0.000472966581583, 0.000234680483118, 0.000381144491257, 0.000350475369487, 0.000268382020295, 0.000151175889187, 9.46501822909e-005, 8.40599532239e-005, 0.000210639467696, 6.31477087154e-005, 5.05685820826e-005, 6.32600640529e-005, 7.22750919522e-005, 4.05781902373e-005, 5.94122466282e-005, 2.95081590593e-005, 8.56093902257e-006, 5.70483325646e-006, 1.20845606943e-005, 1.23503850773e-005, 9.06744662643e-006, 1.4702952285e-005, 1.57843660418e-005, 1.41716291182e-005, 2.97128440252e-006, 2.38101961259e-006, 2.63812421508e-006, 7.59363456382e-006, 8.54123936733e-006, 7.10317226549e-006, 5.13970881002e-005, 3.42902349075e-005, 2.85253754555e-005, 1.52931206685e-005],
        "var": [2.68174005669e-007, 9.58290570452e-007, 6.76336469496e-007, 4.21408429929e-007, 1.7388425988e-007, 2.52642735177e-007, 5.76383570206e-007, 2.07625120652e-007, 3.47527702615e-007, 3.28975175989e-007, 1.58101855163e-007, 6.29697964882e-008, 5.50178036463e-008, 1.39648141939e-008, 1.07905179902e-007, 9.30934795917e-009, 6.57860432796e-009, 1.08824833589e-008, 1.21318661783e-008, 2.87208923311e-009, 1.1717324e-008, 2.8920978945e-009, 5.26026555647e-010, 2.96081742457e-010, 6.82696899013e-010, 4.42601705286e-010, 3.15791559569e-010, 5.11083453336e-010, 3.94751509258e-010, 6.91443402534e-010, 9.40659286575e-011, 2.13496553769e-010, 5.53000978343e-011, 3.78279574331e-010, 2.75277356465e-010, 2.02612038258e-010, 1.08776516683e-008, 6.52208642649e-009, 3.04030667309e-009, 1.53419077442e-009]
    },
    "mfcc": {
        "mean": [-634.182739258, 63.0663299561, -8.49576091766, -34.2141571045, -6.73867416382, -19.2832393646, -1.33285713196, -14.7242164612, -1.5558565855, 11.6738901138, -21.3021392822, 9.19713497162, -6.52923822403],
        "cov": [[5043.81005859, 1998.23059082, 96.4580764771, 807.20526123, 196.564788818, 105.235610962, -371.454772949, -289.613891602, -141.865570068, -99.3960418701, 55.747756958, -275.001708984, 208.338882446], [1998.23059082, 1597.70458984, -96.1498260498, 353.644927979, 56.1891403198, 9.17968082428, -224.40637207, -173.791137695, -119.554115295, -0.342584311962, -88.6613006592, -67.6293182373, 87.9809875488], [96.4580764771, -96.1498260498, 222.085571289, -19.5195827484, 21.1136856079, 13.115811348, 33.7663116455, -6.22905015945, 0.787649869919, 10.5681085587, -8.90297889709, 7.17251205444, -12.1247644424], [807.20526123, 353.644927979, -19.5195827484, 353.012969971, 55.6727714539, 80.35597229, -96.3832550049, -52.861492157, 19.3926830292, -13.8883991241, 13.443529129, -55.0024757385, 72.0970840454], [196.564788818, 56.1891403198, 21.1136856079, 55.6727714539, 134.414581299, -6.72815418243, 8.20635414124, -32.1991882324, 41.9902687073, -18.5604896545, -18.9682884216, 33.7411384583, 15.3969669342], [105.235610962, 9.17968082428, 13.115811348, 80.35597229, -6.72815418243, 143.117858887, -41.7874946594, 46.3117675781, 1.50108969212, 13.5522594452, -0.357075870037, -5.78417873383, 8.37956047058], [-371.454772949, -224.40637207, 33.7663116455, -96.3832550049, 8.20635414124, -41.7874946594, 172.014083862, -13.0362577438, 48.9994392395, -27.8643074036, 32.0782546997, 37.3226623535, -36.9656295776], [-289.613891602, -173.791137695, -6.22905015945, -52.861492157, -32.1991882324, 46.3117675781, -13.0362577438, 196.841033936, -93.8039703369, 70.8135452271, 2.37516903877, 15.7819757462, -30.6446762085], [-141.865570068, -119.554115295, 0.787649869919, 19.3926830292, 41.9902687073, 1.50108969212, 48.9994392395, -93.8039703369, 255.043884277, -127.555374146, 35.9976577759, 32.803024292, 17.4515800476], [-99.3960418701, -0.342584311962, 10.5681085587, -13.8883991241, -18.5604896545, 13.5522594452, -27.8643074036, 70.8135452271, -127.555374146, 240.677474976, -109.445159912, 25.3484153748, -26.2444915771], [55.747756958, -88.6613006592, -8.90297889709, 13.443529129, -18.9682884216, -0.357075870037, 32.0782546997, 2.37516903877, 35.9976577759, -109.445159912, 252.35760498, -132.908920288, 44.1746444702], [-275.001708984, -67.6293182373, 7.17251205444, -55.0024757385, 33.7411384583, -5.78417873383, 37.3226623535, 15.7819757462, 32.803024292, 25.3484153748, -132.908920288, 262.479217529, -103.437004089], [208.338882446, 87.9809875488, -12.1247644424, 72.0970840454, 15.3969669342, 8.37956047058, -36.9656295776, -30.6446762085, 17.4515800476, -26.2444915771, 44.1746444702, -103.437004089, 171.0887146]],
        "icov": [[0.000621358864009, -0.000550311873667, -0.000593544857111, -0.000683827907778, -0.000450311927125, -1.4077168089e-005, 0.000357294455171, 0.000271172524663, 0.000361321232049, 0.00024159323948, -0.000243794711423, 0.000238512584474, 0.000146787147969], [-0.000550311873667, 0.0016680151457, 0.000868882692885, -0.000216524756979, 0.000208028737688, 0.000173362757778, 0.000543565605767, 0.000953703245614, 0.000751108280383, 0.00017069655587, 0.000539732805919, -0.000257504696492, -0.000119231706776], [-0.000593544857111, 0.000868882692885, 0.0055956649594, 0.000899428559933, -0.000696922885254, -0.00121287303045, -0.00120012019761, 0.000685470353346, 0.000313259573886, -0.000354780931957, 0.000534501625225, 0.000153851491632, 0.000147727536387], [-0.000683827907778, -0.000216524756979, 0.000899428559933, 0.00613347394392, -0.00143431103788, -0.00289800204337, 0.000954412680585, 0.000734627537895, -0.000895366363693, -0.000835911487229, -0.00053930078866, 9.81564244285e-006, -0.000859759165905], [-0.000450311927125, 0.000208028737688, -0.000696922885254, -0.00143431103788, 0.00989092234522, 0.00147881684825, -0.0011410524603, -0.000429484061897, -0.00135424092878, 3.42354287568e-005, 0.000609046721365, -0.00183231558185, -0.00141125707887], [-1.4077168089e-005, 0.000173362757778, -0.00121287303045, -0.00289800204337, 0.00147881684825, 0.0103742871433, 0.0014510017354, -0.00351294199936, -0.00167925970163, -0.00013675163791, 0.000256827712292, -9.53979906626e-005, 0.000132671804749], [0.000357294455171, 0.000543565605767, -0.00120012019761, 0.000954412680585, -0.0011410524603, 0.0014510017354, 0.00952321663499, 0.00144090864342, -0.000479805283248, -0.000193119223695, -0.00204523047432, -0.00105655286461, 0.00105407461524], [0.000271172524663, 0.000953703245614, 0.000685470353346, 0.000734627537895, -0.000429484061897, -0.00351294199936, 0.00144090864342, 0.00976210273802, 0.00383223989047, -0.00102576252539, -0.00178927800152, -0.00131323572714, 0.00030871501076], [0.000361321232049, 0.000751108280383, 0.000313259573886, -0.000895366363693, -0.00135424092878, -0.00167925970163, -0.000479805283248, 0.00383223989047, 0.0081135109067, 0.0031549599953, -0.000218134417082, -0.00137792504393, -0.000760252296459], [0.00024159323948, 0.00017069655587, -0.000354780931957, -0.000835911487229, 3.42354287568e-005, -0.00013675163791, -0.000193119223695, -0.00102576252539, 0.0031549599953, 0.00764603959396, 0.00336096994579, 0.00087547081057, 0.000235863059061], [-0.000243794711423, 0.000539732805919, 0.000534501625225, -0.00053930078866, 0.000609046721365, 0.000256827712292, -0.00204523047432, -0.00178927800152, -0.000218134417082, 0.00336096994579, 0.00813106074929, 0.00403207773343, 0.000330804119585], [0.000238512584474, -0.000257504696492, 0.000153851491632, 9.81564244285e-006, -0.00183231558185, -9.53979906626e-005, -0.00105655286461, -0.00131323572714, -0.00137792504393, 0.00087547081057, 0.00403207773343, 0.00801551248878, 0.00363461580127], [0.000146787147969, -0.000119231706776, 0.000147727536387, -0.000859759165905, -0.00141125707887, 0.000132671804749, 0.00105407461524, 0.00030871501076, -0.000760252296459, 0.000235863059061, 0.000330804119585, 0.00363461580127, 0.00872954539955]]
    },
    "spectral_contrast_coeffs": {
        "mean": [-0.650868296623, -0.775929093361, -0.761113524437, -0.745611250401, -0.731145679951, -0.660579919815],
        "var": [0.00716983899474, 0.0032047983259, 0.00209206948057, 0.00194837024901, 0.00229034246877, 0.0046113980934]
    },
    "spectral_contrast_valleys": {
        "mean": [-9.07183647156, -6.61956930161, -7.02357769012, -7.5020442009, -7.93065834045, -10.7601118088],
        "var": [1.60611796379, 1.49643027782, 1.05442786217, 0.908533573151, 0.687130272388, 1.23751962185]
    }
},
"metadata": {
    "audio_properties": {
        "analysis_sample_rate": 44100,
        "bit_rate": 128074,
        "equal_loudness": 0,
        "length": 45.0612258911,
        "lossless": 0,
        "replay_gain": -3.12845230103,
        "sample_rate": 44100,
        "codec": "mp3",
        "downmix": "mix",
        "md5_encoded": "12eea83d9cf3d04b9b94c5db89d89471"
    },
    "tags": {
        "file_name": "1331.mp3"
    },
    "version": {
        "essentia": "2.1-beta2",
        "essentia_git_sha": "v2.1_beta2",
        "extractor": "music 1.0"
    }
},
"rhythm": {
    "beats_count": 118,
    "beats_loudness": {
        "mean": 0.038867842406,
        "var": 0.000646147178486
    },
    "bpm": 165.266067505,
    "bpm_histogram_first_peak_bpm": {
        "mean": 167,
        "var": 0
    },
    "bpm_histogram_first_peak_spread": {
        "mean": 0,
        "var": 0
    },
    "bpm_histogram_first_peak_weight": {
        "mean": 0.401709407568,
        "var": 0
    },
    "bpm_histogram_second_peak_bpm": {
        "mean": 172,
        "var": 0
    },
    "bpm_histogram_second_peak_spread": {
        "mean": 0,
        "var": 0
    },
    "bpm_histogram_second_peak_weight": {
        "mean": 0.17948718369,
        "var": 0
    },
    "danceability": 1.24159824848,
    "onset_rate": 7.09824895859,
    "beats_loudness_band_ratio": {
        "mean": [0.018505288288, 0.0500523671508, 0.126347154379, 0.09858982265, 0.0871485769749, 0.642251253128],
        "var": [0.00299000996165, 0.00410865200683, 0.013649458997, 0.00744559569284, 0.00714980624616, 0.0763581842184]
    },
    "beats_position": [0.371519267559, 0.743038535118, 1.11455774307, 1.46285712719, 1.82276642323, 2.18267560005, 2.54258489609, 2.89088439941, 3.25079369545, 3.59909296036, 3.95900225639, 4.3073015213, 4.66721057892, 5.01551008224, 5.36380958557, 5.72371864319, 6.08362817764, 6.44353723526, 6.80344676971, 7.17496585846, 7.55809497833, 7.94122457504, 8.31274318695, 8.68426322937, 9.04417228699, 9.4040813446, 9.76399040222, 10.1122903824, 10.47219944, 10.8321084976, 11.1804075241, 11.5403175354, 11.900226593, 12.2601356506, 12.6200447083, 12.9799547195, 13.3398637772, 13.6997728348, 14.0712919235, 14.4428119659, 14.8259410858, 15.2090702057, 15.5805892944, 15.9521083832, 16.3004074097, 16.6603164673, 17.0202255249, 17.3801364899, 17.7400455475, 18.0999546051, 18.4598636627, 18.8197727203, 19.1680717468, 19.5279808044, 19.8878898621, 20.2594108582, 20.642539978, 21.0024490356, 21.3623580933, 21.7106571198, 22.0705661774, 22.4072551727, 22.7555541992, 23.0922451019, 23.4289340973, 23.7772331238, 24.1255321503, 24.4738311768, 24.8221302032, 25.1704311371, 25.5303401947, 25.9018592834, 26.2849884033, 26.6565074921, 27.0164165497, 27.3763256073, 27.7246246338, 28.0729255676, 28.4328346252, 28.7927436829, 29.1410427094, 29.500951767, 29.8608608246, 30.2091598511, 30.5690689087, 30.9405899048, 31.3237190247, 31.6952381134, 32.0667572021, 32.449886322, 32.8214035034, 33.1813163757, 33.5528335571, 33.9243545532, 34.2842636108, 34.6441726685, 35.0040817261, 35.3639907837, 35.8283882141, 36.2927894592, 36.7571868896, 37.2331962585, 37.7208137512, 38.2084350586, 38.6844444275, 39.1604537964, 39.6364631653, 40.1008605957, 40.5652618408, 41.041267395, 41.5172767639, 41.981678009, 42.4460754395, 42.9104766846, 43.374874115, 43.8392753601, 44.3036727905, 44.7680702209]
},
"tonal": {
    "chords_changes_rate": 0.0504115223885,
    "chords_number_rate": 0.0102880662307,
    "chords_strength": {
        "mean": 0.555481076241,
        "var": 0.0159429013729
    },
    "hpcp_entropy": {
        "mean": 2.32590794563,
        "var": 0.518285691738
    },
    "key_strength": 0.855059921741,
    "tuning_diatonic_strength": 0.785034418106,
    "tuning_equal_tempered_deviation": 0.073034748435,
    "tuning_frequency": 445.112548828,
    "tuning_nontempered_energy_ratio": 0.76468873024,
    "hpcp": {
        "mean": [0.085949189961, 0.0981458649039, 0.222245708108, 0.359490543604, 0.261647254229, 0.0952917337418, 0.0751009956002, 0.135431095958, 0.203444808722, 0.229174286127, 0.179756954312, 0.158335983753, 0.156564310193, 0.189708739519, 0.261513382196, 0.209360212088, 0.157548844814, 0.327045589685, 0.508595466614, 0.348261743784, 0.124206334352, 0.0821699351072, 0.0970150381327, 0.192011535168, 0.280933201313, 0.204587981105, 0.09914406389, 0.0739815011621, 0.0953596308827, 0.250905811787, 0.348654299974, 0.262199372053, 0.279890179634, 0.343469202518, 0.242564439774, 0.120562426746],
        "var": [0.0155687555671, 0.0175903905183, 0.0596722923219, 0.104719206691, 0.0652620717883, 0.0164351332933, 0.013625619933, 0.0234721451998, 0.0434220433235, 0.059298928827, 0.034350309521, 0.0375521145761, 0.0414856150746, 0.0317512117326, 0.0693825930357, 0.0370887331665, 0.0261720214039, 0.0560622736812, 0.120120234787, 0.0670885071158, 0.0199036877602, 0.0168291442096, 0.0198989324272, 0.0401035137475, 0.0773268863559, 0.0492893606424, 0.0212645065039, 0.0178908463567, 0.0192117244005, 0.056291975081, 0.0934841558337, 0.0460439585149, 0.0776744782925, 0.112681344151, 0.0598796494305, 0.0235086344182]
    },
    "chords_histogram": [26.851852417, 3.80658435822, 41.9753074646, 6.48148155212, 3.49794244766, 0, 0, 0.720164597034, 0, 1.95473253727, 0, 0, 0, 0, 0.102880656719, 1.54320991039, 0.925925910473, 3.08641982079, 0, 0.823045253754, 2.26337456703, 0, 5.86419773102, 0.102880656719],
    "thpcp": [1, 0.684751987457, 0.244214400649, 0.161562457681, 0.190750896931, 0.377532929182, 0.552370607853, 0.40226072073, 0.194936975837, 0.145462363958, 0.187496036291, 0.493330806494, 0.685523808002, 0.515536189079, 0.550319850445, 0.675328850746, 0.47693002224, 0.237049743533, 0.168993234634, 0.192974314094, 0.436979323626, 0.706830024719, 0.514450609684, 0.187362536788, 0.147663518786, 0.266284525394, 0.400013029575, 0.450602293015, 0.35343798995, 0.311320096254, 0.307836622, 0.373005181551, 0.514187395573, 0.411643892527, 0.309772402048, 0.643036782742],
    "chords_key": "D#",
    "chords_scale": "major",
    "key_key": "G#",
    "key_scale": "major"
}
}