{
"lowlevel": {
    "average_loudness": 0.607141256332,
    "barkbands_crest": {
        "mean": 17.8647575378,
        "var": 12.8155565262
    },
    "barkbands_flatness_db": {
        "mean": 0.28786239028,
        "var": 0.00201438809745
    },
    "barkbands_kurtosis": {
        "mean": 54.3227729797,
        "var": 1247.81445313
    },
    "barkbands_skewness": {
        "mean": 5.85773468018,
        "var": 3.07650732994
    },
    "barkbands_spread": {
        "mean": 2.92542386055,
        "var": 5.25769042969
    },
    "dissonance": {
        "mean": 0.470685452223,
        "var": 0.000282127963146
    },
    "dynamic_complexity": 4.42331552505,
    "erbbands_crest": {
        "mean": 6.8382525444,
        "var": 5.37480401993
    },
    "erbbands_flatness_db": {
        "mean": 0.146434545517,
        "var": 0.000368947483366
    },
    "erbbands_kurtosis": {
        "mean": -0.421219944954,
        "var": 1.11883533001
    },
    "erbbands_skewness": {
        "mean": 0.581494867802,
        "var": 0.291369825602
    },
    "erbbands_spread": {
        "mean": 49.2479286194,
        "var": 114.540412903
    },
    "hfc": {
        "mean": 14.72178936,
        "var": 235.715438843
    },
    "melbands_crest": {
        "mean": 23.359703064,
        "var": 19.5061836243
    },
    "melbands_flatness_db": {
        "mean": 0.405305117369,
        "var": 0.00279785669409
    },
    "melbands_kurtosis": {
        "mean": 100.555549622,
        "var": 2806.21948242
    },
    "melbands_skewness": {
        "mean": 7.45911169052,
        "var": 3.49315333366
    },
    "melbands_spread": {
        "mean": 2.23515152931,
        "var": 12.5281076431
    },
    "pitch_salience": {
        "mean": 0.370401442051,
        "var": 0.0123404571787
    },
    "silence_rate_20dB": {
        "mean": 0.84963953495,
        "var": 0.127752915025
    },
    "silence_rate_30dB": {
        "mean": 0.509268820286,
        "var": 0.24991863966
    },
    "silence_rate_60dB": {
        "mean": 0.00154479919001,
        "var": 0.00154241069686
    },
    "spectral_centroid": {
        "mean": 466.357299805,
        "var": 37176.8632813
    },
    "spectral_complexity": {
        "mean": 12.1029863358,
        "var": 76.8092041016
    },
    "spectral_decrease": {
        "mean": -4.26766604278e-008,
        "var": 2.27384639438e-015
    },
    "spectral_energy": {
        "mean": 0.162406653166,
        "var": 0.0328699722886
    },
    "spectral_energyband_high": {
        "mean": 5.84609151701e-005,
        "var": 1.02824824211e-008
    },
    "spectral_energyband_low": {
        "mean": 0.147044613957,
        "var": 0.0288477763534
    },
    "spectral_energyband_middle_high": {
        "mean": 0.0016056955792,
        "var": 3.75082731807e-006
    },
    "spectral_energyband_middle_low": {
        "mean": 0.010419649072,
        "var": 0.000157843140187
    },
    "spectral_entropy": {
        "mean": 7.12008953094,
        "var": 0.0719503760338
    },
    "spectral_flux": {
        "mean": 0.166313365102,
        "var": 0.0109630869702
    },
    "spectral_kurtosis": {
        "mean": 8.11143875122,
        "var": 12.6428031921
    },
    "spectral_rms": {
        "mean": 0.0109141487628,
        "var": 3.93267946492e-005
    },
    "spectral_rolloff": {
        "mean": 122.878944397,
        "var": 196059.953125
    },
    "spectral_skewness": {
        "mean": 2.06304574013,
        "var": 0.165804699063
    },
    "spectral_spread": {
        "mean": 3324908.5,
        "var": 1.01177491456e+012
    },
    "spectral_strongpeak": {
        "mean": 0.426557809114,
        "var": 0.209472283721
    },
    "zerocrossingrate": {
        "mean": 0.0103024328128,
        "var": 0.000155052082846
    },
    "barkbands": {
        "mean": [0.0268472265452, 0.111434094608, 0.0120609533042, 0.00457788771018, 0.00305269425735, 0.00151463504881, 0.00062235374935, 0.000317142345011, 0.000293373595923, 0.000129357067635, 0.000328175345203, 0.000109901266114, 0.000179624155862, 0.0002285806695, 0.000158514609211, 0.000148711420479, 0.000146168080391, 0.000134144749609, 5.74525802222e-005, 1.38843661261e-005, 1.86458491953e-005, 1.52016737047e-005, 1.15102284326e-005, 3.77090987058e-006, 1.87930140783e-006, 1.05563424313e-006, 1.58016447926e-007],
        "var": [0.00159961951431, 0.0186737198383, 0.000301819964079, 4.83048497699e-005, 3.6511784856e-005, 5.1073893701e-006, 1.34616311698e-006, 2.37360580968e-007, 1.70274034872e-007, 6.46885638389e-008, 2.56503540186e-007, 5.7920964025e-008, 6.6894791928e-008, 1.93274587446e-007, 5.40379474501e-008, 5.43922240581e-008, 4.28280273468e-008, 4.23918145032e-008, 6.65964927649e-009, 4.71914285427e-010, 8.01016253327e-010, 9.49247347393e-010, 8.79602890524e-010, 5.10610095872e-011, 7.32589509889e-012, 1.37596661495e-012, 2.79082516103e-014]
    },
    "erbbands": {
        "mean": [3.87253141403, 21.3036384583, 23.5649299622, 15.0358705521, 10.6791143417, 10.7561988831, 13.7861738205, 9.94519996643, 10.9170618057, 6.3699464798, 6.8836350441, 6.64254808426, 4.87122774124, 6.51632785797, 13.1546649933, 4.38002729416, 7.92381763458, 13.1922941208, 7.31357812881, 9.48364257813, 7.81780052185, 7.74006605148, 7.67220020294, 4.02263116837, 2.30989718437, 0.716131567955, 0.640774965286, 0.806211352348, 0.560812592506, 0.417995661497, 0.308779835701, 0.121608808637, 0.0462857112288, 0.0233788397163, 0.0121400943026, 0.00529851904139, 0.00179724977352, 0.0004998765653, 8.47789560794e-005, 0.000176102563273],
        "var": [23.5014839172, 800.372253418, 993.788757324, 416.706939697, 228.480743408, 695.569396973, 636.532531738, 217.373352051, 395.501586914, 117.94153595, 100.894218445, 88.3879318237, 72.1831665039, 113.5389328, 457.729766846, 39.8797264099, 126.217460632, 636.25012207, 108.941619873, 195.87852478, 130.691467285, 113.63168335, 135.669570923, 31.0939331055, 11.2423658371, 1.15914714336, 0.919912219048, 1.69356620312, 1.3315076828, 1.0900952816, 0.607171773911, 0.0618451945484, 0.0060110213235, 0.00124996656086, 0.000271568744211, 4.11379769503e-005, 3.4994257021e-006, 3.07737167304e-007, 7.81596209976e-009, 3.84905085582e-008]
    },
    "gfcc": {
        "mean": [-47.1948890686, 145.667053223, -80.8260421753, 46.4159202576, -13.2876825333, 16.5434970856, -19.5470218658, 7.35407590866, -6.12862873077, -1.56039166451, -7.0017080307, 5.61334466934, -6.9603934288],
        "cov": [[4330.38525391, 416.478851318, -503.401977539, 156.078796387, -106.868652344, -19.7082233429, 59.3678970337, -117.119682312, 224.788619995, -65.9797592163, 171.022567749, -87.9702606201, 22.7504425049], [416.478851318, 242.301132202, -23.057472229, -83.7734680176, 56.708694458, -56.3716545105, 23.2025203705, -11.3722505569, 31.2037963867, -22.2135715485, 38.3185195923, -16.6748867035, 4.99948215485], [-503.401977539, -23.057472229, 229.98399353, 6.03671121597, 3.35896229744, 14.0118675232, 19.3476715088, 9.41374874115, -14.2133426666, 4.8945183754, -14.2548122406, 7.80699634552, 11.1524248123], [156.078796387, -83.7734680176, 6.03671121597, 110.950012207, -15.1790113449, 9.36049461365, -20.3654212952, -18.0628147125, 6.25224733353, 0.519948959351, -6.35072517395, -7.75766706467, -0.232354298234], [-106.868652344, 56.708694458, 3.35896229744, -15.1790113449, 151.465209961, -1.55090236664, 18.2789535522, 11.1018562317, 3.91185545921, -8.97878170013, 14.4186267853, -10.8730430603, -8.17833042145], [-19.7082233429, -56.3716545105, 14.0118675232, 9.36049461365, -1.55090236664, 70.3563690186, 37.8579025269, 2.26697874069, -10.5812911987, -7.60969495773, -10.0057630539, 1.98846364021, -0.363888442516], [59.3678970337, 23.2025203705, 19.3476715088, -20.3654212952, 18.2789535522, 37.8579025269, 83.9168930054, 19.454240799, 17.1122703552, -13.0701694489, 4.75119018555, -5.92033433914, 0.439993679523], [-117.119682312, -11.3722505569, 9.41374874115, -18.0628147125, 11.1018562317, 2.26697874069, 19.454240799, 47.3480682373, 11.0386791229, 3.52092432976, -4.7395567894, -5.03239917755, -4.57156896591], [224.788619995, 31.2037963867, -14.2133426666, 6.25224733353, 3.91185545921, -10.5812911987, 17.1122703552, 11.0386791229, 66.2834243774, 16.1268482208, 20.737411499, -11.1888198853, -4.83604860306], [-65.9797592163, -22.2135715485, 4.8945183754, 0.519948959351, -8.97878170013, -7.60969495773, -13.0701694489, 3.52092432976, 16.1268482208, 38.4667205811, 11.6049900055, 2.900151968, -3.63121819496], [171.022567749, 38.3185195923, -14.2548122406, -6.35072517395, 14.4186267853, -10.0057630539, 4.75119018555, -4.7395567894, 20.737411499, 11.6049900055, 46.3808021545, 8.52184772491, 6.45473241806], [-87.9702606201, -16.6748867035, 7.80699634552, -7.75766706467, -10.8730430603, 1.98846364021, -5.92033433914, -5.03239917755, -11.1888198853, 2.900151968, 8.52184772491, 35.0845451355, 15.0185556412], [22.7504425049, 4.99948215485, 11.1524248123, -0.232354298234, -8.17833042145, -0.363888442516, 0.439993679523, -4.57156896591, -4.83604860306, -3.63121819496, 6.45473241806, 15.0185556412, 36.0692214966]],
        "icov": [[0.0014475377975, -0.00498198764399, 0.00274537247606, -0.005229416769, 0.00256755133159, -0.00423236610368, 0.000600451370701, -0.000684990372974, -0.00166429718956, 0.000645869411528, -0.00240730098449, 0.00085110636428, -0.000741411524359], [-0.00498198764399, 0.036722317338, -0.0105786351487, 0.0330720581114, -0.0120312906802, 0.0292508136481, -0.00700245145708, 0.0157011207193, -0.00226205354556, 0.0134994937107, -0.00226117460988, 0.00960668455809, -0.00136081024539], [0.00274537247606, -0.0105786351487, 0.0102678854018, -0.0117654213682, 0.00459143426269, -0.0080712242052, -0.0011145620374, -0.00255777128041, -0.000959420925938, -0.00257868110202, -0.00164831208531, -0.000158532173373, -0.00289412727579], [-0.005229416769, 0.0330720581114, -0.0117654213682, 0.0422679893672, -0.0112254247069, 0.0215316154063, -0.00012608160614, 0.0164101682603, -0.00468858703971, 0.0117723559961, 0.0014743283391, 0.0100199608132, -0.00150155485608], [0.00256755133159, -0.0120312906802, 0.00459143426269, -0.0112254247069, 0.0127912890166, -0.00956463720649, 0.00127956597134, -0.00516535481438, -0.000400609686039, 0.00125691317953, -0.00704642571509, 0.00220353505574, 0.00110601738561], [-0.00423236610368, 0.0292508136481, -0.0080712242052, 0.0215316154063, -0.00956463720649, 0.0480740368366, -0.021402772516, 0.0140881482512, 0.00620734225959, 0.00512547511607, 0.00418809289113, 0.0026278202422, 0.00111703155562], [0.000600451370701, -0.00700245145708, -0.0011145620374, -0.00012608160614, 0.00127956597134, -0.021402772516, 0.0288730543107, -0.010084127076, -0.00893792975694, 0.00876263156533, -0.00410412764177, 0.00114584085532, -0.000679303484503], [-0.000684990372974, 0.0157011207193, -0.00255777128041, 0.0164101682603, -0.00516535481438, 0.0140881482512, -0.010084127076, 0.0372177585959, -0.00875637680292, 0.00511683057994, 0.00183437892701, 0.00812037941068, -0.00140493758954], [-0.00166429718956, -0.00226205354556, -0.000959420925938, -0.00468858703971, -0.000400609686039, 0.00620734225959, -0.00893792975694, -0.00875637680292, 0.0323420166969, -0.0178604442626, -0.00215762550943, 0.0018182384083, 0.00276800361462], [0.000645869411528, 0.0134994937107, -0.00257868110202, 0.0117723559961, 0.00125691317953, 0.00512547511607, 0.00876263156533, 0.00511683057994, -0.0178604442626, 0.051855199039, -0.0190338958055, 0.00696395896375, 0.00280528026633], [-0.00240730098449, -0.00226117460988, -0.00164831208531, 0.0014743283391, -0.00704642571509, 0.00418809289113, -0.00410412764177, 0.00183437892701, -0.00215762550943, -0.0190338958055, 0.0450654737651, -0.0187335852534, -0.00139176531229], [0.00085110636428, 0.00960668455809, -0.000158532173373, 0.0100199608132, 0.00220353505574, 0.0026278202422, 0.00114584085532, 0.00812037941068, 0.0018182384083, 0.00696395896375, -0.0187335852534, 0.0512943565845, -0.0172741524875], [-0.000741411524359, -0.00136081024539, -0.00289412727579, -0.00150155485608, 0.00110601738561, 0.00111703155562, -0.000679303484503, -0.00140493758954, 0.00276800361462, 0.00280528026633, -0.00139176531229, -0.0172741524875, 0.0374534130096]]
    },
    "melbands": {
        "mean": [0.0337622910738, 0.0191717613488, 0.00246133725159, 0.000735319626983, 0.000466764206067, 0.000244486611336, 0.000152083899593, 6.57681084704e-005, 5.49597280042e-005, 4.20235191996e-005, 2.34434828599e-005, 2.33246391872e-005, 4.75535598525e-005, 1.64341054187e-005, 1.21650928122e-005, 1.95084121515e-005, 2.56490093307e-005, 1.02308968053e-005, 1.34723177325e-005, 1.19098385767e-005, 8.77148522704e-006, 8.00352700026e-006, 8.20609420771e-006, 5.77969785809e-006, 2.93212224278e-006, 2.23406800615e-006, 7.80709456194e-007, 3.89318415728e-007, 3.72380981162e-007, 4.37284825239e-007, 4.78500339796e-007, 3.45459255868e-007, 2.34556111423e-007, 2.29860859235e-007, 1.90674228406e-007, 1.25711693499e-007, 5.2863381228e-008, 3.34889733722e-008, 2.35592381159e-008, 1.81212804762e-008],
        "var": [0.00165635976009, 0.000621329643764, 1.02535359474e-005, 1.91152116713e-006, 7.86240775597e-007, 1.19810749766e-007, 7.51983364466e-008, 1.21197363256e-008, 6.40538733165e-009, 3.97161592502e-009, 1.79817427615e-009, 1.67928482231e-009, 5.58642510029e-009, 1.05284669871e-009, 3.36397437684e-010, 8.02048427673e-010, 2.71195044199e-009, 2.28791305346e-010, 3.98782479261e-010, 3.69777708453e-010, 1.70654462783e-010, 1.32101413142e-010, 1.61783419994e-010, 7.60674717659e-011, 1.73496095962e-011, 1.1236540344e-011, 1.38196550557e-012, 3.8018465329e-013, 3.39903967602e-013, 4.37759908618e-013, 6.58262561213e-013, 5.81218937996e-013, 2.39333265662e-013, 4.05419567275e-013, 2.61512057669e-013, 8.2547399363e-014, 9.85211210709e-015, 3.32576856476e-015, 1.37215970499e-015, 7.82929970262e-016]
    },
    "mfcc": {
        "mean": [-703.512817383, 176.321014404, 8.9842376709, 47.6592063904, 30.2388629913, 23.9381370544, 5.38128662109, 20.2047538757, 5.83303499222, 4.20385217667, 7.66710662842, 4.01221847534, 0.86391055584],
        "cov": [[4286.81005859, 106.84828186, -302.770446777, 51.0104141235, -130.857803345, 69.389831543, -156.572067261, 33.9770698547, -78.486038208, 41.1147613525, 70.2654266357, 109.774085999, 12.2716989517], [106.84828186, 349.799682617, -67.0883102417, -22.6244297028, 26.0017261505, -39.1961898804, 16.9347915649, 13.8934879303, -4.94798898697, 2.75882720947, 12.2340984344, 10.1149673462, 3.87700772285], [-302.770446777, -67.0883102417, 211.844940186, 8.39035224915, -37.0869026184, 14.6247396469, 4.72994565964, -5.8136048317, 18.1321125031, -11.9952383041, -11.9961509705, -6.06535577774, 8.32649421692], [51.0104141235, -22.6244297028, 8.39035224915, 75.0429458618, 36.1863059998, 1.45302975178, -16.8372497559, -12.6163854599, -6.13237524033, 4.93649625778, 2.05253720284, 1.20582568645, -4.5694732666], [-130.857803345, 26.0017261505, -37.0869026184, 36.1863059998, 92.4763412476, 1.09784412384, 7.41343069077, -7.75879716873, -8.1706571579, 5.45349359512, 2.03915715218, -2.1571764946, -2.57000780106], [69.389831543, -39.1961898804, 14.6247396469, 1.45302975178, 1.09784412384, 64.2468566895, 18.0279045105, 12.9943227768, 1.66218531132, -1.51379311085, -1.26453506947, -0.23228867352, -0.3078995049], [-156.572067261, 16.9347915649, 4.72994565964, -16.8372497559, 7.41343069077, 18.0279045105, 70.2518997192, 28.0736999512, 14.498295784, -3.72511696815, -6.62255191803, -4.78678321838, -0.319905281067], [33.9770698547, 13.8934879303, -5.8136048317, -12.6163854599, -7.75879716873, 12.9943227768, 28.0736999512, 54.4303016663, 19.7172737122, 3.14663982391, 2.06653547287, -0.123774930835, 1.08319532871], [-78.486038208, -4.94798898697, 18.1321125031, -6.13237524033, -8.1706571579, 1.66218531132, 14.498295784, 19.7172737122, 44.4674034119, 11.5847816467, 3.45553135872, 0.444509208202, 0.638699531555], [41.1147613525, 2.75882720947, -11.9952383041, 4.93649625778, 5.45349359512, -1.51379311085, -3.72511696815, 3.14663982391, 11.5847816467, 39.6477279663, 17.6805725098, 5.94840288162, -0.506361305714], [70.2654266357, 12.2340984344, -11.9961509705, 2.05253720284, 2.03915715218, -1.26453506947, -6.62255191803, 2.06653547287, 3.45553135872, 17.6805725098, 41.0835723877, 17.1645069122, 2.85396528244], [109.774085999, 10.1149673462, -6.06535577774, 1.20582568645, -2.1571764946, -0.23228867352, -4.78678321838, -0.123774930835, 0.444509208202, 5.94840288162, 17.1645069122, 37.5122947693, 14.9129676819], [12.2716989517, 3.87700772285, 8.32649421692, -4.5694732666, -2.57000780106, -0.3078995049, -0.319905281067, 1.08319532871, 0.638699531555, -0.506361305714, 2.85396528244, 14.9129676819, 34.0118865967]],
        "icov": [[0.000423693243647, -0.000224611838348, 0.000711416534614, -0.000809204648249, 0.00119835266378, -0.00091436173534, 0.000920809165109, -0.00062158255605, 0.000619729282334, -0.000269337295322, 0.000120763288578, -0.000908548245206, 7.31669570087e-005], [-0.000224611838348, 0.00369098363444, 0.000175717039383, 0.00169025955256, -0.00190615432803, 0.0029910125304, -0.00141864607576, -0.00081917445641, 0.000505138246808, 0.000394229689846, -0.000830175471492, -0.000303138949675, -6.08768423263e-005], [0.000711416534614, 0.000175717039383, 0.00748825445771, -0.00389072811231, 0.00524067506194, -0.00263782264665, 0.000253784528468, 0.00146049063187, -0.00239162007347, 0.00156853836961, 0.00041097853682, 2.80845961242e-005, -0.00228318455629], [-0.000809204648249, 0.00169025955256, -0.00389072811231, 0.0217890422791, -0.0118627073243, 0.00125681515783, 0.00388166145422, 0.000786267220974, -0.000271720520686, -0.00116882217117, 0.000601711741183, -0.00107807619497, 0.00351551477797], [0.00119835266378, -0.00190615432803, 0.00524067506194, -0.0118627073243, 0.0205441843718, -0.00347226136364, -0.00281464098953, 0.00195534899831, 0.00268756691366, -0.00212697545066, -0.000310070376145, 0.000208886092878, -0.00180733890738], [-0.00091436173534, 0.0029910125304, -0.00263782264665, 0.00125681515783, -0.00347226136364, 0.0214377082884, -0.00659927958623, -0.0031207234133, 0.0020048210863, 0.000431155174738, -0.000861777924001, 0.000559187843464, 0.000568498217035], [0.000920809165109, -0.00141864607576, 0.000253784528468, 0.00388166145422, -0.00281464098953, -0.00659927958623, 0.0243187975138, -0.00997884571552, -0.00251655443572, 0.00148627383169, 0.00327944406308, -0.00166731060017, 0.00108822109178], [-0.00062158255605, -0.00081917445641, 0.00146049063187, 0.000786267220974, 0.00195534899831, -0.0031207234133, -0.00997884571552, 0.0295936781913, -0.0112115237862, 0.00119642890058, -0.00221602548845, 0.00278422655538, -0.00165758957155], [0.000619729282334, 0.000505138246808, -0.00239162007347, -0.000271720520686, 0.00268756691366, 0.0020048210863, -0.00251655443572, -0.0112115237862, 0.0335662253201, -0.0108686452731, 0.00076573487604, -0.001853034948, 0.000778518151492], [-0.000269337295322, 0.000394229689846, 0.00156853836961, -0.00116882217117, -0.00212697545066, 0.000431155174738, 0.00148627383169, 0.00119642890058, -0.0108686452731, 0.0356198102236, -0.0140240462497, 0.00175726646557, 0.000470945698908], [0.000120763288578, -0.000830175471492, 0.00041097853682, 0.000601711741183, -0.000310070376145, -0.000861777924001, 0.00327944406308, -0.00221602548845, 0.00076573487604, -0.0140240462497, 0.0375700592995, -0.0161912739277, 0.00382505659945], [-0.000908548245206, -0.000303138949675, 2.80845961242e-005, -0.00107807619497, 0.000208886092878, 0.000559187843464, -0.00166731060017, 0.00278422655538, -0.001853034948, 0.00175726646557, -0.0161912739277, 0.0433414131403, -0.0174568966031], [7.31669570087e-005, -6.08768423263e-005, -0.00228318455629, 0.00351551477797, -0.00180733890738, 0.000568498217035, 0.00108822109178, -0.00165758957155, 0.000778518151492, 0.000470945698908, 0.00382505659945, -0.0174568966031, 0.0376705266535]]
    },
    "spectral_contrast_coeffs": {
        "mean": [-0.701606810093, -0.763103187084, -0.80468416214, -0.833605229855, -0.791250109673, -0.76739436388],
        "var": [0.003805618966, 0.00292008253746, 0.00166245619766, 0.000852730008774, 0.00139059929643, 0.000939775491133]
    },
    "spectral_contrast_valleys": {
        "mean": [-6.02035284042, -6.92191076279, -7.70995998383, -7.79591417313, -8.33876132965, -11.3608341217],
        "var": [0.549787938595, 0.70893150568, 0.601591944695, 0.600815713406, 0.564413785934, 0.415998548269]
    }
},
"metadata": {
    "audio_properties": {
        "analysis_sample_rate": 44100,
        "bit_rate": 128074,
        "equal_loudness": 0,
        "length": 45.0612258911,
        "lossless": 0,
        "replay_gain": -0.637733459473,
        "sample_rate": 44100,
        "codec": "mp3",
        "downmix": "mix",
        "md5_encoded": "4b1baeccc263c2548090ab1f90d7f4cc"
    },
    "tags": {
        "file_name": "1332.mp3"
    },
    "version": {
        "essentia": "2.1-beta2",
        "essentia_git_sha": "v2.1_beta2",
        "extractor": "music 1.0"
    }
},
"rhythm": {
    "beats_count": 89,
    "beats_loudness": {
        "mean": 0.176986902952,
        "var": 0.050656426698
    },
    "bpm": 111.373466492,
    "bpm_histogram_first_peak_bpm": {
        "mean": 112,
        "var": 0
    },
    "bpm_histogram_first_peak_spread": {
        "mean": 0.575757563114,
        "var": 0
    },
    "bpm_histogram_first_peak_weight": {
        "mean": 0.159090906382,
        "var": 0
    },
    "bpm_histogram_second_peak_bpm": {
        "mean": 144,
        "var": 0
    },
    "bpm_histogram_second_peak_spread": {
        "mean": 0.526315808296,
        "var": 0
    },
    "bpm_histogram_second_peak_weight": {
        "mean": 0.102272726595,
        "var": 0
    },
    "danceability": 0.967014729977,
    "onset_rate": 1.04255533218,
    "beats_loudness_band_ratio": {
        "mean": [0.950877904892, 0.0359593741596, 0.0105150574818, 0.00540943583474, 0.0041126338765, 0.00079014187213],
        "var": [0.00304737174883, 0.00310622272082, 0.000121230434161, 3.63772851415e-005, 1.55959260155e-005, 7.04363799287e-007]
    },
    "beats_position": [0.429569154978, 0.859138309956, 1.28870749474, 1.71827661991, 2.15945577621, 2.60063481331, 3.04181408882, 3.47138309479, 3.90095233917, 4.31891155243, 4.73687076569, 5.15482997894, 5.5727891922, 5.99074840546, 6.40870714188, 6.82666635513, 7.24462556839, 7.63936471939, 8.03410434723, 8.44045352936, 8.84680271149, 9.24154186249, 9.63628101349, 10.0310201645, 10.4257593155, 10.8088884354, 11.1920175552, 11.5635375977, 11.9931058884, 12.4226751328, 12.840634346, 13.2702035904, 13.8158731461, 14.3499317169, 14.8956003189, 15.4296598434, 15.9753284454, 16.4977779388, 17.0202255249, 17.5542850494, 18.0767345428, 18.5991840363, 19.1100215912, 19.6208610535, 20.1433105469, 20.6657600403, 21.1998176575, 21.733877182, 22.2679367065, 22.825214386, 23.3708839417, 23.9281635284, 24.4854412079, 25.0543308258, 25.6116104126, 26.168888092, 26.7261676788, 27.2602272034, 27.7942848206, 28.3283443451, 28.8624038696, 29.3964614868, 29.9305210114, 30.4645805359, 30.9986381531, 31.4978675842, 31.9970970154, 32.4847145081, 32.9723358154, 33.4599533081, 33.9475746155, 34.5048522949, 35.0505218506, 35.5961914063, 36.1999092102, 36.7920188904, 37.3841247559, 37.976234436, 38.5683441162, 39.1836738586, 39.7989997864, 40.4259414673, 41.0528793335, 41.6798171997, 42.3067550659, 42.9453048706, 43.5838546753, 44.22240448, 44.8841705322]
},
"tonal": {
    "chords_changes_rate": 0.0802469104528,
    "chords_number_rate": 0.0113168722019,
    "chords_strength": {
        "mean": 0.362922102213,
        "var": 0.00280904327519
    },
    "hpcp_entropy": {
        "mean": 2.46468687057,
        "var": 0.402169108391
    },
    "key_strength": 0.403604000807,
    "tuning_diatonic_strength": 0.345866113901,
    "tuning_equal_tempered_deviation": 0.0693905428052,
    "tuning_frequency": 434.193115234,
    "tuning_nontempered_energy_ratio": 0.713790476322,
    "hpcp": {
        "mean": [0.00887608062476, 0.0103313000873, 0.0194970630109, 0.0258187018335, 0.0259702745825, 0.0257243383676, 0.022177061066, 0.0181899815798, 0.0190690141171, 0.0204867459834, 0.0160559266806, 0.0101310322061, 0.00637573422864, 0.00535844825208, 0.0121693378314, 0.0326958522201, 0.112548790872, 0.30248862505, 0.464023858309, 0.427725762129, 0.265631973743, 0.137031808496, 0.073832064867, 0.36896148324, 0.670682489872, 0.330864518881, 0.0081251617521, 0.00855081062764, 0.0108402529731, 0.0163133945316, 0.017676487565, 0.0131696090102, 0.00906867254525, 0.00832138303667, 0.00975214317441, 0.0102090500295],
        "var": [0.000920223828871, 0.000697479816154, 0.00186402886175, 0.00235327566043, 0.00321722123772, 0.00421489076689, 0.0029615315143, 0.00236553582363, 0.00189944880549, 0.00271184998564, 0.00187897426076, 0.00101490248926, 0.000410782755353, 0.000321944040479, 0.00373680866323, 0.0162655264139, 0.0470100976527, 0.120506562293, 0.14194573462, 0.139033585787, 0.118410110474, 0.0738703459501, 0.0449941456318, 0.0386768057942, 0.104100391269, 0.0270297285169, 0.00176685024053, 0.000973192218225, 0.00108148448635, 0.00222904980183, 0.00207268330269, 0.00121243274771, 0.0013518036576, 0.000732931133825, 0.000768971804064, 0.00101391563658]
    },
    "chords_histogram": [1.95473253727, 0, 11.0082302094, 0, 27.6748962402, 4.93827152252, 8.23045253754, 0.205761313438, 0, 26.0288066864, 1.44032919407, 0, 0, 0, 3.49794244766, 3.39506173134, 0, 0, 0, 0, 0, 0, 3.29218101501, 8.33333301544],
    "thpcp": [1, 0.49332511425, 0.0121147660539, 0.0127494167536, 0.0161630176008, 0.024323573336, 0.0263559706509, 0.0196361299604, 0.0135215586051, 0.0124073363841, 0.0145406257361, 0.0152218826115, 0.0132344001904, 0.0154041592032, 0.029070481658, 0.0384961627424, 0.0387221612036, 0.0383554659784, 0.033066406846, 0.0271215997636, 0.0284322537482, 0.030546117574, 0.0239396840334, 0.0151055566967, 0.00950633734465, 0.00798954535276, 0.0181447081268, 0.0487501211464, 0.167812332511, 0.451016128063, 0.691868185997, 0.637747049332, 0.396062195301, 0.204316958785, 0.110084973276, 0.550128400326],
    "chords_key": "F",
    "chords_scale": "minor",
    "key_key": "D#",
    "key_scale": "minor"
}
}