{
"lowlevel": {
    "average_loudness": 0.964110612869,
    "barkbands_crest": {
        "mean": 10.2894906998,
        "var": 20.6850624084
    },
    "barkbands_flatness_db": {
        "mean": 0.0890362486243,
        "var": 0.000788087316323
    },
    "barkbands_kurtosis": {
        "mean": 2.11815810204,
        "var": 15.5840005875
    },
    "barkbands_skewness": {
        "mean": 1.40059387684,
        "var": 0.971412777901
    },
    "barkbands_spread": {
        "mean": 33.8853607178,
        "var": 135.755371094
    },
    "dissonance": {
        "mean": 0.479384541512,
        "var": 0.000348820176441
    },
    "dynamic_complexity": 2.36833930016,
    "erbbands_crest": {
        "mean": 7.12528038025,
        "var": 12.3821172714
    },
    "erbbands_flatness_db": {
        "mean": 0.109485477209,
        "var": 0.000982948346063
    },
    "erbbands_kurtosis": {
        "mean": 0.0300433356315,
        "var": 1.43680107594
    },
    "erbbands_skewness": {
        "mean": -0.0926419720054,
        "var": 0.326141476631
    },
    "erbbands_spread": {
        "mean": 50.2065582275,
        "var": 452.80368042
    },
    "hfc": {
        "mean": 28.9226150513,
        "var": 240.862609863
    },
    "melbands_crest": {
        "mean": 14.4824523926,
        "var": 24.6986865997
    },
    "melbands_flatness_db": {
        "mean": 0.161952003837,
        "var": 0.00161074299831
    },
    "melbands_kurtosis": {
        "mean": 15.6059494019,
        "var": 321.290496826
    },
    "melbands_skewness": {
        "mean": 3.12957239151,
        "var": 3.42092704773
    },
    "melbands_spread": {
        "mean": 29.0367412567,
        "var": 206.859390259
    },
    "pitch_salience": {
        "mean": 0.568589150906,
        "var": 0.0117483101785
    },
    "silence_rate_20dB": {
        "mean": 1,
        "var": 0
    },
    "silence_rate_30dB": {
        "mean": 1,
        "var": 0
    },
    "silence_rate_60dB": {
        "mean": 0.00154479919001,
        "var": 0.00154241069686
    },
    "spectral_centroid": {
        "mean": 1718.18811035,
        "var": 215560.96875
    },
    "spectral_complexity": {
        "mean": 24.1797122955,
        "var": 52.6843185425
    },
    "spectral_decrease": {
        "mean": -8.17109135909e-009,
        "var": 1.89600417396e-017
    },
    "spectral_energy": {
        "mean": 0.0334629900753,
        "var": 0.000296351732686
    },
    "spectral_energyband_high": {
        "mean": 0.00148228788748,
        "var": 1.83760093364e-007
    },
    "spectral_energyband_low": {
        "mean": 0.0142920408398,
        "var": 0.000162139796885
    },
    "spectral_energyband_middle_high": {
        "mean": 0.00761292455718,
        "var": 6.81640594848e-005
    },
    "spectral_energyband_middle_low": {
        "mean": 0.011785838753,
        "var": 0.000102947611595
    },
    "spectral_entropy": {
        "mean": 8.00471687317,
        "var": 0.0305030513555
    },
    "spectral_flux": {
        "mean": 0.103158436716,
        "var": 0.00110476976261
    },
    "spectral_kurtosis": {
        "mean": 2.54318833351,
        "var": 1.44551551342
    },
    "spectral_rms": {
        "mean": 0.0055294255726,
        "var": 2.072217967e-006
    },
    "spectral_rolloff": {
        "mean": 1691.72949219,
        "var": 1312471.25
    },
    "spectral_skewness": {
        "mean": 1.32059955597,
        "var": 0.070739634335
    },
    "spectral_spread": {
        "mean": 5881974.5,
        "var": 1.8189221888e+012
    },
    "spectral_strongpeak": {
        "mean": 0.784108221531,
        "var": 1.51761853695
    },
    "zerocrossingrate": {
        "mean": 0.0804673433304,
        "var": 0.00057984207524
    },
    "barkbands": {
        "mean": [0.000478662434034, 0.0105783632025, 0.0016537719639, 0.00369711220264, 0.00271784258075, 0.000950607005507, 0.00102769222576, 0.000601014529821, 0.00255405250937, 0.000748915539589, 0.00128824764397, 0.000365008949302, 0.000669028784614, 0.000981564051472, 0.00114252604544, 0.000850273296237, 0.000689805019647, 0.00059592287289, 0.000319296814268, 0.000124360929476, 0.000133085515699, 0.000694314250723, 0.000180639966857, 0.000188440739294, 0.000152298962348, 7.47918529669e-005, 5.3110634326e-006],
        "var": [2.93545923569e-007, 0.000140609350638, 2.76648006547e-006, 1.6421536202e-005, 5.27333077116e-006, 1.66456823081e-006, 1.18591260616e-005, 5.55439055461e-006, 3.06988222292e-005, 2.11537553696e-006, 1.58803395607e-005, 2.70467950259e-007, 1.57963677339e-006, 2.41650127464e-006, 4.60859155282e-006, 2.1433540951e-006, 6.70133658787e-007, 5.15037015703e-007, 4.68557672662e-008, 4.34302682706e-009, 2.70859157325e-009, 5.19474667726e-008, 4.84591877736e-009, 7.6270252336e-009, 7.12917458401e-009, 1.80765258317e-009, 1.97385701534e-011]
    },
    "erbbands": {
        "mean": [0.319369852543, 2.24130654335, 2.5671248436, 7.3468914032, 11.5146121979, 9.3409948349, 6.40410900116, 8.25008106232, 8.85849189758, 22.5062351227, 15.9327878952, 67.7954788208, 31.5408115387, 30.8240966797, 43.8061447144, 18.1699867249, 29.9092063904, 43.9720802307, 60.773765564, 57.5818824768, 38.1555595398, 39.9498062134, 34.4184036255, 23.2372837067, 12.3758420944, 5.48041009903, 4.38595342636, 10.806479454, 28.0512218475, 9.2793598175, 4.50689840317, 4.12290287018, 3.11181163788, 1.89585363865, 0.988595247269, 0.418292403221, 0.12170830369, 0.0220377184451, 0.000588261522353, 5.82105894864e-005],
        "var": [0.162209525704, 6.43973064423, 4.67189216614, 55.2252998352, 134.722702026, 73.7447509766, 37.5016059875, 162.092880249, 812.605834961, 8100.58740234, 908.070129395, 25302.1113281, 2891.55664063, 3380.17675781, 17654.4667969, 588.403930664, 2891.60522461, 4353.04492188, 10987.4003906, 9945.81152344, 2631.859375, 2192.55004883, 1854.8236084, 313.423919678, 55.8051567078, 7.33763647079, 2.41187262535, 16.6580600739, 90.5169448853, 9.47957992554, 2.89275622368, 3.68333315849, 2.51796889305, 1.16351759434, 0.338136732578, 0.0518830828369, 0.00549411866814, 0.000218088302063, 1.91982891806e-007, 5.26219789965e-010]
    },
    "gfcc": {
        "mean": [56.8871459961, 61.2296447754, -101.471160889, 42.9921836853, -50.1176376343, 29.860294342, -39.157497406, 15.0244579315, -21.4522247314, 2.14578294754, -27.1368198395, 9.04773902893, -16.6429138184],
        "cov": [[1524.48657227, 176.539718628, -274.853363037, -211.823883057, 32.60887146, 86.9870376587, -40.3229255676, 13.9143400192, 22.1284751892, -34.6880950928, -108.203918457, -42.6775665283, 29.0891914368], [176.539718628, 237.419174194, -77.6256027222, -63.569278717, -10.7540655136, 5.92227697372, 16.2699890137, -4.97284889221, 43.6210708618, -6.36917543411, 11.834104538, -25.3501167297, 6.28875350952], [-274.853363037, -77.6256027222, 396.093780518, 205.860809326, -60.5868797302, -67.2645797729, 35.635848999, 17.8194065094, -27.2722663879, 59.5910072327, 57.2075271606, 36.7461395264, -56.5392570496], [-211.823883057, -63.569278717, 205.860809326, 247.912643433, 22.0936775208, -45.3770141602, 21.5986557007, 20.0358390808, -21.3946533203, 23.7497882843, 56.7067298889, 34.1862602234, -23.8957424164], [32.60887146, -10.7540655136, -60.5868797302, 22.0936775208, 129.589279175, 62.3409042358, 11.1445379257, -0.465860038996, 8.03078079224, -9.67423439026, -15.4060659409, 6.53070878983, 35.4459190369], [86.9870376587, 5.92227697372, -67.2645797729, -45.3770141602, 62.3409042358, 112.798561096, 28.6823558807, -17.8161220551, 0.290371447802, -9.27573680878, -24.0674762726, -7.46986055374, 31.5541057587], [-40.3229255676, 16.2699890137, 35.635848999, 21.5986557007, 11.1445379257, 28.6823558807, 65.1169204712, 23.9708328247, 3.01661276817, 10.0397510529, 21.2551860809, 12.1422834396, -0.862589657307], [13.9143400192, -4.97284889221, 17.8194065094, 20.0358390808, -0.465860038996, -17.8161220551, 23.9708328247, 63.7924423218, 35.6872138977, 5.95471668243, 2.13603234291, 2.50188469887, 1.70862710476], [22.1284751892, 43.6210708618, -27.2722663879, -21.3946533203, 8.03078079224, 0.290371447802, 3.01661276817, 35.6872138977, 74.9649276733, 17.8006763458, -15.5691547394, -13.7898645401, 18.7047710419], [-34.6880950928, -6.36917543411, 59.5910072327, 23.7497882843, -9.67423439026, -9.27573680878, 10.0397510529, 5.95471668243, 17.8006763458, 53.9350509644, 30.7992954254, 10.7684392929, -5.27813625336], [-108.203918457, 11.834104538, 57.2075271606, 56.7067298889, -15.4060659409, -24.0674762726, 21.2551860809, 2.13603234291, -15.5691547394, 30.7992954254, 89.1556625366, 42.9400749207, -19.6988010406], [-42.6775665283, -25.3501167297, 36.7461395264, 34.1862602234, 6.53070878983, -7.46986055374, 12.1422834396, 2.50188469887, -13.7898645401, 10.7684392929, 42.9400749207, 59.0416145325, 6.17905807495], [29.0891914368, 6.28875350952, -56.5392570496, -23.8957424164, 35.4459190369, 31.5541057587, -0.862589657307, 1.70862710476, 18.7047710419, -5.27813625336, -19.6988010406, 6.17905807495, 56.7647972107]],
        "icov": [[0.00132717285305, -0.00232096714899, 0.000916913268156, -0.000293808581773, 0.000428379251389, -0.00230710720643, 0.00317862071097, -0.00437789410353, 0.00387864606455, -0.00351791130379, 0.00383240892552, -0.00264975544997, 0.00157485844102], [-0.00232096714899, 0.0122434394434, -0.00174223154318, 0.00245524547063, -0.00104336487129, 0.00715740397573, -0.011796221137, 0.0156984180212, -0.016376260668, 0.013271426782, -0.0141521980986, 0.0105180740356, -0.00427353801206], [0.000916913268156, -0.00174223154318, 0.00895933248103, -0.00682262936607, 0.00471530295908, -0.00135762500577, -0.00136927666608, -0.00243724579923, 0.00482453079894, -0.0105983810499, 0.00944377202541, -0.00635440275073, 0.0050313542597], [-0.000293808581773, 0.00245524547063, -0.00682262936607, 0.0120424488559, -0.00727541698143, 0.00495966849849, -0.00116058439016, 0.000724372977857, -0.00181781721767, 0.00664876867086, -0.00932646170259, 0.00518216751516, -0.00268433662131], [0.000428379251389, -0.00104336487129, 0.00471530295908, -0.00727541698143, 0.0163373462856, -0.00954647734761, 0.00243016867898, -0.00282459356822, 0.000930754118599, -0.00325133488514, 0.00556023418903, -0.00534862931818, -0.00134030042682], [-0.00230710720643, 0.00715740397573, -0.00135762500577, 0.00495966849849, -0.00954647734761, 0.028883786872, -0.0240562185645, 0.0219929832965, -0.010272283107, 0.00785670988262, -0.00560392718762, 0.00927250087261, -0.00883587636054], [0.00317862071097, -0.011796221137, -0.00136927666608, -0.00116058439016, 0.00243016867898, -0.0240562185645, 0.0457529015839, -0.0349531210959, 0.0204175207764, -0.0126528572291, 0.00481539266184, -0.00956183671951, 0.00623523583636], [-0.00437789410353, 0.0156984180212, -0.00243724579923, 0.000724372977857, -0.00282459356822, 0.0219929832965, -0.0349531210959, 0.0580824017525, -0.0402925647795, 0.0243759024888, -0.0156534034759, 0.0105882966891, -0.00540055008605], [0.00387864606455, -0.016376260668, 0.00482453079894, -0.00181781721767, 0.000930754118599, -0.010272283107, 0.0204175207764, -0.0402925647795, 0.0529449507594, -0.0340842828155, 0.0231313593686, -0.0081893382594, -0.00117796857376], [-0.00351791130379, 0.013271426782, -0.0105983810499, 0.00664876867086, -0.00325133488514, 0.00785670988262, -0.0126528572291, 0.0243759024888, -0.0340842828155, 0.0533836595714, -0.0334342941642, 0.0162668544799, -0.00786627922207], [0.00383240892552, -0.0141521980986, 0.00944377202541, -0.00932646170259, 0.00556023418903, -0.00560392718762, 0.00481539266184, -0.0156534034759, 0.0231313593686, -0.0334342941642, 0.051210347563, -0.0328411608934, 0.0158867873251], [-0.00264975544997, 0.0105180740356, -0.00635440275073, 0.00518216751516, -0.00534862931818, 0.00927250087261, -0.00956183671951, 0.0105882966891, -0.0081893382594, 0.0162668544799, -0.0328411608934, 0.0446935519576, -0.0182842668146], [0.00157485844102, -0.00427353801206, 0.0050313542597, -0.00268433662131, -0.00134030042682, -0.00883587636054, 0.00623523583636, -0.00540055008605, -0.00117796857376, -0.00786627922207, 0.0158867873251, -0.0182842668146, 0.0343303531408]]
    },
    "melbands": {
        "mean": [0.00293537368998, 0.00197087018751, 0.00146846321877, 0.000745208875742, 0.000265278766165, 0.000182952615432, 0.000153514221893, 0.00022274487128, 0.000148018923937, 0.000429602281656, 0.000141494325362, 0.000116357608931, 0.000181060982868, 4.47393940703e-005, 6.0337013565e-005, 6.40977887088e-005, 8.50300493767e-005, 9.87337843981e-005, 8.11828140286e-005, 7.21526666894e-005, 3.77800679416e-005, 4.06507933803e-005, 3.81292811653e-005, 2.75595830317e-005, 1.79295402631e-005, 1.10587252493e-005, 5.83416203881e-006, 3.0881587918e-006, 2.43731415139e-006, 3.38498307428e-006, 7.67045912653e-006, 1.78979171324e-005, 1.07873893285e-005, 3.38663880939e-006, 2.38911206907e-006, 2.75832167063e-006, 2.37934000324e-006, 2.15520253732e-006, 1.91239359992e-006, 1.53195708208e-006],
        "var": [1.17500439956e-005, 3.46372348758e-006, 2.1200039555e-006, 3.68268416651e-007, 5.47148708563e-008, 7.20490973549e-008, 2.53835764852e-007, 8.22708500436e-007, 8.81699406818e-008, 1.03025331555e-006, 6.24596765419e-008, 4.79033843703e-008, 3.46195065504e-007, 4.23139701056e-009, 1.23759251736e-008, 1.42419089855e-008, 1.96053342449e-008, 2.84090937441e-008, 2.2225938423e-008, 1.93406517468e-008, 2.26534724312e-009, 2.63953325863e-009, 2.71470934621e-009, 9.29924470761e-010, 2.04105093937e-010, 5.72242739305e-011, 1.52095037953e-011, 3.01488066283e-012, 1.22219758186e-012, 2.59706535791e-012, 1.18227953469e-011, 4.8311327161e-011, 1.52791147789e-011, 2.60586149013e-012, 1.10828729007e-012, 2.02872939802e-012, 1.47772408459e-012, 1.26342827259e-012, 1.18690647588e-012, 8.95503831679e-013]
    },
    "mfcc": {
        "mean": [-589.470092773, 92.5912017822, 10.6912326813, 21.3438434601, 15.6283159256, 15.7437725067, -2.30282521248, 15.4667196274, 6.94439554214, -3.7494301796, 10.023891449, -7.11845207214, -7.0214715004],
        "cov": [[975.612365723, 255.912689209, -312.955841064, -261.975738525, 39.6198959351, 15.9905519485, -61.0743255615, 20.4355335236, 85.6001663208, 54.2770614624, -43.5181732178, -80.0344390869, -72.461769104], [255.912689209, 230.769699097, -84.0383453369, -100.990447998, -25.6982917786, 4.65180540085, -35.2771759033, 1.28525853157, 14.1811599731, 34.3411369324, 4.48847150803, -8.80488967896, -7.54615306854], [-312.955841064, -84.0383453369, 378.148468018, 199.578186035, -56.9455108643, -29.481054306, 33.2862815857, -17.8149166107, -54.6437339783, -42.5497245789, 66.8582382202, 66.4914169312, 52.3665924072], [-261.975738525, -100.990447998, 199.578186035, 263.815216064, 17.5209121704, -33.4466705322, 36.9619865417, 10.1879787445, -45.845287323, -33.6509437561, 41.3359832764, 57.5503387451, 49.6859931946], [39.6198959351, -25.6982917786, -56.9455108643, 17.5209121704, 91.9528808594, 38.8043479919, 1.37274038792, 11.9534521103, 29.7551746368, 10.5253648758, -17.6080532074, -18.2245140076, -14.4332208633], [15.9905519485, 4.65180540085, -29.481054306, -33.4466705322, 38.8043479919, 104.067306519, 37.0697898865, 3.60518574715, 13.9580335617, 8.30066680908, -16.4472084045, -19.2186069489, -8.76000785828], [-61.0743255615, -35.2771759033, 33.2862815857, 36.9619865417, 1.37274038792, 37.0697898865, 85.8273468018, 21.0781517029, -23.6815242767, -18.7683639526, 7.33304691315, 15.7868537903, 13.2268352509], [20.4355335236, 1.28525853157, -17.8149166107, 10.1879787445, 11.9534521103, 3.60518574715, 21.0781517029, 60.4113922119, 19.0401287079, -2.29715299606, 2.81324982643, 4.30486392975, -0.982448875904], [85.6001663208, 14.1811599731, -54.6437339783, -45.845287323, 29.7551746368, 13.9580335617, -23.6815242767, 19.0401287079, 97.2631530762, 48.0536308289, -15.1066017151, -34.6186561584, -24.6330528259], [54.2770614624, 34.3411369324, -42.5497245789, -33.6509437561, 10.5253648758, 8.30066680908, -18.7683639526, -2.29715299606, 48.0536308289, 74.7011184692, 2.00120663643, -24.9090499878, -16.3730812073], [-43.5181732178, 4.48847150803, 66.8582382202, 41.3359832764, -17.6080532074, -16.4472084045, 7.33304691315, 2.81324982643, -15.1066017151, 2.00120663643, 64.0034561157, 33.9942359924, 13.1931505203], [-80.0344390869, -8.80488967896, 66.4914169312, 57.5503387451, -18.2245140076, -19.2186069489, 15.7868537903, 4.30486392975, -34.6186561584, -24.9090499878, 33.9942359924, 69.9986572266, 36.847946167], [-72.461769104, -7.54615306854, 52.3665924072, 49.6859931946, -14.4332208633, -8.76000785828, 13.2268352509, -0.982448875904, -24.6330528259, -16.3730812073, 13.1931505203, 36.847946167, 59.3765449524]],
        "icov": [[0.00210615899414, -0.00202854839154, 0.000504348892719, 0.00109557493124, -0.00160958291963, 0.00125675916206, -0.000709802436177, 3.76387106371e-005, -0.000773506064434, 0.000962608493865, -0.000422111101216, 0.000781096110586, 0.000457418267615], [-0.00202854839154, 0.00832026731223, 0.00040144927334, 0.000474384985864, 0.00381730985828, -0.0031252191402, 0.00389042962343, -0.00210999022238, 0.00231551425532, -0.00345162861049, -0.00106733909342, -0.0014547763858, -0.00145511049777], [0.000504348892719, 0.00040144927334, 0.00739628123119, -0.00545006571338, 0.00618152506649, -0.00280662439764, 0.000576953054406, 0.002814758569, -0.00274086068384, 0.00280796131119, -0.00390884280205, 6.83054895489e-005, 0.000173955631908], [0.00109557493124, 0.000474384985864, -0.00545006571338, 0.0124104488641, -0.0100373448804, 0.0063520190306, -0.00295574311167, -0.0025831386447, 0.00339526124299, -0.001834740513, -0.000336986791808, -0.000615838856902, -0.00370842707343], [-0.00160958291963, 0.00381730985828, 0.00618152506649, -0.0100373448804, 0.0253957994282, -0.0122293140739, 0.00595184601843, -0.000728677143343, -0.00482185604051, 0.00114749651402, 0.000533420883585, -0.00100687530357, 0.00332171469927], [0.00125675916206, -0.0031252191402, -0.00280662439764, 0.0063520190306, -0.0122293140739, 0.0204336997122, -0.0122334780172, 0.00313661270775, -0.000811748672277, -0.000654224248137, 0.00169545586687, 0.00283001712523, -0.00153466197662], [-0.000709802436177, 0.00389042962343, 0.000576953054406, -0.00295574311167, 0.00595184601843, -0.0122334780172, 0.0232664048672, -0.00950861442834, 0.00593705754727, -0.000614995660726, -0.000908409245312, -0.00134505797178, -0.000775518245064], [3.76387106371e-005, -0.00210999022238, 0.002814758569, -0.0025831386447, -0.000728677143343, 0.00313661270775, -0.00950861442834, 0.0249394476414, -0.0104761542752, 0.00588463060558, -0.00226624659263, -0.0022347883787, 0.00144026440103], [-0.000773506064434, 0.00231551425532, -0.00274086068384, 0.00339526124299, -0.00482185604051, -0.000811748672277, 0.00593705754727, -0.0104761542752, 0.0235585235059, -0.0128887817264, 0.00270821177401, 0.00277848076075, 3.21295738104e-005], [0.000962608493865, -0.00345162861049, 0.00280796131119, -0.001834740513, 0.00114749651402, -0.000654224248137, -0.000614995660726, 0.00588463060558, -0.0128887817264, 0.0254553053528, -0.00787392538041, 0.00593886105344, -5.20580615557e-005], [-0.000422111101216, -0.00106733909342, -0.00390884280205, -0.000336986791808, 0.000533420883585, 0.00169545586687, -0.000908409245312, -0.00226624659263, 0.00270821177401, -0.00787392538041, 0.0272055696696, -0.0126635031775, 0.00438932934776], [0.000781096110586, -0.0014547763858, 6.83054895489e-005, -0.000615838856902, -0.00100687530357, 0.00283001712523, -0.00134505797178, -0.0022347883787, 0.00277848076075, 0.00593886105344, -0.0126635031775, 0.0329817347229, -0.0132048884407], [0.000457418267615, -0.00145511049777, 0.000173955631908, -0.00370842707343, 0.00332171469927, -0.00153466197662, -0.000775518245064, 0.00144026440103, 3.21295738104e-005, -5.20580615557e-005, 0.00438932934776, -0.0132048884407, 0.0281607378274]]
    },
    "spectral_contrast_coeffs": {
        "mean": [-0.674571454525, -0.768564999104, -0.77782022953, -0.787254810333, -0.7657148242, -0.748286664486],
        "var": [0.00404508272186, 0.00439733546227, 0.0046886280179, 0.00229376601055, 0.00129883992486, 0.000260461005382]
    },
    "spectral_contrast_valleys": {
        "mean": [-6.56716299057, -6.64693832397, -6.89956998825, -7.08993721008, -7.19208431244, -9.12562847137],
        "var": [0.408509045839, 0.409483164549, 0.468836456537, 0.562675476074, 0.327105790377, 0.249763727188]
    }
},
"metadata": {
    "audio_properties": {
        "analysis_sample_rate": 44100,
        "bit_rate": 128074,
        "equal_loudness": 0,
        "length": 45.0612258911,
        "lossless": 0,
        "replay_gain": -3.28468322754,
        "sample_rate": 44100,
        "codec": "mp3",
        "downmix": "mix",
        "md5_encoded": "708f623982f31c4e5b86d58220da1215"
    },
    "tags": {
        "file_name": "1333.mp3"
    },
    "version": {
        "essentia": "2.1-beta2",
        "essentia_git_sha": "v2.1_beta2",
        "extractor": "music 1.0"
    }
},
"rhythm": {
    "beats_count": 100,
    "beats_loudness": {
        "mean": 0.0383055023849,
        "var": 0.000231807862292
    },
    "bpm": 135.312850952,
    "bpm_histogram_first_peak_bpm": {
        "mean": 136,
        "var": 0
    },
    "bpm_histogram_first_peak_spread": {
        "mean": 0.31764703989,
        "var": 0
    },
    "bpm_histogram_first_peak_weight": {
        "mean": 0.58585858345,
        "var": 0
    },
    "bpm_histogram_second_peak_bpm": {
        "mean": 129,
        "var": 0
    },
    "bpm_histogram_second_peak_spread": {
        "mean": 0.357142806053,
        "var": 0
    },
    "bpm_histogram_second_peak_weight": {
        "mean": 0.0909090936184,
        "var": 0
    },
    "danceability": 1.09557366371,
    "onset_rate": 3.10548377037,
    "beats_loudness_band_ratio": {
        "mean": [0.542633533478, 0.100250683725, 0.120777636766, 0.0962887406349, 0.109027244151, 0.0634930953383],
        "var": [0.0506296046078, 0.00572973955423, 0.0201458223164, 0.01284575928, 0.00838005635887, 0.00130910601001]
    },
    "beats_position": [0.46439909935, 0.940408170223, 1.40480720997, 1.86920630932, 2.33360528946, 2.79800438881, 3.26240348816, 3.73841261864, 4.21442174911, 4.69043064117, 5.16644001007, 5.630838871, 6.08362817764, 6.54802703857, 7.01242637634, 7.45360517502, 7.89478445053, 8.34757328033, 8.80036258698, 9.24154186249, 9.682721138, 10.1239004135, 10.5650787354, 10.9946479797, 11.4242172241, 11.8770065308, 12.3297958374, 12.782585144, 13.235373497, 13.6881628036, 14.1409521103, 14.5821313858, 15.0233106613, 15.4644899368, 15.9056682587, 16.3468475342, 16.7880268097, 17.2292060852, 17.6703853607, 18.1115646362, 18.5527439117, 18.9939231873, 19.4351024628, 19.8762817383, 20.3406791687, 20.7934684753, 21.246257782, 21.6874370575, 22.1402263641, 22.5930156708, 23.0341949463, 23.4753742218, 23.9165534973, 24.3577327728, 24.7989120483, 25.2400894165, 25.681268692, 26.1224479675, 26.5520172119, 26.9815864563, 27.4111557007, 27.8523349762, 28.2935142517, 28.7463035583, 29.199092865, 29.6402721405, 30.0930614471, 30.5342407227, 30.9754180908, 31.4165973663, 31.8577766418, 32.2989578247, 32.7401351929, 33.1813163757, 33.6224937439, 34.0636711121, 34.5048522949, 34.9460296631, 35.3872108459, 35.8400001526, 36.2927894592, 36.7339668274, 37.1751480103, 37.6163253784, 38.0691146851, 38.5219039917, 38.9630813599, 39.4042625427, 39.8454399109, 40.2866210938, 40.7394104004, 41.192199707, 41.6333770752, 42.0745582581, 42.5157356262, 42.9569168091, 43.3980941772, 43.8392753601, 44.2804527283, 44.7216300964]
},
"tonal": {
    "chords_changes_rate": 0.108024694026,
    "chords_number_rate": 0.0102880662307,
    "chords_strength": {
        "mean": 0.462054014206,
        "var": 0.0098510524258
    },
    "hpcp_entropy": {
        "mean": 2.6448071003,
        "var": 0.562715172768
    },
    "key_strength": 0.756920218468,
    "tuning_diatonic_strength": 0.576255857944,
    "tuning_equal_tempered_deviation": 0.161082476377,
    "tuning_frequency": 434.193115234,
    "tuning_nontempered_energy_ratio": 0.864542663097,
    "hpcp": {
        "mean": [0.192950114608, 0.180672824383, 0.135673880577, 0.102149643004, 0.0955239310861, 0.12281152606, 0.21928961575, 0.248393192887, 0.170971095562, 0.120695851743, 0.0916711241007, 0.0676426514983, 0.0623364746571, 0.0721454545856, 0.092789337039, 0.114507727325, 0.140423282981, 0.177836105227, 0.19280706346, 0.180588677526, 0.248264610767, 0.366385966539, 0.338281810284, 0.293936759233, 0.296170979738, 0.184118375182, 0.0918572619557, 0.109678462148, 0.114200994372, 0.0826093256474, 0.0710020586848, 0.0858242586255, 0.118115283549, 0.163883075118, 0.179897218943, 0.178346261382],
        "var": [0.0744662210345, 0.0690379142761, 0.0476506240666, 0.03358932212, 0.0303914677352, 0.0324578732252, 0.0617793090641, 0.0642931833863, 0.0530713684857, 0.0391140021384, 0.0317736342549, 0.0194370672107, 0.0175122134387, 0.0216962248087, 0.0340313725173, 0.0498331487179, 0.0608058348298, 0.0789901018143, 0.0754427015781, 0.0637789219618, 0.0773106068373, 0.112936623394, 0.102069750428, 0.0888031497598, 0.111006140709, 0.0536398552358, 0.0245962757617, 0.0309948194772, 0.0274025592953, 0.015279260464, 0.0152758499607, 0.0210543721914, 0.0307795219123, 0.0478545539081, 0.0542587600648, 0.0627629607916]
    },
    "chords_histogram": [3.49794244766, 0, 11.4197530746, 0, 0, 0, 0, 7.51028823853, 2.67489719391, 44.9588470459, 0.925925910473, 11.8312759399, 0.102880656719, 0, 0, 1.33744859695, 2.46913576126, 0.720164597034, 0, 0.823045253754, 0, 0, 5.24691343307, 6.48148155212],
    "thpcp": [1, 0.923293590546, 0.802259862423, 0.808357894421, 0.502525746822, 0.250711739063, 0.299352258444, 0.311695873737, 0.225470766425, 0.193790331483, 0.234245479107, 0.322379380465, 0.447296261787, 0.491004675627, 0.486771553755, 0.526630759239, 0.493121564388, 0.370303153992, 0.278803378344, 0.260719418526, 0.335197120905, 0.598520755768, 0.67795497179, 0.466642051935, 0.329422682524, 0.250203698874, 0.184621289372, 0.170138821006, 0.196911081672, 0.253255695105, 0.312533050776, 0.38326600194, 0.485379129648, 0.526240289211, 0.492891907692, 0.677604019642],
    "chords_key": "E",
    "chords_scale": "major",
    "key_key": "A",
    "key_scale": "minor"
}
}