{
"lowlevel": {
    "average_loudness": 0.962073147297,
    "barkbands_crest": {
        "mean": 13.642490387,
        "var": 32.8058204651
    },
    "barkbands_flatness_db": {
        "mean": 0.159578725696,
        "var": 0.00768779264763
    },
    "barkbands_kurtosis": {
        "mean": 21.8385562897,
        "var": 1948.37561035
    },
    "barkbands_skewness": {
        "mean": 2.89126443863,
        "var": 6.80668354034
    },
    "barkbands_spread": {
        "mean": 24.1176567078,
        "var": 455.579620361
    },
    "dissonance": {
        "mean": 0.463304698467,
        "var": 0.000656418444123
    },
    "dynamic_complexity": 3.28058505058,
    "erbbands_crest": {
        "mean": 12.17162323,
        "var": 39.5410346985
    },
    "erbbands_flatness_db": {
        "mean": 0.137830033898,
        "var": 0.00131021870766
    },
    "erbbands_kurtosis": {
        "mean": 0.97167211771,
        "var": 10.8042697906
    },
    "erbbands_skewness": {
        "mean": 0.777221441269,
        "var": 0.845744132996
    },
    "erbbands_spread": {
        "mean": 51.0563049316,
        "var": 493.570281982
    },
    "hfc": {
        "mean": 21.506893158,
        "var": 303.063812256
    },
    "melbands_crest": {
        "mean": 19.2568588257,
        "var": 56.0673179626
    },
    "melbands_flatness_db": {
        "mean": 0.236630126834,
        "var": 0.0144947348163
    },
    "melbands_kurtosis": {
        "mean": 46.1338310242,
        "var": 6163.51660156
    },
    "melbands_skewness": {
        "mean": 4.37578344345,
        "var": 8.83643531799
    },
    "melbands_spread": {
        "mean": 23.6249732971,
        "var": 796.452087402
    },
    "pitch_salience": {
        "mean": 0.469497293234,
        "var": 0.0281350109726
    },
    "silence_rate_20dB": {
        "mean": 0.971163749695,
        "var": 0.0280047710985
    },
    "silence_rate_30dB": {
        "mean": 0.776519060135,
        "var": 0.173539608717
    },
    "silence_rate_60dB": {
        "mean": 0.0803295597434,
        "var": 0.0738777294755
    },
    "spectral_centroid": {
        "mean": 1311.30456543,
        "var": 671075.0625
    },
    "spectral_complexity": {
        "mean": 13.4047374725,
        "var": 50.4551544189
    },
    "spectral_decrease": {
        "mean": -1.83990014335e-008,
        "var": 7.52757280252e-016
    },
    "spectral_energy": {
        "mean": 0.0713928416371,
        "var": 0.0108327567577
    },
    "spectral_energyband_high": {
        "mean": 0.00140895112418,
        "var": 3.40851170222e-006
    },
    "spectral_energyband_low": {
        "mean": 0.0584430284798,
        "var": 0.00998710747808
    },
    "spectral_energyband_middle_high": {
        "mean": 0.00175612675957,
        "var": 3.58584225069e-006
    },
    "spectral_energyband_middle_low": {
        "mean": 0.0124750062823,
        "var": 0.000297091610264
    },
    "spectral_entropy": {
        "mean": 7.60926675797,
        "var": 0.309575408697
    },
    "spectral_flux": {
        "mean": 0.13598254323,
        "var": 0.0148453423753
    },
    "spectral_kurtosis": {
        "mean": 2.97455000877,
        "var": 10.6174135208
    },
    "spectral_rms": {
        "mean": 0.00657651433721,
        "var": 2.64010213868e-005
    },
    "spectral_rolloff": {
        "mean": 1961.13378906,
        "var": 6616765
    },
    "spectral_skewness": {
        "mean": 1.43476390839,
        "var": 0.368844687939
    },
    "spectral_spread": {
        "mean": 6319305,
        "var": 2.31037966746e+012
    },
    "spectral_strongpeak": {
        "mean": 0.903217017651,
        "var": 0.595456063747
    },
    "zerocrossingrate": {
        "mean": 0.064995713532,
        "var": 0.002864735201
    },
    "barkbands": {
        "mean": [0.00413895398378, 0.0416508764029, 0.0100697707385, 0.00487565295771, 0.0020325507503, 0.000675221905112, 0.000364067440387, 0.00282151275314, 0.00136132293846, 0.000700230477378, 0.000106729625259, 8.05660383776e-005, 0.000129213251057, 7.30178726371e-005, 0.000291508506052, 0.00015347552835, 0.000134798363433, 0.000163471864653, 0.000104983701021, 0.000180666844244, 0.000164819706697, 0.000282287597656, 0.000311039853841, 0.000320138264215, 0.000147909144289, 5.16581712873e-005, 6.47781689622e-006],
        "var": [0.000101621604699, 0.00710846250877, 0.000751908344682, 0.000178286922164, 1.37205570354e-005, 1.27055761823e-006, 9.93205389932e-007, 1.71873271029e-005, 7.05450474925e-006, 2.38055508817e-006, 9.65205444459e-008, 2.1717930565e-008, 6.90039456686e-008, 1.81711055092e-008, 1.06595550164e-007, 4.86561511082e-008, 4.66415812639e-008, 3.94792571967e-008, 2.49476492797e-008, 5.07181496801e-008, 4.90351759197e-008, 1.92420571921e-007, 2.91307742373e-007, 2.93368572102e-007, 4.74912411619e-008, 2.02506234004e-009, 5.70145215761e-011]
    },
    "erbbands": {
        "mean": [1.71468532085, 7.22264194489, 11.4293727875, 16.3085346222, 10.6899271011, 5.43415164948, 5.52364253998, 5.54749536514, 5.53574609756, 10.5345821381, 76.9741439819, 42.4467697144, 25.2647781372, 14.2683124542, 3.89880013466, 3.98256635666, 5.22057819366, 4.95771694183, 14.8412265778, 9.87304878235, 8.01845264435, 7.12126922607, 7.98204469681, 6.67160367966, 5.92545700073, 8.95036888123, 5.82662725449, 8.62955951691, 7.82313728333, 10.7928247452, 8.33650302887, 7.06205129623, 5.407558918, 2.2374420166, 0.758376717567, 0.28146648407, 0.0762919634581, 0.017893621698, 0.00060495256912, 9.57946103881e-005],
        "var": [16.5909576416, 204.206161499, 876.38684082, 1742.90698242, 530.722045898, 88.4812469482, 62.4022941589, 108.147895813, 202.095794678, 214.248703003, 12551.2285156, 5629.74414063, 2793.5144043, 1538.0736084, 62.0263442993, 48.0306053162, 116.50717926, 58.6078453064, 295.158355713, 134.897994995, 123.505767822, 134.795135498, 102.99848175, 90.148223877, 62.2379760742, 115.754821777, 63.1222381592, 117.710205078, 125.717483521, 399.984069824, 229.67350769, 163.164825439, 87.8188247681, 14.2535791397, 0.817369639874, 0.0839189589024, 0.00358264753595, 0.000297009857604, 4.11553003232e-007, 1.28161401491e-008]
    },
    "gfcc": {
        "mean": [-3.10368299484, 59.2543334961, -83.7464675903, 38.3095970154, -66.0607376099, 19.3014526367, -34.9250144958, 21.9303531647, -11.3120384216, 6.56452417374, -27.3491592407, -7.90182256699, -13.2759838104],
        "cov": [[5305.15136719, -369.748413086, 253.419708252, 376.407470703, 149.120162964, 270.150482178, 50.4104042053, -9.02821826935, -123.467384338, -63.279510498, -167.267059326, 35.9206848145, -221.764892578], [-369.748413086, 1977.91674805, 1163.22033691, 380.824066162, 640.316711426, 50.63514328, 234.538360596, -103.739463806, 83.0453491211, 22.9647693634, 235.630371094, -100.483726501, 162.154602051], [253.419708252, 1163.22033691, 1151.79455566, 529.699279785, 427.706542969, 133.79095459, 158.747695923, -34.8516807556, 54.9530982971, -44.5625190735, 109.756607056, -71.1295013428, 109.628471375], [376.407470703, 380.824066162, 529.699279785, 470.145172119, 185.404983521, 110.034721375, 7.76779556274, -66.7030944824, -35.3679161072, -44.9677619934, 63.832447052, -38.5060348511, 3.39667439461], [149.120162964, 640.316711426, 427.706542969, 185.404983521, 430.089447021, 71.5969924927, 173.588500977, -42.9538612366, 7.20609807968, 8.54643821716, 87.2173690796, 11.6571655273, 43.9106178284], [270.150482178, 50.63514328, 133.79095459, 110.034721375, 71.5969924927, 192.617340088, 61.3155708313, 7.13134813309, -21.1924266815, -39.711391449, 41.1219329834, 14.7641143799, 23.5558948517], [50.4104042053, 234.538360596, 158.747695923, 7.76779556274, 173.588500977, 61.3155708313, 199.304733276, 66.92578125, 43.8089828491, 16.2866096497, 21.7094650269, 21.8965873718, 40.903011322], [-9.02821826935, -103.739463806, -34.8516807556, -66.7030944824, -42.9538612366, 7.13134813309, 66.92578125, 132.529678345, 81.7376708984, 17.6928062439, -46.024520874, 0.109673008323, 13.7666864395], [-123.467384338, 83.0453491211, 54.9530982971, -35.3679161072, 7.20609807968, -21.1924266815, 43.8089828491, 81.7376708984, 157.503189087, 102.345993042, 11.0673398972, -35.3277893066, 18.4855003357], [-63.279510498, 22.9647693634, -44.5625190735, -44.9677619934, 8.54643821716, -39.711391449, 16.2866096497, 17.6928062439, 102.345993042, 174.474838257, 48.0803833008, -47.9392356873, -35.0764503479], [-167.267059326, 235.630371094, 109.756607056, 63.832447052, 87.2173690796, 41.1219329834, 21.7094650269, -46.024520874, 11.0673398972, 48.0803833008, 158.35194397, 31.2587375641, 33.6603355408], [35.9206848145, -100.483726501, -71.1295013428, -38.5060348511, 11.6571655273, 14.7641143799, 21.8965873718, 0.109673008323, -35.3277893066, -47.9392356873, 31.2587375641, 140.530670166, 61.0912055969], [-221.764892578, 162.154602051, 109.628471375, 3.39667439461, 43.9106178284, 23.5558948517, 40.903011322, 13.7666864395, 18.4855003357, -35.0764503479, 33.6603355408, 61.0912055969, 139.705062866]],
        "icov": [[0.00027951670927, 1.95184074983e-005, -0.000144575285958, -0.000113991074613, -5.57386811124e-005, -0.000480303395307, 7.83277282608e-005, 7.18802621122e-005, 0.000103953636426, -0.000394127768232, 0.000688207801431, -0.000645417254418, 0.000609459879342], [1.95184074983e-005, 0.00303043774329, -0.002469929168, 0.00173371506389, -0.00210061320104, 0.00165868457407, -0.000514367304277, 0.00116554216947, -0.000337663688697, 0.00147799961269, -0.00309524615295, 0.00318461051211, -0.00140513235237], [-0.000144575285958, -0.002469929168, 0.0057197320275, -0.0045870654285, 0.000316978606861, -0.000418245355831, -0.00101157708559, -0.000321002327837, -0.00219619437121, 0.00128241209313, 0.00137555319816, 0.000207527642488, -0.00125039438717], [-0.000113991074613, 0.00173371506389, -0.0045870654285, 0.00752293458208, -0.00187938776799, -0.00108700292185, 0.00282977335155, 4.16055627284e-005, 0.00150149734691, 0.000443013821496, -0.00235221139155, 0.00145032070577, 0.00100984238088], [-5.57386811124e-005, -0.00210061320104, 0.000316978606861, -0.00187938776799, 0.0089673390612, -0.000539612607099, -0.0070150513202, 0.00538246333599, -0.00130231596995, -0.000915699871257, 0.00196101167239, -0.00332864397205, 0.00186809070874], [-0.000480303395307, 0.00165868457407, -0.000418245355831, -0.00108700292185, -0.000539612607099, 0.00972914509475, -0.00343752861954, -0.000998176634312, 0.000514316780027, 0.00387151376344, -0.00584754766896, 0.00404591439292, -0.00215539033525], [7.83277282608e-005, -0.000514367304277, -0.00101157708559, 0.00282977335155, -0.0070150513202, -0.00343752861954, 0.0170327778906, -0.0121456105262, 0.00485193682835, -0.00384635129012, 0.000598289945628, -0.00182908761781, -0.000511212274432], [7.18802621122e-005, 0.00116554216947, -0.000321002327837, 4.16055627284e-005, 0.00538246333599, -0.000998176634312, -0.0121456105262, 0.0268603488803, -0.0158554986119, 0.00557574862614, 0.0047324676998, -0.00156945222989, 0.00144181924406], [0.000103953636426, -0.000337663688697, -0.00219619437121, 0.00150149734691, -0.00130231596995, 0.000514316780027, 0.00485193682835, -0.0158554986119, 0.0245081353933, -0.0134944953024, -0.00015993345005, 0.00200512190349, -0.00476099131629], [-0.000394127768232, 0.00147799961269, 0.00128241209313, 0.000443013821496, -0.000915699871257, 0.00387151376344, -0.00384635129012, 0.00557574862614, -0.0134944953024, 0.0190946888179, -0.00869032647461, 0.00598086090758, 0.00291174603626], [0.000688207801431, -0.00309524615295, 0.00137555319816, -0.00235221139155, 0.00196101167239, -0.00584754766896, 0.000598289945628, 0.0047324676998, -0.00015993345005, -0.00869032647461, 0.0176465399563, -0.00938262976706, 0.00108134758193], [-0.000645417254418, 0.00318461051211, 0.000207527642488, 0.00145032070577, -0.00332864397205, 0.00404591439292, -0.00182908761781, -0.00156945222989, 0.00200512190349, 0.00598086090758, -0.00938262976706, 0.0185069926083, -0.00846067164093], [0.000609459879342, -0.00140513235237, -0.00125039438717, 0.00100984238088, 0.00186809070874, -0.00215539033525, -0.000511212274432, 0.00144181924406, -0.00476099131629, 0.00291174603626, 0.00108134758193, -0.00846067164093, 0.0152970515192]]
    },
    "melbands": {
        "mean": [0.0131407724693, 0.00728149292991, 0.00269724102691, 0.000540526933037, 0.000194435517187, 0.000122972589452, 8.28577612992e-005, 0.000183678726899, 0.000572200224269, 0.000244074501097, 0.000116163784696, 5.92874748691e-005, 1.31311817313e-005, 9.8836799225e-006, 1.05370045276e-005, 1.15284165076e-005, 7.96782933321e-006, 2.26087431656e-005, 1.60966519616e-005, 1.29117406686e-005, 8.39295444166e-006, 7.13005101716e-006, 7.14413818059e-006, 8.35512764752e-006, 4.9678205869e-006, 4.09036465499e-006, 4.14616624766e-006, 6.77776461089e-006, 3.65198729924e-006, 3.82920461561e-006, 5.44189742868e-006, 3.87032287108e-006, 6.45719319436e-006, 5.61883734918e-006, 4.13514135289e-006, 5.84368945056e-006, 3.71027317669e-006, 4.206275662e-006, 2.56710700342e-006, 1.6409132968e-006],
        "var": [0.000806879950687, 0.000223026028834, 4.29875981354e-005, 1.09586062536e-006, 7.60042198067e-008, 5.19742435756e-008, 5.05460135969e-008, 5.73926364211e-008, 6.75773605963e-007, 2.43759444629e-007, 6.65388171228e-008, 3.14229247067e-008, 1.22907350963e-009, 3.29567956259e-010, 4.00388305843e-010, 5.84263082359e-010, 1.86142976033e-010, 7.29921068032e-010, 3.3062932947e-010, 3.24388904627e-010, 1.71617858813e-010, 1.60324239995e-010, 1.33124844481e-010, 9.5088846519e-011, 6.62865873302e-011, 3.33708408129e-011, 4.14137994731e-011, 7.2380296201e-011, 3.29202255733e-011, 3.4300721985e-011, 4.89758893163e-011, 2.91606287728e-011, 1.82711498709e-010, 1.23940718799e-010, 6.38482114401e-011, 1.30948085708e-010, 5.80876041711e-011, 5.77219626263e-011, 2.2415479195e-011, 9.12461772806e-012]
    },
    "mfcc": {
        "mean": [-657.200500488, 93.6066741943, 33.9528427124, 22.3152256012, 5.53060531616, 2.44442510605, -6.15855264664, 5.86152505875, 14.7519826889, 16.6430225372, 6.54759740829, -2.81838703156, -6.32566595078],
        "cov": [[4707.36328125, -788.398376465, -14.850810051, 65.1197128296, 59.8638496399, 227.120773315, 55.4342308044, 177.886566162, -127.852935791, 3.73332285881, -78.1065063477, 60.3804321289, -5.39387273788], [-788.398376465, 1771.59179688, 604.870300293, 459.928222656, 394.712615967, 244.448272705, 310.713226318, -30.4499988556, 139.416931152, 24.1946525574, 73.0128936768, 48.7713127136, 92.0520019531], [-14.850810051, 604.870300293, 844.305969238, 383.638031006, 319.782043457, 178.098968506, 156.222579956, 47.9814109802, 61.7351608276, 26.7873153687, 1.78167593479, -33.6119995117, 33.6134986877], [65.1197128296, 459.928222656, 383.638031006, 432.064453125, 242.547698975, 155.781204224, 120.640670776, 9.19090366364, 3.08752679825, 8.01463890076, 9.19736766815, -0.258779913187, 21.9231472015], [59.8638496399, 394.712615967, 319.782043457, 242.547698975, 271.777282715, 166.158355713, 134.390716553, 23.5853614807, -4.10970258713, -26.1819705963, -11.8267822266, 22.9478092194, 32.9275550842], [227.120773315, 244.448272705, 178.098968506, 155.781204224, 166.158355713, 208.630004883, 151.581787109, 20.2454586029, -19.574760437, -7.27735853195, -3.45955443382, 46.7622795105, 32.1023864746], [55.4342308044, 310.713226318, 156.222579956, 120.640670776, 134.390716553, 151.581787109, 225.47694397, 76.0959014893, 5.23632574081, -31.6611614227, -22.8767414093, 17.4132652283, 34.6738548279], [177.886566162, -30.4499988556, 47.9814109802, 9.19090366364, 23.5853614807, 20.2454586029, 76.0959014893, 185.948532104, 56.6292419434, -43.56980896, -52.2386703491, -30.9856948853, 13.413151741], [-127.852935791, 139.416931152, 61.7351608276, 3.08752679825, -4.10970258713, -19.574760437, 5.23632574081, 56.6292419434, 178.398254395, 73.3818511963, -5.1637673378, -6.73168611526, 2.29624199867], [3.73332285881, 24.1946525574, 26.7873153687, 8.01463890076, -26.1819705963, -7.27735853195, -31.6611614227, -43.56980896, 73.3818511963, 170.245376587, 97.1931304932, 13.836268425, 1.94234955311], [-78.1065063477, 73.0128936768, 1.78167593479, 9.19736766815, -11.8267822266, -3.45955443382, -22.8767414093, -52.2386703491, -5.1637673378, 97.1931304932, 154.454681396, 33.1102371216, -3.73687314987], [60.3804321289, 48.7713127136, -33.6119995117, -0.258779913187, 22.9478092194, 46.7622795105, 17.4132652283, -30.9856948853, -6.73168611526, 13.836268425, 33.1102371216, 105.350860596, 16.1238288879], [-5.39387273788, 92.0520019531, 33.6134986877, 21.9231472015, 32.9275550842, 32.1023864746, 34.6738548279, 13.413151741, 2.29624199867, 1.94234955311, -3.73687314987, 16.1238288879, 73.3261184692]],
        "icov": [[0.000292377226287, 0.000126954982989, -3.428419177e-006, -8.04977680673e-005, 4.32059860032e-005, -0.000505905947648, 0.000232757854974, -0.000479572539916, 0.0003765875299, -0.000424365629442, 0.000287415983621, -0.000222526752623, 0.000130543237901], [0.000126954982989, 0.00167506374419, -0.000205832504435, -0.000703074911144, -0.000891966104973, 0.000460101029603, -0.00195193313994, 0.00193395907991, -0.00245628599077, 0.00187267106958, -0.00172456854489, 0.000279890722595, -0.00114270206541], [-3.428419177e-006, -0.000205832504435, 0.00272953556851, -0.000899455742911, -0.0023487303406, -5.25784089405e-005, 0.000195181797608, -0.000261529930867, -0.000421426026151, -0.000675048388075, -2.43935483013e-005, 0.00145825999789, 1.82680014404e-005], [-8.04977680673e-005, -0.000703074911144, -0.000899455742911, 0.00564836803824, -0.00298235239461, -0.000938390439842, 0.00074998033233, -0.000386789033655, 0.00120426621288, -0.00130184018053, 0.000379935576348, 0.000920766266063, 0.000880115316249], [4.32059860032e-005, -0.000891966104973, -0.0023487303406, -0.00298235239461, 0.0141838267446, -0.0060703069903, 0.00081838236656, -0.000585744157434, 0.000454191729659, 0.00225899578072, 0.000391082925489, -0.00136150885373, -0.000655043870211], [-0.000505905947648, 0.000460101029603, -5.25784089405e-005, -0.000938390439842, -0.0060703069903, 0.0176581330597, -0.00857036467642, 0.00146902527194, 0.0018565322971, -0.00263758539222, 0.00142147683073, -0.00452161487192, -0.000452622189187], [0.000232757854974, -0.00195193313994, 0.000195181797608, 0.00074998033233, 0.00081838236656, -0.00857036467642, 0.0137510998175, -0.0060469773598, 0.00273311603814, -0.00115184986498, 0.00163151999004, 0.000202732859179, 0.000125586069771], [-0.000479572539916, 0.00193395907991, -0.000261529930867, -0.000386789033655, -0.000585744157434, 0.00146902527194, -0.0060469773598, 0.0126989679411, -0.00832349900156, 0.00713401846588, -0.00334037840366, 0.00353735149838, -0.00294760544784], [0.0003765875299, -0.00245628599077, -0.000421426026151, 0.00120426621288, 0.000454191729659, 0.0018565322971, 0.00273311603814, -0.00832349900156, 0.0158011186868, -0.0122592588887, 0.00800024904311, -0.00340904504992, 0.00314506073482], [-0.000424365629442, 0.00187267106958, -0.000675048388075, -0.00130184018053, 0.00225899578072, -0.00263758539222, -0.00115184986498, 0.00713401846588, -0.0122592588887, 0.019677489996, -0.0122221307829, 0.00317430612631, -0.00376164470799], [0.000287415983621, -0.00172456854489, -2.43935483013e-005, 0.000379935576348, 0.000391082925489, 0.00142147683073, 0.00163151999004, -0.00334037840366, 0.00800024904311, -0.0122221307829, 0.0156008368358, -0.00458771781996, 0.00300239026546], [-0.000222526752623, 0.000279890722595, 0.00145825999789, 0.000920766266063, -0.00136150885373, -0.00452161487192, 0.000202732859179, 0.00353735149838, -0.00340904504992, 0.00317430612631, -0.00458771781996, 0.014513826929, -0.00286608189344], [0.000130543237901, -0.00114270206541, 1.82680014404e-005, 0.000880115316249, -0.000655043870211, -0.000452622189187, 0.000125586069771, -0.00294760544784, 0.00314506073482, -0.00376164470799, 0.00300239026546, -0.00286608189344, 0.016566824168]]
    },
    "spectral_contrast_coeffs": {
        "mean": [-0.667209327221, -0.739473164082, -0.755378961563, -0.791549742222, -0.776764690876, -0.760402262211],
        "var": [0.0083692278713, 0.00701054697856, 0.00604439619929, 0.00168734590989, 0.00136337068398, 0.0010404791683]
    },
    "spectral_contrast_valleys": {
        "mean": [-7.28236579895, -6.83496809006, -7.78087997437, -8.08438587189, -8.04775333405, -9.83134365082],
        "var": [1.96134448051, 0.730726182461, 0.649525463581, 0.704688072205, 0.873798370361, 1.02461791039]
    }
},
"metadata": {
    "audio_properties": {
        "analysis_sample_rate": 44100,
        "bit_rate": 128074,
        "equal_loudness": 0,
        "length": 45.0612258911,
        "lossless": 0,
        "replay_gain": -6.58281135559,
        "sample_rate": 44100,
        "codec": "mp3",
        "downmix": "mix",
        "md5_encoded": "f57f5ffd20122e8abb18ff42a534fee6"
    },
    "tags": {
        "file_name": "1338.mp3"
    },
    "version": {
        "essentia": "2.1-beta2",
        "essentia_git_sha": "v2.1_beta2",
        "extractor": "music 1.0"
    }
},
"rhythm": {
    "beats_count": 98,
    "beats_loudness": {
        "mean": 0.0907767191529,
        "var": 0.0115009937435
    },
    "bpm": 132.152297974,
    "bpm_histogram_first_peak_bpm": {
        "mean": 133,
        "var": 0
    },
    "bpm_histogram_first_peak_spread": {
        "mean": 0.343750029802,
        "var": 0
    },
    "bpm_histogram_first_peak_weight": {
        "mean": 0.64948451519,
        "var": 0
    },
    "bpm_histogram_second_peak_bpm": {
        "mean": 123,
        "var": 0
    },
    "bpm_histogram_second_peak_spread": {
        "mean": 0,
        "var": 0
    },
    "bpm_histogram_second_peak_weight": {
        "mean": 0.0103092780337,
        "var": 0
    },
    "danceability": 2.05306792259,
    "onset_rate": 6.07787561417,
    "beats_loudness_band_ratio": {
        "mean": [0.67037987709, 0.0756216794252, 0.14283400774, 0.0294939335436, 0.025101646781, 0.0814202204347],
        "var": [0.075235106051, 0.0048819812946, 0.0288574285805, 0.00383169041015, 0.000798109162133, 0.00849376805127]
    },
    "beats_position": [0.417959183455, 0.859138309956, 1.30031740665, 1.75310659409, 2.20589566231, 2.67029476166, 3.12308382988, 3.5758728981, 4.02866220474, 4.48145103455, 4.94585037231, 5.39863920212, 5.85142850876, 6.30421733856, 6.7570066452, 7.20979595184, 7.66258478165, 8.12698364258, 8.56816291809, 9.03256225586, 9.4853515625, 9.93814086914, 10.3909292221, 10.8437185287, 11.2965078354, 11.7609071732, 12.2136955261, 12.6664848328, 13.1192741394, 13.572063446, 14.0132427216, 14.4776411057, 14.9304304123, 15.3948297501, 15.8360090256, 16.2887973785, 16.7415866852, 17.2059860229, 17.6471652985, 18.1115646362, 18.575963974, 19.0635814667, 19.5047607422, 19.9459400177, 20.3871192932, 20.851518631, 21.3043079376, 21.7570972443, 22.2098865509, 22.6626758575, 23.1270751953, 23.5682544708, 24.0326519012, 24.4854412079, 24.9382305145, 25.4026298523, 25.8554191589, 26.3082084656, 26.7609977722, 27.2137870789, 27.6665763855, 28.1193637848, 28.5837631226, 29.0365524292, 29.4893417358, 29.9537410736, 30.3949203491, 30.8477096558, 31.3004989624, 31.7648983002, 32.2176856995, 32.6704750061, 33.1232643127, 33.5760536194, 34.028842926, 34.4816322327, 34.9344215393, 35.3872108459, 35.8516082764, 36.304397583, 36.7571868896, 37.2099761963, 37.6627655029, 38.1155548096, 38.5683441162, 39.0327415466, 39.4855308533, 39.9383201599, 40.402721405, 40.8555107117, 41.3083000183, 41.761089325, 42.2138786316, 42.6666641235, 43.1194534302, 43.5838546753, 44.0366439819, 44.5010414124]
},
"tonal": {
    "chords_changes_rate": 0.0524691343307,
    "chords_number_rate": 0.00411522621289,
    "chords_strength": {
        "mean": 0.536110758781,
        "var": 0.00437935860828
    },
    "hpcp_entropy": {
        "mean": 1.77561903,
        "var": 0.670268237591
    },
    "key_strength": 0.603970170021,
    "tuning_diatonic_strength": 0.461664944887,
    "tuning_equal_tempered_deviation": 0.0951084494591,
    "tuning_frequency": 434.193115234,
    "tuning_nontempered_energy_ratio": 0.788801968098,
    "hpcp": {
        "mean": [0.143365800381, 0.125926047564, 0.0749657303095, 0.0848173126578, 0.0882695391774, 0.0806011557579, 0.0730204358697, 0.066986463964, 0.0866867527366, 0.093033798039, 0.0672509521246, 0.0600407458842, 0.0687052533031, 0.0748580619693, 0.18760278821, 0.471392184496, 0.443356752396, 0.175084590912, 0.0863393247128, 0.054492790252, 0.0447844751179, 0.0532392263412, 0.0718467459083, 0.183197900653, 0.305970609188, 0.196597844362, 0.0714816600084, 0.0772567391396, 0.060924153775, 0.0663255229592, 0.106202892959, 0.0872371271253, 0.0495452731848, 0.0456653647125, 0.0435818769038, 0.0771478936076],
        "var": [0.0552193559706, 0.0449208579957, 0.0267542693764, 0.0382353849709, 0.0424281358719, 0.0328735224903, 0.0283524096012, 0.0241928156465, 0.036299046129, 0.0357851274312, 0.0210713706911, 0.0213739890605, 0.0271444544196, 0.0279016010463, 0.0514318645, 0.175832271576, 0.156007751822, 0.0557246245444, 0.0329009629786, 0.0152994003147, 0.0135713564232, 0.0127015253529, 0.020392678678, 0.0503990612924, 0.14660975337, 0.0673421397805, 0.0166992545128, 0.0266725793481, 0.0206318106502, 0.0183126125485, 0.0533775240183, 0.0317220948637, 0.0154144810513, 0.0161524210125, 0.0150062842295, 0.0217521265149]
    },
    "chords_histogram": [49.5884780884, 0.205761313438, 0, 0, 0, 20.1646099091, 0.617283940315, 0, 0, 0, 0, 0, 0, 0, 0, 0, 0, 0, 0, 0, 0, 0, 5.45267486572, 23.9711933136],
    "thpcp": [1, 0.940526306629, 0.371420234442, 0.183158159256, 0.115599691868, 0.0950047075748, 0.112940408289, 0.15241394937, 0.388631612062, 0.649078667164, 0.417057931423, 0.151639461517, 0.163890585303, 0.129243031144, 0.140701368451, 0.225296258926, 0.185062736273, 0.105104148388, 0.0968734025955, 0.0924535393715, 0.163659676909, 0.304132759571, 0.267136484385, 0.159030497074, 0.179929405451, 0.187252864242, 0.170985341072, 0.154903784394, 0.142103463411, 0.18389518559, 0.197359651327, 0.142664551735, 0.127368986607, 0.145749658346, 0.158802092075, 0.397976011038],
    "chords_key": "D",
    "chords_scale": "minor",
    "key_key": "D",
    "key_scale": "minor"
}
}