{
"lowlevel": {
    "average_loudness": 0.961835503578,
    "barkbands_crest": {
        "mean": 11.5804033279,
        "var": 17.5493583679
    },
    "barkbands_flatness_db": {
        "mean": 0.117084860802,
        "var": 0.00732283713296
    },
    "barkbands_kurtosis": {
        "mean": 19.6063575745,
        "var": 5735.48681641
    },
    "barkbands_skewness": {
        "mean": 2.45378684998,
        "var": 6.74067974091
    },
    "barkbands_spread": {
        "mean": 32.1244010925,
        "var": 207.470306396
    },
    "dissonance": {
        "mean": 0.478167146444,
        "var": 0.000556742947083
    },
    "dynamic_complexity": 1.44153130054,
    "erbbands_crest": {
        "mean": 6.75284051895,
        "var": 23.0746898651
    },
    "erbbands_flatness_db": {
        "mean": 0.103601314127,
        "var": 0.00271883630194
    },
    "erbbands_kurtosis": {
        "mean": 2.39218187332,
        "var": 208.642166138
    },
    "erbbands_skewness": {
        "mean": 0.0805563852191,
        "var": 2.70846843719
    },
    "erbbands_spread": {
        "mean": 62.1179351807,
        "var": 413.408813477
    },
    "hfc": {
        "mean": 37.4071502686,
        "var": 309.185760498
    },
    "melbands_crest": {
        "mean": 17.5233478546,
        "var": 31.7410068512
    },
    "melbands_flatness_db": {
        "mean": 0.202726468444,
        "var": 0.00976837892085
    },
    "melbands_kurtosis": {
        "mean": 36.1239471436,
        "var": 5649.73242188
    },
    "melbands_skewness": {
        "mean": 4.36420488358,
        "var": 4.27543354034
    },
    "melbands_spread": {
        "mean": 20.7001743317,
        "var": 166.952514648
    },
    "pitch_salience": {
        "mean": 0.503061890602,
        "var": 0.0232192985713
    },
    "silence_rate_20dB": {
        "mean": 1,
        "var": 0
    },
    "silence_rate_30dB": {
        "mean": 0.980947494507,
        "var": 0.0186892431229
    },
    "silence_rate_60dB": {
        "mean": 0.00154479919001,
        "var": 0.00154241069686
    },
    "spectral_centroid": {
        "mean": 1567.28320313,
        "var": 309647.5625
    },
    "spectral_complexity": {
        "mean": 29.9098873138,
        "var": 135.296295166
    },
    "spectral_decrease": {
        "mean": -1.12230686966e-008,
        "var": 4.6123197218e-017
    },
    "spectral_energy": {
        "mean": 0.0457513779402,
        "var": 0.000699129363056
    },
    "spectral_energyband_high": {
        "mean": 0.00240866630338,
        "var": 2.10172606785e-006
    },
    "spectral_energyband_low": {
        "mean": 0.0244923550636,
        "var": 0.000576196180191
    },
    "spectral_energyband_middle_high": {
        "mean": 0.00519547052681,
        "var": 6.76957097312e-006
    },
    "spectral_energyband_middle_low": {
        "mean": 0.0178899932653,
        "var": 0.000145722922753
    },
    "spectral_entropy": {
        "mean": 7.70131826401,
        "var": 0.625469863415
    },
    "spectral_flux": {
        "mean": 0.107193827629,
        "var": 0.00284516438842
    },
    "spectral_kurtosis": {
        "mean": 3.84490203857,
        "var": 10.4218025208
    },
    "spectral_rms": {
        "mean": 0.00641352124512,
        "var": 3.50217806044e-006
    },
    "spectral_rolloff": {
        "mean": 1507.72497559,
        "var": 1644980.375
    },
    "spectral_skewness": {
        "mean": 1.48071813583,
        "var": 0.291516184807
    },
    "spectral_spread": {
        "mean": 5962041,
        "var": 2.39833605734e+012
    },
    "spectral_strongpeak": {
        "mean": 0.738562345505,
        "var": 0.344648331404
    },
    "zerocrossingrate": {
        "mean": 0.0794427543879,
        "var": 0.00113607931416
    },
    "barkbands": {
        "mean": [9.67411979218e-005, 0.00569887273014, 0.0145661849529, 0.00648237438872, 0.00800288282335, 0.00131478870753, 0.00088158325525, 0.000525328621734, 0.00047397238086, 0.00038574176142, 0.000278050953057, 0.000360146746971, 0.000754520471673, 0.000397188123316, 0.000445118610514, 0.00044762462494, 0.000532299745828, 0.000710880267434, 0.000678236363456, 0.000706641469151, 0.000401463970775, 0.000235246421653, 0.000246792886173, 0.000293875258649, 0.000375394331058, 0.000410641368944, 4.87834622618e-005],
        "var": [2.61377088862e-008, 6.02366781095e-005, 0.000313182914397, 5.0263472076e-005, 7.08892912371e-005, 3.46714250554e-006, 1.14103977467e-006, 3.8330500729e-007, 2.46533232939e-007, 1.39148269795e-007, 8.16515566271e-008, 1.52344838966e-007, 2.82507653537e-006, 1.6931232949e-007, 1.30994664005e-007, 1.57657055411e-007, 1.62117714808e-007, 2.28409106739e-007, 2.17918582734e-007, 1.32847034706e-007, 5.54665895436e-008, 2.85677810297e-008, 2.761806428e-008, 4.00570243642e-008, 1.03579672839e-007, 1.44360328136e-007, 3.0196598555e-009]
    },
    "erbbands": {
        "mean": [0.0794590711594, 1.7679592371, 13.3855142593, 23.0639877319, 22.9344539642, 28.9556655884, 15.3296785355, 10.3564119339, 11.6872262955, 13.6903028488, 11.1023960114, 10.1175050735, 14.0360221863, 9.66081523895, 11.3438072205, 15.3942832947, 29.9984474182, 30.4084682465, 17.4662799835, 25.0359096527, 29.3465633392, 28.3359470367, 38.8857650757, 34.7064361572, 34.9093322754, 32.5667915344, 22.3187618256, 11.9270191193, 8.29223823547, 7.94309139252, 7.1879658699, 6.04948329926, 4.77444601059, 3.76012301445, 2.90111207962, 1.67632877827, 0.756613969803, 0.185895338655, 0.00465645687655, 0.000168641854543],
        "var": [0.00942915026098, 5.36055278778, 259.436187744, 529.113769531, 552.223022461, 1344.45239258, 381.537658691, 175.188323975, 227.01914978, 229.865905762, 131.162567139, 113.737350464, 193.952514648, 92.7900314331, 140.655899048, 255.631546021, 3040.02197266, 1359.18774414, 176.376571655, 350.898406982, 562.963012695, 372.719573975, 842.961608887, 440.983001709, 458.26574707, 290.915222168, 160.923706055, 52.5242042542, 36.9368171692, 32.4840507507, 22.3284721375, 15.5908050537, 12.5690059662, 10.1353321075, 6.66969203949, 2.67397069931, 0.472629755735, 0.0312295686454, 2.31676222029e-005, 1.4703479323e-008]
    },
    "gfcc": {
        "mean": [58.5707473755, 48.3567619324, -80.6565933228, 44.5816001892, -39.9929733276, 8.9494972229, -42.2706489563, 11.0030727386, -38.7039299011, 3.55091905594, -26.7718753815, -2.98623204231, -23.2068843842],
        "cov": [[7255.95361328, -1110.52526855, -1285.88244629, -301.361236572, -175.733306885, 362.119934082, -241.921203613, 243.154907227, 117.386543274, 236.515579224, 43.0992202759, 322.160949707, -138.181381226], [-1110.52526855, 460.730133057, 274.448608398, 34.9496994019, 39.6613349915, -98.0015792847, -2.18945431709, -69.8280029297, -16.9636268616, -58.6945953369, 15.5121212006, -5.93943786621, 64.1671676636], [-1285.88244629, 274.448608398, 655.194213867, 28.5955257416, 13.0163612366, -7.72984790802, 112.975364685, -4.4405579567, -9.45124340057, -3.06159543991, -6.24289178848, -54.2083015442, 25.1369915009], [-301.361236572, 34.9496994019, 28.5955257416, 176.669631958, 40.8861427307, -14.7416810989, 58.4899673462, 15.1597557068, 2.34433221817, -27.5039291382, -4.03256654739, -59.4466094971, 1.91396665573], [-175.733306885, 39.6613349915, 13.0163612366, 40.8861427307, 107.21975708, 11.8346223831, -4.63603448868, -4.77743005753, -4.69890928268, -5.46457242966, 14.4724988937, -4.30415916443, 1.04830539227], [362.119934082, -98.0015792847, -7.72984790802, -14.7416810989, 11.8346223831, 107.953598022, 46.4807357788, 36.9312705994, 18.4724998474, 31.770368576, -0.145372509956, 1.52863562107, -31.5818862915], [-241.921203613, -2.18945431709, 112.975364685, 58.4899673462, -4.63603448868, 46.4807357788, 126.923652649, 57.6279335022, 21.5334854126, -6.38134145737, -21.0879497528, -49.7776641846, -16.0020046234], [243.154907227, -69.8280029297, -4.4405579567, 15.1597557068, -4.77743005753, 36.9312705994, 57.6279335022, 89.0516891479, 44.8107719421, 16.6331653595, -6.68320465088, -1.55547261238, -7.37968444824], [117.386543274, -16.9636268616, -9.45124340057, 2.34433221817, -4.69890928268, 18.4724998474, 21.5334854126, 44.8107719421, 55.8808174133, 23.8072891235, 6.98333120346, 12.7306575775, 0.904707074165], [236.515579224, -58.6945953369, -3.06159543991, -27.5039291382, -5.46457242966, 31.770368576, -6.38134145737, 16.6331653595, 23.8072891235, 69.8855819702, 39.9768066406, 22.4644203186, -5.28544044495], [43.0992202759, 15.5121212006, -6.24289178848, -4.03256654739, 14.4724988937, -0.145372509956, -21.0879497528, -6.68320465088, 6.98333120346, 39.9768066406, 71.003112793, 36.0101394653, 13.1313447952], [322.160949707, -5.93943786621, -54.2083015442, -59.4466094971, -4.30415916443, 1.52863562107, -49.7776641846, -1.55547261238, 12.7306575775, 22.4644203186, 36.0101394653, 86.9339294434, 30.0305194855], [-138.181381226, 64.1671676636, 25.1369915009, 1.91396665573, 1.04830539227, -31.5818862915, -16.0020046234, -7.37968444824, 0.904707074165, -5.28544044495, 13.1313447952, 30.0305194855, 60.0698204041]],
        "icov": [[0.000561270338949, 3.36903212883e-005, 0.000589623057749, -0.00068043533247, 0.0011038328521, -0.00178331776988, 0.00185721169692, -0.00213825027458, 0.00125985289924, -0.000831315817777, 0.000818795815576, -0.00167381740175, 0.000870955293067], [3.36903212883e-005, 0.00599739840254, -0.00212176470086, 0.000968148233369, -0.00177648104727, 0.00265987706371, -0.00122488464694, 0.00507769733667, -0.00552531005815, 0.0061868019402, -0.00370465451851, 0.000508588680532, -0.00256183231249], [0.000589623057749, -0.00212176470086, 0.00376336043701, 0.000112000423542, 0.000744659337215, -0.00133620307315, -0.00175903190393, -0.00213545188308, 0.0036770508159, -0.00482561765239, 0.00254592951387, -0.00131315412, 0.000217950539081], [-0.00068043533247, 0.000968148233369, 0.000112000423542, 0.0124787772074, -0.00543670309708, 0.00487850699574, -0.00718992948532, 0.0033615026623, -0.00468246312812, 0.00572133250535, -0.00699787307531, 0.0106489490718, -0.00510650407523], [0.0011038328521, -0.00177648104727, 0.000744659337215, -0.00543670309708, 0.0155504914001, -0.0103059178218, 0.0103100379929, -0.00742399087176, 0.00398230040446, 0.00189827033319, -0.00241666217335, -0.00143695017323, 0.00179686606862], [-0.00178331776988, 0.00265987706371, -0.00133620307315, 0.00487850699574, -0.0103059178218, 0.0287655796856, -0.0200185254216, 0.0100576579571, -0.00322935916483, -0.00695729069412, 0.0030088967178, -0.00383308483288, 0.00536145269871], [0.00185721169692, -0.00122488464694, -0.00175903190393, -0.00718992948532, 0.0103100379929, -0.0200185254216, 0.0363404750824, -0.0223383698612, 0.00307924137451, 0.00640380801633, -0.00243435497396, 0.00709793204442, 0.000278340390651], [-0.00213825027458, 0.00507769733667, -0.00213545188308, 0.0033615026623, -0.00742399087176, 0.0100576579571, -0.0223383698612, 0.0417709946632, -0.0249377936125, 0.00344968680292, -0.000153141576448, 0.00113690306898, -0.00481370929629], [0.00125985289924, -0.00552531005815, 0.0036770508159, -0.00468246312812, 0.00398230040446, -0.00322935916483, 0.00307924137451, -0.0249377936125, 0.0440602935851, -0.0190286561847, 0.00960224773735, -0.0115299876779, 0.00472725741565], [-0.000831315817777, 0.0061868019402, -0.00482561765239, 0.00572133250535, 0.00189827033319, -0.00695729069412, 0.00640380801633, 0.00344968680292, -0.0190286561847, 0.0461009480059, -0.02883214131, 0.0124971820042, -0.00384730123915], [0.000818795815576, -0.00370465451851, 0.00254592951387, -0.00699787307531, -0.00241666217335, 0.0030088967178, -0.00243435497396, -0.000153141576448, 0.00960224773735, -0.02883214131, 0.0382913015783, -0.0194735508412, 0.00463857455179], [-0.00167381740175, 0.000508588680532, -0.00131315412, 0.0106489490718, -0.00143695017323, -0.00383308483288, 0.00709793204442, 0.00113690306898, -0.0115299876779, 0.0124971820042, -0.0194735508412, 0.0414971895516, -0.0193584822118], [0.000870955293067, -0.00256183231249, 0.000217950539081, -0.00510650407523, 0.00179686606862, 0.00536145269871, 0.000278340390651, -0.00481370929629, 0.00472725741565, -0.00384730123915, 0.00463857455179, -0.0193584822118, 0.0319831967354]]
    },
    "melbands": {
        "mean": [0.00113901204895, 0.00555194774643, 0.00397298438475, 0.0019302702276, 0.000704069097992, 0.000238788605202, 0.000180512928637, 0.000141314638313, 9.13282710826e-005, 6.36510230834e-005, 6.86541752657e-005, 3.70130728697e-005, 3.59283221769e-005, 3.62737155228e-005, 3.61747188435e-005, 9.28508452489e-005, 5.15860774613e-005, 2.30634868785e-005, 3.89741144318e-005, 2.90319021587e-005, 3.6762230593e-005, 2.98905924865e-005, 3.19584469253e-005, 3.26277368004e-005, 2.71414028248e-005, 2.80526637653e-005, 2.18688546738e-005, 2.24323430302e-005, 1.46274815052e-005, 1.08719677883e-005, 5.62569039175e-006, 4.73494310427e-006, 4.43415638074e-006, 4.30887075709e-006, 4.36919253843e-006, 3.83441192753e-006, 3.54953522219e-006, 3.36262792189e-006, 3.15528450301e-006, 3.1297215628e-006],
        "var": [2.14554665945e-006, 4.1666229663e-005, 1.22707760966e-005, 4.46737340098e-006, 7.13283725418e-007, 9.72427258716e-008, 4.96303620423e-008, 2.50446419159e-008, 9.7879153671e-009, 4.78834394357e-009, 4.78873030119e-009, 1.53608670228e-009, 1.3749853478e-009, 1.4603480647e-009, 1.52421886224e-009, 4.62029099424e-008, 3.41816908112e-009, 5.28547983158e-010, 1.15787912591e-009, 7.22686910315e-010, 1.11631870414e-009, 5.47471123991e-010, 5.85818893395e-010, 5.27914656434e-010, 3.39306582831e-010, 5.76553804699e-010, 1.61107002739e-010, 1.78185660671e-010, 8.28337884395e-011, 4.50571073507e-011, 1.61248254332e-011, 1.44611969968e-011, 1.16439973982e-011, 1.04114408067e-011, 9.24891500192e-012, 7.11900894138e-012, 5.70209331141e-012, 6.37059328901e-012, 7.14357782997e-012, 7.62810561244e-012]
    },
    "mfcc": {
        "mean": [-600.721557617, 89.4566268921, 16.9977798462, 41.3930473328, 19.194776535, 4.17318153381, 9.19102573395, 0.850219666958, -2.20816802979, 2.60978794098, -5.00545978546, -2.83283996582, -6.54268836975],
        "cov": [[7886.96679688, -1130.82800293, -1149.17053223, -695.740905762, -57.3302383423, -14.9865150452, -211.292724609, 121.361045837, -73.3885192871, -47.3983840942, 301.17980957, 146.473999023, 153.053619385], [-1130.82800293, 490.279785156, 227.605331421, 57.0867385864, 44.8998641968, 9.36332893372, -11.8268871307, -33.6809310913, -27.3242225647, -51.4044723511, -75.5815124512, -39.4093704224, 25.6671657562], [-1149.17053223, 227.605331421, 428.056304932, 90.098991394, -28.6184368134, 32.6665992737, 73.3506546021, -10.1327533722, 51.9789237976, 33.1647109985, -30.0543327332, 16.4629650116, 35.6016769409], [-695.740905762, 57.0867385864, 90.098991394, 200.130905151, 35.4857444763, -14.3838748932, 40.3945426941, 0.369564145803, 16.158121109, 29.0843086243, -39.1256904602, -11.3587694168, -40.8303375244], [-57.3302383423, 44.8998641968, -28.6184368134, 35.4857444763, 95.0582046509, 15.3492336273, 1.70709455013, -5.70796108246, -20.3739452362, -10.1780891418, -5.54692173004, 0.142986416817, -3.91027545929], [-14.9865150452, 9.36332893372, 32.6665992737, -14.3838748932, 15.3492336273, 66.6871032715, 25.7375125885, 8.72772026062, 0.556023597717, 9.86654949188, 18.0031833649, 10.4683132172, 7.77010440826], [-211.292724609, -11.8268871307, 73.3506546021, 40.3945426941, 1.70709455013, 25.7375125885, 79.5337905884, 18.7368431091, 27.9201374054, 35.9777450562, 6.0965886116, 20.3940162659, 0.526998341084], [121.361045837, -33.6809310913, -10.1327533722, 0.369564145803, -5.70796108246, 8.72772026062, 18.7368431091, 71.5445480347, 42.1647529602, 20.5917301178, 14.9206314087, -1.294906497, 13.6569061279], [-73.3885192871, -27.3242225647, 51.9789237976, 16.158121109, -20.3739452362, 0.556023597717, 27.9201374054, 42.1647529602, 90.6662445068, 35.6230430603, 8.12659740448, 1.76347649097, 8.77160072327], [-47.3983840942, -51.4044723511, 33.1647109985, 29.0843086243, -10.1780891418, 9.86654949188, 35.9777450562, 20.5917301178, 35.6230430603, 75.4946899414, 20.7257118225, 26.3238601685, 0.884556233883], [301.17980957, -75.5815124512, -30.0543327332, -39.1256904602, -5.54692173004, 18.0031833649, 6.0965886116, 14.9206314087, 8.12659740448, 20.7257118225, 67.4512863159, 32.5499992371, 13.6871557236], [146.473999023, -39.4093704224, 16.4629650116, -11.3587694168, 0.142986416817, 10.4683132172, 20.3940162659, -1.294906497, 1.76347649097, 26.3238601685, 32.5499992371, 72.0328826904, 30.1636981964], [153.053619385, 25.6671657562, 35.6016769409, -40.8303375244, -3.91027545929, 7.77010440826, 0.526998341084, 13.6569061279, 8.77160072327, 0.884556233883, 13.6871557236, 30.1636981964, 73.1096496582]],
        "icov": [[0.000392038840801, 0.000563607958611, 0.000572257791646, 0.000658759206999, -0.000131053107907, -1.96182372747e-005, 0.000334894022672, -0.000340219732607, 0.000102551122836, 0.000156839523697, -0.000226857097005, -0.000262425804976, -0.00073660351336], [0.000563607958611, 0.00521211326122, -0.00203188485466, 0.000988887390122, -0.00264125596732, -0.000263097637799, 0.00229455018416, -0.000858419807628, 0.00154907628894, 0.00153032667004, 0.00209554564208, 0.00122330640443, -0.00253892550245], [0.000572257791646, -0.00203188485466, 0.00710202939808, -0.00157234200742, 0.00385635602288, -0.00280451704748, -0.00302744889632, 0.00326347304508, -0.00311352312565, -0.000220068905037, -0.000288455979899, -0.000809937599115, -0.00414029322565], [0.000658759206999, 0.000988887390122, -0.00157234200742, 0.0115614933893, -0.00550908269361, 0.00478398054838, -0.00206495961174, -0.00271477201022, 0.000807357195299, -0.00331836775877, 0.00380578450859, -0.00139393226709, 0.0050210757181], [-0.000131053107907, -0.00264125596732, 0.00385635602288, -0.00550908269361, 0.0162061043084, -0.00591429509223, -0.000966343213804, 0.00131401489489, 0.000730634201318, 0.00199069851078, -0.000782193092164, -0.00140865263529, -0.0018802358536], [-1.96182372747e-005, -0.000263097637799, -0.00280451704748, 0.00478398054838, -0.00591429509223, 0.0231363736093, -0.00747134862468, -0.00270636426285, 0.00352795235813, -0.00125287810806, -0.00549123296514, 0.0021540899761, 0.00168621423654], [0.000334894022672, 0.00229455018416, -0.00302744889632, -0.00206495961174, -0.000966343213804, -0.00747134862468, 0.0247279498726, -0.00484716286883, -0.00133625755552, -0.00385952391662, 0.00303228804842, -0.0059894984588, 0.00239441962913], [-0.000340219732607, -0.000858419807628, 0.00326347304508, -0.00271477201022, 0.00131401489489, -0.00270636426285, -0.00484716286883, 0.0252058058977, -0.0102763343602, -0.0016116729239, -0.00402443017811, 0.00697092758492, -0.00727752828971], [0.000102551122836, 0.00154907628894, -0.00311352312565, 0.000807357195299, 0.000730634201318, 0.00352795235813, -0.00133625755552, -0.0102763343602, 0.0207964219153, -0.00558472378179, -0.000275153608527, 0.00318541424349, -0.000888378708623], [0.000156839523697, 0.00153032667004, -0.000220068905037, -0.00331836775877, 0.00199069851078, -0.00125287810806, -0.00385952391662, -0.0016116729239, -0.00558472378179, 0.0244035255164, -0.00385653809644, -0.00647359434515, 0.00172450009268], [-0.000226857097005, 0.00209554564208, -0.000288455979899, 0.00380578450859, -0.000782193092164, -0.00549123296514, 0.00303228804842, -0.00402443017811, -0.000275153608527, -0.00385653809644, 0.0278565380722, -0.00997397396713, 0.00225644232705], [-0.000262425804976, 0.00122330640443, -0.000809937599115, -0.00139393226709, -0.00140865263529, 0.0021540899761, -0.0059894984588, 0.00697092758492, 0.00318541424349, -0.00647359434515, -0.00997397396713, 0.0283679571003, -0.0119681311771], [-0.00073660351336, -0.00253892550245, -0.00414029322565, 0.0050210757181, -0.0018802358536, 0.00168621423654, 0.00239441962913, -0.00727752828971, -0.000888378708623, 0.00172450009268, 0.00225644232705, -0.0119681311771, 0.0265953764319]]
    },
    "spectral_contrast_coeffs": {
        "mean": [-0.552818179131, -0.75998967886, -0.795940816402, -0.777555942535, -0.780973374844, -0.76505947113],
        "var": [0.00570485042408, 0.00360291497782, 0.00235651573166, 0.0035231190268, 0.00140524224844, 0.000735614565201]
    },
    "spectral_contrast_valleys": {
        "mean": [-6.88016414642, -6.71773958206, -7.43622350693, -7.57706308365, -6.89241886139, -9.33881759644],
        "var": [0.862584233284, 1.04044353962, 1.32715260983, 1.49092793465, 1.35760295391, 1.40801405907]
    }
},
"metadata": {
    "audio_properties": {
        "analysis_sample_rate": 44100,
        "bit_rate": 128074,
        "equal_loudness": 0,
        "length": 45.0612258911,
        "lossless": 0,
        "replay_gain": -3.22992706299,
        "sample_rate": 44100,
        "codec": "mp3",
        "downmix": "mix",
        "md5_encoded": "f8a3b6a614800a7b8ff426026141cf6f"
    },
    "tags": {
        "file_name": "1339.mp3"
    },
    "version": {
        "essentia": "2.1-beta2",
        "essentia_git_sha": "v2.1_beta2",
        "extractor": "music 1.0"
    }
},
"rhythm": {
    "beats_count": 80,
    "beats_loudness": {
        "mean": 0.047659099102,
        "var": 0.000628312700428
    },
    "bpm": 107.027366638,
    "bpm_histogram_first_peak_bpm": {
        "mean": 108,
        "var": 0
    },
    "bpm_histogram_first_peak_spread": {
        "mean": 0.269230753183,
        "var": 0
    },
    "bpm_histogram_first_peak_weight": {
        "mean": 0.721518993378,
        "var": 0
    },
    "bpm_histogram_second_peak_bpm": {
        "mean": 103,
        "var": 0
    },
    "bpm_histogram_second_peak_spread": {
        "mean": 0,
        "var": 0
    },
    "bpm_histogram_second_peak_weight": {
        "mean": 0.0126582281664,
        "var": 0
    },
    "danceability": 1.0901248455,
    "onset_rate": 2.95020961761,
    "beats_loudness_band_ratio": {
        "mean": [0.5646930933, 0.232076734304, 0.0653624162078, 0.0613729171455, 0.0616358332336, 0.0850707441568],
        "var": [0.049675680697, 0.0200549550354, 0.00226737512276, 0.0045798108913, 0.00138878612779, 0.00204799231142]
    },
    "beats_position": [0.545668900013, 1.10294783115, 1.66022670269, 2.22911548615, 2.79800438881, 3.36689329147, 3.93578219414, 4.49306106567, 5.06195020676, 5.61922883987, 6.17650794983, 6.73378658295, 7.2910656929, 7.84834432602, 8.40562343597, 8.96290206909, 9.53179073334, 10.0890703201, 10.6579589844, 11.2268476486, 11.7957363129, 12.3530158997, 12.9102945328, 13.4675731659, 14.0364627838, 14.6053514481, 15.1626300812, 15.7199087143, 16.2771873474, 16.8344669342, 17.391746521, 17.9490242004, 18.5063037872, 19.0635814667, 19.6208610535, 20.1897506714, 20.7470283508, 21.3159179688, 21.8731975555, 22.430475235, 22.9877548218, 23.5450344086, 24.102312088, 24.6828117371, 25.2400894165, 25.7973690033, 26.3546485901, 26.9119262695, 27.4808158875, 28.0497055054, 28.6185932159, 29.1874828339, 29.7447605133, 30.3020401001, 30.8593196869, 31.4165973663, 31.9738769531, 32.5311546326, 33.0884361267, 33.6457138062, 34.2029914856, 34.7602729797, 35.3175506592, 35.8748283386, 36.4321098328, 36.9893875122, 37.5466651917, 38.1039466858, 38.672832489, 39.2417221069, 39.7989997864, 40.3562812805, 40.91355896, 41.4708366394, 42.0281181335, 42.585395813, 43.1542854309, 43.7231750488, 44.2804527283, 44.8377304077]
},
"tonal": {
    "chords_changes_rate": 0.0360082313418,
    "chords_number_rate": 0.00823045242578,
    "chords_strength": {
        "mean": 0.568624317646,
        "var": 0.0117945633829
    },
    "hpcp_entropy": {
        "mean": 2.31565308571,
        "var": 0.583976984024
    },
    "key_strength": 0.601068556309,
    "tuning_diatonic_strength": 0.532101750374,
    "tuning_equal_tempered_deviation": 0.0665997266769,
    "tuning_frequency": 438.984558105,
    "tuning_nontempered_energy_ratio": 0.73784917593,
    "hpcp": {
        "mean": [0.0653256326914, 0.0605636760592, 0.119811601937, 0.203821048141, 0.165337219834, 0.0874252989888, 0.0768209844828, 0.12039039284, 0.299914866686, 0.356535196304, 0.177271157503, 0.0686569213867, 0.0545981638134, 0.0505196340382, 0.0555448979139, 0.0691413059831, 0.0914164111018, 0.170144349337, 0.192164793611, 0.119624227285, 0.075920380652, 0.0530044436455, 0.0447215847671, 0.0783617049456, 0.121219202876, 0.111804962158, 0.0792970582843, 0.0618669353426, 0.0644589811563, 0.129157364368, 0.171991795301, 0.135682821274, 0.158004060388, 0.19998857379, 0.143149971962, 0.0802795216441],
        "var": [0.0238751620054, 0.0227397754788, 0.0438964627683, 0.100431486964, 0.0669595077634, 0.0338734686375, 0.0334052555263, 0.0453215390444, 0.119499318302, 0.160283267498, 0.0503742694855, 0.0199571084231, 0.017160281539, 0.0170181877911, 0.015168722719, 0.0169837400317, 0.0285464655608, 0.0886321514845, 0.0982136577368, 0.0438580177724, 0.0316825844347, 0.0174906421453, 0.0134290978312, 0.0292087011039, 0.0402977541089, 0.0381703488529, 0.0275521576405, 0.0203080717474, 0.0191493984312, 0.0531547516584, 0.0765716955066, 0.0443604514003, 0.0615953020751, 0.100676394999, 0.0600028634071, 0.0318450443447]
    },
    "chords_histogram": [50.4115219116, 8.95061683655, 4.32098770142, 0.308641970158, 0, 0, 1.54320991039, 2.36625504494, 0, 0, 0, 0, 0, 0, 0, 0, 0, 0, 2.46913576126, 0, 0.205761313438, 0, 20.6790122986, 8.74485588074],
    "thpcp": [1, 0.497205197811, 0.192567020655, 0.153135403991, 0.141696065664, 0.155790790915, 0.193925604224, 0.2564021945, 0.477216124535, 0.538978457451, 0.335518717766, 0.212939366698, 0.148665383458, 0.125433862209, 0.219786733389, 0.339992254972, 0.313587456942, 0.222410187125, 0.173522666097, 0.180792763829, 0.362256973982, 0.482397794724, 0.380559414625, 0.443165391684, 0.560922384262, 0.401503056288, 0.225165769458, 0.183223515749, 0.169867306948, 0.336044251919, 0.57167160511, 0.463733226061, 0.24520803988, 0.21546536684, 0.337667614222, 0.841192901134],
    "chords_key": "C",
    "chords_scale": "minor",
    "key_key": "C",
    "key_scale": "minor"
}
}