{
"lowlevel": {
    "average_loudness": 0.957776367664,
    "barkbands_crest": {
        "mean": 10.3250465393,
        "var": 13.909277916
    },
    "barkbands_flatness_db": {
        "mean": 0.123824387789,
        "var": 0.00398594047874
    },
    "barkbands_kurtosis": {
        "mean": 4.53784990311,
        "var": 43.0379486084
    },
    "barkbands_skewness": {
        "mean": 1.8160854578,
        "var": 1.08480143547
    },
    "barkbands_spread": {
        "mean": 26.7491722107,
        "var": 304.322387695
    },
    "dissonance": {
        "mean": 0.460579454899,
        "var": 0.00169442652259
    },
    "dynamic_complexity": 1.78848528862,
    "erbbands_crest": {
        "mean": 9.79845523834,
        "var": 45.7396965027
    },
    "erbbands_flatness_db": {
        "mean": 0.122336007655,
        "var": 0.00417814124376
    },
    "erbbands_kurtosis": {
        "mean": 0.29626211524,
        "var": 3.12050700188
    },
    "erbbands_skewness": {
        "mean": 0.344921767712,
        "var": 0.248001635075
    },
    "erbbands_spread": {
        "mean": 48.0887527466,
        "var": 578.997375488
    },
    "hfc": {
        "mean": 43.0992431641,
        "var": 1516.30859375
    },
    "melbands_crest": {
        "mean": 14.3836021423,
        "var": 18.6456375122
    },
    "melbands_flatness_db": {
        "mean": 0.210360839963,
        "var": 0.00526612764224
    },
    "melbands_kurtosis": {
        "mean": 17.1466960907,
        "var": 320.679473877
    },
    "melbands_skewness": {
        "mean": 3.1566619873,
        "var": 2.54288721085
    },
    "melbands_spread": {
        "mean": 19.5365772247,
        "var": 126.845909119
    },
    "pitch_salience": {
        "mean": 0.536094069481,
        "var": 0.0118852257729
    },
    "silence_rate_20dB": {
        "mean": 1,
        "var": 0
    },
    "silence_rate_30dB": {
        "mean": 0.993820786476,
        "var": 0.00614097900689
    },
    "silence_rate_60dB": {
        "mean": 0.0139031922445,
        "var": 0.0137099511921
    },
    "spectral_centroid": {
        "mean": 1162.28466797,
        "var": 249865.078125
    },
    "spectral_complexity": {
        "mean": 24.3280124664,
        "var": 119.194885254
    },
    "spectral_decrease": {
        "mean": -1.22107106648e-008,
        "var": 4.0800339607e-017
    },
    "spectral_energy": {
        "mean": 0.049995303154,
        "var": 0.000635296746623
    },
    "spectral_energyband_high": {
        "mean": 0.00249008461833,
        "var": 1.15926959552e-005
    },
    "spectral_energyband_low": {
        "mean": 0.0223652962595,
        "var": 0.000406455917982
    },
    "spectral_energyband_middle_high": {
        "mean": 0.00791010260582,
        "var": 3.71332462237e-005
    },
    "spectral_energyband_middle_low": {
        "mean": 0.020181324333,
        "var": 0.000150867766934
    },
    "spectral_entropy": {
        "mean": 7.53079223633,
        "var": 0.521646440029
    },
    "spectral_flux": {
        "mean": 0.0934398919344,
        "var": 0.00227735517547
    },
    "spectral_kurtosis": {
        "mean": 6.93544006348,
        "var": 238.112594604
    },
    "spectral_rms": {
        "mean": 0.00669039646164,
        "var": 4.01432089348e-006
    },
    "spectral_rolloff": {
        "mean": 1504.55664063,
        "var": 4137985.25
    },
    "spectral_skewness": {
        "mean": 1.84116613865,
        "var": 1.16992795467
    },
    "spectral_spread": {
        "mean": 6057688.5,
        "var": 6.99671039181e+012
    },
    "spectral_strongpeak": {
        "mean": 1.04798030853,
        "var": 2.23442363739
    },
    "zerocrossingrate": {
        "mean": 0.0714494735003,
        "var": 0.00211957911961
    },
    "barkbands": {
        "mean": [0.000289295741823, 0.0145055735484, 0.00477972766384, 0.00560149457306, 0.00764042092487, 0.00292290770449, 0.00129142741207, 0.00161926879082, 0.000804948562291, 0.000959189084824, 0.0010463418439, 0.00282011250965, 0.000552340468857, 0.000416990282247, 0.000322020699969, 0.000634240976069, 0.000485832744744, 0.000282534427242, 0.000352261704393, 0.000367581611499, 0.000262122659478, 0.000220688423724, 0.000235197672737, 0.000414372683736, 0.00047114645713, 0.00057937548263, 0.000117863011837],
        "var": [4.14566784457e-007, 0.000250003271503, 4.02548612328e-005, 4.85560522065e-005, 4.01093639084e-005, 7.40211316952e-006, 3.30429907081e-006, 8.04391584097e-006, 7.15383919214e-007, 3.06142601403e-006, 1.14270653739e-006, 2.58275504166e-005, 1.07734331323e-006, 6.31564603282e-007, 2.16617593196e-007, 1.10895246053e-006, 3.18499644436e-007, 1.16915884973e-007, 1.43672906461e-007, 2.03890735406e-007, 6.40250092943e-008, 5.35269819579e-008, 1.07646719982e-007, 3.81579241093e-007, 6.44055091925e-007, 1.31644083012e-006, 8.30555322295e-008]
    },
    "erbbands": {
        "mean": [0.292616993189, 3.66722226143, 6.27436637878, 13.1906003952, 23.3194141388, 25.0414867401, 22.3844261169, 25.5505218506, 20.7165775299, 31.8729763031, 21.5545368195, 20.96833992, 21.7521209717, 31.5089130402, 59.3594551086, 138.556015015, 34.2127838135, 23.6713199615, 18.2900409698, 27.7363243103, 27.2955131531, 22.0185050964, 19.7533493042, 15.1689529419, 18.6518249512, 18.2482185364, 11.4689025879, 10.2398881912, 7.94059276581, 6.97593069077, 6.95208215714, 8.3471698761, 6.7321190834, 4.91991615295, 3.58859705925, 2.09412670135, 1.09443438053, 0.340209007263, 0.0121785700321, 0.000292942277156],
        "var": [0.161269262433, 14.8979597092, 53.872592926, 189.931640625, 756.163024902, 438.375640869, 891.715454102, 528.925537109, 757.999633789, 3113.71728516, 736.723693848, 509.628204346, 1072.99694824, 4027.22802734, 2991.29248047, 64896.6796875, 2436.12255859, 1819.65649414, 821.24786377, 1842.55566406, 1309.34057617, 478.581451416, 454.324798584, 338.288421631, 457.791229248, 511.897674561, 128.300491333, 102.970016479, 68.0516433716, 71.9537811279, 97.6236801147, 150.880737305, 112.186088562, 64.1412277222, 41.9575386047, 17.2964763641, 5.05471563339, 0.487328410149, 0.000867909984663, 2.75359866464e-007]
    },
    "gfcc": {
        "mean": [56.1680450439, 72.526473999, -84.3983383179, 18.9897212982, -49.8901367188, 14.9617910385, -37.9865264893, 6.58359575272, -37.0535163879, 1.04229724407, -17.9811267853, 8.32153892517, -16.2671718597],
        "cov": [[7695.37695313, -2704.57617188, 562.389953613, 1091.90942383, 132.775421143, 472.744628906, 22.5000724792, 596.239990234, 80.7811660767, 648.491088867, -105.793502808, 295.426239014, 63.191734314], [-2704.57617188, 1701.97229004, -372.022277832, -418.781402588, 88.6006317139, -209.149612427, 67.4659042358, -210.300003052, 65.9279022217, -184.298217773, 72.0824203491, -189.376159668, -32.3956794739], [562.389953613, -372.022277832, 715.82800293, 111.076690674, 156.956893921, 208.10987854, 40.7641677856, 64.3164367676, 30.0279922485, 90.924659729, 4.64821720123, 75.5742874146, -17.9963588715], [1091.90942383, -418.781402588, 111.076690674, 317.82208252, 43.9864463806, 92.5330810547, 32.4413833618, 110.402900696, 31.4962043762, 104.039703369, -18.6044845581, 45.1213378906, 22.9114322662], [132.775421143, 88.6006317139, 156.956893921, 43.9864463806, 235.568115234, 99.2307128906, 67.3613433838, 15.4777164459, 35.812789917, 86.4790878296, 40.7744522095, -21.9795646667, -14.3844747543], [472.744628906, -209.149612427, 208.10987854, 92.5330810547, 99.2307128906, 170.714294434, 61.2665100098, 42.6855506897, 2.60483026505, 77.090637207, 29.0784988403, 42.9995956421, -7.34993171692], [22.5000724792, 67.4659042358, 40.7641677856, 32.4413833618, 67.3613433838, 61.2665100098, 107.487678528, 30.8625926971, 11.0104036331, 24.7937774658, 42.8042068481, 11.7355957031, -8.89471435547], [596.239990234, -210.300003052, 64.3164367676, 110.402900696, 15.4777164459, 42.6855506897, 30.8625926971, 136.600845337, 67.4488525391, 66.5155410767, -14.2309169769, 32.7600975037, 28.5113430023], [80.7811660767, 65.9279022217, 30.0279922485, 31.4962043762, 35.812789917, 2.60483026505, 11.0104036331, 67.4488525391, 121.497772217, 58.9386482239, -13.3589267731, -7.3624997139, 32.25756073], [648.491088867, -184.298217773, 90.924659729, 104.039703369, 86.4790878296, 77.090637207, 24.7937774658, 66.5155410767, 58.9386482239, 162.931869507, 26.7178993225, 7.69192790985, 3.97211742401], [-105.793502808, 72.0824203491, 4.64821720123, -18.6044845581, 40.7744522095, 29.0784988403, 42.8042068481, -14.2309169769, -13.3589267731, 26.7178993225, 96.0947418213, 17.5533390045, -19.7227630615], [295.426239014, -189.376159668, 75.5742874146, 45.1213378906, -21.9795646667, 42.9995956421, 11.7355957031, 32.7600975037, -7.3624997139, 7.69192790985, 17.5533390045, 93.5300292969, 21.4525623322], [63.191734314, -32.3956794739, -17.9963588715, 22.9114322662, -14.3844747543, -7.34993171692, -8.89471435547, 28.5113430023, 32.25756073, 3.97211742401, -19.7227630615, 21.4525623322, 77.6966705322]],
        "icov": [[0.000568767369259, 0.00038276106352, 0.000218917935854, -0.000673120957799, -0.000260319706285, -4.7914829338e-005, 0.00030896809767, -0.00104997155722, 0.000744929537177, -0.00134753319435, 0.00071581726661, -0.000648365530651, 0.000434481858974], [0.00038276106352, 0.00271438178606, 0.000649453257211, 0.000831361452583, -0.00154659606051, 0.0013025252847, -0.00249675055966, 0.00227813841775, -0.00357697461732, 0.00168760668021, -0.00101710669696, 0.00165625312366, 0.00012410992349], [0.000218917935854, 0.000649453257211, 0.00280393613502, 0.000160594427143, -0.00166409928352, -0.00254964129999, 0.000843035290018, 6.35035976302e-005, -0.00146407552529, 0.000534260994755, 0.00105396471918, -0.00178099505138, 0.00155859102961], [-0.000673120957799, 0.000831361452583, 0.000160594427143, 0.00710723968223, -0.000610247952864, -0.000275325408438, -0.00236925599165, -0.00037476606667, -0.000953476352151, 0.000160270967172, 0.000841559434775, 0.000649367750157, -0.00101525243372], [-0.000260319706285, -0.00154659606051, -0.00166409928352, -0.000610247952864, 0.00972705427557, -0.00344585278071, -0.00187538843602, 0.000935558753554, 0.000316983961966, -0.00308037316427, -0.00130969239399, 0.00388402468525, -0.00110075378325], [-4.7914829338e-005, 0.0013025252847, -0.00254964129999, -0.000275325408438, -0.00344585278071, 0.017076054588, -0.00714030209929, 0.00179503194522, 0.00174513447564, -0.00319701991975, 0.000476743443869, -0.00309824245051, -1.06531369966e-005], [0.00030896809767, -0.00249675055966, 0.000843035290018, -0.00236925599165, -0.00187538843602, -0.00714030209929, 0.020652551204, -0.00886379275471, 0.00347713544033, 0.00144682649989, -0.00511611578986, -0.00151142745744, 0.00179693149403], [-0.00104997155722, 0.00227813841775, 6.35035976302e-005, -0.00037476606667, 0.000935558753554, 0.00179503194522, -0.00886379275471, 0.0230328161269, -0.0135000478476, 0.00237766257487, 0.000772312749177, -0.000595431367401, -0.00135097163729], [0.000744929537177, -0.00357697461732, -0.00146407552529, -0.000953476352151, 0.000316983961966, 0.00174513447564, 0.00347713544033, -0.0135000478476, 0.0243240632117, -0.0110356640071, 0.00498889200389, -0.00148413528223, -0.00443780049682], [-0.00134753319435, 0.00168760668021, 0.000534260994755, 0.000160270967172, -0.00308037316427, -0.00319701991975, 0.00144682649989, 0.00237766257487, -0.0110356640071, 0.0201560426503, -0.00904075335711, 0.00609619682655, -0.000130353932036], [0.00071581726661, -0.00101710669696, 0.00105396471918, 0.000841559434775, -0.00130969239399, 0.000476743443869, -0.00511611578986, 0.000772312749177, 0.00498889200389, -0.00904075335711, 0.0206577125937, -0.00942873302847, 0.00416131690145], [-0.000648365530651, 0.00165625312366, -0.00178099505138, 0.000649367750157, 0.00388402468525, -0.00309824245051, -0.00151142745744, -0.000595431367401, -0.00148413528223, 0.00609619682655, -0.00942873302847, 0.0227784570307, -0.00729283690453], [0.000434481858974, 0.00012410992349, 0.00155859102961, -0.00101525243372, -0.00110075378325, -1.06531369966e-005, 0.00179693149403, -0.00135097163729, -0.00443780049682, -0.000130353932036, 0.00416131690145, -0.00729283690453, 0.0186450332403]]
    },
    "melbands": {
        "mean": [0.00354250730015, 0.00400021253154, 0.00256742537022, 0.00185821310151, 0.000831673387438, 0.000547669362277, 0.000299753213767, 0.000367893779185, 0.0001617436792, 0.000124295766, 0.000106417544885, 0.000122484518215, 0.000151692016516, 0.000349197041942, 0.000177026624442, 5.31739060534e-005, 4.35952752014e-005, 2.91873002425e-005, 2.29778488574e-005, 5.35453982593e-005, 2.73563782685e-005, 2.07556950045e-005, 2.68075782515e-005, 1.36703665703e-005, 1.12675170385e-005, 1.49825900735e-005, 1.17555955512e-005, 1.22127858049e-005, 7.66693847254e-006, 5.74902105654e-006, 6.10832648817e-006, 4.48986884294e-006, 4.08755977332e-006, 3.80636197406e-006, 3.85220755561e-006, 4.41238717031e-006, 5.36969764653e-006, 4.72755664305e-006, 4.42170539827e-006, 4.06937397202e-006],
        "var": [1.70903585968e-005, 1.63671538758e-005, 7.41837357054e-006, 2.75731508736e-006, 8.22013419111e-007, 2.25277972277e-007, 1.71681733718e-007, 4.59317192281e-007, 3.39797274762e-008, 1.93657374581e-008, 2.68164495054e-008, 7.61895648793e-008, 2.29044623268e-008, 3.59743893341e-007, 6.89076813387e-008, 1.3500429219e-008, 8.29248758549e-009, 2.27025931387e-009, 9.16085984848e-010, 9.57747747776e-009, 1.31451660668e-009, 5.20995468989e-010, 1.01421671062e-009, 2.97327940046e-010, 2.61129978751e-010, 3.87185283834e-010, 2.10406872481e-010, 2.64855498644e-010, 6.56556128908e-011, 3.89291446301e-011, 4.36294333994e-011, 2.31830006581e-011, 2.37199062475e-011, 2.79969224887e-011, 3.05078844132e-011, 4.6972512685e-011, 6.71198513436e-011, 6.2261237832e-011, 5.08470834881e-011, 4.61273484686e-011]
    },
    "mfcc": {
        "mean": [-604.236755371, 119.430870056, 17.8577098846, 16.9169864655, 8.28902244568, 5.00666713715, 8.48956680298, 3.69569611549, -4.0001502037, -9.38543224335, -7.37375879288, 2.89550805092, 2.99031162262],
        "cov": [[6307.33886719, -2048.96459961, 200.123626709, 482.49230957, 420.153411865, 222.603408813, 233.278823853, 121.976356506, 410.511505127, 433.734100342, 135.657943726, 206.882034302, 42.4643630981], [-2048.96459961, 1218.27294922, -262.906005859, -123.762367249, -129.422576904, -54.7247428894, -80.5363998413, -78.8917007446, -115.375297546, -94.1312637329, 21.1792354584, -35.1188468933, 15.4719219208], [200.123626709, -262.906005859, 496.184509277, -2.41584992409, 115.673294067, 113.79397583, 62.2102966309, 72.4635925293, 18.1026268005, 43.4102859497, 8.13582038879, 27.5912666321, 23.6925868988], [482.49230957, -123.762367249, -2.41584992409, 156.780929565, 46.9306602478, 29.3156852722, 26.7474765778, 13.2198143005, 49.3219604492, 44.2212867737, 27.4900016785, 17.802740097, -7.21073007584], [420.153411865, -129.422576904, 115.673294067, 46.9306602478, 167.555725098, 94.0598831177, 56.715297699, 3.05439352989, 42.4478378296, 71.3741455078, 42.8116950989, 38.9332847595, 10.5537757874], [222.603408813, -54.7247428894, 113.79397583, 29.3156852722, 94.0598831177, 162.849945068, 90.8302612305, 8.62858009338, 9.50709438324, 44.6791343689, 42.2134399414, 45.4564056396, 26.6389579773], [233.278823853, -80.5363998413, 62.2102966309, 26.7474765778, 56.715297699, 90.8302612305, 153.67364502, 23.5139026642, -7.70826339722, 18.9936466217, 31.8726024628, 48.5412330627, 46.8008384705], [121.976356506, -78.8917007446, 72.4635925293, 13.2198143005, 3.05439352989, 8.62858009338, 23.5139026642, 108.121620178, 15.7486095428, 0.0651351138949, -9.54860973358, 7.83460521698, 14.1263647079], [410.511505127, -115.375297546, 18.1026268005, 49.3219604492, 42.4478378296, 9.50709438324, -7.70826339722, 15.7486095428, 129.30632019, 70.7989044189, 12.7313203812, 4.85367393494, -12.1147413254], [433.734100342, -94.1312637329, 43.4102859497, 44.2212867737, 71.3741455078, 44.6791343689, 18.9936466217, 0.0651351138949, 70.7989044189, 141.130523682, 41.4052848816, 35.3915939331, 8.92113494873], [135.657943726, 21.1792354584, 8.13582038879, 27.4900016785, 42.8116950989, 42.2134399414, 31.8726024628, -9.54860973358, 12.7313203812, 41.4052848816, 94.4183654785, 31.0918369293, 21.9105625153], [206.882034302, -35.1188468933, 27.5912666321, 17.802740097, 38.9332847595, 45.4564056396, 48.5412330627, 7.83460521698, 4.85367393494, 35.3915939331, 31.0918369293, 92.1123352051, 25.6744937897], [42.4643630981, 15.4719219208, 23.6925868988, -7.21073007584, 10.5537757874, 26.6389579773, 46.8008384705, 14.1263647079, -12.1147413254, 8.92113494873, 21.9105625153, 25.6744937897, 116.432395935]],
        "icov": [[0.000614395248704, 0.000927061599214, 0.000482972594909, -0.000620141625404, -0.000376775744371, -0.000132795103127, 1.46066395246e-005, -0.000126867860672, -0.000487351062475, -0.000558256870136, -0.000221945520025, -0.000429910462117, -0.000281266431557], [0.000927061599214, 0.00256403745152, 0.00126099900808, -0.000275077938568, -0.000169577644556, -0.000794168678112, 0.000672504422255, -1.30652533699e-005, -0.000171269712155, -0.000609570939559, -0.00111736741383, -0.000511061050929, -0.000672275491524], [0.000482972594909, 0.00126099900808, 0.00362963997759, 0.000605772715062, -0.00182023341767, -0.00188499351498, 0.000623190193437, -0.0020243935287, 0.00015400898701, -0.000610411167145, 0.000119054086099, 3.88247462979e-005, -0.000421571778134], [-0.000620141625404, -0.000275077938568, 0.000605772715062, 0.00922752823681, -0.000703932601027, -0.000368684122805, -0.000744221615605, -0.000952732167207, -0.00138631218579, 0.000156666748808, -0.00146991433576, 0.000422123586759, 0.0013011029223], [-0.000376775744371, -0.000169577644556, -0.00182023341767, -0.000703932601027, 0.0121641233563, -0.00388283026405, -0.000714064459316, 0.00169094942976, -0.00107563391794, -0.00197603763081, -0.00144750066102, -0.000438094924903, 0.000762874085922], [-0.000132795103127, -0.000794168678112, -0.00188499351498, -0.000368684122805, -0.00388283026405, 0.0133292628452, -0.00543681113049, 0.000944738450926, 0.000515484833159, -0.000632130249869, -0.00118523498531, -0.00102728325874, 0.000439389230451], [1.46066395246e-005, 0.000672504422255, 0.000623190193437, -0.000744221615605, -0.000714064459316, -0.00543681113049, 0.0122661925852, -0.00180787977297, 0.00162695755716, 0.00111995893531, -0.000765597622376, -0.00260271690786, -0.00286863348447], [-0.000126867860672, -1.30652533699e-005, -0.0020243935287, -0.000952732167207, 0.00169094942976, 0.000944738450926, -0.00180787977297, 0.0117405559868, -0.00200511445291, 0.0012061673915, 0.00147262040991, -0.000707834900822, -0.00108831876423], [-0.000487351062475, -0.000171269712155, 0.00015400898701, -0.00138631218579, -0.00107563391794, 0.000515484833159, 0.00162695755716, -0.00200511445291, 0.0131688220426, -0.00527261197567, 0.000385757361073, 0.00169296481181, 0.000980467069894], [-0.000558256870136, -0.000609570939559, -0.000610411167145, 0.000156666748808, -0.00197603763081, -0.000632130249869, 0.00111995893531, 0.0012061673915, -0.00527261197567, 0.0135747883469, -0.00249728094786, -0.00233915401623, -0.00045722752111], [-0.000221945520025, -0.00111736741383, 0.000119054086099, -0.00146991433576, -0.00144750066102, -0.00118523498531, -0.000765597622376, 0.00147262040991, 0.000385757361073, -0.00249728094786, 0.0152246197686, -0.00197100033984, -0.00155328772962], [-0.000429910462117, -0.000511061050929, 3.88247462979e-005, 0.000422123586759, -0.000438094924903, -0.00102728325874, -0.00260271690786, -0.000707834900822, 0.00169296481181, -0.00233915401623, -0.00197100033984, 0.0154179167002, -0.00102376181167], [-0.000281266431557, -0.000672275491524, -0.000421571778134, 0.0013011029223, 0.000762874085922, 0.000439389230451, -0.00286863348447, -0.00108831876423, 0.000980467069894, -0.00045722752111, -0.00155328772962, -0.00102376181167, 0.0107174869627]]
    },
    "spectral_contrast_coeffs": {
        "mean": [-0.596241533756, -0.710850000381, -0.730581462383, -0.766046047211, -0.766381323338, -0.764427363873],
        "var": [0.00826467201114, 0.00433863140643, 0.00642525684088, 0.003330264939, 0.0042662108317, 0.00417741248384]
    },
    "spectral_contrast_valleys": {
        "mean": [-6.79629230499, -6.48217582703, -6.9796795845, -7.66800642014, -7.60860824585, -9.82391643524],
        "var": [1.57661128044, 0.781461536884, 0.879357635975, 1.37398982048, 1.9728281498, 2.93610835075]
    }
},
"metadata": {
    "audio_properties": {
        "analysis_sample_rate": 44100,
        "bit_rate": 128074,
        "equal_loudness": 0,
        "length": 45.0612258911,
        "lossless": 0,
        "replay_gain": -5.31007766724,
        "sample_rate": 44100,
        "codec": "mp3",
        "downmix": "mix",
        "md5_encoded": "e842a6850a8dec4b880bbccf9f27b788"
    },
    "tags": {
        "file_name": "1340.mp3"
    },
    "version": {
        "essentia": "2.1-beta2",
        "essentia_git_sha": "v2.1_beta2",
        "extractor": "music 1.0"
    }
},
"rhythm": {
    "beats_count": 71,
    "beats_loudness": {
        "mean": 0.0488320924342,
        "var": 0.000479824258946
    },
    "bpm": 95.8443832397,
    "bpm_histogram_first_peak_bpm": {
        "mean": 96,
        "var": 0
    },
    "bpm_histogram_first_peak_spread": {
        "mean": 0.347826123238,
        "var": 0
    },
    "bpm_histogram_first_peak_weight": {
        "mean": 0.642857134342,
        "var": 0
    },
    "bpm_histogram_second_peak_bpm": {
        "mean": 91,
        "var": 0
    },
    "bpm_histogram_second_peak_spread": {
        "mean": 0,
        "var": 0
    },
    "bpm_histogram_second_peak_weight": {
        "mean": 0.0142857143655,
        "var": 0
    },
    "danceability": 0.954996943474,
    "onset_rate": 3.97058296204,
    "beats_loudness_band_ratio": {
        "mean": [0.457524895668, 0.21132043004, 0.107935018837, 0.134597271681, 0.062041066587, 0.0755184739828],
        "var": [0.0379716493189, 0.0154327945784, 0.00733998976648, 0.010174096562, 0.00240720715374, 0.00519466074184]
    },
    "beats_position": [0.650158703327, 1.27709746361, 1.90403628349, 2.53097510338, 3.15791368484, 3.7732424736, 4.38857126236, 5.01551008224, 5.64244890213, 6.26938772202, 6.8963265419, 7.52326536179, 8.15020370483, 8.76553249359, 9.39247131348, 10.0078001022, 10.6463489532, 11.2732877731, 11.900226593, 12.5155553818, 13.1424942017, 13.7694330215, 14.3963718414, 15.0233106613, 15.6502494812, 16.2771873474, 16.904127121, 17.5310649872, 18.1580047607, 18.784942627, 19.4118824005, 20.0388202667, 20.6657600403, 21.2926979065, 21.9080276489, 22.523355484, 23.1502952576, 23.7772331238, 24.40417099, 25.0311107635, 25.6580486298, 26.2733783722, 26.9003162384, 27.5156459808, 28.142583847, 28.7695236206, 29.3964614868, 30.0234012604, 30.6503391266, 31.265668869, 31.8926067352, 32.5079345703, 33.1580963135, 33.7966423035, 34.4119720459, 35.0389099121, 35.6774597168, 36.304397583, 36.9313354492, 37.5466651917, 38.1736030579, 38.8005447388, 39.4158706665, 40.0312004089, 40.6581382751, 41.2966880798, 41.9584579468, 42.5970077515, 43.2355537415, 43.8741035461, 44.5126533508]
},
"tonal": {
    "chords_changes_rate": 0.0308641977608,
    "chords_number_rate": 0.00617283955216,
    "chords_strength": {
        "mean": 0.512523651123,
        "var": 0.00681177526712
    },
    "hpcp_entropy": {
        "mean": 1.62800276279,
        "var": 0.622667014599
    },
    "key_strength": 0.587128341198,
    "tuning_diatonic_strength": 0.50400942564,
    "tuning_equal_tempered_deviation": 0.0888762623072,
    "tuning_frequency": 438.731048584,
    "tuning_nontempered_energy_ratio": 0.696989774704,
    "hpcp": {
        "mean": [0.260879158974, 0.219054862857, 0.0693994387984, 0.0223059151322, 0.0202667862177, 0.0334704965353, 0.0588616393507, 0.0713837742805, 0.168088316917, 0.282082915306, 0.181981056929, 0.0477991513908, 0.0280621033162, 0.0424066260457, 0.221234709024, 0.504997968674, 0.390870004892, 0.10364549607, 0.0380440801382, 0.0235320366919, 0.0654499828815, 0.129308581352, 0.107066474855, 0.146156832576, 0.222130611539, 0.132235318422, 0.0388284102082, 0.0286782961339, 0.0311876293272, 0.0781922861934, 0.115746036172, 0.0732511952519, 0.032794572413, 0.0313566066325, 0.0516273602843, 0.132659837604],
        "var": [0.083297021687, 0.0679416656494, 0.0133238229901, 0.00570410629734, 0.00410953257233, 0.00813079159707, 0.0241358801723, 0.0239027328789, 0.0471368953586, 0.120603807271, 0.0663474500179, 0.0146565362811, 0.00701237423345, 0.0148779032752, 0.0533870011568, 0.188490629196, 0.124762155116, 0.0320380628109, 0.0145193804055, 0.00817847624421, 0.0149579290301, 0.0441569536924, 0.0247376132756, 0.0564969442785, 0.126725018024, 0.0511910989881, 0.00888647325337, 0.00507540488616, 0.00645191594958, 0.0260244365782, 0.0479715354741, 0.0173027496785, 0.00757349980995, 0.00716971047223, 0.0164933707565, 0.0355841554701]
    },
    "chords_histogram": [38.8888893127, 21.5020580292, 8.74485588074, 15.843621254, 0, 8.74485588074, 0, 6.27572011948, 0, 0, 0, 0, 0, 0, 0, 0, 0, 0, 0, 0, 0, 0, 0, 0],
    "thpcp": [1, 0.774003148079, 0.20523943007, 0.0753351151943, 0.0465982817113, 0.129604443908, 0.256057620049, 0.212013676763, 0.289420634508, 0.439864367247, 0.261853158474, 0.0768882483244, 0.0567889325321, 0.0617579296231, 0.154836833477, 0.229200989008, 0.145052447915, 0.0649400055408, 0.062092538923, 0.102232806385, 0.262693792582, 0.516594469547, 0.433773756027, 0.13742518425, 0.0441703051329, 0.0401324108243, 0.0662784799933, 0.116558171809, 0.141354575753, 0.332849502563, 0.558582305908, 0.360359966755, 0.0946521684527, 0.0555687434971, 0.0839738547802, 0.4380902946],
    "chords_key": "D",
    "chords_scale": "minor",
    "key_key": "D",
    "key_scale": "minor"
}
}