{
"lowlevel": {
    "average_loudness": 0.967973530293,
    "barkbands_crest": {
        "mean": 9.99126625061,
        "var": 21.172750473
    },
    "barkbands_flatness_db": {
        "mean": 0.109294712543,
        "var": 0.00166760035791
    },
    "barkbands_kurtosis": {
        "mean": 2.73535203934,
        "var": 24.0193367004
    },
    "barkbands_skewness": {
        "mean": 1.44756901264,
        "var": 1.05755448341
    },
    "barkbands_spread": {
        "mean": 26.6674613953,
        "var": 142.918533325
    },
    "dissonance": {
        "mean": 0.469748079777,
        "var": 0.000617092708126
    },
    "dynamic_complexity": 1.57362878323,
    "erbbands_crest": {
        "mean": 8.37566947937,
        "var": 16.7708950043
    },
    "erbbands_flatness_db": {
        "mean": 0.132476270199,
        "var": 0.00211148732342
    },
    "erbbands_kurtosis": {
        "mean": -0.0395197793841,
        "var": 1.46357238293
    },
    "erbbands_skewness": {
        "mean": 0.109053909779,
        "var": 0.412488728762
    },
    "erbbands_spread": {
        "mean": 42.3802909851,
        "var": 362.025817871
    },
    "hfc": {
        "mean": 28.6157226563,
        "var": 244.890457153
    },
    "melbands_crest": {
        "mean": 14.314696312,
        "var": 33.5302658081
    },
    "melbands_flatness_db": {
        "mean": 0.183997839689,
        "var": 0.00257177278399
    },
    "melbands_kurtosis": {
        "mean": 13.2757759094,
        "var": 385.272216797
    },
    "melbands_skewness": {
        "mean": 2.7498896122,
        "var": 3.08414626122
    },
    "melbands_spread": {
        "mean": 25.3356723785,
        "var": 228.193008423
    },
    "pitch_salience": {
        "mean": 0.53791898489,
        "var": 0.0147121017799
    },
    "silence_rate_20dB": {
        "mean": 1,
        "var": 0
    },
    "silence_rate_30dB": {
        "mean": 0.983522117138,
        "var": 0.0162060894072
    },
    "silence_rate_60dB": {
        "mean": 0.0108135938644,
        "var": 0.0106964902952
    },
    "spectral_centroid": {
        "mean": 1525.30505371,
        "var": 249122.984375
    },
    "spectral_complexity": {
        "mean": 24.7456226349,
        "var": 78.1547088623
    },
    "spectral_decrease": {
        "mean": -1.01808455e-008,
        "var": 4.55841368477e-017
    },
    "spectral_energy": {
        "mean": 0.0410203821957,
        "var": 0.000688548665494
    },
    "spectral_energyband_high": {
        "mean": 0.00128384609707,
        "var": 1.84324494512e-006
    },
    "spectral_energyband_low": {
        "mean": 0.0201147329062,
        "var": 0.000543217756785
    },
    "spectral_energyband_middle_high": {
        "mean": 0.00779309403151,
        "var": 2.84161942545e-005
    },
    "spectral_energyband_middle_low": {
        "mean": 0.0136077320203,
        "var": 0.000110719411168
    },
    "spectral_entropy": {
        "mean": 7.76115512848,
        "var": 0.127203717828
    },
    "spectral_flux": {
        "mean": 0.106859326363,
        "var": 0.00319331488572
    },
    "spectral_kurtosis": {
        "mean": 4.05205154419,
        "var": 5.6324930191
    },
    "spectral_rms": {
        "mean": 0.00602566218004,
        "var": 3.71128180632e-006
    },
    "spectral_rolloff": {
        "mean": 1450.46252441,
        "var": 1366235.125
    },
    "spectral_skewness": {
        "mean": 1.44322299957,
        "var": 0.119542948902
    },
    "spectral_spread": {
        "mean": 4832976.5,
        "var": 2.60504420352e+012
    },
    "spectral_strongpeak": {
        "mean": 0.936618566513,
        "var": 1.12108123302
    },
    "zerocrossingrate": {
        "mean": 0.0618243999779,
        "var": 0.00093123287661
    },
    "barkbands": {
        "mean": [0.000570071104448, 0.0131167294458, 0.00494659738615, 0.00271523767151, 0.0030040575657, 0.00251573836431, 0.0018094124971, 0.00154936639592, 0.00147129409015, 0.00163731048815, 0.0012704556575, 0.000647922395729, 0.000707844155841, 0.000638905563392, 0.000558154541068, 0.000547851494048, 0.000897552992683, 0.000528938486241, 0.00044618503307, 0.000316415593261, 0.000262052199105, 0.000236045991187, 0.000226009491598, 0.000182384508662, 0.000108917134639, 9.78477473836e-005, 1.10954051706e-005],
        "var": [7.52770176859e-007, 0.000378235243261, 9.2409318313e-005, 1.35225773192e-005, 1.78367063199e-005, 3.31711307808e-005, 8.88783870323e-006, 6.03297121415e-006, 5.46411229152e-006, 7.1655854299e-006, 4.83277472085e-006, 7.87580347605e-007, 1.40772772284e-006, 7.75025284838e-007, 6.16464944869e-007, 5.65006814668e-007, 1.35859477268e-006, 2.58969237166e-007, 2.01678091116e-007, 8.94826399644e-008, 9.08996327098e-008, 7.14168422178e-008, 8.09320610529e-008, 6.89398760301e-008, 1.92915887709e-008, 2.09985984156e-008, 3.05251407484e-010]
    },
    "erbbands": {
        "mean": [0.433023095131, 2.73867750168, 5.31888341904, 8.44525241852, 10.3489723206, 9.01286029816, 12.4400672913, 23.4045753479, 28.9090061188, 24.1995849609, 38.5865097046, 34.4396858215, 47.4551734924, 41.0455093384, 46.6925697327, 27.8020858765, 32.1645851135, 32.4512519836, 33.6177330017, 27.1478404999, 34.385181427, 51.0372924805, 33.4645881653, 21.0938148499, 21.8641586304, 14.1751976013, 11.0124540329, 10.6205329895, 8.97933483124, 7.11433553696, 6.13621997833, 3.96020841599, 3.04669237137, 1.53074204922, 0.618311405182, 0.356405347586, 0.184778690338, 0.0469221174717, 0.00116157706361, 7.73546053097e-005],
        "var": [0.474397331476, 16.3815517426, 89.5755767822, 141.152130127, 189.840911865, 237.417190552, 1158.4263916, 3074.34326172, 2272.64575195, 1619.50134277, 3421.84521484, 2756.79272461, 6681.15332031, 3609.45019531, 6925.40625, 1392.49682617, 2377.2109375, 1680.28051758, 2252.13232422, 997.844055176, 1965.24462891, 4184.60351563, 986.531677246, 384.818328857, 430.777587891, 197.66519165, 174.716552734, 133.338775635, 103.814682007, 76.1772003174, 62.7324562073, 29.8113059998, 21.3684616089, 3.98233437538, 0.61272585392, 0.230423957109, 0.079999320209, 0.00553928362206, 3.13630425808e-006, 3.68407526707e-009]
    },
    "gfcc": {
        "mean": [46.6407852173, 80.5735397339, -111.478889465, 34.1975669861, -49.4571533203, 14.8751964569, -31.7232761383, 17.0177707672, -21.8786964417, 4.01271772385, -18.5771713257, 5.47068786621, -15.4439811707],
        "cov": [[3085.26367188, -453.885009766, 499.61807251, 257.65057373, -40.8591270447, 360.038787842, 21.513841629, 131.522445679, 9.03920936584, 152.279373169, -28.1485309601, 59.2564201355, -28.2926998138], [-453.885009766, 955.380493164, -326.691131592, -27.9725952148, 197.082611084, -111.341644287, 115.535888672, 25.4862537384, 40.9200172424, -41.5597724915, 88.8524017334, -32.5143661499, 70.1667785645], [499.61807251, -326.691131592, 845.035583496, 280.884918213, 7.65401077271, 178.470916748, -16.0580768585, 46.96616745, 2.15467524529, 87.2873764038, 4.03333234787, 72.6611175537, -52.4008560181], [257.65057373, -27.9725952148, 280.884918213, 362.471496582, 58.811958313, 64.6981277466, 11.8750801086, 43.0140037537, 60.6518783569, 25.9618434906, 24.9064979553, 26.9989433289, 22.3366184235], [-40.8591270447, 197.082611084, 7.65401077271, 58.811958313, 243.863677979, 52.3762741089, 65.741569519, 52.337638855, 40.1863517761, -1.16876351833, 8.56217575073, 21.0485591888, 26.3965110779], [360.038787842, -111.341644287, 178.470916748, 64.6981277466, 52.3762741089, 280.717651367, 116.54574585, 31.3657798767, -1.40717434883, 32.8040275574, 4.08448123932, 6.09847068787, 12.6372566223], [21.513841629, 115.535888672, -16.0580768585, 11.8750801086, 65.741569519, 116.54574585, 166.487686157, 35.0004043579, 14.7239341736, 19.788274765, 20.5701694489, -8.79609298706, 15.0810403824], [131.522445679, 25.4862537384, 46.96616745, 43.0140037537, 52.337638855, 31.3657798767, 35.0004043579, 120.683998108, 61.5624847412, 20.1901760101, 9.91688537598, 7.31643342972, 9.66098880768], [9.03920936584, 40.9200172424, 2.15467524529, 60.6518783569, 40.1863517761, -1.40717434883, 14.7239341736, 61.5624847412, 109.509536743, 28.4078197479, 22.8608188629, 11.1038684845, 17.9195537567], [152.279373169, -41.5597724915, 87.2873764038, 25.9618434906, -1.16876351833, 32.8040275574, 19.788274765, 20.1901760101, 28.4078197479, 79.2329330444, 30.0193157196, 12.3148469925, -3.82428216934], [-28.1485309601, 88.8524017334, 4.03333234787, 24.9064979553, 8.56217575073, 4.08448123932, 20.5701694489, 9.91688537598, 22.8608188629, 30.0193157196, 78.6689376831, 31.7500114441, 15.7974224091], [59.2564201355, -32.5143661499, 72.6611175537, 26.9989433289, 21.0485591888, 6.09847068787, -8.79609298706, 7.31643342972, 11.1038684845, 12.3148469925, 31.7500114441, 75.9221954346, 28.6221046448], [-28.2926998138, 70.1667785645, -52.4008560181, 22.3366184235, 26.3965110779, 12.6372566223, 15.0810403824, 9.66098880768, 17.9195537567, -3.82428216934, 15.7974224091, 28.6221046448, 72.3028945923]],
        "icov": [[0.000534446036909, -0.000192350053112, 0.000291021016892, -0.000489050056785, 0.000435416179243, -0.000968974316493, 0.000629970571026, -0.000751184707042, 0.0005451021716, -0.00125084246974, 0.00110325054266, -0.00111779698636, 0.000737354857847], [-0.000192350053112, 0.00282746041194, -0.000402187142754, 0.000625354296062, -0.00241550849751, 0.00259571522474, -0.00215190695599, 0.000525551091414, -1.45684271047e-005, 0.00240853405558, -0.00493653491139, 0.00452064955607, -0.00307704461738], [0.000291021016892, -0.000402187142754, 0.00340837868862, -0.00260190339759, 0.000818644359242, -0.00253316387534, 0.00173415709287, -0.00148294621613, 0.0018281401135, -0.00341756828129, 0.00288388552144, -0.00502516515553, 0.00448383158073], [-0.000489050056785, 0.000625354296062, -0.00260190339759, 0.00548588298261, -0.00149128912017, 0.00149147480261, -0.000832030666061, 0.00138383521698, -0.00312490109354, 0.00316423992626, -0.00353890308179, 0.00420551281422, -0.00405607046559], [0.000435416179243, -0.00241550849751, 0.000818644359242, -0.00149128912017, 0.00760771427304, -0.00285301008262, 0.000181750554475, -0.00211218115874, -0.000594874320086, -0.00150358711835, 0.00559355597943, -0.00638759415597, 0.00290845613927], [-0.000968974316493, 0.00259571522474, -0.00253316387534, 0.00149147480261, -0.00285301008262, 0.010374234058, -0.00739583745599, 0.0015255411854, 0.00016944707022, 0.00308401067741, -0.00472132721916, 0.00643554097041, -0.00602261070162], [0.000629970571026, -0.00215190695599, 0.00173415709287, -0.000832030666061, 0.000181750554475, -0.00739583745599, 0.0132601717487, -0.00283452263102, 0.00137881084811, -0.00418051425368, 0.00137370510492, -0.00142219511326, 0.00238793622702], [-0.000751184707042, 0.000525551091414, -0.00148294621613, 0.00138383521698, -0.00211218115874, 0.0015255411854, -0.00283452263102, 0.0141982426867, -0.00794495921582, 0.00220179115422, -0.00132132717408, 0.00251397676766, -0.00172862270847], [0.0005451021716, -1.45684271047e-005, 0.0018281401135, -0.00312490109354, -0.000594874320086, 0.00016944707022, 0.00137881084811, -0.00794495921582, 0.0172021463513, -0.00640160264447, -0.00015392593923, -0.00117063312791, -0.000625628046691], [-0.00125084246974, 0.00240853405558, -0.00341756828129, 0.00316423992626, -0.00150358711835, 0.00308401067741, -0.00418051425368, 0.00220179115422, -0.00640160264447, 0.0241092499346, -0.0128003749996, 0.0070733516477, -0.00283510773443], [0.00110325054266, -0.00493653491139, 0.00288388552144, -0.00353890308179, 0.00559355597943, -0.00472132721916, 0.00137370510492, -0.00132132717408, -0.00015392593923, -0.0128003749996, 0.0300678350031, -0.0185577627271, 0.00721681443974], [-0.00111779698636, 0.00452064955607, -0.00502516515553, 0.00420551281422, -0.00638759415597, 0.00643554097041, -0.00142219511326, 0.00251397676766, -0.00117063312791, 0.0070733516477, -0.0185577627271, 0.0333669930696, -0.0170875936747], [0.000737354857847, -0.00307704461738, 0.00448383158073, -0.00405607046559, 0.00290845613927, -0.00602261070162, 0.00238793622702, -0.00172862270847, -0.000625628046691, -0.00283510773443, 0.00721681443974, -0.0170875936747, 0.0265244152397]]
    },
    "melbands": {
        "mean": [0.00379766896367, 0.00312762707472, 0.00154533388559, 0.000702611054294, 0.000426925340435, 0.000530765391886, 0.000412571942434, 0.000264844420599, 0.000329852511641, 0.000203767747735, 0.000241528759943, 0.000171268504346, 0.000164292592672, 7.98114051577e-005, 6.77672869642e-005, 7.66756711528e-005, 5.8932837419e-005, 5.64792644582e-005, 3.94358066842e-005, 3.8208130718e-005, 4.00508179155e-005, 5.30627912667e-005, 4.40432158939e-005, 2.08381170523e-005, 1.60420258908e-005, 1.8387559976e-005, 1.21295852296e-005, 8.92758907867e-006, 7.21263677406e-006, 6.02333511779e-006, 6.23441383141e-006, 5.05642992721e-006, 4.24367635787e-006, 3.98814154323e-006, 3.68458154298e-006, 3.00543547382e-006, 2.19451089833e-006, 2.28068552133e-006, 1.65053199908e-006, 1.17004208278e-006],
        "var": [3.38358877343e-005, 1.90025220945e-005, 3.99787677452e-006, 8.19413912723e-007, 1.00635270428e-006, 1.29567706608e-006, 4.28375528827e-007, 2.14068890614e-007, 2.77323010778e-007, 1.08840993107e-007, 1.79003734502e-007, 6.66034765118e-008, 8.68320384484e-008, 1.24436230209e-008, 1.33533504254e-008, 2.12344968276e-008, 6.92716506379e-009, 7.48770023762e-009, 2.79863732189e-009, 2.79484790866e-009, 3.00813418619e-009, 5.10189090974e-009, 2.26221130717e-009, 4.73147188096e-010, 2.67574407076e-010, 3.88143850394e-010, 1.37419298163e-010, 1.01727716528e-010, 7.87244991418e-011, 5.5487621442e-011, 4.84723719496e-011, 3.33233787786e-011, 2.46911362883e-011, 2.68835283895e-011, 2.37513290285e-011, 1.56620896807e-011, 1.02532487709e-011, 1.33568199903e-011, 5.22265694233e-012, 2.32860649166e-012]
    },
    "mfcc": {
        "mean": [-598.635070801, 113.534965515, -1.88503098488, 25.9505462646, 6.29891967773, 4.15856170654, 2.53444075584, 10.8508644104, 3.56458950043, 1.7253947258, 2.03410816193, 2.14908051491, -0.418072640896],
        "cov": [[2298.36791992, -413.287750244, 398.902130127, 4.63168954849, 95.4723892212, 176.481048584, 107.75125885, 52.4109153748, 94.9387283325, 125.126655579, 67.1794433594, 23.6668777466, 45.2486686707], [-413.287750244, 851.658447266, -399.037719727, 47.0377426147, -4.58123445511, -58.9457054138, 63.015247345, 26.9505958557, 5.31814670563, -21.8325195313, 38.5473327637, -6.06649494171, 16.7177600861], [398.902130127, -399.037719727, 789.83581543, 120.116844177, 111.456130981, 128.667938232, 53.3271789551, 16.2191810608, -2.11460995674, 34.9250831604, 28.3743934631, 68.6653823853, 15.260020256], [4.63168954849, 47.0377426147, 120.116844177, 290.009185791, 111.893554688, -4.51810026169, -19.7703952789, 22.1456851959, 28.4817028046, -8.17598628998, 13.2504196167, 57.7133255005, 49.1760253906], [95.4723892212, -4.58123445511, 111.456130981, 111.893554688, 200.361480713, 34.7375450134, 3.21954298019, 53.9085273743, 46.7116584778, 12.9739942551, 12.9665212631, 25.076374054, 36.0160369873], [176.481048584, -58.9457054138, 128.667938232, -4.51810026169, 34.7375450134, 192.569671631, 108.333114624, 40.4315032959, 32.4467201233, 35.2691421509, 19.3070755005, 7.99612998962, -14.9051361084], [107.75125885, 63.015247345, 53.3271789551, -19.7703952789, 3.21954298019, 108.333114624, 162.859313965, 54.9316139221, 29.1909713745, 31.8597354889, 32.7707557678, 11.6415576935, -15.4853954315], [52.4109153748, 26.9505958557, 16.2191810608, 22.1456851959, 53.9085273743, 40.4315032959, 54.9316139221, 103.673454285, 54.3846511841, 22.804485321, 17.4300308228, 15.7545413971, 14.1795988083], [94.9387283325, 5.31814670563, -2.11460995674, 28.4817028046, 46.7116584778, 32.4467201233, 29.1909713745, 54.3846511841, 100.283851624, 50.3608627319, 14.8012065887, 3.80275702477, 12.1329421997], [125.126655579, -21.8325195313, 34.9250831604, -8.17598628998, 12.9739942551, 35.2691421509, 31.8597354889, 22.804485321, 50.3608627319, 95.1390609741, 41.0884170532, 3.76515817642, -4.91484212875], [67.1794433594, 38.5473327637, 28.3743934631, 13.2504196167, 12.9665212631, 19.3070755005, 32.7707557678, 17.4300308228, 14.8012065887, 41.0884170532, 74.5836791992, 35.651309967, 6.95051336288], [23.6668777466, -6.06649494171, 68.6653823853, 57.7133255005, 25.076374054, 7.99612998962, 11.6415576935, 15.7545413971, 3.80275702477, 3.76515817642, 35.651309967, 82.2515411377, 41.8053703308], [45.2486686707, 16.7177600861, 15.260020256, 49.1760253906, 36.0160369873, -14.9051361084, -15.4853954315, 14.1795988083, 12.1329421997, -4.91484212875, 6.95051336288, 41.8053703308, 79.0385818481]],
        "icov": [[0.000574046629481, 0.000264787784545, -0.000113948903163, 3.3976539271e-005, -8.45102986204e-005, -0.000160613664775, -0.000318429491017, 0.000195647109649, -0.000233179875067, -0.000241188230575, -0.000494237989187, 0.000572278280742, -0.000711478642188], [0.000264787784545, 0.00218609138392, 0.00111550884321, -0.000850605079904, -0.000355897966074, 0.000701709010173, -0.00201452150941, 0.000218678818783, 0.000348758447217, 0.000593669479713, -0.00184807903133, 0.00128718698397, -0.000974465860054], [-0.000113948903163, 0.00111550884321, 0.00243722600862, -0.000933628587518, -0.000940314203035, -0.000608097645454, -0.000986150931567, 0.000343207706464, 0.00144579366315, -0.00066911871545, -2.25292787945e-005, -0.00100889371242, 0.000270700722467], [3.3976539271e-005, -0.000850605079904, -0.000933628587518, 0.00567500293255, -0.0022001399193, 0.000245774106588, 0.00114893319551, 0.000713253219146, -0.0019058464095, 0.00106696237344, 0.000709629966877, -0.00315591879189, -7.83526265877e-005], [-8.45102986204e-005, -0.000355897966074, -0.000940314203035, -0.0022001399193, 0.00844185333699, -0.00152516574599, 0.00226199766621, -0.0033781696111, -0.00164229946677, 0.000787159602623, -0.000996135175228, 0.00166804459877, -0.0019046853995], [-0.000160613664775, 0.000701709010173, -0.000608097645454, 0.000245774106588, -0.00152516574599, 0.0101171247661, -0.0065974900499, 0.000594887475017, -0.000833663216326, -0.000757279573008, 0.000954324787017, -0.00023170519853, 0.00123109284323], [-0.000318429491017, -0.00201452150941, -0.000986150931567, 0.00114893319551, 0.00226199766621, -0.0065974900499, 0.0145249413326, -0.00545335235074, -0.000152770342538, 2.05046253541e-005, -0.0016944212839, -0.00174677441828, 0.00273078819737], [0.000195647109649, 0.000218678818783, 0.000343207706464, 0.000713253219146, -0.0033781696111, 0.000594887475017, -0.00545335235074, 0.0178206358105, -0.00774375256151, 0.00188562250696, -0.000633661693428, -0.00133226520848, -0.00121586676687], [-0.000233179875067, 0.000348758447217, 0.00144579366315, -0.0019058464095, -0.00164229946677, -0.000833663216326, -0.000152770342538, -0.00774375256151, 0.0210567079484, -0.0106484871358, 0.00342273828574, 0.00135398039129, -0.00199482706375], [-0.000241188230575, 0.000593669479713, -0.00066911871545, 0.00106696237344, 0.000787159602623, -0.000757279573008, 2.05046253541e-005, 0.00188562250696, -0.0106484871358, 0.0218114275485, -0.0122148599476, 0.00383639615029, 0.000677993346471], [-0.000494237989187, -0.00184807903133, -2.25292787945e-005, 0.000709629966877, -0.000996135175228, 0.000954324787017, -0.0016944212839, -0.000633661693428, 0.00342273828574, -0.0122148599476, 0.0276705455035, -0.013588459231, 0.00412125233561], [0.000572278280742, 0.00128718698397, -0.00100889371242, -0.00315591879189, 0.00166804459877, -0.00023170519853, -0.00174677441828, -0.00133226520848, 0.00135398039129, 0.00383639615029, -0.013588459231, 0.0271602291614, -0.0124885849655], [-0.000711478642188, -0.000974465860054, 0.000270700722467, -7.83526265877e-005, -0.0019046853995, 0.00123109284323, 0.00273078819737, -0.00121586676687, -0.00199482706375, 0.000677993346471, 0.00412125233561, -0.0124885849655, 0.0217066612095]]
    },
    "spectral_contrast_coeffs": {
        "mean": [-0.670309782028, -0.730232179165, -0.757577478886, -0.765564084053, -0.775928556919, -0.754389405251],
        "var": [0.00624720938504, 0.00604237848893, 0.00562767544761, 0.00356953940354, 0.00241981050931, 0.00130733626429]
    },
    "spectral_contrast_valleys": {
        "mean": [-6.7387342453, -6.40651988983, -6.96178770065, -7.36948680878, -7.04757356644, -9.67202091217],
        "var": [1.04862058163, 0.485782206059, 0.454922318459, 0.39001005888, 0.43594917655, 0.933431088924]
    }
},
"metadata": {
    "audio_properties": {
        "analysis_sample_rate": 44100,
        "bit_rate": 128068,
        "equal_loudness": 0,
        "length": 45.0479812622,
        "lossless": 0,
        "replay_gain": -5.50183868408,
        "sample_rate": 48000,
        "codec": "mp3",
        "downmix": "mix",
        "md5_encoded": "3b146addb0411d361389a09f50fc0bab"
    },
    "tags": {
        "file_name": "1342.mp3"
    },
    "version": {
        "essentia": "2.1-beta2",
        "essentia_git_sha": "v2.1_beta2",
        "extractor": "music 1.0"
    }
},
"rhythm": {
    "beats_count": 97,
    "beats_loudness": {
        "mean": 0.0759920850396,
        "var": 0.000453839980764
    },
    "bpm": 129.863388062,
    "bpm_histogram_first_peak_bpm": {
        "mean": 129,
        "var": 0
    },
    "bpm_histogram_first_peak_spread": {
        "mean": 0.221052631736,
        "var": 0
    },
    "bpm_histogram_first_peak_weight": {
        "mean": 0.770833313465,
        "var": 0
    },
    "bpm_histogram_second_peak_bpm": {
        "mean": 136,
        "var": 0
    },
    "bpm_histogram_second_peak_spread": {
        "mean": 0,
        "var": 0
    },
    "bpm_histogram_second_peak_weight": {
        "mean": 0.0104166669771,
        "var": 0
    },
    "danceability": 1.65929794312,
    "onset_rate": 3.97160577774,
    "beats_loudness_band_ratio": {
        "mean": [0.72109991312, 0.0752845034003, 0.0756342709064, 0.0650161132216, 0.0511170215905, 0.0385509431362],
        "var": [0.0306981932372, 0.00888582039624, 0.00419108523056, 0.00418808497488, 0.00245804619044, 0.000868445669767]
    },
    "beats_position": [0.476009070873, 0.952018141747, 1.4164172411, 1.88081634045, 2.34521532059, 2.80961441994, 3.27401351929, 3.73841261864, 4.19120168686, 4.6439909935, 5.10838985443, 5.5727891922, 6.03718805313, 6.5015873909, 6.96598625183, 7.4303855896, 7.87156438828, 8.33596324921, 8.80036258698, 9.26476192474, 9.72916126251, 10.1819496155, 10.6347389221, 11.0991382599, 11.5635375977, 12.0279359818, 12.4923353195, 12.9567346573, 13.4211339951, 13.8855323792, 14.3383216858, 14.7911109924, 15.2555103302, 15.7199087143, 16.1843090057, 16.6487064362, 17.1131057739, 17.5775051117, 18.0419044495, 18.4946937561, 18.9474830627, 19.4118824005, 19.8762817383, 20.3406791687, 20.8050785065, 21.2694778442, 21.7222671509, 22.1866664886, 22.6394557953, 23.1038551331, 23.5682544708, 24.0326519012, 24.497051239, 24.9614505768, 25.4258499146, 25.8902492523, 26.343038559, 26.8074378967, 27.2602272034, 27.7246246338, 28.1890239716, 28.6534233093, 29.1178226471, 29.5822219849, 30.0350112915, 30.4878005981, 30.9521980286, 31.4165973663, 31.8809967041, 32.3453979492, 32.8097953796, 33.2741928101, 33.7269821167, 34.1797714233, 34.6441726685, 35.1085700989, 35.572971344, 36.0373687744, 36.5017662048, 36.96616745, 37.4189567566, 37.8717460632, 38.3361434937, 38.8005447388, 39.2649421692, 39.7293434143, 40.1937408447, 40.6581382751, 41.1109275818, 41.5637168884, 42.0281181335, 42.492515564, 42.9569168091, 43.4213142395, 43.8857116699, 44.350112915, 44.8145103455]
},
"tonal": {
    "chords_changes_rate": 0.0679012313485,
    "chords_number_rate": 0.0123456791043,
    "chords_strength": {
        "mean": 0.549040615559,
        "var": 0.0103534916416
    },
    "hpcp_entropy": {
        "mean": 1.99201190472,
        "var": 0.633293032646
    },
    "key_strength": 0.64003932476,
    "tuning_diatonic_strength": 0.601709663868,
    "tuning_equal_tempered_deviation": 0.199716106057,
    "tuning_frequency": 434.193115234,
    "tuning_nontempered_energy_ratio": 0.878585338593,
    "hpcp": {
        "mean": [0.0801453515887, 0.075125195086, 0.100364953279, 0.169070348144, 0.182111397386, 0.129553079605, 0.125375375152, 0.131548404694, 0.147379443049, 0.241358339787, 0.229273483157, 0.11962980032, 0.0982626155019, 0.0910553485155, 0.0689640492201, 0.0762567147613, 0.0835920870304, 0.0988833010197, 0.165727689862, 0.170987799764, 0.101865917444, 0.0645630434155, 0.0522271841764, 0.129317775369, 0.264773011208, 0.217783361673, 0.0835656002164, 0.0513245426118, 0.0568944998085, 0.0812091603875, 0.152541473508, 0.18483158946, 0.145572841167, 0.17481854558, 0.197958767414, 0.129280209541],
        "var": [0.0255677234381, 0.0280576143414, 0.0382610298693, 0.0808514654636, 0.084329597652, 0.0479955226183, 0.0581644549966, 0.0670913010836, 0.0570099800825, 0.107402920723, 0.102783232927, 0.0333532504737, 0.0445212312043, 0.0447058007121, 0.0194377619773, 0.0215360168368, 0.0218958016485, 0.026160473004, 0.0710571408272, 0.0697441771626, 0.0262780562043, 0.0136267961934, 0.0106566306204, 0.0327645391226, 0.127752631903, 0.0839754268527, 0.020132901147, 0.0146685820073, 0.0191768445075, 0.0259667802602, 0.0539697371423, 0.0774512887001, 0.0511849075556, 0.0677896365523, 0.0922059640288, 0.048652946949]
    },
    "chords_histogram": [17.9012336731, 15.123456955, 16.563785553, 9.77366256714, 3.39506173134, 6.17283964157, 0.514403283596, 3.29218101501, 0, 4.11522626877, 0, 6.89300394058, 0, 0, 0, 0, 0, 0, 4.52674913406, 0, 0.411522626877, 0, 2.26337456703, 9.05349826813],
    "thpcp": [1, 0.822528541088, 0.315612226725, 0.193843558431, 0.214880287647, 0.306712388992, 0.576121687889, 0.698075652122, 0.549802422523, 0.660258173943, 0.747654616833, 0.488268077374, 0.302694559097, 0.283734351397, 0.379060357809, 0.638548254967, 0.68780195713, 0.489298671484, 0.473520219326, 0.496834635735, 0.55662560463, 0.911566972733, 0.865924656391, 0.451820224524, 0.371120214462, 0.343899667263, 0.260464787483, 0.288007885218, 0.315712273121, 0.373464435339, 0.625923633575, 0.645790159702, 0.384729236364, 0.243842989206, 0.197252675891, 0.48840996623],
    "chords_key": "F",
    "chords_scale": "minor",
    "key_key": "F",
    "key_scale": "minor"
}
}