{
"lowlevel": {
    "average_loudness": 0.871822178364,
    "barkbands_crest": {
        "mean": 10.655834198,
        "var": 19.6836166382
    },
    "barkbands_flatness_db": {
        "mean": 0.152269810438,
        "var": 0.00185551680624
    },
    "barkbands_kurtosis": {
        "mean": 4.42503929138,
        "var": 23.5169754028
    },
    "barkbands_skewness": {
        "mean": 1.66222560406,
        "var": 0.659699976444
    },
    "barkbands_spread": {
        "mean": 16.5055885315,
        "var": 75.415687561
    },
    "dissonance": {
        "mean": 0.44204673171,
        "var": 0.000849830626976
    },
    "dynamic_complexity": 2.56779575348,
    "erbbands_crest": {
        "mean": 11.0948400497,
        "var": 34.2354164124
    },
    "erbbands_flatness_db": {
        "mean": 0.165966704488,
        "var": 0.00132269936148
    },
    "erbbands_kurtosis": {
        "mean": 1.61217820644,
        "var": 11.1681003571
    },
    "erbbands_skewness": {
        "mean": 0.966384708881,
        "var": 0.634750843048
    },
    "erbbands_spread": {
        "mean": 31.6943397522,
        "var": 202.018478394
    },
    "hfc": {
        "mean": 18.7801494598,
        "var": 214.124526978
    },
    "melbands_crest": {
        "mean": 14.6164150238,
        "var": 34.3817367554
    },
    "melbands_flatness_db": {
        "mean": 0.206730678678,
        "var": 0.00307039753534
    },
    "melbands_kurtosis": {
        "mean": 10.3254518509,
        "var": 95.2444458008
    },
    "melbands_skewness": {
        "mean": 2.25642561913,
        "var": 1.19842386246
    },
    "melbands_spread": {
        "mean": 16.1276950836,
        "var": 65.4635696411
    },
    "pitch_salience": {
        "mean": 0.537323355675,
        "var": 0.0153486141935
    },
    "silence_rate_20dB": {
        "mean": 1,
        "var": 0
    },
    "silence_rate_30dB": {
        "mean": 0.987641632557,
        "var": 0.0122055457905
    },
    "silence_rate_60dB": {
        "mean": 0.00875386223197,
        "var": 0.00867716129869
    },
    "spectral_centroid": {
        "mean": 903.078369141,
        "var": 124529.398438
    },
    "spectral_complexity": {
        "mean": 16.9443874359,
        "var": 21.5941925049
    },
    "spectral_decrease": {
        "mean": -8.65186144949e-009,
        "var": 4.2740620774e-017
    },
    "spectral_energy": {
        "mean": 0.0343575179577,
        "var": 0.000646140018944
    },
    "spectral_energyband_high": {
        "mean": 0.000612804607954,
        "var": 1.05995309241e-006
    },
    "spectral_energyband_low": {
        "mean": 0.0114158438519,
        "var": 0.000297433667583
    },
    "spectral_energyband_middle_high": {
        "mean": 0.00332049420103,
        "var": 3.67863708561e-006
    },
    "spectral_energyband_middle_low": {
        "mean": 0.0187568441033,
        "var": 0.00024681823561
    },
    "spectral_entropy": {
        "mean": 7.42747879028,
        "var": 0.101607888937
    },
    "spectral_flux": {
        "mean": 0.0875216498971,
        "var": 0.00200185459107
    },
    "spectral_kurtosis": {
        "mean": 4.57727909088,
        "var": 5.21022319794
    },
    "spectral_rms": {
        "mean": 0.00538895325735,
        "var": 4.47869524578e-006
    },
    "spectral_rolloff": {
        "mean": 955.453857422,
        "var": 709419.3125
    },
    "spectral_skewness": {
        "mean": 1.76505196095,
        "var": 0.10603184998
    },
    "spectral_spread": {
        "mean": 4923902.5,
        "var": 3.34817892762e+012
    },
    "spectral_strongpeak": {
        "mean": 1.12223470211,
        "var": 1.3606492281
    },
    "zerocrossingrate": {
        "mean": 0.0490441061556,
        "var": 0.000722561904695
    },
    "barkbands": {
        "mean": [0.00198704074137, 0.00773793226108, 0.0020957426168, 0.00152439146768, 0.00265755783767, 0.00327866361476, 0.00501167075709, 0.00414932332933, 0.0017982495483, 0.000635222473647, 0.000677473610267, 0.000279830099316, 0.000429809791967, 0.000506281561684, 0.000292653159704, 0.000198503446882, 0.000228441291256, 0.000126070299302, 9.62696794886e-005, 7.68484242144e-005, 6.71540110488e-005, 7.90204940131e-005, 0.000100477838714, 0.000151340442244, 0.000114055583254, 5.75226040382e-005, 8.17747558557e-009],
        "var": [4.67941281386e-005, 0.000217022825382, 3.85366365663e-005, 1.17587369459e-005, 1.15560142149e-005, 1.24668968056e-005, 5.02359362144e-005, 8.98041471373e-005, 2.69629435934e-005, 1.39308724556e-006, 5.50927381937e-007, 1.20437604778e-007, 2.26884495191e-007, 3.36737258522e-007, 6.36323704839e-008, 6.74460309824e-008, 9.1285485837e-008, 2.93556645659e-008, 5.8885865073e-009, 2.45354012662e-008, 7.77390862794e-009, 1.61272613042e-008, 5.42105134116e-008, 9.41073849958e-008, 7.97965569177e-008, 2.56913406105e-008, 2.34274807771e-015]
    },
    "erbbands": {
        "mean": [0.237815529108, 1.64027416706, 2.88741898537, 3.60354971886, 7.68843412399, 8.70022106171, 10.8320932388, 33.4415779114, 69.1571655273, 78.1779022217, 90.851776123, 55.5428199768, 21.2468776703, 16.7598323822, 26.5371170044, 14.8273353577, 21.0752468109, 30.4153938293, 15.3327188492, 14.3293657303, 10.0847434998, 12.0090055466, 8.24759197235, 5.06158304214, 4.72528266907, 3.95436954498, 3.0579931736, 2.59553837776, 2.64991259575, 3.29050278664, 2.77364778519, 3.38314700127, 2.21997117996, 1.3136677742, 0.774061441422, 0.390342980623, 0.0696866959333, 0.00828738044947, 0.000183617739822, 4.80697890453e-005],
        "var": [0.272200912237, 10.9156532288, 46.4084434509, 77.5739059448, 157.985931396, 123.961990356, 206.998016357, 1257.70507813, 7672.84179688, 21486.4042969, 57441.953125, 20987.8496094, 2031.36120605, 284.450408936, 710.276672363, 290.706878662, 550.769042969, 957.508300781, 225.89881897, 161.42350769, 142.959884644, 261.668395996, 135.067153931, 17.9271469116, 17.5490608215, 64.2156829834, 21.624917984, 13.025100708, 17.3175029755, 50.1282196045, 35.0976142883, 49.287147522, 22.7403011322, 10.4680814743, 3.72514224052, 1.15224540234, 0.037378732115, 0.000550056342036, 2.1692174812e-007, 1.54332691071e-009]
    },
    "gfcc": {
        "mean": [6.9672164917, 97.5008926392, -120.056739807, 15.2062683105, -71.9095001221, 11.1098499298, -49.1773681641, 7.76301622391, -18.9068508148, 9.82473468781, -9.006316185, 1.11009955406, -11.6888284683],
        "cov": [[3261.02490234, -470.912017822, 942.837585449, 191.109451294, -78.881187439, 420.532562256, -59.8231391907, 402.540527344, 56.3247413635, 203.76776123, -147.654434204, 33.0467796326, -198.987487793], [-470.912017822, 709.716918945, -175.395721436, 89.9052810669, 242.524810791, -85.2617721558, 227.975982666, -18.5206718445, 153.63319397, 9.58970069885, 133.753173828, -5.61193180084, 104.557266235], [942.837585449, -175.395721436, 834.25213623, 139.640731812, 186.513076782, 261.881072998, 112.109588623, 297.399047852, 89.2078475952, 236.432952881, -52.0238876343, 64.9219818115, -91.8727264404], [191.109451294, 89.9052810669, 139.640731812, 212.665893555, 127.103813171, 85.3704910278, 46.0785140991, 28.5563278198, 44.4100723267, 6.69293546677, 29.7836437225, 11.3587036133, 9.15276622772], [-78.881187439, 242.524810791, 186.513076782, 127.103813171, 276.528778076, 91.2185974121, 172.279403687, 93.2799606323, 95.2189025879, 95.2896118164, 53.4824752808, 42.2039833069, 36.0680274963], [420.532562256, -85.2617721558, 261.881072998, 85.3704910278, 91.2185974121, 224.173217773, 62.6196517944, 132.941925049, 40.0125312805, 66.831413269, 15.7186555862, 33.0132102966, -10.1091899872], [-59.8231391907, 227.975982666, 112.109588623, 46.0785140991, 172.279403687, 62.6196517944, 214.037475586, 111.331924438, 98.3463516235, 84.7017822266, 42.4221496582, 21.0354423523, 31.9910869598], [402.540527344, -18.5206718445, 297.399047852, 28.5563278198, 93.2799606323, 132.941925049, 111.331924438, 238.559234619, 115.865112305, 132.003479004, 5.01048374176, 25.2252407074, -16.4210205078], [56.3247413635, 153.63319397, 89.2078475952, 44.4100723267, 95.2189025879, 40.0125312805, 98.3463516235, 115.865112305, 158.565353394, 86.1875305176, 55.5931892395, 8.53071594238, 17.3189754486], [203.76776123, 9.58970069885, 236.432952881, 6.69293546677, 95.2896118164, 66.831413269, 84.7017822266, 132.003479004, 86.1875305176, 180.812194824, 37.6829452515, 51.023639679, -2.36260390282], [-147.654434204, 133.753173828, -52.0238876343, 29.7836437225, 53.4824752808, 15.7186555862, 42.4221496582, 5.01048374176, 55.5931892395, 37.6829452515, 127.106246948, 46.9584312439, 54.7177200317], [33.0467796326, -5.61193180084, 64.9219818115, 11.3587036133, 42.2039833069, 33.0132102966, 21.0354423523, 25.2252407074, 8.53071594238, 51.023639679, 46.9584312439, 102.238426208, 46.5321311951], [-198.987487793, 104.557266235, -91.8727264404, 9.15276622772, 36.0680274963, -10.1091899872, 31.9910869598, -16.4210205078, 17.3189754486, -2.36260390282, 54.7177200317, 46.5321311951, 100.301521301]],
        "icov": [[0.000850364682265, -0.00099383702036, -0.000318030477501, -0.00106628320646, 0.00200735940598, -0.00138569623232, 0.000847362098284, -0.00103288760874, 0.000518010172527, -0.000888256705366, 0.00122757605277, -0.00085871462943, 0.000846494804136], [-0.00099383702036, 0.00745878601447, 0.000184119067853, 0.00121038011275, -0.00601465301588, 0.00538298906758, -0.00553311081603, 0.0032950064633, -0.00425241841003, 0.00384319014847, -0.00503561925143, 0.0035532747861, -0.00275567779317], [-0.000318030477501, 0.000184119067853, 0.00545620871708, -0.00221309764311, -0.00160778930876, -0.00143621431198, 0.000669554923661, -0.00289289210923, 0.00152422674, -0.00419730274007, 0.00297136139125, -0.00224842200987, 0.00318307825364], [-0.00106628320646, 0.00121038011275, -0.00221309764311, 0.0112793026492, -0.00708190398291, -0.000290858792141, 0.0010052890284, 0.00403807265684, -0.00384081527591, 0.00598323019221, -0.00368214980699, 0.00221886858344, -0.00179226696491], [0.00200735940598, -0.00601465301588, -0.00160778930876, -0.00708190398291, 0.0187092646956, -0.00600235443562, -0.0030131728854, -0.00080506328959, 0.00227713631466, -0.00616807304323, 0.00538869947195, -0.00440058391541, 0.00148564425763], [-0.00138569623232, 0.00538298906758, -0.00143621431198, -0.000290858792141, -0.00600235443562, 0.0143675515428, -0.00406110379845, -0.00263421959244, 0.00032501318492, 0.00541187636554, -0.00731433881447, 0.00272760307416, -0.00238275201991], [0.000847362098284, -0.00553311081603, 0.000669554923661, 0.0010052890284, -0.0030131728854, -0.00406110379845, 0.0168891716748, -0.00646327529103, 0.00198747240938, -0.00313652330078, 0.00346579472534, -0.000738727045245, 0.000234742852626], [-0.00103288760874, 0.0032950064633, -0.00289289210923, 0.00403807265684, -0.00080506328959, -0.00263421959244, -0.00646327529103, 0.0194792151451, -0.011276178062, -0.000417745875893, 0.000803007860668, 0.00149204453919, -0.0024207495153], [0.000518010172527, -0.00425241841003, 0.00152422674, -0.00384081527591, 0.00227713631466, 0.00032501318492, 0.00198747240938, -0.011276178062, 0.0200440660119, -0.00592901045457, -0.00291616469622, 0.00270415307023, 0.000676750263665], [-0.000888256705366, 0.00384319014847, -0.00419730274007, 0.00598323019221, -0.00616807304323, 0.00541187636554, -0.00313652330078, -0.000417745875893, -0.00592901045457, 0.0195390302688, -0.00782059691846, -0.00164062506519, 4.79466652905e-005], [0.00122757605277, -0.00503561925143, 0.00297136139125, -0.00368214980699, 0.00538869947195, -0.00731433881447, 0.00346579472534, 0.000803007860668, -0.00291616469622, -0.00782059691846, 0.020821204409, -0.00829786993563, -9.63251804933e-005], [-0.00085871462943, 0.0035532747861, -0.00224842200987, 0.00221886858344, -0.00440058391541, 0.00272760307416, -0.000738727045245, 0.00149204453919, 0.00270415307023, -0.00164062506519, -0.00829786993563, 0.0217476617545, -0.0114004025236], [0.000846494804136, -0.00275567779317, 0.00318307825364, -0.00179226696491, 0.00148564425763, -0.00238275201991, 0.000234742852626, -0.0024207495153, 0.000676750263665, 4.79466652905e-005, -9.63251804933e-005, -0.0114004025236, 0.0215811859816]]
    },
    "melbands": {
        "mean": [0.00221168203279, 0.00180519814603, 0.000777745910455, 0.000598100014031, 0.000390068191336, 0.000731042819098, 0.00105520919897, 0.000830212375149, 0.000696584873367, 0.000284326903056, 9.41953258007e-005, 6.34713433101e-005, 9.64379578363e-005, 3.95609968109e-005, 3.63416511391e-005, 4.97169530718e-005, 5.75624799239e-005, 2.37347576331e-005, 1.61373591254e-005, 2.05238084163e-005, 9.67878986557e-006, 1.24258785945e-005, 1.13832593343e-005, 5.41449526281e-006, 3.74969408767e-006, 3.73329817194e-006, 2.59595526586e-006, 2.63793936028e-006, 2.08049959838e-006, 1.48756430463e-006, 1.52084601268e-006, 1.53749715537e-006, 1.41712689583e-006, 2.01335160455e-006, 1.54205872605e-006, 1.84171017281e-006, 2.0208431124e-006, 1.74284139121e-006, 1.11532017399e-006, 1.06584582227e-006],
        "var": [1.81781160791e-005, 1.21384427985e-005, 2.3131776743e-006, 6.74295790759e-007, 2.29012343311e-007, 6.22783375093e-007, 1.77012123004e-006, 2.26948941418e-006, 3.17353737955e-006, 6.04349224886e-007, 4.78670294513e-008, 4.97124030829e-009, 1.10834950107e-008, 1.47700740527e-009, 1.33185384943e-009, 3.01757463461e-009, 4.11306233516e-009, 7.30641269708e-010, 2.10494080499e-010, 4.76113537484e-010, 1.7457536805e-010, 2.3337776156e-010, 3.86342735581e-010, 3.78149560276e-011, 1.26966718389e-011, 1.13249904246e-011, 1.06859902871e-011, 4.22589498117e-011, 1.17798201749e-011, 4.06072354561e-012, 5.27289366684e-012, 7.1257908428e-012, 4.54804379921e-012, 2.64594058469e-011, 1.47650832533e-011, 1.18087362805e-011, 1.97754295578e-011, 1.67290157421e-011, 4.47353959432e-012, 9.09338489924e-012]
    },
    "mfcc": {
        "mean": [-634.319274902, 130.297210693, 2.9474272728, 4.95851516724, -1.00978136063, -1.95711278915, -11.7848587036, -6.41022586823, -8.23001098633, 1.38706123829, 1.26665747166, 5.48399448395, 1.64382219315],
        "cov": [[2149.84521484, -382.51675415, 717.438415527, -61.4857177734, 203.101669312, 32.1940803528, 37.4485206604, 141.030273438, 120.405517578, 143.73500061, 125.607078552, 80.4631652832, 30.16588974], [-382.51675415, 612.187072754, -167.064971924, 191.014587402, -3.70535039902, 78.0058135986, 78.635055542, 53.8330612183, 93.7365646362, 88.1465759277, 90.0855789185, 69.3975982666, 72.5665283203], [717.438415527, -167.064971924, 533.469238281, 27.3880443573, 176.681869507, 63.919178009, 88.1862869263, 86.3968048096, 121.764595032, 121.551399231, 113.363182068, 80.8953018188, 64.321472168], [-61.4857177734, 191.014587402, 27.3880443573, 220.032196045, 75.3726196289, 82.6021881104, 54.855884552, 39.268321991, 66.6367340088, 39.5918540955, 53.309841156, 39.6876029968, 34.8188781738], [203.101669312, -3.70535039902, 176.681869507, 75.3726196289, 178.668701172, 84.6613922119, 69.9137268066, 69.2072601318, 65.732749939, 58.6081352234, 56.0393791199, 58.2886581421, 38.7269096375], [32.1940803528, 78.0058135986, 63.919178009, 82.6021881104, 84.6613922119, 137.279037476, 88.4982376099, 51.8560752869, 44.7930908203, 27.2688083649, 34.268497467, 32.8150177002, 43.524066925], [37.4485206604, 78.635055542, 88.1862869263, 54.855884552, 69.9137268066, 88.4982376099, 146.754745483, 73.892906189, 65.7131958008, 58.3455543518, 45.40026474, 42.6027069092, 41.9989051819], [141.030273438, 53.8330612183, 86.3968048096, 39.268321991, 69.2072601318, 51.8560752869, 73.892906189, 122.072914124, 76.5359802246, 59.2934837341, 49.2064857483, 42.3267860413, 27.8785209656], [120.405517578, 93.7365646362, 121.764595032, 66.6367340088, 65.732749939, 44.7930908203, 65.7131958008, 76.5359802246, 147.291671753, 111.68296814, 82.1169891357, 46.0203475952, 37.4527778625], [143.73500061, 88.1465759277, 121.551399231, 39.5918540955, 58.6081352234, 27.2688083649, 58.3455543518, 59.2934837341, 111.68296814, 165.002243042, 110.068099976, 61.228477478, 29.4419116974], [125.607078552, 90.0855789185, 113.363182068, 53.309841156, 56.0393791199, 34.268497467, 45.40026474, 49.2064857483, 82.1169891357, 110.068099976, 133.784225464, 79.9602127075, 46.7935180664], [80.4631652832, 69.3975982666, 80.8953018188, 39.6876029968, 58.2886581421, 32.8150177002, 42.6027069092, 42.3267860413, 46.0203475952, 61.228477478, 79.9602127075, 103.350952148, 61.8786735535], [30.16588974, 72.5665283203, 64.321472168, 34.8188781738, 38.7269096375, 43.524066925, 41.9989051819, 27.8785209656, 37.4527778625, 29.4419116974, 46.7935180664, 61.8786735535, 105.332092285]],
        "icov": [[0.000972798559815, 0.000131246531964, -0.00136295880657, 0.000197669927729, 0.000222047208808, -0.000240675028181, 0.000800080422778, -0.00097575847758, 0.000401287310524, -0.000246675073868, 1.78549362317e-005, -6.72373716952e-005, 0.000312819320243], [0.000131246531964, 0.0039985999465, 0.00201213685796, -0.00262417807244, 0.00130165915471, -0.00039519710117, -0.000682482321281, -0.000484485935885, -0.000896112760529, -0.00134974939283, -0.000923103885725, -0.000609954062384, -0.0016042139614], [-0.00136295880657, 0.00201213685796, 0.0065984246321, -0.000471559149446, -0.00303061585873, 0.000980626209639, -0.00215540779755, 0.00160546903498, -0.00244995392859, -0.000223220107728, -0.00223573576659, 0.000594281824306, -0.00214819400571], [0.000197669927729, -0.00262417807244, -0.000471559149446, 0.00896787922829, -0.00289234379306, -0.00271252822131, 0.000803673989139, 0.00129852583632, -0.00262546166778, 0.00271473452449, -0.00164048047736, 0.00014777648903, 0.00141158665065], [0.000222047208808, 0.00130165915471, -0.00303061585873, -0.00289234379306, 0.013776389882, -0.00540641183034, 0.0010609155288, -0.0030268735718, 0.000407958548749, -0.00165716779884, 0.00247720489278, -0.00478155957535, 0.0014200481819], [-0.000240675028181, -0.00039519710117, 0.000980626209639, -0.00271252822131, -0.00540641183034, 0.0171105004847, -0.00762284547091, -0.000112978217658, 0.000570770760532, 0.00243213912472, -0.00191345566418, 0.00333093991503, -0.00336359534413], [0.000800080422778, -0.000682482321281, -0.00215540779755, 0.000803673989139, 0.0010609155288, -0.00762284547091, 0.0155006395653, -0.00527460407466, 0.000113748668809, -0.00294507504441, 0.00270437705331, -0.00139161595143, -0.000334293028573], [-0.00097575847758, -0.000484485935885, 0.00160546903498, 0.00129852583632, -0.0030268735718, -0.000112978217658, -0.00527460407466, 0.0168563500047, -0.00671852659434, 0.00182095798664, -0.000129128544359, -0.00248209224083, 0.00140028470196], [0.000401287310524, -0.000896112760529, -0.00244995392859, -0.00262546166778, 0.000407958548749, 0.000570770760532, 0.000113748668809, -0.00671852659434, 0.0204769540578, -0.00984717998654, -0.00065601040842, 0.00423581246287, -0.00251206941903], [-0.000246675073868, -0.00134974939283, -0.000223220107728, 0.00271473452449, -0.00165716779884, 0.00243213912472, -0.00294507504441, 0.00182095798664, -0.00984717998654, 0.0209851861, -0.0116236805916, -0.000293690682156, 0.0035080735106], [1.78549362317e-005, -0.000923103885725, -0.00223573576659, -0.00164048047736, 0.00247720489278, -0.00191345566418, 0.00270437705331, -0.000129128544359, -0.00065601040842, -0.0116236805916, 0.0264336001128, -0.0123637625948, 0.000376562908059], [-6.72373716952e-005, -0.000609954062384, 0.000594281824306, 0.00014777648903, -0.00478155957535, 0.00333093991503, -0.00139161595143, -0.00248209224083, 0.00423581246287, -0.000293690682156, -0.0123637625948, 0.0266738664359, -0.00998017936945], [0.000312819320243, -0.0016042139614, -0.00214819400571, 0.00141158665065, 0.0014200481819, -0.00336359534413, -0.000334293028573, 0.00140028470196, -0.00251206941903, 0.0035080735106, 0.000376562908059, -0.00998017936945, 0.0175933595747]]
    },
    "spectral_contrast_coeffs": {
        "mean": [-0.588322281837, -0.671573162079, -0.730610191822, -0.73439013958, -0.777315139771, -0.778043210506],
        "var": [0.011743308045, 0.00414622249082, 0.00314477365464, 0.00203756475821, 0.00109516177326, 0.000682606827468]
    },
    "spectral_contrast_valleys": {
        "mean": [-7.82708454132, -6.33856248856, -7.37133169174, -7.83514213562, -7.89683818817, -10.0936460495],
        "var": [1.55520737171, 0.593178868294, 0.499187976122, 0.486404746771, 0.500736415386, 0.816277742386]
    }
},
"metadata": {
    "audio_properties": {
        "analysis_sample_rate": 44100,
        "bit_rate": 128074,
        "equal_loudness": 0,
        "length": 45.0612258911,
        "lossless": 0,
        "replay_gain": -4.30193328857,
        "sample_rate": 44100,
        "codec": "mp3",
        "downmix": "mix",
        "md5_encoded": "c90b2725a9c20b1824e2588fdda55f79"
    },
    "tags": {
        "file_name": "1343.mp3"
    },
    "version": {
        "essentia": "2.1-beta2",
        "essentia_git_sha": "v2.1_beta2",
        "extractor": "music 1.0"
    }
},
"rhythm": {
    "beats_count": 99,
    "beats_loudness": {
        "mean": 0.0307543426752,
        "var": 0.00036942269071
    },
    "bpm": 129.808898926,
    "bpm_histogram_first_peak_bpm": {
        "mean": 129,
        "var": 0
    },
    "bpm_histogram_first_peak_spread": {
        "mean": 0.272727251053,
        "var": 0
    },
    "bpm_histogram_first_peak_weight": {
        "mean": 0.489795923233,
        "var": 0
    },
    "bpm_histogram_second_peak_bpm": {
        "mean": 144,
        "var": 0
    },
    "bpm_histogram_second_peak_spread": {
        "mean": 0.399999976158,
        "var": 0
    },
    "bpm_histogram_second_peak_weight": {
        "mean": 0.15306122601,
        "var": 0
    },
    "danceability": 0.989110171795,
    "onset_rate": 3.63785243034,
    "beats_loudness_band_ratio": {
        "mean": [0.311728715897, 0.218446716666, 0.331808507442, 0.109358973801, 0.0406714864075, 0.0489777810872],
        "var": [0.0482740439475, 0.0191388688982, 0.034782461822, 0.0092371692881, 0.000886708730832, 0.00260896421969]
    },
    "beats_position": [0.441179126501, 0.905578196049, 1.35836732388, 1.8111563921, 2.27555561066, 2.73995471001, 3.20435357094, 3.65714287758, 4.1099319458, 4.57433080673, 5.0387301445, 5.50312900543, 5.9675283432, 6.43192720413, 6.8963265419, 7.36072540283, 7.8251247406, 8.27791404724, 8.74231243134, 9.19510173798, 9.65950107574, 10.1239004135, 10.5882987976, 11.0410881042, 11.4938774109, 11.9582767487, 12.4226751328, 12.8870744705, 13.3514738083, 13.8158731461, 14.2802715302, 14.7446708679, 15.2090702057, 15.6734695435, 16.1378688812, 16.602268219, 17.0666656494, 17.5426750183, 18.0419044495, 18.5411338806, 19.0403633118, 19.5395908356, 20.0272102356, 20.5032196045, 20.9676189423, 21.4204082489, 21.8731975555, 22.3375968933, 22.8019943237, 23.2663936615, 23.7307929993, 24.195192337, 24.6595916748, 25.1123809814, 25.5651702881, 26.0295696259, 26.4939670563, 26.9467563629, 27.3995456696, 27.8407249451, 28.2354640961, 28.6534233093, 29.0713825226, 29.4893417358, 29.9537410736, 30.4181404114, 30.8825397491, 31.3469390869, 31.8113365173, 32.2757377625, 32.6936950684, 33.111656189, 33.5296134949, 33.9475746155, 34.3655319214, 34.783493042, 35.1898422241, 35.60779953, 36.0257606506, 36.4437179565, 36.8616790771, 37.3376846313, 37.8020858765, 38.2664833069, 38.730884552, 39.1952819824, 39.6596832275, 40.1124725342, 40.5304298401, 40.9367790222, 41.3431282043, 41.761089325, 42.1674385071, 42.5737876892, 42.9801368713, 43.3864860535, 43.7928352356, 44.1991844177, 44.6055335999]
},
"tonal": {
    "chords_changes_rate": 0.0257201641798,
    "chords_number_rate": 0.00617283955216,
    "chords_strength": {
        "mean": 0.629096448421,
        "var": 0.0100018642843
    },
    "hpcp_entropy": {
        "mean": 2.06698918343,
        "var": 0.303204864264
    },
    "key_strength": 0.644540846348,
    "tuning_diatonic_strength": 0.606555640697,
    "tuning_equal_tempered_deviation": 0.188798695803,
    "tuning_frequency": 434.193115234,
    "tuning_nontempered_energy_ratio": 0.941921293736,
    "hpcp": {
        "mean": [0.255702883005, 0.268632531166, 0.0980336144567, 0.0347456634045, 0.029073888436, 0.0553638413548, 0.195900678635, 0.230220451951, 0.127846375108, 0.187087595463, 0.192057415843, 0.0663215890527, 0.0242356862873, 0.0246548485011, 0.0506570376456, 0.168052911758, 0.187672927976, 0.078966870904, 0.0355308912694, 0.0286475699395, 0.033872988075, 0.0968642905354, 0.159610703588, 0.23334017396, 0.379575759172, 0.324822425842, 0.116261973977, 0.0550367534161, 0.0590718463063, 0.0818428844213, 0.268619656563, 0.333001047373, 0.150776818395, 0.0468330383301, 0.0379933305085, 0.0880600512028],
        "var": [0.0995015650988, 0.105499707162, 0.0210393369198, 0.0158425308764, 0.0125648342073, 0.015754705295, 0.074309669435, 0.0990808531642, 0.0222094226629, 0.0684187188745, 0.0712200403214, 0.0133028151467, 0.00939785968512, 0.0106995869428, 0.0121480859816, 0.0696605816483, 0.0733549147844, 0.0147032029927, 0.00913431216031, 0.00832317676395, 0.00981862004846, 0.0357403084636, 0.0700403898954, 0.0725422725081, 0.131885573268, 0.111849874258, 0.0299345515668, 0.0116851404309, 0.014473317191, 0.0183464568108, 0.0930204689503, 0.128107905388, 0.0474538207054, 0.0189987253398, 0.0163478963077, 0.0282968003303]
    },
    "chords_histogram": [38.0658454895, 4.52674913406, 1.44032919407, 4.11522626877, 37.9629631042, 0, 0, 0, 0, 0, 0, 0, 0, 0, 0, 0, 0, 0.720164597034, 0, 0, 0, 0, 0, 13.1687240601],
    "thpcp": [1, 0.855751216412, 0.30629453063, 0.144995436072, 0.155625969172, 0.215616732836, 0.70768392086, 0.877297997475, 0.397224575281, 0.123382583261, 0.100094199181, 0.231995984912, 0.67365437746, 0.707717835903, 0.258271545172, 0.0915381535888, 0.0765957459807, 0.145857155323, 0.516104280949, 0.606520414352, 0.336813867092, 0.492886036634, 0.505979120731, 0.174725562334, 0.0638494044542, 0.064953699708, 0.133456990123, 0.442738801241, 0.494428128004, 0.208039820194, 0.093606851995, 0.0754726007581, 0.0892390683293, 0.255190938711, 0.420497626066, 0.61473941803],
    "chords_key": "F",
    "chords_scale": "major",
    "key_key": "F",
    "key_scale": "major"
}
}