{
"lowlevel": {
    "average_loudness": 0.952176749706,
    "barkbands_crest": {
        "mean": 15.7211380005,
        "var": 29.6727027893
    },
    "barkbands_flatness_db": {
        "mean": 0.266399413347,
        "var": 0.019113663584
    },
    "barkbands_kurtosis": {
        "mean": 33.6209487915,
        "var": 8729.21484375
    },
    "barkbands_skewness": {
        "mean": 3.3416185379,
        "var": 11.0836954117
    },
    "barkbands_spread": {
        "mean": 18.1048660278,
        "var": 463.753356934
    },
    "dissonance": {
        "mean": 0.448782891035,
        "var": 0.00274873990566
    },
    "dynamic_complexity": 2.46798753738,
    "erbbands_crest": {
        "mean": 11.3945484161,
        "var": 27.6460380554
    },
    "erbbands_flatness_db": {
        "mean": 0.201052099466,
        "var": 0.00803276337683
    },
    "erbbands_kurtosis": {
        "mean": 4.0130815506,
        "var": 99.5132293701
    },
    "erbbands_skewness": {
        "mean": 0.31425267458,
        "var": 2.84246134758
    },
    "erbbands_spread": {
        "mean": 39.7544555664,
        "var": 786.323974609
    },
    "hfc": {
        "mean": 26.466003418,
        "var": 607.711364746
    },
    "melbands_crest": {
        "mean": 21.4722633362,
        "var": 37.7059822083
    },
    "melbands_flatness_db": {
        "mean": 0.37646561861,
        "var": 0.028308859095
    },
    "melbands_kurtosis": {
        "mean": 47.5945205688,
        "var": 4225.70507813
    },
    "melbands_skewness": {
        "mean": 4.52617311478,
        "var": 9.50916862488
    },
    "melbands_spread": {
        "mean": 14.8151168823,
        "var": 403.089294434
    },
    "pitch_salience": {
        "mean": 0.354426145554,
        "var": 0.0271907895803
    },
    "silence_rate_20dB": {
        "mean": 1,
        "var": 0
    },
    "silence_rate_30dB": {
        "mean": 0.733779609203,
        "var": 0.195345804095
    },
    "silence_rate_60dB": {
        "mean": 0.0298661179841,
        "var": 0.0289747063071
    },
    "spectral_centroid": {
        "mean": 1048.1661377,
        "var": 565920.25
    },
    "spectral_complexity": {
        "mean": 13.8841400146,
        "var": 90.1418380737
    },
    "spectral_decrease": {
        "mean": -1.87567241738e-008,
        "var": 1.98053773123e-016
    },
    "spectral_energy": {
        "mean": 0.073192819953,
        "var": 0.00286686373875
    },
    "spectral_energyband_high": {
        "mean": 0.000728580111172,
        "var": 1.83179497526e-006
    },
    "spectral_energyband_low": {
        "mean": 0.0595300197601,
        "var": 0.00286717806011
    },
    "spectral_energyband_middle_high": {
        "mean": 0.00675638625398,
        "var": 0.000110978609882
    },
    "spectral_energyband_middle_low": {
        "mean": 0.00699826749042,
        "var": 8.81650921656e-005
    },
    "spectral_entropy": {
        "mean": 6.84971427917,
        "var": 1.08729231358
    },
    "spectral_flux": {
        "mean": 0.136912554502,
        "var": 0.0051560793072
    },
    "spectral_kurtosis": {
        "mean": 24.3820590973,
        "var": 2406.92675781
    },
    "spectral_rms": {
        "mean": 0.00776956882328,
        "var": 1.10412265713e-005
    },
    "spectral_rolloff": {
        "mean": 1174.09216309,
        "var": 4787773
    },
    "spectral_skewness": {
        "mean": 3.13829851151,
        "var": 7.00703763962
    },
    "spectral_spread": {
        "mean": 4857952,
        "var": 9.73031027507e+012
    },
    "spectral_strongpeak": {
        "mean": 1.00097990036,
        "var": 2.52111935616
    },
    "zerocrossingrate": {
        "mean": 0.0464543551207,
        "var": 0.00283673917875
    },
    "barkbands": {
        "mean": [0.000570117495954, 0.036972284317, 0.0211880598217, 0.00160647183657, 0.00186820561066, 0.00105526379775, 0.00164370390121, 0.000503998540808, 0.000276605103863, 0.000135964044603, 0.000189451937331, 0.000554895261303, 0.000762910349295, 0.00147548271343, 0.00130816246383, 0.00102121604141, 0.000814515748061, 0.000301717896946, 0.000166977624758, 7.93970248196e-005, 6.40640500933e-005, 3.62207429134e-005, 7.08294537617e-005, 0.000206507014809, 0.000250640907325, 6.78983851685e-005, 1.17649233289e-006],
        "var": [9.69326606537e-007, 0.00135211437009, 0.00106255104765, 2.64715054072e-005, 9.76672617981e-006, 3.44771069649e-006, 5.67323922951e-006, 2.16962644117e-006, 4.69782463597e-007, 1.51711361696e-007, 1.49504572278e-007, 2.27865029956e-006, 3.83456517739e-006, 1.50647811097e-005, 1.99202440854e-005, 1.35725849759e-005, 2.996392368e-006, 3.58768772912e-007, 8.06463091862e-008, 2.74994338412e-008, 7.85966562944e-008, 5.58726647171e-008, 2.75620433143e-008, 1.65406405017e-007, 2.50127357049e-007, 1.9734031298e-008, 7.81752614032e-012]
    },
    "erbbands": {
        "mean": [0.808765351772, 9.34872627258, 26.3073253632, 11.548825264, 6.11568689346, 6.19661331177, 5.60728693008, 10.9105052948, 19.6633014679, 21.0486221313, 9.74062156677, 6.50933504105, 5.18861436844, 4.02808570862, 10.3564310074, 22.9059066772, 37.7974662781, 46.840171814, 76.9884414673, 65.4118804932, 57.5684890747, 44.4818496704, 21.254863739, 9.42953205109, 7.53441524506, 3.46994137764, 3.06513524055, 2.005204916, 1.22883701324, 1.73886799812, 2.03669881821, 3.16611886024, 3.92325186729, 2.98109936714, 1.66439521313, 0.490928858519, 0.0988551676273, 0.00927724596113, 0.000259216030827, 9.4648967206e-005],
        "var": [1.00706732273, 82.7398223877, 1350.70202637, 327.479888916, 241.914276123, 94.4414138794, 80.3028030396, 336.187713623, 1300.11035156, 722.886657715, 741.962158203, 308.707458496, 192.178237915, 60.7655258179, 576.97253418, 3521.0859375, 8854.9765625, 7811.59082031, 32852.9375, 30844.2773438, 20979.2226563, 7917.97851563, 1795.67114258, 350.560943604, 165.86126709, 53.65234375, 100.959205627, 112.091514587, 51.3916893005, 33.524105072, 21.2617912292, 35.5890884399, 62.0023918152, 35.3411178589, 11.8427429199, 1.10232412815, 0.0410592854023, 0.000327329937136, 1.83491067673e-007, 3.77514952632e-009]
    },
    "gfcc": {
        "mean": [-45.1107940674, 112.848724365, -78.3003234863, 21.8420639038, -19.1194820404, 21.7115116119, -55.1175117493, 25.664144516, -14.8539686203, 8.30711746216, 3.10346484184, -9.28386592865, -11.1456108093],
        "cov": [[12163.0224609, -3989.33984375, -1897.46350098, 810.793273926, 86.9181594849, 1202.72827148, -2000.77526855, 1542.46264648, -614.581726074, 671.304199219, 21.6748085022, 209.566040039, -440.605651855], [-3989.33984375, 3361.76318359, 1234.45837402, -445.717987061, 832.568908691, -315.061004639, 991.634765625, -566.774841309, 365.029083252, -399.746551514, 104.148506165, -241.29057312, 176.25718689], [-1897.46350098, 1234.45837402, 2424.13964844, 466.902709961, 601.096679688, 166.662277222, 624.994689941, 211.291946411, 38.434677124, -158.433074951, 23.3202438354, -142.347702026, 30.7271957397], [810.793273926, -445.717987061, 466.902709961, 946.010253906, 101.550582886, 183.82661438, 234.581085205, 132.666213989, -1.91957294941, 160.455093384, -85.5676651001, 4.05618858337, 1.28715085983], [86.9181594849, 832.568908691, 601.096679688, 101.550582886, 1160.92919922, 378.290893555, -31.0721702576, 372.718231201, 106.6407547, -24.3792514801, 178.913467407, -161.077758789, 17.3817710876], [1202.72827148, -315.061004639, 166.662277222, 183.82661438, 378.290893555, 454.198364258, -181.974334717, 333.135772705, -22.4406929016, 74.2742004395, 84.7671203613, 4.95447874069, -72.4677352905], [-2000.77526855, 991.634765625, 624.994689941, 234.581085205, -31.0721702576, -181.974334717, 1033.07983398, -518.323730469, 162.414962769, -45.8872451782, -191.047943115, 22.2525863647, 110.705589294], [1542.46264648, -566.774841309, 211.291946411, 132.666213989, 372.718231201, 333.135772705, -518.323730469, 746.620117188, -64.2057876587, 56.4967384338, 191.17817688, -80.8702468872, -75.4528427124], [-614.581726074, 365.029083252, 38.434677124, -1.91957294941, 106.6407547, -22.4406929016, 162.414962769, -64.2057876587, 247.858093262, 9.43278503418, -11.3486299515, 7.41539764404, 33.145942688], [671.304199219, -399.746551514, -158.433074951, 160.455093384, -24.3792514801, 74.2742004395, -45.8872451782, 56.4967384338, 9.43278503418, 224.467056274, 3.93857383728, 37.7675285339, 10.4297819138], [21.6748085022, 104.148506165, 23.3202438354, -85.5676651001, 178.913467407, 84.7671203613, -191.047943115, 191.17817688, -11.3486299515, 3.93857383728, 259.293395996, -41.3796005249, -8.61916923523], [209.566040039, -241.29057312, -142.347702026, 4.05618858337, -161.077758789, 4.95447874069, 22.2525863647, -80.8702468872, 7.41539764404, 37.7675285339, -41.3796005249, 159.342193604, 5.81654071808], [-440.605651855, 176.25718689, 30.7271957397, 1.28715085983, 17.3817710876, -72.4677352905, 110.705589294, -75.4528427124, 33.145942688, 10.4297819138, -8.61916923523, 5.81654071808, 124.828720093]],
        "icov": [[0.000389987893868, -0.000423604098614, 0.000433382811025, -0.000428236206062, 0.000255184742855, -0.000671910820529, 0.000432316766819, -0.000813245133031, 0.000877082697116, -0.000739308830816, 0.000888605776709, -0.00060328503605, 0.000490166945383], [-0.000423604098614, 0.00277156732045, -0.00113601319026, 0.0014353862498, -0.00201879674569, 0.00190557737369, -0.00151389662642, 0.00257282378152, -0.00242357212119, 0.00240821298212, -0.00258837477304, 0.00201481161639, -0.00068894145079], [0.000433382811025, -0.00113601319026, 0.00148905825336, -0.000974076800048, 0.000566989881918, -0.00102529407013, -3.2871725125e-005, -0.00204628542997, 0.00169310858473, -0.000623883795924, 0.00134317972697, -0.00096942280652, 0.000635820673779], [-0.000428236206062, 0.0014353862498, -0.000974076800048, 0.00262597086839, -0.000849134114105, 0.000724234560039, -0.00151557056233, 0.00104478199501, -0.00132411241066, 0.00022709343466, -0.000976827461272, 0.0014372819569, -0.000613094889559], [0.000255184742855, -0.00201879674569, 0.000566989881918, -0.000849134114105, 0.00349723151885, -0.00315829599276, 0.0010050960118, -0.00192587927449, 0.000767679652199, -0.00130494101904, 0.00131286471151, 0.000293938879622, -0.000773382489569], [-0.000671910820529, 0.00190557737369, -0.00102529407013, 0.000724234560039, -0.00315829599276, 0.00735683506355, -0.00139771657996, 0.000812644546386, -0.00152360741049, 0.00105801213067, -0.00239025917836, -0.00084573001368, 0.00181462953333], [0.000432316766819, -0.00151389662642, -3.2871725125e-005, -0.00151557056233, 0.0010050960118, -0.00139771657996, 0.00402244320139, 0.000590819458012, 0.00048303467338, -0.00154119264334, 0.00222249072976, -0.0011244766647, -0.000267968862318], [-0.000813245133031, 0.00257282378152, -0.00204628542997, 0.00104478199501, -0.00192587927449, 0.000812644546386, 0.000590819458012, 0.00714307045564, -0.00331987021491, 0.00237614708021, -0.00389916729182, 0.00330475298688, -0.00121699471492], [0.000877082697116, -0.00242357212119, 0.00169310858473, -0.00132411241066, 0.000767679652199, -0.00152360741049, 0.00048303467338, -0.00331987021491, 0.00805755797774, -0.00320412521251, 0.00303208990954, -0.00307706138119, 0.00116920250002], [-0.000739308830816, 0.00240821298212, -0.000623883795924, 0.00022709343466, -0.00130494101904, 0.00105801213067, -0.00154119264334, 0.00237614708021, -0.00320412521251, 0.00901990290731, -0.00324542238377, 0.00138295139186, -0.00245103612542], [0.000888605776709, -0.00258837477304, 0.00134317972697, -0.000976827461272, 0.00131286471151, -0.00239025917836, 0.00222249072976, -0.00389916729182, 0.00303208990954, -0.00324542238377, 0.00866999942809, -0.00189811398741, 0.000725504243746], [-0.00060328503605, 0.00201481161639, -0.00096942280652, 0.0014372819569, 0.000293938879622, -0.00084573001368, -0.0011244766647, 0.00330475298688, -0.00307706138119, 0.00138295139186, -0.00189811398741, 0.0107788583264, -0.00221939501353], [0.000490166945383, -0.00068894145079, 0.000635820673779, -0.000613094889559, -0.000773382489569, 0.00181462953333, -0.000267968862318, -0.00121699471492, 0.00116920250002, -0.00245103612542, 0.000725504243746, -0.00221939501353, 0.0112747298554]]
    },
    "melbands": {
        "mean": [0.0090086357668, 0.0135210277513, 0.0020441217348, 0.000449216022389, 0.000208740006201, 0.000242073117988, 0.000310871837428, 0.000207253033295, 6.76680356264e-005, 4.0209164581e-005, 2.5340641514e-005, 1.55178659043e-005, 2.75411111943e-005, 4.73325308121e-005, 6.71808011248e-005, 9.43140257732e-005, 9.2401598522e-005, 0.000127522434923, 0.000132168614073, 6.99646334397e-005, 6.29262358416e-005, 5.11542602908e-005, 2.53366342804e-005, 1.23178433569e-005, 7.11326083547e-006, 6.0595270952e-006, 4.10879329138e-006, 1.83348606697e-006, 1.95927464119e-006, 1.68857116023e-006, 1.01027671917e-006, 6.35410401628e-007, 6.82124095874e-007, 1.08788083253e-006, 9.89997715806e-007, 1.50574555846e-006, 2.15024624595e-006, 2.58649697571e-006, 2.92027539217e-006, 2.43745853368e-006],
        "var": [9.43034392549e-005, 0.000222994785872, 1.01669575088e-005, 7.22965296518e-007, 8.64594014161e-008, 1.74277204223e-007, 2.5789324809e-007, 8.58274518123e-008, 3.67564716441e-008, 1.25629053827e-008, 4.66375782437e-009, 1.10071329829e-009, 3.58308205328e-009, 1.36095339442e-008, 3.31583862589e-008, 5.70872060734e-008, 3.73051527447e-008, 1.31304901174e-007, 2.22448321097e-007, 9.4683194618e-008, 1.87216606662e-008, 1.16415055373e-008, 3.32086913524e-009, 5.68588731653e-010, 2.39851527528e-010, 1.13662655676e-010, 6.70291669391e-011, 1.94852068508e-011, 2.32811443734e-011, 1.69925185034e-010, 5.09914437063e-011, 2.30043380178e-011, 8.64763642638e-012, 1.30580329535e-011, 6.76515787834e-012, 6.90077248816e-012, 1.88606560925e-011, 2.78319988584e-011, 3.62449306679e-011, 2.43783292164e-011]
    },
    "mfcc": {
        "mean": [-707.329040527, 155.744537354, 17.2607002258, 11.1885242462, 57.5287361145, -8.46059608459, 11.1543111801, -0.798828542233, -4.09982538223, 14.9062290192, 3.37620425224, 13.5209512711, 4.38256454468],
        "cov": [[11002.7216797, -3073.88427734, -2244.39794922, -694.244934082, 1476.37878418, -903.566894531, 83.1652755737, -203.366424561, -303.488525391, 266.593688965, -71.6700820923, 489.840118408, 51.1142120361], [-3073.88427734, 2885.60888672, 510.49798584, -15.5380954742, 313.562774658, 260.342285156, 253.215759277, 223.968170166, 149.322845459, 3.62540793419, 36.8493766785, -1.73574566841, -56.8865280151], [-2244.39794922, 510.49798584, 1842.16833496, 699.712402344, -186.443511963, 369.983917236, 302.109558105, 299.558502197, 215.346496582, 95.2253265381, 39.5885009766, -160.226211548, 39.188495636], [-694.244934082, -15.5380954742, 699.712402344, 876.589294434, -257.360778809, 451.182006836, 179.662506104, 62.0000724792, 294.153381348, 33.6213722229, 31.5329799652, -24.45337677, 16.6459102631], [1476.37878418, 313.562774658, -186.443511963, -257.360778809, 1957.50500488, -551.024353027, 467.524688721, 224.294967651, -82.0094833374, 483.450775146, -1.18790340424, 291.209564209, 11.9543447495], [-903.566894531, 260.342285156, 369.983917236, 451.182006836, -551.024353027, 845.819702148, 8.04360389709, 76.1609420776, 273.959838867, -173.264144897, 137.24760437, -77.137260437, 41.0619163513], [83.1652755737, 253.215759277, 302.109558105, 179.662506104, 467.524688721, 8.04360389709, 497.997558594, 107.999130249, 42.5207939148, 211.803726196, -50.6793174744, 110.206100464, 28.7706756592], [-203.366424561, 223.968170166, 299.558502197, 62.0000724792, 224.294967651, 76.1609420776, 107.999130249, 296.300842285, 62.1872825623, 69.1994628906, 74.1401519775, -40.9045791626, 37.9053688049], [-303.488525391, 149.322845459, 215.346496582, 294.153381348, -82.0094833374, 273.959838867, 42.5207939148, 62.1872825623, 324.532897949, 14.1130037308, 41.5957679749, 17.2765350342, -9.8830575943], [266.593688965, 3.62540793419, 95.2253265381, 33.6213722229, 483.450775146, -173.264144897, 211.803726196, 69.1994628906, 14.1130037308, 313.510528564, -18.8183727264, 75.0559387207, 54.4225158691], [-71.6700820923, 36.8493766785, 39.5885009766, 31.5329799652, -1.18790340424, 137.24760437, -50.6793174744, 74.1401519775, 41.5957679749, -18.8183727264, 180.05557251, 14.7981786728, 12.0866193771], [489.840118408, -1.73574566841, -160.226211548, -24.45337677, 291.209564209, -77.137260437, 110.206100464, -40.9045791626, 17.2765350342, 75.0559387207, 14.7981786728, 204.607070923, 11.6346292496], [51.1142120361, -56.8865280151, 39.188495636, 16.6459102631, 11.9543447495, 41.0619163513, 28.7706756592, 37.9053688049, -9.8830575943, 54.4225158691, 12.0866193771, 11.6346292496, 142.603118896]],
        "icov": [[0.00022461800836, 0.000240471461439, 0.000220159665332, 3.25703649651e-006, -0.000149322877405, 1.82519797818e-005, -0.000148356193677, -0.000136329341331, -6.14725067862e-005, 0.000153220826178, 3.44027175743e-005, -0.000142876146128, -2.60282631643e-005], [0.000240471461439, 0.000700044678524, 8.1370366388e-005, 0.000311060983222, -0.000262273126282, -0.000203905554372, -0.000334650772857, -0.000241570814978, -0.000253047881415, 0.000321406085277, 0.0001301211596, -0.00015830117627, 0.000208511410165], [0.000220159665332, 8.1370366388e-005, 0.00135483883787, -0.000808765587863, 9.09146910999e-005, 0.000252923055086, -0.000640882586595, -0.000888880866114, 5.35082144779e-005, -2.66343122348e-005, -0.000151478176122, 0.000591032090597, -6.07522888458e-005], [3.25703649651e-006, 0.000311060983222, -0.000808765587863, 0.00286412518471, 0.000122130295495, -0.000910491799004, -0.000621808925644, 0.000680229568388, -0.00143294280861, -0.000445081474027, 0.000126515165903, -8.28319607535e-005, 0.000274007121334], [-0.000149322877405, -0.000262273126282, 9.09146910999e-005, 0.000122130295495, 0.00157530989964, 0.00047007628018, -0.000413246219978, -0.00109209958464, 0.000246945244726, -0.00143167283386, -0.000221185691771, -0.00113852205686, 0.000691038148943], [1.82519797818e-005, -0.000203905554372, 0.000252923055086, -0.000910491799004, 0.00047007628018, 0.003551379079, -0.00140782410745, 0.000219190580538, -0.00187137397006, 0.00210855691694, -0.00236576446332, 0.00116900971625, -0.00171660503838], [-0.000148356193677, -0.000334650772857, -0.000640882586595, -0.000621808925644, -0.000413246219978, -0.00140782410745, 0.00525188678876, -0.0012986472575, 0.00155626051128, -0.0024004986044, 0.00289926747791, -0.00276643875986, 0.000897954800166], [-0.000136329341331, -0.000241570814978, -0.000888880866114, 0.000680229568388, -0.00109209958464, 0.000219190580538, -0.0012986472575, 0.00716098072007, -0.0015903362073, 0.000756346387789, -0.00314284465276, 0.00367137324065, -0.00192767847329], [-6.14725067862e-005, -0.000253047881415, 5.35082144779e-005, -0.00143294280861, 0.000246945244726, -0.00187137397006, 0.00155626051128, -0.0015903362073, 0.00625582691282, -0.00194329768419, 0.00118955352809, -0.00221006991342, 0.00195523141883], [0.000153220826178, 0.000321406085277, -2.66343122348e-005, -0.000445081474027, -0.00143167283386, 0.00210855691694, -0.0024004986044, 0.000756346387789, -0.00194329768419, 0.00824628863484, -0.00109082844574, 0.00124780088663, -0.00336241326295], [3.44027175743e-005, 0.0001301211596, -0.000151478176122, 0.000126515165903, -0.000221185691771, -0.00236576446332, 0.00289926747791, -0.00314284465276, 0.00118955352809, -0.00109082844574, 0.00928568094969, -0.00338075659238, 0.00100419332739], [-0.000142876146128, -0.00015830117627, 0.000591032090597, -8.28319607535e-005, -0.00113852205686, 0.00116900971625, -0.00276643875986, 0.00367137324065, -0.00221006991342, 0.00124780088663, -0.00338075659238, 0.0100525952876, -0.00198660464957], [-2.60282631643e-005, 0.000208511410165, -6.07522888458e-005, 0.000274007121334, 0.000691038148943, -0.00171660503838, 0.000897954800166, -0.00192767847329, 0.00195523141883, -0.00336241326295, 0.00100419332739, -0.00198660464957, 0.00935297273099]]
    },
    "spectral_contrast_coeffs": {
        "mean": [-0.620084166527, -0.720653295517, -0.792530834675, -0.761348307133, -0.712462246418, -0.74561303854],
        "var": [0.00793670397252, 0.00603669928387, 0.00358238304034, 0.00602998118848, 0.0112815573812, 0.00930949766189]
    },
    "spectral_contrast_valleys": {
        "mean": [-7.12276363373, -7.06736421585, -8.10009860992, -8.07283973694, -9.05400657654, -11.7749538422],
        "var": [1.90995085239, 0.843179881573, 1.03340363503, 1.93216300011, 2.81684327126, 3.34219574928]
    }
},
"metadata": {
    "audio_properties": {
        "analysis_sample_rate": 44100,
        "bit_rate": 128074,
        "equal_loudness": 0,
        "length": 45.0612258911,
        "lossless": 0,
        "replay_gain": -1.73855209351,
        "sample_rate": 44100,
        "codec": "mp3",
        "downmix": "mix",
        "md5_encoded": "81f5c00c5f28489d04d2a40b35822ee8"
    },
    "tags": {
        "file_name": "1346.mp3"
    },
    "version": {
        "essentia": "2.1-beta2",
        "essentia_git_sha": "v2.1_beta2",
        "extractor": "music 1.0"
    }
},
"rhythm": {
    "beats_count": 88,
    "beats_loudness": {
        "mean": 0.105805084109,
        "var": 0.00218310486525
    },
    "bpm": 119.726509094,
    "bpm_histogram_first_peak_bpm": {
        "mean": 120,
        "var": 0
    },
    "bpm_histogram_first_peak_spread": {
        "mean": 0.5,
        "var": 0
    },
    "bpm_histogram_first_peak_weight": {
        "mean": 0.425287365913,
        "var": 0
    },
    "bpm_histogram_second_peak_bpm": {
        "mean": 112,
        "var": 0
    },
    "bpm_histogram_second_peak_spread": {
        "mean": 0.538461506367,
        "var": 0
    },
    "bpm_histogram_second_peak_weight": {
        "mean": 0.0689655169845,
        "var": 0
    },
    "danceability": 1.3325779438,
    "onset_rate": 5.19059419632,
    "beats_loudness_band_ratio": {
        "mean": [0.815909743309, 0.0490235090256, 0.0552491880953, 0.0346593372524, 0.0433661490679, 0.0175217818469],
        "var": [0.0629040300846, 0.004142224323, 0.016585605219, 0.00734395347536, 0.00364170433022, 0.00341498130001]
    },
    "beats_position": [0.46439909935, 0.952018141747, 1.45124709606, 1.95047616959, 2.46131515503, 2.97215414047, 3.49460315704, 4.04027223587, 4.57433080673, 5.10838985443, 5.65405893326, 6.17650794983, 6.68734693527, 7.18657588959, 7.6858048439, 8.18503379822, 8.68426322937, 9.19510173798, 9.682721138, 10.1935596466, 10.6927890778, 11.1920175552, 11.6912469864, 12.1904764175, 12.689704895, 13.1889343262, 13.6997728348, 14.1873922348, 14.6982307434, 15.1858501434, 15.696688652, 16.1843090057, 16.6951465607, 17.1827659607, 17.693605423, 18.181224823, 18.6920623779, 19.1912918091, 19.6905212402, 20.1897506714, 20.6889801025, 21.1882076263, 21.6874370575, 22.1866664886, 22.6858959198, 23.1851234436, 23.6843528748, 24.1835823059, 24.6828117371, 25.1936511993, 25.6928787231, 26.1921081543, 26.6913375854, 27.1905670166, 27.6897945404, 28.1890239716, 28.6998634338, 29.1874828339, 29.6983222961, 30.1859397888, 30.6967792511, 31.1843986511, 31.6952381134, 32.1828575134, 32.6936950684, 33.1929244995, 33.6921539307, 34.1913833618, 34.690612793, 35.1782302856, 35.6890678406, 36.1882972717, 36.6875267029, 37.1983680725, 37.7324256897, 38.2664833069, 38.7889328003, 39.3113822937, 39.8222198486, 40.344669342, 40.8787307739, 41.4127883911, 41.9120178223, 42.4228553772, 42.9336967468, 43.4445343018, 43.9553718567, 44.4662132263]
},
"tonal": {
    "chords_changes_rate": 0.140946507454,
    "chords_number_rate": 0.0113168722019,
    "chords_strength": {
        "mean": 0.36419737339,
        "var": 0.0061060632579
    },
    "hpcp_entropy": {
        "mean": 2.15206241608,
        "var": 0.604052782059
    },
    "key_strength": 0.434718996286,
    "tuning_diatonic_strength": 0.386259973049,
    "tuning_equal_tempered_deviation": 0.115649446845,
    "tuning_frequency": 440.254241943,
    "tuning_nontempered_energy_ratio": 0.761165857315,
    "hpcp": {
        "mean": [0.16069227457, 0.160012766719, 0.190327808261, 0.222847804427, 0.169631168246, 0.118841573596, 0.1185240224, 0.107913188636, 0.087674036622, 0.0726531893015, 0.0486762747169, 0.0469330102205, 0.0620924122632, 0.0596208535135, 0.0840174555779, 0.119813673198, 0.111785516143, 0.0914921015501, 0.0740510746837, 0.0487064048648, 0.0337676890194, 0.032032571733, 0.0391455478966, 0.0720261260867, 0.091667868197, 0.0589451901615, 0.0291867498308, 0.0271665714681, 0.0309003666043, 0.0505645684898, 0.0858304947615, 0.111602552235, 0.152737513185, 0.186002120376, 0.158441200852, 0.141975328326],
        "var": [0.0874858275056, 0.0815196037292, 0.0831099972129, 0.111171297729, 0.0744339004159, 0.0618931725621, 0.0645155012608, 0.0586393922567, 0.0399883128703, 0.0350694991648, 0.0169487707317, 0.0170694813132, 0.0226264055818, 0.0215366799384, 0.0409936495125, 0.0693131387234, 0.0618081353605, 0.0448253750801, 0.0337556414306, 0.019570665434, 0.0178004670888, 0.014187338762, 0.0170933697373, 0.0283972285688, 0.0332178287208, 0.0140508916229, 0.00774697959423, 0.00941602420062, 0.0110235456377, 0.0245462525636, 0.0476184524596, 0.0653258040547, 0.0799119994044, 0.102198578417, 0.0739895999432, 0.0768034011126]
    },
    "chords_histogram": [0, 0, 0, 0, 0, 3.60082316399, 0, 0, 1.54320991039, 0, 0, 0, 19.9588470459, 0, 0.308641970158, 5.04115247726, 15.2263374329, 9.87654304504, 2.16049385071, 19.855966568, 0, 1.74897122383, 17.6954727173, 2.98353910446],
    "thpcp": [1, 0.761197388172, 0.533285796642, 0.5318608284, 0.484246134758, 0.393425613642, 0.326021552086, 0.218428328633, 0.210605666041, 0.278631478548, 0.267540693283, 0.377017199993, 0.53764796257, 0.501622676849, 0.410558670759, 0.332294374704, 0.21856354177, 0.151528030634, 0.14374192059, 0.175660461187, 0.323207706213, 0.411347419024, 0.264508724213, 0.130971670151, 0.121906392276, 0.138661295176, 0.22690179944, 0.385152965784, 0.500801682472, 0.685389339924, 0.834659874439, 0.710983872414, 0.637095451355, 0.721085309982, 0.71803611517, 0.854070842266],
    "chords_key": "G#",
    "chords_scale": "minor",
    "key_key": "D",
    "key_scale": "minor"
}
}