{
"lowlevel": {
    "average_loudness": 0.961887478828,
    "barkbands_crest": {
        "mean": 13.2797927856,
        "var": 24.7019062042
    },
    "barkbands_flatness_db": {
        "mean": 0.210575670004,
        "var": 0.00587645033374
    },
    "barkbands_kurtosis": {
        "mean": 7.33830356598,
        "var": 146.405654907
    },
    "barkbands_skewness": {
        "mean": 1.35495102406,
        "var": 1.3708947897
    },
    "barkbands_spread": {
        "mean": 11.2978096008,
        "var": 72.8586044312
    },
    "dissonance": {
        "mean": 0.396952092648,
        "var": 0.00340363755822
    },
    "dynamic_complexity": 1.3914680481,
    "erbbands_crest": {
        "mean": 17.64494133,
        "var": 32.6810798645
    },
    "erbbands_flatness_db": {
        "mean": 0.23657476902,
        "var": 0.00437460793182
    },
    "erbbands_kurtosis": {
        "mean": 6.85959863663,
        "var": 76.9640197754
    },
    "erbbands_skewness": {
        "mean": 1.60634958744,
        "var": 1.67759776115
    },
    "erbbands_spread": {
        "mean": 17.9968414307,
        "var": 146.691299438
    },
    "hfc": {
        "mean": 19.3369235992,
        "var": 189.097427368
    },
    "melbands_crest": {
        "mean": 15.5045509338,
        "var": 23.4727745056
    },
    "melbands_flatness_db": {
        "mean": 0.293563604355,
        "var": 0.00672953994945
    },
    "melbands_kurtosis": {
        "mean": 8.59309673309,
        "var": 145.996246338
    },
    "melbands_skewness": {
        "mean": 1.37707471848,
        "var": 1.4616266489
    },
    "melbands_spread": {
        "mean": 13.1017045975,
        "var": 81.5143890381
    },
    "pitch_salience": {
        "mean": 0.458677262068,
        "var": 0.0111062498763
    },
    "silence_rate_20dB": {
        "mean": 1,
        "var": 0
    },
    "silence_rate_30dB": {
        "mean": 0.999485075474,
        "var": 0.000514665211085
    },
    "silence_rate_60dB": {
        "mean": 0.00154479919001,
        "var": 0.00154241069686
    },
    "spectral_centroid": {
        "mean": 741.693725586,
        "var": 98309.09375
    },
    "spectral_complexity": {
        "mean": 11.6905250549,
        "var": 38.3630180359
    },
    "spectral_decrease": {
        "mean": -8.06480127125e-009,
        "var": 1.93666274805e-017
    },
    "spectral_energy": {
        "mean": 0.0321923196316,
        "var": 0.000306472647935
    },
    "spectral_energyband_high": {
        "mean": 0.000263219495537,
        "var": 3.31809616227e-007
    },
    "spectral_energyband_low": {
        "mean": 0.00702495733276,
        "var": 7.94948500698e-005
    },
    "spectral_energyband_middle_high": {
        "mean": 0.00428322143853,
        "var": 3.83540282201e-005
    },
    "spectral_energyband_middle_low": {
        "mean": 0.0215955749154,
        "var": 0.000132509769173
    },
    "spectral_entropy": {
        "mean": 6.6297712326,
        "var": 0.473213374615
    },
    "spectral_flux": {
        "mean": 0.0746403038502,
        "var": 0.00179106928408
    },
    "spectral_kurtosis": {
        "mean": 15.7567234039,
        "var": 746.437561035
    },
    "spectral_rms": {
        "mean": 0.00541093712673,
        "var": 2.12889449358e-006
    },
    "spectral_rolloff": {
        "mean": 864.729675293,
        "var": 598833.9375
    },
    "spectral_skewness": {
        "mean": 2.71544599533,
        "var": 2.67319417
    },
    "spectral_spread": {
        "mean": 3847487,
        "var": 5.15750022349e+012
    },
    "spectral_strongpeak": {
        "mean": 2.13575291634,
        "var": 1.64901924133
    },
    "zerocrossingrate": {
        "mean": 0.0386647358537,
        "var": 0.00069526291918
    },
    "barkbands": {
        "mean": [0.000375716888811, 0.0019667330198, 0.00376985408366, 0.00208687316626, 0.00178766297176, 0.00322086317465, 0.00559073220938, 0.00593611318618, 0.00284069916233, 0.00099203560967, 0.000464080600068, 0.000561657827348, 0.000540554174222, 0.000493674830068, 0.000547094969079, 0.000128597210278, 0.000255950842984, 0.000269441137789, 7.99327681307e-005, 3.84699487768e-005, 3.26916451741e-005, 2.85529986286e-005, 2.85000951408e-005, 4.19192838308e-005, 5.43565111002e-005, 4.74225234939e-005, 1.21547027447e-005],
        "var": [6.86286227847e-007, 2.62727826339e-005, 2.45462524617e-005, 6.71584075462e-006, 6.4720093178e-006, 3.84724226024e-005, 5.07390759594e-005, 6.64476901875e-005, 3.10644390993e-005, 1.29710160763e-005, 1.05698381958e-006, 1.7840129658e-006, 1.65017149811e-006, 1.52008169607e-006, 5.52574647372e-006, 5.51345280542e-008, 9.97180109152e-007, 9.01904229522e-007, 5.71852538656e-008, 5.46707301652e-009, 2.8295703558e-009, 2.42407693918e-009, 7.9879303172e-009, 1.44790561762e-008, 2.5840758866e-008, 2.19840927684e-008, 3.29384963749e-009]
    },
    "erbbands": {
        "mean": [0.0545108690858, 0.509603440762, 3.57661104202, 6.05527305603, 6.04720878601, 6.89142131805, 12.7377300262, 31.3650169373, 46.5459327698, 96.7358016968, 171.793136597, 57.598487854, 38.749256134, 25.3913860321, 15.8536014557, 23.2248477936, 25.0473632813, 27.972486496, 19.2304973602, 25.5866527557, 9.3466501236, 14.4214382172, 15.7285270691, 6.76549720764, 3.93802714348, 1.73359024525, 1.44417047501, 1.15628254414, 1.05337119102, 0.882133126259, 0.825019299984, 0.81677120924, 0.702462553978, 0.338476449251, 0.407916486263, 0.245562270284, 0.0757000669837, 0.0415362082422, 0.000903267704416, 5.71718956053e-005],
        "var": [0.0278185699135, 1.26119911671, 22.9746894836, 42.8476486206, 63.9119338989, 187.972808838, 611.434509277, 4515.36523438, 2715.50756836, 16417.7558594, 49727.7109375, 6359.2109375, 10829.8261719, 3143.82543945, 2123.87890625, 2656.20385742, 2949.56713867, 4351.50732422, 2621.34960938, 13611.5556641, 396.377319336, 2789.2019043, 3293.59545898, 471.903991699, 118.46219635, 11.0643987656, 5.80143642426, 3.73270320892, 2.78842997551, 5.94776725769, 7.9735417366, 7.45922660828, 3.57145619392, 0.92282640934, 1.69445765018, 0.571113049984, 0.0661722645164, 0.0297486428171, 1.29009640659e-005, 5.80594194943e-009]
    },
    "gfcc": {
        "mean": [-34.8927383423, 123.590896606, -102.832649231, 8.51151943207, -61.8847465515, -2.86059570313, -38.3120994568, 9.37837791443, -13.5691614151, 2.67833209038, -17.4565467834, -7.30935192108, -19.6542797089],
        "cov": [[5493.81835938, -1941.94824219, -256.459625244, 411.535461426, 48.7976837158, 692.039978027, 293.238586426, 707.421691895, -204.711334229, 461.978820801, -269.911712646, 152.608627319, -387.870056152], [-1941.94824219, 1986.57373047, -335.323669434, -93.3953170776, 179.501785278, -423.818237305, -15.1882505417, -383.538513184, 277.76083374, -344.829589844, 82.2877578735, -297.996765137, 162.566055298], [-256.459625244, -335.323669434, 748.114990234, -147.060546875, -84.7747879028, 190.043807983, -44.0071334839, 4.21409797668, -103.100158691, 22.441028595, -22.2504692078, 97.2971725464, -5.62433338165], [411.535461426, -93.3953170776, -147.060546875, 466.247589111, -29.2080631256, -35.6357574463, 131.438934326, 85.361656189, 89.9355926514, 42.8499679565, -44.8427314758, -56.8483200073, -32.8913612366], [48.7976837158, 179.501785278, -84.7747879028, -29.2080631256, 270.705505371, 83.2831802368, -17.8037834167, -38.9947814941, -9.7875623703, -31.4235877991, -34.8502006531, -48.7206687927, -4.13554763794], [692.039978027, -423.818237305, 190.043807983, -35.6357574463, 83.2831802368, 411.921264648, 74.8000946045, 93.8770599365, -113.547538757, 73.9995346069, -95.1847915649, 20.6546974182, -86.7348709106], [293.238586426, -15.1882505417, -44.0071334839, 131.438934326, -17.8037834167, 74.8000946045, 276.260559082, 116.450294495, 43.619140625, 32.6658821106, -43.4269714355, -25.9533061981, -31.2249488831], [707.421691895, -383.538513184, 4.21409797668, 85.361656189, -38.9947814941, 93.8770599365, 116.450294495, 275.59564209, 17.8160533905, 91.6676559448, -55.0811233521, 31.9782981873, -70.1880264282], [-204.711334229, 277.76083374, -103.100158691, 89.9355926514, -9.7875623703, -113.547538757, 43.619140625, 17.8160533905, 197.122650146, 4.50878238678, -16.4172458649, -96.4874343872, 12.8806295395], [461.978820801, -344.829589844, 22.441028595, 42.8499679565, -31.4235877991, 73.9995346069, 32.6658821106, 91.6676559448, 4.50878238678, 184.630187988, 29.1191635132, 48.4261054993, -52.4874076843], [-269.911712646, 82.2877578735, -22.2504692078, -44.8427314758, -34.8502006531, -95.1847915649, -43.4269714355, -55.0811233521, -16.4172458649, 29.1191635132, 167.210372925, 103.289916992, 40.5065231323], [152.608627319, -297.996765137, 97.2971725464, -56.8483200073, -48.7206687927, 20.6546974182, -25.9533061981, 31.9782981873, -96.4874343872, 48.4261054993, 103.289916992, 229.252471924, 53.3818855286], [-387.870056152, 162.566055298, -5.62433338165, -32.8913612366, -4.13554763794, -86.7348709106, -31.2249488831, -70.1880264282, 12.8806295395, -52.4874076843, 40.5065231323, 53.3818855286, 135.627761841]],
        "icov": [[0.000509873090778, 6.41561273369e-005, 0.000427929859143, -0.00023336551385, -3.72888462152e-005, -0.000370338442735, 0.000113007823529, -0.000515843275934, 0.000293334276648, -0.000556119251996, 0.000801830145065, -0.000654320465401, 0.000638476223685], [6.41561273369e-005, 0.00262244488113, 7.66179146012e-005, 0.0007370718522, -0.00134471070487, 0.000540009466931, -0.00141996075399, 0.00144741020631, -0.00251865922473, 0.00334381312132, -0.00313738710247, 0.002607956063, -0.00060766201932], [0.000427929859143, 7.66179146012e-005, 0.00228265393525, 0.000212748083868, 0.000969661050476, -0.00143026071601, 0.000435156893218, -4.70701115773e-006, -3.47670575138e-005, -0.000274355174042, 0.00127400574274, -0.00137488252949, 0.000548645621166], [-0.00023336551385, 0.0007370718522, 0.000212748083868, 0.00323190260679, -0.000164930301253, 0.000821070570964, -0.00155066070147, 0.000668493157718, -0.00150624848902, 0.000603628577664, -0.000359600118827, 0.000872612465173, -0.000108658037789], [-3.72888462152e-005, -0.00134471070487, 0.000969661050476, -0.000164930301253, 0.00570158846676, -0.00242991559207, 0.00140213267878, -0.000157683491125, 0.000890946947038, -0.000897532620002, 0.00148804171477, -0.000606961431913, -0.000270998862106], [-0.000370338442735, 0.000540009466931, -0.00143026071601, 0.000821070570964, -0.00242991559207, 0.00650605373085, -0.00213258131407, 0.000731552776415, 0.00202888553031, -0.00124411855359, 0.00205550529063, 0.000267465336947, 0.00101430271752], [0.000113007823529, -0.00141996075399, 0.000435156893218, -0.00155066070147, 0.00140213267878, -0.00213258131407, 0.00623860489577, -0.00282497983426, 0.000450211256975, -0.00123903946951, 0.00117280567065, -0.000933998671826, -0.000184453121619], [-0.000515843275934, 0.00144741020631, -4.70701115773e-006, 0.000668493157718, -0.000157683491125, 0.000731552776415, -0.00282497983426, 0.00886755529791, -0.00381861836649, 0.00077221513493, 0.00151226017624, -0.00228902418166, 0.0024642481003], [0.000293334276648, -0.00251865922473, -3.47670575138e-005, -0.00150624848902, 0.000890946947038, 0.00202888553031, 0.000450211256975, -0.00381861836649, 0.0130576193333, -0.00621477980167, 0.00266888318583, 0.00299144303426, -0.00267645716667], [-0.000556119251996, 0.00334381312132, -0.000274355174042, 0.000603628577664, -0.000897532620002, -0.00124411855359, -0.00123903946951, 0.00077221513493, -0.00621477980167, 0.0144061902538, -0.00835843291134, 0.00240390119143, 0.0015435613459], [0.000801830145065, -0.00313738710247, 0.00127400574274, -0.000359600118827, 0.00148804171477, 0.00205550529063, 0.00117280567065, 0.00151226017624, 0.00266888318583, -0.00835843291134, 0.0193068236113, -0.0118976356462, 0.00386022776365], [-0.000654320465401, 0.002607956063, -0.00137488252949, 0.000872612465173, -0.000606961431913, 0.000267465336947, -0.000933998671826, -0.00228902418166, 0.00299144303426, 0.00240390119143, -0.0118976356462, 0.0171737205237, -0.00864952988923], [0.000638476223685, -0.00060766201932, 0.000548645621166, -0.000108658037789, -0.000270998862106, 0.00101430271752, -0.000184453121619, 0.0024642481003, -0.00267645716667, 0.0015435613459, 0.00386022776365, -0.00864952988923, 0.0149000063539]]
    },
    "melbands": {
        "mean": [0.00053314154502, 0.00146387587301, 0.00110797653906, 0.00043232308235, 0.00040655664634, 0.000649221474305, 0.000916197837796, 0.0010094299214, 0.00139302993193, 0.000295957637718, 0.000196292690816, 0.000112893016194, 5.66581838939e-005, 4.19332063757e-005, 7.48611273593e-005, 6.22153893346e-005, 4.72771571367e-005, 2.60313918261e-005, 4.96322500112e-005, 1.52811699081e-005, 1.06368124762e-005, 1.66719364643e-005, 1.0344070688e-005, 1.46236880028e-005, 4.46701233159e-006, 3.14964472636e-006, 1.96542328013e-006, 9.8435543805e-007, 8.92185028079e-007, 8.60837360506e-007, 5.79888649099e-007, 6.06714763762e-007, 5.2327021649e-007, 4.62839210513e-007, 4.3643822778e-007, 5.54004657261e-007, 4.90068714498e-007, 6.07194579061e-007, 2.81861474605e-007, 2.75497740176e-007],
        "var": [2.16541411646e-006, 3.93629534301e-006, 1.43844590639e-006, 4.02908284514e-007, 4.59198616909e-007, 1.84654186342e-006, 1.11280996862e-006, 1.61323976045e-006, 3.32312652063e-006, 2.48419695481e-007, 3.19315802244e-007, 8.79075585658e-008, 1.99289136305e-008, 1.09751168154e-008, 3.70819925877e-008, 2.46339411092e-008, 1.31826656258e-008, 6.75372735515e-009, 5.43735545477e-008, 1.98295357912e-009, 9.95139637361e-010, 4.42379866072e-009, 1.08283249034e-009, 2.85272361289e-009, 2.77475070698e-010, 9.43662578634e-011, 2.24649136099e-011, 3.97690907983e-012, 2.56771860718e-012, 2.31392812897e-012, 1.07958368807e-012, 9.91729051311e-013, 1.01627267799e-012, 2.28011923578e-012, 2.6152756176e-012, 4.79916236959e-012, 2.05446510498e-012, 3.24971148082e-012, 5.22913635136e-013, 7.24953192095e-013]
    },
    "mfcc": {
        "mean": [-691.736572266, 160.960586548, 12.3651447296, 15.9585809708, -4.0843501091, -5.87004137039, -12.1270599365, -2.01338481903, -1.67262792587, 3.98248291016, 6.28536844254, 2.98946213722, -2.95469665527],
        "cov": [[4681.43505859, -1314.9407959, -534.9375, 43.0135421753, 52.7400932312, 86.7052078247, 414.806335449, 375.41217041, 256.301574707, 408.245849609, 328.636291504, 86.7971191406, 3.88597154617], [-1314.9407959, 1425.13757324, -235.211456299, 12.3072595596, 19.6043663025, -23.2397727966, -220.869628906, -147.627838135, -2.97184252739, -103.716651917, -103.044197083, -19.8529949188, 5.76001787186], [-534.9375, -235.211456299, 673.195922852, -84.5462036133, -29.0901088715, 39.4601478577, 53.0886650085, 18.5911598206, -29.8412780762, -33.0771827698, -37.5778617859, -25.5116386414, 21.4216098785], [43.0135421753, 12.3072595596, -84.5462036133, 376.004699707, -56.2866516113, -28.0144004822, -66.952255249, 6.32059240341, 53.6863250732, 90.4390106201, 48.583820343, -4.10289144516, 31.0480690002], [52.7400932312, 19.6043663025, -29.0901088715, -56.2866516113, 202.432723999, 56.0488624573, 9.597448349, -13.9923849106, -7.12625694275, -24.0070915222, -30.3412647247, -14.432220459, -30.1957530975], [86.7052078247, -23.2397727966, 39.4601478577, -28.0144004822, 56.0488624573, 163.250411987, 99.4661331177, 20.6931171417, 20.7015552521, 29.5062026978, 0.25547721982, -29.8404922485, -20.7797031403], [414.806335449, -220.869628906, 53.0886650085, -66.952255249, 9.597448349, 99.4661331177, 248.414550781, 114.611915588, 17.0596427917, 27.94439888, 29.924659729, -3.93136548996, -19.7642250061], [375.41217041, -147.627838135, 18.5911598206, 6.32059240341, -13.9923849106, 20.6931171417, 114.611915588, 165.358978271, 80.2798461914, 52.4547920227, 39.3879737854, -4.19889307022, -14.5689229965], [256.301574707, -2.97184252739, -29.8412780762, 53.6863250732, -7.12625694275, 20.7015552521, 17.0596427917, 80.2798461914, 177.999237061, 128.357635498, 30.8236560822, -3.2709569931, 4.80709695816], [408.245849609, -103.716651917, -33.0771827698, 90.4390106201, -24.0070915222, 29.5062026978, 27.94439888, 52.4547920227, 128.357635498, 227.424026489, 89.3737258911, -12.5685768127, -1.72837376595], [328.636291504, -103.044197083, -37.5778617859, 48.583820343, -30.3412647247, 0.25547721982, 29.924659729, 39.3879737854, 30.8236560822, 89.3737258911, 148.719116211, 57.1642494202, -11.5331363678], [86.7971191406, -19.8529949188, -25.5116386414, -4.10289144516, -14.432220459, -29.8404922485, -3.93136548996, -4.19889307022, -3.2709569931, -12.5685768127, 57.1642494202, 158.881347656, 59.448059082], [3.88597154617, 5.76001787186, 21.4216098785, 31.0480690002, -30.1957530975, -20.7797031403, -19.7642250061, -14.5689229965, 4.80709695816, -1.72837376595, -11.5331363678, 59.448059082, 173.51109314]],
        "icov": [[0.000542863155715, 0.000449714949355, 0.000594516401179, 0.000173356325831, -0.000238359003561, 5.34146929567e-005, -0.000313128810376, -0.000433758221334, -0.000158070717589, -0.000375346513465, -0.000456175563158, 6.91985333106e-005, -0.000292068667477], [0.000449714949355, 0.00134466029704, 0.000826956005767, 0.000214415151277, 1.83730935532e-005, -0.000498383364175, 0.000502191192936, 8.97694189916e-005, -0.000786852964666, 0.000331310206093, -0.000144384030136, 0.000125743361423, -0.000214500701986], [0.000594516401179, 0.000826956005767, 0.00240917666815, 0.000569703115616, 0.000283016997855, -0.000642430211883, -4.54949476989e-005, -0.000731241365429, 2.6262639949e-005, -0.000245808187174, -8.8858192612e-005, 0.000322461361066, -0.000653975235764], [0.000173356325831, 0.000214415151277, 0.000569703115616, 0.00352754304186, 0.000639478035737, -0.000343322375556, 0.0013629081659, -0.000766924757045, -1.25557949104e-006, -0.00102945184335, -0.000892065698281, 0.0006808777689, -0.000854328856803], [-0.000238359003561, 1.83730935532e-005, 0.000283016997855, 0.000639478035737, 0.00634518126026, -0.00279800477438, 0.00115840288345, 0.000204324242077, -0.000101110053947, 0.000538889551535, 0.00142465450335, -0.000597134698182, 0.00108106876723], [5.34146929567e-005, -0.000498383364175, -0.000642430211883, -0.000343322375556, -0.00279800477438, 0.0109886247665, -0.00602805567905, 0.00336672458798, -0.00178685318679, -0.000678153650369, -0.000653669587336, 0.00169024791103, 1.40259453474e-006], [-0.000313128810376, 0.000502191192936, -4.54949476989e-005, 0.0013629081659, 0.00115840288345, -0.00602805567905, 0.0107649108395, -0.00705360248685, 0.00334262824617, -0.000754920765758, 0.000678540905938, -0.000974392867647, 0.000144519886817], [-0.000433758221334, 8.97694189916e-005, -0.000731241365429, -0.000766924757045, 0.000204324242077, 0.00336672458798, -0.00705360248685, 0.0151415821165, -0.0079148998484, 0.00359142734669, -0.00264834356494, 0.00184103602078, 0.000589164090343], [-0.000158070717589, -0.000786852964666, 2.6262639949e-005, -1.25557949104e-006, -0.000101110053947, -0.00178685318679, 0.00334262824617, -0.0079148998484, 0.0146283982322, -0.00848284736276, 0.00422219932079, -0.0024167150259, 0.000130107073346], [-0.000375346513465, 0.000331310206093, -0.000245808187174, -0.00102945184335, 0.000538889551535, -0.000678153650369, -0.000754920765758, 0.00359142734669, -0.00848284736276, 0.0126288440078, -0.00670593744144, 0.00376512459479, -0.000934828654863], [-0.000456175563158, -0.000144384030136, -8.8858192612e-005, -0.000892065698281, 0.00142465450335, -0.000653669587336, 0.000678540905938, -0.00264834356494, 0.00422219932079, -0.00670593744144, 0.0148230846971, -0.00689148204401, 0.00337282475084], [6.91985333106e-005, 0.000125743361423, 0.000322461361066, 0.0006808777689, -0.000597134698182, 0.00169024791103, -0.000974392867647, 0.00184103602078, -0.0024167150259, 0.00376512459479, -0.00689148204401, 0.0108951022848, -0.00411174446344], [-0.000292068667477, -0.000214500701986, -0.000653975235764, -0.000854328856803, 0.00108106876723, 1.40259453474e-006, 0.000144519886817, 0.000589164090343, 0.000130107073346, -0.000934828654863, 0.00337282475084, -0.00411174446344, 0.00788486097008]]
    },
    "spectral_contrast_coeffs": {
        "mean": [-0.60764169693, -0.602963387966, -0.749748826027, -0.742051303387, -0.736829340458, -0.758960008621],
        "var": [0.00658182846382, 0.00735919037834, 0.00545113254339, 0.00526252109557, 0.00446099881083, 0.00286979787052]
    },
    "spectral_contrast_valleys": {
        "mean": [-7.5325551033, -6.70994997025, -7.66192483902, -8.40813827515, -8.93252468109, -11.3226900101],
        "var": [0.900195240974, 0.66239386797, 0.829510331154, 0.915754258633, 1.52038645744, 1.77946674824]
    }
},
"metadata": {
    "audio_properties": {
        "analysis_sample_rate": 44100,
        "bit_rate": 128074,
        "equal_loudness": 0,
        "length": 45.0612258911,
        "lossless": 0,
        "replay_gain": -4.37083053589,
        "sample_rate": 44100,
        "codec": "mp3",
        "downmix": "mix",
        "md5_encoded": "bac6afa13ab2a9c6f3ca913c59c9ebc5"
    },
    "tags": {
        "file_name": "1347.mp3"
    },
    "version": {
        "essentia": "2.1-beta2",
        "essentia_git_sha": "v2.1_beta2",
        "extractor": "music 1.0"
    }
},
"rhythm": {
    "beats_count": 90,
    "beats_loudness": {
        "mean": 0.0479327775538,
        "var": 0.000358403602149
    },
    "bpm": 120.068840027,
    "bpm_histogram_first_peak_bpm": {
        "mean": 120,
        "var": 0
    },
    "bpm_histogram_first_peak_spread": {
        "mean": 0.209302335978,
        "var": 0
    },
    "bpm_histogram_first_peak_weight": {
        "mean": 0.764044940472,
        "var": 0
    },
    "bpm_histogram_second_peak_bpm": {
        "mean": 133,
        "var": 0
    },
    "bpm_histogram_second_peak_spread": {
        "mean": 0,
        "var": 0
    },
    "bpm_histogram_second_peak_weight": {
        "mean": 0.0224719103426,
        "var": 0
    },
    "danceability": 1.15298914909,
    "onset_rate": 3.14984798431,
    "beats_loudness_band_ratio": {
        "mean": [0.19978953898, 0.159832715988, 0.519891679287, 0.0938182398677, 0.0268129799515, 0.0130113195628],
        "var": [0.0182910505682, 0.0543563887477, 0.0651121661067, 0.0177476052195, 0.00128095701803, 0.000352620962076]
    },
    "beats_position": [0.429569154978, 0.882358253002, 1.33514738083, 1.8111563921, 2.29877543449, 2.79800438881, 3.29723358154, 3.79646253586, 4.29569149017, 4.79492044449, 5.2941493988, 5.79337835312, 6.29260778427, 6.80344676971, 7.2910656929, 7.79029464722, 8.28952407837, 8.80036258698, 9.29959201813, 9.79882049561, 10.2980499268, 10.7972784042, 11.2965078354, 11.7957363129, 12.294965744, 12.7941951752, 13.2934236526, 13.7926530838, 14.2918815613, 14.7911109924, 15.2903394699, 15.7895689011, 16.2887973785, 16.7880268097, 17.2872562408, 17.786485672, 18.2973232269, 18.8081626892, 19.3073921204, 19.8066215515, 20.3058490753, 20.8050785065, 21.3043079376, 21.8035373688, 22.3027667999, 22.8019943237, 23.3012237549, 23.800453186, 24.2996826172, 24.7989120483, 25.2981395721, 25.7973690033, 26.2965984344, 26.7958278656, 27.2950553894, 27.7942848206, 28.2935142517, 28.7927436829, 29.3035831451, 29.8028106689, 30.3020401001, 30.8012695313, 31.3121089935, 31.8113365173, 32.3105659485, 32.8097953796, 33.3090248108, 33.8082542419, 34.2958717346, 34.8067131042, 35.3059387207, 35.8051681519, 36.304397583, 36.8036270142, 37.3028564453, 37.8020858765, 38.3013153076, 38.8005447388, 39.3113822937, 39.7989997864, 40.309841156, 40.8090705872, 41.2966880798, 41.795917511, 42.2951469421, 42.7943763733, 43.3052139282, 43.7928352356, 44.3036727905, 44.7912902832]
},
"tonal": {
    "chords_changes_rate": 0.042181070894,
    "chords_number_rate": 0.0113168722019,
    "chords_strength": {
        "mean": 0.570288717747,
        "var": 0.0123757505789
    },
    "hpcp_entropy": {
        "mean": 1.45840263367,
        "var": 0.359048008919
    },
    "key_strength": 0.764507174492,
    "tuning_diatonic_strength": 0.629746854305,
    "tuning_equal_tempered_deviation": 0.077843606472,
    "tuning_frequency": 441.782684326,
    "tuning_nontempered_energy_ratio": 0.748275399208,
    "hpcp": {
        "mean": [0.0473001971841, 0.107606776059, 0.388519138098, 0.471021682024, 0.196987122297, 0.0808953866363, 0.104142107069, 0.0735012516379, 0.0296471286565, 0.0401281006634, 0.0538123995066, 0.0339655503631, 0.0200542658567, 0.0598964057863, 0.23512583971, 0.338213980198, 0.192777872086, 0.13880521059, 0.184985846281, 0.101715959609, 0.0199165847152, 0.0171510130167, 0.0673442929983, 0.14232249558, 0.129664242268, 0.0696938708425, 0.11959066987, 0.156364902854, 0.0756653696299, 0.0188403557986, 0.0111431283876, 0.0141115253791, 0.0439143329859, 0.0571974664927, 0.0307120960206, 0.0298704504967],
        "var": [0.0222301576287, 0.0266806390136, 0.124235846102, 0.163634091616, 0.0454883240163, 0.0233087912202, 0.0690282955766, 0.0307755265385, 0.00813435483724, 0.00923906639218, 0.0240519884974, 0.00687391217798, 0.00342270475812, 0.0153693910688, 0.095705717802, 0.180118054152, 0.0549994111061, 0.0519552528858, 0.122234910727, 0.0363041013479, 0.00320439063944, 0.00113827025052, 0.0126748299226, 0.0506197027862, 0.0474324189126, 0.0156570915133, 0.0511245541275, 0.0947189554572, 0.0216100402176, 0.00248033110984, 0.000844255730044, 0.000788828299847, 0.0196519978344, 0.0373970717192, 0.00681176688522, 0.00811859220266]
    },
    "chords_histogram": [0.925925910473, 1.13168728352, 1.74897122383, 0, 0, 3.29218101501, 12.0370368958, 5.76131677628, 0, 2.98353910446, 0, 0, 0, 2.88065838814, 23.8683128357, 0, 7.09876537323, 0, 0, 0, 0, 7.61316871643, 0, 30.6584358215],
    "thpcp": [1, 0.41821244359, 0.171744510531, 0.221098333597, 0.156046435237, 0.0629421770573, 0.0851937457919, 0.114246122539, 0.0721103772521, 0.0425761006773, 0.127162739635, 0.499182611704, 0.718043327332, 0.409276008606, 0.294689655304, 0.392733186483, 0.215947508812, 0.042283795774, 0.0364123657346, 0.142974928021, 0.302156984806, 0.275282949209, 0.147963196039, 0.253896325827, 0.3319696486, 0.160640954971, 0.0399989150465, 0.0236573573202, 0.0299593973905, 0.0932320803404, 0.121432766318, 0.0652031451464, 0.0634162947536, 0.100420422852, 0.228453978896, 0.824843406677],
    "chords_key": "A#",
    "chords_scale": "major",
    "key_key": "D",
    "key_scale": "minor"
}
}