{
"lowlevel": {
    "average_loudness": 0.977158248425,
    "barkbands_crest": {
        "mean": 9.65382099152,
        "var": 12.0876321793
    },
    "barkbands_flatness_db": {
        "mean": 0.0912970229983,
        "var": 0.00114304188173
    },
    "barkbands_kurtosis": {
        "mean": 3.27064013481,
        "var": 66.9114379883
    },
    "barkbands_skewness": {
        "mean": 1.76659166813,
        "var": 0.936263978481
    },
    "barkbands_spread": {
        "mean": 32.6059341431,
        "var": 127.576210022
    },
    "dissonance": {
        "mean": 0.484942287207,
        "var": 0.000118847623526
    },
    "dynamic_complexity": 1.47131729126,
    "erbbands_crest": {
        "mean": 5.26793813705,
        "var": 3.58829689026
    },
    "erbbands_flatness_db": {
        "mean": 0.0972174853086,
        "var": 0.000269068201305
    },
    "erbbands_kurtosis": {
        "mean": -0.434479087591,
        "var": 0.493632137775
    },
    "erbbands_skewness": {
        "mean": -0.431736886501,
        "var": 0.195724457502
    },
    "erbbands_spread": {
        "mean": 55.3447036743,
        "var": 149.361923218
    },
    "hfc": {
        "mean": 31.3604393005,
        "var": 186.866119385
    },
    "melbands_crest": {
        "mean": 16.6466674805,
        "var": 22.244102478
    },
    "melbands_flatness_db": {
        "mean": 0.17480827868,
        "var": 0.00221824110486
    },
    "melbands_kurtosis": {
        "mean": 18.3315105438,
        "var": 332.422851563
    },
    "melbands_skewness": {
        "mean": 3.72179985046,
        "var": 1.88367521763
    },
    "melbands_spread": {
        "mean": 23.6773166656,
        "var": 169.611114502
    },
    "pitch_salience": {
        "mean": 0.53563696146,
        "var": 0.0134799927473
    },
    "silence_rate_20dB": {
        "mean": 1,
        "var": 0
    },
    "silence_rate_30dB": {
        "mean": 0.996910393238,
        "var": 0.00308004557155
    },
    "silence_rate_60dB": {
        "mean": 0.0200823899359,
        "var": 0.0196800790727
    },
    "spectral_centroid": {
        "mean": 1762.44055176,
        "var": 248782.375
    },
    "spectral_complexity": {
        "mean": 33.389289856,
        "var": 114.591377258
    },
    "spectral_decrease": {
        "mean": -1.00427515193e-008,
        "var": 3.36845547835e-017
    },
    "spectral_energy": {
        "mean": 0.0407481864095,
        "var": 0.000510270474479
    },
    "spectral_energyband_high": {
        "mean": 0.00173811346758,
        "var": 1.1008396541e-006
    },
    "spectral_energyband_low": {
        "mean": 0.0224211011082,
        "var": 0.000339177524438
    },
    "spectral_energyband_middle_high": {
        "mean": 0.00577750988305,
        "var": 6.13189467913e-006
    },
    "spectral_energyband_middle_low": {
        "mean": 0.013955024071,
        "var": 0.000113673537271
    },
    "spectral_entropy": {
        "mean": 7.88964557648,
        "var": 0.0412253625691
    },
    "spectral_flux": {
        "mean": 0.105158567429,
        "var": 0.00165074272081
    },
    "spectral_kurtosis": {
        "mean": 3.78476142883,
        "var": 1.07227683067
    },
    "spectral_rms": {
        "mean": 0.00603576377034,
        "var": 3.32387617163e-006
    },
    "spectral_rolloff": {
        "mean": 1648.14379883,
        "var": 1361386.25
    },
    "spectral_skewness": {
        "mean": 1.4368904829,
        "var": 0.0411990694702
    },
    "spectral_spread": {
        "mean": 5316569,
        "var": 1.46275722854e+012
    },
    "spectral_strongpeak": {
        "mean": 0.515052676201,
        "var": 0.101308234036
    },
    "zerocrossingrate": {
        "mean": 0.0761603116989,
        "var": 0.000813732040115
    },
    "barkbands": {
        "mean": [9.40423778957e-005, 0.00614713598043, 0.0131117459387, 0.0051762778312, 0.00496504642069, 0.00124270014931, 0.00107163318899, 0.000683896127157, 0.000689601758495, 0.000402594858315, 0.000361613696441, 0.000391467125155, 0.000322474137647, 0.000356593605829, 0.000600475468673, 0.000707736238837, 0.000692592002451, 0.000900407496374, 0.00078050798038, 0.000713180401362, 0.000368424050976, 0.000169549151906, 0.000175019566086, 0.000177722846274, 0.000213136241655, 0.000212315339013, 2.0301389668e-005],
        "var": [2.17876010566e-008, 5.98496917519e-005, 0.000156123845954, 2.54941860476e-005, 2.97809692711e-005, 1.95824009097e-006, 1.80983352038e-006, 5.36013374131e-007, 5.59826276003e-007, 2.10306367876e-007, 1.2115124548e-007, 1.57845661874e-007, 1.02276700886e-007, 8.89997977538e-008, 2.77621069245e-007, 4.04105179541e-007, 2.56165861856e-007, 3.04409184082e-007, 1.98913468807e-007, 1.59211055006e-007, 5.0506727689e-008, 2.18395097562e-008, 1.67344840207e-008, 1.38171429853e-008, 4.89373057633e-008, 5.04921793265e-008, 4.23469204147e-010]
    },
    "erbbands": {
        "mean": [0.0670415684581, 1.89233958721, 12.4499406815, 18.8764514923, 18.435541153, 14.1114435196, 11.8920497894, 10.4909696579, 13.9600429535, 16.8156166077, 15.3575124741, 13.1334905624, 15.5335264206, 15.2482633591, 13.7013216019, 13.726436615, 14.0490989685, 18.3376808167, 21.775220871, 35.417766571, 43.0187301636, 39.8327865601, 49.5024223328, 42.0642662048, 37.6645393372, 33.7281532288, 21.4983253479, 10.2007741928, 6.02296257019, 6.03300619125, 4.77353811264, 3.88001036644, 2.83101463318, 2.00474596024, 1.77396404743, 1.02532207966, 0.32804864645, 0.0837184935808, 0.00202965224162, 0.000100755634776],
        "var": [0.00696966797113, 4.90489387512, 135.407485962, 262.638244629, 548.730224609, 203.214874268, 185.191253662, 151.053527832, 352.046142578, 385.375732422, 212.942886353, 171.455429077, 349.327819824, 221.456939697, 148.47769165, 166.470535278, 153.802474976, 233.367401123, 224.339874268, 741.248779297, 1350.06945801, 670.770446777, 1033.67407227, 533.31036377, 428.087005615, 379.821289063, 163.554489136, 43.8912315369, 32.2339286804, 21.104681015, 11.3570766449, 6.10447025299, 4.45165634155, 3.03703784943, 4.5407705307, 1.55684518814, 0.0949174687266, 0.00633425731212, 4.03598960474e-006, 3.80196363281e-009]
    },
    "gfcc": {
        "mean": [63.9158325195, 57.9497833252, -95.7088928223, 43.1895904541, -40.8541908264, 7.36937618256, -41.3557319641, 16.9370517731, -33.9072227478, 2.89483833313, -26.8645801544, -1.10267329216, -21.6297283173],
        "cov": [[3368.34008789, -286.958343506, -271.781616211, 169.13659668, -62.0801887512, -72.525390625, -152.008865356, -43.8688011169, -171.512054443, 11.5542669296, -39.489490509, -43.3740234375, -30.8314266205], [-286.958343506, 284.137268066, 11.0964660645, 25.3942375183, 50.0594673157, 4.74179697037, 38.7307357788, -5.45909452438, 49.2273330688, -21.0461654663, 26.3246841431, -8.64804840088, 8.202003479], [-271.781616211, 11.0964660645, 208.343536377, -15.3413438797, 25.5866718292, 29.9523162842, 26.7335605621, 12.4783258438, 4.82682275772, 18.6441574097, -12.7718839645, 10.6699419022, -9.2230386734], [169.13659668, 25.3942375183, -15.3413438797, 146.204147339, 49.8899650574, 14.452413559, 12.1873569489, -0.714850068092, 9.51225376129, -7.24720668793, 11.421708107, -18.0989494324, 7.03986644745], [-62.0801887512, 50.0594673157, 25.5866718292, 49.8899650574, 113.969207764, 25.9638633728, 21.3899822235, 21.4827632904, 18.4721012115, 5.85164546967, 7.75367021561, -8.58305168152, -2.62173175812], [-72.525390625, 4.74179697037, 29.9523162842, 14.452413559, 25.9638633728, 56.5758171082, 34.0520515442, 10.3155612946, 7.36098480225, 7.10742378235, 3.75698304176, 0.0504870116711, -0.980379343033], [-152.008865356, 38.7307357788, 26.7335605621, 12.1873569489, 21.3899822235, 34.0520515442, 59.5245056152, 25.1503124237, 22.7560768127, 2.81865501404, 6.13479375839, -0.407785445452, 1.64199113846], [-43.8688011169, -5.45909452438, 12.4783258438, -0.714850068092, 21.4827632904, 10.3155612946, 25.1503124237, 52.5559883118, 27.0105857849, 10.5454320908, -0.756071805954, 3.61675739288, 1.7240806818], [-171.512054443, 49.2273330688, 4.82682275772, 9.51225376129, 18.4721012115, 7.36098480225, 22.7560768127, 27.0105857849, 57.1764259338, 16.5071735382, 11.4471092224, 1.61043059826, 2.59401464462], [11.5542669296, -21.0461654663, 18.6441574097, -7.24720668793, 5.85164546967, 7.10742378235, 2.81865501404, 10.5454320908, 16.5071735382, 41.9527626038, 15.7528219223, 5.25565910339, -2.50991797447], [-39.489490509, 26.3246841431, -12.7718839645, 11.421708107, 7.75367021561, 3.75698304176, 6.13479375839, -0.756071805954, 11.4471092224, 15.7528219223, 40.4864196777, 16.419500351, 4.14910459518], [-43.3740234375, -8.64804840088, 10.6699419022, -18.0989494324, -8.58305168152, 0.0504870116711, -0.407785445452, 3.61675739288, 1.61043059826, 5.25565910339, 16.419500351, 42.7423591614, 17.746471405], [-30.8314266205, 8.202003479, -9.2230386734, 7.03986644745, -2.62173175812, -0.980379343033, 1.64199113846, 1.7240806818, 2.59401464462, -2.50991797447, 4.14910459518, 17.746471405, 38.9252204895]],
        "icov": [[0.000605611130595, -0.00040274154162, 0.000970989116468, -0.00137282605283, 0.00047898828052, -3.02807020489e-005, 0.000888822600245, -0.00126017036382, 0.00271987216547, -0.00238632084802, 0.00175365444738, -0.000985507504083, 0.00101997470483], [-0.00040274154162, 0.00798386242241, -0.00228869030252, 0.0029866588302, -0.00352029292844, 0.0029202895239, -0.00459382217377, 0.00686369044706, -0.0103125665337, 0.0107900109142, -0.00918726157397, 0.0058122491464, -0.00364511599764], [0.000970989116468, -0.00228869030252, 0.00859834626317, -0.00256463442929, -0.000234986146097, -0.00154681701679, -0.00127893406898, -0.00133379572071, 0.0067946407944, -0.0104983178899, 0.0111219389364, -0.00803419947624, 0.00515837036073], [-0.00137282605283, 0.0029866588302, -0.00256463442929, 0.0135446535423, -0.00547198858112, -0.000649129331578, -0.00251412461512, 0.00540705770254, -0.00932464562356, 0.0112862801179, -0.0115800173953, 0.0105388732627, -0.00751365721226], [0.00047898828052, -0.00352029292844, -0.000234986146097, -0.00547198858112, 0.0145215149969, -0.00557290622965, 0.00465458491817, -0.00861756131053, 0.00447237538174, -0.00401593698189, 0.00109498354141, 0.000145507874549, 0.00233812769875], [-3.02807020489e-005, 0.0029202895239, -0.00154681701679, -0.000649129331578, -0.00557290622965, 0.0326405279338, -0.0210835412145, 0.00667227804661, 0.00140308483969, -0.00356003642082, 0.000575812882744, -0.00122344773263, 0.000325501925545], [0.000888822600245, -0.00459382217377, -0.00127893406898, -0.00251412461512, 0.00465458491817, -0.0210835412145, 0.0413894951344, -0.0180845167488, 0.000210828889976, 0.0032775986474, -0.00405727792531, 0.00335947307758, -0.000240673383814], [-0.00126017036382, 0.00686369044706, -0.00133379572071, 0.00540705770254, -0.00861756131053, 0.00667227804661, -0.0180845167488, 0.040794339031, -0.0221896860749, 0.00417230371386, 0.0027267576661, -0.00222395802848, -0.00272365426645], [0.00271987216547, -0.0103125665337, 0.0067946407944, -0.00932464562356, 0.00447237538174, 0.00140308483969, 0.000210828889976, -0.0221896860749, 0.0500962585211, -0.02885129489, 0.012283292599, -0.00772270187736, 0.0059469291009], [-0.00238632084802, 0.0107900109142, -0.0104983178899, 0.0112862801179, -0.00401593698189, -0.00356003642082, 0.0032775986474, 0.00417230371386, -0.02885129489, 0.0586869455874, -0.0358834601939, 0.0168100520968, -0.00750779407099], [0.00175365444738, -0.00918726157397, 0.0111219389364, -0.0115800173953, 0.00109498354141, 0.000575812882744, -0.00405727792531, 0.0027267576661, 0.012283292599, -0.0358834601939, 0.0622089579701, -0.0334345065057, 0.0136729618534], [-0.000985507504083, 0.0058122491464, -0.00803419947624, 0.0105388732627, 0.000145507874549, -0.00122344773263, 0.00335947307758, -0.00222395802848, -0.00772270187736, 0.0168100520968, -0.0334345065057, 0.0513829365373, -0.0241428669542], [0.00101997470483, -0.00364511599764, 0.00515837036073, -0.00751365721226, 0.00233812769875, 0.000325501925545, -0.000240673383814, -0.00272365426645, 0.0059469291009, -0.00750779407099, 0.0136729618534, -0.0241428669542, 0.038813021034]]
    },
    "melbands": {
        "mean": [0.00112899555825, 0.00534930545837, 0.00335904513486, 0.00113099080045, 0.000474373577163, 0.000236930529354, 0.00021732004825, 0.000177708672709, 0.000123818681459, 8.56642363942e-005, 7.66675511841e-005, 6.02948821324e-005, 4.49464023404e-005, 4.49208382634e-005, 2.75529819191e-005, 3.78920631192e-005, 3.27045818267e-005, 2.95579302474e-005, 5.44982176507e-005, 4.27761660831e-005, 5.13985651196e-005, 3.98010924982e-005, 4.15686190536e-005, 4.45588011644e-005, 3.23783897329e-005, 3.15632423735e-005, 2.26718148042e-005, 2.30597415793e-005, 1.43399265653e-005, 1.00202860267e-005, 4.37909284301e-006, 3.38290283253e-006, 3.25168275594e-006, 3.3428423194e-006, 2.87083094008e-006, 2.4307169042e-006, 2.30634077525e-006, 2.01963803192e-006, 1.72381066932e-006, 1.65711276168e-006],
        "var": [1.94676363208e-006, 2.3492555556e-005, 7.60100510888e-006, 1.61986383773e-006, 2.57808750348e-007, 7.23702058281e-008, 7.85935725389e-008, 4.03973352547e-008, 1.56255719475e-008, 8.49954862048e-009, 9.01194674441e-009, 3.49700512992e-009, 1.52861889813e-009, 2.27920260443e-009, 9.09399888727e-010, 1.49250589665e-009, 7.80415454482e-010, 6.10095363118e-010, 2.89915935703e-009, 1.6046551865e-009, 2.36940067566e-009, 8.10479294788e-010, 8.87965478924e-010, 9.07975361564e-010, 4.00861788208e-010, 4.08772793392e-010, 1.78831574549e-010, 2.37313002582e-010, 9.13262521163e-011, 3.74904551848e-011, 1.24348023198e-011, 1.19764805712e-011, 8.04713674168e-012, 7.06341799286e-012, 4.44394391078e-012, 3.19974775842e-012, 2.13970963343e-012, 2.4403751589e-012, 1.76518879808e-012, 2.45614834894e-012]
    },
    "mfcc": {
        "mean": [-588.004516602, 96.9271316528, 4.07928180695, 39.694190979, 17.452583313, -0.00977320596576, 6.43759441376, 4.64527988434, 0.822784721851, 3.82945823669, -5.05522346497, -1.57541167736, -2.66551971436],
        "cov": [[2864.91796875, -355.013549805, -220.909988403, 136.869674683, -13.0170602798, -41.8918533325, -3.31893754005, -119.3150177, -113.026176453, -5.22294521332, -130.775527954, -31.4321975708, -23.7274951935], [-355.013549805, 261.834899902, 27.9666900635, -5.50269126892, 24.4940185547, 11.7200613022, 4.99992275238, 29.203994751, 16.4422893524, 10.6190681458, 30.4404468536, 14.0170621872, 4.22200155258], [-220.909988403, 27.9666900635, 144.953552246, -2.9672062397, -12.0901222229, 23.5428600311, 8.05749702454, 7.50188016891, 15.7654647827, -10.7848262787, 15.8676986694, 1.43704783916, 8.0346364975], [136.869674683, -5.50269126892, -2.9672062397, 106.91558075, 51.5385971069, 17.0259609222, 15.0358057022, 9.75776195526, 5.90819311142, 20.9535522461, -7.52017116547, 8.32638263702, 4.27037811279], [-13.0170602798, 24.4940185547, -12.0901222229, 51.5385971069, 80.605178833, 22.6572418213, 17.3067893982, 11.2149152756, 9.18230819702, 18.8021240234, 5.47776985168, 7.88315153122, 6.25680685043], [-41.8918533325, 11.7200613022, 23.5428600311, 17.0259609222, 22.6572418213, 58.3332672119, 26.1798992157, 7.2669839859, 5.43455934525, 7.04891443253, 8.04541015625, 4.23868942261, 4.94097232819], [-3.31893754005, 4.99992275238, 8.05749702454, 15.0358057022, 17.3067893982, 26.1798992157, 52.6768226624, 17.0733718872, 7.17448043823, 10.302939415, 1.3734806776, 7.03605794907, 2.47235441208], [-119.3150177, 29.203994751, 7.50188016891, 9.75776195526, 11.2149152756, 7.2669839859, 17.0733718872, 52.01612854, 25.9037628174, 6.31780576706, 11.4905529022, 6.68186712265, 4.70463657379], [-113.026176453, 16.4422893524, 15.7654647827, 5.90819311142, 9.18230819702, 5.43455934525, 7.17448043823, 25.9037628174, 52.3672637939, 23.2336540222, 8.76835441589, 2.92110967636, 4.84897565842], [-5.22294521332, 10.6190681458, -10.7848262787, 20.9535522461, 18.8021240234, 7.04891443253, 10.302939415, 6.31780576706, 23.2336540222, 51.8063240051, 16.7093906403, 4.79605770111, 0.59706646204], [-130.775527954, 30.4404468536, 15.8676986694, -7.52017116547, 5.47776985168, 8.04541015625, 1.3734806776, 11.4905529022, 8.76835441589, 16.7093906403, 53.6852912903, 16.8661022186, 3.21330022812], [-31.4321975708, 14.0170621872, 1.43704783916, 8.32638263702, 7.88315153122, 4.23868942261, 7.03605794907, 6.68186712265, 2.92110967636, 4.79605770111, 16.8661022186, 42.6836967468, 18.9964580536], [-23.7274951935, 4.22200155258, 8.0346364975, 4.27037811279, 6.25680685043, 4.94097232819, 2.47235441208, 4.70463657379, 4.84897565842, 0.59706646204, 3.21330022812, 18.9964580536, 42.4243049622]],
        "icov": [[0.000589368632063, 0.00047819968313, 0.000659841753077, -0.000967799744103, 0.000552955607418, 8.8475040684e-005, -0.000367276108591, 0.000759792048484, 0.000592399388552, -0.00019286602037, 0.000561512017157, 4.61312047264e-005, -2.83999142994e-005], [0.00047819968313, 0.00494085112587, -0.000440680363681, 0.000600615458097, -0.00159913988318, -2.75109905488e-005, 0.000742599077057, -0.00190548086539, 0.00115970545448, -0.000904659857042, -0.000520750239957, -0.00090737483697, 0.000531749683432], [0.000659841753077, -0.000440680363681, 0.0102420868352, -0.00335752568208, 0.00421931827441, -0.00353373191319, -0.00190717703663, 0.00359415565617, -0.00490017235279, 0.00579332793131, -0.00388886593282, 0.00236280797981, -0.00197191303596], [-0.000967799744103, 0.000600615458097, -0.00335752568208, 0.0178321432322, -0.0105459578335, -0.00104217801709, 0.00231690634973, -0.00544653972611, 0.00323479087092, -0.00697480142117, 0.00602059205994, -0.00426862528548, 0.00156934093684], [0.000552955607418, -0.00159913988318, 0.00421931827441, -0.0105459578335, 0.0225815866143, -0.00513414246961, -0.00256938836537, 0.00157609151211, -0.00158775143791, -0.000326431181747, -0.00222187885083, 0.00141267804429, -0.00230480055325], [8.8475040684e-005, -2.75109905488e-005, -0.00353373191319, -0.00104217801709, -0.00513414246961, 0.0261959377676, -0.0116786649451, 0.00270253350027, 5.60649968975e-005, 0.00088845170103, -0.00346392951906, 0.00235491292551, -0.00189747835975], [-0.000367276108591, 0.000742599077057, -0.00190717703663, 0.00231690634973, -0.00256938836537, -0.0116786649451, 0.030152913183, -0.0115446746349, 0.00475783273578, -0.00729372538626, 0.00639850832522, -0.00567956548184, 0.00272815464996], [0.000759792048484, -0.00190548086539, 0.00359415565617, -0.00544653972611, 0.00157609151211, 0.00270253350027, -0.0115446746349, 0.0348043181002, -0.0179313328117, 0.0108525585383, -0.00749767897651, 0.00167680054437, -0.00153807387687], [0.000592399388552, 0.00115970545448, -0.00490017235279, 0.00323479087092, -0.00158775143791, 5.60649968975e-005, 0.00475783273578, -0.0179313328117, 0.0373237356544, -0.0195645242929, 0.00678357016295, -0.000448394799605, -0.0015464843018], [-0.00019286602037, -0.000904659857042, 0.00579332793131, -0.00697480142117, -0.000326431181747, 0.00088845170103, -0.00729372538626, 0.0108525585383, -0.0195645242929, 0.0366492308676, -0.0142474789172, 0.00369128747843, -0.000100064033177], [0.000561512017157, -0.000520750239957, -0.00388886593282, 0.00602059205994, -0.00222187885083, -0.00346392951906, 0.00639850832522, -0.00749767897651, 0.00678357016295, -0.0142474789172, 0.0315918214619, -0.0129407765344, 0.00451290979981], [4.61312047264e-005, -0.00090737483697, 0.00236280797981, -0.00426862528548, 0.00141267804429, 0.00235491292551, -0.00567956548184, 0.00167680054437, -0.000448394799605, 0.00369128747843, -0.0129407765344, 0.0363325998187, -0.0155285792425], [-2.83999142994e-005, 0.000531749683432, -0.00197191303596, 0.00156934093684, -0.00230480055325, -0.00189747835975, 0.00272815464996, -0.00153807387687, -0.0015464843018, -0.000100064033177, 0.00451290979981, -0.0155285792425, 0.0310801900923]]
    },
    "spectral_contrast_coeffs": {
        "mean": [-0.596346080303, -0.771218121052, -0.80348855257, -0.786486983299, -0.783876180649, -0.769515454769],
        "var": [0.00484163872898, 0.00277454196475, 0.00175508949906, 0.0017767790705, 0.00100471498445, 0.00045679503819]
    },
    "spectral_contrast_valleys": {
        "mean": [-6.72988891602, -6.40939188004, -7.03570079803, -7.24070072174, -6.65422821045, -9.29634380341],
        "var": [0.566902697086, 0.538912773132, 0.528601765633, 0.627404808998, 0.73713684082, 0.557961702347]
    }
},
"metadata": {
    "audio_properties": {
        "analysis_sample_rate": 44100,
        "bit_rate": 128074,
        "equal_loudness": 0,
        "length": 45.0612258911,
        "lossless": 0,
        "replay_gain": -3.79032516479,
        "sample_rate": 44100,
        "codec": "mp3",
        "downmix": "mix",
        "md5_encoded": "8390026a48f086fedddf1428659138d8"
    },
    "tags": {
        "file_name": "1348.mp3"
    },
    "version": {
        "essentia": "2.1-beta2",
        "essentia_git_sha": "v2.1_beta2",
        "extractor": "music 1.0"
    }
},
"rhythm": {
    "beats_count": 139,
    "beats_loudness": {
        "mean": 0.0427828989923,
        "var": 0.000374620460207
    },
    "bpm": 184.570205688,
    "bpm_histogram_first_peak_bpm": {
        "mean": 185,
        "var": 0
    },
    "bpm_histogram_first_peak_spread": {
        "mean": 0,
        "var": 0
    },
    "bpm_histogram_first_peak_weight": {
        "mean": 0.514492750168,
        "var": 0
    },
    "bpm_histogram_second_peak_bpm": {
        "mean": 191,
        "var": 0
    },
    "bpm_histogram_second_peak_spread": {
        "mean": 0,
        "var": 0
    },
    "bpm_histogram_second_peak_weight": {
        "mean": 0.398550719023,
        "var": 0
    },
    "danceability": 1.23383021355,
    "onset_rate": 3.50476026535,
    "beats_loudness_band_ratio": {
        "mean": [0.581685483456, 0.172576829791, 0.0834707543254, 0.0486838407815, 0.085163898766, 0.0869067385793],
        "var": [0.0296561606228, 0.0116763720289, 0.00211454858072, 0.000842216599267, 0.00252322130837, 0.00222164671868]
    },
    "beats_position": [0.301859408617, 0.626938760281, 0.940408170223, 1.25387752056, 1.59056687355, 1.92725622654, 2.2523355484, 2.58902478218, 2.94893407822, 3.29723358154, 3.65714287758, 3.99383211136, 4.33052158356, 4.66721057892, 4.98067998886, 5.2941493988, 5.60761880875, 5.92108821869, 6.23455762863, 6.54802703857, 6.87310647964, 7.20979595184, 7.52326536179, 7.84834432602, 8.17342376709, 8.498503685, 8.8119726181, 9.12544155121, 9.45052146912, 9.77560043335, 10.0890703201, 10.4025392532, 10.7276191711, 11.0410881042, 11.3661680222, 11.6912469864, 12.0163259506, 12.3297958374, 12.6548748016, 12.9683446884, 13.2934236526, 13.6185035706, 13.9435825348, 14.2570514679, 14.5705213547, 14.8839902878, 15.2090702057, 15.5341491699, 15.8592290878, 16.1843090057, 16.4977779388, 16.8112468719, 17.1363258362, 17.4614048004, 17.7748756409, 18.088344574, 18.4134235382, 18.7268924713, 19.0403633118, 19.365442276, 19.6905212402, 20.0156002045, 20.3406791687, 20.6541500092, 20.9676189423, 21.2810878754, 21.6061668396, 21.9196376801, 22.2447166443, 22.5697956085, 22.8948745728, 23.219953537, 23.5334243774, 23.8585033417, 24.1835823059, 24.497051239, 24.8221302032, 25.1472110748, 25.4490699768, 25.774148941, 26.0992279053, 26.4243087769, 26.73777771, 27.0512466431, 27.3763256073, 27.7014045715, 28.0264854431, 28.3515644073, 28.6766433716, 29.0017223358, 29.3268013, 29.6402721405, 29.9537410736, 30.2672100067, 30.5806789398, 30.8941497803, 31.2076187134, 31.5326976776, 31.8577766418, 32.171245575, 32.4847145081, 32.8097953796, 33.1348762512, 33.4599533081, 33.7734222412, 34.0868911743, 34.4119720459, 34.7370529175, 35.0505218506, 35.3755989075, 35.6890678406, 36.0141487122, 36.3392295837, 36.6643066406, 36.9777755737, 37.2912483215, 37.6163253784, 37.9181861877, 38.2432632446, 38.5683441162, 38.8934249878, 39.2185020447, 39.5319709778, 39.8454399109, 40.1589126587, 40.4723815918, 40.7974586487, 41.1225395203, 41.4476165771, 41.7726974487, 42.0861663818, 42.4112472534, 42.7247161865, 43.0497932434, 43.374874115, 43.6883430481, 44.0134239197, 44.3268928528, 44.6519737244]
},
"tonal": {
    "chords_changes_rate": 0.0637860074639,
    "chords_number_rate": 0.00925925932825,
    "chords_strength": {
        "mean": 0.522149085999,
        "var": 0.00926787499338
    },
    "hpcp_entropy": {
        "mean": 2.58829307556,
        "var": 0.551801025867
    },
    "key_strength": 0.821388483047,
    "tuning_diatonic_strength": 0.659983992577,
    "tuning_equal_tempered_deviation": 0.0966070964932,
    "tuning_frequency": 441.782684326,
    "tuning_nontempered_energy_ratio": 0.785191178322,
    "hpcp": {
        "mean": [0.0561436377466, 0.0623150616884, 0.11747636646, 0.170444995165, 0.175480768085, 0.227412417531, 0.263434648514, 0.203131183982, 0.142267093062, 0.113494582474, 0.110499732196, 0.17299130559, 0.224799141288, 0.15242831409, 0.074467048049, 0.0631415918469, 0.0725969970226, 0.123783200979, 0.130243703723, 0.0754261612892, 0.0532950423658, 0.0545939393342, 0.0681909993291, 0.108494721353, 0.127406090498, 0.131840720773, 0.22997251153, 0.329907029867, 0.276469618082, 0.167870074511, 0.110835708678, 0.0906198993325, 0.102439321578, 0.110941983759, 0.0876620933414, 0.0648432821035],
        "var": [0.0148220499977, 0.0187336038798, 0.03127297014, 0.0605944618583, 0.063409499824, 0.102375991642, 0.12346702069, 0.0808620974422, 0.0507689341903, 0.0363566242158, 0.0333464592695, 0.0542795062065, 0.0886568501592, 0.0528323352337, 0.0176342539489, 0.0152406515554, 0.0190662201494, 0.0492715910077, 0.0515217520297, 0.0191386248916, 0.0139766866341, 0.0184256136417, 0.0206907242537, 0.0386886559427, 0.0450184978545, 0.042125955224, 0.0729777216911, 0.111225664616, 0.104921884835, 0.0656830370426, 0.0452659837902, 0.0354574881494, 0.0329489894211, 0.0378135070205, 0.0290203504264, 0.0183641780168]
    },
    "chords_histogram": [23.7654323578, 9.46502017975, 42.3868293762, 8.74485588074, 1.23456788063, 1.74897122383, 3.29218101501, 0, 0, 0.823045253754, 0.514403283596, 0.205761313438, 0, 0, 0, 0, 0, 4.83539104462, 0, 0, 0, 0, 0, 2.98353910446],
    "thpcp": [1, 0.838022828102, 0.508840560913, 0.335960447788, 0.274683147669, 0.310509651899, 0.336282581091, 0.265717566013, 0.196550160646, 0.170180186629, 0.188886731863, 0.356089323759, 0.516645550728, 0.531909763813, 0.689322710037, 0.79851180315, 0.615722537041, 0.431233882904, 0.344019889832, 0.334942042828, 0.524363815784, 0.681401491165, 0.462034136057, 0.225721314549, 0.191392078996, 0.22005289793, 0.375206321478, 0.394789099693, 0.228628531098, 0.16154563427, 0.165482804179, 0.206697627902, 0.32886454463, 0.386187851429, 0.399629920721, 0.69708275795],
    "chords_key": "F#",
    "chords_scale": "major",
    "key_key": "B",
    "key_scale": "major"
}
}