{
"lowlevel": {
    "average_loudness": 0.977123379707,
    "barkbands_crest": {
        "mean": 10.2584571838,
        "var": 15.6163721085
    },
    "barkbands_flatness_db": {
        "mean": 0.193606868386,
        "var": 0.00861682184041
    },
    "barkbands_kurtosis": {
        "mean": 7.1931219101,
        "var": 66.9521255493
    },
    "barkbands_skewness": {
        "mean": 2.09339475632,
        "var": 1.30608189106
    },
    "barkbands_spread": {
        "mean": 21.4953804016,
        "var": 497.759613037
    },
    "dissonance": {
        "mean": 0.452895402908,
        "var": 0.00150314078201
    },
    "dynamic_complexity": 1.0014346838,
    "erbbands_crest": {
        "mean": 7.64789199829,
        "var": 9.99464225769
    },
    "erbbands_flatness_db": {
        "mean": 0.178798273206,
        "var": 0.00665184063837
    },
    "erbbands_kurtosis": {
        "mean": 0.203061714768,
        "var": 5.20704174042
    },
    "erbbands_skewness": {
        "mean": 0.387336373329,
        "var": 0.712706804276
    },
    "erbbands_spread": {
        "mean": 47.3101272583,
        "var": 643.640075684
    },
    "hfc": {
        "mean": 31.6294460297,
        "var": 1196.27038574
    },
    "melbands_crest": {
        "mean": 13.8832235336,
        "var": 17.6025695801
    },
    "melbands_flatness_db": {
        "mean": 0.275971233845,
        "var": 0.0122271990404
    },
    "melbands_kurtosis": {
        "mean": 19.4293117523,
        "var": 301.918426514
    },
    "melbands_skewness": {
        "mean": 3.34369945526,
        "var": 1.86288571358
    },
    "melbands_spread": {
        "mean": 17.2806110382,
        "var": 341.952392578
    },
    "pitch_salience": {
        "mean": 0.590603530407,
        "var": 0.00923023093492
    },
    "silence_rate_20dB": {
        "mean": 1,
        "var": 0
    },
    "silence_rate_30dB": {
        "mean": 0.996395468712,
        "var": 0.00359148858115
    },
    "silence_rate_60dB": {
        "mean": 0.00102986616548,
        "var": 0.00102881784551
    },
    "spectral_centroid": {
        "mean": 1055.45715332,
        "var": 542761.9375
    },
    "spectral_complexity": {
        "mean": 20.843460083,
        "var": 112.460136414
    },
    "spectral_decrease": {
        "mean": -1.25456187661e-008,
        "var": 3.13559090103e-017
    },
    "spectral_energy": {
        "mean": 0.0502189025283,
        "var": 0.000432356406236
    },
    "spectral_energyband_high": {
        "mean": 0.00200182199478,
        "var": 1.55899015226e-005
    },
    "spectral_energyband_low": {
        "mean": 0.0241367332637,
        "var": 0.000360661302693
    },
    "spectral_energyband_middle_high": {
        "mean": 0.0036314916797,
        "var": 1.25002370623e-005
    },
    "spectral_energyband_middle_low": {
        "mean": 0.023781305179,
        "var": 0.000148131381138
    },
    "spectral_entropy": {
        "mean": 7.25727319717,
        "var": 0.590509712696
    },
    "spectral_flux": {
        "mean": 0.107245959342,
        "var": 0.00182463857345
    },
    "spectral_kurtosis": {
        "mean": 10.0055360794,
        "var": 307.356231689
    },
    "spectral_rms": {
        "mean": 0.00684099504724,
        "var": 2.19468779505e-006
    },
    "spectral_rolloff": {
        "mean": 1595.27331543,
        "var": 6178185.5
    },
    "spectral_skewness": {
        "mean": 1.78888905048,
        "var": 1.74039065838
    },
    "spectral_spread": {
        "mean": 4291369,
        "var": 9.04913747968e+012
    },
    "spectral_strongpeak": {
        "mean": 0.57369852066,
        "var": 0.177863359451
    },
    "zerocrossingrate": {
        "mean": 0.054458193481,
        "var": 0.00345550570637
    },
    "barkbands": {
        "mean": [0.000252542755334, 0.0143360504881, 0.00625690165907, 0.00667445780709, 0.00989971123636, 0.00312142795883, 0.000882319232915, 0.00205922196619, 0.00104390445631, 0.000387514854083, 0.000248237309279, 0.000368633598555, 0.000344878615579, 0.000325285247527, 0.000236716805375, 0.000435762864072, 0.000418047071435, 0.000278495077509, 0.000528000760823, 0.000392732123146, 0.000229538578424, 0.000249197153607, 0.000373535993276, 0.000345712614944, 0.000270642980468, 0.000220749614527, 3.87070467696e-005],
        "var": [1.22839409755e-007, 0.000251391495112, 4.56295420008e-005, 5.0693492085e-005, 5.37757659913e-005, 7.13091412763e-006, 7.04871808921e-007, 4.34528374171e-006, 1.96994551516e-006, 1.67555327835e-007, 1.44317439776e-007, 3.37600738476e-007, 1.17840741609e-007, 2.24574449703e-007, 9.5112454801e-008, 3.08707768681e-007, 3.62140355037e-007, 1.72708368495e-007, 5.91627042468e-007, 1.31635476919e-006, 1.64241370726e-007, 2.04103400847e-007, 7.07823403445e-007, 7.31551267563e-007, 4.30162430121e-007, 2.95983426213e-007, 9.07970409969e-009]
    },
    "erbbands": {
        "mean": [0.476031690836, 3.06325960159, 5.5153632164, 17.4420375824, 27.2160625458, 30.8175563812, 34.7912826538, 27.3093719482, 17.4909076691, 19.530626297, 45.3607597351, 23.3311214447, 19.1932563782, 12.0444202423, 12.2404375076, 15.022485733, 15.989027977, 15.6897411346, 13.8122272491, 17.0021781921, 22.8750801086, 24.6718463898, 14.9221220016, 31.4309673309, 17.5289134979, 17.3684749603, 13.0251188278, 8.69762325287, 9.89844512939, 9.53477191925, 9.66155147552, 7.23001146317, 6.0695810318, 3.19001817703, 1.87664675713, 0.953507363796, 0.396323502064, 0.112144716084, 0.00364059070125, 0.000135830749059],
        "var": [0.285972982645, 10.9118680954, 27.9399318695, 305.113555908, 723.127258301, 1021.97058105, 664.928710938, 601.988220215, 211.834289551, 377.739837646, 2114.53759766, 1251.47070313, 582.053222656, 152.204208374, 261.19909668, 502.965576172, 242.382873535, 557.033081055, 289.516601563, 428.350158691, 899.257568359, 1372.60131836, 417.273773193, 2585.40649414, 488.588867188, 2703.07226563, 1033.27563477, 261.096130371, 343.905426025, 437.752685547, 471.135284424, 327.152984619, 211.232681274, 60.5915908813, 21.2487258911, 5.7694568634, 0.925892114639, 0.0719228163362, 8.29754135339e-005, 3.582336916e-008]
    },
    "gfcc": {
        "mean": [0.682915687561, 138.768768311, -105.654174805, 38.3034095764, -44.1394577026, -6.005443573, -29.7573356628, -1.27459275723, -17.8203639984, -7.29137420654, -10.532333374, -6.51085615158, -9.48229217529],
        "cov": [[6897.73046875, -5212.14550781, 1022.40411377, 626.249511719, -1112.7532959, 1352.7322998, -654.177124023, 488.638031006, -429.415710449, 617.487854004, -627.133422852, 532.182922363, -396.32043457], [-5212.14550781, 5854.27441406, -1769.78015137, -409.52835083, 1363.8651123, -1346.81604004, 798.11138916, -420.404907227, 574.370727539, -724.710998535, 688.947143555, -577.98651123, 491.031860352], [1022.40411377, -1769.78015137, 1748.80444336, -68.1004104614, -501.67767334, 691.671081543, -187.851699829, 147.461868286, -126.720230103, 371.603179932, -211.671859741, 326.203491211, -204.821685791], [626.249511719, -409.52835083, -68.1004104614, 434.174743652, -55.276802063, 129.280578613, 8.51169204712, 42.8758926392, -8.69417953491, 44.862903595, 0.335558593273, 29.886133194, 18.7255916595], [-1112.7532959, 1363.8651123, -501.67767334, -55.276802063, 675.136657715, -345.896697998, 267.050445557, -3.02381920815, 113.560417175, -124.149765015, 191.417251587, -107.083106995, 126.893104553], [1352.7322998, -1346.81604004, 691.671081543, 129.280578613, -345.896697998, 618.184753418, -122.477165222, 130.36807251, -58.7858924866, 215.323104858, -147.331329346, 209.117034912, -99.5222396851], [-654.177124023, 798.11138916, -187.851699829, 8.51169204712, 267.050445557, -122.477165222, 216.950592041, -13.2429733276, 93.2036972046, -65.2038803101, 124.107315063, -49.4141311646, 84.9473495483], [488.638031006, -420.404907227, 147.461868286, 42.8758926392, -3.02381920815, 130.36807251, -13.2429733276, 144.692153931, -4.43991088867, 92.3642044067, -41.4299659729, 73.7505264282, -24.1762237549], [-429.415710449, 574.370727539, -126.720230103, -8.69417953491, 113.560417175, -58.7858924866, 93.2036972046, -4.43991088867, 169.836776733, -60.3316574097, 54.7684936523, -47.6435127258, 59.8620452881], [617.487854004, -724.710998535, 371.603179932, 44.862903595, -124.149765015, 215.323104858, -65.2038803101, 92.3642044067, -60.3316574097, 187.550720215, -61.2908592224, 110.282363892, -59.8093261719], [-627.133422852, 688.947143555, -211.671859741, 0.335558593273, 191.417251587, -147.331329346, 124.107315063, -41.4299659729, 54.7684936523, -61.2908592224, 161.191223145, -38.1123962402, 68.815826416], [532.182922363, -577.98651123, 326.203491211, 29.886133194, -107.083106995, 209.117034912, -49.4141311646, 73.7505264282, -47.6435127258, 110.282363892, -38.1123962402, 141.32019043, -41.3037376404], [-396.32043457, 491.031860352, -204.821685791, 18.7255916595, 126.893104553, -99.5222396851, 84.9473495483, -24.1762237549, 59.8620452881, -59.8093261719, 68.815826416, -41.3037376404, 99.0005340576]],
        "icov": [[0.000664696504828, 0.000369147222955, 0.000522205256857, -0.000269069656497, 2.41468969762e-005, -0.000611522293184, 1.36697181006e-005, -0.000459725502878, 1.65248661688e-006, -7.31987529434e-005, 0.000603733933531, -0.000616169301793, 0.000469633756438], [0.000369147222955, 0.00242885318585, 2.53405341937e-005, 0.00100835599005, -0.00102636078373, 0.000720587442629, -0.00205781357363, 0.00172800861765, -0.00277350051329, 0.0018835690571, -0.00242729950696, 0.00133142247796, -0.00142209930345], [0.000522205256857, 2.53405341937e-005, 0.00216804165393, 0.000337659206707, 0.000550821365323, -0.00126201531384, -0.000800706038717, 0.000513436156325, -0.000121265598864, -0.00210848147981, 0.00153314822819, -0.00264133606106, 0.00185598910321], [-0.000269069656497, 0.00100835599005, 0.000337659206707, 0.00371092441492, -2.31691265071e-005, -0.000355135649443, -0.00170968915336, 0.000716826121788, -0.000927546818275, 0.000137561102747, -0.00213384139352, 0.00152851443272, -0.00200215610676], [2.41468969762e-005, -0.00102636078373, 0.000550821365323, -2.31691265071e-005, 0.00474640727043, 0.000885506160557, -0.00285708392039, -0.00315260468051, 0.00159561098553, -0.0010474389419, 0.000349133391865, -0.00101029977668, 0.000557637366001], [-0.000611522293184, 0.000720587442629, -0.00126201531384, -0.000355135649443, 0.000885506160557, 0.00670669507235, -0.00242058746517, 0.000961694051512, -0.00269802380353, -3.12999691232e-005, 0.00052857369883, -0.00333814299665, -0.000794638530351], [1.36697181006e-005, -0.00205781357363, -0.000800706038717, -0.00170968915336, -0.00285708392039, -0.00242058746517, 0.0163536351174, -0.00273119471967, 0.000376943266019, -0.000525258074049, -0.00340318866074, 0.00128250115085, -0.0021870394703], [-0.000459725502878, 0.00172800861765, 0.000513436156325, 0.000716826121788, -0.00315260468051, 0.000961694051512, -0.00273119471967, 0.0166242923588, -0.00531275570393, -0.00406457390636, 0.00194260966964, -0.00419837003574, -0.000418680399889], [1.65248661688e-006, -0.00277350051329, -0.000121265598864, -0.000927546818275, 0.00159561098553, -0.00269802380353, 0.000376943266019, -0.00531275570393, 0.0130707612261, 0.000119890304632, 0.00229888758622, 0.00176037114579, -0.00138531567063], [-7.31987529434e-005, 0.0018835690571, -0.00210848147981, 0.000137561102747, -0.0010474389419, -3.12999691232e-005, -0.000525258074049, -0.00406457390636, 0.000119890304632, 0.0169906076044, -0.00402024015784, -0.000425731996074, -0.000445436715381], [0.000603733933531, -0.00242729950696, 0.00153314822819, -0.00213384139352, 0.000349133391865, 0.00052857369883, -0.00340318866074, 0.00194260966964, 0.00229888758622, -0.00402024015784, 0.0195722319186, -0.00868381466717, 0.000463378644781], [-0.000616169301793, 0.00133142247796, -0.00264133606106, 0.00152851443272, -0.00101029977668, -0.00333814299665, 0.00128250115085, -0.00419837003574, 0.00176037114579, -0.000425731996074, -0.00868381466717, 0.0248666424304, -0.00392154278234], [0.000469633756438, -0.00142209930345, 0.00185598910321, -0.00200215610676, 0.000557637366001, -0.000794638530351, -0.0021870394703, -0.000418680399889, -0.00138531567063, -0.000445436715381, 0.000463378644781, -0.00392154278234, 0.0221241321415]]
    },
    "melbands": {
        "mean": [0.00427435757592, 0.00332354172133, 0.0034338417463, 0.00190104497597, 0.00138251052704, 0.000590485928115, 0.000250815442996, 0.00028666947037, 0.000321810948662, 0.000144511664985, 9.34900454013e-005, 4.84966585645e-005, 3.88338521589e-005, 4.80658673041e-005, 3.42694293067e-005, 3.02620701405e-005, 3.01995878544e-005, 2.27721284318e-005, 1.99482037715e-005, 2.83681511064e-005, 2.4936902264e-005, 2.73256628134e-005, 1.54710560309e-005, 1.38507139127e-005, 2.81753418676e-005, 1.44807036122e-005, 9.41691541811e-006, 1.29745585582e-005, 9.16572025744e-006, 6.70748067932e-006, 4.32096840086e-006, 6.31953798802e-006, 3.92474021282e-006, 6.0647898863e-006, 5.52144774701e-006, 5.0721041589e-006, 4.29128476753e-006, 4.24124982601e-006, 3.82176494895e-006, 2.2972512852e-006],
        "var": [2.27047021326e-005, 7.29061230231e-006, 8.63455716171e-006, 2.69593397206e-006, 1.07003063476e-006, 2.79885142618e-007, 4.17535659381e-008, 7.34940002189e-008, 1.02917304901e-007, 4.46142713884e-008, 1.41525831054e-008, 2.90988033669e-009, 3.76318576301e-009, 5.38585975818e-009, 1.73857173102e-009, 1.04507447141e-009, 2.36769359674e-009, 8.416572439e-010, 6.32160657155e-010, 1.45679246444e-009, 1.21147791798e-009, 1.86591986306e-009, 4.07697653415e-010, 5.20917642355e-010, 2.22337681599e-009, 3.57270907303e-010, 1.97710278704e-010, 2.14221596018e-009, 8.53198178774e-010, 1.51573614771e-010, 6.94207885621e-011, 1.42898137767e-010, 5.63301558176e-011, 2.03164290946e-010, 1.60550323036e-010, 1.33138070013e-010, 1.37877917417e-010, 9.96666013608e-011, 9.7810481936e-011, 3.05651060017e-011]
    },
    "mfcc": {
        "mean": [-643.248901367, 161.956115723, 4.13353919983, 40.8820228577, 7.83299875259, 1.63395166397, -1.76753175259, 2.42566609383, -4.72882795334, 1.04861271381, -2.55438995361, -0.882906496525, -1.48557591438],
        "cov": [[5689.70898438, -4151.21923828, 705.1328125, -318.330780029, -167.703720093, 449.621368408, -103.21710968, 80.7380218506, 146.703964233, 94.8001098633, -24.7019672394, -52.2083892822, -66.3352279663], [-4151.21923828, 4537.12792969, -1602.55383301, 507.104370117, 241.65447998, -436.281341553, 138.577529907, 74.5223083496, -63.0966796875, 40.2706108093, 11.7730827332, 5.69542741776, 53.0568656921], [705.1328125, -1602.55383301, 1846.23388672, -514.263977051, -113.409965515, 363.007049561, -74.7369384766, -0.859443068504, 68.5284957886, -87.4122009277, 84.6604537964, 134.658096313, 92.0510559082], [-318.330780029, 507.104370117, -514.263977051, 444.40802002, 63.3886032104, -64.9895248413, 78.1954116821, 21.6559200287, -9.49426078796, 48.6570587158, -2.23330974579, -9.01985549927, -15.7575759888], [-167.703720093, 241.65447998, -113.409965515, 63.3886032104, 181.381820679, -5.66589689255, 80.3639297485, 37.678653717, 33.196395874, 44.6839981079, 30.7441997528, 17.6932144165, 6.70227956772], [449.621368408, -436.281341553, 363.007049561, -64.9895248413, -5.66589689255, 245.812133789, 19.7099590302, 62.850894928, 50.6192626953, 10.1099348068, 33.9661140442, 37.8726043701, 36.7460823059], [-103.21710968, 138.577529907, -74.7369384766, 78.1954116821, 80.3639297485, 19.7099590302, 173.371704102, 29.0637397766, -0.109176442027, 12.1746892929, 17.7872505188, 37.224697113, 31.615064621], [80.7380218506, 74.5223083496, -0.859443068504, 21.6559200287, 37.678653717, 62.850894928, 29.0637397766, 120.822822571, 46.6404762268, 25.3972568512, 23.5691432953, 20.853017807, 30.517534256], [146.703964233, -63.0966796875, 68.5284957886, -9.49426078796, 33.196395874, 50.6192626953, -0.109176442027, 46.6404762268, 99.913444519, 50.1857070923, 15.5898332596, 12.89473629, 5.45902967453], [94.8001098633, 40.2706108093, -87.4122009277, 48.6570587158, 44.6839981079, 10.1099348068, 12.1746892929, 25.3972568512, 50.1857070923, 89.4132843018, 21.1440219879, -6.62090969086, -3.0814166069], [-24.7019672394, 11.7730827332, 84.6604537964, -2.23330974579, 30.7441997528, 33.9661140442, 17.7872505188, 23.5691432953, 15.5898332596, 21.1440219879, 63.5202980042, 34.9772453308, 18.6838321686], [-52.2083892822, 5.69542741776, 134.658096313, -9.01985549927, 17.6932144165, 37.8726043701, 37.224697113, 20.853017807, 12.89473629, -6.62090969086, 34.9772453308, 85.1754608154, 45.7223472595], [-66.3352279663, 53.0568656921, 92.0510559082, -15.7575759888, 6.70227956772, 36.7460823059, 31.615064621, 30.517534256, 5.45902967453, -3.0814166069, 18.6838321686, 45.7223472595, 69.241394043]],
        "icov": [[0.000931853079237, 0.00103377411142, 0.000770743412431, 0.000333208794473, 0.000127363455249, -0.000602791376878, 0.00017019486404, -0.000809124787338, -0.000248031428782, -0.000590614625253, 0.000134886766318, -0.000334584037773, -8.39251952129e-005], [0.00103377411142, 0.00154797628056, 0.00116445135791, 0.000281836895738, -0.000160708426847, -0.000227356576943, 0.000317705475027, -0.00105520826764, -0.00039936855319, -0.000215712760109, -0.000277848419501, -0.000409637752455, -0.000856092665344], [0.000770743412431, 0.00116445135791, 0.00229417835362, 0.00127740716562, 0.000152032007463, -0.00175757624675, 0.00054609682411, 0.000289549323497, -0.00124351412524, 0.00106434978079, -0.00136950879823, -0.00128035771195, -0.00101163215004], [0.000333208794473, 0.000281836895738, 0.00127740716562, 0.00388387101702, 0.000225599505939, -0.000786700402386, -0.00096255808603, -0.000485846074298, 0.000609568727668, -0.00153067754582, 9.05673296074e-005, -0.00144810671918, 0.00115382554941], [0.000127363455249, -0.000160708426847, 0.000152032007463, 0.000225599505939, 0.0090577788651, 0.000680627883412, -0.00382097787224, -0.00107635464519, -0.00183418230154, -0.00209075142629, -0.00271363463253, -0.000227636730415, 0.0020095652435], [-0.000602791376878, -0.000227356576943, -0.00175757624675, -0.000786700402386, 0.000680627883412, 0.00844314042479, -0.00128006527666, -0.00278263329528, -0.00130713870749, 0.000207947203307, -0.00132575456519, 0.00111410301179, -0.00124710949603], [0.00017019486404, 0.000317705475027, 0.00054609682411, -0.00096255808603, -0.00382097787224, -0.00128006527666, 0.00922340434045, -0.000287591858068, 0.00188467314001, -2.57243918895e-005, 0.00118874001782, -0.00282388273627, -0.00266663637012], [-0.000809124787338, -0.00105520826764, 0.000289549323497, -0.000485846074298, -0.00107635464519, -0.00278263329528, -0.000287591858068, 0.0145461400971, -0.00547059066594, 0.00237056892365, -0.0028938499745, 0.00209842761979, -0.0052289487794], [-0.000248031428782, -0.00039936855319, -0.00124351412524, 0.000609568727668, -0.00183418230154, -0.00130713870749, 0.00188467314001, -0.00547059066594, 0.0202634222806, -0.0115386750549, 0.00508968858048, -0.00480196950957, 0.0039685331285], [-0.000590614625253, -0.000215712760109, 0.00106434978079, -0.00153067754582, -0.00209075142629, 0.000207947203307, -2.57243918895e-005, 0.00237056892365, -0.0115386750549, 0.0231704320759, -0.0092264553532, 0.00651483330876, -0.00297635677271], [0.000134886766318, -0.000277848419501, -0.00136950879823, 9.05673296074e-005, -0.00271363463253, -0.00132575456519, 0.00118874001782, -0.0028938499745, 0.00508968858048, -0.0092264553532, 0.0272542145103, -0.0104750972241, 0.00263330689631], [-0.000334584037773, -0.000409637752455, -0.00128035771195, -0.00144810671918, -0.000227636730415, 0.00111410301179, -0.00282388273627, 0.00209842761979, -0.00480196950957, 0.00651483330876, -0.0104750972241, 0.0259342286736, -0.0124689228833], [-8.39251952129e-005, -0.000856092665344, -0.00101163215004, 0.00115382554941, 0.0020095652435, -0.00124710949603, -0.00266663637012, -0.0052289487794, 0.0039685331285, -0.00297635677271, 0.00263330689631, -0.0124689228833, 0.027692515403]]
    },
    "spectral_contrast_coeffs": {
        "mean": [-0.593880772591, -0.708088874817, -0.774067342281, -0.788951933384, -0.778487145901, -0.746712684631],
        "var": [0.0105173978955, 0.0042116753757, 0.003183292225, 0.00212003174238, 0.00206497847103, 0.00191624718718]
    },
    "spectral_contrast_valleys": {
        "mean": [-6.51530885696, -6.38120937347, -7.21661567688, -7.66149759293, -7.60336589813, -10.8813552856],
        "var": [1.11754465103, 0.439592421055, 0.570638775826, 0.905478715897, 1.29895925522, 3.97922754288]
    }
},
"metadata": {
    "audio_properties": {
        "analysis_sample_rate": 44100,
        "bit_rate": 128074,
        "equal_loudness": 0,
        "length": 45.0612258911,
        "lossless": 0,
        "replay_gain": -4.90705490112,
        "sample_rate": 44100,
        "codec": "mp3",
        "downmix": "mix",
        "md5_encoded": "af7a2bcaccececbbd37c7d0c0879496d"
    },
    "tags": {
        "file_name": "1349.mp3"
    },
    "version": {
        "essentia": "2.1-beta2",
        "essentia_git_sha": "v2.1_beta2",
        "extractor": "music 1.0"
    }
},
"rhythm": {
    "beats_count": 116,
    "beats_loudness": {
        "mean": 0.0587625429034,
        "var": 0.000404372549383
    },
    "bpm": 154.960174561,
    "bpm_histogram_first_peak_bpm": {
        "mean": 157,
        "var": 0
    },
    "bpm_histogram_first_peak_spread": {
        "mean": 0.0270270574838,
        "var": 0
    },
    "bpm_histogram_first_peak_weight": {
        "mean": 0.626086950302,
        "var": 0
    },
    "bpm_histogram_second_peak_bpm": {
        "mean": 152,
        "var": 0
    },
    "bpm_histogram_second_peak_spread": {
        "mean": 0.0243902709335,
        "var": 0
    },
    "bpm_histogram_second_peak_weight": {
        "mean": 0.347826093435,
        "var": 0
    },
    "danceability": 1.30659925938,
    "onset_rate": 4.21458530426,
    "beats_loudness_band_ratio": {
        "mean": [0.742250800133, 0.161815986037, 0.0623928755522, 0.0235638190061, 0.0207608025521, 0.0239321161062],
        "var": [0.0140376752242, 0.00716778077185, 0.00164939812385, 0.000243263202719, 0.000410067499615, 0.000333954754751]
    },
    "beats_position": [0.383129239082, 0.777868449688, 1.16099774837, 1.54412698746, 1.92725622654, 2.32199549675, 2.71673464775, 3.09986400604, 3.48299312592, 3.87773227692, 4.26086139679, 4.6439909935, 5.0387301445, 5.42185926437, 5.80498838425, 6.19972801208, 6.58285713196, 6.96598625183, 7.3491153717, 7.73224496841, 8.12698364258, 8.52172279358, 8.90485286713, 9.29959201813, 9.682721138, 10.0658502579, 10.4489793777, 10.8437185287, 11.2384576797, 11.6215867996, 12.0047159195, 12.387845993, 12.7709751129, 13.1657142639, 13.5488433838, 13.9319725037, 14.3151016235, 14.6982307434, 15.0813598633, 15.4644899368, 15.8592290878, 16.2539672852, 16.637096405, 17.0202255249, 17.4149665833, 17.7980957031, 18.181224823, 18.575963974, 18.9590930939, 19.3422222137, 19.7369613647, 20.1317005157, 20.5148296356, 20.8979587555, 21.2926979065, 21.6874370575, 22.0705661774, 22.4536952972, 22.8368244171, 23.219953537, 23.614692688, 23.9978218079, 24.3809528351, 24.764081955, 25.1472110748, 25.5419502258, 25.9250793457, 26.3082084656, 26.7029476166, 27.0860767365, 27.4808158875, 27.8639450073, 28.2470741272, 28.6302032471, 29.0249423981, 29.4312915802, 29.8144207001, 30.1975498199, 30.5806789398, 30.9754180908, 31.358549118, 31.7416782379, 32.1364173889, 32.5311546326, 32.9026756287, 33.2974128723, 33.6805419922, 34.0636711121, 34.4468002319, 34.8299331665, 35.2246704102, 35.60779953, 35.9909286499, 36.3740577698, 36.7571868896, 37.151927948, 37.5350570679, 37.9181861877, 38.3129234314, 38.6844444275, 39.0791816711, 39.4739227295, 39.8570518494, 40.2401809692, 40.6349182129, 41.0296592712, 41.4243965149, 41.8191375732, 42.2022666931, 42.585395813, 42.9685249329, 43.3632659912, 43.7463951111, 44.129524231, 44.5126533508, 44.9073905945]
},
"tonal": {
    "chords_changes_rate": 0.0514403283596,
    "chords_number_rate": 0.00514403311536,
    "chords_strength": {
        "mean": 0.443847447634,
        "var": 0.00195978675038
    },
    "hpcp_entropy": {
        "mean": 2.01842451096,
        "var": 0.599285662174
    },
    "key_strength": 0.735674142838,
    "tuning_diatonic_strength": 0.512100100517,
    "tuning_equal_tempered_deviation": 0.0579214431345,
    "tuning_frequency": 444.085327148,
    "tuning_nontempered_energy_ratio": 0.663369715214,
    "hpcp": {
        "mean": [0.0632858797908, 0.0684912577271, 0.0635342150927, 0.0869135335088, 0.165410488844, 0.368866086006, 0.529324889183, 0.395741909742, 0.19277061522, 0.109332978725, 0.079912237823, 0.217426136136, 0.384970664978, 0.250050723553, 0.0879889577627, 0.0898286625743, 0.0754153355956, 0.0555831342936, 0.0498657263815, 0.0507311597466, 0.0863919332623, 0.114926941693, 0.0754405930638, 0.0389995053411, 0.0389396250248, 0.0775216296315, 0.250988811255, 0.32252240181, 0.151393026114, 0.0432837307453, 0.0416441559792, 0.0379796698689, 0.039937581867, 0.0589822530746, 0.0583142414689, 0.0483470782638],
        "var": [0.0254856962711, 0.0298284236342, 0.024430224672, 0.03123540245, 0.0636736527085, 0.108700625598, 0.1588319242, 0.119556836784, 0.0755157843232, 0.0443127304316, 0.0315561182797, 0.0503105334938, 0.124766469002, 0.0608733147383, 0.0302313584834, 0.0312057994306, 0.0231604278088, 0.0172755997628, 0.0210610218346, 0.0201224088669, 0.0314308293164, 0.0536619797349, 0.025718877092, 0.0106775620952, 0.00741782551631, 0.0172480475157, 0.0543390288949, 0.0777036249638, 0.022746687755, 0.00936469435692, 0.00927058048546, 0.0064941663295, 0.00583125511184, 0.0104275196791, 0.0124657163396, 0.011855292134]
    },
    "chords_histogram": [21.5020580292, 0, 8.23045253754, 0.102880656719, 0, 0.925925910473, 0, 5.86419773102, 0, 55.9670791626, 0, 0, 0, 0, 0, 0, 0, 0, 0, 0, 0, 0, 7.40740728378, 0],
    "thpcp": [1, 0.747635185719, 0.364182025194, 0.206551745534, 0.150970116258, 0.410761207342, 0.727286159992, 0.472395539284, 0.166228637099, 0.169704213738, 0.14247456193, 0.105007596314, 0.0942062735558, 0.0958412513137, 0.163211539388, 0.217119857669, 0.142522290349, 0.0736778229475, 0.0735646933317, 0.146453782916, 0.474167793989, 0.609308958054, 0.28601154685, 0.0817715749145, 0.0786740928888, 0.0717511475086, 0.0754500329494, 0.111429207027, 0.110167197883, 0.091337248683, 0.11955961585, 0.129393607378, 0.12002877146, 0.164196953177, 0.31249332428, 0.696861386299],
    "chords_key": "F#",
    "chords_scale": "major",
    "key_key": "B",
    "key_scale": "minor"
}
}