{
"lowlevel": {
    "average_loudness": 0.0867046862841,
    "barkbands_crest": {
        "mean": 16.7076015472,
        "var": 30.2166595459
    },
    "barkbands_flatness_db": {
        "mean": 0.323086231947,
        "var": 0.00943507999182
    },
    "barkbands_kurtosis": {
        "mean": 16.4288196564,
        "var": 959.142700195
    },
    "barkbands_skewness": {
        "mean": 1.84425723553,
        "var": 5.59111261368
    },
    "barkbands_spread": {
        "mean": 10.2868795395,
        "var": 207.752426147
    },
    "dissonance": {
        "mean": 0.370129227638,
        "var": 0.00625765882432
    },
    "dynamic_complexity": 9.28780174255,
    "erbbands_crest": {
        "mean": 18.7627696991,
        "var": 48.0230522156
    },
    "erbbands_flatness_db": {
        "mean": 0.33612421155,
        "var": 0.00826897565275
    },
    "erbbands_kurtosis": {
        "mean": 10.636926651,
        "var": 629.554931641
    },
    "erbbands_skewness": {
        "mean": 1.201359272,
        "var": 4.47633361816
    },
    "erbbands_spread": {
        "mean": 19.9672145844,
        "var": 488.969482422
    },
    "hfc": {
        "mean": 11.4100046158,
        "var": 682.760925293
    },
    "melbands_crest": {
        "mean": 20.0275821686,
        "var": 41.2285232544
    },
    "melbands_flatness_db": {
        "mean": 0.376298338175,
        "var": 0.0134821953252
    },
    "melbands_kurtosis": {
        "mean": 19.6107997894,
        "var": 949.25982666
    },
    "melbands_skewness": {
        "mean": 2.21802401543,
        "var": 5.73098897934
    },
    "melbands_spread": {
        "mean": 16.1374931335,
        "var": 943.844726563
    },
    "pitch_salience": {
        "mean": 0.405641049147,
        "var": 0.021089522168
    },
    "silence_rate_20dB": {
        "mean": 1,
        "var": 0
    },
    "silence_rate_30dB": {
        "mean": 0.980442643166,
        "var": 0.0191749054939
    },
    "silence_rate_60dB": {
        "mean": 0.568193495274,
        "var": 0.245352447033
    },
    "spectral_centroid": {
        "mean": 992.142700195,
        "var": 683759.75
    },
    "spectral_complexity": {
        "mean": 3.79104471207,
        "var": 7.96053218842
    },
    "spectral_decrease": {
        "mean": -2.73849254384e-009,
        "var": 3.34430312795e-017
    },
    "spectral_energy": {
        "mean": 0.0113706020638,
        "var": 0.000581533298828
    },
    "spectral_energyband_high": {
        "mean": 5.10318423039e-005,
        "var": 3.14835020276e-008
    },
    "spectral_energyband_low": {
        "mean": 2.11402784771e-005,
        "var": 1.72056568992e-009
    },
    "spectral_energyband_middle_high": {
        "mean": 0.00460623158142,
        "var": 0.000160380252055
    },
    "spectral_energyband_middle_low": {
        "mean": 0.00671510957181,
        "var": 0.000255126709817
    },
    "spectral_entropy": {
        "mean": 5.80948257446,
        "var": 1.08074069023
    },
    "spectral_flux": {
        "mean": 0.0344748087227,
        "var": 0.00235540815629
    },
    "spectral_kurtosis": {
        "mean": 26.4980716705,
        "var": 975.523681641
    },
    "spectral_rms": {
        "mean": 0.00233487645164,
        "var": 5.64161700822e-006
    },
    "spectral_rolloff": {
        "mean": 1405.44238281,
        "var": 3956770.75
    },
    "spectral_skewness": {
        "mean": 3.29380273819,
        "var": 4.95533037186
    },
    "spectral_spread": {
        "mean": 2929250.25,
        "var": 6.09260981453e+012
    },
    "spectral_strongpeak": {
        "mean": 1.59389364719,
        "var": 5.31798124313
    },
    "zerocrossingrate": {
        "mean": 0.0488977357745,
        "var": 0.00295794242993
    },
    "barkbands": {
        "mean": [2.57230271927e-006, 1.29583020225e-006, 6.29649593975e-006, 6.40768630547e-005, 0.000251731835306, 0.000204606214538, 0.000920687336475, 0.00338954105973, 0.00182558177039, 8.24988965178e-005, 0.000160550684086, 0.000893141783308, 0.00140295410529, 0.00114778231364, 0.000135138267069, 0.000386219820939, 0.000184105039807, 0.000101124103821, 4.87746547151e-005, 0.000130037413328, 6.57021473671e-006, 4.02087789553e-006, 7.01875751474e-006, 8.43888574309e-006, 5.00085525346e-006, 8.38521316382e-007, 1.2943363048e-009],
        "var": [2.36844516222e-010, 3.77021200718e-012, 2.05139683018e-010, 1.43090463922e-008, 2.56112201669e-007, 2.65812815314e-007, 8.25444931252e-006, 0.000166462094057, 8.78486389411e-005, 3.57381082949e-007, 8.82997426288e-007, 1.75252644112e-005, 5.07316472067e-005, 5.87725626247e-005, 9.97312668005e-007, 6.1736986936e-006, 7.63757498135e-007, 5.91111984249e-007, 1.75891763377e-008, 2.43540682732e-007, 5.34401300989e-010, 4.15098205808e-010, 1.32584954127e-009, 1.93323579367e-009, 9.99817562075e-010, 3.97693093734e-011, 1.81783567225e-016]
    },
    "erbbands": {
        "mean": [2.53162561421e-005, 0.000443750817794, 0.00597148295492, 0.0978691801429, 0.575130164623, 0.895431339741, 0.919277191162, 2.14354729652, 5.96056604385, 33.4740791321, 82.1596221924, 44.9534568787, 10.8171653748, 2.97577619553, 17.4547672272, 35.1320228577, 60.5218925476, 79.3362045288, 14.9189510345, 6.78601551056, 27.8762207031, 10.2276086807, 6.21202754974, 2.23957538605, 3.89803791046, 6.44955730438, 0.679115176201, 0.155237153172, 0.138460874557, 0.166994288564, 0.2112724334, 0.182609245181, 0.133088976145, 0.0647273734212, 0.0310349818319, 0.00746303936467, 0.000903791631572, 4.03979647672e-005, 7.79807123763e-006, 1.38675668495e-005],
        "var": [3.90260623817e-009, 3.86250746942e-007, 0.000104629958514, 0.0268756244332, 1.18763434887, 4.68854665756, 8.84817790985, 28.1904029846, 315.297241211, 7685.79296875, 90928.65625, 49949.9101563, 2309.578125, 118.05014801, 5578.68896484, 26596.4628906, 116214.710938, 223494.90625, 5793.20654297, 559.033203125, 27852.5878906, 1952.14953613, 1673.19995117, 30.6853790283, 125.086326599, 597.322387695, 3.38736009598, 0.441812455654, 0.497874855995, 0.713282108307, 1.21449947357, 0.874214589596, 0.551486670971, 0.153969377279, 0.0447416976094, 0.00292157125659, 4.29616848123e-005, 8.24241368491e-008, 2.62263294415e-010, 8.4852364024e-010]
    },
    "gfcc": {
        "mean": [-243.96421814, 123.685783386, -139.386184692, -6.72390651703, -67.9549407959, -18.8113632202, -52.3425369263, -8.31735706329, -33.2885932922, -7.97830343246, -0.505598008633, -27.2021541595, -7.84220790863],
        "cov": [[14318.0634766, -2835.74536133, -5662.17480469, -583.184204102, -168.638092041, -299.460632324, 404.044494629, 1184.3815918, 383.105621338, 567.315124512, 118.362319946, -1338.23095703, -829.264709473], [-2835.74536133, 2555.95898438, 675.290100098, -851.838745117, 539.340698242, -332.657104492, 130.688537598, -340.739044189, -87.665435791, -355.782226563, 278.036590576, 19.7589302063, 160.359405518], [-5662.17480469, 675.290100098, 3510.18334961, 755.695678711, -386.327148438, 372.133148193, -427.358306885, -560.678344727, -243.077255249, -215.239562988, -268.580841064, 796.663391113, 368.021057129], [-583.184204102, -851.838745117, 755.695678711, 1218.56091309, -343.024383545, 101.876235962, -282.959686279, -56.8472747803, -78.3482055664, 102.241874695, -253.877944946, 231.808486938, 164.844406128], [-168.638092041, 539.340698242, -386.327148438, -343.024383545, 534.116149902, -219.1980896, 3.46225786209, 57.9013290405, 78.2705993652, -80.1270599365, 16.0438232422, -158.749679565, -13.41746521], [-299.460632324, -332.657104492, 372.133148193, 101.876235962, -219.1980896, 635.623352051, 117.733154297, -228.492965698, -160.496704102, -41.1832427979, -51.0256919861, 93.2246170044, -142.02154541], [404.044494629, 130.688537598, -427.358306885, -282.959686279, 3.46225786209, 117.733154297, 502.128479004, -48.1372032166, -131.954437256, -21.4296226501, 140.588348389, -82.0319442749, -202.031478882], [1184.3815918, -340.739044189, -560.678344727, -56.8472747803, 57.9013290405, -228.492965698, -48.1372032166, 464.370513916, 184.790283203, 93.5434646606, -43.2679138184, -188.246368408, -13.1460561752], [383.105621338, -87.665435791, -243.077255249, -78.3482055664, 78.2705993652, -160.496704102, -131.954437256, 184.790283203, 335.61895752, 33.621219635, -100.690536499, -89.1624908447, 26.1963443756], [567.315124512, -355.782226563, -215.239562988, 102.241874695, -80.1270599365, -41.1832427979, -21.4296226501, 93.5434646606, 33.621219635, 267.415802002, -2.06595754623, -36.063659668, -7.49595689774], [118.362319946, 278.036590576, -268.580841064, -253.877944946, 16.0438232422, -51.0256919861, 140.588348389, -43.2679138184, -100.690536499, -2.06595754623, 299.461212158, -5.21918201447, -28.993555069], [-1338.23095703, 19.7589302063, 796.663391113, 231.808486938, -158.749679565, 93.2246170044, -82.0319442749, -188.246368408, -89.1624908447, -36.063659668, -5.21918201447, 387.330383301, 108.518470764], [-829.264709473, 160.359405518, 368.021057129, 164.844406128, -13.41746521, -142.02154541, -202.031478882, -13.1460561752, 26.1963443756, -7.49595689774, -28.993555069, 108.518470764, 261.236022949]],
        "icov": [[0.000378576456569, 6.01824431214e-005, 0.000624864944257, 8.59731444507e-005, 0.000644965388346, 0.000156429072376, 0.000488105579279, -0.000152250402607, 0.000335805292707, 5.26001385879e-005, 0.000349422945874, 0.00012237073679, 0.000674041337334], [6.01824431214e-005, 0.00165574834682, -0.000702906865627, 0.000840917229652, -0.000853063131217, 0.000971507106442, -0.000611588126048, 0.00107342202682, -9.91477209027e-005, 0.000794294115622, -0.000914955569897, 0.00115081458353, -0.00084722059546], [0.000624864944257, -0.000702906865627, 0.00220233155414, -0.000202469876967, 0.00169024209026, -0.000342778075719, 0.00146544736344, -0.000493790372275, 0.000980107812211, 6.17978148512e-005, 0.00171613518614, -0.00143258878961, 0.00113823125139], [8.59731444507e-005, 0.000840917229652, -0.000202469876967, 0.00207781768404, 0.00045298517216, 0.000695617112797, 0.000313224212732, 0.000503633287735, 0.00094394129701, -3.558755634e-005, 0.00104237045161, 0.000166321784491, -0.000649248191621], [0.000644965388346, -0.000853063131217, 0.00169024209026, 0.00045298517216, 0.00482399016619, 0.000870860763825, 0.00165007694159, -0.000314513104968, 0.000955660361797, 0.000487840588903, 0.00202248920687, 0.000240899942582, 0.001928086509], [0.000156429072376, 0.000971507106442, -0.000342778075719, 0.000695617112797, 0.000870860763825, 0.0037279559765, -0.000136690097861, 0.00166993285529, 0.000810370605905, 0.000718986266293, 0.00066562689608, 0.000817154126707, 0.00166771491058], [0.000488105579279, -0.000611588126048, 0.00146544736344, 0.000313224212732, 0.00165007694159, -0.000136690097861, 0.004825102631, -0.000470359373139, 0.0018502890598, 3.3484728192e-005, 0.000458426336991, -0.00051616015844, 0.00346179120243], [-0.000152250402607, 0.00107342202682, -0.000493790372275, 0.000503633287735, -0.000314513104968, 0.00166993285529, -0.000470359373139, 0.00477105053142, -0.0012916252017, -1.09127086034e-005, -0.000202896204428, 0.00168598792516, -0.000590021780226], [0.000335805292707, -9.91477209027e-005, 0.000980107812211, 0.00094394129701, 0.000955660361797, 0.000810370605905, 0.0018502890598, -0.0012916252017, 0.00576265715063, -0.000131386157591, 0.00268479902297, -0.000347075867467, 0.00086656154599], [5.26001385879e-005, 0.000794294115622, 6.17978148512e-005, -3.558755634e-005, 0.000487840588903, 0.000718986266293, 3.3484728192e-005, -1.09127086034e-005, -0.000131386157591, 0.00509083736688, -0.000661081227008, 0.000519642024301, -7.39035385777e-005], [0.000349422945874, -0.000914955569897, 0.00171613518614, 0.00104237045161, 0.00202248920687, 0.00066562689608, 0.000458426336991, -0.000202896204428, 0.00268479902297, -0.000661081227008, 0.00716391438618, -0.00175970606506, 0.000643414037768], [0.00012237073679, 0.00115081458353, -0.00143258878961, 0.000166321784491, 0.000240899942582, 0.000817154126707, -0.00051616015844, 0.00168598792516, -0.000347075867467, 0.000519642024301, -0.00175970606506, 0.00668138824403, -0.00118352042045], [0.000674041337334, -0.00084722059546, 0.00113823125139, -0.000649248191621, 0.001928086509, 0.00166771491058, 0.00346179120243, -0.000590021780226, 0.00086656154599, -7.39035385777e-005, 0.000643414037768, -0.00118352042045, 0.00942113623023]]
    },
    "melbands": {
        "mean": [3.79554649044e-007, 1.91400476979e-006, 3.27280213241e-005, 5.24534480064e-005, 3.53630748577e-005, 4.35985311924e-005, 0.0001212867719, 0.000471383886179, 0.000640820362605, 0.000247682182817, 4.50051156804e-005, 8.34458387544e-006, 3.85016974178e-005, 0.000112435649498, 8.35189275676e-005, 0.000162856507814, 0.000139949974255, 2.09523113881e-005, 7.71912345954e-006, 1.36232447403e-005, 3.45974913216e-005, 9.86559462035e-006, 8.59212832438e-006, 3.17094168167e-006, 1.43606143865e-006, 2.37583094531e-006, 5.26531766809e-006, 3.58856209459e-006, 3.33961338583e-007, 1.28684717993e-007, 6.82110083972e-008, 7.3115749899e-008, 8.82756339138e-008, 9.32389951913e-008, 1.18091527668e-007, 1.27482522316e-007, 1.06094219632e-007, 1.00815412907e-007, 6.99110032087e-008, 5.01002190845e-008],
        "var": [9.97640555236e-013, 1.27155612428e-011, 3.65468166841e-009, 1.05399191597e-008, 1.08487148154e-008, 1.24000862911e-008, 1.41767856121e-007, 2.05447622648e-006, 5.46758610653e-006, 1.64403456893e-006, 5.15386524569e-008, 1.73463210462e-009, 3.24910196525e-008, 3.02344915326e-007, 1.73454068886e-007, 6.69901396577e-007, 8.45735542043e-007, 1.64532352187e-008, 2.33674568584e-009, 6.3127245653e-009, 4.11206215745e-008, 2.6902338135e-009, 5.66595881324e-009, 1.47573661624e-010, 1.76881703728e-011, 5.56383689121e-011, 4.93152796377e-010, 1.88581414373e-010, 1.1407037424e-012, 2.58170329732e-013, 1.26564787838e-013, 1.67444373254e-013, 2.10395557313e-013, 2.36112561794e-013, 3.95606643147e-013, 4.6178111248e-013, 3.14946555164e-013, 3.10906546818e-013, 1.83987983811e-013, 1.03838663471e-013]
    },
    "mfcc": {
        "mean": [-881.18157959, 135.409484863, -5.13717556, 10.6619491577, -3.0653450489, -21.2319145203, -6.10033607483, -22.5658721924, -26.0208053589, -1.94481825829, -10.3072624207, -4.51860666275, -0.86280310154],
        "cov": [[8221.67871094, -333.673553467, -3713.77001953, -223.491790771, -375.334777832, -1192.18737793, 263.727416992, -144.465515137, -117.147193909, 1232.68847656, 516.11151123, 685.34777832, 404.266448975], [-333.673553467, 2010.63867188, -575.107116699, -418.307678223, -19.6130943298, -228.384368896, 136.354934692, -23.2644119263, -196.578231812, -100.329627991, 97.9054107666, -58.668132782, 40.463809967], [-3713.77001953, -575.107116699, 3012.33007813, 154.209091187, 18.9786300659, 911.450561523, -256.049316406, 118.505767822, 138.829071045, -738.206665039, -347.125213623, -371.614440918, -257.9402771], [-223.491790771, -418.307678223, 154.209091187, 643.231506348, 166.783538818, -113.55103302, -95.5952377319, -78.8427658081, 125.114807129, -45.9293212891, -191.857894897, 3.41478037834, 133.728485107], [-375.334777832, -19.6130943298, 18.9786300659, 166.783538818, 404.880645752, -100.683319092, -236.161010742, -27.8196239471, 174.725906372, -12.1958293915, -77.7606506348, -10.1675100327, -62.6320075989], [-1192.18737793, -228.384368896, 911.450561523, -113.55103302, -100.683319092, 655.298095703, 89.5619888306, 63.5143623352, -82.2783355713, -218.508331299, -2.44264364243, -218.503662109, -268.948028564], [263.727416992, 136.354934692, -256.049316406, -95.5952377319, -236.161010742, 89.5619888306, 468.99130249, 34.6615219116, -269.541412354, 73.3188476563, 102.062660217, -55.8468475342, -4.3095459938], [-144.465515137, -23.2644119263, 118.505767822, -78.8427658081, -27.8196239471, 63.5143623352, 34.6615219116, 212.915222168, -6.43384981155, -30.4205970764, 58.1477661133, -10.6825170517, -107.786972046], [-117.147193909, -196.578231812, 138.829071045, 125.114807129, 174.725906372, -82.2783355713, -269.541412354, -6.43384981155, 361.47442627, 38.9995574951, -66.9053955078, 69.4161300659, 34.3484916687], [1232.68847656, -100.329627991, -738.206665039, -45.9293212891, -12.1958293915, -218.508331299, 73.3188476563, -30.4205970764, 38.9995574951, 411.485473633, 166.18132019, 90.1272659302, 10.3036794662], [516.11151123, 97.9054107666, -347.125213623, -191.857894897, -77.7606506348, -2.44264364243, 102.062660217, 58.1477661133, -66.9053955078, 166.18132019, 273.621185303, 45.5348587036, -97.9020309448], [685.34777832, -58.668132782, -371.614440918, 3.41478037834, -10.1675100327, -218.503662109, -55.8468475342, -10.6825170517, 69.4161300659, 90.1272659302, 45.5348587036, 256.040527344, 220.384536743], [404.266448975, 40.463809967, -257.9402771, 133.728485107, -62.6320075989, -268.948028564, -4.3095459938, -107.786972046, 34.3484916687, 10.3036794662, -97.9020309448, 220.384536743, 570.461853027]],
        "icov": [[0.000441311829491, 0.000168454294908, 0.000395114329876, 4.69368023914e-005, 0.00052170449635, 0.000137990326039, 0.000277814688161, 3.97584117309e-005, 0.000206636614166, -0.000530349207111, 0.000176411253051, -0.000407213228755, 0.000159637260367], [0.000168454294908, 0.000991561333649, 0.000371601287043, 0.000755921471864, -8.65653346409e-005, 0.000778136134613, -0.000250276701991, 0.000303462060401, -0.000132500281325, 0.00100262300111, -0.000538454914931, 0.000909612281248, -0.000240038498305], [0.000395114329876, 0.000371601287043, 0.00157383014448, -1.53555720317e-005, 0.000748028978705, -0.000911587674636, 0.000691823253874, -0.000332024123054, -0.000471267936518, 0.000919059209991, 0.00029399181949, 0.000593291362748, -0.000163267643075], [4.69368023914e-005, 0.000755921471864, -1.53555720317e-005, 0.00292211631313, -0.000989539898001, 0.00101433496457, -0.000882662541699, 0.000573267869186, -0.000557467225008, 0.000612865784205, 0.00078312237747, 0.000853818899486, -0.00048056821106], [0.00052170449635, -8.65653346409e-005, 0.000748028978705, -0.000989539898001, 0.00518658058718, 0.000426809157943, 0.00204911525361, 0.000124787751702, -0.00063801149372, -0.000518806395121, 0.000585855683312, -6.91271125106e-005, 0.00119138485752], [0.000137990326039, 0.000778136134613, -0.000911587674636, 0.00101433496457, 0.000426809157943, 0.00498203700408, -0.00138066266663, 0.00100330589339, -0.000430347456131, 0.00150360947009, -0.00145574193448, 0.00152655493002, 0.000931039103307], [0.000277814688161, -0.000250276701991, 0.000691823253874, -0.000882662541699, 0.00204911525361, -0.00138066266663, 0.0058879959397, -0.00142114586197, 0.00322184409015, -0.00211126753129, 0.000156715992489, 0.000842159322929, -0.000763693940826], [3.97584117309e-005, 0.000303462060401, -0.000332024123054, 0.000573267869186, 0.000124787751702, 0.00100330589339, -0.00142114586197, 0.00642823055387, -0.00106578122359, 0.00157959619537, -0.00149524142034, -0.00102696369868, 0.00153213238809], [0.000206636614166, -0.000132500281325, -0.000471267936518, -0.000557467225008, -0.00063801149372, -0.000430347456131, 0.00322184409015, -0.00106578122359, 0.00671064062044, -0.00325756287202, 0.00142655882519, -0.00188488303684, -4.16357688664e-005], [-0.000530349207111, 0.00100262300111, 0.000919059209991, 0.000612865784205, -0.000518806395121, 0.00150360947009, -0.00211126753129, 0.00157959619537, -0.00325756287202, 0.0086054680869, -0.00389567925595, 0.00244155339897, -6.00455750828e-005], [0.000176411253051, -0.000538454914931, 0.00029399181949, 0.00078312237747, 0.000585855683312, -0.00145574193448, 0.000156715992489, -0.00149524142034, 0.00142655882519, -0.00389567925595, 0.00882669351995, -0.003605323378, 0.00185132096522], [-0.000407213228755, 0.000909612281248, 0.000593291362748, 0.000853818899486, -6.91271125106e-005, 0.00152655493002, 0.000842159322929, -0.00102696369868, -0.00188488303684, 0.00244155339897, -0.003605323378, 0.0113223101944, -0.00410685548559], [0.000159637260367, -0.000240038498305, -0.000163267643075, -0.00048056821106, 0.00119138485752, 0.000931039103307, -0.000763693940826, 0.00153213238809, -4.16357688664e-005, -6.00455750828e-005, 0.00185132096522, -0.00410685548559, 0.00445706630126]]
    },
    "spectral_contrast_coeffs": {
        "mean": [-0.561022996902, -0.592225492001, -0.686640620232, -0.69481420517, -0.733094930649, -0.808021306992],
        "var": [0.00642796047032, 0.0148598123342, 0.0169922243804, 0.0164467692375, 0.0112706478685, 0.00258065783419]
    },
    "spectral_contrast_valleys": {
        "mean": [-10.6702833176, -9.25696754456, -10.2347364426, -10.76745224, -10.7713441849, -13.4846849442],
        "var": [0.847023665905, 1.19204354286, 1.15256869793, 1.5993270874, 2.04107952118, 2.06650543213]
    }
},
"metadata": {
    "audio_properties": {
        "analysis_sample_rate": 44100,
        "bit_rate": 98303,
        "equal_loudness": 0,
        "length": 45.0873451233,
        "lossless": 0,
        "replay_gain": -4.93878746033,
        "sample_rate": 44100,
        "codec": "mp3",
        "downmix": "mix",
        "md5_encoded": "ba01ef387fb074d7ad40ac7e719149ae"
    },
    "tags": {
        "file_name": "135.mp3"
    },
    "version": {
        "essentia": "2.1-beta2",
        "essentia_git_sha": "v2.1_beta2",
        "extractor": "music 1.0"
    }
},
"rhythm": {
    "beats_count": 81,
    "beats_loudness": {
        "mean": 0.0128303151578,
        "var": 0.000682698911987
    },
    "bpm": 110.19618988,
    "bpm_histogram_first_peak_bpm": {
        "mean": 110,
        "var": 0
    },
    "bpm_histogram_first_peak_spread": {
        "mean": 0.59375,
        "var": 0
    },
    "bpm_histogram_first_peak_weight": {
        "mean": 0.16249999404,
        "var": 0
    },
    "bpm_histogram_second_peak_bpm": {
        "mean": 152,
        "var": 0
    },
    "bpm_histogram_second_peak_spread": {
        "mean": 0.333333343267,
        "var": 0
    },
    "bpm_histogram_second_peak_weight": {
        "mean": 0.10000000149,
        "var": 0
    },
    "danceability": 0.954646646976,
    "onset_rate": 3.41427373886,
    "beats_loudness_band_ratio": {
        "mean": [0.103600174189, 0.300726503134, 0.308497548103, 0.188978046179, 0.0498943664134, 0.0888686031103],
        "var": [0.0386514030397, 0.13091391325, 0.111479327083, 0.0848012790084, 0.0118245286867, 0.0463768653572]
    },
    "beats_position": [0.557278871536, 1.11455774307, 1.68344664574, 2.24072551727, 2.80961441994, 3.35528349876, 3.90095233917, 4.446621418, 5.00390005112, 5.56117916107, 6.26938772202, 6.98920631409, 7.70902490616, 8.42884349823, 9.13705158234, 9.84526062012, 10.5650787354, 11.2848978043, 11.9814968109, 12.689704895, 13.4095239639, 14.1293420792, 14.8375511169, 15.4644899368, 16.0914287567, 16.7067565918, 17.3220863342, 17.8677539825, 18.4134235382, 18.9590930939, 19.4815406799, 20.0039901733, 20.5380496979, 21.0604991913, 21.5713367462, 22.0821762085, 22.5930156708, 23.1154651642, 23.6263027191, 24.1255321503, 24.6247615814, 25.1239910126, 25.5187301636, 25.9250793457, 26.3198184967, 26.7261676788, 27.1209068298, 27.5156459808, 27.9103851318, 28.3283443451, 28.7230834961, 29.1178226471, 29.5125617981, 29.9189109802, 30.3368701935, 30.7432193756, 31.1611785889, 31.7184581757, 32.2757377625, 32.8330154419, 33.3902931213, 33.935962677, 34.4932403564, 35.0389099121, 35.5845794678, 36.1302490234, 36.6875267029, 37.2099761963, 37.7440338135, 38.2897033691, 38.823764801, 39.369430542, 39.9151000977, 40.4491615295, 40.9832191467, 41.5172767639, 42.0513381958, 42.585395813, 43.1194534302, 43.6883430481, 44.2688446045]
},
"tonal": {
    "chords_changes_rate": 0.0637860074639,
    "chords_number_rate": 0.00823045242578,
    "chords_strength": {
        "mean": 0.536904513836,
        "var": 0.0103362416849
    },
    "hpcp_entropy": {
        "mean": 1.33837080002,
        "var": 0.537357807159
    },
    "key_strength": 0.870879709721,
    "tuning_diatonic_strength": 0.730729401112,
    "tuning_equal_tempered_deviation": 0.104971058667,
    "tuning_frequency": 441.527557373,
    "tuning_nontempered_energy_ratio": 0.746820032597,
    "hpcp": {
        "mean": [0.0441157221794, 0.0356066115201, 0.0609919391572, 0.0998820140958, 0.119422487915, 0.162911519408, 0.180612936616, 0.100606903434, 0.030352005735, 0.0257022641599, 0.0462597608566, 0.127066046, 0.189378932118, 0.142391160131, 0.139614865184, 0.143684983253, 0.0677325055003, 0.0242406390607, 0.0279287323356, 0.056933298707, 0.0920943692327, 0.0809742286801, 0.0433010980487, 0.0260767173022, 0.0273288171738, 0.0709450319409, 0.243785962462, 0.288729041815, 0.132468372583, 0.0570379011333, 0.0349291861057, 0.0181246828288, 0.0230813249946, 0.0251266155392, 0.0286861509085, 0.0460452623665],
        "var": [0.0248541235924, 0.0140471449122, 0.0299095772207, 0.0594983622432, 0.0643833056092, 0.0806671753526, 0.100859001279, 0.0486081317067, 0.0109135378152, 0.0137092862278, 0.0249380525202, 0.0654232278466, 0.112909071147, 0.0647621676326, 0.0801573097706, 0.088918030262, 0.0289148148149, 0.00904233194888, 0.0118070887402, 0.0328436866403, 0.0605176091194, 0.0471347272396, 0.0238965582103, 0.0115853631869, 0.0146803753451, 0.0263470392674, 0.11867556721, 0.14604575932, 0.0501607358456, 0.0327698513865, 0.0165479350835, 0.00544832879677, 0.00929304864258, 0.0100498795509, 0.011530386284, 0.0295167285949]
    },
    "chords_histogram": [25.7201652527, 0.411522626877, 3.60082316399, 0, 0.102880656719, 0, 4.21810722351, 12.2427988052, 6.17283964157, 31.9958839417, 13.5802469254, 1.13168728352, 0, 0, 0, 0, 0, 0.823045253754, 0, 0, 0, 0, 0, 0],
    "thpcp": [1, 0.458798229694, 0.19754819572, 0.120975658298, 0.0627740174532, 0.079941123724, 0.087024897337, 0.0993531867862, 0.159475684166, 0.152792811394, 0.123321890831, 0.211242824793, 0.345936834812, 0.413614392281, 0.564236700535, 0.625544726849, 0.348447471857, 0.105122804642, 0.0890186280012, 0.160218596458, 0.440087527037, 0.655905365944, 0.493165344, 0.483549773693, 0.497646450996, 0.234588474035, 0.083956360817, 0.0967299044132, 0.197185903788, 0.31896468997, 0.280450582504, 0.149971395731, 0.0903155356646, 0.0946521237493, 0.245714917779, 0.844341695309],
    "chords_key": "F#",
    "chords_scale": "major",
    "key_key": "B",
    "key_scale": "minor"
}
}