{
"lowlevel": {
    "average_loudness": 0.0975581407547,
    "barkbands_crest": {
        "mean": 10.2591686249,
        "var": 9.24775600433
    },
    "barkbands_flatness_db": {
        "mean": 0.23679664731,
        "var": 0.00225570145994
    },
    "barkbands_kurtosis": {
        "mean": 2.32387280464,
        "var": 8.21300506592
    },
    "barkbands_skewness": {
        "mean": 1.13891613483,
        "var": 0.488213926554
    },
    "barkbands_spread": {
        "mean": 8.20239067078,
        "var": 13.7869319916
    },
    "dissonance": {
        "mean": 0.399780780077,
        "var": 0.00207144743763
    },
    "dynamic_complexity": 3.66789722443,
    "erbbands_crest": {
        "mean": 12.2801160812,
        "var": 17.8190288544
    },
    "erbbands_flatness_db": {
        "mean": 0.279159992933,
        "var": 0.00105397601146
    },
    "erbbands_kurtosis": {
        "mean": 0.610288143158,
        "var": 1.99844372272
    },
    "erbbands_skewness": {
        "mean": 0.515654444695,
        "var": 0.38098949194
    },
    "erbbands_spread": {
        "mean": 15.7839479446,
        "var": 29.4034633636
    },
    "hfc": {
        "mean": 8.07260894775,
        "var": 87.1187667847
    },
    "melbands_crest": {
        "mean": 14.1589956284,
        "var": 23.5293502808
    },
    "melbands_flatness_db": {
        "mean": 0.303722798824,
        "var": 0.00368952122517
    },
    "melbands_kurtosis": {
        "mean": 3.75170826912,
        "var": 13.8792734146
    },
    "melbands_skewness": {
        "mean": 1.41485214233,
        "var": 0.515447974205
    },
    "melbands_spread": {
        "mean": 11.9745874405,
        "var": 42.3755950928
    },
    "pitch_salience": {
        "mean": 0.535590410233,
        "var": 0.00912268925458
    },
    "silence_rate_20dB": {
        "mean": 1,
        "var": 0
    },
    "silence_rate_30dB": {
        "mean": 0.973738431931,
        "var": 0.0255724322051
    },
    "silence_rate_60dB": {
        "mean": 0.109165810049,
        "var": 0.0972483977675
    },
    "spectral_centroid": {
        "mean": 653.182800293,
        "var": 64520.0078125
    },
    "spectral_complexity": {
        "mean": 10.7111225128,
        "var": 9.18276977539
    },
    "spectral_decrease": {
        "mean": -4.3561008134e-009,
        "var": 4.02381777366e-017
    },
    "spectral_energy": {
        "mean": 0.0171731300652,
        "var": 0.000611535389908
    },
    "spectral_energyband_high": {
        "mean": 6.8119743446e-006,
        "var": 3.36138547552e-011
    },
    "spectral_energyband_low": {
        "mean": 0.00205737864599,
        "var": 7.01766330167e-005
    },
    "spectral_energyband_middle_high": {
        "mean": 0.00214538886212,
        "var": 4.6085961003e-006
    },
    "spectral_energyband_middle_low": {
        "mean": 0.0136022828519,
        "var": 0.000377491553081
    },
    "spectral_entropy": {
        "mean": 6.37731647491,
        "var": 0.122275300324
    },
    "spectral_flux": {
        "mean": 0.0373370163143,
        "var": 0.000559412990697
    },
    "spectral_kurtosis": {
        "mean": 25.6082992554,
        "var": 330.812316895
    },
    "spectral_rms": {
        "mean": 0.00352643080987,
        "var": 4.31853504779e-006
    },
    "spectral_rolloff": {
        "mean": 903.626220703,
        "var": 293361.0625
    },
    "spectral_skewness": {
        "mean": 3.43479275703,
        "var": 1.26134824753
    },
    "spectral_spread": {
        "mean": 1839561.25,
        "var": 1.24644360192e+012
    },
    "spectral_strongpeak": {
        "mean": 1.03033208847,
        "var": 0.593877911568
    },
    "zerocrossingrate": {
        "mean": 0.0318939164281,
        "var": 0.000202582159545
    },
    "barkbands": {
        "mean": [2.56147336586e-006, 1.58785896929e-005, 0.00152912037447, 0.000821791938506, 0.00459158420563, 0.00283632054925, 0.00191913277376, 0.00248271389864, 0.000684729777277, 0.000366580759874, 0.000950148969423, 0.000100182798633, 0.000260119937593, 0.000269098411081, 0.000111059976916, 0.000159881354193, 4.36634509242e-005, 1.07941623355e-005, 9.62028934737e-006, 3.62705009138e-006, 1.64376956491e-006, 1.34905280902e-006, 7.46987439015e-007, 4.49887522791e-007, 1.20240429169e-007, 2.27421637078e-007, 2.31027286191e-009],
        "var": [2.73364646891e-011, 1.96739247116e-009, 4.18436684413e-005, 4.7823755267e-006, 7.40709438105e-005, 2.94493020192e-005, 1.96301280084e-005, 1.43380420923e-005, 7.2989137152e-006, 3.29001551336e-007, 1.91776916836e-006, 5.59008590528e-008, 3.09419050382e-007, 1.70090814322e-007, 7.04394835793e-008, 4.82677009472e-008, 3.87198317853e-009, 1.17050466542e-010, 9.86239284684e-011, 1.31876350118e-011, 2.2631521223e-012, 1.93490514409e-012, 4.32231751476e-013, 2.0957294602e-013, 1.26880461771e-014, 1.16893474067e-013, 7.24433117227e-018]
    },
    "erbbands": {
        "mean": [0.000724446203094, 0.0226739011705, 1.00248765945, 3.11498618126, 3.25069880486, 18.1219825745, 30.3091030121, 18.5619068146, 21.7535610199, 62.4276161194, 35.1745948792, 18.9904785156, 14.9474639893, 13.7258338928, 34.1421737671, 7.44274425507, 12.2352542877, 14.7531929016, 6.27425527573, 8.20548152924, 5.2842669487, 2.05517673492, 1.0046390295, 0.686577677727, 0.281917452812, 0.202849447727, 0.0917217358947, 0.0512172020972, 0.0487760752439, 0.0351405255497, 0.021531548351, 0.0159153752029, 0.00416051782668, 0.00206855102442, 0.000620509847067, 0.00102908315603, 0.000534986378625, 2.12009235838e-005, 8.80958850757e-006, 1.93696087081e-005],
        "var": [3.48835897057e-006, 0.00811780430377, 17.7477092743, 126.105918884, 106.91783905, 1449.73413086, 2570.54077148, 1920.71984863, 4285.56738281, 13638.0771484, 4084.73022461, 5376.68603516, 581.691711426, 361.153717041, 2091.40258789, 179.963851929, 689.170166016, 422.205352783, 142.805465698, 134.251663208, 47.1196022034, 5.57183933258, 1.24685561657, 0.488420844078, 0.0919616147876, 0.0381540954113, 0.00685898540542, 0.00274405558594, 0.00257425219752, 0.00112767971586, 0.000385488761822, 0.000283561676042, 1.46208039951e-005, 3.85227485822e-006, 3.22409022147e-007, 2.13897897083e-006, 7.44266230868e-007, 6.42787212346e-010, 1.31190669439e-010, 7.54000639702e-010]
    },
    "gfcc": {
        "mean": [-118.468353271, 165.529830933, -147.118911743, -21.1189231873, -59.202167511, -13.8997163773, -46.2948951721, -13.6716747284, -18.2222232819, -13.9287958145, -16.190279007, -7.7139878273, -11.5434961319],
        "cov": [[2078.97167969, 346.040618896, -335.998443604, 134.359573364, -203.010238647, -79.7448272705, -132.858657837, -305.586395264, 99.6359024048, -150.793167114, 220.439117432, -233.643112183, 148.991882324], [346.040618896, 614.500244141, 309.982208252, -158.722091675, 110.191963196, -127.019622803, 25.10364151, -90.4861679077, 25.4718132019, -90.2115936279, 20.8447799683, -25.84126091, 30.1569423676], [-335.998443604, 309.982208252, 540.809509277, -220.08505249, 168.095611572, -108.804885864, 76.123008728, 86.6155548096, -72.7777175903, 52.0966644287, -117.112228394, 179.404876709, -39.5245018005], [134.359573364, -158.722091675, -220.08505249, 326.314697266, -66.7738952637, 108.200416565, -36.2194633484, -70.4737167358, 53.0212211609, -43.2169380188, 81.6058120728, -151.014633179, 10.6480846405], [-203.010238647, 110.191963196, 168.095611572, -66.7738952637, 164.423614502, 13.483335495, 34.7130432129, 51.5365486145, -32.8818817139, 28.0393314362, -66.3415374756, 77.6307983398, -36.4175376892], [-79.7448272705, -127.019622803, -108.804885864, 108.200416565, 13.483335495, 146.266189575, 31.0819911957, 14.4904966354, 10.6910820007, 4.93898916245, 8.63431072235, -35.0166511536, -18.7102794647], [-132.858657837, 25.10364151, 76.123008728, -36.2194633484, 34.7130432129, 31.0819911957, 85.9663314819, 62.7654647827, -22.400560379, 15.6647891998, -22.3649082184, 40.6373786926, -23.7381248474], [-305.586395264, -90.4861679077, 86.6155548096, -70.4737167358, 51.5365486145, 14.4904966354, 62.7654647827, 153.986557007, -22.7437877655, 63.3827667236, -78.6133804321, 98.1262741089, -50.3464393616], [99.6359024048, 25.4718132019, -72.7777175903, 53.0212211609, -32.8818817139, 10.6910820007, -22.400560379, -22.7437877655, 99.8173828125, -5.22067499161, 35.5967636108, -86.1616363525, 0.94102948904], [-150.793167114, -90.2115936279, 52.0966644287, -43.2169380188, 28.0393314362, 4.93898916245, 15.6647891998, 63.3827667236, -5.22067499161, 98.8310089111, -31.12799263, 66.3847732544, -34.2744865417], [220.439117432, 20.8447799683, -117.112228394, 81.6058120728, -66.3415374756, 8.63431072235, -22.3649082184, -78.6133804321, 35.5967636108, -31.12799263, 127.837409973, -71.1305465698, 32.8230438232], [-233.643112183, -25.84126091, 179.404876709, -151.014633179, 77.6307983398, -35.0166511536, 40.6373786926, 98.1262741089, -86.1616363525, 66.3847732544, -71.1305465698, 209.696914673, -7.24858140945], [148.991882324, 30.1569423676, -39.5245018005, 10.6480846405, -36.4175376892, -18.7102794647, -23.7381248474, -50.3464393616, 0.94102948904, -34.2744865417, 32.8230438232, -7.24858140945, 72.0369796753]],
        "icov": [[0.00120291672647, -0.00277935038321, 0.00188133970369, -0.00101959204767, 0.00217433762737, -0.000414676993387, 0.00107447104529, 0.000226680305786, 0.00102775089908, -0.00194243725855, 0.000815122155473, -0.00122324214317, -6.95945200277e-005], [-0.00277935038321, 0.0182860288769, -0.00987200438976, 0.00704938592389, -0.0140905380249, 0.00678214803338, -0.0101350164041, 0.00626394618303, -0.00938350241631, 0.0134715968743, -0.00671216426417, 0.00758323539048, -0.00233519915491], [0.00188133970369, -0.00987200438976, 0.0110989063978, -0.00424627494067, 0.0039365128614, 0.00187548191752, -0.000605303968769, 0.000438453251263, 0.00352517864667, -0.00769778015092, 0.00601355871186, -0.00689776660874, 0.00240038055927], [-0.00101959204767, 0.00704938592389, -0.00424627494067, 0.00978319812566, -0.00478246575221, -0.00269783101976, 0.000101403456938, 0.000532728096005, -0.0018887227634, 0.00542538752779, -0.00525125768036, 0.00713137863204, -0.00161460891832], [0.00217433762737, -0.0140905380249, 0.0039365128614, -0.00478246575221, 0.0231805704534, -0.0103953760117, 0.00972668174654, -0.00352248665877, 0.00639477465302, -0.00865863170475, 0.00734513206407, -0.00862566102296, 0.00561250466853], [-0.000414676993387, 0.00678214803338, 0.00187548191752, -0.00269783101976, -0.0103953760117, 0.0200609341264, -0.015246456489, 0.00607785070315, -0.00493527296931, 0.00282536703162, 9.84892394627e-005, 0.00125029287301, 0.000114785609185], [0.00107447104529, -0.0101350164041, -0.000605303968769, 0.000101403456938, 0.00972668174654, -0.015246456489, 0.0341217927635, -0.0179614759982, 0.0112210782245, -0.00386125291698, -0.00372887146659, 0.000791440135799, 0.00111643702257], [0.000226680305786, 0.00626394618303, 0.000438453251263, 0.000532728096005, -0.00352248665877, 0.00607785070315, -0.0179614759982, 0.02766074799, -0.01134998817, 0.00183540862054, 0.00723923649639, -0.00865331571549, 0.0071340976283], [0.00102775089908, -0.00938350241631, 0.00352517864667, -0.0018887227634, 0.00639477465302, -0.00493527296931, 0.0112210782245, -0.01134998817, 0.0253638233989, -0.0119868265465, -0.00129931140691, 0.00923727080226, -0.00278100324795], [-0.00194243725855, 0.0134715968743, -0.00769778015092, 0.00542538752779, -0.00865863170475, 0.00282536703162, -0.00386125291698, 0.00183540862054, -0.0119868265465, 0.0287635009736, -0.00612551905215, -0.00234194449149, 0.00611665891483], [0.000815122155473, -0.00671216426417, 0.00601355871186, -0.00525125768036, 0.00734513206407, 9.84892394627e-005, -0.00372887146659, 0.00723923649639, -0.00129931140691, -0.00612551905215, 0.019239127636, -0.00626544607803, 0.000475167005789], [-0.00122324214317, 0.00758323539048, -0.00689776660874, 0.00713137863204, -0.00862566102296, 0.00125029287301, 0.000791440135799, -0.00865331571549, 0.00923727080226, -0.00234194449149, -0.00626544607803, 0.0246997419745, -0.0112009281293], [-6.95945200277e-005, -0.00233519915491, 0.00240038055927, -0.00161460891832, 0.00561250466853, 0.000114785609185, 0.00111643702257, 0.0071340976283, -0.00278100324795, 0.00611665891483, 0.000475167005789, -0.0112009281293, 0.0263830143958]]
    },
    "melbands": {
        "mean": [4.01643092118e-006, 0.000389132153941, 0.000535869097803, 0.00061172869755, 0.00113706954289, 0.000468701007776, 0.000342825369444, 0.000677201373037, 0.000248539348831, 0.000101203826489, 6.99073789292e-005, 4.5577668061e-005, 0.000134459609399, 2.41345023824e-005, 2.70525870292e-005, 1.84389682545e-005, 3.07664995489e-005, 9.59220142249e-006, 9.07409321371e-006, 1.6117002815e-005, 3.5732748529e-006, 2.05275455301e-006, 1.65152664522e-006, 6.49931507724e-007, 5.48693606106e-007, 2.43609463269e-007, 1.20833732353e-007, 1.44856741713e-007, 7.09937069132e-008, 3.05160057223e-008, 3.11022212429e-008, 2.32767991548e-008, 3.29988978365e-008, 1.38255771276e-008, 1.06601225625e-008, 1.59191806404e-008, 6.89450407876e-009, 2.53159826435e-009, 2.82241185978e-009, 1.31180288854e-009],
        "var": [8.51564790905e-011, 2.70479972642e-006, 2.95281938634e-006, 1.78100231096e-006, 3.44994828083e-006, 1.240170036e-006, 8.49786431445e-007, 1.35917275657e-006, 2.4676651833e-007, 1.59061215754e-007, 1.4099689416e-008, 4.60058702245e-009, 4.15212433325e-008, 1.47702494679e-009, 3.12685144443e-009, 1.27216237544e-009, 1.97774951971e-009, 4.64048910409e-010, 6.20659301731e-010, 4.72665073747e-010, 2.49493203874e-011, 8.11561234881e-012, 6.68279841187e-012, 4.46649851436e-013, 3.82397238874e-013, 1.08584080854e-013, 1.3982968124e-014, 2.53926569306e-014, 4.81124243161e-015, 1.21351699848e-015, 1.48501403384e-015, 5.95569194005e-016, 1.55891511739e-015, 1.6238382605e-016, 9.99933710064e-017, 3.23936368672e-016, 5.2536460856e-017, 5.44057161596e-018, 9.76356349454e-018, 1.5068230163e-018]
    },
    "mfcc": {
        "mean": [-758.631408691, 204.81703186, -32.1719512939, -6.79410791397, -7.06300830841, -10.1612243652, -23.267288208, -7.94595861435, -13.5572967529, -8.10364532471, -12.7624540329, -7.83478403091, -3.63785123825],
        "cov": [[1849.36022949, -53.2082290649, -270.132324219, 73.8211517334, -126.194007874, 144.298278809, -152.779586792, -171.644744873, -234.051086426, 8.62959003448, 13.6256160736, 21.0688419342, -112.694107056], [-53.2082290649, 880.42956543, 244.750976563, -49.1642990112, 76.9814224243, -126.351600647, -3.78588175774, -20.7769203186, 21.4582691193, -92.4030838013, -52.8379936218, -88.2869186401, 45.3067207336], [-270.132324219, 244.750976563, 219.233093262, 14.296043396, 25.1296977997, -43.8575592041, 21.5178279877, 19.8197841644, 37.7285804749, -25.0739364624, -14.3101186752, -25.5387306213, 21.5057487488], [73.8211517334, -49.1642990112, 14.296043396, 113.481796265, 6.68980789185, 20.7898750305, 0.101163268089, -8.63371086121, -18.9354286194, 2.14658784866, 3.50548768044, 6.41185331345, -8.52293968201], [-126.194007874, 76.9814224243, 25.1296977997, 6.68980789185, 109.738708496, 24.8120918274, 10.4513645172, 12.3996095657, 20.4952411652, -4.43137216568, 1.33585572243, -11.4822206497, 1.34639728069], [144.298278809, -126.351600647, -43.8575592041, 20.7898750305, 24.8120918274, 125.325447083, 24.1285381317, -6.89687013626, -20.8299636841, 16.9182567596, 24.6029529572, 18.0143642426, -27.0269832611], [-152.779586792, -3.78588175774, 21.5178279877, 0.101163268089, 10.4513645172, 24.1285381317, 103.366851807, 52.8579330444, 16.572145462, -5.99152183533, -4.3802075386, 7.10986042023, 16.6776809692], [-171.644744873, -20.7769203186, 19.8197841644, -8.63371086121, 12.3996095657, -6.89687013626, 52.8579330444, 88.5728988647, 51.6267852783, -3.6001727581, -4.83226823807, 2.56949996948, 18.5074539185], [-234.051086426, 21.4582691193, 37.7285804749, -18.9354286194, 20.4952411652, -20.8299636841, 16.572145462, 51.6267852783, 105.624725342, 19.0706615448, -3.81438469887, -3.06261444092, 20.7164669037], [8.62959003448, -92.4030838013, -25.0739364624, 2.14658784866, -4.43137216568, 16.9182567596, -5.99152183533, -3.6001727581, 19.0706615448, 82.4329910278, 38.20911026, 15.2476139069, -17.9259624481], [13.6256160736, -52.8379936218, -14.3101186752, 3.50548768044, 1.33585572243, 24.6029529572, -4.3802075386, -4.83226823807, -3.81438469887, 38.20911026, 76.5097351074, 35.6893882751, -13.6647195816], [21.0688419342, -88.2869186401, -25.5387306213, 6.41185331345, -11.4822206497, 18.0143642426, 7.10986042023, 2.56949996948, -3.06261444092, 15.2476139069, 35.6893882751, 76.0561904907, 20.2408351898], [-112.694107056, 45.3067207336, 21.5057487488, -8.52293968201, 1.34639728069, -27.0269832611, 16.6776809692, 18.5074539185, 20.7164669037, -17.9259624481, -13.6647195816, 20.2408351898, 80.869102478]],
        "icov": [[0.00174167961814, -0.00149462081026, 0.00220768060535, -0.00126847415231, 0.00258859945461, -0.00304761482403, 0.00271852570586, -0.0012545872014, 0.00225786934607, -0.00103529612534, 0.00144203135278, -0.00109060783871, 0.000917258206755], [-0.00149462081026, 0.00386940408498, -0.00400923099369, 0.00225606723689, -0.00393744045869, 0.00444922083989, -0.00309077673592, 0.00318015250377, -0.0018764649285, 0.00263237929903, -0.00219249399379, 0.0027196155861, -0.00147151073907], [0.00220768060535, -0.00400923099369, 0.0107335224748, -0.00417501246557, 0.00369211356156, -0.00304303667508, 0.00192471372429, -0.00168142456096, 0.000213484250708, -0.000486043834826, 0.000706495018676, -0.000661987287458, 0.00106027699076], [-0.00126847415231, 0.00225606723689, -0.00417501246557, 0.0112638203427, -0.00321743544191, 0.00148444704246, -0.00167522020638, 0.00128394691274, 0.000769734382629, 0.000389771070331, -0.000146460632095, -1.32149289129e-005, -0.000265140784904], [0.00258859945461, -0.00393744045869, 0.00369211356156, -0.00321743544191, 0.0160235371441, -0.00927878823131, 0.00505648832768, -0.00359962042421, 0.000770894053858, -0.00104880786967, 0.00107575603761, 5.42231464351e-005, 0.000643727253191], [-0.00304761482403, 0.00444922083989, -0.00304303667508, 0.00148444704246, -0.00927878823131, 0.0191813763231, -0.0102937528864, 0.00613283691928, -0.00309338024817, 0.00258930795826, -0.00466789677739, 0.000711465720087, 0.00191000988707], [0.00271852570586, -0.00309077673592, 0.00192471372429, -0.00167522020638, 0.00505648832768, -0.0102937528864, 0.0214970894158, -0.0140708032995, 0.00698997359723, -0.0031506717205, 0.00444617588073, -0.00280896690674, -0.000940708268899], [-0.0012545872014, 0.00318015250377, -0.00168142456096, 0.00128394691274, -0.00359962042421, 0.00613283691928, -0.0140708032995, 0.0270178802311, -0.0127149270847, 0.00596803380176, -0.00357768661343, 0.00190856109839, -0.000621456245426], [0.00225786934607, -0.0018764649285, 0.000213484250708, 0.000769734382629, 0.000770894053858, -0.00309338024817, 0.00698997359723, -0.0127149270847, 0.0213434416801, -0.00890925712883, 0.00469500618055, -0.00128088681959, -0.00168481539004], [-0.00103529612534, 0.00263237929903, -0.000486043834826, 0.000389771070331, -0.00104880786967, 0.00258930795826, -0.0031506717205, 0.00596803380176, -0.00890925712883, 0.0214801989496, -0.0105267167091, 0.00217255298048, 0.00214083236642], [0.00144203135278, -0.00219249399379, 0.000706495018676, -0.000146460632095, 0.00107575603761, -0.00466789677739, 0.00444617588073, -0.00357768661343, 0.00469500618055, -0.0105267167091, 0.025308240205, -0.0127028264105, 0.00527810864151], [-0.00109060783871, 0.0027196155861, -0.000661987287458, -1.32149289129e-005, 5.42231464351e-005, 0.000711465720087, -0.00280896690674, 0.00190856109839, -0.00128088681959, 0.00217255298048, -0.0127028264105, 0.0245511420071, -0.00997109431773], [0.000917258206755, -0.00147151073907, 0.00106027699076, -0.000265140784904, 0.000643727253191, 0.00191000988707, -0.000940708268899, -0.000621456245426, -0.00168481539004, 0.00214083236642, 0.00527810864151, -0.00997109431773, 0.0194159392267]]
    },
    "spectral_contrast_coeffs": {
        "mean": [-0.467477500439, -0.650251150131, -0.701297342777, -0.727449119091, -0.73994654417, -0.773477077484],
        "var": [0.00604587607086, 0.00330294063315, 0.00264134351164, 0.00230961386114, 0.00107498443685, 0.000804146577138]
    },
    "spectral_contrast_valleys": {
        "mean": [-9.37532806396, -7.09018707275, -7.90929365158, -8.57460403442, -9.82641410828, -12.8784484863],
        "var": [0.510383248329, 0.749927222729, 0.404596239328, 0.40127196908, 0.311588943005, 0.319672375917]
    }
},
"metadata": {
    "audio_properties": {
        "analysis_sample_rate": 44100,
        "bit_rate": 128074,
        "equal_loudness": 0,
        "length": 45.0612258911,
        "lossless": 0,
        "replay_gain": -4.10349845886,
        "sample_rate": 44100,
        "codec": "mp3",
        "downmix": "mix",
        "md5_encoded": "a852f3e1a4259918d082b441da816595"
    },
    "tags": {
        "file_name": "1350.mp3"
    },
    "version": {
        "essentia": "2.1-beta2",
        "essentia_git_sha": "v2.1_beta2",
        "extractor": "music 1.0"
    }
},
"rhythm": {
    "beats_count": 72,
    "beats_loudness": {
        "mean": 0.0211591050029,
        "var": 0.000973652757239
    },
    "bpm": 94.6376571655,
    "bpm_histogram_first_peak_bpm": {
        "mean": 96,
        "var": 0
    },
    "bpm_histogram_first_peak_spread": {
        "mean": 0.693877518177,
        "var": 0
    },
    "bpm_histogram_first_peak_weight": {
        "mean": 0.211267605424,
        "var": 0
    },
    "bpm_histogram_second_peak_bpm": {
        "mean": 117,
        "var": 0
    },
    "bpm_histogram_second_peak_spread": {
        "mean": 0.454545468092,
        "var": 0
    },
    "bpm_histogram_second_peak_weight": {
        "mean": 0.0845070406795,
        "var": 0
    },
    "danceability": 0.817081809044,
    "onset_rate": 0.332730412483,
    "beats_loudness_band_ratio": {
        "mean": [0.115984015167, 0.340701639652, 0.388555854559, 0.167354628444, 0.0285715963691, 0.0014630947262],
        "var": [0.0202658567578, 0.037698969245, 0.0389899760485, 0.022433379665, 0.000661042460706, 2.27011832976e-006]
    },
    "beats_position": [0.603718817234, 1.23065757751, 1.8575963974, 2.48453521729, 3.11147379875, 3.72680258751, 4.34213161469, 4.96907043457, 5.59600877762, 6.19972801208, 6.80344676971, 7.41877555847, 8.03410434723, 8.63782310486, 9.287981987, 9.93814086914, 10.5650787354, 11.2036275864, 11.8305664063, 12.4691152573, 13.1076641083, 13.7462129593, 14.3731517792, 15.0233106613, 15.6618595123, 16.3120174408, 16.9505672455, 17.5775051117, 18.2276649475, 18.877822876, 19.5279808044, 20.1781406403, 20.8631286621, 21.5365066528, 22.221496582, 22.9064846039, 23.5914726257, 24.2416324615, 24.89179039, 25.37940979, 25.8786392212, 26.3778686523, 26.8887062073, 27.3995456696, 27.9103851318, 28.4212245941, 28.9204521179, 29.4196815491, 29.9305210114, 30.4413604736, 30.9638080597, 31.5326976776, 32.1015853882, 32.6588668823, 33.2974128723, 33.9243545532, 34.5629005432, 35.1898422241, 35.8167800903, 36.455329895, 37.0822677612, 37.7208137512, 38.3593635559, 38.9863014221, 39.6248512268, 40.3214492798, 41.0296592712, 41.6682090759, 42.3183670044, 42.9685249329, 43.6186828613, 44.2688446045]
},
"tonal": {
    "chords_changes_rate": 0.0339506156743,
    "chords_number_rate": 0.00823045242578,
    "chords_strength": {
        "mean": 0.38868996501,
        "var": 0.00723964581266
    },
    "hpcp_entropy": {
        "mean": 1.01540863514,
        "var": 0.443721562624
    },
    "key_strength": 0.725916743279,
    "tuning_diatonic_strength": 0.49884980917,
    "tuning_equal_tempered_deviation": 0.0129074389115,
    "tuning_frequency": 440,
    "tuning_nontempered_energy_ratio": 0.593539655209,
    "hpcp": {
        "mean": [0.00710173137486, 0.00999550241977, 0.0188250020146, 0.0133903566748, 0.00789052993059, 0.174229606986, 0.338994055986, 0.209384977818, 0.401060461998, 0.651817560196, 0.29970061779, 0.0118692982942, 0.00207242881879, 0.0104777058586, 0.146303385496, 0.226239085197, 0.0919868648052, 0.00392922572792, 0.00225624162704, 0.00805539544672, 0.103796683252, 0.172914937139, 0.0864297226071, 0.0726644918323, 0.10615862906, 0.0466266833246, 0.0106986528262, 0.0158433802426, 0.0104969060048, 0.0897265821695, 0.185116484761, 0.100961089134, 0.00507778441533, 0.00337410462089, 0.00328870839439, 0.00575467664748],
        "var": [0.000152375956532, 0.000105917650217, 0.000502407026943, 0.000266730174189, 0.000202105205972, 0.0383356548846, 0.150608494878, 0.0471687912941, 0.065068371594, 0.135584324598, 0.035210378468, 0.00106618215796, 0.000120096374303, 0.000494713429362, 0.062822073698, 0.142362624407, 0.0243116654456, 0.00017877657956, 1.44679770528e-005, 0.000221586131374, 0.0240678619593, 0.0802559554577, 0.0285883005708, 0.0355271697044, 0.0778080224991, 0.0156705640256, 0.000333690142725, 0.00110307266004, 0.000425451842602, 0.0132705960423, 0.0459687709808, 0.0117655051872, 9.21996397665e-005, 0.000182306786883, 5.55659134989e-005, 7.42364063626e-005]
    },
    "chords_histogram": [46.7078170776, 14.8148145676, 21.0905342102, 3.18930029869, 0, 0, 0, 0, 0.720164597034, 0, 1.54320991039, 0, 0, 0, 0, 3.29218101501, 0, 0, 0, 0, 0.102880656719, 0, 6.48148155212, 2.05761313438],
    "thpcp": [1, 0.459792166948, 0.0182095412165, 0.00317946146242, 0.0160745996982, 0.224454507232, 0.347089588642, 0.141123637557, 0.00602810643613, 0.0034614619799, 0.0123583590612, 0.15924192965, 0.265281200409, 0.132598027587, 0.11147980392, 0.162865549326, 0.0715333372355, 0.0164135694504, 0.0243064649403, 0.0161040555686, 0.137655973434, 0.284000456333, 0.154891639948, 0.00779019249603, 0.00517645571381, 0.00504544284195, 0.00882866140455, 0.0108952745795, 0.0153348157182, 0.028880784288, 0.0205431059003, 0.0121054267511, 0.267298132181, 0.520075082779, 0.321232497692, 0.61529558897],
    "chords_key": "C",
    "chords_scale": "major",
    "key_key": "C",
    "key_scale": "major"
}
}