{
"lowlevel": {
    "average_loudness": 0.985469341278,
    "barkbands_crest": {
        "mean": 15.9265594482,
        "var": 43.7966499329
    },
    "barkbands_flatness_db": {
        "mean": 0.178828030825,
        "var": 0.00666972715408
    },
    "barkbands_kurtosis": {
        "mean": 22.3091754913,
        "var": 1171.70703125
    },
    "barkbands_skewness": {
        "mean": 3.60572147369,
        "var": 8.88342571259
    },
    "barkbands_spread": {
        "mean": 33.6032524109,
        "var": 766.968261719
    },
    "dissonance": {
        "mean": 0.477992892265,
        "var": 0.000270558404736
    },
    "dynamic_complexity": 2.02013492584,
    "erbbands_crest": {
        "mean": 6.65917301178,
        "var": 4.9143743515
    },
    "erbbands_flatness_db": {
        "mean": 0.107830733061,
        "var": 0.000824178452604
    },
    "erbbands_kurtosis": {
        "mean": 0.613065898418,
        "var": 13.3911647797
    },
    "erbbands_skewness": {
        "mean": -0.723703205585,
        "var": 0.975755035877
    },
    "erbbands_spread": {
        "mean": 81.818145752,
        "var": 789.594665527
    },
    "hfc": {
        "mean": 37.5524482727,
        "var": 728.907470703
    },
    "melbands_crest": {
        "mean": 24.2753658295,
        "var": 48.1503601074
    },
    "melbands_flatness_db": {
        "mean": 0.259344637394,
        "var": 0.00976064428687
    },
    "melbands_kurtosis": {
        "mean": 112.815834045,
        "var": 16631.4648438
    },
    "melbands_skewness": {
        "mean": 8.27424907684,
        "var": 24.2023200989
    },
    "melbands_spread": {
        "mean": 25.4294967651,
        "var": 1947.83544922
    },
    "pitch_salience": {
        "mean": 0.356138676405,
        "var": 0.0425086244941
    },
    "silence_rate_20dB": {
        "mean": 1,
        "var": 0
    },
    "silence_rate_30dB": {
        "mean": 0.725025773048,
        "var": 0.199365839362
    },
    "silence_rate_60dB": {
        "mean": 0.00514933047816,
        "var": 0.00512285949662
    },
    "spectral_centroid": {
        "mean": 2008.18603516,
        "var": 1114916.125
    },
    "spectral_complexity": {
        "mean": 14.455201149,
        "var": 81.4054870605
    },
    "spectral_decrease": {
        "mean": -2.04908943147e-008,
        "var": 3.78362920684e-016
    },
    "spectral_energy": {
        "mean": 0.0807434767485,
        "var": 0.00537347467616
    },
    "spectral_energyband_high": {
        "mean": 0.00339889992028,
        "var": 1.06719098767e-005
    },
    "spectral_energyband_low": {
        "mean": 0.0685216113925,
        "var": 0.0053956899792
    },
    "spectral_energyband_middle_high": {
        "mean": 0.00211857492104,
        "var": 4.17476394432e-006
    },
    "spectral_energyband_middle_low": {
        "mean": 0.00699708145112,
        "var": 0.000237277636188
    },
    "spectral_entropy": {
        "mean": 8.01916408539,
        "var": 0.188901484013
    },
    "spectral_flux": {
        "mean": 0.132229804993,
        "var": 0.0100320708007
    },
    "spectral_kurtosis": {
        "mean": 0.899026155472,
        "var": 1.22444570065
    },
    "spectral_rms": {
        "mean": 0.0079497685656,
        "var": 1.55754478328e-005
    },
    "spectral_rolloff": {
        "mean": 2086.68896484,
        "var": 9760983
    },
    "spectral_skewness": {
        "mean": 0.864540696144,
        "var": 0.14376604557
    },
    "spectral_spread": {
        "mean": 8037730.5,
        "var": 4.1083427881e+012
    },
    "spectral_strongpeak": {
        "mean": 0.64803314209,
        "var": 0.261559486389
    },
    "zerocrossingrate": {
        "mean": 0.07978143543,
        "var": 0.00520894490182
    },
    "barkbands": {
        "mean": [0.00297322310507, 0.0494844280183, 0.0158234350383, 0.00234819040634, 0.00247180880979, 0.00125363655388, 0.00024950641091, 0.000280926877167, 0.000280838023173, 0.000200246708118, 0.00018835546507, 8.00188354333e-005, 0.000200819660677, 9.8923999758e-005, 0.000175883775228, 0.00026152873761, 0.000272018631222, 0.000180575094419, 0.000373559072614, 0.000350295798853, 0.000328521535266, 0.000414333597291, 0.000970090331975, 0.000868480303325, 0.000447913102107, 0.00016121812223, 4.66515484732e-006],
        "var": [3.27060879499e-005, 0.00484389299527, 0.000478551053675, 5.87010654272e-005, 6.67743079248e-005, 2.76850482805e-006, 1.2374846392e-007, 1.98718424826e-007, 1.94411683196e-007, 1.16110435044e-007, 1.28954880552e-007, 1.96542249142e-008, 8.32882420809e-008, 3.22314086532e-008, 1.0199104139e-007, 1.23390606177e-007, 1.78403467999e-007, 5.77157734938e-008, 2.13417109762e-007, 1.40985875419e-007, 9.87847670331e-008, 2.08731862017e-007, 1.13205055641e-006, 1.0428832411e-006, 2.02242475211e-007, 2.43892461782e-008, 2.56957458783e-011]
    },
    "erbbands": {
        "mean": [1.82415866852, 9.66134738922, 18.7914848328, 11.6736907959, 8.34915733337, 8.06606483459, 9.27948570251, 9.43514728546, 3.91878986359, 5.33545970917, 5.2423620224, 6.75542926788, 7.87269496918, 4.44205141068, 7.73074007034, 4.25596952438, 9.60007572174, 5.51255130768, 5.52184724808, 13.4792995453, 13.3483352661, 13.3327207565, 10.6186656952, 19.0292110443, 16.6744098663, 19.1348838806, 14.4592199326, 10.8534708023, 12.4784574509, 26.5396785736, 27.0853118896, 21.7178382874, 11.5852050781, 5.29977655411, 3.14042115211, 1.12671196461, 0.217887356877, 0.0275699310005, 0.000716498063412, 0.000125388163724],
        "var": [7.81833219528, 181.697814941, 564.478271484, 596.938842773, 860.274841309, 633.516479492, 197.687011719, 165.526321411, 27.7656211853, 61.363658905, 63.3935813904, 119.048965454, 189.05078125, 49.3737564087, 192.742843628, 37.3375816345, 196.065338135, 85.4758834839, 64.8777008057, 617.500671387, 364.617401123, 377.878814697, 161.762435913, 617.904724121, 360.597412109, 412.381958008, 187.903381348, 131.976028442, 164.891296387, 1045.07214355, 878.062316895, 642.259338379, 178.350799561, 32.1910247803, 9.6880903244, 1.25465905666, 0.0408920571208, 0.000622254970949, 3.75211982373e-007, 5.87614845671e-009]
    },
    "gfcc": {
        "mean": [24.4008617401, 34.8557014465, -65.5888900757, 69.7810668945, -53.0877304077, 35.9698066711, -33.5447044373, 23.1901931763, -18.1078338623, 9.89293861389, -12.572974205, 5.86350631714, -12.58070755],
        "cov": [[3986.88818359, 759.627990723, -717.615539551, -314.590545654, -188.512771606, -181.482955933, -220.620376587, -139.76524353, -268.276977539, -266.776306152, -163.79637146, -156.69468689, -173.995300293], [759.627990723, 1525.73193359, -415.285491943, -246.852828979, 125.884490967, -341.235565186, 7.02133321762, -82.9057159424, -62.2147598267, -180.759765625, 21.8225784302, -68.0158309937, 72.9757614136], [-717.615539551, -415.285491943, 591.458190918, 142.619400024, -74.891242981, 139.166137695, 22.0161743164, 20.0007362366, 54.6426467896, 56.7195625305, -16.4124259949, 9.34765148163, -5.78500032425], [-314.590545654, -246.852828979, 142.619400024, 387.174133301, 214.889068604, 51.7909851074, 146.329284668, 68.2600402832, 95.8640441895, 83.5280151367, 75.2866363525, -2.95596814156, 47.6110687256], [-188.512771606, 125.884490967, -74.891242981, 214.889068604, 411.117095947, 57.9684486389, 196.849197388, 106.084487915, 124.812385559, 78.8756942749, 91.9989547729, -3.71840763092, 53.9244194031], [-181.482955933, -341.235565186, 139.166137695, 51.7909851074, 57.9684486389, 219.24180603, 72.153503418, 49.8714294434, 64.7207870483, 54.8290977478, 10.8550930023, 17.0932216644, -12.4521961212], [-220.620376587, 7.02133321762, 22.0161743164, 146.329284668, 196.849197388, 72.153503418, 230.915176392, 117.136245728, 98.3046112061, 68.3761138916, 74.3810348511, -2.81600928307, 44.2993125916], [-139.76524353, -82.9057159424, 20.0007362366, 68.2600402832, 106.084487915, 49.8714294434, 117.136245728, 116.877311707, 81.3841629028, 56.0185890198, 35.9083099365, 10.640203476, 14.8415546417], [-268.276977539, -62.2147598267, 54.6426467896, 95.8640441895, 124.812385559, 64.7207870483, 98.3046112061, 81.3841629028, 142.006240845, 82.1329650879, 47.7611160278, 12.084985733, 45.3721122742], [-266.776306152, -180.759765625, 56.7195625305, 83.5280151367, 78.8756942749, 54.8290977478, 68.3761138916, 56.0185890198, 82.1329650879, 118.78616333, 51.1690864563, 17.2239570618, 19.913105011], [-163.79637146, 21.8225784302, -16.4124259949, 75.2866363525, 91.9989547729, 10.8550930023, 74.3810348511, 35.9083099365, 47.7611160278, 51.1690864563, 87.8587341309, 30.2898311615, 33.1518669128], [-156.69468689, -68.0158309937, 9.34765148163, -2.95596814156, -3.71840763092, 17.0932216644, -2.81600928307, 10.640203476, 12.084985733, 17.2239570618, 30.2898311615, 57.4856758118, 25.5859127045], [-173.995300293, 72.9757614136, -5.78500032425, 47.6110687256, 53.9244194031, -12.4521961212, 44.2993125916, 14.8415546417, 45.3721122742, 19.913105011, 33.1518669128, 25.5859127045, 76.9223709106]],
        "icov": [[0.000515040301252, -0.000559238600545, 0.000766105833463, -0.000849543721415, 0.000701236829627, -0.0010764329927, 0.000652266666293, -0.000853955338243, 0.000611498137005, -0.000250968325417, 0.000548164767679, 0.00046933782869, 0.000714198627975], [-0.000559238600545, 0.00421929266304, -0.00137118005659, 0.00522169703618, -0.00373554229736, 0.00595304556191, -0.00276338704862, 0.00403858441859, -0.00306128058583, 0.00569897051901, -0.00478245830163, 0.00390772428364, -0.00311656855047], [0.000766105833463, -0.00137118005659, 0.00407474255189, -0.00361852557398, 0.00320320692845, -0.00369059829973, 0.000803648261353, -0.001157142804, 0.000162234180607, -0.0017102296697, 0.00300866598263, -0.000728279585019, 0.00178995332681], [-0.000849543721415, 0.00522169703618, -0.00361852557398, 0.0117128752172, -0.00695830583572, 0.00796031672508, -0.00403226353228, 0.00538103934377, -0.00319337984547, 0.00585598032922, -0.00800328701735, 0.00653722696006, -0.00530427554622], [0.000701236829627, -0.00373554229736, 0.00320320692845, -0.00695830583572, 0.00957023259252, -0.00634218519554, 0.000464395940071, -0.00404285872355, 0.000474268337712, -0.00416765827686, 0.00248280586675, -0.00145820225589, 0.00266889366321], [-0.0010764329927, 0.00595304556191, -0.00369059829973, 0.00796031672508, -0.00634218519554, 0.017194410786, -0.00892970245332, 0.00977678224444, -0.00867451168597, 0.00642157439142, -0.00186809839215, -0.0028360763099, 0.00240130745806], [0.000652266666293, -0.00276338704862, 0.000803648261353, -0.00403226353228, 0.000464395940071, -0.00892970245332, 0.0210619233549, -0.0186294335872, 0.00769636360928, -0.00198200973682, -0.00827161129564, 0.0123259490356, -0.00821449141949], [-0.000853955338243, 0.00403858441859, -0.001157142804, 0.00538103934377, -0.00404285872355, 0.00977678224444, -0.0186294335872, 0.0334808006883, -0.0156997591257, 0.00291550648399, 0.00491601042449, -0.0119119919837, 0.00985408760607], [0.000611498137005, -0.00306128058583, 0.000162234180607, -0.00319337984547, 0.000474268337712, -0.00867451168597, 0.00769636360928, -0.0156997591257, 0.0258253775537, -0.0112088946626, -0.000509735138621, 0.00697188591585, -0.011294266209], [-0.000250968325417, 0.00569897051901, -0.0017102296697, 0.00585598032922, -0.00416765827686, 0.00642157439142, -0.00198200973682, 0.00291550648399, -0.0112088946626, 0.0257809963077, -0.0137231014669, 0.00632571801543, -0.00143958360422], [0.000548164767679, -0.00478245830163, 0.00300866598263, -0.00800328701735, 0.00248280586675, -0.00186809839215, -0.00827161129564, 0.00491601042449, -0.000509735138621, -0.0137231014669, 0.0371700637043, -0.0249790158123, 0.00887131597847], [0.00046933782869, 0.00390772428364, -0.000728279585019, 0.00653722696006, -0.00145820225589, -0.0028360763099, 0.0123259490356, -0.0119119919837, 0.00697188591585, 0.00632571801543, -0.0249790158123, 0.0466780811548, -0.0214941296726], [0.000714198627975, -0.00311656855047, 0.00178995332681, -0.00530427554622, 0.00266889366321, 0.00240130745806, -0.00821449141949, 0.00985408760607, -0.011294266209, -0.00143958360422, 0.00887131597847, -0.0214941296726, 0.0326977074146]]
    },
    "melbands": {
        "mean": [0.0148844067007, 0.0107152499259, 0.00206889398396, 0.000596531957854, 0.000334460986778, 0.000217485430767, 5.56805061933e-005, 6.28696798231e-005, 4.26077313023e-005, 4.15605900344e-005, 3.80659803341e-005, 1.66322806763e-005, 2.70925520454e-005, 1.2226662875e-005, 1.93427295017e-005, 1.44458099385e-005, 1.04308128357e-005, 8.07857122709e-006, 1.17499203043e-005, 2.146233237e-005, 1.28964402393e-005, 1.06308107206e-005, 1.75106451934e-005, 7.74922409619e-006, 1.62162596098e-005, 1.27316861835e-005, 1.05772342067e-005, 1.35117834361e-005, 9.0605335572e-006, 7.52966388973e-006, 6.21486151431e-006, 5.64593119634e-006, 9.78803655016e-006, 1.74353026523e-005, 1.67079051607e-005, 1.2384160982e-005, 1.41286309372e-005, 9.19556896406e-006, 5.01893509863e-006, 4.15746126237e-006],
        "var": [0.000470994942589, 0.000140472286148, 1.84987384273e-005, 4.35400124843e-006, 3.20320708624e-007, 8.70767351557e-008, 5.9092553073e-009, 8.83279582808e-009, 4.0523131517e-009, 4.25985158259e-009, 4.62513138899e-009, 7.20607240545e-010, 2.71133204777e-009, 4.2531950184e-010, 7.69349695062e-010, 3.95723620539e-010, 3.75506625794e-010, 1.55719437345e-010, 5.02736186014e-010, 9.41332789495e-010, 4.07273215153e-010, 2.45734765869e-010, 7.19661941151e-010, 1.02313837957e-010, 5.09799535919e-010, 2.51242304738e-010, 1.44940240365e-010, 2.33333630195e-010, 8.4821649704e-011, 6.0602974028e-011, 5.84747528176e-011, 3.26251699267e-011, 1.30247798658e-010, 4.53195758698e-010, 3.54929086122e-010, 1.65167171606e-010, 3.06191294541e-010, 1.20975493512e-010, 3.25702242954e-011, 1.99711341214e-011]
    },
    "mfcc": {
        "mean": [-629.775390625, 60.4734382629, 49.5589637756, 39.4337463379, 20.5098266602, 17.9832248688, 8.83517360687, 16.0909729004, 3.81290006638, 13.4151525497, 1.05919456482, 6.91170072556, 7.54338932037],
        "cov": [[3908.21850586, 779.124938965, -697.265869141, -233.807281494, -192.413970947, -233.210845947, -92.4225921631, -82.6959686279, -203.597915649, -188.161178589, -182.04637146, -138.322402954, -219.844528198], [779.124938965, 1428.28283691, -392.264007568, -23.3228778839, -105.434921265, -188.536834717, -33.1378555298, -45.3557929993, -63.2913131714, -116.041381836, -77.2650299072, -103.73840332, -73.7347259521], [-697.265869141, -392.264007568, 635.48626709, -62.8201522827, -27.5668411255, 57.4040908813, -50.8161430359, -4.29428911209, -3.14980912209, 28.7658691406, -24.1242446899, -29.497177124, 20.953338623], [-233.807281494, -23.3228778839, -62.8201522827, 404.795593262, 107.817131042, 45.9830169678, 107.708900452, 24.2051925659, 77.4529800415, 69.8464126587, 56.2294120789, 69.8878326416, 33.0626602173], [-192.413970947, -105.434921265, -27.5668411255, 107.817131042, 166.40562439, 94.2688140869, 40.2919692993, 40.387714386, 49.9099731445, 54.2242164612, 43.5355682373, 42.020866394, 28.4302806854], [-233.210845947, -188.536834717, 57.4040908813, 45.9830169678, 94.2688140869, 145.794311523, 69.7804336548, 38.685962677, 59.3346862793, 69.1702575684, 44.7415313721, 41.9739456177, 35.6716575623], [-92.4225921631, -33.1378555298, -50.8161430359, 107.708900452, 40.2919692993, 69.7804336548, 142.736282349, 64.4151077271, 55.0341491699, 58.3209571838, 52.5172996521, 47.6748275757, 28.2847042084], [-82.6959686279, -45.3557929993, -4.29428911209, 24.2051925659, 40.387714386, 38.685962677, 64.4151077271, 95.4205780029, 57.1337623596, 32.6346549988, 32.2144470215, 35.7504425049, 19.5178565979], [-203.597915649, -63.2913131714, -3.14980912209, 77.4529800415, 49.9099731445, 59.3346862793, 55.0341491699, 57.1337623596, 120.004981995, 84.0174407959, 47.9213447571, 48.7825164795, 40.5687103271], [-188.161178589, -116.041381836, 28.7658691406, 69.8464126587, 54.2242164612, 69.1702575684, 58.3209571838, 32.6346549988, 84.0174407959, 124.787055969, 66.0345153809, 32.4692344666, 42.9192771912], [-182.04637146, -77.2650299072, -24.1242446899, 56.2294120789, 43.5355682373, 44.7415313721, 52.5172996521, 32.2144470215, 47.9213447571, 66.0345153809, 97.1564788818, 56.5401992798, 26.6394634247], [-138.322402954, -103.73840332, -29.497177124, 69.8878326416, 42.020866394, 41.9739456177, 47.6748275757, 35.7504425049, 48.7825164795, 32.4692344666, 56.5401992798, 91.6191635132, 35.0630569458], [-219.844528198, -73.7347259521, 20.953338623, 33.0626602173, 28.4302806854, 35.6716575623, 28.2847042084, 19.5178565979, 40.5687103271, 42.9192771912, 26.6394634247, 35.0630569458, 64.936050415]],
        "icov": [[0.000479742331663, -6.49227658869e-005, 0.00056838413002, 9.72966954578e-005, 0.000408836174756, -0.000161009389558, 0.000207303048228, -0.000435297260992, 0.00082199688768, -0.00103711767588, 0.0011207308853, -0.000540602835827, 0.00127159641124], [-6.49227658869e-005, 0.00112070830073, 0.000483371753944, -4.15012982558e-005, -9.67309679254e-005, 0.00105594389606, -0.000613844662439, 0.00036011316115, -0.00100086326711, 0.00105944497045, -0.000408702966524, 0.0015951199457, -0.000229246186791], [0.00056838413002, 0.000483371753944, 0.00317724654451, -0.000563134148251, 0.00257271528244, -0.00258294842206, 0.00271307257935, -0.00235235434957, 0.00207871617749, -0.00218988116831, 0.00181351020001, 0.000694782473147, 0.000582062813919], [9.72966954578e-005, -4.15012982558e-005, -0.000563134148251, 0.00514806574211, -0.00463937502354, 0.00445880321786, -0.00578951463103, 0.00486459070817, -0.0030024193693, -3.13805503538e-005, 0.00110943161417, -0.00233855168335, 0.00118837272748], [0.000408836174756, -9.67309679254e-005, 0.00257271528244, -0.00463937502354, 0.0160719547421, -0.0121077317744, 0.00924014020711, -0.00843675341457, 0.00505472812802, -0.0031276550144, -0.000221704060095, 0.000144061035826, -0.000145616926602], [-0.000161009389558, 0.00105594389606, -0.00258294842206, 0.00445880321786, -0.0121077317744, 0.022087873891, -0.0122391935438, 0.00755437277257, -0.00586574850604, -0.00045824967674, 0.000860295665916, -0.00165210233536, -4.83599069412e-005], [0.000207303048228, -0.000613844662439, 0.00271307257935, -0.00578951463103, 0.00924014020711, -0.0122391935438, 0.0224118456244, -0.0143681308255, 0.00759034743533, -0.00557849369943, -0.00119711831212, -0.000788014847785, -0.000826783536468], [-0.000435297260992, 0.00036011316115, -0.00235235434957, 0.00486459070817, -0.00843675341457, 0.00755437277257, -0.0143681308255, 0.0259004849941, -0.0138280075043, 0.00759393256158, -0.00231942371465, -0.000960391887929, 0.000324749678839], [0.00082199688768, -0.00100086326711, 0.00207871617749, -0.0030024193693, 0.00505472812802, -0.00586574850604, 0.00759034743533, -0.0138280075043, 0.0280574541539, -0.0178281646222, 0.00680803367868, -0.00799439195544, 0.00014204296167], [-0.00103711767588, 0.00105944497045, -0.00218988116831, -3.13805503538e-005, -0.0031276550144, -0.00045824967674, -0.00557849369943, 0.00759393256158, -0.0178281646222, 0.0308059230447, -0.0166519284248, 0.0128990327939, -0.00917382352054], [0.0011207308853, -0.000408702966524, 0.00181351020001, 0.00110943161417, -0.000221704060095, 0.000860295665916, -0.00119711831212, -0.00231942371465, 0.00680803367868, -0.0166519284248, 0.0281051490456, -0.0153705347329, 0.00654557533562], [-0.000540602835827, 0.0015951199457, 0.000694782473147, -0.00233855168335, 0.000144061035826, -0.00165210233536, -0.000788014847785, -0.000960391887929, -0.00799439195544, 0.0128990327939, -0.0153705347329, 0.0284477807581, -0.0101622957736], [0.00127159641124, -0.000229246186791, 0.000582062813919, 0.00118837272748, -0.000145616926602, -4.83599069412e-005, -0.000826783536468, 0.000324749678839, 0.00014204296167, -0.00917382352054, 0.00654557533562, -0.0101622957736, 0.0277811326087]]
    },
    "spectral_contrast_coeffs": {
        "mean": [-0.628705024719, -0.747453868389, -0.809418797493, -0.769259393215, -0.748377323151, -0.792568981647],
        "var": [0.0066490075551, 0.00402195611969, 0.00191236054525, 0.00241539790295, 0.00363931618631, 0.000789889425505]
    },
    "spectral_contrast_valleys": {
        "mean": [-7.04652357101, -7.30647850037, -7.92177581787, -8.33386898041, -7.79937458038, -8.79833030701],
        "var": [0.761628568172, 1.03727483749, 1.12433063984, 0.849300384521, 0.750347495079, 0.697185754776]
    }
},
"metadata": {
    "audio_properties": {
        "analysis_sample_rate": 44100,
        "bit_rate": 128074,
        "equal_loudness": 0,
        "length": 45.0612258911,
        "lossless": 0,
        "replay_gain": -6.07487106323,
        "sample_rate": 44100,
        "codec": "mp3",
        "downmix": "mix",
        "md5_encoded": "1e2d9e391bff4c30b150228a60c6458b"
    },
    "tags": {
        "file_name": "1352.mp3"
    },
    "version": {
        "essentia": "2.1-beta2",
        "essentia_git_sha": "v2.1_beta2",
        "extractor": "music 1.0"
    }
},
"rhythm": {
    "beats_count": 94,
    "beats_loudness": {
        "mean": 0.21387039125,
        "var": 0.00109449669253
    },
    "bpm": 126.016593933,
    "bpm_histogram_first_peak_bpm": {
        "mean": 126,
        "var": 0
    },
    "bpm_histogram_first_peak_spread": {
        "mean": 0.483516514301,
        "var": 0
    },
    "bpm_histogram_first_peak_weight": {
        "mean": 0.505376338959,
        "var": 0
    },
    "bpm_histogram_second_peak_bpm": {
        "mean": 115,
        "var": 0
    },
    "bpm_histogram_second_peak_spread": {
        "mean": 0,
        "var": 0
    },
    "bpm_histogram_second_peak_weight": {
        "mean": 0.0215053763241,
        "var": 0
    },
    "danceability": 4.0715842247,
    "onset_rate": 6.41060590744,
    "beats_loudness_band_ratio": {
        "mean": [0.965227007866, 0.00736714154482, 0.003662022762, 0.00242642662488, 0.00568974530324, 0.0164527669549],
        "var": [0.00717436894774, 0.000385185267078, 4.9814760132e-005, 8.39220501803e-006, 3.81314457627e-005, 0.00281413970515]
    },
    "beats_position": [0.487619042397, 1.01006805897, 1.53251695633, 2.02013611794, 2.49614500999, 2.97215414047, 3.45977306366, 3.92417216301, 4.40018129349, 4.87619018555, 5.36380958557, 5.8282084465, 6.31582736969, 6.78022670746, 7.26784563065, 7.73224496841, 8.20825386047, 8.68426322937, 9.17188167572, 9.63628101349, 10.1239004135, 10.5999088287, 11.0759181976, 11.5403175354, 12.0279359818, 12.5039453506, 12.9799547195, 13.4559631348, 13.9319725037, 14.3963718414, 14.8839902878, 15.3483896255, 15.8360090256, 16.3120174408, 16.7880268097, 17.2524261475, 17.7400455475, 18.2160549164, 18.6920623779, 19.1680717468, 19.6440811157, 20.1200904846, 20.5960998535, 21.0721092224, 21.548116684, 22.0241260529, 22.5001354218, 22.9761447906, 23.4521541595, 23.9281635284, 24.40417099, 24.8801803589, 25.3561897278, 25.8321990967, 26.3082084656, 26.7842178345, 27.2602272034, 27.747844696, 28.2122440338, 28.6998634338, 29.1642627716, 29.6402721405, 30.1162815094, 30.5922889709, 31.0682983398, 31.5559177399, 32.0203170776, 32.5079345703, 32.9723358154, 33.4599533081, 33.9243545532, 34.4119720459, 34.8763694763, 35.3639907837, 35.8283882141, 36.3160095215, 36.7804069519, 37.2564163208, 37.7324256897, 38.2084350586, 38.6844444275, 39.1720619202, 39.6364631653, 40.124080658, 40.5884780884, 41.0644874573, 41.5404968262, 42.0281181335, 42.492515564, 42.9801368713, 43.4445343018, 43.9205436707, 44.3965530396, 44.8725624084]
},
"tonal": {
    "chords_changes_rate": 0.0308641977608,
    "chords_number_rate": 0.00308641977608,
    "chords_strength": {
        "mean": 0.581144571304,
        "var": 0.0021812338382
    },
    "hpcp_entropy": {
        "mean": 2.38937592506,
        "var": 0.398131370544
    },
    "key_strength": 0.597650229931,
    "tuning_diatonic_strength": 0.49813824892,
    "tuning_equal_tempered_deviation": 0.229614108801,
    "tuning_frequency": 431.443084717,
    "tuning_nontempered_energy_ratio": 0.905619978905,
    "hpcp": {
        "mean": [0.595940709114, 0.419035226107, 0.134479865432, 0.0626231431961, 0.0735770910978, 0.0669428557158, 0.0448384508491, 0.0506006106734, 0.0577342659235, 0.0741337537766, 0.0821338742971, 0.0522432997823, 0.0325954146683, 0.0270419884473, 0.0210021883249, 0.035648047924, 0.0456436648965, 0.0310457274318, 0.0191505048424, 0.0151080535725, 0.0207181312144, 0.0727171599865, 0.105194985867, 0.0638921111822, 0.0388938710093, 0.0357045978308, 0.0211638975888, 0.018600538373, 0.0317126661539, 0.0565793029964, 0.095678165555, 0.0953915044665, 0.0535564012825, 0.0402169823647, 0.0831679329276, 0.339657276869],
        "var": [0.183577671647, 0.132291093469, 0.053470287472, 0.0279624145478, 0.0463404841721, 0.0443468913436, 0.0176208186895, 0.0202046763152, 0.0260849650949, 0.029135491699, 0.0328851938248, 0.0169055815786, 0.00879877060652, 0.00652866158634, 0.00693275174126, 0.0135290073231, 0.0237646922469, 0.0118167931214, 0.00696361484006, 0.00517409434542, 0.00678317574784, 0.0224959496409, 0.0465159155428, 0.0198510028422, 0.013270788826, 0.0117598315701, 0.00662218080834, 0.00611744774505, 0.0161503180861, 0.0328060686588, 0.0522131323814, 0.0532322376966, 0.0236051697284, 0.0194608233869, 0.0348944887519, 0.110324554145]
    },
    "chords_histogram": [0, 12.1399173737, 82.0987625122, 0, 0, 0, 0, 0, 0, 5.65843629837, 0, 0, 0, 0, 0, 0, 0, 0, 0, 0, 0.102880656719, 0, 0, 0],
    "thpcp": [1, 0.703149199486, 0.225659802556, 0.105082839727, 0.123463779688, 0.112331405282, 0.0752397850156, 0.084908798337, 0.0968792140484, 0.124397866428, 0.13782222569, 0.0876652672887, 0.0546957328916, 0.0453769788146, 0.0352420769632, 0.0598181113601, 0.0765909478068, 0.0520953275263, 0.0321349166334, 0.0253516044468, 0.0347654223442, 0.122020795941, 0.176519215107, 0.10721219331, 0.0652646645904, 0.0599130019546, 0.0355134271085, 0.0312120616436, 0.0532144643366, 0.0949411615729, 0.160549804568, 0.160068780184, 0.0898686721921, 0.067484870553, 0.139557391405, 0.569951474667],
    "chords_key": "A",
    "chords_scale": "minor",
    "key_key": "D",
    "key_scale": "minor"
}
}