{
"lowlevel": {
    "average_loudness": 0.981110572815,
    "barkbands_crest": {
        "mean": 14.4363622665,
        "var": 22.7990093231
    },
    "barkbands_flatness_db": {
        "mean": 0.17918176949,
        "var": 0.00368322944269
    },
    "barkbands_kurtosis": {
        "mean": 11.6388378143,
        "var": 207.429458618
    },
    "barkbands_skewness": {
        "mean": 2.80603122711,
        "var": 1.82547295094
    },
    "barkbands_spread": {
        "mean": 17.7377986908,
        "var": 162.911178589
    },
    "dissonance": {
        "mean": 0.464406251907,
        "var": 0.000683355901856
    },
    "dynamic_complexity": 2.40174436569,
    "erbbands_crest": {
        "mean": 7.22746515274,
        "var": 8.47661495209
    },
    "erbbands_flatness_db": {
        "mean": 0.128190129995,
        "var": 0.00207109516487
    },
    "erbbands_kurtosis": {
        "mean": 0.233377933502,
        "var": 3.32217168808
    },
    "erbbands_skewness": {
        "mean": 0.459560185671,
        "var": 0.43940025568
    },
    "erbbands_spread": {
        "mean": 50.5938301086,
        "var": 476.221099854
    },
    "hfc": {
        "mean": 19.2564105988,
        "var": 203.868560791
    },
    "melbands_crest": {
        "mean": 18.678981781,
        "var": 26.4263019562
    },
    "melbands_flatness_db": {
        "mean": 0.263409256935,
        "var": 0.00593915674835
    },
    "melbands_kurtosis": {
        "mean": 31.4047241211,
        "var": 992.745178223
    },
    "melbands_skewness": {
        "mean": 4.26640748978,
        "var": 3.16023492813
    },
    "melbands_spread": {
        "mean": 11.8733348846,
        "var": 72.5400466919
    },
    "pitch_salience": {
        "mean": 0.476421386003,
        "var": 0.0173125024885
    },
    "silence_rate_20dB": {
        "mean": 1,
        "var": 0
    },
    "silence_rate_30dB": {
        "mean": 0.879505693913,
        "var": 0.10597743094
    },
    "silence_rate_60dB": {
        "mean": 0.00154479919001,
        "var": 0.00154241069686
    },
    "spectral_centroid": {
        "mean": 1108.78967285,
        "var": 399954.09375
    },
    "spectral_complexity": {
        "mean": 17.4629249573,
        "var": 41.4114875793
    },
    "spectral_decrease": {
        "mean": -1.40913138935e-008,
        "var": 1.09096083366e-016
    },
    "spectral_energy": {
        "mean": 0.0549305491149,
        "var": 0.00160027958918
    },
    "spectral_energyband_high": {
        "mean": 0.00104064901825,
        "var": 1.79431629022e-006
    },
    "spectral_energyband_low": {
        "mean": 0.0390486344695,
        "var": 0.00113005412277
    },
    "spectral_energyband_middle_high": {
        "mean": 0.00292140222155,
        "var": 6.24959648121e-006
    },
    "spectral_energyband_middle_low": {
        "mean": 0.0139109222218,
        "var": 0.000268542673439
    },
    "spectral_entropy": {
        "mean": 7.53112220764,
        "var": 0.236127957702
    },
    "spectral_flux": {
        "mean": 0.12009204179,
        "var": 0.00463953288272
    },
    "spectral_kurtosis": {
        "mean": 5.42435359955,
        "var": 96.8768081665
    },
    "spectral_rms": {
        "mean": 0.00687556527555,
        "var": 6.31752527624e-006
    },
    "spectral_rolloff": {
        "mean": 589.036499023,
        "var": 689824.4375
    },
    "spectral_skewness": {
        "mean": 1.67299807072,
        "var": 0.804667651653
    },
    "spectral_spread": {
        "mean": 5407892,
        "var": 4.6593736704e+012
    },
    "spectral_strongpeak": {
        "mean": 0.388174176216,
        "var": 0.0661803111434
    },
    "zerocrossingrate": {
        "mean": 0.039473593235,
        "var": 0.000748536491301
    },
    "barkbands": {
        "mean": [0.00200635520741, 0.0293325539678, 0.00609645154327, 0.00348803028464, 0.00373238138855, 0.00248705781996, 0.00152086792514, 0.0010967560811, 0.00076721527148, 0.00119707582053, 0.000335918331984, 0.000332810566761, 0.000173642823938, 0.000231415018789, 0.000186688645044, 0.000108683685539, 0.000305861409288, 0.000167551712366, 0.00017233590188, 0.000256584986346, 0.000209972349694, 0.000213488398003, 0.000193254338228, 0.000152465887368, 0.000109449923912, 5.56744380447e-005, 1.56140522733e-008],
        "var": [4.44637043984e-006, 0.000770938000642, 9.50398025452e-005, 4.37810449512e-005, 4.88894220325e-005, 1.02695021269e-005, 3.71284454559e-006, 2.02466867449e-006, 7.66314883549e-007, 2.29110310102e-006, 2.80734923308e-007, 1.36488210956e-007, 4.79173891677e-008, 5.45039142708e-007, 7.68064438716e-008, 2.98075519822e-008, 3.79444912824e-007, 5.95070694942e-008, 8.62147615521e-008, 1.33098581045e-007, 1.73411507376e-007, 7.91691547875e-008, 9.92852946524e-008, 7.34654506118e-008, 4.44172734149e-008, 1.15834390968e-008, 5.40888558579e-015]
    },
    "erbbands": {
        "mean": [0.94379234314, 6.06095790863, 7.56184625626, 11.5714635849, 9.07304191589, 12.9000387192, 16.0879402161, 21.3689250946, 27.3175983429, 23.1827297211, 19.3616027832, 18.7735691071, 43.443397522, 16.1159362793, 13.8581485748, 14.4543113708, 8.41369915009, 12.3163280487, 8.31257820129, 10.0935373306, 12.3454885483, 12.329208374, 9.29846286774, 6.62191295624, 10.8893117905, 12.6575994492, 8.78487682343, 8.81198692322, 8.17325401306, 5.03472471237, 5.8236322403, 4.13686180115, 1.99364125729, 1.34815895557, 0.704337418079, 0.303736954927, 0.0873711183667, 0.0112766744569, 0.000235634011915, 7.16982831364e-005],
        "var": [0.685226023197, 40.3713340759, 106.620170593, 349.84072876, 354.940582275, 597.686645508, 801.337768555, 819.985717773, 1231.5423584, 899.841918945, 520.008605957, 380.628356934, 3238.09912109, 290.634094238, 583.899230957, 249.662963867, 94.849357605, 1498.24523926, 192.484970093, 192.530715942, 474.766448975, 400.65737915, 182.37802124, 117.027458191, 345.937652588, 350.181091309, 316.669769287, 209.901184082, 112.888145447, 50.5891799927, 90.9258728027, 62.7420654297, 11.9489107132, 6.7885799408, 1.87804782391, 0.367492437363, 0.0282631348819, 0.00045881269034, 1.54224878202e-007, 2.20188001165e-009]
    },
    "gfcc": {
        "mean": [14.843211174, 106.853294373, -84.0628738403, 39.0844459534, -58.4944000244, 23.8914146423, -25.6541137695, 18.0488758087, -14.5866556168, 7.49291658401, -12.7414703369, 6.54906463623, -6.91333436966],
        "cov": [[4195.87207031, -1472.14782715, -216.663619995, 763.562255859, -462.829315186, -0.886082291603, -254.837432861, 34.7800636292, -244.233001709, 222.979217529, -229.217254639, 55.219329834, -101.03565979], [-1472.14782715, 1596.72644043, -240.196975708, -364.246429443, 447.711669922, -195.073043823, 223.119232178, -161.405090332, 190.495300293, -250.103851318, 171.116928101, -138.485580444, 113.43057251], [-216.663619995, -240.196975708, 646.301696777, -162.474960327, -152.160415649, 224.813323975, -89.3040008545, 12.9902076721, -54.8244094849, 29.3795166016, -43.4273643494, 24.1659049988, -76.1825408936], [763.562255859, -364.246429443, -162.474960327, 393.574401855, -80.6946105957, -52.1690216064, -1.18142127991, -10.5469903946, -34.5485992432, 52.3591346741, -30.4360733032, -11.8874835968, 5.80353116989], [-462.829315186, 447.711669922, -152.160415649, -80.6946105957, 386.167572021, -65.0489883423, 49.9905738831, 0.157286822796, 47.185836792, -67.8261184692, 63.3817863464, -49.0609474182, 23.8256759644], [-0.886082291603, -195.073043823, 224.813323975, -52.1690216064, -65.0489883423, 229.99005127, -26.0984134674, -3.87622332573, -5.75587940216, 40.3495635986, -7.89832258224, 4.14871692657, -43.465763092], [-254.837432861, 223.119232178, -89.3040008545, -1.18142127991, 49.9905738831, -26.0984134674, 168.187637329, -16.2851161957, 40.5116996765, -16.1640453339, 19.9842281342, -23.5778388977, 38.7367935181], [34.7800636292, -161.405090332, 12.9902076721, -10.5469903946, 0.157286822796, -3.87622332573, -16.2851161957, 120.978515625, -0.593679368496, 22.3251781464, -18.0514736176, 19.6832752228, -10.8864450455], [-244.233001709, 190.495300293, -54.8244094849, -34.5485992432, 47.185836792, -5.75587940216, 40.5116996765, -0.593679368496, 108.205131531, -12.9141378403, 27.4877929688, -12.4888973236, 25.3849544525], [222.979217529, -250.103851318, 29.3795166016, 52.3591346741, -67.8261184692, 40.3495635986, -16.1640453339, 22.3251781464, -12.9141378403, 111.517951965, -6.54832839966, 20.93309021, -12.2887554169], [-229.217254639, 171.116928101, -43.4273643494, -30.4360733032, 63.3817863464, -7.89832258224, 19.9842281342, -18.0514736176, 27.4877929688, -6.54832839966, 96.085723877, -1.16313111782, 13.0276985168], [55.219329834, -138.485580444, 24.1659049988, -11.8874835968, -49.0609474182, 4.14871692657, -23.5778388977, 19.6832752228, -12.4888973236, 20.93309021, -1.16313111782, 84.0628890991, 19.5520782471], [-101.03565979, 113.43057251, -76.1825408936, 5.80353116989, 23.8256759644, -43.465763092, 38.7367935181, -10.8864450455, 25.3849544525, -12.2887554169, 13.0276985168, 19.5520782471, 69.4268493652]],
        "icov": [[0.000569846946746, -0.000204846030101, 0.000395817623939, -0.00093271874357, 0.000324231194099, -0.000346472428646, 0.000668690830935, -0.000125683727674, 0.000665609783027, -0.000550524273422, 0.000893110234756, -0.000417084957007, 0.000564337766264], [-0.000204846030101, 0.00681519508362, -0.000686513318215, 0.00533436564729, -0.0025332106743, 0.00434790831059, -0.00335044716485, 0.00595578132197, -0.0046179741621, 0.00591043103486, -0.00497154472396, 0.00712404679507, -0.00457613263279], [0.000395817623939, -0.000686513318215, 0.00348570849746, 0.000181325696758, 0.0012243174715, -0.00294348085299, 0.00129807472695, -0.000663903309032, 0.00178797566332, -0.000546640425455, 0.00157335191034, -0.000945143227, 0.00163649395108], [-0.00093271874357, 0.00533436564729, 0.000181325696758, 0.00895375106484, -0.00144713954069, 0.00386339961551, -0.00315518421121, 0.00499623036012, -0.00311755063012, 0.00335790053941, -0.00409303884953, 0.00726313330233, -0.00470614945516], [0.000324231194099, -0.0025332106743, 0.0012243174715, -0.00144713954069, 0.00503703393042, -0.00167338154279, 0.00149271707051, -0.00318305124529, 0.00198815739714, -0.000989015679806, 0.000211744423723, -0.000481924362248, 0.00116083165631], [-0.000346472428646, 0.00434790831059, -0.00294348085299, 0.00386339961551, -0.00167338154279, 0.0104278307408, -0.00288962060586, 0.00492268055677, -0.00464083300903, 0.00164429913275, -0.00367343402468, 0.00422188313678, -0.00018556645955], [0.000668690830935, -0.00335044716485, 0.00129807472695, -0.00315518421121, 0.00149271707051, -0.00288962060586, 0.0101739736274, -0.0027929758653, 0.00165742379613, -0.00344290374778, 0.00282043311745, -0.000683229009155, -0.00185286346823], [-0.000125683727674, 0.00595578132197, -0.000663903309032, 0.00499623036012, -0.00318305124529, 0.00492268055677, -0.0027929758653, 0.0151241179556, -0.00533713819459, 0.00287528056651, -0.00179870659485, 0.00307017262094, -0.00102227367461], [0.000665609783027, -0.0046179741621, 0.00178797566332, -0.00311755063012, 0.00198815739714, -0.00464083300903, 0.00165742379613, -0.00533713819459, 0.0160163585097, -0.00422172667459, 0.00182206765749, -0.00222293636762, -0.000932576018386], [-0.000550524273422, 0.00591043103486, -0.000546640425455, 0.00335790053941, -0.000989015679806, 0.00164429913275, -0.00344290374778, 0.00287528056651, -0.00422172667459, 0.0177042260766, -0.00612381473184, 0.00398564757779, -0.00289358128794], [0.000893110234756, -0.00497154472396, 0.00157335191034, -0.00409303884953, 0.000211744423723, -0.00367343402468, 0.00282043311745, -0.00179870659485, 0.00182206765749, -0.00612381473184, 0.0178447458893, -0.00722484476864, 0.00419873790815], [-0.000417084957007, 0.00712404679507, -0.000945143227, 0.00726313330233, -0.000481924362248, 0.00422188313678, -0.000683229009155, 0.00307017262094, -0.00222293636762, 0.00398564757779, -0.00722484476864, 0.0257790088654, -0.014605355449], [0.000564337766264, -0.00457613263279, 0.00163649395108, -0.00470614945516, 0.00116083165631, -0.00018556645955, -0.00185286346823, -0.00102227367461, -0.000932576018386, -0.00289358128794, 0.00419873790815, -0.014605355449, 0.0284036789089]]
    },
    "melbands": {
        "mean": [0.00839584413916, 0.00558549305424, 0.00189541873988, 0.000740695279092, 0.000606790068559, 0.000503202143591, 0.000397121737478, 0.000258466985542, 0.000150554697029, 0.000117502684589, 0.000214946281631, 6.25887478236e-005, 4.38092647528e-005, 4.14073147113e-005, 2.71358185273e-005, 1.49057250383e-005, 2.5140492653e-005, 1.31129163492e-005, 1.40112242661e-005, 1.01597443063e-005, 1.78569698619e-005, 1.55076904775e-005, 9.48619890551e-006, 6.57284545014e-006, 4.8383462854e-006, 7.82135521149e-006, 8.56313636177e-006, 8.05156105343e-006, 5.31343312105e-006, 5.35358458364e-006, 5.10603740622e-006, 5.14222529091e-006, 3.20968456435e-006, 2.61808122559e-006, 3.77167793886e-006, 2.69836709776e-006, 2.48496053246e-006, 1.36588175792e-006, 1.13759892884e-006, 1.16069588785e-006],
        "var": [5.73293182242e-005, 3.73141920136e-005, 9.76223145699e-006, 2.02344972422e-006, 1.17605588912e-006, 4.23831522767e-007, 2.53361463365e-007, 1.1577475334e-007, 3.41643584534e-008, 1.47232839254e-008, 8.02698707503e-008, 5.61295809831e-009, 5.27342924883e-009, 2.26410890036e-009, 1.74489267479e-009, 2.74132522238e-010, 7.81650388859e-009, 6.59029442129e-010, 5.16806597517e-010, 1.86333420915e-010, 1.38197531196e-009, 8.13542677669e-010, 2.36840713708e-010, 9.95405008419e-011, 8.30634588889e-011, 1.9159639153e-010, 1.80084169799e-010, 1.74045930446e-010, 9.42859609832e-011, 2.05169256584e-010, 6.43054498539e-011, 4.94025792497e-011, 2.41923425737e-011, 1.55486110098e-011, 3.80862390237e-011, 3.11599739067e-011, 2.2026025101e-011, 5.3567857615e-012, 4.92054270593e-012, 5.33246103523e-012]
    },
    "mfcc": {
        "mean": [-635.994384766, 134.934814453, 31.1808414459, 25.510931015, 3.14806842804, 10.2395563126, 3.57514619827, 12.1930980682, 7.63646936417, 6.32234954834, 2.25107002258, 6.12463712692, 5.10358190536],
        "cov": [[3963.69580078, -1741.85681152, -83.6435852051, 598.762023926, -212.279312134, 27.5198535919, -133.572753906, -197.025665283, -56.9430046082, 36.7404289246, -156.649047852, -9.9345035553, 62.3425598145], [-1741.85681152, 1712.20739746, -348.090545654, -194.704498291, 176.881072998, -35.1059036255, 71.6986999512, 101.499694824, 25.3585739136, -42.2266616821, 47.3820037842, 0.395364522934, -65.05809021], [-83.6435852051, -348.090545654, 712.451904297, -246.573120117, -72.4031219482, 83.2431182861, -26.6271095276, -5.82848024368, -35.8913230896, -0.530309319496, 31.2049827576, -33.2491950989, -38.819858551], [598.762023926, -194.704498291, -246.573120117, 371.538391113, -51.7102737427, -34.7488250732, 5.9200501442, -41.4299621582, 19.587053299, -0.867941498756, -47.1641349792, 6.53408908844, 34.9137191772], [-212.279312134, 176.881072998, -72.4031219482, -51.7102737427, 244.878860474, -7.37461805344, 18.0413379669, 28.2528476715, -24.5230674744, 6.57653951645, 30.0530605316, -7.48889303207, -24.5543632507], [27.5198535919, -35.1059036255, 83.2431182861, -34.7488250732, -7.37461805344, 166.335113525, 19.5343971252, -13.6910142899, -6.98254013062, 7.97458457947, 28.0047950745, 4.96098566055, -31.3026390076], [-133.572753906, 71.6986999512, -26.6271095276, 5.9200501442, 18.0413379669, 19.5343971252, 108.816543579, 9.3739938736, -4.83664321899, 11.5310554504, 14.990278244, 2.16908383369, -11.4345541], [-197.025665283, 101.499694824, -5.82848024368, -41.4299621582, 28.2528476715, -13.6910142899, 9.3739938736, 80.9625167847, 21.1246681213, -3.41143727303, 2.50347065926, -3.30926418304, -0.568668007851], [-56.9430046082, 25.3585739136, -35.8913230896, 19.587053299, -24.5230674744, -6.98254013062, -4.83664321899, 21.1246681213, 101.435470581, 4.49043369293, -3.29256510735, 11.3631486893, 6.33886909485], [36.7404289246, -42.2266616821, -0.530309319496, -0.867941498756, 6.57653951645, 7.97458457947, 11.5310554504, -3.41143727303, 4.49043369293, 71.2814483643, 24.4343776703, 4.13815689087, -2.90893125534], [-156.649047852, 47.3820037842, 31.2049827576, -47.1641349792, 30.0530605316, 28.0047950745, 14.990278244, 2.50347065926, -3.29256510735, 24.4343776703, 82.3234634399, 11.166176796, -21.089263916], [-9.9345035553, 0.395364522934, -33.2491950989, 6.53408908844, -7.48889303207, 4.96098566055, 2.16908383369, -3.30926418304, 11.3631486893, 4.13815689087, 11.166176796, 48.3680953979, 17.8375320435], [62.3425598145, -65.05809021, -38.819858551, 34.9137191772, -24.5543632507, -31.3026390076, -11.4345541, -0.568668007851, 6.33886909485, -2.90893125534, -21.089263916, 17.8375320435, 78.8193969727]],
        "icov": [[0.000681993667968, 0.000613185402472, 0.000248959229793, -0.000575483543798, 1.39334188134e-005, -0.000262036221102, 0.000534853083082, 0.000377802090952, 0.000365504296497, -0.000283048255369, 0.000713743560482, 1.40650545291e-005, 0.000472774641821], [0.000613185402472, 0.00150708924048, 0.000992873799987, 0.000345315638697, -0.000101282617834, -0.00010225103324, 5.26482799614e-005, -0.000148554638145, 0.000152236229042, 0.000517675594892, 0.000288353418, 0.000190430495422, 0.00107033131644], [0.000248959229793, 0.000992873799987, 0.00295511703007, 0.00197316240519, 0.000944093917497, -0.00073178781895, 0.000302993343212, 8.33943122416e-005, 0.000459835369838, 0.000499312533066, -0.000410381151596, 0.00169201625977, 0.000740792893339], [-0.000575483543798, 0.000345315638697, 0.00197316240519, 0.00557793304324, 0.000756321765948, 0.000368683802662, -0.00131856743246, 0.00143086223397, -0.00103034207132, 0.000582167005632, 0.000453927234048, 0.0010125185363, -0.000561038730666], [1.39334188134e-005, -0.000101282617834, 0.000944093917497, 0.000756321765948, 0.00528464931995, 0.000290169555228, -0.000129047009978, -0.00150869193021, 0.00162724207621, -0.000210279089515, -0.00152233045083, 0.000849138246849, 0.00102916918695], [-0.000262036221102, -0.00010225103324, -0.00073178781895, 0.000368683802662, 0.000290169555228, 0.00750652235001, -0.00145893276203, 0.00101494207047, -0.000169851264218, 0.000248985714279, -0.00159686279949, -0.00171202199999, 0.00244939792901], [0.000534853083082, 5.26482799614e-005, 0.000302993343212, -0.00131856743246, -0.000129047009978, -0.00145893276203, 0.0107743525878, -0.00129425630439, 0.00134913111106, -0.00178874796256, -0.000327071611537, -0.000450550287496, 0.00112776597962], [0.000377802090952, -0.000148554638145, 8.33943122416e-005, 0.00143086223397, -0.00150869193021, 0.00101494207047, -0.00129425630439, 0.0161216259003, -0.00385705637746, 0.000597638718318, 0.000690723129082, 0.00185056298506, -0.00105428311508], [0.000365504296497, 0.000152236229042, 0.000459835369838, -0.00103034207132, 0.00162724207621, -0.000169851264218, 0.00134913111106, -0.00385705637746, 0.0119688520208, -0.00143517367542, 0.000682711426634, -0.0027068995405, 0.000906533910893], [-0.000283048255369, 0.000517675594892, 0.000499312533066, 0.000582167005632, -0.000210279089515, 0.000248985714279, -0.00178874796256, 0.000597638718318, -0.00143517367542, 0.0167688392103, -0.00564679550007, 0.000658788194414, -0.000508270866703], [0.000713743560482, 0.000288353418, -0.000410381151596, 0.000453927234048, -0.00152233045083, -0.00159686279949, -0.000327071611537, 0.000690723129082, 0.000682711426634, -0.00564679550007, 0.0183972958475, -0.00562802329659, 0.00405220827088], [1.40650545291e-005, 0.000190430495422, 0.00169201625977, 0.0010125185363, 0.000849138246849, -0.00171202199999, -0.000450550287496, 0.00185056298506, -0.0027068995405, 0.000658788194414, -0.00562802329659, 0.0267068166286, -0.0072443401441], [0.000472774641821, 0.00107033131644, 0.000740792893339, -0.000561038730666, 0.00102916918695, 0.00244939792901, 0.00112776597962, -0.00105428311508, 0.000906533910893, -0.000508270866703, 0.00405220827088, -0.0072443401441, 0.017891516909]]
    },
    "spectral_contrast_coeffs": {
        "mean": [-0.708232700825, -0.756176590919, -0.78085398674, -0.809393823147, -0.784856319427, -0.766504466534],
        "var": [0.00396513659507, 0.00332924257964, 0.00288985716179, 0.00153583707288, 0.00344410189427, 0.00270221452229]
    },
    "spectral_contrast_valleys": {
        "mean": [-6.26156425476, -6.25844430923, -6.97310972214, -7.82624864578, -7.92561435699, -10.0518484116],
        "var": [0.469579845667, 0.466583698988, 0.408331543207, 0.585022091866, 0.990704774857, 1.41423928738]
    }
},
"metadata": {
    "audio_properties": {
        "analysis_sample_rate": 44100,
        "bit_rate": 128074,
        "equal_loudness": 0,
        "length": 45.0612258911,
        "lossless": 0,
        "replay_gain": -5.17365074158,
        "sample_rate": 44100,
        "codec": "mp3",
        "downmix": "mix",
        "md5_encoded": "f0270c9a29b5c2dcb00e284c492d8ac7"
    },
    "tags": {
        "file_name": "1353.mp3"
    },
    "version": {
        "essentia": "2.1-beta2",
        "essentia_git_sha": "v2.1_beta2",
        "extractor": "music 1.0"
    }
},
"rhythm": {
    "beats_count": 89,
    "beats_loudness": {
        "mean": 0.0554689243436,
        "var": 0.00087746308418
    },
    "bpm": 119.970031738,
    "bpm_histogram_first_peak_bpm": {
        "mean": 120,
        "var": 0
    },
    "bpm_histogram_first_peak_spread": {
        "mean": 0.149425327778,
        "var": 0
    },
    "bpm_histogram_first_peak_weight": {
        "mean": 0.840909063816,
        "var": 0
    },
    "bpm_histogram_second_peak_bpm": {
        "mean": 108,
        "var": 0
    },
    "bpm_histogram_second_peak_spread": {
        "mean": 0,
        "var": 0
    },
    "bpm_histogram_second_peak_weight": {
        "mean": 0.0113636367023,
        "var": 0
    },
    "danceability": 2.33036541939,
    "onset_rate": 4.5694975853,
    "beats_loudness_band_ratio": {
        "mean": [0.701222598553, 0.115912601352, 0.100941933692, 0.0355614125729, 0.0195265263319, 0.060903403908],
        "var": [0.0209038890898, 0.00611462537199, 0.00641559064388, 0.000942758051679, 0.000289325922495, 0.00168686790857]
    },
    "beats_position": [0.53405892849, 1.09133780003, 1.60217678547, 2.11301589012, 2.61224484444, 3.11147379875, 3.61070299149, 4.1099319458, 4.60916090012, 5.10838985443, 5.60761880875, 6.10684776306, 6.60607719421, 7.10530614853, 7.61614513397, 8.11537361145, 8.6146030426, 9.11383247375, 9.61306095123, 10.1122903824, 10.6115188599, 11.110748291, 11.6099767685, 12.1092061996, 12.6084346771, 13.1076641083, 13.6068935394, 14.1061220169, 14.6053514481, 15.1161899567, 15.6154193878, 16.114648819, 16.6138763428, 17.1131057739, 17.6123352051, 18.1115646362, 18.6107940674, 19.1100215912, 19.6092510223, 20.1084804535, 20.6077098846, 21.1069393158, 21.6177768707, 22.1170063019, 22.616235733, 23.1154651642, 23.614692688, 24.102312088, 24.6015415192, 25.1007709503, 25.6116104126, 26.1108379364, 26.6100673676, 27.1092967987, 27.6085262299, 28.1077537537, 28.6069831848, 29.1178226471, 29.6170520782, 30.1162815094, 30.6155090332, 31.1147384644, 31.6139678955, 32.1131973267, 32.6124267578, 33.111656189, 33.6108856201, 34.1101112366, 34.6093406677, 35.1085700989, 35.6194114685, 36.1070289612, 36.6062583923, 37.1054878235, 37.6163253784, 38.1155548096, 38.6147842407, 39.1140136719, 39.613243103, 40.1124725342, 40.6116981506, 41.1109275818, 41.6101570129, 42.1093864441, 42.6086158752, 43.1194534302, 43.6070747375, 44.1063041687, 44.6055335999]
},
"tonal": {
    "chords_changes_rate": 0.0956790149212,
    "chords_number_rate": 0.00823045242578,
    "chords_strength": {
        "mean": 0.482260048389,
        "var": 0.0045049120672
    },
    "hpcp_entropy": {
        "mean": 2.22226572037,
        "var": 0.434853434563
    },
    "key_strength": 0.647450387478,
    "tuning_diatonic_strength": 0.57779186964,
    "tuning_equal_tempered_deviation": 0.201110482216,
    "tuning_frequency": 434.193115234,
    "tuning_nontempered_energy_ratio": 0.92495661974,
    "hpcp": {
        "mean": [0.136022850871, 0.128048881888, 0.108391836286, 0.0892862677574, 0.079219840467, 0.0822786316276, 0.0986615642905, 0.116901576519, 0.175224974751, 0.25069013238, 0.218241706491, 0.12008330971, 0.081060744822, 0.0908321514726, 0.0925800576806, 0.106125511229, 0.118507944047, 0.101847626269, 0.100040651858, 0.0946335196495, 0.0757037475705, 0.106303974986, 0.137460052967, 0.157197624445, 0.172290816903, 0.106066204607, 0.0485385879874, 0.0438696853817, 0.035301130265, 0.0437182597816, 0.1231867522, 0.151420757174, 0.111265338957, 0.149989262223, 0.186576321721, 0.158981978893],
        "var": [0.0707183778286, 0.0673887431622, 0.0537915080786, 0.0409029200673, 0.0362314246595, 0.0391475781798, 0.0439727753401, 0.0543666519225, 0.0768025144935, 0.108766824007, 0.0813185349107, 0.0400552079082, 0.0268260128796, 0.0366802178323, 0.0387628190219, 0.0462685190141, 0.057436928153, 0.0477442331612, 0.0456450507045, 0.04451565817, 0.0268850363791, 0.0414810180664, 0.0676242336631, 0.0679282546043, 0.0833165496588, 0.0372689515352, 0.0182077251375, 0.0157796535641, 0.0106978826225, 0.00739710219204, 0.0284177046269, 0.0445370040834, 0.0366101525724, 0.0725604295731, 0.0987775921822, 0.0795934051275]
    },
    "chords_histogram": [4.83539104462, 1.33744859695, 8.53909492493, 0, 0, 0, 0, 2.05761313438, 17.2839508057, 59.0534973145, 0, 3.49794244766, 0, 0, 0, 0.823045253754, 2.26337456703, 0, 0, 0, 0, 0, 0, 0.308641970158],
    "thpcp": [1, 0.870563626289, 0.479010909796, 0.32335036993, 0.362328380346, 0.369300752878, 0.423333406448, 0.472726792097, 0.406268984079, 0.399060994387, 0.377492010593, 0.30198135972, 0.424045324326, 0.548326551914, 0.627059459686, 0.687266051769, 0.423096835613, 0.193619862199, 0.174995660782, 0.140815794468, 0.174391627312, 0.491390496492, 0.604015648365, 0.443836122751, 0.598305404186, 0.744250774384, 0.634177267551, 0.542593538761, 0.510785460472, 0.432373762131, 0.356161862612, 0.316007018089, 0.328208506107, 0.393559813499, 0.466319024563, 0.698970377445],
    "chords_key": "C",
    "chords_scale": "major",
    "key_key": "F",
    "key_scale": "minor"
}
}