{
"lowlevel": {
    "average_loudness": 0.98150408268,
    "barkbands_crest": {
        "mean": 12.4914712906,
        "var": 8.10028648376
    },
    "barkbands_flatness_db": {
        "mean": 0.220890790224,
        "var": 0.0028113021981
    },
    "barkbands_kurtosis": {
        "mean": 15.258895874,
        "var": 274.573150635
    },
    "barkbands_skewness": {
        "mean": 2.89273047447,
        "var": 2.14847779274
    },
    "barkbands_spread": {
        "mean": 8.13522338867,
        "var": 31.065322876
    },
    "dissonance": {
        "mean": 0.40769380331,
        "var": 0.00267806486227
    },
    "dynamic_complexity": 1.87150418758,
    "erbbands_crest": {
        "mean": 11.6678705215,
        "var": 22.2313308716
    },
    "erbbands_flatness_db": {
        "mean": 0.175833001733,
        "var": 0.00189881736878
    },
    "erbbands_kurtosis": {
        "mean": 2.89511179924,
        "var": 11.5263710022
    },
    "erbbands_skewness": {
        "mean": 0.94620937109,
        "var": 0.604394495487
    },
    "erbbands_spread": {
        "mean": 31.1318836212,
        "var": 332.639312744
    },
    "hfc": {
        "mean": 9.69297218323,
        "var": 76.1253433228
    },
    "melbands_crest": {
        "mean": 17.4862823486,
        "var": 16.1480884552
    },
    "melbands_flatness_db": {
        "mean": 0.323900938034,
        "var": 0.0036789951846
    },
    "melbands_kurtosis": {
        "mean": 29.0952758789,
        "var": 1307.96948242
    },
    "melbands_skewness": {
        "mean": 3.62658166885,
        "var": 3.53117203712
    },
    "melbands_spread": {
        "mean": 7.12116670609,
        "var": 32.3303527832
    },
    "pitch_salience": {
        "mean": 0.464595466852,
        "var": 0.0131479343399
    },
    "silence_rate_20dB": {
        "mean": 1,
        "var": 0
    },
    "silence_rate_30dB": {
        "mean": 0.975798130035,
        "var": 0.0236164070666
    },
    "silence_rate_60dB": {
        "mean": 0.00257466523908,
        "var": 0.00256805913523
    },
    "spectral_centroid": {
        "mean": 467.502471924,
        "var": 94335.734375
    },
    "spectral_complexity": {
        "mean": 9.917096138,
        "var": 11.3716249466
    },
    "spectral_decrease": {
        "mean": -8.97682816969e-009,
        "var": 5.36111272904e-017
    },
    "spectral_energy": {
        "mean": 0.0347597785294,
        "var": 0.000798306718934
    },
    "spectral_energyband_high": {
        "mean": 0.000227137934417,
        "var": 1.7976819322e-007
    },
    "spectral_energyband_low": {
        "mean": 0.0217656493187,
        "var": 0.000367028493201
    },
    "spectral_energyband_middle_high": {
        "mean": 0.00124234019313,
        "var": 1.90481750906e-006
    },
    "spectral_energyband_middle_low": {
        "mean": 0.0148444529623,
        "var": 0.000445390556706
    },
    "spectral_entropy": {
        "mean": 6.72639846802,
        "var": 0.308138757944
    },
    "spectral_flux": {
        "mean": 0.0762624368072,
        "var": 0.00595990289003
    },
    "spectral_kurtosis": {
        "mean": 7.18020105362,
        "var": 27.3176136017
    },
    "spectral_rms": {
        "mean": 0.0054841353558,
        "var": 3.83627366318e-006
    },
    "spectral_rolloff": {
        "mean": 458.938842773,
        "var": 271815.53125
    },
    "spectral_skewness": {
        "mean": 2.27026104927,
        "var": 0.482542067766
    },
    "spectral_spread": {
        "mean": 4842814,
        "var": 3.26245993677e+012
    },
    "spectral_strongpeak": {
        "mean": 0.576716125011,
        "var": 0.10117315501
    },
    "zerocrossingrate": {
        "mean": 0.0243989769369,
        "var": 0.00026753245038
    },
    "barkbands": {
        "mean": [9.18295045267e-005, 0.00482402555645, 0.0137305539101, 0.00500181596726, 0.00461502792314, 0.00149609951768, 0.000998905277811, 0.00112751743291, 0.00120793387759, 0.000484968564706, 0.000509331061039, 4.52636777482e-005, 0.00011703682685, 6.94903283147e-005, 6.91944296705e-005, 4.1549999878e-005, 3.27279631165e-005, 2.41254438151e-005, 3.17916783388e-005, 2.62657122221e-005, 4.37430207967e-005, 4.57041423942e-005, 3.59821497113e-005, 3.48220783053e-005, 3.10858667945e-005, 2.04116349778e-005, 2.62887715508e-006],
        "var": [2.52741703122e-008, 7.51582410885e-005, 0.000135150694405, 5.85904817854e-005, 0.000125479069538, 2.2117728804e-005, 5.12887163495e-006, 1.8985464294e-006, 2.64000482275e-006, 8.59907629547e-007, 9.19811725453e-007, 1.25390382522e-008, 4.11093843411e-008, 1.42950673521e-008, 5.97396336843e-008, 1.15662999178e-008, 1.63238382811e-008, 1.09700142303e-008, 1.98386196359e-008, 6.10974870696e-009, 7.40183825343e-009, 8.27532442571e-009, 4.84408868573e-009, 6.63626176234e-009, 6.31504137871e-009, 2.11024264729e-009, 5.25781293503e-011]
    },
    "erbbands": {
        "mean": [0.0798029527068, 1.48844146729, 12.2571296692, 19.4329986572, 14.2448673248, 16.7265129089, 11.2724409103, 13.4845018387, 16.3624610901, 24.4965839386, 15.9635848999, 34.7101173401, 19.1478862762, 7.61349105835, 19.562921524, 2.98572731018, 5.94521284103, 3.7232863903, 2.62523126602, 4.19671106339, 1.89990723133, 1.78697407246, 1.36714506149, 1.56768417358, 1.52039980888, 1.2113237381, 1.58551418781, 1.66331541538, 1.60880279541, 1.36435163021, 1.01194250584, 0.744076013565, 0.589178264141, 0.387983947992, 0.197270780802, 0.0983793213964, 0.0308838952333, 0.00986597966403, 0.00026626730687, 4.46200247097e-005],
        "var": [0.0129378801212, 6.06703567505, 141.165100098, 370.337890625, 1048.0534668, 1933.59667969, 1310.8380127, 1909.00512695, 1654.31750488, 849.216003418, 175.880889893, 2091.4296875, 1132.54211426, 248.39453125, 1115.51525879, 20.4467391968, 103.03666687, 34.6112594604, 93.6847000122, 105.223297119, 22.297750473, 65.0717391968, 28.6282939911, 51.5324172974, 35.3721504211, 12.3646669388, 10.6350784302, 14.9601755142, 12.5928249359, 5.51563739777, 3.85798287392, 2.87952399254, 2.14212036133, 0.893007576466, 0.396032392979, 0.0627953335643, 0.00542407343164, 0.000594590208493, 4.1965634523e-007, 1.52526802299e-009]
    },
    "gfcc": {
        "mean": [-42.5415725708, 123.499130249, -63.3493919373, 27.927526474, -71.1231994629, 20.5812244415, -27.9139404297, 3.73912596703, -18.2461795807, -2.72464799881, -25.0442714691, -11.5055198669, -16.494102478],
        "cov": [[3127.37841797, -961.918212891, 35.1647644043, 81.6519165039, 93.5371398926, -68.9798660278, -293.958648682, 83.4176483154, -267.779541016, 193.170288086, -171.675048828, 216.294326782, -153.245742798], [-961.918212891, 996.755615234, -151.197555542, -132.493759155, -8.49769878387, 70.8414154053, 225.011917114, -128.873809814, 202.332519531, -129.088989258, 120.243011475, -163.54359436, 156.403106689], [35.1647644043, -151.197555542, 464.468536377, 36.4711418152, -31.0754394531, 24.3836612701, 13.3753986359, 50.9670219421, -30.8158817291, 22.1225185394, -16.0044250488, 66.2776947021, -37.5338134766], [81.6519165039, -132.493759155, 36.4711418152, 260.945770264, -6.80689954758, -25.7838478088, -11.4676408768, 43.4905204773, -4.2344751358, -1.98460841179, 13.8994407654, -5.41182374954, 10.5130758286], [93.5371398926, -8.49769878387, -31.0754394531, -6.80689954758, 170.865447998, 8.32363796234, 19.2074260712, -12.2347459793, 8.97218132019, 33.9786071777, -8.20808124542, 2.6532626152, -16.9244785309], [-68.9798660278, 70.8414154053, 24.3836612701, -25.7838478088, 8.32363796234, 187.823684692, 66.5967254639, 18.4650001526, 24.2455806732, -14.2499923706, -1.83599150181, -17.6724395752, 29.4683742523], [-293.958648682, 225.011917114, 13.3753986359, -11.4676408768, 19.2074260712, 66.5967254639, 203.515960693, 6.18143177032, 31.3478851318, -57.192489624, 31.5653610229, -9.89980697632, 40.7973747253], [83.4176483154, -128.873809814, 50.9670219421, 43.4905204773, -12.2347459793, 18.4650001526, 6.18143177032, 150.004470825, -12.9707164764, -9.6947221756, -45.0593681335, 6.4795589447, 3.59477376938], [-267.779541016, 202.332519531, -30.8158817291, -4.2344751358, 8.97218132019, 24.2455806732, 31.3478851318, -12.9707164764, 149.801925659, 7.68403100967, 19.6289310455, -68.0287322998, 12.2123355865], [193.170288086, -129.088989258, 22.1225185394, -1.98460841179, 33.9786071777, -14.2499923706, -57.192489624, -9.6947221756, 7.68403100967, 115.847175598, 5.90330076218, 1.87837028503, -57.3547973633], [-171.675048828, 120.243011475, -16.0044250488, 13.8994407654, -8.20808124542, -1.83599150181, 31.5653610229, -45.0593681335, 19.6289310455, 5.90330076218, 100.797950745, 12.0236730576, 7.15197515488], [216.294326782, -163.54359436, 66.2776947021, -5.41182374954, 2.6532626152, -17.6724395752, -9.89980697632, 6.4795589447, -68.0287322998, 1.87837028503, 12.0236730576, 137.443206787, 6.14923334122], [-153.245742798, 156.403106689, -37.5338134766, 10.5130758286, -16.9244785309, 29.4683742523, 40.7973747253, 3.59477376938, 12.2123355865, -57.3547973633, 7.15197515488, 6.14923334122, 124.378921509]],
        "icov": [[0.000576338730752, -0.000134190457175, 0.000238882072154, -0.000377489224775, -8.32518489915e-005, -0.00024930210202, 0.000396707793698, -3.95584320358e-005, 0.000621935003437, -0.000839615357108, 0.0010937161278, -0.000992761226371, 0.000439546623966], [-0.000134190457175, 0.00610229140148, -0.000591574353166, 0.00343738589436, -0.000647853070404, 0.00131214992143, -0.00311298971064, 0.00243074726313, -0.00380875053816, 0.00390598550439, -0.00591848231852, 0.00656349165365, -0.00556510314345], [0.000238882072154, -0.000591574353166, 0.00285613932647, -0.000955283117946, 0.000890505092684, -0.000732656568289, -0.00025395443663, -0.000617148645688, 0.000350703339791, -0.00135277654044, 0.00176190841012, -0.00263557909057, 0.00174749654252], [-0.000377489224775, 0.00343738589436, -0.000955283117946, 0.00656475266442, -0.000711738190148, 0.00169089052361, -0.0013273608638, -0.000466104887892, -0.00201048888266, 0.00277122203261, -0.00571958348155, 0.00521313818172, -0.00413283612579], [-8.32518489915e-005, -0.000647853070404, 0.000890505092684, -0.000711738190148, 0.00717128487304, -0.000320361403283, -0.00170150655322, 0.000709901330993, -0.000122882353025, -0.00325514189899, 0.00264339661226, -0.00172863039188, 0.00107476103585], [-0.00024930210202, 0.00131214992143, -0.000732656568289, 0.00169089052361, -0.000320361403283, 0.00694375345483, -0.0026813687291, -0.000311985815642, -0.00124311621767, 0.000317909871228, -0.00143481709529, 0.00272997980937, -0.00290518626571], [0.000396707793698, -0.00311298971064, -0.00025395443663, -0.0013273608638, -0.00170150655322, -0.0026813687291, 0.00958145782351, -0.00226387474686, 0.00134148879442, 0.0018728391733, 0.000162892916705, -0.00326770078391, 0.00264931144193], [-3.95584320358e-005, 0.00243074726313, -0.000617148645688, -0.000466104887892, 0.000709901330993, -0.000311985815642, -0.00226387474686, 0.00995801854879, -0.0016314832028, 0.00127455918118, 0.00241216947325, 0.0016053741565, -0.00209704251029], [0.000621935003437, -0.00380875053816, 0.000350703339791, -0.00201048888266, -0.000122882353025, -0.00124311621767, 0.00134148879442, -0.0016314832028, 0.0126264085993, -0.00492017017677, 0.00240468955599, 0.00027146274806, 0.00205610855483], [-0.000839615357108, 0.00390598550439, -0.00135277654044, 0.00277122203261, -0.00325514189899, 0.000317909871228, 0.0018728391733, 0.00127455918118, -0.00492017017677, 0.0179550703615, -0.00772010302171, 0.00484962249175, 0.00120884994976], [0.0010937161278, -0.00591848231852, 0.00176190841012, -0.00571958348155, 0.00264339661226, -0.00143481709529, 0.000162892916705, 0.00241216947325, 0.00240468955599, -0.00772010302171, 0.0220166165382, -0.0110686998814, 0.00586667610332], [-0.000992761226371, 0.00656349165365, -0.00263557909057, 0.00521313818172, -0.00172863039188, 0.00272997980937, -0.00326770078391, 0.0016053741565, 0.00027146274806, 0.00484962249175, -0.0110686998814, 0.0196227896959, -0.00869316142052], [0.000439546623966, -0.00556510314345, 0.00174749654252, -0.00413283612579, 0.00107476103585, -0.00290518626571, 0.00264931144193, -0.00209704251029, 0.00205610855483, 0.00120884994976, 0.00586667610332, -0.00869316142052, 0.016930302605]]
    },
    "melbands": {
        "mean": [0.00102090509608, 0.00502473348752, 0.00326536246575, 0.00111650850158, 0.000486731092678, 0.000302486121655, 0.000235916973907, 0.000281655375147, 0.000154518071213, 0.00018954303232, 8.71518495842e-005, 2.48935066338e-005, 7.33193155611e-005, 1.39928306453e-005, 1.11679128167e-005, 8.24824928713e-006, 7.53390622776e-006, 3.86840383726e-006, 5.38694939678e-006, 4.57065516457e-006, 1.80792642368e-006, 1.86259558177e-006, 1.52996676661e-006, 1.10495773242e-006, 1.28691567625e-006, 1.19257106235e-006, 9.86441477835e-007, 7.37928246508e-007, 8.98747430256e-007, 1.1294343949e-006, 8.83759241788e-007, 8.30395663343e-007, 1.00806607861e-006, 6.62901641135e-007, 5.24258098267e-007, 6.63220873776e-007, 3.54381455736e-007, 4.16005036641e-007, 3.79681750928e-007, 3.09146201971e-007],
        "var": [2.91747073788e-006, 2.54762799159e-005, 1.2478501958e-005, 6.90750994181e-006, 2.22074368139e-006, 9.15275279567e-007, 3.43134274772e-007, 1.14279487207e-007, 2.05820054333e-008, 6.17109492396e-008, 2.82394285733e-008, 3.83788822944e-009, 1.95012095361e-008, 7.50925877036e-010, 3.51680601307e-010, 2.34639419006e-010, 1.60702270935e-010, 1.87813500863e-010, 3.79499764946e-010, 9.43928754604e-011, 2.21295152342e-011, 6.46335138188e-011, 5.68687770486e-011, 1.87848868405e-011, 3.7603944264e-011, 2.81083819414e-011, 1.12157175908e-011, 4.52771500847e-012, 4.04306666271e-012, 4.66202510624e-012, 5.39997040139e-012, 4.73825536099e-012, 3.29670167033e-012, 1.506086705e-012, 1.10698906639e-012, 1.96997236232e-012, 8.36084998977e-013, 1.11535281878e-012, 9.49850332936e-013, 6.10092922362e-013]
    },
    "mfcc": {
        "mean": [-704.170837402, 152.912246704, 56.7688674927, 21.0506916046, -5.14438199997, 10.6498708725, -3.38263106346, 5.4987988472, 7.71142053604, 4.28624773026, -0.120460115373, -0.390347778797, -2.12472653389],
        "cov": [[2502.60913086, -769.25592041, -295.759338379, 80.2375869751, 196.179336548, -28.1060161591, -30.3670825958, -142.659225464, -109.709793091, -50.183265686, -7.32788896561, -88.7552947998, -34.636631012], [-769.25592041, 849.616149902, -5.10359239578, -146.606842041, -105.764518738, 85.3365783691, 0.59125161171, 47.767288208, 73.2196350098, 52.7498588562, 2.47132253647, 21.2470645905, 2.69129562378], [-295.759338379, -5.10359239578, 447.108306885, 10.2547359467, -36.7038726807, -6.42472600937, 28.7591838837, 73.3749771118, 15.8415679932, -26.3249530792, -6.83182525635, 25.341501236, 21.8557186127], [80.2375869751, -146.606842041, 10.2547359467, 243.865310669, 19.9526844025, -39.060962677, 8.9617729187, -3.50028920174, -21.6784362793, 5.44774103165, 14.3609790802, -19.4927749634, -5.33348083496], [196.179336548, -105.764518738, -36.7038726807, 19.9526844025, 135.822891235, 16.4680347443, -19.8742103577, -38.9424438477, -2.05389237404, 17.8599586487, 19.2681999207, 11.7559270859, -7.28176307678], [-28.1060161591, 85.3365783691, -6.42472600937, -39.060962677, 16.4680347443, 142.124420166, 23.9280471802, -5.11361646652, 5.82187891006, 25.7669258118, 23.8378658295, 21.4461364746, 6.6635184288], [-30.3670825958, 0.59125161171, 28.7591838837, 8.9617729187, -19.8742103577, 23.9280471802, 135.491439819, 59.0799064636, 26.0667991638, -23.6734714508, -8.37354469299, -2.84261035919, 10.3850545883], [-142.659225464, 47.767288208, 73.3749771118, -3.50028920174, -38.9424438477, -5.11361646652, 59.0799064636, 158.836929321, 62.2692947388, 0.505162119865, -32.5230674744, -14.9122915268, 8.10751247406], [-109.709793091, 73.2196350098, 15.8415679932, -21.6784362793, -2.05389237404, 5.82187891006, 26.0667991638, 62.2692947388, 144.736541748, 38.8750305176, -19.6740131378, -23.4820537567, -8.86371421814], [-50.183265686, 52.7498588562, -26.3249530792, 5.44774103165, 17.8599586487, 25.7669258118, -23.6734714508, 0.505162119865, 38.8750305176, 121.810974121, 48.0740966797, 0.656870484352, -30.9121570587], [-7.32788896561, 2.47132253647, -6.83182525635, 14.3609790802, 19.2681999207, 23.8378658295, -8.37354469299, -32.5230674744, -19.6740131378, 48.0740966797, 103.31640625, 42.5767860413, -26.1763134003], [-88.7552947998, 21.2470645905, 25.341501236, -19.4927749634, 11.7559270859, 21.4461364746, -2.84261035919, -14.9122915268, -23.4820537567, 0.656870484352, 42.5767860413, 126.175895691, 36.8150062561], [-34.636631012, 2.69129562378, 21.8557186127, -5.33348083496, -7.28176307678, 6.6635184288, 10.3850545883, 8.10751247406, -8.86371421814, -30.9121570587, -26.1763134003, 36.8150062561, 101.741333008]],
        "icov": [[0.000680091383401, 0.000559683307074, 0.000367210130207, 0.000163587523275, -0.000472272047773, -0.000177526424523, -3.70813249901e-005, 0.000128869229229, 0.000200941140065, 0.000151817701408, -1.87745172298e-005, 0.000464729964733, 8.39899712446e-006], [0.000559683307074, 0.00211533205584, 0.000420414231485, 0.000773676321842, 0.00104015064426, -0.00104192236904, 0.00035166129237, -2.72549823421e-005, -0.000460119073978, -0.000353008072125, 4.30497166235e-005, 4.73577383673e-005, 4.03891281167e-005], [0.000367210130207, 0.000420414231485, 0.00275186146609, -9.46108339122e-005, 0.000253050180618, -0.00019962254737, 0.000219711902901, -0.00116743228864, -0.000108413165435, 0.000788627832662, -0.000417657051003, -0.000347287685145, -0.00013205097639], [0.000163587523275, 0.000773676321842, -9.46108339122e-005, 0.00506624113768, -0.000587717047893, 0.00131018727552, -0.000856261758599, -0.000147051585373, 0.00091282807989, -0.000881363230292, -0.00117346504703, 0.00135285442229, -0.000687323743477], [-0.000472272047773, 0.00104015064426, 0.000253050180618, -0.000587717047893, 0.0100877797231, -0.00172874995042, 0.00105944008101, 0.00164872093592, -0.00169918092433, -0.000787622993812, -5.66523121961e-005, -0.00150496175047, 0.000464890879812], [-0.000177526424523, -0.00104192236904, -0.00019962254737, 0.00131018727552, -0.00172874995042, 0.0092936931178, -0.00276472279802, 0.000725951394998, 0.00068649702007, -0.00205654976889, -0.00111811072566, -0.000237193351495, -0.00119625090156], [-3.70813249901e-005, 0.00035166129237, 0.000219711902901, -0.000856261758599, 0.00105944008101, -0.00276472279802, 0.0105223748833, -0.00368520640768, -0.00177057483234, 0.00368687370792, -0.00201206700876, 0.000331470073434, -0.000309176626615], [0.000128869229229, -2.72549823421e-005, -0.00116743228864, -0.000147051585373, 0.00164872093592, 0.000725951394998, -0.00368520640768, 0.0104194264859, -0.00288408156484, -0.00148367101792, 0.00270669511519, -0.00026195726241, -6.88531417836e-006], [0.000200941140065, -0.000460119073978, -0.000108413165435, 0.00091282807989, -0.00169918092433, 0.00068649702007, -0.00177057483234, -0.00288408156484, 0.0107052698731, -0.00444043055177, 0.00275489874184, 0.00103707448579, 0.000312727614073], [0.000151817701408, -0.000353008072125, 0.000788627832662, -0.000881363230292, -0.000787622993812, -0.00205654976889, 0.00368687370792, -0.00148367101792, -0.00444043055177, 0.0144783752039, -0.00712529150769, 0.00130445801187, 0.00137252395507], [-1.87745172298e-005, 4.30497166235e-005, -0.000417657051003, -0.00117346504703, -5.66523121961e-005, -0.00111811072566, -0.00201206700876, 0.00270669511519, 0.00275489874184, -0.00712529150769, 0.0189772546291, -0.00714208511636, 0.00562154315412], [0.000464729964733, 4.73577383673e-005, -0.000347287685145, 0.00135285442229, -0.00150496175047, -0.000237193351495, 0.000331470073434, -0.00026195726241, 0.00103707448579, 0.00130445801187, -0.00714208511636, 0.0129837794229, -0.00585167575628], [8.39899712446e-006, 4.03891281167e-005, -0.00013205097639, -0.000687323743477, 0.000464890879812, -0.00119625090156, -0.000309176626615, -6.88531417836e-006, 0.000312727614073, 0.00137252395507, 0.00562154315412, -0.00585167575628, 0.0139747131616]]
    },
    "spectral_contrast_coeffs": {
        "mean": [-0.570708453655, -0.71841698885, -0.681642889977, -0.755758523941, -0.825082838535, -0.761780142784],
        "var": [0.0048677274026, 0.0035744891502, 0.00479244580492, 0.00344808609225, 0.000949717825279, 0.00123048538808]
    },
    "spectral_contrast_valleys": {
        "mean": [-7.01267385483, -6.76462268829, -8.24350261688, -9.21428489685, -8.86787223816, -10.8558082581],
        "var": [0.590519070625, 0.474042654037, 0.528535544872, 1.02647602558, 0.938971281052, 1.01227748394]
    }
},
"metadata": {
    "audio_properties": {
        "analysis_sample_rate": 44100,
        "bit_rate": 128074,
        "equal_loudness": 0,
        "length": 45.0612258911,
        "lossless": 0,
        "replay_gain": -4.08455657959,
        "sample_rate": 44100,
        "codec": "mp3",
        "downmix": "mix",
        "md5_encoded": "6da895982769d1143d0a7f56bb1ff1b0"
    },
    "tags": {
        "file_name": "1355.mp3"
    },
    "version": {
        "essentia": "2.1-beta2",
        "essentia_git_sha": "v2.1_beta2",
        "extractor": "music 1.0"
    }
},
"rhythm": {
    "beats_count": 85,
    "beats_loudness": {
        "mean": 0.07443164289,
        "var": 0.0011209329823
    },
    "bpm": 114.960144043,
    "bpm_histogram_first_peak_bpm": {
        "mean": 115,
        "var": 0
    },
    "bpm_histogram_first_peak_spread": {
        "mean": 0.34177210927,
        "var": 0
    },
    "bpm_histogram_first_peak_weight": {
        "mean": 0.619047641754,
        "var": 0
    },
    "bpm_histogram_second_peak_bpm": {
        "mean": 108,
        "var": 0
    },
    "bpm_histogram_second_peak_spread": {
        "mean": 0,
        "var": 0
    },
    "bpm_histogram_second_peak_weight": {
        "mean": 0.0595238097012,
        "var": 0
    },
    "danceability": 1.7982404232,
    "onset_rate": 5.25714063644,
    "beats_loudness_band_ratio": {
        "mean": [0.846808731556, 0.0901086777449, 0.0612719319761, 0.0235156491399, 0.00363760930486, 0.00913139246404],
        "var": [0.00949998013675, 0.00442756386474, 0.0031040343456, 0.0010841479525, 1.38572058859e-005, 7.42729243939e-005]
    },
    "beats_position": [0.53405892849, 1.09133780003, 1.64861679077, 2.20589566231, 2.76317453384, 3.32045340538, 3.85451245308, 4.38857126236, 4.91102027893, 5.4334692955, 5.94430828094, 6.47836732864, 6.98920631409, 7.51165533066, 8.03410434723, 8.55655288696, 9.07900238037, 9.6014509201, 10.1239004135, 10.6579589844, 11.1687984467, 11.6912469864, 12.2136955261, 12.7361450195, 13.2585935593, 13.7810430527, 14.3034915924, 14.8259410858, 15.3483896255, 15.8592290878, 16.3932876587, 16.904127121, 17.426574707, 17.9490242004, 18.4714736938, 18.9939231873, 19.5163707733, 20.0388202667, 20.5612697601, 21.0837192535, 21.6061668396, 22.128616333, 22.6394557953, 23.1735134125, 23.6843528748, 24.2068023682, 24.7292518616, 25.2516994476, 25.774148941, 26.2965984344, 26.8190479279, 27.353105545, 27.8639450073, 28.3863945007, 28.9088420868, 29.4312915802, 29.9537410736, 30.476190567, 30.9986381531, 31.5210876465, 32.0435371399, 32.5543746948, 33.0884361267, 33.5992736816, 34.121723175, 34.6441726685, 35.1782302856, 35.6890678406, 36.211517334, 36.7339668274, 37.2680282593, 37.7788658142, 38.3013153076, 38.823764801, 39.3462142944, 39.8686599731, 40.3911094666, 40.91355896, 41.4243965149, 41.9468460083, 42.4692955017, 42.9801368713, 43.5141944885, 44.0482521057, 44.5590934753]
},
"tonal": {
    "chords_changes_rate": 0.0257201641798,
    "chords_number_rate": 0.00308641977608,
    "chords_strength": {
        "mean": 0.611819863319,
        "var": 0.0106377946213
    },
    "hpcp_entropy": {
        "mean": 1.53814768791,
        "var": 0.392509788275
    },
    "key_strength": 0.60498636961,
    "tuning_diatonic_strength": 0.47839012742,
    "tuning_equal_tempered_deviation": 0.0898932740092,
    "tuning_frequency": 437.971466064,
    "tuning_nontempered_energy_ratio": 0.733853042126,
    "hpcp": {
        "mean": [0.455033421516, 0.276266366243, 0.0509416870773, 0.0261894073337, 0.0212796591222, 0.0339470207691, 0.0611788928509, 0.0735558345914, 0.251404762268, 0.497219026089, 0.309882283211, 0.0379483141005, 0.0178107637912, 0.0150135084987, 0.0113586466759, 0.0183448139578, 0.0242370013148, 0.020631365478, 0.0170356873423, 0.0177279859781, 0.0757966116071, 0.207169890404, 0.184927493334, 0.0656062811613, 0.0329409427941, 0.0182912126184, 0.0174975544214, 0.0196529552341, 0.0178896635771, 0.0390334427357, 0.0939317941666, 0.085342399776, 0.0323815904558, 0.0233070719987, 0.0427811741829, 0.243063136935],
        "var": [0.222932606936, 0.0903629809618, 0.0177322551608, 0.0125640053302, 0.00796559918672, 0.0149952024221, 0.0235326532274, 0.0277710482478, 0.0649384632707, 0.192602217197, 0.0747723206878, 0.00613313773647, 0.00578178651631, 0.00485298596323, 0.00261133746244, 0.00532496580854, 0.0106245195493, 0.00783685036004, 0.00666925823316, 0.00613235495985, 0.0127979991958, 0.0404097810388, 0.0408821664751, 0.0248399153352, 0.016709042713, 0.00652222568169, 0.00872412696481, 0.0112032005563, 0.00972622260451, 0.00928184855729, 0.0207696203142, 0.0207693036646, 0.0136051056907, 0.00986594334245, 0.0195770375431, 0.0757279098034]
    },
    "chords_histogram": [0, 59.8765449524, 30.7613162994, 9.25925922394, 0, 0, 0, 0, 0, 0, 0, 0, 0, 0, 0, 0, 0, 0, 0, 0.102880656719, 0, 0, 0, 0],
    "thpcp": [1, 0.623230934143, 0.0763211250305, 0.0358207598329, 0.0301949605346, 0.0228443518281, 0.0368948355317, 0.0487451218069, 0.0414935164154, 0.0342619381845, 0.0356542803347, 0.152441099286, 0.416657209396, 0.371923595667, 0.131946444511, 0.0662503689528, 0.0367870330811, 0.0351908393204, 0.0395257510245, 0.0359794422984, 0.0785035192966, 0.188914313912, 0.171639442444, 0.0651254057884, 0.046874858439, 0.0860409066081, 0.488845199347, 0.915156900883, 0.555623054504, 0.10245321691, 0.0526717714965, 0.0427973531187, 0.0682737752795, 0.123042136431, 0.1479344666, 0.505621790886],
    "chords_key": "A",
    "chords_scale": "minor",
    "key_key": "F",
    "key_scale": "major"
}
}