{
"lowlevel": {
    "average_loudness": 0.911415457726,
    "barkbands_crest": {
        "mean": 18.3084373474,
        "var": 41.1869049072
    },
    "barkbands_flatness_db": {
        "mean": 0.312493473291,
        "var": 0.0227095931768
    },
    "barkbands_kurtosis": {
        "mean": 81.1438064575,
        "var": 10157.8417969
    },
    "barkbands_skewness": {
        "mean": 6.07897615433,
        "var": 22.0547485352
    },
    "barkbands_spread": {
        "mean": 9.98178863525,
        "var": 234.681060791
    },
    "dissonance": {
        "mean": 0.448660969734,
        "var": 0.00239985552616
    },
    "dynamic_complexity": 3.62243175507,
    "erbbands_crest": {
        "mean": 9.4982881546,
        "var": 14.6717596054
    },
    "erbbands_flatness_db": {
        "mean": 0.18710026145,
        "var": 0.00796081125736
    },
    "erbbands_kurtosis": {
        "mean": 0.699157893658,
        "var": 16.4234161377
    },
    "erbbands_skewness": {
        "mean": 0.633739173412,
        "var": 0.991473913193
    },
    "erbbands_spread": {
        "mean": 56.2818832397,
        "var": 1313.29040527
    },
    "hfc": {
        "mean": 21.2672519684,
        "var": 1096.02050781
    },
    "melbands_crest": {
        "mean": 25.2796573639,
        "var": 88.006477356
    },
    "melbands_flatness_db": {
        "mean": 0.417318731546,
        "var": 0.0324892625213
    },
    "melbands_kurtosis": {
        "mean": 189.844650269,
        "var": 67559.40625
    },
    "melbands_skewness": {
        "mean": 8.83163070679,
        "var": 37.7931480408
    },
    "melbands_spread": {
        "mean": 8.8426027298,
        "var": 349.116607666
    },
    "pitch_salience": {
        "mean": 0.328844368458,
        "var": 0.0526153184474
    },
    "silence_rate_20dB": {
        "mean": 0.983007192612,
        "var": 0.0167036503553
    },
    "silence_rate_30dB": {
        "mean": 0.43048402667,
        "var": 0.245161876082
    },
    "silence_rate_60dB": {
        "mean": 0.174047380686,
        "var": 0.143753126264
    },
    "spectral_centroid": {
        "mean": 802.350402832,
        "var": 667165.75
    },
    "spectral_complexity": {
        "mean": 10.8079299927,
        "var": 138.918273926
    },
    "spectral_decrease": {
        "mean": -3.23178745987e-008,
        "var": 7.89958702598e-016
    },
    "spectral_energy": {
        "mean": 0.123904071748,
        "var": 0.011396786198
    },
    "spectral_energyband_high": {
        "mean": 0.00124791800044,
        "var": 8.50802189234e-006
    },
    "spectral_energyband_low": {
        "mean": 0.114341206849,
        "var": 0.0111519331113
    },
    "spectral_energyband_middle_high": {
        "mean": 0.00191181991249,
        "var": 2.7447260436e-005
    },
    "spectral_energyband_middle_low": {
        "mean": 0.00721955997869,
        "var": 0.00017874391051
    },
    "spectral_entropy": {
        "mean": 6.97638654709,
        "var": 1.00296986103
    },
    "spectral_flux": {
        "mean": 0.121552318335,
        "var": 0.0174629446119
    },
    "spectral_kurtosis": {
        "mean": 26.9744338989,
        "var": 2676.40917969
    },
    "spectral_rms": {
        "mean": 0.00930005218834,
        "var": 3.43910069205e-005
    },
    "spectral_rolloff": {
        "mean": 634.156616211,
        "var": 2136661.25
    },
    "spectral_skewness": {
        "mean": 2.97171449661,
        "var": 9.05374908447
    },
    "spectral_spread": {
        "mean": 4893878,
        "var": 9.87586940109e+012
    },
    "spectral_strongpeak": {
        "mean": 0.72488373518,
        "var": 0.197093114257
    },
    "zerocrossingrate": {
        "mean": 0.0283411815763,
        "var": 0.00137745554093
    },
    "barkbands": {
        "mean": [0.0111460667104, 0.0938970595598, 0.0085182171315, 0.00248068803921, 0.00266889296472, 0.000777133973315, 0.0005210126983, 0.000515901600011, 0.000210442813113, 0.000161685587955, 7.65055738157e-005, 0.000151059575728, 0.000214278858039, 0.000219322013436, 0.000170678060385, 0.000190796839888, 0.000198191977688, 0.000170917453943, 0.000268893432803, 0.000228532735491, 0.000217248467379, 0.000301756837871, 0.000197718822164, 0.000171024847077, 0.000132873188704, 9.45507999859e-005, 2.65521248366e-006],
        "var": [0.000427272025263, 0.00782483816147, 0.000963355705608, 7.78864123276e-005, 1.96292094188e-005, 4.9300720093e-006, 1.41855264246e-006, 1.42579619933e-006, 2.03898636641e-007, 2.01867592864e-007, 4.81425530552e-008, 2.60945398622e-007, 3.74990122509e-007, 1.46665996681e-007, 3.1504040976e-007, 6.10702272752e-007, 7.46635464566e-007, 3.18091053941e-007, 7.31279669708e-007, 3.55930325213e-007, 4.02168922164e-007, 7.09303947133e-007, 2.12423387325e-007, 1.8874978025e-007, 1.64594595731e-007, 1.44536173252e-007, 9.19563453161e-011]
    },
    "erbbands": {
        "mean": [4.60231590271, 13.3463935852, 11.6057682037, 9.44189167023, 8.70431613922, 9.10549545288, 4.53127765656, 8.32432556152, 5.59537363052, 14.887509346, 6.40413045883, 5.12452983856, 4.97633218765, 3.22999715805, 4.14773178101, 6.73192739487, 9.93800830841, 12.1826734543, 8.53143215179, 10.1922006607, 9.86312103271, 11.4546327591, 9.70067501068, 11.4911193848, 13.4261741638, 10.8725156784, 9.18867874146, 9.67900657654, 11.2815227509, 8.07928848267, 5.35318088531, 4.02000188828, 2.53337669373, 1.63193428516, 0.849173605442, 0.536463260651, 0.139870122075, 0.0195442177355, 0.000469415273983, 0.000152115419041],
        "var": [21.9789333344, 220.62739563, 1242.5168457, 1018.20166016, 426.09954834, 182.221298218, 47.8031082153, 659.238464355, 131.727203369, 1393.07910156, 121.66570282, 137.5677948, 189.37902832, 67.7692108154, 145.466445923, 480.00112915, 839.545288086, 377.313079834, 531.04876709, 1704.12316895, 1622.84606934, 2543.40014648, 1092.24890137, 1392.33984375, 1832.99267578, 837.979553223, 590.805358887, 877.641296387, 1054.90002441, 418.351043701, 161.02482605, 104.167655945, 35.8399505615, 22.66264534, 7.04337024689, 4.75561904907, 0.291521787643, 0.00662707677111, 2.63416313828e-006, 1.87902280402e-008]
    },
    "gfcc": {
        "mean": [-91.1528167725, 121.651062012, -58.7100105286, 38.1151733398, -39.2077407837, 22.7030773163, -25.8912086487, 0.0720508024096, -13.3033075333, 11.6193599701, -4.40627336502, -3.78237748146, -6.41817426682],
        "cov": [[17009.9609375, -7451.46142578, -1452.07141113, 4209.53662109, -1366.44055176, 838.593994141, -491.93460083, 1544.65930176, -384.43572998, 616.594909668, -355.868133545, 396.352142334, -533.296386719], [-7451.46142578, 4743.45263672, 522.195617676, -2135.46582031, 1327.45922852, -409.906524658, 441.078674316, -1026.02697754, 501.905914307, -193.516448975, 426.123413086, -284.142272949, 416.095153809], [-1452.07141113, 522.195617676, 1368.42822266, -155.292816162, 280.198669434, 168.62979126, 181.689056396, 67.8399963379, 71.9534301758, 16.2512283325, 92.6645202637, -95.2713012695, -26.0946655273], [4209.53662109, -2135.46582031, -155.292816162, 1657.22473145, -1.91868984699, 295.659881592, 6.43011569977, 347.699584961, -25.8822937012, 272.480651855, 37.4145202637, 70.8656082153, -117.860862732], [-1366.44055176, 1327.45922852, 280.198669434, -1.91868984699, 1830.21911621, 114.049697876, 320.737731934, -555.395019531, 370.90814209, 332.19140625, 454.396392822, -84.4270172119, 200.780410767], [838.593994141, -409.906524658, 168.62979126, 295.659881592, 114.049697876, 275.157318115, 37.7504119873, 88.3848419189, 45.1458816528, 123.58480835, 77.0910110474, 24.1293067932, -7.32078933716], [-491.93460083, 441.078674316, 181.689056396, 6.43011569977, 320.737731934, 37.7504119873, 236.058349609, -56.5012626648, 151.250549316, 57.3944664001, 135.505645752, -24.3241920471, 80.8986587524], [1544.65930176, -1026.02697754, 67.8399963379, 347.699584961, -555.395019531, 88.3848419189, -56.5012626648, 423.872528076, -112.487419128, -23.8073997498, -149.887008667, 58.6169166565, -106.096290588], [-384.43572998, 501.905914307, 71.9534301758, -25.8822937012, 370.90814209, 45.1458816528, 151.250549316, -112.487419128, 243.527572632, 126.429931641, 184.301025391, -38.3563575745, 92.7646331787], [616.594909668, -193.516448975, 16.2512283325, 272.480651855, 332.19140625, 123.58480835, 57.3944664001, -23.8073997498, 126.429931641, 238.870452881, 162.730957031, 19.2494754791, 32.349571228], [-355.868133545, 426.123413086, 92.6645202637, 37.4145202637, 454.396392822, 77.0910110474, 135.505645752, -149.887008667, 184.301025391, 162.730957031, 253.092422485, -11.9655666351, 91.8474349976], [396.352142334, -284.142272949, -95.2713012695, 70.8656082153, -84.4270172119, 24.1293067932, -24.3241920471, 58.6169166565, -38.3563575745, 19.2494754791, -11.9655666351, 93.6952209473, -2.0701675415], [-533.296386719, 416.095153809, -26.0946655273, -117.860862732, 200.780410767, -7.32078933716, 80.8986587524, -106.096290588, 92.7646331787, 32.349571228, 91.8474349976, -2.0701675415, 114.360054016]],
        "icov": [[0.00030983009492, 6.62193706376e-005, 0.000285362300929, -0.000477318943013, -6.30822614767e-005, -0.000286688358756, 0.000322027277434, -0.000549816468265, -0.000244535214733, -0.000126737490064, 0.000165239194757, -6.19335114607e-005, 0.000231967947911], [6.62193706376e-005, 0.00468448968604, -0.000663624959998, 0.00367951160297, -0.000685305800289, 0.00171626755036, -0.00253495713696, 0.00367667106912, -0.00331228086725, 0.00454902881756, -0.00329793151468, 0.0036845151335, -0.0024621526245], [0.000285362300929, -0.000663624959998, 0.00162028369959, -0.000564618501812, -0.000271384604275, -0.00135075696744, -0.000230338438996, -0.00204438902438, 0.00100699812174, -0.000538059975952, -0.00012885814067, 0.000720019335859, 0.00164129235782], [-0.000477318943013, 0.00367951160297, -0.000564618501812, 0.00507879257202, -0.00066790234996, 0.00124480482191, -0.00329888123088, 0.00281390896998, -0.00132236722857, 0.00256481440738, -0.0031807126943, 0.00371892820112, -0.00134268612601], [-6.30822614767e-005, -0.000685305800289, -0.000271384604275, -0.00066790234996, 0.00202063913457, -0.000436892092694, -0.00109792686999, 0.00214452273212, 0.000616084143985, -0.00249313586392, 0.000644782732707, -0.000421784352511, 0.000319687387673], [-0.000286688358756, 0.00171626755036, -0.00135075696744, 0.00124480482191, -0.000436892092694, 0.00730265490711, -0.000528136093635, 0.000564661808312, -0.00105005060323, 0.000387663021684, -0.00270521640778, 0.000448605249403, -0.00155191391241], [0.000322027277434, -0.00253495713696, -0.000230338438996, -0.00329888123088, -0.00109792686999, -0.000528136093635, 0.0126355001703, -0.00536528369412, -0.00302636902779, 0.0017832837766, -0.000786081829574, -0.0027600475587, -0.0022177209612], [-0.000549816468265, 0.00367667106912, -0.00204438902438, 0.00281390896998, 0.00214452273212, 0.000564661808312, -0.00536528369412, 0.0128693925217, -0.00333926244639, 0.00138806656469, 0.0015394265065, 0.000146731195855, -0.000419639109168], [-0.000244535214733, -0.00331228086725, 0.00100699812174, -0.00132236722857, 0.000616084143985, -0.00105005060323, -0.00302636902779, -0.00333926244639, 0.016816791147, -0.00765003589913, -0.00268022110686, 0.00322114233859, -0.00159401039127], [-0.000126737490064, 0.00454902881756, -0.000538059975952, 0.00256481440738, -0.00249313586392, 0.000387663021684, 0.0017832837766, 0.00138806656469, -0.00765003589913, 0.0194168947637, -0.0102199716493, 0.000638930767309, -0.00126116536558], [0.000165239194757, -0.00329793151468, -0.00012885814067, -0.0031807126943, 0.000644782732707, -0.00270521640778, -0.000786081829574, 0.0015394265065, -0.00268022110686, -0.0102199716493, 0.0198457892984, -0.00479637505487, -0.000819216191303], [-6.19335114607e-005, 0.0036845151335, 0.000720019335859, 0.00371892820112, -0.000421784352511, 0.000448605249403, -0.0027600475587, 0.000146731195855, 0.00322114233859, 0.000638930767309, -0.00479637505487, 0.0191788543016, -0.00543415406719], [0.000231967947911, -0.0024621526245, 0.00164129235782, -0.00134268612601, 0.000319687387673, -0.00155191391241, -0.0022177209612, -0.000419639109168, -0.00159401039127, -0.00126116536558, -0.000819216191303, -0.00543415406719, 0.0205034520477]]
    },
    "melbands": {
        "mean": [0.0322125479579, 0.00965863093734, 0.00162975955755, 0.000677541247569, 0.000207601275179, 0.000172219370143, 8.69338473422e-005, 0.000159877527039, 4.45897167083e-005, 3.03384695144e-005, 2.51445726462e-005, 1.42058033816e-005, 1.22556366478e-005, 1.70476578205e-005, 1.76272060344e-005, 2.46139552473e-005, 2.17604429054e-005, 1.31538999995e-005, 1.29891532197e-005, 1.42024964589e-005, 1.06197721834e-005, 1.1809280295e-005, 1.0482003745e-005, 7.81751441536e-006, 9.43164013734e-006, 9.83305199043e-006, 8.35474929772e-006, 7.03686782799e-006, 6.47113665764e-006, 4.44679290013e-006, 5.78365097681e-006, 6.931810276e-006, 5.05821890329e-006, 4.21759750679e-006, 3.11071812575e-006, 2.50983589467e-006, 2.57701913142e-006, 1.89411048268e-006, 1.37428378366e-006, 1.386692702e-006],
        "var": [0.000960969424341, 0.000293708144454, 2.73253954219e-005, 1.48028425428e-006, 7.92327483623e-008, 2.6111095508e-007, 3.43249411117e-008, 1.58201785894e-007, 5.01880403903e-009, 5.36412558816e-009, 5.00881025545e-009, 1.36072397794e-009, 1.29703114915e-009, 3.41868910958e-009, 3.62022811728e-009, 3.15567461051e-009, 1.23119126005e-009, 1.30772048745e-009, 2.09386019634e-009, 3.51206952409e-009, 1.80495851598e-009, 2.84471246559e-009, 1.83299964096e-009, 6.42647490778e-010, 1.01898589566e-009, 9.36658972606e-010, 7.02405522635e-010, 3.26282889596e-010, 3.09261394271e-010, 1.63214802784e-010, 3.11749237536e-010, 4.41234548898e-010, 1.87271614882e-010, 1.10730181968e-010, 5.8998861352e-011, 3.13921007244e-011, 6.12754291751e-011, 2.05819493393e-011, 1.08799774745e-011, 1.9014675251e-011]
    },
    "mfcc": {
        "mean": [-742.773864746, 144.148254395, 48.9677810669, 31.8748493195, 16.4674854279, 24.5101184845, 10.1928033829, -0.749622642994, 0.354765325785, 7.51789808273, 11.7156829834, 7.23391962051, -4.17935419083],
        "cov": [[15324.1054688, -6591.29003906, -996.804382324, 1471.54907227, -23.9397506714, -317.628845215, -251.785842896, 550.911743164, 197.334381104, 358.911712646, -2.53326177597, -48.7975730896, 350.955474854], [-6591.29003906, 4166.99169922, -45.6460800171, -622.80847168, 387.021789551, 536.245361328, 186.156433105, -382.529724121, -86.3367614746, -102.877746582, 243.567138672, 181.407806396, -263.085571289], [-996.804382324, -45.6460800171, 1220.05517578, -141.977554321, -280.737854004, -271.377288818, 57.2564315796, 164.880706787, 71.9248428345, 95.2572402954, -107.762275696, -67.6606140137, 114.583076477], [1471.54907227, -622.80847168, -141.977554321, 600.580078125, 380.403045654, 222.638504028, 127.955917358, 39.066444397, 45.5467948914, 85.1436843872, 163.370162964, 130.120895386, -23.9509544373], [-23.9397506714, 387.021789551, -280.737854004, 380.403045654, 833.680419922, 594.175598145, 265.255493164, -126.970397949, -17.5234527588, 91.8347167969, 338.127502441, 247.010452271, -142.74180603], [-317.628845215, 536.245361328, -271.377288818, 222.638504028, 594.175598145, 590.08416748, 196.641281128, -121.355010986, -23.4221668243, 74.1010131836, 284.137817383, 199.901916504, -105.457015991], [-251.785842896, 186.156433105, 57.2564315796, 127.955917358, 265.255493164, 196.641281128, 188.063400269, 13.3954172134, 24.0923480988, 43.6361846924, 112.62323761, 89.8520050049, -33.8670921326], [550.911743164, -382.529724121, 164.880706787, 39.066444397, -126.970397949, -121.355010986, 13.3954172134, 167.285308838, 62.7866287231, 25.4967346191, -69.7915496826, -44.1754264832, 74.9096679688], [197.334381104, -86.3367614746, 71.9248428345, 45.5467948914, -17.5234527588, -23.4221668243, 24.0923480988, 62.7866287231, 91.165725708, 51.0697250366, 3.12214207649, -3.63032102585, 19.083568573], [358.911712646, -102.877746582, 95.2572402954, 85.1436843872, 91.8347167969, 74.1010131836, 43.6361846924, 25.4967346191, 51.0697250366, 132.211883545, 93.3709335327, 45.0310287476, 11.514333725], [-2.53326177597, 243.567138672, -107.762275696, 163.370162964, 338.127502441, 284.137817383, 112.62323761, -69.7915496826, 3.12214207649, 93.3709335327, 240.073120117, 164.586380005, -54.7573699951], [-48.7975730896, 181.407806396, -67.6606140137, 130.120895386, 247.010452271, 199.901916504, 89.8520050049, -44.1754264832, -3.63032102585, 45.0310287476, 164.586380005, 160.394180298, -15.7482223511], [350.955474854, -263.085571289, 114.583076477, -23.9509544373, -142.74180603, -105.457015991, -33.8670921326, 74.9096679688, 19.083568573, 11.514333725, -54.7573699951, -15.7482223511, 120.738487244]],
        "icov": [[0.00032233944512, 0.000446359656053, 0.000308626767946, -0.000134042333229, -5.64580550417e-005, -3.28932546836e-005, 0.000346447457559, -0.000374088296667, 2.01164584723e-006, -0.000501996604726, -0.000194317195565, -5.59412001166e-006, -9.13398253033e-005], [0.000446359656053, 0.00120366725605, 0.000258000771282, 0.000672436959576, 6.34079624433e-005, -0.000573560304474, 8.77234415384e-005, 0.000222610819037, -0.000870230025612, 0.000167179736309, -0.000567817827687, -0.000470020109788, 0.000477116322145], [0.000308626767946, 0.000258000771282, 0.00173338502645, -6.08045484114e-005, 0.000246060983045, 0.000826749019325, -0.00142320198938, -0.000641184044071, 0.000887123984285, -0.00271784281358, 0.00097762432415, -0.00047318302677, -0.00047975621419], [-0.000134042333229, 0.000672436959576, -6.08045484114e-005, 0.00436306931078, -0.00175551744178, 6.86288558427e-007, -2.31871526921e-005, -0.00088125601178, -0.00174271303695, 0.000993181718513, -0.000473995896755, -0.00162759399973, 0.000996940070763], [-5.64580550417e-005, 6.34079624433e-005, 0.000246060983045, -0.00175551744178, 0.0076933032833, -0.00382166588679, -0.0044242371805, 0.00183326320257, 0.00105114711914, -0.00067824247526, -0.000405072816648, -0.00177900737617, 0.00258225458674], [-3.28932546836e-005, -0.000573560304474, 0.000826749019325, 6.86288558427e-007, -0.00382166588679, 0.00810502376407, -0.00180420372635, 0.000426110578701, 0.00140929641202, -0.000903381966054, -0.00325174676254, 0.00136599724647, -0.00158115965314], [0.000346447457559, 8.77234415384e-005, -0.00142320198938, -2.31871526921e-005, -0.0044242371805, -0.00180420372635, 0.0165231414139, -0.0069800070487, -0.0021574087441, 0.00229613739066, -0.00114715239033, -0.00200907606632, 0.00202884757891], [-0.000374088296667, 0.000222610819037, -0.000641184044071, -0.00088125601178, 0.00183326320257, 0.000426110578701, -0.0069800070487, 0.0175610948354, -0.00665787281469, -4.38678507635e-005, 0.00308972154744, 0.0016087127151, -0.00564005924389], [2.01164584723e-006, -0.000870230025612, 0.000887123984285, -0.00174271303695, 0.00105114711914, 0.00140929641202, -0.0021574087441, -0.00665787281469, 0.0209752842784, -0.00965713337064, 0.00270453165285, -0.000654047937132, 0.00165648804978], [-0.000501996604726, 0.000167179736309, -0.00271784281358, 0.000993181718513, -0.00067824247526, -0.000903381966054, 0.00229613739066, -4.38678507635e-005, -0.00965713337064, 0.0238720849156, -0.0174909066409, 0.00923242233694, -0.00379833159968], [-0.000194317195565, -0.000567817827687, 0.00097762432415, -0.000473995896755, -0.000405072816648, -0.00325174676254, -0.00114715239033, 0.00308972154744, 0.00270453165285, -0.0174909066409, 0.0361058786511, -0.0238150786608, 0.00725701451302], [-5.59412001166e-006, -0.000470020109788, -0.00047318302677, -0.00162759399973, -0.00177900737617, 0.00136599724647, -0.00200907606632, 0.0016087127151, -0.000654047937132, 0.00923242233694, -0.0238150786608, 0.0312560871243, -0.010854344815], [-9.13398253033e-005, 0.000477116322145, -0.00047975621419, 0.000996940070763, 0.00258225458674, -0.00158115965314, 0.00202884757891, -0.00564005924389, 0.00165648804978, -0.00379833159968, 0.00725701451302, -0.010854344815, 0.017956558615]]
    },
    "spectral_contrast_coeffs": {
        "mean": [-0.663628041744, -0.783026278019, -0.809404075146, -0.792997777462, -0.825471937656, -0.782157838345],
        "var": [0.00633860565722, 0.00413307873532, 0.00222642021254, 0.00295943231322, 0.00158998428378, 0.0036490787752]
    },
    "spectral_contrast_valleys": {
        "mean": [-6.89709663391, -7.24088668823, -8.51566314697, -8.88669586182, -9.07474136353, -11.2245092392],
        "var": [1.23430943489, 0.766573786736, 1.18152034283, 2.34894561768, 4.0539560318, 4.88984203339]
    }
},
"metadata": {
    "audio_properties": {
        "analysis_sample_rate": 44100,
        "bit_rate": 128074,
        "equal_loudness": 0,
        "length": 45.0612258911,
        "lossless": 0,
        "replay_gain": -6.32513618469,
        "sample_rate": 44100,
        "codec": "mp3",
        "downmix": "mix",
        "md5_encoded": "5a40ae5e71a8d0d1653bd85274a74071"
    },
    "tags": {
        "file_name": "1356.mp3"
    },
    "version": {
        "essentia": "2.1-beta2",
        "essentia_git_sha": "v2.1_beta2",
        "extractor": "music 1.0"
    }
},
"rhythm": {
    "beats_count": 75,
    "beats_loudness": {
        "mean": 0.149174883962,
        "var": 0.00871937628835
    },
    "bpm": 100.016357422,
    "bpm_histogram_first_peak_bpm": {
        "mean": 99,
        "var": 0
    },
    "bpm_histogram_first_peak_spread": {
        "mean": 0.338028162718,
        "var": 0
    },
    "bpm_histogram_first_peak_weight": {
        "mean": 0.635135114193,
        "var": 0
    },
    "bpm_histogram_second_peak_bpm": {
        "mean": 105,
        "var": 0
    },
    "bpm_histogram_second_peak_spread": {
        "mean": 0.5,
        "var": 0
    },
    "bpm_histogram_second_peak_weight": {
        "mean": 0.0135135138407,
        "var": 0
    },
    "danceability": 0.976852536201,
    "onset_rate": 4.05931091309,
    "beats_loudness_band_ratio": {
        "mean": [0.698104739189, 0.0847395211458, 0.0415357463062, 0.0332917608321, 0.0749227702618, 0.0927750021219],
        "var": [0.132940784097, 0.0171161796898, 0.0110885584727, 0.00196563452482, 0.0131623139605, 0.0165222622454]
    },
    "beats_position": [0.53405892849, 1.06811785698, 1.62539684772, 2.19428563118, 2.7863945961, 3.39011335373, 3.99383211136, 4.59755086899, 5.20126962662, 5.79337835312, 6.38548755646, 6.97759628296, 7.59292507172, 8.19664382935, 8.78875255585, 9.38086128235, 9.98458003998, 10.5882987976, 11.1804075241, 11.7725172043, 12.3762359619, 12.9799547195, 13.5836734772, 14.1873922348, 14.7911109924, 15.3948297501, 15.9985485077, 16.5906581879, 17.1827659607, 17.786485672, 18.390203476, 18.9939231873, 19.5976409912, 20.1897506714, 20.7818584442, 21.3855781555, 21.9892959595, 22.5930156708, 23.1967334747, 23.800453186, 24.3925609589, 24.984670639, 25.5883903503, 26.1921081543, 26.7958278656, 27.3995456696, 27.9916553497, 28.5837631226, 29.1874828339, 29.7912006378, 30.3949203491, 30.9986381531, 31.5907478333, 32.1828575134, 32.7865753174, 33.3902931213, 33.99401474, 34.5977325439, 35.1898422241, 35.7819480896, 36.3856697083, 36.9893875122, 37.5931053162, 38.1968231201, 38.7889328003, 39.3810424805, 39.9847602844, 40.5884780884, 41.192199707, 41.795917511, 42.3880271912, 42.9917449951, 43.5838546753, 44.1875724792, 44.7912902832]
},
"tonal": {
    "chords_changes_rate": 0.0596707835793,
    "chords_number_rate": 0.00925925932825,
    "chords_strength": {
        "mean": 0.485640347004,
        "var": 0.0248086545616
    },
    "hpcp_entropy": {
        "mean": 2.08345127106,
        "var": 0.551841676235
    },
    "key_strength": 0.579744398594,
    "tuning_diatonic_strength": 0.602495789528,
    "tuning_equal_tempered_deviation": 0.237408801913,
    "tuning_frequency": 434.193115234,
    "tuning_nontempered_energy_ratio": 0.90475332737,
    "hpcp": {
        "mean": [0.0651895552874, 0.0567036643624, 0.0507355965674, 0.0534483194351, 0.0484686680138, 0.0347004942596, 0.0308778472245, 0.0327049568295, 0.0457961000502, 0.0694178566337, 0.0697128400207, 0.0519939139485, 0.0757208317518, 0.0960828885436, 0.0672623887658, 0.0603069961071, 0.074740499258, 0.0695768371224, 0.0703124403954, 0.0635177642107, 0.0369896478951, 0.0265133585781, 0.0340113304555, 0.11659693718, 0.186047673225, 0.106189772487, 0.0263497587293, 0.0200164429843, 0.0174875874072, 0.0341068468988, 0.0871827974916, 0.270915418863, 0.468584775925, 0.436126738787, 0.23208257556, 0.0886340513825],
        "var": [0.0380385927856, 0.029866181314, 0.0251047536731, 0.0224615018815, 0.0200319625437, 0.00914535112679, 0.0109005570412, 0.00965612195432, 0.0148487538099, 0.0273377392441, 0.0298878028989, 0.0176406614482, 0.0270975790918, 0.0436223559082, 0.0254344139248, 0.02880541794, 0.0400158762932, 0.0326805785298, 0.0283827073872, 0.0266569443047, 0.0145168472081, 0.00907736737281, 0.0140240630135, 0.0476080812514, 0.109999977052, 0.0343751050532, 0.00647930428386, 0.00639206776395, 0.00346966274083, 0.0106797227636, 0.0406365916133, 0.0978245958686, 0.175687015057, 0.138054892421, 0.106683537364, 0.0368279591203]
    },
    "chords_histogram": [33.127571106, 7.51028823853, 0, 0, 0, 0, 0, 0, 14.6090536118, 3.70370364189, 0.925925910473, 0.823045253754, 1.95473253727, 2.67489719391, 0, 0.925925910473, 0, 0, 3.60082316399, 0.102880656719, 0, 0, 1.13168728352, 28.9094657898],
    "thpcp": [1, 0.930731773376, 0.495284080505, 0.189152643085, 0.139120087028, 0.12101046741, 0.108274102211, 0.114063285291, 0.103436283767, 0.0740538239479, 0.0658959671855, 0.0697951763868, 0.0977327972651, 0.148143649101, 0.148773163557, 0.110959462821, 0.161594733596, 0.205049097538, 0.143543690443, 0.12870028615, 0.159502625465, 0.148482918739, 0.150052756071, 0.135552346706, 0.0789390727878, 0.0565817765892, 0.0725830867887, 0.248827844858, 0.397041648626, 0.22661806643, 0.0562326386571, 0.0427168011665, 0.0373200066388, 0.0727869272232, 0.186055541039, 0.578156709671],
    "chords_key": "G#",
    "chords_scale": "major",
    "key_key": "G#",
    "key_scale": "major"
}
}