{
"lowlevel": {
    "average_loudness": 0.946295678616,
    "barkbands_crest": {
        "mean": 9.99719715118,
        "var": 22.4707050323
    },
    "barkbands_flatness_db": {
        "mean": 0.106177672744,
        "var": 0.00703849410638
    },
    "barkbands_kurtosis": {
        "mean": 4.33557319641,
        "var": 117.56035614
    },
    "barkbands_skewness": {
        "mean": 1.64068698883,
        "var": 2.03973412514
    },
    "barkbands_spread": {
        "mean": 39.1218605042,
        "var": 439.719818115
    },
    "dissonance": {
        "mean": 0.479821622372,
        "var": 0.000970634748228
    },
    "dynamic_complexity": 1.96754288673,
    "erbbands_crest": {
        "mean": 5.42240715027,
        "var": 6.61441802979
    },
    "erbbands_flatness_db": {
        "mean": 0.113374330103,
        "var": 0.00217832205817
    },
    "erbbands_kurtosis": {
        "mean": -0.238133832812,
        "var": 3.04069304466
    },
    "erbbands_skewness": {
        "mean": -0.167870000005,
        "var": 0.413611650467
    },
    "erbbands_spread": {
        "mean": 56.7369422913,
        "var": 509.876525879
    },
    "hfc": {
        "mean": 40.8283538818,
        "var": 1859.62683105
    },
    "melbands_crest": {
        "mean": 16.3635597229,
        "var": 26.696516037
    },
    "melbands_flatness_db": {
        "mean": 0.171847656369,
        "var": 0.0113171674311
    },
    "melbands_kurtosis": {
        "mean": 22.9908561707,
        "var": 1205.83569336
    },
    "melbands_skewness": {
        "mean": 3.67174386978,
        "var": 4.68264484406
    },
    "melbands_spread": {
        "mean": 34.879737854,
        "var": 904.360595703
    },
    "pitch_salience": {
        "mean": 0.56449508667,
        "var": 0.0136030530557
    },
    "silence_rate_20dB": {
        "mean": 1,
        "var": 0
    },
    "silence_rate_30dB": {
        "mean": 0.964984536171,
        "var": 0.0337892957032
    },
    "silence_rate_60dB": {
        "mean": 0.00823892932385,
        "var": 0.00817088782787
    },
    "spectral_centroid": {
        "mean": 1971.21789551,
        "var": 658500.125
    },
    "spectral_complexity": {
        "mean": 29.6560249329,
        "var": 204.390029907
    },
    "spectral_decrease": {
        "mean": -8.90608387039e-009,
        "var": 4.89515560342e-017
    },
    "spectral_energy": {
        "mean": 0.037316866219,
        "var": 0.000745421100874
    },
    "spectral_energyband_high": {
        "mean": 0.00392005452886,
        "var": 2.86918821075e-005
    },
    "spectral_energyband_low": {
        "mean": 0.0219210404903,
        "var": 0.000575518992264
    },
    "spectral_energyband_middle_high": {
        "mean": 0.00503937900066,
        "var": 2.65854177997e-005
    },
    "spectral_energyband_middle_low": {
        "mean": 0.00890943035483,
        "var": 5.20376961504e-005
    },
    "spectral_entropy": {
        "mean": 8.07233810425,
        "var": 0.345213651657
    },
    "spectral_flux": {
        "mean": 0.107542842627,
        "var": 0.00197054375894
    },
    "spectral_kurtosis": {
        "mean": 5.87878513336,
        "var": 956.014465332
    },
    "spectral_rms": {
        "mean": 0.00570655427873,
        "var": 3.84199120163e-006
    },
    "spectral_rolloff": {
        "mean": 2404.21508789,
        "var": 5616110.5
    },
    "spectral_skewness": {
        "mean": 1.2220761776,
        "var": 2.46722698212
    },
    "spectral_spread": {
        "mean": 5657280.5,
        "var": 2.77182205133e+012
    },
    "spectral_strongpeak": {
        "mean": 0.347266107798,
        "var": 0.12043043226
    },
    "zerocrossingrate": {
        "mean": 0.0825150087476,
        "var": 0.00265343231149
    },
    "barkbands": {
        "mean": [0.000614742399193, 0.0138068255037, 0.00514445500448, 0.00348708126694, 0.00150891439989, 0.00105735217221, 0.000746465404518, 0.00133221258875, 0.000576225691475, 0.000534064718522, 0.000421610078774, 0.000763103598729, 0.000658511358779, 0.000307727401378, 0.000455917528598, 0.000418520823587, 0.000412766821682, 0.000398055504775, 0.000464047596324, 0.000612907635514, 0.000644325802568, 0.000813423306681, 0.000960225181188, 0.000781222304795, 0.000322589068674, 6.75242117723e-005, 6.08609343544e-006],
        "var": [5.98985025135e-007, 0.000473312480608, 4.19702555519e-005, 1.24032640088e-005, 3.0321673421e-006, 1.40503311741e-006, 1.20185177366e-006, 6.8938484219e-006, 5.42628868061e-007, 1.17183139992e-006, 7.94977324858e-007, 7.63549280691e-007, 6.53073186641e-007, 1.12609356506e-007, 3.20918076113e-007, 3.4663244719e-007, 1.54632118665e-007, 2.3438830965e-007, 2.4874654514e-007, 5.11317182372e-007, 5.49380331449e-007, 1.23801441987e-006, 2.04837829187e-006, 2.2906679078e-006, 5.36083291536e-007, 6.46735376364e-009, 8.16141321192e-011]
    },
    "erbbands": {
        "mean": [0.464717715979, 2.82815885544, 5.78805828094, 10.4747676849, 7.44957828522, 3.93776607513, 5.37191534042, 9.62917423248, 10.8290290833, 16.169298172, 28.8554992676, 14.8397274017, 16.4101028442, 15.5291099548, 20.7986793518, 33.0633773804, 29.8496398926, 19.6027736664, 19.5716094971, 25.1146202087, 22.2610549927, 23.9074077606, 22.1879482269, 23.7676429749, 24.0049877167, 26.8040409088, 29.5127792358, 24.4794654846, 27.4077701569, 30.7359333038, 26.7463855743, 19.2107181549, 11.5364265442, 5.59981918335, 1.13972306252, 0.346968710423, 0.0957434028387, 0.0277133639902, 0.000737645837944, 7.19604213373e-005],
        "var": [0.351223945618, 26.7955856323, 52.9413986206, 94.0294113159, 61.3785896301, 21.0150928497, 43.3626594543, 142.85874939, 209.05065918, 1096.16711426, 2474.33105469, 358.688171387, 757.789611816, 1380.72424316, 1091.43115234, 1273.05969238, 1240.96838379, 464.214874268, 373.615997314, 1393.6385498, 795.907165527, 556.75793457, 630.426513672, 790.521362305, 596.557495117, 947.734008789, 1309.47180176, 728.416931152, 1281.76220703, 1900.4050293, 1747.64672852, 1331.44665527, 544.37890625, 162.117950439, 5.47007989883, 0.196587368846, 0.0116598103195, 0.0014367881231, 9.35889886478e-007, 2.68449773522e-009]
    },
    "gfcc": {
        "mean": [42.9256095886, 67.8052139282, -102.461448669, 57.0930976868, -60.0965118408, 32.0960769653, -29.7402267456, 11.5958518982, -16.6834220886, 4.69525194168, -13.1243019104, -0.942855060101, -15.7571611404],
        "cov": [[7984.50488281, -2751.62280273, -1252.57983398, 355.84765625, -639.561828613, 513.649658203, -393.338653564, 347.304992676, -319.35333252, 317.460754395, -182.444595337, 320.474487305, -206.084152222], [-2751.62280273, 1685.93920898, 341.137298584, -204.043502808, 258.308685303, -288.712402344, 180.874740601, -164.667358398, 164.45854187, -172.221908569, 80.1244659424, -197.854370117, 92.4375152588], [-1252.57983398, 341.137298584, 744.518798828, -48.7972145081, 157.228713989, -93.7400588989, 86.2342681885, -22.6427783966, 28.8907241821, -11.8234329224, 28.4694957733, -8.73484706879, 26.7122097015], [355.84765625, -204.043502808, -48.7972145081, 349.042572021, -168.399368286, 76.8651504517, -61.0045890808, -27.7511348724, 39.3439826965, -47.2291030884, 29.0694484711, -26.9223518372, 18.5485477448], [-639.561828613, 258.308685303, 157.228713989, -168.399368286, 304.788543701, -17.3623123169, 78.3022155762, -12.6890258789, -39.7892036438, 28.1274490356, 14.5551013947, 42.0602645874, 5.420358181], [513.649658203, -288.712402344, -93.7400588989, 76.8651504517, -17.3623123169, 156.958190918, -16.8481636047, 34.708946228, -29.535150528, 14.6313734055, 3.66581916809, 32.1573371887, 2.90002131462], [-393.338653564, 180.874740601, 86.2342681885, -61.0045890808, 78.3022155762, -16.8481636047, 82.8951263428, 6.68943691254, 26.9758300781, -5.85685348511, 6.0396566391, -6.56260251999, 6.12894296646], [347.304992676, -164.667358398, -22.6427783966, -27.7511348724, -12.6890258789, 34.708946228, 6.68943691254, 76.3112945557, -10.1013231277, 37.6881446838, -17.8106021881, 22.5706501007, -11.8294067383], [-319.35333252, 164.45854187, 28.8907241821, 39.3439826965, -39.7892036438, -29.535150528, 26.9758300781, -10.1013231277, 80.8379364014, -18.5080680847, 24.565164566, -38.454044342, 14.7474946976], [317.460754395, -172.221908569, -11.8234329224, -47.2291030884, 28.1274490356, 14.6313734055, -5.85685348511, 37.6881446838, -18.5080680847, 74.8862533569, 2.71006274223, 52.0471229553, -16.4643325806], [-182.444595337, 80.1244659424, 28.4694957733, 29.0694484711, 14.5551013947, 3.66581916809, 6.0396566391, -17.8106021881, 24.565164566, 2.71006274223, 62.5358009338, 17.2047805786, 28.0209980011], [320.474487305, -197.854370117, -8.73484706879, -26.9223518372, 42.0602645874, 32.1573371887, -6.56260251999, 22.5706501007, -38.454044342, 52.0471229553, 17.2047805786, 93.5919799805, 7.67967176437], [-206.084152222, 92.4375152588, 26.7122097015, 18.5485477448, 5.420358181, 2.90002131462, 6.12894296646, -11.8294067383, 14.7474946976, -16.4643325806, 28.0209980011, 7.67967176437, 50.2203674316]],
        "icov": [[0.000525351380929, -0.00012045261974, 0.000427492224844, -0.000474466767628, 0.000941051752307, -0.000568064744584, 0.000340150931152, -0.000906011846382, 0.00117416377179, -0.00112388876732, 0.000670764537062, -0.00124196975958, 0.0011041124817], [-0.00012045261974, 0.00436877179891, 0.000142818142194, 0.00190074089915, -0.00356460455805, 0.00431172130629, -0.00226677767932, 0.00175576936454, -0.00276359543204, 0.00459711113945, -0.00460913125426, 0.00728821568191, -0.00471177184954], [0.000427492224844, 0.000142818142194, 0.00217753672041, -0.00104409491178, -0.000271077034995, 0.0011624507606, -0.00126741291024, -0.00112909462769, 0.00141349586193, -0.000982349156402, -5.43463065696e-005, -0.000207465112908, -0.000105461440398], [-0.000474466767628, 0.00190074089915, -0.00104409491178, 0.00765148364007, -5.33847342012e-005, -0.00196208222769, 0.0027525133919, 0.00346772652119, -0.00620431499556, 0.00653159385547, -0.00399091793224, 0.00246035819873, -0.00130249722861], [0.000941051752307, -0.00356460455805, -0.000271077034995, -5.33847342012e-005, 0.0128124086186, -0.00530270067975, -0.00613489607349, 0.00219215848483, 0.0111015886068, -0.00937562342733, 0.00190855294932, -0.00662930076942, 0.00439025228843], [-0.000568064744584, 0.00431172130629, 0.0011624507606, -0.00196208222769, -0.00530270067975, 0.0161978658289, -0.00490085128695, -0.00385610153899, 0.00252335844561, 0.00559835275635, -0.00751197291538, 0.00786653254181, -0.00675146887079], [0.000340150931152, -0.00226677767932, -0.00126741291024, 0.0027525133919, -0.00613489607349, -0.00490085128695, 0.0320224128664, -0.00896183773875, -0.0171308591962, 0.00931396707892, 0.00534121831879, -0.0101948343217, 0.00681469822302], [-0.000906011846382, 0.00175576936454, -0.00112909462769, 0.00346772652119, 0.00219215848483, -0.00385610153899, -0.00896183773875, 0.0290111042559, -0.00310448277742, -0.011335965246, 0.00625444063917, 0.00485410308465, -0.00675328448415], [0.00117416377179, -0.00276359543204, 0.00141349586193, -0.00620431499556, 0.0111015886068, 0.00252335844561, -0.0171308591962, -0.00310448277742, 0.0416224189103, -0.0166046544909, -0.0103887347504, 0.0105873355642, -0.00202862150036], [-0.00112388876732, 0.00459711113945, -0.000982349156402, 0.00653159385547, -0.00937562342733, 0.00559835275635, 0.00931396707892, -0.011335965246, -0.0166046544909, 0.0479427799582, -0.0111828818917, -0.0112566398457, 0.010472943075], [0.000670764537062, -0.00460913125426, -5.43463065696e-005, -0.00399091793224, 0.00190855294932, -0.00751197291538, 0.00534121831879, 0.00625444063917, -0.0103887347504, -0.0111828818917, 0.0389857217669, -0.0173337869346, -0.00592894433066], [-0.00124196975958, 0.00728821568191, -0.000207465112908, 0.00246035819873, -0.00662930076942, 0.00786653254181, -0.0101948343217, 0.00485410308465, 0.0105873355642, -0.0112566398457, -0.0173337869346, 0.044915355742, -0.0206573400646], [0.0011041124817, -0.00471177184954, -0.000105461440398, -0.00130249722861, 0.00439025228843, -0.00675146887079, 0.00681469822302, -0.00675328448415, -0.00202862150036, 0.010472943075, -0.00592894433066, -0.0206573400646, 0.041642729193]]
    },
    "melbands": {
        "mean": [0.00398214207962, 0.00331125920638, 0.00171039905399, 0.000378590542823, 0.000180333227036, 0.000215098800254, 0.000164567129104, 0.000204975527595, 0.000216219821596, 8.57887571328e-005, 8.12588987174e-005, 6.20307328063e-005, 6.2798972067e-005, 8.91998206498e-005, 7.38684320822e-005, 6.05548266321e-005, 3.22528139804e-005, 2.85126898234e-005, 3.46712076862e-005, 3.22892738041e-005, 2.44957755058e-005, 2.55689756159e-005, 2.0795781893e-005, 1.875198177e-005, 1.94181156985e-005, 1.68996757566e-005, 1.86433462659e-005, 1.72450017999e-005, 1.9274357328e-005, 1.54166882567e-005, 1.4233636648e-005, 1.59913397511e-005, 1.52991342475e-005, 1.76574976649e-005, 1.55138768605e-005, 1.36494591061e-005, 1.10319169835e-005, 8.43161978992e-006, 6.47893148198e-006, 4.122118753e-006],
        "var": [3.38643440045e-005, 1.96045220946e-005, 2.2120682388e-006, 1.72199591475e-007, 4.68176857282e-008, 6.66682140604e-008, 4.53736319628e-008, 1.95474328279e-007, 1.23564760202e-007, 1.30069981452e-008, 1.99250624888e-008, 2.32255157329e-008, 1.46571395021e-008, 1.14157279185e-008, 5.73158764894e-009, 5.76676217889e-009, 1.32556798871e-009, 8.04639632701e-010, 2.03858951942e-009, 2.50983411831e-009, 9.32145916011e-010, 6.78150369193e-010, 5.16194254008e-010, 5.41440892121e-010, 5.96209082104e-010, 2.93698065867e-010, 4.41195024958e-010, 4.21730816935e-010, 6.34200525429e-010, 3.07185166193e-010, 2.69549799148e-010, 4.37056307812e-010, 5.22657306323e-010, 6.34140129296e-010, 5.80300640873e-010, 5.59740809258e-010, 4.97695884505e-010, 2.74158334923e-010, 2.4066554305e-010, 9.35906629973e-011]
    },
    "mfcc": {
        "mean": [-593.573791504, 82.9554367065, 21.599899292, 27.6588230133, 6.63251018524, 18.5864067078, 4.53703689575, 10.5220766068, 2.2459897995, 7.3331580162, 3.42277145386, 7.11068439484, 3.21436214447],
        "cov": [[6583.27099609, -1766.47583008, -998.100097656, -409.873077393, -222.989868164, -30.6403121948, -57.7050895691, -19.0384922028, -68.983215332, 15.2542581558, -48.815448761, 23.7979469299, 55.8338699341], [-1766.47583008, 1149.44311523, 59.8554534912, 70.0699005127, 38.1214675903, -34.7416687012, 31.0029277802, -7.54546833038, 39.17237854, -1.70862829685, 35.6318664551, -19.6465015411, -24.2236671448], [-998.100097656, 59.8554534912, 636.999755859, 170.736724854, 45.5149879456, -9.43698692322, -18.5688972473, 5.67115879059, 13.3457937241, 14.3438997269, -3.88528299332, -0.442725211382, -5.59620380402], [-409.873077393, 70.0699005127, 170.736724854, 170.742935181, 18.9115810394, 10.1595745087, -32.3611755371, -0.7794880867, -11.4253253937, 2.68935346603, 1.53976595402, -0.860461294651, -13.2689666748], [-222.989868164, 38.1214675903, 45.5149879456, 18.9115810394, 106.523780823, 47.9206771851, 58.3148803711, 5.83741235733, -5.31090354919, -20.807390213, -1.09065175056, 10.4911603928, 9.69162845612], [-30.6403121948, -34.7416687012, -9.43698692322, 10.1595745087, 47.9206771851, 80.5870361328, 33.7320976257, 19.8526706696, -9.4644908905, -7.41972732544, -6.80526399612, 10.9775342941, 0.287396639585], [-57.7050895691, 31.0029277802, -18.5688972473, -32.3611755371, 58.3148803711, 33.7320976257, 89.7318649292, 21.6574783325, 11.8173847198, -13.1870193481, -0.304293245077, 9.30056190491, 20.7336597443], [-19.0384922028, -7.54546833038, 5.67115879059, -0.7794880867, 5.83741235733, 19.8526706696, 21.6574783325, 43.8743286133, 15.2535829544, 9.03289604187, -2.65729880333, 2.33475732803, 1.4994559288], [-68.983215332, 39.17237854, 13.3457937241, -11.4253253937, -5.31090354919, -9.4644908905, 11.8173847198, 15.2535829544, 43.3102340698, 18.0605335236, 9.91095161438, -5.82320547104, -4.22448158264], [15.2542581558, -1.70862829685, 14.3438997269, 2.68935346603, -20.807390213, -7.41972732544, -13.1870193481, 9.03289604187, 18.0605335236, 46.1151161194, 14.7083740234, 3.78670048714, -8.297082901], [-48.815448761, 35.6318664551, -3.88528299332, 1.53976595402, -1.09065175056, -6.80526399612, -0.304293245077, -2.65729880333, 9.91095161438, 14.7083740234, 38.7607154846, 12.4774169922, -2.32298398018], [23.7979469299, -19.6465015411, -0.442725211382, -0.860461294651, 10.4911603928, 10.9775342941, 9.30056190491, 2.33475732803, -5.82320547104, 3.78670048714, 12.4774169922, 35.1944541931, 15.0353250504], [55.8338699341, -24.2236671448, -5.59620380402, -13.2689666748, 9.69162845612, 0.287396639585, 20.7336597443, 1.4994559288, -4.22448158264, -8.297082901, -2.32298398018, 15.0353250504, 48.9090270996]],
        "icov": [[0.000419220537879, 0.000597649661358, 0.000544409558643, 0.000138375311508, 0.000305032095639, 0.000342095940141, -0.000176598419785, 0.000129562293296, 0.000181965355296, -0.000320067541907, 0.000195943619474, -6.88946383889e-005, -8.23962473078e-005], [0.000597649661358, 0.00188780680764, 0.000879682542291, -0.000496171356644, 0.000130484928377, 0.00126256409567, -0.00102838024031, 0.000502113718539, -0.000499844260048, -8.80276784301e-005, -0.000572413031477, 0.000416291208239, 0.00039278427721], [0.000544409558643, 0.000879682542291, 0.00311054312624, -0.00223669921979, -0.00116656057071, 0.00186098006088, 4.35490146629e-005, 3.88820808439e-005, -0.00118822813965, -0.00122838327661, 0.00152883410919, -0.00062525953399, -0.000282324559521], [0.000138375311508, -0.000496171356644, -0.00223669921979, 0.0104433763772, -0.00275726313703, -0.00194988935255, 0.00618538772687, -0.00256353104487, 0.00305568985641, 1.53935729941e-006, -0.0016033181455, 0.000846670707688, 0.000115697002911], [0.000305032095639, 0.000130484928377, -0.00116656057071, -0.00275726313703, 0.0231221988797, -0.00852434989065, -0.0140786757693, 0.00666777184233, 0.000795584055595, 0.00474425125867, -0.00167623383459, -0.00152349262498, 0.00132929708343], [0.000342095940141, 0.00126256409567, 0.00186098006088, -0.00194988935255, -0.00852434989065, 0.0240669623017, -0.00363927427679, -0.00938025582582, 0.00663049006835, -0.00219284975901, 0.00400624796748, -0.00529000768438, 0.00531401252374], [-0.000176598419785, -0.00102838024031, 4.35490146629e-005, 0.00618538772687, -0.0140786757693, -0.00363927427679, 0.0301721747965, -0.00971519947052, -0.00776098761708, 0.00529559329152, -0.00143072905485, -0.000191561572137, -0.00808738265187], [0.000129562293296, 0.000502113718539, 3.88820808439e-005, -0.00256353104487, 0.00666777184233, -0.00938025582582, -0.00971519947052, 0.0369734987617, -0.0121581144631, -0.00557392928749, 0.00696563255042, -0.00284232967533, 0.000337450153893], [0.000181965355296, -0.000499844260048, -0.00118822813965, 0.00305568985641, 0.000795584055595, 0.00663049006835, -0.00776098761708, -0.0121581144631, 0.0417573451996, -0.0125504136086, -0.00860261172056, 0.0109133804217, 0.00141810032073], [-0.000320067541907, -8.80276784301e-005, -0.00122838327661, 1.53935729941e-006, 0.00474425125867, -0.00219284975901, 0.00529559329152, -0.00557392928749, -0.0125504136086, 0.0355194956064, -0.00927148293704, -0.00568418484181, 0.00342904333957], [0.000195943619474, -0.000572413031477, 0.00152883410919, -0.0016033181455, -0.00167623383459, 0.00400624796748, -0.00143072905485, 0.00696563255042, -0.00860261172056, -0.00927148293704, 0.0397113487124, -0.017957188189, 0.00502487691119], [-6.88946383889e-005, 0.000416291208239, -0.00062525953399, 0.000846670707688, -0.00152349262498, -0.00529000768438, -0.000191561572137, -0.00284232967533, 0.0109133804217, -0.00568418484181, -0.017957188189, 0.0458200350404, -0.0140159577131], [-8.23962473078e-005, 0.00039278427721, -0.000282324559521, 0.000115697002911, 0.00132929708343, 0.00531401252374, -0.00808738265187, 0.000337450153893, 0.00141810032073, 0.00342904333957, 0.00502487691119, -0.0140159577131, 0.0291088223457]]
    },
    "spectral_contrast_coeffs": {
        "mean": [-0.68522888422, -0.783961951733, -0.818238317966, -0.824896872044, -0.817621171474, -0.749834060669],
        "var": [0.00455975299701, 0.00302053545602, 0.00160719791893, 0.000941803504247, 0.0007447731914, 0.00138951232657]
    },
    "spectral_contrast_valleys": {
        "mean": [-6.60302734375, -6.45827674866, -6.93580341339, -7.15224647522, -6.90800285339, -9.09500408173],
        "var": [0.432457923889, 0.670766413212, 0.905057072639, 1.1225322485, 1.42421007156, 1.88319945335]
    }
},
"metadata": {
    "audio_properties": {
        "analysis_sample_rate": 44100,
        "bit_rate": 128074,
        "equal_loudness": 0,
        "length": 45.0612258911,
        "lossless": 0,
        "replay_gain": -5.01687049866,
        "sample_rate": 44100,
        "codec": "mp3",
        "downmix": "mix",
        "md5_encoded": "2b947880c8ba7e18981926da5457577c"
    },
    "tags": {
        "file_name": "1357.mp3"
    },
    "version": {
        "essentia": "2.1-beta2",
        "essentia_git_sha": "v2.1_beta2",
        "extractor": "music 1.0"
    }
},
"rhythm": {
    "beats_count": 125,
    "beats_loudness": {
        "mean": 0.0525000691414,
        "var": 0.00091949198395
    },
    "bpm": 172.26550293,
    "bpm_histogram_first_peak_bpm": {
        "mean": 172,
        "var": 0
    },
    "bpm_histogram_first_peak_spread": {
        "mean": 0,
        "var": 0
    },
    "bpm_histogram_first_peak_weight": {
        "mean": 0.645161271095,
        "var": 0
    },
    "bpm_histogram_second_peak_bpm": {
        "mean": 178,
        "var": 0
    },
    "bpm_histogram_second_peak_spread": {
        "mean": 0,
        "var": 0
    },
    "bpm_histogram_second_peak_weight": {
        "mean": 0.217741936445,
        "var": 0
    },
    "danceability": 1.18306088448,
    "onset_rate": 4.08149290085,
    "beats_loudness_band_ratio": {
        "mean": [0.594750463963, 0.0584737993777, 0.0876550972462, 0.0730644389987, 0.0539132095873, 0.151883944869],
        "var": [0.0476894341409, 0.00130318070296, 0.00662138825282, 0.00309258676134, 0.0014381732326, 0.0262789577246]
    },
    "beats_position": [0.510838985443, 1.02167797089, 1.53251695633, 2.04335594177, 2.55419492722, 3.01859402657, 3.48299312592, 3.94739222527, 4.38857126236, 4.76009082794, 5.11999988556, 5.47990942001, 5.83981847763, 6.19972801208, 6.54802703857, 6.8963265419, 7.24462556839, 7.59292507172, 7.94122457504, 8.28952407837, 8.63782310486, 8.97451210022, 9.31120204926, 9.65950107574, 10.0078001022, 10.3560991287, 10.7043991089, 11.0526981354, 11.3893871307, 11.7376871109, 12.0743761063, 12.4226751328, 12.7709751129, 13.1192741394, 13.4675731659, 13.8158731461, 14.1525621414, 14.4892511368, 14.8259410858, 15.1742401123, 15.5225391388, 15.870839119, 16.2075271606, 16.5558280945, 16.904127121, 17.2524261475, 17.5891151428, 17.9258041382, 18.2741031647, 18.6224040985, 18.970703125, 19.3190021515, 19.667301178, 20.0156002045, 20.3522891998, 20.7005901337, 21.037279129, 21.3855781555, 21.733877182, 22.0821762085, 22.4188652039, 22.7671642303, 23.1038551331, 23.4521541595, 23.800453186, 24.1487522125, 24.497051239, 24.8453502655, 25.1820411682, 25.5187301636, 25.8670291901, 26.2153282166, 26.563627243, 26.9119262695, 27.2486171722, 27.5969161987, 27.9336051941, 28.2819042206, 28.6302032471, 28.9785022736, 29.3268013, 29.6751022339, 30.0001811981, 30.3484802246, 30.6967792511, 31.0450782776, 31.3817672729, 31.7300682068, 32.0783653259, 32.4266662598, 32.7633552551, 33.111656189, 33.4483451843, 33.7966423035, 34.1333312988, 34.4816322327, 34.8299331665, 35.1782302856, 35.5265312195, 35.8748283386, 36.2231292725, 36.5482063293, 36.8965072632, 37.2331962585, 37.5931053162, 37.94140625, 38.2897033691, 38.638004303, 38.9630813599, 39.3113822937, 39.6596832275, 40.0079803467, 40.3562812805, 40.7045783997, 41.0528793335, 41.3895683289, 41.7378692627, 42.0745582581, 42.4228553772, 42.771156311, 43.1194534302, 43.4561424255, 43.7928352356, 44.1411323547, 44.4894332886]
},
"tonal": {
    "chords_changes_rate": 0.0730452686548,
    "chords_number_rate": 0.00514403311536,
    "chords_strength": {
        "mean": 0.522906541824,
        "var": 0.00529784522951
    },
    "hpcp_entropy": {
        "mean": 2.59489893913,
        "var": 0.555369615555
    },
    "key_strength": 0.587393581867,
    "tuning_diatonic_strength": 0.483239650726,
    "tuning_equal_tempered_deviation": 0.235517725348,
    "tuning_frequency": 434.193115234,
    "tuning_nontempered_energy_ratio": 0.89385342598,
    "hpcp": {
        "mean": [0.183134317398, 0.165529236197, 0.151486843824, 0.163838267326, 0.160192340612, 0.13571742177, 0.119497798383, 0.10117713362, 0.0874616280198, 0.0960802137852, 0.115596525371, 0.122115783393, 0.114530675113, 0.123823620379, 0.165919482708, 0.280887633562, 0.336434334517, 0.233307480812, 0.137474820018, 0.0998165532947, 0.0743576735258, 0.058091789484, 0.0616769194603, 0.15395848453, 0.258891820908, 0.185575321317, 0.076344884932, 0.0599639713764, 0.0586106441915, 0.0883583202958, 0.19408506155, 0.26353213191, 0.221841171384, 0.176860421896, 0.169293880463, 0.178197026253],
        "var": [0.0762281939387, 0.0647449567914, 0.0614189393818, 0.0659472048283, 0.0539513193071, 0.0407319739461, 0.0338607355952, 0.0291983280331, 0.0261259563267, 0.02986006625, 0.0401497036219, 0.0371068939567, 0.0321545787156, 0.0357075147331, 0.0446066334844, 0.0694605112076, 0.108800925314, 0.0687665343285, 0.0462810993195, 0.0316923111677, 0.0193651970476, 0.0121884960681, 0.0131845846772, 0.0366421565413, 0.113870583475, 0.0484531037509, 0.0137188220397, 0.00874106958508, 0.00912819057703, 0.0176942441612, 0.0717004314065, 0.113240115345, 0.0850410982966, 0.0747372955084, 0.0720649808645, 0.076596185565]
    },
    "chords_histogram": [13.9917697906, 32.5102882385, 24.6913585663, 0, 0, 1.02880656719, 0, 26.851852417, 0, 0, 0, 0, 0, 0, 0, 0, 0, 0, 0, 0, 0, 0, 0.925925910473, 0],
    "thpcp": [1, 0.693471074104, 0.408623039722, 0.29668956995, 0.221016898751, 0.172669023275, 0.183325275779, 0.457618236542, 0.769516646862, 0.551594495773, 0.226923584938, 0.178233802319, 0.174211248755, 0.262631684542, 0.576888382435, 0.783309280872, 0.659389197826, 0.525690734386, 0.503200352192, 0.529663622379, 0.544338941574, 0.49201053381, 0.45027166605, 0.486984372139, 0.476147413254, 0.403399437666, 0.355189055204, 0.300733685493, 0.259966403246, 0.285583853722, 0.343593120575, 0.362970620394, 0.340425044298, 0.368046909571, 0.493170469999, 0.834895849228],
    "chords_key": "A#",
    "chords_scale": "major",
    "key_key": "G",
    "key_scale": "minor"
}
}