{
"lowlevel": {
    "average_loudness": 0.953635573387,
    "barkbands_crest": {
        "mean": 12.1233882904,
        "var": 56.3890228271
    },
    "barkbands_flatness_db": {
        "mean": 0.129359543324,
        "var": 0.00389176094905
    },
    "barkbands_kurtosis": {
        "mean": 9.31505966187,
        "var": 742.054931641
    },
    "barkbands_skewness": {
        "mean": 2.00176525116,
        "var": 5.7660574913
    },
    "barkbands_spread": {
        "mean": 37.9020576477,
        "var": 281.552886963
    },
    "dissonance": {
        "mean": 0.472283035517,
        "var": 0.000277330109384
    },
    "dynamic_complexity": 2.8907418251,
    "erbbands_crest": {
        "mean": 5.35367059708,
        "var": 3.91459369659
    },
    "erbbands_flatness_db": {
        "mean": 0.104463368654,
        "var": 0.000579911400564
    },
    "erbbands_kurtosis": {
        "mean": -0.624089300632,
        "var": 0.349473148584
    },
    "erbbands_skewness": {
        "mean": -0.239157393575,
        "var": 0.161696001887
    },
    "erbbands_spread": {
        "mean": 60.2004165649,
        "var": 247.605880737
    },
    "hfc": {
        "mean": 34.1604003906,
        "var": 1017.57177734
    },
    "melbands_crest": {
        "mean": 17.5670280457,
        "var": 58.432559967
    },
    "melbands_flatness_db": {
        "mean": 0.160693943501,
        "var": 0.00782871153206
    },
    "melbands_kurtosis": {
        "mean": 40.9406585693,
        "var": 5970.31494141
    },
    "melbands_skewness": {
        "mean": 4.36751031876,
        "var": 12.9092607498
    },
    "melbands_spread": {
        "mean": 35.424571991,
        "var": 667.318603516
    },
    "pitch_salience": {
        "mean": 0.470010042191,
        "var": 0.0384760536253
    },
    "silence_rate_20dB": {
        "mean": 0.998455226421,
        "var": 0.00154241116252
    },
    "silence_rate_30dB": {
        "mean": 0.825437664986,
        "var": 0.144091799855
    },
    "silence_rate_60dB": {
        "mean": 0.0628218352795,
        "var": 0.058875232935
    },
    "spectral_centroid": {
        "mean": 2204.38354492,
        "var": 386033.25
    },
    "spectral_complexity": {
        "mean": 22.1457252502,
        "var": 124.730155945
    },
    "spectral_decrease": {
        "mean": -1.3801724208e-008,
        "var": 3.65744909097e-016
    },
    "spectral_energy": {
        "mean": 0.0551894120872,
        "var": 0.00547207752243
    },
    "spectral_energyband_high": {
        "mean": 0.00304393772967,
        "var": 9.90337412077e-006
    },
    "spectral_energyband_low": {
        "mean": 0.0423884950578,
        "var": 0.00489559909329
    },
    "spectral_energyband_middle_high": {
        "mean": 0.00376189989038,
        "var": 1.04624095911e-005
    },
    "spectral_energyband_middle_low": {
        "mean": 0.00707936752588,
        "var": 7.26480866433e-005
    },
    "spectral_entropy": {
        "mean": 8.03557014465,
        "var": 0.11779075861
    },
    "spectral_flux": {
        "mean": 0.112803325057,
        "var": 0.00895128771663
    },
    "spectral_kurtosis": {
        "mean": 1.50137519836,
        "var": 0.386777281761
    },
    "spectral_rms": {
        "mean": 0.00608662096784,
        "var": 1.67963098647e-005
    },
    "spectral_rolloff": {
        "mean": 2693.18237305,
        "var": 5089815.5
    },
    "spectral_skewness": {
        "mean": 1.0477232933,
        "var": 0.0296732354909
    },
    "spectral_spread": {
        "mean": 6511355,
        "var": 1.08709858509e+012
    },
    "spectral_strongpeak": {
        "mean": 0.532800376415,
        "var": 0.164249792695
    },
    "zerocrossingrate": {
        "mean": 0.080674521625,
        "var": 0.00223482493311
    },
    "barkbands": {
        "mean": [0.000960232282523, 0.037188436836, 0.00318288593553, 0.00183311617002, 0.00197067437693, 0.00134034454823, 0.000759704213124, 0.000696844886988, 0.000437800277723, 0.000477900786791, 0.000275137455901, 0.000356266071321, 0.000288753915811, 0.000274105201242, 0.00043316007941, 0.000354523013812, 0.000396902731154, 0.000358187855454, 0.000406222476158, 0.000400669145165, 0.000632727111224, 0.000589800358284, 0.000564740330447, 0.000482177652884, 0.000360517209629, 0.000167474820046, 1.65362867843e-009],
        "var": [4.38552433479e-006, 0.00436135241762, 9.1398243967e-005, 1.50199757627e-005, 1.21446582853e-005, 4.63894548375e-006, 1.65352798831e-006, 9.4425934094e-007, 3.42678617926e-007, 6.03843886893e-007, 2.67385161123e-007, 2.86368930347e-007, 9.36940267593e-008, 1.86239930144e-007, 2.56376495145e-007, 1.62365438428e-007, 2.33032878327e-007, 1.31313782958e-007, 1.42610360854e-007, 1.55670576873e-007, 5.32654269136e-007, 4.9847074024e-007, 4.0733218043e-007, 2.93935386253e-007, 1.29980151087e-007, 3.06096872293e-008, 1.02645437782e-017]
    },
    "erbbands": {
        "mean": [1.07367825508, 8.17235565186, 6.15783405304, 5.43091678619, 5.71699237823, 6.07774543762, 10.7835826874, 10.6065940857, 12.432765007, 9.75133800507, 14.8275575638, 10.0770616531, 9.72350883484, 17.5213336945, 15.0671777725, 16.6247730255, 12.8569803238, 14.2403011322, 25.2876853943, 17.2490692139, 20.7970104218, 19.3622665405, 20.20454216, 18.5232906342, 21.879737854, 19.3628292084, 24.3098812103, 23.7211971283, 21.9860954285, 19.945772171, 15.7748126984, 10.9820766449, 7.4437379837, 4.42455816269, 2.35721516609, 1.07070350647, 0.259879857302, 0.00620015570894, 0.000239595814492, 8.60044310684e-005],
        "var": [3.64651370049, 227.489685059, 186.788864136, 142.978393555, 121.284698486, 111.812995911, 386.204711914, 398.322418213, 388.86907959, 207.150741577, 478.102813721, 145.845108032, 121.569900513, 789.028747559, 578.031982422, 626.275939941, 174.238174438, 251.114624023, 1117.92138672, 453.621032715, 617.525146484, 558.523681641, 353.902374268, 314.479766846, 453.786407471, 339.103210449, 809.709960938, 741.769836426, 711.64630127, 550.399047852, 335.256256104, 152.94090271, 63.0529594421, 19.8208637238, 5.98620510101, 1.26251113415, 0.0739524066448, 4.17539231421e-005, 5.27897725533e-008, 8.67427019102e-009]
    },
    "gfcc": {
        "mean": [39.5408706665, 39.4955482483, -108.615402222, 51.0649909973, -65.7473907471, 30.4372177124, -41.6680259705, 18.7087631226, -27.6184520721, 11.8568630219, -20.0911560059, 5.98957920074, -10.7089529037],
        "cov": [[4023.05151367, 609.872619629, 910.748779297, 600.870361328, 396.332489014, 394.482727051, 140.925338745, 151.674819946, 179.718536377, 247.471603394, 155.46635437, 165.996383667, 19.7521286011], [609.872619629, 638.838134766, 510.230865479, 253.092575073, 323.600952148, 173.782897949, 228.215026855, 146.5831604, 176.649154663, 134.716201782, 131.241363525, 40.7958030701, 11.3396434784], [910.748779297, 510.230865479, 678.628356934, 395.810333252, 403.535552979, 284.888763428, 280.726409912, 187.67036438, 229.902114868, 170.721557617, 162.890609741, 69.6798782349, 39.4285964966], [600.870361328, 253.092575073, 395.810333252, 373.635192871, 314.306762695, 250.146408081, 212.822723389, 134.759277344, 194.197357178, 106.090156555, 117.449455261, 35.3231163025, 37.2474517822], [396.332489014, 323.600952148, 403.535552979, 314.306762695, 344.348449707, 229.753875732, 231.286483765, 135.966705322, 186.908782959, 111.509002686, 126.176208496, 41.22813797, 38.3698616028], [394.482727051, 173.782897949, 284.888763428, 250.146408081, 229.753875732, 218.426925659, 183.613739014, 117.347633362, 144.473724365, 83.0383605957, 92.7090072632, 36.8580284119, 39.282245636], [140.925338745, 228.215026855, 280.726409912, 212.822723389, 231.286483765, 183.613739014, 220.068572998, 138.327194214, 153.365264893, 82.0896453857, 100.894546509, 30.9776439667, 40.037612915], [151.674819946, 146.5831604, 187.67036438, 134.759277344, 135.966705322, 117.347633362, 138.327194214, 119.204986572, 114.524787903, 64.7144622803, 65.1416015625, 24.3267822266, 26.7305316925], [179.718536377, 176.649154663, 229.902114868, 194.197357178, 186.908782959, 144.473724365, 153.365264893, 114.524787903, 159.490234375, 82.6284255981, 83.0221862793, 20.9457130432, 29.5171890259], [247.471603394, 134.716201782, 170.721557617, 106.090156555, 111.509002686, 83.0383605957, 82.0896453857, 64.7144622803, 82.6284255981, 79.0690765381, 67.0554962158, 32.386177063, 18.0253219604], [155.46635437, 131.241363525, 162.890609741, 117.449455261, 126.176208496, 92.7090072632, 100.894546509, 65.1416015625, 83.0221862793, 67.0554962158, 93.8906555176, 51.0155715942, 37.598815918], [165.996383667, 40.7958030701, 69.6798782349, 35.3231163025, 41.22813797, 36.8580284119, 30.9776439667, 24.3267822266, 20.9457130432, 32.386177063, 51.0155715942, 65.6735916138, 44.3160820007], [19.7521286011, 11.3396434784, 39.4285964966, 37.2474517822, 38.3698616028, 39.282245636, 40.037612915, 26.7305316925, 29.5171890259, 18.0253219604, 37.598815918, 44.3160820007, 64.0077819824]],
        "icov": [[0.000819280627184, -0.000719108968042, -0.00052580004558, -0.00209358404391, 0.00146048655733, -0.0016421462642, 0.00206071836874, -0.000663381186314, 0.00152423395775, -0.00184305023868, 0.0020002995152, -0.00232408149168, 0.000787321710959], [-0.000719108968042, 0.00618982221931, -0.00337663665414, 0.00408574333414, -0.00482018664479, 0.0054191541858, -0.00369683187455, 0.000244507769821, -0.001608259161, 0.00124132214114, -0.00306152552366, 0.00260932650417, 0.000985608086921], [-0.00052580004558, -0.00337663665414, 0.0102855656296, -0.00414868025109, -0.00312453368679, 0.000473725056509, -0.00246553285979, -0.00177910877392, 0.00324067845941, -0.00707708066329, 0.00400865869597, -0.00303872139193, 0.000953973503783], [-0.00209358404391, 0.00408574333414, -0.00414868025109, 0.0296039879322, -0.0141864661127, -0.0113156298175, 0.0063688303344, 0.0025463597849, -0.0155605468899, 0.0148883713409, -0.0127358324826, 0.0111274486408, -0.00158783141524], [0.00146048655733, -0.00482018664479, -0.00312453368679, -0.0141864661127, 0.0313295684755, -0.00499191973358, -0.012085181661, 0.0128332599998, -0.00289164297283, -0.00486630108207, 0.00281126447953, -0.00612549344078, 0.00235985801555], [-0.0016421462642, 0.0054191541858, 0.000473725056509, -0.0113156298175, -0.00499191973358, 0.0394761189818, -0.0230941735208, 0.000665505649522, 0.0014457795769, -0.00541946897283, 0.0053493832238, -0.00296962354332, -0.00145382992923], [0.00206071836874, -0.00369683187455, -0.00246553285979, 0.0063688303344, -0.012085181661, -0.0230941735208, 0.0572214759886, -0.0331453680992, 0.00333564262837, 0.014815190807, -0.019581951201, 0.01289181225, -0.00583487050608], [-0.000663381186314, 0.000244507769821, -0.00177910877392, 0.0025463597849, 0.0128332599998, 0.000665505649522, -0.0331453680992, 0.0548170171678, -0.0248495787382, -0.0084926802665, 0.013288741, -0.0117694912478, 0.00370834814385], [0.00152423395775, -0.001608259161, 0.00324067845941, -0.0155605468899, -0.00289164297283, 0.0014457795769, 0.00333564262837, -0.0248495787382, 0.050166528672, -0.0227630119771, -0.00233337981626, 0.0137145379558, -0.00883816368878], [-0.00184305023868, 0.00124132214114, -0.00707708066329, 0.0148883713409, -0.00486630108207, -0.00541946897283, 0.014815190807, -0.0084926802665, -0.0227630119771, 0.0660143867135, -0.0341688096523, 0.00211078254506, 0.00708359805867], [0.0020002995152, -0.00306152552366, 0.00400865869597, -0.0127358324826, 0.00281126447953, 0.0053493832238, -0.019581951201, 0.013288741, -0.00233337981626, -0.0341688096523, 0.070364959538, -0.04102075845, 0.00436419527978], [-0.00232408149168, 0.00260932650417, -0.00303872139193, 0.0111274486408, -0.00612549344078, -0.00296962354332, 0.01289181225, -0.0117694912478, 0.0137145379558, 0.00211078254506, -0.04102075845, 0.0689200237393, -0.0325429216027], [0.000787321710959, 0.000985608086921, 0.000953973503783, -0.00158783141524, 0.00235985801555, -0.00145382992923, -0.00583487050608, 0.00370834814385, -0.00883816368878, 0.00708359805867, 0.00436419527978, -0.0325429216027, 0.0391691662371]]
    },
    "melbands": {
        "mean": [0.0103892143816, 0.00607056636363, 0.000925112573896, 0.000427722756285, 0.000342691113474, 0.000229250174016, 0.000187544967048, 0.000110381071863, 0.000109518703539, 6.50259826216e-005, 5.00429705426e-005, 7.38501257729e-005, 4.0076480218e-005, 4.94228443131e-005, 3.03483102471e-005, 2.7733085517e-005, 2.4951152227e-005, 4.07780426031e-005, 2.49078329944e-005, 2.63583733613e-005, 2.3259100999e-005, 1.95726352104e-005, 2.00596605282e-005, 1.7763226424e-005, 1.3751791812e-005, 1.76008124981e-005, 1.22470264614e-005, 1.31450633489e-005, 1.55039069796e-005, 1.33643034133e-005, 1.44238638313e-005, 1.19903243103e-005, 1.16333267215e-005, 1.07193945951e-005, 9.40041900321e-006, 7.70103270042e-006, 6.35549395156e-006, 5.33418142368e-006, 4.69463429909e-006, 3.37856272381e-006],
        "var": [0.000338207260938, 0.000122542143799, 3.91317780668e-006, 6.26203643606e-007, 3.58246040832e-007, 1.69977937503e-007, 9.11589523866e-008, 2.73015157148e-008, 2.67488537986e-008, 7.78994824202e-009, 3.37578032195e-009, 1.57451740534e-008, 4.72208672164e-009, 4.25262935977e-009, 1.293625429e-009, 9.23544185572e-010, 9.18691234197e-010, 3.51060558401e-009, 1.06585651416e-009, 9.3946117552e-010, 9.79080372332e-010, 7.27744753348e-010, 3.97551325193e-010, 3.37180200427e-010, 2.08310604877e-010, 2.9185093231e-010, 1.86516455059e-010, 1.59216459461e-010, 3.12610465292e-010, 2.69116479101e-010, 2.90783619405e-010, 2.27476634751e-010, 1.76534939444e-010, 1.64373833988e-010, 1.24891569309e-010, 7.5035817837e-011, 5.50740945904e-011, 3.67113284216e-011, 2.20761377928e-011, 1.24037342897e-011]
    },
    "mfcc": {
        "mean": [-601.650756836, 64.1228866577, 13.8961219788, 22.7818851471, 6.16859436035, 11.272321701, 2.12483096123, 5.47697019577, 3.42792868614, 3.73902463913, 1.11609518528, 1.54976797104, -0.183161124587],
        "cov": [[3031.6652832, 392.511627197, 672.794128418, 414.520172119, 425.634979248, 356.24899292, 176.839828491, 120.465309143, 110.362281799, 95.2875518799, 150.205184937, 162.760147095, 171.324462891], [392.511627197, 591.576904297, 310.569824219, 228.364318848, 178.806121826, 140.776000977, 145.774230957, 98.5054931641, 103.489616394, 95.80443573, 125.328575134, 128.451141357, 112.854957581], [672.794128418, 310.569824219, 398.137207031, 265.960754395, 242.494766235, 215.198623657, 170.288131714, 142.302307129, 139.090637207, 132.581222534, 141.434036255, 140.56602478, 118.92615509], [414.520172119, 228.364318848, 265.960754395, 255.501174927, 223.134246826, 196.01222229, 141.824966431, 128.610122681, 118.527114868, 116.98462677, 122.4010849, 125.422782898, 103.949081421], [425.634979248, 178.806121826, 242.494766235, 223.134246826, 229.580993652, 200.235137939, 133.802642822, 121.168075562, 109.897781372, 108.345016479, 111.980072021, 115.634796143, 96.9026947021], [356.24899292, 140.776000977, 215.198623657, 196.01222229, 200.235137939, 208.043197632, 137.806854248, 119.944946289, 104.535957336, 103.461288452, 103.699714661, 105.357849121, 88.0084228516], [176.839828491, 145.774230957, 170.288131714, 141.824966431, 133.802642822, 137.806854248, 139.458190918, 108.87979126, 89.7057495117, 83.4282608032, 82.2754516602, 83.7411804199, 73.0242538452], [120.465309143, 98.5054931641, 142.302307129, 128.610122681, 121.168075562, 119.944946289, 108.87979126, 124.202156067, 98.4094696045, 86.9959411621, 78.1118469238, 74.6673736572, 63.6069602966], [110.362281799, 103.489616394, 139.090637207, 118.527114868, 109.897781372, 104.535957336, 89.7057495117, 98.4094696045, 109.099761963, 94.2622299194, 74.94947052, 67.0198059082, 52.5523948669], [95.2875518799, 95.80443573, 132.581222534, 116.98462677, 108.345016479, 103.461288452, 83.4282608032, 86.9959411621, 94.2622299194, 109.670875549, 85.8848800659, 67.6598358154, 48.7936553955], [150.205184937, 125.328575134, 141.434036255, 122.4010849, 111.980072021, 103.699714661, 82.2754516602, 78.1118469238, 74.94947052, 85.8848800659, 100.321975708, 84.818649292, 58.7802124023], [162.760147095, 128.451141357, 140.56602478, 125.422782898, 115.634796143, 105.357849121, 83.7411804199, 74.6673736572, 67.0198059082, 67.6598358154, 84.818649292, 107.324409485, 80.8558425903], [171.324462891, 112.854957581, 118.92615509, 103.949081421, 96.9026947021, 88.0084228516, 73.0242538452, 63.6069602966, 52.5523948669, 48.7936553955, 58.7802124023, 80.8558425903, 89.5739746094]],
        "icov": [[0.00074852706166, 0.000192195933778, -0.0018364393618, 0.000211260005017, -0.000921190599911, -0.000563324021641, 0.000946323329117, 0.000358544784831, 0.000456678710179, 0.00100549217314, -0.000208291297895, 0.0010064834496, -0.000544311187696], [0.000192195933778, 0.00373542215675, -0.00228002597578, -0.00285995658487, 0.00046810603817, 0.00293255550787, -0.00282917940058, 0.00294434675016, -0.0013554795878, 0.00227994262241, -0.00268053659238, 0.000976171868388, -0.00146869115997], [-0.0018364393618, -0.00228002597578, 0.0151095222682, -0.00477167218924, -0.000907747715246, 0.00118494837079, -0.00524244084954, 0.00193961663172, -0.00499344104901, -0.000942913582548, -0.00209837430157, -0.000992707558908, 0.00029246599297], [0.000211260005017, -0.00285995658487, -0.00477167218924, 0.0363762378693, -0.0237659774721, -0.000545706541743, 0.00201249448583, -0.00410147104412, 0.000923245213926, -0.00277762417682, -0.000722599215806, -0.00371424783953, -0.000362756574759], [-0.000921190599911, 0.00046810603817, -0.000907747715246, -0.0237659774721, 0.0538394637406, -0.0276791583747, 0.00630601029843, -0.00101810437627, -0.00177253456786, -0.000365765066817, 0.000103312544525, -0.00226568197832, -0.00229311548173], [-0.000563324021641, 0.00293255550787, 0.00118494837079, -0.000545706541743, -0.0276791583747, 0.042214307934, -0.0171539764851, 0.000330845592543, 0.00141140061896, -0.00265676178969, -0.00130801985506, -0.000968392298091, 0.00101135752629], [0.000946323329117, -0.00282917940058, -0.00524244084954, 0.00201249448583, 0.00630601029843, -0.0171539764851, 0.0388574637473, -0.0195897035301, 0.00340034160763, -0.000344684871379, 0.00137767416891, -0.0003447313793, -0.00375588820316], [0.000358544784831, 0.00294434675016, 0.00193961663172, -0.00410147104412, -0.00101810437627, 0.000330845592543, -0.0195897035301, 0.0476366095245, -0.0277886446565, 0.00630313670263, -0.00735526159406, 0.0046704034321, -0.00581055087969], [0.000456678710179, -0.0013554795878, -0.00499344104901, 0.000923245213926, -0.00177253456786, 0.00141140061896, 0.00340034160763, -0.0277886446565, 0.0615053214133, -0.036322504282, 0.01439439971, -0.00590219441801, 0.00346731767058], [0.00100549217314, 0.00227994262241, -0.000942913582548, -0.00277762417682, -0.000365765066817, -0.00265676178969, -0.000344684871379, 0.00630313670263, -0.036322504282, 0.0603899806738, -0.036112241447, 0.0133649744093, -0.00146198668517], [-0.000208291297895, -0.00268053659238, -0.00209837430157, -0.000722599215806, 0.000103312544525, -0.00130801985506, 0.00137767416891, -0.00735526159406, 0.01439439971, -0.036112241447, 0.0664446353912, -0.036127127707, 0.0129084093496], [0.0010064834496, 0.000976171868388, -0.000992707558908, -0.00371424783953, -0.00226568197832, -0.000968392298091, -0.0003447313793, 0.0046704034321, -0.00590219441801, 0.0133649744093, -0.036127127707, 0.0605162866414, -0.0318960398436], [-0.000544311187696, -0.00146869115997, 0.00029246599297, -0.000362756574759, -0.00229311548173, 0.00101135752629, -0.00375588820316, -0.00581055087969, 0.00346731767058, -0.00146198668517, 0.0129084093496, -0.0318960398436, 0.0418462492526]]
    },
    "spectral_contrast_coeffs": {
        "mean": [-0.629376530647, -0.700579762459, -0.738462805748, -0.761258721352, -0.761276781559, -0.748563945293],
        "var": [0.00758879026398, 0.0045013781637, 0.00503514055163, 0.00356365717016, 0.00288277864456, 0.00102708523627]
    },
    "spectral_contrast_valleys": {
        "mean": [-7.56545495987, -7.33453321457, -7.70721483231, -7.77442932129, -7.32562732697, -9.10809612274],
        "var": [2.70677375793, 1.44589078426, 1.11082661152, 1.02980101109, 0.978332340717, 1.05010545254]
    }
},
"metadata": {
    "audio_properties": {
        "analysis_sample_rate": 44100,
        "bit_rate": 128074,
        "equal_loudness": 0,
        "length": 45.0612258911,
        "lossless": 0,
        "replay_gain": -5.32591056824,
        "sample_rate": 44100,
        "codec": "mp3",
        "downmix": "mix",
        "md5_encoded": "8d4b60688adc827d8335f58fd7ce0916"
    },
    "tags": {
        "file_name": "1358.mp3"
    },
    "version": {
        "essentia": "2.1-beta2",
        "essentia_git_sha": "v2.1_beta2",
        "extractor": "music 1.0"
    }
},
"rhythm": {
    "beats_count": 86,
    "beats_loudness": {
        "mean": 0.178556635976,
        "var": 0.00518108578399
    },
    "bpm": 116.986877441,
    "bpm_histogram_first_peak_bpm": {
        "mean": 117,
        "var": 0
    },
    "bpm_histogram_first_peak_spread": {
        "mean": 0.205128192902,
        "var": 0
    },
    "bpm_histogram_first_peak_weight": {
        "mean": 0.729411780834,
        "var": 0
    },
    "bpm_histogram_second_peak_bpm": {
        "mean": 110,
        "var": 0
    },
    "bpm_histogram_second_peak_spread": {
        "mean": 0.40000000596,
        "var": 0
    },
    "bpm_histogram_second_peak_weight": {
        "mean": 0.0352941192687,
        "var": 0
    },
    "danceability": 2.00092935562,
    "onset_rate": 5.14623022079,
    "beats_loudness_band_ratio": {
        "mean": [0.90433883667, 0.0218706130981, 0.0128243174404, 0.0128355817869, 0.014894105494, 0.0349784381688],
        "var": [0.0214271843433, 0.00299467495643, 0.000374882074539, 0.00122915499378, 0.000354941032128, 0.00155452825129]
    },
    "beats_position": [0.53405892849, 1.09133780003, 1.66022670269, 2.21750569344, 2.79800438881, 3.34367346764, 3.85451245308, 4.3653512001, 4.88780021667, 5.41024923325, 5.92108821869, 6.43192720413, 6.94276618958, 7.45360517502, 7.96444416046, 8.47528362274, 8.98612213135, 9.49696159363, 10.0078001022, 10.5186395645, 11.0294780731, 11.5519275665, 12.0627660751, 12.5852155685, 13.0960540771, 13.6068935394, 14.117732048, 14.6285715103, 15.1394100189, 15.6502494812, 16.1610889435, 16.6719264984, 17.1827659607, 17.7052154541, 18.2160549164, 18.7385025024, 19.2493419647, 19.760181427, 20.2710208893, 20.7818584442, 21.2926979065, 21.8035373688, 22.3143768311, 22.825214386, 23.3360538483, 23.8585033417, 24.369342804, 24.89179039, 25.4026298523, 25.9134693146, 26.4243087769, 26.9351463318, 27.4459857941, 27.9568252563, 28.4676647186, 28.9785022736, 29.4893417358, 30.0117912292, 30.5226306915, 31.0450782776, 31.5443077087, 32.0667572021, 32.5775947571, 33.0884361267, 33.5992736816, 34.1101112366, 34.6209526062, 35.1317901611, 35.6426315308, 36.1534690857, 36.6759185791, 37.1983680725, 37.7092056274, 38.2200431824, 38.730884552, 39.2417221069, 39.7525634766, 40.2634010315, 40.7742385864, 41.2850799561, 41.795917511, 42.3183670044, 42.8292045593, 43.3516540527, 43.8973236084, 44.4429931641]
},
"tonal": {
    "chords_changes_rate": 0.0689300447702,
    "chords_number_rate": 0.00205761310644,
    "chords_strength": {
        "mean": 0.583106637001,
        "var": 0.00104345264845
    },
    "hpcp_entropy": {
        "mean": 1.67976391315,
        "var": 0.548386991024
    },
    "key_strength": 0.567678749561,
    "tuning_diatonic_strength": 0.426760047674,
    "tuning_equal_tempered_deviation": 0.178412094712,
    "tuning_frequency": 434.193115234,
    "tuning_nontempered_energy_ratio": 0.939077854156,
    "hpcp": {
        "mean": [0.221587300301, 0.239153981209, 0.105483546853, 0.0594949275255, 0.0523644089699, 0.0479997359216, 0.0546144098043, 0.0619217082858, 0.0872729122639, 0.183892160654, 0.193886235356, 0.109235115349, 0.0992660224438, 0.0940339639783, 0.107805848122, 0.254810482264, 0.310378968716, 0.167194843292, 0.067161694169, 0.0415721088648, 0.0353452973068, 0.0569061115384, 0.0608508065343, 0.110474906862, 0.198984578252, 0.137193202972, 0.076169796288, 0.154055133462, 0.134599462152, 0.0499171614647, 0.0530988201499, 0.0580859109759, 0.0479480884969, 0.0439602471888, 0.0415984503925, 0.0785157680511],
        "var": [0.0921690762043, 0.0986854657531, 0.026374001056, 0.0190760549158, 0.020571520552, 0.0237623695284, 0.0270240195096, 0.0313586778939, 0.0326738283038, 0.0881592333317, 0.108906418085, 0.0401860140264, 0.0342770889401, 0.0317939147353, 0.0384304486215, 0.105720832944, 0.143229320645, 0.0553162842989, 0.0243820808828, 0.0164592135698, 0.0118367373943, 0.0117529565468, 0.0151319243014, 0.034916292876, 0.112474896014, 0.0516298748553, 0.0174552258104, 0.0873624384403, 0.0752871111035, 0.0124629419297, 0.0179168749601, 0.0208962783217, 0.0195289291441, 0.0213657170534, 0.0149867739528, 0.0207152236253]
    },
    "chords_histogram": [79.9382705688, 0, 0, 0, 0, 0, 0, 20.0617275238, 0, 0, 0, 0, 0, 0, 0, 0, 0, 0, 0, 0, 0, 0, 0, 0],
    "thpcp": [1, 0.538679659367, 0.216386094689, 0.133939832449, 0.113877877593, 0.183343961835, 0.196053251624, 0.355935543776, 0.641102015972, 0.4420183599, 0.245409011841, 0.496345281601, 0.433661669493, 0.160826489329, 0.171077370644, 0.187145128846, 0.154482394457, 0.141634106636, 0.134024709463, 0.25296741724, 0.713925004005, 0.770522534847, 0.339854031801, 0.191684797406, 0.168711200356, 0.154648795724, 0.175960406661, 0.199503555894, 0.281181782484, 0.592476248741, 0.624675810337, 0.351941108704, 0.319822013378, 0.302964985371, 0.34733620286, 0.820965707302],
    "chords_key": "D",
    "chords_scale": "minor",
    "key_key": "D",
    "key_scale": "minor"
}
}