{
"lowlevel": {
    "average_loudness": 0.982344567776,
    "barkbands_crest": {
        "mean": 12.7781629562,
        "var": 30.8743095398
    },
    "barkbands_flatness_db": {
        "mean": 0.150666818023,
        "var": 0.0056662298739
    },
    "barkbands_kurtosis": {
        "mean": 7.64201879501,
        "var": 165.344070435
    },
    "barkbands_skewness": {
        "mean": 2.10054159164,
        "var": 2.65951490402
    },
    "barkbands_spread": {
        "mean": 28.4499187469,
        "var": 532.764160156
    },
    "dissonance": {
        "mean": 0.457817882299,
        "var": 0.00138942722697
    },
    "dynamic_complexity": 1.61788392067,
    "erbbands_crest": {
        "mean": 10.0356292725,
        "var": 41.2735443115
    },
    "erbbands_flatness_db": {
        "mean": 0.13023711741,
        "var": 0.00389345758595
    },
    "erbbands_kurtosis": {
        "mean": 1.2340451479,
        "var": 14.2058591843
    },
    "erbbands_skewness": {
        "mean": 0.251074641943,
        "var": 0.834377884865
    },
    "erbbands_spread": {
        "mean": 53.681930542,
        "var": 944.376586914
    },
    "hfc": {
        "mean": 35.9014015198,
        "var": 619.608032227
    },
    "melbands_crest": {
        "mean": 18.2729949951,
        "var": 45.1262550354
    },
    "melbands_flatness_db": {
        "mean": 0.23673774302,
        "var": 0.00870418548584
    },
    "melbands_kurtosis": {
        "mean": 29.4245128632,
        "var": 1649.13842773
    },
    "melbands_skewness": {
        "mean": 3.89224338531,
        "var": 6.49373626709
    },
    "melbands_spread": {
        "mean": 20.4966430664,
        "var": 339.644500732
    },
    "pitch_salience": {
        "mean": 0.490029782057,
        "var": 0.0182960536331
    },
    "silence_rate_20dB": {
        "mean": 1,
        "var": 0
    },
    "silence_rate_30dB": {
        "mean": 0.802265703678,
        "var": 0.158632799983
    },
    "silence_rate_60dB": {
        "mean": 0.00463439757004,
        "var": 0.00461294082925
    },
    "spectral_centroid": {
        "mean": 1370.20068359,
        "var": 728283.3125
    },
    "spectral_complexity": {
        "mean": 17.2332649231,
        "var": 64.3746871948
    },
    "spectral_decrease": {
        "mean": -1.60627955381e-008,
        "var": 2.00304961703e-016
    },
    "spectral_energy": {
        "mean": 0.0638810992241,
        "var": 0.00290086842142
    },
    "spectral_energyband_high": {
        "mean": 0.00246361712925,
        "var": 7.23138873582e-006
    },
    "spectral_energyband_low": {
        "mean": 0.0419534929097,
        "var": 0.00243734545074
    },
    "spectral_energyband_middle_high": {
        "mean": 0.00538978446275,
        "var": 2.6354988222e-005
    },
    "spectral_energyband_middle_low": {
        "mean": 0.0173793509603,
        "var": 0.000341248960467
    },
    "spectral_entropy": {
        "mean": 7.58951234818,
        "var": 0.331922501326
    },
    "spectral_flux": {
        "mean": 0.120735839009,
        "var": 0.00613084668294
    },
    "spectral_kurtosis": {
        "mean": 3.84981107712,
        "var": 20.3907356262
    },
    "spectral_rms": {
        "mean": 0.00726982112974,
        "var": 9.47260195971e-006
    },
    "spectral_rolloff": {
        "mean": 1821.9197998,
        "var": 6813311
    },
    "spectral_skewness": {
        "mean": 1.51084554195,
        "var": 0.439557522535
    },
    "spectral_spread": {
        "mean": 6543707.5,
        "var": 7.77174227354e+012
    },
    "spectral_strongpeak": {
        "mean": 0.855612456799,
        "var": 0.940360426903
    },
    "zerocrossingrate": {
        "mean": 0.0760627537966,
        "var": 0.00355098280124
    },
    "barkbands": {
        "mean": [0.00144142494537, 0.0326282009482, 0.00462538236752, 0.00541737722233, 0.00537322089076, 0.00214176974259, 0.0018567632651, 0.000984049867839, 0.00153183261864, 0.00122327264398, 0.00122588663362, 0.00100135616958, 0.000353068055119, 0.000292221142445, 0.000288970943075, 9.37855438679e-005, 0.000222037619096, 0.00025766462204, 0.000316995836329, 0.000283825211227, 0.000422472250648, 0.00040728377644, 0.000258152751485, 0.000401996454457, 0.000459857605165, 0.000350315589458, 2.18711338675e-005],
        "var": [2.61645709543e-006, 0.00198555691168, 5.48859970877e-005, 5.40956061741e-005, 0.000106237770524, 8.82720541995e-006, 1.411957237e-005, 4.58758267996e-006, 9.80416734819e-006, 7.26281905372e-006, 6.12690155322e-006, 6.22074321655e-006, 6.11106827364e-007, 4.05983996643e-007, 8.286102684e-007, 1.25840751153e-008, 7.45737906982e-008, 1.27530086047e-007, 2.55083563161e-007, 1.68420015711e-007, 3.07190845206e-007, 2.3742428823e-007, 1.16142132356e-007, 2.36339545268e-007, 3.99949811936e-007, 2.81046169448e-007, 1.44248624157e-009]
    },
    "erbbands": {
        "mean": [1.33292114735, 5.7543964386, 5.75137376785, 13.8897237778, 17.4567832947, 18.418598175, 17.2737731934, 15.091088295, 22.161195755, 23.4881706238, 27.7595100403, 31.9563789368, 28.517824173, 56.4703941345, 44.3299484253, 34.5452308655, 19.9621315002, 16.5404911041, 14.5137195587, 10.3900871277, 6.29755830765, 13.0601158142, 14.4987440109, 15.5914955139, 15.6239280701, 12.9684209824, 16.8601875305, 15.9416627884, 15.3861684799, 11.0877447128, 6.41932964325, 7.00286722183, 7.44315910339, 4.8817820549, 3.55164122581, 1.79854059219, 0.563933253288, 0.0914775729179, 0.0023165976163, 0.00014380045468],
        "var": [3.03578329086, 73.9559402466, 83.939743042, 322.801330566, 858.518371582, 1106.47570801, 572.387023926, 386.191162109, 1819.02697754, 2230.96777344, 2926.83813477, 3859.31103516, 3531.38427734, 11790.5683594, 9036.5546875, 7627.18994141, 1507.59631348, 1282.1529541, 2586.36157227, 281.246490479, 41.8965797424, 236.480407715, 416.736999512, 452.52142334, 559.904968262, 332.154388428, 562.507080078, 492.582550049, 347.173858643, 202.773498535, 61.8453598022, 66.3758010864, 91.626914978, 43.8375473022, 27.4197444916, 6.82869720459, 0.903363883495, 0.0211866870522, 1.3515485989e-005, 1.53743613396e-008]
    },
    "gfcc": {
        "mean": [37.3852500916, 72.9681930542, -78.8701782227, 38.7495803833, -53.8482627869, 26.2682914734, -29.6942749023, 15.4595823288, -30.1268882751, 5.839158535, -16.9045982361, 5.38438892365, -9.55281925201],
        "cov": [[5897.93603516, -1379.98986816, 441.93359375, 431.08291626, -624.62512207, -112.88886261, -385.869873047, 146.420547485, -296.489990234, 233.322601318, -213.566482544, 268.957427979, -268.703887939], [-1379.98986816, 2050.18310547, -605.990478516, -236.60798645, 468.797149658, -4.17459440231, 221.848800659, -146.138977051, 189.034637451, -243.99029541, 153.144897461, -286.27041626, 203.822433472], [441.93359375, -605.990478516, 918.117553711, 82.0105285645, 36.267616272, 81.5771560669, -43.0037841797, 97.2270050049, -56.3234977722, 115.483062744, -117.573951721, 139.841018677, -91.1178359985], [431.08291626, -236.60798645, 82.0105285645, 427.302520752, -3.13290476799, 27.5152759552, -3.6147043705, -30.0290241241, -27.31965065, 15.5144910812, 81.8564605713, 26.0206985474, -14.1194648743], [-624.62512207, 468.797149658, 36.267616272, -3.13290476799, 404.426757813, 119.752342224, 154.18711853, -7.00405025482, 9.31652736664, -81.6025619507, 81.154006958, -4.73557806015, 75.077003479], [-112.88886261, -4.17459440231, 81.5771560669, 27.5152759552, 119.752342224, 219.519241333, 113.23412323, 12.0743408203, -31.8517208099, -36.4143218994, 39.658531189, 36.7398452759, 72.8422698975], [-385.869873047, 221.848800659, -43.0037841797, -3.6147043705, 154.18711853, 113.23412323, 189.510177612, 42.0905303955, 25.0509967804, -64.727142334, 49.8983802795, 8.44344902039, 92.3266830444], [146.420547485, -146.138977051, 97.2270050049, -30.0290241241, -7.00405025482, 12.0743408203, 42.0905303955, 157.31803894, 54.9797897339, 23.2521209717, -42.6953926086, 18.5774517059, 4.59287261963], [-296.489990234, 189.034637451, -56.3234977722, -27.31965065, 9.31652736664, -31.8517208099, 25.0509967804, 54.9797897339, 257.31362915, 134.339874268, 8.53649902344, -121.947128296, -28.2121543884], [233.322601318, -243.99029541, 115.483062744, 15.5144910812, -81.6025619507, -36.4143218994, -64.727142334, 23.2521209717, 134.339874268, 240.187576294, 10.616563797, -16.6133422852, -114.389274597], [-213.566482544, 153.144897461, -117.573951721, 81.8564605713, 81.154006958, 39.658531189, 49.8983802795, -42.6953926086, 8.53649902344, 10.616563797, 171.64932251, 38.9071807861, 24.9822044373], [268.957427979, -286.27041626, 139.841018677, 26.0206985474, -4.73557806015, 36.7398452759, 8.44344902039, 18.5774517059, -121.947128296, -16.6133422852, 38.9071807861, 191.443450928, 16.6313457489], [-268.703887939, 203.822433472, -91.1178359985, -14.1194648743, 75.077003479, 72.8422698975, 92.3266830444, 4.59287261963, -28.2121543884, -114.389274597, 24.9822044373, 16.6313457489, 146.951629639]],
        "icov": [[0.00037879528827, -0.00041024692473, 0.000202540031751, -0.000701781013049, 0.000475536391605, -0.000483367883135, 0.000562143162824, -0.000943561957683, 0.000933355942834, -0.000948097323999, 0.000925709784497, -0.000734000350349, 0.00035963600385], [-0.00041024692473, 0.00252158823423, -0.000229568002396, 0.00193646177649, -0.00203940458596, 0.00185761332978, -0.00116755312774, 0.00269833370112, -0.00260579492897, 0.00308283045888, -0.0028198743239, 0.00293538556434, -0.00138691475149], [0.000202540031751, -0.000229568002396, 0.00245884573087, -0.00114470394328, -0.000951572845224, -0.00141415756661, 0.00111313280649, -0.00110665918328, 0.000537706539035, -0.00179789122194, 0.00337570928968, -0.00255246320739, 0.00104447768535], [-0.000701781013049, 0.00193646177649, -0.00114470394328, 0.00491325277835, -0.00105990667362, 0.00155735574663, -0.00142590305768, 0.00273887254298, -0.00213503837585, 0.00332837062888, -0.00526818493381, 0.00360470078886, -0.000958393269684], [0.000475536391605, -0.00203940458596, -0.000951572845224, -0.00105990667362, 0.00644156662747, -0.00207722792402, -0.00181903655175, -0.00148931785952, 0.00164495478384, -0.000509996549226, -0.000209903577343, -0.00122571177781, 0.0020276424475], [-0.000483367883135, 0.00185761332978, -0.00141415756661, 0.00155735574663, -0.00207722792402, 0.0101213119924, -0.00562003580853, 0.00250003742985, 0.00083895586431, -0.000230267192819, -0.00330940587446, 0.00387490983121, -0.00458465470001], [0.000562143162824, -0.00116755312774, 0.00111313280649, -0.00142590305768, -0.00181903655175, -0.00562003580853, 0.0154922334477, -0.00540598062798, -0.00131254340522, 0.000464474986074, 0.000541069952305, -0.00298655335791, -0.00229328684509], [-0.000943561957683, 0.00269833370112, -0.00110665918328, 0.00273887254298, -0.00148931785952, 0.00250003742985, -0.00540598062798, 0.0143873188645, -0.00836605299264, 0.00526040885597, -2.29637592497e-007, -0.000675781047903, -0.000857340288348], [0.000933355942834, -0.00260579492897, 0.000537706539035, -0.00213503837585, 0.00164495478384, 0.00083895586431, -0.00131254340522, -0.00836605299264, 0.0184291321784, -0.0138235837221, 0.00119543378241, 0.00598091585562, -0.00282349600457], [-0.000948097323999, 0.00308283045888, -0.00179789122194, 0.00332837062888, -0.000509996549226, -0.000230267192819, 0.000464474986074, 0.00526040885597, -0.0138235837221, 0.0195650849491, -0.00679622311145, -1.79174348887e-005, 0.00684722792357], [0.000925709784497, -0.0028198743239, 0.00337570928968, -0.00526818493381, -0.000209903577343, -0.00330940587446, 0.000541069952305, -2.29637592497e-007, 0.00119543378241, -0.00679622311145, 0.0174427293241, -0.0101838950068, 0.00172501022462], [-0.000734000350349, 0.00293538556434, -0.00255246320739, 0.00360470078886, -0.00122571177781, 0.00387490983121, -0.00298655335791, -0.000675781047903, 0.00598091585562, -1.79174348887e-005, -0.0101838950068, 0.0177708733827, -0.00519251963124], [0.00035963600385, -0.00138691475149, 0.00104447768535, -0.000958393269684, 0.0020276424475, -0.00458465470001, -0.00229328684509, -0.000857340288348, -0.00282349600457, 0.00684722792357, 0.00172501022462, -0.00519251963124, 0.0177283603698]]
    },
    "melbands": {
        "mean": [0.0103082126006, 0.00447200704366, 0.00241075083613, 0.0014036516659, 0.000592649739701, 0.000358382472768, 0.000360275560524, 0.00024842552375, 0.00023985838925, 0.000201445887797, 0.000143859477248, 0.000232734528254, 0.000141392374644, 0.000121745644719, 6.34425741737e-005, 4.00029566663e-005, 2.90138759738e-005, 2.07438679354e-005, 2.41263878706e-005, 6.55456824461e-006, 7.04588865119e-006, 1.30152902784e-005, 1.50843488882e-005, 1.03471165858e-005, 1.2956315004e-005, 1.21903021864e-005, 1.02557623904e-005, 7.86192777014e-006, 1.12650795927e-005, 8.56916813063e-006, 9.44347812037e-006, 7.92628816271e-006, 8.96754681889e-006, 5.30274837729e-006, 3.17481249112e-006, 4.41908150606e-006, 4.16293005401e-006, 5.43984515389e-006, 4.30892578152e-006, 4.02009072786e-006],
        "var": [0.000191157116205, 4.11388100474e-005, 9.03081399883e-006, 7.0336564022e-006, 5.82548864259e-007, 2.24227633794e-007, 4.823534141e-007, 2.58690050714e-007, 2.38395571728e-007, 1.64085079746e-007, 1.04630636599e-007, 2.04623432865e-007, 7.60512719467e-008, 8.78297896634e-008, 3.73627244699e-008, 9.8205896748e-009, 4.41294822906e-009, 6.45750786177e-009, 2.90646684498e-009, 7.83036413488e-011, 6.95839011411e-011, 2.51573761822e-010, 4.60470883645e-010, 1.8629819909e-010, 3.50328266396e-010, 4.04923677921e-010, 2.08742509389e-010, 1.62249852442e-010, 3.8954658943e-010, 1.73186326391e-010, 1.66612376673e-010, 9.49660350358e-011, 1.32167277123e-010, 6.28705698613e-011, 1.86608280911e-011, 2.98072816429e-011, 2.52062763023e-011, 5.33715849294e-011, 3.12243911282e-011, 3.37685851504e-011]
    },
    "mfcc": {
        "mean": [-619.740722656, 107.17350769, 32.4225616455, 26.0813369751, 7.06229019165, 10.6446905136, 13.1806325912, 8.84760951996, 3.94803953171, -0.763667106628, 1.9759105444, -0.498330324888, -1.9211281538],
        "cov": [[3647.9284668, -1322.47717285, 456.646575928, 223.233520508, -209.583099365, -201.324081421, -207.488555908, -149.740447998, -166.544342041, -228.48197937, 44.6966552734, 104.293479919, -54.6211853027], [-1322.47717285, 1807.68798828, -506.424987793, -100.155601501, 147.579605103, 67.0879135132, 105.517089844, 84.616317749, 90.0748214722, 149.995864868, -61.1788749695, -123.985931396, -33.2248649597], [456.646575928, -506.424987793, 633.351501465, 67.9954071045, 61.3641281128, 35.9718933105, -19.7402992249, -15.801733017, 38.4782714844, -38.9634132385, 58.8983612061, 45.4721069336, -26.2307472229], [223.233520508, -100.155601501, 67.9954071045, 263.495056152, 71.7624740601, 44.875629425, 23.4959335327, 9.55142784119, -48.8660011292, -0.752891123295, 31.923406601, 29.0072212219, 10.1298303604], [-209.583099365, 147.579605103, 61.3641281128, 71.7624740601, 182.326187134, 83.4181365967, 92.3575363159, 52.3061027527, 6.62960577011, 5.24226379395, 21.040058136, 3.21335601807, 6.00140714645], [-201.324081421, 67.0879135132, 35.9718933105, 44.875629425, 83.4181365967, 190.254837036, 98.0710067749, 15.3015460968, -9.54086589813, 2.97643876076, -1.49385273457, 39.4554901123, 44.5797729492], [-207.488555908, 105.517089844, -19.7402992249, 23.4959335327, 92.3575363159, 98.0710067749, 265.663482666, 166.300491333, -2.09781503677, -91.1997833252, -82.2828445435, -46.6862411499, 38.0056800842], [-149.740447998, 84.616317749, -15.801733017, 9.55142784119, 52.3061027527, 15.3015460968, 166.300491333, 200.831787109, 50.8263969421, -57.9944953918, -74.9365005493, -75.5559921265, 9.00255489349], [-166.544342041, 90.0748214722, 38.4782714844, -48.8660011292, 6.62960577011, -9.54086589813, -2.09781503677, 50.8263969421, 167.5962677, 103.464851379, 14.6657495499, -49.0322799683, -32.3512649536], [-228.48197937, 149.995864868, -38.9634132385, -0.752891123295, 5.24226379395, 2.97643876076, -91.1997833252, -57.9944953918, 103.464851379, 252.101287842, 106.20665741, -0.410027116537, -32.6282920837], [44.6966552734, -61.1788749695, 58.8983612061, 31.923406601, 21.040058136, -1.49385273457, -82.2828445435, -74.9365005493, 14.6657495499, 106.20665741, 181.86038208, 107.975242615, -4.74505662918], [104.293479919, -123.985931396, 45.4721069336, 29.0072212219, 3.21335601807, 39.4554901123, -46.6862411499, -75.5559921265, -49.0322799683, -0.410027116537, 107.975242615, 196.860305786, 86.2242202759], [-54.6211853027, -33.2248649597, -26.2307472229, 10.1298303604, 6.00140714645, 44.5797729492, 38.0056800842, 9.00255489349, -32.3512649536, -32.6282920837, -4.74505662918, 86.2242202759, 161.272109985]],
        "icov": [[0.000466012774268, 0.000186601027963, -0.000150647989358, -0.000446741381893, 0.000385460007237, 0.000341800652677, 4.28335306424e-006, 0.000191735249246, 5.81848871661e-006, 0.000356423581252, -2.85165442619e-005, -0.000101271187305, 0.000205879478017], [0.000186601027963, 0.00105528533459, 0.00076975900447, 0.000215933585423, -0.00107793475036, -1.82563762792e-005, 6.50115180179e-005, 9.93537032628e-005, -0.000282246415736, -0.00029339408502, 0.000428973988164, -1.62028809427e-005, 0.000321843748679], [-0.000150647989358, 0.00076975900447, 0.00283760973252, -0.000117432362458, -0.00169123837259, -0.000777348875999, 0.000545162532944, 0.000520453671925, -0.00206271396019, 0.00136076600756, -0.000568137678783, 3.13171403832e-006, 0.000539895670954], [-0.000446741381893, 0.000215933585423, -0.000117432362458, 0.00561734102666, -0.00230834563263, -0.000961551791988, 0.000856434286106, -0.00199613161385, 0.00284577766433, -0.00169898068998, -0.000237026775721, 9.60485995165e-005, -4.86568023916e-005], [0.000385460007237, -0.00107793475036, -0.00169123837259, -0.00230834563263, 0.0109919207171, -0.00220103678294, -0.00226120464504, -0.000857916253153, 0.000581935863011, 0.000664259307086, -0.00328509928659, 0.00114873261191, 9.88453175523e-005], [0.000341800652677, -1.82563762792e-005, -0.000777348875999, -0.000961551791988, -0.00220103678294, 0.0103417141363, -0.00564151164144, 0.00405132863671, -0.000323419866618, -0.00218814308755, 0.003074279055, -0.00335180107504, -0.000252593075857], [4.28335306424e-006, 6.50115180179e-005, 0.000545162532944, 0.000856434286106, -0.00226120464504, -0.00564151164144, 0.0137595552951, -0.0097848251462, 0.00202507642098, 0.0019840686582, -0.000112262459879, 0.00146112486254, -0.000979916309007], [0.000191735249246, 9.93537032628e-005, 0.000520453671925, -0.00199613161385, -0.000857916253153, 0.00405132863671, -0.0097848251462, 0.0169637575746, -0.00717409234494, 0.00320922536775, 0.000177244961378, 0.00227907067165, -0.0014367030235], [5.81848871661e-006, -0.000282246415736, -0.00206271396019, 0.00284577766433, 0.000581935863011, -0.000323419866618, 0.00202507642098, -0.00717409234494, 0.0141780674458, -0.00705848773941, 0.000580115593038, 0.000630642985925, 0.000516522908583], [0.000356423581252, -0.00029339408502, 0.00136076600756, -0.00169898068998, 0.000664259307086, -0.00218814308755, 0.0019840686582, 0.00320922536775, -0.00705848773941, 0.0119905127212, -0.00741601502523, 0.00462136091664, -0.00135730719194], [-2.85165442619e-005, 0.000428973988164, -0.000568137678783, -0.000237026775721, -0.00328509928659, 0.003074279055, -0.000112262459879, 0.000177244961378, 0.000580115593038, -0.00741601502523, 0.0176204256713, -0.0116413086653, 0.0046486472711], [-0.000101271187305, -1.62028809427e-005, 3.13171403832e-006, 9.60485995165e-005, 0.00114873261191, -0.00335180107504, 0.00146112486254, 0.00227907067165, 0.000630642985925, 0.00462136091664, -0.0116413086653, 0.0170506685972, -0.00802811235189], [0.000205879478017, 0.000321843748679, 0.000539895670954, -4.86568023916e-005, 9.88453175523e-005, -0.000252593075857, -0.000979916309007, -0.0014367030235, 0.000516522908583, -0.00135730719194, 0.0046486472711, -0.00802811235189, 0.0110628949478]]
    },
    "spectral_contrast_coeffs": {
        "mean": [-0.666473925114, -0.728921890259, -0.729725599289, -0.767252624035, -0.775537192822, -0.742470979691],
        "var": [0.00642414018512, 0.00811616238207, 0.0079777110368, 0.00341378548183, 0.00206103990786, 0.00169455853757]
    },
    "spectral_contrast_valleys": {
        "mean": [-6.51945352554, -6.69756269455, -7.41535949707, -8.00710391998, -7.63448286057, -9.83442115784],
        "var": [1.29850995541, 1.22674798965, 1.133233428, 0.960679113865, 1.14140975475, 1.70609462261]
    }
},
"metadata": {
    "audio_properties": {
        "analysis_sample_rate": 44100,
        "bit_rate": 111530,
        "equal_loudness": 0,
        "length": 45.0612258911,
        "lossless": 0,
        "replay_gain": -8.62710189819,
        "sample_rate": 44100,
        "codec": "mp3",
        "downmix": "mix",
        "md5_encoded": "680b86e98fab40116a684fc5714e812c"
    },
    "tags": {
        "file_name": "136.mp3"
    },
    "version": {
        "essentia": "2.1-beta2",
        "essentia_git_sha": "v2.1_beta2",
        "extractor": "music 1.0"
    }
},
"rhythm": {
    "beats_count": 77,
    "beats_loudness": {
        "mean": 0.0816717967391,
        "var": 0.00330917513929
    },
    "bpm": 101.29876709,
    "bpm_histogram_first_peak_bpm": {
        "mean": 101,
        "var": 0
    },
    "bpm_histogram_first_peak_spread": {
        "mean": 0.53125,
        "var": 0
    },
    "bpm_histogram_first_peak_weight": {
        "mean": 0.394736856222,
        "var": 0
    },
    "bpm_histogram_second_peak_bpm": {
        "mean": 117,
        "var": 0
    },
    "bpm_histogram_second_peak_spread": {
        "mean": 0,
        "var": 0
    },
    "bpm_histogram_second_peak_weight": {
        "mean": 0.065789476037,
        "var": 0
    },
    "danceability": 2.19659137726,
    "onset_rate": 4.39204120636,
    "beats_loudness_band_ratio": {
        "mean": [0.645066916943, 0.118340268731, 0.0866652578115, 0.0835345908999, 0.0223491918296, 0.0740119889379],
        "var": [0.0488762259483, 0.0112543031573, 0.0173608548939, 0.0114616965875, 0.000490911712404, 0.00996484886855]
    },
    "beats_position": [0.580498874187, 1.16099774837, 1.75310659409, 2.34521532059, 2.93732428551, 3.52943301201, 4.13315200806, 4.74848079681, 5.35219955444, 5.95591831207, 6.54802703857, 7.1517457962, 7.75546455383, 8.34757328033, 8.93968200684, 9.54340076447, 10.1471195221, 10.7508392334, 11.354557991, 11.9582767487, 12.5503854752, 13.1424942017, 13.7462129593, 14.3267116547, 14.9304304123, 15.5109291077, 16.0914287567, 16.6719264984, 17.2408161163, 17.8329238892, 18.4134235382, 18.9939231873, 19.574420929, 20.1433105469, 20.7121982574, 21.2694778442, 21.826757431, 22.430475235, 23.0341949463, 23.6263027191, 24.2184123993, 24.7989120483, 25.37940979, 25.9715194702, 26.563627243, 27.1557369232, 27.747844696, 28.3399543762, 28.932062149, 29.5125617981, 30.1046714783, 30.6967792511, 31.3004989624, 31.8809967041, 32.4847145081, 33.0768241882, 33.6689338684, 34.2726516724, 34.8647613525, 35.4684791565, 36.0605888367, 36.6526985168, 37.244808197, 37.8369140625, 38.4290237427, 39.0211334229, 39.613243103, 40.124080658, 40.6116981506, 41.0877075195, 41.5637168884, 42.0513381958, 42.5389556885, 43.0497932434, 43.560634613, 44.071472168, 44.5823135376]
},
"tonal": {
    "chords_changes_rate": 0.09465020895,
    "chords_number_rate": 0.0102880662307,
    "chords_strength": {
        "mean": 0.407340407372,
        "var": 0.00601205229759
    },
    "hpcp_entropy": {
        "mean": 1.9685395956,
        "var": 0.550758600235
    },
    "key_strength": 0.635699987411,
    "tuning_diatonic_strength": 0.523398935795,
    "tuning_equal_tempered_deviation": 0.0352202504873,
    "tuning_frequency": 439.745910645,
    "tuning_nontempered_energy_ratio": 0.689941823483,
    "hpcp": {
        "mean": [0.214067295194, 0.128496259451, 0.139173284173, 0.199206724763, 0.130417644978, 0.050719615072, 0.0442145243287, 0.0412907637656, 0.0499594695866, 0.0595816336572, 0.0496717616916, 0.0917941331863, 0.147031515837, 0.103953175247, 0.0555570088327, 0.0615390650928, 0.0905346944928, 0.203497201204, 0.270927280188, 0.163858011365, 0.0714911594987, 0.0519530773163, 0.0423150919378, 0.0756579488516, 0.088955335319, 0.0600532107055, 0.0502531677485, 0.0475951135159, 0.0303561408073, 0.029383033514, 0.0462927520275, 0.0685093253851, 0.200528100133, 0.378362923861, 0.37713316083, 0.283427387476],
        "var": [0.0918080881238, 0.0468590855598, 0.0453151240945, 0.0839843302965, 0.0398292727768, 0.0192860253155, 0.0174673497677, 0.01514837984, 0.0162985976785, 0.0229275114834, 0.0159033145756, 0.0327585972846, 0.0735459402204, 0.0376319997013, 0.0174846444279, 0.023117756471, 0.0332524850965, 0.0781080722809, 0.117611557245, 0.0497490055859, 0.0196257475764, 0.00982948206365, 0.00806364417076, 0.0224461127073, 0.0261274594814, 0.0122521407902, 0.0131113901734, 0.0207895096391, 0.00685257278383, 0.00679897610098, 0.0177862085402, 0.0244343057275, 0.0740735083818, 0.152375519276, 0.130970716476, 0.107410497963]
    },
    "chords_histogram": [17.7983531952, 0, 3.80658435822, 0, 0, 1.85185182095, 1.54320991039, 2.05761313438, 0, 0, 0, 0, 0, 0, 0, 11.0082302094, 0, 11.6255140305, 0, 6.68724298477, 0, 6.79012346268, 36.8312759399, 0],
    "thpcp": [1, 0.99674975872, 0.749088704586, 0.565772414207, 0.339611142874, 0.367830127478, 0.52649641037, 0.344689279795, 0.134050175548, 0.11685744673, 0.109130047262, 0.132041141391, 0.15747217834, 0.131280735135, 0.242608696222, 0.388599157333, 0.274744600058, 0.146835237741, 0.162645608187, 0.239280030131, 0.537836015224, 0.716051340103, 0.433071017265, 0.188948646188, 0.137310177088, 0.111837312579, 0.199961319566, 0.235105842352, 0.158718541265, 0.13281737268, 0.125792220235, 0.0802302211523, 0.0776583328843, 0.122350126505, 0.181067749858, 0.529988765717],
    "chords_key": "C#",
    "chords_scale": "major",
    "key_key": "G#",
    "key_scale": "major"
}
}