{
"lowlevel": {
    "average_loudness": 0.972133755684,
    "barkbands_crest": {
        "mean": 12.1527290344,
        "var": 14.2875127792
    },
    "barkbands_flatness_db": {
        "mean": 0.226735815406,
        "var": 0.00368294725195
    },
    "barkbands_kurtosis": {
        "mean": 10.8589963913,
        "var": 119.395294189
    },
    "barkbands_skewness": {
        "mean": 2.09891271591,
        "var": 1.34683835506
    },
    "barkbands_spread": {
        "mean": 7.12370920181,
        "var": 31.9597053528
    },
    "dissonance": {
        "mean": 0.427108675241,
        "var": 0.00182536791544
    },
    "dynamic_complexity": 1.9112663269,
    "erbbands_crest": {
        "mean": 11.2803182602,
        "var": 16.2209949493
    },
    "erbbands_flatness_db": {
        "mean": 0.204576551914,
        "var": 0.00275516160764
    },
    "erbbands_kurtosis": {
        "mean": 3.31082892418,
        "var": 16.647064209
    },
    "erbbands_skewness": {
        "mean": 1.4892591238,
        "var": 0.595177650452
    },
    "erbbands_spread": {
        "mean": 25.5031299591,
        "var": 292.284637451
    },
    "hfc": {
        "mean": 9.47833919525,
        "var": 105.096725464
    },
    "melbands_crest": {
        "mean": 14.679561615,
        "var": 26.5761108398
    },
    "melbands_flatness_db": {
        "mean": 0.314271688461,
        "var": 0.00533774401993
    },
    "melbands_kurtosis": {
        "mean": 17.2401027679,
        "var": 387.480316162
    },
    "melbands_skewness": {
        "mean": 2.48820495605,
        "var": 2.04039645195
    },
    "melbands_spread": {
        "mean": 7.34024143219,
        "var": 34.9839057922
    },
    "pitch_salience": {
        "mean": 0.576295793056,
        "var": 0.0139985792339
    },
    "silence_rate_20dB": {
        "mean": 1,
        "var": 0
    },
    "silence_rate_30dB": {
        "mean": 0.959835231304,
        "var": 0.0385514684021
    },
    "silence_rate_60dB": {
        "mean": 0.00154479919001,
        "var": 0.00154241069686
    },
    "spectral_centroid": {
        "mean": 499.232391357,
        "var": 96317.3984375
    },
    "spectral_complexity": {
        "mean": 10.7801237106,
        "var": 32.8707809448
    },
    "spectral_decrease": {
        "mean": -8.4937239464e-009,
        "var": 1.07457101083e-016
    },
    "spectral_energy": {
        "mean": 0.0329169332981,
        "var": 0.00157886382658
    },
    "spectral_energyband_high": {
        "mean": 0.000191164086573,
        "var": 2.38207249481e-007
    },
    "spectral_energyband_low": {
        "mean": 0.0146855264902,
        "var": 0.00111018132884
    },
    "spectral_energyband_middle_high": {
        "mean": 0.00125517649576,
        "var": 5.27621978108e-006
    },
    "spectral_energyband_middle_low": {
        "mean": 0.0175887942314,
        "var": 0.000278803898254
    },
    "spectral_entropy": {
        "mean": 6.70081615448,
        "var": 0.362704753876
    },
    "spectral_flux": {
        "mean": 0.0902985110879,
        "var": 0.00629463559017
    },
    "spectral_kurtosis": {
        "mean": 14.2929878235,
        "var": 179.861068726
    },
    "spectral_rms": {
        "mean": 0.00512271281332,
        "var": 5.87188515055e-006
    },
    "spectral_rolloff": {
        "mean": 475.205200195,
        "var": 313401.03125
    },
    "spectral_skewness": {
        "mean": 2.77861309052,
        "var": 1.38812422752
    },
    "spectral_spread": {
        "mean": 3481938.25,
        "var": 2.88855844454e+012
    },
    "spectral_strongpeak": {
        "mean": 0.632681190968,
        "var": 0.153953209519
    },
    "zerocrossingrate": {
        "mean": 0.0243064500391,
        "var": 0.000291715638014
    },
    "barkbands": {
        "mean": [0.000622080639005, 0.0104720126837, 0.00282240263186, 0.00195027736481, 0.00662457663566, 0.00548244547099, 0.0024378108792, 0.000582167413086, 0.000438932038378, 0.000265312963165, 0.000214816303924, 0.000114163703984, 0.000198956680833, 0.000171056002728, 9.5319475804e-005, 6.79523291183e-005, 4.30653999501e-005, 4.34413013863e-005, 4.48893370049e-005, 5.78493818466e-005, 4.30012987636e-005, 5.6196568039e-005, 3.80270903406e-005, 1.77483052539e-005, 1.03110587588e-005, 2.12931036003e-006, 3.04403044993e-008],
        "var": [1.95846837414e-006, 0.000588293012697, 0.000113355177746, 4.6596996981e-005, 4.03228623327e-005, 3.69269037037e-005, 5.69275289308e-006, 1.56338273882e-006, 1.45633987358e-006, 6.35734238585e-007, 1.51543304128e-007, 5.23121315155e-008, 9.50549718937e-008, 1.09961952433e-007, 3.67853516536e-008, 3.64664920482e-008, 1.44683003356e-008, 1.36142839224e-008, 1.99495442388e-008, 8.58356585809e-008, 1.18195240262e-008, 2.58850203494e-008, 8.6843998659e-009, 2.47329090541e-009, 8.04019517631e-010, 1.9612648311e-011, 8.25046428339e-015]
    },
    "erbbands": {
        "mean": [0.387952655554, 2.00743985176, 3.24590468407, 5.16539525986, 14.0399723053, 24.7828998566, 43.7906074524, 35.5415496826, 27.6988067627, 32.4750556946, 11.9947452545, 9.26851654053, 7.58911895752, 11.2407341003, 5.59110069275, 4.16969442368, 8.77377986908, 9.42590427399, 5.6299996376, 5.01005363464, 3.41305232048, 2.36832809448, 2.43594264984, 1.95047485828, 2.78106617928, 2.68088769913, 2.13616681099, 1.49642312527, 2.18721008301, 1.5477284193, 0.984456300735, 0.460696041584, 0.240402564406, 0.146315261722, 0.0565878674388, 0.016037190333, 0.002485900186, 0.000245181581704, 2.19069443119e-005, 3.69845474779e-005],
        "var": [0.69462287426, 26.6490516663, 125.056777954, 380.829223633, 568.364868164, 455.101409912, 2204.88061523, 1748.19348145, 1230.74890137, 1448.14331055, 422.448486328, 673.593078613, 412.913391113, 669.451843262, 118.935577393, 80.4773025513, 169.922454834, 305.31048584, 88.0333404541, 134.486633301, 96.5345535278, 42.1048316956, 39.56092453, 30.1832523346, 100.803092957, 225.621994019, 34.3167533875, 13.34370327, 39.4203872681, 18.6369304657, 5.69000816345, 1.37706959248, 0.530294656754, 0.172666475177, 0.0230789277703, 0.00121586828027, 2.48231135629e-005, 3.12838722039e-007, 6.91666557362e-010, 1.91221283252e-009]
    },
    "gfcc": {
        "mean": [-61.3973236084, 151.061508179, -89.0160293579, 28.2997207642, -60.2625389099, 7.29102516174, -45.6617431641, -9.06719493866, -14.8853940964, 7.23430204391, -3.29566025734, -2.07874417305, -5.47780704498],
        "cov": [[3735.70751953, -1132.25488281, -337.458770752, 601.644042969, -484.748321533, 235.359573364, 62.5759010315, 259.493377686, -196.556671143, -21.7935771942, -233.42527771, 76.3696975708, 18.8890571594], [-1132.25488281, 1253.03088379, -33.2261886597, -407.779846191, 360.961456299, -230.341125488, 70.2601089478, -221.635345459, 216.888626099, -130.076339722, 215.752151489, -82.5026168823, 163.725143433], [-337.458770752, -33.2261886597, 484.923736572, 95.0551681519, 40.9893455505, 102.773536682, 23.8026313782, 26.7641582489, 44.1537437439, 90.000579834, 38.3260765076, 19.3981971741, -61.3676376343], [601.644042969, -407.779846191, 95.0551681519, 425.884460449, -86.0685424805, 42.8337249756, 32.9812164307, 36.0291252136, -20.0025978088, 44.0103721619, 6.44644832611, 28.6155223846, -5.07775878906], [-484.748321533, 360.961456299, 40.9893455505, -86.0685424805, 234.229309082, -42.141544342, 35.279006958, -29.604681015, 62.1007461548, -24.3513450623, 73.989440918, -11.3219175339, 46.9660682678], [235.359573364, -230.341125488, 102.773536682, 42.8337249756, -42.141544342, 185.215408325, 38.5090675354, 74.0516738892, -28.8890018463, 39.3231277466, -41.6804389954, 24.2814121246, -34.9695663452], [62.5759010315, 70.2601089478, 23.8026313782, 32.9812164307, 35.279006958, 38.5090675354, 114.49887085, 23.1686725616, 26.9147357941, -12.8697032928, 28.3208007813, 2.84169197083, 33.6804008484], [259.493377686, -221.635345459, 26.7641582489, 36.0291252136, -29.604681015, 74.0516738892, 23.1686725616, 138.067886353, -26.87707901, 23.2229232788, -55.2910423279, 22.8637046814, -35.159286499], [-196.556671143, 216.888626099, 44.1537437439, -20.0025978088, 62.1007461548, -28.8890018463, 26.9147357941, -26.87707901, 112.722724915, 12.0554237366, 55.8919639587, -23.2930774689, 29.9100093842], [-21.7935771942, -130.076339722, 90.000579834, 44.0103721619, -24.3513450623, 39.3231277466, -12.8697032928, 23.2229232788, 12.0554237366, 102.546134949, 0.14838437736, -4.7813243866, -55.3436203003], [-233.42527771, 215.752151489, 38.3260765076, 6.44644832611, 73.989440918, -41.6804389954, 28.3208007813, -55.2910423279, 55.8919639587, 0.14838437736, 107.611289978, 5.32825517654, 35.2344512939], [76.3696975708, -82.5026168823, 19.3981971741, 28.6155223846, -11.3219175339, 24.2814121246, 2.84169197083, 22.8637046814, -23.2930774689, -4.7813243866, 5.32825517654, 52.3787841797, 15.6287975311], [18.8890571594, 163.725143433, -61.3676376343, -5.07775878906, 46.9660682678, -34.9695663452, 33.6804008484, -35.159286499, 29.9100093842, -55.3436203003, 35.2344512939, 15.6287975311, 117.133010864]],
        "icov": [[0.000790178892203, -0.00132689333986, 0.00093556282809, -0.00193127593957, 0.00164370215498, -0.00127801497001, 0.000492947292514, -0.00152457726654, 0.00084543362027, -0.000489464960992, 0.00129653548356, -0.000671886431519, -0.000253783277003], [-0.00132689333986, 0.0154106449336, -0.00421347748488, 0.0126923974603, -0.00913833361119, 0.00759635167196, -0.00586258945987, 0.00855545792729, -0.00918620452285, 0.00933220423758, -0.012421968393, 0.0110810277984, -0.00378494616598], [0.00093556282809, -0.00421347748488, 0.00503081548959, -0.00485550891608, 0.00206815148704, -0.00430892128497, 0.00158198468853, -0.0021089410875, 0.000667183659971, -0.00345351058058, 0.00337152578868, -0.00513777090237, 0.00282949930988], [-0.00193127593957, 0.0126923974603, -0.00485550891608, 0.0145985977724, -0.00702795339748, 0.00755491387099, -0.00587368058041, 0.00729666510597, -0.00649139750749, 0.00599559443071, -0.0116300079972, 0.00864654406905, -0.00355296209455], [0.00164370215498, -0.00913833361119, 0.00206815148704, -0.00702795339748, 0.0136730810627, -0.00458620954305, 0.00310270534828, -0.00817631091923, 0.00544319115579, -0.00390642089769, 0.00290837069042, -0.00329284905456, -0.000582046399359], [-0.00127801497001, 0.00759635167196, -0.00430892128497, 0.00755491387099, -0.00458620954305, 0.0144981881604, -0.00776118319482, 0.00375566002913, -0.00335247116163, 0.00147544848733, -0.00225758599117, 0.00147244730033, -0.000779801805038], [0.000492947292514, -0.00586258945987, 0.00158198468853, -0.00587368058041, 0.00310270534828, -0.00776118319482, 0.0174658317119, -0.00858467351645, 0.00285093788989, -0.000146083024447, -0.00217165332288, 0.00207649450749, -0.00289164576679], [-0.00152457726654, 0.00855545792729, -0.0021089410875, 0.00729666510597, -0.00817631091923, 0.00375566002913, -0.00858467351645, 0.0209576785564, -0.00838010478765, 0.00283690262586, 0.00330387079157, -0.0046233269386, 0.00376085215248], [0.00084543362027, -0.00918620452285, 0.000667183659971, -0.00649139750749, 0.00544319115579, -0.00335247116163, 0.00285093788989, -0.00838010478765, 0.0237525328994, -0.00958822760731, -0.000693762558512, 0.00502274977043, -0.00480355601758], [-0.000489464960992, 0.00933220423758, -0.00345351058058, 0.00599559443071, -0.00390642089769, 0.00147544848733, -0.000146083024447, 0.00283690262586, -0.00958822760731, 0.023560738191, -0.0109739406034, 0.00842457730323, 0.00414301129058], [0.00129653548356, -0.012421968393, 0.00337152578868, -0.0116300079972, 0.00290837069042, -0.00225758599117, -0.00217165332288, 0.00330387079157, -0.000693762558512, -0.0109739406034, 0.0355971492827, -0.0225693359971, 0.00548783876002], [-0.000671886431519, 0.0110810277984, -0.00513777090237, 0.00864654406905, -0.00329284905456, 0.00147244730033, 0.00207649450749, -0.0046233269386, 0.00502274977043, 0.00842457730323, -0.0225693359971, 0.0448149554431, -0.014414860867], [-0.000253783277003, -0.00378494616598, 0.00282949930988, -0.00355296209455, -0.000582046399359, -0.000779801805038, -0.00289164576679, 0.00376085215248, -0.00480355601758, 0.00414301129058, 0.00548783876002, -0.014414860867, 0.020614689216]]
    },
    "melbands": {
        "mean": [0.00317115150392, 0.00203670957126, 0.00113343656994, 0.00143143779133, 0.00139971275348, 0.000852270692121, 0.000460625276901, 0.000309381692205, 9.35030184337e-005, 5.5322998378e-005, 3.6602588807e-005, 4.51689084002e-005, 2.18025106733e-005, 1.24915950437e-005, 1.1389309293e-005, 2.38354932662e-005, 1.69666855072e-005, 9.04579246708e-006, 8.47750197863e-006, 5.71956888962e-006, 3.49909441866e-006, 2.49074491876e-006, 2.37939434555e-006, 1.86878776276e-006, 1.48724677729e-006, 1.82756764389e-006, 2.31644980886e-006, 1.5911355149e-006, 1.35293328185e-006, 1.02551371128e-006, 8.26076586691e-007, 1.29003353777e-006, 9.8898124179e-007, 8.56660562931e-007, 6.55463736621e-007, 3.36175816074e-007, 2.49445548661e-007, 1.71822279071e-007, 1.40300272733e-007, 1.17087715523e-007],
        "var": [4.91530299769e-005, 3.4983491787e-005, 1.1725854165e-005, 2.36867299463e-006, 1.70052737758e-006, 9.52243567554e-007, 2.73216841151e-007, 1.5202716952e-007, 3.76106292777e-008, 2.33225438961e-008, 1.06666986355e-008, 1.1837732572e-008, 1.66653224554e-009, 6.77190581388e-010, 9.06224151276e-010, 9.06928088185e-010, 1.27556243346e-009, 2.54387511056e-010, 2.54422566348e-010, 2.78388173625e-010, 1.07282537021e-010, 5.39761672858e-011, 3.45715053807e-011, 2.79541667592e-011, 1.65464014018e-011, 3.87743309682e-011, 1.0201540307e-010, 9.51385845105e-011, 1.41430530481e-011, 7.3987144536e-012, 4.01323505678e-012, 1.33340231218e-011, 9.41101797186e-012, 5.3487245015e-012, 2.34129989701e-012, 7.68335265203e-013, 4.6641211943e-013, 2.98529565868e-013, 1.62562536132e-013, 1.1258368234e-013]
    },
    "mfcc": {
        "mean": [-711.992736816, 177.217300415, 27.1597309113, 25.0997657776, 6.92892217636, 12.1346769333, -11.8057413101, -10.3716115952, -13.0469732285, 1.36591017246, 1.10325407982, -0.59835922718, 0.0694983378053],
        "cov": [[3866.52026367, -1611.93432617, -31.9275169373, 164.637451172, -337.755950928, -23.2620754242, 93.6672897339, 195.509002686, 215.641784668, -74.0791397095, -99.3226013184, -79.5107955933, 25.5588245392], [-1611.93432617, 1593.8190918, -289.052307129, -179.896575928, 165.599777222, -39.73387146, -75.9987945557, -64.241859436, -78.4638671875, 48.0917663574, -20.5221595764, -0.695536851883, -48.0609436035], [-31.9275169373, -289.052307129, 466.896087646, 78.6279220581, 17.6150665283, 98.3309860229, 32.981098175, 14.0714378357, 12.85409832, 19.5028095245, 75.0526199341, 65.4068145752, 56.2855033875], [164.637451172, -179.896575928, 78.6279220581, 269.283752441, 28.0866737366, 24.6166400909, 9.28367805481, -10.1099472046, -10.9208221436, -6.64895820618, 8.38346767426, 38.8999938965, 32.3849868774], [-337.755950928, 165.599777222, 17.6150665283, 28.0866737366, 135.669616699, 16.944475174, 3.64673519135, -0.829407095909, -7.20754766464, 12.5304079056, 9.48225021362, 14.2672977448, 9.29341316223], [-23.2620754242, -39.73387146, 98.3309860229, 24.6166400909, 16.944475174, 104.834159851, 28.8061733246, -1.39529192448, 2.58565616608, 13.8332004547, 17.8930606842, 19.6363182068, 15.6484518051], [93.6672897339, -75.9987945557, 32.981098175, 9.28367805481, 3.64673519135, 28.8061733246, 103.39226532, 57.171585083, 24.3953056335, -2.59156489372, -0.787684321404, 15.6351509094, 18.9020118713], [195.509002686, -64.241859436, 14.0714378357, -10.1099472046, -0.829407095909, -1.39529192448, 57.171585083, 104.091560364, 43.8931388855, -7.35539340973, -10.0262451172, -7.26438188553, 18.6136741638], [215.641784668, -78.4638671875, 12.85409832, -10.9208221436, -7.20754766464, 2.58565616608, 24.3953056335, 43.8931388855, 86.0747680664, 24.179561615, -2.69265317917, -6.49230384827, 4.16448163986], [-74.0791397095, 48.0917663574, 19.5028095245, -6.64895820618, 12.5304079056, 13.8332004547, -2.59156489372, -7.35539340973, 24.179561615, 63.0386238098, 38.7416000366, 12.6533765793, 1.02678787708], [-99.3226013184, -20.5221595764, 75.0526199341, 8.38346767426, 9.48225021362, 17.8930606842, -0.787684321404, -10.0262451172, -2.69265317917, 38.7416000366, 85.0831298828, 39.4404640198, 4.15420532227], [-79.5107955933, -0.695536851883, 65.4068145752, 38.8999938965, 14.2672977448, 19.6363182068, 15.6351509094, -7.26438188553, -6.49230384827, 12.6533765793, 39.4404640198, 72.748008728, 24.7311840057], [25.5588245392, -48.0609436035, 56.2855033875, 32.3849868774, 9.29341316223, 15.6484518051, 18.9020118713, 18.6136741638, 4.16448163986, 1.02678787708, 4.15420532227, 24.7311840057, 55.8926544189]],
        "icov": [[0.000701216340531, 0.000586643815041, 0.00045280039194, -0.000331192364683, 0.000974732800387, -0.000313275580993, 0.000440663308837, -0.000846086768433, -0.000970435154159, 0.000139509895234, 0.000400279037422, -9.16065910133e-005, 5.86088754062e-005], [0.000586643815041, 0.00160431442782, 0.000926976848859, 0.000508375174832, -0.000551450008061, -0.000354159594281, 0.000969643937424, -0.00110291899182, 0.00053315947298, -0.00154865544755, 0.00148777174763, -0.00123629753944, 0.000538609456271], [0.00045280039194, 0.000926976848859, 0.00406990665942, -0.000224758638069, 7.39732568036e-005, -0.00287463655695, 0.00103428191505, -0.000855750229675, -0.00106547563337, 0.00117368879728, -0.00235361303203, -0.000921473663766, -0.00201003602706], [-0.000331192364683, 0.000508375174832, -0.000224758638069, 0.00508600380272, -0.00210131122731, -0.000106083331048, 0.000150360079715, 0.000969825836364, 0.00126164697576, -0.000305184716126, 0.00116423284635, -0.00241582584567, -0.0012326905271], [0.000974732800387, -0.000551450008061, 7.39732568036e-005, -0.00210131122731, 0.0110281277448, -0.00129714293871, 0.000210815123864, -0.00176725070924, -0.0012622193899, -0.000349167938111, 8.9391196525e-006, 0.000282764580334, -0.000755459186621], [-0.000313275580993, -0.000354159594281, -0.00287463655695, -0.000106083331048, -0.00129714293871, 0.0138649763539, -0.00493098469451, 0.00325720384717, 0.000950307992753, -0.0027236265596, 0.000690063170623, 0.000587781774811, -0.000620405247901], [0.000440663308837, 0.000969643937424, 0.00103428191505, 0.000150360079715, 0.000210815123864, -0.00493098469451, 0.0174110587686, -0.0101591665298, -0.000237448766711, -0.000262616493274, 0.00242275185883, -0.00548367714509, 0.000613047974184], [-0.000846086768433, -0.00110291899182, -0.000855750229675, 0.000969825836364, -0.00176725070924, 0.00325720384717, -0.0101591665298, 0.0213430300355, -0.00815289281309, 0.00663165561855, -0.00425088778138, 0.00564525416121, -0.0062481421046], [-0.000970435154159, 0.00053315947298, -0.00106547563337, 0.00126164697576, -0.0012622193899, 0.000950307992753, -0.000237448766711, -0.00815289281309, 0.023064179346, -0.0147836944088, 0.00683222105727, -0.00153997342568, 0.00271010654978], [0.000139509895234, -0.00154865544755, 0.00117368879728, -0.000305184716126, -0.000349167938111, -0.0027236265596, -0.000262616493274, 0.00663165561855, -0.0147836944088, 0.0338963381946, -0.017575358972, 0.00439302064478, -0.00385837256908], [0.000400279037422, 0.00148777174763, -0.00235361303203, 0.00116423284635, 8.9391196525e-006, 0.000690063170623, 0.00242275185883, -0.00425088778138, 0.00683222105727, -0.017575358972, 0.027753341943, -0.0128167960793, 0.00661566201597], [-9.16065910133e-005, -0.00123629753944, -0.000921473663766, -0.00241582584567, 0.000282764580334, 0.000587781774811, -0.00548367714509, 0.00564525416121, -0.00153997342568, 0.00439302064478, -0.0128167960793, 0.0266376398504, -0.00973044801503], [5.86088754062e-005, 0.000538609456271, -0.00201003602706, -0.0012326905271, -0.000755459186621, -0.000620405247901, 0.000613047974184, -0.0062481421046, 0.00271010654978, -0.00385837256908, 0.00661566201597, -0.00973044801503, 0.0269216969609]]
    },
    "spectral_contrast_coeffs": {
        "mean": [-0.623784899712, -0.673123478889, -0.791740834713, -0.780691564083, -0.819517731667, -0.784445822239],
        "var": [0.00440780585632, 0.00492927804589, 0.00297958264127, 0.00188768631779, 0.00101066066418, 0.00130546442233]
    },
    "spectral_contrast_valleys": {
        "mean": [-6.81757450104, -6.55504417419, -7.92466974258, -8.30937385559, -8.79021167755, -11.2272453308],
        "var": [0.555165290833, 0.65705037117, 0.671988010406, 0.64083302021, 1.04689836502, 1.23937010765]
    }
},
"metadata": {
    "audio_properties": {
        "analysis_sample_rate": 44100,
        "bit_rate": 128074,
        "equal_loudness": 0,
        "length": 45.0612258911,
        "lossless": 0,
        "replay_gain": -6.43738746643,
        "sample_rate": 44100,
        "codec": "mp3",
        "downmix": "mix",
        "md5_encoded": "03a56d66543c7d3e7bd6484ed46266a7"
    },
    "tags": {
        "file_name": "1360.mp3"
    },
    "version": {
        "essentia": "2.1-beta2",
        "essentia_git_sha": "v2.1_beta2",
        "extractor": "music 1.0"
    }
},
"rhythm": {
    "beats_count": 64,
    "beats_loudness": {
        "mean": 0.0653006359935,
        "var": 0.000745128374547
    },
    "bpm": 85.9468841553,
    "bpm_histogram_first_peak_bpm": {
        "mean": 86,
        "var": 0
    },
    "bpm_histogram_first_peak_spread": {
        "mean": 0.0499999970198,
        "var": 0
    },
    "bpm_histogram_first_peak_weight": {
        "mean": 0.904761910439,
        "var": 0
    },
    "bpm_histogram_second_peak_bpm": {
        "mean": 80,
        "var": 0
    },
    "bpm_histogram_second_peak_spread": {
        "mean": 0,
        "var": 0
    },
    "bpm_histogram_second_peak_weight": {
        "mean": 0.0476190522313,
        "var": 0
    },
    "danceability": 1.91892290115,
    "onset_rate": 4.43640565872,
    "beats_loudness_band_ratio": {
        "mean": [0.524237155914, 0.369103044271, 0.102055281401, 0.0544590093195, 0.0148572558537, 0.0216290969402],
        "var": [0.0587077029049, 0.034582670778, 0.00741406623274, 0.00207015825436, 0.00014679034939, 0.000355508964276]
    },
    "beats_position": [0.743038535118, 1.48607707024, 2.24072551727, 2.99537420273, 3.70358276367, 4.41179132462, 5.10838985443, 5.80498838425, 6.5015873909, 7.19818592072, 7.89478445053, 8.59138298035, 9.287981987, 9.98458003998, 10.6811790466, 11.3777770996, 12.0743761063, 12.782585144, 13.4907932281, 14.1873922348, 14.8839902878, 15.5805892944, 16.2771873474, 16.9737873077, 17.6703853607, 18.3669834137, 19.0635814667, 19.760181427, 20.45677948, 21.153377533, 21.8499774933, 22.5465755463, 23.2431735992, 23.9397735596, 24.6363716125, 25.3329696655, 26.0295696259, 26.7261676788, 27.4227657318, 28.1193637848, 28.8275737762, 29.5357818604, 30.2207698822, 30.9057598114, 31.6255779266, 32.322177887, 33.0187759399, 33.7153739929, 34.4119720459, 35.1085700989, 35.8051681519, 36.5017662048, 37.1983680725, 37.8949661255, 38.5915641785, 39.2881622314, 39.9847602844, 40.6813583374, 41.3779602051, 42.0745582581, 42.771156311, 43.467754364, 44.1759643555, 44.8841705322]
},
"tonal": {
    "chords_changes_rate": 0.0545267499983,
    "chords_number_rate": 0.00720164598897,
    "chords_strength": {
        "mean": 0.484119683504,
        "var": 0.00747290020809
    },
    "hpcp_entropy": {
        "mean": 2.04868602753,
        "var": 0.505695343018
    },
    "key_strength": 0.770094156265,
    "tuning_diatonic_strength": 0.573772549629,
    "tuning_equal_tempered_deviation": 0.0766340196133,
    "tuning_frequency": 440.254241943,
    "tuning_nontempered_energy_ratio": 0.688459396362,
    "hpcp": {
        "mean": [0.0957051515579, 0.0890680551529, 0.270881801844, 0.591577768326, 0.473243534565, 0.122220210731, 0.0338330119848, 0.0295289903879, 0.0547590851784, 0.0636326521635, 0.0412742644548, 0.0909281149507, 0.162709698081, 0.101052813232, 0.025149712339, 0.0310568232089, 0.0604990869761, 0.275398731232, 0.448615014553, 0.230737030506, 0.0283961836249, 0.0247454419732, 0.0502634309232, 0.165152490139, 0.193561524153, 0.0898046046495, 0.10110154748, 0.192497029901, 0.159498468041, 0.072197727859, 0.0494737960398, 0.0561745278537, 0.158914193511, 0.246851697564, 0.196608573198, 0.131863221526],
        "var": [0.0406409874558, 0.0243397951126, 0.0447303466499, 0.103753812611, 0.0925451666117, 0.0258985180408, 0.0138543611392, 0.00916515477002, 0.0202174875885, 0.029916331172, 0.0152877215296, 0.0136022437364, 0.0333765409887, 0.0137492669746, 0.00548074161634, 0.00753370020539, 0.0174228549004, 0.0607684254646, 0.181061118841, 0.0538347624242, 0.00760759878904, 0.00798726547509, 0.0124461436644, 0.0508532561362, 0.052078962326, 0.0127715915442, 0.0234915670007, 0.0679868161678, 0.0560983419418, 0.0286461636424, 0.0203023161739, 0.0203973464668, 0.0407358631492, 0.0718387588859, 0.0647287070751, 0.0710688382387]
    },
    "chords_histogram": [27.0576133728, 2.46913576126, 33.8477363586, 1.02880656719, 0, 15.7407407761, 0, 11.6255140305, 0, 0, 0, 0, 0, 0, 0, 0, 0, 0, 0, 0, 0, 0, 8.23045253754, 0],
    "thpcp": [1, 0.799968421459, 0.206600412726, 0.0571911484003, 0.0499156527221, 0.092564471066, 0.107564307749, 0.0697697997093, 0.153704419732, 0.27504363656, 0.170819148421, 0.0425129421055, 0.0524982921779, 0.102267347276, 0.46553260088, 0.758336484432, 0.390036672354, 0.0480007603765, 0.0418295674026, 0.0849650427699, 0.279172927141, 0.32719540596, 0.151805236936, 0.170901536942, 0.325395971537, 0.269615381956, 0.122042663395, 0.0836302489042, 0.0949571281672, 0.268627732992, 0.417276829481, 0.332346111536, 0.222900912166, 0.161779493093, 0.150560185313, 0.457897186279],
    "chords_key": "A#",
    "chords_scale": "minor",
    "key_key": "D#",
    "key_scale": "minor"
}
}