{
"lowlevel": {
    "average_loudness": 0.617796838284,
    "barkbands_crest": {
        "mean": 13.9038772583,
        "var": 11.2583713531
    },
    "barkbands_flatness_db": {
        "mean": 0.291854023933,
        "var": 0.00510245142505
    },
    "barkbands_kurtosis": {
        "mean": 31.3788204193,
        "var": 545.75970459
    },
    "barkbands_skewness": {
        "mean": 4.05813550949,
        "var": 2.30829381943
    },
    "barkbands_spread": {
        "mean": 7.13281917572,
        "var": 58.4115791321
    },
    "dissonance": {
        "mean": 0.441653758287,
        "var": 0.00115707202349
    },
    "dynamic_complexity": 3.18799638748,
    "erbbands_crest": {
        "mean": 11.9863805771,
        "var": 20.2661418915
    },
    "erbbands_flatness_db": {
        "mean": 0.191384777427,
        "var": 0.00250925100408
    },
    "erbbands_kurtosis": {
        "mean": 5.29850292206,
        "var": 279.599334717
    },
    "erbbands_skewness": {
        "mean": 1.61603975296,
        "var": 2.27426981926
    },
    "erbbands_spread": {
        "mean": 50.7492370605,
        "var": 686.738708496
    },
    "hfc": {
        "mean": 6.95482206345,
        "var": 40.0385475159
    },
    "melbands_crest": {
        "mean": 16.3500995636,
        "var": 20.795293808
    },
    "melbands_flatness_db": {
        "mean": 0.394278109074,
        "var": 0.00633867364377
    },
    "melbands_kurtosis": {
        "mean": 71.4111328125,
        "var": 2507.37011719
    },
    "melbands_skewness": {
        "mean": 5.44389009476,
        "var": 4.61375617981
    },
    "melbands_spread": {
        "mean": 4.3049788475,
        "var": 51.477684021
    },
    "pitch_salience": {
        "mean": 0.491791814566,
        "var": 0.00586339877918
    },
    "silence_rate_20dB": {
        "mean": 0.999485075474,
        "var": 0.000514642801136
    },
    "silence_rate_30dB": {
        "mean": 0.94696187973,
        "var": 0.0502267256379
    },
    "silence_rate_60dB": {
        "mean": 0.0303810499609,
        "var": 0.029458206147
    },
    "spectral_centroid": {
        "mean": 490.522064209,
        "var": 181772.8125
    },
    "spectral_complexity": {
        "mean": 6.32080316544,
        "var": 8.55548477173
    },
    "spectral_decrease": {
        "mean": -9.12026987265e-009,
        "var": 8.31709525668e-017
    },
    "spectral_energy": {
        "mean": 0.0350528024137,
        "var": 0.00121879798826
    },
    "spectral_energyband_high": {
        "mean": 0.000122828336316,
        "var": 3.71444741631e-008
    },
    "spectral_energyband_low": {
        "mean": 0.0229498017579,
        "var": 0.000676322204527
    },
    "spectral_energyband_middle_high": {
        "mean": 0.000502789451275,
        "var": 8.55601228977e-007
    },
    "spectral_energyband_middle_low": {
        "mean": 0.0198335535824,
        "var": 0.000563013833016
    },
    "spectral_entropy": {
        "mean": 6.26438808441,
        "var": 0.500812590122
    },
    "spectral_flux": {
        "mean": 0.0402843058109,
        "var": 0.0015137711307
    },
    "spectral_kurtosis": {
        "mean": 9.48082447052,
        "var": 54.3505706787
    },
    "spectral_rms": {
        "mean": 0.0053083752282,
        "var": 6.01897863817e-006
    },
    "spectral_rolloff": {
        "mean": 288.514984131,
        "var": 504693.78125
    },
    "spectral_skewness": {
        "mean": 2.41767859459,
        "var": 0.808130145073
    },
    "spectral_spread": {
        "mean": 4159851,
        "var": 3.13970891162e+012
    },
    "spectral_strongpeak": {
        "mean": 0.687129378319,
        "var": 0.31056702137
    },
    "zerocrossingrate": {
        "mean": 0.0269319042563,
        "var": 0.000655041425489
    },
    "barkbands": {
        "mean": [1.85573644558e-005, 0.0120572242886, 0.00254672486335, 0.0141237974167, 0.00423989538103, 0.00108224782161, 0.000139954179758, 0.000110969849629, 6.34257230558e-005, 9.7054267826e-005, 5.41354274901e-005, 3.43245555996e-005, 2.81950542558e-005, 1.17144008982e-005, 1.05009685285e-005, 8.98600501387e-006, 3.24241300405e-005, 0.000196117063751, 5.9792688262e-005, 2.76690989267e-005, 1.62880915013e-005, 2.84144207399e-005, 1.3756160115e-005, 1.73677399289e-005, 3.21929037455e-005, 1.08332687887e-006, 4.51161419335e-008],
        "var": [1.32085062887e-008, 0.000183112977538, 1.69975955941e-005, 0.000431916618254, 1.38678924486e-005, 3.60913259101e-006, 3.7935581787e-008, 1.22884429743e-007, 8.56270343519e-009, 4.77625867745e-008, 4.46158310297e-009, 2.18218332293e-009, 1.52084811411e-009, 9.28721266558e-010, 3.05214770124e-010, 3.68130276263e-010, 1.01263735175e-008, 5.35594153916e-007, 2.92847754935e-008, 5.45333911361e-009, 2.41197262163e-009, 4.91351137555e-009, 3.58545859669e-009, 2.41535769163e-009, 4.01782429549e-009, 7.77125933049e-012, 2.5734465218e-014]
    },
    "erbbands": {
        "mean": [0.170918136835, 3.21855998039, 4.29583406448, 29.659034729, 33.0137252808, 7.14571762085, 3.62177205086, 10.6841344833, 4.35788917542, 2.00854277611, 1.84794509411, 1.86716628075, 3.54913043976, 1.99252533913, 1.76091456413, 1.71814262867, 1.39490270615, 0.775758445263, 0.545219779015, 0.432275563478, 0.807889938354, 2.61274695396, 9.3540058136, 6.87842607498, 2.59846830368, 1.0427390337, 0.895772397518, 0.574133515358, 1.09516727924, 0.609870314598, 0.387340784073, 0.47941043973, 0.17607305944, 0.107757903636, 0.435602158308, 0.0222019348294, 0.00201559485868, 0.000251993100392, 2.49392614933e-005, 3.92911679228e-005],
        "var": [0.0794829651713, 11.691283226, 23.9558582306, 2015.04284668, 1191.9017334, 57.1675872803, 24.709854126, 495.451904297, 29.2985649109, 64.1234054565, 13.2960214615, 6.49246406555, 71.486831665, 10.2132053375, 6.1880106926, 4.85508584976, 3.34211730957, 1.70318627357, 1.55451071262, 0.818009436131, 2.91761779785, 41.9200019836, 871.295959473, 756.651184082, 38.2534103394, 7.05846405029, 5.38530349731, 2.10265159607, 8.1498336792, 5.21902990341, 2.19126534462, 1.74437093735, 0.210795149207, 0.040180452168, 0.854047477245, 0.00152278947644, 1.74936976691e-005, 4.74720053489e-007, 6.16308115653e-010, 1.43520328955e-009]
    },
    "gfcc": {
        "mean": [-96.4490585327, 133.718734741, -58.7073135376, 55.3746604919, -41.8433189392, 12.5533084869, -31.7405567169, 11.062125206, -31.0913276672, -11.8600502014, -11.5067911148, -1.231803298, -11.2090749741],
        "cov": [[2870.44970703, -323.352752686, -368.309204102, 415.950531006, -241.663803101, -29.8130092621, -39.2314567566, 180.801513672, -51.7460975647, -181.325119019, 42.4055328369, -27.9628238678, -26.0704841614], [-323.352752686, 756.913330078, -69.0956954956, -40.6963310242, 244.832931519, -296.43536377, 138.518615723, -76.5791168213, 33.8444824219, -182.615280151, 153.063095093, -61.4495391846, 65.6234130859], [-368.309204102, -69.0956954956, 784.63458252, 59.402923584, -80.7864532471, 147.156845093, -71.274848938, -112.553153992, 64.4167938232, 39.4263458252, -62.611995697, -19.7063751221, -48.4623565674], [415.950531006, -40.6963310242, 59.402923584, 778.229064941, -189.371185303, -274.628143311, 232.17678833, 1.15910458565, 277.925231934, -317.193237305, 66.5949783325, -198.929412842, -20.943441391], [-241.663803101, 244.832931519, -80.7864532471, -189.371185303, 406.464782715, -29.4150047302, -12.8960380554, 49.1469459534, -114.628471375, 38.759765625, 31.5014686584, 33.1316375732, -4.33236646652], [-29.8130092621, -296.43536377, 147.156845093, -274.628143311, -29.4150047302, 430.660858154, -164.087493896, -21.6509151459, -59.7391624451, 163.810775757, -66.2687454224, 84.1078948975, -43.6420249939], [-39.2314567566, 138.518615723, -71.274848938, 232.17678833, -12.8960380554, -164.087493896, 216.381912231, 11.3939571381, 98.3761444092, -124.118240356, 6.17246675491, -83.2562866211, 25.7880744934], [180.801513672, -76.5791168213, -112.553153992, 1.15910458565, 49.1469459534, -21.6509151459, 11.3939571381, 146.71496582, -27.6541194916, -23.7334918976, -10.1444263458, -1.98277294636, 3.25537371635], [-51.7460975647, 33.8444824219, 64.4167938232, 277.925231934, -114.628471375, -59.7391624451, 98.3761444092, -27.6541194916, 226.61050415, -140.507659912, 31.1113357544, -85.5972824097, -13.5780181885], [-181.325119019, -182.615280151, 39.4263458252, -317.193237305, 38.759765625, 163.810775757, -124.118240356, -23.7334918976, -140.507659912, 376.031860352, -107.398658752, 109.718063354, 17.0525131226], [42.4055328369, 153.063095093, -62.611995697, 66.5949783325, 31.5014686584, -66.2687454224, 6.17246675491, -10.1444263458, 31.1113357544, -107.398658752, 180.650741577, -32.4455490112, -17.3727931976], [-27.9628238678, -61.4495391846, -19.7063751221, -198.929412842, 33.1316375732, 84.1078948975, -83.2562866211, -1.98277294636, -85.5972824097, 109.718063354, -32.4455490112, 205.251480103, 5.28852987289], [-26.0704841614, 65.6234130859, -48.4623565674, -20.943441391, -4.33236646652, -43.6420249939, 25.7880744934, 3.25537371635, -13.5780181885, 17.0525131226, -17.3727931976, 5.28852987289, 91.2227706909]],
        "icov": [[0.000716486130841, -0.00113053130917, 0.000533737766091, -0.00171843997668, 0.000982699100859, -0.00105944485404, 0.00116001628339, -0.00136652006768, 0.00152044987772, -0.000286511029117, 0.000504987430759, -0.000269617623417, 0.00055938877631], [-0.00113053130917, 0.0107890004292, -0.00197456078604, 0.0087587274611, -0.00605982868001, 0.00725692836568, -0.00578298792243, 0.00841775815934, -0.00588945858181, 0.00455223256722, -0.00490964436904, 0.00158786133397, -0.00535876629874], [0.000533737766091, -0.00197456078604, 0.00230346992612, -0.0025039750617, 0.00108639581595, -0.00195293570869, 0.00221444782801, -0.000520055240486, 0.00121960439719, -0.000701971293893, 0.00174942635931, -8.12124562799e-005, 0.00138230039738], [-0.00171843997668, 0.0087587274611, -0.0025039750617, 0.0122392727062, -0.00423454120755, 0.00777065102011, -0.00689718918875, 0.00675446167588, -0.00825501792133, 0.00441677728668, -0.00400448963046, 0.00241859885864, -0.00304419407621], [0.000982699100859, -0.00605982868001, 0.00108639581595, -0.00423454120755, 0.00710991537198, -0.0035956481006, 0.00243344530463, -0.00603410741314, 0.00502873910591, -0.00244934554212, 0.00177003350109, -0.000841955188662, 0.00398224312812], [-0.00105944485404, 0.00725692836568, -0.00195293570869, 0.00777065102011, -0.0035956481006, 0.00946415215731, -0.00241684564389, 0.00553603097796, -0.00570758245885, 0.00250196969137, -0.00245485897176, 0.00108756241389, -0.00178184860852], [0.00116001628339, -0.00578298792243, 0.00221444782801, -0.00689718918875, 0.00243344530463, -0.00241684564389, 0.0134577220306, -0.00447771279141, 0.00176134565845, -0.00137000519317, 0.00491265626624, 0.000189496815437, 0.000842163863126], [-0.00136652006768, 0.00841775815934, -0.000520055240486, 0.00675446167588, -0.00603410741314, 0.00553603097796, -0.00447771279141, 0.0155679881573, -0.00401658983901, 0.0045274742879, -0.0020980827976, 0.00154704751913, -0.00403286376968], [0.00152044987772, -0.00588945858181, 0.00121960439719, -0.00825501792133, 0.00502873910591, -0.00570758245885, 0.00176134565845, -0.00401658983901, 0.0143124563619, -0.00100507878233, 0.00200873590074, -0.000498570327181, 0.00330728082918], [-0.000286511029117, 0.00455223256722, -0.000701971293893, 0.00441677728668, -0.00244934554212, 0.00250196969137, -0.00137000519317, 0.0045274742879, -0.00100507878233, 0.0073002371937, 0.000254122511251, 0.000188320045709, -0.00288594537415], [0.000504987430759, -0.00490964436904, 0.00174942635931, -0.00400448963046, 0.00177003350109, -0.00245485897176, 0.00491265626624, -0.0020980827976, 0.00200873590074, 0.000254122511251, 0.0102729620412, -0.000185980388778, 0.00350062549114], [-0.000269617623417, 0.00158786133397, -8.12124562799e-005, 0.00241859885864, -0.000841955188662, 0.00108756241389, 0.000189496815437, 0.00154704751913, -0.000498570327181, 0.000188320045709, -0.000185980388778, 0.00711410585791, -0.0008929152973], [0.00055938877631, -0.00535876629874, 0.00138230039738, -0.00304419407621, 0.00398224312812, -0.00178184860852, 0.000842163863126, -0.00403286376968, 0.00330728082918, -0.00288594537415, 0.00350062549114, -0.0008929152973, 0.0160051509738]]
    },
    "melbands": {
        "mean": [0.00264175841585, 0.00309624499641, 0.00525587890297, 0.00135031482205, 0.000119756703498, 0.000227994401939, 5.88498114666e-005, 2.22968119488e-005, 1.27482126118e-005, 1.21684106489e-005, 1.69853647094e-005, 7.19882882549e-006, 5.82209895583e-006, 4.65167750008e-006, 3.54165695171e-006, 2.73919181382e-006, 1.29808768179e-006, 8.25638210245e-007, 7.01546525761e-007, 5.33654031187e-007, 1.05476897261e-006, 1.65786843809e-006, 8.25975530461e-006, 6.71987254464e-006, 5.60153512197e-006, 2.11331985156e-006, 1.02601131857e-006, 6.63820912905e-007, 5.43741180081e-007, 5.19865466231e-007, 2.44821308115e-007, 8.35113496578e-007, 3.12356718268e-007, 2.98000372823e-007, 1.95693331762e-007, 2.20879627477e-007, 3.82104843766e-007, 1.56621496217e-007, 4.90423843758e-008, 5.08204074379e-008],
        "var": [1.11646240839e-005, 1.03097681858e-005, 5.25198520336e-005, 1.62406638538e-006, 3.58034029091e-008, 1.9259829287e-007, 5.54711654388e-009, 8.44543546208e-009, 5.44547962278e-010, 2.9406416191e-010, 1.72785119545e-009, 1.75436443151e-010, 5.89467433199e-011, 3.57350746216e-011, 2.21940139877e-011, 1.49359812712e-011, 6.36687187347e-012, 5.53293305269e-012, 1.70188841318e-012, 1.79503829335e-012, 7.11575590118e-012, 1.9642502902e-011, 6.49679032794e-010, 5.59096990926e-010, 5.48229961428e-010, 3.46182041366e-011, 8.28647220286e-012, 4.26567028228e-012, 1.49028890357e-012, 3.248088647e-012, 5.94378929755e-013, 5.07649217801e-012, 1.40780497069e-012, 1.54643583095e-012, 5.83064466934e-013, 9.0282599105e-013, 1.38894570758e-012, 1.81379041018e-013, 4.56806257588e-014, 1.79732835873e-014]
    },
    "mfcc": {
        "mean": [-764.341552734, 165.415817261, 43.3472671509, 52.4274902344, 19.9280548096, 9.19718074799, 13.0957641602, 18.4526748657, -4.71480512619, -9.16610622406, 5.42676210403, -1.38783586025, -9.32451152802],
        "cov": [[3027.87695313, -874.243408203, -179.435058594, 361.612335205, -188.228912354, -275.081268311, 17.0227928162, 239.858581543, -95.679107666, 208.596328735, -256.804199219, 48.11277771, 22.1583080292], [-874.243408203, 1155.75927734, -451.494110107, -150.517913818, 135.071685791, 9.3418712616, 98.010848999, -75.446762085, -73.6594924927, -237.293579102, 75.8830566406, -56.5325546265, 62.8151893616], [-179.435058594, -451.494110107, 1032.61633301, 134.378829956, -8.3982334137, 107.2215271, -119.496459961, 14.5406913757, 40.3616333008, 144.374069214, -24.1818904877, 28.7031860352, -101.083648682], [361.612335205, -150.517913818, 134.378829956, 684.289794922, -89.9275283813, -256.257019043, 41.1874656677, 96.2471923828, 66.4772415161, 109.083763123, -86.311088562, -9.12332820892, -81.3214492798], [-188.228912354, 135.071685791, -8.3982334137, -89.9275283813, 227.857711792, 49.0001449585, 30.9169578552, 22.2058334351, -50.8916168213, -30.3313846588, 50.7278823853, 5.97342014313, 1.40734565258], [-275.081268311, 9.3418712616, 107.2215271, -256.257019043, 49.0001449585, 287.654083252, -45.7457885742, -81.9940338135, 11.0210771561, -53.6345977783, 84.6856994629, 1.28024840355, 37.8894538879], [17.0227928162, 98.010848999, -119.496459961, 41.1874656677, 30.9169578552, -45.7457885742, 137.943405151, 19.4171638489, -24.8263397217, 14.4731645584, -5.78852796555, -21.9955196381, -1.91147959232], [239.858581543, -75.446762085, 14.5406913757, 96.2471923828, 22.2058334351, -81.9940338135, 19.4171638489, 209.207168579, -9.35941123962, -3.0235645771, -26.5375976563, 39.2965316772, -56.3019866943], [-95.679107666, -73.6594924927, 40.3616333008, 66.4772415161, -50.8916168213, 11.0210771561, -24.8263397217, -9.35941123962, 187.025878906, 34.0036506653, -3.59108829498, -7.86977624893, -19.2453250885], [208.596328735, -237.293579102, 144.374069214, 109.083763123, -30.3313846588, -53.6345977783, 14.4731645584, -3.0235645771, 34.0036506653, 257.412780762, -95.7192459106, -10.493429184, -1.10222613811], [-256.804199219, 75.8830566406, -24.1818904877, -86.311088562, 50.7278823853, 84.6856994629, -5.78852796555, -26.5375976563, -3.59108829498, -95.7192459106, 205.755340576, -13.8780555725, -29.6117362976], [48.11277771, -56.5325546265, 28.7031860352, -9.12332820892, 5.97342014313, 1.28024840355, -21.9955196381, 39.2965316772, -7.86977624893, -10.493429184, -13.8780555725, 104.81565094, -16.9966983795], [22.1583080292, 62.8151893616, -101.083648682, -81.3214492798, 1.40734565258, 37.8894538879, -1.91147959232, -56.3019866943, -19.2453250885, -1.10222613811, -29.6117362976, -16.9966983795, 145.259796143]],
        "icov": [[0.000650970381685, 0.000571746903006, 0.000381115678465, -0.000241654881393, 0.0001990544406, -4.49937215308e-005, 7.54299107939e-005, -0.000505893782247, 0.000599241349846, -2.2421221729e-005, 0.000429608742706, 0.000143082957948, -0.000218358196435], [0.000571746903006, 0.0019562933594, 0.000665056577418, -0.000201373550226, -0.000602808082476, 0.000176812085556, -0.000570928677917, 0.000223389055463, 0.00053712236695, 0.00125818199012, 0.000675864110235, 0.000636690005194, -0.000251339457463], [0.000381115678465, 0.000665056577418, 0.00188884872478, -0.00075956818182, -0.000242439957219, -0.00134351523593, 0.00126985786483, -0.000254103826592, 0.000741044641472, -0.00066955195507, 0.000619515019935, 0.000235109735513, 0.00106136500835], [-0.000241654881393, -0.000201373550226, -0.00075956818182, 0.00285827671178, 0.00039147757343, 0.00244321301579, -0.000767848279793, -0.000110604421934, -0.00114224513527, -0.000118045958516, -0.000270802062005, 0.000205433098017, 0.000318085978506], [0.0001990544406, -0.000602808082476, -0.000242439957219, 0.00039147757343, 0.0059982878156, -0.000792964769062, -0.00112914142665, -0.00155260774773, 0.00129710813053, -0.000802964088507, -0.00120954960585, -0.000499117362779, -0.000326368957758], [-4.49937215308e-005, 0.000176812085556, -0.00134351523593, 0.00244321301579, -0.000792964769062, 0.00767769338563, -5.48494172108e-005, 0.00152542989235, -0.00152674817946, 0.000913265510462, -0.00189985334873, -0.000482624745928, -0.00168027344625], [7.54299107939e-005, -0.000570928677917, 0.00126985786483, -0.000767848279793, -0.00112914142665, -5.48494172108e-005, 0.0100661385804, -0.0009387684986, 0.00128689571284, -0.00177180150058, 4.1284791223e-005, 0.00183693692088, 0.000863439810928], [-0.000505893782247, 0.000223389055463, -0.000254103826592, -0.000110604421934, -0.00155260774773, 0.00152542989235, -0.0009387684986, 0.00736166024581, -0.00044164666906, 0.00130978261586, 0.000653443683404, -0.00195663003251, 0.00205565243959], [0.000599241349846, 0.00053712236695, 0.000741044641472, -0.00114224513527, 0.00129710813053, -0.00152674817946, 0.00128689571284, -0.00044164666906, 0.00699702557176, -0.000946871587075, 0.00029616986285, 0.000699599913787, 0.000846033566631], [-2.2421221729e-005, 0.00125818199012, -0.00066955195507, -0.000118045958516, -0.000802964088507, 0.000913265510462, -0.00177180150058, 0.00130978261586, -0.000946871587075, 0.00678385794163, 0.00248269271106, 0.00092535832664, -0.000278354098555], [0.000429608742706, 0.000675864110235, 0.000619515019935, -0.000270802062005, -0.00120954960585, -0.00189985334873, 4.1284791223e-005, 0.000653443683404, 0.00029616986285, 0.00248269271106, 0.00790178589523, 0.00155784550589, 0.00253396225162], [0.000143082957948, 0.000636690005194, 0.000235109735513, 0.000205433098017, -0.000499117362779, -0.000482624745928, 0.00183693692088, -0.00195663003251, 0.000699599913787, 0.00092535832664, 0.00155784550589, 0.0114608528093, 0.00113628595136], [-0.000218358196435, -0.000251339457463, 0.00106136500835, 0.000318085978506, -0.000326368957758, -0.00168027344625, 0.000863439810928, 0.00205565243959, 0.000846033566631, -0.000278354098555, 0.00253396225162, 0.00113628595136, 0.00995193142444]]
    },
    "spectral_contrast_coeffs": {
        "mean": [-0.575273275375, -0.712050974369, -0.776245832443, -0.797738909721, -0.743855655193, -0.777602553368],
        "var": [0.00662862788886, 0.00545756472275, 0.00289415754378, 0.00179464451503, 0.0052332081832, 0.00210917950608]
    },
    "spectral_contrast_valleys": {
        "mean": [-7.03350639343, -7.74115562439, -8.60524559021, -9.55777835846, -9.59564590454, -11.7260599136],
        "var": [0.503427147865, 0.463117480278, 0.668135046959, 0.763709485531, 0.829864084721, 0.97606164217]
    }
},
"metadata": {
    "audio_properties": {
        "analysis_sample_rate": 44100,
        "bit_rate": 128074,
        "equal_loudness": 0,
        "length": 45.0612258911,
        "lossless": 0,
        "replay_gain": -5.28311157227,
        "sample_rate": 44100,
        "codec": "mp3",
        "downmix": "mix",
        "md5_encoded": "262f88ac3ce155d4aa7f7b7b6511879f"
    },
    "tags": {
        "file_name": "1361.mp3"
    },
    "version": {
        "essentia": "2.1-beta2",
        "essentia_git_sha": "v2.1_beta2",
        "extractor": "music 1.0"
    }
},
"rhythm": {
    "beats_count": 90,
    "beats_loudness": {
        "mean": 0.0488347634673,
        "var": 0.00411259895191
    },
    "bpm": 120.601516724,
    "bpm_histogram_first_peak_bpm": {
        "mean": 120,
        "var": 0
    },
    "bpm_histogram_first_peak_spread": {
        "mean": 0.446153849363,
        "var": 0
    },
    "bpm_histogram_first_peak_weight": {
        "mean": 0.40449437499,
        "var": 0
    },
    "bpm_histogram_second_peak_bpm": {
        "mean": 129,
        "var": 0
    },
    "bpm_histogram_second_peak_spread": {
        "mean": 0.470588207245,
        "var": 0
    },
    "bpm_histogram_second_peak_weight": {
        "mean": 0.101123593748,
        "var": 0
    },
    "danceability": 0.954306960106,
    "onset_rate": 2.4400229454,
    "beats_loudness_band_ratio": {
        "mean": [0.884385108948, 0.164315059781, 0.0243486370891, 0.0111724082381, 0.00915190950036, 0.00818884558976],
        "var": [0.00911292806268, 0.0135347191244, 0.00223548221402, 0.000247053452767, 0.000215692314669, 9.67727246461e-005]
    },
    "beats_position": [0.522448956966, 1.06811785698, 1.60217678547, 2.14784574509, 2.69351458549, 3.20435357094, 3.7151927948, 4.22603178024, 4.72526073456, 5.22448968887, 5.73532867432, 6.24616765976, 6.73378658295, 7.22140598297, 7.70902490616, 8.20825386047, 8.70748329163, 9.2067117691, 9.70594120026, 10.1935596466, 10.6927890778, 11.1920175552, 11.7028570175, 12.1904764175, 12.689704895, 13.1889343262, 13.6765527725, 14.1409521103, 14.6285715103, 15.0929698944, 15.5573692322, 16.0101585388, 16.4629478455, 16.9273471832, 17.391746521, 17.8561439514, 18.3205432892, 18.784942627, 19.2493419647, 19.7369613647, 20.1897506714, 20.6657600403, 21.153377533, 21.640996933, 22.128616333, 22.6046257019, 23.1038551331, 23.6030826569, 24.102312088, 24.6015415192, 25.1007709503, 25.5883903503, 26.0876178741, 26.5868473053, 27.1092967987, 27.6317462921, 28.1541938782, 28.6302032471, 29.1178226471, 29.6054420471, 30.081451416, 30.5574588776, 31.0450782776, 31.5559177399, 32.0667572021, 32.5775947571, 33.0652160645, 33.5644454956, 34.0636711121, 34.5745124817, 35.0737419128, 35.572971344, 36.0605888367, 36.5482063293, 37.0474357605, 37.5466651917, 38.0458946228, 38.545124054, 39.0443534851, 39.5435829163, 40.0428123474, 40.5420417786, 41.041267395, 41.5288887024, 42.0281181335, 42.5273475647, 43.0265769958, 43.5258026123, 44.0250320435, 44.5242614746]
},
"tonal": {
    "chords_changes_rate": 0.0236625522375,
    "chords_number_rate": 0.00308641977608,
    "chords_strength": {
        "mean": 0.466303318739,
        "var": 0.0100427102298
    },
    "hpcp_entropy": {
        "mean": 1.86876535416,
        "var": 0.304769337177
    },
    "key_strength": 0.580623805523,
    "tuning_diatonic_strength": 0.489460140467,
    "tuning_equal_tempered_deviation": 0.0324888005853,
    "tuning_frequency": 436.456176758,
    "tuning_nontempered_energy_ratio": 0.614200234413,
    "hpcp": {
        "mean": [0.0050666583702, 0.00570141198114, 0.0114154014736, 0.0228554494679, 0.0188352204859, 0.00632402393967, 0.0023993474897, 0.0015256293118, 0.00556982122362, 0.0164108816534, 0.0177099183202, 0.0133044235408, 0.0130681591108, 0.012679326348, 0.0248026121408, 0.0431468598545, 0.06780513376, 0.499439924955, 0.8510196805, 0.423401206732, 0.0451851710677, 0.0274328477681, 0.0278496984392, 0.073990829289, 0.100312627852, 0.0484807603061, 0.0132013903931, 0.0133314309642, 0.0197493247688, 0.191400557756, 0.302879273891, 0.130103707314, 0.00601893151179, 0.00256171799265, 0.00237662927248, 0.00317404861562],
        "var": [0.000740472634789, 0.000931504298933, 0.00156399386469, 0.00197189860046, 0.000936740776524, 0.000192062332644, 0.000100354707683, 5.02218717884e-005, 0.00074639468221, 0.00691147102043, 0.00891186762601, 0.00704993726686, 0.00776176946238, 0.00716157257557, 0.00955502782017, 0.0158629957587, 0.020678896457, 0.0465748012066, 0.0874366983771, 0.0396196134388, 0.0209120698273, 0.0169455036521, 0.0131918592378, 0.0403279587626, 0.0652530789375, 0.0170618891716, 0.00665224017575, 0.00888506043702, 0.00468058977276, 0.0491337887943, 0.107804201543, 0.0219203457236, 0.00086744595319, 0.000385812949389, 0.000272201374173, 0.000236848834902]
    },
    "chords_histogram": [0, 66.0493850708, 27.7777786255, 0, 5.45267486572, 0.720164597034, 0, 0, 0, 0, 0, 0, 0, 0, 0, 0, 0, 0, 0, 0, 0, 0, 0, 0],
    "thpcp": [1, 0.497522234917, 0.0530953295529, 0.0322352685034, 0.0327250920236, 0.0869437381625, 0.117873452604, 0.0569678470492, 0.015512438491, 0.0156652443111, 0.023206660524, 0.224907323718, 0.35590159893, 0.152879789472, 0.00707261124626, 0.0030101747252, 0.00279268436134, 0.00372970057651, 0.00595363229513, 0.00669950665906, 0.0134137924761, 0.0268565472215, 0.0221325326711, 0.00743111362681, 0.00281937955879, 0.00179270748049, 0.00654487963766, 0.0192837864161, 0.0208102334291, 0.015633508563, 0.0153558831662, 0.0148989809677, 0.0291445814073, 0.0507001914084, 0.079675167799, 0.586872339249],
    "chords_key": "C",
    "chords_scale": "minor",
    "key_key": "G#",
    "key_scale": "major"
}
}