{
"lowlevel": {
    "average_loudness": 0.951228737831,
    "barkbands_crest": {
        "mean": 11.7076654434,
        "var": 19.7806606293
    },
    "barkbands_flatness_db": {
        "mean": 0.258059471846,
        "var": 0.0169345252216
    },
    "barkbands_kurtosis": {
        "mean": 12.0923728943,
        "var": 596.274658203
    },
    "barkbands_skewness": {
        "mean": 2.22230100632,
        "var": 3.27803134918
    },
    "barkbands_spread": {
        "mean": 14.4657592773,
        "var": 241.951248169
    },
    "dissonance": {
        "mean": 0.456614494324,
        "var": 0.00182670890354
    },
    "dynamic_complexity": 2.69724225998,
    "erbbands_crest": {
        "mean": 9.73423194885,
        "var": 23.7619380951
    },
    "erbbands_flatness_db": {
        "mean": 0.231448963284,
        "var": 0.00509597407654
    },
    "erbbands_kurtosis": {
        "mean": 1.55172812939,
        "var": 78.8453903198
    },
    "erbbands_skewness": {
        "mean": 0.312737286091,
        "var": 1.25726497173
    },
    "erbbands_spread": {
        "mean": 32.5167198181,
        "var": 309.413269043
    },
    "hfc": {
        "mean": 14.6019191742,
        "var": 290.801574707
    },
    "melbands_crest": {
        "mean": 17.4041976929,
        "var": 41.0293617249
    },
    "melbands_flatness_db": {
        "mean": 0.349128365517,
        "var": 0.027399033308
    },
    "melbands_kurtosis": {
        "mean": 26.5685424805,
        "var": 1973.5715332
    },
    "melbands_skewness": {
        "mean": 3.44060945511,
        "var": 5.20952701569
    },
    "melbands_spread": {
        "mean": 15.8612394333,
        "var": 425.871612549
    },
    "pitch_salience": {
        "mean": 0.549796104431,
        "var": 0.0187395475805
    },
    "silence_rate_20dB": {
        "mean": 1,
        "var": 0
    },
    "silence_rate_30dB": {
        "mean": 0.966529369354,
        "var": 0.032350808382
    },
    "silence_rate_60dB": {
        "mean": 0.0602471679449,
        "var": 0.056618899107
    },
    "spectral_centroid": {
        "mean": 963.29284668,
        "var": 711332.6875
    },
    "spectral_complexity": {
        "mean": 15.6132850647,
        "var": 168.403427124
    },
    "spectral_decrease": {
        "mean": -1.06656274923e-008,
        "var": 7.30924648695e-017
    },
    "spectral_energy": {
        "mean": 0.0415790192783,
        "var": 0.00106539810076
    },
    "spectral_energyband_high": {
        "mean": 0.000692258705385,
        "var": 2.94285678137e-006
    },
    "spectral_energyband_low": {
        "mean": 0.0282638501376,
        "var": 0.000798414752353
    },
    "spectral_energyband_middle_high": {
        "mean": 0.00289448047988,
        "var": 1.48616127262e-005
    },
    "spectral_energyband_middle_low": {
        "mean": 0.0120635312051,
        "var": 0.000217930035433
    },
    "spectral_entropy": {
        "mean": 6.88785266876,
        "var": 0.811618804932
    },
    "spectral_flux": {
        "mean": 0.120740830898,
        "var": 0.00456994352862
    },
    "spectral_kurtosis": {
        "mean": 22.3650398254,
        "var": 1993.53564453
    },
    "spectral_rms": {
        "mean": 0.00580756831914,
        "var": 6.83703092363e-006
    },
    "spectral_rolloff": {
        "mean": 945.50958252,
        "var": 1695871.25
    },
    "spectral_skewness": {
        "mean": 2.53312349319,
        "var": 6.02776002884
    },
    "spectral_spread": {
        "mean": 2550760.5,
        "var": 2.35200787251e+012
    },
    "spectral_strongpeak": {
        "mean": 0.516085863113,
        "var": 0.256224960089
    },
    "zerocrossingrate": {
        "mean": 0.0338543355465,
        "var": 0.001167386421
    },
    "barkbands": {
        "mean": [0.0016955708852, 0.0124549260363, 0.011826666072, 0.00383667624556, 0.00559121044353, 0.000978866708465, 0.000602418091148, 0.000325278611854, 0.000638760742731, 0.000391292036511, 0.000147696468048, 0.000238562832237, 0.00045882750419, 0.00028170942096, 0.000133783134515, 0.000287686707452, 0.000402954407036, 0.000279865256744, 0.000199877045816, 0.000245995732257, 0.000327359972289, 0.000119678210467, 9.02352621779e-005, 1.44797695611e-005, 6.09366588833e-006, 2.38379880102e-006, 1.58405455863e-007],
        "var": [5.61608931093e-006, 0.00026307720691, 0.000246338546276, 3.74648479919e-005, 8.30111384857e-005, 1.99703254111e-006, 6.09411813457e-007, 1.86079532227e-007, 8.52582388688e-007, 3.48641208348e-007, 9.39710815828e-008, 1.25402962681e-007, 8.55042856074e-007, 2.033078772e-007, 5.82854973175e-008, 2.79099708678e-007, 9.40947302297e-007, 4.09554701264e-007, 1.97384437683e-007, 2.95188499422e-007, 8.0938997371e-007, 9.61190593785e-008, 7.38496268582e-008, 1.25557830799e-009, 2.48725012808e-010, 4.07907388422e-011, 2.39149303659e-013]
    },
    "erbbands": {
        "mean": [0.429860293865, 2.62474274635, 11.5825824738, 15.2133951187, 14.5037069321, 21.4014663696, 10.2679748535, 8.91014003754, 8.31698131561, 8.40939807892, 8.74487876892, 14.8869743347, 10.7610225677, 13.290312767, 7.0078830719, 9.54178142548, 23.3654193878, 15.2648878098, 8.96221065521, 8.76811885834, 21.1884098053, 20.2955417633, 16.8910446167, 10.6539621353, 10.5837984085, 10.7764062881, 13.6858778, 10.9607410431, 4.4463558197, 3.95465040207, 2.42968416214, 0.522524178028, 0.163256987929, 0.0794977918267, 0.0365995801985, 0.0129026295617, 0.00425427453592, 0.000704528822098, 3.82074504159e-005, 4.75932502013e-005],
        "var": [0.328554302454, 13.5878334045, 249.532180786, 420.178985596, 599.537597656, 1293.95629883, 367.051330566, 155.020858765, 126.041671753, 129.959899902, 130.665283203, 603.851318359, 238.953826904, 650.530822754, 97.7660140991, 152.495376587, 2454.26806641, 520.381591797, 208.43888855, 221.868927002, 1794.99365234, 2216.56762695, 1495.46264648, 629.990600586, 508.548339844, 524.333557129, 1066.18505859, 1155.23754883, 115.912246704, 136.450210571, 60.2806854248, 1.73841178417, 0.163580611348, 0.0408716276288, 0.00909768231213, 0.00117426738143, 0.000130431420985, 4.06338995163e-006, 3.2283871132e-009, 1.28368815577e-009]
    },
    "gfcc": {
        "mean": [-89.3168716431, 170.999206543, -118.891716003, 38.9543151855, -27.2412967682, -2.7001080513, -12.9903268814, -6.7781791687, -13.8815574646, -6.93351173401, -9.45382022858, -13.3580341339, -4.13654184341],
        "cov": [[12121.4042969, -3950.14526367, -2084.98291016, 1815.6673584, -1718.86120605, 369.489532471, -913.135070801, 158.956268311, -540.114929199, 190.330947876, -665.082885742, 361.168609619, -317.153411865], [-3950.14526367, 3315.44946289, 1091.95117188, -1019.32128906, 1172.30834961, -385.54864502, 612.271911621, -170.513778687, 208.495162964, -162.875457764, 468.300842285, -395.711486816, 345.072540283], [-2084.98291016, 1091.95117188, 2248.74951172, -24.1748924255, 577.785461426, 66.2304458618, 193.940612793, -13.6073970795, 161.519287109, -113.259002686, 18.8141231537, -19.7545757294, 54.2662239075], [1815.6673584, -1019.32128906, -24.1748924255, 751.166320801, -319.40057373, 146.481521606, -116.347412109, 43.8147964478, 8.7117395401, 16.118314743, -171.967300415, 105.471763611, -91.1953964233], [-1718.86120605, 1172.30834961, 577.785461426, -319.40057373, 702.155456543, -26.7323932648, 321.922698975, 8.09872627258, 110.728012085, -38.2192955017, 187.95741272, -113.58896637, 100.36164856], [369.489532471, -385.54864502, 66.2304458618, 146.481521606, -26.7323932648, 240.096954346, 1.6541492939, 17.6058368683, 0.933687746525, 24.293170929, -18.5132312775, 54.1887397766, -70.2159423828], [-913.135070801, 612.271911621, 193.940612793, -116.347412109, 321.922698975, 1.6541492939, 358.755767822, 64.7047271729, 109.098304749, -28.502658844, 91.2343139648, -125.739059448, 47.2777137756], [158.956268311, -170.513778687, -13.6073970795, 43.8147964478, 8.09872627258, 17.6058368683, 64.7047271729, 160.401077271, 40.0488510132, 17.4672012329, -55.4487724304, 4.61071109772, -20.461856842], [-540.114929199, 208.495162964, 161.519287109, 8.7117395401, 110.728012085, 0.933687746525, 109.098304749, 40.0488510132, 150.298370361, -1.83959984779, 19.6048488617, -13.9915065765, 20.5520191193], [190.330947876, -162.875457764, -113.259002686, 16.118314743, -38.2192955017, 24.293170929, -28.502658844, 17.4672012329, -1.83959984779, 118.153564453, 37.0465087891, 12.5638074875, 2.21563243866], [-665.082885742, 468.300842285, 18.8141231537, -171.967300415, 187.95741272, -18.5132312775, 91.2343139648, -55.4487724304, 19.6048488617, 37.0465087891, 181.318054199, -42.0317649841, 68.1836547852], [361.168609619, -395.711486816, -19.7545757294, 105.471763611, -113.58896637, 54.1887397766, -125.739059448, 4.61071109772, -13.9915065765, 12.5638074875, -42.0317649841, 183.856338501, -27.8065547943], [-317.153411865, 345.072540283, 54.2662239075, -91.1953964233, 100.36164856, -70.2159423828, 47.2777137756, -20.461856842, 20.5520191193, 2.21563243866, 68.1836547852, -27.8065547943, 108.522224426]],
        "icov": [[0.000318669452099, -0.000646123487968, 0.000347647437593, -0.000958625751082, 0.000407845480368, -0.000757398782298, 0.000460777548142, -0.000734664325137, 0.00114250159822, -0.000664155289996, 0.000895855599083, -0.000289511342999, -3.99366945203e-005], [-0.000646123487968, 0.00585556169972, -0.00175011949614, 0.00428651832044, -0.00338727654889, 0.00510144373402, -0.00245101680048, 0.00443308940157, -0.0042976802215, 0.004712886177, -0.00525891315192, 0.00357317575254, -0.00275587826036], [0.000347647437593, -0.00175011949614, 0.00131173373666, -0.00170578912366, 0.000197440909687, -0.00192906067241, 0.00113272329327, -0.0011264977511, 0.00123096851166, -0.00123666913714, 0.00248289527372, -0.00104253471363, 0.000319958780892], [-0.000958625751082, 0.00428651832044, -0.00170578912366, 0.00633198162541, -0.00166985124815, 0.00304850982502, -0.00261565926485, 0.0041316729039, -0.00510203139856, 0.00316387903877, -0.00279643805698, 0.00197619199753, -0.00165735848714], [0.000407845480368, -0.00338727654889, 0.000197440909687, -0.00166985124815, 0.00638185301796, -0.00314659369178, -0.000788977253251, -0.00331016955897, 0.00241375458427, -0.00173462042585, 0.000265881506493, -0.00216976832598, 0.00109762104694], [-0.000757398782298, 0.00510144373402, -0.00192906067241, 0.00304850982502, -0.00314659369178, 0.0112759890035, -0.00367953628302, 0.00431522587314, -0.00353032071143, 0.00283085228875, -0.00614401139319, 0.00112688262016, 0.00247379089706], [0.000460777548142, -0.00245101680048, 0.00113272329327, -0.00261565926485, -0.000788977253251, -0.00367953628302, 0.00974197406322, -0.00585818523541, -0.000655709416606, 0.000888749491423, -0.000496903841849, 0.00269743031822, 0.000485416065203], [-0.000734664325137, 0.00443308940157, -0.0011264977511, 0.0041316729039, -0.00331016955897, 0.00431522587314, -0.00585818523541, 0.0145791405812, -0.00510955788195, -0.000853478733916, 0.00266755698249, 0.000852838624269, -0.00152591150254], [0.00114250159822, -0.0042976802215, 0.00123096851166, -0.00510203139856, 0.00241375458427, -0.00353032071143, -0.000655709416606, -0.00510955788195, 0.0147249531001, -0.00460630375892, 0.00457592634484, -0.00368254631758, 0.000394114409573], [-0.000664155289996, 0.004712886177, -0.00123666913714, 0.00316387903877, -0.00173462042585, 0.00283085228875, 0.000888749491423, -0.000853478733916, -0.00460630375892, 0.0167264696211, -0.0113331750035, 0.00381648680195, -0.00213263067417], [0.000895855599083, -0.00525891315192, 0.00248289527372, -0.00279643805698, 0.000265881506493, -0.00614401139319, -0.000496903841849, 0.00266755698249, 0.00457592634484, -0.0113331750035, 0.0216648764908, -0.00402197940275, -0.00303078861907], [-0.000289511342999, 0.00357317575254, -0.00104253471363, 0.00197619199753, -0.00216976832598, 0.00112688262016, 0.00269743031822, 0.000852838624269, -0.00368254631758, 0.00381648680195, -0.00402197940275, 0.0107804453, -0.00239576026797], [-3.99366945203e-005, -0.00275587826036, 0.000319958780892, -0.00165735848714, 0.00109762104694, 0.00247379089706, 0.000485416065203, -0.00152591150254, 0.000394114409573, -0.00213263067417, -0.00303078861907, -0.00239576026797, 0.0176538154483]]
    },
    "melbands": {
        "mean": [0.0036462880671, 0.00526694115251, 0.00261373235844, 0.00136084761471, 0.000484753196361, 0.000193181651412, 0.000125837585074, 8.35866012494e-005, 7.89692421677e-005, 9.29696980165e-005, 5.16737200087e-005, 5.50833538e-005, 2.11458100239e-005, 2.39799937845e-005, 3.95708302676e-005, 4.47659076599e-005, 2.68379262707e-005, 1.52682841872e-005, 1.00873012343e-005, 1.46979909914e-005, 2.78307634289e-005, 2.32408256124e-005, 1.64703560586e-005, 1.22788233057e-005, 8.04697538115e-006, 7.89501700638e-006, 7.70097358327e-006, 6.80665425534e-006, 9.23178595258e-006, 8.36951858219e-006, 5.05147727381e-006, 2.34668846133e-006, 2.43084718932e-006, 2.10607822737e-006, 1.67488065017e-006, 5.00273017678e-007, 2.29961216291e-007, 1.09798627079e-007, 8.51161843229e-008, 5.92038773561e-008],
        "var": [2.24145060201e-005, 4.44753932243e-005, 1.21380599012e-005, 4.97768314744e-006, 7.91846446191e-007, 7.2154577424e-008, 2.63378527876e-008, 1.23870922408e-008, 1.16125642435e-008, 2.41264785927e-008, 5.82562265095e-009, 1.0733795186e-008, 9.61936419408e-010, 1.37109379406e-009, 3.79874220968e-009, 8.75788774835e-009, 1.95527327662e-009, 6.34034102998e-010, 3.31345006988e-010, 7.48553607988e-010, 3.38051475701e-009, 3.2777671688e-009, 1.44754053188e-009, 8.94326446232e-010, 3.80946718614e-010, 3.0332941714e-010, 3.77229913973e-010, 2.0085418051e-010, 4.84504159015e-010, 7.45518535794e-010, 2.10573850024e-010, 3.1223294783e-011, 4.86422777057e-011, 4.00733057848e-011, 3.13859667422e-011, 1.85712079395e-012, 3.17743308878e-013, 7.76713694989e-014, 4.8332719798e-014, 2.29815827284e-014]
    },
    "mfcc": {
        "mean": [-723.743164063, 183.119674683, -8.65280342102, 43.5143203735, 8.57707309723, 13.9095077515, 9.15278148651, 3.13352751732, 3.29196310043, 5.04604578018, -2.52537679672, 2.94540882111, -1.94135332108],
        "cov": [[11618.9619141, -3703.79614258, -2048.57568359, 926.105895996, -1143.81799316, 94.4526901245, -800.352478027, -88.9673995972, -187.127075195, -208.439865112, -278.815856934, -178.019577026, -345.031677246], [-3703.79614258, 3405.99438477, 433.635070801, -305.920318604, 585.972717285, -156.24597168, 635.682128906, -165.149291992, 99.12109375, 128.3465271, -2.90368819237, 39.4551582336, 187.490539551], [-2048.57568359, 433.635070801, 1568.48693848, 153.239501953, 404.281036377, 179.046524048, 7.13269233704, 207.394546509, 100.033828735, 2.22418999672, 42.8693466187, -39.2928390503, 14.0663433075], [926.105895996, -305.920318604, 153.239501953, 492.653106689, -13.5597839355, 93.2432556152, -65.8203277588, 62.7527313232, 82.0160522461, 25.258644104, -14.0163202286, -27.2990989685, -35.910358429], [-1143.81799316, 585.972717285, 404.281036377, -13.5597839355, 337.259094238, 63.405254364, 142.514907837, 46.6330413818, 55.6237411499, -2.66407108307, 28.324010849, 45.6683578491, 80.0901565552], [94.4526901245, -156.24597168, 179.046524048, 93.2432556152, 63.405254364, 228.78843689, 11.3576345444, 66.636505127, -14.0678319931, -13.5301980972, 25.5434684753, 39.4834938049, 17.108247757], [-800.352478027, 635.682128906, 7.13269233704, -65.8203277588, 142.514907837, 11.3576345444, 304.501098633, 2.2775683403, 38.3202133179, 80.110824585, 46.7803001404, 35.098777771, 43.2829742432], [-88.9673995972, -165.149291992, 207.394546509, 62.7527313232, 46.6330413818, 66.636505127, 2.2775683403, 224.17930603, 80.856300354, 17.9245738983, 53.2474861145, -1.89609611034, -17.9123821259], [-187.127075195, 99.12109375, 100.033828735, 82.0160522461, 55.6237411499, -14.0678319931, 38.3202133179, 80.856300354, 149.977233887, 81.2172470093, 20.4809741974, -1.84144818783, 7.32890558243], [-208.439865112, 128.3465271, 2.22418999672, 25.258644104, -2.66407108307, -13.5301980972, 80.110824585, 17.9245738983, 81.2172470093, 168.027816772, 56.0724067688, -12.9703931808, -27.5712203979], [-278.815856934, -2.90368819237, 42.8693466187, -14.0163202286, 28.324010849, 25.5434684753, 46.7803001404, 53.2474861145, 20.4809741974, 56.0724067688, 114.869758606, 22.0270004272, -16.4740447998], [-178.019577026, 39.4551582336, -39.2928390503, -27.2990989685, 45.6683578491, 39.4834938049, 35.098777771, -1.89609611034, -1.84144818783, -12.9703931808, 22.0270004272, 94.3316192627, 66.039894104], [-345.031677246, 187.490539551, 14.0663433075, -35.910358429, 80.0901565552, 17.108247757, 43.2829742432, -17.9123821259, 7.32890558243, -27.5712203979, -16.4740447998, 66.039894104, 120.668251038]],
        "icov": [[0.000268980220426, 0.000127930019516, 0.000349985028151, -0.00043820834253, 0.000115949136671, -0.000227661526878, 0.000129308813484, -6.18413978373e-005, 6.20703940513e-005, 0.000121655015391, 0.000399788579671, 0.000199692847673, 0.000268201634753], [0.000127930019516, 0.00084435637109, 1.65412693605e-005, -1.36944763653e-005, -0.000782541465014, 0.000469880760647, -0.00115845398977, 0.000596446334384, -9.37583245104e-005, -0.000100896853837, 0.000536558916792, 0.000539801840205, -0.000234834718867], [0.000349985028151, 1.65412693605e-005, 0.00179971498437, -0.00073468190385, -0.00163117516786, -0.000919696409255, 0.0012119814055, -0.000882712309249, 0.000379049393814, -0.000218512141146, 0.00039893767098, 0.00155284523498, 0.000325537461322], [-0.00043820834253, -1.36944763653e-005, -0.00073468190385, 0.00366690149531, 5.72184180783e-005, -0.00121115788352, -6.46984917694e-005, 0.000812679121736, -0.0027004594449, 0.000154443987412, -3.15124088957e-005, 0.000222041533561, 0.00029625245952], [0.000115949136671, -0.000782541465014, -0.00163117516786, 5.72184180783e-005, 0.00894902087748, -0.00136811239645, -0.00199674488977, 0.000568591116462, -0.00299220066518, 0.00327186682262, -0.00162686768454, -0.000992738059722, -0.00193994492292], [-0.000227661526878, 0.000469880760647, -0.000919696409255, -0.00121115788352, -0.00136811239645, 0.00779214221984, -0.00118002179079, -0.00203558197245, 0.00402278453112, -0.00142815650906, 0.000297113059787, -0.00353374681436, -0.000306008645566], [0.000129308813484, -0.00115845398977, 0.0012119814055, -6.46984917694e-005, -0.00199674488977, -0.00118002179079, 0.0078211100772, -0.00128533202223, 0.00126474676654, -0.00312979985029, -0.000651606242172, -0.000407520739827, -0.000152291875565], [-6.18413978373e-005, 0.000596446334384, -0.000882712309249, 0.000812679121736, 0.000568591116462, -0.00203558197245, -0.00128533202223, 0.00911580771208, -0.00681299250573, 0.00365773425438, -0.00377328856848, 0.00129643327091, 0.000991501030512], [6.20703940513e-005, -9.37583245104e-005, 0.000379049393814, -0.0027004594449, -0.00299220066518, 0.00402278453112, 0.00126474676654, -0.00681299250573, 0.0174706242979, -0.00913586467505, 0.00335721601732, -0.00117335247342, -0.00262206210755], [0.000121655015391, -0.000100896853837, -0.000218512141146, 0.000154443987412, 0.00327186682262, -0.00142815650906, -0.00312979985029, 0.00365773425438, -0.00913586467505, 0.0140818897635, -0.00588403502479, 0.00217184959911, 0.00205302331597], [0.000399788579671, 0.000536558916792, 0.00039893767098, -3.15124088957e-005, -0.00162686768454, 0.000297113059787, -0.000651606242172, -0.00377328856848, 0.00335721601732, -0.00588403502479, 0.0162133742124, -0.00673351995647, 0.00531515711918], [0.000199692847673, 0.000539801840205, 0.00155284523498, 0.000222041533561, -0.000992738059722, -0.00353374681436, -0.000407520739827, 0.00129643327091, -0.00117335247342, 0.00217184959911, -0.00673351995647, 0.024176735431, -0.0124674746767], [0.000268201634753, -0.000234834718867, 0.000325537461322, 0.00029625245952, -0.00193994492292, -0.000306008645566, -0.000152291875565, 0.000991501030512, -0.00262206210755, 0.00205302331597, 0.00531515711918, -0.0124674746767, 0.0191791821271]]
    },
    "spectral_contrast_coeffs": {
        "mean": [-0.626065552235, -0.774744927883, -0.779642820358, -0.802502632141, -0.811684012413, -0.725561141968],
        "var": [0.00803184136748, 0.0035049917642, 0.00453543430194, 0.00271665630862, 0.00192408589646, 0.00457979226485]
    },
    "spectral_contrast_valleys": {
        "mean": [-6.91507768631, -6.93238592148, -7.73165798187, -8.03827571869, -8.26461410522, -12.3711595535],
        "var": [1.27732503414, 0.897991836071, 1.10490739346, 1.60603809357, 2.67243099213, 2.9215054512]
    }
},
"metadata": {
    "audio_properties": {
        "analysis_sample_rate": 44100,
        "bit_rate": 128074,
        "equal_loudness": 0,
        "length": 45.0612258911,
        "lossless": 0,
        "replay_gain": -5.98309135437,
        "sample_rate": 44100,
        "codec": "mp3",
        "downmix": "mix",
        "md5_encoded": "57eb321e6e42cd1229edb16696d94d2d"
    },
    "tags": {
        "file_name": "1362.mp3"
    },
    "version": {
        "essentia": "2.1-beta2",
        "essentia_git_sha": "v2.1_beta2",
        "extractor": "music 1.0"
    }
},
"rhythm": {
    "beats_count": 73,
    "beats_loudness": {
        "mean": 0.065517693758,
        "var": 0.00108165259007
    },
    "bpm": 97.936126709,
    "bpm_histogram_first_peak_bpm": {
        "mean": 98,
        "var": 0
    },
    "bpm_histogram_first_peak_spread": {
        "mean": 0.125,
        "var": 0
    },
    "bpm_histogram_first_peak_weight": {
        "mean": 0.875,
        "var": 0
    },
    "bpm_histogram_second_peak_bpm": {
        "mean": 0,
        "var": 0
    },
    "bpm_histogram_second_peak_spread": {
        "mean": 0,
        "var": 0
    },
    "bpm_histogram_second_peak_weight": {
        "mean": 0,
        "var": 0
    },
    "danceability": 1.48018038273,
    "onset_rate": 4.79131793976,
    "beats_loudness_band_ratio": {
        "mean": [0.691781163216, 0.15059645474, 0.0576582923532, 0.0353353433311, 0.0505193322897, 0.0375003293157],
        "var": [0.0698432102799, 0.017835944891, 0.00257483730093, 0.00230684014969, 0.00484998710454, 0.0040114284493]
    },
    "beats_position": [0.650158703327, 1.28870749474, 1.90403628349, 2.50775504112, 3.12308382988, 3.73841261864, 4.34213161469, 4.94585037231, 5.5727891922, 6.19972801208, 6.80344676971, 7.41877555847, 8.03410434723, 8.64943313599, 9.25315189362, 9.85687065125, 10.47219944, 11.0991382599, 11.7028570175, 12.3065757751, 12.9219045639, 13.5372333527, 14.1409521103, 14.756280899, 15.3716096878, 15.9985485077, 16.602268219, 17.2059860229, 17.8213157654, 18.4366436005, 19.0403633118, 19.6556911469, 20.2710208893, 20.8863487244, 21.5016784668, 22.1053962708, 22.7207260132, 23.3360538483, 23.9397735596, 24.5551013947, 25.1704311371, 25.7857589722, 26.4010887146, 27.0048065186, 27.620136261, 28.2354640961, 28.8391838074, 29.4545116425, 30.0698413849, 30.68516922, 31.2888889313, 31.8926067352, 32.5079345703, 33.1348762512, 33.7385940552, 34.3423118591, 34.9576416016, 35.572971344, 36.1766891479, 36.7804069519, 37.4073448181, 38.034286499, 38.638004303, 39.2417221069, 39.8570518494, 40.4723815918, 41.0877075195, 41.6914291382, 42.3067550659, 42.9336967468, 43.5374145508, 44.1527442932, 44.7680702209]
},
"tonal": {
    "chords_changes_rate": 0.119341567159,
    "chords_number_rate": 0.00925925932825,
    "chords_strength": {
        "mean": 0.513326585293,
        "var": 0.00923148635775
    },
    "hpcp_entropy": {
        "mean": 2.41003417969,
        "var": 0.574730694294
    },
    "key_strength": 0.694501340389,
    "tuning_diatonic_strength": 0.543694078922,
    "tuning_equal_tempered_deviation": 0.19462043047,
    "tuning_frequency": 434.193115234,
    "tuning_nontempered_energy_ratio": 0.829789578915,
    "hpcp": {
        "mean": [0.167928785086, 0.154259636998, 0.167023256421, 0.17500859499, 0.180530518293, 0.171454340219, 0.14729578793, 0.151592582464, 0.171626418829, 0.199456706643, 0.235716506839, 0.227110877633, 0.167500004172, 0.10998698324, 0.0885644182563, 0.0921213179827, 0.0862957537174, 0.0891289934516, 0.0969971418381, 0.0808908939362, 0.0614185854793, 0.0560831539333, 0.0817417874932, 0.256144076586, 0.378499805927, 0.21637840569, 0.0825402140617, 0.0952056199312, 0.0897224918008, 0.0837670862675, 0.102889560163, 0.131423309445, 0.160797357559, 0.149812549353, 0.135790318251, 0.163054928184],
        "var": [0.0725157782435, 0.0645826980472, 0.0725676342845, 0.0702389478683, 0.0788926705718, 0.075176127255, 0.064106091857, 0.0657778456807, 0.0786021798849, 0.0789334103465, 0.101278282702, 0.0967910736799, 0.0622254274786, 0.0404727198184, 0.0280395690352, 0.0340236537158, 0.0293107479811, 0.0273957010359, 0.0273118838668, 0.0182496085763, 0.00909627135843, 0.0086078280583, 0.0190341603011, 0.0605680793524, 0.128127977252, 0.0327955409884, 0.0171193722636, 0.02655053325, 0.0200873091817, 0.0227665361017, 0.0341694764793, 0.043403852731, 0.066188916564, 0.0634740963578, 0.0543605685234, 0.0677209794521]
    },
    "chords_histogram": [26.440328598, 9.77366256714, 5.65843629837, 11.728395462, 0.411522626877, 0, 0, 7.51028823853, 2.26337456703, 9.56790161133, 18.2098770142, 7.92181062698, 0, 0, 0, 0.205761313438, 0, 0, 0, 0, 0, 0, 0, 0.308641970158],
    "thpcp": [1, 0.571673750877, 0.218072012067, 0.25153413415, 0.237047657371, 0.221313416958, 0.271835178137, 0.34722161293, 0.424828112125, 0.395806133747, 0.358759284019, 0.430792629719, 0.44366940856, 0.407555401325, 0.441276997328, 0.462374329567, 0.476963311434, 0.452983945608, 0.389156848192, 0.400508999825, 0.453438580036, 0.526966452599, 0.622765183449, 0.600029051304, 0.442536562681, 0.290586620569, 0.233988016844, 0.243385374546, 0.227994188666, 0.235479623079, 0.256267338991, 0.213714495301, 0.162268474698, 0.148172214627, 0.215962558985, 0.676735043526],
    "chords_key": "A#",
    "chords_scale": "minor",
    "key_key": "A#",
    "key_scale": "minor"
}
}