{
"lowlevel": {
    "average_loudness": 0.941864132881,
    "barkbands_crest": {
        "mean": 7.37005758286,
        "var": 7.21930789948
    },
    "barkbands_flatness_db": {
        "mean": 0.134181246161,
        "var": 0.000745914760046
    },
    "barkbands_kurtosis": {
        "mean": -0.783022463322,
        "var": 0.438080072403
    },
    "barkbands_skewness": {
        "mean": 0.0453032553196,
        "var": 0.220816493034
    },
    "barkbands_spread": {
        "mean": 26.6303768158,
        "var": 76.2166748047
    },
    "dissonance": {
        "mean": 0.474929600954,
        "var": 0.000253294972936
    },
    "dynamic_complexity": 1.64284205437,
    "erbbands_crest": {
        "mean": 9.33666229248,
        "var": 12.4123535156
    },
    "erbbands_flatness_db": {
        "mean": 0.222536638379,
        "var": 0.000836868712213
    },
    "erbbands_kurtosis": {
        "mean": 0.24471090734,
        "var": 1.3732521534
    },
    "erbbands_skewness": {
        "mean": -0.405026465654,
        "var": 0.260260105133
    },
    "erbbands_spread": {
        "mean": 21.8242359161,
        "var": 38.1686096191
    },
    "hfc": {
        "mean": 29.079000473,
        "var": 197.733032227
    },
    "melbands_crest": {
        "mean": 10.8067569733,
        "var": 17.3891849518
    },
    "melbands_flatness_db": {
        "mean": 0.160101443529,
        "var": 0.000899137055967
    },
    "melbands_kurtosis": {
        "mean": 0.238332822919,
        "var": 2.1820628643
    },
    "melbands_skewness": {
        "mean": 0.829461812973,
        "var": 0.308455139399
    },
    "melbands_spread": {
        "mean": 43.6598358154,
        "var": 176.166870117
    },
    "pitch_salience": {
        "mean": 0.556096553802,
        "var": 0.00573781924322
    },
    "silence_rate_20dB": {
        "mean": 1,
        "var": 0
    },
    "silence_rate_30dB": {
        "mean": 1,
        "var": 0
    },
    "silence_rate_60dB": {
        "mean": 0.00205973233096,
        "var": 0.00205550855026
    },
    "spectral_centroid": {
        "mean": 2002.08300781,
        "var": 158034.34375
    },
    "spectral_complexity": {
        "mean": 29.5561275482,
        "var": 40.5557365417
    },
    "spectral_decrease": {
        "mean": -5.66344438013e-009,
        "var": 7.7402598639e-018
    },
    "spectral_energy": {
        "mean": 0.0240126941353,
        "var": 0.000135000853334
    },
    "spectral_energyband_high": {
        "mean": 0.000283597619273,
        "var": 5.95963420835e-008
    },
    "spectral_energyband_low": {
        "mean": 0.00345161394216,
        "var": 1.31078313643e-005
    },
    "spectral_energyband_middle_high": {
        "mean": 0.0125663327053,
        "var": 4.38054776168e-005
    },
    "spectral_energyband_middle_low": {
        "mean": 0.00802372489125,
        "var": 3.58096804121e-005
    },
    "spectral_entropy": {
        "mean": 7.48200893402,
        "var": 0.0286293309182
    },
    "spectral_flux": {
        "mean": 0.0877205953002,
        "var": 0.0006465484621
    },
    "spectral_kurtosis": {
        "mean": 6.68154573441,
        "var": 9.52925014496
    },
    "spectral_rms": {
        "mean": 0.00469508068636,
        "var": 1.38324685395e-006
    },
    "spectral_rolloff": {
        "mean": 2331.60058594,
        "var": 375499.65625
    },
    "spectral_skewness": {
        "mean": 1.34051418304,
        "var": 0.142466589808
    },
    "spectral_spread": {
        "mean": 2481763.75,
        "var": 1.06376436122e+012
    },
    "spectral_strongpeak": {
        "mean": 1.58572876453,
        "var": 2.23554825783
    },
    "zerocrossingrate": {
        "mean": 0.0721587687731,
        "var": 0.000267394760158
    },
    "barkbands": {
        "mean": [9.91293636616e-005, 0.00293759722263, 0.000310915143928, 0.000351942609996, 0.00113875721581, 0.00131617416628, 0.00107971997932, 0.00217190152034, 0.00160822027829, 0.000557580206078, 0.00135719613172, 0.00093499943614, 0.00255272374488, 0.00064026133623, 0.00167464348488, 0.0016756192781, 0.00129680370446, 0.000957329117227, 0.000822494504973, 0.000331786141032, 0.000121039804071, 3.60769372492e-005, 1.66007321241e-005, 1.47583823491e-005, 4.8525675993e-006, 3.13903319693e-006, 4.55926681298e-007],
        "var": [1.70696292656e-008, 1.21631364891e-005, 5.58618012292e-007, 2.2108368114e-007, 1.85517012596e-006, 2.17420688386e-006, 1.63683614574e-006, 1.31244405566e-005, 1.05030467239e-005, 3.17299850394e-007, 5.18947354067e-006, 1.36731205203e-006, 1.03716974991e-005, 4.73232091736e-007, 3.57280327989e-006, 2.82652422356e-006, 9.24996641061e-007, 5.87179329159e-007, 4.51119092304e-007, 7.7254348696e-008, 1.4542629323e-008, 2.42224929003e-009, 3.44729605972e-010, 5.37159094982e-010, 8.16356288125e-011, 6.89024948208e-011, 2.50027797945e-012]
    },
    "erbbands": {
        "mean": [0.100017860532, 0.590279996395, 0.515186429024, 0.707559347153, 1.86840319633, 4.35478162766, 4.77680635452, 12.7995262146, 18.4715423584, 32.7925109863, 40.9529342651, 45.4138526917, 21.0057010651, 13.584277153, 67.7176208496, 55.9047698975, 126.418022156, 41.8274497986, 50.6250572205, 121.14201355, 77.7908706665, 60.0160713196, 56.9645271301, 48.1044311523, 35.5708732605, 15.4248418808, 5.78674650192, 3.99295520782, 1.54023206234, 0.716126382351, 0.440644621849, 0.347572982311, 0.208865448833, 0.074927918613, 0.0264536868781, 0.0133085232228, 0.00550684472546, 0.0015408420004, 5.66189155506e-005, 3.10987998091e-005],
        "var": [0.0144361676648, 0.587260305882, 0.97786450386, 0.892472624779, 7.96210861206, 29.4417648315, 27.9541282654, 207.929351807, 547.115966797, 3339.37573242, 5100.39990234, 8174.85693359, 465.172058105, 145.459747314, 11297.4179688, 3381.44042969, 24237.5703125, 1708.39355469, 2981.28979492, 17538.3574219, 4058.55517578, 2085.57470703, 1506.32861328, 1793.57519531, 681.667724609, 168.394424438, 31.0473308563, 13.6541862488, 3.93252563477, 0.860859870911, 0.253704249859, 0.225668147206, 0.147913783789, 0.0180952157825, 0.00284192548133, 0.00101702183019, 0.000236690582824, 2.19714002014e-005, 1.83639343732e-008, 2.06166028693e-010]
    },
    "gfcc": {
        "mean": [-2.54775214195, 116.25856781, -182.447463989, 32.5106697083, -44.390045166, -0.780396342278, -31.973274231, 8.399102211, -12.7689762115, 0.889005899429, 2.31661725044, -3.99550437927, -2.83210659027],
        "cov": [[1879.57116699, -130.315948486, 98.2929000854, -46.5877342224, 29.1014556885, 125.795555115, -54.9840698242, 90.08543396, 12.7986097336, 114.246299744, -110.253639221, 29.935716629, -134.080856323], [-130.315948486, 570.995605469, -192.956253052, 115.639160156, 62.3159332275, 6.13350820541, 141.954269409, -17.5322437286, 176.340362549, -52.6423339844, 175.158035278, -60.7152442932, 127.966140747], [98.2929000854, -192.956253052, 368.643035889, -10.6483535767, 93.0962677002, 54.5474014282, -32.9005317688, 93.4771957397, -93.2027511597, 72.627784729, -85.373588562, 88.9205703735, -55.1226158142], [-46.5877342224, 115.639160156, -10.6483535767, 306.092559814, 67.5873565674, 80.7435379028, 62.4080581665, -0.695338726044, 60.7468795776, -50.9267158508, 74.3160476685, -10.6651105881, 104.965538025], [29.1014556885, 62.3159332275, 93.0962677002, 67.5873565674, 203.337020874, 59.1978492737, 59.8296279907, 54.3064880371, 18.6857051849, 34.9697532654, 5.4596362114, 35.6674041748, 9.64161205292], [125.795555115, 6.13350820541, 54.5474014282, 80.7435379028, 59.1978492737, 146.711380005, 61.200050354, 52.4064178467, 44.743057251, 19.751241684, 21.8386306763, 1.91313683987, 19.3778266907], [-54.9840698242, 141.954269409, -32.9005317688, 62.4080581665, 59.8296279907, 61.200050354, 134.277297974, 53.0885467529, 69.9208450317, 2.74418520927, 62.290473938, -6.41008281708, 32.9402809143], [90.08543396, -17.5322437286, 93.4771957397, -0.695338726044, 54.3064880371, 52.4064178467, 53.0885467529, 112.59577179, 35.2280502319, 38.528087616, 2.83255195618, 28.7690315247, -7.4473991394], [12.7986097336, 176.340362549, -93.2027511597, 60.7468795776, 18.6857051849, 44.743057251, 69.9208450317, 35.2280502319, 171.707046509, 16.728105545, 83.1421356201, -29.8814544678, 47.4677238464], [114.246299744, -52.6423339844, 72.627784729, -50.9267158508, 34.9697532654, 19.751241684, 2.74418520927, 38.528087616, 16.728105545, 96.148651123, -6.73613023758, 24.4256763458, -34.433795929], [-110.253639221, 175.158035278, -85.373588562, 74.3160476685, 5.4596362114, 21.8386306763, 62.290473938, 2.83255195618, 83.1421356201, -6.73613023758, 138.408493042, 4.25446081161, 73.3325576782], [29.935716629, -60.7152442932, 88.9205703735, -10.6651105881, 35.6674041748, 1.91313683987, -6.41008281708, 28.7690315247, -29.8814544678, 24.4256763458, 4.25446081161, 92.7636032104, 14.7510662079], [-134.080856323, 127.966140747, -55.1226158142, 104.965538025, 9.64161205292, 19.3778266907, 32.9402809143, -7.4473991394, 47.4677238464, -34.433795929, 73.3325576782, 14.7510662079, 118.413673401]],
        "icov": [[0.000917516590562, -0.0010900272755, 0.00121551682241, -0.000876345904544, 0.000623225176241, -0.00161577842664, 0.00182586244773, -0.00152890384197, 0.000549191317987, -0.00127023784444, 0.00141500518657, -0.00174026726745, 0.00192008283921], [-0.0010900272755, 0.00776609079912, -0.00343883759342, 0.00327305775136, -0.00377134699374, 0.0048776846379, -0.00668456731364, 0.00558585813269, -0.00482335267588, 0.00469453912228, -0.00611921818927, 0.0067330035381, -0.00615981733426], [0.00121551682241, -0.00343883759342, 0.010664797388, -0.00401913328096, 0.000585753004998, -0.00494580576196, 0.00720354029909, -0.00951473042369, 0.00622021919116, -0.00603954400867, 0.00518382526934, -0.0074815209955, 0.00525118596852], [-0.000876345904544, 0.00327305775136, -0.00401913328096, 0.00866631697863, -0.00345695833676, 0.000223429044127, -0.00379632296972, 0.00513560138643, -0.00320373126306, 0.0058710067533, -0.00423571048304, 0.00555836921558, -0.00753623386845], [0.000623225176241, -0.00377134699374, 0.000585753004998, -0.00345695833676, 0.00965262483805, -0.00264714402147, -0.00034261206747, -0.00238833227195, 0.00184537225869, -0.00442042667419, 0.00475389836356, -0.00557425664738, 0.0034358187113], [-0.00161577842664, 0.0048776846379, -0.00494580576196, 0.000223429044127, -0.00264714402147, 0.0155644407496, -0.00854736100882, 0.00274217128754, -0.00403113011271, 0.00198493804783, -0.00389588926919, 0.0069918660447, -0.00564760621637], [0.00182586244773, -0.00668456731364, 0.00720354029909, -0.00379632296972, -0.00034261206747, -0.00854736100882, 0.023775074631, -0.0141942296177, 0.00461851852015, -0.00333007634617, 0.000708845211193, -0.00477633578703, 0.00726617360488], [-0.00152890384197, 0.00558585813269, -0.00951473042369, 0.00513560138643, -0.00238833227195, 0.00274217128754, -0.0141942296177, 0.0264446120709, -0.0102099571377, 0.00432414747775, -0.00266526243649, 0.00197206344455, -0.00463662017137], [0.000549191317987, -0.00482335267588, 0.00622021919116, -0.00320373126306, 0.00184537225869, -0.00403113011271, 0.00461851852015, -0.0102099571377, 0.0172781199217, -0.00847881101072, -0.00055391486967, 0.000859346881043, 0.000996509450488], [-0.00127023784444, 0.00469453912228, -0.00603954400867, 0.0058710067533, -0.00442042667419, 0.00198493804783, -0.00333007634617, 0.00432414747775, -0.00847881101072, 0.0225513577461, -0.00676431134343, 0.00157107575797, 0.000656140327919], [0.00141500518657, -0.00611921818927, 0.00518382526934, -0.00423571048304, 0.00475389836356, -0.00389588926919, 0.000708845211193, -0.00266526243649, -0.00055391486967, -0.00676431134343, 0.0219356883317, -0.0102269854397, 0.000212967701373], [-0.00174026726745, 0.0067330035381, -0.0074815209955, 0.00555836921558, -0.00557425664738, 0.0069918660447, -0.00477633578703, 0.00197206344455, 0.000859346881043, 0.00157107575797, -0.0102269854397, 0.0271480306983, -0.0138301383704], [0.00192008283921, -0.00615981733426, 0.00525118596852, -0.00753623386845, 0.0034358187113, -0.00564760621637, 0.00726617360488, -0.00463662017137, 0.000996509450488, 0.000656140327919, 0.000212967701373, -0.0138301383704, 0.0261144880205]]
    },
    "melbands": {
        "mean": [0.00086408626521, 0.000449300714536, 0.000162819153047, 0.000210340731428, 0.000199548361707, 0.000302006519632, 0.000258009444224, 0.000390886940295, 0.000349640962668, 0.000244625291089, 9.45212232182e-005, 3.96194991481e-005, 0.000202180846827, 0.00013830246462, 0.000234087696299, 0.000208100100281, 6.75953488098e-005, 6.26617256785e-005, 0.000147755054059, 0.000146705802763, 8.21793801151e-005, 6.19309357717e-005, 5.83932633162e-005, 5.39244356332e-005, 3.71531168639e-005, 2.59850439761e-005, 2.23984461627e-005, 7.15972782928e-006, 3.09511301566e-006, 3.73848820345e-006, 1.78460481948e-006, 9.24361529542e-007, 4.88461523673e-007, 3.57317219368e-007, 2.70797727353e-007, 1.89057459465e-007, 2.22071392386e-007, 1.56589209155e-007, 1.01849032319e-007, 5.05174710952e-008],
        "var": [1.04211562757e-006, 3.80104978603e-007, 4.55310456005e-008, 5.84190047448e-008, 5.79124304068e-008, 1.16076066092e-007, 1.03797553663e-007, 4.88262969611e-007, 3.46426332953e-007, 2.44532373017e-007, 1.0732764899e-008, 1.67593861011e-009, 1.08958957412e-007, 2.0634626452e-008, 7.53649942453e-008, 8.18898087118e-008, 5.63531887821e-009, 5.23847498712e-009, 2.80319660817e-008, 2.37579520501e-008, 4.50662751561e-009, 2.59436205852e-009, 2.83401013768e-009, 2.00478278423e-009, 1.46660350531e-009, 3.79472675505e-010, 3.54490881094e-010, 5.11778328049e-011, 1.20603492471e-011, 1.94451035135e-011, 3.4114789986e-012, 1.57114967737e-012, 5.82693940841e-013, 1.9368561659e-013, 1.05811809781e-013, 6.03193100394e-014, 1.1209594044e-013, 9.34433127121e-014, 4.2178198732e-014, 9.65817205536e-015]
    },
    "mfcc": {
        "mean": [-622.641784668, 136.233352661, -62.7767601013, 28.2820549011, 3.58232593536, -3.90887928009, -1.96659398079, 1.44220793247, -6.24112176895, 4.78776502609, -0.122574962676, 9.94167995453, 2.58580517769],
        "cov": [[1221.58190918, -47.329120636, 34.4255905151, -58.1357002258, 35.9707641602, 83.83984375, -44.143196106, 17.8826637268, 59.9056243896, 64.7964630127, 101.607727051, 18.8788909912, 59.7488555908], [-47.329120636, 418.192932129, -113.654006958, 28.790895462, 0.0181133635342, 3.68576860428, 19.4762115479, 30.9660015106, 8.06768131256, 55.4183654785, 24.3669013977, 76.4094238281, 4.12470722198], [34.4255905151, -113.654006958, 215.025588989, 8.46926021576, 48.1295204163, 7.39283943176, 32.3909034729, 16.016254425, 23.8741378784, -15.1521396637, 3.90757989883, -14.8977851868, 6.93004369736], [-58.1357002258, 28.790895462, 8.46926021576, 179.391769409, 68.2107162476, 45.1735610962, 45.8175354004, 49.2969207764, 10.7578496933, 16.4261417389, -37.5343208313, 0.386887967587, -2.54373216629], [35.9707641602, 0.0181133635342, 48.1295204163, 68.2107162476, 144.220291138, 50.0529670715, 46.1494522095, 37.6212692261, 36.5528945923, 19.1627254486, 0.660408139229, -0.7559851408, 9.42554664612], [83.83984375, 3.68576860428, 7.39283943176, 45.1735610962, 50.0529670715, 108.822875977, 38.1793327332, 32.5612754822, 27.3187561035, 30.9872875214, 16.7852802277, 10.3426647186, 6.50038433075], [-44.143196106, 19.4762115479, 32.3909034729, 45.8175354004, 46.1494522095, 38.1793327332, 115.683265686, 53.7316093445, 18.2482223511, 20.7991447449, 1.465487957, 12.4347057343, -0.00752055039629], [17.8826637268, 30.9660015106, 16.016254425, 49.2969207764, 37.6212692261, 32.5612754822, 53.7316093445, 105.908599854, 41.0858535767, 29.2524585724, 9.02361392975, 22.4110126495, 15.7306499481], [59.9056243896, 8.06768131256, 23.8741378784, 10.7578496933, 36.5528945923, 27.3187561035, 18.2482223511, 41.0858535767, 81.942199707, 43.0124206543, 29.9992580414, 11.5753641129, 8.39078998566], [64.7964630127, 55.4183654785, -15.1521396637, 16.4261417389, 19.1627254486, 30.9872875214, 20.7991447449, 29.2524585724, 43.0124206543, 95.3734893799, 48.9018974304, 29.9700717926, 7.89979124069], [101.607727051, 24.3669013977, 3.90757989883, -37.5343208313, 0.660408139229, 16.7852802277, 1.465487957, 9.02361392975, 29.9992580414, 48.9018974304, 99.7870864868, 38.4074935913, 14.2353172302], [18.8788909912, 76.4094238281, -14.8977851868, 0.386887967587, -0.7559851408, 10.3426647186, 12.4347057343, 22.4110126495, 11.5753641129, 29.9700717926, 38.4074935913, 85.9410552979, 31.874250412], [59.7488555908, 4.12470722198, 6.93004369736, -2.54373216629, 9.42554664612, 6.50038433075, -0.00752055039629, 15.7306499481, 8.39078998566, 7.89979124069, 14.2353172302, 31.874250412, 77.6125946045]],
        "icov": [[0.00103697134182, 5.95884484937e-005, -0.000136607617605, 0.000365470448742, -0.000172818923602, -0.000859707710333, 0.000770557380747, -0.000235243074712, -4.26481492468e-005, -0.000317023106618, -0.000665071478579, 0.000396826100769, -0.000640648300759], [5.95884484937e-005, 0.00358010572381, 0.00171191815753, -0.000266508985078, -0.000480006012367, 0.000736369576771, -0.000342907733284, -0.000360791862477, 0.000173797176103, -0.00115796795581, 0.000337692647008, -0.00296093896031, 0.000925129221287], [-0.000136607617605, 0.00171191815753, 0.00655835540965, -0.000111559274956, -0.00169868010562, 0.00116519909352, -0.0019350561779, 0.000134341724333, -0.00180987000931, 0.00192286795937, -0.00106067257002, -0.000125806182041, -0.000247622112511], [0.000365470448742, -0.000266508985078, -0.000111559274956, 0.00946537591517, -0.00315980985761, -0.00231520854868, 3.5268789361e-005, -0.00291402009316, 0.00181239284575, -0.00261021661572, 0.00481342244893, -0.000632353592664, 0.000667851127218], [-0.000172818923602, -0.000480006012367, -0.00169868010562, -0.00315980985761, 0.0112068643793, -0.00247281207703, -0.00199682381935, 0.000697801995557, -0.00335866352543, 0.000727736740373, -0.000252385361819, 0.00150820065755, -0.00137291837018], [-0.000859707710333, 0.000736369576771, 0.00116519909352, -0.00231520854868, -0.00247281207703, 0.013767295517, -0.0029064246919, -0.000139382318594, -0.00103569298517, -0.00126851373352, -0.001435036771, -0.00035073957406, 0.00026631943183], [0.000770557380747, -0.000342907733284, -0.0019350561779, 3.5268789361e-005, -0.00199682381935, -0.0029064246919, 0.0139763019979, -0.00575902545825, 0.00237994128838, -0.00173824944068, 0.000461081916001, -0.00084036833141, 0.0014336751774], [-0.000235243074712, -0.000360791862477, 0.000134341724333, -0.00291402009316, 0.000697801995557, -0.000139382318594, -0.00575902545825, 0.0168370250612, -0.00685581658036, 0.000387162173865, 0.000697917246725, -0.00189142941963, -0.00204285886139], [-4.26481492468e-005, 0.000173797176103, -0.00180987000931, 0.00181239284575, -0.00335866352543, -0.00103569298517, 0.00237994128838, -0.00685581658036, 0.0215656850487, -0.00726821832359, -0.00200050440617, 0.0014865542762, 0.000293732067803], [-0.000317023106618, -0.00115796795581, 0.00192286795937, -0.00261021661572, 0.000727736740373, -0.00126851373352, -0.00173824944068, 0.000387162173865, -0.00726821832359, 0.020121442154, -0.00758365960792, -0.0011065894505, 0.000570710632019], [-0.000665071478579, 0.000337692647008, -0.00106067257002, 0.00481342244893, -0.000252385361819, -0.001435036771, 0.000461081916001, 0.000697917246725, -0.00200050440617, -0.00758365960792, 0.0193314608186, -0.00648235017434, 0.000860641186591], [0.000396826100769, -0.00296093896031, -0.000125806182041, -0.000632353592664, 0.00150820065755, -0.00035073957406, -0.00084036833141, -0.00189142941963, 0.0014865542762, -0.0011065894505, -0.00648235017434, 0.0206037685275, -0.00724888918921], [-0.000640648300759, 0.000925129221287, -0.000247622112511, 0.000667851127218, -0.00137291837018, 0.00026631943183, 0.0014336751774, -0.00204285886139, 0.000293732067803, 0.000570710632019, 0.000860641186591, -0.00724888918921, 0.016660451889]]
    },
    "spectral_contrast_coeffs": {
        "mean": [-0.666484057903, -0.706836283207, -0.736684322357, -0.721987843513, -0.71684551239, -0.70607984066],
        "var": [0.00528893666342, 0.00461041228846, 0.00285061495379, 0.00195218028966, 0.00132263591513, 0.00134375097696]
    },
    "spectral_contrast_valleys": {
        "mean": [-7.72576999664, -6.67797613144, -7.03713464737, -6.96602916718, -7.12664842606, -10.9764480591],
        "var": [0.577393710613, 0.480614542961, 0.394637048244, 0.472339332104, 0.414714813232, 0.537758529186]
    }
},
"metadata": {
    "audio_properties": {
        "analysis_sample_rate": 44100,
        "bit_rate": 128074,
        "equal_loudness": 0,
        "length": 45.0612258911,
        "lossless": 0,
        "replay_gain": -5.71470069885,
        "sample_rate": 44100,
        "codec": "mp3",
        "downmix": "mix",
        "md5_encoded": "b7783f6c363168173aa1c9a8f0b5dbf2"
    },
    "tags": {
        "file_name": "1363.mp3"
    },
    "version": {
        "essentia": "2.1-beta2",
        "essentia_git_sha": "v2.1_beta2",
        "extractor": "music 1.0"
    }
},
"rhythm": {
    "beats_count": 93,
    "beats_loudness": {
        "mean": 0.0336231477559,
        "var": 9.59328535828e-005
    },
    "bpm": 125.126159668,
    "bpm_histogram_first_peak_bpm": {
        "mean": 126,
        "var": 0
    },
    "bpm_histogram_first_peak_spread": {
        "mean": 0.32967031002,
        "var": 0
    },
    "bpm_histogram_first_peak_weight": {
        "mean": 0.663043498993,
        "var": 0
    },
    "bpm_histogram_second_peak_bpm": {
        "mean": 120,
        "var": 0
    },
    "bpm_histogram_second_peak_spread": {
        "mean": 0,
        "var": 0
    },
    "bpm_histogram_second_peak_weight": {
        "mean": 0.0108695654199,
        "var": 0
    },
    "danceability": 1.29441177845,
    "onset_rate": 4.17022132874,
    "beats_loudness_band_ratio": {
        "mean": [0.256166160107, 0.0895876958966, 0.159589186311, 0.18503549695, 0.290780931711, 0.0545700527728],
        "var": [0.0114275664091, 0.00381047301926, 0.00914201885462, 0.00960557442158, 0.0138342073187, 0.000982686993666]
    },
    "beats_position": [0.510838985443, 0.975238084793, 1.45124709606, 1.93886613846, 2.41487526894, 2.89088439941, 3.36689329147, 3.85451245308, 4.34213161469, 4.82975053787, 5.31736946106, 5.79337835312, 6.26938772202, 6.74539661407, 7.22140598297, 7.69741487503, 8.17342376709, 8.64943313599, 9.12544155121, 9.61306095123, 10.1006803513, 10.5766887665, 11.0526981354, 11.5287075043, 12.0047159195, 12.4923353195, 12.9799547195, 13.4559631348, 13.9435825348, 14.4195919037, 14.90721035, 15.3832197189, 15.8592290878, 16.3352375031, 16.8112468719, 17.2872562408, 17.7632656097, 18.2508831024, 18.7385025024, 19.2145118713, 19.6905212402, 20.1781406403, 20.6657600403, 21.1417675018, 21.6177768707, 22.1053962708, 22.5930156708, 23.0690250397, 23.5450344086, 24.0210418701, 24.497051239, 24.9730606079, 25.4490699768, 25.9250793457, 26.4010887146, 26.8887062073, 27.3879356384, 27.8639450073, 28.3515644073, 28.8275737762, 29.3035831451, 29.7795906067, 30.2555999756, 30.7316093445, 31.2076187134, 31.6836280823, 32.1596374512, 32.6356468201, 33.111656189, 33.5992736816, 34.0868911743, 34.5629005432, 35.0505218506, 35.5265312195, 36.0141487122, 36.4901580811, 36.96616745, 37.4537849426, 37.9297943115, 38.4058036804, 38.8934249878, 39.369430542, 39.8570518494, 40.3330612183, 40.8090705872, 41.2850799561, 41.761089325, 42.2370948792, 42.7247161865, 43.2123336792, 43.6999549866, 44.1759643555, 44.6519737244]
},
"tonal": {
    "chords_changes_rate": 0.0504115223885,
    "chords_number_rate": 0.00411522621289,
    "chords_strength": {
        "mean": 0.578298270702,
        "var": 0.00431016180664
    },
    "hpcp_entropy": {
        "mean": 2.16171097755,
        "var": 0.502976953983
    },
    "key_strength": 0.751788854599,
    "tuning_diatonic_strength": 0.649447202682,
    "tuning_equal_tempered_deviation": 0.255707263947,
    "tuning_frequency": 434.695007324,
    "tuning_nontempered_energy_ratio": 0.897893130779,
    "hpcp": {
        "mean": [0.140824630857, 0.175032794476, 0.169202163815, 0.153232470155, 0.127659186721, 0.118650682271, 0.170418530703, 0.236106589437, 0.314861685038, 0.439582914114, 0.398336321115, 0.203562945127, 0.118835583329, 0.0934839472175, 0.0939859077334, 0.181772589684, 0.239414677024, 0.166524901986, 0.0861403867602, 0.0594387054443, 0.116692058742, 0.337187319994, 0.462862014771, 0.302782982588, 0.16354636848, 0.125643149018, 0.0994172990322, 0.104548290372, 0.0881459414959, 0.0932675004005, 0.225270852447, 0.320575654507, 0.235488131642, 0.181795373559, 0.169034719467, 0.126947954297],
        "var": [0.0417004190385, 0.0430379323661, 0.0414990894496, 0.0284055899829, 0.0221601128578, 0.0421944372356, 0.0432990454137, 0.0446074530482, 0.0606819689274, 0.150536105037, 0.105651460588, 0.0372157506645, 0.0280196275562, 0.0247420780361, 0.01900851354, 0.0473461486399, 0.0689848735929, 0.0353914834559, 0.0198482815176, 0.0167687349021, 0.0221953168511, 0.0926557406783, 0.106011323631, 0.0482004918158, 0.0394705273211, 0.0388188250363, 0.0212659202516, 0.0136801172048, 0.00779327191412, 0.0103131663054, 0.053301576525, 0.0787867233157, 0.0468452684581, 0.0512432195246, 0.054784424603, 0.0370471403003]
    },
    "chords_histogram": [45.3703689575, 26.2345676422, 0.411522626877, 0, 0, 0, 0, 0, 0, 0, 0, 0, 0, 0, 0, 22.6337451935, 0, 0, 0, 0, 0, 0, 0.205761313438, 5.14403295517],
    "thpcp": [1, 0.654153883457, 0.353337198496, 0.271448403597, 0.214788198471, 0.225873559713, 0.19043675065, 0.201501742005, 0.486691176891, 0.692594408989, 0.508765280247, 0.392763644457, 0.365194618702, 0.274267375469, 0.304247558117, 0.378153294325, 0.365556389093, 0.331054329872, 0.275803983212, 0.25634136796, 0.368184298277, 0.510101437569, 0.6802495718, 0.949706196785, 0.8605940938, 0.439791858196, 0.256740838289, 0.201969370246, 0.203053832054, 0.39271441102, 0.517248511314, 0.359772235155, 0.186103820801, 0.128415599465, 0.252109825611, 0.728483438492],
    "chords_key": "C",
    "chords_scale": "major",
    "key_key": "C",
    "key_scale": "major"
}
}