{
"lowlevel": {
    "average_loudness": 0.962915062904,
    "barkbands_crest": {
        "mean": 11.1910686493,
        "var": 17.2120113373
    },
    "barkbands_flatness_db": {
        "mean": 0.161355495453,
        "var": 0.00547138322145
    },
    "barkbands_kurtosis": {
        "mean": 10.0070638657,
        "var": 655.494140625
    },
    "barkbands_skewness": {
        "mean": 2.13266849518,
        "var": 3.33322453499
    },
    "barkbands_spread": {
        "mean": 25.2477302551,
        "var": 556.10760498
    },
    "dissonance": {
        "mean": 0.465508937836,
        "var": 0.0010300106369
    },
    "dynamic_complexity": 2.79146838188,
    "erbbands_crest": {
        "mean": 8.40123081207,
        "var": 15.5864801407
    },
    "erbbands_flatness_db": {
        "mean": 0.140957400203,
        "var": 0.00286231376231
    },
    "erbbands_kurtosis": {
        "mean": 0.903027355671,
        "var": 6.86512517929
    },
    "erbbands_skewness": {
        "mean": 0.423007428646,
        "var": 0.857362389565
    },
    "erbbands_spread": {
        "mean": 43.1905822754,
        "var": 516.394592285
    },
    "hfc": {
        "mean": 26.9627132416,
        "var": 1054.44482422
    },
    "melbands_crest": {
        "mean": 16.0926055908,
        "var": 30.7414512634
    },
    "melbands_flatness_db": {
        "mean": 0.233105614781,
        "var": 0.00789612345397
    },
    "melbands_kurtosis": {
        "mean": 23.0543251038,
        "var": 2032.59960938
    },
    "melbands_skewness": {
        "mean": 3.21515250206,
        "var": 4.62385845184
    },
    "melbands_spread": {
        "mean": 19.639257431,
        "var": 468.652496338
    },
    "pitch_salience": {
        "mean": 0.533987641335,
        "var": 0.0181485414505
    },
    "silence_rate_20dB": {
        "mean": 1,
        "var": 0
    },
    "silence_rate_30dB": {
        "mean": 0.957260549068,
        "var": 0.0409126505256
    },
    "silence_rate_60dB": {
        "mean": 0.0988671481609,
        "var": 0.0890959873796
    },
    "spectral_centroid": {
        "mean": 1232.61071777,
        "var": 564252.0625
    },
    "spectral_complexity": {
        "mean": 17.8666324615,
        "var": 153.323287964
    },
    "spectral_decrease": {
        "mean": -1.35712783234e-008,
        "var": 8.97176768336e-017
    },
    "spectral_energy": {
        "mean": 0.053666818887,
        "var": 0.00134645297658
    },
    "spectral_energyband_high": {
        "mean": 0.00138379307464,
        "var": 5.43485384696e-006
    },
    "spectral_energyband_low": {
        "mean": 0.0242602545768,
        "var": 0.000482343340991
    },
    "spectral_energyband_middle_high": {
        "mean": 0.00490065570921,
        "var": 4.56100206065e-005
    },
    "spectral_energyband_middle_low": {
        "mean": 0.0134005127475,
        "var": 0.00012916988635
    },
    "spectral_entropy": {
        "mean": 7.59357595444,
        "var": 0.284448623657
    },
    "spectral_flux": {
        "mean": 0.105926014483,
        "var": 0.00425527989864
    },
    "spectral_kurtosis": {
        "mean": 5.62459897995,
        "var": 25.8430938721
    },
    "spectral_rms": {
        "mean": 0.00655101193115,
        "var": 9.44210387388e-006
    },
    "spectral_rolloff": {
        "mean": 2157.14672852,
        "var": 17043886
    },
    "spectral_skewness": {
        "mean": 1.73067629337,
        "var": 0.436768680811
    },
    "spectral_spread": {
        "mean": 5206576,
        "var": 7.90926668595e+012
    },
    "spectral_strongpeak": {
        "mean": 0.350749880075,
        "var": 0.740099132061
    },
    "zerocrossingrate": {
        "mean": 0.074423417449,
        "var": 0.00810799561441
    },
    "barkbands": {
        "mean": [0.0158500000834, 0.0128192203119, 0.00541955651715, 0.00404313532636, 0.00382371176966, 0.00188690924551, 0.00141229876317, 0.00081155274529, 0.00120981922373, 0.000895535864402, 0.000932527764235, 0.000432882225141, 0.000394004047848, 0.000374669791199, 0.000454345456092, 0.000463444855995, 0.000329217029503, 0.000307864364004, 0.000335467717377, 0.000192369974684, 0.000220407790039, 0.000179825903615, 0.000155018104124, 0.000120785560284, 8.8481734565e-005, 0.000360143545549, 0.000153587854584],
        "var": [0.000231416430324, 0.000227392287343, 9.10258313525e-005, 2.37224685407e-005, 1.77289093699e-005, 9.48928118305e-006, 6.95944299878e-006, 2.63233800979e-006, 7.15328133083e-006, 4.07545530834e-006, 4.88916793984e-006, 6.456514825e-007, 4.17339407477e-007, 5.70765507746e-007, 1.18948617001e-006, 1.48548963352e-006, 3.56303587523e-007, 2.46319672215e-007, 3.5996549741e-007, 1.04139431301e-007, 2.25316568958e-007, 1.72824201172e-007, 1.55456859829e-007, 7.20823720712e-008, 2.6616609361e-008, 1.15515399557e-006, 2.63997293359e-007]
    },
    "erbbands": {
        "mean": [0.466756790876, 2.648219347, 6.28418254852, 9.94641685486, 13.7522153854, 12.9355535507, 11.7374629974, 15.7074871063, 12.2353191376, 30.7496643066, 17.0486736298, 30.9758625031, 24.1038627625, 30.1441516876, 33.6266326904, 19.0316467285, 18.1333656311, 18.9118118286, 20.1965827942, 30.0712738037, 20.7313804626, 18.6576709747, 17.6153945923, 16.6101589203, 15.3276071548, 9.51321029663, 9.50283432007, 8.22701644897, 6.61027860641, 4.91255998611, 4.43497467041, 2.8690161705, 1.78334379196, 1.0284011364, 0.780648887157, 0.8670835495, 0.714829981327, 0.358990013599, 0.0129903135821, 0.000285148154944],
        "var": [0.281551361084, 10.8169288635, 98.8784179688, 147.823699951, 237.502349854, 214.166610718, 283.928741455, 689.078735352, 484.680023193, 3849.39331055, 867.100463867, 5370.12988281, 2442.53173828, 2632.11425781, 6140.29101563, 1218.22253418, 816.216552734, 1289.79150391, 1608.60437012, 7685.32763672, 2068.64233398, 1076.66113281, 715.336486816, 1091.61791992, 622.064147949, 266.823150635, 368.954986572, 358.768829346, 243.957901001, 126.861534119, 137.250183105, 50.3575592041, 14.0492315292, 3.47580242157, 3.09341669083, 6.22348880768, 4.47536420822, 1.27902603149, 0.00189840479288, 5.25176631072e-007]
    },
    "gfcc": {
        "mean": [-7.70377826691, 88.1866989136, -95.1794891357, 27.3437747955, -43.4563713074, 10.9506607056, -27.7110176086, 9.88431167603, -23.972410202, 1.33979558945, -16.7231426239, 2.32092952728, -11.8989286423],
        "cov": [[9314.05175781, 267.469818115, 358.170806885, 1450.57922363, -161.044586182, 369.560913086, -197.960647583, 141.34274292, -140.912750244, -209.868865967, -128.020095825, 70.9806060791, -138.91960144], [267.469818115, 3383.27392578, -363.956176758, 839.304748535, -68.4639892578, -166.602600098, 138.687088013, -180.432006836, 343.823242188, -540.080749512, 269.280914307, -308.791809082, 238.059082031], [358.170806885, -363.956176758, 1276.13024902, 109.215560913, 257.163085938, 149.130447388, 47.9856185913, 48.9266471863, -56.6461029053, 115.945503235, 8.47437667847, 171.162704468, -3.93251872063], [1450.57922363, 839.304748535, 109.215560913, 1190.77246094, -223.677322388, 156.58757019, -44.7580299377, -37.4244270325, 94.3836288452, -216.648376465, 62.9650802612, -109.112350464, 77.3880844116], [-161.044586182, -68.4639892578, 257.163085938, -223.677322388, 507.104217529, 3.39839291573, 56.7472686768, 17.5877857208, 2.32276630402, 83.8926925659, -1.17461395264, 93.0839614868, 12.1636476517], [369.560913086, -166.602600098, 149.130447388, 156.58757019, 3.39839291573, 303.797210693, 80.707069397, 6.70516347885, -24.9351482391, 10.6081762314, 6.83453273773, 29.8505306244, 8.99048137665], [-197.960647583, 138.687088013, 47.9856185913, -44.7580299377, 56.7472686768, 80.707069397, 202.645126343, 19.2179374695, 11.5106363297, -12.9339618683, 31.8055915833, 11.9113759995, 32.7424163818], [141.34274292, -180.432006836, 48.9266471863, -37.4244270325, 17.5877857208, 6.70516347885, 19.2179374695, 156.796936035, 42.8313941956, 56.1925430298, -4.55316734314, 26.1384735107, -9.7586107254], [-140.912750244, 343.823242188, -56.6461029053, 94.3836288452, 2.32276630402, -24.9351482391, 11.5106363297, 42.8313941956, 166.074020386, -4.34776163101, 46.9577140808, -39.4459877014, 39.5488777161], [-209.868865967, -540.080749512, 115.945503235, -216.648376465, 83.8926925659, 10.6081762314, -12.9339618683, 56.1925430298, -4.34776163101, 218.134155273, -3.16078710556, 75.4768218994, -28.8327865601], [-128.020095825, 269.280914307, 8.47437667847, 62.9650802612, -1.17461395264, 6.83453273773, 31.8055915833, -4.55316734314, 46.9577140808, -3.16078710556, 109.212295532, 14.0293684006, 43.585811615], [70.9806060791, -308.791809082, 171.162704468, -109.112350464, 93.0839614868, 29.8505306244, 11.9113759995, 26.1384735107, -39.4459877014, 75.4768218994, 14.0293684006, 137.099578857, 4.4627995491], [-138.91960144, 238.059082031, -3.93251872063, 77.3880844116, 12.1636476517, 8.99048137665, 32.7424163818, -9.7586107254, 39.5488777161, -28.8327865601, 43.585811615, 4.4627995491, 88.0903091431]],
        "icov": [[0.000181197567144, -0.000124027472339, 4.29355932283e-005, -0.000244586233748, -1.37690003612e-005, -0.000173878972419, 0.000181380048161, -0.000336152996169, 0.000295201607514, -5.77164792048e-005, 0.000350119225914, -0.000459693925222, 0.00045133754611], [-0.000124027472339, 0.00140464829747, -6.87102656229e-005, -0.00015042006271, -0.00051657599397, 0.000908678106498, -0.000755439512432, 0.00103692687117, -0.00165397545788, 0.00229706685059, -0.00240729865618, 0.00174970156513, -0.00089137541363], [4.29355932283e-005, -6.87102656229e-005, 0.00114348821808, -0.00043926606304, -0.00046043281327, -0.000233749931795, -0.000120538352348, -0.000210892831092, 0.000384224113077, -0.000447211612482, 0.00022742873989, -0.00122049881611, 0.00042964311433], [-0.000244586233748, -0.00015042006271, -0.00043926606304, 0.00199119490571, 0.000594285258558, -0.0010000471957, 0.000949375797063, 0.000131563734612, -0.000729025457986, 0.000911539827939, -0.000531194498762, 0.00101042550523, -0.0012291057501], [-1.37690003612e-005, -0.00051657599397, -0.00046043281327, 0.000594285258558, 0.00293593551032, -0.000137017777888, -0.000353668845491, 0.000221519425395, -0.000345447158907, -0.0010775878327, 0.00155709520914, -0.00173985247966, -0.000283652479993], [-0.000173878972419, 0.000908678106498, -0.000233749931795, -0.0010000471957, -0.000137017777888, 0.00533586973324, -0.00288712861948, 0.00098472321406, -0.000247820600634, 0.000323073618347, -0.00105562282261, 0.000501784903463, -0.000491303799208], [0.000181380048161, -0.000755439512432, -0.000120538352348, 0.000949375797063, -0.000353668845491, -0.00288712861948, 0.00758163398132, -0.00210391660221, 0.00118687038776, 0.000447584199719, -0.000534366001375, -8.49010903039e-005, -0.00133710808586], [-0.000336152996169, 0.00103692687117, -0.000210892831092, 0.000131563734612, 0.000221519425395, 0.00098472321406, -0.00210391660221, 0.00970644317567, -0.00504993880168, -0.000105240687844, -2.85117421299e-005, -0.000564876012504, 0.000544337555766], [0.000295201607514, -0.00165397545788, 0.000384224113077, -0.000729025457986, -0.000345447158907, -0.000247820600634, 0.00118687038776, -0.00504993880168, 0.0125126084313, -0.00399409746751, -0.000692552770488, 0.0021459267009, -0.00202566455118], [-5.77164792048e-005, 0.00229706685059, -0.000447211612482, 0.000911539827939, -0.0010775878327, 0.000323073618347, 0.000447584199719, -0.000105240687844, -0.00399409746751, 0.0117860035971, -0.00462665781379, -5.91536372667e-005, 0.000761380943004], [0.000350119225914, -0.00240729865618, 0.00022742873989, -0.000531194498762, 0.00155709520914, -0.00105562282261, -0.000534366001375, -2.85117421299e-005, -0.000692552770488, -0.00462665781379, 0.01786037907, -0.00649727974087, -0.00208858167753], [-0.000459693925222, 0.00174970156513, -0.00122049881611, 0.00101042550523, -0.00173985247966, 0.000501784903463, -8.49010903039e-005, -0.000564876012504, 0.0021459267009, -5.91536372667e-005, -0.00649727974087, 0.0164602268487, -0.00483949156478], [0.00045133754611, -0.00089137541363, 0.00042964311433, -0.0012291057501, -0.000283652479993, -0.000491303799208, -0.00133710808586, 0.000544337555766, -0.00202566455118, 0.000761380943004, -0.00208858167753, -0.00483949156478, 0.0186554286629]]
    },
    "melbands": {
        "mean": [0.00437783496454, 0.00333666196093, 0.00188393250573, 0.00104117183946, 0.000422620592872, 0.000349704321707, 0.000213360457565, 0.000309889874188, 0.000151304528117, 0.000179931012099, 0.000118707008369, 0.000122454104712, 0.000130906613776, 5.30536890437e-005, 4.47908787464e-005, 3.74139926862e-005, 3.43572573911e-005, 3.14211283694e-005, 3.50807822542e-005, 4.05834653066e-005, 2.04021089303e-005, 1.86243432836e-005, 1.87222631212e-005, 1.38340546982e-005, 1.32266504806e-005, 1.32699678943e-005, 7.50252638682e-006, 5.95389474256e-006, 6.00642215431e-006, 5.12194083058e-006, 4.68018424726e-006, 3.9503552216e-006, 3.06381139126e-006, 2.58968816524e-006, 2.63836250269e-006, 2.20208448809e-006, 1.58976422426e-006, 1.33715604989e-006, 9.24319465412e-007, 8.57671182075e-007],
        "var": [2.07697721635e-005, 1.98457437364e-005, 4.76349850942e-006, 1.27272346617e-006, 2.65738492544e-007, 3.35239832339e-007, 1.43543473996e-007, 3.71143357825e-007, 8.059948442e-008, 1.69012963624e-007, 6.98417039757e-008, 5.03475554581e-008, 1.04150615243e-007, 8.66784510833e-009, 7.27349247498e-009, 3.64424401766e-009, 4.71203032149e-009, 3.96341581776e-009, 7.79515296756e-009, 1.43761660354e-008, 1.73555569916e-009, 1.19641763163e-009, 8.86780704423e-010, 5.23883048054e-010, 7.91203935702e-010, 5.7356913663e-010, 1.25262508699e-010, 1.23858007184e-010, 1.49102799551e-010, 1.32138466835e-010, 1.21391494079e-010, 9.60635113123e-011, 4.86788283294e-011, 4.09388356548e-011, 4.9584898687e-011, 3.6245055568e-011, 1.45979027477e-011, 8.48934811337e-012, 3.31308786829e-012, 2.59141492986e-012]
    },
    "mfcc": {
        "mean": [-660.641357422, 128.618041992, 6.3682551384, 26.5891666412, 6.8488111496, 6.97459459305, 6.20490407944, 7.83048391342, 2.08445906639, 1.28924953938, 0.029219865799, -0.604287922382, -1.54776382446],
        "cov": [[9359.20214844, -434.620117188, 585.604980469, 977.185058594, 220.43901062, 239.265319824, -57.8743629456, 377.030426025, -91.7518844604, 1.06529462337, -56.8969612122, -203.362792969, -47.5853614807], [-434.620117188, 2006.40100098, -111.291938782, 274.547424316, 89.4343032837, -53.9903945923, -50.7268562317, 127.950057983, -1.84408283234, -41.896572113, 25.2773857117, -2.16162753105, -6.22154951096], [585.604980469, -111.291938782, 1007.32952881, 339.720184326, 123.804649353, 178.376861572, 78.325958252, 119.636222839, -12.4177179337, 19.2674388885, -21.2284641266, 8.05709934235, 31.0171165466], [977.185058594, 274.547424316, 339.720184326, 609.998840332, 149.226470947, 63.6384811401, -51.0419883728, 100.434959412, -4.74159049988, -10.987329483, -24.0337276459, -13.9995822906, -2.68496346474], [220.43901062, 89.4343032837, 123.804649353, 149.226470947, 321.497741699, 82.7269058228, 23.3239173889, 24.4916000366, 26.1020240784, 5.44724988937, 3.75849318504, 6.87363433838, 40.9067344666], [239.265319824, -53.9903945923, 178.376861572, 63.6384811401, 82.7269058228, 263.616119385, 113.802696228, 55.2961120605, 9.5004119873, 3.98687171936, -5.19950342178, -6.21858978271, -11.5379257202], [-57.8743629456, -50.7268562317, 78.325958252, -51.0419883728, 23.3239173889, 113.802696228, 201.689788818, 55.5608940125, 17.9240036011, 5.14147615433, 4.53048992157, 4.79399967194, 6.6917347908], [377.030426025, 127.950057983, 119.636222839, 100.434959412, 24.4916000366, 55.2961120605, 55.5608940125, 173.535461426, 29.3552627563, 1.06851637363, 5.27031850815, -19.194442749, -3.83601808548], [-91.7518844604, -1.84408283234, -12.4177179337, -4.74159049988, 26.1020240784, 9.5004119873, 17.9240036011, 29.3552627563, 97.7531661987, 48.4161338806, 23.7704238892, 9.17898368835, 7.92921686172], [1.06529462337, -41.896572113, 19.2674388885, -10.987329483, 5.44724988937, 3.98687171936, 5.14147615433, 1.06851637363, 48.4161338806, 96.6987609863, 45.7122497559, 12.4500150681, 2.4323015213], [-56.8969612122, 25.2773857117, -21.2284641266, -24.0337276459, 3.75849318504, -5.19950342178, 4.53048992157, 5.27031850815, 23.7704238892, 45.7122497559, 87.6469955444, 34.3568496704, 7.25239610672], [-203.362792969, -2.16162753105, 8.05709934235, -13.9995822906, 6.87363433838, -6.21858978271, 4.79399967194, -19.194442749, 9.17898368835, 12.4500150681, 34.3568496704, 79.1940536499, 39.1184577942], [-47.5853614807, -6.22154951096, 31.0171165466, -2.68496346474, 40.9067344666, -11.5379257202, 6.6917347908, -3.83601808548, 7.92921686172, 2.4323015213, 7.25239610672, 39.1184577942, 82.9490661621]],
        "icov": [[0.000159872579388, 9.18121368159e-005, 5.47719791939e-005, -0.000253669160884, -9.8131267805e-006, -8.16001338535e-005, 9.25484564505e-005, -0.0003169059637, 0.000312441843562, -0.00014640383597, -0.000117541225336, 0.000390617904486, -0.000158234790433], [9.18121368159e-005, 0.000653902592603, 0.000220994581468, -0.000431530352216, -0.000145235899254, 0.000129845968331, 9.66440420598e-005, -0.00066303962376, 0.000288320356049, 0.000214180123294, -0.000376216048608, 0.000104113321868, 6.28921361567e-006], [5.47719791939e-005, 0.000220994581468, 0.00157198868692, -0.000870655174367, -4.70265185868e-005, -0.000619241269305, -0.000230620193179, -0.000807520060334, 0.000997433555312, -0.000968348234892, 0.00053470954299, -0.000276036560535, -0.000633205287158], [-0.000253669160884, -0.000431530352216, -0.000870655174367, 0.00323416129686, -0.000985385733657, -0.000120870252431, 0.00135182228405, -0.000753439613618, -0.000223957773414, 0.000108824155177, 0.00100899755489, -0.00113538908772, 0.00104304135311], [-9.8131267805e-006, -0.000145235899254, -4.70265185868e-005, -0.000985385733657, 0.00434313574806, -0.00133049767464, -8.78868959262e-005, 0.000902732659597, -0.00135155348107, 0.000588709546719, -0.000785697833635, 0.00130414462183, -0.00274330284446], [-8.16001338535e-005, 0.000129845968331, -0.000619241269305, -0.000120870252431, -0.00133049767464, 0.00627141073346, -0.00316093536094, -0.000273855461273, 4.65778248326e-005, -4.27002232755e-005, 0.000450036139227, -0.00074728106847, 0.00227124453522], [9.25484564505e-005, 9.66440420598e-005, -0.000230620193179, 0.00135182228405, -8.78868959262e-005, -0.00316093536094, 0.00796507764608, -0.00246400362812, -0.000255072576692, 0.000108474072476, 0.00018027270562, -0.000534733291715, -0.000704895355739], [-0.0003169059637, -0.00066303962376, -0.000807520060334, -0.000753439613618, 0.000902732659597, -0.000273855461273, -0.00246400362812, 0.00972068868577, -0.00404592556879, 0.00248862011358, -0.00220158346929, 0.00286929565482, -0.000635803677142], [0.000312441843562, 0.000288320356049, 0.000997433555312, -0.000223957773414, -0.00135155348107, 4.65778248326e-005, -0.000255072576692, -0.00404592556879, 0.0163703337312, -0.00851561501622, 0.00100052915514, -0.000829883734696, -0.000684149272274], [-0.00014640383597, 0.000214180123294, -0.000968348234892, 0.000108824155177, 0.000588709546719, -4.27002232755e-005, 0.000108474072476, 0.00248862011358, -0.00851561501622, 0.018748536706, -0.00884470622987, 0.00208686618134, 0.000161176692927], [-0.000117541225336, -0.000376216048608, 0.00053470954299, 0.00100899755489, -0.000785697833635, 0.000450036139227, 0.00018027270562, -0.00220158346929, 0.00100052915514, -0.00884470622987, 0.0198150668293, -0.00940102990717, 0.00293551129289], [0.000390617904486, 0.000104113321868, -0.000276036560535, -0.00113538908772, 0.00130414462183, -0.00074728106847, -0.000534733291715, 0.00286929565482, -0.000829883734696, 0.00208686618134, -0.00940102990717, 0.0229226220399, -0.010243030265], [-0.000158234790433, 6.28921361567e-006, -0.000633205287158, 0.00104304135311, -0.00274330284446, 0.00227124453522, -0.000704895355739, -0.000635803677142, -0.000684149272274, 0.000161176692927, 0.00293551129289, -0.010243030265, 0.0185666717589]]
    },
    "spectral_contrast_coeffs": {
        "mean": [-0.664434611797, -0.74517583847, -0.786687612534, -0.805755794048, -0.803515553474, -0.767336189747],
        "var": [0.00918376725167, 0.00642508175224, 0.00439673522487, 0.00260044611059, 0.00236864900216, 0.00183564948384]
    },
    "spectral_contrast_valleys": {
        "mean": [-7.0416636467, -6.86148262024, -7.23842334747, -7.71492099762, -7.66522264481, -10.3376922607],
        "var": [2.71322011948, 1.13113391399, 0.937441408634, 0.968985259533, 1.18974876404, 1.69005608559]
    }
},
"metadata": {
    "audio_properties": {
        "analysis_sample_rate": 44100,
        "bit_rate": 128074,
        "equal_loudness": 0,
        "length": 45.0612258911,
        "lossless": 0,
        "replay_gain": -5.21936416626,
        "sample_rate": 44100,
        "codec": "mp3",
        "downmix": "mix",
        "md5_encoded": "66208b90229aad39e65b56cf5937017d"
    },
    "tags": {
        "file_name": "1366.mp3"
    },
    "version": {
        "essentia": "2.1-beta2",
        "essentia_git_sha": "v2.1_beta2",
        "extractor": "music 1.0"
    }
},
"rhythm": {
    "beats_count": 97,
    "beats_loudness": {
        "mean": 0.100088916719,
        "var": 0.00178959441837
    },
    "bpm": 129.896560669,
    "bpm_histogram_first_peak_bpm": {
        "mean": 129,
        "var": 0
    },
    "bpm_histogram_first_peak_spread": {
        "mean": 0.210526302457,
        "var": 0
    },
    "bpm_histogram_first_peak_weight": {
        "mean": 0.78125,
        "var": 0
    },
    "bpm_histogram_second_peak_bpm": {
        "mean": 136,
        "var": 0
    },
    "bpm_histogram_second_peak_spread": {
        "mean": 0,
        "var": 0
    },
    "bpm_histogram_second_peak_weight": {
        "mean": 0.0104166669771,
        "var": 0
    },
    "danceability": 1.32835245132,
    "onset_rate": 5.92260122299,
    "beats_loudness_band_ratio": {
        "mean": [0.81620246172, 0.046883393079, 0.0461048744619, 0.0326583795249, 0.0425790511072, 0.0335012413561],
        "var": [0.0282102040946, 0.00150693650357, 0.005942130927, 0.00137297483161, 0.00397904356942, 0.00482679903507]
    },
    "beats_position": [0.46439909935, 0.9287981987, 1.39319729805, 1.8575963974, 2.32199549675, 2.7863945961, 3.25079369545, 3.7151927948, 4.1679816246, 4.63238096237, 5.08516979218, 5.54956912994, 6.01396799088, 6.47836732864, 6.94276618958, 7.40716552734, 7.87156438828, 8.33596324921, 8.77714252472, 9.24154186249, 9.70594120026, 10.1703395844, 10.6347389221, 11.0991382599, 11.5519275665, 12.0163259506, 12.4691152573, 12.933514595, 13.3979139328, 13.8623123169, 14.3267116547, 14.7911109924, 15.2555103302, 15.7082986832, 16.1610889435, 16.6254863739, 17.0898857117, 17.5542850494, 18.0186843872, 18.483083725, 18.9474830627, 19.4002723694, 19.853061676, 20.3174591064, 20.7818584442, 21.246257782, 21.7106571198, 22.1750564575, 22.6394557953, 23.1038551331, 23.5566444397, 24.009431839, 24.4738311768, 24.9382305145, 25.4026298523, 25.8670291901, 26.3198184967, 26.7726078033, 27.2370071411, 27.7014045715, 28.1658039093, 28.6302032471, 29.0946025848, 29.5590019226, 30.0234012604, 30.476190567, 30.9289798737, 31.3933773041, 31.8577766418, 32.322177887, 32.7865753174, 33.2509727478, 33.7037620544, 34.1681632996, 34.6209526062, 35.0853500366, 35.5497512817, 36.0141487122, 36.4785499573, 36.9429473877, 37.4073448181, 37.8717460632, 38.3245353699, 38.7773246765, 39.2417221069, 39.7061233521, 40.1705207825, 40.6349182129, 41.099319458, 41.5637168884, 42.0165061951, 42.4692955017, 42.9336967468, 43.3980941772, 43.8624954224, 44.3268928528, 44.7912902832]
},
"tonal": {
    "chords_changes_rate": 0.0668724253774,
    "chords_number_rate": 0.00514403311536,
    "chords_strength": {
        "mean": 0.555220007896,
        "var": 0.00505149643868
    },
    "hpcp_entropy": {
        "mean": 2.32314014435,
        "var": 0.770195066929
    },
    "key_strength": 0.717650592327,
    "tuning_diatonic_strength": 0.640675425529,
    "tuning_equal_tempered_deviation": 0.130665630102,
    "tuning_frequency": 437.971466064,
    "tuning_nontempered_energy_ratio": 0.76339918375,
    "hpcp": {
        "mean": [0.492235422134, 0.31000238657, 0.138281494379, 0.141573265195, 0.128248006105, 0.126832768321, 0.153714224696, 0.133877620101, 0.0943000763655, 0.0823117271066, 0.072188809514, 0.0878501534462, 0.104267537594, 0.0819267556071, 0.0696606934071, 0.0720741674304, 0.0739094167948, 0.0739658623934, 0.0662998557091, 0.083886064589, 0.185749411583, 0.283695191145, 0.211066797376, 0.134906902909, 0.12244644016, 0.0712378025055, 0.0452091284096, 0.0503255873919, 0.0733419433236, 0.111004710197, 0.126411736012, 0.103829331696, 0.0927163735032, 0.120187118649, 0.164658606052, 0.345218807459],
        "var": [0.182338550687, 0.0808464884758, 0.0490214377642, 0.0713920071721, 0.0556389130652, 0.048134598881, 0.0540587231517, 0.0448780730367, 0.0304182209074, 0.0352305956185, 0.0222615841776, 0.0231784600765, 0.0300572682172, 0.0245972517878, 0.0229564365, 0.0246735662222, 0.023655930534, 0.0265409424901, 0.0213787406683, 0.0302619989961, 0.0529598146677, 0.0779090747237, 0.0549477897584, 0.0488576553762, 0.0616544261575, 0.0205896161497, 0.0104982620105, 0.0115946680307, 0.0222602505237, 0.0412058271468, 0.0588350892067, 0.0438259281218, 0.0320162512362, 0.0472163967788, 0.0682322904468, 0.0979997143149]
    },
    "chords_histogram": [39.5061721802, 0.411522626877, 4.21810722351, 0.720164597034, 0, 0, 0, 46.0905342102, 0.617283940315, 4.83539104462, 3.60082316399, 0, 0, 0, 0, 0, 0, 0, 0, 0, 0, 0, 0, 0],
    "thpcp": [1, 0.629784822464, 0.280925512314, 0.287612915039, 0.260542005301, 0.257666885853, 0.312277853489, 0.271978855133, 0.191575154662, 0.167220249772, 0.1466550529, 0.178471818566, 0.211824536324, 0.166438162327, 0.14151905477, 0.146422147751, 0.150150537491, 0.150265216827, 0.134691357613, 0.170418590307, 0.377358883619, 0.576340436935, 0.428792387247, 0.274069875479, 0.248755842447, 0.144723027945, 0.0918445214629, 0.102238856256, 0.148997694254, 0.225511416793, 0.256811529398, 0.21093429625, 0.188357785344, 0.244165927172, 0.334511905909, 0.701328635216],
    "chords_key": "A",
    "chords_scale": "major",
    "key_key": "A",
    "key_scale": "minor"
}
}