{
"lowlevel": {
    "average_loudness": 0.979772090912,
    "barkbands_crest": {
        "mean": 12.1409130096,
        "var": 18.9792156219
    },
    "barkbands_flatness_db": {
        "mean": 0.116816453636,
        "var": 0.00228034658358
    },
    "barkbands_kurtosis": {
        "mean": 7.75758838654,
        "var": 459.938903809
    },
    "barkbands_skewness": {
        "mean": 2.20854020119,
        "var": 1.37937438488
    },
    "barkbands_spread": {
        "mean": 24.707447052,
        "var": 337.572998047
    },
    "dissonance": {
        "mean": 0.456076741219,
        "var": 0.000763599469792
    },
    "dynamic_complexity": 1.0441133976,
    "erbbands_crest": {
        "mean": 7.2627120018,
        "var": 9.60841083527
    },
    "erbbands_flatness_db": {
        "mean": 0.106027446687,
        "var": 0.000743405835237
    },
    "erbbands_kurtosis": {
        "mean": -0.219846978784,
        "var": 0.378906816244
    },
    "erbbands_skewness": {
        "mean": 0.495370656252,
        "var": 0.21970449388
    },
    "erbbands_spread": {
        "mean": 51.6249465942,
        "var": 182.362625122
    },
    "hfc": {
        "mean": 35.7929763794,
        "var": 1086.23852539
    },
    "melbands_crest": {
        "mean": 17.6751804352,
        "var": 20.1475009918
    },
    "melbands_flatness_db": {
        "mean": 0.198662623763,
        "var": 0.00349948136136
    },
    "melbands_kurtosis": {
        "mean": 34.5941200256,
        "var": 95604.34375
    },
    "melbands_skewness": {
        "mean": 3.61842870712,
        "var": 9.96799945831
    },
    "melbands_spread": {
        "mean": 18.1378135681,
        "var": 205.983276367
    },
    "pitch_salience": {
        "mean": 0.505613148212,
        "var": 0.0120591111481
    },
    "silence_rate_20dB": {
        "mean": 1,
        "var": 0
    },
    "silence_rate_30dB": {
        "mean": 0.995880544186,
        "var": 0.00410267431289
    },
    "silence_rate_60dB": {
        "mean": 0.00360453152098,
        "var": 0.00359144620597
    },
    "spectral_centroid": {
        "mean": 1206.40869141,
        "var": 393412.84375
    },
    "spectral_complexity": {
        "mean": 24.7765197754,
        "var": 159.508499146
    },
    "spectral_decrease": {
        "mean": -1.23723555845e-008,
        "var": 4.21527104254e-017
    },
    "spectral_energy": {
        "mean": 0.0499426648021,
        "var": 0.000636994082015
    },
    "spectral_energyband_high": {
        "mean": 0.00249103689566,
        "var": 1.11898625619e-005
    },
    "spectral_energyband_low": {
        "mean": 0.0273458231241,
        "var": 0.000437509530457
    },
    "spectral_energyband_middle_high": {
        "mean": 0.00474438862875,
        "var": 9.82539859251e-006
    },
    "spectral_energyband_middle_low": {
        "mean": 0.0174651313573,
        "var": 8.61994049046e-005
    },
    "spectral_entropy": {
        "mean": 7.70200872421,
        "var": 0.227566003799
    },
    "spectral_flux": {
        "mean": 0.119229204953,
        "var": 0.00313456100412
    },
    "spectral_kurtosis": {
        "mean": 3.18345212936,
        "var": 1.50974106789
    },
    "spectral_rms": {
        "mean": 0.00670864619315,
        "var": 3.71850546799e-006
    },
    "spectral_rolloff": {
        "mean": 1461.0847168,
        "var": 3619899
    },
    "spectral_skewness": {
        "mean": 1.4989361763,
        "var": 0.0713386982679
    },
    "spectral_spread": {
        "mean": 6062845,
        "var": 1.91609765888e+012
    },
    "spectral_strongpeak": {
        "mean": 0.743353188038,
        "var": 0.14630573988
    },
    "zerocrossingrate": {
        "mean": 0.058425039053,
        "var": 0.00276200682856
    },
    "barkbands": {
        "mean": [0.00071937777102, 0.0159251131117, 0.00883342139423, 0.00345724658109, 0.00444434164092, 0.00429148320109, 0.00245965644717, 0.00133238977287, 0.00101043423638, 0.00089276721701, 0.000722931232303, 0.000620466307737, 0.000367940112483, 0.000481336930534, 0.000374553143047, 0.000346398999682, 0.000361421931302, 0.000301288353512, 0.000341092556482, 0.000413140980527, 0.000452302629128, 0.000323266664054, 0.000358965364285, 0.000424935249612, 0.000366071879398, 0.000290095747914, 3.02323533106e-005],
        "var": [7.27487702079e-007, 0.000386511004763, 0.000125288803247, 3.41279082932e-005, 2.74125432043e-005, 1.9155553673e-005, 7.25429117665e-006, 3.67784377886e-006, 8.00409509338e-007, 1.07980656594e-006, 7.08962318186e-007, 4.12708402564e-007, 8.73939640655e-008, 3.6149529592e-007, 1.08446819524e-007, 1.79610367468e-007, 1.46169909954e-007, 1.03819118635e-007, 1.44930410784e-007, 2.93501187798e-007, 3.06344560386e-007, 2.04943617632e-007, 2.70838540928e-007, 4.03220241196e-007, 3.45328658113e-007, 2.15197289322e-007, 3.60770457952e-009]
    },
    "erbbands": {
        "mean": [0.341589808464, 4.01211071014, 10.0498209, 11.923705101, 12.2550230026, 16.240442276, 19.0545158386, 38.3790206909, 33.3603439331, 44.298084259, 25.6617507935, 22.9868125916, 32.5536956787, 22.5258769989, 31.1368865967, 24.6571216583, 18.0509605408, 25.6577911377, 17.9583148956, 20.0908470154, 22.6930732727, 18.3732719421, 16.3501663208, 17.109254837, 16.9823493958, 19.4012088776, 21.1942462921, 15.2505607605, 11.8615875244, 11.0767641068, 9.96842479706, 8.60107517242, 7.03769207001, 4.20930957794, 2.61276555061, 1.38685798645, 0.481975793839, 0.111129172146, 0.00352079118602, 0.000140393094625],
        "var": [0.221201792359, 23.2330856323, 119.347732544, 218.164642334, 327.594390869, 486.919128418, 552.94317627, 1894.98156738, 1299.62524414, 3273.46362305, 1404.35131836, 417.827209473, 1344.21643066, 437.593109131, 1110.05273438, 620.799438477, 181.111572266, 1069.13708496, 278.091400146, 317.974822998, 766.649597168, 356.628540039, 273.202423096, 343.237976074, 393.916168213, 656.854858398, 765.173217773, 377.521881104, 262.027130127, 255.710418701, 217.359268188, 180.023971558, 108.263076782, 44.5517883301, 17.5773830414, 5.07062482834, 0.590965032578, 0.0362047813833, 4.62088428321e-005, 2.29424372833e-008]
    },
    "gfcc": {
        "mean": [58.9086418152, 66.1005706787, -92.889213562, 28.937253952, -57.0355873108, 18.6819438934, -35.7612190247, 15.307009697, -25.1973152161, 11.8273134232, -17.3866100311, 6.67685699463, -13.7903385162],
        "cov": [[4194.52929688, -607.598388672, 126.891113281, 172.70362854, -85.2615203857, 74.3039169312, -87.0163650513, 22.5607376099, -140.156997681, -14.5652294159, -199.639511108, -104.926109314, -179.622756958], [-607.598388672, 908.036193848, 128.916793823, 82.8764266968, 146.305450439, 27.3191699982, 70.4811782837, -21.8674659729, 23.3532657623, -66.3115234375, 39.4794235229, -0.00334537401795, 85.6427078247], [126.891113281, 128.916793823, 315.01739502, 125.401435852, 112.438423157, 62.2091751099, 39.1115341187, -4.38615703583, -1.49031352997, -47.561126709, -28.7345943451, -27.2776927948, 3.99672675133], [172.70362854, 82.8764266968, 125.401435852, 139.601867676, 67.6961135864, 50.0726699829, 29.5256595612, 6.0879445076, -0.406468838453, -25.3437004089, -24.1723461151, -26.883190155, -8.57121181488], [-85.2615203857, 146.305450439, 112.438423157, 67.6961135864, 97.5800628662, 44.6523666382, 50.6322593689, 11.1319065094, 16.8953704834, -6.76860189438, -1.07608962059, -12.8092737198, 3.09912753105], [74.3039169312, 27.3191699982, 62.2091751099, 50.0726699829, 44.6523666382, 56.9455223083, 35.3667526245, 19.8314056396, 14.2064981461, 1.20549798012, 0.259678035975, -10.0153169632, -7.28990125656], [-87.0163650513, 70.4811782837, 39.1115341187, 29.5256595612, 50.6322593689, 35.3667526245, 68.1870498657, 35.2757644653, 34.9242324829, 14.7525568008, 13.7422275543, -0.404839336872, -3.31272363663], [22.5607376099, -21.8674659729, -4.38615703583, 6.0879445076, 11.1319065094, 19.8314056396, 35.2757644653, 49.2159423828, 36.3699569702, 32.9479141235, 20.7524967194, 14.7573804855, 2.69437193871], [-140.156997681, 23.3532657623, -1.49031352997, -0.406468838453, 16.8953704834, 14.2064981461, 34.9242324829, 36.3699569702, 65.7385253906, 44.110042572, 36.6796340942, 16.7935237885, 11.7063484192], [-14.5652294159, -66.3115234375, -47.561126709, -25.3437004089, -6.76860189438, 1.20549798012, 14.7525568008, 32.9479141235, 44.110042572, 81.0320053101, 51.151184082, 29.2361488342, 9.39406299591], [-199.639511108, 39.4794235229, -28.7345943451, -24.1723461151, -1.07608962059, 0.259678035975, 13.7422275543, 20.7524967194, 36.6796340942, 51.151184082, 86.3274459839, 59.6793022156, 50.6407699585], [-104.926109314, -0.00334537401795, -27.2776927948, -26.883190155, -12.8092737198, -10.0153169632, -0.404839336872, 14.7573804855, 16.7935237885, 29.2361488342, 59.6793022156, 73.8878707886, 64.7852935791], [-179.622756958, 85.6427078247, 3.99672675133, -8.57121181488, 3.09912753105, -7.28990125656, -3.31272363663, 2.69437193871, 11.7063484192, 9.39406299591, 50.6407699585, 64.7852935791, 98.1014556885]],
        "icov": [[0.000422027165769, -6.7666907853e-005, -0.000345392618328, -0.000579207728151, 0.00103870034218, -0.000879616534803, 0.000583538261708, -0.000855983933434, 0.00122463656589, -0.00130315579008, 0.00139277405106, -0.000930212379899, 0.000614299613517], [-6.7666907853e-005, 0.00242726597935, 0.000864118104801, -0.000161395626492, -0.00400667777285, 0.00231589563191, -0.00125150196254, 0.000970509427134, -0.00127392099239, 0.00403164885938, -0.0041409577243, 0.00418372498825, -0.00292180432007], [-0.000345392618328, 0.000864118104801, 0.00752665661275, -0.00218990840949, -0.00856365822256, -0.000624257547315, 0.00177686871029, 0.00157197401859, -0.00287257949822, 0.00513687450439, -0.00159242190421, 0.000892709766049, -0.00156042294111], [-0.000579207728151, -0.000161395626492, -0.00218990840949, 0.0156415905803, -0.00578574743122, -0.00611929688603, 0.00209497357719, -0.00194334518164, -0.000683388847392, 0.00280384114012, -0.000236727646552, 0.00375440577045, -0.00215573236346], [0.00103870034218, -0.00400667777285, -0.00856365822256, -0.00578574743122, 0.0432100817561, -0.0115109002218, -0.0192886628211, 0.0089801447466, 0.00480979122221, -0.0138006703928, 0.00950395688415, -0.00305476249196, -1.64403645613e-005], [-0.000879616534803, 0.00231589563191, -0.000624257547315, -0.00611929688603, -0.0115109002218, 0.0426924042404, -0.00862604100257, -0.00927063077688, 0.00041370591498, 0.00704186968505, -0.0122068803757, 0.0107880784199, -0.00218886975199], [0.000583538261708, -0.00125150196254, 0.00177686871029, 0.00209497357719, -0.0192886628211, -0.00862604100257, 0.0507510565221, -0.0272562000901, -0.00710260402411, 0.00641586957499, -0.00232171197422, -0.00230878125876, 0.00765874469653], [-0.000855983933434, 0.000970509427134, 0.00157197401859, -0.00194334518164, 0.0089801447466, -0.00927063077688, -0.0272562000901, 0.0632566809654, -0.0183249935508, -0.00995415728539, 0.0102020371705, -0.0156597848982, 0.00193637039047], [0.00122463656589, -0.00127392099239, -0.00287257949822, -0.000683388847392, 0.00480979122221, 0.00041370591498, -0.00710260402411, -0.0183249935508, 0.0428537502885, -0.0168690476567, -0.00386239448562, 0.00759767275304, -0.00296796485782], [-0.00130315579008, 0.00403164885938, 0.00513687450439, 0.00280384114012, -0.0138006703928, 0.00704186968505, 0.00641586957499, -0.00995415728539, -0.0168690476567, 0.0437582693994, -0.0265652760863, 0.00805107876658, 0.00179838493932], [0.00139277405106, -0.0041409577243, -0.00159242190421, -0.000236727646552, 0.00950395688415, -0.0122068803757, -0.00232171197422, 0.0102020371705, -0.00386239448562, -0.0265652760863, 0.0549705550075, -0.0370332933962, 0.00372842606157], [-0.000930212379899, 0.00418372498825, 0.000892709766049, 0.00375440577045, -0.00305476249196, 0.0107880784199, -0.00230878125876, -0.0156597848982, 0.00759767275304, 0.00805107876658, -0.0370332933962, 0.0736611708999, -0.035019505769], [0.000614299613517, -0.00292180432007, -0.00156042294111, -0.00215573236346, -1.64403645613e-005, -0.00218886975199, 0.00765874469653, 0.00193637039047, -0.00296796485782, 0.00179838493932, 0.00372842606157, -0.035019505769, 0.0351714417338]]
    },
    "melbands": {
        "mean": [0.00393663765863, 0.00549935316667, 0.0021100898739, 0.00101562484633, 0.000695085444022, 0.000862828281242, 0.000521362526342, 0.000441132520791, 0.000191129976884, 0.000143564597238, 0.000160914161825, 8.71313968673e-005, 0.000109519554826, 7.66807570471e-005, 4.67953796033e-005, 3.72233625967e-005, 4.96581596963e-005, 2.83615554508e-005, 2.59046737483e-005, 2.54377973761e-005, 2.72462966677e-005, 2.02258197533e-005, 1.48467761392e-005, 1.53661458171e-005, 1.34355414048e-005, 1.28389347083e-005, 1.15044422273e-005, 1.31631786644e-005, 1.38986233651e-005, 1.12878524305e-005, 7.98363998911e-006, 6.84539963913e-006, 5.91973184783e-006, 6.19242518951e-006, 5.8730697674e-006, 5.19988179803e-006, 5.27603015144e-006, 5.23168228028e-006, 3.99400505557e-006, 3.39819757755e-006],
        "var": [2.56323892245e-005, 2.49483346124e-005, 5.69111671211e-006, 1.55208556407e-006, 6.62642491989e-007, 8.71471911523e-007, 2.7386408874e-007, 3.15538443374e-007, 7.63032659279e-008, 1.49736596455e-008, 3.36586971628e-008, 7.99020405395e-009, 1.4213965116e-008, 7.38544203571e-009, 1.27463950506e-009, 8.67673655147e-010, 5.14249531847e-009, 7.14952930192e-010, 5.45298417531e-010, 6.79019285243e-010, 1.18866838594e-009, 4.8542680986e-010, 2.24501195412e-010, 2.92044555206e-010, 2.29563909548e-010, 2.28707289218e-010, 2.04125299996e-010, 3.37078143176e-010, 3.61091323509e-010, 1.99226801723e-010, 1.13068707175e-010, 8.70626418181e-011, 7.80606274065e-011, 8.05249686375e-011, 7.7914286134e-011, 6.15489603728e-011, 7.19576342956e-011, 6.08422340287e-011, 3.61771237967e-011, 3.13962779386e-011]
    },
    "mfcc": {
        "mean": [-593.52130127, 104.159927368, 16.5126781464, 19.8198413849, 5.23088884354, 6.39984560013, 3.59325671196, 2.79313993454, 2.51253271103, 2.97146129608, -0.343682020903, 4.27645349503, 2.31723737717],
        "cov": [[3550.1496582, -482.480499268, 133.781265259, 22.6455135345, -5.96121835709, 10.4987440109, 13.7919607162, -38.7910728455, 12.9200229645, -22.1682758331, -69.1551742554, -14.1625299454, -23.7886390686], [-482.480499268, 753.721557617, 90.3423995972, 102.928367615, 81.8796844482, 70.0693969727, 61.1879348755, 63.7823066711, 11.3058261871, -1.58827257156, 2.48065662384, -38.1421546936, -44.8936920166], [133.781265259, 90.3423995972, 195.056259155, 67.2272567749, 77.2253417969, 54.1604156494, 42.1289215088, 40.0568466187, 19.301607132, 8.05086803436, -12.966958046, -7.45044136047, -29.0342636108], [22.6455135345, 102.928367615, 67.2272567749, 89.6442337036, 48.2982940674, 42.3485107422, 32.630153656, 29.2095794678, 20.9634189606, 10.6394376755, 4.91575622559, -5.27415275574, -7.17279005051], [-5.96121835709, 81.8796844482, 77.2253417969, 48.2982940674, 69.1641693115, 42.1529159546, 30.6393852234, 23.3827133179, 10.3713827133, 7.96950483322, -5.44509363174, -7.65694093704, -17.1719894409], [10.4987440109, 70.0693969727, 54.1604156494, 42.3485107422, 42.1529159546, 58.9946174622, 34.3362045288, 26.2612533569, 17.2225551605, 14.6548271179, 9.12213230133, -0.725180089474, -10.7265577316], [13.7919607162, 61.1879348755, 42.1289215088, 32.630153656, 30.6393852234, 34.3362045288, 54.1892471313, 30.4729385376, 15.1567926407, 7.7890086174, 3.62314200401, 2.5262567997, -2.23398160934], [-38.7910728455, 63.7823066711, 40.0568466187, 29.2095794678, 23.3827133179, 26.2612533569, 30.4729385376, 57.375869751, 26.4128952026, 8.98190784454, 5.51194286346, 1.42334640026, -2.46440172195], [12.9200229645, 11.3058261871, 19.301607132, 20.9634189606, 10.3713827133, 17.2225551605, 15.1567926407, 26.4128952026, 49.9998855591, 27.310634613, 14.8859586716, 14.437245369, 13.0859375], [-22.1682758331, -1.58827257156, 8.05086803436, 10.6394376755, 7.96950483322, 14.6548271179, 7.7890086174, 8.98190784454, 27.310634613, 48.5661087036, 26.8557453156, 23.4545726776, 15.6794786453], [-69.1551742554, 2.48065662384, -12.966958046, 4.91575622559, -5.44509363174, 9.12213230133, 3.62314200401, 5.51194286346, 14.8859586716, 26.8557453156, 62.2433891296, 32.0735168457, 30.1730632782], [-14.1625299454, -38.1421546936, -7.45044136047, -5.27415275574, -7.65694093704, -0.725180089474, 2.5262567997, 1.42334640026, 14.437245369, 23.4545726776, 32.0735168457, 57.8910102844, 40.4214286804], [-23.7886390686, -44.8936920166, -29.0342636108, -7.17279005051, -17.1719894409, -10.7265577316, -2.23398160934, -2.46440172195, 13.0859375, 15.6794786453, 30.1730632782, 40.4214286804, 72.5824432373]],
        "icov": [[0.000352078350261, 0.000268116506049, -0.000394508126192, -0.000291108706733, 0.000530686054844, -0.000230838617426, -0.000307334063109, 0.000496099703014, -0.000304829824017, 0.000199930960662, 0.000317957194056, 3.57493627234e-005, 5.31550140295e-005], [0.000268116506049, 0.00197079684585, -1.43705665323e-006, -0.00146988779306, -0.000455308239907, -0.000294197438052, -0.000680716184434, -0.000818229047582, 0.000516154104844, 0.000342177227139, -0.000525146839209, 0.000871437077876, 0.000527113152202], [-0.000394508126192, -1.43705665323e-006, 0.0107143670321, -0.00202408432961, -0.00885022524744, -0.000682331621647, 0.000133428256959, -0.00280317990109, -0.000233191793086, 0.000409877189668, 0.00161395221949, -0.00275898654945, 0.0024890336208], [-0.000291108706733, -0.00146988779306, -0.00202408432961, 0.0228844638914, -0.00805915333331, -0.00500693079084, -0.00148519128561, -0.000478960690089, -0.00468282401562, 0.00139321188908, -0.00231157406233, 0.00351031613536, -0.00271200016141], [0.000530686054844, -0.000455308239907, -0.00885022524744, -0.00805915333331, 0.040918532759, -0.0140745090321, -0.00361039210111, 0.00115171342622, 0.00405997317284, -0.00445627747104, 0.00544786918908, 0.000593791832216, 0.000719656818546], [-0.000230838617426, -0.000294197438052, -0.000682331621647, -0.00500693079084, -0.0140745090321, 0.0438336990774, -0.0130888512358, -0.00166106154211, -0.00191231514327, -0.00446970947087, -0.00762111833319, 0.00118937937077, 0.00547960633412], [-0.000307334063109, -0.000680716184434, 0.000133428256959, -0.00148519128561, -0.00361039210111, -0.0130888512358, 0.03632331267, -0.0116998897865, 0.0013986324193, 0.00122666230891, 0.00219599530101, -0.00289838970639, -0.00249884324148], [0.000496099703014, -0.000818229047582, -0.00280317990109, -0.000478960690089, 0.00115171342622, -0.00166106154211, -0.0116998897865, 0.0339999943972, -0.0159483868629, 0.00580376107246, -0.00154933321755, 0.00060331216082, 0.00123883329798], [-0.000304829824017, 0.000516154104844, -0.000233191793086, -0.00468282401562, 0.00405997317284, -0.00191231514327, 0.0013986324193, -0.0159483868629, 0.0408004894853, -0.0194051694125, 0.00272699422203, -9.88670144579e-005, -0.00439978996292], [0.000199930960662, 0.000342177227139, 0.000409877189668, 0.00139321188908, -0.00445627747104, -0.00446970947087, 0.00122666230891, 0.00580376107246, -0.0194051694125, 0.0407839491963, -0.0100720915943, -0.00830731354654, 0.00260048941709], [0.000317957194056, -0.000525146839209, 0.00161395221949, -0.00231157406233, 0.00544786918908, -0.00762111833319, 0.00219599530101, -0.00154933321755, 0.00272699422203, -0.0100720915943, 0.0293828118593, -0.00898410379887, -0.00515306089073], [3.57493627234e-005, 0.000871437077876, -0.00275898654945, 0.00351031613536, 0.000593791832216, 0.00118937937077, -0.00289838970639, 0.00060331216082, -9.88670144579e-005, -0.00830731354654, -0.00898410379887, 0.0368030369282, -0.0149070871994], [5.31550140295e-005, 0.000527113152202, 0.0024890336208, -0.00271200016141, 0.000719656818546, 0.00547960633412, -0.00249884324148, 0.00123883329798, -0.00439978996292, 0.00260048941709, -0.00515306089073, -0.0149070871994, 0.0264692045748]]
    },
    "spectral_contrast_coeffs": {
        "mean": [-0.59181022644, -0.649280846119, -0.73006528616, -0.769508838654, -0.778674662113, -0.759076118469],
        "var": [0.0112300775945, 0.00862228311598, 0.0060647376813, 0.00368186412379, 0.0028180310037, 0.0010792381363]
    },
    "spectral_contrast_valleys": {
        "mean": [-7.18189191818, -6.75398731232, -7.19721746445, -7.56173849106, -7.34053993225, -9.45964431763],
        "var": [1.04092299938, 0.869021356106, 0.903039157391, 0.893460869789, 1.02934360504, 1.20322358608]
    }
},
"metadata": {
    "audio_properties": {
        "analysis_sample_rate": 44100,
        "bit_rate": 128074,
        "equal_loudness": 0,
        "length": 45.0612258911,
        "lossless": 0,
        "replay_gain": -5.14552307129,
        "sample_rate": 44100,
        "codec": "mp3",
        "downmix": "mix",
        "md5_encoded": "dc2c486c77cd838c2cc7f1ab6e855ff7"
    },
    "tags": {
        "file_name": "1367.mp3"
    },
    "version": {
        "essentia": "2.1-beta2",
        "essentia_git_sha": "v2.1_beta2",
        "extractor": "music 1.0"
    }
},
"rhythm": {
    "beats_count": 72,
    "beats_loudness": {
        "mean": 0.0585244745016,
        "var": 0.000194358130102
    },
    "bpm": 96.5453720093,
    "bpm_histogram_first_peak_bpm": {
        "mean": 96,
        "var": 0
    },
    "bpm_histogram_first_peak_spread": {
        "mean": 0.478260874748,
        "var": 0
    },
    "bpm_histogram_first_peak_weight": {
        "mean": 0.507042229176,
        "var": 0
    },
    "bpm_histogram_second_peak_bpm": {
        "mean": 88,
        "var": 0
    },
    "bpm_histogram_second_peak_spread": {
        "mean": 0,
        "var": 0
    },
    "bpm_histogram_second_peak_weight": {
        "mean": 0.0281690135598,
        "var": 0
    },
    "danceability": 2.03893923759,
    "onset_rate": 5.34586858749,
    "beats_loudness_band_ratio": {
        "mean": [0.520856142044, 0.122788377106, 0.124037519097, 0.0727210715413, 0.0525442026556, 0.13147765398],
        "var": [0.0294211544096, 0.00612630555406, 0.00706741865724, 0.0013837676961, 0.00103824015241, 0.0113645587116]
    },
    "beats_position": [0.638548731804, 1.31192743778, 1.99691605568, 2.6470746994, 3.27401351929, 3.90095233917, 4.51628112793, 5.13160991669, 5.74693870544, 6.3622674942, 6.98920631409, 7.61614513397, 8.23147392273, 8.84680271149, 9.47374153137, 10.1006803513, 10.71600914, 11.3313379288, 11.9582767487, 12.5852155685, 13.2121543884, 13.8390922546, 14.4544210434, 15.0697498322, 15.696688652, 16.3120174408, 16.9273471832, 17.5542850494, 18.181224823, 18.8081626892, 19.4351024628, 20.0504302979, 20.6657600403, 21.2810878754, 21.8964176178, 22.523355484, 23.1502952576, 23.7772331238, 24.40417099, 25.0311107635, 25.6464385986, 26.2617683411, 26.8887062073, 27.5156459808, 28.1309738159, 28.7463035583, 29.3732414246, 29.988571167, 30.6038990021, 31.2308387756, 31.8577766418, 32.4847145081, 33.1000442505, 33.7153739929, 34.3423118591, 34.9692497253, 35.572971344, 36.1999092102, 36.8268470764, 37.4537849426, 38.0691146851, 38.6844444275, 39.3113822937, 39.9383201599, 40.5420417786, 41.1689796448, 41.795917511, 42.4228553772, 43.0381851196, 43.6535148621, 44.2688446045, 44.8841705322]
},
"tonal": {
    "chords_changes_rate": 0.0884773656726,
    "chords_number_rate": 0.00617283955216,
    "chords_strength": {
        "mean": 0.482542037964,
        "var": 0.00677130511031
    },
    "hpcp_entropy": {
        "mean": 1.55729579926,
        "var": 0.66711974144
    },
    "key_strength": 0.739169001579,
    "tuning_diatonic_strength": 0.504038512707,
    "tuning_equal_tempered_deviation": 0.0553942359984,
    "tuning_frequency": 440.763122559,
    "tuning_nontempered_energy_ratio": 0.65690356493,
    "hpcp": {
        "mean": [0.111012913287, 0.0747711285949, 0.0543612986803, 0.0620234161615, 0.0744472816586, 0.193541288376, 0.271980673075, 0.181923553348, 0.167795747519, 0.179131597281, 0.102670766413, 0.0758075788617, 0.0759513601661, 0.0708226189017, 0.140384212136, 0.180007651448, 0.109552539885, 0.0627095103264, 0.0514172241092, 0.0471313856542, 0.117745146155, 0.167018428445, 0.121550701559, 0.095220528543, 0.0707178190351, 0.0417254194617, 0.0844658613205, 0.113428242505, 0.0775185972452, 0.160420894623, 0.232507869601, 0.123283274472, 0.0431720688939, 0.0401357263327, 0.0522229596972, 0.0903732553124],
        "var": [0.0537261664867, 0.0239115897566, 0.0231662094593, 0.0279749501497, 0.0343043990433, 0.0704793855548, 0.124999731779, 0.0581575147808, 0.0825085416436, 0.102563336492, 0.0360130667686, 0.0307173654437, 0.0346783958375, 0.0273381751031, 0.0615045093, 0.0915041491389, 0.0430045239627, 0.0309004765004, 0.0208951476961, 0.0192769896239, 0.0499753020704, 0.0922046378255, 0.045523121953, 0.0424477569759, 0.0270286444575, 0.0144428126514, 0.0270815435797, 0.0507952347398, 0.0179238487035, 0.0630066767335, 0.122362315655, 0.038536220789, 0.0130974706262, 0.011946849525, 0.0234381072223, 0.0370909795165]
    },
    "chords_histogram": [18.9300403595, 35.0823059082, 18.9300403595, 21.9135799408, 1.95473253727, 0, 0.102880656719, 0, 0, 0, 0.102880656719, 0, 0, 0, 0, 0, 0, 0, 0, 0, 0, 0, 0, 2.98353910446],
    "thpcp": [1, 0.66888409853, 0.61693996191, 0.658618867397, 0.377492874861, 0.278724133968, 0.279252797365, 0.260395765305, 0.516155123711, 0.661839842796, 0.402795314789, 0.230566054583, 0.18904735148, 0.173289462924, 0.432917326689, 0.614081978798, 0.446909338236, 0.350100338459, 0.260010451078, 0.153413176537, 0.310558319092, 0.417045235634, 0.285015106201, 0.589824616909, 0.854869067669, 0.453279554844, 0.158732116222, 0.147568300366, 0.192009821534, 0.332278221846, 0.408164709806, 0.274913400412, 0.199871912599, 0.228043466806, 0.273722678423, 0.71159940958],
    "chords_key": "E",
    "chords_scale": "minor",
    "key_key": "C",
    "key_scale": "major"
}
}