{
"lowlevel": {
    "average_loudness": 0.966597378254,
    "barkbands_crest": {
        "mean": 12.9846534729,
        "var": 19.613155365
    },
    "barkbands_flatness_db": {
        "mean": 0.298883736134,
        "var": 0.0023081949912
    },
    "barkbands_kurtosis": {
        "mean": 5.7411866188,
        "var": 73.0621185303
    },
    "barkbands_skewness": {
        "mean": 1.45922410488,
        "var": 1.42861294746
    },
    "barkbands_spread": {
        "mean": 7.88989162445,
        "var": 29.3279476166
    },
    "dissonance": {
        "mean": 0.356282114983,
        "var": 0.00757881626487
    },
    "dynamic_complexity": 1.51843523979,
    "erbbands_crest": {
        "mean": 16.5777893066,
        "var": 38.3861351013
    },
    "erbbands_flatness_db": {
        "mean": 0.269917488098,
        "var": 0.00205428292975
    },
    "erbbands_kurtosis": {
        "mean": 5.04890060425,
        "var": 69.7307739258
    },
    "erbbands_skewness": {
        "mean": -0.449135512114,
        "var": 1.2492287159
    },
    "erbbands_spread": {
        "mean": 12.4667787552,
        "var": 57.6398048401
    },
    "hfc": {
        "mean": 14.1717777252,
        "var": 88.0644226074
    },
    "melbands_crest": {
        "mean": 18.2779445648,
        "var": 38.3229141235
    },
    "melbands_flatness_db": {
        "mean": 0.435806870461,
        "var": 0.0034590496216
    },
    "melbands_kurtosis": {
        "mean": 6.42243909836,
        "var": 78.1398391724
    },
    "melbands_skewness": {
        "mean": 1.95839774609,
        "var": 2.00816464424
    },
    "melbands_spread": {
        "mean": 9.59824562073,
        "var": 45.7223167419
    },
    "pitch_salience": {
        "mean": 0.43859231472,
        "var": 0.0150396823883
    },
    "silence_rate_20dB": {
        "mean": 1,
        "var": 0
    },
    "silence_rate_30dB": {
        "mean": 0.884140074253,
        "var": 0.102436803281
    },
    "silence_rate_60dB": {
        "mean": 0.00102986616548,
        "var": 0.00102881784551
    },
    "spectral_centroid": {
        "mean": 500.797088623,
        "var": 38611.796875
    },
    "spectral_complexity": {
        "mean": 9.37487125397,
        "var": 6.95832777023
    },
    "spectral_decrease": {
        "mean": -1.52138373011e-008,
        "var": 1.42939377418e-016
    },
    "spectral_energy": {
        "mean": 0.0587059780955,
        "var": 0.00208197813481
    },
    "spectral_energyband_high": {
        "mean": 3.57284843631e-005,
        "var": 1.80884882184e-007
    },
    "spectral_energyband_low": {
        "mean": 0.0376855283976,
        "var": 0.00151570083108
    },
    "spectral_energyband_middle_high": {
        "mean": 0.00465443683788,
        "var": 2.60283850366e-005
    },
    "spectral_energyband_middle_low": {
        "mean": 0.0199816580862,
        "var": 0.000444397388492
    },
    "spectral_entropy": {
        "mean": 5.95411396027,
        "var": 0.173385158181
    },
    "spectral_flux": {
        "mean": 0.126290723681,
        "var": 0.00556712970138
    },
    "spectral_kurtosis": {
        "mean": 29.2668075562,
        "var": 125.609237671
    },
    "spectral_rms": {
        "mean": 0.00710510509089,
        "var": 6.79159938954e-006
    },
    "spectral_rolloff": {
        "mean": 579.812072754,
        "var": 385627.71875
    },
    "spectral_skewness": {
        "mean": 4.74615049362,
        "var": 0.826458334923
    },
    "spectral_spread": {
        "mean": 2890651.75,
        "var": 2.11330256077e+012
    },
    "spectral_strongpeak": {
        "mean": 0.952922403812,
        "var": 0.994865894318
    },
    "zerocrossingrate": {
        "mean": 0.0214448999614,
        "var": 0.00020179549756
    },
    "barkbands": {
        "mean": [0.00272445962764, 0.0229276381433, 0.00840961840004, 0.00715037202463, 0.0047170962207, 0.00186003814451, 0.00230611534789, 0.00190249993466, 0.00191083410755, 0.00266281887889, 0.000215530846617, 0.00116235786118, 0.000486642558826, 0.00010394842684, 3.48810463038e-005, 2.18282530113e-005, 5.57055282115e-005, 1.14293416118e-005, 5.83509472563e-006, 1.5424434423e-006, 1.15087027552e-006, 1.25064252643e-006, 1.5118448573e-006, 2.92638401334e-006, 6.78507058183e-006, 1.95494467334e-005, 1.60021716056e-006],
        "var": [3.6144592741e-005, 0.00083696882939, 0.000154567373102, 0.000197970293812, 7.84887233749e-005, 6.11202813161e-006, 9.932345165e-006, 8.72053351486e-006, 1.69168979482e-005, 1.88963713299e-005, 8.60680060555e-008, 7.33883871362e-006, 2.60221213466e-006, 2.5992449082e-007, 7.68795800354e-008, 4.23003498895e-008, 3.24810343955e-007, 1.03044097699e-008, 1.02484254416e-009, 4.02837450897e-011, 2.05183058044e-011, 1.78508978432e-011, 3.79901908543e-011, 1.24877275187e-010, 5.07123276705e-009, 1.07718406639e-007, 5.06978868609e-011]
    },
    "erbbands": {
        "mean": [0.839607775211, 4.39306592941, 9.6793346405, 18.8126392365, 19.7722587585, 14.6026449203, 11.5345087051, 17.7734527588, 33.3809051514, 26.5485610962, 46.3545684814, 32.226436615, 51.3497009277, 100.205223083, 32.247833252, 31.3334636688, 23.7138233185, 8.92125988007, 1.44861614704, 2.49138760567, 0.714202165604, 2.89325046539, 1.39087605476, 0.376124888659, 0.169497027993, 0.0875252559781, 0.0487105175853, 0.0434861779213, 0.0438139028847, 0.0416457876563, 0.0453306622803, 0.0508312992752, 0.0555958263576, 0.0507453531027, 0.066775418818, 0.106527894735, 0.0265151113272, 0.00522452639416, 0.000180022529094, 7.21013420844e-005],
        "var": [1.66061735153, 29.6841068268, 168.627059937, 1033.6192627, 1357.70996094, 1025.07055664, 286.167236328, 613.870178223, 1931.26281738, 1683.59680176, 5888.33837891, 2576.62402344, 9325.68164063, 28484.6621094, 3153.71606445, 4508.96044922, 6314.48779297, 1503.21020508, 22.7443389893, 645.135559082, 23.4885120392, 685.529052734, 180.904907227, 3.06411409378, 1.46803069115, 0.188811168075, 0.0319737717509, 0.0220067799091, 0.0233042724431, 0.0140835279599, 0.039258658886, 0.0470797717571, 0.0440816022456, 0.0861815139651, 0.852733790874, 5.84315872192, 0.0677463114262, 7.408408419e-005, 6.69474218284e-007, 3.22803188624e-008]
    },
    "gfcc": {
        "mean": [-76.1156692505, 153.805648804, -23.9364356995, -26.890789032, -55.1645545959, 22.6984786987, -20.0626792908, 19.3984260559, -25.2565689087, 1.14186632633, -17.7399406433, 6.40329837799, -13.3249759674],
        "cov": [[1855.31140137, 204.508590698, -457.59588623, 252.069458008, 427.051544189, 74.2903442383, -54.7569847107, -39.8646011353, -42.1343917847, -29.3780860901, 34.7373580933, -30.9000034332, -77.9798126221], [204.508590698, 327.545501709, 88.8138046265, -37.6126098633, 95.3925094604, 80.5804977417, 46.8544158936, -65.2888641357, -22.5454616547, -41.6820030212, 24.4962596893, -11.9730262756, 38.0470924377], [-457.59588623, 88.8138046265, 746.240844727, -34.0897827148, -318.153381348, -106.979644775, 30.5616397858, 72.490272522, 49.3529052734, 1.25822174549, -68.0114135742, -22.8761520386, 36.3055534363], [252.069458008, -37.6126098633, -34.0897827148, 326.242858887, 168.902801514, -133.385742188, -31.9482650757, 114.628067017, 81.9270019531, -25.3807849884, -12.0125293732, 5.90067148209, 19.0951480865], [427.051544189, 95.3925094604, -318.153381348, 168.902801514, 446.476074219, 129.287368774, 18.5440063477, -16.4662265778, 37.0015983582, 16.0429782867, 80.0188369751, 15.7009954453, -12.8605394363], [74.2903442383, 80.5804977417, -106.979644775, -133.385742188, 129.287368774, 436.866973877, 172.479476929, -170.943054199, -64.3082504272, 89.826210022, 135.744171143, 10.4634752274, -47.2018928528], [-54.7569847107, 46.8544158936, 30.5616397858, -31.9482650757, 18.5440063477, 172.479476929, 207.766174316, 30.1200790405, 2.1332616806, 22.7213859558, 66.3195266724, 55.4553833008, 55.6425971985], [-39.8646011353, -65.2888641357, 72.490272522, 114.628067017, -16.4662265778, -170.943054199, 30.1200790405, 280.285095215, 141.622344971, -27.7258987427, -29.976650238, 68.9376449585, 106.945755005], [-42.1343917847, -22.5454616547, 49.3529052734, 81.9270019531, 37.0015983582, -64.3082504272, 2.1332616806, 141.622344971, 176.716934204, 67.9713973999, 7.04672574997, 6.21530914307, 37.4965629578], [-29.3780860901, -41.6820030212, 1.25822174549, -25.3807849884, 16.0429782867, 89.826210022, 22.7213859558, -27.7258987427, 67.9713973999, 182.830001831, 79.6128845215, -31.8830890656, -66.0914306641], [34.7373580933, 24.4962596893, -68.0114135742, -12.0125293732, 80.0188369751, 135.744171143, 66.3195266724, -29.976650238, 7.04672574997, 79.6128845215, 130.831436157, 54.9327087402, -7.39828205109], [-30.9000034332, -11.9730262756, -22.8761520386, 5.90067148209, 15.7009954453, 10.4634752274, 55.4553833008, 68.9376449585, 6.21530914307, -31.8830890656, 54.9327087402, 157.889038086, 113.395713806], [-77.9798126221, 38.0470924377, 36.3055534363, 19.0951480865, -12.8605394363, -47.2018928528, 55.6425971985, 106.945755005, 37.4965629578, -66.0914306641, -7.39828205109, 113.395713806, 182.615844727]],
        "icov": [[0.00109960790724, -0.00175885332283, 0.000944107829127, -0.00145515031181, 0.000478197616758, -0.00100882991683, 0.000921678496525, -0.00132478307933, 0.00124980509281, -0.00124563637655, 0.00159826234449, -0.00111099495552, 0.00111556658521], [-0.00175885332283, 0.0100915255025, -0.00406414503232, 0.0054326383397, -0.0051029548049, 0.00386948464438, -0.00326262204908, 0.00532159907743, -0.00350656686351, 0.00661804946139, -0.00824616849422, 0.00720147648826, -0.00578591180965], [0.000944107829127, -0.00406414503232, 0.00395187502727, -0.00310362968594, 0.00394497904927, -0.0017912479816, 0.000699252064805, -0.00176166719757, 0.000376250798581, -0.00239769462496, 0.0035675780382, -0.00247567915358, 0.00215900526382], [-0.00145515031181, 0.0054326383397, -0.00310362968594, 0.00975303538144, -0.0061718672514, 0.00560637563467, -0.00336756883189, 0.00257057254203, -0.00322500406764, 0.00452695786953, -0.00548734795302, 0.00403841771185, -0.00205028848723], [0.000478197616758, -0.0051029548049, 0.00394497904927, -0.0061718672514, 0.00918977241963, -0.00488817226142, 0.00292418547906, -0.00205866317265, -0.00091797701316, -0.00112557213288, 0.0018395751249, -0.00276258168742, 0.00239785225131], [-0.00100882991683, 0.00386948464438, -0.0017912479816, 0.00560637563467, -0.00488817226142, 0.0122169610113, -0.00963865034282, 0.00807988271117, -0.00344823277555, 0.00257291621529, -0.00622193980962, 0.00235880422406, -0.00052607228281], [0.000921678496525, -0.00326262204908, 0.000699252064805, -0.00336756883189, 0.00292418547906, -0.00963865034282, 0.0150866489857, -0.00893809925765, 0.00575663009658, -0.00303314463235, 0.00026759004686, 0.000123966150568, -0.00270730955526], [-0.00132478307933, 0.00532159907743, -0.00176166719757, 0.00257057254203, -0.00205866317265, 0.00807988271117, -0.00893809925765, 0.0176199544221, -0.0130849871784, 0.00674418685958, -0.00291867763735, -0.00107152212877, -0.00157021998893], [0.00124980509281, -0.00350656686351, 0.000376250798581, -0.00322500406764, -0.00091797701316, -0.00344823277555, 0.00575663009658, -0.0130849871784, 0.0217166505754, -0.0127837033942, 0.00403135549277, 0.00194971694145, -0.00365335238166], [-0.00124563637655, 0.00661804946139, -0.00239769462496, 0.00452695786953, -0.00112557213288, 0.00257291621529, -0.00303314463235, 0.00674418685958, -0.0127837033942, 0.0207859482616, -0.0158479064703, 0.00778504647315, 0.000324371765601], [0.00159826234449, -0.00824616849422, 0.0035675780382, -0.00548734795302, 0.0018395751249, -0.00622193980962, 0.00026759004686, -0.00291867763735, 0.00403135549277, -0.0158479064703, 0.0329155884683, -0.0197992343456, 0.00947863794863], [-0.00111099495552, 0.00720147648826, -0.00247567915358, 0.00403841771185, -0.00276258168742, 0.00235880422406, 0.000123966150568, -0.00107152212877, 0.00194971694145, 0.00778504647315, -0.0197992343456, 0.0262901708484, -0.015609877184], [0.00111556658521, -0.00578591180965, 0.00215900526382, -0.00205028848723, 0.00239785225131, -0.00052607228281, -0.00270730955526, -0.00157021998893, -0.00365335238166, 0.000324371765601, 0.00947863794863, -0.015609877184, 0.0196648705751]]
    },
    "melbands": {
        "mean": [0.00686963601038, 0.00539292674512, 0.00331573723815, 0.00125809665769, 0.000427097140346, 0.000374157913029, 0.000511139398441, 0.000298622675473, 0.000342065584846, 0.000235772895394, 0.000262095272774, 0.000431477703387, 6.63249302306e-005, 0.000159802249982, 4.07755615015e-005, 4.15207687183e-005, 1.30689013531e-005, 1.60707179475e-006, 2.980342515e-006, 2.59514763457e-006, 4.68844575607e-007, 2.65522612608e-006, 3.03317233374e-006, 4.13171846958e-007, 2.85164475144e-007, 1.82554998673e-007, 5.90332973616e-008, 5.8660017288e-008, 2.46919160674e-008, 3.59073339951e-008, 2.11036716991e-008, 2.61220911568e-008, 2.25585292668e-008, 2.26209877496e-008, 2.51707987786e-008, 2.70728541807e-008, 3.28968852159e-008, 3.9154880227e-008, 3.81460019128e-008, 4.32213482782e-008],
        "var": [8.90911833267e-005, 4.07074549003e-005, 2.95472545986e-005, 5.72739691052e-006, 4.34299778362e-007, 2.68208879106e-007, 4.41098734427e-007, 1.63903038697e-007, 3.26161313069e-007, 2.18000991481e-007, 2.35542671589e-007, 5.52057599634e-007, 1.02935011626e-008, 1.43384383477e-007, 1.79811436851e-008, 1.67130842499e-008, 4.22302282033e-009, 4.87209717015e-011, 5.81859282978e-010, 7.16754711139e-010, 9.98838945582e-012, 4.99552621491e-010, 1.36896138869e-009, 9.90489201075e-012, 2.28493374395e-012, 1.4562269576e-012, 1.75368047991e-013, 1.14834018488e-013, 5.62097501248e-015, 5.02666112131e-014, 2.0586710149e-015, 1.33387258758e-014, 2.74768382485e-015, 4.0105633624e-015, 1.12607482272e-014, 1.85032958194e-014, 1.73958171815e-014, 1.78240770396e-014, 3.1897316006e-014, 5.87832598353e-014]
    },
    "mfcc": {
        "mean": [-765.64642334, 217.699920654, 70.0999221802, -9.91166210175, -0.994861423969, -2.17838692665, 11.9567661285, 13.5884504318, 7.88847208023, 1.4436647892, 2.53372359276, 1.41675257683, -0.358233034611],
        "cov": [[1579.72460938, 9.75823116302, -699.286254883, 162.258682251, 316.132232666, 202.601791382, 130.444625854, 64.4637451172, -69.3944778442, -80.776512146, 19.7345809937, 77.1003799438, 48.9391212463], [9.75823116302, 393.918121338, 109.003616333, -109.696388245, 4.43084955215, 89.0449295044, 77.299041748, 7.84253501892, -11.7556066513, -31.479019165, -31.9399909973, -21.0367183685, -5.07672977448], [-699.286254883, 109.003616333, 762.199768066, -8.49363613129, -208.224258423, -136.404830933, -95.8422622681, -51.6968765259, 46.8287963867, 79.16355896, -21.2747535706, -70.6693344116, -43.9409751892], [162.258682251, -109.696388245, -8.49363613129, 439.319763184, 150.365585327, -234.875427246, -141.252288818, 48.1137123108, 109.029296875, 50.1149177551, -22.6640510559, -59.957069397, -8.39388275146], [316.132232666, 4.43084955215, -208.224258423, 150.365585327, 253.78465271, 26.7047977448, -23.9309921265, 33.4431419373, 19.81158638, 3.4870724678, 19.4783229828, 28.1128158569, 18.1513710022], [202.601791382, 89.0449295044, -136.404830933, -234.875427246, 26.7047977448, 424.475830078, 233.445755005, -21.9839630127, -118.096496582, -41.5202903748, 76.4269866943, 116.395019531, 35.4874076843], [130.444625854, 77.299041748, -95.8422622681, -141.252288818, -23.9309921265, 233.445755005, 247.590988159, 67.2342529297, -53.6348800659, -48.9422912598, 17.6924476624, 63.887462616, 37.6632537842], [64.4637451172, 7.84253501892, -51.6968765259, 48.1137123108, 33.4431419373, -21.9839630127, 67.2342529297, 177.922607422, 90.2014541626, -23.0866146088, -68.8901748657, -27.4619503021, 47.321685791], [-69.3944778442, -11.7556066513, 46.8287963867, 109.029296875, 19.81158638, -118.096496582, -53.6348800659, 90.2014541626, 151.840148926, 60.6723213196, -35.4124336243, -54.3396606445, 6.49036455154], [-80.776512146, -31.479019165, 79.16355896, 50.1149177551, 3.4870724678, -41.5202903748, -48.9422912598, -23.0866146088, 60.6723213196, 141.307144165, 96.6062469482, 14.3871173859, -39.1919708252], [19.7345809937, -31.9399909973, -21.2747535706, -22.6640510559, 19.4783229828, 76.4269866943, 17.6924476624, -68.8901748657, -35.4124336243, 96.6062469482, 198.623748779, 117.747138977, -27.174659729], [77.1003799438, -21.0367183685, -70.6693344116, -59.957069397, 28.1128158569, 116.395019531, 63.887462616, -27.4619503021, -54.3396606445, 14.3871173859, 117.747138977, 155.455627441, 56.6527366638], [48.9391212463, -5.07672977448, -43.9409751892, -8.39388275146, 18.1513710022, 35.4874076843, 37.6632537842, 47.321685791, 6.49036455154, -39.1919708252, -27.174659729, 56.6527366638, 137.458480835]],
        "icov": [[0.00139054108877, -0.000503078103065, 0.00116877793334, -0.0010305584874, -0.000109370601422, -0.000624576001428, 0.000122934725368, -0.000446268648375, 0.00106265372597, -0.000565295806155, 0.000496134685818, -0.00024751611636, 8.14177546999e-005], [-0.000503078103065, 0.00394118623808, -0.00165259686764, 0.00196210783906, -0.00251000747085, 0.000892168376595, -0.00249637337402, 0.00176459166687, -0.00197140499949, 0.00168917048723, -0.000714214111213, 0.00166540266946, -0.000159045375767], [0.00116877793334, -0.00165259686764, 0.00343963201158, -0.00181209621951, 0.00272856489755, -0.00109064264689, 0.00165077962447, -0.000837459694594, 0.00159007066395, -0.00256618345156, 0.00157432677224, -0.00089238624787, 0.000141269279993], [-0.0010305584874, 0.00196210783906, -0.00181209621951, 0.0068281153217, -0.00502785341814, 0.00413105683401, -0.00237998459488, 0.00160013732966, -0.00252915010788, 0.00108961795922, -0.00193713849876, 0.00251510413364, -0.00101372925565], [-0.000109370601422, -0.00251000747085, 0.00272856489755, -0.00502785341814, 0.0111532332376, -0.00497063202783, 0.00669245794415, -0.00436203973368, 0.0017294063, -0.00137715542223, 0.0011578053236, -0.00335644814186, 0.00112781091593], [-0.000624576001428, 0.000892168376595, -0.00109064264689, 0.00413105683401, -0.00497063202783, 0.0100071877241, -0.00914355833083, 0.00463034212589, -0.000422219774919, 0.000130795393488, -0.00105264096055, 0.00060572597431, -0.00125748745631], [0.000122934725368, -0.00249637337402, 0.00165077962447, -0.00237998459488, 0.00669245794415, -0.00914355833083, 0.0182088371366, -0.0120548345149, 0.00588060729206, -0.000876937294379, 3.52613024006e-005, -0.00301912729628, 0.00160767568741], [-0.000446268648375, 0.00176459166687, -0.000837459694594, 0.00160013732966, -0.00436203973368, 0.00463034212589, -0.0120548345149, 0.0201819743961, -0.0145628666505, 0.00550208194181, 0.00100268307142, 0.000963267171755, -0.00215265061706], [0.00106265372597, -0.00197140499949, 0.00159007066395, -0.00252915010788, 0.0017294063, -0.000422219774919, 0.00588060729206, -0.0145628666505, 0.0269046705216, -0.0162619221956, 0.0050920182839, 0.0019359998405, -0.00251267524436], [-0.000565295806155, 0.00168917048723, -0.00256618345156, 0.00108961795922, -0.00137715542223, 0.000130795393488, -0.000876937294379, 0.00550208194181, -0.0162619221956, 0.0272565316409, -0.0173112805933, 0.00590015389025, 0.000689205888193], [0.000496134685818, -0.000714214111213, 0.00157432677224, -0.00193713849876, 0.0011578053236, -0.00105264096055, 3.52613024006e-005, 0.00100268307142, 0.0050920182839, -0.0173112805933, 0.0287256650627, -0.021383760497, 0.00926185492426], [-0.00024751611636, 0.00166540266946, -0.00089238624787, 0.00251510413364, -0.00335644814186, 0.00060572597431, -0.00301912729628, 0.000963267171755, 0.0019359998405, 0.00590015389025, -0.021383760497, 0.0304849669337, -0.014400402084], [8.14177546999e-005, -0.000159045375767, 0.000141269279993, -0.00101372925565, 0.00112781091593, -0.00125748745631, 0.00160767568741, -0.00215265061706, -0.00251267524436, 0.000689205888193, 0.00926185492426, -0.014400402084, 0.0157808121294]]
    },
    "spectral_contrast_coeffs": {
        "mean": [-0.650134325027, -0.704295754433, -0.68369436264, -0.798264145851, -0.846630513668, -0.864985942841],
        "var": [0.0104989223182, 0.00457778107375, 0.00688646733761, 0.00715982494876, 0.00374887301587, 0.000400964345317]
    },
    "spectral_contrast_valleys": {
        "mean": [-6.5803604126, -6.499376297, -7.51452493668, -9.22605991364, -9.89666080475, -11.3154735565],
        "var": [0.710570573807, 0.427401781082, 0.627262830734, 0.552622020245, 0.387489408255, 0.239642441273]
    }
},
"metadata": {
    "audio_properties": {
        "analysis_sample_rate": 44100,
        "bit_rate": 128074,
        "equal_loudness": 0,
        "length": 45.0612258911,
        "lossless": 0,
        "replay_gain": -4.33249473572,
        "sample_rate": 44100,
        "codec": "mp3",
        "downmix": "mix",
        "md5_encoded": "6d239a6e6596515a4b75cda8025e2a3f"
    },
    "tags": {
        "file_name": "1368.mp3"
    },
    "version": {
        "essentia": "2.1-beta2",
        "essentia_git_sha": "v2.1_beta2",
        "extractor": "music 1.0"
    }
},
"rhythm": {
    "beats_count": 104,
    "beats_loudness": {
        "mean": 0.074061781168,
        "var": 0.00112148490734
    },
    "bpm": 139.961135864,
    "bpm_histogram_first_peak_bpm": {
        "mean": 140,
        "var": 0
    },
    "bpm_histogram_first_peak_spread": {
        "mean": 0.134020626545,
        "var": 0
    },
    "bpm_histogram_first_peak_weight": {
        "mean": 0.815533995628,
        "var": 0
    },
    "bpm_histogram_second_peak_bpm": {
        "mean": 133,
        "var": 0
    },
    "bpm_histogram_second_peak_spread": {
        "mean": 0.166666641831,
        "var": 0
    },
    "bpm_histogram_second_peak_weight": {
        "mean": 0.0485436879098,
        "var": 0
    },
    "danceability": 1.42232191563,
    "onset_rate": 4.79131793976,
    "beats_loudness_band_ratio": {
        "mean": [0.721687018871, 0.11809797585, 0.118253417313, 0.0698630139232, 0.000699085532688, 0.000438491202658],
        "var": [0.0392020493746, 0.0180558878928, 0.0179983582348, 0.00590438302606, 3.22047094414e-006, 1.81519482112e-007]
    },
    "beats_position": [0.452789098024, 0.905578196049, 1.35836732388, 1.8111563921, 2.26394557953, 2.72834467888, 3.1811337471, 3.62231278419, 4.06349182129, 4.49306106567, 4.92263031006, 5.35219955444, 5.78176879883, 6.19972801208, 6.62929677963, 7.05886602402, 7.4884352684, 7.91800451279, 8.34757328033, 8.77714252472, 9.19510173798, 9.62467098236, 10.0542402267, 10.4838094711, 10.9133787155, 11.3429479599, 11.7725172043, 12.202085495, 12.6316547394, 13.0496139526, 13.479183197, 13.9087524414, 14.3383216858, 14.7678909302, 15.1858501434, 15.6154193878, 16.0449886322, 16.4745578766, 16.904127121, 17.3336963654, 17.7632656097, 18.1928348541, 18.6224040985, 19.0519733429, 19.4815406799, 19.9111099243, 20.3406791687, 20.7702484131, 21.1998176575, 21.6177768707, 22.0473461151, 22.4769153595, 22.918094635, 23.3476638794, 23.7772331238, 24.195192337, 24.6247615814, 25.0543308258, 25.4839000702, 25.9134693146, 26.343038559, 26.7726078033, 27.2021770477, 27.620136261, 28.0497055054, 28.4792747498, 28.9088420868, 29.3384113312, 29.7679805756, 30.1975498199, 30.6271190643, 31.0566883087, 31.4862575531, 31.9158267975, 32.3453979492, 32.7749671936, 33.204536438, 33.6341018677, 34.0636711121, 34.4816322327, 34.9112014771, 35.3407707214, 35.7703399658, 36.1999092102, 36.6294784546, 37.059047699, 37.4770050049, 37.9065742493, 38.3361434937, 38.765712738, 39.1952819824, 39.6248512268, 40.0544204712, 40.4839897156, 40.91355896, 41.3431282043, 41.761089325, 42.1906585693, 42.6202278137, 43.0497932434, 43.4793624878, 43.9089317322, 44.3385009766, 44.7680702209]
},
"tonal": {
    "chords_changes_rate": 0.0504115223885,
    "chords_number_rate": 0.0102880662307,
    "chords_strength": {
        "mean": 0.563286662102,
        "var": 0.00525774341077
    },
    "hpcp_entropy": {
        "mean": 1.64080572128,
        "var": 0.303986042738
    },
    "key_strength": 0.637441456318,
    "tuning_diatonic_strength": 0.648529171944,
    "tuning_equal_tempered_deviation": 0.22838537395,
    "tuning_frequency": 434.193115234,
    "tuning_nontempered_energy_ratio": 0.924588680267,
    "hpcp": {
        "mean": [0.25644916296, 0.27795290947, 0.132102221251, 0.0555280521512, 0.0579531416297, 0.0841174051166, 0.103735871613, 0.0813336446881, 0.044210549444, 0.0317373126745, 0.0451929904521, 0.0668012872338, 0.111258022487, 0.138656005263, 0.114176988602, 0.140444561839, 0.151923075318, 0.0918138623238, 0.053383693099, 0.0442408509552, 0.0594184696674, 0.0990360081196, 0.131529092789, 0.194652587175, 0.231641024351, 0.131957218051, 0.0756994560361, 0.162426054478, 0.180502533913, 0.0998772829771, 0.0721281319857, 0.0782595276833, 0.0725832879543, 0.0749821811914, 0.0903505086899, 0.13042140007],
        "var": [0.100328288972, 0.11034463346, 0.0417280048132, 0.022820096463, 0.0224752575159, 0.0410094670951, 0.0519419461489, 0.0385827049613, 0.0196102783084, 0.0133995879441, 0.0207418072969, 0.0303905252367, 0.0421191491187, 0.0572218634188, 0.0394889712334, 0.0593401752412, 0.0741304010153, 0.0362967066467, 0.0225420445204, 0.0194710697979, 0.0270898956805, 0.0505249872804, 0.0627512335777, 0.075517848134, 0.127884298563, 0.0496954359114, 0.0289894919842, 0.0815088227391, 0.0971179008484, 0.0390422679484, 0.0342394411564, 0.0444777309895, 0.033814329654, 0.037879794836, 0.0453485399485, 0.0588998906314]
    },
    "chords_histogram": [21.8106994629, 3.18930029869, 6.27572011948, 0, 0, 0, 9.46502017975, 9.77366256714, 17.4897117615, 26.2345676422, 0.823045253754, 0.308641970158, 0, 0, 0, 1.33744859695, 1.23456788063, 0.514403283596, 0, 0, 0, 0, 0, 1.54320991039],
    "thpcp": [1, 0.475268363953, 0.19977504015, 0.208499848843, 0.302631855011, 0.37321382761, 0.292616635561, 0.159057691693, 0.114182338119, 0.16259226203, 0.240333110094, 0.400276511908, 0.498847097158, 0.410778164864, 0.505281865597, 0.546578466892, 0.330321639776, 0.19206020236, 0.159166708589, 0.21377171576, 0.356304973364, 0.473206400871, 0.700307786465, 0.833382248878, 0.474746674299, 0.27234634757, 0.584365367889, 0.649399697781, 0.359331667423, 0.259497672319, 0.281556785107, 0.261135190725, 0.269765764475, 0.325056880713, 0.469221204519, 0.922635316849],
    "chords_key": "A",
    "chords_scale": "major",
    "key_key": "D",
    "key_scale": "minor"
}
}