{
"lowlevel": {
    "average_loudness": 0.982421934605,
    "barkbands_crest": {
        "mean": 11.2747659683,
        "var": 14.1703052521
    },
    "barkbands_flatness_db": {
        "mean": 0.114721029997,
        "var": 0.00164713850245
    },
    "barkbands_kurtosis": {
        "mean": 8.17936038971,
        "var": 59.3272438049
    },
    "barkbands_skewness": {
        "mean": 2.42846775055,
        "var": 1.24574303627
    },
    "barkbands_spread": {
        "mean": 22.0489788055,
        "var": 174.0572052
    },
    "dissonance": {
        "mean": 0.456962674856,
        "var": 0.00075329822721
    },
    "dynamic_complexity": 1.45138478279,
    "erbbands_crest": {
        "mean": 6.50573348999,
        "var": 9.17448711395
    },
    "erbbands_flatness_db": {
        "mean": 0.0977198183537,
        "var": 0.000546363648027
    },
    "erbbands_kurtosis": {
        "mean": -0.184694290161,
        "var": 0.391629695892
    },
    "erbbands_skewness": {
        "mean": 0.51675671339,
        "var": 0.254188001156
    },
    "erbbands_spread": {
        "mean": 55.0040550232,
        "var": 215.344726563
    },
    "hfc": {
        "mean": 28.9763202667,
        "var": 538.726135254
    },
    "melbands_crest": {
        "mean": 17.7457466125,
        "var": 28.6034946442
    },
    "melbands_flatness_db": {
        "mean": 0.202413275838,
        "var": 0.00333376671188
    },
    "melbands_kurtosis": {
        "mean": 25.3539791107,
        "var": 321.746795654
    },
    "melbands_skewness": {
        "mean": 3.89722895622,
        "var": 2.11495065689
    },
    "melbands_spread": {
        "mean": 16.8218631744,
        "var": 349.019256592
    },
    "pitch_salience": {
        "mean": 0.511603534222,
        "var": 0.0147926388308
    },
    "silence_rate_20dB": {
        "mean": 1,
        "var": 0
    },
    "silence_rate_30dB": {
        "mean": 1,
        "var": 0
    },
    "silence_rate_60dB": {
        "mean": 0.00154479919001,
        "var": 0.00154241069686
    },
    "spectral_centroid": {
        "mean": 1116.92663574,
        "var": 437264.3125
    },
    "spectral_complexity": {
        "mean": 20.957775116,
        "var": 146.376296997
    },
    "spectral_decrease": {
        "mean": -1.03837036747e-008,
        "var": 2.79506678175e-017
    },
    "spectral_energy": {
        "mean": 0.0418187566102,
        "var": 0.00044058210915
    },
    "spectral_energyband_high": {
        "mean": 0.00194660702255,
        "var": 5.95619121668e-006
    },
    "spectral_energyband_low": {
        "mean": 0.0201200190932,
        "var": 0.000179418813786
    },
    "spectral_energyband_middle_high": {
        "mean": 0.00382696161978,
        "var": 8.98304915609e-006
    },
    "spectral_energyband_middle_low": {
        "mean": 0.0175613071769,
        "var": 0.000201319489861
    },
    "spectral_entropy": {
        "mean": 7.7874417305,
        "var": 0.158167764544
    },
    "spectral_flux": {
        "mean": 0.117738418281,
        "var": 0.00317702325992
    },
    "spectral_kurtosis": {
        "mean": 3.10703778267,
        "var": 1.72866392136
    },
    "spectral_rms": {
        "mean": 0.00615387875587,
        "var": 2.92859499496e-006
    },
    "spectral_rolloff": {
        "mean": 983.685546875,
        "var": 2049259.75
    },
    "spectral_skewness": {
        "mean": 1.50668358803,
        "var": 0.0843568891287
    },
    "spectral_spread": {
        "mean": 6365787.5,
        "var": 2.32079884288e+012
    },
    "spectral_strongpeak": {
        "mean": 0.665528476238,
        "var": 0.221209868789
    },
    "zerocrossingrate": {
        "mean": 0.0561075881124,
        "var": 0.00180094339885
    },
    "barkbands": {
        "mean": [0.000773024512455, 0.00886325817555, 0.00899248383939, 0.00332676107064, 0.00538454577327, 0.00450971256942, 0.00148154853377, 0.00120808463544, 0.00134470383637, 0.000673826085404, 0.000536392792128, 0.000481465773191, 0.00038241528091, 0.000321689643897, 0.000313063588692, 0.000321017490933, 0.000264448550297, 0.000231398953474, 0.000322009029333, 0.000364269100828, 0.000363629922504, 0.000306822912535, 0.000295728066703, 0.000291694857879, 0.00022993235325, 0.000204046315048, 3.07849113597e-005],
        "var": [2.23101915253e-006, 7.13760382496e-005, 9.62542544585e-005, 3.52507922798e-005, 6.21734143351e-005, 3.19868013321e-005, 4.88644036523e-006, 3.13097643811e-006, 3.06875881506e-006, 7.93106323727e-007, 4.17141734488e-007, 4.74084885127e-007, 2.17647794898e-007, 1.0640817294e-007, 8.04868420801e-008, 1.39012058753e-007, 8.85420803343e-008, 6.34698764657e-008, 2.16062147729e-007, 4.36412847193e-007, 3.54465356622e-007, 2.13977330077e-007, 1.91340660649e-007, 1.2230395896e-007, 4.81129021068e-008, 4.38909388834e-008, 1.79695003322e-009]
    },
    "erbbands": {
        "mean": [0.124875083566, 2.47117090225, 10.4048433304, 10.6613321304, 13.2662029266, 18.0520267487, 30.2611427307, 37.9233055115, 25.2927970886, 22.9573764801, 25.0256748199, 35.8691635132, 22.1251983643, 18.4131774902, 24.6097869873, 20.6856212616, 18.1943016052, 16.7408218384, 16.117181778, 17.6155204773, 17.8380279541, 13.8360471725, 13.0994262695, 13.9722881317, 16.515832901, 17.6122398376, 17.033657074, 12.9810247421, 10.8571748734, 10.0708427429, 8.1448469162, 6.48752832413, 4.59441614151, 2.72975063324, 1.59356832504, 0.853783667088, 0.365732610226, 0.100923955441, 0.0030798795633, 0.000116747687571],
        "var": [0.0301322489977, 5.03427553177, 92.7728118896, 223.605361938, 559.812683105, 801.161132813, 1397.99731445, 3060.99487305, 1657.43054199, 817.975280762, 1246.28491211, 2263.68408203, 1045.56323242, 401.229553223, 874.930358887, 789.767211914, 507.78616333, 283.004180908, 179.867752075, 327.962341309, 462.36026001, 217.659454346, 200.121398926, 261.08972168, 688.319152832, 1107.08764648, 851.678894043, 475.169921875, 250.600891113, 241.268157959, 153.151489258, 76.9717178345, 27.5015850067, 7.38566446304, 2.27958035469, 0.700053155422, 0.153404057026, 0.0141077581793, 1.65567707882e-005, 8.59624549321e-009]
    },
    "gfcc": {
        "mean": [50.8684692383, 66.0494842529, -84.2856674194, 29.71118927, -55.7655563354, 17.5355968475, -37.1889190674, 12.8308000565, -25.7576065063, 9.93965148926, -19.9394454956, 6.24777364731, -14.5593328476],
        "cov": [[3984.50390625, -815.651916504, -200.383041382, -81.4081420898, -300.28616333, -61.6805763245, -180.326171875, -71.582824707, -196.655090332, -35.1051864624, -145.686019897, -28.5403652191, -147.660079956], [-815.651916504, 698.297912598, 121.789787292, -24.2804889679, 109.424598694, 12.9598960876, 15.3908405304, 3.7531516552, 34.9499511719, -13.9895858765, 18.741361618, -13.9962472916, 46.5412826538], [-200.383041382, 121.789787292, 257.745941162, -10.3297786713, 102.771736145, 17.5469074249, 12.0928688049, 5.56376886368, -2.17727446556, 14.9831190109, 8.52526569366, 15.6419277191, -9.77044677734], [-81.4081420898, -24.2804889679, -10.3297786713, 105.541824341, 12.322725296, 30.8680171967, 25.4187221527, 9.37397956848, 13.8746614456, 2.76389336586, 20.4884223938, 2.84889745712, 12.3589887619], [-300.28616333, 109.424598694, 102.771736145, 12.322725296, 90.3455352783, 22.6369609833, 35.6026725769, 9.42213153839, 20.3854637146, 11.3683662415, 18.9028491974, 9.28550434113, 2.0265815258], [-61.6805763245, 12.9598960876, 17.5469074249, 30.8680171967, 22.6369609833, 53.7542762756, 26.4352760315, 26.0380172729, 11.1174268723, 6.49794769287, 6.51100301743, -2.80064320564, 0.518802464008], [-180.326171875, 15.3908405304, 12.0928688049, 25.4187221527, 35.6026725769, 26.4352760315, 64.6386795044, 31.0907287598, 37.8906135559, 16.1570625305, 17.0533905029, 3.65559101105, 5.01779842377], [-71.582824707, 3.7531516552, 5.56376886368, 9.37397956848, 9.42213153839, 26.0380172729, 31.0907287598, 50.7852363586, 36.0454902649, 19.3640766144, 8.91062355042, 2.31965589523, 10.1747732162], [-196.655090332, 34.9499511719, -2.17727446556, 13.8746614456, 20.3854637146, 11.1174268723, 37.8906135559, 36.0454902649, 56.5347824097, 31.3990840912, 24.6647605896, 8.35160541534, 14.7188444138], [-35.1051864624, -13.9895858765, 14.9831190109, 2.76389336586, 11.3683662415, 6.49794769287, 16.1570625305, 19.3640766144, 31.3990840912, 46.0304145813, 37.0133781433, 25.5780944824, 9.23077774048], [-145.686019897, 18.741361618, 8.52526569366, 20.4884223938, 18.9028491974, 6.51100301743, 17.0533905029, 8.91062355042, 24.6647605896, 37.0133781433, 64.6994171143, 45.4848632813, 30.2623157501], [-28.5403652191, -13.9962472916, 15.6419277191, 2.84889745712, 9.28550434113, -2.80064320564, 3.65559101105, 2.31965589523, 8.35160541534, 25.5780944824, 45.4848632813, 68.7325286865, 49.4722671509], [-147.660079956, 46.5412826538, -9.77044677734, 12.3589887619, 2.0265815258, 0.518802464008, 5.01779842377, 10.1747732162, 14.7188444138, 9.23077774048, 30.2623157501, 49.4722671509, 82.6068649292]],
        "icov": [[0.000517694395967, 0.000163664997672, 7.29903476895e-005, -0.000243088827119, 0.00104865850881, 3.95964925701e-005, 6.84010447003e-005, -0.000615546538029, 0.00191753811669, -0.00171589502133, 0.00160480407067, -0.00118029932491, 0.000892895332072], [0.000163664997672, 0.00275768619031, -0.000738924369216, 0.00188069033902, -0.00228744535707, -0.00126721255947, 0.00221130438149, 0.00151778268628, -0.00347693334334, 0.00367885502055, -0.00321693322621, 0.00413158675656, -0.00297454348765], [7.29903476895e-005, -0.000738924369216, 0.0102942008525, -0.00100052938797, -0.0139008658007, 0.00319320918061, 0.00318357115611, -0.0071656270884, 0.0104828337207, -0.00883776415139, 0.00596752436832, -0.00381850055419, 0.00214466988109], [-0.000243088827119, 0.00188069033902, -0.00100052938797, 0.0155804716051, 0.000655602081679, -0.0102493939921, -0.00149341812357, 0.00752589805052, -0.00860175956041, 0.0102167986333, -0.0110717872158, 0.00695675704628, -0.00445072259754], [0.00104865850881, -0.00228744535707, -0.0139008658007, 0.000655602081679, 0.0428398624063, -0.0105152707547, -0.0148863932118, 0.0149924270809, -0.0117943855003, 0.00689983787015, -0.00263555115089, -0.00615692092106, 0.00547700515017], [3.95964925701e-005, -0.00126721255947, 0.00319320918061, -0.0102493939921, -0.0105152707547, 0.0415601544082, -0.00741076469421, -0.0289280060679, 0.0276619587094, -0.0112708350644, 0.00125106365886, 0.00367417512462, 0.000377966003725], [6.84010447003e-005, 0.00221130438149, 0.00318357115611, -0.00149341812357, -0.0148863932118, -0.00741076469421, 0.040517475456, -0.00726928189397, -0.0218969266862, 0.011483178474, -0.0031730516348, -0.00248021143489, 0.00358853419311], [-0.000615546538029, 0.00151778268628, -0.0071656270884, 0.00752589805052, 0.0149924270809, -0.0289280060679, -0.00726928189397, 0.06492882967, -0.0439930260181, 0.00403093220666, 0.00424507400021, 0.00281504518352, -0.00752365356311], [0.00191753811669, -0.00347693334334, 0.0104828337207, -0.00860175956041, -0.0117943855003, 0.0276619587094, -0.0218969266862, -0.0439930260181, 0.097713790834, -0.0562750436366, 0.00949709676206, 0.0106976972893, -0.00623041111976], [-0.00171589502133, 0.00367885502055, -0.00883776415139, 0.0102167986333, 0.00689983787015, -0.0112708350644, 0.011483178474, 0.00403093220666, -0.0562750436366, 0.092916958034, -0.0427875816822, -0.00787859037519, 0.011031226255], [0.00160480407067, -0.00321693322621, 0.00596752436832, -0.0110717872158, -0.00263555115089, 0.00125106365886, -0.0031730516348, 0.00424507400021, 0.00949709676206, -0.0427875816822, 0.0647556111217, -0.0326236896217, 0.00567432306707], [-0.00118029932491, 0.00413158675656, -0.00381850055419, 0.00695675704628, -0.00615692092106, 0.00367417512462, -0.00248021143489, 0.00281504518352, 0.0106976972893, -0.00787859037519, -0.0326236896217, 0.0635821968317, -0.0331510528922], [0.000892895332072, -0.00297454348765, 0.00214466988109, -0.00445072259754, 0.00547700515017, 0.000377966003725, 0.00358853419311, -0.00752365356311, -0.00623041111976, 0.011031226255, 0.00567432306707, -0.0331510528922, 0.0345214828849]]
    },
    "melbands": {
        "mean": [0.00180677708704, 0.00487449020147, 0.00199206103571, 0.00109670206439, 0.00105493748561, 0.000843032146804, 0.000362027203664, 0.000253469712334, 0.000209012505366, 0.000214100073208, 0.000103025966382, 7.18929513823e-005, 7.84798976383e-005, 6.29662608844e-005, 4.43363605882e-005, 3.47075292666e-005, 3.15367396979e-005, 2.61847417278e-005, 2.12511058635e-005, 2.46118797804e-005, 2.03682575375e-005, 1.44911909956e-005, 1.32379018396e-005, 1.06711131593e-005, 1.10141882033e-005, 1.29324980662e-005, 1.04001264845e-005, 1.20902313938e-005, 1.14245331133e-005, 8.42816643853e-006, 7.08038623998e-006, 6.13542306382e-006, 5.81628728469e-006, 5.43705755263e-006, 4.66012079414e-006, 4.29519013778e-006, 3.89269234802e-006, 3.38248105436e-006, 2.62570711129e-006, 2.18431341636e-006],
        "var": [3.51815629074e-006, 1.49573425006e-005, 6.40265670881e-006, 3.48138246409e-006, 1.42958572269e-006, 1.37183599236e-006, 3.40814267474e-007, 1.13498778376e-007, 7.94633621126e-008, 8.52732853218e-008, 2.49534366503e-008, 7.31155180844e-009, 8.68954153077e-009, 7.20186932313e-009, 2.59836818728e-009, 1.87064586044e-009, 1.2467468169e-009, 4.91185037088e-010, 4.0836597992e-010, 7.66230856541e-010, 7.10731584697e-010, 2.5721788588e-010, 2.50279852398e-010, 1.21467613745e-010, 1.65717703449e-010, 4.84638662535e-010, 2.55683946238e-010, 5.9430421695e-010, 4.24740603799e-010, 1.87445226008e-010, 1.46400974677e-010, 8.21693615927e-011, 7.79982814447e-011, 7.09389907927e-011, 5.45030479082e-011, 3.8041646222e-011, 2.82870948887e-011, 1.59961661972e-011, 7.86128020319e-012, 4.89611259522e-012]
    },
    "mfcc": {
        "mean": [-604.05456543, 106.334251404, 23.3409690857, 21.3734493256, 7.42790555954, 8.05143260956, 2.60513567924, 2.77178764343, 1.95761752129, 2.7657058239, -0.629532754421, 0.762740194798, 0.743344664574],
        "cov": [[3490.41748047, -800.764282227, -102.134681702, -151.558166504, -202.127365112, -119.234855652, -103.62739563, -102.075538635, -108.172904968, -75.0063247681, -107.729820251, -35.9227981567, -31.2969379425], [-800.764282227, 674.915893555, 97.9227828979, 24.9585590363, 101.203681946, 26.6017951965, 23.0261058807, 11.9898462296, 23.8988113403, 0.130169436336, 33.3048248291, -21.6184978485, -26.0277900696], [-102.134681702, 97.9227828979, 114.88709259, 23.9239959717, 55.6707191467, 14.8942461014, 24.2308444977, 2.31715750694, 5.42817211151, -10.7052459717, 7.84999799728, 4.34961652756, 0.872565150261], [-151.558166504, 24.9585590363, 23.9239959717, 64.3446960449, 21.8408870697, 24.847858429, 14.3060255051, 13.0430011749, 3.44355916977, 9.26349258423, 5.15119171143, 9.45189571381, 10.1159257889], [-202.127365112, 101.203681946, 55.6707191467, 21.8408870697, 62.177230835, 21.4697246552, 23.2656478882, 8.60861301422, 8.20637607574, -1.99715447426, 13.4087896347, 7.78273534775, -0.997040271759], [-119.234855652, 26.6017951965, 14.8942461014, 24.847858429, 21.4697246552, 41.0755958557, 25.2606220245, 16.4811725616, 3.94030690193, 3.17528748512, 11.849817276, 15.8646860123, 8.28490543365], [-103.62739563, 23.0261058807, 24.2308444977, 14.3060255051, 23.2656478882, 25.2606220245, 41.5262336731, 22.1098842621, 10.0684661865, 5.47550392151, 8.65824508667, 16.9474105835, 8.97539520264], [-102.075538635, 11.9898462296, 2.31715750694, 13.0430011749, 8.60861301422, 16.4811725616, 22.1098842621, 38.7988510132, 23.8706111908, 15.321141243, 10.1170930862, 7.66919708252, 6.67535018921], [-108.172904968, 23.8988113403, 5.42817211151, 3.44355916977, 8.20637607574, 3.94030690193, 10.0684661865, 23.8706111908, 45.7846107483, 30.7270641327, 10.4863109589, -1.40703320503, 0.719734609127], [-75.0063247681, 0.130169436336, -10.7052459717, 9.26349258423, -1.99715447426, 3.17528748512, 5.47550392151, 15.321141243, 30.7270641327, 52.6878471375, 24.3410339355, 9.19861221313, -0.903051972389], [-107.729820251, 33.3048248291, 7.84999799728, 5.15119171143, 13.4087896347, 11.849817276, 8.65824508667, 10.1170930862, 10.4863109589, 24.3410339355, 57.6370887756, 28.2249794006, -2.53799462318], [-35.9227981567, -21.6184978485, 4.34961652756, 9.45189571381, 7.78273534775, 15.8646860123, 16.9474105835, 7.66919708252, -1.40703320503, 9.19861221313, 28.2249794006, 58.9823417664, 29.2859649658], [-31.2969379425, -26.0277900696, 0.872565150261, 10.1159257889, -0.997040271759, 8.28490543365, 8.97539520264, 6.67535018921, 0.719734609127, -0.903051972389, -2.53799462318, 29.2859649658, 65.2041168213]],
        "icov": [[0.000513514096383, 0.000493983738124, -0.000731374078896, 0.000787515833508, 0.00091970077483, 6.39843783574e-005, 0.000339974008966, 2.71432945738e-005, 0.000713589368388, -0.00016272533685, 0.000469041639008, -0.000189364523976, 0.00038080921513], [0.000493983738124, 0.00260954420082, -0.000990601954982, 0.000973298388999, -0.00236568134278, -0.000236848383793, 0.000904008687939, 1.31327042254e-005, 0.000227263648412, 0.000192463383428, -0.000973802176304, 0.00160603760742, 0.000250073935604], [-0.000731374078896, -0.000990601954982, 0.0187710039318, -0.00570093793795, -0.0136389052495, 0.00554716214538, -0.00865227263421, 0.00679101236165, -0.00644155126065, 0.00679982732981, -0.00320643698797, 0.0015382404672, -0.00118125439622], [0.000787515833508, 0.000973298388999, -0.00570093793795, 0.0263367146254, -0.00356541806832, -0.0137614021078, 0.00853834766895, -0.00820101145655, 0.0106145339087, -0.0114655690268, 0.00601155869663, -7.39267125027e-005, -0.00189360533841], [0.00091970077483, -0.00236568134278, -0.0136389052495, -0.00356541806832, 0.0434011407197, -0.00711905257776, -0.00873415637761, 0.00575185846537, -0.00644251145422, 0.00621946109459, -0.00345965265296, -0.00187666714191, 0.00327988062054], [6.39843783574e-005, -0.000236848383793, 0.00554716214538, -0.0137614021078, -0.00711905257776, 0.0526593625546, -0.0227595306933, -0.00505214370787, 0.00256196199916, 0.00566342705861, -0.00603370601311, -0.00199558958411, -0.000441208219854], [0.000339974008966, 0.000904008687939, -0.00865227263421, 0.00853834766895, -0.00873415637761, -0.0227595306933, 0.0611774288118, -0.0271988641471, 0.00684011215344, -0.00683914823458, 0.0101877199486, -0.0115159526467, 0.00183548906352], [2.71432945738e-005, 1.31327042254e-005, 0.00679101236165, -0.00820101145655, 0.00575185846537, -0.00505214370787, -0.0271988641471, 0.0617306046188, -0.0313224419951, 0.00919895898551, -0.00717379758134, 0.00347345182672, -0.00201236386783], [0.000713589368388, 0.000227263648412, -0.00644155126065, 0.0106145339087, -0.00644251145422, 0.00256196199916, 0.00684011215344, -0.0313224419951, 0.0605111978948, -0.0335888937116, 0.00623689591885, 0.00687947589904, -0.00326647656038], [-0.00016272533685, 0.000192463383428, 0.00679982732981, -0.0114655690268, 0.00621946109459, 0.00566342705861, -0.00683914823458, 0.00919895898551, -0.0335888937116, 0.0476765185595, -0.01665436849, -0.00161117990501, 0.00216814153828], [0.000469041639008, -0.000973802176304, -0.00320643698797, 0.00601155869663, -0.00345965265296, -0.00603370601311, 0.0101877199486, -0.00717379758134, 0.00623689591885, -0.01665436849, 0.0365350283682, -0.0199583135545, 0.00907922070473], [-0.000189364523976, 0.00160603760742, 0.0015382404672, -7.39267125027e-005, -0.00187666714191, -0.00199558958411, -0.0115159526467, 0.00347345182672, 0.00687947589904, -0.00161117990501, -0.0199583135545, 0.0390961542726, -0.0164393372834], [0.00038080921513, 0.000250073935604, -0.00118125439622, -0.00189360533841, 0.00327988062054, -0.000441208219854, 0.00183548906352, -0.00201236386783, -0.00326647656038, 0.00216814153828, 0.00907922070473, -0.0164393372834, 0.023791315034]]
    },
    "spectral_contrast_coeffs": {
        "mean": [-0.572841465473, -0.687437653542, -0.769099533558, -0.798739016056, -0.801834642887, -0.778172671795],
        "var": [0.00961693003774, 0.00864773243666, 0.00447838986292, 0.00252977991477, 0.00184378249105, 0.00100099400152]
    },
    "spectral_contrast_valleys": {
        "mean": [-7.21592092514, -6.6401720047, -7.086186409, -7.44579315186, -7.31597995758, -9.33862876892],
        "var": [0.669235765934, 0.695750236511, 0.726649940014, 0.636250019073, 0.774428546429, 0.951605319977]
    }
},
"metadata": {
    "audio_properties": {
        "analysis_sample_rate": 44100,
        "bit_rate": 128074,
        "equal_loudness": 0,
        "length": 45.0612258911,
        "lossless": 0,
        "replay_gain": -6.04542732239,
        "sample_rate": 44100,
        "codec": "mp3",
        "downmix": "mix",
        "md5_encoded": "ab28f527e1b96fc935b5cfd56f87b1fd"
    },
    "tags": {
        "file_name": "1369.mp3"
    },
    "version": {
        "essentia": "2.1-beta2",
        "essentia_git_sha": "v2.1_beta2",
        "extractor": "music 1.0"
    }
},
"rhythm": {
    "beats_count": 71,
    "beats_loudness": {
        "mean": 0.053302846849,
        "var": 0.000150385516463
    },
    "bpm": 96.3917160034,
    "bpm_histogram_first_peak_bpm": {
        "mean": 96,
        "var": 0
    },
    "bpm_histogram_first_peak_spread": {
        "mean": 0.462686568499,
        "var": 0
    },
    "bpm_histogram_first_peak_weight": {
        "mean": 0.514285743237,
        "var": 0
    },
    "bpm_histogram_second_peak_bpm": {
        "mean": 91,
        "var": 0
    },
    "bpm_histogram_second_peak_spread": {
        "mean": 0.333333343267,
        "var": 0
    },
    "bpm_histogram_second_peak_weight": {
        "mean": 0.0285714287311,
        "var": 0
    },
    "danceability": 1.7996969223,
    "onset_rate": 5.72296285629,
    "beats_loudness_band_ratio": {
        "mean": [0.472414731979, 0.17562673986, 0.139828294516, 0.0707284882665, 0.0590495727956, 0.123964339495],
        "var": [0.0401764549315, 0.0130696995184, 0.00410430599004, 0.000917614961509, 0.00146694318391, 0.0191537681967]
    },
    "beats_position": [0.638548731804, 1.30031740665, 1.95047616959, 2.60063481331, 3.26240348816, 3.93578219414, 4.58594083786, 5.22448968887, 5.85142850876, 6.46675729752, 7.08208608627, 7.70902490616, 8.33596324921, 8.96290206909, 9.58984088898, 10.2167797089, 10.8321084976, 11.4474372864, 12.0627660751, 12.6780948639, 13.3050336838, 13.9319725037, 14.5589113235, 15.1858501434, 15.8011789322, 16.4165077209, 17.0202255249, 17.6471652985, 18.2741031647, 18.9010429382, 19.5279808044, 20.154920578, 20.7818584442, 21.3971881866, 22.0009059906, 22.616235733, 23.2431735992, 23.8585033417, 24.4738311768, 25.1007709503, 25.7277088165, 26.3546485901, 26.9699764252, 27.5853061676, 28.2122440338, 28.8391838074, 29.4429016113, 30.0698413849, 30.6967792511, 31.3237190247, 31.9390468597, 32.5543746948, 33.1813163757, 33.8082542419, 34.4235839844, 35.0389099121, 35.6658477783, 36.2811775208, 36.8965072632, 37.5234451294, 38.1503829956, 38.7773246765, 39.3810424805, 40.0079803467, 40.6349182129, 41.2502479553, 41.8655776978, 42.492515564, 43.1194534302, 43.7463951111, 44.350112915]
},
"tonal": {
    "chords_changes_rate": 0.0751028805971,
    "chords_number_rate": 0.00823045242578,
    "chords_strength": {
        "mean": 0.453477352858,
        "var": 0.00708861928433
    },
    "hpcp_entropy": {
        "mean": 1.93974256516,
        "var": 0.975679993629
    },
    "key_strength": 0.822007834911,
    "tuning_diatonic_strength": 0.62695223093,
    "tuning_equal_tempered_deviation": 0.112914323807,
    "tuning_frequency": 437.971466064,
    "tuning_nontempered_energy_ratio": 0.72676640749,
    "hpcp": {
        "mean": [0.16069547832, 0.122011505067, 0.0660799220204, 0.0646421909332, 0.0657300874591, 0.0609264224768, 0.0671541392803, 0.0837014913559, 0.152835235, 0.214906826615, 0.146678134799, 0.072933845222, 0.0710449144244, 0.0675878077745, 0.0893416628242, 0.125655129552, 0.0986569002271, 0.059557210654, 0.0522401109338, 0.0454738177359, 0.0911100804806, 0.169205546379, 0.1586496979, 0.213087320328, 0.314969688654, 0.205111980438, 0.0754973739386, 0.0612622313201, 0.0751594826579, 0.153432667255, 0.246781215072, 0.178895801306, 0.0815478786826, 0.0946505665779, 0.10789488256, 0.129024863243],
        "var": [0.0822848379612, 0.052207056433, 0.025454884395, 0.0279362909496, 0.0308301150799, 0.0181867089123, 0.0188517160714, 0.0310963969678, 0.0610919035971, 0.0972582250834, 0.0493384599686, 0.0270774941891, 0.0301730297506, 0.0280804410577, 0.0297155305743, 0.0516633726656, 0.0343109145761, 0.0184427518398, 0.0187326148152, 0.01356517151, 0.025027230382, 0.076464921236, 0.0585337504745, 0.0730070769787, 0.161586642265, 0.0830222815275, 0.030997922644, 0.0219130795449, 0.0368711166084, 0.0572605617344, 0.126727953553, 0.069717168808, 0.0294287353754, 0.0447304807603, 0.0556313730776, 0.0561054833233]
    },
    "chords_histogram": [27.9835395813, 1.33744859695, 38.4773674011, 0, 6.06995868683, 0, 0.308641970158, 0, 6.37860059738, 0, 0, 0, 0, 0, 0, 0, 0, 3.80658435822, 2.57201647758, 0, 0, 0, 0, 13.0658435822],
    "thpcp": [1, 0.651211798191, 0.239697262645, 0.19450199604, 0.238624498248, 0.487134695053, 0.783507823944, 0.567977845669, 0.258907079697, 0.300506919622, 0.342556387186, 0.409642159939, 0.51019346714, 0.387375384569, 0.209797725081, 0.205233052373, 0.208687022328, 0.193435832858, 0.213208258152, 0.26574459672, 0.485237926245, 0.682309567928, 0.465689688921, 0.231558293104, 0.225561112165, 0.214585110545, 0.28365162015, 0.398943573236, 0.313226640224, 0.189088702202, 0.165857583284, 0.144375219941, 0.289266198874, 0.537212133408, 0.503698289394, 0.676532804966],
    "chords_key": "C",
    "chords_scale": "major",
    "key_key": "F",
    "key_scale": "major"
}
}