{
"lowlevel": {
    "average_loudness": 0.977394759655,
    "barkbands_crest": {
        "mean": 7.51322317123,
        "var": 7.83089399338
    },
    "barkbands_flatness_db": {
        "mean": 0.0749903619289,
        "var": 0.000697145937011
    },
    "barkbands_kurtosis": {
        "mean": 0.974482834339,
        "var": 8.31143188477
    },
    "barkbands_skewness": {
        "mean": 1.17121958733,
        "var": 0.71344012022
    },
    "barkbands_spread": {
        "mean": 50.1109962463,
        "var": 383.66494751
    },
    "dissonance": {
        "mean": 0.477571725845,
        "var": 0.000198055582587
    },
    "dynamic_complexity": 1.44095277786,
    "erbbands_crest": {
        "mean": 6.08232021332,
        "var": 5.79854536057
    },
    "erbbands_flatness_db": {
        "mean": 0.0943698063493,
        "var": 0.000301029707771
    },
    "erbbands_kurtosis": {
        "mean": -0.40511482954,
        "var": 0.600018620491
    },
    "erbbands_skewness": {
        "mean": 0.110433287919,
        "var": 0.198390811682
    },
    "erbbands_spread": {
        "mean": 62.4497909546,
        "var": 386.235961914
    },
    "hfc": {
        "mean": 55.4505729675,
        "var": 2424.97973633
    },
    "melbands_crest": {
        "mean": 13.2338914871,
        "var": 25.3664093018
    },
    "melbands_flatness_db": {
        "mean": 0.148344293237,
        "var": 0.00191429513507
    },
    "melbands_kurtosis": {
        "mean": 12.8038921356,
        "var": 150.796310425
    },
    "melbands_skewness": {
        "mean": 2.94531822205,
        "var": 1.5951333046
    },
    "melbands_spread": {
        "mean": 33.3286895752,
        "var": 426.235717773
    },
    "pitch_salience": {
        "mean": 0.555694282055,
        "var": 0.0102344444022
    },
    "silence_rate_20dB": {
        "mean": 1,
        "var": 0
    },
    "silence_rate_30dB": {
        "mean": 0.998970150948,
        "var": 0.00102881749626
    },
    "silence_rate_60dB": {
        "mean": 0.00205973233096,
        "var": 0.00205553835258
    },
    "spectral_centroid": {
        "mean": 1803.13647461,
        "var": 371645.375
    },
    "spectral_complexity": {
        "mean": 25.7317199707,
        "var": 93.006942749
    },
    "spectral_decrease": {
        "mean": -6.87744616812e-009,
        "var": 2.11851708223e-017
    },
    "spectral_energy": {
        "mean": 0.0309866014868,
        "var": 0.000379392993636
    },
    "spectral_energyband_high": {
        "mean": 0.00419097393751,
        "var": 1.85081535164e-005
    },
    "spectral_energyband_low": {
        "mean": 0.0109765250236,
        "var": 0.000121321536426
    },
    "spectral_energyband_middle_high": {
        "mean": 0.00543170981109,
        "var": 1.84721684491e-005
    },
    "spectral_energyband_middle_low": {
        "mean": 0.0119945649058,
        "var": 9.82003257377e-005
    },
    "spectral_entropy": {
        "mean": 7.86437606812,
        "var": 0.029333434999
    },
    "spectral_flux": {
        "mean": 0.113081634045,
        "var": 0.00216872990131
    },
    "spectral_kurtosis": {
        "mean": 3.17208337784,
        "var": 0.919107615948
    },
    "spectral_rms": {
        "mean": 0.00524460850284,
        "var": 2.72486499853e-006
    },
    "spectral_rolloff": {
        "mean": 4235.56933594,
        "var": 13520467
    },
    "spectral_skewness": {
        "mean": 1.43723833561,
        "var": 0.0384097620845
    },
    "spectral_spread": {
        "mean": 5895322.5,
        "var": 2.05994052813e+012
    },
    "spectral_strongpeak": {
        "mean": 1.62291014194,
        "var": 28.2147636414
    },
    "zerocrossingrate": {
        "mean": 0.149937793612,
        "var": 0.00289615080692
    },
    "barkbands": {
        "mean": [0.000490077480208, 0.00462049478665, 0.00440832506865, 0.00260317930952, 0.00480482028797, 0.00162547628861, 0.000706143851858, 0.00128984486219, 0.000674745882861, 0.000593190547079, 0.00036372456816, 0.00042064927402, 0.000574038538616, 0.00078057916835, 0.000410866254242, 0.00052208895795, 0.000352960079908, 0.000600034545641, 0.000695912982337, 0.000516998814419, 0.000333497911924, 0.000234296065173, 0.000472059095046, 0.000429445295595, 0.00129029713571, 0.00111489498522, 5.79783554713e-005],
        "var": [1.09990298824e-006, 3.97267394874e-005, 3.27800953528e-005, 1.48501121657e-005, 3.38075551554e-005, 4.11835799241e-006, 1.36103449222e-006, 1.58606826517e-006, 5.01619183524e-007, 3.68442897525e-007, 1.72489535544e-007, 2.80761696558e-007, 7.06726154931e-007, 1.22375115552e-006, 4.42384902044e-007, 8.94052618605e-007, 4.66825326839e-007, 1.15094496778e-006, 9.55724885898e-007, 2.1394812677e-007, 1.33542670255e-007, 7.38550127721e-008, 8.95086373021e-007, 8.03883779099e-007, 4.8570909712e-006, 2.13875546251e-006, 5.1004604984e-008]
    },
    "erbbands": {
        "mean": [0.145497709513, 1.00846862793, 4.69653272629, 7.58070468903, 12.3519983292, 15.6218299866, 15.2124528885, 13.3351106644, 10.4278421402, 25.3627433777, 16.438867569, 17.106136322, 18.9547805786, 12.8220462799, 20.1252861023, 17.1985187531, 26.9899768829, 36.892036438, 31.8394012451, 23.3936977386, 24.259552002, 20.3422813416, 27.2565326691, 37.6507568359, 36.2520294189, 24.1413516998, 16.7980384827, 10.6708717346, 8.60206794739, 12.8064279556, 12.2598552704, 6.71459722519, 7.328520298, 9.08238220215, 15.2750263214, 7.26469230652, 0.459367334843, 0.0976483225822, 0.00798091106117, 0.000209307283512],
        "var": [0.0883165150881, 1.23281574249, 31.696723938, 102.7914505, 254.877105713, 438.24307251, 450.80770874, 233.815139771, 292.17074585, 654.239013672, 235.378189087, 306.705535889, 377.084411621, 209.871231079, 461.151885986, 375.453735352, 1470.4588623, 1664.41479492, 3954.66650391, 600.109985352, 2046.90637207, 1882.95178223, 2912.59790039, 2580.8815918, 3007.64355469, 436.73928833, 256.911621094, 170.83543396, 106.808250427, 535.362792969, 589.454528809, 185.515350342, 244.179428101, 391.487670898, 647.191711426, 92.1422805786, 0.636879146099, 0.0572898462415, 0.000893792137504, 1.55179520789e-007]
    },
    "gfcc": {
        "mean": [65.6285552979, 44.1469726563, -89.6231765747, 27.2962036133, -53.4620132446, 16.5351791382, -45.820514679, 18.0060539246, -40.132194519, 14.8797140121, -24.6489868164, -0.638233542442, -18.7282218933],
        "cov": [[2228.51855469, -170.336257935, -74.6734008789, 197.740447998, 21.9294490814, 51.4256668091, -19.2196655273, -6.83652210236, 44.4320068359, -48.244556427, 0.217764392495, 6.28083515167, -95.1633529663], [-170.336257935, 477.957427979, -4.55507802963, 51.9279823303, -21.8254833221, 0.0842491909862, 26.7702541351, -74.2836837769, -80.5181503296, 4.36402368546, -61.8263931274, -16.547990799, -3.66226553917], [-74.6734008789, -4.55507802963, 328.412200928, 29.3635387421, 63.3238449097, 64.5878982544, -0.799494028091, 49.1419410706, -10.8323192596, 8.82873439789, 5.71936559677, 18.4285583496, 45.1225814819], [197.740447998, 51.9279823303, 29.3635387421, 179.197433472, 36.5303840637, 32.6220245361, 34.6253662109, -2.73865842819, -6.05297899246, -15.6900320053, -12.7799978256, 6.08149623871, -24.3338260651], [21.9294490814, -21.8254833221, 63.3238449097, 36.5303840637, 134.256439209, 36.9228401184, 26.9187526703, 45.5332756042, 8.50993442535, 22.4996147156, -6.03936958313, 7.92345619202, -9.76665878296], [51.4256668091, 0.0842491909862, 64.5878982544, 32.6220245361, 36.9228401184, 87.4396286011, 11.7965993881, 46.7181663513, 7.40413093567, 7.47823095322, 9.88586044312, -1.63623547554, 7.29725790024], [-19.2196655273, 26.7702541351, -0.799494028091, 34.6253662109, 26.9187526703, 11.7965993881, 101.028305054, 12.1486797333, -1.17896687984, 10.1151542664, -3.49209618568, 8.9906873703, -24.6553421021], [-6.83652210236, -74.2836837769, 49.1419410706, -2.73865842819, 45.5332756042, 46.7181663513, 12.1486797333, 123.024528503, 26.5640163422, 41.6972198486, 13.0015172958, 12.1288461685, 13.7946777344], [44.4320068359, -80.5181503296, -10.8323192596, -6.05297899246, 8.50993442535, 7.40413093567, -1.17896687984, 26.5640163422, 92.3769454956, 1.33176040649, 10.8146352768, 8.75949478149, -3.76746845245], [-48.244556427, 4.36402368546, 8.82873439789, -15.6900320053, 22.4996147156, 7.47823095322, 10.1151542664, 41.6972198486, 1.33176040649, 73.3699035645, 15.5033483505, 15.163974762, 4.66263723373], [0.217764392495, -61.8263931274, 5.71936559677, -12.7799978256, -6.03936958313, 9.88586044312, -3.49209618568, 13.0015172958, 10.8146352768, 15.5033483505, 83.077003479, -0.247349485755, 13.3963327408], [6.28083515167, -16.547990799, 18.4285583496, 6.08149623871, 7.92345619202, -1.63623547554, 8.9906873703, 12.1288461685, 8.75949478149, 15.163974762, -0.247349485755, 65.9478607178, 13.4513711929], [-95.1633529663, -3.66226553917, 45.1225814819, -24.3338260651, -9.76665878296, 7.29725790024, -24.6553421021, 13.7946777344, -3.76746845245, 4.66263723373, 13.3963327408, 13.4513711929, 77.3178405762]],
        "icov": [[0.000577390135732, 0.000278243649518, 0.00017211708473, -0.000665088475216, 8.68454153533e-005, -0.000454311550129, 0.000439302646555, 0.000142121556564, -2.55616178038e-005, 7.73077554186e-005, 3.81990103051e-005, -0.000217929191422, 0.000608034024481], [0.000278243649518, 0.00346821942367, 0.000113996538857, -0.00111847824883, 0.00078079267405, -0.00161122553982, -0.000715821923222, 0.00260587898083, 0.00175052939449, -0.0024431697093, 0.00255760829896, 0.000885059882421, -0.000718780094758], [0.00017211708473, 0.000113996538857, 0.00425735581666, -0.000445701210992, -0.00148435379378, -0.00230961549096, 0.000426353886724, -0.000337791949278, 0.000893451157026, 0.000599674938712, 5.78787003178e-005, -0.000852545083035, -0.00203524739482], [-0.000665088475216, -0.00111847824883, -0.000445701210992, 0.00817636400461, -0.00152717810124, -0.00191816524602, -0.00179789343383, 0.000238837412326, 0.000221694193897, 0.0024567428045, -0.000269400101388, -0.00140863831621, 0.00148842961062], [8.68454153533e-005, 0.00078079267405, -0.00148435379378, -0.00152717810124, 0.0106700658798, -0.00203493074514, -0.00137885648292, -0.00144531822298, -0.000188571371837, -0.00273261056282, 0.00189785112161, 0.000181880794116, 0.00168268452398], [-0.000454311550129, -0.00161122553982, -0.00230961549096, -0.00191816524602, -0.00203493074514, 0.0191757567227, -0.000689332548063, -0.00711325649172, -0.000850530574098, 0.00269530341029, -0.00290294527076, 0.00227105012164, -0.00100496970117], [0.000439302646555, -0.000715821923222, 0.000426353886724, -0.00179789343383, -0.00137885648292, -0.000689332548063, 0.0126914866269, -0.00125026551541, 0.000314576318488, -0.000260090542724, -0.000846341717988, -0.00241971504875, 0.00445180246606], [0.000142121556564, 0.00260587898083, -0.000337791949278, 0.000238837412326, -0.00144531822298, -0.00711325649172, -0.00125026551541, 0.0165018104017, -0.00218383339234, -0.00843026023358, 0.00234943232499, 0.000569713418372, -0.00238763750531], [-2.55616178038e-005, 0.00175052939449, 0.000893451157026, 0.000221694193897, -0.000188571371837, -0.000850530574098, 0.000314576318488, -0.00218383339234, 0.0134500991553, 0.00131313723978, -0.00046284229029, -0.0017853557365, 0.00111320137512], [7.73077554186e-005, -0.0024431697093, 0.000599674938712, 0.0024567428045, -0.00273261056282, 0.00269530341029, -0.000260090542724, -0.00843026023358, 0.00131313723978, 0.0215675104409, -0.00517147965729, -0.00452734949067, 0.00167127477471], [3.81990103051e-005, 0.00255760829896, 5.78787003178e-005, -0.000269400101388, 0.00189785112161, -0.00290294527076, -0.000846341717988, 0.00234943232499, -0.00046284229029, -0.00517147965729, 0.0154656525701, 0.00191997853108, -0.00285009341314], [-0.000217929191422, 0.000885059882421, -0.000852545083035, -0.00140863831621, 0.000181880794116, 0.00227105012164, -0.00241971504875, 0.000569713418372, -0.0017853557365, -0.00452734949067, 0.00191997853108, 0.0182491652668, -0.00455824797973], [0.000608034024481, -0.000718780094758, -0.00203524739482, 0.00148842961062, 0.00168268452398, -0.00100496970117, 0.00445180246606, -0.00238763750531, 0.00111320137512, 0.00167127477471, -0.00285009341314, -0.00455824797973, 0.018697457388]]
    },
    "melbands": {
        "mean": [0.00125073362142, 0.00208963942714, 0.00144587445538, 0.00102605577558, 0.000600840081461, 0.000298890867271, 0.000149661311298, 0.00030029041227, 0.000121783159557, 0.000104354498035, 9.2884809419e-005, 5.04453091708e-005, 5.92207506998e-005, 5.32054582436e-005, 4.8597172281e-005, 5.53517093067e-005, 7.300569996e-005, 5.75791455049e-005, 2.38101638388e-005, 4.2441275582e-005, 2.29256875173e-005, 1.89024867723e-005, 2.68225740001e-005, 2.43197519012e-005, 3.07237860397e-005, 2.83970057353e-005, 2.04917032534e-005, 1.52696320583e-005, 1.10405444502e-005, 8.75306068338e-006, 5.33158163307e-006, 5.07134700456e-006, 4.11145310864e-006, 9.14535394259e-006, 9.1845240604e-006, 2.92490835818e-006, 4.88776549901e-006, 5.12977658218e-006, 4.22885614171e-006, 9.38849188969e-006],
        "var": [4.44395209342e-006, 5.04338549945e-006, 2.86478348244e-006, 1.76684056896e-006, 6.08815923897e-007, 1.22522493484e-007, 6.4587609927e-008, 9.11703281758e-008, 1.37491182883e-008, 1.20142171767e-008, 9.5707015646e-009, 4.01353306145e-009, 4.20077927998e-009, 4.47279191462e-009, 4.12517042747e-009, 6.44931086313e-009, 7.57723839229e-009, 1.54283785747e-008, 6.76910860697e-010, 4.29052926521e-009, 1.95116922619e-009, 2.88297785644e-009, 2.37515584978e-009, 1.94325910918e-009, 1.80879544676e-009, 2.76123679477e-009, 5.06222730401e-010, 1.76195308343e-010, 1.16735815459e-010, 1.10035716649e-010, 4.47871462139e-011, 4.15296338985e-011, 2.50395468249e-011, 3.81022102758e-010, 4.49028453309e-010, 1.83820979271e-011, 1.59723428927e-010, 1.16597662081e-010, 1.45565018372e-010, 5.24982890493e-010]
    },
    "mfcc": {
        "mean": [-593.728820801, 94.5583572388, 10.2401447296, 23.3198947906, 7.37214040756, 3.6900100708, 6.92843818665, -3.39331388474, -2.91590070724, 4.94510030746, 1.37677788734, -5.08738803864, -0.896149992943],
        "cov": [[1734.01806641, -246.284118652, -72.739906311, 91.04296875, 34.9343070984, 53.3899269104, -41.9202346802, 62.8870773315, -46.0010643005, 0.639570772648, 94.2736587524, -36.8741226196, -33.1184234619], [-246.284118652, 371.418029785, 43.8767127991, 34.7386856079, -32.158996582, 55.8143234253, 28.1939716339, -30.3498039246, 11.3693218231, -36.8236656189, -35.7682533264, 7.85280179977, -17.3976268768], [-72.739906311, 43.8767127991, 198.725128174, 14.3852586746, 40.7928314209, 18.7722911835, 16.7912387848, 14.4743843079, 16.1841831207, -6.89236783981, -17.1726894379, -9.85887527466, 13.4298496246], [91.04296875, 34.7386856079, 14.3852586746, 160.529968262, -5.48899459839, 66.912940979, 19.8443260193, 43.5029792786, -7.59220075607, -1.55829238892, 19.5254402161, -29.8843746185, 24.3662338257], [34.9343070984, -32.158996582, 40.7928314209, -5.48899459839, 138.331497192, -5.27459096909, 19.5538024902, 9.34708309174, 33.3887825012, 9.42903709412, 30.7381229401, 11.9480886459, -13.1958475113], [53.3899269104, 55.8143234253, 18.7722911835, 66.912940979, -5.27459096909, 93.4453659058, 10.4753036499, 31.8328056335, -5.47993421555, -5.74126148224, 1.71754598618, -8.04125785828, 4.52568674088], [-41.9202346802, 28.1939716339, 16.7912387848, 19.8443260193, 19.5538024902, 10.4753036499, 115.156852722, 0.671969950199, 8.47979068756, 11.8794803619, 17.7096176147, 6.46438074112, 13.8113155365], [62.8870773315, -30.3498039246, 14.4743843079, 43.5029792786, 9.34708309174, 31.8328056335, 0.671969950199, 94.8115768433, 15.7343482971, 18.428565979, 20.2271633148, -9.73660945892, 14.9938697815], [-46.0010643005, 11.3693218231, 16.1841831207, -7.59220075607, 33.3887825012, -5.47993421555, 8.47979068756, 15.7343482971, 85.5918121338, 1.64936578274, 25.0483779907, -6.98865795135, 4.96160411835], [0.639570772648, -36.8236656189, -6.89236783981, -1.55829238892, 9.42903709412, -5.74126148224, 11.8794803619, 18.428565979, 1.64936578274, 65.1109848022, 13.1718587875, 13.2859220505, 5.49722480774], [94.2736587524, -35.7682533264, -17.1726894379, 19.5254402161, 30.7381229401, 1.71754598618, 17.7096176147, 20.2271633148, 25.0483779907, 13.1718587875, 112.903411865, -3.55572533607, 11.7289581299], [-36.8741226196, 7.85280179977, -9.85887527466, -29.8843746185, 11.9480886459, -8.04125785828, 6.46438074112, -9.73660945892, -6.98865795135, 13.2859220505, -3.55572533607, 63.6321144104, -2.44656634331], [-33.1184234619, -17.3976268768, 13.4298496246, 24.3662338257, -13.1958475113, 4.52568674088, 13.8113155365, 14.9938697815, 4.96160411835, 5.49722480774, 11.7289581299, -2.44656634331, 100.172088623]],
        "icov": [[0.000752443040255, 0.000530009914655, 0.000160241674166, -0.00028540470521, -0.000153092987603, -0.000523723312654, 0.000203488452826, -0.000100776647741, 0.00043897566502, 0.00029688765062, -0.000520011875778, 0.000160661831615, 0.00040605769027], [0.000530009914655, 0.00428733043373, -0.000712696113624, -0.000987104955129, 0.00133134331554, -0.00266376230866, -0.000770446960814, 0.00184224452823, -0.00153703556862, 0.00165747571737, 0.00041513107135, -0.00146479101386, 0.00128249148838], [0.000160241674166, -0.000712696113624, 0.00625231303275, 0.000317299680319, -0.00255738012493, -0.000722059747204, -0.000451211351901, -0.000995342503302, -8.52188823046e-005, 0.00039821912651, 0.00164361367933, 0.00153222295921, -0.00125194434077], [-0.00028540470521, -0.000987104955129, 0.000317299680319, 0.0111959623173, -0.000526519084815, -0.0057253325358, -0.00115880486555, -0.0025812247768, 0.0021805446595, -0.000299455132335, -0.00117198447697, 0.00451603159308, -0.00214029382914], [-0.000153092987603, 0.00133134331554, -0.00255738012493, -0.000526519084815, 0.0102612162009, 0.000214820829569, -0.00123947334941, 0.000400348682888, -0.00357086979784, 1.88990434253e-005, -0.00198100251146, -0.00302199856378, 0.00243851030245], [-0.000523723312654, -0.00266376230866, -0.000722059747204, -0.0057253325358, 0.000214820829569, 0.0185880213976, -0.000476103683468, -0.0048719663173, 0.00144158501644, 0.00142803241033, 0.000491850369144, -0.00125327031128, 0.000599093560595], [0.000203488452826, -0.000770446960814, -0.000451211351901, -0.00115880486555, -0.00123947334941, -0.000476103683468, 0.0100742988288, 0.00124660611618, -0.00013279695122, -0.002026805887, -0.00137683574576, -0.000775028660428, -0.00118144601583], [-0.000100776647741, 0.00184224452823, -0.000995342503302, -0.0025812247768, 0.000400348682888, -0.0048719663173, 0.00124660611618, 0.0158100705594, -0.00346323172562, -0.00408108439296, -0.000769438571297, 0.000350382731995, -0.000723400735296], [0.00043897566502, -0.00153703556862, -8.52188823046e-005, 0.0021805446595, -0.00357086979784, 0.00144158501644, -0.00013279695122, -0.00346323172562, 0.0156495012343, 0.000453223357908, -0.00297045335174, 0.00321036740206, -0.00101342238486], [0.00029688765062, 0.00165747571737, 0.00039821912651, -0.000299455132335, 1.88990434253e-005, 0.00142803241033, -0.002026805887, -0.00408108439296, 0.000453223357908, 0.0190487802029, -0.00106681336183, -0.0043330588378, 0.000185033393791], [-0.000520011875778, 0.00041513107135, 0.00164361367933, -0.00117198447697, -0.00198100251146, 0.000491850369144, -0.00137683574576, -0.000769438571297, -0.00297045335174, -0.00106681336183, 0.0116757322103, 0.000311991374474, -0.00116707803681], [0.000160661831615, -0.00146479101386, 0.00153222295921, 0.00451603159308, -0.00302199856378, -0.00125327031128, -0.000775028660428, 0.000350382731995, 0.00321036740206, -0.0043330588378, 0.000311991374474, 0.0201152712107, -0.00125872727949], [0.00040605769027, 0.00128249148838, -0.00125194434077, -0.00214029382914, 0.00243851030245, 0.000599093560595, -0.00118144601583, -0.000723400735296, -0.00101342238486, 0.000185033393791, -0.00116707803681, -0.00125872727949, 0.0117395529523]]
    },
    "spectral_contrast_coeffs": {
        "mean": [-0.63295763731, -0.751520872116, -0.783806502819, -0.77994030714, -0.779890418053, -0.708433568478],
        "var": [0.00583800440654, 0.00325820059516, 0.00215016468428, 0.00228961370885, 0.00119477650151, 0.000992848887108]
    },
    "spectral_contrast_valleys": {
        "mean": [-6.88401222229, -6.44154262543, -7.00881147385, -7.21965122223, -7.00185441971, -9.87682437897],
        "var": [0.569142580032, 0.463793575764, 0.43836542964, 0.466451823711, 0.475655823946, 0.518129348755]
    }
},
"metadata": {
    "audio_properties": {
        "analysis_sample_rate": 44100,
        "bit_rate": 128074,
        "equal_loudness": 0,
        "length": 45.0612258911,
        "lossless": 0,
        "replay_gain": -4.71633338928,
        "sample_rate": 44100,
        "codec": "mp3",
        "downmix": "mix",
        "md5_encoded": "325e7be77021338bfa08f0403c9c3428"
    },
    "tags": {
        "file_name": "1371.mp3"
    },
    "version": {
        "essentia": "2.1-beta2",
        "essentia_git_sha": "v2.1_beta2",
        "extractor": "music 1.0"
    }
},
"rhythm": {
    "beats_count": 92,
    "beats_loudness": {
        "mean": 0.0533724240959,
        "var": 0.000343413616065
    },
    "bpm": 122.744384766,
    "bpm_histogram_first_peak_bpm": {
        "mean": 123,
        "var": 0
    },
    "bpm_histogram_first_peak_spread": {
        "mean": 0.333333313465,
        "var": 0
    },
    "bpm_histogram_first_peak_weight": {
        "mean": 0.593406617641,
        "var": 0
    },
    "bpm_histogram_second_peak_bpm": {
        "mean": 117,
        "var": 0
    },
    "bpm_histogram_second_peak_spread": {
        "mean": 0,
        "var": 0
    },
    "bpm_histogram_second_peak_weight": {
        "mean": 0.0549450553954,
        "var": 0
    },
    "danceability": 1.64494621754,
    "onset_rate": 4.68040800095,
    "beats_loudness_band_ratio": {
        "mean": [0.492484182119, 0.136269360781, 0.0570155419409, 0.0427873060107, 0.0905777961016, 0.230914697051],
        "var": [0.0224495809525, 0.00698715914041, 0.00172400358133, 0.00115495431237, 0.00334085593931, 0.0132794901729]
    },
    "beats_position": [0.429569154978, 0.870748281479, 1.3235373497, 1.79954648018, 2.27555561066, 2.76317453384, 3.25079369545, 3.73841261864, 4.23764181137, 4.71365070343, 5.20126962662, 5.67727899551, 6.17650794983, 6.64090681076, 7.12852573395, 7.61614513397, 8.10376358032, 8.59138298035, 9.07900238037, 9.56662082672, 10.0542402267, 10.5534696579, 11.0526981354, 11.5403175354, 12.0279359818, 12.5039453506, 12.9915647507, 13.4675731659, 13.966802597, 14.4544210434, 14.9536504745, 15.4412698746, 15.9288883209, 16.4165077209, 16.904127121, 17.391746521, 17.8677539825, 18.3553733826, 18.8546028137, 19.3422222137, 19.853061676, 20.3406791687, 20.8282985687, 21.3159179688, 21.826757431, 22.3259868622, 22.825214386, 23.312833786, 23.800453186, 24.2880725861, 24.7756919861, 25.2633094788, 25.7393188477, 26.2153282166, 26.7029476166, 27.2021770477, 27.7014045715, 28.1658039093, 28.6650333405, 29.1642627716, 29.6286621094, 30.1162815094, 30.6038990021, 31.0915184021, 31.5791378021, 32.0667572021, 32.5543746948, 33.053604126, 33.5528335571, 34.0404510498, 34.5280723572, 35.0273017883, 35.5265312195, 36.0141487122, 36.5017662048, 36.9893875122, 37.5002250671, 37.9878463745, 38.4754638672, 38.9630813599, 39.4507026672, 39.9383201599, 40.4259414673, 40.9367790222, 41.4243965149, 41.9120178223, 42.3996353149, 42.9104766846, 43.3980941772, 43.8857116699, 44.3733329773, 44.8725624084]
},
"tonal": {
    "chords_changes_rate": 0.0144032919779,
    "chords_number_rate": 0.00411522621289,
    "chords_strength": {
        "mean": 0.626956105232,
        "var": 0.0072815855965
    },
    "hpcp_entropy": {
        "mean": 2.42766880989,
        "var": 0.493517547846
    },
    "key_strength": 0.800319671631,
    "tuning_diatonic_strength": 0.690887391567,
    "tuning_equal_tempered_deviation": 0.209717586637,
    "tuning_frequency": 434.193115234,
    "tuning_nontempered_energy_ratio": 0.921612620354,
    "hpcp": {
        "mean": [0.189339578152, 0.174601122737, 0.106766209006, 0.0850066170096, 0.0886625722051, 0.086886100471, 0.105334177613, 0.131871551275, 0.18081766367, 0.365036696196, 0.406419277191, 0.220658496022, 0.125949382782, 0.119728386402, 0.120545856655, 0.133907750249, 0.135543122888, 0.106816999614, 0.0776113346219, 0.0617420040071, 0.0663701668382, 0.143052503467, 0.214263215661, 0.25064677, 0.303596645594, 0.230159923434, 0.127185687423, 0.11809925735, 0.133465498686, 0.200650423765, 0.327510267496, 0.335445165634, 0.217978656292, 0.160993978381, 0.150855198503, 0.152910396457],
        "var": [0.0667950063944, 0.0579187907279, 0.0259285438806, 0.0219911336899, 0.0270831938833, 0.0264851469547, 0.0238948259503, 0.0375814326108, 0.0455302000046, 0.101955674589, 0.112891867757, 0.04375769943, 0.031510297209, 0.0376176387072, 0.0349289774895, 0.0370801985264, 0.0384590774775, 0.0324197970331, 0.0183177925646, 0.0108149386942, 0.0128810945898, 0.0271200407296, 0.0730859339237, 0.0656927451491, 0.108854018152, 0.0633980631828, 0.042332559824, 0.0436582639813, 0.0480432622135, 0.0717919096351, 0.0947885066271, 0.0913471728563, 0.061306964606, 0.0526774637401, 0.0517506450415, 0.0569624044001]
    },
    "chords_histogram": [62.3456802368, 0, 0, 0, 0, 0, 0, 0, 0, 0, 0, 0, 0, 0, 0, 6.06995868683, 0, 0, 0, 0, 0, 0, 20.4732513428, 11.1111106873],
    "thpcp": [1, 0.542933166027, 0.309900134802, 0.294593274593, 0.296604663134, 0.329481780529, 0.333505630493, 0.262824624777, 0.190963715315, 0.151917010546, 0.163304671645, 0.351982563734, 0.527197480202, 0.616719663143, 0.747003555298, 0.566311538219, 0.312942057848, 0.290584772825, 0.328393608332, 0.493703007698, 0.805843353271, 0.8253672719, 0.536339342594, 0.396127820015, 0.371181219816, 0.376238048077, 0.465872526169, 0.429608374834, 0.262699663639, 0.209159910679, 0.218155428767, 0.213784396648, 0.259176135063, 0.32447168231, 0.444904237986, 0.898177623749],
    "chords_key": "C",
    "chords_scale": "major",
    "key_key": "C",
    "key_scale": "major"
}
}