{
"lowlevel": {
    "average_loudness": 0.78976804018,
    "barkbands_crest": {
        "mean": 9.78381443024,
        "var": 11.8445825577
    },
    "barkbands_flatness_db": {
        "mean": 0.173776835203,
        "var": 0.00224949233234
    },
    "barkbands_kurtosis": {
        "mean": 1.53705918789,
        "var": 20.5076637268
    },
    "barkbands_skewness": {
        "mean": 0.647999703884,
        "var": 1.35491740704
    },
    "barkbands_spread": {
        "mean": 29.4529380798,
        "var": 248.484024048
    },
    "dissonance": {
        "mean": 0.449590027332,
        "var": 0.00111957185436
    },
    "dynamic_complexity": 1.87771511078,
    "erbbands_crest": {
        "mean": 12.8815498352,
        "var": 25.5083713531
    },
    "erbbands_flatness_db": {
        "mean": 0.211390629411,
        "var": 0.00289331981912
    },
    "erbbands_kurtosis": {
        "mean": 0.794972002506,
        "var": 4.95224475861
    },
    "erbbands_skewness": {
        "mean": -0.228460848331,
        "var": 0.608218431473
    },
    "erbbands_spread": {
        "mean": 33.16198349,
        "var": 730.33984375
    },
    "hfc": {
        "mean": 28.3772945404,
        "var": 417.692687988
    },
    "melbands_crest": {
        "mean": 13.5378961563,
        "var": 29.3495635986
    },
    "melbands_flatness_db": {
        "mean": 0.232648476958,
        "var": 0.00369624327868
    },
    "melbands_kurtosis": {
        "mean": 6.32904434204,
        "var": 223.408233643
    },
    "melbands_skewness": {
        "mean": 1.65440118313,
        "var": 2.95539665222
    },
    "melbands_spread": {
        "mean": 37.1795082092,
        "var": 585.100463867
    },
    "pitch_salience": {
        "mean": 0.457561790943,
        "var": 0.00914920214564
    },
    "silence_rate_20dB": {
        "mean": 1,
        "var": 0
    },
    "silence_rate_30dB": {
        "mean": 1,
        "var": 0
    },
    "silence_rate_60dB": {
        "mean": 0.00205973233096,
        "var": 0.00205550855026
    },
    "spectral_centroid": {
        "mean": 1684.11694336,
        "var": 599307.375
    },
    "spectral_complexity": {
        "mean": 14.1730175018,
        "var": 17.9637908936
    },
    "spectral_decrease": {
        "mean": -5.69454705612e-009,
        "var": 1.42370058781e-017
    },
    "spectral_energy": {
        "mean": 0.024066451937,
        "var": 0.000226328498684
    },
    "spectral_energyband_high": {
        "mean": 0.00121628923807,
        "var": 4.72292776976e-006
    },
    "spectral_energyband_low": {
        "mean": 0.00574578298256,
        "var": 7.13295958121e-005
    },
    "spectral_energyband_middle_high": {
        "mean": 0.00799127016217,
        "var": 3.17969715979e-005
    },
    "spectral_energyband_middle_low": {
        "mean": 0.00904478784651,
        "var": 8.37674888317e-005
    },
    "spectral_entropy": {
        "mean": 6.64893722534,
        "var": 0.215223371983
    },
    "spectral_flux": {
        "mean": 0.0483563356102,
        "var": 0.00051810988225
    },
    "spectral_kurtosis": {
        "mean": 8.81419944763,
        "var": 17.6344966888
    },
    "spectral_rms": {
        "mean": 0.00462472904474,
        "var": 2.09135464502e-006
    },
    "spectral_rolloff": {
        "mean": 2311.67285156,
        "var": 2750551.75
    },
    "spectral_skewness": {
        "mean": 1.98664677143,
        "var": 0.418844968081
    },
    "spectral_spread": {
        "mean": 3379609.5,
        "var": 2.022293504e+012
    },
    "spectral_strongpeak": {
        "mean": 2.91831302643,
        "var": 26.6256523132
    },
    "zerocrossingrate": {
        "mean": 0.0884173735976,
        "var": 0.0024760114029
    },
    "barkbands": {
        "mean": [0.000683970574755, 0.000898116442841, 0.0043818289414, 0.000514754850883, 0.00470847589895, 0.000684053113218, 0.00138161052018, 0.000539100728929, 0.000921858940274, 0.0018663413357, 0.00027963417233, 0.000358342193067, 0.000772608502302, 0.000434898363892, 0.00197378546, 0.000447117636213, 0.000737116730306, 0.00014928120072, 0.00098027405329, 0.00017246598145, 5.6663659052e-005, 4.26635197073e-005, 0.000804143026471, 7.95359846961e-006, 4.7454599553e-005, 0.00020337710157, 1.85441658687e-005],
        "var": [2.15555337491e-006, 2.72874694929e-006, 5.22650734638e-005, 2.24693462769e-006, 5.72429817112e-005, 1.04500463749e-006, 5.19328978044e-006, 1.78559741926e-006, 3.6449171148e-006, 9.64932587522e-006, 4.159401783e-007, 3.63616464938e-007, 1.68068243056e-006, 9.42569329254e-007, 5.72771523366e-006, 9.22266281123e-007, 1.23827112475e-006, 1.06847934944e-007, 3.91201137973e-006, 1.00025957295e-007, 1.45435450349e-008, 5.09694935147e-008, 4.66534083898e-006, 4.36382263658e-010, 1.21172201162e-008, 1.2851408826e-007, 2.70700684091e-009]
    },
    "erbbands": {
        "mean": [0.0128957694396, 0.345363259315, 4.26229715347, 3.3549516201, 6.39411830902, 20.5942459106, 10.7223930359, 5.31385326385, 20.7803974152, 14.5844926834, 12.8930721283, 20.3129711151, 29.7314186096, 54.9277992249, 14.8682909012, 18.1420192719, 39.3701591492, 24.9174213409, 88.6340179443, 59.9735603333, 26.3895797729, 38.3511428833, 14.6394062042, 15.7485275269, 61.1167755127, 11.106297493, 2.31240296364, 2.49418616295, 1.73587536812, 5.77855825424, 33.6692771912, 1.36436200142, 0.213475912809, 0.509178459644, 0.332050561905, 0.340713739395, 0.679927706718, 0.0697397813201, 0.00182068406139, 7.97172324383e-005],
        "var": [0.000918104313314, 0.349352627993, 54.090877533, 22.3139686584, 109.485786438, 1387.66271973, 346.754516602, 38.881778717, 1184.7890625, 770.745666504, 626.282897949, 1293.99694824, 2490.31005859, 11905.1953125, 793.016540527, 555.248962402, 4129.90869141, 2318.26025391, 17812.4179688, 7002.65625, 3066.81494141, 4054.27246094, 553.779724121, 377.15725708, 16399.7753906, 266.530944824, 30.078962326, 27.4023265839, 72.8878936768, 267.060699463, 8327.04882813, 11.4905900955, 0.157305374742, 1.54856073856, 0.429737001657, 0.429334878922, 1.60624289513, 0.0170241855085, 1.38764871735e-005, 8.92413964948e-009]
    },
    "gfcc": {
        "mean": [-16.1593036652, 82.910369873, -138.395767212, 12.8320446014, -40.605846405, -1.90201282501, -35.2387466431, 1.14994573593, -23.0553131104, 0.496934622526, -24.1473693848, -0.49479341507, -18.5753574371],
        "cov": [[3650.81176758, -434.853118896, 1890.0168457, -122.872917175, 245.573348999, 164.903045654, -516.678344727, -15.4649848938, -686.563415527, -21.5090675354, -203.56048584, 35.952507019, -449.302307129], [-434.853118896, 1315.68212891, -115.683815002, 149.316192627, -65.9737930298, -8.91954994202, 11.2307500839, -223.114379883, 206.252593994, -208.723510742, 48.2868995667, 24.523317337, 25.0308876038], [1890.0168457, -115.683815002, 2982.92041016, -12.1454019547, 237.248565674, 262.73550415, -573.912658691, -12.5747451782, -726.385009766, -105.354255676, -101.45223999, -49.47473526, -555.331542969], [-122.872917175, 149.316192627, -12.1454019547, 531.199584961, -66.9096069336, 130.450469971, -25.6048698425, -165.399230957, 170.433685303, -181.497741699, 117.880561829, -47.3046340942, -78.2817687988], [245.573348999, -65.9737930298, 237.248565674, -66.9096069336, 388.529205322, -76.5618515015, 20.699514389, 104.662239075, -207.436019897, 155.551483154, -147.1199646, -5.57439136505, 30.0432281494], [164.903045654, -8.91954994202, 262.73550415, 130.450469971, -76.5618515015, 381.566192627, -14.6268177032, -67.4383087158, 157.040390015, -177.52355957, 92.3479385376, 16.0525608063, -128.054504395], [-516.678344727, 11.2307500839, -573.912658691, -25.6048698425, 20.699514389, -14.6268177032, 277.622589111, 114.206794739, 161.895202637, 98.0383529663, -11.7752084732, 30.5127830505, 141.392623901], [-15.4649848938, -223.114379883, -12.5747451782, -165.399230957, 104.662239075, -67.4383087158, 114.206794739, 251.467391968, -57.3628540039, 172.03553772, -41.7081871033, 30.1588687897, 44.1930732727], [-686.563415527, 206.252593994, -726.385009766, 170.433685303, -207.436019897, 157.040390015, 161.895202637, -57.3628540039, 476.96005249, -110.328582764, 152.166748047, 21.9369010925, 66.6439590454], [-21.5090675354, -208.723510742, -105.354255676, -181.497741699, 155.551483154, -177.52355957, 98.0383529663, 172.03553772, -110.328582764, 312.667114258, -71.4677429199, 20.0928325653, 87.4344177246], [-203.56048584, 48.2868995667, -101.45223999, 117.880561829, -147.1199646, 92.3479385376, -11.7752084732, -41.7081871033, 152.166748047, -71.4677429199, 190.345275879, 9.66764259338, -49.4623985291], [35.952507019, 24.523317337, -49.47473526, -47.3046340942, -5.57439136505, 16.0525608063, 30.5127830505, 30.1588687897, 21.9369010925, 20.0928325653, 9.66764259338, 115.727394104, 37.0159568787], [-449.302307129, 25.0308876038, -555.331542969, -78.2817687988, 30.0432281494, -128.054504395, 141.392623901, 44.1930732727, 66.6439590454, 87.4344177246, -49.4623985291, 37.0159568787, 225.855194092]],
        "icov": [[0.000628636451438, -2.05790433938e-006, 0.000174113680259, -0.000164588956977, 0.000102566322312, -0.000608607952017, 0.000919359270483, -0.000242031484959, 0.000675493851304, -0.000335150107276, 0.000870947842486, -0.000732513086405, 0.000976177747361], [-2.05790433938e-006, 0.00144608994015, -0.000701391487382, 0.000584990950301, -0.000938998069614, 0.0019296053797, -0.00157930201385, 0.00190730777103, -0.00168259092607, 0.00137682817876, -0.000522899907082, -0.000670757086482, 0.000107157153252], [0.000174113680259, -0.000701391487382, 0.00194445461966, -0.000723932462279, 0.000501961389091, -0.00253491941839, 0.00267133675516, -0.00190320180263, 0.00285367318429, -0.000976546434686, 0.00109518202953, -0.000297172024148, 0.00197480130009], [-0.000164588956977, 0.000584990950301, -0.000723932462279, 0.00378055870533, -0.0018155783182, 0.00184601102956, -0.00236830604263, 0.00289563252591, -0.00210996926762, 0.0019418951124, -0.0023355006706, 0.000762790150475, 0.000576637394261], [0.000102566322312, -0.000938998069614, 0.000501961389091, -0.0018155783182, 0.00599671015516, -0.0028124875389, 0.00134749722201, -0.00235450617038, 0.00302883912809, -0.00314539368264, 0.0034507077653, 0.000539104628842, -0.000870838237461], [-0.000608607952017, 0.0019296053797, -0.00253491941839, 0.00184601102956, -0.0028124875389, 0.0103281820193, -0.00602800492197, 0.00382165214978, -0.00646486412734, 0.00521841691807, -0.0026825289242, -0.00155357155018, 0.00179286755156], [0.000919359270483, -0.00157930201385, 0.00267133675516, -0.00236830604263, 0.00134749722201, -0.00602800492197, 0.0151834832504, -0.00762999104336, 0.00122181151528, -0.00419508572668, 0.00456786109135, -0.000280473701423, -0.00154817849398], [-0.000242031484959, 0.00190730777103, -0.00190320180263, 0.00289563252591, -0.00235450617038, 0.00382165214978, -0.00762999104336, 0.0121307866648, -0.00265983515419, -0.000424918980571, -0.00272563146427, -0.00129131833091, 0.00107822346035], [0.000675493851304, -0.00168259092607, 0.00285367318429, -0.00210996926762, 0.00302883912809, -0.00646486412734, 0.00122181151528, -0.00265983515419, 0.0112512819469, -0.00179611425847, -0.000512327882461, -0.000111065426609, 0.000784143456258], [-0.000335150107276, 0.00137682817876, -0.000976546434686, 0.0019418951124, -0.00314539368264, 0.00521841691807, -0.00419508572668, -0.000424918980571, -0.00179611425847, 0.00982787460089, -0.00265206582844, -0.000541429966688, -0.000227566211834], [0.000870947842486, -0.000522899907082, 0.00109518202953, -0.0023355006706, 0.0034507077653, -0.0026825289242, 0.00456786109135, -0.00272563146427, -0.000512327882461, -0.00265206582844, 0.0124777387828, -0.0022534255404, 0.00364746246487], [-0.000732513086405, -0.000670757086482, -0.000297172024148, 0.000762790150475, 0.000539104628842, -0.00155357155018, -0.000280473701423, -0.00129131833091, -0.000111065426609, -0.000541429966688, -0.0022534255404, 0.0115981800482, -0.00452545145527], [0.000976177747361, 0.000107157153252, 0.00197480130009, 0.000576637394261, -0.000870838237461, 0.00179286755156, -0.00154817849398, 0.00107822346035, 0.000784143456258, -0.000227566211834, 0.00364746246487, -0.00452545145527, 0.0147009668872]]
    },
    "melbands": {
        "mean": [0.000197766683414, 0.00160197645891, 0.000616226519924, 0.00107519631274, 0.000507437915076, 0.000117918614706, 0.000312177638989, 0.000146866033901, 0.000125195700093, 0.000120771277579, 0.000154998691869, 0.000243433998548, 4.28184175689e-005, 2.99050607282e-005, 9.89663385553e-005, 5.56140803383e-005, 4.22831471951e-005, 0.000125051432406, 0.000119174663268, 4.75163578812e-005, 2.57019819401e-005, 4.11176479247e-005, 2.65084036073e-005, 8.00543875812e-006, 6.92972344041e-006, 5.84426488786e-005, 1.55300822371e-005, 5.20686262462e-006, 1.39641724672e-006, 1.06185223103e-006, 1.62321111929e-006, 1.10494318051e-006, 5.47530021322e-007, 1.35285233682e-006, 3.09726892738e-005, 1.95635152522e-007, 6.60477965653e-008, 1.53681426696e-007, 5.351408916e-008, 6.66905236812e-007],
        "var": [1.25791487449e-007, 7.27543010726e-006, 6.7864095854e-007, 3.27926113641e-006, 8.2090292608e-007, 2.27634302519e-008, 2.71122161166e-007, 1.04852766469e-007, 7.20721118341e-008, 5.22611927067e-008, 6.80532323827e-008, 2.37945897652e-007, 7.63199636822e-009, 2.17883577847e-009, 1.99099634557e-008, 9.19261999854e-009, 1.01501802519e-008, 4.17486489823e-008, 2.33318200316e-008, 6.56846310676e-009, 4.2864507499e-009, 5.11561903949e-009, 2.85501822184e-009, 5.12808795428e-010, 1.3450912606e-010, 1.57892401376e-008, 5.91238169534e-010, 9.34653257567e-011, 1.48242095682e-011, 8.74175992011e-012, 1.06657755544e-011, 2.47279644677e-011, 2.45383019459e-011, 7.10978567686e-011, 7.08649272596e-009, 2.65000125793e-013, 9.39158757815e-014, 1.50987553081e-013, 3.47317050879e-014, 3.00817075242e-012]
    },
    "mfcc": {
        "mean": [-678.22277832, 142.509490967, -39.8492355347, 24.2951545715, 0.38062274456, 5.49077272415, -6.84330606461, 0.61944514513, -1.45637845993, 7.75738286972, -4.86856365204, -14.6958723068, 3.58549213409],
        "cov": [[1896.3939209, 122.392875671, 131.84552002, 70.1626815796, 113.977897644, 61.553981781, 40.1462211609, -116.159553528, -78.5581741333, -182.715713501, -120.208839417, -91.0417861938, -83.6143112183], [122.392875671, 993.345825195, 617.576843262, 88.8253097534, 255.247695923, 45.0563697815, 17.1256484985, 64.9562835693, -308.542785645, 4.76337480545, -140.73085022, 11.8159971237, 32.340927124], [131.84552002, 617.576843262, 1460.18896484, 69.5744094849, 550.807556152, -9.46298885345, 136.896270752, -42.1545982361, -437.035949707, 119.917976379, -240.202865601, -383.060699463, 98.6945343018], [70.1626815796, 88.8253097534, 69.5744094849, 311.783874512, 65.0736160278, 49.697719574, -12.2470617294, -20.4740467072, -42.019985199, -48.5733680725, -7.58205699921, -28.9273757935, 43.1886444092], [113.977897644, 255.247695923, 550.807556152, 65.0736160278, 416.507598877, 38.2249603271, 98.485534668, -15.5907592773, -187.282516479, 66.5271682739, -85.9104309082, -190.089599609, 2.84719800949], [61.553981781, 45.0563697815, -9.46298885345, 49.697719574, 38.2249603271, 247.89956665, -44.0831031799, 134.652053833, -58.0109214783, 39.8786010742, -13.7346067429, 37.3566513062, 34.825378418], [40.1462211609, 17.1256484985, 136.896270752, -12.2470617294, 98.485534668, -44.0831031799, 185.129760742, -62.1566543579, 45.2376937866, 7.45566606522, 8.45835971832, -56.3587760925, -43.5470962524], [-116.159553528, 64.9562835693, -42.1545982361, -20.4740467072, -15.5907592773, 134.652053833, -62.1566543579, 263.810821533, -55.1408691406, 82.4453811646, -6.53496170044, 81.5210800171, 73.3702087402], [-78.5581741333, -308.542785645, -437.035949707, -42.019985199, -187.282516479, -58.0109214783, 45.2376937866, -55.1408691406, 411.796508789, -87.9646987915, 123.802398682, 142.885345459, -154.366104126], [-182.715713501, 4.76337480545, 119.917976379, -48.5733680725, 66.5271682739, 39.8786010742, 7.45566606522, 82.4453811646, -87.9646987915, 230.504272461, 19.4739189148, -66.1784973145, 75.6878509521], [-120.208839417, -140.73085022, -240.202865601, -7.58205699921, -85.9104309082, -13.7346067429, 8.45835971832, -6.53496170044, 123.802398682, 19.4739189148, 179.301315308, 85.7995986938, -1.50733470917], [-91.0417861938, 11.8159971237, -383.060699463, -28.9273757935, -190.089599609, 37.3566513062, -56.3587760925, 81.5210800171, 142.885345459, -66.1784973145, 85.7995986938, 375.955810547, -41.2624397278], [-83.6143112183, 32.340927124, 98.6945343018, 43.1886444092, 2.84719800949, 34.825378418, -43.5470962524, 73.3702087402, -154.366104126, 75.6878509521, -1.50733470917, -41.2624397278, 278.782196045]],
        "icov": [[0.00064414087683, -2.77598046523e-005, 8.23320660857e-005, 5.18680353707e-005, -8.19341585157e-005, -0.000389544613427, -0.000167974983924, 0.000266124610789, 0.000197339060833, 0.000548368145246, 0.000207246179343, 0.000143814628245, 9.52514528763e-005], [-2.77598046523e-005, 0.00199083099142, -0.00072204292519, -0.00041595674702, -0.000248845288297, 0.00032237439882, -0.000219256340642, -0.000445431651315, 0.00123816879932, 0.000302110915072, 0.000216350323171, -0.00133944733534, 0.00053252116777], [8.23320660857e-005, -0.00072204292519, 0.00220202188939, 0.000149370796862, -0.00155808939599, 0.000299629318761, -0.000574470148422, 0.000256241881289, 0.000419136835262, -0.000256335799349, 0.00109209713992, 0.000836394203361, -0.000441558542661], [5.18680353707e-005, -0.00041595674702, 0.000149370796862, 0.00407775724307, -0.000858548562974, -0.00120404758491, 0.000568496063352, 0.000794999534264, -0.000346290820744, 0.00139417138416, -0.000570882635657, 0.000478233938338, -0.00108460092451], [-8.19341585157e-005, -0.000248845288297, -0.00155808939599, -0.000858548562974, 0.00641542952508, -0.00112276279833, -0.00216625607572, -0.000182102026884, 0.00126139260828, -0.000584544846788, -0.000625523040071, 0.0011288758833, 0.00149403128307], [-0.000389544613427, 0.00032237439882, 0.000299629318761, -0.00120404758491, -0.00112276279833, 0.00661163218319, 0.000651590409689, -0.00323882349767, 0.000446276419098, -0.000545236922335, 0.000196583714569, -0.000585735135246, 0.000375452218577], [-0.000167974983924, -0.000219256340642, -0.000574470148422, 0.000568496063352, -0.00216625607572, 0.000651590409689, 0.00828645564616, 0.00102372816764, -0.00244908197783, -0.000591505726334, -0.000746979436371, 0.000270607008133, -0.000103447629954], [0.000266124610789, -0.000445431651315, 0.000256241881289, 0.000794999534264, -0.000182102026884, -0.00323882349767, 0.00102372816764, 0.00742980418727, -0.000411992601585, -0.00207221694291, 0.00129919708706, -0.00147987750825, -0.0013489468256], [0.000197339060833, 0.00123816879932, 0.000419136835262, -0.000346290820744, 0.00126139260828, 0.000446276419098, -0.00244908197783, -0.000411992601585, 0.00691127404571, 0.00125209172256, -0.00206311559305, -0.000900969840586, 0.00282049155794], [0.000548368145246, 0.000302110915072, -0.000256335799349, 0.00139417138416, -0.000584544846788, -0.000545236922335, -0.000591505726334, -0.00207221694291, 0.00125209172256, 0.00750849489123, -0.00241260812618, 0.00141736073419, -0.000617233396042], [0.000207246179343, 0.000216350323171, 0.00109209713992, -0.000570882635657, -0.000625523040071, 0.000196583714569, -0.000746979436371, 0.00129919708706, -0.00206311559305, -0.00241260812618, 0.00956047791988, -0.00159445381723, -0.00140957022086], [0.000143814628245, -0.00133944733534, 0.000836394203361, 0.000478233938338, 0.0011288758833, -0.000585735135246, 0.000270607008133, -0.00147987750825, -0.000900969840586, 0.00141736073419, -0.00159445381723, 0.00560039654374, 0.000258323329035], [9.52514528763e-005, 0.00053252116777, -0.000441558542661, -0.00108460092451, 0.00149403128307, 0.000375452218577, -0.000103447629954, -0.0013489468256, 0.00282049155794, -0.000617233396042, -0.00140957022086, 0.000258323329035, 0.00591480499133]]
    },
    "spectral_contrast_coeffs": {
        "mean": [-0.543714523315, -0.666840493679, -0.678292930126, -0.660972654819, -0.658974170685, -0.644412398338],
        "var": [0.0170393921435, 0.0055711613968, 0.00628189276904, 0.00597093719989, 0.00604947982356, 0.00543168419972]
    },
    "spectral_contrast_valleys": {
        "mean": [-8.70156002045, -7.50746107101, -8.05620193481, -8.26787948608, -8.80268096924, -12.6020650864],
        "var": [1.43018746376, 0.765894055367, 0.570297837257, 0.588586866856, 0.678194880486, 0.974860548973]
    }
},
"metadata": {
    "audio_properties": {
        "analysis_sample_rate": 44100,
        "bit_rate": 128074,
        "equal_loudness": 0,
        "length": 45.0612258911,
        "lossless": 0,
        "replay_gain": -4.12759017944,
        "sample_rate": 44100,
        "codec": "mp3",
        "downmix": "mix",
        "md5_encoded": "4aca032f2ab330cb108e80e69d2c7ed5"
    },
    "tags": {
        "file_name": "1372.mp3"
    },
    "version": {
        "essentia": "2.1-beta2",
        "essentia_git_sha": "v2.1_beta2",
        "extractor": "music 1.0"
    }
},
"rhythm": {
    "beats_count": 74,
    "beats_loudness": {
        "mean": 0.0266375709325,
        "var": 0.000271228316706
    },
    "bpm": 99.8811340332,
    "bpm_histogram_first_peak_bpm": {
        "mean": 99,
        "var": 0
    },
    "bpm_histogram_first_peak_spread": {
        "mean": 0.295774638653,
        "var": 0
    },
    "bpm_histogram_first_peak_weight": {
        "mean": 0.684931516647,
        "var": 0
    },
    "bpm_histogram_second_peak_bpm": {
        "mean": 91,
        "var": 0
    },
    "bpm_histogram_second_peak_spread": {
        "mean": 0,
        "var": 0
    },
    "bpm_histogram_second_peak_weight": {
        "mean": 0.0273972600698,
        "var": 0
    },
    "danceability": 0.906247973442,
    "onset_rate": 2.39565896988,
    "beats_loudness_band_ratio": {
        "mean": [0.259897142649, 0.180228963494, 0.163779094815, 0.15328669548, 0.192084923387, 0.0958680063486],
        "var": [0.0304584912956, 0.0270221233368, 0.0218786727637, 0.0130108930171, 0.0294791776687, 0.0156285613775]
    },
    "beats_position": [0.638548731804, 1.30031740665, 1.95047616959, 2.57741498947, 3.1811337471, 3.78485250473, 4.38857126236, 4.99229001999, 5.58439922333, 6.17650794983, 6.78022670746, 7.38394546509, 7.98766422272, 8.59138298035, 9.19510173798, 9.79882049561, 10.3909292221, 10.9830379486, 11.5867567062, 12.1904764175, 12.7941951752, 13.3979139328, 14.0016326904, 14.6053514481, 15.1974601746, 15.7895689011, 16.3932876587, 16.9853973389, 17.5775051117, 18.181224823, 18.784942627, 19.3886623383, 19.9923801422, 20.5960998535, 21.1998176575, 21.8035373688, 22.4072551727, 22.9993648529, 23.5914726257, 24.1835823059, 24.7756919861, 25.37940979, 25.9831295013, 26.5752372742, 27.1673469543, 27.7710647583, 28.3747844696, 28.9785022736, 29.5822219849, 30.1743297577, 30.7664394379, 31.3701572418, 31.9738769531, 32.5775947571, 33.1813163757, 33.7850341797, 34.3771438599, 34.9692497253, 35.5613594055, 36.1534690857, 36.7571868896, 37.3609046936, 37.9646263123, 38.5683441162, 39.1720619202, 39.7757797241, 40.3795013428, 40.9832191467, 41.5869369507, 42.1906585693, 42.7943763733, 43.3980941772, 44.0018119812, 44.6055335999]
},
"tonal": {
    "chords_changes_rate": 0.0329218097031,
    "chords_number_rate": 0.0113168722019,
    "chords_strength": {
        "mean": 0.467198610306,
        "var": 0.00722635351121
    },
    "hpcp_entropy": {
        "mean": 1.3099039793,
        "var": 0.49505969882
    },
    "key_strength": 0.571923136711,
    "tuning_diatonic_strength": 0.352570831776,
    "tuning_equal_tempered_deviation": 0.00592614756897,
    "tuning_frequency": 440,
    "tuning_nontempered_energy_ratio": 0.616299211979,
    "hpcp": {
        "mean": [0.555429756641, 0.275181680918, 0.0616003274918, 0.0992114394903, 0.0784418806434, 0.13570471108, 0.199809491634, 0.10904622823, 0.112329550087, 0.162216946483, 0.0807993412018, 0.0469358377159, 0.061720315367, 0.0288313832134, 0.0424646623433, 0.092297963798, 0.0605729594827, 0.0905654281378, 0.190172940493, 0.121412470937, 0.0960611328483, 0.179089844227, 0.109052821994, 0.036863155663, 0.0541492663324, 0.0336599871516, 0.035403303802, 0.06616358459, 0.0436793528497, 0.063841983676, 0.128536164761, 0.0798550844193, 0.0539869479835, 0.104288600385, 0.0865517109632, 0.32559505105],
        "var": [0.213039562106, 0.0593322329223, 0.0162947978824, 0.0490834489465, 0.0244162902236, 0.0425860509276, 0.0867478847504, 0.0281500536948, 0.0382894985378, 0.0886899605393, 0.0239647328854, 0.0157431103289, 0.033391572535, 0.00800233241171, 0.00755451945588, 0.0412873625755, 0.0168918799609, 0.0225704610348, 0.0970146805048, 0.0397143252194, 0.0288916099817, 0.100049637258, 0.0428722836077, 0.0091414693743, 0.031265348196, 0.0108454646543, 0.00649812072515, 0.0316791981459, 0.0142379309982, 0.0145782846957, 0.0623539276421, 0.0244274847209, 0.0118385283276, 0.0571623928845, 0.0227704830468, 0.0828615054488]
    },
    "chords_histogram": [28.0864200592, 0, 0.411522626877, 0.617283940315, 0.102880656719, 8.64197540283, 0, 8.23045253754, 12.448559761, 7.30452680588, 0, 0, 0, 0, 0, 0, 1.64609050751, 3.08641982079, 5.96707820892, 10.9053497314, 3.80658435822, 0, 8.74485588074, 0],
    "thpcp": [1, 0.495439201593, 0.110905699432, 0.178621038795, 0.14122736454, 0.244323804975, 0.359738528728, 0.196327671409, 0.202238991857, 0.292056649923, 0.14547175169, 0.0845036432147, 0.111121729016, 0.0519082434475, 0.0764537006617, 0.166173964739, 0.109056018293, 0.163054689765, 0.342388808727, 0.218591943383, 0.172949194908, 0.322434723377, 0.196339532733, 0.0663687065244, 0.0974907577038, 0.0606017000973, 0.0637403801084, 0.119121424854, 0.078640639782, 0.114941596985, 0.231417492032, 0.143771708012, 0.0971985161304, 0.187761992216, 0.155828371644, 0.586203813553],
    "chords_key": "A",
    "chords_scale": "minor",
    "key_key": "A",
    "key_scale": "minor"
}
}