{
"lowlevel": {
    "average_loudness": 0.968270003796,
    "barkbands_crest": {
        "mean": 10.1732635498,
        "var": 12.3504495621
    },
    "barkbands_flatness_db": {
        "mean": 0.140817135572,
        "var": 0.00213166046888
    },
    "barkbands_kurtosis": {
        "mean": 3.42521166801,
        "var": 12.6583719254
    },
    "barkbands_skewness": {
        "mean": 1.42338144779,
        "var": 0.65271705389
    },
    "barkbands_spread": {
        "mean": 17.1640949249,
        "var": 68.1192474365
    },
    "dissonance": {
        "mean": 0.441863387823,
        "var": 0.00152181147132
    },
    "dynamic_complexity": 2.16246676445,
    "erbbands_crest": {
        "mean": 9.79485607147,
        "var": 18.680480957
    },
    "erbbands_flatness_db": {
        "mean": 0.163362115622,
        "var": 0.00197344156913
    },
    "erbbands_kurtosis": {
        "mean": 1.1497746706,
        "var": 2.41849040985
    },
    "erbbands_skewness": {
        "mean": 0.704094707966,
        "var": 0.345891416073
    },
    "erbbands_spread": {
        "mean": 29.8393535614,
        "var": 110.631599426
    },
    "hfc": {
        "mean": 16.169172287,
        "var": 157.79649353
    },
    "melbands_crest": {
        "mean": 13.9786558151,
        "var": 21.420343399
    },
    "melbands_flatness_db": {
        "mean": 0.192985013127,
        "var": 0.00263725267723
    },
    "melbands_kurtosis": {
        "mean": 7.56879901886,
        "var": 48.1442184448
    },
    "melbands_skewness": {
        "mean": 1.96637535095,
        "var": 0.966817557812
    },
    "melbands_spread": {
        "mean": 20.771528244,
        "var": 232.844726563
    },
    "pitch_salience": {
        "mean": 0.584762990475,
        "var": 0.0144307203591
    },
    "silence_rate_20dB": {
        "mean": 1,
        "var": 0
    },
    "silence_rate_30dB": {
        "mean": 0.953141093254,
        "var": 0.0446639023721
    },
    "silence_rate_60dB": {
        "mean": 0.0468589067459,
        "var": 0.0446635074914
    },
    "spectral_centroid": {
        "mean": 1152.87451172,
        "var": 342808.75
    },
    "spectral_complexity": {
        "mean": 15.6688976288,
        "var": 80.2853088379
    },
    "spectral_decrease": {
        "mean": -8.48083647753e-009,
        "var": 9.26427264459e-017
    },
    "spectral_energy": {
        "mean": 0.0334752686322,
        "var": 0.00139306334313
    },
    "spectral_energyband_high": {
        "mean": 0.000495649816003,
        "var": 3.08761883616e-007
    },
    "spectral_energyband_low": {
        "mean": 0.013430306688,
        "var": 0.000349081790773
    },
    "spectral_energyband_middle_high": {
        "mean": 0.00465670553967,
        "var": 1.40925785672e-005
    },
    "spectral_energyband_middle_low": {
        "mean": 0.0137700969353,
        "var": 0.000247438933002
    },
    "spectral_entropy": {
        "mean": 7.43239784241,
        "var": 0.204832479358
    },
    "spectral_flux": {
        "mean": 0.0962358415127,
        "var": 0.0061063808389
    },
    "spectral_kurtosis": {
        "mean": 4.08599185944,
        "var": 2.8136920929
    },
    "spectral_rms": {
        "mean": 0.00507040088996,
        "var": 6.94975096849e-006
    },
    "spectral_rolloff": {
        "mean": 1183.85693359,
        "var": 1310330.625
    },
    "spectral_skewness": {
        "mean": 1.63447117805,
        "var": 0.0881491005421
    },
    "spectral_spread": {
        "mean": 4677463.5,
        "var": 1.03156855603e+012
    },
    "spectral_strongpeak": {
        "mean": 0.942454576492,
        "var": 0.963365793228
    },
    "zerocrossingrate": {
        "mean": 0.0442865043879,
        "var": 0.000936127034947
    },
    "barkbands": {
        "mean": [0.00388676812872, 0.00611816998571, 0.00459710462019, 0.00283142714761, 0.00352711672895, 0.00188520969823, 0.00200967490673, 0.0010720732389, 0.00231629027985, 0.000793602201156, 0.000913139258046, 0.000657677242998, 0.00069844245445, 0.000410055043176, 0.000409133412177, 0.000285146321403, 0.000189073340152, 0.000171746942215, 0.000144709047163, 0.000124211714137, 0.000134841859108, 0.000104903789179, 7.91820057202e-005, 6.3621380832e-005, 3.97316362069e-005, 1.19732239909e-005, 1.98561437514e-007],
        "var": [0.000148538427311, 9.29488669499e-005, 8.60491127241e-005, 6.09468879702e-005, 3.31173978338e-005, 7.37697018849e-006, 7.64700325817e-006, 2.82963583231e-006, 5.09288565809e-006, 1.70086855178e-006, 2.00424324248e-006, 1.02138346847e-006, 1.21760047023e-006, 3.21160712247e-007, 4.45242989144e-007, 1.37291465307e-007, 7.31749096872e-008, 3.627619094e-008, 3.30247722502e-008, 1.50075987193e-008, 2.44712339281e-008, 1.52802055453e-008, 9.27417076468e-009, 6.61011823055e-009, 3.01060265606e-009, 2.43494169272e-010, 1.14153586757e-013]
    },
    "erbbands": {
        "mean": [0.18156440556, 1.39836120605, 4.95161771774, 7.71595191956, 11.0717506409, 11.4211301804, 12.6991901398, 17.2526950836, 27.9115085602, 24.2397575378, 32.247428894, 46.1342163086, 31.7962207794, 30.7325839996, 37.2532348633, 25.015832901, 35.2102661133, 21.0580825806, 20.9665222168, 20.0417423248, 15.8782949448, 10.8627786636, 9.80588150024, 8.69941806793, 6.55094146729, 5.88542747498, 5.7007226944, 4.83725786209, 3.92514133453, 2.8526699543, 2.10714840889, 1.51754832268, 0.97544002533, 0.541922867298, 0.231818959117, 0.077735863626, 0.0169964823872, 0.00176236766856, 5.69711846765e-005, 4.05155697081e-005],
        "var": [0.0948777869344, 5.44931221008, 79.7236404419, 300.74407959, 764.500976563, 303.427429199, 294.756134033, 655.450683594, 1553.81933594, 1411.37548828, 1768.24853516, 2395.99194336, 1620.4296875, 1764.92041016, 2114.48632813, 929.885925293, 3022.56640625, 730.814331055, 784.642944336, 1637.25610352, 422.860778809, 203.992248535, 125.908912659, 107.57485199, 40.9484558105, 34.2753944397, 43.7896728516, 32.8399047852, 21.5542087555, 10.7353477478, 6.41439437866, 3.61526083946, 1.69274640083, 0.58845949173, 0.102907061577, 0.0109570110217, 0.000456809444586, 4.80620383314e-006, 3.84122511576e-009, 1.8851158412e-009]
    },
    "gfcc": {
        "mean": [0.313675642014, 83.7850036621, -129.177856445, 21.7971172333, -71.4731292725, 18.7648944855, -39.4838829041, 8.99259376526, -24.4687957764, 5.48662662506, -15.3820171356, 1.96688759327, -8.74058818817],
        "cov": [[4557.08056641, 1225.89001465, 1044.34838867, 742.276611328, 458.050079346, 355.576324463, 218.361450195, 169.16519165, 21.3863582611, -63.6161804199, -196.325775146, -177.882507324, -162.087585449], [1225.89001465, 1388.79345703, 921.964294434, 381.682159424, 295.135955811, 171.29649353, 284.225311279, 113.222305298, 67.7337646484, -117.149261475, -99.1109771729, -156.029724121, -16.7789363861], [1044.34838867, 921.964294434, 873.595947266, 458.147247314, 271.533935547, 181.2449646, 217.240356445, 124.705299377, 43.4485740662, -62.5731277466, -100.431549072, -136.170379639, -66.4476776123], [742.276611328, 381.682159424, 458.147247314, 415.304901123, 245.369491577, 158.653198242, 117.297996521, 99.1461486816, 54.6154899597, 7.12364292145, -20.39402771, -39.6431045532, -34.0760688782], [458.050079346, 295.135955811, 271.533935547, 245.369491577, 262.907928467, 161.793395996, 113.34828186, 64.5780410767, 57.9336128235, 7.58879375458, 7.51190185547, -11.4722099304, -2.12452673912], [355.576324463, 171.29649353, 181.2449646, 158.653198242, 161.793395996, 166.737365723, 112.287200928, 56.5203552246, 24.9806728363, -5.69396877289, -17.5305480957, -4.323823452, 15.6937675476], [218.361450195, 284.225311279, 217.240356445, 117.297996521, 113.34828186, 112.287200928, 169.895629883, 84.8547592163, 36.2446670532, -19.6746940613, -41.9221992493, -38.8823776245, 13.0224704742], [169.16519165, 113.222305298, 124.705299377, 99.1461486816, 64.5780410767, 56.5203552246, 84.8547592163, 109.882125854, 70.5128860474, 26.9077739716, -6.86197042465, -26.041557312, -10.5535144806], [21.3863582611, 67.7337646484, 43.4485740662, 54.6154899597, 57.9336128235, 24.9806728363, 36.2446670532, 70.5128860474, 112.015129089, 74.8947296143, 62.1910896301, 20.1520271301, 13.6313829422], [-63.6161804199, -117.149261475, -62.5731277466, 7.12364292145, 7.58879375458, -5.69396877289, -19.6746940613, 26.9077739716, 74.8947296143, 117.654670715, 102.580627441, 58.4594192505, 4.34016132355], [-196.325775146, -99.1109771729, -100.431549072, -20.39402771, 7.51190185547, -17.5305480957, -41.9221992493, -6.86197042465, 62.1910896301, 102.580627441, 168.795684814, 118.254692078, 42.2599830627], [-177.882507324, -156.029724121, -136.170379639, -39.6431045532, -11.4722099304, -4.323823452, -38.8823776245, -26.041557312, 20.1520271301, 58.4594192505, 118.254692078, 149.161972046, 86.9092636108], [-162.087585449, -16.7789363861, -66.4476776123, -34.0760688782, -2.12452673912, 15.6937675476, 13.0224704742, -10.5535144806, 13.6313829422, 4.34016132355, 42.2599830627, 86.9092636108, 127.275421143]],
        "icov": [[0.000499335874338, -0.000967491127085, 0.000635961128864, -0.000654433679301, 0.000194553780602, -0.0010532917222, 0.00131190475076, -0.000894039869308, 0.00107192865107, -0.00149393989705, 0.00155394419562, -0.00105748849455, 0.000732208951376], [-0.000967491127085, 0.0068770647049, -0.00673589948565, 0.00346394744702, -0.00196068384685, 0.0042265728116, -0.00604324135929, 0.00528759509325, -0.00689347274601, 0.00865882635117, -0.00673333648592, 0.00473525607958, -0.00296656996943], [0.000635961128864, -0.00673589948565, 0.0110517889261, -0.00788692384958, 0.00290054664947, -0.00281754555181, 0.00182237569243, -0.00299888988957, 0.00524675752968, -0.00572403101251, 0.00452224258333, -0.00203755195253, 0.00306394556537], [-0.000654433679301, 0.00346394744702, -0.00788692384958, 0.0134340850636, -0.00798048358411, 0.00127990404144, 0.00214654090814, -0.00426297122613, 0.00074981682701, 0.000683386460878, -0.00113710132428, -0.000247088290052, -0.00131906021852], [0.000194553780602, -0.00196068384685, 0.00290054664947, -0.00798048358411, 0.0187762062997, -0.0129630593583, -0.00105630338658, 0.00673697004095, -0.00839676614851, 0.0042068772018, -0.00316068227403, 0.000802434340585, 0.00320285116322], [-0.0010532917222, 0.0042265728116, -0.00281754555181, 0.00127990404144, -0.0129630593583, 0.0266221370548, -0.0125579973683, 0.0004011458077, 0.0026229552459, 0.000816472398583, 0.000374162220396, -0.0013773975661, -0.00358582451008], [0.00131190475076, -0.00604324135929, 0.00182237569243, 0.00214654090814, -0.00105630338658, -0.0125579973683, 0.0272087659687, -0.0180087462068, 0.00927578750998, -0.0072493837215, 0.00649702083319, -0.00114422931802, -0.00246833451092], [-0.000894039869308, 0.00528759509325, -0.00299888988957, -0.00426297122613, 0.00673697004095, 0.0004011458077, -0.0180087462068, 0.0387895517051, -0.0279250312597, 0.00798253342509, -0.000266199524049, 0.00211180443875, 0.00333843147382], [0.00107192865107, -0.00689347274601, 0.00524675752968, 0.00074981682701, -0.00839676614851, 0.0026229552459, 0.00927578750998, -0.0279250312597, 0.0468513779342, -0.0265395585448, -0.000413286674302, 0.00487997988239, -0.00763973407447], [-0.00149393989705, 0.00865882635117, -0.00572403101251, 0.000683386460878, 0.0042068772018, 0.000816472398583, -0.0072493837215, 0.00798253342509, -0.0265395585448, 0.0442990325391, -0.0221680924296, 0.00347944232635, 0.00412319554016], [0.00155394419562, -0.00673333648592, 0.00452224258333, -0.00113710132428, -0.00316068227403, 0.000374162220396, 0.00649702083319, -0.000266199524049, -0.000413286674302, -0.0221680924296, 0.038056474179, -0.0263331625611, 0.0085076475516], [-0.00105748849455, 0.00473525607958, -0.00203755195253, -0.000247088290052, 0.000802434340585, -0.0013773975661, -0.00114422931802, 0.00211180443875, 0.00487997988239, 0.00347944232635, -0.0263331625611, 0.0390242412686, -0.0199221950024], [0.000732208951376, -0.00296656996943, 0.00306394556537, -0.00131906021852, 0.00320285116322, -0.00358582451008, -0.00246833451092, 0.00333843147382, -0.00763973407447, 0.00412319554016, 0.0085076475516, -0.0199221950024, 0.0221263486892]]
    },
    "melbands": {
        "mean": [0.00180032185744, 0.00238115503453, 0.00148754648399, 0.000820167420898, 0.000465006625745, 0.000390126690036, 0.000413857051171, 0.000250372948358, 0.000302468339214, 0.000287259841571, 0.000155486777658, 0.000123170932056, 0.000138650400913, 7.11364700692e-005, 8.36313483887e-005, 6.00405073783e-005, 3.68868459191e-005, 3.47608147422e-005, 2.7220505217e-005, 2.22550443141e-005, 1.74433007487e-005, 1.04006967376e-005, 1.04067712527e-005, 8.61225817061e-006, 6.85581608195e-006, 5.16889531355e-006, 4.24686868428e-006, 3.76475145458e-006, 3.53305154022e-006, 3.33330831381e-006, 2.65059247795e-006, 2.36422056332e-006, 1.79298422154e-006, 1.49904860791e-006, 1.21374614537e-006, 1.11036627004e-006, 8.74308341281e-007, 7.18335741112e-007, 5.61228375773e-007, 4.1914708504e-007],
        "var": [7.98049313744e-006, 1.42127601066e-005, 1.09397324195e-005, 2.40686358666e-006, 3.49683006107e-007, 3.01297291116e-007, 3.29967150492e-007, 1.47887220692e-007, 1.4823201866e-007, 8.26201684845e-008, 4.39805774022e-008, 3.33482645942e-008, 4.21529904315e-008, 1.48138425971e-008, 1.5793627739e-008, 6.94147317404e-009, 2.46547116056e-009, 2.46793607772e-009, 1.88595916661e-009, 1.67559988107e-009, 5.55190560192e-010, 2.13334544474e-010, 2.20950979735e-010, 1.0096173203e-010, 8.098961779e-011, 3.47424727876e-011, 1.70191465088e-011, 1.60401327637e-011, 1.76459714896e-011, 1.67552447611e-011, 1.07469450006e-011, 8.45440124159e-012, 4.59212789322e-012, 3.16501273974e-012, 2.16881785968e-012, 2.13826135617e-012, 1.2510274934e-012, 9.67524671491e-013, 6.1264708584e-013, 3.70394795564e-013]
    },
    "mfcc": {
        "mean": [-639.425476074, 110.962593079, -2.29406499863, 8.15560817719, -6.52187013626, 3.84566712379, -3.25743818283, 0.630079209805, -1.91308951378, 0.903696775436, -1.20544743538, 0.30291774869, -2.11787772179],
        "cov": [[3853.90209961, 1003.88012695, 685.772033691, 495.372436523, 421.708770752, 324.942565918, 271.076507568, 252.010559082, 260.373565674, 140.861984253, 110.390083313, 25.1597709656, -63.6848945618], [1003.88012695, 1213.5904541, 586.931396484, 294.661712646, 172.30279541, 160.848556519, 197.130340576, 195.060821533, 196.737075806, 109.749908447, 47.9415092468, -18.1069755554, -57.9995040894], [685.772033691, 586.931396484, 535.125427246, 296.227630615, 161.56048584, 131.799575806, 153.365341187, 127.113861084, 133.010818481, 76.2753601074, 38.7687911987, 11.3068990707, -24.2767810822], [495.372436523, 294.661712646, 296.227630615, 270.417053223, 161.641067505, 112.918533325, 112.395530701, 101.036018372, 97.2129745483, 65.559715271, 46.0371170044, 25.1461029053, 1.82837212086], [421.708770752, 172.30279541, 161.56048584, 161.641067505, 198.515853882, 119.529251099, 79.2608108521, 77.6270751953, 61.3652915955, 41.3935775757, 48.2844657898, 41.2012138367, 20.6555500031], [324.942565918, 160.848556519, 131.799575806, 112.918533325, 119.529251099, 152.003265381, 104.275802612, 80.8041152954, 65.6911087036, 30.4125270844, 18.0750312805, 1.57757925987, -11.4002256393], [271.076507568, 197.130340576, 153.365341187, 112.395530701, 79.2608108521, 104.275802612, 130.198577881, 96.5927886963, 81.4766387939, 44.7179985046, 12.9536380768, -7.45978832245, -20.9954566956], [252.010559082, 195.060821533, 127.113861084, 101.036018372, 77.6270751953, 80.8041152954, 96.5927886963, 123.397613525, 96.9910430908, 48.0709915161, 14.0460243225, -16.0881023407, -22.7671298981], [260.373565674, 196.737075806, 133.010818481, 97.2129745483, 61.3652915955, 65.6911087036, 81.4766387939, 96.9910430908, 144.342514038, 87.8902130127, 25.5959529877, -25.2466773987, -44.0485649109], [140.861984253, 109.749908447, 76.2753601074, 65.559715271, 41.3935775757, 30.4125270844, 44.7179985046, 48.0709915161, 87.8902130127, 115.768371582, 61.0003852844, 7.04276275635, -15.5786676407], [110.390083313, 47.9415092468, 38.7687911987, 46.0371170044, 48.2844657898, 18.0750312805, 12.9536380768, 14.0460243225, 25.5959529877, 61.0003852844, 102.024665833, 68.9879608154, 30.68998909], [25.1597709656, -18.1069755554, 11.3068990707, 25.1461029053, 41.2012138367, 1.57757925987, -7.45978832245, -16.0881023407, -25.2466773987, 7.04276275635, 68.9879608154, 129.542312622, 98.1287460327], [-63.6848945618, -57.9995040894, -24.2767810822, 1.82837212086, 20.6555500031, -11.4002256393, -20.9954566956, -22.7671298981, -44.0485649109, -15.5786676407, 30.68998909, 98.1287460327, 140.086761475]],
        "icov": [[0.000402697973186, -0.00018137168081, -5.49650467292e-005, -0.000159379647812, -0.000449012877652, -0.000182418123586, 5.57874736842e-005, 0.0001643619471, -0.000242353984504, 0.000221527501708, -0.000165544173797, -6.91350123816e-007, 0.000172149186255], [-0.00018137168081, 0.00205934024416, -0.00234323041514, 0.00112455105409, 0.000137536713737, 0.000101137258753, 6.40515499981e-005, -0.00137319753412, -0.000161370306159, -1.85207009054e-005, -0.000479370297398, 0.000402659963584, -0.000106050771137], [-5.49650467292e-005, -0.00234323041514, 0.00811996962875, -0.00665534473956, 0.00073984026676, 0.000638845667709, -0.00254403473809, 0.00249947770499, -0.00115247548092, 0.000728091632482, 0.00106459797826, -0.0012947130017, 0.000859012943693], [-0.000159379647812, 0.00112455105409, -0.00665534473956, 0.0154136195779, -0.00666650151834, 0.00143484270666, -0.00226637418382, -0.00141520856414, -0.00037391402293, -0.00124842487276, -0.000771972816437, 0.00079371733591, -0.00107461039443], [-0.000449012877652, 0.000137536713737, 0.00073984026676, -0.00666650151834, 0.0167331192642, -0.0101952143013, 0.00602149218321, -0.0043472754769, 0.00127468386199, -0.00033391546458, -0.00122011837084, -0.00281050358899, -0.000433277047705], [-0.000182418123586, 0.000101137258753, 0.000638845667709, 0.00143484270666, -0.0101952143013, 0.0227541141212, -0.0154453441501, 0.00254200980999, -0.00185549259186, 0.00362066715024, -0.00170787354, 0.00249738595448, -5.18322376593e-005], [5.57874736842e-005, 6.40515499981e-005, -0.00254403473809, -0.00226637418382, 0.00602149218321, -0.0154453441501, 0.0324442200363, -0.0153303835541, 0.00222738203593, -0.00495493598282, 0.00452820910141, -0.0044129434973, 0.00211535277776], [0.0001643619471, -0.00137319753412, 0.00249947770499, -0.00141520856414, -0.0043472754769, 0.00254200980999, -0.0153303835541, 0.0311023071408, -0.0145913138986, 0.00603043753654, -0.0029116764199, 0.00496119074523, -0.00319195212796], [-0.000242353984504, -0.000161370306159, -0.00115247548092, -0.00037391402293, 0.00127468386199, -0.00185549259186, 0.00222738203593, -0.0145913138986, 0.0279596820474, -0.0164983682334, 0.00473519973457, -0.000951873196755, 0.003837878583], [0.000221527501708, -1.85207009054e-005, 0.000728091632482, -0.00124842487276, -0.00033391546458, 0.00362066715024, -0.00495493598282, 0.00603043753654, -0.0164983682334, 0.0280365142971, -0.0171243213117, 0.00670277466998, -0.00219661882147], [-0.000165544173797, -0.000479370297398, 0.00106459797826, -0.000771972816437, -0.00122011837084, -0.00170787354, 0.00452820910141, -0.0029116764199, 0.00473519973457, -0.0171243213117, 0.030897859484, -0.0190787259489, 0.00634710257873], [-6.91350123816e-007, 0.000402659963584, -0.0012947130017, 0.00079371733591, -0.00281050358899, 0.00249738595448, -0.0044129434973, 0.00496119074523, -0.000951873196755, 0.00670277466998, -0.0190787259489, 0.0309788733721, -0.0163802020252], [0.000172149186255, -0.000106050771137, 0.000859012943693, -0.00107461039443, -0.000433277047705, -5.18322376593e-005, 0.00211535277776, -0.00319195212796, 0.003837878583, -0.00219661882147, 0.00634710257873, -0.0163802020252, 0.0182396974415]]
    },
    "spectral_contrast_coeffs": {
        "mean": [-0.637683331966, -0.693142712116, -0.72469073534, -0.750113070011, -0.769796133041, -0.743305802345],
        "var": [0.0141614042222, 0.00826702173799, 0.00783320516348, 0.00575658679008, 0.0029455346521, 0.00106778461486]
    },
    "spectral_contrast_valleys": {
        "mean": [-7.76426553726, -6.83667135239, -7.3780374527, -7.85207128525, -7.92653512955, -10.3067131042],
        "var": [2.8267185688, 1.23339629173, 1.02504551411, 1.03483235836, 1.04451477528, 0.875077188015]
    }
},
"metadata": {
    "audio_properties": {
        "analysis_sample_rate": 44100,
        "bit_rate": 64037,
        "equal_loudness": 0,
        "length": 45.0612258911,
        "lossless": 0,
        "replay_gain": -5.58053016663,
        "sample_rate": 44100,
        "codec": "mp3",
        "downmix": "mix",
        "md5_encoded": "6e9c901874cbd4e36cacb5996799daf8"
    },
    "tags": {
        "file_name": "1373.mp3"
    },
    "version": {
        "essentia": "2.1-beta2",
        "essentia_git_sha": "v2.1_beta2",
        "extractor": "music 1.0"
    }
},
"rhythm": {
    "beats_count": 93,
    "beats_loudness": {
        "mean": 0.0524923577905,
        "var": 0.000789574871305
    },
    "bpm": 125.033370972,
    "bpm_histogram_first_peak_bpm": {
        "mean": 126,
        "var": 0
    },
    "bpm_histogram_first_peak_spread": {
        "mean": 0.45454543829,
        "var": 0
    },
    "bpm_histogram_first_peak_weight": {
        "mean": 0.521739125252,
        "var": 0
    },
    "bpm_histogram_second_peak_bpm": {
        "mean": 140,
        "var": 0
    },
    "bpm_histogram_second_peak_spread": {
        "mean": 0,
        "var": 0
    },
    "bpm_histogram_second_peak_weight": {
        "mean": 0.0217391308397,
        "var": 0
    },
    "danceability": 1.47116351128,
    "onset_rate": 4.769135952,
    "beats_loudness_band_ratio": {
        "mean": [0.551361262798, 0.139777228236, 0.145849749446, 0.0973260700703, 0.0482862070203, 0.0410083271563],
        "var": [0.0318877026439, 0.00712219858542, 0.0062671545893, 0.00894004385918, 0.00205241539516, 0.00562243489549]
    },
    "beats_position": [0.429569154978, 0.859138309956, 1.28870749474, 1.74149656296, 2.20589566231, 2.68190479279, 3.15791368484, 3.64553284645, 4.13315200806, 4.60916090012, 5.08516979218, 5.56117916107, 6.03718805313, 6.51319694519, 7.00081634521, 7.47682523727, 7.96444416046, 8.44045352936, 8.91646194458, 9.4040813446, 9.89170074463, 10.3677091599, 10.8437185287, 11.3313379288, 11.807346344, 12.2833557129, 12.7709751129, 13.235373497, 13.722992897, 14.1990022659, 14.6750106812, 15.1626300812, 15.6502494812, 16.1262588501, 16.602268219, 17.0898857117, 17.5658950806, 18.0419044495, 18.5179138184, 18.9939231873, 19.4815406799, 19.9575500488, 20.4335594177, 20.9211788177, 21.4087982178, 21.8848075867, 22.3608150482, 22.8484344482, 23.3360538483, 23.8120632172, 24.2880725861, 24.764081955, 25.2400894165, 25.7277088165, 26.2037181854, 26.6797275543, 27.1673469543, 27.6433563232, 28.1193637848, 28.6069831848, 29.0946025848, 29.5706119537, 30.0466213226, 30.5110206604, 30.9754180908, 31.4630374908, 31.9506568909, 32.4266662598, 32.9142837524, 33.3902931213, 33.8779144287, 34.3655319214, 34.8531494141, 35.329158783, 35.8051681519, 36.2811775208, 36.7571868896, 37.2331962585, 37.7092056274, 38.1968231201, 38.6612243652, 39.1488418579, 39.6364631653, 40.1124725342, 40.6000900269, 41.0760993958, 41.5637168884, 42.0397262573, 42.5157356262, 43.0033569336, 43.4909744263, 43.9785919189, 44.4778213501]
},
"tonal": {
    "chords_changes_rate": 0.0462962947786,
    "chords_number_rate": 0.00925925932825,
    "chords_strength": {
        "mean": 0.534167170525,
        "var": 0.00639244122431
    },
    "hpcp_entropy": {
        "mean": 1.67903959751,
        "var": 0.665085494518
    },
    "key_strength": 0.816422104836,
    "tuning_diatonic_strength": 0.594563901424,
    "tuning_equal_tempered_deviation": 0.223311692476,
    "tuning_frequency": 434.193115234,
    "tuning_nontempered_energy_ratio": 0.946050107479,
    "hpcp": {
        "mean": [0.266651809216, 0.281303614378, 0.127383053303, 0.0628063306212, 0.0580706447363, 0.0791203454137, 0.214304819703, 0.269248187542, 0.137235656381, 0.0600836500525, 0.0486368015409, 0.0525095798075, 0.136035919189, 0.172325342894, 0.101246297359, 0.0920770391822, 0.10656080395, 0.0814656838775, 0.126076936722, 0.147494807839, 0.111214123666, 0.233563810587, 0.289059489965, 0.199164792895, 0.173569440842, 0.112519904971, 0.0758257582784, 0.177113473415, 0.218004375696, 0.120063364506, 0.0558464601636, 0.0458561703563, 0.0614586919546, 0.15377111733, 0.179487466812, 0.146181434393],
        "var": [0.121266037226, 0.126948028803, 0.0374360531569, 0.0182695630938, 0.0157815031707, 0.0248060598969, 0.0804570168257, 0.124589525163, 0.0377507917583, 0.0131914475933, 0.0103751150891, 0.0133178224787, 0.0402269773185, 0.0703216567636, 0.0273503251374, 0.0393494740129, 0.0594614185393, 0.0280761756003, 0.0465310141444, 0.0710080489516, 0.0252890996635, 0.0862095206976, 0.119687385857, 0.0575818009675, 0.0933264493942, 0.0420981422067, 0.0282526612282, 0.0649448931217, 0.0947544649243, 0.0355873331428, 0.0186960995197, 0.0148753235117, 0.0160824097693, 0.0553572997451, 0.075102776289, 0.0347980111837]
    },
    "chords_histogram": [24.0740737915, 0.205761313438, 16.872428894, 2.36625504494, 7.20164632797, 0, 3.80658435822, 0, 10.9053497314, 0, 11.0082302094, 0, 0, 0, 0, 0, 0, 0.514403283596, 0, 0.205761313438, 0, 14.7119340897, 7.81893014908, 0.308641970158],
    "thpcp": [1, 0.689009726048, 0.600462675095, 0.389262109995, 0.262318879366, 0.61272329092, 0.754185140133, 0.415358662605, 0.193200573325, 0.158639207482, 0.212616071105, 0.531970500946, 0.620936095715, 0.505713999271, 0.9224807024, 0.973168611526, 0.440681099892, 0.217278212309, 0.200895130634, 0.27371647954, 0.741386532784, 0.931462883949, 0.474766135216, 0.207859113812, 0.168258801103, 0.181656658649, 0.470615655184, 0.596158742905, 0.350261121988, 0.318540096283, 0.368646621704, 0.28183016181, 0.436162590981, 0.510257601738, 0.384744763374, 0.808012962341],
    "chords_key": "A",
    "chords_scale": "major",
    "key_key": "A",
    "key_scale": "major"
}
}