{
"lowlevel": {
    "average_loudness": 0.97772705555,
    "barkbands_crest": {
        "mean": 11.7082519531,
        "var": 14.3206300735
    },
    "barkbands_flatness_db": {
        "mean": 0.377107828856,
        "var": 0.00555374799296
    },
    "barkbands_kurtosis": {
        "mean": 6.96401262283,
        "var": 55.6383590698
    },
    "barkbands_skewness": {
        "mean": 1.717212677,
        "var": 0.770233750343
    },
    "barkbands_spread": {
        "mean": 3.90597844124,
        "var": 6.7564868927
    },
    "dissonance": {
        "mean": 0.391581207514,
        "var": 0.00269426195882
    },
    "dynamic_complexity": 2.22445750237,
    "erbbands_crest": {
        "mean": 10.5196294785,
        "var": 16.2674427032
    },
    "erbbands_flatness_db": {
        "mean": 0.313997656107,
        "var": 0.00260123494081
    },
    "erbbands_kurtosis": {
        "mean": 2.18361759186,
        "var": 16.1304836273
    },
    "erbbands_skewness": {
        "mean": 1.06365668774,
        "var": 0.705582976341
    },
    "erbbands_spread": {
        "mean": 15.1954374313,
        "var": 44.5023803711
    },
    "hfc": {
        "mean": 8.0905714035,
        "var": 42.783493042
    },
    "melbands_crest": {
        "mean": 15.179151535,
        "var": 15.2361783981
    },
    "melbands_flatness_db": {
        "mean": 0.497476696968,
        "var": 0.00853400025517
    },
    "melbands_kurtosis": {
        "mean": 11.8730268478,
        "var": 114.563728333
    },
    "melbands_skewness": {
        "mean": 2.27967357635,
        "var": 0.824599444866
    },
    "melbands_spread": {
        "mean": 4.27200841904,
        "var": 19.0115623474
    },
    "pitch_salience": {
        "mean": 0.557171463966,
        "var": 0.0122014051303
    },
    "silence_rate_20dB": {
        "mean": 1,
        "var": 0
    },
    "silence_rate_30dB": {
        "mean": 0.977857887745,
        "var": 0.0216528009623
    },
    "silence_rate_60dB": {
        "mean": 0.00154479919001,
        "var": 0.00154241069686
    },
    "spectral_centroid": {
        "mean": 301.936279297,
        "var": 18446.5332031
    },
    "spectral_complexity": {
        "mean": 8.71575737,
        "var": 12.0345067978
    },
    "spectral_decrease": {
        "mean": -1.05739541567e-008,
        "var": 5.9620756568e-017
    },
    "spectral_energy": {
        "mean": 0.040642388165,
        "var": 0.000880623294506
    },
    "spectral_energyband_high": {
        "mean": 7.20938305676e-006,
        "var": 1.17601661742e-009
    },
    "spectral_energyband_low": {
        "mean": 0.0224104188383,
        "var": 0.00030764535768
    },
    "spectral_energyband_middle_high": {
        "mean": 0.000922877108678,
        "var": 1.33890102916e-006
    },
    "spectral_energyband_middle_low": {
        "mean": 0.0217381361872,
        "var": 0.000465465680463
    },
    "spectral_entropy": {
        "mean": 5.70243120193,
        "var": 0.305522412062
    },
    "spectral_flux": {
        "mean": 0.107064679265,
        "var": 0.00398569693789
    },
    "spectral_kurtosis": {
        "mean": 86.5062332153,
        "var": 3998.03491211
    },
    "spectral_rms": {
        "mean": 0.00591399427503,
        "var": 4.67571453555e-006
    },
    "spectral_rolloff": {
        "mean": 312.464660645,
        "var": 197154.9375
    },
    "spectral_skewness": {
        "mean": 6.4809012413,
        "var": 7.26483011246
    },
    "spectral_spread": {
        "mean": 1208676.625,
        "var": 1.64043594138e+012
    },
    "spectral_strongpeak": {
        "mean": 0.509236574173,
        "var": 0.136998265982
    },
    "zerocrossingrate": {
        "mean": 0.012305341661,
        "var": 0.000151130661834
    },
    "barkbands": {
        "mean": [0.000316282297717, 0.0108564412221, 0.00682711834088, 0.00715031381696, 0.00901083089411, 0.00414020009339, 0.000696316245012, 0.000354581163265, 0.000319139333442, 0.00034917157609, 5.57482926524e-005, 0.00039955280954, 3.42223829648e-005, 2.60892866208e-005, 4.75617489428e-005, 2.05347369047e-005, 1.8381035261e-005, 7.3537762546e-006, 3.75566423827e-006, 3.22580581269e-006, 2.56013890976e-006, 1.89711681742e-006, 6.66450659992e-007, 3.57785324923e-007, 1.11632630251e-007, 1.44956855408e-008, 1.72213332483e-009],
        "var": [3.60557095291e-007, 0.000111324858153, 6.15988246864e-005, 9.17550714803e-005, 0.00015624059597, 2.47927982855e-005, 7.94713685082e-007, 3.5784364627e-007, 1.78694591568e-007, 3.0894250358e-007, 1.46003982238e-008, 2.45274065946e-007, 3.52629814238e-009, 2.2067183636e-009, 2.3365583246e-008, 4.77020423162e-009, 3.83534892734e-009, 9.7128038945e-010, 2.1440875464e-010, 2.29102223304e-010, 1.54599985591e-010, 9.86449255613e-011, 7.0204844542e-012, 2.4926792401e-012, 1.95404036376e-013, 1.20738558108e-014, 8.2404275253e-017]
    },
    "erbbands": {
        "mean": [0.268586009741, 2.5676484108, 7.17890548706, 19.1816253662, 23.1518230438, 33.8828010559, 33.6210289001, 31.4581127167, 15.017118454, 8.43994617462, 8.42347431183, 5.65624713898, 9.48709583282, 11.3048000336, 9.26478385925, 10.7321147919, 1.66488575935, 1.94376778603, 2.0730047226, 1.80130398273, 0.832289516926, 1.02969396114, 0.590032398701, 0.212456479669, 0.170893654227, 0.147740080953, 0.0867881327868, 0.127275571227, 0.0787256732583, 0.0270207561553, 0.0180624928325, 0.00979389157146, 0.00534037780017, 0.00198308983818, 0.00055161525961, 0.000130103217089, 2.93727480312e-005, 3.78693039238e-006, 1.85668122867e-005, 4.44462821179e-005],
        "var": [0.105805374682, 6.0703830719, 55.8832817078, 528.882751465, 1273.51831055, 2604.81640625, 1795.90234375, 1431.80456543, 391.363037109, 169.944793701, 183.630615234, 59.8787536621, 127.921333313, 397.425537109, 126.893867493, 173.631393433, 8.08014392853, 8.12705230713, 61.884147644, 30.4153614044, 6.08233165741, 12.9928445816, 5.75852966309, 0.602629899979, 0.528337240219, 0.467515081167, 0.127530992031, 0.504029333591, 0.17675755918, 0.0118828555569, 0.0054723364301, 0.00170019583311, 0.000582418346312, 6.47541091894e-005, 5.09313986186e-006, 4.70563747967e-007, 2.85401977607e-008, 7.12563730243e-010, 1.81614112638e-010, 1.05239039705e-009]
    },
    "gfcc": {
        "mean": [-160.313217163, 243.890960693, -76.7807006836, -2.60417532921, -16.6988582611, -4.1810503006, -19.6284751892, -14.6972169876, -12.3774118423, -20.9918384552, 0.0590172111988, -5.68842792511, 5.98025941849],
        "cov": [[4820.43066406, -897.209838867, -1072.97155762, 587.660095215, -1005.77679443, 128.566329956, -341.788635254, -55.5169487, -11.4882698059, -47.7319488525, -18.9663333893, -69.9074249268, 7.28938436508], [-897.209838867, 780.897460938, 304.742462158, -483.283081055, 338.443878174, -174.65423584, 110.680114746, -18.6665534973, 3.85646986961, -18.931394577, 60.7834625244, 31.4968624115, 4.95347356796], [-1072.97155762, 304.742462158, 721.264404297, -146.105026245, 208.068435669, -13.6111755371, 73.8705749512, -27.8943386078, 4.90225076675, 0.397814065218, -5.59212207794, 9.91520404816, 0.161198079586], [587.660095215, -483.283081055, -146.105026245, 471.446044922, -96.5177612305, 63.8191375732, -52.236541748, -16.9124965668, 13.5669488907, 6.35424852371, -39.8417205811, -34.7544822693, 4.52438783646], [-1005.77679443, 338.443878174, 208.068435669, -96.5177612305, 560.420593262, -59.430973053, 79.7958221436, -8.58072376251, -5.98424482346, -0.0264135971665, 11.9034900665, 15.0273551941, 2.83160543442], [128.566329956, -174.65423584, -13.6111755371, 63.8191375732, -59.430973053, 164.727478027, 10.9585514069, 7.57027864456, 4.25249862671, 10.2925653458, -5.54472732544, 7.54716682434, 10.3862028122], [-341.788635254, 110.680114746, 73.8705749512, -52.236541748, 79.7958221436, 10.9585514069, 111.826049805, 18.0739364624, 7.40519142151, 0.243683889508, 5.02925014496, 10.131480217, 3.40806174278], [-55.5169487, -18.6665534973, -27.8943386078, -16.9124965668, -8.58072376251, 7.57027864456, 18.0739364624, 73.1651077271, 21.8585109711, 7.47541761398, 6.41022872925, 8.25945281982, 6.31870222092], [-11.4882698059, 3.85646986961, 4.90225076675, 13.5669488907, -5.98424482346, 4.25249862671, 7.40519142151, 21.8585109711, 51.9476661682, 25.9299411774, 5.61306524277, -0.334812223911, 9.19518470764], [-47.7319488525, -18.931394577, 0.397814065218, 6.35424852371, -0.0264135971665, 10.2925653458, 0.243683889508, 7.47541761398, 25.9299411774, 56.6694335938, 19.94323349, 10.8619556427, 3.24827837944], [-18.9663333893, 60.7834625244, -5.59212207794, -39.8417205811, 11.9034900665, -5.54472732544, 5.02925014496, 6.41022872925, 5.61306524277, 19.94323349, 59.6393356323, 33.4479293823, 11.3738670349], [-69.9074249268, 31.4968624115, 9.91520404816, -34.7544822693, 15.0273551941, 7.54716682434, 10.131480217, 8.25945281982, -0.334812223911, 10.8619556427, 33.4479293823, 48.4466171265, 24.2744560242], [7.28938436508, 4.95347356796, 0.161198079586, 4.52438783646, 2.83160543442, 10.3862028122, 3.40806174278, 6.31870222092, 9.19518470764, 3.24827837944, 11.3738670349, 24.2744560242, 39.1190834045]],
        "icov": [[0.000756711931899, -0.00215698545799, 0.000916161632631, -0.00217214645818, 0.00150685478002, -0.00152459682431, 0.00192864565179, -0.000604365079198, 0.000997200841084, -0.000120121978398, 0.000618598074652, -0.0003997553722, 0.000448658392997], [-0.00215698545799, 0.0268903635442, -0.00469295121729, 0.0231977812946, -0.0103886304423, 0.016601709649, -0.0147690633312, 0.0142441345379, -0.0165638439357, 0.0115370107815, -0.0170635469258, 0.0124886641279, -0.0101895155385], [0.000916161632631, -0.00469295121729, 0.00307480455376, -0.00385317066684, 0.00195417297073, -0.00323070911691, 0.00257083727047, -0.000847877119668, 0.00173308642115, -0.00127335567959, 0.00317573361099, -0.00223794253543, 0.00164951803163], [-0.00217214645818, 0.0231977812946, -0.00385317066684, 0.0229928158224, -0.00930405501276, 0.0133971134201, -0.0123136071488, 0.0128341531381, -0.0148187307641, 0.00891413260251, -0.0131154572591, 0.0122793028131, -0.0101231206208], [0.00150685478002, -0.0103886304423, 0.00195417297073, -0.00930405501276, 0.00707566831261, -0.0057430784218, 0.00512240128592, -0.00460509909317, 0.00657195784152, -0.00388916744851, 0.00564903719351, -0.00433901371434, 0.00324109080248], [-0.00152459682431, 0.016601709649, -0.00323070911691, 0.0133971134201, -0.0057430784218, 0.0175234861672, -0.0109381927177, 0.00807006191462, -0.00897735077888, 0.00502863246948, -0.0084879193455, 0.00552484486252, -0.0072094858624], [0.00192864565179, -0.0147690633312, 0.00257083727047, -0.0123136071488, 0.00512240128592, -0.0109381927177, 0.0206475425512, -0.00964458566159, 0.00696162460372, -0.00391038507223, 0.00875573419034, -0.00774163519964, 0.00616316823289], [-0.000604365079198, 0.0142441345379, -0.000847877119668, 0.0128341531381, -0.00460509909317, 0.00807006191462, -0.00964458566159, 0.0256891269237, -0.0178094860166, 0.0088650546968, -0.00869374256581, 0.00305711664259, -0.00420959759504], [0.000997200841084, -0.0165638439357, 0.00173308642115, -0.0148187307641, 0.00657195784152, -0.00897735077888, 0.00696162460372, -0.0178094860166, 0.0439261496067, -0.022787367925, 0.00871009379625, 0.00457095168531, -0.00600550044328], [-0.000120121978398, 0.0115370107815, -0.00127335567959, 0.00891413260251, -0.00388916744851, 0.00502863246948, -0.00391038507223, 0.0088650546968, -0.022787367925, 0.0339047834277, -0.015122002922, 0.000326967303408, 0.0021257547196], [0.000618598074652, -0.0170635469258, 0.00317573361099, -0.0131154572591, 0.00564903719351, -0.0084879193455, 0.00875573419034, -0.00869374256581, 0.00871009379625, -0.015122002922, 0.0439531169832, -0.0318836793303, 0.0122489640489], [-0.0003997553722, 0.0124886641279, -0.00223794253543, 0.0122793028131, -0.00433901371434, 0.00552484486252, -0.00774163519964, 0.00305711664259, 0.00457095168531, 0.000326967303408, -0.0318836793303, 0.061853710562, -0.0341033041477], [0.000448658392997, -0.0101895155385, 0.00164951803163, -0.0101231206208, 0.00324109080248, -0.0072094858624, 0.00616316823289, -0.00420959759504, -0.00600550044328, 0.0021257547196, 0.0122489640489, -0.0341033041477, 0.0485919415951]]
    },
    "melbands": {
        "mean": [0.00272883591242, 0.0037791102659, 0.00335462298244, 0.00203805998899, 0.00127164763398, 0.000717050163075, 0.000215705484152, 8.17572363303e-005, 6.10117094766e-005, 4.07315710618e-005, 4.82432405988e-005, 4.78525616927e-005, 1.88981375686e-005, 5.41128902114e-005, 5.45963803233e-006, 3.82579355573e-006, 3.19978107655e-006, 2.72201668849e-006, 3.7280824472e-006, 1.74305148448e-006, 7.53442463974e-007, 9.82774167824e-007, 9.43357974847e-007, 3.15156029274e-007, 1.49276900174e-007, 1.51748594135e-007, 1.06694670876e-007, 9.68054436612e-008, 5.93873927812e-008, 4.34727631671e-008, 8.75223022945e-008, 5.16865235056e-008, 2.25610161664e-008, 1.16416574159e-008, 1.12712408296e-008, 8.05721711572e-009, 5.00427210781e-009, 3.60021656931e-009, 2.82562662157e-009, 1.37791311694e-009],
        "var": [7.76634078647e-006, 1.19288615679e-005, 1.54273420776e-005, 9.38403081818e-006, 2.41469774664e-006, 7.46461807921e-007, 8.03260675752e-008, 1.70374647723e-008, 9.88687265391e-009, 2.95428370656e-009, 3.2374436465e-009, 7.64450103219e-009, 6.27863205871e-010, 4.47691883565e-009, 1.37462652372e-010, 4.0047784533e-011, 2.0864683245e-011, 1.36417876995e-010, 9.84975503937e-011, 3.99530859785e-011, 4.6910218765e-012, 1.17477043718e-011, 1.27606961456e-011, 1.8156620955e-012, 2.75367673542e-013, 4.12031330279e-013, 2.29301224276e-013, 2.11358274632e-013, 6.50261501546e-014, 3.44262683952e-014, 2.65756248388e-013, 8.50352435493e-014, 9.22561435205e-015, 2.13058961783e-015, 2.2629747265e-015, 1.02246543497e-015, 4.84309192922e-016, 2.47317182865e-016, 1.67220688582e-016, 3.07208427493e-017]
    },
    "mfcc": {
        "mean": [-804.77331543, 256.730804443, 31.6768989563, 12.5009098053, 22.6492938995, 10.4523515701, 5.01630115509, 8.42725372314, -2.1045665741, -8.08519554138, -7.8687543869, -4.18314933777, -0.472182035446],
        "cov": [[3822.60693359, -422.101287842, -985.817565918, 292.471405029, -544.178588867, -158.819000244, -253.266525269, -143.540771484, -87.5632095337, -43.8301277161, -94.502494812, 7.70377397537, -2.63323664665], [-422.101287842, 780.212585449, 124.183616638, -232.916229248, 69.3510894775, -89.653137207, 28.070684433, -4.80376243591, -43.5490837097, -29.3833007813, -4.48572254181, -25.2844371796, 28.4386825562], [-985.817565918, 124.183616638, 584.434997559, -51.9402732849, 15.169462204, 67.0175933838, 46.9293441772, 11.7309217453, 26.6898155212, 5.47071647644, 21.6296272278, 9.11961650848, -13.6231689453], [292.471405029, -232.916229248, -51.9402732849, 258.757843018, 46.2039070129, 14.6070613861, -23.0386486053, -6.19557571411, 1.61278378963, -0.13650611043, -5.064037323, 0.749433219433, -30.133480072], [-544.178588867, 69.3510894775, 15.169462204, 46.2039070129, 333.063842773, 74.5893554688, 45.4143714905, 27.5378246307, -0.0415398851037, 12.4751939774, 21.6778583527, -24.032245636, -13.321436882], [-158.819000244, -89.653137207, 67.0175933838, 14.6070613861, 74.5893554688, 130.521408081, 41.2425842285, 9.77543735504, 16.9051494598, 3.20609307289, 6.10741615295, 2.75427269936, -9.01656913757], [-253.266525269, 28.070684433, 46.9293441772, -23.0386486053, 45.4143714905, 41.2425842285, 75.907409668, 42.3172225952, 8.84863948822, -0.952154576778, 6.32036542892, 0.135193601251, 5.83086156845], [-143.540771484, -4.80376243591, 11.7309217453, -6.19557571411, 27.5378246307, 9.77543735504, 42.3172225952, 59.4502449036, 27.6857318878, 3.00692439079, -0.482688069344, -3.09198474884, 2.03800964355], [-87.5632095337, -43.5490837097, 26.6898155212, 1.61278378963, -0.0415398851037, 16.9051494598, 8.84863948822, 27.6857318878, 55.8976173401, 25.2552375793, 4.51844644547, 2.20964074135, -2.5339987278], [-43.8301277161, -29.3833007813, 5.47071647644, -0.13650611043, 12.4751939774, 3.20609307289, -0.952154576778, 3.00692439079, 25.2552375793, 46.3123970032, 23.725812912, -1.39231514931, -2.11552858353], [-94.502494812, -4.48572254181, 21.6296272278, -5.064037323, 21.6778583527, 6.10741615295, 6.32036542892, -0.482688069344, 4.51844644547, 23.725812912, 39.8923912048, 16.4584083557, 0.000554661441129], [7.70377397537, -25.2844371796, 9.11961650848, 0.749433219433, -24.032245636, 2.75427269936, 0.135193601251, -3.09198474884, 2.20964074135, -1.39231514931, 16.4584083557, 37.0119438171, 15.8067789078], [-2.63323664665, 28.4386825562, -13.6231689453, -30.133480072, -13.321436882, -9.01656913757, 5.83086156845, 2.03800964355, -2.5339987278, -2.11552858353, 0.000554661441129, 15.8067789078, 44.2457771301]],
        "icov": [[0.00147138198372, -0.000826674513519, 0.00236255000345, -0.00209967233241, 0.00308052124456, -0.00270642223768, 0.00321299652569, -0.00134710490238, 0.00208236905746, -0.00124876352493, 0.000413278321503, 0.00037257646909, -0.000142619712278], [-0.000826674513519, 0.00323461345397, -0.0019546195399, 0.00344426790252, -0.00322417798452, 0.00476000783965, -0.00379998725839, 0.00315745337866, -0.00173363811336, 0.003016742412, -0.000558933825232, 0.00127751159016, -0.00044114573393], [0.00236255000345, -0.0019546195399, 0.00596637604758, -0.00349332322367, 0.00542655773461, -0.00556384352967, 0.00414536707103, -0.00125342304818, 0.00162494217511, -0.00102248578332, -0.000866622489411, 0.000533820129931, 0.000719755189493], [-0.00209967233241, 0.00344426790252, -0.00349332322367, 0.0097742350772, -0.00670299725607, 0.00593680143356, -0.00410259468481, 0.00260692089796, -0.0022600244265, 0.00157519476488, 0.00294799101539, -0.00403728382662, 0.00424282858148], [0.00308052124456, -0.00322417798452, 0.00542655773461, -0.00670299725607, 0.0119124455377, -0.0100212870166, 0.00771999917924, -0.00620878022164, 0.00586049305275, -0.00217245169915, -0.00518919993192, 0.0065976488404, -0.00195074290968], [-0.00270642223768, 0.00476000783965, -0.00556384352967, 0.00593680143356, -0.0100212870166, 0.0219123531133, -0.0186348445714, 0.0149204442278, -0.0120772244409, 0.00679717212915, 0.00157098541968, -0.00273298169486, 0.00293597532436], [0.00321299652569, -0.00379998725839, 0.00414536707103, -0.00410259468481, 0.00771999917924, -0.0186348445714, 0.0442877523601, -0.0339037366211, 0.0183802135289, -0.00601297523826, -0.00335711147636, 0.0012071862584, -0.00429805414751], [-0.00134710490238, 0.00315745337866, -0.00125342304818, 0.00260692089796, -0.00620878022164, 0.0149204442278, -0.0339037366211, 0.0537068173289, -0.0329015478492, 0.0178193952888, -0.00462980475277, 0.00737772090361, -0.00122265215032], [0.00208236905746, -0.00173363811336, 0.00162494217511, -0.0022600244265, 0.00586049305275, -0.0120772244409, 0.0183802135289, -0.0329015478492, 0.0524510405958, -0.038075491786, 0.0227762069553, -0.017324782908, 0.00596834160388], [-0.00124876352493, 0.003016742412, -0.00102248578332, 0.00157519476488, -0.00217245169915, 0.00679717212915, -0.00601297523826, 0.0178193952888, -0.038075491786, 0.0691430196166, -0.0518939569592, 0.035212919116, -0.0120064653456], [0.000413278321503, -0.000558933825232, -0.000866622489411, 0.00294799101539, -0.00518919993192, 0.00157098541968, -0.00335711147636, -0.00462980475277, 0.0227762069553, -0.0518939569592, 0.0789862945676, -0.0504634194076, 0.0183884315193], [0.00037257646909, 0.00127751159016, 0.000533820129931, -0.00403728382662, 0.0065976488404, -0.00273298169486, 0.0012071862584, 0.00737772090361, -0.017324782908, 0.035212919116, -0.0504634194076, 0.0689310654998, -0.0263871196657], [-0.000142619712278, -0.00044114573393, 0.000719755189493, 0.00424282858148, -0.00195074290968, 0.00293597532436, -0.00429805414751, -0.00122265215032, 0.00596834160388, -0.0120064653456, 0.0183884315193, -0.0263871196657, 0.035815268755]]
    },
    "spectral_contrast_coeffs": {
        "mean": [-0.623109281063, -0.683777630329, -0.755857288837, -0.792143762112, -0.804199457169, -0.823461294174],
        "var": [0.00521219568327, 0.00526937935501, 0.00306878262199, 0.00224717496894, 0.00158432172611, 0.00170388666447]
    },
    "spectral_contrast_valleys": {
        "mean": [-6.42613792419, -7.03019380569, -7.86117696762, -9.28471469879, -10.3477191925, -13.5041065216],
        "var": [0.463950991631, 0.996880948544, 0.813827633858, 1.00577199459, 1.42937171459, 1.176476717]
    }
},
"metadata": {
    "audio_properties": {
        "analysis_sample_rate": 44100,
        "bit_rate": 128074,
        "equal_loudness": 0,
        "length": 45.0612258911,
        "lossless": 0,
        "replay_gain": -5.52828598022,
        "sample_rate": 44100,
        "codec": "mp3",
        "downmix": "mix",
        "md5_encoded": "2a7b972dd4adb6c51f35913dead69f06"
    },
    "tags": {
        "file_name": "1374.mp3"
    },
    "version": {
        "essentia": "2.1-beta2",
        "essentia_git_sha": "v2.1_beta2",
        "extractor": "music 1.0"
    }
},
"rhythm": {
    "beats_count": 89,
    "beats_loudness": {
        "mean": 0.055712569505,
        "var": 0.000861914886627
    },
    "bpm": 119.945083618,
    "bpm_histogram_first_peak_bpm": {
        "mean": 120,
        "var": 0
    },
    "bpm_histogram_first_peak_spread": {
        "mean": 0.352941185236,
        "var": 0
    },
    "bpm_histogram_first_peak_weight": {
        "mean": 0.625,
        "var": 0
    },
    "bpm_histogram_second_peak_bpm": {
        "mean": 110,
        "var": 0
    },
    "bpm_histogram_second_peak_spread": {
        "mean": 0,
        "var": 0
    },
    "bpm_histogram_second_peak_weight": {
        "mean": 0.0227272734046,
        "var": 0
    },
    "danceability": 1.59819293022,
    "onset_rate": 4.99095630646,
    "beats_loudness_band_ratio": {
        "mean": [0.662192046642, 0.339261621237, 0.05860638991, 0.0218907371163, 0.00203098007478, 0.000434169516666],
        "var": [0.0248870626092, 0.0346044003963, 0.0022555757314, 0.000401152617997, 3.64991751667e-006, 3.45817227299e-007]
    },
    "beats_position": [0.522448956966, 1.06811785698, 1.6137868166, 2.13623571396, 2.6470746994, 3.15791368484, 3.65714287758, 4.15637159348, 4.65560102463, 5.15482997894, 5.65405893326, 6.15328788757, 6.65251684189, 7.1517457962, 7.66258478165, 8.15020370483, 8.64943313599, 9.14866161346, 9.65950107574, 10.1471195221, 10.6463489532, 11.1455783844, 11.656416893, 12.1556463242, 12.6548748016, 13.1424942017, 13.6533327103, 14.1525621414, 14.6517915726, 15.15102005, 15.6502494812, 16.1610889435, 16.6603164673, 17.1595458984, 17.6587753296, 18.1580047607, 18.6456241608, 19.1448516846, 19.6440811157, 20.154920578, 20.6541500092, 21.153377533, 21.6642169952, 22.1634464264, 22.6510658264, 23.1502952576, 23.6495227814, 24.1487522125, 24.6595916748, 25.158821106, 25.6580486298, 26.1456680298, 26.6332874298, 27.1441268921, 27.6549663544, 28.1541938782, 28.6534233093, 29.1526527405, 29.6518821716, 30.1627197266, 30.6735591888, 31.1843986511, 31.6720180511, 32.1596374512, 32.6704750061, 33.1697044373, 33.6689338684, 34.1565513611, 34.6673927307, 35.1666221619, 35.6658477783, 36.1650772095, 36.6643066406, 37.1635360718, 37.6627655029, 38.1619949341, 38.6612243652, 39.1604537964, 39.6596832275, 40.1589126587, 40.6581382751, 41.1689796448, 41.6682090759, 42.1674385071, 42.6666641235, 43.1775054932, 43.6767349243, 44.164352417, 44.6635818481]
},
"tonal": {
    "chords_changes_rate": 0.0432098768651,
    "chords_number_rate": 0.00411522621289,
    "chords_strength": {
        "mean": 0.548038601875,
        "var": 0.00205910857767
    },
    "hpcp_entropy": {
        "mean": 2.37922167778,
        "var": 0.285143435001
    },
    "key_strength": 0.745566368103,
    "tuning_diatonic_strength": 0.641898334026,
    "tuning_equal_tempered_deviation": 0.205111950636,
    "tuning_frequency": 434.193115234,
    "tuning_nontempered_energy_ratio": 0.941487789154,
    "hpcp": {
        "mean": [0.136334404349, 0.106012143195, 0.0533645302057, 0.034993570298, 0.0526768453419, 0.106316581368, 0.188000142574, 0.205073237419, 0.13975982368, 0.096204444766, 0.0852775871754, 0.0885490775108, 0.108714185655, 0.159531235695, 0.30879843235, 0.355962365866, 0.213947921991, 0.103042595088, 0.0652979761362, 0.0692878589034, 0.164336144924, 0.245353534818, 0.206293940544, 0.168367877603, 0.155455678701, 0.110026702285, 0.10197994113, 0.15881152451, 0.145308583975, 0.145051494241, 0.21265733242, 0.171589002013, 0.0805786401033, 0.04447433725, 0.0471137464046, 0.0972485467792],
        "var": [0.0466202348471, 0.0324420370162, 0.0174919888377, 0.0123763438314, 0.0220352392644, 0.0551552288234, 0.0621516443789, 0.0640569031239, 0.0484198331833, 0.0378835871816, 0.0342686399817, 0.0445042550564, 0.0480409190059, 0.0492934733629, 0.131465956569, 0.116501830518, 0.0528392829001, 0.0389041118324, 0.0323423780501, 0.0285984221846, 0.0735218971968, 0.107196822762, 0.0792835131288, 0.062225535512, 0.0773370116949, 0.0459094420075, 0.0478156767786, 0.0541668795049, 0.0375788956881, 0.050609357655, 0.104649424553, 0.072367914021, 0.0337387286127, 0.0175050236285, 0.0171040706336, 0.0417964681983]
    },
    "chords_histogram": [12.6543207169, 14.7119340897, 24.5884780884, 47.8395080566, 0, 0, 0, 0, 0, 0, 0.205761313438, 0, 0, 0, 0, 0, 0, 0, 0, 0, 0, 0, 0, 0],
    "thpcp": [1, 0.601040840149, 0.28947609663, 0.183440670371, 0.194649398327, 0.461667180061, 0.689268171787, 0.57953864336, 0.47299349308, 0.436719417572, 0.309096455574, 0.286490797997, 0.446146965027, 0.408213347197, 0.407491087914, 0.597415208817, 0.482042551041, 0.226368427277, 0.124941118062, 0.132355973125, 0.273198962212, 0.383002310991, 0.297818392515, 0.149916216731, 0.0983069390059, 0.147984310985, 0.298673659563, 0.528146147728, 0.576109349728, 0.392625272274, 0.27026578784, 0.239569112659, 0.248759657145, 0.305409222841, 0.448168814182, 0.867503046989],
    "chords_key": "F#",
    "chords_scale": "minor",
    "key_key": "G",
    "key_scale": "major"
}
}