{
"lowlevel": {
    "average_loudness": 0.98364084959,
    "barkbands_crest": {
        "mean": 18.877456665,
        "var": 17.8189601898
    },
    "barkbands_flatness_db": {
        "mean": 0.266912400723,
        "var": 0.00897359661758
    },
    "barkbands_kurtosis": {
        "mean": 79.2178573608,
        "var": 15590.9287109
    },
    "barkbands_skewness": {
        "mean": 6.4006690979,
        "var": 15.1476383209
    },
    "barkbands_spread": {
        "mean": 11.8750505447,
        "var": 264.867492676
    },
    "dissonance": {
        "mean": 0.474818170071,
        "var": 0.000813329883385
    },
    "dynamic_complexity": 1.32766294479,
    "erbbands_crest": {
        "mean": 8.8562746048,
        "var": 18.5024585724
    },
    "erbbands_flatness_db": {
        "mean": 0.127740472555,
        "var": 0.00288423430175
    },
    "erbbands_kurtosis": {
        "mean": 2.980499506,
        "var": 74.421257019
    },
    "erbbands_skewness": {
        "mean": 0.886946797371,
        "var": 2.30053138733
    },
    "erbbands_spread": {
        "mean": 74.4326553345,
        "var": 1615.16564941
    },
    "hfc": {
        "mean": 23.7912254333,
        "var": 483.019958496
    },
    "melbands_crest": {
        "mean": 23.9305744171,
        "var": 24.0144748688
    },
    "melbands_flatness_db": {
        "mean": 0.384925603867,
        "var": 0.0124189043418
    },
    "melbands_kurtosis": {
        "mean": 180.565582275,
        "var": 26046.40625
    },
    "melbands_skewness": {
        "mean": 9.04489803314,
        "var": 18.5306243896
    },
    "melbands_spread": {
        "mean": 6.10667133331,
        "var": 164.196151733
    },
    "pitch_salience": {
        "mean": 0.369919449091,
        "var": 0.018490344286
    },
    "silence_rate_20dB": {
        "mean": 1,
        "var": 0
    },
    "silence_rate_30dB": {
        "mean": 0.449536561966,
        "var": 0.247454553843
    },
    "silence_rate_60dB": {
        "mean": 0.0200823899359,
        "var": 0.0196797288954
    },
    "spectral_centroid": {
        "mean": 900.323059082,
        "var": 780348.375
    },
    "spectral_complexity": {
        "mean": 9.98970127106,
        "var": 73.8082275391
    },
    "spectral_decrease": {
        "mean": -2.7963146465e-008,
        "var": 2.71213517554e-016
    },
    "spectral_energy": {
        "mean": 0.107697375119,
        "var": 0.00393543019891
    },
    "spectral_energyband_high": {
        "mean": 0.00136323913466,
        "var": 4.07885727327e-006
    },
    "spectral_energyband_low": {
        "mean": 0.0953264161944,
        "var": 0.00368717173114
    },
    "spectral_energyband_middle_high": {
        "mean": 0.00156600482296,
        "var": 7.43711461837e-006
    },
    "spectral_energyband_middle_low": {
        "mean": 0.0118653560057,
        "var": 0.000366157706594
    },
    "spectral_entropy": {
        "mean": 7.27724266052,
        "var": 0.654130399227
    },
    "spectral_flux": {
        "mean": 0.150291994214,
        "var": 0.0107954172418
    },
    "spectral_kurtosis": {
        "mean": 4.28472948074,
        "var": 36.8820800781
    },
    "spectral_rms": {
        "mean": 0.00963887292892,
        "var": 1.21628445413e-005
    },
    "spectral_rolloff": {
        "mean": 466.580078125,
        "var": 2443056.5
    },
    "spectral_skewness": {
        "mean": 1.703805089,
        "var": 0.725141942501
    },
    "spectral_spread": {
        "mean": 7592466.5,
        "var": 7.98108051046e+012
    },
    "spectral_strongpeak": {
        "mean": 0.596323549747,
        "var": 0.10931905359
    },
    "zerocrossingrate": {
        "mean": 0.0337298735976,
        "var": 0.00148825685028
    },
    "barkbands": {
        "mean": [0.00436046160758, 0.073940731585, 0.0146166626364, 0.00508307013661, 0.00577469542623, 0.000530264165718, 0.000232200691244, 5.75044396101e-005, 0.00016111881996, 9.56665608101e-005, 0.000185970391612, 0.000206130192964, 0.000188523219549, 0.000155765985255, 0.000148449456901, 0.00010270949133, 0.000107449362986, 0.000159085393534, 0.000164523851709, 0.0001280180295, 0.000142692006193, 0.000183174968697, 0.000153760105604, 0.000250199082075, 0.000347232708009, 0.000199774804059, 2.15252202906e-005],
        "var": [3.00977662846e-005, 0.00278125237674, 0.000444550183602, 9.97368988465e-005, 0.000156703579705, 4.11978845705e-007, 3.88110720451e-007, 2.0187908234e-008, 2.57510720303e-007, 1.0516053095e-007, 1.47750469637e-007, 5.15820545388e-007, 7.41162068607e-007, 3.02216847103e-007, 6.11748646406e-007, 1.50876402927e-007, 1.49000484839e-007, 2.35077521893e-007, 3.27856099602e-007, 1.80924985216e-007, 1.2393650195e-007, 2.14574299662e-007, 7.81450140153e-008, 1.51033617612e-007, 3.31686436539e-007, 1.32825917376e-007, 1.62114033309e-009]
    },
    "erbbands": {
        "mean": [2.74118947983, 14.1252250671, 17.8319549561, 18.6400184631, 21.1329574585, 17.089509964, 8.00279521942, 3.67526912689, 3.87377047539, 1.81257116795, 1.63165855408, 3.76774644852, 3.1189250946, 4.72638559341, 8.10902118683, 8.6336145401, 8.64782428741, 8.65241527557, 7.28892707825, 7.21758985519, 5.78517484665, 6.12910604477, 8.0071811676, 9.85099887848, 6.92263698578, 5.95872020721, 6.32240056992, 5.08541250229, 7.4841375351, 4.5106010437, 4.87090444565, 4.15246629715, 4.89602279663, 5.00534725189, 1.80653476715, 0.896749556065, 0.370977193117, 0.0729112103581, 0.00210499577224, 0.00017152246437],
        "var": [3.11940526962, 149.003799438, 500.580352783, 740.833374023, 1519.71862793, 1747.7421875, 191.46321106, 27.0901832581, 99.0316848755, 20.9191703796, 22.7344036102, 160.318740845, 75.3490829468, 127.807289124, 404.553253174, 905.246459961, 1482.46838379, 794.848815918, 828.853759766, 1308.66699219, 441.510375977, 419.59197998, 594.007873535, 1196.30175781, 398.097900391, 394.676025391, 281.900909424, 211.731170654, 417.775878906, 106.659133911, 73.0250244141, 38.6920776367, 60.9882049561, 92.7774276733, 8.19863128662, 2.46676850319, 0.483362197876, 0.0169385764748, 1.44559289765e-005, 1.35577824523e-008]
    },
    "gfcc": {
        "mean": [-20.9306163788, 68.1077957153, -32.7027893066, 57.3951072693, -29.0960426331, 41.2651481628, -24.235414505, 11.05098629, -30.9564418793, 3.46039533615, -12.3044519424, 12.2841663361, -7.98107099533],
        "cov": [[7242.09423828, -1141.36230469, -536.940429688, 260.444244385, 131.610061646, 186.9425354, -619.627685547, 190.000946045, -332.882446289, 161.502258301, -248.767074585, -325.275939941, -196.854782104], [-1141.36230469, 1660.90368652, 358.336273193, -102.5259552, 189.665725708, -226.603851318, 64.2755661011, -245.56288147, 99.7406234741, -165.467346191, 69.3232040405, -78.4186248779, 121.063499451], [-536.940429688, 358.336273193, 1207.19482422, 224.084960938, -56.7904319763, -33.4988632202, 9.37857532501, -106.470458984, -97.7641906738, -102.10723114, -33.2436141968, -55.6397628784, 63.4957046509], [260.444244385, -102.5259552, 224.084960938, 528.716125488, 216.132827759, -24.5207328796, -37.5851593018, -33.2403144836, -75.1787719727, -63.4664764404, 12.6822957993, -32.2227973938, 38.3690376282], [131.610061646, 189.665725708, -56.7904319763, 216.132827759, 574.184448242, 86.6644058228, -169.041229248, -92.1046981812, -10.6145820618, -46.3099708557, 14.0101108551, -81.3884353638, 36.8561553955], [186.9425354, -226.603851318, -33.4988632202, -24.5207328796, 86.6644058228, 286.345733643, 39.3556938171, 32.2983856201, -12.9821796417, 41.6735877991, -14.9752550125, -14.1435575485, 13.8803911209], [-619.627685547, 64.2755661011, 9.37857532501, -37.5851593018, -169.041229248, 39.3556938171, 329.632720947, 68.1145172119, 83.7946166992, 0.532481729984, 42.9382286072, 113.630241394, 10.6653013229], [190.000946045, -245.56288147, -106.470458984, -33.2403144836, -92.1046981812, 32.2983856201, 68.1145172119, 178.621856689, 26.4848041534, 28.3519363403, -2.77839255333, 4.44389009476, -0.18711566925], [-332.882446289, 99.7406234741, -97.7641906738, -75.1787719727, -10.6145820618, -12.9821796417, 83.7946166992, 26.4848041534, 153.196807861, 47.5402450562, 22.3451881409, 57.5173873901, -6.16820764542], [161.502258301, -165.467346191, -102.10723114, -63.4664764404, -46.3099708557, 41.6735877991, 0.532481729984, 28.3519363403, 47.5402450562, 112.801559448, 18.1543655396, 8.22366905212, -15.2411603928], [-248.767074585, 69.3232040405, -33.2436141968, 12.6822957993, 14.0101108551, -14.9752550125, 42.9382286072, -2.77839255333, 22.3451881409, 18.1543655396, 86.1954650879, 44.3692245483, 6.94371795654], [-325.275939941, -78.4186248779, -55.6397628784, -32.2227973938, -81.3884353638, -14.1435575485, 113.630241394, 4.44389009476, 57.5173873901, 8.22366905212, 44.3692245483, 190.929550171, -23.6682872772], [-196.854782104, 121.063499451, 63.4957046509, 38.3690376282, 36.8561553955, 13.8803911209, 10.6653013229, -0.18711566925, -6.16820764542, -15.2411603928, 6.94371795654, -23.6682872772, 102.850082397]],
        "icov": [[0.000289769697702, -0.000300821266137, 0.000196715845959, -0.000449328596005, 0.000147386657773, -0.000298948492855, 0.000540428969543, -0.000711976375896, 0.000832566176541, -0.000972940004431, 0.00091664592037, -0.000251504272455, 0.000671075598802], [-0.000300821266137, 0.00281815091148, -0.000753429194447, 0.00212880200706, -0.0010975881014, 0.00200727907941, -0.00202067196369, 0.003661344992, -0.00342217367142, 0.00441598054022, -0.00342042092234, 0.00290421606041, -0.00253497506492], [0.000196715845959, -0.000753429194447, 0.00139007426333, -0.00123667134903, 0.000950345245656, -0.000849311007187, 0.000669881410431, -0.000284977490082, 0.00103078247048, -0.000613075040746, 0.00126357225236, -0.000359222496627, 0.00037361466093], [-0.000449328596005, 0.00212880200706, -0.00123667134903, 0.00482502765954, -0.00269682682119, 0.00275548594072, -0.00276730279438, 0.00228815013543, -0.000883986242115, 0.00304992427118, -0.00291646737605, 0.00171037740074, -0.00252723880112], [0.000147386657773, -0.0010975881014, 0.000950345245656, -0.00269682682119, 0.00500705651939, -0.00362333934754, 0.00376002653502, 0.0001831442205, -0.00223814416677, 0.00206203432754, -0.00124128162861, 0.000194118314539, 0.000598389538936], [-0.000298948492855, 0.00200727907941, -0.000849311007187, 0.00275548594072, -0.00362333934754, 0.00741501059383, -0.00444846693426, 0.00159967155196, 0.00112402520608, -0.0014371444704, 0.000392230664147, 0.0014685500646, -0.0025107297115], [0.000540428969543, -0.00202067196369, 0.000669881410431, -0.00276730279438, 0.00376002653502, -0.00444846693426, 0.00893694255501, -0.00390988215804, -0.00156725244597, 0.000591071846429, -0.000177632638952, -0.00345399905927, 0.00156153540593], [-0.000711976375896, 0.003661344992, -0.000284977490082, 0.00228815013543, 0.0001831442205, 0.00159967155196, -0.00390988215804, 0.0126713812351, -0.00615903595462, 0.00617311289534, -0.00478487741202, 0.00500547047704, -0.00418281136081], [0.000832566176541, -0.00342217367142, 0.00103078247048, -0.000883986242115, -0.00223814416677, 0.00112402520608, -0.00156725244597, -0.00615903595462, 0.0180621482432, -0.0135379973799, 0.00775191979483, -0.00587894488126, 0.00331761757843], [-0.000972940004431, 0.00441598054022, -0.000613075040746, 0.00304992427118, 0.00206203432754, -0.0014371444704, 0.000591071846429, 0.00617311289534, -0.0135379973799, 0.0245041847229, -0.01232233271, 0.00624337280169, -0.00332655617967], [0.00091664592037, -0.00342042092234, 0.00126357225236, -0.00291646737605, -0.00124128162861, 0.000392230664147, -0.000177632638952, -0.00478487741202, 0.00775191979483, -0.01232233271, 0.022112691775, -0.00694059859961, 0.00203890027478], [-0.000251504272455, 0.00290421606041, -0.000359222496627, 0.00171037740074, 0.000194118314539, 0.0014685500646, -0.00345399905927, 0.00500547047704, -0.00587894488126, 0.00624337280169, -0.00694059859961, 0.0113619957119, -0.00056080223294], [0.000671075598802, -0.00253497506492, 0.00037361466093, -0.00252723880112, 0.000598389538936, -0.0025107297115, 0.00156153540593, -0.00418281136081, 0.00331761757843, -0.00332655617967, 0.00203890027478, -0.00056080223294, 0.0140975406393]]
    },
    "melbands": {
        "mean": [0.0225372705609, 0.0126376245171, 0.00337798963301, 0.00142370059621, 0.000366437976481, 8.74819234014e-005, 5.49406540813e-005, 1.69841714523e-005, 1.47521504914e-005, 2.40409772232e-005, 1.49108991536e-005, 1.75062650669e-005, 2.70756518148e-005, 2.46318322752e-005, 1.94772328541e-005, 1.88348367374e-005, 1.5642028302e-005, 1.11201807158e-005, 1.18182178994e-005, 7.65367803979e-006, 6.65667903377e-006, 6.34228899798e-006, 6.34467824057e-006, 7.83906398283e-006, 8.22559832159e-006, 5.37007781531e-006, 4.61894887849e-006, 3.7682166294e-006, 3.6631124658e-006, 3.97775465899e-006, 2.53558323493e-006, 4.09066933571e-006, 3.53956465915e-006, 2.15583941099e-006, 3.04564900944e-006, 2.08390133594e-006, 2.81466691376e-006, 3.98925931222e-006, 2.59960825133e-006, 5.06208471052e-006],
        "var": [0.000222330287215, 0.000137865354191, 2.26918546105e-005, 9.88319061435e-006, 4.99472662341e-007, 1.45699976528e-008, 1.97231777577e-008, 1.83234794005e-009, 2.34769892415e-009, 5.97969629368e-009, 1.8997512452e-009, 2.1691337615e-009, 3.69264374633e-009, 6.97544288997e-009, 6.94626223208e-009, 6.80532563635e-009, 2.78572298562e-009, 2.1521542326e-009, 5.05622521629e-009, 9.17876719075e-010, 6.44125031091e-010, 5.22726806285e-010, 4.02154365364e-010, 6.16131146103e-010, 9.4061602951e-010, 3.63376856383e-010, 1.49469284172e-010, 2.08343828301e-010, 1.2998706278e-010, 8.56018519957e-011, 7.16564724224e-011, 1.27353891322e-010, 8.64106147747e-011, 2.66311972474e-011, 3.20912671437e-011, 1.07193654994e-011, 1.90221293578e-011, 4.23329461763e-011, 1.68798967859e-011, 1.23249216388e-010]
    },
    "mfcc": {
        "mean": [-693.51776123, 106.03024292, 62.0328102112, 37.6449546814, 32.2339744568, 31.2175235748, 26.9408111572, 16.7019100189, 5.58320236206, -5.61726140976, 0.582296192646, 4.60203552246, 0.900627434254],
        "cov": [[7423.93017578, -1348.1829834, -889.30065918, -129.024780273, 458.450714111, -174.012557983, 14.466334343, -276.614257813, -167.88873291, 424.418579102, -35.4955291748, -354.605895996, -141.111190796], [-1348.1829834, 1616.02319336, 195.955032349, 51.0028381348, 31.0673084259, 65.9971847534, -103.2554245, -14.2497806549, -54.2757148743, -52.732711792, -21.904668808, -43.1088180542, -68.702507019], [-889.30065918, 195.955032349, 1138.35217285, 194.278884888, -160.92628479, 7.33982658386, 77.1456985474, 18.0324630737, 30.474855423, -76.5891342163, -133.6118927, 39.7548980713, 20.5127906799], [-129.024780273, 51.0028381348, 194.278884888, 555.268005371, 182.547668457, 23.2667446136, 17.7258911133, 22.4423809052, -73.7725448608, -31.2486190796, -80.6785125732, -57.7008666992, -4.38764286041], [458.450714111, 31.0673084259, -160.92628479, 182.547668457, 659.570556641, 157.110824585, 39.8989524841, -92.7775344849, -84.6165924072, 95.2565765381, -94.7840499878, -130.168716431, -96.260848999], [-174.012557983, 65.9971847534, 7.33982658386, 23.2667446136, 157.110824585, 230.6302948, 53.6931724548, 9.19423770905, 6.02201795578, -18.382850647, 11.0464696884, -5.00111627579, -17.5255470276], [14.466334343, -103.2554245, 77.1456985474, 17.7258911133, 39.8989524841, 53.6931724548, 180.413375854, 32.7122573853, 40.7065887451, 8.57651233673, -37.2429847717, 21.1727638245, 10.9476928711], [-276.614257813, -14.2497806549, 18.0324630737, 22.4423809052, -92.7775344849, 9.19423770905, 32.7122573853, 165.720077515, 47.2671470642, -62.3688087463, 51.8680000305, 53.8098258972, 22.6862831116], [-167.88873291, -54.2757148743, 30.474855423, -73.7725448608, -84.6165924072, 6.02201795578, 40.7065887451, 47.2671470642, 158.291946411, 15.0147924423, -1.6696407795, 65.6607437134, 41.6463241577], [424.418579102, -52.732711792, -76.5891342163, -31.2486190796, 95.2565765381, -18.382850647, 8.57651233673, -62.3688087463, 15.0147924423, 180.42640686, -2.06132102013, -69.2288284302, -26.3158187866], [-35.4955291748, -21.904668808, -133.6118927, -80.6785125732, -94.7840499878, 11.0464696884, -37.2429847717, 51.8680000305, -1.6696407795, -2.06132102013, 174.887359619, 35.069694519, 0.62847006321], [-354.605895996, -43.1088180542, 39.7548980713, -57.7008666992, -130.168716431, -5.00111627579, 21.1727638245, 53.8098258972, 65.6607437134, -69.2288284302, 35.069694519, 143.308074951, 63.70652771], [-141.111190796, -68.702507019, 20.5127906799, -4.38764286041, -96.260848999, -17.5255470276, 10.9476928711, 22.6862831116, 41.6463241577, -26.3158187866, 0.62847006321, 63.70652771, 96.8593826294]],
        "icov": [[0.000221279013203, 0.000170220446307, 0.000105046281533, 4.50997831649e-005, -3.69849694835e-005, 0.000141435870319, -8.1738740846e-005, 0.000117559087812, 0.000117124327517, -0.00020977020904, 1.61829029821e-005, 0.000340502912877, 6.20333739789e-005], [0.000170220446307, 0.000840975379106, -5.04150266352e-005, 4.23245510319e-005, 2.79753439827e-005, -0.000220489426283, 0.000490852515213, -1.22955725601e-006, 0.000153577668243, -6.06115681876e-005, 0.000200343478355, 0.00026615781826, 0.000530945137143], [0.000105046281533, -5.04150266352e-005, 0.00131140591111, -0.000529322307557, 0.000749564787839, -0.000340337312082, -0.000425138510764, 0.000224731484195, 4.91202808917e-005, -0.000157816815772, 0.00110837107059, -0.00034319749102, 0.000648880726658], [4.50997831649e-005, 4.23245510319e-005, -0.000529322307557, 0.00271564209834, -0.00103575270623, 0.000389381399145, 0.000125571561512, -0.00134699582122, 0.00110814801883, 0.000404084828915, 0.000496879161801, 0.00113081093878, -0.00144042272586], [-3.69849694835e-005, 2.79753439827e-005, 0.000749564787839, -0.00103575270623, 0.00357516831718, -0.00248646526597, -0.000128743180539, 0.000424021913204, 0.00106054008938, -0.00168005027808, 0.00210685282946, -0.000458306138171, 0.00215403339826], [0.000141435870319, -0.000220489426283, -0.000340337312082, 0.000389381399145, -0.00248646526597, 0.00701804133132, -0.0021731024608, 0.000757321948186, -0.00168120593298, 0.00251436769031, -0.00283844163641, 0.0014782154467, -0.000541499117389], [-8.1738740846e-005, 0.000490852515213, -0.000425138510764, 0.000125571561512, -0.000128743180539, -0.0021731024608, 0.00801179278642, -0.00251053157263, -0.000134687797981, -0.00189047167078, 0.00266395858489, -0.00195677368902, 0.000300141400658], [0.000117559087812, -1.22955725601e-006, 0.000224731484195, -0.00134699582122, 0.000424021913204, 0.000757321948186, -0.00251053157263, 0.0105266114697, -0.00375971500762, 0.00387210631743, -0.00406278157607, 0.000846915645525, 0.000576337450184], [0.000117124327517, 0.000153577668243, 4.91202808917e-005, 0.00110814801883, 0.00106054008938, -0.00168120593298, -0.000134687797981, -0.00375971500762, 0.0116982236505, -0.00507560232654, 0.00342380604707, -0.00503023713827, -0.00115758820903], [-0.00020977020904, -6.06115681876e-005, -0.000157816815772, 0.000404084828915, -0.00168005027808, 0.00251436769031, -0.00189047167078, 0.00387210631743, -0.00507560232654, 0.0111852362752, -0.0037507575471, 0.0061492389068, -0.00100372557063], [1.61829029821e-005, 0.000200343478355, 0.00110837107059, 0.000496879161801, 0.00210685282946, -0.00283844163641, 0.00266395858489, -0.00406278157607, 0.00342380604707, -0.0037507575471, 0.0107166552916, -0.0040930765681, 0.00231559225358], [0.000340502912877, 0.00026615781826, -0.00034319749102, 0.00113081093878, -0.000458306138171, 0.0014782154467, -0.00195677368902, 0.000846915645525, -0.00503023713827, 0.0061492389068, -0.0040930765681, 0.0174280982465, -0.00695919897407], [6.20333739789e-005, 0.000530945137143, 0.000648880726658, -0.00144042272586, 0.00215403339826, -0.000541499117389, 0.000300141400658, 0.000576337450184, -0.00115758820903, -0.00100372557063, 0.00231559225358, -0.00695919897407, 0.0172495953739]]
    },
    "spectral_contrast_coeffs": {
        "mean": [-0.693703830242, -0.742902517319, -0.817101657391, -0.830757319927, -0.807023644447, -0.793241679668],
        "var": [0.00506245205179, 0.00635237339884, 0.00317789101973, 0.00193313509226, 0.00264933588915, 0.00199303054251]
    },
    "spectral_contrast_valleys": {
        "mean": [-6.13618040085, -7.84217500687, -7.96075057983, -8.52176094055, -8.39763450623, -9.90116405487],
        "var": [1.4047305584, 1.01264810562, 0.965450108051, 1.69416046143, 1.55864048004, 1.47721064091]
    }
},
"metadata": {
    "audio_properties": {
        "analysis_sample_rate": 44100,
        "bit_rate": 128074,
        "equal_loudness": 0,
        "length": 45.0612258911,
        "lossless": 0,
        "replay_gain": -6.61272621155,
        "sample_rate": 44100,
        "codec": "mp3",
        "downmix": "mix",
        "md5_encoded": "b455bb2c37729ebd9913d6ae04ca5acd"
    },
    "tags": {
        "file_name": "1375.mp3"
    },
    "version": {
        "essentia": "2.1-beta2",
        "essentia_git_sha": "v2.1_beta2",
        "extractor": "music 1.0"
    }
},
"rhythm": {
    "beats_count": 89,
    "beats_loudness": {
        "mean": 0.199569359422,
        "var": 0.00284501141869
    },
    "bpm": 118.707557678,
    "bpm_histogram_first_peak_bpm": {
        "mean": 117,
        "var": 0
    },
    "bpm_histogram_first_peak_spread": {
        "mean": 0.459016382694,
        "var": 0
    },
    "bpm_histogram_first_peak_weight": {
        "mean": 0.375,
        "var": 0
    },
    "bpm_histogram_second_peak_bpm": {
        "mean": 123,
        "var": 0
    },
    "bpm_histogram_second_peak_spread": {
        "mean": 0,
        "var": 0
    },
    "bpm_histogram_second_peak_weight": {
        "mean": 0.295454531908,
        "var": 0
    },
    "danceability": 1.71883368492,
    "onset_rate": 5.98914718628,
    "beats_loudness_band_ratio": {
        "mean": [0.951845943928, 0.0229007210582, 0.0131963118911, 0.00663190335035, 0.00259020808153, 0.0122166350484],
        "var": [0.0101883523166, 0.000968293461483, 0.00555569352582, 0.000279501255136, 1.02688591141e-005, 0.000149877756485]
    },
    "beats_position": [0.545668900013, 1.09133780003, 1.60217678547, 2.08979582787, 2.60063481331, 3.08825397491, 3.59909296036, 4.08671188354, 4.59755086899, 5.08516979218, 5.59600877762, 6.08362817764, 6.59446716309, 7.08208608627, 7.59292507172, 8.09215450287, 8.59138298035, 9.0906124115, 9.58984088898, 10.0890703201, 10.5882987976, 11.0875282288, 11.5867567062, 12.0975961685, 12.5968255997, 13.0960540771, 13.6068935394, 14.0945119858, 14.6053514481, 15.0929698944, 15.5805892944, 16.0798187256, 16.5790481567, 17.0898857117, 17.600725174, 18.088344574, 18.5991840363, 19.0868015289, 19.5976409912, 20.0852603912, 20.5960998535, 21.0837192535, 21.5945568085, 22.0821762085, 22.5930156708, 23.0922451019, 23.5914726257, 24.0907020569, 24.589931488, 25.0775508881, 25.5883903503, 26.0992279053, 26.5868473053, 27.0976867676, 27.5969161987, 28.0961437225, 28.6069831848, 29.0946025848, 29.6054420471, 30.0930614471, 30.6038990021, 31.0915184021, 31.6023578644, 32.0899772644, 32.6008148193, 33.0884361267, 33.5992736816, 34.0868911743, 34.5977325439, 35.0853500366, 35.5961914063, 36.0838088989, 36.5946464539, 37.0822677612, 37.5931053162, 38.0923347473, 38.5915641785, 39.0791816711, 39.5900230408, 40.0892524719, 40.5884780884, 41.099319458, 41.5985488892, 42.0977783203, 42.5970077515, 43.0962333679, 43.5954627991, 44.0946922302, 44.6055335999]
},
"tonal": {
    "chords_changes_rate": 0.0720164626837,
    "chords_number_rate": 0.00720164598897,
    "chords_strength": {
        "mean": 0.495742321014,
        "var": 0.00560062052682
    },
    "hpcp_entropy": {
        "mean": 2.61579012871,
        "var": 0.663000106812
    },
    "key_strength": 0.511295318604,
    "tuning_diatonic_strength": 0.53169131279,
    "tuning_equal_tempered_deviation": 0.260439485312,
    "tuning_frequency": 434.193115234,
    "tuning_nontempered_energy_ratio": 0.889713644981,
    "hpcp": {
        "mean": [0.0959880650043, 0.0768124461174, 0.0525005981326, 0.0575035810471, 0.0922308564186, 0.119935519993, 0.161830604076, 0.192562028766, 0.161566093564, 0.143955484033, 0.11406185478, 0.0682782456279, 0.0468961074948, 0.0340837463737, 0.0367191620171, 0.048414003104, 0.0473399572074, 0.0319485515356, 0.0233359020203, 0.0196614470333, 0.0155281433836, 0.0131588494405, 0.0126338256523, 0.108308054507, 0.202804192901, 0.111813135445, 0.0215109325945, 0.0277893189341, 0.0301807895303, 0.0474163815379, 0.141858547926, 0.181430652738, 0.113275997341, 0.0913925990462, 0.110655754805, 0.106453210115],
        "var": [0.0596697032452, 0.0486493036151, 0.0265527404845, 0.0286995433271, 0.0537173263729, 0.0663121119142, 0.080623626709, 0.1158240363, 0.0836291983724, 0.0905313417315, 0.0694130584598, 0.0388289317489, 0.0314923711121, 0.0170929543674, 0.0177380274981, 0.0196929760277, 0.0181334167719, 0.0106960264966, 0.00901017896831, 0.00902337580919, 0.00653409026563, 0.00458775879815, 0.00357241742313, 0.0413004755974, 0.142881959677, 0.0402998887002, 0.00532972998917, 0.00509466743097, 0.00603364408016, 0.0101031539962, 0.0726538449526, 0.110026277602, 0.0547348931432, 0.0520643778145, 0.0716704279184, 0.0647074505687]
    },
    "chords_histogram": [1.95473253727, 0, 0, 0, 0, 16.9753093719, 1.74897122383, 0, 0, 0, 21.3991775513, 47.9423866272, 7.09876537323, 0, 0, 0, 1.95473253727, 0, 0, 0, 0, 0, 0.205761313438, 0.720164597034],
    "thpcp": [1, 0.551335394382, 0.106067493558, 0.137025371194, 0.148817390203, 0.233803749084, 0.699485301971, 0.894609987736, 0.558548569679, 0.450644522905, 0.545628547668, 0.524906337261, 0.473304152489, 0.378751754761, 0.258873343468, 0.283542364836, 0.454777866602, 0.591385781765, 0.797964811325, 0.949497282505, 0.796660542488, 0.709824979305, 0.562423527241, 0.336670786142, 0.231238350272, 0.168062329292, 0.181057214737, 0.238722890615, 0.233426913619, 0.157533973455, 0.115066170692, 0.0969479307532, 0.0765671730042, 0.064884506166, 0.0622956827283, 0.534052371979],
    "chords_key": "G",
    "chords_scale": "major",
    "key_key": "F",
    "key_scale": "minor"
}
}