{
"lowlevel": {
    "average_loudness": 0.503173708916,
    "barkbands_crest": {
        "mean": 9.57901096344,
        "var": 9.49899291992
    },
    "barkbands_flatness_db": {
        "mean": 0.221144735813,
        "var": 0.00601677969098
    },
    "barkbands_kurtosis": {
        "mean": 2.17134809494,
        "var": 25.9234828949
    },
    "barkbands_skewness": {
        "mean": 1.04523313046,
        "var": 0.575201094151
    },
    "barkbands_spread": {
        "mean": 16.5608825684,
        "var": 91.7404556274
    },
    "dissonance": {
        "mean": 0.408512026072,
        "var": 0.00380035047419
    },
    "dynamic_complexity": 2.91078853607,
    "erbbands_crest": {
        "mean": 11.995967865,
        "var": 18.7822532654
    },
    "erbbands_flatness_db": {
        "mean": 0.228182941675,
        "var": 0.00279381196015
    },
    "erbbands_kurtosis": {
        "mean": 0.744231164455,
        "var": 8.31279850006
    },
    "erbbands_skewness": {
        "mean": 0.458777248859,
        "var": 0.689885854721
    },
    "erbbands_spread": {
        "mean": 25.3486022949,
        "var": 110.190048218
    },
    "hfc": {
        "mean": 14.4864645004,
        "var": 172.682235718
    },
    "melbands_crest": {
        "mean": 13.6238651276,
        "var": 15.7840061188
    },
    "melbands_flatness_db": {
        "mean": 0.289912432432,
        "var": 0.0118175670505
    },
    "melbands_kurtosis": {
        "mean": 6.06526708603,
        "var": 70.9156723022
    },
    "melbands_skewness": {
        "mean": 1.74831461906,
        "var": 0.792938292027
    },
    "melbands_spread": {
        "mean": 19.7791500092,
        "var": 197.688949585
    },
    "pitch_salience": {
        "mean": 0.457556128502,
        "var": 0.0081869577989
    },
    "silence_rate_20dB": {
        "mean": 1,
        "var": 0
    },
    "silence_rate_30dB": {
        "mean": 0.988156557083,
        "var": 0.0117033859715
    },
    "silence_rate_60dB": {
        "mean": 0.0308959838003,
        "var": 0.0299408715218
    },
    "spectral_centroid": {
        "mean": 1094.42797852,
        "var": 321351.40625
    },
    "spectral_complexity": {
        "mean": 12.5787849426,
        "var": 19.326128006
    },
    "spectral_decrease": {
        "mean": -6.05062799863e-009,
        "var": 2.55775743212e-017
    },
    "spectral_energy": {
        "mean": 0.0241504143924,
        "var": 0.000402749690693
    },
    "spectral_energyband_high": {
        "mean": 0.000223530965741,
        "var": 1.16226466673e-007
    },
    "spectral_energyband_low": {
        "mean": 0.00743099022657,
        "var": 5.93463482801e-005
    },
    "spectral_energyband_middle_high": {
        "mean": 0.00430972967297,
        "var": 2.19394569285e-005
    },
    "spectral_energyband_middle_low": {
        "mean": 0.0123906265944,
        "var": 0.000215345426113
    },
    "spectral_entropy": {
        "mean": 6.37741184235,
        "var": 0.273017913103
    },
    "spectral_flux": {
        "mean": 0.0482752397656,
        "var": 0.000447220052592
    },
    "spectral_kurtosis": {
        "mean": 20.490020752,
        "var": 1415.53552246
    },
    "spectral_rms": {
        "mean": 0.00452694809064,
        "var": 3.06811739392e-006
    },
    "spectral_rolloff": {
        "mean": 1047.70373535,
        "var": 680798.375
    },
    "spectral_skewness": {
        "mean": 2.64375925064,
        "var": 5.0053486824
    },
    "spectral_spread": {
        "mean": 2622743.25,
        "var": 1.89357673677e+012
    },
    "spectral_strongpeak": {
        "mean": 1.17989385128,
        "var": 2.15661406517
    },
    "zerocrossingrate": {
        "mean": 0.0405590236187,
        "var": 0.000534707971383
    },
    "barkbands": {
        "mean": [7.55083674449e-005, 0.00541972368956, 0.00186635041609, 0.000223882583668, 0.00176531553734, 0.00362688628957, 0.0021474508103, 0.00322425900958, 0.00111160054803, 0.000927330576815, 0.000666687672492, 0.000142141710967, 0.000460425828351, 0.000189242768101, 0.000548640498891, 0.000558002502657, 0.000366208754713, 0.000342917162925, 0.000251024524914, 0.000124225305626, 5.91888492636e-005, 3.51358648913e-005, 1.00526540336e-005, 5.45028797205e-006, 1.70578721281e-006, 1.09447364594e-006, 9.15551134906e-010],
        "var": [1.01635473371e-008, 3.67693937733e-005, 3.26885196955e-006, 1.07240310854e-007, 2.9596199056e-006, 3.40196747857e-005, 1.3183415831e-005, 6.01346073381e-005, 6.06866205999e-006, 4.56077168565e-006, 2.06458753382e-006, 9.76472946945e-008, 3.04304558085e-006, 2.8791208706e-007, 2.25360622608e-006, 1.36584321808e-006, 4.82402867874e-007, 1.11948213544e-006, 1.66403140156e-007, 7.14922379075e-008, 6.44463860056e-009, 5.95622529076e-009, 1.98550856312e-010, 5.14112363792e-011, 7.04900677759e-012, 3.09916935864e-012, 4.59296998204e-017]
    },
    "erbbands": {
        "mean": [0.0403646714985, 1.52625215054, 3.22045969963, 1.0730162859, 2.58929872513, 6.59105587006, 10.2962255478, 38.8892707825, 34.7928543091, 70.1888046265, 32.087348938, 32.3958244324, 19.7101650238, 26.5834999084, 32.7225494385, 8.34928131104, 21.1450424194, 14.2336587906, 31.3622951508, 25.1865386963, 20.4586143494, 18.0738945007, 26.0699157715, 9.2865486145, 12.613442421, 6.82138872147, 3.66700100899, 2.12629175186, 1.51070594788, 0.480039864779, 0.391518831253, 0.182351484895, 0.0532017834485, 0.0221982393414, 0.0105486381799, 0.00633204262704, 0.00171272910666, 0.000191882791114, 1.61324751389e-005, 2.80763797491e-005],
        "var": [0.00215964415111, 2.88939881325, 11.007976532, 1.92072975636, 10.6201181412, 50.2518119812, 141.724517822, 4617.96875, 3685.12695313, 22253.2460938, 4218.88427734, 4877.35058594, 847.299194336, 5624.52539063, 5103.96044922, 245.393859863, 5809.39257813, 1140.1628418, 8581.83984375, 1707.07543945, 1709.14196777, 1038.40661621, 5001.03222656, 206.823944092, 475.961791992, 166.754852295, 23.5113430023, 10.4646816254, 14.1963691711, 0.615007579327, 0.327379912138, 0.0499531440437, 0.00460274377838, 0.00103264953941, 0.000270746590104, 0.000160562005476, 5.60287662665e-006, 1.12380007522e-007, 1.62965349548e-010, 5.29382482295e-010]
    },
    "gfcc": {
        "mean": [-59.8806228638, 148.642883301, -123.535873413, 29.0076980591, -50.2617645264, -7.00568723679, -27.0334815979, 9.49080467224, -9.11283683777, 2.81203961372, -6.73685646057, -0.058890812099, -3.72270774841],
        "cov": [[8548.31054688, -2486.79150391, -2990.46313477, 1320.98034668, -754.352294922, 55.4679641724, 20.3603496552, 280.843933105, 254.393157959, 268.12399292, -100.739776611, 229.078155518, -51.9763832092], [-2486.79150391, 1676.2175293, 1248.32409668, -609.634216309, 309.327514648, -171.375747681, 35.1283416748, -192.373138428, -10.0414743423, -144.542617798, 158.690689087, -155.945129395, 4.92598772049], [-2990.46313477, 1248.32409668, 1527.01477051, -542.52154541, 266.682952881, -27.5465927124, 8.51072788239, -89.6228866577, -61.9423217773, -88.268447876, 34.898147583, -134.545715332, -37.045955658], [1320.98034668, -609.634216309, -542.52154541, 458.80368042, -111.698654175, 29.2672710419, 22.4606342316, 29.7829914093, 36.8252105713, 42.044708252, -57.7261505127, 39.8162345886, 7.01932191849], [-754.352294922, 309.327514648, 266.682952881, -111.698654175, 220.291397095, 15.5088882446, -11.156908989, -38.018787384, -24.0093917847, -36.9688644409, -12.0555028915, -44.8862915039, 15.7149238586], [55.4679641724, -171.375747681, -27.5465927124, 29.2672710419, 15.5088882446, 156.861724854, 28.365322113, 23.881816864, -37.2535896301, -12.9499473572, -73.8923110962, -12.0796356201, 1.59586763382], [20.3603496552, 35.1283416748, 8.51072788239, 22.4606342316, -11.156908989, 28.365322113, 113.035804749, 21.9445533752, -21.8180465698, -24.5535469055, -35.2118415833, -22.7845096588, -13.4442224503], [280.843933105, -192.373138428, -89.6228866577, 29.7829914093, -38.018787384, 23.881816864, 21.9445533752, 118.017280579, 2.38263630867, 4.31164979935, -57.3778381348, 5.12303972244, -9.69114017487], [254.393157959, -10.0414743423, -61.9423217773, 36.8252105713, -24.0093917847, -37.2535896301, -21.8180465698, 2.38263630867, 95.4924850464, 32.8079109192, 9.82258415222, -5.26959466934, 1.26971101761], [268.12399292, -144.542617798, -88.268447876, 42.044708252, -36.9688644409, -12.9499473572, -24.5535469055, 4.31164979935, 32.8079109192, 90.3318405151, 14.4441757202, 9.62018203735, -30.068365097], [-100.739776611, 158.690689087, 34.898147583, -57.7261505127, -12.0555028915, -73.8923110962, -35.2118415833, -57.3778381348, 9.82258415222, 14.4441757202, 155.893173218, 29.8238811493, -8.56553840637], [229.078155518, -155.945129395, -134.545715332, 39.8162345886, -44.8862915039, -12.0796356201, -22.7845096588, 5.12303972244, -5.26959466934, 9.62018203735, 29.8238811493, 80.5030822754, 22.7262687683], [-51.9763832092, 4.92598772049, -37.045955658, 7.01932191849, 15.7149238586, 1.59586763382, -13.4442224503, -9.69114017487, 1.26971101761, -30.068365097, -8.56553840637, 22.7262687683, 109.376693726]],
        "icov": [[0.000737101829145, -0.00153560866602, 0.00166033999994, -0.00147119676694, 0.00136019440833, -0.00139599374961, 0.00111088261474, -0.0017158392584, -3.77232026949e-005, -0.00133220665157, 0.000512229453307, -0.000837267376482, 0.000733950233553], [-0.00153560866602, 0.0111900120974, -0.00660098250955, 0.00748403510079, -0.00597630534321, 0.00886538438499, -0.00795742217451, 0.00957831647247, -0.00425746012479, 0.00935199577361, -0.00486959191039, 0.00761688966304, -0.0026935019996], [0.00166033999994, -0.00660098250955, 0.00639325659722, -0.00370869832113, 0.00361121282913, -0.00523518770933, 0.0045424210839, -0.00566538982093, 0.00179877737537, -0.00521734217182, 0.00283583416604, -0.00313965440728, 0.00252287602052], [-0.00147119676694, 0.00748403510079, -0.00370869832113, 0.00964311696589, -0.00402226345614, 0.00595302088186, -0.00634758314118, 0.00798258837312, -0.00330946734175, 0.00568113476038, -0.00137873366475, 0.00420674216002, -0.00187490973622], [0.00136019440833, -0.00597630534321, 0.00361121282913, -0.00402226345614, 0.0106868455186, -0.00540942884982, 0.00583559181541, -0.00400841748342, 0.00260486965999, -0.00394315179437, 0.00322021334432, -0.00110954453703, 0.000670867913868], [-0.00139599374961, 0.00886538438499, -0.00523518770933, 0.00595302088186, -0.00540942884982, 0.0162813216448, -0.00689983181655, 0.00790872052312, 0.000192328487174, 0.00681439228356, 0.000149870102177, 0.00619490956888, -0.00222991406918], [0.00111088261474, -0.00795742217451, 0.0045424210839, -0.00634758314118, 0.00583559181541, -0.00689983181655, 0.0174915753305, -0.00818911753595, 0.00515778642148, -0.00334284780547, 0.00408443063498, -0.00184594665188, 0.00324337766506], [-0.0017158392584, 0.00957831647247, -0.00566538982093, 0.00798258837312, -0.00400841748342, 0.00790872052312, -0.00818911753595, 0.0206659026444, -0.00416574114934, 0.00806964095682, 0.00129198376089, 0.00385675742291, -0.000826321891509], [-3.77232026949e-005, -0.00425746012479, 0.00179877737537, -0.00330946734175, 0.00260486965999, 0.000192328487174, 0.00515778642148, -0.00416574114934, 0.0172491203994, -0.00800588168204, 0.00186396029312, 0.00158490461763, -0.00170118326787], [-0.00133220665157, 0.00935199577361, -0.00521734217182, 0.00568113476038, -0.00394315179437, 0.00681439228356, -0.00334284780547, 0.00806964095682, -0.00800588168204, 0.0243853982538, -0.00454761367291, 0.00515403505415, 0.00295485905372], [0.000512229453307, -0.00486959191039, 0.00283583416604, -0.00137873366475, 0.00322021334432, 0.000149870102177, 0.00408443063498, 0.00129198376089, 0.00186396029312, -0.00454761367291, 0.0143075920641, -0.00811531767249, 0.00319821946323], [-0.000837267376482, 0.00761688966304, -0.00313965440728, 0.00420674216002, -0.00110954453703, 0.00619490956888, -0.00184594665188, 0.00385675742291, 0.00158490461763, 0.00515403505415, -0.00811531767249, 0.0261190366, -0.00655449414626], [0.000733950233553, -0.0026935019996, 0.00252287602052, -0.00187490973622, 0.000670867913868, -0.00222991406918, 0.00324337766506, -0.000826321891509, -0.00170118326787, 0.00295485905372, 0.00319821946323, -0.00655449414626, 0.0132936304435]]
    },
    "melbands": {
        "mean": [0.000931452668738, 0.00199635396712, 0.000222455215408, 0.000334947602823, 0.000394501781557, 0.000824278278742, 0.000498671666719, 0.000814064638689, 0.000217717795749, 0.000190523380297, 9.29732850636e-005, 0.000108800137241, 9.30686874199e-005, 4.34527100879e-005, 1.59067476488e-005, 5.60635598958e-005, 2.10287871596e-005, 4.9266654969e-005, 2.17640026676e-005, 5.52331839572e-005, 1.55544148583e-005, 1.42785083881e-005, 3.3788226574e-005, 1.23418631119e-005, 6.49847106615e-006, 9.74252634478e-006, 4.78084666611e-006, 5.31519890501e-006, 3.05246135213e-006, 1.23795382478e-006, 1.30467799409e-006, 1.13724729545e-006, 2.92601697538e-007, 1.8034644711e-007, 2.4422732281e-007, 1.51960151129e-007, 1.01034721922e-007, 4.14544771843e-008, 2.44758506796e-008, 1.58826836127e-008],
        "var": [1.09930715553e-006, 4.44433999292e-006, 6.14588060444e-008, 1.22729787222e-007, 1.8401357238e-007, 1.91432377505e-006, 7.87701878835e-007, 3.36237053489e-006, 1.6947045367e-007, 1.96855637569e-007, 2.02595860088e-008, 1.11930987146e-007, 3.79841331721e-008, 7.88690446285e-009, 8.92937834784e-010, 5.63666553433e-008, 4.15149159494e-009, 2.07656363216e-008, 2.65091171237e-009, 1.24053167738e-008, 1.47779088966e-009, 1.10056641578e-009, 4.39616520964e-009, 1.31801880521e-009, 1.66294630843e-010, 2.83553097669e-010, 1.29729962883e-010, 1.5980490542e-010, 2.51562399384e-011, 5.08416225786e-012, 5.85554738378e-012, 1.08120647851e-011, 1.97745642018e-013, 1.12896115525e-013, 1.4226732856e-013, 5.82790651675e-014, 2.25060753725e-014, 3.74162701351e-015, 2.17980456141e-015, 6.45314009629e-016]
    },
    "mfcc": {
        "mean": [-706.826293945, 172.175506592, -0.738320052624, 36.1691436768, -3.24094080925, -2.60015630722, -7.7247877121, 5.17157125473, 2.68324637413, 7.24072647095, -4.80811786652, 5.96949291229, 6.03567647934],
        "cov": [[8183.640625, -2157.54711914, -2386.48168945, 589.481994629, -606.91394043, -161.270126343, -413.738098145, 91.2309646606, 87.0795440674, 306.374023438, 87.0442352295, 185.444198608, -183.137557983], [-2157.54711914, 1422.43493652, 745.394897461, -198.46206665, 220.09815979, -9.24740028381, 86.1552734375, -87.0790405273, -86.9395904541, -93.4656448364, 56.5828475952, -41.2155799866, -19.0228481293], [-2386.48168945, 745.394897461, 1128.2286377, -166.21081543, 105.705345154, 99.346824646, 121.073356628, -24.7317123413, 0.611828744411, -90.4462814331, 45.3565979004, -25.1388301849, 31.4518108368], [589.481994629, -198.46206665, -166.21081543, 216.933288574, -30.9120883942, -12.0343523026, -43.9711494446, -12.2693586349, -2.02925539017, 10.3888893127, 31.4705219269, 24.2477684021, -24.0418930054], [-606.91394043, 220.09815979, 105.705345154, -30.9120883942, 229.273590088, 10.795425415, 4.0274066925, -34.9319496155, -8.69478034973, -6.90296649933, -21.7903327942, -38.1858253479, -4.71610450745], [-161.270126343, -9.24740028381, 99.346824646, -12.0343523026, 10.795425415, 154.246612549, 42.9861335754, -17.9949417114, 22.70977211, -3.05865883827, -3.05482530594, 11.9206266403, -28.2365264893], [-413.738098145, 86.1552734375, 121.073356628, -43.9711494446, 4.0274066925, 42.9861335754, 134.925415039, 32.3916549683, 12.0688476563, -26.8864574432, -2.6044151783, 0.469242453575, -16.5085487366], [91.2309646606, -87.0790405273, -24.7317123413, -12.2693586349, -34.9319496155, -17.9949417114, 32.3916549683, 117.368133545, 41.298412323, 4.69969415665, -48.8517837524, -33.6372070313, 29.414188385], [87.0795440674, -86.9395904541, 0.611828744411, -2.02925539017, -8.69478034973, 22.70977211, 12.0688476563, 41.298412323, 166.498672485, 48.1360855103, -30.683807373, -34.9435844421, -30.2756729126], [306.374023438, -93.4656448364, -90.4462814331, 10.3888893127, -6.90296649933, -3.05865883827, -26.8864574432, 4.69969415665, 48.1360855103, 120.898284912, -32.4915847778, -43.3237915039, -1.85973966122], [87.0442352295, 56.5828475952, 45.3565979004, 31.4705219269, -21.7903327942, -3.05482530594, -2.6044151783, -48.8517837524, -30.683807373, -32.4915847778, 197.29347229, 75.9621124268, -102.407173157], [185.444198608, -41.2155799866, -25.1388301849, 24.2477684021, -38.1858253479, 11.9206266403, 0.469242453575, -33.6372070313, -34.9435844421, -43.3237915039, 75.9621124268, 140.817764282, -17.1699104309], [-183.137557983, -19.0228481293, 31.4518108368, -24.0418930054, -4.71610450745, -28.2365264893, -16.5085487366, 29.414188385, -30.2756729126, -1.85973966122, -102.407173157, -17.1699104309, 214.215515137]],
        "icov": [[0.000597591104452, 0.000115830676805, 0.000903782143723, -0.000420780241257, 0.000791447353549, -0.000292821670882, 0.000918172299862, -0.000586292764638, 7.14707675797e-006, -0.00067888351623, -0.000269203155767, -0.000448040838819, 0.000301858817693], [0.000115830676805, 0.00150608620606, -0.000631649920251, 0.000553034653421, -0.000631351547781, 0.000838374602608, -0.000250621524174, 0.000712519802619, 0.000506383948959, 0.000130088752485, -0.000103372134618, 0.000280923035461, 0.000412834837334], [0.000903782143723, -0.000631649920251, 0.0031327328179, -0.000257377512753, 0.00125720445067, -0.00158685864881, 0.000863523164298, -0.000864855479449, -0.000665422703605, -0.000299924140563, -0.00138310936745, -8.1989193859e-005, -0.000532888516318], [-0.000420780241257, 0.000553034653421, -0.000257377512753, 0.00618369271979, -0.000603083171882, 0.000227851851378, 0.0004958678619, 0.000767104909755, 2.06898766919e-005, 0.000702296092641, -0.00069430959411, 0.0002076299279, 6.45580003038e-005], [0.000791447353549, -0.000631351547781, 0.00125720445067, -0.000603083171882, 0.00677270861343, -0.000691841123626, 0.00131425517611, 0.00105014513247, -0.000137811279274, -0.000340082944604, 0.000624752778094, 0.000855772581417, 0.00072811631253], [-0.000292821670882, 0.000838374602608, -0.00158685864881, 0.000227851851378, -0.000691841123626, 0.00906703434885, -0.00326389889233, 0.00311562279239, -0.000829454045743, 5.24905517523e-005, 0.0019483815413, -0.000971320201643, 0.00132006464992], [0.000918172299862, -0.000250621524174, 0.000863523164298, 0.0004958678619, 0.00131425517611, -0.00326389889233, 0.0123124485835, -0.00513810431585, 0.000193775078515, 0.000449555780506, -4.99233919982e-006, -0.00143370078877, 0.00185865303501], [-0.000586292764638, 0.000712519802619, -0.000864855479449, 0.000767104909755, 0.00105014513247, 0.00311562279239, -0.00513810431585, 0.0145500134677, -0.00291043589823, 0.00249160383828, 0.00185536872596, 0.00307564390823, -0.00144115032163], [7.14707675797e-006, 0.000506383948959, -0.000665422703605, 2.06898766919e-005, -0.000137811279274, -0.000829454045743, 0.000193775078515, -0.00291043589823, 0.0086160087958, -0.00300626177341, 0.00117574981414, 0.000203413903364, 0.00222330563702], [-0.00067888351623, 0.000130088752485, -0.000299924140563, 0.000702296092641, -0.000340082944604, 5.24905517523e-005, 0.000449555780506, 0.00249160383828, -0.00300626177341, 0.0125822359696, 0.000651206122711, 0.0039747687988, -0.000439780240413], [-0.000269203155767, -0.000103372134618, -0.00138310936745, -0.00069430959411, 0.000624752778094, 0.0019483815413, -4.99233919982e-006, 0.00185536872596, 0.00117574981414, 0.000651206122711, 0.0104872062802, -0.00393876247108, 0.00477085495368], [-0.000448040838819, 0.000280923035461, -8.1989193859e-005, 0.0002076299279, 0.000855772581417, -0.000971320201643, -0.00143370078877, 0.00307564390823, 0.000203413903364, 0.0039747687988, -0.00393876247108, 0.0119523433968, -0.00182643928565], [0.000301858817693, 0.000412834837334, -0.000532888516318, 6.45580003038e-005, 0.00072811631253, 0.00132006464992, 0.00185865303501, -0.00144115032163, 0.00222330563702, -0.000439780240413, 0.00477085495368, -0.00182643928565, 0.00802431814373]]
    },
    "spectral_contrast_coeffs": {
        "mean": [-0.644038319588, -0.622951805592, -0.677531957626, -0.66476726532, -0.675409436226, -0.686319291592],
        "var": [0.00349445920438, 0.00661238236353, 0.00561906211078, 0.00687670474872, 0.00664007943124, 0.0074319280684]
    },
    "spectral_contrast_valleys": {
        "mean": [-7.460750103, -7.1728811264, -8.18525218964, -9.3090801239, -9.49115085602, -12.923116684],
        "var": [0.518522977829, 0.782098948956, 0.726053535938, 0.81743234396, 1.17524909973, 0.564350903034]
    }
},
"metadata": {
    "audio_properties": {
        "analysis_sample_rate": 44100,
        "bit_rate": 128074,
        "equal_loudness": 0,
        "length": 45.0612258911,
        "lossless": 0,
        "replay_gain": -3.98886871338,
        "sample_rate": 44100,
        "codec": "mp3",
        "downmix": "mix",
        "md5_encoded": "c2418805020e48eb6e698bc36b15e33c"
    },
    "tags": {
        "file_name": "1377.mp3"
    },
    "version": {
        "essentia": "2.1-beta2",
        "essentia_git_sha": "v2.1_beta2",
        "extractor": "music 1.0"
    }
},
"rhythm": {
    "beats_count": 109,
    "beats_loudness": {
        "mean": 0.0267402883619,
        "var": 0.000538023712579
    },
    "bpm": 137.102401733,
    "bpm_histogram_first_peak_bpm": {
        "mean": 136,
        "var": 0
    },
    "bpm_histogram_first_peak_spread": {
        "mean": 0.52941173315,
        "var": 0
    },
    "bpm_histogram_first_peak_weight": {
        "mean": 0.148148149252,
        "var": 0
    },
    "bpm_histogram_second_peak_bpm": {
        "mean": 144,
        "var": 0
    },
    "bpm_histogram_second_peak_spread": {
        "mean": 0.464285731316,
        "var": 0
    },
    "bpm_histogram_second_peak_weight": {
        "mean": 0.138888895512,
        "var": 0
    },
    "danceability": 0.775023281574,
    "onset_rate": 1.48619580269,
    "beats_loudness_band_ratio": {
        "mean": [0.351514458656, 0.248535782099, 0.277686357498, 0.0876143574715, 0.0907363593578, 0.0175245516002],
        "var": [0.0560230761766, 0.0377203859389, 0.0296166986227, 0.00860169902444, 0.0152021776885, 0.000336520024575]
    },
    "beats_position": [0.325079351664, 0.650158703327, 0.96362811327, 1.28870749474, 1.6137868166, 1.92725622654, 2.2523355484, 2.57741498947, 2.90249419212, 3.21596360207, 3.52943301201, 3.85451245308, 4.17959165573, 4.59755086899, 5.01551008224, 5.4334692955, 5.85142850876, 6.29260778427, 6.73378658295, 7.17496585846, 7.61614513397, 8.04571437836, 8.47528362274, 8.893242836, 9.33442115784, 9.77560043335, 10.2051696777, 10.6347389221, 11.0759181976, 11.5170974731, 11.9698867798, 12.4110651016, 12.8638544083, 13.3166437149, 13.722992897, 14.1409521103, 14.5473012924, 14.9652605057, 15.3832197189, 15.8011789322, 16.2191371918, 16.6487064362, 17.0666656494, 17.4846248627, 17.9258041382, 18.3553733826, 18.784942627, 19.2145118713, 19.6440811157, 20.0736503601, 20.5032196045, 20.9792289734, 21.4668483734, 21.942855835, 22.4188652039, 22.9064846039, 23.3824939728, 23.8585033417, 24.3345127106, 24.8105201721, 25.2633094788, 25.7277088165, 26.168888092, 26.5984573364, 27.0396366119, 27.4808158875, 27.921995163, 28.3515644073, 28.7927436829, 29.2223129272, 29.6634922028, 30.0582313538, 30.4413604736, 30.8244895935, 31.2076187134, 31.5907478333, 31.9970970154, 32.391834259, 32.7981834412, 33.1813163757, 33.5644454956, 33.9475746155, 34.3423118591, 34.7602729797, 35.1782302856, 35.572971344, 35.9909286499, 36.397277832, 36.8036270142, 37.1983680725, 37.5931053162, 37.9994544983, 38.3941955566, 38.8005447388, 39.1952819824, 39.5900230408, 39.9847602844, 40.3911094666, 40.7974586487, 41.192199707, 41.5869369507, 41.9932861328, 42.3996353149, 42.8059844971, 43.1891136169, 43.5838546753, 43.9553718567, 44.3268928528, 44.7100219727]
},
"tonal": {
    "chords_changes_rate": 0.0246913582087,
    "chords_number_rate": 0.00720164598897,
    "chords_strength": {
        "mean": 0.507151901722,
        "var": 0.010216332972
    },
    "hpcp_entropy": {
        "mean": 1.36920034885,
        "var": 0.251700639725
    },
    "key_strength": 0.820458710194,
    "tuning_diatonic_strength": 0.605874061584,
    "tuning_equal_tempered_deviation": 0.00140949711204,
    "tuning_frequency": 439.745910645,
    "tuning_nontempered_energy_ratio": 0.589664638042,
    "hpcp": {
        "mean": [0.217310965061, 0.11354316026, 0.0108201066032, 0.00349248759449, 0.00291836634278, 0.0328492037952, 0.0609862916172, 0.0454380065203, 0.264438956976, 0.478629052639, 0.239255383611, 0.013015890494, 0.00410145707428, 0.0034735025838, 0.0302160847932, 0.054539617151, 0.0293000526726, 0.00463714823127, 0.0023707030341, 0.00487916171551, 0.076818972826, 0.139997273684, 0.0947829261422, 0.478371590376, 0.802691757679, 0.358326137066, 0.0081949736923, 0.00319406483322, 0.00905018765479, 0.0988495647907, 0.205718323588, 0.125753596425, 0.0168340168893, 0.00910677295178, 0.0169430505484, 0.124655812979],
        "var": [0.075482532382, 0.0237867869437, 0.000695976312272, 0.000214935382246, 7.2118731623e-005, 0.0039056558162, 0.0120882419869, 0.00379832019098, 0.0473816506565, 0.142333820462, 0.0409484393895, 0.000376433861675, 0.000107321844553, 7.86131859059e-005, 0.0125247323886, 0.0397841334343, 0.0117416698486, 0.000358545657946, 0.000180445873411, 0.000283287663478, 0.0211642403156, 0.0658455714583, 0.0217691324651, 0.0426474176347, 0.0850430354476, 0.0283101145178, 0.000299636099953, 5.44668764633e-005, 0.000464987126179, 0.0199833270162, 0.0781471431255, 0.0354861468077, 0.0020723300986, 0.000993913854472, 0.000850915210322, 0.0219395831227]
    },
    "chords_histogram": [64.1975326538, 1.44032919407, 5.86419773102, 1.13168728352, 0, 0, 0, 0, 0, 0, 1.74897122383, 0, 0, 0, 0, 0, 0, 21.1934146881, 0, 0, 0, 0, 0, 4.42386817932],
    "thpcp": [1, 0.446405649185, 0.0102093657479, 0.00397919211537, 0.0112747978419, 0.123147599399, 0.256285578012, 0.156664863229, 0.0209719575942, 0.0113452924415, 0.0211077909917, 0.155297234654, 0.270727783442, 0.141452997923, 0.0134797776118, 0.00435096956789, 0.00363572477363, 0.04092380777, 0.0759772211313, 0.056607041508, 0.329440236092, 0.596280038357, 0.298066318035, 0.0162153039128, 0.00510962912813, 0.00432731816545, 0.0376434475183, 0.0679459050298, 0.0365022458136, 0.00577699765563, 0.00295344134793, 0.00607849983498, 0.0957017093897, 0.174409762025, 0.118081346154, 0.595959246159],
    "chords_key": "F",
    "chords_scale": "major",
    "key_key": "F",
    "key_scale": "major"
}
}