{
"lowlevel": {
    "average_loudness": 0.97990322113,
    "barkbands_crest": {
        "mean": 12.5053367615,
        "var": 21.4828948975
    },
    "barkbands_flatness_db": {
        "mean": 0.233648315072,
        "var": 0.0162507109344
    },
    "barkbands_kurtosis": {
        "mean": 9.88094043732,
        "var": 350.495666504
    },
    "barkbands_skewness": {
        "mean": 2.18930125237,
        "var": 2.66668605804
    },
    "barkbands_spread": {
        "mean": 23.8595352173,
        "var": 464.255187988
    },
    "dissonance": {
        "mean": 0.460256963968,
        "var": 0.00208641914651
    },
    "dynamic_complexity": 1.46221792698,
    "erbbands_crest": {
        "mean": 8.59141635895,
        "var": 20.2284011841
    },
    "erbbands_flatness_db": {
        "mean": 0.212566778064,
        "var": 0.0101788183674
    },
    "erbbands_kurtosis": {
        "mean": 0.987654983997,
        "var": 18.605676651
    },
    "erbbands_skewness": {
        "mean": 0.0375088490546,
        "var": 1.80712926388
    },
    "erbbands_spread": {
        "mean": 51.1123695374,
        "var": 768.142028809
    },
    "hfc": {
        "mean": 30.0916404724,
        "var": 1022.51434326
    },
    "melbands_crest": {
        "mean": 17.2387123108,
        "var": 28.6458492279
    },
    "melbands_flatness_db": {
        "mean": 0.313406407833,
        "var": 0.0239430386573
    },
    "melbands_kurtosis": {
        "mean": 31.3856468201,
        "var": 1369.67248535
    },
    "melbands_skewness": {
        "mean": 4.22408485413,
        "var": 4.55558729172
    },
    "melbands_spread": {
        "mean": 21.7621479034,
        "var": 1026.17077637
    },
    "pitch_salience": {
        "mean": 0.555624365807,
        "var": 0.0134440055117
    },
    "silence_rate_20dB": {
        "mean": 1,
        "var": 0
    },
    "silence_rate_30dB": {
        "mean": 0.999485075474,
        "var": 0.000514645536896
    },
    "silence_rate_60dB": {
        "mean": 0.0139031922445,
        "var": 0.0137095125392
    },
    "spectral_centroid": {
        "mean": 1300.4395752,
        "var": 951111.3125
    },
    "spectral_complexity": {
        "mean": 20.1086502075,
        "var": 156.986755371
    },
    "spectral_decrease": {
        "mean": -1.02789368128e-008,
        "var": 3.15242501911e-017
    },
    "spectral_energy": {
        "mean": 0.0415244810283,
        "var": 0.000479693611851
    },
    "spectral_energyband_high": {
        "mean": 0.00231806351803,
        "var": 1.58501479746e-005
    },
    "spectral_energyband_low": {
        "mean": 0.0207814611495,
        "var": 0.00037466964568
    },
    "spectral_energyband_middle_high": {
        "mean": 0.00327173690312,
        "var": 8.73703720572e-006
    },
    "spectral_energyband_middle_low": {
        "mean": 0.0203966572881,
        "var": 0.000200402457267
    },
    "spectral_entropy": {
        "mean": 7.07518720627,
        "var": 1.17958664894
    },
    "spectral_flux": {
        "mean": 0.0923966318369,
        "var": 0.00197640713304
    },
    "spectral_kurtosis": {
        "mean": 19.3299808502,
        "var": 1399.33178711
    },
    "spectral_rms": {
        "mean": 0.00610344670713,
        "var": 3.25956420966e-006
    },
    "spectral_rolloff": {
        "mean": 1536.45092773,
        "var": 4871846
    },
    "spectral_skewness": {
        "mean": 2.09037351608,
        "var": 5.50685834885
    },
    "spectral_spread": {
        "mean": 3821941.75,
        "var": 6.73152447283e+012
    },
    "spectral_strongpeak": {
        "mean": 0.715550720692,
        "var": 0.485368221998
    },
    "zerocrossingrate": {
        "mean": 0.0564155913889,
        "var": 0.00328418565914
    },
    "barkbands": {
        "mean": [0.000136604940053, 0.0106932567433, 0.0047396547161, 0.0078829433769, 0.00960800610483, 0.00155482022092, 0.000479701324366, 0.000478186266264, 0.000348402041709, 0.000126798084239, 7.39427559893e-005, 8.47325354698e-005, 0.00012104929192, 0.000296983693261, 0.000380405923352, 0.000505061121657, 0.000647425884381, 0.000176074099727, 0.000649824854918, 0.000356594682671, 0.000467506091809, 0.000407267711125, 0.000586907321122, 0.000435972702689, 0.000197173110791, 8.06613461464e-005, 8.54250902194e-006],
        "var": [2.57797019287e-008, 0.000143059864058, 2.94108212984e-005, 0.000171512176166, 8.19162669359e-005, 3.15518013849e-006, 2.68004555437e-007, 4.39001155428e-007, 2.63291241254e-007, 2.69463527047e-008, 1.07098347968e-008, 1.30947981347e-008, 1.98158396358e-008, 1.46397923118e-007, 2.28659189361e-007, 3.81724049703e-007, 7.91163301983e-007, 4.7589288954e-008, 8.90278442967e-007, 2.63298460368e-007, 5.32393357844e-007, 4.66957033041e-007, 1.20641925605e-006, 7.71937550326e-007, 1.52295825728e-007, 2.38784974016e-008, 2.85899776076e-010]
    },
    "erbbands": {
        "mean": [0.211479648948, 2.71243882179, 5.60205078125, 19.8907032013, 28.9354343414, 33.6967544556, 11.8227443695, 13.6874217987, 7.20938587189, 9.59969139099, 8.14580821991, 9.16759681702, 4.1348862648, 3.34790802002, 3.04454135895, 3.80685925484, 5.99519443512, 11.5031995773, 18.2283210754, 23.3327655792, 33.3136177063, 33.3036613464, 10.693157196, 25.253370285, 31.5799026489, 14.4502573013, 15.7949399948, 19.0877799988, 16.6164665222, 16.0986671448, 14.6882658005, 10.4426374435, 6.75338363647, 2.812915802, 1.14849376678, 0.427190482616, 0.134000331163, 0.0280191116035, 0.000865910493303, 7.36571382731e-005],
        "var": [0.0777416005731, 8.90868759155, 28.2074813843, 1111.55249023, 524.791137695, 1059.71203613, 88.2342834473, 290.407287598, 54.3921737671, 137.561035156, 83.1704330444, 185.249679565, 23.3625793457, 15.1166801453, 15.5269269943, 23.9156265259, 49.1002883911, 222.186096191, 410.700897217, 635.100219727, 1820.0300293, 1928.95715332, 162.197402954, 1262.0736084, 1871.37927246, 376.980163574, 559.875915527, 953.783691406, 816.173034668, 927.049987793, 743.369506836, 437.496490479, 176.241256714, 32.2195510864, 5.05699491501, 0.696553111076, 0.0644418373704, 0.00269223307259, 2.7055832561e-006, 3.50741791166e-009]
    },
    "gfcc": {
        "mean": [-42.2175827026, 138.363418579, -105.516792297, 53.3118095398, -27.6798629761, -9.60957622528, -37.7862091064, -7.85227680206, -11.9166841507, -6.99656295776, -19.1589336395, -13.7550382614, -6.27265310287],
        "cov": [[12947.203125, -8489.86230469, 318.483398438, 3084.28149414, -2738.24731445, 2221.30371094, -237.333450317, 941.35748291, -782.675537109, 817.29309082, -205.314651489, 925.797485352, -748.581970215], [-8489.86230469, 8097.89160156, -1386.93481445, -2408.91308594, 2425.0378418, -2103.72631836, 335.042694092, -875.887512207, 793.124938965, -733.954650879, 323.175720215, -816.32434082, 716.193847656], [318.483398438, -1386.93481445, 1851.57678223, 50.3206748962, -364.845672607, 782.908203125, -241.237838745, 158.079071045, -52.287902832, 268.169586182, -143.822265625, 130.936599731, -165.473648071], [3084.28149414, -2408.91308594, 50.3206748962, 1365.20458984, -812.238830566, 598.524108887, 126.813835144, 221.734100342, -179.61541748, 192.361618042, -18.5624160767, 254.712661743, -160.43800354], [-2738.24731445, 2425.0378418, -364.845672607, -812.238830566, 1020.87506104, -720.42388916, 66.6896438599, -188.342941284, 189.054290771, -214.308685303, 61.8720169067, -254.418380737, 178.505508423], [2221.30371094, -2103.72631836, 782.908203125, 598.524108887, -720.42388916, 938.176513672, -100.617088318, 186.691696167, -75.9374542236, 255.956237793, -75.6157455444, 223.205688477, -174.414245605], [-237.333450317, 335.042694092, -241.237838745, 126.813835144, 66.6896438599, -100.617088318, 210.886123657, 2.65607833862, 58.2003746033, -48.0508308411, 40.5386276245, -35.5859832764, 60.6000709534], [941.35748291, -875.887512207, 158.079071045, 221.734100342, -188.342941284, 186.691696167, 2.65607833862, 240.827209473, -79.9325637817, 76.3268127441, -53.8386535645, 98.7678985596, -90.0737533569], [-782.675537109, 793.124938965, -52.287902832, -179.61541748, 189.054290771, -75.9374542236, 58.2003746033, -79.9325637817, 213.313995361, -26.3777256012, 43.7387657166, -78.095741272, 73.9583435059], [817.29309082, -733.954650879, 268.169586182, 192.361618042, -214.308685303, 255.956237793, -48.0508308411, 76.3268127441, -26.3777256012, 169.602706909, -10.7839717865, 69.6901245117, -74.9731750488], [-205.314651489, 323.175720215, -143.822265625, -18.5624160767, 61.8720169067, -75.6157455444, 40.5386276245, -53.8386535645, 43.7387657166, -10.7839717865, 80.0859146118, -11.9266929626, 37.6110305786], [925.797485352, -816.32434082, 130.936599731, 254.712661743, -254.418380737, 223.205688477, -35.5859832764, 98.7678985596, -78.095741272, 69.6901245117, -11.9266929626, 141.651092529, -50.5654296875], [-748.581970215, 716.193847656, -165.473648071, -160.43800354, 178.505508423, -174.414245605, 60.6000709534, -90.0737533569, 73.9583435059, -74.9731750488, 37.6110305786, -50.5654296875, 127.379150391]],
        "icov": [[0.000481009017676, -0.000224154500756, 0.000556199229322, -0.000565429392736, 0.000323847896652, -0.000721609452739, 0.000724817044102, -0.000733240623958, 0.000691948225722, -0.000931997259613, 0.000385810271837, -0.000452606298495, 0.00054834963521], [-0.000224154500756, 0.00364902010188, -0.00072909105802, 0.0021594685968, -0.0022302637808, 0.00242325337604, -0.00201006513089, 0.00296391779557, -0.00470992224291, 0.0034522023052, -0.00399490399286, 0.0030392720364, -0.00341302063316], [0.000556199229322, -0.00072909105802, 0.00190689100418, -0.000566467817407, 0.000245421077125, -0.00230377307162, 0.00137486262247, -0.00118581997231, 0.00155635352712, -0.00239963503554, 0.00209389231168, -0.000806428375654, 0.000886300462298], [-0.000565429392736, 0.0021594685968, -0.000566467817407, 0.00406252825633, -0.000609947077464, 0.00151523877867, -0.00455984240398, 0.0029532276094, -0.00248943688348, 0.00184119131882, -0.00208072620444, -5.97689650021e-005, -0.000776705215685], [0.000323847896652, -0.0022302637808, 0.000245421077125, -0.000609947077464, 0.0050354404375, 0.000194967142306, 0.00121600157581, -0.00275776349008, 0.00193067116197, -0.00191776501015, 0.00175904633943, -0.000346886838088, 0.00176849169657], [-0.000721609452739, 0.00242325337604, -0.00230377307162, 0.00151523877867, 0.000194967142306, 0.00724259391427, -0.00225536734797, 0.00318840169348, -0.00596401048824, 0.00175870675594, -0.00143301172648, -0.000486301694764, -0.00125050346833], [0.000724817044102, -0.00201006513089, 0.00137486262247, -0.00455984240398, 0.00121600157581, -0.00225536734797, 0.0132113713771, -0.00707979500294, 0.00157943146769, -0.000492427672725, -0.00180541491136, 0.00433670682833, -0.00343205477111], [-0.000733240623958, 0.00296391779557, -0.00118581997231, 0.0029532276094, -0.00275776349008, 0.00318840169348, -0.00707979500294, 0.0131367128342, -0.00424670148641, 0.00142141152173, 0.00283408514224, -0.00516306329519, 0.00250925403088], [0.000691948225722, -0.00470992224291, 0.00155635352712, -0.00248943688348, 0.00193067116197, -0.00596401048824, 0.00157943146769, -0.00424670148641, 0.0153840342537, -0.00634515611455, 0.00227874726988, -9.88784086076e-005, 0.00142926466651], [-0.000931997259613, 0.0034522023052, -0.00239963503554, 0.00184119131882, -0.00191776501015, 0.00175870675594, -0.000492427672725, 0.00142141152173, -0.00634515611455, 0.0173331648111, -0.00888759642839, 0.00439803907648, -0.00109432067256], [0.000385810271837, -0.00399490399286, 0.00209389231168, -0.00208072620444, 0.00175904633943, -0.00143301172648, -0.00180541491136, 0.00283408514224, 0.00227874726988, -0.00888759642839, 0.0268397592008, -0.0113311083987, 0.00428675673902], [-0.000452606298495, 0.0030392720364, -0.000806428375654, -5.97689650021e-005, -0.000346886838088, -0.000486301694764, 0.00433670682833, -0.00516306329519, -9.88784086076e-005, 0.00439803907648, -0.0113311083987, 0.0263670012355, -0.0103064700961], [0.00054834963521, -0.00341302063316, 0.000886300462298, -0.000776705215685, 0.00176849169657, -0.00125050346833, -0.00343205477111, 0.00250925403088, 0.00142926466651, -0.00109432067256, 0.00428675673902, -0.0103064700961, 0.0228215809911]]
    },
    "melbands": {
        "mean": [0.0025588509161, 0.00328131648712, 0.00339462119155, 0.00264809955843, 0.000532300036866, 0.000301101303194, 0.000101665849797, 0.000108602675027, 6.81330711814e-005, 5.13963241247e-005, 1.93609339476e-005, 1.3820528693e-005, 1.05238796095e-005, 8.20817786007e-006, 1.23867330331e-005, 1.2130110008e-005, 2.35741335928e-005, 2.90452753688e-005, 3.12485353788e-005, 3.01172913169e-005, 4.29490064562e-005, 3.97495277866e-005, 1.49410843733e-005, 7.46486421122e-006, 2.18164022954e-005, 2.54871429206e-005, 1.85120352398e-005, 7.50466051613e-006, 7.67323945183e-006, 1.47986456795e-005, 9.43113627727e-006, 1.05872741187e-005, 6.12640906184e-006, 1.04613181975e-005, 8.39909444039e-006, 7.50657454773e-006, 6.14175132796e-006, 4.87952593176e-006, 3.71634610019e-006, 1.90797300093e-006],
        "var": [9.22561503103e-006, 8.33941976452e-006, 2.26469492191e-005, 5.86084343013e-006, 1.67630815895e-007, 1.29337337285e-007, 1.11547633352e-008, 2.07949710784e-008, 6.40304742561e-009, 5.66563684856e-009, 5.52096868223e-010, 2.7731653085e-010, 2.11732145705e-010, 1.10732784053e-010, 2.78151474076e-010, 1.76428441301e-010, 1.09004050231e-009, 1.08436859492e-009, 1.58546953344e-009, 1.02044739325e-009, 3.78841136239e-009, 2.95559088315e-009, 4.49448922524e-010, 8.85476414414e-011, 1.00821129223e-009, 1.49210566125e-009, 6.63136101586e-010, 1.24952936886e-010, 1.30972260814e-010, 6.07479899717e-010, 2.29191332579e-010, 3.33603672464e-010, 1.17003018385e-010, 4.2054895677e-010, 2.49447046352e-010, 2.07736938762e-010, 1.71405195593e-010, 9.18651404946e-011, 5.7294939626e-011, 1.51538070287e-011]
    },
    "mfcc": {
        "mean": [-678.445373535, 147.53515625, 6.06402301788, 52.1250953674, 26.2626552582, 11.1852741241, -10.5563611984, -2.66543579102, 1.79073560238, 5.95294380188, -4.47333049774, -7.89641475677, -6.64426088333],
        "cov": [[11287.0712891, -6995.79589844, 164.777694702, 1143.93139648, -1269.63793945, 510.838928223, 566.218505859, 410.29019165, -153.981704712, -7.64800357819, 118.625442505, 506.032806396, 321.203918457], [-6995.79589844, 6709.93505859, -1492.67883301, -604.736083984, 852.419616699, -503.989837646, -488.641082764, -370.942260742, 103.788650513, -2.92614674568, -75.6978225708, -380.471405029, -162.159118652], [164.777694702, -1492.67883301, 1899.36499023, -372.958587646, 69.1269836426, 393.320831299, 49.7045898438, 37.2508277893, 50.943359375, 108.09538269, 86.8311309814, 47.0542259216, -35.0792350769], [1143.93139648, -604.736083984, -372.958587646, 673.849365234, -239.163833618, 23.4285640717, 133.540466309, 84.0758666992, -4.03256464005, -18.7566661835, -6.70049619675, 88.9879608154, 70.5876998901], [-1269.63793945, 852.419616699, 69.1269836426, -239.163833618, 415.617431641, -89.7714157104, -65.79246521, -55.6432609558, 18.5738182068, 20.4424552917, 6.23387336731, -57.1671180725, -49.4192047119], [510.838928223, -503.989837646, 393.320831299, 23.4285640717, -89.7714157104, 335.192779541, 27.5131187439, 10.3071012497, 21.8465995789, 56.9122810364, 63.8709335327, 12.173210144, 3.1297659874], [566.218505859, -488.641082764, 49.7045898438, 133.540466309, -65.79246521, 27.5131187439, 147.025375366, 59.8211975098, 9.04180431366, 10.085152626, -3.34497404099, 38.9709320068, 18.5987167358], [410.29019165, -370.942260742, 37.2508277893, 84.0758666992, -55.6432609558, 10.3071012497, 59.8211975098, 132.529968262, 37.8093147278, -10.7868089676, 0.113120295107, 47.1943893433, 25.713760376], [-153.981704712, 103.788650513, 50.943359375, -4.03256464005, 18.5738182068, 21.8465995789, 9.04180431366, 37.8093147278, 99.3587799072, 45.6649513245, 6.23075485229, 16.4055843353, 1.88627994061], [-7.64800357819, -2.92614674568, 108.09538269, -18.7566661835, 20.4424552917, 56.9122810364, 10.085152626, -10.7868089676, 45.6649513245, 104.528778076, 49.0418205261, -11.5158023834, 1.41947650909], [118.625442505, -75.6978225708, 86.8311309814, -6.70049619675, 6.23387336731, 63.8709335327, -3.34497404099, 0.113120295107, 6.23075485229, 49.0418205261, 80.0063171387, 15.4969139099, 11.1677827835], [506.032806396, -380.471405029, 47.0542259216, 88.9879608154, -57.1671180725, 12.173210144, 38.9709320068, 47.1943893433, 16.4055843353, -11.5158023834, 15.4969139099, 107.305656433, 45.5616493225], [321.203918457, -162.159118652, -35.0792350769, 70.5876998901, -49.4192047119, 3.1297659874, 18.5987167358, 25.713760376, 1.88627994061, 1.41947650909, 11.1677827835, 45.5616493225, 60.3063354492]],
        "icov": [[0.000435474037658, 0.000476847402751, 0.000437897455413, 8.98376674741e-005, 0.000159100818564, -0.00034822433372, -4.966472261e-005, 6.25516331638e-005, 0.000195201500901, -0.000295747624477, -9.79413889581e-005, -0.000370152702089, -0.000451913103461], [0.000476847402751, 0.000993775203824, 0.000831970188301, 0.000189183163457, -0.00046004971955, -0.000321687548421, 0.000497416243888, 0.000854827696458, -0.00114615960047, 0.000340417464031, -0.000464493408799, 0.000623762316536, -0.000840688007884], [0.000437897455413, 0.000831970188301, 0.00170362403151, 0.000888588896487, -0.000516331463587, -0.00149067351595, -1.82135554496e-005, 0.000119318130601, -0.000174275090103, -0.000745895085856, 0.000218765067984, -0.000885108835064, 0.000115847840789], [8.98376674741e-005, 0.000189183163457, 0.000888588896487, 0.0028400013689, 0.000674233946484, -0.00073673092993, -0.00163085386157, -0.000267156079644, 0.000241271176492, -0.000371715432266, 0.000324412685586, -0.00114455271978, -0.000763634918258], [0.000159100818564, -0.00046004971955, -0.000516331463587, 0.000674233946484, 0.00454480946064, 0.00120796752162, -0.000730480009224, -0.000137843031553, 0.00046215421753, -0.000602738233283, -0.00114301801659, -0.000724035024177, 0.00153014587704], [-0.00034822433372, -0.000321687548421, -0.00149067351595, -0.00073673092993, 0.00120796752162, 0.00574466772377, -0.000146712598507, 0.000961334269959, -0.0018887053011, 0.000991376815364, -0.00385846197605, 0.00215725647286, 0.000432509637903], [-4.966472261e-005, 0.000497416243888, -1.82135554496e-005, -0.00163085386157, -0.000730480009224, -0.000146712598507, 0.0117976898327, -0.00359047041275, 0.00174248276744, -0.00421350775287, 0.00365818827413, -0.00152878602967, 0.00132405245677], [6.25516331638e-005, 0.000854827696458, 0.000119318130601, -0.000267156079644, -0.000137843031553, 0.000961334269959, -0.00359047041275, 0.01485457737, -0.0100205782801, 0.00792465452105, -0.00432751327753, 0.00205866224132, -0.00366884330288], [0.000195201500901, -0.00114615960047, -0.000174275090103, 0.000241271176492, 0.00046215421753, -0.0018887053011, 0.00174248276744, -0.0100205782801, 0.0240278225392, -0.0162455830723, 0.00968750286847, -0.0097852088511, 0.00493620987982], [-0.000295747624477, 0.000340417464031, -0.000745895085856, -0.000371715432266, -0.000602738233283, 0.000991376815364, -0.00421350775287, 0.00792465452105, -0.0162455830723, 0.0269214045256, -0.0159653332084, 0.0108675276861, -0.0055125541985], [-9.79413889581e-005, -0.000464493408799, 0.000218765067984, 0.000324412685586, -0.00114301801659, -0.00385846197605, 0.00365818827413, -0.00432751327753, 0.00968750286847, -0.0159653332084, 0.0258873999119, -0.0083195110783, 0.000565028924029], [-0.000370152702089, 0.000623762316536, -0.000885108835064, -0.00114455271978, -0.000724035024177, 0.00215725647286, -0.00152878602967, 0.00205866224132, -0.0097852088511, 0.0108675276861, -0.0083195110783, 0.0226641446352, -0.012169925496], [-0.000451913103461, -0.000840688007884, 0.000115847840789, -0.000763634918258, 0.00153014587704, 0.000432509637903, 0.00132405245677, -0.00366884330288, 0.00493620987982, -0.0055125541985, 0.000565028924029, -0.012169925496, 0.0291422586888]]
    },
    "spectral_contrast_coeffs": {
        "mean": [-0.584991037846, -0.72695350647, -0.790430724621, -0.771725177765, -0.761605799198, -0.731416583061],
        "var": [0.00807254295796, 0.00626468611881, 0.00261865952052, 0.00275205424987, 0.00342784496024, 0.00659014843404]
    },
    "spectral_contrast_valleys": {
        "mean": [-6.71857070923, -6.97536802292, -8.08530521393, -7.93268489838, -8.04165458679, -11.2934885025],
        "var": [0.905206263065, 0.732409358025, 0.97421258688, 1.1724460125, 3.17461538315, 6.00032329559]
    }
},
"metadata": {
    "audio_properties": {
        "analysis_sample_rate": 44100,
        "bit_rate": 128074,
        "equal_loudness": 0,
        "length": 45.0612258911,
        "lossless": 0,
        "replay_gain": -5.82032775879,
        "sample_rate": 44100,
        "codec": "mp3",
        "downmix": "mix",
        "md5_encoded": "fc98b12166dc86d1dcd3d03c0a686b28"
    },
    "tags": {
        "file_name": "1378.mp3"
    },
    "version": {
        "essentia": "2.1-beta2",
        "essentia_git_sha": "v2.1_beta2",
        "extractor": "music 1.0"
    }
},
"rhythm": {
    "beats_count": 114,
    "beats_loudness": {
        "mean": 0.0552274174988,
        "var": 0.000378450873541
    },
    "bpm": 154.589996338,
    "bpm_histogram_first_peak_bpm": {
        "mean": 157,
        "var": 0
    },
    "bpm_histogram_first_peak_spread": {
        "mean": 0.0847457423806,
        "var": 0
    },
    "bpm_histogram_first_peak_weight": {
        "mean": 0.477876096964,
        "var": 0
    },
    "bpm_histogram_second_peak_bpm": {
        "mean": 152,
        "var": 0
    },
    "bpm_histogram_second_peak_spread": {
        "mean": 0.0454545617104,
        "var": 0
    },
    "bpm_histogram_second_peak_weight": {
        "mean": 0.371681421995,
        "var": 0
    },
    "danceability": 1.63324475288,
    "onset_rate": 3.9927649498,
    "beats_loudness_band_ratio": {
        "mean": [0.691145718098, 0.201260313392, 0.0285447388887, 0.00910037662834, 0.0429728999734, 0.0895052701235],
        "var": [0.0304417591542, 0.0466215759516, 0.00106401473749, 0.00010216706869, 0.00208138790913, 0.00770050426945]
    },
    "beats_position": [0.417959183455, 0.835918366909, 1.25387752056, 1.67183673382, 2.10140585899, 2.53097510338, 2.94893407822, 3.34367346764, 3.73841261864, 4.14476203918, 4.52789115906, 4.8994102478, 5.28253936768, 5.66566896439, 6.06040811539, 6.44353723526, 6.84988641739, 7.24462556839, 7.6277551651, 8.0224943161, 8.44045352936, 8.85841274261, 9.27637195587, 9.70594120026, 10.1006803513, 10.4954195023, 10.8785486221, 11.2732877731, 11.656416893, 12.051156044, 12.4342851639, 12.8174142838, 13.2121543884, 13.5952835083, 13.9784126282, 14.3731517792, 14.7446708679, 15.1394100189, 15.5341491699, 15.9056682587, 16.3004074097, 16.6835365295, 17.0666656494, 17.4614048004, 17.8561439514, 18.2392749786, 18.6224040985, 19.0171432495, 19.4002723694, 19.7834014893, 20.1781406403, 20.5612697601, 20.94439888, 21.339138031, 21.7222671509, 22.1053962708, 22.5001354218, 22.8832645416, 23.2663936615, 23.6611328125, 24.0326519012, 24.4273910522, 24.8221302032, 25.2052612305, 25.5883903503, 25.9831295013, 26.3662586212, 26.7609977722, 27.1441268921, 27.527256012, 27.9103851318, 28.3051242828, 28.6998634338, 29.0829925537, 29.4661216736, 29.8492507935, 30.2323799133, 30.6271190643, 31.0102481842, 31.3933773041, 31.7881164551, 32.171245575, 32.5543746948, 32.9491157532, 33.3438529968, 33.7269821167, 34.1101112366, 34.4932403564, 34.8763694763, 35.2711105347, 35.6658477783, 36.0489807129, 36.4321098328, 36.8152389526, 37.1983680725, 37.5931053162, 37.9878463745, 38.3709754944, 38.7541046143, 39.1372337341, 39.520362854, 39.9151000977, 40.309841156, 40.6813583374, 41.0760993958, 41.4592285156, 41.8423576355, 42.2370948792, 42.6318359375, 43.0149650574, 43.3980941772, 43.7928352356, 44.1875724792, 44.5707015991]
},
"tonal": {
    "chords_changes_rate": 0.0823045298457,
    "chords_number_rate": 0.00617283955216,
    "chords_strength": {
        "mean": 0.432887405157,
        "var": 0.00473178457469
    },
    "hpcp_entropy": {
        "mean": 2.29705119133,
        "var": 0.688787281513
    },
    "key_strength": 0.481834739447,
    "tuning_diatonic_strength": 0.35958391428,
    "tuning_equal_tempered_deviation": 0.12823407352,
    "tuning_frequency": 442.03793335,
    "tuning_nontempered_energy_ratio": 0.794738590717,
    "hpcp": {
        "mean": [0.249065220356, 0.17816221714, 0.141961306334, 0.132905885577, 0.0876414105296, 0.0626100003719, 0.0721349790692, 0.0614763535559, 0.0736698135734, 0.105526104569, 0.0854281932116, 0.0543346069753, 0.0515318214893, 0.0577329806983, 0.120312683284, 0.253649353981, 0.273044973612, 0.224558591843, 0.199613511562, 0.140617728233, 0.160731673241, 0.213291943073, 0.168458104134, 0.110085427761, 0.0818744450808, 0.0435096845031, 0.0257734134793, 0.0225830003619, 0.021269408986, 0.0263518691063, 0.0394990704954, 0.061439987272, 0.172317579389, 0.261818945408, 0.235258489847, 0.248931199312],
        "var": [0.109746009111, 0.0701625198126, 0.054608810693, 0.0499035939574, 0.0244719274342, 0.0167850572616, 0.0263310912997, 0.019099958241, 0.0229590535164, 0.0400381684303, 0.0303363483399, 0.0214415565133, 0.020054159686, 0.0208233073354, 0.042409285903, 0.124566458166, 0.114996194839, 0.0903640314937, 0.0976268574595, 0.0512499958277, 0.0513672493398, 0.0820526182652, 0.0576130263507, 0.0388748049736, 0.03151621297, 0.0137023767456, 0.00693755457178, 0.00605607079342, 0.00631480803713, 0.00566113367677, 0.00670077744871, 0.0126475915313, 0.0661812126637, 0.121337622404, 0.0760805830359, 0.09961566329]
    },
    "chords_histogram": [13.1687240601, 0, 15.123456955, 0, 0, 30.3497943878, 0, 1.44032919407, 0, 0, 0.205761313438, 0.823045253754, 0.411522626877, 0, 0, 0, 0, 0, 0.720164597034, 20.8847732544, 0, 0, 16.872428894, 0],
    "thpcp": [1, 0.822423458099, 0.731064617634, 0.514998435974, 0.588663756847, 0.781160473824, 0.61696100235, 0.403176903725, 0.299856990576, 0.159349888563, 0.0943925604224, 0.0827079862356, 0.0778970867395, 0.0965110957623, 0.144661411643, 0.225017830729, 0.631095945835, 0.958885788918, 0.861610770226, 0.911685705185, 0.912176549435, 0.652501344681, 0.519919157028, 0.486754566431, 0.320977926254, 0.229302883148, 0.264187157154, 0.225151017308, 0.269808351994, 0.386478841305, 0.312872231007, 0.19899508357, 0.188730165362, 0.211441293359, 0.44063320756, 0.928965449333],
    "chords_key": "G",
    "chords_scale": "major",
    "key_key": "D",
    "key_scale": "minor"
}
}