{
"lowlevel": {
    "average_loudness": 0.75535851717,
    "barkbands_crest": {
        "mean": 14.3396139145,
        "var": 30.3307647705
    },
    "barkbands_flatness_db": {
        "mean": 0.375245094299,
        "var": 0.0105749107897
    },
    "barkbands_kurtosis": {
        "mean": 29.4540252686,
        "var": 73457.3671875
    },
    "barkbands_skewness": {
        "mean": 1.89271950722,
        "var": 9.02496910095
    },
    "barkbands_spread": {
        "mean": 5.10671424866,
        "var": 17.6214351654
    },
    "dissonance": {
        "mean": 0.379993021488,
        "var": 0.00899652857333
    },
    "dynamic_complexity": 2.1575512886,
    "erbbands_crest": {
        "mean": 12.6104564667,
        "var": 34.9059410095
    },
    "erbbands_flatness_db": {
        "mean": 0.360685914755,
        "var": 0.00420765811577
    },
    "erbbands_kurtosis": {
        "mean": 4.71224927902,
        "var": 147.613815308
    },
    "erbbands_skewness": {
        "mean": 0.781215667725,
        "var": 1.57992839813
    },
    "erbbands_spread": {
        "mean": 12.9819841385,
        "var": 56.5365753174
    },
    "hfc": {
        "mean": 10.2937726974,
        "var": 57.3550758362
    },
    "melbands_crest": {
        "mean": 18.0322647095,
        "var": 43.0274162292
    },
    "melbands_flatness_db": {
        "mean": 0.469394296408,
        "var": 0.0150700565428
    },
    "melbands_kurtosis": {
        "mean": 11.1898260117,
        "var": 441.187988281
    },
    "melbands_skewness": {
        "mean": 2.00426721573,
        "var": 2.52388358116
    },
    "melbands_spread": {
        "mean": 7.56742525101,
        "var": 68.4963607788
    },
    "pitch_salience": {
        "mean": 0.447071254253,
        "var": 0.0212536714971
    },
    "silence_rate_20dB": {
        "mean": 1,
        "var": 0
    },
    "silence_rate_30dB": {
        "mean": 0.97375190258,
        "var": 0.0255602747202
    },
    "silence_rate_60dB": {
        "mean": 0.00772002059966,
        "var": 0.0076600224711
    },
    "spectral_centroid": {
        "mean": 438.695861816,
        "var": 161747.1875
    },
    "spectral_complexity": {
        "mean": 10.7323722839,
        "var": 35.4970169067
    },
    "spectral_decrease": {
        "mean": -8.62948290603e-009,
        "var": 7.62078388146e-017
    },
    "spectral_energy": {
        "mean": 0.0335033535957,
        "var": 0.00112495268695
    },
    "spectral_energyband_high": {
        "mean": 4.2271658458e-006,
        "var": 1.46865575257e-010
    },
    "spectral_energyband_low": {
        "mean": 0.00919532682747,
        "var": 0.000279041705653
    },
    "spectral_energyband_middle_high": {
        "mean": 0.00210151984356,
        "var": 5.27915881321e-006
    },
    "spectral_energyband_middle_low": {
        "mean": 0.0247730705887,
        "var": 0.000983235891908
    },
    "spectral_entropy": {
        "mean": 5.71029949188,
        "var": 0.908361434937
    },
    "spectral_flux": {
        "mean": 0.0711149424314,
        "var": 0.00136713520624
    },
    "spectral_kurtosis": {
        "mean": 81.7923812866,
        "var": 8892.4453125
    },
    "spectral_rms": {
        "mean": 0.0052523938939,
        "var": 5.09855181008e-006
    },
    "spectral_rolloff": {
        "mean": 614.832336426,
        "var": 755245.3125
    },
    "spectral_skewness": {
        "mean": 5.88721084595,
        "var": 14.244512558
    },
    "spectral_spread": {
        "mean": 1249708.875,
        "var": 1.93662340301e+012
    },
    "spectral_strongpeak": {
        "mean": 0.967682480812,
        "var": 0.450088083744
    },
    "zerocrossingrate": {
        "mean": 0.020717902109,
        "var": 0.000548220064957
    },
    "barkbands": {
        "mean": [4.3573709263e-006, 0.000491332728416, 0.00623271567747, 0.00480254879221, 0.0135989543051, 0.00248098210432, 0.00106815085746, 0.00124501076061, 0.00123224023264, 0.000456990092061, 0.000726698723156, 0.000504908093717, 0.00033334895852, 0.000151521206135, 6.24322055955e-005, 5.00654350617e-005, 2.44552829827e-005, 1.89771926671e-005, 9.76929550234e-006, 5.12158794663e-006, 2.19224671127e-006, 4.63497769942e-007, 5.45692415699e-008, 2.50948968272e-008, 1.86720772177e-008, 1.21951098109e-008, 1.91431159813e-009],
        "var": [1.26614485563e-009, 1.43974580169e-006, 0.000172915562871, 8.81467713043e-005, 0.000921801372897, 2.04021362151e-005, 2.24382642955e-006, 5.07650884174e-006, 2.09349695979e-006, 6.69061194003e-007, 8.85836072939e-007, 6.14946657151e-007, 2.23329323035e-007, 4.01745801071e-008, 1.54201487135e-008, 1.38124551796e-008, 1.56408641594e-009, 1.76908065974e-009, 4.33337421502e-010, 1.06861221261e-010, 8.22586859739e-011, 4.3290614149e-012, 1.74360309177e-014, 6.44453455919e-015, 3.90216093284e-015, 5.47408171174e-015, 1.98183117701e-016]
    },
    "erbbands": {
        "mean": [0.00898284371942, 0.239208444953, 5.01321315765, 13.9719676971, 34.2863616943, 48.3231468201, 21.8264713287, 21.7397193909, 8.55797386169, 38.890750885, 16.8319511414, 23.6986942291, 29.377286911, 12.6201715469, 25.3568019867, 22.5187015533, 17.9251079559, 9.74835586548, 5.1594209671, 2.96273684502, 2.30575108528, 1.4503608942, 1.06113553047, 0.636358082294, 0.469067871571, 0.244609504938, 0.112958058715, 0.0618163608015, 0.0209087673575, 0.00458055967465, 0.00139142817352, 0.000714272726327, 0.000351515074726, 0.000239312052145, 0.000145130761666, 8.47150658956e-005, 2.72229590337e-005, 4.4563071242e-006, 1.57385093189e-005, 3.70674169972e-005],
        "var": [0.000546688854229, 0.244518235326, 110.51398468, 562.878662109, 4616.0078125, 13809.6552734, 743.978942871, 2261.29638672, 152.738830566, 3885.09887695, 408.565704346, 731.270324707, 1808.23071289, 238.06590271, 1081.58813477, 1131.3828125, 610.865234375, 135.833602905, 49.7955436707, 27.7894020081, 18.1007556915, 5.10745763779, 3.06177926064, 2.81288337708, 0.872012376785, 0.21776753664, 0.234362870455, 0.0619950145483, 0.00852941535413, 0.000332149997121, 1.05738918137e-005, 4.66078245154e-006, 9.81849666459e-007, 4.22119114774e-007, 2.51069195656e-007, 1.04207344975e-007, 2.00474943313e-008, 6.85180967519e-010, 2.35077624033e-010, 1.34121824757e-009]
    },
    "gfcc": {
        "mean": [-169.845336914, 226.517105103, -115.837432861, -20.6295585632, -33.3407249451, -31.0326652527, -25.815618515, -24.8587932587, -21.8517818451, -20.9015407562, -12.3427257538, -23.6094055176, -5.99968290329],
        "cov": [[6933.86132813, -3.29909348488, -3158.57128906, 138.958053589, 171.591873169, 140.305267334, 454.878936768, 2.78918671608, -675.498474121, -217.731887817, -175.939361572, -197.926055908, -112.234832764], [-3.29909348488, 522.371643066, 310.305450439, -173.9400177, 120.960998535, 35.1549034119, 42.1041641235, -13.5754241943, 63.8448562622, -43.7781219482, 9.76736831665, 1.6622248888, 10.2724752426], [-3158.57128906, 310.305450439, 3220.6237793, 488.043792725, 44.7561454773, 11.2971248627, -285.804962158, 2.42859840393, 452.080383301, 169.327346802, -15.6976509094, 34.7111358643, -10.1080532074], [138.958053589, -173.9400177, 488.043792725, 708.985046387, 88.5829772949, 8.06717681885, 110.952789307, 81.664932251, 39.545124054, 80.9959259033, -59.9402351379, -93.4271392822, -72.6139678955], [171.591873169, 120.960998535, 44.7561454773, 88.5829772949, 259.551025391, 98.471496582, 93.7157440186, 29.3719520569, -57.7720603943, -64.5307693481, -55.3811149597, -41.8372955322, -37.2894020081], [140.305267334, 35.1549034119, 11.2971248627, 8.06717681885, 98.471496582, 299.699859619, 128.74458313, 62.997013092, 25.4672603607, 11.5872173309, -17.1247711182, 42.2505989075, -3.43860435486], [454.878936768, 42.1041641235, -285.804962158, 110.952789307, 93.7157440186, 128.74458313, 272.183746338, 80.4109344482, -58.0932044983, 0.176237255335, -0.530515491962, -17.511095047, -32.0922431946], [2.78918671608, -13.5754241943, 2.42859840393, 81.664932251, 29.3719520569, 62.997013092, 80.4109344482, 153.216049194, 55.380443573, 44.7956123352, 18.5442218781, -4.1880979538, -18.7009754181], [-675.498474121, 63.8448562622, 452.080383301, 39.545124054, -57.7720603943, 25.4672603607, -58.0932044983, 55.380443573, 274.071350098, 139.561096191, 44.1455726624, 54.6454696655, 25.7466144562], [-217.731887817, -43.7781219482, 169.327346802, 80.9959259033, -64.5307693481, 11.5872173309, 0.176237255335, 44.7956123352, 139.561096191, 174.199707031, 83.269859314, 51.5146903992, 14.9069480896], [-175.939361572, 9.76736831665, -15.6976509094, -59.9402351379, -55.3811149597, -17.1247711182, -0.530515491962, 18.5442218781, 44.1455726624, 83.269859314, 129.494522095, 74.227104187, 30.0503959656], [-197.926055908, 1.6622248888, 34.7111358643, -93.4271392822, -41.8372955322, 42.2505989075, -17.511095047, -4.1880979538, 54.6454696655, 51.5146903992, 74.227104187, 132.424514771, 57.5275764465], [-112.234832764, 10.2724752426, -10.1080532074, -72.6139678955, -37.2894020081, -3.43860435486, -32.0922431946, -18.7009754181, 25.7466144562, 14.9069480896, 30.0503959656, 57.5275764465, 77.803314209]],
        "icov": [[0.000658749835566, -0.00154749664944, 0.000923629791941, -0.00123408110812, 0.000732164655346, -0.000727316073608, 0.00119398639072, -0.000324064836605, 0.00175848556682, -0.00140737334732, 0.00139831681736, -0.000679680204485, 0.000506395474076], [-0.00154749664944, 0.00793564971536, -0.00288844271563, 0.0049264151603, -0.00406893854961, 0.00261896313168, -0.00562570011243, 0.00214171339758, -0.00673724338412, 0.00535973813385, -0.00518400827423, 0.00354085699655, -0.0021109029185], [0.000923629791941, -0.00288844271563, 0.00199674186297, -0.00260338606313, 0.00112468446605, -0.00139521458186, 0.00288489763625, -0.0003512573021, 0.0018609946128, -0.00180042884313, 0.00194459082559, -0.00143696519081, 0.00116685323883], [-0.00123408110812, 0.0049264151603, -0.00260338606313, 0.00600470881909, -0.00292181153782, 0.00269768852741, -0.00494518363848, 0.000490352860652, -0.00332184066065, 0.000511408026796, -0.00116649933625, 0.00286533823237, -0.00103454024065], [0.000732164655346, -0.00406893854961, 0.00112468446605, -0.00292181153782, 0.00807646103203, -0.00288832443766, 0.00176661892328, -0.00151845312212, 0.0038045628462, -0.000347488268744, 0.0025921491906, -0.00124048721045, 0.00184313196223], [-0.000727316073608, 0.00261896313168, -0.00139521458186, 0.00269768852741, -0.00288832443766, 0.00715968059376, -0.00472437264398, -0.000591772550251, -0.00264890538529, 0.000532306497917, 0.0018637686735, -0.00281453109346, -8.1513710029e-005], [0.00119398639072, -0.00562570011243, 0.00288489763625, -0.00494518363848, 0.00176661892328, -0.00472437264398, 0.0117109613493, -0.00350910914131, 0.00608753366396, -0.00394350290298, 0.00178285734728, -0.00185033120215, 0.00227018492296], [-0.000324064836605, 0.00214171339758, -0.0003512573021, 0.000490352860652, -0.00151845312212, -0.000591772550251, -0.00350910914131, 0.0107112303376, -0.00493810186163, 0.00198792479932, -0.00400386983529, 0.00263383821584, 0.000887200294528], [0.00175848556682, -0.00673724338412, 0.0018609946128, -0.00332184066065, 0.0038045628462, -0.00264890538529, 0.00608753366396, -0.00493810186163, 0.016233406961, -0.0128333233297, 0.00857563875616, -0.00411704834551, 0.000416949362261], [-0.00140737334732, 0.00535973813385, -0.00180042884313, 0.000511408026796, -0.000347488268744, 0.000532306497917, -0.00394350290298, 0.00198792479932, -0.0128333233297, 0.0224928613752, -0.0141440425068, 0.00249921460636, -0.00023404492822], [0.00139831681736, -0.00518400827423, 0.00194459082559, -0.00116649933625, 0.0025921491906, 0.0018637686735, 0.00178285734728, -0.00400386983529, 0.00857563875616, -0.0141440425068, 0.0236602388322, -0.0109087489545, 0.00176287617069], [-0.000679680204485, 0.00354085699655, -0.00143696519081, 0.00286533823237, -0.00124048721045, -0.00281453109346, -0.00185033120215, 0.00263383821584, -0.00411704834551, 0.00249921460636, -0.0109087489545, 0.0202984064817, -0.00972119346261], [0.000506395474076, -0.0021109029185, 0.00116685323883, -0.00103454024065, 0.00184313196223, -8.1513710029e-005, 0.00227018492296, 0.000887200294528, 0.000416949362261, -0.00023404492822, 0.00176287617069, -0.00972119346261, 0.021491413936]]
    },
    "melbands": {
        "mean": [0.000100043085695, 0.00185550155584, 0.00285918125883, 0.00336395925842, 0.00100275303703, 0.000466933444841, 0.000152549531776, 0.000412395456806, 0.000120892706036, 0.000170378873008, 0.000145487269037, 4.24223326263e-005, 9.81610719464e-005, 3.94804519601e-005, 7.03342229826e-005, 2.915510413e-005, 1.65223482327e-005, 9.29569705477e-006, 4.33464219896e-006, 3.98335896534e-006, 2.28652788792e-006, 1.48339495354e-006, 1.31999263431e-006, 7.00005671206e-007, 4.95187066463e-007, 3.62800363973e-007, 2.9378585964e-007, 1.26852796711e-007, 6.69220057148e-008, 4.85564086716e-008, 3.32963878691e-008, 1.28895321083e-008, 4.79299044898e-009, 1.5050876101e-009, 7.70148944618e-010, 5.63037505508e-010, 3.5377273333e-010, 2.19118376221e-010, 2.22377616321e-010, 1.73024830574e-010],
        "var": [6.39617780962e-008, 1.52788798005e-005, 1.58855837071e-005, 7.24789279047e-005, 1.60244690051e-006, 9.49086370383e-007, 3.80677604994e-008, 4.60176039496e-007, 2.00723899724e-008, 4.02883344464e-008, 4.45475158983e-008, 2.94352364705e-009, 1.65375872996e-008, 2.79367395883e-009, 1.20987468932e-008, 1.70763558849e-009, 4.73637407072e-010, 1.73290132244e-010, 1.27572008513e-010, 1.20086302013e-010, 1.83831942724e-011, 6.20752494546e-012, 4.75676182471e-012, 3.29654662942e-012, 1.88072192368e-012, 1.01329795249e-012, 3.36240096096e-013, 6.08698679026e-014, 6.98814446522e-014, 6.15637369642e-014, 2.29513910861e-014, 3.65918233214e-015, 7.81753070921e-016, 1.81320571075e-017, 3.46141296025e-018, 2.71221293879e-018, 1.24860049352e-018, 4.45719655629e-019, 4.50383816911e-019, 2.71404136984e-019]
    },
    "mfcc": {
        "mean": [-803.482849121, 241.798553467, -2.64320397377, 5.4413895607, 1.48837161064, -10.878993988, -3.30464577675, -14.080239296, -10.5960769653, -7.27825212479, -12.2747993469, -10.1315956116, -9.64126491547],
        "cov": [[5382.15673828, 710.072937012, -3542.47094727, -310.336090088, -407.438110352, -108.963302612, 790.342956543, 274.395812988, -76.4706878662, -139.343109131, 20.8068828583, -72.3991088867, -319.783691406], [710.072937012, 508.368682861, -263.554962158, -216.532730103, 16.75116539, 9.63888931274, 100.762619019, 82.0301513672, -4.18972158432, -5.74615049362, -4.49554443359, -32.7140312195, -55.1104621887], [-3542.47094727, -263.554962158, 2985.73242188, 596.760681152, 351.100189209, 289.76940918, -470.310974121, -142.854690552, 174.190567017, 147.974060059, 58.7642326355, 100.71787262, 231.888442993], [-310.336090088, -216.532730103, 596.760681152, 751.061035156, 153.320541382, 109.183258057, 53.511302948, -41.4569511414, 92.4029846191, 94.8223190308, 50.1931343079, 55.2440986633, 35.2462081909], [-407.438110352, 16.75116539, 351.100189209, 153.320541382, 211.598373413, 61.8680267334, -38.8847198486, 16.4975070953, 31.6679725647, 44.9973564148, 3.6150302887, -6.84631204605, 1.19426178932], [-108.963302612, 9.63888931274, 289.76940918, 109.183258057, 61.8680267334, 266.299163818, 80.9322052002, 71.5845565796, 108.428398132, 7.61113119125, 62.6653747559, 40.8210906982, -4.36292600632], [790.342956543, 100.762619019, -470.310974121, 53.511302948, -38.8847198486, 80.9322052002, 347.319854736, 152.806488037, 5.73627090454, 23.7439556122, 35.3133926392, -18.9898719788, -86.1427764893], [274.395812988, 82.0301513672, -142.854690552, -41.4569511414, 16.4975070953, 71.5845565796, 152.806488037, 172.838577271, 61.4205093384, 19.1985778809, 50.3546791077, -10.6852293015, -41.0362091064], [-76.4706878662, -4.18972158432, 174.190567017, 92.4029846191, 31.6679725647, 108.428398132, 5.73627090454, 61.4205093384, 163.937606812, 66.9202194214, 49.5046195984, 66.9754943848, 41.7655105591], [-139.343109131, -5.74615049362, 147.974060059, 94.8223190308, 44.9973564148, 7.61113119125, 23.7439556122, 19.1985778809, 66.9202194214, 119.220062256, 51.801815033, 32.6754302979, 41.4210739136], [20.8068828583, -4.49554443359, 58.7642326355, 50.1931343079, 3.6150302887, 62.6653747559, 35.3133926392, 50.3546791077, 49.5046195984, 51.801815033, 115.781135559, 69.7705535889, 33.8925857544], [-72.3991088867, -32.7140312195, 100.71787262, 55.2440986633, -6.84631204605, 40.8210906982, -18.9898719788, -10.6852293015, 66.9754943848, 32.6754302979, 69.7705535889, 152.505783081, 109.299484253], [-319.783691406, -55.1104621887, 231.888442993, 35.2462081909, 1.19426178932, -4.36292600632, -86.1427764893, -41.0362091064, 41.7655105591, 41.4210739136, 33.8925857544, 109.299484253, 168.617599487]],
        "icov": [[0.0124925859272, -0.0167351607233, 0.0181747712195, -0.018122645095, 0.0190451797098, -0.0194269791245, 0.0188608970493, -0.0188447646797, 0.0167073570192, -0.014350976795, 0.0111552104354, -0.00813801959157, 0.0038479429204], [-0.0167351607233, 0.0252789612859, -0.0246538128704, 0.026019692421, -0.0277178082615, 0.0276949070394, -0.0283664371818, 0.0276391282678, -0.0252100583166, 0.0214510355145, -0.0167973283678, 0.0120610184968, -0.00532954372466], [0.0181747712195, -0.0246538128704, 0.027729107067, -0.0278760567307, 0.0291283410043, -0.0319149754941, 0.0321465134621, -0.0314540863037, 0.0287551246583, -0.0254295896739, 0.0195472296327, -0.0134909162298, 0.00577979302034], [-0.018122645095, 0.026019692421, -0.0278760567307, 0.0314154736698, -0.0333481654525, 0.0341826155782, -0.0373263843358, 0.0383568480611, -0.0347026363015, 0.029246347025, -0.0240674298257, 0.0165272504091, -0.00717410398647], [0.0190451797098, -0.0277178082615, 0.0291283410043, -0.0333481654525, 0.0439167991281, -0.0409303531051, 0.0444681048393, -0.0465979315341, 0.0432729162276, -0.0399543792009, 0.0318764336407, -0.0214798972011, 0.0105923190713], [-0.0194269791245, 0.0276949070394, -0.0319149754941, 0.0341826155782, -0.0409303531051, 0.0523779466748, -0.0511877723038, 0.0509035661817, -0.0534585155547, 0.0486241132021, -0.0384367741644, 0.0246396604925, -0.0101124150679], [0.0188608970493, -0.0283664371818, 0.0321465134621, -0.0373263843358, 0.0444681048393, -0.0511877723038, 0.0625752806664, -0.0633413866162, 0.0596608482301, -0.0542406924069, 0.0430599935353, -0.0306491069496, 0.0147640025243], [-0.0188447646797, 0.0276391282678, -0.0314540863037, 0.0383568480611, -0.0465979315341, 0.0509035661817, -0.0633413866162, 0.0758250653744, -0.0660337433219, 0.0567687451839, -0.0504952222109, 0.0358131304383, -0.0143796503544], [0.0167073570192, -0.0252100583166, 0.0287551246583, -0.0347026363015, 0.0432729162276, -0.0534585155547, 0.0596608482301, -0.0660337433219, 0.0735845863819, -0.0613426119089, 0.0483760498464, -0.0367758534849, 0.0148311425], [-0.014350976795, 0.0214510355145, -0.0254295896739, 0.029246347025, -0.0399543792009, 0.0486241132021, -0.0542406924069, 0.0567687451839, -0.0613426119089, 0.0666881725192, -0.048216227442, 0.0330030173063, -0.0165900103748], [0.0111552104354, -0.0167973283678, 0.0195472296327, -0.0240674298257, 0.0318764336407, -0.0384367741644, 0.0430599935353, -0.0504952222109, 0.0483760498464, -0.048216227442, 0.052152261138, -0.0331852957606, 0.013194010593], [-0.00813801959157, 0.0120610184968, -0.0134909162298, 0.0165272504091, -0.0214798972011, 0.0246396604925, -0.0306491069496, 0.0358131304383, -0.0367758534849, 0.0330030173063, -0.0331852957606, 0.0372121147811, -0.0189947616309], [0.0038479429204, -0.00532954372466, 0.00577979302034, -0.00717410398647, 0.0105923190713, -0.0101124150679, 0.0147640025243, -0.0143796503544, 0.0148311425, -0.0165900103748, 0.013194010593, -0.0189947616309, 0.0188060384244]]
    },
    "spectral_contrast_coeffs": {
        "mean": [-0.447816699743, -0.676611244678, -0.72614979744, -0.772070944309, -0.796378195286, -0.793164372444],
        "var": [0.0154819153249, 0.00959253311157, 0.00380216771737, 0.00297536002472, 0.00159775116481, 0.00417791120708]
    },
    "spectral_contrast_valleys": {
        "mean": [-8.48680877686, -7.06784486771, -8.12720775604, -8.81194400787, -10.0262432098, -13.8916702271],
        "var": [1.60218572617, 1.21367573738, 2.37759852409, 2.05523014069, 2.00981831551, 0.700759887695]
    }
},
"metadata": {
    "audio_properties": {
        "analysis_sample_rate": 44100,
        "bit_rate": 93326,
        "equal_loudness": 0,
        "length": 45.0873451233,
        "lossless": 0,
        "replay_gain": -4.32955932617,
        "sample_rate": 44100,
        "codec": "mp3",
        "downmix": "mix",
        "md5_encoded": "2b0d869f47dc261299669b29ab53c3ec"
    },
    "tags": {
        "file_name": "138.mp3"
    },
    "version": {
        "essentia": "2.1-beta2",
        "essentia_git_sha": "v2.1_beta2",
        "extractor": "music 1.0"
    }
},
"rhythm": {
    "beats_count": 95,
    "beats_loudness": {
        "mean": 0.0353209152818,
        "var": 0.00118089024909
    },
    "bpm": 126.239997864,
    "bpm_histogram_first_peak_bpm": {
        "mean": 126,
        "var": 0
    },
    "bpm_histogram_first_peak_spread": {
        "mean": 0.651162803173,
        "var": 0
    },
    "bpm_histogram_first_peak_weight": {
        "mean": 0.159574463964,
        "var": 0
    },
    "bpm_histogram_second_peak_bpm": {
        "mean": 120,
        "var": 0
    },
    "bpm_histogram_second_peak_spread": {
        "mean": 0.133333325386,
        "var": 0
    },
    "bpm_histogram_second_peak_weight": {
        "mean": 0.138297870755,
        "var": 0
    },
    "danceability": 1.04267859459,
    "onset_rate": 1.640625,
    "beats_loudness_band_ratio": {
        "mean": [0.416251242161, 0.427465647459, 0.165186062455, 0.0743611603975, 0.00861821789294, 0.000681321485899],
        "var": [0.0910995677114, 0.0728326812387, 0.0248329620808, 0.00804588012397, 0.000124785277876, 1.73674095549e-006]
    },
    "beats_position": [0.452789098024, 0.917188167572, 1.38158726692, 1.84598636627, 2.29877543449, 2.76317453384, 3.22757363319, 3.70358276367, 4.1679816246, 4.58594083786, 4.99229001999, 5.41024923325, 5.83981847763, 6.25777769089, 6.67573690414, 7.10530614853, 7.5464849472, 7.96444416046, 8.39401340485, 8.82358264923, 9.24154186249, 9.65950107574, 10.0542402267, 10.5302495956, 11.0062580109, 11.4822673798, 11.9582767487, 12.445895195, 12.933514595, 13.4327430725, 13.9319725037, 14.4428119659, 14.9304304123, 15.4296598434, 15.9288883209, 16.4048976898, 16.8809070587, 17.3453063965, 17.8097057343, 18.2741031647, 18.7385025024, 19.179681778, 19.7021312714, 20.2245807648, 20.758638382, 21.2926979065, 21.826757431, 22.3027667999, 22.7671642303, 23.2431735992, 23.7191829681, 24.1255321503, 24.5202713013, 24.9382305145, 25.3445796967, 25.7509288788, 26.168888092, 26.5868473053, 27.0048065186, 27.4227657318, 27.8407249451, 28.3283443451, 28.8159637451, 29.291973114, 29.7912006378, 30.290430069, 30.7896595001, 31.3121089935, 31.8461666107, 32.3686180115, 32.8910636902, 33.4135131836, 33.9243545532, 34.4003639221, 34.8763694763, 35.3639907837, 35.8400001526, 36.3160095215, 36.7804069519, 37.244808197, 37.7092056274, 38.1736030579, 38.6612243652, 39.1604537964, 39.6596832275, 40.1473007202, 40.6349182129, 41.134147644, 41.6333770752, 42.1326065063, 42.6202278137, 43.1078453064, 43.6070747375, 44.0946922302, 44.5823135376]
},
"tonal": {
    "chords_changes_rate": 0.0576131679118,
    "chords_number_rate": 0.0113168722019,
    "chords_strength": {
        "mean": 0.506619513035,
        "var": 0.00904225651175
    },
    "hpcp_entropy": {
        "mean": 1.93320894241,
        "var": 0.388889938593
    },
    "key_strength": 0.800203323364,
    "tuning_diatonic_strength": 0.605728626251,
    "tuning_equal_tempered_deviation": 0.0636546760798,
    "tuning_frequency": 435.197479248,
    "tuning_nontempered_energy_ratio": 0.707086801529,
    "hpcp": {
        "mean": [0.0694144070148, 0.0575971752405, 0.0433246940374, 0.0620572976768, 0.11201698333, 0.212994769216, 0.337753295898, 0.316073179245, 0.229644715786, 0.19660833478, 0.126906603575, 0.0575456619263, 0.0492936745286, 0.0600811615586, 0.0663583055139, 0.0745144709945, 0.0833291634917, 0.119785644114, 0.123585171998, 0.0838829353452, 0.111479498446, 0.151298299432, 0.116275131702, 0.0866098254919, 0.0916753485799, 0.0762277841568, 0.129175916314, 0.208120495081, 0.164571374655, 0.126821696758, 0.160629734397, 0.144566640258, 0.0811688229442, 0.048098128289, 0.0464834086597, 0.0602032579482],
        "var": [0.0389295704663, 0.0315923653543, 0.0181602817029, 0.0236900430173, 0.0616496168077, 0.0779703631997, 0.120508737862, 0.113999396563, 0.0809171721339, 0.0740484371781, 0.0529550872743, 0.0199957359582, 0.0233902242035, 0.0312599651515, 0.0278291199356, 0.0344559848309, 0.0348980091512, 0.0509401634336, 0.0478358455002, 0.0273823216558, 0.0453638099134, 0.0639571622014, 0.0456196442246, 0.0386425070465, 0.0390925183892, 0.0290754493326, 0.0402783118188, 0.0795095637441, 0.0677044466138, 0.0493228286505, 0.0728872865438, 0.0786096155643, 0.039087228477, 0.0216755736619, 0.020039241761, 0.0289348177612]
    },
    "chords_histogram": [10.8024692535, 0, 7.40740728378, 0, 0, 0, 0, 3.08641982079, 1.23456788063, 47.119342804, 0, 0, 2.36625504494, 0, 5.55555534363, 0.102880656719, 6.79012346268, 0, 0, 0, 0, 5.65843629837, 3.70370364189, 6.17283964157],
    "thpcp": [1, 0.935810804367, 0.679918527603, 0.582106351852, 0.375737577677, 0.170377790928, 0.145945802331, 0.177884757519, 0.196469753981, 0.22061803937, 0.246716067195, 0.354654252529, 0.365903675556, 0.248355641961, 0.330061912537, 0.447955071926, 0.344260543585, 0.256429255009, 0.271426945925, 0.225690722466, 0.382456421852, 0.616190850735, 0.487253189087, 0.375486195087, 0.475583016872, 0.428024351597, 0.240319848061, 0.142406091094, 0.137625336647, 0.178246244788, 0.205518081784, 0.170530319214, 0.128273189068, 0.183735579252, 0.331653267145, 0.630622327328],
    "chords_key": "B",
    "chords_scale": "major",
    "key_key": "E",
    "key_scale": "minor"
}
}