{
"lowlevel": {
    "average_loudness": 0.47839024663,
    "barkbands_crest": {
        "mean": 11.5575790405,
        "var": 19.0860900879
    },
    "barkbands_flatness_db": {
        "mean": 0.255503207445,
        "var": 0.00951579026878
    },
    "barkbands_kurtosis": {
        "mean": 18.142747879,
        "var": 684.213928223
    },
    "barkbands_skewness": {
        "mean": 2.31461977959,
        "var": 5.71122074127
    },
    "barkbands_spread": {
        "mean": 15.2255678177,
        "var": 171.485824585
    },
    "dissonance": {
        "mean": 0.455584943295,
        "var": 0.00146980502177
    },
    "dynamic_complexity": 5.62676858902,
    "erbbands_crest": {
        "mean": 12.4333238602,
        "var": 31.6195068359
    },
    "erbbands_flatness_db": {
        "mean": 0.235210299492,
        "var": 0.00445385323837
    },
    "erbbands_kurtosis": {
        "mean": 3.92375969887,
        "var": 83.434928894
    },
    "erbbands_skewness": {
        "mean": 0.542011022568,
        "var": 3.8117749691
    },
    "erbbands_spread": {
        "mean": 34.9852561951,
        "var": 492.639678955
    },
    "hfc": {
        "mean": 9.88692855835,
        "var": 265.346069336
    },
    "melbands_crest": {
        "mean": 16.4642429352,
        "var": 32.5262641907
    },
    "melbands_flatness_db": {
        "mean": 0.323903828859,
        "var": 0.017287870869
    },
    "melbands_kurtosis": {
        "mean": 46.3572540283,
        "var": 4609.98144531
    },
    "melbands_skewness": {
        "mean": 3.79071593285,
        "var": 10.0637102127
    },
    "melbands_spread": {
        "mean": 22.4910354614,
        "var": 706.935058594
    },
    "pitch_salience": {
        "mean": 0.481230735779,
        "var": 0.0142995659262
    },
    "silence_rate_20dB": {
        "mean": 1,
        "var": 0
    },
    "silence_rate_30dB": {
        "mean": 0.978372812271,
        "var": 0.021159959957
    },
    "silence_rate_60dB": {
        "mean": 0.265190511942,
        "var": 0.194863006473
    },
    "spectral_centroid": {
        "mean": 1157.57641602,
        "var": 887628.5
    },
    "spectral_complexity": {
        "mean": 9.83934116364,
        "var": 71.2400131226
    },
    "spectral_decrease": {
        "mean": -5.77993919393e-009,
        "var": 5.94351504734e-017
    },
    "spectral_energy": {
        "mean": 0.0227115824819,
        "var": 0.000900645914953
    },
    "spectral_energyband_high": {
        "mean": 0.000231578975217,
        "var": 4.01229726776e-007
    },
    "spectral_energyband_low": {
        "mean": 0.0105035891756,
        "var": 0.000288873678073
    },
    "spectral_energyband_middle_high": {
        "mean": 0.00206584250554,
        "var": 2.31046924455e-005
    },
    "spectral_energyband_middle_low": {
        "mean": 0.0121375713497,
        "var": 0.00037403247552
    },
    "spectral_entropy": {
        "mean": 6.57843112946,
        "var": 0.65357208252
    },
    "spectral_flux": {
        "mean": 0.0395494103432,
        "var": 0.00204516947269
    },
    "spectral_kurtosis": {
        "mean": 11.9858760834,
        "var": 203.52482605
    },
    "spectral_rms": {
        "mean": 0.00383969023824,
        "var": 7.41443773222e-006
    },
    "spectral_rolloff": {
        "mean": 1199.10668945,
        "var": 1731453.5
    },
    "spectral_skewness": {
        "mean": 1.9620616436,
        "var": 1.65210199356
    },
    "spectral_spread": {
        "mean": 3213313.25,
        "var": 3.52936709325e+012
    },
    "spectral_strongpeak": {
        "mean": 1.05030465126,
        "var": 3.41674828529
    },
    "zerocrossingrate": {
        "mean": 0.0456070266664,
        "var": 0.00144845433533
    },
    "barkbands": {
        "mean": [1.49778170453e-005, 0.00390513939783, 0.00437742518261, 0.0056396080181, 0.00464459555224, 0.000598999031354, 0.000458500755485, 0.00036704656668, 0.000386036379496, 0.000168613754795, 5.24825700268e-005, 0.000109329019324, 5.88969051023e-005, 5.37875894224e-005, 0.000123674064525, 0.000292080891086, 0.000370820227545, 0.000589097384363, 0.000210883750697, 9.19944286579e-005, 7.63716598158e-005, 5.16330001119e-005, 2.41150901275e-005, 2.50896464422e-005, 1.5631208953e-005, 4.61306854049e-006, 1.92070686467e-007],
        "var": [3.1923725885e-009, 7.07172075636e-005, 6.56774573145e-005, 9.91111810436e-005, 9.77162781055e-005, 3.99128293793e-006, 3.23089147969e-006, 1.30218643335e-006, 1.80876747891e-006, 2.83929210809e-007, 1.02503008748e-007, 2.10161076097e-007, 1.12298771171e-007, 4.51651516187e-008, 1.57994648475e-007, 6.86835846864e-007, 9.0470308578e-007, 2.8610741083e-006, 1.04513185306e-006, 5.09095805512e-008, 7.86844083223e-008, 3.14445998129e-008, 4.97737051575e-009, 7.37872651868e-009, 4.09358458242e-009, 4.23676177475e-010, 8.05264871711e-013]
    },
    "erbbands": {
        "mean": [0.0343228317797, 1.1571418047, 5.095952034, 11.6765699387, 25.5740604401, 8.08666992188, 5.28501319885, 4.85441827774, 6.76437616348, 5.75341463089, 10.2093391418, 8.61858558655, 7.10177516937, 4.36666297913, 2.97542786598, 4.30204391479, 3.10235929489, 2.82491064072, 3.78659510612, 10.8911151886, 21.2863235474, 19.8765678406, 33.7167282104, 15.377614975, 7.56773614883, 3.91193294525, 3.12125968933, 2.91369080544, 1.89484238625, 1.25657117367, 0.646649479866, 0.563189446926, 0.370223671198, 0.203662604094, 0.0938247069716, 0.0295944139361, 0.00652919104323, 0.000970937311649, 3.56340387953e-005, 2.68550593319e-005],
        "var": [0.0123010417446, 5.48125362396, 80.4446563721, 352.524230957, 2616.85742188, 251.990447998, 426.451263428, 132.666732788, 378.095184326, 626.164611816, 970.690368652, 505.978790283, 846.151489258, 325.433837891, 478.111480713, 235.89364624, 309.093048096, 96.9722824097, 231.197479248, 756.412475586, 3226.72216797, 1770.13342285, 10830.4423828, 3142.00463867, 934.059448242, 102.519821167, 77.1484298706, 142.540252686, 50.4222984314, 12.3436031342, 3.99372506142, 3.84565782547, 1.57527625561, 0.642243683338, 0.157524734735, 0.0168929472566, 0.000952848524321, 2.04425141419e-005, 1.28776012076e-008, 1.26496335628e-009]
    },
    "gfcc": {
        "mean": [-134.320205688, 144.822463989, -115.71408844, 51.7307624817, -35.7591781616, -19.8776264191, -30.1938343048, 13.0448503494, -16.3761482239, -19.160369873, -16.0219707489, -8.72269439697, -7.62715387344],
        "cov": [[13970.2363281, -3622.24926758, -194.643218994, 934.946411133, -1861.34399414, 1576.86767578, -1339.45239258, -562.374511719, -499.533081055, 155.685409546, -590.809570313, 67.4318618774, -251.85357666], [-3622.24926758, 2052.87402344, 40.8743247986, -451.329803467, 988.418029785, -703.849060059, 527.990905762, 261.848999023, 268.710662842, -134.205978394, 226.387756348, -52.9553413391, 111.345687866], [-194.643218994, 40.8743247986, 3359.29223633, 391.404174805, 12.5253152847, 914.786193848, -145.917816162, 38.8170661926, -143.963027954, -48.230682373, -47.2310676575, 121.12348175, -196.565689087], [934.946411133, -451.329803467, 391.404174805, 582.562072754, -164.537857056, 217.990249634, -33.4252662659, -216.017852783, -18.2789230347, -6.96348237991, -79.0079956055, -75.110244751, 7.49296998978], [-1861.34399414, 988.418029785, 12.5253152847, -164.537857056, 670.438964844, -348.684631348, 294.736877441, 122.99962616, 121.965148926, -43.8172798157, 99.8512878418, -11.1052045822, 52.6918640137], [1576.86767578, -703.849060059, 914.786193848, 217.990249634, -348.684631348, 707.382385254, -257.638641357, -93.548210144, -156.451507568, 8.94517993927, -92.0437164307, 46.7473106384, -87.7542266846], [-1339.45239258, 527.990905762, -145.917816162, -33.4252662659, 294.736877441, -257.638641357, 333.824920654, 90.2798461914, 91.5297698975, -1.76960372925, 63.2110061646, -35.2637863159, 58.292591095], [-562.374511719, 261.848999023, 38.8170661926, -216.017852783, 122.99962616, -93.548210144, 90.2798461914, 290.892211914, 54.9381713867, 39.8752937317, 60.6714134216, 46.3431854248, -30.3830661774], [-499.533081055, 268.710662842, -143.963027954, -18.2789230347, 121.965148926, -156.451507568, 91.5297698975, 54.9381713867, 138.901535034, -8.69178295135, 36.5714797974, -26.0685577393, 31.6916294098], [155.685409546, -134.205978394, -48.230682373, -6.96348237991, -43.8172798157, 8.94517993927, -1.76960372925, 39.8752937317, -8.69178295135, 91.6744003296, 6.26781129837, 26.4012355804, -21.0627861023], [-590.809570313, 226.387756348, -47.2310676575, -79.0079956055, 99.8512878418, -92.0437164307, 63.2110061646, 60.6714134216, 36.5714797974, 6.26781129837, 105.929992676, 23.7857837677, 11.2095499039], [67.4318618774, -52.9553413391, 121.12348175, -75.110244751, -11.1052045822, 46.7473106384, -35.2637863159, 46.3431854248, -26.0685577393, 26.4012355804, 23.7857837677, 93.2462997437, -14.4582338333], [-251.85357666, 111.345687866, -196.565689087, 7.49296998978, 52.6918640137, -87.7542266846, 58.292591095, -30.3830661774, 31.6916294098, -21.0627861023, 11.2095499039, -14.4582338333, 76.7738571167]],
        "icov": [[0.000217192864511, -0.000291887583444, 0.000287907692837, -0.000553732563276, 0.000252158963121, -0.000452428736025, 0.000581259082537, -0.00022232394258, 0.000135169408168, -0.000194872263819, 0.000759817194194, -0.000598457932938, 0.000374576920876], [-0.000291887583444, 0.00597763014957, -0.0019902207423, 0.004361982923, -0.00430655805394, 0.00299508473836, -0.00258785719052, 0.000985588761978, -0.00260003167205, 0.0036497998517, -0.00460145017132, 0.00521890772507, -0.00268488563597], [0.000287907692837, -0.0019902207423, 0.00160470791161, -0.00235232175328, 0.000911281153094, -0.00229729921557, 0.00106707820669, -0.000844779191539, 0.000804296752904, -0.000297905586194, 0.00197018473409, -0.0030399186071, 0.00249934033491], [-0.000553732563276, 0.004361982923, -0.00235232175328, 0.00750675890595, -0.00241464981809, 0.00221233186312, -0.00371994450688, 0.00365700083785, -0.00331937195733, 0.00095725239953, -0.00361053855158, 0.00661024451256, -0.00303550693206], [0.000252158963121, -0.00430655805394, 0.000911281153094, -0.00241464981809, 0.00659125531092, -0.000979966833256, -0.000100021970866, -0.000396581599489, 0.00118910591118, -0.00152750429697, 0.00281820795499, -0.00398924993351, 0.00184432812966], [-0.000452428736025, 0.00299508473836, -0.00229729921557, 0.00221233186312, -0.000979966833256, 0.0063411439769, -0.00072102365084, 0.000559800653718, 0.000526319898199, 0.00166385620832, -0.00247316807508, 0.00293146935292, -0.00208369037136], [0.000581259082537, -0.00258785719052, 0.00106707820669, -0.00371994450688, -0.000100021970866, -0.00072102365084, 0.0093585876748, -0.00301913218573, 0.00174735218752, -0.00339341955259, 0.00199450901709, -0.000299481413094, -0.00230084662326], [-0.00022232394258, 0.000985588761978, -0.000844779191539, 0.00365700083785, -0.000396581599489, 0.000559800653718, -0.00301913218573, 0.00782472640276, -0.00357433827594, -0.0015327836154, -0.00173426559195, -0.000271369121037, 0.0028795208782], [0.000135169408168, -0.00260003167205, 0.000804296752904, -0.00331937195733, 0.00118910591118, 0.000526319898199, 0.00174735218752, -0.00357433827594, 0.0134802581742, -0.00119480467401, -7.85612883192e-006, 0.000805822841357, -0.00209772679955], [-0.000194872263819, 0.0036497998517, -0.000297905586194, 0.00095725239953, -0.00152750429697, 0.00166385620832, -0.00339341955259, -0.0015327836154, -0.00119480467401, 0.0177447460592, -0.0030323844403, -0.00220468640327, 0.00352038443089], [0.000759817194194, -0.00460145017132, 0.00197018473409, -0.00361053855158, 0.00281820795499, -0.00247316807508, 0.00199450901709, -0.00173426559195, -7.85612883192e-006, -0.0030323844403, 0.0186418760568, -0.00897127669305, 0.00236091273837], [-0.000598457932938, 0.00521890772507, -0.0030399186071, 0.00661024451256, -0.00398924993351, 0.00293146935292, -0.000299481413094, -0.000271369121037, 0.000805822841357, -0.00220468640327, -0.00897127669305, 0.0235317554325, -0.00694795651361], [0.000374576920876, -0.00268488563597, 0.00249934033491, -0.00303550693206, 0.00184432812966, -0.00208369037136, -0.00230084662326, 0.0028795208782, -0.00209772679955, 0.00352038443089, 0.00236091273837, -0.00694795651361, 0.024260930717]]
    },
    "melbands": {
        "mean": [0.000682745187078, 0.00234162784182, 0.00266314577311, 0.00118981080595, 0.000201931921765, 0.000109344102384, 0.000105228493339, 5.83470427955e-005, 8.35829268908e-005, 5.26864532731e-005, 3.55251286237e-005, 1.85835469892e-005, 8.07940887171e-006, 1.24525431602e-005, 8.78481205291e-006, 5.75949297854e-006, 5.12787300977e-006, 5.31373416379e-006, 9.73700298346e-006, 1.77326601261e-005, 2.75654492725e-005, 1.94351578102e-005, 3.34417964041e-005, 2.20376896323e-005, 1.18392617878e-005, 6.9694119702e-006, 3.81403310712e-006, 2.18852665057e-006, 1.8615096451e-006, 2.11606288758e-006, 1.5128131281e-006, 1.11049985208e-006, 8.99698022749e-007, 6.00064254286e-007, 3.61021903927e-007, 3.22281294984e-007, 3.56752934749e-007, 2.66666830839e-007, 2.18417397946e-007, 1.56912150828e-007],
        "var": [2.86595741272e-006, 1.68397236848e-005, 1.8018476112e-005, 5.92084506934e-006, 4.47066099696e-007, 8.00692916414e-008, 1.05255757887e-007, 5.39901385821e-008, 5.9202761804e-008, 2.88023311867e-008, 2.18146922748e-008, 5.67583047228e-009, 2.9272995139e-009, 3.71498920515e-009, 1.03022357312e-009, 1.11659259616e-009, 3.41437017548e-010, 5.2883497581e-010, 9.2887714187e-010, 2.18330065138e-009, 5.575357509e-009, 1.87699944476e-009, 1.30377673102e-008, 2.84095991177e-009, 2.49811771269e-009, 1.14312770361e-009, 1.50692944234e-010, 3.11947204179e-011, 2.80715017204e-011, 7.75333686143e-011, 3.78708731041e-011, 1.85356435062e-011, 9.69296604786e-012, 2.71460111334e-012, 1.15849821056e-012, 1.54472539361e-012, 1.41064503828e-012, 8.0019384131e-013, 6.67516389385e-013, 4.20217652992e-013]
    },
    "mfcc": {
        "mean": [-766.900268555, 150.500656128, 3.02143502235, 56.0327148438, 18.1944675446, -15.2526092529, -2.96721029282, 14.9958848953, 5.40025997162, -5.53421926498, -3.28580474854, 2.15695357323, -2.10878658295],
        "cov": [[11994.3222656, -2173.42138672, -1222.1114502, -224.418746948, -664.76159668, 679.463623047, -448.296600342, -544.985778809, -235.756973267, -202.737945557, -231.144790649, -323.584960938, -360.993774414], [-2173.42138672, 1532.54858398, -68.3681335449, 88.896232605, 370.296966553, -358.293823242, 144.96031189, 220.010803223, 95.1721801758, 57.1474227905, 59.9126091003, 118.568374634, 138.602737427], [-1222.1114502, -68.3681335449, 2860.52319336, 59.5578765869, 456.274719238, 636.786987305, 200.57043457, 287.952087402, 6.8197517395, 8.17053794861, -44.1620025635, 17.1910457611, 200.795578003], [-224.418746948, 88.896232605, 59.5578765869, 438.519042969, 64.2666397095, 71.0619506836, 47.3127365112, -45.7694892883, 69.3997116089, 11.219127655, -2.7567293644, 5.4679107666, -5.77211761475], [-664.76159668, 370.296966553, 456.274719238, 64.2666397095, 314.508087158, 66.2271347046, 83.3264389038, 110.95476532, 25.2551136017, 17.4103908539, 2.53432750702, 29.2948093414, 68.9014587402], [679.463623047, -358.293823242, 636.786987305, 71.0619506836, 66.2271347046, 484.365386963, 52.6994438171, -40.1637992859, -21.7292251587, -38.5369758606, -85.0573501587, -97.4956665039, -37.8643608093], [-448.296600342, 144.96031189, 200.57043457, 47.3127365112, 83.3264389038, 52.6994438171, 159.237365723, 60.6089477539, 26.237663269, 26.1172142029, 1.96534061432, 20.514919281, 19.7179908752], [-544.985778809, 220.010803223, 287.952087402, -45.7694892883, 110.95476532, -40.1637992859, 60.6089477539, 160.503173828, 34.9999923706, 33.4405517578, 27.8525028229, 43.1921882629, 65.3679351807], [-235.756973267, 95.1721801758, 6.8197517395, 69.3997116089, 25.2551136017, -21.7292251587, 26.237663269, 34.9999923706, 97.4765319824, 39.4601745605, 6.49640512466, 13.7587327957, 12.7220144272], [-202.737945557, 57.1474227905, 8.17053794861, 11.219127655, 17.4103908539, -38.5369758606, 26.1172142029, 33.4405517578, 39.4601745605, 92.6082077026, 36.746471405, 3.62291502953, 20.9515800476], [-231.144790649, 59.9126091003, -44.1620025635, -2.7567293644, 2.53432750702, -85.0573501587, 1.96534061432, 27.8525028229, 6.49640512466, 36.746471405, 79.0564041138, 49.0763702393, 25.8784313202], [-323.584960938, 118.568374634, 17.1910457611, 5.4679107666, 29.2948093414, -97.4956665039, 20.514919281, 43.1921882629, 13.7587327957, 3.62291502953, 49.0763702393, 121.897293091, 59.7589569092], [-360.993774414, 138.602737427, 200.795578003, -5.77211761475, 68.9014587402, -37.8643608093, 19.7179908752, 65.3679351807, 12.7220144272, 20.9515800476, 25.8784313202, 59.7589569092, 108.512825012]],
        "icov": [[0.00014356758038, 0.000116895607789, 0.000124164114823, 2.93085249723e-005, 5.5389764384e-006, -0.000307341339067, 0.000264162488747, -8.62972665345e-005, 0.000119211916171, -5.95305282332e-005, 0.000169794555404, -9.33581031859e-005, 1.76496541826e-006], [0.000116895607789, 0.00179865269456, 0.00031577644404, -0.000221414622501, -0.00199771579355, 0.00125940365251, -0.000785668438766, -0.000691958237439, -0.000357176788384, 0.000646633852739, 0.000426842976594, 0.000612366537098, -0.000759106711484], [0.000124164114823, 0.00031577644404, 0.00107008044142, -0.000107926716737, -0.000579679734074, -0.00149418739602, 0.000251827732427, -0.0016344639007, 0.000498762587085, 3.43211218023e-006, 0.000155951114721, -0.0001793216652, -0.00118817237671], [2.93085249723e-005, -0.000221414622501, -0.000107926716737, 0.00340701080859, -0.000758610549383, -0.000445156940259, -0.000770222512074, 0.00305926357396, -0.00307936873287, 0.000634071708191, -0.00112416001502, -0.00018898487906, -4.56137740912e-006], [5.5389764384e-006, -0.00199771579355, -0.000579679734074, -0.000758610549383, 0.00776655692607, -0.00200365739875, 0.000287232076516, -0.00220216205344, 0.00122994498815, -0.000732140266337, 0.000370806228602, -0.000706144492142, -0.000456219742773], [-0.000307341339067, 0.00125940365251, -0.00149418739602, -0.000445156940259, -0.00200365739875, 0.00733445165679, -0.0030043865554, 0.00262500043027, -0.000788433069829, 0.00153863593005, 0.00154560105875, 0.00327431969345, 0.000529858341906], [0.000264162488747, -0.000785668438766, 0.000251827732427, -0.000770222512074, 0.000287232076516, -0.0030043865554, 0.0103514734656, -0.00342772062868, 0.00116195413284, -0.0036340856459, 0.00226269941777, -0.00362030812539, 0.00234807399102], [-8.62972665345e-005, -0.000691958237439, -0.0016344639007, 0.00305926357396, -0.00220216205344, 0.00262500043027, -0.00342772062868, 0.0164860393852, -0.0052027949132, 0.000389676686609, -0.00281863915734, 0.000813464983366, -0.00245116231963], [0.000119211916171, -0.000357176788384, 0.000498762587085, -0.00307936873287, 0.00122994498815, -0.000788433069829, 0.00116195413284, -0.0052027949132, 0.0172133408487, -0.00794810522348, 0.00547444354743, -0.0032612348441, 0.00163996871561], [-5.95305282332e-005, 0.000646633852739, 3.43211218023e-006, 0.000634071708191, -0.000732140266337, 0.00153863593005, -0.0036340856459, 0.000389676686609, -0.00794810522348, 0.0204466916621, -0.0114658735693, 0.00807740073651, -0.00429910374805], [0.000169794555404, 0.000426842976594, 0.000155951114721, -0.00112416001502, 0.000370806228602, 0.00154560105875, 0.00226269941777, -0.00281863915734, 0.00547444354743, -0.0114658735693, 0.0257647000253, -0.00986024085432, 0.0021196284797], [-9.33581031859e-005, 0.000612366537098, -0.0001793216652, -0.00018898487906, -0.000706144492142, 0.00327431969345, -0.00362030812539, 0.000813464983366, -0.0032612348441, 0.00807740073651, -0.00986024085432, 0.0185493938625, -0.00805329531431], [1.76496541826e-006, -0.000759106711484, -0.00118817237671, -4.56137740912e-006, -0.000456219742773, 0.000529858341906, 0.00234807399102, -0.00245116231963, 0.00163996871561, -0.00429910374805, 0.0021196284797, -0.00805329531431, 0.0184811614454]]
    },
    "spectral_contrast_coeffs": {
        "mean": [-0.594194412231, -0.721795380116, -0.761862397194, -0.764872908592, -0.725986242294, -0.76394033432],
        "var": [0.0071109123528, 0.00471443636343, 0.00307011138648, 0.00326761347242, 0.00539550557733, 0.00439966050908]
    },
    "spectral_contrast_valleys": {
        "mean": [-7.90961790085, -7.87238025665, -8.92824649811, -9.53828144073, -9.11979389191, -12.2646522522],
        "var": [1.58045482635, 1.40254557133, 1.71728181839, 2.47200250626, 2.50226902962, 3.59157419205]
    }
},
"metadata": {
    "audio_properties": {
        "analysis_sample_rate": 44100,
        "bit_rate": 128074,
        "equal_loudness": 0,
        "length": 45.0612258911,
        "lossless": 0,
        "replay_gain": -5.19888687134,
        "sample_rate": 44100,
        "codec": "mp3",
        "downmix": "mix",
        "md5_encoded": "5e9a8702c3de86a561c5e29f6b83a555"
    },
    "tags": {
        "file_name": "1380.mp3"
    },
    "version": {
        "essentia": "2.1-beta2",
        "essentia_git_sha": "v2.1_beta2",
        "extractor": "music 1.0"
    }
},
"rhythm": {
    "beats_count": 60,
    "beats_loudness": {
        "mean": 0.0288584344089,
        "var": 0.00122857152019
    },
    "bpm": 76.6435699463,
    "bpm_histogram_first_peak_bpm": {
        "mean": 76,
        "var": 0
    },
    "bpm_histogram_first_peak_spread": {
        "mean": 0.405405461788,
        "var": 0
    },
    "bpm_histogram_first_peak_weight": {
        "mean": 0.372881352901,
        "var": 0
    },
    "bpm_histogram_second_peak_bpm": {
        "mean": 91,
        "var": 0
    },
    "bpm_histogram_second_peak_spread": {
        "mean": 0.200000017881,
        "var": 0
    },
    "bpm_histogram_second_peak_weight": {
        "mean": 0.135593220592,
        "var": 0
    },
    "danceability": 0.816781699657,
    "onset_rate": 2.10729265213,
    "beats_loudness_band_ratio": {
        "mean": [0.556995809078, 0.135901927948, 0.128313630819, 0.0385217815638, 0.151696965098, 0.0425048656762],
        "var": [0.128397971392, 0.0130350794643, 0.0277079343796, 0.00222392752767, 0.039612647146, 0.00446080556139]
    },
    "beats_position": [0.603718817234, 1.23065757751, 1.8575963974, 2.48453521729, 3.09986400604, 3.7151927948, 4.33052158356, 5.08516979218, 5.85142850876, 6.6176867485, 7.38394546509, 8.17342376709, 8.95129203796, 9.72916126251, 10.4954195023, 11.2500677109, 12.0047159195, 12.7709751129, 13.5604534149, 14.3383216858, 15.1394100189, 15.9404983521, 16.7415866852, 17.5426750183, 18.3321533203, 19.1100215912, 19.8762817383, 20.642539978, 21.4204082489, 22.1982765198, 22.9761447906, 23.7540130615, 24.5202713013, 25.3097496033, 26.0992279053, 26.8887062073, 27.6781845093, 28.5489330292, 29.4312915802, 30.2439899445, 31.0334682465, 31.8345565796, 32.6240348816, 33.4367332458, 34.2494316101, 35.0621299744, 35.7703399658, 36.4901580811, 37.151927948, 37.8136940002, 38.4638557434, 39.0559616089, 39.6480712891, 40.2982292175, 40.9483909607, 41.5985488892, 42.2719268799, 42.9453048706, 43.6070747375, 44.2688446045]
},
"tonal": {
    "chords_changes_rate": 0.0493827164173,
    "chords_number_rate": 0.0123456791043,
    "chords_strength": {
        "mean": 0.441980749369,
        "var": 0.00661939429119
    },
    "hpcp_entropy": {
        "mean": 1.88515794277,
        "var": 0.477684170008
    },
    "key_strength": 0.616214334965,
    "tuning_diatonic_strength": 0.359571546316,
    "tuning_equal_tempered_deviation": 0.0832043662667,
    "tuning_frequency": 438.477722168,
    "tuning_nontempered_energy_ratio": 0.692175447941,
    "hpcp": {
        "mean": [0.0354283899069, 0.0236292351037, 0.0216443762183, 0.03004848212, 0.0402934402227, 0.126425281167, 0.220058500767, 0.147663742304, 0.0763479992747, 0.096107326448, 0.0731941908598, 0.0363614670932, 0.0407243669033, 0.0439226664603, 0.080798856914, 0.215060651302, 0.194408416748, 0.0702200829983, 0.061762265861, 0.0551332980394, 0.224000245333, 0.496997892857, 0.351749897003, 0.132503703237, 0.103596389294, 0.0477234125137, 0.113308951259, 0.24373665452, 0.202694728971, 0.138297244906, 0.180908739567, 0.117199219763, 0.0564241074026, 0.0648490861058, 0.0434395186603, 0.0349038876593],
        "var": [0.00534847471863, 0.00273734331131, 0.00428432505578, 0.00815004948527, 0.00937052350491, 0.0298946332186, 0.0756839886308, 0.0439669005573, 0.0266386158764, 0.0615697465837, 0.034010220319, 0.00622598826885, 0.0104627208784, 0.0115917026997, 0.0129552744329, 0.0900923907757, 0.0776357427239, 0.0164881963283, 0.0217107590288, 0.0149090057239, 0.0506365150213, 0.208856463432, 0.104834772646, 0.0600704960525, 0.0649739354849, 0.0124515229836, 0.0327832661569, 0.125915855169, 0.0889320597053, 0.0376636050642, 0.0901666134596, 0.0367928892374, 0.0124304918572, 0.0206156894565, 0.0103743961081, 0.0068801487796]
    },
    "chords_histogram": [18.9300403595, 12.448559761, 9.05349826813, 0.720164597034, 2.46913576126, 13.7860078812, 11.728395462, 8.43621444702, 0, 10.0823049545, 0, 2.67489719391, 0, 0.411522626877, 1.13168728352, 0, 0, 0, 0, 0, 0, 0, 2.36625504494, 5.76131677628],
    "thpcp": [1, 0.707749247551, 0.266608178616, 0.208444327116, 0.0960233733058, 0.227986782789, 0.490417897701, 0.407838195562, 0.278265267611, 0.364003032446, 0.235814318061, 0.113529875875, 0.130481615663, 0.0874038264155, 0.0702294483781, 0.0712847858667, 0.0475439354777, 0.0435502380133, 0.0604599788785, 0.0810736641288, 0.254377901554, 0.442775517702, 0.297111392021, 0.153618350625, 0.193375721574, 0.147272631526, 0.0731622129679, 0.0819407254457, 0.0883759632707, 0.162573844194, 0.432719439268, 0.391165465117, 0.141288489103, 0.124270677567, 0.110932663083, 0.450706630945],
    "chords_key": "E",
    "chords_scale": "minor",
    "key_key": "E",
    "key_scale": "minor"
}
}