{
"lowlevel": {
    "average_loudness": 0.969558477402,
    "barkbands_crest": {
        "mean": 11.3884553909,
        "var": 28.8215255737
    },
    "barkbands_flatness_db": {
        "mean": 0.109035789967,
        "var": 0.00292249233462
    },
    "barkbands_kurtosis": {
        "mean": 5.29044103622,
        "var": 72.956199646
    },
    "barkbands_skewness": {
        "mean": 1.89607536793,
        "var": 1.73923492432
    },
    "barkbands_spread": {
        "mean": 31.524230957,
        "var": 261.809509277
    },
    "dissonance": {
        "mean": 0.471497029066,
        "var": 0.000642474857159
    },
    "dynamic_complexity": 1.53974294662,
    "erbbands_crest": {
        "mean": 7.48689317703,
        "var": 13.0681552887
    },
    "erbbands_flatness_db": {
        "mean": 0.104265801609,
        "var": 0.00189764704555
    },
    "erbbands_kurtosis": {
        "mean": 0.571685373783,
        "var": 4.27041196823
    },
    "erbbands_skewness": {
        "mean": 0.542375922203,
        "var": 0.471124351025
    },
    "erbbands_spread": {
        "mean": 51.0770797729,
        "var": 625.360595703
    },
    "hfc": {
        "mean": 52.4677772522,
        "var": 2359.70874023
    },
    "melbands_crest": {
        "mean": 17.087348938,
        "var": 44.2593688965
    },
    "melbands_flatness_db": {
        "mean": 0.195583358407,
        "var": 0.00496789393947
    },
    "melbands_kurtosis": {
        "mean": 24.1724815369,
        "var": 1283.68798828
    },
    "melbands_skewness": {
        "mean": 3.44951272011,
        "var": 5.75760173798
    },
    "melbands_spread": {
        "mean": 23.3831233978,
        "var": 284.92868042
    },
    "pitch_salience": {
        "mean": 0.505673646927,
        "var": 0.0207106843591
    },
    "silence_rate_20dB": {
        "mean": 1,
        "var": 0
    },
    "silence_rate_30dB": {
        "mean": 0.825952649117,
        "var": 0.143754243851
    },
    "silence_rate_60dB": {
        "mean": 0.00154479919001,
        "var": 0.00154241069686
    },
    "spectral_centroid": {
        "mean": 1424.28479004,
        "var": 413420.3125
    },
    "spectral_complexity": {
        "mean": 24.6977348328,
        "var": 131.054290771
    },
    "spectral_decrease": {
        "mean": -1.59889363971e-008,
        "var": 1.68222132988e-016
    },
    "spectral_energy": {
        "mean": 0.0651049762964,
        "var": 0.00259762536734
    },
    "spectral_energyband_high": {
        "mean": 0.00358835468069,
        "var": 1.67907146533e-005
    },
    "spectral_energyband_low": {
        "mean": 0.0407376773655,
        "var": 0.00219704722986
    },
    "spectral_energyband_middle_high": {
        "mean": 0.00701753189787,
        "var": 3.26584049617e-005
    },
    "spectral_energyband_middle_low": {
        "mean": 0.014823817648,
        "var": 0.000131041088025
    },
    "spectral_entropy": {
        "mean": 7.92819786072,
        "var": 0.151516243815
    },
    "spectral_flux": {
        "mean": 0.150883734226,
        "var": 0.00628447951749
    },
    "spectral_kurtosis": {
        "mean": 3.03550004959,
        "var": 8.09274959564
    },
    "spectral_rms": {
        "mean": 0.00742560531944,
        "var": 8.37741845316e-006
    },
    "spectral_rolloff": {
        "mean": 1536.29321289,
        "var": 3165024
    },
    "spectral_skewness": {
        "mean": 1.50546121597,
        "var": 0.177297726274
    },
    "spectral_spread": {
        "mean": 7389236.5,
        "var": 6.66270905139e+012
    },
    "spectral_strongpeak": {
        "mean": 0.605657935143,
        "var": 0.489967286587
    },
    "zerocrossingrate": {
        "mean": 0.0792489051819,
        "var": 0.00161179539282
    },
    "barkbands": {
        "mean": [0.00377409718931, 0.0303148571402, 0.00569790881127, 0.00344985211268, 0.00288666342385, 0.00140695727896, 0.0024402893614, 0.00167772488203, 0.00277332658879, 0.00113660632633, 0.00123836123385, 0.00102800119203, 0.000633893534541, 0.000668930471875, 0.000581890693866, 0.000375715171685, 0.000441655050963, 0.000390251603676, 0.00039606707287, 0.000423951831181, 0.000398315110942, 0.000336889992468, 0.000448971026344, 0.000554923666641, 0.000726044061594, 0.000869622163009, 3.31420196744e-005],
        "var": [4.2143270548e-005, 0.00152300449554, 0.000120602242532, 3.43427709595e-005, 1.46274587678e-005, 3.31180171997e-006, 1.20742033687e-005, 4.06746494264e-006, 1.08184231067e-005, 4.08611458624e-006, 2.14278452404e-006, 1.1906116697e-006, 5.13219504228e-007, 6.07804281572e-007, 5.57889450192e-007, 2.52278567814e-007, 7.10303538654e-007, 3.15502688863e-007, 7.43618329579e-007, 3.833869755e-007, 4.06917791906e-007, 2.73148600627e-007, 2.93260455919e-007, 3.59027580998e-007, 6.89253681685e-007, 1.47776279391e-006, 2.3742454669e-009]
    },
    "erbbands": {
        "mean": [1.00394392014, 6.13226032257, 7.92865514755, 10.240899086, 9.44094944, 9.45415019989, 12.7117195129, 10.5272836685, 24.0199642181, 38.7180900574, 53.3690719604, 51.452709198, 40.5734100342, 54.890914917, 33.5241127014, 34.4866027832, 31.7323493958, 32.758266449, 30.9228229523, 25.5174922943, 21.6443424225, 26.6095237732, 20.8691158295, 22.7387695313, 20.4100208282, 18.2907047272, 18.0727214813, 14.0275592804, 11.2361755371, 12.7370681763, 13.0984430313, 10.3628330231, 10.4957380295, 8.69470691681, 4.80175542831, 4.01648759842, 1.57647395134, 0.181724026799, 0.00462789647281, 0.00022527112742],
        "var": [1.75671648979, 78.8969192505, 171.859161377, 323.141174316, 219.076156616, 147.999160767, 200.503601074, 227.814407349, 1102.57055664, 2759.36816406, 3510.28613281, 4119.71679688, 3055.72729492, 4122.75097656, 927.108886719, 1159.85375977, 1027.44677734, 1567.31115723, 1237.18469238, 979.163574219, 724.086425781, 2419.76416016, 787.901611328, 1788.51098633, 1757.17480469, 715.583557129, 882.274353027, 474.9921875, 378.818328857, 268.740142822, 247.468795776, 125.327430725, 144.193893433, 108.753974915, 29.8160533905, 29.4980335236, 5.48322629929, 0.0578885525465, 4.15001231886e-005, 5.62069324417e-008]
    },
    "gfcc": {
        "mean": [69.7866821289, 59.6465454102, -84.4463577271, 21.7681674957, -50.9546546936, 31.8200187683, -31.2941169739, 24.3275241852, -23.9494476318, 13.8628139496, -18.7332038879, 6.5691447258, -14.5675535202],
        "cov": [[4254.01904297, -1001.38415527, 727.037353516, 159.318771362, -232.890640259, -25.997209549, -314.436248779, 79.0291137695, -157.808502197, 69.7857131958, -196.82409668, 120.302047729, -283.330200195], [-1001.38415527, 794.038208008, -225.153213501, -51.5234603882, 130.229309082, -44.2333221436, 124.093727112, -48.0744476318, 78.1648788452, -37.1796073914, 74.3673248291, -74.8111724854, 100.785545349], [727.037353516, -225.153213501, 949.798828125, -23.310968399, -59.5309486389, 135.91645813, -158.579727173, 67.5680847168, 14.8641500473, 39.4054985046, -33.9503746033, 66.0668716431, -156.812042236], [159.318771362, -51.5234603882, -23.310968399, 263.771759033, 115.416343689, -16.1746997833, 22.0426807404, -26.0244884491, -56.9694747925, -33.1436309814, -11.2561445236, -20.1798210144, 34.6268539429], [-232.890640259, 130.229309082, -59.5309486389, 115.416343689, 243.199188232, 21.1630496979, 63.1457366943, -17.1674423218, -4.05924224854, -21.9033336639, 9.64707279205, -19.7898330688, 62.2296714783], [-25.997209549, -44.2333221436, 135.91645813, -16.1746997833, 21.1630496979, 169.106521606, -17.2012901306, 27.844121933, 30.832239151, 4.01592493057, 8.61037826538, 2.36853575706, 1.23362493515], [-314.436248779, 124.093727112, -158.579727173, 22.0426807404, 63.1457366943, -17.2012901306, 211.888748169, 14.0138082504, 29.7791595459, 20.326341629, 18.5521678925, -27.3100013733, 50.9932403564], [79.0291137695, -48.0744476318, 67.5680847168, -26.0244884491, -17.1674423218, 27.844121933, 14.0138082504, 82.0476989746, 37.5397453308, 25.3650951385, 8.87277412415, 15.0584154129, -11.2867946625], [-157.808502197, 78.1648788452, 14.8641500473, -56.9694747925, -4.05924224854, 30.832239151, 29.7791595459, 37.5397453308, 88.387008667, 36.5163574219, 23.4309902191, 1.50058495998, 6.0792222023], [69.7857131958, -37.1796073914, 39.4054985046, -33.1436309814, -21.9033336639, 4.01592493057, 20.326341629, 25.3650951385, 36.5163574219, 80.7844238281, 25.3721733093, 17.1016292572, -6.82616662979], [-196.82409668, 74.3673248291, -33.9503746033, -11.2561445236, 9.64707279205, 8.61037826538, 18.5521678925, 8.87277412415, 23.4309902191, 25.3721733093, 67.9510269165, 21.7737922668, 26.8261814117], [120.302047729, -74.8111724854, 66.0668716431, -20.1798210144, -19.7898330688, 2.36853575706, -27.3100013733, 15.0584154129, 1.50058495998, 17.1016292572, 21.7737922668, 67.2425079346, 2.9023668766], [-283.330200195, 100.785545349, -156.812042236, 34.6268539429, 62.2296714783, 1.23362493515, 50.9932403564, -11.2867946625, 6.0792222023, -6.82616662979, 26.8261814117, 2.9023668766, 95.0732269287]],
        "icov": [[0.000487607409013, 6.47679407848e-005, -2.18790410145e-006, -0.000545156712178, 0.000176567249582, -1.62690066645e-005, 0.000293194956612, -0.000441358104581, 0.000541701505426, -0.000897346239071, 0.00133643602021, -0.000942762126215, 0.000807023025118], [6.47679407848e-005, 0.00339129008353, -0.000796491396613, 0.00166204152629, -0.0012178857578, 0.00216618040577, -0.000531928613782, 0.00195385445841, -0.00323854526505, 0.00334800360724, -0.00450703222305, 0.00463642412797, -0.00245713116601], [-2.18790410145e-006, -0.000796491396613, 0.00236325967126, -0.000981150544249, -0.000148521517986, -0.00207319739275, 0.000756272755098, -0.000919438316487, 0.000389262801036, -0.00148320151493, 0.00196362962015, -0.00340142380446, 0.00412081135437], [-0.000545156712178, 0.00166204152629, -0.000981150544249, 0.00753588601947, -0.00321608455852, 0.00182677723933, -0.000731511390768, 0.000714867084753, 0.0018681663787, 0.00275592226535, -0.00405995827168, 0.00533226272091, -0.00412970082834], [0.000176567249582, -0.0012178857578, -0.000148521517986, -0.00321608455852, 0.00709736114368, -0.0015920259757, -0.000910652976017, 0.000136131464387, 0.000304583314573, -0.000397900905227, 0.00183046923485, -0.00116163759958, -0.00190573732834], [-1.62690066645e-005, 0.00216618040577, -0.00207319739275, 0.00182677723933, -0.0015920259757, 0.00944616179913, 0.000545302289538, -0.000468747777632, -0.00389225548133, 0.00344959367067, -0.00412814319134, 0.00528383301571, -0.00435822084546], [0.000293194956612, -0.000531928613782, 0.000756272755098, -0.000731511390768, -0.000910652976017, 0.000545302289538, 0.0073655564338, -0.00265207560733, -0.000120562326629, -0.00331206899136, 0.00137406401336, 0.00167950056493, -0.00139405182563], [-0.000441358104581, 0.00195385445841, -0.000919438316487, 0.000714867084753, 0.000136131464387, -0.000468747777632, -0.00265207560733, 0.0193892847747, -0.00903252605349, 0.00178062147461, -0.0028910539113, -0.000597202626523, 1.72443469637e-005], [0.000541701505426, -0.00323854526505, 0.000389262801036, 0.0018681663787, 0.000304583314573, -0.00389225548133, -0.000120562326629, -0.00903252605349, 0.0249865204096, -0.00998398568481, 0.00236051389948, -0.00101521855686, 0.000902992149349], [-0.000897346239071, 0.00334800360724, -0.00148320151493, 0.00275592226535, -0.000397900905227, 0.00344959367067, -0.00331206899136, 0.00178062147461, -0.00998398568481, 0.0239593889564, -0.0122880628332, 0.00381632195786, -0.00176054809708], [0.00133643602021, -0.00450703222305, 0.00196362962015, -0.00405995827168, 0.00183046923485, -0.00412814319134, 0.00137406401336, -0.0028910539113, 0.00236051389948, -0.0122880628332, 0.032429523766, -0.0161593612283, 0.00156295066699], [-0.000942762126215, 0.00463642412797, -0.00340142380446, 0.00533226272091, -0.00116163759958, 0.00528383301571, 0.00167950056493, -0.000597202626523, -0.00101521855686, 0.00381632195786, -0.0161593612283, 0.0317330397666, -0.0116270296276], [0.000807023025118, -0.00245713116601, 0.00412081135437, -0.00412970082834, -0.00190573732834, -0.00435822084546, -0.00139405182563, 1.72443469637e-005, 0.000902992149349, -0.00176054809708, 0.00156295066699, -0.0116270296276, 0.025612372905]]
    },
    "melbands": {
        "mean": [0.00885123107582, 0.00573476403952, 0.00174558174331, 0.000662250968162, 0.000434494053479, 0.000248354539508, 0.000417472067056, 0.000414713635109, 0.000476119981613, 0.000325640285155, 0.000201890492463, 0.000221510184929, 0.000127619627165, 9.98191899271e-005, 8.55926409713e-005, 7.67548553995e-005, 5.5833344959e-005, 4.78215442854e-005, 5.14440689585e-005, 2.41864217969e-005, 2.41160632868e-005, 2.68225321634e-005, 2.23929673666e-005, 1.77710244316e-005, 1.85338594747e-005, 1.48569797602e-005, 1.46811053128e-005, 1.16868868645e-005, 1.15073935376e-005, 9.79682135949e-006, 7.51216566641e-006, 6.09276867181e-006, 6.8382896643e-006, 6.90042679707e-006, 6.85732766215e-006, 7.54454686103e-006, 6.44536339678e-006, 7.49324499338e-006, 7.42144311516e-006, 7.30232386559e-006],
        "var": [0.000120823380712, 7.09825835656e-005, 8.4514667833e-006, 8.52050106914e-007, 2.20331045853e-007, 1.15681501711e-007, 3.23921142353e-007, 2.64351683654e-007, 3.2452612686e-007, 1.86355691767e-007, 8.84691502279e-008, 7.39883319056e-008, 1.52293999633e-008, 1.41568516909e-008, 1.16134781791e-008, 9.46281186742e-009, 4.73115902011e-009, 3.50841800056e-009, 5.13060172125e-009, 1.09908715462e-009, 1.05536746009e-009, 2.35394392867e-009, 1.51396073456e-009, 7.04459102163e-010, 1.26367993847e-009, 1.17376064424e-009, 5.55055890139e-010, 3.17756931878e-010, 3.49455242521e-010, 2.84918005855e-010, 1.42796885427e-010, 1.24043705862e-010, 1.03966980858e-010, 7.92980472952e-011, 6.62785035188e-011, 8.68343452698e-011, 4.69924897606e-011, 7.37793298677e-011, 7.71370051167e-011, 8.17153081312e-011]
    },
    "mfcc": {
        "mean": [-587.569824219, 105.082931519, 21.5487861633, 7.65886974335, 9.60376358032, 8.08668231964, 11.212269783, 8.97095012665, 7.44018125534, 9.24266242981, 4.06659126282, 4.82076215744, 2.662078619],
        "cov": [[3257.59350586, -845.992004395, 449.627197266, 103.650131226, 52.2226142883, -106.81224823, -135.39944458, -51.8108901978, -69.4852905273, -154.138031006, 81.2871246338, -48.4130744934, -69.7046279907], [-845.992004395, 714.606323242, -118.370750427, -28.7780895233, -14.3639001846, 13.1574964523, 22.6026821136, 5.83333110809, 31.9650306702, 55.8083953857, 8.9575920105, 19.2274723053, 21.9596233368], [449.627197266, -118.370750427, 809.138793945, -146.873733521, 127.890357971, -18.3416252136, -80.4445953369, 31.8996696472, -21.2405052185, -71.0499267578, 89.0046539307, 87.404510498, 52.6991920471], [103.650131226, -28.7780895233, -146.873733521, 305.985778809, 12.1454200745, 27.8570137024, 75.6981124878, -12.2601833344, 10.0747079849, -2.46914887428, -44.6597633362, -36.8308105469, -26.2311649323], [52.2226142883, -14.3639001846, 127.890357971, 12.1454200745, 240.89175415, 53.0587005615, 8.64883613586, 18.4526100159, -2.74843907356, -29.5785751343, -13.0441741943, -2.46604990959, -18.2311553955], [-106.81224823, 13.1574964523, -18.3416252136, 27.8570137024, 53.0587005615, 108.215820313, 52.9084205627, 10.2176866531, 18.3698539734, 27.4071483612, -11.4881505966, -19.8553237915, -16.4886646271], [-135.39944458, 22.6026821136, -80.4445953369, 75.6981124878, 8.64883613586, 52.9084205627, 109.310806274, 24.891078949, 23.7833709717, 36.5427627563, -21.8850479126, -14.3307218552, -7.73720932007], [-51.8108901978, 5.83333110809, 31.8996696472, -12.2601833344, 18.4526100159, 10.2176866531, 24.891078949, 66.0723648071, 22.5527896881, 10.5085124969, -0.588395178318, 6.41174793243, 7.07218503952], [-69.4852905273, 31.9650306702, -21.2405052185, 10.0747079849, -2.74843907356, 18.3698539734, 23.7833709717, 22.5527896881, 68.2851409912, 35.0125770569, 18.987701416, 1.37935817242, -7.15325260162], [-154.138031006, 55.8083953857, -71.0499267578, -2.46914887428, -29.5785751343, 27.4071483612, 36.5427627563, 10.5085124969, 35.0125770569, 99.2400741577, 15.3186454773, -10.7654123306, -12.7134132385], [81.2871246338, 8.9575920105, 89.0046539307, -44.6597633362, -13.0441741943, -11.4881505966, -21.8850479126, -0.588395178318, 18.987701416, 15.3186454773, 90.0820999146, 40.2245674133, 8.73568534851], [-48.4130744934, 19.2274723053, 87.404510498, -36.8308105469, -2.46604990959, -19.8553237915, -14.3307218552, 6.41174793243, 1.37935817242, -10.7654123306, 40.2245674133, 75.1305084229, 44.4364891052], [-69.7046279907, 21.9596233368, 52.6991920471, -26.2311649323, -18.2311553955, -16.4886646271, -7.73720932007, 7.07218503952, -7.15325260162, -12.7134132385, 8.73568534851, 44.4364891052, 82.2239990234]],
        "icov": [[0.000591200019699, 0.000570861389861, -0.00024397962261, -0.000372347247321, -3.72352587874e-005, 0.000429383653682, 0.000244217837462, 8.27266703709e-005, 0.000138410323416, 0.00041125601274, -0.000981190125458, 0.000998532748781, 0.000120258839161], [0.000570861389861, 0.00210679275915, 5.58341125725e-005, -0.000121216049592, -0.000252654368524, 0.000424114259658, 0.000187236844795, 0.000293978926493, -0.000314228847856, -0.000317551515764, -0.000807131815236, 0.000416804046836, -0.000347752618836], [-0.00024397962261, 5.58341125725e-005, 0.00211139139719, 0.000603630905971, -0.000979007105343, -0.000439495575847, 0.000576137332246, -0.0010915909661, 0.000504500465468, 0.000667719170451, -0.0012991107069, -0.00110720749944, -0.00065598776564], [-0.000372347247321, -0.000121216049592, 0.000603630905971, 0.00499835517257, -0.000377740972908, 0.000489241443574, -0.00402942858636, 0.00211156369187, -0.00134239008185, 0.00138613139279, 0.00125319173094, 8.38712367113e-005, 0.000297058053548], [-3.72352587874e-005, -0.000252654368524, -0.000979007105343, -0.000377740972908, 0.00599800096825, -0.00346499285661, 0.000693705049343, -0.00145155366044, 0.000131057880935, 0.00189550616778, 0.00142655137461, -0.00126753817312, 0.00220600166358], [0.000429383653682, 0.000424114259658, -0.000439495575847, 0.000489241443574, -0.00346499285661, 0.0154742393643, -0.00665791239589, 0.00215138588101, -0.00153805804439, -0.00188275449909, -0.000914883159567, 0.00378540460952, -0.000161694581038], [0.000244217837462, 0.000187236844795, 0.000576137332246, -0.00402942858636, 0.000693705049343, -0.00665791239589, 0.0189535170794, -0.00608681421727, -0.000416751689045, -0.00423984788358, 0.00277315941639, -0.0020861485973, -0.000231004683883], [8.27266703709e-005, 0.000293978926493, -0.0010915909661, 0.00211156369187, -0.00145155366044, 0.00215138588101, -0.00608681421727, 0.0211076363921, -0.0071005797945, 6.55136536807e-005, 0.00260820402764, -0.000516286992934, -0.00151948817074], [0.000138410323416, -0.000314228847856, 0.000504500465468, -0.00134239008185, 0.000131057880935, -0.00153805804439, -0.000416751689045, -0.0071005797945, 0.0223501734436, -0.00471237488091, -0.00569461891428, 0.00012937610154, 0.00149267050438], [0.00041125601274, -0.000317551515764, 0.000667719170451, 0.00138613139279, 0.00189550616778, -0.00188275449909, -0.00423984788358, 6.55136536807e-005, -0.00471237488091, 0.0169700905681, -0.00490809744224, 0.00364017323591, 0.000853943289258], [-0.000981190125458, -0.000807131815236, -0.0012991107069, 0.00125319173094, 0.00142655137461, -0.000914883159567, 0.00277315941639, 0.00260820402764, -0.00569461891428, -0.00490809744224, 0.0223053526133, -0.0133028682321, 0.00435086293146], [0.000998532748781, 0.000416804046836, -0.00110720749944, 8.38712367113e-005, -0.00126753817312, 0.00378540460952, -0.0020861485973, -0.000516286992934, 0.00012937610154, 0.00364017323591, -0.0133028682321, 0.0311363544315, -0.0130419312045], [0.000120258839161, -0.000347752618836, -0.00065598776564, 0.000297058053548, 0.00220600166358, -0.000161694581038, -0.000231004683883, -0.00151948817074, 0.00149267050438, 0.000853943289258, 0.00435086293146, -0.0130419312045, 0.0202855095267]]
    },
    "spectral_contrast_coeffs": {
        "mean": [-0.707656562328, -0.741414427757, -0.755574703217, -0.774235069752, -0.790112316608, -0.788401842117],
        "var": [0.00466425344348, 0.00528509030119, 0.00540750101209, 0.00240681157447, 0.00165873835795, 0.00201133009978]
    },
    "spectral_contrast_valleys": {
        "mean": [-6.42480659485, -6.27700614929, -6.8169298172, -7.26832389832, -7.26670694351, -9.10071754456],
        "var": [0.713218331337, 0.652326464653, 0.516923010349, 0.57661151886, 0.80620354414, 1.42145657539]
    }
},
"metadata": {
    "audio_properties": {
        "analysis_sample_rate": 44100,
        "bit_rate": 128074,
        "equal_loudness": 0,
        "length": 45.0612258911,
        "lossless": 0,
        "replay_gain": -5.69483375549,
        "sample_rate": 44100,
        "codec": "mp3",
        "downmix": "mix",
        "md5_encoded": "0da1043ec78eb32684e807dd845f2f12"
    },
    "tags": {
        "file_name": "1381.mp3"
    },
    "version": {
        "essentia": "2.1-beta2",
        "essentia_git_sha": "v2.1_beta2",
        "extractor": "music 1.0"
    }
},
"rhythm": {
    "beats_count": 112,
    "beats_loudness": {
        "mean": 0.0976513028145,
        "var": 0.00292296311818
    },
    "bpm": 150.108795166,
    "bpm_histogram_first_peak_bpm": {
        "mean": 152,
        "var": 0
    },
    "bpm_histogram_first_peak_spread": {
        "mean": 0.462962985039,
        "var": 0
    },
    "bpm_histogram_first_peak_weight": {
        "mean": 0.522522509098,
        "var": 0
    },
    "bpm_histogram_second_peak_bpm": {
        "mean": 157,
        "var": 0
    },
    "bpm_histogram_second_peak_spread": {
        "mean": 0,
        "var": 0
    },
    "bpm_histogram_second_peak_weight": {
        "mean": 0.0180180184543,
        "var": 0
    },
    "danceability": 1.30152404308,
    "onset_rate": 6.03351163864,
    "beats_loudness_band_ratio": {
        "mean": [0.621744811535, 0.0635192319751, 0.0759967565536, 0.0753408446908, 0.061150636524, 0.123810656369],
        "var": [0.0675735920668, 0.00245223892853, 0.00383118470199, 0.00693414593115, 0.00342023558915, 0.0127869164571]
    },
    "beats_position": [0.359909296036, 0.719818592072, 1.10294783115, 1.48607707024, 1.89242625237, 2.29877543449, 2.69351458549, 3.08825397491, 3.48299312592, 3.88934230804, 4.29569149017, 4.69043064117, 5.08516979218, 5.4915189743, 5.89786815643, 6.29260778427, 6.68734693527, 7.0936961174, 7.50004529953, 7.89478445053, 8.28952407837, 8.6958732605, 9.10222244263, 9.49696159363, 9.89170074463, 10.2864398956, 10.6811790466, 11.0759181976, 11.4822673798, 11.8886165619, 12.294965744, 12.7013149261, 13.0960540771, 13.5024032593, 13.9087524414, 14.3034915924, 14.6982307434, 15.0929698944, 15.4993190765, 15.9056682587, 16.3004074097, 16.6951465607, 17.0898857117, 17.4962348938, 17.9025840759, 18.2973232269, 18.6920623779, 19.0984115601, 19.5047607422, 19.8994998932, 20.2942390442, 20.7005901337, 21.1069393158, 21.5016784668, 21.8964176178, 22.2911567688, 22.6858959198, 23.0922451019, 23.4985942841, 23.8933334351, 24.2880725861, 24.6944217682, 25.1007709503, 25.4955101013, 25.8902492523, 26.2965984344, 26.7029476166, 27.0976867676, 27.4924259186, 27.8987751007, 28.3051242828, 28.6998634338, 29.0946025848, 29.500951767, 29.9073009491, 30.3020401001, 30.6967792511, 31.0915184021, 31.4862575531, 31.8926067352, 32.2989578247, 32.6936950684, 33.0884361267, 33.4947853088, 33.901134491, 34.2958717346, 34.690612793, 35.0969619751, 35.5033111572, 35.8980484009, 36.2927894592, 36.6875267029, 37.093875885, 37.5002250671, 37.8949661255, 38.2897033691, 38.6960525513, 39.1024017334, 39.4971427917, 39.8918800354, 40.2866210938, 40.6929702759, 41.099319458, 41.4940567017, 41.88879776, 42.2951469421, 42.7014961243, 43.0962333679, 43.4909744263, 43.8973236084, 44.3036727905, 44.6984100342]
},
"tonal": {
    "chords_changes_rate": 0.0761316865683,
    "chords_number_rate": 0.0102880662307,
    "chords_strength": {
        "mean": 0.429502040148,
        "var": 0.00434235157445
    },
    "hpcp_entropy": {
        "mean": 2.15212893486,
        "var": 0.594160616398
    },
    "key_strength": 0.583990037441,
    "tuning_diatonic_strength": 0.453202873468,
    "tuning_equal_tempered_deviation": 0.179840907454,
    "tuning_frequency": 434.193115234,
    "tuning_nontempered_energy_ratio": 0.906720578671,
    "hpcp": {
        "mean": [0.106574386358, 0.101747892797, 0.11273778975, 0.235282212496, 0.272512376308, 0.144011616707, 0.112348385155, 0.125469893217, 0.104298487306, 0.0936151966453, 0.0847515687346, 0.0903192311525, 0.164156168699, 0.193731755018, 0.121011555195, 0.083146803081, 0.0930729582906, 0.138991132379, 0.265648156404, 0.287557065487, 0.150476783514, 0.084474593401, 0.0817685648799, 0.206528037786, 0.355173736811, 0.228878080845, 0.0701222941279, 0.0824638158083, 0.0904694572091, 0.0657071620226, 0.0652189552784, 0.0639585405588, 0.0647921487689, 0.11974093318, 0.158890023828, 0.128400012851],
        "var": [0.0482120923698, 0.0476581566036, 0.040431138128, 0.0762549340725, 0.0988934412599, 0.0364049747586, 0.0433607883751, 0.0571654736996, 0.044770013541, 0.0374815911055, 0.0313016660511, 0.0304501727223, 0.0544763505459, 0.0720916986465, 0.0369013175368, 0.0308606177568, 0.0344742015004, 0.0587660819292, 0.101078808308, 0.108395330608, 0.0467153079808, 0.0350989438593, 0.0366530641913, 0.0535003915429, 0.152651846409, 0.0553395338356, 0.0167535617948, 0.0221942290664, 0.0288436319679, 0.0118962405249, 0.0195054803044, 0.0207850914448, 0.0169859211892, 0.0372209586203, 0.0635989159346, 0.0485072433949]
    },
    "chords_histogram": [16.7695465088, 6.06995868683, 33.5390930176, 5.14403295517, 0.720164597034, 0.102880656719, 0, 17.7983531952, 0, 0.617283940315, 0, 3.60082316399, 0, 0, 0, 0, 0, 0, 0, 0, 2.16049385071, 3.80658435822, 2.26337456703, 7.40740728378],
    "thpcp": [1, 0.644411623478, 0.197430968285, 0.232178807259, 0.254718869925, 0.185000061989, 0.183625504375, 0.180076777935, 0.182423815131, 0.337133407593, 0.447358608246, 0.361513257027, 0.300062686205, 0.286473572254, 0.317415893078, 0.662442624569, 0.767265021801, 0.405468076468, 0.316319525242, 0.353263437748, 0.293654829264, 0.263575792313, 0.2386200279, 0.254295915365, 0.462185561657, 0.545456290245, 0.340710878372, 0.234101772308, 0.262049108744, 0.391332805157, 0.747938632965, 0.809623658657, 0.423670917749, 0.237840205431, 0.230221316218, 0.581484556198],
    "chords_key": "A#",
    "chords_scale": "minor",
    "key_key": "D#",
    "key_scale": "minor"
}
}