{
"lowlevel": {
    "average_loudness": 0.894289433956,
    "barkbands_crest": {
        "mean": 10.5264348984,
        "var": 11.9764022827
    },
    "barkbands_flatness_db": {
        "mean": 0.184141173959,
        "var": 0.00273169972934
    },
    "barkbands_kurtosis": {
        "mean": 6.81329631805,
        "var": 32.0284423828
    },
    "barkbands_skewness": {
        "mean": 1.99912631512,
        "var": 0.657419323921
    },
    "barkbands_spread": {
        "mean": 10.3977613449,
        "var": 70.8160018921
    },
    "dissonance": {
        "mean": 0.445460796356,
        "var": 0.000916529155802
    },
    "dynamic_complexity": 2.26332044601,
    "erbbands_crest": {
        "mean": 8.14362239838,
        "var": 8.2670545578
    },
    "erbbands_flatness_db": {
        "mean": 0.172999307513,
        "var": 0.00195439881645
    },
    "erbbands_kurtosis": {
        "mean": 1.64151489735,
        "var": 3.02844262123
    },
    "erbbands_skewness": {
        "mean": 0.990290939808,
        "var": 0.273923367262
    },
    "erbbands_spread": {
        "mean": 25.1243400574,
        "var": 107.594902039
    },
    "hfc": {
        "mean": 18.7766342163,
        "var": 465.802124023
    },
    "melbands_crest": {
        "mean": 17.0112495422,
        "var": 48.8589363098
    },
    "melbands_flatness_db": {
        "mean": 0.275852531195,
        "var": 0.00362341431901
    },
    "melbands_kurtosis": {
        "mean": 10.6695098877,
        "var": 68.163848877
    },
    "melbands_skewness": {
        "mean": 2.39516735077,
        "var": 0.884325027466
    },
    "melbands_spread": {
        "mean": 10.1100521088,
        "var": 46.4579696655
    },
    "pitch_salience": {
        "mean": 0.544683456421,
        "var": 0.0173274185508
    },
    "silence_rate_20dB": {
        "mean": 0.996395468712,
        "var": 0.00359147205018
    },
    "silence_rate_30dB": {
        "mean": 0.815139055252,
        "var": 0.150690495968
    },
    "silence_rate_60dB": {
        "mean": 0.0185375902802,
        "var": 0.0181939657778
    },
    "spectral_centroid": {
        "mean": 645.976257324,
        "var": 140816.25
    },
    "spectral_complexity": {
        "mean": 17.3831100464,
        "var": 68.7945632935
    },
    "spectral_decrease": {
        "mean": -1.72529954767e-008,
        "var": 2.79617725517e-016
    },
    "spectral_energy": {
        "mean": 0.0668199360371,
        "var": 0.00407870672643
    },
    "spectral_energyband_high": {
        "mean": 0.000471835635835,
        "var": 2.40357167058e-006
    },
    "spectral_energyband_low": {
        "mean": 0.0383820533752,
        "var": 0.00305329961702
    },
    "spectral_energyband_middle_high": {
        "mean": 0.00362230069004,
        "var": 1.61792540894e-005
    },
    "spectral_energyband_middle_low": {
        "mean": 0.0221920702606,
        "var": 0.000175014167326
    },
    "spectral_entropy": {
        "mean": 7.17970848083,
        "var": 0.177440226078
    },
    "spectral_flux": {
        "mean": 0.11527390033,
        "var": 0.00520069943741
    },
    "spectral_kurtosis": {
        "mean": 8.43329811096,
        "var": 26.4787349701
    },
    "spectral_rms": {
        "mean": 0.00733031099662,
        "var": 1.14566491902e-005
    },
    "spectral_rolloff": {
        "mean": 550.406433105,
        "var": 385890.375
    },
    "spectral_skewness": {
        "mean": 2.23673963547,
        "var": 0.330871641636
    },
    "spectral_spread": {
        "mean": 3626877.5,
        "var": 2.50179433267e+012
    },
    "spectral_strongpeak": {
        "mean": 0.509810686111,
        "var": 0.245283201337
    },
    "zerocrossingrate": {
        "mean": 0.027454379946,
        "var": 0.000452940381365
    },
    "barkbands": {
        "mean": [0.0131776528433, 0.0238753054291, 0.00355932791717, 0.00277268933132, 0.00570380827412, 0.00557772396132, 0.00528867403045, 0.00152303196955, 0.00121263391338, 0.000825862516649, 0.000556004815735, 0.000584509514738, 0.000476166344015, 0.000361482554581, 0.000277036218904, 0.000189115657122, 0.000133834400913, 0.000108543681563, 9.98936739052e-005, 9.57670417847e-005, 7.86549135228e-005, 7.48773018131e-005, 6.0554342781e-005, 5.44538415852e-005, 7.37150621717e-005, 7.35940266168e-005, 5.05851130583e-006],
        "var": [0.000496119726449, 0.00156521040481, 1.87067016668e-005, 1.30647367769e-005, 3.67128086509e-005, 2.79079376924e-005, 1.89801849046e-005, 2.13687462747e-006, 1.31112904e-006, 8.93401136182e-007, 3.35215901259e-007, 4.53488070207e-007, 4.07961721294e-007, 1.88702131254e-007, 2.8216715009e-007, 2.22645297754e-007, 1.23263859564e-007, 8.2909110688e-008, 5.83129171616e-008, 5.93302900143e-008, 6.02660179538e-008, 5.967305583e-008, 4.35561773315e-008, 5.54245360718e-008, 8.55893489415e-008, 8.53763566511e-008, 3.49276330081e-010]
    },
    "erbbands": {
        "mean": [1.33599257469, 2.92016267776, 3.77749752998, 7.62429428101, 15.2204151154, 18.0162734985, 17.9971828461, 64.1295166016, 64.8662338257, 67.7791976929, 31.8331985474, 24.0380783081, 33.0092658997, 24.4754447937, 22.8502445221, 20.0998325348, 20.966545105, 19.2099475861, 17.6336078644, 12.7624778748, 9.571185112, 7.52572774887, 6.222905159, 5.39245939255, 4.9072766304, 4.28847265244, 3.66028404236, 2.90962147713, 2.61623954773, 2.38821434975, 1.65324902534, 1.20015978813, 0.8791000247, 0.756156146526, 0.553588032722, 0.33866584301, 0.135379210114, 0.0205120705068, 0.000611351337284, 8.98378857528e-005],
        "var": [5.76687192917, 21.0512924194, 19.2739429474, 77.0923614502, 485.391723633, 349.345001221, 370.278442383, 3973.00585938, 2753.03930664, 3038.26586914, 771.629882813, 561.144836426, 781.390869141, 552.536987305, 499.512359619, 562.524719238, 741.83972168, 568.846862793, 701.731262207, 668.58026123, 584.732177734, 418.78326416, 240.282699585, 198.226531982, 148.045471191, 120.215454102, 104.034080505, 81.8283081055, 73.1893615723, 64.2328186035, 37.08801651, 24.6899776459, 14.548828125, 10.0033140182, 4.66087150574, 1.84610199928, 0.29553899169, 0.0057133929804, 4.7647026804e-006, 9.96347626625e-009]
    },
    "gfcc": {
        "mean": [-4.0782957077, 138.948196411, -101.634086609, 16.8662471771, -57.9141769409, 6.79806470871, -28.2019424438, -1.22304415703, -12.13256073, 8.4942445755, -8.58380508423, 2.3391315937, -10.2462654114],
        "cov": [[4714.22802734, -1097.7590332, 294.576660156, 196.130355835, 171.419296265, 287.505523682, -115.107383728, 387.792724609, -157.608886719, 307.219543457, -61.0360870361, 253.78994751, 0.665863990784], [-1097.7590332, 1104.07165527, -242.727386475, -17.5721054077, -47.1514472961, -127.714126587, 208.577758789, -237.988418579, 192.626739502, -183.051177979, 124.751335144, -159.934463501, 71.4899139404], [294.576660156, -242.727386475, 462.253997803, -23.957025528, 222.615325928, 152.323272705, 23.5953521729, 202.797073364, -48.9014587402, 159.440628052, -31.1980190277, 90.3482666016, -4.60875272751], [196.130355835, -17.5721054077, -23.957025528, 253.788879395, -7.65628862381, 42.4081077576, 67.1313858032, 1.73117637634, 67.9008560181, -27.1306419373, 36.7830619812, -21.1116428375, -1.55785155296], [171.419296265, -47.1514472961, 222.615325928, -7.65628862381, 246.552749634, 121.739173889, 54.5712585449, 138.751647949, -20.5373878479, 109.006599426, 6.70293617249, 45.077457428, 12.663813591], [287.505523682, -127.714126587, 152.323272705, 42.4081077576, 121.739173889, 162.440704346, 45.0897331238, 105.202224731, 2.48420476913, 77.1837844849, 17.799413681, 46.0670051575, 8.65772628784], [-115.107383728, 208.577758789, 23.5953521729, 67.1313858032, 54.5712585449, 45.0897331238, 139.98588562, 18.2524433136, 77.0637588501, 6.64285469055, 56.9326019287, -5.64860057831, 28.8139591217], [387.792724609, -237.988418579, 202.797073364, 1.73117637634, 138.751647949, 105.202224731, 18.2524433136, 180.824127197, -24.497209549, 119.766662598, -4.12451553345, 63.864982605, 0.332915991545], [-157.608886719, 192.626739502, -48.9014587402, 67.9008560181, -20.5373878479, 2.48420476913, 77.0637588501, -24.497209549, 113.832321167, -17.4990673065, 67.8407058716, -22.1754875183, 25.25258255], [307.219543457, -183.051177979, 159.440628052, -27.1306419373, 109.006599426, 77.1837844849, 6.64285469055, 119.766662598, -17.4990673065, 141.65222168, 20.8456096649, 78.1119842529, 7.20130395889], [-61.0360870361, 124.751335144, -31.1980190277, 36.7830619812, 6.70293617249, 17.799413681, 56.9326019287, -4.12451553345, 67.8407058716, 20.8456096649, 92.3946304321, 9.3382062912, 33.2636985779], [253.78994751, -159.934463501, 90.3482666016, -21.1116428375, 45.077457428, 46.0670051575, -5.64860057831, 63.864982605, -22.1754875183, 78.1119842529, 9.3382062912, 96.0935592651, 23.407125473], [0.665863990784, 71.4899139404, -4.60875272751, -1.55785155296, 12.663813591, 8.65772628784, 28.8139591217, 0.332915991545, 25.25258255, 7.20130395889, 33.2636985779, 23.407125473, 72.3903121948]],
        "icov": [[0.000347140769009, -0.000121070705063, 0.000306846515741, -0.000546118593775, 0.000278949330095, -0.000398643955123, 0.000459672010038, -0.000676535360981, 0.00034871767275, -0.000576614052989, 0.000440751871793, -0.000439314695541, -0.000181584400707], [-0.000121070705063, 0.0061496887356, -0.00106573058292, 0.00399326533079, -0.0039690816775, 0.00309212645516, -0.00746269337833, 0.00677327718586, -0.00345592782833, 0.00373364775442, -0.00391365354881, 0.0048411837779, -0.00172308646142], [0.000306846515741, -0.00106573058292, 0.00624490343034, -0.00084592110943, -0.00147528364323, -0.00211744918488, 0.00109828240238, -0.00368848303333, -0.000265639682766, -0.00333904451691, 0.00476011447608, -0.00235449965112, 0.00051901693223], [-0.000546118593775, 0.00399326533079, -0.00084592110943, 0.00882822833955, -0.00215756637044, 0.000402549398132, -0.00635951571167, 0.00364419911057, -0.00492510944605, 0.00581255694851, -0.00372013356537, 0.00313309882767, 0.000877598649822], [0.000278949330095, -0.0039690816775, -0.00147528364323, -0.00215756637044, 0.0140706272796, -0.0053314906545, 0.000651399313938, -0.00700263353065, 0.00674363458529, -0.00664283335209, 0.00209841108881, 0.00129899627063, -0.00135001400486], [-0.000398643955123, 0.00309212645516, -0.00211744918488, 0.000402549398132, -0.0053314906545, 0.0151248956099, -0.0052577550523, 0.000584186112974, -0.00145255634561, 0.00324895372614, -0.00431003049016, 0.000244138689595, 0.000122765355627], [0.000459672010038, -0.00746269337833, 0.00109828240238, -0.00635951571167, 0.000651399313938, -0.0052577550523, 0.0253461711109, -0.00936407316476, -0.00418037828058, -0.00137639814056, 0.0020665905904, -0.00629189563915, 0.000447997153969], [-0.000676535360981, 0.00677327718586, -0.00368848303333, 0.00364419911057, -0.00700263353065, 0.000584186112974, -0.00936407316476, 0.0275322310627, -0.00452476879582, -0.00661839172244, -4.46771628049e-005, 0.00627681287006, -0.00185567862354], [0.00034871767275, -0.00345592782833, -0.000265639682766, -0.00492510944605, 0.00674363458529, -0.00145255634561, -0.00418037828058, -0.00452476879582, 0.0278632808477, -0.00271496269852, -0.010659606196, 0.00282746157609, -0.00150024343748], [-0.000576614052989, 0.00373364775442, -0.00333904451691, 0.00581255694851, -0.00664283335209, 0.00324895372614, -0.00137639814056, -0.00661839172244, -0.00271496269852, 0.0343284681439, -0.0151052158326, -0.0103493826464, 0.00540189258754], [0.000440751871793, -0.00391365354881, 0.00476011447608, -0.00372013356537, 0.00209841108881, -0.00431003049016, 0.0020665905904, -4.46771628049e-005, -0.010659606196, -0.0151052158326, 0.032301556319, -0.00384786352515, -0.00496746692806], [-0.000439314695541, 0.0048411837779, -0.00235449965112, 0.00313309882767, 0.00129899627063, 0.000244138689595, -0.00629189563915, 0.00627681287006, 0.00282746157609, -0.0103493826464, -0.00384786352515, 0.0291993580759, -0.0102704819292], [-0.000181584400707, -0.00172308646142, 0.00051901693223, 0.000877598649822, -0.00135001400486, 0.000122765355627, 0.000447997153969, -0.00185567862354, -0.00150024343748, 0.00540189258754, -0.00496746692806, -0.0102704819292, 0.021210424602]]
    },
    "melbands": {
        "mean": [0.00967056956142, 0.00253224908374, 0.00154753471725, 0.00123508635443, 0.000661345373373, 0.00131467031315, 0.0011092122877, 0.00068272172939, 0.000213111401536, 0.000167133010109, 0.000169188395375, 0.000104097816802, 7.47715384932e-005, 6.78750730003e-005, 4.30290965596e-005, 5.05235766468e-005, 3.32885283569e-005, 3.04449113173e-005, 2.04374100576e-005, 1.44879695654e-005, 1.03159209175e-005, 7.88046963862e-006, 6.50921401757e-006, 5.04248055222e-006, 4.25781536251e-006, 3.88272883356e-006, 3.20131766784e-006, 2.76804621535e-006, 2.44241982728e-006, 1.92143124877e-006, 1.56580131261e-006, 1.55433599502e-006, 1.346587851e-006, 1.27694397634e-006, 9.38768380365e-007, 8.68444203661e-007, 6.59832835481e-007, 5.67276970287e-007, 6.69560222377e-007, 6.25313077762e-007],
        "var": [0.000261126988335, 9.19719877857e-006, 3.01645536638e-006, 2.26682618631e-006, 4.82652296796e-007, 1.63499316841e-006, 7.3344995144e-007, 2.94656473443e-007, 3.52958373639e-008, 2.81589116469e-008, 2.16320952262e-008, 1.04545385682e-008, 5.22953946813e-009, 6.30156637982e-009, 4.13395540022e-009, 3.75238906614e-009, 1.89509252735e-009, 1.84821080662e-009, 1.50131618248e-009, 1.24851184946e-009, 6.97780055958e-010, 4.986725477e-010, 2.51717202637e-010, 1.88554616365e-010, 1.28602642424e-010, 8.9343935028e-011, 7.47740827589e-011, 4.90682425247e-011, 4.34944823213e-011, 3.81876717748e-011, 2.20634222697e-011, 2.61460315204e-011, 2.21170928794e-011, 1.87050357842e-011, 1.12085228252e-011, 1.29298845936e-011, 7.45196092333e-012, 5.99538474422e-012, 9.52187460823e-012, 6.57889975136e-012]
    },
    "mfcc": {
        "mean": [-651.797668457, 173.198501587, 9.47258377075, 19.2802600861, -6.80657863617, 11.0909862518, -6.68920755386, -0.902778983116, -4.23414897919, 5.74028348923, 2.96145772934, 2.11329317093, 3.89734530449],
        "cov": [[3738.9050293, -873.797790527, 57.1969490051, 72.2098007202, 196.412857056, 9.37023925781, 134.662307739, 52.5304794312, 90.7929611206, 1.58454620838, 39.9164848328, 98.3501739502, 69.2361221313], [-873.797790527, 882.482788086, -65.78465271, -8.73376560211, -99.600151062, 45.9894714355, -6.01700115204, -0.410945743322, -8.04287338257, 31.9098644257, 15.0365285873, -36.1369667053, -3.23594665527], [57.1969490051, -65.78465271, 192.558059692, 19.7301959991, 74.2812957764, 26.2972869873, 57.1582221985, 34.1907997131, 54.0815696716, 28.4187088013, 37.2231864929, 26.1295528412, 25.9703826904], [72.2098007202, -8.73376560211, 19.7301959991, 151.6199646, -11.388001442, 33.0233802795, 3.57855939865, 38.5418128967, 10.7061405182, 30.5017223358, 18.609172821, 18.0044708252, 2.35123968124], [196.412857056, -99.600151062, 74.2812957764, -11.388001442, 192.0806427, 17.1531715393, 117.689155579, 12.8288612366, 73.8412322998, 18.7395992279, 45.5439147949, 27.8926830292, 34.0218162537], [9.37023925781, 45.9894714355, 26.2972869873, 33.0233802795, 17.1531715393, 94.3328933716, 34.7519798279, 40.61668396, 14.3938217163, 24.0582637787, 21.6065177917, 21.4896717072, 15.700551033], [134.662307739, -6.01700115204, 57.1582221985, 3.57855939865, 117.689155579, 34.7519798279, 149.102996826, 30.9868564606, 75.8426818848, 25.8122653961, 55.4007949829, 32.9477424622, 40.1003723145], [52.5304794312, -0.410945743322, 34.1907997131, 38.5418128967, 12.8288612366, 40.61668396, 30.9868564606, 70.0359649658, 29.3101425171, 27.2611999512, 20.0186977386, 18.6152133942, 10.7811384201], [90.7929611206, -8.04287338257, 54.0815696716, 10.7061405182, 73.8412322998, 14.3938217163, 75.8426818848, 29.3101425171, 82.2566375732, 27.6865005493, 29.792339325, 14.0613985062, 24.2109718323], [1.58454620838, 31.9098644257, 28.4187088013, 30.5017223358, 18.7395992279, 24.0582637787, 25.8122653961, 27.2611999512, 27.6865005493, 57.7073516846, 35.0879631042, 21.8635368347, 7.47564458847], [39.9164848328, 15.0365285873, 37.2231864929, 18.609172821, 45.5439147949, 21.6065177917, 55.4007949829, 20.0186977386, 29.792339325, 35.0879631042, 82.7490997314, 43.3980178833, 25.793214798], [98.3501739502, -36.1369667053, 26.1295528412, 18.0044708252, 27.8926830292, 21.4896717072, 32.9477424622, 18.6152133942, 14.0613985062, 21.8635368347, 43.3980178833, 63.5066680908, 32.1403121948], [69.2361221313, -3.23594665527, 25.9703826904, 2.35123968124, 34.0218162537, 15.700551033, 40.1003723145, 10.7811384201, 24.2109718323, 7.47564458847, 25.793214798, 32.1403121948, 59.5468978882]],
        "icov": [[0.000375751929823, 0.000367725180695, 0.000205321863177, -0.000135117792524, -4.06044491683e-005, -5.27550255356e-005, -0.000170625149622, -5.73814359086e-005, -0.000236367588514, 6.5277745307e-005, 7.70122860558e-005, -0.000215674066567, -0.000167760852491], [0.000367725180695, 0.00186779850628, 0.000631023023743, 0.000231695506955, 0.00131010788027, -0.00109918054659, -0.000791321508586, 0.000622471270617, -0.00047362051555, -0.00116497848649, -0.000887376896571, 0.0017437110655, -0.000866895832587], [0.000205321863177, 0.000631023023743, 0.00727413175628, -0.000138068717206, -0.00153548608068, -0.000782963703386, 0.00103700277396, -0.00140355248004, -0.00296952924691, -0.000603851571213, -0.00115687109064, 4.90406710014e-005, -0.000974152993876], [-0.000135117792524, 0.000231695506955, -0.000138068717206, 0.00847752019763, 0.00112064217683, -0.00141490041278, 0.000803660834208, -0.00284774811007, -0.000284394278424, -0.00272257858887, -0.00058077822905, -0.000497438828461, 0.00057983834995], [-4.06044491683e-005, 0.00131010788027, -0.00153548608068, 0.00112064217683, 0.0129820844159, -0.000944591825828, -0.00756154209375, 0.00383906601928, -0.00451970146969, -0.000119220116176, -0.00101904361509, 0.000194068386918, 0.000161977586686], [-5.27550255356e-005, -0.00109918054659, -0.000782963703386, -0.00141490041278, -0.000944591825828, 0.0167483519763, -0.00334607018158, -0.00797798484564, 0.00544011872262, -0.00243193423375, 0.00166565168183, -0.00176867260598, -0.00145300640725], [-0.000170625149622, -0.000791321508586, 0.00103700277396, 0.000803660834208, -0.00756154209375, -0.00334607018158, 0.0212345477194, -0.00175224652048, -0.0106243668124, 0.00395461264998, -0.00596443284303, -0.000627340108622, -0.00236334651709], [-5.73814359086e-005, 0.000622471270617, -0.00140355248004, -0.00284774811007, 0.00383906601928, -0.00797798484564, -0.00175224652048, 0.0260103493929, -0.00739691685885, -0.00403394596651, 0.00122380850371, -0.00244833831675, 0.00151128461584], [-0.000236367588514, -0.00047362051555, -0.00296952924691, -0.000284394278424, -0.00451970146969, 0.00544011872262, -0.0106243668124, -0.00739691685885, 0.032801952213, -0.00940271932632, 0.00197722995654, 0.0065562161617, -0.00535424705595], [6.5277745307e-005, -0.00116497848649, -0.000603851571213, -0.00272257858887, -0.000119220116176, -0.00243193423375, 0.00395461264998, -0.00403394596651, -0.00940271932632, 0.0322748981416, -0.00914942473173, -0.00536936381832, 0.00564062315971], [7.70122860558e-005, -0.000887376896571, -0.00115687109064, -0.00058077822905, -0.00101904361509, 0.00166565168183, -0.00596443284303, 0.00122380850371, 0.00197722995654, -0.00914942473173, 0.0265595987439, -0.0128557570279, 0.000106876846985], [-0.000215674066567, 0.0017437110655, 4.90406710014e-005, -0.000497438828461, 0.000194068386918, -0.00176867260598, -0.000627340108622, -0.00244833831675, 0.0065562161617, -0.00536936381832, -0.0128557570279, 0.0348489582539, -0.0136676812544], [-0.000167760852491, -0.000866895832587, -0.000974152993876, 0.00057983834995, 0.000161977586686, -0.00145300640725, -0.00236334651709, 0.00151128461584, -0.00535424705595, 0.00564062315971, 0.000106876846985, -0.0136676812544, 0.0277515165508]]
    },
    "spectral_contrast_coeffs": {
        "mean": [-0.645319283009, -0.697205901146, -0.76879966259, -0.799907445908, -0.829206883907, -0.753204524517],
        "var": [0.0102989021689, 0.00369180319831, 0.00242460635491, 0.00133848236874, 0.00050408806419, 0.00193399074487]
    },
    "spectral_contrast_valleys": {
        "mean": [-6.68745613098, -6.0314207077, -6.91812944412, -7.51891708374, -7.90045928955, -10.8889017105],
        "var": [1.07523989677, 0.526313722134, 0.61442565918, 0.696102261543, 0.784833610058, 1.1050286293]
    }
},
"metadata": {
    "audio_properties": {
        "analysis_sample_rate": 44100,
        "bit_rate": 128074,
        "equal_loudness": 0,
        "length": 45.0612258911,
        "lossless": 0,
        "replay_gain": -5.50254058838,
        "sample_rate": 44100,
        "codec": "mp3",
        "downmix": "mix",
        "md5_encoded": "711bd1db2bb09f986e1fb89a8d9fcf5d"
    },
    "tags": {
        "file_name": "1383.mp3"
    },
    "version": {
        "essentia": "2.1-beta2",
        "essentia_git_sha": "v2.1_beta2",
        "extractor": "music 1.0"
    }
},
"rhythm": {
    "beats_count": 70,
    "beats_loudness": {
        "mean": 0.0924558117986,
        "var": 0.00543660251424
    },
    "bpm": 94.0796127319,
    "bpm_histogram_first_peak_bpm": {
        "mean": 94,
        "var": 0
    },
    "bpm_histogram_first_peak_spread": {
        "mean": 0.265625,
        "var": 0
    },
    "bpm_histogram_first_peak_weight": {
        "mean": 0.681159436703,
        "var": 0
    },
    "bpm_histogram_second_peak_bpm": {
        "mean": 99,
        "var": 0
    },
    "bpm_histogram_second_peak_spread": {
        "mean": 0.199999958277,
        "var": 0
    },
    "bpm_histogram_second_peak_weight": {
        "mean": 0.0579710155725,
        "var": 0
    },
    "danceability": 1.0699877739,
    "onset_rate": 3.85967278481,
    "beats_loudness_band_ratio": {
        "mean": [0.588006556034, 0.205279231071, 0.152819812298, 0.0579156391323, 0.0238582175225, 0.0157961342484],
        "var": [0.0531642362475, 0.0216832719743, 0.0108802728355, 0.00187411368825, 0.000562014756724, 0.000420448894147]
    },
    "beats_position": [0.580498874187, 1.17260766029, 1.77632653713, 2.38004541397, 2.9837641716, 3.58748292923, 4.20281171799, 4.82975053787, 5.46829938889, 6.10684776306, 6.74539661407, 7.38394546509, 8.0224943161, 8.66104316711, 9.29959201813, 9.93814086914, 10.5766887665, 11.2152376175, 11.8537864685, 12.4923353195, 13.1308841705, 13.7694330215, 14.4079818726, 15.0465307236, 15.6850786209, 16.3236274719, 16.9621772766, 17.600725174, 18.2392749786, 18.877822876, 19.5163707733, 20.154920578, 20.7818584442, 21.43201828, 22.0705661774, 22.7091159821, 23.3476638794, 23.9862117767, 24.6247615814, 25.2633094788, 25.9018592834, 26.5404071808, 27.1789569855, 27.8175048828, 28.4444446564, 29.0946025848, 29.7215423584, 30.3717002869, 30.9986381531, 31.6487979889, 32.2873458862, 32.9258956909, 33.5528335571, 34.2029914856, 34.8299331665, 35.480091095, 36.1070289612, 36.7571868896, 37.3957366943, 38.034286499, 38.6612243652, 39.2997741699, 39.9383201599, 40.5768699646, 41.2154197693, 41.8539657593, 42.492515564, 43.1310653687, 43.7696151733, 44.4081611633]
},
"tonal": {
    "chords_changes_rate": 0.0154320988804,
    "chords_number_rate": 0.00308641977608,
    "chords_strength": {
        "mean": 0.535245597363,
        "var": 0.00543098244816
    },
    "hpcp_entropy": {
        "mean": 2.35715723038,
        "var": 0.336768090725
    },
    "key_strength": 0.677985966206,
    "tuning_diatonic_strength": 0.624235987663,
    "tuning_equal_tempered_deviation": 0.168337389827,
    "tuning_frequency": 434.193115234,
    "tuning_nontempered_energy_ratio": 0.902258455753,
    "hpcp": {
        "mean": [0.0280551612377, 0.0366435199976, 0.0903593823314, 0.371334403753, 0.450129777193, 0.190642669797, 0.11579079181, 0.131431952119, 0.0923675522208, 0.0575784742832, 0.044482037425, 0.0908265858889, 0.283206164837, 0.31260997057, 0.110157184303, 0.0171494372189, 0.0131910201162, 0.0293217282742, 0.080140247941, 0.0800907984376, 0.0277570709586, 0.0106390081346, 0.00941839814186, 0.199984297156, 0.416585326195, 0.250841110945, 0.107756562531, 0.355576992035, 0.387150287628, 0.127304047346, 0.0311924535781, 0.0252557266504, 0.0539157874882, 0.187009960413, 0.200097694993, 0.0675122737885],
        "var": [0.011382500641, 0.0174768269062, 0.0309336986393, 0.0927796289325, 0.122690156102, 0.0372846722603, 0.0448699258268, 0.0562799349427, 0.0367341563106, 0.017791159451, 0.0109291598201, 0.0276927743107, 0.0799333080649, 0.0848206207156, 0.0196317937225, 0.00318450294435, 0.00212435121648, 0.00415188679472, 0.017684083432, 0.0171111784875, 0.00263873906806, 0.000781733950134, 0.000475374603411, 0.0461629703641, 0.177328839898, 0.0564203374088, 0.0167584698647, 0.0923520997167, 0.108741424978, 0.0219927839935, 0.0083516323939, 0.00791127979755, 0.00916409958154, 0.0612998194993, 0.0742301717401, 0.0132168103009]
    },
    "chords_histogram": [68.724281311, 9.56790161133, 21.707818985, 0, 0, 0, 0, 0, 0, 0, 0, 0, 0, 0, 0, 0, 0, 0, 0, 0, 0, 0, 0, 0],
    "thpcp": [1, 0.42352822423, 0.257238686085, 0.29198679328, 0.205202043056, 0.127915278077, 0.0988204702735, 0.201778665185, 0.629165589809, 0.694488525391, 0.244723170996, 0.0380988717079, 0.029304927215, 0.0651406124234, 0.178038090467, 0.177928239107, 0.0616645962, 0.0236354246736, 0.0209237392992, 0.444281429052, 0.925478279591, 0.557263970375, 0.2393899858, 0.789943277836, 0.860085904598, 0.282816320658, 0.0692965760827, 0.0561076551676, 0.119778320193, 0.415457874537, 0.444533348083, 0.149984017015, 0.0623268298805, 0.081406570971, 0.200740739703, 0.824949681759],
    "chords_key": "F#",
    "chords_scale": "major",
    "key_key": "F#",
    "key_scale": "major"
}
}