{
"lowlevel": {
    "average_loudness": 0.775523006916,
    "barkbands_crest": {
        "mean": 11.2174501419,
        "var": 18.2013816833
    },
    "barkbands_flatness_db": {
        "mean": 0.161460116506,
        "var": 0.00269416416995
    },
    "barkbands_kurtosis": {
        "mean": 5.95616960526,
        "var": 89.164894104
    },
    "barkbands_skewness": {
        "mean": 1.73481750488,
        "var": 1.32211732864
    },
    "barkbands_spread": {
        "mean": 14.1901483536,
        "var": 77.8546829224
    },
    "dissonance": {
        "mean": 0.449331879616,
        "var": 0.000879858096596
    },
    "dynamic_complexity": 1.1623339653,
    "erbbands_crest": {
        "mean": 9.39855194092,
        "var": 15.9438142776
    },
    "erbbands_flatness_db": {
        "mean": 0.157294511795,
        "var": 0.00170168047771
    },
    "erbbands_kurtosis": {
        "mean": 1.25825846195,
        "var": 3.07040715218
    },
    "erbbands_skewness": {
        "mean": 0.781849145889,
        "var": 0.385778099298
    },
    "erbbands_spread": {
        "mean": 29.3614711761,
        "var": 189.42388916
    },
    "hfc": {
        "mean": 22.89985466,
        "var": 244.954544067
    },
    "melbands_crest": {
        "mean": 14.0851383209,
        "var": 39.9462623596
    },
    "melbands_flatness_db": {
        "mean": 0.253039062023,
        "var": 0.00423018541187
    },
    "melbands_kurtosis": {
        "mean": 12.9125165939,
        "var": 415.926239014
    },
    "melbands_skewness": {
        "mean": 2.41684126854,
        "var": 2.40099143982
    },
    "melbands_spread": {
        "mean": 14.232006073,
        "var": 87.1785964966
    },
    "pitch_salience": {
        "mean": 0.532783865929,
        "var": 0.0169571265578
    },
    "silence_rate_20dB": {
        "mean": 0.994850695133,
        "var": 0.00512284273282
    },
    "silence_rate_30dB": {
        "mean": 0.883110225201,
        "var": 0.103226445615
    },
    "silence_rate_60dB": {
        "mean": 0.00154479919001,
        "var": 0.00154241069686
    },
    "spectral_centroid": {
        "mean": 764.444396973,
        "var": 164052
    },
    "spectral_complexity": {
        "mean": 20.3135948181,
        "var": 60.8979949951
    },
    "spectral_decrease": {
        "mean": -1.6053137486e-008,
        "var": 2.16576451385e-016
    },
    "spectral_energy": {
        "mean": 0.0626653656363,
        "var": 0.00314182951115
    },
    "spectral_energyband_high": {
        "mean": 0.000676588912029,
        "var": 1.96975111066e-006
    },
    "spectral_energyband_low": {
        "mean": 0.0348529331386,
        "var": 0.00274997344241
    },
    "spectral_energyband_middle_high": {
        "mean": 0.00558247976005,
        "var": 1.34800311571e-005
    },
    "spectral_energyband_middle_low": {
        "mean": 0.0216701310128,
        "var": 0.000153839311679
    },
    "spectral_entropy": {
        "mean": 7.26234912872,
        "var": 0.224429726601
    },
    "spectral_flux": {
        "mean": 0.10855999589,
        "var": 0.00210722465999
    },
    "spectral_kurtosis": {
        "mean": 8.6385679245,
        "var": 29.6707324982
    },
    "spectral_rms": {
        "mean": 0.00730862561613,
        "var": 7.72091607359e-006
    },
    "spectral_rolloff": {
        "mean": 765.947631836,
        "var": 537686
    },
    "spectral_skewness": {
        "mean": 2.3953268528,
        "var": 0.431741923094
    },
    "spectral_spread": {
        "mean": 4371714.5,
        "var": 3.24613098701e+012
    },
    "spectral_strongpeak": {
        "mean": 0.872542440891,
        "var": 0.57919973135
    },
    "zerocrossingrate": {
        "mean": 0.0373826809227,
        "var": 0.000554182915948
    },
    "barkbands": {
        "mean": [0.0053393621929, 0.0272687766701, 0.00219572125934, 0.00106460659299, 0.00459657330066, 0.00660008052364, 0.00691210012883, 0.00126003753394, 0.00110471050721, 0.000702724209987, 0.000639717211016, 0.00212128018029, 0.000826728646643, 0.000337400328135, 0.000185541066458, 0.000356749922503, 0.000138480187161, 0.000183373660548, 0.000102987600258, 9.97919996735e-005, 0.000107291838503, 8.4966137365e-005, 0.000142324672197, 0.000176943358383, 6.92167086527e-005, 4.39856594312e-005, 3.90169589082e-006],
        "var": [0.000455801433418, 0.00139497790951, 5.12777523909e-006, 1.69745180756e-006, 2.02376850211e-005, 3.53747418558e-005, 4.20451578975e-005, 1.84312489182e-006, 1.05502078895e-006, 5.45354055248e-007, 3.27215076368e-007, 3.68991413779e-006, 4.25032880003e-007, 1.12456675083e-007, 6.32653325283e-008, 1.36242064741e-007, 8.50850696565e-008, 1.16825383145e-007, 7.37494048053e-008, 7.03356661802e-008, 9.09971689111e-008, 7.31780005481e-008, 7.97360470983e-008, 9.99183669137e-008, 1.90060873706e-008, 1.13469766916e-008, 1.52172302537e-010]
    },
    "erbbands": {
        "mean": [0.952890813351, 5.40212631226, 4.16134881973, 3.74714970589, 9.43142414093, 13.8792114258, 42.3330688477, 52.7075614929, 123.116218567, 30.9375705719, 25.3109931946, 24.0590400696, 23.8754825592, 25.6773223877, 26.6637077332, 76.4477005005, 55.2729454041, 16.7083053589, 12.7146644592, 17.6646957397, 12.9351501465, 8.13649368286, 10.5787534714, 6.52316045761, 5.40159893036, 4.4637465477, 4.0343079567, 4.28744459152, 3.11495923996, 3.17662000656, 4.08669233322, 5.34651184082, 1.78780305386, 0.937408089638, 0.434170246124, 0.184259399772, 0.081255197525, 0.0164435915649, 0.000479073671158, 8.24650560389e-005],
        "var": [4.44589424133, 37.2756614685, 18.992023468, 14.847700119, 100.440505981, 206.909317017, 1627.50817871, 2144.84692383, 13845.0019531, 625.319824219, 638.118103027, 556.977050781, 468.814361572, 451.967468262, 633.460144043, 4618.02490234, 1929.8449707, 265.320526123, 194.854675293, 291.156494141, 226.797775269, 272.285797119, 363.051177979, 270.383911133, 163.304428101, 163.381393433, 150.067764282, 137.962371826, 91.2955627441, 62.7860107422, 71.8499221802, 82.1881027222, 12.0213756561, 3.55738306046, 0.805918455124, 0.186922475696, 0.044331818819, 0.00174688454717, 1.44543889746e-006, 5.10874986759e-009]
    },
    "gfcc": {
        "mean": [28.4860229492, 117.776954651, -90.7682876587, 10.5622501373, -55.4237670898, 25.8785667419, -42.1617851257, 7.73909139633, -16.9562034607, 9.29902076721, 0.217086777091, 11.3243904114, -9.57696819305],
        "cov": [[2527.80371094, -937.350158691, 2.75174045563, 357.801605225, -140.957962036, 127.861663818, -3.35307955742, 140.453262329, -61.2118225098, 76.5435256958, -35.7259635925, 113.368614197, -69.1085891724], [-937.350158691, 1086.22473145, 6.61779308319, -202.971984863, 183.234741211, -125.570091248, 29.3740348816, -127.160125732, 58.9083595276, -48.2749786377, 96.8187789917, -61.0174293518, 98.6651077271], [2.75174045563, 6.61779308319, 298.912139893, 74.6897583008, 11.2603187561, 76.5629653931, 8.19897270203, 10.1516904831, 12.495967865, -19.2150535583, 30.783908844, -0.0685787498951, -4.76514530182], [357.801605225, -202.971984863, 74.6897583008, 213.053161621, 27.189250946, 17.0038414001, 48.72133255, 19.379486084, -16.6797447205, 22.955947876, -4.52080583572, 21.5548400879, 5.88682222366], [-140.957962036, 183.234741211, 11.2603187561, 27.189250946, 158.457290649, 5.10502481461, 45.5044326782, -8.74689102173, 15.8283977509, 4.00136756897, 23.0116691589, -1.81878876686, 26.1203842163], [127.861663818, -125.570091248, 76.5629653931, 17.0038414001, 5.10502481461, 164.203048706, 10.2748851776, 36.9142799377, 13.7278995514, -16.7610359192, 2.51895833015, -7.69056749344, -19.990316391], [-3.35307955742, 29.3740348816, 8.19897270203, 48.72133255, 45.5044326782, 10.2748851776, 96.0907440186, 14.3073091507, 7.35211324692, 24.9823150635, 4.54384422302, 1.47274625301, 9.37868213654], [140.453262329, -127.160125732, 10.1516904831, 19.379486084, -8.74689102173, 36.9142799377, 14.3073091507, 79.5145568848, 24.7078971863, 8.01338481903, -7.98014211655, 6.17060136795, -14.6306629181], [-61.2118225098, 58.9083595276, 12.495967865, -16.6797447205, 15.8283977509, 13.7278995514, 7.35211324692, 24.7078971863, 64.4539108276, 12.2523593903, 13.9260511398, -4.90340471268, 11.072602272], [76.5435256958, -48.2749786377, -19.2150535583, 22.955947876, 4.00136756897, -16.7610359192, 24.9823150635, 8.01338481903, 12.2523593903, 55.5672683716, 2.16694927216, 14.6502332687, 1.28083610535], [-35.7259635925, 96.8187789917, 30.783908844, -4.52080583572, 23.0116691589, 2.51895833015, 4.54384422302, -7.98014211655, 13.9260511398, 2.16694927216, 63.3113937378, 6.39023828506, 8.00420951843], [113.368614197, -61.0174293518, -0.0685787498951, 21.5548400879, -1.81878876686, -7.69056749344, 1.47274625301, 6.17060136795, -4.90340471268, 14.6502332687, 6.39023828506, 43.35521698, 10.0445375443], [-69.1085891724, 98.6651077271, -4.76514530182, 5.88682222366, 26.1203842163, -19.990316391, 9.37868213654, -14.6306629181, 11.072602272, 1.28083610535, 8.00420951843, 10.0445375443, 53.3053474426]],
        "icov": [[0.000810177007224, -7.74530999479e-005, 0.000508056371473, -0.00150600157212, 0.000661821570247, -0.000738987931982, 0.000771596969571, -0.00089725892758, 0.000572401797399, -0.000663087877911, -0.000205904740142, -0.00129841850139, 0.000594619312324], [-7.74530999479e-005, 0.00433013029397, -0.00131405913271, 0.00424872292206, -0.00339969433844, 0.00326211750507, -0.00284988223575, 0.00386853842065, -0.00256993016228, 0.0032953186892, -0.00338127277792, 0.00420378893614, -0.00407922966406], [0.000508056371473, -0.00131405913271, 0.00540145207196, -0.00423861807212, 0.00181022717152, -0.00313421338797, 0.00138511951081, -0.000722382508684, -0.000546838680748, 0.000875122088473, -0.00133048731368, -0.00216626306064, 0.00223802914843], [-0.00150600157212, 0.00424872292206, -0.00423861807212, 0.0137427635491, -0.00525020249188, 0.00441915681586, -0.00625789631158, 0.00322580500506, 0.000329166767187, 0.00161081808619, -0.00151589955203, 0.00455637369305, -0.00623490987346], [0.000661821570247, -0.00339969433844, 0.00181022717152, -0.00525020249188, 0.0116246938705, -0.00349934166297, -0.000963708676863, -0.00206319685094, 0.000639046367723, -0.00151065504178, 0.00016626426077, -0.00338299269788, 0.00100306095555], [-0.000738987931982, 0.00326211750507, -0.00313421338797, 0.00441915681586, -0.00349934166297, 0.0114113036543, -0.00382975768298, 0.000634446449112, -0.00351414270699, 0.00600560661405, -0.00215758779086, 0.00432134792209, -0.000826837262139], [0.000771596969571, -0.00284988223575, 0.00138511951081, -0.00625789631158, -0.000963708676863, -0.00382975768298, 0.0183592475951, -0.00644378364086, 0.00448272470385, -0.0100116943941, 0.00134923867881, 0.000309014430968, 0.000176037749043], [-0.00089725892758, 0.00386853842065, -0.000722382508684, 0.00322580500506, -0.00206319685094, 0.000634446449112, -0.00644378364086, 0.0248659718782, -0.0139280017465, 0.00605677999556, 0.00108028552495, -0.0016686078161, 0.0033628733363], [0.000572401797399, -0.00256993016228, -0.000546838680748, 0.000329166767187, 0.000639046367723, -0.00351414270699, 0.00448272470385, -0.0139280017465, 0.0285578221083, -0.011863745749, -0.00315107870847, 0.00527972541749, -0.00699754385278], [-0.000663087877911, 0.0032953186892, 0.000875122088473, 0.00161081808619, -0.00151065504178, 0.00600560661405, -0.0100116943941, 0.00605677999556, -0.011863745749, 0.0312088243663, -0.00209429766983, -0.00611489219591, 0.00253871572204], [-0.000205904740142, -0.00338127277792, -0.00133048731368, -0.00151589955203, 0.00016626426077, -0.00215758779086, 0.00134923867881, 0.00108028552495, -0.00315107870847, -0.00209429766983, 0.0225100852549, -0.00794438645244, 0.0040303748101], [-0.00129841850139, 0.00420378893614, -0.00216626306064, 0.00455637369305, -0.00338299269788, 0.00432134792209, 0.000309014430968, -0.0016686078161, 0.00527972541749, -0.00611489219591, -0.00794438645244, 0.038115054369, -0.0143342614174], [0.000594619312324, -0.00407922966406, 0.00223802914843, -0.00623490987346, 0.00100306095555, -0.000826837262139, 0.000176037749043, 0.0033628733363, -0.00699754385278, 0.00253871572204, 0.0040303748101, -0.0143342614174, 0.0315486304462]]
    },
    "melbands": {
        "mean": [0.00860884785652, 0.00404075114056, 0.000707946659531, 0.000926387379877, 0.00124865456019, 0.00137778406497, 0.0016142190434, 0.000279396364931, 0.000199638947379, 0.00014627201017, 0.000119961761811, 0.000105355102278, 8.67835988174e-005, 0.000119708740385, 0.000299630977679, 4.76957757201e-005, 2.88257579086e-005, 2.23318311328e-005, 1.49348006744e-005, 3.31962510245e-005, 1.04236660263e-005, 7.94558218331e-006, 8.73195585882e-006, 9.53501512413e-006, 4.73235195386e-006, 3.87929458157e-006, 3.83165934181e-006, 2.76009996014e-006, 2.46060335485e-006, 2.46253625846e-006, 2.52269614975e-006, 1.7628282194e-006, 1.53502105604e-006, 1.92612492356e-006, 2.25474514082e-006, 2.64938103101e-006, 3.65816117665e-006, 1.11169117645e-006, 1.02927992884e-006, 6.80513380757e-007],
        "var": [0.000220712812734, 1.82917083293e-005, 4.23555860607e-007, 9.69719849309e-007, 1.36347853186e-006, 1.3019398466e-006, 2.32213074014e-006, 7.27947337964e-008, 3.63454866203e-008, 2.00098657643e-008, 1.28297132918e-008, 8.04710786895e-009, 6.04875083354e-009, 1.42580827145e-008, 8.98596397292e-008, 1.97989380446e-009, 9.16603182244e-010, 5.97889737719e-010, 4.07287203963e-010, 1.07421760376e-009, 2.58102761386e-010, 2.75567180186e-010, 3.52531004388e-010, 2.85941770262e-010, 1.78888195923e-010, 1.07464849519e-010, 7.65301641503e-011, 7.60781715403e-011, 6.28724988738e-011, 5.82010967198e-011, 4.33053246041e-011, 3.04143758789e-011, 2.68504593559e-011, 2.00252835147e-011, 2.84710709869e-011, 1.83821534383e-011, 4.19386990413e-011, 4.46179248062e-012, 5.83720788719e-012, 1.8320839637e-012]
    },
    "mfcc": {
        "mean": [-625.899780273, 157.425231934, 22.0830688477, -1.25397574902, 11.3353624344, 9.26842689514, -0.42724993825, 3.90312337875, -9.44683170319, 1.48944652081, -2.7876393795, 13.5768871307, 5.98154115677],
        "cov": [[2061.47119141, -1083.5579834, 49.2649230957, 168.881973267, -25.3206748962, 7.00787115097, 46.0959587097, 86.9495239258, 23.0770206451, 15.7774877548, 60.7290153503, 16.5868091583, -5.89706707001], [-1083.5579834, 1143.07666016, -93.2960128784, -44.8362922668, 44.9408836365, 13.0461168289, -23.2857704163, -65.2730102539, -15.813290596, -38.84557724, -24.3925704956, -4.5921959877, 29.7046718597], [49.2649230957, -93.2960128784, 306.004455566, -16.4282245636, 47.6220741272, 24.4139518738, 23.3826732635, 44.8352470398, -28.9996814728, 43.9644432068, -20.9777469635, 19.4976463318, -8.55783748627], [168.881973267, -44.8362922668, -16.4282245636, 236.666641235, -8.18249225616, 26.4626064301, 39.6467285156, -17.783197403, 21.2707061768, -31.1288814545, 28.4568214417, -19.1713485718, 17.7617092133], [-25.3206748962, 44.9408836365, 47.6220741272, -8.18249225616, 119.213279724, 30.1711578369, 19.7359676361, 32.9650154114, -5.06583166122, 21.1230163574, -8.93265151978, 12.7470903397, 0.972968876362], [7.00787115097, 13.0461168289, 24.4139518738, 26.4626064301, 30.1711578369, 89.7166137695, 42.2199935913, 10.4692420959, 18.2881412506, 1.75778722763, 5.48998308182, 6.59661483765, 8.0244102478], [46.0959587097, -23.2857704163, 23.3826732635, 39.6467285156, 19.7359676361, 42.2199935913, 79.0331115723, 27.7428016663, 5.55859470367, 12.2566041946, 6.17734909058, 6.36854171753, 3.43826699257], [86.9495239258, -65.2730102539, 44.8352470398, -17.783197403, 32.9650154114, 10.4692420959, 27.7428016663, 71.7681503296, 11.4311742783, 27.6619129181, 7.07691431046, 10.4730987549, -4.32899951935], [23.0770206451, -15.813290596, -28.9996814728, 21.2707061768, -5.06583166122, 18.2881412506, 5.55859470367, 11.4311742783, 66.002532959, 12.739233017, 14.7304430008, 2.96438550949, -1.68667566776], [15.7774877548, -38.84557724, 43.9644432068, -31.1288814545, 21.1230163574, 1.75778722763, 12.2566041946, 27.6619129181, 12.739233017, 75.0981903076, 10.4455490112, 12.699552536, -3.96506714821], [60.7290153503, -24.3925704956, -20.9777469635, 28.4568214417, -8.93265151978, 5.48998308182, 6.17734909058, 7.07691431046, 14.7304430008, 10.4455490112, 51.715057373, 10.6480588913, 7.08465194702], [16.5868091583, -4.5921959877, 19.4976463318, -19.1713485718, 12.7470903397, 6.59661483765, 6.36854171753, 10.4730987549, 2.96438550949, 12.699552536, 10.6480588913, 50.0820999146, 6.86553764343], [-5.89706707001, 29.7046718597, -8.55783748627, 17.7617092133, 0.972968876362, 8.0244102478, 3.43826699257, -4.32899951935, -1.68667566776, -3.96506714821, 7.08465194702, 6.86553764343, 43.9559822083]],
        "icov": [[0.00109526270535, 0.00099876942113, 0.000221304406296, -0.000676626223139, -5.49275137018e-005, -0.000144057587022, 0.000328843045281, -0.000858093437273, 0.00037347804755, 0.000202911425731, -0.000307232810883, -0.000434210669482, -0.0001442591456], [0.00099876942113, 0.00194576184731, 0.000427787745139, -0.000200162015972, -0.000850004318636, -0.000179063223186, 0.000109722939669, 0.000381890538847, 0.000202789247851, 0.000536174862646, -0.000167643767782, -0.000250153447269, -0.000813979131635], [0.000221304406296, 0.000427787745139, 0.00489253550768, -0.00123721337877, 6.10744173173e-005, -0.00220030290075, 0.00143912888598, -0.00288192601874, 0.00359852658585, -0.00298691354692, 0.00292475707829, -0.001918441616, 0.000893883465324], [-0.000676626223139, -0.000200162015972, -0.00123721337877, 0.00746748317033, -0.00140571163502, 0.00150108581875, -0.00530481943861, 0.00455984845757, -0.00359044317156, 0.00386257050559, -0.00456211948767, 0.00394018413499, -0.00226219836622], [-5.49275137018e-005, -0.000850004318636, 6.10744173173e-005, -0.00140571163502, 0.0123462332413, -0.00464015128091, 0.00218155840412, -0.00624400284141, 0.00330439186655, -0.00311811012216, 0.00379090989009, -0.00241031264886, 0.000546167837456], [-0.000144057587022, -0.000179063223186, -0.00220030290075, 0.00150108581875, -0.00464015128091, 0.0191141907126, -0.010678187944, 0.00482954178005, -0.00738010229543, 0.00397623470053, -0.00234219245613, 0.000767174409702, -0.00267588766292], [0.000328843045281, 0.000109722939669, 0.00143912888598, -0.00530481943861, 0.00218155840412, -0.010678187944, 0.0236673206091, -0.0101117482409, 0.00547482958063, -0.0043669687584, 0.00295681855641, -0.00274566980079, 0.00121610471979], [-0.000858093437273, 0.000381890538847, -0.00288192601874, 0.00455984845757, -0.00624400284141, 0.00482954178005, -0.0101117482409, 0.0259178746492, -0.00667235534638, -0.000783526804298, -0.00469072721899, 0.00159621622879, 3.20492381434e-006], [0.00037347804755, 0.000202789247851, 0.00359852658585, -0.00359044317156, 0.00330439186655, -0.00738010229543, 0.00547482958063, -0.00667235534638, 0.0222061835229, -0.00594974635169, -0.000374954281142, -0.00218344735913, 0.00297011784278], [0.000202911425731, 0.000536174862646, -0.00298691354692, 0.00386257050559, -0.00311811012216, 0.00397623470053, -0.0043669687584, -0.000783526804298, -0.00594974635169, 0.0205098614097, -0.00608322490007, 9.59480457823e-005, -0.00028258736711], [-0.000307232810883, -0.000167643767782, 0.00292475707829, -0.00456211948767, 0.00379090989009, -0.00234219245613, 0.00295681855641, -0.00469072721899, -0.000374954281142, -0.00608322490007, 0.027505774051, -0.00688869459555, -0.00178507226519], [-0.000434210669482, -0.000250153447269, -0.001918441616, 0.00394018413499, -0.00241031264886, 0.000767174409702, -0.00274566980079, 0.00159621622879, -0.00218344735913, 9.59480457823e-005, -0.00688869459555, 0.0250501893461, -0.00444703735411], [-0.0001442591456, -0.000813979131635, 0.000893883465324, -0.00226219836622, 0.000546167837456, -0.00267588766292, 0.00121610471979, 3.20492381434e-006, 0.00297011784278, -0.00028258736711, -0.00178507226519, -0.00444703735411, 0.0258212666959]]
    },
    "spectral_contrast_coeffs": {
        "mean": [-0.695719182491, -0.694191217422, -0.794970989227, -0.76049464941, -0.796509861946, -0.787147581577],
        "var": [0.00320539064705, 0.00467852829024, 0.00148975430056, 0.00165072642267, 0.000856482540257, 0.000917139754165]
    },
    "spectral_contrast_valleys": {
        "mean": [-6.40482997894, -5.89122390747, -6.65559673309, -7.26167440414, -8.08206748962, -10.1839990616],
        "var": [0.478400796652, 0.353620231152, 0.355198264122, 0.407757788897, 0.75878149271, 0.91971385479]
    }
},
"metadata": {
    "audio_properties": {
        "analysis_sample_rate": 44100,
        "bit_rate": 128074,
        "equal_loudness": 0,
        "length": 45.0612258911,
        "lossless": 0,
        "replay_gain": -3.30354309082,
        "sample_rate": 44100,
        "codec": "mp3",
        "downmix": "mix",
        "md5_encoded": "6a4455de54082f18e41f6cf6bab646ec"
    },
    "tags": {
        "file_name": "1384.mp3"
    },
    "version": {
        "essentia": "2.1-beta2",
        "essentia_git_sha": "v2.1_beta2",
        "extractor": "music 1.0"
    }
},
"rhythm": {
    "beats_count": 90,
    "beats_loudness": {
        "mean": 0.074380941689,
        "var": 0.00375324254856
    },
    "bpm": 107.58782959,
    "bpm_histogram_first_peak_bpm": {
        "mean": 108,
        "var": 0
    },
    "bpm_histogram_first_peak_spread": {
        "mean": 0.173913061619,
        "var": 0
    },
    "bpm_histogram_first_peak_weight": {
        "mean": 0.426966279745,
        "var": 0
    },
    "bpm_histogram_second_peak_bpm": {
        "mean": 144,
        "var": 0
    },
    "bpm_histogram_second_peak_spread": {
        "mean": 0.218749970198,
        "var": 0
    },
    "bpm_histogram_second_peak_weight": {
        "mean": 0.280898869038,
        "var": 0
    },
    "danceability": 1.23715960979,
    "onset_rate": 4.08149290085,
    "beats_loudness_band_ratio": {
        "mean": [0.458437800407, 0.25906637311, 0.23611305654, 0.0861534625292, 0.0239105727524, 0.0160317309201],
        "var": [0.0699579492211, 0.028248436749, 0.0304327886552, 0.00485305069014, 0.00091476214584, 0.000564614194445]
    },
    "beats_position": [0.429569154978, 0.870748281479, 1.31192743778, 1.764716506, 2.21750569344, 2.65868473053, 3.08825397491, 3.50621318817, 3.92417216301, 4.34213161469, 4.76009082794, 5.17804956436, 5.58439922333, 6.00235795975, 6.40870714188, 6.82666635513, 7.24462556839, 7.66258478165, 8.08054447174, 8.498503685, 8.91646194458, 9.33442115784, 9.75238037109, 10.1703395844, 10.5882987976, 11.0062580109, 11.4242172241, 11.8421764374, 12.2601356506, 12.6780948639, 13.0960540771, 13.5140132904, 13.9319725037, 14.3383216858, 14.756280899, 15.1858501434, 15.6154193878, 16.0449886322, 16.4977779388, 16.9505672455, 17.4033565521, 17.9838542938, 18.5643539429, 19.1564617157, 19.7253513336, 20.2942390442, 20.8631286621, 21.4204082489, 21.9776859283, 22.5349655151, 23.0806350708, 23.6379127502, 24.195192337, 24.7524719238, 25.3097496033, 25.8670291901, 26.4243087769, 26.9815864563, 27.527256012, 28.0729255676, 28.6302032471, 29.1874828339, 29.7447605133, 30.3020401001, 30.8593196869, 31.4165973663, 31.9738769531, 32.5311546326, 33.0884361267, 33.6457138062, 34.2029914856, 34.7602729797, 35.3175506592, 35.8748283386, 36.4204978943, 36.96616745, 37.5234451294, 38.0807266235, 38.638004303, 39.1952819824, 39.7525634766, 40.309841156, 40.8671188354, 41.4243965149, 41.981678009, 42.5389556885, 43.0962333679, 43.6535148621, 44.2107925415, 44.7680702209]
},
"tonal": {
    "chords_changes_rate": 0.0390946492553,
    "chords_number_rate": 0.00308641977608,
    "chords_strength": {
        "mean": 0.508187532425,
        "var": 0.0017994302325
    },
    "hpcp_entropy": {
        "mean": 2.1974029541,
        "var": 0.370216339827
    },
    "key_strength": 0.816262602806,
    "tuning_diatonic_strength": 0.614387452602,
    "tuning_equal_tempered_deviation": 0.218512013555,
    "tuning_frequency": 434.193115234,
    "tuning_nontempered_energy_ratio": 0.965156853199,
    "hpcp": {
        "mean": [0.0328961014748, 0.0213504638523, 0.0184200648218, 0.0313741378486, 0.0394205525517, 0.0293351262808, 0.041845921427, 0.051053725183, 0.0454873107374, 0.0964094921947, 0.226431488991, 0.413364499807, 0.527664721012, 0.403090387583, 0.1756529212, 0.0682906061411, 0.0470115989447, 0.0505684390664, 0.222721844912, 0.329038083553, 0.169725820422, 0.103418387473, 0.113292582333, 0.096457503736, 0.104833476245, 0.061434995383, 0.0294247046113, 0.0805593654513, 0.106602758169, 0.0715475529432, 0.0538659058511, 0.0469269268215, 0.102556578815, 0.420048207045, 0.499380320311, 0.182966828346],
        "var": [0.00596484262496, 0.00417975103483, 0.00115984969307, 0.00403148727491, 0.00651880726218, 0.00207400205545, 0.00442975293845, 0.00776317669079, 0.00418123789132, 0.0248216539621, 0.0837946906686, 0.128390863538, 0.128075554967, 0.100163027644, 0.0433923080564, 0.0279941614717, 0.0190865956247, 0.0137412296608, 0.0465884283185, 0.0962704271078, 0.0305749364197, 0.0282332189381, 0.0350310951471, 0.0244863610715, 0.0666899979115, 0.018495451659, 0.00350778643042, 0.0135364765301, 0.0236417129636, 0.014764229767, 0.0131291355938, 0.0121664470062, 0.0142340343446, 0.0896519944072, 0.114250354469, 0.0275141801685]
    },
    "chords_histogram": [26.1316871643, 0, 0, 0, 0, 0, 0, 7.51028823853, 0, 66.3580245972, 0, 0, 0, 0, 0, 0, 0, 0, 0, 0, 0, 0, 0, 0],
    "thpcp": [1, 0.763913869858, 0.332887381315, 0.129420444369, 0.0890936926007, 0.0958344116807, 0.42208969593, 0.623574137688, 0.321654677391, 0.195992618799, 0.214705616236, 0.182800740004, 0.198674410582, 0.116428092122, 0.055764015764, 0.15267150104, 0.202027454972, 0.135592833161, 0.102083586156, 0.0889332294464, 0.194359362125, 0.796051323414, 0.946397006512, 0.346748262644, 0.0623428113759, 0.0404621772468, 0.0349086523056, 0.0594584718347, 0.0747075751424, 0.0555942542851, 0.0793039947748, 0.0967540964484, 0.0862049460411, 0.182709753513, 0.429120004177, 0.783384740353],
    "chords_key": "G#",
    "chords_scale": "major",
    "key_key": "C#",
    "key_scale": "minor"
}
}