{
"lowlevel": {
    "average_loudness": 0.972496747971,
    "barkbands_crest": {
        "mean": 11.0310926437,
        "var": 22.3896141052
    },
    "barkbands_flatness_db": {
        "mean": 0.123588100076,
        "var": 0.00205384707078
    },
    "barkbands_kurtosis": {
        "mean": 5.27662611008,
        "var": 76.6089096069
    },
    "barkbands_skewness": {
        "mean": 1.79299676418,
        "var": 1.57847499847
    },
    "barkbands_spread": {
        "mean": 18.9694805145,
        "var": 122.843429565
    },
    "dissonance": {
        "mean": 0.466314733028,
        "var": 0.000442493881565
    },
    "dynamic_complexity": 1.12197816372,
    "erbbands_crest": {
        "mean": 8.08204174042,
        "var": 10.4796447754
    },
    "erbbands_flatness_db": {
        "mean": 0.141062155366,
        "var": 0.0012907651253
    },
    "erbbands_kurtosis": {
        "mean": 0.17949603498,
        "var": 1.36353242397
    },
    "erbbands_skewness": {
        "mean": 0.428246796131,
        "var": 0.253495782614
    },
    "erbbands_spread": {
        "mean": 36.8374671936,
        "var": 254.556259155
    },
    "hfc": {
        "mean": 29.2668209076,
        "var": 436.054382324
    },
    "melbands_crest": {
        "mean": 16.6073856354,
        "var": 55.402256012
    },
    "melbands_flatness_db": {
        "mean": 0.198105499148,
        "var": 0.00447408016771
    },
    "melbands_kurtosis": {
        "mean": 14.4400663376,
        "var": 485.059143066
    },
    "melbands_skewness": {
        "mean": 2.69118833542,
        "var": 3.36798787117
    },
    "melbands_spread": {
        "mean": 19.6435394287,
        "var": 158.714019775
    },
    "pitch_salience": {
        "mean": 0.510949909687,
        "var": 0.0165121834725
    },
    "silence_rate_20dB": {
        "mean": 1,
        "var": 0
    },
    "silence_rate_30dB": {
        "mean": 0.970133900642,
        "var": 0.0289746299386
    },
    "silence_rate_60dB": {
        "mean": 0.00154479919001,
        "var": 0.00154241069686
    },
    "spectral_centroid": {
        "mean": 1199.66894531,
        "var": 239734.8125
    },
    "spectral_complexity": {
        "mean": 23.4706497192,
        "var": 76.059387207
    },
    "spectral_decrease": {
        "mean": -1.26998092043e-008,
        "var": 6.21764137885e-017
    },
    "spectral_energy": {
        "mean": 0.0505865961313,
        "var": 0.000904172775336
    },
    "spectral_energyband_high": {
        "mean": 0.00122740736697,
        "var": 3.20669869325e-006
    },
    "spectral_energyband_low": {
        "mean": 0.0252269767225,
        "var": 0.00104868691415
    },
    "spectral_energyband_middle_high": {
        "mean": 0.00777982221916,
        "var": 3.45668850059e-005
    },
    "spectral_energyband_middle_low": {
        "mean": 0.0175115987659,
        "var": 0.000121871802548
    },
    "spectral_entropy": {
        "mean": 7.63734865189,
        "var": 0.116264879704
    },
    "spectral_flux": {
        "mean": 0.11419159174,
        "var": 0.00271246675402
    },
    "spectral_kurtosis": {
        "mean": 4.7958612442,
        "var": 5.80045461655
    },
    "spectral_rms": {
        "mean": 0.00673300400376,
        "var": 4.01947090722e-006
    },
    "spectral_rolloff": {
        "mean": 1235.65380859,
        "var": 1437433.125
    },
    "spectral_skewness": {
        "mean": 1.70135998726,
        "var": 0.139834702015
    },
    "spectral_spread": {
        "mean": 4773755.5,
        "var": 2.85997400064e+012
    },
    "spectral_strongpeak": {
        "mean": 0.989805936813,
        "var": 0.908957898617
    },
    "zerocrossingrate": {
        "mean": 0.0536827780306,
        "var": 0.00100001064129
    },
    "barkbands": {
        "mean": [0.00257302075624, 0.018270323053, 0.00337215489708, 0.00158799800556, 0.0036960314028, 0.00504861446097, 0.00223815045319, 0.00152711605188, 0.00312976143323, 0.00214724405669, 0.000716811511666, 0.000825034396257, 0.00079240516061, 0.000959394150414, 0.000557311985176, 0.000674190581776, 0.000531936762854, 0.000320695136907, 0.000266796443611, 0.000255436229054, 0.000258483807556, 0.000248203403316, 0.000195869404706, 0.000183490250492, 0.000125350139569, 7.95331579866e-005, 5.25985387867e-006],
        "var": [1.26276772789e-005, 0.000647146545816, 5.09977871843e-005, 4.8162105486e-006, 5.28632481291e-005, 2.98253526125e-005, 1.55598208949e-005, 4.69527185487e-006, 9.35521984502e-006, 9.37864206207e-006, 1.00481884147e-006, 1.18167395158e-006, 8.60792567892e-007, 1.01706041278e-006, 5.47504896531e-007, 6.62394825213e-007, 5.19432944657e-007, 1.84467452868e-007, 1.51846677454e-007, 2.41578760551e-007, 2.08020708214e-007, 1.56467010015e-007, 9.38544246765e-008, 9.64079163168e-008, 3.44494566207e-008, 1.4538547255e-008, 6.942556946e-011]
    },
    "erbbands": {
        "mean": [0.894701242447, 2.58097338676, 3.77129888535, 5.6859703064, 5.10846471786, 14.4615249634, 30.1302185059, 45.4912261963, 40.3132514954, 20.8275508881, 37.6118011475, 47.6145935059, 97.0798110962, 48.5283622742, 29.8196296692, 26.2284374237, 31.9158687592, 57.4485054016, 27.221364975, 27.2975521088, 41.6546173096, 32.5159492493, 21.7432785034, 14.4606142044, 13.0845851898, 11.6725797653, 9.34486198425, 11.4338188171, 9.20419406891, 6.92249488831, 5.11533927917, 4.1777305603, 2.89418172836, 1.47147428989, 0.870749413967, 0.437485188246, 0.127628818154, 0.0221801251173, 0.000587229500525, 7.59098766139e-005],
        "var": [1.65666365623, 17.2551136017, 76.3084640503, 57.58644104, 110.495132446, 1248.75598145, 1147.60974121, 2843.81201172, 4623.0859375, 683.719177246, 1943.796875, 1797.01159668, 9256.48828125, 3122.72924805, 1107.79907227, 1184.88671875, 1246.87512207, 4025.36450195, 809.497131348, 1369.97167969, 2421.95898438, 1504.87792969, 804.174560547, 350.295532227, 402.247406006, 549.896179199, 281.84197998, 410.975463867, 194.365570068, 133.930526733, 62.6760864258, 47.821144104, 23.4110240936, 4.94288349152, 1.76952528954, 0.460248976946, 0.0359375625849, 0.00130630936474, 9.10497021778e-007, 2.13296069695e-009]
    },
    "gfcc": {
        "mean": [48.1121253967, 80.5454101563, -115.221366882, 14.825551033, -60.9137001038, 12.2218580246, -40.840965271, 12.7226495743, -22.1388168335, 7.41302490234, -20.4782924652, 8.53190612793, -8.09056568146],
        "cov": [[2063.86035156, -427.833892822, 70.8375244141, 297.785400391, -112.463645935, 142.217208862, -64.3061676025, 4.13344192505, -69.3642959595, 24.498008728, -47.4829139709, 10.4723882675, -40.8918190002], [-427.833892822, 803.043029785, 178.666564941, 91.6712265015, 320.702209473, 60.4782485962, 233.743728638, 117.440742493, 192.66343689, 105.039375305, 143.639358521, 19.9316616058, 83.3694763184], [70.8375244141, 178.666564941, 633.847351074, 441.367736816, 283.8152771, 292.529876709, 179.479660034, 207.169311523, 204.690826416, 116.224617004, 80.7088699341, 20.2923221588, 22.0128917694], [297.785400391, 91.6712265015, 441.367736816, 513.726196289, 272.215423584, 241.465866089, 167.457336426, 186.541061401, 176.494842529, 92.7612609863, 82.0688934326, 34.9043464661, 35.3990364075], [-112.463645935, 320.702209473, 283.8152771, 272.215423584, 333.086242676, 175.203369141, 199.616226196, 137.037506104, 153.788742065, 85.7547988892, 79.1895141602, 17.4802570343, 41.3037796021], [142.217208862, 60.4782485962, 292.529876709, 241.465866089, 175.203369141, 266.959564209, 140.361190796, 120.828529358, 119.790664673, 66.6246948242, 47.2982673645, 12.194776535, 27.4870185852], [-64.3061676025, 233.743728638, 179.479660034, 167.457336426, 199.616226196, 140.361190796, 201.824951172, 125.740379333, 117.267547607, 60.6330299377, 63.4307670593, 15.4524850845, 34.3520584106], [4.13344192505, 117.440742493, 207.169311523, 186.541061401, 137.037506104, 120.828529358, 125.740379333, 181.300689697, 146.861633301, 60.1313819885, 54.1252059937, 20.1637382507, 22.3255691528], [-69.3642959595, 192.66343689, 204.690826416, 176.494842529, 153.788742065, 119.790664673, 117.267547607, 146.861633301, 191.8644104, 98.0764846802, 71.1327438354, 24.3964500427, 37.4671287537], [24.498008728, 105.039375305, 116.224617004, 92.7612609863, 85.7547988892, 66.6246948242, 60.6330299377, 60.1313819885, 98.0764846802, 101.122673035, 69.2086639404, 23.8217582703, 21.6792564392], [-47.4829139709, 143.639358521, 80.7088699341, 82.0688934326, 79.1895141602, 47.2982673645, 63.4307670593, 54.1252059937, 71.1327438354, 69.2086639404, 110.28527832, 47.8117828369, 39.0750274658], [10.4723882675, 19.9316616058, 20.2923221588, 34.9043464661, 17.4802570343, 12.194776535, 15.4524850845, 20.1637382507, 24.3964500427, 23.8217582703, 47.8117828369, 63.0237197876, 42.3589248657], [-40.8918190002, 83.3694763184, 22.0128917694, 35.3990364075, 41.3037796021, 27.4870185852, 34.3520584106, 22.3255691528, 37.4671287537, 21.6792564392, 39.0750274658, 42.3589248657, 73.3962936401]],
        "icov": [[0.00096262950683, -0.000617155223154, 0.000986914965324, -0.00191073387396, 0.00152755214367, -0.00132563605439, 0.000555668084417, -0.000980078126304, 0.0022908996325, -0.00256207003258, 0.00187623815145, -0.0010468037799, 0.000730325758923], [-0.000617155223154, 0.00565442722291, -0.00239878776483, 0.0041459784843, -0.00515817245468, 0.00463401526213, -0.00392874283716, 0.00378759740852, -0.0064159091562, 0.00518001522869, -0.00695597473532, 0.00552019290626, -0.00393021758646], [0.000986914965324, -0.00239878776483, 0.00706399232149, -0.00542014045641, 0.00175203115214, -0.00540156383067, 0.00333486171439, -0.00371427484788, 0.00382823892869, -0.00528278807178, 0.00419972511008, -0.00260239001364, 0.00324820843525], [-0.00191073387396, 0.0041459784843, -0.00542014045641, 0.0116234496236, -0.00793529953808, 0.00340135931037, -0.00151369906962, 0.00157383445185, -0.00688622472808, 0.00773502839729, -0.00719658751041, 0.00290823518299, -0.00294928066432], [0.00152755214367, -0.00515817245468, 0.00175203115214, -0.00793529953808, 0.0165057536215, -0.00436344230548, -0.00443496461958, -0.000440760195488, 0.00460139056668, -0.00662171421573, 0.00644454918802, -0.0032085776329, 0.00259489309974], [-0.00132563605439, 0.00463401526213, -0.00540156383067, 0.00340135931037, -0.00436344230548, 0.0141199259087, -0.00726672494784, 0.0039771203883, -0.00660674180835, 0.00475845625624, -0.00530137401074, 0.00594329973683, -0.00530436867848], [0.000555668084417, -0.00392874283716, 0.00333486171439, -0.00151369906962, -0.00443496461958, -0.00726672494784, 0.0205302555114, -0.0106570860371, 0.00696872267872, -0.00392908835784, 0.00207246490754, -0.00123886426445, 0.000566792674363], [-0.000980078126304, 0.00378759740852, -0.00371427484788, 0.00157383445185, -0.000440760195488, 0.0039771203883, -0.0106570860371, 0.0254799127579, -0.0212663020939, 0.012883534655, -0.00675812456757, 0.000239365544985, 0.00201296433806], [0.0022908996325, -0.0064159091562, 0.00382823892869, -0.00688622472808, 0.00460139056668, -0.00660674180835, 0.00696872267872, -0.0212663020939, 0.0366201587021, -0.0257831923664, 0.0122000984848, -0.00300923059694, -0.00200747116469], [-0.00256207003258, 0.00518001522869, -0.00528278807178, 0.00773502839729, -0.00662171421573, 0.00475845625624, -0.00392908835784, 0.012883534655, -0.0257831923664, 0.0400071628392, -0.021974792704, 0.0051823402755, 0.000459750561276], [0.00187623815145, -0.00695597473532, 0.00419972511008, -0.00719658751041, 0.00644454918802, -0.00530137401074, 0.00207246490754, -0.00675812456757, 0.0122000984848, -0.021974792704, 0.0339059978724, -0.0194330122322, 0.00402937876061], [-0.0010468037799, 0.00552019290626, -0.00260239001364, 0.00290823518299, -0.0032085776329, 0.00594329973683, -0.00123886426445, 0.000239365544985, -0.00300923059694, 0.0051823402755, -0.0194330122322, 0.0415727160871, -0.0210302136838], [0.000730325758923, -0.00393021758646, 0.00324820843525, -0.00294928066432, 0.00259489309974, -0.00530436867848, 0.000566792674363, 0.00201296433806, -0.00200747116469, 0.000459750561276, 0.00402937876061, -0.0210302136838, 0.0294735766947]]
    },
    "melbands": {
        "mean": [0.00623214291409, 0.00245498609729, 0.000913908937946, 0.000665168219712, 0.000986592029221, 0.00101279595401, 0.000562382338103, 0.000251583813224, 0.000297276506899, 0.000371499190805, 0.000508745783009, 0.000220915215323, 9.03238396859e-005, 0.000100262317574, 4.82418035972e-005, 0.000109708125819, 9.86100785667e-005, 3.9222813939e-005, 4.98889603477e-005, 3.01520576613e-005, 4.97650325997e-005, 2.95961508527e-005, 2.93033990602e-005, 1.49089428305e-005, 1.13171518024e-005, 9.82738401945e-006, 9.27048040467e-006, 7.45533543522e-006, 5.93676804783e-006, 5.55482483833e-006, 7.14448606232e-006, 5.42995485375e-006, 4.16922011937e-006, 3.83220412914e-006, 2.97023052553e-006, 2.64850655185e-006, 2.52326231021e-006, 2.12249301512e-006, 1.56843645982e-006, 1.12278894449e-006],
        "var": [7.62857016525e-005, 2.14781357499e-005, 1.49993934428e-006, 3.26597387357e-006, 1.1564354736e-006, 1.23304698718e-006, 8.02777037734e-007, 1.16510989301e-007, 1.13940252788e-007, 1.28972175162e-007, 2.6821010124e-007, 7.42386419006e-008, 1.01632160465e-008, 1.94400620046e-008, 4.79569584044e-009, 1.4454612618e-008, 1.18145520034e-008, 2.36083308458e-009, 5.08904873797e-009, 2.03661243425e-009, 4.3976733366e-009, 1.11633080557e-009, 2.19655094114e-009, 3.46625561587e-010, 2.29170224464e-010, 2.16768172856e-010, 3.02218750026e-010, 2.3766896784e-010, 1.182836884e-010, 1.12454254242e-010, 1.69809902251e-010, 7.40215735928e-011, 4.90481232018e-011, 4.33272168143e-011, 2.30510211613e-011, 1.60505306962e-011, 1.96123152441e-011, 1.35681023708e-011, 6.57424809036e-012, 2.72524602711e-012]
    },
    "mfcc": {
        "mean": [-598.302856445, 121.517692566, -2.42129778862, 8.39901733398, -1.47614562511, -0.0459825731814, -6.53097963333, 2.37575054169, 2.00619649887, 0.586319983006, -1.27129018307, -2.09830999374, -4.91699123383],
        "cov": [[1550.20324707, -582.02130127, 108.303855896, 39.6760787964, -15.5512094498, 60.4248199463, -8.12711334229, -27.0247745514, -56.6070365906, -36.923614502, -23.981584549, -22.8291091919, -44.5336914063], [-582.02130127, 779.656188965, -80.0816650391, 85.9152984619, 58.5765762329, 45.3140830994, 87.796043396, 42.0019645691, 81.7178955078, 95.5121612549, 76.9722824097, 62.559009552, 76.2150497437], [108.303855896, -80.0816650391, 482.709136963, 206.545440674, 241.87701416, 169.200927734, 106.441650391, 142.902481079, 133.883468628, 135.791229248, 125.162963867, 91.3587112427, 78.9686355591], [39.6760787964, 85.9152984619, 206.545440674, 328.021850586, 206.366073608, 120.930725098, 117.881248474, 124.997268677, 120.078521729, 98.938873291, 117.55872345, 96.4513473511, 65.1854400635], [-15.5512094498, 58.5765762329, 241.87701416, 206.366073608, 240.226654053, 150.39151001, 106.580322266, 120.637680054, 121.688957214, 109.542259216, 106.378387451, 86.6252670288, 65.0469665527], [60.4248199463, 45.3140830994, 169.200927734, 120.930725098, 150.39151001, 195.682113647, 118.452308655, 83.6859130859, 86.1012420654, 82.2857894897, 74.7841796875, 46.2933883667, 47.0002593994], [-8.12711334229, 87.796043396, 106.441650391, 117.881248474, 106.580322266, 118.452308655, 150.441253662, 98.6449279785, 69.2258682251, 68.759727478, 63.3155899048, 48.0764846802, 28.4987010956], [-27.0247745514, 42.0019645691, 142.902481079, 124.997268677, 120.637680054, 83.6859130859, 98.6449279785, 149.169723511, 112.44303894, 78.0198745728, 77.529296875, 62.1370582581, 36.3524360657], [-56.6070365906, 81.7178955078, 133.883468628, 120.078521729, 121.688957214, 86.1012420654, 69.2258682251, 112.44303894, 150.02166748, 100.727096558, 83.5258407593, 60.0219459534, 46.5428733826], [-36.923614502, 95.5121612549, 135.791229248, 98.938873291, 109.542259216, 82.2857894897, 68.759727478, 78.0198745728, 100.727096558, 134.170608521, 98.9372711182, 58.4965858459, 44.8681640625], [-23.981584549, 76.9722824097, 125.162963867, 117.55872345, 106.378387451, 74.7841796875, 63.3155899048, 77.529296875, 83.5258407593, 98.9372711182, 130.333480835, 81.4426040649, 44.2011070251], [-22.8291091919, 62.559009552, 91.3587112427, 96.4513473511, 86.6252670288, 46.2933883667, 48.0764846802, 62.1370582581, 60.0219459534, 58.4965858459, 81.4426040649, 102.023193359, 57.4310684204], [-44.5336914063, 76.2150497437, 78.9686355591, 65.1854400635, 65.0469665527, 47.0002593994, 28.4987010956, 36.3524360657, 46.5428733826, 44.8681640625, 44.2011070251, 57.4310684204, 86.1459655762]],
        "icov": [[0.00102236645762, 0.000804310198873, -5.33827142135e-006, -0.000680246797856, 0.000895705248695, -0.000955107214395, 0.000131590932142, 0.000209483609069, 0.000378737255232, -0.000516794854775, 0.00030007067835, -0.000443061901024, 0.000255346792983], [0.000804310198873, 0.0025741874706, 0.0012458631536, -0.000548678042833, 0.00012952137331, 3.27173329424e-005, -0.00155288330279, 0.0012247042032, -0.000542299530935, -0.00139966257848, -0.00029937986983, 0.000141508193337, -0.0016259996919], [-5.33827142135e-006, 0.0012458631536, 0.00548223778605, -0.000155463814735, -0.00362408789806, -0.000943027203903, 0.000908528571017, -0.00185626395978, 0.0011450703023, -0.00237453659065, -0.000520625617355, 0.000909482012503, -0.00200020871125], [-0.000680246797856, -0.000548678042833, -0.000155463814735, 0.00840141344815, -0.00645645428449, 0.00311676715501, -0.00351677555591, 0.000692356086802, -0.00203333655372, 0.00318931788206, -0.00347494403832, 0.000455062894616, -0.001117994776], [0.000895705248695, 0.00012952137331, -0.00362408789806, -0.00645645428449, 0.0202805977315, -0.00844380073249, 0.00335621647537, -0.00269583705813, -0.000524297764059, -0.00303224194795, 0.00288712675683, -0.00501821190119, 0.00160351162776], [-0.000955107214395, 3.27173329424e-005, -0.000943027203903, 0.00311676715501, -0.00844380073249, 0.0178102664649, -0.0120637519285, 0.00583054265007, -0.00459213601425, 0.00269960891455, -0.00443951040506, 0.00616390490904, -0.00458392500877], [0.000131590932142, -0.00155288330279, 0.000908528571017, -0.00351677555591, 0.00335621647537, -0.0120637519285, 0.023107662797, -0.0135994432494, 0.00817605666816, -0.00535068986937, 0.00410778773949, -0.00392639311031, 0.00429154792801], [0.000209483609069, 0.0012247042032, -0.00185626395978, 0.000692356086802, -0.00269583705813, 0.00583054265007, -0.0135994432494, 0.0267683472484, -0.015760505572, 0.00506273191422, -0.00296456622891, -0.001632973901, 0.00074801419396], [0.000378737255232, -0.000542299530935, 0.0011450703023, -0.00203333655372, -0.000524297764059, -0.00459213601425, 0.00817605666816, -0.015760505572, 0.0255891699344, -0.0115333739668, 0.00243191188201, -0.000320734106936, -0.000840511405841], [-0.000516794854775, -0.00139966257848, -0.00237453659065, 0.00318931788206, -0.00303224194795, 0.00269960891455, -0.00535068986937, 0.00506273191422, -0.0115333739668, 0.0273877698928, -0.0151864821091, 0.00530680501834, -0.00259420694783], [0.00030007067835, -0.00029937986983, -0.000520625617355, -0.00347494403832, 0.00288712675683, -0.00443951040506, 0.00410778773949, -0.00296456622891, 0.00243191188201, -0.0151864821091, 0.0296269971877, -0.0162558760494, 0.00589254405349], [-0.000443061901024, 0.000141508193337, 0.000909482012503, 0.000455062894616, -0.00501821190119, 0.00616390490904, -0.00392639311031, -0.001632973901, -0.000320734106936, 0.00530680501834, -0.0162558760494, 0.0305245853961, -0.0137178432196], [0.000255346792983, -0.0016259996919, -0.00200020871125, -0.001117994776, 0.00160351162776, -0.00458392500877, 0.00429154792801, 0.00074801419396, -0.000840511405841, -0.00259420694783, 0.00589254405349, -0.0137178432196, 0.0233402103186]]
    },
    "spectral_contrast_coeffs": {
        "mean": [-0.609684348106, -0.701075196266, -0.729026257992, -0.773345172405, -0.779517114162, -0.745762228966],
        "var": [0.0121132964268, 0.00481197191402, 0.00346542033367, 0.00155831908341, 0.00097968953196, 0.0017346754903]
    },
    "spectral_contrast_valleys": {
        "mean": [-7.42730665207, -6.21658706665, -6.74476480484, -7.17235279083, -7.29429912567, -9.91755104065],
        "var": [1.67371237278, 0.437895536423, 0.444824486971, 0.442510247231, 0.521771609783, 1.16149413586]
    }
},
"metadata": {
    "audio_properties": {
        "analysis_sample_rate": 44100,
        "bit_rate": 128074,
        "equal_loudness": 0,
        "length": 45.0612258911,
        "lossless": 0,
        "replay_gain": -4.73706436157,
        "sample_rate": 44100,
        "codec": "mp3",
        "downmix": "mix",
        "md5_encoded": "d008cef395f9a2a2dba5de4c722579a9"
    },
    "tags": {
        "file_name": "1385.mp3"
    },
    "version": {
        "essentia": "2.1-beta2",
        "essentia_git_sha": "v2.1_beta2",
        "extractor": "music 1.0"
    }
},
"rhythm": {
    "beats_count": 97,
    "beats_loudness": {
        "mean": 0.0530522912741,
        "var": 0.000614049145952
    },
    "bpm": 136.826293945,
    "bpm_histogram_first_peak_bpm": {
        "mean": 136,
        "var": 0
    },
    "bpm_histogram_first_peak_spread": {
        "mean": 0.276315778494,
        "var": 0
    },
    "bpm_histogram_first_peak_weight": {
        "mean": 0.572916686535,
        "var": 0
    },
    "bpm_histogram_second_peak_bpm": {
        "mean": 110,
        "var": 0
    },
    "bpm_histogram_second_peak_spread": {
        "mean": 0.333333343267,
        "var": 0
    },
    "bpm_histogram_second_peak_weight": {
        "mean": 0.104166664183,
        "var": 0
    },
    "danceability": 1.68541455269,
    "onset_rate": 5.43459653854,
    "beats_loudness_band_ratio": {
        "mean": [0.392480701208, 0.242999926209, 0.148824885488, 0.132170051336, 0.0588346160948, 0.0524594374001],
        "var": [0.111415885389, 0.0328306518495, 0.0172017067671, 0.0166935026646, 0.00135565141682, 0.00306283379905]
    },
    "beats_position": [0.441179126501, 0.882358253002, 1.3235373497, 1.764716506, 2.22911548615, 2.70512461662, 3.1811337471, 3.62231278419, 4.06349182129, 4.5046710968, 4.94585037231, 5.3754196167, 5.80498838425, 6.24616765976, 6.68734693527, 7.12852573395, 7.56970500946, 8.01088428497, 8.45206356049, 8.88163280487, 9.31120204926, 9.75238037109, 10.1935596466, 10.6347389221, 11.0759181976, 11.5170974731, 11.9582767487, 12.387845993, 12.8174142838, 13.2585935593, 13.6997728348, 14.1409521103, 14.5821313858, 15.0233106613, 15.4528799057, 15.8824491501, 16.3236274719, 16.7648067474, 17.2059860229, 17.6471652985, 18.088344574, 18.5179138184, 18.9474830627, 19.3886623383, 19.8298416138, 20.2710208893, 20.7121982574, 21.1417675018, 21.5713367462, 22.0125160217, 22.4536952972, 22.8832645416, 23.3360538483, 23.7772331238, 24.2184123993, 24.6479816437, 25.0775508881, 25.5187301636, 25.9599094391, 26.4010887146, 26.8422679901, 27.2834453583, 27.7246246338, 28.1541938782, 28.5837631226, 29.0249423981, 29.4661216736, 29.895690918, 30.3368701935, 30.778049469, 31.2192287445, 31.6487979889, 32.0899772644, 32.5311546326, 32.9723358154, 33.4135131836, 33.8546943665, 34.2958717346, 34.7370529175, 35.1898422241, 35.7355079651, 36.2811775208, 36.8384590149, 37.4073448181, 37.976234436, 38.5335159302, 39.0791816711, 39.6364631653, 40.1937408447, 40.7510185242, 41.2966880798, 41.8423576355, 42.3880271912, 42.9336967468, 43.4793624878, 44.0250320435, 44.5707015991]
},
"tonal": {
    "chords_changes_rate": 0.0658436194062,
    "chords_number_rate": 0.00514403311536,
    "chords_strength": {
        "mean": 0.432588458061,
        "var": 0.00428931554779
    },
    "hpcp_entropy": {
        "mean": 2.10419774055,
        "var": 0.377156734467
    },
    "key_strength": 0.611003160477,
    "tuning_diatonic_strength": 0.585257411003,
    "tuning_equal_tempered_deviation": 0.181232228875,
    "tuning_frequency": 434.193115234,
    "tuning_nontempered_energy_ratio": 0.897901058197,
    "hpcp": {
        "mean": [0.0509975999594, 0.0447589233518, 0.0636449605227, 0.126773327589, 0.132117047906, 0.0753533542156, 0.0585710406303, 0.0506409592927, 0.0407602488995, 0.0562423281372, 0.0581426769495, 0.0683338493109, 0.220307275653, 0.271602332592, 0.11234574765, 0.0270473938435, 0.0237809866667, 0.0546801351011, 0.187548995018, 0.221236780286, 0.0964851975441, 0.0395298972726, 0.0271653663367, 0.239319890738, 0.516446113586, 0.357921361923, 0.155915468931, 0.311502635479, 0.337940633297, 0.125744074583, 0.033859308809, 0.0336556769907, 0.060873825103, 0.219527497888, 0.259006470442, 0.112039238214],
        "var": [0.0187614187598, 0.0167064648122, 0.0259656626731, 0.0508533902466, 0.0430306904018, 0.0192701630294, 0.0170018393546, 0.0132492193952, 0.00964335165918, 0.0123408380896, 0.0113140083849, 0.00836005154997, 0.0552138090134, 0.0887633189559, 0.0168471317738, 0.00320889055729, 0.00182189245243, 0.00586149515584, 0.0580610670149, 0.0838375091553, 0.014845078811, 0.00695358822122, 0.0024430854246, 0.0481024049222, 0.18877825141, 0.0794396921992, 0.0516809634864, 0.0879726111889, 0.1132177338, 0.0207065567374, 0.0115810679272, 0.0150548992679, 0.0136253219098, 0.0693137943745, 0.0948525071144, 0.024103410542]
    },
    "chords_histogram": [30.144033432, 9.15637874603, 37.5514411926, 0, 0, 0, 0, 0, 0, 0, 0, 0, 0, 0, 0, 0, 0, 0, 0, 0, 0, 0, 4.93827152252, 18.2098770142],
    "thpcp": [1, 0.693046867847, 0.301900744438, 0.60316580534, 0.654357969761, 0.243479564786, 0.0655621364713, 0.0651678368449, 0.117870621383, 0.425073385239, 0.50151693821, 0.216942742467, 0.0987471863627, 0.0866671726108, 0.123236402869, 0.24547252059, 0.255819618702, 0.145907491446, 0.113411717117, 0.098056614399, 0.0789244920015, 0.108902603388, 0.112582273781, 0.132315546274, 0.4265832901, 0.525906443596, 0.217536240816, 0.0523721501231, 0.0460473708808, 0.10587771982, 0.363153070211, 0.428383082151, 0.186825290322, 0.0765421539545, 0.0526005811989, 0.463397592306],
    "chords_key": "C#",
    "chords_scale": "major",
    "key_key": "F#",
    "key_scale": "major"
}
}