{
"lowlevel": {
    "average_loudness": 0.983245134354,
    "barkbands_crest": {
        "mean": 7.91289997101,
        "var": 11.914516449
    },
    "barkbands_flatness_db": {
        "mean": 0.140859663486,
        "var": 0.00140731106512
    },
    "barkbands_kurtosis": {
        "mean": 1.69266247749,
        "var": 8.50134372711
    },
    "barkbands_skewness": {
        "mean": 1.20902824402,
        "var": 0.475937247276
    },
    "barkbands_spread": {
        "mean": 17.4305782318,
        "var": 48.1559638977
    },
    "dissonance": {
        "mean": 0.46027842164,
        "var": 0.000553667196073
    },
    "dynamic_complexity": 0.794605255127,
    "erbbands_crest": {
        "mean": 8.51241493225,
        "var": 13.8782815933
    },
    "erbbands_flatness_db": {
        "mean": 0.189639285207,
        "var": 0.00147521845065
    },
    "erbbands_kurtosis": {
        "mean": -0.265449434519,
        "var": 0.916671574116
    },
    "erbbands_skewness": {
        "mean": 0.231252133846,
        "var": 0.23230817914
    },
    "erbbands_spread": {
        "mean": 30.5452613831,
        "var": 106.210746765
    },
    "hfc": {
        "mean": 27.6419887543,
        "var": 76.9812011719
    },
    "melbands_crest": {
        "mean": 10.7127933502,
        "var": 20.1732654572
    },
    "melbands_flatness_db": {
        "mean": 0.216475576162,
        "var": 0.00215984531678
    },
    "melbands_kurtosis": {
        "mean": 5.7423043251,
        "var": 41.0047264099
    },
    "melbands_skewness": {
        "mean": 1.93055534363,
        "var": 0.797077298164
    },
    "melbands_spread": {
        "mean": 20.3896083832,
        "var": 74.4799957275
    },
    "pitch_salience": {
        "mean": 0.603851079941,
        "var": 0.00957025401294
    },
    "silence_rate_20dB": {
        "mean": 1,
        "var": 0
    },
    "silence_rate_30dB": {
        "mean": 0.998455226421,
        "var": 0.00154241232667
    },
    "silence_rate_60dB": {
        "mean": 0.00154479919001,
        "var": 0.00154241069686
    },
    "spectral_centroid": {
        "mean": 1111.6126709,
        "var": 153940.203125
    },
    "spectral_complexity": {
        "mean": 23.8779602051,
        "var": 18.0022792816
    },
    "spectral_decrease": {
        "mean": -1.09390114744e-008,
        "var": 1.88257241518e-017
    },
    "spectral_energy": {
        "mean": 0.0437935590744,
        "var": 0.000273178418865
    },
    "spectral_energyband_high": {
        "mean": 0.000398149364628,
        "var": 4.85555744945e-007
    },
    "spectral_energyband_low": {
        "mean": 0.0100427921861,
        "var": 0.000264456582954
    },
    "spectral_energyband_middle_high": {
        "mean": 0.00923129729927,
        "var": 2.58613163169e-005
    },
    "spectral_energyband_middle_low": {
        "mean": 0.0263156909496,
        "var": 0.000115159120469
    },
    "spectral_entropy": {
        "mean": 7.18581724167,
        "var": 0.102122813463
    },
    "spectral_flux": {
        "mean": 0.105941057205,
        "var": 0.00194486847613
    },
    "spectral_kurtosis": {
        "mean": 7.99549388885,
        "var": 24.3233509064
    },
    "spectral_rms": {
        "mean": 0.00643610814586,
        "var": 1.30189209813e-006
    },
    "spectral_rolloff": {
        "mean": 1217.36621094,
        "var": 655413.375
    },
    "spectral_skewness": {
        "mean": 1.89072585106,
        "var": 0.264536380768
    },
    "spectral_spread": {
        "mean": 3128098.75,
        "var": 1.81318700237e+012
    },
    "spectral_strongpeak": {
        "mean": 1.27798461914,
        "var": 1.83110237122
    },
    "zerocrossingrate": {
        "mean": 0.0464498288929,
        "var": 0.00038026200491
    },
    "barkbands": {
        "mean": [0.000711610889994, 0.00531742535532, 0.00253515481018, 0.00392913306132, 0.00670068059117, 0.00564826559275, 0.00229936419055, 0.00320775387809, 0.00294232345186, 0.00218367041089, 0.00186594075058, 0.000829904456623, 0.00101644510869, 0.000652382150292, 0.000816821004264, 0.000684933213051, 0.00117237772793, 0.000404835183872, 0.000396931514842, 0.00019208539743, 9.89409236354e-005, 6.90838787705e-005, 4.78163310618e-005, 3.98702868551e-005, 1.80190836545e-005, 1.07355217551e-005, 1.07427865714e-006],
        "var": [1.62369269674e-006, 0.000221156748012, 7.21581818652e-006, 1.65256151377e-005, 2.41460784309e-005, 2.29693632718e-005, 3.68971996068e-006, 1.03366637632e-005, 9.19752255868e-006, 6.03001444688e-006, 6.96663209965e-006, 3.55998690793e-006, 5.91890147916e-006, 1.7679233224e-006, 7.89303612692e-007, 4.47795315495e-007, 1.51632571033e-006, 1.94636228912e-007, 2.84857662791e-007, 8.90491804739e-008, 3.18604342908e-008, 2.86488770485e-008, 2.38502568806e-008, 1.65137237218e-008, 1.15433995695e-009, 3.89541121582e-010, 1.19872020296e-011]
    },
    "erbbands": {
        "mean": [0.184544488788, 1.0838406086, 2.62097835541, 8.5999994278, 19.3175811768, 21.8669700623, 27.2195320129, 50.741771698, 36.8038749695, 56.1380996704, 64.4954528809, 82.5835494995, 86.6162872314, 33.8058166504, 77.8334274292, 44.7176589966, 50.3059692383, 39.9318084717, 39.2214660645, 41.0892791748, 50.1492996216, 48.8163146973, 24.1718673706, 27.8746051788, 13.0722141266, 9.12836647034, 5.46188640594, 3.38453912735, 2.53991675377, 1.80887770653, 1.33832406998, 0.985752046108, 0.561232149601, 0.254878371954, 0.101911254227, 0.0426140651107, 0.0202369894832, 0.00456578843296, 0.000141879558214, 5.39089123777e-005],
        "var": [0.361499249935, 7.15859365463, 6.51758623123, 54.758228302, 346.861053467, 332.819000244, 460.467407227, 2397.20922852, 1066.53820801, 3498.01049805, 3489.97290039, 7302.24755859, 9751.86816406, 1304.15026855, 11374.1357422, 8997.14453125, 11601.3994141, 5503.91210938, 2210.90307617, 1234.54748535, 1899.26025391, 2647.47631836, 463.97253418, 1737.07824707, 330.491851807, 175.156356812, 58.3331336975, 60.9978027344, 41.2982673645, 23.8163967133, 17.6484146118, 12.5890541077, 2.52051830292, 0.268768668175, 0.0328582078218, 0.00690145790577, 0.00144748878665, 9.29377201828e-005, 1.16517632875e-007, 3.67807478918e-010]
    },
    "gfcc": {
        "mean": [27.0731639862, 131.740081787, -136.222610474, 15.7069969177, -51.1166419983, -8.31358337402, -38.4344329834, 5.94128799438, -23.6944274902, -4.31898403168, -21.3634529114, -3.00092196465, -9.94026088715],
        "cov": [[1854.99291992, -590.619506836, 191.334396362, 71.786895752, -220.471694946, 199.248886108, -119.75743103, 159.272705078, -86.6250610352, 102.132835388, -35.4397087097, 60.479221344, -96.6467285156], [-590.619506836, 902.859863281, -314.821685791, -45.35181427, 255.472915649, -200.76335144, 117.807106018, -142.413421631, 91.6062850952, -106.93938446, 39.3044662476, -81.5546417236, 114.223693848], [191.334396362, -314.821685791, 422.546661377, 44.4786682129, -1.83010911942, 142.15322876, -32.6501579285, 123.617858887, -20.7041778564, 93.6702194214, -24.7494239807, 51.8209915161, -22.3261089325], [71.786895752, -45.35181427, 44.4786682129, 200.763931274, -6.50789737701, 29.4746646881, 31.9823207855, 8.87457752228, 58.5998916626, 2.9102063179, 34.0097999573, -7.77963256836, 15.3771924973], [-220.471694946, 255.472915649, -1.83010911942, -6.50789737701, 254.155380249, -10.8973817825, 50.7018432617, 25.462184906, 24.3080730438, 36.2570533752, 9.01430702209, 8.37878322601, 36.5789337158], [199.248886108, -200.76335144, 142.15322876, 29.4746646881, -10.8973817825, 190.490875244, 14.1626091003, 71.2384262085, -7.82045650482, 48.8711013794, 31.0864868164, 18.1392059326, -12.6207208633], [-119.75743103, 117.807106018, -32.6501579285, 31.9823207855, 50.7018432617, 14.1626091003, 126.974998474, 24.3086643219, 15.9231014252, -12.1420927048, 44.1492233276, 3.40026187897, 6.2416138649], [159.272705078, -142.413421631, 123.617858887, 8.87457752228, 25.462184906, 71.2384262085, 24.3086643219, 151.847045898, -20.1297893524, 49.4826164246, 19.3805332184, 32.9606819153, -11.0294389725], [-86.6250610352, 91.6062850952, -20.7041778564, 58.5998916626, 24.3080730438, -7.82045650482, 15.9231014252, -20.1297893524, 121.603042603, -0.663278341293, -1.99232423306, 1.04575026035, 39.8741912842], [102.132835388, -106.93938446, 93.6702194214, 2.9102063179, 36.2570533752, 48.8711013794, -12.1420927048, 49.4826164246, -0.663278341293, 111.678222656, 12.7279472351, 7.74501991272, -12.7464771271], [-35.4397087097, 39.3044662476, -24.7494239807, 34.0097999573, 9.01430702209, 31.0864868164, 44.1492233276, 19.3805332184, -1.99232423306, 12.7279472351, 100.863471985, -4.02482652664, -2.08966350555], [60.479221344, -81.5546417236, 51.8209915161, -7.77963256836, 8.37878322601, 18.1392059326, 3.40026187897, 32.9606819153, 1.04575026035, 7.74501991272, -4.02482652664, 80.0047836304, 6.87113571167], [-96.6467285156, 114.223693848, -22.3261089325, 15.3771924973, 36.5789337158, -12.6207208633, 6.2416138649, -11.0294389725, 39.8741912842, -12.7464771271, -2.08966350555, 6.87113571167, 77.0821762085]],
        "icov": [[0.00104862754233, -0.000987356994301, 0.000705464393832, -0.00133570143953, 0.00157473364379, -0.00153574033175, 0.0014308077516, -0.0014587037731, 0.000997210503556, -0.00140176096465, 0.00152498448733, -0.00158000353258, 0.00135990954004], [-0.000987356994301, 0.0081892516464, -0.000860599568114, 0.00473193917423, -0.00771377282217, 0.0058490424417, -0.00523119745776, 0.00464307609946, -0.00385304330848, 0.00599405681714, -0.00572638586164, 0.00766167324036, -0.00671409908682], [0.000705464393832, -0.000860599568114, 0.00542653305456, -0.00258980900981, 0.00123202544637, -0.00354665936902, 0.00221592420712, -0.00319385365583, 0.00162712787278, -0.00319720897824, 0.00376337883063, -0.00292656733654, 0.00143890059553], [-0.00133570143953, 0.00473193917423, -0.00258980900981, 0.0104268621653, -0.0043082376942, 0.00411076284945, -0.0047954195179, 0.00357546377927, -0.00626194756478, 0.00487927813083, -0.00651179533452, 0.00645207008347, -0.0046050301753], [0.00157473364379, -0.00771377282217, 0.00123202544637, -0.0043082376942, 0.0130195077509, -0.00514671998098, 0.0028955808375, -0.0054001417011, 0.00381556083448, -0.00874332152307, 0.00646628439426, -0.00758934346959, 0.00402538711205], [-0.00153574033175, 0.0058490424417, -0.00354665936902, 0.00411076284945, -0.00514671998098, 0.0132468622178, -0.00536365294829, 0.00277969357558, -0.00343716936186, 0.0036986945197, -0.00728182401508, 0.00621942989528, -0.00535905035213], [0.0014308077516, -0.00523119745776, 0.00221592420712, -0.0047954195179, 0.0028955808375, -0.00536365294829, 0.0158900693059, -0.00617391476408, 0.00162639725022, -0.00108930200804, 0.000388045067666, -0.00596716161817, 0.00624286662787], [-0.0014587037731, 0.00464307609946, -0.00319385365583, 0.00357546377927, -0.0054001417011, 0.00277969357558, -0.00617391476408, 0.014572574757, -0.0010098713683, 0.00168154458515, -0.00500771589577, 0.00241356436163, -0.00429523829371], [0.000997210503556, -0.00385304330848, 0.00162712787278, -0.00626194756478, 0.00381556083448, -0.00343716936186, 0.00162639725022, -0.0010098713683, 0.0144350640476, -0.00528939906508, 0.00528501532972, -0.00487966835499, -0.00173280923627], [-0.00140176096465, 0.00599405681714, -0.00319720897824, 0.00487927813083, -0.00874332152307, 0.0036986945197, -0.00108930200804, 0.00168154458515, -0.00528939906508, 0.0189583823085, -0.0077228625305, 0.00720031512901, -0.00243574008346], [0.00152498448733, -0.00572638586164, 0.00376337883063, -0.00651179533452, 0.00646628439426, -0.00728182401508, 0.000388045067666, -0.00500771589577, 0.00528501532972, -0.0077228625305, 0.0192062649876, -0.00580852059647, 0.00480543309823], [-0.00158000353258, 0.00766167324036, -0.00292656733654, 0.00645207008347, -0.00758934346959, 0.00621942989528, -0.00596716161817, 0.00241356436163, -0.00487966835499, 0.00720031512901, -0.00580852059647, 0.0224724002182, -0.00846666377038], [0.00135990954004, -0.00671409908682, 0.00143890059553, -0.0046050301753, 0.00402538711205, -0.00535905035213, 0.00624286662787, -0.00429523829371, -0.00173280923627, -0.00243574008346, 0.00480543309823, -0.00846666377038, 0.0234337318689]]
    },
    "melbands": {
        "mean": [0.00159151572734, 0.0013984934194, 0.00186959421262, 0.00146365526598, 0.0010143222753, 0.00113534845877, 0.000541969609912, 0.000638250436168, 0.000515636871569, 0.000491179467645, 0.000413894886151, 0.000118390809803, 0.00026166960015, 0.000138707007864, 8.99138467503e-005, 0.00010406421643, 7.26737416699e-005, 6.03648732067e-005, 4.31726330135e-005, 6.290555757e-005, 6.62375023239e-005, 6.49562716717e-005, 2.51640485658e-005, 1.88797675946e-005, 2.38650845859e-005, 9.84378766589e-006, 6.80855328028e-006, 6.23504365649e-006, 3.75082845494e-006, 2.66870029009e-006, 1.78226434855e-006, 1.5631082988e-006, 1.09622772015e-006, 9.4038654197e-007, 7.78665025791e-007, 6.78932963183e-007, 5.69480903323e-007, 4.07369213917e-007, 3.07334602212e-007, 1.82625711886e-007],
        "var": [2.26370339078e-005, 3.19050900544e-006, 2.38398183683e-006, 1.22882374853e-006, 5.97880386977e-007, 1.07224445856e-006, 2.23575796099e-007, 4.73540410439e-007, 1.9372274096e-007, 2.8882436709e-007, 2.35015235717e-007, 2.20707683241e-008, 1.32927638674e-007, 5.53853567453e-008, 2.43963977908e-008, 9.02729269114e-008, 2.53279477391e-008, 5.27042232079e-009, 1.93893745504e-009, 3.39577166386e-009, 4.87434492769e-009, 5.79759928954e-009, 5.35870792184e-010, 4.28232005412e-010, 1.55616286523e-009, 2.9838798099e-010, 7.58259011135e-011, 1.25304142062e-010, 3.6993876712e-011, 2.35877723603e-011, 2.31927792943e-011, 1.82553416828e-011, 6.98015516915e-012, 8.23701176711e-012, 6.0293636403e-012, 5.85467828731e-012, 4.4679386059e-012, 1.62725204405e-012, 4.86967291578e-013, 1.36991776972e-013]
    },
    "mfcc": {
        "mean": [-614.463317871, 166.4740448, -25.885055542, 25.0707950592, -0.352060168982, -8.72793579102, -8.38518714905, -0.633678078651, 2.28210473061, -4.76690387726, -5.33823728561, -3.57181167603, -1.68787586689],
        "cov": [[1180.22595215, -549.304016113, 239.200958252, -113.679992676, -27.7164402008, -21.8019828796, 17.5117359161, 40.8752975464, -44.3495788574, 67.8053359985, -17.9478149414, 53.5366516113, 0.716256737709], [-549.304016113, 896.575500488, -418.95513916, 125.868598938, 41.7090682983, -1.90241897106, 7.06375217438, -43.0213088989, 56.5657272339, -81.7601623535, 31.5437870026, -61.9528388977, 5.66735363007], [239.200958252, -418.95513916, 424.410247803, -64.1894683838, 28.91355896, 20.94780159, 21.9165229797, 31.060426712, 3.87328290939, 63.9332885742, -19.7057857513, 46.6787986755, 9.678565979], [-113.679992676, 125.868598938, -64.1894683838, 188.761962891, 23.1439990997, 10.2107877731, -18.0052146912, 7.16434240341, 25.446969986, 7.97215080261, 15.8557653427, -14.6545467377, 6.86406183243], [-27.7164402008, 41.7090682983, 28.91355896, 23.1439990997, 150.123062134, 23.6296081543, 23.9469032288, -12.7370138168, 50.6407012939, 15.6927814484, 24.6161193848, 12.6313648224, 15.9983701706], [-21.8019828796, -1.90241897106, 20.94780159, 10.2107877731, 23.6296081543, 107.962593079, -7.69445800781, 1.03605997562, 19.934009552, 11.4592590332, 11.437713623, 19.2153453827, -7.48596143723], [17.5117359161, 7.06375217438, 21.9165229797, -18.0052146912, 23.9469032288, -7.69445800781, 187.570373535, 35.0493392944, -25.1601104736, 42.251121521, 27.8520832062, 16.296043396, 32.0643119812], [40.8752975464, -43.0213088989, 31.060426712, 7.16434240341, -12.7370138168, 1.03605997562, 35.0493392944, 118.627983093, 1.02597761154, 5.53394985199, -8.40598964691, 22.3865375519, 15.3778944016], [-44.3495788574, 56.5657272339, 3.87328290939, 25.446969986, 50.6407012939, 19.934009552, -25.1601104736, 1.02597761154, 124.621315002, -17.9139251709, 13.4846963882, -1.72348344326, 11.3180446625], [67.8053359985, -81.7601623535, 63.9332885742, 7.97215080261, 15.6927814484, 11.4592590332, 42.251121521, 5.53394985199, -17.9139251709, 129.856002808, 3.94728183746, 16.7890396118, 8.56263160706], [-17.9478149414, 31.5437870026, -19.7057857513, 15.8557653427, 24.6161193848, 11.437713623, 27.8520832062, -8.40598964691, 13.4846963882, 3.94728183746, 94.9150314331, -1.50288569927, -12.9864006042], [53.5366516113, -61.9528388977, 46.6787986755, -14.6545467377, 12.6313648224, 19.2153453827, 16.296043396, 22.3865375519, -1.72348344326, 16.7890396118, -1.50288569927, 78.8813934326, 26.7558460236], [0.716256737709, 5.66735363007, 9.678565979, 6.86406183243, 15.9983701706, -7.48596143723, 32.0643119812, 15.3778944016, 11.3180446625, 8.56263160706, -12.9864006042, 26.7558460236, 76.0218429565]],
        "icov": [[0.00122172210831, 0.000730841769837, 0.000141553231515, 0.000283158733509, -5.12550250278e-005, 0.000311613985104, -1.61922871484e-005, -0.000163196062203, -3.42552302754e-005, -0.000246884854278, -3.9625694626e-005, -0.000286863039946, 9.88298997981e-005], [0.000730841769837, 0.00291378679685, 0.00234765792266, -0.000595161807723, -0.000722101423889, -0.000118344207294, -0.000763390446082, 0.00031357104308, -0.000803099654149, 0.000498818058986, 0.000295602570986, 0.000423532677814, -0.000105580882519], [0.000141553231515, 0.00234765792266, 0.00505137629807, 0.000416505121393, -0.00123020994943, -0.000407267187256, -0.000534375431016, -0.000326163019054, -0.00105363677721, -0.00085250713164, 0.000934647279792, -0.000580186082516, 0.000269832235062], [0.000283158733509, -0.000595161807723, 0.000416505121393, 0.00667483219877, -0.000722995435353, -0.00038181693526, 0.00152516877279, -0.00144960707985, -0.000286452763248, -0.00154697871767, -0.00117345561739, 0.0013879626058, -0.00132155884057], [-5.12550250278e-005, -0.000722101423889, -0.00123020994943, -0.000722995435353, 0.00928886979818, -0.000897131161764, -0.00131011579651, 0.00180177076254, -0.00331370416097, -0.000690232031047, -0.00129388424102, -0.00111469475087, -0.000836432271171], [0.000311613985104, -0.000118344207294, -0.000407267187256, -0.00038181693526, -0.000897131161764, 0.0108800418675, 0.000542499183211, -4.14378555433e-005, -0.00135355687235, -0.000928878434934, -0.000639631878585, -0.00344774778932, 0.0025422538165], [-1.61922871484e-005, -0.000763390446082, -0.000534375431016, 0.00152516877279, -0.00131011579651, 0.000542499183211, 0.00806475523859, -0.00259370030835, 0.00250801118091, -0.00213489495218, -0.00317298574373, 0.000800293753855, -0.00351697392762], [-0.000163196062203, 0.00031357104308, -0.000326163019054, -0.00144960707985, 0.00180177076254, -4.14378555433e-005, -0.00259370030835, 0.0102835055441, -0.0012919337023, 0.000834979582578, 0.00135909707751, -0.00256525119767, 1.44102587001e-005], [-3.42552302754e-005, -0.000803099654149, -0.00105363677721, -0.000286452763248, -0.00331370416097, -0.00135355687235, 0.00250801118091, -0.0012919337023, 0.011195698753, 0.00138700916432, -0.00172615388874, 0.00148837105371, -0.00265395245515], [-0.000246884854278, 0.000498818058986, -0.00085250713164, -0.00154697871767, -0.000690232031047, -0.000928878434934, -0.00213489495218, 0.000834979582578, 0.00138700916432, 0.00976087804884, 0.000244340684731, -0.000721308344509, -1.16085375339e-005], [-3.9625694626e-005, 0.000295602570986, 0.000934647279792, -0.00117345561739, -0.00129388424102, -0.000639631878585, -0.00317298574373, 0.00135909707751, -0.00172615388874, 0.000244340684731, 0.01306107454, -0.00110676174518, 0.00408811774105], [-0.000286863039946, 0.000423532677814, -0.000580186082516, 0.0013879626058, -0.00111469475087, -0.00344774778932, 0.000800293753855, -0.00256525119767, 0.00148837105371, -0.000721308344509, -0.00110676174518, 0.0177883729339, -0.00659390259534], [9.88298997981e-005, -0.000105580882519, 0.000269832235062, -0.00132155884057, -0.000836432271171, 0.0025422538165, -0.00351697392762, 1.44102587001e-005, -0.00265395245515, -1.16085375339e-005, 0.00408811774105, -0.00659390259534, 0.0185683481395]]
    },
    "spectral_contrast_coeffs": {
        "mean": [-0.573160171509, -0.723009765148, -0.693360686302, -0.714992105961, -0.71162045002, -0.725709080696],
        "var": [0.00747232045978, 0.00312167871743, 0.00333421328105, 0.00208498747088, 0.0021493579261, 0.0026076270733]
    },
    "spectral_contrast_valleys": {
        "mean": [-7.02811384201, -5.81340503693, -6.86328983307, -7.55978822708, -7.7206158638, -10.9943304062],
        "var": [0.605253398418, 0.4161708951, 0.415225714445, 0.353312194347, 0.464939892292, 1.18255496025]
    }
},
"metadata": {
    "audio_properties": {
        "analysis_sample_rate": 44100,
        "bit_rate": 128074,
        "equal_loudness": 0,
        "length": 45.0612258911,
        "lossless": 0,
        "replay_gain": -6.1069316864,
        "sample_rate": 44100,
        "codec": "mp3",
        "downmix": "mix",
        "md5_encoded": "ddecfafa1705ae021144a3077e861c92"
    },
    "tags": {
        "file_name": "1386.mp3"
    },
    "version": {
        "essentia": "2.1-beta2",
        "essentia_git_sha": "v2.1_beta2",
        "extractor": "music 1.0"
    }
},
"rhythm": {
    "beats_count": 93,
    "beats_loudness": {
        "mean": 0.0446637831628,
        "var": 0.000125718637719
    },
    "bpm": 124.949195862,
    "bpm_histogram_first_peak_bpm": {
        "mean": 126,
        "var": 0
    },
    "bpm_histogram_first_peak_spread": {
        "mean": 0.388888865709,
        "var": 0
    },
    "bpm_histogram_first_peak_weight": {
        "mean": 0.597826063633,
        "var": 0
    },
    "bpm_histogram_second_peak_bpm": {
        "mean": 117,
        "var": 0
    },
    "bpm_histogram_second_peak_spread": {
        "mean": 0.5,
        "var": 0
    },
    "bpm_histogram_second_peak_weight": {
        "mean": 0.0108695654199,
        "var": 0
    },
    "danceability": 1.3710089922,
    "onset_rate": 3.43821430206,
    "beats_loudness_band_ratio": {
        "mean": [0.293527752161, 0.270886152983, 0.268754452467, 0.134124398232, 0.0890301540494, 0.0210189521313],
        "var": [0.0213298387825, 0.0130499657243, 0.0112061714754, 0.0101390564814, 0.00252183619887, 0.00055582303321]
    },
    "beats_position": [0.49922901392, 1.01006805897, 1.50929701328, 1.99691605568, 2.48453521729, 2.97215414047, 3.44816327095, 3.92417216301, 4.41179132462, 4.88780021667, 5.36380958557, 5.85142850876, 6.32743740082, 6.81505680084, 7.2910656929, 7.76707458496, 8.24308395386, 8.73070240021, 9.2067117691, 9.682721138, 10.1703395844, 10.6579589844, 11.1339683533, 11.6099767685, 12.0975961685, 12.5736055374, 13.0496139526, 13.5372333527, 14.0132427216, 14.4892511368, 14.9768705368, 15.4528799057, 15.9288883209, 16.4165077209, 16.8925170898, 17.3685264587, 17.8561439514, 18.3437633514, 18.8197727203, 19.2957820892, 19.7834014893, 20.2710208893, 20.7470283508, 21.2230377197, 21.6990470886, 22.1750564575, 22.6510658264, 23.1386852264, 23.614692688, 24.0907020569, 24.5667114258, 25.0543308258, 25.5303401947, 26.0063495636, 26.4823570251, 26.958366394, 27.4459857941, 27.9336051941, 28.409614563, 28.897233963, 29.3732414246, 29.8608608246, 30.3368701935, 30.8128795624, 31.2888889313, 31.7648983002, 32.2525177002, 32.7285270691, 33.204536438, 33.6921539307, 34.1797714233, 34.6557807922, 35.1317901611, 35.60779953, 36.0838088989, 36.5714263916, 37.0474357605, 37.5234451294, 38.0110664368, 38.4870758057, 38.9630813599, 39.4507026672, 39.9383201599, 40.4259414673, 40.9019508362, 41.3779602051, 41.8655776978, 42.3531951904, 42.8292045593, 43.3052139282, 43.7696151733, 44.2456245422, 44.7332420349]
},
"tonal": {
    "chords_changes_rate": 0.0349794253707,
    "chords_number_rate": 0.00514403311536,
    "chords_strength": {
        "mean": 0.519197762012,
        "var": 0.00696822395548
    },
    "hpcp_entropy": {
        "mean": 1.95207619667,
        "var": 0.427093088627
    },
    "key_strength": 0.878397524357,
    "tuning_diatonic_strength": 0.648890972137,
    "tuning_equal_tempered_deviation": 0.0431622639298,
    "tuning_frequency": 440.508636475,
    "tuning_nontempered_energy_ratio": 0.625049173832,
    "hpcp": {
        "mean": [0.183545321226, 0.12934525311, 0.0611876286566, 0.0484071709216, 0.0558268427849, 0.195070296526, 0.302083730698, 0.199796557426, 0.26502686739, 0.382405877113, 0.199734985828, 0.0430713184178, 0.0419706888497, 0.0632905513048, 0.208928346634, 0.297162234783, 0.157172217965, 0.0567376464605, 0.0478723682463, 0.0724696069956, 0.274590134621, 0.406419843435, 0.246001407504, 0.193569213152, 0.209827288985, 0.0903604626656, 0.0373464263976, 0.0531933531165, 0.101669102907, 0.381458461285, 0.509764552116, 0.23814933002, 0.0769308134913, 0.0720166787505, 0.0721437484026, 0.128698796034],
        "var": [0.0688380300999, 0.0389880239964, 0.0255894940346, 0.0212684739381, 0.0183593165129, 0.0507476367056, 0.087813436985, 0.0401594489813, 0.0658713281155, 0.132033884525, 0.0423356294632, 0.0109353782609, 0.0125691341236, 0.012935901992, 0.0400307402015, 0.0812881290913, 0.0267000459135, 0.0106668742374, 0.0116526363418, 0.0204558540136, 0.0697349235415, 0.115688167512, 0.0480196215212, 0.0653802976012, 0.0893870443106, 0.0194610506296, 0.00635347981006, 0.00809251237661, 0.024031650275, 0.0767257362604, 0.114904217422, 0.0400541760027, 0.0212431717664, 0.0208409838378, 0.0234202258289, 0.0395346395671]
    },
    "chords_histogram": [56.9958839417, 16.3580245972, 13.8888893127, 0, 0, 0, 0, 0, 0, 0, 0, 0, 0, 0, 0, 0, 0, 0, 0, 0, 0, 9.25925922394, 0.617283940315, 2.88065838814],
    "thpcp": [1, 0.467175155878, 0.150914400816, 0.141274392605, 0.141523659229, 0.252467125654, 0.360059022903, 0.253735274076, 0.120031155646, 0.0949598625302, 0.109514959157, 0.382667452097, 0.592594623566, 0.391938894987, 0.519900560379, 0.750161767006, 0.391818106174, 0.0844925716519, 0.0823334753513, 0.124156437814, 0.40985262394, 0.582940161228, 0.308323174715, 0.111301667988, 0.0939107462764, 0.142162904143, 0.53866070509, 0.797269701958, 0.482578486204, 0.379722774029, 0.41161608696, 0.177259206772, 0.0732621103525, 0.104348868132, 0.199443250895, 0.748303234577],
    "chords_key": "C",
    "chords_scale": "major",
    "key_key": "C",
    "key_scale": "major"
}
}