{
"lowlevel": {
    "average_loudness": 0.977873027325,
    "barkbands_crest": {
        "mean": 11.6723842621,
        "var": 9.89876842499
    },
    "barkbands_flatness_db": {
        "mean": 0.147688254714,
        "var": 0.000512127648108
    },
    "barkbands_kurtosis": {
        "mean": 7.77270555496,
        "var": 17.8591327667
    },
    "barkbands_skewness": {
        "mean": 2.35623502731,
        "var": 0.414392799139
    },
    "barkbands_spread": {
        "mean": 13.0283145905,
        "var": 13.4601964951
    },
    "dissonance": {
        "mean": 0.437375664711,
        "var": 0.000797604967374
    },
    "dynamic_complexity": 1.81679880619,
    "erbbands_crest": {
        "mean": 8.59027194977,
        "var": 5.20335626602
    },
    "erbbands_flatness_db": {
        "mean": 0.128045707941,
        "var": 0.000463536562165
    },
    "erbbands_kurtosis": {
        "mean": 0.342759817839,
        "var": 0.211503714323
    },
    "erbbands_skewness": {
        "mean": 0.870132565498,
        "var": 0.0477168485522
    },
    "erbbands_spread": {
        "mean": 39.3451652527,
        "var": 29.7597732544
    },
    "hfc": {
        "mean": 20.2519321442,
        "var": 81.9369125366
    },
    "melbands_crest": {
        "mean": 17.0441036224,
        "var": 13.7507362366
    },
    "melbands_flatness_db": {
        "mean": 0.230371773243,
        "var": 0.00079989299411
    },
    "melbands_kurtosis": {
        "mean": 16.7611083984,
        "var": 71.974609375
    },
    "melbands_skewness": {
        "mean": 3.10317873955,
        "var": 0.681960344315
    },
    "melbands_spread": {
        "mean": 11.191942215,
        "var": 29.6458683014
    },
    "pitch_salience": {
        "mean": 0.475993275642,
        "var": 0.00533117586747
    },
    "silence_rate_20dB": {
        "mean": 1,
        "var": 0
    },
    "silence_rate_30dB": {
        "mean": 0.99794024229,
        "var": 0.00205551297404
    },
    "silence_rate_60dB": {
        "mean": 0.0159629248083,
        "var": 0.0157081708312
    },
    "spectral_centroid": {
        "mean": 798.65020752,
        "var": 103644.273438
    },
    "spectral_complexity": {
        "mean": 17.9778575897,
        "var": 23.7971744537
    },
    "spectral_decrease": {
        "mean": -1.33606379293e-008,
        "var": 4.02326620963e-017
    },
    "spectral_energy": {
        "mean": 0.0522630102932,
        "var": 0.000604346918408
    },
    "spectral_energyband_high": {
        "mean": 0.000552284880541,
        "var": 8.24606871674e-008
    },
    "spectral_energyband_low": {
        "mean": 0.0249718911946,
        "var": 0.000268088391749
    },
    "spectral_energyband_middle_high": {
        "mean": 0.00371456891298,
        "var": 3.62840251e-006
    },
    "spectral_energyband_middle_low": {
        "mean": 0.0241950098425,
        "var": 0.000142465622048
    },
    "spectral_entropy": {
        "mean": 7.14068984985,
        "var": 0.0865930616856
    },
    "spectral_flux": {
        "mean": 0.0561879910529,
        "var": 0.00116858794354
    },
    "spectral_kurtosis": {
        "mean": 4.64072465897,
        "var": 0.645313084126
    },
    "spectral_rms": {
        "mean": 0.00687495013699,
        "var": 3.72326007891e-006
    },
    "spectral_rolloff": {
        "mean": 601.155456543,
        "var": 262023.484375
    },
    "spectral_skewness": {
        "mean": 1.80327248573,
        "var": 0.0160140395164
    },
    "spectral_spread": {
        "mean": 5094817.5,
        "var": 785513250816
    },
    "spectral_strongpeak": {
        "mean": 0.775299489498,
        "var": 0.300531446934
    },
    "zerocrossingrate": {
        "mean": 0.0239536911249,
        "var": 0.000197560657398
    },
    "barkbands": {
        "mean": [0.000355468917405, 0.0153433596715, 0.00833679363132, 0.00262296129949, 0.00831856392324, 0.00629478320479, 0.00128381571267, 0.00360777392052, 0.00156667456031, 0.000862170942128, 0.000796791864559, 0.00027878273977, 0.000268010422587, 0.000541361048818, 0.00035860290518, 0.000251715275226, 0.000245951872785, 0.000140735748573, 0.000189496044186, 0.00012993963901, 0.000134907255415, 9.55606010393e-005, 7.59007307352e-005, 5.59803993383e-005, 5.39056345588e-005, 4.77859211969e-005, 5.25179939359e-006],
        "var": [7.02473130332e-007, 0.000204771247809, 0.000104592640128, 3.02508542518e-005, 5.96269564994e-005, 5.36840416316e-005, 3.04233230963e-006, 1.63748645718e-005, 6.00765088166e-006, 9.71795316218e-007, 8.64886374075e-007, 6.36264729792e-008, 5.5502592744e-008, 2.34705964886e-007, 7.53936575393e-008, 5.33268540437e-008, 3.54080356146e-008, 1.01148573961e-008, 1.58047104293e-008, 9.99162264037e-009, 6.57380905267e-009, 2.83152012948e-009, 1.614041234e-009, 7.94635912627e-010, 7.23396009761e-010, 6.87045420555e-010, 1.32896029251e-011]
    },
    "erbbands": {
        "mean": [0.258955270052, 4.07962799072, 11.0479879379, 7.58621549606, 11.2331800461, 32.2401428223, 58.069393158, 47.2268829346, 15.7303247452, 62.1573295593, 53.8621635437, 44.1128692627, 29.5237312317, 19.5889797211, 34.3561859131, 13.0199804306, 12.6434020996, 26.6467952728, 21.0733413696, 17.2536640167, 12.4813632965, 11.7452507019, 9.6041431427, 7.9326171875, 8.66553020477, 6.74121618271, 6.28261470795, 4.44356012344, 3.78846883774, 2.50206875801, 2.03508543968, 1.28059983253, 0.974357068539, 0.650176584721, 0.394898355007, 0.212530136108, 0.0785607472062, 0.0185166038573, 0.000587384973187, 7.18365699868e-005],
        "var": [0.143185019493, 11.9791316986, 122.110137939, 121.355926514, 275.822387695, 1181.23120117, 3295.77929688, 3811.796875, 721.223937988, 5877.62548828, 3516.68945313, 4552.89697266, 1211.18457031, 454.006896973, 1594.49316406, 132.807983398, 107.36769104, 605.704711914, 237.985458374, 243.929748535, 76.7411193848, 69.1475067139, 36.0615997314, 32.5790367126, 39.0905151367, 26.6303787231, 15.7517652512, 6.67778587341, 4.64572811127, 2.03307938576, 1.29027044773, 0.435298860073, 0.271696716547, 0.110036030412, 0.0420169197023, 0.0166983269155, 0.00163782632444, 9.53410417424e-005, 1.33826787874e-007, 1.01304364897e-009]
    },
    "gfcc": {
        "mean": [41.6814613342, 86.1763916016, -94.7571029663, 22.9179916382, -56.9511108398, 10.6101055145, -38.7473716736, 10.1260919571, -23.7627925873, 11.1455383301, -20.0569229126, 4.76617860794, -11.8258457184],
        "cov": [[2439.88256836, 342.933380127, 209.185577393, 226.510513306, 115.357879639, 84.8847885132, 57.4240341187, 68.1336669922, 47.1844787598, 13.3430299759, -39.6644287109, -15.492266655, 7.70143651962], [342.933380127, 384.489318848, 321.742858887, 223.69178772, 174.160415649, 118.999359131, 69.0502166748, 11.5342216492, 15.4600172043, -26.0172901154, 29.4819507599, -15.3630399704, -18.9882640839], [209.185577393, 321.742858887, 309.732788086, 209.078323364, 167.579971313, 109.508140564, 74.6524658203, 22.5668468475, 31.4897842407, -14.4513645172, 31.6369857788, -12.6402721405, -13.0754613876], [226.510513306, 223.69178772, 209.078323364, 169.421264648, 138.601852417, 93.4501113892, 69.859588623, 34.9105758667, 33.6802139282, 11.1328697205, 26.1413440704, -5.72533988953, -17.3322162628], [115.357879639, 174.160415649, 167.579971313, 138.601852417, 150.592514038, 96.6959915161, 86.0009841919, 45.4106826782, 43.4006004333, 36.0929908752, 32.1610946655, -0.811318099499, -24.9758815765], [84.8847885132, 118.999359131, 109.508140564, 93.4501113892, 96.6959915161, 87.3282089233, 72.1050491333, 45.8444252014, 38.1320610046, 25.340177536, 24.470954895, 1.03756439686, -13.1334686279], [57.4240341187, 69.0502166748, 74.6524658203, 69.859588623, 86.0009841919, 72.1050491333, 93.7232208252, 71.8686828613, 59.8092422485, 58.5077934265, 33.4700050354, 15.2149105072, -4.1636633873], [68.1336669922, 11.5342216492, 22.5668468475, 34.9105758667, 45.4106826782, 45.8444252014, 71.8686828613, 85.5060195923, 72.7789306641, 65.8523788452, 29.3677310944, 20.7856273651, 13.3649158478], [47.1844787598, 15.4600172043, 31.4897842407, 33.6802139282, 43.4006004333, 38.1320610046, 59.8092422485, 72.7789306641, 82.9312820435, 74.5851821899, 35.999294281, 17.1158504486, 13.9204845428], [13.3430299759, -26.0172901154, -14.4513645172, 11.1328697205, 36.0929908752, 25.340177536, 58.5077934265, 65.8523788452, 74.5851821899, 113.012786865, 52.177066803, 25.5108909607, 0.329820126295], [-39.6644287109, 29.4819507599, 31.6369857788, 26.1413440704, 32.1610946655, 24.470954895, 33.4700050354, 29.3677310944, 35.999294281, 52.177066803, 53.4568824768, 27.6363143921, 5.61192560196], [-15.492266655, -15.3630399704, -12.6402721405, -5.72533988953, -0.811318099499, 1.03756439686, 15.2149105072, 20.7856273651, 17.1158504486, 25.5108909607, 27.6363143921, 48.130531311, 37.2868118286], [7.70143651962, -18.9882640839, -13.0754613876, -17.3322162628, -24.9758815765, -13.1334686279, -4.1636633873, 13.3649158478, 13.9204845428, 0.329820126295, 5.61192560196, 37.2868118286, 66.6506271362]],
        "icov": [[0.00070107576903, -0.00182884547394, 0.00186344608665, -0.00231268629432, 0.00117709941696, 0.000621252867859, 9.91608758341e-005, -0.000397276919102, -0.000456573587144, -0.000999510404654, 0.00240799039602, -0.000815848645288, 0.000165468940395], [-0.00182884547394, 0.0302065052092, -0.0283698737621, -4.30356340075e-005, 0.000898747064639, -0.0138133736327, 0.00823205523193, -0.00228858017363, 0.0133067620918, -0.00285979593173, -0.00624017138034, 0.00173294381239, -0.00138092460111], [0.00186344608665, -0.0283698737621, 0.067315787077, -0.0423689223826, -0.00756734423339, 0.0259167328477, -0.0293644331396, 0.0282652452588, -0.0355847515166, 0.029970087111, -0.0203614793718, 0.0191459041089, -0.0130532803014], [-0.00231268629432, -4.30356340075e-005, -0.0423689223826, 0.0840158611536, -0.0271556284279, -0.0193271208555, 0.0301091149449, -0.0310978535563, 0.0209639668465, -0.0138203101233, 0.00944791175425, -0.0101625593379, 0.00850309152156], [0.00117709941696, 0.000898747064639, -0.00756734423339, -0.0271556284279, 0.0599592700601, -0.0203003045171, -0.0200142748654, 0.0185584276915, -0.00337283592671, -0.0159983709455, 0.0184258241206, -0.0159289874136, 0.0132138151675], [0.000621252867859, -0.0138133736327, 0.0259167328477, -0.0193271208555, -0.0203003045171, 0.0775033608079, -0.0427049510181, 0.00285402359441, -0.0143789369613, 0.0267014894634, -0.0202924925834, 0.0163221862167, -0.00407550903037], [9.91608758341e-005, 0.00823205523193, -0.0293644331396, 0.0301091149449, -0.0200142748654, -0.0427049510181, 0.103256270289, -0.0682719051838, 0.0320507772267, -0.0267086904496, 0.0159410648048, -0.0194142889231, 0.0115853501484], [-0.000397276919102, -0.00228858017363, 0.0282652452588, -0.0310978535563, 0.0185584276915, 0.00285402359441, -0.0682719051838, 0.116470433772, -0.0772312432528, 0.0175402220339, 0.00496369739994, -0.00772193074226, -0.00330546288751], [-0.000456573587144, 0.0133067620918, -0.0355847515166, 0.0209639668465, -0.00337283592671, -0.0143789369613, 0.0320507772267, -0.0772312432528, 0.111157029867, -0.047275248915, -0.00597175676376, 0.0263466443866, -0.0215126313269], [-0.000999510404654, -0.00285979593173, 0.029970087111, -0.0138203101233, -0.0159983709455, 0.0267014894634, -0.0267086904496, 0.0175402220339, -0.047275248915, 0.0648710355163, -0.0418581515551, 0.00830119010061, 0.0041003357619], [0.00240799039602, -0.00624017138034, -0.0203614793718, 0.00944791175425, 0.0184258241206, -0.0202924925834, 0.0159410648048, 0.00496369739994, -0.00597175676376, -0.0418581515551, 0.089870326221, -0.0598312057555, 0.0266720876098], [-0.000815848645288, 0.00173294381239, 0.0191459041089, -0.0101625593379, -0.0159289874136, 0.0163221862167, -0.0194142889231, -0.00772193074226, 0.0263466443866, 0.00830119010061, -0.0598312057555, 0.0975472182035, -0.0557934269309], [0.000165468940395, -0.00138092460111, -0.0130532803014, 0.00850309152156, 0.0132138151675, -0.00407550903037, 0.0115853501484, -0.00330546288751, -0.0215126313269, 0.0041003357619, 0.0266720876098, -0.0557934269309, 0.0532164685428]]
    },
    "melbands": {
        "mean": [0.00340270670131, 0.00585212325677, 0.00154045433737, 0.00134169473313, 0.0021370567847, 0.00106406700797, 0.00022218353115, 0.000741434807424, 0.000416644965298, 0.000243402188062, 0.000138566771057, 7.35137582524e-005, 0.000114174406917, 4.67567952001e-005, 3.39976904797e-005, 2.2845049898e-005, 5.58526844543e-005, 3.51705384674e-005, 2.2452990379e-005, 2.3082109692e-005, 1.35342434078e-005, 1.197295569e-005, 1.10844830488e-005, 8.46508646646e-006, 6.05927016295e-006, 5.96347990722e-006, 5.59277805223e-006, 4.54296241514e-006, 4.0553600229e-006, 3.35151298714e-006, 2.37586573348e-006, 2.21819459512e-006, 1.68236476839e-006, 1.31981880713e-006, 1.15293789804e-006, 1.06056290861e-006, 6.82487439008e-007, 7.33398337616e-007, 5.7665715758e-007, 5.12709902978e-007],
        "var": [1.43445031426e-005, 2.03140116355e-005, 4.37269363829e-006, 1.59786895892e-006, 3.52398046743e-006, 1.86795853097e-006, 1.47783580928e-007, 8.52606660828e-007, 2.02783297709e-007, 1.42025911032e-007, 3.00007272358e-008, 8.96091734148e-009, 1.67789604433e-008, 2.67237143525e-009, 7.36832594939e-010, 3.3848829295e-010, 3.08226466572e-009, 6.88968881946e-010, 2.67701499856e-010, 5.2198351197e-010, 1.10110545681e-010, 6.7341340837e-011, 1.15136754297e-010, 4.92554122489e-011, 2.32745558937e-011, 1.85532526842e-011, 1.69480471324e-011, 1.70601761884e-011, 6.92476111175e-012, 6.08428325083e-012, 2.66613272258e-012, 1.71857450146e-012, 1.20440127056e-012, 6.67282039086e-013, 4.93192780452e-013, 3.67564865263e-013, 1.41500878939e-013, 1.97822024061e-013, 8.90037216562e-014, 8.03088674663e-014]
    },
    "mfcc": {
        "mean": [-612.219543457, 125.364509583, 14.0932292938, 21.414768219, 4.07060050964, 5.59878444672, -2.24971151352, -1.69611501694, 1.6292232275, 3.72798037529, -0.350276499987, -1.99169719219, -2.68962359428],
        "cov": [[1774.74658203, 284.445648193, 180.790390015, 175.429595947, 135.522125244, 100.359085083, 59.1514091492, 69.9261474609, 86.4618759155, 59.2551498413, 12.1360187531, -26.6523227692, -9.36050605774], [284.445648193, 311.064239502, 213.400650024, 145.045837402, 152.619827271, 121.676635742, 104.770500183, 80.150428772, 15.3465232849, 9.30188751221, 48.7063560486, 37.2769012451, -4.69877767563], [180.790390015, 213.400650024, 187.320465088, 116.679023743, 121.461463928, 88.5515670776, 74.5042266846, 65.3779144287, 16.8665428162, 18.1220226288, 38.2275657654, 12.9383792877, -9.73352718353], [175.429595947, 145.045837402, 116.679023743, 130.245727539, 93.3005371094, 81.5748748779, 68.3541183472, 49.1890449524, 41.0012283325, 25.3513145447, 41.9789085388, 57.2097854614, 44.0359687805], [135.522125244, 152.619827271, 121.461463928, 93.3005371094, 112.75756073, 82.6743087769, 66.2850418091, 55.7141075134, 20.152589798, 21.3273086548, 38.3436584473, 22.8163566589, -0.502240777016], [100.359085083, 121.676635742, 88.5515670776, 81.5748748779, 82.6743087769, 90.5271606445, 72.6254730225, 49.0366592407, 25.4839668274, 19.0367145538, 41.7199745178, 52.3022575378, 26.2276306152], [59.1514091492, 104.770500183, 74.5042266846, 68.3541183472, 66.2850418091, 72.6254730225, 79.6781463623, 54.1959228516, 24.8940505981, 14.9386854172, 35.5822715759, 51.7672729492, 32.3278160095], [69.9261474609, 80.150428772, 65.3779144287, 49.1890449524, 55.7141075134, 49.0366592407, 54.1959228516, 65.0524749756, 34.5612068176, 18.1995944977, 19.8171520233, 17.5080814362, 16.698009491], [86.4618759155, 15.3465232849, 16.8665428162, 41.0012283325, 20.152589798, 25.4839668274, 24.8940505981, 34.5612068176, 76.3724517822, 54.9434127808, 26.9080448151, 31.876291275, 47.8233909607], [59.2551498413, 9.30188751221, 18.1220226288, 25.3513145447, 21.3273086548, 19.0367145538, 14.9386854172, 18.1995944977, 54.9434127808, 93.9392776489, 69.8311004639, 36.2205429077, 20.8796958923], [12.1360187531, 48.7063560486, 38.2275657654, 41.9789085388, 38.3436584473, 41.7199745178, 35.5822715759, 19.8171520233, 26.9080448151, 69.8311004639, 108.918304443, 82.9864349365, 15.366818428], [-26.6523227692, 37.2769012451, 12.9383792877, 57.2097854614, 22.8163566589, 52.3022575378, 51.7672729492, 17.5080814362, 31.876291275, 36.2205429077, 82.9864349365, 153.020080566, 93.2511978149], [-9.36050605774, -4.69877767563, -9.73352718353, 44.0359687805, -0.502240777016, 26.2276306152, 32.3278160095, 16.698009491, 47.8233909607, 20.8796958923, 15.366818428, 93.2511978149, 132.383636475]],
        "icov": [[0.000805095769465, -0.00129731860943, 0.00101765082218, -0.00130719773006, 0.000631932285614, -0.000595079967752, 0.00106984749436, -0.000245438539423, -0.000354727526428, -0.000903154432308, 0.000733384105843, 0.000282111897832, 0.00039726641262], [-0.00129731860943, 0.0210783556104, -0.0177835822105, 0.00152752769645, -0.0056376629509, -0.00110840902198, -0.00706314854324, 0.00284083909355, -0.00016861880431, 0.00493282685056, -0.000190391816432, -0.00349921523593, 0.00217530527152], [0.00101765082218, -0.0177835822105, 0.0400257408619, -0.0171295758337, -0.00595571752638, 0.00151434075087, 0.00528304744512, -0.0117709515616, 0.0096734855324, -0.00718774599954, -0.00133795721922, 0.00765388458967, 0.000356632925104], [-0.00130719773006, 0.00152752769645, -0.0171295758337, 0.0432946123183, -0.0190695822239, -0.000236817431869, -0.00605950923637, 0.0170581787825, -0.0197313446552, 0.0128268571571, -0.00510452967137, -0.0034218064975, -0.00828876066953], [0.000631932285614, -0.0056376629509, -0.00595571752638, -0.0190695822239, 0.0635255798697, -0.0333150848746, 0.0109013775364, -0.0188376586884, 0.013460047543, -0.011124827899, 0.00078300392488, 0.0058767828159, 0.00496696960181], [-0.000595079967752, -0.00110840902198, 0.00151434075087, -0.000236817431869, -0.0333150848746, 0.0751277953386, -0.0426050312817, 0.0134861711413, -0.00949444528669, 0.00605893693864, -0.00180417404044, -0.00709543423727, 0.00148280395661], [0.00106984749436, -0.00706314854324, 0.00528304744512, -0.00605950923637, 0.0109013775364, -0.0426050312817, 0.0808260217309, -0.0414901673794, 0.0129419192672, -0.00366442091763, 0.00192765425891, -0.00676872115582, -0.00334619358182], [-0.000245438539423, 0.00284083909355, -0.0117709515616, 0.0170581787825, -0.0188376586884, 0.0134861711413, -0.0414901673794, 0.0655069053173, -0.0324878133833, 0.0153465028852, -0.00759916426614, 0.0072401445359, -0.00223248871043], [-0.000354727526428, -0.00016861880431, 0.0096734855324, -0.0197313446552, 0.013460047543, -0.00949444528669, 0.0129419192672, -0.0324878133833, 0.0568810254335, -0.0370658487082, 0.016802424565, -0.00190504442435, -0.0051974998787], [-0.000903154432308, 0.00493282685056, -0.00718774599954, 0.0128268571571, -0.011124827899, 0.00605893693864, -0.00366442091763, 0.0153465028852, -0.0370658487082, 0.0578201040626, -0.0447638481855, 0.018070327118, -0.0102295614779], [0.000733384105843, -0.000190391816432, -0.00133795721922, -0.00510452967137, 0.00078300392488, -0.00180417404044, 0.00192765425891, -0.00759916426614, 0.016802424565, -0.0447638481855, 0.0634884387255, -0.0386420786381, 0.0233331564814], [0.000282111897832, -0.00349921523593, 0.00765388458967, -0.0034218064975, 0.0058767828159, -0.00709543423727, -0.00676872115582, 0.0072401445359, -0.00190504442435, 0.018070327118, -0.0386420786381, 0.0428311377764, -0.0240822490305], [0.00039726641262, 0.00217530527152, 0.000356632925104, -0.00828876066953, 0.00496696960181, 0.00148280395661, -0.00334619358182, -0.00223248871043, -0.0051974998787, -0.0102295614779, 0.0233331564814, -0.0240822490305, 0.0290123969316]]
    },
    "spectral_contrast_coeffs": {
        "mean": [-0.507770299911, -0.576102793217, -0.657491445541, -0.683840155602, -0.707797169685, -0.724075138569],
        "var": [0.0119154071435, 0.00839241221547, 0.00582945719361, 0.00372284650803, 0.00262302556075, 0.00115987996105]
    },
    "spectral_contrast_valleys": {
        "mean": [-7.71808385849, -7.15957069397, -7.91622781754, -8.35595798492, -8.30088996887, -10.4361696243],
        "var": [1.34225153923, 0.752341389656, 0.6769323349, 0.578976452351, 0.499443024397, 0.438364028931]
    }
},
"metadata": {
    "audio_properties": {
        "analysis_sample_rate": 44100,
        "bit_rate": 128074,
        "equal_loudness": 0,
        "length": 45.0612258911,
        "lossless": 0,
        "replay_gain": -5.88690567017,
        "sample_rate": 44100,
        "codec": "mp3",
        "downmix": "mix",
        "md5_encoded": "f2d9f3fec8a1b01cd4fc85c86afc4ee8"
    },
    "tags": {
        "file_name": "1387.mp3"
    },
    "version": {
        "essentia": "2.1-beta2",
        "essentia_git_sha": "v2.1_beta2",
        "extractor": "music 1.0"
    }
},
"rhythm": {
    "beats_count": 89,
    "beats_loudness": {
        "mean": 0.0569696761668,
        "var": 0.000625446147751
    },
    "bpm": 120.34703064,
    "bpm_histogram_first_peak_bpm": {
        "mean": 120,
        "var": 0
    },
    "bpm_histogram_first_peak_spread": {
        "mean": 0.282051295042,
        "var": 0
    },
    "bpm_histogram_first_peak_weight": {
        "mean": 0.636363625526,
        "var": 0
    },
    "bpm_histogram_second_peak_bpm": {
        "mean": 110,
        "var": 0
    },
    "bpm_histogram_second_peak_spread": {
        "mean": 0.40000000596,
        "var": 0
    },
    "bpm_histogram_second_peak_weight": {
        "mean": 0.0340909101069,
        "var": 0
    },
    "danceability": 1.21221661568,
    "onset_rate": 3.12766575813,
    "beats_loudness_band_ratio": {
        "mean": [0.476902663708, 0.246755927801, 0.18370898068, 0.0622483380139, 0.0302609093487, 0.0225985497236],
        "var": [0.0339593924582, 0.022739244625, 0.013112780638, 0.00215043802746, 0.000257855688687, 0.000167062709806]
    },
    "beats_position": [0.394739210606, 0.835918366909, 1.27709746361, 1.764716506, 2.2523355484, 2.75156450272, 3.25079369545, 3.75002264977, 4.2492518425, 4.74848079681, 5.24770975113, 5.74693870544, 6.24616765976, 6.74539661407, 7.24462556839, 7.73224496841, 8.23147392273, 8.73070240021, 9.21832180023, 9.72916126251, 10.2167797089, 10.71600914, 11.2152376175, 11.7144670486, 12.2136955261, 12.7129249573, 13.2121543884, 13.7113828659, 14.2106122971, 14.7098407745, 15.2090702057, 15.7199087143, 16.2075271606, 16.7067565918, 17.2059860229, 17.693605423, 18.1928348541, 18.6920623779, 19.179681778, 19.6905212402, 20.1781406403, 20.6773700714, 21.1765975952, 21.6758270264, 22.1750564575, 22.6742858887, 23.1735134125, 23.6727428436, 24.1719722748, 24.6712017059, 25.1704311371, 25.6580486298, 26.1572780609, 26.6565074921, 27.1441268921, 27.6549663544, 28.1541938782, 28.6534233093, 29.1526527405, 29.6518821716, 30.1394996643, 30.6387290955, 31.1379585266, 31.6371879578, 32.1364173889, 32.6356468201, 33.1348762512, 33.6341018677, 34.1333312988, 34.63256073, 35.1317901611, 35.6542396545, 36.1999092102, 36.7455787659, 37.3028564453, 37.848526001, 38.4058036804, 38.91664505, 39.4390907288, 39.9615402222, 40.4723815918, 40.9832191467, 41.4940567017, 41.981678009, 42.4809074402, 42.9801368713, 43.4793624878, 43.9785919189, 44.4894332886]
},
"tonal": {
    "chords_changes_rate": 0.0401234552264,
    "chords_number_rate": 0.00720164598897,
    "chords_strength": {
        "mean": 0.469180554152,
        "var": 0.0102588245645
    },
    "hpcp_entropy": {
        "mean": 1.22309589386,
        "var": 0.445968896151
    },
    "key_strength": 0.873908281326,
    "tuning_diatonic_strength": 0.581393063068,
    "tuning_equal_tempered_deviation": 0.079056955874,
    "tuning_frequency": 438.477722168,
    "tuning_nontempered_energy_ratio": 0.638697564602,
    "hpcp": {
        "mean": [0.162231966853, 0.0775828137994, 0.0138539597392, 0.0087751429528, 0.00409285118803, 0.0313889309764, 0.0904003605247, 0.0858827978373, 0.228667914867, 0.479510545731, 0.297781050205, 0.0279845949262, 0.00891580618918, 0.00675566634163, 0.0480681732297, 0.138084754348, 0.107419796288, 0.021003710106, 0.0100825950503, 0.00634498847649, 0.0773312300444, 0.200923740864, 0.150173455477, 0.170412674546, 0.297094553709, 0.159707710147, 0.015952270478, 0.0148381683975, 0.0139979720116, 0.111088372767, 0.237039893866, 0.141026899219, 0.0156404320151, 0.0103908246383, 0.0129486331716, 0.0999910160899],
        "var": [0.0988714024425, 0.0189372319728, 0.00125056982506, 0.000201484974241, 2.95957943308e-005, 0.00249444996007, 0.0260666050017, 0.0275596007705, 0.0551278889179, 0.182700708508, 0.0805048942566, 0.00432715052739, 0.000503373274114, 0.000199662681553, 0.00767947733402, 0.07378038764, 0.0440520271659, 0.00192240707111, 0.000510842713993, 0.000420215365011, 0.0138531615958, 0.0939785391092, 0.0527232922614, 0.0605211406946, 0.189022004604, 0.0641381591558, 0.00163877056912, 0.000505310599692, 0.000921573257074, 0.0314777158201, 0.119576975703, 0.0424240007997, 0.00169160182122, 0.000491034239531, 0.00227488204837, 0.0435507297516]
    },
    "chords_histogram": [26.9547328949, 18.7242794037, 23.148147583, 0.514403283596, 9.36213970184, 0, 0.205761313438, 0, 0, 0, 0, 0, 0, 0, 0, 0, 0, 6.37860059738, 0.102880656719, 6.89300394058, 0, 0, 0, 7.71604919434],
    "thpcp": [1, 0.621010422707, 0.058360747993, 0.0185935553163, 0.0140886707231, 0.100244246423, 0.287970215082, 0.224019676447, 0.043802395463, 0.0210268478841, 0.0132322190329, 0.161271169782, 0.419018387794, 0.313180714846, 0.355388790369, 0.619578778744, 0.33306401968, 0.0332678183913, 0.0309444051236, 0.0291922092438, 0.231670349836, 0.494337171316, 0.294105947018, 0.0326174944639, 0.0216696485877, 0.0270038545132, 0.208527252078, 0.338328242302, 0.161795839667, 0.0288918763399, 0.0183002091944, 0.00853547733277, 0.0654603540897, 0.188526317477, 0.179105132818, 0.476877748966],
    "chords_key": "F",
    "chords_scale": "major",
    "key_key": "F",
    "key_scale": "major"
}
}