{
"lowlevel": {
    "average_loudness": 0.976823210716,
    "barkbands_crest": {
        "mean": 11.2064743042,
        "var": 17.0670013428
    },
    "barkbands_flatness_db": {
        "mean": 0.0849418491125,
        "var": 0.00202422565781
    },
    "barkbands_kurtosis": {
        "mean": 5.31633090973,
        "var": 1407.56176758
    },
    "barkbands_skewness": {
        "mean": 1.85719168186,
        "var": 2.38595056534
    },
    "barkbands_spread": {
        "mean": 39.7785339355,
        "var": 347.039031982
    },
    "dissonance": {
        "mean": 0.48401838541,
        "var": 0.000103858248622
    },
    "dynamic_complexity": 1.36836028099,
    "erbbands_crest": {
        "mean": 5.82781171799,
        "var": 5.78727769852
    },
    "erbbands_flatness_db": {
        "mean": 0.0856053829193,
        "var": 0.000489709898829
    },
    "erbbands_kurtosis": {
        "mean": -0.236635923386,
        "var": 0.466155350208
    },
    "erbbands_skewness": {
        "mean": -0.0862362757325,
        "var": 0.127861276269
    },
    "erbbands_spread": {
        "mean": 53.6171875,
        "var": 270.294067383
    },
    "hfc": {
        "mean": 42.0816345215,
        "var": 533.543579102
    },
    "melbands_crest": {
        "mean": 17.9306030273,
        "var": 29.5697231293
    },
    "melbands_flatness_db": {
        "mean": 0.166672945023,
        "var": 0.00337745505385
    },
    "melbands_kurtosis": {
        "mean": 20.8212966919,
        "var": 834.717468262
    },
    "melbands_skewness": {
        "mean": 3.70791721344,
        "var": 3.55472397804
    },
    "melbands_spread": {
        "mean": 27.6469306946,
        "var": 330.906921387
    },
    "pitch_salience": {
        "mean": 0.517298817635,
        "var": 0.0164393913001
    },
    "silence_rate_20dB": {
        "mean": 1,
        "var": 0
    },
    "silence_rate_30dB": {
        "mean": 0.995365619659,
        "var": 0.00461310194805
    },
    "silence_rate_60dB": {
        "mean": 0.00154479919001,
        "var": 0.00154241069686
    },
    "spectral_centroid": {
        "mean": 1715.02734375,
        "var": 351782.65625
    },
    "spectral_complexity": {
        "mean": 29.8867149353,
        "var": 74.6784210205
    },
    "spectral_decrease": {
        "mean": -1.11338520625e-008,
        "var": 4.83095910869e-017
    },
    "spectral_energy": {
        "mean": 0.0458386912942,
        "var": 0.000728128710762
    },
    "spectral_energyband_high": {
        "mean": 0.00271268119104,
        "var": 3.33830826094e-006
    },
    "spectral_energyband_low": {
        "mean": 0.0234440155327,
        "var": 0.000452917825896
    },
    "spectral_energyband_middle_high": {
        "mean": 0.00622846186161,
        "var": 1.33279218062e-005
    },
    "spectral_energyband_middle_low": {
        "mean": 0.0137916505337,
        "var": 0.000267400639132
    },
    "spectral_entropy": {
        "mean": 8.08387947083,
        "var": 0.0765715241432
    },
    "spectral_flux": {
        "mean": 0.135766267776,
        "var": 0.00438411906362
    },
    "spectral_kurtosis": {
        "mean": 3.16975498199,
        "var": 1.64459276199
    },
    "spectral_rms": {
        "mean": 0.00641133775935,
        "var": 3.61550564776e-006
    },
    "spectral_rolloff": {
        "mean": 1915.1138916,
        "var": 3194148.75
    },
    "spectral_skewness": {
        "mean": 1.49763083458,
        "var": 0.0287026166916
    },
    "spectral_spread": {
        "mean": 6638675.5,
        "var": 2.29463293952e+012
    },
    "spectral_strongpeak": {
        "mean": 0.455251693726,
        "var": 0.219503596425
    },
    "zerocrossingrate": {
        "mean": 0.0945301949978,
        "var": 0.00195640162565
    },
    "barkbands": {
        "mean": [0.00449972227216, 0.0104783372954, 0.00820130668581, 0.00500484323129, 0.00515128020197, 0.00161940674298, 0.000925809901673, 0.000524975126609, 0.000425325182732, 0.000570776464883, 0.000516673026141, 0.000617154059, 0.00074108800618, 0.000410322420066, 0.000622851948719, 0.0010352274403, 0.000478590256535, 0.000701230135746, 0.000443217490101, 0.000330519542331, 0.000350038957549, 0.000290182855679, 0.000319099111948, 0.000405444996431, 0.000478428497445, 0.000574424571823, 0.000122457087855],
        "var": [7.21795513527e-005, 0.000149447849253, 0.000113413028885, 0.000108111402369, 8.60315631144e-005, 5.54404232389e-006, 1.2643968148e-006, 6.74429998071e-007, 2.7359291721e-007, 5.6987340713e-007, 7.17743546375e-007, 1.22822939375e-006, 1.34942763452e-006, 9.41792919207e-008, 3.04382837157e-007, 6.00539408424e-007, 1.00363692468e-007, 5.41550491562e-007, 2.08920084788e-007, 6.5283558115e-008, 7.07110743292e-008, 4.93465890372e-008, 5.38641167225e-008, 9.53483407784e-008, 1.44086286014e-007, 2.35253992287e-007, 1.60416817607e-008]
    },
    "erbbands": {
        "mean": [0.223410472274, 2.66602349281, 9.25688076019, 14.8114109039, 15.7905750275, 17.1215209961, 16.2085723877, 11.8230066299, 12.9105415344, 11.6443061829, 11.4277715683, 11.3467988968, 12.5708303452, 21.9526901245, 21.364774704, 29.5717105865, 35.2479667664, 24.6700992584, 29.5365962982, 44.2477455139, 47.3408851624, 26.9376831055, 31.9837989807, 37.4248886108, 17.3112487793, 15.6790771484, 13.3800096512, 13.8125228882, 10.6512260437, 10.0940198898, 8.82497787476, 8.56329917908, 6.80918741226, 5.15362548828, 3.48364233971, 2.14822387695, 1.06819212437, 0.342924714088, 0.0119849098846, 0.000286802940536],
        "var": [0.0845894142985, 10.2215051651, 115.880783081, 743.280334473, 718.702697754, 1182.29321289, 977.627441406, 252.658798218, 225.463256836, 224.528488159, 313.633178711, 213.740966797, 183.155883789, 1150.10205078, 941.503112793, 2746.41943359, 3453.80273438, 357.567687988, 670.373779297, 1096.58093262, 856.143676758, 254.983139038, 616.98651123, 2120.32299805, 351.763549805, 146.636734009, 97.2115859985, 139.476455688, 61.0702629089, 79.0309371948, 45.0698204041, 48.7490272522, 26.7392539978, 16.1672172546, 8.07647418976, 3.23982429504, 0.835545003414, 0.0974058359861, 0.000160465351655, 5.20389455971e-008]
    },
    "gfcc": {
        "mean": [75.6111297607, 39.5886383057, -87.7432479858, 31.3199958801, -35.0291748047, 20.1576786041, -40.0024604797, 12.7098560333, -27.242723465, 8.22193813324, -21.2766304016, 8.75316524506, -16.8944282532],
        "cov": [[2736.96191406, -530.964660645, 174.685974121, -83.3827209473, -171.36491394, 105.57988739, -138.517425537, 28.7837657928, -96.3734207153, 3.63791298866, -41.6834068298, 26.8231449127, -111.243522644], [-530.964660645, 679.581054688, -42.7642860413, 102.132575989, 75.1749191284, -92.2069091797, 22.9635295868, -64.1109542847, -19.6858940125, -48.377746582, -18.1380119324, -51.9565734863, 17.6814041138], [174.685974121, -42.7642860413, 270.822906494, 25.8839035034, 43.1875038147, 4.07939624786, -26.3652439117, -6.7250752449, -16.0784797668, -13.1869564056, -31.0492115021, -25.8409633636, -37.5255012512], [-83.3827209473, 102.132575989, 25.8839035034, 101.229034424, 60.1519737244, 30.8419322968, 34.8726654053, 16.8569831848, 12.7503480911, 0.586950659752, -2.31899666786, -11.6953630447, -0.15908664465], [-171.36491394, 75.1749191284, 43.1875038147, 60.1519737244, 111.056602478, 34.0202713013, 53.4805755615, 20.8997554779, 24.5263557434, 9.15755367279, 0.773332178593, -6.51593255997, 6.51197147369], [105.57988739, -92.2069091797, 4.07939624786, 30.8419322968, 34.0202713013, 100.490509033, 56.5625572205, 51.1069717407, 28.9553031921, 22.8165092468, 14.7510061264, 13.8673744202, -3.25762462616], [-138.517425537, 22.9635295868, -26.3652439117, 34.8726654053, 53.4805755615, 56.5625572205, 97.5214691162, 56.9977226257, 43.0139732361, 20.4631328583, 23.9759502411, 15.0704698563, 13.1295890808], [28.7837657928, -64.1109542847, -6.7250752449, 16.8569831848, 20.8997554779, 51.1069717407, 56.9977226257, 84.7717895508, 58.5686798096, 34.9383239746, 18.3424186707, 16.7988853455, 8.57768344879], [-96.3734207153, -19.6858940125, -16.0784797668, 12.7503480911, 24.5263557434, 28.9553031921, 43.0139732361, 58.5686798096, 82.7320327759, 53.415687561, 31.3661708832, 18.0317974091, 16.7376708984], [3.63791298866, -48.377746582, -13.1869564056, 0.586950659752, 9.15755367279, 22.8165092468, 20.4631328583, 34.9383239746, 53.415687561, 67.4069290161, 42.9200897217, 25.9739875793, 11.9992027283], [-41.6834068298, -18.1380119324, -31.0492115021, -2.31899666786, 0.773332178593, 14.7510061264, 23.9759502411, 18.3424186707, 31.3661708832, 42.9200897217, 64.2357711792, 43.8259391785, 16.3876285553], [26.8231449127, -51.9565734863, -25.8409633636, -11.6953630447, -6.51593255997, 13.8673744202, 15.0704698563, 16.7988853455, 18.0317974091, 25.9739875793, 43.8259391785, 63.6993522644, 38.1758918762], [-111.243522644, 17.6814041138, -37.5255012512, -0.15908664465, 6.51197147369, -3.25762462616, 13.1295890808, 8.57768344879, 16.7376708984, 11.9992027283, 16.3876285553, 38.1758918762, 70.3546066284]],
        "icov": [[0.000682018348016, -5.57445382583e-005, -0.000280217238469, 4.01214201702e-005, 0.000767726625782, -0.00119334459305, 0.00124998192769, -0.00129298178945, 0.00158709846437, -0.0012054258259, 0.00126555445604, -0.00155342882499, 0.00111723924056], [-5.57445382583e-005, 0.00335843954235, 0.000656279735267, -0.00346597400494, -0.00087702187011, 0.00435370765626, -0.00273569440469, 0.00280114728957, -0.0013724300079, 0.00211507314816, -0.00217121746391, 0.00308799720369, -0.0013422871707], [-0.000280217238469, 0.000656279735267, 0.0054028891027, -0.00105817138683, -0.00420958874747, 0.00121602555737, 0.00279196863994, -0.000772111758124, -0.000139989671879, 0.000460451934487, 0.00142528966535, -0.00115115684457, 0.00253783608787], [4.01214201702e-005, -0.00346597400494, -0.00105817138683, 0.0193525757641, -0.00631280988455, -0.00741756334901, 0.00311391125433, -0.00407949229702, 0.00163652910851, 0.000666871143039, -0.00180536042899, 0.00267099984922, -0.000960925768595], [0.000767726625782, -0.00087702187011, -0.00420958874747, -0.00631280988455, 0.0213641617447, -0.00313308928162, -0.0100190956146, 0.00554643198848, -0.00166485912632, -0.00469088135287, 0.00523404544219, -0.000418143317802, -0.00155037012883], [-0.00119334459305, 0.00435370765626, 0.00121602555737, -0.00741756334901, -0.00313308928162, 0.0268054865301, -0.0130782537162, -0.00158774701413, 0.00110989017412, -0.00166926288512, 0.000505130912643, -0.000695795810316, 0.00209672236815], [0.00124998192769, -0.00273569440469, 0.00279196863994, 0.00311391125433, -0.0100190956146, -0.0130782537162, 0.0368631929159, -0.019616663456, 0.00134964298923, 0.00841066520661, -0.00983087811619, -0.000213049585, 0.000644203217234], [-0.00129298178945, 0.00280114728957, -0.000772111758124, -0.00407949229702, 0.00554643198848, -0.00158774701413, -0.019616663456, 0.043976906687, -0.0256247464567, 0.000981342745945, 0.00878675095737, -0.0037410215009, 0.000454943772638], [0.00158709846437, -0.0013724300079, -0.000139989671879, 0.00163652910851, -0.00166485912632, 0.00110989017412, 0.00134964298923, -0.0256247464567, 0.0486700423062, -0.0281878635287, 0.000604426721111, 0.00357577460818, -0.00299111683853], [-0.0012054258259, 0.00211507314816, 0.000460451934487, 0.000666871143039, -0.00469088135287, -0.00166926288512, 0.00841066520661, 0.000981342745945, -0.0281878635287, 0.0532977208495, -0.03042579256, 0.00985421054065, -0.00416693836451], [0.00126555445604, -0.00217121746391, 0.00142528966535, -0.00180536042899, 0.00523404544219, 0.000505130912643, -0.00983087811619, 0.00878675095737, 0.000604426721111, -0.03042579256, 0.0618413463235, -0.0422153733671, 0.0171528849751], [-0.00155342882499, 0.00308799720369, -0.00115115684457, 0.00267099984922, -0.000418143317802, -0.000695795810316, -0.000213049585, -0.0037410215009, 0.00357577460818, 0.00985421054065, -0.0422153733671, 0.061765640974, -0.0295514464378], [0.00111723924056, -0.0013422871707, 0.00253783608787, -0.000960925768595, -0.00155037012883, 0.00209672236815, 0.000644203217234, 0.000454943772638, -0.00299111683853, -0.00416693836451, 0.0171528849751, -0.0295514464378, 0.0311960764229]]
    },
    "melbands": {
        "mean": [0.00264520593919, 0.00454292492941, 0.00255501130596, 0.00123355712276, 0.00059432425769, 0.000267949537374, 0.00019872825942, 0.000121724406199, 8.60794098116e-005, 6.99420488672e-005, 6.19888160145e-005, 8.83443935891e-005, 6.70773442835e-005, 7.37381560612e-005, 7.44056378608e-005, 7.14369161869e-005, 4.21161748818e-005, 4.39510295109e-005, 4.45886653324e-005, 7.96545718913e-005, 4.7717072448e-005, 2.746203063e-005, 2.47249736276e-005, 3.43320061802e-005, 3.05197427224e-005, 1.3554378711e-005, 1.04623841253e-005, 1.03527872852e-005, 7.98787277745e-006, 8.57260238263e-006, 7.88037596067e-006, 5.91246043768e-006, 5.67229517401e-006, 5.52391838937e-006, 4.83629628434e-006, 5.45506236449e-006, 5.10964218847e-006, 4.77284402223e-006, 4.48201808467e-006, 4.28770090366e-006],
        "var": [8.30697263154e-006, 2.41386587732e-005, 1.8615166482e-005, 4.91450100526e-006, 1.40645499869e-006, 1.29988052322e-007, 5.45447953471e-008, 2.63681343426e-008, 1.75971166527e-008, 8.97236418496e-009, 4.76208183997e-009, 1.96639149408e-008, 1.19682823652e-008, 1.86303967808e-008, 7.89160203851e-009, 1.60563722318e-008, 1.1796639221e-009, 1.5432347622e-009, 1.58250834659e-009, 5.11865616559e-009, 9.13685460624e-010, 3.13694542564e-010, 4.05656869207e-010, 1.14177245436e-009, 1.61901636542e-009, 3.83527848369e-010, 6.27801699515e-011, 9.3933978651e-011, 4.91120512314e-011, 4.87695613061e-011, 7.53534040721e-011, 2.03919190561e-011, 2.88004967097e-011, 2.36627505784e-011, 1.69009875539e-011, 1.84815409504e-011, 2.23530447624e-011, 1.37997131083e-011, 1.33462017479e-011, 1.18648875447e-011]
    },
    "mfcc": {
        "mean": [-581.903442383, 87.9009780884, 7.87959289551, 22.9305000305, 23.3207950592, 11.9630670547, 5.6358833313, 5.74280309677, 2.8754901886, -0.48350211978, -0.425605237484, 1.93368804455, 1.30651855469],
        "cov": [[1983.74841309, -405.655639648, 192.442810059, -198.515274048, -18.3659534454, -37.5947494507, -20.1781387329, 11.8447351456, -82.8463973999, -11.0811071396, 18.2367935181, -14.7231273651, -19.2768936157], [-405.655639648, 483.690887451, -35.2946777344, 148.463699341, 11.0579843521, 8.88569450378, -2.61912703514, -30.2831916809, -4.08059072495, -25.6625137329, -35.7197113037, -22.7545757294, -30.4721717834], [192.442810059, -35.2946777344, 171.381546021, 7.99038028717, 38.3401069641, -2.42236208916, -5.81723356247, -8.32581329346, -15.0081739426, -2.99270105362, -3.64545297623, -10.3407535553, -14.2971525192], [-198.515274048, 148.463699341, 7.99038028717, 112.278709412, 36.9163398743, 21.207988739, 15.3396530151, 2.21089529991, 15.8460435867, 3.56923127174, -5.72494077682, -7.62415790558, -6.81650972366], [-18.3659534454, 11.0579843521, 38.3401069641, 36.9163398743, 63.3551445007, 27.0413150787, 13.5599908829, 4.25686836243, 16.6129436493, 10.9209947586, 3.25488495827, -0.97359418869, -0.789368569851], [-37.5947494507, 8.88569450378, -2.42236208916, 21.207988739, 27.0413150787, 56.7177810669, 33.8151092529, 20.4563484192, 14.2376070023, 11.339963913, 8.85154628754, 11.8755912781, 9.16093540192], [-20.1781387329, -2.61912703514, -5.81723356247, 15.3396530151, 13.5599908829, 33.8151092529, 60.9377479553, 37.3032455444, 21.9015293121, 6.63350582123, 9.87621974945, 8.08405208588, 7.72792625427], [11.8447351456, -30.2831916809, -8.32581329346, 2.21089529991, 4.25686836243, 20.4563484192, 37.3032455444, 68.4008026123, 32.6070022583, 22.5697784424, 14.5118207932, 17.0128078461, 14.7836875916], [-82.8463973999, -4.08059072495, -15.0081739426, 15.8460435867, 16.6129436493, 14.2376070023, 21.9015293121, 32.6070022583, 75.2269287109, 32.5236930847, 14.2936296463, 7.20161628723, 6.89261817932], [-11.0811071396, -25.6625137329, -2.99270105362, 3.56923127174, 10.9209947586, 11.339963913, 6.63350582123, 22.5697784424, 32.5236930847, 67.8455886841, 31.8811779022, 21.6038646698, 18.4819793701], [18.2367935181, -35.7197113037, -3.64545297623, -5.72494077682, 3.25488495827, 8.85154628754, 9.87621974945, 14.5118207932, 14.2936296463, 31.8811779022, 54.2437820435, 35.2490653992, 21.1492290497], [-14.7231273651, -22.7545757294, -10.3407535553, -7.62415790558, -0.97359418869, 11.8755912781, 8.08405208588, 17.0128078461, 7.20161628723, 21.6038646698, 35.2490653992, 58.4240913391, 32.8002929688], [-19.2768936157, -30.4721717834, -14.2971525192, -6.81650972366, -0.789368569851, 9.16093540192, 7.72792625427, 14.7836875916, 6.89261817932, 18.4819793701, 21.1492290497, 32.8002929688, 49.8405036926]],
        "icov": [[0.000786645279732, 0.000247410062002, -0.000760532915592, 0.00107706023846, -0.000137162292958, 7.11030079401e-005, -2.02752762561e-005, -0.000627614615951, 0.000841310888063, -6.26064793323e-005, -0.000521799607668, 0.000504228344653, 0.000355175317964], [0.000247410062002, 0.00446623424068, 0.000629598216619, -0.00622808560729, 0.00230840337463, -0.000336920697009, 0.000259589956841, 0.00135531299748, 0.00037176409387, 0.000260986358626, 0.00170754734427, -0.00146321731154, 0.0019015368307], [-0.000760532915592, 0.000629598216619, 0.00865866150707, -0.00139263749588, -0.00640849396586, 0.00267112720758, 4.15687427449e-005, -0.000159431816428, 0.00213349820115, -0.000318311300362, 0.000399839162128, -0.000674661714584, 0.00192982202861], [0.00107706023846, -0.00622808560729, -0.00139263749588, 0.022968320176, -0.0101785287261, -0.000166664860444, -0.00222817785107, -0.00188274506945, -3.66012245649e-005, -0.000844357011374, -0.00183946406469, 0.00326311867684, -0.000924808497075], [-0.000137162292958, 0.00230840337463, -0.00640849396586, -0.0101785287261, 0.0318883247674, -0.0132153555751, 0.00143344409298, 0.0046054716222, -0.00574959721416, -0.00122876698151, 0.000402598263463, 0.00109358981717, -0.000166107653058], [7.11030079401e-005, -0.000336920697009, 0.00267112720758, -0.000166664860444, -0.0132153555751, 0.0345411226153, -0.0163180734962, -0.000119156873552, 0.0031289558392, -0.00290464004502, 0.00249692820944, -0.00518862623721, -0.000428161700256], [-2.02752762561e-005, 0.000259589956841, 4.15687427449e-005, -0.00222817785107, 0.00143344409298, -0.0163180734962, 0.0357528850436, -0.0151474364102, -0.00297642312944, 0.00731571996585, -0.00594143755734, 0.00430256035179, -0.000782036047895], [-0.000627614615951, 0.00135531299748, -0.000159431816428, -0.00188274506945, 0.0046054716222, -0.000119156873552, -0.0151474364102, 0.0293354336172, -0.00767632620409, -0.00479755923152, 0.0044742715545, -0.00539721734822, -0.00148135772906], [0.000841310888063, 0.00037176409387, 0.00213349820115, -3.66012245649e-005, -0.00574959721416, 0.0031289558392, -0.00297642312944, -0.00767632620409, 0.0228512473404, -0.00815181899816, -0.000979997799732, 0.00232024327852, 0.00198355549946], [-6.26064793323e-005, 0.000260986358626, -0.000318311300362, -0.000844357011374, -0.00122876698151, -0.00290464004502, 0.00731571996585, -0.00479755923152, -0.00815181899816, 0.0267602652311, -0.0126524334773, 0.00179272762034, -0.00387514289469], [-0.000521799607668, 0.00170754734427, 0.000399839162128, -0.00183946406469, 0.000402598263463, 0.00249692820944, -0.00594143755734, 0.0044742715545, -0.000979997799732, -0.0126524334773, 0.039418976754, -0.0203543193638, 0.00134243501816], [0.000504228344653, -0.00146321731154, -0.000674661714584, 0.00326311867684, 0.00109358981717, -0.00518862623721, 0.00430256035179, -0.00539721734822, 0.00232024327852, 0.00179272762034, -0.0203543193638, 0.0400399155915, -0.0172410346568], [0.000355175317964, 0.0019015368307, 0.00192982202861, -0.000924808497075, -0.000166107653058, -0.000428161700256, -0.000782036047895, -0.00148135772906, 0.00198355549946, -0.00387514289469, 0.00134243501816, -0.0172410346568, 0.0343672335148]]
    },
    "spectral_contrast_coeffs": {
        "mean": [-0.62658393383, -0.753611564636, -0.804587185383, -0.794634819031, -0.794058978558, -0.780767261982],
        "var": [0.00833348184824, 0.00289669912308, 0.00198772735894, 0.00127672415692, 0.000760678085499, 0.00100907788146]
    },
    "spectral_contrast_valleys": {
        "mean": [-6.83438253403, -6.59553050995, -6.88783454895, -6.85426807404, -6.83069944382, -8.96006679535],
        "var": [0.463919609785, 0.426786661148, 0.317960679531, 0.308727681637, 0.324615865946, 0.783048331738]
    }
},
"metadata": {
    "audio_properties": {
        "analysis_sample_rate": 44100,
        "bit_rate": 128068,
        "equal_loudness": 0,
        "length": 45.0479812622,
        "lossless": 0,
        "replay_gain": -5.40609741211,
        "sample_rate": 48000,
        "codec": "mp3",
        "downmix": "mix",
        "md5_encoded": "2272335b2130c37a78ca58197b87042f"
    },
    "tags": {
        "file_name": "1388.mp3"
    },
    "version": {
        "essentia": "2.1-beta2",
        "essentia_git_sha": "v2.1_beta2",
        "extractor": "music 1.0"
    }
},
"rhythm": {
    "beats_count": 92,
    "beats_loudness": {
        "mean": 0.050587810576,
        "var": 0.000500252994243
    },
    "bpm": 124.16355896,
    "bpm_histogram_first_peak_bpm": {
        "mean": 123,
        "var": 0
    },
    "bpm_histogram_first_peak_spread": {
        "mean": 0.526315808296,
        "var": 0
    },
    "bpm_histogram_first_peak_weight": {
        "mean": 0.395604401827,
        "var": 0
    },
    "bpm_histogram_second_peak_bpm": {
        "mean": 117,
        "var": 0
    },
    "bpm_histogram_second_peak_spread": {
        "mean": 0.33333337307,
        "var": 0
    },
    "bpm_histogram_second_peak_weight": {
        "mean": 0.0659340694547,
        "var": 0
    },
    "danceability": 1.35540258884,
    "onset_rate": 4.54848718643,
    "beats_loudness_band_ratio": {
        "mean": [0.603139162064, 0.187138199806, 0.0473600998521, 0.0729015916586, 0.0854381024837, 0.0825202018023],
        "var": [0.027753200382, 0.0263851881027, 0.000720746815205, 0.0025484059006, 0.0021966220811, 0.0022853971459]
    },
    "beats_position": [0.452789098024, 0.9287981987, 1.40480720997, 1.88081634045, 2.36843538284, 2.85605430603, 3.32045340538, 3.79646253586, 4.27247142792, 4.76009082794, 5.24770975113, 5.71210861206, 6.19972801208, 6.68734693527, 7.16335582733, 7.63936471939, 8.11537361145, 8.59138298035, 9.07900238037, 9.56662082672, 10.0542402267, 10.5534696579, 11.0643081665, 11.5751476288, 12.0743761063, 12.5736055374, 13.0728340149, 13.5836734772, 14.0945119858, 14.5937414169, 15.0813598633, 15.5573692322, 16.0449886322, 16.5209980011, 16.99700737, 17.4846248627, 17.9490242004, 18.4366436005, 18.9126529694, 19.3886623383, 19.8762817383, 20.363899231, 20.851518631, 21.3159179688, 21.7919273376, 22.2795467377, 22.7555541992, 23.2431735992, 23.707572937, 24.195192337, 24.6828117371, 25.1704311371, 25.6464385986, 26.1224479675, 26.6100673676, 27.1092967987, 27.620136261, 28.142583847, 28.6534233093, 29.1758728027, 29.6983222961, 30.1859397888, 30.6735591888, 31.1611785889, 31.6371879578, 32.1131973267, 32.6008148193, 33.0884361267, 33.5644454956, 34.0404510498, 34.5280723572, 35.0040817261, 35.480091095, 35.9677085876, 36.4437179565, 36.9197273254, 37.4073448181, 37.883354187, 38.3593635559, 38.8469848633, 39.3113822937, 39.7989997864, 40.2866210938, 40.7626304626, 41.2386398315, 41.7146492004, 42.1906585693, 42.678276062, 43.1658935547, 43.6419029236, 44.1179122925, 44.6055335999]
},
"tonal": {
    "chords_changes_rate": 0.0853909477592,
    "chords_number_rate": 0.0123456791043,
    "chords_strength": {
        "mean": 0.475786745548,
        "var": 0.00687310937792
    },
    "hpcp_entropy": {
        "mean": 2.61013460159,
        "var": 0.691143393517
    },
    "key_strength": 0.789581358433,
    "tuning_diatonic_strength": 0.544983804226,
    "tuning_equal_tempered_deviation": 0.143490627408,
    "tuning_frequency": 434.193115234,
    "tuning_nontempered_energy_ratio": 0.85163217783,
    "hpcp": {
        "mean": [0.159866735339, 0.145236745477, 0.127007976174, 0.209074452519, 0.217299237847, 0.117664530873, 0.075399518013, 0.0673462450504, 0.0857594460249, 0.11678916961, 0.102885186672, 0.0743630751967, 0.0759486556053, 0.0865415111184, 0.128437876701, 0.209547206759, 0.202034011483, 0.15930891037, 0.164650663733, 0.123161822557, 0.0794056281447, 0.0833666846156, 0.0957197025418, 0.177771762013, 0.294652044773, 0.228872209787, 0.106253705919, 0.0850094035268, 0.0760973542929, 0.110348805785, 0.17312258482, 0.145171403885, 0.0987010970712, 0.123729884624, 0.1401052773, 0.140043154359],
        "var": [0.0577517934144, 0.0497403107584, 0.0410642102361, 0.0963764861226, 0.11068969965, 0.038135252893, 0.0256644990295, 0.0173616446555, 0.0232673957944, 0.0328637585044, 0.027278194204, 0.0170194339007, 0.0171337500215, 0.0216427668929, 0.0419701598585, 0.0839418321848, 0.0739419534802, 0.0563665479422, 0.0881567895412, 0.0472443886101, 0.0255527626723, 0.0253726076335, 0.0332327932119, 0.061273407191, 0.125664964318, 0.0819784849882, 0.0383364334702, 0.0341171398759, 0.0265628881752, 0.0371501818299, 0.0856945589185, 0.0538501180708, 0.0257423017174, 0.0409575104713, 0.0582290105522, 0.0577078647912]
    },
    "chords_histogram": [22.6337451935, 24.7942390442, 16.7695465088, 2.36625504494, 3.70370364189, 0.205761313438, 4.21810722351, 0, 1.13168728352, 0, 0.205761313438, 0, 0, 0, 0, 0.308641970158, 0, 0.102880656719, 0, 1.44032919407, 3.18930029869, 8.84773635864, 5.34979438782, 4.73251008987],
    "thpcp": [1, 0.776754200459, 0.360607385635, 0.288507759571, 0.25826177001, 0.374505490065, 0.587549269199, 0.49268758297, 0.334975093603, 0.419918626547, 0.475493997335, 0.475283145905, 0.542561113834, 0.492909342051, 0.431043922901, 0.709563910961, 0.737477421761, 0.399333834648, 0.255893409252, 0.22856195271, 0.291053295135, 0.396362990141, 0.349175214767, 0.252375900745, 0.257757097483, 0.293707489967, 0.435896784067, 0.711168348789, 0.685669839382, 0.540667951107, 0.558796942234, 0.417990714312, 0.269489496946, 0.282932639122, 0.324856728315, 0.60332775116],
    "chords_key": "D",
    "chords_scale": "minor",
    "key_key": "A#",
    "key_scale": "major"
}
}