{
"lowlevel": {
    "average_loudness": 0.895125448704,
    "barkbands_crest": {
        "mean": 10.1256504059,
        "var": 31.1505470276
    },
    "barkbands_flatness_db": {
        "mean": 0.13001614809,
        "var": 0.00550693180412
    },
    "barkbands_kurtosis": {
        "mean": 7.43584346771,
        "var": 713.426757813
    },
    "barkbands_skewness": {
        "mean": 1.24131250381,
        "var": 5.31440782547
    },
    "barkbands_spread": {
        "mean": 39.9803771973,
        "var": 592.603942871
    },
    "dissonance": {
        "mean": 0.485139816999,
        "var": 0.000512517639436
    },
    "dynamic_complexity": 2.90506243706,
    "erbbands_crest": {
        "mean": 7.05753135681,
        "var": 11.2788724899
    },
    "erbbands_flatness_db": {
        "mean": 0.136268317699,
        "var": 0.00162146950606
    },
    "erbbands_kurtosis": {
        "mean": 1.64566171169,
        "var": 15.9479455948
    },
    "erbbands_skewness": {
        "mean": -0.596741676331,
        "var": 1.23433053493
    },
    "erbbands_spread": {
        "mean": 49.5310592651,
        "var": 726.383789063
    },
    "hfc": {
        "mean": 34.2840270996,
        "var": 1532.53466797
    },
    "melbands_crest": {
        "mean": 15.3078374863,
        "var": 49.2244491577
    },
    "melbands_flatness_db": {
        "mean": 0.171422064304,
        "var": 0.0117396349087
    },
    "melbands_kurtosis": {
        "mean": 29.9296665192,
        "var": 2816.86962891
    },
    "melbands_skewness": {
        "mean": 3.58552503586,
        "var": 10.3887042999
    },
    "melbands_spread": {
        "mean": 52.9962730408,
        "var": 2143.10400391
    },
    "pitch_salience": {
        "mean": 0.553659200668,
        "var": 0.0287979058921
    },
    "silence_rate_20dB": {
        "mean": 1,
        "var": 0
    },
    "silence_rate_30dB": {
        "mean": 0.979402661324,
        "var": 0.020172573626
    },
    "silence_rate_60dB": {
        "mean": 0.094747684896,
        "var": 0.0857701152563
    },
    "spectral_centroid": {
        "mean": 2419.19946289,
        "var": 1305666
    },
    "spectral_complexity": {
        "mean": 16.6498451233,
        "var": 137.912261963
    },
    "spectral_decrease": {
        "mean": -6.09877126578e-009,
        "var": 5.93207083813e-017
    },
    "spectral_energy": {
        "mean": 0.0261278003454,
        "var": 0.000923534389585
    },
    "spectral_energyband_high": {
        "mean": 0.0033839487005,
        "var": 2.22656617552e-005
    },
    "spectral_energyband_low": {
        "mean": 0.0133930463344,
        "var": 0.000453230109997
    },
    "spectral_energyband_middle_high": {
        "mean": 0.0027111582458,
        "var": 6.83346024744e-006
    },
    "spectral_energyband_middle_low": {
        "mean": 0.00871715508401,
        "var": 0.000356698117685
    },
    "spectral_entropy": {
        "mean": 7.96260738373,
        "var": 0.283656477928
    },
    "spectral_flux": {
        "mean": 0.10639963299,
        "var": 0.00585265923291
    },
    "spectral_kurtosis": {
        "mean": 2.74346208572,
        "var": 43.1391105652
    },
    "spectral_rms": {
        "mean": 0.00440748501569,
        "var": 6.06465437158e-006
    },
    "spectral_rolloff": {
        "mean": 4130.20507813,
        "var": 13422454
    },
    "spectral_skewness": {
        "mean": 1.09785485268,
        "var": 0.386333584785
    },
    "spectral_spread": {
        "mean": 5832318,
        "var": 4.14988841779e+012
    },
    "spectral_strongpeak": {
        "mean": 0.574810326099,
        "var": 0.465969800949
    },
    "zerocrossingrate": {
        "mean": 0.128214806318,
        "var": 0.00697544310242
    },
    "barkbands": {
        "mean": [0.000116001632705, 0.00628750864416, 0.00493978522718, 0.00359328975901, 0.00363748287782, 0.000890078896191, 0.000285358953988, 0.000176867804839, 0.00010801917233, 9.81691409834e-005, 7.57205561968e-005, 0.000103004233097, 0.000131369641167, 0.000212879371247, 0.000252395606367, 0.000359184399713, 0.000373463350115, 0.00034235799103, 0.000493619707413, 0.000561856082641, 0.000577303522732, 0.000823069363832, 0.000596351979766, 0.00044624999282, 0.000352412316715, 0.000269738055067, 2.42979658651e-005],
        "var": [5.60559385576e-008, 0.00013053281873, 0.000131682667416, 8.50230644573e-005, 8.38867927087e-005, 1.29728996399e-005, 9.26452116801e-007, 1.85385303553e-007, 6.22834264163e-008, 6.25790832487e-008, 2.1348968815e-008, 3.44810828778e-008, 4.28943494057e-008, 2.10447936411e-007, 1.20286415495e-007, 2.42365814529e-007, 2.08717693795e-007, 1.85803543218e-007, 3.77399658191e-007, 8.26591247005e-007, 1.17973388569e-006, 2.04068601306e-006, 1.04756941255e-006, 6.04031811235e-007, 2.90770344691e-007, 2.12908560115e-007, 3.38446493053e-009]
    },
    "erbbands": {
        "mean": [0.122679419816, 1.6339225769, 5.24782991409, 10.1457700729, 13.1058015823, 10.8749494553, 8.99058246613, 6.17316484451, 4.40307092667, 4.05579471588, 3.4202940464, 2.78827476501, 2.43135976791, 3.24915647507, 3.76522445679, 4.4510216713, 6.073990345, 9.82245254517, 12.0686311722, 17.1728134155, 18.8664531708, 19.9180755615, 18.1341724396, 22.3443336487, 27.4689369202, 25.7838973999, 22.6621894836, 25.3438205719, 29.0715503693, 22.2878246307, 16.8726444244, 11.5549612045, 6.53717660904, 3.86940073967, 2.50973749161, 1.20229017735, 0.53786700964, 0.0840292572975, 0.00232658302411, 9.90329135675e-005],
        "var": [0.0412200279534, 9.307762146, 117.281311035, 588.900390625, 1455.71142578, 602.757873535, 1049.04785156, 568.017150879, 204.108840942, 123.393867493, 69.5907592773, 43.4304504395, 39.3378677368, 64.9973373413, 35.7046928406, 63.5725898743, 82.5333251953, 426.020141602, 264.527618408, 558.840820313, 547.072875977, 589.955383301, 475.449157715, 765.213806152, 1318.75976563, 1719.76745605, 1549.74768066, 2159.43920898, 2843.95629883, 1261.67407227, 886.024475098, 442.063781738, 113.33139801, 33.0975112915, 17.9091644287, 4.14563560486, 0.99453920126, 0.0291086658835, 2.64870104729e-005, 1.76073022828e-008]
    },
    "gfcc": {
        "mean": [-5.02487468719, 24.2701721191, -96.068939209, 65.5700454712, -48.6734046936, 18.1580886841, -44.4275817871, 5.31747198105, -28.6167926788, 4.85805749893, -22.4975585938, 3.26378250122, -15.967754364],
        "cov": [[8266.13476563, -471.619140625, -43.3113555908, 326.719238281, -82.9891433716, -33.3658599854, -343.403076172, 111.373535156, -231.137527466, 31.5956058502, -258.270050049, 144.970489502, -92.5529632568], [-471.619140625, 2620.34667969, 6.31177997589, 210.858184814, 383.728851318, 43.2954444885, 344.941986084, -225.90574646, 158.436676025, -227.466003418, 141.275772095, -245.115142822, 63.1188468933], [-43.3113555908, 6.31177997589, 1360.78234863, 283.956542969, 116.161613464, 29.6070899963, -37.9989013672, 34.0282173157, 61.8995780945, -8.79378318787, -63.7526741028, 23.0407581329, -26.4653224945], [326.719238281, 210.858184814, 283.956542969, 554.971435547, 175.257049561, 179.267349243, 115.476768494, -6.05601596832, 59.2656173706, -28.7058525085, 34.0059165955, -35.4772415161, 21.239616394], [-82.9891433716, 383.728851318, 116.161613464, 175.257049561, 519.059082031, 189.650817871, 215.470489502, 38.0299758911, 11.2126398087, 1.52418398857, 42.1350212097, 27.2795333862, 37.1163368225], [-33.3658599854, 43.2954444885, 29.6070899963, 179.267349243, 189.650817871, 351.055908203, 201.322128296, 62.8002510071, 13.8395185471, 5.07700061798, 45.4957923889, 14.5172996521, 13.1696872711], [-343.403076172, 344.941986084, -37.9989013672, 115.476768494, 215.470489502, 201.322128296, 355.336456299, 90.0701065063, 98.9946365356, -5.94475793839, 77.1401977539, -9.74299240112, 8.14049339294], [111.373535156, -225.90574646, 34.0282173157, -6.05601596832, 38.0299758911, 62.8002510071, 90.0701065063, 212.679611206, 59.0727386475, 70.661605835, 1.44926416874, 47.8258628845, 19.2264633179], [-231.137527466, 158.436676025, 61.8995780945, 59.2656173706, 11.2126398087, 13.8395185471, 98.9946365356, 59.0727386475, 191.285293579, 31.9863433838, 34.0245170593, -22.0642089844, 6.02108621597], [31.5956058502, -227.466003418, -8.79378318787, -28.7058525085, 1.52418398857, 5.07700061798, -5.94475793839, 70.661605835, 31.9863433838, 135.097930908, 45.2842025757, 48.4219818115, -6.30744409561], [-258.270050049, 141.275772095, -63.7526741028, 34.0059165955, 42.1350212097, 45.4957923889, 77.1401977539, 1.44926416874, 34.0245170593, 45.2842025757, 127.02696991, 36.506187439, 11.7162380219], [144.970489502, -245.115142822, 23.0407581329, -35.4772415161, 27.2795333862, 14.5172996521, -9.74299240112, 47.8258628845, -22.0642089844, 48.4219818115, 36.506187439, 135.978622437, 28.3491630554], [-92.5529632568, 63.1188468933, -26.4653224945, 21.239616394, 37.1163368225, 13.1696872711, 8.14049339294, 19.2264633179, 6.02108621597, -6.30744409561, 11.7162380219, 28.3491630554, 92.9789886475]],
        "icov": [[0.000185123033589, -0.000151868502144, 0.000122866113088, -0.000321531580994, 9.8470642115e-005, -3.49674155586e-005, 0.000230754347285, -0.000266945397016, 0.000190562219359, -0.000235443629208, 0.000713665096555, -0.000658095232211, 0.000478844624013], [-0.000151868502144, 0.00113114644773, -0.000227263488341, 0.000495187006891, -0.000790464517195, 0.000513987557497, -0.00066730537219, 0.000876645208336, -0.000666374980938, 0.00155999860726, -0.00226990203373, 0.00232256599702, -0.00125010404736], [0.000122866113088, -0.000227263488341, 0.00106922269333, -0.000801839749329, -0.00012834899826, -1.81471277756e-005, 0.000672077876516, -0.000442209333414, -0.000367992150132, -7.62108102208e-005, 0.00130063388497, -0.00131183571648, 0.001105240779], [-0.000321531580994, 0.000495187006891, -0.000801839749329, 0.00343709415756, -0.000795129220933, -0.00114317133557, -0.000102078112832, 0.000911416544113, -0.00110046577174, 0.00125020893756, -0.00255472003482, 0.0026373998262, -0.00169594713952], [9.8470642115e-005, -0.000790464517195, -0.00012834899826, -0.000795129220933, 0.00375334825367, -0.000730817613658, -0.00182164844591, 0.000228878459893, 0.00146327540278, -0.00213027838618, 0.00237245531753, -0.00216289865784, -0.000381655088859], [-3.49674155586e-005, 0.000513987557497, -1.81471277756e-005, -0.00114317133557, -0.000730817613658, 0.00555479107425, -0.00298608001322, -0.000206634475035, 0.00134273082949, 0.000132838948048, -0.000803321134299, 0.000564613786992, -0.000467505742563], [0.000230754347285, -0.00066730537219, 0.000672077876516, -0.000102078112832, -0.00182164844591, -0.00298608001322, 0.00891921389848, -0.00406939024106, -0.00256744935177, 0.00327978748828, -0.00279151229188, -0.000281693413854, 0.00293443654664], [-0.000266945397016, 0.000876645208336, -0.000442209333414, 0.000911416544113, 0.000228878459893, -0.000206634475035, -0.00406939024106, 0.00990573782474, -0.00191125937272, -0.004099952057, 0.00280464603566, -0.000538518303074, -0.00329263391905], [0.000190562219359, -0.000666374980938, -0.000367992150132, -0.00110046577174, 0.00146327540278, 0.00134273082949, -0.00256744935177, -0.00191125937272, 0.00879972241819, -0.00319929467514, 0.00039942265721, 0.000987152918242, -0.000503805233166], [-0.000235443629208, 0.00155999860726, -7.62108102208e-005, 0.00125020893756, -0.00213027838618, 0.000132838948048, 0.00327978748828, -0.004099952057, -0.00319929467514, 0.0161422006786, -0.00932721700519, 0.00134127656929, 0.00186015176587], [0.000713665096555, -0.00226990203373, 0.00130063388497, -0.00255472003482, 0.00237245531753, -0.000803321134299, -0.00279151229188, 0.00280464603566, 0.00039942265721, -0.00932721700519, 0.0201961807907, -0.00972694065422, 0.00179850740824], [-0.000658095232211, 0.00232256599702, -0.00131183571648, 0.0026373998262, -0.00216289865784, 0.000564613786992, -0.000281693413854, -0.000538518303074, 0.000987152918242, 0.00134127656929, -0.00972694065422, 0.0173054616898, -0.00631183199584], [0.000478844624013, -0.00125010404736, 0.001105240779, -0.00169594713952, -0.000381655088859, -0.000467505742563, 0.00293443654664, -0.00329263391905, -0.000503805233166, 0.00186015176587, 0.00179850740824, -0.00631183199584, 0.0152815766633]]
    },
    "melbands": {
        "mean": [0.0014653649414, 0.00264584156685, 0.0018474253593, 0.000912719930056, 0.000326106965076, 0.000141971759149, 6.56883858028e-005, 4.30941254308e-005, 2.58956370089e-005, 1.64373104781e-005, 1.19483092931e-005, 1.31567549033e-005, 1.1292574527e-005, 1.19704191093e-005, 1.17741265058e-005, 1.3606905668e-005, 1.92959942069e-005, 1.8777229343e-005, 2.03547024284e-005, 2.66944607574e-005, 2.10517882806e-005, 2.09880618058e-005, 1.76016201294e-005, 1.67448597495e-005, 1.78353002411e-005, 1.95168304344e-005, 1.9769764549e-005, 1.66341051226e-005, 1.42634035001e-005, 1.37581646413e-005, 1.48614444697e-005, 1.70038747456e-005, 1.53787441377e-005, 1.07885589387e-005, 9.37307686399e-006, 9.54919778451e-006, 6.06589492236e-006, 4.67957488581e-006, 3.52676443072e-006, 3.25949326907e-006],
        "var": [6.30366730547e-006, 2.38313696173e-005, 1.87282894331e-005, 5.69493204239e-006, 1.04048365301e-006, 3.07032735236e-007, 4.59462121682e-008, 1.29060016008e-008, 3.755703748e-009, 1.6214012355e-009, 9.99592075779e-010, 1.18477172517e-009, 3.70173253161e-010, 4.5967452067e-010, 3.44981071487e-010, 4.78623862765e-010, 2.03860350823e-009, 8.87849016529e-010, 8.69115168722e-010, 1.52539636478e-009, 7.28070825851e-010, 7.1924383116e-010, 6.71882272041e-010, 4.58214993726e-010, 5.49734591182e-010, 6.82744194513e-010, 9.3696728154e-010, 7.86827936139e-010, 5.74373382189e-010, 7.52428563899e-010, 7.8782852464e-010, 1.0731047162e-009, 7.37518934812e-010, 3.01938668512e-010, 2.82728923606e-010, 3.16169618264e-010, 1.35654779077e-010, 6.18388396045e-011, 4.14484627176e-011, 2.44909179742e-011]
    },
    "mfcc": {
        "mean": [-650.700683594, 52.1452484131, 14.3121500015, 44.639213562, 18.4346084595, 17.1364955902, -0.289757370949, 2.87039613724, -2.22745919228, -0.254390031099, -2.94137787819, -2.4364361763, -1.39611196518],
        "cov": [[6575.43017578, -524.448730469, -241.933074951, 175.900344849, 42.9366798401, -52.1025733948, -86.6636962891, -16.3198280334, -15.8278484344, -74.5363388062, -61.6924667358, -138.420425415, 9.47630500793], [-524.448730469, 1916.94091797, -35.0656166077, 202.701324463, 104.699806213, 182.461242676, 127.096008301, 82.297454834, 17.3441867828, 79.5173492432, -16.6649856567, -5.33124780655, -2.53635454178], [-241.933074951, -35.0656166077, 1114.88977051, 237.954925537, 175.596511841, 39.7730331421, -77.435256958, 20.6975975037, 32.5300254822, 11.4180002213, -21.3946361542, 47.0405693054, -39.6231842041], [175.900344849, 202.701324463, 237.954925537, 398.812316895, 179.978713989, 135.275588989, 68.5382232666, 55.3258666992, 53.3530693054, 28.8043270111, 16.7518939972, 32.5968666077, 19.8396549225], [42.9366798401, 104.699806213, 175.596511841, 179.978713989, 297.217285156, 143.583358765, 99.8364639282, 46.5787582397, 63.176109314, -9.2222442627, -4.68688154221, 2.73971199989, 18.8837890625], [-52.1025733948, 182.461242676, 39.7730331421, 135.275588989, 143.583358765, 334.086578369, 198.931686401, 130.262985229, 29.3821201324, 62.1072807312, 26.9459896088, 21.4397621155, 27.0073986053], [-86.6636962891, 127.096008301, -77.435256958, 68.5382232666, 99.8364639282, 198.931686401, 307.012664795, 147.83253479, 60.7872619629, 35.5893669128, 42.9860229492, 28.3595180511, 47.0326309204], [-16.3198280334, 82.297454834, 20.6975975037, 55.3258666992, 46.5787582397, 130.262985229, 147.83253479, 210.161468506, 96.0923919678, 68.206161499, 34.6364402771, 39.3895378113, 40.2319145203], [-15.8278484344, 17.3441867828, 32.5300254822, 53.3530693054, 63.176109314, 29.3821201324, 60.7872619629, 96.0923919678, 171.865127563, 61.1757354736, 31.6329898834, 10.7202501297, 28.6390914917], [-74.5363388062, 79.5173492432, 11.4180002213, 28.8043270111, -9.2222442627, 62.1072807312, 35.5893669128, 68.206161499, 61.1757354736, 160.110061646, 64.2368240356, 25.0039176941, 35.8876495361], [-61.6924667358, -16.6649856567, -21.3946361542, 16.7518939972, -4.68688154221, 26.9459896088, 42.9860229492, 34.6364402771, 31.6329898834, 64.2368240356, 106.389831543, 56.2048568726, 40.4345817566], [-138.420425415, -5.33124780655, 47.0405693054, 32.5968666077, 2.73971199989, 21.4397621155, 28.3595180511, 39.3895378113, 10.7202501297, 25.0039176941, 56.2048568726, 102.007392883, 44.5653877258], [9.47630500793, -2.53635454178, -39.6231842041, 19.8396549225, 18.8837890625, 27.0073986053, 47.0326309204, 40.2319145203, 28.6390914917, 35.8876495361, 40.4345817566, 44.5653877258, 99.6841583252]],
        "icov": [[0.000174160682946, 6.24098320259e-005, 6.77523494232e-005, -0.000188130929018, -1.55615016411e-005, 3.62766259059e-005, 0.000110553351988, -0.000161059957463, 9.09174705157e-005, 6.92693938618e-005, -5.3427342209e-005, 0.000353268696927, -0.000131954613607], [6.24098320259e-005, 0.000619021768216, 0.000128876345116, -0.000362895400031, -6.5546206315e-005, -6.39606223558e-005, -9.29537636694e-005, -9.30962341954e-005, 0.000197653658688, -0.000423954654252, 0.000416347465944, 3.65706182492e-005, 0.000155057932716], [6.77523494232e-005, 0.000128876345116, 0.00130167009775, -0.000607055029832, -0.000760078197345, 0.000115209724754, 0.000694198766723, -0.000416560040321, 0.00013376865536, -0.000421032338636, 0.000598939019255, -0.00097525678575, 0.000894618220627], [-0.000188130929018, -0.000362895400031, -0.000607055029832, 0.00428118696436, -0.00164776470046, -0.000866835820489, 0.000142205244629, 0.000410652690334, -0.000574442441575, -0.000148230261402, -0.000136194983497, -0.00117463327479, 2.82406290353e-005], [-1.55615016411e-005, -6.5546206315e-005, -0.000760078197345, -0.00164776470046, 0.00677129905671, -0.00240177614614, -0.000902381434571, 0.001720252214, -0.00273963506334, 0.00227474258281, 0.000277447717963, 0.000975339964498, -0.0014553318033], [3.62766259059e-005, -6.39606223558e-005, 0.000115209724754, -0.000866835820489, -0.00240177614614, 0.00722117256373, -0.00298875384033, -0.00241123419255, 0.00299723353237, -0.00260957377031, 0.000431350694271, 0.00028494631988, 0.000871121126693], [0.000110553351988, -9.29537636694e-005, 0.000694198766723, 0.000142205244629, -0.000902381434571, -0.00298875384033, 0.00759617984295, -0.00349673605524, -0.000221277427045, 0.00203510490246, -0.0022807775531, 0.000941796926782, -0.00112229108345], [-0.000161059957463, -9.30962341954e-005, -0.000416560040321, 0.000410652690334, 0.001720252214, -0.00241123419255, -0.00349673605524, 0.0114071564749, -0.00504530500621, -0.00160470895935, 0.00255766115151, -0.00348307914101, -0.000314074830385], [9.09174705157e-005, 0.000197653658688, 0.00013376865536, -0.000574442441575, -0.00273963506334, 0.00299723353237, -0.000221277427045, -0.00504530500621, 0.0105437459424, -0.00279647950083, -0.00141924060881, 0.0022637383081, -0.000447298953077], [6.92693938618e-005, -0.000423954654252, -0.000421032338636, -0.000148230261402, 0.00227474258281, -0.00260957377031, 0.00203510490246, -0.00160470895935, -0.00279647950083, 0.0116418609396, -0.00647750403732, 0.00283317896537, -0.00221864995547], [-5.3427342209e-005, 0.000416347465944, 0.000598939019255, -0.000136194983497, 0.000277447717963, 0.000431350694271, -0.0022807775531, 0.00255766115151, -0.00141924060881, -0.00647750403732, 0.0190134923905, -0.00915854051709, -0.00072290195385], [0.000353268696927, 3.65706182492e-005, -0.00097525678575, -0.00117463327479, 0.000975339964498, 0.00028494631988, 0.000941796926782, -0.00348307914101, 0.0022637383081, 0.00283317896537, -0.00915854051709, 0.0187690909952, -0.00583351496607], [-0.000131954613607, 0.000155057932716, 0.000894618220627, 2.82406290353e-005, -0.0014553318033, 0.000871121126693, -0.00112229108345, -0.000314074830385, -0.000447298953077, -0.00221864995547, -0.00072290195385, -0.00583351496607, 0.0149225527421]]
    },
    "spectral_contrast_coeffs": {
        "mean": [-0.636559844017, -0.775240123272, -0.825393199921, -0.796542048454, -0.789898216724, -0.733025610447],
        "var": [0.0111968908459, 0.00529424007982, 0.00240946398117, 0.00283476035111, 0.00165363238193, 0.00215422967449]
    },
    "spectral_contrast_valleys": {
        "mean": [-7.63686227798, -7.60431146622, -8.11228752136, -7.88342189789, -7.22642564774, -9.53664875031],
        "var": [1.74174201488, 1.1669934988, 1.05104076862, 1.12274849415, 1.16231298447, 1.58974790573]
    }
},
"metadata": {
    "audio_properties": {
        "analysis_sample_rate": 44100,
        "bit_rate": 128074,
        "equal_loudness": 0,
        "length": 45.0612258911,
        "lossless": 0,
        "replay_gain": -5.92040634155,
        "sample_rate": 44100,
        "codec": "mp3",
        "downmix": "mix",
        "md5_encoded": "19e75e02dae68e55d62683eb83406464"
    },
    "tags": {
        "file_name": "1390.mp3"
    },
    "version": {
        "essentia": "2.1-beta2",
        "essentia_git_sha": "v2.1_beta2",
        "extractor": "music 1.0"
    }
},
"rhythm": {
    "beats_count": 104,
    "beats_loudness": {
        "mean": 0.0467880889773,
        "var": 0.000931906455662
    },
    "bpm": 140.055496216,
    "bpm_histogram_first_peak_bpm": {
        "mean": 140,
        "var": 0
    },
    "bpm_histogram_first_peak_spread": {
        "mean": 0.135922312737,
        "var": 0
    },
    "bpm_histogram_first_peak_weight": {
        "mean": 0.864077687263,
        "var": 0
    },
    "bpm_histogram_second_peak_bpm": {
        "mean": 0,
        "var": 0
    },
    "bpm_histogram_second_peak_spread": {
        "mean": 0,
        "var": 0
    },
    "bpm_histogram_second_peak_weight": {
        "mean": 0,
        "var": 0
    },
    "danceability": 1.2133140564,
    "onset_rate": 5.25714063644,
    "beats_loudness_band_ratio": {
        "mean": [0.604006290436, 0.129401668906, 0.0193669386208, 0.0197727065533, 0.06571431458, 0.197007447481],
        "var": [0.0893682986498, 0.0285198278725, 0.00313610583544, 0.00100459554233, 0.00497257197276, 0.0371258333325]
    },
    "beats_position": [0.429569154978, 0.859138309956, 1.27709746361, 1.70666658878, 2.13623571396, 2.56580495834, 2.99537420273, 3.42494320869, 3.85451245308, 4.27247142792, 4.7020406723, 5.13160991669, 5.56117916107, 5.99074840546, 6.40870714188, 6.84988641739, 7.27945566177, 7.70902490616, 8.13859367371, 8.56816291809, 8.99773216248, 9.42730140686, 9.85687065125, 10.2864398956, 10.71600914, 11.1455783844, 11.5635375977, 11.9931058884, 12.4226751328, 12.8522443771, 13.2818136215, 13.6997728348, 14.1293420792, 14.5589113235, 14.9884805679, 15.4180498123, 15.8476190567, 16.2771873474, 16.7067565918, 17.1363258362, 17.5658950806, 17.995464325, 18.4250335693, 18.8546028137, 19.2841720581, 19.7137413025, 20.1433105469, 20.5728797913, 21.0024490356, 21.43201828, 21.8615875244, 22.2795467377, 22.7091159821, 23.1270751953, 23.5566444397, 23.9862117767, 24.4157810211, 24.8453502655, 25.2749195099, 25.7044887543, 26.1340579987, 26.563627243, 26.9931964874, 27.4227657318, 27.8523349762, 28.2819042206, 28.711473465, 29.1410427094, 29.5706119537, 30.0001811981, 30.4297504425, 30.8593196869, 31.2772789001, 31.7068481445, 32.1364173889, 32.5659866333, 32.9955558777, 33.4135131836, 33.843082428, 34.2726516724, 34.7022209167, 35.1317901611, 35.5613594055, 35.9909286499, 36.4204978943, 36.8500671387, 37.2796363831, 37.7092056274, 38.1271629333, 38.5683441162, 38.9979133606, 39.427482605, 39.8570518494, 40.2866210938, 40.7045783997, 41.134147644, 41.5637168884, 41.981678009, 42.4112472534, 42.8408164978, 43.2703857422, 43.6999549866, 44.129524231, 44.5590934753]
},
"tonal": {
    "chords_changes_rate": 0.0833333358169,
    "chords_number_rate": 0.0102880662307,
    "chords_strength": {
        "mean": 0.463745892048,
        "var": 0.00644019013271
    },
    "hpcp_entropy": {
        "mean": 2.95420265198,
        "var": 0.633479475975
    },
    "key_strength": 0.685939311981,
    "tuning_diatonic_strength": 0.52178812027,
    "tuning_equal_tempered_deviation": 0.182783976197,
    "tuning_frequency": 438.224517822,
    "tuning_nontempered_energy_ratio": 0.849402606487,
    "hpcp": {
        "mean": [0.277743637562, 0.257204115391, 0.188311964273, 0.157392174006, 0.141424149275, 0.128117516637, 0.132161453366, 0.155858501792, 0.201319083571, 0.219992667437, 0.183034211397, 0.170169740915, 0.182887792587, 0.187771737576, 0.227118134499, 0.296696633101, 0.285056233406, 0.224655330181, 0.191936373711, 0.145560204983, 0.123029589653, 0.14388166368, 0.148178815842, 0.171945288777, 0.170742243528, 0.124534122646, 0.142131462693, 0.159257754683, 0.138824090362, 0.143889501691, 0.144208669662, 0.133287027478, 0.130843102932, 0.127337992191, 0.141521558166, 0.202920272946],
        "var": [0.0990553721786, 0.0865258723497, 0.0625262260437, 0.0572221502662, 0.0455841645598, 0.0384434871376, 0.0414534695446, 0.0496994331479, 0.0659945905209, 0.0763168111444, 0.0567411407828, 0.0525947511196, 0.0694298297167, 0.0629374831915, 0.0770711004734, 0.113357633352, 0.101164482534, 0.0772603452206, 0.0714023932815, 0.0509848371148, 0.0406371168792, 0.0540878437459, 0.0522774495184, 0.0644310042262, 0.0683336034417, 0.0383741892874, 0.0451428964734, 0.0591722130775, 0.0435969121754, 0.0545275211334, 0.0505511462688, 0.0428001694381, 0.0437799394131, 0.0414066910744, 0.0446520857513, 0.0599395781755]
    },
    "chords_histogram": [20.3703708649, 0, 0.720164597034, 0, 0, 0, 0, 0.205761313438, 1.54320991039, 0, 0, 0, 6.06995868683, 1.23456788063, 0, 0.102880656719, 3.49794244766, 37.4485588074, 1.64609050751, 6.48148155212, 0, 0, 5.45267486572, 15.2263374329],
    "thpcp": [1, 0.960766673088, 0.757188677788, 0.646911203861, 0.490602821112, 0.414664596319, 0.484945386648, 0.499428719282, 0.579532325268, 0.575477540493, 0.41973555088, 0.479046434164, 0.536769688129, 0.467899113894, 0.484971791506, 0.486047536135, 0.449236750603, 0.440999627113, 0.429185837507, 0.476990789175, 0.683931827545, 0.93611997366, 0.866892576218, 0.634695291519, 0.530481815338, 0.476662456989, 0.431813180447, 0.445443063974, 0.525312662125, 0.678535103798, 0.741473436356, 0.616906940937, 0.573547959328, 0.616413414478, 0.632874488831, 0.765489399433],
    "chords_key": "D",
    "chords_scale": "minor",
    "key_key": "D",
    "key_scale": "major"
}
}