{
"lowlevel": {
    "average_loudness": 0.971407592297,
    "barkbands_crest": {
        "mean": 9.22860240936,
        "var": 12.0657205582
    },
    "barkbands_flatness_db": {
        "mean": 0.152151539922,
        "var": 0.00184718356468
    },
    "barkbands_kurtosis": {
        "mean": 1.34361207485,
        "var": 17.2928600311
    },
    "barkbands_skewness": {
        "mean": 1.04315519333,
        "var": 0.878389835358
    },
    "barkbands_spread": {
        "mean": 21.2974376678,
        "var": 62.4954528809
    },
    "dissonance": {
        "mean": 0.47058776021,
        "var": 0.000517607375514
    },
    "dynamic_complexity": 1.70833647251,
    "erbbands_crest": {
        "mean": 9.82638549805,
        "var": 20.7972240448
    },
    "erbbands_flatness_db": {
        "mean": 0.191500753164,
        "var": 0.00195747381076
    },
    "erbbands_kurtosis": {
        "mean": 0.70470392704,
        "var": 2.69764208794
    },
    "erbbands_skewness": {
        "mean": -0.128765702248,
        "var": 0.382262170315
    },
    "erbbands_spread": {
        "mean": 27.3383979797,
        "var": 170.573516846
    },
    "hfc": {
        "mean": 26.0449314117,
        "var": 219.772109985
    },
    "melbands_crest": {
        "mean": 13.5994787216,
        "var": 19.9669399261
    },
    "melbands_flatness_db": {
        "mean": 0.220687672496,
        "var": 0.00304544204846
    },
    "melbands_kurtosis": {
        "mean": 6.50506162643,
        "var": 115.476089478
    },
    "melbands_skewness": {
        "mean": 2.01225781441,
        "var": 1.70079743862
    },
    "melbands_spread": {
        "mean": 24.6277427673,
        "var": 126.013290405
    },
    "pitch_salience": {
        "mean": 0.543339133263,
        "var": 0.0086020193994
    },
    "silence_rate_20dB": {
        "mean": 1,
        "var": 0
    },
    "silence_rate_30dB": {
        "mean": 0.99794024229,
        "var": 0.00205551134422
    },
    "silence_rate_60dB": {
        "mean": 0.00154479919001,
        "var": 0.00154241069686
    },
    "spectral_centroid": {
        "mean": 1201.41015625,
        "var": 167965.078125
    },
    "spectral_complexity": {
        "mean": 24.6416072845,
        "var": 57.4613876343
    },
    "spectral_decrease": {
        "mean": -1.05618891411e-008,
        "var": 2.80006427613e-017
    },
    "spectral_energy": {
        "mean": 0.0422253720462,
        "var": 0.000428115832619
    },
    "spectral_energyband_high": {
        "mean": 0.000457668880699,
        "var": 3.61606709021e-007
    },
    "spectral_energyband_low": {
        "mean": 0.0183072667569,
        "var": 0.00026622301084
    },
    "spectral_energyband_middle_high": {
        "mean": 0.0117800217122,
        "var": 9.14049232961e-005
    },
    "spectral_energyband_middle_low": {
        "mean": 0.0135080702603,
        "var": 7.43315395084e-005
    },
    "spectral_entropy": {
        "mean": 7.44649553299,
        "var": 0.101957201958
    },
    "spectral_flux": {
        "mean": 0.112516835332,
        "var": 0.00182307185605
    },
    "spectral_kurtosis": {
        "mean": 6.25525808334,
        "var": 19.7977333069
    },
    "spectral_rms": {
        "mean": 0.0062207323499,
        "var": 2.4980042781e-006
    },
    "spectral_rolloff": {
        "mean": 1242.72741699,
        "var": 563697.4375
    },
    "spectral_skewness": {
        "mean": 1.66187119484,
        "var": 0.229488000274
    },
    "spectral_spread": {
        "mean": 3256745.25,
        "var": 2.777481216e+012
    },
    "spectral_strongpeak": {
        "mean": 1.05997538567,
        "var": 2.42390155792
    },
    "zerocrossingrate": {
        "mean": 0.0448738522828,
        "var": 0.000399059994379
    },
    "barkbands": {
        "mean": [0.000378547032597, 0.0107064452022, 0.00586364651099, 0.00218083104119, 0.00397310778499, 0.00226618954912, 0.00154789444059, 0.000751337676775, 0.00180663669016, 0.00309481774457, 0.00136595661752, 0.00194248405751, 0.00159714010078, 0.000982565688901, 0.001313125249, 0.000892321346328, 0.000363148225006, 0.000340866798069, 0.000319465296343, 0.000178540314664, 0.000125207734527, 8.93014948815e-005, 6.9188841735e-005, 4.36093214375e-005, 2.77089075098e-005, 5.12996393809e-006, 1.94437234313e-007],
        "var": [2.12343039152e-007, 0.000112863490358, 6.70855952194e-005, 1.14284875963e-005, 1.62710057339e-005, 1.3516009858e-005, 9.54285860644e-006, 2.34770732277e-006, 7.86363762018e-006, 2.06611057365e-005, 8.35899936646e-006, 1.18245070553e-005, 8.74496072356e-006, 1.50623998252e-006, 4.47217553301e-006, 1.40533336435e-006, 2.44940991934e-007, 2.29234331073e-007, 2.89007232368e-007, 5.3929475996e-008, 2.57669707793e-008, 2.50690614934e-008, 1.45324454692e-008, 2.09004404894e-008, 1.78525514372e-008, 5.4727339327e-010, 1.95956965932e-013]
    },
    "erbbands": {
        "mean": [0.355279833078, 2.24948477745, 6.24493837357, 7.90720272064, 10.0549354553, 13.4638195038, 15.5324773788, 17.9238491058, 25.9352073669, 12.0301885605, 22.9490032196, 42.2122688293, 70.645652771, 93.8602752686, 63.5344238281, 84.7278671265, 76.5200042725, 59.019947052, 62.836769104, 58.6374855042, 46.8311920166, 20.380153656, 19.1909770966, 16.923707962, 15.0073843002, 9.04147624969, 6.32852220535, 3.87670350075, 3.54854869843, 2.28235554695, 1.92368757725, 1.07972347736, 0.63781774044, 0.359846115112, 0.177735775709, 0.0364166721702, 0.00719733210281, 0.00101479887962, 4.78404181194e-005, 5.02899965795e-005],
        "var": [0.151532754302, 5.2981004715, 60.5571365356, 142.44694519, 126.48550415, 201.90385437, 684.17388916, 918.22857666, 2505.82275391, 514.880859375, 1570.11962891, 4908.04003906, 12376.5839844, 25981.0507813, 12421.9003906, 20046.703125, 20187.2382813, 5424.44189453, 13642.4794922, 4489.73974609, 4525.40527344, 620.452148438, 667.839233398, 767.035217285, 704.788879395, 142.886779785, 61.7598266602, 32.4063682556, 39.0579071045, 16.1698417664, 12.4188261032, 4.72717142105, 9.17290019989, 2.65842270851, 0.964182853699, 0.0387034267187, 0.000714846770279, 7.94995503384e-006, 5.06278086121e-009, 5.55684998016e-010]
    },
    "gfcc": {
        "mean": [12.6273002625, 138.002120972, -141.589111328, 34.5191307068, -40.933391571, 22.6088066101, -22.2705211639, -1.35240983963, -15.0486707687, -5.26465940475, -9.53655529022, -4.81544733047, -2.96137213707],
        "cov": [[2792.24438477, -845.942260742, 28.0744781494, 201.41242981, -400.968505859, 87.3594360352, -167.697937012, 314.146179199, -213.598724365, 58.147315979, -37.9216308594, 181.318450928, 1.21844422817], [-845.942260742, 1055.21240234, -273.300445557, -120.327346802, 357.467102051, -161.053787231, 209.560821533, -239.144927979, 139.348251343, -130.294326782, 86.4763412476, -157.495330811, 87.631652832], [28.0744781494, -273.300445557, 518.160522461, 49.0801391602, -115.364501953, 117.693969727, -107.174514771, 49.1060638428, -32.55809021, 82.5165023804, -47.446937561, 51.2469024658, -85.3194122314], [201.41242981, -120.327346802, 49.0801391602, 192.685852051, -18.2581367493, -4.81716537476, -1.40354299545, -12.8143310547, 12.1285629272, -3.81632566452, -17.201379776, 22.8645610809, -34.953578949], [-400.968505859, 357.467102051, -115.364501953, -18.2581367493, 254.968765259, -7.16601610184, 92.3618011475, -86.0605621338, 68.3141021729, -41.0278701782, 23.8771514893, -60.1672325134, 29.8913192749], [87.3594360352, -161.053787231, 117.693969727, -4.81716537476, -7.16601610184, 174.310821533, 9.11904621124, 7.92981815338, 7.13065576553, 21.8650074005, -27.045583725, 11.0401086807, -25.125005722], [-167.697937012, 209.560821533, -107.174514771, -1.40354299545, 92.3618011475, 9.11904621124, 160.7315979, -56.0732002258, 47.6647071838, -37.6354522705, 16.0724887848, -26.8465919495, 17.0533275604], [314.146179199, -239.144927979, 49.1060638428, -12.8143310547, -86.0605621338, 7.92981815338, -56.0732002258, 192.789337158, -55.4486923218, 35.2528190613, 13.9547262192, 40.1409263611, 31.4392204285], [-213.598724365, 139.348251343, -32.55809021, 12.1285629272, 68.3141021729, 7.13065576553, 47.6647071838, -55.4486923218, 121.408424377, 6.77386808395, -0.703628242016, -15.9414186478, -11.6003570557], [58.147315979, -130.294326782, 82.5165023804, -3.81632566452, -41.0278701782, 21.8650074005, -37.6354522705, 35.2528190613, 6.77386808395, 94.8772888184, 14.0510559082, 27.9485187531, -17.8434104919], [-37.9216308594, 86.4763412476, -47.446937561, -17.201379776, 23.8771514893, -27.045583725, 16.0724887848, 13.9547262192, -0.703628242016, 14.0510559082, 78.5054702759, 10.1986522675, 28.97631073], [181.318450928, -157.495330811, 51.2469024658, 22.8645610809, -60.1672325134, 11.0401086807, -26.8465919495, 40.1409263611, -15.9414186478, 27.9485187531, 10.1986522675, 86.1285324097, 4.18104839325], [1.21844422817, 87.631652832, -85.3194122314, -34.953578949, 29.8913192749, -25.125005722, 17.0533275604, 31.4392204285, -11.6003570557, -17.8434104919, 28.97631073, 4.18104839325, 101.071311951]],
        "icov": [[0.00084271596279, -0.00121187511832, 0.0011533718789, -0.00163916870952, 0.00139883195516, -0.00181327911559, 0.000791989848949, -0.00157456437591, 0.00154919875786, -0.00104396638926, 0.00132965680677, -0.00161287025549, 0.000618036254309], [-0.00121187511832, 0.011165519245, -0.00517142005265, 0.00731104006991, -0.00715190032497, 0.0106223020703, -0.00552165741101, 0.00836222898215, -0.00746168848127, 0.00817157980055, -0.00968304928392, 0.00950696133077, -0.00544808758423], [0.0011533718789, -0.00517142005265, 0.00628244969994, -0.00461836624891, 0.00390696804971, -0.0072600543499, 0.00407548295334, -0.00453803082928, 0.00467428425327, -0.00553596112877, 0.00554762408137, -0.00554760498926, 0.00413794536144], [-0.00163916870952, 0.00731104006991, -0.00461836624891, 0.0119299357757, -0.00548645248637, 0.00873180944473, -0.00433364976197, 0.00624598097056, -0.00654642935842, 0.00682282075286, -0.00585946207866, 0.00453109759837, -0.00156486453488], [0.00139883195516, -0.00715190032497, 0.00390696804971, -0.00548645248637, 0.0122029697523, -0.00804049521685, 0.00228423858061, -0.00428942358121, 0.00298926769756, -0.00427517108619, 0.00420837942511, -0.00325233978219, 0.00144222180825], [-0.00181327911559, 0.0106223020703, -0.0072600543499, 0.00873180944473, -0.00804049521685, 0.0185236781836, -0.00764296529815, 0.00793884508312, -0.00787983648479, 0.00682596070692, -0.00677040731534, 0.00852125417441, -0.00460484297946], [0.000791989848949, -0.00552165741101, 0.00407548295334, -0.00433364976197, 0.00228423858061, -0.00764296529815, 0.0128030600026, -0.00330710294656, 0.00160307332408, -0.0014274797868, 0.00260260468349, -0.00459546130151, 0.00238844030537], [-0.00157456437591, 0.00836222898215, -0.00453803082928, 0.00624598097056, -0.00428942358121, 0.00793884508312, -0.00330710294656, 0.0148668773472, -0.00426590582356, 0.00424534454942, -0.00823114905506, 0.00684050563723, -0.00738976011053], [0.00154919875786, -0.00746168848127, 0.00467428425327, -0.00654642935842, 0.00298926769756, -0.00787983648479, 0.00160307332408, -0.00426590582356, 0.0177294034511, -0.00972952507436, 0.00830112304538, -0.00712959608063, 0.00457851169631], [-0.00104396638926, 0.00817157980055, -0.00553596112877, 0.00682282075286, -0.00427517108619, 0.00682596070692, -0.0014274797868, 0.00424534454942, -0.00972952507436, 0.0228801071644, -0.0125158028677, 0.0046522654593, -0.00118619785644], [0.00132965680677, -0.00968304928392, 0.00554762408137, -0.00585946207866, 0.00420837942511, -0.00677040731534, 0.00260260468349, -0.00823114905506, 0.00830112304538, -0.0125158028677, 0.0265566464514, -0.0114316828549, 0.00183220999315], [-0.00161287025549, 0.00950696133077, -0.00554760498926, 0.00453109759837, -0.00325233978219, 0.00852125417441, -0.00459546130151, 0.00684050563723, -0.00712959608063, 0.0046522654593, -0.0114316828549, 0.025386415422, -0.0073814438656], [0.000618036254309, -0.00544808758423, 0.00413794536144, -0.00156486453488, 0.00144222180825, -0.00460484297946, 0.00238844030537, -0.00738976011053, 0.00457851169631, -0.00118619785644, 0.00183220999315, -0.0073814438656, 0.0179826524109]]
    },
    "melbands": {
        "mean": [0.00303832953796, 0.00319727906026, 0.00139111327007, 0.000938848941587, 0.000536950596143, 0.000420422788011, 0.000372107198928, 0.000122059289424, 0.000211996783037, 0.000266786984866, 0.000352518487489, 0.000388281856431, 0.000199064117623, 0.000227316573728, 0.000199798465474, 0.000134613423143, 0.000107150401163, 9.73501519184e-005, 8.06813623058e-005, 7.27063597878e-005, 4.85024320369e-005, 1.95127104234e-005, 1.87022269529e-005, 1.71435895027e-005, 1.29695899886e-005, 1.24978714666e-005, 7.300408015e-006, 5.80713413001e-006, 3.94049675378e-006, 3.29942258759e-006, 1.89690899788e-006, 2.03930358111e-006, 1.6563679992e-006, 1.18542482141e-006, 1.21903531181e-006, 8.47383432756e-007, 5.80353116675e-007, 4.53173640835e-007, 3.4856543607e-007, 3.04438316334e-007],
        "var": [9.75801958703e-006, 1.17303770821e-005, 3.48093954017e-006, 9.49164871145e-007, 6.09954497577e-007, 4.68238937401e-007, 5.29099736468e-007, 5.47162350983e-008, 1.16576373443e-007, 1.90397003053e-007, 3.16170655879e-007, 4.78600213683e-007, 1.39075055472e-007, 1.87196903312e-007, 8.95791529842e-008, 6.47561506639e-008, 2.04564347683e-008, 3.46554003272e-008, 1.28971713309e-008, 7.37314298505e-009, 5.92418247791e-009, 5.58998347611e-010, 1.12158093923e-009, 5.01461816516e-010, 5.90032633863e-010, 6.13052386633e-010, 1.15822282321e-010, 7.26759000202e-011, 2.89873871434e-011, 1.88734149836e-011, 1.08747238645e-011, 1.29341997182e-011, 1.14976778098e-011, 4.46242565469e-012, 5.9703427098e-012, 2.29036537999e-012, 1.81180916624e-012, 4.16073122136e-012, 4.41845388402e-012, 1.91584443622e-012]
    },
    "mfcc": {
        "mean": [-620.030944824, 156.963989258, -24.6933727264, 21.3577251434, 4.96426963806, 22.0870780945, 5.56318235397, 9.67321968079, 1.1063824892, 6.93980503082, -5.1079955101, -1.07967209816, -1.77899122238],
        "cov": [[2279.63427734, -860.314208984, 101.113861084, 53.3046455383, -116.68914032, -259.304107666, 31.8377227783, 98.4521331787, -34.7519950867, -51.0616874695, -69.7805633545, -9.1380033493, 25.3593139648], [-860.314208984, 1034.48400879, -375.87902832, 48.3424987793, 47.3701972961, 111.481292725, 53.8799743652, -42.0466308594, 27.1455688477, 11.3572101593, 11.5065107346, -15.3859519958, -26.2900829315], [101.113861084, -375.87902832, 563.989501953, -61.6517486572, 23.0346298218, 10.2629127502, -48.5847549438, -8.11297225952, -28.241186142, -4.09632253647, 36.5737266541, 16.9263591766, 15.8641700745], [53.3046455383, 48.3424987793, -61.6517486572, 197.77696228, -6.11018514633, 4.61091756821, -16.0523395538, 7.65383958817, -12.0361537933, -20.9280967712, 13.9698343277, 4.42408418655, -11.9727210999], [-116.68914032, 47.3701972961, 23.0346298218, -6.11018514633, 126.442070007, 15.6859731674, 4.39450025558, -9.50695800781, 12.0194864273, 6.19606256485, 10.7755765915, -0.222709387541, 2.60777974129], [-259.304107666, 111.481292725, 10.2629127502, 4.61091756821, 15.6859731674, 257.565917969, -26.3488826752, 25.6071395874, 5.28142213821, 38.0524253845, 13.7969083786, 0.320184290409, -13.1014547348], [31.8377227783, 53.8799743652, -48.5847549438, -16.0523395538, 4.39450025558, -26.3488826752, 117.220710754, 13.2497406006, 7.15726280212, -3.4651556015, -12.2437343597, 0.630967020988, -3.27604866028], [98.4521331787, -42.0466308594, -8.11297225952, 7.65383958817, -9.50695800781, 25.6071395874, 13.2497406006, 88.8849182129, 16.0563545227, 7.4411110878, -8.04873466492, -6.65020084381, -1.2992824316], [-34.7519950867, 27.1455688477, -28.241186142, -12.0361537933, 12.0194864273, 5.28142213821, 7.15726280212, 16.0563545227, 70.7899856567, 22.7552871704, -7.04984998703, -6.20890903473, 3.46845269203], [-51.0616874695, 11.3572101593, -4.09632253647, -20.9280967712, 6.19606256485, 38.0524253845, -3.4651556015, 7.4411110878, 22.7552871704, 71.4939117432, 9.85924243927, -4.34946680069, 2.77545452118], [-69.7805633545, 11.5065107346, 36.5737266541, 13.9698343277, 10.7755765915, 13.7969083786, -12.2437343597, -8.04873466492, -7.04984998703, 9.85924243927, 73.5897598267, 24.6682376862, 7.85234975815], [-9.1380033493, -15.3859519958, 16.9263591766, 4.42408418655, -0.222709387541, 0.320184290409, 0.630967020988, -6.65020084381, -6.20890903473, -4.34946680069, 24.6682376862, 57.4543075562, 11.2104635239], [25.3593139648, -26.2900829315, 15.8641700745, -11.9727210999, 2.60777974129, -13.1014547348, -3.27604866028, -1.2992824316, 3.46845269203, 2.77545452118, 7.85234975815, 11.2104635239, 54.158782959]],
        "icov": [[0.000814842875116, 0.000675153394695, 0.000201778981136, -0.000349793437636, 0.000290087918984, 0.000498808047269, -0.000309309922159, -0.000615823257249, 0.00030410150066, 7.21501874068e-006, 0.000390756002162, 0.000116453120427, -0.000217628650717], [0.000675153394695, 0.00213929614983, 0.00121898832731, -0.000362435559509, -0.000243342990871, -0.000460492999991, -0.000908054586034, 0.000650265312288, -0.000174592976691, 0.000419420393882, -0.000485587399453, 0.000643026723992, 7.31300679035e-005], [0.000201778981136, 0.00121898832731, 0.00281983334571, 0.000721085001715, -0.000658511242364, -0.000435562425992, 0.00038268379285, 0.000276177859632, 0.000617777637672, 0.000609276350588, -0.00134656566661, 0.000217030727072, -0.000133688852657], [-0.000349793437636, -0.000362435559509, 0.000721085001715, 0.0060535161756, -0.000106722465716, -0.000245973700657, 0.00129640370142, -0.000787523225881, 0.000472644984256, 0.00195422582328, -0.00188599666581, -0.000180658636964, 0.00130045076367], [0.000290087918984, -0.000243342990871, -0.000658511242364, -0.000106722465716, 0.00874971505255, -0.000231211961363, -0.000742531497963, 0.000875992584042, -0.00169768591877, 0.000145709331264, -0.000957026844844, 0.000660562363919, -0.000482512288727], [0.000498808047269, -0.000460492999991, -0.000435562425992, -0.000245973700657, -0.000231211961363, 0.00541869783774, 0.00130194367375, -0.00254170317203, 0.00106371135917, -0.00267392629758, 0.000335508491844, -0.000686000916176, 0.00111810921226], [-0.000309309922159, -0.000908054586034, 0.00038268379285, 0.00129640370142, -0.000742531497963, 0.00130194367375, 0.0100869527087, -0.00212369067594, -5.44345275557e-005, 0.000140874646604, 0.00111051788554, -0.00152704992797, 0.000939791032579], [-0.000615823257249, 0.000650265312288, 0.000276177859632, -0.000787523225881, 0.000875992584042, -0.00254170317203, -0.00212369067594, 0.0141955306754, -0.00343718309887, 0.000110882523586, 8.87794521987e-005, 0.00137312721927, -0.00017858640058], [0.00030410150066, -0.000174592976691, 0.000617777637672, 0.000472644984256, -0.00169768591877, 0.00106371135917, -5.44345275557e-005, -0.00343718309887, 0.0177224222571, -0.00551036465913, 0.00207764166407, 0.000223446506425, -0.00125038484111], [7.21501874068e-006, 0.000419420393882, 0.000609276350588, 0.00195422582328, 0.000145709331264, -0.00267392629758, 0.000140874646604, 0.000110882523586, -0.00551036465913, 0.018414421007, -0.00395596027374, 0.00244631408714, -0.000712498265784], [0.000390756002162, -0.000485587399453, -0.00134656566661, -0.00188599666581, -0.000957026844844, 0.000335508491844, 0.00111051788554, 8.87794521987e-005, 0.00207764166407, -0.00395596027374, 0.0186761301011, -0.00736193405464, -0.00135890056845], [0.000116453120427, 0.000643026723992, 0.000217030727072, -0.000180658636964, 0.000660562363919, -0.000686000916176, -0.00152704992797, 0.00137312721927, 0.000223446506425, 0.00244631408714, -0.00736193405464, 0.0218184441328, -0.00369162252173], [-0.000217628650717, 7.31300679035e-005, -0.000133688852657, 0.00130045076367, -0.000482512288727, 0.00111810921226, 0.000939791032579, -0.00017858640058, -0.00125038484111, -0.000712498265784, -0.00135890056845, -0.00369162252173, 0.0203523039818]]
    },
    "spectral_contrast_coeffs": {
        "mean": [-0.678364276886, -0.739141047001, -0.757591605186, -0.758312225342, -0.781999468803, -0.721019804478],
        "var": [0.00459069013596, 0.00534914061427, 0.00426165293902, 0.0025568199344, 0.00156496500131, 0.00145035795867]
    },
    "spectral_contrast_valleys": {
        "mean": [-6.48159265518, -6.47647428513, -6.51946258545, -6.95229244232, -7.46469783783, -10.8302402496],
        "var": [0.438443273306, 0.404681026936, 0.440480768681, 0.471213519573, 0.612460076809, 1.00240123272]
    }
},
"metadata": {
    "audio_properties": {
        "analysis_sample_rate": 44100,
        "bit_rate": 128074,
        "equal_loudness": 0,
        "length": 45.0612258911,
        "lossless": 0,
        "replay_gain": -4.97207641602,
        "sample_rate": 44100,
        "codec": "mp3",
        "downmix": "mix",
        "md5_encoded": "8bd559f0b3ffd74988fd302d16220084"
    },
    "tags": {
        "file_name": "1391.mp3"
    },
    "version": {
        "essentia": "2.1-beta2",
        "essentia_git_sha": "v2.1_beta2",
        "extractor": "music 1.0"
    }
},
"rhythm": {
    "beats_count": 119,
    "beats_loudness": {
        "mean": 0.0472034029663,
        "var": 0.000372111971956
    },
    "bpm": 161.643676758,
    "bpm_histogram_first_peak_bpm": {
        "mean": 161,
        "var": 0
    },
    "bpm_histogram_first_peak_spread": {
        "mean": 0.357798159122,
        "var": 0
    },
    "bpm_histogram_first_peak_weight": {
        "mean": 0.593220353127,
        "var": 0
    },
    "bpm_histogram_second_peak_bpm": {
        "mean": 152,
        "var": 0
    },
    "bpm_histogram_second_peak_spread": {
        "mean": 0.333333313465,
        "var": 0
    },
    "bpm_histogram_second_peak_weight": {
        "mean": 0.0338983051479,
        "var": 0
    },
    "danceability": 1.0747705698,
    "onset_rate": 4.10367488861,
    "beats_loudness_band_ratio": {
        "mean": [0.50027179718, 0.1386847049, 0.108531557024, 0.181931436062, 0.0857995450497, 0.0285246428102],
        "var": [0.0425984114408, 0.0148645509034, 0.00760386185721, 0.0190034527332, 0.00610083248466, 0.000557010644116]
    },
    "beats_position": [0.383129239082, 0.766258478165, 1.14938771725, 1.53251695633, 1.92725622654, 2.32199549675, 2.72834467888, 3.14630389214, 3.55265307426, 3.94739222527, 4.33052158356, 4.71365070343, 5.08516979218, 5.45668935776, 5.8282084465, 6.21133756638, 6.58285713196, 6.96598625183, 7.33750534058, 7.70902490616, 8.08054447174, 8.45206356049, 8.82358264923, 9.19510173798, 9.57823085785, 9.96135997772, 10.3328800201, 10.7043991089, 11.0875282288, 11.4590473175, 11.8189563751, 12.1904764175, 12.5736055374, 12.9567346573, 13.3398637772, 13.722992897, 14.0945119858, 14.4660310745, 14.8375511169, 15.2090702057, 15.5805892944, 15.9521083832, 16.3352375031, 16.7183666229, 17.0898857117, 17.4614048004, 17.8329238892, 18.2160549164, 18.5875740051, 18.9590930939, 19.3422222137, 19.7137413025, 20.0852603912, 20.45677948, 20.8282985687, 21.1998176575, 21.5829467773, 21.9660758972, 22.3375968933, 22.7091159821, 23.0806350708, 23.4521541595, 23.8236732483, 24.2068023682, 24.589931488, 24.9614505768, 25.3445796967, 25.7160987854, 26.0992279053, 26.470746994, 26.8422679901, 27.2137870789, 27.5853061676, 27.9568252563, 28.3399543762, 28.7230834961, 29.0946025848, 29.4661216736, 29.8376407623, 30.2207698822, 30.6038990021, 30.9754180908, 31.3469390869, 31.7184581757, 32.0899772644, 32.4614944458, 32.8330154419, 33.204536438, 33.5760536194, 33.9591827393, 34.3423118591, 34.7138328552, 35.0853500366, 35.4568710327, 35.8400001526, 36.2231292725, 36.5946464539, 36.96616745, 37.3376846313, 37.7092056274, 38.0923347473, 38.4754638672, 38.8469848633, 39.2185020447, 39.5900230408, 39.9615402222, 40.3330612183, 40.7161903381, 41.099319458, 41.4592285156, 41.830745697, 42.2138786316, 42.585395813, 42.9569168091, 43.3284339905, 43.6999549866, 44.0830841064, 44.4662132263, 44.86095047]
},
"tonal": {
    "chords_changes_rate": 0.0689300447702,
    "chords_number_rate": 0.0102880662307,
    "chords_strength": {
        "mean": 0.509618878365,
        "var": 0.0150191122666
    },
    "hpcp_entropy": {
        "mean": 2.142359972,
        "var": 0.50841152668
    },
    "key_strength": 0.703870236874,
    "tuning_diatonic_strength": 0.606066405773,
    "tuning_equal_tempered_deviation": 0.0587891899049,
    "tuning_frequency": 440.254241943,
    "tuning_nontempered_energy_ratio": 0.752305746078,
    "hpcp": {
        "mean": [0.460566043854, 0.310323596001, 0.153976127505, 0.104356914759, 0.0989390015602, 0.142341151834, 0.15883114934, 0.117048770189, 0.110420025885, 0.118623636663, 0.0954902470112, 0.0970433801413, 0.105442903936, 0.0762337520719, 0.0919183641672, 0.137897625566, 0.119839720428, 0.0920938327909, 0.0917684584856, 0.107128232718, 0.189958065748, 0.26032102108, 0.199602678418, 0.114670865238, 0.0766479820013, 0.0526870265603, 0.0679910182953, 0.0792800113559, 0.0648745819926, 0.0971518158913, 0.156820565462, 0.166857227683, 0.184980601072, 0.212434530258, 0.245917767286, 0.387491434813],
        "var": [0.143798068166, 0.0873675867915, 0.0508174784482, 0.0388859957457, 0.0365284718573, 0.0519438236952, 0.0537748634815, 0.0358373634517, 0.041276242584, 0.0444475747645, 0.0303225927055, 0.0245817620307, 0.0309945996851, 0.0164121519774, 0.0254257395864, 0.0467730201781, 0.0360286608338, 0.0258357655257, 0.0278150774539, 0.0359163470566, 0.0610149763525, 0.0862950906157, 0.0648469403386, 0.0390873812139, 0.0217808671296, 0.0118807349354, 0.0155837144703, 0.0234431605786, 0.0152199212462, 0.0233272183686, 0.0515009239316, 0.0512608140707, 0.0752373784781, 0.085806004703, 0.0827476382256, 0.117638900876]
    },
    "chords_histogram": [24.6913585663, 6.68724298477, 4.42386817932, 0.308641970158, 0, 6.37860059738, 0.205761313438, 35.288066864, 5.65843629837, 5.55555534363, 3.60082316399, 0, 0, 0, 0, 0, 0, 0, 0, 0, 5.55555534363, 0, 1.33744859695, 0.308641970158],
    "thpcp": [1, 0.673787415028, 0.334319323301, 0.226584047079, 0.214820444584, 0.309056997299, 0.344860732555, 0.254141122103, 0.239748522639, 0.257560521364, 0.207332357764, 0.210704594851, 0.228941977024, 0.165521875024, 0.199576944113, 0.299409002066, 0.260200947523, 0.199957937002, 0.199251458049, 0.232601240277, 0.412444800138, 0.565219759941, 0.433385580778, 0.248978108168, 0.16642126441, 0.114396244287, 0.147624909878, 0.172136038542, 0.140858367085, 0.210940033197, 0.340495288372, 0.362287312746, 0.401637524366, 0.461246609688, 0.533946812153, 0.841337382793],
    "chords_key": "A",
    "chords_scale": "major",
    "key_key": "A",
    "key_scale": "minor"
}
}