{
"lowlevel": {
    "average_loudness": 0.982078909874,
    "barkbands_crest": {
        "mean": 10.2207212448,
        "var": 11.1881008148
    },
    "barkbands_flatness_db": {
        "mean": 0.0758551433682,
        "var": 0.000878742721397
    },
    "barkbands_kurtosis": {
        "mean": 0.151103064418,
        "var": 5.34629154205
    },
    "barkbands_skewness": {
        "mean": 1.00973141193,
        "var": 0.465471982956
    },
    "barkbands_spread": {
        "mean": 57.3511199951,
        "var": 335.186248779
    },
    "dissonance": {
        "mean": 0.487921774387,
        "var": 0.000115796516184
    },
    "dynamic_complexity": 1.04210519791,
    "erbbands_crest": {
        "mean": 7.36115694046,
        "var": 10.2861757278
    },
    "erbbands_flatness_db": {
        "mean": 0.105937510729,
        "var": 0.000710056396201
    },
    "erbbands_kurtosis": {
        "mean": 0.7437261343,
        "var": 1.38715875149
    },
    "erbbands_skewness": {
        "mean": -0.444563031197,
        "var": 0.223661243916
    },
    "erbbands_spread": {
        "mean": 37.9621353149,
        "var": 214.98664856
    },
    "hfc": {
        "mean": 60.3401184082,
        "var": 1439.11364746
    },
    "melbands_crest": {
        "mean": 12.494764328,
        "var": 15.9616174698
    },
    "melbands_flatness_db": {
        "mean": 0.119355089962,
        "var": 0.00179131270852
    },
    "melbands_kurtosis": {
        "mean": 4.42966890335,
        "var": 48.6974525452
    },
    "melbands_skewness": {
        "mean": 1.88606595993,
        "var": 1.22268486023
    },
    "melbands_spread": {
        "mean": 56.6305274963,
        "var": 551.65057373
    },
    "pitch_salience": {
        "mean": 0.529297888279,
        "var": 0.00910630449653
    },
    "silence_rate_20dB": {
        "mean": 1,
        "var": 0
    },
    "silence_rate_30dB": {
        "mean": 1,
        "var": 0
    },
    "silence_rate_60dB": {
        "mean": 0.00154479919001,
        "var": 0.00154241069686
    },
    "spectral_centroid": {
        "mean": 2435.60961914,
        "var": 227527.53125
    },
    "spectral_complexity": {
        "mean": 36.6343994141,
        "var": 109.241508484
    },
    "spectral_decrease": {
        "mean": -1.01019050902e-008,
        "var": 1.80255609124e-017
    },
    "spectral_energy": {
        "mean": 0.04359992221,
        "var": 0.000284894398646
    },
    "spectral_energyband_high": {
        "mean": 0.00386013230309,
        "var": 1.05118506326e-005
    },
    "spectral_energyband_low": {
        "mean": 0.0124215679243,
        "var": 0.000120604810945
    },
    "spectral_energyband_middle_high": {
        "mean": 0.00961948931217,
        "var": 1.43599081639e-005
    },
    "spectral_energyband_middle_low": {
        "mean": 0.00828792247921,
        "var": 6.77027637721e-005
    },
    "spectral_entropy": {
        "mean": 8.05742549896,
        "var": 0.0670377910137
    },
    "spectral_flux": {
        "mean": 0.112619549036,
        "var": 0.0015490592923
    },
    "spectral_kurtosis": {
        "mean": 4.17453193665,
        "var": 3.10759067535
    },
    "spectral_rms": {
        "mean": 0.00640217633918,
        "var": 1.54879069214e-006
    },
    "spectral_rolloff": {
        "mean": 3175.42919922,
        "var": 5812549.5
    },
    "spectral_skewness": {
        "mean": 1.55708217621,
        "var": 0.0344886630774
    },
    "spectral_spread": {
        "mean": 5954510,
        "var": 3.50970262323e+012
    },
    "spectral_strongpeak": {
        "mean": 0.0429605022073,
        "var": 0.0590672083199
    },
    "zerocrossingrate": {
        "mean": 0.123625673354,
        "var": 0.00227885716595
    },
    "barkbands": {
        "mean": [0.0148685676977, 0.00316065503284, 0.0038992704358, 0.00280848215334, 0.00257763802074, 0.00126871780958, 0.000778561050538, 0.000398432515794, 0.000338561832905, 0.000375709467335, 0.000653029244859, 0.000669506087434, 0.000517947482876, 0.00109587027691, 0.000572030607145, 0.00146746693645, 0.00168335717171, 0.000877743179444, 0.000874975055922, 0.00134327181149, 0.000477640744066, 0.00032831003773, 0.000310514587909, 0.000430644344306, 0.000606980465818, 0.000982605502941, 0.000233469341765],
        "var": [3.55037554982e-005, 1.59611827257e-005, 2.85101596091e-005, 1.69084178196e-005, 1.29461286633e-005, 2.14256306208e-006, 6.71304292155e-007, 2.24782510827e-007, 1.77761037889e-007, 1.40632494094e-007, 8.92962873422e-007, 9.18630689739e-007, 5.24195399976e-007, 1.23065763091e-006, 2.76780156128e-007, 1.27395571781e-006, 1.63663401054e-006, 3.73092575501e-007, 2.97805030414e-007, 6.0403289126e-007, 8.10817439856e-008, 7.17261414707e-008, 8.51161203741e-008, 1.9593421996e-007, 4.49398953606e-007, 1.20068739307e-006, 1.1461074223e-007]
    },
    "erbbands": {
        "mean": [0.0957330539823, 0.831681370735, 4.07628583908, 7.92589902878, 8.9481716156, 8.65899848938, 6.48442792892, 11.8582849503, 12.0075912476, 9.96337413788, 8.79866600037, 8.04702281952, 10.0048007965, 20.7190952301, 20.495016098, 28.7570323944, 28.621629715, 58.6681404114, 32.1114807129, 39.8712501526, 96.8670272827, 90.5396499634, 54.7339172363, 41.5358009338, 58.9819259644, 61.8861999512, 27.0850658417, 14.8094100952, 11.86074543, 9.84739494324, 8.98828887939, 8.60293769836, 7.39983129501, 6.08423376083, 4.73708534241, 3.35934448242, 1.8855227232, 0.621393918991, 0.0246415436268, 0.000498758337926],
        "var": [0.00669029681012, 1.20961534977, 28.583650589, 130.893737793, 161.733184814, 165.877166748, 61.8327713013, 230.60206604, 178.489105225, 115.203300476, 103.176071167, 109.92162323, 137.444885254, 658.798400879, 780.485412598, 1462.25964355, 1172.3704834, 3368.43505859, 512.864746094, 721.904785156, 5472.31396484, 4164.91796875, 1448.36853027, 731.288391113, 1197.9453125, 1331.5078125, 208.423873901, 104.114173889, 91.8906784058, 78.4787597656, 74.5739822388, 71.745223999, 66.982421875, 49.0353813171, 26.3537273407, 12.920003891, 4.67668151855, 0.619721114635, 0.00128283782396, 3.59236366876e-007]
    },
    "gfcc": {
        "mean": [80.9754333496, 19.6268920898, -99.4266281128, 31.4029960632, -30.8217086792, 10.8979406357, -38.7565612793, 15.4135990143, -31.0794773102, 12.284942627, -20.1873931885, 6.99820280075, -16.8479251862],
        "cov": [[2163.68823242, -127.719902039, 193.053909302, 34.5742111206, -57.3713760376, -136.187164307, -137.697738647, -16.8317089081, -81.884765625, -93.7586746216, -67.6394805908, 58.4487991333, -30.1068153381], [-127.719902039, 581.63104248, -87.0925674438, 123.966789246, 38.3139076233, -77.7909545898, -20.3256835938, -20.4898853302, -69.2184448242, -36.2723846436, -45.4378700256, -44.7666320801, -6.21208047867], [193.053909302, -87.0925674438, 396.949584961, 19.1769218445, -36.3719596863, 45.6844520569, -39.6007881165, -64.7102661133, -10.7888116837, -30.1027393341, -34.0208702087, -28.7124233246, -39.6733131409], [34.5742111206, 123.966789246, 19.1769218445, 135.159454346, 86.3937835693, -3.26919531822, -14.9177293777, 14.1886119843, -25.8150081635, -26.4450244904, -22.8928203583, -25.9847545624, -5.38484525681], [-57.3713760376, 38.3139076233, -36.3719596863, 86.3937835693, 123.178352356, 25.3647003174, 8.75756168365, 32.1707267761, -9.25895786285, -14.2373180389, 5.06957006454, -13.3534355164, 5.56273078918], [-136.187164307, -77.7909545898, 45.6844520569, -3.26919531822, 25.3647003174, 159.584243774, 59.7223472595, -3.8468401432, 21.087387085, 21.6562919617, -0.800831854343, -34.6132965088, -28.6261787415], [-137.697738647, -20.3256835938, -39.6007881165, -14.9177293777, 8.75756168365, 59.7223472595, 76.8405380249, 32.2862243652, 20.9725227356, 14.5577116013, 2.23826169968, -7.59642267227, -11.04347229], [-16.8317089081, -20.4898853302, -64.7102661133, 14.1886119843, 32.1707267761, -3.8468401432, 32.2862243652, 74.990196228, 30.5123291016, 5.8673377037, 13.231502533, 12.8979520798, 5.64107370377], [-81.884765625, -69.2184448242, -10.7888116837, -25.8150081635, -9.25895786285, 21.087387085, 20.9725227356, 30.5123291016, 63.7695541382, 39.8209190369, 12.8952178955, 0.797876834869, -4.11118412018], [-93.7586746216, -36.2723846436, -30.1027393341, -26.4450244904, -14.2373180389, 21.6562919617, 14.5577116013, 5.8673377037, 39.8209190369, 67.8929443359, 34.656375885, -3.23115897179, -5.72800731659], [-67.6394805908, -45.4378700256, -34.0208702087, -22.8928203583, 5.06957006454, -0.800831854343, 2.23826169968, 13.231502533, 12.8952178955, 34.656375885, 74.355255127, 39.8146934509, 8.6224155426], [58.4487991333, -44.7666320801, -28.7124233246, -25.9847545624, -13.3534355164, -34.6132965088, -7.59642267227, 12.8979520798, 0.797876834869, -3.23115897179, 39.8146934509, 80.6299209595, 37.7082672119], [-30.1068153381, -6.21208047867, -39.6733131409, -5.38484525681, 5.56273078918, -28.6261787415, -11.04347229, 5.64107370377, -4.11118412018, -5.72800731659, 8.6224155426, 37.7082672119, 65.6326522827]],
        "icov": [[0.000741357915103, 0.000313716533128, -0.000220432892093, -2.73743353318e-005, 0.000198144552996, -4.0548537072e-005, 0.00162131036632, -0.00157279823907, 0.00195164687466, -0.00116338254884, 0.00191539339721, -0.0016666011652, 0.00133438582998], [0.000313716533128, 0.00324265286326, 0.000973868416622, -0.00395992863923, 0.00169178890064, 0.00184764119331, -0.00142821774352, 0.00145395379514, 0.00205370411277, -0.000378731871024, 0.000513751234394, 0.000785251497291, 0.000588742550462], [-0.000220432892093, 0.000973868416622, 0.00457281526178, -0.00372547539882, 0.00306960311718, -0.00159796245862, 0.0010655738879, 0.00430961372331, -0.0039202501066, 0.00474409945309, -0.00187299482059, 0.000974948692601, 0.00115570786875], [-2.73743353318e-005, -0.00395992863923, -0.00372547539882, 0.025088718161, -0.0163577087224, -0.000809592835139, 0.00729049369693, -0.00925827026367, 0.00791458692402, -0.00707880454138, 0.0089525366202, -0.00224499427713, 0.00246650888585], [0.000198144552996, 0.00169178890064, 0.00306960311718, -0.0163577087224, 0.0246499329805, -0.00509551167488, 0.00101948343217, -0.00432057445869, -0.000966399966273, 0.00919076800346, -0.010939033702, 0.00747279403731, -0.0051190298982], [-4.0548537072e-005, 0.00184764119331, -0.00159796245862, -0.000809592835139, -0.00509551167488, 0.0155245214701, -0.0144528783858, 0.0096380431205, -0.00367337884381, -0.000508740369696, -0.00182440155186, 0.0036118584685, 0.000956727075391], [0.00162131036632, -0.00142821774352, 0.0010655738879, 0.00729049369693, 0.00101948343217, -0.0144528783858, 0.036406993866, -0.0220372658223, 0.0101387044415, -0.00743448082358, 0.0105387112126, -0.00669451523572, 0.00592863047495], [-0.00157279823907, 0.00145395379514, 0.00430961372331, -0.00925827026367, -0.00432057445869, 0.0096380431205, -0.0220372658223, 0.0429654531181, -0.0290266051888, 0.0172680579126, -0.0123926876113, 0.00299172871746, -0.00197131163441], [0.00195164687466, 0.00205370411277, -0.0039202501066, 0.00791458692402, -0.000966399966273, -0.00367337884381, 0.0101387044415, -0.0290266051888, 0.0526530854404, -0.0347224287689, 0.0201031416655, -0.00949873868376, 0.00513393012807], [-0.00116338254884, -0.000378731871024, 0.00474409945309, -0.00707880454138, 0.00919076800346, -0.000508740369696, -0.00743448082358, 0.0172680579126, -0.0347224287689, 0.0518187060952, -0.0325666181743, 0.0194568280131, -0.00657138228416], [0.00191539339721, 0.000513751234394, -0.00187299482059, 0.0089525366202, -0.010939033702, -0.00182440155186, 0.0105387112126, -0.0123926876113, 0.0201031416655, -0.0325666181743, 0.0453224815428, -0.0280324630439, 0.0120678879321], [-0.0016666011652, 0.000785251497291, 0.000974948692601, -0.00224499427713, 0.00747279403731, 0.0036118584685, -0.00669451523572, 0.00299172871746, -0.00949873868376, 0.0194568280131, -0.0280324630439, 0.0385154597461, -0.0180693008006], [0.00133438582998, 0.000588742550462, 0.00115570786875, 0.00246650888585, -0.0051190298982, 0.000956727075391, 0.00592863047495, -0.00197131163441, 0.00513393012807, -0.00657138228416, 0.0120678879321, -0.0180693008006, 0.0273673757911]]
    },
    "melbands": {
        "mean": [0.00138378341217, 0.00180717068724, 0.00139495695475, 0.000653653754853, 0.000248749915045, 0.000262460031081, 0.000180780232768, 0.000102641271951, 6.91053501214e-005, 4.96862485306e-005, 4.76125569548e-005, 7.89375117165e-005, 7.59075628594e-005, 5.76467828068e-005, 7.4400784797e-005, 6.385587767e-005, 0.000120107833936, 4.91793216497e-005, 4.55344743386e-005, 7.8053381003e-005, 0.000116766845167, 9.80938129942e-005, 6.94558402756e-005, 3.55807969754e-005, 3.23329113598e-005, 3.54784060619e-005, 5.4326337704e-005, 3.68066721421e-005, 1.77066849574e-005, 1.14384356493e-005, 7.63243861002e-006, 7.02277475284e-006, 5.7899528656e-006, 5.25960740561e-006, 5.17218495588e-006, 5.13814893566e-006, 5.25422956343e-006, 5.14064231538e-006, 5.00871738041e-006, 5.14099156135e-006],
        "var": [9.7373981589e-007, 5.25106042915e-006, 3.42820385413e-006, 9.04935006929e-007, 8.30875421798e-008, 1.00528865232e-007, 3.55930964702e-008, 1.25336665491e-008, 6.62582033684e-009, 4.33224123242e-009, 3.43904771327e-009, 9.56981871525e-009, 1.42118716795e-008, 4.16981604801e-009, 1.32741959646e-008, 9.10331454662e-009, 1.70891532036e-008, 1.74719960722e-009, 2.07864503388e-009, 3.91940879751e-009, 8.9379303958e-009, 5.74017011701e-009, 3.19238724344e-009, 6.25907103924e-010, 5.40900657597e-010, 4.97034802205e-010, 1.17201004457e-009, 5.2836190978e-010, 1.07671066507e-010, 5.58709016552e-011, 3.49927239962e-011, 3.38512828879e-011, 2.91508241157e-011, 2.45503877644e-011, 2.56227972867e-011, 2.69973349232e-011, 2.76657637771e-011, 3.37079392176e-011, 3.43323980356e-011, 3.60324860227e-011]
    },
    "mfcc": {
        "mean": [-575.426147461, 72.6725769043, -6.9159116745, 30.5849723816, 21.4573497772, 5.4180431366, 9.37325572968, 1.74230539799, 2.54501223564, 3.27551102638, -3.56193947792, 5.02877426147, 5.99630641937],
        "cov": [[1444.48217773, -21.2131290436, 43.467250824, 102.330619812, 29.8233528137, -128.336868286, -86.9296646118, 3.02977228165, -52.4801864624, -122.939559937, -73.6224975586, -91.9032363892, 41.2648124695], [-21.2131290436, 375.168395996, -53.4966430664, 115.925819397, -10.1793441772, -19.4718132019, -2.00207543373, -25.5737457275, -19.7875862122, -16.9178142548, -44.9631004333, -22.6896686554, -21.9748191833], [43.467250824, -53.4966430664, 376.958862305, -55.3340606689, 3.6906516552, 72.7995147705, -28.2453346252, -24.4672641754, -21.4563655853, -10.5932760239, 24.5094184875, -26.0814704895, -59.8682975769], [102.330619812, 115.925819397, -55.3340606689, 168.357757568, 67.395652771, -46.566532135, 2.82398676872, 1.72077918053, -10.4882545471, -8.42740345001, -49.760559082, -30.5481815338, 0.655107736588], [29.8233528137, -10.1793441772, 3.6906516552, 67.395652771, 119.724899292, 11.0149183273, 27.2220344543, 11.0694322586, -3.84620666504, 2.99373722076, -29.7195186615, -5.47750139236, 0.117265895009], [-128.336868286, -19.4718132019, 72.7995147705, -46.566532135, 11.0149183273, 112.876693726, 36.2231559753, 0.024321872741, 13.126616478, 25.8262557983, 26.8748455048, 11.4266290665, -39.9368362427], [-86.9296646118, -2.00207543373, -28.2453346252, 2.82398676872, 27.2220344543, 36.2231559753, 74.62134552, 29.0297336578, 5.88524675369, 15.7021026611, -1.34042334557, 8.67287158966, 2.50401854515], [3.02977228165, -25.5737457275, -24.4672641754, 1.72077918053, 11.0694322586, 0.024321872741, 29.0297336578, 63.0068969727, 23.653093338, -5.24050855637, -0.830079615116, 2.37734103203, 21.377161026], [-52.4801864624, -19.7875862122, -21.4563655853, -10.4882545471, -3.84620666504, 13.126616478, 5.88524675369, 23.653093338, 65.4809875488, 29.0924358368, 4.99114608765, -0.438183635473, -16.2358913422], [-122.939559937, -16.9178142548, -10.5932760239, -8.42740345001, 2.99373722076, 25.8262557983, 15.7021026611, -5.24050855637, 29.0924358368, 84.2841644287, 37.0267181396, 13.0989084244, -28.1363487244], [-73.6224975586, -44.9631004333, 24.5094184875, -49.760559082, -29.7195186615, 26.8748455048, -1.34042334557, -0.830079615116, 4.99114608765, 37.0267181396, 77.4735488892, 31.2293605804, -4.30426836014], [-91.9032363892, -22.6896686554, -26.0814704895, -30.5481815338, -5.47750139236, 11.4266290665, 8.67287158966, 2.37734103203, -0.438183635473, 13.0989084244, 31.2293605804, 62.0731277466, 26.9176311493], [41.2648124695, -21.9748191833, -59.8682975769, 0.655107736588, 0.117265895009, -39.9368362427, 2.50401854515, 21.377161026, -16.2358913422, -28.1363487244, -4.30426836014, 26.9176311493, 103.118263245]],
        "icov": [[0.000967832049355, 0.000245976465521, -6.96700444678e-005, -0.000401233643061, -0.000230376826948, 0.000477319204947, 0.000717548187822, -0.000258066633251, 0.000247778487392, 0.000966914114542, -0.000369370536646, 0.00115265802015, -0.000165043878951], [0.000245976465521, 0.00444526597857, 0.000273798941635, -0.00441569462419, 0.00327570736408, -0.00138350646012, -0.000422151671955, 0.00117059994955, 0.000760620518122, 0.000758690177463, 0.00161794782616, -0.000862955406774, 0.000883483327925], [-6.96700444678e-005, 0.000273798941635, 0.00424721138552, 0.00101020082366, -0.00117559777573, -0.00309284054674, 0.00303037534468, -0.000773964449763, 0.00219542183913, 0.000910348840989, -0.00134122360032, 0.00224695168436, 0.0013875591103], [-0.000401233643061, -0.00441569462419, 0.00101020082366, 0.0156026249751, -0.00898802187294, 0.00527965324, 0.000515533611178, -0.00152867648285, 0.00135253870394, -0.00263203145005, 0.00112045742571, 0.00385699258186, 0.000601061212365], [-0.000230376826948, 0.00327570736408, -0.00117559777573, -0.00898802187294, 0.0165821854025, -0.00432047061622, -0.00273600080982, -0.00120835250709, 0.0021131222602, -0.00277061597444, 0.00692455284297, -0.00414404040202, -0.000262857502094], [0.000477319204947, -0.00138350646012, -0.00309284054674, 0.00527965324, -0.00432047061622, 0.0203638579696, -0.0108847180381, 0.00389374699444, -0.00435431813821, 0.00231575290672, -0.00471022818238, -0.00167166942265, 0.00521979574114], [0.000717548187822, -0.000422151671955, 0.00303037534468, 0.000515533611178, -0.00273600080982, -0.0108847180381, 0.0287165809423, -0.0156521312892, 0.00934372004122, -0.00744323479012, 0.00592927401885, -0.000341080391081, -0.00050921307411], [-0.000258066633251, 0.00117059994955, -0.000773964449763, -0.00152867648285, -0.00120835250709, 0.00389374699444, -0.0156521312892, 0.0325000472367, -0.016858143732, 0.00992595776916, -0.00730229029432, 0.00315294787288, -0.00600872468203], [0.000247778487392, 0.000760620518122, 0.00219542183913, 0.00135253870394, 0.0021131222602, -0.00435431813821, 0.00934372004122, -0.016858143732, 0.0289087984711, -0.0123563697562, 0.00761481234804, -0.000416148861405, 0.00451473752037], [0.000966914114542, 0.000758690177463, 0.000910348840989, -0.00263203145005, -0.00277061597444, 0.00231575290672, -0.00744323479012, 0.00992595776916, -0.0123563697562, 0.0264368280768, -0.0144243100658, 0.000719034171198, 0.00382118672132], [-0.000369370536646, 0.00161794782616, -0.00134122360032, 0.00112045742571, 0.00692455284297, -0.00471022818238, 0.00592927401885, -0.00730229029432, 0.00761481234804, -0.0144243100658, 0.0299619492143, -0.0113244876266, 0.000714474939741], [0.00115265802015, -0.000862955406774, 0.00224695168436, 0.00385699258186, -0.00414404040202, -0.00167166942265, -0.000341080391081, 0.00315294787288, -0.000416148861405, 0.000719034171198, -0.0113244876266, 0.0295293238014, -0.00870344322175], [-0.000165043878951, 0.000883483327925, 0.0013875591103, 0.000601061212365, -0.000262857502094, 0.00521979574114, -0.00050921307411, -0.00600872468203, 0.00451473752037, 0.00382118672132, 0.000714474939741, -0.00870344322175, 0.0180888026953]]
    },
    "spectral_contrast_coeffs": {
        "mean": [-0.643428146839, -0.755808770657, -0.79208368063, -0.75647777319, -0.778641998768, -0.775827825069],
        "var": [0.00572982104495, 0.00382871367037, 0.00239915004931, 0.00191284855828, 0.000658626609948, 0.00107232597657]
    },
    "spectral_contrast_valleys": {
        "mean": [-7.18096780777, -6.72059822083, -7.09368848801, -7.01475381851, -6.4057598114, -8.91240882874],
        "var": [0.613816857338, 0.615173399448, 0.460723519325, 0.432078748941, 0.575493872166, 0.652329087257]
    }
},
"metadata": {
    "audio_properties": {
        "analysis_sample_rate": 44100,
        "bit_rate": 128074,
        "equal_loudness": 0,
        "length": 45.0612258911,
        "lossless": 0,
        "replay_gain": -6.60343170166,
        "sample_rate": 44100,
        "codec": "mp3",
        "downmix": "mix",
        "md5_encoded": "b8beee95ca9e1630a7d6f9e5c222496a"
    },
    "tags": {
        "file_name": "1392.mp3"
    },
    "version": {
        "essentia": "2.1-beta2",
        "essentia_git_sha": "v2.1_beta2",
        "extractor": "music 1.0"
    }
},
"rhythm": {
    "beats_count": 139,
    "beats_loudness": {
        "mean": 0.0534690059721,
        "var": 0.000295195059152
    },
    "bpm": 184.570205688,
    "bpm_histogram_first_peak_bpm": {
        "mean": 185,
        "var": 0
    },
    "bpm_histogram_first_peak_spread": {
        "mean": 0,
        "var": 0
    },
    "bpm_histogram_first_peak_weight": {
        "mean": 0.572463750839,
        "var": 0
    },
    "bpm_histogram_second_peak_bpm": {
        "mean": 191,
        "var": 0
    },
    "bpm_histogram_second_peak_spread": {
        "mean": 0,
        "var": 0
    },
    "bpm_histogram_second_peak_weight": {
        "mean": 0.369565218687,
        "var": 0
    },
    "danceability": 1.4028557539,
    "onset_rate": 4.79131793976,
    "beats_loudness_band_ratio": {
        "mean": [0.66218239069, 0.0486010350287, 0.0280866697431, 0.0632620602846, 0.103093005717, 0.109123297036],
        "var": [0.0195582211018, 0.0010991684394, 0.000407935556723, 0.00148257275578, 0.00314435339533, 0.00455683888867]
    },
    "beats_position": [0.301859408617, 0.626938760281, 0.952018141747, 1.27709746361, 1.59056687355, 1.90403628349, 2.22911548615, 2.54258489609, 2.85605430603, 3.1811337471, 3.50621318817, 3.83129239082, 4.14476203918, 4.46984100342, 4.79492044449, 5.11999988556, 5.4334692955, 5.75854873657, 6.07201814651, 6.39709758759, 6.73378658295, 7.03564596176, 7.36072540283, 7.67419481277, 7.98766422272, 8.31274318695, 8.63782310486, 8.95129203796, 9.26476192474, 9.58984088898, 9.91492080688, 10.2399997711, 10.5534696579, 10.866938591, 11.1920175552, 11.5170974731, 11.8421764374, 12.1556463242, 12.4691152573, 12.7941951752, 13.1192741394, 13.4443531036, 13.7578229904, 14.0712919235, 14.3963718414, 14.7214508057, 15.0349206924, 15.3483896255, 15.6734695435, 15.9985485077, 16.3236274719, 16.637096405, 16.9505672455, 17.2756462097, 17.600725174, 17.9258041382, 18.2392749786, 18.5527439117, 18.877822876, 19.2029018402, 19.5279808044, 19.8414516449, 20.154920578, 20.4799995422, 20.8050785065, 21.1301574707, 21.4436283112, 21.7570972443, 22.0821762085, 22.3956451416, 22.7207260132, 23.0341949463, 23.3592739105, 23.6727428436, 23.9862117767, 24.3112926483, 24.6363716125, 24.9614505768, 25.2749195099, 25.5883903503, 25.9134693146, 26.2385482788, 26.563627243, 26.8770961761, 27.1905670166, 27.5156459808, 27.8407249451, 28.1658039093, 28.4792747498, 28.7927436829, 29.1178226471, 29.4429016113, 29.7563705444, 30.0698413849, 30.3949203491, 30.7199993134, 31.0450782776, 31.358549118, 31.6720180511, 31.9970970154, 32.322177887, 32.6356468201, 32.9491157532, 33.2741928101, 33.5992736816, 33.9243545532, 34.2378234863, 34.5512924194, 34.8763694763, 35.2014503479, 35.5265312195, 35.8400001526, 36.1534690857, 36.4785499573, 36.7920188904, 37.1170959473, 37.4305648804, 37.755645752, 38.0691146851, 38.3825836182, 38.7076644897, 39.0327415466, 39.3578224182, 39.6945114136, 40.0544204712, 40.402721405, 40.7626304626, 41.099319458, 41.4243965149, 41.7494773865, 42.0745582581, 42.3996353149, 42.7247161865, 43.0497932434, 43.3516540527, 43.6767349243, 44.0018119812, 44.3268928528, 44.6519737244]
},
"tonal": {
    "chords_changes_rate": 0.0895061716437,
    "chords_number_rate": 0.0102880662307,
    "chords_strength": {
        "mean": 0.446433603764,
        "var": 0.00773861818016
    },
    "hpcp_entropy": {
        "mean": 2.31297850609,
        "var": 0.621179163456
    },
    "key_strength": 0.610750794411,
    "tuning_diatonic_strength": 0.458335250616,
    "tuning_equal_tempered_deviation": 0.0261501781642,
    "tuning_frequency": 437.213165283,
    "tuning_nontempered_energy_ratio": 0.693479537964,
    "hpcp": {
        "mean": [0.142194330692, 0.141063168645, 0.204914987087, 0.287869542837, 0.232194334269, 0.17887955904, 0.190229207277, 0.171370193362, 0.206176757813, 0.245366662741, 0.197677865624, 0.195236161351, 0.205907404423, 0.18993511796, 0.251755237579, 0.29940289259, 0.225097492337, 0.206898480654, 0.24466496706, 0.175448685884, 0.132928654552, 0.138162121177, 0.131541579962, 0.236257597804, 0.312683343887, 0.183626204729, 0.0850986987352, 0.0953177586198, 0.111688487232, 0.235166147351, 0.366080313921, 0.329190552235, 0.28792142868, 0.247827455401, 0.15440261364, 0.126139074564],
        "var": [0.0247043725103, 0.0274392738938, 0.0439259037375, 0.0815172642469, 0.0525476559997, 0.0340966954827, 0.0499919652939, 0.035198263824, 0.0447284504771, 0.0647369846702, 0.0386475771666, 0.0444044582546, 0.0463170446455, 0.0441091842949, 0.0619464032352, 0.0819183066487, 0.053642872721, 0.0496647134423, 0.0772316381335, 0.0338135026395, 0.0296238530427, 0.0318562015891, 0.0289364997298, 0.0650660917163, 0.109952032566, 0.0404433198273, 0.0130687206984, 0.0186718776822, 0.0229026153684, 0.0550323314965, 0.108836263418, 0.0853218212724, 0.0893674194813, 0.0847528353333, 0.0435816682875, 0.0273840483278]
    },
    "chords_histogram": [27.8806591034, 17.3868312836, 13.7860078812, 22.2222213745, 0.720164597034, 0, 0, 3.70370364189, 0.514403283596, 2.05761313438, 0, 0, 0, 0, 0, 0.411522626877, 4.73251008987, 0.514403283596, 0, 0, 0.308641970158, 1.02880656719, 2.57201647758, 2.16049385071],
    "thpcp": [1, 0.899230420589, 0.786498010159, 0.676975667477, 0.421772509813, 0.34456667304, 0.388423860073, 0.385333925486, 0.559754192829, 0.786356270313, 0.634271562099, 0.488634735346, 0.51963788271, 0.468121856451, 0.563200891018, 0.670253634453, 0.539984941483, 0.533315122128, 0.562465131283, 0.518834531307, 0.687704920769, 0.817861199379, 0.614885568619, 0.565172374249, 0.668336868286, 0.479262828827, 0.363113373518, 0.377409309149, 0.359324365854, 0.645370960236, 0.854138672352, 0.501600861549, 0.232459098101, 0.2603738904, 0.305092841387, 0.642389476299],
    "chords_key": "C",
    "chords_scale": "minor",
    "key_key": "C",
    "key_scale": "minor"
}
}