{
"lowlevel": {
    "average_loudness": 0.963414132595,
    "barkbands_crest": {
        "mean": 15.5208806992,
        "var": 19.621673584
    },
    "barkbands_flatness_db": {
        "mean": 0.276548653841,
        "var": 0.00735740270466
    },
    "barkbands_kurtosis": {
        "mean": 40.4247055054,
        "var": 4225.16015625
    },
    "barkbands_skewness": {
        "mean": 4.17905139923,
        "var": 9.57330131531
    },
    "barkbands_spread": {
        "mean": 9.59170627594,
        "var": 107.031417847
    },
    "dissonance": {
        "mean": 0.402689665556,
        "var": 0.00402499223128
    },
    "dynamic_complexity": 2.61443686485,
    "erbbands_crest": {
        "mean": 14.0238142014,
        "var": 35.7513542175
    },
    "erbbands_flatness_db": {
        "mean": 0.177020654082,
        "var": 0.00391953345388
    },
    "erbbands_kurtosis": {
        "mean": 5.9999961853,
        "var": 97.7499465942
    },
    "erbbands_skewness": {
        "mean": 1.08757066727,
        "var": 1.86088848114
    },
    "erbbands_spread": {
        "mean": 39.1721572876,
        "var": 925.126159668
    },
    "hfc": {
        "mean": 19.0322589874,
        "var": 557.204223633
    },
    "melbands_crest": {
        "mean": 19.6017227173,
        "var": 34.8292694092
    },
    "melbands_flatness_db": {
        "mean": 0.373152971268,
        "var": 0.0121701927856
    },
    "melbands_kurtosis": {
        "mean": 69.5823898315,
        "var": 13098.1669922
    },
    "melbands_skewness": {
        "mean": 4.81764507294,
        "var": 12.239865303
    },
    "melbands_spread": {
        "mean": 7.24021196365,
        "var": 57.5905609131
    },
    "pitch_salience": {
        "mean": 0.405032962561,
        "var": 0.0175267346203
    },
    "silence_rate_20dB": {
        "mean": 0.994335711002,
        "var": 0.00563220772892
    },
    "silence_rate_30dB": {
        "mean": 0.731204926968,
        "var": 0.196549341083
    },
    "silence_rate_60dB": {
        "mean": 0.0102986609563,
        "var": 0.010192704387
    },
    "spectral_centroid": {
        "mean": 624.395141602,
        "var": 190174.703125
    },
    "spectral_complexity": {
        "mean": 9.61534500122,
        "var": 56.9805374146
    },
    "spectral_decrease": {
        "mean": -2.0456512928e-008,
        "var": 4.27745073858e-016
    },
    "spectral_energy": {
        "mean": 0.0789338946342,
        "var": 0.00627806736156
    },
    "spectral_energyband_high": {
        "mean": 0.000766778364778,
        "var": 2.76199239124e-006
    },
    "spectral_energyband_low": {
        "mean": 0.0658171251416,
        "var": 0.00554869603366
    },
    "spectral_energyband_middle_high": {
        "mean": 0.00304506416433,
        "var": 1.98865909624e-005
    },
    "spectral_energyband_middle_low": {
        "mean": 0.0107703991234,
        "var": 0.000227323849685
    },
    "spectral_entropy": {
        "mean": 6.91095590591,
        "var": 0.518851399422
    },
    "spectral_flux": {
        "mean": 0.126303881407,
        "var": 0.0110528348014
    },
    "spectral_kurtosis": {
        "mean": 6.31691980362,
        "var": 37.5614814758
    },
    "spectral_rms": {
        "mean": 0.00778681458905,
        "var": 1.63742170116e-005
    },
    "spectral_rolloff": {
        "mean": 455.23626709,
        "var": 778798.9375
    },
    "spectral_skewness": {
        "mean": 2.22896361351,
        "var": 0.834954977036
    },
    "spectral_spread": {
        "mean": 6876827.5,
        "var": 7.5242799104e+012
    },
    "spectral_strongpeak": {
        "mean": 0.651700139046,
        "var": 0.431699335575
    },
    "zerocrossingrate": {
        "mean": 0.0336589701474,
        "var": 0.000902846106328
    },
    "barkbands": {
        "mean": [0.00271626305766, 0.0485262125731, 0.0132844885811, 0.00223174341954, 0.00263848598115, 0.00172108225524, 0.000859756721184, 0.00116123177577, 0.0017967177555, 0.00202267686836, 0.000452122360002, 0.000100197423308, 0.000210236146813, 5.17413354828e-005, 4.29214996984e-005, 4.8153953685e-005, 4.54361070297e-005, 4.69294100185e-005, 0.000167550417245, 8.10006531538e-005, 7.81443013693e-005, 8.01048372523e-005, 5.89007795497e-005, 0.000111250847112, 0.00028621556703, 0.000114373062388, 3.65971564165e-009],
        "var": [2.63473939413e-005, 0.00364004937001, 0.000364406558219, 1.33646426548e-005, 3.18245001836e-005, 1.56043879542e-005, 1.11485587695e-005, 3.24075563185e-006, 1.09262800834e-005, 1.21641551232e-005, 1.75675120317e-006, 1.45771764437e-007, 6.87779618147e-007, 2.97641662428e-008, 2.3694765261e-008, 3.2273995032e-008, 2.03462207082e-008, 2.49208973457e-008, 2.63128185907e-007, 5.13789899514e-008, 6.25958946898e-008, 5.89927502403e-008, 2.11572821485e-008, 7.09180909553e-008, 6.36272829979e-007, 5.75174041728e-008, 1.18121867929e-015]
    },
    "erbbands": {
        "mean": [1.92527008057, 8.86817550659, 15.4326725006, 11.4750394821, 8.00564575195, 8.93709087372, 7.89487552643, 16.1246414185, 13.1144542694, 23.3891181946, 22.3780498505, 47.3940811157, 31.2724933624, 65.3813705444, 20.0814094543, 5.45331048965, 10.0528669357, 3.46266436577, 2.46940732002, 2.28873562813, 2.75226330757, 2.50400853157, 2.55938124657, 4.03881263733, 10.219918251, 4.00004482269, 3.04342484474, 3.19153404236, 2.95783472061, 2.33848118782, 1.5954862833, 1.68330669403, 2.41699409485, 3.38060522079, 1.80651032925, 0.732013940811, 0.195656090975, 0.00493716821074, 0.000191059662029, 0.000101022786112],
        "var": [6.84428310394, 121.017280579, 511.614746094, 272.782348633, 266.271942139, 356.935241699, 227.357223511, 1638.8001709, 1754.03918457, 2758.79272461, 1137.40441895, 7127.11767578, 3205.08642578, 15266.0751953, 2662.75024414, 283.452758789, 1546.87976074, 155.375518799, 52.1648597717, 70.6271743774, 118.934135437, 59.7744255066, 64.7994308472, 126.656341553, 1087.22705078, 126.879257202, 87.5573272705, 110.477180481, 84.6380233765, 44.7282905579, 14.194483757, 10.6473464966, 44.148273468, 107.70173645, 19.9329986572, 2.29612207413, 0.191237270832, 0.000125122212921, 1.16655591853e-007, 9.98193794288e-009]
    },
    "gfcc": {
        "mean": [-42.5920333862, 106.874893188, -38.700881958, 27.1013088226, -65.9716567993, 32.8567237854, -24.0879974365, 35.0693397522, -27.265914917, 6.75796604156, -15.7641906738, -2.88433265686, -4.07509851456],
        "cov": [[6431.16308594, -1064.58947754, -1089.3125, 442.041290283, -234.935791016, -185.692886353, -113.316841125, 7.55222892761, -207.073654175, 153.781326294, -121.160079956, 274.254180908, -238.521072388], [-1064.58947754, 1285.34130859, 253.306137085, -344.157562256, 72.0977020264, 47.9241065979, 261.787384033, 75.0910797119, 123.583778381, -202.616134644, 219.776367188, -52.8459739685, 192.734313965], [-1089.3125, 253.306137085, 1118.4831543, 188.225967407, 284.575744629, 344.904266357, 190.799575806, 142.937286377, 164.913009644, 3.90893745422, 15.1519422531, -108.273574829, 22.0669288635], [442.041290283, -344.157562256, 188.225967407, 702.687988281, 396.656860352, 55.69764328, -50.3490180969, -43.9039802551, 86.0623626709, 149.404022217, 21.923784256, -97.5034408569, -175.070983887], [-234.935791016, 72.0977020264, 284.575744629, 396.656860352, 549.096557617, 184.829116821, -40.7455291748, -61.6297149658, 118.080284119, 104.371505737, 104.171524048, -91.0140151978, -97.4944915771], [-185.692886353, 47.9241065979, 344.904266357, 55.69764328, 184.829116821, 334.670715332, 102.430786133, 12.1273794174, 48.4454841614, -29.50989151, -19.3612384796, -21.7380104065, 5.54635429382], [-113.316841125, 261.787384033, 190.799575806, -50.3490180969, -40.7455291748, 102.430786133, 387.274261475, 128.219207764, -46.597038269, -165.62890625, -39.3314666748, -4.82107305527, 79.5533828735], [7.55222892761, 75.0910797119, 142.937286377, -43.9039802551, -61.6297149658, 12.1273794174, 128.219207764, 196.694763184, 3.85632920265, -66.3893585205, -10.1742506027, -20.2139549255, 53.4346809387], [-207.073654175, 123.583778381, 164.913009644, 86.0623626709, 118.080284119, 48.4454841614, -46.597038269, 3.85632920265, 194.757888794, 68.4550552368, 42.4707870483, -49.9430885315, -30.6328525543], [153.781326294, -202.616134644, 3.90893745422, 149.404022217, 104.371505737, -29.50989151, -165.62890625, -66.3893585205, 68.4550552368, 212.393508911, 58.1505775452, -19.7819442749, -107.939880371], [-121.160079956, 219.776367188, 15.1519422531, 21.923784256, 104.171524048, -19.3612384796, -39.3314666748, -10.1742506027, 42.4707870483, 58.1505775452, 206.929656982, 19.2275886536, -2.74056148529], [274.254180908, -52.8459739685, -108.273574829, -97.5034408569, -91.0140151978, -21.7380104065, -4.82107305527, -20.2139549255, -49.9430885315, -19.7819442749, 19.2275886536, 137.353469849, 49.9227561951], [-238.521072388, 192.734313965, 22.0669288635, -175.070983887, -97.4944915771, 5.54635429382, 79.5533828735, 53.4346809387, -30.6328525543, -107.939880371, -2.74056148529, 49.9227561951, 165.716934204]],
        "icov": [[0.000316097808536, -0.000229131634114, 0.000447135913419, -0.000563940790016, 0.000312185264193, -0.000450699910289, 0.00010044042574, -0.000671622809023, 0.000205414398806, -0.000428453233326, 0.000414951267885, -0.000948202854488, 0.000484645250253], [-0.000229131634114, 0.00398745480925, -0.000826734816656, 0.00291943969205, -0.00179033179302, 0.00206184596755, -0.00239868066274, 0.00255580875091, -0.00306863384321, 0.00362908118404, -0.0046038813889, 0.00359763135202, -0.00193129072431], [0.000447135913419, -0.000826734816656, 0.00253977184184, -0.00137567566708, 0.000517808657605, -0.00236867414787, -3.8727917854e-005, -0.00219683581963, -8.16277097329e-005, -0.00186019612011, 0.00113514240365, -0.00100531568751, 1.93343148567e-005], [-0.000563940790016, 0.00291943969205, -0.00137567566708, 0.00605109613389, -0.00423141848296, 0.00320041435771, -0.002262795344, 0.00212592934258, -0.00216697435826, 0.00207526679151, -0.00229972577654, 0.00318310200237, 0.000127181177959], [0.000312185264193, -0.00179033179302, 0.000517808657605, -0.00423141848296, 0.00671686884016, -0.00389111903496, 0.00155088794418, 1.61965999723e-006, 0.000911008799449, -0.00139620376285, -0.000743659620639, 7.67804885982e-006, 0.000573567231186], [-0.000450699910289, 0.00206184596755, -0.00236867414787, 0.00320041435771, -0.00389111903496, 0.00765682198107, -0.00224177283235, 0.00262950034812, -0.00197774497792, 0.00279559916817, -0.000722147873603, 0.0010169892339, -0.000530387274921], [0.00010044042574, -0.00239868066274, -3.8727917854e-005, -0.002262795344, 0.00155088794418, -0.00224177283235, 0.00662607280537, -0.00334227201529, 0.00267785065807, 0.001360901515, 0.00222853245214, -0.00201957114041, 0.00145989411976], [-0.000671622809023, 0.00255580875091, -0.00219683581963, 0.00212592934258, 1.61965999723e-006, 0.00262950034812, -0.00334227201529, 0.0106036430225, -0.00252691446804, 0.00325667671859, -0.00397056620568, 0.0052680009976, -0.0033009161707], [0.000205414398806, -0.00306863384321, -8.16277097329e-005, -0.00216697435826, 0.000911008799449, -0.00197774497792, 0.00267785065807, -0.00252691446804, 0.00984958093613, -0.00449864147231, 0.00270120427012, -0.000968586828094, 0.000944558647461], [-0.000428453233326, 0.00362908118404, -0.00186019612011, 0.00207526679151, -0.00139620376285, 0.00279559916817, 0.001360901515, 0.00325667671859, -0.00449864147231, 0.0152821680531, -0.00637487648055, 0.00258973496966, 0.00322118331678], [0.000414951267885, -0.0046038813889, 0.00113514240365, -0.00229972577654, -0.000743659620639, -0.000722147873603, 0.00222853245214, -0.00397056620568, 0.00270120427012, -0.00637487648055, 0.0125519055873, -0.00678602419794, 0.00176708505023], [-0.000948202854488, 0.00359763135202, -0.00100531568751, 0.00318310200237, 7.67804885982e-006, 0.0010169892339, -0.00201957114041, 0.0052680009976, -0.000968586828094, 0.00258973496966, -0.00678602419794, 0.0161488763988, -0.00628029648215], [0.000484645250253, -0.00193129072431, 1.93343148567e-005, 0.000127181177959, 0.000573567231186, -0.000530387274921, 0.00145989411976, -0.0033009161707, 0.000944558647461, 0.00322118331678, 0.00176708505023, -0.00628029648215, 0.0140225235373]]
    },
    "melbands": {
        "mean": [0.0150522589684, 0.00922860670835, 0.00193739694078, 0.000653512775898, 0.000290596246487, 0.000354816525942, 0.00019348479691, 0.00026830486604, 0.000220329020522, 0.000268868112471, 0.000151381624164, 0.000281349522993, 6.7937093263e-005, 1.76777830347e-005, 1.95712200366e-005, 1.69896920852e-005, 5.36119569006e-006, 3.97829307985e-006, 3.11713506562e-006, 3.21491779687e-006, 3.17201534017e-006, 2.58854765889e-006, 2.34973754232e-006, 2.23740835281e-006, 2.90030789074e-006, 7.75252101448e-006, 4.91614218845e-006, 2.23326310334e-006, 1.94278868548e-006, 1.78330242306e-006, 1.79916230536e-006, 1.63755407812e-006, 1.57394390499e-006, 1.20181903185e-006, 8.92335265235e-007, 9.2187036671e-007, 1.05329104372e-006, 1.43211946124e-006, 2.42264741246e-006, 3.05182106786e-006],
        "var": [0.000370616238797, 0.000141824129969, 7.15697206033e-006, 1.7334500626e-006, 3.26997337652e-007, 7.41822759665e-007, 4.59180370171e-007, 2.93785234362e-007, 1.16008990858e-007, 2.35503719637e-007, 8.11272897749e-008, 2.94943248491e-007, 4.09000193713e-008, 2.93266544382e-009, 5.64462210306e-009, 4.52950832397e-009, 3.78612363683e-010, 1.26711280357e-010, 1.53764168065e-010, 1.25362525916e-010, 1.77305184423e-010, 6.98309882141e-011, 4.76247444259e-011, 5.69302383013e-011, 7.09273750843e-011, 6.26243279456e-010, 2.19750884156e-010, 4.94429809594e-011, 3.61032488627e-011, 3.82714554492e-011, 3.45915067423e-011, 2.80096015826e-011, 2.26773409079e-011, 1.15309055707e-011, 4.892930245e-012, 3.99994230446e-012, 3.77443605884e-012, 1.22091885213e-011, 6.44113998249e-011, 8.97459884186e-011]
    },
    "mfcc": {
        "mean": [-713.62121582, 144.610565186, 73.0920181274, 17.0239391327, 4.79447412491, -3.09647727013, 19.4936714172, 12.9133911133, 16.0559635162, 11.2225351334, 4.11909770966, -1.93858110905, 2.12851285934],
        "cov": [[6995.96044922, -1446.6809082, -1198.20947266, 303.347015381, -385.988586426, -34.008354187, -224.828826904, -107.426773071, -338.080627441, -169.714172363, 44.960357666, -45.0874252319, 53.1870346069], [-1446.6809082, 1372.39770508, 281.349121094, -298.817626953, -77.9173583984, -183.181869507, 137.881790161, 180.931884766, 129.431747437, -11.5992145538, -94.7418441772, 47.9310913086, 53.6441116333], [-1198.20947266, 281.349121094, 838.207763672, -6.29834938049, 126.833831787, 78.3539886475, 158.206298828, 185.754440308, 249.729827881, 107.050498962, 5.27890586853, 46.8690948486, 7.0738120079], [303.347015381, -298.817626953, -6.29834938049, 525.780212402, 236.648956299, 151.447937012, 53.365196228, -44.9016609192, -62.133014679, 113.021835327, 121.286193848, 30.5041313171, 52.8525886536], [-385.988586426, -77.9173583984, 126.833831787, 236.648956299, 649.739562988, 300.786834717, 7.6973528862, -103.90473175, -63.7664680481, 105.72959137, 183.221343994, 135.225967407, 55.0328483582], [-34.008354187, -183.181869507, 78.3539886475, 151.447937012, 300.786834717, 387.022033691, 36.2147293091, -12.1035022736, -1.7152736187, 30.1202335358, 95.1123733521, 94.9950485229, -11.772731781], [-224.828826904, 137.881790161, 158.206298828, 53.365196228, 7.6973528862, 36.2147293091, 277.226074219, 156.065612793, 86.539855957, 24.309753418, -28.0126476288, -43.7473602295, 17.9424705505], [-107.426773071, 180.931884766, 185.754440308, -44.9016609192, -103.90473175, -12.1035022736, 156.065612793, 280.293212891, 151.865646362, 18.6267051697, -87.0938034058, -56.4561004639, -11.5269670486], [-338.080627441, 129.431747437, 249.729827881, -62.133014679, -63.7664680481, -1.7152736187, 86.539855957, 151.865646362, 241.751876831, 38.2188987732, -49.9207077026, -65.520362854, -40.0935020447], [-169.714172363, -11.5992145538, 107.050498962, 113.021835327, 105.72959137, 30.1202335358, 24.309753418, 18.6267051697, 38.2188987732, 152.247848511, 77.9002990723, 23.3938713074, 0.914210140705], [44.960357666, -94.7418441772, 5.27890586853, 121.286193848, 183.221343994, 95.1123733521, -28.0126476288, -87.0938034058, -49.9207077026, 77.9002990723, 160.400726318, 89.3228149414, 15.6094837189], [-45.0874252319, 47.9310913086, 46.8690948486, 30.5041313171, 135.225967407, 94.9950485229, -43.7473602295, -56.4561004639, -65.520362854, 23.3938713074, 89.3228149414, 148.102722168, 38.4476394653], [53.1870346069, 53.6441116333, 7.0738120079, 52.8525886536, 55.0328483582, -11.772731781, 17.9424705505, -11.5269670486, -40.0935020447, 0.914210140705, 15.6094837189, 38.4476394653, 88.8243255615]],
        "icov": [[0.00027827147278, 0.000281432759948, 0.000369773420971, -8.83870234247e-005, 0.00017476339417, 6.42825179966e-005, 8.65303154569e-005, -0.000428701430792, -0.000117669944302, 0.00026495262864, -0.000295366218779, -0.000261751323706, -0.000376955285901], [0.000281432759948, 0.00151360034943, 0.000400347285904, 0.000458945520222, -0.000259131600615, 0.0010424341308, -0.000617109879386, -0.000666262407321, -0.000689461478032, 0.000170438623172, 0.000533694284968, -0.00199311389588, -0.000594725890551], [0.000369773420971, 0.000400347285904, 0.00292068067938, -0.000144602337969, -0.000402070145356, 0.00057945237495, -0.000697327253874, -0.000598813872784, -0.00286344694905, -0.00037989881821, 0.000774199143052, -0.00292562320828, -0.000378983473638], [-8.83870234247e-005, 0.000458945520222, -0.000144602337969, 0.00368770607747, -0.000207531062188, -0.00109721336048, -0.000611147494055, 9.23792176764e-005, 0.00109269714449, -0.00225980649702, -0.00108988338616, 0.00199033343233, -0.00244191614911], [0.00017476339417, -0.000259131600615, -0.000402070145356, -0.000207531062188, 0.00398081261665, -0.00283661275171, 0.000377096817829, 0.000687942840159, 0.000883661035914, -0.00101757037919, -0.00222585187294, 0.00138837099075, -0.00242235092446], [6.42825179966e-005, 0.0010424341308, 0.00057945237495, -0.00109721336048, -0.00283661275171, 0.00687078060582, -0.00159267801791, -0.000907957495656, -0.00200547254644, 0.00251434370875, 0.000742298492696, -0.00573989981785, 0.00423365039751], [8.65303154569e-005, -0.000617109879386, -0.000697327253874, -0.000611147494055, 0.000377096817829, -0.00159267801791, 0.00692557170987, -0.00350153469481, 0.00101414520759, 0.000597163161729, -0.0022099094931, 0.00431978469715, -0.00258787884377], [-0.000428701430792, -0.000666262407321, -0.000598813872784, 9.23792176764e-005, 0.000687942840159, -0.000907957495656, -0.00350153469481, 0.00952625926584, -0.00294700497761, -0.00273286318406, 0.00503009837121, -0.00119786302093, 0.000381232588552], [-0.000117669944302, -0.000689461478032, -0.00286344694905, 0.00109269714449, 0.000883661035914, -0.00200547254644, 0.00101414520759, -0.00294700497761, 0.0112269148231, -0.00200014747679, -0.00159448327031, 0.00644594663754, 0.00124238047283], [0.00026495262864, 0.000170438623172, -0.00037989881821, -0.00225980649702, -0.00101757037919, 0.00251434370875, 0.000597163161729, -0.00273286318406, -0.00200014747679, 0.0135021014139, -0.00730265490711, -3.33755233441e-005, 0.0018577161245], [-0.000295366218779, 0.000533694284968, 0.000774199143052, -0.00108988338616, -0.00222585187294, 0.000742298492696, -0.0022099094931, 0.00503009837121, -0.00159448327031, -0.00730265490711, 0.0201999265701, -0.0100172758102, 0.00315962429158], [-0.000261751323706, -0.00199311389588, -0.00292562320828, 0.00199033343233, 0.00138837099075, -0.00573989981785, 0.00431978469715, -0.00119786302093, 0.00644594663754, -3.33755233441e-005, -0.0100172758102, 0.0217818599194, -0.00699785258621], [-0.000376955285901, -0.000594725890551, -0.000378983473638, -0.00244191614911, -0.00242235092446, 0.00423365039751, -0.00258787884377, 0.000381232588552, 0.00124238047283, 0.0018577161245, 0.00315962429158, -0.00699785258621, 0.018975848332]]
    },
    "spectral_contrast_coeffs": {
        "mean": [-0.661812782288, -0.717448651791, -0.698838055134, -0.820419311523, -0.816591143608, -0.829965353012],
        "var": [0.00556784914806, 0.00475732376799, 0.0103299766779, 0.00265081296675, 0.00169288436882, 0.000968985434156]
    },
    "spectral_contrast_valleys": {
        "mean": [-6.62755823135, -7.02428150177, -8.07346820831, -9.10383605957, -8.87861061096, -10.1954030991],
        "var": [1.04836332798, 0.992229342461, 1.07437777519, 1.30856752396, 1.60326874256, 1.09270787239]
    }
},
"metadata": {
    "audio_properties": {
        "analysis_sample_rate": 44100,
        "bit_rate": 128074,
        "equal_loudness": 0,
        "length": 45.0612258911,
        "lossless": 0,
        "replay_gain": -6.09296798706,
        "sample_rate": 44100,
        "codec": "mp3",
        "downmix": "mix",
        "md5_encoded": "17c71ac7d9c3f04d1d31a8d62b2c6320"
    },
    "tags": {
        "file_name": "1393.mp3"
    },
    "version": {
        "essentia": "2.1-beta2",
        "essentia_git_sha": "v2.1_beta2",
        "extractor": "music 1.0"
    }
},
"rhythm": {
    "beats_count": 135,
    "beats_loudness": {
        "mean": 0.139350876212,
        "var": 0.00746283540502
    },
    "bpm": 178.205871582,
    "bpm_histogram_first_peak_bpm": {
        "mean": 178,
        "var": 0
    },
    "bpm_histogram_first_peak_spread": {
        "mean": 0,
        "var": 0
    },
    "bpm_histogram_first_peak_weight": {
        "mean": 0.447761207819,
        "var": 0
    },
    "bpm_histogram_second_peak_bpm": {
        "mean": 185,
        "var": 0
    },
    "bpm_histogram_second_peak_spread": {
        "mean": 0,
        "var": 0
    },
    "bpm_histogram_second_peak_weight": {
        "mean": 0.447761207819,
        "var": 0
    },
    "danceability": 1.51692962646,
    "onset_rate": 5.47896099091,
    "beats_loudness_band_ratio": {
        "mean": [0.7451364398, 0.110805571079, 0.0772273242474, 0.0573793873191, 0.00932758767158, 0.0476404428482],
        "var": [0.0590858086944, 0.0149289788678, 0.00905098207295, 0.011642367579, 0.000180024348083, 0.00234586745501]
    },
    "beats_position": [0.267029464245, 0.557278871536, 0.882358253002, 1.23065757751, 1.5673469305, 1.90403628349, 2.22911548615, 2.56580495834, 2.90249419212, 3.22757363319, 3.55265307426, 3.90095233917, 4.22603178024, 4.55111122131, 4.88780021667, 5.22448968887, 5.54956912994, 5.88625860214, 6.2229475975, 6.5596370697, 6.8963265419, 7.22140598297, 7.5464849472, 7.89478445053, 8.2198638916, 8.54494285583, 8.87002277374, 9.21832180023, 9.54340076447, 9.8800907135, 10.2167797089, 10.5418596268, 10.8785486221, 11.2152376175, 11.5403175354, 11.8770065308, 12.2136955261, 12.538775444, 12.8638544083, 13.2121543884, 13.5372333527, 13.8623123169, 14.1990022659, 14.5356912613, 14.8723802567, 15.2090702057, 15.5341491699, 15.8824491501, 16.2075271606, 16.5326080322, 16.8576869965, 17.1943759918, 17.5310649872, 17.8561439514, 18.1928348541, 18.5295238495, 18.8546028137, 19.1912918091, 19.5279808044, 19.8646717072, 20.2013607025, 20.5264396667, 20.851518631, 21.1998176575, 21.5248966217, 21.8499774933, 22.1750564575, 22.5117454529, 22.8484344482, 23.1851234436, 23.5218143463, 23.8468933105, 24.1719722748, 24.5086612701, 24.8453502655, 25.1704311371, 25.5071201324, 25.8438091278, 26.168888092, 26.5171871185, 26.8422679901, 27.1673469543, 27.4924259186, 27.8291149139, 28.1658039093, 28.5024929047, 28.8391838074, 29.1642627716, 29.4893417358, 29.8260307312, 30.1627197266, 30.4994106293, 30.8360996246, 31.1611785889, 31.4862575531, 31.8345565796, 32.1596374512, 32.4847145081, 32.8097953796, 33.1580963135, 33.4947853088, 33.8314743042, 34.1565513611, 34.4932403564, 34.8299331665, 35.1550102234, 35.480091095, 35.8283882141, 36.1534690857, 36.4785499573, 36.8152389526, 37.151927948, 37.4770050049, 37.8020858765, 38.1387748718, 38.4754638672, 38.8121528625, 39.1488418579, 39.4739227295, 39.8222198486, 40.1473007202, 40.4723815918, 40.7974586487, 41.1457595825, 41.4708366394, 41.795917511, 42.1326065063, 42.4692955017, 42.8059844971, 43.1426734924, 43.467754364, 43.8044433594, 44.1411323547, 44.4662132263, 44.7912902832]
},
"tonal": {
    "chords_changes_rate": 0.0144032919779,
    "chords_number_rate": 0.00205761310644,
    "chords_strength": {
        "mean": 0.621873676777,
        "var": 0.00500256568193
    },
    "hpcp_entropy": {
        "mean": 1.7122027874,
        "var": 0.381208091974
    },
    "key_strength": 0.596208393574,
    "tuning_diatonic_strength": 0.562919020653,
    "tuning_equal_tempered_deviation": 0.222487747669,
    "tuning_frequency": 434.193115234,
    "tuning_nontempered_energy_ratio": 0.957305133343,
    "hpcp": {
        "mean": [0.402268797159, 0.372249364853, 0.142524018884, 0.0612818337977, 0.0502764880657, 0.0360259525478, 0.0313854105771, 0.043316591531, 0.0879390910268, 0.209737956524, 0.222966581583, 0.0974395871162, 0.0338323265314, 0.0229927264154, 0.0282793175429, 0.0582730397582, 0.0674857273698, 0.037885017693, 0.0238828714937, 0.0251222010702, 0.0303081590682, 0.0814503654838, 0.114420413971, 0.105226635933, 0.0953065901995, 0.0507990717888, 0.0197479892522, 0.0202021989971, 0.0201170686632, 0.0333084017038, 0.108063220978, 0.148598462343, 0.112272001803, 0.110780864954, 0.142791330814, 0.21917720139],
        "var": [0.15382322669, 0.144294127822, 0.0487660057843, 0.0329944193363, 0.0287831854075, 0.0173404477537, 0.0143996719271, 0.022319149226, 0.038088504225, 0.104134693742, 0.108341500163, 0.03713292256, 0.0173433031887, 0.0106094330549, 0.0113926734775, 0.0254427231848, 0.0326538309455, 0.0115253245458, 0.0104779684916, 0.0107893655077, 0.00806617271155, 0.0311418194324, 0.0552071034908, 0.0348936468363, 0.054240886122, 0.0184656754136, 0.00913118105382, 0.0061782267876, 0.00755089288577, 0.0115336216986, 0.0420644395053, 0.0745572522283, 0.0537890307605, 0.0651197358966, 0.0830307900906, 0.093139693141]
    },
    "chords_histogram": [92.9012374878, 6.89300394058, 0, 0, 0, 0, 0, 0, 0, 0, 0, 0, 0, 0, 0, 0, 0.102880656719, 0, 0, 0, 0, 0, 0, 0.102880656719],
    "thpcp": [1, 0.925374686718, 0.35430046916, 0.152340516448, 0.124982319772, 0.0895569175482, 0.0780209898949, 0.107680715621, 0.218607783318, 0.521387577057, 0.554272651672, 0.242225065827, 0.0841037780046, 0.0571576170623, 0.0702995583415, 0.144860953093, 0.167762771249, 0.0941783636808, 0.0593704283237, 0.0624512806535, 0.0753430500627, 0.20247747004, 0.284437716007, 0.261582881212, 0.236922651529, 0.126281410456, 0.0490915253758, 0.0502206459641, 0.0500090196729, 0.0828013569117, 0.268634349108, 0.369400918484, 0.279096961021, 0.275390148163, 0.354964971542, 0.544852614403],
    "chords_key": "A",
    "chords_scale": "minor",
    "key_key": "A",
    "key_scale": "minor"
}
}