{
"lowlevel": {
    "average_loudness": 0.974241614342,
    "barkbands_crest": {
        "mean": 9.19036102295,
        "var": 16.953163147
    },
    "barkbands_flatness_db": {
        "mean": 0.142833128572,
        "var": 0.00372201018035
    },
    "barkbands_kurtosis": {
        "mean": 3.47632312775,
        "var": 44.1062049866
    },
    "barkbands_skewness": {
        "mean": 1.2798666954,
        "var": 1.16002428532
    },
    "barkbands_spread": {
        "mean": 19.5910892487,
        "var": 203.275115967
    },
    "dissonance": {
        "mean": 0.455314964056,
        "var": 0.000768062891439
    },
    "dynamic_complexity": 3.38064217567,
    "erbbands_crest": {
        "mean": 8.81116962433,
        "var": 13.5709571838
    },
    "erbbands_flatness_db": {
        "mean": 0.177182540298,
        "var": 0.00389549904503
    },
    "erbbands_kurtosis": {
        "mean": 0.687353849411,
        "var": 2.89140987396
    },
    "erbbands_skewness": {
        "mean": 0.508546054363,
        "var": 0.334980458021
    },
    "erbbands_spread": {
        "mean": 31.0112400055,
        "var": 346.271392822
    },
    "hfc": {
        "mean": 10.9401159286,
        "var": 239.933105469
    },
    "melbands_crest": {
        "mean": 11.4223680496,
        "var": 22.4776058197
    },
    "melbands_flatness_db": {
        "mean": 0.219792798162,
        "var": 0.00620149308816
    },
    "melbands_kurtosis": {
        "mean": 8.44023227692,
        "var": 176.216369629
    },
    "melbands_skewness": {
        "mean": 1.94272637367,
        "var": 1.85422575474
    },
    "melbands_spread": {
        "mean": 20.5443611145,
        "var": 175.228637695
    },
    "pitch_salience": {
        "mean": 0.586789667606,
        "var": 0.0117876147851
    },
    "silence_rate_20dB": {
        "mean": 1,
        "var": 0
    },
    "silence_rate_30dB": {
        "mean": 0.952626168728,
        "var": 0.045128826052
    },
    "silence_rate_60dB": {
        "mean": 0.0581874363124,
        "var": 0.0548025965691
    },
    "spectral_centroid": {
        "mean": 995.63470459,
        "var": 317416.5625
    },
    "spectral_complexity": {
        "mean": 14.1719875336,
        "var": 47.5126190186
    },
    "spectral_decrease": {
        "mean": -5.47724487987e-009,
        "var": 9.91655551192e-017
    },
    "spectral_energy": {
        "mean": 0.0216646753252,
        "var": 0.00148716277909
    },
    "spectral_energyband_high": {
        "mean": 0.000366356456652,
        "var": 5.59971965686e-007
    },
    "spectral_energyband_low": {
        "mean": 0.00858819764107,
        "var": 0.000631347298622
    },
    "spectral_energyband_middle_high": {
        "mean": 0.0029411201831,
        "var": 1.46799229697e-005
    },
    "spectral_energyband_middle_low": {
        "mean": 0.0107996957377,
        "var": 0.000454673281638
    },
    "spectral_entropy": {
        "mean": 7.34280490875,
        "var": 0.308199465275
    },
    "spectral_flux": {
        "mean": 0.0800040513277,
        "var": 0.007508889772
    },
    "spectral_kurtosis": {
        "mean": 10.7657155991,
        "var": 106.9243927
    },
    "spectral_rms": {
        "mean": 0.0037457367871,
        "var": 7.10572658136e-006
    },
    "spectral_rolloff": {
        "mean": 1429.28869629,
        "var": 2362646.75
    },
    "spectral_skewness": {
        "mean": 2.31514143944,
        "var": 0.873386204243
    },
    "spectral_spread": {
        "mean": 4474790,
        "var": 6.13303084646e+012
    },
    "spectral_strongpeak": {
        "mean": 0.661144018173,
        "var": 0.301367044449
    },
    "zerocrossingrate": {
        "mean": 0.059580873698,
        "var": 0.0016878437018
    },
    "barkbands": {
        "mean": [0.000177716196049, 0.00547947920859, 0.00208593765274, 0.00201162300073, 0.00383042730391, 0.0023152497597, 0.000952749396674, 0.000486612581881, 0.00087424000958, 0.00106614467222, 0.000347439665347, 0.000375541276298, 0.000312297110213, 0.000129613894387, 0.000242696260102, 0.000181614290341, 0.000251314835623, 0.000114889226097, 4.13154957641e-005, 5.50488912268e-005, 6.88309446559e-005, 7.97112297732e-005, 4.96820939588e-005, 4.1276045522e-005, 5.07254626427e-005, 4.18023591919e-005, 6.9528084623e-007],
        "var": [7.34463441177e-008, 0.000295529927826, 7.19857998774e-005, 5.12245751452e-005, 0.000126155966427, 1.07583346107e-005, 3.58158376912e-006, 9.64134187598e-007, 1.61010268585e-006, 2.23225447371e-006, 1.95686027382e-007, 1.78959666641e-007, 3.08930253823e-007, 6.10745871654e-008, 2.24349307132e-007, 3.70685029338e-007, 4.14836506479e-007, 8.20484800101e-008, 1.4829976358e-008, 1.78567205467e-008, 5.0841300947e-008, 4.00272384127e-008, 1.11208899867e-008, 4.67547423e-009, 6.61083987552e-009, 5.29307975228e-009, 1.67488212969e-012]
    },
    "erbbands": {
        "mean": [0.109543330967, 1.38338780403, 2.59594917297, 4.89382410049, 10.8738889694, 12.5055675507, 17.1710529327, 17.422290802, 14.5511550903, 12.949546814, 9.85786628723, 23.0918769836, 22.8682575226, 30.7812232971, 17.1137504578, 15.5050010681, 16.1739749908, 7.10682153702, 13.5139989853, 8.24822044373, 12.3088283539, 13.3659963608, 7.7365694046, 2.85640192032, 1.99041044712, 2.75696468353, 2.38911390305, 3.27039146423, 2.94810295105, 1.92082965374, 1.23984014988, 0.975339472294, 0.664892137051, 0.531129896641, 0.382974147797, 0.261101543903, 0.0545010194182, 0.004830585327, 0.000124483558466, 3.00821466226e-005],
        "var": [0.115757264197, 19.23462677, 88.7229385376, 307.864929199, 1494.1739502, 1151.99707031, 852.493774414, 751.428405762, 847.863342285, 514.410461426, 261.139862061, 1086.6673584, 1238.92675781, 1753.56811523, 427.694366455, 293.165618896, 693.538269043, 90.9612731934, 769.709594727, 320.278411865, 1465.15673828, 1345.21801758, 370.068939209, 55.2156333923, 32.6759490967, 45.3370742798, 47.1729278564, 105.328712463, 61.4332695007, 22.0623111725, 6.75575685501, 2.93660879135, 1.19690382481, 0.752353012562, 0.394165754318, 0.211395636201, 0.00882107112557, 6.58131830278e-005, 3.89031598047e-008, 2.16359263838e-009]
    },
    "gfcc": {
        "mean": [-44.2547912598, 112.641471863, -112.59009552, 1.70934951305, -56.0205307007, 15.8801689148, -42.1007003784, 10.1794176102, -23.9652423859, 3.28402733803, -15.4796705246, 14.2059841156, -2.75327348709],
        "cov": [[5067.13916016, -2040.50939941, 741.326904297, 855.162780762, -719.311157227, 286.259216309, -287.440979004, 90.1053466797, -288.752929688, 180.441375732, -498.173980713, 25.6494789124, -235.556304932], [-2040.50939941, 2818.62646484, -634.510559082, -642.522033691, 902.518249512, -433.503845215, 193.867935181, -174.066864014, 340.422485352, -382.731079102, 305.034362793, -186.13218689, 116.685829163], [741.326904297, -634.510559082, 633.259521484, 290.336761475, -157.277587891, 233.030319214, -14.4487571716, 71.5893249512, -88.7176437378, 114.333328247, -124.83430481, 14.2764816284, -68.0643005371], [855.162780762, -642.522033691, 290.336761475, 616.825805664, -233.779815674, 133.695999146, 74.6216430664, -3.49581241608, -25.3432750702, 61.8131027222, -55.6745910645, -36.0618972778, -19.8977775574], [-719.311157227, 902.518249512, -157.277587891, -233.779815674, 459.561309814, -105.748794556, 65.9749755859, -7.40685558319, 104.215011597, -123.051834106, 77.2526321411, -40.2609786987, 43.4501724243], [286.259216309, -433.503845215, 233.030319214, 133.695999146, -105.748794556, 231.135223389, 29.9128684998, 59.7132034302, -36.0103759766, 78.0113525391, -48.9736747742, 41.0221405029, -14.741232872], [-287.440979004, 193.867935181, -14.4487571716, 74.6216430664, 65.9749755859, 29.9128684998, 154.461959839, 10.6493062973, 48.3853263855, -23.0117607117, 51.1952285767, -22.9541053772, 29.1589794159], [90.1053466797, -174.066864014, 71.5893249512, -3.49581241608, -7.40685558319, 59.7132034302, 10.6493062973, 109.618240356, 0.178346142173, 33.4245872498, -33.0482521057, 21.3412780762, -18.0512580872], [-288.752929688, 340.422485352, -88.7176437378, -25.3432750702, 104.215011597, -36.0103759766, 48.3853263855, 0.178346142173, 126.244194031, -12.8631124496, 59.9672698975, -25.0642147064, 20.8082046509], [180.441375732, -382.731079102, 114.333328247, 61.8131027222, -123.051834106, 78.0113525391, -23.0117607117, 33.4245872498, -12.8631124496, 144.184112549, -1.96913802624, 41.574798584, -8.76911449432], [-498.173980713, 305.034362793, -124.83430481, -55.6745910645, 77.2526321411, -48.9736747742, 51.1952285767, -33.0482521057, 59.9672698975, -1.96913802624, 144.050888062, 16.5244998932, 51.4327964783], [25.6494789124, -186.13218689, 14.2764816284, -36.0618972778, -40.2609786987, 41.0221405029, -22.9541053772, 21.3412780762, -25.0642147064, 41.574798584, 16.5244998932, 92.0015029907, 26.3881988525], [-235.556304932, 116.685829163, -68.0643005371, -19.8977775574, 43.4501724243, -14.741232872, 29.1589794159, -18.0512580872, 20.8082046509, -8.76911449432, 51.4327964783, 26.3881988525, 73.4828567505]],
        "icov": [[0.000509853940457, -0.000356695934897, 0.000139694049722, -0.000958659627941, 0.000342863291735, -6.13733136561e-005, 0.000846553419251, -0.000303616165183, 0.000411078566685, -0.000383174978197, 0.00139521132223, -0.000953746435698, 0.000648862856906], [-0.000356695934897, 0.00445288000628, -0.0013341656886, 0.00356114702299, -0.00351128075272, 0.00177888886537, -0.00277535314672, 0.00383131951094, -0.0052275727503, 0.00476145930588, -0.00412213616073, 0.00412474572659, -0.000557765422855], [0.000139694049722, -0.0013341656886, 0.00414602598175, -0.00249011488631, -0.000120643584523, -0.00300967250951, 0.00160916289315, -0.0014468516456, 0.0030961248558, -0.00312417559326, 0.00223447429016, -0.000977423624136, 0.00174347404391], [-0.000958659627941, 0.00356114702299, -0.00249011488631, 0.00709863658994, -0.000997399212793, 0.00123981561046, -0.00514017930254, 0.00407157326117, -0.00505598587915, 0.00399968354031, -0.00417262688279, 0.00569142447785, -0.00244816881604], [0.000342863291735, -0.00351128075272, -0.000120643584523, -0.000997399212793, 0.00771655188873, -0.000705979764462, 0.00118927389849, -0.00392858823761, 0.00150026171468, -0.000456718262285, 0.00251464545727, -0.00212896382436, -0.00132333207875], [-6.13733136561e-005, 0.00177888886537, -0.00300967250951, 0.00123981561046, -0.000705979764462, 0.0106098568067, -0.00501203304157, 0.000347554014297, -0.00225277920254, -5.47259196537e-006, 0.000957738317084, -0.00259841931984, 4.65952361992e-005], [0.000846553419251, -0.00277535314672, 0.00160916289315, -0.00514017930254, 0.00118927389849, -0.00501203304157, 0.0153596801683, -0.00605132058263, 0.00259087909944, -0.000348368281266, -0.00136063934769, 0.00170173123479, -0.00250467984006], [-0.000303616165183, 0.00383131951094, -0.0014468516456, 0.00407157326117, -0.00392858823761, 0.000347554014297, -0.00605132058263, 0.0175742190331, -0.00703839538619, 0.0014610827202, 0.00142576196231, -0.00166598963551, 0.00358404079452], [0.000411078566685, -0.0052275727503, 0.0030961248558, -0.00505598587915, 0.00150026171468, -0.00225277920254, 0.00259087909944, -0.00703839538619, 0.020083906129, -0.00831875950098, 0.000689042324666, -7.30897081667e-005, -0.000114516369649], [-0.000383174978197, 0.00476145930588, -0.00312417559326, 0.00399968354031, -0.000456718262285, -5.47259196537e-006, -0.000348368281266, 0.0014610827202, -0.00831875950098, 0.0185777489096, -0.0083243381232, 0.00205218186602, -0.000171719759237], [0.00139521132223, -0.00412213616073, 0.00223447429016, -0.00417262688279, 0.00251464545727, 0.000957738317084, -0.00136063934769, 0.00142576196231, 0.000689042324666, -0.0083243381232, 0.0218191053718, -0.0103342765942, -0.00119583925698], [-0.000953746435698, 0.00412474572659, -0.000977423624136, 0.00569142447785, -0.00212896382436, -0.00259841931984, 0.00170173123479, -0.00166598963551, -7.30897081667e-005, 0.00205218186602, -0.0103342765942, 0.027125408873, -0.0115603646263], [0.000648862856906, -0.000557765422855, 0.00174347404391, -0.00244816881604, -0.00132333207875, 4.65952361992e-005, -0.00250467984006, 0.00358404079452, -0.000114516369649, -0.000171719759237, -0.00119583925698, -0.0115603646263, 0.0251927897334]]
    },
    "melbands": {
        "mean": [0.00132161658257, 0.00160676368978, 0.0010373822879, 0.000864824047312, 0.000581820029765, 0.000397942960262, 0.00021961829043, 0.000137625189382, 8.81312880665e-005, 0.000141493597766, 0.000111931316496, 0.000129354360979, 4.74811276945e-005, 4.52981184935e-005, 4.61276067654e-005, 2.26880401897e-005, 1.26033246488e-005, 2.05993328564e-005, 1.43280885823e-005, 1.03579332063e-005, 1.54195004143e-005, 1.47154933074e-005, 1.09749762487e-005, 4.00742783313e-006, 2.09968175113e-006, 1.38805467031e-006, 1.54783265316e-006, 1.90005607692e-006, 1.42993383179e-006, 1.51311826357e-006, 2.08868596019e-006, 1.85149963272e-006, 1.19106698548e-006, 1.01137914044e-006, 6.75233934544e-007, 7.18071703432e-007, 5.59614761642e-007, 4.49715372497e-007, 4.76743764466e-007, 4.34261608007e-007],
        "var": [1.65155815921e-005, 2.70075815934e-005, 1.28866968225e-005, 7.17604325473e-006, 1.06830918867e-006, 3.52587960606e-007, 1.9112253824e-007, 6.09478831848e-008, 2.01277163825e-008, 4.03467623755e-008, 3.12601962094e-008, 3.38398713495e-008, 3.49101880737e-009, 2.36179764634e-009, 4.15332968018e-009, 1.2619377765e-009, 3.60627749885e-010, 1.81268033916e-009, 7.782107736e-010, 8.3117734917e-010, 2.35166175422e-009, 1.7265158192e-009, 7.91496423957e-010, 1.24444565763e-010, 3.27577374948e-011, 1.73359052807e-011, 1.69029200359e-011, 2.16601545727e-011, 1.71494693446e-011, 1.98546144803e-011, 4.4414479039e-011, 2.17101354255e-011, 1.13287382947e-011, 5.72674459937e-012, 2.18430113406e-012, 1.9115412378e-012, 9.08113970306e-013, 5.53040903004e-013, 6.82848797038e-013, 5.1320932096e-013]
    },
    "mfcc": {
        "mean": [-693.356201172, 155.681381226, -1.84884166718, -1.91691851616, 3.82018327713, 1.55998408794, -5.36087846756, 4.83539915085, 1.58093047142, -8.73876285553, -5.17925882339, 2.37496447563, 0.618541300297],
        "cov": [[4292.03515625, -2181.890625, 954.689025879, 405.043121338, -233.534881592, 155.741867065, -137.161010742, -71.1505432129, 75.1997299194, -22.9699211121, -42.95262146, -80.0358047485, -125.094360352], [-2181.890625, 3021.86132813, -1108.86975098, -217.607192993, 428.59677124, -190.919815063, -39.3978538513, 130.674606323, -49.4517173767, -24.139957428, 42.8386878967, 7.41026496887, -26.0596446991], [954.689025879, -1108.86975098, 793.583068848, 156.443008423, -108.906608582, 173.704833984, 64.9978637695, -17.6734352112, 57.0697860718, 37.0042991638, 21.7687511444, 27.2129020691, -5.34365606308], [405.043121338, -217.607192993, 156.443008423, 319.456939697, -14.8239421844, 73.6464080811, 29.5432682037, 8.16198062897, 18.3339538574, 39.0452804565, -4.30909395218, 3.81007218361, -1.98375058174], [-233.534881592, 428.59677124, -108.906608582, -14.8239421844, 194.121704102, -3.17353081703, 7.39508724213, 38.0158042908, 25.8436355591, -6.49644088745, 11.0388221741, -0.3536195755, -6.86427211761], [155.741867065, -190.919815063, 173.704833984, 73.6464080811, -3.17353081703, 144.296829224, 46.0550689697, 14.1062841415, 28.3131084442, 25.2772827148, 0.531184792519, 14.5757360458, 15.7964506149], [-137.161010742, -39.3978538513, 64.9978637695, 29.5432682037, 7.39508724213, 46.0550689697, 116.536697388, 39.6586914063, 24.2741107941, 9.59790039063, -1.83901011944, 12.9946870804, 18.128988266], [-71.1505432129, 130.674606323, -17.6734352112, 8.16198062897, 38.0158042908, 14.1062841415, 39.6586914063, 105.89730835, 41.9147377014, 0.355484902859, 2.80017709732, 9.19992637634, -4.68824768066], [75.1997299194, -49.4517173767, 57.0697860718, 18.3339538574, 25.8436355591, 28.3131084442, 24.2741107941, 41.9147377014, 93.3244247437, 24.9101734161, 14.6450185776, 3.80880117416, -3.00400233269], [-22.9699211121, -24.139957428, 37.0042991638, 39.0452804565, -6.49644088745, 25.2772827148, 9.59790039063, 0.355484902859, 24.9101734161, 71.279258728, 26.6390342712, 10.0857343674, 4.06425523758], [-42.95262146, 42.8386878967, 21.7687511444, -4.30909395218, 11.0388221741, 0.531184792519, -1.83901011944, 2.80017709732, 14.6450185776, 26.6390342712, 69.238067627, 25.3175506592, 2.10500645638], [-80.0358047485, 7.41026496887, 27.2129020691, 3.81007218361, -0.3536195755, 14.5757360458, 12.9946870804, 9.19992637634, 3.80880117416, 10.0857343674, 25.3175506592, 58.7431907654, 26.7273006439], [-125.094360352, -26.0596446991, -5.34365606308, -1.98375058174, -6.86427211761, 15.7964506149, 18.128988266, -4.68824768066, -3.00400233269, 4.06425523758, 2.10500645638, 26.7273006439, 71.2219161987]],
        "icov": [[0.000546495837625, 0.000326586479787, -0.000191524013644, -0.000499495887198, -0.000117576484627, -0.000124557147501, 0.000993640278466, -0.000234881910728, -0.000275680504274, 0.00060966500314, -9.87360981526e-005, 0.00034211637103, 0.000627104425803], [0.000326586479787, 0.00129683222622, 0.00123450346291, -0.000185169352335, -0.00166615925264, -0.000320323306369, 0.000429006468039, -0.00086624128744, 0.000724478857592, -8.67229464347e-005, -0.000693399866577, -0.00039470786578, 0.00108394760173], [-0.000191524013644, 0.00123450346291, 0.00392446154729, -0.00019635623903, -0.000657482305542, -0.00249990727752, -0.00114758056588, 0.000330182170728, -0.000135460737511, 0.00015430917847, -0.00155502324924, -0.00158631650265, 0.00183594878763], [-0.000499495887198, -0.000185169352335, -0.00019635623903, 0.00435753213242, -0.000175746579771, -0.000988999148831, -0.00104948121589, -0.000209350080695, 0.000835317943711, -0.00269732158631, 0.00116184283979, -0.000395169481635, -7.95497981017e-005], [-0.000117576484627, -0.00166615925264, -0.000657482305542, -0.000175746579771, 0.0088096158579, -0.000799946195912, -0.000137418406666, -2.42887581408e-005, -0.00301059219055, 0.00217396393418, -0.000803442904726, 0.00100946810562, -0.000416625291109], [-0.000124557147501, -0.000320323306369, -0.00249990727752, -0.000988999148831, -0.000799946195912, 0.0118196392432, -0.00228610541672, -0.000279861822492, -0.000694222515449, -0.00265882979147, 0.0023409218993, -0.00072901963722, -0.00235936325043], [0.000993640278466, 0.000429006468039, -0.00114758056588, -0.00104948121589, -0.000137418406666, -0.00228610541672, 0.0136268725619, -0.00454163132235, -0.000828388088848, 0.000541667453945, 0.0010856873123, 0.000454041437479, -0.00175523071084], [-0.000234881910728, -0.00086624128744, 0.000330182170728, -0.000209350080695, -2.42887581408e-005, -0.000279861822492, -0.00454163132235, 0.0150963263586, -0.00655113579705, 0.00240791146643, 0.00107388244942, -0.00310065620579, 0.00221705622971], [-0.000275680504274, 0.000724478857592, -0.000135460737511, 0.000835317943711, -0.00301059219055, -0.000694222515449, -0.000828388088848, -0.00655113579705, 0.0171718169004, -0.00565244350582, -0.00182757142466, 0.00157344853505, -5.2200484788e-005], [0.00060966500314, -8.67229464347e-005, 0.00015430917847, -0.00269732158631, 0.00217396393418, -0.00265882979147, 0.000541667453945, 0.00240791146643, -0.00565244350582, 0.0213001985103, -0.00756694516167, 0.0010062957881, 0.000187508310773], [-9.87360981526e-005, -0.000693399866577, -0.00155502324924, 0.00116184283979, -0.000803442904726, 0.0023409218993, 0.0010856873123, 0.00107388244942, -0.00182757142466, -0.00756694516167, 0.0221408084035, -0.00938998162746, 0.00191035855096], [0.00034211637103, -0.00039470786578, -0.00158631650265, -0.000395169481635, 0.00100946810562, -0.00072901963722, 0.000454041437479, -0.00310065620579, 0.00157344853505, 0.0010062957881, -0.00938998162746, 0.0270032826811, -0.00958124455065], [0.000627104425803, 0.00108394760173, 0.00183594878763, -7.95497981017e-005, -0.000416625291109, -0.00235936325043, -0.00175523071084, 0.00221705622971, -5.2200484788e-005, 0.000187508310773, 0.00191035855096, -0.00958124455065, 0.0202762354165]]
    },
    "spectral_contrast_coeffs": {
        "mean": [-0.675269782543, -0.719105660915, -0.744512856007, -0.780766487122, -0.777091920376, -0.79284286499],
        "var": [0.00841949973255, 0.00440543377772, 0.00247799465433, 0.00175257690717, 0.00205531273969, 0.00136966689024]
    },
    "spectral_contrast_valleys": {
        "mean": [-7.53682565689, -6.81787443161, -7.27988147736, -7.98954057693, -8.56128883362, -10.884718895],
        "var": [0.8562951684, 0.680724561214, 0.558338940144, 0.518504142761, 1.01199579239, 1.861784935]
    }
},
"metadata": {
    "audio_properties": {
        "analysis_sample_rate": 44100,
        "bit_rate": 128074,
        "equal_loudness": 0,
        "length": 45.0612258911,
        "lossless": 0,
        "replay_gain": -5.56264877319,
        "sample_rate": 44100,
        "codec": "mp3",
        "downmix": "mix",
        "md5_encoded": "0d9e7bc2ea9ad741bccc3d621161aa3d"
    },
    "tags": {
        "file_name": "1394.mp3"
    },
    "version": {
        "essentia": "2.1-beta2",
        "essentia_git_sha": "v2.1_beta2",
        "extractor": "music 1.0"
    }
},
"rhythm": {
    "beats_count": 62,
    "beats_loudness": {
        "mean": 0.0713117644191,
        "var": 0.00459277909249
    },
    "bpm": 83.4381790161,
    "bpm_histogram_first_peak_bpm": {
        "mean": 83,
        "var": 0
    },
    "bpm_histogram_first_peak_spread": {
        "mean": 0.200000017881,
        "var": 0
    },
    "bpm_histogram_first_peak_weight": {
        "mean": 0.786885201931,
        "var": 0
    },
    "bpm_histogram_second_peak_bpm": {
        "mean": 88,
        "var": 0
    },
    "bpm_histogram_second_peak_spread": {
        "mean": 0,
        "var": 0
    },
    "bpm_histogram_second_peak_weight": {
        "mean": 0.0163934417069,
        "var": 0
    },
    "danceability": 1.88504087925,
    "onset_rate": 4.68040800095,
    "beats_loudness_band_ratio": {
        "mean": [0.487482577562, 0.333686023951, 0.13005758822, 0.0856135711074, 0.039784822613, 0.0303909182549],
        "var": [0.0652948766947, 0.0313130505383, 0.0127177834511, 0.00926864799112, 0.00120266445447, 0.000397528347094]
    },
    "beats_position": [0.66176867485, 1.34675729275, 2.0549659729, 2.76317453384, 3.48299312592, 4.17959165573, 4.8994102478, 5.61922883987, 6.33904743195, 7.05886602402, 7.79029464722, 8.52172279358, 9.24154186249, 9.96135997772, 10.6695690155, 11.3777770996, 12.0975961685, 12.8174142838, 13.5488433838, 14.2802715302, 15.0000905991, 15.7199087143, 16.4281177521, 17.1363258362, 17.8561439514, 18.575963974, 19.3073921204, 20.0388202667, 20.758638382, 21.4784584045, 22.1982765198, 22.918094635, 23.6379127502, 24.3577327728, 25.0891609192, 25.8205890656, 26.5404071808, 27.2370071411, 27.9568252563, 28.6766433716, 29.3964614868, 30.1162815094, 30.8477096558, 31.5791378021, 32.2989578247, 33.0187759399, 33.7153739929, 34.4351921082, 35.1550102234, 35.8748283386, 36.6178665161, 37.3376846313, 38.0575065613, 38.7773246765, 39.4739227295, 40.1937408447, 40.91355896, 41.6333770752, 42.3648071289, 43.0962333679, 43.8276634216, 44.5358734131]
},
"tonal": {
    "chords_changes_rate": 0.0483539104462,
    "chords_number_rate": 0.00925925932825,
    "chords_strength": {
        "mean": 0.476354628801,
        "var": 0.0126217827201
    },
    "hpcp_entropy": {
        "mean": 2.14090156555,
        "var": 0.439266473055
    },
    "key_strength": 0.505657196045,
    "tuning_diatonic_strength": 0.380114138126,
    "tuning_equal_tempered_deviation": 0.0664690583944,
    "tuning_frequency": 442.03793335,
    "tuning_nontempered_energy_ratio": 0.661482214928,
    "hpcp": {
        "mean": [0.416344493628, 0.281783223152, 0.143792137504, 0.167182564735, 0.0996458306909, 0.0437796935439, 0.0490624606609, 0.0740066096187, 0.184984564781, 0.331357896328, 0.269727706909, 0.156214654446, 0.144692376256, 0.12974499166, 0.181546360254, 0.247787699103, 0.194922477007, 0.210048004985, 0.34836897254, 0.249418646097, 0.120989263058, 0.182065322995, 0.140294313431, 0.143486633897, 0.282693505287, 0.210332795978, 0.0730209499598, 0.068527251482, 0.0659679323435, 0.144297167659, 0.266879320145, 0.185121387243, 0.0436672642827, 0.0287136137486, 0.0488825179636, 0.221614971757],
        "var": [0.159894585609, 0.0740430280566, 0.0340237542987, 0.0585748851299, 0.0226109679788, 0.00890345498919, 0.00937795825303, 0.0224149245769, 0.0424695722759, 0.0986636579037, 0.0675528794527, 0.0397071801126, 0.0442665591836, 0.0412230603397, 0.0606681630015, 0.0833313092589, 0.0615570805967, 0.0509262643754, 0.155501171947, 0.0900650396943, 0.028034767136, 0.0453720279038, 0.0311929360032, 0.0191605165601, 0.0773926749825, 0.053563747555, 0.0246919803321, 0.0429941788316, 0.0256446693093, 0.0385160334408, 0.0753920972347, 0.0347690731287, 0.00491336546838, 0.00561710167676, 0.011934125796, 0.0547070875764]
    },
    "chords_histogram": [0.617283940315, 10.4938268661, 35.1851844788, 6.37860059738, 2.46913576126, 0, 0, 0, 0, 0, 0, 0, 0, 1.13168728352, 0, 0, 0, 0, 0, 0, 1.74897122383, 32.7160491943, 8.02469158173, 1.23456788063],
    "thpcp": [1, 0.676803052425, 0.345368176699, 0.401548624039, 0.239335045218, 0.105152569711, 0.117841020226, 0.177753299475, 0.444306492805, 0.795874357224, 0.647847414017, 0.375205278397, 0.347530424595, 0.311628937721, 0.436048418283, 0.595150649548, 0.468175947666, 0.50450527668, 0.836732506752, 0.599067986012, 0.290598928928, 0.437294900417, 0.336966902018, 0.344634383917, 0.6789894104, 0.505189359188, 0.175385892391, 0.164592668414, 0.158445551991, 0.346581190825, 0.641005992889, 0.444635123014, 0.104882530868, 0.0689660012722, 0.117408826947, 0.532287478447],
    "chords_key": "F",
    "chords_scale": "major",
    "key_key": "A#",
    "key_scale": "major"
}
}