{
"lowlevel": {
    "average_loudness": 0.959051787853,
    "barkbands_crest": {
        "mean": 10.2560062408,
        "var": 11.4822969437
    },
    "barkbands_flatness_db": {
        "mean": 0.212099164724,
        "var": 0.00228229351342
    },
    "barkbands_kurtosis": {
        "mean": 5.20346403122,
        "var": 15.2676687241
    },
    "barkbands_skewness": {
        "mean": 1.31774616241,
        "var": 0.430591911077
    },
    "barkbands_spread": {
        "mean": 7.47695684433,
        "var": 59.8264045715
    },
    "dissonance": {
        "mean": 0.421794950962,
        "var": 0.0023767829407
    },
    "dynamic_complexity": 1.25452744961,
    "erbbands_crest": {
        "mean": 11.9996137619,
        "var": 17.6151885986
    },
    "erbbands_flatness_db": {
        "mean": 0.26115500927,
        "var": 0.00295024574734
    },
    "erbbands_kurtosis": {
        "mean": 3.83074855804,
        "var": 14.6583604813
    },
    "erbbands_skewness": {
        "mean": 1.36195099354,
        "var": 0.466045111418
    },
    "erbbands_spread": {
        "mean": 15.0784168243,
        "var": 187.189468384
    },
    "hfc": {
        "mean": 20.2351951599,
        "var": 193.281799316
    },
    "melbands_crest": {
        "mean": 12.3435201645,
        "var": 14.7261867523
    },
    "melbands_flatness_db": {
        "mean": 0.288302361965,
        "var": 0.00400570454076
    },
    "melbands_kurtosis": {
        "mean": 6.67514228821,
        "var": 23.8002052307
    },
    "melbands_skewness": {
        "mean": 1.36622464657,
        "var": 0.644320785999
    },
    "melbands_spread": {
        "mean": 9.47829914093,
        "var": 75.0892791748
    },
    "pitch_salience": {
        "mean": 0.61475533247,
        "var": 0.00797737948596
    },
    "silence_rate_20dB": {
        "mean": 1,
        "var": 0
    },
    "silence_rate_30dB": {
        "mean": 1,
        "var": 0
    },
    "silence_rate_60dB": {
        "mean": 0.00154479919001,
        "var": 0.00154241069686
    },
    "spectral_centroid": {
        "mean": 669.055114746,
        "var": 105009.554688
    },
    "spectral_complexity": {
        "mean": 14.7270851135,
        "var": 12.6639165878
    },
    "spectral_decrease": {
        "mean": -8.22960188884e-009,
        "var": 1.15331658682e-017
    },
    "spectral_energy": {
        "mean": 0.0328957997262,
        "var": 0.000180827570148
    },
    "spectral_energyband_high": {
        "mean": 0.000414655311033,
        "var": 2.78351831184e-006
    },
    "spectral_energyband_low": {
        "mean": 0.00204209773801,
        "var": 8.34116690385e-006
    },
    "spectral_energyband_middle_high": {
        "mean": 0.00361694931053,
        "var": 5.24400911672e-006
    },
    "spectral_energyband_middle_low": {
        "mean": 0.028207520023,
        "var": 0.000158089969773
    },
    "spectral_entropy": {
        "mean": 6.59375524521,
        "var": 0.296208560467
    },
    "spectral_flux": {
        "mean": 0.0590282864869,
        "var": 0.000534468214028
    },
    "spectral_kurtosis": {
        "mean": 22.1083106995,
        "var": 327.707214355
    },
    "spectral_rms": {
        "mean": 0.00554829742759,
        "var": 1.3098291447e-006
    },
    "spectral_rolloff": {
        "mean": 908.647277832,
        "var": 1154548.5
    },
    "spectral_skewness": {
        "mean": 3.27573299408,
        "var": 1.90133929253
    },
    "spectral_spread": {
        "mean": 2818560.75,
        "var": 4.15205765939e+012
    },
    "spectral_strongpeak": {
        "mean": 1.81396818161,
        "var": 0.746338069439
    },
    "zerocrossingrate": {
        "mean": 0.0359311625361,
        "var": 0.000636868586298
    },
    "barkbands": {
        "mean": [1.35525451697e-005, 0.000285300018732, 0.000813958933577, 0.00200830493122, 0.00249055679888, 0.00652659032494, 0.00340240239166, 0.00892810150981, 0.00404650857672, 0.00126427656505, 0.00129638647195, 0.000193558793399, 0.000297033431707, 0.000239901361056, 0.00027480526478, 0.000179661001312, 0.000102918798802, 5.34942628292e-005, 4.67233476229e-005, 3.15638862958e-005, 6.44856772851e-005, 0.000120536948089, 7.91465354268e-005, 8.45699105412e-005, 4.25380603701e-005, 8.83633219928e-006, 1.31115015733e-007],
        "var": [4.57098969786e-010, 7.75108901507e-007, 2.03105514629e-006, 1.55480483954e-005, 8.53762685438e-006, 2.30493133131e-005, 4.48531000075e-006, 4.64224467578e-005, 2.65398157353e-005, 1.06850836801e-006, 1.58365708103e-006, 4.39052953993e-008, 1.43088357163e-007, 7.88960150544e-008, 1.53106171297e-007, 6.1488478309e-008, 3.45510038358e-008, 1.01879189529e-008, 9.85822623534e-009, 6.01357941221e-009, 8.54468495959e-008, 4.04922559483e-007, 1.52878016024e-007, 2.34737584037e-007, 4.28976427713e-008, 1.19313237068e-009, 3.46842983479e-014]
    },
    "erbbands": {
        "mean": [0.00558655010536, 0.0817084759474, 0.645609557629, 4.24190855026, 5.61116027832, 8.4588060379, 17.7565994263, 61.3018951416, 75.6734924316, 127.16759491, 135.723266602, 124.461547852, 44.7136611938, 29.8530406952, 48.3960952759, 9.91157436371, 16.0230121613, 13.5203847885, 10.9222249985, 11.1934680939, 9.15427112579, 4.3078827858, 3.12877392769, 2.5848441124, 2.11026763916, 1.44351863861, 2.24428272247, 2.68624591827, 3.93162822723, 4.19282007217, 1.90405535698, 1.980001688, 1.18243026733, 0.597654640675, 0.231265082955, 0.0612457506359, 0.0177752729505, 0.00115862186067, 4.71435414511e-005, 4.00331373385e-005],
        "var": [0.000246315466939, 0.0528259724379, 1.14078450203, 46.5853157043, 279.199249268, 57.9404258728, 313.621185303, 2344.72265625, 2953.18676758, 12854.4121094, 9318.93457031, 22060.5253906, 1234.48522949, 708.101196289, 2275.32714844, 77.2155914307, 415.250732422, 224.315612793, 187.311645508, 197.840911865, 159.522293091, 40.9029121399, 28.5382862091, 32.4794120789, 18.5158309937, 11.0058803558, 82.9192123413, 190.04598999, 494.252929688, 512.550231934, 83.586730957, 132.160217285, 52.8611946106, 13.1874408722, 0.807944774628, 0.0612926073372, 0.00475782668218, 1.07975238279e-005, 7.4306285569e-009, 3.66866398371e-010]
    },
    "gfcc": {
        "mean": [-40.1200866699, 144.638549805, -127.029769897, -22.4193592072, -75.3600616455, -16.572725296, -37.78931427, 1.91703879833, -15.2231864929, 4.50856924057, -17.2960472107, -4.88553142548, -9.61032485962],
        "cov": [[3292.29174805, -1261.07800293, 35.2536697388, 890.373840332, -702.254333496, 617.291137695, -312.357055664, 53.9380340576, -150.066421509, -157.910263062, -176.573989868, -100.809791565, -194.922470093], [-1261.07800293, 1218.04040527, -132.869293213, -562.001464844, 528.881225586, -429.260986328, 199.604675293, -81.8627624512, 88.1186599731, 8.55969238281, 106.242637634, 25.4318771362, 133.868377686], [35.2536697388, -132.869293213, 354.989501953, 108.934623718, -119.582901001, 111.946037292, -22.8796424866, 41.838142395, -35.5532608032, -5.77219581604, -12.6510448456, 18.7707424164, -39.2517662048], [890.373840332, -562.001464844, 108.934623718, 584.486450195, -319.213378906, 240.390411377, -79.9402542114, -7.25248908997, -60.7920265198, -115.341773987, -48.5948753357, -61.5224189758, -123.203117371], [-702.254333496, 528.881225586, -119.582901001, -319.213378906, 440.348358154, -184.41960144, 60.1459617615, 16.9354896545, 64.7582321167, 91.554901123, 50.9246673584, 56.0975723267, 70.8495254517], [617.291137695, -429.260986328, 111.946037292, 240.390411377, -184.41960144, 318.35446167, -97.7407989502, 11.2058029175, -7.56932878494, -34.3870506287, -40.4363555908, -12.8977022171, -63.3779525757], [-312.357055664, 199.604675293, -22.8796424866, -79.9402542114, 60.1459617615, -97.7407989502, 142.717285156, 3.26103854179, -6.98799753189, 21.4830322266, 13.2773733139, -1.93467855453, 22.9433040619], [53.9380340576, -81.8627624512, 41.838142395, -7.25248908997, 16.9354896545, 11.2058029175, 3.26103854179, 101.180023193, 2.09651422501, 41.9618453979, -2.63179349899, 29.6394691467, 9.59102344513], [-150.066421509, 88.1186599731, -35.5532608032, -60.7920265198, 64.7582321167, -7.56932878494, -6.98799753189, 2.09651422501, 122.603370667, 36.281665802, 16.5108737946, 21.0011634827, 24.1684398651], [-157.910263062, 8.55969238281, -5.77219581604, -115.341773987, 91.554901123, -34.3870506287, 21.4830322266, 41.9618453979, 36.281665802, 144.828186035, 16.057434082, 39.7513694763, 36.2036705017], [-176.573989868, 106.242637634, -12.6510448456, -48.5948753357, 50.9246673584, -40.4363555908, 13.2773733139, -2.63179349899, 16.5108737946, 16.057434082, 75.3021850586, 30.4973316193, 15.69028759], [-100.809791565, 25.4318771362, 18.7707424164, -61.5224189758, 56.0975723267, -12.8977022171, -1.93467855453, 29.6394691467, 21.0011634827, 39.7513694763, 30.4973316193, 97.7160110474, 42.7885322571], [-194.922470093, 133.868377686, -39.2517662048, -123.203117371, 70.8495254517, -63.3779525757, 22.9433040619, 9.59102344513, 24.1684398651, 36.2036705017, 15.69028759, 42.7885322571, 95.5236206055]],
        "icov": [[0.0014368473785, -0.00258163874969, 0.00236232369207, -0.0019473368302, 0.00323021621443, -0.0024269935675, 0.00315590458922, -0.00289907166734, 0.00218291091733, -0.00272192712873, 0.00242428504862, -0.00142718001734, 0.00125641666818], [-0.00258163874969, 0.0134291052818, -0.00779181532562, 0.00651650922373, -0.01334910281, 0.00851987954229, -0.0112580340356, 0.0108643481508, -0.00764621747658, 0.0128795895725, -0.00854744482785, 0.00648158928379, -0.00616403482854], [0.00236232369207, -0.00779181532562, 0.00902415439487, -0.00420316820964, 0.00913572404534, -0.00653669377789, 0.00707309413701, -0.00826208852232, 0.00582221196964, -0.00778643321246, 0.00564481550828, -0.00542174885049, 0.00502430275083], [-0.0019473368302, 0.00651650922373, -0.00420316820964, 0.00765124009922, -0.00529477652162, 0.00327629595995, -0.00621480261907, 0.005191818811, -0.0040296097286, 0.00775909097865, -0.00485178316012, 0.0030941630248, -0.000402788398787], [0.00323021621443, -0.01334910281, 0.00913572404534, -0.00529477652162, 0.0182488970459, -0.00801566150039, 0.0116918915883, -0.0119090275839, 0.00712321838364, -0.0136634027585, 0.0083777597174, -0.00771968485788, 0.00721627566963], [-0.0024269935675, 0.00851987954229, -0.00653669377789, 0.00327629595995, -0.00801566150039, 0.0123110432178, -0.0053894831799, 0.00736756529659, -0.00653033982962, 0.00775518640876, -0.00445220340043, 0.00331366900355, -0.00272465636954], [0.00315590458922, -0.0112580340356, 0.00707309413701, -0.00621480261907, 0.0116918915883, -0.0053894831799, 0.0197135061026, -0.0104144681245, 0.00811564177275, -0.0119477622211, 0.00732000451535, -0.00397876277566, 0.00422571739182], [-0.00289907166734, 0.0108643481508, -0.00826208852232, 0.005191818811, -0.0119090275839, 0.00736756529659, -0.0104144681245, 0.0223594773561, -0.00615840498358, 0.00716892862692, -0.00555581785738, 0.00223769946024, -0.00511115463451], [0.00218291091733, -0.00764621747658, 0.00582221196964, -0.0040296097286, 0.00712321838364, -0.00653033982962, 0.00811564177275, -0.00615840498358, 0.0148330805823, -0.00925779435784, 0.00420809397474, -0.00408359803259, 0.0023119407706], [-0.00272192712873, 0.0128795895725, -0.00778643321246, 0.00775909097865, -0.0136634027585, 0.00775518640876, -0.0119477622211, 0.00716892862692, -0.00925779435784, 0.0227505713701, -0.00855878554285, 0.00490166293457, -0.00643670465797], [0.00242428504862, -0.00854744482785, 0.00564481550828, -0.00485178316012, 0.0083777597174, -0.00445220340043, 0.00732000451535, -0.00555581785738, 0.00420809397474, -0.00855878554285, 0.0231174193323, -0.0100224176422, 0.00549063505605], [-0.00142718001734, 0.00648158928379, -0.00542174885049, 0.0030941630248, -0.00771968485788, 0.00331366900355, -0.00397876277566, 0.00223769946024, -0.00408359803259, 0.00490166293457, -0.0100224176422, 0.0205488912761, -0.00996051728725], [0.00125641666818, -0.00616403482854, 0.00502430275083, -0.000402788398787, 0.00721627566963, -0.00272465636954, 0.00422571739182, -0.00511115463451, 0.0023119407706, -0.00643670465797, 0.00549063505605, -0.00996051728725, 0.0209684278816]]
    },
    "melbands": {
        "mean": [6.67134299874e-005, 0.000262039451627, 0.000824870599899, 0.000407514045946, 0.000647552660666, 0.00146795250475, 0.00100937671959, 0.00158941640984, 0.00109647645149, 0.000648356624879, 0.00019370370137, 0.000108235370135, 0.000183084062883, 4.26299484388e-005, 2.52972404269e-005, 2.52694280789e-005, 2.77513991023e-005, 1.39336925713e-005, 2.45839437412e-005, 1.48579292727e-005, 9.61364912655e-006, 5.3787066463e-006, 2.54545307143e-006, 2.82226278614e-006, 2.02962564799e-006, 1.69096688296e-006, 1.34103402161e-006, 8.16371652945e-007, 1.21967229916e-006, 1.64580080764e-006, 1.48326068938e-006, 1.96627138394e-006, 2.83124495581e-006, 2.06895947485e-006, 9.29236080083e-007, 1.17777449304e-006, 1.26077702589e-006, 8.03877071576e-007, 7.5709704106e-007, 4.19145209207e-007],
        "var": [3.92630674639e-008, 2.05553646992e-007, 2.31436320064e-006, 4.53228466313e-007, 3.3943138078e-007, 1.18049069897e-006, 5.270472343e-007, 2.06079562304e-006, 5.45509180938e-007, 6.78283299749e-007, 2.93045214761e-008, 1.11447722162e-008, 3.64174219669e-008, 1.84447512819e-009, 8.4854628879e-010, 1.06601227845e-009, 1.07859876586e-009, 2.6741403536e-010, 1.29976829299e-009, 4.83910522764e-010, 2.08361800036e-010, 9.142829549e-011, 1.8616721012e-011, 2.85884805412e-011, 2.37912033824e-011, 1.47244681725e-011, 7.01228962049e-012, 4.61915618602e-012, 2.54403807048e-011, 5.19605539151e-011, 6.89857962421e-011, 1.51001572357e-010, 2.27377103257e-010, 1.33254934864e-010, 2.14991323355e-011, 3.62048169222e-011, 6.17226755817e-011, 2.40121620504e-011, 3.02801707319e-011, 5.9765629945e-012]
    },
    "mfcc": {
        "mean": [-687.653503418, 192.642486572, -12.7058877945, -2.85346388817, -23.1552200317, -18.1165828705, -20.6324234009, -13.9793434143, -1.01711022854, -0.357695639133, -3.56925177574, -2.13613915443, 1.48467862606],
        "cov": [[3309.17724609, -2052.62744141, 738.662719727, 26.0016994476, -32.7439956665, 278.344696045, -82.0966262817, 229.044036865, -117.081138611, -52.1150016785, 71.1798019409, -80.3358001709, -247.33505249], [-2052.62744141, 2045.51855469, -794.557983398, -22.1781387329, 76.4111785889, -210.983642578, 70.0690841675, -176.032714844, 100.17829895, 34.5437812805, -101.056396484, 13.8641042709, 186.145278931], [738.662719727, -794.557983398, 707.702758789, 9.22060203552, -55.4587020874, 95.8371887207, -17.1988239288, 127.435768127, -70.0099411011, -28.6395702362, 52.2270431519, -31.7880420685, -101.890365601], [26.0016994476, -22.1781387329, 9.22060203552, 227.100463867, -39.0438270569, -30.3835086823, 37.9269638062, 17.9448299408, -16.951128006, -14.3426942825, 14.0748538971, 4.42522478104, -11.2533159256], [-32.7439956665, 76.4111785889, -55.4587020874, -39.0438270569, 198.684127808, 32.6822319031, -30.3111743927, 13.0038356781, 0.581789851189, 15.1536245346, 1.52775526047, 24.1246852875, 30.5935764313], [278.344696045, -210.983642578, 95.8371887207, -30.3835086823, 32.6822319031, 148.023086548, -20.8158512115, 27.8386802673, -10.9565382004, 12.9259634018, 24.6072731018, -3.66005158424, -23.206451416], [-82.0966262817, 70.0690841675, -17.1988239288, 37.9269638062, -30.3111743927, -20.8158512115, 117.630455017, -4.18611526489, -4.1420211792, -6.23644447327, -1.65136706829, 7.31956768036, -2.41699028015], [229.044036865, -176.032714844, 127.435768127, 17.9448299408, 13.0038356781, 27.8386802673, -4.18611526489, 116.284942627, -19.7361621857, -14.2899446487, 2.88321805, -12.5868148804, -11.937048912], [-117.081138611, 100.17829895, -70.0099411011, -16.951128006, 0.581789851189, -10.9565382004, -4.1420211792, -19.7361621857, 109.985389709, 26.8927001953, -8.13794517517, -7.38175010681, 36.1962890625], [-52.1150016785, 34.5437812805, -28.6395702362, -14.3426942825, 15.1536245346, 12.9259634018, -6.23644447327, -14.2899446487, 26.8927001953, 81.8820877075, 4.95635414124, 10.3196706772, 13.283364296], [71.1798019409, -101.056396484, 52.2270431519, 14.0748538971, 1.52775526047, 24.6072731018, -1.65136706829, 2.88321805, -8.13794517517, 4.95635414124, 86.6505355835, 9.45148277283, -17.0336151123], [-80.3358001709, 13.8641042709, -31.7880420685, 4.42522478104, 24.1246852875, -3.66005158424, 7.31956768036, -12.5868148804, -7.38175010681, 10.3196706772, 9.45148277283, 99.5051498413, 31.5244426727], [-247.33505249, 186.145278931, -101.890365601, -11.2533159256, 30.5935764313, -23.206451416, -2.41699028015, -11.937048912, 36.1962890625, 13.283364296, -17.0336151123, 31.5244426727, 124.200935364]],
        "icov": [[0.00092571642017, 0.000915519252885, 0.000277239858406, -8.10546407592e-005, -0.00017327797832, -0.000478790403577, 1.55985326273e-005, -0.000476394750876, 4.39218638348e-005, 0.000135015739943, 0.000351757829776, 0.000472325162264, 0.000500304100569], [0.000915519252885, 0.00194092304446, 0.00112407922279, 1.52595312102e-005, -0.000489923928399, 0.000263660826022, -0.000492752646096, -3.4894052078e-005, 0.000110017870611, -1.15608077067e-006, 0.000617425190285, 0.00100266071968, -0.00020698440494], [0.000277239858406, 0.00112407922279, 0.00303125521168, 0.000272547622444, 0.00051853642799, -0.000361130107194, -0.000122531477246, -0.00193317257799, 0.000636739830952, 8.19381748443e-005, -0.000521640584338, 0.000550341326743, 0.000589884701185], [-8.10546407592e-005, 1.52595312102e-005, 0.000272547622444, 0.00513363908976, 0.000766542216297, 0.00114729453344, -0.0012852747459, -0.00119439337868, 0.000500187743455, 0.000229903278523, -0.00113828270696, -0.000334705022397, 0.00014867138816], [-0.00017327797832, -0.000489923928399, 0.00051853642799, 0.000766542216297, 0.00640567438677, -0.00148480478674, 0.00138603686355, -0.00160129670985, 0.000603243417572, -0.000559256994165, -0.000412772176787, -0.00142202316783, -0.000909846683498], [-0.000478790403577, 0.000263660826022, -0.000361130107194, 0.00114729453344, -0.00148480478674, 0.00949725974351, 0.000245571223786, -0.000597549369559, 0.000248036609264, -0.00171801564284, -0.00175501569174, 0.000279488653177, 0.000346503977198], [1.55985326273e-005, -0.000492752646096, -0.000122531477246, -0.0012852747459, 0.00138603686355, 0.000245571223786, 0.00970453023911, -0.000308980146656, 0.000140308300615, 0.000337700388627, 5.17328116985e-005, -0.00121786561795, 0.000655429961625], [-0.000476394750876, -3.4894052078e-005, -0.00193317257799, -0.00119439337868, -0.00160129670985, -0.000597549369559, -0.000308980146656, 0.0123090688139, 0.000687801046297, 0.00115172658116, 0.00101581716444, 0.00136311084498, -0.00166101544164], [4.39218638348e-005, 0.000110017870611, 0.000636739830952, 0.000500187743455, 0.000603243417572, 0.000248036609264, 0.000140308300615, 0.000687801046297, 0.0116996541619, -0.00334553373978, -7.43327036616e-005, 0.00237951707095, -0.00320917530917], [0.000135015739943, -1.15608077067e-006, 8.19381748443e-005, 0.000229903278523, -0.000559256994165, -0.00171801564284, 0.000337700388627, 0.00115172658116, -0.00334553373978, 0.0142836077139, -0.000722500379197, -0.00133624987211, -1.98907346203e-005], [0.000351757829776, 0.000617425190285, -0.000521640584338, -0.00113828270696, -0.000412772176787, -0.00175501569174, 5.17328116985e-005, 0.00101581716444, -7.43327036616e-005, -0.000722500379197, 0.0134095959365, -0.00140954786912, 0.00141222740058], [0.000472325162264, 0.00100266071968, 0.000550341326743, -0.000334705022397, -0.00142202316783, 0.000279488653177, -0.00121786561795, 0.00136311084498, 0.00237951707095, -0.00133624987211, -0.00140954786912, 0.0126871336251, -0.00359526835382], [0.000500304100569, -0.00020698440494, 0.000589884701185, 0.00014867138816, -0.000909846683498, 0.000346503977198, 0.000655429961625, -0.00166101544164, -0.00320917530917, -1.98907346203e-005, 0.00141222740058, -0.00359526835382, 0.0120409745723]]
    },
    "spectral_contrast_coeffs": {
        "mean": [-0.565929472446, -0.66226375103, -0.693767309189, -0.73538005352, -0.780548274517, -0.769258320332],
        "var": [0.00745011493564, 0.00285070785321, 0.00206446135417, 0.00309908972122, 0.00112004403491, 0.00178125419188]
    },
    "spectral_contrast_valleys": {
        "mean": [-8.10582637787, -5.82912397385, -7.12539720535, -8.25865459442, -8.70054626465, -11.469455719],
        "var": [0.490136325359, 0.394310861826, 0.487789183855, 0.407527118921, 0.797633528709, 1.44237267971]
    }
},
"metadata": {
    "audio_properties": {
        "analysis_sample_rate": 44100,
        "bit_rate": 128074,
        "equal_loudness": 0,
        "length": 45.0612258911,
        "lossless": 0,
        "replay_gain": -5.46000480652,
        "sample_rate": 44100,
        "codec": "mp3",
        "downmix": "mix",
        "md5_encoded": "ce94f3800a46ec7c559b9f111ea377e2"
    },
    "tags": {
        "file_name": "1395.mp3"
    },
    "version": {
        "essentia": "2.1-beta2",
        "essentia_git_sha": "v2.1_beta2",
        "extractor": "music 1.0"
    }
},
"rhythm": {
    "beats_count": 89,
    "beats_loudness": {
        "mean": 0.0380435027182,
        "var": 0.000189656115253
    },
    "bpm": 120.055236816,
    "bpm_histogram_first_peak_bpm": {
        "mean": 120,
        "var": 0
    },
    "bpm_histogram_first_peak_spread": {
        "mean": 0.263157904148,
        "var": 0
    },
    "bpm_histogram_first_peak_weight": {
        "mean": 0.636363625526,
        "var": 0
    },
    "bpm_histogram_second_peak_bpm": {
        "mean": 126,
        "var": 0
    },
    "bpm_histogram_second_peak_spread": {
        "mean": 0,
        "var": 0
    },
    "bpm_histogram_second_peak_weight": {
        "mean": 0.0681818202138,
        "var": 0
    },
    "danceability": 1.02827990055,
    "onset_rate": 2.59529709816,
    "beats_loudness_band_ratio": {
        "mean": [0.106116898358, 0.301872372627, 0.582128703594, 0.0932828038931, 0.0226739849895, 0.0173542518169],
        "var": [0.0142445228994, 0.0213456694037, 0.0223551765084, 0.00394424935803, 0.000401528028306, 0.0021080058068]
    },
    "beats_position": [0.46439909935, 0.940408170223, 1.4164172411, 1.89242625237, 2.36843538284, 2.8444442749, 3.32045340538, 3.80807256699, 4.29569149017, 4.78331041336, 5.28253936768, 5.7701587677, 6.26938772202, 6.76861667633, 7.25623559952, 7.75546455383, 8.25469398499, 8.75392246246, 9.25315189362, 9.75238037109, 10.2516098022, 10.7508392334, 11.2384576797, 11.749297142, 12.2485256195, 12.7593650818, 13.2585935593, 13.7578229904, 14.2570514679, 14.756280899, 15.2555103302, 15.7663488388, 16.2655773163, 16.7648067474, 17.2640361786, 17.7632656097, 18.2624931335, 18.7617225647, 19.2609519958, 19.760181427, 20.2594108582, 20.758638382, 21.2578678131, 21.7570972443, 22.2679367065, 22.7671642303, 23.2663936615, 23.7656230927, 24.2648525238, 24.764081955, 25.2516994476, 25.7509288788, 26.2617683411, 26.7726078033, 27.2718353271, 27.7710647583, 28.2702941895, 28.7695236206, 29.2803630829, 29.8840808868, 30.4878005981, 31.079908371, 31.6487979889, 32.2176856995, 32.7401351929, 33.2509727478, 33.7618141174, 34.2610435486, 34.7602729797, 35.2594985962, 35.7587280273, 36.269569397, 36.7687988281, 37.2564163208, 37.755645752, 38.2664833069, 38.7773246765, 39.2765541077, 39.7757797241, 40.2750091553, 40.7742385864, 41.2734680176, 41.7726974487, 42.2719268799, 42.771156311, 43.2703857422, 43.7696151733, 44.2688446045, 44.7680702209]
},
"tonal": {
    "chords_changes_rate": 0.00617283955216,
    "chords_number_rate": 0.00308641977608,
    "chords_strength": {
        "mean": 0.559228122234,
        "var": 0.0029616409447
    },
    "hpcp_entropy": {
        "mean": 1.59276425838,
        "var": 0.235133871436
    },
    "key_strength": 0.849271357059,
    "tuning_diatonic_strength": 0.597802639008,
    "tuning_equal_tempered_deviation": 0.0085241086781,
    "tuning_frequency": 442.03793335,
    "tuning_nontempered_energy_ratio": 0.590354561806,
    "hpcp": {
        "mean": [0.0612048059702, 0.0437681302428, 0.0365490242839, 0.0257310178131, 0.00750196212903, 0.0422469824553, 0.0936916917562, 0.0728549957275, 0.355942904949, 0.673086643219, 0.354805916548, 0.0309444852173, 0.0252945553511, 0.0303480308503, 0.14788775146, 0.273994833231, 0.158941552043, 0.0321644209325, 0.0318946428597, 0.0402923040092, 0.183989435434, 0.347747266293, 0.23478589952, 0.115599445999, 0.12528783083, 0.0713663324714, 0.0240907296538, 0.0139165101573, 0.00999203044921, 0.244753032923, 0.549361646175, 0.323987752199, 0.0194358360022, 0.00955502688885, 0.00868299975991, 0.0369845926762],
        "var": [0.0112847359851, 0.00417458405718, 0.00201445189305, 0.00111383968033, 0.000181622846867, 0.00295539759099, 0.0198958702385, 0.0123768039048, 0.0360970832407, 0.109890706837, 0.037470664829, 0.00817130040377, 0.0080698383972, 0.013693664223, 0.0350443124771, 0.0960953086615, 0.0386617816985, 0.0179886072874, 0.0212023891509, 0.0181807931513, 0.0434702858329, 0.110338941216, 0.0678790956736, 0.0336167775095, 0.0410131402314, 0.0186852999032, 0.0112439785153, 0.0073784138076, 0.00172928161919, 0.0297963377088, 0.119052112103, 0.0468591414392, 0.000861583161168, 0.000412497844081, 0.000334110925905, 0.00366514432244]
    },
    "chords_histogram": [96.9135818481, 0, 0, 0, 0, 0, 0, 0, 0, 0, 0, 0, 0, 0, 0, 0, 0, 1.02880656719, 0, 0, 0, 0, 0, 2.05761313438],
    "thpcp": [1, 0.527132630348, 0.0459740012884, 0.0375799387693, 0.045087851584, 0.219715774059, 0.407072156668, 0.23613832891, 0.0477864481509, 0.0473856404424, 0.0598619878292, 0.273351788521, 0.516645610332, 0.348819732666, 0.171745270491, 0.18613922596, 0.106028445065, 0.0357914231718, 0.0206756591797, 0.0148450881243, 0.363627821207, 0.816182672977, 0.481346279383, 0.028875682503, 0.0141958352178, 0.0129002705216, 0.054947745055, 0.0909315422177, 0.0650260001421, 0.0543006248772, 0.0382283888757, 0.0111456112936, 0.0627660378814, 0.139197081327, 0.108240142465, 0.528821825981],
    "chords_key": "C",
    "chords_scale": "major",
    "key_key": "C",
    "key_scale": "major"
}
}