{
"lowlevel": {
    "average_loudness": 0.949623346329,
    "barkbands_crest": {
        "mean": 12.2005138397,
        "var": 19.1760463715
    },
    "barkbands_flatness_db": {
        "mean": 0.146647915244,
        "var": 0.00567459128797
    },
    "barkbands_kurtosis": {
        "mean": 11.5536317825,
        "var": 250.064758301
    },
    "barkbands_skewness": {
        "mean": 2.51632523537,
        "var": 2.43964362144
    },
    "barkbands_spread": {
        "mean": 23.4008235931,
        "var": 368.165344238
    },
    "dissonance": {
        "mean": 0.454968333244,
        "var": 0.00158938439563
    },
    "dynamic_complexity": 2.49513602257,
    "erbbands_crest": {
        "mean": 10.3391828537,
        "var": 40.7786445618
    },
    "erbbands_flatness_db": {
        "mean": 0.119104512036,
        "var": 0.00265391194262
    },
    "erbbands_kurtosis": {
        "mean": 2.56716227531,
        "var": 57.071937561
    },
    "erbbands_skewness": {
        "mean": 0.898754179478,
        "var": 1.50069093704
    },
    "erbbands_spread": {
        "mean": 53.5742950439,
        "var": 745.419555664
    },
    "hfc": {
        "mean": 20.2222309113,
        "var": 567.233032227
    },
    "melbands_crest": {
        "mean": 17.2146949768,
        "var": 30.677028656
    },
    "melbands_flatness_db": {
        "mean": 0.241521447897,
        "var": 0.00869013275951
    },
    "melbands_kurtosis": {
        "mean": 33.0656967163,
        "var": 1622.49560547
    },
    "melbands_skewness": {
        "mean": 3.90951442719,
        "var": 4.98355722427
    },
    "melbands_spread": {
        "mean": 16.1202411652,
        "var": 259.828033447
    },
    "pitch_salience": {
        "mean": 0.526356697083,
        "var": 0.0136095006019
    },
    "silence_rate_20dB": {
        "mean": 1,
        "var": 0
    },
    "silence_rate_30dB": {
        "mean": 0.985581874847,
        "var": 0.0142102492973
    },
    "silence_rate_60dB": {
        "mean": 0.0283213183284,
        "var": 0.0275195594877
    },
    "spectral_centroid": {
        "mean": 1170.91992188,
        "var": 579636.25
    },
    "spectral_complexity": {
        "mean": 14.9701337814,
        "var": 124.083747864
    },
    "spectral_decrease": {
        "mean": -8.53089954234e-009,
        "var": 4.92822595343e-017
    },
    "spectral_energy": {
        "mean": 0.0340317860246,
        "var": 0.000759488495532
    },
    "spectral_energyband_high": {
        "mean": 0.00138474488631,
        "var": 4.8088636504e-006
    },
    "spectral_energyband_low": {
        "mean": 0.017802990973,
        "var": 0.000336149794748
    },
    "spectral_energyband_middle_high": {
        "mean": 0.00219510751776,
        "var": 1.27810544654e-005
    },
    "spectral_energyband_middle_low": {
        "mean": 0.0145593928173,
        "var": 0.000230811390793
    },
    "spectral_entropy": {
        "mean": 7.59366083145,
        "var": 0.395657837391
    },
    "spectral_flux": {
        "mean": 0.105389997363,
        "var": 0.00355289876461
    },
    "spectral_kurtosis": {
        "mean": 4.6190533638,
        "var": 57.9117889404
    },
    "spectral_rms": {
        "mean": 0.00530856708065,
        "var": 5.02088369103e-006
    },
    "spectral_rolloff": {
        "mean": 1157.5255127,
        "var": 3461805.75
    },
    "spectral_skewness": {
        "mean": 1.61226034164,
        "var": 0.65888184309
    },
    "spectral_spread": {
        "mean": 6180893,
        "var": 3.80207969075e+012
    },
    "spectral_strongpeak": {
        "mean": 0.562423169613,
        "var": 0.399576574564
    },
    "zerocrossingrate": {
        "mean": 0.0645396187901,
        "var": 0.00200455356389
    },
    "barkbands": {
        "mean": [0.000561733439099, 0.010982779786, 0.00441037723795, 0.00337577844039, 0.00412309123203, 0.00384533917531, 0.00173768447712, 0.000644668238238, 0.000702804711182, 0.000386159226764, 0.000310683157295, 0.00020429037977, 0.000179444352398, 0.000148153267219, 0.000140251591802, 0.000132691100589, 0.000156138237799, 0.000174357919605, 0.000299996347167, 0.00027278997004, 0.000340125669027, 0.000254299229709, 0.000183309806744, 0.000135522554046, 0.000162451789947, 0.000137303723022, 2.95764839393e-005],
        "var": [5.01870488279e-007, 0.000111102999654, 8.32299192552e-005, 5.26779767824e-005, 3.71946625819e-005, 3.80267701985e-005, 1.42974631672e-005, 2.69759811999e-006, 2.77336744148e-006, 2.36696928368e-006, 6.86957889684e-007, 3.70434975139e-007, 2.50546264624e-007, 6.10849681948e-008, 6.96035229453e-008, 5.28660777377e-008, 8.68162146617e-008, 1.49216788259e-007, 5.01263002661e-007, 3.66735690704e-007, 4.76597506349e-007, 2.39493971321e-007, 1.05039205778e-007, 4.95363714492e-008, 6.89517847263e-008, 4.07433837779e-008, 2.1703518982e-009]
    },
    "erbbands": {
        "mean": [0.314879983664, 2.45156240463, 5.19430732727, 9.06928920746, 11.6206502914, 13.7424879074, 20.3012599945, 37.8477859497, 23.8556423187, 27.2577037811, 11.1020212173, 16.2593288422, 12.7460756302, 13.6394443512, 10.5662174225, 8.55121517181, 8.0237865448, 7.15081787109, 7.968562603, 7.3680229187, 7.66653680801, 8.95611381531, 8.7188243866, 12.4978189468, 15.7411222458, 13.0923366547, 12.4219961166, 14.0101137161, 9.08929443359, 7.01677083969, 4.9689874649, 3.39781069756, 2.01107382774, 1.65357518196, 1.20317137241, 0.676250100136, 0.207094997168, 0.0838492810726, 0.00260374997742, 9.26998545765e-005],
        "var": [0.109400138259, 6.67134237289, 88.6663970947, 332.613250732, 391.755584717, 538.987548828, 1167.29309082, 4693.94189453, 1741.76330566, 5671.65917969, 528.948852539, 1670.0300293, 1064.23681641, 2831.26123047, 556.296447754, 421.606262207, 342.079437256, 198.965103149, 170.991088867, 182.721588135, 188.726531982, 318.909301758, 387.175476074, 726.818786621, 1527.89770508, 806.412109375, 634.944335938, 809.610290527, 278.051483154, 178.169113159, 72.1536102295, 30.7521762848, 12.1133623123, 8.91660308838, 3.58740901947, 1.04736423492, 0.0961338281631, 0.0150758326054, 1.71882638824e-005, 8.80974848627e-009]
    },
    "gfcc": {
        "mean": [3.38559651375, 72.3712158203, -67.3800430298, 38.3393745422, -52.1686134338, 12.0476350784, -31.8379650116, 8.64354991913, -24.328956604, 12.328412056, -15.5663452148, 10.5244035721, -11.6394500732],
        "cov": [[6392.10839844, -1596.67346191, -522.260437012, 258.811340332, -462.497833252, 51.2664031982, -66.903717041, 210.736526489, -243.321228027, 59.7809181213, -179.378768921, 89.1351699829, -201.645126343], [-1596.67346191, 1682.7199707, 322.834899902, -80.1771392822, 62.5068130493, -128.247695923, 71.2586593628, -179.202072144, 175.362442017, -89.3783798218, 143.361816406, -103.702461243, 114.756729126], [-522.260437012, 322.834899902, 690.090026855, 45.8485069275, -1.37615036964, -92.4233627319, -41.1179161072, -66.4530105591, -34.7202339172, -16.2974205017, -16.0048942566, -29.4973220825, 1.83601570129], [258.811340332, -80.1771392822, 45.8485069275, 420.755157471, -38.816619873, -48.0288696289, 28.4909267426, -104.020851135, -33.2841415405, -60.3263816833, -43.0515899658, -41.1108589172, -16.9656200409], [-462.497833252, 62.5068130493, -1.37615036964, -38.816619873, 266.756134033, 100.907920837, -16.9890232086, -37.889667511, -23.7003765106, -7.18042564392, 0.0494618155062, 10.5198364258, 27.206407547], [51.2664031982, -128.247695923, -92.4233627319, -48.0288696289, 100.907920837, 188.929641724, 44.6884231567, 47.4619102478, -25.4279956818, -11.6858186722, -21.0832386017, 3.7499768734, 3.26891160011], [-66.903717041, 71.2586593628, -41.1179161072, 28.4909267426, -16.9890232086, 44.6884231567, 175.001358032, 36.2558860779, 31.6091060638, -31.8288116455, -24.7645130157, -30.0994243622, -13.9109725952], [210.736526489, -179.202072144, -66.4530105591, -104.020851135, -37.889667511, 47.4619102478, 36.2558860779, 149.378570557, 39.830619812, 39.2829017639, -11.5488882065, 6.9558429718, -26.6525707245], [-243.321228027, 175.362442017, -34.7202339172, -33.2841415405, -23.7003765106, -25.4279956818, 31.6091060638, 39.830619812, 120.701118469, 40.9154815674, 47.0272903442, -22.1916027069, 1.00680232048], [59.7809181213, -89.3783798218, -16.2974205017, -60.3263816833, -7.18042564392, -11.6858186722, -31.8288116455, 39.2829017639, 40.9154815674, 100.334365845, 42.1336669922, 32.4247589111, -10.5681867599], [-179.378768921, 143.361816406, -16.0048942566, -43.0515899658, 0.0494618155062, -21.0832386017, -24.7645130157, -11.5488882065, 47.0272903442, 42.1336669922, 95.6233520508, 39.0733184814, 37.0105743408], [89.1351699829, -103.702461243, -29.4973220825, -41.1108589172, 10.5198364258, 3.7499768734, -30.0994243622, 6.9558429718, -22.1916027069, 32.4247589111, 39.0733184814, 87.540512085, 36.5370521545], [-201.645126343, 114.756729126, 1.83601570129, -16.9656200409, 27.206407547, 3.26891160011, -13.9109725952, -26.6525707245, 1.00680232048, -10.5681867599, 37.0105743408, 36.5370521545, 83.243850708]],
        "icov": [[0.000284897570964, -1.21016619232e-005, 0.000210623838939, -0.000260657659965, 0.000516059750225, -0.000188834674191, 0.000213570499909, -0.000367600063328, 0.000680635683239, -0.000310513423756, 0.000202711802558, -0.000271700759185, 0.000387253792724], [-1.21016619232e-005, 0.00207960023545, -0.000845899281558, 0.00125430093613, -0.000429893989349, 0.000648879562505, -0.00108991097659, 0.00243426859379, -0.00274396291934, 0.00261325179599, -0.00282309483737, 0.00239093368873, -0.00133891089354], [0.000210623838939, -0.000845899281558, 0.00218806276098, -0.000664466584567, 0.000233003171161, 0.000713761895895, 0.000524201605003, -0.00123923947103, 0.00278037996031, -0.00183400383685, 0.0011459068628, 0.000214113912079, 0.000209374979022], [-0.000260657659965, 0.00125430093613, -0.000664466584567, 0.00443344051018, 9.78388416115e-005, 0.000506295124069, -0.00152235641144, 0.00494055403396, -0.00289293867536, 0.00225934386253, -0.000137057737447, 0.0012986662332, -0.000353980693035], [0.000516059750225, -0.000429893989349, 0.000233003171161, 9.78388416115e-005, 0.00711026461795, -0.00492292176932, 0.0015776809305, 0.00276502617635, -0.000128401996335, -0.00172278913669, 0.00289947213605, -0.00202811788768, 0.000259827676928], [-0.000188834674191, 0.000648879562505, 0.000713761895895, 0.000506295124069, -0.00492292176932, 0.0110456580296, -0.0032359752804, -0.00451760319993, 0.00450748670846, 0.000700557837263, -0.00319636519998, 0.00412948522717, -0.00243344996125], [0.000213570499909, -0.00108991097659, 0.000524201605003, -0.00152235641144, 0.0015776809305, -0.0032359752804, 0.00929266028106, -0.00227257609367, -0.00323104020208, 0.00265815365128, 0.00367260002531, -0.00309948343784, 0.00223885336891], [-0.000367600063328, 0.00243426859379, -0.00123923947103, 0.00494055403396, 0.00276502617635, -0.00451760319993, -0.00227257609367, 0.0197765100747, -0.0126455938444, 0.000662545324303, 0.00537364976481, -0.00382323539816, 0.00153987412341], [0.000680635683239, -0.00274396291934, 0.00278037996031, -0.00289293867536, -0.000128401996335, 0.00450748670846, -0.00323104020208, -0.0126455938444, 0.0306036099792, -0.0124477790669, -0.0108247827739, 0.0138745084405, -0.00317068933509], [-0.000310513423756, 0.00261325179599, -0.00183400383685, 0.00225934386253, -0.00172278913669, 0.000700557837263, 0.00265815365128, 0.000662545324303, -0.0124477790669, 0.0256674848497, -0.00795723032206, -0.00735326530412, 0.00751254381612], [0.000202711802558, -0.00282309483737, 0.0011459068628, -0.000137057737447, 0.00289947213605, -0.00319636519998, 0.00367260002531, 0.00537364976481, -0.0108247827739, -0.00795723032206, 0.0323410741985, -0.0158011820167, -0.00248110713437], [-0.000271700759185, 0.00239093368873, 0.000214113912079, 0.0012986662332, -0.00202811788768, 0.00412948522717, -0.00309948343784, -0.00382323539816, 0.0138745084405, -0.00735326530412, -0.0158011820167, 0.0335456207395, -0.0137353958562], [0.000387253792724, -0.00133891089354, 0.000209374979022, -0.000353980693035, 0.000259827676928, -0.00243344996125, 0.00223885336891, 0.00153987412341, -0.00317068933509, 0.00751254381612, -0.00248110713437, -0.0137353958562, 0.0237216707319]]
    },
    "melbands": {
        "mean": [0.00299052498303, 0.0029685322661, 0.00164015684277, 0.000925538770389, 0.000696180039085, 0.000799499975983, 0.000357250508387, 0.000266010523774, 8.73392418725e-005, 0.000101147794339, 6.04686283623e-005, 5.46067130927e-005, 4.00735771109e-005, 2.28664575843e-005, 2.25803978537e-005, 1.50151399794e-005, 1.30772223201e-005, 1.32824825414e-005, 1.01891000668e-005, 9.52503523877e-006, 8.86770158104e-006, 9.03897489479e-006, 8.94870208867e-006, 7.57771249482e-006, 1.01727810033e-005, 1.19897968034e-005, 1.01261639429e-005, 8.41558357934e-006, 7.3998512562e-006, 7.87929093349e-006, 8.45857175591e-006, 5.32152489541e-006, 4.25536609328e-006, 3.70667703464e-006, 2.90079469778e-006, 2.53021744356e-006, 1.88590718153e-006, 1.40595898301e-006, 1.35328900797e-006, 1.34646904826e-006],
        "var": [7.96836593508e-006, 1.68669412233e-005, 9.73862461251e-006, 2.15068666876e-006, 1.17077365758e-006, 1.90958940038e-006, 4.03499996082e-007, 5.17836667768e-007, 4.19922692174e-008, 6.22322104959e-008, 2.68968367578e-008, 5.31206758581e-008, 9.08829811408e-009, 3.98795352297e-009, 5.6285074379e-009, 1.23212506864e-009, 6.15233253232e-010, 4.9980714012e-010, 4.33371616371e-010, 2.77623785072e-010, 2.59258975399e-010, 2.8030947008e-010, 5.67751345937e-010, 2.17121487456e-010, 5.01198915703e-010, 8.59940008091e-010, 7.21110837709e-010, 2.98366220619e-010, 2.14155151945e-010, 3.15964782116e-010, 3.10343389875e-010, 1.06472712591e-010, 5.4759308199e-011, 5.31921243163e-011, 2.55312507247e-011, 1.74886459481e-011, 9.64262870939e-012, 6.45517016576e-012, 5.13274362249e-012, 6.48259267447e-012]
    },
    "mfcc": {
        "mean": [-657.163024902, 112.610343933, 34.7462120056, 35.5058746338, 6.03140068054, 12.1958999634, 2.99824547768, 2.65117383003, -1.07124519348, 1.71510016918, 0.510864436626, 1.43198609352, 2.24802875519],
        "cov": [[6331.90283203, -1787.75244141, -360.768127441, -7.92794418335, -371.232910156, -177.857879639, 35.4127502441, 44.6122894287, 0.339497387409, -33.4719047546, 5.76327180862, -20.5091209412, -19.8164272308], [-1787.75244141, 1541.44726563, 258.049255371, -52.5971946716, 75.2143478394, 18.6158809662, -58.5649719238, -30.624206543, -17.0491676331, 13.5325517654, 15.9683456421, 27.3914718628, 42.0353660583], [-360.768127441, 258.049255371, 570.477355957, 191.684951782, -29.1485748291, -27.895450592, -33.7036514282, -49.643661499, -10.3606042862, -37.2280769348, -32.3906593323, -0.882732331753, -2.78458046913], [-7.92794418335, -52.5971946716, 191.684951782, 360.13760376, -28.0694713593, 58.9805259705, -35.4787521362, -36.1570510864, -27.7019100189, -35.956401825, -47.5299301147, -11.9288673401, -26.3927021027], [-371.232910156, 75.2143478394, -29.1485748291, -28.0694713593, 241.699005127, 67.6533813477, 23.7791595459, -34.7968826294, -28.9058761597, -23.9419593811, -15.231385231, -25.9585647583, -14.2744512558], [-177.857879639, 18.6158809662, -27.895450592, 58.9805259705, 67.6533813477, 157.251434326, 64.1809234619, 23.2176055908, 0.118402183056, -10.1264181137, -21.4424133301, -25.2005386353, -32.0659179688], [35.4127502441, -58.5649719238, -33.7036514282, -35.4787521362, 23.7791595459, 64.1809234619, 103.562179565, 59.296710968, 29.8458003998, -8.62397575378, -14.0222959518, -21.0944747925, -22.5056362152], [44.6122894287, -30.624206543, -49.643661499, -36.1570510864, -34.7968826294, 23.2176055908, 59.296710968, 101.968200684, 51.8023490906, 26.7239360809, 4.15680932999, -9.58074855804, -10.1815013885], [0.339497387409, -17.0491676331, -10.3606042862, -27.7019100189, -28.9058761597, 0.118402183056, 29.8458003998, 51.8023490906, 82.443611145, 35.0951690674, 18.0366230011, 0.812160909176, -11.8365478516], [-33.4719047546, 13.5325517654, -37.2280769348, -35.956401825, -23.9419593811, -10.1264181137, -8.62397575378, 26.7239360809, 35.0951690674, 102.147544861, 45.6036720276, 21.1140823364, 7.08407402039], [5.76327180862, 15.9683456421, -32.3906593323, -47.5299301147, -15.231385231, -21.4424133301, -14.0222959518, 4.15680932999, 18.0366230011, 45.6036720276, 79.4640579224, 36.4828872681, 26.3211727142], [-20.5091209412, 27.3914718628, -0.882732331753, -11.9288673401, -25.9585647583, -25.2005386353, -21.0944747925, -9.58074855804, 0.812160909176, 21.1140823364, 36.4828872681, 67.1675186157, 30.7895946503], [-19.8164272308, 42.0353660583, -2.78458046913, -26.3927021027, -14.2744512558, -32.0659179688, -22.5056362152, -10.1815013885, -11.8365478516, 7.08407402039, 26.3211727142, 30.7895946503, 63.4017448425]],
        "icov": [[0.000267324503511, 0.000269855023362, 7.39685710869e-005, -2.58567342826e-006, 0.000350047601387, 0.000231350742979, -0.000216316679143, 8.76189951668e-005, 0.000204785610549, 0.000103791440779, -0.00015732133761, 0.000165476303664, 5.15013016411e-005], [0.000269855023362, 0.00112205184996, -0.000541997957043, 0.00063291360857, 9.20211823541e-005, -0.000652160379104, 0.00107168150134, -0.000432265049312, 0.000197636836674, 8.67293347255e-005, 2.99090206681e-005, -8.38216074044e-005, -0.000362537364708], [7.39685710869e-005, -0.000541997957043, 0.00282875844277, -0.00188980088569, 0.000271061668172, 0.00183333305176, -0.00187114730943, 0.00162461365107, -0.000816202489659, 0.000269472482614, 0.000208393583307, 0.000228125863941, -7.48214297346e-005], [-2.58567342826e-006, 0.00063291360857, -0.00188980088569, 0.00546492403373, 0.00109106616583, -0.00440631341189, 0.00465351343155, -0.000436982809333, 0.000147505896166, 0.000696042261552, 0.00186270603444, -0.000808516284451, 0.000939394754823], [0.000350047601387, 9.20211823541e-005, 0.000271061668172, 0.00109106616583, 0.00651299254969, -0.00233444129117, -0.00173191772774, 0.00385544332676, 0.000940170430113, 0.000184647273272, -0.000475486769574, 0.00202282960527, 0.000174487169716], [0.000231350742979, -0.000652160379104, 0.00183333305176, -0.00440631341189, -0.00233444129117, 0.0141246737912, -0.0100763011724, 0.000426381157013, 0.00239007477649, -0.00149794644676, -0.00107506732456, 0.000718736380804, 0.0025715935044], [-0.000216316679143, 0.00107168150134, -0.00187114730943, 0.00465351343155, -0.00173191772774, -0.0100763011724, 0.0269392374903, -0.0124771511182, -0.00335464649834, 0.00531202740967, 0.00171109463554, -0.000756424618885, 0.00158682651818], [8.76189951668e-005, -0.000432265049312, 0.00162461365107, -0.000436982809333, 0.00385544332676, 0.000426381157013, -0.0124771511182, 0.0239690411836, -0.00816504843533, -0.00420481152833, 0.00159193750005, 0.00297812721692, -0.00245446106419], [0.000204785610549, 0.000197636836674, -0.000816202489659, 0.000147505896166, 0.000940170430113, 0.00239007477649, -0.00335464649834, -0.00816504843533, 0.0221279449761, -0.00404328433797, -0.00398127408698, -0.000178109999979, 0.0051991827786], [0.000103791440779, 8.67293347255e-005, 0.000269472482614, 0.000696042261552, 0.000184647273272, -0.00149794644676, 0.00531202740967, -0.00420481152833, -0.00404328433797, 0.0163305904716, -0.00715409079567, -0.00132471520919, 0.00180467765313], [-0.00015732133761, 2.99090206681e-005, 0.000208393583307, 0.00186270603444, -0.000475486769574, -0.00107506732456, 0.00171109463554, 0.00159193750005, -0.00398127408698, -0.00715409079567, 0.0239695701748, -0.00792550016195, -0.00511822011322], [0.000165476303664, -8.38216074044e-005, 0.000228125863941, -0.000808516284451, 0.00202282960527, 0.000718736380804, -0.000756424618885, 0.00297812721692, -0.000178109999979, -0.00132471520919, -0.00792550016195, 0.0242638625205, -0.00756873795763], [5.15013016411e-005, -0.000362537364708, -7.48214297346e-005, 0.000939394754823, 0.000174487169716, 0.0025715935044, 0.00158682651818, -0.00245446106419, 0.0051991827786, 0.00180467765313, -0.00511822011322, -0.00756873795763, 0.0244950708002]]
    },
    "spectral_contrast_coeffs": {
        "mean": [-0.678194761276, -0.704757153988, -0.796263933182, -0.814457058907, -0.808741509914, -0.760937869549],
        "var": [0.00546932313591, 0.00865717232227, 0.00310121802613, 0.00180298567284, 0.00178179901559, 0.00218978011981]
    },
    "spectral_contrast_valleys": {
        "mean": [-6.7524805069, -6.9096622467, -7.63777256012, -8.07050704956, -7.7802491188, -9.95691680908],
        "var": [0.630377233028, 0.828858792782, 0.768454968929, 0.749491512775, 1.05639827251, 1.30372190475]
    }
},
"metadata": {
    "audio_properties": {
        "analysis_sample_rate": 44100,
        "bit_rate": 128068,
        "equal_loudness": 0,
        "length": 45.0479812622,
        "lossless": 0,
        "replay_gain": -6.66639900208,
        "sample_rate": 48000,
        "codec": "mp3",
        "downmix": "mix",
        "md5_encoded": "10434a1a870c5c1069a033bb20a3cd57"
    },
    "tags": {
        "file_name": "1396.mp3"
    },
    "version": {
        "essentia": "2.1-beta2",
        "essentia_git_sha": "v2.1_beta2",
        "extractor": "music 1.0"
    }
},
"rhythm": {
    "beats_count": 109,
    "beats_loudness": {
        "mean": 0.0410628095269,
        "var": 0.000598563055974
    },
    "bpm": 143.079284668,
    "bpm_histogram_first_peak_bpm": {
        "mean": 144,
        "var": 0
    },
    "bpm_histogram_first_peak_spread": {
        "mean": 0.164948433638,
        "var": 0
    },
    "bpm_histogram_first_peak_weight": {
        "mean": 0.75,
        "var": 0
    },
    "bpm_histogram_second_peak_bpm": {
        "mean": 191,
        "var": 0
    },
    "bpm_histogram_second_peak_spread": {
        "mean": 0,
        "var": 0
    },
    "bpm_histogram_second_peak_weight": {
        "mean": 0.037037037313,
        "var": 0
    },
    "danceability": 1.26834130287,
    "onset_rate": 7.12226486206,
    "beats_loudness_band_ratio": {
        "mean": [0.513170421124, 0.248654484749, 0.0997857749462, 0.0304409861565, 0.0378393381834, 0.104478150606],
        "var": [0.0632824376225, 0.040121383965, 0.0145511310548, 0.00116371165495, 0.00139874301385, 0.0131707014516]
    },
    "beats_position": [0.359909296036, 0.754648506641, 1.16099774837, 1.57895684242, 1.99691605568, 2.41487526894, 2.83283448219, 3.25079369545, 3.66875267029, 4.09832191467, 4.52789115906, 4.94585037231, 5.36380958557, 5.78176879883, 6.19972801208, 6.6176867485, 7.03564596176, 7.45360517502, 7.87156438828, 8.28952407837, 8.70748329163, 9.13705158234, 9.56662082672, 9.98458003998, 10.4025392532, 10.8204984665, 11.2384576797, 11.656416893, 12.0743761063, 12.4923353195, 12.9102945328, 13.328253746, 13.7462129593, 14.1641721725, 14.5821313858, 15.0000905991, 15.4296598434, 15.8592290878, 16.2771873474, 16.6951465607, 17.1131057739, 17.5310649872, 17.9490242004, 18.3669834137, 18.784942627, 19.2029018402, 19.6208610535, 20.0388202667, 20.45677948, 20.8863487244, 21.3159179688, 21.733877182, 22.1518363953, 22.5697956085, 22.9877548218, 23.405714035, 23.8236732483, 24.2416324615, 24.6595916748, 25.0775508881, 25.4955101013, 25.9134693146, 26.3314285278, 26.7493877411, 27.1789569855, 27.6085262299, 28.0264854431, 28.4444446564, 28.8624038696, 29.2803630829, 29.6983222961, 30.1162815094, 30.5342407227, 30.9521980286, 31.3701572418, 31.7881164551, 32.2060775757, 32.6240348816, 33.053604126, 33.4831733704, 33.901134491, 34.3190917969, 34.7370529175, 35.1550102234, 35.572971344, 35.9909286499, 36.4204978943, 36.8616790771, 37.2099761963, 37.5466651917, 37.8717460632, 38.1968231201, 38.5102958679, 38.823764801, 39.1372337341, 39.4507026672, 39.7757797241, 40.1937408447, 40.6116981506, 41.0296592712, 41.4360084534, 41.8655776978, 42.2835350037, 42.7014961243, 43.1194534302, 43.5374145508, 43.9553718567, 44.3733329773, 44.7912902832]
},
"tonal": {
    "chords_changes_rate": 0.131687238812,
    "chords_number_rate": 0.0123456791043,
    "chords_strength": {
        "mean": 0.406640529633,
        "var": 0.00690427143127
    },
    "hpcp_entropy": {
        "mean": 2.62357258797,
        "var": 0.570531249046
    },
    "key_strength": 0.426181614399,
    "tuning_diatonic_strength": 0.418268412352,
    "tuning_equal_tempered_deviation": 0.189582288265,
    "tuning_frequency": 434.193115234,
    "tuning_nontempered_energy_ratio": 0.862596035004,
    "hpcp": {
        "mean": [0.159064307809, 0.144812181592, 0.108276307583, 0.0894538387656, 0.0974082797766, 0.14770963788, 0.162295535207, 0.119579456747, 0.100968532264, 0.0982815176249, 0.0934990718961, 0.127962216735, 0.185673609376, 0.193436220288, 0.185542181134, 0.202543318272, 0.171867549419, 0.107134647667, 0.0733749419451, 0.066317871213, 0.0738885253668, 0.079652197659, 0.089473284781, 0.209826678038, 0.28935444355, 0.170067667961, 0.0882290229201, 0.0885343402624, 0.0709441080689, 0.079048268497, 0.116241335869, 0.153181880713, 0.175545275211, 0.178117364645, 0.153650209308, 0.139636784792],
        "var": [0.0662946328521, 0.0589170455933, 0.0457054115832, 0.0436195209622, 0.0377171598375, 0.0662737861276, 0.0668297484517, 0.0401303060353, 0.0404197648168, 0.0353711210191, 0.0344278477132, 0.0550267137587, 0.0884325131774, 0.0896814242005, 0.0678895115852, 0.0768134668469, 0.0611958429217, 0.0406970307231, 0.0255401991308, 0.0185059178621, 0.0226812865585, 0.0325738973916, 0.0303448699415, 0.0702186897397, 0.114781364799, 0.0415237694979, 0.0338883809745, 0.0405934713781, 0.0213165543973, 0.0238072481006, 0.046753026545, 0.0715306922793, 0.0712773874402, 0.0688820704818, 0.0582193210721, 0.0551280863583]
    },
    "chords_histogram": [4.73251008987, 5.24691343307, 2.77777767181, 14.1975307465, 3.60082316399, 4.21810722351, 0.411522626877, 0, 0.205761313438, 0, 0, 0, 0, 2.36625504494, 0, 0, 4.52674913406, 10.0823049545, 15.843621254, 2.77777767181, 27.1604938507, 0.720164597034, 0.205761313438, 0.925925910473],
    "thpcp": [1, 0.587748587132, 0.304916769266, 0.305971950293, 0.245180636644, 0.273188382387, 0.401726454496, 0.529391825199, 0.606679022312, 0.615568101406, 0.531010389328, 0.482580393553, 0.549721300602, 0.500466406345, 0.374199569225, 0.309149712324, 0.336640000343, 0.510479927063, 0.56088835001, 0.41326290369, 0.34894412756, 0.339657872915, 0.323129892349, 0.442233473063, 0.641682267189, 0.668509602547, 0.641228020191, 0.699983417988, 0.59396892786, 0.370254039764, 0.253581523895, 0.229192510247, 0.25535646081, 0.275275528431, 0.309216916561, 0.725154519081],
    "chords_key": "C",
    "chords_scale": "minor",
    "key_key": "D",
    "key_scale": "minor"
}
}