{
"lowlevel": {
    "average_loudness": 0.231289535761,
    "barkbands_crest": {
        "mean": 14.1630363464,
        "var": 24.0900611877
    },
    "barkbands_flatness_db": {
        "mean": 0.334761232138,
        "var": 0.00736691523343
    },
    "barkbands_kurtosis": {
        "mean": 12.3023481369,
        "var": 451.789245605
    },
    "barkbands_skewness": {
        "mean": 1.16560876369,
        "var": 4.15452241898
    },
    "barkbands_spread": {
        "mean": 4.15176677704,
        "var": 8.2416601181
    },
    "dissonance": {
        "mean": 0.416762799025,
        "var": 0.00352359144017
    },
    "dynamic_complexity": 4.76464319229,
    "erbbands_crest": {
        "mean": 15.1647071838,
        "var": 26.906835556
    },
    "erbbands_flatness_db": {
        "mean": 0.324291914701,
        "var": 0.00501175550744
    },
    "erbbands_kurtosis": {
        "mean": 14.0166044235,
        "var": 439.413757324
    },
    "erbbands_skewness": {
        "mean": 0.869502305984,
        "var": 3.44324350357
    },
    "erbbands_spread": {
        "mean": 8.48879718781,
        "var": 46.4514083862
    },
    "hfc": {
        "mean": 8.08057308197,
        "var": 111.101158142
    },
    "melbands_crest": {
        "mean": 17.1530971527,
        "var": 30.4166755676
    },
    "melbands_flatness_db": {
        "mean": 0.440055936575,
        "var": 0.0108191147447
    },
    "melbands_kurtosis": {
        "mean": 11.0930128098,
        "var": 293.286743164
    },
    "melbands_skewness": {
        "mean": 1.22832727432,
        "var": 3.70642828941
    },
    "melbands_spread": {
        "mean": 5.78666543961,
        "var": 22.6815509796
    },
    "pitch_salience": {
        "mean": 0.499719440937,
        "var": 0.0257355310023
    },
    "silence_rate_20dB": {
        "mean": 0.984552025795,
        "var": 0.0152092352509
    },
    "silence_rate_30dB": {
        "mean": 0.917610704899,
        "var": 0.0756022185087
    },
    "silence_rate_60dB": {
        "mean": 0.198764160275,
        "var": 0.159257292747
    },
    "spectral_centroid": {
        "mean": 461.016662598,
        "var": 70898.8203125
    },
    "spectral_complexity": {
        "mean": 7.42018556595,
        "var": 7.50519704819
    },
    "spectral_decrease": {
        "mean": -8.99112340136e-009,
        "var": 3.79370969301e-016
    },
    "spectral_energy": {
        "mean": 0.0346673764288,
        "var": 0.00550194270909
    },
    "spectral_energyband_high": {
        "mean": 1.17521558423e-005,
        "var": 8.05861988251e-010
    },
    "spectral_energyband_low": {
        "mean": 0.021887421608,
        "var": 0.00511076347902
    },
    "spectral_energyband_middle_high": {
        "mean": 0.000797495187726,
        "var": 3.56130635737e-006
    },
    "spectral_energyband_middle_low": {
        "mean": 0.0127162504941,
        "var": 0.000351163937012
    },
    "spectral_entropy": {
        "mean": 5.74955940247,
        "var": 0.33319786191
    },
    "spectral_flux": {
        "mean": 0.058234769851,
        "var": 0.00356851518154
    },
    "spectral_kurtosis": {
        "mean": 55.6759262085,
        "var": 3412.41357422
    },
    "spectral_rms": {
        "mean": 0.00442605977878,
        "var": 1.42318058352e-005
    },
    "spectral_rolloff": {
        "mean": 541.778015137,
        "var": 223765.09375
    },
    "spectral_skewness": {
        "mean": 5.62775325775,
        "var": 7.10184431076
    },
    "spectral_spread": {
        "mean": 2270354.25,
        "var": 2.73725050061e+012
    },
    "spectral_strongpeak": {
        "mean": 1.05317258835,
        "var": 0.969358086586
    },
    "zerocrossingrate": {
        "mean": 0.021076804027,
        "var": 0.000208522891626
    },
    "barkbands": {
        "mean": [0.00010506460967, 0.0156179163605, 0.0054457266815, 0.00123601523228, 0.00320494594052, 0.00124264147598, 0.00136793626007, 0.00262059317902, 0.0029890825972, 0.000475213833852, 0.000252846075455, 2.23974493565e-005, 2.66352872131e-005, 2.18266759475e-005, 8.61010175868e-006, 6.22581001153e-006, 5.95249457547e-006, 2.91413721243e-006, 2.41089969677e-006, 1.64608366049e-006, 1.22753942833e-006, 1.54096676397e-006, 2.25661233344e-006, 2.95351514978e-006, 1.96861947188e-006, 8.94817389963e-007, 6.18768325467e-008],
        "var": [2.50476972496e-007, 0.00389789440669, 0.000425452453783, 1.14475014925e-005, 0.000175994151505, 5.99548093305e-006, 1.85348053492e-005, 6.11029390711e-005, 2.45060182351e-005, 1.80937354344e-006, 5.81771530506e-007, 6.46994058329e-009, 1.76245578132e-008, 1.38435112262e-008, 1.30217425731e-009, 1.48087919705e-009, 7.3673572798e-010, 1.43382319906e-010, 1.01608568781e-010, 3.05142022761e-011, 1.39937601437e-011, 1.6284031415e-011, 3.00516694862e-011, 5.70470615191e-011, 2.77039155505e-011, 5.92217854617e-012, 4.1821181121e-014]
    },
    "erbbands": {
        "mean": [0.314471721649, 3.95760703087, 7.47190570831, 4.84110021591, 5.3803358078, 14.6469116211, 8.72954654694, 12.1800479889, 17.8248767853, 25.9097309113, 81.6898803711, 55.6834640503, 21.0877456665, 14.801153183, 5.72484254837, 1.15119767189, 1.18156433105, 0.893854796886, 0.863036870956, 0.368618518114, 0.391388893127, 0.264586687088, 0.159985736012, 0.168367400765, 0.0916619598866, 0.07905562222, 0.0587882138789, 0.045908793807, 0.0550283491611, 0.0593746192753, 0.0650263279676, 0.0631526634097, 0.0473561584949, 0.0271480958909, 0.0113557009026, 0.00449779629707, 0.00151760608424, 0.000283330708044, 2.2382433599e-005, 3.82584003091e-005],
        "var": [2.49803376198, 226.474090576, 670.328491211, 152.916259766, 337.42755127, 4917.66162109, 756.784851074, 788.818481445, 1480.36425781, 5631.546875, 35829.7890625, 8299.77929688, 3549.99438477, 2351.41918945, 218.34513855, 13.5544900894, 34.5346641541, 20.0439872742, 12.49198246, 1.87362885475, 4.85038042068, 1.12980854511, 0.531799674034, 0.459022879601, 0.114265933633, 0.0820545405149, 0.0338803380728, 0.0167713388801, 0.0230985376984, 0.0202149748802, 0.0257889982313, 0.0266914460808, 0.0143073126674, 0.00503688631579, 0.00108527834527, 0.000157620743266, 1.70255261764e-005, 7.67333119711e-007, 1.55283708114e-009, 6.44657394133e-009]
    },
    "gfcc": {
        "mean": [-177.131408691, 169.376083374, -53.1249923706, -22.5377025604, -82.6687774658, 3.32759737968, -21.2750015259, 12.5823707581, -9.97576618195, -7.04498767853, -13.9657688141, -9.8225851059, -7.72133874893],
        "cov": [[6638.36083984, -1692.2376709, -451.711029053, 754.828430176, -421.588470459, 223.698410034, -236.710754395, 323.732330322, -22.6980838776, 75.7260284424, -304.231933594, -53.6014404297, -161.865203857], [-1692.2376709, 2314.99731445, 692.019042969, -17.9754142761, 1081.85302734, -104.735122681, 234.137039185, -493.291046143, 37.5835075378, -195.33026123, 231.334213257, -137.750213623, 157.871505737], [-451.711029053, 692.019042969, 1287.82836914, 177.67930603, 70.5068511963, 178.97543335, 446.969787598, 264.164916992, 364.995117188, 141.500915527, 166.044723511, -56.1686477661, 22.6642532349], [754.828430176, -17.9754142761, 177.67930603, 673.781982422, 408.8465271, 44.4146537781, -52.3646316528, -28.1061668396, -6.04317140579, 41.3168792725, 37.3645629883, 12.6230888367, 0.220691248775], [-421.588470459, 1081.85302734, 70.5068511963, 408.8465271, 1060.39233398, -45.4725418091, -85.4810333252, -437.544006348, -152.104827881, -159.647399902, 85.0095214844, -42.7292823792, 81.05128479], [223.698410034, -104.735122681, 178.97543335, 44.4146537781, -45.4725418091, 199.019180298, 114.067047119, 135.741226196, 61.6842536926, 33.1235580444, -18.9635181427, -1.94842231274, -12.1570749283], [-236.710754395, 234.137039185, 446.969787598, -52.3646316528, -85.4810333252, 114.067047119, 360.312774658, 235.42288208, 215.510162354, 55.6259040833, 44.7810325623, -52.0381164551, 11.1609992981], [323.732330322, -493.291046143, 264.164916992, -28.1061668396, -437.544006348, 135.741226196, 235.42288208, 433.606658936, 234.875396729, 143.392776489, -30.6018180847, -5.35744047165, -39.9374885559], [-22.6980838776, 37.5835075378, 364.995117188, -6.04317140579, -152.104827881, 61.6842536926, 215.510162354, 234.875396729, 267.817810059, 130.231536865, 51.57289505, -42.3516387939, -6.2156624794], [75.7260284424, -195.33026123, 141.500915527, 41.3168792725, -159.647399902, 33.1235580444, 55.6259040833, 143.392776489, 130.231536865, 160.418518066, 68.4233703613, 31.8369159698, -12.3724498749], [-304.231933594, 231.334213257, 166.044723511, 37.3645629883, 85.0095214844, -18.9635181427, 44.7810325623, -30.6018180847, 51.57289505, 68.4233703613, 153.188186646, 58.8814086914, 42.1273269653], [-53.6014404297, -137.750213623, -56.1686477661, 12.6230888367, -42.7292823792, -1.94842231274, -52.0381164551, -5.35744047165, -42.3516387939, 31.8369159698, 58.8814086914, 118.15763092, 44.4987983704], [-161.865203857, 157.871505737, 22.6642532349, 0.220691248775, 81.05128479, -12.1570749283, 11.1609992981, -39.9374885559, -6.2156624794, -12.3724498749, 42.1273269653, 44.4987983704, 80.658706665]],
        "icov": [[0.000257324049016, 8.83812026586e-006, 0.000157470276463, -0.000525144510902, 0.00034336882527, -0.000355581898475, 0.000147710787132, 0.000123556907056, -0.000247561954893, 0.000236341962591, 9.67975574895e-005, 0.000280001113424, -8.94641707418e-005], [8.83812026586e-006, 0.00503557035699, -0.00228189770132, 0.00299457274377, -0.00400252174586, 0.0015658121556, -0.00220310827717, 0.00350358197466, -0.00126410857774, 0.00204808823764, -0.00324768270366, 0.00407071271911, -0.00324045005254], [0.000157470276463, -0.00228189770132, 0.00316149834543, -0.0024125254713, 0.00232283095829, -0.00189875240903, -0.000387339212466, -0.000704849255271, -0.0016501203645, 0.000270737014944, -0.000109699023596, -0.00150466873311, 0.00178662501276], [-0.000525144510902, 0.00299457274377, -0.0024125254713, 0.00626293104142, -0.00571687938645, 0.00195507169701, 0.000428477069363, -0.00146911945194, 0.00147602439392, -0.00143659219611, -0.00167264638003, 0.00171913241502, -0.00118308502715], [0.00034336882527, -0.00400252174586, 0.00232283095829, -0.00571687938645, 0.00797008816153, -0.00316856219433, 0.000438196002506, 0.00242081028409, -0.000844820577186, 0.00110433902591, 0.0011802399531, -0.00108666194137, 0.00062499276828], [-0.000355581898475, 0.0015658121556, -0.00189875240903, 0.00195507169701, -0.00316856219433, 0.00956521369517, -0.00329360528849, -0.00143889617175, 0.00250743632205, -0.00228362693451, 0.00296227843501, -0.0021368812304, 0.000593501434196], [0.000147710787132, -0.00220310827717, -0.000387339212466, 0.000428477069363, 0.000438196002506, -0.00329360528849, 0.0142122488469, -0.0104555888101, -0.000845671107527, 0.0051864637062, -0.00649322103709, 0.00556389754638, -0.00231196638197], [0.000123556907056, 0.00350358197466, -0.000704849255271, -0.00146911945194, 0.00242081028409, -0.00143889617175, -0.0104555888101, 0.0223503038287, -0.0111039271578, -0.0015986735234, 0.008889102377, -0.00744076259434, 0.00181782373693], [-0.000247561954893, -0.00126410857774, -0.0016501203645, 0.00147602439392, -0.000844820577186, 0.00250743632205, -0.000845671107527, -0.0111039271578, 0.0244132652879, -0.0127324685454, -0.00401639658958, 0.0131252082065, -0.00693220365793], [0.000236341962591, 0.00204808823764, 0.000270737014944, -0.00143659219611, 0.00110433902591, -0.00228362693451, 0.0051864637062, -0.0015986735234, -0.0127324685454, 0.0266920719296, -0.0136549035087, -0.00124307116494, 0.00436113635078], [9.67975574895e-005, -0.00324768270366, -0.000109699023596, -0.00167264638003, 0.0011802399531, 0.00296227843501, -0.00649322103709, 0.008889102377, -0.00401639658958, -0.0136549035087, 0.0293531548232, -0.0195693839341, 0.00420794030651], [0.000280001113424, 0.00407071271911, -0.00150466873311, 0.00171913241502, -0.00108666194137, -0.0021368812304, 0.00556389754638, -0.00744076259434, 0.0131252082065, -0.00124307116494, -0.0195693839341, 0.0363203138113, -0.0196677297354], [-8.94641707418e-005, -0.00324045005254, 0.00178662501276, -0.00118308502715, 0.00062499276828, 0.000593501434196, -0.00231196638197, 0.00181782373693, -0.00693220365793, 0.00436113635078, 0.00420794030651, -0.0196677297354, 0.0275309998542]]
    },
    "melbands": {
        "mean": [0.0037549957633, 0.00455570034683, 0.00085295853205, 0.000727571314201, 0.000399487820687, 0.000267820956651, 0.00028130368446, 0.000339791935403, 0.000729379651602, 0.000327901856508, 9.92845743895e-005, 6.35205506114e-005, 2.50264311035e-005, 4.16758348365e-006, 2.90016942017e-006, 1.99228270503e-006, 1.75857678641e-006, 1.65884409853e-006, 6.7140962301e-007, 4.33656566656e-007, 4.6616045779e-007, 3.02844739508e-007, 1.94066757331e-007, 1.17585607029e-007, 1.42908334055e-007, 6.87084806827e-008, 5.99817155944e-008, 5.0827317466e-008, 3.95497430361e-008, 2.92511899147e-008, 2.54117544785e-008, 3.09869818693e-008, 3.06256247029e-008, 3.43323982577e-008, 3.67083821118e-008, 3.94995893771e-008, 3.79682134621e-008, 3.38061667549e-008, 2.86503851754e-008, 2.09750332658e-008],
        "var": [0.000266467104666, 0.000215176332858, 4.519641152e-006, 9.06376953935e-006, 2.45749197347e-006, 3.14158086212e-007, 5.50737865979e-007, 1.08594235826e-006, 2.40746248892e-006, 3.08106450575e-007, 9.16905165127e-008, 4.19826626796e-008, 4.46529968556e-009, 1.56292437326e-010, 1.96372737515e-010, 8.00151542246e-011, 9.39582647796e-011, 5.73723742125e-011, 9.86162367045e-012, 5.06132158754e-012, 5.98309596311e-012, 1.55602527391e-012, 1.20241804794e-012, 1.63811875848e-013, 3.75089418076e-013, 6.11301712917e-014, 6.11854113924e-014, 3.11038561985e-014, 1.73189286127e-014, 8.97289444894e-015, 4.87971699858e-015, 8.24441392705e-015, 6.1304742241e-015, 6.85222506923e-015, 8.38124786451e-015, 1.02848256645e-014, 1.03828824336e-014, 7.50080709079e-015, 5.51541564901e-015, 3.17108679606e-015]
    },
    "mfcc": {
        "mean": [-837.461608887, 206.412506104, 67.1877212524, -8.61127758026, -22.8857440948, -15.1864385605, -6.24795722961, 6.77180814743, 6.28426361084, 9.39249038696, 0.71662145853, -2.34193253517, -3.72549581528],
        "cov": [[5173.29736328, -887.759643555, -954.937744141, 192.176147461, 250.308410645, -8.18364143372, -175.011444092, -5.48990392685, -14.1574621201, 32.4900817871, -167.258163452, -161.273239136, -199.582489014], [-887.759643555, 1350.28503418, 477.848602295, 252.70085144, 257.034362793, 311.691680908, 220.504577637, 26.3483543396, 10.7389535904, 2.21094727516, 62.299621582, 66.6908874512, 70.1488800049], [-954.937744141, 477.848602295, 1105.39501953, 84.6542434692, -198.288391113, -33.7858657837, 112.314582825, 189.255859375, 267.143951416, 266.541320801, 258.518371582, 204.133163452, 127.118309021], [192.176147461, 252.70085144, 84.6542434692, 547.578430176, 430.439727783, 243.101654053, 116.76877594, -1.70697903633, -23.3042926788, -2.25936985016, 21.9721660614, 32.0065765381, 27.6537075043], [250.308410645, 257.034362793, -198.288391113, 430.439727783, 639.000366211, 373.465515137, 118.35005188, -79.3378753662, -132.798065186, -147.871139526, -100.562324524, -64.2841339111, -4.14733600616], [-8.18364143372, 311.691680908, -33.7858657837, 243.101654053, 373.465515137, 319.601165771, 139.374328613, -31.9422969818, -77.1891403198, -92.4483184814, -56.723449707, -34.6259613037, 2.93244814873], [-175.011444092, 220.504577637, 112.314582825, 116.76877594, 118.35005188, 139.374328613, 151.734771729, 60.701877594, 22.1852169037, -3.82194924355, 2.40641307831, 10.9167442322, 20.0754871368], [-5.48990392685, 26.3483543396, 189.255859375, -1.70697903633, -79.3378753662, -31.9422969818, 60.701877594, 156.796890259, 145.785949707, 111.598548889, 59.3768081665, 30.599905014, 9.10554695129], [-14.1574621201, 10.7389535904, 267.143951416, -23.3042926788, -132.798065186, -77.1891403198, 22.1852169037, 145.785949707, 231.852828979, 200.792861938, 110.321960449, 46.1139564514, 6.08082389832], [32.4900817871, 2.21094727516, 266.541320801, -2.25936985016, -147.871139526, -92.4483184814, -3.82194924355, 111.598548889, 200.792861938, 250.549636841, 162.189605713, 78.2177352905, 6.98918581009], [-167.258163452, 62.299621582, 258.518371582, 21.9721660614, -100.562324524, -56.723449707, 2.40641307831, 59.3768081665, 110.321960449, 162.189605713, 176.539733887, 120.459388733, 37.3331184387], [-161.273239136, 66.6908874512, 204.133163452, 32.0065765381, -64.2841339111, -34.6259613037, 10.9167442322, 30.599905014, 46.1139564514, 78.2177352905, 120.459388733, 144.276870728, 74.6083221436], [-199.582489014, 70.1488800049, 127.118309021, 27.6537075043, -4.14733600616, 2.93244814873, 20.0754871368, 9.10554695129, 6.08082389832, 6.98918581009, 37.3331184387, 74.6083221436, 100.620231628]],
        "icov": [[0.000312647636747, 0.000110194618173, 0.000254894315731, -0.000220769608859, 2.9288143196e-005, -0.000318692415021, 0.000577179540414, -0.000466751662316, 0.000149675033754, -0.000681022822391, 0.000831151730381, -0.000596308032982, 0.000391580426367], [0.000110194618173, 0.00133744906634, -0.000497259665281, -2.45840880098e-007, 0.000113104266347, -0.00116654881276, -0.000687316642143, 0.000503030430991, 6.29015848972e-005, -0.00011852030002, -4.97362634633e-006, -8.71788070071e-005, 0.000115618378913], [0.000254894315731, -0.000497259665281, 0.00254987808876, -0.00102983356919, 0.00152644491754, -0.00103326770477, 0.00040908541996, -0.00059973372845, -0.00184708007146, 0.000468418060336, -0.00126372755039, -0.000297081569443, -0.0012521565659], [-0.000220769608859, -2.45840880098e-007, -0.00102983356919, 0.005923894234, -0.00551019748673, 0.00248338235542, -0.00236431485973, 6.45162435831e-005, 0.00192929827608, -0.00242801359855, 0.000179378825123, -0.00150969694369, 0.000506539770868], [2.9288143196e-005, 0.000113104266347, 0.00152644491754, -0.00551019748673, 0.0111889857799, -0.0102285221219, 0.00411120476201, 0.000144407342304, -0.00236584292725, 0.00304384343326, -0.000850474869367, 0.00191936863121, -0.00168493343517], [-0.000318692415021, -0.00116654881276, -0.00103326770477, 0.00248338235542, -0.0102285221219, 0.0204626657069, -0.0129133025184, 0.00452502584085, 0.00142750737723, -0.000594106095377, -0.000875373778399, 0.00147106102668, 0.0011420098599], [0.000577179540414, -0.000687316642143, 0.00040908541996, -0.00236431485973, 0.00411120476201, -0.0129133025184, 0.0235118307173, -0.0126381330192, 0.00142317439895, 0.00136554054916, 0.00185568875168, -0.00179826654494, -0.000780539470725], [-0.000466751662316, 0.000503030430991, -0.00059973372845, 6.45162435831e-005, 0.000144407342304, 0.00452502584085, -0.0126381330192, 0.0239889379591, -0.014214255847, 0.00287110288627, 0.000381547637517, -0.000551145581994, 0.000614863587543], [0.000149675033754, 6.29015848972e-005, -0.00184708007146, 0.00192929827608, -0.00236584292725, 0.00142750737723, 0.00142317439895, -0.014214255847, 0.0284740068018, -0.0194621570408, 0.00546259852126, 0.00184515712317, -0.000844319351017], [-0.000681022822391, -0.00011852030002, 0.000468418060336, -0.00242801359855, 0.00304384343326, -0.000594106095377, 0.00136554054916, 0.00287110288627, -0.0194621570408, 0.0317188315094, -0.0224127378315, 0.00722909998149, 0.000346307817381], [0.000831151730381, -4.97362634633e-006, -0.00126372755039, 0.000179378825123, -0.000850474869367, -0.000875373778399, 0.00185568875168, 0.000381547637517, 0.00546259852126, -0.0224127378315, 0.0401625521481, -0.0253454316407, 0.00790340919048], [-0.000596308032982, -8.71788070071e-005, -0.000297081569443, -0.00150969694369, 0.00191936863121, 0.00147106102668, -0.00179826654494, -0.000551145581994, 0.00184515712317, 0.00722909998149, -0.0253454316407, 0.0333617329597, -0.0158338174224], [0.000391580426367, 0.000115618378913, -0.0012521565659, 0.000506539770868, -0.00168493343517, 0.0011420098599, -0.000780539470725, 0.000614863587543, -0.000844319351017, 0.000346307817381, 0.00790340919048, -0.0158338174224, 0.0209096129984]]
    },
    "spectral_contrast_coeffs": {
        "mean": [-0.635060250759, -0.707137048244, -0.694624304771, -0.817298591137, -0.859928011894, -0.85434114933],
        "var": [0.0100765842944, 0.00496436143294, 0.00857213232666, 0.00191463145893, 0.00148688489571, 0.000813864986412]
    },
    "spectral_contrast_valleys": {
        "mean": [-8.07392787933, -6.73133182526, -8.45262050629, -10.1166143417, -10.5184278488, -12.2871580124],
        "var": [1.34603059292, 0.807909488678, 0.714327335358, 1.02920031548, 1.20041775703, 1.62912487984]
    }
},
"metadata": {
    "audio_properties": {
        "analysis_sample_rate": 44100,
        "bit_rate": 128074,
        "equal_loudness": 0,
        "length": 45.0612258911,
        "lossless": 0,
        "replay_gain": -4.56924247742,
        "sample_rate": 44100,
        "codec": "mp3",
        "downmix": "mix",
        "md5_encoded": "19d2553c58995da998e7ddeff3bc3168"
    },
    "tags": {
        "file_name": "1397.mp3"
    },
    "version": {
        "essentia": "2.1-beta2",
        "essentia_git_sha": "v2.1_beta2",
        "extractor": "music 1.0"
    }
},
"rhythm": {
    "beats_count": 86,
    "beats_loudness": {
        "mean": 0.0452278032899,
        "var": 0.00782233383507
    },
    "bpm": 92.1393661499,
    "bpm_histogram_first_peak_bpm": {
        "mean": 92,
        "var": 0
    },
    "bpm_histogram_first_peak_spread": {
        "mean": 0.142857134342,
        "var": 0
    },
    "bpm_histogram_first_peak_weight": {
        "mean": 0.211764708161,
        "var": 0
    },
    "bpm_histogram_second_peak_bpm": {
        "mean": 133,
        "var": 0
    },
    "bpm_histogram_second_peak_spread": {
        "mean": 0.40000000596,
        "var": 0
    },
    "bpm_histogram_second_peak_weight": {
        "mean": 0.105882354081,
        "var": 0
    },
    "danceability": 0.975501894951,
    "onset_rate": 2.68402528763,
    "beats_loudness_band_ratio": {
        "mean": [0.367112308741, 0.2288005054, 0.380300492048, 0.0611957274377, 0.00320886354893, 0.000945117673837],
        "var": [0.112716123462, 0.0592965260148, 0.109023436904, 0.00774765620008, 7.4886069342e-005, 2.9991831525e-006]
    },
    "beats_position": [0.417959183455, 0.835918366909, 1.24226760864, 1.64861679077, 2.06657600403, 2.47292518616, 2.87927436829, 3.33206343651, 3.7732424736, 4.22603178024, 4.73687076569, 5.24770975113, 5.75854873657, 6.28099775314, 6.79183673859, 7.30267572403, 7.83673477173, 8.37079334259, 8.91646194458, 9.46213150024, 9.99619007111, 10.4954195023, 10.9830379486, 11.4706573486, 11.9582767487, 12.4575052261, 12.9567346573, 13.4675731659, 13.9784126282, 14.4776411057, 14.9768705368, 15.4760990143, 15.9753284454, 16.3700675964, 16.7648067474, 17.1595458984, 17.5658950806, 17.9606342316, 18.3437633514, 18.7385025024, 19.1332416534, 19.5512008667, 20.0039901733, 20.45677948, 20.9095687866, 21.3623580933, 21.8151473999, 22.2911567688, 22.7555541992, 23.219953537, 23.6727428436, 24.102312088, 24.5434913635, 24.984670639, 25.4606800079, 25.9134693146, 26.3778686523, 26.9235363007, 27.4575958252, 28.0032653809, 28.537322998, 29.0946025848, 29.6402721405, 30.1859397888, 30.7432193756, 31.4049873352, 32.0667572021, 32.7285270691, 33.3902931213, 34.0404510498, 34.690612793, 35.3407707214, 35.9909286499, 36.6410865784, 37.2912483215, 37.94140625, 38.57995224, 39.2185020447, 39.8686599731, 40.5188217163, 41.1689796448, 41.830745697, 42.4692955017, 43.1194534302, 43.7696151733, 44.4197731018]
},
"tonal": {
    "chords_changes_rate": 0.0679012313485,
    "chords_number_rate": 0.00925925932825,
    "chords_strength": {
        "mean": 0.439493149519,
        "var": 0.00411958200857
    },
    "hpcp_entropy": {
        "mean": 1.71618270874,
        "var": 0.3822465837
    },
    "key_strength": 0.677459895611,
    "tuning_diatonic_strength": 0.591578841209,
    "tuning_equal_tempered_deviation": 0.0417244397104,
    "tuning_frequency": 439.745910645,
    "tuning_nontempered_energy_ratio": 0.643828094006,
    "hpcp": {
        "mean": [0.0417508408427, 0.0511518567801, 0.135915443301, 0.243131279945, 0.177091151476, 0.0546182766557, 0.0244790669531, 0.0367508605123, 0.0599709376693, 0.0499575212598, 0.0332277975976, 0.0922698006034, 0.175662502646, 0.128082051873, 0.04478129372, 0.0409344062209, 0.0903264656663, 0.361368387938, 0.576851963997, 0.324710696936, 0.0605950206518, 0.0299678500742, 0.0347028486431, 0.131666630507, 0.180347174406, 0.0885373428464, 0.070329323411, 0.110539458692, 0.082323461771, 0.0717487558722, 0.0777522474527, 0.0481192432344, 0.109086565673, 0.161004155874, 0.0885017737746, 0.0391373932362],
        "var": [0.0245207175612, 0.0236099530011, 0.0478452257812, 0.101501263678, 0.0711799561977, 0.0222647413611, 0.0117701869458, 0.0141671132296, 0.0285256672651, 0.023211337626, 0.011569917202, 0.0288138892502, 0.0786932706833, 0.050145432353, 0.0186641700566, 0.0177505668253, 0.035788923502, 0.0889937132597, 0.155142650008, 0.0711015537381, 0.0241387505084, 0.0143797826022, 0.0132522834465, 0.0455378554761, 0.0790187120438, 0.0196240507066, 0.0217003617436, 0.05413094908, 0.0384035371244, 0.0238503161818, 0.0321825370193, 0.0115445144475, 0.0345537662506, 0.0701327770948, 0.0256878919899, 0.0186704844236]
    },
    "chords_histogram": [13.3744859695, 4.01234579086, 14.3004112244, 0, 0, 0, 0, 0, 0, 0, 0, 6.79012346268, 0, 2.57201647758, 0, 0, 0, 32.7160491943, 3.29218101501, 18.6213989258, 0.720164597034, 2.88065838814, 0.720164597034, 0],
    "thpcp": [1, 0.562901258469, 0.105044320226, 0.0519506782293, 0.0601590201259, 0.228250294924, 0.312640309334, 0.153483644128, 0.121919184923, 0.191625341773, 0.142711594701, 0.124379843473, 0.134787172079, 0.0834169685841, 0.189106687903, 0.279108285904, 0.153421983123, 0.0678465142846, 0.0723770484328, 0.0886741504073, 0.235615804791, 0.42147949338, 0.306995838881, 0.0946833491325, 0.0424356125295, 0.0637093409896, 0.103962436318, 0.0866037085652, 0.0576019510627, 0.159954041243, 0.304519206285, 0.222036257386, 0.0776304751635, 0.0709617212415, 0.156585171819, 0.626449108124],
    "chords_key": "G#",
    "chords_scale": "minor",
    "key_key": "G#",
    "key_scale": "major"
}
}