{
"lowlevel": {
    "average_loudness": 0.973991632462,
    "barkbands_crest": {
        "mean": 13.1480741501,
        "var": 25.5320930481
    },
    "barkbands_flatness_db": {
        "mean": 0.13514700532,
        "var": 0.00323719740845
    },
    "barkbands_kurtosis": {
        "mean": 14.3467712402,
        "var": 489.633361816
    },
    "barkbands_skewness": {
        "mean": 2.99289488792,
        "var": 3.42173576355
    },
    "barkbands_spread": {
        "mean": 17.938949585,
        "var": 152.142959595
    },
    "dissonance": {
        "mean": 0.469396084547,
        "var": 0.000359872443369
    },
    "dynamic_complexity": 2.21920204163,
    "erbbands_crest": {
        "mean": 5.84917020798,
        "var": 5.13238954544
    },
    "erbbands_flatness_db": {
        "mean": 0.106476671994,
        "var": 0.000415156770032
    },
    "erbbands_kurtosis": {
        "mean": -0.630046546459,
        "var": 0.168193489313
    },
    "erbbands_skewness": {
        "mean": 0.295941650867,
        "var": 0.109015002847
    },
    "erbbands_spread": {
        "mean": 54.6119537354,
        "var": 152.318695068
    },
    "hfc": {
        "mean": 14.1653900146,
        "var": 112.291313171
    },
    "melbands_crest": {
        "mean": 18.6918983459,
        "var": 37.220916748
    },
    "melbands_flatness_db": {
        "mean": 0.222770825028,
        "var": 0.00538230454549
    },
    "melbands_kurtosis": {
        "mean": 39.9904327393,
        "var": 2851.37695313
    },
    "melbands_skewness": {
        "mean": 4.68464946747,
        "var": 5.82530164719
    },
    "melbands_spread": {
        "mean": 14.6045446396,
        "var": 183.892578125
    },
    "pitch_salience": {
        "mean": 0.488489329815,
        "var": 0.0237522982061
    },
    "silence_rate_20dB": {
        "mean": 1,
        "var": 0
    },
    "silence_rate_30dB": {
        "mean": 0.915551006794,
        "var": 0.0773171409965
    },
    "silence_rate_60dB": {
        "mean": 0.0432543754578,
        "var": 0.0413822866976
    },
    "spectral_centroid": {
        "mean": 1169.33520508,
        "var": 292369.5625
    },
    "spectral_complexity": {
        "mean": 16.618434906,
        "var": 61.8541030884
    },
    "spectral_decrease": {
        "mean": -1.22901333555e-008,
        "var": 1.27424142574e-016
    },
    "spectral_energy": {
        "mean": 0.0476706698537,
        "var": 0.00187166745309
    },
    "spectral_energyband_high": {
        "mean": 0.00057190406369,
        "var": 2.12670144606e-007
    },
    "spectral_energyband_low": {
        "mean": 0.031608697027,
        "var": 0.0013911294518
    },
    "spectral_energyband_middle_high": {
        "mean": 0.00247932877392,
        "var": 3.7885756683e-006
    },
    "spectral_energyband_middle_low": {
        "mean": 0.0149766597897,
        "var": 0.000472061074106
    },
    "spectral_entropy": {
        "mean": 7.74108791351,
        "var": 0.117263801396
    },
    "spectral_flux": {
        "mean": 0.13804140687,
        "var": 0.00752173550427
    },
    "spectral_kurtosis": {
        "mean": 3.18411970139,
        "var": 1.43929111958
    },
    "spectral_rms": {
        "mean": 0.00605163956061,
        "var": 9.88554802461e-006
    },
    "spectral_rolloff": {
        "mean": 857.071411133,
        "var": 1361548.625
    },
    "spectral_skewness": {
        "mean": 1.42368245125,
        "var": 0.0530700869858
    },
    "spectral_spread": {
        "mean": 5346026,
        "var": 1.13752512922e+012
    },
    "spectral_strongpeak": {
        "mean": 0.493784219027,
        "var": 0.117617286742
    },
    "zerocrossingrate": {
        "mean": 0.0451499223709,
        "var": 0.00119580212049
    },
    "barkbands": {
        "mean": [0.00209650327452, 0.020355258137, 0.00731779588386, 0.00498347496614, 0.00593530805781, 0.00164588610642, 0.000708180945367, 0.000940162804909, 0.000493757368531, 0.00047259326675, 0.000335500226356, 0.00027623551432, 0.000290257681627, 0.000271033728495, 0.00029425037792, 0.00014382385416, 0.000141032054671, 0.000190117163584, 0.000145948084537, 0.000152426000568, 0.000131286142278, 0.000131813998451, 8.0334561062e-005, 5.71926793782e-005, 4.54081200587e-005, 3.17394951708e-005, 3.32141644321e-006],
        "var": [5.40507207916e-005, 0.000878450635355, 0.000126058148453, 6.52785747661e-005, 0.000159877890837, 4.62096249976e-006, 8.14091094981e-007, 1.99758528652e-006, 3.21006524473e-007, 4.92965625654e-007, 1.7609558256e-007, 1.05400438599e-007, 1.4943709914e-007, 7.87162193205e-008, 6.62348327296e-008, 2.14971009882e-008, 1.32493838123e-008, 2.3891875145e-008, 1.46214320651e-008, 1.5279253418e-008, 1.44950673686e-008, 1.27240369352e-008, 4.97038676883e-009, 2.63516075627e-009, 1.77673398216e-009, 1.50919965414e-009, 2.31663715988e-011]
    },
    "erbbands": {
        "mean": [0.67498344183, 4.19538259506, 8.34161090851, 13.4208898544, 23.471118927, 15.0730924606, 14.5252122879, 11.8163022995, 10.3941898346, 14.0490703583, 20.8252811432, 11.862660408, 16.314453125, 13.9388151169, 10.9803714752, 12.4133491516, 13.4089736938, 14.2027721405, 15.940656662, 11.5363054276, 8.11991882324, 7.51451206207, 10.4936332703, 8.13696289063, 6.99283361435, 7.11921310425, 6.11814928055, 5.32356786728, 4.90720748901, 3.4925994873, 2.00240206718, 1.25659120083, 0.947128355503, 0.57314324379, 0.296276986599, 0.15072773397, 0.0529749691486, 0.0117822196335, 0.000372136419173, 6.1797334638e-005],
        "var": [1.32016479969, 36.3029899597, 141.010406494, 352.45123291, 2614.23779297, 1225.5144043, 700.524902344, 211.468093872, 142.231384277, 342.538848877, 1101.4296875, 152.974807739, 755.077758789, 316.965270996, 161.69859314, 189.685012817, 296.609710693, 205.977386475, 213.238754272, 87.3310852051, 47.5000076294, 32.7220230103, 77.8887710571, 48.400718689, 30.8631668091, 32.5504837036, 24.5334148407, 26.1751785278, 17.3711605072, 11.1495695114, 2.70676708221, 1.09565412998, 0.853243172169, 0.305718779564, 0.0748765468597, 0.0342782139778, 0.00435396749526, 0.000216901113163, 2.57366110645e-007, 2.71233902005e-009]
    },
    "gfcc": {
        "mean": [15.1911678314, 81.9055786133, -96.1010742188, 41.2512626648, -51.1243400574, 18.5550041199, -33.9413795471, 9.32260704041, -24.7310276031, 8.26063632965, -20.7997283936, 1.14327657223, -14.929110527],
        "cov": [[3713.06982422, 430.336456299, 239.717102051, 33.6669311523, 30.1654968262, 21.9856567383, -37.0524482727, -100.310653687, -109.60295105, -94.4331817627, -119.062789917, -79.1681289673, -117.32623291], [430.336456299, 554.668395996, 204.150634766, 127.938941956, 169.82270813, -1.70241141319, 96.2520675659, 47.3437042236, 69.5042724609, -17.2091598511, 42.1573944092, -36.0441169739, 64.2373657227], [239.717102051, 204.150634766, 346.14956665, 138.419219971, 195.779891968, 47.7763404846, 99.7433013916, 56.6874198914, 60.3956565857, 21.6868915558, 27.5561676025, -0.412137955427, 14.5945672989], [33.6669311523, 127.938941956, 138.419219971, 169.008041382, 118.522315979, 77.3019561768, 82.06199646, 67.0064086914, 70.6190795898, 30.5094871521, 47.1341705322, 3.79761528969, 25.9835128784], [30.1654968262, 169.82270813, 195.779891968, 118.522315979, 174.206573486, 58.7133522034, 108.163978577, 77.974937439, 81.6097183228, 36.7779464722, 49.4493141174, 8.38821411133, 29.8528404236], [21.9856567383, -1.70241141319, 47.7763404846, 77.3019561768, 58.7133522034, 95.4722976685, 57.7310180664, 27.8017997742, 38.503868103, 27.1577701569, 29.9130649567, 14.5715017319, 3.13988637924], [-37.0524482727, 96.2520675659, 99.7433013916, 82.06199646, 108.163978577, 57.7310180664, 114.516555786, 92.8212127686, 82.6094741821, 44.0807952881, 55.9582214355, 27.2876644135, 39.5765571594], [-100.310653687, 47.3437042236, 56.6874198914, 67.0064086914, 77.974937439, 27.8017997742, 92.8212127686, 128.270141602, 94.2993545532, 62.5394859314, 59.7900085449, 31.6469669342, 38.2941589355], [-109.60295105, 69.5042724609, 60.3956565857, 70.6190795898, 81.6097183228, 38.503868103, 82.6094741821, 94.2993545532, 101.344299316, 57.8995056152, 58.452293396, 25.2580604553, 38.5327262878], [-94.4331817627, -17.2091598511, 21.6868915558, 30.5094871521, 36.7779464722, 27.1577701569, 44.0807952881, 62.5394859314, 57.8995056152, 60.3855895996, 46.8028717041, 30.6251525879, 15.8886976242], [-119.062789917, 42.1573944092, 27.5561676025, 47.1341705322, 49.4493141174, 29.9130649567, 55.9582214355, 59.7900085449, 58.452293396, 46.8028717041, 72.2737579346, 38.0268630981, 26.8067417145], [-79.1681289673, -36.0441169739, -0.412137955427, 3.79761528969, 8.38821411133, 14.5715017319, 27.2876644135, 31.6469669342, 25.2580604553, 30.6251525879, 38.0268630981, 60.7858085632, 35.8956718445], [-117.32623291, 64.2373657227, 14.5945672989, 25.9835128784, 29.8528404236, 3.13988637924, 39.5765571594, 38.2941589355, 38.5327262878, 15.8886976242, 26.8067417145, 35.8956718445, 78.6304092407]],
        "icov": [[0.000456520472653, -0.000973015907221, -0.000404737627832, 0.000170387953403, 0.000898189202417, -0.00101217243355, 0.00031007672078, -0.00070372922346, 0.000544088077731, -0.000543071131688, 0.00168968574144, -0.00142673007213, 0.00129935762379], [-0.000973015907221, 0.00706894276664, 0.000191988438019, -0.00172104220837, -0.00425944011658, 0.00630117813125, -0.00356227066368, 0.00444177910686, -0.0030081726145, 0.00618616817519, -0.00927486922592, 0.00917029101402, -0.00649870699272], [-0.000404737627832, 0.000191988438019, 0.011884608306, -0.00571854412556, -0.0141955427825, 0.00749073270708, -0.00403476785868, 0.00483938725665, 0.00217624590732, -0.0040520154871, 0.0066505339928, -0.00579948117957, 0.00381988170557], [0.000170387953403, -0.00172104220837, -0.00571854412556, 0.022387791425, -0.00197861343622, -0.0194669421762, 0.014883229509, -0.0130054056644, -0.00153210840654, 0.00917506963015, -0.00925000850111, 0.00811249483377, -0.00595821347088], [0.000898189202417, -0.00425944011658, -0.0141955427825, -0.00197861343622, 0.0403764508665, -0.00493518728763, -0.015545505099, 0.00146895844955, -0.00497439131141, -0.00348072429188, -0.000289160670945, 0.00347003946081, 0.00174090161454], [-0.00101217243355, 0.00630117813125, 0.00749073270708, -0.0194669421762, -0.00493518728763, 0.0414042398334, -0.0317242704332, 0.0265109054744, -0.00396434171125, -0.0111788250506, 0.00341423670761, -0.00376683520153, 0.00641840416938], [0.00031007672078, -0.00356227066368, -0.00403476785868, 0.014883229509, -0.015545505099, -0.0317242704332, 0.0691458508372, -0.0369147136807, -0.00539675774053, 0.0209999009967, -0.0100024864078, -0.00234759203158, -0.00756930373609], [-0.00070372922346, 0.00444177910686, 0.00483938725665, -0.0130054056644, 0.00146895844955, 0.0265109054744, -0.0369147136807, 0.0502890869975, -0.0175591818988, -0.0198254678398, 0.0042268699035, -0.000493557599839, 0.00258806231432], [0.000544088077731, -0.0030081726145, 0.00217624590732, -0.00153210840654, -0.00497439131141, -0.00396434171125, -0.00539675774053, -0.0175591818988, 0.0581797361374, -0.0286499485373, -0.00398192182183, 0.0106093185022, -0.0095208985731], [-0.000543071131688, 0.00618616817519, -0.0040520154871, 0.00917506963015, -0.00348072429188, -0.0111788250506, 0.0209999009967, -0.0198254678398, -0.0286499485373, 0.076576821506, -0.0264044627547, -0.00534876482561, 0.00271921046078], [0.00168968574144, -0.00927486922592, 0.0066505339928, -0.00925000850111, -0.000289160670945, 0.00341423670761, -0.0100024864078, 0.0042268699035, -0.00398192182183, -0.0264044627547, 0.0605059564114, -0.0341750346124, 0.0171303991228], [-0.00142673007213, 0.00917029101402, -0.00579948117957, 0.00811249483377, 0.00347003946081, -0.00376683520153, -0.00234759203158, -0.000493557599839, 0.0106093185022, -0.00534876482561, -0.0341750346124, 0.0587542876601, -0.0302592329681], [0.00129935762379, -0.00649870699272, 0.00381988170557, -0.00595821347088, 0.00174090161454, 0.00641840416938, -0.00756930373609, 0.00258806231432, -0.0095208985731, 0.00271921046078, 0.0171303991228, -0.0302592329681, 0.0349475033581]]
    },
    "melbands": {
        "mean": [0.00592299830168, 0.00489010475576, 0.00273429136723, 0.00142626860179, 0.000517508655321, 0.000277704006294, 0.00015839569096, 0.000160469324328, 0.000163533026353, 6.96331189829e-005, 7.88891557022e-005, 5.3228734032e-005, 3.83283186238e-005, 3.26010376739e-005, 3.00537212752e-005, 2.86308386421e-005, 2.63274614554e-005, 2.49697095569e-005, 2.02558312594e-005, 1.22007622849e-005, 9.04114676814e-006, 7.7024269558e-006, 9.10594917514e-006, 8.74705074239e-006, 6.29630130788e-006, 5.50075037609e-006, 4.35928268416e-006, 4.87280885864e-006, 4.12556300944e-006, 3.10593168251e-006, 3.09117945108e-006, 3.00596479974e-006, 2.12773647945e-006, 1.85877775039e-006, 1.20201082154e-006, 8.66618961481e-007, 7.12532028047e-007, 7.00177963608e-007, 5.4011127304e-007, 4.68651990104e-007],
        "var": [8.3025348431e-005, 3.95780953113e-005, 1.51565191118e-005, 9.64361788647e-006, 1.04528737666e-006, 1.1151024637e-007, 3.41000898629e-008, 4.66899940932e-008, 6.43613162765e-008, 6.38349106907e-009, 1.83930666253e-008, 4.61748639324e-009, 1.90730076177e-009, 1.35681765823e-009, 1.47648959725e-009, 1.56172719201e-009, 7.91481158391e-010, 5.62010771255e-010, 3.21555948535e-010, 1.44099177035e-010, 6.09832601084e-011, 3.9565253851e-011, 6.5207270139e-011, 4.80295872518e-011, 3.56162460635e-011, 2.15859830011e-011, 1.40122037237e-011, 1.80191729593e-011, 1.13265534105e-011, 9.24489651499e-012, 9.54965446998e-012, 7.08817553263e-012, 3.18747046986e-012, 3.72081965933e-012, 1.03100384133e-012, 5.17437004702e-013, 3.87943420877e-013, 5.47974209411e-013, 2.59999080642e-013, 2.10144374775e-013]
    },
    "mfcc": {
        "mean": [-633.696533203, 112.765663147, 13.6699447632, 30.4912014008, 8.07822227478, 13.7240247726, 3.20284199715, 2.91892695427, 2.51415634155, 2.97494840622, 2.8484480381, -1.9888702631, -2.15650129318],
        "cov": [[2888.46166992, 393.036224365, 160.316268921, -0.0551424100995, 18.9357814789, 89.7576065063, 4.68657255173, -21.0253143311, -46.6917228699, -78.8396224976, -39.8127403259, -47.2986297607, -85.4053878784], [393.036224365, 487.490509033, 113.349281311, 151.755905151, 94.2979431152, 15.913602829, 60.503780365, 41.0403060913, 57.319442749, 43.1178627014, 16.0116271973, 2.50339913368, 16.8485603333], [160.316268921, 113.349281311, 150.298034668, 103.752532959, 86.3158340454, 56.835231781, 54.4392356873, 39.3754882813, 38.3447799683, 24.6550807953, 39.2967529297, 22.1026878357, 15.5431890488], [-0.0551424100995, 151.755905151, 103.752532959, 152.200942993, 95.821647644, 28.2122516632, 64.2413024902, 59.161441803, 71.0547332764, 51.3061599731, 51.3089752197, 40.2770004272, 40.6346054077], [18.9357814789, 94.2979431152, 86.3158340454, 95.821647644, 93.5941619873, 51.0584144592, 53.8726577759, 43.8732757568, 44.3636703491, 39.7206535339, 46.8783302307, 37.034160614, 25.748260498], [89.7576065063, 15.913602829, 56.835231781, 28.2122516632, 51.0584144592, 94.3538513184, 42.0246772766, 28.5811386108, 18.166513443, 7.35344982147, 24.9438476563, 28.1370849609, 12.9565134048], [4.68657255173, 60.503780365, 54.4392356873, 64.2413024902, 53.8726577759, 42.0246772766, 66.4761886597, 48.9846534729, 41.8725318909, 30.3852100372, 37.610244751, 40.7755889893, 36.1899223328], [-21.0253143311, 41.0403060913, 39.3754882813, 59.161441803, 43.8732757568, 28.5811386108, 48.9846534729, 64.9081039429, 54.5466079712, 35.8231086731, 40.3163108826, 42.252571106, 36.6973114014], [-46.6917228699, 57.319442749, 38.3447799683, 71.0547332764, 44.3636703491, 18.166513443, 41.8725318909, 54.5466079712, 81.8973312378, 50.4319419861, 34.979133606, 33.809715271, 41.0466156006], [-78.8396224976, 43.1178627014, 24.6550807953, 51.3061599731, 39.7206535339, 7.35344982147, 30.3852100372, 35.8231086731, 50.4319419861, 78.5234527588, 45.0239944458, 16.876209259, 19.5425682068], [-39.8127403259, 16.0116271973, 39.2967529297, 51.3089752197, 46.8783302307, 24.9438476563, 37.610244751, 40.3163108826, 34.979133606, 45.0239944458, 96.9068832397, 59.2053833008, 14.7721471786], [-47.2986297607, 2.50339913368, 22.1026878357, 40.2770004272, 37.034160614, 28.1370849609, 40.7755889893, 42.252571106, 33.809715271, 16.876209259, 59.2053833008, 96.5239868164, 54.6916656494], [-85.4053878784, 16.8485603333, 15.5431890488, 40.6346054077, 25.748260498, 12.9565134048, 36.1899223328, 36.6973114014, 41.0466156006, 19.5425682068, 14.7721471786, 54.6916656494, 85.6070785522]],
        "icov": [[0.000494348874781, -0.000565214781091, -0.000825338705909, 0.000648190092761, 0.00061281217495, -0.000470640748972, 0.000283993751509, -0.000256163009908, -2.43716858677e-005, 0.00031696233782, 5.72195531277e-005, -0.000243765287451, 0.000408460968174], [-0.000565214781091, 0.00393558992073, 0.000582593900617, -0.00382540770806, -0.00141172821168, 0.00144928670488, -0.0020868065767, 0.00119448569603, -1.8056420231e-005, -0.000631126284134, 0.00145390757825, 0.000478975125588, 0.000542801455595], [-0.000825338705909, 0.000582593900617, 0.0198156069964, -0.0094912936911, -0.00816304050386, -0.00431565707549, -0.00269902846776, 0.00132106675301, 0.000936382217333, 0.00401378469542, -0.00313447997905, 0.00508736958727, -0.000422134820838], [0.000648190092761, -0.00382540770806, -0.0094912936911, 0.0382821112871, -0.0248228032142, 0.0131219895557, -0.00523495627567, -0.00174952705856, -0.0127609446645, 0.00457387790084, -0.00229213386774, 0.00158548611216, -0.00214821565896], [0.00061281217495, -0.00141172821168, -0.00816304050386, -0.0248228032142, 0.0586173571646, -0.0182428676635, -0.00187334313523, 0.00136772717815, 0.00772526115179, -0.0115641122684, -0.000631458940916, -0.00608482211828, 0.00242216442712], [-0.000470640748972, 0.00144928670488, -0.00431565707549, 0.0131219895557, -0.0182428676635, 0.0248980671167, -0.0116383722052, -0.000931628339458, -0.00373765663244, 0.00480382004753, 0.00115564407315, -0.00107405381277, 0.00202060607262], [0.000283993751509, -0.0020868065767, -0.00269902846776, -0.00523495627567, -0.00187334313523, -0.0116383722052, 0.054195381701, -0.0239518564194, 0.00652579264715, -0.00351389590651, -0.00120696332306, -0.00198349310085, -0.00750083848834], [-0.000256163009908, 0.00119448569603, 0.00132106675301, -0.00174952705856, 0.00136772717815, -0.000931628339458, -0.0239518564194, 0.0581448860466, -0.0237821806222, 0.000630409165751, -0.00420869560912, -0.00442582694814, -0.000157124173711], [-2.43716858677e-005, -1.8056420231e-005, 0.000936382217333, -0.0127609446645, 0.00772526115179, -0.00373765663244, 0.00652579264715, -0.0237821806222, 0.0430469252169, -0.0154411904514, 0.00377402361482, -0.000454303924926, -0.00593152362853], [0.00031696233782, -0.000631126284134, 0.00401378469542, 0.00457387790084, -0.0115641122684, 0.00480382004753, -0.00351389590651, 0.000630409165751, -0.0154411904514, 0.032500334084, -0.0151935294271, 0.0130156073719, -0.0042020836845], [5.72195531277e-005, 0.00145390757825, -0.00313447997905, -0.00229213386774, -0.000631458940916, 0.00115564407315, -0.00120696332306, -0.00420869560912, 0.00377402361482, -0.0151935294271, 0.0320850387216, -0.0225003305823, 0.0142545364797], [-0.000243765287451, 0.000478975125588, 0.00508736958727, 0.00158548611216, -0.00608482211828, -0.00107405381277, -0.00198349310085, -0.00442582694814, -0.000454303924926, 0.0130156073719, -0.0225003305823, 0.0365689247847, -0.0195188131183], [0.000408460968174, 0.000542801455595, -0.000422134820838, -0.00214821565896, 0.00242216442712, 0.00202060607262, -0.00750083848834, -0.000157124173711, -0.00593152362853, -0.0042020836845, 0.0142545364797, -0.0195188131183, 0.0290957428515]]
    },
    "spectral_contrast_coeffs": {
        "mean": [-0.635854423046, -0.728794276714, -0.788630187511, -0.805766820908, -0.802379667759, -0.759146988392],
        "var": [0.0127074047923, 0.00575418863446, 0.0037700869143, 0.00191256019752, 0.00151173141785, 0.000480345275719]
    },
    "spectral_contrast_valleys": {
        "mean": [-6.9623708725, -6.83871364594, -7.3821310997, -7.55803775787, -7.52608919144, -9.90033435822],
        "var": [1.37907803059, 0.902072131634, 0.769013166428, 0.737076461315, 0.614262640476, 0.641368150711]
    }
},
"metadata": {
    "audio_properties": {
        "analysis_sample_rate": 44100,
        "bit_rate": 128074,
        "equal_loudness": 0,
        "length": 45.0612258911,
        "lossless": 0,
        "replay_gain": -6.64511489868,
        "sample_rate": 44100,
        "codec": "mp3",
        "downmix": "mix",
        "md5_encoded": "da06e717ba25cb5b1514a3d53583950d"
    },
    "tags": {
        "file_name": "1398.mp3"
    },
    "version": {
        "essentia": "2.1-beta2",
        "essentia_git_sha": "v2.1_beta2",
        "extractor": "music 1.0"
    }
},
"rhythm": {
    "beats_count": 97,
    "beats_loudness": {
        "mean": 0.0628484711051,
        "var": 0.00140555016696
    },
    "bpm": 129.966308594,
    "bpm_histogram_first_peak_bpm": {
        "mean": 129,
        "var": 0
    },
    "bpm_histogram_first_peak_spread": {
        "mean": 0.231578961015,
        "var": 0
    },
    "bpm_histogram_first_peak_weight": {
        "mean": 0.760416686535,
        "var": 0
    },
    "bpm_histogram_second_peak_bpm": {
        "mean": 136,
        "var": 0
    },
    "bpm_histogram_second_peak_spread": {
        "mean": 0,
        "var": 0
    },
    "bpm_histogram_second_peak_weight": {
        "mean": 0.0104166669771,
        "var": 0
    },
    "danceability": 1.6119235754,
    "onset_rate": 6.92079257965,
    "beats_loudness_band_ratio": {
        "mean": [0.767141222954, 0.0886460617185, 0.0631351992488, 0.0563162863255, 0.0298965647817, 0.0317658595741],
        "var": [0.0425850450993, 0.00865223724395, 0.0037017185241, 0.0054785949178, 0.000788902805652, 0.00162444228772]
    },
    "beats_position": [0.417959183455, 0.859138309956, 1.3235373497, 1.78793644905, 2.2523355484, 2.71673464775, 3.16952371597, 3.63392281532, 4.08671188354, 4.55111122131, 5.01551008224, 5.47990942001, 5.94430828094, 6.40870714188, 6.86149644852, 7.32589578629, 7.77868461609, 8.24308395386, 8.70748329163, 9.17188167572, 9.63628101349, 10.1006803513, 10.5650787354, 11.0294780731, 11.4822673798, 11.9350566864, 12.3994560242, 12.8638544083, 13.328253746, 13.7926530838, 14.2570514679, 14.7214508057, 15.1742401123, 15.6270294189, 16.0914287567, 16.5558280945, 17.0202255249, 17.4846248627, 17.9490242004, 18.4018135071, 18.8662128448, 19.3190021515, 19.7834014893, 20.247800827, 20.7121982574, 21.1765975952, 21.640996933, 22.0937862396, 22.5581855774, 23.010974884, 23.4753742218, 23.9397735596, 24.3925609589, 24.8569602966, 25.3213596344, 25.7857589722, 26.2385482788, 26.7029476166, 27.1673469543, 27.6317462921, 28.0961437225, 28.5605430603, 29.0249423981, 29.4777317047, 29.9305210114, 30.3949203491, 30.8593196869, 31.3237190247, 31.776506424, 32.2409057617, 32.7053070068, 33.1697044373, 33.6224937439, 34.0868911743, 34.5512924194, 35.0156898499, 35.480091095, 35.9444885254, 36.4088897705, 36.8616790771, 37.3144645691, 37.7788658142, 38.2432632446, 38.7076644897, 39.1720619202, 39.6364631653, 40.1008605957, 40.5652618408, 41.0180473328, 41.4708366394, 41.9352378845, 42.3996353149, 42.8640365601, 43.3284339905, 43.7928352356, 44.257232666, 44.7216300964]
},
"tonal": {
    "chords_changes_rate": 0.0895061716437,
    "chords_number_rate": 0.00823045242578,
    "chords_strength": {
        "mean": 0.436653137207,
        "var": 0.00742717785761
    },
    "hpcp_entropy": {
        "mean": 2.03673362732,
        "var": 0.762094557285
    },
    "key_strength": 0.51870059967,
    "tuning_diatonic_strength": 0.485379397869,
    "tuning_equal_tempered_deviation": 0.278656512499,
    "tuning_frequency": 434.193115234,
    "tuning_nontempered_energy_ratio": 0.956422507763,
    "hpcp": {
        "mean": [0.174194172025, 0.123579852283, 0.0914871022105, 0.108697094023, 0.123906351626, 0.0843489989638, 0.0511354915798, 0.0531458184123, 0.0857963189483, 0.161114260554, 0.172444224358, 0.102640070021, 0.0658043622971, 0.0629144012928, 0.0627715215087, 0.0938055440784, 0.130011603236, 0.111524328589, 0.113242514431, 0.105758607388, 0.0597804486752, 0.0457817167044, 0.045800190419, 0.077519915998, 0.157425090671, 0.182055220008, 0.122760184109, 0.100969769061, 0.116066485643, 0.111250974238, 0.15302182734, 0.187012329698, 0.133932381868, 0.0873992741108, 0.0998873114586, 0.159949183464],
        "var": [0.0911204367876, 0.0550777427852, 0.0396607592702, 0.0431803688407, 0.0572405122221, 0.0327559858561, 0.0174460653216, 0.0182052161545, 0.0364534854889, 0.0751775205135, 0.0876456722617, 0.0377567894757, 0.0235253535211, 0.0237889494747, 0.0212256405503, 0.0263053178787, 0.0535124763846, 0.0421325154603, 0.0536464452744, 0.0545564293861, 0.0194419939071, 0.01562961936, 0.0138416904956, 0.029555035755, 0.0681637823582, 0.0874210745096, 0.0492977499962, 0.046530533582, 0.0649603381753, 0.0535272024572, 0.0586971752346, 0.0902478545904, 0.0551353432238, 0.0395920351148, 0.0413892008364, 0.0878600552678]
    },
    "chords_histogram": [9.25925922394, 0, 1.74897122383, 0, 0.308641970158, 0, 0.205761313438, 0, 0, 0, 0, 0, 0, 0, 0, 0, 0, 1.23456788063, 3.18930029869, 48.5596694946, 0.205761313438, 14.3004112244, 6.27572011948, 14.7119340897],
    "thpcp": [1, 0.716168701649, 0.467344969511, 0.534121513367, 0.855286836624, 0.931458234787, 0.660811245441, 0.489203572273, 0.581229567528, 0.662557125092, 0.451034426689, 0.273433804512, 0.284183502197, 0.458773583174, 0.861516773701, 0.922100841999, 0.548841178417, 0.351871788502, 0.336418479681, 0.335654467344, 0.501600861549, 0.695203363895, 0.59634745121, 0.605535030365, 0.565516769886, 0.319660454988, 0.24480587244, 0.244904652238, 0.41451767087, 0.841789901257, 0.973493158817, 0.656428277493, 0.539909660816, 0.620635449886, 0.594885766506, 0.818244576454],
    "chords_key": "C",
    "chords_scale": "minor",
    "key_key": "F",
    "key_scale": "major"
}
}