{
"lowlevel": {
    "average_loudness": 0.923113167286,
    "barkbands_crest": {
        "mean": 11.3317699432,
        "var": 31.7429008484
    },
    "barkbands_flatness_db": {
        "mean": 0.139592170715,
        "var": 0.00598091352731
    },
    "barkbands_kurtosis": {
        "mean": 7.39877414703,
        "var": 478.299743652
    },
    "barkbands_skewness": {
        "mean": 1.16310334206,
        "var": 5.02384901047
    },
    "barkbands_spread": {
        "mean": 32.297908783,
        "var": 610.040100098
    },
    "dissonance": {
        "mean": 0.479950904846,
        "var": 0.000519189285114
    },
    "dynamic_complexity": 5.61265182495,
    "erbbands_crest": {
        "mean": 10.0294237137,
        "var": 22.927652359
    },
    "erbbands_flatness_db": {
        "mean": 0.162230506539,
        "var": 0.00533109996468
    },
    "erbbands_kurtosis": {
        "mean": 2.09667491913,
        "var": 19.1622257233
    },
    "erbbands_skewness": {
        "mean": -0.404731363058,
        "var": 1.56723618507
    },
    "erbbands_spread": {
        "mean": 38.7552108765,
        "var": 654.082946777
    },
    "hfc": {
        "mean": 27.4967803955,
        "var": 1713.96154785
    },
    "melbands_crest": {
        "mean": 15.551407814,
        "var": 52.491809845
    },
    "melbands_flatness_db": {
        "mean": 0.193314775825,
        "var": 0.0116779357195
    },
    "melbands_kurtosis": {
        "mean": 22.5968456268,
        "var": 9610.11132813
    },
    "melbands_skewness": {
        "mean": 2.7109246254,
        "var": 9.75370311737
    },
    "melbands_spread": {
        "mean": 45.4496040344,
        "var": 1979.1439209
    },
    "pitch_salience": {
        "mean": 0.564225137234,
        "var": 0.0313445776701
    },
    "silence_rate_20dB": {
        "mean": 1,
        "var": 0
    },
    "silence_rate_30dB": {
        "mean": 0.924304842949,
        "var": 0.0699655413628
    },
    "silence_rate_60dB": {
        "mean": 0.244593203068,
        "var": 0.184761226177
    },
    "spectral_centroid": {
        "mean": 2212.47094727,
        "var": 1599810.5
    },
    "spectral_complexity": {
        "mean": 14.2528324127,
        "var": 136.37121582
    },
    "spectral_decrease": {
        "mean": -6.0089990761e-009,
        "var": 8.67699227678e-017
    },
    "spectral_energy": {
        "mean": 0.0251734424382,
        "var": 0.0013127240818
    },
    "spectral_energyband_high": {
        "mean": 0.0029395930469,
        "var": 2.59444932453e-005
    },
    "spectral_energyband_low": {
        "mean": 0.0159436278045,
        "var": 0.00109101878479
    },
    "spectral_energyband_middle_high": {
        "mean": 0.00287107843906,
        "var": 1.36825710797e-005
    },
    "spectral_energyband_middle_low": {
        "mean": 0.00408784300089,
        "var": 6.89537919243e-005
    },
    "spectral_entropy": {
        "mean": 7.72779130936,
        "var": 0.286586105824
    },
    "spectral_flux": {
        "mean": 0.0855448096991,
        "var": 0.00457742577419
    },
    "spectral_kurtosis": {
        "mean": 5.79405832291,
        "var": 77.8474731445
    },
    "spectral_rms": {
        "mean": 0.00390454963781,
        "var": 9.31392514758e-006
    },
    "spectral_rolloff": {
        "mean": 3103.36376953,
        "var": 8221080.5
    },
    "spectral_skewness": {
        "mean": 1.46413254738,
        "var": 0.878649711609
    },
    "spectral_spread": {
        "mean": 5050636.5,
        "var": 4.94965987738e+012
    },
    "spectral_strongpeak": {
        "mean": 0.664847075939,
        "var": 1.08646333218
    },
    "zerocrossingrate": {
        "mean": 0.104187451303,
        "var": 0.00561180431396
    },
    "barkbands": {
        "mean": [0.00057985575404, 0.011982196942, 0.0027834456414, 0.00121110363398, 0.00121765641961, 0.000631381757557, 0.000378670432838, 0.000264570146101, 0.000300614919979, 0.000300298415823, 0.000200737733394, 0.000846419425216, 0.000147036800627, 0.000127989682369, 0.000102485064417, 0.000129433377879, 0.000149794010213, 0.000174457090907, 0.000350654619979, 0.000909887603484, 0.000770516053308, 0.000578842300456, 0.000313448923407, 0.000250092416536, 0.000242985202931, 0.00021367467707, 1.51769863805e-005],
        "var": [1.69209317846e-006, 0.000744128017686, 9.72273701336e-005, 1.89825896086e-005, 1.09475859063e-005, 2.01781108444e-006, 5.67172321553e-007, 3.84869537129e-007, 6.3199087208e-007, 2.95742950129e-007, 2.68496023637e-007, 2.6592354061e-006, 1.45117581951e-007, 9.5985342341e-008, 1.28965098156e-007, 1.02602555785e-007, 6.948231146e-008, 1.13749401009e-007, 4.30833182463e-007, 3.46376805282e-006, 3.29509930452e-006, 3.12622182719e-006, 3.33084358317e-007, 7.62295201184e-007, 5.78387925998e-007, 7.06783964688e-007, 3.5722016456e-009]
    },
    "erbbands": {
        "mean": [0.372472792864, 2.53312849998, 3.79468131065, 3.65885019302, 4.56019163132, 3.37720513344, 4.72166538239, 5.14995765686, 4.8521270752, 5.91317224503, 5.95205116272, 6.60990047455, 8.94854831696, 9.4653711319, 13.1461353302, 34.8218612671, 8.89325332642, 6.62134313583, 6.49302005768, 4.8643693924, 8.46418094635, 8.72794628143, 9.01150512695, 12.255856514, 24.8794307709, 43.2869720459, 39.8530807495, 24.5131187439, 22.1343193054, 14.0230464935, 8.30677700043, 4.88472652435, 4.49235439301, 2.93832731247, 1.6223539114, 0.97347933054, 0.401621222496, 0.0643379464746, 0.00179208733607, 8.0620215158e-005],
        "var": [0.615507483482, 39.6979255676, 130.578399658, 171.365203857, 200.244338989, 79.0173034668, 130.593261719, 113.93838501, 100.510398865, 161.212844849, 162.960784912, 253.768951416, 350.799163818, 319.706878662, 777.96105957, 4760, 373.966644287, 282.187713623, 320.48727417, 219.387313843, 356.941040039, 233.337936401, 272.285430908, 505.25604248, 2239.82275391, 7684.13867188, 8941.34960938, 3348.02319336, 5462.01318359, 1000.38861084, 252.591186523, 96.6506881714, 357.41986084, 96.612449646, 25.3187847137, 12.9133071899, 2.89220094681, 0.062341786921, 5.15377469128e-005, 3.9050540579e-008]
    },
    "gfcc": {
        "mean": [-60.5747642517, 54.655040741, -106.642219543, 32.2861824036, -61.3420791626, 17.8406677246, -23.2540645599, 11.5772047043, -28.8905620575, 11.3621797562, -10.7475471497, 10.6279716492, -10.9627952576],
        "cov": [[19746.9550781, -3443.22436523, 2215.23193359, 3072.98168945, -768.550720215, 246.601211548, -180.800827026, 387.33996582, -361.161315918, 274.667419434, -505.28302002, 241.953445435, -283.941589355], [-3443.22436523, 3160.1394043, -85.7617797852, -890.838134766, 721.639221191, 120.97303772, 374.772705078, -96.4517593384, 257.267883301, -203.023025513, 253.672729492, -180.661483765, 171.599334717], [2215.23193359, -85.7617797852, 1713.1015625, 863.651550293, 110.21446991, 197.885391235, -36.2261428833, 201.976135254, 10.1655855179, 112.141601563, -181.442352295, -9.885181427, -145.804489136], [3072.98168945, -890.838134766, 863.651550293, 1305.09387207, -98.1679382324, 0.21064735949, 37.4882850647, 128.784545898, -67.9591217041, 129.064422607, -112.599815369, 12.0356349945, -96.9609146118], [-768.550720215, 721.639221191, 110.21446991, -98.1679382324, 545.270324707, 115.403060913, 168.780044556, 84.2093658447, 40.9111404419, -28.1963672638, 80.7511062622, -53.7053413391, 32.9735565186], [246.601211548, 120.97303772, 197.885391235, 0.21064735949, 115.403060913, 269.782623291, 66.5836105347, 28.6918125153, 77.5801391602, -10.7140665054, -11.1951532364, 23.1288909912, -1.6800609827], [-180.800827026, 374.772705078, -36.2261428833, 37.4882850647, 168.780044556, 66.5836105347, 304.2527771, 30.3510494232, 78.7119216919, 31.0395774841, 88.21144104, 1.92282688618, 47.0261993408], [387.33996582, -96.4517593384, 201.976135254, 128.784545898, 84.2093658447, 28.6918125153, 30.3510494232, 193.765151978, 9.86916351318, 55.0860786438, 23.6106796265, 5.29153585434, -17.0128955841], [-361.161315918, 257.267883301, 10.1655855179, -67.9591217041, 40.9111404419, 77.5801391602, 78.7119216919, 9.86916351318, 177.03968811, 17.2658958435, 28.5686912537, 13.8847455978, 20.6871242523], [274.667419434, -203.023025513, 112.141601563, 129.064422607, -28.1963672638, -10.7140665054, 31.0395774841, 55.0860786438, 17.2658958435, 122.427436829, 24.9211540222, 38.080745697, -4.13311243057], [-505.28302002, 253.672729492, -181.442352295, -112.599815369, 80.7511062622, -11.1951532364, 88.21144104, 23.6106796265, 28.5686912537, 24.9211540222, 166.07951355, 27.8340644836, 47.6375083923], [241.953445435, -180.661483765, -9.885181427, 12.0356349945, -53.7053413391, 23.1288909912, 1.92282688618, 5.29153585434, 13.8847455978, 38.080745697, 27.8340644836, 122.652488708, 21.8542938232], [-283.941589355, 171.599334717, -145.804489136, -96.9609146118, 32.9735565186, -1.6800609827, 47.0261993408, -17.0128955841, 20.6871242523, -4.13311243057, 47.6375083923, 21.8542938232, 91.7117614746]],
        "icov": [[9.57641386776e-005, 4.78754191136e-006, -5.39075131201e-007, -0.000189666548977, 0.000114074908197, -0.000146452250192, -1.91969193111e-005, -0.000126523402287, 0.000158815731993, 6.56719275867e-005, 0.000112153466034, -0.000138569521368, -2.92723452731e-005], [4.78754191136e-006, 0.00134696718305, -0.000962343125138, 0.000921523547731, -0.000815242819954, 0.000788163684774, -0.000922163133509, 0.00103602092713, -0.00122550548986, 0.00179593323264, -0.00162439374253, 0.00143977731932, -0.00123051356059], [-5.39075131201e-007, -0.000962343125138, 0.00201659905724, -0.00135508668609, 7.64478027122e-005, -0.00130022980738, 0.00114954332821, -0.001253727125, 0.000617721641902, -0.00197470909916, 0.00209034304135, -0.00102779234294, 0.00162980263121], [-0.000189666548977, 0.000921523547731, -0.00135508668609, 0.00248172972351, -0.000329518719809, 0.00119034340605, -0.00145839084871, 0.000707055383828, -0.000469652062748, 0.00052555790171, -0.000922787352465, 0.00119042850565, -0.000497491681017], [0.000114074908197, -0.000815242819954, 7.64478027122e-005, -0.000329518719809, 0.00384967122227, -0.00150297407527, -0.000853717967402, -0.00193871743977, 0.00151772529352, 0.000172202955582, -0.000144748119055, 0.000496924854815, -5.96099744143e-005], [-0.000146452250192, 0.000788163684774, -0.00130022980738, 0.00119034340605, -0.00150297407527, 0.00640442408621, -0.00145156891085, 0.000606206769589, -0.00290128635243, 0.00264196889475, -8.97259669728e-005, -0.00108691572677, -0.000143215554999], [-1.91969193111e-005, -0.000922163133509, 0.00114954332821, -0.00145839084871, -0.000853717967402, -0.00145156891085, 0.0063066938892, -0.000256624654867, -0.000847394287121, -0.00253379787318, -0.000658730976284, -0.000133844165248, -0.000598373473622], [-0.000126523402287, 0.00103602092713, -0.001253727125, 0.000707055383828, -0.00193871743977, 0.000606206769589, -0.000256624654867, 0.00832174066454, -0.00112785131205, -0.00139187159948, -0.00279217585921, 0.00146240997128, 0.000101114579593], [0.000158815731993, -0.00122550548986, 0.000617721641902, -0.000469652062748, 0.00151772529352, -0.00290128635243, -0.000847394287121, -0.00112785131205, 0.00900895055383, -0.00278426753357, 0.00137604365591, -0.00127507548314, 0.000328193476889], [6.56719275867e-005, 0.00179593323264, -0.00197470909916, 0.00052555790171, 0.000172202955582, 0.00264196889475, -0.00253379787318, -0.00139187159948, -0.00278426753357, 0.0154091119766, -0.00402815127745, -0.00140095350798, -0.000964621722233], [0.000112153466034, -0.00162439374253, 0.00209034304135, -0.000922787352465, -0.000144748119055, -8.97259669728e-005, -0.000658730976284, -0.00279217585921, 0.00137604365591, -0.00402815127745, 0.0124603556469, -0.00392785761505, -0.000423731427873], [-0.000138569521368, 0.00143977731932, -0.00102779234294, 0.00119042850565, 0.000496924854815, -0.00108691572677, -0.000133844165248, 0.00146240997128, -0.00127507548314, -0.00140095350798, -0.00392785761505, 0.0129231102765, -0.00417181383818], [-2.92723452731e-005, -0.00123051356059, 0.00162980263121, -0.000497491681017, -5.96099744143e-005, -0.000143215554999, -0.000598373473622, 0.000101114579593, 0.000328193476889, -0.000964621722233, -0.000423731427873, -0.00417181383818, 0.0166216921061]]
    },
    "melbands": {
        "mean": [0.0033664337825, 0.00252559524961, 0.000687097315677, 0.000278911436908, 0.000161892196047, 0.000115159651614, 7.44127828511e-005, 6.30355934845e-005, 4.66577475891e-005, 4.30839536421e-005, 4.51790183433e-005, 3.85887578886e-005, 3.0861414416e-005, 9.94848815026e-005, 4.78855145047e-005, 1.3382536963e-005, 1.19556443678e-005, 1.07027763079e-005, 7.47644571675e-006, 6.09187873124e-006, 1.10136779767e-005, 9.22136496229e-006, 7.12287874194e-006, 8.79031085788e-006, 9.3977605502e-006, 1.48787030412e-005, 2.30904588534e-005, 3.03559154418e-005, 2.72414199571e-005, 1.82841176866e-005, 1.26179957078e-005, 1.27299026644e-005, 1.06915249489e-005, 6.59055467622e-006, 4.88007526656e-006, 3.72843715013e-006, 2.79625760413e-006, 2.92117965728e-006, 3.54206235897e-006, 2.11569067687e-006],
        "var": [5.40845576325e-005, 4.07607294619e-005, 4.85030659547e-006, 6.52904475373e-007, 1.4825296546e-007, 6.02623018153e-008, 2.25305676338e-008, 1.88073734364e-008, 9.91830884089e-009, 1.22186074591e-008, 8.71993943719e-009, 5.211090226e-009, 5.88366688703e-009, 3.83585962993e-008, 1.06615543061e-008, 1.26564059233e-009, 9.98537696972e-010, 7.61362528579e-010, 7.82407583166e-010, 3.42177619572e-010, 6.27611296267e-010, 2.71872940827e-010, 1.90079382789e-010, 3.0403127238e-010, 3.2862099153e-010, 8.43786929217e-010, 2.23642060426e-009, 4.33300195724e-009, 4.65867433519e-009, 2.33130492688e-009, 1.00555430649e-009, 2.19144302704e-009, 9.14800735163e-010, 1.87904664051e-010, 8.88946000144e-011, 6.86073350908e-011, 3.24433535592e-011, 9.8020029593e-011, 4.55274901112e-010, 3.47406894918e-011]
    },
    "mfcc": {
        "mean": [-704.851623535, 86.9193496704, 11.0993099213, 20.5951805115, -9.33610439301, 8.69997024536, 10.778927803, 5.45545291901, -1.0911962986, -0.902531325817, -0.416710734367, 7.07223463058, 7.76245069504],
        "cov": [[16418.9296875, -3007.07373047, 1407.31787109, 2237.57348633, -23.5882167816, 212.240112305, 53.3796844482, 99.7213821411, 166.482055664, -78.9852676392, -169.759399414, 233.917816162, 167.835510254], [-3007.07373047, 3107.03857422, -253.357925415, -669.148376465, 286.582611084, 98.2705764771, 243.562438965, 173.462341309, 104.659919739, 59.6110038757, 101.093109131, -12.7188539505, -23.5573692322], [1407.31787109, -253.357925415, 1219.37670898, 646.960998535, 211.581710815, 167.80027771, -22.3352069855, 61.5104751587, 130.541549683, 40.7697525024, 61.6608810425, 60.6059036255, 22.0695571899], [2237.57348633, -669.148376465, 646.960998535, 1150.58215332, 105.448562622, 74.6560211182, 132.251571655, 9.6933965683, 83.970451355, 85.3386001587, -13.3648862839, 101.324996948, 87.688369751], [-23.5882167816, 286.582611084, 211.581710815, 105.448562622, 374.645477295, 57.9135971069, 104.585426331, 74.1317520142, 52.9493942261, 63.8617858887, 37.0681991577, -17.7651042938, -31.1755199432], [212.240112305, 98.2705764771, 167.80027771, 74.6560211182, 57.9135971069, 261.739501953, 38.4434318542, 75.6391143799, 81.842300415, 0.903630912304, 39.1318435669, 17.6152839661, 3.19131231308], [53.3796844482, 243.562438965, -22.3352069855, 132.251571655, 104.585426331, 38.4434318542, 255.36088562, 63.392162323, 39.9177589417, 60.9099311829, 10.1353750229, 41.1414718628, 44.5137710571], [99.7213821411, 173.462341309, 61.5104751587, 9.6933965683, 74.1317520142, 75.6391143799, 63.392162323, 150.718078613, 61.1653556824, 23.7261981964, 41.1448326111, 28.7567672729, 20.5692253113], [166.482055664, 104.659919739, 130.541549683, 83.970451355, 52.9493942261, 81.842300415, 39.9177589417, 61.1653556824, 120.442016602, 48.8581542969, 39.0464057922, 22.0745868683, 2.09595680237], [-78.9852676392, 59.6110038757, 40.7697525024, 85.3386001587, 63.8617858887, 0.903630912304, 60.9099311829, 23.7261981964, 48.8581542969, 124.405853271, 52.0396461487, -0.230642661452, -14.4656219482], [-169.759399414, 101.093109131, 61.6608810425, -13.3648862839, 37.0681991577, 39.1318435669, 10.1353750229, 41.1448326111, 39.0464057922, 52.0396461487, 98.7697753906, 24.0688438416, 0.348489016294], [233.917816162, -12.7188539505, 60.6059036255, 101.324996948, -17.7651042938, 17.6152839661, 41.1414718628, 28.7567672729, 22.0745868683, -0.230642661452, 24.0688438416, 125.413154602, 96.0388259888], [167.835510254, -23.5573692322, 22.0695571899, 87.688369751, -31.1755199432, 3.19131231308, 44.5137710571, 20.5692253113, 2.09595680237, -14.4656219482, 0.348489016294, 96.0388259888, 169.520172119]],
        "icov": [[9.8410208011e-005, 6.68058783049e-005, -1.76978846866e-005, -0.000143452140037, 1.31056749524e-005, 2.69918314189e-006, -7.95378218754e-006, -0.00014324800577, -9.7002433904e-005, 0.000153914137627, 0.00012108815281, -7.0408830652e-005, 6.41622027615e-005], [6.68058783049e-005, 0.000534830905963, -4.13978050346e-005, 0.00030625652289, -0.000264312315267, 6.91776904205e-006, -0.000516434316523, -0.000152444379637, -0.000412251421949, 0.000206170705496, -8.52168159327e-005, -5.26627081854e-005, 1.322006392e-005], [-1.76978846866e-005, -4.13978050346e-005, 0.00164577644318, -0.000923415122088, -0.000814425293356, -0.000369045796106, 0.00106945214793, 6.79711884004e-005, -0.000837062252685, 0.000650687667076, -0.000804435054306, -0.000139844079968, -9.97928782454e-006], [-0.000143452140037, 0.00030625652289, -0.000923415122088, 0.00221473164856, -6.6055014031e-005, -0.000162144686328, -0.00108268647455, 0.000673005881254, -8.30461576697e-005, -0.00156517210416, 0.00129594223108, -0.000826589239296, -0.000314184260787], [1.31056749524e-005, -0.000264312315267, -0.000814425293356, -6.6055014031e-005, 0.00415897555649, 3.70538946299e-005, -0.00137247610837, -0.00118907343131, 0.000524192641024, -0.00083697354421, -0.000201812756131, 0.00117603631224, 0.000615570985246], [2.69918314189e-006, 6.91776904205e-006, -0.000369045796106, -0.000162144686328, 3.70538946299e-005, 0.00581960100681, -0.000830053002574, -0.00121747993398, -0.00328877754509, 0.00295631284826, -0.00198663212359, 0.00085023639258, 0.000208481986192], [-7.95378218754e-006, -0.000516434316523, 0.00106945214793, -0.00108268647455, -0.00137247610837, -0.000830053002574, 0.00713616702706, -0.00158397143241, 0.00047412852291, -0.00310997385532, 0.00229615275748, -0.00151543645188, -0.000978942378424], [-0.00014324800577, -0.000152444379637, 6.79711884004e-005, 0.000673005881254, -0.00118907343131, -0.00121747993398, -0.00158397143241, 0.0107972538099, -0.00332496548072, 0.00112102238927, -0.00259829475544, -0.000504584400915, -0.000898304628208], [-9.7002433904e-005, -0.000412251421949, -0.000837062252685, -8.30461576697e-005, 0.000524192641024, -0.00328877754509, 0.00047412852291, -0.00332496548072, 0.0157785546035, -0.00562046468258, 0.000390826840885, -0.00189417542424, 0.00102555565536], [0.000153914137627, 0.000206170705496, 0.000650687667076, -0.00156517210416, -0.00083697354421, 0.00295631284826, -0.00310997385532, 0.00112102238927, -0.00562046468258, 0.0166248548776, -0.0088209528476, 0.0029170284979, 0.00092589110136], [0.00012108815281, -8.52168159327e-005, -0.000804435054306, 0.00129594223108, -0.000201812756131, -0.00198663212359, 0.00229615275748, -0.00259829475544, 0.000390826840885, -0.0088209528476, 0.0186281744391, -0.00546899810433, 0.00131778779905], [-7.0408830652e-005, -5.26627081854e-005, -0.000139844079968, -0.000826589239296, 0.00117603631224, 0.00085023639258, -0.00151543645188, -0.000504584400915, -0.00189417542424, 0.0029170284979, -0.00546899810433, 0.017260318622, -0.00832736399025], [6.41622027615e-005, 1.322006392e-005, -9.97928782454e-006, -0.000314184260787, 0.000615570985246, 0.000208481986192, -0.000978942378424, -0.000898304628208, 0.00102555565536, 0.00092589110136, 0.00131778779905, -0.00832736399025, 0.0112578198314]]
    },
    "spectral_contrast_coeffs": {
        "mean": [-0.715114116669, -0.807425498962, -0.800025880337, -0.811909258366, -0.79133528471, -0.758776545525],
        "var": [0.00879537686706, 0.00284822424874, 0.00411027483642, 0.00249242968857, 0.00424925610423, 0.00469684554264]
    },
    "spectral_contrast_valleys": {
        "mean": [-8.06418895721, -7.30703783035, -7.73986721039, -8.44499778748, -8.00494098663, -10.362323761],
        "var": [2.97311425209, 1.57793402672, 1.39893257618, 1.39549148083, 2.54139924049, 3.5209915638]
    }
},
"metadata": {
    "audio_properties": {
        "analysis_sample_rate": 44100,
        "bit_rate": 128074,
        "equal_loudness": 0,
        "length": 45.0612258911,
        "lossless": 0,
        "replay_gain": -5.86671066284,
        "sample_rate": 44100,
        "codec": "mp3",
        "downmix": "mix",
        "md5_encoded": "43a5fee41f17b103fcb9f5b10e6f8ac0"
    },
    "tags": {
        "file_name": "1399.mp3"
    },
    "version": {
        "essentia": "2.1-beta2",
        "essentia_git_sha": "v2.1_beta2",
        "extractor": "music 1.0"
    }
},
"rhythm": {
    "beats_count": 89,
    "beats_loudness": {
        "mean": 0.0472900345922,
        "var": 0.00245754257776
    },
    "bpm": 119.822395325,
    "bpm_histogram_first_peak_bpm": {
        "mean": 120,
        "var": 0
    },
    "bpm_histogram_first_peak_spread": {
        "mean": 0.25925925374,
        "var": 0
    },
    "bpm_histogram_first_peak_weight": {
        "mean": 0.681818187237,
        "var": 0
    },
    "bpm_histogram_second_peak_bpm": {
        "mean": 115,
        "var": 0
    },
    "bpm_histogram_second_peak_spread": {
        "mean": 0.285714238882,
        "var": 0
    },
    "bpm_histogram_second_peak_weight": {
        "mean": 0.0568181835115,
        "var": 0
    },
    "danceability": 1.19569063187,
    "onset_rate": 4.90222787857,
    "beats_loudness_band_ratio": {
        "mean": [0.488034576178, 0.0781479105353, 0.0553359352052, 0.122032441199, 0.0457616969943, 0.234622508287],
        "var": [0.136927306652, 0.0123153105378, 0.00464655924588, 0.0484347678721, 0.00341699225828, 0.0736577138305]
    },
    "beats_position": [0.46439909935, 0.952018141747, 1.45124709606, 1.95047616959, 2.4497051239, 2.94893407822, 3.44816327095, 3.94739222527, 4.446621418, 4.94585037231, 5.45668935776, 5.95591831207, 6.45514726639, 6.9543762207, 7.45360517502, 7.96444416046, 8.46367359161, 8.98612213135, 9.49696159363, 10.0078001022, 10.5418596268, 11.0759181976, 11.5983667374, 12.1208162308, 12.6316547394, 13.1541042328, 13.6649427414, 14.1873922348, 14.6982307434, 15.1974601746, 15.7082986832, 16.2075271606, 16.7067565918, 17.2059860229, 17.7052154541, 18.2044448853, 18.7036724091, 19.2029018402, 19.7021312714, 20.2013607025, 20.7121982574, 21.2114276886, 21.7106571198, 22.1982765198, 22.6975059509, 23.2083435059, 23.707572937, 24.2068023682, 24.7060317993, 25.2168693542, 25.7160987854, 26.2153282166, 26.7029476166, 27.2137870789, 27.7130146027, 28.2122440338, 28.711473465, 29.2107028961, 29.7099323273, 30.2091598511, 30.6967792511, 31.1960086823, 31.7068481445, 32.2060775757, 32.7053070068, 33.204536438, 33.7037620544, 34.2029914856, 34.7022209167, 35.2014503479, 35.7006797791, 36.1999092102, 36.7107467651, 37.2099761963, 37.7092056274, 38.2084350586, 38.7076644897, 39.2185020447, 39.7177314758, 40.216960907, 40.7161903381, 41.2154197693, 41.7146492004, 42.2138786316, 42.7014961243, 43.2123336792, 43.7115631104, 44.2107925415, 44.7100219727]
},
"tonal": {
    "chords_changes_rate": 0.0802469104528,
    "chords_number_rate": 0.0123456791043,
    "chords_strength": {
        "mean": 0.437891513109,
        "var": 0.00818442553282
    },
    "hpcp_entropy": {
        "mean": 2.5533914566,
        "var": 0.657791614532
    },
    "key_strength": 0.460796296597,
    "tuning_diatonic_strength": 0.391903728247,
    "tuning_equal_tempered_deviation": 0.219929620624,
    "tuning_frequency": 434.193115234,
    "tuning_nontempered_energy_ratio": 0.870648860931,
    "hpcp": {
        "mean": [0.193720877171, 0.198775961995, 0.166312023997, 0.159721359611, 0.162046298385, 0.155939280987, 0.179661884904, 0.205591604114, 0.20056964457, 0.185712039471, 0.167884603143, 0.157821297646, 0.178501963615, 0.234172657132, 0.252519279718, 0.246995255351, 0.264873623848, 0.235442772508, 0.182428106666, 0.148156702518, 0.116864852607, 0.0963555201888, 0.0848042890429, 0.174736917019, 0.284246742725, 0.203197300434, 0.102935165167, 0.109374396503, 0.117862328887, 0.155274376273, 0.220949023962, 0.213155835867, 0.157490283251, 0.143357783556, 0.149222701788, 0.15911360085],
        "var": [0.0682081133127, 0.0732852295041, 0.0520607568324, 0.0529778301716, 0.0564589202404, 0.0496844239533, 0.0538563504815, 0.0637472048402, 0.0681959316134, 0.0617626383901, 0.0506897121668, 0.0472971908748, 0.0512331686914, 0.0759918764234, 0.0874742865562, 0.0828300490975, 0.0958544239402, 0.0825929865241, 0.0569585189223, 0.0484227947891, 0.0321182012558, 0.0294138863683, 0.0242888666689, 0.0478331372142, 0.118714556098, 0.0515355058014, 0.0266760736704, 0.0340212620795, 0.0371993295848, 0.0446725413203, 0.0859601944685, 0.0709430575371, 0.0471548736095, 0.0429142266512, 0.0469096675515, 0.0560604408383]
    },
    "chords_histogram": [0.102880656719, 1.64609050751, 0.411522626877, 0.102880656719, 0, 1.23456788063, 2.16049385071, 0.102880656719, 0, 5.34979438782, 3.39506173134, 0.617283940315, 0.411522626877, 0, 3.08641982079, 3.39506173134, 1.54320991039, 34.6707801819, 3.70370364189, 0, 0, 0, 36.7283935547, 1.33744859695],
    "thpcp": [1, 0.714862346649, 0.362133145332, 0.384786814451, 0.414647936821, 0.546266138554, 0.777314186096, 0.749897181988, 0.554061889648, 0.504342734814, 0.524975955486, 0.559772849083, 0.681523621082, 0.699307799339, 0.585097372532, 0.5619109869, 0.57009023428, 0.548605322838, 0.632063150406, 0.723285675049, 0.705618083477, 0.653347969055, 0.590629816055, 0.555226385593, 0.627982437611, 0.823835849762, 0.888380587101, 0.868946671486, 0.931843996048, 0.828304231167, 0.641794860363, 0.521225690842, 0.411138743162, 0.338985472918, 0.298347443342, 0.614736735821],
    "chords_key": "G",
    "chords_scale": "major",
    "key_key": "D",
    "key_scale": "major"
}
}