{
"lowlevel": {
    "average_loudness": 0.965303421021,
    "barkbands_crest": {
        "mean": 11.3813695908,
        "var": 10.8984870911
    },
    "barkbands_flatness_db": {
        "mean": 0.301343590021,
        "var": 0.00121003063396
    },
    "barkbands_kurtosis": {
        "mean": 3.63339066505,
        "var": 9.43144226074
    },
    "barkbands_skewness": {
        "mean": 1.64893269539,
        "var": 0.656495213509
    },
    "barkbands_spread": {
        "mean": 9.41072463989,
        "var": 11.2541923523
    },
    "dissonance": {
        "mean": 0.438941419125,
        "var": 0.00123663712293
    },
    "dynamic_complexity": 2.45770311356,
    "erbbands_crest": {
        "mean": 9.66367435455,
        "var": 32.5776748657
    },
    "erbbands_flatness_db": {
        "mean": 0.286824017763,
        "var": 0.000719565665349
    },
    "erbbands_kurtosis": {
        "mean": 0.0551186800003,
        "var": 6.970038414
    },
    "erbbands_skewness": {
        "mean": 0.0275594703853,
        "var": 0.228521749377
    },
    "erbbands_spread": {
        "mean": 23.752122879,
        "var": 50.0934829712
    },
    "hfc": {
        "mean": 15.4553318024,
        "var": 117.20539856
    },
    "melbands_crest": {
        "mean": 13.9443969727,
        "var": 8.90011692047
    },
    "melbands_flatness_db": {
        "mean": 0.402151674032,
        "var": 0.00229052221403
    },
    "melbands_kurtosis": {
        "mean": 8.97987556458,
        "var": 40.8654747009
    },
    "melbands_skewness": {
        "mean": 2.46088767052,
        "var": 0.957100749016
    },
    "melbands_spread": {
        "mean": 10.5734996796,
        "var": 55.0599517822
    },
    "pitch_salience": {
        "mean": 0.520759999752,
        "var": 0.00680127134547
    },
    "silence_rate_20dB": {
        "mean": 1,
        "var": 0
    },
    "silence_rate_30dB": {
        "mean": 0.966031908989,
        "var": 0.0328138917685
    },
    "silence_rate_60dB": {
        "mean": 0.0555841475725,
        "var": 0.0524948723614
    },
    "spectral_centroid": {
        "mean": 563.137023926,
        "var": 202055.4375
    },
    "spectral_complexity": {
        "mean": 15.845085144,
        "var": 25.292974472
    },
    "spectral_decrease": {
        "mean": -1.34195330403e-008,
        "var": 4.77860618598e-017
    },
    "spectral_energy": {
        "mean": 0.0520502477884,
        "var": 0.000722051830962
    },
    "spectral_energyband_high": {
        "mean": 1.05390918179e-005,
        "var": 6.25519636088e-010
    },
    "spectral_energyband_low": {
        "mean": 0.0295334998518,
        "var": 0.000339591410011
    },
    "spectral_energyband_middle_high": {
        "mean": 0.00543884886429,
        "var": 4.2160263547e-005
    },
    "spectral_energyband_middle_low": {
        "mean": 0.020913945511,
        "var": 0.000181012423127
    },
    "spectral_entropy": {
        "mean": 6.50234031677,
        "var": 0.0613954178989
    },
    "spectral_flux": {
        "mean": 0.0717394202948,
        "var": 0.00138293742202
    },
    "spectral_kurtosis": {
        "mean": 26.5482807159,
        "var": 261.686401367
    },
    "spectral_rms": {
        "mean": 0.00678165815771,
        "var": 4.78970559925e-006
    },
    "spectral_rolloff": {
        "mean": 575.545715332,
        "var": 778033.25
    },
    "spectral_skewness": {
        "mean": 3.04318761826,
        "var": 1.11320090294
    },
    "spectral_spread": {
        "mean": 1421479.5,
        "var": 2.56160877773e+012
    },
    "spectral_strongpeak": {
        "mean": 0.621976137161,
        "var": 0.691249549389
    },
    "zerocrossingrate": {
        "mean": 0.0223091505468,
        "var": 0.00054266792722
    },
    "barkbands": {
        "mean": [6.93033507559e-005, 0.0201591067016, 0.00551495607942, 0.00569422030821, 0.00706829549745, 0.00289371656254, 0.00187280471437, 0.0014595775865, 0.0017791390419, 0.00147974677384, 0.00123817718122, 0.00103017070796, 0.000748052378185, 0.000312793679768, 0.000213339691982, 0.000270958320471, 0.000120146112749, 6.66243286105e-005, 4.48062201031e-005, 9.44833391259e-006, 3.20706431012e-006, 1.41325517689e-006, 1.95634555666e-007, 3.45369848276e-008, 8.71022098892e-009, 3.14192694084e-009, 2.26179963647e-009],
        "var": [8.69262350989e-009, 0.000182555493666, 1.86247016245e-005, 2.19504672714e-005, 3.60270787496e-005, 5.54044436285e-006, 2.84665998151e-006, 4.83091071146e-006, 1.36040216603e-005, 1.46125566971e-005, 1.09390612124e-005, 5.13445775141e-006, 7.79026265718e-007, 1.87104674865e-007, 5.25165084753e-008, 7.3037107029e-008, 3.3047928838e-008, 8.21552603725e-009, 1.15324647609e-008, 6.34826802237e-010, 2.57901842243e-011, 7.29003229311e-012, 6.1022660449e-013, 2.34300900621e-014, 6.62814504413e-015, 3.7155400928e-015, 1.75063911918e-015]
    },
    "erbbands": {
        "mean": [0.406072348356, 5.0676035881, 6.94294071198, 16.2687358856, 21.1849937439, 21.4506282806, 25.0629024506, 22.1298408508, 29.6191101074, 24.9930915833, 32.1222000122, 30.0829772949, 41.358921051, 58.2006759644, 65.8967590332, 45.2322387695, 39.3848876953, 21.9142456055, 7.79997634888, 12.280714035, 14.9610548019, 6.64491319656, 4.40718126297, 2.83238983154, 1.26047468185, 0.50430059433, 0.234880432487, 0.0926414504647, 0.0511856600642, 0.016359558329, 0.00368681270629, 0.00165508233476, 0.000471258244943, 0.00016298070841, 7.38271337468e-005, 4.15142822021e-005, 2.01914936042e-005, 4.11470455219e-006, 2.44577731792e-005, 5.75979647692e-005],
        "var": [0.0905198156834, 12.3039016724, 31.1249637604, 136.556411743, 771.509521484, 340.729064941, 453.483612061, 486.043670654, 658.360778809, 828.780700684, 2598.921875, 2785.20019531, 7222.01855469, 20317.4003906, 27097.4296875, 11188.0576172, 1870.89990234, 744.700439453, 85.3550949097, 135.089294434, 277.324157715, 60.1473884583, 36.4816017151, 51.3127441406, 11.8101511002, 1.77983415127, 0.287378758192, 0.0212146304548, 0.0075122746639, 0.00150443299208, 7.8496603237e-005, 6.71348825563e-005, 3.34674359692e-006, 1.11178815132e-006, 2.51442457966e-007, 6.31804226714e-008, 1.23597549972e-008, 1.73708303297e-009, 2.21301921233e-010, 8.89497087098e-010]
    },
    "gfcc": {
        "mean": [-96.0933303833, 245.824539185, -140.045578003, 8.27429294586, -4.07687854767, -19.8301296234, -3.23247385025, -17.1122379303, -3.33056545258, -13.2649784088, -3.51986765862, -4.91198205948, -1.99825906754],
        "cov": [[6352.96630859, 541.088623047, -528.416015625, 419.706207275, -93.341293335, -140.300369263, 160.133468628, -81.0774459839, 115.42943573, -94.7696304321, -7.01225233078, 73.7717666626, -20.9868927002], [541.088623047, 369.822387695, 68.0614471436, -54.2146568298, 140.568786621, -68.5778121948, -15.1281766891, -22.3821144104, 49.4265594482, 42.2179794312, -15.5281219482, 9.63441848755, 7.92029047012], [-528.416015625, 68.0614471436, 235.332077026, -24.8027076721, 118.045951843, 5.55647516251, -29.1134757996, 26.2707843781, 37.0677375793, 53.1463394165, 13.7553405762, 10.4051580429, -2.57969784737], [419.706207275, -54.2146568298, -24.8027076721, 138.846130371, -16.6014232635, 8.30111408234, 15.1181077957, -10.4583797455, 35.4288597107, 3.88075590134, 30.1105632782, 11.8450956345, -22.319437027], [-93.341293335, 140.568786621, 118.045951843, -16.6014232635, 149.207901001, -10.1117477417, -3.37677145004, -1.29263758659, 21.0297451019, 41.2456817627, 5.49959373474, 21.056930542, 1.99799180031], [-140.300369263, -68.5778121948, 5.55647516251, 8.30111408234, -10.1117477417, 74.8956985474, 19.1626186371, 26.1986637115, -2.65798377991, -11.0301084518, 21.1167430878, 5.98787879944, 3.00925397873], [160.133468628, -15.1281766891, -29.1134757996, 15.1181077957, -3.37677145004, 19.1626186371, 73.5535125732, 19.3172931671, -18.2917919159, -25.0699272156, -3.78417825699, 18.2902526855, 19.018989563], [-81.0774459839, -22.3821144104, 26.2707843781, -10.4583797455, -1.29263758659, 26.1986637115, 19.3172931671, 63.3062477112, 8.44504261017, -13.5141716003, 1.79703378677, -6.73291873932, 10.1567525864], [115.42943573, 49.4265594482, 37.0677375793, 35.4288597107, 21.0297451019, -2.65798377991, -18.2917919159, 8.44504261017, 108.114601135, 35.7242469788, -3.45068383217, -15.0294942856, -25.7985553741], [-94.7696304321, 42.2179794312, 53.1463394165, 3.88075590134, 41.2456817627, -11.0301084518, -25.0699272156, -13.5141716003, 35.7242469788, 60.670753479, 12.3944406509, -2.15250968933, -9.93836307526], [-7.01225233078, -15.5281219482, 13.7553405762, 30.1105632782, 5.49959373474, 21.1167430878, -3.78417825699, 1.79703378677, -3.45068383217, 12.3944406509, 60.8479347229, 17.7210502625, -11.4273176193], [73.7717666626, 9.63441848755, 10.4051580429, 11.8450956345, 21.056930542, 5.98787879944, 18.2902526855, -6.73291873932, -15.0294942856, -2.15250968933, 17.7210502625, 48.5513534546, 15.7827339172], [-20.9868927002, 7.92029047012, -2.57969784737, -22.319437027, 1.99799180031, 3.00925397873, 19.018989563, 10.1567525864, -25.7985553741, -9.93836307526, -11.4273176193, 15.7827339172, 46.2444038391]],
        "icov": [[0.000563978916034, -0.00185151980259, 0.0010714570526, -0.00232175947167, 0.00100836006459, -0.000156797745149, -9.53540220507e-005, -0.00096153805498, 0.000539174303412, -3.50903101207e-005, 0.000942197337281, -0.00104570447002, 0.000612252275459], [-0.00185151980259, 0.0133440420032, -0.00160417170264, 0.0113807925954, -0.0108860442415, 0.00641193427145, -0.000787467171904, 0.00550089916214, -0.00745129305869, 0.00306851021014, -0.00702645070851, 0.00489035528153, -0.00545632233843], [0.0010714570526, -0.00160417170264, 0.0122596807778, -0.00315227662213, -0.00625646766275, -3.88034595744e-006, 0.0041087786667, -0.00770876044407, -4.78901456518e-005, -0.00380329438485, 0.00183054176159, -0.00434097461402, 0.00128709839191], [-0.00232175947167, 0.0113807925954, -0.00315227662213, 0.0230836886913, -0.00627449108288, 0.00442230189219, -0.00493871420622, 0.00880377646536, -0.0108014186844, 0.00346037512645, -0.0121209314093, 0.00323988380842, -0.00133977422956], [0.00100836006459, -0.0108860442415, -0.00625646766275, -0.00627449108288, 0.0235815476626, -0.00458229705691, -0.00314011541195, -0.00225198292173, 0.00623515201733, -0.00794409029186, 0.0067168106325, -0.00819321162999, 0.00623732432723], [-0.000156797745149, 0.00641193427145, -3.88034595744e-006, 0.00442230189219, -0.00458229705691, 0.0236682426184, -0.00484612444416, -0.00261746440083, -0.00596792437136, 0.00515380594879, -0.0112326880917, 0.00203830213286, -0.00350247230381], [-9.53540220507e-005, -0.000787467171904, 0.0041087786667, -0.00493871420622, -0.00314011541195, -0.00484612444416, 0.0245727803558, -0.00916633196175, 0.00375342974439, 0.00216315221041, 0.00675782421604, -0.00829177256674, -0.00264603667893], [-0.00096153805498, 0.00550089916214, -0.00770876044407, 0.00880377646536, -0.00225198292173, -0.00261746440083, -0.00916633196175, 0.0329144373536, -0.0108731715009, 0.0127622010186, -0.0113665033132, 0.0143712712452, -0.0117877181619], [0.000539174303412, -0.00745129305869, -4.78901456518e-005, -0.0108014186844, 0.00623515201733, -0.00596792437136, 0.00375342974439, -0.0108731715009, 0.0230091102421, -0.0138560878113, 0.0128963803872, -0.00352799729444, 0.0115176141262], [-3.50903101207e-005, 0.00306851021014, -0.00380329438485, 0.00346037512645, -0.00794409029186, 0.00515380594879, 0.00216315221041, 0.0127622010186, -0.0138560878113, 0.0373340062797, -0.0139007112011, 0.00848167110234, -0.00880448147655], [0.000942197337281, -0.00702645070851, 0.00183054176159, -0.0121209314093, 0.0067168106325, -0.0112326880917, 0.00675782421604, -0.0113665033132, 0.0128963803872, -0.0139007112011, 0.035999443382, -0.0178374424577, 0.0152315767482], [-0.00104570447002, 0.00489035528153, -0.00434097461402, 0.00323988380842, -0.00819321162999, 0.00203830213286, -0.00829177256674, 0.0143712712452, -0.00352799729444, 0.00848167110234, -0.0178374424577, 0.0414944477379, -0.0182302389294], [0.000612252275459, -0.00545632233843, 0.00128709839191, -0.00133977422956, 0.00623732432723, -0.00350247230381, -0.00264603667893, -0.0117877181619, 0.0115176141262, -0.00880448147655, 0.0152315767482, -0.0182302389294, 0.0404162332416]]
    },
    "melbands": {
        "mean": [0.00494199385867, 0.00501454155892, 0.00288946274668, 0.00145233410876, 0.000926373060793, 0.00050361151807, 0.000451468629763, 0.000274287012871, 0.000238468011958, 0.00022544892272, 0.000211255974136, 0.000237833621213, 0.000176245739567, 0.00016498225159, 9.43276900216e-005, 6.88701838953e-005, 3.57201424777e-005, 8.56799215398e-006, 1.94066233234e-005, 1.43025263242e-005, 1.84106447705e-005, 5.64901847611e-006, 7.14354246156e-006, 2.17667320612e-006, 2.35648803937e-006, 1.22219773857e-006, 3.69809157519e-007, 3.21112423762e-007, 1.62869568499e-007, 9.23226792793e-008, 4.45892673895e-008, 3.08147782846e-008, 2.03351095962e-008, 5.24631715848e-009, 1.5534725728e-009, 2.028885282e-009, 5.51975576357e-010, 3.44203859859e-010, 1.37492198182e-010, 9.85320228186e-011],
        "var": [1.06985271486e-005, 1.35328609758e-005, 4.12964118368e-006, 1.82193468845e-006, 5.8970573491e-007, 2.28365024668e-007, 1.42857999208e-007, 1.10449590807e-007, 1.55491221676e-007, 1.87968041132e-007, 1.89439163023e-007, 3.91881656014e-007, 1.99727239192e-007, 1.03041294608e-007, 1.70653446929e-008, 6.10054939898e-009, 2.3987647424e-009, 1.46958459291e-010, 3.99170030363e-010, 2.19741808083e-010, 5.16358011904e-010, 5.36512952121e-011, 1.7183988954e-010, 1.42844182663e-011, 4.8815639031e-011, 7.6054761447e-012, 1.41408033286e-012, 9.47770291068e-013, 2.98761503818e-013, 1.99535788554e-014, 8.66475656822e-015, 4.14320025161e-015, 1.18104969621e-015, 5.59708307178e-016, 1.15314908275e-017, 1.07619473328e-016, 7.37012218239e-018, 1.93252717586e-018, 8.43679763846e-019, 7.28584147356e-019]
    },
    "mfcc": {
        "mean": [-725.278503418, 257.5362854, -31.8378543854, 25.3451023102, 18.2861194611, 6.19932126999, 6.85048723221, 4.25316572189, 5.20678901672, -6.95195913315, 1.60143351555, 4.53431940079, 1.35027837753],
        "cov": [[3477.91870117, 817.36328125, -771.560241699, 671.536560059, -290.077056885, 63.0091934204, -11.1960372925, 32.238483429, 93.509513855, -108.285957336, 85.6069107056, -18.95744133, 9.91966342926], [817.36328125, 550.439453125, -107.900894165, 119.598770142, 101.86920929, -24.2777938843, 9.12982368469, -15.4012746811, 38.8520317078, 0.50494748354, 23.3166103363, 9.84847831726, -0.477309376001], [-771.560241699, -107.900894165, 242.869934082, -139.470657349, 114.854042053, -9.23096466064, -14.8471183777, -4.75494480133, -18.3994655609, 43.3058052063, 0.0717059522867, 18.877117157, -1.10203278065], [671.536560059, 119.598770142, -139.470657349, 205.766906738, -36.2228240967, 25.0016269684, -8.36513614655, -3.10756921768, 12.185213089, -26.5737113953, 43.4009971619, 9.74576759338, 11.6064243317], [-290.077056885, 101.86920929, 114.854042053, -36.2228240967, 183.788391113, 2.93543124199, -13.1895074844, -15.5976743698, -19.2825737, 34.5408973694, 41.0418243408, 28.6306438446, 0.342168778181], [63.0091934204, -24.2777938843, -9.23096466064, 25.0016269684, 2.93543124199, 55.7301635742, -3.11461281776, 0.641108334064, -2.63991999626, -9.61713886261, 22.8334369659, 9.801445961, 6.49892139435], [-11.1960372925, 9.12982368469, -14.8471183777, -8.36513614655, -13.1895074844, -3.11461281776, 85.4277191162, 32.5999984741, -1.7200511694, -22.6177177429, -53.7909889221, -0.824445486069, 19.5694656372], [32.238483429, -15.4012746811, -4.75494480133, -3.10756921768, -15.5976743698, 0.641108334064, 32.5999984741, 71.5545578003, 9.35224914551, -7.25991106033, -1.27312719822, -6.18335819244, 1.89428031445], [93.509513855, 38.8520317078, -18.3994655609, 12.185213089, -19.2825737, -2.63991999626, -1.7200511694, 9.35224914551, 63.4164848328, 15.1849145889, -8.59668731689, -5.20728826523, -12.9978752136], [-108.285957336, 0.50494748354, 43.3058052063, -26.5737113953, 34.5408973694, -9.61713886261, -22.6177177429, -7.25991106033, 15.1849145889, 66.1693115234, 29.7302398682, -4.46511697769, -21.9306182861], [85.6069107056, 23.3166103363, 0.0717059522867, 43.4009971619, 41.0418243408, 22.8334369659, -53.7909889221, -1.27312719822, -8.59668731689, 29.7302398682, 115.448654175, 10.2587013245, -23.0898914337], [-18.95744133, 9.84847831726, 18.877117157, 9.74576759338, 28.6306438446, 9.801445961, -0.824445486069, -6.18335819244, -5.20728826523, -4.46511697769, 10.2587013245, 53.1004486084, 20.0362949371], [9.91966342926, -0.477309376001, -1.10203278065, 11.6064243317, 0.342168778181, 6.49892139435, 19.5694656372, 1.89428031445, -12.9978752136, -21.9306182861, -23.0898914337, 20.0362949371, 46.7328147888]],
        "icov": [[0.012932757847, -0.0173665806651, 0.017920371145, -0.0191720146686, 0.0174247529358, -0.0158247295767, 0.0155828427523, -0.0157988015562, 0.0126649076119, -0.012756805867, 0.0107685122639, -0.00654923031107, 0.00411421386525], [-0.0173665806651, 0.0272847041488, -0.0210069194436, 0.0246414188296, -0.0283271931112, 0.0242806784809, -0.021737633273, 0.0220765285194, -0.0202000346035, 0.0182301495224, -0.0147221535444, 0.00935471430421, -0.00595966214314], [0.017920371145, -0.0210069194436, 0.0380234383047, -0.021473903209, 0.0154955452308, -0.0208242423832, 0.0242924373597, -0.023482169956, 0.0166142042726, -0.0202445853502, 0.0168873146176, -0.0109736835584, 0.00394248729572], [-0.0191720146686, 0.0246414188296, -0.021473903209, 0.0395003855228, -0.0254179481417, 0.0219594538212, -0.0234283730388, 0.0247380882502, -0.0211201161146, 0.021148847416, -0.0214433353394, 0.00892114639282, -0.0104243168607], [0.0174247529358, -0.0283271931112, 0.0154955452308, -0.0254179481417, 0.039644729346, -0.0242375023663, 0.0184349194169, -0.0194965079427, 0.0219468194991, -0.0203379262239, 0.0105077791959, -0.0120092909783, 0.00574170984328], [-0.0158247295767, 0.0242806784809, -0.0208242423832, 0.0219594538212, -0.0242375023663, 0.0442427992821, -0.0227062311023, 0.0220548398793, -0.0206372532994, 0.0220617167652, -0.021610615775, 0.00777623150498, -0.00909698568285], [0.0155828427523, -0.021737633273, 0.0242924373597, -0.0234283730388, 0.0184349194169, -0.0227062311023, 0.044379517436, -0.0319720134139, 0.0203397180885, -0.0172894019634, 0.0275111477822, -0.00977902766317, 0.0039254645817], [-0.0157988015562, 0.0220765285194, -0.023482169956, 0.0247380882502, -0.0194965079427, 0.0220548398793, -0.0319720134139, 0.0412372238934, -0.0223356056958, 0.0201187934726, -0.0233130846173, 0.0117054004222, -0.00763427652419], [0.0126649076119, -0.0202000346035, 0.0166142042726, -0.0211201161146, 0.0219468194991, -0.0206372532994, 0.0203397180885, -0.0223356056958, 0.0378613807261, -0.0228787586093, 0.0202592667192, -0.0108326692134, 0.0122879613191], [-0.012756805867, 0.0182301495224, -0.0202445853502, 0.021148847416, -0.0203379262239, 0.0220617167652, -0.0172894019634, 0.0201187934726, -0.0228787586093, 0.0407445244491, -0.0203562825918, 0.00977287814021, -0.000821093097329], [0.0107685122639, -0.0147221535444, 0.0168873146176, -0.0214433353394, 0.0105077791959, -0.021610615775, 0.0275111477822, -0.0233130846173, 0.0202592667192, -0.0203562825918, 0.0353666543961, -0.0113154454157, 0.0140481684357], [-0.00654923031107, 0.00935471430421, -0.0109736835584, 0.00892114639282, -0.0120092909783, 0.00777623150498, -0.00977902766317, 0.0117054004222, -0.0108326692134, 0.00977287814021, -0.0113154454157, 0.0311577431858, -0.0157377664], [0.00411421386525, -0.00595966214314, 0.00394248729572, -0.0104243168607, 0.00574170984328, -0.00909698568285, 0.0039254645817, -0.00763427652419, 0.0122879613191, -0.000821093097329, 0.0140481684357, -0.0157377664, 0.0397554337978]]
    },
    "spectral_contrast_coeffs": {
        "mean": [-0.650722503662, -0.714002430439, -0.727648675442, -0.7454033494, -0.703860223293, -0.710760474205],
        "var": [0.00426387833431, 0.00273303943686, 0.00408409396186, 0.00124077242799, 0.00115174020175, 0.00313459662721]
    },
    "spectral_contrast_valleys": {
        "mean": [-6.34302139282, -6.46163892746, -7.20895147324, -7.94442129135, -9.41460990906, -14.1742992401],
        "var": [1.47607326508, 1.25726902485, 1.11336934566, 1.0588837862, 1.13721132278, 0.927359521389]
    }
},
"metadata": {
    "audio_properties": {
        "analysis_sample_rate": 44100,
        "bit_rate": 94361,
        "equal_loudness": 0,
        "length": 45.0873451233,
        "lossless": 0,
        "replay_gain": -6.12230491638,
        "sample_rate": 44100,
        "codec": "mp3",
        "downmix": "mix",
        "md5_encoded": "62e5720bf8fc54a1540792b33442eb1d"
    },
    "tags": {
        "file_name": "140.mp3"
    },
    "version": {
        "essentia": "2.1-beta2",
        "essentia_git_sha": "v2.1_beta2",
        "extractor": "music 1.0"
    }
},
"rhythm": {
    "beats_count": 74,
    "beats_loudness": {
        "mean": 0.0685804411769,
        "var": 0.00081603176659
    },
    "bpm": 99.9446258545,
    "bpm_histogram_first_peak_bpm": {
        "mean": 99,
        "var": 0
    },
    "bpm_histogram_first_peak_spread": {
        "mean": 0.287671208382,
        "var": 0
    },
    "bpm_histogram_first_peak_weight": {
        "mean": 0.712328791618,
        "var": 0
    },
    "bpm_histogram_second_peak_bpm": {
        "mean": 0,
        "var": 0
    },
    "bpm_histogram_second_peak_spread": {
        "mean": 0,
        "var": 0
    },
    "bpm_histogram_second_peak_weight": {
        "mean": 0,
        "var": 0
    },
    "danceability": 1.17608511448,
    "onset_rate": 3.4586148262,
    "beats_loudness_band_ratio": {
        "mean": [0.654758274555, 0.188364356756, 0.103229641914, 0.111145332456, 0.0162977874279, 0.000806666794233],
        "var": [0.0204485245049, 0.00735229253769, 0.0048378650099, 0.019672960043, 6.59137658658e-005, 1.0535813999e-006]
    },
    "beats_position": [0.615328788757, 1.21904754639, 1.8111563921, 2.41487526894, 3.01859402657, 3.62231278419, 4.22603178024, 4.82975053787, 5.4334692955, 6.025578022, 6.6176867485, 7.22140598297, 7.8251247406, 8.42884349823, 9.03256225586, 9.63628101349, 10.2399997711, 10.8321084976, 11.4242172241, 12.0279359818, 12.6316547394, 13.235373497, 13.8390922546, 14.4428119659, 15.0349206924, 15.6270294189, 16.2307472229, 16.8344669342, 17.4381847382, 18.0419044495, 18.6340141296, 19.2261219025, 19.8298416138, 20.4335594177, 21.037279129, 21.640996933, 22.2447166443, 22.8368244171, 23.4289340973, 24.0326519012, 24.6363716125, 25.2400894165, 25.8438091278, 26.435918808, 27.0280265808, 27.6317462921, 28.2354640961, 28.8391838074, 29.4429016113, 30.0350112915, 30.6271190643, 31.2308387756, 31.8345565796, 32.4382743835, 33.0419960022, 33.6457138062, 34.2378234863, 34.8299331665, 35.4336509705, 36.0373687744, 36.6410865784, 37.244808197, 37.848526001, 38.4406356812, 39.0327415466, 39.6364631653, 40.2401809692, 40.8438987732, 41.4476165771, 42.0513381958, 42.6434440613, 43.2355537415, 43.8392753601, 44.4429931641]
},
"tonal": {
    "chords_changes_rate": 0.0637860074639,
    "chords_number_rate": 0.00617283955216,
    "chords_strength": {
        "mean": 0.37795984745,
        "var": 0.00454842299223
    },
    "hpcp_entropy": {
        "mean": 1.96840155125,
        "var": 0.502099454403
    },
    "key_strength": 0.674982607365,
    "tuning_diatonic_strength": 0.358665645123,
    "tuning_equal_tempered_deviation": 0.101438492537,
    "tuning_frequency": 439.238189697,
    "tuning_nontempered_energy_ratio": 0.734122335911,
    "hpcp": {
        "mean": [0.0893053263426, 0.067135207355, 0.0203699022532, 0.0160463377833, 0.015548478812, 0.069326788187, 0.171774044633, 0.167079970241, 0.295029729605, 0.546235740185, 0.369250327349, 0.0873091891408, 0.0627397745848, 0.0684830471873, 0.146770223975, 0.298886030912, 0.220113292336, 0.0457876101136, 0.0166175011545, 0.0187395382673, 0.0745175853372, 0.220308497548, 0.224333003163, 0.0797363743186, 0.0165842082351, 0.0216134376824, 0.0927742496133, 0.180156454444, 0.135250076652, 0.0998294353485, 0.156657546759, 0.0993232429028, 0.0151409721002, 0.00625279359519, 0.00592557480559, 0.0364524200559],
        "var": [0.0258752219379, 0.0117247095332, 0.000253882433753, 0.000782948278356, 0.00278301350772, 0.0137632200494, 0.0477676540613, 0.0504491850734, 0.0913058742881, 0.201156571507, 0.121841184795, 0.0331700108945, 0.021865805611, 0.0232351496816, 0.0350162684917, 0.0716014131904, 0.0427917577326, 0.00588705204427, 0.0036935347598, 0.00750942993909, 0.0239606592804, 0.108746156096, 0.126355648041, 0.0354841127992, 0.00839512236416, 0.00615441473201, 0.0264068637043, 0.0771265625954, 0.0611845031381, 0.019117821008, 0.0246438123286, 0.0104885865003, 0.000798317370936, 0.000229913217481, 0.000413335685153, 0.00493079703301]
    },
    "chords_histogram": [23.2510280609, 0, 0, 47.5308647156, 15.0205764771, 1.13168728352, 0, 0, 0, 0, 0, 0, 0, 1.44032919407, 0, 0, 0, 0, 0, 0, 0, 0, 0, 11.6255140305],
    "thpcp": [1, 0.675990760326, 0.159837931395, 0.114858418703, 0.125372692943, 0.26869392395, 0.547174036503, 0.402963906527, 0.0838238969445, 0.0304218493402, 0.0343066863716, 0.136420190334, 0.403321266174, 0.410688996315, 0.145974293351, 0.0303608998656, 0.0395679660141, 0.169842883945, 0.329814463854, 0.247603863478, 0.182758882642, 0.286794751883, 0.181832194328, 0.02771875076, 0.0114470608532, 0.0108480174094, 0.0667338594794, 0.163492277265, 0.122905187309, 0.0372914113104, 0.0293762143701, 0.0284647773951, 0.126917347312, 0.314468711615, 0.305875211954, 0.540114283562],
    "chords_key": "B",
    "chords_scale": "minor",
    "key_key": "C",
    "key_scale": "major"
}
}