{
"lowlevel": {
    "average_loudness": 0.979432702065,
    "barkbands_crest": {
        "mean": 13.3513526917,
        "var": 19.2405319214
    },
    "barkbands_flatness_db": {
        "mean": 0.157628700137,
        "var": 0.00268318341114
    },
    "barkbands_kurtosis": {
        "mean": 11.8602437973,
        "var": 154.018356323
    },
    "barkbands_skewness": {
        "mean": 2.84684228897,
        "var": 1.48289167881
    },
    "barkbands_spread": {
        "mean": 13.1303224564,
        "var": 50.7289810181
    },
    "dissonance": {
        "mean": 0.443661928177,
        "var": 0.000918891339097
    },
    "dynamic_complexity": 1.68640232086,
    "erbbands_crest": {
        "mean": 7.34675455093,
        "var": 6.23805475235
    },
    "erbbands_flatness_db": {
        "mean": 0.123742461205,
        "var": 0.000696162343957
    },
    "erbbands_kurtosis": {
        "mean": -0.0958581715822,
        "var": 0.375004768372
    },
    "erbbands_skewness": {
        "mean": 0.583926141262,
        "var": 0.10563685745
    },
    "erbbands_spread": {
        "mean": 44.1795272827,
        "var": 96.1541366577
    },
    "hfc": {
        "mean": 17.0904598236,
        "var": 108.159545898
    },
    "melbands_crest": {
        "mean": 19.1632156372,
        "var": 26.981918335
    },
    "melbands_flatness_db": {
        "mean": 0.251831829548,
        "var": 0.00372213963419
    },
    "melbands_kurtosis": {
        "mean": 27.2393665314,
        "var": 511.216766357
    },
    "melbands_skewness": {
        "mean": 4.01681995392,
        "var": 2.20925593376
    },
    "melbands_spread": {
        "mean": 10.4323377609,
        "var": 50.8513336182
    },
    "pitch_salience": {
        "mean": 0.463898539543,
        "var": 0.019474055618
    },
    "silence_rate_20dB": {
        "mean": 1,
        "var": 0
    },
    "silence_rate_30dB": {
        "mean": 0.852729141712,
        "var": 0.12558016181
    },
    "silence_rate_60dB": {
        "mean": 0.00978372804821,
        "var": 0.00968768727034
    },
    "spectral_centroid": {
        "mean": 888.605163574,
        "var": 116250.328125
    },
    "spectral_complexity": {
        "mean": 16.360452652,
        "var": 34.2140350342
    },
    "spectral_decrease": {
        "mean": -1.54112829165e-008,
        "var": 1.35415805787e-016
    },
    "spectral_energy": {
        "mean": 0.059715885669,
        "var": 0.00198663584888
    },
    "spectral_energyband_high": {
        "mean": 0.000477927620523,
        "var": 1.46289323766e-007
    },
    "spectral_energyband_low": {
        "mean": 0.0377181209624,
        "var": 0.00151178694796
    },
    "spectral_energyband_middle_high": {
        "mean": 0.00314513454214,
        "var": 4.91957098347e-006
    },
    "spectral_energyband_middle_low": {
        "mean": 0.0204269252717,
        "var": 0.000471046048915
    },
    "spectral_entropy": {
        "mean": 7.44046640396,
        "var": 0.173333063722
    },
    "spectral_flux": {
        "mean": 0.150875911117,
        "var": 0.00731237884611
    },
    "spectral_kurtosis": {
        "mean": 4.29624795914,
        "var": 3.15248346329
    },
    "spectral_rms": {
        "mean": 0.00707869092003,
        "var": 8.1515936472e-006
    },
    "spectral_rolloff": {
        "mean": 511.242156982,
        "var": 360334.53125
    },
    "spectral_skewness": {
        "mean": 1.65386343002,
        "var": 0.0682474970818
    },
    "spectral_spread": {
        "mean": 4992792.5,
        "var": 1.91395043738e+012
    },
    "spectral_strongpeak": {
        "mean": 0.569003820419,
        "var": 0.111614279449
    },
    "zerocrossingrate": {
        "mean": 0.0300634913146,
        "var": 0.000420182070229
    },
    "barkbands": {
        "mean": [0.00177805905696, 0.0254841968417, 0.00848231837153, 0.00606434606016, 0.00736388331279, 0.00242207129486, 0.00104803033173, 0.00189018656965, 0.00145634682849, 0.000546287512407, 0.000517878506798, 0.0004011609999, 0.00033537246054, 0.000288537208689, 0.000380729179597, 0.000228512086323, 0.00013789703371, 0.000177752037416, 0.000168079757714, 0.000135802663863, 0.0001115674022, 0.000108610365714, 6.31935108686e-005, 4.92348553962e-005, 4.00605276809e-005, 3.16628793371e-005, 4.18577792516e-006],
        "var": [1.22765886772e-005, 0.000981979304925, 0.00015368401364, 7.03235346009e-005, 0.000154633366037, 7.91964521341e-006, 3.57946009899e-006, 5.07030654262e-006, 1.80474751232e-006, 5.13403961122e-007, 3.76674648805e-007, 3.2617728607e-007, 2.72948739166e-007, 1.22825454696e-007, 1.47618251845e-007, 5.23265448749e-008, 1.21531273933e-008, 2.73546714169e-008, 2.21603091433e-008, 2.0484593577e-008, 6.64449029131e-009, 8.71009042669e-009, 2.97355895462e-009, 2.06719152906e-009, 1.44729206397e-009, 1.40736011733e-009, 3.10395216474e-011]
    },
    "erbbands": {
        "mean": [0.775608241558, 5.45198583603, 10.8658370972, 14.4443836212, 28.3836288452, 20.4507465363, 17.6321544647, 22.3409004211, 14.1056022644, 32.3034477234, 31.8456821442, 33.0303764343, 23.2234668732, 19.4199352264, 20.6827392578, 14.9664764404, 16.2868213654, 14.9948911667, 20.9657726288, 14.1153068542, 10.9945144653, 8.40582942963, 8.91758441925, 9.8746471405, 8.06318759918, 6.04752159119, 4.91131162643, 4.40013027191, 3.92059230804, 2.90568876266, 1.63144814968, 1.10357224941, 0.779027938843, 0.49877679348, 0.267816722393, 0.139140129089, 0.0545841269195, 0.0139738302678, 0.000451694009826, 7.60318580433e-005],
        "var": [1.3326176405, 43.2090110779, 183.417266846, 345.23425293, 2675.36401367, 1216.4161377, 668.864685059, 609.039550781, 408.169311523, 1369.24206543, 1369.79077148, 990.526184082, 784.38067627, 485.209411621, 533.00970459, 380.754119873, 530.51940918, 283.06854248, 435.358520508, 160.989151001, 112.040328979, 42.4845695496, 70.4251708984, 93.9520568848, 43.5801544189, 33.2725639343, 15.5135698318, 12.562787056, 11.6154117584, 6.93284749985, 1.9073587656, 0.927661120892, 0.562710344791, 0.245870634913, 0.0633471310139, 0.0266807489097, 0.00453742267564, 0.000278636842268, 3.15142813179e-007, 2.804915189e-009]
    },
    "gfcc": {
        "mean": [25.564125061, 99.4698028564, -93.0756988525, 33.8186264038, -51.7459220886, 13.5897760391, -29.294172287, 13.3415565491, -19.834274292, 6.30888223648, -21.5810489655, -0.117676436901, -13.3349571228],
        "cov": [[3153.61303711, -239.958938599, 137.406921387, 57.8984947205, 5.74119234085, 240.155914307, -109.084983826, -82.8332672119, -195.169509888, 16.8259239197, -84.4242782593, 5.50348234177, -130.659347534], [-239.958938599, 561.767944336, 41.9460372925, 117.618614197, 123.910247803, -84.9306411743, 96.9008407593, 50.8455314636, 122.719902039, -37.5997161865, 58.2641601563, -32.3934326172, 134.773986816], [137.406921387, 41.9460372925, 258.19708252, 85.6267318726, 105.4477005, 51.4684829712, 48.6509132385, 32.1469497681, 9.59331226349, 11.9892091751, -2.98580288887, 14.1599588394, 20.2644958496], [57.8984947205, 117.618614197, 85.6267318726, 154.283126831, 108.754936218, 68.3673706055, 84.7559051514, 86.6867446899, 78.2675247192, 29.3499107361, 50.0580596924, -8.11042976379, 42.3925437927], [5.74119234085, 123.910247803, 105.4477005, 108.754936218, 158.626464844, 73.5538635254, 105.595054626, 72.771232605, 73.6320037842, 43.4466552734, 54.5798835754, 7.80394458771, 42.3020095825], [240.155914307, -84.9306411743, 51.4684829712, 68.3673706055, 73.5538635254, 145.946289063, 63.9681091309, 43.691986084, 18.0030593872, 45.6691131592, 31.1541652679, 11.140294075, -16.1352367401], [-109.084983826, 96.9008407593, 48.6509132385, 84.7559051514, 105.595054626, 63.9681091309, 141.513244629, 110.842819214, 85.4116744995, 31.9619426727, 59.2588653564, 19.8653030396, 42.8664665222], [-82.8332672119, 50.8455314636, 32.1469497681, 86.6867446899, 72.771232605, 43.691986084, 110.842819214, 169.259765625, 113.224525452, 37.9425926208, 55.0188331604, 30.2283039093, 52.1281661987], [-195.169509888, 122.719902039, 9.59331226349, 78.2675247192, 73.6320037842, 18.0030593872, 85.4116744995, 113.224525452, 141.993011475, 42.3118743896, 42.1273384094, 1.72627782822, 62.0751266479], [16.8259239197, -37.5997161865, 11.9892091751, 29.3499107361, 43.4466552734, 45.6691131592, 31.9619426727, 37.9425926208, 42.3118743896, 73.2924346924, 38.1042327881, 2.2815785408, -13.7896203995], [-84.4242782593, 58.2641601563, -2.98580288887, 50.0580596924, 54.5798835754, 31.1541652679, 59.2588653564, 55.0188331604, 42.1273384094, 38.1042327881, 101.194084167, 33.4836959839, 10.8521442413], [5.50348234177, -32.3934326172, 14.1599588394, -8.11042976379, 7.80394458771, 11.140294075, 19.8653030396, 30.2283039093, 1.72627782822, 2.2815785408, 33.4836959839, 79.1617431641, 25.1772403717], [-130.659347534, 134.773986816, 20.2644958496, 42.3925437927, 42.3020095825, -16.1352367401, 42.8664665222, 52.1281661987, 62.0751266479, -13.7896203995, 10.8521442413, 25.1772403717, 108.165222168]],
        "icov": [[0.000562408124097, -0.000855114660226, 0.000105152779724, -0.000371402769815, 0.000177952344529, -0.0016941584181, 0.00139246275648, -0.00109472381882, 0.00148148438893, -0.000919267418794, 0.00132033647969, -0.000924037594814, 0.000639337522443], [-0.000855114660226, 0.0089402506128, -0.000250453012995, -0.001837539603, -0.00472983112559, 0.00915424060076, -0.00540054310113, 0.00658672023565, -0.00666853226721, 0.00820182543248, -0.00749273831025, 0.00628063408658, -0.0050616976805], [0.000105152779724, -0.000250453012995, 0.00762072624639, -0.0043675978668, -0.00612097512931, 0.00131613062695, 0.00086269795429, -0.00112206954509, 0.00358559750021, -0.0013038686011, 0.00587599165738, -0.00436135055497, 0.00171382981353], [-0.000371402769815, -0.001837539603, -0.0043675978668, 0.0234200041741, -0.00446002651006, -0.00827814918011, 0.00505438121036, -0.00697948457673, -0.00294244941324, 0.00492192385718, -0.00881034135818, 0.0103307832032, -0.00385432364419], [0.000177952344529, -0.00472983112559, -0.00612097512931, -0.00446002651006, 0.0289253722876, -0.00696570146829, -0.0104630626738, 0.00450549367815, 0.000204514115467, -0.0106464540586, -0.000348599394783, -0.00100598402787, -0.00257863267325], [-0.0016941584181, 0.00915424060076, 0.00131613062695, -0.00827814918011, -0.00696570146829, 0.025577377528, -0.0126644670963, 0.00795761775225, -0.00313822226599, 0.000980751821771, -0.00308658811264, 0.00163094128948, -0.000875157420523], [0.00139246275648, -0.00540054310113, 0.00086269795429, 0.00505438121036, -0.0104630626738, -0.0126644670963, 0.0325496904552, -0.0168517120183, 0.00271341856569, 0.0026171405334, -0.000408152525779, -0.00175297900569, 0.00291851558723], [-0.00109472381882, 0.00658672023565, -0.00112206954509, -0.00697948457673, 0.00450549367815, 0.00795761775225, -0.0168517120183, 0.0275099370629, -0.0173244234174, 0.00406273780391, -0.0044266814366, -0.00275226891972, -0.00219319877215], [0.00148148438893, -0.00666853226721, 0.00358559750021, -0.00294244941324, 0.000204514115467, -0.00313822226599, 0.00271341856569, -0.0173244234174, 0.034321628511, -0.0189429596066, 0.00859510991722, 0.000589821487665, -0.00580575224012], [-0.000919267418794, 0.00820182543248, -0.0013038686011, 0.00492192385718, -0.0106464540586, 0.000980751821771, 0.0026171405334, 0.00406273780391, -0.0189429596066, 0.038383346051, -0.0157618075609, 0.00760178128257, 0.00387668050826], [0.00132033647969, -0.00749273831025, 0.00587599165738, -0.00881034135818, -0.000348599394783, -0.00308658811264, -0.000408152525779, -0.0044266814366, 0.00859510991722, -0.0157618075609, 0.0311679393053, -0.0188079904765, 0.00956274289638], [-0.000924037594814, 0.00628063408658, -0.00436135055497, 0.0103307832032, -0.00100598402787, 0.00163094128948, -0.00175297900569, -0.00275226891972, 0.000589821487665, 0.00760178128257, -0.0188079904765, 0.0306867044419, -0.0141410464421], [0.000639337522443, -0.0050616976805, 0.00171382981353, -0.00385432364419, -0.00257863267325, -0.000875157420523, 0.00291851558723, -0.00219319877215, -0.00580575224012, 0.00387668050826, 0.00956274289638, -0.0141410464421, 0.0244503151625]]
    },
    "melbands": {
        "mean": [0.00701089715585, 0.00636576442048, 0.00311319134198, 0.00177602912299, 0.00067363405833, 0.000473791937111, 0.00021869406919, 0.000399331998779, 0.000235677725868, 0.000218090150156, 0.000111154462502, 7.62109048082e-005, 6.35217220406e-005, 4.97014880239e-005, 3.99110504077e-005, 3.26003537339e-005, 2.71670687653e-005, 3.26437912008e-005, 2.58731524809e-005, 1.72628733708e-005, 1.11477847895e-005, 8.55548296386e-006, 8.10403798823e-006, 7.75289663579e-006, 7.99190638645e-006, 6.45581667413e-006, 4.94533287565e-006, 3.84167515222e-006, 3.15281545227e-006, 2.6762086236e-006, 2.54314250014e-006, 2.364726015e-006, 1.8251274696e-006, 1.48926471866e-006, 9.6477833722e-007, 7.72681232775e-007, 6.14657437836e-007, 5.38540803063e-007, 4.95748508911e-007, 4.00281891189e-007],
        "var": [8.62143642735e-005, 4.97902437928e-005, 1.60125928232e-005, 9.65417893894e-006, 8.96646668025e-007, 2.68942869752e-007, 1.13025052428e-007, 2.03111554242e-007, 8.49264552016e-008, 4.59134064101e-008, 2.00542888962e-008, 7.58061613482e-009, 4.87430185103e-009, 3.55803897456e-009, 5.38307975972e-009, 3.75822351018e-009, 1.16001697137e-009, 1.24094590159e-009, 8.29358137722e-010, 3.095773915e-010, 1.31149827109e-010, 4.98089763878e-011, 6.60049515044e-011, 4.59165240552e-011, 7.22686840926e-011, 3.4490483386e-011, 2.29969949334e-011, 1.99252055827e-011, 9.58556064384e-012, 3.88898071732e-012, 4.99874187182e-012, 4.83259612882e-012, 2.44610321581e-012, 2.03436703247e-012, 7.54114761088e-013, 4.0550662871e-013, 3.40830147308e-013, 2.90639257453e-013, 2.47720734984e-013, 1.62140320701e-013]
    },
    "mfcc": {
        "mean": [-627.032897949, 132.398223877, 16.0264167786, 30.1015415192, 3.90752768517, 7.23997354507, 1.32546722889, 6.77933263779, 7.79974317551, 6.11030578613, 2.08437299728, -4.14446973801, -0.220837593079],
        "cov": [[2524.59448242, -233.938705444, 121.042221069, -137.219177246, 107.107093811, 211.036117554, 100.115447998, -45.6235351563, -119.430244446, -27.5619735718, 20.3586082458, -49.2258262634, -79.7463378906], [-233.938705444, 425.707611084, 19.3907184601, 159.800109863, 37.1810073853, -40.704826355, -6.11261606216, 31.4247760773, 87.758026123, 8.52703857422, -33.5108261108, -12.4428815842, 40.4476547241], [121.042221069, 19.3907184601, 139.878036499, 57.856842041, 60.2922897339, 32.5456199646, 39.7574386597, 27.5119419098, 33.7118530273, 11.6051836014, 0.899837613106, -7.05021715164, 12.3276767731], [-137.219177246, 159.800109863, 57.856842041, 164.953979492, 73.3415374756, -7.99555826187, 44.3938407898, 65.342010498, 93.4188156128, 64.9244232178, 12.1293678284, 14.6248016357, 51.5459403992], [107.107093811, 37.1810073853, 60.2922897339, 73.3415374756, 101.31829834, 56.1462631226, 51.9233589172, 34.8404808044, 40.0600509644, 56.2550086975, 29.6000003815, 10.2849340439, 26.5108013153], [211.036117554, -40.704826355, 32.5456199646, -7.99555826187, 56.1462631226, 133.267211914, 63.1858711243, -9.59147834778, -20.8566474915, 24.3406467438, 34.9808120728, 11.4948587418, -5.41301059723], [100.115447998, -6.11261606216, 39.7574386597, 44.3938407898, 51.9233589172, 63.1858711243, 123.464797974, 60.2648353577, 4.47731781006, 26.0337600708, 43.5301818848, 45.8761978149, 26.7145633698], [-45.6235351563, 31.4247760773, 27.5119419098, 65.342010498, 34.8404808044, -9.59147834778, 60.2648353577, 132.268676758, 83.3565444946, 35.8058738708, 8.81944847107, 38.2055587769, 66.998260498], [-119.430244446, 87.758026123, 33.7118530273, 93.4188156128, 40.0600509644, -20.8566474915, 4.47731781006, 83.3565444946, 162.757904053, 83.9749679565, -27.3548583984, -11.8698205948, 81.9412307739], [-27.5619735718, 8.52703857422, 11.6051836014, 64.9244232178, 56.2550086975, 24.3406467438, 26.0337600708, 35.8058738708, 83.9749679565, 148.202102661, 47.2531509399, -2.34091472626, 45.162563324], [20.3586082458, -33.5108261108, 0.899837613106, 12.1293678284, 29.6000003815, 34.9808120728, 43.5301818848, 8.81944847107, -27.3548583984, 47.2531509399, 109.545639038, 60.4494056702, -8.72671890259], [-49.2258262634, -12.4428815842, -7.05021715164, 14.6248016357, 10.2849340439, 11.4948587418, 45.8761978149, 38.2055587769, -11.8698205948, -2.34091472626, 60.4494056702, 108.780181885, 20.6840362549], [-79.7463378906, 40.4476547241, 12.3276767731, 51.5459403992, 26.5108013153, -5.41301059723, 26.7145633698, 66.998260498, 81.9412307739, 45.162563324, -8.72671890259, 20.6840362549, 100.816841125]],
        "icov": [[0.000547645031475, 1.17090394269e-005, -0.000333634234266, 0.000873790530022, -0.000864210131112, -0.000265426788246, -0.000302499451209, -0.000134430199978, 0.000142334843986, -2.58659179053e-006, 0.000163555203471, 0.000271873694146, 0.000248878204729], [1.17090394269e-005, 0.00478408671916, 0.001630022889, -0.00646552350372, 0.000428748287959, -0.000605854787864, 0.000900162965991, 0.0011161302682, -0.00122845428996, 0.00290647079237, -0.000350904621882, 0.00099148938898, -0.00046658195788], [-0.000333634234266, 0.001630022889, 0.0120129473507, -0.00408077193424, -0.00509872240946, -0.000419224554207, -0.00172157434281, 0.000875098980032, -0.00352229666896, 0.00500963302329, -0.00139288103674, 0.00264396122657, 0.000848192663398], [0.000873790530022, -0.00646552350372, -0.00408077193424, 0.0257009547204, -0.0117885665968, 0.00759167876095, -0.00692775752395, 0.000790997000877, -0.00515275774524, -0.00397548079491, 0.00036447608727, -0.00232679699548, 0.00193908682559], [-0.000864210131112, 0.000428748287959, -0.00509872240946, -0.0117885665968, 0.0301668606699, -0.0103597417474, 0.00214273901656, -0.00270342896692, 0.00232153502293, -0.00416515208781, -0.00209418358281, 0.000879507977515, -0.00184771930799], [-0.000265426788246, -0.000605854787864, -0.000419224554207, 0.00759167876095, -0.0103597417474, 0.0177485849708, -0.00981406122446, 0.006392871961, -0.00215441919863, -0.000919353275094, -0.000350485759554, -0.000384059938369, 0.000443509721663], [-0.000302499451209, 0.000900162965991, -0.00172157434281, -0.00692775752395, 0.00214273901656, -0.00981406122446, 0.0226254351437, -0.0112963682041, 0.00871764682233, -0.00142320233863, -0.000582419044804, -0.00224105408415, -0.00246507115662], [-0.000134430199978, 0.0011161302682, 0.000875098980032, 0.000790997000877, -0.00270342896692, 0.006392871961, -0.0112963682041, 0.0220424309373, -0.0119116194546, 0.00462180189788, -0.00208289036527, -0.00272407475859, -0.00367686222307], [0.000142334843986, -0.00122845428996, -0.00352229666896, -0.00515275774524, 0.00232153502293, -0.00215441919863, 0.00871764682233, -0.0119116194546, 0.0277196802199, -0.0135075356811, 0.0104266898707, -0.000853894569445, -0.0068507483229], [-2.58659179053e-006, 0.00290647079237, 0.00500963302329, -0.00397548079491, -0.00416515208781, -0.000919353275094, -0.00142320233863, 0.00462180189788, -0.0135075356811, 0.0227055884898, -0.0155552411452, 0.00903779361397, -0.00378997856751], [0.000163555203471, -0.000350904621882, -0.00139288103674, 0.00036447608727, -0.00209418358281, -0.000350485759554, -0.000582419044804, -0.00208289036527, 0.0104266898707, -0.0155552411452, 0.0280691385269, -0.0148865981027, 0.0063020773232], [0.000271873694146, 0.00099148938898, 0.00264396122657, -0.00232679699548, 0.000879507977515, -0.000384059938369, -0.00224105408415, -0.00272407475859, -0.000853894569445, 0.00903779361397, -0.0148865981027, 0.0213220603764, -0.00618186360225], [0.000248878204729, -0.00046658195788, 0.000848192663398, 0.00193908682559, -0.00184771930799, 0.000443509721663, -0.00246507115662, -0.00367686222307, -0.0068507483229, -0.00378997856751, 0.0063020773232, -0.00618186360225, 0.0218939520419]]
    },
    "spectral_contrast_coeffs": {
        "mean": [-0.610699057579, -0.67478364706, -0.717285096645, -0.760460197926, -0.775305390358, -0.759255468845],
        "var": [0.0106304073706, 0.00510580278933, 0.00678458809853, 0.00492199650034, 0.00262141018175, 0.000707821396645]
    },
    "spectral_contrast_valleys": {
        "mean": [-6.78746080399, -6.78588533401, -7.51934528351, -7.86910009384, -7.7735042572, -10.0614643097],
        "var": [1.22688794136, 0.726799190044, 0.868088066578, 1.07877027988, 0.731224954128, 0.866865038872]
    }
},
"metadata": {
    "audio_properties": {
        "analysis_sample_rate": 44100,
        "bit_rate": 128074,
        "equal_loudness": 0,
        "length": 45.0612258911,
        "lossless": 0,
        "replay_gain": -6.72195053101,
        "sample_rate": 44100,
        "codec": "mp3",
        "downmix": "mix",
        "md5_encoded": "aa3550439cec69d8b9730cbe94c48550"
    },
    "tags": {
        "file_name": "1400.mp3"
    },
    "version": {
        "essentia": "2.1-beta2",
        "essentia_git_sha": "v2.1_beta2",
        "extractor": "music 1.0"
    }
},
"rhythm": {
    "beats_count": 65,
    "beats_loudness": {
        "mean": 0.0826888605952,
        "var": 0.000906586355995
    },
    "bpm": 88.0281600952,
    "bpm_histogram_first_peak_bpm": {
        "mean": 89,
        "var": 0
    },
    "bpm_histogram_first_peak_spread": {
        "mean": 0.15000000596,
        "var": 0
    },
    "bpm_histogram_first_peak_weight": {
        "mean": 0.796875,
        "var": 0
    },
    "bpm_histogram_second_peak_bpm": {
        "mean": 83,
        "var": 0
    },
    "bpm_histogram_second_peak_spread": {
        "mean": 0,
        "var": 0
    },
    "bpm_histogram_second_peak_weight": {
        "mean": 0.0625,
        "var": 0
    },
    "danceability": 1.95267045498,
    "onset_rate": 6.65460824966,
    "beats_loudness_band_ratio": {
        "mean": [0.779962658882, 0.0991867035627, 0.0856017917395, 0.0368567816913, 0.017825929448, 0.0102715818211],
        "var": [0.0185946039855, 0.00901700556278, 0.00322211883031, 0.00161049119197, 0.000153011002112, 8.31883735373e-005]
    },
    "beats_position": [0.708208620548, 1.43963718414, 2.15945577621, 2.87927436829, 3.59909296036, 4.27247142792, 4.96907043457, 5.64244890213, 6.32743740082, 7.01242637634, 7.6858048439, 8.37079334259, 9.05578231812, 9.72916126251, 10.4025392532, 11.0759181976, 11.7725172043, 12.4691152573, 13.1424942017, 13.8274831772, 14.512471199, 15.1858501434, 15.870839119, 16.5558280945, 17.2292060852, 17.9258041382, 18.5991840363, 19.272562027, 19.9575500488, 20.642539978, 21.3159179688, 22.0009059906, 22.6858959198, 23.3592739105, 24.0442619324, 24.7292518616, 25.4142398834, 26.0992279053, 26.7726078033, 27.4459857941, 28.142583847, 28.8159637451, 29.500951767, 30.1859397888, 30.8593196869, 31.5559177399, 32.2525177002, 32.9258956909, 33.5992736816, 34.2726516724, 34.9460296631, 35.6426315308, 36.3160095215, 36.9893875122, 37.6743774414, 38.3593635559, 39.0443534851, 39.7293434143, 40.402721405, 41.099319458, 41.7726974487, 42.4576873779, 43.1426734924, 43.8160552979, 44.5010414124]
},
"tonal": {
    "chords_changes_rate": 0.0792181044817,
    "chords_number_rate": 0.00823045242578,
    "chords_strength": {
        "mean": 0.483417749405,
        "var": 0.00907600112259
    },
    "hpcp_entropy": {
        "mean": 1.70286977291,
        "var": 0.426411956549
    },
    "key_strength": 0.486125588417,
    "tuning_diatonic_strength": 0.461502104998,
    "tuning_equal_tempered_deviation": 0.0187626425177,
    "tuning_frequency": 440.508636475,
    "tuning_nontempered_energy_ratio": 0.673764169216,
    "hpcp": {
        "mean": [0.115202523768, 0.07529232651, 0.0899359285831, 0.113302201033, 0.0863521844149, 0.049686755985, 0.0440894514322, 0.0546925701201, 0.0994900688529, 0.127613455057, 0.0960016399622, 0.0910158976912, 0.10753505677, 0.0770332589746, 0.040508620441, 0.0335959233344, 0.0482588633895, 0.122068963945, 0.156616985798, 0.0860460996628, 0.0365995429456, 0.0368420518935, 0.0579145997763, 0.165148615837, 0.252647638321, 0.17563483119, 0.145657375455, 0.221831262112, 0.180344760418, 0.0855771899223, 0.0612938441336, 0.0571415387094, 0.0844876617193, 0.178874626756, 0.245113149285, 0.196652337909],
        "var": [0.0531744845212, 0.0361086539924, 0.0345653370023, 0.0542826317251, 0.0399641431868, 0.019022770226, 0.0181488636881, 0.0244974587113, 0.0399374552071, 0.0553040206432, 0.0335172042251, 0.0332761034369, 0.0325582362711, 0.0177784431726, 0.0102227861062, 0.0110423127189, 0.0175450779498, 0.0572036728263, 0.0903602913022, 0.0339203476906, 0.0142694544047, 0.0155018856749, 0.0226159598678, 0.0602745451033, 0.116729982197, 0.0634275078773, 0.0523527376354, 0.124690547585, 0.0977063402534, 0.0339043959975, 0.0257877055556, 0.0249114539474, 0.0321680083871, 0.0900685191154, 0.134532958269, 0.0964153259993]
    },
    "chords_histogram": [1.54320991039, 41.6666679382, 14.3004112244, 0.720164597034, 0, 0, 0, 0, 17.2839508057, 0, 0, 0, 0, 0, 0, 2.05761313438, 0, 0, 0, 0, 2.05761313438, 5.45267486572, 0.308641970158, 14.6090536118],
    "thpcp": [1, 0.695177018642, 0.576523780823, 0.878026247025, 0.71381932497, 0.338721513748, 0.242606043816, 0.226170882583, 0.334409058094, 0.708000361919, 0.97017788887, 0.778366029263, 0.455981016159, 0.298013180494, 0.355973750353, 0.448459357023, 0.341789007187, 0.196664243937, 0.17450965941, 0.216477662325, 0.393789827824, 0.505104482174, 0.379982322454, 0.360248357058, 0.425632536411, 0.304903924465, 0.160336434841, 0.132975414395, 0.191012531519, 0.483158946037, 0.619902849197, 0.340577483177, 0.144863978028, 0.145823851228, 0.229230716825, 0.653671741486],
    "chords_key": "F",
    "chords_scale": "minor",
    "key_key": "C#",
    "key_scale": "major"
}
}