{
"lowlevel": {
    "average_loudness": 0.967436254025,
    "barkbands_crest": {
        "mean": 11.2468938828,
        "var": 17.4505157471
    },
    "barkbands_flatness_db": {
        "mean": 0.164981469512,
        "var": 0.00169505074155
    },
    "barkbands_kurtosis": {
        "mean": 3.16589450836,
        "var": 38.5547142029
    },
    "barkbands_skewness": {
        "mean": 1.14881742001,
        "var": 1.29841125011
    },
    "barkbands_spread": {
        "mean": 16.2115707397,
        "var": 35.0558509827
    },
    "dissonance": {
        "mean": 0.457210302353,
        "var": 0.00086269719759
    },
    "dynamic_complexity": 2.33155703545,
    "erbbands_crest": {
        "mean": 12.0990028381,
        "var": 30.5269241333
    },
    "erbbands_flatness_db": {
        "mean": 0.194643005729,
        "var": 0.00295250560157
    },
    "erbbands_kurtosis": {
        "mean": 1.46685433388,
        "var": 11.5798444748
    },
    "erbbands_skewness": {
        "mean": 0.741147220135,
        "var": 0.427199572325
    },
    "erbbands_spread": {
        "mean": 26.25938797,
        "var": 166.459259033
    },
    "hfc": {
        "mean": 19.3896713257,
        "var": 157.72795105
    },
    "melbands_crest": {
        "mean": 14.2323246002,
        "var": 31.107635498
    },
    "melbands_flatness_db": {
        "mean": 0.234177172184,
        "var": 0.00219590519555
    },
    "melbands_kurtosis": {
        "mean": 8.00019264221,
        "var": 222.227981567
    },
    "melbands_skewness": {
        "mean": 1.78451657295,
        "var": 2.49178266525
    },
    "melbands_spread": {
        "mean": 19.6375179291,
        "var": 78.9380264282
    },
    "pitch_salience": {
        "mean": 0.489068478346,
        "var": 0.0110642947257
    },
    "silence_rate_20dB": {
        "mean": 1,
        "var": 0
    },
    "silence_rate_30dB": {
        "mean": 0.944902181625,
        "var": 0.0520625598729
    },
    "silence_rate_60dB": {
        "mean": 0.00514933047816,
        "var": 0.00512294610962
    },
    "spectral_centroid": {
        "mean": 1147.03430176,
        "var": 130576.664063
    },
    "spectral_complexity": {
        "mean": 18.076210022,
        "var": 58.8265457153
    },
    "spectral_decrease": {
        "mean": -9.86659198787e-009,
        "var": 9.46839037953e-017
    },
    "spectral_energy": {
        "mean": 0.0389975532889,
        "var": 0.00141344580334
    },
    "spectral_energyband_high": {
        "mean": 0.000348212226527,
        "var": 1.45986035704e-007
    },
    "spectral_energyband_low": {
        "mean": 0.0193017926067,
        "var": 0.000985576421954
    },
    "spectral_energyband_middle_high": {
        "mean": 0.00579376192763,
        "var": 2.05973155971e-005
    },
    "spectral_energyband_middle_low": {
        "mean": 0.0144473072141,
        "var": 0.000158954499057
    },
    "spectral_entropy": {
        "mean": 7.25084161758,
        "var": 0.166767299175
    },
    "spectral_flux": {
        "mean": 0.104345679283,
        "var": 0.00474264705554
    },
    "spectral_kurtosis": {
        "mean": 5.76993942261,
        "var": 17.6728534698
    },
    "spectral_rms": {
        "mean": 0.00564395776019,
        "var": 6.1921359702e-006
    },
    "spectral_rolloff": {
        "mean": 926.341918945,
        "var": 377132.59375
    },
    "spectral_skewness": {
        "mean": 1.6350543499,
        "var": 0.28741145134
    },
    "spectral_spread": {
        "mean": 3571183.75,
        "var": 2.1360452567e+012
    },
    "spectral_strongpeak": {
        "mean": 1.37307929993,
        "var": 2.02767586708
    },
    "zerocrossingrate": {
        "mean": 0.0410005375743,
        "var": 0.000265933136689
    },
    "barkbands": {
        "mean": [0.00109736889135, 0.0110774869099, 0.00628932518885, 0.00157342711464, 0.00178353639785, 0.00203019124456, 0.00157547171693, 0.000731720821932, 0.0065721096471, 0.0013682236895, 0.0018031487707, 0.000284293841105, 0.000379757169867, 0.000426618062193, 0.000237515007029, 0.000346068351064, 0.000511326594278, 0.000262372632278, 0.000157786475029, 0.000248941069003, 8.60517611727e-005, 6.28239868092e-005, 2.76129867416e-005, 2.93536613754e-005, 1.68605074577e-005, 1.52904704009e-005, 2.88442834062e-006],
        "var": [9.1282199719e-006, 0.00033188299858, 0.000213345017983, 1.69144841493e-005, 1.02057629192e-005, 5.15124747835e-006, 4.38982078776e-006, 1.68403539647e-006, 6.80192024447e-005, 7.317617019e-006, 6.27649887974e-006, 1.08228526585e-007, 1.62540615634e-007, 3.20683710697e-007, 7.39413366091e-008, 1.59168905611e-007, 3.29488841544e-007, 9.08862674009e-008, 2.15555342464e-008, 5.64591431385e-008, 8.07323097263e-009, 4.24473567406e-009, 2.13035034058e-009, 4.57485205274e-009, 1.7624746107e-009, 2.62995314415e-009, 1.18639403857e-010]
    },
    "erbbands": {
        "mean": [0.376382708549, 2.29411768913, 6.8465886116, 6.58495140076, 5.03564023972, 6.36288833618, 11.730342865, 16.5236644745, 15.3606891632, 29.6776676178, 28.6627120972, 127.327789307, 102.355102539, 61.819393158, 45.5745811462, 12.2684316635, 19.9560317993, 16.6873264313, 13.9571943283, 19.6306686401, 20.4645957947, 26.9924316406, 19.1214904785, 7.92481708527, 10.084397316, 11.8503704071, 6.04500770569, 2.73679637909, 2.5160651207, 1.16184699535, 0.717380940914, 0.553298771381, 0.516197860241, 0.219317734241, 0.112281985581, 0.0557626709342, 0.0294410660863, 0.00898591428995, 0.000262685440248, 4.99338057125e-005],
        "var": [0.698882043362, 10.2173137665, 189.475357056, 313.325531006, 91.6420974731, 136.459121704, 235.492919922, 328.777832031, 484.87979126, 2195.39135742, 1099.34887695, 21687.2441406, 31550.296875, 6289.07226563, 3466.10058594, 130.425445557, 420.068267822, 322.852844238, 499.30355835, 617.534912109, 597.986999512, 817.405151367, 449.989501953, 50.2369155884, 84.1502990723, 142.449234009, 31.3013095856, 9.30845737457, 6.89305496216, 2.71325397491, 1.472184062, 1.18986165524, 1.68172764778, 0.259656608105, 0.101571574807, 0.0313824638724, 0.0100223487243, 0.00104719842784, 9.09839286578e-007, 2.84714696264e-009]
    },
    "gfcc": {
        "mean": [-9.55403232574, 126.510894775, -134.118041992, 28.4723262787, -51.4405021667, 7.51130962372, -13.291103363, 17.0960865021, -8.10003089905, 2.23290395737, -12.1270666122, 0.839453518391, -1.67853271961],
        "cov": [[4553.76904297, -790.250915527, 582.310852051, 414.945220947, -171.120513916, 89.0885620117, -234.304077148, 147.023147583, -518.433288574, -116.410385132, -335.693572998, 24.2707862854, -143.337585449], [-790.250915527, 680.071533203, -527.711303711, 3.46226477623, -16.4972648621, -173.344146729, 153.902557373, -189.976226807, 158.83682251, -77.0292205811, 144.169418335, -56.4613952637, 102.910461426], [582.310852051, -527.711303711, 1161.83337402, 67.5744094849, 50.9302482605, 317.46887207, -285.22253418, 191.238845825, -139.257369995, 85.3471984863, -224.752853394, -85.0496063232, -220.697067261], [414.945220947, 3.46226477623, 67.5744094849, 211.699157715, -5.09841251373, -1.2467199564, -21.413061142, -56.5279464722, -58.5023422241, -46.6510925293, -34.6738967896, -31.0757541656, -29.6556148529], [-171.120513916, -16.4972648621, 50.9302482605, -5.09841251373, 131.077346802, 48.2523956299, 6.53151369095, 27.5331897736, 39.3070411682, 39.3906593323, 17.2015190125, 24.3937530518, -12.6606149673], [89.0885620117, -173.344146729, 317.46887207, -1.2467199564, 48.2523956299, 211.650344849, -53.6889457703, 76.0950012207, -7.35642290115, 31.4004974365, -37.0432853699, -24.6626396179, -61.5806541443], [-234.304077148, 153.902557373, -285.22253418, -21.413061142, 6.53151369095, -53.6889457703, 186.948104858, -1.04833948612, 43.1682777405, -36.9077987671, 70.1119613647, 46.1019248962, 88.8076705933], [147.023147583, -189.976226807, 191.238845825, -56.5279464722, 27.5331897736, 76.0950012207, -1.04833948612, 155.279632568, 1.40863621235, 30.0442199707, -35.3732414246, 27.9839439392, -9.54298305511], [-518.433288574, 158.83682251, -139.257369995, -58.5023422241, 39.3070411682, -7.35642290115, 43.1682777405, 1.40863621235, 185.009521484, 36.2495040894, 73.4839096069, -13.1007862091, 38.7341995239], [-116.410385132, -77.0292205811, 85.3471984863, -46.6510925293, 39.3906593323, 31.4004974365, -36.9077987671, 30.0442199707, 36.2495040894, 95.5302658081, 10.8538913727, 8.70884132385, -24.0761184692], [-335.693572998, 144.169418335, -224.752853394, -34.6738967896, 17.2015190125, -37.0432853699, 70.1119613647, -35.3732414246, 73.4839096069, 10.8538913727, 112.007827759, 36.6556549072, 54.0947494507], [24.2707862854, -56.4613952637, -85.0496063232, -31.0757541656, 24.3937530518, -24.6626396179, 46.1019248962, 27.9839439392, -13.1007862091, 8.70884132385, 36.6556549072, 107.489593506, 51.2264785767], [-143.337585449, 102.910461426, -220.697067261, -29.6556148529, -12.6606149673, -61.5806541443, 88.8076705933, -9.54298305511, 38.7341995239, -24.0761184692, 54.0947494507, 51.2264785767, 105.753829956]],
        "icov": [[0.000504891271703, 4.13464695157e-005, 0.000422797194915, -0.00108486250974, 0.000524218194187, -0.000271455268376, 0.00063815084286, -0.00106391729787, 0.000847472168971, -0.000174235552549, 0.000650413800031, -0.000343586027157, -2.13391394936e-005], [4.13464695157e-005, 0.00672178622335, -0.00105547218118, 0.00129517901223, -0.00196168315597, 0.00327071617357, -0.00318133714609, 0.00564991217107, -0.00306983478367, 0.00445333682001, -0.00452060997486, 0.00583873223513, -0.00185104215052], [0.000422797194915, -0.00105547218118, 0.00438627926633, -0.00225453241728, 0.000665667525027, -0.00372095336206, 0.00377011531964, -0.00455842167139, 0.00193655968178, -0.00220101699233, 0.00407460797578, -0.00103411788587, 0.00166358530987], [-0.00108486250974, 0.00129517901223, -0.00225453241728, 0.00971929449588, -0.00301619665697, 0.00177125399932, -0.0029975771904, 0.00692728161812, -0.00152803794481, 0.00447360659018, -0.00172781862784, 0.00236545829102, 0.000418547249865], [0.000524218194187, -0.00196168315597, 0.000665667525027, -0.00301619665697, 0.0127857550979, -0.00348890176974, -0.000321501371218, -0.00230487948284, -0.00174863962457, -0.0043210433796, 0.00260688434355, -0.0074228849262, 0.00464278552681], [-0.000271455268376, 0.00327071617357, -0.00372095336206, 0.00177125399932, -0.00348890176974, 0.0116881234571, -0.00302140461281, 0.00135094160214, -0.00182393065188, 0.0035210638307, -0.00625187112018, 0.00521257752553, 0.000370894413209], [0.00063815084286, -0.00318133714609, 0.00377011531964, -0.0029975771904, -0.000321501371218, -0.00302140461281, 0.0153714884073, -0.00878405850381, 0.00356226577424, 0.000956421485171, -0.000314910023008, -0.00204101693816, -0.00444812187925], [-0.00106391729787, 0.00564991217107, -0.00455842167139, 0.00692728161812, -0.00230487948284, 0.00135094160214, -0.00878405850381, 0.0218296777457, -0.00740883219987, 0.00323777925223, 0.00116886198521, -0.000240024615778, -0.00168423762079], [0.000847472168971, -0.00306983478367, 0.00193655968178, -0.00152803794481, -0.00174863962457, -0.00182393065188, 0.00356226577424, -0.00740883219987, 0.0149083668366, -0.00580857973546, -0.00373647990637, 0.00546935852617, -0.0047034653835], [-0.000174235552549, 0.00445333682001, -0.00220101699233, 0.00447360659018, -0.0043210433796, 0.0035210638307, 0.000956421485171, 0.00323777925223, -0.00580857973546, 0.0218414962292, -0.00732495915145, 0.000778478046414, 0.00358318234794], [0.000650413800031, -0.00452060997486, 0.00407460797578, -0.00172781862784, 0.00260688434355, -0.00625187112018, -0.000314910023008, 0.00116886198521, -0.00373647990637, -0.00732495915145, 0.0290791168809, -0.0123090902343, 0.00112988252658], [-0.000343586027157, 0.00583873223513, -0.00103411788587, 0.00236545829102, -0.0074228849262, 0.00521257752553, -0.00204101693816, -0.000240024615778, 0.00546935852617, 0.000778478046414, -0.0123090902343, 0.0268022920936, -0.0123158507049], [-2.13391394936e-005, -0.00185104215052, 0.00166358530987, 0.000418547249865, 0.00464278552681, 0.000370894413209, -0.00444812187925, -0.00168423762079, -0.0047034653835, 0.00358318234794, 0.00112988252658, -0.0123158507049, 0.0270987804979]]
    },
    "melbands": {
        "mean": [0.0032177339308, 0.00343801593408, 0.00112890824676, 0.000403094396461, 0.000391760695493, 0.00038179740659, 0.00024603959173, 0.000289918825729, 0.000336635130225, 0.000859570980538, 0.000506529526319, 0.00024418567773, 0.000216701242607, 2.81835946225e-005, 4.7807883675e-005, 3.57397584594e-005, 3.03003744193e-005, 2.60713150055e-005, 1.83732481673e-005, 2.41722573264e-005, 2.4393259082e-005, 2.73965069937e-005, 2.53050857282e-005, 1.26799814097e-005, 5.44480508324e-006, 6.45507179797e-006, 8.73707813298e-006, 7.45959232518e-006, 4.39539553554e-006, 1.96995870283e-006, 1.50288428813e-006, 1.69363363511e-006, 8.09913728972e-007, 5.62557886497e-007, 4.09213981811e-007, 3.66510533922e-007, 3.1923227084e-007, 3.97135067942e-007, 2.6074235393e-007, 1.60655801551e-007],
        "var": [3.70768284483e-005, 3.30128823407e-005, 7.29572821001e-006, 5.08948460265e-007, 2.60893358472e-007, 1.67194514233e-007, 1.12687843057e-007, 2.07080319115e-007, 1.81227733265e-007, 1.0612963024e-006, 8.5264343852e-007, 1.1034897085e-007, 8.81935733332e-008, 1.30555899425e-009, 2.76644440689e-009, 1.05831110542e-009, 1.10201736625e-009, 2.52223752994e-009, 4.53786813681e-010, 8.5762352775e-010, 1.11756282006e-009, 9.77868452878e-010, 9.94266557974e-010, 1.886797385e-010, 2.79600526759e-011, 3.422616357e-011, 7.87490836429e-011, 5.94264359943e-011, 1.87543539726e-011, 4.42784437588e-012, 3.36135199536e-012, 3.40817023041e-012, 8.70743472985e-013, 8.16557379438e-013, 4.89785566705e-013, 4.57446960086e-013, 4.17488960069e-013, 1.02019705617e-012, 4.03167137262e-013, 1.39290543075e-013]
    },
    "mfcc": {
        "mean": [-647.640075684, 151.688751221, -18.159324646, 29.0822257996, -8.74155044556, 2.1831099987, 2.11946845055, 11.7728853226, 12.4265375137, 9.67820835114, 2.4377117157, 3.14239645004, 0.203460216522],
        "cov": [[3899.73339844, -660.678649902, 289.314575195, 316.827697754, -34.005027771, -97.7578887939, 170.209945679, 39.4556083679, 7.84443378448, -295.033050537, -261.99911499, 65.8668518066, -40.5532150269], [-660.678649902, 448.661102295, -291.7472229, 15.9086561203, -118.308769226, 12.9667434692, -69.3626022339, -23.2753410339, -25.079870224, 34.7784805298, 41.6890296936, -8.28796482086, 6.75761270523], [289.314575195, -291.7472229, 868.06036377, -85.2079925537, 329.20791626, 51.0484733582, 46.2233276367, -2.91395807266, 24.604352951, 93.8521575928, 17.7743301392, -46.6620368958, -73.4759597778], [316.827697754, 15.9086561203, -85.2079925537, 196.402709961, -61.6846351624, 6.96041822433, 0.516577720642, -9.63516044617, -13.3323888779, -76.4064865112, -39.9353256226, 26.8632717133, 1.61433947086], [-34.005027771, -118.308769226, 329.20791626, -61.6846351624, 268.553344727, 50.6408729553, -1.61616694927, -11.5300989151, 16.8379745483, 66.1348114014, 39.1503753662, 4.29004144669, 4.60990142822], [-97.7578887939, 12.9667434692, 51.0484733582, 6.96041822433, 50.6408729553, 100.056617737, 7.8106970787, -9.52442455292, -10.5069475174, 15.4970560074, 6.45459032059, 10.1532039642, 12.9905595779], [170.209945679, -69.3626022339, 46.2233276367, 0.516577720642, -1.61616694927, 7.8106970787, 113.299354553, 54.951839447, 14.986497879, -26.4162025452, -19.2938232422, -11.5805644989, -2.89622473717], [39.4556083679, -23.2753410339, -2.91395807266, -9.63516044617, -11.5300989151, -9.52442455292, 54.951839447, 104.980529785, 39.6066398621, -4.88382768631, -11.9390296936, -14.0773239136, 1.23050940037], [7.84443378448, -25.079870224, 24.604352951, -13.3323888779, 16.8379745483, -10.5069475174, 14.986497879, 39.6066398621, 74.8124160767, 26.905040741, -1.13895440102, -4.94822597504, 9.2820930481], [-295.033050537, 34.7784805298, 93.8521575928, -76.4064865112, 66.1348114014, 15.4970560074, -26.4162025452, -4.88382768631, 26.905040741, 122.057151794, 53.657169342, -16.4039344788, -3.7921230793], [-261.99911499, 41.6890296936, 17.7743301392, -39.9353256226, 39.1503753662, 6.45459032059, -19.2938232422, -11.9390296936, -1.13895440102, 53.657169342, 81.622177124, 19.9575042725, -3.74050116539], [65.8668518066, -8.28796482086, -46.6620368958, 26.8632717133, 4.29004144669, 10.1532039642, -11.5805644989, -14.0773239136, -4.94822597504, -16.4039344788, 19.9575042725, 72.879989624, 34.9269638062], [-40.5532150269, 6.75761270523, -73.4759597778, 1.61433947086, 4.60990142822, 12.9905595779, -2.89622473717, 1.23050940037, 9.2820930481, -3.7921230793, -3.74050116539, 34.9269638062, 84.9720687866]],
        "icov": [[0.000546461495105, 0.000523793278262, -0.000125079750433, -0.000555520993657, 2.55801060121e-005, 0.000549777934793, -0.000400933582569, 0.000118419535283, 3.19566279359e-005, 1.87276618817e-005, 0.00137480348349, -0.00104147335514, 0.000506674929056], [0.000523793278262, 0.00447370484471, 0.000999005860649, -0.00126670917962, 0.00109582056757, -0.000959150085691, 0.00130524812266, -0.000301553576719, 0.000936949625611, -0.00132601079531, -0.001061828807, 0.00133980927058, 0.000159168630489], [-0.000125079750433, 0.000999005860649, 0.00324396160431, -7.31011896278e-005, -0.0032673983369, -0.00026802715729, -0.0009309942252, 0.00040509889368, 0.000343072635587, -0.00183319626376, 0.000941332837101, 0.000642467348371, 0.00250603235327], [-0.000555520993657, -0.00126670917962, -7.31011896278e-005, 0.00840378366411, 0.000796419684775, -0.00213929684833, 0.00102624425199, 0.000640977057628, -0.00161799544003, 0.00402206927538, 0.0010888800025, -0.00237549631856, 0.00130288908258], [2.55801060121e-005, 0.00109582056757, -0.0032673983369, 0.000796419684775, 0.00960635673255, -0.0030166094657, 0.00172318622936, 0.000195163782337, -0.00114330695942, 9.44767161855e-005, -0.00359630165622, 0.000278747203993, -0.00306326826103], [0.000549777934793, -0.000959150085691, -0.00026802715729, -0.00213929684833, -0.0030166094657, 0.0139093194157, -0.00359395495616, 0.000739084789529, 0.00345381721854, -0.00335924723186, 0.00389567273669, -0.00331460870802, -0.000941738253459], [-0.000400933582569, 0.00130524812266, -0.0009309942252, 0.00102624425199, 0.00172318622936, -0.00359395495616, 0.0151894455776, -0.00707482686266, -0.00045508967014, 0.00438810372725, -0.00301972334273, 0.00340384454466, -0.00133005203679], [0.000118419535283, -0.000301553576719, 0.00040509889368, 0.000640977057628, 0.000195163782337, 0.000739084789529, -0.00707482686266, 0.0164697077125, -0.0077539361082, 0.00131229299586, -3.1856534406e-006, 0.00155506771989, 8.16332030809e-005], [3.19566279359e-005, 0.000936949625611, 0.000343072635587, -0.00161799544003, -0.00114330695942, 0.00345381721854, -0.00045508967014, -0.0077539361082, 0.021446865052, -0.00845607183874, 0.00397314643487, -0.00169004825875, -0.00195167306811], [1.87276618817e-005, -0.00132601079531, -0.00183319626376, 0.00402206927538, 9.44767161855e-005, -0.00335924723186, 0.00438810372725, 0.00131229299586, -0.00845607183874, 0.0219621378928, -0.0119495661929, 0.00747879967093, -0.0026044738479], [0.00137480348349, -0.001061828807, 0.000941332837101, 0.0010888800025, -0.00359630165622, 0.00389567273669, -0.00301972334273, -3.1856534406e-006, 0.00397314643487, -0.0119495661929, 0.0306258592755, -0.0167572051287, 0.00829927343875], [-0.00104147335514, 0.00133980927058, 0.000642467348371, -0.00237549631856, 0.000278747203993, -0.00331460870802, 0.00340384454466, 0.00155506771989, -0.00169004825875, 0.00747879967093, -0.0167572051287, 0.0291051603854, -0.0116004869342], [0.000506674929056, 0.000159168630489, 0.00250603235327, 0.00130288908258, -0.00306326826103, -0.000941738253459, -0.00133005203679, 8.16332030809e-005, -0.00195167306811, -0.0026044738479, 0.00829927343875, -0.0116004869342, 0.019634174183]]
    },
    "spectral_contrast_coeffs": {
        "mean": [-0.705318748951, -0.692892313004, -0.660261034966, -0.748480260372, -0.762546122074, -0.731500506401],
        "var": [0.00500315940008, 0.00472448999062, 0.0060859369114, 0.0025869847741, 0.00334182288498, 0.00314471870661]
    },
    "spectral_contrast_valleys": {
        "mean": [-7.05751943588, -6.70052146912, -7.32732200623, -7.92063188553, -7.79014158249, -10.9958972931],
        "var": [0.81559586525, 0.750277936459, 0.705779194832, 0.641495585442, 1.04697489738, 1.39871835709]
    }
},
"metadata": {
    "audio_properties": {
        "analysis_sample_rate": 44100,
        "bit_rate": 128074,
        "equal_loudness": 0,
        "length": 45.0612258911,
        "lossless": 0,
        "replay_gain": -4.24992752075,
        "sample_rate": 44100,
        "codec": "mp3",
        "downmix": "mix",
        "md5_encoded": "728ade71f743137018d385f08f422a7c"
    },
    "tags": {
        "file_name": "1401.mp3"
    },
    "version": {
        "essentia": "2.1-beta2",
        "essentia_git_sha": "v2.1_beta2",
        "extractor": "music 1.0"
    }
},
"rhythm": {
    "beats_count": 99,
    "beats_loudness": {
        "mean": 0.0679077059031,
        "var": 0.00212085945532
    },
    "bpm": 133.858612061,
    "bpm_histogram_first_peak_bpm": {
        "mean": 133,
        "var": 0
    },
    "bpm_histogram_first_peak_spread": {
        "mean": 0.510638296604,
        "var": 0
    },
    "bpm_histogram_first_peak_weight": {
        "mean": 0.469387769699,
        "var": 0
    },
    "bpm_histogram_second_peak_bpm": {
        "mean": 120,
        "var": 0
    },
    "bpm_histogram_second_peak_spread": {
        "mean": 0.249999970198,
        "var": 0
    },
    "bpm_histogram_second_peak_weight": {
        "mean": 0.0306122452021,
        "var": 0
    },
    "danceability": 1.64613318443,
    "onset_rate": 3.88185477257,
    "beats_loudness_band_ratio": {
        "mean": [0.607358634472, 0.0710242763162, 0.195042386651, 0.0866815671325, 0.0353903546929, 0.020302163437],
        "var": [0.0549179911613, 0.00221352721564, 0.0229067895561, 0.011419961229, 0.00108403491322, 0.000189839454833]
    },
    "beats_position": [0.476009070873, 0.96362811327, 1.46285712719, 1.9620860815, 2.46131515503, 2.92571425438, 3.36689329147, 3.8196823597, 4.27247142792, 4.71365070343, 5.16644001007, 5.60761880875, 6.06040811539, 6.5015873909, 6.9543762207, 7.40716552734, 7.84834432602, 8.3011341095, 8.75392246246, 9.19510173798, 9.63628101349, 10.1006803513, 10.5418596268, 10.9830379486, 11.4358272552, 11.8886165619, 12.3297958374, 12.7709751129, 13.2237634659, 13.6765527725, 14.1293420792, 14.5821313858, 15.0233106613, 15.4760990143, 15.9288883209, 16.3700675964, 16.8112468719, 17.2640361786, 17.7168254852, 18.1580047607, 18.5991840363, 19.0403633118, 19.5047607422, 19.9459400177, 20.3987293243, 20.851518631, 21.2926979065, 21.733877182, 22.1750564575, 22.6394557953, 23.0806350708, 23.5334243774, 23.9862117767, 24.4273910522, 24.8801803589, 25.3329696655, 25.774148941, 26.2153282166, 26.6681175232, 27.1209068298, 27.5620861053, 28.0264854431, 28.4676647186, 28.9088420868, 29.3616313934, 29.8144207001, 30.2555999756, 30.6967792511, 31.1495685577, 31.6023578644, 32.0435371399, 32.4963264465, 32.9491157532, 33.3902931213, 33.8314743042, 34.2842636108, 34.7370529175, 35.1782302856, 35.6310195923, 36.0838088989, 36.5249862671, 36.9777755737, 37.4305648804, 37.8717460632, 38.3129234314, 38.7773246765, 39.2185020447, 39.6596832275, 40.1124725342, 40.5652618408, 41.006439209, 41.4592285156, 41.9120178223, 42.3531951904, 42.7943763733, 43.2471656799, 43.6999549866, 44.1527442932, 44.6055335999]
},
"tonal": {
    "chords_changes_rate": 0.0360082313418,
    "chords_number_rate": 0.00514403311536,
    "chords_strength": {
        "mean": 0.437789708376,
        "var": 0.00472582504153
    },
    "hpcp_entropy": {
        "mean": 1.61645591259,
        "var": 0.438449114561
    },
    "key_strength": 0.798386693001,
    "tuning_diatonic_strength": 0.557361781597,
    "tuning_equal_tempered_deviation": 0.0521098785102,
    "tuning_frequency": 440.508636475,
    "tuning_nontempered_energy_ratio": 0.624971151352,
    "hpcp": {
        "mean": [0.10664999485, 0.0827760472894, 0.0968089774251, 0.134528130293, 0.0932794585824, 0.169691577554, 0.336572736502, 0.271220296621, 0.145458057523, 0.118030384183, 0.0922517329454, 0.0937658175826, 0.0952875763178, 0.062218464911, 0.0456129088998, 0.0458914935589, 0.0407021641731, 0.0704808011651, 0.106402829289, 0.0902181714773, 0.220130309463, 0.354963243008, 0.231573581696, 0.150832056999, 0.113026626408, 0.0377495363355, 0.141369372606, 0.269417911768, 0.166812986135, 0.053783107549, 0.0578660182655, 0.0681630596519, 0.143896773458, 0.215095609426, 0.159819275141, 0.104695476592],
        "var": [0.0532207228243, 0.034351002425, 0.0342133194208, 0.066888704896, 0.0332635454834, 0.0396134704351, 0.131194025278, 0.0850977748632, 0.0628392249346, 0.052936989814, 0.0403901450336, 0.03354505077, 0.0406259596348, 0.0172279477119, 0.0136324604973, 0.0160954259336, 0.0161537826061, 0.0186937432736, 0.0391879528761, 0.024394037202, 0.0521185621619, 0.132540285587, 0.0432417243719, 0.0678808242083, 0.0369578376412, 0.00783505570143, 0.0326615609229, 0.114893294871, 0.0452467314899, 0.0254385452718, 0.0279764272273, 0.0360735207796, 0.0467187911272, 0.0871403962374, 0.0606433153152, 0.0454006269574]
    },
    "chords_histogram": [83.9506149292, 0, 3.18930029869, 0, 0, 0, 0, 0, 0, 0, 0, 0, 0, 0, 0, 0.308641970158, 0.411522626877, 1.64609050751, 0, 4.21810722351, 0, 0.308641970158, 0, 5.96707820892],
    "thpcp": [1, 0.652387499809, 0.424923032522, 0.318417847157, 0.106347732246, 0.398264825344, 0.759002268314, 0.469944387674, 0.151517406106, 0.163019746542, 0.19202850759, 0.405384987593, 0.605965852737, 0.450241774321, 0.294947385788, 0.30045363307, 0.233196109533, 0.272729575634, 0.378991723061, 0.262786239386, 0.478053927422, 0.948190391064, 0.764079928398, 0.409783422947, 0.332514375448, 0.259890943766, 0.264156401157, 0.268443495035, 0.175281435251, 0.128500372171, 0.12928520143, 0.114665858448, 0.198558032513, 0.29975733161, 0.254162013531, 0.620149612427],
    "chords_key": "E",
    "chords_scale": "major",
    "key_key": "E",
    "key_scale": "major"
}
}