{
"lowlevel": {
    "average_loudness": 0.954622209072,
    "barkbands_crest": {
        "mean": 10.6445207596,
        "var": 17.0218467712
    },
    "barkbands_flatness_db": {
        "mean": 0.14588791132,
        "var": 0.00160410569515
    },
    "barkbands_kurtosis": {
        "mean": 4.45701265335,
        "var": 12.7014312744
    },
    "barkbands_skewness": {
        "mean": 1.1806499958,
        "var": 0.560481905937
    },
    "barkbands_spread": {
        "mean": 11.1967153549,
        "var": 51.4841842651
    },
    "dissonance": {
        "mean": 0.425683528185,
        "var": 0.0017157162074
    },
    "dynamic_complexity": 1.98423981667,
    "erbbands_crest": {
        "mean": 12.0165281296,
        "var": 23.6948070526
    },
    "erbbands_flatness_db": {
        "mean": 0.195763543248,
        "var": 0.00199438119307
    },
    "erbbands_kurtosis": {
        "mean": 3.28458809853,
        "var": 11.574174881
    },
    "erbbands_skewness": {
        "mean": 1.24787557125,
        "var": 0.414595276117
    },
    "erbbands_spread": {
        "mean": 20.3258457184,
        "var": 181.895370483
    },
    "hfc": {
        "mean": 21.7387142181,
        "var": 146.2474823
    },
    "melbands_crest": {
        "mean": 11.4785785675,
        "var": 15.5684747696
    },
    "melbands_flatness_db": {
        "mean": 0.213029935956,
        "var": 0.0019018498715
    },
    "melbands_kurtosis": {
        "mean": 5.85461044312,
        "var": 24.8011283875
    },
    "melbands_skewness": {
        "mean": 1.19323658943,
        "var": 0.849837243557
    },
    "melbands_spread": {
        "mean": 14.1524381638,
        "var": 43.8997154236
    },
    "pitch_salience": {
        "mean": 0.601185679436,
        "var": 0.00981922168285
    },
    "silence_rate_20dB": {
        "mean": 1,
        "var": 0
    },
    "silence_rate_30dB": {
        "mean": 1,
        "var": 0
    },
    "silence_rate_60dB": {
        "mean": 0.00154479919001,
        "var": 0.00154241069686
    },
    "spectral_centroid": {
        "mean": 843.830566406,
        "var": 103830.984375
    },
    "spectral_complexity": {
        "mean": 16.8861999512,
        "var": 17.9216938019
    },
    "spectral_decrease": {
        "mean": -7.69497088271e-009,
        "var": 1.49064034431e-017
    },
    "spectral_energy": {
        "mean": 0.0310143623501,
        "var": 0.000241697402089
    },
    "spectral_energyband_high": {
        "mean": 0.000300661660731,
        "var": 1.70230350705e-007
    },
    "spectral_energyband_low": {
        "mean": 0.00220722146332,
        "var": 4.99544739796e-006
    },
    "spectral_energyband_middle_high": {
        "mean": 0.00695006689057,
        "var": 6.06029352639e-005
    },
    "spectral_energyband_middle_low": {
        "mean": 0.0219736024737,
        "var": 0.000181392068043
    },
    "spectral_entropy": {
        "mean": 7.18999290466,
        "var": 0.153908982873
    },
    "spectral_flux": {
        "mean": 0.0747892707586,
        "var": 0.00128893181682
    },
    "spectral_kurtosis": {
        "mean": 7.78814268112,
        "var": 23.5580062866
    },
    "spectral_rms": {
        "mean": 0.00531529448926,
        "var": 2.00550312002e-006
    },
    "spectral_rolloff": {
        "mean": 965.264892578,
        "var": 511517
    },
    "spectral_skewness": {
        "mean": 2.19772553444,
        "var": 0.282690346241
    },
    "spectral_spread": {
        "mean": 4052687.75,
        "var": 2.54971111014e+012
    },
    "spectral_strongpeak": {
        "mean": 2.2895886898,
        "var": 2.57279133797
    },
    "zerocrossingrate": {
        "mean": 0.0439116209745,
        "var": 0.000398247677367
    },
    "barkbands": {
        "mean": [0.000150411855429, 0.00111644004937, 0.000673484231811, 0.000622667430434, 0.00308596598916, 0.00292893638834, 0.00320087373257, 0.00635745516047, 0.00544500770047, 0.00196453928947, 0.00194681133144, 0.00140084000304, 0.00037206360139, 0.000508065451868, 0.000285624002572, 0.00022274319781, 0.000197294473764, 0.000107997802843, 9.07652574824e-005, 6.49101639283e-005, 5.48039242858e-005, 5.69422372791e-005, 6.38577112113e-005, 4.42779819423e-005, 3.28703172272e-005, 1.75197474164e-005, 1.2257276012e-006],
        "var": [1.00497331346e-007, 1.71637395852e-006, 4.84896133912e-007, 4.40041276306e-007, 1.01626901596e-005, 1.01320129033e-005, 2.57375631918e-005, 9.29393718252e-005, 6.50004076306e-005, 2.10386624531e-005, 2.57492101809e-005, 4.34416597273e-006, 3.09276458665e-007, 1.38103314384e-006, 1.62545177318e-007, 6.83613166075e-008, 1.92789556763e-007, 2.45641906815e-008, 1.16616893919e-008, 8.47981596053e-009, 4.97690200163e-009, 8.11174771798e-009, 1.89099171877e-008, 6.56448539971e-009, 3.07926506515e-009, 1.17956822088e-009, 5.2491123427e-012]
    },
    "erbbands": {
        "mean": [0.0365672260523, 0.231921374798, 0.685797154903, 1.63090920448, 4.05580425262, 10.1856193542, 18.5151386261, 29.273891449, 32.1875228882, 87.5310821533, 144.587646484, 92.5186157227, 106.71635437, 82.9712905884, 57.3364334106, 43.153137207, 21.1638278961, 24.4501419067, 15.8638458252, 16.1409683228, 13.8278093338, 12.6654548645, 6.76569890976, 4.69516706467, 3.96083450317, 3.13487434387, 2.33268976212, 2.13730311394, 2.11357021332, 1.98690748215, 1.74146902561, 1.23227119446, 0.532791078091, 0.362288147211, 0.236270830035, 0.0948548689485, 0.0292473528534, 0.00495162745938, 0.000152048858581, 4.00984099542e-005],
        "var": [0.00223055412062, 0.0704981088638, 0.468271583319, 2.71797800064, 20.0303592682, 154.709609985, 641.127807617, 1164.33691406, 1273.24682617, 15600.8173828, 40496.6210938, 14094.6376953, 35322.0195313, 29853.8359375, 11586.4873047, 4251.14404297, 972.996032715, 4205.04394531, 432.665435791, 317.989868164, 284.463012695, 747.098693848, 106.410369873, 29.5244789124, 24.994178772, 20.8267364502, 9.30355548859, 8.78910636902, 10.4581756592, 13.1448564529, 17.1415500641, 5.99501752853, 0.892708063126, 0.371501982212, 0.17567999661, 0.0323608592153, 0.00363536481746, 8.90037917998e-005, 6.72129161217e-008, 3.74764497213e-010]
    },
    "gfcc": {
        "mean": [5.99994182587, 111.361976624, -120.586204529, 0.727618694305, -72.6083831787, 8.20385456085, -38.5719261169, 13.3622140884, -16.740644455, 3.52779817581, -17.4906330109, 1.62286281586, -10.0564813614],
        "cov": [[2355.234375, -667.053100586, -12.6654691696, 70.5157928467, -305.584594727, 131.426605225, -56.7861976624, 45.7666778564, -131.151092529, -6.99548864365, -116.017784119, 102.13873291, -76.2605667114], [-667.053100586, 877.977416992, -133.513793945, -79.2448043823, 188.248626709, -107.342178345, 112.649505615, -40.1323318481, 86.2339324951, -66.758354187, 103.950019836, -95.3688354492, 68.63671875], [-12.6654691696, -133.513793945, 335.820037842, 89.5281600952, 33.1518821716, 9.706782341, -68.0697784424, 33.7165870667, -22.5587310791, 71.4150924683, -34.9342155457, 23.7426452637, -32.6511001587], [70.5157928467, -79.2448043823, 89.5281600952, 245.057189941, 40.7160949707, -23.4247550964, -55.3785629272, 5.21427822113, 15.2818775177, 16.4369449615, -18.7256450653, -0.721657991409, -2.13683891296], [-305.584594727, 188.248626709, 33.1518821716, 40.7160949707, 185.715026855, -19.6851959229, 8.60967350006, 12.3807058334, 29.6496505737, 22.573348999, 1.76848804951, -28.5270500183, 1.42011606693], [131.426605225, -107.342178345, 9.706782341, -23.4247550964, -19.6851959229, 161.965499878, 35.0089797974, 0.329616814852, -6.22030210495, -21.1176929474, -6.31384897232, 4.0329413414, -21.8302326202], [-56.7861976624, 112.649505615, -68.0697784424, -55.3785629272, 8.60967350006, 35.0089797974, 125.273124695, 14.4574098587, -4.85882425308, -30.9342803955, 14.5276145935, -0.621866703033, 1.49518609047], [45.7666778564, -40.1323318481, 33.7165870667, 5.21427822113, 12.3807058334, 0.329616814852, 14.4574098587, 80.2610778809, 17.4001483917, 14.8291339874, -3.78216338158, 12.5030517578, -5.2765007019], [-131.151092529, 86.2339324951, -22.5587310791, 15.2818775177, 29.6496505737, -6.22030210495, -4.85882425308, 17.4001483917, 116.01499176, 10.7551078796, 7.83680820465, -32.428478241, -0.550004541874], [-6.99548864365, -66.758354187, 71.4150924683, 16.4369449615, 22.573348999, -21.1176929474, -30.9342803955, 14.8291339874, 10.7551078796, 93.1837844849, 9.20888900757, 3.80081105232, -21.4845542908], [-116.017784119, 103.950019836, -34.9342155457, -18.7256450653, 1.76848804951, -6.31384897232, 14.5276145935, -3.78216338158, 7.83680820465, 9.20888900757, 93.1124267578, 17.823261261, 3.34323549271], [102.13873291, -95.3688354492, 23.7426452637, -0.721657991409, -28.5270500183, 4.0329413414, -0.621866703033, 12.5030517578, -32.428478241, 3.80081105232, 17.823261261, 86.899017334, 14.0153617859], [-76.2605667114, 68.63671875, -32.6511001587, -2.13683891296, 1.42011606693, -21.8302326202, 1.49518609047, -5.2765007019, -0.550004541874, -21.4845542908, 3.34323549271, 14.0153617859, 63.2763786316]],
        "icov": [[0.000840834225528, -0.0005501358537, 0.00083312636707, -0.000717516057193, 0.00160888710525, -0.000984209938906, 0.000903143780306, -0.00114197842777, 0.000978606403805, -0.000879976490978, 0.00174105062615, -0.0012636538595, 0.001421179506], [-0.0005501358537, 0.00567053444684, -0.00229131197557, 0.00224898871966, -0.00541698839515, 0.00449742516503, -0.004818553105, 0.00377191766165, -0.0030905008316, 0.00519991153851, -0.00730981118977, 0.0058745094575, -0.0049950061366], [0.00083312636707, -0.00229131197557, 0.00639431877062, -0.00237727770582, 0.00217866059393, -0.00325125269592, 0.00424106558785, -0.00382764544338, 0.00319672212936, -0.00509945210069, 0.00532072409987, -0.00414226856083, 0.0040514790453], [-0.000717516057193, 0.00224898871966, -0.00237727770582, 0.00631352746859, -0.00386884436011, 0.00257205287926, -0.000429627107223, 0.00204897858202, -0.00243544369005, 0.00325112207793, -0.00309894001111, 0.00230201892555, -0.00242599728517], [0.00160888710525, -0.00541698839515, 0.00217866059393, -0.00386884436011, 0.0133130559698, -0.00445022759959, 0.00339593109675, -0.00500266719609, 0.00303020491265, -0.00694963987917, 0.00784779153764, -0.00406383536756, 0.00462911464274], [-0.000984209938906, 0.00449742516503, -0.00325125269592, 0.00257205287926, -0.00445022759959, 0.0115186469629, -0.00630787760019, 0.0043234215118, -0.0036318670027, 0.0065977955237, -0.00601604487747, 0.00416642054915, -0.00146839802619], [0.000903143780306, -0.004818553105, 0.00424106558785, -0.000429627107223, 0.00339593109675, -0.00630787760019, 0.0162346307188, -0.00731103587896, 0.00444426294416, -0.00180568278302, 0.00528376316652, -0.00517554907128, 0.00553616089746], [-0.00114197842777, 0.00377191766165, -0.00382764544338, 0.00204897858202, -0.00500266719609, 0.0043234215118, -0.00731103587896, 0.019006146118, -0.00650201458484, 0.00230416865088, -0.00406363187358, 0.000743019045331, -0.0032362092752], [0.000978606403805, -0.0030905008316, 0.00319672212936, -0.00243544369005, 0.00303020491265, -0.0036318670027, 0.00444426294416, -0.00650201458484, 0.013654240407, -0.00460421899334, 0.00315493554808, 0.000973144953605, 0.00230396026745], [-0.000879976490978, 0.00519991153851, -0.00509945210069, 0.00325112207793, -0.00694963987917, 0.0065977955237, -0.00180568278302, 0.00230416865088, -0.00460421899334, 0.0212834682316, -0.00980317592621, 0.00456874538213, 0.000136950446176], [0.00174105062615, -0.00730981118977, 0.00532072409987, -0.00309894001111, 0.00784779153764, -0.00601604487747, 0.00528376316652, -0.00406363187358, 0.00315493554808, -0.00980317592621, 0.0237278714776, -0.0126533759758, 0.00820075813681], [-0.0012636538595, 0.0058745094575, -0.00414226856083, 0.00230201892555, -0.00406383536756, 0.00416642054915, -0.00517554907128, 0.000743019045331, 0.000973144953605, 0.00456874538213, -0.0126533759758, 0.0234869681299, -0.011215923354], [0.001421179506, -0.0049950061366, 0.0040514790453, -0.00242599728517, 0.00462911464274, -0.00146839802619, 0.00553616089746, -0.0032362092752, 0.00230396026745, 0.000136950446176, 0.00820075813681, -0.011215923354, 0.0260496400297]]
    },
    "melbands": {
        "mean": [0.000318569422234, 0.000352577335434, 0.000343556719599, 0.000462613272248, 0.00065113423625, 0.00062118715141, 0.000557484221645, 0.00114477099851, 0.00110724719707, 0.000631713483017, 0.000538961670827, 0.000334860058501, 0.000231510071899, 0.000155495770741, 7.40136310924e-005, 4.20805517933e-005, 4.50978259323e-005, 2.69061802101e-005, 2.34740491578e-005, 1.57410268002e-005, 1.5700388758e-005, 1.41025384437e-005, 7.35183039069e-006, 4.59259126728e-006, 3.71739565708e-006, 3.58952411261e-006, 2.35032052842e-006, 1.94711083168e-006, 1.47031516917e-006, 1.28031592794e-006, 1.19997378079e-006, 1.27621729007e-006, 9.79781248134e-007, 1.18219168144e-006, 1.07658638626e-006, 7.99845679467e-007, 7.38894641472e-007, 3.62842087043e-007, 3.27999828187e-007, 2.94034038006e-007],
        "var": [1.53163185246e-007, 1.23518603345e-007, 9.71138192085e-008, 2.67053536618e-007, 7.06252706095e-007, 4.87818510919e-007, 4.38619963461e-007, 2.37934000324e-006, 2.3938864615e-006, 8.3915142568e-007, 9.44472844822e-007, 4.75002167377e-007, 3.01680302073e-007, 5.9243213002e-008, 3.79680109575e-008, 4.73417127722e-009, 1.7387607798e-008, 1.64994717888e-009, 1.3835853574e-009, 2.51906079329e-010, 4.95157914671e-010, 1.38911238068e-009, 1.18012585815e-010, 4.10944021867e-011, 2.05020063426e-011, 1.97658851092e-011, 1.36845274695e-011, 8.24587967352e-012, 4.07654465739e-012, 2.71596200391e-012, 3.42444540606e-012, 4.55750281264e-012, 2.5113641635e-012, 5.26031909004e-012, 7.46403026192e-012, 3.13375475743e-012, 2.16918453685e-012, 4.0800202843e-013, 4.57681852487e-013, 2.44716492079e-013]
    },
    "mfcc": {
        "mean": [-639.018737793, 150.296127319, -1.08044743538, -0.744588255882, -11.6040258408, -8.2734041214, -12.216837883, 2.46956181526, 0.689214110374, 4.17677021027, -0.223238021135, -0.500542998314, 1.02966868877],
        "cov": [[1784.64855957, -662.482055664, 100.727027893, -76.9780731201, -181.507064819, 17.3061714172, -22.2700805664, 79.743812561, -14.1191940308, -87.2667922974, -58.0582771301, 14.9398155212, -49.8303146362], [-662.482055664, 824.578918457, -181.510452271, 17.5047531128, 28.0643138885, -40.2479057312, 51.715045929, -6.43221616745, 12.9985113144, 27.302274704, 34.3548431396, -13.7468061447, 36.6775665283], [100.727027893, -181.510452271, 255.553344727, 23.301656723, 34.5691986084, 16.7264022827, -11.3761014938, -13.2873783112, -10.5514698029, 0.459639906883, -10.0173912048, 3.16734051704, 19.3688106537], [-76.9780731201, 17.5047531128, 23.301656723, 234.561935425, 85.0362014771, -22.3441543579, -20.0958271027, -44.5476150513, 20.19739151, -3.26190400124, -5.07907295227, 16.9010658264, 21.2557010651], [-181.507064819, 28.0643138885, 34.5691986084, 85.0362014771, 176.858047485, 22.3669700623, -24.1935176849, -35.327709198, 9.50365066528, 44.0405082703, 13.2453794479, 9.79884529114, -5.4287815094], [17.3061714172, -40.2479057312, 16.7264022827, -22.3441543579, 22.3669700623, 109.75037384, 10.0048084259, 15.7064752579, -6.79939174652, 24.1753559113, 3.86189484596, -14.5159692764, -24.9081573486], [-22.2700805664, 51.715045929, -11.3761014938, -20.0958271027, -24.1935176849, 10.0048084259, 115.260650635, 22.818145752, -3.88153457642, -31.2251148224, 0.720946192741, -5.06260108948, 17.209651947], [79.743812561, -6.43221616745, -13.2873783112, -44.5476150513, -35.327709198, 15.7064752579, 22.818145752, 113.702659607, 10.6716718674, -3.28148555756, -9.40661621094, -4.14577960968, -3.69243478775], [-14.1191940308, 12.9985113144, -10.5514698029, 20.19739151, 9.50365066528, -6.79939174652, -3.88153457642, 10.6716718674, 81.3215255737, 14.8873386383, 3.99842357635, -9.71965503693, -8.21768379211], [-87.2667922974, 27.302274704, 0.459639906883, -3.26190400124, 44.0405082703, 24.1753559113, -31.2251148224, -3.28148555756, 14.8873386383, 107.659233093, 28.8885421753, -6.7691450119, -21.5292224884], [-58.0582771301, 34.3548431396, -10.0173912048, -5.07907295227, 13.2453794479, 3.86189484596, 0.720946192741, -9.40661621094, 3.99842357635, 28.8885421753, 69.4387741089, 20.250995636, 0.412952333689], [14.9398155212, -13.7468061447, 3.16734051704, 16.9010658264, 9.79884529114, -14.5159692764, -5.06260108948, -4.14577960968, -9.71965503693, -6.7691450119, 20.250995636, 80.7481384277, 32.1675262451], [-49.8303146362, 36.6775665283, 19.3688106537, 21.2557010651, -5.4287815094, -24.9081573486, 17.209651947, -3.69243478775, -8.21768379211, -21.5292224884, 0.412952333689, 32.1675262451, 85.7641906738]],
        "icov": [[0.000948199478444, 0.000665365019813, -4.19528441853e-005, -0.000108736472612, 0.000812134239823, -5.11637626914e-005, 0.000103299767943, -0.000403525569709, -2.53959042311e-005, 0.000316891411785, 0.000225950760068, -0.000403484416893, 0.000528603326529], [0.000665365019813, 0.002175407717, 0.0012561744079, -0.000109913300548, -1.65147721418e-005, 0.000583470042329, -0.00068311044015, -0.000247815041803, 9.6918149211e-005, -0.000367783184629, -0.000456168869277, 0.000706674414687, -0.000851267890539], [-4.19528441853e-005, 0.0012561744079, 0.00522803608328, -8.26987452456e-005, -0.00120647938456, -0.000443147058832, -1.72750023921e-005, 0.000292590702884, 0.000488511403091, -0.000301829451928, 0.000198704539798, 0.00102437892929, -0.00232491549104], [-0.000108736472612, -0.000109913300548, -8.26987452456e-005, 0.00605680281296, -0.00298396823928, 0.000874074990861, 0.000445517449407, 0.00150517141446, -0.00168774323538, 0.00103782361839, 0.000940093072131, -0.00052574678557, -0.00116675777826], [0.000812134239823, -1.65147721418e-005, -0.00120647938456, -0.00298396823928, 0.0095079485327, -0.00209740595892, 0.000452902488178, 0.00124010816216, -0.000323770917021, -0.00254995189607, 0.00037162026274, -0.00185040815268, 0.00146725890227], [-5.11637626914e-005, 0.000583470042329, -0.000443147058832, 0.000874074990861, -0.00209740595892, 0.0117505788803, -0.00214000418782, -0.00162132293917, 0.00177424750291, -0.00220715347677, -0.000346747285221, 0.00125602807384, 0.00239024218172], [0.000103299767943, -0.00068311044015, -1.72750023921e-005, 0.000445517449407, 0.000452902488178, -0.00214000418782, 0.0112173212692, -0.00180795579217, -0.000103932674392, 0.00395579729229, -0.00199124123901, 0.00168340688106, -0.0023146874737], [-0.000403525569709, -0.000247815041803, 0.000292590702884, 0.00150517141446, 0.00124010816216, -0.00162132293917, -0.00180795579217, 0.0109760854393, -0.00225935224444, -0.00091482460266, 0.00212981062941, -0.00110176845919, -0.000167770849657], [-2.53959042311e-005, 9.6918149211e-005, 0.000488511403091, -0.00168774323538, -0.000323770917021, 0.00177424750291, -0.000103932674392, -0.00225935224444, 0.0139514897019, -0.00180191826075, -0.00113338860683, 0.00209511606954, 0.000774240703322], [0.000316891411785, -0.000367783184629, -0.000301829451928, 0.00103782361839, -0.00254995189607, -0.00220715347677, 0.00395579729229, -0.00091482460266, -0.00180191826075, 0.0144178308547, -0.00544261187315, 0.00158856261987, 0.00139377533924], [0.000225950760068, -0.000456168869277, 0.000198704539798, 0.000940093072131, 0.00037162026274, -0.000346747285221, -0.00199124123901, 0.00212981062941, -0.00113338860683, -0.00544261187315, 0.0193630829453, -0.00641364464536, 0.00130006158724], [-0.000403484416893, 0.000706674414687, 0.00102437892929, -0.00052574678557, -0.00185040815268, 0.00125602807384, 0.00168340688106, -0.00110176845919, 0.00209511606954, 0.00158856261987, -0.00641364464536, 0.0178699344397, -0.00684732710943], [0.000528603326529, -0.000851267890539, -0.00232491549104, -0.00116675777826, 0.00146725890227, 0.00239024218172, -0.0023146874737, -0.000167770849657, 0.000774240703322, 0.00139377533924, 0.00130006158724, -0.00684732710943, 0.0173756144941]]
    },
    "spectral_contrast_coeffs": {
        "mean": [-0.63734549284, -0.679555892944, -0.689611434937, -0.756658256054, -0.787749230862, -0.775105774403],
        "var": [0.00495154829696, 0.00456013064831, 0.00604687863961, 0.00217481702566, 0.00107559235767, 0.000998012139462]
    },
    "spectral_contrast_valleys": {
        "mean": [-7.34019708633, -6.13267230988, -7.06741476059, -7.75843954086, -7.93172216415, -10.4038743973],
        "var": [0.470095485449, 0.477460712194, 0.560661554337, 0.432073682547, 0.501271486282, 0.807253539562]
    }
},
"metadata": {
    "audio_properties": {
        "analysis_sample_rate": 44100,
        "bit_rate": 128074,
        "equal_loudness": 0,
        "length": 45.0612258911,
        "lossless": 0,
        "replay_gain": -5.65783882141,
        "sample_rate": 44100,
        "codec": "mp3",
        "downmix": "mix",
        "md5_encoded": "994ca8a086afa3f339e912a0cb905c4a"
    },
    "tags": {
        "file_name": "1403.mp3"
    },
    "version": {
        "essentia": "2.1-beta2",
        "essentia_git_sha": "v2.1_beta2",
        "extractor": "music 1.0"
    }
},
"rhythm": {
    "beats_count": 83,
    "beats_loudness": {
        "mean": 0.0357592999935,
        "var": 0.000204136231332
    },
    "bpm": 111.908409119,
    "bpm_histogram_first_peak_bpm": {
        "mean": 112,
        "var": 0
    },
    "bpm_histogram_first_peak_spread": {
        "mean": 0.222222208977,
        "var": 0
    },
    "bpm_histogram_first_peak_weight": {
        "mean": 0.768292665482,
        "var": 0
    },
    "bpm_histogram_second_peak_bpm": {
        "mean": 101,
        "var": 0
    },
    "bpm_histogram_second_peak_spread": {
        "mean": 0,
        "var": 0
    },
    "bpm_histogram_second_peak_weight": {
        "mean": 0.0121951214969,
        "var": 0
    },
    "danceability": 1.2173627615,
    "onset_rate": 3.74876260757,
    "beats_loudness_band_ratio": {
        "mean": [0.135554745793, 0.193801537156, 0.421471655369, 0.208457171917, 0.0440363064408, 0.0243604835123],
        "var": [0.0138408401981, 0.023744115606, 0.0428400225937, 0.0422696173191, 0.00102040544152, 0.000422650511609]
    },
    "beats_position": [0.580498874187, 1.17260766029, 1.72988653183, 2.27555561066, 2.80961441994, 3.34367346764, 3.88934230804, 4.43501138687, 4.96907043457, 5.50312900543, 6.03718805313, 6.57124710083, 7.10530614853, 7.63936471939, 8.17342376709, 8.70748329163, 9.24154186249, 9.77560043335, 10.3096599579, 10.8437185287, 11.3777770996, 11.9234466553, 12.4691152573, 13.0031747818, 13.5372333527, 14.0712919235, 14.6053514481, 15.1394100189, 15.6850786209, 16.2307472229, 16.7531967163, 17.2756462097, 17.8097057343, 18.3437633514, 18.8894329071, 19.4234924316, 19.96916008, 20.5032196045, 21.037279129, 21.5713367462, 22.1053962708, 22.6394557953, 23.1735134125, 23.707572937, 24.2416324615, 24.7756919861, 25.3097496033, 25.8438091278, 26.3778686523, 26.9119262695, 27.4459857941, 27.9800453186, 28.5141029358, 29.0481624603, 29.5822219849, 30.1278915405, 30.6619491577, 31.1960086823, 31.7300682068, 32.264125824, 32.8097953796, 33.3438529968, 33.8779144287, 34.4119720459, 34.9460296631, 35.4916992188, 36.0373687744, 36.5714263916, 37.1054878235, 37.6395454407, 38.1736030579, 38.7076644897, 39.2417221069, 39.7757797241, 40.309841156, 40.8438987732, 41.3779602051, 41.9120178223, 42.4576873779, 43.0033569336, 43.5374145508, 44.071472168, 44.6055335999]
},
"tonal": {
    "chords_changes_rate": 0.0174897126853,
    "chords_number_rate": 0.00411522621289,
    "chords_strength": {
        "mean": 0.585408210754,
        "var": 0.00345836835913
    },
    "hpcp_entropy": {
        "mean": 1.50284969807,
        "var": 0.443507909775
    },
    "key_strength": 0.85289722681,
    "tuning_diatonic_strength": 0.647117257118,
    "tuning_equal_tempered_deviation": 0.0230200476944,
    "tuning_frequency": 441.527557373,
    "tuning_nontempered_energy_ratio": 0.620773911476,
    "hpcp": {
        "mean": [0.021699976176, 0.0362483821809, 0.136304035783, 0.185356721282, 0.113295316696, 0.147817179561, 0.198030099273, 0.108164928854, 0.0329654067755, 0.0283144600689, 0.0531034506857, 0.295393258333, 0.517773032188, 0.292676478624, 0.0469345711172, 0.0320710204542, 0.0529581233859, 0.135663032532, 0.167468771338, 0.0883737877011, 0.0767176449299, 0.104109525681, 0.0750229284167, 0.0718292146921, 0.0673222541809, 0.0601996555924, 0.272558480501, 0.407607644796, 0.197814121842, 0.040478117764, 0.0297894123942, 0.040882576257, 0.124387346208, 0.187605500221, 0.110427752137, 0.0317812822759],
        "var": [0.00580243766308, 0.00901109352708, 0.0434393696487, 0.0694142729044, 0.0323024392128, 0.0633065775037, 0.101107291877, 0.0337277837098, 0.00673015648499, 0.00663819676265, 0.0140546634793, 0.0671224743128, 0.141720175743, 0.0609474666417, 0.0113325361162, 0.00917698536068, 0.0182298719883, 0.0553473047912, 0.0776599124074, 0.0277659874409, 0.0184204299003, 0.0380464047194, 0.0131264086813, 0.0124121885747, 0.0111499549821, 0.0120419459417, 0.080375097692, 0.167133823037, 0.049255721271, 0.0112482178956, 0.00868158973753, 0.0102473050356, 0.0387846902013, 0.0677041187882, 0.0259387679398, 0.00672285770997]
    },
    "chords_histogram": [49.7942390442, 0, 0, 0, 0, 0, 0, 0, 0, 0, 0, 0, 0, 0, 0, 1.54320991039, 0, 0, 0, 30.144033432, 0, 0, 18.2098770142, 0.308641970158],
    "thpcp": [1, 0.56526017189, 0.0906469970942, 0.061940304935, 0.102280572057, 0.262012541294, 0.323440492153, 0.170680552721, 0.148168489337, 0.201071739197, 0.144895389676, 0.138727217913, 0.130022719502, 0.11626649648, 0.526405334473, 0.787232279778, 0.382047951221, 0.0781773403287, 0.0575337260962, 0.0789584890008, 0.24023526907, 0.362331539392, 0.213274434209, 0.0613807216287, 0.0419102087617, 0.0700082480907, 0.263250559568, 0.357988357544, 0.218812704086, 0.28548642993, 0.382465064526, 0.208904132247, 0.0636676773429, 0.0546850822866, 0.102561250329, 0.570507228374],
    "chords_key": "F#",
    "chords_scale": "major",
    "key_key": "F#",
    "key_scale": "major"
}
}