{
"lowlevel": {
    "average_loudness": 0.175994560122,
    "barkbands_crest": {
        "mean": 8.38075637817,
        "var": 5.97215652466
    },
    "barkbands_flatness_db": {
        "mean": 0.199173092842,
        "var": 0.00369007466361
    },
    "barkbands_kurtosis": {
        "mean": 4.84047794342,
        "var": 19.524148941
    },
    "barkbands_skewness": {
        "mean": 1.41230869293,
        "var": 0.524809658527
    },
    "barkbands_spread": {
        "mean": 7.93977022171,
        "var": 37.0189819336
    },
    "dissonance": {
        "mean": 0.429569780827,
        "var": 0.00179888203274
    },
    "dynamic_complexity": 7.40455150604,
    "erbbands_crest": {
        "mean": 9.84233188629,
        "var": 8.94063568115
    },
    "erbbands_flatness_db": {
        "mean": 0.237602472305,
        "var": 0.00355057814158
    },
    "erbbands_kurtosis": {
        "mean": 2.91044592857,
        "var": 9.43727779388
    },
    "erbbands_skewness": {
        "mean": 0.929512321949,
        "var": 0.518991470337
    },
    "erbbands_spread": {
        "mean": 14.7758274078,
        "var": 109.105636597
    },
    "hfc": {
        "mean": 8.52342605591,
        "var": 125.813674927
    },
    "melbands_crest": {
        "mean": 10.5789937973,
        "var": 9.0103187561
    },
    "melbands_flatness_db": {
        "mean": 0.280752658844,
        "var": 0.0046826438047
    },
    "melbands_kurtosis": {
        "mean": 4.67348718643,
        "var": 30.1553554535
    },
    "melbands_skewness": {
        "mean": 1.24044322968,
        "var": 0.534864664078
    },
    "melbands_spread": {
        "mean": 10.1488552094,
        "var": 20.8099842072
    },
    "pitch_salience": {
        "mean": 0.68941873312,
        "var": 0.00481882272288
    },
    "silence_rate_20dB": {
        "mean": 1,
        "var": 0
    },
    "silence_rate_30dB": {
        "mean": 0.994850695133,
        "var": 0.00512292189524
    },
    "silence_rate_60dB": {
        "mean": 0.374356329441,
        "var": 0.234208106995
    },
    "spectral_centroid": {
        "mean": 619.958984375,
        "var": 84672.9453125
    },
    "spectral_complexity": {
        "mean": 10.3836250305,
        "var": 35.5630187988
    },
    "spectral_decrease": {
        "mean": -4.14604262033e-009,
        "var": 3.03241467799e-017
    },
    "spectral_energy": {
        "mean": 0.0164212286472,
        "var": 0.000474400090752
    },
    "spectral_energyband_high": {
        "mean": 1.12363031803e-005,
        "var": 1.33605237984e-010
    },
    "spectral_energyband_low": {
        "mean": 0.00103382591624,
        "var": 5.97242069489e-006
    },
    "spectral_energyband_middle_high": {
        "mean": 0.00260340981185,
        "var": 1.45024396261e-005
    },
    "spectral_energyband_middle_low": {
        "mean": 0.0137396166101,
        "var": 0.000343698746292
    },
    "spectral_entropy": {
        "mean": 6.80215454102,
        "var": 0.308587223291
    },
    "spectral_flux": {
        "mean": 0.0431205369532,
        "var": 0.00104483030736
    },
    "spectral_kurtosis": {
        "mean": 22.0296459198,
        "var": 319.375946045
    },
    "spectral_rms": {
        "mean": 0.0031870265957,
        "var": 5.86356236454e-006
    },
    "spectral_rolloff": {
        "mean": 858.264221191,
        "var": 218648.515625
    },
    "spectral_skewness": {
        "mean": 3.69114899635,
        "var": 2.16581106186
    },
    "spectral_spread": {
        "mean": 3579379.25,
        "var": 5.19341709722e+012
    },
    "spectral_strongpeak": {
        "mean": 0.782441914082,
        "var": 0.674137830734
    },
    "zerocrossingrate": {
        "mean": 0.0408735647798,
        "var": 0.000664794817567
    },
    "barkbands": {
        "mean": [1.12356417503e-006, 9.95449772745e-006, 0.000156244612299, 0.00177355261985, 0.00207563303411, 0.00176367571112, 0.00431319000199, 0.00198930199258, 0.0016638507368, 0.00107237906195, 0.000357319397153, 0.000854327983689, 0.00019401453028, 8.43858651933e-005, 8.04086157586e-005, 8.05789295555e-006, 4.17200817537e-006, 3.34281935466e-006, 3.49087235918e-006, 2.99658449876e-006, 2.14649844565e-006, 1.65646827099e-006, 1.37868812544e-006, 1.42745250287e-006, 1.74414697085e-006, 1.32379113893e-006, 1.40676675642e-007],
        "var": [4.26725625322e-012, 5.14507214611e-010, 1.47217235735e-007, 1.82501935342e-005, 1.50266087076e-005, 7.18569754099e-006, 4.5698860049e-005, 1.05731214717e-005, 9.45093415794e-006, 3.26019767272e-006, 3.13398771823e-007, 2.43874137595e-006, 1.32346684723e-007, 2.26112142343e-008, 2.51360017245e-008, 2.16705056677e-010, 8.51982442929e-011, 5.74314137913e-011, 5.35034967719e-011, 3.14253623124e-011, 1.63500983585e-011, 6.25380129626e-012, 1.8383508691e-012, 5.7235260368e-013, 1.62986161026e-013, 5.0704764416e-014, 3.6123913851e-015]
    },
    "erbbands": {
        "mean": [0.00025989182177, 0.00551975192502, 0.170687362552, 3.33248472214, 6.35203647614, 7.8883523941, 6.71702766418, 18.4529705048, 51.0946388245, 55.2234458923, 58.5000610352, 28.5653877258, 33.268409729, 21.5679149628, 22.1426029205, 30.1558361053, 14.0714673996, 4.89064645767, 5.99679279327, 1.39603745937, 0.397101849318, 0.242032572627, 0.184018969536, 0.184093147516, 0.171973541379, 0.138501316309, 0.0997106358409, 0.0774691551924, 0.061281003058, 0.0479637645185, 0.0382772870362, 0.0300116892904, 0.0239695366472, 0.0191125012934, 0.0124936932698, 0.00603083567694, 0.00231946189888, 0.000537869811524, 2.15408181248e-005, 1.89244165085e-005],
        "var": [2.48420434446e-007, 0.000115296585136, 0.134155228734, 61.7918548584, 144.739776611, 222.719116211, 98.9042358398, 847.67767334, 7870.8125, 8352.68554688, 11676.8896484, 2577.04760742, 2525.10205078, 1032.71899414, 1327.25634766, 3258.76879883, 649.807067871, 59.5733032227, 126.335510254, 5.23445463181, 0.51366776228, 0.265869230032, 0.166350781918, 0.169648081064, 0.11348361522, 0.0698530450463, 0.0385379754007, 0.0194886717945, 0.00958923157305, 0.00350663787685, 0.00129872001708, 0.000420714583015, 0.00011031338363, 3.12648662657e-005, 8.09720131656e-006, 1.52561312916e-006, 1.93395877091e-007, 1.54861314883e-008, 1.145178119e-010, 6.03782301933e-010]
    },
    "gfcc": {
        "mean": [-123.470878601, 120.200454712, -97.6937866211, -45.8426055908, -91.3506240845, 5.65448951721, -44.6203041077, -10.1007947922, -37.993686676, 5.6487197876, -20.699552536, -10.7801065445, -21.9471607208],
        "cov": [[5135.18603516, 2354.09228516, -817.244384766, -743.415039063, 218.828491211, -324.955413818, -192.998306274, -536.945861816, 87.2872161865, -432.402069092, -110.153335571, -329.51550293, 53.4052467346], [2354.09228516, 1538.63317871, -171.42036438, -609.45098877, 144.184265137, -78.170463562, -87.8199005127, -354.853820801, 35.5287780762, -243.056472778, -61.5642547607, -226.032363892, 41.0767288208], [-817.244384766, -171.42036438, 390.841491699, 36.6888084412, -35.4133148193, 121.68661499, 44.5169525146, 58.9721183777, -27.3032073975, 55.7728805542, 4.8579916954, 17.9349555969, -19.0064849854], [-743.415039063, -609.45098877, 36.6888084412, 439.157043457, 1.55759501457, -23.2095031738, 44.4956016541, 168.615570068, -5.75860881805, 51.6610984802, 2.16076660156, 85.1577148438, -33.2193145752], [218.828491211, 144.184265137, -35.4133148193, 1.55759501457, 92.4917678833, 4.05429124832, -7.80659103394, -32.1772384644, 16.2411270142, -32.092540741, -14.9237174988, -25.4951934814, 3.76118469238], [-324.955413818, -78.170463562, 121.68661499, -23.2095031738, 4.05429124832, 106.071205139, 23.4005661011, 13.2750244141, -15.4302854538, 33.6960258484, -2.67563152313, 5.05815410614, -3.5864982605], [-192.998306274, -87.8199005127, 44.5169525146, 44.4956016541, -7.80659103394, 23.4005661011, 59.7254714966, 49.098865509, -8.13667488098, 2.4120593071, 6.4827041626, 13.3936519623, -10.1850976944], [-536.945861816, -354.853820801, 58.9721183777, 168.615570068, -32.1772384644, 13.2750244141, 49.098865509, 123.596214294, 4.81434345245, 47.7702560425, 11.6830291748, 51.442325592, -16.6258735657], [87.2872161865, 35.5287780762, -27.3032073975, -5.75860881805, 16.2411270142, -15.4302854538, -8.13667488098, 4.81434345245, 45.886138916, 5.79289579391, -0.977522611618, -3.92512226105, 6.0149731636], [-432.402069092, -243.056472778, 55.7728805542, 51.6610984802, -32.092540741, 33.6960258484, 2.4120593071, 47.7702560425, 5.79289579391, 82.4866790771, 27.2505569458, 35.0501289368, -3.64976215363], [-110.153335571, -61.5642547607, 4.8579916954, 2.16076660156, -14.9237174988, -2.67563152313, 6.4827041626, 11.6830291748, -0.977522611618, 27.2505569458, 40.7833099365, 28.1802310944, 2.78681373596], [-329.51550293, -226.032363892, 17.9349555969, 85.1577148438, -25.4951934814, 5.05815410614, 13.3936519623, 51.442325592, -3.92512226105, 35.0501289368, 28.1802310944, 65.3655853271, 8.81772041321], [53.4052467346, 41.0767288208, -19.0064849854, -33.2193145752, 3.76118469238, -3.5864982605, -10.1850976944, -16.6258735657, 6.0149731636, -3.64976215363, 2.78681373596, 8.81772041321, 30.4103679657]],
        "icov": [[0.00229762401432, -0.00562636181712, 0.00404781289399, -0.00298286392353, 0.00332251284271, -0.00199110177346, 0.00218767020851, -0.00208335928619, 0.000505351054017, -0.00146829639561, 0.00128277041949, -0.00247627147473, 0.00210853363387], [-0.00562636181712, 0.0225582737476, -0.0120592461899, 0.0123422900215, -0.0115406243131, 0.00809683371335, -0.00807495322078, 0.0151490587741, -0.00871305447072, 0.0176062043756, -0.0102634998038, 0.0168540012091, -0.00679441355169], [0.00404781289399, -0.0120592461899, 0.0123107563704, -0.00755758723244, 0.00932590197772, -0.0106930853799, 0.00518988026306, -0.007225304842, 0.0024845553562, -0.00448761647567, 0.0013936648611, -0.00433643721044, 0.00409208703786], [-0.00298286392353, 0.0123422900215, -0.00755758723244, 0.0176532883197, -0.0164927113801, 0.0139890396968, -0.00350068300031, -0.00262781046331, 0.00290472898632, 0.00346790300682, 0.00624263565987, -0.0029744207859, 0.004340024665], [0.00332251284271, -0.0115406243131, 0.00932590197772, -0.0164927113801, 0.0321505255997, -0.0202429331839, 0.00594729417935, 0.00323272519745, -0.011678067036, 0.00746619934216, -0.00915374234319, 0.00571247842163, -0.00264992751181], [-0.00199110177346, 0.00809683371335, -0.0106930853799, 0.0139890396968, -0.0202429331839, 0.0371604897082, -0.01840781793, 0.0080469083041, 0.0101529322565, -0.019168138504, 0.0227776672691, -0.00996765773743, 0.00277251610532], [0.00218767020851, -0.00807495322078, 0.00518988026306, -0.00350068300031, 0.00594729417935, -0.01840781793, 0.0489956252277, -0.035645660013, 0.00647324463353, 0.0188673306257, -0.0207166615874, 0.00702102435753, 0.00134678161703], [-0.00208335928619, 0.0151490587741, -0.007225304842, -0.00262781046331, 0.00323272519745, 0.0080469083041, -0.035645660013, 0.0642164498568, -0.0248416848481, 0.00278665008955, 0.00527103152126, -0.00119150895625, 0.00463913707063], [0.000505351054017, -0.00871305447072, 0.0024845553562, 0.00290472898632, -0.011678067036, 0.0101529322565, 0.00647324463353, -0.0248416848481, 0.0439834073186, -0.0253799948841, 0.0144935306162, -0.00865996815264, -0.00372687540948], [-0.00146829639561, 0.0176062043756, -0.00448761647567, 0.00346790300682, 0.00746619934216, -0.019168138504, 0.0188673306257, 0.00278665008955, -0.0253799948841, 0.0697407573462, -0.0475386455655, 0.0310227368027, -0.00680973147973], [0.00128277041949, -0.0102634998038, 0.0013936648611, 0.00624263565987, -0.00915374234319, 0.0227776672691, -0.0207166615874, 0.00527103152126, 0.0144935306162, -0.0475386455655, 0.0795312598348, -0.0532152578235, 0.0186324566603], [-0.00247627147473, 0.0168540012091, -0.00433643721044, -0.0029744207859, 0.00571247842163, -0.00996765773743, 0.00702102435753, -0.00119150895625, -0.00865996815264, 0.0310227368027, -0.0532152578235, 0.0794769302011, -0.0372903719544], [0.00210853363387, -0.00679441355169, 0.00409208703786, 0.004340024665, -0.00264992751181, 0.00277251610532, 0.00134678161703, 0.00463913707063, -0.00372687540948, -0.00680973147973, 0.0186324566603, -0.0372903719544, 0.0583237186074]]
    },
    "melbands": {
        "mean": [2.23090955842e-006, 4.13204834331e-005, 0.000663668382913, 0.000533398299012, 0.000253164209425, 0.000478545232909, 0.00075612886576, 0.000519701396115, 0.000500594149344, 0.00016397467698, 0.000174395609065, 9.94602887658e-005, 6.11221475992e-005, 7.21797114238e-005, 8.02059512353e-005, 1.43723991641e-005, 8.01886926638e-006, 1.03283455246e-005, 4.02453224524e-006, 6.97463747201e-007, 3.90562803432e-007, 2.52465326867e-007, 1.88401557466e-007, 1.52003607923e-007, 1.48663005461e-007, 1.29750006295e-007, 1.16672268291e-007, 8.56730864029e-008, 6.52953886515e-008, 5.12523854468e-008, 4.2439005199e-008, 3.5496004358e-008, 2.95542808004e-008, 2.55386236603e-008, 2.23812595124e-008, 1.96840108657e-008, 1.77755410391e-008, 1.66572089455e-008, 1.62605946485e-008, 1.60891993062e-008],
        "var": [2.39847048472e-011, 9.19192988391e-009, 2.10328244066e-006, 1.0058126918e-006, 1.42896681155e-007, 5.61589558856e-007, 1.54469080371e-006, 7.05976276549e-007, 1.03004026641e-006, 7.44123553886e-008, 7.12307013373e-008, 2.40797533024e-008, 9.8756904876e-009, 1.41261313757e-008, 3.00843758794e-008, 5.80386627647e-010, 1.78018474961e-010, 3.87164911242e-010, 5.72284337974e-011, 1.50847921394e-012, 6.08348766327e-013, 3.03022499671e-013, 1.86442116086e-013, 1.22165664629e-013, 1.15484851499e-013, 7.6150315166e-014, 4.18458975424e-014, 3.01850321268e-014, 1.8605529308e-014, 9.7834312876e-015, 5.74810576402e-015, 3.48923406512e-015, 1.80539355235e-015, 9.10876149829e-016, 4.92728753357e-016, 2.62664546367e-016, 1.32919043826e-016, 6.69511451296e-017, 3.60914882386e-017, 2.4550154789e-017]
    },
    "mfcc": {
        "mean": [-782.117370605, 180.046020508, 19.1413497925, -38.4268722534, -32.6024284363, -7.72168302536, -7.16098022461, -21.8109607697, -17.1573696136, -3.40448474884, -5.70665407181, -9.55642700195, -4.33683347702],
        "cov": [[4695.98535156, 2189.52416992, -952.465942383, -288.661956787, -5.14401292801, -38.3387336731, -367.525756836, -150.449462891, -120.181045532, -229.557189941, -209.324005127, -165.192092896, -242.408187866], [2189.52416992, 1739.53527832, -200.867736816, -502.289978027, -12.9011211395, 78.7776489258, -138.040924072, -152.14994812, -85.8205947876, -94.3840332031, -132.007385254, -145.976608276, -134.928466797], [-952.465942383, -200.867736816, 370.896484375, -10.9263267517, -6.5055141449, 32.7527427673, 92.7774124146, 22.7997016907, 20.9574813843, 45.6483535767, 30.3467636108, 17.9571914673, 42.4114227295], [-288.661956787, -502.289978027, -10.9263267517, 311.473968506, 37.4042243958, -55.0432815552, 17.0417404175, 80.7300491333, 33.8846664429, 3.51494169235, 34.303276062, 50.5426521301, 23.8589935303], [-5.14401292801, -12.9011211395, -6.5055141449, 37.4042243958, 72.0629272461, 30.9078559875, -6.69121217728, 2.87289834023, 12.180059433, 4.06756639481, 3.57895612717, -1.61016249657, -6.05453109741], [-38.3387336731, 78.7776489258, 32.7527427673, -55.0432815552, 30.9078559875, 64.5105285645, 18.7073574066, -14.1199207306, 1.89886820316, 7.7614812851, -4.66620445251, -12.8341598511, -5.48541307449], [-367.525756836, -138.040924072, 92.7774124146, 17.0417404175, -6.69121217728, 18.7073574066, 80.6091842651, 32.2415809631, 7.46965503693, 18.1350975037, 13.5843114853, 10.416229248, 18.6364479065], [-150.449462891, -152.14994812, 22.7997016907, 80.7300491333, 2.87289834023, -14.1199207306, 32.2415809631, 70.7660446167, 30.6395740509, -2.80920147896, 10.4657402039, 23.5799217224, 9.7168598175], [-120.181045532, -85.8205947876, 20.9574813843, 33.8846664429, 12.180059433, 1.89886820316, 7.46965503693, 30.6395740509, 44.5181541443, 16.0662956238, 7.16236972809, 10.4025754929, 4.03647708893], [-229.557189941, -94.3840332031, 45.6483535767, 3.51494169235, 4.06756639481, 7.7614812851, 18.1350975037, -2.80920147896, 16.0662956238, 50.3591079712, 23.5157260895, -1.16649699211, 7.85620832443], [-209.324005127, -132.007385254, 30.3467636108, 34.303276062, 3.57895612717, -4.66620445251, 13.5843114853, 10.4657402039, 7.16236972809, 23.5157260895, 41.8395385742, 22.5925292969, 10.3473348618], [-165.192092896, -145.976608276, 17.9571914673, 50.5426521301, -1.61016249657, -12.8341598511, 10.416229248, 23.5799217224, 10.4025754929, -1.16649699211, 22.5925292969, 50.7813110352, 26.9308052063], [-242.408187866, -134.928466797, 42.4114227295, 23.8589935303, -6.05453109741, -5.48541307449, 18.6364479065, 9.7168598175, 4.03647708893, 7.85620832443, 10.3473348618, 26.9308052063, 48.5355453491]],
        "icov": [[0.00562233524397, -0.00784783344716, 0.00877241697162, -0.00860970281065, 0.00640238448977, -0.00413902895525, 0.00562746310607, -0.00216185534373, 0.00161463581026, -0.000598617014475, 0.0026207563933, -0.00248076324351, 0.0022136005573], [-0.00784783344716, 0.0128453820944, -0.0121331932023, 0.0148086650297, -0.0100699346513, 0.00595113681629, -0.00636573694646, 0.00207188143395, -0.00114331510849, 0.00206391769461, -0.00195576599799, 0.00404290482402, -0.000782277202234], [0.00877241697162, -0.0121331932023, 0.0180134475231, -0.0127741741017, 0.00999267026782, -0.00677209161222, 0.004409680143, -0.00222095637582, 0.00059404631611, -0.00136394018773, 0.0026449621655, -0.0032727336511, 0.00127814267762], [-0.00860970281065, 0.0148086650297, -0.0127741741017, 0.0250803399831, -0.0195263978094, 0.0158062372357, -0.00855656154454, -0.00327499187551, -0.000184944932698, 0.00196483847685, -0.0028735040687, 0.00256452173926, -0.00082056975225], [0.00640238448977, -0.0100699346513, 0.00999267026782, -0.0195263978094, 0.0380592793226, -0.0290018580854, 0.0159691590816, -0.00308287655935, -0.00116732052993, -0.00116476952098, -0.001296626986, -0.000172214582562, 0.00146191567183], [-0.00413902895525, 0.00595113681629, -0.00677209161222, 0.0158062372357, -0.0290018580854, 0.0461319088936, -0.0229614451528, 0.0126144159585, -0.00933214463294, 0.00418309820816, 0.000286165712168, 0.00105813005939, 0.00135760125704], [0.00562746310607, -0.00636573694646, 0.004409680143, -0.00855656154454, 0.0159691590816, -0.0229614451528, 0.0417727082968, -0.0270767975599, 0.0194833353162, -0.012619337067, 0.0054517746903, -0.000564618676435, -0.0008862822433], [-0.00216185534373, 0.00207188143395, -0.00222095637582, -0.00327499187551, -0.00308287655935, 0.0126144159585, -0.0270767975599, 0.0508231110871, -0.0346754901111, 0.0215495694429, -0.00785231497139, -0.00190379901323, 0.00190233229659], [0.00161463581026, -0.00114331510849, 0.00059404631611, -0.000184944932698, -0.00116732052993, -0.00933214463294, 0.0194833353162, -0.0346754901111, 0.0558203831315, -0.0297395717353, 0.0173971857876, -0.0110159059986, 0.00529317650944], [-0.000598617014475, 0.00206391769461, -0.00136394018773, 0.00196483847685, -0.00116476952098, 0.00418309820816, -0.012619337067, 0.0215495694429, -0.0297395717353, 0.0540481992066, -0.0332780443132, 0.0223690923303, -0.00775989796966], [0.0026207563933, -0.00195576599799, 0.0026449621655, -0.0028735040687, -0.001296626986, 0.000286165712168, 0.0054517746903, -0.00785231497139, 0.0173971857876, -0.0332780443132, 0.0608947053552, -0.0318449102342, 0.0147300511599], [-0.00248076324351, 0.00404290482402, -0.0032727336511, 0.00256452173926, -0.000172214582562, 0.00105813005939, -0.000564618676435, -0.00190379901323, -0.0110159059986, 0.0223690923303, -0.0318449102342, 0.0528184659779, -0.0240784678608], [0.0022136005573, -0.000782277202234, 0.00127814267762, -0.00082056975225, 0.00146191567183, 0.00135760125704, -0.0008862822433, 0.00190233229659, 0.00529317650944, -0.00775989796966, 0.0147300511599, -0.0240784678608, 0.0401021055877]]
    },
    "spectral_contrast_coeffs": {
        "mean": [-0.513815701008, -0.770588636398, -0.808309733868, -0.769282996655, -0.863104879856, -0.847143828869],
        "var": [0.0108684189618, 0.00305833341554, 0.00193540961482, 0.00276060658507, 0.000288381124847, 0.000705460843164]
    },
    "spectral_contrast_valleys": {
        "mean": [-9.56523513794, -6.33059978485, -7.23387050629, -8.75936794281, -9.59273910522, -11.4106731415],
        "var": [0.725235402584, 1.2808893919, 1.23653042316, 1.04700911045, 0.618865668774, 0.190412461758]
    }
},
"metadata": {
    "audio_properties": {
        "analysis_sample_rate": 44100,
        "bit_rate": 128074,
        "equal_loudness": 0,
        "length": 45.0612258911,
        "lossless": 0,
        "replay_gain": -3.73612594604,
        "sample_rate": 44100,
        "codec": "mp3",
        "downmix": "mix",
        "md5_encoded": "8bd34a61de5085ddf1abb653c2c06aba"
    },
    "tags": {
        "file_name": "1404.mp3"
    },
    "version": {
        "essentia": "2.1-beta2",
        "essentia_git_sha": "v2.1_beta2",
        "extractor": "music 1.0"
    }
},
"rhythm": {
    "beats_count": 117,
    "beats_loudness": {
        "mean": 0.020679846406,
        "var": 0.000733319146093
    },
    "bpm": 155.881317139,
    "bpm_histogram_first_peak_bpm": {
        "mean": 157,
        "var": 0
    },
    "bpm_histogram_first_peak_spread": {
        "mean": 0.351648330688,
        "var": 0
    },
    "bpm_histogram_first_peak_weight": {
        "mean": 0.508620679379,
        "var": 0
    },
    "bpm_histogram_second_peak_bpm": {
        "mean": 152,
        "var": 0
    },
    "bpm_histogram_second_peak_spread": {
        "mean": 0.153846174479,
        "var": 0
    },
    "bpm_histogram_second_peak_weight": {
        "mean": 0.0948275849223,
        "var": 0
    },
    "danceability": 0.84265178442,
    "onset_rate": 0.465822577477,
    "beats_loudness_band_ratio": {
        "mean": [0.122715190053, 0.28207013011, 0.54623991251, 0.159531056881, 0.0110552702099, 0.0088680414483],
        "var": [0.0126705886796, 0.0102049317211, 0.0200897343457, 0.00742954015732, 0.000136443879455, 0.000393727270421]
    },
    "beats_position": [0.383129239082, 0.777868449688, 1.17260766029, 1.55573689938, 1.95047616959, 2.33360528946, 2.71673464775, 3.11147379875, 3.50621318817, 3.90095233917, 4.28408145905, 4.66721057892, 5.05034017563, 5.4334692955, 5.80498838425, 6.17650794983, 6.5596370697, 6.93115615845, 7.30267572403, 7.66258478165, 8.03410434723, 8.40562343597, 8.77714252472, 9.14866161346, 9.52018165588, 9.89170074463, 10.2632198334, 10.6347389221, 11.0062580109, 11.3777770996, 11.7609071732, 12.1324262619, 12.5155553818, 12.8986845016, 13.2702035904, 13.6533327103, 14.0248527527, 14.3963718414, 14.7678909302, 15.15102005, 15.5341491699, 15.9172782898, 16.3004074097, 16.6719264984, 17.0434455872, 17.4033565521, 17.7632656097, 18.1115646362, 18.4482536316, 18.7965526581, 19.1448516846, 19.574420929, 20.0156002045, 20.45677948, 20.851518631, 21.2578678131, 21.6526069641, 22.0589561462, 22.4420852661, 22.825214386, 23.2083435059, 23.5914726257, 23.974603653, 24.3577327728, 24.7408618927, 25.1239910126, 25.5071201324, 25.8902492523, 26.2733783722, 26.6448974609, 27.0164165497, 27.3995456696, 27.7826747894, 28.1658039093, 28.537322998, 28.9088420868, 29.2803630829, 29.6518821716, 30.0117912292, 30.3717002869, 30.7432193756, 31.1147384644, 31.4978675842, 31.8809967041, 32.264125824, 32.6472549438, 33.0303840637, 33.4135131836, 33.7966423035, 34.1797714233, 34.5512924194, 34.9344215393, 35.3175506592, 35.6890678406, 36.0605888367, 36.4437179565, 36.8268470764, 37.2099761963, 37.5931053162, 37.976234436, 38.3593635559, 38.7424926758, 39.1256217957, 39.5087509155, 39.8918800354, 40.2750091553, 40.6581382751, 41.041267395, 41.4243965149, 41.8075294495, 42.1906585693, 42.5737876892, 42.9685249329, 43.3516540527, 43.7463951111, 44.129524231, 44.5242614746]
},
"tonal": {
    "chords_changes_rate": 0.0339506156743,
    "chords_number_rate": 0.00308641977608,
    "chords_strength": {
        "mean": 0.512011110783,
        "var": 0.00373219465837
    },
    "hpcp_entropy": {
        "mean": 2.03145623207,
        "var": 0.372321933508
    },
    "key_strength": 0.66966855526,
    "tuning_diatonic_strength": 0.493539988995,
    "tuning_equal_tempered_deviation": 0.0781688839197,
    "tuning_frequency": 433.691802979,
    "tuning_nontempered_energy_ratio": 0.652665495872,
    "hpcp": {
        "mean": [0.0453933738172, 0.0504179559648, 0.0734893530607, 0.0577718503773, 0.0442093871534, 0.230327904224, 0.500773012638, 0.341234922409, 0.107280664146, 0.115077137947, 0.0889344289899, 0.0754127427936, 0.0708510130644, 0.122960038483, 0.232924580574, 0.171007111669, 0.0448541045189, 0.162697985768, 0.397894203663, 0.31789034605, 0.299694627523, 0.38125449419, 0.167764037848, 0.0303547456861, 0.0184397790581, 0.0163556691259, 0.0761781036854, 0.186287626624, 0.148841023445, 0.0375111103058, 0.0205385033041, 0.0495627820492, 0.417519569397, 0.729006052017, 0.39218467474, 0.07263340801],
        "var": [0.00327328499407, 0.0034798164852, 0.00794471055269, 0.00671739224344, 0.00653717992827, 0.0315627455711, 0.114339627326, 0.0585662573576, 0.0201509166509, 0.0384863838553, 0.0103171337396, 0.00719859078526, 0.00955165363848, 0.014012105763, 0.0660938173532, 0.0367986224592, 0.00348274735734, 0.0186393409967, 0.0919485166669, 0.0544078536332, 0.0607579909265, 0.101339071989, 0.0191679205745, 0.00197754567489, 0.000839522108436, 0.000509146659169, 0.00513568148017, 0.0251167993993, 0.0138510288671, 0.00269879307598, 0.00207496620715, 0.00472920620814, 0.0447741821408, 0.0956507399678, 0.0381280444562, 0.00606260914356]
    },
    "chords_histogram": [73.7654342651, 0, 0, 0, 0, 0, 0, 6.89300394058, 0, 0, 0, 0, 0, 0, 0, 0, 0, 0, 0, 0, 0, 0, 0.925925910473, 18.41563797],
    "thpcp": [1, 0.537971794605, 0.0996334776282, 0.062267486006, 0.0691598579288, 0.100807607174, 0.0792474225163, 0.0606433749199, 0.315947860479, 0.686925709248, 0.468082427979, 0.147160187364, 0.157854840159, 0.12199408561, 0.103445976973, 0.0971885100007, 0.168668061495, 0.319509804249, 0.23457570374, 0.0615277551115, 0.223177820444, 0.545803725719, 0.436059951782, 0.411100327969, 0.522978484631, 0.230127081275, 0.0416385382414, 0.0252944119275, 0.022435573861, 0.104495845735, 0.255536466837, 0.204169809818, 0.0514551438391, 0.028173295781, 0.0679867938161, 0.572724401951],
    "chords_key": "G#",
    "chords_scale": "minor",
    "key_key": "G#",
    "key_scale": "minor"
}
}