{
"lowlevel": {
    "average_loudness": 0.740810275078,
    "barkbands_crest": {
        "mean": 9.46541023254,
        "var": 12.7375278473
    },
    "barkbands_flatness_db": {
        "mean": 0.195568799973,
        "var": 0.00261950772256
    },
    "barkbands_kurtosis": {
        "mean": 2.7320690155,
        "var": 39.8021621704
    },
    "barkbands_skewness": {
        "mean": 0.831754684448,
        "var": 1.20208632946
    },
    "barkbands_spread": {
        "mean": 11.8258113861,
        "var": 33.1142692566
    },
    "dissonance": {
        "mean": 0.450718790293,
        "var": 0.00149352115113
    },
    "dynamic_complexity": 3.68212652206,
    "erbbands_crest": {
        "mean": 11.4437417984,
        "var": 25.1494979858
    },
    "erbbands_flatness_db": {
        "mean": 0.244973644614,
        "var": 0.00349952629767
    },
    "erbbands_kurtosis": {
        "mean": 2.25597572327,
        "var": 28.484834671
    },
    "erbbands_skewness": {
        "mean": 0.21213594079,
        "var": 0.959782063961
    },
    "erbbands_spread": {
        "mean": 18.1513366699,
        "var": 106.689979553
    },
    "hfc": {
        "mean": 15.3364219666,
        "var": 243.34085083
    },
    "melbands_crest": {
        "mean": 12.8116025925,
        "var": 21.9235935211
    },
    "melbands_flatness_db": {
        "mean": 0.265674322844,
        "var": 0.00393526535481
    },
    "melbands_kurtosis": {
        "mean": 4.72105741501,
        "var": 85.8347854614
    },
    "melbands_skewness": {
        "mean": 1.27577328682,
        "var": 1.73863232136
    },
    "melbands_spread": {
        "mean": 17.4687633514,
        "var": 95.9258422852
    },
    "pitch_salience": {
        "mean": 0.56072896719,
        "var": 0.0081323934719
    },
    "silence_rate_20dB": {
        "mean": 1,
        "var": 0
    },
    "silence_rate_30dB": {
        "mean": 0.997425317764,
        "var": 0.00256807380356
    },
    "silence_rate_60dB": {
        "mean": 0.0514933057129,
        "var": 0.0488444119692
    },
    "spectral_centroid": {
        "mean": 856.330932617,
        "var": 129947.835938
    },
    "spectral_complexity": {
        "mean": 14.7590112686,
        "var": 33.4125556946
    },
    "spectral_decrease": {
        "mean": -5.55876544794e-009,
        "var": 2.38117505085e-017
    },
    "spectral_energy": {
        "mean": 0.0223711039871,
        "var": 0.000385499879485
    },
    "spectral_energyband_high": {
        "mean": 6.14766395302e-005,
        "var": 1.06145554568e-008
    },
    "spectral_energyband_low": {
        "mean": 0.00362593960017,
        "var": 2.07019165828e-005
    },
    "spectral_energyband_middle_high": {
        "mean": 0.00619243923575,
        "var": 4.88229925395e-005
    },
    "spectral_energyband_middle_low": {
        "mean": 0.0134985959157,
        "var": 0.000200620735995
    },
    "spectral_entropy": {
        "mean": 6.88198661804,
        "var": 0.166567623615
    },
    "spectral_flux": {
        "mean": 0.0639262124896,
        "var": 0.00123607122805
    },
    "spectral_kurtosis": {
        "mean": 15.7998857498,
        "var": 223.477508545
    },
    "spectral_rms": {
        "mean": 0.00425523146987,
        "var": 3.71851592718e-006
    },
    "spectral_rolloff": {
        "mean": 1099.55224609,
        "var": 382735.0625
    },
    "spectral_skewness": {
        "mean": 2.61630582809,
        "var": 0.928096413612
    },
    "spectral_spread": {
        "mean": 2427912.25,
        "var": 1.97321097216e+012
    },
    "spectral_strongpeak": {
        "mean": 1.40917515755,
        "var": 2.13232707977
    },
    "zerocrossingrate": {
        "mean": 0.0381973236799,
        "var": 0.000282325781882
    },
    "barkbands": {
        "mean": [2.72658417089e-005, 0.000698420510162, 0.00201789708808, 0.00234889844432, 0.00286899181083, 0.00111458473839, 0.00146502419375, 0.000881869869772, 0.00434030592442, 0.00109786959365, 0.00092998566106, 0.000833796744701, 0.00171908608172, 0.000643458799459, 0.000807158066891, 0.000145924495882, 0.000151752101374, 0.000115760063636, 6.2440201873e-005, 5.37024279765e-005, 1.08432450361e-005, 1.45694393723e-005, 1.07833557195e-005, 6.78331753079e-006, 2.7916109957e-006, 1.14813985874e-006, 3.06668894723e-008],
        "var": [2.43127096233e-009, 1.09649363367e-006, 9.03282671061e-006, 2.15747240873e-005, 2.79923369817e-005, 4.14913529312e-006, 1.21287048387e-005, 3.50711934516e-006, 4.86306998937e-005, 3.46373394677e-006, 1.97893973564e-006, 1.06956269974e-006, 1.05245371742e-005, 1.44676562286e-006, 2.24996460929e-006, 8.36463627252e-008, 9.93038113961e-008, 7.31343092752e-008, 5.84557859895e-008, 1.93024742856e-008, 3.13152753728e-010, 1.2683788464e-009, 6.31388052952e-010, 2.59344268283e-010, 4.65119956439e-011, 2.10092984676e-011, 5.04978046208e-015]
    },
    "erbbands": {
        "mean": [0.00534737249836, 0.238127470016, 2.10190653801, 4.96412229538, 12.2075862885, 6.94587612152, 5.0568985939, 10.0824794769, 13.0983219147, 32.5497283936, 20.4069156647, 72.5266723633, 97.6375579834, 26.2806282043, 38.0320129395, 37.0331878662, 84.8263778687, 40.224029541, 51.1698074341, 20.3612651825, 7.20346593857, 8.66923618317, 7.36387348175, 3.09517383575, 3.79579257965, 2.38323187828, 0.603613674641, 0.428511768579, 0.498746335506, 0.417777478695, 0.289984673262, 0.196948856115, 0.0861709341407, 0.0296593587846, 0.0227776747197, 0.00845628511161, 0.00137202313635, 0.000182308445801, 1.58954590006e-005, 2.61379354924e-005],
        "var": [4.01138568122e-005, 0.126120209694, 9.69278049469, 59.0921401978, 736.573608398, 90.7452697754, 45.9170074463, 419.764068604, 481.841430664, 8173.95849609, 1037.109375, 13776.8037109, 29572.1855469, 1015.40289307, 2452.30322266, 1941.16052246, 27117.7382813, 4855.76806641, 9731.53613281, 1313.72729492, 126.722961426, 364.880706787, 231.926895142, 22.3501873016, 260.000946045, 34.185092926, 0.6495475173, 0.877741634846, 1.59992420673, 0.983023285866, 0.435213267803, 0.181457698345, 0.0518601350486, 0.00509117124602, 0.00349942501634, 0.00121763744392, 1.93223440874e-005, 1.80117623927e-007, 2.68501665346e-010, 5.2574028464e-010]
    },
    "gfcc": {
        "mean": [-69.2074661255, 153.540863037, -141.488189697, 2.21735167503, -50.4321479797, 7.38646602631, -32.1965255737, -1.49480688572, -23.058473587, -16.0009021759, -14.3154153824, -13.9451789856, -14.4056558609],
        "cov": [[6315.04052734, -1571.63623047, -489.551757813, 577.71105957, -560.098571777, 782.994140625, -156.936889648, -95.5247573853, -205.675979614, 276.700286865, -209.432983398, -89.9082489014, -283.936401367], [-1571.63623047, 1107.0645752, 87.7127075195, -303.728637695, 345.650390625, -320.969726563, 141.99269104, -47.7684020996, 106.450157166, -129.91027832, 120.673858643, 5.44023942947, 100.313690186], [-489.551757813, 87.7127075195, 886.730407715, 253.742980957, -183.747772217, -3.85308456421, -68.1280059814, 7.70091629028, -116.725265503, 16.7296009064, -46.8029594421, 47.1618919373, -2.37446522713], [577.71105957, -303.728637695, 253.742980957, 490.487182617, -90.5630874634, 135.000701904, -81.7674636841, -28.535118103, -88.5534591675, 36.8050765991, -70.1479568481, -11.572095871, 16.9635772705], [-560.098571777, 345.650390625, -183.747772217, -90.5630874634, 437.256317139, -49.173286438, 25.7272434235, -10.7798204422, 19.5093002319, -31.1659927368, 14.4741773605, 16.6725444794, 55.8711509705], [782.994140625, -320.969726563, -3.85308456421, 135.000701904, -49.173286438, 297.46887207, 7.73364591599, -38.0797080994, -74.6762466431, 39.0553855896, -48.5300598145, 31.8059387207, -32.4467391968], [-156.936889648, 141.99269104, -68.1280059814, -81.7674636841, 25.7272434235, 7.73364591599, 161.961975098, 12.5974960327, 20.1765174866, -28.3887195587, 22.2504577637, -7.80614185333, 5.46208524704], [-95.5247573853, -47.7684020996, 7.70091629028, -28.535118103, -10.7798204422, -38.0797080994, 12.5974960327, 128.20904541, 42.2836532593, 9.81084156036, -12.8494997025, -22.4043769836, -2.35312891006], [-205.675979614, 106.450157166, -116.725265503, -88.5534591675, 19.5093002319, -74.6762466431, 20.1765174866, 42.2836532593, 172.052627563, 5.05475330353, 13.4632234573, -33.9572296143, 1.84115064144], [276.700286865, -129.91027832, 16.7296009064, 36.8050765991, -31.1659927368, 39.0553855896, -28.3887195587, 9.81084156036, 5.05475330353, 91.7021865845, -1.95751464367, 6.96984529495, -18.2893123627], [-209.432983398, 120.673858643, -46.8029594421, -70.1479568481, 14.4741773605, -48.5300598145, 22.2504577637, -12.8494997025, 13.4632234573, -1.95751464367, 112.73475647, 24.6627197266, -2.14208245277], [-89.9082489014, 5.44023942947, 47.1618919373, -11.572095871, 16.6725444794, 31.8059387207, -7.80614185333, -22.4043769836, -33.9572296143, 6.96984529495, 24.6627197266, 94.0048751831, 10.8887681961], [-283.936401367, 100.313690186, -2.37446522713, 16.9635772705, 55.8711509705, -32.4467391968, 5.46208524704, -2.35312891006, 1.84115064144, -18.2893123627, -2.14208245277, 10.8887681961, 76.2112350464]],
        "icov": [[0.000525921524968, -0.000610463495832, 0.000936364813242, -0.000674141570926, 0.00091710826382, -0.00102085166145, 0.000587743124925, -0.000361308979336, 0.000743182317819, -0.00111715088133, 0.000783308292739, 0.000102672245703, 0.00150320795365], [-0.000610463495832, 0.00630768528208, -0.00400838209316, 0.00291714305058, -0.00488074123859, 0.00415282510221, -0.0041690482758, 0.00469298614189, -0.00360170495696, 0.00414774008095, -0.00390877015889, 0.00162945676129, -0.00482153147459], [0.000936364813242, -0.00400838209316, 0.00493122404441, -0.0032269032672, 0.0042136805132, -0.00233255513012, 0.00272679026239, -0.00326648843475, 0.00360212475061, -0.00349255651236, 0.00369786680676, -0.0022144773975, 0.00475324457511], [-0.000674141570926, 0.00291714305058, -0.0032269032672, 0.00532804289833, -0.00240504788235, 0.000625957967713, -0.000658145931084, 0.00250810035504, -0.00135842023883, 0.00179794745054, -0.00191284134053, 0.00272973626852, -0.00546303158626], [0.00091710826382, -0.00488074123859, 0.0042136805132, -0.00240504788235, 0.00709282141179, -0.00346710067242, 0.0032897288911, -0.00337101216428, 0.00331794470549, -0.00361561495811, 0.00371404737234, -0.00170844362583, 0.00289262272418], [-0.00102085166145, 0.00415282510221, -0.00233255513012, 0.000625957967713, -0.00346710067242, 0.00984579883516, -0.00513099459931, 0.00402217078954, -0.00131062697619, 0.00172668055166, -4.32760716649e-005, -0.00257615698501, -0.00144312414341], [0.000587743124925, -0.0041690482758, 0.00272679026239, -0.000658145931084, 0.0032897288911, -0.00513099459931, 0.0107776252553, -0.00411887280643, 0.00203592446633, -0.000563139037695, 0.000667410669848, 0.000774853280745, 0.00213659461588], [-0.000361308979336, 0.00469298614189, -0.00326648843475, 0.00250810035504, -0.00337101216428, 0.00402217078954, -0.00411887280643, 0.0129073234275, -0.00427677668631, 0.00119443237782, -0.00108279648703, 0.00233207875863, -0.00327952345833], [0.000743182317819, -0.00360170495696, 0.00360212475061, -0.00135842023883, 0.00331794470549, -0.00131062697619, 0.00203592446633, -0.00427677668631, 0.0106758121401, -0.00467050261796, 0.00246230117045, 0.00113749678712, 0.00318376813084], [-0.00111715088133, 0.00414774008095, -0.00349255651236, 0.00179794745054, -0.00361561495811, 0.00172668055166, -0.000563139037695, 0.00119443237782, -0.00467050261796, 0.0175312254578, -0.00444721244276, -0.000583456770983, -0.00238924357109], [0.000783308292739, -0.00390877015889, 0.00369786680676, -0.00191284134053, 0.00371404737234, -4.32760716649e-005, 0.000667410669848, -0.00108279648703, 0.00246230117045, -0.00444721244276, 0.0150160985067, -0.00535917421803, 0.00584279885516], [0.000102672245703, 0.00162945676129, -0.0022144773975, 0.00272973626852, -0.00170844362583, -0.00257615698501, 0.000774853280745, 0.00233207875863, 0.00113749678712, -0.000583456770983, -0.00535917421803, 0.0163130052388, -0.00491557689384], [0.00150320795365, -0.00482153147459, 0.00475324457511, -0.00546303158626, 0.00289262272418, -0.00144312414341, 0.00213659461588, -0.00327952345833, 0.00318376813084, -0.00238924357109, 0.00584279885516, -0.00491557689384, 0.0236591715366]]
    },
    "melbands": {
        "mean": [0.000111720764835, 0.000820278248284, 0.00115215638652, 0.000717635848559, 0.000194043459487, 0.000228399861953, 0.000231288198847, 0.000323549902532, 0.000169601946254, 0.000559251988307, 0.000487207988044, 9.7607364296e-005, 0.000146702339407, 8.46027542138e-005, 0.00015473064559, 0.000156585170771, 5.92514843447e-005, 8.69371797307e-005, 3.81690479117e-005, 1.49199258885e-005, 7.14402131052e-006, 8.22311449156e-006, 9.90072203422e-006, 4.70848635814e-006, 2.13355451706e-006, 2.33169635067e-006, 3.1505358038e-006, 1.16845376397e-006, 3.39922110015e-007, 2.7959771387e-007, 2.35066380583e-007, 2.79587169416e-007, 2.81661613144e-007, 2.14374864527e-007, 1.66710307781e-007, 1.5706980605e-007, 1.04293519598e-007, 6.5679500949e-008, 3.54614400067e-008, 2.11533350836e-008],
        "var": [2.40242385985e-008, 1.4669428765e-006, 4.13318275605e-006, 1.87717478184e-006, 6.25451335168e-008, 2.01231827646e-007, 1.67812103768e-007, 7.39737117783e-007, 8.43698941821e-008, 7.84757844485e-007, 7.47947751734e-007, 1.70640301889e-008, 4.62698750425e-008, 1.50068633076e-008, 7.45372474853e-008, 7.99857886591e-008, 1.35936737422e-008, 3.0064093437e-008, 4.09467704188e-009, 1.01395425389e-009, 1.43855871659e-010, 3.15166281961e-010, 6.56823206935e-010, 6.26871610176e-011, 1.0140748484e-011, 8.05343500221e-011, 1.47812720397e-010, 5.34852110518e-012, 2.33507657654e-013, 2.18821149893e-013, 4.43600993612e-013, 6.63320472768e-013, 3.56040690637e-013, 3.17427209734e-013, 1.77983956783e-013, 1.30634245825e-013, 6.05884361237e-014, 3.61892488903e-014, 7.85921298879e-015, 3.48311636966e-015]
    },
    "mfcc": {
        "mean": [-705.326660156, 183.382766724, -23.8348388672, 1.65521395206, -0.578449547291, 1.12434589863, -1.03770005703, 8.63560962677, -8.52549552917, 2.66159081459, -4.02059459686, -5.41857481003, -7.6975402832],
        "cov": [[5459.03808594, -1162.69750977, -556.80480957, 2.31275653839, -331.772186279, 590.678955078, 37.1374855042, -0.157668858767, -201.627838135, 310.067352295, 134.777191162, -114.297904968, -284.754882813], [-1162.69750977, 905.847106934, -70.3523635864, -88.7483444214, 103.87474823, -174.509521484, 9.07372665405, 23.9631156921, 36.934551239, -69.5930099487, 20.0363388062, -0.0918091535568, 84.7202606201], [-556.80480957, -70.3523635864, 943.375732422, 217.688735962, -74.6806106567, 12.3064994812, 6.10145425797, -36.0003929138, 11.4667539597, -102.182624817, -88.6059112549, 93.3299789429, 27.4389953613], [2.31275653839, -88.7483444214, 217.688735962, 327.432159424, 66.428565979, 34.9328269958, 12.1555433273, -52.7348899841, 35.3035240173, -8.12927055359, -79.8976898193, 40.1141433716, -11.0724620819], [-331.772186279, 103.87474823, -74.6806106567, 66.428565979, 270.948974609, 25.5146026611, 10.1673822403, -11.9496078491, 32.0172958374, -25.5096282959, -30.885055542, -4.57312870026, 22.5836639404], [590.678955078, -174.509521484, 12.3064994812, 34.9328269958, 25.5146026611, 293.038665771, 69.4170532227, 8.12066173553, -5.2492556572, -28.2828216553, -31.0673427582, 6.85220432281, -41.2508811951], [37.1374855042, 9.07372665405, 6.10145425797, 12.1555433273, 10.1673822403, 69.4170532227, 167.534988403, 33.7677764893, -6.44330501556, -42.0758209229, -35.1487503052, 9.69604969025, -2.68896532059], [-0.157668858767, 23.9631156921, -36.0003929138, -52.7348899841, -11.9496078491, 8.12066173553, 33.7677764893, 102.0858078, 19.2362632751, -1.19501757622, 11.08796978, 6.08540582657, 8.62478256226], [-201.627838135, 36.934551239, 11.4667539597, 35.3035240173, 32.0172958374, -5.2492556572, -6.44330501556, 19.2362632751, 126.884849548, 20.7862434387, -5.17508983612, 6.0209774971, -14.4218759537], [310.067352295, -69.5930099487, -102.182624817, -8.12927055359, -25.5096282959, -28.2828216553, -42.0758209229, -1.19501757622, 20.7862434387, 134.13873291, 55.2374954224, -25.1959323883, -25.1984424591], [134.777191162, 20.0363388062, -88.6059112549, -79.8976898193, -30.885055542, -31.0673427582, -35.1487503052, 11.08796978, -5.17508983612, 55.2374954224, 122.510765076, -8.06684875488, 5.53679180145], [-114.297904968, -0.0918091535568, 93.3299789429, 40.1141433716, -4.57312870026, 6.85220432281, 9.69604969025, 6.08540582657, 6.0209774971, -25.1959323883, -8.06684875488, 95.9124069214, 20.4254970551], [-284.754882813, 84.7202606201, 27.4389953613, -11.0724620819, 22.5836639404, -41.2508811951, -2.68896532059, 8.62478256226, -14.4218759537, -25.1984424591, 5.53679180145, 20.4254970551, 87.2354202271]],
        "icov": [[0.000530191580765, 0.000283617380774, 0.000296973768855, -0.000367417873349, 0.000514022714924, -0.00092454260448, 4.51890773547e-005, -0.000237876432948, 0.000891111325473, -0.000798721623141, -0.000346885412, 0.000160042327479, 0.000670974084642], [0.000283617380774, 0.00173937156796, 0.000228976467042, 0.000171019506524, -0.000279460655292, 0.000471070059575, -0.000346162443748, -5.72090830246e-005, -0.000229214812862, 0.00063420587685, -0.000625703134574, 0.000249903736403, -0.000397163064918], [0.000296973768855, 0.000228976467042, 0.00177807523869, -0.0012479792349, 0.00115559925325, -0.000485742930323, 0.00030478881672, 2.18679124373e-005, 0.000181338255061, 0.000772804080043, -1.31208380481e-005, -0.000584403169341, -0.000101414945675], [-0.000367417873349, 0.000171019506524, -0.0012479792349, 0.00574819790199, -0.00180591829121, 0.000614640070125, -0.000648278102744, 0.00253957207315, -0.00164169736672, -0.00140227808151, 0.00295837572776, -0.0018285815604, -0.000192266074009], [0.000514022714924, -0.000279460655292, 0.00115559925325, -0.00180591829121, 0.00555609026924, -0.00176282378379, 0.00030448846519, 0.000337457749993, -0.000412665540352, 0.000164143188158, 0.000171305509866, 0.000917755591217, -0.00118591741193], [-0.00092454260448, 0.000471070059575, -0.000485742930323, 0.000614640070125, -0.00176282378379, 0.00646264245734, -0.00170108978637, 0.000101712998003, -0.00141702557448, 0.00266530713998, 0.000344367726939, -0.000632539158687, 0.00086713192286], [4.51890773547e-005, -0.000346162443748, 0.00030478881672, -0.000648278102744, 0.00030448846519, -0.00170108978637, 0.00799655355513, -0.00295571703464, 0.000909216585569, 0.00145332259126, 0.00136573845521, -0.000117687544844, 0.000472018116852], [-0.000237876432948, -5.72090830246e-005, 2.18679124373e-005, 0.00253957207315, 0.000337457749993, 0.000101712998003, -0.00295571703464, 0.0130459964275, -0.00344536430202, -0.000113318077638, -5.52904602955e-005, -0.00125127262436, -0.00213150191121], [0.000891111325473, -0.000229214812862, 0.000181338255061, -0.00164169736672, -0.000412665540352, -0.00141702557448, 0.000909216585569, -0.00344536430202, 0.011444167234, -0.00349230878055, 7.58635796956e-005, -0.000637064513285, 0.00369893712923], [-0.000798721623141, 0.00063420587685, 0.000772804080043, -0.00140227808151, 0.000164143188158, 0.00266530713998, 0.00145332259126, -0.000113318077638, -0.00349230878055, 0.0143236005679, -0.00496468413621, 0.00189963262528, 0.00106008851435], [-0.000346885412, -0.000625703134574, -1.31208380481e-005, 0.00295837572776, 0.000171305509866, 0.000344367726939, 0.00136573845521, -5.52904602955e-005, 7.58635796956e-005, -0.00496468413621, 0.0133162084967, -0.00157899502665, -0.0018759642262], [0.000160042327479, 0.000249903736403, -0.000584403169341, -0.0018285815604, 0.000917755591217, -0.000632539158687, -0.000117687544844, -0.00125127262436, -0.000637064513285, 0.00189963262528, -0.00157899502665, 0.0131146442145, -0.00271225324832], [0.000670974084642, -0.000397163064918, -0.000101414945675, -0.000192266074009, -0.00118591741193, 0.00086713192286, 0.000472018116852, -0.00213150191121, 0.00369893712923, 0.00106008851435, -0.0018759642262, -0.00271225324832, 0.0166608262807]]
    },
    "spectral_contrast_coeffs": {
        "mean": [-0.59437328577, -0.733550488949, -0.711428999901, -0.751987695694, -0.750582516193, -0.761945724487],
        "var": [0.0050376332365, 0.00424108607695, 0.00674168672413, 0.00482891313732, 0.00183239940088, 0.00230819429271]
    },
    "spectral_contrast_valleys": {
        "mean": [-7.79548883438, -6.83679008484, -7.17405176163, -7.88464975357, -8.80257129669, -12.1268806458],
        "var": [0.730159580708, 0.657048046589, 0.574883282185, 0.823213458061, 0.967910885811, 1.5192450285]
    }
},
"metadata": {
    "audio_properties": {
        "analysis_sample_rate": 44100,
        "bit_rate": 128074,
        "equal_loudness": 0,
        "length": 45.0612258911,
        "lossless": 0,
        "replay_gain": -6.38338470459,
        "sample_rate": 44100,
        "codec": "mp3",
        "downmix": "mix",
        "md5_encoded": "c6f279b280a98d63d59e238ddd44dd40"
    },
    "tags": {
        "file_name": "1407.mp3"
    },
    "version": {
        "essentia": "2.1-beta2",
        "essentia_git_sha": "v2.1_beta2",
        "extractor": "music 1.0"
    }
},
"rhythm": {
    "beats_count": 72,
    "beats_loudness": {
        "mean": 0.0289882551879,
        "var": 0.000419913616497
    },
    "bpm": 98.6640548706,
    "bpm_histogram_first_peak_bpm": {
        "mean": 99,
        "var": 0
    },
    "bpm_histogram_first_peak_spread": {
        "mean": 0.381818175316,
        "var": 0
    },
    "bpm_histogram_first_peak_weight": {
        "mean": 0.478873252869,
        "var": 0
    },
    "bpm_histogram_second_peak_bpm": {
        "mean": 94,
        "var": 0
    },
    "bpm_histogram_second_peak_spread": {
        "mean": 0.374999970198,
        "var": 0
    },
    "bpm_histogram_second_peak_weight": {
        "mean": 0.14084507525,
        "var": 0
    },
    "danceability": 1.02322936058,
    "onset_rate": 2.90584564209,
    "beats_loudness_band_ratio": {
        "mean": [0.407819569111, 0.213619947433, 0.251407951117, 0.165925815701, 0.0504927262664, 0.00757433660328],
        "var": [0.0540906339884, 0.0160774495453, 0.0359802953899, 0.0154019510373, 0.005402949173, 0.000231843136135]
    },
    "beats_position": [0.615328788757, 1.24226760864, 1.8575963974, 2.48453521729, 3.09986400604, 3.7151927948, 4.33052158356, 4.94585037231, 5.56117916107, 6.17650794983, 6.79183673859, 7.40716552734, 8.01088428497, 8.60299301147, 9.24154186249, 9.89170074463, 10.5418596268, 11.1920175552, 11.8305664063, 12.4575052261, 13.0728340149, 13.6997728348, 14.3383216858, 14.9884805679, 15.6270294189, 16.2771873474, 16.904127121, 17.5542850494, 18.1928348541, 18.8197727203, 19.4467124939, 20.0852603912, 20.7238082886, 21.3623580933, 21.9892959595, 22.616235733, 23.2315635681, 23.8468933105, 24.4506111145, 25.0775508881, 25.7160987854, 26.3546485901, 26.9699764252, 27.5853061676, 28.1890239716, 28.7927436829, 29.3964614868, 30.0001811981, 30.6038990021, 31.2076187134, 31.8113365173, 32.4150543213, 33.0071640015, 33.5992736816, 34.1913833618, 34.783493042, 35.3755989075, 35.9793205261, 36.5830383301, 37.1751480103, 37.7672538757, 38.3477554321, 38.9398651123, 39.5435829163, 40.1473007202, 40.7510185242, 41.3547401428, 41.9584579468, 42.5621757507, 43.1658935547, 43.7580032349, 44.3617210388]
},
"tonal": {
    "chords_changes_rate": 0.0380658432841,
    "chords_number_rate": 0.0113168722019,
    "chords_strength": {
        "mean": 0.553752541542,
        "var": 0.00676995702088
    },
    "hpcp_entropy": {
        "mean": 1.94182169437,
        "var": 0.412914305925
    },
    "key_strength": 0.620784938335,
    "tuning_diatonic_strength": 0.504195451736,
    "tuning_equal_tempered_deviation": 0.0258691813797,
    "tuning_frequency": 441.782684326,
    "tuning_nontempered_energy_ratio": 0.679713726044,
    "hpcp": {
        "mean": [0.161236643791, 0.110352560878, 0.0662815645337, 0.0517540425062, 0.0499068573117, 0.167624518275, 0.287415117025, 0.183548659086, 0.071425318718, 0.0700279697776, 0.055115967989, 0.0803635716438, 0.105015575886, 0.0769915133715, 0.120329290628, 0.176621288061, 0.117861509323, 0.0585068687797, 0.0498246364295, 0.0652368664742, 0.215705037117, 0.328064322472, 0.207295298576, 0.110063925385, 0.0998292788863, 0.0946310162544, 0.227377042174, 0.339998453856, 0.247239157557, 0.234361231327, 0.310952544212, 0.22254511714, 0.113512814045, 0.10556447506, 0.119441717863, 0.149508669972],
        "var": [0.0673604905605, 0.0394885800779, 0.0149316219613, 0.0136105222628, 0.0118753584102, 0.0376237742603, 0.0917751193047, 0.0410615988076, 0.0170155987144, 0.0275630690157, 0.0119542079046, 0.0216991491616, 0.0345823988318, 0.018257804215, 0.0359898805618, 0.0709084421396, 0.0310159809887, 0.00762101681903, 0.00654675439, 0.010078234598, 0.0697970837355, 0.128245666623, 0.0570123195648, 0.045850738883, 0.0491728521883, 0.0299273971468, 0.0791319683194, 0.140844374895, 0.0758199617267, 0.0855075493455, 0.143898919225, 0.0957539379597, 0.0293796919286, 0.0326023474336, 0.0367454253137, 0.0474675968289]
    },
    "chords_histogram": [36.7283935547, 18.6213989258, 10.9053497314, 1.85185182095, 2.46913576126, 2.98353910446, 0, 8.53909492493, 0, 3.70370364189, 0, 0, 0, 0, 0.514403283596, 0, 0, 0, 0, 0, 4.62962961197, 4.62962961197, 0, 4.42386817932],
    "thpcp": [1, 0.727177321911, 0.689300894737, 0.914570450783, 0.654547452927, 0.33386272192, 0.31048515439, 0.351300776005, 0.43973338604, 0.474227577448, 0.324567824602, 0.194946661592, 0.152218461037, 0.146785542369, 0.493015527725, 0.84534239769, 0.539851427078, 0.210075423121, 0.205965548754, 0.162106528878, 0.236364513636, 0.308870732784, 0.226446658373, 0.353911280632, 0.51947671175, 0.346653074026, 0.172079801559, 0.146543711424, 0.191874012351, 0.634429454803, 0.964899480343, 0.609694838524, 0.323718905449, 0.293616861105, 0.278327792883, 0.668759047985],
    "chords_key": "E",
    "chords_scale": "minor",
    "key_key": "E",
    "key_scale": "minor"
}
}