{
"lowlevel": {
    "average_loudness": 0.943453729153,
    "barkbands_crest": {
        "mean": 10.3828868866,
        "var": 13.0393123627
    },
    "barkbands_flatness_db": {
        "mean": 0.206723690033,
        "var": 0.0072946283035
    },
    "barkbands_kurtosis": {
        "mean": 12.518406868,
        "var": 478.121704102
    },
    "barkbands_skewness": {
        "mean": 2.35301947594,
        "var": 1.74546921253
    },
    "barkbands_spread": {
        "mean": 8.66056632996,
        "var": 29.8806228638
    },
    "dissonance": {
        "mean": 0.444525063038,
        "var": 0.00283623719588
    },
    "dynamic_complexity": 3.85111641884,
    "erbbands_crest": {
        "mean": 7.76271438599,
        "var": 10.3212203979
    },
    "erbbands_flatness_db": {
        "mean": 0.17819185555,
        "var": 0.00274212658405
    },
    "erbbands_kurtosis": {
        "mean": 2.1040930748,
        "var": 18.3720035553
    },
    "erbbands_skewness": {
        "mean": 0.965167343616,
        "var": 0.694110155106
    },
    "erbbands_spread": {
        "mean": 27.7609004974,
        "var": 163.807632446
    },
    "hfc": {
        "mean": 12.6826667786,
        "var": 119.396659851
    },
    "melbands_crest": {
        "mean": 15.1702756882,
        "var": 27.4605083466
    },
    "melbands_flatness_db": {
        "mean": 0.309312015772,
        "var": 0.0102311270311
    },
    "melbands_kurtosis": {
        "mean": 21.0383110046,
        "var": 1298.66638184
    },
    "melbands_skewness": {
        "mean": 2.95866036415,
        "var": 1.9584325552
    },
    "melbands_spread": {
        "mean": 8.19066047668,
        "var": 43.8130531311
    },
    "pitch_salience": {
        "mean": 0.57315248251,
        "var": 0.0197685323656
    },
    "silence_rate_20dB": {
        "mean": 1,
        "var": 0
    },
    "silence_rate_30dB": {
        "mean": 0.97183817625,
        "var": 0.0273689534515
    },
    "silence_rate_60dB": {
        "mean": 0.0737327188253,
        "var": 0.0682952702045
    },
    "spectral_centroid": {
        "mean": 518.653076172,
        "var": 59195.90625
    },
    "spectral_complexity": {
        "mean": 16.1920127869,
        "var": 81.8262710571
    },
    "spectral_decrease": {
        "mean": -1.02729273976e-008,
        "var": 5.61695406767e-017
    },
    "spectral_energy": {
        "mean": 0.0399227552116,
        "var": 0.000848405703437
    },
    "spectral_energyband_high": {
        "mean": 0.000205243020901,
        "var": 2.41530273115e-007
    },
    "spectral_energyband_low": {
        "mean": 0.0193400494754,
        "var": 0.000280826672679
    },
    "spectral_energyband_middle_high": {
        "mean": 0.00273710954934,
        "var": 5.99971872361e-006
    },
    "spectral_energyband_middle_low": {
        "mean": 0.0190647728741,
        "var": 0.000268281204626
    },
    "spectral_entropy": {
        "mean": 6.94036340714,
        "var": 0.54437571764
    },
    "spectral_flux": {
        "mean": 0.0834654346108,
        "var": 0.00237499945797
    },
    "spectral_kurtosis": {
        "mean": 13.2982501984,
        "var": 430.272888184
    },
    "spectral_rms": {
        "mean": 0.00571416085586,
        "var": 6.29736632618e-006
    },
    "spectral_rolloff": {
        "mean": 464.755828857,
        "var": 183180.90625
    },
    "spectral_skewness": {
        "mean": 2.63100409508,
        "var": 2.26124072075
    },
    "spectral_spread": {
        "mean": 3517593.75,
        "var": 2.19588997939e+012
    },
    "spectral_strongpeak": {
        "mean": 0.432909220457,
        "var": 0.125557094812
    },
    "zerocrossingrate": {
        "mean": 0.0225471928716,
        "var": 0.000254743732512
    },
    "barkbands": {
        "mean": [0.000592176686041, 0.010833482258, 0.00663631269708, 0.00334867485799, 0.00789292436093, 0.00323806237429, 0.00197896827012, 0.00132596190087, 0.000980308046564, 0.00077244680142, 0.000419608055381, 0.000448450213298, 0.00037064004573, 0.000237320113229, 0.000206498225452, 0.000137999842991, 0.000122573153931, 8.33244630485e-005, 6.60679943394e-005, 5.46775227122e-005, 4.3975229346e-005, 3.76406424039e-005, 3.34134419973e-005, 2.86598806269e-005, 2.0247156499e-005, 1.11576327981e-005, 1.20651770885e-006],
        "var": [1.55431598614e-006, 0.000133093300974, 6.04170563747e-005, 1.44340401675e-005, 9.64697173913e-005, 1.32597560878e-005, 3.88762828152e-006, 2.38500092564e-006, 1.2462567156e-006, 7.81908170211e-007, 2.5829410788e-007, 2.70048076345e-007, 1.66304658933e-007, 6.8733790215e-008, 4.93631873155e-008, 2.65827342361e-008, 2.75682374706e-008, 2.00144540941e-008, 1.02521058309e-008, 1.01169019828e-008, 1.01655590612e-008, 8.36105584767e-009, 7.91513521392e-009, 6.91716461887e-009, 5.10550313138e-009, 2.04164773976e-009, 4.9337416097e-011]
    },
    "erbbands": {
        "mean": [0.261119514704, 2.63034009933, 7.69968795776, 9.35111141205, 20.2563972473, 26.6160507202, 21.7616481781, 28.9850978851, 31.531162262, 28.2356796265, 26.6367778778, 25.0022888184, 21.8629074097, 20.2949333191, 19.4573554993, 19.7166652679, 18.0213718414, 13.9768295288, 11.7019786835, 8.9048500061, 7.00616836548, 6.92873573303, 4.96228456497, 3.93284606934, 2.88491797447, 2.5437810421, 2.00539445877, 1.70533847809, 1.31529974937, 1.06680130959, 0.948229551315, 0.675416171551, 0.427292197943, 0.265104055405, 0.123256988823, 0.0541272051632, 0.0198879595846, 0.00404996937141, 0.000129590582219, 4.73921427329e-005],
        "var": [0.10694488883, 7.91950464249, 76.3952484131, 82.8896026611, 634.866699219, 1342.07385254, 664.880554199, 1089.40686035, 1032.06774902, 996.512023926, 873.738037109, 836.104736328, 669.045776367, 617.042175293, 479.944610596, 551.286071777, 387.598236084, 206.15814209, 154.128494263, 103.924880981, 60.597743988, 104.361343384, 74.9701690674, 39.8814620972, 16.7306137085, 22.0967960358, 18.4960594177, 14.7829732895, 10.6776590347, 7.51314306259, 6.82797813416, 3.08519506454, 1.93026661873, 0.80944955349, 0.195569932461, 0.0454372018576, 0.00718087423593, 0.000339550606441, 4.46226806616e-007, 1.49257917137e-009]
    },
    "gfcc": {
        "mean": [-47.2123146057, 146.164520264, -83.1647872925, 25.1633110046, -51.6320037842, 12.1251173019, -35.8714942932, 1.88487505913, -18.6816368103, 0.668171346188, -10.0165338516, -2.06124639511, -12.6815280914],
        "cov": [[14640.0869141, -717.526245117, -3865.07495117, 172.143341064, -94.3439102173, 275.056213379, 197.722915649, 324.796783447, -96.5509643555, 76.8881149292, -125.882873535, 166.321731567, 502.468719482], [-717.526245117, 926.856445313, -26.0350971222, -328.277893066, 266.591918945, -97.1168670654, 156.112716675, -101.399345398, 114.530647278, -33.9438438416, 104.107223511, -39.933013916, 42.7195854187], [-3865.07495117, -26.0350971222, 1510.38720703, 21.1744308472, -80.3427810669, -28.3148956299, -133.681015015, -69.0241241455, -37.0719528198, 3.1808784008, -17.4467926025, -41.0017623901, -175.401947021], [172.143341064, -328.277893066, 21.1744308472, 274.720092773, -92.8104553223, 20.7876663208, -46.1443138123, 22.9601631165, -19.9833297729, -4.77111673355, -26.5304641724, -9.60656452179, -7.65157938004], [-94.3439102173, 266.591918945, -80.3427810669, -92.8104553223, 205.780456543, -35.6562843323, 81.6750869751, -19.8465957642, 34.1934967041, 8.95288848877, 19.7900085449, -0.683528661728, 23.9822120667], [275.056213379, -97.1168670654, -28.3148956299, 20.7876663208, -35.6562843323, 95.8939971924, -5.37986850739, 18.5085716248, -2.42493605614, -6.59683513641, -5.14086675644, -2.15906858444, 2.68604588509], [197.722915649, 156.112716675, -133.681015015, -46.1443138123, 81.6750869751, -5.37986850739, 135.99079895, 13.3424711227, 33.9692115784, 7.32508611679, 10.0573568344, 3.54841732979, 28.8028926849], [324.796783447, -101.399345398, -69.0241241455, 22.9601631165, -19.8465957642, 18.5085716248, 13.3424711227, 83.6882781982, 11.6713514328, 6.35849761963, -13.7862195969, 6.60124111176, 5.93812942505], [-96.5509643555, 114.530647278, -37.0719528198, -19.9833297729, 34.1934967041, -2.42493605614, 33.9692115784, 11.6713514328, 73.770652771, -2.18463349342, 20.1020622253, -7.00474452972, 6.45080661774], [76.8881149292, -33.9438438416, 3.1808784008, -4.77111673355, 8.95288848877, -6.59683513641, 7.32508611679, 6.35849761963, -2.18463349342, 56.7277679443, 4.63451910019, 10.0856533051, 0.720397055149], [-125.882873535, 104.107223511, -17.4467926025, -26.5304641724, 19.7900085449, -5.14086675644, 10.0573568344, -13.7862195969, 20.1020622253, 4.63451910019, 54.0493659973, 1.77018558979, 3.86199617386], [166.321731567, -39.933013916, -41.0017623901, -9.60656452179, -0.683528661728, -2.15906858444, 3.54841732979, 6.60124111176, -7.00474452972, 10.0856533051, 1.77018558979, 56.2898750305, 19.3716182709], [502.468719482, 42.7195854187, -175.401947021, -7.65157938004, 23.9822120667, 2.68604588509, 28.8028926849, 5.93812942505, 6.45080661774, 0.720397055149, 3.86199617386, 19.3716182709, 64.0474853516]],
        "icov": [[0.000341325794579, -0.000389201595681, 0.00086642318638, -0.000333842472173, 0.00035665294854, -0.000755743880291, 0.000344747124473, -0.000622452411335, 0.000832253834233, -0.000877894868609, 0.0010347161442, -0.000346867658664, -0.000315874174703], [-0.000389201595681, 0.00879075005651, -0.00187434244435, 0.0069042337127, -0.0036341806408, 0.0053355935961, -0.00429184455425, 0.00615808647126, -0.00659927725792, 0.00680822646245, -0.0088053541258, 0.00708730751649, -0.00564669864252], [0.00086642318638, -0.00187434244435, 0.00332745630294, -0.00152519193944, 0.00127277383581, -0.00226931343786, 0.00169982644729, -0.00147856632248, 0.00258363178, -0.00304213701747, 0.00376141048037, -0.00183579151053, 0.00247699115425], [-0.000333842472173, 0.0069042337127, -0.00152519193944, 0.00994543917477, -0.00121059315279, 0.00415803352371, -0.0027610862162, 0.00412682490423, -0.00513865612447, 0.0052226386033, -0.00567529210821, 0.00664532510564, -0.00504570733756], [0.00035665294854, -0.0036341806408, 0.00127277383581, -0.00121059315279, 0.00971057545394, -0.000479823793285, -0.00175637484062, -0.000819103384856, 0.00139447790571, -0.00402562972158, 0.00402151513845, -0.00200383341871, 0.000485251279315], [-0.000755743880291, 0.0053355935961, -0.00226931343786, 0.00415803352371, -0.000479823793285, 0.0158160272986, -0.00326884584501, 0.00218677055091, -0.00459080887958, 0.0062516243197, -0.00664393464103, 0.00530458660796, -0.00337593955919], [0.000344747124473, -0.00429184455425, 0.00169982644729, -0.0027610862162, -0.00175637484062, -0.00326884584501, 0.0136846061796, -0.00493266945705, 0.000588517112192, -0.00452635716647, 0.00504637276754, -0.00306957447901, 0.000197070723516], [-0.000622452411335, 0.00615808647126, -0.00147856632248, 0.00412682490423, -0.000819103384856, 0.00218677055091, -0.00493266945705, 0.0202825367451, -0.00943357218057, 0.00300447526388, -0.00185927457642, 0.00290242955089, -0.00207696296275], [0.000832253834233, -0.00659927725792, 0.00258363178, -0.00513865612447, 0.00139447790571, -0.00459080887958, 0.000588517112192, -0.00943357218057, 0.0244365874678, -0.0041362317279, 0.000637463410385, -0.0024640657939, 0.00290663121268], [-0.000877894868609, 0.00680822646245, -0.00304213701747, 0.0052226386033, -0.00402562972158, 0.0062516243197, -0.00452635716647, 0.00300447526388, -0.0041362317279, 0.0254323985428, -0.0104529857635, 0.0022661597468, -0.00228349049576], [0.0010347161442, -0.0088053541258, 0.00376141048037, -0.00567529210821, 0.00402151513845, -0.00664393464103, 0.00504637276754, -0.00185927457642, 0.000637463410385, -0.0104529857635, 0.0333874560893, -0.00854697730392, 0.00467963097617], [-0.000346867658664, 0.00708730751649, -0.00183579151053, 0.00664532510564, -0.00200383341871, 0.00530458660796, -0.00306957447901, 0.00290242955089, -0.0024640657939, 0.0022661597468, -0.00854697730392, 0.0273826159537, -0.0121444230899], [-0.000315874174703, -0.00564669864252, 0.00247699115425, -0.00504570733756, 0.000485251279315, -0.00337593955919, 0.000197070723516, -0.00207696296275, 0.00290663121268, -0.00228349049576, 0.00467963097617, -0.0121444230899, 0.0312263593078]]
    },
    "melbands": {
        "mean": [0.00272222631611, 0.00393377803266, 0.00194292631932, 0.00184662640095, 0.000852667435538, 0.000644766318146, 0.000465196120786, 0.00030223003705, 0.000215427178773, 0.00014538205869, 0.000106426305138, 8.2837039372e-005, 6.04900815233e-005, 5.66620547033e-005, 4.20378273702e-005, 3.58300203516e-005, 2.47213556577e-005, 1.85913722817e-005, 1.37128054121e-005, 1.09885495476e-005, 7.48541106077e-006, 7.76358501753e-006, 4.75757269669e-006, 4.18555873694e-006, 3.09174606627e-006, 2.32916568166e-006, 1.83156794265e-006, 1.66106394772e-006, 1.27786142912e-006, 1.1050088915e-006, 9.59965291258e-007, 7.67887229358e-007, 6.50920810585e-007, 5.71593545828e-007, 5.75427918648e-007, 5.18233207458e-007, 3.51115545527e-007, 2.97616026046e-007, 2.72416485814e-007, 2.10396436273e-007],
        "var": [9.00388749869e-006, 1.55778943736e-005, 3.24394045492e-006, 6.26330802334e-006, 9.61739715422e-007, 5.19534125942e-007, 2.15810743498e-007, 1.20713252727e-007, 5.5829385559e-008, 2.87140053956e-008, 1.63664282127e-008, 1.12212150682e-008, 5.27090460167e-009, 4.00934885292e-009, 2.11426520735e-009, 1.42821410254e-009, 7.40734806826e-010, 4.16948253701e-010, 2.3031908325e-010, 1.89323473565e-010, 6.78452224956e-011, 1.40837980167e-010, 4.85228975056e-011, 5.8880157694e-011, 2.54204036293e-011, 1.10655425795e-011, 8.46487463457e-012, 1.10722464183e-011, 7.08657828599e-012, 7.51773036184e-012, 4.64905067568e-012, 3.60752400175e-012, 2.97801670476e-012, 2.33964150137e-012, 2.8722547344e-012, 1.9974022436e-012, 8.42083184866e-013, 8.97169545686e-013, 9.19646411975e-013, 5.61892925851e-013]
    },
    "mfcc": {
        "mean": [-695.916320801, 173.645202637, 25.929271698, 23.7329444885, 9.39087104797, 9.34103965759, -0.855577111244, 2.07158565521, -4.74532938004, 0.928695678711, 0.429568439722, 3.18208622932, 1.14135026932],
        "cov": [[14372.9746094, -267.38494873, -3331.97216797, -575.309692383, -616.793579102, -23.1101703644, 25.8434333801, 242.233200073, 292.673797607, 219.241943359, -105.695983887, -180.510482788, -331.275970459], [-267.38494873, 996.813720703, -306.234313965, -124.739479065, -13.8517141342, 40.8427467346, 37.6924133301, 5.61388158798, -10.2083969116, 27.9205226898, 8.77149009705, 51.3595314026, 27.7135848999], [-3331.97216797, -306.234313965, 1265.64941406, 158.122009277, 163.86555481, -6.81626033783, -21.418258667, -77.4666976929, -89.7223587036, -91.0971221924, 16.5816574097, 24.8021411896, 91.9602584839], [-575.309692383, -124.739479065, 158.122009277, 186.435852051, 36.9095993042, 2.00440740585, -2.49847507477, -11.9918584824, 11.899731636, -10.3974056244, 13.0260477066, -6.41089200974, 7.78292131424], [-616.793579102, -13.8517141342, 163.86555481, 36.9095993042, 111.776824951, 3.83701062202, -11.7171316147, -14.5036907196, -19.7546901703, -4.71871757507, 2.14646887779, 3.28122782707, 12.2714452744], [-23.1101703644, 40.8427467346, -6.81626033783, 2.00440740585, 3.83701062202, 72.8478851318, 21.1761302948, -5.25125408173, 1.85290443897, -3.56082749367, 2.11045455933, 6.1728014946, 3.73536610603], [25.8434333801, 37.6924133301, -21.418258667, -2.49847507477, -11.7171316147, 21.1761302948, 63.9864692688, 6.90018939972, 15.0917453766, 4.68333482742, -0.80023252964, 8.20368003845, 1.19130158424], [242.233200073, 5.61388158798, -77.4666976929, -11.9918584824, -14.5036907196, -5.25125408173, 6.90018939972, 67.3139266968, 25.952129364, 14.4043579102, 4.15042161942, -2.48384380341, -5.63261985779], [292.673797607, -10.2083969116, -89.7223587036, 11.899731636, -19.7546901703, 1.85290443897, 15.0917453766, 25.952129364, 68.8084945679, 21.590959549, 4.31330013275, -6.54725217819, -11.4857549667], [219.241943359, 27.9205226898, -91.0971221924, -10.3974056244, -4.71871757507, -3.56082749367, 4.68333482742, 14.4043579102, 21.590959549, 79.0544281006, 6.94269609451, 0.12029208988, -11.65832901], [-105.695983887, 8.77149009705, 16.5816574097, 13.0260477066, 2.14646887779, 2.11045455933, -0.80023252964, 4.15042161942, 4.31330013275, 6.94269609451, 48.0095825195, 12.1123161316, 7.17070770264], [-180.510482788, 51.3595314026, 24.8021411896, -6.41089200974, 3.28122782707, 6.1728014946, 8.20368003845, -2.48384380341, -6.54725217819, 0.12029208988, 12.1123161316, 41.3396873474, 14.6847162247], [-331.275970459, 27.7135848999, 91.9602584839, 7.78292131424, 12.2714452744, 3.73536610603, 1.19130158424, -5.63261985779, -11.4857549667, -11.65832901, 7.17070770264, 14.6847162247, 45.3328361511]],
        "icov": [[0.000276233011391, 0.000317735568387, 0.000671449233778, 0.00043252913747, 0.000386599334888, -0.000107448475319, 4.48736573162e-005, -2.14205574594e-005, -0.000176209709025, 2.90334737656e-005, 9.55859723035e-005, 0.000351397553459, 0.000122270808788], [0.000317735568387, 0.00170534604695, 0.00119705835823, 0.00111999618821, -1.64719713212e-005, -0.000532135774847, -0.000438161718193, 0.000166165700648, 0.000122476485558, -0.000174954970134, 2.37235126406e-005, -0.000713035231456, -0.00104750308674], [0.000671449233778, 0.00119705835823, 0.00309664616361, 0.000488634570502, -0.000505434349179, 5.0254722737e-005, -0.00029124491266, 0.000569463940337, 0.000459103524918, 0.000839792483021, 5.5161799537e-006, 0.000498753215652, -0.00180976593401], [0.00043252913747, 0.00111999618821, 0.000488634570502, 0.00776543607935, -0.00109781848732, -0.000452686072094, -0.000118690055388, 0.00124387512915, -0.00308909919113, 0.000642598432023, -0.00179584429134, 0.00179231888615, -0.000270138174528], [0.000386599334888, -1.64719713212e-005, -0.000505434349179, -0.00109781848732, 0.0125927012414, -0.00136599014513, 0.00205893116072, -6.21005601715e-005, 0.00170822162181, -0.00168980204035, 0.000757389410865, 0.000548059178982, 0.000391807465348], [-0.000107448475319, -0.000532135774847, 5.0254722737e-005, -0.000452686072094, -0.00136599014513, 0.015911789611, -0.00529083283618, 0.00172710546758, -0.000254993035924, 0.0011887489818, -0.000821243680548, -0.000651455484331, -0.000489780271892], [4.48736573162e-005, -0.000438161718193, -0.00029124491266, -0.000118690055388, 0.00205893116072, -0.00529083283618, 0.0195143315941, -0.00103641697206, -0.00410142261535, -0.000450103951152, 0.0022278460674, -0.00376849714667, 0.000157411952387], [-2.14205574594e-005, 0.000166165700648, 0.000569463940337, 0.00124387512915, -6.21005601715e-005, 0.00172710546758, -0.00103641697206, 0.0185218844563, -0.00594981946051, -0.000806819531135, -0.00162807491142, 0.000527635740582, -0.00105213257484], [-0.000176209709025, 0.000122476485558, 0.000459103524918, -0.00308909919113, 0.00170822162181, -0.000254993035924, -0.00410142261535, -0.00594981946051, 0.0217236243188, -0.00362883741036, -0.0015031589428, 0.00211743148975, 0.0012862336589], [2.90334737656e-005, -0.000174954970134, 0.000839792483021, 0.000642598432023, -0.00168980204035, 0.0011887489818, -0.000450103951152, -0.000806819531135, -0.00362883741036, 0.0153689710423, -0.00232636136934, -0.000874470628332, 0.00246058031917], [9.55859723035e-005, 2.37235126406e-005, 5.5161799537e-006, -0.00179584429134, 0.000757389410865, -0.000821243680548, 0.0022278460674, -0.00162807491142, -0.0015031589428, -0.00232636136934, 0.0242325738072, -0.00700653204694, -0.00195963121951], [0.000351397553459, -0.000713035231456, 0.000498753215652, 0.00179231888615, 0.000548059178982, -0.000651455484331, -0.00376849714667, 0.000527635740582, 0.00211743148975, -0.000874470628332, -0.00700653204694, 0.032415304333, -0.00732620386407], [0.000122270808788, -0.00104750308674, -0.00180976593401, -0.000270138174528, 0.000391807465348, -0.000489780271892, 0.000157411952387, -0.00105213257484, 0.0012862336589, 0.00246058031917, -0.00195963121951, -0.00732620386407, 0.0307518132031]]
    },
    "spectral_contrast_coeffs": {
        "mean": [-0.629405498505, -0.745198667049, -0.806990623474, -0.819888591766, -0.827604651451, -0.791467368603],
        "var": [0.00447187572718, 0.00320919766091, 0.00156543671619, 0.00103713700082, 0.000861241249368, 0.00179919356015]
    },
    "spectral_contrast_valleys": {
        "mean": [-6.67636108398, -6.37517642975, -7.35797262192, -8.05261039734, -8.45454216003, -11.0466880798],
        "var": [1.23851597309, 1.53915083408, 2.25966382027, 2.78189659119, 2.51559734344, 1.46086752415]
    }
},
"metadata": {
    "audio_properties": {
        "analysis_sample_rate": 44100,
        "bit_rate": 128074,
        "equal_loudness": 0,
        "length": 45.3224487305,
        "lossless": 0,
        "replay_gain": -5.15519714355,
        "sample_rate": 44100,
        "codec": "mp3",
        "downmix": "mix",
        "md5_encoded": "8a2bec34229a2a5240be8bbbc61d6f23"
    },
    "tags": {
        "file_name": "1408.mp3",
        "album": ["Knowing is half the battle"],
        "artist": ["The Subhuman"],
        "date": ["2009-07-13 13:09:03", "2009-07-13 13:09:03"],
        "genre": ["Weirdomusic"],
        "title": ["Whatever"],
        "tracknumber": ["9"]
    },
    "version": {
        "essentia": "2.1-beta2",
        "essentia_git_sha": "v2.1_beta2",
        "extractor": "music 1.0"
    }
},
"rhythm": {
    "beats_count": 87,
    "beats_loudness": {
        "mean": 0.0579623021185,
        "var": 0.00176434789319
    },
    "bpm": 115.854148865,
    "bpm_histogram_first_peak_bpm": {
        "mean": 115,
        "var": 0
    },
    "bpm_histogram_first_peak_spread": {
        "mean": 0.457831293344,
        "var": 0
    },
    "bpm_histogram_first_peak_weight": {
        "mean": 0.523255825043,
        "var": 0
    },
    "bpm_histogram_second_peak_bpm": {
        "mean": 120,
        "var": 0
    },
    "bpm_histogram_second_peak_spread": {
        "mean": 0,
        "var": 0
    },
    "bpm_histogram_second_peak_weight": {
        "mean": 0.0348837226629,
        "var": 0
    },
    "danceability": 0.971235990524,
    "onset_rate": 2.42627644539,
    "beats_loudness_band_ratio": {
        "mean": [0.615460216999, 0.279034882784, 0.114353455603, 0.038473777473, 0.0127298915759, 0.00817519519478],
        "var": [0.0316024050117, 0.029778458178, 0.00435071019456, 0.000976450741291, 0.000120238350064, 0.000214460960706]
    },
    "beats_position": [0.545668900013, 1.07972788811, 1.60217678547, 2.11301589012, 2.62385487556, 3.13469386101, 3.65714287758, 4.17959165573, 4.69043064117, 5.21287965775, 5.73532867432, 6.24616765976, 6.76861667633, 7.27945566177, 7.80190467834, 8.32435321808, 8.84680271149, 9.34603118896, 9.85687065125, 10.3560991287, 10.8785486221, 11.4009971619, 11.9234466553, 12.445895195, 12.9683446884, 13.4907932281, 14.0016326904, 14.512471199, 15.0233106613, 15.5341491699, 16.0449886322, 16.5558280945, 17.0782756805, 17.6123352051, 18.1347846985, 18.6456241608, 19.1564617157, 19.6789112091, 20.2013607025, 20.7354183197, 21.246257782, 21.7570972443, 22.2679367065, 22.7903842926, 23.312833786, 23.8352832794, 24.3577327728, 24.8685703278, 25.3910198212, 25.9018592834, 26.4243087769, 26.9467563629, 27.4575958252, 27.9800453186, 28.4908847809, 29.0133323669, 29.5357818604, 30.0466213226, 30.5574588776, 31.079908371, 31.6023578644, 32.1131973267, 32.6356468201, 33.1580963135, 33.6689338684, 34.1797714233, 34.690612793, 35.2014503479, 35.7122879028, 36.2231292725, 36.7455787659, 37.2680282593, 37.7788658142, 38.3013153076, 38.8121528625, 39.334602356, 39.8570518494, 40.3795013428, 40.9019508362, 41.4243965149, 41.9468460083, 42.4692955017, 42.9685249329, 43.4793624878, 43.9902038574, 44.5126533508, 45.0351028442]
},
"tonal": {
    "chords_changes_rate": 0.0327533259988,
    "chords_number_rate": 0.00921187270433,
    "chords_strength": {
        "mean": 0.605996787548,
        "var": 0.00513800326735
    },
    "hpcp_entropy": {
        "mean": 2.11837720871,
        "var": 0.437707871199
    },
    "key_strength": 0.67060226202,
    "tuning_diatonic_strength": 0.578690469265,
    "tuning_equal_tempered_deviation": 0.241541013122,
    "tuning_frequency": 434.193115234,
    "tuning_nontempered_energy_ratio": 0.937863409519,
    "hpcp": {
        "mean": [0.356623321772, 0.331391960382, 0.123183175921, 0.0431078821421, 0.028903933242, 0.0289015751332, 0.052547313273, 0.0695304349065, 0.109881423414, 0.262370496988, 0.276801735163, 0.128389269114, 0.0702321901917, 0.0510687045753, 0.0452845655382, 0.106943324208, 0.141893237829, 0.0878765508533, 0.0437028743327, 0.033819835633, 0.0514065548778, 0.108267962933, 0.121399611235, 0.143422976136, 0.256416767836, 0.229254826903, 0.093259729445, 0.0438147075474, 0.0364942215383, 0.0668117702007, 0.185553342104, 0.23015448451, 0.128313630819, 0.0673871263862, 0.0713685303926, 0.16075232625],
        "var": [0.159642875195, 0.130273357034, 0.0271946936846, 0.0131029281765, 0.0115381563082, 0.0116616962478, 0.0150341773406, 0.021243724972, 0.0314880907536, 0.112421549857, 0.107907898724, 0.0345665216446, 0.0293523203582, 0.0199933387339, 0.0155035918579, 0.0465102531016, 0.0675095915794, 0.0272865481675, 0.0126902451739, 0.00927692931145, 0.0131767643616, 0.0260810684413, 0.0289465896785, 0.0377871654928, 0.131987318397, 0.110817454755, 0.0294677019119, 0.0120610464364, 0.00883359275758, 0.0181630458683, 0.07334318012, 0.0990057513118, 0.0418325476348, 0.0276000089943, 0.0319354906678, 0.0532161593437]
    },
    "chords_histogram": [20.163766861, 5.52712392807, 23.3367443085, 0, 3.58239507675, 0, 6.24360275269, 0, 11.8730812073, 0, 0, 0, 0, 0, 0, 0, 0, 5.62947797775, 0, 1.74002051353, 0, 0, 0, 21.9037876129],
    "thpcp": [1, 0.929249286652, 0.345415353775, 0.120877914131, 0.0810489133, 0.081042304635, 0.147346824408, 0.194968834519, 0.308116197586, 0.735707640648, 0.776173949242, 0.360013663769, 0.196936622262, 0.143200680614, 0.126981496811, 0.299877554178, 0.397879868746, 0.246412798762, 0.122546315193, 0.0948334932327, 0.144148051739, 0.303591936827, 0.340414106846, 0.402169376612, 0.719012916088, 0.642848670483, 0.261507660151, 0.12285990268, 0.102332681417, 0.18734548986, 0.520306229591, 0.645371377468, 0.35980156064, 0.188958838582, 0.200122997165, 0.450762242079],
    "chords_key": "C",
    "chords_scale": "major",
    "key_key": "F",
    "key_scale": "major"
}
}