{
"lowlevel": {
    "average_loudness": 0.949857354164,
    "barkbands_crest": {
        "mean": 8.87271213531,
        "var": 9.81482219696
    },
    "barkbands_flatness_db": {
        "mean": 0.175220534205,
        "var": 0.0014477520017
    },
    "barkbands_kurtosis": {
        "mean": 2.35265445709,
        "var": 7.44766759872
    },
    "barkbands_skewness": {
        "mean": 0.925538063049,
        "var": 0.532809495926
    },
    "barkbands_spread": {
        "mean": 12.3694896698,
        "var": 42.9853515625
    },
    "dissonance": {
        "mean": 0.422402828932,
        "var": 0.00189793121535
    },
    "dynamic_complexity": 2.02647137642,
    "erbbands_crest": {
        "mean": 11.3726701736,
        "var": 19.1621017456
    },
    "erbbands_flatness_db": {
        "mean": 0.206452816725,
        "var": 0.00171252945438
    },
    "erbbands_kurtosis": {
        "mean": 2.02768707275,
        "var": 8.47506904602
    },
    "erbbands_skewness": {
        "mean": 0.77236032486,
        "var": 0.409995257854
    },
    "erbbands_spread": {
        "mean": 19.3212585449,
        "var": 119.941322327
    },
    "hfc": {
        "mean": 17.4822063446,
        "var": 143.48600769
    },
    "melbands_crest": {
        "mean": 11.5050439835,
        "var": 14.7625322342
    },
    "melbands_flatness_db": {
        "mean": 0.266593724489,
        "var": 0.00214570318349
    },
    "melbands_kurtosis": {
        "mean": 3.74893808365,
        "var": 20.2437801361
    },
    "melbands_skewness": {
        "mean": 1.2346508503,
        "var": 0.741368710995
    },
    "melbands_spread": {
        "mean": 15.3328742981,
        "var": 53.1770591736
    },
    "pitch_salience": {
        "mean": 0.555717110634,
        "var": 0.00904933828861
    },
    "silence_rate_20dB": {
        "mean": 1,
        "var": 0
    },
    "silence_rate_30dB": {
        "mean": 0.998455226421,
        "var": 0.00154241244309
    },
    "silence_rate_60dB": {
        "mean": 0.00154479919001,
        "var": 0.00154241069686
    },
    "spectral_centroid": {
        "mean": 768.026611328,
        "var": 70312.8125
    },
    "spectral_complexity": {
        "mean": 15.5247163773,
        "var": 18.4131278992
    },
    "spectral_decrease": {
        "mean": -8.03136757099e-009,
        "var": 2.11231653636e-017
    },
    "spectral_energy": {
        "mean": 0.031897932291,
        "var": 0.000330932816723
    },
    "spectral_energyband_high": {
        "mean": 0.000149978499394,
        "var": 4.96821371598e-007
    },
    "spectral_energyband_low": {
        "mean": 0.00814739521593,
        "var": 6.58656426822e-005
    },
    "spectral_energyband_middle_high": {
        "mean": 0.00610396265984,
        "var": 4.70418963232e-005
    },
    "spectral_energyband_middle_low": {
        "mean": 0.0182128623128,
        "var": 0.000159974122653
    },
    "spectral_entropy": {
        "mean": 6.88143491745,
        "var": 0.139681100845
    },
    "spectral_flux": {
        "mean": 0.0811443403363,
        "var": 0.0011923055863
    },
    "spectral_kurtosis": {
        "mean": 14.1931591034,
        "var": 44.4454650879
    },
    "spectral_rms": {
        "mean": 0.00536169530824,
        "var": 2.37212407228e-006
    },
    "spectral_rolloff": {
        "mean": 856.515319824,
        "var": 443762.6875
    },
    "spectral_skewness": {
        "mean": 2.92845368385,
        "var": 0.530032336712
    },
    "spectral_spread": {
        "mean": 3234014,
        "var": 2.60639922586e+012
    },
    "spectral_strongpeak": {
        "mean": 1.4077694416,
        "var": 1.90736556053
    },
    "zerocrossingrate": {
        "mean": 0.0365969575942,
        "var": 0.0003868273634
    },
    "barkbands": {
        "mean": [8.85175541043e-005, 0.00487513048574, 0.00279563316144, 0.000764075201005, 0.0026044996921, 0.00289909588173, 0.00474211527035, 0.0041259881109, 0.00241781678051, 0.00139664229937, 0.00279138819315, 0.000647534616292, 0.000275445578154, 0.000401738652727, 0.000196165041416, 0.00026809197152, 0.000215056395973, 0.000124163241708, 9.15367199923e-005, 4.11934124713e-005, 1.73808257387e-005, 2.43360518652e-005, 3.05057856167e-005, 2.15751333599e-005, 2.05290816666e-005, 1.98941124836e-005, 1.91372851077e-006],
        "var": [3.94806498605e-008, 4.27246122854e-005, 7.90178819443e-006, 6.22858181032e-007, 7.97986831458e-006, 1.12167326733e-005, 3.67085303878e-005, 3.47432069248e-005, 1.10016026156e-005, 4.45255318482e-006, 3.22542146023e-005, 1.78493462499e-006, 4.29064385798e-007, 3.07088413365e-007, 1.01997976287e-007, 4.1161564468e-007, 1.18277050376e-007, 1.01045522172e-007, 3.01691471805e-008, 4.81179052159e-009, 3.72425112971e-009, 3.65000261127e-008, 6.34927701526e-008, 1.77271584079e-008, 2.5232722578e-009, 2.67380229069e-009, 3.5576382118e-011]
    },
    "erbbands": {
        "mean": [0.112018987536, 1.20749735832, 3.32473921776, 2.79568099976, 4.93515491486, 10.0748748779, 13.0037345886, 27.5302181244, 64.0652008057, 73.8597717285, 97.802947998, 49.2044525146, 46.9613304138, 86.421295166, 66.542175293, 27.6399593353, 14.9229879379, 19.9343090057, 11.9466943741, 13.1921691895, 11.0521755219, 13.0173215866, 8.99508666992, 4.43058204651, 4.1895980835, 1.70776820183, 0.789136111736, 0.726416349411, 0.798069894314, 1.03611421585, 0.794079005718, 0.539993464947, 0.328903138638, 0.225823357701, 0.149381637573, 0.0864995196462, 0.0356389582157, 0.00751957204193, 0.000193146785023, 4.11828114011e-005],
        "var": [0.0425940677524, 2.17897486687, 10.5304136276, 5.34003448486, 28.110168457, 165.034790039, 375.238037109, 966.845947266, 7979.20166016, 8972.84960938, 20785.0253906, 4097.64550781, 4727.98925781, 34293.3359375, 12513.8164063, 2917.51538086, 1079.91906738, 591.842651367, 298.543823242, 407.227722168, 403.538696289, 469.691741943, 473.695068359, 74.947807312, 56.3790588379, 8.61940193176, 3.92423605919, 10.1154108047, 31.0395317078, 80.6684951782, 39.9123764038, 14.8390245438, 2.96998715401, 0.440361499786, 0.124954037368, 0.0551846250892, 0.00863273814321, 0.000430370448157, 2.50212309538e-007, 6.48025577643e-010]
    },
    "gfcc": {
        "mean": [-15.310749054, 137.696350098, -103.192626953, -6.96831035614, -49.6627388, 8.77738857269, -41.6428146362, 24.7917537689, -17.3547077179, 2.38817620277, -10.5449171066, 0.640396654606, -11.3095207214],
        "cov": [[2710.81396484, -568.827392578, -47.9030036926, 27.5845794678, -154.191986084, -99.2517242432, 67.4188461304, 63.3716468811, -148.33493042, 113.210212708, -115.411468506, 120.898353577, -167.195022583], [-568.827392578, 817.03302002, -173.029678345, -106.33241272, 194.598846436, -76.3324432373, 24.5895080566, 10.5132598877, 59.0200805664, -104.562774658, 165.082748413, -122.552635193, 95.0663070679], [-47.9030036926, -173.029678345, 340.352386475, 27.1136741638, -7.26941585541, 73.867515564, -34.0415000916, 2.29431557655, 20.4832439423, 54.6389503479, -79.4732513428, 59.6839256287, -21.7706108093], [27.5845794678, -106.33241272, 27.1136741638, 366.802703857, -43.2864608765, -35.5590782166, -15.1470394135, -30.8399391174, 57.7123718262, -5.22676038742, -5.19961690903, -30.0491027832, -3.75752878189], [-154.191986084, 194.598846436, -7.26941585541, -43.2864608765, 214.943969727, -21.0072593689, 0.169188350439, 44.3405838013, 13.4914188385, 3.78021764755, 20.4088573456, -23.1363430023, 7.89658737183], [-99.2517242432, -76.3324432373, 73.867515564, -35.5590782166, -21.0072593689, 177.858688354, 11.0334606171, 0.855571687222, 16.5656547546, 3.02824234962, -30.2501544952, 32.2639427185, 20.8344020844], [67.4188461304, 24.5895080566, -34.0415000916, -15.1470394135, 0.169188350439, 11.0334606171, 167.104064941, 21.9150066376, -57.3687324524, -11.647857666, 34.6983261108, 6.1015868187, -15.1524791718], [63.3716468811, 10.5132598877, 2.29431557655, -30.8399391174, 44.3405838013, 0.855571687222, 21.9150066376, 117.038757324, 16.1517524719, -2.53730487823, 13.3230905533, -6.36256170273, -16.7929420471], [-148.33493042, 59.0200805664, 20.4832439423, 57.7123718262, 13.4914188385, 16.5656547546, -57.3687324524, 16.1517524719, 160.874526978, 26.9962444305, -14.3332519531, -15.6805372238, 9.94614696503], [113.210212708, -104.562774658, 54.6389503479, -5.22676038742, 3.78021764755, 3.02824234962, -11.647857666, -2.53730487823, 26.9962444305, 100.605224609, -11.1589136124, 9.90744018555, -26.4261398315], [-115.411468506, 165.082748413, -79.4732513428, -5.19961690903, 20.4088573456, -30.2501544952, 34.6983261108, 13.3230905533, -14.3332519531, -11.1589136124, 143.150405884, -23.8726272583, -5.93589878082], [120.898353577, -122.552635193, 59.6839256287, -30.0491027832, -23.1363430023, 32.2639427185, 6.1015868187, -6.36256170273, -15.6805372238, 9.90744018555, -23.8726272583, 112.527305603, 16.3881511688], [-167.195022583, 95.0663070679, -21.7706108093, -3.75752878189, 7.89658737183, 20.8344020844, -15.1524791718, -16.7929420471, 9.94614696503, -26.4261398315, -5.93589878082, 16.3881511688, 97.8871765137]],
        "icov": [[0.000646479136776, -0.000412146997405, 0.000645970110781, -0.000455654488178, 0.000628691806924, 9.04348635231e-005, 0.00019294086087, -0.0009084744961, 0.00103885459248, -0.00125066016335, 0.00115642487071, -0.00125113758259, 0.00127110455651], [-0.000412146997405, 0.00665784813464, -0.00166801433079, 0.00336516508833, -0.00446110218763, 0.00246969214641, -0.0023906826973, 0.00379113550298, -0.00567359896377, 0.00687654642388, -0.00667223520577, 0.00630531972274, -0.00632452312857], [0.000645970110781, -0.00166801433079, 0.00539659382775, -0.00182864977978, 0.000943752995227, -0.0020807296969, 0.00153980404139, -0.00200429162942, 0.00247315759771, -0.00416558096185, 0.00398040656, -0.00424926914275, 0.00369148910977], [-0.000455654488178, 0.00336516508833, -0.00182864977978, 0.00518477614969, -0.00164923549164, 0.00222628680058, -0.00181169563439, 0.00321626733057, -0.004800085444, 0.00463755056262, -0.00375308212824, 0.00445634499192, -0.00355757772923], [0.000628691806924, -0.00446110218763, 0.000943752995227, -0.00164923549164, 0.00873306114227, -0.000630061491393, 0.00157547229901, -0.00483985524625, 0.00384287210181, -0.00552784977481, 0.0043307733722, -0.0034041586332, 0.00334588810802], [9.04348635231e-005, 0.00246969214641, -0.0020807296969, 0.00222628680058, -0.000630061491393, 0.00827109534293, -0.0023460155353, 0.00122663762886, -0.00336092151701, 0.00285057094879, -0.00158008688595, 0.00147270655725, -0.00371500267647], [0.00019294086087, -0.0023906826973, 0.00153980404139, -0.00181169563439, 0.00157547229901, -0.0023460155353, 0.00873429700732, -0.00317335221916, 0.00509323226288, -0.00273050297983, 0.00108395796269, -0.00308765727095, 0.0034321246203], [-0.0009084744961, 0.00379113550298, -0.00200429162942, 0.00321626733057, -0.00483985524625, 0.00122663762886, -0.00317335221916, 0.0135068111122, -0.00629906542599, 0.00642519863322, -0.00512674823403, 0.00441625155509, -0.00227624806575], [0.00103885459248, -0.00567359896377, 0.00247315759771, -0.004800085444, 0.00384287210181, -0.00336092151701, 0.00509323226288, -0.00629906542599, 0.0145322773606, -0.00960804522038, 0.00671857595444, -0.00519483070821, 0.00497009279206], [-0.00125066016335, 0.00687654642388, -0.00416558096185, 0.00463755056262, -0.00552784977481, 0.00285057094879, -0.00273050297983, 0.00642519863322, -0.00960804522038, 0.0209615379572, -0.00803263392299, 0.00653064530343, -0.0039894785732], [0.00115642487071, -0.00667223520577, 0.00398040656, -0.00375308212824, 0.0043307733722, -0.00158008688595, 0.00108395796269, -0.00512674823403, 0.00671857595444, -0.00803263392299, 0.0162032227963, -0.00667104171589, 0.00771982036531], [-0.00125113758259, 0.00630531972274, -0.00424926914275, 0.00445634499192, -0.0034041586332, 0.00147270655725, -0.00308765727095, 0.00441625155509, -0.00519483070821, 0.00653064530343, -0.00667104171589, 0.0185816809535, -0.0100183403119], [0.00127110455651, -0.00632452312857, 0.00369148910977, -0.00355757772923, 0.00334588810802, -0.00371500267647, 0.0034321246203, -0.00227624806575, 0.00497009279206, -0.0039894785732, 0.00771982036531, -0.0100183403119, 0.0204385817051]]
    },
    "melbands": {
        "mean": [0.00120785844047, 0.00173023564275, 0.000542936148122, 0.000556774146389, 0.000456810405012, 0.000652222021017, 0.000972619978711, 0.00079789722804, 0.000820237968583, 0.000270575197646, 0.00022247202287, 0.000323257496348, 0.000274026213447, 9.51312467805e-005, 5.05644966324e-005, 2.5191646273e-005, 4.08855339629e-005, 1.83929605555e-005, 1.84911932593e-005, 2.34421604546e-005, 9.0251032816e-006, 1.45822741615e-005, 9.74990962277e-006, 5.23543485542e-006, 3.41877921528e-006, 3.51807238985e-006, 2.24358313972e-006, 8.7787037728e-007, 5.15097553944e-007, 4.18991703555e-007, 4.104105642e-007, 4.00061054506e-007, 5.68962263969e-007, 5.87630097471e-007, 4.57558741118e-007, 4.18122056089e-007, 2.94107223908e-007, 2.32556715218e-007, 2.03898125051e-007, 1.84854002327e-007],
        "var": [3.33216712534e-006, 2.58648105955e-006, 1.71761726619e-007, 4.03348678901e-007, 3.37503337278e-007, 5.24429992765e-007, 1.59345802331e-006, 1.09913037249e-006, 1.44194234508e-006, 1.36836860065e-007, 1.22205591424e-007, 4.71526675483e-007, 2.31029176234e-007, 3.08850758302e-008, 1.43877549874e-008, 2.79721845686e-009, 2.87429080537e-009, 1.26409438472e-009, 1.11079812015e-009, 3.64248164963e-009, 1.87704435328e-010, 7.0659361695e-010, 4.21664869688e-010, 1.64608993103e-010, 5.5776733926e-011, 5.13159618964e-011, 1.38848507344e-011, 3.34848056401e-012, 1.83990062769e-012, 1.74723148276e-012, 4.28324563317e-012, 6.16687950705e-012, 2.72106278482e-011, 2.50520264256e-011, 1.27161050786e-011, 1.18805052601e-011, 3.91881188957e-012, 1.64829564928e-012, 7.97112321895e-013, 2.12975592565e-013]
    },
    "mfcc": {
        "mean": [-672.405273438, 185.528274536, 2.43958234787, -1.424243927, 11.0200691223, -16.3175182343, -2.09680652618, 6.88507509232, 0.873825669289, 5.98689603806, 0.509893000126, 2.80363512039, 5.17212629318],
        "cov": [[2041.65795898, -527.999633789, -65.9582519531, 131.264511108, -265.053649902, -44.9125404358, 27.0912704468, -2.95626592636, -77.3215408325, 4.35738658905, 33.9116096497, -34.9874725342, 36.6312255859], [-527.999633789, 882.129150391, -247.624221802, -108.781539917, 141.28338623, -130.80909729, 117.500923157, 3.83793735504, -20.9740161896, 33.6010780334, -23.11211586, 27.6720066071, 45.8241157532], [-65.9582519531, -247.624221802, 340.719421387, 2.83389568329, -6.4025478363, 105.483894348, -94.8829498291, 7.0349354744, 53.033000946, -25.2402896881, 11.3487558365, 2.27337574959, -14.7847442627], [131.264511108, -108.781539917, 2.83389568329, 304.11932373, 14.904665947, -12.4398021698, -23.8563365936, -6.17411613464, -36.2557449341, 54.5750312805, 10.9190683365, -17.8810768127, -13.6266126633], [-265.053649902, 141.28338623, -6.4025478363, 14.904665947, 217.01651001, -10.1388177872, -51.171245575, -5.94635248184, 36.8644676208, 24.5111637115, 13.2115497589, 19.7728767395, -12.7093505859], [-44.9125404358, -130.80909729, 105.483894348, -12.4398021698, -10.1388177872, 167.02142334, -40.0188941956, -8.85342216492, 51.2122802734, -32.03540802, -4.69124794006, 4.1308889389, -7.22964477539], [27.0912704468, 117.500923157, -94.8829498291, -23.8563365936, -51.171245575, -40.0188941956, 218.629333496, 34.2076530457, -63.4196777344, 20.3931732178, -15.3351774216, -7.40757226944, 13.1424560547], [-2.95626592636, 3.83793735504, 7.0349354744, -6.17411613464, -5.94635248184, -8.85342216492, 34.2076530457, 113.828216553, 10.0721263885, -5.87490272522, 12.2402095795, -5.29337978363, -3.53301358223], [-77.3215408325, -20.9740161896, 53.033000946, -36.2557449341, 36.8644676208, 51.2122802734, -63.4196777344, 10.0721263885, 166.14263916, -29.7608909607, -10.1725063324, 12.2837219238, -17.1680450439], [4.35738658905, 33.6010780334, -25.2402896881, 54.5750312805, 24.5111637115, -32.03540802, 20.3931732178, -5.87490272522, -29.7608909607, 119.629241943, 38.1645851135, 7.46954011917, -0.425780177116], [33.9116096497, -23.11211586, 11.3487558365, 10.9190683365, 13.2115497589, -4.69124794006, -15.3351774216, 12.2402095795, -10.1725063324, 38.1645851135, 112.955474854, 24.8520736694, -9.76548862457], [-34.9874725342, 27.6720066071, 2.27337574959, -17.8810768127, 19.7728767395, 4.1308889389, -7.40757226944, -5.29337978363, 12.2837219238, 7.46954011917, 24.8520736694, 74.5335388184, 21.853521347], [36.6312255859, 45.8241157532, -14.7847442627, -13.6266126633, -12.7093505859, -7.22964477539, 13.1424560547, -3.53301358223, -17.1680450439, -0.425780177116, -9.76548862457, 21.853521347, 101.552429199]],
        "icov": [[0.000744048564229, 0.000503616873175, 0.000409351341659, -0.000177264431841, 0.000605451641604, 0.000360671896487, -2.80258427665e-005, 7.33690321795e-005, -8.84880937519e-005, 4.42138589278e-005, -0.000309567752993, 0.000169490391272, -0.000433214474469], [0.000503616873175, 0.0023194544483, 0.00120897137094, 0.000583733373787, -0.00103284523357, 0.000989559455775, -0.000782055896707, 0.000108602114778, -0.000220779271331, -0.000171862586285, 0.000170323488419, -0.000103775259049, -0.000927103217691], [0.000409351341659, 0.00120897137094, 0.00477092992514, 0.000208337005461, 6.10856586718e-005, -0.00167746422812, 0.00117800559383, -0.000771120365243, -0.00020234407566, -0.000127594990772, -0.0002097262186, -4.547579465e-006, -0.000315634300932], [-0.000177264431841, 0.000583733373787, 0.000208337005461, 0.00414245482534, -0.000751491461415, 3.58897596016e-005, 0.000603799475357, -0.000227220283705, 0.000884488399606, -0.0019532807637, 0.000549241609406, 0.00072296068538, 0.000247755320743], [0.000605451641604, -0.00103284523357, 6.10856586718e-005, -0.000751491461415, 0.00698000239208, 0.000259859021753, 0.00183563539758, -0.000127700885059, -0.00100803596433, -0.00115341681521, -0.000258911721176, -0.00108521303628, 0.000839151849505], [0.000360671896487, 0.000989559455775, -0.00167746422812, 3.58897596016e-005, 0.000259859021753, 0.00872394815087, -0.000528469856363, 0.00117445271462, -0.00196365220472, 0.00136487162672, -0.000207296368899, -0.000306130154058, -0.000333484786097], [-2.80258427665e-005, -0.000782055896707, 0.00117800559383, 0.000603799475357, 0.00183563539758, -0.000528469856363, 0.00715443538502, -0.00255215447396, 0.00215804786421, -0.00159554101992, 0.0015271815937, -0.000356603850378, 0.000374684983399], [7.33690321795e-005, 0.000108602114778, -0.000771120365243, -0.000227220283705, -0.000127700885059, 0.00117445271462, -0.00255215447396, 0.0101872012019, -0.00169584085234, 0.00138743978459, -0.00222975737415, 0.00136012223084, -0.000253878068179], [-8.84880937519e-005, -0.000220779271331, -0.00020234407566, 0.000884488399606, -0.00100803596433, -0.00196365220472, 0.00215804786421, -0.00169584085234, 0.00844273064286, 0.00058189954143, 0.00149533094373, -0.00167379132472, 0.00155025103595], [4.42138589278e-005, -0.000171862586285, -0.000127594990772, -0.0019532807637, -0.00115341681521, 0.00136487162672, -0.00159554101992, 0.00138743978459, 0.00058189954143, 0.0116019118577, -0.00388391199522, -0.000110635395686, -0.00021415806259], [-0.000309567752993, 0.000170323488419, -0.0002097262186, 0.000549241609406, -0.000258911721176, -0.000207296368899, 0.0015271815937, -0.00222975737415, 0.00149533094373, -0.00388391199522, 0.0120366085321, -0.0044876341708, 0.00211528874934], [0.000169490391272, -0.000103775259049, -4.547579465e-006, 0.00072296068538, -0.00108521303628, -0.000306130154058, -0.000356603850378, 0.00136012223084, -0.00167379132472, -0.000110635395686, -0.0044876341708, 0.017143830657, -0.00438632909209], [-0.000433214474469, -0.000927103217691, -0.000315634300932, 0.000247755320743, 0.000839151849505, -0.000333484786097, 0.000374684983399, -0.000253878068179, 0.00155025103595, -0.00021415806259, 0.00211528874934, -0.00438632909209, 0.0118414927274]]
    },
    "spectral_contrast_coeffs": {
        "mean": [-0.663940310478, -0.702406704426, -0.708919107914, -0.749652683735, -0.751775443554, -0.818195879459],
        "var": [0.0036418591626, 0.00376614974812, 0.0039366488345, 0.00252986722626, 0.00197963160463, 0.000820668123197]
    },
    "spectral_contrast_valleys": {
        "mean": [-6.97196292877, -5.98127222061, -7.20773649216, -7.98807668686, -8.57998180389, -11.0202236176],
        "var": [0.452235460281, 0.478700637817, 0.606074750423, 0.447449356318, 0.64053851366, 0.657679855824]
    }
},
"metadata": {
    "audio_properties": {
        "analysis_sample_rate": 44100,
        "bit_rate": 128074,
        "equal_loudness": 0,
        "length": 45.0612258911,
        "lossless": 0,
        "replay_gain": -6.46067237854,
        "sample_rate": 44100,
        "codec": "mp3",
        "downmix": "mix",
        "md5_encoded": "cfd043178b91748612a7c75c99149edd"
    },
    "tags": {
        "file_name": "1409.mp3"
    },
    "version": {
        "essentia": "2.1-beta2",
        "essentia_git_sha": "v2.1_beta2",
        "extractor": "music 1.0"
    }
},
"rhythm": {
    "beats_count": 89,
    "beats_loudness": {
        "mean": 0.0392141230404,
        "var": 0.000360433303285
    },
    "bpm": 120.152381897,
    "bpm_histogram_first_peak_bpm": {
        "mean": 120,
        "var": 0
    },
    "bpm_histogram_first_peak_spread": {
        "mean": 0.582278490067,
        "var": 0
    },
    "bpm_histogram_first_peak_weight": {
        "mean": 0.375,
        "var": 0
    },
    "bpm_histogram_second_peak_bpm": {
        "mean": 115,
        "var": 0
    },
    "bpm_histogram_second_peak_spread": {
        "mean": 0,
        "var": 0
    },
    "bpm_histogram_second_peak_weight": {
        "mean": 0.0568181835115,
        "var": 0
    },
    "danceability": 1.19852507114,
    "onset_rate": 3.52694225311,
    "beats_loudness_band_ratio": {
        "mean": [0.271529376507, 0.197992324829, 0.380604952574, 0.163297325373, 0.0367403030396, 0.0121284089983],
        "var": [0.0233276579529, 0.0105043472722, 0.0262238066643, 0.0128992218524, 0.00116139638703, 0.000140002099215]
    },
    "beats_position": [0.476009070873, 0.96362811327, 1.45124709606, 1.93886613846, 2.42648530006, 2.92571425438, 3.42494320869, 3.93578219414, 4.446621418, 4.95746040344, 5.45668935776, 5.94430828094, 6.43192720413, 6.94276618958, 7.45360517502, 7.95283412933, 8.45206356049, 8.93968200684, 9.43891143799, 9.94974994659, 10.4489793777, 10.95981884, 11.4706573486, 11.9582767487, 12.445895195, 12.933514595, 13.4211339951, 13.9087524414, 14.3847618103, 14.8723802567, 15.3483896255, 15.8360090256, 16.3236274719, 16.8460769653, 17.3685264587, 17.8793640137, 18.3785934448, 18.877822876, 19.3886623383, 19.8994998932, 20.4219493866, 20.9211788177, 21.43201828, 21.9312477112, 22.430475235, 22.9413146973, 23.4637641907, 23.9629936218, 24.4622211456, 24.9614505768, 25.4606800079, 25.9599094391, 26.4475269318, 26.9467563629, 27.4459857941, 27.9452152252, 28.4444446564, 28.932062149, 29.4312915802, 29.9305210114, 30.4297504425, 30.9057598114, 31.3933773041, 31.8926067352, 32.3686180115, 32.8794555664, 33.4019050598, 33.901134491, 34.4003639221, 34.9112014771, 35.422039032, 35.9328804016, 36.4321098328, 36.9429473877, 37.4537849426, 37.9646263123, 38.4522438049, 38.9630813599, 39.4739227295, 39.9847602844, 40.4839897156, 40.9832191467, 41.4940567017, 41.981678009, 42.4692955017, 42.9569168091, 43.4561424255, 43.9553718567, 44.4546012878]
},
"tonal": {
    "chords_changes_rate": 0.0442386828363,
    "chords_number_rate": 0.00617283955216,
    "chords_strength": {
        "mean": 0.552870213985,
        "var": 0.0100821843371
    },
    "hpcp_entropy": {
        "mean": 1.78839528561,
        "var": 0.448745757341
    },
    "key_strength": 0.844173669815,
    "tuning_diatonic_strength": 0.70207709074,
    "tuning_equal_tempered_deviation": 0.0404003188014,
    "tuning_frequency": 440.508636475,
    "tuning_nontempered_energy_ratio": 0.683355867863,
    "hpcp": {
        "mean": [0.0733653157949, 0.113888755441, 0.255915105343, 0.410269021988, 0.301830768585, 0.110244996846, 0.0699753165245, 0.0889177024364, 0.199059352279, 0.271579891443, 0.16160184145, 0.062406104058, 0.0494831986725, 0.0444543063641, 0.0879196450114, 0.140096142888, 0.145837917924, 0.271241366863, 0.347073495388, 0.183626517653, 0.0568052269518, 0.0360209792852, 0.0385357961059, 0.0901659429073, 0.136182934046, 0.0878629609942, 0.0381611809134, 0.0394327603281, 0.0526425205171, 0.157439380884, 0.229497089982, 0.151901334524, 0.191712036729, 0.282977432013, 0.183814823627, 0.0768889859319],
        "var": [0.0258007589728, 0.0417525880039, 0.0720296427608, 0.127063214779, 0.100145228207, 0.038387209177, 0.0282271113247, 0.0360553711653, 0.0724161714315, 0.121108606458, 0.0484223030508, 0.0220207870007, 0.019869916141, 0.0161882992834, 0.0245596952736, 0.0462783761322, 0.036561217159, 0.093561373651, 0.12557798624, 0.0487123019993, 0.0171959530562, 0.00875833071768, 0.0090519208461, 0.0211252011359, 0.0389052852988, 0.0199088361114, 0.0126927085221, 0.0124103073031, 0.0115609234199, 0.0437199287117, 0.0815542861819, 0.0389431342483, 0.0666299760342, 0.135120302439, 0.060953758657, 0.0280765686184]
    },
    "chords_histogram": [37.860080719, 9.77366256714, 7.92181062698, 0, 0, 0, 0, 0, 2.16049385071, 0.308641970158, 0.102880656719, 0, 0, 0, 0, 0, 0, 0, 0, 0, 0, 0.617283940315, 30.0411529541, 11.2139921188],
    "thpcp": [1, 0.735689878464, 0.268713921309, 0.170559585094, 0.216730237007, 0.485192269087, 0.661955654621, 0.393892377615, 0.152110204101, 0.120611585677, 0.10835403949, 0.214297547936, 0.341473847628, 0.355468988419, 0.661130487919, 0.845965623856, 0.447575867176, 0.138458490372, 0.0877984389663, 0.0939281135798, 0.219772726297, 0.331935703754, 0.21415938437, 0.0930150225759, 0.096114397049, 0.128312200308, 0.383746683598, 0.559381961823, 0.370248109102, 0.467283725739, 0.689736306667, 0.448034852743, 0.187411144376, 0.17882245779, 0.277595311403, 0.623773872852],
    "chords_key": "D#",
    "chords_scale": "major",
    "key_key": "D#",
    "key_scale": "major"
}
}