{
"lowlevel": {
    "average_loudness": 0.911974728107,
    "barkbands_crest": {
        "mean": 11.2591905594,
        "var": 15.7744960785
    },
    "barkbands_flatness_db": {
        "mean": 0.191460475326,
        "var": 0.00441927229986
    },
    "barkbands_kurtosis": {
        "mean": 7.08899688721,
        "var": 148.04006958
    },
    "barkbands_skewness": {
        "mean": 1.7381131649,
        "var": 1.64733374119
    },
    "barkbands_spread": {
        "mean": 13.1571149826,
        "var": 226.21697998
    },
    "dissonance": {
        "mean": 0.424146294594,
        "var": 0.00221541244537
    },
    "dynamic_complexity": 4.49458456039,
    "erbbands_crest": {
        "mean": 12.0460453033,
        "var": 22.167848587
    },
    "erbbands_flatness_db": {
        "mean": 0.206768482924,
        "var": 0.0040171421133
    },
    "erbbands_kurtosis": {
        "mean": 1.95559191704,
        "var": 23.5710029602
    },
    "erbbands_skewness": {
        "mean": 0.946675956249,
        "var": 0.728098273277
    },
    "erbbands_spread": {
        "mean": 27.7062969208,
        "var": 421.609741211
    },
    "hfc": {
        "mean": 10.4789028168,
        "var": 155.303482056
    },
    "melbands_crest": {
        "mean": 13.7889451981,
        "var": 19.873003006
    },
    "melbands_flatness_db": {
        "mean": 0.27344122529,
        "var": 0.00591984717175
    },
    "melbands_kurtosis": {
        "mean": 12.8532037735,
        "var": 488.529815674
    },
    "melbands_skewness": {
        "mean": 2.23925256729,
        "var": 2.61643385887
    },
    "melbands_spread": {
        "mean": 14.1198787689,
        "var": 333.653686523
    },
    "pitch_salience": {
        "mean": 0.546038746834,
        "var": 0.0157556459308
    },
    "silence_rate_20dB": {
        "mean": 1,
        "var": 0
    },
    "silence_rate_30dB": {
        "mean": 0.99330586195,
        "var": 0.00664932187647
    },
    "silence_rate_60dB": {
        "mean": 0.197734296322,
        "var": 0.158631280065
    },
    "spectral_centroid": {
        "mean": 790.590332031,
        "var": 250823.609375
    },
    "spectral_complexity": {
        "mean": 10.6086511612,
        "var": 32.697479248
    },
    "spectral_decrease": {
        "mean": -4.69340744047e-009,
        "var": 3.15784272125e-017
    },
    "spectral_energy": {
        "mean": 0.0186644401401,
        "var": 0.000486298289616
    },
    "spectral_energyband_high": {
        "mean": 0.000192245934159,
        "var": 4.23773428793e-007
    },
    "spectral_energyband_low": {
        "mean": 0.00537707377225,
        "var": 0.000170763392816
    },
    "spectral_energyband_middle_high": {
        "mean": 0.0023470974993,
        "var": 1.519072066e-005
    },
    "spectral_energyband_middle_low": {
        "mean": 0.0121368486434,
        "var": 0.000198272522539
    },
    "spectral_entropy": {
        "mean": 6.81419324875,
        "var": 0.467784821987
    },
    "spectral_flux": {
        "mean": 0.0569592751563,
        "var": 0.00206236820668
    },
    "spectral_kurtosis": {
        "mean": 12.6352272034,
        "var": 118.583602905
    },
    "spectral_rms": {
        "mean": 0.00366232683882,
        "var": 4.79659638586e-006
    },
    "spectral_rolloff": {
        "mean": 1095.46618652,
        "var": 3482889
    },
    "spectral_skewness": {
        "mean": 2.52937984467,
        "var": 0.945680320263
    },
    "spectral_spread": {
        "mean": 3827198,
        "var": 6.36081248666e+012
    },
    "spectral_strongpeak": {
        "mean": 1.01772451401,
        "var": 1.13724482059
    },
    "zerocrossingrate": {
        "mean": 0.0441537499428,
        "var": 0.00251942523755
    },
    "barkbands": {
        "mean": [8.96316996659e-005, 0.00117549090646, 0.00291381799616, 0.00153241725639, 0.00168387102894, 0.00299171055667, 0.00156525941566, 0.00183904333971, 0.00195086048916, 0.000969629443716, 0.000515604857355, 0.000218360524741, 0.000286515831249, 0.000275405618595, 0.000126561906654, 5.16148684255e-005, 0.000102742917079, 5.64579022466e-005, 8.92140014912e-005, 6.32960436633e-005, 1.57914346346e-005, 1.02454014268e-005, 2.86901049549e-005, 2.83975423372e-005, 5.35298167961e-005, 2.73636251222e-005, 2.95479640045e-006],
        "var": [1.98373513172e-007, 7.98501969257e-006, 8.09718330856e-005, 1.70210332726e-005, 6.94880327501e-006, 1.95253414859e-005, 7.62571835367e-006, 2.56260700553e-005, 2.26450138143e-005, 8.32130717754e-006, 2.64815867013e-006, 5.652211712e-007, 3.6402300907e-007, 3.84381678487e-007, 7.73963293454e-008, 1.87836803889e-008, 3.10453600605e-008, 1.15283897983e-008, 3.55802818319e-008, 1.76097536553e-008, 1.04349573427e-009, 8.91534068792e-010, 1.14112763683e-008, 1.26093429031e-008, 1.04588593786e-007, 1.58859183585e-008, 1.67889382952e-010]
    },
    "erbbands": {
        "mean": [0.0280649103224, 0.31188839674, 2.13884520531, 6.16512393951, 3.09171915054, 5.8633184433, 15.0227823257, 25.9880313873, 28.0823764801, 20.3537120819, 47.0942382813, 49.2841491699, 40.6938514709, 22.2503967285, 16.216835022, 11.3584671021, 14.745136261, 14.9992237091, 8.92148971558, 4.3393034935, 3.16664385796, 5.44217252731, 3.27558660507, 3.35843324661, 5.31939458847, 3.2898452282, 1.04250049591, 0.503587961197, 0.350349932909, 0.524829864502, 0.907909631729, 0.626280128956, 0.502513885498, 0.588494896889, 0.363658517599, 0.146476611495, 0.0459358505905, 0.00966963823885, 0.000316104997182, 2.88549181278e-005],
        "var": [0.00694808596745, 0.439652919769, 35.0474128723, 324.368041992, 27.748374939, 119.841049194, 560.910583496, 1508.46557617, 2381.85839844, 1931.24255371, 18582.2207031, 14700.0517578, 15671.2958984, 4447.19580078, 1546.95825195, 1217.99499512, 914.455871582, 1073.48059082, 375.438476563, 106.178855896, 46.9446716309, 88.8997573853, 30.3373394012, 43.6138725281, 131.834289551, 45.4820747375, 3.69833445549, 1.19581651688, 0.891775608063, 3.35884666443, 12.6965446472, 6.06698513031, 4.88872623444, 12.6123828888, 4.93822097778, 0.630112290382, 0.0464858822525, 0.00120130425785, 1.55595716933e-006, 1.63650326623e-009]
    },
    "gfcc": {
        "mean": [-80.6931533813, 120.327507019, -108.45438385, 1.60910487175, -56.999370575, -6.09113454819, -43.4910774231, 4.59038114548, -28.9644050598, 4.91901111603, -8.47639942169, -3.34030461311, -15.1841564178],
        "cov": [[9455.15917969, -1805.16455078, 245.222335815, 250.824417114, -407.658508301, 410.206787109, -81.4465332031, 823.841186523, -418.695556641, -48.4841842651, -475.219024658, 9.6479434967, -77.4651947021], [-1805.16455078, 2189.4074707, -542.749938965, -259.195465088, 454.938415527, -296.684265137, 280.171478271, -150.970245361, 277.838653564, -141.618469238, 242.140197754, -190.99105835, 47.8970680237], [245.222335815, -542.749938965, 1018.59606934, 384.450622559, 55.969039917, 318.308837891, -21.6260089874, 104.422157288, -55.7121086121, 67.7761611938, -142.046066284, 6.40069675446, -131.24697876], [250.824417114, -259.195465088, 384.450622559, 524.766357422, 113.518531799, 127.294433594, 24.6911468506, 52.038066864, 24.1244106293, 28.0716648102, -30.9789829254, 10.8534584045, -3.96864914894], [-407.658508301, 454.938415527, 55.969039917, 113.518531799, 320.962432861, 18.3249340057, 94.9136734009, 10.506772995, 63.3525924683, -23.9133167267, 27.1504478455, -37.1863212585, 8.00048160553], [410.206787109, -296.684265137, 318.308837891, 127.294433594, 18.3249340057, 297.84576416, 66.7454376221, 115.356452942, -29.2788143158, 24.9140110016, -57.7061080933, 7.77316999435, -38.0568275452], [-81.4465332031, 280.171478271, -21.6260089874, 24.6911468506, 94.9136734009, 66.7454376221, 254.208023071, 79.4160995483, 50.605556488, 10.5317182541, 46.1904144287, -8.63180160522, 15.7580165863], [823.841186523, -150.970245361, 104.422157288, 52.038066864, 10.506772995, 115.356452942, 79.4160995483, 250.848953247, -1.19065964222, 18.1346206665, -42.716129303, -9.39588928223, 8.54893302917], [-418.695556641, 277.838653564, -55.7121086121, 24.1244106293, 63.3525924683, -29.2788143158, 50.605556488, -1.19065964222, 153.704193115, 9.15654277802, 65.0258865356, -6.11687612534, 12.5018901825], [-48.4841842651, -141.618469238, 67.7761611938, 28.0716648102, -23.9133167267, 24.9140110016, 10.5317182541, 18.1346206665, 9.15654277802, 123.044120789, 26.4326591492, 38.2397613525, 18.4067287445], [-475.219024658, 242.140197754, -142.046066284, -30.9789829254, 27.1504478455, -57.7061080933, 46.1904144287, -42.716129303, 65.0258865356, 26.4326591492, 152.022567749, 33.8169937134, 36.6142234802], [9.6479434967, -190.99105835, 6.40069675446, 10.8534584045, -37.1863212585, 7.77316999435, -8.63180160522, -9.39588928223, -6.11687612534, 38.2397613525, 33.8169937134, 135.387557983, 41.4583892822], [-77.4651947021, 47.8970680237, -131.24697876, -3.96864914894, 8.00048160553, -38.0568275452, 15.7580165863, 8.54893302917, 12.5018901825, 18.4067287445, 36.6142234802, 41.4583892822, 112.051902771]],
        "icov": [[0.000221773283556, -3.83432707167e-005, 0.000228925127885, -0.000247109215707, 0.000217912413063, -6.91867244313e-005, 0.000153754735948, -0.000781464099418, 0.000445280398708, 4.16109214711e-005, 0.000357496435754, -0.000226051226491, 0.000338344660122], [-3.83432707167e-005, 0.00219381088391, -0.000339459278621, 0.00133513810579, -0.00224938243628, 0.00129100389313, -0.00163833773695, 0.00102823250927, -0.00184103904758, 0.00157187122386, -0.0017916681245, 0.00249390420504, -0.000953635084443], [0.000228925127885, -0.000339459278621, 0.00287279812619, -0.00169689732138, 6.60685982439e-005, -0.00187642697711, 0.000974471913651, -0.000981364166364, 0.000894103315659, -0.00153985759243, 0.00175075791776, -0.00123834516853, 0.00294329575263], [-0.000247109215707, 0.00133513810579, -0.00169689732138, 0.00407391740009, -0.0022624519188, 0.000670888402965, -0.00102952658199, 0.00141117896419, -0.00216297712177, 0.0010214226786, -0.00136742007453, 0.00167361041531, -0.00225718948059], [0.000217912413063, -0.00224938243628, 6.60685982439e-005, -0.0022624519188, 0.00680789165199, -0.00113757990766, 0.000358033459634, -0.00126791268121, 0.0011616202537, -0.00031943040085, 0.00158045568969, -0.00146329856943, 0.000231198704569], [-6.91867244313e-005, 0.00129100389313, -0.00187642697711, 0.000670888402965, -0.00113757990766, 0.007251475472, -0.00270338868722, -0.000918103265576, -0.000371490197722, 0.000925850064959, -0.000541157030966, 0.000750304432586, 9.10799280973e-006], [0.000153754735948, -0.00163833773695, 0.000974471913651, -0.00102952658199, 0.000358033459634, -0.00270338868722, 0.00724134547636, -0.00278814695776, 0.000902942498215, -0.00138082145713, -0.000316740566632, -0.0015495698899, 0.000965090992395], [-0.000781464099418, 0.00102823250927, -0.000981364166364, 0.00141117896419, -0.00126791268121, -0.000918103265576, -0.00278814695776, 0.00882757268846, -0.00284647219814, -9.71915142145e-005, -6.0358306655e-005, 0.00245314161293, -0.00313632446341], [0.000445280398708, -0.00184103904758, 0.000894103315659, -0.00216297712177, 0.0011616202537, -0.000371490197722, 0.000902942498215, -0.00284647219814, 0.0112964380533, -0.00164914282504, -0.001375855878, -0.00158819789067, 0.00199426640756], [4.16109214711e-005, 0.00157187122386, -0.00153985759243, 0.0010214226786, -0.00031943040085, 0.000925850064959, -0.00138082145713, -9.71915142145e-005, -0.00164914282504, 0.0116338254884, -0.00357231241651, 0.000277594255749, -0.00253424211405], [0.000357496435754, -0.0017916681245, 0.00175075791776, -0.00136742007453, 0.00158045568969, -0.000541157030966, -0.000316740566632, -6.0358306655e-005, -0.001375855878, -0.00357231241651, 0.0135688725859, -0.00478659151122, 0.000845306203701], [-0.000226051226491, 0.00249390420504, -0.00123834516853, 0.00167361041531, -0.00146329856943, 0.000750304432586, -0.0015495698899, 0.00245314161293, -0.00158819789067, 0.000277594255749, -0.00478659151122, 0.01317055244, -0.00540078198537], [0.000338344660122, -0.000953635084443, 0.00294329575263, -0.00225718948059, 0.000231198704569, 9.10799280973e-006, 0.000965090992395, -0.00313632446341, 0.00199426640756, -0.00253424211405, 0.000845306203701, -0.00540078198537, 0.0149395111948]]
    },
    "melbands": {
        "mean": [0.000301107647829, 0.000949196924921, 0.000946940097492, 0.00026238837745, 0.000507060904056, 0.000594264769461, 0.000404731894378, 0.000243889473495, 0.000379466917366, 0.000301991414744, 0.000192386083654, 8.56046972331e-005, 6.60612058709e-005, 2.87536458927e-005, 2.77348244708e-005, 2.95280315186e-005, 2.80215335806e-005, 1.47681821545e-005, 7.19103809388e-006, 4.49461640528e-006, 3.55656447937e-006, 5.82473830946e-006, 4.43461658506e-006, 2.46660079029e-006, 2.45956584877e-006, 4.19053321821e-006, 2.82606288238e-006, 2.00385625249e-006, 7.1058929052e-007, 3.98399748747e-007, 2.34335956861e-007, 1.81799023835e-007, 2.22669328309e-007, 3.14963642722e-007, 5.35615527042e-007, 4.61687761799e-007, 3.61744184829e-007, 2.85585315396e-007, 5.16644263371e-007, 4.72819152719e-007],
        "var": [6.1729843992e-007, 5.56701525056e-006, 6.6031575443e-006, 1.70228204865e-007, 5.67128438433e-007, 8.08494746707e-007, 4.75938662703e-007, 2.75363504443e-007, 1.15493878639e-006, 5.9205137859e-007, 3.72730426079e-007, 7.24274471509e-008, 3.24974749333e-008, 9.60104085124e-009, 3.7815750531e-009, 3.35795014017e-009, 4.58934623637e-009, 1.24955845671e-009, 2.76670575339e-010, 1.49800116755e-010, 6.08431152682e-011, 1.18896906209e-010, 6.47109033025e-011, 1.72738975901e-011, 2.93510250826e-011, 9.33336602449e-011, 3.32950264581e-011, 1.85141485476e-011, 2.14562590785e-012, 8.50543919149e-013, 2.84501101063e-013, 2.41416533032e-013, 5.24615995177e-013, 1.34953073022e-012, 4.43566277458e-012, 3.5991353127e-012, 2.24209388035e-012, 1.10622459543e-012, 1.01572422348e-011, 8.0507362929e-012]
    },
    "mfcc": {
        "mean": [-733.792358398, 161.93800354, 1.32729172707, 11.823636055, 1.57365918159, -11.6111068726, -3.07256174088, -9.31009483337, -15.9049291611, 4.18035316467, -2.4056429863, -2.17302918434, -4.43017435074],
        "cov": [[8328.19921875, -890.077819824, -358.560943604, 44.1540145874, -251.242721558, -397.265838623, 295.053894043, 386.245361328, 228.100830078, 269.108703613, -279.782104492, -138.352325439, 91.4587249756], [-890.077819824, 1721.55371094, -485.142730713, -49.0190849304, 24.6133804321, -89.1197891235, 3.83576917648, 38.847202301, -20.4016628265, 48.6580924988, 99.8294754028, 47.9187164307, 12.4444732666], [-358.560943604, -485.142730713, 777.295959473, 130.82421875, 148.787918091, 212.847854614, 65.3816146851, 57.1132507324, 71.6013870239, 27.0304660797, 26.7129402161, 50.8088493347, 64.3463287354], [44.1540145874, -49.0190849304, 130.82421875, 382.051940918, 127.674499512, 85.5279159546, 53.5295028687, 29.1111927032, 51.4756889343, 40.5943222046, -9.77508831024, 22.2768383026, 17.8313465118], [-251.242721558, 24.6133804321, 148.787918091, 127.674499512, 274.413238525, 78.4022445679, 16.6920471191, 32.6353492737, 39.0094947815, 21.5557327271, 7.46243858337, 7.70728445053, 8.57001781464], [-397.265838623, -89.1197891235, 212.847854614, 85.5279159546, 78.4022445679, 223.366287231, 56.6945075989, 23.5378417969, 32.4004402161, -13.1599168777, 30.5837841034, 27.2092571259, 0.836840867996], [295.053894043, 3.83576917648, 65.3816146851, 53.5295028687, 16.6920471191, 56.6945075989, 212.311553955, 93.5109786987, 88.6248779297, 50.0108833313, 14.040184021, 36.1069908142, 26.5845355988], [386.245361328, 38.847202301, 57.1132507324, 29.1111927032, 32.6353492737, 23.5378417969, 93.5109786987, 190.349517822, 78.6800079346, 53.869052887, 11.736995697, 30.3212203979, 49.2696380615], [228.100830078, -20.4016628265, 71.6013870239, 51.4756889343, 39.0094947815, 32.4004402161, 88.6248779297, 78.6800079346, 172.402587891, 49.6779174805, 9.72723007202, 37.2343635559, 14.0696525574], [269.108703613, 48.6580924988, 27.0304660797, 40.5943222046, 21.5557327271, -13.1599168777, 50.0108833313, 53.869052887, 49.6779174805, 150.139526367, 20.8081302643, 19.2834434509, 42.9610061646], [-279.782104492, 99.8294754028, 26.7129402161, -9.77508831024, 7.46243858337, 30.5837841034, 14.040184021, 11.736995697, 9.72723007202, 20.8081302643, 103.319923401, 31.0499706268, 3.78369760513], [-138.352325439, 47.9187164307, 50.8088493347, 22.2768383026, 7.70728445053, 27.2092571259, 36.1069908142, 30.3212203979, 37.2343635559, 19.2834434509, 31.0499706268, 94.2823867798, 43.2716560364], [91.4587249756, 12.4444732666, 64.3463287354, 17.8313465118, 8.57001781464, 0.836840867996, 26.5845355988, 49.2696380615, 14.0696525574, 42.9610061646, 3.78369760513, 43.2716560364, 120.005233765]],
        "icov": [[0.000214044324821, 0.000146724079968, 0.000131271634018, -7.01994504198e-005, 0.000136042755912, 0.000303808192257, -0.000203072457225, -0.000389670778532, -0.000111337241833, -0.000253221194725, 0.000342819548678, 0.000300307408907, -6.05526547588e-005], [0.000146724079968, 0.000945652020164, 0.000766498560552, -1.21706989376e-005, -0.000311854964821, 0.000176596775418, -0.000153582615894, -0.000452577747637, 0.000106134546513, -0.00030858637183, -0.000551810720935, -0.000207411590964, -0.000187981553609], [0.000131271634018, 0.000766498560552, 0.00256377947517, -6.32664377918e-005, -0.000721359974705, -0.00150945002679, 3.43042156601e-005, -0.000324445281876, -0.000301823980408, -0.000364077655831, -0.000332168448949, -0.00015907647321, -0.00112361484207], [-7.01994504198e-005, -1.21706989376e-005, -6.32664377918e-005, 0.00347541761585, -0.00132557889447, -0.000970587134361, -0.000295705569442, 0.000450855208328, -0.000198777095648, -0.000746093224734, 0.000888191745616, -0.000604398024734, 3.44474683516e-005], [0.000136042755912, -0.000311854964821, -0.000721359974705, -0.00132557889447, 0.00512928795069, -0.000671490386594, 0.000637087970972, -0.000731201900635, -0.000678067852277, -0.000405005674111, 0.000405248429161, 0.000962857913692, 0.000174386892468], [0.000303808192257, 0.000176596775418, -0.00150945002679, -0.000970587134361, -0.000671490386594, 0.00796164851636, -0.00190458993893, -0.000545462768059, 4.48368045909e-005, 0.00148618849926, -0.00129487062804, -0.000266560382443, 0.000941669277381], [-0.000203072457225, -0.000153582615894, 3.43042156601e-005, -0.000295705569442, 0.000637087970972, -0.00190458993893, 0.00756061030552, -0.00191652576905, -0.00201492360793, -0.000847736897413, -6.12005751464e-005, -0.00105104513932, 0.000196621549549], [-0.000389670778532, -0.000452577747637, -0.000324445281876, 0.000450855208328, -0.000731201900635, -0.000545462768059, -0.00191652576905, 0.00886128377169, -0.00201836647466, -0.000265049689915, -0.000688950123731, -1.653225263e-005, -0.00234743393958], [-0.000111337241833, 0.000106134546513, -0.000301823980408, -0.000198777095648, -0.000678067852277, 4.48368045909e-005, -0.00201492360793, -0.00201836647466, 0.00913147255778, -0.00154205353465, 0.000456630834378, -0.00295991171151, 0.00212270137854], [-0.000253221194725, -0.00030858637183, -0.000364077655831, -0.000746093224734, -0.000405005674111, 0.00148618849926, -0.000847736897413, -0.000265049689915, -0.00154205353465, 0.00955421291292, -0.00257731042802, 0.000882724125404, -0.00263033877127], [0.000342819548678, -0.000551810720935, -0.000332168448949, 0.000888191745616, 0.000405248429161, -0.00129487062804, -6.12005751464e-005, -0.000688950123731, 0.000456630834378, -0.00257731042802, 0.0132142575458, -0.00350974663161, 0.00183662201744], [0.000300307408907, -0.000207411590964, -0.00015907647321, -0.000604398024734, 0.000962857913692, -0.000266560382443, -0.00105104513932, -1.653225263e-005, -0.00295991171151, 0.000882724125404, -0.00350974663161, 0.0165389385074, -0.00568149564788], [-6.05526547588e-005, -0.000187981553609, -0.00112361484207, 3.44474683516e-005, 0.000174386892468, 0.000941669277381, 0.000196621549549, -0.00234743393958, 0.00212270137854, -0.00263033877127, 0.00183662201744, -0.00568149564788, 0.0125806685537]]
    },
    "spectral_contrast_coeffs": {
        "mean": [-0.588367879391, -0.65405601263, -0.710723519325, -0.741352617741, -0.766637265682, -0.798263788223],
        "var": [0.0102500813082, 0.00641603488475, 0.00571197830141, 0.00385312410071, 0.0027486726176, 0.00138352846261]
    },
    "spectral_contrast_valleys": {
        "mean": [-8.31104278564, -7.24216365814, -8.29078960419, -8.82978248596, -8.99290084839, -11.6794433594],
        "var": [1.56628847122, 1.27890777588, 1.30032074451, 1.20283854008, 1.61842525005, 2.06325507164]
    }
},
"metadata": {
    "audio_properties": {
        "analysis_sample_rate": 44100,
        "bit_rate": 128068,
        "equal_loudness": 0,
        "length": 45.0479812622,
        "lossless": 0,
        "replay_gain": -6.0482673645,
        "sample_rate": 48000,
        "codec": "mp3",
        "downmix": "mix",
        "md5_encoded": "c260084448d10c0af076a33b5218f213"
    },
    "tags": {
        "file_name": "1410.mp3"
    },
    "version": {
        "essentia": "2.1-beta2",
        "essentia_git_sha": "v2.1_beta2",
        "extractor": "music 1.0"
    }
},
"rhythm": {
    "beats_count": 94,
    "beats_loudness": {
        "mean": 0.0374017804861,
        "var": 0.00112258666195
    },
    "bpm": 125.982719421,
    "bpm_histogram_first_peak_bpm": {
        "mean": 126,
        "var": 0
    },
    "bpm_histogram_first_peak_spread": {
        "mean": 0.467391341925,
        "var": 0
    },
    "bpm_histogram_first_peak_weight": {
        "mean": 0.526881694794,
        "var": 0
    },
    "bpm_histogram_second_peak_bpm": {
        "mean": 133,
        "var": 0
    },
    "bpm_histogram_second_peak_spread": {
        "mean": 0,
        "var": 0
    },
    "bpm_histogram_second_peak_weight": {
        "mean": 0.010752688162,
        "var": 0
    },
    "danceability": 1.26035773754,
    "onset_rate": 4.34879732132,
    "beats_loudness_band_ratio": {
        "mean": [0.211376577616, 0.356646239758, 0.304952859879, 0.11539568007, 0.0387025699019, 0.0218491367996],
        "var": [0.0548839867115, 0.0426916778088, 0.0446891598403, 0.00727325025946, 0.000820731569547, 0.00035840034252]
    },
    "beats_position": [0.487619042397, 0.975238084793, 1.46285712719, 1.95047616959, 2.41487526894, 2.87927436829, 3.35528349876, 3.83129239082, 4.3073015213, 4.78331041336, 5.25931978226, 5.73532867432, 6.21133756638, 6.68734693527, 7.16335582733, 7.63936471939, 8.10376358032, 8.56816291809, 9.03256225586, 9.52018165588, 10.0078001022, 10.4838094711, 10.95981884, 11.4474372864, 11.9234466553, 12.3994560242, 12.8638544083, 13.328253746, 13.8042631149, 14.2802715302, 14.7678909302, 15.2555103302, 15.7315187454, 16.2075271606, 16.6719264984, 17.1595458984, 17.6355552673, 18.1115646362, 18.5991840363, 19.0751914978, 19.5512008667, 20.0156002045, 20.4799995422, 20.9560089111, 21.43201828, 21.8964176178, 22.3840351105, 22.8716545105, 23.3592739105, 23.8468933105, 24.3112926483, 24.7989120483, 25.2633094788, 25.7277088165, 26.2153282166, 26.6913375854, 27.1673469543, 27.6433563232, 28.1193637848, 28.5953731537, 29.0713825226, 29.5357818604, 30.0117912292, 30.4878005981, 30.9754180908, 31.4514274597, 31.9274368286, 32.4150543213, 32.8794555664, 33.3438529968, 33.8198623657, 34.2958717346, 34.7718811035, 35.2478904724, 35.7355079651, 36.211517334, 36.6759185791, 37.1287078857, 37.6163253784, 38.1039466858, 38.57995224, 39.0559616089, 39.5435829163, 40.0312004089, 40.4956016541, 40.9599990845, 41.4360084534, 41.9120178223, 42.3880271912, 42.8640365601, 43.340045929, 43.8160552979, 44.2920608521, 44.7680702209]
},
"tonal": {
    "chords_changes_rate": 0.0298353917897,
    "chords_number_rate": 0.00514403311536,
    "chords_strength": {
        "mean": 0.598268151283,
        "var": 0.00430920626968
    },
    "hpcp_entropy": {
        "mean": 1.65851438046,
        "var": 0.589895665646
    },
    "key_strength": 0.836140990257,
    "tuning_diatonic_strength": 0.627993047237,
    "tuning_equal_tempered_deviation": 0.0580215156078,
    "tuning_frequency": 438.984558105,
    "tuning_nontempered_energy_ratio": 0.698138415813,
    "hpcp": {
        "mean": [0.261964470148, 0.211162984371, 0.0439362414181, 0.0209410823882, 0.0241157952696, 0.0459240302444, 0.0812662914395, 0.0932624340057, 0.2591791749, 0.424258738756, 0.260087639093, 0.0744258761406, 0.0470131151378, 0.0658183991909, 0.11768065393, 0.143167674541, 0.102958261967, 0.0503382459283, 0.0286335665733, 0.0417846255004, 0.134272381663, 0.195740997791, 0.125705227256, 0.135997340083, 0.235463827848, 0.173916995525, 0.0634478330612, 0.0571478046477, 0.072533659637, 0.163087621331, 0.258770167828, 0.166665971279, 0.0436063185334, 0.0214946065098, 0.0226346235722, 0.0981335788965],
        "var": [0.124588057399, 0.089043751359, 0.00671209162101, 0.006192763336, 0.00742099992931, 0.0135522214696, 0.0235774703324, 0.0258614048362, 0.0695991739631, 0.136549636722, 0.073000639677, 0.0312369465828, 0.0221834555268, 0.0285617876798, 0.0637298896909, 0.0717011094093, 0.0513060167432, 0.0217384062707, 0.00970616843551, 0.0130522763357, 0.0599238015711, 0.086738280952, 0.0392000451684, 0.0491936206818, 0.120858252048, 0.07406783849, 0.0222092345357, 0.018925640732, 0.0202212743461, 0.0567947812378, 0.113104254007, 0.0594866685569, 0.0109157580882, 0.00393015472218, 0.00486252130941, 0.0198884550482]
    },
    "chords_histogram": [40.2263374329, 8.95061683655, 48.3539085388, 0, 1.02880656719, 0, 0, 0, 0, 0, 0, 0, 0, 0, 0, 0, 0, 0, 0, 0, 0, 0.102880656719, 0, 1.33744859695],
    "thpcp": [1, 0.613040149212, 0.175425678492, 0.110812366009, 0.155137404799, 0.277379453182, 0.337453693151, 0.242678001523, 0.118649877608, 0.0674908086658, 0.0984885469079, 0.316487014294, 0.46137174964, 0.296293795109, 0.320552825928, 0.555000543594, 0.409931451082, 0.149549856782, 0.134700357914, 0.170965626836, 0.384406030178, 0.609934806824, 0.392840385437, 0.10278236866, 0.0506639108062, 0.0533509887755, 0.231305971742, 0.617463946342, 0.497722178698, 0.103560015559, 0.0493592247367, 0.0568421892822, 0.108245335519, 0.191548898816, 0.219824433327, 0.610898852348],
    "chords_key": "C",
    "chords_scale": "major",
    "key_key": "F",
    "key_scale": "major"
}
}