{
"lowlevel": {
    "average_loudness": 0.96921312809,
    "barkbands_crest": {
        "mean": 8.99687480927,
        "var": 7.87116241455
    },
    "barkbands_flatness_db": {
        "mean": 0.187113434076,
        "var": 0.00191591598559
    },
    "barkbands_kurtosis": {
        "mean": 5.03943347931,
        "var": 26.2635478973
    },
    "barkbands_skewness": {
        "mean": 1.90177643299,
        "var": 0.795856356621
    },
    "barkbands_spread": {
        "mean": 13.8597049713,
        "var": 103.647293091
    },
    "dissonance": {
        "mean": 0.449428766966,
        "var": 0.000824227230623
    },
    "dynamic_complexity": 1.2764210701,
    "erbbands_crest": {
        "mean": 8.86725521088,
        "var": 10.9852457047
    },
    "erbbands_flatness_db": {
        "mean": 0.200450018048,
        "var": 0.00105523038656
    },
    "erbbands_kurtosis": {
        "mean": -0.190422937274,
        "var": 1.47250902653
    },
    "erbbands_skewness": {
        "mean": 0.443500310183,
        "var": 0.343065142632
    },
    "erbbands_spread": {
        "mean": 36.1454048157,
        "var": 177.587966919
    },
    "hfc": {
        "mean": 20.7735404968,
        "var": 374.031585693
    },
    "melbands_crest": {
        "mean": 13.0100240707,
        "var": 13.2190675735
    },
    "melbands_flatness_db": {
        "mean": 0.253464519978,
        "var": 0.00357625959441
    },
    "melbands_kurtosis": {
        "mean": 12.819475174,
        "var": 137.046844482
    },
    "melbands_skewness": {
        "mean": 2.78467202187,
        "var": 1.44788372517
    },
    "melbands_spread": {
        "mean": 15.4772062302,
        "var": 288.093658447
    },
    "pitch_salience": {
        "mean": 0.577247142792,
        "var": 0.00735276052728
    },
    "silence_rate_20dB": {
        "mean": 1,
        "var": 0
    },
    "silence_rate_30dB": {
        "mean": 1,
        "var": 0
    },
    "silence_rate_60dB": {
        "mean": 0.00154479919001,
        "var": 0.00154241069686
    },
    "spectral_centroid": {
        "mean": 844.009643555,
        "var": 216832.828125
    },
    "spectral_complexity": {
        "mean": 19.6570549011,
        "var": 22.9338912964
    },
    "spectral_decrease": {
        "mean": -1.02978781058e-008,
        "var": 1.8683978482e-017
    },
    "spectral_energy": {
        "mean": 0.0407507680357,
        "var": 0.000272728182608
    },
    "spectral_energyband_high": {
        "mean": 0.000462218245957,
        "var": 5.14241219207e-006
    },
    "spectral_energyband_low": {
        "mean": 0.0128939822316,
        "var": 0.000112043097033
    },
    "spectral_energyband_middle_high": {
        "mean": 0.00446805916727,
        "var": 7.07520666765e-006
    },
    "spectral_energyband_middle_low": {
        "mean": 0.0263417474926,
        "var": 0.000169839346199
    },
    "spectral_entropy": {
        "mean": 7.07879924774,
        "var": 0.144635930657
    },
    "spectral_flux": {
        "mean": 0.0815584138036,
        "var": 0.000999797135592
    },
    "spectral_kurtosis": {
        "mean": 7.87474441528,
        "var": 21.5456542969
    },
    "spectral_rms": {
        "mean": 0.00615410413593,
        "var": 1.88379283372e-006
    },
    "spectral_rolloff": {
        "mean": 958.804382324,
        "var": 1900552.125
    },
    "spectral_skewness": {
        "mean": 1.91960608959,
        "var": 0.255707710981
    },
    "spectral_spread": {
        "mean": 3204551,
        "var": 2.85301617459e+012
    },
    "spectral_strongpeak": {
        "mean": 1.00930202007,
        "var": 0.678023576736
    },
    "zerocrossingrate": {
        "mean": 0.0404064059258,
        "var": 0.00124091503676
    },
    "barkbands": {
        "mean": [3.27214111167e-005, 0.00157229346223, 0.0079063680023, 0.00647683255374, 0.00785258598626, 0.00459061097354, 0.00390207418241, 0.00229071383364, 0.00116252992302, 0.000371704285499, 0.000520596746355, 0.000673631788231, 0.00054941570852, 0.00049901305465, 0.000331605144311, 0.000575192621909, 0.00032789222314, 0.000336418976076, 0.000285055604763, 5.7325756643e-005, 6.21005165158e-005, 6.34139942122e-005, 7.10056410753e-005, 0.000118187053886, 0.000115572031063, 5.86895293964e-006, 5.06879693773e-008],
        "var": [2.6854902746e-009, 5.53116615265e-006, 5.25658469996e-005, 3.21018669638e-005, 3.7958710891e-005, 4.59397415398e-005, 2.39378514379e-005, 1.19258975246e-005, 1.95952657123e-006, 2.80869784319e-007, 4.27180708584e-007, 1.3204202105e-006, 9.47400621953e-007, 4.14525260339e-007, 3.2148980722e-007, 4.95674328249e-007, 1.04333331308e-007, 3.19813409533e-007, 2.81940458535e-007, 1.84517947588e-008, 6.22965643515e-008, 5.57384076671e-008, 8.55653752296e-008, 5.18372530678e-007, 5.96338963987e-007, 1.22345011899e-009, 8.59456210085e-014]
    },
    "erbbands": {
        "mean": [0.0205759312958, 0.536809146404, 6.42230796814, 18.3674201965, 25.1264972687, 22.26288414, 36.9277420044, 38.346446991, 43.9039878845, 62.2766838074, 46.1020584106, 29.959936142, 15.659154892, 19.5980644226, 20.0754375458, 23.9195747375, 26.7503318787, 26.8642349243, 15.999669075, 26.0870361328, 30.0752868652, 19.8800182343, 16.7756900787, 20.0007343292, 9.2751455307, 2.76160931587, 2.78976869583, 1.99788355827, 2.02499771118, 2.46048951149, 1.940736413, 1.79779148102, 2.51747894287, 2.0746216774, 0.260480493307, 0.0509342588484, 0.00661919778213, 0.000559288135264, 3.95582719648e-005, 4.8944264563e-005],
        "var": [0.000482684437884, 0.455002814531, 32.2182502747, 234.74005127, 631.31652832, 499.054229736, 2977.66357422, 3693.89428711, 2425.22143555, 5561.84716797, 4461.75488281, 1598.28552246, 304.329742432, 618.733276367, 876.090637207, 989.739379883, 1872.37585449, 1278.29431152, 254.126052856, 2153.82666016, 1147.18395996, 319.022674561, 621.602416992, 1786.83825684, 145.793838501, 42.880153656, 142.285614014, 43.0331573486, 55.5750732422, 87.1149597168, 65.5509567261, 86.9817886353, 269.426757813, 199.141448975, 2.25181102753, 0.0893520712852, 0.0014922763221, 9.21407900023e-006, 1.22712870976e-008, 6.1125654538e-010]
    },
    "gfcc": {
        "mean": [-8.02887248993, 146.919967651, -132.583984375, 30.3879642487, -54.7773590088, -1.80441617966, -49.0070152283, -1.0072760582, -15.9204092026, -17.9372673035, -9.10183429718, -13.1293354034, -16.7827644348],
        "cov": [[2116.60644531, -610.146484375, 79.5530471802, 182.762069702, -490.529571533, 285.518829346, -147.93460083, 11.4096231461, -73.4144668579, 152.254623413, -3.1410806179, 15.5717287064, 3.14686131477], [-610.146484375, 1102.79968262, -135.395675659, -66.1859130859, 456.614318848, -275.076019287, 185.376083374, -95.6109466553, 120.138999939, -224.214691162, 67.3679656982, -60.093963623, 0.868266522884], [79.5530471802, -135.395675659, 360.772460938, 103.468101501, -42.4375076294, 136.649856567, -6.78447151184, 45.0623588562, -10.4695978165, 64.3688278198, -18.2572212219, -24.4231758118, 19.4097595215], [182.762069702, -66.1859130859, 103.468101501, 226.041122437, 34.0028610229, 1.8746945858, 4.15444087982, -36.2245292664, 14.0730457306, 4.16944646835, -14.584731102, 13.9685716629, 14.3442497253], [-490.529571533, 456.614318848, -42.4375076294, 34.0028610229, 435.969787598, -174.532653809, 50.8117523193, 7.88126945496, 28.8667984009, -97.4790115356, 2.06301999092, -42.7105560303, 1.9448043108], [285.518829346, -275.076019287, 136.649856567, 1.8746945858, -174.532653809, 269.397735596, 12.3276119232, 61.7716217041, -10.7672548294, 55.8582839966, -1.26102507114, -10.3160219193, -12.6088380814], [-147.93460083, 185.376083374, -6.78447151184, 4.15444087982, 50.8117523193, 12.3276119232, 190.589477539, 11.0325975418, 27.1849536896, -43.3602180481, -7.21912336349, 0.303931295872, -39.4641647339], [11.4096231461, -95.6109466553, 45.0623588562, -36.2245292664, 7.88126945496, 61.7716217041, 11.0325975418, 176.268356323, -2.04559373856, 13.260014534, 0.426042586565, -28.3530578613, -17.2092323303], [-73.4144668579, 120.138999939, -10.4695978165, 14.0730457306, 28.8667984009, -10.7672548294, 27.1849536896, -2.04559373856, 79.911315918, -16.811378479, 4.24765396118, -2.25001382828, -0.460779875517], [152.254623413, -224.214691162, 64.3688278198, 4.16944646835, -97.4790115356, 55.8582839966, -43.3602180481, 13.260014534, -16.811378479, 139.241531372, -7.74904155731, -2.83732628822, 7.78238344193], [-3.1410806179, 67.3679656982, -18.2572212219, -14.584731102, 2.06301999092, -1.26102507114, -7.21912336349, 0.426042586565, 4.24765396118, -7.74904155731, 74.6746902466, -5.11321592331, -4.38368463516], [15.5717287064, -60.093963623, -24.4231758118, 13.9685716629, -42.7105560303, -10.3160219193, 0.303931295872, -28.3530578613, -2.25001382828, -2.83732628822, -5.11321592331, 74.1480255127, 1.94506764412], [3.14686131477, 0.868266522884, 19.4097595215, 14.3442497253, 1.9448043108, -12.6088380814, -39.4641647339, -17.2092323303, -0.460779875517, 7.78238344193, -4.38368463516, 1.94506764412, 84.0735168457]],
        "icov": [[0.00114581407979, -0.00143191090319, 0.00114951294381, -0.00243930728175, 0.00193828903139, -0.00143266981468, 0.00161365163513, -0.00117054523434, 0.0020083184354, -0.00120380008593, 0.00102110137232, -2.93420853268e-005, 0.000557205697987], [-0.00143191090319, 0.00812111608684, -0.0032384772785, 0.00683821970597, -0.00605220440775, 0.00493148714304, -0.00649184221402, 0.00545664411038, -0.00827572308481, 0.00605264073238, -0.00606169598177, 0.00346879009157, -0.0025020125322], [0.00114951294381, -0.0032384772785, 0.00631834426895, -0.00565107911825, 0.00252049346454, -0.00453168107197, 0.00282427272759, -0.00295747024938, 0.00423868140206, -0.00380224338733, 0.00292909890413, 0.000143633500556, 2.88558749162e-006], [-0.00243930728175, 0.00683821970597, -0.00565107911825, 0.0134264910594, -0.00706689897925, 0.00502160005271, -0.00604660343379, 0.00635726144537, -0.00883517973125, 0.00526641495526, -0.00443153223023, 0.000437112757936, -0.00236294791102], [0.00193828903139, -0.00605220440775, 0.00252049346454, -0.00706689897925, 0.00968851614743, -0.0012424326269, 0.00443075643852, -0.0052510430105, 0.00636197067797, -0.00272630131803, 0.0044428142719, 0.000581371423323, 0.00171371502802], [-0.00143266981468, 0.00493148714304, -0.00453168107197, 0.00502160005271, -0.0012424326269, 0.010652451776, -0.00539843039587, 0.00167033215985, -0.00536664854735, 0.00371058867313, -0.00411780830473, 0.00300841149874, -0.00103084254079], [0.00161365163513, -0.00649184221402, 0.00282427272759, -0.00604660343379, 0.00443075643852, -0.00539843039587, 0.0122914202511, -0.00439289212227, 0.00499985646456, -0.00324427639134, 0.0058930804953, -0.00315849413164, 0.00505260936916], [-0.00117054523434, 0.00545664411038, -0.00295747024938, 0.00635726144537, -0.0052510430105, 0.00167033215985, -0.00439289212227, 0.0108875939623, -0.00581444660202, 0.00367979402654, -0.00383910932578, 0.00359896803275, -0.000531779427547], [0.0020083184354, -0.00827572308481, 0.00423868140206, -0.00883517973125, 0.00636197067797, -0.00536664854735, 0.00499985646456, -0.00581444660202, 0.0225154161453, -0.0056430096738, 0.00516683561727, -0.00261571025476, 0.00171955581754], [-0.00120380008593, 0.00605264073238, -0.00380224338733, 0.00526641495526, -0.00272630131803, 0.00371058867313, -0.00324427639134, 0.00367979402654, -0.0056430096738, 0.0143733080477, -0.00366661092266, 0.00345362699591, -0.00182074855547], [0.00102110137232, -0.00606169598177, 0.00292909890413, -0.00443153223023, 0.0044428142719, -0.00411780830473, 0.0058930804953, -0.00383910932578, 0.00516683561727, -0.00366661092266, 0.0185287687927, -0.0016110248398, 0.00273538660258], [-2.93420853268e-005, 0.00346879009157, 0.000143633500556, 0.000437112757936, 0.000581371423323, 0.00300841149874, -0.00315849413164, 0.00359896803275, -0.00261571025476, 0.00345362699591, -0.0016110248398, 0.0183871760964, -0.00129406538326], [0.000557205697987, -0.0025020125322, 2.88558749162e-006, -0.00236294791102, 0.00171371502802, -0.00103084254079, 0.00505260936916, -0.000531779427547, 0.00171955581754, -0.00182074855547, 0.00273538660258, -0.00129406538326, 0.0147209595889]]
    },
    "melbands": {
        "mean": [0.00028888619272, 0.00255219032988, 0.00350159755908, 0.00157570000738, 0.00125893158838, 0.000847957562655, 0.00074096856406, 0.000668552878778, 0.000318767735735, 0.000185698634596, 7.23530465621e-005, 7.7085729572e-005, 7.06331557012e-005, 6.88158688718e-005, 6.34417301626e-005, 5.54858197575e-005, 5.04041818203e-005, 2.6345887818e-005, 2.46866584348e-005, 4.40952644567e-005, 3.10236064252e-005, 2.17499255086e-005, 1.35274958666e-005, 1.68528113136e-005, 1.65903038578e-005, 8.08043023426e-006, 3.47657510247e-006, 1.43141471654e-006, 1.75672039404e-006, 1.5227054746e-006, 1.01335228919e-006, 9.76915089268e-007, 1.51091546741e-006, 1.31342278564e-006, 1.13489295472e-006, 9.96688186206e-007, 1.1850794408e-006, 1.52385803176e-006, 2.5736878797e-006, 1.40763438594e-006],
        "var": [1.55183343509e-007, 5.00811165693e-006, 7.47679132473e-006, 1.765332172e-006, 2.56705584434e-006, 1.59716898906e-006, 7.10836332019e-007, 5.92904541463e-007, 2.30739459539e-007, 6.38351949078e-008, 7.45915595957e-009, 9.90776172216e-009, 8.06773670092e-009, 1.98180014621e-008, 8.43739300649e-009, 9.32249477614e-009, 5.51513901215e-009, 9.17940390366e-010, 1.73548442284e-009, 4.1983421184e-009, 1.29292843098e-009, 4.73533712242e-010, 2.69831934574e-010, 1.06259578914e-009, 1.45895295844e-009, 1.49125600757e-010, 2.61579022331e-011, 2.20627908304e-011, 6.36355065864e-011, 4.2529854638e-011, 8.11573117737e-012, 1.24844553098e-011, 3.59864603394e-011, 2.62189003147e-011, 2.20788509003e-011, 2.01889442664e-011, 4.34275844452e-011, 9.14924525031e-011, 3.57496393599e-010, 8.50927592277e-011]
    },
    "mfcc": {
        "mean": [-643.625305176, 167.408233643, -12.4431085587, 24.4836883545, 11.7316026688, -5.59450912476, -15.5642251968, 6.91242599487, -14.7419214249, -1.82959902287, -1.98518717289, -4.7501502037, -2.33019375801],
        "cov": [[1674.36706543, -814.137878418, 402.930969238, -213.926467896, -201.497909546, 96.2590179443, -31.0917472839, -135.020309448, -14.0907869339, -37.8986091614, 24.5541744232, 105.985771179, -14.9351587296], [-814.137878418, 1203.0065918, -453.936065674, 250.931427002, 156.159622192, -49.2799911499, 8.95042037964, 168.365905762, -38.3310470581, 33.1007881165, -15.3233270645, -67.2822570801, -0.413746267557], [402.930969238, -453.936065674, 535.484619141, -144.811950684, -54.6838226318, 85.3007736206, 54.8000221252, -67.9878768921, 65.2060546875, 13.8005037308, 14.0429439545, 97.0255050659, 13.6350736618], [-213.926467896, 250.931427002, -144.811950684, 365.01776123, 82.3669128418, 47.5063476563, -44.1798934937, 39.3080253601, -9.31968975067, -6.09989261627, -25.5995635986, -60.4048881531, 6.47666692734], [-201.497909546, 156.159622192, -54.6838226318, 82.3669128418, 280.782806396, -62.3142547607, 34.7862854004, -12.9713525772, 18.4672832489, 35.6989173889, -9.10464954376, -57.2530212402, 6.70533180237], [96.2590179443, -49.2799911499, 85.3007736206, 47.5063476563, -62.3142547607, 186.478057861, -17.6758346558, 16.3729610443, -8.8301115036, 1.48815643787, -15.7797355652, 23.3760948181, 5.36011791229], [-31.0917472839, 8.95042037964, 54.8000221252, -44.1798934937, 34.7862854004, -17.6758346558, 153.977737427, 16.8281059265, 43.3340339661, 29.3151702881, 30.5531826019, 40.5796012878, -5.05829668045], [-135.020309448, 168.365905762, -67.9878768921, 39.3080253601, -12.9713525772, 16.3729610443, 16.8281059265, 228.050628662, -25.1231784821, 48.4378471375, 13.9264173508, -20.0535793304, 11.44672966], [-14.0907869339, -38.3310470581, 65.2060546875, -9.31968975067, 18.4672832489, -8.8301115036, 43.3340339661, -25.1231784821, 124.881851196, 17.4171123505, 2.72770118713, 11.7179956436, 5.12341880798], [-37.8986091614, 33.1007881165, 13.8005037308, -6.09989261627, 35.6989173889, 1.48815643787, 29.3151702881, 48.4378471375, 17.4171123505, 111.208122253, 22.3217144012, 1.08182382584, 3.19475460052], [24.5541744232, -15.3233270645, 14.0429439545, -25.5995635986, -9.10464954376, -15.7797355652, 30.5531826019, 13.9264173508, 2.72770118713, 22.3217144012, 108.357048035, 26.3671989441, -0.306330919266], [105.985771179, -67.2822570801, 97.0255050659, -60.4048881531, -57.2530212402, 23.3760948181, 40.5796012878, -20.0535793304, 11.7179956436, 1.08182382584, 26.3671989441, 115.910774231, -13.5633153915], [-14.9351587296, -0.413746267557, 13.6350736618, 6.47666692734, 6.70533180237, 5.36011791229, -5.05829668045, 11.44672966, 5.12341880798, 3.19475460052, -0.306330919266, -13.5633153915, 73.6425857544]],
        "icov": [[0.000979181146249, 0.000488960649818, -0.000249092001468, 7.22753393347e-005, 0.000226229341934, -0.000169910475961, 0.000191508413991, 0.000157507369295, 0.000334600772476, 5.88886950936e-006, -0.000132964312797, -0.000244934664806, 0.000152335836901], [0.000488960649818, 0.00177261652425, 0.00105912948493, -0.000451154483017, -0.000515971682034, -0.00014540166012, -0.000152292122948, -0.000702516757883, 7.7951233834e-005, -4.31116714026e-005, 0.000188209989574, -0.000890643510502, -5.78058243264e-005], [-0.000249092001468, 0.00105912948493, 0.0038978299126, 0.000662625592668, -0.000760788097978, -0.00159880227875, -0.000467308505904, -4.73744512419e-006, -0.00127044320107, -0.000264349393547, 0.000264815171249, -0.00200461386703, -0.000938503420912], [7.22753393347e-005, -0.000451154483017, 0.000662625592668, 0.00415548542514, -0.00125487917103, -0.00196642894298, 0.000968009233475, -0.000304189830786, -0.000690722663421, 0.000736560497899, -0.000130790067487, 0.000766931276303, 5.19408895343e-005], [0.000226229341934, -0.000515971682034, -0.000760788097978, -0.00125487917103, 0.00570520479232, 0.0017582019791, -0.00181312148925, 0.00151238869876, 0.000401864002924, -0.00195810175501, 0.000468696671305, 0.00268884142861, -0.000158693888807], [-0.000169910475961, -0.00014540166012, -0.00159880227875, -0.00196642894298, 0.0017582019791, 0.00759900175035, 0.00039355296758, -0.000469640333904, 0.000865297741257, -0.000875800964423, 0.00134757568594, -0.000927375629544, -0.000366869586287], [0.000191508413991, -0.000152292122948, -0.000467308505904, 0.000968009233475, -0.00181312148925, 0.00039355296758, 0.00957732275128, -0.00134934764355, -0.00263832090423, -0.000420722732088, -0.00145117321517, -0.00325359054841, 0.000639921519905], [0.000157507369295, -0.000702516757883, -4.73744512419e-006, -0.000304189830786, 0.00151238869876, -0.000469640333904, -0.00134934764355, 0.00621815677732, 0.0015214108862, -0.00273042335175, -0.000423253281042, 0.00155680172611, -0.000809535558801], [0.000334600772476, 7.7951233834e-005, -0.00127044320107, -0.000690722663421, 0.000401864002924, 0.000865297741257, -0.00263832090423, 0.0015214108862, 0.0101012317464, -0.0015858351253, 0.000611692201346, 0.000425508158514, -0.000706050544977], [5.88886950936e-006, -4.31116714026e-005, -0.000264349393547, 0.000736560497899, -0.00195810175501, -0.000875800964423, -0.000420722732088, -0.00273042335175, -0.0015858351253, 0.0116603337228, -0.00197983928956, -1.37586785058e-005, 0.000216374377487], [-0.000132964312797, 0.000188209989574, 0.000264815171249, -0.000130790067487, 0.000468696671305, 0.00134757568594, -0.00145117321517, -0.000423253281042, 0.000611692201346, -0.00197983928956, 0.0108561962843, -0.00224320171401, -0.000562741071917], [-0.000244934664806, -0.000890643510502, -0.00200461386703, 0.000766931276303, 0.00268884142861, -0.000927375629544, -0.00325359054841, 0.00155680172611, 0.000425508158514, -1.37586785058e-005, -0.00224320171401, 0.0140552744269, 0.00215657101944], [0.000152335836901, -5.78058243264e-005, -0.000938503420912, 5.19408895343e-005, -0.000158693888807, -0.000366869586287, 0.000639921519905, -0.000809535558801, -0.000706050544977, 0.000216374377487, -0.000562741071917, 0.00215657101944, 0.0144243901595]]
    },
    "spectral_contrast_coeffs": {
        "mean": [-0.524305641651, -0.678753972054, -0.757025957108, -0.742191433907, -0.726945161819, -0.760506868362],
        "var": [0.00546585163102, 0.0055217333138, 0.00306541798636, 0.00173620285932, 0.00216211657971, 0.00257230224088]
    },
    "spectral_contrast_valleys": {
        "mean": [-7.24036884308, -6.31940937042, -7.17277574539, -7.58771848679, -8.00407123566, -10.9727306366],
        "var": [0.656514763832, 0.377464562654, 0.376290947199, 0.348252415657, 0.440791606903, 1.11343085766]
    }
},
"metadata": {
    "audio_properties": {
        "analysis_sample_rate": 44100,
        "bit_rate": 128074,
        "equal_loudness": 0,
        "length": 45.0612258911,
        "lossless": 0,
        "replay_gain": -5.44585800171,
        "sample_rate": 44100,
        "codec": "mp3",
        "downmix": "mix",
        "md5_encoded": "ddbd7d11a8f2baec5ceb0ddcba8862b7"
    },
    "tags": {
        "file_name": "1411.mp3"
    },
    "version": {
        "essentia": "2.1-beta2",
        "essentia_git_sha": "v2.1_beta2",
        "extractor": "music 1.0"
    }
},
"rhythm": {
    "beats_count": 89,
    "beats_loudness": {
        "mean": 0.0435664765537,
        "var": 0.000240068635321
    },
    "bpm": 120.008262634,
    "bpm_histogram_first_peak_bpm": {
        "mean": 120,
        "var": 0
    },
    "bpm_histogram_first_peak_spread": {
        "mean": 0.385542154312,
        "var": 0
    },
    "bpm_histogram_first_peak_weight": {
        "mean": 0.57954543829,
        "var": 0
    },
    "bpm_histogram_second_peak_bpm": {
        "mean": 115,
        "var": 0
    },
    "bpm_histogram_second_peak_spread": {
        "mean": 0,
        "var": 0
    },
    "bpm_histogram_second_peak_weight": {
        "mean": 0.0568181835115,
        "var": 0
    },
    "danceability": 1.13515985012,
    "onset_rate": 2.26256680489,
    "beats_loudness_band_ratio": {
        "mean": [0.460843086243, 0.253679782152, 0.19745567441, 0.0660668611526, 0.051869917661, 0.0197185054421],
        "var": [0.0545332618058, 0.0237581543624, 0.0238395966589, 0.00382247194648, 0.00206265947782, 0.00502386922017]
    },
    "beats_position": [0.510838985443, 1.03328800201, 1.55573689938, 2.06657600403, 2.57741498947, 3.09986400604, 3.62231278419, 4.13315200806, 4.62077093124, 5.13160991669, 5.630838871, 6.13006782532, 6.62929677963, 7.12852573395, 7.6277551651, 8.12698364258, 8.62621307373, 9.12544155121, 9.62467098236, 10.1239004135, 10.6347389221, 11.1455783844, 11.656416893, 12.1556463242, 12.6548748016, 13.1424942017, 13.6417226791, 14.1409521103, 14.6401815414, 15.1394100189, 15.6386394501, 16.1378688812, 16.637096405, 17.1363258362, 17.6355552673, 18.1347846985, 18.6340141296, 19.1332416534, 19.6440811157, 20.1433105469, 20.6541500092, 21.153377533, 21.6526069641, 22.1518363953, 22.6626758575, 23.1735134125, 23.6611328125, 24.1487522125, 24.6363716125, 25.1356010437, 25.6348285675, 26.1224479675, 26.6100673676, 27.0976867676, 27.5853061676, 28.0729255676, 28.5721530914, 29.0713825226, 29.5706119537, 30.0698413849, 30.5690689087, 31.079908371, 31.5907478333, 32.1015853882, 32.6008148193, 33.111656189, 33.6224937439, 34.1449432373, 34.6557807922, 35.1666221619, 35.6658477783, 36.1534690857, 36.6643066406, 37.1635360718, 37.6627655029, 38.1619949341, 38.6612243652, 39.1604537964, 39.6596832275, 40.1473007202, 40.6349182129, 41.134147644, 41.6333770752, 42.1326065063, 42.6318359375, 43.1310653687, 43.6302947998, 44.129524231, 44.6287536621]
},
"tonal": {
    "chords_changes_rate": 0.0493827164173,
    "chords_number_rate": 0.0102880662307,
    "chords_strength": {
        "mean": 0.582749068737,
        "var": 0.0121595570818
    },
    "hpcp_entropy": {
        "mean": 1.96311569214,
        "var": 0.498686701059
    },
    "key_strength": 0.8309918046,
    "tuning_diatonic_strength": 0.696158587933,
    "tuning_equal_tempered_deviation": 0.0833929255605,
    "tuning_frequency": 440.763122559,
    "tuning_nontempered_energy_ratio": 0.742574512959,
    "hpcp": {
        "mean": [0.0490528047085, 0.0675717890263, 0.1719712466, 0.234780654311, 0.169294819236, 0.189092248678, 0.248161256313, 0.166721537709, 0.0857826992869, 0.083277232945, 0.0991317555308, 0.233111068606, 0.388262420893, 0.289493083954, 0.105837978423, 0.0559805929661, 0.0788352116942, 0.119700796902, 0.106304749846, 0.0571353919804, 0.0374408848584, 0.0372755117714, 0.0662664249539, 0.135090783238, 0.151901558042, 0.118322439492, 0.217887073755, 0.36836540699, 0.281986176968, 0.110499642789, 0.0505747981369, 0.0408484041691, 0.0673088952899, 0.0806118994951, 0.055559925735, 0.0436820797622],
        "var": [0.0144862011075, 0.0178436785936, 0.0551111735404, 0.0830850750208, 0.0512145236135, 0.0694350302219, 0.119199968874, 0.0696766600013, 0.034122467041, 0.03607827425, 0.0337207578123, 0.0821845382452, 0.156621217728, 0.107709534466, 0.0409972257912, 0.0183337330818, 0.0357158444822, 0.0580790005624, 0.0414390861988, 0.0129854809493, 0.0125387627631, 0.0124925756827, 0.0224114134908, 0.0461530983448, 0.0516051463783, 0.0353927351534, 0.0658739581704, 0.134260937572, 0.0904190912843, 0.0280817802995, 0.0131211141124, 0.00805181544274, 0.0140897622332, 0.0187724102288, 0.0114424806088, 0.0111195798963]
    },
    "chords_histogram": [39.4032936096, 16.6666660309, 4.32098770142, 0, 0, 0, 2.16049385071, 0, 3.60082316399, 0, 0, 0.925925910473, 0, 2.67489719391, 0.205761313438, 0.514403283596, 1.02880656719, 1.13168728352, 0, 0, 0, 0, 25.8230457306, 1.54320991039],
    "thpcp": [1, 0.745611906052, 0.272593915462, 0.144182369113, 0.20304620266, 0.308298707008, 0.273796141148, 0.147156640887, 0.0964319035411, 0.0960059762001, 0.170674324036, 0.347936809063, 0.391234248877, 0.304748624563, 0.561185061932, 0.948753714561, 0.726277291775, 0.284600406885, 0.13025932014, 0.105208232999, 0.173359289765, 0.207622200251, 0.143098905683, 0.112506583333, 0.126339301467, 0.174036383629, 0.442925304174, 0.604695796967, 0.436031937599, 0.487021774054, 0.639158546925, 0.429404258728, 0.220939993858, 0.214486971498, 0.255321532488, 0.600395679474],
    "chords_key": "F#",
    "chords_scale": "major",
    "key_key": "F#",
    "key_scale": "major"
}
}