{
"lowlevel": {
    "average_loudness": 0.969800770283,
    "barkbands_crest": {
        "mean": 11.2716302872,
        "var": 11.7185974121
    },
    "barkbands_flatness_db": {
        "mean": 0.224919691682,
        "var": 0.00293516553938
    },
    "barkbands_kurtosis": {
        "mean": 16.2005386353,
        "var": 227.291702271
    },
    "barkbands_skewness": {
        "mean": 2.90828347206,
        "var": 1.4909324646
    },
    "barkbands_spread": {
        "mean": 7.60663843155,
        "var": 53.509098053
    },
    "dissonance": {
        "mean": 0.424603998661,
        "var": 0.00155006651767
    },
    "dynamic_complexity": 0.955278873444,
    "erbbands_crest": {
        "mean": 10.7071666718,
        "var": 21.2730007172
    },
    "erbbands_flatness_db": {
        "mean": 0.203293591738,
        "var": 0.00148517626803
    },
    "erbbands_kurtosis": {
        "mean": 3.01215004921,
        "var": 42.0910491943
    },
    "erbbands_skewness": {
        "mean": 1.30481755733,
        "var": 1.17807126045
    },
    "erbbands_spread": {
        "mean": 31.3904361725,
        "var": 305.114532471
    },
    "hfc": {
        "mean": 15.7330188751,
        "var": 84.4655914307
    },
    "melbands_crest": {
        "mean": 16.49310112,
        "var": 24.6875782013
    },
    "melbands_flatness_db": {
        "mean": 0.302850335836,
        "var": 0.0040249992162
    },
    "melbands_kurtosis": {
        "mean": 28.1269626617,
        "var": 565.386413574
    },
    "melbands_skewness": {
        "mean": 3.61591315269,
        "var": 2.32483100891
    },
    "melbands_spread": {
        "mean": 7.44596481323,
        "var": 74.8325042725
    },
    "pitch_salience": {
        "mean": 0.568295836449,
        "var": 0.0114239007235
    },
    "silence_rate_20dB": {
        "mean": 1,
        "var": 0
    },
    "silence_rate_30dB": {
        "mean": 0.997425317764,
        "var": 0.00256805960089
    },
    "silence_rate_60dB": {
        "mean": 0.00102986616548,
        "var": 0.00102881784551
    },
    "spectral_centroid": {
        "mean": 519.610900879,
        "var": 101560.609375
    },
    "spectral_complexity": {
        "mean": 13.6663236618,
        "var": 24.7095375061
    },
    "spectral_decrease": {
        "mean": -1.21083525428e-008,
        "var": 2.77753948631e-017
    },
    "spectral_energy": {
        "mean": 0.0471267141402,
        "var": 0.000408034655266
    },
    "spectral_energyband_high": {
        "mean": 0.000286588387098,
        "var": 1.08184917735e-006
    },
    "spectral_energyband_low": {
        "mean": 0.0168330781162,
        "var": 0.000252274330705
    },
    "spectral_energyband_middle_high": {
        "mean": 0.00261818571016,
        "var": 5.60980060982e-006
    },
    "spectral_energyband_middle_low": {
        "mean": 0.0345644764602,
        "var": 0.000244354567258
    },
    "spectral_entropy": {
        "mean": 6.688808918,
        "var": 0.311905026436
    },
    "spectral_flux": {
        "mean": 0.0923967137933,
        "var": 0.00205137324519
    },
    "spectral_kurtosis": {
        "mean": 9.41718959808,
        "var": 54.3708457947
    },
    "spectral_rms": {
        "mean": 0.0066259582527,
        "var": 2.07393168239e-006
    },
    "spectral_rolloff": {
        "mean": 518.079528809,
        "var": 527789
    },
    "spectral_skewness": {
        "mean": 2.29046988487,
        "var": 0.698414981365
    },
    "spectral_spread": {
        "mean": 3502129.25,
        "var": 2.55454897766e+012
    },
    "spectral_strongpeak": {
        "mean": 0.942437469959,
        "var": 0.268039524555
    },
    "zerocrossingrate": {
        "mean": 0.0255729127675,
        "var": 0.000431731779827
    },
    "barkbands": {
        "mean": [3.17325102515e-005, 0.00175322592258, 0.00795768946409, 0.0114823076874, 0.0122937746346, 0.0066082472913, 0.00236522150226, 0.000981264514849, 0.00068803364411, 0.000724110519513, 0.00037611805601, 0.000373698188923, 0.000363646948244, 0.000151085361722, 0.000102911173599, 0.000152429871378, 0.000148252875078, 9.2983864306e-005, 0.000160725598107, 6.65760380798e-005, 6.73597314744e-005, 7.01798053342e-005, 7.17450675438e-005, 2.89603904093e-005, 1.28866477098e-005, 1.53281564508e-006, 6.43870663453e-008],
        "var": [6.85881351714e-009, 1.03001075331e-005, 7.75791122578e-005, 0.000156060690642, 8.58882776811e-005, 3.23055464833e-005, 1.00708803075e-005, 2.10262805922e-006, 1.57011345436e-006, 8.33360672914e-007, 6.85793622779e-007, 7.83094037615e-007, 5.36827258202e-007, 5.92685545087e-008, 2.49056277823e-008, 1.18482674338e-007, 4.5995115272e-008, 1.773800129e-008, 1.8186727857e-007, 1.07781829684e-007, 4.34030411611e-008, 7.46458894696e-008, 1.45788050077e-007, 1.13717515404e-008, 1.96713467737e-009, 9.23113582102e-012, 2.70579321752e-014]
    },
    "erbbands": {
        "mean": [0.0209811069071, 0.602913022041, 6.86876440048, 29.2066421509, 34.4394454956, 35.3608436584, 80.629119873, 34.1833190918, 38.4976806641, 18.6597805023, 23.0855064392, 19.0464611053, 16.1606025696, 21.636177063, 17.0026435852, 17.1523952484, 17.2417984009, 8.99789428711, 6.66773223877, 5.89446258545, 8.3611869812, 8.05326461792, 5.65852880478, 9.07385253906, 4.90502738953, 3.11783885956, 2.86089515686, 2.5209505558, 2.38869214058, 2.82076334953, 1.78948020935, 0.658010959625, 0.496826887131, 0.236413568258, 0.0426534749568, 0.0104540549219, 0.00211300211959, 0.000335652934154, 3.13986129186e-005, 5.31469522684e-005],
        "var": [0.0016552223824, 0.968361437321, 58.351474762, 885.444458008, 1131.49475098, 749.620422363, 5812.90039063, 883.031921387, 2541.89404297, 443.445678711, 1260.86193848, 1010.26177979, 613.86505127, 802.512329102, 1333.92785645, 1346.26037598, 1056.14904785, 240.757080078, 72.1004867554, 123.980445862, 224.69732666, 131.357131958, 69.1018981934, 394.778045654, 281.643463135, 214.306884766, 94.0470275879, 59.3618927002, 79.7449874878, 207.29234314, 79.4089202881, 5.66389894485, 3.49944925308, 0.757461190224, 0.0156438648701, 0.000515287800226, 1.74464603333e-005, 5.40348651157e-007, 5.04328301343e-010, 4.91123919311e-010]
    },
    "gfcc": {
        "mean": [-23.4841136932, 143.842468262, -100.12953186, 34.7482833862, -65.3658752441, -2.37595772743, -45.6742324829, -9.1142578125, -26.9672851563, -19.3480014801, -12.7344045639, -7.27513933182, -10.4688024521],
        "cov": [[2277.99780273, -366.101745605, -446.055389404, 124.324028015, -178.591461182, 186.533843994, -4.14387273788, 122.693763733, 13.6200199127, 95.6981277466, -65.1534500122, -13.4890480042, -121.803657532], [-366.101745605, 766.303405762, -50.4209785461, -287.170928955, 286.016235352, -52.1496620178, 98.6292495728, -84.5020141602, 63.9818916321, -116.692443848, 115.784835815, -12.4462804794, -11.7680873871], [-446.055389404, -50.4209785461, 448.608612061, 100.596580505, -43.4455375671, 3.38066244125, -27.4253578186, -42.1084976196, -35.3941192627, 6.98625469208, -16.6827468872, 24.0771045685, 60.9718284607], [124.324028015, -287.170928955, 100.596580505, 355.99029541, -61.888343811, -72.3008041382, -49.0301322937, 8.94238185883, 5.70204734802, 23.1708564758, -42.3032493591, -35.4794692993, 45.0385627747], [-178.591461182, 286.016235352, -43.4455375671, -61.888343811, 282.869750977, -23.5423202515, -14.3128414154, -13.6699304581, 52.249042511, -51.0209846497, 31.1492805481, -14.2123203278, -22.6835365295], [186.533843994, -52.1496620178, 3.38066244125, -72.3008041382, -23.5423202515, 204.433181763, 42.5372428894, -4.23237276077, 3.59117007256, 39.0062713623, -3.76693129539, 15.4161300659, -29.8862934113], [-4.14387273788, 98.6292495728, -27.4253578186, -49.0301322937, -14.3128414154, 42.5372428894, 158.687667847, 6.4083442688, -20.0377445221, -9.46460056305, 12.5705118179, 9.41191577911, -24.5903377533], [122.693763733, -84.5020141602, -42.1084976196, 8.94238185883, -13.6699304581, -4.23237276077, 6.4083442688, 113.118240356, 5.96590805054, -4.93435907364, -11.1117324829, 4.35421609879, -21.4887256622], [13.6200199127, 63.9818916321, -35.3941192627, 5.70204734802, 52.249042511, 3.59117007256, -20.0377445221, 5.96590805054, 84.7698059082, 11.596487999, 4.66581630707, -9.54930782318, -2.12347435951], [95.6981277466, -116.692443848, 6.98625469208, 23.1708564758, -51.0209846497, 39.0062713623, -9.46460056305, -4.93435907364, 11.596487999, 111.953514099, -4.98931503296, 7.12041425705, 2.54551243782], [-65.1534500122, 115.784835815, -16.6827468872, -42.3032493591, 31.1492805481, -3.76693129539, 12.5705118179, -11.1117324829, 4.66581630707, -4.98931503296, 84.1090545654, 12.3964166641, -17.5936412811], [-13.4890480042, -12.4462804794, 24.0771045685, -35.4794692993, -14.2123203278, 15.4161300659, 9.41191577911, 4.35421609879, -9.54930782318, 7.12041425705, 12.3964166641, 78.7389602661, 13.4203910828], [-121.803657532, -11.7680873871, 60.9718284607, 45.0385627747, -22.6835365295, -29.8862934113, -24.5903377533, -21.4887256622, -2.12347435951, 2.54551243782, -17.5936412811, 13.4203910828, 102.519470215]],
        "icov": [[0.0011743453797, -0.00230489531532, 0.00177049322519, -0.00264543993399, 0.00183139089495, -0.00226102164015, 0.00216495152563, -0.00164945609868, 0.0019830011297, -0.00128345540725, 0.00221168994904, -0.0015928276116, 0.00182052212767], [-0.00230489531532, 0.0163700487465, -0.00544501375407, 0.0137014780194, -0.0102125238627, 0.00944313593209, -0.0125836031511, 0.00936719123274, -0.012596081011, 0.00831623934209, -0.0129090938717, 0.00843999348581, -0.00798957794905], [0.00177049322519, -0.00544501375407, 0.00580782536417, -0.00628367159516, 0.00380312209018, -0.00480686267838, 0.00502635492012, -0.00264880736358, 0.00559354154393, -0.00268584140576, 0.0047989343293, -0.00424108188599, 0.00243681017309], [-0.00264543993399, 0.0137014780194, -0.00628367159516, 0.0160847082734, -0.00813733413815, 0.0100684762001, -0.0105200745165, 0.00747674237937, -0.0114874718711, 0.00616138475016, -0.0100967539474, 0.00929904915392, -0.0080619091168], [0.00183139089495, -0.0102125238627, 0.00380312209018, -0.00813733413815, 0.0115773519501, -0.00585486413911, 0.00844768621027, -0.00514839356765, 0.00461680069566, -0.00293879653327, 0.0072444556281, -0.00498797046021, 0.00618335371837], [-0.00226102164015, 0.00944313593209, -0.00480686267838, 0.0100684762001, -0.00585486413911, 0.0130302142352, -0.00914806127548, 0.0063167726621, -0.00858157221228, 0.00267799431458, -0.00645512761548, 0.00457556173205, -0.00348492758349], [0.00216495152563, -0.0125836031511, 0.00502635492012, -0.0105200745165, 0.00844768621027, -0.00914806127548, 0.0172651447356, -0.00760183343664, 0.0113778430969, -0.00542808650061, 0.0092153577134, -0.00706205610186, 0.00738655729219], [-0.00164945609868, 0.00936719123274, -0.00264880736358, 0.00747674237937, -0.00514839356765, 0.0063167726621, -0.00760183343664, 0.0157497189939, -0.00862519070506, 0.00580318132415, -0.00557067012414, 0.00290828081779, -0.00207307096571], [0.0019830011297, -0.012596081011, 0.00559354154393, -0.0114874718711, 0.00461680069566, -0.00858157221228, 0.0113778430969, -0.00862519070506, 0.0251710452139, -0.00909349229187, 0.00919199455529, -0.00534821813926, 0.0050958506763], [-0.00128345540725, 0.00831623934209, -0.00268584140576, 0.00616138475016, -0.00293879653327, 0.00267799431458, -0.00542808650061, 0.00580318132415, -0.00909349229187, 0.0156316757202, -0.00692702829838, 0.00319025991485, -0.00381773011759], [0.00221168994904, -0.0129090938717, 0.0047989343293, -0.0100967539474, 0.0072444556281, -0.00645512761548, 0.0092153577134, -0.00557067012414, 0.00919199455529, -0.00692702829838, 0.024612756446, -0.00962596293539, 0.00933770183474], [-0.0015928276116, 0.00843999348581, -0.00424108188599, 0.00929904915392, -0.00498797046021, 0.00457556173205, -0.00706205610186, 0.00290828081779, -0.00534821813926, 0.00319025991485, -0.00962596293539, 0.0200444757938, -0.00780650088564], [0.00182052212767, -0.00798957794905, 0.00243681017309, -0.0080619091168, 0.00618335371837, -0.00348492758349, 0.00738655729219, -0.00207307096571, 0.0050958506763, -0.00381773011759, 0.00933770183474, -0.00780650088564, 0.0176067315042]]
    },
    "melbands": {
        "mean": [0.000320882099913, 0.0026332559064, 0.00506371073425, 0.00250359857455, 0.00247457390651, 0.000853419827763, 0.00056233961368, 0.000197479501367, 0.000180288319825, 0.000107503343315, 8.11785939732e-005, 9.19967133086e-005, 5.49061405763e-005, 4.78517576994e-005, 4.21955483034e-005, 2.88683149847e-005, 1.56958303705e-005, 1.11416211439e-005, 6.42199165668e-006, 1.09796601464e-005, 9.38738412515e-006, 8.58848761709e-006, 6.44275314698e-006, 4.21051663579e-006, 8.13334736449e-006, 4.61671334051e-006, 2.45900650953e-006, 1.93660093828e-006, 1.80550421192e-006, 1.67001167029e-006, 1.34489550874e-006, 1.23729444113e-006, 1.54722158641e-006, 1.61788307196e-006, 1.16502155834e-006, 5.77319099193e-007, 3.35433355758e-007, 3.56146557579e-007, 3.11961684929e-007, 1.6224112187e-007],
        "var": [3.56812591917e-007, 9.4909037216e-006, 2.0591491193e-005, 5.08406765221e-006, 4.67870586363e-006, 4.87240811253e-007, 5.50884749373e-007, 4.77649599873e-008, 7.44411394749e-008, 3.68917199012e-008, 1.62448081653e-008, 1.45302134769e-008, 1.35296813752e-008, 1.42479512633e-008, 5.57272494817e-009, 2.90639223799e-009, 7.89773912935e-010, 2.16151568866e-010, 1.04068552387e-010, 8.06189948133e-010, 2.35828717665e-010, 1.36263611505e-010, 1.88961998826e-010, 3.50874954091e-011, 3.58723967198e-010, 2.69469002667e-010, 2.11700532105e-010, 7.68911948001e-011, 4.55731147264e-011, 2.94304199067e-011, 1.69390508564e-011, 2.08867003554e-011, 4.10354285274e-011, 8.57483459238e-011, 3.84974239986e-011, 5.09981380042e-012, 1.52954005798e-012, 1.71098985674e-012, 1.63199575381e-012, 3.26290996175e-013]
    },
    "mfcc": {
        "mean": [-668.73425293, 164.579559326, 20.9425029755, 31.1229610443, 3.36926698685, -0.647138297558, -9.34958553314, 2.69945406914, -13.6361303329, -11.6294927597, -6.57163667679, -9.48438835144, -8.4515171051],
        "cov": [[2104.29638672, -592.293884277, -314.88168335, -103.77355957, -147.295272827, 44.5396232605, -0.327860146761, 43.7229194641, 26.9430217743, 159.487106323, 34.9174842834, 119.359573364, 69.7859802246], [-592.293884277, 1080.46105957, -278.061584473, -176.66859436, 120.156036377, 17.2884368896, 59.0121192932, 119.376457214, -73.4988250732, -71.9179382324, 39.2323570251, 47.8601455688, 53.3137702942], [-314.88168335, -278.061584473, 511.262329102, 81.252494812, -50.8636245728, 45.1879234314, 3.67732477188, -70.8854064941, 49.2832756042, -46.6602249146, -28.2910995483, -25.4474830627, -49.0836715698], [-103.77355957, -176.66859436, 81.252494812, 342.579284668, 49.672252655, -56.0961303711, -41.0276794434, -43.2820320129, 20.3603000641, 8.00648021698, -20.5302600861, -74.5262451172, -35.8969306946], [-147.295272827, 120.156036377, -50.8636245728, 49.672252655, 255.218292236, -3.00370931625, -59.0510139465, 1.17700958252, -21.637544632, 33.4677696228, -19.2489318848, -40.9104690552, 32.1418685913], [44.5396232605, 17.2884368896, 45.1879234314, -56.0961303711, -3.00370931625, 174.153411865, 22.9552021027, -20.823595047, 19.6352920532, -6.30298948288, 15.1237974167, 55.3989601135, -19.147441864], [-0.327860146761, 59.0121192932, 3.67732477188, -41.0276794434, -59.0510139465, 22.9552021027, 115.131637573, 36.6862564087, -8.56557178497, -9.68534660339, 15.6360034943, 19.0101165771, 1.62040507793], [43.7229194641, 119.376457214, -70.8854064941, -43.2820320129, 1.17700958252, -20.823595047, 36.6862564087, 153.655014038, -21.3226490021, 9.27058029175, -0.419344425201, 1.38987147808, 48.8944854736], [26.9430217743, -73.4988250732, 49.2832756042, 20.3603000641, -21.637544632, 19.6352920532, -8.56557178497, -21.3226490021, 108.387245178, -0.156681016088, -15.4216089249, 12.7708864212, -21.217218399], [159.487106323, -71.9179382324, -46.6602249146, 8.00648021698, 33.4677696228, -6.30298948288, -9.68534660339, 9.27058029175, -0.156681016088, 116.167175293, 8.50264167786, -29.2990036011, 3.01906681061], [34.9174842834, 39.2323570251, -28.2910995483, -20.5302600861, -19.2489318848, 15.1237974167, 15.6360034943, -0.419344425201, -15.4216089249, 8.50264167786, 87.9897384644, 38.7309989929, -21.4391441345], [119.359573364, 47.8601455688, -25.4474830627, -74.5262451172, -40.9104690552, 55.3989601135, 19.0101165771, 1.38987147808, 12.7708864212, -29.2990036011, 38.7309989929, 141.401901245, 16.3316955566], [69.7859802246, 53.3137702942, -49.0836715698, -35.8969306946, 32.1418685913, -19.147441864, 1.62040507793, 48.8944854736, -21.217218399, 3.01906681061, -21.4391441345, 16.3316955566, 132.774902344]],
        "icov": [[0.00100632873364, 0.000805300311185, 0.000917228870094, 0.000168076643604, 0.000400199758587, -0.000402974401368, 6.66003616061e-005, -0.000340750470059, -5.59772124689e-005, -0.000801315763965, 4.56359339296e-006, -0.000716347189154, -0.000399958778871], [0.000805300311185, 0.00220951996744, 0.00142127682921, 0.000723833567463, -0.000800373556558, -0.000417338276748, -0.000701470533386, -0.000962461635936, 0.000120152450108, 0.000960072211456, -0.000599401653744, -0.00038565217983, -0.000144777950482], [0.000917228870094, 0.00142127682921, 0.00362969259731, -9.31549802772e-005, 0.000367612665286, -0.00125998246949, -0.000513817823958, 0.000142156350194, -0.00063967803726, 0.000903358333744, 0.000194850683329, 0.000227974553127, -0.000172270621988], [0.000168076643604, 0.000723833567463, -9.31549802772e-005, 0.00407578749582, -0.00107756291982, 0.00103961164132, 8.22791917017e-005, 0.000274716207059, -0.000705061655026, 0.000583156885114, -0.000470450409921, 0.00125098892022, 0.000641346268822], [0.000400199758587, -0.000800373556558, 0.000367612665286, -0.00107756291982, 0.00628611911088, -0.00144381262362, 0.00313600618392, 0.0001633457141, 0.000863408378791, -0.0022604521364, 0.000724610872567, 0.000840492197312, -0.00166977418121], [-0.000402974401368, -0.000417338276748, -0.00125998246949, 0.00103961164132, -0.00144381262362, 0.00800478644669, -0.00176305742934, 0.00110304460395, -0.000767003919464, -0.000451214116765, 0.000358315155609, -0.00283317151479, 0.00160790351219], [6.66003616061e-005, -0.000701470533386, -0.000513817823958, 8.22791917017e-005, 0.00313600618392, -0.00176305742934, 0.0120146619156, -0.00262813223526, 0.000903862412088, -0.000382182741305, -0.00097586621996, 0.000264556758339, -0.000150253792526], [-0.000340750470059, -0.000962461635936, 0.000142156350194, 0.000274716207059, 0.0001633457141, 0.00110304460395, -0.00262813223526, 0.00914465729147, 0.000189199578017, -0.000794962747023, 0.000209807025385, 0.000715174071956, -0.00252932519652], [-5.59772124689e-005, 0.000120152450108, -0.00063967803726, -0.000705061655026, 0.000863408378791, -0.000767003919464, 0.000903862412088, 0.000189199578017, 0.0112927164882, -0.00118686165661, 0.00338169047609, -0.00245709717274, 0.00183357356582], [-0.000801315763965, 0.000960072211456, 0.000903358333744, 0.000583156885114, -0.0022604521364, -0.000451214116765, -0.000382182741305, -0.000794962747023, -0.00118686165661, 0.0125433467329, -0.00327716581523, 0.00402948912233, -0.000192850828171], [4.56359339296e-006, -0.000599401653744, 0.000194850683329, -0.000470450409921, 0.000724610872567, 0.000358315155609, -0.00097586621996, 0.000209807025385, 0.00338169047609, -0.00327716581523, 0.0162305850536, -0.00569959497079, 0.00393075402826], [-0.000716347189154, -0.00038565217983, 0.000227974553127, 0.00125098892022, 0.000840492197312, -0.00283317151479, 0.000264556758339, 0.000715174071956, -0.00245709717274, 0.00402948912233, -0.00569959497079, 0.0127711556852, -0.00290023791604], [-0.000399958778871, -0.000144777950482, -0.000172270621988, 0.000641346268822, -0.00166977418121, 0.00160790351219, -0.000150253792526, -0.00252932519652, 0.00183357356582, -0.000192850828171, 0.00393075402826, -0.00290023791604, 0.0107677774504]]
    },
    "spectral_contrast_coeffs": {
        "mean": [-0.495451629162, -0.641913414001, -0.736087560654, -0.76690351963, -0.765680551529, -0.758108735085],
        "var": [0.00445296755061, 0.00410132203251, 0.00292550376616, 0.00229527754709, 0.00203348090872, 0.00123586819973]
    },
    "spectral_contrast_valleys": {
        "mean": [-7.08072948456, -6.61765670776, -7.59625864029, -8.35828208923, -8.33374404907, -10.9279718399],
        "var": [0.485634595156, 0.479268074036, 0.633732676506, 0.624310731888, 0.695390939713, 0.785288989544]
    }
},
"metadata": {
    "audio_properties": {
        "analysis_sample_rate": 44100,
        "bit_rate": 128074,
        "equal_loudness": 0,
        "length": 45.0612258911,
        "lossless": 0,
        "replay_gain": -6.52607727051,
        "sample_rate": 44100,
        "codec": "mp3",
        "downmix": "mix",
        "md5_encoded": "fbb35837037e454e229019fe9533fc9c"
    },
    "tags": {
        "file_name": "1412.mp3"
    },
    "version": {
        "essentia": "2.1-beta2",
        "essentia_git_sha": "v2.1_beta2",
        "extractor": "music 1.0"
    }
},
"rhythm": {
    "beats_count": 71,
    "beats_loudness": {
        "mean": 0.0389628373086,
        "var": 0.000273862446193
    },
    "bpm": 95.1378860474,
    "bpm_histogram_first_peak_bpm": {
        "mean": 96,
        "var": 0
    },
    "bpm_histogram_first_peak_spread": {
        "mean": 0.485714316368,
        "var": 0
    },
    "bpm_histogram_first_peak_weight": {
        "mean": 0.514285743237,
        "var": 0
    },
    "bpm_histogram_second_peak_bpm": {
        "mean": 0,
        "var": 0
    },
    "bpm_histogram_second_peak_spread": {
        "mean": 0,
        "var": 0
    },
    "bpm_histogram_second_peak_weight": {
        "mean": 0,
        "var": 0
    },
    "danceability": 1.30130541325,
    "onset_rate": 2.97239160538,
    "beats_loudness_band_ratio": {
        "mean": [0.512446701527, 0.379538714886, 0.0988381430507, 0.0438779257238, 0.0161583665758, 0.0117736551911],
        "var": [0.0314582176507, 0.0312285218388, 0.00581098999828, 0.00256080599502, 0.00015618323232, 9.85268416116e-005]
    },
    "beats_position": [0.592108845711, 1.20743763447, 1.83437633514, 2.4497051239, 3.07664394379, 3.7151927948, 4.34213161469, 4.98067998886, 5.59600877762, 6.2229475975, 6.86149644852, 7.50004529953, 8.13859367371, 8.77714252472, 9.4040813446, 10.0310201645, 10.6579589844, 11.2848978043, 11.9118366241, 12.5503854752, 13.1889343262, 13.8158731461, 14.4428119659, 15.0697498322, 15.696688652, 16.3236274719, 16.9505672455, 17.5891151428, 18.2276649475, 18.8546028137, 19.4931507111, 20.1317005157, 20.758638382, 21.3855781555, 22.0241260529, 22.6626758575, 23.3012237549, 23.9397735596, 24.5783214569, 25.2168693542, 25.8438091278, 26.470746994, 27.0976867676, 27.7246246338, 28.3515644073, 28.9785022736, 29.6054420471, 30.2207698822, 30.8360996246, 31.4630374908, 32.1015853882, 32.7401351929, 33.3670730591, 33.99401474, 34.63256073, 35.2711105347, 35.9096603394, 36.5482063293, 37.1635360718, 37.790473938, 38.4174156189, 39.0559616089, 39.6945114136, 40.3330612183, 40.9599990845, 41.5869369507, 42.2138786316, 42.8408164978, 43.467754364, 44.1179122925, 44.7448501587]
},
"tonal": {
    "chords_changes_rate": 0.0596707835793,
    "chords_number_rate": 0.0113168722019,
    "chords_strength": {
        "mean": 0.494018018246,
        "var": 0.00915564410388
    },
    "hpcp_entropy": {
        "mean": 1.87031602859,
        "var": 0.54315340519
    },
    "key_strength": 0.779723882675,
    "tuning_diatonic_strength": 0.582154989243,
    "tuning_equal_tempered_deviation": 0.0168513283134,
    "tuning_frequency": 442.548919678,
    "tuning_nontempered_energy_ratio": 0.671269357204,
    "hpcp": {
        "mean": [0.302989214659, 0.188757881522, 0.0610246174037, 0.0396444052458, 0.0473520644009, 0.0619104132056, 0.0694230720401, 0.0705892965198, 0.0906793028116, 0.102631114423, 0.0778226405382, 0.121405884624, 0.192533060908, 0.149358555675, 0.277338951826, 0.438557773829, 0.250220239162, 0.0554490126669, 0.0308930799365, 0.0637430846691, 0.22634409368, 0.287376493216, 0.132682025433, 0.053178858012, 0.0554890856147, 0.0394815094769, 0.0284373704344, 0.0316524468362, 0.0483062341809, 0.127429023385, 0.171293005347, 0.112545602024, 0.0740967094898, 0.0776102766395, 0.100597709417, 0.216201454401],
        "var": [0.101568832994, 0.0584783293307, 0.0213992539793, 0.0174176823348, 0.0241227876395, 0.0311256125569, 0.0339715518057, 0.0322114340961, 0.0501010864973, 0.0623204596341, 0.0385370180011, 0.0359724462032, 0.101442985237, 0.0479789189994, 0.0827889591455, 0.166748985648, 0.0744790732861, 0.0163627229631, 0.00938132032752, 0.0173436030746, 0.0927573516965, 0.137789487839, 0.0327073484659, 0.0133773200214, 0.0161778572947, 0.00961662176996, 0.00985862594098, 0.0103648761287, 0.0125348418951, 0.0581522136927, 0.0769104734063, 0.0419272780418, 0.0299038290977, 0.0309797041118, 0.0358068048954, 0.0695061162114]
    },
    "chords_histogram": [8.43621444702, 0, 31.2757205963, 10.1851854324, 1.64609050751, 0, 0, 0, 0, 0.102880656719, 0.308641970158, 0, 0.823045253754, 0, 0, 4.52674913406, 0, 21.6049385071, 0, 2.67489719391, 5.04115247726, 1.02880656719, 9.67078208923, 2.67489719391],
    "thpcp": [1, 0.570552527905, 0.126434907317, 0.0704424381256, 0.145347058773, 0.516110122204, 0.655276238918, 0.302541732788, 0.121258497238, 0.126526281238, 0.0900257900357, 0.0648429319263, 0.0721739530563, 0.110147938132, 0.290563821793, 0.390582531691, 0.25662663579, 0.168955415487, 0.176967054605, 0.229383021593, 0.492982834578, 0.690876424313, 0.430405974388, 0.139148414135, 0.0903972238302, 0.107972234488, 0.14116820693, 0.158298581839, 0.160957798362, 0.206767067313, 0.234019592404, 0.17745128274, 0.276829868555, 0.439014136791, 0.340567559004, 0.632388651371],
    "chords_key": "A",
    "chords_scale": "major",
    "key_key": "D",
    "key_scale": "major"
}
}