{
"lowlevel": {
    "average_loudness": 0.975248157978,
    "barkbands_crest": {
        "mean": 10.112654686,
        "var": 13.5677680969
    },
    "barkbands_flatness_db": {
        "mean": 0.205093801022,
        "var": 0.0030967197381
    },
    "barkbands_kurtosis": {
        "mean": 3.37332129478,
        "var": 47.614692688
    },
    "barkbands_skewness": {
        "mean": 1.60141444206,
        "var": 1.24720835686
    },
    "barkbands_spread": {
        "mean": 15.8704242706,
        "var": 55.6823730469
    },
    "dissonance": {
        "mean": 0.462873399258,
        "var": 0.000568328483496
    },
    "dynamic_complexity": 1.34138512611,
    "erbbands_crest": {
        "mean": 9.68737030029,
        "var": 15.7752065659
    },
    "erbbands_flatness_db": {
        "mean": 0.232649579644,
        "var": 0.00229725567624
    },
    "erbbands_kurtosis": {
        "mean": -0.358380526304,
        "var": 2.16687488556
    },
    "erbbands_skewness": {
        "mean": -0.230829253793,
        "var": 0.551970183849
    },
    "erbbands_spread": {
        "mean": 33.9321365356,
        "var": 138.911987305
    },
    "hfc": {
        "mean": 21.4634742737,
        "var": 111.274795532
    },
    "melbands_crest": {
        "mean": 14.470328331,
        "var": 23.6291484833
    },
    "melbands_flatness_db": {
        "mean": 0.280951827765,
        "var": 0.00425327429548
    },
    "melbands_kurtosis": {
        "mean": 10.9995059967,
        "var": 257.140655518
    },
    "melbands_skewness": {
        "mean": 2.67202401161,
        "var": 2.1963095665
    },
    "melbands_spread": {
        "mean": 18.6227455139,
        "var": 140.417449951
    },
    "pitch_salience": {
        "mean": 0.546976208687,
        "var": 0.0117270322517
    },
    "silence_rate_20dB": {
        "mean": 1,
        "var": 0
    },
    "silence_rate_30dB": {
        "mean": 0.992790937424,
        "var": 0.00715682702139
    },
    "silence_rate_60dB": {
        "mean": 0.00154479919001,
        "var": 0.00154241069686
    },
    "spectral_centroid": {
        "mean": 925.562072754,
        "var": 190253.359375
    },
    "spectral_complexity": {
        "mean": 21.059217453,
        "var": 26.3976688385
    },
    "spectral_decrease": {
        "mean": -9.94703341917e-009,
        "var": 2.51950099053e-017
    },
    "spectral_energy": {
        "mean": 0.0394891239703,
        "var": 0.000374249182642
    },
    "spectral_energyband_high": {
        "mean": 8.39218701003e-005,
        "var": 5.27162633546e-008
    },
    "spectral_energyband_low": {
        "mean": 0.0121396603063,
        "var": 0.000318638718454
    },
    "spectral_energyband_middle_high": {
        "mean": 0.00756315980107,
        "var": 3.08725102514e-005
    },
    "spectral_energyband_middle_low": {
        "mean": 0.0234886165708,
        "var": 0.000147853628732
    },
    "spectral_entropy": {
        "mean": 6.94106817245,
        "var": 0.113563410938
    },
    "spectral_flux": {
        "mean": 0.0881431549788,
        "var": 0.00148698396515
    },
    "spectral_kurtosis": {
        "mean": 11.416633606,
        "var": 43.0044326782
    },
    "spectral_rms": {
        "mean": 0.00604340294376,
        "var": 2.00322074306e-006
    },
    "spectral_rolloff": {
        "mean": 1113.94396973,
        "var": 618769.6875
    },
    "spectral_skewness": {
        "mean": 2.00580525398,
        "var": 0.382767230272
    },
    "spectral_spread": {
        "mean": 2435782.75,
        "var": 1.65635725722e+012
    },
    "spectral_strongpeak": {
        "mean": 1.28418266773,
        "var": 2.48993182182
    },
    "zerocrossingrate": {
        "mean": 0.0394580028951,
        "var": 0.000342869578162
    },
    "barkbands": {
        "mean": [9.7256152003e-006, 0.000749240803998, 0.0076960278675, 0.00640208413824, 0.00721635390073, 0.00469700619578, 0.00306791136973, 0.00159712240566, 0.000312625896186, 0.000519664085004, 0.000424076104537, 0.000790988851804, 0.001102073933, 0.00171754753683, 0.000752691703383, 0.00130575266667, 0.000432859960711, 0.000269909709459, 0.000300584040815, 5.6491309806e-005, 1.72236377693e-005, 1.29461031975e-005, 1.478037575e-005, 1.18121442938e-005, 8.38628875499e-006, 3.13708983413e-006, 1.40865168419e-007],
        "var": [5.134562997e-009, 1.17888964724e-006, 0.000220099027501, 4.33204077126e-005, 3.6910034396e-005, 2.4168733944e-005, 2.22932303586e-005, 9.00957456906e-006, 5.12580243139e-007, 3.44214356574e-007, 5.81217989293e-007, 3.55723841494e-006, 4.89239891976e-006, 5.74531668462e-006, 1.23587483358e-006, 3.44257568941e-006, 2.00535836825e-007, 1.73182712615e-007, 2.12389295484e-007, 3.34135785707e-009, 2.06578154582e-009, 1.05268915807e-009, 3.10750825072e-009, 2.56918930575e-009, 1.34343747238e-009, 1.03813804775e-010, 6.27307111963e-014]
    },
    "erbbands": {
        "mean": [0.00745723722503, 0.350117772818, 6.42347478867, 18.094625473, 22.3377304077, 24.797334671, 30.0046405792, 35.8864936829, 23.8427295685, 74.5884552002, 21.9239902496, 7.99551343918, 14.9206857681, 14.8669013977, 20.6923446655, 36.0441207886, 56.0425872803, 89.6530227661, 36.3792457581, 65.7303161621, 61.3761024475, 24.744260788, 15.5059986115, 17.3412017822, 10.3288784027, 2.67678260803, 0.851231336594, 0.632237792015, 0.458549439907, 0.369566768408, 0.447829306126, 0.291319906712, 0.182986959815, 0.120029695332, 0.0443399399519, 0.0183826517314, 0.00455877976492, 0.000678796030115, 3.65393934771e-005, 4.57874048152e-005],
        "var": [0.000127599865664, 0.275189429522, 141.298355103, 447.7840271, 269.826293945, 548.104553223, 1116.90649414, 1400.54138184, 517.497924805, 24533.5253906, 948.817687988, 201.463806152, 368.400695801, 383.903167725, 986.882873535, 6447.08056641, 11391.3125, 18142.6054688, 2039.48754883, 4988.37939453, 5713.23828125, 648.096191406, 438.667419434, 861.821960449, 143.730194092, 6.48941421509, 3.93834233284, 2.25962495804, 1.52849781513, 1.02724575996, 2.93873906136, 1.71492624283, 0.650526583195, 0.271853357553, 0.0351267829537, 0.00520301517099, 0.000165570236277, 1.61339050919e-006, 1.15066745021e-009, 4.56171211916e-010]
    },
    "gfcc": {
        "mean": [-25.8144283295, 158.79347229, -144.066818237, 17.4449729919, -24.128370285, -18.2836437225, -51.8115844727, -11.0894622803, -26.1440467834, -9.79032230377, -13.9883165359, -13.1636972427, -16.5722789764],
        "cov": [[2776.06860352, -1223.46105957, 289.563568115, -79.2095870972, -714.271057129, 721.745239258, -368.599365234, 175.887924194, -153.636383057, 158.046508789, -100.6170578, 153.368148804, -200.035720825], [-1223.46105957, 1386.57678223, -400.104370117, -7.32381534576, 593.582763672, -656.107910156, 356.480010986, -192.175643921, 151.585632324, -116.109397888, 130.841110229, -170.229400635, 134.877746582], [289.563568115, -400.104370117, 543.982788086, 29.9409885406, -206.128921509, 308.728912354, -136.250244141, 104.719535828, -47.4386444092, 51.6047859192, -33.8049621582, 75.3729629517, -40.5670509338], [-79.2095870972, -7.32381534576, 29.9409885406, 308.364990234, 130.206314087, -23.0017204285, 54.0746841431, 8.58514022827, 50.8756446838, -45.1137123108, -6.07404756546, -9.49856090546, 23.2826385498], [-714.271057129, 593.582763672, -206.128921509, 130.206314087, 467.768341064, -285.754882813, 168.559967041, -82.7081756592, 71.9626159668, -79.2612838745, 37.5995140076, -88.6547393799, 66.4567489624], [721.745239258, -656.107910156, 308.728912354, -23.0017204285, -285.754882813, 475.972229004, -136.087387085, 105.605728149, -82.7043914795, 65.1893615723, -46.0793762207, 86.8342971802, -88.536529541], [-368.599365234, 356.480010986, -136.250244141, 54.0746841431, 168.559967041, -136.087387085, 246.996337891, -29.9600601196, 26.2114200592, -53.4033737183, 20.4510231018, -38.973865509, 29.5810184479], [175.887924194, -192.175643921, 104.719535828, 8.58514022827, -82.7081756592, 105.605728149, -29.9600601196, 114.00176239, -6.16910982132, 5.22941493988, -16.5763587952, 31.8568878174, -23.811794281], [-153.636383057, 151.585632324, -47.4386444092, 50.8756446838, 71.9626159668, -82.7043914795, 26.2114200592, -6.16910982132, 112.476860046, 13.0596656799, 16.9243850708, -45.3916740417, -0.170262292027], [158.046508789, -116.109397888, 51.6047859192, -45.1137123108, -79.2612838745, 65.1893615723, -53.4033737183, 5.22941493988, 13.0596656799, 98.8507003784, 11.2969455719, -16.280292511, -39.1673278809], [-100.6170578, 130.841110229, -33.8049621582, -6.07404756546, 37.5995140076, -46.0793762207, 20.4510231018, -16.5763587952, 16.9243850708, 11.2969455719, 80.2327270508, -3.14216756821, -11.418595314], [153.368148804, -170.229400635, 75.3729629517, -9.49856090546, -88.6547393799, 86.8342971802, -38.973865509, 31.8568878174, -45.3916740417, -16.280292511, -3.14216756821, 102.239227295, 6.42210054398], [-200.035720825, 134.877746582, -40.5670509338, 23.2826385498, 66.4567489624, -88.536529541, 29.5810184479, -23.811794281, -0.170262292027, -39.1673278809, -11.418595314, 6.42210054398, 80.3125305176]],
        "icov": [[0.00124103634153, -0.00226037530228, 0.00165359023958, -0.00206016935408, 0.00218746531755, -0.00250033568591, 0.0022192876786, -0.0012106084032, 0.00182107021101, -0.00163683050778, 0.00262314593419, -0.00130551611073, 0.00225981581025], [-0.00226037530228, 0.0146390991285, -0.00656542740762, 0.0102372653782, -0.00924323499203, 0.011051537469, -0.0109668122604, 0.00672039529309, -0.00917436741292, 0.00830869283527, -0.0140936644748, 0.0072741410695, -0.00918833911419], [0.00165359023958, -0.00656542740762, 0.00674594007432, -0.00560273975134, 0.00474355556071, -0.00716457283124, 0.00603715516627, -0.0045001427643, 0.00461161974818, -0.00494451541454, 0.00648266775534, -0.00377176166512, 0.00361680286005], [-0.00206016935408, 0.0102372653782, -0.00560273975134, 0.0120038148016, -0.00824694242328, 0.00727224722505, -0.0082833589986, 0.00465391622856, -0.00912027433515, 0.0077807335183, -0.0096443798393, 0.00480041420087, -0.00734178489074], [0.00218746531755, -0.00924323499203, 0.00474355556071, -0.00824694242328, 0.0115684457123, -0.00647071236745, 0.00620485562831, -0.00338558480144, 0.00579556915909, -0.00336812762544, 0.00771136581898, -0.00205243588425, 0.00539345666766], [-0.00250033568591, 0.011051537469, -0.00716457283124, 0.00727224722505, -0.00647071236745, 0.0153249399737, -0.00868948828429, 0.003985398449, -0.00481728371233, 0.00483367219567, -0.00871689803898, 0.00348302721977, -0.00305486447178], [0.0022192876786, -0.0109668122604, 0.00603715516627, -0.0082833589986, 0.00620485562831, -0.00868948828429, 0.0145208658651, -0.00573655031621, 0.00736818416044, -0.00444804038852, 0.00972802191973, -0.00431660423055, 0.00720798131078], [-0.0012106084032, 0.00672039529309, -0.0045001427643, 0.00465391622856, -0.00338558480144, 0.003985398449, -0.00573655031621, 0.0160597395152, -0.0069132624194, 0.00597761245444, -0.00495490245521, 0.00108389055822, -0.00174500723369], [0.00182107021101, -0.00917436741292, 0.00461161974818, -0.00912027433515, 0.00579556915909, -0.00481728371233, 0.00736818416044, -0.0069132624194, 0.0199920125306, -0.00905025471002, 0.00770337646827, -0.000932875555009, 0.00684535084292], [-0.00163683050778, 0.00830869283527, -0.00494451541454, 0.0077807335183, -0.00336812762544, 0.00483367219567, -0.00444804038852, 0.00597761245444, -0.00905025471002, 0.0231677871197, -0.0116948243231, 0.00953601580113, -0.00240331725217], [0.00262314593419, -0.0140936644748, 0.00648266775534, -0.0096443798393, 0.00771136581898, -0.00871689803898, 0.00972802191973, -0.00495490245521, 0.00770337646827, -0.0116948243231, 0.0302687436342, -0.0121765648946, 0.0148204769939], [-0.00130551611073, 0.0072741410695, -0.00377176166512, 0.00480041420087, -0.00205243588425, 0.00348302721977, -0.00431660423055, 0.00108389055822, -0.000932875555009, 0.00953601580113, -0.0121765648946, 0.0217230413109, -0.0101351337507], [0.00225981581025, -0.00918833911419, 0.00361680286005, -0.00734178489074, 0.00539345666766, -0.00305486447178, 0.00720798131078, -0.00174500723369, 0.00684535084292, -0.00240331725217, 0.0148204769939, -0.0101351337507, 0.028223335743]]
    },
    "melbands": {
        "mean": [0.000122266515973, 0.00238263770007, 0.00321032130159, 0.00184059620369, 0.00102726835757, 0.000829810276628, 0.000411730550695, 0.000724908488337, 0.000130004846142, 4.4701857405e-005, 7.5513315096e-005, 5.96329664404e-005, 6.83846301399e-005, 8.23798545753e-005, 0.000107198378828, 0.000127418155898, 0.000171629144461, 6.08129594184e-005, 5.6262651924e-005, 0.000112583489681, 5.92708493059e-005, 2.74330432148e-005, 1.50956993821e-005, 1.29573072627e-005, 1.48987064676e-005, 8.52216635394e-006, 4.49271237812e-006, 1.17527235943e-006, 4.78028084672e-007, 4.34143316852e-007, 3.50571099261e-007, 2.82111074057e-007, 1.99867187689e-007, 2.01039995318e-007, 2.52609623885e-007, 2.51940178941e-007, 1.50392850173e-007, 1.25344641333e-007, 1.23241576944e-007, 9.52736769477e-008],
        "var": [3.21274526982e-008, 1.95576230908e-005, 9.69987650024e-006, 2.59225544141e-006, 9.42557505823e-007, 7.30736303467e-007, 1.82609738886e-007, 2.31878766499e-006, 3.82564095958e-008, 9.02243169065e-009, 9.74056657554e-009, 6.6886065575e-009, 1.28195987159e-008, 3.10969490158e-008, 3.87439769156e-008, 6.36630872464e-008, 5.92017173062e-008, 6.53133858108e-009, 7.27858173732e-009, 2.37393411595e-008, 4.4078842798e-009, 9.23317144963e-010, 3.31722288527e-010, 6.15803574799e-010, 6.83157808101e-010, 1.7693878307e-010, 2.10640688919e-011, 1.94236705713e-012, 1.48529756203e-012, 1.53178294701e-012, 6.15504283825e-013, 5.52792891757e-013, 3.62057335068e-013, 3.29977554612e-013, 8.45326358825e-013, 1.37549542069e-012, 5.0591258613e-013, 3.33968475704e-013, 3.51337773978e-013, 1.69011844992e-013]
    },
    "mfcc": {
        "mean": [-665.670043945, 191.170120239, -44.6040763855, 31.2715778351, 25.0021362305, -4.43650007248, -9.30025863647, -10.2067279816, -15.6585903168, -5.14047574997, -6.86719799042, -11.2876110077, -0.0544095560908],
        "cov": [[2043.35180664, -1029.62365723, 482.058502197, -490.971862793, -199.436508179, 196.379440308, -82.0612258911, 84.0212249756, -71.1157531738, -13.3036584854, 80.8405075073, 95.028968811, -23.0057621002], [-1029.62365723, 1248.56604004, -591.638183594, 336.299468994, 31.1299438477, -155.886001587, 69.4382019043, -111.518058777, 4.23369884491, 11.5396270752, -20.6480350494, -32.6034736633, 48.6089172363], [482.058502197, -591.638183594, 731.105529785, -267.968566895, -4.92962408066, 111.647819519, -25.168888092, 82.1803894043, -6.94281578064, -3.32361292839, 20.6453914642, 47.8800849915, 14.2895183563], [-490.971862793, 336.299468994, -267.968566895, 419.010894775, 127.315185547, -71.3488082886, 44.0426483154, -5.99829435349, 58.4298744202, 26.4967937469, -17.0629844666, -61.2824821472, -11.3706531525], [-199.436508179, 31.1299438477, -4.92962408066, 127.315185547, 233.251113892, 8.29579544067, -6.84610319138, 9.76772403717, 13.2231731415, 25.8968105316, 8.75467681885, -27.7961578369, -1.40503704548], [196.379440308, -155.886001587, 111.647819519, -71.3488082886, 8.29579544067, 141.963867188, 33.1008224487, 14.9645690918, -0.168896481395, 7.98129987717, 18.0993156433, 30.2906932831, -4.59781265259], [-82.0612258911, 69.4382019043, -25.168888092, 44.0426483154, -6.84610319138, 33.1008224487, 131.264694214, 54.3047561646, 8.35774421692, -2.13592100143, -3.04776573181, 4.20834064484, 1.88886451721], [84.0212249756, -111.518058777, 82.1803894043, -5.99829435349, 9.76772403717, 14.9645690918, 54.3047561646, 165.264007568, 22.8004932404, -16.6095199585, -3.58889436722, -17.2580947876, 13.5605258942], [-71.1157531738, 4.23369884491, -6.94281578064, 58.4298744202, 13.2231731415, -0.168896481395, 8.35774421692, 22.8004932404, 94.2169799805, 23.6995353699, -32.6361732483, -16.9940719604, -4.38090753555], [-13.3036584854, 11.5396270752, -3.32361292839, 26.4967937469, 25.8968105316, 7.98129987717, -2.13592100143, -16.6095199585, 23.6995353699, 88.9422988892, 32.8880119324, 0.162897020578, -3.98382663727], [80.8405075073, -20.6480350494, 20.6453914642, -17.0629844666, 8.75467681885, 18.0993156433, -3.04776573181, -3.58889436722, -32.6361732483, 32.8880119324, 109.262893677, 39.4034538269, 0.0856255292892], [95.028968811, -32.6034736633, 47.8800849915, -61.2824821472, -27.7961578369, 30.2906932831, 4.20834064484, -17.2580947876, -16.9940719604, 0.162897020578, 39.4034538269, 84.1710510254, 14.3916721344], [-23.0057621002, 48.6089172363, 14.2895183563, -11.3706531525, -1.40503704548, -4.59781265259, 1.88886451721, 13.5605258942, -4.38090753555, -3.98382663727, 0.0856255292892, 14.3916721344, 65.0044555664]],
        "icov": [[0.00111316423863, 0.000720477721188, 0.000192034640349, 0.000321660219925, 0.000736437097657, -0.000783695839345, 0.000636565615423, -0.000464899319923, 0.000493895553518, -0.000252212950727, -0.000301504100207, -0.000208625016967, -2.73596688203e-005], [0.000720477721188, 0.00223118346184, 0.00105346285272, -0.000300241576042, 0.000403231038945, 0.000581988308113, -0.000927729997784, 0.00089975213632, 0.000346605753293, -0.000137130220537, -0.000300647545373, -9.86062805168e-005, -0.00177121744491], [0.000192034640349, 0.00105346285272, 0.00269162259065, 0.00108556414489, -0.000497529224958, -0.000514944724273, 0.000118651252706, -0.000619101687334, -0.000244519440457, -0.000239227767452, 2.80945587292e-005, -0.000560968415812, -0.000950043089688], [0.000321660219925, -0.000300241576042, 0.00108556414489, 0.00545190181583, -0.00238529243506, 0.00142830424011, -0.00183453387581, 0.000448278064141, -0.00287542585284, 0.000383354490623, -0.00131883041468, 0.00170198909473, 0.000517266162205], [0.000736437097657, 0.000403231038945, -0.000497529224958, -0.00238529243506, 0.00655280146748, -0.00227701850235, 0.0021352218464, -0.00102330278605, 0.00149340741336, -0.00136031338479, -0.000414255744545, 0.00111212092452, -0.000445150799351], [-0.000783695839345, 0.000581988308113, -0.000514944724273, 0.00142830424011, -0.00227701850235, 0.0115174911916, -0.00498762540519, 0.00178608438, -0.001686585485, -0.000119439937407, -0.000537357351277, -0.00201474456117, 0.000514016370289], [0.000636565615423, -0.000927729997784, 0.000118651252706, -0.00183453387581, 0.0021352218464, -0.00498762540519, 0.0128396553919, -0.00577970826998, 0.00223630922846, -0.00137996010017, 0.00185821065679, -0.00251783360727, 0.00171915895771], [-0.000464899319923, 0.00089975213632, -0.000619101687334, 0.000448278064141, -0.00102330278605, 0.00178608438, -0.00577970826998, 0.0106314793229, -0.00407709134743, 0.00375535083003, -0.00323293707334, 0.00433317618445, -0.00356821762398], [0.000493895553518, 0.000346605753293, -0.000244519440457, -0.00287542585284, 0.00149340741336, -0.001686585485, 0.00223630922846, -0.00407709134743, 0.0175520777702, -0.00762783689424, 0.00785782840103, -0.00259230076335, 0.00144391297363], [-0.000252212950727, -0.000137130220537, -0.000239227767452, 0.000383354490623, -0.00136031338479, -0.000119439937407, -0.00137996010017, 0.00375535083003, -0.00762783689424, 0.0172115135938, -0.00824715103954, 0.00351661979221, -0.000875180296134], [-0.000301504100207, -0.000300647545373, 2.80945587292e-005, -0.00131883041468, -0.000414255744545, -0.000537357351277, 0.00185821065679, -0.00323293707334, 0.00785782840103, -0.00824715103954, 0.0169494841248, -0.00817100703716, 0.00226554390974], [-0.000208625016967, -9.86062805168e-005, -0.000560968415812, 0.00170198909473, 0.00111212092452, -0.00201474456117, -0.00251783360727, 0.00433317618445, -0.00259230076335, 0.00351661979221, -0.00817100703716, 0.0198715198785, -0.0048761991784], [-2.73596688203e-005, -0.00177121744491, -0.000950043089688, 0.000517266162205, -0.000445150799351, 0.000514016370289, 0.00171915895771, -0.00356821762398, 0.00144391297363, -0.000875180296134, 0.00226554390974, -0.0048761991784, 0.0188390798867]]
    },
    "spectral_contrast_coeffs": {
        "mean": [-0.499777257442, -0.679209887981, -0.770910203457, -0.718604683876, -0.715101540089, -0.772736310959],
        "var": [0.00463031232357, 0.00538781611249, 0.00280557991937, 0.00230653351173, 0.00234281271696, 0.00152657169383]
    },
    "spectral_contrast_valleys": {
        "mean": [-7.47852420807, -6.48410701752, -7.32786560059, -7.29467868805, -8.08058929443, -11.743560791],
        "var": [0.563020586967, 0.474154472351, 0.54815787077, 0.440084308386, 0.42328235507, 1.57808542252]
    }
},
"metadata": {
    "audio_properties": {
        "analysis_sample_rate": 44100,
        "bit_rate": 128074,
        "equal_loudness": 0,
        "length": 45.0612258911,
        "lossless": 0,
        "replay_gain": -5.86005401611,
        "sample_rate": 44100,
        "codec": "mp3",
        "downmix": "mix",
        "md5_encoded": "4a674ece53e9fa6ee008a7e566fec57f"
    },
    "tags": {
        "file_name": "1413.mp3"
    },
    "version": {
        "essentia": "2.1-beta2",
        "essentia_git_sha": "v2.1_beta2",
        "extractor": "music 1.0"
    }
},
"rhythm": {
    "beats_count": 108,
    "beats_loudness": {
        "mean": 0.0519094988704,
        "var": 0.000509663135745
    },
    "bpm": 144.617141724,
    "bpm_histogram_first_peak_bpm": {
        "mean": 144,
        "var": 0
    },
    "bpm_histogram_first_peak_spread": {
        "mean": 0.316831678152,
        "var": 0
    },
    "bpm_histogram_first_peak_weight": {
        "mean": 0.644859790802,
        "var": 0
    },
    "bpm_histogram_second_peak_bpm": {
        "mean": 152,
        "var": 0
    },
    "bpm_histogram_second_peak_spread": {
        "mean": 0,
        "var": 0
    },
    "bpm_histogram_second_peak_weight": {
        "mean": 0.0560747645795,
        "var": 0
    },
    "danceability": 1.11426246166,
    "onset_rate": 2.99457359314,
    "beats_loudness_band_ratio": {
        "mean": [0.560085952282, 0.215301200747, 0.091244712472, 0.0869131609797, 0.0821589156985, 0.0108623700216],
        "var": [0.0548716448247, 0.0217785872519, 0.0093642314896, 0.00648873532191, 0.0059015667066, 0.000125652659335]
    },
    "beats_position": [0.441179126501, 0.859138309956, 1.26548755169, 1.68344664574, 2.08979582787, 2.50775504112, 2.92571425438, 3.34367346764, 3.75002264977, 4.1679816246, 4.57433080673, 4.99229001999, 5.41024923325, 5.8282084465, 6.23455762863, 6.65251684189, 7.07047605515, 7.4884352684, 7.89478445053, 8.31274318695, 8.71909236908, 9.13705158234, 9.54340076447, 9.94974994659, 10.3560991287, 10.774058342, 11.1920175552, 11.6099767685, 12.0279359818, 12.445895195, 12.8522443771, 13.2585935593, 13.6765527725, 14.1061220169, 14.512471199, 14.9304304123, 15.3251695633, 15.7431287766, 16.1610889435, 16.5790481567, 16.99700737, 17.4149665833, 17.8097057343, 18.2276649475, 18.6456241608, 19.0635814667, 19.458322525, 19.8762817383, 20.2942390442, 20.7121982574, 21.1301574707, 21.548116684, 21.9776859283, 22.3840351105, 22.8019943237, 23.2083435059, 23.614692688, 24.0326519012, 24.4506111145, 24.8685703278, 25.2749195099, 25.681268692, 26.0992279053, 26.5171871185, 26.9351463318, 27.3414955139, 27.747844696, 28.1658039093, 28.5837631226, 29.0017223358, 29.4196815491, 29.8260307312, 30.2323799133, 30.6387290955, 31.0450782776, 31.4630374908, 31.8809967041, 32.2873458862, 32.7053070068, 33.1348762512, 33.5528335571, 33.9707946777, 34.3887519836, 34.7951011658, 35.2130622864, 35.6194114685, 36.0373687744, 36.455329895, 36.8500671387, 37.2680282593, 37.6859855652, 38.1039466858, 38.5219039917, 38.9398651123, 39.3578224182, 39.7525634766, 40.1705207825, 40.5768699646, 40.9832191467, 41.4011802673, 41.8191375732, 42.2370948792, 42.6318359375, 43.0497932434, 43.467754364, 43.8857116699, 44.3036727905, 44.7216300964]
},
"tonal": {
    "chords_changes_rate": 0.0565843619406,
    "chords_number_rate": 0.0123456791043,
    "chords_strength": {
        "mean": 0.487914443016,
        "var": 0.00925483461469
    },
    "hpcp_entropy": {
        "mean": 2.09352827072,
        "var": 0.384815514088
    },
    "key_strength": 0.732844769955,
    "tuning_diatonic_strength": 0.47110670805,
    "tuning_equal_tempered_deviation": 0.0312193799764,
    "tuning_frequency": 442.548919678,
    "tuning_nontempered_energy_ratio": 0.685436248779,
    "hpcp": {
        "mean": [0.317373633385, 0.140821501613, 0.0525306500494, 0.0626628622413, 0.0967224985361, 0.194650784135, 0.266075134277, 0.194345057011, 0.169996023178, 0.199922278523, 0.129370927811, 0.0802199989557, 0.0849082395434, 0.0764486864209, 0.124165199697, 0.182415768504, 0.139946117997, 0.0729154497385, 0.0526843518019, 0.0887703746557, 0.279313802719, 0.388725668192, 0.213264033198, 0.0533767193556, 0.0220058783889, 0.0240577403456, 0.0921923741698, 0.143932387233, 0.101946897805, 0.137809231877, 0.179652065039, 0.0934659317136, 0.048710770905, 0.0712537840009, 0.126393407583, 0.291457504034],
        "var": [0.133772432804, 0.0387368351221, 0.0170874744654, 0.0290861725807, 0.0479147359729, 0.0593854673207, 0.0880715176463, 0.0634879097342, 0.0635642856359, 0.100313283503, 0.0436004623771, 0.0208227355033, 0.0222441703081, 0.0236617699265, 0.0457549579442, 0.0797870010138, 0.0583658367395, 0.0225715860724, 0.0169323924929, 0.0296474248171, 0.0957576408982, 0.14506419003, 0.0604562200606, 0.0153593961149, 0.00357297901064, 0.00476089213043, 0.0299487411976, 0.0582246631384, 0.0227743256837, 0.0404049046338, 0.0647764727473, 0.0180426370353, 0.0105718392879, 0.0195540860295, 0.0327516235411, 0.116125099361]
    },
    "chords_histogram": [12.9629631042, 11.3168725967, 11.2139921188, 26.6460914612, 5.04115247726, 2.77777767181, 0, 9.05349826813, 0, 11.728395462, 0, 0, 2.67489719391, 0, 0, 0, 0, 2.67489719391, 2.57201647758, 0, 0, 0, 0, 1.33744859695],
    "thpcp": [1, 0.548623502254, 0.137312054634, 0.0566103048623, 0.0618887357414, 0.237165644765, 0.370267271996, 0.262259244919, 0.354515403509, 0.462156414986, 0.240441888571, 0.125308856368, 0.183300942183, 0.325148075819, 0.74977684021, 0.816446304321, 0.362264484167, 0.135135531425, 0.161200731993, 0.248819425702, 0.500740766525, 0.6844804883, 0.499954253435, 0.437316179276, 0.514301717281, 0.332807779312, 0.206366613507, 0.218427151442, 0.196664884686, 0.31941601634, 0.469266086817, 0.360012561083, 0.187575593591, 0.135530933738, 0.22836253047, 0.718537092209],
    "chords_key": "G",
    "chords_scale": "major",
    "key_key": "A",
    "key_scale": "minor"
}
}