{
"lowlevel": {
    "average_loudness": 0.981550514698,
    "barkbands_crest": {
        "mean": 15.3943452835,
        "var": 27.2562026978
    },
    "barkbands_flatness_db": {
        "mean": 0.18782928586,
        "var": 0.00368305435404
    },
    "barkbands_kurtosis": {
        "mean": 19.8108100891,
        "var": 1250.46289063
    },
    "barkbands_skewness": {
        "mean": 3.1623711586,
        "var": 7.33549308777
    },
    "barkbands_spread": {
        "mean": 26.2240352631,
        "var": 490.128448486
    },
    "dissonance": {
        "mean": 0.459865242243,
        "var": 0.00109792267904
    },
    "dynamic_complexity": 1.77061963081,
    "erbbands_crest": {
        "mean": 9.51000213623,
        "var": 20.67760849
    },
    "erbbands_flatness_db": {
        "mean": 0.134198144078,
        "var": 0.0015316294739
    },
    "erbbands_kurtosis": {
        "mean": 0.712247908115,
        "var": 11.3720016479
    },
    "erbbands_skewness": {
        "mean": -0.0029090011958,
        "var": 1.32918548584
    },
    "erbbands_spread": {
        "mean": 64.0925979614,
        "var": 1060.30688477
    },
    "hfc": {
        "mean": 37.1321220398,
        "var": 1482.01977539
    },
    "melbands_crest": {
        "mean": 18.3798751831,
        "var": 17.2727642059
    },
    "melbands_flatness_db": {
        "mean": 0.263785809278,
        "var": 0.00600264966488
    },
    "melbands_kurtosis": {
        "mean": 73.6573410034,
        "var": 9422.57910156
    },
    "melbands_skewness": {
        "mean": 5.97359037399,
        "var": 16.148355484
    },
    "melbands_spread": {
        "mean": 18.1582317352,
        "var": 452.449066162
    },
    "pitch_salience": {
        "mean": 0.370126157999,
        "var": 0.0194123666734
    },
    "silence_rate_20dB": {
        "mean": 1,
        "var": 0
    },
    "silence_rate_30dB": {
        "mean": 0.988156557083,
        "var": 0.0117034502327
    },
    "silence_rate_60dB": {
        "mean": 0.00102986616548,
        "var": 0.00102881784551
    },
    "spectral_centroid": {
        "mean": 1503.61169434,
        "var": 854781.9375
    },
    "spectral_complexity": {
        "mean": 14.7075176239,
        "var": 49.7444458008
    },
    "spectral_decrease": {
        "mean": -1.45395091522e-008,
        "var": 3.6433193241e-017
    },
    "spectral_energy": {
        "mean": 0.058243393898,
        "var": 0.000512026657816
    },
    "spectral_energyband_high": {
        "mean": 0.00306820031255,
        "var": 2.67133964371e-005
    },
    "spectral_energyband_low": {
        "mean": 0.0400746017694,
        "var": 0.000671493704431
    },
    "spectral_energyband_middle_high": {
        "mean": 0.00437129102647,
        "var": 3.20762810588e-005
    },
    "spectral_energyband_middle_low": {
        "mean": 0.0114048402756,
        "var": 0.000120791890367
    },
    "spectral_entropy": {
        "mean": 7.61821842194,
        "var": 0.227163478732
    },
    "spectral_flux": {
        "mean": 0.0836066380143,
        "var": 0.00170365627855
    },
    "spectral_kurtosis": {
        "mean": 2.03955507278,
        "var": 3.64438390732
    },
    "spectral_rms": {
        "mean": 0.00736781908199,
        "var": 2.5380943498e-006
    },
    "spectral_rolloff": {
        "mean": 1350.43188477,
        "var": 4194316
    },
    "spectral_skewness": {
        "mean": 1.11149179935,
        "var": 0.271299123764
    },
    "spectral_spread": {
        "mean": 6459469.5,
        "var": 4.63686755942e+012
    },
    "spectral_strongpeak": {
        "mean": 0.920257687569,
        "var": 1.10902178288
    },
    "zerocrossingrate": {
        "mean": 0.0552559867501,
        "var": 0.00184353790246
    },
    "barkbands": {
        "mean": [0.000112120185804, 0.0323471650481, 0.0070090200752, 0.00144709669985, 0.00241087609902, 0.00361647969112, 0.00027909502387, 0.000373492395738, 0.0031263185665, 0.000306922243908, 0.00124631426297, 0.00028848965303, 0.000579038925935, 0.000125954102259, 0.000353740295395, 0.000304656918161, 0.000364955252735, 0.000425360834925, 0.000366671651136, 0.00025781992008, 0.000648581073619, 0.000573612400331, 0.000845970469527, 0.000389877677662, 0.00033625861397, 0.000103243277408, 4.33259174315e-006],
        "var": [5.23968921584e-008, 0.000525650917552, 4.83186449856e-005, 4.2547776502e-006, 1.44523792187e-005, 6.49617577437e-005, 1.22435653793e-006, 1.7082679733e-006, 4.11430810345e-005, 1.06438938019e-006, 7.37038271836e-006, 1.57463568939e-006, 2.50329298979e-006, 2.28709993166e-007, 6.18563433363e-007, 4.33774999919e-007, 4.73948887247e-007, 1.19249170893e-006, 5.48541947865e-007, 1.30088707806e-007, 1.44097884913e-006, 1.28935459998e-006, 3.53236669071e-006, 1.33233595534e-006, 1.28983731429e-006, 6.99582685115e-008, 2.50279352798e-010]
    },
    "erbbands": {
        "mean": [0.33487534523, 8.89442157745, 13.1497650146, 5.59139299393, 6.24046325684, 7.62267684937, 18.2507476807, 35.6424064636, 6.88529968262, 5.99147891998, 10.1910324097, 88.8955383301, 26.3064689636, 11.7593994141, 60.3586196899, 13.5800895691, 26.3304519653, 11.181933403, 20.2668304443, 12.9587268829, 16.2437953949, 20.6906890869, 22.0423793793, 25.9258480072, 12.8579406738, 12.1305522919, 19.8602390289, 29.6576213837, 22.6064300537, 18.5390796661, 23.8523826599, 12.1214666367, 5.66550731659, 4.2956776619, 2.05038666725, 0.652792930603, 0.156129047275, 0.0209894161671, 0.000573800003622, 9.17166180443e-005],
        "var": [0.0559671372175, 39.254234314, 87.1232299805, 54.5821228027, 48.969871521, 203.394348145, 2067.03759766, 6386.94775391, 366.356079102, 267.137451172, 984.587402344, 33658.7890625, 2810.05883789, 1757.28442383, 16379.4394531, 1228.40332031, 5127.11621094, 765.819946289, 2295.63012695, 645.092346191, 879.333740234, 1760.79797363, 3101.32226563, 3395.76757813, 349.360137939, 281.511047363, 922.499755859, 3644.35791016, 1994.17321777, 2015.54772949, 2921.80371094, 1053.7923584, 225.467773438, 153.421920776, 67.8364868164, 3.03506112099, 0.176582217216, 0.00373853556812, 2.61361446974e-006, 4.2026182534e-009]
    },
    "gfcc": {
        "mean": [26.3675022125, 69.8997421265, -82.1849975586, 62.7066345215, -50.9872283936, 32.630317688, -30.5372085571, 15.8735742569, -20.3899154663, 4.21499013901, -17.1737499237, 4.77629613876, -6.04367113113],
        "cov": [[2699.15087891, -648.029907227, -462.984405518, -182.142883301, -400.779174805, 61.4377059937, -85.4583358765, 197.03729248, -169.910919189, -16.4104270935, -99.8945007324, 45.0489692688, -26.6666107178], [-648.029907227, 1156.60888672, -351.924285889, -325.537902832, 223.789535522, -139.236083984, 153.588882446, -39.8353729248, 17.6347789764, -103.581672668, 186.035995483, -93.7088241577, 119.639572144], [-462.984405518, -351.924285889, 882.052307129, 250.319824219, 7.68894052505, 85.8570709229, -142.211227417, -84.8688964844, 66.650604248, 92.6875991821, -95.8200836182, 98.3235015869, -38.7825813293], [-182.142883301, -325.537902832, 250.319824219, 624.821228027, 46.1143455505, -21.5946922302, -53.3674240112, -120.393798828, 131.360458374, 50.4708786011, -61.5731201172, 45.6172027588, -60.9851951599], [-400.779174805, 223.789535522, 7.68894052505, 46.1143455505, 317.793395996, -28.4495315552, -14.8618249893, 18.7073230743, 23.2516765594, -17.0934486389, 45.2187461853, -55.9374923706, 0.332536429167], [61.4377059937, -139.236083984, 85.8570709229, -21.5946922302, -28.4495315552, 218.87097168, 80.8999938965, -44.1839179993, -14.1800146103, 23.5403804779, -36.780418396, -13.9201822281, -49.3394088745], [-85.4583358765, 153.588882446, -142.211227417, -53.3674240112, -14.8618249893, 80.8999938965, 220.215438843, -10.9758462906, 2.65161013603, -12.2676353455, 16.1611423492, -34.8547096252, -14.7705793381], [197.03729248, -39.8353729248, -84.8688964844, -120.393798828, 18.7073230743, -44.1839179993, -10.9758462906, 196.377731323, -2.74341011047, -26.7372131348, 0.627474844456, -26.7780170441, 19.2757358551], [-169.910919189, 17.6347789764, 66.650604248, 131.360458374, 23.2516765594, -14.1800146103, 2.65161013603, -2.74341011047, 142.042266846, 21.4183673859, -31.890209198, 12.4745788574, 1.88105642796], [-16.4104270935, -103.581672668, 92.6875991821, 50.4708786011, -17.0934486389, 23.5403804779, -12.2676353455, -26.7372131348, 21.4183673859, 85.5250778198, -0.225614368916, 8.01669597626, -18.2896595001], [-99.8945007324, 186.035995483, -95.8200836182, -61.5731201172, 45.2187461853, -36.780418396, 16.1611423492, 0.627474844456, -31.890209198, -0.225614368916, 146.276321411, -7.02827262878, 15.2558412552], [45.0489692688, -93.7088241577, 98.3235015869, 45.6172027588, -55.9374923706, -13.9201822281, -34.8547096252, -26.7780170441, 12.4745788574, 8.01669597626, -7.02827262878, 111.242164612, 31.9567890167], [-26.6666107178, 119.639572144, -38.7825813293, -60.9851951599, 0.332536429167, -49.3394088745, -14.7705793381, 19.2757358551, 1.88105642796, -18.2896595001, 15.2558412552, 31.9567890167, 102.317588806]],
        "icov": [[0.000789618236013, -7.81866547186e-005, 0.000711085274816, -0.000341952312738, 0.000826374802273, -0.000780733767897, 0.000863777881023, -0.00109371705912, 0.000932540511712, -0.000442642951384, 0.000551052798983, -0.000687324267346, 0.000350743881427], [-7.81866547186e-005, 0.00447561545298, -0.000419014017098, 0.00310982624069, -0.00229123909958, 0.00346189877018, -0.00306600867771, 0.00472571607679, -0.00397820631042, 0.0036981778685, -0.00320902722888, 0.00319354631938, -0.00299976416864], [0.000711085274816, -0.000419014017098, 0.0026042459067, -0.000838155916426, 0.000446278747404, -0.00200556125492, 0.00221153348684, -0.0012217866024, 0.000938936776947, -0.00194173411001, 0.00148569687735, -0.00235489872284, 0.000893312855624], [-0.000341952312738, 0.00310982624069, -0.000838155916426, 0.00515292119235, -0.00241776392795, 0.00366216036491, -0.00229416857474, 0.00519079435617, -0.00514615653083, 0.00247390917502, -0.00169546774123, 0.00150461925659, -0.000187363126315], [0.000826374802273, -0.00229123909958, 0.000446278747404, -0.00241776392795, 0.00615115417168, -0.00257225357927, 0.00288414489478, -0.00368143757805, 0.0020211704541, -0.000819250184577, 0.000265078997472, 0.00067150517134, 0.00103926006705], [-0.000780733767897, 0.00346189877018, -0.00200556125492, 0.00366216036491, -0.00257225357927, 0.0109944716096, -0.00634293211624, 0.0058711450547, -0.00282360217534, 0.00185214832891, -0.000935417716391, 0.00313481572084, 2.85600526695e-006], [0.000863777881023, -0.00306600867771, 0.00221153348684, -0.00229416857474, 0.00288414489478, -0.00634293211624, 0.0098652690649, -0.00378600344993, 0.00187156093307, -0.00184200052172, 0.00149153848179, -0.00175772921648, 0.00231332075782], [-0.00109371705912, 0.00472571607679, -0.0012217866024, 0.00519079435617, -0.00368143757805, 0.0058711450547, -0.00378600344993, 0.0129722757265, -0.00655794655904, 0.0053331265226, -0.00320188095793, 0.00533241732046, -0.00344146112911], [0.000932540511712, -0.00397820631042, 0.000938936776947, -0.00514615653083, 0.0020211704541, -0.00282360217534, 0.00187156093307, -0.00655794655904, 0.0146987717599, -0.00621457025409, 0.00548939779401, -0.00402745651081, 0.00137911364436], [-0.000442642951384, 0.0036981778685, -0.00194173411001, 0.00247390917502, -0.000819250184577, 0.00185214832891, -0.00184200052172, 0.0053331265226, -0.00621457025409, 0.0184100531042, -0.00536512071267, 0.00386350066401, -0.00107751693577], [0.000551052798983, -0.00320902722888, 0.00148569687735, -0.00169546774123, 0.000265078997472, -0.000935417716391, 0.00149153848179, -0.00320188095793, 0.00548939779401, -0.00536512071267, 0.0118523258716, -0.00394976651296, 0.0022215442732], [-0.000687324267346, 0.00319354631938, -0.00235489872284, 0.00150461925659, 0.00067150517134, 0.00313481572084, -0.00175772921648, 0.00533241732046, -0.00402745651081, 0.00386350066401, -0.00394976651296, 0.0169957354665, -0.00761266099289], [0.000350743881427, -0.00299976416864, 0.000893312855624, -0.000187363126315, 0.00103926006705, 2.85600526695e-006, 0.00231332075782, -0.00344146112911, 0.00137911364436, -0.00107751693577, 0.0022215442732, -0.00761266099289, 0.0164081901312]]
    },
    "melbands": {
        "mean": [0.00630411179736, 0.00960807874799, 0.00104973488487, 0.000460589973954, 0.000619301979896, 0.000737591879442, 8.53653182276e-005, 6.92865578458e-005, 7.32526241336e-005, 0.000594599172473, 0.000106485189463, 3.45034386555e-005, 0.000172707252204, 8.18247935968e-005, 2.27706532314e-005, 7.03008408891e-005, 1.19590267786e-005, 3.1577572372e-005, 1.864864862e-005, 2.3913644327e-005, 1.72693016793e-005, 2.40404206124e-005, 1.93192227016e-005, 1.80190781975e-005, 2.19195517275e-005, 1.06019151644e-005, 6.47423439659e-006, 8.33488957142e-006, 1.13398036774e-005, 1.5622788851e-005, 1.74312972376e-005, 1.42390044857e-005, 8.32642035675e-006, 1.10497612695e-005, 1.35619739012e-005, 1.292318575e-005, 5.44430668015e-006, 4.02703199143e-006, 3.37025699082e-006, 3.79628681912e-006],
        "var": [1.98071102204e-005, 4.07184088544e-005, 1.54073211434e-006, 2.99347050259e-007, 1.82707969998e-006, 2.67548034572e-006, 6.52374936294e-008, 4.04423303735e-008, 6.79084095623e-008, 1.52499842443e-006, 6.04053767006e-008, 2.73926445971e-008, 1.33715786887e-007, 4.43759127222e-008, 4.12199652189e-009, 4.40177814198e-008, 2.04649919233e-009, 6.29944540975e-009, 1.87425452935e-009, 3.17386938953e-009, 1.06456188309e-009, 2.91942292563e-009, 3.54168339101e-009, 1.46230239029e-009, 2.80590817248e-009, 2.92756180409e-010, 1.08596305559e-010, 1.55877644126e-010, 3.00627467364e-010, 8.60021776017e-010, 1.42092215771e-009, 8.95970020398e-010, 2.74806399858e-010, 7.96630761357e-010, 1.1166445546e-009, 7.91900045538e-010, 4.05763145306e-010, 1.29806027038e-010, 7.66983143663e-011, 1.45888162661e-010]
    },
    "mfcc": {
        "mean": [-625.077087402, 90.780090332, 34.2287101746, 39.8618659973, 18.4191856384, 21.1140480042, 8.35907173157, 13.9516038895, 10.7004117966, 1.85339486599, -1.81632554531, 4.81224966049, 0.735550940037],
        "cov": [[2359.36791992, -660.47467041, -346.750091553, -231.53767395, -279.681182861, -221.958755493, -1.09639835358, 51.8620071411, -61.1334724426, 12.7960252762, -28.2076015472, -124.003105164, -165.620147705], [-660.47467041, 1200.61572266, -384.08001709, -191.485824585, 47.2188453674, -150.093688965, 183.011886597, -24.769159317, -35.1545562744, 10.2360467911, -21.0295257568, -25.9727993011, -22.3505840302], [-346.750091553, -384.08001709, 735.309387207, 89.6057510376, 37.329990387, 197.256851196, -155.18888855, -24.7711372375, 50.3627967834, -57.8742790222, -7.53977441788, 59.5095176697, 94.4708099365], [-231.53767395, -191.485824585, 89.6057510376, 440.305419922, 100.39793396, 76.235748291, -130.829116821, 0.737016379833, 23.5002784729, -12.3435726166, 1.87367510796, 63.9874725342, 71.9891281128], [-279.681182861, 47.2188453674, 37.329990387, 100.39793396, 312.517303467, -63.1691932678, -8.75684547424, -33.2774162292, 16.3829860687, 2.15042233467, -6.28793954849, 32.7023544312, 20.1441497803], [-221.958755493, -150.093688965, 197.256851196, 76.235748291, -63.1691932678, 386.871398926, -43.8671760559, 12.5076732635, 7.53334569931, -2.41092610359, 40.6413345337, 35.7648277283, 64.4095306396], [-1.09639835358, 183.011886597, -155.18888855, -130.829116821, -8.75684547424, -43.8671760559, 220.718887329, 6.13589811325, -49.395488739, 32.9318008423, 26.60455513, -33.4156532288, -35.7324371338], [51.8620071411, -24.769159317, -24.7711372375, 0.737016379833, -33.2774162292, 12.5076732635, 6.13589811325, 119.451545715, 37.7863349915, 4.20226335526, 11.285484314, 5.05086660385, 3.42244338989], [-61.1334724426, -35.1545562744, 50.3627967834, 23.5002784729, 16.3829860687, 7.53334569931, -49.395488739, 37.7863349915, 149.807525635, 15.1043310165, -16.5571994781, 18.0029315948, 16.230348587], [12.7960252762, 10.2360467911, -57.8742790222, -12.3435726166, 2.15042233467, -2.41092610359, 32.9318008423, 4.20226335526, 15.1043310165, 109.836914063, 31.1703491211, -11.744102478, -13.2018671036], [-28.2076015472, -21.0295257568, -7.53977441788, 1.87367510796, -6.28793954849, 40.6413345337, 26.60455513, 11.285484314, -16.5571994781, 31.1703491211, 105.384773254, 19.7857112885, -8.55576610565], [-124.003105164, -25.9727993011, 59.5095176697, 63.9874725342, 32.7023544312, 35.7648277283, -33.4156532288, 5.05086660385, 18.0029315948, -11.744102478, 19.7857112885, 96.6566085815, 37.4154167175], [-165.620147705, -22.3505840302, 94.4708099365, 71.9891281128, 20.1441497803, 64.4095306396, -35.7324371338, 3.42244338989, 16.230348587, -13.2018671036, -8.55576610565, 37.4154167175, 99.179145813]],
        "icov": [[0.000961786950938, 0.000830083328765, 0.000659652578179, 0.000522609218024, 0.000503562274389, 0.00043356185779, 0.000328770896886, -0.000182908785064, 0.000310569914291, 7.88802426541e-005, 0.000277474755421, 0.000228087752475, 0.000423972174758], [0.000830083328765, 0.00189794134349, 0.00116009300109, 0.000884162087459, 0.000153497880092, 0.0004351757525, -0.000265355280135, 0.000191890954738, 0.000129028019728, 0.000334003765602, 0.000455548637547, -6.13315523879e-006, -0.000283971923636], [0.000659652578179, 0.00116009300109, 0.00277800788172, 0.000937492586672, -0.000151986067067, -0.000513157399837, 0.00104531622492, 0.000558043015189, -0.000260504079051, 0.000927917310037, 6.23613595963e-005, -4.277257176e-005, -0.00105447077658], [0.000522609218024, 0.000884162087459, 0.000937492586672, 0.00387044157833, -0.00090777076548, -0.000226866060984, 0.00195563747548, -0.000317648693454, 0.000591281917877, -0.00011621943122, 3.78427685064e-005, -0.000731444510166, -0.00141616212204], [0.000503562274389, 0.000153497880092, -0.000151986067067, -0.00090777076548, 0.00440535042435, 0.00128322746605, -0.000561433902476, 0.00107628724072, -0.000436186266597, -0.000244066002779, 0.000132904911879, -0.000839987769723, 7.88731704233e-005], [0.00043356185779, 0.0004351757525, -0.000513157399837, -0.000226866060984, 0.00128322746605, 0.0038950452581, -3.80079873139e-005, -0.00014902537805, 0.000206491400604, -0.000149253479321, -0.00128438556567, 4.76789173263e-005, -0.00150562927593], [0.000328770896886, -0.000265355280135, 0.00104531622492, 0.00195563747548, -0.000561433902476, -3.80079873139e-005, 0.00762007571757, -0.00109710835386, 0.00214695814066, -0.00132187048439, -0.00121058325749, 0.00100037863012, -1.31479864649e-005], [-0.000182908785064, 0.000191890954738, 0.000558043015189, -0.000317648693454, 0.00107628724072, -0.00014902537805, -0.00109710835386, 0.010181998834, -0.00335928006098, 0.000947266118601, -0.00149918475654, -0.000171485851752, -0.000820438901428], [0.000310569914291, 0.000129028019728, -0.000260504079051, 0.000591281917877, -0.000436186266597, 0.000206491400604, 0.00214695814066, -0.00335928006098, 0.00908521004021, -0.00264166737907, 0.00225043925457, -0.00130558712408, 5.884786151e-005], [7.88802426541e-005, 0.000334003765602, 0.000927917310037, -0.00011621943122, -0.000244066002779, -0.000149253479321, -0.00132187048439, 0.000947266118601, -0.00264166737907, 0.0115467067808, -0.00378576759249, 0.00202772207558, -7.71929844632e-005], [0.000277474755421, 0.000455548637547, 6.23613595963e-005, 3.78427685064e-005, 0.000132904911879, -0.00128438556567, -0.00121058325749, -0.00149918475654, 0.00225043925457, -0.00378576759249, 0.0130904139951, -0.00410123448819, 0.00270609394647], [0.000228087752475, -6.13315523879e-006, -4.277257176e-005, -0.000731444510166, -0.000839987769723, 4.76789173263e-005, 0.00100037863012, -0.000171485851752, -0.00130558712408, 0.00202772207558, -0.00410123448819, 0.0146183315665, -0.00392786134034], [0.000423972174758, -0.000283971923636, -0.00105447077658, -0.00141616212204, 7.88731704233e-005, -0.00150562927593, -1.31479864649e-005, -0.000820438901428, 5.884786151e-005, -7.71929844632e-005, 0.00270609394647, -0.00392786134034, 0.0154397739097]]
    },
    "spectral_contrast_coeffs": {
        "mean": [-0.640595436096, -0.699344158173, -0.727915585041, -0.745293021202, -0.753852784634, -0.748021245003],
        "var": [0.00265814829618, 0.0106687955558, 0.0138408606872, 0.00422967132181, 0.0032033296302, 0.00392061891034]
    },
    "spectral_contrast_valleys": {
        "mean": [-6.69079208374, -7.36592102051, -7.87647724152, -8.23675727844, -7.75716114044, -9.42913627625],
        "var": [0.362722694874, 0.392475008965, 0.478367328644, 0.465949058533, 0.628044366837, 0.812700629234]
    }
},
"metadata": {
    "audio_properties": {
        "analysis_sample_rate": 44100,
        "bit_rate": 128074,
        "equal_loudness": 0,
        "length": 45.0612258911,
        "lossless": 0,
        "replay_gain": -4.1960144043,
        "sample_rate": 44100,
        "codec": "mp3",
        "downmix": "mix",
        "md5_encoded": "19cf04565dc5010d6d734343265700b4"
    },
    "tags": {
        "file_name": "1415.mp3"
    },
    "version": {
        "essentia": "2.1-beta2",
        "essentia_git_sha": "v2.1_beta2",
        "extractor": "music 1.0"
    }
},
"rhythm": {
    "beats_count": 75,
    "beats_loudness": {
        "mean": 0.05685351789,
        "var": 0.00040299264947
    },
    "bpm": 101.029335022,
    "bpm_histogram_first_peak_bpm": {
        "mean": 101,
        "var": 0
    },
    "bpm_histogram_first_peak_spread": {
        "mean": 0.486486494541,
        "var": 0
    },
    "bpm_histogram_first_peak_weight": {
        "mean": 0.513513505459,
        "var": 0
    },
    "bpm_histogram_second_peak_bpm": {
        "mean": 0,
        "var": 0
    },
    "bpm_histogram_second_peak_spread": {
        "mean": 0,
        "var": 0
    },
    "bpm_histogram_second_peak_weight": {
        "mean": 0,
        "var": 0
    },
    "danceability": 1.42500257492,
    "onset_rate": 4.70258998871,
    "beats_loudness_band_ratio": {
        "mean": [0.607372522354, 0.0927787050605, 0.0840387642384, 0.0460421070457, 0.0325863473117, 0.151650473475],
        "var": [0.0509570538998, 0.0135075170547, 0.00977900344878, 0.00510043697432, 0.00132589018904, 0.0181404426694]
    },
    "beats_position": [0.568888902664, 1.14938771725, 1.74149656296, 2.33360528946, 2.91410422325, 3.49460315704, 4.08671188354, 4.67882061005, 5.27092981339, 5.86303853989, 6.45514726639, 7.03564596176, 7.61614513397, 8.19664382935, 8.78875255585, 9.38086128235, 9.97297000885, 10.5534696579, 11.1455783844, 11.749297142, 12.3530158997, 12.9567346573, 13.5604534149, 14.1641721725, 14.7678909302, 15.3599996567, 15.9521083832, 16.5326080322, 17.1131057739, 17.7168254852, 18.3089332581, 18.9010429382, 19.4815406799, 20.0736503601, 20.6657600403, 21.2694778442, 21.8615875244, 22.4536952972, 23.0574150085, 23.6611328125, 24.2648525238, 24.8685703278, 25.4722900391, 26.076007843, 26.6797275543, 27.2834453583, 27.8871650696, 28.4908847809, 29.0946025848, 29.686712265, 30.2788200378, 30.8825397491, 31.4862575531, 32.0899772644, 32.6820869446, 33.2741928101, 33.8779144287, 34.4816322327, 35.0621299744, 35.6542396545, 36.2463493347, 36.8384590149, 37.4305648804, 38.0226745605, 38.6147842407, 39.2068939209, 39.7989997864, 40.3911094666, 40.9832191467, 41.5753288269, 42.1674385071, 42.7595443726, 43.3516540527, 43.9321517944, 44.5242614746]
},
"tonal": {
    "chords_changes_rate": 0.0462962947786,
    "chords_number_rate": 0.00823045242578,
    "chords_strength": {
        "mean": 0.462725162506,
        "var": 0.0145095819607
    },
    "hpcp_entropy": {
        "mean": 1.95680689812,
        "var": 0.614686667919
    },
    "key_strength": 0.588870227337,
    "tuning_diatonic_strength": 0.482672661543,
    "tuning_equal_tempered_deviation": 0.169779345393,
    "tuning_frequency": 435.700531006,
    "tuning_nontempered_energy_ratio": 0.820826470852,
    "hpcp": {
        "mean": [0.0231753624976, 0.020815519616, 0.0126655166969, 0.0160375591367, 0.0551201999187, 0.0964207649231, 0.0711319595575, 0.0353634953499, 0.0472611896694, 0.0877399668097, 0.0787834748626, 0.0295242089778, 0.0169858559966, 0.0167271625251, 0.0153577849269, 0.0226642396301, 0.0305135473609, 0.0363378562033, 0.0580787062645, 0.137599349022, 0.412480741739, 0.667965888977, 0.467310965061, 0.202148094773, 0.236643984914, 0.193012207747, 0.0559335574508, 0.0171675104648, 0.0159782841802, 0.0251026842743, 0.0382807664573, 0.0295682046562, 0.0117593500763, 0.00757450284436, 0.00841439515352, 0.0141064822674],
        "var": [0.00165181967895, 0.00256102439016, 0.00134671363048, 0.00195455364883, 0.0160374306142, 0.0447854548693, 0.0263257976621, 0.0121184522286, 0.013766894117, 0.0257101170719, 0.0212734062225, 0.00490149436519, 0.00533717032522, 0.00630240235478, 0.00418929383159, 0.00923899654299, 0.0114291980863, 0.0131476260722, 0.025890596211, 0.0659859627485, 0.115881435573, 0.139453575015, 0.134446039796, 0.0683345496655, 0.118560783565, 0.0944675654173, 0.0169766992331, 0.0037679891102, 0.0048977220431, 0.00692280940711, 0.0116444658488, 0.00707158306614, 0.00211071921512, 0.000928763649426, 0.000557958555873, 0.000701863958966]
    },
    "chords_histogram": [55.6584358215, 16.2551441193, 0, 0, 0, 0, 0, 0.514403283596, 1.64609050751, 0, 0, 0, 0, 0, 1.33744859695, 0, 2.16049385071, 0, 0, 0, 0, 5.55555534363, 3.18930029869, 13.6831274033],
    "thpcp": [1, 0.699603021145, 0.30263236165, 0.354275554419, 0.288955181837, 0.0837371498346, 0.0257011782378, 0.0239208079875, 0.0375807881355, 0.0573094636202, 0.0442660413682, 0.0176047161222, 0.011339655146, 0.0125970430672, 0.0211185663939, 0.0346954278648, 0.0311625488102, 0.0189613234252, 0.0240095481277, 0.0825194865465, 0.144349828362, 0.106490410864, 0.0529420673847, 0.0707538947463, 0.131353959441, 0.117945358157, 0.0442001745105, 0.0254292264581, 0.0250419415534, 0.0229918695986, 0.033930234611, 0.0456812940538, 0.054400768131, 0.0869486108422, 0.205997571349, 0.617517650127],
    "chords_key": "A",
    "chords_scale": "minor",
    "key_key": "A",
    "key_scale": "minor"
}
}