{
"lowlevel": {
    "average_loudness": 0.918861150742,
    "barkbands_crest": {
        "mean": 16.1218795776,
        "var": 24.4279632568
    },
    "barkbands_flatness_db": {
        "mean": 0.380982279778,
        "var": 0.00239268969744
    },
    "barkbands_kurtosis": {
        "mean": 22.502746582,
        "var": 1196.11376953
    },
    "barkbands_skewness": {
        "mean": 1.23711133003,
        "var": 2.05347919464
    },
    "barkbands_spread": {
        "mean": 1.62147426605,
        "var": 2.19661545753
    },
    "dissonance": {
        "mean": 0.306603997946,
        "var": 0.00634903786704
    },
    "dynamic_complexity": 2.46812224388,
    "erbbands_crest": {
        "mean": 17.1843719482,
        "var": 28.7390518188
    },
    "erbbands_flatness_db": {
        "mean": 0.340437501669,
        "var": 0.0016095826868
    },
    "erbbands_kurtosis": {
        "mean": 17.0979881287,
        "var": 438.985961914
    },
    "erbbands_skewness": {
        "mean": 2.07448720932,
        "var": 2.66866374016
    },
    "erbbands_spread": {
        "mean": 5.17562770844,
        "var": 12.6099681854
    },
    "hfc": {
        "mean": 6.8269701004,
        "var": 42.0323944092
    },
    "melbands_crest": {
        "mean": 17.9193153381,
        "var": 27.6126117706
    },
    "melbands_flatness_db": {
        "mean": 0.49646577239,
        "var": 0.0027539068833
    },
    "melbands_kurtosis": {
        "mean": 9.71492958069,
        "var": 172.800964355
    },
    "melbands_skewness": {
        "mean": 1.15502882004,
        "var": 1.02566099167
    },
    "melbands_spread": {
        "mean": 2.63623595238,
        "var": 15.1018724442
    },
    "pitch_salience": {
        "mean": 0.500764191151,
        "var": 0.0153323654085
    },
    "silence_rate_20dB": {
        "mean": 1,
        "var": 0
    },
    "silence_rate_30dB": {
        "mean": 0.99330586195,
        "var": 0.00664932839572
    },
    "silence_rate_60dB": {
        "mean": 0.00875386223197,
        "var": 0.00867714639753
    },
    "spectral_centroid": {
        "mean": 300.702667236,
        "var": 45912.4179688
    },
    "spectral_complexity": {
        "mean": 5.40113306046,
        "var": 2.19902014732
    },
    "spectral_decrease": {
        "mean": -6.37939390202e-009,
        "var": 2.75823540692e-017
    },
    "spectral_energy": {
        "mean": 0.0246965084225,
        "var": 0.000414994836319
    },
    "spectral_energyband_high": {
        "mean": 2.38807479036e-006,
        "var": 6.25087828721e-011
    },
    "spectral_energyband_low": {
        "mean": 0.00214023585431,
        "var": 5.62907825952e-006
    },
    "spectral_energyband_middle_high": {
        "mean": 0.000170494357008,
        "var": 2.50495759246e-007
    },
    "spectral_energyband_middle_low": {
        "mean": 0.0228872876614,
        "var": 0.000381602236303
    },
    "spectral_entropy": {
        "mean": 4.98215055466,
        "var": 0.16450561583
    },
    "spectral_flux": {
        "mean": 0.0473795868456,
        "var": 0.000985708320513
    },
    "spectral_kurtosis": {
        "mean": 55.8283004761,
        "var": 538.348083496
    },
    "spectral_rms": {
        "mean": 0.00458180066198,
        "var": 3.10123027703e-006
    },
    "spectral_rolloff": {
        "mean": 374.99041748,
        "var": 192022.203125
    },
    "spectral_skewness": {
        "mean": 6.1586151123,
        "var": 1.83042180538
    },
    "spectral_spread": {
        "mean": 1684249.875,
        "var": 1.26651006976e+012
    },
    "spectral_strongpeak": {
        "mean": 1.05777573586,
        "var": 0.531453430653
    },
    "zerocrossingrate": {
        "mean": 0.0140432398766,
        "var": 0.000135162918014
    },
    "barkbands": {
        "mean": [1.43952665894e-005, 0.000304562534438, 0.00131915300153, 0.00150879565626, 0.0149299576879, 0.00320432265289, 0.00182793685235, 0.00122874125373, 0.000173004780663, 9.67632440734e-005, 3.74144910893e-005, 1.77718629857e-005, 1.80749957508e-005, 3.46634237758e-006, 4.19094112658e-006, 3.16886053042e-006, 8.03142199857e-007, 8.3527697825e-007, 6.62023239784e-007, 5.02701880123e-007, 9.87184307633e-007, 4.0013694047e-007, 1.48324062366e-007, 1.21167303746e-007, 1.71047986441e-007, 1.95239465484e-007, 2.7019874338e-008],
        "var": [1.16905338743e-008, 5.07298310026e-008, 4.47674165116e-006, 2.52826748692e-006, 0.000274357182207, 1.85823137144e-005, 2.23715614993e-005, 2.96852758765e-005, 2.16343309489e-007, 1.44156857118e-007, 3.95747612458e-008, 9.2461300838e-009, 2.31833592323e-008, 1.871574562e-010, 2.26917318269e-010, 3.4477579125e-010, 1.08210194277e-011, 6.28792764384e-012, 2.34795776571e-012, 6.98337655064e-013, 2.40058511264e-011, 1.94981595973e-012, 9.18563510845e-013, 9.69660820822e-014, 1.57252238574e-012, 7.34024657462e-014, 7.02878633423e-016]
    },
    "erbbands": {
        "mean": [0.00923717115074, 0.0889902710915, 1.06635081768, 3.75310897827, 23.0221443176, 68.4701004028, 32.2986984253, 24.8690128326, 24.2250785828, 35.2889213562, 20.5547218323, 4.391685009, 3.24078607559, 2.67477059364, 1.27387309074, 0.617096722126, 0.584461987019, 0.436968535185, 0.18795016408, 0.168570637703, 0.199700295925, 0.0522067286074, 0.0476090274751, 0.0386914908886, 0.0255784541368, 0.023927366361, 0.0356945879757, 0.0393630638719, 0.0172607991844, 0.00662283133715, 0.00414097867906, 0.00271755317226, 0.00205330341123, 0.00177647126839, 0.00129981338978, 0.000766485230997, 0.000367198343156, 9.95761583908e-005, 1.37372990139e-005, 2.72535871773e-005],
        "var": [1.25836022562e-005, 0.00904285069555, 3.22069740295, 7.87365198135, 609.465270996, 9427.93554688, 1079.73291016, 1466.28723145, 2912.73242188, 31186.4160156, 3324.66870117, 108.490242004, 74.0805206299, 91.1916732788, 24.6135826111, 4.77343225479, 14.5678377151, 18.1260738373, 0.512524604797, 0.267175406218, 1.29881751537, 0.0337475277483, 0.0228757616132, 0.00697443541139, 0.0033321462106, 0.00181689939927, 0.0136755807325, 0.068728223443, 0.00465955398977, 0.00101620494388, 0.000550652795937, 4.39377108705e-005, 4.34769863205e-005, 0.000159824689035, 8.18260596134e-005, 7.03199839336e-006, 4.41181562394e-008, 2.72952216385e-009, 1.00448392659e-010, 5.05416541952e-010]
    },
    "gfcc": {
        "mean": [-177.270095825, 178.180099487, -28.4326095581, 2.60304021835, -64.7865219116, -26.0052032471, -41.9460792542, -14.5801715851, -26.0672588348, -1.90576469898, -18.0854072571, -4.90405845642, -5.40946102142],
        "cov": [[1468.35107422, 348.841369629, -398.918762207, -187.992675781, -72.3216323853, -108.462348938, 128.466644287, -38.1365203857, 8.08630371094, -20.6237831116, -20.1474189758, -99.6253585815, -35.7982215881], [348.841369629, 229.374481201, 2.06241178513, -175.851333618, -42.7488441467, 13.7938156128, 83.3206481934, 4.21699619293, -27.3684768677, -38.2017593384, 12.5470609665, -59.2106628418, -32.8592681885], [-398.918762207, 2.06241178513, 442.237823486, 97.1585769653, -0.602556288242, -6.44797706604, -70.9921722412, -21.7537899017, -23.5696411133, -58.2963638306, 4.13644313812, 8.88287734985, -4.76173830032], [-187.992675781, -175.851333618, 97.1585769653, 304.655059814, 87.8022003174, -101.040756226, -120.063423157, -21.252166748, 49.3080291748, 2.43120217323, -42.2123260498, 29.6465187073, 21.4081459045], [-72.3216323853, -42.7488441467, -0.602556288242, 87.8022003174, 135.005813599, -1.39190971851, -74.6551437378, -28.7020587921, -0.382272154093, -14.4242687225, -13.0775671005, -4.8246216774, 15.0558385849], [-108.462348938, 13.7938156128, -6.44797706604, -101.040756226, -1.39190971851, 182.96786499, 63.148639679, -29.2708873749, -58.6191139221, 16.7763385773, 15.8374652863, 7.86611652374, -10.4546766281], [128.466644287, 83.3206481934, -70.9921722412, -120.063423157, -74.6551437378, 63.148639679, 150.762969971, 28.0677509308, -56.6558303833, -19.6094894409, 12.5119552612, -23.5114212036, -30.9065551758], [-38.1365203857, 4.21699619293, -21.7537899017, -21.252166748, -28.7020587921, -29.2708873749, 28.0677509308, 131.53414917, 30.2499694824, -20.6691226959, -13.7738285065, -5.81698608398, -19.3630237579], [8.08630371094, -27.3684768677, -23.5696411133, 49.3080291748, -0.382272154093, -58.6191139221, -56.6558303833, 30.2499694824, 120.645980835, 47.1389541626, -46.2035522461, -13.2555932999, 5.21824455261], [-20.6237831116, -38.2017593384, -58.2963638306, 2.43120217323, -14.4242687225, 16.7763385773, -19.6094894409, -20.6691226959, 47.1389541626, 102.883720398, 14.5180873871, -1.06531691551, -2.63158583641], [-20.1474189758, 12.5470609665, 4.13644313812, -42.2123260498, -13.0775671005, 15.8374652863, 12.5119552612, -13.7738285065, -46.2035522461, 14.5180873871, 82.5835418701, 31.7004623413, -16.4032821655], [-99.6253585815, -59.2106628418, 8.88287734985, 29.6465187073, -4.8246216774, 7.86611652374, -23.5114212036, -5.81698608398, -13.2555932999, -1.06531691551, 31.7004623413, 92.5766677856, 41.5869598389], [-35.7982215881, -32.8592681885, -4.76173830032, 21.4081459045, 15.0558385849, -10.4546766281, -30.9065551758, -19.3630237579, 5.21824455261, -2.63158583641, -16.4032821655, 41.5869598389, 83.0271606445]],
        "icov": [[0.0040461239405, -0.0106185106561, 0.00600884342566, -0.00581581611186, 0.00548939080909, -0.000524471281096, 0.00418025394902, 0.0016509735724, 0.00189681048505, 0.00144177931361, 0.000641426362563, 0.000348182889866, 0.0001447507384], [-0.0106185106561, 0.0431961789727, -0.0190943405032, 0.0263671781868, -0.0200430378318, 0.0078800721094, -0.0191433317959, 0.000430478714406, -0.0100373765454, -0.000197412475245, -0.00238146912307, 0.00173887691926, 0.00150776142254], [0.00600884342566, -0.0190943405032, 0.014145899564, -0.0143710458651, 0.0150239029899, -0.00648056529462, 0.0132865449414, 0.00148609222379, 0.00275452830829, 0.00776164280251, -0.0039480291307, 0.00499114021659, -0.00190434139222], [-0.00581581611186, 0.0263671781868, -0.0143710458651, 0.02753056027, -0.0208557527512, 0.0146424993873, -0.0137641057372, 0.00210975832306, -0.000774006941356, -0.00903333164752, 0.012896751985, -0.0111530292779, 0.00889553688467], [0.00548939080909, -0.0200430378318, 0.0150239029899, -0.0208557527512, 0.0324687436223, -0.0146748423576, 0.0236669555306, 0.000137768467539, 0.00281332922168, 0.0143483895808, -0.0108336806297, 0.0149655612186, -0.00757825793698], [-0.000524471281096, 0.0078800721094, -0.00648056529462, 0.0146424993873, -0.0146748423576, 0.0207078233361, -0.012343827635, 0.00342475180514, 0.00807423517108, -0.0143055478111, 0.0170975942165, -0.0142999626696, 0.0097973216325], [0.00418025394902, -0.0191433317959, 0.0132865449414, -0.0137641057372, 0.0236669555306, -0.012343827635, 0.0334410183132, -0.00455405097455, 0.0122225889936, 0.00703867105767, -0.001443686313, 0.00870133098215, -0.00111132347956], [0.0016509735724, 0.000430478714406, 0.00148609222379, 0.00210975832306, 0.000137768467539, 0.00342475180514, -0.00455405097455, 0.0134862968698, -0.00697698397562, 0.00580415176228, 0.000423677789513, -0.00229391944595, 0.00413481565192], [0.00189681048505, -0.0100373765454, 0.00275452830829, -0.000774006941356, 0.00281332922168, 0.00807423517108, 0.0122225889936, -0.00697698397562, 0.0351212248206, -0.0214479453862, 0.026174325496, -0.010012104176, 0.00793103966862], [0.00144177931361, -0.000197412475245, 0.00776164280251, -0.00903333164752, 0.0143483895808, -0.0143055478111, 0.00703867105767, 0.00580415176228, -0.0214479453862, 0.0349404588342, -0.0266267061234, 0.0181939154863, -0.00902973674238], [0.000641426362563, -0.00238146912307, -0.0039480291307, 0.012896751985, -0.0108336806297, 0.0170975942165, -0.001443686313, 0.000423677789513, 0.026174325496, -0.0266267061234, 0.0502571724355, -0.03072213009, 0.0222894046456], [0.000348182889866, 0.00173887691926, 0.00499114021659, -0.0111530292779, 0.0149655612186, -0.0142999626696, 0.00870133098215, -0.00229391944595, -0.010012104176, 0.0181939154863, -0.03072213009, 0.0386312007904, -0.0220234971493], [0.0001447507384, 0.00150776142254, -0.00190434139222, 0.00889553688467, -0.00757825793698, 0.0097973216325, -0.00111132347956, 0.00413481565192, 0.00793103966862, -0.00902973674238, 0.0222894046456, -0.0220234971493, 0.0281091406941]]
    },
    "melbands": {
        "mean": [8.28342599561e-005, 0.000410171283875, 0.00104826176539, 0.00342363468371, 0.00157397962175, 0.000566911825445, 0.000379799370421, 0.000370281311916, 0.000127738079755, 2.34754497797e-005, 1.69179184013e-005, 1.21047432913e-005, 4.86296858071e-006, 2.4522394142e-006, 1.23371034988e-006, 1.49701907048e-006, 6.72831390602e-007, 2.59861536733e-007, 3.12243230383e-007, 1.34559513754e-007, 2.71896084314e-007, 5.15909768239e-008, 3.07083354301e-008, 4.39246008455e-008, 2.97503461866e-008, 2.63604587047e-008, 1.12481313153e-008, 1.66157416714e-008, 2.1262341221e-008, 2.13203641408e-008, 2.37829667071e-008, 9.98637439409e-009, 5.50925882692e-009, 2.90721446916e-009, 2.43625786212e-009, 1.99488803254e-009, 1.51408285909e-009, 1.34395461426e-009, 1.5187229252e-009, 1.47397383188e-009],
        "var": [1.72301828361e-009, 4.38258524582e-007, 9.69145162344e-007, 1.70714629348e-005, 2.65535459221e-006, 7.50246442749e-007, 6.21824767677e-007, 3.47311515725e-006, 1.18472954114e-007, 5.07057418275e-009, 2.17955742343e-009, 2.16097650885e-009, 5.58989410315e-010, 1.61999302861e-010, 3.73524752795e-011, 2.44022302365e-010, 4.17765579075e-011, 1.11961384174e-012, 1.15953253943e-012, 2.82234359581e-013, 3.00405447046e-012, 3.02702470294e-014, 1.2049746712e-014, 1.76899002445e-014, 5.16521495917e-015, 5.47449379327e-015, 3.86596954434e-016, 9.25326320151e-016, 4.64355023685e-015, 6.83918626755e-015, 3.23396230585e-014, 1.59765914555e-015, 2.04516859503e-016, 4.36210241724e-016, 2.57596271787e-016, 5.97318436155e-017, 4.66377498811e-018, 4.28099261016e-018, 1.05159252898e-016, 1.18227111772e-016]
    },
    "mfcc": {
        "mean": [-860.181274414, 224.481140137, 69.7337875366, 36.8142280579, -3.12097978592, -7.23177099228, -14.8519659042, -19.5540504456, -9.18954467773, -10.3116350174, -9.1620054245, -7.65661764145, -5.98835134506],
        "cov": [[1077.83435059, 233.580307007, -371.110046387, -28.0241355896, -217.881988525, -38.7701377869, -16.9731216431, -44.7172088623, 26.547044754, 24.0446681976, 46.0026359558, 46.2793731689, 2.8425590992], [233.580307007, 340.094421387, 44.3583335876, -146.328201294, -91.5676040649, -40.5972938538, 74.5235214233, 12.9107589722, -24.0751476288, 32.9658889771, 2.7738969326, -11.4250383377, 0.205204367638], [-371.110046387, 44.3583335876, 326.903991699, 27.1514205933, 31.3681869507, 4.23543024063, 8.84384250641, 26.2567481995, -23.605009079, -20.5413475037, -22.2860202789, -24.2397918701, 2.73052668571], [-28.0241355896, -146.328201294, 27.1514205933, 267.489135742, 112.769721985, -46.4501991272, -96.2590332031, -16.2102546692, 19.3015727997, -45.9614944458, -24.2831516266, 32.578666687, -8.47838973999], [-217.881988525, -91.5676040649, 31.3681869507, 112.769721985, 222.241592407, 23.7827014923, -68.5481109619, -15.3218822479, 1.63666725159, -24.2020893097, -40.1905403137, -7.51054334641, -5.04608821869], [-38.7701377869, -40.5972938538, 4.23543024063, -46.4501991272, 23.7827014923, 163.851745605, 24.9579315186, -41.5648574829, -12.4315605164, -12.4449615479, -3.23372364044, -34.3511543274, -0.430902868509], [-16.9731216431, 74.5235214233, 8.84384250641, -96.2590332031, -68.5481109619, 24.9579315186, 169.620620728, 48.6546516418, -59.8993606567, 1.80752968788, 4.55603265762, -15.8202323914, -25.8741149902], [-44.7172088623, 12.9107589722, 26.2567481995, -16.2102546692, -15.3218822479, -41.5648574829, 48.6546516418, 100.130134583, 7.46108436584, -18.6076583862, -7.91622972488, -2.03662610054, -12.2350482941], [26.547044754, -24.0751476288, -23.605009079, 19.3015727997, 1.63666725159, -12.4315605164, -59.8993606567, 7.46108436584, 106.78817749, 28.3521232605, -26.052274704, 3.22334074974, 11.495850563], [24.0446681976, 32.9658889771, -20.5413475037, -45.9614944458, -24.2020893097, -12.4449615479, 1.80752968788, -18.6076583862, 28.3521232605, 87.8541564941, 26.9426765442, -10.238401413, -2.09656095505], [46.0026359558, 2.7738969326, -22.2860202789, -24.2831516266, -40.1905403137, -3.23372364044, 4.55603265762, -7.91622972488, -26.052274704, 26.9426765442, 100.039093018, 29.1735534668, -20.6057720184], [46.2793731689, -11.4250383377, -24.2397918701, 32.578666687, -7.51054334641, -34.3511543274, -15.8202323914, -2.03662610054, 3.22334074974, -10.238401413, 29.1735534668, 99.1366195679, 17.4865760803], [2.8425590992, 0.205204367638, 2.73052668571, -8.47838973999, -5.04608821869, -0.430902868509, -25.8741149902, -12.2350482941, 11.495850563, -2.09656095505, -20.6057720184, 17.4865760803, 89.4104614258]],
        "icov": [[0.00865442026407, -0.0109050497413, 0.0117004700005, -0.00988280773163, 0.0102890143171, -0.00791964028031, 0.00798512715846, -0.00562084000558, 0.00468470761552, -0.00257150642574, 0.00193557573948, -0.00107571785338, 0.000533388287295], [-0.0109050497413, 0.0186891946942, -0.015820004046, 0.0154292555526, -0.0126750171185, 0.0127792470157, -0.011424344033, 0.00924709718674, -0.00605112779886, 0.0034345514141, -0.00159781659022, 0.0011954898946, -0.000187887140783], [0.0117004700005, -0.015820004046, 0.0194754842669, -0.0145948426798, 0.0139045268297, -0.0119512602687, 0.0118375606835, -0.00991727970541, 0.00814004987478, -0.00429019192234, 0.00331011181697, -0.000858070445247, 0.000264737289399], [-0.00988280773163, 0.0154292555526, -0.0145948426798, 0.0202406886965, -0.0144412647933, 0.0136014567688, -0.00873122829944, 0.0103287128732, -0.00736658321694, 0.00741424132138, -0.00196341378614, -6.56545889797e-005, 0.00146241113544], [0.0102890143171, -0.0126750171185, 0.0139045268297, -0.0144412647933, 0.0205227676779, -0.0133358547464, 0.015024590306, -0.0108117619529, 0.0113071510568, -0.0075350087136, 0.00785465911031, -0.00292888865806, 0.00262286840007], [-0.00791964028031, 0.0127792470157, -0.0119512602687, 0.0136014567688, -0.0133358547464, 0.0211682971567, -0.015339714475, 0.0167504716665, -0.0121952695772, 0.0116901611909, -0.00721242837608, 0.00606473954394, -0.00192656216677], [0.00798512715846, -0.011424344033, 0.0118375606835, -0.00873122829944, 0.015024590306, -0.015339714475, 0.0271403100342, -0.0191525705159, 0.0199683066458, -0.0128510305658, 0.0114471456036, -0.0058353273198, 0.00550072640181], [-0.00562084000558, 0.00924709718674, -0.00991727970541, 0.0103287128732, -0.0108117619529, 0.0167504716665, -0.0191525705159, 0.0287303328514, -0.0176289770752, 0.0159933529794, -0.00872918963432, 0.00538118742406, -0.00112321204506], [0.00468470761552, -0.00605112779886, 0.00814004987478, -0.00736658321694, 0.0113071510568, -0.0121952695772, 0.0199683066458, -0.0176289770752, 0.0293092485517, -0.0186067931354, 0.0153090208769, -0.00702561205253, 0.00356085435487], [-0.00257150642574, 0.0034345514141, -0.00429019192234, 0.00741424132138, -0.0075350087136, 0.0116901611909, -0.0128510305658, 0.0159933529794, -0.0186067931354, 0.0281419027597, -0.014216022566, 0.00805545318872, -0.00279079959728], [0.00193557573948, -0.00159781659022, 0.00331011181697, -0.00196341378614, 0.00785465911031, -0.00721242837608, 0.0114471456036, -0.00872918963432, 0.0153090208769, -0.014216022566, 0.0233377404511, -0.00999580323696, 0.00721325725317], [-0.00107571785338, 0.0011954898946, -0.000858070445247, -6.56545889797e-005, -0.00292888865806, 0.00606473954394, -0.0058353273198, 0.00538118742406, -0.00702561205253, 0.00805545318872, -0.00999580323696, 0.0165677387267, -0.00548864481971], [0.000533388287295, -0.000187887140783, 0.000264737289399, 0.00146241113544, 0.00262286840007, -0.00192656216677, 0.00550072640181, -0.00112321204506, 0.00356085435487, -0.00279079959728, 0.00721325725317, -0.00548864481971, 0.0150878718123]]
    },
    "spectral_contrast_coeffs": {
        "mean": [-0.485400617123, -0.616932928562, -0.737355470657, -0.808737635612, -0.843104839325, -0.83148932457],
        "var": [0.00571141997352, 0.00563771696761, 0.00540277315304, 0.00258791516535, 0.00113789725583, 0.00104096054565]
    },
    "spectral_contrast_valleys": {
        "mean": [-7.79401397705, -7.40220880508, -9.55806922913, -10.4892244339, -10.6178264618, -12.6293497086],
        "var": [0.298631668091, 0.551467895508, 0.441150128841, 0.327771574259, 0.242023348808, 0.128714829683]
    }
},
"metadata": {
    "audio_properties": {
        "analysis_sample_rate": 44100,
        "bit_rate": 128074,
        "equal_loudness": 0,
        "length": 45.0612258911,
        "lossless": 0,
        "replay_gain": -6.05916595459,
        "sample_rate": 44100,
        "codec": "mp3",
        "downmix": "mix",
        "md5_encoded": "6199e098c902e2dd2f8eb73c4c7b692a"
    },
    "tags": {
        "file_name": "1417.mp3"
    },
    "version": {
        "essentia": "2.1-beta2",
        "essentia_git_sha": "v2.1_beta2",
        "extractor": "music 1.0"
    }
},
"rhythm": {
    "beats_count": 92,
    "beats_loudness": {
        "mean": 0.0385105125606,
        "var": 0.000835870509036
    },
    "bpm": 123.750595093,
    "bpm_histogram_first_peak_bpm": {
        "mean": 123,
        "var": 0
    },
    "bpm_histogram_first_peak_spread": {
        "mean": 0.58333337307,
        "var": 0
    },
    "bpm_histogram_first_peak_weight": {
        "mean": 0.384615391493,
        "var": 0
    },
    "bpm_histogram_second_peak_bpm": {
        "mean": 129,
        "var": 0
    },
    "bpm_histogram_second_peak_spread": {
        "mean": 0,
        "var": 0
    },
    "bpm_histogram_second_peak_weight": {
        "mean": 0.0769230797887,
        "var": 0
    },
    "danceability": 1.1465985775,
    "onset_rate": 3.57130646706,
    "beats_loudness_band_ratio": {
        "mean": [0.182800725102, 0.720849394798, 0.156580016017, 0.00479493942112, 0.000521033653058, 0.000110349436],
        "var": [0.0193883627653, 0.0422179140151, 0.0404999218881, 0.00027365112328, 2.30112959798e-006, 8.51659720524e-009]
    },
    "beats_position": [0.476009070873, 0.952018141747, 1.42802715302, 1.90403628349, 2.39165520668, 2.85605430603, 3.34367346764, 3.83129239082, 4.31891155243, 4.80653047562, 5.2941493988, 5.78176879883, 6.26938772202, 6.7570066452, 7.24462556839, 7.72063493729, 8.19664382935, 8.67265319824, 9.14866161346, 9.63628101349, 10.1239004135, 10.623128891, 11.1223583221, 11.6215867996, 12.1208162308, 12.6084346771, 13.0960540771, 13.572063446, 14.0596818924, 14.5356912613, 15.0117006302, 15.4877090454, 15.9753284454, 16.4629478455, 16.9389572144, 17.4149665833, 17.8909740448, 18.3669834137, 18.8313827515, 19.3190021515, 19.7950115204, 20.2594108582, 20.7354183197, 21.2114276886, 21.6874370575, 22.1634464264, 22.6394557953, 23.1270751953, 23.614692688, 24.1139221191, 24.6015415192, 25.1007709503, 25.6000003815, 26.0876178741, 26.5752372742, 27.0512466431, 27.5388660431, 28.0380954742, 28.537322998, 29.0365524292, 29.5357818604, 30.0234012604, 30.5226306915, 31.0218582153, 31.5094776154, 31.9738769531, 32.4614944458, 32.9491157532, 33.4367332458, 33.9243545532, 34.4003639221, 34.8879814148, 35.3639907837, 35.8516082764, 36.3508377075, 36.8268470764, 37.3028564453, 37.7788658142, 38.2548751831, 38.7424926758, 39.2301139832, 39.7061233521, 40.1705207825, 40.6349182129, 41.1109275818, 41.5869369507, 42.0629463196, 42.5389556885, 43.0033569336, 43.4793624878, 43.9785919189, 44.4662132263]
},
"tonal": {
    "chords_changes_rate": 0.0380658432841,
    "chords_number_rate": 0.00925925932825,
    "chords_strength": {
        "mean": 0.556968569756,
        "var": 0.0109366104007
    },
    "hpcp_entropy": {
        "mean": 1.34488129616,
        "var": 0.381578177214
    },
    "key_strength": 0.68695050478,
    "tuning_diatonic_strength": 0.620521366596,
    "tuning_equal_tempered_deviation": 0.0186386182904,
    "tuning_frequency": 452.631469727,
    "tuning_nontempered_energy_ratio": 0.63690340519,
    "hpcp": {
        "mean": [0.0132734328508, 0.0328819341958, 0.225252822042, 0.414699494839, 0.244739577174, 0.0813402086496, 0.110583797097, 0.0660069212317, 0.0108956182376, 0.00562402186915, 0.0160808693618, 0.123304851353, 0.207318916917, 0.109392262995, 0.0244343616068, 0.0259446073323, 0.0246318466961, 0.0699794143438, 0.14054967463, 0.0953366681933, 0.0142983496189, 0.00169075629674, 0.00821312330663, 0.042462952435, 0.0639770328999, 0.0419236980379, 0.167247861624, 0.336741536856, 0.201021149755, 0.0215484555811, 0.00633913837373, 0.0172759667039, 0.112236946821, 0.198729559779, 0.111449852586, 0.0176606923342],
        "var": [0.00446709338576, 0.00882702507079, 0.0630972757936, 0.183960810304, 0.0802178010345, 0.0318748094141, 0.0775109827518, 0.0296932663769, 0.00205870647915, 0.00106664409395, 0.00368581851944, 0.0514383539557, 0.127424061298, 0.041130900383, 0.00720130093396, 0.014877458103, 0.0109725492075, 0.0201012920588, 0.0733631029725, 0.040317941457, 0.00303285103291, 0.000176940302481, 0.00160210265312, 0.0176066197455, 0.031297147274, 0.0124169541523, 0.0506807789207, 0.175243169069, 0.071510873735, 0.0051585091278, 0.00203151023015, 0.00730686029419, 0.0471451729536, 0.123130403459, 0.044538218528, 0.00602483842522]
    },
    "chords_histogram": [23.2510280609, 2.16049385071, 18.8271598816, 1.74897122383, 0, 0, 0, 0, 13.5802469254, 0, 0, 0, 0, 0, 0, 2.36625504494, 0, 1.44032919407, 0, 0, 0, 0, 13.8888893127, 22.7366256714],
    "thpcp": [1, 0.590161263943, 0.196142524481, 0.266660064459, 0.159168079495, 0.0262735262513, 0.0135616799816, 0.0387771613896, 0.297335416079, 0.499925643206, 0.263786822557, 0.0589206442237, 0.0625624284148, 0.0593968555331, 0.168747290969, 0.338919341564, 0.229893386364, 0.0344788208604, 0.00407706387341, 0.0198049992323, 0.102394513786, 0.154273241758, 0.101094163954, 0.403298914433, 0.81201338768, 0.484739303589, 0.0519616156816, 0.0152861010283, 0.041659001261, 0.270646452904, 0.479213416576, 0.2687484622, 0.0425867214799, 0.0320073515177, 0.0792909935117, 0.543171226978],
    "chords_key": "F#",
    "chords_scale": "major",
    "key_key": "F#",
    "key_scale": "major"
}
}