{
"lowlevel": {
    "average_loudness": 0.386459559202,
    "barkbands_crest": {
        "mean": 16.4251194,
        "var": 33.8870315552
    },
    "barkbands_flatness_db": {
        "mean": 0.24566270411,
        "var": 0.00454255240038
    },
    "barkbands_kurtosis": {
        "mean": 37.5474662781,
        "var": 13285.7246094
    },
    "barkbands_skewness": {
        "mean": 3.82332754135,
        "var": 10.3649234772
    },
    "barkbands_spread": {
        "mean": 6.54232311249,
        "var": 37.784034729
    },
    "dissonance": {
        "mean": 0.450986623764,
        "var": 0.00128883507568
    },
    "dynamic_complexity": 3.86901140213,
    "erbbands_crest": {
        "mean": 11.0756320953,
        "var": 41.5701713562
    },
    "erbbands_flatness_db": {
        "mean": 0.169809699059,
        "var": 0.0028185795527
    },
    "erbbands_kurtosis": {
        "mean": 4.74889421463,
        "var": 267.610748291
    },
    "erbbands_skewness": {
        "mean": 1.26787543297,
        "var": 2.54808068275
    },
    "erbbands_spread": {
        "mean": 34.4447937012,
        "var": 295.888336182
    },
    "hfc": {
        "mean": 9.82746696472,
        "var": 564.542297363
    },
    "melbands_crest": {
        "mean": 17.8526115417,
        "var": 28.3652515411
    },
    "melbands_flatness_db": {
        "mean": 0.340247571468,
        "var": 0.00571288214996
    },
    "melbands_kurtosis": {
        "mean": 42.3254852295,
        "var": 2007.05334473
    },
    "melbands_skewness": {
        "mean": 4.21013641357,
        "var": 5.48836231232
    },
    "melbands_spread": {
        "mean": 5.74208498001,
        "var": 41.5463447571
    },
    "pitch_salience": {
        "mean": 0.44713896513,
        "var": 0.0267276875675
    },
    "silence_rate_20dB": {
        "mean": 0.978372812271,
        "var": 0.0211597643793
    },
    "silence_rate_30dB": {
        "mean": 0.912461400032,
        "var": 0.0798744484782
    },
    "silence_rate_60dB": {
        "mean": 0.0180226564407,
        "var": 0.0176979657263
    },
    "spectral_centroid": {
        "mean": 575.183166504,
        "var": 111040.40625
    },
    "spectral_complexity": {
        "mean": 8.56385135651,
        "var": 18.5239677429
    },
    "spectral_decrease": {
        "mean": -1.35329383255e-008,
        "var": 8.05890968819e-016
    },
    "spectral_energy": {
        "mean": 0.0519678145647,
        "var": 0.0119067998603
    },
    "spectral_energyband_high": {
        "mean": 5.85945999774e-005,
        "var": 5.71560718754e-008
    },
    "spectral_energyband_low": {
        "mean": 0.0291984844953,
        "var": 0.00344448816031
    },
    "spectral_energyband_middle_high": {
        "mean": 0.00093125551939,
        "var": 1.53451492224e-006
    },
    "spectral_energyband_middle_low": {
        "mean": 0.0223051439971,
        "var": 0.008715021424
    },
    "spectral_entropy": {
        "mean": 6.97582864761,
        "var": 0.334552615881
    },
    "spectral_flux": {
        "mean": 0.0898037329316,
        "var": 0.00338444439694
    },
    "spectral_kurtosis": {
        "mean": 9.26231956482,
        "var": 34.904460907
    },
    "spectral_rms": {
        "mean": 0.00589334778488,
        "var": 1.59686296684e-005
    },
    "spectral_rolloff": {
        "mean": 342.389831543,
        "var": 347691.09375
    },
    "spectral_skewness": {
        "mean": 2.29292607307,
        "var": 0.41146671772
    },
    "spectral_spread": {
        "mean": 3611375.25,
        "var": 1.56113082778e+012
    },
    "spectral_strongpeak": {
        "mean": 0.77071917057,
        "var": 1.20260846615
    },
    "zerocrossingrate": {
        "mean": 0.0191895533353,
        "var": 0.000267245661234
    },
    "barkbands": {
        "mean": [0.000289088930003, 0.026149481535, 0.00225874059834, 0.000933106930461, 0.0167153608054, 0.00251694349572, 0.00147553498391, 0.000291217613267, 0.000317110185279, 0.000246543670073, 0.000197010507691, 0.000133690482471, 0.000107744905108, 6.64516046527e-005, 2.62796802417e-005, 3.26708650391e-005, 3.22628802678e-005, 8.48956478876e-005, 2.51175479207e-005, 2.38946158788e-005, 1.97064928216e-005, 8.08430831967e-006, 5.19267359778e-006, 5.65805521546e-006, 3.96625137e-006, 2.05720652957e-006, 2.58477594883e-009],
        "var": [4.20390250611e-007, 0.00314026186243, 1.14628910524e-005, 1.60107981628e-006, 0.00842628441751, 3.65427003999e-005, 1.07107171061e-005, 5.82958818995e-007, 1.13162252546e-006, 3.32206582243e-007, 1.64706762007e-007, 1.07640182989e-007, 3.37485452917e-008, 1.01315205114e-008, 2.95117441595e-009, 1.5308693202e-009, 4.85060747124e-009, 9.76556790988e-009, 1.1297621727e-009, 1.01609449743e-008, 1.28928538956e-008, 2.10831663239e-009, 4.36707114915e-010, 5.33098842848e-010, 2.61729637963e-010, 2.09359266035e-012, 2.49484740177e-016]
    },
    "erbbands": {
        "mean": [0.678117394447, 6.09559440613, 4.03912830353, 3.69854784012, 13.701921463, 92.747467041, 26.2471370697, 22.2071266174, 33.5074501038, 8.89009857178, 6.55605268478, 7.37686920166, 6.36766052246, 10.3531837463, 6.7703499794, 4.79203414917, 4.48353433609, 4.74240159988, 1.78668797016, 1.35801100731, 1.68827533722, 2.12341451645, 4.71276378632, 2.21967315674, 1.13263595104, 1.14817428589, 0.859249532223, 0.717971503735, 0.303993225098, 0.207479700446, 0.155174717307, 0.11596609652, 0.0981848090887, 0.058770056814, 0.0209194440395, 0.00991839170456, 0.00352122052573, 0.000419113232056, 3.14308672387e-005, 5.7178465795e-005],
        "var": [2.16263842583, 171.037414551, 47.100227356, 25.6664009094, 1944.78833008, 301285.1875, 19022.6074219, 2773.50390625, 7624.09033203, 388.890014648, 358.927612305, 559.100341797, 365.020446777, 398.924194336, 209.434738159, 117.308265686, 57.5264816284, 50.6475982666, 12.9598150253, 5.18171596527, 3.92988634109, 16.1738777161, 33.2736778259, 6.41674757004, 3.77588248253, 25.4381065369, 17.4468574524, 23.4088935852, 2.52307677269, 1.25075876713, 0.466868191957, 0.210383966565, 0.208832427859, 0.0972910374403, 0.00187030818779, 8.69980503921e-005, 4.2835822569e-006, 3.05616154606e-008, 2.50199527763e-009, 1.42246419088e-008]
    },
    "gfcc": {
        "mean": [-62.1656684875, 134.461761475, -80.545791626, 34.1998062134, -35.9549446106, 8.90673065186, -33.2568092346, 11.2562456131, -28.7628135681, 0.675379097462, -5.21379566193, 8.17028617859, -8.25485897064],
        "cov": [[2093.58081055, 404.437164307, -118.390335083, -20.3415241241, -163.194488525, -27.9411029816, 112.901832581, -18.9321956635, 52.0774040222, 42.7015266418, 112.226348877, -63.4796104431, 38.136920929], [404.437164307, 353.327453613, 104.53528595, -125.566757202, 48.6108093262, -46.2147026062, 63.23960495, -23.0405731201, 25.6565093994, -16.4310722351, 74.4349365234, 3.43842458725, 23.9168167114], [-118.390335083, 104.53528595, 284.562103271, 36.3614692688, 78.7896957397, -7.20152664185, 10.7632474899, -58.1871681213, 23.148317337, -9.92628002167, 49.6711730957, 22.2906150818, 49.3572616577], [-20.3415241241, -125.566757202, 36.3614692688, 188.848587036, 87.910446167, 67.6552352905, 8.2964887619, 13.9168720245, 12.5051059723, 5.52475738525, -16.0552501678, 5.59007072449, 17.767780304], [-163.194488525, 48.6108093262, 78.7896957397, 87.910446167, 320.476623535, 143.045974731, 98.4900894165, 53.9444351196, 27.0333099365, -40.4317703247, 5.86582231522, 43.3615684509, 22.5032444], [-27.9411029816, -46.2147026062, -7.20152664185, 67.6552352905, 143.045974731, 221.843765259, 147.186965942, 92.7173156738, 34.9869918823, -4.04375505447, -14.7656469345, 18.2651062012, 6.61982488632], [112.901832581, 63.23960495, 10.7632474899, 8.2964887619, 98.4900894165, 147.186965942, 193.047851563, 92.4183197021, 45.152759552, -6.989818573, 5.49981927872, 3.25035738945, 17.6939544678], [-18.9321956635, -23.0405731201, -58.1871681213, 13.9168720245, 53.9444351196, 92.7173156738, 92.4183197021, 142.275634766, 60.7396888733, 31.365688324, -7.32376670837, 5.59542179108, -26.7274303436], [52.0774040222, 25.6565093994, 23.148317337, 12.5051059723, 27.0333099365, 34.9869918823, 45.152759552, 60.7396888733, 98.1461791992, 70.2009429932, 37.1316375732, 2.64143538475, -4.76421928406], [42.7015266418, -16.4310722351, -9.92628002167, 5.52475738525, -40.4317703247, -4.04375505447, -6.989818573, 31.365688324, 70.2009429932, 126.730705261, 59.7642784119, 3.92324757576, -18.6076011658], [112.226348877, 74.4349365234, 49.6711730957, -16.0552501678, 5.86582231522, -14.7656469345, 5.49981927872, -7.32376670837, 37.1316375732, 59.7642784119, 97.9128646851, 23.9601345062, 7.66716909409], [-63.4796104431, 3.43842458725, 22.2906150818, 5.59007072449, 43.3615684509, 18.2651062012, 3.25035738945, 5.59542179108, 2.64143538475, 3.92324757576, 23.9601345062, 58.0963821411, 20.6199054718], [38.136920929, 23.9168167114, 49.3572616577, 17.767780304, 22.5032444, 6.61982488632, 17.6939544678, -26.7274303436, -4.76421928406, -18.6076011658, 7.66716909409, 20.6199054718, 66.9596633911]],
        "icov": [[0.00160635123029, -0.00392006570473, 0.00237499992363, -0.00362035934813, 0.00237788329832, -0.00133092980832, 6.71830421197e-005, 0.00075502024265, -0.000661245256197, 0.000655874726363, -0.00122283445671, 0.000705408805516, -0.000630647235084], [-0.00392006570473, 0.0178789328784, -0.00710491882637, 0.0141384694725, -0.00853323098272, 0.00731968926266, -0.00459219468758, -0.000470277416753, -0.000694309070241, 0.00134309718851, -0.00219116173685, 0.000961558427662, 0.000780679809395], [0.00237499992363, -0.00710491882637, 0.00956951081753, -0.00726949376985, 0.00292987446301, -0.00172307516914, -0.000332946830895, 0.00488142855465, -0.00470260391012, 0.00284429709427, -0.00321529060602, -3.73535222025e-005, -0.00188221619464], [-0.00362035934813, 0.0141384694725, -0.00726949376985, 0.0195478834212, -0.00904877204448, 0.00222321995534, 0.000747360405512, -0.00193970103282, 0.000902395811863, -0.00240920414217, 0.00166240416002, 0.00266886106692, -0.00258459313773], [0.00237788329832, -0.00853323098272, 0.00292987446301, -0.00904877204448, 0.0107909813523, -0.00600554887205, 0.00138984178193, 0.00022626700229, -0.00258101592772, 0.00455441558734, -0.00192739313934, -0.0031273025088, 0.000890991301276], [-0.00133092980832, 0.00731968926266, -0.00172307516914, 0.00222321995534, -0.00600554887205, 0.0174257028848, -0.0122419819236, -0.000208235345781, 0.000787552271504, -0.00187539146282, 0.00236832047813, -0.00355010735802, 0.00262801954523], [6.71830421197e-005, -0.00459219468758, -0.000332946830895, 0.000747360405512, 0.00138984178193, -0.0122419819236, 0.0204437244684, -0.00917636975646, -0.000116040835564, 0.00281394342892, -0.00275237648748, 0.00660686800256, -0.00761841563508], [0.00075502024265, -0.000470277416753, 0.00488142855465, -0.00193970103282, 0.00022626700229, -0.000208235345781, -0.00917636975646, 0.0225133504719, -0.0121444668621, 0.000401845783927, 0.00422040466219, -0.00697406614199, 0.00892216525972], [-0.000661245256197, -0.000694309070241, -0.00470260391012, 0.000902395811863, -0.00258101592772, 0.000787552271504, -0.000116040835564, -0.0121444668621, 0.0306719187647, -0.0160211399198, 0.00047656573588, 0.00479309773073, -0.0039762170054], [0.000655874726363, 0.00134309718851, 0.00284429709427, -0.00240920414217, 0.00455441558734, -0.00187539146282, 0.00281394342892, 0.000401845783927, -0.0160211399198, 0.0256868340075, -0.014274221845, 0.00050306878984, 0.00323884212412], [-0.00122283445671, -0.00219116173685, -0.00321529060602, 0.00166240416002, -0.00192739313934, 0.00236832047813, -0.00275237648748, 0.00422040466219, 0.00047656573588, -0.014274221845, 0.0271107293665, -0.0108283525333, 0.00253101158887], [0.000705408805516, 0.000961558427662, -3.73535222025e-005, 0.00266886106692, -0.0031273025088, -0.00355010735802, 0.00660686800256, -0.00697406614199, 0.00479309773073, 0.00050306878984, -0.0108283525333, 0.0299267750233, -0.0120485778898], [-0.000630647235084, 0.000780679809395, -0.00188221619464, -0.00258459313773, 0.000890991301276, 0.00262801954523, -0.00761841563508, 0.00892216525972, -0.0039762170054, 0.00323884212412, 0.00253101158887, -0.0120485778898, 0.0261408220977]]
    },
    "melbands": {
        "mean": [0.0071599567309, 0.00435733841732, 0.000685901031829, 0.00379747990519, 0.00179001619108, 0.000547256029677, 0.000458019465441, 8.05397648946e-005, 5.17459156981e-005, 4.55076769867e-005, 3.08453782054e-005, 4.18010167778e-005, 2.49569802691e-005, 1.63478489412e-005, 8.90541832632e-006, 1.22212659335e-005, 7.85537395132e-006, 2.82803739537e-006, 1.76438925337e-006, 2.29618785852e-006, 1.77714071015e-006, 1.7697924477e-006, 3.7839874949e-006, 4.05387709179e-006, 1.55932775669e-006, 8.42520023525e-007, 7.25021948256e-007, 7.86817281551e-007, 5.66959840853e-007, 4.67016519679e-007, 3.90038962905e-007, 1.5427023925e-007, 1.61186378023e-007, 9.29459531562e-008, 9.42420541605e-008, 7.3867497008e-008, 6.70466988595e-008, 6.71595117296e-008, 6.17848030515e-008, 4.62945060065e-008],
        "var": [0.000235555067775, 7.47551384848e-005, 7.6438391261e-007, 0.00041048595449, 0.000114136091725, 1.85791782314e-006, 1.38703171615e-006, 3.49215838469e-008, 2.50301130933e-008, 2.1456504129e-008, 8.7108142921e-009, 6.77259670567e-009, 2.76688605361e-009, 1.73617742405e-009, 4.70810335162e-010, 3.71975228397e-010, 1.41865436065e-010, 3.95163485267e-011, 1.47799862626e-011, 1.04528876874e-011, 5.04100493987e-012, 1.97113384642e-011, 2.45497910195e-011, 2.40339362995e-011, 3.49440203336e-012, 1.72704591513e-012, 3.37941697195e-012, 1.52627303157e-011, 8.10405215157e-012, 6.00187477842e-012, 9.50468263122e-012, 4.73318866739e-013, 1.66329396003e-012, 1.39950646016e-013, 2.03713131433e-013, 9.86065002979e-014, 6.61273810774e-014, 9.08720188398e-014, 1.00910585769e-013, 7.10614767442e-014]
    },
    "mfcc": {
        "mean": [-719.024291992, 168.9818573, 17.705034256, 37.0184020996, 18.6370258331, 4.67698097229, 12.5875196457, 8.86561393738, -6.23166656494, -6.3509888649, 2.1525990963, 3.79516100883, -4.29799509048],
        "cov": [[1626.28869629, 214.960372925, -29.3779449463, -41.2519073486, -226.4793396, -38.7053337097, 23.1289997101, -60.2172050476, -8.72243404388, 88.0808944702, 36.8473739624, 59.2215690613, 14.9259519577], [214.960372925, 501.671813965, 31.9066314697, -45.2402229309, -8.10618591309, -25.0066204071, 34.1504058838, 26.2871665955, -38.983127594, 1.21292543411, 17.494260788, 10.576962471, 13.5102434158], [-29.3779449463, 31.9066314697, 216.145248413, 33.32213974, -18.9193267822, 12.7523431778, -26.4168453217, -55.1623573303, -28.4282951355, -8.56076145172, -19.4189319611, 7.28901386261, 13.8318805695], [-41.2519073486, -45.2402229309, 33.32213974, 126.096176147, 80.3369522095, 24.7819786072, -4.51929092407, -12.1224060059, -2.75500249863, -10.0773468018, -6.10889148712, -8.18189525604, -3.9780292511], [-226.4793396, -8.10618591309, -18.9193267822, 80.3369522095, 194.679489136, 85.2763137817, 43.3266105652, 63.4656944275, 19.6960525513, -8.19844532013, 16.8109474182, -5.1631193161, 3.62667989731], [-38.7053337097, -25.0066204071, 12.7523431778, 24.7819786072, 85.2763137817, 140.336273193, 85.17527771, 70.6855010986, 53.8693580627, 4.9466843605, 14.8474330902, 7.24531745911, 3.8183028698], [23.1289997101, 34.1504058838, -26.4168453217, -4.51929092407, 43.3266105652, 85.17527771, 134.897460938, 112.8985672, 61.8242759705, 18.7882595062, 17.2818450928, 6.85934829712, 2.69684267044], [-60.2172050476, 26.2871665955, -55.1623573303, -12.1224060059, 63.4656944275, 70.6855010986, 112.8985672, 184.251190186, 97.5475997925, 16.9883594513, 19.2629814148, -3.4941637516, 2.01289105415], [-8.72243404388, -38.983127594, -28.4282951355, -2.75500249863, 19.6960525513, 53.8693580627, 61.8242759705, 97.5475997925, 125.557067871, 48.5762710571, 16.1566524506, 17.3390197754, 11.7339763641], [88.0808944702, 1.21292543411, -8.56076145172, -10.0773468018, -8.19844532013, 4.9466843605, 18.7882595062, 16.9883594513, 48.5762710571, 89.5130157471, 50.4309310913, 35.5271148682, 24.1795845032], [36.8473739624, 17.494260788, -19.4189319611, -6.10889148712, 16.8109474182, 14.8474330902, 17.2818450928, 19.2629814148, 16.1566524506, 50.4309310913, 90.5255661011, 53.529499054, 20.5628871918], [59.2215690613, 10.576962471, 7.28901386261, -8.18189525604, -5.1631193161, 7.24531745911, 6.85934829712, -3.4941637516, 17.3390197754, 35.5271148682, 53.529499054, 77.6481246948, 39.8369293213], [14.9259519577, 13.5102434158, 13.8318805695, -3.9780292511, 3.62667989731, 3.8183028698, 2.69684267044, 2.01289105415, 11.7339763641, 24.1795845032, 20.5628871918, 39.8369293213, 71.834022522]],
        "icov": [[0.00102239323314, -0.000567850249354, 0.000775284715928, -0.00130372785497, 0.00212486670353, -0.00119782425463, 3.47819673152e-006, -0.000102154124761, 0.000820600835141, -0.00131963822059, 0.000577209866606, -0.000737051886972, 0.000185671829968], [-0.000567850249354, 0.00280422810465, -0.00128615566064, 0.00182764651254, -0.00181994913146, 0.0020962562412, -0.00147217989434, -0.000695003487635, 0.00112129934132, 0.000463895208668, -0.000566842034459, 0.000235226063523, -0.000312848278554], [0.000775284715928, -0.00128615566064, 0.00702839018777, -0.00377219519578, 0.00404130574316, -0.00473088538274, 0.00202911184169, 8.97684076335e-005, 0.00233319215477, -0.00224295188673, 0.00308974878863, -0.00213167094626, -0.000841129396576], [-0.00130372785497, 0.00182764651254, -0.00377219519578, 0.0155330160633, -0.0104436734691, 0.00439864769578, -0.00211271713488, 0.0043973159045, -0.00396579736844, 0.00286610098556, -0.00114560336806, 0.0020539641846, 0.000635191216134], [0.00212486670353, -0.00181994913146, 0.00404130574316, -0.0104436734691, 0.0170108806342, -0.0103292632848, 0.00431877095252, -0.00587843358517, 0.00587329128757, -0.00306533882394, -9.69082175288e-005, -0.000548951618839, -0.00135835562833], [-0.00119782425463, 0.0020962562412, -0.00473088538274, 0.00439864769578, -0.0103292632848, 0.0212910808623, -0.0125583773479, 0.00571726309136, -0.00862219091505, 0.00713149318472, -0.00476089073345, 0.00226239766926, -0.000173673572135], [3.47819673152e-006, -0.00147217989434, 0.00202911184169, -0.00211271713488, 0.00431877095252, -0.0125583773479, 0.0238773711026, -0.0134947085753, 0.00539955636486, -0.00560379773378, 0.00421626353636, -0.00386190530844, 0.00163867475931], [-0.000102154124761, -0.000695003487635, 8.97684076335e-005, 0.0043973159045, -0.00587843358517, 0.00571726309136, -0.0134947085753, 0.022346669808, -0.0155799333006, 0.0086324820295, -0.00773617159575, 0.00794333592057, -0.00229987548664], [0.000820600835141, 0.00112129934132, 0.00233319215477, -0.00396579736844, 0.00587329128757, -0.00862219091505, 0.00539955636486, -0.0155799333006, 0.0268755927682, -0.0161968115717, 0.011256955564, -0.00881265755743, 0.0020720413886], [-0.00131963822059, 0.000463895208668, -0.00224295188673, 0.00286610098556, -0.00306533882394, 0.00713149318472, -0.00560379773378, 0.0086324820295, -0.0161968115717, 0.0285741444677, -0.0167111940682, 0.00613400479779, -0.0050687561743], [0.000577209866606, -0.000566842034459, 0.00308974878863, -0.00114560336806, -9.69082175288e-005, -0.00476089073345, 0.00421626353636, -0.00773617159575, 0.011256955564, -0.0167111940682, 0.0311997551471, -0.0204213410616, 0.00582491792738], [-0.000737051886972, 0.000235226063523, -0.00213167094626, 0.0020539641846, -0.000548951618839, 0.00226239766926, -0.00386190530844, 0.00794333592057, -0.00881265755743, 0.00613400479779, -0.0204213410616, 0.0343822687864, -0.0133838411421], [0.000185671829968, -0.000312848278554, -0.000841129396576, 0.000635191216134, -0.00135835562833, -0.000173673572135, 0.00163867475931, -0.00229987548664, 0.0020720413886, -0.0050687561743, 0.00582491792738, -0.0133838411421, 0.0213416591287]]
    },
    "spectral_contrast_coeffs": {
        "mean": [-0.657896459103, -0.735522925854, -0.820009589195, -0.81887203455, -0.807211577892, -0.806742489338],
        "var": [0.010430005379, 0.00839019473642, 0.00156907679047, 0.00101349165197, 0.000721014977898, 0.000782084767707]
    },
    "spectral_contrast_valleys": {
        "mean": [-6.67657899857, -7.05051326752, -7.59273910522, -8.32040500641, -8.37735366821, -11.1529684067],
        "var": [0.59152674675, 0.538022458553, 0.525145351887, 0.343776792288, 0.349067986012, 0.28327897191]
    }
},
"metadata": {
    "audio_properties": {
        "analysis_sample_rate": 44100,
        "bit_rate": 128074,
        "equal_loudness": 0,
        "length": 45.0612258911,
        "lossless": 0,
        "replay_gain": -3.74979782104,
        "sample_rate": 44100,
        "codec": "mp3",
        "downmix": "mix",
        "md5_encoded": "4d3c319f2f71e6ef68e37a9ca423bbb0"
    },
    "tags": {
        "file_name": "1419.mp3"
    },
    "version": {
        "essentia": "2.1-beta2",
        "essentia_git_sha": "v2.1_beta2",
        "extractor": "music 1.0"
    }
},
"rhythm": {
    "beats_count": 101,
    "beats_loudness": {
        "mean": 0.100529834628,
        "var": 0.040953669697
    },
    "bpm": 145.000335693,
    "bpm_histogram_first_peak_bpm": {
        "mean": 144,
        "var": 0
    },
    "bpm_histogram_first_peak_spread": {
        "mean": 0.551020443439,
        "var": 0
    },
    "bpm_histogram_first_peak_weight": {
        "mean": 0.219999998808,
        "var": 0
    },
    "bpm_histogram_second_peak_bpm": {
        "mean": 133,
        "var": 0
    },
    "bpm_histogram_second_peak_spread": {
        "mean": 0.5,
        "var": 0
    },
    "bpm_histogram_second_peak_weight": {
        "mean": 0.10000000149,
        "var": 0
    },
    "danceability": 1.30239570141,
    "onset_rate": 3.43821430206,
    "beats_loudness_band_ratio": {
        "mean": [0.646462261677, 0.280409395695, 0.106481336057, 0.0258544106036, 0.0101302228868, 0.00662798853591],
        "var": [0.0996611267328, 0.0915531292558, 0.0240806974471, 0.000862138345838, 0.000384175771615, 0.000987180043012]
    },
    "beats_position": [0.452789098024, 0.9287981987, 1.40480720997, 1.88081634045, 2.34521532059, 2.79800438881, 3.25079369545, 3.70358276367, 4.15637159348, 4.60916090012, 5.05034017563, 5.50312900543, 5.92108821869, 6.35065746307, 6.78022670746, 7.19818592072, 7.59292507172, 7.99927425385, 8.40562343597, 8.82358264923, 9.24154186249, 9.65950107574, 10.077460289, 10.4838094711, 10.8901586533, 11.2965078354, 11.7028570175, 12.1208162308, 12.538775444, 12.9683446884, 13.3863039017, 13.8042631149, 14.2222223282, 14.6517915726, 15.0465307236, 15.4644899368, 15.870839119, 16.2771873474, 16.6951465607, 17.1014957428, 17.5078449249, 17.8793640137, 18.2508831024, 18.6224040985, 18.9939231873, 19.4467124939, 19.8994998932, 20.3406791687, 20.7818584442, 21.2346477509, 21.6874370575, 22.1518363953, 22.5697956085, 22.9645347595, 23.3592739105, 23.7424030304, 24.1487522125, 24.5551013947, 24.9614505768, 25.3561897278, 25.7625389099, 26.168888092, 26.5868473053, 27.0048065186, 27.4111557007, 27.8175048828, 28.2238540649, 28.6534233093, 29.0946025848, 29.5357818604, 29.9421310425, 30.3484802246, 30.7548294067, 31.1611785889, 31.5791378021, 31.9970970154, 32.4150543213, 32.8097953796, 33.2277526855, 33.6457138062, 34.0636711121, 34.5280723572, 34.9924697876, 35.4568710327, 35.9909286499, 36.5249862671, 37.0474357605, 37.5698852539, 38.1039466858, 38.638004303, 39.1604537964, 39.6829032898, 40.2053489685, 40.7277984619, 41.2502479553, 41.7726974487, 42.3067550659, 42.8292045593, 43.3632659912, 43.8973236084, 44.4429931641]
},
"tonal": {
    "chords_changes_rate": 0.0555555559695,
    "chords_number_rate": 0.00925925932825,
    "chords_strength": {
        "mean": 0.500732898712,
        "var": 0.00960370246321
    },
    "hpcp_entropy": {
        "mean": 2.46846270561,
        "var": 0.477028042078
    },
    "key_strength": 0.546196401119,
    "tuning_diatonic_strength": 0.478898853064,
    "tuning_equal_tempered_deviation": 0.156757265329,
    "tuning_frequency": 443.060424805,
    "tuning_nontempered_energy_ratio": 0.847705423832,
    "hpcp": {
        "mean": [0.0518319271505, 0.0481284670532, 0.0665893182158, 0.111587099731, 0.134316921234, 0.157958880067, 0.170207411051, 0.197189003229, 0.318624973297, 0.372993707657, 0.288514941931, 0.201218187809, 0.144957631826, 0.107172884047, 0.0870115906, 0.0654557496309, 0.0458039455116, 0.0321387983859, 0.027959626168, 0.0299589689821, 0.0280408952385, 0.0272389575839, 0.0325300469995, 0.031454641372, 0.0274910144508, 0.0275196004659, 0.0258339233696, 0.0261435844004, 0.0438944175839, 0.120693027973, 0.17417769134, 0.110680505633, 0.0512448512018, 0.0561372004449, 0.0681562721729, 0.0635182633996],
        "var": [0.0196407865733, 0.0179692115635, 0.0264069158584, 0.0545260049403, 0.0630603283644, 0.0692373216152, 0.0827812626958, 0.0795943886042, 0.133991613984, 0.152517482638, 0.118171580136, 0.0943361222744, 0.0708131864667, 0.0557573847473, 0.04647905007, 0.0318538248539, 0.0235562641174, 0.0139079960063, 0.0103533612564, 0.0112281506881, 0.0093217343092, 0.00694832718, 0.00939596444368, 0.00769040221348, 0.00478903017938, 0.00634702341631, 0.00459977937862, 0.00496333045885, 0.0111162774265, 0.0503523945808, 0.0943450406194, 0.038972273469, 0.0203530658036, 0.0235484708101, 0.0313722752035, 0.0251805894077]
    },
    "chords_histogram": [5.14403295517, 1.95473253727, 2.05761313438, 0.102880656719, 0, 0, 0, 0, 2.77777767181, 0.514403283596, 0.411522626877, 0.102880656719, 5.45267486572, 1.44032919407, 0, 0.308641970158, 1.85185182095, 0.205761313438, 0, 0, 0, 0, 73.4567871094, 4.21810722351],
    "thpcp": [1, 0.773511528969, 0.539468050003, 0.388632923365, 0.287331610918, 0.233278974891, 0.175487548113, 0.122800856829, 0.0861644521356, 0.0749600455165, 0.0803203061223, 0.0751779302955, 0.0730279311538, 0.0872133970261, 0.0843302235007, 0.0737036913633, 0.0737803354859, 0.0692610144615, 0.0700912177563, 0.117681391537, 0.323579251766, 0.466972202063, 0.296735584736, 0.13738797605, 0.150504410267, 0.18272767961, 0.17029312253, 0.138961941004, 0.129032924771, 0.17852665484, 0.299166172743, 0.360105067492, 0.423489391804, 0.456327825785, 0.528665781021, 0.854236841202],
    "chords_key": "F",
    "chords_scale": "major",
    "key_key": "C",
    "key_scale": "major"
}
}