{
"lowlevel": {
    "average_loudness": 0.551658511162,
    "barkbands_crest": {
        "mean": 10.2044715881,
        "var": 15.043794632
    },
    "barkbands_flatness_db": {
        "mean": 0.298793315887,
        "var": 0.00172747438774
    },
    "barkbands_kurtosis": {
        "mean": 3.88282704353,
        "var": 12.1969680786
    },
    "barkbands_skewness": {
        "mean": 1.35933208466,
        "var": 0.319587528706
    },
    "barkbands_spread": {
        "mean": 6.669962883,
        "var": 9.44549846649
    },
    "dissonance": {
        "mean": 0.430268973112,
        "var": 0.00197530305013
    },
    "dynamic_complexity": 3.53877449036,
    "erbbands_crest": {
        "mean": 13.1694364548,
        "var": 34.0924949646
    },
    "erbbands_flatness_db": {
        "mean": 0.333831816912,
        "var": 0.00142351572867
    },
    "erbbands_kurtosis": {
        "mean": 1.7844799757,
        "var": 12.8061933517
    },
    "erbbands_skewness": {
        "mean": 0.919686496258,
        "var": 0.387652397156
    },
    "erbbands_spread": {
        "mean": 14.9669132233,
        "var": 40.2240409851
    },
    "hfc": {
        "mean": 11.5778865814,
        "var": 236.749572754
    },
    "melbands_crest": {
        "mean": 12.3301477432,
        "var": 23.3339309692
    },
    "melbands_flatness_db": {
        "mean": 0.358476251364,
        "var": 0.00353654799983
    },
    "melbands_kurtosis": {
        "mean": 4.50521230698,
        "var": 9.63772964478
    },
    "melbands_skewness": {
        "mean": 1.32423520088,
        "var": 0.430321902037
    },
    "melbands_spread": {
        "mean": 9.84003067017,
        "var": 35.0387191772
    },
    "pitch_salience": {
        "mean": 0.592029750347,
        "var": 0.010543981567
    },
    "silence_rate_20dB": {
        "mean": 1,
        "var": 0
    },
    "silence_rate_30dB": {
        "mean": 0.99433863163,
        "var": 0.00562939606607
    },
    "silence_rate_60dB": {
        "mean": 0.0761708691716,
        "var": 0.0703690201044
    },
    "spectral_centroid": {
        "mean": 637.761901855,
        "var": 135808.890625
    },
    "spectral_complexity": {
        "mean": 13.5769424438,
        "var": 21.5945568085
    },
    "spectral_decrease": {
        "mean": -4.96237140268e-009,
        "var": 2.53769565529e-017
    },
    "spectral_energy": {
        "mean": 0.0197792816907,
        "var": 0.000413889240008
    },
    "spectral_energyband_high": {
        "mean": 1.83734318853e-005,
        "var": 1.47170531317e-009
    },
    "spectral_energyband_low": {
        "mean": 0.00100521976128,
        "var": 3.17608350997e-006
    },
    "spectral_energyband_middle_high": {
        "mean": 0.00336646661162,
        "var": 8.30931021483e-005
    },
    "spectral_energyband_middle_low": {
        "mean": 0.0159496515989,
        "var": 0.000210431957385
    },
    "spectral_entropy": {
        "mean": 6.4126791954,
        "var": 0.118658155203
    },
    "spectral_flux": {
        "mean": 0.0383382290602,
        "var": 0.00109381880611
    },
    "spectral_kurtosis": {
        "mean": 29.5709285736,
        "var": 1012.24005127
    },
    "spectral_rms": {
        "mean": 0.00397914834321,
        "var": 3.46324713973e-006
    },
    "spectral_rolloff": {
        "mean": 768.975646973,
        "var": 563879.6875
    },
    "spectral_skewness": {
        "mean": 3.19380664825,
        "var": 2.6273252964
    },
    "spectral_spread": {
        "mean": 1549728.125,
        "var": 1.7958371328e+012
    },
    "spectral_strongpeak": {
        "mean": 1.44866168499,
        "var": 2.34106183052
    },
    "zerocrossingrate": {
        "mean": 0.0303191747516,
        "var": 0.000392395042581
    },
    "barkbands": {
        "mean": [2.83803586854e-007, 6.85517443344e-005, 0.000595505523961, 0.000899593986105, 0.00213447213173, 0.00312667153776, 0.00291940127499, 0.00521743297577, 0.00119221548084, 0.00106019049417, 0.000533262093086, 0.00066530512413, 0.000618885445874, 0.000188521837117, 0.000228628821787, 0.000102232712379, 0.000124132406199, 4.04029378842e-005, 3.75394156436e-005, 1.61437383213e-005, 7.27686665414e-006, 2.03043077818e-006, 4.94907510529e-007, 8.56884483369e-008, 1.5921120422e-008, 1.24827370662e-009, 7.27792770494e-010],
        "var": [4.12727604914e-013, 2.80151102316e-008, 1.67329233136e-006, 9.61790533438e-007, 7.27176484361e-006, 1.21290968309e-005, 2.46207746386e-005, 8.00308189355e-005, 5.21054107594e-006, 1.43166680573e-005, 6.99676456861e-006, 4.26407677878e-005, 5.19868626725e-006, 1.12710367262e-007, 2.06529051638e-007, 5.13005744551e-008, 4.356084915e-008, 3.69221053731e-009, 1.00984252072e-008, 7.89114495969e-010, 2.66256933168e-010, 5.60090203383e-011, 4.00432942013e-012, 2.13556684272e-013, 2.3383271163e-014, 1.77500902469e-016, 2.0425221382e-018]
    },
    "erbbands": {
        "mean": [0.00127108988818, 0.0263062343001, 0.443243443966, 2.03532743454, 5.72815465927, 5.73102378845, 18.6288642883, 24.5857181549, 28.4158306122, 72.2122497559, 119.837684631, 39.7970962524, 30.3253288269, 27.1612949371, 23.2741661072, 35.0055084229, 30.7522068024, 14.2397108078, 9.66521930695, 12.2971200943, 4.87591505051, 6.23902320862, 3.19778323174, 2.30401158333, 1.27761399746, 0.803554832935, 0.473246514797, 0.184508159757, 0.0752538591623, 0.0326272174716, 0.0123300179839, 0.00378137268126, 0.000894138589501, 0.000310864823405, 6.56149204588e-005, 2.06768290809e-005, 8.20650529931e-006, 2.06031290872e-006, 9.85725364444e-006, 2.25739440793e-005],
        "var": [1.71914452949e-005, 0.00282008456998, 0.749888718128, 6.27395009995, 58.4208335876, 39.5539474487, 1528.15576172, 643.691345215, 1824.75646973, 16238.8583984, 52229.1367188, 4286.75146484, 2389.3269043, 18683.7265625, 9518.328125, 109721.476563, 11671.4091797, 667.915710449, 363.988616943, 1251.32995605, 45.5742683411, 90.8672790527, 29.4638843536, 37.9664649963, 14.4286756516, 2.46612977982, 0.943911850452, 0.178342416883, 0.0466302596033, 0.0099843358621, 0.00307164131664, 0.000375439005438, 2.2014051865e-005, 7.35274988983e-006, 2.8513164807e-007, 2.02873007282e-008, 1.71314282205e-010, 7.79084956271e-012, 1.09717505914e-010, 5.56382773187e-010]
    },
    "gfcc": {
        "mean": [-145.525497437, 219.108963013, -176.226959229, -16.6983718872, -45.5476531982, -53.4485092163, -19.9026412964, -29.6460018158, -10.4329910278, -16.0551109314, -12.6027965546, -19.3070964813, -12.2912340164],
        "cov": [[6725.16650391, -950.637817383, -1452.08178711, 1019.6550293, -843.991271973, -22.8332691193, 173.216415405, -356.600250244, 136.314407349, -148.192123413, 33.3558731079, -65.0972213745, 28.6804924011], [-950.637817383, 698.891418457, 383.896148682, -283.519897461, 381.022918701, -11.6912841797, 32.3994293213, 102.0287323, -53.0364189148, 60.8083229065, -30.0915298462, 29.1422214508, -3.06420588493], [-1452.08178711, 383.896148682, 606.836975098, -245.075408936, 284.419921875, 149.68359375, -27.0552101135, 176.586456299, 1.95625376701, 37.4451065063, 21.6290168762, 34.7954521179, 15.2598104477], [1019.6550293, -283.519897461, -245.075408936, 487.668518066, -88.275352478, 62.3665466309, 86.1005859375, -73.8001251221, 68.5994338989, -32.5366706848, 10.6898145676, 22.9487895966, 33.3467140198], [-843.991271973, 381.022918701, 284.419921875, -88.275352478, 333.644439697, 57.4641647339, 43.8881759644, 83.4836502075, -14.8347568512, 49.9436454773, -14.7543983459, 31.8176803589, 9.80877685547], [-22.8332691193, -11.6912841797, 149.68359375, 62.3665466309, 57.4641647339, 250.951217651, 13.085267067, 72.1096496582, 72.1105270386, -25.8037338257, 40.6759910583, 31.4560623169, 34.55519104], [173.216415405, 32.3994293213, -27.0552101135, 86.1005859375, 43.8881759644, 13.085267067, 110.3907547, 8.48912334442, 10.5177679062, 10.1607513428, -10.0839166641, 19.2355213165, 4.92350387573], [-356.600250244, 102.0287323, 176.586456299, -73.8001251221, 83.4836502075, 72.1096496582, 8.48912334442, 116.145195007, 17.0225143433, -1.43803834915, 25.2879199982, 9.71442508698, 11.1607627869], [136.314407349, -53.0364189148, 1.95625376701, 68.5994338989, -14.8347568512, 72.1105270386, 10.5177679062, 17.0225143433, 73.6081542969, -5.07486057281, 3.92548966408, 3.98325276375, 5.1012544632], [-148.192123413, 60.8083229065, 37.4451065063, -32.5366706848, 49.9436454773, -25.8037338257, 10.1607513428, -1.43803834915, -5.07486057281, 51.365032196, -6.75381469727, -6.97144556046, -5.15301322937], [33.3558731079, -30.0915298462, 21.6290168762, 10.6898145676, -14.7543983459, 40.6759910583, -10.0839166641, 25.2879199982, 3.92548966408, -6.75381469727, 58.4409179688, 21.8667125702, 10.0164279938], [-65.0972213745, 29.1422214508, 34.7954521179, 22.9487895966, 31.8176803589, 31.4560623169, 19.2355213165, 9.71442508698, 3.98325276375, -6.97144556046, 21.8667125702, 50.0402565002, 17.6719799042], [28.6804924011, -3.06420588493, 15.2598104477, 33.3467140198, 9.80877685547, 34.55519104, 4.92350387573, 11.1607627869, 5.1012544632, -5.15301322937, 10.0164279938, 17.6719799042, 43.9738502502]],
        "icov": [[0.000654396426398, -0.00138516491279, 0.00146682967898, -0.00110081746243, 0.00212711002678, -0.00117832503747, -0.000168455648236, -0.000574207573663, 0.000435914407717, -0.000774194544647, -0.000220656758756, 0.000635752221569, 7.19789750292e-005], [-0.00138516491279, 0.00895051006228, -0.00423972541466, 0.00501107703894, -0.0108429687098, 0.00477058440447, -0.00193438900169, 0.0032106207218, -0.00238341349177, 0.00452757580206, -0.000496525783092, -0.000783186638728, -0.00149521592539], [0.00146682967898, -0.00423972541466, 0.00960344169289, -0.0020625856705, 0.00383653445169, -0.00596687057987, 0.00366578204557, -0.00813589151949, 0.00331624411047, -0.00623784027994, 0.00291306897998, -0.00293870293535, 0.00186873180792], [-0.00110081746243, 0.00501107703894, -0.0020625856705, 0.00770363397896, -0.00733716739342, 0.00277816434391, -0.00441940687597, 0.00603010645136, -0.00565776787698, 0.00560112856328, -0.00328440964222, 0.00108183419798, -0.00401506666094], [0.00212711002678, -0.0108429687098, 0.00383653445169, -0.00733716739342, 0.0215225666761, -0.00802245177329, 0.00113117799629, -0.00770433107391, 0.00758509431034, -0.0124807758257, 0.00674994848669, -0.00424063345417, 0.00324604357593], [-0.00117832503747, 0.00477058440447, -0.00596687057987, 0.00277816434391, -0.00802245177329, 0.0134749226272, -0.00266130757518, 0.00417875964195, -0.0109079163522, 0.0100873513147, -0.0070035927929, 0.00269580632448, -0.00553771248087], [-0.000168455648236, -0.00193438900169, 0.00366578204557, -0.00441940687597, 0.00113117799629, -0.00266130757518, 0.0180208850652, -0.0102446777746, 0.00465396698564, -0.00919482670724, 0.0103036826476, -0.011577244848, 0.00516400625929], [-0.000574207573663, 0.0032106207218, -0.00813589151949, 0.00603010645136, -0.00770433107391, 0.00417875964195, -0.0102446777746, 0.0289592053741, -0.0112311849371, 0.0145203070715, -0.0166705343872, 0.0137664675713, -0.00765012577176], [0.000435914407717, -0.00238341349177, 0.00331624411047, -0.00565776787698, 0.00758509431034, -0.0109079163522, 0.00465396698564, -0.0112311849371, 0.0288273151964, -0.0118511356413, 0.0115217380226, -0.00689338753, 0.00731128221378], [-0.000774194544647, 0.00452757580206, -0.00623784027994, 0.00560112856328, -0.0124807758257, 0.0100873513147, -0.00919482670724, 0.0145203070715, -0.0118511356413, 0.0378564596176, -0.0132256010547, 0.0145859923214, -0.00609928369522], [-0.000220656758756, -0.000496525783092, 0.00291306897998, -0.00328440964222, 0.00674994848669, -0.0070035927929, 0.0103036826476, -0.0166705343872, 0.0115217380226, -0.0132256010547, 0.0370358787477, -0.0223010722548, 0.00630410481244], [0.000635752221569, -0.000783186638728, -0.00293870293535, 0.00108183419798, -0.00424063345417, 0.00269580632448, -0.011577244848, 0.0137664675713, -0.00689338753, 0.0145859923214, -0.0223010722548, 0.0425666160882, -0.0131578193977], [7.19789750292e-005, -0.00149521592539, 0.00186873180792, -0.00401506666094, 0.00324604357593, -0.00553771248087, 0.00516400625929, -0.00765012577176, 0.00731128221378, -0.00609928369522, 0.00630410481244, -0.0131578193977, 0.0322658494115]]
    },
    "melbands": {
        "mean": [1.50710620801e-005, 0.000169857681612, 0.000476248009363, 0.00040726820589, 0.000568624993321, 0.000561801774893, 0.000469719088869, 0.000806220457889, 0.000883026805241, 0.000199244503165, 0.000145984668052, 0.000109985405288, 7.86335658631e-005, 8.1466321717e-005, 6.56475385767e-005, 6.47247288725e-005, 2.12125414691e-005, 1.44082323459e-005, 1.39883550219e-005, 1.26970726342e-005, 5.05316347699e-006, 7.23160974303e-006, 4.41716292698e-006, 1.81970040103e-006, 1.98864722734e-006, 9.0053600843e-007, 6.99658130543e-007, 4.94667517614e-007, 2.91150684006e-007, 2.04600283382e-007, 7.76004682734e-008, 4.5804775084e-008, 2.87785333342e-008, 1.34063800061e-008, 6.96380908494e-009, 4.56547022409e-009, 1.58975399511e-009, 6.28880003628e-010, 3.72224806533e-010, 1.86011150927e-010],
        "var": [1.86890813936e-009, 1.21000667264e-007, 2.67866170134e-007, 2.28127547075e-007, 1.19564435863e-006, 3.21614209042e-007, 4.91963760396e-007, 1.69863176325e-006, 2.90296225103e-006, 1.68760379893e-007, 6.12815753698e-008, 3.62691423561e-007, 1.5519300689e-007, 5.33477589215e-007, 1.63809872333e-007, 5.29707868679e-008, 1.51679313554e-009, 7.80771558517e-010, 9.15088560483e-010, 1.32477728787e-009, 6.02617747369e-011, 1.33371924615e-010, 1.30918956232e-010, 9.875951619e-012, 3.47360092079e-011, 7.02477746112e-012, 2.27933817654e-012, 1.12749425681e-012, 3.31974546594e-013, 2.18953896897e-013, 5.05323830469e-014, 2.56983731441e-014, 7.37004892065e-015, 1.9989573097e-015, 1.09685419774e-015, 4.57748939614e-016, 1.3449791324e-016, 1.08996960659e-017, 7.16174876864e-018, 4.30475668198e-018]
    },
    "mfcc": {
        "mean": [-754.190429688, 221.488220215, -45.7792320251, 8.42868709564, -15.5146398544, -22.876329422, -17.2270755768, -21.1923961639, -11.5957508087, -9.18658447266, -5.01100635529, -3.94669890404, -8.9861574173],
        "cov": [[3860.49023438, 28.9656429291, -1255.7845459, 735.878234863, -483.919799805, 136.439285278, -88.2192840576, 9.58604240417, 37.6564598083, -77.4761657715, -1.71495342255, 19.2026195526, -9.87774944305], [28.9656429291, 387.658721924, 52.6355285645, -47.3790931702, 107.928894043, -32.4752311707, 94.9885559082, 16.8732662201, 35.4918403625, 15.0219154358, 16.6522445679, 9.01961326599, 8.58295631409], [-1255.7845459, 52.6355285645, 644.798034668, -233.855072021, 184.132339478, 76.0604782104, 60.9264411926, 97.9230804443, 40.0384941101, 72.3008346558, 20.9241981506, 0.388819485903, 41.0266456604], [735.878234863, -47.3790931702, -233.855072021, 316.934509277, -45.9143981934, 58.3313827515, 24.6462287903, 11.5306444168, 45.573348999, -13.1361865997, 22.8642883301, 0.503020465374, 5.04400920868], [-483.919799805, 107.928894043, 184.132339478, -45.9143981934, 226.883773804, 37.5133094788, 81.5342407227, 62.6361083984, 30.8614292145, 42.1349334717, 15.58385849, -11.5379524231, 26.2058162689], [136.439285278, -32.4752311707, 76.0604782104, 58.3313827515, 37.5133094788, 192.097579956, 25.9949798584, 79.9709243774, 70.6103820801, 30.9787197113, 22.1302680969, -1.52392876148, 35.125202179], [-88.2192840576, 94.9885559082, 60.9264411926, 24.6462287903, 81.5342407227, 25.9949798584, 118.279815674, 54.3070068359, 34.6552429199, 26.1696567535, 14.1914358139, 2.38748073578, 13.1276082993], [9.58604240417, 16.8732662201, 97.9230804443, 11.5306444168, 62.6361083984, 79.9709243774, 54.3070068359, 147.165405273, 49.4943161011, 44.5260658264, 18.9675292969, -15.1348400116, 39.9207572937], [37.6564598083, 35.4918403625, 40.0384941101, 45.573348999, 30.8614292145, 70.6103820801, 34.6552429199, 49.4943161011, 93.9797744751, 34.2668495178, 17.6943130493, -0.706726849079, 13.5570678711], [-77.4761657715, 15.0219154358, 72.3008346558, -13.1361865997, 42.1349334717, 30.9787197113, 26.1696567535, 44.5260658264, 34.2668495178, 89.3570175171, 25.6896324158, -14.5102386475, 8.39957904816], [-1.71495342255, 16.6522445679, 20.9241981506, 22.8642883301, 15.58385849, 22.1302680969, 14.1914358139, 18.9675292969, 17.6943130493, 25.6896324158, 53.6730499268, 9.14095401764, -2.52807235718], [19.2026195526, 9.01961326599, 0.388819485903, 0.503020465374, -11.5379524231, -1.52392876148, 2.38748073578, -15.1348400116, -0.706726849079, -14.5102386475, 9.14095401764, 51.1093864441, 7.83761978149], [-9.87774944305, 8.58295631409, 41.0266456604, 5.04400920868, 26.2058162689, 35.125202179, 13.1276082993, 39.9207572937, 13.5570678711, 8.39957904816, -2.52807235718, 7.83761978149, 80.2477722168]],
        "icov": [[0.00503713311628, -0.00603750301525, 0.00727815693244, -0.00641378341243, 0.00718836113811, -0.00681426981464, 0.00467047467828, -0.00691368198022, 0.00549717387185, -0.00475805578753, 0.00508179049939, -0.00406123325229, 0.00138456944842], [-0.00603750301525, 0.0112974150106, -0.00807788781822, 0.00904661789536, -0.00985272880644, 0.00952351186424, -0.0085332673043, 0.00903348717839, -0.00896400120109, 0.00671010417864, -0.00760282808915, 0.00488066812977, -0.00234340759926], [0.00727815693244, -0.00807788781822, 0.0139033477753, -0.00647004367784, 0.0087263751775, -0.0107018128037, 0.00598143413663, -0.010465675965, 0.00697547988966, -0.00715383375064, 0.00635324604809, -0.00638186419383, 0.00151469337288], [-0.00641378341243, 0.00904661789536, -0.00647004367784, 0.0148344701156, -0.00912030693144, 0.00735566532239, -0.0088849812746, 0.00936843827367, -0.010072269477, 0.00805160496384, -0.00992112886161, 0.00643375422806, -0.00291208736598], [0.00718836113811, -0.00985272880644, 0.0087263751775, -0.00912030693144, 0.0182518716902, -0.0102444784716, 0.00320136197843, -0.00991525221616, 0.00858711637557, -0.00744933402166, 0.00673078140244, -0.00354285654612, 0.000870183983352], [-0.00681426981464, 0.00952351186424, -0.0107018128037, 0.00735566532239, -0.0102444784716, 0.0187017489225, -0.00553083838895, 0.00674909027293, -0.0126193836331, 0.00720086833462, -0.00814138818532, 0.00525827007368, -0.00353341596201], [0.00467047467828, -0.0085332673043, 0.00598143413663, -0.0088849812746, 0.00320136197843, -0.00553083838895, 0.0204292368144, -0.0106931943446, 0.00478614261374, -0.00610637757927, 0.00667751813307, -0.00710336398333, 0.00307575822808], [-0.00691368198022, 0.00903348717839, -0.010465675965, 0.00936843827367, -0.00991525221616, 0.00674909027293, -0.0106931943446, 0.0226144604385, -0.00962123647332, 0.00515874475241, -0.00933230761439, 0.0101429792121, -0.00647157942876], [0.00549717387185, -0.00896400120109, 0.00697547988966, -0.010072269477, 0.00858711637557, -0.0126193836331, 0.00478614261374, -0.00962123647332, 0.0256441105157, -0.010287004523, 0.00704521918669, -0.00623384630308, 0.00300021772273], [-0.00475805578753, 0.00671010417864, -0.00715383375064, 0.00805160496384, -0.00744933402166, 0.00720086833462, -0.00610637757927, 0.00515874475241, -0.010287004523, 0.0227338355035, -0.0131945786998, 0.00997528154403, -0.00247026514262], [0.00508179049939, -0.00760282808915, 0.00635324604809, -0.00992112886161, 0.00673078140244, -0.00814138818532, 0.00667751813307, -0.00933230761439, 0.00704521918669, -0.0131945786998, 0.0322812534869, -0.0126863569021, 0.00617678323761], [-0.00406123325229, 0.00488066812977, -0.00638186419383, 0.00643375422806, -0.00354285654612, 0.00525827007368, -0.00710336398333, 0.0101429792121, -0.00623384630308, 0.00997528154403, -0.0126863569021, 0.0289051868021, -0.00640574516729], [0.00138456944842, -0.00234340759926, 0.00151469337288, -0.00291208736598, 0.000870183983352, -0.00353341596201, 0.00307575822808, -0.00647157942876, 0.00300021772273, -0.00247026514262, 0.00617678323761, -0.00640574516729, 0.0168417487293]]
    },
    "spectral_contrast_coeffs": {
        "mean": [-0.497727036476, -0.685722410679, -0.710540175438, -0.728857636452, -0.729133784771, -0.700222849846],
        "var": [0.00720724044368, 0.00545045128092, 0.00621700426564, 0.00324884313159, 0.00142233225051, 0.00582726113498]
    },
    "spectral_contrast_valleys": {
        "mean": [-9.10740947723, -6.36027622223, -7.79553413391, -8.57793712616, -9.51497745514, -14.3989171982],
        "var": [1.44470357895, 0.945142328739, 1.10783553123, 0.980094850063, 1.46310126781, 1.16961157322]
    }
},
"metadata": {
    "audio_properties": {
        "analysis_sample_rate": 44100,
        "bit_rate": 88145,
        "equal_loudness": 0,
        "length": 45.0873451233,
        "lossless": 0,
        "replay_gain": -6.95080947876,
        "sample_rate": 44100,
        "codec": "mp3",
        "downmix": "mix",
        "md5_encoded": "6bd9f512e87be2175329656602401362"
    },
    "tags": {
        "file_name": "142.mp3"
    },
    "version": {
        "essentia": "2.1-beta2",
        "essentia_git_sha": "v2.1_beta2",
        "extractor": "music 1.0"
    }
},
"rhythm": {
    "beats_count": 71,
    "beats_loudness": {
        "mean": 0.0309787727892,
        "var": 0.000524211034644
    },
    "bpm": 95.4503707886,
    "bpm_histogram_first_peak_bpm": {
        "mean": 96,
        "var": 0
    },
    "bpm_histogram_first_peak_spread": {
        "mean": 0.485714316368,
        "var": 0
    },
    "bpm_histogram_first_peak_weight": {
        "mean": 0.514285743237,
        "var": 0
    },
    "bpm_histogram_second_peak_bpm": {
        "mean": 0,
        "var": 0
    },
    "bpm_histogram_second_peak_spread": {
        "mean": 0,
        "var": 0
    },
    "bpm_histogram_second_peak_weight": {
        "mean": 0,
        "var": 0
    },
    "danceability": 1.0048545599,
    "onset_rate": 3.08171463013,
    "beats_loudness_band_ratio": {
        "mean": [0.156154155731, 0.305846184492, 0.43780335784, 0.122374080122, 0.0473737381399, 0.00375696690753],
        "var": [0.0170247647911, 0.0231422577053, 0.0262526199222, 0.0119567112997, 0.00205583148636, 6.5127628659e-006]
    },
    "beats_position": [0.615328788757, 1.25387752056, 1.90403628349, 2.55419492722, 3.19274377823, 3.84290242195, 4.48145103455, 5.10838985443, 5.74693870544, 6.3622674942, 6.97759628296, 7.60453510284, 8.2198638916, 8.83519268036, 9.46213150024, 10.077460289, 10.7043991089, 11.3313379288, 11.9582767487, 12.5852155685, 13.2121543884, 13.8158731461, 14.4195919037, 15.0465307236, 15.6502494812, 16.2771873474, 16.904127121, 17.5310649872, 18.1580047607, 18.7733325958, 19.4002723694, 20.0388202667, 20.6657600403, 21.2926979065, 21.9312477112, 22.5697956085, 23.1967334747, 23.8352832794, 24.4738311768, 25.1123809814, 25.7393188477, 26.3546485901, 26.9815864563, 27.620136261, 28.2586841583, 28.897233963, 29.5357818604, 30.1627197266, 30.7896595001, 31.4165973663, 32.0435371399, 32.6704750061, 33.2974128723, 33.935962677, 34.5745124817, 35.2014503479, 35.8283882141, 36.4669380188, 37.1054878235, 37.7324256897, 38.3709754944, 39.0095214844, 39.6364631653, 40.2634010315, 40.8903388977, 41.4940567017, 42.1209983826, 42.7479362488, 43.374874115, 44.0018119812, 44.6287536621]
},
"tonal": {
    "chords_changes_rate": 0.0308641977608,
    "chords_number_rate": 0.00720164598897,
    "chords_strength": {
        "mean": 0.48605927825,
        "var": 0.00537703605369
    },
    "hpcp_entropy": {
        "mean": 1.34293007851,
        "var": 0.527437746525
    },
    "key_strength": 0.783062279224,
    "tuning_diatonic_strength": 0.496503412724,
    "tuning_equal_tempered_deviation": 0.00611882796511,
    "tuning_frequency": 440.508636475,
    "tuning_nontempered_energy_ratio": 0.58075851202,
    "hpcp": {
        "mean": [0.189344763756, 0.0963122397661, 0.00981902237982, 0.00452802656218, 0.00544940121472, 0.146597728133, 0.283978492022, 0.161846667528, 0.176580354571, 0.260286867619, 0.108695447445, 0.0175404474139, 0.0223020110279, 0.0228696614504, 0.217926770449, 0.378305763006, 0.183423787355, 0.0245861317962, 0.0185481254011, 0.0171843022108, 0.202930063009, 0.345203667879, 0.178541123867, 0.123665429652, 0.177117332816, 0.084192506969, 0.0290044546127, 0.0471399873495, 0.0378462225199, 0.208395466208, 0.353497266769, 0.164423167706, 0.0172328483313, 0.0159232858568, 0.0152551895007, 0.108491025865],
        "var": [0.0852902680635, 0.0203322358429, 0.000316912715789, 8.49336283864e-005, 0.000365059939213, 0.031817663461, 0.11814455688, 0.0322451069951, 0.0671576857567, 0.141988262534, 0.0273852515966, 0.00357673456892, 0.00896328128874, 0.00253333826549, 0.043867085129, 0.142678081989, 0.0340691059828, 0.00863340124488, 0.00314115104266, 0.00097609939985, 0.0461234301329, 0.13159032166, 0.034561432898, 0.0400386750698, 0.0998991653323, 0.0239918977022, 0.00269558513537, 0.0132759213448, 0.00670900661498, 0.0488165356219, 0.134897083044, 0.0301159247756, 0.00162375229411, 0.00109466176946, 0.000935640768148, 0.0276227705181]
    },
    "chords_histogram": [27.1604938507, 24.1769542694, 13.4773664474, 0, 0, 0, 1.74897122383, 0, 0, 0, 0, 0, 0, 0, 0, 0, 0, 0, 0, 0, 0, 27.2633743286, 4.83539104462, 1.33744859695],
    "thpcp": [1, 0.484855920076, 0.0649901032448, 0.0490294545889, 0.0454243719578, 0.536418139935, 0.912499070168, 0.471949249506, 0.326892793179, 0.468185663223, 0.222551479936, 0.0766693428159, 0.124608166516, 0.100041359663, 0.55086517334, 0.934422075748, 0.43463036418, 0.0455526970327, 0.0420910492539, 0.0403250269592, 0.286781311035, 0.500507235527, 0.254588335752, 0.025955254212, 0.0119692245498, 0.0144047532231, 0.387511223555, 0.750658631325, 0.427819728851, 0.466766238213, 0.688033044338, 0.287321686745, 0.0463657937944, 0.0589523427188, 0.0604528486729, 0.576059877872],
    "chords_key": "D",
    "chords_scale": "minor",
    "key_key": "C",
    "key_scale": "major"
}
}