{
"lowlevel": {
    "average_loudness": 0.726271986961,
    "barkbands_crest": {
        "mean": 13.1971483231,
        "var": 31.124956131
    },
    "barkbands_flatness_db": {
        "mean": 0.200946584344,
        "var": 0.0028285223525
    },
    "barkbands_kurtosis": {
        "mean": 6.23319673538,
        "var": 377.302337646
    },
    "barkbands_skewness": {
        "mean": 1.12768661976,
        "var": 2.07924818993
    },
    "barkbands_spread": {
        "mean": 15.8797225952,
        "var": 96.2735290527
    },
    "dissonance": {
        "mean": 0.429488658905,
        "var": 0.00260214856826
    },
    "dynamic_complexity": 3.72058343887,
    "erbbands_crest": {
        "mean": 15.9239454269,
        "var": 47.5073165894
    },
    "erbbands_flatness_db": {
        "mean": 0.246191903949,
        "var": 0.0019169744337
    },
    "erbbands_kurtosis": {
        "mean": 3.69966125488,
        "var": 129.350967407
    },
    "erbbands_skewness": {
        "mean": 0.762390911579,
        "var": 3.1026031971
    },
    "erbbands_spread": {
        "mean": 23.0081481934,
        "var": 129.037200928
    },
    "hfc": {
        "mean": 11.3793668747,
        "var": 207.406646729
    },
    "melbands_crest": {
        "mean": 15.7571306229,
        "var": 44.082359314
    },
    "melbands_flatness_db": {
        "mean": 0.270540863276,
        "var": 0.00378768937662
    },
    "melbands_kurtosis": {
        "mean": 9.59880542755,
        "var": 475.689483643
    },
    "melbands_skewness": {
        "mean": 1.58769464493,
        "var": 1.76311445236
    },
    "melbands_spread": {
        "mean": 22.1352386475,
        "var": 262.179046631
    },
    "pitch_salience": {
        "mean": 0.394498765469,
        "var": 0.0121904285625
    },
    "silence_rate_20dB": {
        "mean": 1,
        "var": 0
    },
    "silence_rate_30dB": {
        "mean": 0.983007192612,
        "var": 0.0167036298662
    },
    "silence_rate_60dB": {
        "mean": 0.0952626168728,
        "var": 0.0861862152815
    },
    "spectral_centroid": {
        "mean": 1188.18505859,
        "var": 343180
    },
    "spectral_complexity": {
        "mean": 9.82698249817,
        "var": 15.0277080536
    },
    "spectral_decrease": {
        "mean": -4.23482227063e-009,
        "var": 4.99869148458e-017
    },
    "spectral_energy": {
        "mean": 0.017015311867,
        "var": 0.000776365108322
    },
    "spectral_energyband_high": {
        "mean": 6.58907156321e-005,
        "var": 1.50580827807e-008
    },
    "spectral_energyband_low": {
        "mean": 0.00132136943284,
        "var": 6.93941331065e-007
    },
    "spectral_energyband_middle_high": {
        "mean": 0.00265302252956,
        "var": 1.52580514623e-005
    },
    "spectral_energyband_middle_low": {
        "mean": 0.0131231527776,
        "var": 0.000750074628741
    },
    "spectral_entropy": {
        "mean": 6.60715866089,
        "var": 0.229712113738
    },
    "spectral_flux": {
        "mean": 0.0532558225095,
        "var": 0.00155196757987
    },
    "spectral_kurtosis": {
        "mean": 10.5332632065,
        "var": 32.2221984863
    },
    "spectral_rms": {
        "mean": 0.00351985567249,
        "var": 4.21091317548e-006
    },
    "spectral_rolloff": {
        "mean": 1257.91308594,
        "var": 793512.3125
    },
    "spectral_skewness": {
        "mean": 2.13769221306,
        "var": 0.606443941593
    },
    "spectral_spread": {
        "mean": 2936936.5,
        "var": 1.18246342656e+012
    },
    "spectral_strongpeak": {
        "mean": 1.66546726227,
        "var": 2.7962679863
    },
    "zerocrossingrate": {
        "mean": 0.0449950434268,
        "var": 0.000460725743324
    },
    "barkbands": {
        "mean": [2.12135273614e-005, 0.000711267988663, 0.000494010455441, 0.000139476382174, 0.000173441585503, 0.00122672482394, 0.00989332329482, 0.00111270020716, 0.000510233629029, 0.000202670664294, 0.000129577383632, 4.75139822811e-005, 0.000464562035631, 0.000498198904097, 0.000294927565847, 0.000224320989219, 0.000401650206186, 0.000184631935554, 0.000140904608998, 9.67883461271e-005, 3.61333768524e-005, 5.54490725335e-006, 2.54552833212e-006, 1.42325416164e-006, 8.94770209925e-007, 6.26047608421e-007, 3.48888669066e-008],
        "var": [5.51737266985e-010, 3.85698598393e-007, 1.61074709126e-007, 3.6763818656e-008, 7.08917411885e-007, 5.57296789339e-006, 0.000699800031725, 1.46717084135e-005, 1.5604211967e-006, 3.98261221335e-007, 6.7921106961e-008, 9.5712984205e-009, 1.25472638501e-006, 6.73052136335e-006, 4.19159249532e-007, 3.32804290792e-007, 1.3621428252e-006, 2.72570673587e-007, 8.0976505501e-008, 7.5178057557e-008, 7.04637104221e-009, 2.03484701311e-010, 3.43285747051e-011, 5.53010588711e-012, 2.82095332337e-012, 6.04717664832e-013, 3.66406415359e-016]
    },
    "erbbands": {
        "mean": [0.0190273597836, 0.170007333159, 0.442457914352, 0.684365212917, 0.408401966095, 0.609181404114, 1.44675815105, 18.4664669037, 152.77104187, 54.0096321106, 31.1203899384, 11.5589962006, 6.21735620499, 6.16779947281, 2.72898173332, 3.66870737076, 14.0485477448, 26.9435024261, 13.830332756, 18.1586742401, 16.8061981201, 21.7796669006, 11.151930809, 8.53832817078, 6.26626443863, 4.50671815872, 2.00315093994, 0.834286093712, 0.209064751863, 0.0922589153051, 0.0719944164157, 0.0414603613317, 0.0169453211129, 0.00988268852234, 0.00640687346458, 0.00327287521213, 0.0010538288625, 0.000168826518347, 1.26599143186e-005, 1.98557008844e-005],
        "var": [0.000287227245281, 0.0212435647845, 0.110075801611, 0.417529582977, 6.77259683609, 8.1115322113, 5.49724006653, 1500.8092041, 208745.859375, 9902.59960938, 11306.5048828, 824.009399414, 246.211074829, 185.638565063, 19.6962680817, 48.4013252258, 845.535400391, 10214.7851563, 2098.6015625, 1461.65771484, 1391.83935547, 2929.77539063, 695.244018555, 348.501495361, 133.692001343, 147.574890137, 20.6244831085, 4.03896045685, 0.205764934421, 0.0391659513116, 0.0250624995679, 0.00584052596241, 0.00080984988017, 0.000433022651123, 0.000121793760627, 2.43160011451e-005, 1.35797552048e-006, 1.46323095862e-008, 1.9358541159e-010, 9.83991221837e-010]
    },
    "gfcc": {
        "mean": [-85.7720718384, 124.415931702, -135.287475586, 20.7288627625, -37.0570755005, -11.8770961761, -38.9567451477, 20.0196151733, -5.72667646408, 19.817193985, -3.95013070107, -2.44433927536, -15.5090837479],
        "cov": [[2370.22705078, -86.4173278809, -705.925170898, 349.947906494, -228.889770508, -377.107147217, 110.819602966, -101.405532837, 88.9669189453, 55.5030059814, 104.434532166, -10.7177610397, 53.6101531982], [-86.4173278809, 268.252502441, 198.234695435, -176.09664917, -11.8948373795, -25.8090991974, -18.1040802002, 25.1240444183, 7.71027183533, -7.02910280228, 63.0743904114, 46.7247123718, 21.4178199768], [-705.925170898, 198.234695435, 493.298736572, -212.575698853, 12.069396019, 99.2625656128, -69.7101364136, 47.8358421326, -5.35922193527, -6.5899066925, 27.980430603, 64.7690124512, 6.48907518387], [349.947906494, -176.09664917, -212.575698853, 349.547912598, 24.4527320862, -62.164352417, 49.9516639709, -27.4072227478, -5.75046491623, 8.54289150238, -23.755815506, -12.9964189529, 13.7784223557], [-228.889770508, -11.8948373795, 12.069396019, 24.4527320862, 242.512619019, 183.186264038, -61.3107337952, -4.30522871017, -15.7812871933, -0.324525177479, -59.2351608276, -28.1065158844, -33.1149635315], [-377.107147217, -25.8090991974, 99.2625656128, -62.164352417, 183.186264038, 303.431549072, -42.4423103333, -1.53028953075, -28.1166934967, -15.7849092484, -97.8576049805, -46.4156608582, -63.5712051392], [110.819602966, -18.1040802002, -69.7101364136, 49.9516639709, -61.3107337952, -42.4423103333, 137.78237915, 50.2282218933, -9.05248641968, -7.20371770859, -5.8009223938, -42.7836265564, -7.83560466766], [-101.405532837, 25.1240444183, 47.8358421326, -27.4072227478, -4.30522871017, -1.53028953075, 50.2282218933, 123.977287292, 5.0125079155, -35.1206245422, -26.2610168457, -18.9103946686, -26.1381225586], [88.9669189453, 7.71027183533, -5.35922193527, -5.75046491623, -15.7812871933, -28.1166934967, -9.05248641968, 5.0125079155, 93.6327056885, 29.9987983704, 2.08830666542, -15.5958805084, 2.63539409637], [55.5030059814, -7.02910280228, -6.5899066925, 8.54289150238, -0.324525177479, -15.7849092484, -7.20371770859, -35.1206245422, 29.9987983704, 92.2542495728, 47.0347366333, -15.4446411133, 0.389445900917], [104.434532166, 63.0743904114, 27.980430603, -23.755815506, -59.2351608276, -97.8576049805, -5.8009223938, -26.2610168457, 2.08830666542, 47.0347366333, 145.237365723, 88.3165588379, 41.2205963135], [-10.7177610397, 46.7247123718, 64.7690124512, -12.9964189529, -28.1065158844, -46.4156608582, -42.7836265564, -18.9103946686, -15.5958805084, -15.4446411133, 88.3165588379, 182.776885986, 107.429679871], [53.6101531982, 21.4178199768, 6.48907518387, 13.7784223557, -33.1149635315, -63.5712051392, -7.83560466766, -26.1381225586, 2.63539409637, 0.389445900917, 41.2205963135, 107.429679871, 139.833480835]],
        "icov": [[0.00130653497763, -0.0020159392152, 0.00238283607177, -0.00133355241269, 0.00183979049325, -0.000796749722213, 0.000960213888902, -0.000211091843084, -0.000730999978259, -0.000297455000691, -0.000463122880319, 5.97568578087e-005, 2.17312517634e-005], [-0.0020159392152, 0.01241934672, -0.00683191232383, 0.00612601172179, -0.00715187611058, 0.00514076929539, -0.00455565098673, 0.00209385738708, -0.000404397491366, 0.0038302433677, -0.00235639931634, 0.00057394139003, -0.000385762890801], [0.00238283607177, -0.00683191232383, 0.00896452832967, -0.00260052434169, 0.00608533201739, -0.00468015344813, 0.00481348996982, -0.00349698122591, -0.000377616466722, -0.00240336149, -0.000746699748561, -0.000602013024036, -0.000400981516577], [-0.00133355241269, 0.00612601172179, -0.00260052434169, 0.00808900594711, -0.00632745120674, 0.00524723762646, -0.00527110602707, 0.00281788222492, 0.000435537309386, -0.000169239952811, 0.00277186254971, -0.00286415917799, 0.00139061908703], [0.00183979049325, -0.00715187611058, 0.00608533201739, -0.00632745120674, 0.0156044559553, -0.0106044923887, 0.00926602166146, -0.00537004647776, 0.00081667501945, -0.00227889697999, -0.00226114550605, 0.00319031765684, -0.00267254281789], [-0.000796749722213, 0.00514076929539, -0.00468015344813, 0.00524723762646, -0.0106044923887, 0.0138109307736, -0.00641621043906, 0.00519898207858, 0.00109175697435, -0.00160670327023, 0.0081246336922, -0.00562086654827, 0.00550513388589], [0.000960213888902, -0.00455565098673, 0.00481348996982, -0.00527110602707, 0.00926602166146, -0.00641621043906, 0.0182778444141, -0.00975535530597, 0.00310714286752, -3.51747366949e-005, -0.00574101600796, 0.00876594055444, -0.00599693693221], [-0.000211091843084, 0.00209385738708, -0.00349698122591, 0.00281788222492, -0.00537004647776, 0.00519898207858, -0.00975535530597, 0.0159600805491, -0.00347982649691, 0.00446030544117, 0.00378109887242, -0.00407368643209, 0.00524159474298], [-0.000730999978259, -0.000404397491366, -0.000377616466722, 0.000435537309386, 0.00081667501945, 0.00109175697435, 0.00310714286752, -0.00347982649691, 0.0146681116894, -0.00680769002065, 0.00323349516839, 0.000928645313252, -0.00139392446727], [-0.000297455000691, 0.0038302433677, -0.00240336149, -0.000169239952811, -0.00227889697999, -0.00160670327023, -3.51747366949e-005, 0.00446030544117, -0.00680769002065, 0.0248109251261, -0.0158128328621, 0.0116323046386, -0.0049989502877], [-0.000463122880319, -0.00235639931634, -0.000746699748561, 0.00277186254971, -0.00226114550605, 0.0081246336922, -0.00574101600796, 0.00378109887242, 0.00323349516839, -0.0158128328621, 0.0271686203778, -0.0181055963039, 0.00972742959857], [5.97568578087e-005, 0.00057394139003, -0.000602013024036, -0.00286415917799, 0.00319031765684, -0.00562086654827, 0.00876594055444, -0.00407368643209, 0.000928645313252, 0.0116323046386, -0.0181055963039, 0.0252238586545, -0.015962138772], [2.17312517634e-005, -0.000385762890801, -0.000400981516577, 0.00139061908703, -0.00267254281789, 0.00550513388589, -0.00599693693221, 0.00524159474298, -0.00139392446727, -0.0049989502877, 0.00972742959857, -0.015962138772, 0.0190331991762]]
    },
    "melbands": {
        "mean": [0.000194482432562, 0.000240220324486, 0.000111071552965, 3.29153554048e-005, 3.91134017264e-005, 0.00051534443628, 0.00218216120265, 0.00041433275328, 0.000258502463112, 5.536109893e-005, 3.13757336698e-005, 2.6212339435e-005, 1.34137508212e-005, 3.58820329893e-006, 1.97403478523e-005, 4.37727539975e-005, 5.52698329557e-005, 2.70259388344e-005, 2.46914696618e-005, 1.92219740711e-005, 2.00813665288e-005, 2.76837890851e-005, 7.65582717577e-006, 1.15036982606e-005, 6.29280430076e-006, 4.80434482597e-006, 5.0191210903e-006, 2.26726774599e-006, 1.06170091385e-006, 1.0542905784e-006, 3.22919447626e-007, 1.28572594349e-007, 5.75600012098e-008, 4.63660825289e-008, 4.53139747947e-008, 3.24725171197e-008, 2.13725535048e-008, 1.22062644436e-008, 8.80669936976e-009, 8.04048205794e-009],
        "var": [2.90356414467e-008, 2.48863507579e-008, 1.82563457685e-008, 4.68019187849e-008, 4.84721551786e-009, 1.21216214666e-006, 3.90059103665e-005, 6.26949486104e-007, 8.82803533386e-007, 1.72044885005e-008, 7.33108374007e-009, 4.2823682378e-009, 6.46494247025e-010, 7.0786848605e-011, 2.60551846765e-009, 1.49401770955e-008, 5.70959315382e-008, 1.45418441733e-008, 3.11871461989e-009, 1.34976008148e-009, 2.49751486159e-009, 6.67707222846e-009, 2.24408991389e-010, 1.18237319935e-009, 2.38765923699e-010, 1.06040010106e-010, 1.91592033905e-010, 3.57830362563e-011, 5.13314260889e-012, 7.62267419324e-012, 7.8607075276e-013, 1.10600073479e-013, 1.63009898277e-014, 1.26317362738e-014, 1.19052954073e-014, 5.06522949601e-015, 1.46973610057e-015, 5.76359757311e-016, 1.80193064343e-016, 3.38398556274e-016]
    },
    "mfcc": {
        "mean": [-737.077209473, 158.760482788, -28.5553016663, 36.7310256958, 11.8511819839, -12.112657547, -10.4980115891, -8.03219795227, 0.310544669628, 11.8787336349, 8.78065776825, 14.5153369904, 9.48346614838],
        "cov": [[2530.17016602, -486.933624268, -651.717468262, 529.588684082, -418.489593506, -90.9909820557, -156.976303101, -123.05859375, -82.7585372925, -8.15176963806, -110.965965271, 115.460380554, 53.6300354004], [-486.933624268, 497.15637207, 204.836532593, -231.619445801, 92.0439071655, -75.2938766479, 12.8454837799, 21.2652854919, -26.7984981537, -50.9986572266, 24.497215271, -18.9695072174, 73.1141357422], [-651.717468262, 204.836532593, 352.345794678, -147.251831055, 50.7679405212, -13.1656980515, 19.4675712585, 32.4259376526, 0.997794032097, -5.23906946182, 33.5861434937, -18.3811416626, 12.3305673599], [529.588684082, -231.619445801, -147.251831055, 335.057403564, -106.230262756, -46.0798606873, -6.572265625, -33.7741622925, -14.4524106979, -10.7824678421, -60.7640266418, 51.2513999939, 49.7947998047], [-418.489593506, 92.0439071655, 50.7679405212, -106.230262756, 274.864959717, 111.314361572, 5.23424386978, 26.0229091644, 18.8070659637, -17.0863647461, 21.4313678741, -44.5247306824, -46.1906967163], [-90.9909820557, -75.2938766479, -13.1656980515, -46.0798606873, 111.314361572, 190.947296143, 20.8837871552, -21.3759117126, 30.8021430969, 23.1202335358, 16.1403484344, -26.7381687164, -92.6213684082], [-156.976303101, 12.8454837799, 19.4675712585, -6.572265625, 5.23424386978, 20.8837871552, 115.097358704, 35.3175048828, 6.00546360016, 9.9811372757, 7.27814531326, -1.14582598209, -2.77440595627], [-123.05859375, 21.2652854919, 32.4259376526, -33.7741622925, 26.0229091644, -21.3759117126, 35.3175048828, 125.21837616, 33.424911499, -21.0939807892, 4.94896221161, -11.6858520508, -5.26825094223], [-82.7585372925, -26.7984981537, 0.997794032097, -14.4524106979, 18.8070659637, 30.8021430969, 6.00546360016, 33.424911499, 108.889549255, 51.490524292, 5.51574420929, -4.79199266434, -41.8911399841], [-8.15176963806, -50.9986572266, -5.23906946182, -10.7824678421, -17.0863647461, 23.1202335358, 9.9811372757, -21.0939807892, 51.490524292, 158.68637085, 83.7856903076, 1.38458263874, -51.280872345], [-110.965965271, 24.497215271, 33.5861434937, -60.7640266418, 21.4313678741, 16.1403484344, 7.27814531326, 4.94896221161, 5.51574420929, 83.7856903076, 153.870147705, 28.8315296173, -58.325630188], [115.460380554, -18.9695072174, -18.3811416626, 51.2513999939, -44.5247306824, -26.7381687164, -1.14582598209, -11.6858520508, -4.79199266434, 1.38458263874, 28.8315296173, 115.324058533, 46.9320030212], [53.6300354004, 73.1141357422, 12.3305673599, 49.7947998047, -46.1906967163, -92.6213684082, -2.77440595627, -5.26825094223, -41.8911399841, -51.280872345, -58.325630188, 46.9320030212, 169.662033081]],
        "icov": [[0.00171255040914, -0.00089161307551, 0.00247777206823, -0.00162538408767, 0.00233038933948, -0.00163790944498, 0.00247467774898, -0.00134330336004, 0.0016581058735, -0.000789084995631, 0.000604518398177, -0.000578221515752, 0.000417568458943], [-0.00089161307551, 0.00587354693562, -0.00252609630115, 0.00410328852013, -0.00306104379706, 0.00435938080773, -0.002869524993, 0.00314734620042, -0.00214354321361, 0.00255016656592, -0.00179110118188, 0.00102887686808, -0.00233152625151], [0.00247777206823, -0.00252609630115, 0.00757562601939, -0.00158968754113, 0.00353024643846, -0.00260839401744, 0.0033324775286, -0.0025084016379, 0.00229212059639, -0.00118153763469, 0.000344886444509, -0.00050412339624, 0.000201951610507], [-0.00162538408767, 0.00410328852013, -0.00158968754113, 0.00816386006773, -0.00259896414354, 0.00420505134389, -0.00364230549894, 0.00310734729283, -0.00182927737478, 0.00120405794587, 0.000797409797087, -0.00103377841879, -0.0014376755571], [0.00233038933948, -0.00306104379706, 0.00353024643846, -0.00259896414354, 0.00992884486914, -0.00754552893341, 0.00482902256772, -0.00387881649658, 0.00184520857874, 0.00010269361519, -0.000829169759527, 0.00109383149538, -0.000469849765068], [-0.00163790944498, 0.00435938080773, -0.00260839401744, 0.00420505134389, -0.00754552893341, 0.0149885667488, -0.00644328771159, 0.00685367919505, -0.00381724722683, 0.00205632322468, 0.000511550228111, -0.000615342403762, 0.00385529943742], [0.00247467774898, -0.002869524993, 0.0033324775286, -0.00364230549894, 0.00482902256772, -0.00644328771159, 0.0147597752512, -0.00729720341042, 0.00477168336511, -0.00383314467035, 0.00179771368857, -0.00125936674885, 7.90974445408e-005], [-0.00134330336004, 0.00314734620042, -0.0025084016379, 0.00310734729283, -0.00387881649658, 0.00685367919505, -0.00729720341042, 0.0155776655301, -0.00880178716034, 0.00704631442204, -0.00440541142598, 0.00270367809571, -0.000917314377148], [0.0016581058735, -0.00214354321361, 0.00229212059639, -0.00182927737478, 0.00184520857874, -0.00381724722683, 0.00477168336511, -0.00880178716034, 0.0188550185412, -0.0101939952001, 0.00808399729431, -0.00487762037665, 0.00469573354349], [-0.000789084995631, 0.00255016656592, -0.00118153763469, 0.00120405794587, 0.00010269361519, 0.00205632322468, -0.00383314467035, 0.00704631442204, -0.0101939952001, 0.0161784011871, -0.0107859503478, 0.00475896149874, -0.00246178731322], [0.000604518398177, -0.00179110118188, 0.000344886444509, 0.000797409797087, -0.000829169759527, 0.000511550228111, 0.00179771368857, -0.00440541142598, 0.00808399729431, -0.0107859503478, 0.0176712814718, -0.0088442414999, 0.00752517068759], [-0.000578221515752, 0.00102887686808, -0.00050412339624, -0.00103377841879, 0.00109383149538, -0.000615342403762, -0.00125936674885, 0.00270367809571, -0.00487762037665, 0.00475896149874, -0.0088442414999, 0.0150888850912, -0.00687557924539], [0.000417568458943, -0.00233152625151, 0.000201951610507, -0.0014376755571, -0.000469849765068, 0.00385529943742, 7.90974445408e-005, -0.000917314377148, 0.00469573354349, -0.00246178731322, 0.00752517068759, -0.00687557924539, 0.0140278954059]]
    },
    "spectral_contrast_coeffs": {
        "mean": [-0.738784074783, -0.602234244347, -0.722308516502, -0.679267644882, -0.716668248177, -0.785486638546],
        "var": [0.00228826445527, 0.0108225122094, 0.00390702812001, 0.00284931715578, 0.00229421560653, 0.00309015484527]
    },
    "spectral_contrast_valleys": {
        "mean": [-7.82905244827, -7.44026470184, -8.92289543152, -8.95134830475, -8.90738677979, -11.7038545609],
        "var": [0.361298829317, 0.749329805374, 0.593703985214, 0.634766459465, 0.8391045928, 0.231099098921]
    }
},
"metadata": {
    "audio_properties": {
        "analysis_sample_rate": 44100,
        "bit_rate": 128074,
        "equal_loudness": 0,
        "length": 45.0612258911,
        "lossless": 0,
        "replay_gain": -5.50665855408,
        "sample_rate": 44100,
        "codec": "mp3",
        "downmix": "mix",
        "md5_encoded": "0d999a962a774cae31d3e0307933c13c"
    },
    "tags": {
        "file_name": "1421.mp3"
    },
    "version": {
        "essentia": "2.1-beta2",
        "essentia_git_sha": "v2.1_beta2",
        "extractor": "music 1.0"
    }
},
"rhythm": {
    "beats_count": 109,
    "beats_loudness": {
        "mean": 0.0374871268868,
        "var": 0.00229910644703
    },
    "bpm": 144.188674927,
    "bpm_histogram_first_peak_bpm": {
        "mean": 144,
        "var": 0
    },
    "bpm_histogram_first_peak_spread": {
        "mean": 0.460674166679,
        "var": 0
    },
    "bpm_histogram_first_peak_weight": {
        "mean": 0.444444447756,
        "var": 0
    },
    "bpm_histogram_second_peak_bpm": {
        "mean": 152,
        "var": 0
    },
    "bpm_histogram_second_peak_spread": {
        "mean": 0,
        "var": 0
    },
    "bpm_histogram_second_peak_weight": {
        "mean": 0.157407402992,
        "var": 0
    },
    "danceability": 1.19133174419,
    "onset_rate": 3.61567044258,
    "beats_loudness_band_ratio": {
        "mean": [0.0843532979488, 0.145957127213, 0.62719899416, 0.095237441361, 0.138915330172, 0.0360458418727],
        "var": [0.00532835349441, 0.0339185558259, 0.068189509213, 0.0160794965923, 0.0307606495917, 0.00241988082416]
    },
    "beats_position": [0.348299324512, 0.719818592072, 1.1261677742, 1.53251695633, 1.93886613846, 2.34521532059, 2.75156450272, 3.16952371597, 3.59909296036, 4.01705217361, 4.43501138687, 4.85297060013, 5.25931978226, 5.66566896439, 6.07201814651, 6.46675729752, 6.87310647964, 7.2910656929, 7.70902490616, 8.10376358032, 8.498503685, 8.90485286713, 9.29959201813, 9.70594120026, 10.1239004135, 10.5186395645, 10.9133787155, 11.3197278976, 11.7260770798, 12.1208162308, 12.5155553818, 12.9102945328, 13.3166437149, 13.722992897, 14.117732048, 14.5240812302, 14.9304304123, 15.3367795944, 15.7199087143, 16.114648819, 16.5326080322, 16.9505672455, 17.3685264587, 17.7632656097, 18.181224823, 18.5991840363, 19.0055332184, 19.4351024628, 19.853061676, 20.2594108582, 20.6773700714, 21.1069393158, 21.5248966217, 21.942855835, 22.3608150482, 22.7903842926, 23.2083435059, 23.6379127502, 24.0558719635, 24.4738311768, 24.89179039, 25.3097496033, 25.7160987854, 26.1224479675, 26.5171871185, 26.9351463318, 27.353105545, 27.7710647583, 28.1658039093, 28.5837631226, 28.9785022736, 29.4080715179, 29.8376407623, 30.2555999756, 30.6735591888, 31.0915184021, 31.4978675842, 31.9042167664, 32.3105659485, 32.7169151306, 33.1348762512, 33.5528335571, 33.9707946777, 34.3887519836, 34.8067131042, 35.2246704102, 35.6542396545, 36.0838088989, 36.5017662048, 36.9197273254, 37.3376846313, 37.755645752, 38.1736030579, 38.5915641785, 38.9863014221, 39.4042625427, 39.8222198486, 40.2401809692, 40.6581382751, 41.0528793335, 41.4708366394, 41.9004058838, 42.3299751282, 42.7479362488, 43.1542854309, 43.5838546753, 44.0134239197, 44.4313812256, 44.86095047]
},
"tonal": {
    "chords_changes_rate": 0.0514403283596,
    "chords_number_rate": 0.0123456791043,
    "chords_strength": {
        "mean": 0.486526638269,
        "var": 0.0138041628525
    },
    "hpcp_entropy": {
        "mean": 1.61763846874,
        "var": 0.548138737679
    },
    "key_strength": 0.611943244934,
    "tuning_diatonic_strength": 0.557778418064,
    "tuning_equal_tempered_deviation": 0.0502660237253,
    "tuning_frequency": 450.544708252,
    "tuning_nontempered_energy_ratio": 0.692086338997,
    "hpcp": {
        "mean": [0.0649385899305, 0.106175929308, 0.231430992484, 0.308323830366, 0.201584905386, 0.129720762372, 0.150039091706, 0.151967749, 0.141840979457, 0.140229865909, 0.0912058874965, 0.0328338928521, 0.024183826521, 0.0282995905727, 0.101317681372, 0.174682587385, 0.10589864105, 0.106162637472, 0.168772131205, 0.0919655784965, 0.0160399079323, 0.00818929169327, 0.0125221209601, 0.0663884878159, 0.116370208561, 0.0765798762441, 0.0275795198977, 0.0142614096403, 0.0324013717473, 0.258265197277, 0.374779701233, 0.181723758578, 0.165250450373, 0.233959704638, 0.131034776568, 0.0474603772163],
        "var": [0.02549623698, 0.0448835343122, 0.0844593048096, 0.139824911952, 0.0572456456721, 0.0323877297342, 0.0421674586833, 0.0479572489858, 0.043582521379, 0.0528543964028, 0.031051678583, 0.00612241681665, 0.00519372150302, 0.00511923385784, 0.0282658115029, 0.0859445184469, 0.030356541276, 0.0329540967941, 0.0912004336715, 0.0323549248278, 0.00193007045891, 0.000710419320967, 0.000775252934545, 0.0214583817869, 0.0576809458435, 0.0224009994417, 0.00298654101789, 0.00102064292878, 0.00338459108025, 0.100268632174, 0.185766324401, 0.0447032190859, 0.0753609314561, 0.121800653636, 0.0454779826105, 0.00955280475318]
    },
    "chords_histogram": [25.4115219116, 17.2839508057, 16.0493831635, 3.80658435822, 2.26337456703, 0, 2.67489719391, 1.23456788063, 4.93827152252, 0.308641970158, 0, 0, 0, 0, 0, 2.98353910446, 0, 0.102880656719, 0, 0, 0, 8.23045253754, 11.6255140305, 3.08641982079],
    "thpcp": [1, 0.484881550074, 0.440926909447, 0.624259293079, 0.349631458521, 0.126635402441, 0.173271358013, 0.283302247524, 0.617512106895, 0.822680175304, 0.537875711918, 0.346125364304, 0.40033942461, 0.405485540628, 0.37846493721, 0.37416613102, 0.243358671665, 0.0876085162163, 0.0645281150937, 0.0755099356174, 0.270339310169, 0.466094046831, 0.282562375069, 0.283266782761, 0.450323551893, 0.245385691524, 0.0427982285619, 0.0218509472907, 0.033411949873, 0.177140027285, 0.310502976179, 0.204333037138, 0.073588617146, 0.0380527786911, 0.0864544436336, 0.689112007618],
    "chords_key": "D#",
    "chords_scale": "major",
    "key_key": "D#",
    "key_scale": "major"
}
}