{
"lowlevel": {
    "average_loudness": 0.338996708393,
    "barkbands_crest": {
        "mean": 13.1336193085,
        "var": 17.124917984
    },
    "barkbands_flatness_db": {
        "mean": 0.204818308353,
        "var": 0.00262324791402
    },
    "barkbands_kurtosis": {
        "mean": 19.2539539337,
        "var": 309.120635986
    },
    "barkbands_skewness": {
        "mean": 3.27323055267,
        "var": 2.23196172714
    },
    "barkbands_spread": {
        "mean": 7.4825797081,
        "var": 41.0372695923
    },
    "dissonance": {
        "mean": 0.419386684895,
        "var": 0.00134613562841
    },
    "dynamic_complexity": 3.75189399719,
    "erbbands_crest": {
        "mean": 10.6361522675,
        "var": 15.1627426147
    },
    "erbbands_flatness_db": {
        "mean": 0.193648338318,
        "var": 0.00156232342124
    },
    "erbbands_kurtosis": {
        "mean": 3.08736681938,
        "var": 10.8476963043
    },
    "erbbands_skewness": {
        "mean": 1.42062914371,
        "var": 0.576498925686
    },
    "erbbands_spread": {
        "mean": 26.5715675354,
        "var": 162.967346191
    },
    "hfc": {
        "mean": 10.1657800674,
        "var": 234.50592041
    },
    "melbands_crest": {
        "mean": 15.7601509094,
        "var": 23.0205097198
    },
    "melbands_flatness_db": {
        "mean": 0.28067690134,
        "var": 0.00393305951729
    },
    "melbands_kurtosis": {
        "mean": 27.6894664764,
        "var": 564.24017334
    },
    "melbands_skewness": {
        "mean": 3.5840959549,
        "var": 2.76125907898
    },
    "melbands_spread": {
        "mean": 7.83592748642,
        "var": 58.281703949
    },
    "pitch_salience": {
        "mean": 0.539846479893,
        "var": 0.0117733543739
    },
    "silence_rate_20dB": {
        "mean": 1,
        "var": 0
    },
    "silence_rate_30dB": {
        "mean": 0.984037101269,
        "var": 0.0157079957426
    },
    "silence_rate_60dB": {
        "mean": 0.0880535542965,
        "var": 0.0803004652262
    },
    "spectral_centroid": {
        "mean": 543.951965332,
        "var": 82965.1953125
    },
    "spectral_complexity": {
        "mean": 10.0700311661,
        "var": 19.2350502014
    },
    "spectral_decrease": {
        "mean": -5.03753883052e-009,
        "var": 3.30211096101e-017
    },
    "spectral_energy": {
        "mean": 0.0199349187315,
        "var": 0.000521739420947
    },
    "spectral_energyband_high": {
        "mean": 0.000166340279975,
        "var": 3.53226397465e-007
    },
    "spectral_energyband_low": {
        "mean": 0.00142715068068,
        "var": 1.68219612533e-005
    },
    "spectral_energyband_middle_high": {
        "mean": 0.00287096039392,
        "var": 6.20745704509e-005
    },
    "spectral_energyband_middle_low": {
        "mean": 0.0161659996957,
        "var": 0.000278586579952
    },
    "spectral_entropy": {
        "mean": 6.63640499115,
        "var": 0.251632541418
    },
    "spectral_flux": {
        "mean": 0.0464957207441,
        "var": 0.00109166721813
    },
    "spectral_kurtosis": {
        "mean": 9.58581066132,
        "var": 42.5522651672
    },
    "spectral_rms": {
        "mean": 0.00392845598981,
        "var": 4.01591978516e-006
    },
    "spectral_rolloff": {
        "mean": 623.650756836,
        "var": 710324.1875
    },
    "spectral_skewness": {
        "mean": 2.51715707779,
        "var": 0.396726191044
    },
    "spectral_spread": {
        "mean": 4363709.5,
        "var": 3.07311778202e+012
    },
    "spectral_strongpeak": {
        "mean": 0.841633856297,
        "var": 1.03014492989
    },
    "zerocrossingrate": {
        "mean": 0.0344278514385,
        "var": 0.000548025942408
    },
    "barkbands": {
        "mean": [3.37993719768e-006, 0.000378622207791, 0.00046968224342, 0.00180814531632, 0.00705389725044, 0.00367748271674, 0.00107549282257, 0.000953764887527, 0.00129482033662, 0.000888391456101, 0.000737491704058, 0.000675976567436, 0.000194507840206, 0.000216844404349, 0.000132684028358, 6.26966648269e-005, 4.06744693464e-005, 4.88397417939e-005, 3.67781613022e-005, 5.36849584023e-005, 1.47525852299e-005, 9.75043167273e-006, 1.41841937875e-005, 3.23477943311e-005, 3.85994644603e-005, 2.07275952562e-005, 6.98179633218e-007],
        "var": [1.39717126757e-010, 2.72784632216e-006, 2.87858597403e-006, 2.38201682805e-005, 7.68615573179e-005, 1.62814922078e-005, 8.56723727338e-006, 2.1724636099e-006, 2.78946463368e-005, 8.4200364654e-006, 1.8869068299e-005, 3.98024940296e-006, 2.57728714814e-007, 4.72834017273e-007, 3.63652986834e-007, 1.18439402286e-007, 7.83780773617e-009, 1.02876054342e-008, 4.12318712506e-009, 1.43923656992e-007, 4.97178131997e-010, 3.66327235213e-009, 8.76352856949e-009, 1.41724116887e-008, 1.80922459236e-008, 4.9049857509e-009, 4.04727553555e-012]
    },
    "erbbands": {
        "mean": [0.00318969856016, 0.114566929638, 0.588282525539, 3.20280885696, 16.7357521057, 20.5059986115, 33.5770606995, 26.3818130493, 17.5907421112, 13.2105703354, 23.7370872498, 28.9087028503, 30.199338913, 28.0539646149, 31.2792625427, 22.8947849274, 9.69902610779, 8.91345500946, 11.8715753555, 4.90318632126, 3.31755280495, 2.18937635422, 2.47822189331, 2.53590846062, 1.64589834213, 2.70983219147, 1.18988752365, 0.40325397253, 0.31421944499, 0.424299120903, 0.419918656349, 0.441625505686, 0.67348331213, 0.515451490879, 0.22271630168, 0.100614123046, 0.0374450832605, 0.00505152298138, 0.000117071613204, 2.66058759735e-005],
        "var": [0.000152346168761, 0.246826097369, 4.91003751755, 58.0742835999, 985.873962402, 750.302307129, 1155.13525391, 985.793762207, 2080.32519531, 880.261169434, 1544.60070801, 11300.3066406, 8881.80761719, 10370.8056641, 19387.6699219, 4127.81787109, 578.196472168, 524.542663574, 2895.76538086, 568.677246094, 103.674682617, 26.2749729156, 22.0957565308, 17.04429245, 7.92420530319, 464.415771484, 20.7494525909, 0.510357022285, 2.41376280785, 11.1975288391, 6.82096242905, 4.92464780807, 3.92459583282, 2.34194254875, 0.950114607811, 0.191695705056, 0.0124752707779, 0.000121456389024, 5.72332083948e-008, 9.26596688267e-010]
    },
    "gfcc": {
        "mean": [-68.0347213745, 107.105506897, -97.425239563, -1.00144350529, -72.8125457764, -9.22469139099, -55.1244316101, -2.59204220772, -49.2157516479, -5.11952829361, -18.4209384918, -6.33638858795, -9.09677410126],
        "cov": [[5998.88183594, -1273.21044922, -278.400512695, -792.28314209, -350.271148682, 360.855926514, -442.416229248, 505.128448486, -178.238632202, 311.81137085, 53.6688728333, 43.0367355347, 36.9956283569], [-1273.21044922, 948.89239502, 120.501174927, 279.955596924, 242.634689331, -75.5350799561, 313.501556396, -201.832244873, 39.3188972473, -162.289886475, 27.8424282074, -100.974830627, -52.9436836243], [-278.400512695, 120.501174927, 409.009338379, 217.007781982, 135.636077881, 19.4162750244, -24.3635368347, 32.2694320679, 13.2778730392, -44.9278373718, -35.9449882507, 12.6734294891, -18.3321876526], [-792.28314209, 279.955596924, 217.007781982, 544.926269531, 219.479400635, -25.7699317932, 94.51587677, -42.6655464172, 108.014030457, -85.5026779175, -49.6343345642, 42.5851173401, -5.61787033081], [-350.271148682, 242.634689331, 135.636077881, 219.479400635, 234.898345947, 4.95747613907, 52.4481925964, -24.3912696838, 36.1007995605, -48.6321029663, -23.3390522003, -11.2598619461, -9.3001947403], [360.855926514, -75.5350799561, 19.4162750244, -25.7699317932, 4.95747613907, 163.78742981, 30.7642402649, 22.9009227753, -11.1855363846, 52.7811355591, -0.387090981007, -8.06965065002, -18.718996048], [-442.416229248, 313.501556396, -24.3635368347, 94.51587677, 52.4481925964, 30.7642402649, 285.401855469, -81.9223175049, 6.67738580704, -33.8672561646, 5.20629405975, -38.8357849121, -56.4363250732], [505.128448486, -201.832244873, 32.2694320679, -42.6655464172, -24.3912696838, 22.9009227753, -81.9223175049, 167.634246826, 5.05413103104, 19.8995285034, 3.89535450935, 36.5956192017, 7.44475889206], [-178.238632202, 39.3188972473, 13.2778730392, 108.014030457, 36.1007995605, -11.1855363846, 6.67738580704, 5.05413103104, 103.504264832, 3.36901402473, -7.64275312424, 12.2053632736, -0.870006501675], [311.81137085, -162.289886475, -44.9278373718, -85.5026779175, -48.6321029663, 52.7811355591, -33.8672561646, 19.8995285034, 3.36901402473, 117.376480103, 9.83974075317, -10.5827150345, -0.348884224892], [53.6688728333, 27.8424282074, -35.9449882507, -49.6343345642, -23.3390522003, -0.387090981007, 5.20629405975, 3.89535450935, -7.64275312424, 9.83974075317, 73.6944580078, 7.8808350563, -5.76850700378], [43.0367355347, -100.974830627, 12.6734294891, 42.5851173401, -11.2598619461, -8.06965065002, -38.8357849121, 36.5956192017, 12.2053632736, -10.5827150345, 7.8808350563, 102.794868469, 35.2996711731], [36.9956283569, -52.9436836243, -18.3321876526, -5.61787033081, -9.3001947403, -18.718996048, -56.4363250732, 7.44475889206, -0.870006501675, -0.348884224892, -5.76850700378, 35.2996711731, 83.1426086426]],
        "icov": [[0.000350160466041, 7.4108458648e-005, 0.000214676023461, 0.000168467784533, -4.52150961792e-005, -0.000591559044551, 0.000263507681666, -0.000771315360907, 0.000338737037964, -0.000169752544025, -9.67972573562e-006, 8.71748270583e-005, 2.49359436566e-005], [7.4108458648e-005, 0.00505835469812, -0.00125409383327, 0.000271685625194, -0.00281013827771, 0.00135840289295, -0.00374211673625, 0.00264096609317, -0.00162195123266, 0.00398566480726, -0.00442660413682, 0.00400697300211, -0.00186375703197], [0.000214676023461, -0.00125409383327, 0.00442455103621, -0.00149026245344, -0.000456665147794, -0.00148524751421, 0.00235956581309, -0.00203756382689, 0.00204589916393, -0.00047266567708, 0.0017779947957, -0.000878343649674, 0.00189509091433], [0.000168467784533, 0.000271685625194, -0.00149026245344, 0.00518186297268, -0.00283034867607, 0.000238295993768, -0.00128813798074, 0.00081960769603, -0.00362187204883, 0.00111036910675, 0.00142245623283, -0.00239857938141, -7.31402406018e-006], [-4.52150961792e-005, -0.00281013827771, -0.000456665147794, -0.00283034867607, 0.00945591926575, -0.00175021705218, 0.00187799171545, -0.00139525358099, 0.000598733080551, -0.000678674492519, 0.00201580580324, 0.000288639945211, 2.28373555728e-005], [-0.000591559044551, 0.00135840289295, -0.00148524751421, 0.000238295993768, -0.00175021705218, 0.00993339437991, -0.00341746560298, 0.000798590481281, 0.000315210985718, -0.00320416456088, -0.000489215482958, 0.000239186396357, 0.000320620718412], [0.000263507681666, -0.00374211673625, 0.00235956581309, -0.00128813798074, 0.00187799171545, -0.00341746560298, 0.00882033258677, -0.000720869982615, 0.0018715551123, -0.00136380840559, 0.0024522759486, -0.00211561913602, 0.00450763385743], [-0.000771315360907, 0.00264096609317, -0.00203756382689, 0.00081960769603, -0.00139525358099, 0.000798590481281, -0.000720869982615, 0.0114201661199, -0.00301892636344, 0.00264509837143, -0.00241200602613, -0.000899331120308, 0.000336855329806], [0.000338737037964, -0.00162195123266, 0.00204589916393, -0.00362187204883, 0.000598733080551, 0.000315210985718, 0.0018715551123, -0.00301892636344, 0.0146796423942, -0.00451981602237, 0.00155074836221, -0.00148202269338, 0.00157292734366], [-0.000169752544025, 0.00398566480726, -0.00047266567708, 0.00111036910675, -0.000678674492519, -0.00320416456088, -0.00136380840559, 0.00264509837143, -0.00451981602237, 0.0163744948804, -0.00446650385857, 0.00497670704499, -0.0017769811675], [-9.67972573562e-006, -0.00442660413682, 0.0017779947957, 0.00142245623283, 0.00201580580324, -0.000489215482958, 0.0024522759486, -0.00241200602613, 0.00155074836221, -0.00446650385857, 0.0194310266525, -0.00663468567654, 0.00383206875995], [8.71748270583e-005, 0.00400697300211, -0.000878343649674, -0.00239857938141, 0.000288639945211, 0.000239186396357, -0.00211561913602, -0.000899331120308, -0.00148202269338, 0.00497670704499, -0.00663468567654, 0.0179690886289, -0.00719639426097], [2.49359436566e-005, -0.00186375703197, 0.00189509091433, -7.31402406018e-006, 2.28373555728e-005, 0.000320620718412, 0.00450763385743, 0.000336855329806, 0.00157292734366, -0.0017769811675, 0.00383206875995, -0.00719639426097, 0.0176815241575]]
    },
    "melbands": {
        "mean": [6.43153834972e-005, 0.000245362578426, 0.000917376484722, 0.00145992916077, 0.00112078385428, 0.00060895527713, 0.00025277127861, 0.000156463356689, 0.000192741936189, 0.000185167838936, 0.000153329034219, 0.000114553135063, 0.000118117590318, 7.88972320152e-005, 3.13988130074e-005, 1.8613631255e-005, 1.67379457707e-005, 2.34344970522e-005, 5.94368293605e-006, 5.4553861446e-006, 3.63678350368e-006, 2.21439677262e-006, 1.8512691895e-006, 2.86198587673e-006, 1.992481657e-006, 1.1928046888e-006, 1.21485015825e-006, 2.05551054933e-006, 9.44362113842e-007, 2.97555317275e-007, 1.97843533556e-007, 1.57808202061e-007, 2.17443798078e-007, 2.38788288698e-007, 2.59902293465e-007, 2.16658435193e-007, 2.78699445744e-007, 4.3690027951e-007, 5.47707145415e-007, 3.97908110017e-007],
        "var": [7.28128028982e-008, 9.81113203125e-007, 4.36693881056e-006, 4.79470236314e-006, 1.22308415484e-006, 5.01567456013e-007, 4.42945832901e-007, 8.33642275211e-008, 1.35128559009e-007, 5.32609703896e-007, 2.34307705682e-007, 1.78931358619e-007, 3.99358128789e-007, 4.6792401065e-008, 1.12865281565e-008, 2.86255996684e-009, 1.92134463894e-009, 1.15931886313e-008, 5.52349610494e-010, 1.35322397732e-009, 7.60853741122e-011, 3.19241855173e-011, 1.38408607492e-011, 4.02251079668e-011, 1.06537582575e-011, 5.37550256044e-012, 4.2539340106e-012, 4.17157697274e-010, 1.60067046423e-011, 3.33586646804e-013, 1.54339336992e-013, 4.69998497586e-013, 2.79759874121e-012, 3.80755539944e-012, 3.14954637891e-012, 1.11838956065e-012, 2.56166051912e-012, 2.37828636993e-012, 1.90491307624e-012, 1.6626926615e-012]
    },
    "mfcc": {
        "mean": [-723.528198242, 153.173614502, 14.9676780701, 6.73193264008, -4.31456804276, -19.1535434723, 1.67858457565, -17.4837856293, -16.5764408112, -10.4247484207, -16.3857307434, -12.1452560425, -7.75880622864],
        "cov": [[5355.12255859, -785.871032715, -257.799133301, -1039.21118164, 7.9444694519, -456.086791992, 147.900482178, -198.675735474, 78.2287368774, 150.048416138, 28.7716960907, 128.282470703, -70.6550445557], [-785.871032715, 632.96496582, 31.1055049896, 190.208709717, -30.786819458, 147.143966675, 118.439956665, 58.190826416, -41.7775650024, -15.8928470612, 32.3804893494, -17.4339103699, 21.3147888184], [-257.799133301, 31.1055049896, 277.933288574, 132.216003418, 112.292373657, 35.2588691711, -5.67070245743, 44.5282173157, 24.2252864838, -18.2166481018, 4.00293684006, 23.9795856476, 20.9661827087], [-1039.21118164, 190.208709717, 132.216003418, 606.468139648, 146.831756592, 192.173019409, -39.6334190369, 183.459472656, 57.5838661194, -51.391620636, -3.01903748512, 24.4641609192, 51.4157333374], [7.9444694519, -30.786819458, 112.292373657, 146.831756592, 302.251068115, -9.10368442535, -47.7372245789, 31.9919223785, 55.9506149292, -35.7141532898, -13.4562015533, 38.6590499878, 13.0352640152], [-456.086791992, 147.143966675, 35.2588691711, 192.173019409, -9.10368442535, 296.0234375, 50.6375999451, 53.5877685547, 23.7948894501, 20.2618999481, 48.7528800964, -33.07554245, 31.7976436615], [147.900482178, 118.439956665, -5.67070245743, -39.6334190369, -47.7372245789, 50.6375999451, 159.863388062, 6.98073148727, -11.7702684402, 15.9619913101, 34.0663032532, 1.56245756149, 0.21285662055], [-198.675735474, 58.190826416, 44.5282173157, 183.459472656, 31.9919223785, 53.5877685547, 6.98073148727, 184.484390259, 25.1005916595, -28.0882320404, 8.23104286194, 20.2821712494, 30.5273666382], [78.2287368774, -41.7775650024, 24.2252864838, 57.5838661194, 55.9506149292, 23.7948894501, -11.7702684402, 25.1005916595, 96.3022384644, 10.425945282, -4.22147703171, 4.69865322113, 7.46416282654], [150.048416138, -15.8928470612, -18.2166481018, -51.391620636, -35.7141532898, 20.2618999481, 15.9619913101, -28.0882320404, 10.425945282, 121.433029175, 13.6312713623, -6.23841142654, 5.25687980652], [28.7716960907, 32.3804893494, 4.00293684006, -3.01903748512, -13.4562015533, 48.7528800964, 34.0663032532, 8.23104286194, -4.22147703171, 13.6312713623, 90.5903091431, 12.8370914459, 1.95575940609], [128.282470703, -17.4339103699, 23.9795856476, 24.4641609192, 38.6590499878, -33.07554245, 1.56245756149, 20.2821712494, 4.69865322113, -6.23841142654, 12.8370914459, 105.998504639, 23.8894557953], [-70.6550445557, 21.3147888184, 20.9661827087, 51.4157333374, 13.0352640152, 31.7976436615, 0.21285662055, 30.5273666382, 7.46416282654, 5.25687980652, 1.95575940609, 23.8894557953, 77.7382736206]],
        "icov": [[0.000430858926848, 0.000354311254341, 0.000246360548772, 0.000688069325406, -0.000358157325536, 0.000167100995895, -0.000620849546976, -0.000293258257443, -0.000461886549601, -0.000256950035691, -5.73616889596e-005, -0.000435027934145, 7.83448049333e-005], [0.000354311254341, 0.00267165456899, 0.00019033200806, -0.000385627208743, -0.000168660073541, -0.000175323279109, -0.00229399488308, -6.00876519457e-005, 0.00093546428252, -7.03878185959e-006, -0.000120303469885, 0.000126947052195, -0.000202242255909], [0.000246360548772, 0.00019033200806, 0.00465417234227, -0.000131073116791, -0.00161904003471, -1.77767651621e-005, -0.00065405172063, -0.000325977889588, -0.000207071396289, -6.44529573037e-005, -0.000230851961533, -0.000508610974066, -0.000401920056902], [0.000688069325406, -0.000385627208743, -0.000131073116791, 0.00522828381509, -0.0016076740576, -0.00204879022203, 0.000920595659409, -0.00315407547168, -0.00136162829585, 0.000216294749407, 0.00103517761454, -0.00164424988907, 0.000247523799771], [-0.000358157325536, -0.000168660073541, -0.00161904003471, -0.0016076740576, 0.00534729845822, 0.000539785192814, 0.00112723326311, 0.00104497047141, -0.00188374135178, 0.00119774159975, 8.52887569636e-006, -0.00070366152795, 5.71480586586e-006], [0.000167100995895, -0.000175323279109, -1.77767651621e-005, -0.00204879022203, 0.000539785192814, 0.00649350369349, -0.00181252299808, 0.000551998789888, -0.00128021230921, -0.000967083673459, -0.00311197107658, 0.00282365223393, -0.00199969764799], [-0.000620849546976, -0.00229399488308, -0.00065405172063, 0.000920595659409, 0.00112723326311, -0.00181252299808, 0.00999941211194, -0.000767446937971, 0.000261696171947, -3.12458832923e-005, -0.00137410184834, -0.000666849897243, 0.000675067829434], [-0.000293258257443, -6.00876519457e-005, -0.000325977889588, -0.00315407547168, 0.00104497047141, 0.000551998789888, -0.000767446937971, 0.00875876192003, -0.000999054405838, 0.00157348962966, -0.000859144376591, -6.10964125372e-005, -0.00188456475735], [-0.000461886549601, 0.00093546428252, -0.000207071396289, -0.00136162829585, -0.00188374135178, -0.00128021230921, 0.000261696171947, -0.000999054405838, 0.0139343496412, -0.00179536466021, 0.000997851020657, 0.000691765977535, 5.70460542804e-005], [-0.000256950035691, -7.03878185959e-006, -6.44529573037e-005, 0.000216294749407, 0.00119774159975, -0.000967083673459, -3.12458832923e-005, 0.00157348962966, -0.00179536466021, 0.0098465224728, -0.000918675330468, 0.000308875110932, -0.0013456356246], [-5.73616889596e-005, -0.000120303469885, -0.000230851961533, 0.00103517761454, 8.52887569636e-006, -0.00311197107658, -0.00137410184834, -0.000859144376591, 0.000997851020657, -0.000918675330468, 0.0140014989302, -0.00306467432529, 0.00152692059055], [-0.000435027934145, 0.000126947052195, -0.000508610974066, -0.00164424988907, -0.00070366152795, 0.00282365223393, -0.000666849897243, -6.10964125372e-005, 0.000691765977535, 0.000308875110932, -0.00306467432529, 0.012941358611, -0.00420385273173], [7.83448049333e-005, -0.000202242255909, -0.000401920056902, 0.000247523799771, 5.71480586586e-006, -0.00199969764799, 0.000675067829434, -0.00188456475735, 5.70460542804e-005, -0.0013456356246, 0.00152692059055, -0.00420385273173, 0.0158291924745]]
    },
    "spectral_contrast_coeffs": {
        "mean": [-0.484567403793, -0.649525702, -0.716066002846, -0.743701219559, -0.764500498772, -0.79113638401],
        "var": [0.00613204389811, 0.00466170161963, 0.00440598791465, 0.003975530155, 0.00163432816043, 0.00183124397881]
    },
    "spectral_contrast_valleys": {
        "mean": [-8.45581817627, -7.16847324371, -8.13227272034, -9.13954639435, -9.04275035858, -11.4452943802],
        "var": [0.911523222923, 0.737024784088, 0.910672068596, 0.804869413376, 0.865290164948, 1.67246103287]
    }
},
"metadata": {
    "audio_properties": {
        "analysis_sample_rate": 44100,
        "bit_rate": 128074,
        "equal_loudness": 0,
        "length": 45.0612258911,
        "lossless": 0,
        "replay_gain": -6.18978500366,
        "sample_rate": 44100,
        "codec": "mp3",
        "downmix": "mix",
        "md5_encoded": "58304b8e0e5b4122e4c31bfb2ba93e35"
    },
    "tags": {
        "file_name": "1422.mp3"
    },
    "version": {
        "essentia": "2.1-beta2",
        "essentia_git_sha": "v2.1_beta2",
        "extractor": "music 1.0"
    }
},
"rhythm": {
    "beats_count": 100,
    "beats_loudness": {
        "mean": 0.0240751504898,
        "var": 0.000741011637729
    },
    "bpm": 135.549301147,
    "bpm_histogram_first_peak_bpm": {
        "mean": 136,
        "var": 0
    },
    "bpm_histogram_first_peak_spread": {
        "mean": 0.409090906382,
        "var": 0
    },
    "bpm_histogram_first_peak_weight": {
        "mean": 0.525252521038,
        "var": 0
    },
    "bpm_histogram_second_peak_bpm": {
        "mean": 129,
        "var": 0
    },
    "bpm_histogram_second_peak_spread": {
        "mean": 0.181818157434,
        "var": 0
    },
    "bpm_histogram_second_peak_weight": {
        "mean": 0.0909090936184,
        "var": 0
    },
    "danceability": 0.879073023796,
    "onset_rate": 2.35129499435,
    "beats_loudness_band_ratio": {
        "mean": [0.309970974922, 0.586771190166, 0.136599525809, 0.069219276309, 0.0185136925429, 0.0147786149755],
        "var": [0.0724660009146, 0.0441712327302, 0.0134326005355, 0.00814874563366, 0.000616734148934, 0.00201511243358]
    },
    "beats_position": [0.441179126501, 0.893968224525, 1.34675729275, 1.78793644905, 2.22911548615, 2.67029476166, 3.09986400604, 3.54104304314, 3.97061228752, 4.41179132462, 4.85297060013, 5.2941493988, 5.73532867432, 6.17650794983, 6.6176867485, 7.05886602402, 7.50004529953, 7.94122457504, 8.37079334259, 8.8119726181, 9.25315189362, 9.682721138, 10.1122903824, 10.5534696579, 10.9830379486, 11.4242172241, 11.8653964996, 12.3065757751, 12.7477550507, 13.1889343262, 13.6301136017, 14.0712919235, 14.5240812302, 14.9768705368, 15.4296598434, 15.9056682587, 16.3700675964, 16.8228569031, 17.2872562408, 17.7400455475, 18.2044448853, 18.6688423157, 19.1216316223, 19.5860309601, 20.0388202667, 20.4799995422, 20.9211788177, 21.3623580933, 21.8035373688, 22.2331066132, 22.6626758575, 23.0922451019, 23.5334243774, 23.9862117767, 24.4273910522, 24.8801803589, 25.3213596344, 25.774148941, 26.2153282166, 26.6565074921, 27.0976867676, 27.5388660431, 27.9800453186, 28.4212245941, 28.8507938385, 29.291973114, 29.7331504822, 30.1627197266, 30.6038990021, 31.0450782776, 31.4862575531, 31.9274368286, 32.3686180115, 32.8214035034, 33.2625846863, 33.7037620544, 34.1333312988, 34.5745124817, 35.0273017883, 35.4684791565, 35.9096603394, 36.362449646, 36.8152389526, 37.2796363831, 37.7324256897, 38.1852149963, 38.6496124268, 39.1024017334, 39.5435829163, 39.9963722229, 40.4491615295, 40.8903388977, 41.3315200806, 41.7726974487, 42.2370948792, 42.6898841858, 43.1426734924, 43.6186828613, 44.0830841064, 44.5358734131]
},
"tonal": {
    "chords_changes_rate": 0.0246913582087,
    "chords_number_rate": 0.00617283955216,
    "chords_strength": {
        "mean": 0.561388134956,
        "var": 0.011788665317
    },
    "hpcp_entropy": {
        "mean": 1.58277070522,
        "var": 0.348997354507
    },
    "key_strength": 0.644002139568,
    "tuning_diatonic_strength": 0.556282520294,
    "tuning_equal_tempered_deviation": 0.0229826644063,
    "tuning_frequency": 438.731048584,
    "tuning_nontempered_energy_ratio": 0.632284164429,
    "hpcp": {
        "mean": [0.28899949789, 0.1642100811, 0.0204510167241, 0.00705963000655, 0.0100500313565, 0.0535899400711, 0.10540702939, 0.0686868801713, 0.0168326534331, 0.01438066829, 0.0505801066756, 0.159972652793, 0.258551567793, 0.179685354233, 0.156431868672, 0.22046148777, 0.113575555384, 0.0182295460254, 0.0120810000226, 0.041290730238, 0.25076520443, 0.435292184353, 0.256123155355, 0.0573428235948, 0.0439970977604, 0.0496892370284, 0.0777629241347, 0.0900436043739, 0.0830198675394, 0.219443485141, 0.330113321543, 0.175293505192, 0.041797157377, 0.037645034492, 0.0469437278807, 0.171166270971],
        "var": [0.132344782352, 0.0509159564972, 0.00431111361831, 0.000570490490645, 0.000737803522497, 0.0121346367523, 0.0371287688613, 0.019075229764, 0.00556997675449, 0.00420906627551, 0.0202867705375, 0.0729356333613, 0.120777755976, 0.0800850242376, 0.0506985187531, 0.114481508732, 0.0340994782746, 0.00715282279998, 0.00197387160733, 0.0083311162889, 0.0752692148089, 0.134740203619, 0.0643263459206, 0.0157726798207, 0.0175436791033, 0.0189286768436, 0.0359642766416, 0.0432286709547, 0.0302068553865, 0.0735111683607, 0.157466873527, 0.0522506199777, 0.0072962786071, 0.0069652418606, 0.0169606748968, 0.0611891187727]
    },
    "chords_histogram": [0, 2.77777767181, 48.4567909241, 0.205761313438, 0, 0, 0, 0, 0.102880656719, 0, 0, 0, 0, 0, 0, 0, 0, 0, 0, 0, 1.02880656719, 6.48148155212, 37.6543197632, 3.29218101501],
    "thpcp": [1, 0.588393628597, 0.131734102964, 0.1010748595, 0.114151455462, 0.178645342588, 0.206857845187, 0.190722167492, 0.504129171371, 0.758371829987, 0.402703076601, 0.0960209220648, 0.086482219398, 0.107844181359, 0.39322155714, 0.66392070055, 0.377241045237, 0.0469822734594, 0.0162181407213, 0.0230880118906, 0.12311257422, 0.242152363062, 0.157794877887, 0.0386697798967, 0.0330368168652, 0.116198055446, 0.36750638485, 0.593972444534, 0.412792503834, 0.359372109175, 0.506467819214, 0.260917961597, 0.0418788716197, 0.0277537722141, 0.094857506454, 0.576084792614],
    "chords_key": "A",
    "chords_scale": "major",
    "key_key": "D",
    "key_scale": "major"
}
}