{
"lowlevel": {
    "average_loudness": 0.971583545208,
    "barkbands_crest": {
        "mean": 9.27350711823,
        "var": 7.34130525589
    },
    "barkbands_flatness_db": {
        "mean": 0.172627732158,
        "var": 0.00216294941492
    },
    "barkbands_kurtosis": {
        "mean": 7.57984972,
        "var": 32.9101486206
    },
    "barkbands_skewness": {
        "mean": 2.05518531799,
        "var": 0.693436861038
    },
    "barkbands_spread": {
        "mean": 14.2106237411,
        "var": 207.170333862
    },
    "dissonance": {
        "mean": 0.436710894108,
        "var": 0.00143044046126
    },
    "dynamic_complexity": 1.0231782198,
    "erbbands_crest": {
        "mean": 9.00392532349,
        "var": 10.7545909882
    },
    "erbbands_flatness_db": {
        "mean": 0.161903992295,
        "var": 0.00112712627742
    },
    "erbbands_kurtosis": {
        "mean": 1.94250535965,
        "var": 4.90779209137
    },
    "erbbands_skewness": {
        "mean": 1.04275131226,
        "var": 0.5682913661
    },
    "erbbands_spread": {
        "mean": 35.2779273987,
        "var": 310.010131836
    },
    "hfc": {
        "mean": 22.761838913,
        "var": 956.428588867
    },
    "melbands_crest": {
        "mean": 12.3592205048,
        "var": 11.3449459076
    },
    "melbands_flatness_db": {
        "mean": 0.247963145375,
        "var": 0.00353045319207
    },
    "melbands_kurtosis": {
        "mean": 14.7280368805,
        "var": 90.3113555908
    },
    "melbands_skewness": {
        "mean": 2.69426989555,
        "var": 0.863580882549
    },
    "melbands_spread": {
        "mean": 14.0129489899,
        "var": 431.9402771
    },
    "pitch_salience": {
        "mean": 0.578662991524,
        "var": 0.00711256964132
    },
    "silence_rate_20dB": {
        "mean": 1,
        "var": 0
    },
    "silence_rate_30dB": {
        "mean": 1,
        "var": 0
    },
    "silence_rate_60dB": {
        "mean": 0.00154479919001,
        "var": 0.00154241069686
    },
    "spectral_centroid": {
        "mean": 830.833312988,
        "var": 484768.34375
    },
    "spectral_complexity": {
        "mean": 17.5854797363,
        "var": 41.2191200256
    },
    "spectral_decrease": {
        "mean": -1.11196358787e-008,
        "var": 1.92208948002e-017
    },
    "spectral_energy": {
        "mean": 0.0440325625241,
        "var": 0.000283961097011
    },
    "spectral_energyband_high": {
        "mean": 0.00138657481875,
        "var": 1.7921665858e-005
    },
    "spectral_energyband_low": {
        "mean": 0.018329039216,
        "var": 0.000166485508089
    },
    "spectral_energyband_middle_high": {
        "mean": 0.00223841192201,
        "var": 2.17782940126e-006
    },
    "spectral_energyband_middle_low": {
        "mean": 0.0255642328411,
        "var": 0.000130625747261
    },
    "spectral_entropy": {
        "mean": 7.04669761658,
        "var": 0.247772887349
    },
    "spectral_flux": {
        "mean": 0.0836091116071,
        "var": 0.00105294201057
    },
    "spectral_kurtosis": {
        "mean": 6.36233377457,
        "var": 26.8853263855
    },
    "spectral_rms": {
        "mean": 0.00643147900701,
        "var": 1.59463263572e-006
    },
    "spectral_rolloff": {
        "mean": 877.237365723,
        "var": 2008055.625
    },
    "spectral_skewness": {
        "mean": 1.93888485432,
        "var": 0.549932003021
    },
    "spectral_spread": {
        "mean": 4264140,
        "var": 2.35139812557e+012
    },
    "spectral_strongpeak": {
        "mean": 0.731913745403,
        "var": 0.422662496567
    },
    "zerocrossingrate": {
        "mean": 0.0407111421227,
        "var": 0.00152074976359
    },
    "barkbands": {
        "mean": [0.000158668204676, 0.00703283259645, 0.00798539724201, 0.00490399776027, 0.00833650585264, 0.0061185839586, 0.00132273242343, 0.00120678520761, 0.00299493479542, 0.000935291696806, 0.000359280093107, 0.000154101362568, 0.000248705182457, 0.000141163211083, 0.000124351514387, 8.82886452018e-005, 0.000101447709312, 7.75426451582e-005, 0.000168901126017, 0.000338457582984, 0.000389550550608, 0.0001985902054, 0.000192272433196, 0.000351402559318, 8.74520119396e-005, 1.48562685354e-005, 5.5016528222e-007],
        "var": [4.27771915668e-008, 2.77576345979e-005, 8.69440409588e-005, 3.42174789694e-005, 5.99558625254e-005, 1.81211707968e-005, 1.97725262296e-006, 1.725088282e-006, 6.5855028879e-006, 7.6994211895e-007, 1.09718925501e-007, 2.55223806533e-008, 6.61065584495e-008, 2.3699927354e-008, 1.60528799142e-008, 9.43962952249e-009, 1.62584470331e-008, 9.59058699124e-009, 7.48539576989e-008, 6.52922267363e-007, 1.44690113757e-006, 4.44005792133e-007, 5.33685181381e-007, 3.30592433784e-006, 1.1696511848e-007, 1.49079038003e-009, 8.54579081111e-012]
    },
    "erbbands": {
        "mean": [0.168597057462, 1.74773550034, 7.19500780106, 16.0743350983, 12.5312318802, 35.60754776, 47.3670692444, 49.9374198914, 22.5087966919, 28.0847663879, 28.7752132416, 75.3179397583, 41.5916671753, 13.5618267059, 13.5353050232, 7.9774479866, 12.3771114349, 7.21473884583, 5.44712638855, 6.78044652939, 4.80092859268, 5.25801515579, 4.93387508392, 6.7344417572, 10.621389389, 15.9726524353, 17.7015514374, 12.0422096252, 7.76164913177, 5.15334033966, 5.24658441544, 8.57892131805, 4.81937170029, 1.42494463921, 0.436910688877, 0.106004677713, 0.0206959117204, 0.00282024149783, 0.000105780469312, 5.57888524781e-005],
        "var": [0.0208602398634, 1.81424629688, 53.7804336548, 278.745666504, 176.942733765, 1624.50976563, 1066.67089844, 1372.9329834, 428.539550781, 900.699768066, 491.503814697, 4698.66259766, 1284.59533691, 128.41242981, 127.763710022, 48.2837600708, 158.981536865, 53.9082221985, 27.0484218597, 55.9414405823, 24.2945365906, 35.6385002136, 34.0341835022, 72.4718093872, 526.142578125, 1655.60168457, 2890.42138672, 1320.73535156, 630.522460938, 389.319549561, 385.669311523, 1870.30053711, 610.641235352, 40.3575744629, 2.27392911911, 0.0800558403134, 0.00285716261715, 9.80106196948e-005, 9.33358776933e-008, 9.19072651318e-010]
    },
    "gfcc": {
        "mean": [13.987030983, 125.513137817, -93.9242782593, 38.44140625, -75.8590164185, 10.8616189957, -33.7501144409, 8.2025680542, -25.0825004578, -1.08988344669, -12.6178674698, -9.2955827713, -1.97439646721],
        "cov": [[2525.58325195, -1017.83215332, -55.0294265747, 285.378662109, -249.296737671, 154.450378418, -128.586608887, 110.190124512, -142.566619873, 139.587280273, -127.937187195, 109.586135864, -85.4740066528], [-1017.83215332, 1187.15026855, -35.5879402161, -264.995239258, 276.932434082, -144.200958252, 69.6351547241, -74.4515228271, 125.830528259, -159.706970215, 103.220901489, -89.0914306641, 60.0253372192], [-55.0294265747, -35.5879402161, 240.50958252, 4.00067281723, -15.8081855774, 50.6393051147, -1.85530638695, 11.5312452316, -20.3834552765, 1.8219627142, 19.2691726685, -10.7991228104, 2.2713842392], [285.378662109, -264.995239258, 4.00067281723, 208.1302948, -60.0782470703, 15.9155330658, 26.7926292419, -1.94890868664, -17.675868988, 51.5177078247, -2.14239048958, 4.50328016281, 28.4081573486], [-249.296737671, 276.932434082, -15.8081855774, -60.0782470703, 179.138366699, -17.2204589844, 9.80461215973, -0.353917628527, 35.676158905, -24.4514408112, 21.5112056732, 10.5061035156, 0.381343901157], [154.450378418, -144.200958252, 50.6393051147, 15.9155330658, -17.2204589844, 101.810928345, -4.59213352203, 34.8002128601, 0.171479597688, 24.9331035614, 1.22545278072, 15.0658416748, -6.14783143997], [-128.586608887, 69.6351547241, -1.85530638695, 26.7926292419, 9.80461215973, -4.59213352203, 108.516311646, 14.4353084564, 13.3401956558, 11.7946147919, 8.89107608795, -4.45097637177, 27.0140285492], [110.190124512, -74.4515228271, 11.5312452316, -1.94890868664, -0.353917628527, 34.8002128601, 14.4353084564, 81.9887237549, 5.27607393265, 22.6259880066, 2.48567867279, 12.5330486298, -7.84416627884], [-142.566619873, 125.830528259, -20.3834552765, -17.675868988, 35.676158905, 0.171479597688, 13.3401956558, 5.27607393265, 86.7378845215, -2.17506623268, 18.4406147003, 5.22383546829, 15.3202514648], [139.587280273, -159.706970215, 1.8219627142, 51.5177078247, -24.4514408112, 24.9331035614, 11.7946147919, 22.6259880066, -2.17506623268, 78.9119338989, 1.94376659393, 19.0624332428, 5.72750329971], [-127.937187195, 103.220901489, 19.2691726685, -2.14239048958, 21.5112056732, 1.22545278072, 8.89107608795, 2.48567867279, 18.4406147003, 1.94376659393, 71.2777328491, -7.52752017975, 14.6022253036], [109.586135864, -89.0914306641, -10.7991228104, 4.50328016281, 10.5061035156, 15.0658416748, -4.45097637177, 12.5330486298, 5.22383546829, 19.0624332428, -7.52752017975, 72.8237609863, 0.626541316509], [-85.4740066528, 60.0253372192, 2.2713842392, 28.4081573486, 0.381343901157, -6.14783143997, 27.0140285492, -7.84416627884, 15.3202514648, 5.72750329971, 14.6022253036, 0.626541316509, 69.0430450439]],
        "icov": [[0.000920654623769, -0.000630715163425, 0.000463585165562, -0.00169117876794, 0.00113458384294, -0.00113610399421, 0.00143901200499, -0.00129084801301, 0.00118824606761, -0.000689211999997, 0.00127458281349, -0.00138467131183, 0.0010880731279], [-0.000630715163425, 0.00678409496322, -0.00056194991339, 0.00660721771419, -0.00647404370829, 0.00482239713892, -0.00447106314823, 0.00345821911469, -0.00468964409083, 0.00557712512091, -0.00554489018396, 0.00617170054466, -0.00507684703916], [0.000463585165562, -0.00056194991339, 0.00529968366027, -0.000861034728587, 0.000942441576626, -0.00357995252125, 0.000784980889875, -0.000629336398561, 0.00231616012752, 4.83709591208e-005, -0.000753888045438, -4.32962879131e-005, 0.000181660885573], [-0.00169117876794, 0.00660721771419, -0.000861034728587, 0.0145882908255, -0.00543253170326, 0.00490752886981, -0.00683780154213, 0.00595056451857, -0.00433258153498, 0.00181743910071, -0.00627996958792, 0.00717877177522, -0.00791993364692], [0.00113458384294, -0.00647404370829, 0.000942441576626, -0.00543253170326, 0.0136780086905, -0.0042048948817, 0.00395695492625, -0.00394490547478, 0.00293998676352, -0.00393640808761, 0.00389612303115, -0.00816143210977, 0.00571516994387], [-0.00113610399421, 0.00482239713892, -0.00357995252125, 0.00490752886981, -0.0042048948817, 0.0180049333721, -0.00267804437317, -0.00151448324323, -0.00518742296845, 0.0019051952986, -0.00429141288623, 0.00321035180241, -0.00312678422779], [0.00143901200499, -0.00447106314823, 0.000784980889875, -0.00683780154213, 0.00395695492625, -0.00267804437317, 0.0154123306274, -0.0062895170413, 0.00309491273947, -0.00475596124306, 0.00469891447574, -0.0035814915318, 0.00019752253138], [-0.00129084801301, 0.00345821911469, -0.000629336398561, 0.00595056451857, -0.00394490547478, -0.00151448324323, -0.0062895170413, 0.0190224647522, -0.00380034279078, -0.000494913430884, -0.0041734687984, 0.0029136526864, -0.000782735703979], [0.00118824606761, -0.00468964409083, 0.00231616012752, -0.00433258153498, 0.00293998676352, -0.00518742296845, 0.00309491273947, -0.00380034279078, 0.0181774422526, -0.00392689462751, 0.00170790788252, -0.00553076108918, 0.00111505179666], [-0.000689211999997, 0.00557712512091, 4.83709591208e-005, 0.00181743910071, -0.00393640808761, 0.0019051952986, -0.00475596124306, -0.000494913430884, -0.00392689462751, 0.0230372846127, -0.00610932568088, 0.0013793152757, -0.00421546585858], [0.00127458281349, -0.00554489018396, -0.000753888045438, -0.00627996958792, 0.00389612303115, -0.00429141288623, 0.00469891447574, -0.0041734687984, 0.00170790788252, -0.00610932568088, 0.0218113604933, -0.00337838032283, 0.00183650082909], [-0.00138467131183, 0.00617170054466, -4.32962879131e-005, 0.00717877177522, -0.00816143210977, 0.00321035180241, -0.0035814915318, 0.0029136526864, -0.00553076108918, 0.0013793152757, -0.00337838032283, 0.0224494636059, -0.00634525157511], [0.0010880731279, -0.00507684703916, 0.000181660885573, -0.00791993364692, 0.00571516994387, -0.00312678422779, 0.00019752253138, -0.000782735703979, 0.00111505179666, -0.00421546585858, 0.00183650082909, -0.00634525157511, 0.0227924641222]]
    },
    "melbands": {
        "mean": [0.00174954463728, 0.00342334783636, 0.00265081040561, 0.00153085333295, 0.00185959914234, 0.00112280633766, 0.0003139039909, 0.000309896218823, 0.000318984122714, 0.000428185681812, 0.000191925559193, 4.9639838835e-005, 5.21651672898e-005, 1.96174569282e-005, 2.87339917122e-005, 1.8056931367e-005, 1.40015135912e-005, 8.8625920398e-006, 8.79012804944e-006, 7.83899758972e-006, 5.3592139011e-006, 5.11508596901e-006, 5.18975457453e-006, 4.85058171762e-006, 5.36075094715e-006, 6.25202255833e-006, 1.05976660052e-005, 1.00964480225e-005, 1.05952576632e-005, 1.03448874142e-005, 5.85856969337e-006, 4.5589176807e-006, 3.54931125912e-006, 2.55473946709e-006, 2.28062208407e-006, 4.93617699249e-006, 5.46470209883e-006, 4.01054194299e-006, 1.72103636942e-006, 1.00061583908e-006],
        "var": [1.8081136659e-006, 8.59222473082e-006, 6.70246163281e-006, 2.46595413955e-006, 1.65466087765e-006, 6.50493802823e-007, 9.47753449054e-008, 1.0890014579e-007, 6.20854976319e-008, 1.39760587103e-007, 3.09713996671e-008, 2.230490459e-009, 2.31850627586e-009, 3.43243017342e-010, 6.91224910643e-010, 2.91094537364e-010, 2.47715820079e-010, 7.83572096097e-011, 8.49126741143e-011, 8.1174837685e-011, 3.28824467655e-011, 3.21889390142e-011, 5.4938085331e-011, 4.57291808587e-011, 5.18336693012e-011, 1.24368432219e-010, 7.48058726074e-010, 6.93307411481e-010, 1.08974551605e-009, 1.13824882852e-009, 3.34878180741e-010, 2.13802517357e-010, 1.75074857389e-010, 1.05303640807e-010, 7.07608971418e-011, 4.38808434033e-010, 9.6407115624e-010, 4.9103948685e-010, 6.93299237464e-011, 1.92868897936e-011]
    },
    "mfcc": {
        "mean": [-630.494873047, 146.15927124, 31.7805747986, 27.3128204346, -6.51384162903, -0.845536530018, 3.21397733688, -2.51281070709, 1.01754772663, 4.70690584183, -5.7731089592, 0.396294862032, -9.95062732697],
        "cov": [[2100.95556641, -1150.41369629, 71.97996521, 62.7248153687, -79.2953948975, 51.6554069519, -30.4589557648, -14.0830116272, -10.5741758347, 59.2508125305, -51.2877922058, -7.8917965889, 26.8557987213], [-1150.41369629, 1311.14624023, -201.942123413, -64.6131896973, 148.08757019, -78.747833252, 0.351775437593, 63.335319519, -0.0438609682024, -77.1870651245, 67.5659561157, 18.4786949158, -51.2538604736], [71.97996521, -201.942123413, 297.988494873, -29.561964035, -16.8812541962, 11.0412931442, 46.7438468933, -31.2954883575, 13.7844905853, -9.84002971649, -8.93306255341, 2.14206147194, 16.2834320068], [62.7248153687, -64.6131896973, -29.561964035, 167.005355835, -40.6842727661, 27.8931446075, 12.5871219635, -19.1759586334, 3.5081346035, 27.3292484283, -16.6449832916, -17.3902893066, 5.65181016922], [-79.2953948975, 148.08757019, -16.8812541962, -40.6842727661, 144.463027954, -8.47428131104, -7.55929327011, 18.5268249512, -12.1706809998, -19.0632781982, 23.1939144135, 6.00255966187, 4.06663036346], [51.6554069519, -78.747833252, 11.0412931442, 27.8931446075, -8.47428131104, 78.4868164063, -2.97386002541, -1.54121410847, 9.26523971558, 7.52313661575, -8.0063085556, -3.24322605133, 15.0991563797], [-30.4589557648, 0.351775437593, 46.7438468933, 12.5871219635, -7.55929327011, -2.97386002541, 103.654289246, -9.12695789337, 9.16923046112, 6.21761322021, 5.05260896683, 8.07093429565, 8.96710205078], [-14.0830116272, 63.335319519, -31.2954883575, -19.1759586334, 18.5268249512, -1.54121410847, -9.12695789337, 80.9243240356, 3.96548962593, 2.9231338501, 10.2662372589, 10.6687002182, -11.5412015915], [-10.5741758347, -0.0438609682024, 13.7844905853, 3.5081346035, -12.1706809998, 9.26523971558, 9.16923046112, 3.96548962593, 76.5024795532, 3.17375779152, 5.14428091049, 3.75750398636, 4.86581659317], [59.2508125305, -77.1870651245, -9.84002971649, 27.3292484283, -19.0632781982, 7.52313661575, 6.21761322021, 2.9231338501, 3.17375779152, 84.3019485474, -9.18747329712, 4.53671693802, 12.7236261368], [-51.2877922058, 67.5659561157, -8.93306255341, -16.6449832916, 23.1939144135, -8.0063085556, 5.05260896683, 10.2662372589, 5.14428091049, -9.18747329712, 67.3606643677, 10.5735616684, -5.2388548851], [-7.8917965889, 18.4786949158, 2.14206147194, -17.3902893066, 6.00255966187, -3.24322605133, 8.07093429565, 10.6687002182, 3.75750398636, 4.53671693802, 10.5735616684, 74.031463623, -4.7740020752], [26.8557987213, -51.2538604736, 16.2834320068, 5.65181016922, 4.06663036346, 15.0991563797, 8.96710205078, -11.5412015915, 4.86581659317, 12.7236261368, -5.2388548851, -4.7740020752, 63.6510429382]],
        "icov": [[0.000995853799395, 0.00101980858017, 0.000347751105437, -0.000162382508279, -0.000412760622567, 0.00027800022508, 7.81500639278e-005, -0.00039317298797, -2.05262040254e-005, 0.000202376468224, 2.91038104479e-005, -0.000108010754047, 0.000159998977324], [0.00101980858017, 0.0021604411304, 0.00108417414594, -0.000116960829473, -0.00128110963851, 0.00100874376949, -0.000362082471838, -0.000720485229976, -0.000341063627275, 0.000991646782495, -0.00034612318268, -0.000153794637299, 0.000593156495597], [0.000347751105437, 0.00108417414594, 0.00465226313099, 0.00124961673282, -0.000257174920989, -0.000283513480099, -0.00208335160278, 0.00106869346928, -0.00071406038478, 0.00106046092696, 0.000352424540324, -8.1066529674e-005, -0.000138336836244], [-0.000162382508279, -0.000116960829473, 0.00124961673282, 0.00785069726408, 0.00150197255425, -0.00262564676814, -0.001465240377, 0.00170549261384, -4.23140118073e-005, -0.00186096900143, 0.000668214575853, 0.00155305559747, 0.000546827388462], [-0.000412760622567, -0.00128110963851, -0.000257174920989, 0.00150197255425, 0.00913659483194, -0.000603938649874, 0.00045806315029, -0.00101459340658, 0.00167699204758, 0.000754833978135, -0.001972039463, -1.72990985448e-005, -0.00205667107366], [0.00027800022508, 0.00100874376949, -0.000283513480099, -0.00262564676814, -0.000603938649874, 0.0152584519237, 0.00115808087867, -0.00132070074324, -0.00167318922468, 0.000604609085713, 0.00067598890746, -0.000287615053821, -0.00294184638187], [7.81500639278e-005, -0.000362082471838, -0.00208335160278, -0.001465240377, 0.00045806315029, 0.00115808087867, 0.0112959342077, 0.000511841208208, -0.000729224295355, -0.000811754609458, -0.00112021237146, -0.0013227959862, -0.00143739685882], [-0.00039317298797, -0.000720485229976, 0.00106869346928, 0.00170549261384, -0.00101459340658, -0.00132070074324, 0.000511841208208, 0.0146683435887, -0.00110867305193, -0.00182461913209, -0.000885145447683, -0.00118743977509, 0.00241414131597], [-2.05262040254e-005, -0.000341063627275, -0.00071406038478, -4.23140118073e-005, 0.00167699204758, -0.00167318922468, -0.000729224295355, -0.00110867305193, 0.0140099246055, -0.000248646683758, -0.00144962454215, -0.000433569017332, -0.0010611875914], [0.000202376468224, 0.000991646782495, 0.00106046092696, -0.00186096900143, 0.000754833978135, 0.000604609085713, -0.000811754609458, -0.00182461913209, -0.000248646683758, 0.0141950696707, 0.000982399797067, -0.00154582050163, -0.00265468214639], [2.91038104479e-005, -0.00034612318268, 0.000352424540324, 0.000668214575853, -0.001972039463, 0.00067598890746, -0.00112021237146, -0.000885145447683, -0.00144962454215, 0.000982399797067, 0.0169697925448, -0.00168929353822, 0.000706925697159], [-0.000108010754047, -0.000153794637299, -8.1066529674e-005, 0.00155305559747, -1.72990985448e-005, -0.000287615053821, -0.0013227959862, -0.00118743977509, -0.000433569017332, -0.00154582050163, -0.00168929353822, 0.0146378520876, 0.00114593806211], [0.000159998977324, 0.000593156495597, -0.000138336836244, 0.000546827388462, -0.00205667107366, -0.00294184638187, -0.00143739685882, 0.00241414131597, -0.0010611875914, -0.00265468214639, 0.000706925697159, 0.00114593806211, 0.018333023414]]
    },
    "spectral_contrast_coeffs": {
        "mean": [-0.608701765537, -0.678230762482, -0.71284943819, -0.763380587101, -0.739537775517, -0.726873576641],
        "var": [0.00583107070997, 0.00318154436536, 0.00265948008746, 0.00147378165275, 0.00299529405311, 0.00254904967733]
    },
    "spectral_contrast_valleys": {
        "mean": [-6.47739028931, -6.24965715408, -7.27193450928, -8.19366550446, -8.26944923401, -10.6833963394],
        "var": [0.44934669137, 0.411391586065, 0.428291618824, 0.455050051212, 0.813912093639, 1.55140602589]
    }
},
"metadata": {
    "audio_properties": {
        "analysis_sample_rate": 44100,
        "bit_rate": 128074,
        "equal_loudness": 0,
        "length": 45.0612258911,
        "lossless": 0,
        "replay_gain": -5.55651283264,
        "sample_rate": 44100,
        "codec": "mp3",
        "downmix": "mix",
        "md5_encoded": "d82dc572d7bfb79643d89f05d784d49f"
    },
    "tags": {
        "file_name": "1424.mp3"
    },
    "version": {
        "essentia": "2.1-beta2",
        "essentia_git_sha": "v2.1_beta2",
        "extractor": "music 1.0"
    }
},
"rhythm": {
    "beats_count": 129,
    "beats_loudness": {
        "mean": 0.0530833117664,
        "var": 0.000312391814077
    },
    "bpm": 172.26550293,
    "bpm_histogram_first_peak_bpm": {
        "mean": 172,
        "var": 0
    },
    "bpm_histogram_first_peak_spread": {
        "mean": 0,
        "var": 0
    },
    "bpm_histogram_first_peak_weight": {
        "mean": 0.5390625,
        "var": 0
    },
    "bpm_histogram_second_peak_bpm": {
        "mean": 178,
        "var": 0
    },
    "bpm_histogram_second_peak_spread": {
        "mean": 0,
        "var": 0
    },
    "bpm_histogram_second_peak_weight": {
        "mean": 0.2421875,
        "var": 0
    },
    "danceability": 1.16994976997,
    "onset_rate": 2.4400229454,
    "beats_loudness_band_ratio": {
        "mean": [0.431009978056, 0.351037234068, 0.158464878798, 0.03905159235, 0.0159750841558, 0.0466362051666],
        "var": [0.0294248461723, 0.0223892461509, 0.00671974057332, 0.000563592184335, 0.000128265761305, 0.00717568350956]
    },
    "beats_position": [0.359909296036, 0.731428563595, 1.10294783115, 1.47446703911, 1.8575963974, 2.22911548615, 2.58902478218, 2.94893407822, 3.29723358154, 3.64553284645, 3.99383211136, 4.34213161469, 4.69043064117, 5.0387301445, 5.38702917099, 5.73532867432, 6.08362817764, 6.43192720413, 6.78022670746, 7.10530614853, 7.4303855896, 7.76707458496, 8.10376358032, 8.45206356049, 8.80036258698, 9.13705158234, 9.49696159363, 9.83365058899, 10.1703395844, 10.5186395645, 10.866938591, 11.2152376175, 11.5635375977, 11.8886165619, 12.2136955261, 12.5619955063, 12.9102945328, 13.2585935593, 13.5952835083, 13.9319725037, 14.268661499, 14.6053514481, 14.9420404434, 15.2787294388, 15.6270294189, 15.9753284454, 16.3236274719, 16.6719264984, 17.031835556, 17.391746521, 17.7400455475, 18.0651245117, 18.390203476, 18.7385025024, 19.0868015289, 19.4351024628, 19.7834014893, 20.1317005157, 20.4799995422, 20.8166885376, 21.153377533, 21.5016784668, 21.8499774933, 22.1982765198, 22.5697956085, 22.918094635, 23.2663936615, 23.614692688, 23.974603653, 24.3229026794, 24.6595916748, 24.9962806702, 25.3329696655, 25.6696586609, 26.0179595947, 26.3662586212, 26.7261676788, 27.0744667053, 27.4227657318, 27.7710647583, 28.1193637848, 28.4676647186, 28.8159637451, 29.1758728027, 29.5357818604, 29.8840808868, 30.2207698822, 30.5574588776, 30.9057598114, 31.2540588379, 31.6023578644, 31.962266922, 32.322177887, 32.6704750061, 33.0187759399, 33.3554649353, 33.6921539307, 34.028842926, 34.3771438599, 34.7138328552, 35.0621299744, 35.4104309082, 35.7587280273, 36.0838088989, 36.4321098328, 36.7571868896, 37.1054878235, 37.4653968811, 37.8253059387, 38.1736030579, 38.5219039917, 38.8702049255, 39.2185020447, 39.5668029785, 39.9151000977, 40.251789093, 40.5884780884, 40.9251708984, 41.2734680176, 41.6101570129, 41.9584579468, 42.2835350037, 42.6318359375, 42.9685249329, 43.3052139282, 43.6535148621, 43.9902038574, 44.3268928528, 44.6751937866]
},
"tonal": {
    "chords_changes_rate": 0.0432098768651,
    "chords_number_rate": 0.00720164598897,
    "chords_strength": {
        "mean": 0.584815621376,
        "var": 0.00648291455582
    },
    "hpcp_entropy": {
        "mean": 1.84610748291,
        "var": 0.412394285202
    },
    "key_strength": 0.692493796349,
    "tuning_diatonic_strength": 0.465544909239,
    "tuning_equal_tempered_deviation": 0.0707836747169,
    "tuning_frequency": 442.293365479,
    "tuning_nontempered_energy_ratio": 0.700840711594,
    "hpcp": {
        "mean": [0.159685775638, 0.0894732698798, 0.0437641367316, 0.037545260042, 0.0436237081885, 0.121432751417, 0.211654022336, 0.227117314935, 0.335864573717, 0.381348222494, 0.200056359172, 0.0916784778237, 0.0818815082312, 0.06312597543, 0.114690952003, 0.157716467977, 0.0950340256095, 0.0367278642952, 0.0278939474374, 0.0569194220006, 0.318812072277, 0.473222136497, 0.254664361477, 0.126828357577, 0.099605306983, 0.0388397537172, 0.029706383124, 0.0398402065039, 0.0581748373806, 0.166626527905, 0.209220305085, 0.0982166528702, 0.0296655427665, 0.02553749457, 0.0523663461208, 0.134168237448],
        "var": [0.0672957897186, 0.0288341827691, 0.014943475835, 0.0149386748672, 0.0188824646175, 0.0409359261394, 0.0974301248789, 0.0805889740586, 0.122680783272, 0.119858078659, 0.0566580183804, 0.0406535044312, 0.0475059226155, 0.0251802299172, 0.044036410749, 0.0810734182596, 0.0332815460861, 0.0114897228777, 0.00812867935747, 0.0116392085329, 0.0652788951993, 0.133935660124, 0.0543931312859, 0.0572318956256, 0.050162691623, 0.0110163548961, 0.00665728887543, 0.00838819518685, 0.0100476574153, 0.04618069157, 0.0647495612502, 0.0184460170567, 0.00752194365487, 0.00533392140642, 0.0150680458173, 0.0590905696154]
    },
    "chords_histogram": [46.296295166, 16.4609050751, 1.54320991039, 3.49794244766, 0, 0, 1.54320991039, 0, 0.411522626877, 0, 3.70370364189, 0, 0, 0, 0, 0, 0, 0, 0, 0, 0, 0, 0, 26.5432090759],
    "thpcp": [1, 0.53814971447, 0.26801019907, 0.210483193398, 0.0820750966668, 0.0627747103572, 0.0841892287135, 0.122933462262, 0.352110594511, 0.44211858511, 0.207548722625, 0.0626884102821, 0.0539651326835, 0.110659122467, 0.283520638943, 0.337443590164, 0.189072445035, 0.0924811661243, 0.0793396085501, 0.0921844169497, 0.256608337164, 0.447261452675, 0.479938060045, 0.709739804268, 0.805854558945, 0.422753602266, 0.193732440472, 0.173029750586, 0.133396074176, 0.24236176908, 0.333282113075, 0.200823292136, 0.077612310648, 0.0589447207749, 0.120280556381, 0.673704922199],
    "chords_key": "C",
    "chords_scale": "major",
    "key_key": "C",
    "key_scale": "major"
}
}