{
"lowlevel": {
    "average_loudness": 0.959083557129,
    "barkbands_crest": {
        "mean": 8.87649250031,
        "var": 14.5762615204
    },
    "barkbands_flatness_db": {
        "mean": 0.109408430755,
        "var": 0.00221477821469
    },
    "barkbands_kurtosis": {
        "mean": 1.90216243267,
        "var": 26.6621456146
    },
    "barkbands_skewness": {
        "mean": 1.11173558235,
        "var": 1.02139651775
    },
    "barkbands_spread": {
        "mean": 28.1168403625,
        "var": 225.165313721
    },
    "dissonance": {
        "mean": 0.464625954628,
        "var": 0.0007484529051
    },
    "dynamic_complexity": 2.41762590408,
    "erbbands_crest": {
        "mean": 9.18051433563,
        "var": 18.7123012543
    },
    "erbbands_flatness_db": {
        "mean": 0.145456939936,
        "var": 0.00227003358305
    },
    "erbbands_kurtosis": {
        "mean": 0.406272321939,
        "var": 3.05840539932
    },
    "erbbands_skewness": {
        "mean": 0.0167657192796,
        "var": 0.444343924522
    },
    "erbbands_spread": {
        "mean": 37.265083313,
        "var": 392.398162842
    },
    "hfc": {
        "mean": 31.0543689728,
        "var": 1000.84381104
    },
    "melbands_crest": {
        "mean": 13.6426582336,
        "var": 27.4544639587
    },
    "melbands_flatness_db": {
        "mean": 0.185127347708,
        "var": 0.00354111357592
    },
    "melbands_kurtosis": {
        "mean": 8.96119976044,
        "var": 184.218948364
    },
    "melbands_skewness": {
        "mean": 2.23828482628,
        "var": 2.17023992538
    },
    "melbands_spread": {
        "mean": 28.7048282623,
        "var": 261.789550781
    },
    "pitch_salience": {
        "mean": 0.549469769001,
        "var": 0.0117305302992
    },
    "silence_rate_20dB": {
        "mean": 1,
        "var": 0
    },
    "silence_rate_30dB": {
        "mean": 0.963439762592,
        "var": 0.0352229289711
    },
    "silence_rate_60dB": {
        "mean": 0.00617919676006,
        "var": 0.00614098226652
    },
    "spectral_centroid": {
        "mean": 1398.03918457,
        "var": 250248.96875
    },
    "spectral_complexity": {
        "mean": 22.1549949646,
        "var": 59.170135498
    },
    "spectral_decrease": {
        "mean": -8.63992788425e-009,
        "var": 7.1475624557e-017
    },
    "spectral_energy": {
        "mean": 0.0354258567095,
        "var": 0.00108612526674
    },
    "spectral_energyband_high": {
        "mean": 0.00132304790895,
        "var": 8.84252312972e-006
    },
    "spectral_energyband_low": {
        "mean": 0.014055124484,
        "var": 0.000751453684643
    },
    "spectral_energyband_middle_high": {
        "mean": 0.0088060265407,
        "var": 8.31610232126e-005
    },
    "spectral_energyband_middle_low": {
        "mean": 0.0117135187611,
        "var": 8.58101630001e-005
    },
    "spectral_entropy": {
        "mean": 7.55819416046,
        "var": 0.179599910975
    },
    "spectral_flux": {
        "mean": 0.106749430299,
        "var": 0.00378562323749
    },
    "spectral_kurtosis": {
        "mean": 5.6022105217,
        "var": 15.8320245743
    },
    "spectral_rms": {
        "mean": 0.00548113603145,
        "var": 4.51895812148e-006
    },
    "spectral_rolloff": {
        "mean": 1842.58911133,
        "var": 2834875.75
    },
    "spectral_skewness": {
        "mean": 1.79660308361,
        "var": 0.272976160049
    },
    "spectral_spread": {
        "mean": 4920171.5,
        "var": 4.68576632832e+012
    },
    "spectral_strongpeak": {
        "mean": 1.06539416313,
        "var": 2.54130911827
    },
    "zerocrossingrate": {
        "mean": 0.0682992860675,
        "var": 0.00134823541157
    },
    "barkbands": {
        "mean": [0.000994604895823, 0.00686111394316, 0.00604101689532, 0.00159753928892, 0.00315558514558, 0.00234968727455, 0.00153140129987, 0.000855430553202, 0.00159453472588, 0.0017953927163, 0.000938465003856, 0.00071638613008, 0.000915648299269, 0.000825114897452, 0.00154771201778, 0.00094771356089, 0.000659772078507, 0.00039510265924, 0.00029778573662, 0.000163784818142, 9.72286579781e-005, 0.000116059927677, 0.000378788507078, 0.000314933073241, 0.000161519870744, 0.000109822954983, 6.37124176137e-005],
        "var": [4.06332810599e-006, 0.000122157362057, 0.00032590853516, 7.81930157245e-006, 2.28209519264e-005, 1.4624249161e-005, 5.44025306226e-006, 1.61216598826e-006, 1.17167437566e-005, 1.28099864014e-005, 8.18921671453e-006, 2.27621671911e-006, 3.04297623188e-006, 1.85633643923e-006, 8.34382717585e-006, 3.48582329934e-006, 7.34857621865e-007, 2.16169155465e-007, 9.13708504413e-008, 3.0478897628e-008, 1.17744178851e-008, 6.70749429332e-008, 1.23031429666e-006, 7.35567027732e-007, 3.09606804194e-007, 7.86987897072e-008, 7.00438107515e-008]
    },
    "erbbands": {
        "mean": [0.152354612947, 1.74974608421, 6.90149593353, 5.60487318039, 8.01985454559, 11.1917686462, 12.4301958084, 22.6768608093, 24.0129871368, 20.2906684875, 16.249458313, 44.3812637329, 46.9422798157, 47.2224121094, 43.482925415, 35.7687683105, 40.9363555908, 42.6521949768, 77.9730529785, 64.3126220703, 48.7733154297, 32.3849601746, 24.2710876465, 18.9961833954, 12.1013803482, 7.90613126755, 4.79710149765, 3.52662467957, 3.95409631729, 11.7390813828, 8.86556339264, 6.34953308105, 4.53426647186, 1.7592908144, 1.19686508179, 0.507460772991, 0.154923141003, 0.144487202168, 0.0040884045884, 0.000120334174426],
        "var": [0.0844055786729, 8.54233551025, 341.324829102, 148.392562866, 146.716812134, 382.737762451, 560.997253418, 1694.66882324, 1150.14416504, 721.373657227, 518.952819824, 9293.95605469, 7238.36181641, 12140.640625, 17978.3183594, 4480.20849609, 5188.2734375, 4198.32470703, 15841.4990234, 23217.2988281, 6304.57617188, 1665.1965332, 698.293457031, 519.617553711, 147.045227051, 73.2849807739, 26.2547531128, 18.8088512421, 58.921421051, 1386.51147461, 552.297180176, 289.551147461, 150.084838867, 51.0832252502, 12.9950742722, 1.59911227226, 0.123416312039, 0.316974580288, 0.000267196912318, 8.7904751922e-008]
    },
    "gfcc": {
        "mean": [33.8639373779, 82.1184310913, -110.191268921, 22.8073978424, -44.6601791382, 17.9745464325, -43.5370292664, 13.715508461, -18.0507068634, 4.80246925354, -15.6724252701, 2.62968611717, -14.7183713913],
        "cov": [[3588.68139648, -915.993164063, 113.958938599, 46.994644165, 30.5338687897, 191.245559692, -110.414764404, -20.1068191528, -173.370910645, -67.8987960815, -144.343582153, 95.4655303955, -68.1593704224], [-915.993164063, 1314.10351563, -266.872161865, -43.9202651978, 200.892532349, -100.540016174, 148.672088623, 49.8958969116, 57.0745162964, -3.42695784569, 58.5007247925, -125.973373413, 97.0875549316], [113.958938599, -266.872161865, 762.190551758, 102.980560303, -88.2601623535, 115.610572815, -42.5562515259, -104.309959412, 3.94231176376, -38.770160675, -18.0809631348, 17.3050670624, -149.024215698], [46.994644165, -43.9202651978, 102.980560303, 355.272705078, 39.6014785767, -55.8106155396, -15.7193031311, -1.9041980505, 8.68420600891, -0.462135791779, 1.35166537762, -1.07348561287, -17.1365013123], [30.5338687897, 200.892532349, -88.2601623535, 39.6014785767, 205.454574585, 22.9355773926, 31.3815555573, 9.75942897797, -12.6413373947, 3.00277066231, -4.07300758362, -11.4011602402, 22.3587493896], [191.245559692, -100.540016174, 115.610572815, -55.8106155396, 22.9355773926, 223.821060181, 57.9997749329, -37.9661865234, -13.535987854, -3.6588280201, -7.21944713593, 7.11259269714, -19.8317394257], [-110.414764404, 148.672088623, -42.5562515259, -15.7193031311, 31.3815555573, 57.9997749329, 157.345321655, 35.7695960999, 14.2988271713, 10.1375837326, 4.57293272018, -10.4805612564, 3.40473127365], [-20.1068191528, 49.8958969116, -104.309959412, -1.9041980505, 9.75942897797, -37.9661865234, 35.7695960999, 155.617584229, 27.8332881927, 14.7371053696, -6.80384588242, -5.09582901001, 29.7879238129], [-173.370910645, 57.0745162964, 3.94231176376, 8.68420600891, -12.6413373947, -13.535987854, 14.2988271713, 27.8332881927, 117.553985596, 9.41278743744, 21.7031917572, -11.8766860962, -14.5454435349], [-67.8987960815, -3.42695784569, -38.770160675, -0.462135791779, 3.00277066231, -3.6588280201, 10.1375837326, 14.7371053696, 9.41278743744, 94.779800415, 11.8602771759, 7.07331562042, 12.7605905533], [-144.343582153, 58.5007247925, -18.0809631348, 1.35166537762, -4.07300758362, -7.21944713593, 4.57293272018, -6.80384588242, 21.7031917572, 11.8602771759, 87.1435546875, 19.5580501556, 1.41376721859], [95.4655303955, -125.973373413, 17.3050670624, -1.07348561287, -11.4011602402, 7.11259269714, -10.4805612564, -5.09582901001, -11.8766860962, 7.07331562042, 19.5580501556, 78.5447463989, 7.76667881012], [-68.1593704224, 97.0875549316, -149.024215698, -17.1365013123, 22.3587493896, -19.8317394257, 3.40473127365, 29.7879238129, -14.5454435349, 12.7605905533, 1.41376721859, 7.76667881012, 95.5182647705]],
        "icov": [[0.000408456253354, 0.000207276607398, 0.000129799140268, -8.15190724097e-005, -0.000205973177799, -0.000338474608725, 0.000240756460698, -0.000197776200366, 0.000375454430468, 0.000234797684243, 0.000431543536251, -0.000279305706499, 0.000341829581885], [0.000207276607398, 0.00186756171752, -0.000315215758746, 0.000557688763365, -0.00172135233879, 0.00133019161876, -0.00163783982862, 0.000415003421949, -0.000303740642266, 0.000561527325772, -0.0014123438159, 0.00269695650786, -0.001853662543], [0.000129799140268, -0.000315215758746, 0.00260831136256, -0.00101258698851, 0.00117687159218, -0.00179464765824, 0.00110887549818, 0.000349680805812, 0.000119437943795, 0.000344387284713, 0.00103206955828, -0.00137102976441, 0.00357246631756], [-8.15190724097e-005, 0.000557688763365, -0.00101258698851, 0.0036250189878, -0.00166334188543, 0.00200077448972, -0.00080239365343, 0.000204365365789, -0.000399390002713, -7.10302774678e-005, -0.000722442811821, 0.000965015555266, -0.000903951528016], [-0.000205973177799, -0.00172135233879, 0.00117687159218, -0.00166334188543, 0.00740902265534, -0.00240436894819, 0.000881946471054, -0.000318496720865, 0.000872172706295, -0.000411237444496, 0.00135951011907, -0.00169848115183, 0.00128048774786], [-0.000338474608725, 0.00133019161876, -0.00179464765824, 0.00200077448972, -0.00240436894819, 0.00822992250323, -0.00456676259637, 0.00210743024945, -0.000385997758713, 1.09377187982e-005, -0.00116980611347, 0.0018751337193, -0.00245286896825], [0.000240756460698, -0.00163783982862, 0.00110887549818, -0.00080239365343, 0.000881946471054, -0.00456676259637, 0.0102385440841, -0.00279876403511, 0.000199590576813, -0.000722246128134, 0.0010786827188, -0.0019228674937, 0.00304313818924], [-0.000197776200366, 0.000415003421949, 0.000349680805812, 0.000204365365789, -0.000318496720865, 0.00210743024945, -0.00279876403511, 0.00869628973305, -0.00244124094024, -0.000540958542842, 0.00107135309372, 0.000438684801338, -0.00243185809813], [0.000375454430468, -0.000303740642266, 0.000119437943795, -0.000399390002713, 0.000872172706295, -0.000385997758713, 0.000199590576813, -0.00244124094024, 0.0107440995052, -0.000627646862995, -0.00219689449295, 0.00100265489891, 0.00283217942342], [0.000234797684243, 0.000561527325772, 0.000344387284713, -7.10302774678e-005, -0.000411237444496, 1.09377187982e-005, -0.000722246128134, -0.000540958542842, -0.000627646862995, 0.0114557137713, -0.00124218896963, -0.000355879979907, -0.00116433191579], [0.000431543536251, -0.0014123438159, 0.00103206955828, -0.000722442811821, 0.00135951011907, -0.00116980611347, 0.0010786827188, 0.00107135309372, -0.00219689449295, -0.00124218896963, 0.0155711118132, -0.00684994459152, 0.00244832085446], [-0.000279305706499, 0.00269695650786, -0.00137102976441, 0.000965015555266, -0.00169848115183, 0.0018751337193, -0.0019228674937, 0.000438684801338, 0.00100265489891, -0.000355879979907, -0.00684994459152, 0.0194977354258, -0.00547160860151], [0.000341829581885, -0.001853662543, 0.00357246631756, -0.000903951528016, 0.00128048774786, -0.00245286896825, 0.00304313818924, -0.00243185809813, 0.00283217942342, -0.00116433191579, 0.00244832085446, -0.00547160860151, 0.0188451055437]]
    },
    "melbands": {
        "mean": [0.00166845298372, 0.00321882986464, 0.00109766924288, 0.000714408408385, 0.000454854074633, 0.000486205361085, 0.000361063721357, 0.000213484818232, 0.000119730415463, 0.000291531760013, 0.000232176971622, 0.000196016626433, 0.000129357358674, 0.000100751502032, 9.61742334766e-005, 7.85077863839e-005, 7.74138679844e-005, 0.000122724028188, 8.99823280633e-005, 8.6976957391e-005, 5.01417562191e-005, 3.65335326933e-005, 2.49443310167e-005, 1.89060028788e-005, 1.51279427882e-005, 9.64169976214e-006, 6.38531037112e-006, 5.0748931244e-006, 3.25559881276e-006, 2.29974784816e-006, 1.92503875951e-006, 2.13217094824e-006, 2.61573518401e-006, 8.34107686387e-006, 5.56863642487e-006, 2.8853121421e-006, 4.95789709021e-006, 4.30894533565e-006, 1.50734626914e-006, 1.41180282753e-006],
        "var": [7.45022543924e-006, 5.5459640862e-005, 4.51760843134e-006, 1.2113999901e-006, 6.72603675866e-007, 6.96610811701e-007, 2.69299619049e-007, 8.50484056514e-008, 3.32911973544e-008, 4.11958666291e-007, 1.87066433455e-007, 2.35290713135e-007, 1.63231845818e-007, 5.09444681995e-008, 4.28413997611e-008, 1.67168305865e-008, 1.89778912585e-008, 4.35953140254e-008, 3.61966350226e-008, 3.46504478443e-008, 6.46344311406e-009, 2.73175038146e-009, 9.746089491e-010, 5.13149078785e-010, 3.95917049145e-010, 1.06852311721e-010, 5.01415228782e-011, 3.51153377209e-011, 1.31729141484e-011, 7.61975031682e-012, 6.96925286578e-012, 1.54398611951e-011, 5.06521491417e-011, 7.76462449892e-010, 2.14852732827e-010, 6.92651561107e-011, 1.91760371471e-010, 1.4530475434e-010, 3.48055022303e-011, 3.97653819595e-011]
    },
    "mfcc": {
        "mean": [-615.490539551, 121.378173828, -3.47408938408, 14.1978797913, 18.6070232391, 4.36603021622, -3.93798685074, 5.79280900955, -1.59374344349, 8.32104873657, -0.577218413353, 0.219681337476, 0.375406831503],
        "cov": [[2903.20703125, -735.954589844, -92.2190933228, -89.7756195068, 92.0525283813, 80.4433059692, 69.0978927612, 68.3685379028, -12.8576040268, -52.9420433044, -157.255889893, -72.982131958, -46.5068702698], [-735.954589844, 1129.33129883, -252.966125488, 13.0399398804, 6.58170461655, -27.0347309113, 81.3814926147, -7.17606306076, 76.307975769, 42.7873687744, 95.627822876, -50.5419158936, 12.7437105179], [-92.2190933228, -252.966125488, 716.332214355, -5.56470632553, 28.4524250031, 109.650810242, -44.797744751, 45.1910133362, -103.639732361, 12.9937391281, -2.73445820808, 54.0992355347, -15.624294281], [-89.7756195068, 13.0399398804, -5.56470632553, 360.633270264, 53.4221382141, -41.2505683899, -11.6604290009, -16.8154067993, 32.6389579773, -37.2352027893, 17.4021339417, 55.4093093872, 5.66615104675], [92.0525283813, 6.58170461655, 28.4524250031, 53.4221382141, 164.66104126, 23.9139785767, -6.41130685806, 5.74761772156, -21.2757759094, 1.63183963299, -9.92917823792, -15.676071167, -7.36490297318], [80.4433059692, -27.0347309113, 109.650810242, -41.2505683899, 23.9139785767, 220.288879395, 51.5992202759, 15.5323238373, -26.548122406, 6.51047134399, -1.6668446064, -4.26903104782, -14.8666324615], [69.0978927612, 81.3814926147, -44.797744751, -11.6604290009, -6.41130685806, 51.5992202759, 139.137954712, 21.3263168335, 26.8650817871, -6.01628065109, 0.263252079487, -9.73729991913, 7.43376541138], [68.3685379028, -7.17606306076, 45.1910133362, -16.8154067993, 5.74761772156, 15.5323238373, 21.3263168335, 119.938652039, 6.78246164322, 19.288028717, -3.96350002289, 14.214589119, 0.793397009373], [-12.8576040268, 76.307975769, -103.639732361, 32.6389579773, -21.2757759094, -26.548122406, 26.8650817871, 6.78246164322, 132.39151001, 15.886095047, 16.2688026428, -6.99258708954, 10.2362318039], [-52.9420433044, 42.7873687744, 12.9937391281, -37.2352027893, 1.63183963299, 6.51047134399, -6.01628065109, 19.288028717, 15.886095047, 104.515197754, 18.7163162231, -9.18292427063, -11.3887634277], [-157.255889893, 95.627822876, -2.73445820808, 17.4021339417, -9.92917823792, -1.6668446064, 0.263252079487, -3.96350002289, 16.2688026428, 18.7163162231, 88.6879272461, 23.4822807312, 2.45421051979], [-72.982131958, -50.5419158936, 54.0992355347, 55.4093093872, -15.676071167, -4.26903104782, -9.73729991913, 14.214589119, -6.99258708954, -9.18292427063, 23.4822807312, 114.231925964, 27.4003162384], [-46.5068702698, 12.7437105179, -15.624294281, 5.66615104675, -7.36490297318, -14.8666324615, 7.43376541138, 0.793397009373, 10.2362318039, -11.3887634277, 2.45421051979, 27.4003162384, 73.5318450928]],
        "icov": [[0.00050316756824, 0.000365583458915, 0.00019407394575, 0.00010663465946, -0.000319651822792, -8.3831801021e-005, -0.000309567374643, -0.000270616641501, -9.99677577056e-005, 0.000151379208546, 0.000368315057131, 0.000174253524165, 0.00023328892712], [0.000365583458915, 0.00142485578544, 0.000441869575297, -9.22241724766e-006, -0.000371566187823, 5.40904802619e-005, -0.000797653920017, -0.000230626144912, -0.000104416365502, -0.000194933221792, -0.00106960814446, 0.000803179340437, -0.000143516706885], [0.00019407394575, 0.000441869575297, 0.00200825929642, -9.05003689695e-005, -0.000164402692462, -0.000923951214645, 0.000465901830466, -0.000771489343606, 0.00110118067823, -0.000295952515444, -0.000140098563861, -0.000490938429721, 0.000226299263886], [0.00010663465946, -9.22241724766e-006, -9.05003689695e-005, 0.00378382299095, -0.00177661771886, 0.000668044784106, -3.26898225467e-005, 0.000605135981459, -0.00150839658454, 0.00146492011845, -0.000183441894478, -0.00219573057257, 0.000973329995759], [-0.000319651822792, -0.000371566187823, -0.000164402692462, -0.00177661771886, 0.00743007659912, -0.000916190969292, 0.000764145283028, -0.000564316345844, 0.00155620987061, -0.000741488300264, 0.000378839613404, 0.00178302731365, -0.000556550978217], [-8.3831801021e-005, 5.40904802619e-005, -0.000923951214645, 0.000668044784106, -0.000916190969292, 0.00604172889143, -0.0027633253485, 0.000251791847404, 0.00066170503851, -0.000216352505959, -0.00037814641837, -0.000239290311583, 0.00107235950418], [-0.000309567374643, -0.000797653920017, 0.000465901830466, -3.26898225467e-005, 0.000764145283028, -0.0027633253485, 0.00971980020404, -0.00161781173665, -0.00156932335813, 0.0012402201537, 0.000183662894415, 0.000528692849912, -0.00119595159777], [-0.000270616641501, -0.000230626144912, -0.000771489343606, 0.000605135981459, -0.000564316345844, 0.000251791847404, -0.00161781173665, 0.00977310631424, -0.000911701936275, -0.00185141176917, 0.00112412252929, -0.00213498761877, 0.000308954302454], [-9.99677577056e-005, -0.000104416365502, 0.00110118067823, -0.00150839658454, 0.00155620987061, 0.00066170503851, -0.00156932335813, -0.000911701936275, 0.0101794721559, -0.00200723554008, -0.00136009813286, 0.00140555470716, -0.00144308398012], [0.000151379208546, -0.000194933221792, -0.000295952515444, 0.00146492011845, -0.000741488300264, -0.000216352505959, 0.0012402201537, -0.00185141176917, -0.00200723554008, 0.0116658685729, -0.00227590883151, 0.000543734466191, 0.00168995116837], [0.000368315057131, -0.00106960814446, -0.000140098563861, -0.000183441894478, 0.000378839613404, -0.00037814641837, 0.000183662894415, 0.00112412252929, -0.00136009813286, -0.00227590883151, 0.0148925669491, -0.0037537466269, 0.00107203132939], [0.000174253524165, 0.000803179340437, -0.000490938429721, -0.00219573057257, 0.00178302731365, -0.000239290311583, 0.000528692849912, -0.00213498761877, 0.00140555470716, 0.000543734466191, -0.0037537466269, 0.0131014147773, -0.00473248260096], [0.00023328892712, -0.000143516706885, 0.000226299263886, 0.000973329995759, -0.000556550978217, 0.00107235950418, -0.00119595159777, 0.000308954302454, -0.00144308398012, 0.00168995116837, 0.00107203132939, -0.00473248260096, 0.0162140186876]]
    },
    "spectral_contrast_coeffs": {
        "mean": [-0.662545025349, -0.715274035931, -0.72929161787, -0.738598287106, -0.74721121788, -0.77688741684],
        "var": [0.00544136064127, 0.00429132860154, 0.00624925643206, 0.00370585103519, 0.00277806655504, 0.0015127469087]
    },
    "spectral_contrast_valleys": {
        "mean": [-6.97383213043, -6.6215467453, -7.23315954208, -7.3885974884, -7.67671060562, -9.95003700256],
        "var": [0.727608144283, 0.495711326599, 0.675630629063, 0.766305267811, 0.757486879826, 1.0343221426]
    }
},
"metadata": {
    "audio_properties": {
        "analysis_sample_rate": 44100,
        "bit_rate": 128074,
        "equal_loudness": 0,
        "length": 45.0612258911,
        "lossless": 0,
        "replay_gain": -5.85601806641,
        "sample_rate": 44100,
        "codec": "mp3",
        "downmix": "mix",
        "md5_encoded": "ac255e5d692e92f0cacaf4d6a7f22f22"
    },
    "tags": {
        "file_name": "1426.mp3"
    },
    "version": {
        "essentia": "2.1-beta2",
        "essentia_git_sha": "v2.1_beta2",
        "extractor": "music 1.0"
    }
},
"rhythm": {
    "beats_count": 74,
    "beats_loudness": {
        "mean": 0.0401316583157,
        "var": 0.000296172715025
    },
    "bpm": 100.004058838,
    "bpm_histogram_first_peak_bpm": {
        "mean": 99,
        "var": 0
    },
    "bpm_histogram_first_peak_spread": {
        "mean": 0.36986297369,
        "var": 0
    },
    "bpm_histogram_first_peak_weight": {
        "mean": 0.63013702631,
        "var": 0
    },
    "bpm_histogram_second_peak_bpm": {
        "mean": 0,
        "var": 0
    },
    "bpm_histogram_second_peak_spread": {
        "mean": 0,
        "var": 0
    },
    "bpm_histogram_second_peak_weight": {
        "mean": 0,
        "var": 0
    },
    "danceability": 1.46367704868,
    "onset_rate": 5.63423490524,
    "beats_loudness_band_ratio": {
        "mean": [0.402627140284, 0.183938845992, 0.139531180263, 0.121263153851, 0.105968631804, 0.0953784734011],
        "var": [0.0325105264783, 0.01214689482, 0.0153339067474, 0.0113864578307, 0.00761497905478, 0.00338208628818]
    },
    "beats_position": [0.626938760281, 1.25387752056, 1.8575963974, 2.4497051239, 3.05342388153, 3.64553284645, 4.2492518425, 4.85297060013, 5.44507932663, 6.03718805313, 6.62929677963, 7.22140598297, 7.83673477173, 8.45206356049, 9.03256225586, 9.63628101349, 10.2399997711, 10.8437185287, 11.4474372864, 12.0395460129, 12.6316547394, 13.2237634659, 13.8158731461, 14.4195919037, 15.0233106613, 15.6270294189, 16.2307472229, 16.8344669342, 17.4381847382, 18.0302944183, 18.6224040985, 19.2261219025, 19.8298416138, 20.4219493866, 21.0140590668, 21.6177768707, 22.221496582, 22.825214386, 23.4289340973, 24.0326519012, 24.6363716125, 25.2284793854, 25.8205890656, 26.4243087769, 27.0280265808, 27.6317462921, 28.2354640961, 28.8275737762, 29.4196815491, 30.0234012604, 30.6271190643, 31.2308387756, 31.8345565796, 32.4382743835, 33.0303840637, 33.6224937439, 34.2262115479, 34.8299331665, 35.4336509705, 36.0373687744, 36.6410865784, 37.2331962585, 37.8253059387, 38.4290237427, 39.0327415466, 39.6364631653, 40.2401809692, 40.8438987732, 41.4360084534, 42.0281181335, 42.6202278137, 43.2239456177, 43.8276634216, 44.4313812256]
},
"tonal": {
    "chords_changes_rate": 0.0514403283596,
    "chords_number_rate": 0.00617283955216,
    "chords_strength": {
        "mean": 0.546264231205,
        "var": 0.00447667296976
    },
    "hpcp_entropy": {
        "mean": 2.13911437988,
        "var": 0.4874561131
    },
    "key_strength": 0.765277326107,
    "tuning_diatonic_strength": 0.657626450062,
    "tuning_equal_tempered_deviation": 0.220937386155,
    "tuning_frequency": 434.193115234,
    "tuning_nontempered_energy_ratio": 0.947955965996,
    "hpcp": {
        "mean": [0.279041737318, 0.293582826853, 0.184608086944, 0.175319954753, 0.182572230697, 0.125222548842, 0.0978890508413, 0.0942668840289, 0.106127128005, 0.20392614603, 0.229741960764, 0.134543478489, 0.0890967920423, 0.0821611210704, 0.0850722938776, 0.147106736898, 0.157925456762, 0.0901332125068, 0.0567173436284, 0.0521580502391, 0.0683842077851, 0.11036170274, 0.125067621469, 0.163900390267, 0.342397689819, 0.377680659294, 0.204610779881, 0.105456970632, 0.0723490417004, 0.0872978791595, 0.22994376719, 0.282852977514, 0.151796683669, 0.0729873403907, 0.0774667486548, 0.141849547625],
        "var": [0.0969885960221, 0.0979691967368, 0.05116680637, 0.0625086128712, 0.0786021500826, 0.0422168262303, 0.0342351533473, 0.0327324345708, 0.0352632775903, 0.074106708169, 0.0873863697052, 0.0397377125919, 0.0314263626933, 0.0336069203913, 0.0260091759264, 0.0358751192689, 0.0407449193299, 0.018132455647, 0.0129450401291, 0.013637480326, 0.0222150590271, 0.0356357209384, 0.0435260608792, 0.0464715249836, 0.110548868775, 0.122646853328, 0.063251465559, 0.0384232029319, 0.0227180197835, 0.0251686051488, 0.0897100940347, 0.112683869898, 0.0412614792585, 0.020354423672, 0.0224958714098, 0.0475116148591]
    },
    "chords_histogram": [49.2798347473, 0, 7.20164632797, 0, 6.27572011948, 0, 0, 0, 0, 0, 0, 0, 0, 0, 0, 0, 0, 0, 0, 0, 0, 8.12757205963, 10.3909463882, 18.7242794037],
    "thpcp": [1, 0.541756033897, 0.27922257781, 0.191561415792, 0.231142044067, 0.608831167221, 0.748920977116, 0.401918083429, 0.193251460791, 0.205111771822, 0.375580638647, 0.738829851151, 0.777330875397, 0.488794118166, 0.464201569557, 0.483403712511, 0.331556677818, 0.259184718132, 0.249594151974, 0.280996978283, 0.53994333744, 0.608296871185, 0.356236070395, 0.235905095935, 0.217541247606, 0.225249275565, 0.389500319958, 0.418145477772, 0.238649263978, 0.150172755122, 0.138100937009, 0.181063562632, 0.292209029198, 0.331146478653, 0.433965533972, 0.906579911709],
    "chords_key": "F",
    "chords_scale": "major",
    "key_key": "F",
    "key_scale": "major"
}
}