{
"lowlevel": {
    "average_loudness": 0.242201775312,
    "barkbands_crest": {
        "mean": 17.5520038605,
        "var": 23.2712364197
    },
    "barkbands_flatness_db": {
        "mean": 0.381300568581,
        "var": 0.00460447696969
    },
    "barkbands_kurtosis": {
        "mean": 23.1027832031,
        "var": 2346.82226563
    },
    "barkbands_skewness": {
        "mean": 1.17763459682,
        "var": 7.39979743958
    },
    "barkbands_spread": {
        "mean": 1.8709603548,
        "var": 2.52170443535
    },
    "dissonance": {
        "mean": 0.302033960819,
        "var": 0.0070305117406
    },
    "dynamic_complexity": 6.33833265305,
    "erbbands_crest": {
        "mean": 20.9308948517,
        "var": 30.596704483
    },
    "erbbands_flatness_db": {
        "mean": 0.420652985573,
        "var": 0.00325617543422
    },
    "erbbands_kurtosis": {
        "mean": 14.0254640579,
        "var": 268.097412109
    },
    "erbbands_skewness": {
        "mean": 1.68949759007,
        "var": 2.41362595558
    },
    "erbbands_spread": {
        "mean": 3.56314206123,
        "var": 7.9968495369
    },
    "hfc": {
        "mean": 6.74249315262,
        "var": 175.571609497
    },
    "melbands_crest": {
        "mean": 21.9903392792,
        "var": 35.4319381714
    },
    "melbands_flatness_db": {
        "mean": 0.456479370594,
        "var": 0.00496293371543
    },
    "melbands_kurtosis": {
        "mean": 16.2865123749,
        "var": 241.581802368
    },
    "melbands_skewness": {
        "mean": 0.872548758984,
        "var": 5.02669763565
    },
    "melbands_spread": {
        "mean": 3.2337846756,
        "var": 14.350528717
    },
    "pitch_salience": {
        "mean": 0.401821821928,
        "var": 0.0221866853535
    },
    "silence_rate_20dB": {
        "mean": 1,
        "var": 0
    },
    "silence_rate_30dB": {
        "mean": 0.987126648426,
        "var": 0.012707810849
    },
    "silence_rate_60dB": {
        "mean": 0.435118436813,
        "var": 0.245791912079
    },
    "spectral_centroid": {
        "mean": 619.51348877,
        "var": 73038.0703125
    },
    "spectral_complexity": {
        "mean": 3.81153440475,
        "var": 3.56598091125
    },
    "spectral_decrease": {
        "mean": -2.93936253115e-009,
        "var": 3.1318444346e-017
    },
    "spectral_energy": {
        "mean": 0.0117053678259,
        "var": 0.000495059939567
    },
    "spectral_energyband_high": {
        "mean": 4.63848124355e-007,
        "var": 2.97787402376e-012
    },
    "spectral_energyband_low": {
        "mean": 3.52294700861e-005,
        "var": 8.42145730928e-009
    },
    "spectral_energyband_middle_high": {
        "mean": 0.00178383302409,
        "var": 6.72438181937e-005
    },
    "spectral_energyband_middle_low": {
        "mean": 0.0101668229327,
        "var": 0.000420838739956
    },
    "spectral_entropy": {
        "mean": 5.06562566757,
        "var": 0.359903007746
    },
    "spectral_flux": {
        "mean": 0.019389078021,
        "var": 0.00138733931817
    },
    "spectral_kurtosis": {
        "mean": 67.8452911377,
        "var": 1595.34680176
    },
    "spectral_rms": {
        "mean": 0.00260691298172,
        "var": 4.62389562017e-006
    },
    "spectral_rolloff": {
        "mean": 714.298034668,
        "var": 204341.40625
    },
    "spectral_skewness": {
        "mean": 6.44301557541,
        "var": 3.76527953148
    },
    "spectral_spread": {
        "mean": 1588919,
        "var": 1.54218397696e+012
    },
    "spectral_strongpeak": {
        "mean": 1.60542547703,
        "var": 2.43978524208
    },
    "zerocrossingrate": {
        "mean": 0.0287221018225,
        "var": 0.000169459730387
    },
    "barkbands": {
        "mean": [1.49839877395e-006, 1.74699434865e-005, 8.75993737282e-006, 2.01905422728e-005, 0.000156950452947, 0.00266200839542, 0.0027988681104, 0.00154392363038, 0.00220322492532, 0.00102192163467, 0.000995031674393, 0.000202739232918, 2.69970842055e-005, 2.28002645599e-005, 1.60895160661e-005, 1.93329060494e-006, 3.17402054861e-006, 9.14175871003e-007, 3.33788420903e-007, 1.97175182848e-007, 1.59225464813e-007, 9.37016793046e-008, 4.8105789574e-008, 3.52312667928e-008, 2.89164372447e-008, 1.52051526925e-008, 1.33996824747e-009],
        "var": [2.23417378348e-011, 2.7952453685e-009, 6.34126973154e-010, 6.46224185274e-009, 1.32273532927e-006, 0.000149609259097, 0.000121777637105, 1.86440702237e-005, 8.41834480525e-005, 2.09176741919e-005, 4.43490789621e-005, 8.28368115435e-007, 1.112381387e-008, 7.0755696413e-008, 3.21540305492e-009, 1.14787700178e-010, 2.07957151499e-010, 9.05469275947e-012, 4.34881210903e-012, 7.88378748135e-013, 6.63189663776e-013, 3.96832930015e-013, 1.67732784584e-014, 1.12812803058e-014, 4.75724704584e-015, 1.30542399078e-015, 6.22059383461e-018]
    },
    "erbbands": {
        "mean": [0.000596519501414, 0.00350965047255, 0.00939239189029, 0.0408487059176, 0.154379576445, 0.386354267597, 3.30728149414, 30.7507324219, 41.6618728638, 35.6322174072, 45.2849388123, 49.1952438354, 41.8929672241, 45.0950584412, 11.8458938599, 9.552526474, 2.07129693031, 1.52113234997, 0.636012732983, 0.52912569046, 0.17685110867, 0.126509636641, 0.0672749727964, 0.020475436002, 0.0174793861806, 0.0100364759564, 0.00742396106943, 0.00504348985851, 0.00332149048336, 0.00236687622964, 0.00131304305978, 0.000847271643579, 0.000543572532479, 0.000347091670847, 0.000204289608519, 9.15689815884e-005, 2.73267887678e-005, 4.95196218253e-006, 5.85809857512e-006, 1.33078483486e-005],
        "var": [3.88538774132e-006, 0.000112554589577, 0.000619535858277, 0.0213117152452, 0.575440704823, 5.66057062149, 528.603027344, 21453.1074219, 19917.1445313, 14397.8056641, 25051.0507813, 49934.3085938, 36926.1367188, 79228.0859375, 4030.19360352, 1888.0916748, 33.3576583862, 220.778274536, 6.38366699219, 3.83588624001, 0.536055505276, 0.233126014471, 0.0418844930828, 0.00583957508206, 0.0183532889932, 0.00231469259597, 0.00114090589341, 0.00113673962187, 0.000405541417422, 0.000181959199836, 1.23398449432e-005, 4.71452949569e-006, 2.86347813017e-006, 8.21052367428e-007, 2.06823642657e-007, 5.28887831308e-008, 2.95184787724e-009, 3.08589993836e-011, 1.18056481258e-010, 6.37510433332e-010]
    },
    "gfcc": {
        "mean": [-261.97567749, 156.829849243, -119.133964539, -65.2989044189, -81.2471389771, -1.39153528214, -19.000787735, 6.99067783356, -1.08042728901, 1.98955345154, -6.34797477722, -5.68024635315, -6.17012357712],
        "cov": [[3107.20654297, 744.688293457, -706.710144043, -191.300521851, 567.663696289, -395.529052734, -90.0149536133, -263.320068359, 44.2527618408, -172.616958618, 64.9533843994, -136.374710083, 117.962730408], [744.688293457, 617.883422852, -29.3671569824, -125.82157135, 296.872039795, -227.552047729, -149.70249939, -142.863265991, 69.3667678833, -20.2272853851, 100.648674011, -38.3089790344, 48.7728500366], [-706.710144043, -29.3671569824, 680.632202148, 176.224349976, -288.694763184, 37.0887527466, -47.4426689148, 7.73427200317, -10.890039444, 103.79800415, 49.4145965576, 119.960861206, 8.76945304871], [-191.300521851, -125.82157135, 176.224349976, 343.806732178, -89.8831329346, 80.1043701172, 24.8283596039, 39.3585662842, -58.8612670898, 21.1190643311, -16.1736545563, 39.109954834, -7.31695747375], [567.663696289, 296.872039795, -288.694763184, -89.8831329346, 440.539886475, -20.7262306213, 6.0955581665, -22.506893158, 39.6886024475, -105.583808899, -61.4032783508, -102.501853943, 30.8756465912], [-395.529052734, -227.552047729, 37.0887527466, 80.1043701172, -20.7262306213, 446.232849121, 271.762176514, 162.985565186, -68.2301559448, -101.654602051, -223.914047241, -68.6042098999, -14.949546814], [-90.0149536133, -149.70249939, -47.4426689148, 24.8283596039, 6.0955581665, 271.762176514, 385.580871582, 214.160873413, -31.2145557404, -134.727844238, -205.611602783, -128.664703369, -28.3256549835], [-263.320068359, -142.863265991, 7.73427200317, 39.3585662842, -22.506893158, 162.985565186, 214.160873413, 231.668151855, 49.6883277893, -38.1477928162, -128.763122559, -89.7969589233, -65.7328262329], [44.2527618408, 69.3667678833, -10.890039444, -58.8612670898, 39.6886024475, -68.2301559448, -31.2145557404, 49.6883277893, 184.64414978, 119.60660553, 46.6884994507, -84.2040557861, -89.080657959], [-172.616958618, -20.2272853851, 103.79800415, 21.1190643311, -105.583808899, -101.654602051, -134.727844238, -38.1477928162, 119.60660553, 242.527526855, 172.535583496, 17.3524875641, -101.320281982], [64.9533843994, 100.648674011, 49.4145965576, -16.1736545563, -61.4032783508, -223.914047241, -205.611602783, -128.763122559, 46.6884994507, 172.535583496, 308.033782959, 154.156143188, -19.8575649261], [-136.374710083, -38.3089790344, 119.960861206, 39.109954834, -102.501853943, -68.6042098999, -128.664703369, -89.7969589233, -84.2040557861, 17.3524875641, 154.156143188, 284.653198242, 127.617904663], [117.962730408, 48.7728500366, 8.76945304871, -7.31695747375, 30.8756465912, -14.949546814, -28.3256549835, -65.7328262329, -89.080657959, -101.320281982, -19.8575649261, 127.617904663, 192.794021606]],
        "icov": [[0.000829321448691, -0.00095798104303, 0.000972245412413, -0.000608351372648, 0.000337105477229, 0.000462536816485, -0.000933816132601, 0.00131149252411, -0.000847255170811, 0.000358124932973, 0.000348301109625, -0.000285975664156, -1.86524557648e-005], [-0.00095798104303, 0.00660212803632, -0.00353160803206, 0.00147926004138, -0.0041450439021, 0.000444275821792, 0.00115374696907, 0.000175148932613, -0.000577730708756, 0.00273728277534, -0.00435534399003, 0.00366253498942, -0.00164114113431], [0.000972245412413, -0.00353160803206, 0.00463225413114, -0.00199714256451, 0.00340854423121, -0.000168053520611, -0.00094255694421, 0.00115231447853, -0.0013845176436, -0.00125465879682, 0.00270966324024, -0.00252405181527, 0.00035831463174], [-0.000608351372648, 0.00147926004138, -0.00199714256451, 0.00473102647811, -0.00146031705663, -0.000222467031563, 0.00120565493125, -0.00274412659928, 0.00389535585418, -0.0021261787042, -0.000341841048794, 0.000708916108124, -9.54534261837e-005], [0.000337105477229, -0.0041450439021, 0.00340854423121, -0.00146031705663, 0.00740017928183, -0.0015908338828, 0.000563535722904, 0.000618726946414, -0.0030099931173, 0.00222871033475, 0.000959493394475, -0.000314310949761, -0.000295468169497], [0.000462536816485, 0.000444275821792, -0.000168053520611, -0.000222467031563, -0.0015908338828, 0.0066348630935, -0.00406785402447, 0.00113561586477, 0.00158929021563, -0.00291816075332, 0.00505098281428, -0.00299562257715, 0.0018664766103], [-0.000933816132601, 0.00115374696907, -0.00094255694421, 0.00120565493125, 0.000563535722904, -0.00406785402447, 0.0113998875022, -0.00930033717304, 0.00338982371613, 0.00307739386335, -0.0043460233137, 0.00570315076038, -0.0025728198234], [0.00131149252411, 0.000175148932613, 0.00115231447853, -0.00274412659928, 0.000618726946414, 0.00113561586477, -0.00930033717304, 0.0194066297263, -0.0118193309754, 0.0044909203425, 0.00474519422278, -0.00584408920258, 0.00549208000302], [-0.000847255170811, -0.000577730708756, -0.0013845176436, 0.00389535585418, -0.0030099931173, 0.00158929021563, 0.00338982371613, -0.0118193309754, 0.0213730745018, -0.0128491241485, 0.000287237053271, 0.00444215536118, -0.00183917977847], [0.000358124932973, 0.00273728277534, -0.00125465879682, -0.0021261787042, 0.00222871033475, -0.00291816075332, 0.00307739386335, 0.0044909203425, -0.0128491241485, 0.0225454252213, -0.0110978567973, 0.00391955999658, 0.00263880076818], [0.000348301109625, -0.00435534399003, 0.00270966324024, -0.000341841048794, 0.000959493394475, 0.00505098281428, -0.0043460233137, 0.00474519422278, 0.000287237053271, -0.0110978567973, 0.0212535858154, -0.014897890389, 0.00832079630345], [-0.000285975664156, 0.00366253498942, -0.00252405181527, 0.000708916108124, -0.000314310949761, -0.00299562257715, 0.00570315076038, -0.00584408920258, 0.00444215536118, 0.00391955999658, -0.014897890389, 0.0193312950432, -0.0121646504849], [-1.86524557648e-005, -0.00164114113431, 0.00035831463174, -9.54534261837e-005, -0.000295468169497, 0.0018664766103, -0.0025728198234, 0.00549208000302, -0.00183917977847, 0.00263880076818, 0.00832079630345, -0.0121646504849, 0.01672639139]]
    },
    "melbands": {
        "mean": [5.00247597301e-006, 4.85758346258e-006, 1.01406949398e-005, 1.34189394885e-005, 8.19181150291e-005, 0.000620638777036, 0.000677700038068, 0.000356740201823, 0.000402902602218, 0.00030480400892, 0.000189525584574, 0.000163866847288, 6.80558077875e-005, 2.41328325501e-005, 1.23234422063e-005, 2.84106863546e-006, 2.92856134365e-006, 6.41929261747e-007, 1.5356761196e-006, 1.48296749103e-007, 2.18489759618e-007, 1.6157223115e-007, 7.24972792909e-008, 3.84327876191e-008, 1.43503573469e-008, 1.03396402551e-008, 1.03870938517e-008, 5.72113822983e-009, 5.39545919054e-009, 3.30611116262e-009, 2.74424150071e-009, 1.73382608271e-009, 1.89791138361e-009, 1.07319231279e-009, 7.62118312903e-010, 5.95347104948e-010, 4.80906092726e-010, 3.8704836558e-010, 3.16915410581e-010, 2.74896327923e-010],
        "var": [2.43878917061e-010, 1.6636284017e-010, 1.60265811733e-009, 4.9823976056e-009, 4.03827954187e-007, 8.57069426274e-006, 5.19074956173e-006, 1.30218063532e-006, 2.4817254598e-006, 2.06627964872e-006, 8.73161980053e-007, 1.10083476557e-006, 1.96609192926e-007, 1.23696617393e-008, 2.02676608829e-009, 1.80534934224e-010, 1.11970677175e-009, 1.09148514879e-011, 3.67622599029e-011, 4.43528812852e-013, 1.04739665292e-012, 5.16131950547e-013, 5.27320361313e-014, 2.01214116576e-014, 4.02507303678e-015, 7.44919144408e-015, 3.72784494043e-015, 9.34727009437e-016, 7.8627135642e-016, 2.74848162401e-016, 4.95833129109e-016, 6.63409042133e-017, 3.31485232177e-016, 1.5009935023e-017, 3.43400639861e-018, 2.62545554781e-018, 1.71665164754e-018, 1.58835221222e-018, 9.67518937905e-019, 4.33760950417e-019]
    },
    "mfcc": {
        "mean": [-912.199157715, 194.622589111, 13.571595192, -44.2492790222, -35.8877754211, -21.821516037, -13.7680702209, -1.19413745403, 6.33020687103, 4.86501502991, 7.11139297485, 9.37059688568, 5.73474407196],
        "cov": [[2205.95605469, 897.552368164, -868.858581543, 50.2131080627, 338.84475708, 6.59365463257, -136.341949463, -132.59197998, -115.180847168, -128.585861206, -89.1381759644, -51.7174110413, -92.5122756958], [897.552368164, 645.752075195, -190.114151001, -19.1044616699, 213.058639526, -7.81993913651, -106.835594177, -124.438568115, -95.4470367432, -75.9731063843, -54.5121116638, -9.22902107239, -14.4816970825], [-868.858581543, -190.114151001, 637.041748047, 109.239128113, -129.554077148, -1.68803095818, 33.3432998657, 0.341176599264, -4.32904434204, 22.3223648071, 26.1832695007, 38.8137741089, 67.6602783203], [50.2131080627, -19.1044616699, 109.239128113, 242.511367798, 61.8122024536, -27.7621440887, -17.9590587616, -30.0702533722, -47.0642471313, -41.6710586548, 0.661265552044, 40.6316452026, 38.0736579895], [338.84475708, 213.058639526, -129.554077148, 61.8122024536, 245.876083374, 43.5069465637, -84.5406112671, -86.9850769043, -71.4545516968, -65.3092422485, -28.8724594116, 24.1599216461, 16.9273872375], [6.59365463257, -7.81993913651, -1.68803095818, -27.7621440887, 43.5069465637, 152.562683105, 79.8482971191, 27.1600952148, 41.0369949341, 21.5420970917, -26.0779342651, -50.792263031, -40.4005088806], [-136.341949463, -106.835594177, 33.3432998657, -17.9590587616, -84.5406112671, 79.8482971191, 218.209487915, 199.702072144, 148.375915527, 73.9075622559, -43.7592430115, -120.259483337, -94.5980987549], [-132.59197998, -124.438568115, 0.341176599264, -30.0702533722, -86.9850769043, 27.1600952148, 199.702072144, 317.3777771, 258.291015625, 91.254196167, -60.3190078735, -171.051635742, -160.285461426], [-115.180847168, -95.4470367432, -4.32904434204, -47.0642471313, -71.4545516968, 41.0369949341, 148.375915527, 258.291015625, 317.700927734, 186.738311768, -14.5998649597, -154.903610229, -181.101348877], [-128.585861206, -75.9731063843, 22.3223648071, -41.6710586548, -65.3092422485, 21.5420970917, 73.9075622559, 91.254196167, 186.738311768, 253.124145508, 139.225402832, -12.4637413025, -79.7312545776], [-89.1381759644, -54.5121116638, 26.1832695007, 0.661265552044, -28.8724594116, -26.0779342651, -43.7592430115, -60.3190078735, -14.5998649597, 139.225402832, 253.223907471, 216.557525635, 74.7775344849], [-51.7174110413, -9.22902107239, 38.8137741089, 40.6316452026, 24.1599216461, -50.792263031, -120.259483337, -171.051635742, -154.903610229, -12.4637413025, 216.557525635, 370.135650635, 233.351516724], [-92.5122756958, -14.4816970825, 67.6602783203, 38.0736579895, 16.9273872375, -40.4005088806, -94.5980987549, -160.285461426, -181.101348877, -79.7312545776, 74.7775344849, 233.351516724, 281.581085205]],
        "icov": [[0.0334630422294, -0.046464368701, 0.0473549701273, -0.0472424030304, 0.0454648472369, -0.043922752142, 0.0414933748543, -0.036418184638, 0.0308162067086, -0.0252837520093, 0.0197862684727, -0.0106951110065, 0.00405705394223], [-0.046464368701, 0.0671973153949, -0.0657749250531, 0.066802509129, -0.0661650896072, 0.0631959065795, -0.0596255362034, 0.0530176348984, -0.0439185872674, 0.0360385254025, -0.0277729891241, 0.0151366144419, -0.00505534978583], [0.0473549701273, -0.0657749250531, 0.0693540498614, -0.0686300694942, 0.0666883140802, -0.06398948282, 0.0605116859078, -0.0529855042696, 0.0451538152993, -0.0377620048821, 0.0297268535942, -0.0158845912665, 0.00538630457595], [-0.0472424030304, 0.066802509129, -0.0686300694942, 0.0737479925156, -0.0697748810053, 0.067629173398, -0.0649827569723, 0.0569996088743, -0.0483782030642, 0.0413419604301, -0.0323804691434, 0.0171498507261, -0.00607574684545], [0.0454648472369, -0.0661650896072, 0.0666883140802, -0.0697748810053, 0.0756648108363, -0.0710138604045, 0.0699036642909, -0.0608704313636, 0.0521684512496, -0.0444758683443, 0.036737088114, -0.0203995779157, 0.0071504698135], [-0.043922752142, 0.0631959065795, -0.06398948282, 0.067629173398, -0.0710138604045, 0.0789441540837, -0.0770810693502, 0.0700696110725, -0.0600894317031, 0.0512007176876, -0.0408768728375, 0.0227663703263, -0.00752376066521], [0.0414933748543, -0.0596255362034, 0.0605116859078, -0.0649827569723, 0.0699036642909, -0.0770810693502, 0.0920213907957, -0.0859401151538, 0.0744108408689, -0.0670765414834, 0.0541450791061, -0.0290003400296, 0.0100646112114], [-0.036418184638, 0.0530176348984, -0.0529855042696, 0.0569996088743, -0.0608704313636, 0.0700696110725, -0.0859401151538, 0.0972042456269, -0.0899860486388, 0.0784790739417, -0.0626967176795, 0.0357999131083, -0.0127126779407], [0.0308162067086, -0.0439185872674, 0.0451538152993, -0.0483782030642, 0.0521684512496, -0.0600894317031, 0.0744108408689, -0.0899860486388, 0.0983610749245, -0.0881171301007, 0.0712387412786, -0.0403720811009, 0.0184248555452], [-0.0252837520093, 0.0360385254025, -0.0377620048821, 0.0413419604301, -0.0444758683443, 0.0512007176876, -0.0670765414834, 0.0784790739417, -0.0881171301007, 0.0930907651782, -0.0795353353024, 0.0447623692453, -0.0170994158834], [0.0197862684727, -0.0277729891241, 0.0297268535942, -0.0323804691434, 0.036737088114, -0.0408768728375, 0.0541450791061, -0.0626967176795, 0.0712387412786, -0.0795353353024, 0.0802003145218, -0.048709794879, 0.0191008280963], [-0.0106951110065, 0.0151366144419, -0.0158845912665, 0.0171498507261, -0.0203995779157, 0.0227663703263, -0.0290003400296, 0.0357999131083, -0.0403720811009, 0.0447623692453, -0.048709794879, 0.0366929061711, -0.0168723668903], [0.00405705394223, -0.00505534978583, 0.00538630457595, -0.00607574684545, 0.0071504698135, -0.00752376066521, 0.0100646112114, -0.0127126779407, 0.0184248555452, -0.0170994158834, 0.0191008280963, -0.0168723668903, 0.0147052668035]]
    },
    "spectral_contrast_coeffs": {
        "mean": [-0.737158119678, -0.609163343906, -0.640997171402, -0.736406266689, -0.820993125439, -0.844648718834],
        "var": [0.00547913881019, 0.0139657817781, 0.00901358760893, 0.00530334329233, 0.00535971624777, 0.000621150422376]
    },
    "spectral_contrast_valleys": {
        "mean": [-9.97171783447, -8.12324523926, -9.2933216095, -10.9206151962, -11.548787117, -13.4437494278],
        "var": [0.687274098396, 0.646159350872, 0.618008196354, 0.560418844223, 0.546442329884, 0.261020511389]
    }
},
"metadata": {
    "audio_properties": {
        "analysis_sample_rate": 44100,
        "bit_rate": 128074,
        "equal_loudness": 0,
        "length": 45.0612258911,
        "lossless": 0,
        "replay_gain": -3.41379737854,
        "sample_rate": 44100,
        "codec": "mp3",
        "downmix": "mix",
        "md5_encoded": "9ea04db3ca7d5f641a61ffb3a851903a"
    },
    "tags": {
        "file_name": "1429.mp3"
    },
    "version": {
        "essentia": "2.1-beta2",
        "essentia_git_sha": "v2.1_beta2",
        "extractor": "music 1.0"
    }
},
"rhythm": {
    "beats_count": 96,
    "beats_loudness": {
        "mean": 0.0210555586964,
        "var": 0.00117559824139
    },
    "bpm": 135.768447876,
    "bpm_histogram_first_peak_bpm": {
        "mean": 136,
        "var": 0
    },
    "bpm_histogram_first_peak_spread": {
        "mean": 0.552631556988,
        "var": 0
    },
    "bpm_histogram_first_peak_weight": {
        "mean": 0.178947374225,
        "var": 0
    },
    "bpm_histogram_second_peak_bpm": {
        "mean": 123,
        "var": 0
    },
    "bpm_histogram_second_peak_spread": {
        "mean": 0.399999976158,
        "var": 0
    },
    "bpm_histogram_second_peak_weight": {
        "mean": 0.0947368443012,
        "var": 0
    },
    "danceability": 1.02897465229,
    "onset_rate": 1.04255533218,
    "beats_loudness_band_ratio": {
        "mean": [0.0132632786408, 0.154083311558, 0.678602457047, 0.20341168344, 0.00221744342707, 0.000184328280739],
        "var": [0.00075210002251, 0.081619553268, 0.0951837226748, 0.0698276162148, 1.50628411575e-005, 9.20062177556e-008]
    },
    "beats_position": [0.394739210606, 0.789478421211, 1.20743763447, 1.64861679077, 2.08979582787, 2.53097510338, 2.97215414047, 3.41333317757, 3.85451245308, 4.28408145905, 4.71365070343, 5.15482997894, 5.61922883987, 6.10684776306, 6.59446716309, 7.08208608627, 7.59292507172, 8.10376358032, 8.6146030426, 9.07900238037, 9.52018165588, 9.96135997772, 10.3909292221, 10.8204984665, 11.2500677109, 11.6796369553, 12.1208162308, 12.5503854752, 13.0031747818, 13.4559631348, 13.9203624725, 14.3847618103, 14.8607711792, 15.3251695633, 15.7663488388, 16.1959171295, 16.6138763428, 17.031835556, 17.4497947693, 17.8909740448, 18.3205432892, 18.7617225647, 19.2029018402, 19.6440811157, 20.0968704224, 20.549659729, 21.0140590668, 21.4668483734, 21.9196376801, 22.4769153595, 23.0341949463, 23.5914726257, 24.1603622437, 24.7292518616, 25.286529541, 25.8670291901, 26.435918808, 27.0048065186, 27.5853061676, 28.1658039093, 28.6766433716, 29.199092865, 29.7099323273, 30.1975498199, 30.68516922, 31.1843986511, 31.6720180511, 32.1596374512, 32.6472549438, 33.1348762512, 33.5992736816, 34.0752830505, 34.5512924194, 35.0273017883, 35.5033111572, 35.9096603394, 36.3276176453, 36.7339668274, 37.1287078857, 37.5350570679, 37.94140625, 38.3477554321, 38.7541046143, 39.1604537964, 39.55519104, 39.9615402222, 40.4143295288, 40.8671188354, 41.3199081421, 41.7726974487, 42.2254867554, 42.678276062, 43.0962333679, 43.5141944885, 43.9553718567, 44.3965530396]
},
"tonal": {
    "chords_changes_rate": 0.0442386828363,
    "chords_number_rate": 0.0113168722019,
    "chords_strength": {
        "mean": 0.448448032141,
        "var": 0.00811304338276
    },
    "hpcp_entropy": {
        "mean": 1.36492145061,
        "var": 0.431250870228
    },
    "key_strength": 0.667983472347,
    "tuning_diatonic_strength": 0.372458338737,
    "tuning_equal_tempered_deviation": 0.0329426415265,
    "tuning_frequency": 437.465789795,
    "tuning_nontempered_energy_ratio": 0.608282923698,
    "hpcp": {
        "mean": [0.156172707677, 0.105129055679, 0.140914663672, 0.320653527975, 0.191411659122, 0.0064881532453, 0.0020462910179, 0.00178848195355, 0.0721698850393, 0.160946696997, 0.0917591005564, 0.00687924632803, 0.0110048120841, 0.00906346086413, 0.104502730072, 0.205594211817, 0.106367602944, 0.0639838799834, 0.157173782587, 0.0993543714285, 0.0124139264226, 0.0219834838063, 0.0149203594774, 0.039622168988, 0.0967666357756, 0.0615881606936, 0.0662704482675, 0.128944888711, 0.0716943070292, 0.119842633605, 0.224050194025, 0.113625459373, 0.00477524707094, 0.00279426760972, 0.00292473775335, 0.0590568818152],
        "var": [0.0876125618815, 0.0423228368163, 0.0342545174062, 0.182764977217, 0.0673464387655, 0.000410474080127, 7.59689646657e-005, 0.000158343173098, 0.0202861633152, 0.0967480689287, 0.031710036099, 0.000867420691065, 0.00352307781577, 0.00154740095604, 0.0378874354064, 0.139782637358, 0.0372360162437, 0.0171837937087, 0.103382796049, 0.0419911295176, 0.00284254155122, 0.0176477972418, 0.00806423835456, 0.00993518345058, 0.0643751472235, 0.0264668799937, 0.0218367446214, 0.0874122530222, 0.0276785250753, 0.0428882278502, 0.144200444221, 0.0380531139672, 0.000643158447929, 8.27179173939e-005, 0.000270169752184, 0.0125393066555]
    },
    "chords_histogram": [19.1358032227, 5.96707820892, 0.823045253754, 17.1810703278, 0.925925910473, 0, 0, 10.6995887756, 0, 1.95473253727, 9.15637874603, 2.05761313438, 0, 0, 0, 0, 8.53909492493, 2.57201647758, 0.823045253754, 0, 0, 0.617283940315, 1.23456788063, 18.3127574921],
    "thpcp": [1, 0.596942305565, 0.0202341545373, 0.00638162624091, 0.00557761499658, 0.225071236491, 0.501933336258, 0.286162763834, 0.0214538294822, 0.034319948405, 0.0282655898482, 0.325905442238, 0.641172468662, 0.331721305847, 0.199542105198, 0.490167021751, 0.309849619865, 0.038714453578, 0.0685583725572, 0.0465310923755, 0.123566918075, 0.301779419184, 0.192070737481, 0.206673070788, 0.402131527662, 0.223588079214, 0.373744934797, 0.698729872704, 0.354355871677, 0.0148922326043, 0.00871428940445, 0.00912117771804, 0.184176623821, 0.487045019865, 0.327858716249, 0.439460813999],
    "chords_key": "G",
    "chords_scale": "minor",
    "key_key": "G",
    "key_scale": "minor"
}
}