{
"lowlevel": {
    "average_loudness": 0.62768226862,
    "barkbands_crest": {
        "mean": 11.8678817749,
        "var": 22.7310161591
    },
    "barkbands_flatness_db": {
        "mean": 0.277662932873,
        "var": 0.00255297799595
    },
    "barkbands_kurtosis": {
        "mean": 6.54160833359,
        "var": 165.088348389
    },
    "barkbands_skewness": {
        "mean": 2.01702904701,
        "var": 1.32608282566
    },
    "barkbands_spread": {
        "mean": 9.75453090668,
        "var": 27.2747268677
    },
    "dissonance": {
        "mean": 0.412967532873,
        "var": 0.00245013670065
    },
    "dynamic_complexity": 5.67552280426,
    "erbbands_crest": {
        "mean": 11.1291599274,
        "var": 32.044090271
    },
    "erbbands_flatness_db": {
        "mean": 0.311242371798,
        "var": 0.00209154793993
    },
    "erbbands_kurtosis": {
        "mean": 0.956049025059,
        "var": 37.0337524414
    },
    "erbbands_skewness": {
        "mean": 0.751554310322,
        "var": 1.09764957428
    },
    "erbbands_spread": {
        "mean": 26.1418571472,
        "var": 125.061103821
    },
    "hfc": {
        "mean": 9.76205730438,
        "var": 138.727935791
    },
    "melbands_crest": {
        "mean": 16.0612163544,
        "var": 38.3904342651
    },
    "melbands_flatness_db": {
        "mean": 0.343340337276,
        "var": 0.00366141204722
    },
    "melbands_kurtosis": {
        "mean": 12.4252634048,
        "var": 404.118408203
    },
    "melbands_skewness": {
        "mean": 2.57843375206,
        "var": 1.91951751709
    },
    "melbands_spread": {
        "mean": 11.9007406235,
        "var": 67.6888656616
    },
    "pitch_salience": {
        "mean": 0.51765358448,
        "var": 0.0168044734746
    },
    "silence_rate_20dB": {
        "mean": 1,
        "var": 0
    },
    "silence_rate_30dB": {
        "mean": 0.996910393238,
        "var": 0.00308004580438
    },
    "silence_rate_60dB": {
        "mean": 0.280123591423,
        "var": 0.201650872827
    },
    "spectral_centroid": {
        "mean": 776.274230957,
        "var": 246354.71875
    },
    "spectral_complexity": {
        "mean": 12.4644699097,
        "var": 77.2477645874
    },
    "spectral_decrease": {
        "mean": -4.5268975235e-009,
        "var": 2.35626202517e-017
    },
    "spectral_energy": {
        "mean": 0.0179710071534,
        "var": 0.000374166382244
    },
    "spectral_energyband_high": {
        "mean": 3.89067936339e-005,
        "var": 1.76136172314e-008
    },
    "spectral_energyband_low": {
        "mean": 0.0024116365239,
        "var": 1.6229441826e-005
    },
    "spectral_energyband_middle_high": {
        "mean": 0.00230524246581,
        "var": 1.01739833553e-005
    },
    "spectral_energyband_middle_low": {
        "mean": 0.0146540561691,
        "var": 0.000244091992499
    },
    "spectral_entropy": {
        "mean": 6.38730573654,
        "var": 0.33044731617
    },
    "spectral_flux": {
        "mean": 0.0355181284249,
        "var": 0.00114004372153
    },
    "spectral_kurtosis": {
        "mean": 18.3176898956,
        "var": 227.949234009
    },
    "spectral_rms": {
        "mean": 0.00352078233846,
        "var": 5.13677423442e-006
    },
    "spectral_rolloff": {
        "mean": 796.205566406,
        "var": 664190.25
    },
    "spectral_skewness": {
        "mean": 2.36498403549,
        "var": 1.59755420685
    },
    "spectral_spread": {
        "mean": 1886543.375,
        "var": 2.580840448e+012
    },
    "spectral_strongpeak": {
        "mean": 0.903672456741,
        "var": 0.577951431274
    },
    "zerocrossingrate": {
        "mean": 0.0330847017467,
        "var": 0.000423805293394
    },
    "barkbands": {
        "mean": [5.61044453207e-006, 8.25320748845e-005, 0.000913789903279, 0.00195995834656, 0.00360229145736, 0.0031583996024, 0.00383934308775, 0.00136419932824, 0.000659945246298, 0.000220111294766, 0.000190476421267, 0.000283727247734, 0.00026880344376, 0.000216382308281, 0.000270031188847, 0.00030500171124, 0.000204211115488, 0.000216144660953, 0.00014743868087, 3.81403733627e-005, 1.92259012692e-005, 3.67703910342e-006, 1.3954544329e-006, 1.61935574283e-007, 1.36701041598e-008, 1.15691944913e-009, 1.01490071902e-009],
        "var": [5.96257265784e-010, 1.19508257512e-007, 2.66697475126e-006, 1.10847568067e-005, 3.51507151208e-005, 3.0617826269e-005, 3.43002066074e-005, 9.85008864518e-006, 1.67432187936e-006, 1.11528962066e-007, 8.85196485001e-008, 3.27499890318e-007, 1.63023486266e-007, 2.19639701982e-007, 1.87173085919e-007, 3.06956764007e-007, 2.60339788838e-007, 1.78121595695e-007, 1.72211997551e-007, 1.24491217335e-008, 5.58088730784e-009, 1.79626202801e-010, 4.24604795768e-011, 1.97844019813e-012, 1.06601806917e-014, 1.19320062207e-016, 2.75044650884e-017]
    },
    "erbbands": {
        "mean": [0.000742627715226, 0.037097197026, 0.746912717819, 5.12629747391, 8.17333602905, 14.1237440109, 13.0391149521, 26.2416915894, 60.5069999695, 32.2045402527, 35.6468429565, 13.741686821, 10.0160255432, 9.69233131409, 6.22713327408, 13.947681427, 12.9327583313, 13.6372156143, 13.29383564, 14.8540296555, 16.8359680176, 9.7285900116, 10.2612085342, 9.57780456543, 5.81079626083, 1.98800504208, 0.977718234062, 0.629362404346, 0.154367357492, 0.0764636173844, 0.0275151301175, 0.00848380103707, 0.000964844308328, 0.000314359524054, 4.19190000684e-005, 1.63379154401e-005, 8.47410774441e-006, 2.34013714362e-006, 9.08024230739e-006, 2.05183168873e-005],
        "var": [6.15601084064e-006, 0.015059189871, 2.08814406395, 73.4632644653, 152.085220337, 718.45916748, 421.449859619, 2309.88818359, 8421.13769531, 3377.50854492, 4766.90576172, 488.565032959, 456.996063232, 153.466201782, 104.084571838, 817.504882813, 380.723602295, 496.145446777, 631.452758789, 576.142883301, 829.965515137, 400.121307373, 330.021911621, 463.225616455, 310.738128662, 33.4828033447, 9.90515518188, 8.22743415833, 0.299804538488, 0.131215453148, 0.0195683315396, 0.00387978623621, 5.13116865477e-005, 4.80313110529e-006, 4.71722785278e-008, 2.12364437147e-009, 5.05797959072e-010, 5.52732894177e-011, 9.8690861039e-011, 4.95110508147e-010]
    },
    "gfcc": {
        "mean": [-170.620285034, 199.911682129, -182.21711731, -2.85448026657, -33.7256317139, -53.2636871338, -29.7744255066, -25.2148456573, -14.3730163574, -17.6905422211, -9.08220100403, -18.5008144379, -12.772064209],
        "cov": [[13658.6464844, 1084.93945313, -1317.65209961, 2325.75756836, -408.426940918, -765.507385254, 791.118469238, -1190.43615723, 287.863586426, -443.427062988, -74.1173629761, -100.905288696, -219.975112915], [1084.93945313, 742.966064453, 52.2195472717, 126.2186203, 334.997253418, -145.674026489, 112.024681091, -134.640960693, -145.997924805, -123.823196411, -46.5078125, -59.9561500549, -68.3737030029], [-1317.65209961, 52.2195472717, 441.083099365, -100.338562012, 137.694564819, 132.86114502, -109.459793091, 124.777648926, -37.8987808228, 14.3648281097, 4.21112537384, -9.47665596008, -10.889509201], [2325.75756836, 126.2186203, -100.338562012, 716.058044434, -3.82398319244, -43.1689453125, 185.573562622, -198.050125122, 22.7840900421, -136.405822754, -16.7282485962, -43.1892738342, -58.0799942017], [-408.426940918, 334.997253418, 137.694564819, -3.82398319244, 386.565948486, 32.3189697266, 14.6438388824, 35.5360374451, -146.914794922, -72.2997970581, -33.4743118286, -41.9297103882, -31.9342136383], [-765.507385254, -145.674026489, 132.86114502, -43.1689453125, 32.3189697266, 274.973907471, -61.7083930969, 80.3503494263, -32.9688224792, -15.2000188828, 16.3399982452, 2.55358123779, 21.0676498413], [791.118469238, 112.024681091, -109.459793091, 185.573562622, 14.6438388824, -61.7083930969, 200.966156006, -42.7642250061, 10.6979827881, -16.0852928162, -13.7465686798, -26.058795929, -27.0000724792], [-1190.43615723, -134.640960693, 124.777648926, -198.050125122, 35.5360374451, 80.3503494263, -42.7642250061, 215.495681763, 26.7236022949, 67.6298599243, 12.6014480591, -10.3485717773, 13.3546581268], [287.863586426, -145.997924805, -37.8987808228, 22.7840900421, -146.914794922, -32.9688224792, 10.6979827881, 26.7236022949, 188.253173828, 76.290687561, 9.2732591629, 21.4057407379, -0.398517102003], [-443.427062988, -123.823196411, 14.3648281097, -136.405822754, -72.2997970581, -15.2000188828, -16.0852928162, 67.6298599243, 76.290687561, 120.410186768, 25.8569889069, 19.02983284, 15.4911317825], [-74.1173629761, -46.5078125, 4.21112537384, -16.7282485962, -33.4743118286, 16.3399982452, -13.7465686798, 12.6014480591, 9.2732591629, 25.8569889069, 60.8073501587, 30.2267398834, 12.8747329712], [-100.905288696, -59.9561500549, -9.47665596008, -43.1892738342, -41.9297103882, 2.55358123779, -26.058795929, -10.3485717773, 21.4057407379, 19.02983284, 30.2267398834, 97.4557800293, 35.1491546631], [-219.975112915, -68.3737030029, -10.889509201, -58.0799942017, -31.9342136383, 21.0676498413, -27.0000724792, 13.3546581268, -0.398517102003, 15.4911317825, 12.8747329712, 35.1491546631, 71.257774353]],
        "icov": [[0.000686714542098, -0.00150555837899, 0.0014780604979, -0.0017681265017, 0.00102193711791, -0.000163372940733, 0.000623281579465, 0.000585702364333, -0.000954409653787, -0.000255299528362, -7.77439927333e-005, 5.44368522242e-005, 0.000130056971102], [-0.00150555837899, 0.00829969160259, -0.00498860375956, 0.00549812288955, -0.00620362535119, 0.00287576601841, -0.00423464877531, 0.00276004220359, 0.000908580143005, 0.00392793025821, -0.00192404375412, 0.00153676676564, 2.36254418269e-005], [0.0014780604979, -0.00498860375956, 0.00774014415219, -0.00515986932442, 0.00233101006597, -0.00226013269275, 0.00464522326365, -0.00184428936336, -0.00115673965774, -0.00322505016811, 0.00105327961501, -0.000967506202869, 0.00155350461137], [-0.0017681265017, 0.00549812288955, -0.00515986932442, 0.00873782485723, -0.00393828656524, 0.000813615915831, -0.00537594268098, 0.00240579526871, -0.000603700871579, 0.00599520187825, -0.00264189532027, 0.00183354015462, -7.64217693359e-005], [0.00102193711791, -0.00620362535119, 0.00233101006597, -0.00393828656524, 0.00956667773426, -0.00172465748619, 0.00217288336717, -0.00384655385278, 0.00294046499766, -0.00182699994184, 0.00316097936593, -0.00170891324524, 0.00137534784153], [-0.000163372940733, 0.00287576601841, -0.00226013269275, 0.000813615915831, -0.00172465748619, 0.00649081310257, -0.000803657923825, -0.000285150919808, 0.000315407494782, 0.00367700634524, -0.0022537088953, 0.00093619863037, -0.00122241559438], [0.000623281579465, -0.00423464877531, 0.00464522326365, -0.00537594268098, 0.00217288336717, -0.000803657923825, 0.0110244546086, -0.00343423336744, 0.000846450682729, -0.00522382929921, 0.0025384912733, -0.000766807061154, 0.00128115771804], [0.000585702364333, 0.00276004220359, -0.00184428936336, 0.00240579526871, -0.00384655385278, -0.000285150919808, -0.00343423336744, 0.0138451699167, -0.00484109809622, 0.000633554707747, -0.00363435572945, 0.00458436319605, -0.0011695669964], [-0.000954409653787, 0.000908580143005, -0.00115673965774, -0.000603700871579, 0.00294046499766, 0.000315407494782, 0.000846450682729, -0.00484109809622, 0.0137076051906, -0.0079326396808, 0.00475793052465, -0.0036642702762, 0.00245820940472], [-0.000255299528362, 0.00392793025821, -0.00322505016811, 0.00599520187825, -0.00182699994184, 0.00367700634524, -0.00522382929921, 0.000633554707747, -0.0079326396808, 0.0235323291272, -0.00851721689105, 0.00263104541227, -0.00154861039482], [-7.77439927333e-005, -0.00192404375412, 0.00105327961501, -0.00264189532027, 0.00316097936593, -0.0022537088953, 0.0025384912733, -0.00363435572945, 0.00475793052465, -0.00851721689105, 0.0243737697601, -0.00793614983559, 0.00103640730958], [5.44368522242e-005, 0.00153676676564, -0.000967506202869, 0.00183354015462, -0.00170891324524, 0.00093619863037, -0.000766807061154, 0.00458436319605, -0.0036642702762, 0.00263104541227, -0.00793614983559, 0.016622196883, -0.00656090863049], [0.000130056971102, 2.36254418269e-005, 0.00155350461137, -7.64217693359e-005, 0.00137534784153, -0.00122241559438, 0.00128115771804, -0.0011695669964, 0.00245820940472, -0.00154861039482, 0.00103640730958, -0.00656090863049, 0.0197146758437]]
    },
    "melbands": {
        "mean": [1.28483652588e-005, 0.000262904184638, 0.000849131960422, 0.0009177455795, 0.000431373220636, 0.000617353827693, 0.000938199926168, 0.000308823480736, 0.000275497557595, 7.95227970229e-005, 4.84883130412e-005, 3.79274169973e-005, 2.23978458962e-005, 2.98467457469e-005, 2.76690316241e-005, 3.18209495163e-005, 2.35436182265e-005, 1.83862393897e-005, 2.05208161788e-005, 2.01021484827e-005, 2.0260882593e-005, 1.09160773718e-005, 8.06536172604e-006, 1.08811827886e-005, 7.72388375481e-006, 4.46355670647e-006, 2.85421879198e-006, 9.96749008664e-007, 6.70754729981e-007, 4.74518230931e-007, 2.84907457626e-007, 9.27807519702e-008, 3.93453802872e-008, 4.32453717281e-008, 1.58849964293e-008, 1.01675805553e-008, 2.75851519405e-009, 5.26533039391e-010, 3.94371590939e-010, 1.7479293013e-010],
        "var": [2.89015900101e-009, 2.82641281046e-007, 1.65550147813e-006, 2.64764889835e-006, 4.08676044117e-007, 1.3581687881e-006, 1.96301925826e-006, 3.56520928335e-007, 2.78588544234e-007, 2.15412541138e-008, 1.17413847533e-008, 2.58336196879e-009, 1.43820222398e-009, 3.88705645449e-009, 1.94570159984e-009, 2.53637066905e-009, 1.82585002673e-009, 1.76737835478e-009, 1.07427333695e-009, 1.22833632155e-009, 1.41463452064e-009, 7.85878973009e-010, 2.46950959681e-010, 5.12072217962e-010, 3.24302917853e-010, 2.28336793917e-010, 6.98907876018e-011, 9.32495140132e-012, 4.62419122091e-012, 4.69825957652e-012, 1.40472529442e-012, 1.06862218727e-013, 3.12142686373e-014, 4.54895080209e-014, 6.40218799402e-015, 5.94840025693e-015, 4.45370135425e-016, 1.81000766507e-017, 9.57794912817e-018, 2.37205621178e-018]
    },
    "mfcc": {
        "mean": [-776.82232666, 196.191497803, -54.7291030884, 18.6869087219, -0.547467768192, -22.6700000763, -17.0620803833, -17.1868114471, -15.3292427063, -9.41013622284, -6.59395551682, -7.60830020905, -5.66061687469],
        "cov": [[10485.9169922, 2038.25415039, -2013.15124512, 2520.53613281, -817.908447266, 297.635772705, 93.6434249878, -194.41696167, -210.607513428, -270.403076172, -39.5248184204, -205.825744629, -258.708709717], [2038.25415039, 1030.33007813, -381.942016602, 420.568939209, 96.3112258911, -71.1061477661, 161.881637573, -42.7407569885, -110.811004639, -95.2232131958, -35.1522483826, -125.63394165, -143.323852539], [-2013.15124512, -381.942016602, 612.391662598, -421.808197021, 181.946289063, 22.7099514008, -37.5766372681, 77.4752807617, 28.7357788086, 72.7247467041, 14.5736446381, 27.5846309662, 54.4224815369], [2520.53613281, 420.568939209, -421.808197021, 807.540771484, -165.923782349, 85.083442688, 64.256072998, -24.7206497192, -29.5474033356, -38.0403594971, 2.24344325066, -48.9244918823, -38.7085952759], [-817.908447266, 96.3112258911, 181.946289063, -165.923782349, 353.842773438, -11.9485034943, 91.7533416748, 81.7291030884, -34.9436531067, 10.1078634262, -37.1031951904, -52.223575592, -46.3171005249], [297.635772705, -71.1061477661, 22.7099514008, 85.083442688, -11.9485034943, 197.264175415, 12.2711076736, 47.0497665405, 6.8293056488, -11.6622972488, 3.92610812187, -24.0635986328, -14.2910327911], [93.6434249878, 161.881637573, -37.5766372681, 64.256072998, 91.7533416748, 12.2711076736, 223.507263184, 61.6827507019, -29.7468013763, 22.1123180389, -20.8387870789, -56.5989456177, -52.779800415], [-194.41696167, -42.7407569885, 77.4752807617, -24.7206497192, 81.7291030884, 47.0497665405, 61.6827507019, 121.926025391, 11.070142746, 3.51246166229, -1.16685140133, -19.358757019, -9.87910747528], [-210.607513428, -110.811004639, 28.7357788086, -29.5474033356, -34.9436531067, 6.8293056488, -29.7468013763, 11.070142746, 106.414474487, 46.4045295715, 30.0062294006, 48.0308952332, 33.6224250793], [-270.403076172, -95.2232131958, 72.7247467041, -38.0403594971, 10.1078634262, -11.6622972488, 22.1123180389, 3.51246166229, 46.4045295715, 128.631454468, 28.4830608368, 28.8598918915, 32.0600700378], [-39.5248184204, -35.1522483826, 14.5736446381, 2.24344325066, -37.1031951904, 3.92610812187, -20.8387870789, -1.16685140133, 30.0062294006, 28.4830608368, 86.8040390015, 60.737121582, 28.8066635132], [-205.825744629, -125.63394165, 27.5846309662, -48.9244918823, -52.223575592, -24.0635986328, -56.5989456177, -19.358757019, 48.0308952332, 28.8598918915, 60.737121582, 142.592315674, 87.5591964722], [-258.708709717, -143.323852539, 54.4224815369, -38.7085952759, -46.3171005249, -14.2910327911, -52.779800415, -9.87910747528, 33.6224250793, 32.0600700378, 28.8066635132, 87.5591964722, 123.638938904]],
        "icov": [[0.00574165675789, -0.00754261389375, 0.00789993815124, -0.00840648077428, 0.00805739685893, -0.00803333707154, 0.00785876531154, -0.00743264798075, 0.00757072772831, -0.00687214825302, 0.00603894144297, -0.00530479615554, 0.00408517569304], [-0.00754261389375, 0.0122557729483, -0.00965964142233, 0.010063605383, -0.0119932834059, 0.0116477236152, -0.0112836705521, 0.0110579933971, -0.00966021232307, 0.0102341268212, -0.00926587171853, 0.00781653635204, -0.00465618958697], [0.00789993815124, -0.00965964142233, 0.0146709783003, -0.0103358048946, 0.00949475727975, -0.0117210634053, 0.0116287767887, -0.011202191934, 0.011077484116, -0.0107094570994, 0.00735151069239, -0.00631617102772, 0.00443493714556], [-0.00840648077428, 0.010063605383, -0.0103358048946, 0.0149989677593, -0.0107943248004, 0.010266341269, -0.0114634558558, 0.0101819494739, -0.0107387369499, 0.00923409499228, -0.0089064752683, 0.00823647528887, -0.00684798881412], [0.00805739685893, -0.0119932834059, 0.00949475727975, -0.0107943248004, 0.01704281196, -0.0111015522853, 0.0104745691642, -0.0134421493858, 0.0118052596226, -0.0107367532328, 0.0105994129553, -0.00833197496831, 0.00690163485706], [-0.00803333707154, 0.0116477236152, -0.0117210634053, 0.010266341269, -0.0111015522853, 0.0182690732181, -0.0111527889967, 0.00843903142959, -0.0110648758709, 0.0109964497387, -0.00972030870616, 0.00885200221092, -0.00491411378607], [0.00785876531154, -0.0112836705521, 0.0116287767887, -0.0114634558558, 0.0104745691642, -0.0111527889967, 0.0185703895986, -0.0145009122789, 0.0124826962128, -0.0131233409047, 0.00934416241944, -0.00727999722585, 0.00704677728936], [-0.00743264798075, 0.0110579933971, -0.011202191934, 0.0101819494739, -0.0134421493858, 0.00843903142959, -0.0145009122789, 0.0241714455187, -0.0133626861498, 0.0122179035097, -0.0101285213605, 0.00904358178377, -0.00651331385598], [0.00757072772831, -0.00966021232307, 0.011077484116, -0.0107387369499, 0.0118052596226, -0.0110648758709, 0.0124826962128, -0.0133626861498, 0.0245108809322, -0.0141855254769, 0.00763835385442, -0.0103777525946, 0.00639211433008], [-0.00687214825302, 0.0102341268212, -0.0107094570994, 0.00923409499228, -0.0107367532328, 0.0109964497387, -0.0131233409047, 0.0122179035097, -0.0141855254769, 0.0209104325622, -0.0108849043027, 0.00831934902817, -0.00720826210454], [0.00603894144297, -0.00926587171853, 0.00735151069239, -0.0089064752683, 0.0105994129553, -0.00972030870616, 0.00934416241944, -0.0101285213605, 0.00763835385442, -0.0108849043027, 0.0257197637111, -0.0152491014451, 0.00744954729453], [-0.00530479615554, 0.00781653635204, -0.00631617102772, 0.00823647528887, -0.00833197496831, 0.00885200221092, -0.00727999722585, 0.00904358178377, -0.0103777525946, 0.00831934902817, -0.0152491014451, 0.0238926913589, -0.0138660408556], [0.00408517569304, -0.00465618958697, 0.00443493714556, -0.00684798881412, 0.00690163485706, -0.00491411378607, 0.00704677728936, -0.00651331385598, 0.00639211433008, -0.00720826210454, 0.00744954729453, -0.0138660408556, 0.0198625996709]]
    },
    "spectral_contrast_coeffs": {
        "mean": [-0.473173260689, -0.601223826408, -0.713991940022, -0.712744653225, -0.700320839882, -0.711285591125],
        "var": [0.0122560532764, 0.0073077455163, 0.00344400829636, 0.00260442402214, 0.00185327022336, 0.00911362469196]
    },
    "spectral_contrast_valleys": {
        "mean": [-9.79880237579, -7.81425619125, -8.64421367645, -8.95709037781, -9.65883636475, -14.4203262329],
        "var": [2.12962198257, 2.43995475769, 2.02710151672, 2.12327194214, 2.77362155914, 0.966137468815]
    }
},
"metadata": {
    "audio_properties": {
        "analysis_sample_rate": 44100,
        "bit_rate": 83254,
        "equal_loudness": 0,
        "length": 45.0612258911,
        "lossless": 0,
        "replay_gain": 1.24572181702,
        "sample_rate": 44100,
        "codec": "mp3",
        "downmix": "mix",
        "md5_encoded": "1dd772b6a88b7d0f703e3d3c7d9f0dac"
    },
    "tags": {
        "file_name": "143.mp3"
    },
    "version": {
        "essentia": "2.1-beta2",
        "essentia_git_sha": "v2.1_beta2",
        "extractor": "music 1.0"
    }
},
"rhythm": {
    "beats_count": 97,
    "beats_loudness": {
        "mean": 0.0327134616673,
        "var": 0.000621675921138
    },
    "bpm": 129.505691528,
    "bpm_histogram_first_peak_bpm": {
        "mean": 129,
        "var": 0
    },
    "bpm_histogram_first_peak_spread": {
        "mean": 0.619047641754,
        "var": 0
    },
    "bpm_histogram_first_peak_weight": {
        "mean": 0.25,
        "var": 0
    },
    "bpm_histogram_second_peak_bpm": {
        "mean": 136,
        "var": 0
    },
    "bpm_histogram_second_peak_spread": {
        "mean": 0.120000049472,
        "var": 0
    },
    "bpm_histogram_second_peak_weight": {
        "mean": 0.229166671634,
        "var": 0
    },
    "danceability": 0.905387699604,
    "onset_rate": 3.19421195984,
    "beats_loudness_band_ratio": {
        "mean": [0.350814223289, 0.365421503782, 0.235603407025, 0.0601400136948, 0.0609561428428, 0.0095578879118],
        "var": [0.0474792309105, 0.0336248464882, 0.0334302708507, 0.00134407414589, 0.00143060903065, 0.000110862747533]
    },
    "beats_position": [0.487619042397, 0.975238084793, 1.46285712719, 1.95047616959, 2.42648530006, 2.87927436829, 3.34367346764, 3.80807256699, 4.27247142792, 4.74848079681, 5.22448968887, 5.71210861206, 6.18811798096, 6.66412687302, 7.12852573395, 7.58131504059, 8.03410434723, 8.498503685, 8.96290206909, 9.4040813446, 9.85687065125, 10.3096599579, 10.774058342, 11.2384576797, 11.7028570175, 12.1672563553, 12.6316547394, 13.0960540771, 13.5488433838, 14.0016326904, 14.4660310745, 14.9304304123, 15.4064397812, 15.8940582275, 16.3700675964, 16.8344669342, 17.298866272, 17.7632656097, 18.2392749786, 18.7152824402, 19.1912918091, 19.667301178, 20.1433105469, 20.6193199158, 21.0837192535, 21.548116684, 22.0009059906, 22.4536952972, 22.9064846039, 23.3592739105, 23.8120632172, 24.2648525238, 24.7060317993, 25.158821106, 25.6116104126, 26.0643978119, 26.5171871185, 26.958366394, 27.3995456696, 27.8291149139, 28.2819042206, 28.7230834961, 29.1642627716, 29.6054420471, 30.0582313538, 30.5110206604, 30.9521980286, 31.3933773041, 31.869386673, 32.3453979492, 32.8330154419, 33.3206329346, 33.8314743042, 34.2958717346, 34.7718811035, 35.2478904724, 35.7122879028, 36.1766891479, 36.6294784546, 37.0822677612, 37.5234451294, 37.9646263123, 38.3941955566, 38.823764801, 39.2649421692, 39.7061233521, 40.1473007202, 40.5884780884, 41.0296592712, 41.4708366394, 41.9120178223, 42.3531951904, 42.7943763733, 43.2355537415, 43.6767349243, 44.1411323547, 44.6055335999]
},
"tonal": {
    "chords_changes_rate": 0.037037037313,
    "chords_number_rate": 0.0113168722019,
    "chords_strength": {
        "mean": 0.444672316313,
        "var": 0.011146360077
    },
    "hpcp_entropy": {
        "mean": 1.21380412579,
        "var": 0.491494566202
    },
    "key_strength": 0.789456129074,
    "tuning_diatonic_strength": 0.488262355328,
    "tuning_equal_tempered_deviation": 0.0348023623228,
    "tuning_frequency": 440.508636475,
    "tuning_nontempered_energy_ratio": 0.594508171082,
    "hpcp": {
        "mean": [0.401738137007, 0.223449215293, 0.124421976507, 0.204850435257, 0.104599006474, 0.0201210100204, 0.0222027599812, 0.0153341479599, 0.0558933652937, 0.0892783030868, 0.0453772582114, 0.0327774584293, 0.0567046478391, 0.0425906144083, 0.210510388017, 0.379373311996, 0.200886055827, 0.112101458013, 0.164877787232, 0.0811077356339, 0.0255815666169, 0.0313183739781, 0.0280594434589, 0.0526027902961, 0.0621860288084, 0.0281591080129, 0.0506247989833, 0.0860594660044, 0.0582289211452, 0.162832081318, 0.233320355415, 0.096978046, 0.017661832273, 0.0160183422267, 0.01826268062, 0.206185102463],
        "var": [0.178200289607, 0.0542459897697, 0.0402234196663, 0.125569164753, 0.0343714281917, 0.00226506241597, 0.0020057882648, 0.00100537936669, 0.023774208501, 0.0671611130238, 0.0160765685141, 0.0110561363399, 0.0358042567968, 0.0141593590379, 0.0558707639575, 0.1693456918, 0.0468996167183, 0.0465888753533, 0.112850598991, 0.02980466187, 0.00735747162253, 0.00956571754068, 0.00468143634498, 0.0109046548605, 0.0198688376695, 0.00378237152472, 0.012485020794, 0.0437624566257, 0.0151531156152, 0.0642722398043, 0.130914703012, 0.0248650442809, 0.00446738023311, 0.0023405989632, 0.00361784477718, 0.0496936328709]
    },
    "chords_histogram": [25.7201652527, 3.29218101501, 13.4773664474, 1.23456788063, 0, 0, 0, 2.67489719391, 0, 36.8312759399, 0, 1.95473253727, 0, 0, 0, 0, 0, 0, 3.39506173134, 1.74897122383, 0, 0, 1.02880656719, 8.64197540283],
    "thpcp": [1, 0.55620610714, 0.30970916152, 0.509910345078, 0.260366141796, 0.0500848889351, 0.0552667453885, 0.0381695106626, 0.13912884891, 0.222230091691, 0.112952329218, 0.0815891101956, 0.141148284078, 0.106015861034, 0.523999035358, 0.944329857826, 0.500042259693, 0.279041111469, 0.410411089659, 0.20189204812, 0.0636772140861, 0.0779571831226, 0.069845110178, 0.130938008428, 0.154792442918, 0.0700931921601, 0.126014426351, 0.214217811823, 0.144942477345, 0.405318945646, 0.580777227879, 0.241396158934, 0.0439635440707, 0.0398725941777, 0.0454591661692, 0.513232588768],
    "chords_key": "D",
    "chords_scale": "major",
    "key_key": "G",
    "key_scale": "minor"
}
}