{
"lowlevel": {
    "average_loudness": 0.951383590698,
    "barkbands_crest": {
        "mean": 12.2242221832,
        "var": 12.9394035339
    },
    "barkbands_flatness_db": {
        "mean": 0.354474693537,
        "var": 0.00109297048766
    },
    "barkbands_kurtosis": {
        "mean": 2.4256477356,
        "var": 9.57274913788
    },
    "barkbands_skewness": {
        "mean": 1.10651195049,
        "var": 0.552257597446
    },
    "barkbands_spread": {
        "mean": 4.74561166763,
        "var": 2.98571491241
    },
    "dissonance": {
        "mean": 0.409774363041,
        "var": 0.00215897755697
    },
    "dynamic_complexity": 2.05140662193,
    "erbbands_crest": {
        "mean": 12.3962268829,
        "var": 20.9332523346
    },
    "erbbands_flatness_db": {
        "mean": 0.3758495152,
        "var": 0.000729042105377
    },
    "erbbands_kurtosis": {
        "mean": 0.293913066387,
        "var": 3.49238872528
    },
    "erbbands_skewness": {
        "mean": 0.395010411739,
        "var": 0.427254080772
    },
    "erbbands_spread": {
        "mean": 11.2420072556,
        "var": 13.2334098816
    },
    "hfc": {
        "mean": 12.8241643906,
        "var": 81.8141098022
    },
    "melbands_crest": {
        "mean": 16.1938209534,
        "var": 25.3123855591
    },
    "melbands_flatness_db": {
        "mean": 0.446828633547,
        "var": 0.0018267420819
    },
    "melbands_kurtosis": {
        "mean": 3.3989739418,
        "var": 18.0944232941
    },
    "melbands_skewness": {
        "mean": 1.32604217529,
        "var": 0.649895489216
    },
    "melbands_spread": {
        "mean": 7.62148475647,
        "var": 17.5472221375
    },
    "pitch_salience": {
        "mean": 0.57375317812,
        "var": 0.0124272871763
    },
    "silence_rate_20dB": {
        "mean": 1,
        "var": 0
    },
    "silence_rate_30dB": {
        "mean": 0.997425317764,
        "var": 0.00256807287224
    },
    "silence_rate_60dB": {
        "mean": 0.00154479919001,
        "var": 0.00154241069686
    },
    "spectral_centroid": {
        "mean": 469.047058105,
        "var": 19485.3339844
    },
    "spectral_complexity": {
        "mean": 13.1385173798,
        "var": 4.55085659027
    },
    "spectral_decrease": {
        "mean": -7.40397476662e-009,
        "var": 1.96092412085e-017
    },
    "spectral_energy": {
        "mean": 0.0291074626148,
        "var": 0.000303844804876
    },
    "spectral_energyband_high": {
        "mean": 8.30573071653e-007,
        "var": 8.7453325831e-012
    },
    "spectral_energyband_low": {
        "mean": 0.00215044245124,
        "var": 7.15462010703e-006
    },
    "spectral_energyband_middle_high": {
        "mean": 0.00316018727608,
        "var": 1.49057714225e-005
    },
    "spectral_energyband_middle_low": {
        "mean": 0.0246324874461,
        "var": 0.000251355493674
    },
    "spectral_entropy": {
        "mean": 5.77519035339,
        "var": 0.0654112994671
    },
    "spectral_flux": {
        "mean": 0.0505673997104,
        "var": 0.0011740445625
    },
    "spectral_kurtosis": {
        "mean": 112.361618042,
        "var": 2106.3059082
    },
    "spectral_rms": {
        "mean": 0.00510525982827,
        "var": 2.33385731008e-006
    },
    "spectral_rolloff": {
        "mean": 695.372802734,
        "var": 215654.890625
    },
    "spectral_skewness": {
        "mean": 7.38120794296,
        "var": 4.41288137436
    },
    "spectral_spread": {
        "mean": 817278.6875,
        "var": 1.33858957722e+012
    },
    "spectral_strongpeak": {
        "mean": 1.43326199055,
        "var": 0.986737906933
    },
    "zerocrossingrate": {
        "mean": 0.0233877170831,
        "var": 0.000156048728968
    },
    "barkbands": {
        "mean": [1.31847025386e-006, 0.00027674715966, 0.00113863637671, 0.001442885492, 0.00685018859804, 0.0089180553332, 0.00215289765038, 0.00187809963245, 0.00307621899992, 0.00120404048357, 0.000546083843801, 0.00128349405713, 0.000175732900971, 3.11190015054e-005, 6.05676868872e-005, 3.51183953171e-005, 3.07071713905e-005, 2.75582783615e-006, 1.71958618012e-006, 5.68699363157e-007, 2.38145602793e-007, 2.57716294527e-007, 4.15801295617e-008, 1.55218646825e-008, 1.20710632601e-008, 5.31309529705e-009, 9.19102127739e-010],
        "var": [6.16018954597e-012, 1.04929860356e-007, 2.36923278862e-006, 9.2079908427e-006, 5.58798346901e-005, 0.000107393410872, 1.04188411569e-005, 1.91650669876e-005, 3.05496105284e-005, 4.5627016334e-006, 2.73126232742e-007, 8.8166561909e-006, 3.64619268112e-008, 1.60878066424e-009, 1.76083609915e-008, 1.99395011613e-009, 1.31014905591e-008, 2.71554029263e-011, 1.6165615721e-011, 5.09058030104e-012, 5.789853731e-013, 9.97658552992e-013, 1.49329079511e-014, 4.59370632895e-014, 2.65990724048e-014, 1.17143962038e-014, 1.51413146721e-018]
    },
    "erbbands": {
        "mean": [0.0019752192311, 0.103120818734, 1.14405727386, 3.49822568893, 14.2472915649, 22.1766891479, 39.0954627991, 85.3707580566, 50.8138198853, 18.4319839478, 61.93932724, 59.2262382507, 47.2587051392, 40.4363479614, 30.1182308197, 51.695930481, 8.78589248657, 4.15423631668, 2.79787063599, 2.26617264748, 2.28443861008, 1.0888389349, 0.171973615885, 0.14585506916, 0.0988451093435, 0.0285581219941, 0.0144486911595, 0.0080540291965, 0.01121967379, 0.00292030861601, 0.000933648552746, 0.000573763798457, 0.000267510389676, 0.000164087337907, 9.57244701567e-005, 4.93649968121e-005, 1.57929880515e-005, 2.47141269938e-006, 1.39331305036e-005, 3.26357076119e-005],
        "var": [2.82425708065e-006, 0.0162604991347, 2.40121126175, 36.0896644592, 560.677978516, 613.106628418, 3329.23364258, 14156.9003906, 3123.37060547, 536.525512695, 22828.234375, 7631.12841797, 2364.34765625, 5403.01171875, 961.684020996, 20171.1230469, 105.634277344, 14.6997156143, 24.7096939087, 19.7559585571, 15.2102451324, 10.6287927628, 0.0865795686841, 0.0570316389203, 0.0730979815125, 0.00887218862772, 0.00220685312524, 0.000696698145475, 0.00148543622345, 7.920814096e-005, 7.24907613403e-006, 1.77906204044e-005, 1.26135701066e-005, 4.61917034045e-006, 9.54506617745e-007, 4.20386783162e-007, 2.84850258936e-008, 5.75506309275e-011, 6.97667479344e-011, 3.8349778908e-010]
    },
    "gfcc": {
        "mean": [-153.812988281, 245.188095093, -122.02381134, -54.3303222656, -40.1322746277, -18.3320789337, -28.7483291626, -21.9874534607, -15.2512311935, -25.5440044403, -10.6657333374, -7.95711374283, 0.443693429232],
        "cov": [[1846.66174316, 10.038643837, -502.775848389, 267.315002441, -42.6389045715, -278.969848633, 148.517272949, -78.393081665, 70.4702529907, 32.6645965576, 6.00193548203, 40.4807167053, -39.066368103], [10.038643837, 286.100402832, 188.664886475, -114.251304626, 127.490859985, 63.4117469788, -71.7395019531, -13.1756086349, -22.7103996277, -60.8282165527, -13.2622509003, -17.2624950409, 12.3571166992], [-502.775848389, 188.664886475, 457.449432373, -148.960617065, 49.0409507751, 170.028778076, -142.953948975, -39.1817245483, -56.0476150513, -71.3603744507, -23.9580974579, -12.3519439697, 38.1151885986], [267.315002441, -114.251304626, -148.960617065, 234.414428711, -10.1856994629, -71.5485305786, 73.6230010986, -2.48991537094, 24.8519115448, 37.2755813599, 6.9289021492, -15.4678487778, -42.7728805542], [-42.6389045715, 127.490859985, 49.0409507751, -10.1856994629, 188.106933594, 32.067401886, -47.1869163513, 16.9755249023, -14.8366785049, -28.4996376038, -22.7413063049, -38.387928009, -2.84932470322], [-278.969848633, 63.4117469788, 170.028778076, -71.5485305786, 32.067401886, 157.571624756, -49.5304718018, -0.721196174622, -22.4763736725, -44.0743751526, -20.4472179413, -18.0270423889, -4.61429977417], [148.517272949, -71.7395019531, -142.953948975, 73.6230010986, -47.1869163513, -49.5304718018, 130.731704712, 34.5569267273, 21.3620643616, 39.3941993713, 4.41924762726, -0.708195865154, -22.1329994202], [-78.393081665, -13.1756086349, -39.1817245483, -2.48991537094, 16.9755249023, -0.721196174622, 34.5569267273, 85.3117446899, 19.1540908813, 14.3842229843, 11.5207204819, -14.0823020935, -18.1932811737], [70.4702529907, -22.7103996277, -56.0476150513, 24.8519115448, -14.8366785049, -22.4763736725, 21.3620643616, 19.1540908813, 61.5187683105, 25.5701560974, 2.23866391182, 17.1413555145, -6.95936870575], [32.6645965576, -60.8282165527, -71.3603744507, 37.2755813599, -28.4996376038, -44.0743751526, 39.3941993713, 14.3842229843, 25.5701560974, 66.4950332642, 23.1998252869, 5.15285587311, 4.3509478569], [6.00193548203, -13.2622509003, -23.9580974579, 6.9289021492, -22.7413063049, -20.4472179413, 4.41924762726, 11.5207204819, 2.23866391182, 23.1998252869, 70.4941177368, 40.2232513428, 2.00921010971], [40.4807167053, -17.2624950409, -12.3519439697, -15.4678487778, -38.387928009, -18.0270423889, -0.708195865154, -14.0823020935, 17.1413555145, 5.15285587311, 40.2232513428, 108.360290527, 40.2045288086], [-39.066368103, 12.3571166992, 38.1151885986, -42.7728805542, -2.84932470322, -4.61429977417, -22.1329994202, -18.1932811737, -6.95936870575, 4.3509478569, 2.00921010971, 40.2045288086, 75.3055267334]],
        "icov": [[0.00156689167488, -0.00272941892035, 0.00219135824591, -0.00166377087589, 0.00144930370152, 0.000730245490558, 0.00036504783202, 0.00128994509578, -0.000119047930639, 0.000416438037064, 0.000860024476424, -0.00049833545927, -6.68445791234e-005], [-0.00272941892035, 0.015888383612, -0.00830406602472, 0.0077936174348, -0.0104695064947, 0.00208005588502, -0.00630112783983, 0.0029260115698, -0.00609172321856, 0.00731548853219, -0.00779711361974, 0.00412360299379, 0.000213742139749], [0.00219135824591, -0.00830406602472, 0.0102687561885, -0.00368463248014, 0.00564706837758, -0.00460584182292, 0.0061801164411, 9.84885191428e-005, 0.00381130352616, -0.00242788321339, 0.00369674456306, -0.00136558525264, -0.00189625169151], [-0.00166377087589, 0.0077936174348, -0.00368463248014, 0.0109023470432, -0.00630796561018, 0.00206418684684, -0.00573268672451, 0.00425356207415, -0.00392652861774, 0.00166476052254, -0.00445922464132, 0.00254084193148, 0.00344933359884], [0.00144930370152, -0.0104695064947, 0.00564706837758, -0.00630796561018, 0.0142599372193, -0.00217638164759, 0.00791908800602, -0.0058881174773, 0.00518463458866, -0.00350231933407, 0.00643998943269, -0.000917845172808, -0.00166039378382], [0.000730245490558, 0.00208005588502, -0.00460584182292, 0.00206418684684, -0.00217638164759, 0.0137472497299, -0.00249588210136, 0.00077383313328, -0.00208561681211, 0.00559323607013, -0.000256228609942, 0.000478059373563, 0.00299025094137], [0.00036504783202, -0.00630112783983, 0.0061801164411, -0.00573268672451, 0.00791908800602, -0.00249588210136, 0.0200209766626, -0.00930038001388, 0.00776650430635, -0.0102792829275, 0.00952747650445, -0.005112208426, 0.00241015548818], [0.00128994509578, 0.0029260115698, 9.84885191428e-005, 0.00425356207415, -0.0058881174773, 0.00077383313328, -0.00930038001388, 0.0224046632648, -0.010380317457, 0.00524638500065, -0.00964972935617, 0.00619349209592, 0.000747579731978], [-0.000119047930639, -0.00609172321856, 0.00381130352616, -0.00392652861774, 0.00518463458866, -0.00208561681211, 0.00776650430635, -0.010380317457, 0.0314367637038, -0.0174741856754, 0.0149023169652, -0.0132006704807, 0.00718665821478], [0.000416438037064, 0.00731548853219, -0.00242788321339, 0.00166476052254, -0.00350231933407, 0.00559323607013, -0.0102792829275, 0.00524638500065, -0.0174741856754, 0.0379885286093, -0.0184416808188, 0.0130194602534, -0.0106220627204], [0.000860024476424, -0.00779711361974, 0.00369674456306, -0.00445922464132, 0.00643998943269, -0.000256228609942, 0.00952747650445, -0.00964972935617, 0.0149023169652, -0.0184416808188, 0.0327847674489, -0.0177428498864, 0.00905924849212], [-0.00049833545927, 0.00412360299379, -0.00136558525264, 0.00254084193148, -0.000917845172808, 0.000478059373563, -0.005112208426, 0.00619349209592, -0.0132006704807, 0.0130194602534, -0.0177428498864, 0.0236622989178, -0.0129442159086], [-6.68445791234e-005, 0.000213742139749, -0.00189625169151, 0.00344933359884, -0.00166039378382, 0.00299025094137, 0.00241015548818, 0.000747579731978, 0.00718665821478, -0.0106220627204, 0.00905924849212, -0.0129442159086, 0.0250847190619]]
    },
    "melbands": {
        "mean": [4.25493999501e-005, 0.000425946054747, 0.000790331687313, 0.00150897400454, 0.00117460766342, 0.00178227829747, 0.000762817275245, 0.000206462136703, 0.000548028910998, 0.000373922928702, 0.000233640967053, 0.000164442375535, 8.17486798042e-005, 0.000164341094205, 5.09789679199e-005, 1.48157578224e-005, 6.31386546956e-006, 3.52553092853e-006, 4.76816830997e-006, 2.20828519559e-006, 2.99024100059e-006, 1.48148944845e-006, 2.38157284116e-007, 1.33854399564e-007, 1.13101236821e-007, 6.02440621833e-008, 4.76349235612e-008, 1.48029357661e-008, 1.07651407788e-008, 5.18854781362e-009, 4.24381374486e-009, 6.99905822188e-009, 3.70286423745e-009, 9.72787739251e-010, 3.98060973072e-010, 6.68210209387e-010, 2.06017675142e-010, 1.67201807955e-010, 1.55826337944e-010, 1.11981555972e-010],
        "var": [2.03924743758e-009, 3.26481568891e-007, 1.85618000614e-006, 3.70054476662e-006, 2.65975813818e-006, 5.64617630516e-006, 7.11784650775e-007, 1.19944772337e-007, 2.01451553039e-006, 2.53992567423e-007, 6.3824806773e-008, 1.09609736398e-007, 5.9510378847e-009, 1.31156880911e-007, 1.91164435392e-008, 1.97367497345e-010, 4.23452835296e-011, 4.57912492646e-011, 1.63211388848e-010, 1.33562536031e-011, 4.62119335853e-011, 2.91008918352e-011, 1.7357473694e-013, 1.14683964907e-013, 3.63724688931e-014, 2.92490878252e-014, 2.09343820219e-014, 4.49470071351e-015, 1.67252881128e-015, 2.41446926903e-016, 2.67213801508e-016, 9.00603440124e-016, 9.55940406971e-017, 9.7383841167e-018, 9.62607553018e-019, 9.66035947824e-018, 7.05737181022e-018, 6.22400512746e-018, 5.84504639189e-018, 2.4893053413e-018]
    },
    "mfcc": {
        "mean": [-790.25213623, 273.248657227, -3.10076236725, -31.3491039276, -2.26373577118, -8.43555259705, -11.1236133575, -1.76616191864, -5.85885286331, -14.0920705795, -11.4658699036, -9.72217845917, -2.37107777596],
        "cov": [[1168.97619629, 73.5606689453, -490.524719238, 321.324890137, -86.6753768921, -123.02797699, -36.7388076782, 6.48569107056, 5.00333309174, -37.3678436279, 67.3965911865, 37.1391372681, 84.1414642334], [73.5606689453, 302.289093018, 110.139610291, -90.3874130249, 116.782478333, 36.5008850098, -15.5204629898, 21.7681350708, -13.1722145081, -42.8015899658, -29.8206882477, -6.37828779221, -55.9697647095], [-490.524719238, 110.139610291, 372.573028564, -154.060791016, 55.7757072449, 111.754066467, 9.03258609772, -4.07974863052, -9.08140659332, -7.01808691025, -43.0245094299, -37.9515037537, -75.9194793701], [321.324890137, -90.3874130249, -154.060791016, 211.537750244, -22.2028331757, -45.8125, 5.10267353058, -12.2170000076, -6.33130121231, 22.1152477264, 41.3516464233, -1.22513210773, 44.1678466797], [-86.6753768921, 116.782478333, 55.7757072449, -22.2028331757, 196.477767944, 51.1087875366, -10.0262269974, 20.3289337158, -13.8687496185, -4.67239713669, -14.4954242706, -6.46455478668, -32.2784957886], [-123.02797699, 36.5008850098, 111.754066467, -45.8125, 51.1087875366, 121.149002075, 16.6992397308, -11.5591716766, 20.9625835419, -8.56168174744, -28.3916397095, 0.766687631607, -31.6886959076], [-36.7388076782, -15.5204629898, 9.03258609772, 5.10267353058, -10.0262269974, 16.6992397308, 69.1432876587, 14.3836517334, -7.19087791443, 26.2082118988, 6.46628570557, -0.729056298733, 5.63030481339], [6.48569107056, 21.7681350708, -4.07974863052, -12.2170000076, 20.3289337158, -11.5591716766, 14.3836517334, 68.1597747803, 8.53790855408, -6.44214010239, 24.4656944275, -0.55339795351, 0.246988371015], [5.00333309174, -13.1722145081, -9.08140659332, -6.33130121231, -13.8687496185, 20.9625835419, -7.19087791443, 8.53790855408, 79.4990615845, 12.9495830536, -16.4459266663, 36.7274246216, -5.78207969666], [-37.3678436279, -42.8015899658, -7.01808691025, 22.1152477264, -4.67239713669, -8.56168174744, 26.2082118988, -6.44214010239, 12.9495830536, 88.4831924438, 29.8732318878, -15.1440563202, 17.5952415466], [67.3965911865, -29.8206882477, -43.0245094299, 41.3516464233, -14.4954242706, -28.3916397095, 6.46628570557, 24.4656944275, -16.4459266663, 29.8732318878, 80.9511032104, 3.15983366966, 21.5692481995], [37.1391372681, -6.37828779221, -37.9515037537, -1.22513210773, -6.46455478668, 0.766687631607, -0.729056298733, -0.55339795351, 36.7274246216, -15.1440563202, 3.15983366966, 95.577583313, 17.2059135437], [84.1414642334, -55.9697647095, -75.9194793701, 44.1678466797, -32.2784957886, -31.6886959076, 5.63030481339, 0.246988371015, -5.78207969666, 17.5952415466, 21.5692481995, 17.2059135437, 73.8940429688]],
        "icov": [[0.0315705277026, -0.041832908988, 0.0412840880454, -0.0421110615134, 0.0375394970179, -0.0329539142549, 0.030240541324, -0.0262292381376, 0.0219777803868, -0.0144081851467, 0.0115561578423, -0.0080937994644, 0.00366357038729], [-0.041832908988, 0.0609427541494, -0.0554782301188, 0.0572364479303, -0.0530113093555, 0.0453295297921, -0.0410093069077, 0.0353236533701, -0.0300650391728, 0.0218722689897, -0.0160986818373, 0.0111662736163, -0.00358827249147], [0.0412840880454, -0.0554782301188, 0.0601189360023, -0.0528678968549, 0.051038954407, -0.0488839410245, 0.0424524508417, -0.0375341996551, 0.0338752642274, -0.0233221035451, 0.017844138667, -0.0113788070157, 0.00820391997695], [-0.0421110615134, 0.0572364479303, -0.0528678968549, 0.0652968212962, -0.0536420606077, 0.0470234565437, -0.0458827316761, 0.0432018898427, -0.0359975062311, 0.0251211654395, -0.0229510143399, 0.0158903803676, -0.00775653682649], [0.0375394970179, -0.0530113093555, 0.051038954407, -0.0536420606077, 0.0581357032061, -0.0500482134521, 0.0488405711949, -0.0470732524991, 0.0428417362273, -0.0319472402334, 0.0255433283746, -0.0182312093675, 0.00971964932978], [-0.0329539142549, 0.0453295297921, -0.0488839410245, 0.0470234565437, -0.0500482134521, 0.0588192678988, -0.0500745885074, 0.0476085245609, -0.0457165911794, 0.0335012115538, -0.0248172786087, 0.0181955881417, -0.00800164043903], [0.030240541324, -0.0410093069077, 0.0424524508417, -0.0458827316761, 0.0488405711949, -0.0500745885074, 0.0677732527256, -0.0557122044265, 0.0524908863008, -0.0439108796418, 0.0332172997296, -0.0245269536972, 0.0110061420128], [-0.0262292381376, 0.0353236533701, -0.0375341996551, 0.0432018898427, -0.0470732524991, 0.0476085245609, -0.0557122044265, 0.0722342953086, -0.056934773922, 0.0461559891701, -0.0423841886222, 0.0276343803853, -0.0134146269411], [0.0219777803868, -0.0300650391728, 0.0338752642274, -0.0359975062311, 0.0428417362273, -0.0457165911794, 0.0524908863008, -0.056934773922, 0.0706313848495, -0.0486022159457, 0.0407843403518, -0.033437166363, 0.0168028771877], [-0.0144081851467, 0.0218722689897, -0.0233221035451, 0.0251211654395, -0.0319472402334, 0.0335012115538, -0.0439108796418, 0.0461559891701, -0.0486022159457, 0.0521799251437, -0.0359440259635, 0.0263230036944, -0.0142659908161], [0.0115561578423, -0.0160986818373, 0.017844138667, -0.0229510143399, 0.0255433283746, -0.0248172786087, 0.0332172997296, -0.0423841886222, 0.0407843403518, -0.0359440259635, 0.0441117286682, -0.0212199110538, 0.00864013284445], [-0.0080937994644, 0.0111662736163, -0.0113788070157, 0.0158903803676, -0.0182312093675, 0.0181955881417, -0.0245269536972, 0.0276343803853, -0.033437166363, 0.0263230036944, -0.0212199110538, 0.0283687505871, -0.0111949555576], [0.00366357038729, -0.00358827249147, 0.00820391997695, -0.00775653682649, 0.00971964932978, -0.00800164043903, 0.0110061420128, -0.0134146269411, 0.0168028771877, -0.0142659908161, 0.00864013284445, -0.0111949555576, 0.0245253965259]]
    },
    "spectral_contrast_coeffs": {
        "mean": [-0.520679593086, -0.649741172791, -0.731740474701, -0.747495889664, -0.705345988274, -0.828846096992],
        "var": [0.00603323662654, 0.00501153292134, 0.00256474246271, 0.00119801098481, 0.00235959747806, 0.00228431867436]
    },
    "spectral_contrast_valleys": {
        "mean": [-7.99730634689, -6.40042066574, -6.84285831451, -8.83472442627, -11.3522748947, -13.9090642929],
        "var": [0.390341967344, 0.435481190681, 0.434681266546, 0.390473335981, 0.554140269756, 0.316505730152]
    }
},
"metadata": {
    "audio_properties": {
        "analysis_sample_rate": 44100,
        "bit_rate": 128074,
        "equal_loudness": 0,
        "length": 45.0612258911,
        "lossless": 0,
        "replay_gain": -3.39488220215,
        "sample_rate": 44100,
        "codec": "mp3",
        "downmix": "mix",
        "md5_encoded": "cb77f2570347f4f3b7e340bb70f32e44"
    },
    "tags": {
        "file_name": "1430.mp3"
    },
    "version": {
        "essentia": "2.1-beta2",
        "essentia_git_sha": "v2.1_beta2",
        "extractor": "music 1.0"
    }
},
"rhythm": {
    "beats_count": 131,
    "beats_loudness": {
        "mean": 0.0406714454293,
        "var": 0.000418697949499
    },
    "bpm": 172.265609741,
    "bpm_histogram_first_peak_bpm": {
        "mean": 172,
        "var": 0
    },
    "bpm_histogram_first_peak_spread": {
        "mean": 0,
        "var": 0
    },
    "bpm_histogram_first_peak_weight": {
        "mean": 0.446153849363,
        "var": 0
    },
    "bpm_histogram_second_peak_bpm": {
        "mean": 185,
        "var": 0
    },
    "bpm_histogram_second_peak_spread": {
        "mean": 0,
        "var": 0
    },
    "bpm_histogram_second_peak_weight": {
        "mean": 0.192307695746,
        "var": 0
    },
    "danceability": 1.07575035095,
    "onset_rate": 2.41784095764,
    "beats_loudness_band_ratio": {
        "mean": [0.172837436199, 0.517615318298, 0.270489782095, 0.0996671020985, 0.00534092215821, 0.000139786789077],
        "var": [0.0269322972745, 0.063278593123, 0.0446005389094, 0.00892275106162, 4.78638976347e-005, 5.14651468109e-008]
    },
    "beats_position": [0.336689323187, 0.684988677502, 1.03328800201, 1.39319729805, 1.75310659409, 2.11301589012, 2.43809509277, 2.76317453384, 3.11147379875, 3.44816327095, 3.76163268089, 4.1099319458, 4.446621418, 4.77170038223, 5.10838985443, 5.4334692955, 5.75854873657, 6.08362817764, 6.43192720413, 6.7570066452, 7.08208608627, 7.39555549622, 7.74385452271, 8.09215450287, 8.45206356049, 8.82358264923, 9.19510173798, 9.54340076447, 9.89170074463, 10.2516098022, 10.5882987976, 10.9365987778, 11.2848978043, 11.6331968307, 11.9931058884, 12.3530158997, 12.7013149261, 13.0496139526, 13.3979139328, 13.7462129593, 14.0945119858, 14.4428119659, 14.7911109924, 15.1394100189, 15.4877090454, 15.8360090256, 16.1843090057, 16.5326080322, 16.8809070587, 17.2292060852, 17.5775051117, 17.9258041382, 18.2741031647, 18.6224040985, 18.970703125, 19.3190021515, 19.6556911469, 19.9923801422, 20.3290691376, 20.6541500092, 20.9908390045, 21.3275279999, 21.6758270264, 22.0125160217, 22.3492050171, 22.6626758575, 22.9877548218, 23.312833786, 23.6611328125, 23.9862117767, 24.3112926483, 24.6595916748, 25.0078907013, 25.3677997589, 25.7277088165, 26.076007843, 26.4243087769, 26.7609977722, 27.1092967987, 27.4459857941, 27.7826747894, 28.1077537537, 28.4212245941, 28.7579135895, 29.0946025848, 29.4429016113, 29.8028106689, 30.1511096954, 30.4878005981, 30.8128795624, 31.1379585266, 31.4630374908, 31.8113365173, 32.1480255127, 32.4614944458, 32.7981834412, 33.1348762512, 33.4599533081, 33.7850341797, 34.0985031128, 34.4235839844, 34.7370529175, 35.0621299744, 35.3872108459, 35.7355079651, 36.0605888367, 36.4088897705, 36.7571868896, 37.1054878235, 37.4305648804, 37.8020858765, 38.1503829956, 38.5219039917, 38.8818130493, 39.2301139832, 39.5668029785, 39.9151000977, 40.2401809692, 40.5884780884, 40.9367790222, 41.2850799561, 41.6333770752, 41.9932861328, 42.3415870667, 42.678276062, 43.0265769958, 43.3632659912, 43.7231750488, 44.071472168, 44.4197731018, 44.7680702209]
},
"tonal": {
    "chords_changes_rate": 0.0246913582087,
    "chords_number_rate": 0.00720164598897,
    "chords_strength": {
        "mean": 0.477181315422,
        "var": 0.0109694162384
    },
    "hpcp_entropy": {
        "mean": 1.32409512997,
        "var": 0.541646778584
    },
    "key_strength": 0.785567581654,
    "tuning_diatonic_strength": 0.512563169003,
    "tuning_equal_tempered_deviation": 0.0281542092562,
    "tuning_frequency": 437.465789795,
    "tuning_nontempered_energy_ratio": 0.610397338867,
    "hpcp": {
        "mean": [0.487553089857, 0.280756294727, 0.0654239058495, 0.0775134116411, 0.0441241487861, 0.0128133185208, 0.0128245204687, 0.0166050642729, 0.0234124120325, 0.0188640709966, 0.00886840745807, 0.0295944530517, 0.0608991719782, 0.0527365989983, 0.205372869968, 0.35370066762, 0.183241605759, 0.0705114901066, 0.107124917209, 0.0631826892495, 0.0724091976881, 0.166400581598, 0.112537533045, 0.0137958396226, 0.0151051273569, 0.0188951697201, 0.182722851634, 0.352320969105, 0.195065245032, 0.0761656016111, 0.095560528338, 0.0478884279728, 0.0235570110381, 0.0189828500152, 0.0353414230049, 0.260416597128],
        "var": [0.179976955056, 0.0684022828937, 0.0125595340505, 0.0262629911304, 0.0103643862531, 0.00133488734718, 0.000975987233687, 0.00110003456939, 0.00234213797376, 0.00215796846896, 0.000654378382023, 0.00273045687936, 0.0135057987645, 0.00808612070978, 0.0590372495353, 0.167880252004, 0.0409730784595, 0.0252717547119, 0.0707816258073, 0.0262817926705, 0.00551897520199, 0.0345228239894, 0.0173831507564, 0.000528636563104, 0.00228824908845, 0.00286441599019, 0.0435979627073, 0.173392668366, 0.0509324744344, 0.0257999878377, 0.0500723011792, 0.0127864144742, 0.00443439371884, 0.00315806176513, 0.00482540857047, 0.0664098933339]
    },
    "chords_histogram": [65.2263412476, 2.77777767181, 14.3004112244, 0, 0, 0, 0, 0, 0, 0, 0, 0, 0, 0, 7.09876537323, 0.925925910473, 0, 2.88065838814, 2.57201647758, 4.21810722351, 0, 0, 0, 0],
    "thpcp": [1, 0.575847625732, 0.134188264608, 0.158984556794, 0.0905012190342, 0.0262808687985, 0.0263038445264, 0.0340579599142, 0.0480202324688, 0.0386913158, 0.0181896239519, 0.0606999583542, 0.124907776713, 0.108165860176, 0.421231806278, 0.725460827351, 0.375839293003, 0.144623205066, 0.21971949935, 0.129591405392, 0.148515507579, 0.341297358274, 0.230821087956, 0.028296077624, 0.030981503427, 0.0387551002204, 0.374775290489, 0.722630977631, 0.400090277195, 0.156220123172, 0.196000248194, 0.0982219725847, 0.0483168102801, 0.0389349386096, 0.0724873319268, 0.534129738808],
    "chords_key": "D",
    "chords_scale": "major",
    "key_key": "D",
    "key_scale": "major"
}
}