{
"lowlevel": {
    "average_loudness": 0.776578724384,
    "barkbands_crest": {
        "mean": 12.9000034332,
        "var": 25.6717815399
    },
    "barkbands_flatness_db": {
        "mean": 0.243682190776,
        "var": 0.00606411043555
    },
    "barkbands_kurtosis": {
        "mean": 20.6548061371,
        "var": 5355.61669922
    },
    "barkbands_skewness": {
        "mean": 2.26274967194,
        "var": 7.74988174438
    },
    "barkbands_spread": {
        "mean": 9.23269367218,
        "var": 80.424659729
    },
    "dissonance": {
        "mean": 0.405759364367,
        "var": 0.00331705878489
    },
    "dynamic_complexity": 4.84786987305,
    "erbbands_crest": {
        "mean": 12.5596313477,
        "var": 38.8832550049
    },
    "erbbands_flatness_db": {
        "mean": 0.234489351511,
        "var": 0.00336894206703
    },
    "erbbands_kurtosis": {
        "mean": 6.07188034058,
        "var": 259.490814209
    },
    "erbbands_skewness": {
        "mean": 1.14533495903,
        "var": 2.85309290886
    },
    "erbbands_spread": {
        "mean": 21.275724411,
        "var": 162.022720337
    },
    "hfc": {
        "mean": 13.6404790878,
        "var": 374.668365479
    },
    "melbands_crest": {
        "mean": 17.4199314117,
        "var": 38.4666442871
    },
    "melbands_flatness_db": {
        "mean": 0.327055990696,
        "var": 0.00899947062135
    },
    "melbands_kurtosis": {
        "mean": 24.5895614624,
        "var": 2314.29272461
    },
    "melbands_skewness": {
        "mean": 2.65533161163,
        "var": 4.94299077988
    },
    "melbands_spread": {
        "mean": 12.9765672684,
        "var": 351.794647217
    },
    "pitch_salience": {
        "mean": 0.499860644341,
        "var": 0.0192096699029
    },
    "silence_rate_20dB": {
        "mean": 1,
        "var": 0
    },
    "silence_rate_30dB": {
        "mean": 1,
        "var": 0
    },
    "silence_rate_60dB": {
        "mean": 0.141091659665,
        "var": 0.121188387275
    },
    "spectral_centroid": {
        "mean": 744.213562012,
        "var": 460366.09375
    },
    "spectral_complexity": {
        "mean": 9.6838312149,
        "var": 32.5384788513
    },
    "spectral_decrease": {
        "mean": -4.92868634794e-009,
        "var": 1.61122491421e-017
    },
    "spectral_energy": {
        "mean": 0.0198391862214,
        "var": 0.000273668032605
    },
    "spectral_energyband_high": {
        "mean": 0.000112140107376,
        "var": 9.10610395977e-008
    },
    "spectral_energyband_low": {
        "mean": 0.0048512686044,
        "var": 3.10214163619e-005
    },
    "spectral_energyband_middle_high": {
        "mean": 0.00668247696012,
        "var": 0.000170372455614
    },
    "spectral_energyband_middle_low": {
        "mean": 0.00891064386815,
        "var": 8.00019770395e-005
    },
    "spectral_entropy": {
        "mean": 6.28703927994,
        "var": 0.437931120396
    },
    "spectral_flux": {
        "mean": 0.0460419654846,
        "var": 0.00140365562402
    },
    "spectral_kurtosis": {
        "mean": 17.03266716,
        "var": 212.050674438
    },
    "spectral_rms": {
        "mean": 0.00397864915431,
        "var": 3.52566758011e-006
    },
    "spectral_rolloff": {
        "mean": 769.805175781,
        "var": 941378.375
    },
    "spectral_skewness": {
        "mean": 2.93497681618,
        "var": 1.71653902531
    },
    "spectral_spread": {
        "mean": 2913204,
        "var": 2.46461759488e+012
    },
    "spectral_strongpeak": {
        "mean": 1.54675042629,
        "var": 6.07145309448
    },
    "zerocrossingrate": {
        "mean": 0.0306038185954,
        "var": 0.000889287854079
    },
    "barkbands": {
        "mean": [0.000357760349289, 0.00102638849057, 0.00277950521559, 0.00200478825718, 0.00303162867203, 0.00166321184952, 0.00108246773016, 0.000419279473135, 0.000617311277892, 0.00108456925955, 0.00102546135895, 0.00142785615753, 0.00107180315536, 0.000649662571959, 0.000585744506679, 0.000177887181053, 0.000185476514162, 0.000181675161002, 0.000200813214178, 0.000208301455132, 1.55307952809e-005, 7.75313128543e-006, 1.48365188579e-005, 1.14158192446e-005, 5.54613734494e-006, 2.35791708292e-006, 2.0873989115e-007],
        "var": [4.55637973573e-006, 2.97545329886e-006, 1.48378594531e-005, 1.18352354548e-005, 2.78086899925e-005, 1.02732474261e-005, 4.88720888825e-006, 9.47832461407e-007, 1.81762572993e-006, 2.84008510789e-005, 1.31301876536e-005, 2.3377026082e-005, 1.42117187352e-005, 8.24855214887e-006, 1.20691256598e-005, 1.30273087962e-006, 1.04744015061e-006, 2.61398582779e-007, 5.40847963748e-007, 2.78771750573e-007, 3.63621222021e-009, 8.98808139027e-010, 9.98664262397e-009, 3.21292814576e-009, 1.14724008071e-009, 1.01673724995e-010, 2.01118657318e-012]
    },
    "erbbands": {
        "mean": [0.0135300243273, 0.325601279736, 2.65683484077, 5.19981479645, 6.92890453339, 12.0904951096, 16.3606872559, 11.1936559677, 10.773891449, 17.5663089752, 11.563955307, 13.7713918686, 16.1113567352, 47.1181182861, 62.2821578979, 42.077331543, 43.4423828125, 41.8740921021, 36.7214736938, 16.0955162048, 12.8273267746, 10.9816713333, 9.6490650177, 9.61888980865, 11.7788553238, 8.82297897339, 1.56646847725, 0.414551049471, 0.280149132013, 0.315429896116, 0.440067261457, 0.232079148293, 0.206683292985, 0.0813116729259, 0.0304736420512, 0.0102312210947, 0.00452498113737, 0.000893262505997, 3.06371111947e-005, 2.37653475779e-005],
        "var": [0.00085928227054, 0.260813742876, 13.2922792435, 43.4597015381, 156.077377319, 731.187133789, 1637.55651855, 367.297576904, 468.231872559, 1464.07043457, 822.063537598, 1203.16137695, 2650.73657227, 43352.46875, 39091.5234375, 16301.2519531, 23031.7324219, 12403.2294922, 35096.0898438, 5952.57666016, 6017.50292969, 3512.69604492, 781.208312988, 784.201599121, 1116.33154297, 485.587249756, 22.1916618347, 0.867388784885, 1.24975132942, 3.66785049438, 8.68583679199, 1.06454467773, 1.29279315472, 0.258342891932, 0.0313685759902, 0.00183511245996, 0.00041913302266, 2.35427614825e-005, 1.17982450476e-008, 4.22931828448e-010]
    },
    "gfcc": {
        "mean": [-107.263801575, 147.426040649, -103.46774292, 16.0604419708, -53.3305702209, 4.15295219421, -37.987323761, -1.41901159286, -25.4870033264, -12.4646406174, -6.93066120148, -13.5203943253, -11.2501316071],
        "cov": [[10400.1748047, -1791.02404785, -3094.92114258, 428.2890625, 42.7877922058, 35.6725769043, 269.659973145, 280.934844971, -612.135498047, 421.627197266, 418.659057617, 132.946075439, -162.081207275], [-1791.02404785, 1386.79125977, 478.959472656, -222.677581787, 278.391021729, -26.0882148743, 189.070144653, -155.240615845, 186.459594727, -90.4933319092, -28.6822967529, -178.713973999, 29.1113967896], [-3094.92114258, 478.959472656, 1846.36608887, 74.987449646, -247.904724121, -20.7947864532, -315.588470459, -76.6622772217, 276.041351318, -156.048904419, -359.709442139, 84.5394210815, 42.6277351379], [428.2890625, -222.677581787, 74.987449646, 347.024108887, -29.5043315887, -35.4287261963, -43.2257156372, 29.3043804169, 7.13778495789, 21.9422798157, -12.6128368378, 46.9512329102, -4.21334457397], [42.7877922058, 278.391021729, -247.904724121, -29.5043315887, 404.581665039, 59.4402198792, 181.440475464, 2.14996671677, -23.6530456543, 73.5378417969, 34.3913154602, -64.5522689819, -37.6899299622], [35.6725769043, -26.0882148743, -20.7947864532, -35.4287261963, 59.4402198792, 230.215621948, 121.167961121, -7.70722198486, -41.9218330383, 11.3419408798, 35.707359314, -12.5920734406, -20.3131866455], [269.659973145, 189.070144653, -315.588470459, -43.2257156372, 181.440475464, 121.167961121, 327.190307617, -6.64074897766, -90.5206756592, 70.0328140259, 124.974395752, -62.3554573059, -43.7347068787], [280.934844971, -155.240615845, -76.6622772217, 29.3043804169, 2.14996671677, -7.70722198486, -6.64074897766, 145.338745117, 18.6034355164, 25.324514389, -7.55677700043, 36.749835968, 0.0123679107055], [-612.135498047, 186.459594727, 276.041351318, 7.13778495789, -23.6530456543, -41.9218330383, -90.5206756592, 18.6034355164, 208.485641479, -24.2658157349, -76.2446975708, 20.5785827637, 39.4496116638], [421.627197266, -90.4933319092, -156.048904419, 21.9422798157, 73.5378417969, 11.3419408798, 70.0328140259, 25.324514389, -24.2658157349, 174.967193604, 0.700003683567, 0.201147630811, -53.6408462524], [418.659057617, -28.6822967529, -359.709442139, -12.6128368378, 34.3913154602, 35.707359314, 124.974395752, -7.55677700043, -76.2446975708, 0.700003683567, 235.880462646, -22.5799751282, 9.06526184082], [132.946075439, -178.713973999, 84.5394210815, 46.9512329102, -64.5522689819, -12.5920734406, -62.3554573059, 36.749835968, 20.5785827637, 0.201147630811, -22.5799751282, 135.518280029, 28.3317489624], [-162.081207275, 29.1113967896, 42.6277351379, -4.21334457397, -37.6899299622, -20.3131866455, -43.7347068787, 0.0123679107055, 39.4496116638, -53.6408462524, 9.06526184082, 28.3317489624, 103.587501526]],
        "icov": [[0.00033733874443, -0.000280493317405, 0.000762960466091, -0.000576912658289, 0.000431606546044, -0.000416256021708, 0.000464596727397, -0.000277949904557, 0.000534531893209, -0.000341305334587, 0.000349341105903, -0.000605071079917, 0.000295430043479], [-0.000280493317405, 0.00340021331795, -0.00182300561573, 0.00191984989215, -0.00217808084562, 0.00256009376608, -0.00351926567964, 0.00219856831245, -0.00307956943288, 0.00166743411683, -0.000594666285906, 0.00279523758218, -0.00101894664112], [0.000762960466091, -0.00182300561573, 0.00329141155817, -0.00208350154571, 0.00203550839797, -0.0022261205595, 0.00228405371308, -0.000589592324104, 0.00116623449139, -0.000566732487641, 0.00222350121476, -0.00259038899094, 0.00131166656502], [-0.000576912658289, 0.00191984989215, -0.00208350154571, 0.00482120504603, -0.00162691122387, 0.00216189306229, -0.0019475389272, 0.000892881420441, -0.00185051874723, 0.000693052425049, -0.00115437281784, 0.00121687538922, -0.00054727186216], [0.000431606546044, -0.00217808084562, 0.00203550839797, -0.00162691122387, 0.00529501121491, -0.00192511454225, 0.000479967944557, -0.00140894227661, 0.0014291490661, -0.0017774514854, 0.0015256209299, -0.00119656685274, 0.000864561938215], [-0.000416256021708, 0.00256009376608, -0.0022261205595, 0.00216189306229, -0.00192511454225, 0.00783393532038, -0.0051296018064, 0.00158896693029, -0.00180085969623, 0.00180218624882, -0.000773722887971, 0.00168421282433, -0.000470781727927], [0.000464596727397, -0.00351926567964, 0.00228405371308, -0.0019475389272, 0.000479967944557, -0.0051296018064, 0.0106797516346, -0.00245188153349, 0.00426598684862, -0.00333515624516, -0.00175151589792, -0.00179950206075, 0.00166863598861], [-0.000277949904557, 0.00219856831245, -0.000589592324104, 0.000892881420441, -0.00140894227661, 0.00158896693029, -0.00245188153349, 0.0097261397168, -0.0035276315175, 0.000670867913868, 0.000310931209242, -0.000423791643698, -0.000231685466133], [0.000534531893209, -0.00307956943288, 0.00116623449139, -0.00185051874723, 0.0014291490661, -0.00180085969623, 0.00426598684862, -0.0035276315175, 0.0102886576205, -0.00232068635523, 0.00121837982442, -0.00228404975496, -0.00148690678179], [-0.000341305334587, 0.00166743411683, -0.000566732487641, 0.000693052425049, -0.0017774514854, 0.00180218624882, -0.00333515624516, 0.000670867913868, -0.00232068635523, 0.00932375062257, 0.000863128516357, 7.01591270627e-005, 0.00317447236739], [0.000349341105903, -0.000594666285906, 0.00222350121476, -0.00115437281784, 0.0015256209299, -0.000773722887971, -0.00175151589792, 0.000310931209242, 0.00121837982442, 0.000863128516357, 0.0080462936312, -0.000978075084276, -0.00103808229323], [-0.000605071079917, 0.00279523758218, -0.00259038899094, 0.00121687538922, -0.00119656685274, 0.00168421282433, -0.00179950206075, -0.000423791643698, -0.00228404975496, 7.01591270627e-005, -0.000978075084276, 0.012741391547, -0.00397468591109], [0.000295430043479, -0.00101894664112, 0.00131166656502, -0.00054727186216, 0.000864561938215, -0.000470781727927, 0.00166863598861, -0.000231685466133, -0.00148690678179, 0.00317447236739, -0.00103808229323, -0.00397468591109, 0.0141550796106]]
    },
    "melbands": {
        "mean": [0.000212656246731, 0.00107897631824, 0.00100092415232, 0.000637132208794, 0.000582429696806, 0.000259513035417, 0.00018312264001, 0.000164273995324, 9.58808304858e-005, 8.52869416121e-005, 8.13138030935e-005, 0.000192453167983, 0.000168190221302, 0.000211137288716, 3.81388599635e-005, 0.000136067610583, 6.54995019431e-005, 6.06707653787e-005, 3.59503646905e-005, 1.14084095912e-005, 1.48906719915e-005, 1.21891916933e-005, 7.89304795035e-006, 9.90245371213e-006, 7.24728533896e-006, 9.0481398729e-006, 9.5632585726e-006, 4.82111181555e-006, 1.15251896204e-006, 2.48360009891e-007, 2.03009875577e-007, 1.52940884846e-007, 1.45614180269e-007, 1.95060962938e-007, 2.82295729903e-007, 1.87449856526e-007, 1.27720639398e-007, 1.60959501727e-007, 1.02890304277e-007, 5.8248613044e-008],
        "var": [1.36996831657e-007, 2.10393727684e-006, 1.81938207788e-006, 1.30734122195e-006, 1.48926210386e-006, 1.90466209915e-007, 1.30677591414e-007, 1.18944214478e-007, 6.66708430686e-008, 4.73912500354e-008, 8.0757104115e-008, 8.20323236894e-007, 2.75309162134e-007, 4.75003730571e-007, 1.34422171172e-008, 2.28908291433e-007, 4.35848406255e-008, 9.68893729691e-008, 5.44765299537e-008, 2.48979126205e-009, 8.8158014222e-009, 6.62618893088e-009, 1.5825746269e-009, 8.79998962589e-010, 5.52518253372e-010, 1.31761601629e-009, 7.09955816358e-010, 1.73099201639e-010, 1.80339198436e-011, 5.47539932231e-013, 2.43223301742e-013, 3.7902897509e-013, 4.42256149237e-013, 2.13742218369e-012, 5.07343039108e-012, 6.36186958149e-013, 3.48390587213e-013, 8.04837099744e-013, 3.76070837882e-013, 1.64602340547e-013]
    },
    "mfcc": {
        "mean": [-757.211425781, 175.495498657, 13.0851383209, 16.9383354187, 8.09008979797, -2.92973256111, 2.69210100174, 1.51167047024, -12.8296756744, 3.64466381073, -6.97014808655, -3.73291277885, -7.62700176239],
        "cov": [[10787.9677734, -1506.63977051, -3158.10351563, 260.118011475, -567.400939941, -212.860946655, 757.097839355, 56.6568069458, -658.22277832, 394.918579102, -162.766067505, 83.0011520386, 545.191711426], [-1506.63977051, 1311.00927734, 252.130371094, -63.3542861938, 83.5177001953, 162.517364502, 20.3462409973, -35.6472816467, 155.914749146, 33.6735153198, 85.5326461792, -31.4622631073, -88.0060958862], [-3158.10351563, 252.130371094, 1696.44873047, -10.6941041946, 176.140609741, 67.8867416382, -473.438171387, -2.89630579948, 303.55480957, -260.215606689, 20.5597114563, 65.7107162476, -272.187988281], [260.118011475, -63.3542861938, -10.6941041946, 292.142791748, 37.7255935669, -19.9723567963, -18.9737434387, -16.0821819305, 34.9594764709, -11.5019845963, -9.8990316391, 66.6419372559, 30.9484958649], [-567.400939941, 83.5177001953, 176.140609741, 37.7255935669, 225.995834351, -2.36885452271, -118.525123596, 23.9926624298, 101.340965271, -35.7857322693, -8.39759349823, -3.90510773659, -9.99661064148], [-212.860946655, 162.517364502, 67.8867416382, -19.9723567963, -2.36885452271, 251.915649414, 99.8366546631, -7.67782831192, 31.7431468964, 18.1592121124, 57.2073097229, -13.3448143005, -12.175611496], [757.097839355, 20.3462409973, -473.438171387, -18.9737434387, -118.525123596, 99.8366546631, 444.755249023, 35.9456825256, -171.754974365, 130.176010132, 14.1874666214, -9.169962883, 90.75806427], [56.6568069458, -35.6472816467, -2.89630579948, -16.0821819305, 23.9926624298, -7.67782831192, 35.9456825256, 136.072158813, 0.972671031952, -8.41480255127, -38.6535224915, 29.7302112579, 31.2120933533], [-658.22277832, 155.914749146, 303.55480957, 34.9594764709, 101.340965271, 31.7431468964, -171.754974365, 0.972671031952, 255.534454346, -57.7589836121, 18.1646709442, 5.93576622009, -43.4683303833], [394.918579102, 33.6735153198, -260.215606689, -11.5019845963, -35.7857322693, 18.1592121124, 130.176010132, -8.41480255127, -57.7589836121, 189.031448364, 25.396030426, -38.2549591064, 64.6139526367], [-162.766067505, 85.5326461792, 20.5597114563, -9.8990316391, -8.39759349823, 57.2073097229, 14.1874666214, -38.6535224915, 18.1646709442, 25.396030426, 123.030456543, -28.9472465515, -3.39316964149], [83.0011520386, -31.4622631073, 65.7107162476, 66.6419372559, -3.90510773659, -13.3448143005, -9.169962883, 29.7302112579, 5.93576622009, -38.2549591064, -28.9472465515, 160.251815796, 22.3954772949], [545.191711426, -88.0060958862, -272.187988281, 30.9484958649, -9.99661064148, -12.175611496, 90.75806427, 31.2120933533, -43.4683303833, 64.6139526367, -3.39316964149, 22.3954772949, 169.576644897]],
        "icov": [[0.000289416348096, 0.000195962857106, 0.000539136875886, -0.000209456149605, 0.000383857666748, -0.000170782062924, 0.000221800190047, -0.000150511099491, 2.54989954556e-005, -4.87109355163e-005, 0.00013179940288, -0.000205263277167, 4.90218517371e-005], [0.000195962857106, 0.00111944321543, 0.000304501794744, 0.000131215550937, -0.000107138992462, -0.000369680230506, -0.000239979635808, 0.000169923951034, -0.000611358263995, -0.000392233778257, -0.000203404546482, -0.000318917736877, 0.000510841491632], [0.000539136875886, 0.000304501794744, 0.00228417501785, -0.000287091883365, 0.000523126975168, -0.000886080844793, 0.00134068785701, -0.00073030043859, -0.000302740023471, 0.000404342048569, -7.19495001249e-005, -0.000989950611256, 0.00142515241168], [-0.000209456149605, 0.000131215550937, -0.000287091883365, 0.00443731434643, -0.00120663363487, 0.000431886874139, -0.00060234463308, 0.001563794096, -0.000912520743441, 5.1235583669e-005, 2.57052829511e-006, -0.00178770860657, -0.000551998324227], [0.000383857666748, -0.000107138992462, 0.000523126975168, -0.00120663363487, 0.00677871750668, -0.000493631581776, 0.00164453079924, -0.00178092403803, -0.00112438620999, 5.56212262381e-006, 0.000694606627803, 0.000898089667317, -0.000813068647403], [-0.000170782062924, -0.000369680230506, -0.000886080844793, 0.000431886874139, -0.000493631581776, 0.00604062480852, -0.00273004616611, 0.0005727855023, -0.00139614555519, 0.000307952286676, -0.00194410141557, 0.000191404207726, 7.7063588833e-005], [0.000221800190047, -0.000239979635808, 0.00134068785701, -0.00060234463308, 0.00164453079924, -0.00273004616611, 0.00595647888258, -0.00219762464985, 0.00254610204138, -0.00145510514267, 3.89529996028e-005, -0.000305238179862, -0.00021008629119], [-0.000150511099491, 0.000169923951034, -0.00073030043859, 0.001563794096, -0.00178092403803, 0.0005727855023, -0.00219762464985, 0.0100693758577, -0.001051354222, 0.000668699969538, 0.00262076826766, -0.0012876127148, -0.00192836835049], [2.54989954556e-005, -0.000611358263995, -0.000302740023471, -0.000912520743441, -0.00112438620999, -0.00139614555519, 0.00254610204138, -0.001051354222, 0.00719214277342, 0.000151451604324, -0.000655529729556, 0.000263010180788, -0.000316313875373], [-4.87109355163e-005, -0.000392233778257, 0.000404342048569, 5.1235583669e-005, 5.56212262381e-006, 0.000307952286676, -0.00145510514267, 0.000668699969538, 0.000151451604324, 0.00824929121882, -0.00101434485987, 0.001649514772, -0.00207171309739], [0.00013179940288, -0.000203404546482, -7.19495001249e-005, 2.57052829511e-006, 0.000694606627803, -0.00194410141557, 3.89529996028e-005, 0.00262076826766, -0.000655529729556, -0.00101434485987, 0.0107777016237, 0.00115520611871, -0.000965562066995], [-0.000205263277167, -0.000318917736877, -0.000989950611256, -0.00178770860657, 0.000898089667317, 0.000191404207726, -0.000305238179862, -0.0012876127148, 0.000263010180788, 0.001649514772, 0.00115520611871, 0.00856045540422, -0.00196978263557], [4.90218517371e-005, 0.000510841491632, 0.00142515241168, -0.000551998324227, -0.000813068647403, 7.7063588833e-005, -0.00021008629119, -0.00192836835049, -0.000316313875373, -0.00207171309739, -0.000965562066995, -0.00196978263557, 0.00976690743119]]
    },
    "spectral_contrast_coeffs": {
        "mean": [-0.567399680614, -0.686135828495, -0.697333991528, -0.729078114033, -0.73286408186, -0.776106178761],
        "var": [0.00720462109894, 0.00540719972923, 0.00775694614276, 0.00780601100996, 0.00688894838095, 0.00268773944117]
    },
    "spectral_contrast_valleys": {
        "mean": [-7.99064302444, -7.47506904602, -8.55149936676, -9.30621242523, -9.74429225922, -12.3453893661],
        "var": [1.12268090248, 1.15597617626, 1.41534113884, 1.453982234, 1.64376795292, 1.18400478363]
    }
},
"metadata": {
    "audio_properties": {
        "analysis_sample_rate": 44100,
        "bit_rate": 128074,
        "equal_loudness": 0,
        "length": 45.0612258911,
        "lossless": 0,
        "replay_gain": -7.45858192444,
        "sample_rate": 44100,
        "codec": "mp3",
        "downmix": "mix",
        "md5_encoded": "1cb777a3e1f198a3d881af8be99774a8"
    },
    "tags": {
        "file_name": "1431.mp3"
    },
    "version": {
        "essentia": "2.1-beta2",
        "essentia_git_sha": "v2.1_beta2",
        "extractor": "music 1.0"
    }
},
"rhythm": {
    "beats_count": 111,
    "beats_loudness": {
        "mean": 0.0238615106791,
        "var": 0.00028569274582
    },
    "bpm": 162.692855835,
    "bpm_histogram_first_peak_bpm": {
        "mean": 161,
        "var": 0
    },
    "bpm_histogram_first_peak_spread": {
        "mean": 0.372881382704,
        "var": 0
    },
    "bpm_histogram_first_peak_weight": {
        "mean": 0.336363643408,
        "var": 0
    },
    "bpm_histogram_second_peak_bpm": {
        "mean": 167,
        "var": 0
    },
    "bpm_histogram_second_peak_spread": {
        "mean": 0,
        "var": 0
    },
    "bpm_histogram_second_peak_weight": {
        "mean": 0.10000000149,
        "var": 0
    },
    "danceability": 0.920554578304,
    "onset_rate": 2.39565896988,
    "beats_loudness_band_ratio": {
        "mean": [0.456058472395, 0.249356135726, 0.115893304348, 0.13560308516, 0.0599799752235, 0.0243548732251],
        "var": [0.0847828984261, 0.0562080405653, 0.0106619931757, 0.0453382879496, 0.0206671785563, 0.00841022469103]
    },
    "beats_position": [0.487619042397, 0.99845802784, 1.50929701328, 2.02013611794, 2.53097510338, 3.05342388153, 3.56426286697, 4.07510185242, 4.6439909935, 5.21287965775, 5.78176879883, 6.26938772202, 6.76861667633, 7.24462556839, 7.66258478165, 8.09215450287, 8.53333282471, 8.96290206909, 9.4040813446, 9.83365058899, 10.2632198334, 10.6927890778, 11.1223583221, 11.5403175354, 11.9582767487, 12.3762359619, 12.782585144, 13.2005443573, 13.5488433838, 13.9087524414, 14.268661499, 14.6285715103, 14.9884805679, 15.3483896255, 15.7199087143, 16.0798187256, 16.4513378143, 16.8112468719, 17.1827659607, 17.5542850494, 17.9258041382, 18.3089332581, 18.6920623779, 19.0635814667, 19.4351024628, 19.7950115204, 20.1781406403, 20.549659729, 20.9211788177, 21.2926979065, 21.6642169952, 22.035736084, 22.4072551727, 22.7787742615, 23.1502952576, 23.5218143463, 23.8933334351, 24.2648525238, 24.6595916748, 25.0427207947, 25.4258499146, 25.7973690033, 26.1804981232, 26.563627243, 26.9235363007, 27.3066654205, 27.6781845093, 28.0497055054, 28.4328346252, 28.8159637451, 29.1874828339, 29.5706119537, 29.9421310425, 30.3252601624, 30.6967792511, 31.079908371, 31.474647522, 31.869386673, 32.2757377625, 32.6704750061, 33.0884361267, 33.4715652466, 33.8546943665, 34.2262115479, 34.5977325439, 34.9692497253, 35.329158783, 35.6890678406, 36.0838088989, 36.4669380188, 36.8500671387, 37.2215881348, 37.5931053162, 37.9646263123, 38.3477554321, 38.730884552, 39.1024017334, 39.4739227295, 39.8454399109, 40.216960907, 40.5884780884, 40.9599990845, 41.3315200806, 41.7146492004, 42.0977783203, 42.492515564, 42.8872566223, 43.2936058044, 43.6767349243, 44.071472168, 44.4662132263]
},
"tonal": {
    "chords_changes_rate": 0.0504115223885,
    "chords_number_rate": 0.0123456791043,
    "chords_strength": {
        "mean": 0.490992158651,
        "var": 0.0055480520241
    },
    "hpcp_entropy": {
        "mean": 1.55795395374,
        "var": 0.437423348427
    },
    "key_strength": 0.789412140846,
    "tuning_diatonic_strength": 0.569019258022,
    "tuning_equal_tempered_deviation": 0.0269912611693,
    "tuning_frequency": 441.272583008,
    "tuning_nontempered_energy_ratio": 0.653934299946,
    "hpcp": {
        "mean": [0.161947801709, 0.09990888834, 0.0550983063877, 0.060094229877, 0.0745123103261, 0.246483400464, 0.400639384985, 0.220860570669, 0.0418369248509, 0.0305622238666, 0.0250636935234, 0.065626360476, 0.115108318627, 0.0879845842719, 0.0896581038833, 0.103985659778, 0.058333452791, 0.0503762923181, 0.0564583055675, 0.0645195320249, 0.201938346028, 0.284886598587, 0.160929977894, 0.0682016760111, 0.0507432967424, 0.0498085469007, 0.110971748829, 0.156173020601, 0.100275285542, 0.0590334571898, 0.0596955083311, 0.0395803004503, 0.0387097336352, 0.0489944890141, 0.0627470985055, 0.127588301897],
        "var": [0.0926600620151, 0.0476659461856, 0.0251293275505, 0.0336096286774, 0.031300585717, 0.0788479149342, 0.165331140161, 0.0617792606354, 0.0177579857409, 0.0156358517706, 0.0111080436036, 0.0296381935477, 0.0708902999759, 0.0409216731787, 0.0424548722804, 0.0559819452465, 0.0215526428074, 0.0180054213852, 0.0185683835298, 0.0179356634617, 0.0926152169704, 0.156108722091, 0.0599526055157, 0.0298100374639, 0.0282626636326, 0.0201806444675, 0.0415065512061, 0.0620026141405, 0.0332346856594, 0.0234034582973, 0.0329927317798, 0.0168192777783, 0.0179164204746, 0.0172015745193, 0.0246955808252, 0.066274933517]
    },
    "chords_histogram": [21.6049385071, 1.54320991039, 16.4609050751, 0, 5.65843629837, 3.80658435822, 0, 0, 0, 0, 0.411522626877, 0, 0, 1.64609050751, 0, 0, 0, 12.6543207169, 3.29218101501, 15.3292179108, 7.09876537323, 0.720164597034, 8.53909492493, 1.23456788063],
    "thpcp": [1, 0.551270246506, 0.104425393045, 0.0762836262584, 0.0625592321157, 0.163804069161, 0.287311553955, 0.21961042285, 0.223787546158, 0.259549260139, 0.145600900054, 0.125739738345, 0.140920504928, 0.161041408777, 0.504040181637, 0.711079835892, 0.401682883501, 0.170232087374, 0.12665578723, 0.124322645366, 0.276986628771, 0.389809459448, 0.250288128853, 0.147348105907, 0.14900059998, 0.0987928360701, 0.0966198891401, 0.122290745378, 0.15661740303, 0.318461716175, 0.404223382473, 0.249373599887, 0.137525931001, 0.149995818734, 0.185983493924, 0.615225076675],
    "chords_key": "E",
    "chords_scale": "major",
    "key_key": "E",
    "key_scale": "major"
}
}