{
"lowlevel": {
    "average_loudness": 0.975347518921,
    "barkbands_crest": {
        "mean": 11.5984354019,
        "var": 9.81425666809
    },
    "barkbands_flatness_db": {
        "mean": 0.269085586071,
        "var": 0.00408225413412
    },
    "barkbands_kurtosis": {
        "mean": 15.6997900009,
        "var": 119.606155396
    },
    "barkbands_skewness": {
        "mean": 2.59019899368,
        "var": 1.21578741074
    },
    "barkbands_spread": {
        "mean": 4.42390966415,
        "var": 30.9937229156
    },
    "dissonance": {
        "mean": 0.407925516367,
        "var": 0.00235272641294
    },
    "dynamic_complexity": 0.883584916592,
    "erbbands_crest": {
        "mean": 11.6468076706,
        "var": 16.6020469666
    },
    "erbbands_flatness_db": {
        "mean": 0.234527364373,
        "var": 0.00288256001659
    },
    "erbbands_kurtosis": {
        "mean": 5.23188400269,
        "var": 17.0814743042
    },
    "erbbands_skewness": {
        "mean": 1.76123201847,
        "var": 0.526723980904
    },
    "erbbands_spread": {
        "mean": 19.3040561676,
        "var": 164.844589233
    },
    "hfc": {
        "mean": 13.8135452271,
        "var": 55.3220405579
    },
    "melbands_crest": {
        "mean": 16.4478473663,
        "var": 23.0806331635
    },
    "melbands_flatness_db": {
        "mean": 0.358342021704,
        "var": 0.00541191268712
    },
    "melbands_kurtosis": {
        "mean": 19.8037166595,
        "var": 270.619781494
    },
    "melbands_skewness": {
        "mean": 2.734988451,
        "var": 1.44805788994
    },
    "melbands_spread": {
        "mean": 4.7249045372,
        "var": 32.2423171997
    },
    "pitch_salience": {
        "mean": 0.570505797863,
        "var": 0.0111818695441
    },
    "silence_rate_20dB": {
        "mean": 1,
        "var": 0
    },
    "silence_rate_30dB": {
        "mean": 1,
        "var": 0
    },
    "silence_rate_60dB": {
        "mean": 0.00154479919001,
        "var": 0.00154241069686
    },
    "spectral_centroid": {
        "mean": 379.298278809,
        "var": 82862.8125
    },
    "spectral_complexity": {
        "mean": 11.2188463211,
        "var": 12.6591348648
    },
    "spectral_decrease": {
        "mean": -1.27299912833e-008,
        "var": 1.57842306702e-017
    },
    "spectral_energy": {
        "mean": 0.0492987968028,
        "var": 0.000231514277402
    },
    "spectral_energyband_high": {
        "mean": 0.000175020759343,
        "var": 9.48620993313e-007
    },
    "spectral_energyband_low": {
        "mean": 0.0178517811,
        "var": 0.000166695623193
    },
    "spectral_energyband_middle_high": {
        "mean": 0.000974246126134,
        "var": 1.1839557601e-006
    },
    "spectral_energyband_middle_low": {
        "mean": 0.0391671843827,
        "var": 0.000218432338443
    },
    "spectral_entropy": {
        "mean": 6.11894989014,
        "var": 0.307492911816
    },
    "spectral_flux": {
        "mean": 0.0737385451794,
        "var": 0.00115725270007
    },
    "spectral_kurtosis": {
        "mean": 20.9585113525,
        "var": 343.344421387
    },
    "spectral_rms": {
        "mean": 0.00684448517859,
        "var": 1.24933978896e-006
    },
    "spectral_rolloff": {
        "mean": 415.405700684,
        "var": 368174.40625
    },
    "spectral_skewness": {
        "mean": 3.37253904343,
        "var": 1.85016405582
    },
    "spectral_spread": {
        "mean": 2738111.25,
        "var": 2.47086396211e+012
    },
    "spectral_strongpeak": {
        "mean": 1.06699049473,
        "var": 0.29528978467
    },
    "zerocrossingrate": {
        "mean": 0.0188322681934,
        "var": 0.000305032037431
    },
    "barkbands": {
        "mean": [5.08949779032e-005, 0.00216263299808, 0.00678831432015, 0.0150891151279, 0.00962723605335, 0.0102518228814, 0.00231804186478, 0.00100542698056, 0.000832412275486, 0.000220227550017, 0.000157111717272, 0.000100935416413, 0.000164377270266, 0.000126532366266, 8.84007822606e-005, 3.55303745891e-005, 2.94405126624e-005, 2.07068860618e-005, 2.54880014836e-005, 5.75894300709e-005, 6.3515995862e-005, 3.2238818676e-005, 1.64152152138e-005, 2.28494318435e-005, 7.78004323365e-006, 3.61963748219e-006, 1.72664428533e-007],
        "var": [4.37391065589e-008, 1.41703176268e-005, 4.53956927231e-005, 0.000152816719492, 4.50453990197e-005, 6.03394910286e-005, 1.00797742562e-005, 2.54471865446e-006, 1.03276738628e-006, 1.26199992678e-007, 5.13743714237e-008, 2.35539179272e-008, 1.28834386715e-007, 1.27568299035e-007, 2.50845779703e-008, 2.67625877015e-009, 2.29476238012e-009, 4.4898360585e-009, 8.21212253754e-009, 1.56178941779e-007, 4.29102229305e-008, 5.54344268267e-008, 9.04042973815e-009, 5.18987022247e-008, 2.04506211965e-009, 1.15637735498e-010, 6.01500891196e-013]
    },
    "erbbands": {
        "mean": [0.0273623876274, 0.669778168201, 5.70007133484, 35.1237792969, 31.8852386475, 30.4044284821, 82.579208374, 76.3317108154, 38.0817642212, 26.4520988464, 21.8327655792, 19.7015419006, 10.4826421738, 6.77252483368, 6.24365377426, 4.77924776077, 7.6491060257, 6.15517139435, 5.89720964432, 3.44989275932, 2.15665626526, 1.70024502277, 1.36233091354, 0.802939474583, 1.89811229706, 2.87199306488, 2.16131830215, 2.60099840164, 1.32257866859, 0.709810912609, 0.40384849906, 0.446304172277, 0.368921637535, 0.118394210935, 0.0436621680856, 0.0175594910979, 0.00620104419068, 0.000908189220354, 4.72767751489e-005, 5.53282225155e-005],
        "var": [0.00319553632289, 1.0266610384, 23.4099235535, 781.891418457, 800.629882813, 757.70300293, 4157.33789063, 5039.79589844, 2548.01513672, 1505.40539551, 629.596435547, 629.088378906, 172.408126831, 83.3587646484, 80.9164505005, 38.7671699524, 228.586425781, 290.915130615, 179.616165161, 23.0197620392, 8.79730987549, 6.73111057281, 16.2068901062, 7.36325311661, 87.3039169312, 349.673187256, 142.528701782, 52.1076545715, 63.4304275513, 39.8500480652, 3.62141776085, 14.9009208679, 14.0794839859, 0.796540677547, 0.032896950841, 0.00281637487933, 0.000389801542042, 1.17480030895e-005, 8.58120241531e-009, 2.85997892036e-010]
    },
    "gfcc": {
        "mean": [-51.396938324, 164.024993896, -85.8349456787, 23.3196144104, -66.3159408569, -8.65407848358, -39.2815322876, -20.089761734, -23.9315338135, -4.84380960464, -18.1167964935, -14.1250753403, -4.60746049881],
        "cov": [[2862.36303711, -1229.70117188, -305.600585938, 284.929351807, -342.311920166, 248.824707031, -175.390579224, 239.072753906, -236.611099243, 236.910018921, -187.032730103, 155.956100464, -138.4271698], [-1229.70117188, 1285.97766113, 71.4566192627, -244.582885742, 273.017181396, -204.531585693, 162.010528564, -180.703445435, 234.879089355, -194.042388916, 155.932403564, -162.038345337, 115.150978088], [-305.600585938, 71.4566192627, 369.175842285, 0.00593996839598, 41.7099609375, 20.7057914734, 24.7929439545, 7.92219305038, -9.10084342957, 9.52615261078, 15.9085817337, 29.7265548706, -8.03722190857], [284.929351807, -244.582885742, 0.00593996839598, 243.035247803, -35.390335083, 54.7623634338, 7.34914493561, 29.7553882599, -4.42043447495, 32.7127952576, -3.60968971252, 28.8625831604, 28.5363826752], [-342.311920166, 273.017181396, 41.7099609375, -35.390335083, 191.141662598, -32.3344230652, 7.39679861069, -19.1532993317, 69.8759002686, -34.365737915, 26.643705368, -9.54864311218, 25.4433269501], [248.824707031, -204.531585693, 20.7057914734, 54.7623634338, -32.3344230652, 134.663726807, 17.3812503815, 46.9293785095, -29.8792858124, 40.9735069275, -21.4702529907, 30.3101577759, -14.4436159134], [-175.390579224, 162.010528564, 24.7929439545, 7.34914493561, 7.39679861069, 17.3812503815, 133.911819458, -5.94348096848, 19.8770217896, -15.4658966064, 21.3310108185, -13.2785072327, 25.2121906281], [239.072753906, -180.703445435, 7.92219305038, 29.7553882599, -19.1532993317, 46.9293785095, -5.94348096848, 118.061332703, -16.3311100006, 34.2705307007, -20.355890274, 42.2203674316, -23.759885788], [-236.611099243, 234.879089355, -9.10084342957, -4.42043447495, 69.8759002686, -29.8792858124, 19.8770217896, -16.3311100006, 116.673614502, -18.3697147369, 29.9747867584, -27.5874671936, 41.6124076843], [236.910018921, -194.042388916, 9.52615261078, 32.7127952576, -34.365737915, 40.9735069275, -15.4658966064, 34.2705307007, -18.3697147369, 93.4664611816, -16.3313751221, 33.9469337463, -20.5153961182], [-187.032730103, 155.932403564, 15.9085817337, -3.60968971252, 26.643705368, -21.4702529907, 21.3310108185, -20.355890274, 29.9747867584, -16.3313751221, 78.4979782104, -10.6150007248, 17.170129776], [155.956100464, -162.038345337, 29.7265548706, 28.8625831604, -9.54864311218, 30.3101577759, -13.2785072327, 42.2203674316, -27.5874671936, 33.9469337463, -10.6150007248, 92.0197753906, -0.42415985465], [-138.4271698, 115.150978088, -8.03722190857, 28.5363826752, 25.4433269501, -14.4436159134, 25.2121906281, -23.759885788, 41.6124076843, -20.5153961182, 17.170129776, -0.42415985465, 82.8440475464]],
        "icov": [[0.00116170453839, -0.00151758641005, 0.00119040405843, -0.00184503057972, 0.00157332094386, -0.00149112951476, 0.00211122701876, -0.00148181850091, 0.00206375611015, -0.0020310964901, 0.00195494433865, -0.00120978243649, 0.00103990978096], [-0.00151758641005, 0.0105879083276, -0.00303063634783, 0.0080899791792, -0.00657411944121, 0.00601103156805, -0.00972029753029, 0.00529141677544, -0.0101461187005, 0.00814767833799, -0.00852833222598, 0.00611611409113, -0.00387757248245], [0.00119040405843, -0.00303063634783, 0.00448626512662, -0.00286056334153, 0.00144778122194, -0.00253685424104, 0.00268708262593, -0.00185154902283, 0.00394072197378, -0.0032521057874, 0.00237247673795, -0.00301861087792, 0.00209450675175], [-0.00184503057972, 0.0080899791792, -0.00286056334153, 0.0118706291541, -0.00465911254287, 0.00336273689754, -0.00764757813886, 0.00385073665529, -0.00820244476199, 0.00580738345161, -0.0074595361948, 0.00462185172364, -0.00611730851233], [0.00157332094386, -0.00657411944121, 0.00144778122194, -0.00465911254287, 0.0121517730877, -0.00408413074911, 0.00705513218418, -0.00345355877653, 0.00210740347393, -0.00348781584762, 0.00534453848377, -0.0054921573028, 0.00287226843648], [-0.00149112951476, 0.00601103156805, -0.00253685424104, 0.00336273689754, -0.00408413074911, 0.0147691722959, -0.00835818704218, 0.00109556317329, -0.00464948825538, 0.00247497204691, -0.0037298866082, 0.00313385925256, -0.00182659470011], [0.00211122701876, -0.00972029753029, 0.00268708262593, -0.00764757813886, 0.00705513218418, -0.00835818704218, 0.0184930060059, -0.00582965556532, 0.00922383461148, -0.00689698942006, 0.0064004403539, -0.00428146403283, 0.00132008700166], [-0.00148181850091, 0.00529141677544, -0.00185154902283, 0.00385073665529, -0.00345355877653, 0.00109556317329, -0.00582965556532, 0.0155623378232, -0.00764734111726, 0.00405257707462, -0.00321744941175, -0.00163253617939, 0.00165545486379], [0.00206375611015, -0.0101461187005, 0.00394072197378, -0.00820244476199, 0.00210740347393, -0.00464948825538, 0.00922383461148, -0.00764734111726, 0.0254482589662, -0.0107362587005, 0.0058174575679, -0.00122412422206, -0.00235260650516], [-0.0020310964901, 0.00814767833799, -0.0032521057874, 0.00580738345161, -0.00348781584762, 0.00247497204691, -0.00689698942006, 0.00405257707462, -0.0107362587005, 0.0225935578346, -0.00643023662269, 0.00069169618655, 5.32715093868e-005], [0.00195494433865, -0.00852833222598, 0.00237247673795, -0.0074595361948, 0.00534453848377, -0.0037298866082, 0.0064004403539, -0.00321744941175, 0.0058174575679, -0.00643023662269, 0.0230112187564, -0.00578798074275, 0.00344466883689], [-0.00120978243649, 0.00611611409113, -0.00301861087792, 0.00462185172364, -0.0054921573028, 0.00313385925256, -0.00428146403283, -0.00163253617939, -0.00122412422206, 0.00069169618655, -0.00578798074275, 0.0204187743366, -0.00724935438484], [0.00103990978096, -0.00387757248245, 0.00209450675175, -0.00611730851233, 0.00287226843648, -0.00182659470011, 0.00132008700166, 0.00165545486379, -0.00235260650516, 5.32715093868e-005, 0.00344466883689, -0.00724935438484, 0.0208248700947]]
    },
    "melbands": {
        "mean": [0.000421976175858, 0.00227422360331, 0.00604617875069, 0.0018493430689, 0.00268852547742, 0.00173039094079, 0.000543566420674, 0.000266000773991, 0.000171050429344, 0.000116606563097, 5.0495040341e-005, 2.79798587144e-005, 2.3881711968e-005, 1.18655461847e-005, 1.47548580571e-005, 1.56594724103e-005, 1.0890206795e-005, 1.07249143184e-005, 4.71212615594e-006, 3.23771359945e-006, 2.51673691309e-006, 1.65838707744e-006, 1.77045217242e-006, 8.67202572863e-007, 5.71915450109e-007, 1.00754698451e-006, 1.81100710961e-006, 1.92009110833e-006, 1.26933764477e-006, 1.47839693909e-006, 1.54816780196e-006, 8.5594876964e-007, 4.35872181015e-007, 3.8327408447e-007, 2.31654865956e-007, 1.94224213601e-007, 3.25057612827e-007, 3.10190301889e-007, 1.46459683492e-007, 8.21868013645e-008],
        "var": [5.97131815994e-007, 4.01758597945e-006, 1.8100372472e-005, 2.10996017813e-006, 3.42459952662e-006, 2.18994432544e-006, 5.4185090903e-007, 1.69847979237e-007, 3.55848293054e-008, 2.14310897917e-008, 4.36196989639e-009, 1.62609936627e-009, 1.15618292718e-009, 3.81307180275e-010, 4.57978821533e-010, 1.40317613084e-009, 1.05373942905e-009, 7.58324902872e-010, 5.00307677231e-011, 2.33938892563e-011, 1.34329162377e-011, 7.07630959038e-012, 1.2101182903e-011, 1.57448429294e-011, 3.94477896529e-012, 1.48398827948e-011, 1.18897502954e-010, 1.8742231378e-010, 7.27715804283e-011, 2.74211937878e-011, 1.6125397892e-011, 2.05189944896e-011, 2.71161756243e-011, 1.01292108382e-011, 1.33470079607e-012, 7.28816150226e-013, 1.0891495171e-011, 1.10890793076e-011, 1.74685808353e-012, 3.18201817976e-013]
    },
    "mfcc": {
        "mean": [-704.485595703, 191.834442139, 28.7830142975, 30.5497570038, -6.82538032532, 7.36552333832, -11.1253995895, -17.5689201355, -4.3152256012, -8.69298458099, -9.52935504913, -2.61166071892, -12.7078018188],
        "cov": [[2613.88818359, -1389.61645508, -149.727798462, -5.05371618271, -147.000045776, 9.81930351257, 16.9776802063, 1.8483979702, -22.7170009613, 163.715118408, -77.1233139038, -19.6980705261, 6.67192268372], [-1389.61645508, 1373.96911621, -58.0688819885, -45.8966140747, 94.0181350708, -18.9999046326, -27.00157547, 10.2565917969, 44.830997467, -103.59412384, 107.390518188, 43.8053207397, -27.3379230499], [-149.727798462, -58.0688819885, 296.100524902, 29.1872463226, -6.62492322922, 38.1896820068, 45.5800285339, 19.9792747498, -3.01974749565, 9.65182209015, -9.77690982819, 7.35859727859, 47.3366661072], [-5.05371618271, -45.8966140747, 29.1872463226, 160.350982666, 26.2432060242, 23.0273742676, 2.4662566185, 6.28557062149, 19.4557590485, 16.2426528931, -21.5525836945, -0.816381037235, 22.7886104584], [-147.000045776, 94.0181350708, -6.62492322922, 26.2432060242, 168.409393311, -0.693045377731, -30.5294551849, 14.5719137192, 11.3025999069, -4.1987195015, 16.0155525208, -0.657419383526, -9.18648338318], [9.81930351257, -18.9999046326, 38.1896820068, 23.0273742676, -0.693045377731, 108.632797241, 25.6154212952, 2.87520003319, 18.8581848145, 19.6212787628, -13.0530796051, 7.73486948013, 10.0169830322], [16.9776802063, -27.00157547, 45.5800285339, 2.4662566185, -30.5294551849, 25.6154212952, 96.8520889282, 27.7693805695, -4.42974042892, 8.49482727051, 2.64962315559, 11.6165866852, 14.8206148148], [1.8483979702, 10.2565917969, 19.9792747498, 6.28557062149, 14.5719137192, 2.87520003319, 27.7693805695, 91.2793884277, 20.6140117645, 1.63345789909, 8.18378257751, 8.80062866211, 13.3382911682], [-22.7170009613, 44.830997467, -3.01974749565, 19.4557590485, 11.3025999069, 18.8581848145, -4.42974042892, 20.6140117645, 84.6280517578, 25.5366687775, -7.15064239502, 4.11230039597, 7.10035657883], [163.715118408, -103.59412384, 9.65182209015, 16.2426528931, -4.1987195015, 19.6212787628, 8.49482727051, 1.63345789909, 25.5366687775, 88.2083206177, -0.769981920719, -2.9782242775, 3.56419730186], [-77.1233139038, 107.390518188, -9.77690982819, -21.5525836945, 16.0155525208, -13.0530796051, 2.64962315559, 8.18378257751, -7.15064239502, -0.769981920719, 86.9827194214, 17.6476917267, -5.52605009079], [-19.6980705261, 43.8053207397, 7.35859727859, -0.816381037235, -0.657419383526, 7.73486948013, 11.6165866852, 8.80062866211, 4.11230039597, -2.9782242775, 17.6476917267, 56.3925514221, 13.9244041443], [6.67192268372, -27.3379230499, 47.3366661072, 22.7886104584, -9.18648338318, 10.0169830322, 14.8206148148, 13.3382911682, 7.10035657883, 3.56419730186, -5.52605009079, 13.9244041443, 80.1293869019]],
        "icov": [[0.00104358443059, 0.00103791418951, 0.000777316454332, 0.000214848594624, 0.000367134634871, -8.4571140178e-005, 0.000114730159112, -0.00033487813198, 3.07185800921e-005, -0.000834936916362, -0.000181332346983, -0.000469719263492, -6.23683299636e-005], [0.00103791418951, 0.00203961436637, 0.000826260366011, 0.000355771131581, -2.36500036408e-005, -0.000153509856318, 4.57050336991e-005, -5.37639280083e-005, -0.00107120838948, 0.000607439957093, -0.00133977213409, -0.000813266902696, 0.000153947505169], [0.000777316454332, 0.000826260366011, 0.00466634519398, -0.00012352023623, 6.39261634205e-005, -0.00101992848795, -0.00123516574968, -0.000549874268472, 0.00064588105306, -0.000707487692125, 2.02146929951e-005, -8.23529262561e-005, -0.00205959519371], [0.000214848594624, 0.000355771131581, -0.00012352023623, 0.00735755264759, -0.00137762690429, -0.000812733545899, -5.72404787818e-005, 9.34625277296e-005, -0.000961340207141, -0.000840843305923, 0.00148561736569, 7.72403291194e-006, -0.00175362185109], [0.000367134634871, -2.36500036408e-005, 6.39261634205e-005, -0.00137762690429, 0.00733938394114, -0.000560755375773, 0.00288024218753, -0.00200841063634, 0.000114416143333, -0.000304890563712, -0.00127919402439, 0.000150213440065, 0.00091761467047], [-8.4571140178e-005, -0.000153509856318, -0.00101992848795, -0.000812733545899, -0.000560755375773, 0.0112876882777, -0.00296015664935, 0.00138325383887, -0.00208362541161, -0.00148187950253, 0.00168458581902, -0.00146545912139, 0.000251602934441], [0.000114730159112, 4.57050336991e-005, -0.00123516574968, -5.72404787818e-005, 0.00288024218753, -0.00296015664935, 0.0144754890352, -0.00481885205954, 0.00264655682258, -0.00133451784495, -0.000556363957003, -0.00162736105267, -0.000353698735125], [-0.00033487813198, -5.37639280083e-005, -0.000549874268472, 9.34625277296e-005, -0.00200841063634, 0.00138325383887, -0.00481885205954, 0.0140968319029, -0.00431706290692, 0.00168072886299, -0.00122701807413, -0.000320970400935, -0.00127170234919], [3.07185800921e-005, -0.00107120838948, 0.00064588105306, -0.000961340207141, 0.000114416143333, -0.00208362541161, 0.00264655682258, -0.00431706290692, 0.0163029283285, -0.00560995051637, 0.00260386499576, -0.000935628486332, -0.000826399889775], [-0.000834936916362, 0.000607439957093, -0.000707487692125, -0.000840843305923, -0.000304890563712, -0.00148187950253, -0.00133451784495, 0.00168072886299, -0.00560995051637, 0.0158805567771, -0.00266428338364, 0.00151290756185, 0.000395283976104], [-0.000181332346983, -0.00133977213409, 2.02146929951e-005, 0.00148561736569, -0.00127919402439, 0.00168458581902, -0.000556363957003, -0.00122701807413, 0.00260386499576, -0.00266428338364, 0.0150628378615, -0.00416682939976, 0.000724124896806], [-0.000469719263492, -0.000813266902696, -8.23529262561e-005, 7.72403291194e-006, 0.000150213440065, -0.00146545912139, -0.00162736105267, -0.000320970400935, -0.000935628486332, 0.00151290756185, -0.00416682939976, 0.0211359336972, -0.00358168361709], [-6.23683299636e-005, 0.000153947505169, -0.00205959519371, -0.00175362185109, 0.00091761467047, 0.000251602934441, -0.000353698735125, -0.00127170234919, -0.000826399889775, 0.000395283976104, 0.000724124896806, -0.00358168361709, 0.0153318112716]]
    },
    "spectral_contrast_coeffs": {
        "mean": [-0.488310039043, -0.634299278259, -0.721351265907, -0.748436033726, -0.75107562542, -0.709550917149],
        "var": [0.00704135512933, 0.00482372101396, 0.00319324643351, 0.00230948440731, 0.00216900953092, 0.00239265430719]
    },
    "spectral_contrast_valleys": {
        "mean": [-7.18831253052, -6.4274148941, -8.00394821167, -8.81393718719, -9.40877914429, -12.0749197006],
        "var": [0.706879854202, 0.427837610245, 0.433688282967, 0.540755569935, 0.783106923103, 0.87348818779]
    }
},
"metadata": {
    "audio_properties": {
        "analysis_sample_rate": 44100,
        "bit_rate": 128074,
        "equal_loudness": 0,
        "length": 45.0612258911,
        "lossless": 0,
        "replay_gain": -5.72359085083,
        "sample_rate": 44100,
        "codec": "mp3",
        "downmix": "mix",
        "md5_encoded": "c2ff3fb6869262f005c64ceb51708542"
    },
    "tags": {
        "file_name": "1432.mp3"
    },
    "version": {
        "essentia": "2.1-beta2",
        "essentia_git_sha": "v2.1_beta2",
        "extractor": "music 1.0"
    }
},
"rhythm": {
    "beats_count": 81,
    "beats_loudness": {
        "mean": 0.0496245138347,
        "var": 0.000179867944098
    },
    "bpm": 109.920715332,
    "bpm_histogram_first_peak_bpm": {
        "mean": 110,
        "var": 0
    },
    "bpm_histogram_first_peak_spread": {
        "mean": 0.43835619092,
        "var": 0
    },
    "bpm_histogram_first_peak_weight": {
        "mean": 0.512499988079,
        "var": 0
    },
    "bpm_histogram_second_peak_bpm": {
        "mean": 103,
        "var": 0
    },
    "bpm_histogram_second_peak_spread": {
        "mean": 0.428571403027,
        "var": 0
    },
    "bpm_histogram_second_peak_weight": {
        "mean": 0.0500000007451,
        "var": 0
    },
    "danceability": 1.17765796185,
    "onset_rate": 3.03893780708,
    "beats_loudness_band_ratio": {
        "mean": [0.518627822399, 0.403562486172, 0.0864677876234, 0.0181789156049, 0.00734333647415, 0.0135407680646],
        "var": [0.032691411674, 0.028833668679, 0.00365384598263, 0.000330402544932, 7.5199874118e-005, 0.00242359470576]
    },
    "beats_position": [0.545668900013, 1.09133780003, 1.62539684772, 2.17106580734, 2.70512461662, 3.25079369545, 3.80807256699, 4.34213161469, 4.87619018555, 5.41024923325, 5.95591831207, 6.5015873909, 7.04725599289, 7.59292507172, 8.15020370483, 8.6958732605, 9.24154186249, 9.78721046448, 10.321269989, 10.866938591, 11.4009971619, 11.9350566864, 12.4807252884, 13.0263938904, 13.5604534149, 14.1061220169, 14.6517915726, 15.2090702057, 15.7547388077, 16.3004074097, 16.8576869965, 17.4149665833, 17.9722442627, 18.5179138184, 19.0635814667, 19.5976409912, 20.1317005157, 20.6657600403, 21.2114276886, 21.7570972443, 22.3143768311, 22.8716545105, 23.4173240662, 23.9629936218, 24.5202713013, 25.0543308258, 25.5883903503, 26.1340579987, 26.6797275543, 27.22539711, 27.7710647583, 28.316734314, 28.8624038696, 29.4196815491, 29.9653511047, 30.5110206604, 31.0566883087, 31.6023578644, 32.1480255127, 32.6936950684, 33.2277526855, 33.7618141174, 34.3074836731, 34.8647613525, 35.422039032, 35.9677085876, 36.5249862671, 37.0706558228, 37.6163253784, 38.1619949341, 38.7076644897, 39.2417221069, 39.7989997864, 40.3562812805, 40.9251708984, 41.4940567017, 42.0745582581, 42.6550559998, 43.2355537415, 43.8160552979, 44.4081611633]
},
"tonal": {
    "chords_changes_rate": 0.0534979440272,
    "chords_number_rate": 0.0102880662307,
    "chords_strength": {
        "mean": 0.471102207899,
        "var": 0.00736209750175
    },
    "hpcp_entropy": {
        "mean": 1.38556337357,
        "var": 0.521208107471
    },
    "key_strength": 0.519394278526,
    "tuning_diatonic_strength": 0.422001838684,
    "tuning_equal_tempered_deviation": 0.0166987907141,
    "tuning_frequency": 441.272583008,
    "tuning_nontempered_energy_ratio": 0.640459358692,
    "hpcp": {
        "mean": [0.0835049003363, 0.0519705414772, 0.0229165237397, 0.0192615631968, 0.0245773140341, 0.0775583088398, 0.147937521338, 0.104095071554, 0.0433065705001, 0.0509160198271, 0.0598691552877, 0.0991724357009, 0.161599099636, 0.153871059418, 0.192080318928, 0.263293355703, 0.181653857231, 0.0741728171706, 0.0358048379421, 0.052270360291, 0.236084014177, 0.384416639805, 0.235068425536, 0.0862338244915, 0.0704871192575, 0.0545800849795, 0.0569882802665, 0.0530640184879, 0.0389356017113, 0.0931396484375, 0.110828444362, 0.0473483167589, 0.0201972108334, 0.0204318277538, 0.0284877624363, 0.0645309388638],
        "var": [0.0233878735453, 0.0175605081022, 0.00763179222122, 0.0110412528738, 0.012990212068, 0.0237696636468, 0.0633104816079, 0.0356737300754, 0.0192213840783, 0.0310039371252, 0.0378833189607, 0.0475437678397, 0.0913665145636, 0.0809710994363, 0.0767543390393, 0.137792930007, 0.0834417715669, 0.0441550649703, 0.0193378813565, 0.0205596480519, 0.0828109234571, 0.15499727428, 0.0735745877028, 0.0454419180751, 0.045806530863, 0.0324641093612, 0.0280652511865, 0.0207284651697, 0.0107333688065, 0.0425948165357, 0.0567248389125, 0.0121261104941, 0.00643399870023, 0.00553605193272, 0.0111710131168, 0.0202582925558]
    },
    "chords_histogram": [7.51028823853, 22.3251037598, 10.4938268661, 0, 0, 0, 0, 0.102880656719, 1.23456788063, 0, 0, 0, 0, 0, 0, 4.73251008987, 0, 0.411522626877, 2.36625504494, 18.1069965363, 6.48148155212, 12.9629631042, 12.9629631042, 0.308641970158],
    "thpcp": [1, 0.611493885517, 0.22432385385, 0.183361262083, 0.141981586814, 0.148246139288, 0.138037770987, 0.101284898818, 0.242288291454, 0.288302928209, 0.123169273138, 0.05253989622, 0.0531502179801, 0.074106477201, 0.167867183685, 0.217224985361, 0.135193273425, 0.0596137680113, 0.0501059554517, 0.0639340505004, 0.201755851507, 0.384836405516, 0.270787119865, 0.112655296922, 0.132450088859, 0.155740275979, 0.25798162818, 0.4203748703, 0.400271594524, 0.499667018652, 0.684916675091, 0.47254422307, 0.192949026823, 0.0931407064199, 0.135973200202, 0.614135801792],
    "chords_key": "C#",
    "chords_scale": "minor",
    "key_key": "A",
    "key_scale": "major"
}
}