{
"lowlevel": {
    "average_loudness": 0.901681244373,
    "barkbands_crest": {
        "mean": 14.8282375336,
        "var": 22.5656375885
    },
    "barkbands_flatness_db": {
        "mean": 0.348631680012,
        "var": 0.00492673832923
    },
    "barkbands_kurtosis": {
        "mean": 6.81381082535,
        "var": 67.2106552124
    },
    "barkbands_skewness": {
        "mean": 1.49947726727,
        "var": 1.45134949684
    },
    "barkbands_spread": {
        "mean": 3.78485703468,
        "var": 14.8017730713
    },
    "dissonance": {
        "mean": 0.363173931837,
        "var": 0.00655446853489
    },
    "dynamic_complexity": 4.75916624069,
    "erbbands_crest": {
        "mean": 13.8279876709,
        "var": 31.6861820221
    },
    "erbbands_flatness_db": {
        "mean": 0.350853055716,
        "var": 0.00558197172359
    },
    "erbbands_kurtosis": {
        "mean": 2.38190960884,
        "var": 15.551276207
    },
    "erbbands_skewness": {
        "mean": 0.927821040154,
        "var": 0.747965097427
    },
    "erbbands_spread": {
        "mean": 11.8900690079,
        "var": 179.676101685
    },
    "hfc": {
        "mean": 7.97769784927,
        "var": 47.8773841858
    },
    "melbands_crest": {
        "mean": 15.5741825104,
        "var": 19.9627017975
    },
    "melbands_flatness_db": {
        "mean": 0.457204759121,
        "var": 0.00582962483168
    },
    "melbands_kurtosis": {
        "mean": 9.24071216583,
        "var": 363.248016357
    },
    "melbands_skewness": {
        "mean": 1.69257330894,
        "var": 2.19639778137
    },
    "melbands_spread": {
        "mean": 5.15202713013,
        "var": 22.531080246
    },
    "pitch_salience": {
        "mean": 0.552420735359,
        "var": 0.0183925516903
    },
    "silence_rate_20dB": {
        "mean": 1,
        "var": 0
    },
    "silence_rate_30dB": {
        "mean": 0.999485075474,
        "var": 0.000514667015523
    },
    "silence_rate_60dB": {
        "mean": 0.192584961653,
        "var": 0.155494853854
    },
    "spectral_centroid": {
        "mean": 418.849456787,
        "var": 90963.7265625
    },
    "spectral_complexity": {
        "mean": 7.80690002441,
        "var": 12.1012306213
    },
    "spectral_decrease": {
        "mean": -5.81310954928e-009,
        "var": 2.73128917128e-017
    },
    "spectral_energy": {
        "mean": 0.0226636044681,
        "var": 0.000413237255998
    },
    "spectral_energyband_high": {
        "mean": 7.30826684503e-007,
        "var": 3.88912686777e-012
    },
    "spectral_energyband_low": {
        "mean": 0.00180765881669,
        "var": 6.28727957519e-006
    },
    "spectral_energyband_middle_high": {
        "mean": 0.000920493155718,
        "var": 1.76188837031e-006
    },
    "spectral_energyband_middle_low": {
        "mean": 0.0203773975372,
        "var": 0.000365214422345
    },
    "spectral_entropy": {
        "mean": 5.61927747726,
        "var": 0.461679577827
    },
    "spectral_flux": {
        "mean": 0.0468942821026,
        "var": 0.00110431970097
    },
    "spectral_kurtosis": {
        "mean": 96.0981750488,
        "var": 3349.22924805
    },
    "spectral_rms": {
        "mean": 0.00413499865681,
        "var": 5.01261501995e-006
    },
    "spectral_rolloff": {
        "mean": 509.101257324,
        "var": 225437.3125
    },
    "spectral_skewness": {
        "mean": 7.00799560547,
        "var": 7.83346700668
    },
    "spectral_spread": {
        "mean": 1311208.625,
        "var": 2.2288007168e+012
    },
    "spectral_strongpeak": {
        "mean": 1.10674023628,
        "var": 0.65489500761
    },
    "zerocrossingrate": {
        "mean": 0.0191805027425,
        "var": 0.000188798396266
    },
    "barkbands": {
        "mean": [5.96517429585e-006, 0.00018119518063, 0.00131889164913, 0.000420207128627, 0.0100216632709, 0.00591341871768, 0.00117635191418, 0.00123272382189, 0.0012842490105, 0.000624841370154, 0.00027009123005, 0.000101850680949, 5.97182697675e-005, 2.28366261581e-005, 1.43857714647e-005, 7.24701340005e-006, 3.8977686927e-006, 2.38981897382e-006, 6.91260026997e-007, 4.55527668919e-007, 2.26476601028e-007, 1.3408991606e-007, 7.01485873833e-008, 7.73944961452e-008, 3.44509949457e-008, 2.56180570091e-008, 1.27646537784e-009],
        "var": [1.28097490948e-010, 7.82706806035e-008, 4.0577292566e-006, 3.68587819821e-007, 0.000179704788025, 9.32555121835e-005, 4.94816185892e-006, 7.85206793807e-006, 5.16265299666e-006, 1.45228113979e-006, 1.9003334728e-007, 4.76196007071e-008, 1.11581961448e-008, 1.32967648003e-009, 5.51879597577e-010, 2.66841021501e-010, 7.43681782822e-011, 3.43674221026e-011, 3.18307272901e-012, 4.41591121308e-012, 5.91601149579e-013, 2.59498694234e-013, 7.33703394806e-014, 1.71751691645e-013, 2.95337146124e-014, 8.06789935474e-016, 1.45954695596e-018]
    },
    "erbbands": {
        "mean": [0.00213775294833, 0.0718389898539, 1.08571624756, 1.95031380653, 4.3583240509, 45.9866027832, 50.5006027222, 52.5116691589, 25.2926502228, 16.3886756897, 31.5076713562, 34.1070747375, 22.8562068939, 12.7763776779, 11.0052661896, 4.27798509598, 2.92907357216, 1.45871639252, 0.899780392647, 0.662182450294, 0.332859873772, 0.202772662044, 0.146810516715, 0.0670162960887, 0.0329863317311, 0.0199443995953, 0.0105082448572, 0.00771519448608, 0.0049679861404, 0.0033488876652, 0.00180808338337, 0.00151274958625, 0.00130976515356, 0.000550945231225, 0.000196456327103, 0.000199297355721, 3.13432756229e-005, 4.3825011744e-006, 1.06922352643e-005, 2.51623096119e-005],
        "var": [1.00161296359e-005, 0.0111140944064, 2.78113627434, 6.74519968033, 26.3743438721, 4392.56347656, 4051.86572266, 8034.93017578, 2262.37402344, 632.452087402, 5692.25878906, 3684.71655273, 1641.58056641, 477.333740234, 329.58605957, 88.7631378174, 26.5113296509, 4.74074602127, 1.71863472462, 1.38870954514, 0.624672591686, 0.199934870005, 0.130569428205, 0.0291018653661, 0.013238299638, 0.00533023802564, 0.00130760471802, 0.000654058472719, 0.000357582699507, 0.000170578961843, 4.55542140116e-005, 4.78937545267e-005, 6.10541464994e-005, 9.86247687251e-006, 4.32397712302e-007, 4.8282196019e-008, 9.26171028759e-010, 2.2020730725e-011, 8.90213458504e-011, 5.06347908047e-010]
    },
    "gfcc": {
        "mean": [-192.729782104, 216.222488403, -90.9763565063, -40.1966552734, -47.8339042664, -20.0704212189, -37.6209754944, -11.2296419144, -24.7850894928, -15.5412015915, -11.612912178, -8.8190536499, -1.90955674648],
        "cov": [[2678.90185547, 1284.90039063, -462.727233887, -719.678039551, 228.715011597, -452.100250244, 36.3913612366, -255.453552246, 20.0647602081, -223.155960083, 185.782714844, -108.697784424, 209.797943115], [1284.90039063, 1271.71459961, -30.0350379944, -931.254333496, 324.357849121, -328.770904541, -16.2002124786, -150.010284424, 23.3478469849, -182.036453247, 87.6837158203, -63.0802459717, 121.250320435], [-462.727233887, -30.0350379944, 655.504211426, 275.603271484, -74.7091369629, 106.578186035, -25.9460964203, -24.6869621277, -33.2325439453, 14.8547449112, -52.8828697205, 8.40737724304, -64.2787628174], [-719.678039551, -931.254333496, 275.603271484, 1246.10876465, -138.250946045, 257.829864502, -3.14946365356, 91.7180786133, -27.6078643799, 133.99961853, -70.9740753174, 52.2841300964, -141.289428711], [228.715011597, 324.357849121, -74.7091369629, -138.250946045, 326.300292969, -49.3544540405, -62.199546814, 20.8324337006, 5.0450720787, -37.0778617859, 15.2443037033, 19.1589717865, 10.5379314423], [-452.100250244, -328.770904541, 106.578186035, 257.829864502, -49.3544540405, 295.096252441, 43.0366134644, 56.7071647644, -14.2463150024, 75.169708252, -50.6493110657, 14.1773376465, -65.2960662842], [36.3913612366, -16.2002124786, -25.9460964203, -3.14946365356, -62.199546814, 43.0366134644, 126.817459106, 10.2305545807, -25.812166214, 12.5000104904, -2.72538590431, -21.8580646515, 1.20213258266], [-255.453552246, -150.010284424, -24.6869621277, 91.7180786133, 20.8324337006, 56.7071647644, 10.2305545807, 134.830459595, 19.2820301056, 20.0263843536, -44.1465950012, 4.22011947632, -35.5878295898], [20.0647602081, 23.3478469849, -33.2325439453, -27.6078643799, 5.0450720787, -14.2463150024, -25.812166214, 19.2820301056, 76.7228622437, 10.5139322281, -16.5573997498, -9.5763130188, 3.41556763649], [-223.155960083, -182.036453247, 14.8547449112, 133.99961853, -37.0778617859, 75.169708252, 12.5000104904, 20.0263843536, 10.5139322281, 108.004730225, 0.842095851898, 10.2636976242, -29.674823761], [185.782714844, 87.6837158203, -52.8828697205, -70.9740753174, 15.2443037033, -50.6493110657, -2.72538590431, -44.1465950012, -16.5573997498, 0.842095851898, 89.4565048218, 23.8612117767, 19.4415912628], [-108.697784424, -63.0802459717, 8.40737724304, 52.2841300964, 19.1589717865, 14.1773376465, -21.8580646515, 4.22011947632, -9.5763130188, 10.2636976242, 23.8612117767, 78.177772522, 4.87257194519], [209.797943115, 121.250320435, -64.2787628174, -141.289428711, 10.5379314423, -65.2960662842, 1.20213258266, -35.5878295898, 3.41556763649, -29.674823761, 19.4415912628, 4.87257194519, 89.2498474121]],
        "icov": [[0.00276770163327, -0.00613175006583, 0.00355617655441, -0.00347068789415, 0.00372608751059, -0.00126196746714, 0.0018488294445, -9.01459570741e-005, 0.00155506271403, 0.000257957784925, -0.00130925478879, 0.00137615913991, -0.00229660607874], [-0.00613175006583, 0.0210034903139, -0.0110138403252, 0.0113922264427, -0.0151357650757, 0.0059127388522, -0.00946296751499, 0.00468079093844, -0.00848504994065, 0.00339437904768, -0.000178558198968, -5.26510630152e-005, 0.00558391865343], [0.00355617655441, -0.0110138403252, 0.00793424155563, -0.00624928995967, 0.00801538024098, -0.00329547072761, 0.00533219147474, -0.000853223842569, 0.00494814710692, -0.0010473850416, 0.00100298621692, 0.000122848170577, -0.0021076046396], [-0.00347068789415, 0.0113922264427, -0.00624928995967, 0.00748741813004, -0.00768780056387, 0.0027824183926, -0.00458796834573, 0.00201459857635, -0.00387711101212, 0.000795676605776, 0.000670408830047, -0.00102451979183, 0.00416522659361], [0.00372608751059, -0.0151357650757, 0.00801538024098, -0.00768780056387, 0.0153195373714, -0.00469080591574, 0.00957236252725, -0.00557964574546, 0.00750091625378, -0.00244057900272, 0.000511755701154, -0.00138855306432, -0.00332241086289], [-0.00126196746714, 0.0059127388522, -0.00329547072761, 0.0027824183926, -0.00469080591574, 0.00781640503556, -0.00500318733975, 0.00155776948668, -0.0018454544479, -0.00125907477923, 0.00222398736514, -0.00117742747534, 0.00315785338171], [0.0018488294445, -0.00946296751499, 0.00533219147474, -0.00458796834573, 0.00957236252725, -0.00500318733975, 0.0167813561857, -0.00545191951096, 0.00957001652569, -0.00359382433817, 0.000201950257178, 0.00280085625127, -0.00386153091677], [-9.01459570741e-005, 0.00468079093844, -0.000853223842569, 0.00201459857635, -0.00557964574546, 0.00155776948668, -0.00545191951096, 0.0144519880414, -0.00564793031663, 0.00206031859852, 0.0038411791902, -0.00121969764587, 0.00419317511842], [0.00155506271403, -0.00848504994065, 0.00494814710692, -0.00387711101212, 0.00750091625378, -0.0018454544479, 0.00957001652569, -0.00564793031663, 0.0219314433634, -0.00636177230626, 0.00465472182259, 0.0011634019902, -0.0033509505447], [0.000257957784925, 0.00339437904768, -0.0010473850416, 0.000795676605776, -0.00244057900272, -0.00125907477923, -0.00359382433817, 0.00206031859852, -0.00636177230626, 0.0158991552889, -0.00530433980748, 0.00100648915395, 0.00215474213473], [-0.00130925478879, -0.000178558198968, 0.00100298621692, 0.000670408830047, 0.000511755701154, 0.00222398736514, 0.000201950257178, 0.0038411791902, 0.00465472182259, -0.00530433980748, 0.0209743417799, -0.00846953690052, 0.00215118378401], [0.00137615913991, -5.26510630152e-005, 0.000122848170577, -0.00102451979183, -0.00138855306432, -0.00117742747534, 0.00280085625127, -0.00121969764587, 0.0011634019902, 0.00100648915395, -0.00846953690052, 0.0196350421757, -0.00485523696989], [-0.00229660607874, 0.00558391865343, -0.0021076046396, 0.00416522659361, -0.00332241086289, 0.00315785338171, -0.00386153091677, 0.00419317511842, -0.0033509505447, 0.00215474213473, 0.00215118378401, -0.00485523696989, 0.0191607773304]]
    },
    "melbands": {
        "mean": [3.1351504731e-005, 0.000420059077442, 0.000333358650096, 0.00157319311984, 0.00218541268259, 0.00115498749074, 0.000348924426362, 0.000183691459824, 0.00026770067052, 0.000192811261513, 0.000108427579107, 5.11300459038e-005, 3.78142867703e-005, 1.60375002451e-005, 7.32880880605e-006, 5.48371599507e-006, 2.38782558881e-006, 1.51835058659e-006, 9.70954374679e-007, 7.35769049243e-007, 3.18898059959e-007, 2.23224390083e-007, 1.55528297796e-007, 1.16416408957e-007, 4.72364121151e-008, 2.06882724285e-008, 2.35418671224e-008, 1.05648965132e-008, 6.25435570001e-009, 5.57886581376e-009, 4.14003142879e-009, 2.90451285245e-009, 2.28077112752e-009, 1.6760490773e-009, 1.0615950341e-009, 8.37816094279e-010, 9.51843381891e-010, 9.64162749639e-010, 6.87093215657e-010, 3.82192694159e-010],
        "var": [2.125454035e-009, 3.95083361582e-007, 1.66181919781e-007, 4.87785200676e-006, 6.91889999871e-006, 3.75526087737e-006, 4.48441397793e-007, 7.2555621955e-008, 3.33965118671e-007, 1.11120925794e-007, 4.24466293225e-008, 9.4589811539e-009, 3.6449749885e-009, 9.30558463619e-010, 1.92786647757e-010, 9.4070147505e-011, 1.40043688451e-011, 5.5000175421e-012, 2.93190493585e-012, 1.95228165231e-012, 7.19598534406e-013, 2.60134470388e-013, 1.5459159018e-013, 1.02322853966e-013, 1.66836894777e-014, 3.22831890649e-015, 1.68081880743e-014, 1.06675297613e-015, 5.05058217877e-016, 4.19412016663e-016, 1.97780565292e-016, 1.33323462354e-016, 8.42500990114e-017, 4.57169191883e-017, 1.80134443708e-017, 1.11961162384e-017, 2.4361157254e-017, 3.59341783385e-017, 1.61306142061e-017, 5.37712520862e-018]
    },
    "mfcc": {
        "mean": [-839.122314453, 246.734146118, 21.7338981628, -13.9234027863, 0.125064760447, -11.2630653381, -11.272895813, -6.27413511276, -10.3598546982, -9.81954288483, -9.16235542297, -11.7711687088, -9.66468811035],
        "cov": [[2147.05249023, 1390.51745605, -687.881103516, -309.938812256, -2.34085583687, -267.78717041, -75.9549713135, -61.1668434143, -135.862411499, -78.2704391479, -108.066017151, -75.6521682739, 3.62138366699], [1390.51745605, 1770.33837891, -275.835388184, -618.606201172, 35.1757316589, -238.242782593, -133.756851196, -52.7851104736, -113.843955994, -96.4981231689, -104.281143188, -102.323776245, -19.0728397369], [-687.881103516, -275.835388184, 679.249755859, 221.747192383, -53.8259239197, 154.027023315, 39.1249160767, -6.70707559586, 25.9222640991, 5.91893196106, 13.2370624542, 14.4369707108, -15.8545646667], [-309.938812256, -618.606201172, 221.747192383, 619.024047852, 111.221115112, 81.2663803101, 66.7456359863, 15.0661029816, 14.3874368668, 14.3670597076, 27.1431102753, 55.3840141296, 25.6450901031], [-2.34085583687, 35.1757316589, -53.8259239197, 111.221115112, 269.271484375, 32.3694763184, -31.0895233154, 37.772895813, 4.51997852325, -23.1337280273, 7.02569198608, 21.7346172333, 24.0920391083], [-267.78717041, -238.242782593, 154.027023315, 81.2663803101, 32.3694763184, 188.027587891, 77.8995437622, 0.201097026467, 20.6348876953, 15.6185684204, 18.7196865082, 28.3784008026, 16.1373100281], [-75.9549713135, -133.756851196, 39.1249160767, 66.7456359863, -31.0895233154, 77.8995437622, 150.859405518, 40.1158027649, -5.58093547821, 21.8902950287, 14.0136346817, 9.59024333954, 15.6215848923], [-61.1668434143, -52.7851104736, -6.70707559586, 15.0661029816, 37.772895813, 0.201097026467, 40.1158027649, 102.973007202, 37.6466712952, -7.69022130966, 12.2412748337, 8.49311923981, -6.39640283585], [-135.862411499, -113.843955994, 25.9222640991, 14.3874368668, 4.51997852325, 20.6348876953, -5.58093547821, 37.6466712952, 95.8170394897, 44.89793396, 9.96936607361, 4.35789871216, -17.8236064911], [-78.2704391479, -96.4981231689, 5.91893196106, 14.3670597076, -23.1337280273, 15.6185684204, 21.8902950287, -7.69022130966, 44.89793396, 100.442939758, 38.9768981934, -19.4935455322, -13.1538009644], [-108.066017151, -104.281143188, 13.2370624542, 27.1431102753, 7.02569198608, 18.7196865082, 14.0136346817, 12.2412748337, 9.96936607361, 38.9768981934, 65.5266342163, 23.1399898529, -8.50856208801], [-75.6521682739, -102.323776245, 14.4369707108, 55.3840141296, 21.7346172333, 28.3784008026, 9.59024333954, 8.49311923981, 4.35789871216, -19.4935455322, 23.1399898529, 75.9767532349, 31.4002380371], [3.62138366699, -19.0728397369, -15.8545646667, 25.6450901031, 24.0920391083, 16.1373100281, 15.6215848923, -6.39640283585, -17.8236064911, -13.1538009644, -8.50856208801, 31.4002380371, 68.3050308228]],
        "icov": [[0.00304961297661, -0.0032997271046, 0.00360774924047, -0.00349310273305, 0.00331101962365, -0.00302721606568, 0.00225782999769, -0.00241547543555, 0.00249150651507, -0.00209005363286, 0.002378026722, -0.00117628171574, 0.000955222523771], [-0.0032997271046, 0.0050012730062, -0.00439772522077, 0.00541179720312, -0.00515732774511, 0.00531724328175, -0.00363424606621, 0.00382048147731, -0.00215456285514, 0.00247561442666, -0.00141644733958, 0.001294008689, -0.000586192298215], [0.00360774924047, -0.00439772522077, 0.00684767728671, -0.00572671694681, 0.00596670527011, -0.00697764707729, 0.00477031804621, -0.00430688913912, 0.00315150525421, -0.00216584792361, 0.00230899592862, -0.000688077299856, 0.00137914984953], [-0.00349310273305, 0.00541179720312, -0.00572671694681, 0.00834629312158, -0.00732632027939, 0.00705311214551, -0.00604666490108, 0.00549662485719, -0.0028458472807, 0.00219808681868, -0.001179166371, -0.000390873698052, -0.000237647836911], [0.00331101962365, -0.00515732774511, 0.00596670527011, -0.00732632027939, 0.0120633095503, -0.00989838130772, 0.00972741656005, -0.00983704440296, 0.00525150587782, -0.00346371857449, 0.00158446084242, -0.000392720568925, -0.00146101729479], [-0.00302721606568, 0.00531724328175, -0.00697764707729, 0.00705311214551, -0.00989838130772, 0.0192109085619, -0.0147685855627, 0.0138846579939, -0.0108830118552, 0.00851448904723, -0.00613763229921, 0.00169500464108, -0.0017358873738], [0.00225782999769, -0.00363424606621, 0.00477031804621, -0.00604666490108, 0.00972741656005, -0.0147685855627, 0.0232672337443, -0.0201319716871, 0.0171371717006, -0.0158362332731, 0.0101716294885, -0.00534069444984, 0.0002389276342], [-0.00241547543555, 0.00382048147731, -0.00430688913912, 0.00549662485719, -0.00983704440296, 0.0138846579939, -0.0201319716871, 0.0328800491989, -0.0256324671209, 0.0241341907531, -0.0187638681382, 0.0108032086864, -0.00334050389938], [0.00249150651507, -0.00215456285514, 0.00315150525421, -0.0028458472807, 0.00525150587782, -0.0108830118552, 0.0171371717006, -0.0256324671209, 0.0401634462178, -0.0335360951722, 0.0273104701191, -0.0198770165443, 0.0120271565393], [-0.00209005363286, 0.00247561442666, -0.00216584792361, 0.00219808681868, -0.00346371857449, 0.00851448904723, -0.0158362332731, 0.0241341907531, -0.0335360951722, 0.0469322577119, -0.0373921245337, 0.0277116559446, -0.0125440116972], [0.002378026722, -0.00141644733958, 0.00230899592862, -0.001179166371, 0.00158446084242, -0.00613763229921, 0.0101716294885, -0.0187638681382, 0.0273104701191, -0.0373921245337, 0.0509511083364, -0.0303778517991, 0.0175022128969], [-0.00117628171574, 0.001294008689, -0.000688077299856, -0.000390873698052, -0.000392720568925, 0.00169500464108, -0.00534069444984, 0.0108032086864, -0.0198770165443, 0.0277116559446, -0.0303778517991, 0.0384126976132, -0.0189109183848], [0.000955222523771, -0.000586192298215, 0.00137914984953, -0.000237647836911, -0.00146101729479, -0.0017358873738, 0.0002389276342, -0.00334050389938, 0.0120271565393, -0.0125440116972, 0.0175022128969, -0.0189109183848, 0.0269895847887]]
    },
    "spectral_contrast_coeffs": {
        "mean": [-0.510979175568, -0.660126626492, -0.731593430042, -0.78173917532, -0.800498962402, -0.849035441875],
        "var": [0.0114851202816, 0.0116335172206, 0.00742450496182, 0.00340206967667, 0.00279755564407, 0.00129885051865]
    },
    "spectral_contrast_valleys": {
        "mean": [-8.40574169159, -7.14611244202, -8.05187988281, -9.52668094635, -10.8361759186, -13.5202655792],
        "var": [0.833440065384, 1.08438766003, 1.0583820343, 0.800941407681, 0.486125022173, 0.307946532965]
    }
},
"metadata": {
    "audio_properties": {
        "analysis_sample_rate": 44100,
        "bit_rate": 128074,
        "equal_loudness": 0,
        "length": 45.0612258911,
        "lossless": 0,
        "replay_gain": -6.6166343689,
        "sample_rate": 44100,
        "codec": "mp3",
        "downmix": "mix",
        "md5_encoded": "a721c8bf1d466bc8456715648da2a261"
    },
    "tags": {
        "file_name": "1433.mp3"
    },
    "version": {
        "essentia": "2.1-beta2",
        "essentia_git_sha": "v2.1_beta2",
        "extractor": "music 1.0"
    }
},
"rhythm": {
    "beats_count": 57,
    "beats_loudness": {
        "mean": 0.0360454246402,
        "var": 0.000443960394477
    },
    "bpm": 78.1797637939,
    "bpm_histogram_first_peak_bpm": {
        "mean": 78,
        "var": 0
    },
    "bpm_histogram_first_peak_spread": {
        "mean": 0.612244904041,
        "var": 0
    },
    "bpm_histogram_first_peak_weight": {
        "mean": 0.339285701513,
        "var": 0
    },
    "bpm_histogram_second_peak_bpm": {
        "mean": 70,
        "var": 0
    },
    "bpm_histogram_second_peak_spread": {
        "mean": 0,
        "var": 0
    },
    "bpm_histogram_second_peak_weight": {
        "mean": 0.0892857164145,
        "var": 0
    },
    "danceability": 1.00467848778,
    "onset_rate": 2.75057148933,
    "beats_loudness_band_ratio": {
        "mean": [0.140904977918, 0.68752938509, 0.196072459221, 0.0467963069677, 0.00430219247937, 0.000273693760391],
        "var": [0.0178992953151, 0.0278101786971, 0.0173195097595, 0.00756819685921, 0.000167819394846, 1.66254505984e-006]
    },
    "beats_position": [0.847528338432, 1.70666658878, 2.57741498947, 3.42494320869, 4.27247142792, 5.13160991669, 5.94430828094, 6.74539661407, 7.45360517502, 8.18503379822, 8.90485286713, 9.67111110687, 10.4257593155, 11.1687984467, 11.9698867798, 12.7593650818, 13.5604534149, 14.361541748, 15.1394100189, 15.9172782898, 16.6951465607, 17.4846248627, 18.2741031647, 19.0403633118, 19.8066215515, 20.5728797913, 21.3507480621, 22.0937862396, 22.8484344482, 23.614692688, 24.3577327728, 25.1123809814, 25.8670291901, 26.6332874298, 27.3763256073, 28.1309738159, 28.8856239319, 29.6634922028, 30.4297504425, 31.1843986511, 31.9390468597, 32.6704750061, 33.4251251221, 34.1797714233, 34.9460296631, 35.7355079651, 36.5133781433, 37.2680282593, 38.034286499, 38.823764801, 39.613243103, 40.3678894043, 41.1225395203, 41.88879776, 42.6550559998, 43.4213142395, 44.1875724792]
},
"tonal": {
    "chords_changes_rate": 0.0617283955216,
    "chords_number_rate": 0.0102880662307,
    "chords_strength": {
        "mean": 0.47002992034,
        "var": 0.0102033484727
    },
    "hpcp_entropy": {
        "mean": 1.28301942348,
        "var": 0.750046670437
    },
    "key_strength": 0.72643083334,
    "tuning_diatonic_strength": 0.54640775919,
    "tuning_equal_tempered_deviation": 0.0339120514691,
    "tuning_frequency": 438.477722168,
    "tuning_nontempered_energy_ratio": 0.625892758369,
    "hpcp": {
        "mean": [0.136778071523, 0.0929871201515, 0.036884073168, 0.0224812664092, 0.0236499421299, 0.0711195990443, 0.140621498227, 0.131634071469, 0.33528855443, 0.548434078693, 0.288137793541, 0.0425812713802, 0.0293929893523, 0.0295836497098, 0.0729019418359, 0.122154861689, 0.0802175328135, 0.0256664287299, 0.0164106413722, 0.0192230399698, 0.107501037419, 0.215978845954, 0.143499046564, 0.0718541741371, 0.0959463790059, 0.0644936934114, 0.0396912060678, 0.0432615727186, 0.0389014445245, 0.0962597802281, 0.155711695552, 0.0928444638848, 0.0308170523494, 0.0247949715704, 0.0314203836024, 0.0884185433388],
        "var": [0.0437479615211, 0.0237410571426, 0.0148891750723, 0.0066398801282, 0.00826382264495, 0.0272279009223, 0.0896565765142, 0.0532648861408, 0.0800368636847, 0.189550727606, 0.0632148608565, 0.0131143154576, 0.0106655126438, 0.0149093652144, 0.0297655574977, 0.083512917161, 0.0333379171789, 0.0105499960482, 0.00417394423857, 0.00556349474937, 0.0310362186283, 0.110584385693, 0.0480773746967, 0.0235335193574, 0.0581961385906, 0.026970859617, 0.0154616385698, 0.0131774554029, 0.0106237297878, 0.0291825942695, 0.0689541399479, 0.0267206914723, 0.0132890501991, 0.010855560191, 0.00796293467283, 0.0255034416914]
    },
    "chords_histogram": [52.9835395813, 6.37860059738, 2.98353910446, 8.02469158173, 0, 0, 0, 0, 1.44032919407, 0, 1.02880656719, 0, 0, 0, 0, 1.33744859695, 0, 1.64609050751, 0, 0, 0, 0.102880656719, 3.60082316399, 20.4732513428],
    "thpcp": [1, 0.525382757187, 0.0776415467262, 0.0535943880677, 0.0539420321584, 0.132927447557, 0.222733899951, 0.146266505122, 0.0467994771898, 0.0299227237701, 0.0350507758558, 0.196014508605, 0.393810033798, 0.261652320623, 0.131016969681, 0.174946054816, 0.117596074939, 0.0723718777299, 0.0788819938898, 0.0709318518639, 0.175517499447, 0.283920526505, 0.169290110469, 0.0561909861863, 0.0452104881406, 0.0572910867631, 0.161219999194, 0.249397471547, 0.169550225139, 0.0672534331679, 0.0409917384386, 0.0431226715446, 0.129677563906, 0.256405472755, 0.240018039942, 0.611356139183],
    "chords_key": "C",
    "chords_scale": "major",
    "key_key": "C",
    "key_scale": "major"
}
}