{
"lowlevel": {
    "average_loudness": 0.954080283642,
    "barkbands_crest": {
        "mean": 12.6733789444,
        "var": 14.8369979858
    },
    "barkbands_flatness_db": {
        "mean": 0.245470836759,
        "var": 0.00410752138123
    },
    "barkbands_kurtosis": {
        "mean": 16.7971611023,
        "var": 315.957000732
    },
    "barkbands_skewness": {
        "mean": 2.74828457832,
        "var": 2.4587225914
    },
    "barkbands_spread": {
        "mean": 9.61892986298,
        "var": 145.699020386
    },
    "dissonance": {
        "mean": 0.417631298304,
        "var": 0.00211746688001
    },
    "dynamic_complexity": 2.47188520432,
    "erbbands_crest": {
        "mean": 13.087012291,
        "var": 27.4956741333
    },
    "erbbands_flatness_db": {
        "mean": 0.233192414045,
        "var": 0.00283507001586
    },
    "erbbands_kurtosis": {
        "mean": 3.24787139893,
        "var": 24.5937423706
    },
    "erbbands_skewness": {
        "mean": 1.25897836685,
        "var": 1.38936889172
    },
    "erbbands_spread": {
        "mean": 29.2526798248,
        "var": 512.959472656
    },
    "hfc": {
        "mean": 12.4498958588,
        "var": 173.067504883
    },
    "melbands_crest": {
        "mean": 16.5001449585,
        "var": 22.4348602295
    },
    "melbands_flatness_db": {
        "mean": 0.332844674587,
        "var": 0.00629762373865
    },
    "melbands_kurtosis": {
        "mean": 25.3326911926,
        "var": 698.090148926
    },
    "melbands_skewness": {
        "mean": 3.30092930794,
        "var": 3.19167208672
    },
    "melbands_spread": {
        "mean": 10.0206575394,
        "var": 140.624771118
    },
    "pitch_salience": {
        "mean": 0.50781750679,
        "var": 0.00990437995642
    },
    "silence_rate_20dB": {
        "mean": 1,
        "var": 0
    },
    "silence_rate_30dB": {
        "mean": 0.996910393238,
        "var": 0.00308004394174
    },
    "silence_rate_60dB": {
        "mean": 0.0139031922445,
        "var": 0.0137100694701
    },
    "spectral_centroid": {
        "mean": 665.536804199,
        "var": 260206.140625
    },
    "spectral_complexity": {
        "mean": 9.44644737244,
        "var": 24.0236682892
    },
    "spectral_decrease": {
        "mean": -6.58820153987e-009,
        "var": 2.32583187023e-017
    },
    "spectral_energy": {
        "mean": 0.0259945951402,
        "var": 0.000359848665539
    },
    "spectral_energyband_high": {
        "mean": 0.00025195706985,
        "var": 5.83464043302e-007
    },
    "spectral_energyband_low": {
        "mean": 0.00452862074599,
        "var": 3.05028588627e-005
    },
    "spectral_energyband_middle_high": {
        "mean": 0.00315917260014,
        "var": 4.64980003017e-005
    },
    "spectral_energyband_middle_low": {
        "mean": 0.0196790602058,
        "var": 0.000236195686739
    },
    "spectral_entropy": {
        "mean": 6.41201925278,
        "var": 0.44167098403
    },
    "spectral_flux": {
        "mean": 0.065823212266,
        "var": 0.00155204068869
    },
    "spectral_kurtosis": {
        "mean": 14.2837553024,
        "var": 183.996582031
    },
    "spectral_rms": {
        "mean": 0.00472713215277,
        "var": 3.0148200949e-006
    },
    "spectral_rolloff": {
        "mean": 768.239379883,
        "var": 1398612.875
    },
    "spectral_skewness": {
        "mean": 2.53915023804,
        "var": 1.51773118973
    },
    "spectral_spread": {
        "mean": 3206760.5,
        "var": 3.93266567578e+012
    },
    "spectral_strongpeak": {
        "mean": 1.07309496403,
        "var": 1.36143410206
    },
    "zerocrossingrate": {
        "mean": 0.0311345923692,
        "var": 0.000877183745615
    },
    "barkbands": {
        "mean": [1.12505149445e-005, 0.000551426317543, 0.00245481310412, 0.00409277295694, 0.00923388730735, 0.0032799334731, 0.000920980412047, 0.000812560610939, 0.0010648816824, 0.000918951409403, 0.000408411899116, 0.000429278821684, 0.000400025339331, 0.000249427102972, 0.00034474072163, 0.000118708470836, 8.10066994745e-005, 9.8019525467e-005, 0.000213500796235, 0.000117093484732, 7.20132593415e-005, 2.49563890975e-005, 2.55899667536e-005, 2.93556950055e-005, 3.19708306051e-005, 8.55223424878e-006, 5.59438319669e-007],
        "var": [3.43269301872e-009, 9.93045318864e-007, 1.83118645509e-005, 4.17410919908e-005, 8.48505296744e-005, 1.51284448293e-005, 3.7598038034e-006, 3.7278837226e-006, 1.06092202259e-005, 1.14705499072e-005, 2.50850780503e-006, 4.91664468427e-006, 5.12180258738e-006, 9.90032958725e-007, 2.30579234994e-006, 2.31203600265e-007, 7.79840405585e-008, 9.29456120957e-008, 5.54721850676e-007, 1.19086479344e-007, 4.24820321143e-008, 1.03468158485e-008, 2.07732391289e-008, 3.37132739503e-008, 3.70380348613e-008, 1.65012614683e-009, 1.23172652633e-011]
    },
    "erbbands": {
        "mean": [0.00412113964558, 0.209343791008, 2.4506611824, 8.15186214447, 22.7264213562, 27.3460445404, 45.3449897766, 19.4104595184, 13.4269800186, 16.4971961975, 17.7678642273, 23.7057781219, 32.3151016235, 20.1755580902, 20.9273586273, 18.0349731445, 19.8903884888, 9.46129226685, 17.961605072, 14.8085136414, 5.93469619751, 4.53702640533, 5.09326791763, 7.61661863327, 10.8826675415, 5.87121868134, 4.51862955093, 1.57146728039, 0.933200538158, 0.776837289333, 0.737932145596, 0.645849585533, 0.456838518381, 0.397902756929, 0.204402595758, 0.0542147085071, 0.0129962759092, 0.00214211340062, 7.49213286326e-005, 3.1637668144e-005],
        "var": [3.21320112562e-005, 0.146277457476, 19.601234436, 98.972869873, 1151.1060791, 1138.69702148, 2618.47143555, 930.599609375, 713.48614502, 1513.08886719, 1903.61352539, 6746.82714844, 11103.2080078, 3882.01416016, 5390.42041016, 6151.11572266, 12792.2470703, 1002.8013916, 5767.56054688, 3762.02075195, 401.79675293, 214.608688354, 257.576965332, 442.103607178, 1848.16113281, 345.291748047, 164.254501343, 22.2324714661, 15.2803516388, 15.2190322876, 19.2111110687, 17.318031311, 7.18043708801, 6.68576383591, 1.35847449303, 0.0724114850163, 0.00367901381105, 0.000128227417008, 1.29984471187e-007, 5.98225968762e-010]
    },
    "gfcc": {
        "mean": [-78.1847229004, 143.360595703, -103.532165527, 20.2043304443, -48.7911834717, -20.4000434875, -41.4238319397, -7.52591085434, -42.3599128723, -3.5831925869, -25.8764343262, -14.7860841751, -2.68894791603],
        "cov": [[4918.33642578, -1408.04711914, -646.915893555, 244.138259888, -334.649047852, 320.681213379, 120.445503235, 342.627532959, -460.918731689, 448.068328857, -115.731056213, 33.0578689575, -67.1379470825], [-1408.04711914, 1556.63623047, -63.2298240662, -431.657104492, 360.339569092, -366.836029053, 187.690124512, -169.697891235, 131.779785156, -175.309265137, 66.4677505493, -127.072845459, 135.529983521], [-646.915893555, -63.2298240662, 703.8984375, 81.3725814819, -83.699508667, 36.3532295227, -175.954284668, 6.86458063126, 125.571731567, -72.5582122803, -41.7503509521, 20.9011096954, -19.1419334412], [244.138259888, -431.657104492, 81.3725814819, 550.002319336, -67.1394348145, 83.2195892334, -80.5956878662, 25.150352478, 125.829589844, -67.8720550537, 2.99102520943, 59.728263855, -31.3040084839], [-334.649047852, 360.339569092, -83.699508667, -67.1394348145, 283.434082031, -71.4293670654, 40.0482177734, -25.4650535583, 17.8700199127, -8.91376304626, -2.17847490311, -12.115442276, 30.9744777679], [320.681213379, -366.836029053, 36.3532295227, 83.2195892334, -71.4293670654, 394.735321045, 13.9376516342, -77.9807434082, 2.50282144547, 51.099647522, 39.2897377014, -18.2954235077, -95.9017105103], [120.445503235, 187.690124512, -175.954284668, -80.5956878662, 40.0482177734, 13.9376516342, 229.656677246, -14.9743175507, -68.5441665649, 42.7685623169, 31.0260982513, -40.8349075317, 1.7617868185], [342.627532959, -169.697891235, 6.86458063126, 25.150352478, -25.4650535583, -77.9807434082, -14.9743175507, 247.166793823, -39.1204948425, 55.2228050232, -35.9813117981, 50.9723815918, 24.9093456268], [-460.918731689, 131.779785156, 125.571731567, 125.829589844, 17.8700199127, 2.50282144547, -68.5441665649, -39.1204948425, 236.606384277, -91.9091796875, -1.92499649525, 15.7069740295, -2.54944252968], [448.068328857, -175.309265137, -72.5582122803, -67.8720550537, -8.91376304626, 51.099647522, 42.7685623169, 55.2228050232, -91.9091796875, 211.190505981, -8.91452598572, 6.68518352509, -0.321466118097], [-115.731056213, 66.4677505493, -41.7503509521, 2.99102520943, -2.17847490311, 39.2897377014, 31.0260982513, -35.9813117981, -1.92499649525, -8.91452598572, 108.054130554, -2.57114839554, -18.752456665], [33.0578689575, -127.072845459, 20.9011096954, 59.728263855, -12.115442276, -18.2954235077, -40.8349075317, 50.9723815918, 15.7069740295, 6.68518352509, -2.57114839554, 130.156448364, 21.2221755981], [-67.1379470825, 135.529983521, -19.1419334412, -31.3040084839, 30.9744777679, -95.9017105103, 1.7617868185, 24.9093456268, -2.54944252968, -0.321466118097, -18.752456665, 21.2221755981, 115.026321411]],
        "icov": [[0.000479246926261, -0.000125091566588, 0.000477913505165, -0.000435948197264, 0.000514555664267, -0.000445618119556, 0.000194857027964, -0.000474488828331, 0.000719329866115, -0.000539847300388, 0.000732646789402, 5.0393249694e-005, 0.000102260702988], [-0.000125091566588, 0.00479914899915, -0.000989083433524, 0.00320186163299, -0.00357676739804, 0.00333564355969, -0.00363392895088, 0.0017504679272, -0.00394478114322, 0.00231221248396, -0.00350612867624, 0.0024459392298, -0.00270388182253], [0.000477913505165, -0.000989083433524, 0.00258256541565, -0.000811064091977, 0.00155831070151, -0.00130884931423, 0.00200499850325, -0.0009658797062, 0.000667331099976, -0.000601828738581, 0.00182479247451, -0.000286346912617, 0.000684406317305], [-0.000435948197264, 0.00320186163299, -0.000811064091977, 0.00484821712598, -0.00229772925377, 0.00186715903692, -0.00217304867692, 0.000917151279282, -0.00420377776027, 0.00254153902642, -0.00278939958662, 0.000716920767445, -0.00150556059089], [0.000514555664267, -0.00357676739804, 0.00155831070151, -0.00229772925377, 0.00717037590221, -0.00218990026042, 0.00227930559777, -0.00119519920554, 0.00261624413542, -0.00224379566498, 0.00339236529544, -0.00165812496562, 0.0015266193077], [-0.000445618119556, 0.00333564355969, -0.00130884931423, 0.00186715903692, -0.00218990026042, 0.00655280984938, -0.00296062207781, 0.0028988190461, -0.00327758351341, 0.000401952187531, -0.00357724912465, 0.00157866312657, 0.000624651671387], [0.000194857027964, -0.00363392895088, 0.00200499850325, -0.00217304867692, 0.00227930559777, -0.00296062207781, 0.00899805594236, -0.0015183147043, 0.0038669554051, -0.00229564285837, 0.00146558589768, -0.000292170007015, 0.00161863816902], [-0.000474488828331, 0.0017504679272, -0.0009658797062, 0.000917151279282, -0.00119519920554, 0.0028988190461, -0.0015183147043, 0.00658625178039, -0.00122902193107, -0.000279085012153, -0.000652154150885, -0.000902017229237, -0.000882815686055], [0.000719329866115, -0.00394478114322, 0.000667331099976, -0.00420377776027, 0.00261624413542, -0.00327758351341, 0.0038669554051, -0.00122902193107, 0.0103734135628, -0.000736061483622, 0.00372288725339, -0.0022089954, 0.00204692990519], [-0.000539847300388, 0.00231221248396, -0.000601828738581, 0.00254153902642, -0.00224379566498, 0.000401952187531, -0.00229564285837, -0.000279085012153, -0.000736061483622, 0.00835250038654, -0.00154420861509, 0.000475510692922, -0.00174546276685], [0.000732646789402, -0.00350612867624, 0.00182479247451, -0.00278939958662, 0.00339236529544, -0.00357724912465, 0.00146558589768, -0.000652154150885, 0.00372288725339, -0.00154420861509, 0.0141409225762, -0.00270786648616, 0.0032092218753], [5.0393249694e-005, 0.0024459392298, -0.000286346912617, 0.000716920767445, -0.00165812496562, 0.00157866312657, -0.000292170007015, -0.000902017229237, -0.0022089954, 0.000475510692922, -0.00270786648616, 0.010819349438, -0.00322780245915], [0.000102260702988, -0.00270388182253, 0.000684406317305, -0.00150556059089, 0.0015266193077, 0.000624651671387, 0.00161863816902, -0.000882815686055, 0.00204692990519, -0.00174546276685, 0.0032092218753, -0.00322780245915, 0.0130786607042]]
    },
    "melbands": {
        "mean": [8.56364858919e-005, 0.000904497806914, 0.00194028497208, 0.00172413152177, 0.0015602997737, 0.000459150352981, 0.000204069030588, 0.000182181480341, 0.000129961539642, 0.000159993971465, 0.000163485121448, 8.6739040853e-005, 6.35811447864e-005, 5.94835400989e-005, 4.77013127238e-005, 2.99014336633e-005, 1.64272350958e-005, 3.03316028294e-005, 2.40984354605e-005, 1.22664550872e-005, 6.1511768763e-006, 3.96251607526e-006, 5.1622423598e-006, 4.98240797242e-006, 5.77607852392e-006, 9.59080080065e-006, 5.06223659613e-006, 3.59300202035e-006, 3.24050279232e-006, 1.57571594173e-006, 7.05985200966e-007, 5.47910701698e-007, 4.29501142207e-007, 4.34543380834e-007, 4.3918956294e-007, 3.99804577e-007, 3.86152294141e-007, 3.14309374971e-007, 3.11492811989e-007, 3.51649873664e-007],
        "var": [2.02678709371e-008, 2.73790487881e-006, 6.78177639202e-006, 4.50464312962e-006, 2.71151861853e-006, 4.42540311951e-007, 1.61589014169e-007, 1.62638400525e-007, 1.04235390097e-007, 2.99108876334e-007, 2.95074642054e-007, 9.23009366716e-008, 5.20567908779e-008, 9.51576808461e-008, 5.87239767924e-008, 2.69571955869e-008, 3.94519750202e-009, 1.8682756675e-008, 1.46609631102e-008, 2.18983031708e-009, 7.29144189471e-010, 1.80185116827e-010, 3.0122904171e-010, 3.00273195197e-010, 3.10693054617e-010, 1.71773795188e-009, 2.927596221e-010, 1.57436605419e-010, 8.29977545025e-011, 2.82471060431e-011, 5.16968108946e-012, 6.45579119676e-012, 4.05321089192e-012, 5.98688676759e-012, 7.12623189625e-012, 6.77138770402e-012, 6.12908508668e-012, 3.26789246705e-012, 4.11184584645e-012, 5.29207320327e-012]
    },
    "mfcc": {
        "mean": [-734.301147461, 180.364028931, -0.971161305904, 41.130657196, 1.66176390648, -7.03588294983, 3.54448604584, -21.1003494263, -2.75942778587, -6.47823953629, -13.4806404114, -17.1739406586, -13.1299915314],
        "cov": [[4324.72070313, -1402.71630859, -540.981262207, 141.064498901, -370.71270752, 67.0891723633, 428.07699585, -134.913772583, 65.7550354004, 155.694107056, 76.9716796875, -23.1762199402, 70.3334121704], [-1402.71630859, 1800.81359863, -374.157470703, -88.0872650146, -16.7724094391, -185.708831787, 75.4114227295, -102.23235321, 76.7040786743, -62.9242897034, -62.8203353882, 0.0461033582687, -44.458896637], [-540.981262207, -374.157470703, 821.148376465, -88.0529098511, 136.30241394, 93.588760376, -224.980651855, 107.623809814, -46.0150642395, 22.1184749603, 6.02499628067, -12.4938688278, 5.34497451782], [141.064498901, -88.0872650146, -88.0529098511, 398.837554932, 45.3913497925, -127.891738892, -42.9456291199, 44.9587249756, 95.2428359985, -71.8969345093, 9.18461513519, 33.0039672852, -36.3110466003], [-370.71270752, -16.7724094391, 136.30241394, 45.3913497925, 279.583251953, 14.7773008347, -137.049240112, 80.6253051758, 21.1752910614, -25.8477249146, 5.04822397232, 2.21029448509, -13.2400817871], [67.0891723633, -185.708831787, 93.588760376, -127.891738892, 14.7773008347, 381.663421631, 14.6382083893, 19.8173885345, -83.7847747803, 99.8129577637, 21.0489559174, -24.5454864502, 38.9227714539], [428.07699585, 75.4114227295, -224.980651855, -42.9456291199, -137.049240112, 14.6382083893, 306.558929443, -80.1266860962, -13.5432739258, 45.1630096436, 3.16615223885, 3.28619527817, 52.0628051758], [-134.913772583, -102.23235321, 107.623809814, 44.9587249756, 80.6253051758, 19.8173885345, -80.1266860962, 183.985015869, -15.6661329269, -17.0905399323, 27.0878982544, 2.58045482635, -17.5374794006], [65.7550354004, 76.7040786743, -46.0150642395, 95.2428359985, 21.1752910614, -83.7847747803, -13.5432739258, -15.6661329269, 181.222213745, -41.1038017273, 13.4690599442, 21.113155365, -18.2675247192], [155.694107056, -62.9242897034, 22.1184749603, -71.8969345093, -25.8477249146, 99.8129577637, 45.1630096436, -17.0905399323, -41.1038017273, 164.610336304, -0.616697251797, -27.9331264496, 38.258430481], [76.9716796875, -62.8203353882, 6.02499628067, 9.18461513519, 5.04822397232, 21.0489559174, 3.16615223885, 27.0878982544, 13.4690599442, -0.616697251797, 135.913375854, 24.3355731964, -19.0513248444], [-23.1762199402, 0.0461033582687, -12.4938688278, 33.0039672852, 2.21029448509, -24.5454864502, 3.28619527817, 2.58045482635, 21.113155365, -27.9331264496, 24.3355731964, 109.491584778, -8.98550796509], [70.3334121704, -44.458896637, 5.34497451782, -36.3110466003, -13.2400817871, 38.9227714539, 52.0628051758, -17.5374794006, -18.2675247192, 38.258430481, -19.0513248444, -8.98550796509, 131.18447876]],
        "icov": [[0.000559565611184, 0.000561029475648, 0.000415112706833, -1.80625011126e-005, 0.000342200946761, 6.31256698398e-005, -0.000434015411884, 8.87133792276e-005, -0.000445166195277, -0.000333858275553, -8.63702662173e-005, 0.000217752487515, 0.000105877828901], [0.000561029475648, 0.00127226114273, 0.00074563495582, 0.00040434586117, 0.00013077526819, 0.000350743095623, -0.000455691129901, 0.000210810321732, -0.000691802822985, -0.000226519550779, 0.000194467778783, 0.000226701260544, 0.000343584164511], [0.000415112706833, 0.00074563495582, 0.00220000953414, 0.000628765381407, -5.30671495653e-005, 2.39039327425e-005, 0.000897924532183, -0.000403909187298, -0.000322871492244, -0.000460438110167, 1.64705725183e-005, 6.17723344476e-005, -0.000212316808756], [-1.80625011126e-005, 0.00040434586117, 0.000628765381407, 0.00365951471031, -0.000381857971661, 0.000824420189019, 0.000268829287961, -0.000933637784328, -0.00139273249079, 0.000458618305856, 0.000255056045717, -0.000475696171634, 0.000296148005873], [0.000342200946761, 0.00013077526819, -5.30671495653e-005, -0.000381857971661, 0.00529694324359, -0.000454040971817, 0.00148198753595, -0.00129419425502, -0.000871158437803, 3.93153823097e-005, -4.20643937105e-006, 9.98454124783e-005, -0.000461075309431], [6.31256698398e-005, 0.000350743095623, 2.39039327425e-005, 0.000824420189019, -0.000454040971817, 0.00375646329485, -0.000168106911588, -0.000280359148746, 0.000782392220572, -0.00160407449584, -0.000596373516601, 0.000176839268534, -0.000316634628689], [-0.000434015411884, -0.000455691129901, 0.000897924532183, 0.000268829287961, 0.00148198753595, -0.000168106911588, 0.00595891615376, 0.000703549885657, 0.000491959857754, -0.000546115159523, -0.000533343700226, -0.000600428320467, -0.00184611685108], [8.87133792276e-005, 0.000210810321732, -0.000403909187298, -0.000933637784328, -0.00129419425502, -0.000280359148746, 0.000703549885657, 0.00735473120585, 0.00118120608386, 0.000443481898401, -0.0013797020074, 0.00023864020477, 0.000289608375169], [-0.000445166195277, -0.000691802822985, -0.000322871492244, -0.00139273249079, -0.000871158437803, 0.000782392220572, 0.000491959857754, 0.00118120608386, 0.00753065291792, 0.000758109090384, -0.000937978620641, -0.000617114303168, -7.6454023656e-005], [-0.000333858275553, -0.000226519550779, -0.000460438110167, 0.000458618305856, 3.93153823097e-005, -0.00160407449584, -0.000546115159523, 0.000443481898401, 0.000758109090384, 0.00845765601844, -0.000212711951463, 0.00133657781407, -0.00129649904557], [-8.63702662173e-005, 0.000194467778783, 1.64705725183e-005, 0.000255056045717, -4.20643937105e-006, -0.000596373516601, -0.000533343700226, -0.0013797020074, -0.000937978620641, -0.000212711951463, 0.00847557652742, -0.00181879894808, 0.0014235918643], [0.000217752487515, 0.000226701260544, 6.17723344476e-005, -0.000475696171634, 9.98454124783e-005, 0.000176839268534, -0.000600428320467, 0.00023864020477, -0.000617114303168, 0.00133657781407, -0.00181879894808, 0.0102450847626, 1.55709840328e-005], [0.000105877828901, 0.000343584164511, -0.000212316808756, 0.000296148005873, -0.000461075309431, -0.000316634628689, -0.00184611685108, 0.000289608375169, -7.6454023656e-005, -0.00129649904557, 0.0014235918643, 1.55709840328e-005, 0.00916721392423]]
    },
    "spectral_contrast_coeffs": {
        "mean": [-0.492635279894, -0.634462118149, -0.712438821793, -0.749192476273, -0.759047746658, -0.74310874939],
        "var": [0.00564998108894, 0.00699282530695, 0.00831745099276, 0.00470960745588, 0.00439007906243, 0.00350852264091]
    },
    "spectral_contrast_valleys": {
        "mean": [-7.81550884247, -7.41716098785, -8.38298130035, -8.82622241974, -8.87166786194, -12.179227829],
        "var": [0.576315164566, 0.511023879051, 0.574600815773, 0.617287039757, 0.969236195087, 1.29879367352]
    }
},
"metadata": {
    "audio_properties": {
        "analysis_sample_rate": 44100,
        "bit_rate": 128074,
        "equal_loudness": 0,
        "length": 45.0612258911,
        "lossless": 0,
        "replay_gain": -6.5864276886,
        "sample_rate": 44100,
        "codec": "mp3",
        "downmix": "mix",
        "md5_encoded": "7624c31aad0c8f15ac76062ca60b04a8"
    },
    "tags": {
        "file_name": "1436.mp3"
    },
    "version": {
        "essentia": "2.1-beta2",
        "essentia_git_sha": "v2.1_beta2",
        "extractor": "music 1.0"
    }
},
"rhythm": {
    "beats_count": 76,
    "beats_loudness": {
        "mean": 0.0347804687917,
        "var": 0.000420598109486
    },
    "bpm": 102.887298584,
    "bpm_histogram_first_peak_bpm": {
        "mean": 103,
        "var": 0
    },
    "bpm_histogram_first_peak_spread": {
        "mean": 0.465753436089,
        "var": 0
    },
    "bpm_histogram_first_peak_weight": {
        "mean": 0.519999980927,
        "var": 0
    },
    "bpm_histogram_second_peak_bpm": {
        "mean": 98,
        "var": 0
    },
    "bpm_histogram_second_peak_spread": {
        "mean": 0,
        "var": 0
    },
    "bpm_histogram_second_peak_weight": {
        "mean": 0.0133333336562,
        "var": 0
    },
    "danceability": 1.36383652687,
    "onset_rate": 3.81530880928,
    "beats_loudness_band_ratio": {
        "mean": [0.473571389914, 0.467610806227, 0.105141073465, 0.0452058874071, 0.0199528504163, 0.0267624668777],
        "var": [0.05039049685, 0.0421770699322, 0.0133791379631, 0.0099324407056, 0.00114825868513, 0.00425827596337]
    },
    "beats_position": [0.592108845711, 1.18421769142, 1.764716506, 2.33360528946, 2.91410422325, 3.50621318817, 4.09832191467, 4.71365070343, 5.31736946106, 5.89786815643, 6.47836732864, 7.05886602402, 7.63936471939, 8.20825386047, 8.76553249359, 9.33442115784, 9.91492080688, 10.4954195023, 11.0759181976, 11.656416893, 12.2369155884, 12.8174142838, 13.3863039017, 13.9784126282, 14.5589113235, 15.1626300812, 15.7431287766, 16.3236274719, 16.904127121, 17.4962348938, 18.0999546051, 18.6920623779, 19.2841720581, 19.8646717072, 20.4335594177, 21.0140590668, 21.5829467773, 22.1634464264, 22.7439460754, 23.3360538483, 23.9165534973, 24.497051239, 25.0775508881, 25.6580486298, 26.2385482788, 26.8190479279, 27.3879356384, 27.9800453186, 28.5605430603, 29.1526527405, 29.7331504822, 30.3136501312, 30.8825397491, 31.4630374908, 32.0435371399, 32.6240348816, 33.2161445618, 33.8082542419, 34.3887519836, 34.9692497253, 35.5381393433, 36.1070289612, 36.6875267029, 37.2680282593, 37.8601341248, 38.4522438049, 39.0327415466, 39.6364631653, 40.2401809692, 40.8438987732, 41.4360084534, 42.0281181335, 42.6202278137, 43.2007255554, 43.7928352356, 44.3733329773]
},
"tonal": {
    "chords_changes_rate": 0.0411522649229,
    "chords_number_rate": 0.00823045242578,
    "chords_strength": {
        "mean": 0.536734163761,
        "var": 0.00876570120454
    },
    "hpcp_entropy": {
        "mean": 1.57459640503,
        "var": 0.544208109379
    },
    "key_strength": 0.805868446827,
    "tuning_diatonic_strength": 0.548667311668,
    "tuning_equal_tempered_deviation": 0.0300386175513,
    "tuning_frequency": 442.03793335,
    "tuning_nontempered_energy_ratio": 0.643389761448,
    "hpcp": {
        "mean": [0.210031792521, 0.103036053479, 0.0288617033511, 0.0169100016356, 0.0265768524259, 0.140620097518, 0.227572962642, 0.122146442533, 0.0297970864922, 0.0248616300523, 0.0296293143183, 0.108447857201, 0.198405668139, 0.144663959742, 0.221952676773, 0.34738227725, 0.180972099304, 0.0250710938126, 0.0131754390895, 0.0433286465704, 0.136299729347, 0.155000463128, 0.0860489234328, 0.0633851364255, 0.0600425302982, 0.0715764611959, 0.179489716887, 0.258883476257, 0.164608925581, 0.113023608923, 0.119699783623, 0.0689826235175, 0.0659396201372, 0.090895742178, 0.106362849474, 0.18725207448],
        "var": [0.108860038221, 0.0371031686664, 0.0100267874077, 0.00616341968998, 0.00681817391887, 0.04305825755, 0.111326776445, 0.0415277145803, 0.0107306661084, 0.0102685708553, 0.0129416603595, 0.0430466085672, 0.1164355129, 0.0599559508264, 0.0562564954162, 0.126627534628, 0.0419183373451, 0.00669068610296, 0.0022320530843, 0.0136726638302, 0.0664107427001, 0.0764823332429, 0.0331396460533, 0.0299470108002, 0.0296822655946, 0.0336479507387, 0.075300514698, 0.122317761183, 0.0589335635304, 0.0503285750747, 0.0658923834562, 0.0203024297953, 0.0212132576853, 0.0423176772892, 0.0455984398723, 0.0876195132732]
    },
    "chords_histogram": [12.9629631042, 11.5226335526, 15.123456955, 1.54320991039, 5.86419773102, 0, 0, 0, 0, 0, 0, 0, 0, 0, 0, 3.18930029869, 0, 0.308641970158, 0, 0, 0, 0, 11.3168725967, 38.1687240601],
    "thpcp": [1, 0.520959496498, 0.0721714794636, 0.0379277803004, 0.124729007483, 0.392362356186, 0.446195662022, 0.247706711292, 0.182465091348, 0.172842815518, 0.206045225263, 0.516692221165, 0.745240867138, 0.473855286837, 0.325358003378, 0.344576537609, 0.198578417301, 0.189818605781, 0.261659115553, 0.306183874607, 0.539037525654, 0.604612886906, 0.296607106924, 0.0830834060907, 0.0486783646047, 0.0765060707927, 0.404799282551, 0.65510815382, 0.351619660854, 0.0857760682702, 0.0715685039759, 0.0852931067348, 0.312185913324, 0.571145057678, 0.416440248489, 0.638929188251],
    "chords_key": "B",
    "chords_scale": "minor",
    "key_key": "D",
    "key_scale": "major"
}
}