{
"lowlevel": {
    "average_loudness": 0.673370242119,
    "barkbands_crest": {
        "mean": 12.1548643112,
        "var": 13.0067796707
    },
    "barkbands_flatness_db": {
        "mean": 0.359324991703,
        "var": 0.00242003984749
    },
    "barkbands_kurtosis": {
        "mean": 11.6362161636,
        "var": 92.7191925049
    },
    "barkbands_skewness": {
        "mean": 2.8918762207,
        "var": 1.20529186726
    },
    "barkbands_spread": {
        "mean": 6.93174934387,
        "var": 20.1540222168
    },
    "dissonance": {
        "mean": 0.377083033323,
        "var": 0.00140267494135
    },
    "dynamic_complexity": 1.50281572342,
    "erbbands_crest": {
        "mean": 10.5731182098,
        "var": 16.9045944214
    },
    "erbbands_flatness_db": {
        "mean": 0.336463242769,
        "var": 0.00122537103016
    },
    "erbbands_kurtosis": {
        "mean": 0.675483942032,
        "var": 13.3476772308
    },
    "erbbands_skewness": {
        "mean": 0.992815554142,
        "var": 0.538893520832
    },
    "erbbands_spread": {
        "mean": 28.8908977509,
        "var": 81.5426940918
    },
    "hfc": {
        "mean": 11.1562414169,
        "var": 88.8614120483
    },
    "melbands_crest": {
        "mean": 15.0476284027,
        "var": 17.9563961029
    },
    "melbands_flatness_db": {
        "mean": 0.463798671961,
        "var": 0.00355542101897
    },
    "melbands_kurtosis": {
        "mean": 19.0702323914,
        "var": 138.461898804
    },
    "melbands_skewness": {
        "mean": 3.39811873436,
        "var": 1.1820384264
    },
    "melbands_spread": {
        "mean": 7.88711643219,
        "var": 125.192459106
    },
    "pitch_salience": {
        "mean": 0.508386433125,
        "var": 0.0114486869425
    },
    "silence_rate_20dB": {
        "mean": 0.999485075474,
        "var": 0.000514666258823
    },
    "silence_rate_30dB": {
        "mean": 0.9866117239,
        "var": 0.013209012337
    },
    "silence_rate_60dB": {
        "mean": 0.014933058992,
        "var": 0.014710101299
    },
    "spectral_centroid": {
        "mean": 539.405944824,
        "var": 207907.203125
    },
    "spectral_complexity": {
        "mean": 12.0406799316,
        "var": 9.03490829468
    },
    "spectral_decrease": {
        "mean": -7.50525153137e-009,
        "var": 3.19518297759e-017
    },
    "spectral_energy": {
        "mean": 0.0293384697288,
        "var": 0.000485467811814
    },
    "spectral_energyband_high": {
        "mean": 5.97039143031e-005,
        "var": 4.28147245657e-007
    },
    "spectral_energyband_low": {
        "mean": 0.00304463109933,
        "var": 1.08592712422e-005
    },
    "spectral_energyband_middle_high": {
        "mean": 0.00151673576329,
        "var": 1.34300705668e-006
    },
    "spectral_energyband_middle_low": {
        "mean": 0.0264559369534,
        "var": 0.000446588004706
    },
    "spectral_entropy": {
        "mean": 5.53573465347,
        "var": 0.206005915999
    },
    "spectral_flux": {
        "mean": 0.0374129973352,
        "var": 0.0007365870988
    },
    "spectral_kurtosis": {
        "mean": 37.1079978943,
        "var": 479.045623779
    },
    "spectral_rms": {
        "mean": 0.00513730291277,
        "var": 2.23098504648e-006
    },
    "spectral_rolloff": {
        "mean": 543.841674805,
        "var": 822106.25
    },
    "spectral_skewness": {
        "mean": 3.66892242432,
        "var": 1.90273833275
    },
    "spectral_spread": {
        "mean": 1530100.75,
        "var": 2.33809012326e+012
    },
    "spectral_strongpeak": {
        "mean": 1.03398120403,
        "var": 0.494287878275
    },
    "zerocrossingrate": {
        "mean": 0.0266510546207,
        "var": 0.000825090159196
    },
    "barkbands": {
        "mean": [4.00289764002e-006, 8.44706482894e-006, 0.00131609092932, 0.00462023401633, 0.0113756395876, 0.0062567316927, 0.00292491959408, 0.000549839052837, 0.000676089432091, 0.000138469142257, 8.28837437439e-005, 3.61080628863e-006, 0.000235678642639, 0.000193307045265, 0.00028855225537, 0.00025557729532, 0.000196135093574, 9.14387783268e-005, 3.99273922085e-005, 2.22692851821e-005, 1.63292793331e-006, 1.38094101203e-005, 1.75131935976e-005, 1.79715789272e-005, 6.46639773549e-006, 1.23348524994e-006, 1.89374951276e-008],
        "var": [4.82625640841e-011, 3.38582301085e-010, 1.88228170828e-006, 3.42910971085e-005, 0.000110967746878, 0.000109169377538, 1.50661799125e-005, 8.86233749497e-007, 5.89155376929e-007, 1.70568583258e-007, 2.14333706339e-008, 3.12808556835e-010, 6.99534083992e-008, 4.53693829172e-008, 8.97647467468e-008, 3.58156029279e-008, 2.64253046112e-008, 3.70629038571e-008, 6.78715679214e-008, 2.17710738326e-008, 2.29940441687e-010, 2.66022421869e-008, 3.97218045123e-008, 4.28643076589e-008, 5.49843148789e-009, 1.8371258681e-010, 4.3473430693e-014]
    },
    "erbbands": {
        "mean": [0.000538332329597, 0.0186440851539, 0.936677873135, 8.78833293915, 22.9253292084, 47.377784729, 31.4216842651, 73.2906723022, 41.4497184753, 33.4936103821, 8.04901409149, 19.7820587158, 6.61995077133, 5.77298641205, 1.59388053417, 1.39153039455, 10.9089002609, 11.9163799286, 18.4322128296, 9.57265663147, 14.2489480972, 6.84917116165, 6.34718465805, 2.08353185654, 2.93140077591, 0.899903774261, 0.0736145228148, 0.124451689422, 0.407521545887, 0.553573489189, 0.528598845005, 0.46123701334, 0.239173710346, 0.106374181807, 0.0293399766088, 0.00843548309058, 0.00121715059504, 0.00017645052867, 1.81826690095e-005, 3.30993716489e-005],
        "var": [5.25339828528e-007, 0.000363420636859, 0.85187125206, 98.1255874634, 287.700012207, 2378.3581543, 2185.93359375, 17416.2910156, 3816.80541992, 1311.7088623, 65.6746139526, 479.684661865, 241.751235962, 93.8397903442, 25.9846973419, 4.21191596985, 183.304107666, 89.6107559204, 339.306732178, 81.718963623, 67.8837509155, 20.4750576019, 21.2089672089, 128.78163147, 325.822784424, 104.168746948, 0.429454803467, 1.81670594215, 22.8621997833, 41.6769714355, 36.2007484436, 28.9153633118, 7.6919298172, 1.47167730331, 0.113706737757, 0.00869582593441, 0.000163797682035, 4.00887847718e-006, 2.35790720282e-009, 6.19133577739e-010]
    },
    "gfcc": {
        "mean": [-139.212356567, 219.146286011, -142.590179443, -16.3619289398, -7.56695127487, -66.4717178345, -64.7874526978, -12.6437454224, -23.0362968445, -21.887966156, -13.854970932, -29.4145126343, -9.20165729523],
        "cov": [[1684.21289063, -99.4457321167, -48.2535743713, 108.315658569, -198.002548218, 177.56817627, -55.812210083, -104.647659302, 33.1062316895, 41.5354270935, 21.8980960846, -0.183739200234, -70.1839447021], [-99.4457321167, 1766.63037109, -495.768218994, -358.076507568, 985.133605957, -563.33996582, 42.9851646423, -82.2149200439, 29.2275466919, -63.808216095, 135.175323486, -248.656539917, -21.4010677338], [-48.2535743713, -495.768218994, 346.025146484, 57.2906265259, -314.572296143, 308.288726807, -59.3514900208, -25.0604362488, 44.334690094, 23.0958805084, -35.6237373352, 102.858512878, -44.4161911011], [108.315658569, -358.076507568, 57.2906265259, 250.003112793, -180.198135376, 5.31997346878, 51.9000434875, -17.7930164337, -40.1759414673, 23.9762210846, -25.5799179077, 18.8287239075, 38.2196426392], [-198.002548218, 985.133605957, -314.572296143, -180.198135376, 711.475097656, -301.618408203, 26.7331008911, -28.5069732666, 11.2793312073, -17.2236537933, 82.9711532593, -157.28565979, -35.6637229919], [177.56817627, -563.33996582, 308.288726807, 5.31997346878, -301.618408203, 613.249267578, -48.3773803711, -38.679069519, 84.2145309448, 81.8895950317, 4.41021728516, 122.103843689, -155.127227783], [-55.812210083, 42.9851646423, -59.3514900208, 51.9000434875, 26.7331008911, -48.3773803711, 94.9314804077, 11.3196668625, -35.0456619263, 14.6925086975, 24.8900241852, -17.1960163116, 9.33690452576], [-104.647659302, -82.2149200439, -25.0604362488, -17.7930164337, -28.5069732666, -38.679069519, 11.3196668625, 105.415222168, -25.7910900116, -17.5091495514, -3.59074473381, 9.5937204361, 3.62581944466], [33.1062316895, 29.2275466919, 44.334690094, -40.1759414673, 11.2793312073, 84.2145309448, -35.0456619263, -25.7910900116, 74.5760650635, 29.8225669861, -5.99019622803, -2.51880455017, -35.6757698059], [41.5354270935, -63.808216095, 23.0958805084, 23.9762210846, -17.2236537933, 81.8895950317, 14.6925086975, -17.5091495514, 29.8225669861, 93.834602356, 2.63591623306, -26.2655906677, -18.0710296631], [21.8980960846, 135.175323486, -35.6237373352, -25.5799179077, 82.9711532593, 4.41021728516, 24.8900241852, -3.59074473381, -5.99019622803, 2.63591623306, 82.599647522, 11.8381261826, -50.4308319092], [-0.183739200234, -248.656539917, 102.858512878, 18.8287239075, -157.28565979, 122.103843689, -17.1960163116, 9.5937204361, -2.51880455017, -26.2655906677, 11.8381261826, 103.477577209, -20.4334220886], [-70.1839447021, -21.4010677338, -44.4161911011, 38.2196426392, -35.6637229919, -155.127227783, 9.33690452576, 3.62581944466, -35.6757698059, -18.0710296631, -50.4308319092, -20.4334220886, 116.20917511]],
        "icov": [[0.00115560309496, -0.00117001088802, 0.00180633366108, -0.00176841870416, 0.00188817933667, -0.00109564058948, 0.00252929306589, 0.00022875572904, 0.000589731207583, -0.000274136808002, -0.000306879752316, 0.000404245365644, 0.000737323949579], [-0.00117001088802, 0.00896441191435, -0.00189154886175, 0.00862694531679, -0.00665639340878, 0.00526056019589, -0.00751156685874, 0.00671043759212, -0.00490931188688, 0.00493552861735, -0.00411232654005, 0.00549489399418, 0.00119959691074], [0.00180633366108, -0.00189154886175, 0.0111067481339, -0.00381658575498, 0.00472149625421, -0.00386008480564, 0.00651974976063, 0.00148181500845, -0.000316561636282, -0.000493830128107, 0.0012955336133, -0.00209903810173, 0.00198817299679], [-0.00176841870416, 0.00862694531679, -0.00381658575498, 0.0164934843779, -0.00511035090312, 0.0075268461369, -0.0124587891623, 0.00927756819874, -0.0004631576885, 0.00117460731417, 0.000378562021069, 0.00288259680383, 0.00353987305425], [0.00188817933667, -0.00665639340878, 0.00472149625421, -0.00511035090312, 0.0108162797987, -0.00285630906001, 0.00689873797819, -0.00181885354687, 0.00280891172588, -0.00198878953233, -6.77775869917e-006, 0.00157421105541, 0.00323578086682], [-0.00109564058948, 0.00526056019589, -0.00386008480564, 0.0075268461369, -0.00285630906001, 0.0112501643598, -0.00656772824004, 0.00657111080363, -0.00142843590584, -0.00349789718166, 0.00410660589114, -0.0034278172534, 0.0110170710832], [0.00252929306589, -0.00751156685874, 0.00651974976063, -0.0124587891623, 0.00689873797819, -0.00656772824004, 0.0279195588082, -0.00625160243362, 0.00970461498946, -0.00659147743136, -0.00513816112652, -9.90805638139e-005, -0.00225750007667], [0.00022875572904, 0.00671043759212, 0.00148181500845, 0.00927756819874, -0.00181885354687, 0.00657111080363, -0.00625160243362, 0.019862242043, 0.00199617794715, 0.00185820565093, 0.00208846759051, 0.00164018454961, 0.00908167660236], [0.000589731207583, -0.00490931188688, -0.000316561636282, -0.0004631576885, 0.00280891172588, -0.00142843590584, 0.00970461498946, 0.00199617794715, 0.031726077199, -0.0131357265636, 0.0111354729161, -0.0060610929504, 0.00906041171402], [-0.000274136808002, 0.00493552861735, -0.000493830128107, 0.00117460731417, -0.00198878953233, -0.00349789718166, -0.00659147743136, 0.00185820565093, -0.0131357265636, 0.0264405347407, -0.0120354788378, 0.0184508319944, -0.00653947331011], [-0.000306879752316, -0.00411232654005, 0.0012955336133, 0.000378562021069, -6.77775869917e-006, 0.00410660589114, -0.00513816112652, 0.00208846759051, 0.0111354729161, -0.0120354788378, 0.0368645861745, -0.020348219201, 0.0192225426435], [0.000404245365644, 0.00549489399418, -0.00209903810173, 0.00288259680383, 0.00157421105541, -0.0034278172534, -9.90805638139e-005, 0.00164018454961, -0.0060610929504, 0.0184508319944, -0.020348219201, 0.0363674908876, -0.00605749385431], [0.000737323949579, 0.00119959691074, 0.00198817299679, 0.00353987305425, 0.00323578086682, 0.0110170710832, -0.00225750007667, 0.00908167660236, 0.00906041171402, -0.00653947331011, 0.0192225426435, -0.00605749385431, 0.0335062034428]]
    },
    "melbands": {
        "mean": [2.00456861421e-006, 0.000323486019624, 0.00193664093968, 0.00260413973592, 0.00142721144948, 0.00144446769264, 0.000656205986161, 0.000317349680699, 4.59749971924e-005, 0.00013081538782, 2.77384460787e-005, 2.2618121875e-005, 6.90912429491e-006, 1.12531984087e-006, 1.60841846082e-005, 2.12126597035e-005, 2.18192581087e-005, 2.85312762571e-005, 1.13247515401e-005, 2.12602681131e-005, 1.62885498867e-005, 7.76987053541e-006, 7.58768328524e-006, 3.26295321429e-006, 1.36588789701e-006, 2.16852254198e-006, 1.54923657192e-006, 3.38013052215e-007, 2.34260379983e-008, 3.3040905123e-008, 8.22686132551e-008, 1.96935189933e-007, 3.40391750342e-007, 2.76819179135e-007, 2.88712755037e-007, 3.10656474767e-007, 2.79785552948e-007, 1.90261388866e-007, 9.55081986831e-008, 9.22861715935e-008],
        "var": [2.32891050195e-011, 1.17031262903e-007, 4.31882654084e-006, 3.21382844959e-006, 4.56055477116e-006, 6.52872995488e-006, 8.22944684842e-007, 1.18553295181e-007, 2.54433718538e-009, 2.23752962825e-008, 5.6818056926e-009, 1.70105673991e-009, 2.746799177e-010, 2.65730805415e-011, 6.32343011286e-010, 2.95411861639e-010, 4.19052209599e-010, 8.15248479835e-010, 1.34027636212e-010, 3.28751748047e-010, 1.34431923926e-010, 5.99377283916e-011, 3.58550827917e-011, 5.48671594269e-011, 7.38749894591e-011, 2.62568938814e-010, 4.6403353382e-011, 3.66635888316e-011, 2.8525382875e-014, 1.14187535837e-013, 8.99735960649e-013, 5.6556061917e-012, 1.81650770814e-011, 1.05313726489e-011, 1.08133363375e-011, 1.45389629155e-011, 1.07013599371e-011, 5.06434304215e-012, 1.17891623113e-012, 1.13315932158e-012]
    },
    "mfcc": {
        "mean": [-790.019714355, 237.807037354, -27.6054210663, 11.2985506058, 42.8120994568, -35.2459449768, -47.5439071655, -20.5535240173, -18.1184387207, -7.54981613159, -13.7176551819, -24.9768810272, -16.210943222],
        "cov": [[1246.7019043, 47.9210205078, -102.295516968, 11.2609586716, -41.5780410767, 177.999862671, 32.2601890564, -55.9254455566, -59.2082023621, 104.018791199, 153.418548584, 17.8379230499, -35.7655334473], [47.9210205078, 1568.13989258, -532.529968262, -88.5161895752, 485.222900391, 24.4034347534, -145.519866943, -150.260177612, -22.8534011841, 28.4605312347, 109.5131073, 16.115240097, -72.7085113525], [-102.295516968, -532.529968262, 407.898925781, -59.0927085876, -181.275802612, 153.63394165, 72.201171875, 14.9606819153, 27.1326465607, 1.01627361774, 32.4990653992, 104.146011353, 25.4949035645], [11.2609586716, -88.5161895752, -59.0927085876, 370.401519775, -47.6905250549, -212.069137573, 5.49436283112, 21.1819591522, -36.7145652771, -16.9204673767, -120.620651245, -119.333496094, 53.77526474], [-41.5780410767, 485.222900391, -181.275802612, -47.6905250549, 283.923248291, 54.3493423462, -69.4497451782, -50.9390182495, 2.88346171379, 15.4748878479, 75.4655609131, 35.1147537231, -57.2562599182], [177.999862671, 24.4034347534, 153.63394165, -212.069137573, 54.3493423462, 461.18270874, 82.406036377, -95.6696472168, -9.70400905609, 59.7635879517, 248.15296936, 183.44631958, -80.172164917], [32.2601890564, -145.519866943, 72.201171875, 5.49436283112, -69.4497451782, 82.406036377, 133.457550049, 37.5085754395, -45.3130760193, -1.89226055145, 77.6875076294, 70.1602783203, -6.67932605743], [-55.9254455566, -150.260177612, 14.9606819153, 21.1819591522, -50.9390182495, -95.6696472168, 37.5085754395, 137.396331787, -12.0265102386, -82.5939025879, -24.0849132538, 4.46352052689, 16.7488956451], [-59.2082023621, -22.8534011841, 27.1326465607, -36.7145652771, 2.88346171379, -9.70400905609, -45.3130760193, -12.0265102386, 106.147544861, 44.1898460388, -85.5808334351, -27.9438018799, 51.0523529053], [104.018791199, 28.4605312347, 1.01627361774, -16.9204673767, 15.4748878479, 59.7635879517, -1.89226055145, -82.5939025879, 44.1898460388, 163.50390625, 10.232006073, -36.7773857117, 33.59034729], [153.418548584, 109.5131073, 32.4990653992, -120.620651245, 75.4655609131, 248.15296936, 77.6875076294, -24.0849132538, -85.5808334351, 10.232006073, 296.065917969, 184.555007935, -127.165931702], [17.8379230499, 16.115240097, 104.146011353, -119.333496094, 35.1147537231, 183.44631958, 70.1602783203, 4.46352052689, -27.9438018799, -36.7773857117, 184.555007935, 233.72517395, -47.110874176], [-35.7655334473, -72.7085113525, 25.4949035645, 53.77526474, -57.2562599182, -80.172164917, -6.67932605743, 16.7488956451, 51.0523529053, 33.59034729, -127.165931702, -47.110874176, 176.603225708]],
        "icov": [[0.00128352199681, -3.52191614184e-006, 0.00139980309177, -0.000667125335895, 0.00166141311638, -0.00162993941922, 0.00197071325965, -0.00151529058348, 0.00127009989228, -0.00182883080561, 0.000345698790625, -0.000953139737248, 0.000251847639447], [-3.52191614184e-006, 0.00217279209755, 0.00189175142441, 0.000569635885768, -0.0022128620185, 0.000557357561775, -0.000525148818269, 0.00255582900718, -0.000553057936486, 0.00144454848487, -0.00111193477642, 0.000106227977085, -0.00116658187471], [0.00139980309177, 0.00189175142441, 0.00936251413077, -0.00121961848345, 0.00456727622077, -0.00487076956779, 0.00441959826276, -0.00213609519415, 0.00120199238881, -0.00291734817438, 0.00273252464831, -0.00557126058266, 0.000410238979384], [-0.000667125335895, 0.000569635885768, -0.00121961848345, 0.00537827331573, -0.0025854378473, 0.00394230615348, -0.00456509925425, 0.00432501547039, 0.000298503728118, 0.00286699458957, -0.0012914565159, 0.00303796539083, -0.00174468930345], [0.00166141311638, -0.0022128620185, 0.00456727622077, -0.0025854378473, 0.0131830703467, -0.00538107240573, 0.00920489989221, -0.00636368757114, 0.00197021756321, -0.00581516837701, 0.00198379834183, -0.00539733190089, 0.00286140828393], [-0.00162993941922, 0.000557357561775, -0.00487076956779, 0.00394230615348, -0.00538107240573, 0.0132038583979, -0.0111588910222, 0.0128631060943, -0.0100198760629, 0.00913205184042, -0.0118867531419, 0.00671809120104, -0.00359783903696], [0.00197071325965, -0.000525148818269, 0.00441959826276, -0.00456509925425, 0.00920489989221, -0.0111588910222, 0.0268783774227, -0.017326420173, 0.0154475271702, -0.0150129115209, 0.0092125274241, -0.011887922883, 0.00336557859555], [-0.00151529058348, 0.00255582900718, -0.00213609519415, 0.00432501547039, -0.00636368757114, 0.0128631060943, -0.017326420173, 0.0292808990926, -0.0157574117184, 0.020769521594, -0.0158035829663, 0.0108948247507, -0.00778778828681], [0.00127009989228, -0.000553057936486, 0.00120199238881, 0.000298503728118, 0.00197021756321, -0.0100198760629, 0.0154475271702, -0.0157574117184, 0.0351609885693, -0.0201733727008, 0.0238490346819, -0.0139949526638, 0.00504609616473], [-0.00182883080561, 0.00144454848487, -0.00291734817438, 0.00286699458957, -0.00581516837701, 0.00913205184042, -0.0150129115209, 0.020769521594, -0.0201733727008, 0.0270718093961, -0.0194023493677, 0.0158609300852, -0.00956202205271], [0.000345698790625, -0.00111193477642, 0.00273252464831, -0.0012914565159, 0.00198379834183, -0.0118867531419, 0.0092125274241, -0.0158035829663, 0.0238490346819, -0.0194023493677, 0.0336288921535, -0.0194916073233, 0.0125166978687], [-0.000953139737248, 0.000106227977085, -0.00557126058266, 0.00303796539083, -0.00539733190089, 0.00671809120104, -0.011887922883, 0.0108948247507, -0.0139949526638, 0.0158609300852, -0.0194916073233, 0.0219573304057, -0.0076020094566], [0.000251847639447, -0.00116658187471, 0.000410238979384, -0.00174468930345, 0.00286140828393, -0.00359783903696, 0.00336557859555, -0.00778778828681, 0.00504609616473, -0.00956202205271, 0.0125166978687, -0.0076020094566, 0.0132103450596]]
    },
    "spectral_contrast_coeffs": {
        "mean": [-0.340548545122, -0.521540939808, -0.580911397934, -0.600235700607, -0.56324249506, -0.858244001865],
        "var": [0.0043025854975, 0.00595509214327, 0.00537443906069, 0.00360001833178, 0.0057142758742, 0.0015117272269]
    },
    "spectral_contrast_valleys": {
        "mean": [-9.39693641663, -7.84450674057, -9.91010665894, -9.79501819611, -11.4970169067, -13.7294025421],
        "var": [0.634831488132, 0.620499551296, 0.45845028758, 0.478262871504, 0.625925421715, 0.883653640747]
    }
},
"metadata": {
    "audio_properties": {
        "analysis_sample_rate": 44100,
        "bit_rate": 128074,
        "equal_loudness": 0,
        "length": 45.0612258911,
        "lossless": 0,
        "replay_gain": -5.15256500244,
        "sample_rate": 44100,
        "codec": "mp3",
        "downmix": "mix",
        "md5_encoded": "fe2406e1657fd25febfd5ef08bbbaa90"
    },
    "tags": {
        "file_name": "1438.mp3"
    },
    "version": {
        "essentia": "2.1-beta2",
        "essentia_git_sha": "v2.1_beta2",
        "extractor": "music 1.0"
    }
},
"rhythm": {
    "beats_count": 78,
    "beats_loudness": {
        "mean": 0.0344402492046,
        "var": 0.00130369595718
    },
    "bpm": 114.442184448,
    "bpm_histogram_first_peak_bpm": {
        "mean": 115,
        "var": 0
    },
    "bpm_histogram_first_peak_spread": {
        "mean": 0.444444417953,
        "var": 0
    },
    "bpm_histogram_first_peak_weight": {
        "mean": 0.389610379934,
        "var": 0
    },
    "bpm_histogram_second_peak_bpm": {
        "mean": 85,
        "var": 0
    },
    "bpm_histogram_second_peak_spread": {
        "mean": 0.384615391493,
        "var": 0
    },
    "bpm_histogram_second_peak_weight": {
        "mean": 0.103896103799,
        "var": 0
    },
    "danceability": 1.00092291832,
    "onset_rate": 0.887281119823,
    "beats_loudness_band_ratio": {
        "mean": [0.288605153561, 0.543191850185, 0.163928255439, 0.0236963331699, 0.0354848690331, 0.0126960212365],
        "var": [0.0174516048282, 0.0291410386562, 0.00972013175488, 0.000210700076423, 0.000364202569472, 0.00883607845753]
    },
    "beats_position": [0.510838985443, 1.02167797089, 1.53251695633, 2.04335594177, 2.55419492722, 3.07664394379, 3.59909296036, 4.13315200806, 4.66721057892, 5.18965959549, 5.71210861206, 6.23455762863, 6.7570066452, 7.27945566177, 7.81351470947, 8.34757328033, 8.87002277374, 9.39247131348, 9.91492080688, 10.4257593155, 10.9365987778, 11.4474372864, 11.9582767487, 12.4807252884, 13.0031747818, 13.5140132904, 14.0364627838, 14.5705213547, 15.1161899567, 15.6386394501, 16.1610889435, 16.6835365295, 17.2175960541, 17.7632656097, 18.2857131958, 18.8081626892, 19.3306121826, 19.853061676, 20.3871192932, 20.9211788177, 21.4436283112, 21.9660758972, 22.4885253906, 23.0225849152, 23.5682544708, 24.102312088, 24.6479816437, 25.1820411682, 25.7044887543, 26.2269382477, 26.7493877411, 27.2718353271, 27.8058948517, 28.3399543762, 28.8624038696, 29.3848514557, 29.9073009491, 30.4181404114, 30.9289798737, 31.5210876465, 32.1131973267, 32.8562355042, 33.5992736816, 34.3655319214, 35.1317901611, 35.8864402771, 36.6526985168, 37.3841247559, 38.0923347473, 38.8005447388, 39.5087509155, 40.216960907, 40.91355896, 41.6101570129, 42.3067550659, 43.0265769958, 43.7580032349, 44.4662132263]
},
"tonal": {
    "chords_changes_rate": 0.0349794253707,
    "chords_number_rate": 0.00720164598897,
    "chords_strength": {
        "mean": 0.648560762405,
        "var": 0.0065223891288
    },
    "hpcp_entropy": {
        "mean": 1.363296628,
        "var": 0.354327142239
    },
    "key_strength": 0.829912543297,
    "tuning_diatonic_strength": 0.700615644455,
    "tuning_equal_tempered_deviation": 0.112738005817,
    "tuning_frequency": 442.548919678,
    "tuning_nontempered_energy_ratio": 0.775833189487,
    "hpcp": {
        "mean": [0.243442624807, 0.131623238325, 0.252196937799, 0.322041124105, 0.126022621989, 0.00925713218749, 0.00604534707963, 0.0392029285431, 0.217453882098, 0.280479550362, 0.102206155658, 0.00687650544569, 0.00744587276131, 0.0253299232572, 0.0992783457041, 0.135065197945, 0.0702554658055, 0.0164719354361, 0.00559115037322, 0.0109305903316, 0.0399311594665, 0.0493895225227, 0.111448444426, 0.4551628232, 0.523421823978, 0.165645763278, 0.00891665834934, 0.00737624103203, 0.0221806839108, 0.105545789003, 0.126265436411, 0.0422682203352, 0.0042212754488, 0.0044300891459, 0.0431995540857, 0.202425658703],
        "var": [0.109965182841, 0.0354566574097, 0.12866987288, 0.184346497059, 0.0475293509662, 0.00286993640475, 0.00127424194943, 0.00939434953034, 0.0808770954609, 0.123640432954, 0.0257472004741, 0.00181785144377, 0.00227935984731, 0.00584882171825, 0.0373027399182, 0.0589483641088, 0.0232144463807, 0.0052962298505, 0.00299082882702, 0.00330273085274, 0.0170887634158, 0.0205673538148, 0.0194107741117, 0.134831354022, 0.157052963972, 0.0381942056119, 0.000374123716028, 0.000395204755478, 0.00462738936767, 0.0683002993464, 0.0878413468599, 0.0144903333858, 0.000924168562051, 0.00145012210123, 0.00923682563007, 0.0877741202712]
    },
    "chords_histogram": [29.0123462677, 11.2139921188, 36.8312759399, 4.42386817932, 11.8312759399, 0, 0, 0, 0, 0, 2.26337456703, 0, 0, 0.205761313438, 0, 0, 0, 0, 0, 0, 0, 0, 0, 4.21810722351],
    "thpcp": [1, 0.316467046738, 0.0170353204012, 0.0140923447907, 0.042376305908, 0.201645761728, 0.241230741143, 0.080753646791, 0.00806476734579, 0.00846370775253, 0.0825329646468, 0.386735230684, 0.46509835124, 0.251466840506, 0.481823503971, 0.61526119709, 0.240766853094, 0.0176857970655, 0.0115496655926, 0.0748973935843, 0.415446728468, 0.53585755825, 0.195265367627, 0.0131375975907, 0.0142253767699, 0.0483929440379, 0.189671769738, 0.25804272294, 0.134223416448, 0.0314697138965, 0.0106819206849, 0.0208829473704, 0.076288677752, 0.0943589285016, 0.212922811508, 0.869590818882],
    "chords_key": "F",
    "chords_scale": "major",
    "key_key": "A#",
    "key_scale": "major"
}
}