{
"lowlevel": {
    "average_loudness": 0.498010724783,
    "barkbands_crest": {
        "mean": 10.6912603378,
        "var": 15.6518821716
    },
    "barkbands_flatness_db": {
        "mean": 0.199629291892,
        "var": 0.00247002579272
    },
    "barkbands_kurtosis": {
        "mean": 3.48771977425,
        "var": 23.5169219971
    },
    "barkbands_skewness": {
        "mean": 1.37628495693,
        "var": 1.01695847511
    },
    "barkbands_spread": {
        "mean": 12.7123193741,
        "var": 42.5408363342
    },
    "dissonance": {
        "mean": 0.43069884181,
        "var": 0.000977333635092
    },
    "dynamic_complexity": 3.50375390053,
    "erbbands_crest": {
        "mean": 11.7584972382,
        "var": 30.0963821411
    },
    "erbbands_flatness_db": {
        "mean": 0.22646984458,
        "var": 0.0017725888174
    },
    "erbbands_kurtosis": {
        "mean": 0.642765939236,
        "var": 7.45297050476
    },
    "erbbands_skewness": {
        "mean": 0.50738286972,
        "var": 0.370147883892
    },
    "erbbands_spread": {
        "mean": 26.0271930695,
        "var": 116.288269043
    },
    "hfc": {
        "mean": 13.6533184052,
        "var": 147.092147827
    },
    "melbands_crest": {
        "mean": 14.5981092453,
        "var": 23.1454792023
    },
    "melbands_flatness_db": {
        "mean": 0.248446658254,
        "var": 0.00507660862058
    },
    "melbands_kurtosis": {
        "mean": 7.71372556686,
        "var": 104.054000854
    },
    "melbands_skewness": {
        "mean": 1.93958628178,
        "var": 1.82736861706
    },
    "melbands_spread": {
        "mean": 17.1862850189,
        "var": 112.8465271
    },
    "pitch_salience": {
        "mean": 0.484342992306,
        "var": 0.0100483773276
    },
    "silence_rate_20dB": {
        "mean": 0.996910393238,
        "var": 0.0030800527893
    },
    "silence_rate_30dB": {
        "mean": 0.956745624542,
        "var": 0.0413825772703
    },
    "silence_rate_60dB": {
        "mean": 0.0726055577397,
        "var": 0.0673341006041
    },
    "spectral_centroid": {
        "mean": 1051.42346191,
        "var": 336290.9375
    },
    "spectral_complexity": {
        "mean": 13.5890836716,
        "var": 22.367723465
    },
    "spectral_decrease": {
        "mean": -6.8615850779e-009,
        "var": 1.04078471945e-016
    },
    "spectral_energy": {
        "mean": 0.0271355584264,
        "var": 0.00153739063535
    },
    "spectral_energyband_high": {
        "mean": 0.000128869927721,
        "var": 2.7009345871e-008
    },
    "spectral_energyband_low": {
        "mean": 0.00954977422953,
        "var": 0.000945532228798
    },
    "spectral_energyband_middle_high": {
        "mean": 0.00590207800269,
        "var": 8.73670142028e-005
    },
    "spectral_energyband_middle_low": {
        "mean": 0.0133935566992,
        "var": 0.000244708906393
    },
    "spectral_entropy": {
        "mean": 6.65745258331,
        "var": 0.102923348546
    },
    "spectral_flux": {
        "mean": 0.0479306206107,
        "var": 0.00133530376479
    },
    "spectral_kurtosis": {
        "mean": 9.86660480499,
        "var": 60.5400314331
    },
    "spectral_rms": {
        "mean": 0.00445703044534,
        "var": 6.60864725432e-006
    },
    "spectral_rolloff": {
        "mean": 1136.36828613,
        "var": 1076781.5
    },
    "spectral_skewness": {
        "mean": 2.04902434349,
        "var": 0.490705281496
    },
    "spectral_spread": {
        "mean": 2779652.75,
        "var": 1.89476385587e+012
    },
    "spectral_strongpeak": {
        "mean": 1.24489045143,
        "var": 1.37773811817
    },
    "zerocrossingrate": {
        "mean": 0.0439795069396,
        "var": 0.000774869637098
    },
    "barkbands": {
        "mean": [1.90165374079e-005, 0.00384410889819, 0.00421765074134, 0.00253377435729, 0.00456230761483, 0.00183561095037, 0.00150166300591, 0.00143576378468, 0.000693755631801, 0.00282781850547, 0.00133111584, 0.000286342576146, 0.000363719329471, 0.000201837305212, 0.000393216294469, 0.000188297155546, 0.000379719742341, 0.000196048116777, 0.000152097825776, 6.73659087624e-005, 5.72359604121e-005, 2.61587083514e-005, 9.60447596299e-006, 7.04620015313e-006, 2.58747877524e-006, 1.74739602699e-006, 1.24186660955e-009],
        "var": [1.23834702492e-008, 0.000242440961301, 0.000181342344149, 6.13075389992e-005, 4.06024882977e-005, 6.4356781877e-006, 8.0961472122e-006, 6.88854197506e-006, 1.31424769734e-006, 5.06509859406e-005, 2.65352900897e-005, 3.85108819501e-007, 6.05703121437e-007, 6.38679154008e-008, 3.21160740668e-007, 1.23402074337e-007, 2.76610393257e-007, 1.16888131174e-007, 5.29871506671e-008, 9.94291493583e-009, 5.49125678262e-009, 1.37470790307e-009, 5.73027181261e-010, 3.47236600584e-010, 1.75787856493e-011, 1.23576912592e-011, 6.56619742188e-017]
    },
    "erbbands": {
        "mean": [0.0348571538925, 1.13603532314, 5.24061107635, 6.97543716431, 18.928237915, 7.59954166412, 8.61281776428, 14.0382518768, 19.9958114624, 31.4743843079, 29.0952548981, 21.6301250458, 47.2288589478, 90.6253738403, 48.396156311, 15.4452705383, 18.3055686951, 11.7173557281, 15.1149072647, 21.6337375641, 11.3648853302, 15.4820356369, 14.5595912933, 6.34744548798, 7.84998607635, 4.1669754982, 2.62587714195, 1.71139502525, 1.04326188564, 0.368374556303, 0.305161178112, 0.204285517335, 0.0748402625322, 0.0370874367654, 0.0156971719116, 0.0104822432622, 0.00299117830582, 0.000278540741419, 1.9001237888e-005, 3.11715448333e-005],
        "var": [0.064288161695, 18.5132293701, 266.269378662, 422.600952148, 816.45300293, 130.123214722, 295.02947998, 511.818511963, 1138.08752441, 4285.91455078, 3086.14624023, 994.148376465, 3261.87670898, 74298.0546875, 26646.0839844, 973.219482422, 1381.31542969, 177.876220703, 553.191772461, 1360.00744629, 224.678863525, 361.942443848, 497.124450684, 55.9644546509, 189.746856689, 34.4487075806, 11.2328119278, 6.44840669632, 1.82470405102, 0.294871360064, 0.927406430244, 0.0691183358431, 0.0918702930212, 0.0151973087341, 0.000967476342339, 0.000383985374356, 8.34418169688e-005, 2.29990561706e-007, 4.56943149985e-010, 1.84866044695e-009]
    },
    "gfcc": {
        "mean": [-57.6275482178, 127.628807068, -150.184494019, 13.5582780838, -61.0713882446, -10.3335409164, -35.6395759583, 0.180983632803, -25.651720047, -10.3906536102, -21.4070472717, -8.78584671021, -9.74257087708],
        "cov": [[6508.33105469, -577.691711426, 30.2704200745, 645.189575195, -83.1084442139, 350.095825195, 10.3075275421, 127.050346375, -64.5871734619, 80.1353607178, -160.207870483, 186.421630859, -275.196166992], [-577.691711426, 1724.50500488, 563.878234863, -28.2408618927, 430.709350586, -72.8660736084, 129.433807373, -255.56980896, 21.4461975098, -272.672332764, 167.988555908, -183.513763428, 172.590927124], [30.2704200745, 563.878234863, 629.754211426, 212.277389526, 287.024688721, 81.7764358521, 103.908172607, -28.0290794373, 61.911277771, -24.977519989, 40.7598152161, -48.2716445923, -33.6339492798], [645.189575195, -28.2408618927, 212.277389526, 334.055755615, 179.039764404, 174.970962524, 112.564361572, 91.0112838745, 44.6255073547, 45.2751579285, -1.92920637131, 15.8858146667, -54.1036720276], [-83.1084442139, 430.709350586, 287.024688721, 179.039764404, 341.398406982, 157.741592407, 170.277420044, 20.1530685425, 58.8889694214, -40.1996383667, 57.2252731323, -25.2047653198, 34.5759468079], [350.095825195, -72.8660736084, 81.7764358521, 174.970962524, 157.741592407, 248.903137207, 184.423110962, 109.781402588, 38.7012825012, 22.6060791016, 1.26238524914, 35.4801101685, -7.86816310883], [10.3075275421, 129.433807373, 103.908172607, 112.564361572, 170.277420044, 184.423110962, 266.931884766, 100.985877991, 37.0043678284, -33.6118621826, 21.518497467, 21.5360488892, 34.9081611633], [127.050346375, -255.56980896, -28.0290794373, 91.0112838745, 20.1530685425, 109.781402588, 100.985877991, 192.981201172, 76.5732955933, 68.0135498047, -7.68816041946, 43.524269104, -38.076259613], [-64.5871734619, 21.4461975098, 61.911277771, 44.6255073547, 58.8889694214, 38.7012825012, 37.0043678284, 76.5732955933, 124.072189331, 60.4984741211, 22.7160568237, -3.47483444214, -14.7279682159], [80.1353607178, -272.672332764, -24.977519989, 45.2751579285, -40.1996383667, 22.6060791016, -33.6118621826, 68.0135498047, 60.4984741211, 169.30909729, -2.93844723701, 9.45269393921, -77.2052001953], [-160.207870483, 167.988555908, 40.7598152161, -1.92920637131, 57.2252731323, 1.26238524914, 21.518497467, -7.68816041946, 22.7160568237, -2.93844723701, 93.4213180542, 16.5133934021, 23.9028701782], [186.421630859, -183.513763428, -48.2716445923, 15.8858146667, -25.2047653198, 35.4801101685, 21.5360488892, 43.524269104, -3.47483444214, 9.45269393921, 16.5133934021, 107.08996582, 14.5561695099], [-275.196166992, 172.590927124, -33.6339492798, -54.1036720276, 34.5759468079, -7.86816310883, 34.9081611633, -38.076259613, -14.7279682159, -77.2052001953, 23.9028701782, 14.5561695099, 128.586715698]],
        "icov": [[0.000326980050886, -0.000512881437317, 0.00035462694359, -0.000913815165404, 0.000785676122177, -0.000759091984946, 0.000378790631657, 0.000174790184246, -5.73506549699e-005, 7.1257527452e-005, 0.000770092301536, -0.00109984597657, 0.000805233488791], [-0.000512881437317, 0.00453969324008, -0.00226985267363, 0.00222528004088, -0.00343976193108, 0.00310517661273, -0.00213678949513, 0.00212297542021, -0.00138364930172, 0.00302121043205, -0.00522819161415, 0.00589063111693, -0.00256411544979], [0.00035462694359, -0.00226985267363, 0.00467887707055, -0.0028175804764, -0.000615583441686, -8.03769944469e-005, 0.00012821512064, 0.00105514575262, -0.000998888979666, -0.000662431411911, 0.00293576368131, -0.00347122992389, 0.00361722987145], [-0.000913815165404, 0.00222528004088, -0.0028175804764, 0.00998457893729, -0.00525314221159, -0.000704609381501, 0.000219676963752, -0.00201456155628, 0.00136306602508, -0.000451192317996, -0.00175451964606, 0.00289907399565, -0.000881997810211], [0.000785676122177, -0.00343976193108, -0.000615583441686, -0.00525314221159, 0.0142730344087, -0.00720168976113, 2.24995455937e-005, 0.000995383830741, -0.00205461983569, 0.000168884871528, -0.000105947539851, -0.0014882698888, -8.63493096404e-006], [-0.000759091984946, 0.00310517661273, -8.03769944469e-005, -0.000704609381501, -0.00720168976113, 0.017114309594, -0.00836504530162, -0.00023299305758, 0.00060085777659, -0.00102030485868, -0.000851650256664, 0.00156564090867, -0.00148698000703], [0.000378790631657, -0.00213678949513, 0.00012821512064, 0.000219676963752, 2.24995455937e-005, -0.00836504530162, 0.0127894142643, -0.00610359571874, 0.00186761654913, 0.00148595240898, 0.00122740236111, -0.00174564460758, -0.000917059544008], [0.000174790184246, 0.00212297542021, 0.00105514575262, -0.00201456155628, 0.000995383830741, -0.00023299305758, -0.00610359571874, 0.0163633543998, -0.00903132557869, 0.00126475421712, -0.000116850511404, -0.00181490078103, 0.00312554463744], [-5.73506549699e-005, -0.00138364930172, -0.000998888979666, 0.00136306602508, -0.00205461983569, 0.00060085777659, 0.00186761654913, -0.00903132557869, 0.017288915813, -0.00671883905306, -0.00107069441583, 0.00135490077082, -0.00255361804739], [7.1257527452e-005, 0.00302121043205, -0.000662431411911, -0.000451192317996, 0.000168884871528, -0.00102030485868, 0.00148595240898, 0.00126475421712, -0.00671883905306, 0.0148321222514, -0.0048941290006, 0.00302943727002, 0.00430022506043], [0.000770092301536, -0.00522819161415, 0.00293576368131, -0.00175451964606, -0.000105947539851, -0.000851650256664, 0.00122740236111, -0.000116850511404, -0.00107069441583, -0.0048941290006, 0.0214397534728, -0.0119214374572, 0.00260668015108], [-0.00109984597657, 0.00589063111693, -0.00347122992389, 0.00289907399565, -0.0014882698888, 0.00156564090867, -0.00174564460758, -0.00181490078103, 0.00135490077082, 0.00302943727002, -0.0119214374572, 0.0222531016916, -0.00784493144602], [0.000805233488791, -0.00256411544979, 0.00361722987145, -0.000881997810211, -8.63493096404e-006, -0.00148698000703, -0.000917059544008, 0.00312554463744, -0.00255361804739, 0.00430022506043, 0.00260668015108, -0.00784493144602, 0.0172955542803]]
    },
    "melbands": {
        "mean": [0.000656514544971, 0.00236641359515, 0.00154909072444, 0.00108075805474, 0.000252534460742, 0.000347536493791, 0.000307879905449, 0.000330963986926, 0.000219296256546, 0.000121733733977, 0.000236025691265, 0.000377256103093, 0.0002038636012, 3.71938076569e-005, 3.7248722947e-005, 3.02546995954e-005, 2.20197725866e-005, 2.3014483304e-005, 2.1723257305e-005, 2.63686015387e-005, 1.2739673366e-005, 1.45049289131e-005, 2.32302936638e-005, 6.5982239903e-006, 4.39880432168e-006, 7.28719305698e-006, 2.95353970614e-006, 2.5557023946e-006, 1.42424539717e-006, 1.4633238834e-006, 9.76085289039e-007, 6.34842081126e-007, 3.76745589392e-007, 1.35474820695e-007, 1.9136412277e-007, 1.54142682618e-007, 1.0852107124e-007, 4.73946890622e-008, 5.23928882501e-008, 2.4182169156e-008],
        "var": [1.05417238956e-005, 5.71004384256e-005, 1.27953207993e-005, 2.35353127209e-006, 3.08368043989e-007, 2.64354696355e-007, 2.65446658432e-007, 4.36766868006e-007, 1.69417205598e-007, 3.39571819552e-008, 9.02139518644e-008, 1.41543864629e-006, 6.01084650498e-007, 5.23193799395e-009, 4.36855840391e-009, 5.49700551744e-009, 7.49519279974e-010, 1.36137723317e-009, 1.11175890716e-009, 1.87784454653e-009, 4.42717085214e-010, 3.37192135325e-010, 1.291201146e-009, 1.32751018511e-010, 3.55686487208e-011, 1.91552274043e-010, 1.2116147495e-011, 1.66485540631e-011, 4.57292970851e-012, 3.93753866318e-012, 3.05690715796e-012, 7.06094850558e-013, 3.13140328554e-013, 4.46089766146e-014, 7.19212612642e-013, 3.90095433441e-014, 2.07837795639e-014, 1.42919428733e-014, 1.45765127399e-013, 1.54792539429e-015]
    },
    "mfcc": {
        "mean": [-694.462097168, 157.43939209, -28.8074874878, 21.8652744293, -11.6587238312, -8.46922874451, -9.48591041565, -0.92872017622, -1.2394438982, -1.55164909363, -9.92043781281, -6.53179931641, -9.77828502655],
        "cov": [[4375.42089844, -783.30859375, 168.405456543, 328.401794434, -8.55989551544, 367.019989014, 73.0545883179, 192.447875977, 73.6261825562, -30.5985126495, -4.99808120728, 267.643554688, 59.5982093811], [-783.30859375, 1576.98217773, 267.146881104, 117.042869568, 312.188781738, 83.8996124268, 133.818389893, 31.4647064209, -81.3303985596, -48.2092971802, -53.4892959595, -186.583145142, -41.7555618286], [168.405456543, 267.146881104, 330.408111572, 158.309173584, 134.161865234, 111.423988342, 63.929599762, 37.630355835, 29.0196647644, 5.02632474899, 53.0673179626, 61.5850143433, 36.3163528442], [328.401794434, 117.042869568, 158.309173584, 215.060150146, 129.359313965, 121.043380737, 90.2509384155, 78.3664932251, 54.5149841309, 27.4904842377, 54.8728675842, 60.6301269531, 22.2825012207], [-8.55989551544, 312.188781738, 134.161865234, 129.359313965, 256.049804688, 108.010803223, 83.9345703125, 58.824546814, 30.4747619629, 24.1094532013, 31.657705307, 23.1085319519, 6.23004961014], [367.019989014, 83.8996124268, 111.423988342, 121.043380737, 108.010803223, 236.197799683, 144.525497437, 85.9433822632, 80.1548156738, 37.7919082642, 39.0171012878, 47.1309814453, 14.514213562], [73.0545883179, 133.818389893, 63.929599762, 90.2509384155, 83.9345703125, 144.525497437, 223.044998169, 150.611358643, 93.2371368408, 9.75082397461, 35.203956604, 16.9071960449, -6.63209295273], [192.447875977, 31.4647064209, 37.630355835, 78.3664932251, 58.824546814, 85.9433822632, 150.611358643, 251.471435547, 120.973297119, 15.6086759567, 40.5561485291, 12.4206762314, 10.0112361908], [73.6261825562, -81.3303985596, 29.0196647644, 54.5149841309, 30.4747619629, 80.1548156738, 93.2371368408, 120.973297119, 171.96862793, 64.0582962036, 44.1369628906, 43.7674064636, 7.94909667969], [-30.5985126495, -48.2092971802, 5.02632474899, 27.4904842377, 24.1094532013, 37.7919082642, 9.75082397461, 15.6086759567, 64.0582962036, 162.397857666, 59.6644134521, 42.689868927, 23.273563385], [-4.99808120728, -53.4892959595, 53.0673179626, 54.8728675842, 31.657705307, 39.0171012878, 35.203956604, 40.5561485291, 44.1369628906, 59.6644134521, 179.071228027, 94.7272186279, 27.0312671661], [267.643554688, -186.583145142, 61.5850143433, 60.6301269531, 23.1085319519, 47.1309814453, 16.9071960449, 12.4206762314, 43.7674064636, 42.689868927, 94.7272186279, 188.213653564, 53.5778656006], [59.5982093811, -41.7555618286, 36.3163528442, 22.2825012207, 6.23004961014, 14.514213562, -6.63209295273, 10.0112361908, 7.94909667969, 23.273563385, 27.0312671661, 53.5778656006, 110.257011414]],
        "icov": [[0.000422011886258, 0.000198105786694, -8.05765375844e-006, -0.000623778614681, 0.000309703929815, -0.000893050280865, 0.000619641854428, -0.000596074620262, 0.000490655656904, 0.000156305919518, 0.000463152828161, -0.000474999949802, 0.000215986874537], [0.000198105786694, 0.00142073817551, -0.00100089539774, 4.07563820772e-005, -0.00124124786817, 3.38719364663e-005, -0.000704283593222, -7.82424467616e-005, 0.001044652774, -0.000116225666716, 0.000140919437399, 0.00135480810422, 3.91404537368e-005], [-8.05765375844e-006, -0.00100089539774, 0.00599515484646, -0.00308887730353, -0.000142806893564, -0.00112877623178, 0.00100945332088, 0.000505079340655, -0.000785757729318, 0.00120629521552, -0.000536723295227, -0.00131234677974, -0.000982280704193], [-0.000623778614681, 4.07563820772e-005, -0.00308887730353, 0.0112751899287, -0.0031404318288, -0.000509338045958, -0.00129188492429, -0.000490591279231, -0.000367847591406, -0.000582006818149, -0.00108746590558, -0.000217598120798, -0.000175590830622], [0.000309703929815, -0.00124124786817, -0.000142806893564, -0.0031404318288, 0.00796399544924, -0.0020639358554, 0.000823056208901, -0.000980941578746, 0.00051722797798, -0.000513886508998, 0.000494477921166, -0.00153460237198, 0.000700166507158], [-0.000893050280865, 3.38719364663e-005, -0.00112877623178, -0.000509338045958, -0.0020639358554, 0.0113295167685, -0.00678818812594, 0.00278501282446, -0.00202501611784, -0.00142071326263, -0.000274195539532, 0.000890976574738, -0.000985548831522], [0.000619641854428, -0.000704283593222, 0.00100945332088, -0.00129188492429, 0.000823056208901, -0.00678818812594, 0.0133245922625, -0.00562296016142, -0.00100266514346, 0.00179072457831, 1.86075649253e-005, -0.00143631000537, 0.00187375734095], [-0.000596074620262, -7.82424467616e-005, 0.000505079340655, -0.000490591279231, -0.000980941578746, 0.00278501282446, -0.00562296016142, 0.00983177963644, -0.00521992146969, 0.00114022928756, -0.00165482866578, 0.00238024513237, -0.00193206954282], [0.000490655656904, 0.001044652774, -0.000785757729318, -0.000367847591406, 0.00051722797798, -0.00202501611784, -0.00100266514346, -0.00521992146969, 0.0128855509683, -0.0038496889174, 0.00107364263386, -0.00148689129855, 0.00145748164505], [0.000156305919518, -0.000116225666716, 0.00120629521552, -0.000582006818149, -0.000513886508998, -0.00142071326263, 0.00179072457831, 0.00114022928756, -0.0038496889174, 0.00892997439951, -0.0022569342982, -3.16797081723e-006, -0.0012405407615], [0.000463152828161, 0.000140919437399, -0.000536723295227, -0.00108746590558, 0.000494477921166, -0.000274195539532, 1.86075649253e-005, -0.00165482866578, 0.00107364263386, -0.0022569342982, 0.00921107362956, -0.00443802401423, 0.000656457734294], [-0.000474999949802, 0.00135480810422, -0.00131234677974, -0.000217598120798, -0.00153460237198, 0.000890976574738, -0.00143631000537, 0.00238024513237, -0.00148689129855, -3.16797081723e-006, -0.00443802401423, 0.0113131245598, -0.00338855898008], [0.000215986874537, 3.91404537368e-005, -0.000982280704193, -0.000175590830622, 0.000700166507158, -0.000985548831522, 0.00187375734095, -0.00193206954282, 0.00145748164505, -0.0012405407615, 0.000656457734294, -0.00338855898008, 0.0113475965336]]
    },
    "spectral_contrast_coeffs": {
        "mean": [-0.530996620655, -0.654944777489, -0.661609709263, -0.69697791338, -0.69146335125, -0.672182679176],
        "var": [0.0109890820459, 0.00466220825911, 0.00565192941576, 0.00364883197471, 0.00283826887608, 0.00431645754725]
    },
    "spectral_contrast_valleys": {
        "mean": [-8.64463710785, -7.25173139572, -7.93692779541, -8.77159786224, -9.01518917084, -12.6836080551],
        "var": [1.78930568695, 1.21947622299, 1.0350818634, 0.816875874996, 0.722749114037, 0.542905151844]
    }
},
"metadata": {
    "audio_properties": {
        "analysis_sample_rate": 44100,
        "bit_rate": 100399,
        "equal_loudness": 0,
        "length": 45.0612258911,
        "lossless": 0,
        "replay_gain": -4.77821922302,
        "sample_rate": 44100,
        "codec": "mp3",
        "downmix": "mix",
        "md5_encoded": "c8b4b3427a4d1f660192703b746f841c"
    },
    "tags": {
        "file_name": "144.mp3"
    },
    "version": {
        "essentia": "2.1-beta2",
        "essentia_git_sha": "v2.1_beta2",
        "extractor": "music 1.0"
    }
},
"rhythm": {
    "beats_count": 84,
    "beats_loudness": {
        "mean": 0.0366417430341,
        "var": 0.00325028877705
    },
    "bpm": 117.551780701,
    "bpm_histogram_first_peak_bpm": {
        "mean": 117,
        "var": 0
    },
    "bpm_histogram_first_peak_spread": {
        "mean": 0.613636374474,
        "var": 0
    },
    "bpm_histogram_first_peak_weight": {
        "mean": 0.204819276929,
        "var": 0
    },
    "bpm_histogram_second_peak_bpm": {
        "mean": 123,
        "var": 0
    },
    "bpm_histogram_second_peak_spread": {
        "mean": 0,
        "var": 0
    },
    "bpm_histogram_second_peak_weight": {
        "mean": 0.108433738351,
        "var": 0
    },
    "danceability": 0.995936155319,
    "onset_rate": 1.68583405018,
    "beats_loudness_band_ratio": {
        "mean": [0.368511229753, 0.309517085552, 0.247764885426, 0.180068612099, 0.0696235746145, 0.0210603438318],
        "var": [0.0785855576396, 0.043662160635, 0.0295842401683, 0.0431423000991, 0.0061336713843, 0.00115403742529]
    },
    "beats_position": [0.49922901392, 1.02167797089, 1.55573689938, 2.06657600403, 2.57741498947, 3.09986400604, 3.62231278419, 4.13315200806, 4.66721057892, 5.21287965775, 5.75854873657, 6.29260778427, 6.82666635513, 7.3491153717, 7.85995435715, 8.35918331146, 8.87002277374, 9.39247131348, 9.91492080688, 10.4373693466, 10.9482088089, 11.4706573486, 11.9698867798, 12.4691152573, 12.9683446884, 13.4675731659, 13.966802597, 14.4544210434, 14.9420404434, 15.4412698746, 15.9288883209, 16.4397277832, 16.9505672455, 17.4497947693, 17.9490242004, 18.4598636627, 18.970703125, 19.4815406799, 19.9923801422, 20.5148296356, 21.0604991913, 21.6177768707, 22.1634464264, 22.7207260132, 23.2780036926, 23.9049434662, 24.5318813324, 25.158821106, 25.7973690033, 26.435918808, 27.0744667053, 27.7130146027, 28.3515644073, 28.9901123047, 29.6286621094, 30.1743297577, 30.7199993134, 31.265668869, 31.8229465485, 32.3686180115, 32.8794555664, 33.4019050598, 33.9243545532, 34.4468002319, 34.9576416016, 35.4568710327, 35.9677085876, 36.4785499573, 36.9893875122, 37.5118370056, 38.0458946228, 38.57995224, 39.1488418579, 39.7061233521, 40.2053489685, 40.7045783997, 41.2038078308, 41.6914291382, 42.1906585693, 42.678276062, 43.1658935547, 43.6535148621, 44.1411323547, 44.6287536621]
},
"tonal": {
    "chords_changes_rate": 0.0288065839559,
    "chords_number_rate": 0.00823045242578,
    "chords_strength": {
        "mean": 0.531331658363,
        "var": 0.00651576323435
    },
    "hpcp_entropy": {
        "mean": 1.26443254948,
        "var": 0.425877481699
    },
    "key_strength": 0.719330489635,
    "tuning_diatonic_strength": 0.589551568031,
    "tuning_equal_tempered_deviation": 0.0785909295082,
    "tuning_frequency": 438.224517822,
    "tuning_nontempered_energy_ratio": 0.66138446331,
    "hpcp": {
        "mean": [0.171595752239, 0.126815408468, 0.0156366135925, 0.0030712634325, 0.00574190029874, 0.0694985315204, 0.173769697547, 0.12695351243, 0.062741972506, 0.104222729802, 0.0719518437982, 0.0198114719242, 0.0130457608029, 0.0116254864261, 0.08143337816, 0.204995512962, 0.161159723997, 0.0368431955576, 0.00699623953551, 0.00431023817509, 0.0633849650621, 0.150150820613, 0.105651073158, 0.0404751226306, 0.050840895623, 0.0306525081396, 0.0088840899989, 0.00893270689994, 0.0169801879674, 0.299512952566, 0.690589725971, 0.510395646095, 0.12896259129, 0.0295220594853, 0.0124120535329, 0.0639887601137],
        "var": [0.0964596197009, 0.0575171783566, 0.0013626574073, 0.00105698627885, 0.000872532196809, 0.010653401725, 0.0783883035183, 0.0486067719758, 0.0193269401789, 0.0646738931537, 0.0293514151126, 0.00376412621699, 0.00436442205682, 0.00290539162233, 0.0179988723248, 0.0709207504988, 0.0391923971474, 0.00354275805876, 0.000436814298155, 0.000146032049088, 0.0163065157831, 0.0813565775752, 0.0396065227687, 0.0112942224368, 0.0278884191066, 0.0129724107683, 0.00302339391783, 0.00182347989175, 0.00137421803083, 0.0433072261512, 0.128325939178, 0.0829500332475, 0.0478879623115, 0.00658703548834, 0.00359344366007, 0.0156268998981]
    },
    "chords_histogram": [8.12757205963, 34.3621406555, 44.6502075195, 0, 0, 0, 2.05761313438, 0, 0, 0, 0, 0, 0, 0, 0, 0.925925910473, 0, 3.18930029869, 0, 1.54320991039, 0, 0, 3.18930029869, 1.95473253727],
    "thpcp": [1, 0.739072144032, 0.186742708087, 0.0427490584552, 0.0179731231183, 0.0926581397653, 0.248477131128, 0.183633506298, 0.0226424075663, 0.00444730557501, 0.00831448845565, 0.10063649714, 0.251625090837, 0.183833479881, 0.0908527448773, 0.150918453932, 0.104188986123, 0.0286877602339, 0.0188907533884, 0.0168341435492, 0.117918603122, 0.296841233969, 0.233365371823, 0.0533503368497, 0.0101308189332, 0.00624138768762, 0.0917838215828, 0.217424064875, 0.152986750007, 0.0586095042527, 0.0736195370555, 0.0443859882653, 0.0128644974902, 0.012934897095, 0.0245879534632, 0.433706074953],
    "chords_key": "G",
    "chords_scale": "major",
    "key_key": "C",
    "key_scale": "major"
}
}