{
"lowlevel": {
    "average_loudness": 0.980642259121,
    "barkbands_crest": {
        "mean": 11.6244268417,
        "var": 16.4537601471
    },
    "barkbands_flatness_db": {
        "mean": 0.146912157536,
        "var": 0.00229887431487
    },
    "barkbands_kurtosis": {
        "mean": 8.21865558624,
        "var": 109.560577393
    },
    "barkbands_skewness": {
        "mean": 2.33802723885,
        "var": 1.19544315338
    },
    "barkbands_spread": {
        "mean": 17.7200069427,
        "var": 115.198310852
    },
    "dissonance": {
        "mean": 0.461687028408,
        "var": 0.000622555031441
    },
    "dynamic_complexity": 1.79048001766,
    "erbbands_crest": {
        "mean": 8.26604557037,
        "var": 15.1326093674
    },
    "erbbands_flatness_db": {
        "mean": 0.130398795009,
        "var": 0.000876007950865
    },
    "erbbands_kurtosis": {
        "mean": 0.114358000457,
        "var": 2.52435588837
    },
    "erbbands_skewness": {
        "mean": 0.529100000858,
        "var": 0.379342913628
    },
    "erbbands_spread": {
        "mean": 48.540184021,
        "var": 404.478210449
    },
    "hfc": {
        "mean": 21.6004714966,
        "var": 226.48046875
    },
    "melbands_crest": {
        "mean": 14.6721200943,
        "var": 16.8275661469
    },
    "melbands_flatness_db": {
        "mean": 0.23178422451,
        "var": 0.0038129251916
    },
    "melbands_kurtosis": {
        "mean": 23.9589881897,
        "var": 558.61895752
    },
    "melbands_skewness": {
        "mean": 3.64385151863,
        "var": 2.44473052025
    },
    "melbands_spread": {
        "mean": 13.7897758484,
        "var": 90.5572052002
    },
    "pitch_salience": {
        "mean": 0.548971176147,
        "var": 0.0114388633519
    },
    "silence_rate_20dB": {
        "mean": 1,
        "var": 0
    },
    "silence_rate_30dB": {
        "mean": 0.998970150948,
        "var": 0.00102881225757
    },
    "silence_rate_60dB": {
        "mean": 0.00411946466193,
        "var": 0.00410255743191
    },
    "spectral_centroid": {
        "mean": 959.264526367,
        "var": 224405.171875
    },
    "spectral_complexity": {
        "mean": 20.3079299927,
        "var": 78.9781951904
    },
    "spectral_decrease": {
        "mean": -1.1313053605e-008,
        "var": 2.96454947181e-017
    },
    "spectral_energy": {
        "mean": 0.0446572341025,
        "var": 0.000453041604487
    },
    "spectral_energyband_high": {
        "mean": 0.000906667497475,
        "var": 1.24803125345e-006
    },
    "spectral_energyband_low": {
        "mean": 0.0222423821688,
        "var": 0.000245327420998
    },
    "spectral_energyband_middle_high": {
        "mean": 0.00407256837934,
        "var": 1.07805963125e-005
    },
    "spectral_energyband_middle_low": {
        "mean": 0.0195757672191,
        "var": 0.000157334521646
    },
    "spectral_entropy": {
        "mean": 7.53990364075,
        "var": 0.149008497596
    },
    "spectral_flux": {
        "mean": 0.101919062436,
        "var": 0.00179178104736
    },
    "spectral_kurtosis": {
        "mean": 4.05695772171,
        "var": 6.68558311462
    },
    "spectral_rms": {
        "mean": 0.00639836117625,
        "var": 2.62906814896e-006
    },
    "spectral_rolloff": {
        "mean": 766.148498535,
        "var": 993150.625
    },
    "spectral_skewness": {
        "mean": 1.64961600304,
        "var": 0.233981460333
    },
    "spectral_spread": {
        "mean": 5318195.5,
        "var": 3.63767922688e+012
    },
    "spectral_strongpeak": {
        "mean": 0.645689725876,
        "var": 0.315987795591
    },
    "zerocrossingrate": {
        "mean": 0.0461906008422,
        "var": 0.000768157013226
    },
    "barkbands": {
        "mean": [0.000308954593493, 0.015877135098, 0.00405160756782, 0.00364511855878, 0.00805494654924, 0.00273845042102, 0.00193053344265, 0.00160161335953, 0.00132915470749, 0.000603640452027, 0.000637129414827, 0.000386933912523, 0.000501901144162, 0.000398673146265, 0.000313763157465, 0.000260809145402, 0.00039086653851, 0.000355636992026, 0.000212079496123, 0.00025372611708, 0.000127657287521, 0.000156308335136, 0.000174617409357, 0.000159413859365, 0.00014416805061, 3.82393373002e-005, 4.21712002208e-006],
        "var": [1.94764368189e-007, 0.000157063623192, 3.13961572829e-005, 2.34090312006e-005, 6.2091217842e-005, 1.30866174004e-005, 6.09109747529e-006, 6.04995148024e-006, 8.45102476887e-006, 9.62871695265e-007, 1.00702982309e-006, 1.7926274154e-007, 5.33278750936e-007, 4.19462708123e-007, 1.87138780916e-007, 1.55875127916e-007, 2.91204713676e-007, 2.30807714274e-007, 1.00819512738e-007, 1.57200716444e-007, 2.90562756078e-008, 3.98792856515e-008, 5.72312153224e-008, 7.09847824965e-008, 1.44023161397e-007, 7.83545672789e-009, 1.59642410402e-009]
    },
    "erbbands": {
        "mean": [0.375477612019, 3.72565937042, 5.94560909271, 9.08639240265, 14.8999223709, 40.4135894775, 17.6754283905, 22.2951335907, 27.6193389893, 28.7561759949, 36.9796180725, 33.8464927673, 22.0000076294, 25.8755054474, 17.153503418, 16.3508319855, 23.528421402, 23.4273529053, 17.5586204529, 14.1437196732, 16.1475124359, 22.2685604095, 21.5929069519, 12.0186386108, 11.2574729919, 12.2507162094, 5.83429527283, 5.26139068604, 5.63336133957, 4.82506561279, 4.8283867836, 4.1128745079, 2.36792874336, 1.6828109026, 0.942671835423, 0.268438965082, 0.0547297671437, 0.0112591171637, 0.000429600273492, 6.24919703114e-005],
        "var": [0.138452380896, 9.47292518616, 39.6830024719, 111.28553772, 202.185501099, 1959.72827148, 392.006866455, 1075.79284668, 1385.66320801, 1598.48754883, 3416.13208008, 6380.68798828, 1287.18798828, 2104.33764648, 495.16204834, 328.739562988, 1044.22351074, 1058.3137207, 513.206420898, 377.168182373, 500.833312988, 843.042541504, 851.717102051, 285.684936523, 280.216033936, 407.214538574, 59.9019165039, 47.6124382019, 52.1394424438, 39.5138092041, 46.3565788269, 40.5022506714, 17.1038742065, 12.3419942856, 12.7776784897, 0.326957792044, 0.0202567204833, 0.00330824055709, 9.81622179097e-006, 3.19507353908e-009]
    },
    "gfcc": {
        "mean": [28.8107223511, 102.895988464, -92.8426208496, 40.0717124939, -56.7553596497, 22.4221000671, -42.3926010132, 13.256234169, -22.9244403839, 1.62835538387, -11.4421043396, 0.527123034, -11.5753917694],
        "cov": [[3272.44775391, -624.736755371, -463.622314453, 208.124603271, -218.936706543, -128.046554565, -66.3951644897, 75.1846923828, -57.0342483521, 88.8523254395, -186.065490723, 41.0181121826, -89.7270431519], [-624.736755371, 756.436950684, -50.6100158691, -116.255104065, 164.697006226, -36.3072509766, 122.436080933, -17.6941661835, 43.2905540466, -63.4041404724, 122.124313354, -47.5874862671, 74.5130386353], [-463.622314453, -50.6100158691, 491.071746826, 4.23264360428, 46.3795394897, 140.73223877, -39.0006256104, -23.8468379974, -29.3250179291, -0.759356915951, 4.23300743103, 20.9733486176, -2.56538152695], [208.124603271, -116.255104065, 4.23264360428, 305.3465271, 20.0425262451, -44.6238479614, 18.9914970398, -16.7260417938, 37.1175193787, 2.51495528221, -8.20296096802, 20.3879241943, 1.69933342934], [-218.936706543, 164.697006226, 46.3795394897, 20.0425262451, 201.128234863, 30.8487529755, 26.2942028046, -11.3866176605, 15.8780250549, -1.7990758419, 25.3893089294, 0.266918718815, 24.4238300323], [-128.046554565, -36.3072509766, 140.73223877, -44.6238479614, 30.8487529755, 195.532440186, 38.6316184998, -29.5850543976, -25.8482723236, 13.0305624008, 9.82966041565, -11.6943416595, -12.79986763], [-66.3951644897, 122.436080933, -39.0006256104, 18.9914970398, 26.2942028046, 38.6316184998, 192.707748413, 3.89343452454, -9.66313743591, 4.69766569138, 6.83479356766, -26.4085197449, -0.602337419987], [75.1846923828, -17.6941661835, -23.8468379974, -16.7260417938, -11.3866176605, -29.5850543976, 3.89343452454, 110.751869202, 44.8709030151, -2.64512372017, -12.0044879913, 2.0883204937, 4.39869499207], [-57.0342483521, 43.2905540466, -29.3250179291, 37.1175193787, 15.8780250549, -25.8482723236, -9.66313743591, 44.8709030151, 115.248275757, 13.3466911316, 22.2595233917, 9.10376262665, 2.86954712868], [88.8523254395, -63.4041404724, -0.759356915951, 2.51495528221, -1.7990758419, 13.0305624008, 4.69766569138, -2.64512372017, 13.3466911316, 87.5317993164, 19.4828338623, 0.574831843376, -18.1629524231], [-186.065490723, 122.124313354, 4.23300743103, -8.20296096802, 25.3893089294, 9.82966041565, 6.83479356766, -12.0044879913, 22.2595233917, 19.4828338623, 98.7479400635, 10.4939880371, 1.01291847229], [41.0181121826, -47.5874862671, 20.9733486176, 20.3879241943, 0.266918718815, -11.6943416595, -26.4085197449, 2.0883204937, 9.10376262665, 0.574831843376, 10.4939880371, 69.5417709351, 16.3324794769], [-89.7270431519, 74.5130386353, -2.56538152695, 1.69933342934, 24.4238300323, -12.79986763, -0.602337419987, 4.39869499207, 2.86954712868, -18.1629524231, 1.01291847229, 16.3324794769, 67.9158706665]],
        "icov": [[0.000582807988394, -0.000251481687883, 0.000731560168788, -0.000694303307682, 0.000373399438104, -0.000512839818839, 0.000552757643163, -0.000771933235228, 0.000897314108443, -0.000948259839788, 0.00121214566752, -0.000871427997481, 0.000814830127638], [-0.000251481687883, 0.00546031538397, -0.000940065947361, 0.00327034527436, -0.00306110433303, 0.003515440505, -0.00383396772668, 0.00291704619303, -0.003270318266, 0.00479904329404, -0.00652066944167, 0.00470092473552, -0.0045114881359], [0.000731560168788, -0.000940065947361, 0.00390742067248, -0.00171136669815, 0.000313312280923, -0.00340624642558, 0.0022292858921, -0.00174131139647, 0.00222225906327, -0.00146299658809, 0.00215131347068, -0.00241274549626, 0.00162919797003], [-0.000694303307682, 0.00327034527436, -0.00171136669815, 0.00652128038928, -0.00237193703651, 0.00390046252869, -0.0037566004321, 0.00419645663351, -0.00466708652675, 0.00348797254264, -0.00358093157411, 0.00213983445428, -0.00278130942024], [0.000373399438104, -0.00306110433303, 0.000313312280923, -0.00237193703651, 0.00766991265118, -0.00272261258215, 0.00161112297792, -0.00118011736777, 0.00103616074193, -0.00277406931855, 0.00286624464206, -0.00220354646444, 0.000443811935838], [-0.000512839818839, 0.003515440505, -0.00340624642558, 0.00390046252869, -0.00272261258215, 0.0105845322832, -0.00480853626505, 0.00410304637626, -0.00260712997988, 0.00264464807697, -0.00469966651872, 0.0039694593288, -0.00216223788448], [0.000552757643163, -0.00383396772668, 0.0022292858921, -0.0037566004321, 0.00161112297792, -0.00480853626505, 0.00942080281675, -0.00395105220377, 0.00420352257788, -0.00404851138592, 0.00428830692545, -0.0015094660921, 0.00300740636885], [-0.000771933235228, 0.00291704619303, -0.00174131139647, 0.00419645663351, -0.00118011736777, 0.00410304637626, -0.00395105220377, 0.0148307317868, -0.00851714424789, 0.00373883871362, -0.00173137953971, 0.00264836847782, -0.00344022456557], [0.000897314108443, -0.003270318266, 0.00222225906327, -0.00466708652675, 0.00103616074193, -0.00260712997988, 0.00420352257788, -0.00851714424789, 0.0158402919769, -0.00525211077183, 0.00175008061342, -0.00377756217495, 0.00350758759305], [-0.000948259839788, 0.00479904329404, -0.00146299658809, 0.00348797254264, -0.00277406931855, 0.00264464807697, -0.00404851138592, 0.00373883871362, -0.00525211077183, 0.0181498844177, -0.00902171712369, 0.00426179263741, -0.00125709932763], [0.00121214566752, -0.00652066944167, 0.00215131347068, -0.00358093157411, 0.00286624464206, -0.00469966651872, 0.00428830692545, -0.00173137953971, 0.00175008061342, -0.00902171712369, 0.0215659979731, -0.00882630515844, 0.00647430680692], [-0.000871427997481, 0.00470092473552, -0.00241274549626, 0.00213983445428, -0.00220354646444, 0.0039694593288, -0.0015094660921, 0.00264836847782, -0.00377756217495, 0.00426179263741, -0.00882630515844, 0.0221369117498, -0.0089904088527], [0.000814830127638, -0.0045114881359, 0.00162919797003, -0.00278130942024, 0.000443811935838, -0.00216223788448, 0.00300740636885, -0.00344022456557, 0.00350758759305, -0.00125709932763, 0.00647430680692, -0.0089904088527, 0.0221449099481]]
    },
    "melbands": {
        "mean": [0.0039449846372, 0.00394858699292, 0.00162152771372, 0.00212215213105, 0.000815348525066, 0.000522063870449, 0.000421575037763, 0.000310092174914, 0.000297695660265, 0.000204876167118, 0.000101536796137, 9.87954044831e-005, 6.72900496284e-005, 4.18230483774e-005, 3.82265461667e-005, 5.96412464802e-005, 4.21483491664e-005, 2.71119661193e-005, 2.39198507188e-005, 1.7303686036e-005, 1.92960615095e-005, 2.3005733965e-005, 2.35470124608e-005, 1.44238993016e-005, 9.26679240365e-006, 7.59859585742e-006, 9.4265651569e-006, 7.63746356824e-006, 3.61138177141e-006, 3.15963575304e-006, 3.03634419652e-006, 3.15688089358e-006, 3.06013953377e-006, 2.54128235611e-006, 2.64033974418e-006, 3.10391988023e-006, 2.29177749134e-006, 1.65210485648e-006, 1.45504748161e-006, 1.44521936818e-006],
        "var": [1.05411354525e-005, 1.15458042274e-005, 3.51577841684e-006, 4.38592815044e-006, 5.74998637148e-007, 5.34878097369e-007, 2.88716648811e-007, 1.91350054024e-007, 2.37713393858e-007, 2.6758795002e-007, 3.01031590766e-008, 3.12602139729e-008, 8.63457039202e-009, 2.5408177784e-009, 1.59888591256e-009, 9.01449315194e-009, 4.97312724335e-009, 1.55783663747e-009, 1.21333676439e-009, 7.95139842857e-010, 8.18430434535e-010, 9.8099117718e-010, 1.14674347795e-009, 3.76917774769e-010, 2.06894529287e-010, 1.25172539001e-010, 2.76998646243e-010, 1.63000599129e-010, 2.74553036556e-011, 2.14968008672e-011, 1.68779695081e-011, 1.74747299964e-011, 1.76102049609e-011, 1.21373154582e-011, 1.54808353636e-011, 2.46934191844e-011, 1.52821331978e-011, 9.00979638119e-012, 7.66833558458e-012, 1.20050228439e-011]
    },
    "mfcc": {
        "mean": [-618.917541504, 129.238800049, 23.8169078827, 23.3409481049, 14.4558076859, 5.75062990189, 1.68044865131, 6.94459009171, -3.14764070511, 1.77384734154, 0.997425377369, 3.33350038528, -1.63809299469],
        "cov": [[3039.10913086, -748.413146973, -417.680389404, 211.995315552, -258.34197998, -94.0365905762, -181.403610229, -24.5140953064, 33.1280059814, 17.1853256226, 13.8341350555, -80.2578048706, 21.0104198456], [-748.413146973, 816.630065918, -95.1451339722, -95.2803726196, 56.1364707947, -16.2808208466, 125.377090454, 23.2761058807, -6.28517818451, 15.5013504028, 3.89770770073, 23.5044078827, -6.42851924896], [-417.680389404, -95.1451339722, 426.840911865, -64.0668334961, 75.8949508667, 70.3839416504, 25.9661102295, 6.53538179398, -15.1626415253, -22.5147323608, 1.95443677902, 8.65835475922, -12.1103286743], [211.995315552, -95.2803726196, -64.0668334961, 314.907470703, -1.7574518919, 5.35517311096, -33.5774307251, 18.6793289185, 24.224603653, -1.76082897186, -22.2461357117, 15.9720048904, 47.3848419189], [-258.34197998, 56.1364707947, 75.8949508667, -1.7574518919, 218.300460815, 9.31699466705, -24.0325660706, -0.242231011391, 1.16363251209, -13.3760251999, -19.2108783722, 20.270532608, 11.6528739929], [-94.0365905762, -16.2808208466, 70.3839416504, 5.35517311096, 9.31699466705, 193.561599731, 81.7594299316, 1.92636358738, -15.3068008423, 22.8636341095, -6.69609546661, 0.296370089054, -8.02947711945], [-181.403610229, 125.377090454, 25.9661102295, -33.5774307251, -24.0325660706, 81.7594299316, 165.617080688, 12.0928449631, -5.12664842606, 21.0053958893, -3.86152076721, -6.8923625946, -11.3512849808], [-24.5140953064, 23.2761058807, 6.53538179398, 18.6793289185, -0.242231011391, 1.92636358738, 12.0928449631, 94.0015106201, 29.3487663269, 0.382678687572, -0.822207808495, 8.56103801727, 7.26975631714], [33.1280059814, -6.28517818451, -15.1626415253, 24.224603653, 1.16363251209, -15.3068008423, -5.12664842606, 29.3487663269, 97.656288147, 17.2214927673, -2.36454844475, -14.0599546432, 9.59985923767], [17.1853256226, 15.5013504028, -22.5147323608, -1.76082897186, -13.3760251999, 22.8636341095, 21.0053958893, 0.382678687572, 17.2214927673, 85.9111785889, 26.114408493, 2.10519552231, -1.05049407482], [13.8341350555, 3.89770770073, 1.95443677902, -22.2461357117, -19.2108783722, -6.69609546661, -3.86152076721, -0.822207808495, -2.36454844475, 26.114408493, 88.5328903198, 21.7989273071, -9.07917881012], [-80.2578048706, 23.5044078827, 8.65835475922, 15.9720048904, 20.270532608, 0.296370089054, -6.8923625946, 8.56103801727, -14.0599546432, 2.10519552231, 21.7989273071, 73.9339828491, 26.8344745636], [21.0104198456, -6.42851924896, -12.1103286743, 47.3848419189, 11.6528739929, -8.02947711945, -11.3512849808, 7.26975631714, 9.59985923767, -1.05049407482, -9.07917881012, 26.8344745636, 72.614402771]],
        "icov": [[0.000615129654761, 0.000562583329156, 0.000625934859272, -0.000110539891466, 0.000322485459037, 2.47097486863e-005, 0.000176887348061, -8.33381564007e-005, 8.20093991933e-005, -2.53219604929e-005, -0.000225897951168, 0.00053300592117, -0.000201101589482], [0.000562583329156, 0.00223861960694, 0.00118743034545, 0.000362696649972, -0.000533010112122, 0.000742217409424, -0.00160438928287, -0.000417382776504, 0.000196734326892, -6.10552306171e-005, -0.000193755753571, -0.000167956895893, -3.36987322953e-005], [0.000625934859272, 0.00118743034545, 0.0037043178454, 0.000616328848992, -0.000881929532625, -0.00084906059783, -0.000478130794363, -0.00049860944273, 0.000115884125989, 0.00103934458457, -0.000709227635525, 0.000194339416339, 1.65464064139e-006], [-0.000110539891466, 0.000362696649972, 0.000616328848992, 0.00402587745339, -6.16399629507e-005, -0.000681332603563, 0.000519259250723, -0.000586000736803, -0.00065983197419, 0.000105010301922, 0.000888254086021, -0.000737110793125, -0.00191362109035], [0.000322485459037, -0.000533010112122, -0.000881929532625, -6.16399629507e-005, 0.00594172347337, -0.000715016387403, 0.00200026738457, 0.000409169355407, -0.000617827870883, 0.000102076977782, 0.0015652278671, -0.00134910282213, -0.000230784236919], [2.47097486863e-005, 0.000742217409424, -0.00084906059783, -0.000681332603563, -0.000715016387403, 0.00775105692446, -0.00410787016153, -4.39980685769e-005, 0.001354704611, -0.00206506694667, 0.000878798018675, -0.000386438128771, 0.000739359180443], [0.000176887348061, -0.00160438928287, -0.000478130794363, 0.000519259250723, 0.00200026738457, -0.00410787016153, 0.0102500496432, -0.000994496163912, 0.000193087398657, -0.00129057001323, 0.000888832844794, 0.000990295782685, 1.58214334078e-005], [-8.33381564007e-005, -0.000417382776504, -0.00049860944273, -0.000586000736803, 0.000409169355407, -4.39980685769e-005, -0.000994496163912, 0.0125547703356, -0.00434234319255, 0.00106452777982, 0.000273966055829, -0.00249487091787, 0.00034919983591], [8.20093991933e-005, 0.000196734326892, 0.000115884125989, -0.00065983197419, -0.000617827870883, 0.001354704611, 0.000193087398657, -0.00434234319255, 0.0133688002825, -0.00325852399692, -0.000252578000072, 0.0043883677572, -0.00231037777849], [-2.53219604929e-005, -6.10552306171e-005, 0.00103934458457, 0.000105010301922, 0.000102076977782, -0.00206506694667, -0.00129057001323, 0.00106452777982, -0.00325852399692, 0.0148849384859, -0.00471121398732, 8.2089274656e-005, -0.00041958357906], [-0.000225897951168, -0.000193755753571, -0.000709227635525, 0.000888254086021, 0.0015652278671, 0.000878798018675, 0.000888832844794, 0.000273966055829, -0.000252578000072, -0.00471121398732, 0.0153505736962, -0.00640585226938, 0.00355962989852], [0.00053300592117, -0.000167956895893, 0.000194339416339, -0.000737110793125, -0.00134910282213, -0.000386438128771, 0.000990295782685, -0.00249487091787, 0.0043883677572, 8.2089274656e-005, -0.00640585226938, 0.0207115616649, -0.00811114534736], [-0.000201101589482, -3.36987322953e-005, 1.65464064139e-006, -0.00191362109035, -0.000230784236919, 0.000739359180443, 1.58214334078e-005, 0.00034919983591, -0.00231037777849, -0.00041958357906, 0.00355962989852, -0.00811114534736, 0.0189037919044]]
    },
    "spectral_contrast_coeffs": {
        "mean": [-0.635823071003, -0.726829469204, -0.780912280083, -0.772775173187, -0.785834372044, -0.789821922779],
        "var": [0.00484754843637, 0.00439454754815, 0.0033147262875, 0.0020672462415, 0.00208378210664, 0.00206835172139]
    },
    "spectral_contrast_valleys": {
        "mean": [-6.43614196777, -6.3368639946, -7.12536811829, -7.6719789505, -7.56034612656, -9.68815231323],
        "var": [0.495358943939, 0.524955928326, 0.539586901665, 0.607017040253, 0.79601341486, 0.685057878494]
    }
},
"metadata": {
    "audio_properties": {
        "analysis_sample_rate": 44100,
        "bit_rate": 128074,
        "equal_loudness": 0,
        "length": 45.0612258911,
        "lossless": 0,
        "replay_gain": -6.48602676392,
        "sample_rate": 44100,
        "codec": "mp3",
        "downmix": "mix",
        "md5_encoded": "dad4f8424c747dea820aad55d7db1316"
    },
    "tags": {
        "file_name": "1440.mp3"
    },
    "version": {
        "essentia": "2.1-beta2",
        "essentia_git_sha": "v2.1_beta2",
        "extractor": "music 1.0"
    }
},
"rhythm": {
    "beats_count": 113,
    "beats_loudness": {
        "mean": 0.0597089640796,
        "var": 0.000327351794112
    },
    "bpm": 151.376037598,
    "bpm_histogram_first_peak_bpm": {
        "mean": 152,
        "var": 0
    },
    "bpm_histogram_first_peak_spread": {
        "mean": 0.213592201471,
        "var": 0
    },
    "bpm_histogram_first_peak_weight": {
        "mean": 0.723214268684,
        "var": 0
    },
    "bpm_histogram_second_peak_bpm": {
        "mean": 157,
        "var": 0
    },
    "bpm_histogram_second_peak_spread": {
        "mean": 0.142857134342,
        "var": 0
    },
    "bpm_histogram_second_peak_weight": {
        "mean": 0.0535714291036,
        "var": 0
    },
    "danceability": 1.35354554653,
    "onset_rate": 4.03712892532,
    "beats_loudness_band_ratio": {
        "mean": [0.557892024517, 0.208696588874, 0.103973999619, 0.0506594069302, 0.0548660084605, 0.0545611605048],
        "var": [0.0336006619036, 0.0179354865104, 0.00615864619613, 0.001783689484, 0.00207267259248, 0.00120363023598]
    },
    "beats_position": [0.394739210606, 0.789478421211, 1.19582760334, 1.60217678547, 1.99691605568, 2.39165520668, 2.7863945961, 3.1811337471, 3.5758728981, 3.97061228752, 4.3653512001, 4.78331041336, 5.17804956436, 5.5727891922, 5.9675283432, 6.37387752533, 6.76861667633, 7.1517457962, 7.5464849472, 7.94122457504, 8.34757328033, 8.73070240021, 9.12544155121, 9.52018165588, 9.91492080688, 10.3096599579, 10.7043991089, 11.0991382599, 11.4938774109, 11.8886165619, 12.2833557129, 12.6780948639, 13.0728340149, 13.4559631348, 13.8390922546, 14.2338323593, 14.6285715103, 15.0233106613, 15.4296598434, 15.8360090256, 16.2307472229, 16.6254863739, 17.031835556, 17.4381847382, 17.8329238892, 18.2276649475, 18.6224040985, 19.0171432495, 19.4118824005, 19.8066215515, 20.1897506714, 20.5844898224, 20.9792289734, 21.3855781555, 21.7803173065, 22.1750564575, 22.5814056396, 22.9761447906, 23.3824939728, 23.7772331238, 24.1719722748, 24.5667114258, 24.9614505768, 25.3561897278, 25.7509288788, 26.1456680298, 26.5404071808, 26.9351463318, 27.3298854828, 27.7246246338, 28.1193637848, 28.5141029358, 28.9088420868, 29.3035831451, 29.6983222961, 30.0930614471, 30.4878005981, 30.8593196869, 31.2540588379, 31.6487979889, 32.0435371399, 32.4382743835, 32.8330154419, 33.2277526855, 33.6224937439, 34.0172348022, 34.4119720459, 34.818321228, 35.2014503479, 35.5961914063, 36.0025405884, 36.4088897705, 36.8036270142, 37.1983680725, 37.5931053162, 37.9878463745, 38.3825836182, 38.7773246765, 39.1836738586, 39.5900230408, 39.9963722229, 40.3911094666, 40.7974586487, 41.192199707, 41.5869369507, 41.981678009, 42.3996353149, 42.7943763733, 43.2007255554, 43.5954627991, 44.0018119812, 44.4081611633, 44.8145103455]
},
"tonal": {
    "chords_changes_rate": 0.0442386828363,
    "chords_number_rate": 0.00720164598897,
    "chords_strength": {
        "mean": 0.542533099651,
        "var": 0.00820626784116
    },
    "hpcp_entropy": {
        "mean": 2.24147486687,
        "var": 0.426854163408
    },
    "key_strength": 0.826918542385,
    "tuning_diatonic_strength": 0.769777655602,
    "tuning_equal_tempered_deviation": 0.103597857058,
    "tuning_frequency": 441.527557373,
    "tuning_nontempered_energy_ratio": 0.757114171982,
    "hpcp": {
        "mean": [0.0809908956289, 0.128221571445, 0.349638968706, 0.415618062019, 0.189511165023, 0.0577057339251, 0.0409313887358, 0.0500362813473, 0.0855938643217, 0.0889905318618, 0.0559182688594, 0.0369632914662, 0.0303940083832, 0.0345300249755, 0.0639352351427, 0.105428598821, 0.169169828296, 0.290830373764, 0.330049216747, 0.222253471613, 0.135520994663, 0.141447842121, 0.176825478673, 0.177035316825, 0.13547642529, 0.0755264759064, 0.037378013134, 0.0307936761528, 0.0455459542572, 0.0914529412985, 0.119074590504, 0.106419861317, 0.127487882972, 0.159116506577, 0.133063554764, 0.0941349342465],
        "var": [0.0332038775086, 0.0366144664586, 0.100914418697, 0.132332101464, 0.0459352917969, 0.0173326674849, 0.014720694162, 0.0134504893795, 0.0358239784837, 0.0369516536593, 0.0179280359298, 0.0106297768652, 0.00772686488926, 0.00872115138918, 0.0171084813774, 0.0353518873453, 0.0654043778777, 0.111226849258, 0.123517461121, 0.0832266137004, 0.0564320683479, 0.0673073455691, 0.0895949825644, 0.0708291977644, 0.0443721860647, 0.0216569304466, 0.0101471981034, 0.0070959883742, 0.0111525207758, 0.0254224799573, 0.0390347987413, 0.0393490456045, 0.0536865629256, 0.0830598771572, 0.0657036751509, 0.0411909557879]
    },
    "chords_histogram": [56.58436203, 3.80658435822, 15.9465017319, 0, 0, 0.205761313438, 0, 0.411522626877, 1.44032919407, 0, 0, 0, 0, 0, 0, 0, 0, 0, 0, 0, 0, 4.52674913406, 10.5967073441, 6.48148155212],
    "thpcp": [1, 0.455974310637, 0.138843178749, 0.0984831824899, 0.120390057564, 0.205943569541, 0.214116126299, 0.134542435408, 0.0889357179403, 0.0731296613812, 0.0830811485648, 0.153831705451, 0.253667026758, 0.407031953335, 0.699753940105, 0.794116616249, 0.534754097462, 0.326070994139, 0.340331315994, 0.425451874733, 0.425956755877, 0.325963765383, 0.181720867753, 0.0899335592985, 0.0740912854671, 0.109586082399, 0.22004082799, 0.286500036716, 0.256052047014, 0.306742876768, 0.382843106985, 0.320158272982, 0.22649385035, 0.194868564606, 0.308508187532, 0.841250658035],
    "chords_key": "D#",
    "chords_scale": "major",
    "key_key": "D#",
    "key_scale": "major"
}
}