{
"lowlevel": {
    "average_loudness": 0.490589946508,
    "barkbands_crest": {
        "mean": 15.642868042,
        "var": 22.0872554779
    },
    "barkbands_flatness_db": {
        "mean": 0.294102460146,
        "var": 0.00601871218532
    },
    "barkbands_kurtosis": {
        "mean": 31.7290878296,
        "var": 8741.73144531
    },
    "barkbands_skewness": {
        "mean": 2.68612861633,
        "var": 7.63454627991
    },
    "barkbands_spread": {
        "mean": 4.5075302124,
        "var": 50.5026702881
    },
    "dissonance": {
        "mean": 0.334473729134,
        "var": 0.00604219036177
    },
    "dynamic_complexity": 5.90070486069,
    "erbbands_crest": {
        "mean": 19.1600990295,
        "var": 37.0450134277
    },
    "erbbands_flatness_db": {
        "mean": 0.318494737148,
        "var": 0.00504745030776
    },
    "erbbands_kurtosis": {
        "mean": 18.362405777,
        "var": 714.192504883
    },
    "erbbands_skewness": {
        "mean": 2.37455964088,
        "var": 3.93494772911
    },
    "erbbands_spread": {
        "mean": 10.0618028641,
        "var": 174.551986694
    },
    "hfc": {
        "mean": 9.44623947144,
        "var": 209.20135498
    },
    "melbands_crest": {
        "mean": 18.9715881348,
        "var": 39.5661888123
    },
    "melbands_flatness_db": {
        "mean": 0.355382025242,
        "var": 0.00711548514664
    },
    "melbands_kurtosis": {
        "mean": 27.6483097076,
        "var": 2020.06799316
    },
    "melbands_skewness": {
        "mean": 2.18038868904,
        "var": 5.69753074646
    },
    "melbands_spread": {
        "mean": 6.27088308334,
        "var": 148.38508606
    },
    "pitch_salience": {
        "mean": 0.463890612125,
        "var": 0.0196976792067
    },
    "silence_rate_20dB": {
        "mean": 1,
        "var": 0
    },
    "silence_rate_30dB": {
        "mean": 0.990731179714,
        "var": 0.00918283313513
    },
    "silence_rate_60dB": {
        "mean": 0.314109176397,
        "var": 0.215444564819
    },
    "spectral_centroid": {
        "mean": 666.53137207,
        "var": 188229.96875
    },
    "spectral_complexity": {
        "mean": 4.5247168541,
        "var": 5.53053045273
    },
    "spectral_decrease": {
        "mean": -3.8057135221e-009,
        "var": 2.9896103974e-017
    },
    "spectral_energy": {
        "mean": 0.0152204390615,
        "var": 0.000476837245515
    },
    "spectral_energyband_high": {
        "mean": 3.82965845347e-005,
        "var": 4.30429700771e-008
    },
    "spectral_energyband_low": {
        "mean": 1.48035815073e-005,
        "var": 1.55410939673e-009
    },
    "spectral_energyband_middle_high": {
        "mean": 0.00379568967037,
        "var": 0.000124052763567
    },
    "spectral_energyband_middle_low": {
        "mean": 0.0115102315322,
        "var": 0.00029329242534
    },
    "spectral_entropy": {
        "mean": 6.05475378036,
        "var": 0.658383727074
    },
    "spectral_flux": {
        "mean": 0.0394145846367,
        "var": 0.00147337035742
    },
    "spectral_kurtosis": {
        "mean": 17.4326610565,
        "var": 151.493179321
    },
    "spectral_rms": {
        "mean": 0.00313027645461,
        "var": 5.05058233102e-006
    },
    "spectral_rolloff": {
        "mean": 813.637268066,
        "var": 902890.0625
    },
    "spectral_skewness": {
        "mean": 3.22179055214,
        "var": 1.4319139719
    },
    "spectral_spread": {
        "mean": 3419523,
        "var": 2.95711172198e+012
    },
    "spectral_strongpeak": {
        "mean": 1.65645027161,
        "var": 3.17104125023
    },
    "zerocrossingrate": {
        "mean": 0.0330857075751,
        "var": 0.000612311589066
    },
    "barkbands": {
        "mean": [1.58180432663e-006, 4.18102627009e-006, 2.41770294451e-006, 2.80335607385e-005, 0.000761144096032, 0.00371947768144, 0.00335189444013, 0.00133157870732, 0.00189827557188, 0.000856858096085, 0.00291179679334, 7.01287572156e-005, 4.15550493926e-005, 0.000100759229099, 3.59154437319e-005, 1.26302302306e-005, 1.35730633701e-005, 1.81621271622e-005, 1.80644983629e-005, 9.083571058e-006, 5.17944636158e-006, 7.81990729593e-006, 7.20375919627e-006, 8.08952518128e-006, 3.71490887119e-006, 1.29536897475e-006, 4.3423863616e-008],
        "var": [8.20349344011e-011, 4.16296691563e-010, 3.45418346703e-011, 7.00597668768e-009, 5.66264407098e-006, 0.000128081141156, 8.48733616294e-005, 1.06269408207e-005, 1.82424228115e-005, 8.64120829647e-006, 0.000112058500235, 2.10046522398e-007, 2.06443022677e-008, 1.22126436963e-007, 1.04974020587e-008, 1.58693180818e-009, 3.16134918243e-009, 4.14187617537e-009, 1.15520604194e-009, 1.65091806892e-009, 3.39296396534e-010, 2.19726725703e-009, 3.11844949863e-009, 6.49975184785e-009, 4.56182924768e-010, 2.14538300319e-011, 1.01749383861e-014]
    },
    "erbbands": {
        "mean": [0.000126661849208, 0.000939531135373, 0.00346235721372, 0.045261785388, 0.299330711365, 2.20471715927, 14.7403764725, 34.2516937256, 53.7910995483, 45.0988502502, 22.5369606018, 51.1961250305, 27.4551830292, 43.5613937378, 103.394462585, 7.26060724258, 2.12288856506, 5.85809135437, 1.36706268787, 2.16049790382, 0.757808804512, 0.760943174362, 0.837263286114, 1.26570749283, 0.634918510914, 0.460020422935, 0.259123563766, 0.21070381999, 0.245539262891, 0.29315045476, 0.188858881593, 0.227381035686, 0.0942305102944, 0.0506308078766, 0.0205616485327, 0.0102412961423, 0.000977445743047, 0.000162790587638, 1.25521619339e-005, 1.76550347533e-005],
        "var": [7.38984397231e-007, 1.35083537316e-005, 5.03881892655e-005, 0.0150993596762, 0.291821599007, 37.1635017395, 2174.1887207, 15687.2646484, 21858.7597656, 7519.6875, 5079.92382813, 13185.125, 6851.50195313, 17668.7226563, 151386.65625, 694.903198242, 40.5568885803, 373.246490479, 11.3436698914, 44.053150177, 6.04181480408, 9.16365432739, 12.1534385681, 10.73183918, 1.72764265537, 5.0873875618, 0.55874735117, 0.803126037121, 1.5169519186, 7.274122715, 2.13746976852, 5.33704185486, 0.726433873177, 0.110032424331, 0.0102141797543, 0.00153301493265, 9.485942428e-006, 1.52832143385e-007, 2.92945889768e-010, 6.24743368149e-010]
    },
    "gfcc": {
        "mean": [-175.420211792, 96.5735702515, -119.591560364, -31.9991321564, -97.5137557983, -30.3592910767, -49.3258743286, 13.1329450607, -18.0247516632, 10.6704149246, -9.4851474762, -4.10567855835, -7.99457788467],
        "cov": [[6375.93603516, -221.399597168, -1964.12512207, -423.4012146, -394.684143066, -85.0669403076, -154.463226318, -208.868972778, -539.284362793, -278.102294922, 402.777038574, 124.462028503, 402.041137695], [-221.399597168, 757.369689941, 288.466888428, -274.289794922, 76.0146713257, -289.764251709, -78.3442153931, -215.686248779, -65.8982772827, -31.7950534821, 1.26543033123, -91.9473342896, 14.361330986], [-1964.12512207, 288.466888428, 1254.05163574, 545.891174316, 59.8920593262, -112.317268372, -198.401351929, -123.562286377, 155.956787109, -0.106091327965, -197.295791626, -24.5144729614, -136.585861206], [-423.4012146, -274.289794922, 545.891174316, 966.2578125, 33.0573196411, 2.49580669403, -217.169845581, -51.4258308411, 79.0601577759, -76.7362976074, -179.844421387, 36.1807556152, -64.7860107422], [-394.684143066, 76.0146713257, 59.8920593262, 33.0573196411, 216.249832153, 32.913646698, 8.12592029572, -27.5317077637, -63.4378929138, -2.98228764534, -14.1437911987, -2.85011720657, -38.8514976501], [-85.0669403076, -289.764251709, -112.317268372, 2.49580669403, 32.913646698, 444.191040039, 171.06640625, 58.2194480896, -33.9976768494, 6.04431390762, -3.57350087166, 8.91675376892, -84.8296051025], [-154.463226318, -78.3442153931, -198.401351929, -217.169845581, 8.12592029572, 171.06640625, 267.290649414, 151.795425415, 13.0422096252, 34.1554489136, 2.53500986099, -32.5059928894, -35.4591941833], [-208.868972778, -215.686248779, -123.562286377, -51.4258308411, -27.5317077637, 58.2194480896, 151.795425415, 320.14263916, 138.126037598, 56.1191711426, -58.694355011, -31.4727859497, -18.591550827], [-539.284362793, -65.8982772827, 155.956787109, 79.0601577759, -63.4378929138, -33.9976768494, 13.0422096252, 138.126037598, 328.368988037, 121.527854919, -88.8616638184, -73.7541275024, -66.027130127], [-278.102294922, -31.7950534821, -0.106091327965, -76.7362976074, -2.98228764534, 6.04431390762, 34.1554489136, 56.1191711426, 121.527854919, 160.360809326, 44.4911117554, -12.3404655457, -33.7128410339], [402.777038574, 1.26543033123, -197.295791626, -179.844421387, -14.1437911987, -3.57350087166, 2.53500986099, -58.694355011, -88.8616638184, 44.4911117554, 228.383422852, 114.876724243, 48.5821495056], [124.462028503, -91.9473342896, -24.5144729614, 36.1807556152, -2.85011720657, 8.91675376892, -32.5059928894, -31.4727859497, -73.7541275024, -12.3404655457, 114.876724243, 176.35710144, 67.3419418335], [402.041137695, 14.361330986, -136.585861206, -64.7860107422, -38.8514976501, -84.8296051025, -35.4591941833, -18.591550827, -66.027130127, -33.7128410339, 48.5821495056, 67.3419418335, 154.467956543]],
        "icov": [[0.000817027350422, -0.000960497534834, 0.00172389496583, -0.000801121059339, 0.00159870809875, -0.000581006635912, 0.00127874419559, -0.000356787029887, 0.000588266120758, 0.000451399595477, -0.000543730391655, 0.000220072586671, -9.0217567049e-005], [-0.000960497534834, 0.0068668005988, -0.00413789972663, 0.00338743673638, -0.00393216684461, 0.00399020966142, -0.00331159657799, 0.00380113837309, -0.000967822037637, 0.00139392691199, -0.000445732031949, 0.00307395984419, -0.000786429911386], [0.00172389496583, -0.00413789972663, 0.00594712840393, -0.00295341783203, 0.00399550050497, -0.0019168430008, 0.00346931046806, -0.00112951628398, 0.000934221374337, -0.000204860771191, 0.000804022711236, -0.0020765052177, 0.00153753859922], [-0.000801121059339, 0.00338743673638, -0.00295341783203, 0.00399226276204, -0.00255826069042, 0.00135577190667, -9.47909720708e-005, 0.0014167886693, -0.00103675108403, 0.000989192165434, 0.00174559932202, -0.000469246297143, 0.000511234684382], [0.00159870809875, -0.00393216684461, 0.00399550050497, -0.00255826069042, 0.00968192704022, -0.00206478685141, 0.00284019066021, -0.00182628585026, 0.00382154225372, -0.00175870850217, 0.00085693586152, -0.00149844237603, 0.0020313882269], [-0.000581006635912, 0.00399020966142, -0.0019168430008, 0.00135577190667, -0.00206478685141, 0.00632274663076, -0.00490137236193, 0.00291998661123, 0.000180528862984, 0.000269379321253, 0.000756359600928, 1.58288330567e-005, 0.00208534835838], [0.00127874419559, -0.00331159657799, 0.00346931046806, -9.47909720708e-005, 0.00284019066021, -0.00490137236193, 0.0122426711023, -0.00551783153787, 0.00182253855746, -9.19888680073e-006, -0.000268357922323, -2.60814504145e-005, 0.00104930403177], [-0.000356787029887, 0.00380113837309, -0.00112951628398, 0.0014167886693, -0.00182628585026, 0.00291998661123, -0.00551783153787, 0.00865932088345, -0.00278603611514, 0.000221074864385, 0.00201840978116, -7.8033459431e-005, -0.000652945425827], [0.000588266120758, -0.000967822037637, 0.000934221374337, -0.00103675108403, 0.00382154225372, 0.000180528862984, 0.00182253855746, -0.00278603611514, 0.0087995538488, -0.00604296009988, 0.00258248043247, 0.000277085520793, 0.00160294969101], [0.000451399595477, 0.00139392691199, -0.000204860771191, 0.000989192165434, -0.00175870850217, 0.000269379321253, -9.19888680073e-006, 0.000221074864385, -0.00604296009988, 0.0144413430244, -0.0070480229333, 0.00323332450353, 3.52231763827e-005], [-0.000543730391655, -0.000445732031949, 0.000804022711236, 0.00174559932202, 0.00085693586152, 0.000756359600928, -0.000268357922323, 0.00201840978116, 0.00258248043247, -0.0070480229333, 0.014755002223, -0.00997274275869, 0.00298466696404], [0.000220072586671, 0.00307395984419, -0.0020765052177, -0.000469246297143, -0.00149844237603, 1.58288330567e-005, -2.60814504145e-005, -7.8033459431e-005, 0.000277085520793, 0.00323332450353, -0.00997274275869, 0.0161458160728, -0.00635335315019], [-9.0217567049e-005, -0.000786429911386, 0.00153753859922, 0.000511234684382, 0.0020313882269, 0.00208534835838, 0.00104930403177, -0.000652945425827, 0.00160294969101, 3.52231763827e-005, 0.00298466696404, -0.00635335315019, 0.0126981250942]]
    },
    "melbands": {
        "mean": [1.20966626582e-006, 1.39912140185e-006, 1.29998079501e-005, 5.55044098292e-005, 0.000435581780039, 0.000758656824473, 0.00080139079364, 0.000449542829301, 0.000202459923457, 0.000302183529129, 0.000124198384583, 0.000149323590449, 0.00042402438703, 4.04335769417e-005, 3.69396730093e-006, 5.20727235198e-006, 1.1713751519e-005, 1.94549420485e-006, 2.3977283945e-006, 2.08204505725e-006, 6.8035745926e-007, 6.9395156288e-007, 9.06507466425e-007, 7.87470582964e-007, 1.06477614281e-006, 6.20851437816e-007, 2.74212368367e-007, 3.08904873236e-007, 1.80080292012e-007, 1.12853115297e-007, 1.25169336229e-007, 1.35060659545e-007, 1.59792350019e-007, 1.52357827687e-007, 8.69879457355e-008, 1.46348739349e-007, 1.3825284384e-007, 6.99192383991e-008, 4.71059884433e-008, 4.14863805531e-008],
        "var": [4.68689184685e-011, 1.39430177473e-011, 9.70992952709e-010, 2.06745980336e-008, 1.81258906196e-006, 6.58078397464e-006, 4.84792462885e-006, 7.14914108357e-007, 3.53417476617e-007, 4.69089400212e-007, 1.65731634638e-007, 2.47603509251e-007, 2.43164345193e-006, 6.21546263346e-008, 2.01559685609e-010, 2.65187427573e-010, 1.69933811467e-009, 4.06087836968e-011, 5.01080635318e-011, 3.16109811938e-011, 7.47533632217e-012, 7.64844351048e-012, 1.66378785749e-011, 7.33745876558e-012, 8.26546730365e-012, 1.40322486703e-012, 1.27648022361e-012, 2.60862186886e-012, 2.60194155718e-013, 1.55426818876e-013, 3.46230178859e-013, 4.79659552095e-013, 1.2638117549e-012, 2.02741230922e-012, 3.93624640261e-013, 1.64666847866e-012, 2.3952127174e-012, 4.34177243854e-013, 1.2938131469e-013, 6.44950266153e-014]
    },
    "mfcc": {
        "mean": [-832.759643555, 148.087860107, 2.19896602631, -4.79450559616, -30.5328273773, -43.6107826233, -27.8915958405, -22.9318523407, -11.2475852966, 5.76912212372, 3.94220209122, -3.11470770836, -0.568763852119],
        "cov": [[7051.84423828, -573.326721191, -1652.62854004, -543.251098633, -564.482421875, -372.000610352, 186.248275757, -11.2798891068, -340.66217041, -412.801025391, -466.193786621, -304.764160156, 98.1407928467], [-573.326721191, 1159.0534668, -24.3195724487, -153.743118286, -84.5251998901, -136.076934814, -10.4170856476, -266.602966309, -156.802200317, -8.42866134644, -24.6875076294, -93.8236846924, -30.1949901581], [-1652.62854004, -24.3195724487, 1029.58447266, 447.179473877, 288.592163086, 218.790084839, -242.222488403, -20.6455211639, 10.3143959045, -11.1298398972, 70.7057723999, 55.6706771851, -108.802467346], [-543.251098633, -153.743118286, 447.179473877, 627.413574219, 266.884460449, 40.8542556763, -188.457489014, -31.1056575775, 15.8693380356, -89.6816864014, -36.932975769, 1.15277206898, -112.091903687], [-564.482421875, -84.5251998901, 288.592163086, 266.884460449, 283.160308838, 120.876998901, -69.3380355835, -2.30098390579, -19.7266635895, -52.8324050903, -21.4414100647, 5.23771047592, -41.4198646545], [-372.000610352, -136.076934814, 218.790084839, 40.8542556763, 120.876998901, 326.078796387, 50.70362854, 29.6460647583, -49.1132316589, -25.565952301, 11.2855195999, -8.19373893738, -3.7736184597], [186.248275757, -10.4170856476, -242.222488403, -188.457489014, -69.3380355835, 50.70362854, 311.182678223, 101.684524536, -32.2584533691, -36.9462051392, -46.8523712158, -35.2868919373, 28.7999763489], [-11.2798891068, -266.602966309, -20.6455211639, -31.1056575775, -2.30098390579, 29.6460647583, 101.684524536, 221.93762207, 99.058013916, 5.55682992935, 9.35052871704, 21.7182159424, -12.2967720032], [-340.66217041, -156.802200317, 10.3143959045, 15.8693380356, -19.7266635895, -49.1132316589, -32.2584533691, 99.058013916, 258.663879395, 170.090881348, 88.6408691406, 57.0465888977, -21.6731262207], [-412.801025391, -8.42866134644, -11.1298398972, -89.6816864014, -52.8324050903, -25.565952301, -36.9462051392, 5.55682992935, 170.090881348, 290.208404541, 162.357635498, 46.540271759, 1.29013800621], [-466.193786621, -24.6875076294, 70.7057723999, -36.932975769, -21.4414100647, 11.2855195999, -46.8523712158, 9.35052871704, 88.6408691406, 162.357635498, 198.940460205, 95.1682357788, 16.7167472839], [-304.764160156, -93.8236846924, 55.6706771851, 1.15277206898, 5.23771047592, -8.19373893738, -35.2868919373, 21.7182159424, 57.0465888977, 46.540271759, 95.1682357788, 177.936737061, 79.5645828247], [98.1407928467, -30.1949901581, -108.802467346, -112.091903687, -41.4198646545, -3.7736184597, 28.7999763489, -12.2967720032, -21.6731262207, 1.29013800621, 16.7167472839, 79.5645828247, 160.383285522]],
        "icov": [[0.000438692484749, 0.000408785534091, 0.000627733243164, 1.61972020578e-005, 0.000592848635279, 3.45167900377e-005, 0.000531128025614, 3.98862866859e-005, 0.0005609896034, 0.000198795707547, 0.000481798750116, 0.000279311730992, 0.000192717081518], [0.000408785534091, 0.0020022331737, 2.95557092613e-005, 0.000800015055574, 0.000330294948071, 0.00106040528044, -0.000362729944754, 0.00224862620234, 0.000617837009486, 0.000411769578932, 0.000102391997643, 0.000734242959879, 0.000759040645789], [0.000627733243164, 2.95557092613e-005, 0.00325396563858, -0.00100368808489, 0.000409878179198, -0.00156545510981, 0.0022657411173, -0.00102890119888, 0.00118174112868, 0.000130142158014, 0.000377855933039, -0.000534814898856, 0.00109527946915], [1.61972020578e-005, 0.000800015055574, -0.00100368808489, 0.00446576671675, -0.00282037374564, 0.0012433869997, 0.000429936684668, 0.00176423322409, -0.00134181126487, 0.00180831132457, -1.9509521735e-005, -8.7674765382e-005, 0.00178953737486], [0.000592848635279, 0.000330294948071, 0.000409878179198, -0.00282037374564, 0.00847124960274, -0.00224058190361, 0.00109903200064, -0.000722232682165, 0.00145358999725, -0.000379390985472, 0.00194712076336, -0.000415922841057, 9.14778138394e-005], [3.45167900377e-005, 0.00106040528044, -0.00156545510981, 0.0012433869997, -0.00224058190361, 0.00574832875282, -0.00204168120399, 0.000888871902134, 0.000982046592981, 0.000155634712428, -0.00132756959647, 0.00149249029346, -0.000493666157126], [0.000531128025614, -0.000362729944754, 0.0022657411173, 0.000429936684668, 0.00109903200064, -0.00204168120399, 0.00737833976746, -0.00428356090561, 0.00212603365071, -0.000291027216008, 0.00178854854312, 0.000316486461088, -2.7101545129e-005], [3.98862866859e-005, 0.00224862620234, -0.00102890119888, 0.00176423322409, -0.000722232682165, 0.000888871902134, -0.00428356090561, 0.011652299203, -0.00537037383765, 0.00376740214415, -0.0014952867059, 9.30595415412e-005, 0.00178461545147], [0.0005609896034, 0.000617837009486, 0.00118174112868, -0.00134181126487, 0.00145358999725, 0.000982046592981, 0.00212603365071, -0.00537037383765, 0.0120111675933, -0.00725410878658, 0.00316450605169, -0.00244962004945, 0.00180876883678], [0.000198795707547, 0.000411769578932, 0.000130142158014, 0.00180831132457, -0.000379390985472, 0.000155634712428, -0.000291027216008, 0.00376740214415, -0.00725410878658, 0.0122576784343, -0.00793335400522, 0.00358034390956, -0.000473367952509], [0.000481798750116, 0.000102391997643, 0.000377855933039, -1.9509521735e-005, 0.00194712076336, -0.00132756959647, 0.00178854854312, -0.0014952867059, 0.00316450605169, -0.00793335400522, 0.0149136958644, -0.00676220236346, 0.00229461537674], [0.000279311730992, 0.000734242959879, -0.000534814898856, -8.7674765382e-005, -0.000415922841057, 0.00149249029346, 0.000316486461088, 9.30595415412e-005, -0.00244962004945, 0.00358034390956, -0.00676220236346, 0.0133080137894, -0.0068357414566], [0.000192717081518, 0.000759040645789, 0.00109527946915, 0.00178953737486, 9.14778138394e-005, -0.000493666157126, -2.7101545129e-005, 0.00178461545147, 0.00180876883678, -0.000473367952509, 0.00229461537674, -0.0068357414566, 0.0118076894432]]
    },
    "spectral_contrast_coeffs": {
        "mean": [-0.638028204441, -0.613178014755, -0.641920566559, -0.783022940159, -0.82374471426, -0.833662629128],
        "var": [0.0154720563442, 0.00992349907756, 0.0116050699726, 0.00356383016333, 0.00177443306893, 0.0011173238745]
    },
    "spectral_contrast_valleys": {
        "mean": [-10.2219419479, -7.62433099747, -9.26969909668, -9.79125118256, -9.58306980133, -11.9085264206],
        "var": [0.458934903145, 1.04911625385, 1.11980700493, 1.00924360752, 1.11849570274, 0.789479494095]
    }
},
"metadata": {
    "audio_properties": {
        "analysis_sample_rate": 44100,
        "bit_rate": 128074,
        "equal_loudness": 0,
        "length": 45.0612258911,
        "lossless": 0,
        "replay_gain": -5.45928001404,
        "sample_rate": 44100,
        "codec": "mp3",
        "downmix": "mix",
        "md5_encoded": "1bb1afb7fde5095a65ce21dfbead55c0"
    },
    "tags": {
        "file_name": "1442.mp3"
    },
    "version": {
        "essentia": "2.1-beta2",
        "essentia_git_sha": "v2.1_beta2",
        "extractor": "music 1.0"
    }
},
"rhythm": {
    "beats_count": 89,
    "beats_loudness": {
        "mean": 0.0278183799237,
        "var": 0.00090958137298
    },
    "bpm": 120.114219666,
    "bpm_histogram_first_peak_bpm": {
        "mean": 120,
        "var": 0
    },
    "bpm_histogram_first_peak_spread": {
        "mean": 0.626666665077,
        "var": 0
    },
    "bpm_histogram_first_peak_weight": {
        "mean": 0.318181812763,
        "var": 0
    },
    "bpm_histogram_second_peak_bpm": {
        "mean": 115,
        "var": 0
    },
    "bpm_histogram_second_peak_spread": {
        "mean": 0.14285710454,
        "var": 0
    },
    "bpm_histogram_second_peak_weight": {
        "mean": 0.0681818202138,
        "var": 0
    },
    "danceability": 1.08521914482,
    "onset_rate": 4.03712892532,
    "beats_loudness_band_ratio": {
        "mean": [0.0140718650073, 0.372516214848, 0.583911061287, 0.0979133471847, 0.00995962973684, 0.00690638460219],
        "var": [0.000867439433932, 0.108210392296, 0.0818106457591, 0.039951633662, 0.000602965708822, 0.000515369873028]
    },
    "beats_position": [0.49922901392, 1.02167797089, 1.53251695633, 2.02013611794, 2.50775504112, 3.01859402657, 3.50621318817, 3.99383211136, 4.5046710968, 4.99229001999, 5.47990942001, 5.99074840546, 6.5015873909, 7.01242637634, 7.50004529953, 8.01088428497, 8.52172279358, 9.03256225586, 9.54340076447, 10.0426301956, 10.5418596268, 11.0410881042, 11.5287075043, 12.0047159195, 12.5155553818, 13.0031747818, 13.4907932281, 13.9900226593, 14.5008611679, 15.0000905991, 15.5225391388, 16.0449886322, 16.5442180634, 17.0434455872, 17.5542850494, 18.0419044495, 18.5295238495, 19.0055332184, 19.5047607422, 20.0156002045, 20.5264396667, 21.037279129, 21.548116684, 22.0589561462, 22.5465755463, 23.0341949463, 23.5334243774, 24.0558719635, 24.5434913635, 25.0078907013, 25.5071201324, 26.0063495636, 26.5171871185, 26.9931964874, 27.4924259186, 28.0264854431, 28.537322998, 29.0365524292, 29.5357818604, 30.0234012604, 30.4994106293, 30.9870281219, 31.4862575531, 31.9854869843, 32.4847145081, 32.9955558777, 33.5063934326, 34.0172348022, 34.5164604187, 35.0389099121, 35.5613594055, 36.0605888367, 36.5714263916, 37.0474357605, 37.5350570679, 38.034286499, 38.5219039917, 39.0095214844, 39.520362854, 40.0195922852, 40.5072097778, 41.006439209, 41.5056686401, 42.0048980713, 42.5041275024, 43.0033569336, 43.50258255, 44.0018119812, 44.4894332886]
},
"tonal": {
    "chords_changes_rate": 0.0442386828363,
    "chords_number_rate": 0.00720164598897,
    "chords_strength": {
        "mean": 0.575263500214,
        "var": 0.0105483746156
    },
    "hpcp_entropy": {
        "mean": 1.18694972992,
        "var": 0.368849694729
    },
    "key_strength": 0.799533903599,
    "tuning_diatonic_strength": 0.627782464027,
    "tuning_equal_tempered_deviation": 0.0092841386795,
    "tuning_frequency": 437.718536377,
    "tuning_nontempered_energy_ratio": 0.633874297142,
    "hpcp": {
        "mean": [0.207914113998, 0.123480424285, 0.0158719848841, 0.0127702243626, 0.0136131448671, 0.045074108988, 0.116274610162, 0.108791224658, 0.160821422935, 0.257393836975, 0.136205717921, 0.0108442306519, 0.0044281501323, 0.00568556459621, 0.0613290816545, 0.111797645688, 0.0605361498892, 0.0100308805704, 0.00840572733432, 0.0175449866802, 0.134661480784, 0.254967182875, 0.182611301541, 0.143278583884, 0.188720092177, 0.120281420648, 0.0371319577098, 0.022720195353, 0.0373552292585, 0.164480537176, 0.246591791511, 0.118193462491, 0.013298089616, 0.00839125178754, 0.0166545379907, 0.106699541211],
        "var": [0.127354800701, 0.0484369657934, 0.00307261897251, 0.00498879840598, 0.00588509440422, 0.0143182314932, 0.0769948288798, 0.0612675920129, 0.0548552460968, 0.131952568889, 0.0437855497003, 0.0028763806913, 0.000536546460353, 0.00092826562468, 0.0242455787957, 0.0781777352095, 0.0224774703383, 0.00267204246484, 0.00120686006267, 0.00613822601736, 0.0472104512155, 0.141599163413, 0.066061578691, 0.0668655782938, 0.103904761374, 0.0498678833246, 0.0121095683426, 0.00627070572227, 0.0144289741293, 0.0706116631627, 0.143160641193, 0.0394049473107, 0.00311929616146, 0.00232581887394, 0.00439179642126, 0.0399989001453]
    },
    "chords_histogram": [28.9094657898, 5.65843629837, 14.9176950455, 0, 0, 0, 0, 0, 1.33744859695, 0, 0, 0, 0, 0, 0, 0.205761313438, 0, 0, 0, 0.102880656719, 0, 5.45267486572, 17.3868312836, 26.0288066864],
    "thpcp": [1, 0.529172420502, 0.0421308875084, 0.0172037929296, 0.0220889691263, 0.238269418478, 0.434344679117, 0.235188812017, 0.0389709435403, 0.0326570644975, 0.0681639760733, 0.523172914982, 0.990572214127, 0.709462583065, 0.556651175022, 0.733195841312, 0.467304974794, 0.14426125586, 0.0882701575756, 0.145128682256, 0.639022827148, 0.958033025265, 0.459193050861, 0.0516643673182, 0.0326008275151, 0.0647044926882, 0.414538055658, 0.807766497135, 0.479733407497, 0.0616641975939, 0.0496135577559, 0.0528883859515, 0.17511728406, 0.451738119125, 0.42266446352, 0.624806821346],
    "chords_key": "C",
    "chords_scale": "major",
    "key_key": "C",
    "key_scale": "major"
}
}