{
"lowlevel": {
    "average_loudness": 0.950046122074,
    "barkbands_crest": {
        "mean": 15.0886669159,
        "var": 19.9394454956
    },
    "barkbands_flatness_db": {
        "mean": 0.307458788157,
        "var": 0.00324986083433
    },
    "barkbands_kurtosis": {
        "mean": 34.7644577026,
        "var": 1163.08972168
    },
    "barkbands_skewness": {
        "mean": 4.39397144318,
        "var": 3.70165014267
    },
    "barkbands_spread": {
        "mean": 2.91857099533,
        "var": 7.41965770721
    },
    "dissonance": {
        "mean": 0.372475922108,
        "var": 0.00333921122365
    },
    "dynamic_complexity": 2.96708631516,
    "erbbands_crest": {
        "mean": 17.3486404419,
        "var": 26.9843120575
    },
    "erbbands_flatness_db": {
        "mean": 0.315889656544,
        "var": 0.00230420799926
    },
    "erbbands_kurtosis": {
        "mean": 12.4095315933,
        "var": 129.630996704
    },
    "erbbands_skewness": {
        "mean": 2.9165148735,
        "var": 1.53436100483
    },
    "erbbands_spread": {
        "mean": 10.4185609818,
        "var": 41.7344551086
    },
    "hfc": {
        "mean": 8.35101032257,
        "var": 84.5272140503
    },
    "melbands_crest": {
        "mean": 18.7343654633,
        "var": 24.6439838409
    },
    "melbands_flatness_db": {
        "mean": 0.358477443457,
        "var": 0.00378779834136
    },
    "melbands_kurtosis": {
        "mean": 43.321144104,
        "var": 922.658752441
    },
    "melbands_skewness": {
        "mean": 4.39593887329,
        "var": 2.81242132187
    },
    "melbands_spread": {
        "mean": 3.4614572525,
        "var": 19.507768631
    },
    "pitch_salience": {
        "mean": 0.478338122368,
        "var": 0.0175887010992
    },
    "silence_rate_20dB": {
        "mean": 1,
        "var": 0
    },
    "silence_rate_30dB": {
        "mean": 0.990216255188,
        "var": 0.0096878092736
    },
    "silence_rate_60dB": {
        "mean": 0.0988671481609,
        "var": 0.0890939459205
    },
    "spectral_centroid": {
        "mean": 495.859741211,
        "var": 46226.0234375
    },
    "spectral_complexity": {
        "mean": 6.90525245667,
        "var": 5.54707527161
    },
    "spectral_decrease": {
        "mean": -5.11460385155e-009,
        "var": 3.94791965112e-017
    },
    "spectral_energy": {
        "mean": 0.0200611352921,
        "var": 0.000602328800596
    },
    "spectral_energyband_high": {
        "mean": 1.78571372089e-005,
        "var": 1.02466424234e-009
    },
    "spectral_energyband_low": {
        "mean": 3.91118228436e-005,
        "var": 2.749225958e-009
    },
    "spectral_energyband_middle_high": {
        "mean": 0.000452063890407,
        "var": 1.22035885397e-007
    },
    "spectral_energyband_middle_low": {
        "mean": 0.0196065884084,
        "var": 0.000596197613049
    },
    "spectral_entropy": {
        "mean": 5.92002010345,
        "var": 0.281492143869
    },
    "spectral_flux": {
        "mean": 0.0493768192828,
        "var": 0.00228717806749
    },
    "spectral_kurtosis": {
        "mean": 21.0200023651,
        "var": 132.952102661
    },
    "spectral_rms": {
        "mean": 0.00391263049096,
        "var": 4.26315318691e-006
    },
    "spectral_rolloff": {
        "mean": 515.930114746,
        "var": 214837.71875
    },
    "spectral_skewness": {
        "mean": 3.41109108925,
        "var": 0.82601249218
    },
    "spectral_spread": {
        "mean": 2593984.5,
        "var": 1.39561638298e+012
    },
    "spectral_strongpeak": {
        "mean": 1.350061059,
        "var": 0.74890255928
    },
    "zerocrossingrate": {
        "mean": 0.0236894357949,
        "var": 0.000171028703335
    },
    "barkbands": {
        "mean": [1.05935711758e-007, 4.29029626048e-007, 1.0090523574e-005, 4.71845560241e-005, 0.00087074469775, 0.0114911822602, 0.00539927463979, 0.0015382473357, 0.000220813541091, 9.92684581433e-005, 8.94460681593e-005, 3.69600638805e-005, 4.39804534835e-005, 8.74017860042e-005, 2.86524173134e-005, 2.28197477554e-005, 3.34895739798e-005, 1.0188545275e-005, 1.06613388198e-005, 7.50511571823e-006, 4.37404742115e-006, 5.25423456565e-006, 1.09750851607e-006, 9.69664256445e-007, 8.70651888363e-007, 1.83254215358e-007, 2.82274670305e-009],
        "var": [1.25602883671e-013, 6.23837190673e-013, 2.07953404496e-010, 3.91673182776e-009, 1.78318396138e-006, 0.000480271381093, 4.00751705456e-005, 7.97403390607e-006, 1.4597050324e-007, 2.75149485418e-008, 1.20622614119e-008, 1.94869298475e-009, 4.88013407463e-009, 1.55819179781e-008, 1.47573042675e-009, 1.05807251849e-009, 2.82863954482e-009, 3.82781056851e-010, 2.68191496788e-010, 2.52338205886e-010, 6.36287134093e-011, 1.410680045e-010, 7.00351452179e-012, 5.05418797092e-012, 5.66800469406e-012, 1.9574797241e-013, 2.82562878927e-017]
    },
    "erbbands": {
        "mean": [1.76575522346e-005, 0.000237330823438, 0.00785553641617, 0.110432304442, 0.39319434762, 2.55990672112, 32.3540687561, 114.137870789, 111.445014954, 42.5664825439, 15.0858764648, 6.55944776535, 3.05397748947, 2.95462274551, 4.71299743652, 1.22818958759, 2.19023299217, 4.27994728088, 2.54647159576, 1.28230309486, 1.41152238846, 1.4202978611, 0.58212774992, 0.623949885368, 0.473498344421, 0.388335287571, 0.236667186022, 0.183490931988, 0.170498922467, 0.0694712474942, 0.03187886253, 0.0219889245927, 0.0161832235754, 0.0108134392649, 0.00501926522702, 0.00138525059447, 0.000232046339079, 2.25292769755e-005, 1.01128107417e-005, 2.24707109737e-005],
        "var": [7.55704332445e-010, 6.04315957276e-008, 9.93155845208e-005, 0.0182345323265, 0.312961488962, 10.8454189301, 2384.9519043, 71842.4375, 16662.7597656, 2696.56494141, 647.319458008, 120.488388062, 15.8187026978, 42.4634132385, 33.2150726318, 1.62238967419, 9.27970218658, 32.9516105652, 7.59497022629, 2.12277674675, 2.76589465141, 3.76270055771, 0.8316411376, 0.800032317638, 0.778140306473, 0.597470939159, 0.209149330854, 0.0555135644972, 0.162030309439, 0.041651263833, 0.00742860883474, 0.00300514930859, 0.00155523628928, 0.000837654864881, 0.00021449875203, 1.37915185405e-005, 2.94584054927e-007, 2.25572649448e-009, 1.33794350599e-010, 7.44894979032e-010]
    },
    "gfcc": {
        "mean": [-145.994979858, 120.044128418, -150.636749268, -24.1056423187, -96.0296554565, -46.7700080872, -65.8844451904, -23.2731132507, -20.6040306091, 6.11195707321, -4.93015527725, -0.339593231678, -0.900125384331],
        "cov": [[2275.76806641, 155.797988892, -48.3738517761, 79.4507293701, -280.175964355, -108.107536316, -135.77041626, -63.639591217, -70.0389862061, -144.131195068, 63.5741043091, -166.701385498, 46.430934906], [155.797988892, 396.053833008, 92.86769104, -65.2724456787, 78.9236068726, -104.652565002, 65.9917831421, -90.5697097778, 22.4460830688, -61.5828170776, 18.3714141846, -36.5572471619, -0.105569727719], [-48.3738517761, 92.86769104, 325.054718018, 84.5998840332, 67.384475708, 45.4403572083, -48.1296806335, -23.8680896759, -54.6866188049, -33.8451423645, -24.1282234192, -13.2576475143, 1.52362191677], [79.4507293701, -65.2724456787, 84.5998840332, 195.412261963, 22.6696949005, 53.0603370667, -49.4310531616, 1.2809253931, -39.0376625061, -30.0464000702, -38.0213279724, -32.8434867859, -24.3596935272], [-280.175964355, 78.9236068726, 67.384475708, 22.6696949005, 150.751739502, 5.82584953308, -2.78128790855, -20.3684043884, -2.83986330032, 20.5410385132, -5.29059791565, 9.94124698639, -23.2366981506], [-108.107536316, -104.652565002, 45.4403572083, 53.0603370667, 5.82584953308, 186.145401001, -0.0179718248546, 58.4280128479, -41.358341217, 2.95944356918, -66.6879882813, -14.2799139023, -62.2649421692], [-135.77041626, 65.9917831421, -48.1296806335, -49.4310531616, -2.78128790855, -0.0179718248546, 109.865356445, 22.7711620331, 33.2152709961, 1.69853413105, -3.78012228012, 7.23942708969, -23.1357307434], [-63.639591217, -90.5697097778, -23.8680896759, 1.2809253931, -20.3684043884, 58.4280128479, 22.7711620331, 119.363395691, 11.1465988159, 5.93095779419, -33.7463951111, -12.1746530533, -32.4454994202], [-70.0389862061, 22.4460830688, -54.6866188049, -39.0376625061, -2.83986330032, -41.358341217, 33.2152709961, 11.1465988159, 86.0576248169, 27.5870780945, 26.1936130524, 1.43598866463, -1.98019754887], [-144.131195068, -61.5828170776, -33.8451423645, -30.0464000702, 20.5410385132, 2.95944356918, 1.69853413105, 5.93095779419, 27.5870780945, 79.8453216553, 27.4386768341, 12.9702682495, -10.7903881073], [63.5741043091, 18.3714141846, -24.1282234192, -38.0213279724, -5.29059791565, -66.6879882813, -3.78012228012, -33.7463951111, 26.1936130524, 27.4386768341, 98.2432174683, 15.084569931, 32.2166061401], [-166.701385498, -36.5572471619, -13.2576475143, -32.8434867859, 9.94124698639, -14.2799139023, 7.23942708969, -12.1746530533, 1.43598866463, 12.9702682495, 15.084569931, 88.265953064, 39.6169052124], [46.430934906, -0.105569727719, 1.52362191677, -24.3596935272, -23.2366981506, -62.2649421692, -23.1357307434, -32.4454994202, -1.98019754887, -10.7903881073, 32.2166061401, 39.6169052124, 96.9920501709]],
        "icov": [[0.0013331391383, -0.00282036350109, 0.00112484977581, -0.00153688492719, 0.00365924532525, -0.000435714900959, 0.00304763088934, -0.00133987562731, 0.00141130224802, -0.000841882429086, -0.00130878097843, 0.000322936131852, 6.87467545504e-005], [-0.00282036350109, 0.0194173455238, -0.00658458890393, 0.00988678634167, -0.0151549996808, 0.00548132229596, -0.014740401879, 0.0111318649724, -0.00609569018707, 0.014198445715, 0.00254547549412, 0.00762627460063, 0.00154821551405], [0.00112484977581, -0.00658458890393, 0.00665618479252, -0.00414537917823, 0.0032152144704, -0.00301808887161, 0.00595419108868, -0.00331310671754, 0.00314778042957, -0.0029370051343, -0.00147916434798, -0.0015523370821, -0.00168365740683], [-0.00153688492719, 0.00988678634167, -0.00414537917823, 0.012634575367, -0.00874478835613, 0.00150294310879, -0.00447554280981, 0.00580929359421, -0.00304903648794, 0.00945315975696, 0.00214909040369, 0.00509693473577, 0.00192406121641], [0.00365924532525, -0.0151549996808, 0.0032152144704, -0.00874478835613, 0.0232841614634, -0.00220178673044, 0.0125071555376, -0.00647816574201, 0.00554510625079, -0.0124806798995, -0.00211213901639, -0.00625250022858, 0.00294628483243], [-0.000435714900959, 0.00548132229596, -0.00301808887161, 0.00150294310879, -0.00220178673044, 0.0128323864192, -0.00417107809335, -8.20870081952e-006, 0.00315108243376, 0.00097407924477, 0.0044139767997, 0.000673639238812, 0.00578353414312], [0.00304763088934, -0.014740401879, 0.00595419108868, -0.00447554280981, 0.0125071555376, -0.00417107809335, 0.0256201010197, -0.00922786165029, 0.000580453779548, -0.00562463514507, -0.00256519578397, -0.00700556114316, 0.00375013099983], [-0.00133987562731, 0.0111318649724, -0.00331310671754, 0.00580929359421, -0.00647816574201, -8.20870081952e-006, -0.00922786165029, 0.0183904357255, -0.00619220919907, 0.00762270810083, 0.0039449268952, 0.00525374431163, 0.00182344426867], [0.00141130224802, -0.00609569018707, 0.00314778042957, -0.00304903648794, 0.00554510625079, 0.00315108243376, 0.000580453779548, -0.00619220919907, 0.0211430750787, -0.00925218500197, -0.0030018936377, -0.000186874589417, 0.000396709074266], [-0.000841882429086, 0.014198445715, -0.0029370051343, 0.00945315975696, -0.0124806798995, 0.00097407924477, -0.00562463514507, 0.00762270810083, -0.00925218500197, 0.0320718213916, -0.00563592836261, 0.00456959754229, 0.00506697595119], [-0.00130878097843, 0.00254547549412, -0.00147916434798, 0.00214909040369, -0.00211213901639, 0.0044139767997, -0.00256519578397, 0.0039449268952, -0.0030018936377, -0.00563592836261, 0.018378611654, -0.000301251391647, -0.00244220206514], [0.000322936131852, 0.00762627460063, -0.0015523370821, 0.00509693473577, -0.00625250022858, 0.000673639238812, -0.00700556114316, 0.00525374431163, -0.000186874589417, 0.00456959754229, -0.000301251391647, 0.0219243578613, -0.00817137304693], [6.87467545504e-005, 0.00154821551405, -0.00168365740683, 0.00192406121641, 0.00294628483243, 0.00578353414312, 0.00375013099983, 0.00182344426867, 0.000396709074266, 0.00506697595119, -0.00244220206514, -0.00817137304693, 0.0214323587716]]
    },
    "melbands": {
        "mean": [1.06395582122e-007, 2.41257771449e-006, 2.13279836316e-005, 5.78974650125e-005, 0.000916994700674, 0.0025445248466, 0.00153493043035, 0.000449087063316, 9.35335046961e-005, 3.72553950001e-005, 1.37900988193e-005, 1.12941379484e-005, 1.40323454616e-005, 6.77236175761e-006, 2.35330594478e-006, 5.68197219764e-006, 8.54204245115e-006, 4.5584451982e-006, 1.94456060854e-006, 1.73191745034e-006, 1.81713915026e-006, 1.83072859272e-006, 7.29648888864e-007, 4.91671414693e-007, 5.22062066466e-007, 3.38301077818e-007, 2.29527884699e-007, 2.77869276033e-007, 1.44058390106e-007, 1.46148025237e-007, 1.01251281137e-007, 1.10235859552e-007, 7.74649535629e-008, 2.16420570354e-008, 1.75067960129e-008, 1.48302410352e-008, 1.27110961756e-008, 1.16426779329e-008, 1.05386304128e-008, 8.7383318359e-009],
        "var": [5.21645376092e-014, 1.0890823833e-011, 5.50620438133e-010, 7.86180365253e-009, 1.94530616682e-006, 2.78841725958e-005, 3.10272798743e-006, 3.98844406391e-007, 2.5291358341e-008, 4.15903445017e-009, 3.86885995463e-010, 7.62257978959e-010, 2.86384665982e-010, 8.15350634231e-011, 1.40725911826e-011, 6.32879165741e-011, 1.59800978006e-010, 2.7843449768e-011, 5.15296008988e-012, 6.97528666771e-012, 5.87982787459e-012, 8.41761382819e-012, 2.72405427208e-012, 1.55564786313e-012, 6.21404891519e-013, 5.31778614199e-013, 1.56691025714e-013, 4.1478945929e-013, 1.32877378805e-013, 1.01968773865e-013, 1.48192801753e-014, 6.25157477868e-014, 1.46688583047e-013, 2.30246657887e-015, 2.44940392533e-015, 1.63266341737e-015, 1.17662659604e-015, 9.92636216821e-016, 8.73030135411e-016, 5.96143747041e-016]
    },
    "mfcc": {
        "mean": [-788.377868652, 162.05480957, -27.9358291626, -0.27682736516, -32.8110198975, -31.3787555695, -45.5412559509, -42.2825889587, -23.7309379578, -22.9836368561, -8.71615219116, -5.27472305298, -2.55319929123],
        "cov": [[1858.35424805, 1.94155168533, 142.796813965, -14.6718454361, -116.930633545, -160.388336182, -29.4815807343, -69.0660324097, -147.123825073, 42.0616760254, -135.484146118, -60.3131866455, -2.61128568649], [1.94155168533, 495.412322998, -31.6852359772, 25.3463592529, -37.9081993103, -7.40356969833, -19.1574935913, -14.6457767487, -22.6000041962, -40.9053497314, 10.1881895065, -11.7574243546, 1.20753729343], [142.796813965, -31.6852359772, 253.695358276, 28.0967273712, 75.930229187, 24.9731330872, 39.9295196533, 22.3349170685, -2.82031345367, -8.12751674652, -40.0557365417, -37.3303070068, -27.4126262665], [-14.6718454361, 25.3463592529, 28.0967273712, 155.947128296, 67.5327224731, 11.5168190002, -3.17480421066, -15.9644899368, -19.7210636139, -16.7531299591, -16.3116188049, -15.4428901672, -11.0231971741], [-116.930633545, -37.9081993103, 75.930229187, 67.5327224731, 186.063537598, 50.688419342, 32.941608429, -6.44257354736, -13.4494142532, -0.762017846107, -2.4981379509, -20.2452087402, -29.831829071], [-160.388336182, -7.40356969833, 24.9731330872, 11.5168190002, 50.688419342, 121.20010376, 32.6099967957, 9.96663379669, 3.85530352592, -13.7724685669, 28.1265106201, -1.2559068203, -25.3800067902], [-29.4815807343, -19.1574935913, 39.9295196533, -3.17480421066, 32.941608429, 32.6099967957, 84.9132537842, 30.9842662811, 3.49532389641, 11.764623642, 9.11173439026, 1.54931807518, -10.8758897781], [-69.0660324097, -14.6457767487, 22.3349170685, -15.9644899368, -6.44257354736, 9.96663379669, 30.9842662811, 101.377655029, 54.1473007202, 8.61921024323, 8.64791488647, 4.52891588211, 11.1160030365], [-147.123825073, -22.6000041962, -2.82031345367, -19.7210636139, -13.4494142532, 3.85530352592, 3.49532389641, 54.1473007202, 100.13470459, 18.6809177399, 11.8761444092, 12.238732338, 7.18711280823], [42.0616760254, -40.9053497314, -8.12751674652, -16.7531299591, -0.762017846107, -13.7724685669, 11.764623642, 8.61921024323, 18.6809177399, 85.9811096191, 28.0084648132, 12.3260669708, 19.7262039185], [-135.484146118, 10.1881895065, -40.0557365417, -16.3116188049, -2.4981379509, 28.1265106201, 9.11173439026, 8.64791488647, 11.8761444092, 28.0084648132, 95.3430023193, 38.1291770935, 3.14886021614], [-60.3131866455, -11.7574243546, -37.3303070068, -15.4428901672, -20.2452087402, -1.2559068203, 1.54931807518, 4.52891588211, 12.238732338, 12.3260669708, 38.1291770935, 83.9955596924, 42.3057250977], [-2.61128568649, 1.20753729343, -27.4126262665, -11.0231971741, -29.831829071, -25.3800067902, -10.8758897781, 11.1160030365, 7.18711280823, 19.7262039185, 3.14886021614, 42.3057250977, 112.663696289]],
        "icov": [[0.000913511554245, -2.5305798772e-005, -0.000667662068736, -2.70639270639e-006, 0.000802091381047, 0.000628283363767, 0.000166681536939, -0.000157872607815, 0.00156599807087, -0.0011698914459, 0.00105574482586, -0.000164580589626, 0.000381542835385], [-2.5305798772e-005, 0.00226666638628, 0.000110658460471, -0.000544167822227, 0.000586879672483, 0.000230142162764, -7.1919268521e-005, 0.000129858482978, 0.000179789261892, 0.00133243948221, -0.00113802985288, 0.000889106711838, -0.000410532695241], [-0.000667662068736, 0.000110658460471, 0.00581508968025, -3.98497941205e-005, -0.00219934340566, -0.000835621089209, -0.00158524385188, -0.0010839770548, -0.000839479849674, 0.000642543600406, 0.00143498938996, 0.000978971947916, 0.000110988403321], [-2.70639270639e-006, -0.000544167822227, -3.98497941205e-005, 0.00819908455014, -0.00323357665911, 4.60512346763e-005, 0.0011189065408, 0.000187810248462, 0.000669768603984, 0.000738481467124, 0.000888983544428, 8.71667143656e-005, -0.00018767027359], [0.000802091381047, 0.000586879672483, -0.00219934340566, -0.00323357665911, 0.00922277010977, -0.00180839339737, -0.0017006121343, 0.00104417628609, 0.00155654130504, -0.00183179986198, 0.000513362232596, 0.000609496899415, 0.000906500732526], [0.000628283363767, 0.000230142162764, -0.000835621089209, 4.60512346763e-005, -0.00180839339737, 0.0124774705619, -0.00342350872234, 0.000351836177288, -0.000106740953925, 0.00318322516978, -0.00420628348365, 0.000856688420754, 0.00102540617809], [0.000166681536939, -7.1919268521e-005, -0.00158524385188, 0.0011189065408, -0.0017006121343, -0.00342350872234, 0.0174906160682, -0.00648012477905, 0.00390333496034, -0.00371873495169, 0.00116524228361, -0.00244429823942, 0.00212206598371], [-0.000157872607815, 0.000129858482978, -0.0010839770548, 0.000187810248462, 0.00104417628609, 0.000351836177288, -0.00648012477905, 0.017293728888, -0.00946553330868, 0.002325020032, -0.00200776872225, 0.00227543828078, -0.00282810069621], [0.00156599807087, 0.000179789261892, -0.000839479849674, 0.000669768603984, 0.00155654130504, -0.000106740953925, 0.00390333496034, -0.00946553330868, 0.0184423532337, -0.00525481626391, 0.00272268173285, -0.00256017455831, 0.00222331029363], [-0.0011698914459, 0.00133243948221, 0.000642543600406, 0.000738481467124, -0.00183179986198, 0.00318322516978, -0.00371873495169, 0.002325020032, -0.00525481626391, 0.0180087201297, -0.00796562992036, 0.00301940133795, -0.00389821082354], [0.00105574482586, -0.00113802985288, 0.00143498938996, 0.000888983544428, 0.000513362232596, -0.00420628348365, 0.00116524228361, -0.00200776872225, 0.00272268173285, -0.00796562992036, 0.019433317706, -0.00842181313783, 0.00381204718724], [-0.000164580589626, 0.000889106711838, 0.000978971947916, 8.71667143656e-005, 0.000609496899415, 0.000856688420754, -0.00244429823942, 0.00227543828078, -0.00256017455831, 0.00301940133795, -0.00842181313783, 0.0199775360525, -0.0075043248944], [0.000381542835385, -0.000410532695241, 0.000110988403321, -0.00018767027359, 0.000906500732526, 0.00102540617809, 0.00212206598371, -0.00282810069621, 0.00222331029363, -0.00389821082354, 0.00381204718724, -0.0075043248944, 0.0131048401818]]
    },
    "spectral_contrast_coeffs": {
        "mean": [-0.49884518981, -0.554611563683, -0.715831398964, -0.731364071369, -0.749660789967, -0.775264382362],
        "var": [0.0069852755405, 0.00847834721208, 0.00310728792101, 0.00231056869961, 0.00191166065633, 0.000739740207791]
    },
    "spectral_contrast_valleys": {
        "mean": [-10.5602807999, -7.18305253983, -8.77770137787, -9.44339847565, -9.86243724823, -12.2879781723],
        "var": [0.409573674202, 0.701070606709, 0.575519561768, 0.54401409626, 0.483886122704, 0.371031522751]
    }
},
"metadata": {
    "audio_properties": {
        "analysis_sample_rate": 44100,
        "bit_rate": 128074,
        "equal_loudness": 0,
        "length": 45.0612258911,
        "lossless": 0,
        "replay_gain": -6.34289169312,
        "sample_rate": 44100,
        "codec": "mp3",
        "downmix": "mix",
        "md5_encoded": "57de7effefc661fa170901c83866b18c"
    },
    "tags": {
        "file_name": "1443.mp3"
    },
    "version": {
        "essentia": "2.1-beta2",
        "essentia_git_sha": "v2.1_beta2",
        "extractor": "music 1.0"
    }
},
"rhythm": {
    "beats_count": 91,
    "beats_loudness": {
        "mean": 0.0303629841655,
        "var": 0.0003257994249
    },
    "bpm": 123.175376892,
    "bpm_histogram_first_peak_bpm": {
        "mean": 123,
        "var": 0
    },
    "bpm_histogram_first_peak_spread": {
        "mean": 0.304878056049,
        "var": 0
    },
    "bpm_histogram_first_peak_weight": {
        "mean": 0.633333325386,
        "var": 0
    },
    "bpm_histogram_second_peak_bpm": {
        "mean": 112,
        "var": 0
    },
    "bpm_histogram_second_peak_spread": {
        "mean": 0.600000023842,
        "var": 0
    },
    "bpm_histogram_second_peak_weight": {
        "mean": 0.0222222227603,
        "var": 0
    },
    "danceability": 1.62044131756,
    "onset_rate": 4.08149290085,
    "beats_loudness_band_ratio": {
        "mean": [0.00877159275115, 0.66659194231, 0.489159941673, 0.018908444792, 0.00961711537093, 0.00262601533905],
        "var": [0.000173765656655, 0.0428135432303, 0.0624392218888, 0.000233133687289, 6.79924705764e-005, 1.36227836265e-005]
    },
    "beats_position": [0.46439909935, 0.952018141747, 1.43963718414, 1.92725622654, 2.41487526894, 2.90249419212, 3.39011335373, 3.88934230804, 4.3653512001, 4.85297060013, 5.34058952332, 5.8282084465, 6.31582736969, 6.80344676971, 7.2910656929, 7.77868461609, 8.25469398499, 8.73070240021, 9.24154186249, 9.74077033997, 10.2632198334, 10.7972784042, 11.3313379288, 11.8770065308, 12.3994560242, 12.8870744705, 13.3746938705, 13.8623123169, 14.3499317169, 14.8375511169, 15.3251695633, 15.8127889633, 16.3004074097, 16.7996368408, 17.2872562408, 17.7632656097, 18.2741031647, 18.7617225647, 19.2493419647, 19.7369613647, 20.2245807648, 20.7005901337, 21.1882076263, 21.6874370575, 22.1634464264, 22.6626758575, 23.1502952576, 23.6379127502, 24.1139221191, 24.589931488, 25.0775508881, 25.5651702881, 26.0527877808, 26.5404071808, 27.0280265808, 27.5156459808, 28.0032653809, 28.4676647186, 28.9552822113, 29.4429016113, 29.9421310425, 30.4413604736, 30.9289798737, 31.4165973663, 31.8926067352, 32.3686180115, 32.8562355042, 33.3554649353, 33.8546943665, 34.3423118591, 34.8299331665, 35.3175506592, 35.8051681519, 36.2927894592, 36.7804069519, 37.2680282593, 37.755645752, 38.2432632446, 38.730884552, 39.2185020447, 39.7061233521, 40.1937408447, 40.6813583374, 41.1689796448, 41.6565971375, 42.1326065063, 42.6086158752, 43.0846252441, 43.5838546753, 44.0830841064, 44.5590934753]
},
"tonal": {
    "chords_changes_rate": 0.031893003732,
    "chords_number_rate": 0.00514403311536,
    "chords_strength": {
        "mean": 0.518909692764,
        "var": 0.00536445900798
    },
    "hpcp_entropy": {
        "mean": 1.3586127758,
        "var": 0.309502243996
    },
    "key_strength": 0.775252759457,
    "tuning_diatonic_strength": 0.599289774895,
    "tuning_equal_tempered_deviation": 0.0157780777663,
    "tuning_frequency": 446.399932861,
    "tuning_nontempered_energy_ratio": 0.586367309093,
    "hpcp": {
        "mean": [0.273572385311, 0.125049233437, 0.00586371589452, 0.00277786841616, 0.00238147960044, 0.023054484278, 0.0453910678625, 0.0281972065568, 0.128097429872, 0.223429918289, 0.10155313462, 0.0036912614014, 0.00398428551853, 0.0131765455008, 0.139737069607, 0.226341471076, 0.103677354753, 0.00851909164339, 0.00543320178986, 0.0180552434176, 0.136517673731, 0.19443795085, 0.0955267697573, 0.108657255769, 0.160309717059, 0.0943642035127, 0.043439693749, 0.0404662936926, 0.032838486135, 0.23602797091, 0.47673279047, 0.268976718187, 0.0180049110204, 0.0108804432675, 0.0194507371634, 0.166409149766],
        "var": [0.139561250806, 0.030934555456, 0.000335144839482, 0.000127675506519, 0.000115888484288, 0.00613356707618, 0.0242291446775, 0.00794750545174, 0.0341146364808, 0.0979004129767, 0.0197159778327, 0.000119394033391, 0.000201949675102, 0.00241735437885, 0.0472291298211, 0.108371824026, 0.0247170459479, 0.0016032072017, 0.000988864339888, 0.00309449341148, 0.0649171695113, 0.118702277541, 0.0278764255345, 0.0484445430338, 0.0975976064801, 0.033376134932, 0.0189936812967, 0.019430892542, 0.0161562077701, 0.0535166338086, 0.202458053827, 0.0704305395484, 0.00481557892635, 0.00143473688513, 0.00366024277173, 0.0528869740665]
    },
    "chords_histogram": [38.0658454895, 4.83539104462, 14.8148145676, 0, 0, 0, 0, 0, 0, 0, 0, 0, 0, 0, 0, 0, 0, 0, 0, 0, 0, 0, 40.9465026855, 1.33744859695],
    "thpcp": [1, 0.564208567142, 0.0377673022449, 0.0228229388595, 0.0408000834286, 0.349061667919, 0.573848485947, 0.262304663658, 0.012299795635, 0.00582688767463, 0.00499541824684, 0.0483593419194, 0.0952128097415, 0.0591467730701, 0.268698602915, 0.468669086695, 0.213018983603, 0.00774283101782, 0.00835748203099, 0.0276392679662, 0.293114036322, 0.474776387215, 0.217474773526, 0.0178697407246, 0.0113967442885, 0.0378728806973, 0.28636097908, 0.407855212688, 0.200378015637, 0.227920666337, 0.336267441511, 0.197939395905, 0.0911195874214, 0.0848825499415, 0.0688823759556, 0.495094895363],
    "chords_key": "F",
    "chords_scale": "major",
    "key_key": "C",
    "key_scale": "major"
}
}