{
"lowlevel": {
    "average_loudness": 0.854778766632,
    "barkbands_crest": {
        "mean": 14.4633255005,
        "var": 20.8537883759
    },
    "barkbands_flatness_db": {
        "mean": 0.201153665781,
        "var": 0.00144880858716
    },
    "barkbands_kurtosis": {
        "mean": 16.6369781494,
        "var": 189.653594971
    },
    "barkbands_skewness": {
        "mean": 3.24344968796,
        "var": 1.71490108967
    },
    "barkbands_spread": {
        "mean": 7.09055042267,
        "var": 30.0847492218
    },
    "dissonance": {
        "mean": 0.418458551168,
        "var": 0.00113028672058
    },
    "dynamic_complexity": 2.43738460541,
    "erbbands_crest": {
        "mean": 10.5970592499,
        "var": 14.029045105
    },
    "erbbands_flatness_db": {
        "mean": 0.191411301494,
        "var": 0.00081708811922
    },
    "erbbands_kurtosis": {
        "mean": 2.03886961937,
        "var": 5.57569026947
    },
    "erbbands_skewness": {
        "mean": 1.35118091106,
        "var": 0.360302090645
    },
    "erbbands_spread": {
        "mean": 29.8967914581,
        "var": 215.789245605
    },
    "hfc": {
        "mean": 9.71218395233,
        "var": 53.5928573608
    },
    "melbands_crest": {
        "mean": 16.2748241425,
        "var": 26.8464641571
    },
    "melbands_flatness_db": {
        "mean": 0.274360835552,
        "var": 0.00198754481971
    },
    "melbands_kurtosis": {
        "mean": 28.1626262665,
        "var": 452.166381836
    },
    "melbands_skewness": {
        "mean": 3.83800601959,
        "var": 2.41068983078
    },
    "melbands_spread": {
        "mean": 7.03633403778,
        "var": 26.5003910065
    },
    "pitch_salience": {
        "mean": 0.546951055527,
        "var": 0.00900090485811
    },
    "silence_rate_20dB": {
        "mean": 1,
        "var": 0
    },
    "silence_rate_30dB": {
        "mean": 0.994850695133,
        "var": 0.00512296846136
    },
    "silence_rate_60dB": {
        "mean": 0.00514933047816,
        "var": 0.00512281432748
    },
    "spectral_centroid": {
        "mean": 530.141784668,
        "var": 54917.234375
    },
    "spectral_complexity": {
        "mean": 11.0272912979,
        "var": 11.4754590988
    },
    "spectral_decrease": {
        "mean": -6.45916475861e-009,
        "var": 2.90329310786e-017
    },
    "spectral_energy": {
        "mean": 0.0252592675388,
        "var": 0.000437894283095
    },
    "spectral_energyband_high": {
        "mean": 0.000116549665108,
        "var": 6.91759396432e-008
    },
    "spectral_energyband_low": {
        "mean": 0.00181860767771,
        "var": 5.06961805513e-006
    },
    "spectral_energyband_middle_high": {
        "mean": 0.00156470865477,
        "var": 3.49029983227e-006
    },
    "spectral_energyband_middle_low": {
        "mean": 0.0224839784205,
        "var": 0.000393261638237
    },
    "spectral_entropy": {
        "mean": 6.70775270462,
        "var": 0.158268839121
    },
    "spectral_flux": {
        "mean": 0.0658702850342,
        "var": 0.00147553381976
    },
    "spectral_kurtosis": {
        "mean": 8.5747127533,
        "var": 15.8010339737
    },
    "spectral_rms": {
        "mean": 0.00463633425534,
        "var": 3.14759017783e-006
    },
    "spectral_rolloff": {
        "mean": 534.002502441,
        "var": 417696.21875
    },
    "spectral_skewness": {
        "mean": 2.33223724365,
        "var": 0.272418498993
    },
    "spectral_spread": {
        "mean": 3915521.5,
        "var": 2.37270518989e+012
    },
    "spectral_strongpeak": {
        "mean": 0.832762718201,
        "var": 0.313561350107
    },
    "zerocrossingrate": {
        "mean": 0.0298671238124,
        "var": 0.000320578867104
    },
    "barkbands": {
        "mean": [4.32725119026e-006, 9.03311156435e-005, 0.00116827199236, 0.00142858421896, 0.0142413424328, 0.0039691044949, 0.000589353265241, 0.000465503602754, 0.00138864002656, 0.000586362672038, 0.000514217012096, 0.000116434501251, 0.000102341611637, 9.7615593404e-005, 5.19873901794e-005, 6.71462330502e-005, 0.000130441723741, 6.67575659463e-005, 4.61498784716e-005, 3.75430281565e-005, 1.31430597321e-005, 2.08054389077e-005, 1.81618797797e-005, 2.71500957751e-005, 1.5074161638e-005, 2.3603884074e-006, 1.44037088035e-007],
        "var": [9.30734794791e-011, 3.08955065975e-008, 2.54216934081e-006, 4.15635167883e-006, 0.000282361375866, 1.42453418448e-005, 9.98039809019e-007, 2.25102326112e-007, 5.62305058338e-006, 1.57948818469e-006, 3.72220881673e-007, 1.1277609957e-007, 2.61014765357e-008, 1.20056654396e-007, 5.95271343329e-009, 4.96757435187e-009, 2.2498594987e-008, 5.60121682369e-009, 1.94319582647e-009, 7.56263229817e-009, 7.83906328738e-010, 4.01159727659e-009, 3.27635296671e-009, 8.39382696682e-009, 5.58599966283e-009, 1.41981921012e-011, 2.02718091337e-014]
    },
    "erbbands": {
        "mean": [0.00122749153525, 0.0445073507726, 0.937450647354, 3.55239343643, 20.6969985962, 60.7306213379, 38.2816085815, 32.5711631775, 8.66367435455, 13.4181280136, 10.4370832443, 37.9900169373, 22.8357410431, 12.0051422119, 18.4191608429, 6.33563661575, 5.43427848816, 4.62411689758, 3.24065375328, 3.47918963432, 3.38049340248, 6.0853061676, 5.94165563583, 3.13597774506, 1.56644141674, 1.7969969511, 0.88357591629, 0.509043037891, 0.768259644508, 0.648200154305, 0.481779277325, 0.660701036453, 0.358341097832, 0.214407801628, 0.0793569684029, 0.0206549745053, 0.00252268579789, 0.000525685143657, 2.83983954432e-005, 2.8983786251e-005],
        "var": [4.87850593345e-006, 0.00518714636564, 1.59156894684, 17.1091251373, 869.984375, 5675.56298828, 1103.95446777, 1094.03063965, 217.27456665, 180.472091675, 139.359436035, 4448.17578125, 1914.89428711, 870.510131836, 538.430908203, 288.863616943, 63.2812957764, 284.876037598, 39.5034790039, 15.8263378143, 10.5518360138, 45.0729026794, 35.8396034241, 11.4825544357, 2.88164067268, 25.0423793793, 1.36402273178, 2.1873459816, 6.11550569534, 5.30258703232, 2.0481967926, 3.36520409584, 2.1779794693, 1.31093525887, 0.133748784661, 0.00175793492235, 5.63340017834e-006, 1.18126507687e-007, 3.4615460498e-010, 5.42457578856e-010]
    },
    "gfcc": {
        "mean": [-45.5828895569, 115.075965881, -106.399078369, 14.4012994766, -76.0948028564, -12.3282489777, -57.8481178284, -2.00085949898, -41.3012466431, -22.5758399963, -23.5904865265, -2.65277290344, -9.12291717529],
        "cov": [[2328.26611328, -20.4334545135, -331.326873779, 27.3102111816, -214.661331177, 170.650466919, -75.3301849365, -43.0583190918, -56.6771392822, -82.0819702148, 29.3329639435, -110.889907837, 10.7094097137], [-20.4334545135, 292.29788208, 45.1131515503, -99.2461395264, 117.029014587, -45.4226036072, 65.1796646118, -3.66275858879, -2.09536123276, 12.6193904877, -2.54970741272, -27.2613239288, -3.71747469902], [-331.326873779, 45.1131515503, 268.579437256, 95.7250289917, 75.3111724854, 4.47671413422, 7.68541765213, 2.7632484436, 28.4811134338, 12.9992713928, -8.85812091827, 24.2201786041, -16.299331665], [27.3102111816, -99.2461395264, 95.7250289917, 252.977554321, 8.1223449707, 16.0130214691, -10.8494758606, -7.82641077042, 48.1443557739, -25.7517604828, -0.371824890375, 37.1138877869, -6.65058898926], [-214.661331177, 117.029014587, 75.3111724854, 8.1223449707, 138.202453613, -17.0411586761, 29.3476448059, -5.77017593384, -1.58105695248, 14.658498764, -4.0579996109, -0.955234527588, -12.2315044403], [170.650466919, -45.4226036072, 4.47671413422, 16.0130214691, -17.0411586761, 153.106414795, 16.5850200653, 3.89150118828, 8.87136650085, 22.6028194427, 9.17157840729, -29.655380249, -21.3664970398], [-75.3301849365, 65.1796646118, 7.68541765213, -10.8494758606, 29.3476448059, 16.5850200653, 75.9407577515, 25.3756408691, 7.30592441559, 15.9897823334, -10.1144533157, -6.61013269424, -1.26557660103], [-43.0583190918, -3.66275858879, 2.7632484436, -7.82641077042, -5.77017593384, 3.89150118828, 25.3756408691, 90.3052520752, 17.8075027466, 9.52883911133, -12.7550621033, 3.02951598167, 6.56883096695], [-56.6771392822, -2.09536123276, 28.4811134338, 48.1443557739, -1.58105695248, 8.87136650085, 7.30592441559, 17.8075027466, 65.725769043, 8.73654747009, -5.2440533638, 14.1622781754, -7.66045808792], [-82.0819702148, 12.6193904877, 12.9992713928, -25.7517604828, 14.658498764, 22.6028194427, 15.9897823334, 9.52883911133, 8.73654747009, 75.8212738037, 15.9995441437, -11.528169632, -10.3539438248], [29.3329639435, -2.54970741272, -8.85812091827, -0.371824890375, -4.0579996109, 9.17157840729, -10.1144533157, -12.7550621033, -5.2440533638, 15.9995441437, 42.3863716125, 7.35592842102, -2.40568232536], [-110.889907837, -27.2613239288, 24.2201786041, 37.1138877869, -0.955234527588, -29.655380249, -6.61013269424, 3.02951598167, 14.1622781754, -11.528169632, 7.35592842102, 61.0916748047, 15.8221845627], [10.7094097137, -3.71747469902, -16.299331665, -6.65058898926, -12.2315044403, -21.3664970398, -1.26557660103, 6.56883096695, -7.66045808792, -10.3539438248, -2.40568232536, 15.8221845627, 44.0686340332]],
        "icov": [[0.0012373928912, -0.00298496941105, 0.00179831427522, -0.00227746996097, 0.00274879485369, -0.00216483324766, 0.00282806134783, -0.000616782985162, 0.00203660409898, 9.16160388442e-006, 0.000718800234608, 0.000378459080821, -8.5060375568e-005], [-0.00298496941105, 0.0187534186989, -0.00668554799631, 0.0111698908731, -0.0140675799921, 0.00922106485814, -0.0152607494965, 0.00396652845666, -0.0112329823896, 0.00498702516779, -0.00842459779233, 0.00642806198448, -0.00249164062552], [0.00179831427522, -0.00668554799631, 0.00866750814021, -0.00617715297267, 0.00261269300245, -0.00449598766863, 0.00681228283793, -0.00166884833016, 0.00406654644758, -0.0025951215066, 0.00458721397445, -0.00316114374436, 0.00174481456634], [-0.00227746996097, 0.0111698908731, -0.00617715297267, 0.0130236651748, -0.00869229156524, 0.00477910833433, -0.00887570809573, 0.0032252066303, -0.0106051648036, 0.00524750445038, -0.00541614601389, 0.000768725760281, -0.000836888095364], [0.00274879485369, -0.0140675799921, 0.00261269300245, -0.00869229156524, 0.0213704984635, -0.00514536444098, 0.00713300704956, -0.00139534415212, 0.0101530663669, -0.00438148155808, 0.00585749326274, -0.00325462408364, 0.00387324416079], [-0.00216483324766, 0.00922106485814, -0.00449598766863, 0.00477910833433, -0.00514536444098, 0.0139333978295, -0.0103548737243, 0.00183933600783, -0.00626982189715, 0.000545178889297, -0.00628815870732, 0.00646283524111, 0.00149272172712], [0.00282806134783, -0.0152607494965, 0.00681228283793, -0.00887570809573, 0.00713300704956, -0.0103548737243, 0.0306032970548, -0.00728449318558, 0.00842300616205, -0.00632929475978, 0.0107890320942, -0.00478045921773, 0.000411932909628], [-0.000616782985162, 0.00396652845666, -0.00166884833016, 0.0032252066303, -0.00139534415212, 0.00183933600783, -0.00728449318558, 0.014776058495, -0.00570322712883, -0.000581711821724, 0.0018107368378, 0.000403530109907, -0.00272731971927], [0.00203660409898, -0.0112329823896, 0.00406654644758, -0.0106051648036, 0.0101530663669, -0.00626982189715, 0.00842300616205, -0.00570322712883, 0.0287062097341, -0.00717974686995, 0.00947555992752, -0.00897733680904, 0.00637480989099], [9.16160388442e-006, 0.00498702516779, -0.0025951215066, 0.00524750445038, -0.00438148155808, 0.000545178889297, -0.00632929475978, -0.000581711821724, -0.00717974686995, 0.0211653374135, -0.0125022297725, 0.0068413070403, -0.000210298341699], [0.000718800234608, -0.00842459779233, 0.00458721397445, -0.00541614601389, 0.00585749326274, -0.00628815870732, 0.0107890320942, 0.0018107368378, 0.00947555992752, -0.0125022297725, 0.0368938073516, -0.0128906173632, 0.00396277336404], [0.000378459080821, 0.00642806198448, -0.00316114374436, 0.000768725760281, -0.00325462408364, 0.00646283524111, -0.00478045921773, 0.000403530109907, -0.00897733680904, 0.0068413070403, -0.0128906173632, 0.0308524686843, -0.0103041706607], [-8.5060375568e-005, -0.00249164062552, 0.00174481456634, -0.000836888095364, 0.00387324416079, 0.00149272172712, 0.000411932909628, -0.00272731971927, 0.00637480989099, -0.000210298341699, 0.00396277336404, -0.0103041706607, 0.030213156715]]
    },
    "melbands": {
        "mean": [1.56093410624e-005, 0.000345480366377, 0.000856595928781, 0.00326561182737, 0.0017090078909, 0.000717493530829, 0.000119257376355, 0.000141292781336, 0.000113709967991, 0.000223522074521, 0.000104604441731, 4.3568041292e-005, 7.44935241528e-005, 1.82205112651e-005, 1.35505615617e-005, 7.82491315476e-006, 9.59275257628e-006, 5.94560196987e-006, 3.19838386531e-006, 4.85780583404e-006, 4.02442083214e-006, 5.19469222127e-006, 8.3144295786e-006, 3.97325084123e-006, 2.40721078626e-006, 1.20388278901e-006, 1.0615873407e-006, 1.23688016629e-006, 6.77632783663e-007, 3.0329152878e-007, 2.73112959803e-007, 4.17505049199e-007, 4.54398218608e-007, 3.41370309798e-007, 2.42618398261e-007, 3.81796070315e-007, 3.93951950173e-007, 2.26587786756e-007, 2.57800820691e-007, 1.59321004389e-007],
        "var": [9.09894382062e-010, 2.25773149509e-007, 1.17523995868e-006, 1.89837774087e-005, 2.34875255956e-006, 5.06207470607e-007, 4.98480972055e-008, 1.89778166515e-008, 2.28702567995e-008, 1.67863248635e-007, 4.37974172485e-008, 1.67538836138e-008, 7.75430564204e-009, 1.79284875834e-009, 5.75504421896e-010, 1.31955377181e-010, 1.50464374293e-009, 1.54278562148e-010, 1.42314163926e-011, 3.84750079019e-011, 1.78374311849e-011, 3.34499442034e-011, 9.29404678218e-011, 1.88125660883e-011, 8.30454628675e-012, 1.45950244078e-012, 5.44683959394e-012, 1.2391204382e-011, 6.2007300336e-013, 3.0351876611e-013, 1.11300866527e-012, 2.01431449645e-012, 2.02920688065e-012, 1.98464356928e-012, 6.85380463321e-013, 1.01693458342e-012, 1.43367110718e-012, 7.48194420915e-013, 2.36249258004e-012, 6.96161823934e-013]
    },
    "mfcc": {
        "mean": [-693.474731445, 148.099304199, 12.0180091858, 18.2977466583, -3.08193898201, -20.3801956177, -13.1262121201, -0.778115391731, -14.5573167801, -18.3935432434, -20.4394550323, -12.3109178543, -13.2291555405],
        "cov": [[2014.92126465, -208.174224854, -110.377494812, -211.247070313, -97.8695297241, 30.1675453186, 5.66389703751, 15.7713727951, -95.7488861084, 37.4327697754, 26.4522457123, -53.7496452332, -117.611534119], [-208.174224854, 481.891815186, -90.9060440063, -22.5807437897, 3.1522705555, -24.3531646729, 69.5761413574, -36.7690124512, 30.897939682, 8.67974567413, 32.59034729, -21.529504776, -9.51639842987], [-110.377494812, -90.9060440063, 210.833892822, 64.3667602539, 55.0979537964, 51.2847518921, -20.2971324921, 30.0224952698, 10.8127593994, 10.3167457581, -3.236982584, 33.2378501892, 33.6118469238], [-211.247070313, -22.5807437897, 64.3667602539, 215.728424072, 59.7994689941, 6.82538557053, -31.806678772, 32.6354751587, 25.2922954559, -16.2824344635, -40.780380249, 29.0445976257, 34.1225624084], [-97.8695297241, 3.1522705555, 55.0979537964, 59.7994689941, 99.864982605, 33.3862915039, -3.24773144722, 11.1805562973, -2.17606878281, 1.45176565647, -2.83532214165, 17.6110477448, 14.1602258682], [30.1675453186, -24.3531646729, 51.2847518921, 6.82538557053, 33.3862915039, 130.818710327, 19.8032474518, 2.22995901108, -11.6956768036, 28.0436668396, 19.2445774078, 19.9480018616, 11.2715234756], [5.66389703751, 69.5761413574, -20.2971324921, -31.806678772, -3.24773144722, 19.8032474518, 90.6391983032, -7.32892990112, 4.42610549927, 20.5146179199, 22.8088569641, -10.8213186264, 0.632721960545], [15.7713727951, -36.7690124512, 30.0224952698, 32.6354751587, 11.1805562973, 2.22995901108, -7.32892990112, 81.917930603, 33.3667221069, 4.23908948898, -17.6707439423, 15.2240104675, 5.49580097198], [-95.7488861084, 30.897939682, 10.8127593994, 25.2922954559, -2.17606878281, -11.6956768036, 4.42610549927, 33.3667221069, 81.9931182861, 23.4903335571, -2.6685795784, -1.41044008732, 10.783033371], [37.4327697754, 8.67974567413, 10.3167457581, -16.2824344635, 1.45176565647, 28.0436668396, 20.5146179199, 4.23908948898, 23.4903335571, 81.7840194702, 31.4028778076, -4.62324905396, 3.05366063118], [26.4522457123, 32.59034729, -3.236982584, -40.780380249, -2.83532214165, 19.2445774078, 22.8088569641, -17.6707439423, -2.6685795784, 31.4028778076, 74.8965606689, 10.7300481796, -5.91726207733], [-53.7496452332, -21.529504776, 33.2378501892, 29.0445976257, 17.6110477448, 19.9480018616, -10.8213186264, 15.2240104675, -1.41044008732, -4.62324905396, 10.7300481796, 60.8660697937, 18.9105834961], [-117.611534119, -9.51639842987, 33.6118469238, 34.1225624084, 14.1602258682, 11.2715234756, 0.632721960545, 5.49580097198, 10.783033371, 3.05366063118, -5.91726207733, 18.9105834961, 58.5529823303]],
        "icov": [[0.000715537695214, 0.000283112662146, 0.000247345305979, 0.000352674513124, 0.000353177951183, -0.000252943340456, 2.14312440221e-005, -0.000733414723072, 0.000874117598869, -0.0004691836657, -1.46929833136e-005, 0.00029336172156, 0.000934904208407], [0.000283112662146, 0.00296072149649, 0.001174124307, -3.26382141793e-005, -0.000924029503949, 0.000340522878105, -0.00184584304225, 0.00113114423584, -0.00149918685202, 0.000464124663267, -0.000880193721969, 0.000196122622583, 0.000566169735976], [0.000247345305979, 0.001174124307, 0.00729947770014, -0.00044969029841, -0.00241671013646, -0.00179444171954, 0.00096804718487, -0.00119644240476, -0.000550483353436, -0.00032146263402, -0.000672891386785, -0.000696873525158, -0.00193356443197], [0.000352674513124, -3.26382141793e-005, -0.00044969029841, 0.00763302808627, -0.00328808138147, 6.09269955021e-005, 0.00135990628041, -0.000574918172788, -0.0016045748489, 0.000268796749879, 0.00333291944116, -0.00194361957256, -0.00141828868072], [0.000353177951183, -0.000924029503949, -0.00241671013646, -0.00328808138147, 0.0147055443376, -0.00246549700387, -3.08938979288e-005, -0.00138909206726, 0.00273811537772, -0.000417619128712, -0.000395099865273, -0.000278670777334, 0.000479292677483], [-0.000252943340456, 0.000340522878105, -0.00179444171954, 6.09269955021e-005, -0.00246549700387, 0.0108916480094, -0.00264965090901, 0.000352204224328, 0.00225674780086, -0.00341189047322, -0.000250285345828, -0.00261135282926, -0.000382563652238], [2.14312440221e-005, -0.00184584304225, 0.00096804718487, 0.00135990628041, -3.08938979288e-005, -0.00264965090901, 0.0149646475911, -0.00135306396987, 0.000145611702465, -0.00113851751667, -0.00278872810304, 0.00322280358523, -0.00241244770586], [-0.000733414723072, 0.00113114423584, -0.00119644240476, -0.000574918172788, -0.00138909206726, 0.000352204224328, -0.00135306396987, 0.0192339140922, -0.00883098319173, -0.000326292705722, 0.00505785550922, -0.00591232813895, 0.00227391393855], [0.000874117598869, -0.00149918685202, -0.000550483353436, -0.0016045748489, 0.00273811537772, 0.00225674780086, 0.000145611702465, -0.00883098319173, 0.0204553045332, -0.0064647407271, -0.000231976911891, 0.00259288190864, -0.0017968066968], [-0.0004691836657, 0.000464124663267, -0.00032146263402, 0.000268796749879, -0.000417619128712, -0.00341189047322, -0.00113851751667, -0.000326292705722, -0.0064647407271, 0.0191239193082, -0.00778209371492, 0.00420860480517, -0.00199087406509], [-1.46929833136e-005, -0.000880193721969, -0.000672891386785, 0.00333291944116, -0.000395099865273, -0.000250285345828, -0.00278872810304, 0.00505785550922, -0.000231976911891, -0.00778209371492, 0.0224025957286, -0.00874765403569, 0.00350825721398], [0.00029336172156, 0.000196122622583, -0.000696873525158, -0.00194361957256, -0.000278670777334, -0.00261135282926, 0.00322280358523, -0.00591232813895, 0.00259288190864, 0.00420860480517, -0.00874765403569, 0.0249644182622, -0.00639962730929], [0.000934904208407, 0.000566169735976, -0.00193356443197, -0.00141828868072, 0.000479292677483, -0.000382563652238, -0.00241244770586, 0.00227391393855, -0.0017968066968, -0.00199087406509, 0.00350825721398, -0.00639962730929, 0.0236114151776]]
    },
    "spectral_contrast_coeffs": {
        "mean": [-0.432652294636, -0.653652966022, -0.6955909729, -0.763131976128, -0.754948437214, -0.793514430523],
        "var": [0.00726386206225, 0.00415450753644, 0.00425629690289, 0.00234994967468, 0.00200289022177, 0.000928932742681]
    },
    "spectral_contrast_valleys": {
        "mean": [-8.38391971588, -7.00713968277, -7.99398994446, -8.82183933258, -8.63685798645, -11.0085725784],
        "var": [0.660611093044, 0.518145561218, 0.626840233803, 0.552007615566, 0.505599319935, 0.456834316254]
    }
},
"metadata": {
    "audio_properties": {
        "analysis_sample_rate": 44100,
        "bit_rate": 128074,
        "equal_loudness": 0,
        "length": 45.0612258911,
        "lossless": 0,
        "replay_gain": -5.79641723633,
        "sample_rate": 44100,
        "codec": "mp3",
        "downmix": "mix",
        "md5_encoded": "f0fff50d978b63786b7069e7f92bc7e7"
    },
    "tags": {
        "file_name": "1445.mp3"
    },
    "version": {
        "essentia": "2.1-beta2",
        "essentia_git_sha": "v2.1_beta2",
        "extractor": "music 1.0"
    }
},
"rhythm": {
    "beats_count": 89,
    "beats_loudness": {
        "mean": 0.0331174880266,
        "var": 0.000799235014711
    },
    "bpm": 120.145637512,
    "bpm_histogram_first_peak_bpm": {
        "mean": 120,
        "var": 0
    },
    "bpm_histogram_first_peak_spread": {
        "mean": 0.439024418592,
        "var": 0
    },
    "bpm_histogram_first_peak_weight": {
        "mean": 0.522727251053,
        "var": 0
    },
    "bpm_histogram_second_peak_bpm": {
        "mean": 115,
        "var": 0
    },
    "bpm_histogram_second_peak_spread": {
        "mean": 0,
        "var": 0
    },
    "bpm_histogram_second_peak_weight": {
        "mean": 0.0568181835115,
        "var": 0
    },
    "danceability": 1.22878646851,
    "onset_rate": 3.57130646706,
    "beats_loudness_band_ratio": {
        "mean": [0.212385669351, 0.697667121887, 0.113651782274, 0.0426170118153, 0.0145206321031, 0.00505937589332],
        "var": [0.0232917461544, 0.0295425131917, 0.00960779283196, 0.00199404265732, 0.000158246039064, 1.448176954e-005]
    },
    "beats_position": [0.510838985443, 1.02167797089, 1.53251695633, 2.0549659729, 2.57741498947, 3.07664394379, 3.5758728981, 4.08671188354, 4.58594083786, 5.08516979218, 5.5727891922, 6.06040811539, 6.54802703857, 7.03564596176, 7.53487491608, 8.03410434723, 8.55655288696, 9.07900238037, 9.56662082672, 10.077460289, 10.5766887665, 11.0759181976, 11.5751476288, 12.0743761063, 12.5736055374, 13.0728340149, 13.572063446, 14.0596818924, 14.5473012924, 15.0465307236, 15.545759201, 16.0449886322, 16.5558280945, 17.0434455872, 17.5542850494, 18.0651245117, 18.575963974, 19.0868015289, 19.574420929, 20.0736503601, 20.5728797913, 21.0837192535, 21.5829467773, 22.0705661774, 22.5465755463, 23.0341949463, 23.5334243774, 24.0326519012, 24.5318813324, 25.0311107635, 25.5419502258, 26.0527877808, 26.5752372742, 27.0744667053, 27.5736961365, 28.0729255676, 28.5605430603, 29.0597724915, 29.5590019226, 30.0698413849, 30.5690689087, 31.0682983398, 31.567527771, 32.0667572021, 32.5775947571, 33.0884361267, 33.5876655579, 34.0868911743, 34.5745124817, 35.0621299744, 35.5613594055, 36.0605888367, 36.5714263916, 37.0822677612, 37.5814971924, 38.0807266235, 38.57995224, 39.0791816711, 39.5668029785, 40.0660324097, 40.5652618408, 41.0644874573, 41.5637168884, 42.0629463196, 42.5621757507, 43.0497932434, 43.5374145508, 44.0482521057, 44.5590934753]
},
"tonal": {
    "chords_changes_rate": 0.0329218097031,
    "chords_number_rate": 0.00720164598897,
    "chords_strength": {
        "mean": 0.631012916565,
        "var": 0.00406106235459
    },
    "hpcp_entropy": {
        "mean": 1.89195644855,
        "var": 0.404528081417
    },
    "key_strength": 0.801834881306,
    "tuning_diatonic_strength": 0.556935846806,
    "tuning_equal_tempered_deviation": 0.170495674014,
    "tuning_frequency": 443.828887939,
    "tuning_nontempered_energy_ratio": 0.913642823696,
    "hpcp": {
        "mean": [0.454644382, 0.2451454252, 0.0387567095459, 0.0152093702927, 0.044727653265, 0.168693929911, 0.208779454231, 0.244776427746, 0.45389315486, 0.342865377665, 0.064467638731, 0.0127862337977, 0.0109492419288, 0.0353625193238, 0.0864342525601, 0.0747151374817, 0.0217967685312, 0.00959293823689, 0.0121866427362, 0.104633867741, 0.391074478626, 0.395488917828, 0.151653528214, 0.12753033638, 0.106656201184, 0.044209677726, 0.029155978933, 0.0264828186482, 0.0482711195946, 0.111407198012, 0.104282215238, 0.0386709496379, 0.0211693327874, 0.027091473341, 0.0822234451771, 0.30645942688],
        "var": [0.160163685679, 0.0746564939618, 0.0111891804263, 0.00446819886565, 0.0100663462654, 0.0661201700568, 0.0855653956532, 0.0520293861628, 0.157140105963, 0.105119727552, 0.0128820110112, 0.00266749295406, 0.00268368213437, 0.0103544816375, 0.0486923977733, 0.0369494184852, 0.003978242632, 0.000993521651253, 0.00153614673764, 0.0166795048863, 0.0963074788451, 0.0941568464041, 0.0307498704642, 0.0504805259407, 0.0360619276762, 0.0110592646524, 0.00969524309039, 0.0096522634849, 0.012511770241, 0.0470039360225, 0.0433353818953, 0.0121142994612, 0.00706890644506, 0.00974694918841, 0.0278295315802, 0.0888680741191]
    },
    "chords_histogram": [21.6049385071, 0, 2.05761313438, 0, 0, 0, 0, 1.33744859695, 3.49794244766, 0, 56.9958839417, 12.3456792831, 0, 0, 0, 0, 0, 0, 0, 0, 0, 0, 2.16049385071, 0],
    "thpcp": [1, 0.539202570915, 0.0852462053299, 0.0334533341229, 0.0983794257045, 0.37104588747, 0.459214866161, 0.538390994072, 0.998347640038, 0.754139721394, 0.141797944903, 0.0281235929579, 0.0240830909461, 0.0777806118131, 0.190113976598, 0.164337530732, 0.047942455858, 0.0210998710245, 0.0268047805876, 0.230144426227, 0.860176622868, 0.869886279106, 0.333565175533, 0.280505686998, 0.234592586756, 0.0972401276231, 0.0641291961074, 0.0582495220006, 0.106173358858, 0.24504250288, 0.229370951653, 0.0850575789809, 0.0465623997152, 0.0595882721245, 0.180852219462, 0.674064040184],
    "chords_key": "G#",
    "chords_scale": "minor",
    "key_key": "A",
    "key_scale": "minor"
}
}