{
"lowlevel": {
    "average_loudness": 0.889042258263,
    "barkbands_crest": {
        "mean": 14.0975046158,
        "var": 21.43110466
    },
    "barkbands_flatness_db": {
        "mean": 0.294170588255,
        "var": 0.00249369884841
    },
    "barkbands_kurtosis": {
        "mean": 16.4221019745,
        "var": 1856.96484375
    },
    "barkbands_skewness": {
        "mean": 2.39386510849,
        "var": 4.8762216568
    },
    "barkbands_spread": {
        "mean": 4.77240753174,
        "var": 18.8215255737
    },
    "dissonance": {
        "mean": 0.368735909462,
        "var": 0.00370691833086
    },
    "dynamic_complexity": 2.81962704659,
    "erbbands_crest": {
        "mean": 16.9342861176,
        "var": 33.6693878174
    },
    "erbbands_flatness_db": {
        "mean": 0.323224306107,
        "var": 0.00188197696116
    },
    "erbbands_kurtosis": {
        "mean": 6.80623674393,
        "var": 104.502868652
    },
    "erbbands_skewness": {
        "mean": 1.56338357925,
        "var": 2.0185854435
    },
    "erbbands_spread": {
        "mean": 11.2432451248,
        "var": 66.1006546021
    },
    "hfc": {
        "mean": 12.8719081879,
        "var": 162.289810181
    },
    "melbands_crest": {
        "mean": 17.1023387909,
        "var": 29.7819271088
    },
    "melbands_flatness_db": {
        "mean": 0.344679236412,
        "var": 0.00355787877925
    },
    "melbands_kurtosis": {
        "mean": 18.1253204346,
        "var": 764.578308105
    },
    "melbands_skewness": {
        "mean": 2.40003919601,
        "var": 3.73212456703
    },
    "melbands_spread": {
        "mean": 6.66583490372,
        "var": 30.7998065948
    },
    "pitch_salience": {
        "mean": 0.455178171396,
        "var": 0.0128776151687
    },
    "silence_rate_20dB": {
        "mean": 1,
        "var": 0
    },
    "silence_rate_30dB": {
        "mean": 0.992790937424,
        "var": 0.00715693412349
    },
    "silence_rate_60dB": {
        "mean": 0.0535530373454,
        "var": 0.0506856665015
    },
    "spectral_centroid": {
        "mean": 642.977661133,
        "var": 95480.6171875
    },
    "spectral_complexity": {
        "mean": 7.70648813248,
        "var": 9.49468803406
    },
    "spectral_decrease": {
        "mean": -5.36548849794e-009,
        "var": 2.92468763809e-017
    },
    "spectral_energy": {
        "mean": 0.0214181263,
        "var": 0.000457594782347
    },
    "spectral_energyband_high": {
        "mean": 4.59017210233e-005,
        "var": 2.95328757005e-008
    },
    "spectral_energyband_low": {
        "mean": 7.98462133389e-006,
        "var": 8.46051562142e-011
    },
    "spectral_energyband_middle_high": {
        "mean": 0.00531208328903,
        "var": 0.000100314209703
    },
    "spectral_energyband_middle_low": {
        "mean": 0.0164489783347,
        "var": 0.000359670055332
    },
    "spectral_entropy": {
        "mean": 6.01891040802,
        "var": 0.274138450623
    },
    "spectral_flux": {
        "mean": 0.0529813207686,
        "var": 0.0015708488645
    },
    "spectral_kurtosis": {
        "mean": 21.3838863373,
        "var": 135.757507324
    },
    "spectral_rms": {
        "mean": 0.0041861385107,
        "var": 3.37193409905e-006
    },
    "spectral_rolloff": {
        "mean": 781.023376465,
        "var": 434385.25
    },
    "spectral_skewness": {
        "mean": 3.44197869301,
        "var": 0.875548958778
    },
    "spectral_spread": {
        "mean": 2609857,
        "var": 3.08442012058e+012
    },
    "spectral_strongpeak": {
        "mean": 1.9287135601,
        "var": 2.34142160416
    },
    "zerocrossingrate": {
        "mean": 0.0319733694196,
        "var": 0.000343247549608
    },
    "barkbands": {
        "mean": [5.96451059209e-007, 4.56061479781e-006, 1.52747429638e-006, 6.12503436059e-006, 0.00193988822866, 0.00738640176132, 0.00332401669584, 0.00173710472882, 0.00136854068842, 0.00125870294869, 0.00311489100568, 0.000464443292003, 0.000145952843013, 0.000319918704918, 0.000129464548081, 4.73968939332e-005, 6.50384827168e-005, 2.75913535006e-005, 2.62108933384e-005, 8.6093941718e-006, 4.8755359785e-006, 4.82287214254e-006, 4.19850584876e-006, 1.30919861476e-005, 1.23451754916e-005, 1.79688072421e-006, 4.32699849284e-008],
        "var": [6.98885133793e-012, 3.11588324586e-011, 3.60157151498e-012, 3.35100114324e-010, 1.19194410217e-005, 0.000300149142276, 1.40721649586e-005, 1.39445874083e-005, 7.93843810243e-006, 5.64923902857e-006, 7.35302528483e-005, 2.76879427474e-006, 4.05093231848e-007, 5.28895554908e-007, 2.26184440066e-007, 2.27666898667e-008, 1.53142583059e-008, 2.96225688423e-009, 2.25352470018e-009, 2.71853262124e-010, 1.96336780167e-010, 6.96436075476e-010, 2.44976400277e-010, 6.67966837398e-009, 5.67480151759e-009, 1.1263499855e-010, 8.29486761396e-014]
    },
    "erbbands": {
        "mean": [9.25850690692e-005, 0.00117205723654, 0.0026641136501, 0.0189970731735, 0.44950273633, 6.69985342026, 38.0642051697, 57.7805175781, 49.8687515259, 48.7095527649, 41.0050697327, 39.6535835266, 39.5038223267, 51.585144043, 107.174324036, 24.8394165039, 8.49870204926, 17.1326313019, 7.20894908905, 7.04043865204, 2.20116662979, 3.4155356884, 1.39215958118, 1.88574385643, 0.955885469913, 0.481674104929, 0.262018382549, 0.162825793028, 0.109707675874, 0.189721852541, 0.129667028785, 0.236820191145, 0.217197090387, 0.160195440054, 0.0723606050014, 0.0171563606709, 0.00117769045755, 0.000190351449419, 1.65745914273e-005, 2.48746564466e-005],
        "var": [3.59408538486e-008, 1.76013907094e-006, 6.4089595071e-006, 0.00165683869272, 0.964925646782, 147.264678955, 6888.72216797, 21344.3730469, 3807.6015625, 6246.12695313, 10138.8564453, 6169.09667969, 5385.47509766, 12582.4726563, 81842.2890625, 6396.18457031, 761.436462402, 1441.55944824, 628.370666504, 589.794067383, 25.9655952454, 50.2756500244, 7.1532459259, 11.0142736435, 3.3758661747, 0.583333730698, 0.349288105965, 0.206751346588, 0.224399521947, 1.52739059925, 0.204990118742, 1.91420710087, 2.27785015106, 1.02814388275, 0.202472284436, 0.0100244618952, 3.7208545109e-005, 1.61198624937e-006, 1.6996518637e-009, 6.00901661763e-010]
    },
    "gfcc": {
        "mean": [-124.590988159, 114.621452332, -155.373550415, -40.6361160278, -89.98878479, -31.6017951965, -53.3186836243, 0.780762553215, -19.984369278, 2.48241615295, 0.00145989167504, 4.80551862717, 4.18135356903],
        "cov": [[3338.00463867, -224.023849487, -555.975097656, -106.705787659, -316.963470459, 377.978973389, -195.759552002, -112.0235672, -486.152435303, -139.631393433, 146.898391724, -26.2745018005, 159.459030151], [-224.023849487, 612.090087891, 108.44493103, 72.520111084, 100.854789734, -372.450500488, 6.26174640656, -201.713119507, 37.7985649109, -155.987350464, -107.479354858, -30.807674408, 20.5175151825], [-555.975097656, 108.44493103, 672.85345459, 197.651626587, -47.4594841003, -137.72164917, -123.375862122, -138.613250732, -32.8646697998, -108.629882813, -96.1072158813, 43.222568512, 32.6111907959], [-106.705787659, 72.520111084, 197.651626587, 385.005523682, -54.2950286865, -168.804794312, -68.6776275635, -99.53074646, 68.6307907104, -82.9800491333, -95.6451721191, -37.2987785339, 7.5284948349], [-316.963470459, 100.854789734, -47.4594841003, -54.2950286865, 197.098937988, -13.7251462936, 29.6494979858, 33.9866943359, 5.07440805435, 49.9882392883, 9.46754741669, 13.0303840637, -16.5308551788], [377.978973389, -372.450500488, -137.72164917, -168.804794312, -13.7251462936, 526.050964355, 39.6350212097, 68.1128005981, -146.163711548, 96.8004989624, 143.446456909, 48.3823814392, -28.3540363312], [-195.759552002, 6.26174640656, -123.375862122, -68.6776275635, 29.6494979858, 39.6350212097, 206.359832764, 94.4737167358, 65.0499420166, 53.4830055237, 12.6798219681, 9.31793212891, -48.8939552307], [-112.0235672, -201.713119507, -138.613250732, -99.53074646, 33.9866943359, 68.1128005981, 94.4737167358, 306.82699585, 87.9628982544, 129.312026978, 15.9257631302, -16.0326385498, -15.3400249481], [-486.152435303, 37.7985649109, -32.8646697998, 68.6307907104, 5.07440805435, -146.163711548, 65.0499420166, 87.9628982544, 397.030456543, 108.950927734, -30.3173961639, -67.7196044922, -106.077201843], [-139.631393433, -155.987350464, -108.629882813, -82.9800491333, 49.9882392883, 96.8004989624, 53.4830055237, 129.312026978, 108.950927734, 219.38885498, 89.6086120605, -14.7389726639, -54.4510192871], [146.898391724, -107.479354858, -96.1072158813, -95.6451721191, 9.46754741669, 143.446456909, 12.6798219681, 15.9257631302, -30.3173961639, 89.6086120605, 172.707443237, 47.0002288818, -30.9705085754], [-26.2745018005, -30.807674408, 43.222568512, -37.2987785339, 13.0303840637, 48.3823814392, 9.31793212891, -16.0326385498, -67.7196044922, -14.7389726639, 47.0002288818, 140.558319092, 23.2605934143], [159.459030151, 20.5175151825, 32.6111907959, 7.5284948349, -16.5308551788, -28.3540363312, -48.8939552307, -15.3400249481, -106.077201843, -54.4510192871, -30.9705085754, 23.2605934143, 151.90234375]],
        "icov": [[0.000853091594763, -0.000924531603232, 0.00104882277083, -0.000362448336091, 0.00190063507762, -0.000728878832888, 0.00122504075989, -0.000530088960659, 0.000950109795667, -0.000244959315751, -0.00015537418949, -4.22109333158e-005, -1.58274378919e-005], [-0.000924531603232, 0.00823034532368, -0.0016065541422, 0.00194740947336, -0.00652790162712, 0.00497834058478, -0.00447067758068, 0.00500425323844, -0.00186137470882, 0.00386041519232, -0.00100489007309, 0.00242670136504, -0.00110007915646], [0.00104882277083, -0.0016065541422, 0.00351980072446, -0.00123134057503, 0.00293024629354, -0.000995445996523, 0.00267133302987, -0.000549254415091, 0.00142150837928, -0.000916899414733, 0.00116209127009, -0.00161776214372, 0.000507488555741], [-0.000362448336091, 0.00194740947336, -0.00123134057503, 0.00446471199393, -0.00115243601613, 0.00162131164689, -0.000697388255503, 0.00189917651005, -0.00137030926999, 0.00123611977324, 0.000705954036675, 0.0010036266176, -0.0002185212943], [0.00190063507762, -0.00652790162712, 0.00293024629354, -0.00115243601613, 0.0130321281031, -0.00326848076656, 0.0044309515506, -0.0037968524266, 0.00360729638487, -0.00500276032835, 0.00158779066987, -0.00267879315652, 0.00162520364393], [-0.000728878832888, 0.00497834058478, -0.000995445996523, 0.00162131164689, -0.00326848076656, 0.00637030461803, -0.00307891285047, 0.00257980613969, 0.000519777298905, 0.00100787973497, -0.00170832080767, 0.00113942660391, 0.00053042115178], [0.00122504075989, -0.00447067758068, 0.00267133302987, -0.000697388255503, 0.0044309515506, -0.00307891285047, 0.0100440112874, -0.00406649336219, 0.00111039727926, -0.00183262384962, 0.00156536174472, -0.00281201885082, 0.00237696361728], [-0.000530088960659, 0.00500425323844, -0.000549254415091, 0.00189917651005, -0.0037968524266, 0.00257980613969, -0.00406649336219, 0.00850003026426, -0.00171306461561, -0.000639006204437, 0.00120992434677, 0.00138604606036, -0.00186874635983], [0.000950109795667, -0.00186137470882, 0.00142150837928, -0.00137030926999, 0.00360729638487, 0.000519777298905, 0.00111039727926, -0.00171306461561, 0.00652601011097, -0.00379088986665, 0.00117999839131, 2.12242030102e-005, 0.00312650692649], [-0.000244959315751, 0.00386041519232, -0.000916899414733, 0.00123611977324, -0.00500276032835, 0.00100787973497, -0.00183262384962, -0.000639006204437, -0.00379088986665, 0.0130500989035, -0.00606761872768, 0.00328721967526, -0.000849195697811], [-0.00015537418949, -0.00100489007309, 0.00116209127009, 0.000705954036675, 0.00158779066987, -0.00170832080767, 0.00156536174472, 0.00120992434677, 0.00117999839131, -0.00606761872768, 0.0124684413895, -0.00457609258592, 0.00238619069569], [-4.22109333158e-005, 0.00242670136504, -0.00161776214372, 0.0010036266176, -0.00267879315652, 0.00113942660391, -0.00281201885082, 0.00138604606036, 2.12242030102e-005, 0.00328721967526, -0.00457609258592, 0.0108574228361, -0.00223230198026], [-1.58274378919e-005, -0.00110007915646, 0.000507488555741, -0.0002185212943, 0.00162520364393, 0.00053042115178, 0.00237696361728, -0.00186874635983, 0.00312650692649, -0.000849195697811, 0.00238619069569, -0.00223230198026, 0.010209755972]]
    },
    "melbands": {
        "mean": [1.07101277536e-006, 1.37755432661e-006, 7.18932415111e-006, 0.000167652411619, 0.00116724602412, 0.00137938419357, 0.000731453415938, 0.000462254567537, 0.00034498955938, 0.000212518323679, 0.000187466182979, 0.000178860791493, 0.000470711354865, 6.51119917165e-005, 3.12700212817e-005, 1.670115671e-005, 3.4152311855e-005, 1.18880316222e-005, 8.43940233608e-006, 6.5785930019e-006, 2.05024912248e-006, 4.05853006669e-006, 1.78601010248e-006, 1.33111552714e-006, 1.54424560606e-006, 9.79728270067e-007, 2.83349521624e-007, 3.10544976401e-007, 1.73021504679e-007, 1.4342366228e-007, 7.61406866445e-008, 5.35958690762e-008, 1.00357020472e-007, 9.40821678341e-008, 6.37017194549e-008, 8.86886653007e-008, 1.83121827035e-007, 1.6637494582e-007, 1.38283226647e-007, 1.36009489893e-007],
        "var": [2.62198617852e-012, 1.92002316823e-012, 4.33456326387e-010, 1.21632567129e-007, 5.91791058469e-006, 1.07041105366e-005, 7.44302496969e-007, 5.62422201256e-007, 7.07410038103e-007, 1.89374006254e-007, 1.36329703082e-007, 1.62060359798e-007, 1.68439828485e-006, 4.94966982956e-008, 1.002830885e-008, 3.10110581658e-009, 6.35939523264e-009, 2.0761128372e-009, 8.3752055291e-010, 5.00394115033e-010, 2.36112258217e-011, 6.60879823089e-011, 2.91752871862e-011, 8.25371195001e-012, 9.10405952015e-012, 4.06468305195e-012, 2.72946297725e-013, 3.27621881447e-013, 2.10505143048e-013, 3.52618243849e-013, 4.14802537479e-014, 2.78273599638e-014, 5.86031277758e-013, 3.0820512158e-013, 5.72180852503e-014, 1.44824324516e-013, 1.36591085664e-012, 1.11125540193e-012, 1.68154606992e-012, 7.63259355892e-013]
    },
    "mfcc": {
        "mean": [-771.311401367, 165.868469238, -32.8395233154, -16.9435749054, -30.9815788269, -39.9224357605, -28.986497879, -20.4761981964, -18.0252628326, -8.31816196442, -6.40868234634, -5.08021783829, 0.889442920685],
        "cov": [[3185.98193359, -375.286682129, -320.625183105, -435.976654053, -117.328323364, 63.2231407166, 331.650054932, -30.3811626434, -273.703369141, -229.291732788, -202.389923096, -88.0948410034, 55.7769012451], [-375.286682129, 653.88104248, -98.0841293335, 184.889953613, -21.7466011047, -51.7112236023, -108.421569824, -36.8144683838, -13.5528411865, -82.9002761841, -32.9075775146, -69.8845291138, -100.514808655], [-320.625183105, -98.0841293335, 626.623474121, 168.045440674, 54.7693443298, 45.7130508423, -107.917320251, -22.3712368011, -42.8982810974, -86.4323348999, -110.749351501, -69.4164047241, -138.999511719], [-435.976654053, 184.889953613, 168.045440674, 576.409362793, 9.95116901398, -83.0115280151, -270.766113281, -61.9546012878, 85.4230728149, -57.1952667236, -21.1802692413, -37.2295799255, -159.458267212], [-117.328323364, -21.7466011047, 54.7693443298, 9.95116901398, 190.828201294, 17.4844818115, 2.72006058693, -35.1624336243, -22.0271453857, -8.77337646484, -41.0524406433, -7.15259838104, -2.30284810066], [63.2231407166, -51.7112236023, 45.7130508423, -83.0115280151, 17.4844818115, 238.373672485, 64.4724884033, 12.3914299011, -92.88697052, -26.7596874237, -19.2639350891, 15.8503246307, 28.8014583588], [331.650054932, -108.421569824, -107.917320251, -270.766113281, 2.72006058693, 64.4724884033, 362.392150879, 54.9215049744, -69.3511505127, -54.2551269531, -30.7400341034, -2.63373303413, 107.585594177], [-30.3811626434, -36.8144683838, -22.3712368011, -61.9546012878, -35.1624336243, 12.3914299011, 54.9215049744, 143.092605591, 28.0888690948, -12.311214447, 23.3104534149, 17.1253376007, 39.1340942383], [-273.703369141, -13.5528411865, -42.8982810974, 85.4230728149, -22.0271453857, -92.88697052, -69.3511505127, 28.0888690948, 225.27684021, 106.906654358, 57.1809501648, 7.47125434875, -6.09735202789], [-229.291732788, -82.9002761841, -86.4323348999, -57.1952667236, -8.77337646484, -26.7596874237, -54.2551269531, -12.311214447, 106.906654358, 299.502075195, 144.323806763, 85.9122238159, 11.7608623505], [-202.389923096, -32.9075775146, -110.749351501, -21.1802692413, -41.0524406433, -19.2639350891, -30.7400341034, 23.3104534149, 57.1809501648, 144.323806763, 252.877578735, 118.178146362, 62.9411582947], [-88.0948410034, -69.8845291138, -69.4164047241, -37.2295799255, -7.15259838104, 15.8503246307, -2.63373303413, 17.1253376007, 7.47125434875, 85.9122238159, 118.178146362, 220.112792969, 75.3578109741], [55.7769012451, -100.514808655, -138.999511719, -159.458267212, -2.30284810066, 28.8014583588, 107.585594177, 39.1340942383, -6.09735202789, 11.7608623505, 62.9411582947, 75.3578109741, 244.63911438]],
        "icov": [[0.000569220923353, 0.000520666013472, 0.000507598917466, 0.00022750016069, 0.000456233799923, 0.000122804689454, -3.62500941264e-005, 0.000325619301293, 0.000498573179357, 0.000424992933404, 0.000327188288793, 9.22597246245e-005, 0.000353927433025], [0.000520666013472, 0.00257228757255, 0.00126104755327, -0.000257500243606, 0.000513847277034, 0.000220058311243, 0.000406538893003, 0.000365650193999, 0.000850079988595, 0.000983806326985, 0.000152385575348, 0.000518251210451, 0.00100352615118], [0.000507598917466, 0.00126104755327, 0.00288524571806, -0.000266693532467, -2.49531622103e-005, -0.000371241709217, 0.000586667738389, -5.54625803488e-005, 0.000838681822643, 0.000797437212896, 0.000727526901755, 0.000308797083562, 0.00136251619551], [0.00022750016069, -0.000257500243606, -0.000266693532467, 0.00382048171014, -2.59913467744e-005, 0.000179575843504, 0.00188884243835, 0.00108342966996, -0.00150158663746, 0.00196130294353, -0.00039887308958, -0.000436175672803, 0.00126093730796], [0.000456233799923, 0.000513847277034, -2.49531622103e-005, -2.59913467744e-005, 0.00623645912856, -0.000115561764687, -0.000282819877611, 0.00161553663202, 0.000582722655963, -0.000115280672617, 0.00132094544824, -0.0001833516435, -0.000249070173595], [0.000122804689454, 0.000220058311243, -0.000371241709217, 0.000179575843504, -0.000115561764687, 0.00544014945626, -0.000386407074984, -0.000678384501953, 0.00234442553483, -0.000426764192525, 0.000317587138852, -0.000293466058793, -0.000306938309222], [-3.62500941264e-005, 0.000406538893003, 0.000586667738389, 0.00188884243835, -0.000282819877611, -0.000386407074984, 0.00511730276048, -0.000878079270478, 0.000213064064155, 0.00114626251161, 0.000358489749487, 0.000313944736263, -0.000566091504879], [0.000325619301293, 0.000365650193999, -5.54625803488e-005, 0.00108342966996, 0.00161553663202, -0.000678384501953, -0.000878079270478, 0.00925013702363, -0.00233560777269, 0.00212075165473, -0.000803267816082, -0.000519764842466, -4.12053232139e-005], [0.000498573179357, 0.000850079988595, 0.000838681822643, -0.00150158663746, 0.000582722655963, 0.00234442553483, 0.000213064064155, -0.00233560777269, 0.00835937820375, -0.0028254033532, 0.000536429055501, 0.00118815293536, -0.000417062401539], [0.000424992933404, 0.000983806326985, 0.000797437212896, 0.00196130294353, -0.000115280672617, -0.000426764192525, 0.00114626251161, 0.00212075165473, -0.0028254033532, 0.00728715863079, -0.00261977221817, -0.00102091731969, 0.00181237340439], [0.000327188288793, 0.000152385575348, 0.000727526901755, -0.00039887308958, 0.00132094544824, 0.000317587138852, 0.000358489749487, -0.000803267816082, 0.000536429055501, -0.00261977221817, 0.00757264485583, -0.00228478573263, -0.00101791368797], [9.22597246245e-005, 0.000518251210451, 0.000308797083562, -0.000436175672803, -0.0001833516435, -0.000293466058793, 0.000313944736263, -0.000519764842466, 0.00118815293536, -0.00102091731969, -0.00228478573263, 0.00688996631652, -0.00139488268178], [0.000353927433025, 0.00100352615118, 0.00136251619551, 0.00126093730796, -0.000249070173595, -0.000306938309222, -0.000566091504879, -4.12053232139e-005, -0.000417062401539, 0.00181237340439, -0.00101791368797, -0.00139488268178, 0.00689870351925]]
    },
    "spectral_contrast_coeffs": {
        "mean": [-0.574317991734, -0.586559772491, -0.649842679501, -0.713504493237, -0.739530861378, -0.800378203392],
        "var": [0.0212716422975, 0.00676266755909, 0.00872828718275, 0.003529925365, 0.00239607319236, 0.00156899215654]
    },
    "spectral_contrast_valleys": {
        "mean": [-10.0250301361, -7.12445926666, -8.23959541321, -9.30103206635, -9.66425800323, -12.0944757462],
        "var": [0.384369581938, 0.738047719002, 0.823284327984, 0.705711483955, 0.647754907608, 0.6556635499]
    }
},
"metadata": {
    "audio_properties": {
        "analysis_sample_rate": 44100,
        "bit_rate": 128074,
        "equal_loudness": 0,
        "length": 45.0612258911,
        "lossless": 0,
        "replay_gain": -5.60423278809,
        "sample_rate": 44100,
        "codec": "mp3",
        "downmix": "mix",
        "md5_encoded": "e06cb76985597523f94a7ef8deaecf4a"
    },
    "tags": {
        "file_name": "1446.mp3"
    },
    "version": {
        "essentia": "2.1-beta2",
        "essentia_git_sha": "v2.1_beta2",
        "extractor": "music 1.0"
    }
},
"rhythm": {
    "beats_count": 126,
    "beats_loudness": {
        "mean": 0.0333407595754,
        "var": 0.000620736391284
    },
    "bpm": 172.265594482,
    "bpm_histogram_first_peak_bpm": {
        "mean": 172,
        "var": 0
    },
    "bpm_histogram_first_peak_spread": {
        "mean": 0,
        "var": 0
    },
    "bpm_histogram_first_peak_weight": {
        "mean": 0.488000005484,
        "var": 0
    },
    "bpm_histogram_second_peak_bpm": {
        "mean": 167,
        "var": 0
    },
    "bpm_histogram_second_peak_spread": {
        "mean": 0,
        "var": 0
    },
    "bpm_histogram_second_peak_weight": {
        "mean": 0.303999990225,
        "var": 0
    },
    "danceability": 1.23432719707,
    "onset_rate": 3.70439863205,
    "beats_loudness_band_ratio": {
        "mean": [0.00522200018167, 0.544376671314, 0.402649372816, 0.164129003882, 0.0207068603486, 0.00308301043697],
        "var": [7.86222008173e-005, 0.0732786804438, 0.0613926872611, 0.0358474552631, 0.000726857921109, 1.15759548862e-005]
    },
    "beats_position": [0.394739210606, 0.777868449688, 1.13777780533, 1.48607707024, 1.83437633514, 2.19428563118, 2.54258489609, 2.89088439941, 3.23918366432, 3.5758728981, 3.92417216301, 4.28408145905, 4.6439909935, 4.99229001999, 5.35219955444, 5.71210861206, 6.06040811539, 6.420317173, 6.76861667633, 7.14013576508, 7.50004529953, 7.87156438828, 8.24308395386, 8.59138298035, 8.93968200684, 9.287981987, 9.63628101349, 9.98458003998, 10.3328800201, 10.6927890778, 11.0526981354, 11.412607193, 11.7725172043, 12.1208162308, 12.4691152573, 12.8174142838, 13.1657142639, 13.5140132904, 13.8623123169, 14.2222223282, 14.5589113235, 14.90721035, 15.2555103302, 15.6038093567, 15.9521083832, 16.3004074097, 16.6487064362, 16.99700737, 17.3569164276, 17.7168254852, 18.0651245117, 18.4366436005, 18.7965526581, 19.1448516846, 19.4931507111, 19.853061676, 20.2013607025, 20.5612697601, 20.9211788177, 21.2926979065, 21.640996933, 21.9892959595, 22.3492050171, 22.7091159821, 23.0574150085, 23.405714035, 23.7540130615, 24.102312088, 24.4506111145, 24.7873020172, 25.1472110748, 25.4955101013, 25.8438091278, 26.1921081543, 26.5520172119, 26.9119262695, 27.2718353271, 27.620136261, 27.9684352875, 28.3051242828, 28.6534233093, 29.0133323669, 29.3732414246, 29.7447605133, 30.0930614471, 30.4413604736, 30.7896595001, 31.1611785889, 31.5326976776, 31.8809967041, 32.2292976379, 32.6008148193, 32.960723877, 33.3206329346, 33.6805419922, 34.0172348022, 34.3655319214, 34.7370529175, 35.1085700989, 35.4452590942, 35.7819480896, 36.1418571472, 36.4785499573, 36.8268470764, 37.1983680725, 37.5582771301, 37.9181861877, 38.2664833069, 38.6147842407, 38.9746932983, 39.334602356, 39.6829032898, 40.0312004089, 40.402721405, 40.7394104004, 41.0760993958, 41.4243965149, 41.7726974487, 42.1209983826, 42.4692955017, 42.8292045593, 43.1891136169, 43.5374145508, 43.8741035461, 44.2340126038, 44.6055335999]
},
"tonal": {
    "chords_changes_rate": 0.0246913582087,
    "chords_number_rate": 0.00411522621289,
    "chords_strength": {
        "mean": 0.605167448521,
        "var": 0.00818547606468
    },
    "hpcp_entropy": {
        "mean": 1.39044964314,
        "var": 0.421408891678
    },
    "key_strength": 0.784725666046,
    "tuning_diatonic_strength": 0.619779407978,
    "tuning_equal_tempered_deviation": 0.0308470241725,
    "tuning_frequency": 442.293365479,
    "tuning_nontempered_energy_ratio": 0.670008778572,
    "hpcp": {
        "mean": [0.131885930896, 0.0793034657836, 0.013221652247, 0.00704858032987, 0.0200002901256, 0.180715039372, 0.30312910676, 0.173298373818, 0.148336097598, 0.164863079786, 0.057809650898, 0.0087200300768, 0.00632978789508, 0.0378527492285, 0.17215256393, 0.24668598175, 0.133494541049, 0.0316141545773, 0.0120171317831, 0.0310883820057, 0.153677731752, 0.243033707142, 0.137467890978, 0.0316701568663, 0.0139324283227, 0.0114734508097, 0.0242080055177, 0.0514782182872, 0.0595072247088, 0.192930951715, 0.398433834314, 0.25903570652, 0.0378434956074, 0.0233471635729, 0.0244734566659, 0.073762409389],
        "var": [0.0754974931479, 0.03093069233, 0.00344468955882, 0.00187806575559, 0.00380546390079, 0.0637264028192, 0.148676410317, 0.0456416532397, 0.0850244984031, 0.109927400947, 0.0181843526661, 0.00133327813819, 0.00154392991681, 0.0114904288203, 0.0831552445889, 0.126893952489, 0.0569443404675, 0.00973834004253, 0.00357365584932, 0.00986839830875, 0.076702401042, 0.144228219986, 0.0559612847865, 0.00675334176049, 0.00207149214111, 0.00246285018511, 0.00660494156182, 0.0284674558789, 0.0246531628072, 0.050140529871, 0.159181669354, 0.0831529870629, 0.00611289637163, 0.00584068801254, 0.00459937565029, 0.0229109358042]
    },
    "chords_histogram": [24.8971195221, 27.0576133728, 41.1522636414, 0, 6.27572011948, 0, 0, 0, 0, 0, 0, 0, 0, 0, 0, 0, 0, 0, 0, 0.617283940315, 0, 0, 0, 0],
    "thpcp": [1, 0.650134801865, 0.0949806272984, 0.0585973411798, 0.0614241436124, 0.185130894184, 0.331010878086, 0.199037984014, 0.0331840589643, 0.017690718174, 0.0501972697675, 0.453563481569, 0.760801613331, 0.434948951006, 0.372297942638, 0.413777798414, 0.145092219114, 0.0218857675791, 0.0158866718411, 0.0950038507581, 0.432073146105, 0.619139134884, 0.3350481987, 0.0793460607529, 0.0301609225571, 0.078026458621, 0.385704517365, 0.609972536564, 0.345020622015, 0.0794866159558, 0.0349679850042, 0.0287963766605, 0.0607579052448, 0.129201427102, 0.149352833629, 0.484223306179],
    "chords_key": "G",
    "chords_scale": "major",
    "key_key": "C",
    "key_scale": "major"
}
}