{
"lowlevel": {
    "average_loudness": 0.430367797613,
    "barkbands_crest": {
        "mean": 12.2543802261,
        "var": 15.7777099609
    },
    "barkbands_flatness_db": {
        "mean": 0.282216697931,
        "var": 0.00398364197463
    },
    "barkbands_kurtosis": {
        "mean": 12.5384664536,
        "var": 256.868164063
    },
    "barkbands_skewness": {
        "mean": 2.10753703117,
        "var": 2.14914059639
    },
    "barkbands_spread": {
        "mean": 6.85433340073,
        "var": 89.4429779053
    },
    "dissonance": {
        "mean": 0.403365373611,
        "var": 0.00307675963268
    },
    "dynamic_complexity": 5.13230895996,
    "erbbands_crest": {
        "mean": 13.5591201782,
        "var": 29.4249820709
    },
    "erbbands_flatness_db": {
        "mean": 0.286136388779,
        "var": 0.00374856661074
    },
    "erbbands_kurtosis": {
        "mean": 5.28176355362,
        "var": 119.281204224
    },
    "erbbands_skewness": {
        "mean": 1.29562556744,
        "var": 1.63256108761
    },
    "erbbands_spread": {
        "mean": 20.3023681641,
        "var": 262.537811279
    },
    "hfc": {
        "mean": 9.26871490479,
        "var": 270.065460205
    },
    "melbands_crest": {
        "mean": 15.4832763672,
        "var": 26.2118701935
    },
    "melbands_flatness_db": {
        "mean": 0.378216415644,
        "var": 0.0054471148178
    },
    "melbands_kurtosis": {
        "mean": 19.1244773865,
        "var": 629.936767578
    },
    "melbands_skewness": {
        "mean": 2.51740765572,
        "var": 3.56058502197
    },
    "melbands_spread": {
        "mean": 8.38276100159,
        "var": 169.260452271
    },
    "pitch_salience": {
        "mean": 0.539786219597,
        "var": 0.0144671527669
    },
    "silence_rate_20dB": {
        "mean": 1,
        "var": 0
    },
    "silence_rate_30dB": {
        "mean": 0.988156557083,
        "var": 0.0117034781724
    },
    "silence_rate_60dB": {
        "mean": 0.191555097699,
        "var": 0.154861971736
    },
    "spectral_centroid": {
        "mean": 594.933837891,
        "var": 287648.75
    },
    "spectral_complexity": {
        "mean": 7.84449005127,
        "var": 19.4176330566
    },
    "spectral_decrease": {
        "mean": -4.89825779937e-009,
        "var": 3.60896783675e-017
    },
    "spectral_energy": {
        "mean": 0.0193277969956,
        "var": 0.000574260600843
    },
    "spectral_energyband_high": {
        "mean": 0.0001199533217,
        "var": 6.39135976144e-007
    },
    "spectral_energyband_low": {
        "mean": 0.00332763977349,
        "var": 4.70617924293e-005
    },
    "spectral_energyband_middle_high": {
        "mean": 0.00350574287586,
        "var": 0.000203359435545
    },
    "spectral_energyband_middle_low": {
        "mean": 0.0130871301517,
        "var": 0.000244519265834
    },
    "spectral_entropy": {
        "mean": 6.26428222656,
        "var": 0.397545814514
    },
    "spectral_flux": {
        "mean": 0.0496959500015,
        "var": 0.00140579638537
    },
    "spectral_kurtosis": {
        "mean": 21.873878479,
        "var": 431.537109375
    },
    "spectral_rms": {
        "mean": 0.00369383767247,
        "var": 5.21197989656e-006
    },
    "spectral_rolloff": {
        "mean": 643.901245117,
        "var": 807939.0625
    },
    "spectral_skewness": {
        "mean": 3.02594542503,
        "var": 2.85213732719
    },
    "spectral_spread": {
        "mean": 2274448.75,
        "var": 1.60553356493e+012
    },
    "spectral_strongpeak": {
        "mean": 1.13622951508,
        "var": 2.41577148438
    },
    "zerocrossingrate": {
        "mean": 0.0261944532394,
        "var": 0.000568835414015
    },
    "barkbands": {
        "mean": [1.12258239824e-005, 0.000408069667174, 0.00262774713337, 0.00104691891465, 0.00416530668736, 0.00336357066408, 0.00193383696023, 0.000856598664541, 0.00107620644849, 0.00222526676953, 0.000563445908483, 0.000403725745855, 0.000211686798139, 0.000111427259981, 4.69268416055e-005, 1.52012917169e-005, 1.48132130562e-005, 6.83222533553e-005, 4.87318720843e-005, 2.67097257165e-005, 3.56652526534e-005, 4.83908042952e-005, 1.7972302885e-005, 1.7873821534e-008, 2.38059865154e-008, 3.1302338499e-008, 5.15719822403e-009],
        "var": [5.76869441105e-010, 8.84514861355e-007, 3.40572842106e-005, 2.87568263957e-006, 4.32771412306e-005, 3.04118257191e-005, 1.45061048897e-005, 9.71772351477e-006, 2.91167871183e-005, 0.000153924687766, 4.77517914987e-006, 4.23218125434e-006, 5.21011997989e-007, 2.53590428656e-007, 7.30840241658e-008, 2.71048539169e-009, 2.76225309292e-009, 3.98087998121e-008, 1.46241205812e-008, 2.91183805956e-008, 7.50436370822e-008, 1.31452381424e-007, 2.61504045085e-008, 6.36236897517e-015, 4.19710331079e-015, 4.9873702275e-015, 8.85468969751e-018]
    },
    "erbbands": {
        "mean": [0.00268106884323, 0.181254655123, 2.62935447693, 2.91980266571, 9.88370227814, 13.1284513474, 15.4577894211, 28.6924285889, 43.1554641724, 12.8060483932, 20.5701904297, 30.1445064545, 46.7786483765, 62.3526000977, 19.5181732178, 18.0474357605, 12.1610174179, 5.34501409531, 4.62471437454, 1.38095128536, 0.663847208023, 1.07088708878, 3.00221252441, 4.21995592117, 1.12430274487, 1.25834298134, 1.81305480003, 1.0875711441, 1.45954716206, 1.79221487045, 0.23633235693, 0.00748537760228, 0.000759460788686, 0.000321348139551, 0.000204374548048, 0.000127168517793, 6.68529828545e-005, 1.82495841727e-005, 1.00459647001e-005, 2.19205667236e-005],
        "var": [3.83332153433e-005, 0.175946339965, 35.8628807068, 15.9156570435, 281.238677979, 590.302856445, 579.915161133, 2828.59521484, 7535.04443359, 695.661254883, 5752.82177734, 24022.7128906, 77818.171875, 136104.75, 3522.90478516, 7274.65429688, 1474.96325684, 342.149719238, 446.962127686, 21.3688144684, 3.16332674026, 17.8612480164, 87.2413330078, 130.912002563, 10.0523176193, 49.8975830078, 225.668624878, 55.1049842834, 113.95123291, 220.80670166, 4.68059015274, 0.00412793457508, 1.56115747814e-005, 8.90990463631e-007, 1.9728712175e-007, 7.63514194091e-008, 1.75457905982e-008, 5.28495525121e-010, 1.46903683662e-010, 7.50718487375e-010]
    },
    "gfcc": {
        "mean": [-160.341400146, 177.072036743, -113.47794342, 10.0423784256, -53.2684593201, -29.7673053741, -18.5863876343, -25.6064243317, -33.968837738, -11.9861917496, -10.3867511749, 1.74194574356, -19.247423172],
        "cov": [[5267.60742188, 1252.40942383, -1504.43505859, -303.366790771, 197.53012085, -445.835968018, 570.003601074, -157.070556641, 234.845779419, -227.582977295, 125.660186768, -178.938552856, 5.18633031845], [1252.40942383, 1011.28881836, -12.5022296906, -568.034973145, 230.106994629, -113.247543335, 76.8577041626, 1.24888908863, 39.7610855103, -60.7977638245, 105.022964478, -85.4154586792, 19.9008560181], [-1504.43505859, -12.5022296906, 1159.2989502, 185.678024292, -27.8371353149, 169.744262695, -190.371902466, -22.5353107452, 14.9962091446, 57.0135421753, -17.3232479095, 14.0952253342, 7.06753253937], [-303.366790771, -568.034973145, 185.678024292, 974.496337891, 166.498001099, 114.69858551, 22.154253006, -4.97682905197, 61.8845024109, -3.86985349655, -155.788208008, -8.7315530777, -34.9839057922], [197.53012085, 230.106994629, -27.8371353149, 166.498001099, 570.486450195, 171.387359619, 13.2661027908, 61.1589431763, -18.5583992004, -66.1258163452, -68.9786911011, -62.8753013611, -21.4742851257], [-445.835968018, -113.247543335, 169.744262695, 114.69858551, 171.387359619, 340.018493652, 46.0820388794, 1.31429100037, -49.5950546265, -24.2149543762, -59.0569038391, -15.2912721634, -56.3585777283], [570.003601074, 76.8577041626, -190.371902466, 22.154253006, 13.2661027908, 46.0820388794, 256.788818359, 48.2588272095, -12.8877124786, -50.171749115, -1.33082199097, -69.1123428345, -46.65883255], [-157.070556641, 1.24888908863, -22.5353107452, -4.97682905197, 61.1589431763, 1.31429100037, 48.2588272095, 142.7084198, -5.80582141876, -12.8665189743, -30.6376152039, -29.3142795563, -27.3786964417], [234.845779419, 39.7610855103, 14.9962091446, 61.8845024109, -18.5583992004, -49.5950546265, -12.8877124786, -5.80582141876, 142.006713867, 25.4692173004, -28.1073188782, -21.5496902466, 10.6387834549], [-227.582977295, -60.7977638245, 57.0135421753, -3.86985349655, -66.1258163452, -24.2149543762, -50.171749115, -12.8665189743, 25.4692173004, 101.761795044, 27.0334606171, -0.534340620041, 0.428030192852], [125.660186768, 105.022964478, -17.3232479095, -155.788208008, -68.9786911011, -59.0569038391, -1.33082199097, -30.6376152039, -28.1073188782, 27.0334606171, 138.375213623, 49.0524139404, -15.213886261], [-178.938552856, -85.4154586792, 14.0952253342, -8.7315530777, -62.8753013611, -15.2912721634, -69.1123428345, -29.3142795563, -21.5496902466, -0.534340620041, 49.0524139404, 116.652442932, 33.2143287659], [5.18633031845, 19.9008560181, 7.06753253937, -34.9839057922, -21.4742851257, -56.3585777283, -46.65883255, -27.3786964417, 10.6387834549, 0.428030192852, -15.213886261, 33.2143287659, 102.72467804]],
        "icov": [[0.00270756729878, -0.00466780457646, 0.00363818509504, -0.00295552937314, 0.00189342664089, -0.000110788445454, -0.00157907546964, 0.00316484039649, -0.00277296756394, 0.00315897795372, -0.00193549285177, 0.00139656721149, -0.000492131453939], [-0.00466780457646, 0.0138322599232, -0.0084634097293, 0.00956494826823, -0.00860437750816, 0.00477824965492, -0.0019204413984, -0.00173822266515, 0.0016493613366, -0.00390863511711, 0.00295395962894, -0.00238626496866, 0.00193742662668], [0.00363818509504, -0.0084634097293, 0.00722384965047, -0.00634841434658, 0.00548651441932, -0.00373929832131, 0.00185630086344, 0.00167337886523, -0.00295489118434, 0.00467938743532, -0.00493986112997, 0.00433460948989, -0.00266512180679], [-0.00295552937314, 0.00956494826823, -0.00634841434658, 0.00872642919421, -0.00739207630977, 0.00512810330838, -0.00397200230509, 0.00114789942745, 0.000523894967046, -0.00429093651474, 0.00644389772788, -0.00528718298301, 0.00410234415904], [0.00189342664089, -0.00860437750816, 0.00548651441932, -0.00739207630977, 0.00987154711038, -0.00740629527718, 0.00630199443549, -0.00381383555941, 0.000465600605821, 0.00433083763346, -0.00520196510479, 0.00601936550811, -0.00426033698022], [-0.000110788445454, 0.00477824965492, -0.00373929832131, 0.00512810330838, -0.00740629527718, 0.0115682519972, -0.0084859393537, 0.00685800425708, 9.79163232842e-005, -0.00281365518458, 0.00843164790422, -0.00727959210053, 0.00745959067717], [-0.00157907546964, -0.0019204413984, 0.00185630086344, -0.00397200230509, 0.00630199443549, -0.0084859393537, 0.0154013307765, -0.00946336984634, 0.00311552314088, 0.00400828570127, -0.00795667618513, 0.00993743445724, -0.00462456606328], [0.00316484039649, -0.00173822266515, 0.00167337886523, 0.00114789942745, -0.00381383555941, 0.00685800425708, -0.00946336984634, 0.0171547792852, -0.0038138651289, 0.00119284726679, 0.00571423582733, -0.00384597852826, 0.00617168983445], [-0.00277296756394, 0.0016493613366, -0.00295489118434, 0.000523894967046, 0.000465600605821, 9.79163232842e-005, 0.00311552314088, -0.0038138651289, 0.0135762952268, -0.00710267527029, 0.00576607789844, -0.00166629394516, 0.000768155965488], [0.00315897795372, -0.00390863511711, 0.00467938743532, -0.00429093651474, 0.00433083763346, -0.00281365518458, 0.00400828570127, 0.00119284726679, -0.00710267527029, 0.0213592406362, -0.0130220381543, 0.011315818876, -0.00462612183765], [-0.00193549285177, 0.00295395962894, -0.00493986112997, 0.00644389772788, -0.00520196510479, 0.00843164790422, -0.00795667618513, 0.00571423582733, 0.00576607789844, -0.0130220381543, 0.0274729542434, -0.0190022327006, 0.0131772616878], [0.00139656721149, -0.00238626496866, 0.00433460948989, -0.00528718298301, 0.00601936550811, -0.00727959210053, 0.00993743445724, -0.00384597852826, -0.00166629394516, 0.011315818876, -0.0190022327006, 0.0264675579965, -0.0122006367892], [-0.000492131453939, 0.00193742662668, -0.00266512180679, 0.00410234415904, -0.00426033698022, 0.00745959067717, -0.00462456606328, 0.00617168983445, 0.000768155965488, -0.00462612183765, 0.0131772616878, -0.0122006367892, 0.0195472911]]
    },
    "melbands": {
        "mean": [5.85585657973e-005, 0.000960897654295, 0.000723295321222, 0.000903223117348, 0.000542406167369, 0.00072251475649, 0.000578387116548, 0.000135539186886, 0.000173904292751, 0.000178038753802, 0.00023185290047, 0.000264212460024, 7.20043681213e-005, 4.7631587222e-005, 3.32326380885e-005, 1.93897249119e-005, 9.63936327025e-006, 8.73476983543e-006, 2.5836311579e-006, 1.33333844587e-006, 6.16556121713e-007, 6.52348205676e-007, 2.74657259069e-006, 2.78694233202e-006, 3.72876615984e-006, 1.01767375327e-006, 5.83670271226e-007, 8.86594193616e-007, 1.17390368359e-006, 9.03369254956e-007, 5.56272425456e-007, 7.21451044683e-007, 1.1403467397e-006, 9.04298360638e-007, 1.33666176794e-007, 1.46467493689e-009, 2.15925111124e-010, 2.14950071631e-010, 2.09273431917e-010, 2.08790665313e-010],
        "var": [1.69737308653e-008, 4.7735438784e-006, 9.65424987953e-007, 2.8718500289e-006, 6.59273439396e-007, 1.68778785792e-006, 1.30432829337e-006, 1.42911801504e-007, 3.99387801053e-007, 9.601964166e-007, 2.17654996959e-006, 2.59542866843e-006, 6.0439134586e-008, 6.42107664817e-008, 1.58311905807e-008, 5.58568258313e-009, 1.6676277026e-009, 1.69392844196e-009, 1.3050022174e-010, 2.45632039014e-011, 2.86973656644e-012, 3.98275726635e-012, 1.95619576093e-010, 4.92921536921e-011, 1.10973050194e-010, 6.89789805136e-012, 7.64834463124e-012, 3.23811949476e-011, 1.11122194779e-010, 5.00510743962e-011, 1.45988464373e-011, 2.72844438015e-011, 8.80703843187e-011, 6.00952967944e-011, 1.83609919803e-012, 1.62465855897e-016, 1.00798523386e-018, 9.71764959387e-019, 4.24631926683e-019, 4.76024089454e-019]
    },
    "mfcc": {
        "mean": [-804.417541504, 201.992416382, 0.993933320045, 32.6251945496, -16.2437705994, -1.10554492474, 2.99479722977, -5.68957996368, -22.3263530731, -20.8510112762, -1.05774414539, -12.6292514801, -1.10574519634],
        "cov": [[5100.73925781, 1161.91430664, -1792.10998535, 310.194854736, -614.754882813, -4.49061346054, -7.72396183014, 118.955917358, 2.62964248657, 53.3119392395, 376.490600586, -242.296035767, -192.936645508], [1161.91430664, 1375.67163086, -160.749511719, -494.443664551, 41.9925079346, -232.877304077, 79.9344406128, -33.7677955627, -93.9045410156, -6.96405220032, 68.1867675781, 47.4922790527, -74.7374801636], [-1792.10998535, -160.749511719, 1132.74963379, -10.0047397614, 130.724746704, 50.3250045776, -80.3042297363, -72.9885787964, 0.288960754871, -21.6938457489, -139.018829346, 128.571655273, 148.490142822], [310.194854736, -494.443664551, -10.0047397614, 694.477844238, 67.3505249023, 176.338775635, -48.4681510925, 54.4321479797, 143.968002319, 42.1002693176, 26.7722644806, -13.7412014008, 8.19414329529], [-614.754882813, 41.9925079346, 130.724746704, 67.3505249023, 591.841552734, 134.607421875, 71.5463027954, 53.1926651001, 98.6649780273, 9.69932365417, -62.4648284912, 104.016113281, -34.8133583069], [-4.49061346054, -232.877304077, 50.3250045776, 176.338775635, 134.607421875, 353.498199463, 62.416343689, 73.0013275146, 74.2122421265, 15.6136074066, 8.28625869751, 1.10832738876, 16.0527095795], [-7.72396183014, 79.9344406128, -80.3042297363, -48.4681510925, 71.5463027954, 62.416343689, 283.283874512, 119.065208435, -22.5999526978, 32.5219345093, 54.0672149658, 5.87013626099, -70.2251663208], [118.955917358, -33.7677955627, -72.9885787964, 54.4321479797, 53.1926651001, 73.0013275146, 119.065208435, 181.653259277, 51.6535987854, 4.11348485947, 51.1731643677, -5.3173160553, -40.1524200439], [2.62964248657, -93.9045410156, 0.288960754871, 143.968002319, 98.6649780273, 74.2122421265, -22.5999526978, 51.6535987854, 185.661621094, 74.1325759888, -22.7442836761, -13.6000814438, -20.5761013031], [53.3119392395, -6.96405220032, -21.6938457489, 42.1002693176, 9.69932365417, 15.6136074066, 32.5219345093, 4.11348485947, 74.1325759888, 151.496200562, 54.1172904968, -50.7085914612, -29.757610321], [376.490600586, 68.1867675781, -139.018829346, 26.7722644806, -62.4648284912, 8.28625869751, 54.0672149658, 51.1731643677, -22.7442836761, 54.1172904968, 174.426101685, 11.2778110504, -57.2653503418], [-242.296035767, 47.4922790527, 128.571655273, -13.7412014008, 104.016113281, 1.10832738876, 5.87013626099, -5.3173160553, -13.6000814438, -50.7085914612, 11.2778110504, 152.330810547, 32.5726661682], [-192.936645508, -74.7374801636, 148.490142822, 8.19414329529, -34.8133583069, 16.0527095795, -70.2251663208, -40.1524200439, -20.5761013031, -29.757610321, -57.2653503418, 32.5726661682, 121.480834961]],
        "icov": [[0.0468916371465, -0.0648873448372, 0.0630257576704, -0.0589336231351, 0.0549039058387, -0.0484797544777, 0.0428369380534, -0.0355697311461, 0.028619049117, -0.0232657082379, 0.0164235960692, -0.0115479668602, 0.0066235512495], [-0.0648873448372, 0.0909590274096, -0.0871354267001, 0.082339592278, -0.0763776153326, 0.0677069053054, -0.0597321353853, 0.0498566702008, -0.0403020121157, 0.032863419503, -0.0238523855805, 0.0162238441408, -0.00939582660794], [0.0630257576704, -0.0871354267001, 0.0860333219171, -0.0791931375861, 0.0738799422979, -0.0654839798808, 0.0581370480359, -0.0484054721892, 0.0395282320678, -0.0329518839717, 0.023812841624, -0.0172842405736, 0.00858752056956], [-0.0589336231351, 0.082339592278, -0.0791931375861, 0.0766030550003, -0.0694220289588, 0.0607314445078, -0.0539742857218, 0.0454374179244, -0.0383080616593, 0.0306446775794, -0.0227380413562, 0.0154095338657, -0.00924340821803], [0.0549039058387, -0.0763776153326, 0.0738799422979, -0.0694220289588, 0.0677180439234, -0.0583348087966, 0.0510651730001, -0.043470069766, 0.0349353067577, -0.0304163247347, 0.023700164631, -0.0179561842233, 0.0113060288131], [-0.0484797544777, 0.0677069053054, -0.0654839798808, 0.0607314445078, -0.0583348087966, 0.0550678744912, -0.0468132644892, 0.0382176451385, -0.0330389551818, 0.0276037827134, -0.0208606868982, 0.0151367308572, -0.0105447117239], [0.0428369380534, -0.0597321353853, 0.0581370480359, -0.0539742857218, 0.0510651730001, -0.0468132644892, 0.0489600226283, -0.0409441590309, 0.0348401777446, -0.0302114281803, 0.0219954755157, -0.0163131710142, 0.0126960426569], [-0.0355697311461, 0.0498566702008, -0.0484054721892, 0.0454374179244, -0.043470069766, 0.0382176451385, -0.0409441590309, 0.0427935607731, -0.0332878381014, 0.0298242177814, -0.0236368179321, 0.0162799861282, -0.0105884913355], [0.028619049117, -0.0403020121157, 0.0395282320678, -0.0383080616593, 0.0349353067577, -0.0330389551818, 0.0348401777446, -0.0332878381014, 0.0381936021149, -0.0314276255667, 0.0245556309819, -0.0165490098298, 0.0132242068648], [-0.0232657082379, 0.032863419503, -0.0329518839717, 0.0306446775794, -0.0304163247347, 0.0276037827134, -0.0302114281803, 0.0298242177814, -0.0314276255667, 0.0368466377258, -0.026126800105, 0.0201680660248, -0.0125133460388], [0.0164235960692, -0.0238523855805, 0.023812841624, -0.0227380413562, 0.023700164631, -0.0208606868982, 0.0219954755157, -0.0236368179321, 0.0245556309819, -0.026126800105, 0.028911113739, -0.0180427692831, 0.0145125798881], [-0.0115479668602, 0.0162238441408, -0.0172842405736, 0.0154095338657, -0.0179561842233, 0.0151367308572, -0.0163131710142, 0.0162799861282, -0.0165490098298, 0.0201680660248, -0.0180427692831, 0.0215180125087, -0.0116045093164], [0.0066235512495, -0.00939582660794, 0.00858752056956, -0.00924340821803, 0.0113060288131, -0.0105447117239, 0.0126960426569, -0.0105884913355, 0.0132242068648, -0.0125133460388, 0.0145125798881, -0.0116045093164, 0.02069773525]]
    },
    "spectral_contrast_coeffs": {
        "mean": [-0.532695770264, -0.648298561573, -0.754331946373, -0.785887181759, -0.789462983608, -0.718423783779],
        "var": [0.00477336300537, 0.00918991304934, 0.00675944657996, 0.00375810475089, 0.00324599049054, 0.00602645147592]
    },
    "spectral_contrast_valleys": {
        "mean": [-8.43444538116, -7.61377239227, -8.31369018555, -9.28274440765, -9.4446439743, -13.4891738892],
        "var": [1.18369483948, 1.10260677338, 1.00408518314, 0.967781424522, 0.887865662575, 0.163236320019]
    }
},
"metadata": {
    "audio_properties": {
        "analysis_sample_rate": 44100,
        "bit_rate": 128074,
        "equal_loudness": 0,
        "length": 45.0612258911,
        "lossless": 0,
        "replay_gain": -6.45293426514,
        "sample_rate": 44100,
        "codec": "mp3",
        "downmix": "mix",
        "md5_encoded": "444018ff2715a6d69e357691f7981fc3"
    },
    "tags": {
        "file_name": "1447.mp3"
    },
    "version": {
        "essentia": "2.1-beta2",
        "essentia_git_sha": "v2.1_beta2",
        "extractor": "music 1.0"
    }
},
"rhythm": {
    "beats_count": 75,
    "beats_loudness": {
        "mean": 0.0405611619353,
        "var": 0.000691234890837
    },
    "bpm": 102.324996948,
    "bpm_histogram_first_peak_bpm": {
        "mean": 103,
        "var": 0
    },
    "bpm_histogram_first_peak_spread": {
        "mean": 0.649122834206,
        "var": 0
    },
    "bpm_histogram_first_peak_weight": {
        "mean": 0.270270258188,
        "var": 0
    },
    "bpm_histogram_second_peak_bpm": {
        "mean": 98,
        "var": 0
    },
    "bpm_histogram_second_peak_spread": {
        "mean": 0.117647051811,
        "var": 0
    },
    "bpm_histogram_second_peak_weight": {
        "mean": 0.202702701092,
        "var": 0
    },
    "danceability": 1.0321239233,
    "onset_rate": 3.30512213707,
    "beats_loudness_band_ratio": {
        "mean": [0.363300174475, 0.530022978783, 0.237432807684, 0.0787288993597, 0.00812021270394, 0.00669810036197],
        "var": [0.062526114285, 0.0376445017755, 0.0331802070141, 0.017621120438, 0.000105380102468, 0.00128259754274]
    },
    "beats_position": [0.638548731804, 1.24226760864, 1.83437633514, 2.41487526894, 3.01859402657, 3.63392281532, 4.2492518425, 4.86458063126, 5.4915189743, 6.09523820877, 6.71056699753, 7.30267572403, 7.89478445053, 8.47528362274, 9.05578231812, 9.63628101349, 10.2167797089, 10.8088884354, 11.4009971619, 12.0047159195, 12.6200447083, 13.2237634659, 13.8390922546, 14.4428119659, 15.0349206924, 15.6386394501, 16.242357254, 16.8576869965, 17.4730148315, 18.088344574, 18.7152824402, 19.3073921204, 19.8994998932, 20.4799995422, 21.0604991913, 21.6642169952, 22.2679367065, 22.8832645416, 23.4985942841, 24.102312088, 24.6944217682, 25.286529541, 25.8670291901, 26.4591369629, 27.0628566742, 27.6781845093, 28.2586841583, 28.8740139008, 29.4893417358, 30.1046714783, 30.6967792511, 31.2772789001, 31.8577766418, 32.4382743835, 33.0419960022, 33.6341018677, 34.2262115479, 34.8067131042, 35.3872108459, 35.9677085876, 36.5365982056, 37.1054878235, 37.6859855652, 38.2548751831, 38.823764801, 39.3926506042, 39.9615402222, 40.5420417786, 41.1225395203, 41.6914291382, 42.2603149414, 42.8292045593, 43.4097061157, 43.9785919189, 44.5590934753]
},
"tonal": {
    "chords_changes_rate": 0.0442386828363,
    "chords_number_rate": 0.0102880662307,
    "chords_strength": {
        "mean": 0.571879208088,
        "var": 0.00705117313191
    },
    "hpcp_entropy": {
        "mean": 1.79094588757,
        "var": 0.537825644016
    },
    "key_strength": 0.749959588051,
    "tuning_diatonic_strength": 0.678557515144,
    "tuning_equal_tempered_deviation": 0.0861672610044,
    "tuning_frequency": 446.399932861,
    "tuning_nontempered_energy_ratio": 0.744846045971,
    "hpcp": {
        "mean": [0.253689587116, 0.125506594777, 0.0493743345141, 0.037250880152, 0.0305558554828, 0.0677575170994, 0.0974135920405, 0.0769719481468, 0.124039448798, 0.226475328207, 0.166331291199, 0.0501775294542, 0.0324761383235, 0.0503227598965, 0.106936663389, 0.122696749866, 0.0703472867608, 0.0319429673254, 0.0192718356848, 0.027677282691, 0.0929212346673, 0.120120562613, 0.0724051073194, 0.0993212610483, 0.108972787857, 0.0451029166579, 0.0256483703852, 0.0382403843105, 0.120591685176, 0.388791024685, 0.474199175835, 0.224676862359, 0.0665248632431, 0.0615515783429, 0.1162635535, 0.233379408717],
        "var": [0.118277199566, 0.0432225987315, 0.0153652448207, 0.0149003369734, 0.0117676230147, 0.0182181019336, 0.0321628004313, 0.0225459262729, 0.0345228686929, 0.0922842696309, 0.0550609715283, 0.01723504439, 0.0166318994015, 0.0204377416521, 0.0486054457724, 0.0582982189953, 0.0302843749523, 0.0172882657498, 0.00908899027854, 0.0102996360511, 0.0354129113257, 0.0435306765139, 0.0179109200835, 0.0495802499354, 0.0644323825836, 0.011672064662, 0.00947056803852, 0.0144435334951, 0.0377322472632, 0.140894427896, 0.175589352846, 0.0743549615145, 0.0270685125142, 0.0258673615754, 0.0484153069556, 0.102516755462]
    },
    "chords_histogram": [49.0740737915, 1.33744859695, 11.5226335526, 0.411522626877, 2.77777767181, 1.64609050751, 0, 2.57201647758, 0.617283940315, 0, 0.411522626877, 0, 0, 0, 0, 0, 0.308641970158, 0.205761313438, 0, 1.13168728352, 0, 2.98353910446, 16.2551441193, 8.74485588074],
    "thpcp": [1, 0.47380271554, 0.140288859606, 0.129801109433, 0.245178729296, 0.492154806852, 0.534985303879, 0.26467064023, 0.104121513665, 0.0785553455353, 0.0644367560744, 0.142888307571, 0.205427587032, 0.162319868803, 0.261576682329, 0.477595359087, 0.35076251626, 0.105815306306, 0.0684862807393, 0.106121569872, 0.225510016084, 0.258745163679, 0.148349657655, 0.067361921072, 0.0406408049166, 0.0583663657308, 0.195954024792, 0.253312468529, 0.152689233422, 0.209450513124, 0.229803830385, 0.0951138660312, 0.0540877580643, 0.0806420296431, 0.25430598855, 0.819889724255],
    "chords_key": "C",
    "chords_scale": "major",
    "key_key": "C",
    "key_scale": "major"
}
}