{
"lowlevel": {
    "average_loudness": 0.46243211627,
    "barkbands_crest": {
        "mean": 13.0530290604,
        "var": 26.0569381714
    },
    "barkbands_flatness_db": {
        "mean": 0.249877512455,
        "var": 0.00389150739647
    },
    "barkbands_kurtosis": {
        "mean": 11.6437902451,
        "var": 463.388946533
    },
    "barkbands_skewness": {
        "mean": 2.12023210526,
        "var": 3.3109498024
    },
    "barkbands_spread": {
        "mean": 9.93944549561,
        "var": 90.2405395508
    },
    "dissonance": {
        "mean": 0.425576359034,
        "var": 0.00221043592319
    },
    "dynamic_complexity": 5.60550880432,
    "erbbands_crest": {
        "mean": 12.9793148041,
        "var": 27.2318058014
    },
    "erbbands_flatness_db": {
        "mean": 0.267313033342,
        "var": 0.00242606853135
    },
    "erbbands_kurtosis": {
        "mean": 2.59097504616,
        "var": 36.2278060913
    },
    "erbbands_skewness": {
        "mean": 0.743989765644,
        "var": 1.62494790554
    },
    "erbbands_spread": {
        "mean": 24.8410243988,
        "var": 254.699111938
    },
    "hfc": {
        "mean": 7.73088550568,
        "var": 158.575683594
    },
    "melbands_crest": {
        "mean": 16.32280159,
        "var": 37.0352172852
    },
    "melbands_flatness_db": {
        "mean": 0.330416798592,
        "var": 0.00515838665888
    },
    "melbands_kurtosis": {
        "mean": 18.4160881042,
        "var": 714.196228027
    },
    "melbands_skewness": {
        "mean": 2.74194908142,
        "var": 3.68669676781
    },
    "melbands_spread": {
        "mean": 12.973856926,
        "var": 249.269851685
    },
    "pitch_salience": {
        "mean": 0.51208126545,
        "var": 0.0127239152789
    },
    "silence_rate_20dB": {
        "mean": 0.99794024229,
        "var": 0.00205549155362
    },
    "silence_rate_30dB": {
        "mean": 0.978887736797,
        "var": 0.020666513592
    },
    "silence_rate_60dB": {
        "mean": 0.286302775145,
        "var": 0.204335108399
    },
    "spectral_centroid": {
        "mean": 755.468566895,
        "var": 339419.65625
    },
    "spectral_complexity": {
        "mean": 8.35015487671,
        "var": 26.5736122131
    },
    "spectral_decrease": {
        "mean": -4.79556305777e-009,
        "var": 7.41672040958e-017
    },
    "spectral_energy": {
        "mean": 0.0188007466495,
        "var": 0.00112453731708
    },
    "spectral_energyband_high": {
        "mean": 0.000140770949656,
        "var": 6.27939414244e-007
    },
    "spectral_energyband_low": {
        "mean": 0.00308386422694,
        "var": 5.25705982e-005
    },
    "spectral_energyband_middle_high": {
        "mean": 0.00210165674798,
        "var": 2.28612334467e-005
    },
    "spectral_energyband_middle_low": {
        "mean": 0.0137970177457,
        "var": 0.000720841111615
    },
    "spectral_entropy": {
        "mean": 6.60626077652,
        "var": 0.314518600702
    },
    "spectral_flux": {
        "mean": 0.0469845496118,
        "var": 0.00219751219265
    },
    "spectral_kurtosis": {
        "mean": 12.6622781754,
        "var": 122.270637512
    },
    "spectral_rms": {
        "mean": 0.00340916425921,
        "var": 6.71982479616e-006
    },
    "spectral_rolloff": {
        "mean": 851.358764648,
        "var": 954691.3125
    },
    "spectral_skewness": {
        "mean": 2.19434809685,
        "var": 1.32241380215
    },
    "spectral_spread": {
        "mean": 2527470.25,
        "var": 1.86573180109e+012
    },
    "spectral_strongpeak": {
        "mean": 0.840704441071,
        "var": 0.757726848125
    },
    "zerocrossingrate": {
        "mean": 0.0321704931557,
        "var": 0.000644043553621
    },
    "barkbands": {
        "mean": [1.54059653141e-005, 0.000492645544, 0.00229676230811, 0.00132613489404, 0.00785073265433, 0.00225298781879, 0.000840872875415, 0.000935844494961, 0.000525065173861, 0.000755738117732, 0.000412220804719, 0.00033946352778, 0.000208450030186, 9.21737009776e-005, 9.84094804153e-005, 4.21949443989e-005, 2.6522877306e-005, 6.3512212364e-005, 5.70817101107e-005, 5.72078388359e-005, 4.99888992636e-005, 4.88551231683e-005, 1.24589705592e-005, 1.97447196371e-008, 2.34732251414e-008, 2.24694769457e-008, 4.34461489007e-009],
        "var": [7.49153683532e-010, 1.54135216235e-006, 3.33564639732e-005, 1.13637725008e-005, 0.000463888252852, 2.15986747207e-005, 4.02657087761e-006, 1.92471015907e-005, 5.79034576731e-006, 9.23285006138e-006, 1.15614568585e-006, 4.9258915169e-007, 1.33428738991e-006, 6.41489918962e-008, 7.99890571557e-008, 2.53591849741e-008, 5.07693753704e-009, 3.30235572221e-008, 3.11424308563e-008, 5.96958642518e-008, 1.28124653997e-007, 1.08271166255e-007, 6.86822998475e-009, 2.1952247168e-016, 3.27404598014e-016, 2.65645520006e-016, 2.66495639991e-017]
    },
    "erbbands": {
        "mean": [0.00327521003783, 0.19725382328, 2.39374661446, 3.12135004997, 18.4963722229, 27.450592041, 16.7369003296, 17.7740287781, 16.1944904327, 11.4557762146, 20.7318630219, 13.4557380676, 14.0192155838, 27.5936527252, 14.7781410217, 15.1541233063, 11.3482494354, 4.63066768646, 6.28803825378, 3.23954486847, 1.9624876976, 1.58553302288, 3.05594301224, 3.36162686348, 2.72305440903, 2.66540265083, 2.41830563545, 1.68215107918, 1.53830909729, 1.40560865402, 0.172344982624, 0.00560602732003, 0.000694966234732, 0.000347312685335, 0.000173946245923, 9.08904257813e-005, 4.97021865158e-005, 1.44998248288e-005, 9.61311070569e-006, 2.11894421227e-005],
        "var": [3.97897929361e-005, 0.25075596571, 36.6441764832, 44.6117591858, 2710.24829102, 6626.06054688, 1046.91491699, 1788.77502441, 1511.70544434, 1513.47216797, 7856.66699219, 3398.45532227, 2663.90234375, 10556.7988281, 1168.27026367, 988.498168945, 3346.75878906, 109.643547058, 263.138244629, 150.85458374, 34.9029579163, 16.8947982788, 91.1505279541, 71.4394073486, 81.9611663818, 138.067428589, 244.452911377, 139.754135132, 96.4217910767, 109.370384216, 1.20822691917, 0.00107961229514, 4.81377855976e-006, 1.49906725255e-007, 2.42633841907e-008, 5.01979124934e-009, 9.25124699069e-010, 9.6466862276e-011, 2.55827081741e-010, 1.39301103985e-009]
    },
    "gfcc": {
        "mean": [-151.52947998, 168.620483398, -136.244522095, 19.4567985535, -46.8219947815, -21.3618488312, -17.1155776978, -29.3781089783, -32.3657264709, -13.5215044022, -11.2610359192, 0.158076047897, -11.0776777267],
        "cov": [[5256.07861328, 1551.40270996, -1134.36743164, 474.238891602, 98.428604126, -462.595794678, 593.494445801, -587.424743652, 317.601715088, -389.038879395, 296.944824219, -396.384521484, 148.070388794], [1551.40270996, 1020.64276123, -68.6883087158, -221.624801636, 179.31829834, -186.489700317, 114.557640076, -133.453338623, 56.0713882446, -140.586502075, 119.706886292, -163.968048096, 75.5299072266], [-1134.36743164, -68.6883087158, 1049.67114258, 28.5962047577, 18.7382678986, 103.423339844, -217.352844238, 11.2621898651, -121.130821228, 60.748374939, -59.7261734009, 143.156448364, -58.7327194214], [474.238891602, -221.624801636, 28.5962047577, 884.723999023, 93.5264892578, -13.8865718842, 70.0956954956, -157.806137085, 65.2299880981, -71.0076904297, 40.5351333618, 27.8072414398, -55.9471092224], [98.428604126, 179.31829834, 18.7382678986, 93.5264892578, 336.037719727, 64.5777740479, -48.7113609314, 6.02460050583, -48.0081520081, -56.3944702148, 15.9588346481, 4.44638586044, -26.1765899658], [-462.595794678, -186.489700317, 103.423339844, -13.8865718842, 64.5777740479, 379.19833374, 56.6499176025, 30.1951770782, -42.3463172913, -2.84392642975, -72.4573364258, 87.7829437256, -80.2515640259], [593.494445801, 114.557640076, -217.352844238, 70.0956954956, -48.7113609314, 56.6499176025, 279.321014404, -18.1284408569, 21.671295166, -79.7749252319, 6.02507400513, -82.6450424194, 1.48891282082], [-587.424743652, -133.453338623, 11.2621898651, -157.806137085, 6.02460050583, 30.1951770782, -18.1284408569, 242.79536438, -5.39021110535, 23.7599163055, -63.8203163147, 17.7545928955, -42.8900337219], [317.601715088, 56.0713882446, -121.130821228, 65.2299880981, -48.0081520081, -42.3463172913, 21.671295166, -5.39021110535, 178.637054443, 19.0854301453, -4.29523181915, -33.8681488037, 0.504303872585], [-389.038879395, -140.586502075, 60.748374939, -71.0076904297, -56.3944702148, -2.84392642975, -79.7749252319, 23.7599163055, 19.0854301453, 160.797119141, 18.3865318298, 9.76733875275, -15.8195781708], [296.944824219, 119.706886292, -59.7261734009, 40.5351333618, 15.9588346481, -72.4573364258, 6.02507400513, -63.8203163147, -4.29523181915, 18.3865318298, 154.285400391, 21.479013443, -20.4307575226], [-396.384521484, -163.968048096, 143.156448364, 27.8072414398, 4.44638586044, 87.7829437256, -82.6450424194, 17.7545928955, -33.8681488037, 9.76733875275, 21.479013443, 165.697052002, -28.6914215088], [148.070388794, 75.5299072266, -58.7327194214, -55.9471092224, -26.1765899658, -80.2515640259, 1.48891282082, -42.8900337219, 0.504303872585, -15.8195781708, -20.4307575226, -28.6914215088, 130.049972534]],
        "icov": [[0.00171578931622, -0.00263922498561, 0.00157123582903, -0.00108074618038, 0.000736716960091, 0.000981116201729, -0.00129486026708, 0.00234383577481, -0.000304945831886, 0.000142673452501, 0.00135280133691, -0.001132710604, 0.0013466180535], [-0.00263922498561, 0.00922018196434, -0.00430734921247, 0.0050227465108, -0.00557049689814, 0.000930480775423, -0.00130413274746, -0.000577925413381, -0.00383767182939, 0.00364245614037, -0.00566115276888, 0.00407789694145, -0.00238889432512], [0.00157123582903, -0.00430734921247, 0.00355024286546, -0.00235486938618, 0.00247752200812, -1.14501117423e-005, 0.000862985209096, 0.00139709573705, 0.00219419761561, -0.00155831489246, 0.00345959374681, -0.00251083774492, 0.0020369279664], [-0.00108074618038, 0.0050227465108, -0.00235486938618, 0.00474229874089, -0.00450736563653, 0.00244391732849, -0.00296982750297, 0.0023656738922, -0.0033966396004, 0.00204069027677, -0.00153342110571, 0.000233874612604, 0.00077718088869], [0.000736716960091, -0.00557049689814, 0.00247752200812, -0.00450736563653, 0.00947467423975, -0.005057499744, 0.00649393629283, -0.00369168771431, 0.00450768554583, 0.000324960477883, -0.000323441287037, 0.00177152070682, -0.000567363866139], [0.000981116201729, 0.000930480775423, -1.14501117423e-005, 0.00244391732849, -0.005057499744, 0.0100519284606, -0.00835193414241, 0.00628134049475, -0.00172846321948, -0.00195026875008, 0.00689958687872, -0.00725569017231, 0.00599345192313], [-0.00129486026708, -0.00130413274746, 0.000862985209096, -0.00296982750297, 0.00649393629283, -0.00835193414241, 0.0138312773779, -0.00673529272899, 0.00325012137182, 0.00345997652039, -0.0051761358045, 0.00774719845504, -0.00357825076208], [0.00234383577481, -0.000577925413381, 0.00139709573705, 0.0023656738922, -0.00369168771431, 0.00628134049475, -0.00673529272899, 0.0128834368661, -0.00295757921413, -0.000163074204465, 0.00627071410418, -0.00478585064411, 0.00669566495344], [-0.000304945831886, -0.00383767182939, 0.00219419761561, -0.0033966396004, 0.00450768554583, -0.00172846321948, 0.00325012137182, -0.00295757921413, 0.0107542704791, -0.00439321389422, 0.00373857771046, -0.00102303700987, 0.000719361880329], [0.000142673452501, 0.00364245614037, -0.00155831489246, 0.00204069027677, 0.000324960477883, -0.00195026875008, 0.00345997652039, -0.000163074204465, -0.00439321389422, 0.0139772053808, -0.0083186076954, 0.00682816747576, -0.00141839077696], [0.00135280133691, -0.00566115276888, 0.00345959374681, -0.00153342110571, -0.000323441287037, 0.00689958687872, -0.0051761358045, 0.00627071410418, 0.00373857771046, -0.0083186076954, 0.0199495423585, -0.0118642570451, 0.00846037082374], [-0.001132710604, 0.00407789694145, -0.00251083774492, 0.000233874612604, 0.00177152070682, -0.00725569017231, 0.00774719845504, -0.00478585064411, -0.00102303700987, 0.00682816747576, -0.0118642570451, 0.0177212357521, -0.00501951668411], [0.0013466180535, -0.00238889432512, 0.0020369279664, 0.00077718088869, -0.000567363866139, 0.00599345192313, -0.00357825076208, 0.00669566495344, 0.000719361880329, -0.00141839077696, 0.00846037082374, -0.00501951668411, 0.0146776260808]]
    },
    "melbands": {
        "mean": [7.27673104848e-005, 0.000886748312041, 0.000914850796107, 0.00193634978496, 0.00065579789225, 0.000417729461333, 0.000226020725677, 0.000144137258758, 0.000154317938723, 7.88265897427e-005, 7.26646030671e-005, 0.000118429903523, 5.60447515454e-005, 3.82427570003e-005, 3.29752765538e-005, 1.69752147485e-005, 7.685998753e-006, 1.05675462692e-005, 5.64364199818e-006, 3.61778347724e-006, 1.96080191017e-006, 1.56154305841e-006, 2.00897761715e-006, 3.35352865477e-006, 2.70183340945e-006, 1.9708943455e-006, 1.9583771973e-006, 1.70065970906e-006, 1.51054939579e-006, 1.37138408718e-006, 8.63491777636e-007, 8.65901199631e-007, 9.61191744864e-007, 6.67286997214e-007, 9.51233545265e-008, 8.46122227838e-010, 2.37803388092e-010, 2.34121610987e-010, 2.46488801592e-010, 2.42190906219e-010],
        "var": [2.9414719549e-008, 5.04856234329e-006, 4.53022812508e-006, 3.63832441508e-005, 1.30424825784e-006, 8.91052309271e-007, 2.8905830618e-007, 3.60775658237e-007, 3.930482535e-007, 1.42723294516e-007, 7.75568622657e-008, 2.05947401355e-007, 1.84482384924e-008, 6.63550148161e-009, 1.37291316094e-008, 5.91554760732e-009, 3.97421429099e-010, 7.68891172953e-010, 3.36364824882e-010, 2.42016268137e-010, 3.45200638907e-011, 1.82497766898e-011, 5.65906141392e-011, 9.62474058785e-011, 4.83925122197e-011, 4.39028327581e-011, 4.0201581647e-011, 8.21702636489e-011, 9.36384580985e-011, 1.1333523009e-010, 3.40816368183e-011, 2.89948759447e-011, 5.82924056247e-011, 2.27027702193e-011, 3.55835993266e-013, 1.24268592467e-017, 4.49721846239e-020, 2.24088252417e-020, 2.68562231974e-020, 2.87729509263e-020]
    },
    "mfcc": {
        "mean": [-787.691955566, 189.128723145, -20.1249847412, 34.0014724731, -13.568854332, 8.80140399933, 4.94766187668, -5.21805477142, -17.6923999786, -17.6879310608, -7.38731813431, -18.1622028351, 3.48601484299],
        "cov": [[5345.88574219, 1084.9901123, -1298.73693848, 888.595153809, -583.32019043, 336.131347656, 3.53959202766, 0.486251175404, -39.7520370483, 45.1753463745, 134.108718872, -229.970565796, 134.347000122], [1084.9901123, 1122.18164063, -55.5087585449, -233.154708862, 51.3879623413, -147.555236816, 64.830039978, -60.0182037354, -57.2709693909, 29.4667129517, -46.4103164673, -36.0313491821, -33.9316177368], [-1298.73693848, -55.5087585449, 840.100708008, -18.7608070374, 127.648170471, 32.1587753296, -42.7457504272, -3.9013569355, -23.8288021088, -85.3935546875, -61.1341667175, 93.7434844971, 15.1597719193], [888.595153809, -233.154708862, -18.7608070374, 798.031311035, 14.8852062225, 171.027557373, -47.0526428223, 9.08892059326, -37.2826309204, -56.9013595581, 18.2999191284, -22.7544803619, 112.81842804], [-583.32019043, 51.3879623413, 127.648170471, 14.8852062225, 453.036132813, -4.96894311905, 9.39924049377, 22.8941383362, -39.5789909363, -57.9467277527, -49.9174118042, 49.5078010559, 20.4973678589], [336.131347656, -147.555236816, 32.1587753296, 171.027557373, -4.96894311905, 395.713348389, 43.928730011, 60.4947166443, 12.8174381256, -73.5510406494, 19.8862724304, 4.90778636932, 52.8924636841], [3.53959202766, 64.830039978, -42.7457504272, -47.0526428223, 9.39924049377, 43.928730011, 232.464309692, 87.2531814575, -37.0744857788, 12.7499275208, 1.71816158295, -31.3385372162, -26.9548664093], [0.486251175404, -60.0182037354, -3.9013569355, 9.08892059326, 22.8941383362, 60.4947166443, 87.2531814575, 240.539794922, 55.4007492065, -57.660243988, 36.1093444824, 6.65460157394, 7.86941719055], [-39.7520370483, -57.2709693909, -23.8288021088, -37.2826309204, -39.5789909363, 12.8174381256, -37.0744857788, 55.4007492065, 186.623153687, 59.941822052, -20.3772239685, -23.1805438995, -32.2567863464], [45.1753463745, 29.4667129517, -85.3935546875, -56.9013595581, -57.9467277527, -73.5510406494, 12.7499275208, -57.660243988, 59.941822052, 179.620513916, 34.5425453186, -66.5018844604, -42.0492668152], [134.108718872, -46.4103164673, -61.1341667175, 18.2999191284, -49.9174118042, 19.8862724304, 1.71816158295, 36.1093444824, -20.3772239685, 34.5425453186, 156.231414795, 54.0841178894, -9.14115619659], [-229.970565796, -36.0313491821, 93.7434844971, -22.7544803619, 49.5078010559, 4.90778636932, -31.3385372162, 6.65460157394, -23.1805438995, -66.5018844604, 54.0841178894, 172.638305664, 54.4282150269], [134.347000122, -33.9316177368, 15.1597719193, 112.81842804, 20.4973678589, 52.8924636841, -26.9548664093, 7.86941719055, -32.2567863464, -42.0492668152, -9.14115619659, 54.4282150269, 125.297340393]],
        "icov": [[0.144567713141, -0.201011270285, 0.194558277726, -0.182144597173, 0.167860209942, -0.1493742764, 0.129396229982, -0.106982901692, 0.0854601040483, -0.0624200925231, 0.0451015494764, -0.0275131259114, 0.0174663104117], [-0.201011270285, 0.280536592007, -0.270474821329, 0.253546029329, -0.233556076884, 0.208041504025, -0.180362865329, 0.149192392826, -0.118839614093, 0.0871136784554, -0.0628507584333, 0.0386913903058, -0.0246055554599], [0.194558277726, -0.270474821329, 0.263355910778, -0.245215296745, 0.225842788815, -0.201552599669, 0.175014600158, -0.1449868083, 0.116283982992, -0.0851661339402, 0.0627561062574, -0.0389612875879, 0.024823654443], [-0.182144597173, 0.253546029329, -0.245215296745, 0.231334835291, -0.211800470948, 0.188062101603, -0.163236930966, 0.135737836361, -0.108411684632, 0.0801329985261, -0.0585821606219, 0.036785941571, -0.0243159402162], [0.167860209942, -0.233556076884, 0.225842788815, -0.211800470948, 0.197694644332, -0.173862412572, 0.151135519147, -0.126074433327, 0.101322084665, -0.0743179991841, 0.0552900694311, -0.0343401059508, 0.0217273179442], [-0.1493742764, 0.208041504025, -0.201552599669, 0.188062101603, -0.173862412572, 0.158873721957, -0.136941164732, 0.113909222186, -0.0928996875882, 0.0702615827322, -0.0516235232353, 0.0324231758714, -0.0218693371862], [0.129396229982, -0.180362865329, 0.175014600158, -0.163236930966, 0.151135519147, -0.136941164732, 0.12629558146, -0.104800485075, 0.0860594138503, -0.0656131878495, 0.049006357789, -0.0302912313491, 0.0219231508672], [-0.106982901692, 0.149192392826, -0.1449868083, 0.135737836361, -0.126074433327, 0.113909222186, -0.104800485075, 0.0948019623756, -0.0766920000315, 0.061279963702, -0.0473255105317, 0.0303453225642, -0.0213377829641], [0.0854601040483, -0.118839614093, 0.116283982992, -0.108411684632, 0.101322084665, -0.0928996875882, 0.0860594138503, -0.0766920000315, 0.0701296031475, -0.0539712533355, 0.0422681495547, -0.0273425206542, 0.0206042286009], [-0.0624200925231, 0.0871136784554, -0.0851661339402, 0.0801329985261, -0.0743179991841, 0.0702615827322, -0.0656131878495, 0.061279963702, -0.0539712533355, 0.0524556040764, -0.0386129058897, 0.0275752171874, -0.0178806055337], [0.0451015494764, -0.0628507584333, 0.0627561062574, -0.0585821606219, 0.0552900694311, -0.0516235232353, 0.049006357789, -0.0473255105317, 0.0422681495547, -0.0386129058897, 0.0390227250755, -0.0255768913776, 0.0179180111736], [-0.0275131259114, 0.0386913903058, -0.0389612875879, 0.036785941571, -0.0343401059508, 0.0324231758714, -0.0302912313491, 0.0303453225642, -0.0273425206542, 0.0275752171874, -0.0255768913776, 0.0253581404686, -0.0155880479142], [0.0174663104117, -0.0246055554599, 0.024823654443, -0.0243159402162, 0.0217273179442, -0.0218693371862, 0.0219231508672, -0.0213377829641, 0.0206042286009, -0.0178806055337, 0.0179180111736, -0.0155880479142, 0.0205967277288]]
    },
    "spectral_contrast_coeffs": {
        "mean": [-0.541640818119, -0.665335834026, -0.739986360073, -0.771655261517, -0.786424815655, -0.700992107391],
        "var": [0.00772403273731, 0.00942645128816, 0.00481409346685, 0.00297285360284, 0.00259075732902, 0.00694229872897]
    },
    "spectral_contrast_valleys": {
        "mean": [-8.46141815186, -7.9405837059, -8.23210716248, -8.96476745605, -9.07762050629, -13.419713974],
        "var": [1.15744769573, 0.940271139145, 0.943477809429, 0.875157058239, 0.929881691933, 0.147970348597]
    }
},
"metadata": {
    "audio_properties": {
        "analysis_sample_rate": 44100,
        "bit_rate": 128074,
        "equal_loudness": 0,
        "length": 45.0612258911,
        "lossless": 0,
        "replay_gain": -6.36030769348,
        "sample_rate": 44100,
        "codec": "mp3",
        "downmix": "mix",
        "md5_encoded": "184c9057d7860e37f5a8105914474ffa"
    },
    "tags": {
        "file_name": "1448.mp3"
    },
    "version": {
        "essentia": "2.1-beta2",
        "essentia_git_sha": "v2.1_beta2",
        "extractor": "music 1.0"
    }
},
"rhythm": {
    "beats_count": 55,
    "beats_loudness": {
        "mean": 0.0625378191471,
        "var": 0.0028402688913
    },
    "bpm": 73.7673873901,
    "bpm_histogram_first_peak_bpm": {
        "mean": 74,
        "var": 0
    },
    "bpm_histogram_first_peak_spread": {
        "mean": 0.5,
        "var": 0
    },
    "bpm_histogram_first_peak_weight": {
        "mean": 0.5,
        "var": 0
    },
    "bpm_histogram_second_peak_bpm": {
        "mean": 0,
        "var": 0
    },
    "bpm_histogram_second_peak_spread": {
        "mean": 0,
        "var": 0
    },
    "bpm_histogram_second_peak_weight": {
        "mean": 0,
        "var": 0
    },
    "danceability": 1.32131922245,
    "onset_rate": 3.37166810036,
    "beats_loudness_band_ratio": {
        "mean": [0.462914705276, 0.421609699726, 0.121275834739, 0.0800278484821, 0.0133338905871, 0.00975081138313],
        "var": [0.0449964813888, 0.0324254333973, 0.0240348540246, 0.00759435398504, 0.000121119010146, 0.000642965082079]
    },
    "beats_position": [0.812698423862, 1.64861679077, 2.49614500999, 3.35528349876, 4.21442174911, 5.07355976105, 5.92108821869, 6.76861667633, 7.59292507172, 8.40562343597, 9.22993183136, 10.0426301956, 10.8785486221, 11.7028570175, 12.538775444, 13.3746938705, 14.1873922348, 15.0117006302, 15.8360090256, 16.6487064362, 17.4730148315, 18.3089332581, 19.1564617157, 19.9923801422, 20.8166885376, 21.640996933, 22.4536952972, 23.2663936615, 24.0790920258, 24.89179039, 25.681268692, 26.4823570251, 27.2834453583, 28.0961437225, 28.9088420868, 29.7331504822, 30.5458488464, 31.358549118, 32.1596374512, 32.9491157532, 33.7385940552, 34.5280723572, 35.3175506592, 36.118637085, 36.9197273254, 37.7092056274, 38.4986839294, 39.2881622314, 40.0776405334, 40.8555107117, 41.6333770752, 42.4112472534, 43.2123336792, 43.9902038574, 44.7680702209]
},
"tonal": {
    "chords_changes_rate": 0.0442386828363,
    "chords_number_rate": 0.00720164598897,
    "chords_strength": {
        "mean": 0.547542631626,
        "var": 0.0105263087898
    },
    "hpcp_entropy": {
        "mean": 1.7051678896,
        "var": 0.508127212524
    },
    "key_strength": 0.600409388542,
    "tuning_diatonic_strength": 0.607461452484,
    "tuning_equal_tempered_deviation": 0.0492921769619,
    "tuning_frequency": 440.763122559,
    "tuning_nontempered_energy_ratio": 0.697564482689,
    "hpcp": {
        "mean": [0.297877460718, 0.145709291101, 0.0633560195565, 0.0678262636065, 0.0713869035244, 0.178989335895, 0.315763711929, 0.225602969527, 0.0723641589284, 0.032045610249, 0.0292399413884, 0.0437510795891, 0.0645467862487, 0.0785040333867, 0.117272056639, 0.138335138559, 0.0839726403356, 0.0412418134511, 0.0278612617403, 0.0306287407875, 0.10405113548, 0.144452080131, 0.0727282389998, 0.0223498120904, 0.022997206077, 0.0300293825567, 0.131904780865, 0.220108449459, 0.140665173531, 0.0943566560745, 0.16491445899, 0.152073964477, 0.0866806209087, 0.0881402865052, 0.172813504934, 0.306251555681],
        "var": [0.123218230903, 0.0491080991924, 0.0251817572862, 0.03208078444, 0.0308113563806, 0.0533886551857, 0.122771434486, 0.0738087594509, 0.0264152642339, 0.00944799557328, 0.0120423454791, 0.0206812918186, 0.0273913145065, 0.0345055051148, 0.0538810417056, 0.0615380331874, 0.0323396362364, 0.0137778613716, 0.00693109165877, 0.010994807817, 0.0428668670356, 0.0672571882606, 0.0194721743464, 0.00687241181731, 0.010564589873, 0.0123682916164, 0.0567722432315, 0.124172694981, 0.0479661934078, 0.0390220694244, 0.0885412991047, 0.0718775391579, 0.0271113477647, 0.0393100939691, 0.0653231739998, 0.123930893838]
    },
    "chords_histogram": [7.30452680588, 4.83539104462, 19.0329227448, 0.925925910473, 11.6255140305, 0.205761313438, 0, 0, 0, 0, 0.720164597034, 0.205761313438, 0, 0, 0, 0, 0, 0, 0, 0.102880656719, 0, 7.30452680588, 18.2098770142, 29.5267486572],
    "thpcp": [1, 0.714467704296, 0.229171872139, 0.101486042142, 0.0926007032394, 0.138556391001, 0.204414829612, 0.24861638248, 0.371391803026, 0.438097000122, 0.265935063362, 0.130609735847, 0.0882345288992, 0.0969989225268, 0.329522132874, 0.457468897104, 0.230324879289, 0.0707801803946, 0.0728304237127, 0.0951008051634, 0.417732536793, 0.697066962719, 0.445476055145, 0.298820465803, 0.522271752357, 0.481606841087, 0.274511039257, 0.279133677483, 0.547287404537, 0.969875693321, 0.943355560303, 0.461450397968, 0.200643762946, 0.214800685644, 0.226076975465, 0.566845834255],
    "chords_key": "B",
    "chords_scale": "minor",
    "key_key": "D",
    "key_scale": "major"
}
}