{
"lowlevel": {
    "average_loudness": 0.769423961639,
    "barkbands_crest": {
        "mean": 11.940372467,
        "var": 23.2220039368
    },
    "barkbands_flatness_db": {
        "mean": 0.196564421058,
        "var": 0.0070065301843
    },
    "barkbands_kurtosis": {
        "mean": 10.4491415024,
        "var": 387.666870117
    },
    "barkbands_skewness": {
        "mean": 2.00737214088,
        "var": 3.89521789551
    },
    "barkbands_spread": {
        "mean": 23.1689167023,
        "var": 454.047210693
    },
    "dissonance": {
        "mean": 0.445491015911,
        "var": 0.00184949615505
    },
    "dynamic_complexity": 6.03338909149,
    "erbbands_crest": {
        "mean": 10.929933548,
        "var": 29.9022388458
    },
    "erbbands_flatness_db": {
        "mean": 0.197000071406,
        "var": 0.00396171538159
    },
    "erbbands_kurtosis": {
        "mean": 1.84068214893,
        "var": 32.9321899414
    },
    "erbbands_skewness": {
        "mean": 0.144341647625,
        "var": 2.06355285645
    },
    "erbbands_spread": {
        "mean": 42.5553207397,
        "var": 669.837219238
    },
    "hfc": {
        "mean": 15.7674045563,
        "var": 1178.7121582
    },
    "melbands_crest": {
        "mean": 18.4753837585,
        "var": 41.8655586243
    },
    "melbands_flatness_db": {
        "mean": 0.266958236694,
        "var": 0.0118978638202
    },
    "melbands_kurtosis": {
        "mean": 28.6845111847,
        "var": 1986.45239258
    },
    "melbands_skewness": {
        "mean": 3.56171751022,
        "var": 6.78989553452
    },
    "melbands_spread": {
        "mean": 27.1715011597,
        "var": 1201.74560547
    },
    "pitch_salience": {
        "mean": 0.490781754255,
        "var": 0.0216687321663
    },
    "silence_rate_20dB": {
        "mean": 1,
        "var": 0
    },
    "silence_rate_30dB": {
        "mean": 0.994850695133,
        "var": 0.00512284552678
    },
    "silence_rate_60dB": {
        "mean": 0.276519060135,
        "var": 0.200062349439
    },
    "spectral_centroid": {
        "mean": 1329.93566895,
        "var": 1096901.125
    },
    "spectral_complexity": {
        "mean": 10.8928937912,
        "var": 111.949333191
    },
    "spectral_decrease": {
        "mean": -3.73644049034e-009,
        "var": 2.44924308172e-017
    },
    "spectral_energy": {
        "mean": 0.0155323278159,
        "var": 0.000430539454101
    },
    "spectral_energyband_high": {
        "mean": 0.00117867800873,
        "var": 1.45708099808e-005
    },
    "spectral_energyband_low": {
        "mean": 0.00532358605415,
        "var": 7.52747218939e-005
    },
    "spectral_energyband_middle_high": {
        "mean": 0.00222070910968,
        "var": 1.29578111228e-005
    },
    "spectral_energyband_middle_low": {
        "mean": 0.00826874841005,
        "var": 0.000164473007317
    },
    "spectral_entropy": {
        "mean": 7.05812883377,
        "var": 0.647982001305
    },
    "spectral_flux": {
        "mean": 0.0507145710289,
        "var": 0.00212818128057
    },
    "spectral_kurtosis": {
        "mean": 8.40557098389,
        "var": 118.780754089
    },
    "spectral_rms": {
        "mean": 0.00317830056883,
        "var": 5.05189927935e-006
    },
    "spectral_rolloff": {
        "mean": 1785.04394531,
        "var": 4702671.5
    },
    "spectral_skewness": {
        "mean": 1.7168353796,
        "var": 1.2155302763
    },
    "spectral_spread": {
        "mean": 4162535.5,
        "var": 4.92947478938e+012
    },
    "spectral_strongpeak": {
        "mean": 0.733369767666,
        "var": 1.3410102129
    },
    "zerocrossingrate": {
        "mean": 0.0599406734109,
        "var": 0.00294763222337
    },
    "barkbands": {
        "mean": [7.48740103518e-006, 0.00129485072102, 0.00264222663827, 0.00329112098552, 0.00142028322443, 0.000586380017921, 0.000540459936019, 0.000292453478323, 0.00193935702555, 0.000326733541442, 0.000140725722304, 0.000177084948518, 0.00025984965032, 0.000207503559068, 0.000234554710914, 0.000154689507326, 0.000253376201726, 0.00029516799259, 0.000190728489542, 0.000242036592681, 0.000232763777603, 0.00020823990053, 0.000341713079251, 0.000108945052489, 6.98818112141e-005, 7.15709320502e-005, 2.15840486817e-006],
        "var": [3.32102290113e-010, 9.09935079108e-006, 2.6792899007e-005, 4.57161513623e-005, 8.02763224783e-006, 1.03929392026e-006, 3.51422568201e-006, 5.79983691296e-007, 5.73936376895e-005, 1.92999004867e-006, 1.27089961666e-007, 2.52996443351e-007, 4.85974226194e-007, 2.79968986661e-007, 3.26582835442e-007, 1.21333570746e-007, 2.4193039394e-007, 4.13145755829e-007, 2.0086744712e-007, 7.81373728387e-007, 5.37038999937e-007, 4.18006209202e-007, 1.57435488291e-006, 1.95323423213e-007, 7.54007416504e-008, 9.99300482363e-008, 9.90197368544e-011]
    },
    "erbbands": {
        "mean": [0.00800019595772, 0.42896297574, 3.07343745232, 6.5768699646, 9.51423168182, 3.31967544556, 3.28748893738, 4.84718084335, 6.03728675842, 8.71579647064, 10.267416954, 43.0944061279, 27.8165950775, 6.47634506226, 6.36770629883, 7.47475671768, 11.8757762909, 11.0054893494, 11.2859458923, 11.8138608932, 9.4838809967, 13.6410455704, 16.4041633606, 12.6714305878, 9.13275241852, 10.3323450089, 11.7757530212, 7.33925390244, 7.1531291008, 10.7788610458, 8.51631546021, 3.28174734116, 1.54149675369, 0.680259406567, 0.580217778683, 0.364986687899, 0.125678136945, 0.0139431916177, 0.000335940567311, 3.17076228384e-005],
        "var": [0.000228757446166, 0.930491268635, 37.1630554199, 129.21812439, 346.541992188, 35.9092445374, 35.8994827271, 85.6500549316, 184.60736084, 1326.72363281, 866.29864502, 30545.6191406, 16799.3730469, 346.412719727, 234.950393677, 348.407196045, 920.434082031, 657.218139648, 893.367492676, 698.755615234, 347.514923096, 701.440673828, 1343.15344238, 650.787109375, 550.955078125, 1426.10192871, 1669.92907715, 508.771942139, 467.161804199, 1230.68530273, 1107.98388672, 218.545593262, 35.0529747009, 7.05519151688, 5.75057315826, 2.4931845665, 0.338441759348, 0.00409042742103, 2.11101269088e-006, 5.2619064661e-009]
    },
    "gfcc": {
        "mean": [-117.20274353, 106.004638672, -108.217025757, 42.8460426331, -45.7259063721, 6.08499574661, -37.9814300537, -1.79525434971, -21.4433422089, -7.60390901566, -20.5410881042, -4.51526594162, -21.5593986511],
        "cov": [[16571.578125, -2003.8684082, -1767.34790039, 350.525238037, -602.752502441, -221.854446411, -335.222290039, 317.273101807, -344.403167725, 228.720687866, -114.724853516, -69.334564209, -276.456817627], [-2003.8684082, 3936.71362305, -693.669189453, -902.037231445, 1201.64758301, -821.89642334, 119.230979919, -41.8726806641, 384.807739258, -536.968017578, 333.109008789, -423.696960449, 141.848449707], [-1767.34790039, -693.669189453, 1493.40087891, 348.446929932, -245.063186646, 434.325836182, 61.6347961426, -163.578292847, -192.38722229, 176.645645142, -111.453910828, 152.353973389, -14.0269708633], [350.525238037, -902.037231445, 348.446929932, 632.249816895, -167.779724121, 164.736495972, -84.9018630981, -98.3958587646, -121.69291687, 105.832847595, -38.9247550964, 136.491470337, -3.03101634979], [-602.752502441, 1201.64758301, -245.063186646, -167.779724121, 684.754211426, -264.737243652, -31.0394554138, -46.0936279297, 85.7093505859, -145.257675171, 155.975067139, -105.885780334, 35.8537521362], [-221.854446411, -821.89642334, 434.325836182, 164.736495972, -264.737243652, 456.621643066, 141.342758179, -26.7484092712, -93.9079589844, 149.351074219, -72.5829849243, 103.590614319, -45.0632896423], [-335.222290039, 119.230979919, 61.6347961426, -84.9018630981, -31.0394554138, 141.342758179, 455.511932373, 111.926452637, -25.4005279541, -47.9087409973, -74.2162094116, -75.1482009888, 21.2326831818], [317.273101807, -41.8726806641, -163.578292847, -98.3958587646, -46.0936279297, -26.7484092712, 111.926452637, 216.322982788, 63.9251480103, -35.566242218, -68.9017028809, -67.1362609863, 0.553459525108], [-344.403167725, 384.807739258, -192.38722229, -121.69291687, 85.7093505859, -93.9079589844, -25.4005279541, 63.9251480103, 249.551895142, -25.8997592926, 12.7769422531, -82.6617736816, -9.42355823517], [228.720687866, -536.968017578, 176.645645142, 105.832847595, -145.257675171, 149.351074219, -47.9087409973, -35.566242218, -25.8997592926, 229.282196045, -8.48607826233, 55.3951530457, -53.50963974], [-114.724853516, 333.109008789, -111.453910828, -38.9247550964, 155.975067139, -72.5829849243, -74.2162094116, -68.9017028809, 12.7769422531, -8.48607826233, 168.296905518, 17.0899181366, -22.3560371399], [-69.334564209, -423.696960449, 152.353973389, 136.491470337, -105.885780334, 103.590614319, -75.1482009888, -67.1362609863, -82.6617736816, 55.3951530457, 17.0899181366, 187.377700806, 14.047077179], [-276.456817627, 141.848449707, -14.0269708633, -3.03101634979, 35.8537521362, -45.0632896423, 21.2326831818, 0.553459525108, -9.42355823517, -53.50963974, -22.3560371399, 14.047077179, 124.375808716]],
        "icov": [[9.90659245872e-005, -3.16997684422e-005, 0.000181073497515, -0.000114906957606, 7.80971313361e-005, -9.50690537138e-006, 0.000108815518615, -0.000156229114509, 0.000306397530949, -0.000140122472658, 0.000118954361824, 8.89234797796e-005, 0.000204403579119], [-3.16997684422e-005, 0.00246213050559, -0.000789521844126, 0.00184388819616, -0.00173703709152, 0.00206892681308, -0.00142498500645, 0.00211820774712, -0.0020029770676, 0.00210583186708, -0.00233940850012, 0.00172107690014, -0.00129906099755], [0.000181073497515, -0.000789521844126, 0.00167138734832, -0.000950071320403, 0.000498181383591, -0.00141745863948, 0.000579207669944, -0.00013180761016, 0.00137130264193, -0.00105248449836, 0.00168266461696, -0.000425886624726, 0.0007144373958], [-0.000114906957606, 0.00184388819616, -0.000950071320403, 0.00368085294031, -0.00128572958056, 0.0013290195493, -0.000783896830399, 0.00213187257759, -0.00132330623455, 0.00138259737287, -0.00124192016665, 0.000415093003539, -0.0011748271063], [7.80971313361e-005, -0.00173703709152, 0.000498181383591, -0.00128572958056, 0.00394004723057, -0.000660281511955, 0.00080027198419, -0.00098994281143, 0.00123352115043, -0.000802443944849, -0.000556190265343, -1.50708410729e-006, 0.000320690043736], [-9.50690537138e-006, 0.00206892681308, -0.00141745863948, 0.0013290195493, -0.000660281511955, 0.00733683351427, -0.00349771883339, 0.00239752116613, -0.00182899052743, -0.000138092567795, -0.00122322875541, -0.000813368125819, 0.000600854691584], [0.000108815518615, -0.00142498500645, 0.000579207669944, -0.000783896830399, 0.00080027198419, -0.00349771883339, 0.00485368724912, -0.00306030246429, 0.00237974734046, -0.000206248412724, 0.00140153954271, 0.00115111365449, -0.000186200093594], [-0.000156229114509, 0.00211820774712, -0.00013180761016, 0.00213187257759, -0.00098994281143, 0.00239752116613, -0.00306030246429, 0.00995814893395, -0.00350747723132, 0.00211807875894, 0.000944999221247, 0.00151587312575, -0.000449639599537], [0.000306397530949, -0.0020029770676, 0.00137130264193, -0.00132330623455, 0.00123352115043, -0.00182899052743, 0.00237974734046, -0.00350747723132, 0.00792445521802, -0.00238503213041, 0.00185744452756, 0.000758108857553, 0.0015014616074], [-0.000140122472658, 0.00210583186708, -0.00105248449836, 0.00138259737287, -0.000802443944849, -0.000138092567795, -0.000206248412724, 0.00211807875894, -0.00238503213041, 0.00886423978955, -0.00263963104226, 0.00139483972453, 0.000409863045206], [0.000118954361824, -0.00233940850012, 0.00168266461696, -0.00124192016665, -0.000556190265343, -0.00122322875541, 0.00140153954271, 0.000944999221247, 0.00185744452756, -0.00263963104226, 0.013235189952, -0.0043872911483, 0.00444520544261], [8.89234797796e-005, 0.00172107690014, -0.000425886624726, 0.000415093003539, -1.50708410729e-006, -0.000813368125819, 0.00115111365449, 0.00151587312575, 0.000758108857553, 0.00139483972453, -0.0043872911483, 0.0113596180454, -0.00371466088109], [0.000204403579119, -0.00129906099755, 0.0007144373958, -0.0011748271063, 0.000320690043736, 0.000600854691584, -0.000186200093594, -0.000449639599537, 0.0015014616074, 0.000409863045206, 0.00444520544261, -0.00371466088109, 0.0116956662387]]
    },
    "melbands": {
        "mean": [0.000199529895326, 0.00122404808644, 0.00134569045622, 0.000441160605988, 0.000111278510303, 0.000111716304673, 9.85238439171e-005, 8.56445840327e-005, 9.694784967e-005, 0.000295843463391, 0.000131585664349, 2.31315916608e-005, 2.06962722586e-005, 2.03818090085e-005, 2.15861127799e-005, 2.63843194261e-005, 1.96864748432e-005, 1.79586168088e-005, 1.69026006915e-005, 1.24775724544e-005, 1.14948534247e-005, 1.3694188965e-005, 1.61096777447e-005, 1.35106683956e-005, 1.00434644992e-005, 6.4052005655e-006, 7.07978369974e-006, 6.67845279168e-006, 7.8706207205e-006, 6.39759173282e-006, 3.19718651554e-006, 3.43936835634e-006, 5.06999185745e-006, 6.7605201366e-006, 5.48769230591e-006, 3.29879435412e-006, 1.47404477957e-006, 1.14299677989e-006, 7.23821074189e-007, 5.21290019151e-007],
        "var": [1.95208102127e-007, 6.31140574114e-006, 5.59515729037e-006, 6.47374008622e-007, 3.65577541572e-008, 4.27021795701e-008, 6.27354665994e-008, 1.08010617339e-007, 1.03195311851e-007, 1.48481399265e-006, 4.0700447812e-007, 5.36730393463e-009, 2.54267740196e-009, 4.17503365213e-009, 2.60173727007e-009, 6.10920514177e-009, 2.34601427174e-009, 2.62928878669e-009, 1.70656766496e-009, 7.84185993918e-010, 5.84103931889e-010, 7.23441917483e-010, 1.34087330128e-009, 8.72196037616e-010, 4.6360870698e-010, 3.04703817733e-010, 4.78787676172e-010, 7.10464076459e-010, 8.84198381179e-010, 4.46491510431e-010, 9.4929529515e-011, 1.14336345947e-010, 2.66245470115e-010, 5.28874610772e-010, 4.78956208028e-010, 2.81282303005e-010, 3.81628270651e-011, 1.93780044094e-011, 8.348006314e-012, 4.51249064157e-012]
    },
    "mfcc": {
        "mean": [-761.219848633, 128.917648315, 5.88346242905, 36.2875556946, 13.7271661758, 11.7795152664, -6.65838861465, 7.36247110367, -6.06435251236, -1.93937528133, -1.59381306171, -1.16943609715, -2.6781373024],
        "cov": [[16280.0859375, -1324.4921875, -1958.37341309, 272.337493896, -604.281494141, -394.99319458, -233.661239624, -74.9957351685, -355.322265625, 201.625259399, 71.5068969727, 26.2937831879, -238.464660645], [-1324.4921875, 3816.49707031, -1160.1887207, -136.022903442, 611.337646484, -578.461303711, -21.0051746368, 72.3104248047, -1.84843719006, -63.6929168701, 187.528915405, 56.1310806274, -230.206161499], [-1958.37341309, -1160.1887207, 1609.0057373, 14.1851406097, -192.813461304, 486.829772949, 176.164596558, -48.3900566101, 80.4479293823, -8.88023281097, -156.116333008, 25.1660289764, 195.149307251], [272.337493896, -136.022903442, 14.1851406097, 412.0987854, 115.084953308, 36.1513328552, 19.9852371216, -29.6750144958, -19.5016136169, -70.5554885864, -80.798538208, 24.1478424072, 39.3909683228], [-604.281494141, 611.337646484, -192.813461304, 115.084953308, 533.543945313, -50.3312950134, -111.966346741, -79.3074874878, -100.918571472, -143.5884552, 23.6590538025, 79.6299514771, -11.0316390991], [-394.99319458, -578.461303711, 486.829772949, 36.1513328552, -50.3312950134, 410.164215088, 121.097312927, -35.5355148315, -18.2938079834, -15.3233499527, -52.3653945923, 44.8501281738, 131.166122437], [-233.661239624, -21.0051746368, 176.164596558, 19.9852371216, -111.966346741, 121.097312927, 360.94039917, 68.4090499878, 47.3688812256, 26.8775863647, -77.5704879761, 20.4466686249, 50.2852516174], [-74.9957351685, 72.3104248047, -48.3900566101, -29.6750144958, -79.3074874878, -35.5355148315, 68.4090499878, 203.563262939, 84.9585800171, 13.6625003815, 22.6408176422, -20.3825969696, -34.4440612793], [-355.322265625, -1.84843719006, 80.4479293823, -19.5016136169, -100.918571472, -18.2938079834, 47.3688812256, 84.9585800171, 248.571014404, 111.017753601, -23.5802230835, -12.9616889954, -7.00065422058], [201.625259399, -63.6929168701, -8.88023281097, -70.5554885864, -143.5884552, -15.3233499527, 26.8775863647, 13.6625003815, 111.017753601, 230.392364502, 48.5925788879, -34.9474411011, -10.8310432434], [71.5068969727, 187.528915405, -156.116333008, -80.798538208, 23.6590538025, -52.3653945923, -77.5704879761, 22.6408176422, -23.5802230835, 48.5925788879, 218.561843872, 36.5494041443, -75.2314987183], [26.2937831879, 56.1310806274, 25.1660289764, 24.1478424072, 79.6299514771, 44.8501281738, 20.4466686249, -20.3825969696, -12.9616889954, -34.9474411011, 36.5494041443, 141.598602295, 33.4106216431], [-238.464660645, -230.206161499, 195.149307251, 39.3909683228, -11.0316390991, 131.166122437, 50.2852516174, -34.4440612793, -7.00065422058, -10.8310432434, -75.2314987183, 33.4106216431, 173.776947021]],
        "icov": [[0.000106739724288, 6.09116032138e-005, 0.000180747621926, -9.45694191614e-005, 0.000181098293979, -1.49266616063e-005, 6.60917721689e-005, -1.42503267853e-005, 0.000241303045186, -0.000182892792509, 0.000183869604371, -0.000281287735561, 0.000178440430318], [6.09116032138e-005, 0.000554958358407, 0.00028121197829, 0.000227602751693, -0.000557414954528, 0.000501737522427, -0.000449382205261, 1.53410856001e-005, -9.93197754724e-005, -1.49335164679e-005, -0.000138070608955, -0.000105288738268, 0.000125881386339], [0.000180747621926, 0.00028121197829, 0.00146506435703, 5.00112473674e-005, 0.000359806639608, -0.00102585065179, -5.75306112296e-005, 0.000332987256115, -0.000260580796748, 0.000106045328721, 0.000479462032672, -0.00038523497642, 0.00012151660485], [-9.45694191614e-005, 0.000227602751693, 5.00112473674e-005, 0.00312266708352, -0.00106430554297, 6.23783635092e-005, -0.000404248130508, 0.000122742319945, -0.000474828178994, 0.000542530848179, 0.00075293018017, -1.05848876046e-005, -0.000222918883082], [0.000181098293979, -0.000557414954528, 0.000359806639608, -0.00106430554297, 0.00405109021813, -0.000568757997826, 0.00121082202531, 0.000793914718088, 0.000631286180578, 0.00106480927207, 0.000307210197207, -0.00170523510315, 0.000393386813812], [-1.49266616063e-005, 0.000501737522427, -0.00102585065179, 6.23783635092e-005, -0.000568757997826, 0.00536053534597, -0.00149683852214, 0.000343482592143, 0.000396364397602, 0.000176165776793, -0.00105693656951, -0.000270529359113, -0.00217755092308], [6.60917721689e-005, -0.000449382205261, -5.75306112296e-005, -0.000404248130508, 0.00121082202531, -0.00149683852214, 0.00459733232856, -0.00190447142813, 0.00095997704193, -0.0013033754658, 0.00239171669818, -0.00186956708785, 0.000502807088196], [-1.42503267853e-005, 1.53410856001e-005, 0.000332987256115, 0.000122742319945, 0.000793914718088, 0.000343482592143, -0.00190447142813, 0.00771447177976, -0.00342470081523, 0.00278061791323, -0.002438405063, 0.00172072136775, 0.000119189069665], [0.000241303045186, -9.93197754724e-005, -0.000260580796748, -0.000474828178994, 0.000631286180578, 0.000396364397602, 0.00095997704193, -0.00342470081523, 0.00799732655287, -0.00472250767052, 0.00313442340121, -0.00252899411134, 0.00125514366664], [-0.000182892792509, -1.49335164679e-005, 0.000106045328721, 0.000542530848179, 0.00106480927207, 0.000176165776793, -0.0013033754658, 0.00278061791323, -0.00472250767052, 0.00883264746517, -0.00400593969971, 0.00302276038565, -0.00160504493397], [0.000183869604371, -0.000138070608955, 0.000479462032672, 0.00075293018017, 0.000307210197207, -0.00105693656951, 0.00239171669818, -0.002438405063, 0.00313442340121, -0.00400593969971, 0.00943382177502, -0.00478015188128, 0.00388190685771], [-0.000281287735561, -0.000105288738268, -0.00038523497642, -1.05848876046e-005, -0.00170523510315, -0.000270529359113, -0.00186956708785, 0.00172072136775, -0.00252899411134, 0.00302276038565, -0.00478015188128, 0.0113086216152, -0.00326958205551], [0.000178440430318, 0.000125881386339, 0.00012151660485, -0.000222918883082, 0.000393386813812, -0.00217755092308, 0.000502807088196, 0.000119189069665, 0.00125514366664, -0.00160504493397, 0.00388190685771, -0.00326958205551, 0.00988659728318]]
    },
    "spectral_contrast_coeffs": {
        "mean": [-0.593775033951, -0.710149884224, -0.753936111927, -0.760870635509, -0.743082344532, -0.759263932705],
        "var": [0.00624922616407, 0.00634455913678, 0.00803558062762, 0.00543252984062, 0.00804450549185, 0.00259026139975]
    },
    "spectral_contrast_valleys": {
        "mean": [-8.35350799561, -8.14624977112, -8.94601821899, -9.13295555115, -9.14381122589, -11.6180124283],
        "var": [1.48076653481, 1.77290773392, 1.94791269302, 2.09019303322, 2.44051170349, 2.8243906498]
    }
},
"metadata": {
    "audio_properties": {
        "analysis_sample_rate": 44100,
        "bit_rate": 128074,
        "equal_loudness": 0,
        "length": 45.0612258911,
        "lossless": 0,
        "replay_gain": -7.8808631897,
        "sample_rate": 44100,
        "codec": "mp3",
        "downmix": "mix",
        "md5_encoded": "72dd52558bcf236337bb5b6d8894ada9"
    },
    "tags": {
        "file_name": "1449.mp3"
    },
    "version": {
        "essentia": "2.1-beta2",
        "essentia_git_sha": "v2.1_beta2",
        "extractor": "music 1.0"
    }
},
"rhythm": {
    "beats_count": 65,
    "beats_loudness": {
        "mean": 0.0421683043242,
        "var": 0.000754048582166
    },
    "bpm": 88.126739502,
    "bpm_histogram_first_peak_bpm": {
        "mean": 86,
        "var": 0
    },
    "bpm_histogram_first_peak_spread": {
        "mean": 0.470588237047,
        "var": 0
    },
    "bpm_histogram_first_peak_weight": {
        "mean": 0.421875,
        "var": 0
    },
    "bpm_histogram_second_peak_bpm": {
        "mean": 91,
        "var": 0
    },
    "bpm_histogram_second_peak_spread": {
        "mean": 0,
        "var": 0
    },
    "bpm_histogram_second_peak_weight": {
        "mean": 0.203125,
        "var": 0
    },
    "danceability": 1.24366927147,
    "onset_rate": 2.88366365433,
    "beats_loudness_band_ratio": {
        "mean": [0.496981292963, 0.105526342988, 0.121460497379, 0.0771412551403, 0.0818021595478, 0.165239244699],
        "var": [0.0473525598645, 0.00547986058518, 0.0247307326645, 0.00366608868353, 0.00520377140492, 0.0233141444623]
    },
    "beats_position": [0.650158703327, 1.3235373497, 1.99691605568, 2.67029476166, 3.36689329147, 4.07510185242, 4.78331041336, 5.50312900543, 6.19972801208, 6.8963265419, 7.56970500946, 8.26630401611, 8.93968200684, 9.63628101349, 10.3328800201, 11.0294780731, 11.7260770798, 12.4226751328, 13.1192741394, 13.8274831772, 14.5356912613, 15.2322902679, 15.9404983521, 16.6487064362, 17.3336963654, 18.0302944183, 18.7268924713, 19.4118824005, 20.1084804535, 20.8050785065, 21.4900684357, 22.1634464264, 22.8600444794, 23.5450344086, 24.2416324615, 24.9382305145, 25.6116104126, 26.3082084656, 26.9931964874, 27.6897945404, 28.3747844696, 29.0597724915, 29.7447605133, 30.4181404114, 31.079908371, 31.7416782379, 32.4150543213, 33.0884361267, 33.750202179, 34.4351921082, 35.0969619751, 35.7587280273, 36.4204978943, 37.0822677612, 37.755645752, 38.4290237427, 39.1024017334, 39.7989997864, 40.4607696533, 41.1225395203, 41.7843093872, 42.4460754395, 43.1194534302, 43.7812232971, 44.4429931641]
},
"tonal": {
    "chords_changes_rate": 0.113168723881,
    "chords_number_rate": 0.0113168722019,
    "chords_strength": {
        "mean": 0.467264026403,
        "var": 0.00941884052008
    },
    "hpcp_entropy": {
        "mean": 2.03266716003,
        "var": 0.581572294235
    },
    "key_strength": 0.607625365257,
    "tuning_diatonic_strength": 0.529654324055,
    "tuning_equal_tempered_deviation": 0.142688065767,
    "tuning_frequency": 437.213165283,
    "tuning_nontempered_energy_ratio": 0.796968221664,
    "hpcp": {
        "mean": [0.245929777622, 0.192840382457, 0.0779056996107, 0.0510216169059, 0.0509536042809, 0.0627134218812, 0.0955932214856, 0.0919892638922, 0.0524099171162, 0.0352881066501, 0.0362379588187, 0.0418183282018, 0.0492809712887, 0.0543617159128, 0.0778002887964, 0.136326134205, 0.143848314881, 0.09478276968, 0.0659452453256, 0.0635393634439, 0.172476172447, 0.349616825581, 0.302120387554, 0.152684032917, 0.116209387779, 0.109632879496, 0.107405312359, 0.105777159333, 0.0999514013529, 0.128967881203, 0.19523447752, 0.174179658294, 0.0995934084058, 0.0665919706225, 0.0738728642464, 0.150637075305],
        "var": [0.12866461277, 0.0890587717295, 0.0257938504219, 0.0162614863366, 0.0173257514834, 0.0173808783293, 0.0303215514868, 0.0291823633015, 0.0125649217516, 0.00937488861382, 0.0116343880072, 0.0143520897254, 0.0145323025063, 0.0176004897803, 0.0233668759465, 0.057089343667, 0.0560634210706, 0.0286067649722, 0.0197651311755, 0.0214292481542, 0.0562619008124, 0.164417073131, 0.108838498592, 0.056586433202, 0.054443269968, 0.0525706633925, 0.0504650436342, 0.0492787994444, 0.0451883226633, 0.0534679368138, 0.105344720185, 0.0807471349835, 0.0400022119284, 0.0257311239839, 0.0308211613446, 0.064787119627]
    },
    "chords_histogram": [8.12757205963, 9.87654304504, 23.148147583, 6.37860059738, 1.44032919407, 7.71604919434, 0, 29.0123462677, 0.308641970158, 1.85185182095, 0, 0.308641970158, 0.205761313438, 0, 0, 0.308641970158, 0.411522626877, 0, 0, 0, 1.13168728352, 0, 8.74485588074, 1.02880656719],
    "thpcp": [1, 0.864147186279, 0.436718195677, 0.332390725613, 0.313580095768, 0.307208657265, 0.302551686764, 0.285888403654, 0.368883520365, 0.558424174786, 0.498201578856, 0.284864455462, 0.190471291542, 0.211296647787, 0.43086335063, 0.703426599503, 0.551576375961, 0.22283166647, 0.145935818553, 0.145741283894, 0.179377585649, 0.273422837257, 0.263114511967, 0.149906739593, 0.100933663547, 0.103650502861, 0.119611889124, 0.140957087278, 0.15548941493, 0.222530156374, 0.389930129051, 0.411445617676, 0.271104723215, 0.188621491194, 0.181740000844, 0.493329167366],
    "chords_key": "A",
    "chords_scale": "major",
    "key_key": "A",
    "key_scale": "minor"
}
}