{
"lowlevel": {
    "average_loudness": 0.610176861286,
    "barkbands_crest": {
        "mean": 14.2202272415,
        "var": 26.1715717316
    },
    "barkbands_flatness_db": {
        "mean": 0.34770154953,
        "var": 0.00401117186993
    },
    "barkbands_kurtosis": {
        "mean": 8.15752220154,
        "var": 207.112335205
    },
    "barkbands_skewness": {
        "mean": 1.5407102108,
        "var": 2.95416235924
    },
    "barkbands_spread": {
        "mean": 5.49587631226,
        "var": 29.1746501923
    },
    "dissonance": {
        "mean": 0.357176363468,
        "var": 0.0070080193691
    },
    "dynamic_complexity": 4.52345085144,
    "erbbands_crest": {
        "mean": 15.2335891724,
        "var": 30.1547889709
    },
    "erbbands_flatness_db": {
        "mean": 0.369068443775,
        "var": 0.00300569087267
    },
    "erbbands_kurtosis": {
        "mean": 3.48489046097,
        "var": 36.0859451294
    },
    "erbbands_skewness": {
        "mean": 0.908899247646,
        "var": 1.71050238609
    },
    "erbbands_spread": {
        "mean": 12.4698524475,
        "var": 77.8828659058
    },
    "hfc": {
        "mean": 11.9438695908,
        "var": 144.699951172
    },
    "melbands_crest": {
        "mean": 16.5898323059,
        "var": 34.6653060913
    },
    "melbands_flatness_db": {
        "mean": 0.425866365433,
        "var": 0.00596538837999
    },
    "melbands_kurtosis": {
        "mean": 10.0836057663,
        "var": 246.16519165
    },
    "melbands_skewness": {
        "mean": 1.81514203548,
        "var": 2.63674521446
    },
    "melbands_spread": {
        "mean": 7.85445737839,
        "var": 59.1388168335
    },
    "pitch_salience": {
        "mean": 0.49358227849,
        "var": 0.0206917673349
    },
    "silence_rate_20dB": {
        "mean": 1,
        "var": 0
    },
    "silence_rate_30dB": {
        "mean": 1,
        "var": 0
    },
    "silence_rate_60dB": {
        "mean": 0.153371080756,
        "var": 0.129851773381
    },
    "spectral_centroid": {
        "mean": 586.159790039,
        "var": 220309.5
    },
    "spectral_complexity": {
        "mean": 8.65259933472,
        "var": 17.2467575073
    },
    "spectral_decrease": {
        "mean": -5.2535353845e-009,
        "var": 2.08893925419e-017
    },
    "spectral_energy": {
        "mean": 0.0209113936871,
        "var": 0.000332430674462
    },
    "spectral_energyband_high": {
        "mean": 2.06207860174e-005,
        "var": 4.76439403485e-008
    },
    "spectral_energyband_low": {
        "mean": 0.00050590140745,
        "var": 1.30907346829e-006
    },
    "spectral_energyband_middle_high": {
        "mean": 0.0049988552928,
        "var": 5.64507754461e-005
    },
    "spectral_energyband_middle_low": {
        "mean": 0.015732197091,
        "var": 0.000213322535274
    },
    "spectral_entropy": {
        "mean": 5.45324659348,
        "var": 0.287422478199
    },
    "spectral_flux": {
        "mean": 0.0293682590127,
        "var": 0.00054049276514
    },
    "spectral_kurtosis": {
        "mean": 72.5646820068,
        "var": 3200.53173828
    },
    "spectral_rms": {
        "mean": 0.00402777455747,
        "var": 4.17836872657e-006
    },
    "spectral_rolloff": {
        "mean": 799.951965332,
        "var": 1138930.75
    },
    "spectral_skewness": {
        "mean": 5.91488838196,
        "var": 6.45603275299
    },
    "spectral_spread": {
        "mean": 1419724.75,
        "var": 3.05330074419e+012
    },
    "spectral_strongpeak": {
        "mean": 1.865863204,
        "var": 3.28213715553
    },
    "zerocrossingrate": {
        "mean": 0.0297401733696,
        "var": 0.000700206961483
    },
    "barkbands": {
        "mean": [2.42689930019e-005, 4.71934617963e-006, 0.000145249825437, 0.000604533648584, 0.00296028167941, 0.00501820724458, 0.00485197640955, 0.00127349968534, 0.000997263239697, 0.000932467228267, 0.000558884290513, 0.00306053017266, 0.000163910837728, 6.05862878729e-005, 0.000111219880637, 2.84904144792e-005, 3.70969864889e-005, 3.70976231352e-005, 1.63419881574e-005, 5.22517711943e-006, 8.9908036216e-007, 3.97852204514e-007, 1.36737207868e-006, 8.95132143341e-006, 7.03896375853e-006, 9.06090576791e-007, 7.26574000964e-009],
        "var": [2.44640174785e-009, 5.65476276915e-011, 1.47644371395e-007, 9.63089064498e-007, 2.59642529272e-005, 5.93774893787e-005, 4.43087701569e-005, 7.11874372428e-006, 4.99789894093e-006, 6.29007035968e-006, 6.44004740025e-006, 4.59625516669e-005, 1.17094238306e-007, 6.36322150527e-009, 4.82097384236e-008, 6.51988241174e-009, 4.70081484849e-009, 1.03595354517e-008, 2.06532724256e-009, 4.79668971209e-010, 5.60353881351e-011, 1.152518532e-011, 4.43355213653e-010, 2.83519394628e-008, 1.39357112516e-008, 9.97422422433e-011, 5.09754126185e-015]
    },
    "erbbands": {
        "mean": [0.000165680248756, 0.00264290277846, 0.102324835956, 1.36109566689, 3.1371743679, 11.9373178482, 28.9287452698, 45.2743797302, 61.1196632385, 50.4631576538, 29.4171161652, 20.4811286926, 20.6964817047, 33.6151275635, 64.9414672852, 89.9937286377, 10.1509075165, 4.4427075386, 4.57158517838, 3.3251106739, 1.94815826416, 2.37184047699, 2.4102628231, 1.13340711594, 0.518193185329, 0.126284062862, 0.05779222399, 0.0323890447617, 0.0171533282846, 0.0556126572192, 0.0429323874414, 0.338022768497, 0.0541936680675, 0.122839033604, 0.0172810722142, 0.00630044424906, 0.000559682841413, 3.15150027745e-005, 1.18322150229e-005, 2.39675136982e-005],
        "var": [3.3182146808e-008, 1.53650053107e-005, 0.0602359808981, 6.6601805687, 17.871799469, 489.549285889, 1618.17651367, 4579.44482422, 5806.91601563, 6985.36865234, 2819.12011719, 1251.7557373, 3140.22998047, 7416.43212891, 16295.5498047, 43963.40625, 309.882141113, 33.2472496033, 80.2904434204, 29.5641269684, 28.5706863403, 21.4880752563, 35.0595245361, 10.1303777695, 2.13286447525, 0.168095603585, 0.116711303592, 0.191944643855, 0.0115245217457, 1.34018540382, 0.228336364031, 41.6179771423, 0.549983263016, 5.03789281845, 0.0232225824147, 0.0038421342615, 4.56038105767e-005, 4.08576354971e-008, 1.79543074852e-010, 4.4301176616e-010]
    },
    "gfcc": {
        "mean": [-184.229049683, 190.719589233, -140.53225708, -45.9916419983, -56.2622032166, -34.8899345398, -56.5501327515, -20.1157341003, -23.0625038147, -18.2613296509, 3.72755718231, -7.88708782196, -6.26157855988],
        "cov": [[9736.63574219, -607.976135254, -2157.93237305, 285.962219238, -633.359619141, 29.3014068604, 300.338226318, -16.5082969666, -543.73223877, -233.399139404, 53.0497093201, -201.727096558, -8.25212669373], [-607.976135254, 1404.07373047, 432.942932129, -289.843841553, 95.6052017212, -223.659194946, 146.693222046, -104.837356567, 156.307113647, -227.305740356, -85.2877426147, -189.950546265, 186.766693115], [-2157.93237305, 432.942932129, 1436.05664063, 24.5863170624, 87.4819946289, 79.1840515137, -176.94569397, 125.412391663, 171.439056396, -33.5695533752, -291.329956055, 14.9547147751, 69.695930481], [285.962219238, -289.843841553, 24.5863170624, 463.821868896, 124.484268188, 76.9245071411, -95.1891708374, -10.1653823853, -17.2262916565, 58.4073829651, -21.8390445709, -9.32245635986, -16.8840560913], [-633.359619141, 95.6052017212, 87.4819946289, 124.484268188, 325.31854248, -78.8181228638, -112.968818665, -44.9885368347, 35.4297904968, 65.4077453613, 8.8633852005, 76.3257675171, -53.8646354675], [29.3014068604, -223.659194946, 79.1840515137, 76.9245071411, -78.8181228638, 304.241851807, -33.9894447327, -5.97097158432, -28.7251968384, 52.7856330872, -31.4254589081, -65.8472442627, 48.9394836426], [300.338226318, 146.693222046, -176.94569397, -95.1891708374, -112.968818665, -33.9894447327, 334.180267334, 5.6721906662, -91.0980453491, -117.2918396, 35.9503746033, -63.4241409302, -20.0944252014], [-16.5082969666, -104.837356567, 125.412391663, -10.1653823853, -44.9885368347, -5.97097158432, 5.6721906662, 260.050354004, 6.53739070892, -43.7531471252, -112.176902771, 36.8298339844, -10.5281953812], [-543.73223877, 156.307113647, 171.439056396, -17.2262916565, 35.4297904968, -28.7251968384, -91.0980453491, 6.53739070892, 184.52331543, 13.162607193, -52.5023193359, -4.54030704498, 35.3397865295], [-233.399139404, -227.305740356, -33.5695533752, 58.4073829651, 65.4077453613, 52.7856330872, -117.2918396, -43.7531471252, 13.162607193, 221.492080688, 6.42897033691, 1.67935168743, -2.2777557373], [53.0497093201, -85.2877426147, -291.329956055, -21.8390445709, 8.8633852005, -31.4254589081, 35.9503746033, -112.176902771, -52.5023193359, 6.42897033691, 230.722213745, 19.9331645966, -68.1393280029], [-201.727096558, -189.950546265, 14.9547147751, -9.32245635986, 76.3257675171, -65.8472442627, -63.4241409302, 36.8298339844, -4.54030704498, 1.67935168743, 19.9331645966, 202.080612183, -87.3699035645], [-8.25212669373, 186.766693115, 69.695930481, -16.8840560913, -53.8646354675, 48.9394836426, -20.0944252014, -10.5281953812, 35.3397865295, -2.2777557373, -68.1393280029, -87.3699035645, 228.576248169]],
        "icov": [[0.000355046213372, -0.000501383154187, 0.000755347427912, -0.000649040855933, 0.00110290152952, -5.54575381102e-005, 0.000662466802169, 3.83488695661e-005, 0.000954946444836, 0.000116239891213, 0.000871090858709, -0.000296019745292, 0.000476055807667], [-0.000501383154187, 0.00458593340591, -0.00208651390858, 0.00328257097863, -0.00475920503959, 0.00221678963862, -0.00192662479822, 0.00178126641549, -0.00270944880322, 0.00332580902614, -0.000731043575797, 0.00457091117278, -0.00258872378618], [0.000755347427912, -0.00208651390858, 0.00297947134823, -0.00183410244063, 0.00280548771843, -0.00111719407141, 0.00204179785214, -0.000361076439731, 0.00184940046165, -0.000127724881168, 0.00296094501391, -0.00175404991023, 0.0016763615422], [-0.000649040855933, 0.00328257097863, -0.00183410244063, 0.00547354714945, -0.00530246132985, 0.000544829992577, -0.00110007007606, 0.000931445334572, -0.00193324545398, 0.00209458079189, -0.000844184251036, 0.00380463572219, -0.00163964310195], [0.00110290152952, -0.00475920503959, 0.00280548771843, -0.00530246132985, 0.0111346105114, -0.000271809607511, 0.00355025823228, -0.000297992344713, 0.00386183732189, -0.00352042610757, 0.0023921886459, -0.00549551891163, 0.00364226452075], [-5.54575381102e-005, 0.00221678963862, -0.00111719407141, 0.000544829992577, -0.000271809607511, 0.00589675270021, 1.73576711404e-006, 0.00123678776436, 0.000341463164659, 0.000756858906243, 0.000241832691245, 0.00330208032392, -0.00141287117731], [0.000662466802169, -0.00192662479822, 0.00204179785214, -0.00110007007606, 0.00355025823228, 1.73576711404e-006, 0.00701862387359, -0.000317893631291, 0.00433357339352, 0.0016356902197, 0.00183719792403, 0.000520217232406, 0.00242575141601], [3.83488695661e-005, 0.00178126641549, -0.000361076439731, 0.000931445334572, -0.000297992344713, 0.00123678776436, -0.000317893631291, 0.00661883922294, -0.000265617913101, 0.00240856851451, 0.00355711905286, 0.000629042158835, 3.26234949171e-005], [0.000954946444836, -0.00270944880322, 0.00184940046165, -0.00193324545398, 0.00386183732189, 0.000341463164659, 0.00433357339352, -0.000265617913101, 0.0106731345877, -0.00066118047107, 0.00303077511489, -0.00113800435793, 0.00155905692372], [0.000116239891213, 0.00332580902614, -0.000127724881168, 0.00209458079189, -0.00352042610757, 0.000756858906243, 0.0016356902197, 0.00240856851451, -0.00066118047107, 0.00963814090937, 0.00130144879222, 0.0043380507268, -0.00101213750895], [0.000871090858709, -0.000731043575797, 0.00296094501391, -0.000844184251036, 0.0023921886459, 0.000241832691245, 0.00183719792403, 0.00355711905286, 0.00303077511489, 0.00130144879222, 0.0104776425287, -0.000692805682775, 0.00290387612768], [-0.000296019745292, 0.00457091117278, -0.00175404991023, 0.00380463572219, -0.00549551891163, 0.00330208032392, 0.000520217232406, 0.000629042158835, -0.00113800435793, 0.0043380507268, -0.000692805682775, 0.0124199157581, -9.69990069279e-005], [0.000476055807667, -0.00258872378618, 0.0016763615422, -0.00163964310195, 0.00364226452075, -0.00141287117731, 0.00242575141601, 3.26234949171e-005, 0.00155905692372, -0.00101213750895, 0.00290387612768, -9.69990069279e-005, 0.00782806426287]]
    },
    "melbands": {
        "mean": [2.07922403206e-006, 3.37472374667e-005, 0.000252203026321, 0.000502260692883, 0.00095674325712, 0.00100741768256, 0.000962961290497, 0.000501173723023, 0.000218855231651, 0.000124829064589, 0.000106637344288, 0.000140425472637, 0.000139679672429, 0.000448600767413, 2.88358878606e-005, 1.95893098862e-005, 5.57735074835e-006, 5.65152777199e-006, 1.01969244497e-005, 1.34861966217e-006, 2.18481591219e-006, 2.12230725083e-006, 2.84000225292e-006, 1.46288118685e-006, 8.9377903123e-007, 5.32646708962e-007, 2.68689888117e-007, 3.92835595164e-008, 4.99836403378e-008, 9.95277638083e-009, 2.18104805327e-008, 8.2746005603e-009, 1.43011709142e-008, 3.13189012502e-008, 1.96393337148e-008, 4.88361884265e-008, 2.6524145369e-007, 3.44222517157e-009, 8.89029649898e-008, 9.75048237706e-008],
        "var": [7.14672028154e-012, 7.46786366079e-009, 1.44956970871e-007, 7.76582396611e-007, 1.68142241819e-006, 2.24261134463e-006, 1.46846161897e-006, 7.33036188194e-007, 1.41165259038e-007, 6.87102925667e-008, 9.07054484856e-008, 1.3801160037e-007, 1.68722891658e-007, 1.05678009277e-006, 4.33750502182e-009, 2.2022177415e-009, 5.84255213654e-011, 1.44739845109e-010, 3.58777452192e-010, 1.07625731244e-011, 4.67643285207e-011, 2.32391172278e-011, 5.57245326271e-011, 1.48187902921e-011, 7.61905816216e-012, 1.52328963245e-012, 1.39387449066e-012, 1.92043765195e-014, 1.33412337709e-013, 1.47898961788e-015, 1.3190529669e-013, 9.30056787404e-016, 6.90425432212e-014, 4.76618798682e-013, 1.05231185636e-013, 7.66566118308e-013, 2.60635783789e-011, 1.73956437515e-015, 3.8139829836e-012, 2.60537099707e-012]
    },
    "mfcc": {
        "mean": [-820.13494873, 219.342605591, -17.2375106812, -17.1676959991, -6.89866876602, -28.5032138824, -22.2262420654, -19.2526931763, -28.0746631622, -21.2338294983, -9.56374645233, -0.969721019268, -0.995015799999],
        "cov": [[5122.99560547, 1302.28540039, -1985.20593262, -101.948013306, -364.352996826, -496.626953125, 363.841156006, 187.099838257, -207.661590576, 26.5239467621, -85.0043640137, -271.450317383, -221.734588623], [1302.28540039, 1095.03125, -166.470901489, -149.763595581, -108.305519104, -211.151901245, 19.0372562408, 113.049507141, 91.6548233032, 2.33661770821, -86.1442565918, -229.373947144, -193.431243896], [-1985.20593262, -166.470901489, 1517.08569336, 68.1772766113, 20.2862510681, 177.995697021, -160.04838562, -13.675696373, 332.576385498, 96.8927078247, -75.1239852905, -36.4354286194, -90.6984100342], [-101.948013306, -149.763595581, 68.1772766113, 394.668945313, 164.705429077, 40.5463829041, 22.7625598907, -15.5098371506, 1.04755997658, 0.432202160358, 13.1219463348, 33.6137161255, -32.078453064], [-364.352996826, -108.305519104, 20.2862510681, 164.705429077, 445.440338135, 144.876693726, -133.180831909, -105.200935364, -29.6485309601, -83.5919876099, -15.3385190964, 114.726730347, 33.5271835327], [-496.626953125, -211.151901245, 177.995697021, 40.5463829041, 144.876693726, 245.765319824, -20.6781387329, -130.926712036, 34.7849464417, 43.5684585571, -44.6216201782, 56.1744232178, 37.9652252197], [363.841156006, 19.0372562408, -160.04838562, 22.7625598907, -133.180831909, -20.6781387329, 219.596221924, 37.3972625732, -63.32579422, 29.4777431488, 18.2055473328, -53.5430450439, 8.09983253479], [187.099838257, 113.049507141, -13.675696373, -15.5098371506, -105.200935364, -130.926712036, 37.3972625732, 266.217956543, -7.31225061417, -55.5590591431, 39.2346916199, -42.5918159485, -12.3672189713], [-207.661590576, 91.6548233032, 332.576385498, 1.04755997658, -29.6485309601, 34.7849464417, -63.32579422, -7.31225061417, 338.4581604, 121.731880188, -97.0115432739, -50.3375015259, -93.9733505249], [26.5239467621, 2.33661770821, 96.8927078247, 0.432202160358, -83.5919876099, 43.5684585571, 29.4777431488, -55.5590591431, 121.731880188, 183.240356445, -48.6695098877, -37.5876541138, -60.7812957764], [-85.0043640137, -86.1442565918, -75.1239852905, 13.1219463348, -15.3385190964, -44.6216201782, 18.2055473328, 39.2346916199, -97.0115432739, -48.6695098877, 168.821868896, 11.9636487961, 51.7302513123], [-271.450317383, -229.373947144, -36.4354286194, 33.6137161255, 114.726730347, 56.1744232178, -53.5430450439, -42.5918159485, -50.3375015259, -37.5876541138, 11.9636487961, 187.811859131, 71.6123504639], [-221.734588623, -193.431243896, -90.6984100342, -32.078453064, 33.5271835327, 37.9652252197, 8.09983253479, -12.3672189713, -93.9733505249, -60.7812957764, 51.7302513123, 71.6123504639, 190.487686157]],
        "icov": [[0.000965266372077, -0.000791176629718, 0.00121127301827, -0.000433674664237, 0.000439711351646, 0.000208061363082, -0.000337447185302, -9.6862873761e-005, -4.78067886434e-005, -0.000258190120803, 0.000569293333683, 2.23771439778e-005, 0.000444121571491], [-0.000791176629718, 0.00254041049629, -0.000815168896224, 0.00121558015235, -0.0012588405516, 0.0011814389145, -5.27937918378e-005, -4.24786703661e-005, -0.000243465634412, 0.000498304318171, 0.000298132566968, 0.00169123476371, 0.000782987801358], [0.00121127301827, -0.000815168896224, 0.00260822405107, -0.000842313282192, 0.00109802884981, -0.000882285588887, 0.000478890084196, -0.000467676232802, -0.000885319139343, 6.79453805787e-005, 0.000552576151676, 0.000439669616753, 0.000883657950908], [-0.000433674664237, 0.00121558015235, -0.000842313282192, 0.00436141574755, -0.00297635630704, 0.00132921338081, -0.00205969111994, -0.000176458474016, -0.000195750326384, -0.000505838776007, -0.000622463820037, 0.000109655826236, 0.00126787181944], [0.000439711351646, -0.0012588405516, 0.00109802884981, -0.00297635630704, 0.0066974433139, -0.00397036783397, 0.00331198726781, 0.000669645960443, 5.12402039021e-005, 0.00283921975642, 0.000239540153416, -0.00146903714631, 0.000188745500054], [0.000208061363082, 0.0011814389145, -0.000882285588887, 0.00132921338081, -0.00397036783397, 0.0102519923821, -0.00283229956403, 0.00245437934063, -9.92530112853e-005, -0.00241819955409, 0.00190945714712, 0.000294247322017, -0.00126878032461], [-0.000337447185302, -5.27937918378e-005, 0.000478890084196, -0.00205969111994, 0.00331198726781, -0.00283229956403, 0.00871231779456, -0.00108053337317, 0.00184100796469, -0.000968558713794, 2.55738359556e-005, 0.00167484814301, -0.00106171879452], [-9.6862873761e-005, -4.24786703661e-005, -0.000467676232802, -0.000176458474016, 0.000669645960443, 0.00245437934063, -0.00108053337317, 0.00598724000156, -0.000925619213376, 0.00237911543809, -0.000646680651698, -4.21476688643e-005, -8.66926420713e-005], [-4.78067886434e-005, -0.000243465634412, -0.000885319139343, -0.000195750326384, 5.12402039021e-005, -9.92530112853e-005, 0.00184100796469, -0.000925619213376, 0.00613725744188, -0.00340895494446, 0.00186702492647, 0.000519429508131, 0.000352668692358], [-0.000258190120803, 0.000498304318171, 6.79453805787e-005, -0.000505838776007, 0.00283921975642, -0.00241819955409, -0.000968558713794, 0.00237911543809, -0.00340895494446, 0.0112012950704, -4.69750593766e-005, 8.18050393718e-005, 0.00220491248183], [0.000569293333683, 0.000298132566968, 0.000552576151676, -0.000622463820037, 0.000239540153416, 0.00190945714712, 2.55738359556e-005, -0.000646680651698, 0.00186702492647, -4.69750593766e-005, 0.0086730774492, 0.00092101568589, -0.00113760505337], [2.23771439778e-005, 0.00169123476371, 0.000439669616753, 0.000109655826236, -0.00146903714631, 0.000294247322017, 0.00167484814301, -4.21476688643e-005, 0.000519429508131, 8.18050393718e-005, 0.00092101568589, 0.009397322312, -0.00140342593659], [0.000444121571491, 0.000782987801358, 0.000883657950908, 0.00126787181944, 0.000188745500054, -0.00126878032461, -0.00106171879452, -8.66926420713e-005, 0.000352668692358, 0.00220491248183, -0.00113760505337, -0.00140342593659, 0.00916924513876]]
    },
    "spectral_contrast_coeffs": {
        "mean": [-0.451860904694, -0.583392858505, -0.66802239418, -0.698741793633, -0.69760286808, -0.817324638367],
        "var": [0.00871139578521, 0.0113651752472, 0.00915330834687, 0.00473730731755, 0.00395694980398, 0.00237893685699]
    },
    "spectral_contrast_valleys": {
        "mean": [-10.3711194992, -7.43560314178, -8.65457248688, -9.96976661682, -11.166636467, -13.8633794785],
        "var": [1.5598180294, 2.59367179871, 2.43943476677, 1.43792510033, 1.42768776417, 1.14168477058]
    }
},
"metadata": {
    "audio_properties": {
        "analysis_sample_rate": 44100,
        "bit_rate": 95925,
        "equal_loudness": 0,
        "length": 45.0873451233,
        "lossless": 0,
        "replay_gain": -5.04363059998,
        "sample_rate": 44100,
        "codec": "mp3",
        "downmix": "mix",
        "md5_encoded": "03e8d5c0aff001213b7e3366d73c6988"
    },
    "tags": {
        "file_name": "145.mp3"
    },
    "version": {
        "essentia": "2.1-beta2",
        "essentia_git_sha": "v2.1_beta2",
        "extractor": "music 1.0"
    }
},
"rhythm": {
    "beats_count": 132,
    "beats_loudness": {
        "mean": 0.0223380904645,
        "var": 0.000341427599778
    },
    "bpm": 178.2059021,
    "bpm_histogram_first_peak_bpm": {
        "mean": 178,
        "var": 0
    },
    "bpm_histogram_first_peak_spread": {
        "mean": 0,
        "var": 0
    },
    "bpm_histogram_first_peak_weight": {
        "mean": 0.389312982559,
        "var": 0
    },
    "bpm_histogram_second_peak_bpm": {
        "mean": 172,
        "var": 0
    },
    "bpm_histogram_second_peak_spread": {
        "mean": 0,
        "var": 0
    },
    "bpm_histogram_second_peak_weight": {
        "mean": 0.221374049783,
        "var": 0
    },
    "danceability": 0.807153761387,
    "onset_rate": 2.15054893494,
    "beats_loudness_band_ratio": {
        "mean": [0.0634053573012, 0.465949088335, 0.31887537241, 0.164821326733, 0.019088530913, 0.00412638299167],
        "var": [0.00561708910391, 0.0691894069314, 0.0564360693097, 0.0492564849555, 0.00252597406507, 0.000296655925922]
    },
    "beats_position": [0.359909296036, 0.719818592072, 1.06811785698, 1.4164172411, 1.78793644905, 2.15945577621, 2.55419492722, 2.92571425438, 3.27401351929, 3.63392281532, 3.99383211136, 4.3653512001, 4.73687076569, 5.10838985443, 5.47990942001, 5.83981847763, 6.17650794983, 6.51319694519, 6.84988641739, 7.18657588959, 7.53487491608, 7.89478445053, 8.24308395386, 8.59138298035, 8.93968200684, 9.29959201813, 9.65950107574, 10.0078001022, 10.3677091599, 10.7276191711, 11.0643081665, 11.412607193, 11.7609071732, 12.0975961685, 12.4226751328, 12.7593650818, 13.0960540771, 13.4327430725, 13.7694330215, 14.1061220169, 14.4428119659, 14.7678909302, 15.0929698944, 15.4180498123, 15.7547388077, 16.0914287567, 16.4165077209, 16.7531967163, 17.0898857117, 17.426574707, 17.7632656097, 18.088344574, 18.4250335693, 18.7617225647, 19.0868015289, 19.4118824005, 19.7485713959, 20.0852603912, 20.4219493866, 20.758638382, 21.0953292847, 21.43201828, 21.7687072754, 22.1053962708, 22.430475235, 22.7555541992, 23.0922451019, 23.4289340973, 23.7540130615, 24.0907020569, 24.4157810211, 24.7524719238, 25.0775508881, 25.4258499146, 25.7625389099, 26.0992279053, 26.4243087769, 26.7726078033, 27.1209068298, 27.4692058563, 27.8175048828, 28.1658039093, 28.5141029358, 28.8624038696, 29.2107028961, 29.5706119537, 29.9305210114, 30.2788200378, 30.6271190643, 30.9754180908, 31.3237190247, 31.6720180511, 32.0203170776, 32.3802261353, 32.7401351929, 33.0884361267, 33.4367332458, 33.7850341797, 34.121723175, 34.4468002319, 34.7718811035, 35.1085700989, 35.4336509705, 35.7703399658, 36.1070289612, 36.4437179565, 36.7804069519, 37.1054878235, 37.4421768188, 37.7788658142, 38.1039466858, 38.4290237427, 38.7773246765, 39.1140136719, 39.4507026672, 39.7757797241, 40.1008605957, 40.4259414673, 40.7626304626, 41.099319458, 41.4360084534, 41.7726974487, 42.0977783203, 42.4344673157, 42.771156311, 43.0962333679, 43.4213142395, 43.7463951111, 44.071472168, 44.3965530396, 44.7332420349, 45.046710968]
},
"tonal": {
    "chords_changes_rate": 0.0432098768651,
    "chords_number_rate": 0.0123456791043,
    "chords_strength": {
        "mean": 0.480779200792,
        "var": 0.0127549795434
    },
    "hpcp_entropy": {
        "mean": 1.43379485607,
        "var": 0.37862303853
    },
    "key_strength": 0.687089800835,
    "tuning_diatonic_strength": 0.364700824022,
    "tuning_equal_tempered_deviation": 0.0288173183799,
    "tuning_frequency": 440.254241943,
    "tuning_nontempered_energy_ratio": 0.599837422371,
    "hpcp": {
        "mean": [0.180295422673, 0.113342732191, 0.0957803055644, 0.144314855337, 0.066653855145, 0.0666872262955, 0.137320637703, 0.0772597491741, 0.00597856985405, 0.00269754743204, 0.00159228139091, 0.108389630914, 0.270340234041, 0.203144028783, 0.173433676362, 0.248788267374, 0.122545525432, 0.0172237753868, 0.0255472995341, 0.025615664199, 0.128267005086, 0.318488419056, 0.220633536577, 0.0248026419431, 0.0100882630795, 0.0169884804636, 0.163026615977, 0.244500294328, 0.0942789912224, 0.00126131053548, 0.00055630604038, 0.00510511780158, 0.0715096741915, 0.181552216411, 0.129065319896, 0.09675142169],
        "var": [0.0919311493635, 0.0427686497569, 0.0283240694553, 0.0839499384165, 0.0199501737952, 0.0210695117712, 0.088440284133, 0.0287555549294, 0.000357307086233, 2.40197423409e-005, 1.04198861663e-005, 0.0237372219563, 0.129239603877, 0.0869226753712, 0.0545035861433, 0.144610822201, 0.039723277092, 0.00195178238209, 0.00383291207254, 0.0025570387952, 0.0260489489883, 0.161463022232, 0.0943259969354, 0.00262733083218, 0.000824701739475, 0.00118104147259, 0.053378790617, 0.113246716559, 0.0189724918455, 4.92356266477e-005, 3.19350033351e-006, 0.000625590095297, 0.0186631530523, 0.110063947737, 0.0630470067263, 0.0221222359687]
    },
    "chords_histogram": [3.18930029869, 18.41563797, 14.5061731339, 1.44032919407, 0, 0, 24.0740737915, 3.18930029869, 0, 0, 0, 0, 0, 0, 2.67489719391, 1.23456788063, 0, 0, 0, 0.720164597034, 1.23456788063, 4.93827152252, 15.6378602982, 8.74485588074],
    "thpcp": [1, 0.692752122879, 0.0778761208057, 0.0316754467785, 0.0533409677446, 0.511876106262, 0.7676897645, 0.296020150185, 0.00396030256525, 0.00174670724664, 0.0160292107612, 0.224528327584, 0.570043385029, 0.405243366957, 0.303783178329, 0.566097259521, 0.355877101421, 0.300734043121, 0.453124344349, 0.209281876683, 0.209386661649, 0.431163668633, 0.242582604289, 0.0187717024237, 0.00846984423697, 0.00499949557707, 0.340325176716, 0.848822832108, 0.637838065624, 0.544552564621, 0.781153261662, 0.38477230072, 0.0540797524154, 0.0802142173052, 0.0804288685322, 0.402736783028],
    "chords_key": "F#",
    "chords_scale": "major",
    "key_key": "A",
    "key_scale": "major"
}
}