{
"lowlevel": {
    "average_loudness": 0.755395531654,
    "barkbands_crest": {
        "mean": 10.4096803665,
        "var": 19.5534248352
    },
    "barkbands_flatness_db": {
        "mean": 0.160234346986,
        "var": 0.00494621600956
    },
    "barkbands_kurtosis": {
        "mean": 4.99036836624,
        "var": 69.1606826782
    },
    "barkbands_skewness": {
        "mean": 1.40239620209,
        "var": 1.33528518677
    },
    "barkbands_spread": {
        "mean": 17.4228286743,
        "var": 257.718292236
    },
    "dissonance": {
        "mean": 0.431872874498,
        "var": 0.00381781184115
    },
    "dynamic_complexity": 3.55402636528,
    "erbbands_crest": {
        "mean": 11.4475831985,
        "var": 49.5814208984
    },
    "erbbands_flatness_db": {
        "mean": 0.184100210667,
        "var": 0.00508455140516
    },
    "erbbands_kurtosis": {
        "mean": 2.48624539375,
        "var": 39.0007286072
    },
    "erbbands_skewness": {
        "mean": 0.703162014484,
        "var": 1.07354331017
    },
    "erbbands_spread": {
        "mean": 31.8542861938,
        "var": 463.8699646
    },
    "hfc": {
        "mean": 13.2570228577,
        "var": 246.915985107
    },
    "melbands_crest": {
        "mean": 14.4248723984,
        "var": 25.1353321075
    },
    "melbands_flatness_db": {
        "mean": 0.231974899769,
        "var": 0.00608151871711
    },
    "melbands_kurtosis": {
        "mean": 11.1294431686,
        "var": 255.588684082
    },
    "melbands_skewness": {
        "mean": 2.11039805412,
        "var": 2.49472951889
    },
    "melbands_spread": {
        "mean": 18.1405677795,
        "var": 304.421142578
    },
    "pitch_salience": {
        "mean": 0.551847457886,
        "var": 0.0132384849712
    },
    "silence_rate_20dB": {
        "mean": 1,
        "var": 0
    },
    "silence_rate_30dB": {
        "mean": 0.990216255188,
        "var": 0.0096876649186
    },
    "silence_rate_60dB": {
        "mean": 0.0674562305212,
        "var": 0.0629040077329
    },
    "spectral_centroid": {
        "mean": 1023.2109375,
        "var": 435592.46875
    },
    "spectral_complexity": {
        "mean": 12.2646751404,
        "var": 54.8431739807
    },
    "spectral_decrease": {
        "mean": -4.70413308307e-009,
        "var": 2.70527401015e-017
    },
    "spectral_energy": {
        "mean": 0.0189569331706,
        "var": 0.000434283865616
    },
    "spectral_energyband_high": {
        "mean": 0.000436943693785,
        "var": 8.98170753771e-007
    },
    "spectral_energyband_low": {
        "mean": 0.0037206762936,
        "var": 2.21686950681e-005
    },
    "spectral_energyband_middle_high": {
        "mean": 0.00393756618723,
        "var": 7.99771005404e-005
    },
    "spectral_energyband_middle_low": {
        "mean": 0.0119961109012,
        "var": 0.000282243243419
    },
    "spectral_entropy": {
        "mean": 7.28193664551,
        "var": 0.485181391239
    },
    "spectral_flux": {
        "mean": 0.0707541555166,
        "var": 0.00221450673416
    },
    "spectral_kurtosis": {
        "mean": 7.20420837402,
        "var": 32.4267311096
    },
    "spectral_rms": {
        "mean": 0.00386527762748,
        "var": 3.55418819709e-006
    },
    "spectral_rolloff": {
        "mean": 1245.55322266,
        "var": 2528011.75
    },
    "spectral_skewness": {
        "mean": 1.92754352093,
        "var": 0.585253000259
    },
    "spectral_spread": {
        "mean": 4210661,
        "var": 3.8029515817e+012
    },
    "spectral_strongpeak": {
        "mean": 1.21316099167,
        "var": 2.37492656708
    },
    "zerocrossingrate": {
        "mean": 0.0516401417553,
        "var": 0.00177098915447
    },
    "barkbands": {
        "mean": [0.000259237800492, 0.00122786941938, 0.00134202756453, 0.00184293487109, 0.00157095456962, 0.00171333563048, 0.00256083300337, 0.0023207438644, 0.00142527068965, 0.00180310965516, 0.000762631476391, 0.000541881192476, 0.000347687135218, 0.000182785253855, 0.000134673522552, 0.000146611957462, 0.000107561281766, 9.26636275835e-005, 9.72476409515e-005, 7.83678260632e-005, 0.000101589095721, 8.83498069015e-005, 7.20049501979e-005, 5.9377773141e-005, 5.25162067788e-005, 2.31160738622e-005, 1.5602139456e-006],
        "var": [8.53343124163e-007, 3.74033402295e-006, 1.91921617443e-006, 1.81438645086e-005, 5.36191510037e-006, 2.05041542358e-005, 6.33626113995e-005, 3.1129031413e-005, 3.92612855649e-005, 5.29028911842e-005, 1.77581077878e-005, 1.5222778984e-006, 1.46604600104e-006, 2.0845658355e-007, 1.42603354902e-007, 2.58106410911e-007, 2.42432420805e-008, 1.92029041557e-008, 2.37022135252e-008, 2.26704326423e-008, 3.8996130769e-008, 3.99724164879e-008, 3.49992035353e-008, 2.93053261657e-008, 3.99037389798e-008, 2.92381963085e-009, 1.41656131269e-011]
    },
    "erbbands": {
        "mean": [0.0312176849693, 0.295159846544, 1.38584423065, 4.26741027832, 5.52892541885, 3.91725420952, 11.0369691849, 14.8058443069, 28.5110321045, 49.1503677368, 47.5216140747, 28.1825218201, 58.8478927612, 49.2676086426, 21.0963020325, 22.1022338867, 17.2396011353, 10.0545883179, 7.46250009537, 8.42135715485, 7.62636613846, 6.20407342911, 5.1353187561, 4.91530609131, 4.73252153397, 3.54280638695, 3.93621063232, 3.94382381439, 3.30423784256, 2.63904976845, 1.92974364758, 1.37379729748, 0.926576852798, 0.643240272999, 0.342032819986, 0.0993919596076, 0.0441635251045, 0.00872451346368, 0.000203965726541, 2.82975888695e-005],
        "var": [0.00738199567422, 0.128349721432, 1.7891010046, 63.1710128784, 125.682189941, 35.6904373169, 659.229858398, 1863.40905762, 5569.89990234, 46170.3476563, 10274.5078125, 13269.5498047, 66066.296875, 46712.875, 4598.42041016, 2863.24951172, 3423.88574219, 648.918457031, 266.427581787, 568.952636719, 486.905334473, 86.6130599976, 47.8453865051, 56.4261283875, 65.1171798706, 45.561252594, 55.2846679688, 65.0459060669, 54.3105163574, 42.8479804993, 25.9744586945, 17.2232837677, 7.64700603485, 5.29810523987, 1.95180666447, 0.0814665928483, 0.0108469836414, 0.000436319067376, 2.1059373978e-007, 9.03279062658e-010]
    },
    "gfcc": {
        "mean": [-45.1580162048, 110.870033264, -112.572822571, 19.2354507446, -62.8437309265, 9.71044063568, -33.2448997498, 7.56141614914, -23.6346988678, -2.30183434486, -16.2946414948, -1.5230717659, -15.7793970108],
        "cov": [[5910.19628906, -2046.74682617, 34.1768112183, 274.182861328, -458.482299805, 214.33430481, -290.915313721, 141.040435791, -269.919586182, 260.813476563, -370.476043701, 127.724250793, -176.185317993], [-2046.74682617, 2089.24389648, -496.762878418, -382.244812012, 385.825836182, -257.489501953, 245.64414978, -100.348831177, 221.64994812, -330.976257324, 270.850006104, -140.592025757, 106.153999329], [34.1768112183, -496.762878418, 729.369934082, 271.000640869, -111.047195435, 151.487915039, -5.48594522476, 55.7425079346, -13.030248642, 135.92414856, -99.2663574219, 37.0065803528, -48.9804573059], [274.182861328, -382.244812012, 271.000640869, 525.666015625, 104.533744812, 34.4625205994, -74.3494338989, -11.7559347153, -25.4962539673, 37.0837135315, -139.605407715, -0.704721212387, -1.8486405611], [-458.482299805, 385.825836182, -111.047195435, 104.533744812, 361.559906006, -40.2498779297, -36.5606536865, -33.8825187683, 27.0130271912, -54.7860069275, -13.8209218979, -31.9544677734, 50.4635467529], [214.33430481, -257.489501953, 151.487915039, 34.4625205994, -40.2498779297, 200.507919312, 44.8768920898, 41.3983192444, -15.8204174042, 52.6123924255, -15.1166143417, 23.5790615082, -36.9293289185], [-290.915313721, 245.64414978, -5.48594522476, -74.3494338989, -36.5606536865, 44.8768920898, 210.916259766, 20.6161384583, 45.8225250244, -49.8814506531, 60.6038169861, -16.6296672821, -28.8394565582], [141.040435791, -100.348831177, 55.7425079346, -11.7559347153, -33.8825187683, 41.3983192444, 20.6161384583, 102.691474915, 17.2906074524, 34.5405883789, 1.50930786133, 15.8881216049, -21.7188796997], [-269.919586182, 221.64994812, -13.030248642, -25.4962539673, 27.0130271912, -15.8204174042, 45.8225250244, 17.2906074524, 98.1734390259, -15.628159523, 34.9918212891, -16.7876701355, -7.87643146515], [260.813476563, -330.976257324, 135.92414856, 37.0837135315, -54.7860069275, 52.6123924255, -49.8814506531, 34.5405883789, -15.628159523, 156.595977783, -7.59609651566, 22.9157924652, -9.0185174942], [-370.476043701, 270.850006104, -99.2663574219, -139.605407715, -13.8209218979, -15.1166143417, 60.6038169861, 1.50930786133, 34.9918212891, -7.59609651566, 132.033447266, 5.21895027161, 14.8698167801], [127.724250793, -140.592025757, 37.0065803528, -0.704721212387, -31.9544677734, 23.5790615082, -16.6296672821, 15.8881216049, -16.7876701355, 22.9157924652, 5.21895027161, 68.4697647095, 14.9026651382], [-176.185317993, 106.153999329, -48.9804573059, -1.8486405611, 50.4635467529, -36.9293289185, -28.8394565582, -21.7188796997, -7.87643146515, -9.0185174942, 14.8698167801, 14.9026651382, 107.287719727]],
        "icov": [[0.000345263222698, -9.84299185802e-006, 0.000446098361863, -0.000179152717465, 0.000453673390439, -0.000243120128289, 0.000174837347004, -0.000323433603626, 0.00035574042704, -0.000408128835261, 0.000933926727157, -0.000425018428359, 0.000383150094422], [-9.84299185802e-006, 0.00355387316085, -0.000986229861155, 0.00175254931673, -0.0031882270705, 0.00211957166903, -0.0016413719859, 0.000891906558536, -0.00317959766835, 0.0042707985267, -0.00441016396508, 0.00354926008731, -0.00174020265695], [0.000446098361863, -0.000986229861155, 0.0033811184112, -0.00183506181929, 0.00221774284728, -0.00186697253957, 0.000179466034751, -0.000721626565792, 0.000545666494872, -0.00311513966881, 0.00346504431218, -0.00212650210597, 0.00103009084705], [-0.000179152717465, 0.00175254931673, -0.00183506181929, 0.00442096730694, -0.00301412376575, 0.00133439397905, -0.000874966615811, 0.0012317628134, -0.00181046524085, 0.00200094515458, 7.38556700526e-005, 0.00172875542194, -0.00111372221727], [0.000453673390439, -0.0031882270705, 0.00221774284728, -0.00301412376575, 0.00746613368392, -0.00293465447612, 0.0026517866645, -0.00103558308911, 0.00174947909545, -0.0032868355047, 0.0049314526841, -0.00215741223656, 0.000309712311719], [-0.000243120128289, 0.00211957166903, -0.00186697253957, 0.00133439397905, -0.00293465447612, 0.00912254303694, -0.00373171223328, -0.000511070189532, -0.000107992163976, 0.000869088806212, -0.00255274772644, 0.000305763271172, 0.000464526296128], [0.000174837347004, -0.0016413719859, 0.000179466034751, -0.000874966615811, 0.0026517866645, -0.00373171223328, 0.00913288630545, -0.00165710481815, -0.000387993437471, 0.00169759313576, -0.00127257010899, 0.000363573723007, 0.00180581770837], [-0.000323433603626, 0.000891906558536, -0.000721626565792, 0.0012317628134, -0.00103558308911, -0.000511070189532, -0.00165710481815, 0.013296328485, -0.00428724801168, -0.00103890616447, -0.000472642976092, -0.00178778741974, 0.000747319136281], [0.00035574042704, -0.00317959766835, 0.000545666494872, -0.00181046524085, 0.00174947909545, -0.000107992163976, -0.000387993437471, -0.00428724801168, 0.0174005553126, -0.00376998982392, 0.00128312665038, -0.000981987453997, 0.00303497491404], [-0.000408128835261, 0.0042707985267, -0.00311513966881, 0.00200094515458, -0.0032868355047, 0.000869088806212, 0.00169759313576, -0.00103890616447, -0.00376998982392, 0.0159442275763, -0.00913884118199, 0.005049102474, -0.00256366259418], [0.000933926727157, -0.00441016396508, 0.00346504431218, 7.38556700526e-005, 0.0049314526841, -0.00255274772644, -0.00127257010899, -0.000472642976092, 0.00128312665038, -0.00913884118199, 0.022056883201, -0.008271349594, 0.00126232847106], [-0.000425018428359, 0.00354926008731, -0.00212650210597, 0.00172875542194, -0.00215741223656, 0.000305763271172, 0.000363573723007, -0.00178778741974, -0.000981987453997, 0.005049102474, -0.008271349594, 0.0232553202659, -0.00602645333856], [0.000383150094422, -0.00174020265695, 0.00103009084705, -0.00111372221727, 0.000309712311719, 0.000464526296128, 0.00180581770837, 0.000747319136281, 0.00303497491404, -0.00256366259418, 0.00126232847106, -0.00602645333856, 0.0134431924671]]
    },
    "melbands": {
        "mean": [0.000317480124068, 0.000621060782578, 0.000807960343082, 0.000296915211948, 0.000347968947608, 0.000341091217706, 0.000458121532574, 0.000538994150702, 0.000347025226802, 0.000186294215382, 0.00029883973184, 0.000208921352169, 8.69307041285e-005, 5.68534087506e-005, 5.42867637705e-005, 2.87488273898e-005, 1.73467597051e-005, 1.23333229567e-005, 1.04735363493e-005, 1.10008322736e-005, 8.30813223729e-006, 6.61080048303e-006, 4.8981441978e-006, 4.47503407486e-006, 3.87507316191e-006, 3.81670497518e-006, 2.91695391752e-006, 2.18280865738e-006, 2.31363560488e-006, 2.64422624241e-006, 2.12545069189e-006, 1.8729765543e-006, 1.65091080362e-006, 1.4098502561e-006, 1.12829491172e-006, 9.76262981567e-007, 7.78016101322e-007, 6.19864295004e-007, 6.31952900676e-007, 5.16976399467e-007],
        "var": [4.39186720769e-007, 3.41973702689e-007, 2.35782772506e-006, 2.28927916623e-007, 5.67598988255e-007, 8.79608023752e-007, 1.39599865179e-006, 4.48794116892e-006, 6.43260250399e-007, 7.4182167964e-007, 1.69256486515e-006, 8.28148529308e-007, 1.60932046356e-007, 1.34112472239e-008, 3.48675541773e-008, 7.59210294632e-009, 2.3355906098e-009, 8.39407821029e-010, 9.26320464778e-010, 1.70595515492e-009, 4.72542283081e-010, 1.07885818335e-010, 4.53303540537e-011, 5.43048210566e-011, 3.8061005736e-011, 4.26239599172e-011, 3.12480041842e-011, 1.851212586e-011, 2.00459197852e-011, 3.01392001634e-011, 1.94942170045e-011, 1.8205159602e-011, 1.55737922558e-011, 1.28061597784e-011, 8.46654864273e-012, 9.58641586252e-012, 5.06312700099e-012, 3.23066660229e-012, 4.1640649262e-012, 3.94615503468e-012]
    },
    "mfcc": {
        "mean": [-690.893310547, 142.118164063, 4.38949203491, 15.7139835358, -3.81298327446, 0.626111447811, -1.06131291389, 5.7804017067, -2.23902606964, -2.28886413574, 1.75490248203, -1.4089922905, -0.463821351528],
        "cov": [[5341.78564453, -1846.89428711, 38.1046333313, 11.8666391373, -140.838775635, 15.3074016571, -130.894332886, -145.326766968, 43.5847244263, 25.2085056305, -167.55317688, -21.907781601, -127.369094849], [-1846.89428711, 1954.46520996, -591.370483398, -111.520401001, 54.2949943542, -150.484771729, 33.1433334351, 172.255584717, -77.9737930298, -26.8976078033, 96.1032791138, -5.62526702881, 34.9346389771], [38.1046333313, -591.370483398, 763.153015137, 52.9018478394, -77.3465118408, 120.850723267, 29.5706825256, -0.288311064243, 65.4208068848, 34.593952179, 48.6812896729, 59.1457328796, -1.73728168011], [11.8666391373, -111.520401001, 52.9018478394, 333.498718262, 142.492340088, 62.0652008057, -13.0382442474, -25.5494842529, 57.56980896, 18.2768268585, -55.626033783, -13.8698663712, -44.8777732849], [-140.838775635, 54.2949943542, -77.3465118408, 142.492340088, 283.162567139, 52.1702461243, -15.6159086227, -41.2365570068, 43.3024215698, 13.7255392075, -56.2907409668, -30.6686706543, -4.57571554184], [15.3074016571, -150.484771729, 120.850723267, 62.0652008057, 52.1702461243, 143.402023315, 38.0217285156, 6.20327758789, 34.3868675232, 16.0693569183, -5.88185453415, 8.46457290649, -7.73185920715], [-130.894332886, 33.1433334351, 29.5706825256, -13.0382442474, -15.6159086227, 38.0217285156, 108.056266785, 28.5414485931, 9.71308326721, 10.163351059, 15.2793235779, 6.97469520569, 22.0469341278], [-145.326766968, 172.255584717, -0.288311064243, -25.5494842529, -41.2365570068, 6.20327758789, 28.5414485931, 164.222045898, 11.2065973282, -3.43049192429, 42.3131980896, 39.4448623657, -10.5472726822], [43.5847244263, -77.9737930298, 65.4208068848, 57.56980896, 43.3024215698, 34.3868675232, 9.71308326721, 11.2065973282, 87.9134979248, 28.1491470337, -7.76618099213, -0.291610568762, 1.58551681042], [25.2085056305, -26.8976078033, 34.593952179, 18.2768268585, 13.7255392075, 16.0693569183, 10.163351059, -3.43049192429, 28.1491470337, 64.4222793579, 15.3332490921, 7.1814289093, 9.47940444946], [-167.55317688, 96.1032791138, 48.6812896729, -55.626033783, -56.2907409668, -5.88185453415, 15.2793235779, 42.3131980896, -7.76618099213, 15.3332490921, 104.257759094, 50.8581008911, 26.6302700043], [-21.907781601, -5.62526702881, 59.1457328796, -13.8698663712, -30.6686706543, 8.46457290649, 6.97469520569, 39.4448623657, -0.291610568762, 7.1814289093, 50.8581008911, 98.1166992188, 20.1195144653], [-127.369094849, 34.9346389771, -1.73728168011, -44.8777732849, -4.57571554184, -7.73185920715, 22.0469341278, -10.5472726822, 1.58551681042, 9.47940444946, 26.6302700043, 20.1195144653, 89.4030838013]],
        "icov": [[0.000351436203346, 0.000411416898714, 0.000318810547469, 0.000102236612292, 0.000183494994417, 7.08773804945e-005, 0.00019344186876, -8.35368991829e-005, -0.000138648305438, -0.000284087524051, 0.000224341551075, -0.000174406028236, 0.000360397796612], [0.000411416898714, 0.00138704199344, 0.00092991272686, 8.68344941409e-005, -0.00030326761771, 0.000705598038621, -0.000155737594469, -0.00100849138107, 0.000296377547784, -0.000246757175773, -0.000849744537845, 0.000285836664261, 0.000280418753391], [0.000318810547469, 0.00092991272686, 0.00252443319187, -0.00020771229174, 0.000903869862668, -0.00115524674766, 0.000129547071992, 6.61904123263e-005, -0.00114587065764, -0.000183880867553, -0.0011600824073, -0.000565337075386, 0.00047042654478], [0.000102236612292, 8.68344941409e-005, -0.00020771229174, 0.00476662442088, -0.00176309526432, -0.000516455154866, 0.000150040490553, 0.000418054987676, -0.00167522556148, -0.000570119009353, 0.00143288669642, -0.00103052915074, 0.00227307365276], [0.000183494994417, -0.00030326761771, 0.000903869862668, -0.00176309526432, 0.00621978286654, -0.002521954244, 0.00151747604832, 0.00112787529361, -0.00190663477406, -0.00052814692026, 0.00192521756981, 9.75119764917e-005, -0.00113405415323], [7.08773804945e-005, 0.000705598038621, -0.00115524674766, -0.000516455154866, -0.002521954244, 0.0113096851856, -0.00417756428942, -0.000743928831071, -0.000741644238587, -0.000429867417552, -0.000131087057525, -0.000718012684956, 0.00159437872935], [0.00019344186876, -0.000155737594469, 0.000129547071992, 0.000150040490553, 0.00151747604832, -0.00417756428942, 0.0124029871076, -0.00191528187133, -0.000156083173351, -0.00126779451966, 0.000454150082078, 0.00126190204173, -0.00343596120365], [-8.35368991829e-005, -0.00100849138107, 6.61904123263e-005, 0.000418054987676, 0.00112787529361, -0.000743928831071, -0.00191528187133, 0.00948273111135, -0.00329496408813, 0.00196714582853, -0.001805056585, -0.00318586057983, 0.0031750977505], [-0.000138648305438, 0.000296377547784, -0.00114587065764, -0.00167522556148, -0.00190663477406, -0.000741644238587, -0.000156083173351, -0.00329496408813, 0.0174558851868, -0.00611874228343, 0.00148760038428, 0.00140472431667, -0.00210850476287], [-0.000284087524051, -0.000246757175773, -0.000183880867553, -0.000570119009353, -0.00052814692026, -0.000429867417552, -0.00126779451966, 0.00196714582853, -0.00611874228343, 0.020201113075, -0.00470340019092, 0.000229560420848, -0.000801639223937], [0.000224341551075, -0.000849744537845, -0.0011600824073, 0.00143288669642, 0.00192521756981, -0.000131087057525, 0.000454150082078, -0.001805056585, 0.00148760038428, -0.00470340019092, 0.0182967390865, -0.00642933230847, -0.00242017954588], [-0.000174406028236, 0.000285836664261, -0.000565337075386, -0.00103052915074, 9.75119764917e-005, -0.000718012684956, 0.00126190204173, -0.00318586057983, 0.00140472431667, 0.000229560420848, -0.00642933230847, 0.01564197056, -0.00328686018474], [0.000360397796612, 0.000280418753391, 0.00047042654478, 0.00227307365276, -0.00113405415323, 0.00159437872935, -0.00343596120365, 0.0031750977505, -0.00210850476287, -0.000801639223937, -0.00242017954588, -0.00328686018474, 0.0156240314245]]
    },
    "spectral_contrast_coeffs": {
        "mean": [-0.634632825851, -0.704726040363, -0.753294825554, -0.803419053555, -0.802594423294, -0.771645903587],
        "var": [0.00538565637544, 0.0112536111847, 0.00872210320085, 0.00374883576296, 0.00147082668263, 0.00105537171476]
    },
    "spectral_contrast_valleys": {
        "mean": [-7.63345384598, -6.89749097824, -7.52773666382, -8.06437969208, -8.1762046814, -10.824429512],
        "var": [0.700527429581, 0.65776604414, 0.633910357952, 0.802836179733, 1.0942953825, 1.73615217209]
    }
},
"metadata": {
    "audio_properties": {
        "analysis_sample_rate": 44100,
        "bit_rate": 128074,
        "equal_loudness": 0,
        "length": 45.0612258911,
        "lossless": 0,
        "replay_gain": -7.53779411316,
        "sample_rate": 44100,
        "codec": "mp3",
        "downmix": "mix",
        "md5_encoded": "e9604b42acd99444810f039890530cc7"
    },
    "tags": {
        "file_name": "1450.mp3"
    },
    "version": {
        "essentia": "2.1-beta2",
        "essentia_git_sha": "v2.1_beta2",
        "extractor": "music 1.0"
    }
},
"rhythm": {
    "beats_count": 85,
    "beats_loudness": {
        "mean": 0.0310040563345,
        "var": 0.000591843971051
    },
    "bpm": 113.589553833,
    "bpm_histogram_first_peak_bpm": {
        "mean": 115,
        "var": 0
    },
    "bpm_histogram_first_peak_spread": {
        "mean": 0.506493508816,
        "var": 0
    },
    "bpm_histogram_first_peak_weight": {
        "mean": 0.452380955219,
        "var": 0
    },
    "bpm_histogram_second_peak_bpm": {
        "mean": 110,
        "var": 0
    },
    "bpm_histogram_second_peak_spread": {
        "mean": 0,
        "var": 0
    },
    "bpm_histogram_second_peak_weight": {
        "mean": 0.047619048506,
        "var": 0
    },
    "danceability": 1.21632885933,
    "onset_rate": 3.63785243034,
    "beats_loudness_band_ratio": {
        "mean": [0.384068578482, 0.169209733605, 0.256335318089, 0.111810699105, 0.045533567667, 0.0827703624964],
        "var": [0.0417737364769, 0.0155001524836, 0.0367258787155, 0.0144459698349, 0.000783973082434, 0.00339878164232]
    },
    "beats_position": [0.46439909935, 0.96362811327, 1.45124709606, 1.95047616959, 2.46131515503, 2.9837641716, 3.50621318817, 4.04027223587, 4.57433080673, 5.10838985443, 5.64244890213, 6.1648979187, 6.68734693527, 7.22140598297, 7.75546455383, 8.28952407837, 8.82358264923, 9.35764122009, 9.89170074463, 10.4257593155, 10.95981884, 11.4938774109, 12.0163259506, 12.538775444, 13.0728340149, 13.6068935394, 14.1409521103, 14.6750106812, 15.1974601746, 15.7199087143, 16.2539672852, 16.7764167786, 17.298866272, 17.8213157654, 18.3437633514, 18.877822876, 19.4002723694, 19.9227199554, 20.45677948, 20.9908390045, 21.5132884979, 22.0473461151, 22.5697956085, 23.0922451019, 23.614692688, 24.1487522125, 24.6828117371, 25.2284793854, 25.774148941, 26.3082084656, 26.830657959, 27.353105545, 27.8871650696, 28.4212245941, 28.9436721802, 29.4661216736, 30.0001811981, 30.5342407227, 31.0682983398, 31.6023578644, 32.1248054504, 32.6472549438, 33.1697044373, 33.7037620544, 34.2262115479, 34.7602729797, 35.2943305969, 35.8051681519, 36.3276176453, 36.8500671387, 37.3725166321, 37.8949661255, 38.4174156189, 38.9398651123, 39.462310791, 39.9847602844, 40.5072097778, 41.0296592712, 41.5521087646, 42.0745582581, 42.585395813, 43.1194534302, 43.6651229858, 44.2107925415, 44.7448501587]
},
"tonal": {
    "chords_changes_rate": 0.091563783586,
    "chords_number_rate": 0.0123456791043,
    "chords_strength": {
        "mean": 0.533350646496,
        "var": 0.00817989278585
    },
    "hpcp_entropy": {
        "mean": 1.85062146187,
        "var": 0.953435003757
    },
    "key_strength": 0.680996239185,
    "tuning_diatonic_strength": 0.548077464104,
    "tuning_equal_tempered_deviation": 0.180379018188,
    "tuning_frequency": 445.627075195,
    "tuning_nontempered_energy_ratio": 0.849449872971,
    "hpcp": {
        "mean": [0.0781780332327, 0.0552163459361, 0.055584449321, 0.0701536685228, 0.100571468472, 0.163271442056, 0.166832059622, 0.0969802886248, 0.0610776282847, 0.0711393877864, 0.129415407777, 0.235394135118, 0.24449762702, 0.177852198482, 0.197394356132, 0.196371436119, 0.129114612937, 0.0940448641777, 0.0913085788488, 0.110349476337, 0.130857974291, 0.110560208559, 0.107131138444, 0.0998959988356, 0.0611077696085, 0.0719610974193, 0.171260923147, 0.23229123652, 0.180750310421, 0.181675210595, 0.17815540731, 0.112007781863, 0.110379263759, 0.110702089965, 0.0783190503716, 0.0820695385337],
        "var": [0.0270519573241, 0.0164200775325, 0.0204759389162, 0.0288511160761, 0.044456616044, 0.0833844020963, 0.085329324007, 0.0355733409524, 0.0214602090418, 0.0279463455081, 0.05394275859, 0.110680326819, 0.102447114885, 0.0568975172937, 0.0858771204948, 0.0852718576789, 0.040015168488, 0.032786257565, 0.0359450727701, 0.0510024614632, 0.0645589977503, 0.0479556061327, 0.03896843642, 0.0394333824515, 0.0179970581084, 0.0195405911654, 0.0645171999931, 0.101360671222, 0.0633495822549, 0.075838342309, 0.08799444139, 0.0337945185602, 0.0382916145027, 0.0419726967812, 0.0215960685164, 0.0257930811495]
    },
    "chords_histogram": [6.68724298477, 0.720164597034, 13.5802469254, 0, 8.12757205963, 0, 1.23456788063, 7.30452680588, 0, 25.4115219116, 0.823045253754, 1.85185182095, 0.617283940315, 0, 4.01234579086, 0, 4.73251008987, 9.46502017975, 0, 0, 0, 2.57201647758, 0.411522626877, 12.448559761],
    "thpcp": [1, 0.727418899536, 0.807346701622, 0.803162932396, 0.52808123827, 0.384645313025, 0.373453855515, 0.451331496239, 0.535211622715, 0.452193379402, 0.438168406487, 0.4085765481, 0.249931946397, 0.294322282076, 0.700460493565, 0.950075626373, 0.739272236824, 0.743055105209, 0.728659033775, 0.458113998175, 0.45145329833, 0.452773690224, 0.320326417685, 0.335666000843, 0.319749653339, 0.22583591938, 0.227341473103, 0.28692984581, 0.411339253187, 0.66778331995, 0.682346343994, 0.396651238203, 0.24980866909, 0.29096147418, 0.529311537743, 0.96276652813],
    "chords_key": "F#",
    "chords_scale": "major",
    "key_key": "B",
    "key_scale": "minor"
}
}