{
"lowlevel": {
    "average_loudness": 0.478115320206,
    "barkbands_crest": {
        "mean": 12.2395906448,
        "var": 20.7552928925
    },
    "barkbands_flatness_db": {
        "mean": 0.206069856882,
        "var": 0.0062448377721
    },
    "barkbands_kurtosis": {
        "mean": 12.5953941345,
        "var": 666.293518066
    },
    "barkbands_skewness": {
        "mean": 2.30142569542,
        "var": 2.41029691696
    },
    "barkbands_spread": {
        "mean": 11.0706634521,
        "var": 164.434463501
    },
    "dissonance": {
        "mean": 0.40898680687,
        "var": 0.00263712834567
    },
    "dynamic_complexity": 3.88784456253,
    "erbbands_crest": {
        "mean": 12.6477956772,
        "var": 28.9418754578
    },
    "erbbands_flatness_db": {
        "mean": 0.208014070988,
        "var": 0.00509014166892
    },
    "erbbands_kurtosis": {
        "mean": 3.22522258759,
        "var": 38.0139122009
    },
    "erbbands_skewness": {
        "mean": 1.21351122856,
        "var": 1.0066742897
    },
    "erbbands_spread": {
        "mean": 27.3354225159,
        "var": 430.359985352
    },
    "hfc": {
        "mean": 9.973985672,
        "var": 143.027389526
    },
    "melbands_crest": {
        "mean": 15.1626462936,
        "var": 27.8747425079
    },
    "melbands_flatness_db": {
        "mean": 0.29151892662,
        "var": 0.00845904555172
    },
    "melbands_kurtosis": {
        "mean": 17.0538406372,
        "var": 406.44052124
    },
    "melbands_skewness": {
        "mean": 2.64867448807,
        "var": 2.16353797913
    },
    "melbands_spread": {
        "mean": 10.4651374817,
        "var": 108.814056396
    },
    "pitch_salience": {
        "mean": 0.527450025082,
        "var": 0.0130907995626
    },
    "silence_rate_20dB": {
        "mean": 1,
        "var": 0
    },
    "silence_rate_30dB": {
        "mean": 0.990731179714,
        "var": 0.00918281730264
    },
    "silence_rate_60dB": {
        "mean": 0.100926876068,
        "var": 0.0907404348254
    },
    "spectral_centroid": {
        "mean": 654.321289063,
        "var": 226172.96875
    },
    "spectral_complexity": {
        "mean": 9.52935123444,
        "var": 33.7922973633
    },
    "spectral_decrease": {
        "mean": -5.06173369885e-009,
        "var": 3.01590514558e-017
    },
    "spectral_energy": {
        "mean": 0.020008796826,
        "var": 0.000465577642899
    },
    "spectral_energyband_high": {
        "mean": 0.000270732358331,
        "var": 5.7396533748e-007
    },
    "spectral_energyband_low": {
        "mean": 0.00290897418745,
        "var": 5.92710930505e-005
    },
    "spectral_energyband_middle_high": {
        "mean": 0.00148270686623,
        "var": 4.89998501507e-006
    },
    "spectral_energyband_middle_low": {
        "mean": 0.0163984578103,
        "var": 0.000319215672789
    },
    "spectral_entropy": {
        "mean": 6.72195196152,
        "var": 0.621058166027
    },
    "spectral_flux": {
        "mean": 0.0571868605912,
        "var": 0.00173997902311
    },
    "spectral_kurtosis": {
        "mean": 14.5581178665,
        "var": 199.295806885
    },
    "spectral_rms": {
        "mean": 0.00391476741061,
        "var": 4.19538127971e-006
    },
    "spectral_rolloff": {
        "mean": 841.719848633,
        "var": 1368883.75
    },
    "spectral_skewness": {
        "mean": 2.73044395447,
        "var": 1.44692397118
    },
    "spectral_spread": {
        "mean": 4027656.5,
        "var": 4.90121776333e+012
    },
    "spectral_strongpeak": {
        "mean": 1.00172710419,
        "var": 0.706041812897
    },
    "zerocrossingrate": {
        "mean": 0.0397577099502,
        "var": 0.00122216995806
    },
    "barkbands": {
        "mean": [0.000158063121489, 0.000904234300833, 0.00084614608204, 0.00223891157657, 0.00555508444086, 0.00374930445105, 0.00192776869517, 0.00112808251288, 0.00167640321888, 0.000445504207164, 0.000356552132871, 0.000138865681947, 0.000210062644328, 5.58692881896e-005, 7.34085115255e-005, 4.90109960083e-005, 9.94393703877e-005, 5.30572724529e-005, 4.83076910314e-005, 4.68965627078e-005, 5.08828452439e-005, 4.41747870354e-005, 4.58525682916e-005, 3.5747725633e-005, 3.06421934511e-005, 3.78248441848e-005, 2.73399268735e-006],
        "var": [1.12837221877e-006, 7.28199393052e-006, 7.2662051025e-006, 2.40014614974e-005, 8.45415997901e-005, 4.91056416649e-005, 1.93135783775e-005, 1.03100928754e-005, 2.14137980947e-005, 8.61215539771e-007, 1.52342033743e-006, 3.6692998151e-007, 2.16304528067e-007, 1.2337696198e-008, 1.46957699343e-008, 1.05925357374e-008, 4.80547122095e-008, 2.07547632414e-008, 1.20877725607e-008, 1.81552923806e-008, 2.37588739793e-008, 1.61916542396e-008, 1.97618668096e-008, 1.46529668399e-008, 8.15712741797e-009, 1.46311291971e-008, 9.59212709262e-011]
    },
    "erbbands": {
        "mean": [0.0257393661886, 0.204752519727, 0.81510835886, 4.65108823776, 9.9384021759, 18.3195018768, 41.1216812134, 22.5928153992, 26.906003952, 23.0818881989, 34.4928321838, 41.4164085388, 13.2262277603, 15.0080499649, 11.51375103, 6.87705755234, 10.6492557526, 3.12109184265, 3.19993448257, 3.73601865768, 3.98534274101, 4.52161931992, 3.19174766541, 2.54861116409, 2.44151687622, 2.25365829468, 2.05868506432, 1.93168210983, 1.61533606052, 1.52115058899, 1.27382659912, 0.873572766781, 0.518576741219, 0.365508496761, 0.212707310915, 0.155758321285, 0.0676411390305, 0.0140142217278, 0.000329813396093, 3.15330362355e-005],
        "var": [0.018482806161, 0.23350559175, 5.04090166092, 115.372169495, 399.982330322, 1282.17883301, 5227.82763672, 1557.53222656, 4942.23339844, 2221.88671875, 7936.02929688, 12076.0205078, 983.028442383, 1085.13427734, 1622.02697754, 298.821563721, 535.093994141, 25.7929019928, 38.1605873108, 39.9614143372, 77.6699752808, 71.3367080688, 48.3291625977, 37.5383911133, 34.3842010498, 43.6762008667, 37.6261749268, 35.7202987671, 20.9666652679, 23.6059093475, 15.4075622559, 8.79925346375, 3.09440946579, 1.27801704407, 0.365278363228, 0.261489391327, 0.0455973744392, 0.00224022194743, 1.19604612792e-006, 1.85336568315e-009]
    },
    "gfcc": {
        "mean": [-76.3992767334, 123.07472229, -94.3797149658, 4.31573581696, -60.6894874573, -8.06104564667, -47.9115524292, 0.0287089925259, -32.9674377441, -1.61607134342, -21.1910018921, 0.449606597424, -13.0174264908],
        "cov": [[7780.34326172, -2739.57226563, -92.5818786621, 571.060668945, -935.38092041, 352.681304932, -76.9187393188, 462.56463623, 59.8635101318, 260.871429443, -417.833374023, 294.792388916, -159.922958374], [-2739.57226563, 2545.12963867, -324.366119385, -595.125549316, 782.40020752, -366.853149414, 211.696929932, -147.495254517, 32.5255279541, -251.393829346, 368.304656982, -158.503219604, 134.363677979], [-92.5818786621, -324.366119385, 523.102233887, 186.020065308, -101.459457397, 116.830314636, -53.3249740601, -37.3623695374, 16.6534061432, 64.7054672241, -78.3177185059, 12.9655237198, -34.973323822], [571.060668945, -595.125549316, 186.020065308, 407.616882324, -105.053398132, 131.924102783, -37.1579475403, 26.5923480988, -2.31820130348, 60.17603302, -60.2361373901, 58.9503746033, -13.851020813], [-935.38092041, 782.40020752, -101.459457397, -105.053398132, 474.085113525, -65.5168838501, 93.3339157104, -33.35105896, -8.69699001312, -76.1581878662, 139.592880249, -28.2055797577, 31.4159755707], [352.681304932, -366.853149414, 116.830314636, 131.924102783, -65.5168838501, 268.816802979, 25.9994754791, -8.06131076813, 14.3197917938, 35.6973953247, -61.2280387878, 35.2999305725, -27.8749923706], [-76.9187393188, 211.696929932, -53.3249740601, -37.1579475403, 93.3339157104, 25.9994754791, 147.447219849, 32.8495903015, 18.1903953552, -21.0551776886, 50.7870635986, 5.06012868881, 11.1150283813], [462.56463623, -147.495254517, -37.3623695374, 26.5923480988, -33.35105896, -8.06131076813, 32.8495903015, 216.215988159, 26.196844101, 32.5572776794, -12.1783313751, 38.1600952148, 24.4096221924], [59.8635101318, 32.5255279541, 16.6534061432, -2.31820130348, -8.69699001312, 14.3197917938, 18.1903953552, 26.196844101, 103.708648682, 29.2844581604, 0.913807451725, 9.91565608978, -12.3029603958], [260.871429443, -251.393829346, 64.7054672241, 60.17603302, -76.1581878662, 35.6973953247, -21.0551776886, 32.5572776794, 29.2844581604, 106.928573608, -18.7510471344, -0.680792689323, -18.5599365234], [-417.833374023, 368.304656982, -78.3177185059, -60.2361373901, 139.592880249, -61.2280387878, 50.7870635986, -12.1783313751, 0.913807451725, -18.7510471344, 142.968536377, 10.9752578735, 21.7376194], [294.792388916, -158.503219604, 12.9655237198, 58.9503746033, -28.2055797577, 35.2999305725, 5.06012868881, 38.1600952148, 9.91565608978, -0.680792689323, 10.9752578735, 101.727928162, 16.8447551727], [-159.922958374, 134.363677979, -34.973323822, -13.851020813, 31.4159755707, -27.8749923706, 11.1150283813, 24.4096221924, -12.3029603958, -18.5599365234, 21.7376194, 16.8447551727, 94.2312011719]],
        "icov": [[0.000277132872725, 8.99279912119e-005, 0.00028984900564, -0.000137865659781, 0.000214172250708, 1.89473739738e-005, -0.000203514748137, -0.000290292111458, 5.18229971931e-005, -0.000229955752729, 0.000475736567751, -0.000575225742068, 0.000417374976678], [8.99279912119e-005, 0.00317893736064, -0.000663320883177, 0.00200126762502, -0.00238719466142, 0.00114359438885, -0.000864565954544, 0.00069638772402, -0.00297729182057, 0.00380141055211, -0.00359804672189, 0.00349313719198, -0.00271088443696], [0.00028984900564, -0.000663320883177, 0.00311128702015, -0.00146337947808, 0.000699022959452, -0.000666666543111, 0.000323557731463, 0.000211235659663, 0.000431954336818, -0.00212440290488, 0.00222784117796, -0.00159814942162, 0.00126395665575], [-0.000137865659781, 0.00200126762502, -0.00146337947808, 0.00515398010612, -0.00175231194589, -0.000384343526093, 0.000159366682055, 0.000325217319187, -0.00110721366946, 0.00140372687019, -0.00224383338355, 0.000929383968469, -0.00202224170789], [0.000214172250708, -0.00238719466142, 0.000699022959452, -0.00175231194589, 0.00567185878754, -0.00104922032915, -0.000460325652966, -0.000853289733641, 0.00215213559568, -0.00121111201588, 0.000155573696247, -0.00172617915086, 0.0021583607886], [1.89473739738e-005, 0.00114359438885, -0.000666666543111, -0.000384343526093, -0.00104922032915, 0.00646871468052, -0.00331244175322, 0.0017060644459, -0.000950605084654, -0.000268097006483, 0.00176421552896, -0.00106165756006, -8.43985690153e-005], [-0.000203514748137, -0.000864565954544, 0.000323557731463, 0.000159366682055, -0.000460325652966, -0.00331244175322, 0.0108510646969, -0.00244842562824, -0.00101288268343, 0.00163779628929, -0.00304760574363, 0.000899824313819, 0.000291323027341], [-0.000290292111458, 0.00069638772402, 0.000211235659663, 0.000325217319187, -0.000853289733641, 0.0017060644459, -0.00244842562824, 0.00699942838401, -0.00146381778177, -0.00165555265266, 0.000919006648473, -0.00115571380593, -0.00261720689014], [5.18229971931e-005, -0.00297729182057, 0.000431954336818, -0.00110721366946, 0.00215213559568, -0.000950605084654, -0.00101288268343, -0.00146381778177, 0.0143130179495, -0.00716744503006, 0.00403745751828, -0.00526685174555, 0.00429791398346], [-0.000229955752729, 0.00380141055211, -0.00212440290488, 0.00140372687019, -0.00121111201588, -0.000268097006483, 0.00163779628929, -0.00165555265266, -0.00716744503006, 0.0195144452155, -0.00835659727454, 0.00849074032158, -0.00251492718235], [0.000475736567751, -0.00359804672189, 0.00222784117796, -0.00224383338355, 0.000155573696247, 0.00176421552896, -0.00304760574363, 0.000919006648473, 0.00403745751828, -0.00835659727454, 0.0188173744828, -0.00975853204727, 0.00331106013618], [-0.000575225742068, 0.00349313719198, -0.00159814942162, 0.000929383968469, -0.00172617915086, -0.00106165756006, 0.000899824313819, -0.00115571380593, -0.00526685174555, 0.00849074032158, -0.00975853204727, 0.0195356216282, -0.00621527852491], [0.000417374976678, -0.00271088443696, 0.00126395665575, -0.00202224170789, 0.0021583607886, -8.43985690153e-005, 0.000291323027341, -0.00261720689014, 0.00429791398346, -0.00251492718235, 0.00331106013618, -0.00621527852491, 0.0156699120998]]
    },
    "melbands": {
        "mean": [0.00024743922404, 0.000376851967303, 0.000966384483036, 0.000932939932682, 0.00137941760477, 0.000559399835765, 0.000395969866076, 0.000233258353546, 0.000323447660776, 0.000225166324526, 5.88440270803e-005, 6.14516393398e-005, 4.84053016407e-005, 1.63921067724e-005, 2.49365202762e-005, 1.44318928506e-005, 5.25433279108e-006, 5.06923561261e-006, 4.80717744722e-006, 4.04081492889e-006, 5.19951390743e-006, 5.24481811226e-006, 3.44241584571e-006, 2.79139885606e-006, 1.92041989067e-006, 1.90228138308e-006, 1.58669922712e-006, 1.44732860008e-006, 1.2656656736e-006, 1.26057875605e-006, 1.03842501176e-006, 8.63921059135e-007, 9.1042738859e-007, 8.29742759834e-007, 7.62332490467e-007, 6.30861222817e-007, 4.89633407597e-007, 3.55366012172e-007, 3.28902586944e-007, 3.05556426383e-007],
        "var": [9.30289559165e-007, 9.82618757916e-007, 3.8640537241e-006, 2.47681555265e-006, 5.53706422579e-006, 9.76793444352e-007, 9.57811153057e-007, 2.26562704597e-007, 6.39342431441e-007, 3.69393802657e-007, 2.4370139684e-008, 1.81191506243e-008, 2.85633277031e-008, 6.57088827793e-009, 2.09110573302e-009, 9.02469599051e-010, 9.66045854423e-011, 1.12752765458e-010, 7.13782852269e-011, 4.78321965369e-011, 1.81896442353e-010, 1.24805124568e-010, 5.91869470101e-011, 7.66950045139e-011, 2.2469781244e-011, 1.75430277943e-011, 1.92655006531e-011, 2.01176748871e-011, 1.50648885727e-011, 1.41382981711e-011, 1.08562820192e-011, 5.90595237646e-012, 8.08184422163e-012, 7.24550584461e-012, 5.48034274211e-012, 4.4247244757e-012, 2.80115839378e-012, 1.50999698856e-012, 1.08491752908e-012, 9.51011513463e-013]
    },
    "mfcc": {
        "mean": [-731.909362793, 163.39465332, 14.543214798, 16.4621868134, 0.575176596642, -7.44848012924, -10.0155754089, -7.33482313156, -8.6616897583, -8.79236698151, -7.19014644623, -6.38086366653, -3.2956469059],
        "cov": [[6558.30957031, -2166.58984375, -25.3955287933, 123.02406311, -499.596740723, -126.582191467, -159.756561279, 150.505279541, 329.48928833, 142.985824585, 50.6795387268, 111.013511658, -34.5131340027], [-2166.58984375, 2245.49731445, -530.706115723, -104.50012207, 247.096466064, -148.195159912, 114.065299988, 42.417137146, -152.592086792, -91.9225540161, 50.1662406921, -44.25963974, 62.3008308411], [-25.3955287933, -530.706115723, 564.356628418, 45.7959899902, -39.2896614075, 167.370773315, -46.2358970642, -30.2330188751, 38.393081665, 38.8884162903, 4.31220197678, 19.4263820648, -35.7840538025], [123.02406311, -104.50012207, 45.7959899902, 214.328948975, 42.3707695007, -36.1584587097, 13.838965416, 1.53137946129, 15.2828483582, -6.55541753769, 14.0724153519, 16.2255020142, -7.63905858994], [-499.596740723, 247.096466064, -39.2896614075, 42.3707695007, 223.488479614, 62.3147850037, 62.6338233948, 32.4113883972, -24.1668453217, -30.8822917938, -0.877917945385, 4.95507287979, 20.8048667908], [-126.582191467, -148.195159912, 167.370773315, -36.1584587097, 62.3147850037, 267.49597168, 17.8497409821, 13.776930809, -14.2194757462, 6.17779254913, -18.5870037079, 10.528175354, -7.98517990112], [-159.756561279, 114.065299988, -46.2358970642, 13.838965416, 62.6338233948, 17.8497409821, 156.035217285, 52.8561859131, -3.55706477165, -24.7447185516, -10.0322370529, -4.32765436172, 28.2685775757], [150.505279541, 42.417137146, -30.2330188751, 1.53137946129, 32.4113883972, 13.776930809, 52.8561859131, 141.812088013, 32.3539505005, -32.571308136, 8.20145797729, 23.7782440186, 29.8055877686], [329.48928833, -152.592086792, 38.393081665, 15.2828483582, -24.1668453217, -14.2194757462, -3.55706477165, 32.3539505005, 125.284416199, 38.5395278931, -0.650047600269, 2.43715119362, 8.78846168518], [142.985824585, -91.9225540161, 38.8884162903, -6.55541753769, -30.8822917938, 6.17779254913, -24.7447185516, -32.571308136, 38.5395278931, 120.818901062, 29.3046245575, 5.50944852829, -7.26748037338], [50.6795387268, 50.1662406921, 4.31220197678, 14.0724153519, -0.877917945385, -18.5870037079, -10.0322370529, 8.20145797729, -0.650047600269, 29.3046245575, 100.874023438, 35.9876403809, -7.96136665344], [111.013511658, -44.25963974, 19.4263820648, 16.2255020142, 4.95507287979, 10.528175354, -4.32765436172, 23.7782440186, 2.43715119362, 5.50944852829, 35.9876403809, 94.2942276001, 22.0445728302], [-34.5131340027, 62.3008308411, -35.7840538025, -7.63905858994, 20.8048667908, -7.98517990112, 28.2685775757, 29.8055877686, 8.78846168518, -7.26748037338, -7.96136665344, 22.0445728302, 78.4406356812]],
        "icov": [[0.000346060754964, 0.000341158651281, 0.000441239651991, -0.000193655519979, 0.000495382177178, -7.90038175182e-005, 0.000163591423188, -0.000455360888736, -0.000378913275199, -7.55045402911e-005, -0.000223248323891, -0.000120194359624, 8.49478456075e-005], [0.000341158651281, 0.00110770296305, 0.000851925928146, 0.0002905279689, -0.000354831397999, 0.000315010838676, 4.94523119414e-005, -0.000488235760713, 0.000237724321778, 5.5543925555e-005, -0.00086775328964, 0.000378310563974, -0.000234745093621], [0.000441239651991, 0.000851925928146, 0.00353294168599, -0.00102997641079, 0.00111798231956, -0.00207655574195, 0.000590275798459, 5.08620069013e-005, -0.00114766310435, 7.58071109885e-005, -0.000895480858162, -0.000207493751077, 0.000391970330384], [-0.000193655519979, 0.0002905279689, -0.00102997641079, 0.00626211427152, -0.00262366957031, 0.00220410851762, -0.000869425595738, 0.000716426235158, -0.000315708573908, 0.000661931233481, -0.000399156589992, -0.000968314998318, 0.00111369288061], [0.000495382177178, -0.000354831397999, 0.00111798231956, -0.00262366957031, 0.00799598544836, -0.00285785971209, -0.00106175278779, -0.000830392469652, -0.000481778813992, 0.000607786641922, -0.000455371453427, -0.00011670832464, -0.000862381246407], [-7.90038175182e-005, 0.000315010838676, -0.00207655574195, 0.00220410851762, -0.00285785971209, 0.00654250057414, -0.000641772814561, -0.00107607920654, 0.00172471709084, -0.00120375666302, 0.00165272422601, -0.000927586399484, 0.00117022939958], [0.000163591423188, 4.94523119414e-005, 0.000590275798459, -0.000869425595738, -0.00106175278779, -0.000641772814561, 0.00871817953885, -0.00293533783406, 0.000406263076002, -2.68183230219e-005, 0.000289482210064, 0.0014810366556, -0.00202777003869], [-0.000455360888736, -0.000488235760713, 5.08620069013e-005, 0.000716426235158, -0.000830392469652, -0.00107607920654, -0.00293533783406, 0.011803898029, -0.00409575784579, 0.00434793718159, -0.00189668650273, -0.00176098197699, -0.0018721484812], [-0.000378913275199, 0.000237724321778, -0.00114766310435, -0.000315708573908, -0.000481778813992, 0.00172471709084, 0.000406263076002, -0.00409575784579, 0.0123600745574, -0.00475037889555, 0.00175052753184, 0.00130574288778, -0.00121081923135], [-7.55045402911e-005, 5.5543925555e-005, 7.58071109885e-005, 0.000661931233481, 0.000607786641922, -0.00120375666302, -2.68183230219e-005, 0.00434793718159, -0.00475037889555, 0.0123346932232, -0.00442221900448, 0.000255448103417, -0.000750075967517], [-0.000223248323891, -0.00086775328964, -0.000895480858162, -0.000399156589992, -0.000455371453427, 0.00165272422601, 0.000289482210064, -0.00189668650273, 0.00175052753184, -0.00442221900448, 0.0146727692336, -0.00577850779518, 0.00355632859282], [-0.000120194359624, 0.000378310563974, -0.000207493751077, -0.000968314998318, -0.00011670832464, -0.000927586399484, 0.0014810366556, -0.00176098197699, 0.00130574288778, 0.000255448103417, -0.00577850779518, 0.0151854623109, -0.0054471604526], [8.49478456075e-005, -0.000234745093621, 0.000391970330384, 0.00111369288061, -0.000862381246407, 0.00117022939958, -0.00202777003869, -0.0018721484812, -0.00121081923135, -0.000750075967517, 0.00355632859282, -0.0054471604526, 0.0170075502247]]
    },
    "spectral_contrast_coeffs": {
        "mean": [-0.558211505413, -0.658421754837, -0.73348981142, -0.774155557156, -0.795880019665, -0.796821117401],
        "var": [0.00911288522184, 0.00768748065457, 0.00576498592272, 0.00297695188783, 0.00224623573013, 0.000944676692598]
    },
    "spectral_contrast_valleys": {
        "mean": [-7.93841791153, -7.14682722092, -8.16763019562, -8.77949905396, -8.90088272095, -11.374174118],
        "var": [0.899508178234, 0.861489236355, 0.748392045498, 0.800769090652, 1.31980848312, 2.20850324631]
    }
},
"metadata": {
    "audio_properties": {
        "analysis_sample_rate": 44100,
        "bit_rate": 128074,
        "equal_loudness": 0,
        "length": 45.0612258911,
        "lossless": 0,
        "replay_gain": -6.62480545044,
        "sample_rate": 44100,
        "codec": "mp3",
        "downmix": "mix",
        "md5_encoded": "0fbd0f8ae84daa5fbc14ce289e8befc1"
    },
    "tags": {
        "file_name": "1451.mp3"
    },
    "version": {
        "essentia": "2.1-beta2",
        "essentia_git_sha": "v2.1_beta2",
        "extractor": "music 1.0"
    }
},
"rhythm": {
    "beats_count": 92,
    "beats_loudness": {
        "mean": 0.0271982494742,
        "var": 0.000503115181345
    },
    "bpm": 124.963783264,
    "bpm_histogram_first_peak_bpm": {
        "mean": 126,
        "var": 0
    },
    "bpm_histogram_first_peak_spread": {
        "mean": 0.412500023842,
        "var": 0
    },
    "bpm_histogram_first_peak_weight": {
        "mean": 0.516483545303,
        "var": 0
    },
    "bpm_histogram_second_peak_bpm": {
        "mean": 112,
        "var": 0
    },
    "bpm_histogram_second_peak_spread": {
        "mean": 0.333333343267,
        "var": 0
    },
    "bpm_histogram_second_peak_weight": {
        "mean": 0.0439560450613,
        "var": 0
    },
    "danceability": 0.994463384151,
    "onset_rate": 2.92802762985,
    "beats_loudness_band_ratio": {
        "mean": [0.277011364698, 0.381541073322, 0.224601492286, 0.0829923376441, 0.0271822940558, 0.0592088587582],
        "var": [0.0455911867321, 0.0444881767035, 0.0237129405141, 0.010471352376, 0.000818363099825, 0.00866759009659]
    },
    "beats_position": [0.46439909935, 0.952018141747, 1.45124709606, 1.93886613846, 2.42648530006, 2.90249419212, 3.3785033226, 3.85451245308, 4.33052158356, 4.80653047562, 5.28253936768, 5.75854873657, 6.23455762863, 6.71056699753, 7.18657588959, 7.67419481277, 8.15020370483, 8.6146030426, 9.07900238037, 9.55501079559, 10.0310201645, 10.5070295334, 10.9830379486, 11.4590473175, 11.9466667175, 12.4226751328, 12.8986845016, 13.3746938705, 13.8507022858, 14.3267116547, 14.8143310547, 15.301949501, 15.7895689011, 16.2655773163, 16.7415866852, 17.2175960541, 17.693605423, 18.181224823, 18.6572322845, 19.1332416534, 19.6208610535, 20.0968704224, 20.5844898224, 21.0604991913, 21.5365066528, 22.0125160217, 22.5001354218, 22.9761447906, 23.4521541595, 23.9281635284, 24.40417099, 24.89179039, 25.37940979, 25.8554191589, 26.3314285278, 26.8190479279, 27.3066654205, 27.7826747894, 28.2702941895, 28.7463035583, 29.2339229584, 29.7099323273, 30.1859397888, 30.6619491577, 31.1495685577, 31.6255779266, 32.1131973267, 32.6008148193, 33.0884361267, 33.5644454956, 34.0404510498, 34.5280723572, 35.0156898499, 35.4916992188, 35.9677085876, 36.455329895, 36.9429473877, 37.4305648804, 37.9181861877, 38.4058036804, 38.8934249878, 39.3810424805, 39.8802719116, 40.3795013428, 40.8903388977, 41.4011802673, 41.9352378845, 42.4692955017, 43.0033569336, 43.5490226746, 44.0830841064, 44.6055335999]
},
"tonal": {
    "chords_changes_rate": 0.037037037313,
    "chords_number_rate": 0.00720164598897,
    "chords_strength": {
        "mean": 0.546472489834,
        "var": 0.00600558938459
    },
    "hpcp_entropy": {
        "mean": 1.43347406387,
        "var": 0.690180361271
    },
    "key_strength": 0.772871732712,
    "tuning_diatonic_strength": 0.592429280281,
    "tuning_equal_tempered_deviation": 0.00658208411187,
    "tuning_frequency": 438.731048584,
    "tuning_nontempered_energy_ratio": 0.671863555908,
    "hpcp": {
        "mean": [0.162764713168, 0.106611646712, 0.0267575476319, 0.0129299303517, 0.0186637472361, 0.0807227119803, 0.147180572152, 0.109996758401, 0.156918466091, 0.26344537735, 0.171581938863, 0.0546643026173, 0.0461456105113, 0.0640824064612, 0.108032248914, 0.137947246432, 0.112159758806, 0.078495234251, 0.0687294229865, 0.102573797107, 0.262785494328, 0.388834446669, 0.247137874365, 0.11209718883, 0.107646174729, 0.0630744472146, 0.0350830554962, 0.0465797334909, 0.0518257841468, 0.0741785764694, 0.0987524241209, 0.0703706368804, 0.0507217310369, 0.070647791028, 0.0783865973353, 0.114021062851],
        "var": [0.0679095461965, 0.0369168817997, 0.00755238719285, 0.00183336064219, 0.00589386932552, 0.027187788859, 0.0746664106846, 0.037254255265, 0.0585493519902, 0.140644997358, 0.0693584755063, 0.0226315744221, 0.0192519780248, 0.0315411873162, 0.052827142179, 0.0673229172826, 0.0521972514689, 0.0372208952904, 0.0306141171604, 0.0451166257262, 0.0939509645104, 0.145830333233, 0.0762467384338, 0.0383310429752, 0.0483914278448, 0.0205417275429, 0.0102040665224, 0.0198599249125, 0.023989925161, 0.0307697635144, 0.0388243570924, 0.0261431839317, 0.0215792395175, 0.0401724204421, 0.0436052419245, 0.0462936349213]
    },
    "chords_histogram": [38.8888893127, 10.4938268661, 25.1028804779, 0.617283940315, 0, 0, 0, 7.92181062698, 2.16049385071, 7.51028823853, 0, 0, 0.308641970158, 0, 0, 0, 0, 0.308641970158, 0, 0, 0, 0, 0.102880656719, 6.58436203003],
    "thpcp": [1, 0.635586380959, 0.288290262222, 0.276843219995, 0.162214145064, 0.0902262032032, 0.119793228805, 0.133284956217, 0.190771624446, 0.253970354795, 0.180978402495, 0.130445569754, 0.18169118464, 0.201593756676, 0.293238073587, 0.418596446514, 0.274182617664, 0.0688147544861, 0.0332530476153, 0.0479992106557, 0.207601755857, 0.378517329693, 0.282888412476, 0.403561115265, 0.677525818348, 0.441272467375, 0.140585035086, 0.118676751852, 0.164806395769, 0.277836114168, 0.35477116704, 0.288451194763, 0.201873153448, 0.176757544279, 0.263798117638, 0.675828754902],
    "chords_key": "A",
    "chords_scale": "minor",
    "key_key": "A",
    "key_scale": "minor"
}
}