{
"lowlevel": {
    "average_loudness": 0.92013657093,
    "barkbands_crest": {
        "mean": 11.6965847015,
        "var": 20.9016666412
    },
    "barkbands_flatness_db": {
        "mean": 0.203953921795,
        "var": 0.00228658714332
    },
    "barkbands_kurtosis": {
        "mean": 2.73217940331,
        "var": 19.6106185913
    },
    "barkbands_skewness": {
        "mean": 1.46133887768,
        "var": 0.91867005825
    },
    "barkbands_spread": {
        "mean": 16.3474330902,
        "var": 77.725944519
    },
    "dissonance": {
        "mean": 0.458281844854,
        "var": 0.00100407458376
    },
    "dynamic_complexity": 4.60746145248,
    "erbbands_crest": {
        "mean": 10.1737794876,
        "var": 20.7645626068
    },
    "erbbands_flatness_db": {
        "mean": 0.234266102314,
        "var": 0.0014504006831
    },
    "erbbands_kurtosis": {
        "mean": -0.29503506422,
        "var": 3.27141165733
    },
    "erbbands_skewness": {
        "mean": 0.0164315998554,
        "var": 0.399963825941
    },
    "erbbands_spread": {
        "mean": 33.9056892395,
        "var": 148.93548584
    },
    "hfc": {
        "mean": 12.5609178543,
        "var": 155.16444397
    },
    "melbands_crest": {
        "mean": 15.4659519196,
        "var": 31.9734268188
    },
    "melbands_flatness_db": {
        "mean": 0.25398811698,
        "var": 0.00447490764782
    },
    "melbands_kurtosis": {
        "mean": 8.85500335693,
        "var": 95.3865890503
    },
    "melbands_skewness": {
        "mean": 2.43227005005,
        "var": 1.63535749912
    },
    "melbands_spread": {
        "mean": 19.7546672821,
        "var": 176.859283447
    },
    "pitch_salience": {
        "mean": 0.505717515945,
        "var": 0.010936406441
    },
    "silence_rate_20dB": {
        "mean": 1,
        "var": 0
    },
    "silence_rate_30dB": {
        "mean": 0.999485075474,
        "var": 0.000514648738317
    },
    "silence_rate_60dB": {
        "mean": 0.203398555517,
        "var": 0.162027806044
    },
    "spectral_centroid": {
        "mean": 1107.10510254,
        "var": 390406
    },
    "spectral_complexity": {
        "mean": 15.9140062332,
        "var": 89.777633667
    },
    "spectral_decrease": {
        "mean": -5.20166620888e-009,
        "var": 2.48334409878e-017
    },
    "spectral_energy": {
        "mean": 0.0207715872675,
        "var": 0.000387759093428
    },
    "spectral_energyband_high": {
        "mean": 0.000290244235657,
        "var": 4.29933919577e-007
    },
    "spectral_energyband_low": {
        "mean": 0.00246074981987,
        "var": 7.28158238417e-006
    },
    "spectral_energyband_middle_high": {
        "mean": 0.00354126561433,
        "var": 1.44109408211e-005
    },
    "spectral_energyband_middle_low": {
        "mean": 0.0148966098204,
        "var": 0.000259352033027
    },
    "spectral_entropy": {
        "mean": 6.98063278198,
        "var": 0.188907474279
    },
    "spectral_flux": {
        "mean": 0.0614790990949,
        "var": 0.00166286283638
    },
    "spectral_kurtosis": {
        "mean": 8.76644229889,
        "var": 67.3920288086
    },
    "spectral_rms": {
        "mean": 0.00393292866647,
        "var": 4.79705158796e-006
    },
    "spectral_rolloff": {
        "mean": 1254.26904297,
        "var": 944590.875
    },
    "spectral_skewness": {
        "mean": 1.66824507713,
        "var": 0.731452584267
    },
    "spectral_spread": {
        "mean": 2615264.25,
        "var": 1.42910134682e+012
    },
    "spectral_strongpeak": {
        "mean": 0.834846794605,
        "var": 0.751472234726
    },
    "zerocrossingrate": {
        "mean": 0.0434432029724,
        "var": 0.000526012328919
    },
    "barkbands": {
        "mean": [4.85175996801e-006, 0.00059905287344, 0.00146521162242, 0.00198514573276, 0.00925406999886, 0.000784199219197, 0.000735248206183, 0.000531917612534, 0.00155256793369, 0.000218850298552, 0.000155967514729, 0.000299167004414, 0.0009633989539, 0.000211592167034, 0.00064922432648, 0.000187826895854, 0.00030731872539, 0.00023741525365, 0.000280945940176, 0.000167286911164, 0.000137566545163, 2.94373785437e-005, 9.72721500148e-006, 3.02001490127e-006, 5.13137706548e-007, 8.65858424959e-008, 1.1244715159e-009],
        "var": [2.071744859e-010, 9.93799176285e-007, 3.13684358844e-006, 1.60656582011e-005, 0.000142200442497, 8.71666429703e-007, 1.85025282917e-006, 7.64290973621e-007, 1.66156933119e-005, 7.27986488869e-008, 7.34013170245e-008, 1.27476695866e-007, 3.00951728605e-006, 1.0475501e-007, 1.03033619325e-006, 7.16033383696e-008, 3.90684732565e-007, 1.34801851459e-007, 2.86882396949e-007, 2.08703440308e-007, 1.04717003069e-007, 6.84284406915e-009, 7.03301750171e-010, 5.83417689159e-011, 2.46519796764e-012, 4.95577496683e-014, 4.05302039257e-018]
    },
    "erbbands": {
        "mean": [0.00402695825323, 0.199259757996, 1.5372838974, 3.71712350845, 22.666431427, 34.1716995239, 11.4159116745, 6.18055963516, 4.44548988342, 21.4046020508, 9.9170665741, 27.9736843109, 23.4239997864, 9.12220478058, 8.12844753265, 13.8259878159, 51.1772499084, 14.1769752502, 23.6358699799, 27.920873642, 11.8658924103, 18.5346279144, 12.38326931, 13.8395442963, 12.3267459869, 8.10233879089, 7.89337444305, 3.42575645447, 1.03061950207, 0.633572638035, 0.222272098064, 0.0897029042244, 0.0377907529473, 0.0106764230877, 0.00162298220675, 0.000558088941034, 0.000131396416691, 1.63351396623e-005, 1.12376610559e-005, 2.41080833803e-005],
        "var": [3.68566688849e-005, 0.091914460063, 3.34747958183, 29.84649086, 1579.55969238, 2205.45068359, 212.670394897, 54.243106842, 34.6042861938, 1652.88513184, 175.787872314, 4798.88574219, 4070.29638672, 171.417022705, 208.697433472, 225.041519165, 9003.95410156, 328.514251709, 1272.6973877, 2796.54321289, 296.311187744, 1429.8581543, 364.425811768, 591.890808105, 594.736938477, 465.049377441, 315.384063721, 78.2623291016, 7.52973031998, 3.47551035881, 0.413294106722, 0.0528203733265, 0.0102777006105, 0.000875857309438, 3.39297985192e-005, 2.68921871793e-006, 1.06168201341e-007, 1.17411858014e-009, 1.07922386305e-010, 5.08090070017e-010]
    },
    "gfcc": {
        "mean": [-90.8180541992, 157.19430542, -161.665328979, 32.2763595581, -46.0445251465, -14.4295539856, -29.0611038208, -17.5685100555, -23.0665855408, -13.231795311, -15.3108634949, -20.3208026886, -8.73691654205],
        "cov": [[9117.02246094, -362.026824951, -836.815002441, 1277.25305176, -203.820632935, -25.96667099, -24.6957111359, -437.86227417, -24.0802364349, -431.62713623, 144.532012939, -141.360137939, 90.0728988647], [-362.026824951, 965.955810547, 354.557983398, -357.786315918, 427.875762939, -94.4225158691, 70.0371246338, -126.796379089, -33.3264656067, -48.2779045105, 22.7600135803, -26.0884456635, -59.4013519287], [-836.815002441, 354.557983398, 455.78326416, -76.729598999, 158.543167114, 70.8970947266, 59.4497680664, -8.02407073975, -32.3206710815, -2.06585502625, -10.0409183502, 3.48725557327, -55.33411026], [1277.25305176, -357.786315918, -76.729598999, 548.669921875, -137.008407593, 83.1872711182, 22.9435119629, -33.726272583, -16.6894054413, -51.8874969482, 34.7940063477, -19.0789260864, 19.796125412], [-203.820632935, 427.875762939, 158.543167114, -137.008407593, 363.886199951, -13.1067485809, 18.6446113586, -70.3940505981, -44.4574623108, -17.8056316376, 8.64033794403, -9.26141548157, -52.5753936768], [-25.96667099, -94.4225158691, 70.8970947266, 83.1872711182, -13.1067485809, 161.218338013, 22.5088310242, 9.15198326111, -1.60983264446, -4.21352910995, -1.3809697628, -10.2639884949, -12.491481781], [-24.6957111359, 70.0371246338, 59.4497680664, 22.9435119629, 18.6446113586, 22.5088310242, 123.225074768, 34.2025794983, -12.9788427353, -6.04950761795, -8.25846576691, -8.03824996948, 4.88455057144], [-437.86227417, -126.796379089, -8.02407073975, -33.726272583, -70.3940505981, 9.15198326111, 34.2025794983, 165.222076416, 40.2180709839, 37.2308883667, -30.0904903412, 10.3577003479, 12.5525302887], [-24.0802364349, -33.3264656067, -32.3206710815, -16.6894054413, -44.4574623108, -1.60983264446, -12.9788427353, 40.2180709839, 86.1940917969, 25.5849266052, -8.29766368866, 6.39953660965, 5.8838429451], [-431.62713623, -48.2779045105, -2.06585502625, -51.8874969482, -17.8056316376, -4.21352910995, -6.04950761795, 37.2308883667, 25.5849266052, 112.456855774, 17.1891040802, 6.75083208084, -10.4584941864], [144.532012939, 22.7600135803, -10.0409183502, 34.7940063477, 8.64033794403, -1.3809697628, -8.25846576691, -30.0904903412, -8.29766368866, 17.1891040802, 80.0573654175, 14.061750412, -12.3164758682], [-141.360137939, -26.0884456635, 3.48725557327, -19.0789260864, -9.26141548157, -10.2639884949, -8.03824996948, 10.3577003479, 6.39953660965, 6.75083208084, 14.061750412, 72.8701782227, 5.63856124878], [90.0728988647, -59.4013519287, -55.33411026, 19.796125412, -52.5753936768, -12.491481781, 4.88455057144, 12.5525302887, 5.8838429451, -10.4584941864, -12.3164758682, 5.63856124878, 80.9851303101]],
        "icov": [[0.000341666251188, -0.000542016525287, 0.000859013933223, -0.000875874364283, 0.000213509207242, -0.000158544251462, 4.18408126279e-005, 0.00031639621011, -0.000222359667532, 0.000681882083882, -3.90230161429e-005, 0.000112995505333, 0.000176467816345], [-0.000542016525287, 0.00856136810035, -0.00569697935134, 0.00505225686356, -0.00525217503309, 0.00495786871761, -0.00468339491636, 0.00377664086409, -0.00464697182178, 0.00310588767752, -0.00480593089014, 0.00374607136473, -0.00144592404831], [0.000859013933223, -0.00569697935134, 0.00782724004239, -0.0039061603602, 0.00228790589608, -0.00450247665867, 0.00146078912076, -0.00151042535435, 0.00282627670094, -0.00079067965271, 0.00333647662774, -0.00275008613244, 0.00249711098149], [-0.000875874364283, 0.00505225686356, -0.0039061603602, 0.00663582934067, -0.00180709734559, 0.00133049115539, -0.00302832154557, 0.00183054374065, -0.00156830041669, 0.00147682998795, -0.0036666940432, 0.00218996405602, -0.00108557159547], [0.000213509207242, -0.00525217503309, 0.00228790589608, -0.00180709734559, 0.00762923387811, -0.00265157432295, 0.0021260313224, -0.000923377287108, 0.00389282568358, -0.00163889466785, 0.00267629115842, -0.00198872201145, 0.00252490583807], [-0.000158544251462, 0.00495786871761, -0.00450247665867, 0.00133049115539, -0.00265157432295, 0.01071148552, -0.00325579452328, 0.00199482170865, -0.00330150686204, 0.00218632584438, -0.00273125083186, 0.00316579733044, 0.000115633971291], [4.18408126279e-005, -0.00468339491636, 0.00146078912076, -0.00302832154557, 0.0021260313224, -0.00325579452328, 0.0130797242746, -0.00579093862325, 0.00482239387929, -0.00189794180915, 0.00260041025467, -0.00106195861008, -0.000882713182364], [0.00031639621011, 0.00377664086409, -0.00151042535435, 0.00183054374065, -0.000923377287108, 0.00199482170865, -0.00579093862325, 0.0122031960636, -0.00573807256296, 0.000360187637853, 0.000642600411084, 0.000683779770043, -0.000381704536267], [-0.000222359667532, -0.00464697182178, 0.00282627670094, -0.00156830041669, 0.00389282568358, -0.00330150686204, 0.00482239387929, -0.00573807256296, 0.0180580411106, -0.00538245774806, 0.00431672343984, -0.00323369842954, 0.000644356652629], [0.000681882083882, 0.00310588767752, -0.00079067965271, 0.00147682998795, -0.00163889466785, 0.00218632584438, -0.00189794180915, 0.000360187637853, -0.00538245774806, 0.0153097435832, -0.00691076740623, 0.00300437049009, 0.00105836451985], [-3.90230161429e-005, -0.00480593089014, 0.00333647662774, -0.0036666940432, 0.00267629115842, -0.00273125083186, 0.00260041025467, 0.000642600411084, 0.00431672343984, -0.00691076740623, 0.0196516048163, -0.006527508609, 0.00299109402113], [0.000112995505333, 0.00374607136473, -0.00275008613244, 0.00218996405602, -0.00198872201145, 0.00316579733044, -0.00106195861008, 0.000683779770043, -0.00323369842954, 0.00300437049009, -0.006527508609, 0.0174041204154, -0.00221859430894], [0.000176467816345, -0.00144592404831, 0.00249711098149, -0.00108557159547, 0.00252490583807, 0.000115633971291, -0.000882713182364, -0.000381704536267, 0.000644356652629, 0.00105836451985, 0.00299109402113, -0.00221859430894, 0.0155312847346]]
    },
    "melbands": {
        "mean": [9.33938426897e-005, 0.000619096448645, 0.00114519940689, 0.00233645527624, 0.000574332254473, 0.000134247893584, 8.72225500643e-005, 0.000214363419218, 7.87769822637e-005, 0.000208728975849, 0.000117721974675, 3.43934698321e-005, 2.19492121687e-005, 3.48701614712e-005, 6.65342231514e-005, 9.45200736169e-005, 1.89920992852e-005, 3.27277120959e-005, 4.7268858907e-005, 2.08290857699e-005, 1.23162108139e-005, 2.12792601815e-005, 1.2081092791e-005, 1.06089319161e-005, 1.09625234472e-005, 1.15271895993e-005, 5.7065508372e-006, 5.22664458913e-006, 6.24639233138e-006, 2.79682512883e-006, 1.56857606726e-006, 5.34813807462e-007, 5.1929350775e-007, 2.84857634369e-007, 1.31562600814e-007, 7.88132936691e-008, 4.22447605786e-008, 2.7935010749e-008, 1.77571770621e-008, 5.79571679538e-009],
        "var": [2.35238939439e-008, 5.49845310616e-007, 4.57811256638e-006, 9.75094462774e-006, 4.80962967231e-007, 2.60382027051e-008, 1.48688261703e-008, 1.55136106628e-007, 1.63914677387e-008, 3.21397664038e-007, 1.10814454501e-007, 2.55617060851e-009, 1.3795402598e-009, 1.97789029599e-009, 1.08525384235e-008, 2.92105983846e-008, 7.89944609725e-010, 2.9485487385e-009, 5.76130299024e-009, 1.34445743427e-009, 4.58875770715e-010, 1.91112525805e-009, 5.88072923691e-010, 3.5600741799e-010, 4.36779390434e-010, 6.09158168352e-010, 1.38020206375e-010, 2.77002309979e-010, 2.38166930622e-010, 5.52921250452e-011, 1.59500537777e-011, 1.94096171427e-012, 4.46740387738e-012, 6.62609507193e-013, 1.9675236375e-013, 4.72768254666e-014, 1.20055112634e-014, 6.69288885449e-015, 2.44476790225e-015, 3.19631826644e-016]
    },
    "mfcc": {
        "mean": [-715.390014648, 170.690689087, -40.0835952759, 37.0367736816, -4.15420150757, 5.42768192291, -2.84325814247, -8.45584487915, -7.51696014404, -1.99600958824, -5.56256103516, -4.50291728973, -12.4835538864],
        "cov": [[8642.79003906, -581.43157959, -961.458496094, 1211.04846191, -350.845214844, 435.150482178, -124.01385498, 148.214416504, -269.289916992, -46.1111602783, -276.122344971, -203.659103394, -85.3576126099], [-581.43157959, 1392.23901367, -54.5278282166, -108.866188049, 260.467193604, 28.8715419769, 113.320953369, -56.5440101624, -49.929058075, -67.0252838135, 66.642539978, -45.213634491, -4.90464687347], [-961.458496094, -54.5278282166, 483.897521973, -106.754966736, 42.5434608459, 44.1048278809, 57.2489433289, 50.7328071594, 30.9542636871, 23.0465068817, 36.4044723511, 9.70433616638, 13.7465314865], [1211.04846191, -108.866188049, -106.754966736, 379.732940674, -38.8977966309, 85.0512542725, 35.6562423706, 33.3408355713, -35.2944412231, -4.09988260269, -40.9088363647, -33.5021133423, -3.65413665771], [-350.845214844, 260.467193604, 42.5434608459, -38.8977966309, 204.256225586, 52.6340026855, 38.3847885132, -3.47088241577, -26.931142807, -15.8761177063, 39.6632003784, -2.26341915131, -11.0671367645], [435.150482178, 28.8715419769, 44.1048278809, 85.0512542725, 52.6340026855, 188.583404541, 51.6457252502, 24.9748058319, -44.2613677979, -11.6638965607, 0.00692257285118, -22.7714633942, -9.26719856262], [-124.01385498, 113.320953369, 57.2489433289, 35.6562423706, 38.3847885132, 51.6457252502, 160.66065979, 29.0502490997, -14.6281051636, 23.0030708313, 3.36668682098, -23.2636108398, -1.34283685684], [148.214416504, -56.5440101624, 50.7328071594, 33.3408355713, -3.47088241577, 24.9748058319, 29.0502490997, 111.06842804, 25.5493927002, -7.19337511063, -4.76176595688, -12.6964826584, -9.61686515808], [-269.289916992, -49.929058075, 30.9542636871, -35.2944412231, -26.931142807, -44.2613677979, -14.6281051636, 25.5493927002, 114.601509094, 32.9232330322, -16.1960277557, 16.6514835358, 2.95916724205], [-46.1111602783, -67.0252838135, 23.0465068817, -4.09988260269, -15.8761177063, -11.6638965607, 23.0030708313, -7.19337511063, 32.9232330322, 105.553924561, 4.86641454697, -13.8419742584, 9.58088779449], [-276.122344971, 66.642539978, 36.4044723511, -40.9088363647, 39.6632003784, 0.00692257285118, 3.36668682098, -4.76176595688, -16.1960277557, 4.86641454697, 118.300491333, 26.5103588104, -5.40540122986], [-203.659103394, -45.213634491, 9.70433616638, -33.5021133423, -2.26341915131, -22.7714633942, -23.2636108398, -12.6964826584, 16.6514835358, -13.8419742584, 26.5103588104, 100.362976074, 12.6659116745], [-85.3576126099, -4.90464687347, 13.7465314865, -3.65413665771, -11.0671367645, -9.26719856262, -1.34283685684, -9.61686515808, 2.95916724205, 9.58088779449, -5.40540122986, 12.6659116745, 84.7059860229]],
        "icov": [[0.000430126354331, -6.9155546953e-005, 0.000605300767347, -0.000848222000059, 0.000586670299526, -0.000823385431431, 0.000784420990385, -0.000826107803732, 0.000877291546203, -0.000566078408156, 0.000460527226096, 2.58006111835e-005, 0.000258732179645], [-6.9155546953e-005, 0.0011982943397, 0.000236311956542, 0.000405079335906, -0.00135962606873, 0.000302373053273, -0.00111297273543, 0.000937479839195, -0.000692742934916, 0.0012255308684, -0.00060767645482, 0.00090094783809, -0.000364858860848], [0.000605300767347, 0.000236311956542, 0.00363083789125, -0.000134984191391, 0.00041466235416, -0.00203590630554, 0.000146044825669, -0.00206296215765, 0.000518870307133, -0.00083553098375, -4.37545932073e-005, 0.000108848442324, -0.000314561417326], [-0.000848222000059, 0.000405079335906, -0.000134984191391, 0.00543138058856, -0.000498300185427, -1.69990125869e-005, -0.0022799866274, 0.000614014395978, -0.0010275435634, 0.00103421823587, -0.000319917598972, 0.000314607983455, -0.000757019035518], [0.000586670299526, -0.00135962606873, 0.00041466235416, -0.000498300185427, 0.00843002926558, -0.00303216814063, 0.000792891078163, -0.00124767306261, 0.00188890355639, -0.000770328275394, -0.000609991606325, -0.000500383321196, 0.00112130539492], [-0.000823385431431, 0.000302373053273, -0.00203590630554, -1.69990125869e-005, -0.00303216814063, 0.00940632168204, -0.0025881442707, 0.000595916179009, 0.000710199936293, 0.00131802773103, -0.000403235113481, 0.000378319004085, -7.91833736002e-005], [0.000784420990385, -0.00111297273543, 0.000146044825669, -0.0022799866274, 0.000792891078163, -0.0025881442707, 0.0103673795238, -0.00408507650718, 0.00353100220673, -0.00442906701937, 0.00160806358326, -6.69480723445e-005, 0.000615193683188], [-0.000826107803732, 0.000937479839195, -0.00206296215765, 0.000614014395978, -0.00124767306261, 0.000595916179009, -0.00408507650718, 0.0142856864259, -0.00663128541782, 0.00491768540815, -0.00214566825889, 0.00243567861617, 0.000216713378904], [0.000877291546203, -0.000692742934916, 0.000518870307133, -0.0010275435634, 0.00188890355639, 0.000710199936293, 0.00353100220673, -0.00663128541782, 0.0156909897923, -0.00674674799666, 0.00420735962689, -0.00355836004019, 0.00135851104278], [-0.000566078408156, 0.0012255308684, -0.00083553098375, 0.00103421823587, -0.000770328275394, 0.00131802773103, -0.00442906701937, 0.00491768540815, -0.00674674799666, 0.0145143968984, -0.00331290834583, 0.00395479425788, -0.00199636304751], [0.000460527226096, -0.00060767645482, -4.37545932073e-005, -0.000319917598972, -0.000609991606325, -0.000403235113481, 0.00160806358326, -0.00214566825889, 0.00420735962689, -0.00331290834583, 0.0114922011271, -0.00384021154605, 0.00161557202227], [2.58006111835e-005, 0.00090094783809, 0.000108848442324, 0.000314607983455, -0.000500383321196, 0.000378319004085, -6.69480723445e-005, 0.00243567861617, -0.00355836004019, 0.00395479425788, -0.00384021154605, 0.0133157949895, -0.00223359605297], [0.000258732179645, -0.000364858860848, -0.000314561417326, -0.000757019035518, 0.00112130539492, -7.91833736002e-005, 0.000615193683188, 0.000216713378904, 0.00135851104278, -0.00199636304751, 0.00161557202227, -0.00223359605297, 0.0128511507064]]
    },
    "spectral_contrast_coeffs": {
        "mean": [-0.545697450638, -0.732064068317, -0.738085448742, -0.735347390175, -0.751942873001, -0.705937683582],
        "var": [0.00739347469062, 0.00507295317948, 0.00490186782554, 0.00360474409536, 0.00277960952371, 0.00256735389121]
    },
    "spectral_contrast_valleys": {
        "mean": [-8.03764533997, -7.25380182266, -7.93282699585, -8.20027637482, -8.40376186371, -12.4075965881],
        "var": [1.36809718609, 1.15100562572, 1.21119904518, 1.30154275894, 1.51329314709, 1.15682160854]
    }
},
"metadata": {
    "audio_properties": {
        "analysis_sample_rate": 44100,
        "bit_rate": 128074,
        "equal_loudness": 0,
        "length": 45.0612258911,
        "lossless": 0,
        "replay_gain": -5.52575492859,
        "sample_rate": 44100,
        "codec": "mp3",
        "downmix": "mix",
        "md5_encoded": "7914c45274f5efad632e54ff5b0b117b"
    },
    "tags": {
        "file_name": "1452.mp3"
    },
    "version": {
        "essentia": "2.1-beta2",
        "essentia_git_sha": "v2.1_beta2",
        "extractor": "music 1.0"
    }
},
"rhythm": {
    "beats_count": 81,
    "beats_loudness": {
        "mean": 0.0297844205052,
        "var": 0.000451180909295
    },
    "bpm": 108.897537231,
    "bpm_histogram_first_peak_bpm": {
        "mean": 108,
        "var": 0
    },
    "bpm_histogram_first_peak_spread": {
        "mean": 0.636363625526,
        "var": 0
    },
    "bpm_histogram_first_peak_weight": {
        "mean": 0.34999999404,
        "var": 0
    },
    "bpm_histogram_second_peak_bpm": {
        "mean": 103,
        "var": 0
    },
    "bpm_histogram_second_peak_spread": {
        "mean": 0,
        "var": 0
    },
    "bpm_histogram_second_peak_weight": {
        "mean": 0.0250000003725,
        "var": 0
    },
    "danceability": 1.06006681919,
    "onset_rate": 3.7931265831,
    "beats_loudness_band_ratio": {
        "mean": [0.365088313818, 0.356585174799, 0.147847875953, 0.0958373323083, 0.106432892382, 0.0339414030313],
        "var": [0.0578043945134, 0.027194539085, 0.018953807652, 0.00552961835638, 0.00953227095306, 0.00152721127961]
    },
    "beats_position": [0.557278871536, 1.1261677742, 1.67183673382, 2.22911548615, 2.79800438881, 3.36689329147, 3.92417216301, 4.48145103455, 5.02712011337, 5.5727891922, 6.11845779419, 6.66412687302, 7.22140598297, 7.77868461609, 8.33596324921, 8.893242836, 9.42730140686, 9.96135997772, 10.4954195023, 11.0410881042, 11.5867567062, 12.1324262619, 12.6780948639, 13.235373497, 13.7694330215, 14.3267116547, 14.8839902878, 15.4412698746, 15.9985485077, 16.5442180634, 17.0782756805, 17.6239452362, 18.1580047607, 18.6920623779, 19.2145118713, 19.7485713959, 20.2942390442, 20.851518631, 21.3855781555, 21.9196376801, 22.4536952972, 22.9993648529, 23.5334243774, 24.0790920258, 24.6363716125, 25.1936511993, 25.7277088165, 26.2617683411, 26.8190479279, 27.3763256073, 27.9452152252, 28.5141029358, 29.0829925537, 29.6286621094, 30.1859397888, 30.7199993134, 31.265668869, 31.8113365173, 32.3686180115, 32.9258956909, 33.4831733704, 34.0636711121, 34.6209526062, 35.1666221619, 35.7122879028, 36.269569397, 36.8268470764, 37.3957366943, 37.9646263123, 38.545124054, 39.1140136719, 39.6596832275, 40.216960907, 40.7510185242, 41.2850799561, 41.8423576355, 42.3764152527, 42.9453048706, 43.5141944885, 44.071472168, 44.6287536621]
},
"tonal": {
    "chords_changes_rate": 0.100823044777,
    "chords_number_rate": 0.0113168722019,
    "chords_strength": {
        "mean": 0.451406270266,
        "var": 0.00799720268697
    },
    "hpcp_entropy": {
        "mean": 1.91471707821,
        "var": 0.59515696764
    },
    "key_strength": 0.516585052013,
    "tuning_diatonic_strength": 0.554323732853,
    "tuning_equal_tempered_deviation": 0.141216576099,
    "tuning_frequency": 449.245300293,
    "tuning_nontempered_energy_ratio": 0.793708622456,
    "hpcp": {
        "mean": [0.389363080263, 0.246612250805, 0.118751123548, 0.112558357418, 0.132604494691, 0.219038501382, 0.212653726339, 0.0962678343058, 0.0611962191761, 0.0675647854805, 0.0874037444592, 0.138228908181, 0.113632120192, 0.0592800788581, 0.0455350056291, 0.0369250066578, 0.0556443445385, 0.0643484666944, 0.049925416708, 0.0866918116808, 0.185863614082, 0.20522031188, 0.133765935898, 0.0782846882939, 0.0913532525301, 0.202036857605, 0.31614652276, 0.293235063553, 0.171445697546, 0.0996202677488, 0.087987691164, 0.0805036947131, 0.0722145438194, 0.0674794912338, 0.0922298133373, 0.263819932938],
        "var": [0.175939768553, 0.0806271284819, 0.0477062687278, 0.0487047024071, 0.0472351685166, 0.0736791715026, 0.0724501162767, 0.0228911656886, 0.0275836028159, 0.0315844267607, 0.0176434218884, 0.0402378663421, 0.0328121744096, 0.0123827876523, 0.0122040044516, 0.00636809645221, 0.0140094086528, 0.0158281773329, 0.00958505738527, 0.0242103599012, 0.0684261247516, 0.0661778599024, 0.0384017080069, 0.0218098703772, 0.0252247136086, 0.0867175236344, 0.119999431074, 0.112951219082, 0.0598219409585, 0.0326411090791, 0.0365898646414, 0.0290976259857, 0.0229972042143, 0.0233186222613, 0.0339881703258, 0.0866078287363]
    },
    "chords_histogram": [16.563785553, 0, 2.88065838814, 0.102880656719, 0.411522626877, 6.17283964157, 1.95473253727, 0.514403283596, 0.308641970158, 6.68724298477, 1.02880656719, 0, 0, 0, 4.11522626877, 0.514403283596, 6.48148155212, 27.1604938507, 0, 0.514403283596, 0, 0, 4.11522626877, 20.4732513428],
    "thpcp": [1, 0.633373498917, 0.304988145828, 0.289083272219, 0.340567708015, 0.562555909157, 0.546157896519, 0.247244387865, 0.157170057297, 0.17352643609, 0.224478766322, 0.355012893677, 0.291841030121, 0.152248844504, 0.116947412491, 0.0948343798518, 0.142911195755, 0.165265962481, 0.12822329998, 0.222650319338, 0.477352946997, 0.527066707611, 0.343550652266, 0.201058328152, 0.234622269869, 0.518890619278, 0.811958134174, 0.753114700317, 0.440323442221, 0.255854427814, 0.225978523493, 0.20675739646, 0.185468390584, 0.17330737412, 0.236873552203, 0.677567899227],
    "chords_key": "A",
    "chords_scale": "minor",
    "key_key": "A",
    "key_scale": "major"
}
}