{
"lowlevel": {
    "average_loudness": 0.529865801334,
    "barkbands_crest": {
        "mean": 12.6553153992,
        "var": 14.673119545
    },
    "barkbands_flatness_db": {
        "mean": 0.271682024002,
        "var": 0.00658199051395
    },
    "barkbands_kurtosis": {
        "mean": 24.093870163,
        "var": 504.178283691
    },
    "barkbands_skewness": {
        "mean": 3.31284499168,
        "var": 2.67050743103
    },
    "barkbands_spread": {
        "mean": 6.9355802536,
        "var": 107.129394531
    },
    "dissonance": {
        "mean": 0.42193031311,
        "var": 0.00252226926386
    },
    "dynamic_complexity": 4.79908943176,
    "erbbands_crest": {
        "mean": 11.3660202026,
        "var": 16.3076686859
    },
    "erbbands_flatness_db": {
        "mean": 0.211926132441,
        "var": 0.00288435583934
    },
    "erbbands_kurtosis": {
        "mean": 3.80519080162,
        "var": 35.6759872437
    },
    "erbbands_skewness": {
        "mean": 1.39482498169,
        "var": 1.49840295315
    },
    "erbbands_spread": {
        "mean": 31.9313411713,
        "var": 532.279785156
    },
    "hfc": {
        "mean": 7.12311697006,
        "var": 219.672821045
    },
    "melbands_crest": {
        "mean": 20.5009613037,
        "var": 31.6722812653
    },
    "melbands_flatness_db": {
        "mean": 0.373717993498,
        "var": 0.0106092048809
    },
    "melbands_kurtosis": {
        "mean": 48.5177536011,
        "var": 2352.55566406
    },
    "melbands_skewness": {
        "mean": 4.52945423126,
        "var": 5.06651973724
    },
    "melbands_spread": {
        "mean": 6.82588243484,
        "var": 255.169967651
    },
    "pitch_salience": {
        "mean": 0.466372191906,
        "var": 0.0154864471406
    },
    "silence_rate_20dB": {
        "mean": 1,
        "var": 0
    },
    "silence_rate_30dB": {
        "mean": 0.974253356457,
        "var": 0.0250838901848
    },
    "silence_rate_60dB": {
        "mean": 0.117404736578,
        "var": 0.103618428111
    },
    "spectral_centroid": {
        "mean": 497.710144043,
        "var": 308574.53125
    },
    "spectral_complexity": {
        "mean": 6.48455190659,
        "var": 20.4042720795
    },
    "spectral_decrease": {
        "mean": -5.21527621089e-009,
        "var": 5.27121970315e-017
    },
    "spectral_energy": {
        "mean": 0.0203297100961,
        "var": 0.000808103301097
    },
    "spectral_energyband_high": {
        "mean": 0.00018179921608,
        "var": 6.63341836571e-007
    },
    "spectral_energyband_low": {
        "mean": 0.00918071251363,
        "var": 0.000196875189431
    },
    "spectral_energyband_middle_high": {
        "mean": 0.00133511982858,
        "var": 1.70112489286e-005
    },
    "spectral_energyband_middle_low": {
        "mean": 0.0117259053513,
        "var": 0.000350156857166
    },
    "spectral_entropy": {
        "mean": 6.39168405533,
        "var": 0.586643457413
    },
    "spectral_flux": {
        "mean": 0.0511939302087,
        "var": 0.00181892607361
    },
    "spectral_kurtosis": {
        "mean": 17.279914856,
        "var": 450.272460938
    },
    "spectral_rms": {
        "mean": 0.00377105851658,
        "var": 5.612987934e-006
    },
    "spectral_rolloff": {
        "mean": 473.531219482,
        "var": 982656.3125
    },
    "spectral_skewness": {
        "mean": 2.82249522209,
        "var": 2.67240834236
    },
    "spectral_spread": {
        "mean": 3367365.5,
        "var": 3.20090852557e+012
    },
    "spectral_strongpeak": {
        "mean": 0.55294662714,
        "var": 0.558169007301
    },
    "zerocrossingrate": {
        "mean": 0.0208200905472,
        "var": 0.000782279763371
    },
    "barkbands": {
        "mean": [3.35579461535e-005, 0.0025475511793, 0.00453547341749, 0.00490006664768, 0.00392899150029, 0.00078427430708, 0.000735044188332, 0.000410767912399, 0.000917319848668, 0.00023310087272, 0.000129447493237, 0.000107346335426, 0.00022084522061, 0.000191696861293, 9.65209619608e-005, 9.44266867009e-005, 0.000106312472781, 0.000122029276099, 3.35446093231e-005, 4.25451071351e-005, 6.41543228994e-005, 4.46538142569e-005, 1.94959811779e-005, 1.50480127559e-005, 1.26369659483e-005, 2.83816348201e-006, 6.06467125408e-008],
        "var": [2.48187639329e-008, 3.59302684956e-005, 5.63252397114e-005, 5.29802819074e-005, 6.0774407757e-005, 3.47120317201e-006, 8.09864377516e-006, 9.76895626081e-006, 3.20691069646e-005, 1.06381014575e-006, 1.81324296022e-007, 1.37999393246e-007, 1.22632252442e-006, 1.68813949131e-006, 1.07748758182e-006, 1.75862837182e-007, 2.40818593511e-007, 1.90444254144e-007, 1.02973007898e-008, 3.11158778743e-008, 5.85052397639e-008, 5.55050085893e-008, 1.39858524761e-008, 1.05241202419e-008, 6.53511289528e-009, 2.37378200429e-010, 1.1803409541e-013]
    },
    "erbbands": {
        "mean": [0.0154311759397, 0.816443622112, 5.1827044487, 10.4380092621, 19.5304870605, 9.06746292114, 4.59753847122, 7.76883506775, 12.989356041, 4.96768045425, 17.0140991211, 20.0276069641, 6.84831047058, 5.66324329376, 5.79697751999, 5.07744932175, 9.45055294037, 12.0348644257, 6.17658042908, 3.35213923454, 6.82385110855, 5.42624568939, 6.79753684998, 2.91473054886, 1.74072408676, 2.22432494164, 1.77713549137, 3.06524395943, 1.71104323864, 0.940974712372, 0.499677538872, 0.377497941256, 0.209738627076, 0.171600311995, 0.069975823164, 0.0178261492401, 0.00447615142912, 0.000464171695057, 2.07348657568e-005, 2.33814007515e-005],
        "var": [0.00114505260717, 3.42016339302, 89.8729476929, 155.617446899, 1206.21777344, 394.96975708, 28.8220729828, 377.919219971, 2500.60400391, 183.005584717, 12557.7304688, 15784.3652344, 643.632385254, 582.671447754, 336.237243652, 371.573059082, 2138.11791992, 5871.53759766, 3267.33666992, 284.47833252, 917.495910645, 452.516448975, 548.909851074, 122.423439026, 27.7540073395, 101.202804565, 50.0002670288, 133.421722412, 69.0427780151, 43.4415473938, 8.82175731659, 6.15331220627, 2.14132905006, 1.20774447918, 0.216194853187, 0.0106571447104, 0.000563387933653, 5.3457474678e-006, 3.23067550489e-009, 1.05459252442e-009]
    },
    "gfcc": {
        "mean": [-139.744598389, 147.49029541, -78.9667282104, 40.1916122437, -46.3466720581, -1.31499874592, -30.3744888306, -8.06805515289, -30.2943706512, -13.1017827988, -18.8354740143, -8.71805477142, -10.3142671585],
        "cov": [[9035.00097656, -2410.5793457, -1488.52111816, 1019.61322021, -1066.46069336, 280.657104492, -480.982818604, 371.5234375, -44.6886863708, 231.106704712, -345.489135742, 23.929517746, -235.559066772], [-2410.5793457, 1993.95788574, 158.978759766, -761.887023926, 538.878540039, -280.435180664, 356.404693604, -281.5078125, 122.113204956, -235.018585205, 238.801345825, -95.9545211792, 87.9120330811], [-1488.52111816, 158.978759766, 808.28729248, 62.9548339844, 235.016937256, 55.1363182068, 64.721206665, 6.52308702469, 2.88215017319, -1.58577930927, 38.8972892761, 40.3361244202, 40.3115730286], [1019.61322021, -761.887023926, 62.9548339844, 673.711181641, -62.2297477722, 41.5950012207, -155.018203735, 138.925796509, 57.9107627869, 29.3228588104, -52.6756019592, 74.2297363281, 21.3704166412], [-1066.46069336, 538.878540039, 235.016937256, -62.2297477722, 439.831665039, -63.1655464172, 50.9303627014, -45.6574707031, 87.7894439697, -72.0501022339, 63.0766868591, -12.8026924133, 54.9310951233], [280.657104492, -280.435180664, 55.1363182068, 41.5950012207, -63.1655464172, 199.128326416, 18.7332992554, 32.3432998657, -47.6750946045, 81.298500061, -28.5310878754, -15.6877918243, -23.9565696716], [-480.982818604, 356.404693604, 64.721206665, -155.018203735, 50.9303627014, 18.7332992554, 272.322265625, -28.9813976288, -32.8312110901, -4.19004631042, 68.9532623291, -37.0454216003, 1.15275979042], [371.5234375, -281.5078125, 6.52308702469, 138.925796509, -45.6574707031, 32.3432998657, -28.9813976288, 163.929229736, 15.7056427002, 18.9104728699, -31.1007003784, 40.0802001953, -6.46965456009], [-44.6886863708, 122.113204956, 2.88215017319, 57.9107627869, 87.7894439697, -47.6750946045, -32.8312110901, 15.7056427002, 133.990478516, -32.8900032043, 7.960729599, 14.7516031265, 21.3834819794], [231.106704712, -235.018585205, -1.58577930927, 29.3228588104, -72.0501022339, 81.298500061, -4.19004631042, 18.9104728699, -32.8900032043, 129.104522705, -11.680765152, -3.49926424026, -17.9321632385], [-345.489135742, 238.801345825, 38.8972892761, -52.6756019592, 63.0766868591, -28.5310878754, 68.9532623291, -31.1007003784, 7.960729599, -11.680765152, 106.869514465, 3.56301999092, 0.842424213886], [23.929517746, -95.9545211792, 40.3361244202, 74.2297363281, -12.8026924133, -15.6877918243, -37.0454216003, 40.0802001953, 14.7516031265, -3.49926424026, 3.56301999092, 86.7431488037, 12.5669403076], [-235.559066772, 87.9120330811, 40.3115730286, 21.3704166412, 54.9310951233, -23.9565696716, 1.15275979042, -6.46965456009, 21.3834819794, -17.9321632385, 0.842424213886, 12.5669403076, 69.7560806274]],
        "icov": [[0.000345454493072, -0.000355827738531, 0.000576666672714, -0.000750503793824, 0.00045499636326, -0.000490849721245, 0.000274111080216, -0.000332667666953, 0.000157089554705, -0.000257520528976, 0.000614016898908, -4.91850769322e-005, 0.000836511841044], [-0.000355827738531, 0.00689749279991, -0.00100397714414, 0.00593175878748, -0.00342828407884, 0.00374053115956, -0.00406359881163, 0.00346319819801, -0.00479808449745, 0.00462389132008, -0.00578562635928, 0.00182531401515, -0.00435821712017], [0.000576666672714, -0.00100397714414, 0.00272544822656, -0.00182049639989, -0.000198925306904, -0.00176678609569, 0.000340726255672, -0.000628290406894, 0.00116748432629, -0.000738285132684, 0.00132875668351, -0.00137286807876, 0.00136491737794], [-0.000750503793824, 0.00593175878748, -0.00182049639989, 0.00793080870062, -0.00296099111438, 0.00317104230635, -0.00256820605136, 0.00183905183803, -0.00478994334117, 0.00387146277353, -0.00553348753601, 0.000999328563921, -0.00540354056284], [0.00045499636326, -0.00342828407884, -0.000198925306904, -0.00296099111438, 0.00605195062235, -0.00192832830362, 0.00213972968049, -0.00164928170852, 3.16335972457e-005, -0.00119643169455, 0.00163455214351, 0.000691995141096, 0.000801148242317], [-0.000490849721245, 0.00374053115956, -0.00176678609569, 0.00317104230635, -0.00192832830362, 0.0104790134355, -0.00318622519262, 0.00104801333509, -0.00114154536277, -0.00156754709315, -0.0016022225609, 0.0025681478437, -0.00155126315076], [0.000274111080216, -0.00406359881163, 0.000340726255672, -0.00256820605136, 0.00213972968049, -0.00318622519262, 0.00804988201708, -0.00317257549614, 0.00381717854179, -0.00218337052502, -0.000227914482821, 0.00116798200179, 0.00149119796697], [-0.000332667666953, 0.00346319819801, -0.000628290406894, 0.00183905183803, -0.00164928170852, 0.00104801333509, -0.00317257549614, 0.0106931859627, -0.00363778346218, 0.002045849571, -0.000670340261422, -0.00286088278517, -0.000820850080345], [0.000157089554705, -0.00479808449745, 0.00116748432629, -0.00478994334117, 3.16335972457e-005, -0.00114154536277, 0.00381717854179, -0.00363778346218, 0.0139402123168, -0.00244704913348, 0.00332980696112, -0.00156589783728, 0.00189223338384], [-0.000257520528976, 0.00462389132008, -0.000738285132684, 0.00387146277353, -0.00119643169455, -0.00156754709315, -0.00218337052502, 0.002045849571, -0.00244704913348, 0.0142879216, -0.00497990613803, 0.00145297474228, -0.00260527362116], [0.000614016898908, -0.00578562635928, 0.00132875668351, -0.00553348753601, 0.00163455214351, -0.0016022225609, -0.000227914482821, -0.000670340261422, 0.00332980696112, -0.00497990613803, 0.0189335811883, -0.00480850134045, 0.00673319306225], [-4.91850769322e-005, 0.00182531401515, -0.00137286807876, 0.000999328563921, 0.000691995141096, 0.0025681478437, 0.00116798200179, -0.00286088278517, -0.00156589783728, 0.00145297474228, -0.00480850134045, 0.0168405678123, -0.0040491707623], [0.000836511841044, -0.00435821712017, 0.00136491737794, -0.00540354056284, 0.000801148242317, -0.00155126315076, 0.00149119796697, -0.000820850080345, 0.00189223338384, -0.00260527362116, 0.00673319306225, -0.0040491707623, 0.0216536521912]]
    },
    "melbands": {
        "mean": [0.00039394752821, 0.00215437845327, 0.00221096398309, 0.0010990871815, 0.000173338121385, 0.000177210764377, 0.000179665075848, 4.49688704975e-005, 0.000176318513695, 0.000109648273792, 3.26793997374e-005, 2.48365522566e-005, 1.90992432181e-005, 1.32111126732e-005, 1.70602634171e-005, 2.28127664741e-005, 2.20970705413e-005, 9.08374840947e-006, 6.1591595113e-006, 4.20370315624e-006, 9.41501912166e-006, 5.80005371376e-006, 6.03431726631e-006, 5.60494027013e-006, 2.01766783903e-006, 1.07816276795e-006, 1.39448809477e-006, 1.49228799273e-006, 9.08755509954e-007, 1.50376604324e-006, 1.87456862477e-006, 1.06338836758e-006, 6.16980116774e-007, 4.71295436455e-007, 2.82627979686e-007, 2.4875436111e-007, 2.20285485852e-007, 1.37191335625e-007, 1.47460667677e-007, 1.47086282709e-007],
        "var": [8.29328882901e-007, 1.68455208041e-005, 8.52720131661e-006, 4.6103114073e-006, 3.85251688328e-008, 1.9147734065e-007, 4.60661652824e-007, 1.86094339938e-008, 1.28472697725e-006, 4.59027290844e-007, 1.64960916038e-008, 1.27801174088e-008, 3.69383390542e-009, 1.75655456847e-009, 7.20617387984e-009, 1.63046980362e-008, 2.39423751935e-008, 6.56529142162e-009, 3.58084739638e-009, 2.48666226499e-010, 2.16233608796e-009, 6.50409726077e-010, 4.32576696685e-010, 4.68527161512e-010, 6.45568182245e-011, 9.78172924604e-012, 2.15018662597e-011, 5.82549564143e-011, 1.35435204718e-011, 4.32536124972e-011, 4.76840962549e-011, 2.31367026232e-011, 2.03821820532e-011, 1.09885503474e-011, 2.47172985204e-012, 2.26025188149e-012, 2.54931492583e-012, 1.16586655694e-012, 7.78303040506e-013, 9.8213169368e-013]
    },
    "mfcc": {
        "mean": [-790.079772949, 168.235595703, 31.8915100098, 42.3298110962, 8.81234931946, 9.0823097229, 5.88572597504, 2.5808930397, -1.87936794758, -9.32026004791, -9.51612091064, -5.99215269089, -6.30578708649],
        "cov": [[8806.49707031, -2226.52368164, -1235.62524414, 433.999298096, -594.014099121, -91.2608032227, -457.22769165, -51.8316574097, 147.289398193, -169.48828125, 368.09677124, 177.779129028, -256.84854126], [-2226.52368164, 1912.03796387, -25.7575569153, -392.989318848, 51.4357528687, -17.1884899139, 190.445678711, 35.2905082703, -86.7770233154, -24.3952121735, -29.9730167389, -21.9713726044, 31.0518283844], [-1235.62524414, -25.7575569153, 622.204589844, 52.1253128052, 115.648956299, 80.9139633179, 82.9410095215, 41.5900878906, 2.14172196388, 58.6698417664, -45.063747406, -23.3390731812, 61.1108283997], [433.999298096, -392.989318848, 52.1253128052, 473.004425049, 167.697174072, -15.2131538391, -72.0998764038, 101.599006653, 47.7634124756, 8.01775836945, -34.5513687134, 41.4550285339, 84.4500427246], [-594.014099121, 51.4357528687, 115.648956299, 167.697174072, 400.03994751, 16.7609844208, -79.7349395752, 54.6577796936, 26.2906913757, 36.2633666992, -74.6178970337, 4.03369474411, 70.3923950195], [-91.2608032227, -17.1884899139, 80.9139633179, -15.2131538391, 16.7609844208, 167.392471313, 66.6776123047, -38.5475006104, 3.8257381916, 47.0598907471, 15.6188230515, 6.95587921143, -3.39996242523], [-457.22769165, 190.445678711, 82.9410095215, -72.0998764038, -79.7349395752, 66.6776123047, 238.149841309, 5.48598623276, -19.6003265381, 46.1029205322, 43.4183425903, -1.91512537003, -8.11793422699], [-51.8316574097, 35.2905082703, 41.5900878906, 101.599006653, 54.6577796936, -38.5475006104, 5.48598623276, 143.12663269, 35.7687759399, -9.90706825256, 7.26316738129, 15.9149417877, 32.716053009], [147.289398193, -86.7770233154, 2.14172196388, 47.7634124756, 26.2906913757, 3.8257381916, -19.6003265381, 35.7687759399, 112.606155396, 10.0861692429, 9.26782512665, 1.49526631832, -1.9349925518], [-169.48828125, -24.3952121735, 58.6698417664, 8.01775836945, 36.2633666992, 47.0598907471, 46.1029205322, -9.90706825256, 10.0861692429, 118.987861633, 18.0319347382, -17.4835968018, 3.70723700523], [368.09677124, -29.9730167389, -45.063747406, -34.5513687134, -74.6178970337, 15.6188230515, 43.4183425903, 7.26316738129, 9.26782512665, 18.0319347382, 154.00402832, 22.4658489227, -48.4305419922], [177.779129028, -21.9713726044, -23.3390731812, 41.4550285339, 4.03369474411, 6.95587921143, -1.91512537003, 15.9149417877, 1.49526631832, -17.4835968018, 22.4658489227, 78.8234634399, 17.4216346741], [-256.84854126, 31.0518283844, 61.1108283997, 84.4500427246, 70.3923950195, -3.39996242523, -8.11793422699, 32.716053009, -1.9349925518, 3.70723700523, -48.4305419922, 17.4216346741, 103.832618713]],
        "icov": [[0.000388649146771, 0.000326632201904, 0.000623960397206, -0.000267642288236, 0.000459584640339, -0.0003520125465, 0.00050940096844, -0.000210348560358, -5.79021652811e-005, 0.000141458091093, -0.000490261416417, -0.000294310768368, 0.000311745592626], [0.000326632201904, 0.00115080422256, 0.000754540786147, 0.000782110670116, -0.000214290208532, -0.000134465299197, -0.000359869649401, -0.000820551882498, 0.000343126506777, 0.000463744363515, -0.00027126938221, -0.000172407817445, -0.000352854229277], [0.000623960397206, 0.000754540786147, 0.00314354570583, -0.000147855826071, 0.000200912312721, -0.00140826927964, 1.13943106044e-005, -0.00118434126489, 0.000164678553119, 7.03005616742e-006, -0.000372184760636, 0.000369636167306, -0.00045311669237], [-0.000267642288236, 0.000782110670116, -0.000147855826071, 0.00454941391945, -0.00160209136084, 0.0002332553413, -0.000420110736741, -0.00219683279283, -4.29935171269e-005, -0.000216088315938, 0.00060819031205, -0.000826210365631, -0.00232678232715], [0.000459584640339, -0.000214290208532, 0.000200912312721, -0.00160209136084, 0.00484433071688, -0.00139733788092, 0.0027043398004, -0.00105370196979, -0.000269324838882, -0.00160076364409, 0.000638770172372, -0.00058277673088, 4.7098583309e-005], [-0.0003520125465, -0.000134465299197, -0.00140826927964, 0.0002332553413, -0.00139733788092, 0.00920177344233, -0.00290304073133, 0.00362321943976, -0.00117649231106, -0.00179703440517, 3.64502811863e-005, -0.00172053952701, 3.65253508789e-005], [0.00050940096844, -0.000359869649401, 1.13943106044e-005, -0.000420110736741, 0.0027043398004, -0.00290304073133, 0.00788336247206, -0.00193339586258, 0.00101951113902, -0.00216882745735, -0.00148403819185, -0.000510876008775, 0.000489737140015], [-0.000210348560358, -0.000820551882498, -0.00118434126489, -0.00219683279283, -0.00105370196979, 0.00362321943976, -0.00193339586258, 0.0119775310159, -0.00342530547641, 0.00147973501589, -0.00188257650007, -0.000348839035723, -0.00181947858073], [-5.79021652811e-005, 0.000343126506777, 0.000164678553119, -4.29935171269e-005, -0.000269324838882, -0.00117649231106, 0.00101951113902, -0.00342530547641, 0.0107240779325, -0.00107190734707, -0.000144230158185, 0.00049200700596, 0.00108352920506], [0.000141458091093, 0.000463744363515, 7.03005616742e-006, -0.000216088315938, -0.00160076364409, -0.00179703440517, -0.00216882745735, 0.00147973501589, -0.00107190734707, 0.0119462469593, -0.00268364557996, 0.00358739471994, -0.00152672536206], [-0.000490261416417, -0.00027126938221, -0.000372184760636, 0.00060819031205, 0.000638770172372, 3.64502811863e-005, -0.00148403819185, -0.00188257650007, -0.000144230158185, -0.00268364557996, 0.0106740714982, -0.00368312420323, 0.00432785693556], [-0.000294310768368, -0.000172407817445, 0.000369636167306, -0.000826210365631, -0.00058277673088, -0.00172053952701, -0.000510876008775, -0.000348839035723, 0.00049200700596, 0.00358739471994, -0.00368312420323, 0.0169140361249, -0.00448808353394], [0.000311745592626, -0.000352854229277, -0.00045311669237, -0.00232678232715, 4.7098583309e-005, 3.65253508789e-005, 0.000489737140015, -0.00181947858073, 0.00108352920506, -0.00152672536206, 0.00432785693556, -0.00448808353394, 0.0160939097404]]
    },
    "spectral_contrast_coeffs": {
        "mean": [-0.557304978371, -0.70747345686, -0.7776684165, -0.79564499855, -0.793806433678, -0.769663631916],
        "var": [0.0062207095325, 0.00674355076626, 0.00373554113321, 0.0041489712894, 0.00356557103805, 0.00296261324547]
    },
    "spectral_contrast_valleys": {
        "mean": [-7.73169183731, -7.93321847916, -8.7013053894, -9.53564167023, -9.49860477448, -12.2503004074],
        "var": [0.822049856186, 0.714141249657, 0.757269740105, 1.00054132938, 1.52182090282, 2.10945701599]
    }
},
"metadata": {
    "audio_properties": {
        "analysis_sample_rate": 44100,
        "bit_rate": 128074,
        "equal_loudness": 0,
        "length": 45.0612258911,
        "lossless": 0,
        "replay_gain": -7.43187713623,
        "sample_rate": 44100,
        "codec": "mp3",
        "downmix": "mix",
        "md5_encoded": "1912e32bf374612cb980e0cd3794b65e"
    },
    "tags": {
        "file_name": "1453.mp3"
    },
    "version": {
        "essentia": "2.1-beta2",
        "essentia_git_sha": "v2.1_beta2",
        "extractor": "music 1.0"
    }
},
"rhythm": {
    "beats_count": 112,
    "beats_loudness": {
        "mean": 0.0304482039064,
        "var": 0.00107592961285
    },
    "bpm": 152.081970215,
    "bpm_histogram_first_peak_bpm": {
        "mean": 152,
        "var": 0
    },
    "bpm_histogram_first_peak_spread": {
        "mean": 0.164705872536,
        "var": 0
    },
    "bpm_histogram_first_peak_weight": {
        "mean": 0.639639616013,
        "var": 0
    },
    "bpm_histogram_second_peak_bpm": {
        "mean": 157,
        "var": 0
    },
    "bpm_histogram_second_peak_spread": {
        "mean": 0,
        "var": 0
    },
    "bpm_histogram_second_peak_weight": {
        "mean": 0.135135129094,
        "var": 0
    },
    "danceability": 1.1945707798,
    "onset_rate": 4.17022132874,
    "beats_loudness_band_ratio": {
        "mean": [0.768820822239, 0.176945120096, 0.0526492968202, 0.0298980269581, 0.0122071001679, 0.0137164723128],
        "var": [0.0363020598888, 0.0147033045068, 0.00787314027548, 0.0047436687164, 0.000497417582665, 0.00315642682835]
    },
    "beats_position": [0.441179126501, 0.859138309956, 1.25387752056, 1.64861679077, 2.04335594177, 2.43809509277, 2.83283448219, 3.22757363319, 3.63392281532, 4.02866220474, 4.42340135574, 4.81814050674, 5.20126962662, 5.59600877762, 5.97913837433, 6.3622674942, 6.7570066452, 7.14013576508, 7.52326536179, 7.91800451279, 8.31274318695, 8.70748329163, 9.10222244263, 9.49696159363, 9.89170074463, 10.2748298645, 10.6579589844, 11.0526981354, 11.4474372864, 11.8421764374, 12.2369155884, 12.6316547394, 13.0263938904, 13.4095239639, 13.8042631149, 14.1990022659, 14.5937414169, 14.9884805679, 15.3716096878, 15.7663488388, 16.1610889435, 16.5558280945, 16.9621772766, 17.3685264587, 17.7632656097, 18.1580047607, 18.5643539429, 18.970703125, 19.365442276, 19.760181427, 20.154920578, 20.5612697601, 20.9676189423, 21.3623580933, 21.7687072754, 22.1634464264, 22.5697956085, 22.9645347595, 23.3592739105, 23.7540130615, 24.1487522125, 24.5434913635, 24.9382305145, 25.3213596344, 25.7277088165, 26.1224479675, 26.5171871185, 26.9119262695, 27.2950553894, 27.6781845093, 28.0729255676, 28.4676647186, 28.8624038696, 29.2571430206, 29.6518821716, 30.0466213226, 30.4413604736, 30.8360996246, 31.2308387756, 31.6255779266, 32.0319252014, 32.4266662598, 32.8794555664, 33.332244873, 33.7734222412, 34.2146034241, 34.6557807922, 35.1085700989, 35.5497512817, 35.9793205261, 36.397277832, 36.8036270142, 37.2215881348, 37.6279373169, 38.0226745605, 38.4174156189, 38.8005447388, 39.1836738586, 39.5668029785, 39.9615402222, 40.3562812805, 40.7510185242, 41.1457595825, 41.5404968262, 41.9352378845, 42.3299751282, 42.7247161865, 43.1194534302, 43.5141944885, 43.9089317322, 44.3036727905, 44.7100219727]
},
"tonal": {
    "chords_changes_rate": 0.0781892985106,
    "chords_number_rate": 0.00720164598897,
    "chords_strength": {
        "mean": 0.476436764002,
        "var": 0.00824056752026
    },
    "hpcp_entropy": {
        "mean": 1.93140697479,
        "var": 0.627027869225
    },
    "key_strength": 0.564972102642,
    "tuning_diatonic_strength": 0.478333860636,
    "tuning_equal_tempered_deviation": 0.108216315508,
    "tuning_frequency": 439.238189697,
    "tuning_nontempered_energy_ratio": 0.761531114578,
    "hpcp": {
        "mean": [0.0658583194017, 0.0340542122722, 0.0190226174891, 0.0183583665639, 0.0174064505845, 0.0452539511025, 0.102599546313, 0.0833979845047, 0.0276633519679, 0.021000187844, 0.0264039915055, 0.10688264668, 0.251648664474, 0.194399148226, 0.0503832623363, 0.0313315838575, 0.0353947542608, 0.0409203097224, 0.0448100417852, 0.0685223862529, 0.140892907977, 0.181648269296, 0.134600937366, 0.11646464467, 0.123481288552, 0.0895426422358, 0.0835156217217, 0.114571124315, 0.124470949173, 0.121559202671, 0.121506325901, 0.107342846692, 0.130904138088, 0.193608492613, 0.174236521125, 0.10594175756],
        "var": [0.0378891453147, 0.0136280916631, 0.00563841266558, 0.00562246562913, 0.00418819207698, 0.0109389591962, 0.0536207742989, 0.0389983206987, 0.0101196058095, 0.00940105877817, 0.0127782598138, 0.0360340364277, 0.150306075811, 0.0886397510767, 0.0203657820821, 0.015376329422, 0.019843166694, 0.022667825222, 0.0223077256233, 0.0344207361341, 0.0764658376575, 0.101837746799, 0.0595520548522, 0.0548241250217, 0.0678956434131, 0.0380441099405, 0.0416489504278, 0.0626360997558, 0.0692619010806, 0.0609722174704, 0.0648798793554, 0.0560762248933, 0.0581850372255, 0.0974249020219, 0.0913082957268, 0.0513008572161]
    },
    "chords_histogram": [30.144033432, 0.411522626877, 1.64609050751, 0, 0, 7.71604919434, 0.205761313438, 44.1358032227, 0, 0.925925910473, 0, 0, 0, 0, 0, 0, 0, 0, 0.514403283596, 0.617283940315, 1.85185182095, 0, 3.80658435822, 8.02469158173],
    "thpcp": [1, 0.772502183914, 0.200212717056, 0.124505266547, 0.140651464462, 0.162608891726, 0.178065881133, 0.272293865681, 0.559879422188, 0.721832811832, 0.534876406193, 0.462806522846, 0.490689218044, 0.355824023485, 0.331873893738, 0.455282062292, 0.494621932507, 0.483051240444, 0.482841134071, 0.426558375359, 0.520186126232, 0.769360303879, 0.692380070686, 0.420990735292, 0.261707395315, 0.135324433446, 0.0755919665098, 0.0729523673654, 0.0691696554422, 0.179829880595, 0.407709479332, 0.331406414509, 0.10992846638, 0.0834504216909, 0.104924030602, 0.424729645252],
    "chords_key": "C#",
    "chords_scale": "major",
    "key_key": "C#",
    "key_scale": "minor"
}
}