{
"lowlevel": {
    "average_loudness": 0.652641534805,
    "barkbands_crest": {
        "mean": 12.4588537216,
        "var": 18.1565589905
    },
    "barkbands_flatness_db": {
        "mean": 0.183919861913,
        "var": 0.00370485731401
    },
    "barkbands_kurtosis": {
        "mean": 14.387711525,
        "var": 552.494567871
    },
    "barkbands_skewness": {
        "mean": 2.69029951096,
        "var": 2.6114358902
    },
    "barkbands_spread": {
        "mean": 14.7347164154,
        "var": 172.63911438
    },
    "dissonance": {
        "mean": 0.448508620262,
        "var": 0.00173680868465
    },
    "dynamic_complexity": 4.14515829086,
    "erbbands_crest": {
        "mean": 11.2935829163,
        "var": 32.2009010315
    },
    "erbbands_flatness_db": {
        "mean": 0.175300166011,
        "var": 0.00188107788563
    },
    "erbbands_kurtosis": {
        "mean": 1.66692256927,
        "var": 38.727306366
    },
    "erbbands_skewness": {
        "mean": 0.705219447613,
        "var": 1.54736745358
    },
    "erbbands_spread": {
        "mean": 41.3059959412,
        "var": 364.097290039
    },
    "hfc": {
        "mean": 9.27989959717,
        "var": 226.366973877
    },
    "melbands_crest": {
        "mean": 16.807718277,
        "var": 23.6296348572
    },
    "melbands_flatness_db": {
        "mean": 0.26369202137,
        "var": 0.00696766097099
    },
    "melbands_kurtosis": {
        "mean": 26.8526287079,
        "var": 774.012023926
    },
    "melbands_skewness": {
        "mean": 3.76372933388,
        "var": 2.70852518082
    },
    "melbands_spread": {
        "mean": 14.0453300476,
        "var": 232.90486145
    },
    "pitch_salience": {
        "mean": 0.532855629921,
        "var": 0.0103397034109
    },
    "silence_rate_20dB": {
        "mean": 1,
        "var": 0
    },
    "silence_rate_30dB": {
        "mean": 0.993820786476,
        "var": 0.00614098086953
    },
    "silence_rate_60dB": {
        "mean": 0.129763126373,
        "var": 0.112927310169
    },
    "spectral_centroid": {
        "mean": 894.363220215,
        "var": 437239.28125
    },
    "spectral_complexity": {
        "mean": 10.1436662674,
        "var": 52.4372215271
    },
    "spectral_decrease": {
        "mean": -3.99711286292e-009,
        "var": 2.11531887111e-017
    },
    "spectral_energy": {
        "mean": 0.0159277450293,
        "var": 0.000336568831699
    },
    "spectral_energyband_high": {
        "mean": 0.000331857590936,
        "var": 1.27162127228e-006
    },
    "spectral_energyband_low": {
        "mean": 0.00365512515418,
        "var": 3.05523790303e-005
    },
    "spectral_energyband_middle_high": {
        "mean": 0.00174946745392,
        "var": 8.58853491081e-006
    },
    "spectral_energyband_middle_low": {
        "mean": 0.0108150197193,
        "var": 0.000222176211537
    },
    "spectral_entropy": {
        "mean": 7.02040100098,
        "var": 0.386383503675
    },
    "spectral_flux": {
        "mean": 0.0520923472941,
        "var": 0.00110307021532
    },
    "spectral_kurtosis": {
        "mean": 7.10418844223,
        "var": 34.6025733948
    },
    "spectral_rms": {
        "mean": 0.00348485796712,
        "var": 3.3950263969e-006
    },
    "spectral_rolloff": {
        "mean": 943.080200195,
        "var": 1310580.375
    },
    "spectral_skewness": {
        "mean": 1.88723182678,
        "var": 0.66929680109
    },
    "spectral_spread": {
        "mean": 3947181,
        "var": 1.78315932467e+012
    },
    "spectral_strongpeak": {
        "mean": 0.6409304142,
        "var": 0.630753278732
    },
    "zerocrossingrate": {
        "mean": 0.0405253320932,
        "var": 0.000723044562619
    },
    "barkbands": {
        "mean": [5.12694577992e-006, 0.000454607506981, 0.00258903414942, 0.0012642784277, 0.00522023113444, 0.00111306027975, 0.00288947159424, 9.13120165933e-005, 0.000202735463972, 7.42208576412e-005, 8.01526184659e-005, 0.000239952423726, 0.000188282865565, 0.000149951360072, 0.000104592159914, 0.000323056650814, 0.000165820398252, 0.000104108963569, 0.000299600884318, 7.67122619436e-005, 9.28870649659e-005, 6.6554544901e-005, 6.99348383932e-005, 4.31428961747e-005, 1.39301955642e-005, 4.35233141616e-006, 6.44831857244e-007],
        "var": [1.40087177969e-010, 1.31569743189e-006, 2.03556974157e-005, 2.23535062105e-006, 6.45500258543e-005, 3.85138309866e-006, 6.72869064147e-005, 1.23001171914e-007, 2.45842358026e-007, 4.14645242586e-008, 9.01315715396e-008, 3.78695290237e-007, 1.28501937979e-007, 1.56013584274e-007, 1.19812511912e-007, 5.09882397637e-007, 2.54162472402e-007, 8.59479101223e-008, 9.92441187009e-007, 5.32675414888e-008, 1.00605035414e-007, 6.6009086197e-008, 9.10671005272e-008, 4.00357684782e-008, 3.35721983546e-009, 2.58311927404e-010, 4.65784615739e-012]
    },
    "erbbands": {
        "mean": [0.00343615747988, 0.185401245952, 2.47637343407, 3.87709760666, 11.3939685822, 21.4987888336, 5.53881311417, 13.2134389877, 52.9129447937, 6.14803886414, 3.30048513412, 4.16650104523, 2.9136428833, 2.02769064903, 3.69241690636, 11.3411684036, 9.0671672821, 9.67782115936, 4.91800642014, 6.92554235458, 20.0529823303, 9.45791244507, 6.68365430832, 9.07888507843, 13.5864181519, 3.7698366642, 3.49213194847, 4.08661031723, 2.53329229355, 1.48308980465, 2.1978495121, 1.40962910652, 0.484306424856, 0.227373480797, 0.0619764812291, 0.0166787784547, 0.00694250827655, 0.00296666636132, 7.08005027263e-005, 2.03475119633e-005],
        "var": [3.81694590033e-005, 0.168850108981, 19.4620895386, 16.3472557068, 309.933868408, 1273.53344727, 53.9714012146, 733.701538086, 23159.8476563, 201.798690796, 55.5659446716, 147.058670044, 56.6598320007, 64.4637527466, 62.8140716553, 716.770141602, 220.533691406, 525.589660645, 168.17779541, 225.074661255, 1830.12976074, 620.008361816, 364.435882568, 724.663269043, 1915.47729492, 124.549446106, 129.114257813, 207.772155762, 91.8820724487, 29.5190105438, 97.0597305298, 44.0361480713, 3.79995632172, 0.866255402565, 0.0719178169966, 0.00527937989682, 0.000635886273813, 9.66535953921e-005, 4.12977669839e-008, 5.9631594107e-010]
    },
    "gfcc": {
        "mean": [-73.4543457031, 106.407043457, -102.011482239, 35.6929664612, -47.7587203979, -3.36791992188, -51.1833229065, -13.4725389481, -34.1319084167, -7.00818014145, -15.7748737335, -2.2269411087, -21.3166694641],
        "cov": [[6009.60888672, -822.044250488, -1549.93591309, 676.150817871, -577.051147461, 110.134544373, -171.012008667, 16.1675262451, 125.955604553, -26.8081207275, 147.804580688, -154.601867676, 65.6483535767], [-822.044250488, 922.063171387, 184.537628174, -464.997131348, 244.586257935, -217.919387817, 9.45883846283, -78.3766098022, 69.923866272, 26.6961727142, 7.87595415115, -39.7710990906, -28.7523612976], [-1549.93591309, 184.537628174, 928.578979492, -145.593353271, 146.996566772, 52.904876709, 125.682914734, 0.501520872116, -45.8914451599, 79.1315231323, -54.4499397278, 35.375617981, -24.6737995148], [676.150817871, -464.997131348, -145.593353271, 495.86340332, -55.9436149597, 136.693649292, -2.9320833683, 21.1563644409, -45.7604980469, -43.9016418457, 17.3022022247, 6.15371227264, 51.175983429], [-577.051147461, 244.586257935, 146.996566772, -55.9436149597, 292.448699951, 4.96006202698, 35.4901695251, -18.1189517975, -17.2195987701, -9.09406852722, -23.7191562653, 13.8637304306, -3.1370844841], [110.134544373, -217.919387817, 52.904876709, 136.693649292, 4.96006202698, 191.06930542, 53.968120575, 19.8591823578, -32.5899925232, -15.3524999619, -10.8004360199, 13.8917760849, 3.36821866035], [-171.012008667, 9.45883846283, 125.682914734, -2.9320833683, 35.4901695251, 53.968120575, 131.912948608, 30.2668437958, -10.1800165176, 7.86937856674, -21.7829151154, 0.787115931511, -10.5294942856], [16.1675262451, -78.3766098022, 0.501520872116, 21.1563644409, -18.1189517975, 19.8591823578, 30.2668437958, 95.9757537842, 43.4264335632, 2.78292059898, -23.4368953705, 2.34758901596, 1.77430140972], [125.955604553, 69.923866272, -45.8914451599, -45.7604980469, -17.2195987701, -32.5899925232, -10.1800165176, 43.4264335632, 120.262641907, 30.8213005066, -9.75512218475, -17.0852375031, 3.19166564941], [-26.8081207275, 26.6961727142, 79.1315231323, -43.9016418457, -9.09406852722, -15.3524999619, 7.86937856674, 2.78292059898, 30.8213005066, 85.7733764648, 21.1864585876, -12.4695520401, -13.1295776367], [147.804580688, 7.87595415115, -54.4499397278, 17.3022022247, -23.7191562653, -10.8004360199, -21.7829151154, -23.4368953705, -9.75512218475, 21.1864585876, 78.6359405518, 0.235594898462, -17.7804698944], [-154.601867676, -39.7710990906, 35.375617981, 6.15371227264, 13.8637304306, 13.8917760849, 0.787115931511, 2.34758901596, -17.0852375031, -12.4695520401, 0.235594898462, 59.7873725891, 13.2907333374], [65.6483535767, -28.7523612976, -24.6737995148, 51.175983429, -3.1370844841, 3.36821866035, -10.5294942856, 1.77430140972, 3.19166564941, -13.1295776367, -17.7804698944, 13.2907333374, 58.4222450256]],
        "icov": [[0.000435456517152, -8.94284967217e-005, 0.000636687211227, -0.00039333224413, 0.000508950441144, -0.000378456403269, -9.55908326432e-005, 0.000232482401771, -0.000233518905588, -0.000475853274111, -7.1344729804e-005, 0.000557265826501, -0.000137700146297], [-8.94284967217e-005, 0.0058573349379, -0.000992110697553, 0.00418297434226, -0.00406119646505, 0.00353462505154, -0.0023023893591, 0.0035872743465, -0.00397524004802, 0.00422131968662, -0.00472420593724, 0.00432866020128, -0.00330243096687], [0.000636687211227, -0.000992110697553, 0.00281366123818, -0.000848928815685, 0.000815651612356, -0.0013762244489, -0.000705781101715, -1.7007751012e-005, 0.00130721612368, -0.00366869801655, 0.00221352768131, -0.00101371167693, 0.000733080669306], [-0.00039333224413, 0.00418297434226, -0.000848928815685, 0.00668892497197, -0.00299996254034, 0.000354405114194, -0.00106668437365, 0.000938347831834, -0.0013132726308, 0.00404788786545, -0.00514043821022, 0.00390166696161, -0.00559007702395], [0.000508950441144, -0.00406119646505, 0.000815651612356, -0.00299996254034, 0.00727838929743, -0.00270299636759, 0.000608992821071, -0.0009352445486, 0.00213607144542, -0.00240289396606, 0.00382535322569, -0.00300230411813, 0.00227708299644], [-0.000378456403269, 0.00353462505154, -0.0013762244489, 0.000354405114194, -0.00270299636759, 0.010521998629, -0.00392852164805, 0.00149610324297, -0.00129805412143, 0.00310398754664, -0.00171481689904, 0.000637609453406, -0.000130553322379], [-9.55908326432e-005, -0.0023023893591, -0.000705781101715, -0.00106668437365, 0.000608992821071, -0.00392852164805, 0.0120848100632, -0.00523637421429, 0.00346716679633, -0.00252885441296, 0.00328256539069, -0.000555130129214, 0.00257446127944], [0.000232482401771, 0.0035872743465, -1.7007751012e-005, 0.000938347831834, -0.0009352445486, 0.00149610324297, -0.00523637421429, 0.0188356842846, -0.00957715604454, 0.00266942754388, 0.00129910884425, -0.000216984641156, 0.000590673764236], [-0.000233518905588, -0.00397524004802, 0.00130721612368, -0.0013132726308, 0.00213607144542, -0.00129805412143, 0.00346716679633, -0.00957715604454, 0.0169686507434, -0.00812459550798, 0.00489693926647, -0.000612440053374, -9.46672025748e-006], [-0.000475853274111, 0.00422131968662, -0.00366869801655, 0.00404788786545, -0.00240289396606, 0.00310398754664, -0.00252885441296, 0.00266942754388, -0.00812459550798, 0.0221528224647, -0.0107306269929, 0.00600080890581, -0.00253641279414], [-7.1344729804e-005, -0.00472420593724, 0.00221352768131, -0.00514043821022, 0.00382535322569, -0.00171481689904, 0.00328256539069, 0.00129910884425, 0.00489693926647, -0.0107306269929, 0.0241031739861, -0.00796213932335, 0.0105172302574], [0.000557265826501, 0.00432866020128, -0.00101371167693, 0.00390166696161, -0.00300230411813, 0.000637609453406, -0.000555130129214, -0.000216984641156, -0.000612440053374, 0.00600080890581, -0.00796213932335, 0.0249973870814, -0.00936109013855], [-0.000137700146297, -0.00330243096687, 0.000733080669306, -0.00559007702395, 0.00227708299644, -0.000130553322379, 0.00257446127944, 0.000590673764236, -9.46672025748e-006, -0.00253641279414, 0.0105172302574, -0.00936109013855, 0.026189353317]]
    },
    "melbands": {
        "mean": [6.89642620273e-005, 0.000925216590986, 0.000821993802674, 0.00135207164567, 0.000322321633575, 0.000368633307517, 0.000687119842041, 2.84558154817e-005, 3.2166037272e-005, 2.46742947638e-005, 1.41205755426e-005, 7.68007430452e-006, 1.14686499728e-005, 2.01587845368e-005, 3.11400981445e-005, 1.62128690135e-005, 1.85371027328e-005, 6.56977408653e-006, 9.03317686607e-006, 1.62420601555e-005, 2.27699256357e-005, 9.68343647401e-006, 7.74867476139e-006, 4.24018799094e-006, 7.27388805899e-006, 1.36061198646e-005, 4.67866448162e-006, 2.0537556793e-006, 2.26430051953e-006, 1.99281930691e-006, 2.51185792877e-006, 1.63485196936e-006, 8.58756891375e-007, 7.66884795667e-007, 1.18937941807e-006, 1.33241826461e-006, 6.97842210684e-007, 3.64147325627e-007, 2.08873260021e-007, 1.8390301193e-007],
        "var": [2.71365081517e-008, 2.79960067928e-006, 6.1008756802e-007, 4.41519887318e-006, 2.52162067227e-007, 7.33936644792e-007, 3.757062359e-006, 1.10423963307e-008, 5.69083180579e-009, 5.56074519764e-009, 1.40837186358e-009, 9.27794063799e-010, 1.14270759521e-009, 2.0422368241e-009, 4.71833727644e-009, 7.7706219237e-010, 2.3245607661e-009, 2.90729523789e-010, 1.00142594217e-009, 1.36358058178e-009, 2.2277286682e-009, 9.72789404585e-010, 4.67522520697e-010, 1.24996041295e-010, 4.90111173868e-010, 2.38857089663e-009, 1.79760026309e-010, 4.77142943212e-011, 5.93597532239e-011, 4.29974389426e-011, 8.61349949699e-011, 4.82101858434e-011, 1.02335310365e-011, 8.94190884532e-012, 3.21870134712e-011, 3.79987777355e-011, 1.18024236218e-011, 2.19583400941e-012, 6.73125997216e-013, 6.21658865878e-013]
    },
    "mfcc": {
        "mean": [-723.063964844, 137.505767822, 5.42635154724, 35.7329406738, 14.7133426666, 8.30183601379, -4.72396421432, -6.26793479919, -19.568775177, -11.1319026947, -11.2006893158, -2.62111735344, -4.44010210037],
        "cov": [[7181.84277344, -1839.87329102, -957.610778809, 102.932685852, -278.805084229, -58.874256134, -228.545837402, -2.83815026283, -107.331512451, 140.499816895, -42.5162353516, 91.3674621582, 7.88938999176], [-1839.87329102, 1549.29309082, 1.38883090019, -173.975738525, 76.4892425537, -69.6531982422, -41.2227554321, -118.114814758, 7.52607584, -21.3550052643, 47.2736625671, -5.22730588913, 50.6086006165], [-957.610778809, 1.38883090019, 570.269042969, 22.3709640503, -4.99286985397, 80.1680984497, 101.025894165, -0.0955200567842, 61.8944091797, 3.92659139633, 28.9186267853, -24.1369724274, 11.2354946136], [102.932685852, -173.975738525, 22.3709640503, 200.985351563, 55.0568580627, 34.1972427368, 41.523525238, 18.2922267914, 6.15434408188, 1.35404980183, -21.8102302551, -12.4347457886, -8.14234733582], [-278.805084229, 76.4892425537, -4.99286985397, 55.0568580627, 162.679290771, 46.9136924744, 16.9443855286, 14.055223465, 1.31019067764, -5.43108224869, -20.2318325043, 0.528481841087, 5.90886163712], [-58.874256134, -69.6531982422, 80.1680984497, 34.1972427368, 46.9136924744, 133.405014038, 78.7844543457, 18.0518169403, 9.19036483765, -5.62314128876, -0.526537120342, -4.11787843704, -2.1842110157], [-228.545837402, -41.2227554321, 101.025894165, 41.523525238, 16.9443855286, 78.7844543457, 148.845169067, 30.7126312256, 1.61719572544, -4.26923179626, 9.9907989502, -10.3560743332, -16.397687912], [-2.83815026283, -118.114814758, -0.0955200567842, 18.2922267914, 14.055223465, 18.0518169403, 30.7126312256, 122.562309265, 35.6635932922, 4.52732229233, -16.9648761749, 5.2769317627, -8.28399753571], [-107.331512451, 7.52607584, 61.8944091797, 6.15434408188, 1.31019067764, 9.19036483765, 1.61719572544, 35.6635932922, 144.773468018, 29.6848983765, 2.18504977226, -7.53419399261, 37.8638801575], [140.499816895, -21.3550052643, 3.92659139633, 1.35404980183, -5.43108224869, -5.62314128876, -4.26923179626, 4.52732229233, 29.6848983765, 88.7082290649, 19.989648819, 0.380570530891, 11.7479190826], [-42.5162353516, 47.2736625671, 28.9186267853, -21.8102302551, -20.2318325043, -0.526537120342, 9.9907989502, -16.9648761749, 2.18504977226, 19.989648819, 91.8870544434, 18.6831493378, -5.61098241806], [91.3674621582, -5.22730588913, -24.1369724274, -12.4347457886, 0.528481841087, -4.11787843704, -10.3560743332, 5.2769317627, -7.53419399261, 0.380570530891, 18.6831493378, 72.2168426514, 6.25582504272], [7.88938999176, 50.6086006165, 11.2354946136, -8.14234733582, 5.90886163712, -2.1842110157, -16.397687912, -8.28399753571, 37.8638801575, 11.7479190826, -5.61098241806, 6.25582504272, 97.1538848877]],
        "icov": [[0.000376332260203, 0.000421587377787, 0.000631136645097, -9.56131407293e-005, 0.000558087311219, -0.00044786723447, 0.000336176832207, 0.000338783633197, 8.48869094625e-005, -0.000517079257406, 2.47701536864e-005, -0.000231007681577, -0.000243808390223], [0.000421587377787, 0.00138986227103, 0.000694309070241, 0.000816478277557, -0.00040242887917, 0.0002983805025, -7.40819159546e-005, 0.00122996827122, -0.000213244886254, -0.000218750516069, -0.000374464085326, -1.65963829204e-005, -0.000557539693546], [0.000631136645097, 0.000694309070241, 0.00329216220416, -0.000191402388737, 0.00126064219512, -0.00147998228204, -0.000632110226434, 0.0011039263336, -0.000864335161168, -0.000598571787123, -0.000519217806868, 0.000150251333253, -0.00056262104772], [-9.56131407293e-005, 0.000816478277557, -0.000191402388737, 0.00690850010142, -0.00291133020073, 0.000884202774614, -0.00196749833412, 0.000723590841517, -0.000563119479921, -5.21011461387e-005, 0.000842838198878, 0.000736619287636, 0.000337156961905], [0.000558087311219, -0.00040242887917, 0.00126064219512, -0.00291133020073, 0.00966400001198, -0.00449292035773, 0.00185988261364, -0.000806649622973, 0.000702300458215, -0.00103905086871, 0.00151549931616, -0.00107252120506, -0.000660591525957], [-0.00044786723447, 0.0002983805025, -0.00147998228204, 0.000884202774614, -0.00449292035773, 0.0136651387438, -0.00663389498368, 0.00047708969214, -0.000853840494528, 0.00141567259561, -9.11606039153e-005, 1.75808327185e-005, -0.000217130902456], [0.000336176832207, -7.40819159546e-005, -0.000632110226434, -0.00196749833412, 0.00185988261364, -0.00663389498368, 0.012312325649, -0.00274484162219, 0.00148782506585, -0.00028977583861, -0.0017009236617, 0.00112227792852, 0.000785965239629], [0.000338783633197, 0.00122996827122, 0.0011039263336, 0.000723590841517, -0.000806649622973, 0.00047708969214, -0.00274484162219, 0.0115512274206, -0.003602408804, -0.000567582726944, 0.0023522763513, -0.00217011221685, 0.0015943988692], [8.48869094625e-005, -0.000213244886254, -0.000864335161168, -0.000563119479921, 0.000702300458215, -0.000853840494528, 0.00148782506585, -0.003602408804, 0.00985141191632, -0.00259091472253, -0.000568714051042, 0.00141545245424, -0.00361110083759], [-0.000517079257406, -0.000218750516069, -0.000598571787123, -5.21011461387e-005, -0.00103905086871, 0.00141567259561, -0.00028977583861, -0.000567582726944, -0.00259091472253, 0.0138470288366, -0.00346998521127, 0.00113435473759, -0.000719566596672], [2.47701536864e-005, -0.000374464085326, -0.000519217806868, 0.000842838198878, 0.00151549931616, -9.11606039153e-005, -0.0017009236617, 0.0023522763513, -0.000568714051042, -0.00346998521127, 0.0141794215888, -0.00439170468599, 0.00188593717758], [-0.000231007681577, -1.65963829204e-005, 0.000150251333253, 0.000736619287636, -0.00107252120506, 1.75808327185e-005, 0.00112227792852, -0.00217011221685, 0.00141545245424, 0.00113435473759, -0.00439170468599, 0.0160805862397, -0.0018361232942], [-0.000243808390223, -0.000557539693546, -0.00056262104772, 0.000337156961905, -0.000660591525957, -0.000217130902456, 0.000785965239629, 0.0015943988692, -0.00361110083759, -0.000719566596672, 0.00188593717758, -0.0018361232942, 0.0127219166607]]
    },
    "spectral_contrast_coeffs": {
        "mean": [-0.5370464921, -0.673646092415, -0.801059305668, -0.768368780613, -0.781450688839, -0.772273123264],
        "var": [0.00479253102094, 0.00775515567511, 0.00234628957696, 0.00300868833438, 0.00277757272124, 0.0018317445647]
    },
    "spectral_contrast_valleys": {
        "mean": [-7.97275495529, -7.71664905548, -8.31902980804, -8.4809885025, -8.53470420837, -11.145362854],
        "var": [0.569682598114, 0.807130873203, 0.763817131519, 0.953613042831, 1.22214126587, 1.09809017181]
    }
},
"metadata": {
    "audio_properties": {
        "analysis_sample_rate": 44100,
        "bit_rate": 128074,
        "equal_loudness": 0,
        "length": 45.0612258911,
        "lossless": 0,
        "replay_gain": -4.87913131714,
        "sample_rate": 44100,
        "codec": "mp3",
        "downmix": "mix",
        "md5_encoded": "66f376b4d4ec42940560e8dbefdef620"
    },
    "tags": {
        "file_name": "1455.mp3"
    },
    "version": {
        "essentia": "2.1-beta2",
        "essentia_git_sha": "v2.1_beta2",
        "extractor": "music 1.0"
    }
},
"rhythm": {
    "beats_count": 103,
    "beats_loudness": {
        "mean": 0.024155465886,
        "var": 0.000620906299446
    },
    "bpm": 151.882705688,
    "bpm_histogram_first_peak_bpm": {
        "mean": 152,
        "var": 0
    },
    "bpm_histogram_first_peak_spread": {
        "mean": 0.285714268684,
        "var": 0
    },
    "bpm_histogram_first_peak_weight": {
        "mean": 0.147058829665,
        "var": 0
    },
    "bpm_histogram_second_peak_bpm": {
        "mean": 120,
        "var": 0
    },
    "bpm_histogram_second_peak_spread": {
        "mean": 0.607142865658,
        "var": 0
    },
    "bpm_histogram_second_peak_weight": {
        "mean": 0.107843138278,
        "var": 0
    },
    "danceability": 0.979925692081,
    "onset_rate": 3.94840097427,
    "beats_loudness_band_ratio": {
        "mean": [0.39661693573, 0.412393659353, 0.191389262676, 0.0504488945007, 0.0539760440588, 0.0389720387757],
        "var": [0.0421265847981, 0.0369803644717, 0.0487142130733, 0.00314638507552, 0.00474070943892, 0.00441636983305]
    },
    "beats_position": [0.476009070873, 0.975238084793, 1.48607707024, 1.97369611263, 2.47292518616, 2.97215414047, 3.47138309479, 3.97061228752, 4.45823097229, 4.94585037231, 5.42185926437, 5.88625860214, 6.3622674942, 6.80344676971, 7.25623559952, 7.67419481277, 8.10376358032, 8.55655288696, 9.0093421936, 9.45052146912, 9.89170074463, 10.3328800201, 10.774058342, 11.2036275864, 11.6331968307, 12.1208162308, 12.6084346771, 13.1076641083, 13.6068935394, 14.0945119858, 14.5937414169, 15.0929698944, 15.5921993256, 16.0914287567, 16.5790481567, 17.0666656494, 17.5542850494, 18.0651245117, 18.5991840363, 19.1216316223, 19.6440811157, 20.1781406403, 20.6889801025, 21.1998176575, 21.7106571198, 22.221496582, 22.7439460754, 23.2547836304, 23.7656230927, 24.2184123993, 24.6595916748, 25.1007709503, 25.5187301636, 25.9366893768, 26.3546485901, 26.7493877411, 27.1441268921, 27.5388660431, 27.9452152252, 28.3283443451, 28.711473465, 29.106212616, 29.500951767, 29.8840808868, 30.2788200378, 30.6735591888, 31.0682983398, 31.4398174286, 31.8229465485, 32.1828575134, 32.5543746948, 32.9491157532, 33.3438529968, 33.750202179, 34.1681632996, 34.5280723572, 34.8763694763, 35.2246704102, 35.5845794678, 35.9444885254, 36.3160095215, 36.7107467651, 37.059047699, 37.4073448181, 37.755645752, 38.0923347473, 38.4290237427, 38.765712738, 39.1140136719, 39.4739227295, 39.8338317871, 40.2285690308, 40.6349182129, 41.0296592712, 41.4360084534, 41.8423576355, 42.2370948792, 42.6434440613, 43.0381851196, 43.4213142395, 43.7928352356, 44.164352417, 44.5358734131]
},
"tonal": {
    "chords_changes_rate": 0.0884773656726,
    "chords_number_rate": 0.0133744860068,
    "chords_strength": {
        "mean": 0.494494318962,
        "var": 0.00968236289918
    },
    "hpcp_entropy": {
        "mean": 2.23103404045,
        "var": 0.591010630131
    },
    "key_strength": 0.714492559433,
    "tuning_diatonic_strength": 0.468439787626,
    "tuning_equal_tempered_deviation": 0.136150449514,
    "tuning_frequency": 433.942382813,
    "tuning_nontempered_energy_ratio": 0.855722486973,
    "hpcp": {
        "mean": [0.292404055595, 0.1293476969, 0.0723268017173, 0.0961286574602, 0.202585041523, 0.358235120773, 0.303099542856, 0.127379447222, 0.088104121387, 0.073209926486, 0.0365089140832, 0.0430503115058, 0.044609580189, 0.0278724618256, 0.0336929634213, 0.0349372401834, 0.0437102839351, 0.0633622035384, 0.0551053620875, 0.0710005611181, 0.189223766327, 0.223234042525, 0.125668480992, 0.0922033861279, 0.0709694102407, 0.0288624726236, 0.0275992415845, 0.0293764788657, 0.032469753176, 0.0745793357491, 0.0831423699856, 0.0666832327843, 0.17871080339, 0.266846686602, 0.229434937239, 0.30305609107],
        "var": [0.131581872702, 0.0434391349554, 0.0290942732245, 0.0403930097818, 0.0734363794327, 0.1466832757, 0.117137819529, 0.0427685342729, 0.0381829924881, 0.0328311361372, 0.00856624916196, 0.0104177631438, 0.0107829347253, 0.00333351851441, 0.00689771026373, 0.00833140220493, 0.0120180863887, 0.0264169778675, 0.0189892537892, 0.0155664067715, 0.0770134627819, 0.103179447353, 0.0410482995212, 0.0445311591029, 0.0358544029295, 0.00547816045582, 0.00368599779904, 0.00314323906787, 0.00491939252242, 0.0291453097016, 0.0283372160047, 0.0158771649003, 0.0684468075633, 0.139914691448, 0.0652221441269, 0.123464457691]
    },
    "chords_histogram": [20.267490387, 0, 1.13168728352, 0.102880656719, 0.308641970158, 0, 0, 9.05349826813, 0.102880656719, 6.68724298477, 12.0370368958, 1.74897122383, 0, 0, 10.2880659103, 0.823045253754, 3.90946507454, 1.74897122383, 0, 0, 1.33744859695, 15.843621254, 11.1111106873, 3.49794244766],
    "thpcp": [1, 0.846091091633, 0.355574995279, 0.24593937397, 0.204362779856, 0.101913273335, 0.120173342526, 0.124525979161, 0.0778049379587, 0.0940526500344, 0.0975260064006, 0.122015632689, 0.176873236895, 0.153824567795, 0.198195427656, 0.528211116791, 0.623149514198, 0.350798875093, 0.257382333279, 0.198108464479, 0.0805685147643, 0.0770422518253, 0.0820033475757, 0.0906381085515, 0.208185434341, 0.232088834047, 0.186143755913, 0.498864561319, 0.744892597198, 0.640459060669, 0.845969796181, 0.816235005856, 0.36106929183, 0.201897576451, 0.268339574337, 0.56550860405],
    "chords_key": "G#",
    "chords_scale": "minor",
    "key_key": "G#",
    "key_scale": "minor"
}
}