{
"lowlevel": {
    "average_loudness": 0.959048390388,
    "barkbands_crest": {
        "mean": 13.4494590759,
        "var": 19.9742603302
    },
    "barkbands_flatness_db": {
        "mean": 0.267935156822,
        "var": 0.0022748305928
    },
    "barkbands_kurtosis": {
        "mean": 26.5303859711,
        "var": 530.151245117
    },
    "barkbands_skewness": {
        "mean": 3.48407173157,
        "var": 3.05982232094
    },
    "barkbands_spread": {
        "mean": 6.3154668808,
        "var": 66.2301483154
    },
    "dissonance": {
        "mean": 0.413811504841,
        "var": 0.00264945835806
    },
    "dynamic_complexity": 2.25128245354,
    "erbbands_crest": {
        "mean": 13.6797943115,
        "var": 29.8522148132
    },
    "erbbands_flatness_db": {
        "mean": 0.202444568276,
        "var": 0.00178962084465
    },
    "erbbands_kurtosis": {
        "mean": 5.83419466019,
        "var": 52.5573158264
    },
    "erbbands_skewness": {
        "mean": 1.8362351656,
        "var": 1.56978487968
    },
    "erbbands_spread": {
        "mean": 34.0917472839,
        "var": 428.791717529
    },
    "hfc": {
        "mean": 10.1219453812,
        "var": 113.267402649
    },
    "melbands_crest": {
        "mean": 17.817533493,
        "var": 26.4524345398
    },
    "melbands_flatness_db": {
        "mean": 0.364205777645,
        "var": 0.00379208032973
    },
    "melbands_kurtosis": {
        "mean": 49.9392471313,
        "var": 1948.56542969
    },
    "melbands_skewness": {
        "mean": 4.25305271149,
        "var": 4.95862770081
    },
    "melbands_spread": {
        "mean": 5.4951004982,
        "var": 59.4784507751
    },
    "pitch_salience": {
        "mean": 0.502938449383,
        "var": 0.0162058193237
    },
    "silence_rate_20dB": {
        "mean": 1,
        "var": 0
    },
    "silence_rate_30dB": {
        "mean": 0.988671481609,
        "var": 0.0112000769004
    },
    "silence_rate_60dB": {
        "mean": 0.00514933047816,
        "var": 0.00512279802933
    },
    "spectral_centroid": {
        "mean": 450.353088379,
        "var": 135418.921875
    },
    "spectral_complexity": {
        "mean": 6.90061807632,
        "var": 7.49529314041
    },
    "spectral_decrease": {
        "mean": -9.91563187114e-009,
        "var": 3.91267580132e-017
    },
    "spectral_energy": {
        "mean": 0.0383419618011,
        "var": 0.000584070046898
    },
    "spectral_energyband_high": {
        "mean": 0.000202291848836,
        "var": 6.92298954164e-007
    },
    "spectral_energyband_low": {
        "mean": 0.0186062734574,
        "var": 0.000277586805169
    },
    "spectral_energyband_middle_high": {
        "mean": 0.000702485034708,
        "var": 4.1955731831e-006
    },
    "spectral_energyband_middle_low": {
        "mean": 0.0201850291342,
        "var": 0.000326926150592
    },
    "spectral_entropy": {
        "mean": 6.42997169495,
        "var": 0.285562187433
    },
    "spectral_flux": {
        "mean": 0.0752306580544,
        "var": 0.00212309858762
    },
    "spectral_kurtosis": {
        "mean": 7.97891139984,
        "var": 53.627696991
    },
    "spectral_rms": {
        "mean": 0.00582192558795,
        "var": 3.51198923454e-006
    },
    "spectral_rolloff": {
        "mean": 412.103027344,
        "var": 591518.1875
    },
    "spectral_skewness": {
        "mean": 2.27105140686,
        "var": 0.760483264923
    },
    "spectral_spread": {
        "mean": 4425918,
        "var": 2.52639366349e+012
    },
    "spectral_strongpeak": {
        "mean": 0.813257455826,
        "var": 0.523685514927
    },
    "zerocrossingrate": {
        "mean": 0.0227093528956,
        "var": 0.000424248311901
    },
    "barkbands": {
        "mean": [0.000208480123547, 0.00835647340864, 0.008694765158, 0.00253990711644, 0.0113750146702, 0.00223752623424, 0.00190490856767, 0.000922592589632, 0.00119089451618, 8.73428143677e-005, 0.000105350503873, 2.48604628723e-005, 6.1071899836e-005, 1.14029180622e-005, 2.48130527325e-005, 0.000263101916062, 4.41801348643e-005, 2.55088107224e-005, 5.11127327627e-005, 2.67948671535e-005, 4.44038378191e-005, 4.58654612885e-005, 5.69880867261e-005, 3.20143844874e-005, 4.9454179134e-006, 1.54526310325e-006, 1.31801755288e-007],
        "var": [1.26571933379e-007, 8.41089422465e-005, 8.49975112942e-005, 9.53618837229e-006, 0.000178409871296, 1.72006512003e-005, 2.81739194179e-005, 1.17323761515e-005, 4.21174227085e-005, 1.14783887284e-007, 2.69004203801e-007, 2.66294541973e-009, 7.20977837432e-008, 4.81844453226e-010, 4.02189082038e-009, 3.32193485519e-006, 7.71401342803e-009, 1.7039678557e-009, 3.13912664751e-008, 1.88174897886e-008, 6.39697432803e-008, 6.84557832642e-008, 3.72224313594e-008, 2.9438952609e-008, 3.37764843872e-010, 2.53640337899e-012, 6.37587313675e-014]
    },
    "erbbands": {
        "mean": [0.184764146805, 2.14992046356, 10.4363622665, 8.22619247437, 21.6467990875, 48.6407623291, 20.4327220917, 17.4330406189, 29.0527172089, 16.4301319122, 22.2179374695, 30.0166950226, 10.2847547531, 2.85969781876, 3.21514415741, 1.5350124836, 2.94945764542, 0.78599268198, 1.08678293228, 3.15669226646, 16.1858539581, 2.75547075272, 1.89626157284, 1.59418559074, 2.35007810593, 1.19226360321, 1.69674932957, 1.89406859875, 1.65338623524, 1.57595801353, 1.64853918552, 0.962148189545, 0.373217761517, 0.088950112462, 0.023416986689, 0.00665903044865, 0.00280063180253, 0.000686600629706, 3.29393842549e-005, 4.30212203355e-005],
        "var": [0.043208129704, 6.50250434875, 121.182525635, 54.8302764893, 759.373596191, 3902.27978516, 478.535705566, 1049.64331055, 6507.0859375, 1681.47766113, 6683.33300781, 25930.7441406, 2392.35644531, 63.3772583008, 224.378921509, 8.48426055908, 162.351989746, 1.95891880989, 11.7305755615, 334.46762085, 10991.0253906, 44.4281272888, 8.6530418396, 21.5671901703, 66.7199783325, 30.4676361084, 108.210235596, 89.0045852661, 88.8860244751, 47.7771644592, 37.8313865662, 25.2521209717, 3.59385418892, 0.148030623794, 0.00558138312772, 0.00012123810302, 7.0144651545e-006, 6.62810919039e-007, 5.81361181418e-010, 7.15320358502e-010]
    },
    "gfcc": {
        "mean": [-66.9740219116, 123.976295471, -56.4768638611, 57.3487586975, -54.0445556641, 0.748233497143, -48.3934822083, -3.16139554977, -11.3108940125, -10.899438858, -15.0535020828, 5.81311750412, -11.359500885],
        "cov": [[2338.14111328, -15.0764083862, -475.894744873, 224.783599854, -253.282440186, 7.13199806213, 5.75496292114, -12.1514959335, 107.829704285, -5.10330724716, 22.5164337158, -160.926055908, -18.5718250275], [-15.0764083862, 501.916656494, 121.061233521, -298.809173584, 130.572891235, -39.4153633118, 73.1472396851, 65.1054000854, 70.8138504028, 9.96479415894, -5.87161922455, -30.8651046753, -45.0375709534], [-475.894744873, 121.061233521, 610.189086914, 174.460525513, 48.3540534973, 98.8393096924, 13.0954341888, -7.70106935501, 124.874801636, 27.855096817, 61.1657180786, 58.9029502869, -57.0916099548], [224.783599854, -298.809173584, 174.460525513, 654.662231445, -0.04192500934, 29.6150627136, -58.8302879333, -43.5291175842, 105.97202301, -3.46553993225, 82.7426528931, 75.6807250977, -37.6721954346], [-253.282440186, 130.572891235, 48.3540534973, -0.04192500934, 287.621704102, 19.5105457306, -25.185710907, -17.6291484833, -54.1050987244, 7.7613940239, 57.8754081726, 66.1525878906, 6.14416790009], [7.13199806213, -39.4153633118, 98.8393096924, 29.6150627136, 19.5105457306, 217.186630249, 40.181552887, -46.3107910156, -7.26522493362, 16.7290019989, 66.4844818115, 6.92193317413, -12.2568225861], [5.75496292114, 73.1472396851, 13.0954341888, -58.8302879333, -25.185710907, 40.181552887, 188.246765137, 76.1566467285, -34.2320175171, -32.6097412109, -38.792842865, -23.0547714233, 13.4682531357], [-12.1514959335, 65.1054000854, -7.70106935501, -43.5291175842, -17.6291484833, -46.3107910156, 76.1566467285, 185.489364624, 86.0073623657, -23.5975112915, -60.9768066406, -50.5899658203, -10.0181503296], [107.829704285, 70.8138504028, 124.874801636, 105.97202301, -54.1050987244, -7.26522493362, -34.2320175171, 86.0073623657, 297.648956299, 72.3934326172, -22.662733078, -61.8033828735, -87.871055603], [-5.10330724716, 9.96479415894, 27.855096817, -3.46553993225, 7.7613940239, 16.7290019989, -32.6097412109, -23.5975112915, 72.3934326172, 158.470016479, 69.4245300293, -36.0771179199, -41.2157745361], [22.5164337158, -5.87161922455, 61.1657180786, 82.7426528931, 57.8754081726, 66.4844818115, -38.792842865, -60.9768066406, -22.662733078, 69.4245300293, 171.331237793, 41.0691642761, -36.0466117859], [-160.926055908, -30.8651046753, 58.9029502869, 75.6807250977, 66.1525878906, 6.92193317413, -23.0547714233, -50.5899658203, -61.8033828735, -36.0771179199, 41.0691642761, 142.697647095, 39.5179405212], [-18.5718250275, -45.0375709534, -57.0916099548, -37.6721954346, 6.14416790009, -12.2568225861, 13.4682531357, -10.0181503296, -87.871055603, -41.2157745361, -36.0466117859, 39.5179405212, 117.093688965]],
        "icov": [[0.00139366846997, -0.00326524605043, 0.0021777334623, -0.00273744622245, 0.00255454936996, -0.00195000285748, 0.00152050540783, -0.00047832110431, 0.00110785732977, -0.000520027126186, 0.0002286403178, 0.000968639971688, -0.001015935326], [-0.00326524605043, 0.0175299569964, -0.00734982592985, 0.0128191038966, -0.0118456315249, 0.0105493329465, -0.0108345197514, 0.00619932450354, -0.010873044841, 0.00709007494152, -0.00667498540133, 7.73412248236e-005, 0.00252290442586], [0.0021777334623, -0.00734982592985, 0.0062289298512, -0.00594620406628, 0.00501495832577, -0.00512323109433, 0.00331361126155, -0.00152968824841, 0.00231715827249, -0.00204985309392, 0.00160241744015, -0.000319646671414, -0.00105046539102], [-0.00273744622245, 0.0128191038966, -0.00594620406628, 0.0116419829428, -0.00860580801964, 0.00797892734408, -0.0077915978618, 0.00499338470399, -0.00900099147111, 0.00602901214734, -0.00583387631923, -0.00114466808736, 0.00191082397941], [0.00255454936996, -0.0118456315249, 0.00501495832577, -0.00860580801964, 0.01253609173, -0.00757416058332, 0.0081873908639, -0.00537890242413, 0.0082649635151, -0.0052384249866, 0.00360011472367, -0.00163396692369, -0.00130895746406], [-0.00195000285748, 0.0105493329465, -0.00512323109433, 0.00797892734408, -0.00757416058332, 0.0133643187582, -0.00974838621914, 0.00704064965248, -0.00827290304005, 0.00593997584656, -0.00760493241251, 0.0017803653609, 0.000277931598248], [0.00152050540783, -0.0108345197514, 0.00331361126155, -0.0077915978618, 0.0081873908639, -0.00974838621914, 0.0164565723389, -0.0100220758468, 0.0112554840744, -0.00605666823685, 0.00727084325626, -0.000773843261413, -0.00020352100546], [-0.00047832110431, 0.00619932450354, -0.00152968824841, 0.00499338470399, -0.00537890242413, 0.00704064965248, -0.0100220758468, 0.0146286934614, -0.0103773837909, 0.0069399443455, -0.00492501398548, 0.00359109346755, -0.00148003990762], [0.00110785732977, -0.010873044841, 0.00231715827249, -0.00900099147111, 0.0082649635151, -0.00827290304005, 0.0112554840744, -0.0103773837909, 0.0174313168973, -0.0103275887668, 0.00992627535015, -0.00153708236758, 0.00376576627605], [-0.000520027126186, 0.00709007494152, -0.00204985309392, 0.00602901214734, -0.0052384249866, 0.00593997584656, -0.00605666823685, 0.0069399443455, -0.0103275887668, 0.0159982647747, -0.0107165547088, 0.00526832742617, -0.00142412888817], [0.0002286403178, -0.00667498540133, 0.00160241744015, -0.00583387631923, 0.00360011472367, -0.00760493241251, 0.00727084325626, -0.00492501398548, 0.00992627535015, -0.0107165547088, 0.0174726508558, -0.00545606855303, 0.00502774585038], [0.000968639971688, 7.73412248236e-005, -0.000319646671414, -0.00114466808736, -0.00163396692369, 0.0017803653609, -0.000773843261413, 0.00359109346755, -0.00153708236758, 0.00526832742617, -0.00545606855303, 0.0144417798147, -0.00552504789084], [-0.001015935326, 0.00252290442586, -0.00105046539102, 0.00191082397941, -0.00130895746406, 0.000277931598248, -0.00020352100546, -0.00148003990762, 0.00376576627605, -0.00142412888817, 0.00502774585038, -0.00552504789084, 0.0151836508885]]
    },
    "melbands": {
        "mean": [0.00190481694881, 0.00453775934875, 0.00166694971267, 0.00286644371226, 0.000998567673378, 0.000409380998462, 0.000420472497353, 0.000173808075488, 0.00017002633831, 0.000195440414245, 4.79633054056e-005, 1.12420493679e-005, 1.48326198541e-005, 2.44615330303e-006, 7.19710169506e-006, 3.94468133891e-006, 1.24751727526e-006, 1.52612710735e-006, 1.50525409026e-006, 1.28472138385e-005, 1.69135892065e-005, 2.08292726711e-006, 2.30069872487e-006, 1.36186611144e-006, 1.15619604912e-006, 2.4794944693e-006, 8.91587148999e-007, 7.29749501716e-007, 1.07182574993e-006, 1.0866536968e-006, 1.10311293611e-006, 9.25347933389e-007, 8.7094713308e-007, 8.81856067281e-007, 9.79646415544e-007, 7.91269144429e-007, 5.25386838035e-007, 3.16458283578e-007, 1.06852638737e-007, 6.12453803228e-008],
        "var": [3.62970399692e-006, 2.28959434025e-005, 2.09684048968e-006, 1.23020672618e-005, 1.17638762731e-006, 5.65100492622e-007, 1.45844956023e-006, 2.24586557351e-007, 4.06661087027e-007, 1.18253296932e-006, 4.94988050548e-008, 1.08021014356e-009, 5.51873879928e-009, 2.83113255062e-011, 7.23747284326e-010, 2.36679148502e-010, 6.26861410002e-012, 2.60929611251e-011, 9.72395254595e-012, 8.87871465238e-009, 1.11104121459e-008, 1.35418672803e-011, 2.54700184554e-011, 6.41804448129e-012, 1.33862105428e-011, 8.28817500742e-011, 1.28456880549e-011, 1.49215848011e-011, 5.29024775375e-011, 5.38758204716e-011, 2.53973248682e-011, 2.89297457517e-011, 3.05368473563e-011, 1.04376021715e-011, 1.49508738723e-011, 1.12427211638e-011, 1.00971227907e-011, 3.00614069228e-012, 2.42481111145e-013, 7.18318227165e-014]
    },
    "mfcc": {
        "mean": [-728.486999512, 145.443054199, 55.4616889954, 52.6726112366, 21.7625541687, 8.63135814667, -19.2292480469, 10.3505239487, -7.76944303513, -5.44469547272, -11.3631134033, 4.89438581467, 3.58289980888],
        "cov": [[2378.90039063, -448.808502197, -265.201446533, 51.7167320251, -221.387985229, -12.7130336761, -96.1458892822, -44.4927482605, -0.73327755928, 162.035964966, 48.370223999, 15.9796762466, -81.4947052002], [-448.808502197, 923.5859375, -110.839622498, -244.756942749, 9.33526611328, -101.214775085, 60.8231811523, 2.09534287453, 58.7319145203, 58.9265785217, 69.7485733032, -33.4950752258, -5.04382944107], [-265.201446533, -110.839622498, 579.780212402, 132.404571533, 82.0221862793, 130.592330933, -118.226661682, 79.5311584473, 5.26987743378, 45.345451355, 86.9837646484, 139.451431274, 5.84847545624], [51.7167320251, -244.756942749, 132.404571533, 389.170227051, 102.64932251, 31.5241775513, -71.5368804932, 65.9319534302, -7.15865039825, -64.3316650391, 29.358253479, 73.462272644, 57.1191749573], [-221.387985229, 9.33526611328, 82.0221862793, 102.64932251, 276.974121094, 84.9097671509, -25.1185951233, 14.8011064529, -78.3308410645, -30.3825950623, 12.9302015305, 92.2885742188, 74.2337341309], [-12.7130336761, -101.214775085, 130.592330933, 31.5241775513, 84.9097671509, 213.764892578, 25.6352157593, -13.8587064743, -63.6304626465, -29.0294647217, 3.33334302902, 51.061756134, 15.1449384689], [-96.1458892822, 60.8231811523, -118.226661682, -71.5368804932, -25.1185951233, 25.6352157593, 273.633087158, 7.17801523209, -43.0878562927, -36.042514801, -60.7735862732, -96.7194519043, -3.31430840492], [-44.4927482605, 2.09534287453, 79.5311584473, 65.9319534302, 14.8011064529, -13.8587064743, 7.17801523209, 192.309753418, 48.6408309937, -31.3685588837, 9.58641910553, 3.51800322533, -19.4710540771], [-0.73327755928, 58.7319145203, 5.26987743378, -7.15865039825, -78.3308410645, -63.6304626465, -43.0878562927, 48.6408309937, 193.87487793, 48.0036964417, 9.38784408569, -22.8338813782, -33.0557937622], [162.035964966, 58.9265785217, 45.345451355, -64.3316650391, -30.3825950623, -29.0294647217, -36.042514801, -31.3685588837, 48.0036964417, 237.946899414, 84.0861434937, 18.7453594208, -23.8136806488], [48.370223999, 69.7485733032, 86.9837646484, 29.358253479, 12.9302015305, 3.33334302902, -60.7735862732, 9.58641910553, 9.38784408569, 84.0861434937, 171.671127319, 92.7057266235, -3.61476802826], [15.9796762466, -33.4950752258, 139.451431274, 73.462272644, 92.2885742188, 51.061756134, -96.7194519043, 3.51800322533, -22.8338813782, 18.7453594208, 92.7057266235, 183.389648438, 50.7890205383], [-81.4947052002, -5.04382944107, 5.84847545624, 57.1191749573, 74.2337341309, 15.1449384689, -3.31430840492, -19.4710540771, -33.0557937622, -23.8136806488, -3.61476802826, 50.7890205383, 124.787055969]],
        "icov": [[0.000689734180924, 0.00026717298897, 0.000700835487805, -0.00027090482763, 0.000730171625037, -0.000469735328807, 0.000344202911947, -0.000319941376802, 0.000359287369065, -0.000734728586394, 9.55418436206e-005, -0.000494358420838, 0.000293199700536], [0.00026717298897, 0.00181733758654, 0.000219561625272, 0.00124497199431, -0.000718218972906, 0.000655329204164, -0.000256453757174, -0.000163954609889, -0.000577221391723, 0.000155334098963, -0.00147168629337, 0.000447059836006, -0.000364737323252], [0.000700835487805, 0.000219561625272, 0.00361687038094, -0.000806973024737, 0.00103162997402, -0.00233523803763, 0.00121345254593, -0.00163318787236, 0.000425913895015, -0.00158009328879, 0.000187943529454, -0.00169823993929, 0.000621473300271], [-0.00027090482763, 0.00124497199431, -0.000806973024737, 0.00473859766498, -0.00180511071812, 0.000903062871657, 0.000262649526121, -0.00076227489626, -0.000889121438377, 0.00174174958374, -0.00193063053302, 0.000948596512899, -0.00175067700911], [0.000730171625037, -0.000718218972906, 0.00103162997402, -0.00180511071812, 0.00728664686903, -0.00247628847137, 0.00094795122277, -0.00149098795373, 0.00255678733811, -0.00153073889669, 0.00186714797746, -0.00277309888043, -0.0014479799429], [-0.000469735328807, 0.000655329204164, -0.00233523803763, 0.000903062871657, -0.00247628847137, 0.00805758498609, -0.00220040767454, 0.00169292965438, 0.000289352057735, 0.00159149907995, -0.000277685961919, -0.000831076817121, 0.000827270327136], [0.000344202911947, -0.000256453757174, 0.00121345254593, 0.000262649526121, 0.00094795122277, -0.00220040767454, 0.00592859368771, -0.0016482087085, 0.00169610406738, -0.000538460211828, 0.000234661943978, 0.00263551273383, -0.00107858597767], [-0.000319941376802, -0.000163954609889, -0.00163318787236, -0.00076227489626, -0.00149098795373, 0.00169292965438, -0.0016482087085, 0.00749388104305, -0.0023808486294, 0.0020119023975, -0.000753538799472, 0.000231886893744, 0.00165396835655], [0.000359287369065, -0.000577221391723, 0.000425913895015, -0.000889121438377, 0.00255678733811, 0.000289352057735, 0.00169610406738, -0.0023808486294, 0.0079238191247, -0.00210929103196, 0.00127462623641, -0.000110466906335, 0.000494132866152], [-0.000734728586394, 0.000155334098963, -0.00158009328879, 0.00174174958374, -0.00153073889669, 0.00159149907995, -0.000538460211828, 0.0020119023975, -0.00210929103196, 0.00728027755395, -0.00388096692041, 0.00158549123444, -0.000106814419269], [9.55418436206e-005, -0.00147168629337, 0.000187943529454, -0.00193063053302, 0.00186714797746, -0.000277685961919, 0.000234661943978, -0.000753538799472, 0.00127462623641, -0.00388096692041, 0.0120267476887, -0.00652993284166, 0.00229256344028], [-0.000494358420838, 0.000447059836006, -0.00169823993929, 0.000948596512899, -0.00277309888043, -0.000831076817121, 0.00263551273383, 0.000231886893744, -0.000110466906335, 0.00158549123444, -0.00652993284166, 0.0138306291774, -0.00434767082334], [0.000293199700536, -0.000364737323252, 0.000621473300271, -0.00175067700911, -0.0014479799429, 0.000827270327136, -0.00107858597767, 0.00165396835655, 0.000494132866152, -0.000106814419269, 0.00229256344028, -0.00434767082334, 0.0118994563818]]
    },
    "spectral_contrast_coeffs": {
        "mean": [-0.582923650742, -0.667403459549, -0.778787374496, -0.754017233849, -0.782801032066, -0.773753583431],
        "var": [0.00840386562049, 0.00670578796417, 0.00662692263722, 0.00441291974857, 0.00226891133934, 0.00167956121732]
    },
    "spectral_contrast_valleys": {
        "mean": [-6.74845504761, -7.25568246841, -8.83882236481, -9.36182117462, -9.02194690704, -10.9506521225],
        "var": [0.70144957304, 0.616718530655, 0.560534894466, 0.596365213394, 0.625540137291, 0.480001956224]
    }
},
"metadata": {
    "audio_properties": {
        "analysis_sample_rate": 44100,
        "bit_rate": 128074,
        "equal_loudness": 0,
        "length": 45.0612258911,
        "lossless": 0,
        "replay_gain": -5.89665222168,
        "sample_rate": 44100,
        "codec": "mp3",
        "downmix": "mix",
        "md5_encoded": "d9ae5fc5d756feb279826386f9c8d6db"
    },
    "tags": {
        "file_name": "1456.mp3"
    },
    "version": {
        "essentia": "2.1-beta2",
        "essentia_git_sha": "v2.1_beta2",
        "extractor": "music 1.0"
    }
},
"rhythm": {
    "beats_count": 65,
    "beats_loudness": {
        "mean": 0.049836717546,
        "var": 0.000613797456026
    },
    "bpm": 87.0563201904,
    "bpm_histogram_first_peak_bpm": {
        "mean": 88,
        "var": 0
    },
    "bpm_histogram_first_peak_spread": {
        "mean": 0.457627117634,
        "var": 0
    },
    "bpm_histogram_first_peak_weight": {
        "mean": 0.5,
        "var": 0
    },
    "bpm_histogram_second_peak_bpm": {
        "mean": 83,
        "var": 0
    },
    "bpm_histogram_second_peak_spread": {
        "mean": 0,
        "var": 0
    },
    "bpm_histogram_second_peak_weight": {
        "mean": 0.078125,
        "var": 0
    },
    "danceability": 1.3811994791,
    "onset_rate": 3.03893780708,
    "beats_loudness_band_ratio": {
        "mean": [0.546907961369, 0.368892043829, 0.134421497583, 0.007386747282, 0.0168370045722, 0.00815312098712],
        "var": [0.0517942495644, 0.0531465634704, 0.0273184143007, 0.000200009410037, 0.000872588192578, 0.000261849869275]
    },
    "beats_position": [0.708208620548, 1.4164172411, 2.13623571396, 2.85605430603, 3.5758728981, 4.27247142792, 4.96907043457, 5.66566896439, 6.37387752533, 7.0936961174, 7.77868461609, 8.45206356049, 9.14866161346, 9.83365058899, 10.5418596268, 11.261677742, 11.9582767487, 12.6548748016, 13.3514738083, 14.0480718613, 14.7446708679, 15.4412698746, 16.1262588501, 16.7996368408, 17.4846248627, 18.1696147919, 18.8429927826, 19.5163707733, 20.1897506714, 20.8863487244, 21.5713367462, 22.2795467377, 22.9877548218, 23.6843528748, 24.3809528351, 25.0775508881, 25.774148941, 26.4591369629, 27.1441268921, 27.8291149139, 28.5141029358, 29.199092865, 29.8840808868, 30.5574588776, 31.2540588379, 31.9158267975, 32.5775947571, 33.2625846863, 33.9475746155, 34.63256073, 35.3175506592, 35.9909286499, 36.6643066406, 37.3609046936, 38.034286499, 38.6844444275, 39.3578224182, 40.0428123474, 40.7277984619, 41.4243965149, 42.1209983826, 42.7943763733, 43.467754364, 44.1527442932, 44.8377304077]
},
"tonal": {
    "chords_changes_rate": 0.0329218097031,
    "chords_number_rate": 0.0133744860068,
    "chords_strength": {
        "mean": 0.570557773113,
        "var": 0.0111984005198
    },
    "hpcp_entropy": {
        "mean": 1.89053082466,
        "var": 0.477356612682
    },
    "key_strength": 0.68985325098,
    "tuning_diatonic_strength": 0.702006459236,
    "tuning_equal_tempered_deviation": 0.166772156954,
    "tuning_frequency": 453.678466797,
    "tuning_nontempered_energy_ratio": 0.760960042477,
    "hpcp": {
        "mean": [0.0212906766683, 0.0170541945845, 0.0601682327688, 0.153452694416, 0.188448444009, 0.104265406728, 0.0307676866651, 0.0205442849547, 0.0199005287141, 0.0339265018702, 0.0516328923404, 0.0450908839703, 0.0314354598522, 0.0259959269315, 0.0380464680493, 0.0469177849591, 0.036006283015, 0.0967782214284, 0.195759057999, 0.162813171744, 0.0584400929511, 0.0195941049606, 0.0376399978995, 0.0799163430929, 0.0736450478435, 0.0324599891901, 0.0241615604609, 0.0296287406236, 0.0358920507133, 0.0578571967781, 0.120549835265, 0.166989579797, 0.386639684439, 0.60912579298, 0.384090870619, 0.0921045839787],
        "var": [0.00536008644849, 0.004484067671, 0.0197829715908, 0.0554898604751, 0.0839615538716, 0.0486894510686, 0.00767560303211, 0.00867104995996, 0.00607059290633, 0.0064893537201, 0.0267492309213, 0.0261635668576, 0.0169934593141, 0.00605614390224, 0.012876146473, 0.0250774770975, 0.0121162356809, 0.0253164228052, 0.0708296000957, 0.0573010072112, 0.0213099960238, 0.00664720451459, 0.0149654233828, 0.0534099675715, 0.0497873462737, 0.015329470858, 0.0132965352386, 0.0173464268446, 0.0187821015716, 0.0229349508882, 0.0582502782345, 0.07342582196, 0.0914582386613, 0.175653383136, 0.0951443687081, 0.0366168543696]
    },
    "chords_histogram": [57.4074058533, 1.54320991039, 9.67078208923, 4.32098770142, 5.24691343307, 0, 0, 0, 2.05761313438, 2.36625504494, 0, 0, 0, 0, 0, 1.95473253727, 0, 2.05761313438, 0, 0, 1.13168728352, 1.44032919407, 4.62962961197, 6.17283964157],
    "thpcp": [1, 0.630560815334, 0.151207819581, 0.0349528416991, 0.0279978197068, 0.0987780094147, 0.25192284584, 0.3093752563, 0.171172201633, 0.0505112186074, 0.0337274931371, 0.0326706394553, 0.0556970387697, 0.0847655683756, 0.0740255713463, 0.0516075007617, 0.042677436024, 0.0624607726932, 0.0770247876644, 0.0591114088893, 0.158880516887, 0.321377068758, 0.26728990674, 0.0959409251809, 0.032167583704, 0.0617934726179, 0.131198421121, 0.120902858675, 0.0532894693315, 0.0396659635007, 0.0486414134502, 0.0589238740504, 0.0949839875102, 0.197906300426, 0.274146288633, 0.634745240211],
    "chords_key": "G#",
    "chords_scale": "major",
    "key_key": "G#",
    "key_scale": "major"
}
}