{
"lowlevel": {
    "average_loudness": 0.984025061131,
    "barkbands_crest": {
        "mean": 9.20909309387,
        "var": 8.57919025421
    },
    "barkbands_flatness_db": {
        "mean": 0.183587789536,
        "var": 0.00211759656668
    },
    "barkbands_kurtosis": {
        "mean": 5.31179761887,
        "var": 40.0043487549
    },
    "barkbands_skewness": {
        "mean": 1.89892017841,
        "var": 1.01667869091
    },
    "barkbands_spread": {
        "mean": 13.540646553,
        "var": 39.4910888672
    },
    "dissonance": {
        "mean": 0.453886687756,
        "var": 0.000706356600858
    },
    "dynamic_complexity": 1.59532320499,
    "erbbands_crest": {
        "mean": 9.39680862427,
        "var": 15.7621116638
    },
    "erbbands_flatness_db": {
        "mean": 0.19267937541,
        "var": 0.00202523451298
    },
    "erbbands_kurtosis": {
        "mean": -0.0732802525163,
        "var": 1.20691132545
    },
    "erbbands_skewness": {
        "mean": 0.363063752651,
        "var": 0.20582062006
    },
    "erbbands_spread": {
        "mean": 34.6730270386,
        "var": 155.66960144
    },
    "hfc": {
        "mean": 15.8613805771,
        "var": 87.1126556396
    },
    "melbands_crest": {
        "mean": 15.0886087418,
        "var": 21.1630954742
    },
    "melbands_flatness_db": {
        "mean": 0.261387616396,
        "var": 0.00276304665022
    },
    "melbands_kurtosis": {
        "mean": 13.4897232056,
        "var": 200.795501709
    },
    "melbands_skewness": {
        "mean": 2.81115245819,
        "var": 1.90839207172
    },
    "melbands_spread": {
        "mean": 14.4015769958,
        "var": 74.2133331299
    },
    "pitch_salience": {
        "mean": 0.529682815075,
        "var": 0.00842450372875
    },
    "silence_rate_20dB": {
        "mean": 1,
        "var": 0
    },
    "silence_rate_30dB": {
        "mean": 0.99794024229,
        "var": 0.00205552391708
    },
    "silence_rate_60dB": {
        "mean": 0.00154479919001,
        "var": 0.00154241069686
    },
    "spectral_centroid": {
        "mean": 869.248840332,
        "var": 146364.1875
    },
    "spectral_complexity": {
        "mean": 17.3017501831,
        "var": 33.0532341003
    },
    "spectral_decrease": {
        "mean": -9.1323268947e-009,
        "var": 3.10093600383e-017
    },
    "spectral_energy": {
        "mean": 0.0359061807394,
        "var": 0.000467416190077
    },
    "spectral_energyband_high": {
        "mean": 0.000231188780162,
        "var": 1.01926396212e-007
    },
    "spectral_energyband_low": {
        "mean": 0.0150360977277,
        "var": 0.000146013699123
    },
    "spectral_energyband_middle_high": {
        "mean": 0.00561909656972,
        "var": 2.49402528425e-005
    },
    "spectral_energyband_middle_low": {
        "mean": 0.0202390104532,
        "var": 0.000289396732114
    },
    "spectral_entropy": {
        "mean": 7.11435508728,
        "var": 0.125258266926
    },
    "spectral_flux": {
        "mean": 0.0946241915226,
        "var": 0.00230557704344
    },
    "spectral_kurtosis": {
        "mean": 6.97553777695,
        "var": 25.0603160858
    },
    "spectral_rms": {
        "mean": 0.00570102967322,
        "var": 2.52867516792e-006
    },
    "spectral_rolloff": {
        "mean": 765.572265625,
        "var": 431943.25
    },
    "spectral_skewness": {
        "mean": 1.76011765003,
        "var": 0.305595844984
    },
    "spectral_spread": {
        "mean": 3257629.25,
        "var": 2.18952145306e+012
    },
    "spectral_strongpeak": {
        "mean": 0.772150695324,
        "var": 0.739326536655
    },
    "zerocrossingrate": {
        "mean": 0.0343463867903,
        "var": 0.000299663777696
    },
    "barkbands": {
        "mean": [0.000190282269614, 0.00404167966917, 0.00603620987386, 0.00693858088925, 0.00626443093643, 0.00219619390555, 0.00264245038852, 0.000586714479141, 0.0008340976201, 0.00253772176802, 0.000402607111027, 0.000621005194262, 0.000660466728732, 0.000336193275871, 0.000294358876999, 0.000163662698469, 0.000372587615857, 0.000285646354314, 0.000222316884901, 0.000115857852506, 8.09655612102e-005, 3.8828158722e-005, 1.56006135512e-005, 1.27251023514e-005, 8.38490268507e-006, 6.25112397756e-006, 3.96968260929e-007],
        "var": [2.59763908161e-007, 2.22064063564e-005, 4.06379476772e-005, 4.83373696625e-005, 0.000135370326461, 4.01045235776e-006, 7.32854368835e-006, 7.02698685018e-007, 2.40356143877e-006, 9.29959333007e-006, 1.04360287878e-006, 1.3756844055e-006, 1.17755450901e-006, 4.46326595238e-007, 1.51903407186e-007, 5.68245468457e-008, 3.5626030126e-007, 1.61062956749e-007, 1.00059942554e-007, 3.47577362447e-008, 1.15815916857e-008, 6.61274723868e-009, 7.31519511632e-010, 6.66027288876e-010, 3.70003139238e-010, 4.26154861399e-010, 2.55387464648e-012]
    },
    "erbbands": {
        "mean": [0.112315006554, 0.986396431923, 5.64461565018, 19.1583366394, 23.3157691956, 16.7926044464, 14.968960762, 16.5631484985, 42.6421852112, 20.5399017334, 14.2491292953, 22.2449226379, 48.7377052307, 75.5650024414, 16.3888511658, 29.4617500305, 35.3749237061, 18.4762458801, 20.0509090424, 8.06537914276, 10.8877468109, 16.8016300201, 18.4211158752, 18.0887870789, 5.96742582321, 5.5927605629, 4.64451408386, 2.2238972187, 1.45775473118, 0.883513212204, 0.381736278534, 0.245661497116, 0.21881558001, 0.110416382551, 0.0520301125944, 0.0292648859322, 0.0112168630585, 0.00175396690611, 5.96386489633e-005, 4.19197240262e-005],
        "var": [0.0308001991361, 1.20793783665, 35.1594009399, 314.878326416, 2057.92529297, 610.166015625, 276.022827148, 258.936401367, 1687.33337402, 470.619934082, 418.147735596, 1872.54016113, 4195.61035156, 17590.8457031, 991.482177734, 2814.9230957, 3277.01000977, 822.494812012, 607.792907715, 91.10597229, 222.15234375, 687.301086426, 576.358398438, 609.113708496, 49.035697937, 85.0784454346, 33.214176178, 13.9515714645, 9.02579402924, 2.66693496704, 0.456410050392, 0.239319235086, 0.207488834858, 0.0640047565103, 0.0169415064156, 0.00818702764809, 0.00146557867993, 3.9558239223e-005, 2.45329729864e-008, 6.51408815777e-010]
    },
    "gfcc": {
        "mean": [-16.6827526093, 151.145294189, -127.181526184, 33.2972679138, -45.4429664612, 0.13666023314, -28.1719856262, 1.67483007908, -25.6107025146, -8.33129501343, -10.0756196976, -8.08125019073, -8.89591884613],
        "cov": [[3190.44555664, -1097.72216797, 176.729354858, 49.6280822754, -336.644500732, 227.207458496, -147.099517822, 129.872268677, -291.354492188, 268.984954834, -265.651153564, 162.346969604, -180.720321655], [-1097.72216797, 1263.98815918, -465.457733154, -86.9977416992, 298.765838623, -264.647644043, 269.278747559, -81.4388198853, 209.821929932, -188.693222046, 299.89755249, -234.797637939, 170.748718262], [176.729354858, -465.457733154, 588.970458984, 50.5883407593, -86.3248062134, 185.755752563, -168.40965271, -7.82249593735, -30.84491539, 97.2847747803, -150.537841797, 150.737548828, -96.17993927], [49.6280822754, -86.9977416992, 50.5883407593, 207.542404175, -40.0856628418, -8.13439750671, -21.4865531921, -29.0879573822, 28.217458725, 8.26566314697, -15.0914325714, -5.97233533859, 20.9764194489], [-336.644500732, 298.765838623, -86.3248062134, -40.0856628418, 212.52734375, -43.6779556274, 46.6871147156, 14.6686344147, 50.7549438477, -24.6808586121, 78.5878295898, -41.4671821594, 39.959274292], [227.207458496, -264.647644043, 185.755752563, -8.13439750671, -43.6779556274, 171.096328735, -48.3413009644, 1.15858280659, -35.5730934143, 57.3372306824, -59.1256484985, 62.8815956116, -39.425693512], [-147.099517822, 269.278747559, -168.40965271, -21.4865531921, 46.6871147156, -48.3413009644, 187.656738281, 14.084280014, 29.44099617, -18.9788665771, 93.8129043579, -66.9670791626, 46.2543106079], [129.872268677, -81.4388198853, -7.82249593735, -29.0879573822, 14.6686344147, 1.15858280659, 14.084280014, 120.608192444, -9.11089134216, 39.7290344238, 15.2435951233, 20.3037719727, 4.36870574951], [-291.354492188, 209.821929932, -30.84491539, 28.217458725, 50.7549438477, -35.5730934143, 29.44099617, -9.11089134216, 106.296051025, -8.66445446014, 53.5569953918, -27.8118782043, 35.8926277161], [268.984954834, -188.693222046, 97.2847747803, 8.26566314697, -24.6808586121, 57.3372306824, -18.9788665771, 39.7290344238, -8.66445446014, 132.796554565, 3.55654072762, 42.394744873, -17.2837944031], [-265.651153564, 299.89755249, -150.537841797, -15.0914325714, 78.5878295898, -59.1256484985, 93.8129043579, 15.2435951233, 53.5569953918, 3.55654072762, 155.20715332, -49.5947532654, 55.7477493286], [162.346969604, -234.797637939, 150.737548828, -5.97233533859, -41.4671821594, 62.8815956116, -66.9670791626, 20.3037719727, -27.8118782043, 42.394744873, -49.5947532654, 115.963790894, -29.0370998383], [-180.720321655, 170.748718262, -96.17993927, 20.9764194489, 39.959274292, -39.425693512, 46.2543106079, 4.36870574951, 35.8926277161, -17.2837944031, 55.7477493286, -29.0370998383, 81.3818664551]],
        "icov": [[0.000786186428741, -0.00105751142837, 0.000913364056032, -0.00107238697819, 0.000852827273775, -0.000979281263426, 0.000358446559403, -0.00116241187789, 0.00207954109646, -0.0021995245479, 0.00185662566219, -0.000804712006357, 0.00134276261088], [-0.00105751142837, 0.0112974289805, -0.00321171036921, 0.00683194817975, -0.00543258944526, 0.0066242502071, -0.00445768935606, 0.00770853459835, -0.0109250554815, 0.0097517427057, -0.0106034493074, 0.00695589603856, -0.00697716511786], [0.000913364056032, -0.00321171036921, 0.00590429408476, -0.00332982908003, 0.0013615898788, -0.00474475603551, 0.00225727655925, -0.00216858554631, 0.00226271012798, -0.00506405858323, 0.00555266812444, -0.0049035968259, 0.00484256958589], [-0.00107238697819, 0.00683194817975, -0.00332982908003, 0.0107071734965, -0.00195242627524, 0.00530921388417, -0.00211772462353, 0.00614191172644, -0.00881222821772, 0.00563035532832, -0.00602775393054, 0.00564025575295, -0.007782231085], [0.000852827273775, -0.00543258944526, 0.0013615898788, -0.00195242627524, 0.00953847542405, -0.00329935085028, 0.0027084457688, -0.00488123064861, 0.00391257880256, -0.00412429217249, 0.00305614923127, -0.00209011579864, 0.00240447418764], [-0.000979281263426, 0.0066242502071, -0.00474475603551, 0.00530921388417, -0.00329935085028, 0.014569748193, -0.00375012378208, 0.00599062535912, -0.00519114406779, 0.00354858278297, -0.00527369277552, 0.0029135341756, -0.004865615163], [0.000358446559403, -0.00445768935606, 0.00225727655925, -0.00211772462353, 0.0027084457688, -0.00375012378208, 0.0110205160454, -0.00407712766901, 0.00417437870055, -0.00327564100735, 0.000316798134008, 0.000217754030018, 0.00149485620204], [-0.00116241187789, 0.00770853459835, -0.00216858554631, 0.00614191172644, -0.00488123064861, 0.00599062535912, -0.00407712766901, 0.0160839594901, -0.0070288721472, 0.00377204269171, -0.00736717367545, 0.00240212026983, -0.00634313421324], [0.00207954109646, -0.0109250554815, 0.00226271012798, -0.00881222821772, 0.00391257880256, -0.00519114406779, 0.00417437870055, -0.0070288721472, 0.0263729020953, -0.0112925441936, 0.00794314872473, -0.00557024078444, 0.00459585757926], [-0.0021995245479, 0.0097517427057, -0.00506405858323, 0.00563035532832, -0.00412429217249, 0.00354858278297, -0.00327564100735, 0.00377204269171, -0.0112925441936, 0.0226618871093, -0.014960383065, 0.00496055185795, -0.00556597020477], [0.00185662566219, -0.0106034493074, 0.00555266812444, -0.00602775393054, 0.00305614923127, -0.00527369277552, 0.000316798134008, -0.00736717367545, 0.00794314872473, -0.014960383065, 0.0259796846658, -0.00674397172406, 0.00376294576563], [-0.000804712006357, 0.00695589603856, -0.0049035968259, 0.00564025575295, -0.00209011579864, 0.0029135341756, 0.000217754030018, 0.00240212026983, -0.00557024078444, 0.00496055185795, -0.00674397172406, 0.0203243456781, -0.00606360752136], [0.00134276261088, -0.00697716511786, 0.00484256958589, -0.007782231085, 0.00240447418764, -0.004865615163, 0.00149485620204, -0.00634313421324, 0.00459585757926, -0.00556597020477, 0.00376294576563, -0.00606360752136, 0.025640361011]]
    },
    "melbands": {
        "mean": [0.00105284445453, 0.00237944000401, 0.00327186495997, 0.00158224790357, 0.000486488221213, 0.000404241727665, 0.000637251359876, 0.000190819700947, 0.000115757691674, 0.00013642666454, 0.000240468143602, 0.000317282858305, 5.00936585013e-005, 6.51334994473e-005, 7.95835367171e-005, 5.725588926e-005, 3.42878010997e-005, 3.35384975187e-005, 1.50724799823e-005, 1.0021003618e-005, 1.34254314617e-005, 1.36645403472e-005, 2.71396838798e-005, 1.22052588267e-005, 1.57155882334e-005, 4.65526818516e-006, 3.28006331074e-006, 3.79691664421e-006, 3.18104821417e-006, 2.05038327294e-006, 1.02124568002e-006, 8.48537922593e-007, 6.81607048136e-007, 4.16778135559e-007, 2.26300599593e-007, 1.45530520967e-007, 1.55811747504e-007, 1.60150904094e-007, 1.27339248479e-007, 8.1805765717e-008],
        "var": [1.85347721526e-006, 6.25302845947e-006, 9.88998999674e-006, 8.84223845787e-006, 2.53474723877e-007, 1.56035611099e-007, 3.81108861802e-007, 4.25322603803e-008, 2.89866726177e-008, 6.63217392116e-008, 1.08294990753e-007, 3.07743107442e-007, 1.04303019555e-008, 1.6337736497e-008, 1.16038778586e-008, 9.77676695157e-009, 4.29505897515e-009, 1.8917689637e-009, 3.66194519152e-010, 1.57043059112e-010, 3.81274456451e-010, 3.86221221671e-010, 2.52300669246e-009, 2.19511742117e-010, 5.3462556604e-010, 3.75995796997e-011, 2.03377176211e-011, 4.80683583215e-011, 1.71528624637e-011, 8.35697483437e-012, 4.85531797059e-012, 3.72415206312e-012, 1.91729162928e-012, 5.8027308002e-013, 1.63012683321e-013, 7.58072668224e-014, 1.15350695033e-013, 1.16986905189e-013, 7.72730065156e-014, 3.90665689902e-014]
    },
    "mfcc": {
        "mean": [-656.955078125, 173.347747803, -14.192896843, 35.4972457886, 2.8187725544, 2.19351649284, 5.64695119858, 2.8493885994, -2.74955034256, -4.43654441833, -0.353124767542, 0.505338609219, -8.34547519684],
        "cov": [[2519.02685547, -902.26348877, 108.81060791, -52.7862815857, -211.040283203, 19.549030304, 57.9822158813, -63.8567733765, -18.3587608337, 37.7450180054, -34.8830184937, -9.90216636658, -10.0712022781], [-902.26348877, 1088.11303711, -458.411804199, 59.1300621033, 46.3697280884, -116.247894287, 114.744750977, 32.1612434387, -13.9939756393, 73.7949295044, 25.5199928284, 62.1899490356, -5.78384590149], [108.81060791, -458.411804199, 577.493469238, -75.655632019, 43.2879371643, 169.376113892, -132.482406616, 1.06210756302, 8.00275802612, -67.6782913208, 15.2090396881, -53.3001861572, 36.3018836975], [-52.7862815857, 59.1300621033, -75.655632019, 188.80140686, -1.3593211174, -33.9896354675, 3.55058002472, -17.2951850891, 14.1854953766, 12.1706590652, 1.52472615242, 16.6578540802, -7.65036010742], [-211.040283203, 46.3697280884, 43.2879371643, -1.3593211174, 174.321578979, 23.6338062286, -37.0820465088, -3.65139913559, 12.3770303726, -3.2281126976, 8.02591705322, 3.25845074654, -2.16508984566], [19.549030304, -116.247894287, 169.376113892, -33.9896354675, 23.6338062286, 165.421661377, -46.3216247559, -7.22744750977, -6.85786485672, -17.2472839355, 4.27495241165, -33.3245162964, 21.1130752563], [57.9822158813, 114.744750977, -132.482406616, 3.55058002472, -37.0820465088, -46.3216247559, 144.565246582, 9.22134590149, -9.73054122925, 51.2199707031, 2.15905189514, 28.762424469, 1.63941442966], [-63.8567733765, 32.1612434387, 1.06210756302, -17.2951850891, -3.65139913559, -7.22744750977, 9.22134590149, 71.0309524536, 9.02224063873, -14.0189008713, -0.098999157548, -8.68852806091, -0.91968357563], [-18.3587608337, -13.9939756393, 8.00275802612, 14.1854953766, 12.3770303726, -6.85786485672, -9.73054122925, 9.02224063873, 66.5809326172, -1.00580203533, -5.49006271362, 3.39576530457, -2.86649489403], [37.7450180054, 73.7949295044, -67.6782913208, 12.1706590652, -3.2281126976, -17.2472839355, 51.2199707031, -14.0189008713, -1.00580203533, 97.6613922119, 17.3823661804, 10.1273651123, 7.01338481903], [-34.8830184937, 25.5199928284, 15.2090396881, 1.52472615242, 8.02591705322, 4.27495241165, 2.15905189514, -0.098999157548, -5.49006271362, 17.3823661804, 52.2409973145, 12.8029670715, 10.581662178], [-9.90216636658, 62.1899490356, -53.3001861572, 16.6578540802, 3.25845074654, -33.3245162964, 28.762424469, -8.68852806091, 3.39576530457, 10.1273651123, 12.8029670715, 76.169052124, 12.7652845383], [-10.0712022781, -5.78384590149, 36.3018836975, -7.65036010742, -2.16508984566, 21.1130752563, 1.63941442966, -0.91968357563, -2.86649489403, 7.01338481903, 10.581662178, 12.7652845383, 57.3239555359]],
        "icov": [[0.000731190899387, 0.000766384066083, 0.000314548582537, 0.00015488313511, 0.000544450595044, -0.000120735072414, -0.000301091407891, 0.000254817248788, 0.000128547442728, -0.000484416785184, 0.000158969560289, -0.000279969564872, 0.000203689254704], [0.000766384066083, 0.00238748360425, 0.00167791033164, 7.66422890592e-005, -0.000180363465915, -0.000349809764884, -0.000364066188922, -0.000676394090988, 0.00049069855595, -0.000735905545298, -0.00059859425528, -0.000566542556044, -0.000203996780328], [0.000314548582537, 0.00167791033164, 0.00444617588073, 0.000712846347596, -0.000451538420748, -0.00243437942117, 0.00142388383392, -0.000609714596067, -0.000349138485035, 0.00070155155845, -0.00178540823981, 0.000454095890746, -0.00154174573254], [0.00015488313511, 7.66422890592e-005, 0.000712846347596, 0.00602679187432, 0.000269287877018, 0.000502811337356, 0.000641092541628, 0.0015961631434, -0.00142163760029, -0.000291768286843, -0.000406606297474, -0.000608943111729, 0.000395362905692], [0.000544450595044, -0.000180363465915, -0.000451538420748, 0.000269287877018, 0.0071247885935, -0.000815619248897, 0.00158847135026, 0.000502212904394, -0.00104144995566, -0.00101558747701, -0.000227130673011, -0.00136762298644, 0.00135012634564], [-0.000120735072414, -0.000349809764884, -0.00243437942117, 0.000502811337356, -0.000815619248897, 0.00971563253552, 0.000270845164778, 0.00141742732376, 0.00079096929403, 0.000202244511456, -0.000114615664643, 0.003214700846, -0.00272186403163], [-0.000301091407891, -0.000364066188922, 0.00142388383392, 0.000641092541628, 0.00158847135026, 0.000270845164778, 0.011872026138, -0.00302772247232, 0.00161644502077, -0.005161982961, 0.00150517269503, -0.00327380141243, -0.000170081781107], [0.000254817248788, -0.000676394090988, -0.000609714596067, 0.0015961631434, 0.000502212904394, 0.00141742732376, -0.00302772247232, 0.0172329433262, -0.00336489733309, 0.00409569451585, -0.00185172283091, 0.00354836997576, -0.000682070676703], [0.000128547442728, 0.00049069855595, -0.000349138485035, -0.00142163760029, -0.00104144995566, 0.00079096929403, 0.00161644502077, -0.00336489733309, 0.0167997013777, -0.00186894228682, 0.00275084818713, -0.00199748785235, 0.000678348646034], [-0.000484416785184, -0.000735905545298, 0.00070155155845, -0.000291768286843, -0.00101558747701, 0.000202244511456, -0.005161982961, 0.00409569451585, -0.00186894228682, 0.0156089905649, -0.00546475686133, 0.00293448404409, -0.00218995264731], [0.000158969560289, -0.00059859425528, -0.00178540823981, -0.000406606297474, -0.000227130673011, -0.000114615664643, 0.00150517269503, -0.00185172283091, 0.00275084818713, -0.00546475686133, 0.0235885772854, -0.00457657966763, -0.00152421311941], [-0.000279969564872, -0.000566542556044, 0.000454095890746, -0.000608943111729, -0.00136762298644, 0.003214700846, -0.00327380141243, 0.00354836997576, -0.00199748785235, 0.00293448404409, -0.00457657966763, 0.0184658616781, -0.0052864975296], [0.000203689254704, -0.000203996780328, -0.00154174573254, 0.000395362905692, 0.00135012634564, -0.00272186403163, -0.000170081781107, -0.000682070676703, 0.000678348646034, -0.00218995264731, -0.00152421311941, -0.0052864975296, 0.0212968885899]]
    },
    "spectral_contrast_coeffs": {
        "mean": [-0.592928111553, -0.709699630737, -0.72109824419, -0.756783008575, -0.767254769802, -0.743828475475],
        "var": [0.00660962192342, 0.00413645245135, 0.00464463792741, 0.00276461197063, 0.00205443729647, 0.00163034000434]
    },
    "spectral_contrast_valleys": {
        "mean": [-6.80585384369, -6.48161792755, -7.27006149292, -7.83860778809, -7.81233310699, -11.1713609695],
        "var": [0.474328994751, 0.47926735878, 0.486783713102, 0.491011500359, 0.642876684666, 1.08269023895]
    }
},
"metadata": {
    "audio_properties": {
        "analysis_sample_rate": 44100,
        "bit_rate": 128074,
        "equal_loudness": 0,
        "length": 45.0612258911,
        "lossless": 0,
        "replay_gain": -5.1520690918,
        "sample_rate": 44100,
        "codec": "mp3",
        "downmix": "mix",
        "md5_encoded": "1e880b55ec83f59d6960e60d2043ccbe"
    },
    "tags": {
        "file_name": "1457.mp3"
    },
    "version": {
        "essentia": "2.1-beta2",
        "essentia_git_sha": "v2.1_beta2",
        "extractor": "music 1.0"
    }
},
"rhythm": {
    "beats_count": 86,
    "beats_loudness": {
        "mean": 0.0497667528689,
        "var": 0.000266354618361
    },
    "bpm": 116.4842453,
    "bpm_histogram_first_peak_bpm": {
        "mean": 117,
        "var": 0
    },
    "bpm_histogram_first_peak_spread": {
        "mean": 0.453333348036,
        "var": 0
    },
    "bpm_histogram_first_peak_weight": {
        "mean": 0.482352942228,
        "var": 0
    },
    "bpm_histogram_second_peak_bpm": {
        "mean": 112,
        "var": 0
    },
    "bpm_histogram_second_peak_spread": {
        "mean": 0,
        "var": 0
    },
    "bpm_histogram_second_peak_weight": {
        "mean": 0.117647059262,
        "var": 0
    },
    "danceability": 1.67685115337,
    "onset_rate": 4.769135952,
    "beats_loudness_band_ratio": {
        "mean": [0.583201229572, 0.231079116464, 0.140306189656, 0.0969699025154, 0.033923599869, 0.0143289230764],
        "var": [0.0231171231717, 0.017403697595, 0.00694566825405, 0.00657680211589, 0.000505495525431, 0.000177126101335]
    },
    "beats_position": [0.46439909935, 0.96362811327, 1.47446703911, 1.99691605568, 2.50775504112, 3.01859402657, 3.54104304314, 4.06349182129, 4.58594083786, 5.10838985443, 5.630838871, 6.15328788757, 6.66412687302, 7.17496585846, 7.6858048439, 8.19664382935, 8.73070240021, 9.24154186249, 9.75238037109, 10.2632198334, 10.774058342, 11.2848978043, 11.7957363129, 12.3297958374, 12.8638544083, 13.3863039017, 13.9087524414, 14.4195919037, 14.9420404434, 15.4412698746, 15.9521083832, 16.4629478455, 16.99700737, 17.5194549561, 18.0419044495, 18.5527439117, 19.0635814667, 19.574420929, 20.0852603912, 20.6193199158, 21.153377533, 21.6642169952, 22.1750564575, 22.6858959198, 23.1967334747, 23.707572937, 24.2184123993, 24.7408618927, 25.2633094788, 25.7857589722, 26.3082084656, 26.830657959, 27.353105545, 27.8639450073, 28.3631744385, 28.8740139008, 29.3964614868, 29.9189109802, 30.4413604736, 30.9754180908, 31.4862575531, 31.9970970154, 32.5195465088, 33.0303840637, 33.5528335571, 34.0636711121, 34.5861206055, 35.1085700989, 35.6194114685, 36.1302490234, 36.6526985168, 37.1751480103, 37.7092056274, 38.2200431824, 38.7424926758, 39.2649421692, 39.7757797241, 40.2866210938, 40.7974586487, 41.3083000183, 41.830745697, 42.3415870667, 42.8640365601, 43.374874115, 43.9089317322, 44.4429931641]
},
"tonal": {
    "chords_changes_rate": 0.0329218097031,
    "chords_number_rate": 0.00308641977608,
    "chords_strength": {
        "mean": 0.589760780334,
        "var": 0.00545970723033
    },
    "hpcp_entropy": {
        "mean": 1.81002652645,
        "var": 0.440612047911
    },
    "key_strength": 0.828219711781,
    "tuning_diatonic_strength": 0.665992498398,
    "tuning_equal_tempered_deviation": 0.0274685937911,
    "tuning_frequency": 442.293365479,
    "tuning_nontempered_energy_ratio": 0.669220030308,
    "hpcp": {
        "mean": [0.328329145908, 0.247035458684, 0.198967531323, 0.223101228476, 0.14883954823, 0.0629314929247, 0.0406070798635, 0.0359024517238, 0.0337488353252, 0.0298166777939, 0.0231245458126, 0.0218262225389, 0.0315842069685, 0.0707630440593, 0.286772817373, 0.517224311829, 0.366140335798, 0.107797965407, 0.0403159447014, 0.0440141446888, 0.0720700323582, 0.0919611603022, 0.0842323973775, 0.0794854313135, 0.064478866756, 0.034139405936, 0.02488081716, 0.0270184632391, 0.0474515818059, 0.20505425334, 0.361743092537, 0.263621002436, 0.106361232698, 0.0609214752913, 0.0789435952902, 0.215978205204],
        "var": [0.122433781624, 0.0742298364639, 0.0837317556143, 0.13508875668, 0.0671942830086, 0.0201513022184, 0.00895156059414, 0.01037711557, 0.0065911016427, 0.0040317280218, 0.00418492266908, 0.00295337778516, 0.00872337725013, 0.0196257773787, 0.0643830299377, 0.131389766932, 0.0896280184388, 0.0318814627826, 0.0114121241495, 0.0216387752444, 0.0221333280206, 0.0209982842207, 0.0143570480868, 0.0154289966449, 0.0123323174194, 0.0059103933163, 0.00358223123476, 0.0060000512749, 0.0105820484459, 0.0574105419219, 0.134413272142, 0.0898120328784, 0.0369846597314, 0.0184935424477, 0.0239681843668, 0.0652470812201]
    },
    "chords_histogram": [62.6543197632, 0, 29.8353900909, 0, 0, 0, 0, 0.617283940315, 0, 6.89300394058, 0, 0, 0, 0, 0, 0, 0, 0, 0, 0, 0, 0, 0, 0],
    "thpcp": [1, 0.707894682884, 0.208416283131, 0.0779467299581, 0.0850968211889, 0.139339998364, 0.177797436714, 0.162854671478, 0.153676912189, 0.124663256109, 0.0660050287843, 0.0481045022607, 0.0522374175489, 0.0917427539825, 0.396451294422, 0.699393033981, 0.509684085846, 0.205638498068, 0.117785409093, 0.152629315853, 0.417571634054, 0.634790599346, 0.477617651224, 0.384683251381, 0.43134328723, 0.287765949965, 0.121671564877, 0.0785096138716, 0.0694136992097, 0.0652499049902, 0.0576474778354, 0.044708929956, 0.042198754847, 0.0610648132861, 0.136813059449, 0.554445743561],
    "chords_key": "G",
    "chords_scale": "minor",
    "key_key": "G",
    "key_scale": "minor"
}
}