{
"lowlevel": {
    "average_loudness": 0.442293256521,
    "barkbands_crest": {
        "mean": 11.2992258072,
        "var": 16.7138957977
    },
    "barkbands_flatness_db": {
        "mean": 0.207850649953,
        "var": 0.00399746652693
    },
    "barkbands_kurtosis": {
        "mean": 8.39578533173,
        "var": 55.5668563843
    },
    "barkbands_skewness": {
        "mean": 2.1982126236,
        "var": 1.23215770721
    },
    "barkbands_spread": {
        "mean": 9.49831485748,
        "var": 27.7082672119
    },
    "dissonance": {
        "mean": 0.430159032345,
        "var": 0.00227275351062
    },
    "dynamic_complexity": 4.23250865936,
    "erbbands_crest": {
        "mean": 11.7029018402,
        "var": 20.7627487183
    },
    "erbbands_flatness_db": {
        "mean": 0.215830564499,
        "var": 0.00466050161049
    },
    "erbbands_kurtosis": {
        "mean": 1.48617243767,
        "var": 5.87622022629
    },
    "erbbands_skewness": {
        "mean": 0.91961401701,
        "var": 0.578458547592
    },
    "erbbands_spread": {
        "mean": 29.2655029297,
        "var": 287.282073975
    },
    "hfc": {
        "mean": 11.047996521,
        "var": 256.555023193
    },
    "melbands_crest": {
        "mean": 14.4381351471,
        "var": 23.345451355
    },
    "melbands_flatness_db": {
        "mean": 0.283348709345,
        "var": 0.00455254828557
    },
    "melbands_kurtosis": {
        "mean": 15.3284282684,
        "var": 204.862869263
    },
    "melbands_skewness": {
        "mean": 2.69528484344,
        "var": 2.0764465332
    },
    "melbands_spread": {
        "mean": 10.5662899017,
        "var": 41.7573738098
    },
    "pitch_salience": {
        "mean": 0.506759345531,
        "var": 0.0107621960342
    },
    "silence_rate_20dB": {
        "mean": 1,
        "var": 0
    },
    "silence_rate_30dB": {
        "mean": 0.992790937424,
        "var": 0.00715704681352
    },
    "silence_rate_60dB": {
        "mean": 0.131822869182,
        "var": 0.114447854459
    },
    "spectral_centroid": {
        "mean": 685.868164063,
        "var": 109812.578125
    },
    "spectral_complexity": {
        "mean": 10.4768276215,
        "var": 24.7973384857
    },
    "spectral_decrease": {
        "mean": -5.66715563366e-009,
        "var": 3.60481671356e-017
    },
    "spectral_energy": {
        "mean": 0.022391250357,
        "var": 0.000573816942051
    },
    "spectral_energyband_high": {
        "mean": 0.000104183134681,
        "var": 1.40770177737e-008
    },
    "spectral_energyband_low": {
        "mean": 0.00546612218022,
        "var": 7.55037253839e-005
    },
    "spectral_energyband_middle_high": {
        "mean": 0.00343885435723,
        "var": 0.000106278625026
    },
    "spectral_energyband_middle_low": {
        "mean": 0.0160449557006,
        "var": 0.000239366185269
    },
    "spectral_entropy": {
        "mean": 6.77274799347,
        "var": 0.331361413002
    },
    "spectral_flux": {
        "mean": 0.0524922572076,
        "var": 0.00137026654556
    },
    "spectral_kurtosis": {
        "mean": 10.1423215866,
        "var": 149.680892944
    },
    "spectral_rms": {
        "mean": 0.00411486485973,
        "var": 4.91300806971e-006
    },
    "spectral_rolloff": {
        "mean": 667.773071289,
        "var": 290936.75
    },
    "spectral_skewness": {
        "mean": 2.20222973824,
        "var": 0.857430815697
    },
    "spectral_spread": {
        "mean": 3572124.5,
        "var": 2.86934014362e+012
    },
    "spectral_strongpeak": {
        "mean": 1.02461516857,
        "var": 2.48587155342
    },
    "zerocrossingrate": {
        "mean": 0.0335915870965,
        "var": 0.000277804618236
    },
    "barkbands": {
        "mean": [3.31400879077e-005, 0.000672715832479, 0.00223522027954, 0.00378286745399, 0.00321300840005, 0.00382100348361, 0.00217489898205, 0.0012685903348, 0.00143338076305, 0.000648043234833, 0.000488581310492, 0.00172351731453, 0.0002513572108, 0.000113647103717, 7.82135248301e-005, 4.43061035185e-005, 8.0655227066e-005, 0.000125971593661, 7.6843345596e-005, 4.60454793938e-005, 2.17735178012e-005, 1.76361481863e-005, 1.16395312943e-005, 1.11728213597e-005, 1.46529191625e-005, 2.27529881158e-006, 1.09860430086e-007],
        "var": [1.12499067839e-008, 3.88793068851e-006, 1.41154041557e-005, 4.92012768518e-005, 1.24200123537e-005, 2.77314720734e-005, 1.70240800799e-005, 8.90977025847e-006, 7.52358755562e-006, 3.37854112331e-006, 1.5882359321e-006, 7.54998618504e-005, 1.33413107051e-006, 2.55910237001e-007, 3.97944930342e-008, 1.02124619872e-008, 1.42780889334e-008, 3.46117339234e-008, 1.49861403287e-008, 3.98332655749e-009, 8.09256883727e-010, 7.8570883133e-010, 3.32758459676e-010, 2.52192933203e-010, 5.04838393312e-010, 2.08276573072e-011, 1.19333281321e-013]
    },
    "erbbands": {
        "mean": [0.0159480217844, 0.189979806542, 1.97691047192, 9.69160175323, 11.8038539886, 7.89752388, 21.5011825562, 29.7113780975, 39.0415039063, 17.3684501648, 35.8232841492, 35.9240379333, 25.3544464111, 18.1358299255, 19.8324375153, 65.8850631714, 28.8630447388, 7.84967947006, 5.4224023819, 2.01058983803, 2.90727114677, 5.16510486603, 6.6315536499, 4.61641740799, 3.44167518616, 2.23140406609, 1.27701377869, 0.776186168194, 0.574300467968, 0.526292741299, 0.301263600588, 0.252966970205, 0.175843983889, 0.185695469379, 0.0798280835152, 0.0161524694413, 0.00340840965509, 0.000584449619055, 2.47604912147e-005, 2.60024498857e-005],
        "var": [0.0030009096954, 0.230905368924, 10.9588747025, 292.352600098, 154.93661499, 131.61668396, 1361.0925293, 2146.13500977, 4317.79638672, 1492.09240723, 6278.89404297, 5395.78320313, 5058.82714844, 2125.91235352, 2759.37084961, 96917.7421875, 23719.5644531, 893.402282715, 165.115600586, 15.7053537369, 23.0464076996, 54.6529006958, 96.1937103271, 51.5793190002, 42.2156257629, 8.88360595703, 2.80393075943, 1.17237305641, 0.901587188244, 0.672455489635, 0.221894398332, 0.134523183107, 0.067564971745, 0.0792519375682, 0.0165128763765, 0.00082822307013, 5.53131285415e-005, 2.62381513494e-006, 1.56000068419e-009, 7.63354324196e-010]
    },
    "gfcc": {
        "mean": [-77.4647064209, 136.53843689, -115.25692749, 16.1741828918, -65.9874801636, -8.62620067596, -40.2565116882, 0.374123841524, -37.1210479736, -10.0296783447, -13.8369588852, -6.73260450363, -12.85958004],
        "cov": [[8768.45214844, -1449.28820801, 731.689575195, 893.621337891, -578.931091309, 1019.19433594, -228.267288208, 950.814208984, -237.236495972, 192.897140503, 9.43266677856, -336.267272949, -300.564971924], [-1449.28820801, 1195.64208984, -515.687072754, -643.374023438, 441.98727417, -470.149841309, 285.584259033, -307.718231201, 74.2771606445, -15.7274684906, 112.467987061, 11.6181154251, 107.51600647], [731.689575195, -515.687072754, 539.316223145, 342.807189941, -222.430038452, 296.38571167, -177.854049683, 184.200317383, -20.0457077026, -9.10798358917, -69.1900405884, -10.0485620499, -56.2747268677], [893.621337891, -643.374023438, 342.807189941, 737.767883301, -175.211517334, 254.780319214, -121.216804504, 221.590805054, -24.1378154755, -33.5044631958, -69.8359527588, -32.7688484192, -86.408493042], [-578.931091309, 441.98727417, -222.430038452, -175.211517334, 382.544952393, -183.982559204, 145.520263672, -83.5212402344, -3.4942214489, 12.2085199356, 18.3353786469, 2.66931295395, -14.519818306], [1019.19433594, -470.149841309, 296.38571167, 254.780319214, -183.982559204, 417.855987549, -104.836196899, 163.601959229, -31.2958679199, 7.3458609581, -31.850976944, -19.1931190491, -32.1031799316], [-228.267288208, 285.584259033, -177.854049683, -121.216804504, 145.520263672, -104.836196899, 208.203598022, -39.1556167603, 2.91508960724, 21.6777534485, 29.5020847321, 7.8026599884, 10.9516124725], [950.814208984, -307.718231201, 184.200317383, 221.590805054, -83.5212402344, 163.601959229, -39.1556167603, 249.210510254, -13.2350902557, 5.49971532822, -40.5147018433, -30.9833087921, -31.0081062317], [-237.236495972, 74.2771606445, -20.0457077026, -24.1378154755, -3.4942214489, -31.2958679199, 2.91508960724, -13.2350902557, 119.980079651, 19.0835361481, -14.6743974686, 25.1513500214, 46.3172264099], [192.897140503, -15.7274684906, -9.10798358917, -33.5044631958, 12.2085199356, 7.3458609581, 21.6777534485, 5.49971532822, 19.0835361481, 91.183883667, 20.7467002869, -8.56957626343, -14.3005809784], [9.43266677856, 112.467987061, -69.1900405884, -69.8359527588, 18.3353786469, -31.850976944, 29.5020847321, -40.5147018433, -14.6743974686, 20.7467002869, 103.692649841, 11.1341533661, 4.25632333755], [-336.267272949, 11.6181154251, -10.0485620499, -32.7688484192, 2.66931295395, -19.1931190491, 7.8026599884, -30.9833087921, 25.1513500214, -8.56957626343, 11.1341533661, 110.37159729, 41.5104637146], [-300.564971924, 107.51600647, -56.2747268677, -86.408493042, -14.519818306, -32.1031799316, 10.9516124725, -31.0081062317, 46.3172264099, -14.3005809784, 4.25632333755, 41.5104637146, 110.225547791]],
        "icov": [[0.000312542222673, -0.000347523804521, 0.000292777200229, -0.000133954759804, 0.000447817204986, -0.00049967301311, 0.000277411949355, -0.0010891208658, 0.000508035009261, -0.000756490335334, -0.000102224279544, 0.000230137360631, 0.000420856667915], [-0.000347523804521, 0.00769578898326, -0.00185523217078, 0.00327554089017, -0.00515695661306, 0.00295095541514, -0.00468147546053, 0.00374905066565, -0.00516564911231, 0.00651929015294, -0.00510393688455, 0.00451596081257, -0.00362086575478], [0.000292777200229, -0.00185523217078, 0.00531403673813, -0.00137033639476, 0.00211667083204, -0.00253396737389, 0.00317876785994, -0.00268931523897, 0.00144856632687, -0.00219773687422, 0.00225500343367, -0.001966225449, 0.00247477530502], [-0.000133954759804, 0.00327554089017, -0.00137033639476, 0.00385090708733, -0.00185797992162, 0.000864698959049, -0.00194124784321, 0.000331967050442, -0.00279470044188, 0.00397114641964, -0.00197245576419, 0.00178000296, 0.000147653889144], [0.000447817204986, -0.00515695661306, 0.00211667083204, -0.00185797992162, 0.00803605653346, -0.00135342869908, 0.00116452365182, -0.00312218768522, 0.00374407693744, -0.00464683724567, 0.00393829867244, -0.00310079543851, 0.00438532279804], [-0.00049967301311, 0.00295095541514, -0.00253396737389, 0.000864698959049, -0.00135342869908, 0.00628226436675, -0.00178735167719, 0.00128055736423, -0.00118715956341, 0.00204632570967, -0.00170523114502, 0.00127745780628, -0.0023184211459], [0.000277411949355, -0.00468147546053, 0.00317876785994, -0.00194124784321, 0.00116452365182, -0.00178735167719, 0.0109134223312, -0.00364460330456, 0.00364907854237, -0.0055254008621, 0.00248128571548, -0.00328476913273, 0.00183818140067], [-0.0010891208658, 0.00374905066565, -0.00268931523897, 0.000331967050442, -0.00312218768522, 0.00128055736423, -0.00364460330456, 0.0116096390411, -0.00310389883816, 0.00371106620878, -0.000304773071548, 0.00217462028377, -0.00317117548548], [0.000508035009261, -0.00516564911231, 0.00144856632687, -0.00279470044188, 0.00374407693744, -0.00118715956341, 0.00364907854237, -0.00310389883816, 0.015655901283, -0.00935799721628, 0.00598238734528, -0.00393013004214, -0.00265929754823], [-0.000756490335334, 0.00651929015294, -0.00219773687422, 0.00397114641964, -0.00464683724567, 0.00204632570967, -0.0055254008621, 0.00371106620878, -0.00935799721628, 0.0205433107913, -0.00722327362746, 0.00417545391247, 0.000450041057775], [-0.000102224279544, -0.00510393688455, 0.00225500343367, -0.00197245576419, 0.00393829867244, -0.00170523114502, 0.00248128571548, -0.000304773071548, 0.00598238734528, -0.00722327362746, 0.0160781573504, -0.00503778224811, 0.00181999919005], [0.000230137360631, 0.00451596081257, -0.001966225449, 0.00178000296, -0.00310079543851, 0.00127745780628, -0.00328476913273, 0.00217462028377, -0.00393013004214, 0.00417545391247, -0.00503778224811, 0.0146087603644, -0.00559803331271], [0.000420856667915, -0.00362086575478, 0.00247477530502, 0.000147653889144, 0.00438532279804, -0.0023184211459, 0.00183818140067, -0.00317117548548, -0.00265929754823, 0.000450041057775, 0.00181999919005, -0.00559803331271, 0.0171724390239]]
    },
    "melbands": {
        "mean": [0.000154302601004, 0.00075078808004, 0.0016904103104, 0.000679019489326, 0.000650158617646, 0.000714285823051, 0.000559451465961, 0.000186933379155, 0.00028409861261, 0.000225807583774, 0.000118242678582, 6.87262727297e-005, 5.71233977098e-005, 9.89813415799e-005, 0.000213683495531, 1.7465561541e-005, 1.27249395518e-005, 8.63811419549e-006, 3.46046977029e-006, 3.15856050292e-006, 3.11244298246e-006, 5.00033456774e-006, 6.56665361021e-006, 5.06269270772e-006, 3.64605648429e-006, 2.82860105472e-006, 1.83127167475e-006, 1.42328201491e-006, 8.72082296155e-007, 5.8856250007e-007, 4.22191760663e-007, 3.61578344155e-007, 2.64923244231e-007, 2.95663994621e-007, 1.90997653249e-007, 1.24628058984e-007, 1.66366405097e-007, 8.58460396103e-008, 2.04624939215e-007, 1.32106109163e-007],
        "var": [2.39451992456e-007, 1.72497186668e-006, 6.65472271066e-006, 5.07885602019e-007, 1.13402245461e-006, 1.07950393158e-006, 9.0163683808e-007, 1.66024534565e-007, 3.46826681152e-007, 2.37670519709e-007, 1.22054458984e-007, 3.65936649871e-008, 2.41684734448e-008, 8.83094770643e-008, 1.71779561242e-006, 4.78105022239e-009, 3.44413564335e-009, 4.42476999485e-010, 8.23465740041e-011, 6.91806958941e-011, 2.56326435771e-011, 5.64066883479e-011, 8.89966295103e-011, 7.57092791237e-011, 3.6849696905e-011, 3.12852903306e-011, 1.01485625459e-011, 3.94082162736e-012, 1.61234187893e-012, 7.64082699022e-013, 4.24400776024e-013, 4.39206993257e-013, 2.05968014454e-013, 2.17865696729e-013, 9.47870457796e-014, 4.91790818952e-014, 5.652394175e-014, 1.71846179864e-014, 1.07809709781e-013, 4.07334925609e-014]
    },
    "mfcc": {
        "mean": [-721.482727051, 160.91809082, 6.89499187469, 20.6982288361, -4.48987579346, -13.7204380035, 1.38264191151, -3.48546814919, -11.0546483994, -15.9642677307, -5.44960927963, -1.50048744678, -6.84858942032],
        "cov": [[7122.32128906, -825.339050293, 352.939422607, 481.106750488, -197.942184448, -13.7358369827, 392.582458496, 188.801849365, 202.510925293, 448.735778809, 375.394439697, 125.551071167, 22.8705215454], [-825.339050293, 1341.94934082, -698.373596191, -239.323410034, -77.349029541, -125.973335266, 107.04372406, -135.695175171, -10.4113798141, -107.657745361, -114.077949524, 164.291854858, -1.73438358307], [352.939422607, -698.373596191, 702.50390625, 46.4679527283, 66.6554107666, 106.067985535, -110.772644043, 103.580986023, 4.85973739624, 45.3545417786, 47.7749557495, -109.375732422, 17.5447368622], [481.106750488, -239.323410034, 46.4679527283, 382.835388184, 46.9471473694, -20.6610374451, 62.3078804016, 56.0231742859, 37.3544578552, 42.9255447388, 73.3205947876, 12.6953372955, 1.95379137993], [-197.942184448, -77.349029541, 66.6554107666, 46.9471473694, 177.738449097, 28.3907260895, -30.8374767303, 35.7486839294, 9.15333175659, -11.759437561, -0.405005156994, 4.2487988472, -11.1854801178], [-13.7358369827, -125.973335266, 106.067985535, -20.6610374451, 28.3907260895, 152.629608154, 1.67052137852, 25.8853378296, 6.70141601563, 9.81813049316, 24.8752632141, -21.9102363586, 5.63237571716], [392.582458496, 107.04372406, -110.772644043, 62.3078804016, -30.8374767303, 1.67052137852, 191.17350769, 24.9899940491, -7.27198123932, 18.7027282715, 35.5797195435, 50.2731361389, -0.101052694023], [188.801849365, -135.695175171, 103.580986023, 56.0231742859, 35.7486839294, 25.8853378296, 24.9899940491, 131.847915649, 47.696269989, 5.00965356827, 16.8433532715, -9.28056144714, 6.3763666153], [202.510925293, -10.4113798141, 4.85973739624, 37.3544578552, 9.15333175659, 6.70141601563, -7.27198123932, 47.696269989, 124.705406189, 43.1844100952, -3.60188317299, 14.6214094162, -5.61574363708], [448.735778809, -107.657745361, 45.3545417786, 42.9255447388, -11.759437561, 9.81813049316, 18.7027282715, 5.00965356827, 43.1844100952, 140.973464966, 37.7320289612, -31.2507762909, -1.14648425579], [375.394439697, -114.077949524, 47.7749557495, 73.3205947876, -0.405005156994, 24.8752632141, 35.5797195435, 16.8433532715, -3.60188317299, 37.7320289612, 110.136810303, 13.2254295349, -7.87708902359], [125.551071167, 164.291854858, -109.375732422, 12.6953372955, 4.2487988472, -21.9102363586, 50.2731361389, -9.28056144714, 14.6214094162, -31.2507762909, 13.2254295349, 140.723846436, 10.7616558075], [22.8705215454, -1.73438358307, 17.5447368622, 1.95379137993, -11.1854801178, 5.63237571716, -0.101052694023, 6.3763666153, -5.61574363708, -1.14648425579, -7.87708902359, 10.7616558075, 75.9214630127]],
        "icov": [[0.000261200009845, 0.000132717934321, -0.000105668361357, -9.46907402977e-006, 0.000278616353171, 0.000227316195378, -0.000406192877563, -6.57496057102e-005, -0.000222953152843, -0.000535577710252, -0.000393203052226, -0.00035752740223, -3.65197956853e-005], [0.000132717934321, 0.00218641455285, 0.00150133681018, 0.0011199178407, -0.000105995648482, 0.000664579216391, -0.00100334233139, 0.000669269065838, -0.000805220741313, 0.000405416765716, 0.000407244224334, -0.000932375201955, -0.000367285712855], [-0.000105668361357, 0.00150133681018, 0.00362075841986, 0.000594915007241, -0.00038258600398, -0.000812171841972, 0.00139038625639, -0.00157006934751, 0.000677557429299, -6.59131837892e-005, -0.000124937258079, 0.00036432617344, -0.00066378590418], [-9.46907402977e-006, 0.0011199178407, 0.000594915007241, 0.00429834425449, -0.00145851494744, 0.00182181817945, -0.00172719021793, 0.000162670243299, -0.00166836020071, 0.000500683847349, -0.00214103236794, 0.000290568423225, -0.000964826787822], [0.000278616353171, -0.000105995648482, -0.00038258600398, -0.00145851494744, 0.0075238244608, -0.00153485615738, 0.00180833565537, -0.00246387487277, 0.00126078620087, -0.000933422008529, 0.0010034540901, -0.00214765570126, 0.0019589792937], [0.000227316195378, 0.000664579216391, -0.000812171841972, 0.00182181817945, -0.00153485615738, 0.00889555830508, -0.00224241847172, 0.00057018105872, -0.00207827449776, 0.000694107438903, -0.00288537843153, 0.00124935619533, -0.00146913167555], [-0.000406192877563, -0.00100334233139, 0.00139038625639, -0.00172719021793, 0.00180833565537, -0.00224241847172, 0.00992571096867, -0.00454939436167, 0.004483894445, -0.00222896179184, 0.000207555713132, -0.00256177945994, 0.00133332516998], [-6.57496057102e-005, 0.000669269065838, -0.00157006934751, 0.000162670243299, -0.00246387487277, 0.00057018105872, -0.00454939436167, 0.0138659821823, -0.0071634631604, 0.0042143445462, -0.00146090483759, 0.00272990041412, -0.0021869270131], [-0.000222953152843, -0.000805220741313, 0.000677557429299, -0.00166836020071, 0.00126078620087, -0.00207827449776, 0.004483894445, -0.0071634631604, 0.0146992886439, -0.00622241618112, 0.00418088585138, -0.00414337450638, 0.00289705907926], [-0.000535577710252, 0.000405416765716, -6.59131837892e-005, 0.000500683847349, -0.000933422008529, 0.000694107438903, -0.00222896179184, 0.0042143445462, -0.00622241618112, 0.0129644637927, -0.00352584640495, 0.00510760350153, -0.00172727205791], [-0.000393203052226, 0.000407244224334, -0.000124937258079, -0.00214103236794, 0.0010034540901, -0.00288537843153, 0.000207555713132, -0.00146090483759, 0.00418088585138, -0.00352584640495, 0.0151199586689, -0.00354829290882, 0.00302430032752], [-0.00035752740223, -0.000932375201955, 0.00036432617344, 0.000290568423225, -0.00214765570126, 0.00124935619533, -0.00256177945994, 0.00272990041412, -0.00414337450638, 0.00510760350153, -0.00354829290882, 0.0122513687238, -0.00298114214092], [-3.65197956853e-005, -0.000367285712855, -0.00066378590418, -0.000964826787822, 0.0019589792937, -0.00146913167555, 0.00133332516998, -0.0021869270131, 0.00289705907926, -0.00172727205791, 0.00302430032752, -0.00298114214092, 0.0148599483073]]
    },
    "spectral_contrast_coeffs": {
        "mean": [-0.549235701561, -0.65114325285, -0.721217274666, -0.741040945053, -0.768887400627, -0.76179176569],
        "var": [0.00658996682614, 0.00718549452722, 0.00547170685604, 0.00461454177275, 0.0016604604898, 0.00125290057622]
    },
    "spectral_contrast_valleys": {
        "mean": [-8.1094455719, -7.13211917877, -7.98164892197, -8.98755741119, -8.73968410492, -11.7150182724],
        "var": [1.35345983505, 1.24111711979, 0.924009382725, 0.848669409752, 1.29266655445, 2.05757427216]
    }
},
"metadata": {
    "audio_properties": {
        "analysis_sample_rate": 44100,
        "bit_rate": 128074,
        "equal_loudness": 0,
        "length": 45.0612258911,
        "lossless": 0,
        "replay_gain": -5.53786277771,
        "sample_rate": 44100,
        "codec": "mp3",
        "downmix": "mix",
        "md5_encoded": "2ed43b6a7eaf55341585f03def4fe997"
    },
    "tags": {
        "file_name": "1458.mp3"
    },
    "version": {
        "essentia": "2.1-beta2",
        "essentia_git_sha": "v2.1_beta2",
        "extractor": "music 1.0"
    }
},
"rhythm": {
    "beats_count": 71,
    "beats_loudness": {
        "mean": 0.0345951505005,
        "var": 0.00118956819642
    },
    "bpm": 95.6379089355,
    "bpm_histogram_first_peak_bpm": {
        "mean": 96,
        "var": 0
    },
    "bpm_histogram_first_peak_spread": {
        "mean": 0.40625,
        "var": 0
    },
    "bpm_histogram_first_peak_weight": {
        "mean": 0.542857170105,
        "var": 0
    },
    "bpm_histogram_second_peak_bpm": {
        "mean": 89,
        "var": 0
    },
    "bpm_histogram_second_peak_spread": {
        "mean": 0.5,
        "var": 0
    },
    "bpm_histogram_second_peak_weight": {
        "mean": 0.0428571440279,
        "var": 0
    },
    "danceability": 0.922898054123,
    "onset_rate": 3.23857593536,
    "beats_loudness_band_ratio": {
        "mean": [0.342355668545, 0.416194319725, 0.255097270012, 0.0953867435455, 0.0193813014776, 0.0129362400621],
        "var": [0.0297838710248, 0.0376052036881, 0.0185749381781, 0.0162744745612, 0.00021333550103, 0.000208771467442]
    },
    "beats_position": [0.626938760281, 1.27709746361, 1.93886613846, 2.60063481331, 3.27401351929, 3.94739222527, 4.62077093124, 5.28253936768, 5.92108821869, 6.57124710083, 7.19818592072, 7.81351470947, 8.44045352936, 9.07900238037, 9.70594120026, 10.3328800201, 10.95981884, 11.5867567062, 12.2136955261, 12.840634346, 13.4675731659, 14.0829019547, 14.6982307434, 15.3251695633, 15.9404983521, 16.5674381256, 17.2059860229, 17.8329238892, 18.4598636627, 19.0984115601, 19.7369613647, 20.363899231, 20.9908390045, 21.6177768707, 22.2447166443, 22.8716545105, 23.5102043152, 24.1255321503, 24.7292518616, 25.3561897278, 25.9831295013, 26.5984573364, 27.2370071411, 27.8755550385, 28.5141029358, 29.1410427094, 29.7679805756, 30.3949203491, 31.0218582153, 31.6487979889, 32.2757377625, 32.9026756287, 33.5296134949, 34.1449432373, 34.7602729797, 35.3872108459, 36.0025405884, 36.6178665161, 37.2564163208, 37.8949661255, 38.5335159302, 39.1604537964, 39.7757797241, 40.402721405, 41.0296592712, 41.6565971375, 42.2835350037, 42.9104766846, 43.5374145508, 44.164352417, 44.7912902832]
},
"tonal": {
    "chords_changes_rate": 0.0390946492553,
    "chords_number_rate": 0.00925925932825,
    "chords_strength": {
        "mean": 0.463336884975,
        "var": 0.0127095272765
    },
    "hpcp_entropy": {
        "mean": 1.33655869961,
        "var": 0.533129036427
    },
    "key_strength": 0.720114052296,
    "tuning_diatonic_strength": 0.472806632519,
    "tuning_equal_tempered_deviation": 0.0242355000228,
    "tuning_frequency": 435.952270508,
    "tuning_nontempered_energy_ratio": 0.606227755547,
    "hpcp": {
        "mean": [0.0638352409005, 0.0467483662069, 0.0581049397588, 0.0674556866288, 0.0392498932779, 0.0204719863832, 0.0225542131811, 0.0459476336837, 0.122648149729, 0.158830240369, 0.0845263153315, 0.0276719778776, 0.0303189959377, 0.0417205579579, 0.10798355937, 0.167008981109, 0.139700323343, 0.271361321211, 0.384541600943, 0.192593023181, 0.0315657146275, 0.0144316190854, 0.00979852396995, 0.115654714406, 0.241131216288, 0.144624501467, 0.0199427660555, 0.0123550370336, 0.0278734080493, 0.271052122116, 0.506764769554, 0.305981576443, 0.140759274364, 0.142570510507, 0.068508990109, 0.0533276982605],
        "var": [0.0236721150577, 0.0115407779813, 0.0198435802013, 0.0272792559117, 0.00969535950571, 0.00580972293392, 0.00472522946075, 0.0144199123606, 0.0449482984841, 0.0666628479958, 0.0234931148589, 0.0083482991904, 0.0107349772006, 0.0145720075816, 0.0404003895819, 0.0775264129043, 0.0374951995909, 0.0829523950815, 0.155630007386, 0.0536719933152, 0.00651950016618, 0.00211388594471, 0.000642029568553, 0.0296582411975, 0.124002583325, 0.048396922648, 0.00385894975625, 0.00166452594567, 0.00713859312236, 0.0575772710145, 0.167271703482, 0.0684033483267, 0.0604044869542, 0.0876184627414, 0.0179706756026, 0.0192448925227]
    },
    "chords_histogram": [46.296295166, 14.1975307465, 11.1111106873, 0, 4.73251008987, 0, 0, 0.411522626877, 0, 2.67489719391, 1.44032919407, 0.308641970158, 0, 0, 0, 0, 2.57201647758, 0, 0.102880656719, 0, 0, 0, 5.76131677628, 10.3909463882],
    "thpcp": [1, 0.6037940979, 0.277760565281, 0.2813346982, 0.135188937187, 0.105231657624, 0.125966221094, 0.0922486484051, 0.114658601582, 0.133110448718, 0.0774518996477, 0.040397413075, 0.044506277889, 0.090668566525, 0.242021858692, 0.313420057297, 0.166795954108, 0.0546051710844, 0.0598285384476, 0.0823272690177, 0.213084191084, 0.32955917716, 0.275670945644, 0.535477876663, 0.75881677866, 0.380044221878, 0.0622886903584, 0.0284779444337, 0.0193354487419, 0.228221699595, 0.475824743509, 0.285387843847, 0.0393531024456, 0.0243802201003, 0.055002655834, 0.534867703915],
    "chords_key": "C",
    "chords_scale": "minor",
    "key_key": "C",
    "key_scale": "minor"
}
}