{
"lowlevel": {
    "average_loudness": 0.954699099064,
    "barkbands_crest": {
        "mean": 10.5551242828,
        "var": 14.6184930801
    },
    "barkbands_flatness_db": {
        "mean": 0.189302250743,
        "var": 0.00253224372864
    },
    "barkbands_kurtosis": {
        "mean": 7.30405855179,
        "var": 179.814178467
    },
    "barkbands_skewness": {
        "mean": 1.83263790607,
        "var": 1.98941612244
    },
    "barkbands_spread": {
        "mean": 14.843834877,
        "var": 180.042175293
    },
    "dissonance": {
        "mean": 0.440157741308,
        "var": 0.00214262562804
    },
    "dynamic_complexity": 1.86137580872,
    "erbbands_crest": {
        "mean": 10.3950576782,
        "var": 24.3796329498
    },
    "erbbands_flatness_db": {
        "mean": 0.202237173915,
        "var": 0.00222454802133
    },
    "erbbands_kurtosis": {
        "mean": 1.52735900879,
        "var": 14.962723732
    },
    "erbbands_skewness": {
        "mean": 0.507057964802,
        "var": 1.03282165527
    },
    "erbbands_spread": {
        "mean": 34.178653717,
        "var": 466.140258789
    },
    "hfc": {
        "mean": 20.6073360443,
        "var": 584.221679688
    },
    "melbands_crest": {
        "mean": 13.6843109131,
        "var": 16.6890602112
    },
    "melbands_flatness_db": {
        "mean": 0.256587952375,
        "var": 0.00360689032823
    },
    "melbands_kurtosis": {
        "mean": 15.767701149,
        "var": 418.517211914
    },
    "melbands_skewness": {
        "mean": 2.7134540081,
        "var": 3.14997196198
    },
    "melbands_spread": {
        "mean": 16.6432323456,
        "var": 365.153656006
    },
    "pitch_salience": {
        "mean": 0.549818098545,
        "var": 0.00969916395843
    },
    "silence_rate_20dB": {
        "mean": 1,
        "var": 0
    },
    "silence_rate_30dB": {
        "mean": 1,
        "var": 0
    },
    "silence_rate_60dB": {
        "mean": 0.00669412966818,
        "var": 0.00664932886139
    },
    "spectral_centroid": {
        "mean": 915.64276123,
        "var": 269436.90625
    },
    "spectral_complexity": {
        "mean": 15.576210022,
        "var": 44.6880607605
    },
    "spectral_decrease": {
        "mean": -7.69203190032e-009,
        "var": 1.82778261838e-017
    },
    "spectral_energy": {
        "mean": 0.0309006273746,
        "var": 0.000290524068987
    },
    "spectral_energyband_high": {
        "mean": 0.000520297791809,
        "var": 5.89208411839e-006
    },
    "spectral_energyband_low": {
        "mean": 0.00595112657174,
        "var": 4.17898518208e-005
    },
    "spectral_energyband_middle_high": {
        "mean": 0.00688578002155,
        "var": 0.000112893983896
    },
    "spectral_energyband_middle_low": {
        "mean": 0.0189622212201,
        "var": 0.000166169425938
    },
    "spectral_entropy": {
        "mean": 6.91413640976,
        "var": 0.305096387863
    },
    "spectral_flux": {
        "mean": 0.0769252702594,
        "var": 0.00152919837274
    },
    "spectral_kurtosis": {
        "mean": 8.29763412476,
        "var": 33.2033348083
    },
    "spectral_rms": {
        "mean": 0.0052823619917,
        "var": 2.24361883738e-006
    },
    "spectral_rolloff": {
        "mean": 1100.85864258,
        "var": 2059901.125
    },
    "spectral_skewness": {
        "mean": 2.00574588776,
        "var": 0.58168309927
    },
    "spectral_spread": {
        "mean": 3698880,
        "var": 5.33445895782e+012
    },
    "spectral_strongpeak": {
        "mean": 1.39119684696,
        "var": 3.40006256104
    },
    "zerocrossingrate": {
        "mean": 0.0433215089142,
        "var": 0.00139203527942
    },
    "barkbands": {
        "mean": [8.95876655704e-006, 0.00102877360769, 0.00354536320083, 0.00401604734361, 0.00742398016155, 0.0031083477661, 0.00112272368278, 0.000713851943146, 0.0024125976488, 0.000524054514244, 0.00257219118066, 0.000998372444883, 0.000618747319095, 0.00079050892964, 0.000302436208585, 0.000298975792248, 0.000242861220613, 0.000377624615794, 0.000197379878955, 0.000105749903014, 4.68980579171e-005, 3.89290253224e-005, 0.000113806818263, 0.000173976557562, 0.000102548940049, 1.42378285091e-005, 7.18004741884e-007],
        "var": [3.63875179987e-010, 3.03071760754e-006, 1.97049903363e-005, 2.70988457487e-005, 5.44288959645e-005, 1.33222711156e-005, 3.28830515173e-006, 4.59233206129e-006, 2.52420013567e-005, 4.06309436585e-006, 6.6665430495e-005, 1.08911053758e-005, 2.63250581156e-006, 2.99896146316e-006, 2.56018694245e-007, 2.49035906563e-007, 2.04427934136e-007, 3.11032238187e-007, 8.69577689855e-008, 2.31732517619e-008, 1.43520910711e-008, 2.39480382191e-008, 3.27619261498e-007, 1.07844721242e-006, 5.63220453387e-007, 4.02940658617e-009, 1.36362145534e-011]
    },
    "erbbands": {
        "mean": [0.0076162610203, 0.365220755339, 3.52493906021, 8.44947528839, 22.9641819, 24.1644325256, 24.4285984039, 23.5232124329, 11.1851844788, 23.7517375946, 21.550737381, 51.9618911743, 29.6320075989, 52.3713607788, 86.770401001, 29.1462497711, 25.4495258331, 43.4131088257, 21.1091327667, 18.2498416901, 15.15583992, 16.1619911194, 19.8836555481, 12.8539791107, 9.61166286469, 4.83486509323, 1.96844649315, 1.79094791412, 1.3959774971, 2.19038176537, 3.4942843914, 3.63944077492, 2.67478895187, 1.62596952915, 0.466135889292, 0.085576325655, 0.0228689797223, 0.00399708980694, 0.000120762568258, 4.0762086428e-005],
        "var": [0.000137928771437, 0.328733354807, 22.6417140961, 68.5007324219, 1244.66040039, 618.803283691, 597.156005859, 793.45690918, 217.680633545, 2193.67431641, 2620.68920898, 14621.8837891, 8024.06103516, 24245.9921875, 55106.8203125, 4575.32177734, 2709.51831055, 10843.6044922, 1083.53662109, 976.822265625, 522.14074707, 831.291564941, 803.32989502, 341.159912109, 189.359176636, 43.2415275574, 18.8254337311, 23.4826183319, 24.4242858887, 100.004127502, 310.338195801, 463.409698486, 260.687530518, 149.542266846, 10.1844768524, 0.220317348838, 0.00905072502792, 0.000234206498135, 1.92311517822e-007, 1.08151021472e-009]
    },
    "gfcc": {
        "mean": [-23.288848877, 127.268569946, -123.217025757, 22.0619354248, -54.7346382141, 0.29008808732, -49.160484314, -3.62975215912, -30.8389377594, -18.1293945313, -12.8817634583, -11.6988401413, -14.1689195633],
        "cov": [[3267.45361328, -874.152954102, -399.050109863, 195.651443481, -169.075744629, 367.33605957, -70.5965270996, 152.584732056, -115.623008728, -5.64385223389, -14.5682754517, 13.9107608795, -149.080581665], [-874.152954102, 1337.66113281, -435.437103271, -54.0013160706, 462.159484863, -399.02154541, 238.736587524, -105.828674316, 132.014328003, -74.1304244995, 117.198898315, -86.1018753052, 24.1605300903], [-399.050109863, -435.437103271, 1079.85742188, 187.569396973, -235.100234985, 117.603225708, -123.998550415, -1.87246322632, -1.84839904308, 216.684753418, -184.204391479, 39.7216186523, 47.0738868713], [195.651443481, -54.0013160706, 187.569396973, 470.900909424, 161.896087646, -117.603393555, 47.0771141052, -15.1043434143, 37.9252433777, 134.056411743, -96.7233047485, 4.33827495575, -44.0964508057], [-169.075744629, 462.159484863, -235.100234985, 161.896087646, 428.616455078, -173.454193115, 146.256271362, -39.6018371582, 22.9802303314, 12.9361972809, 8.06654262543, 7.43676614761, -44.2417373657], [367.33605957, -399.02154541, 117.603225708, -117.603393555, -173.454193115, 370.786071777, -36.1417350769, 26.3328304291, -70.7409896851, -59.2346000671, 35.0426902771, 25.7569103241, 0.493858665228], [-70.5965270996, 238.736587524, -123.998550415, 47.0771141052, 146.256271362, -36.1417350769, 171.321151733, -6.78297472, -1.05473101139, -0.778552353382, 19.6952896118, 2.49455571175, -21.1772785187], [152.584732056, -105.828674316, -1.87246322632, -15.1043434143, -39.6018371582, 26.3328304291, -6.78297472, 120.250099182, 29.6706199646, 10.1181335449, -10.7111883163, -9.29787826538, 10.309720993], [-115.623008728, 132.014328003, -1.84839904308, 37.9252433777, 22.9802303314, -70.7409896851, -1.05473101139, 29.6706199646, 122.295532227, 31.7153205872, -8.40788269043, -16.9797744751, 14.9312343597], [-5.64385223389, -74.1304244995, 216.684753418, 134.056411743, 12.9361972809, -59.2346000671, -0.778552353382, 10.1181335449, 31.7153205872, 197.709915161, -60.414352417, 11.1945304871, -1.40697348118], [-14.5682754517, 117.198898315, -184.204391479, -96.7233047485, 8.06654262543, 35.0426902771, 19.6952896118, -10.7111883163, -8.40788269043, -60.414352417, 135.979125977, -4.58761644363, -10.2069568634], [13.9107608795, -86.1018753052, 39.7216186523, 4.33827495575, 7.43676614761, 25.7569103241, 2.49455571175, -9.29787826538, -16.9797744751, 11.1945304871, -4.58761644363, 102.137809753, 2.10948991776], [-149.080581665, 24.1605300903, 47.0738868713, -44.0964508057, -44.2417373657, 0.493858665228, -21.1772785187, 10.309720993, 14.9312343597, -1.40697348118, -10.2069568634, 2.10948991776, 76.0957107544]],
        "icov": [[0.000688052678015, -0.000318455917295, 0.000880262581632, -0.00092796923127, 0.00072306470247, -0.00112333172001, 0.0007799154846, -0.000915690965485, 0.000777697016019, -0.000629126501735, 0.000781097391155, -0.000325949426042, 0.0010851637926], [-0.000318455917295, 0.00543679203838, -0.00158924469724, 0.00316861481406, -0.00436742836609, 0.00444318260998, -0.00498413294554, 0.00409629289061, -0.00474157743156, 0.00235845451243, -0.00385901075788, 0.00365824345499, -0.00368593190797], [0.000880262581632, -0.00158924469724, 0.00341161852702, -0.00239341612905, 0.00266461260617, -0.00316500314511, 0.00248820171691, -0.00120234524366, 0.00195955997333, -0.0029032882303, 0.00345889944583, -0.00147677375935, 0.0012235075701], [-0.00092796923127, 0.00316861481406, -0.00239341612905, 0.00647437013686, -0.00437015434727, 0.00381928123534, -0.00367980939336, 0.00333890481852, -0.00396270304918, 0.000727416248992, -0.00131791830063, 0.00242695421912, -0.00108671654016], [0.00072306470247, -0.00436742836609, 0.00266461260617, -0.00437015434727, 0.00883916206658, -0.00284494459629, 0.00145003362559, -0.00278920889832, 0.00390517851338, -0.00212739035487, 0.00361325661652, -0.00389147736132, 0.00434831343591], [-0.00112333172001, 0.00444318260998, -0.00316500314511, 0.00381928123534, -0.00284494459629, 0.00924435723573, -0.00531955296174, 0.00279019889422, -0.00262934505008, 0.00395629089326, -0.00531510496512, 0.00218364736065, -0.00319719780236], [0.0007799154846, -0.00498413294554, 0.00248820171691, -0.00367980939336, 0.00145003362559, -0.00531955296174, 0.0135807096958, -0.00476141367108, 0.00526914466172, -0.00311100063846, 0.00321842939593, -0.0033731632866, 0.00417471909896], [-0.000915690965485, 0.00409629289061, -0.00120234524366, 0.00333890481852, -0.00278920889832, 0.00279019889422, -0.00476141367108, 0.0137895643711, -0.00703466497362, 0.00122555554844, -0.00174676440656, 0.00347871496342, -0.00417674100026], [0.000777697016019, -0.00474157743156, 0.00195955997333, -0.00396270304918, 0.00390517851338, -0.00262934505008, 0.00526914466172, -0.00703466497362, 0.0153751708567, -0.00341838388704, 0.0026132625062, -0.0020712276455, 0.00155538483523], [-0.000629126501735, 0.00235845451243, -0.0029032882303, 0.000727416248992, -0.00212739035487, 0.00395629089326, -0.00311100063846, 0.00122555554844, -0.00341838388704, 0.00980368629098, -0.00180014234502, 0.000823531765491, -0.00147044390906], [0.000781097391155, -0.00385901075788, 0.00345889944583, -0.00131791830063, 0.00361325661652, -0.00531510496512, 0.00321842939593, -0.00174676440656, 0.0026132625062, -0.00180014234502, 0.0146836806089, -0.00261312071234, 0.00461559277028], [-0.000325949426042, 0.00365824345499, -0.00147677375935, 0.00242695421912, -0.00389147736132, 0.00218364736065, -0.0033731632866, 0.00347871496342, -0.0020712276455, 0.000823531765491, -0.00261312071234, 0.0130413910374, -0.00345724401996], [0.0010851637926, -0.00368593190797, 0.0012235075701, -0.00108671654016, 0.00434831343591, -0.00319719780236, 0.00417471909896, -0.00417674100026, 0.00155538483523, -0.00147044390906, 0.00461559277028, -0.00345724401996, 0.0197100844234]]
    },
    "melbands": {
        "mean": [0.000164885437698, 0.00136404915247, 0.00201045908034, 0.0017408359563, 0.000919009326026, 0.000539120985195, 0.000178611444426, 0.00023993315699, 0.000218084722292, 0.0003248086432, 0.00013673416106, 0.000189514888916, 0.000368592125596, 0.000126897881273, 4.30965992564e-005, 7.19134259271e-005, 7.89944824646e-005, 3.74048904632e-005, 2.16735788854e-005, 2.26283009397e-005, 1.58877774084e-005, 1.50603718794e-005, 1.61281241162e-005, 2.08203946386e-005, 9.02216015675e-006, 7.05745969753e-006, 6.09214157521e-006, 2.45476098826e-006, 1.14113367999e-006, 1.17807655897e-006, 9.57048655437e-007, 7.08002460215e-007, 8.58210000843e-007, 1.44685498071e-006, 2.17188630813e-006, 1.96094470084e-006, 2.28709518524e-006, 1.96843211597e-006, 1.41193470427e-006, 1.47074047163e-006],
        "var": [7.63769349987e-008, 3.344542165e-006, 5.76371940042e-006, 3.39740086019e-006, 7.20755167549e-007, 4.03375963742e-007, 5.80408432427e-008, 2.44747269562e-007, 2.80240868733e-007, 5.10594247771e-007, 1.97307443273e-007, 3.41280326666e-007, 1.22154347082e-006, 1.87590998735e-007, 7.29908666841e-009, 3.32208003329e-008, 3.34070016095e-008, 5.24356469356e-009, 1.47396761463e-009, 1.8707253524e-009, 6.09561401355e-010, 8.5620588397e-010, 7.38516026111e-010, 1.29996668985e-009, 2.16613740833e-010, 1.1053945953e-010, 8.23507442793e-011, 1.26502645165e-011, 6.34536563918e-012, 9.77520321632e-012, 7.72574452329e-012, 5.00471669315e-012, 1.77769639287e-011, 4.82782945566e-011, 1.22397356139e-010, 1.36896854963e-010, 1.8394670509e-010, 1.46434697701e-010, 7.94687510242e-011, 1.4160876638e-010]
    },
    "mfcc": {
        "mean": [-666.477111816, 155.413604736, -6.48207426071, 19.7878742218, 12.1847724915, -5.43529224396, -3.56376719475, 1.07395219803, -17.8666706085, -0.477040857077, -11.257856369, -11.1103858948, -9.53973770142],
        "cov": [[3151.171875, -951.516723633, -363.740966797, -133.708877563, 4.51609182358, 45.4444198608, 119.16255188, 176.564529419, -80.0218429565, 40.6441268921, 99.5278320313, 58.232624054, 16.3046989441], [-951.516723633, 1338.64782715, -634.129394531, 307.987915039, -11.3101568222, -49.8091163635, 15.9628429413, 11.4644107819, -26.8566150665, 42.1778945923, -2.2346227169, 36.2705230713, 54.6612472534], [-363.740966797, -634.129394531, 1170.36657715, -200.182922363, 0.60903185606, 79.8847427368, -70.0502166748, -155.300308228, 150.489349365, -31.1342048645, -19.9703483582, -5.94269037247, -46.9879112244], [-133.708877563, 307.987915039, -200.182922363, 753.423278809, 10.6075935364, 101.263710022, -46.4742507935, -77.608543396, 145.929336548, -4.63668251038, 40.3746070862, 146.425430298, 55.0565605164], [4.51609182358, -11.3101568222, 0.60903185606, 10.6075935364, 136.295806885, 11.7023324966, 0.0539417602122, 20.3364582062, 4.422914505, 1.17854642868, -2.84439182281, 2.67738008499, 0.659925401211], [45.4444198608, -49.8091163635, 79.8847427368, 101.263710022, 11.7023324966, 197.904586792, 53.4663391113, 6.65758752823, 26.64494133, -46.9294166565, 35.1594161987, 21.7133159637, 7.45173168182], [119.16255188, 15.9628429413, -70.0502166748, -46.4742507935, 0.0539417602122, 53.4663391113, 173.433670044, 52.9313201904, -47.7128753662, 4.62449741364, 17.3274993896, -19.2672119141, 3.75788903236], [176.564529419, 11.4644107819, -155.300308228, -77.608543396, 20.3364582062, 6.65758752823, 52.9313201904, 178.800369263, -57.1361274719, -14.0038118362, 12.3350801468, -39.2875061035, 11.4838237762], [-80.0218429565, -26.8566150665, 150.489349365, 145.929336548, 4.422914505, 26.64494133, -47.7128753662, -57.1361274719, 209.309295654, -0.783822238445, 0.51639354229, 54.5476913452, 3.02720022202], [40.6441268921, 42.1778945923, -31.1342048645, -4.63668251038, 1.17854642868, -46.9294166565, 4.62449741364, -14.0038118362, -0.783822238445, 147.638366699, -6.99551391602, -3.87756347656, 11.0968828201], [99.5278320313, -2.2346227169, -19.9703483582, 40.3746070862, -2.84439182281, 35.1594161987, 17.3274993896, 12.3350801468, 0.51639354229, -6.99551391602, 97.6655044556, 28.8129024506, -3.34359836578], [58.232624054, 36.2705230713, -5.94269037247, 146.425430298, 2.67738008499, 21.7133159637, -19.2672119141, -39.2875061035, 54.5476913452, -3.87756347656, 28.8129024506, 128.922042847, 25.4365215302], [16.3046989441, 54.6612472534, -46.9879112244, 55.0565605164, 0.659925401211, 7.45173168182, 3.75788903236, 11.4838237762, 3.02720022202, 11.0968828201, -3.34359836578, 25.4365215302, 84.0286407471]],
        "icov": [[0.000663766404614, 0.000755969376769, 0.000585385016166, 9.08531219466e-005, 9.23350962694e-005, -0.000145307756611, -0.000182840522029, -0.000256279192399, -8.23952505016e-005, -0.000361406506272, -0.000321131345117, -0.000557938532438, -9.05711276573e-005], [0.000755969376769, 0.0019600042142, 0.00123047805391, -0.000201860850211, 0.000155529996846, 1.48931758304e-005, -0.00031879087328, 3.99458222091e-005, -0.00014375813771, -0.000493017549161, -0.00024948711507, -0.00046884958283, -0.000392809772165], [0.000585385016166, 0.00123047805391, 0.0021955454722, 0.000742368516512, -2.06020722544e-005, -0.0010335247498, 0.000227691140026, 0.00111442781053, -0.00115618319251, -0.000270586373517, -0.000173897962668, -0.000266285438556, -9.23012266867e-005], [9.08531219466e-005, -0.000201860850211, 0.000742368516512, 0.00256777880713, -0.000149979736307, -0.0015010611387, 0.000658285862301, 0.000852692232002, -0.0013377321884, -0.000156429116032, -0.000279513886198, -0.00149953784421, -0.000653653754853], [9.23350962694e-005, 0.000155529996846, -2.06020722544e-005, -0.000149979736307, 0.00764243816957, -0.000559210428037, 0.00031984076486, -0.00138373160735, -8.45792892505e-005, -0.000472492305562, 0.000653273425996, -0.000556215178221, 0.000391846202547], [-0.000145307756611, 1.48931758304e-005, -0.0010335247498, -0.0015010611387, -0.000559210428037, 0.00796539057046, -0.00292164692655, -0.000368488719687, -0.000136403949, 0.0023386804387, -0.00175639125519, 0.000482048810227, -0.000616626231931], [-0.000182840522029, -0.00031879087328, 0.000227691140026, 0.000658285862301, 0.00031984076486, -0.00292164692655, 0.00784671772271, -0.00122709956486, 0.000988158979453, -0.00108770595398, -0.000412665714975, 0.000361810059985, -5.6741255321e-006], [-0.000256279192399, 3.99458222091e-005, 0.00111442781053, 0.000852692232002, -0.00138373160735, -0.000368488719687, -0.00122709956486, 0.00856984872371, 5.93619297433e-005, 0.00121131446213, -0.00131998083089, 0.00239219889045, -0.00192333362065], [-8.23952505016e-005, -0.00014375813771, -0.00115618319251, -0.0013377321884, -8.45792892505e-005, -0.000136403949, 0.000988158979453, 5.93619297433e-005, 0.0071496265009, -0.000304833723931, 0.000684137106873, -0.00156823417637, 0.00058456446277], [-0.000361406506272, -0.000493017549161, -0.000270586373517, -0.000156429116032, -0.000472492305562, 0.0023386804387, -0.00108770595398, 0.00121131446213, -0.000304833723931, 0.00796084944159, -0.000207260600291, 0.000964653154369, -0.00131915672682], [-0.000321131345117, -0.00024948711507, -0.000173897962668, -0.000279513886198, 0.000653273425996, -0.00175639125519, -0.000412665714975, -0.00131998083089, 0.000684137106873, -0.000207260600291, 0.0125209530815, -0.00316934473813, 0.00212033046409], [-0.000557938532438, -0.00046884958283, -0.000266285438556, -0.00149953784421, -0.000556215178221, 0.000482048810227, 0.000361810059985, 0.00239219889045, -0.00156823417637, 0.000964653154369, -0.00316934473813, 0.012564226985, -0.00313498685136], [-9.05711276573e-005, -0.000392809772165, -9.23012266867e-005, -0.000653653754853, 0.000391846202547, -0.000616626231931, -5.6741255321e-006, -0.00192333362065, 0.00058456446277, -0.00131915672682, 0.00212033046409, -0.00313498685136, 0.0140517046675]]
    },
    "spectral_contrast_coeffs": {
        "mean": [-0.531483352184, -0.672833204269, -0.699684679508, -0.735708355904, -0.734941244125, -0.774342000484],
        "var": [0.00512546254322, 0.00608792621642, 0.0104142297059, 0.00550862308592, 0.00423966860399, 0.0018153572455]
    },
    "spectral_contrast_valleys": {
        "mean": [-7.50735378265, -6.87472295761, -7.72519826889, -8.08677768707, -8.32249832153, -11.0262651443],
        "var": [0.755343914032, 0.561293900013, 0.54286891222, 0.667054414749, 0.848944604397, 1.44599688053]
    }
},
"metadata": {
    "audio_properties": {
        "analysis_sample_rate": 44100,
        "bit_rate": 128074,
        "equal_loudness": 0,
        "length": 45.0612258911,
        "lossless": 0,
        "replay_gain": -5.17497444153,
        "sample_rate": 44100,
        "codec": "mp3",
        "downmix": "mix",
        "md5_encoded": "9fe007a20d07e458241aab57d0c059ac"
    },
    "tags": {
        "file_name": "1459.mp3"
    },
    "version": {
        "essentia": "2.1-beta2",
        "essentia_git_sha": "v2.1_beta2",
        "extractor": "music 1.0"
    }
},
"rhythm": {
    "beats_count": 109,
    "beats_loudness": {
        "mean": 0.0376440919936,
        "var": 0.000286835536826
    },
    "bpm": 147.072235107,
    "bpm_histogram_first_peak_bpm": {
        "mean": 148,
        "var": 0
    },
    "bpm_histogram_first_peak_spread": {
        "mean": 0.392523348331,
        "var": 0
    },
    "bpm_histogram_first_peak_weight": {
        "mean": 0.60185188055,
        "var": 0
    },
    "bpm_histogram_second_peak_bpm": {
        "mean": 140,
        "var": 0
    },
    "bpm_histogram_second_peak_spread": {
        "mean": 0,
        "var": 0
    },
    "bpm_histogram_second_peak_weight": {
        "mean": 0.00925925932825,
        "var": 0
    },
    "danceability": 1.15505731106,
    "onset_rate": 4.1924033165,
    "beats_loudness_band_ratio": {
        "mean": [0.442866444588, 0.337569743395, 0.146133035421, 0.111733406782, 0.0468915551901, 0.0146137354895],
        "var": [0.0749317407608, 0.0340395569801, 0.0242164470255, 0.0279687531292, 0.00192843773402, 0.000244690600084]
    },
    "beats_position": [0.441179126501, 0.859138309956, 1.26548755169, 1.67183673382, 2.07818579674, 2.48453521729, 2.89088439941, 3.29723358154, 3.70358276367, 4.09832191467, 4.5046710968, 4.8994102478, 5.31736946106, 5.71210861206, 6.11845779419, 6.52480697632, 6.91954612732, 7.32589578629, 7.73224496841, 8.13859367371, 8.54494285583, 8.96290206909, 9.36925125122, 9.77560043335, 10.1819496155, 10.5882987976, 10.9946479797, 11.4009971619, 11.807346344, 12.2136955261, 12.6200447083, 13.0263938904, 13.4327430725, 13.8390922546, 14.2454423904, 14.6517915726, 15.0465307236, 15.4528799057, 15.8592290878, 16.2655773163, 16.6719264984, 17.0782756805, 17.4730148315, 17.8793640137, 18.2857131958, 18.6920623779, 19.1100215912, 19.5279808044, 19.9343299866, 20.3406791687, 20.7470283508, 21.153377533, 21.5713367462, 21.9892959595, 22.4188652039, 22.8368244171, 23.2431735992, 23.6611328125, 24.0790920258, 24.497051239, 24.9150104523, 25.3329696655, 25.7509288788, 26.168888092, 26.5868473053, 26.9931964874, 27.4111557007, 27.8175048828, 28.2354640961, 28.6534233093, 29.0713825226, 29.4777317047, 29.8840808868, 30.3020401001, 30.7083892822, 31.1263484955, 31.5326976776, 31.9506568909, 32.357006073, 32.7749671936, 33.1929244995, 33.6108856201, 34.028842926, 34.4351921082, 34.8415412903, 35.2478904724, 35.6542396545, 36.0605888367, 36.4785499573, 36.8848991394, 37.2912483215, 37.6859855652, 38.0923347473, 38.4986839294, 38.9050331116, 39.2997741699, 39.7061233521, 40.1008605957, 40.4956016541, 40.8903388977, 41.2850799561, 41.6914291382, 42.0977783203, 42.5041275024, 42.9220848083, 43.3284339905, 43.7347831726, 44.129524231, 44.5358734131]
},
"tonal": {
    "chords_changes_rate": 0.0462962947786,
    "chords_number_rate": 0.00823045242578,
    "chords_strength": {
        "mean": 0.562269091606,
        "var": 0.00860354397446
    },
    "hpcp_entropy": {
        "mean": 1.84650695324,
        "var": 0.503901004791
    },
    "key_strength": 0.879392564297,
    "tuning_diatonic_strength": 0.70027333498,
    "tuning_equal_tempered_deviation": 0.0598070472479,
    "tuning_frequency": 440.508636475,
    "tuning_nontempered_energy_ratio": 0.676260173321,
    "hpcp": {
        "mean": [0.17932331562, 0.14553488791, 0.067640773952, 0.0496685653925, 0.0621191747487, 0.212560474873, 0.372751802206, 0.244670197368, 0.0645253807306, 0.0341545529664, 0.0426494032145, 0.121519990265, 0.192203447223, 0.118426024914, 0.032019931823, 0.0245562847704, 0.0319372750819, 0.0699458792806, 0.10589646548, 0.110581226647, 0.2425609231, 0.347947597504, 0.207756429911, 0.0751892626286, 0.0499151870608, 0.0625713095069, 0.164282664657, 0.235862404108, 0.157090529799, 0.0988643541932, 0.0986382737756, 0.0842218622565, 0.106581971049, 0.139474526048, 0.11848103255, 0.120624423027],
        "var": [0.0983657538891, 0.0765351727605, 0.0235666688532, 0.01921534352, 0.0212115906179, 0.0658898577094, 0.148928150535, 0.0845048725605, 0.0217435378581, 0.0135863889009, 0.0156956445426, 0.0435370206833, 0.0720627531409, 0.0287689864635, 0.00568641815335, 0.00429416121915, 0.0110384691507, 0.0233965553343, 0.0432327128947, 0.0344387479126, 0.0824235379696, 0.136425197124, 0.0687276497483, 0.0293446946889, 0.0214212276042, 0.0262548606843, 0.0692452117801, 0.114131204784, 0.0546072125435, 0.0452330596745, 0.0474347025156, 0.0323116891086, 0.036340020597, 0.0543216355145, 0.0401963554323, 0.041948325932]
    },
    "chords_histogram": [15.123456955, 0.411522626877, 31.9958839417, 0, 1.23456788063, 0, 0, 0, 0, 0, 0, 0, 0, 0, 0, 0.205761313438, 0, 8.02469158173, 0, 1.44032919407, 0, 2.57201647758, 26.7489719391, 12.2427988052],
    "thpcp": [1, 0.656389057636, 0.173105478287, 0.0916281342506, 0.114417694509, 0.326007783413, 0.515633821487, 0.317707449198, 0.0859014838934, 0.0658783763647, 0.0856797322631, 0.187647327781, 0.284093767405, 0.296661823988, 0.650730371475, 0.933456540108, 0.557358622551, 0.201714009047, 0.133909985423, 0.167863205075, 0.440729349852, 0.632759928703, 0.421434670687, 0.265228360891, 0.264621853828, 0.225946217775, 0.285932809114, 0.374175310135, 0.317855030298, 0.323605209589, 0.481079667807, 0.390433758497, 0.181463301182, 0.133248358965, 0.166650235653, 0.570246696472],
    "chords_key": "B",
    "chords_scale": "major",
    "key_key": "E",
    "key_scale": "major"
}
}