{
"lowlevel": {
    "average_loudness": 0.375682294369,
    "barkbands_crest": {
        "mean": 17.3044700623,
        "var": 31.2207679749
    },
    "barkbands_flatness_db": {
        "mean": 0.4886893332,
        "var": 0.00554892187938
    },
    "barkbands_kurtosis": {
        "mean": 32.2033653259,
        "var": 8797.87792969
    },
    "barkbands_skewness": {
        "mean": 1.10378277302,
        "var": 8.03486728668
    },
    "barkbands_spread": {
        "mean": 1.87788677216,
        "var": 5.08425807953
    },
    "dissonance": {
        "mean": 0.312259078026,
        "var": 0.0105848824605
    },
    "dynamic_complexity": 9.46450233459,
    "erbbands_crest": {
        "mean": 20.0903606415,
        "var": 31.0028247833
    },
    "erbbands_flatness_db": {
        "mean": 0.498240709305,
        "var": 0.00444852048531
    },
    "erbbands_kurtosis": {
        "mean": 9.89214038849,
        "var": 147.423919678
    },
    "erbbands_skewness": {
        "mean": 1.1848243475,
        "var": 2.37340736389
    },
    "erbbands_spread": {
        "mean": 3.36510443687,
        "var": 9.11695766449
    },
    "hfc": {
        "mean": 5.61469078064,
        "var": 143.853118896
    },
    "melbands_crest": {
        "mean": 20.4739189148,
        "var": 32.5846595764
    },
    "melbands_flatness_db": {
        "mean": 0.607647001743,
        "var": 0.00581619609147
    },
    "melbands_kurtosis": {
        "mean": 9.75332069397,
        "var": 144.783706665
    },
    "melbands_skewness": {
        "mean": 0.585146486759,
        "var": 2.08585977554
    },
    "melbands_spread": {
        "mean": 3.305123806,
        "var": 42.9908561707
    },
    "pitch_salience": {
        "mean": 0.367548376322,
        "var": 0.0184111855924
    },
    "silence_rate_20dB": {
        "mean": 1,
        "var": 0
    },
    "silence_rate_30dB": {
        "mean": 0.983496665955,
        "var": 0.0162312928587
    },
    "silence_rate_60dB": {
        "mean": 0.547704994678,
        "var": 0.247723817825
    },
    "spectral_centroid": {
        "mean": 475.647094727,
        "var": 128679.773438
    },
    "spectral_complexity": {
        "mean": 3.36358952522,
        "var": 6.29325151443
    },
    "spectral_decrease": {
        "mean": -2.98431257484e-009,
        "var": 3.5190754726e-017
    },
    "spectral_energy": {
        "mean": 0.011772762984,
        "var": 0.000550414668396
    },
    "spectral_energyband_high": {
        "mean": 1.63756670446e-008,
        "var": 1.13974864499e-014
    },
    "spectral_energyband_low": {
        "mean": 0.000446051679319,
        "var": 2.02115893444e-006
    },
    "spectral_energyband_middle_high": {
        "mean": 0.000237377040321,
        "var": 2.4862540613e-006
    },
    "spectral_energyband_middle_low": {
        "mean": 0.0112982299179,
        "var": 0.000506051350385
    },
    "spectral_entropy": {
        "mean": 4.53753852844,
        "var": 0.347725749016
    },
    "spectral_flux": {
        "mean": 0.0170014370233,
        "var": 0.00076149078086
    },
    "spectral_kurtosis": {
        "mean": 262.194976807,
        "var": 17085.6621094
    },
    "spectral_rms": {
        "mean": 0.00241186958738,
        "var": 5.66849030292e-006
    },
    "spectral_rolloff": {
        "mean": 590.548278809,
        "var": 698264.75
    },
    "spectral_skewness": {
        "mean": 13.0033769608,
        "var": 12.6081581116
    },
    "spectral_spread": {
        "mean": 836903.5625,
        "var": 2.1363532759e+012
    },
    "spectral_strongpeak": {
        "mean": 1.13589775562,
        "var": 1.76425719261
    },
    "zerocrossingrate": {
        "mean": 0.0223609637469,
        "var": 0.000479837937746
    },
    "barkbands": {
        "mean": [8.96911956261e-007, 2.61901313934e-005, 0.000236913037952, 0.000198265974177, 0.000416493334342, 0.00238510454074, 0.00333942426369, 0.00255476078019, 0.00234928401187, 0.000105214123323, 0.000107040323201, 2.89501331281e-005, 8.32591831568e-006, 1.06630614027e-005, 1.92092443285e-006, 1.63000879638e-006, 1.33244259359e-006, 1.98463723677e-007, 1.1783701126e-007, 2.48456224483e-008, 7.17237247372e-009, 1.30780364316e-009, 5.31702903928e-010, 4.30655067163e-010, 4.43525716154e-010, 4.9695453308e-010, 3.97902405469e-010],
        "var": [4.01971511632e-011, 1.65983671252e-008, 5.82680058869e-007, 4.64373641762e-007, 2.17606111619e-006, 3.76758944185e-005, 8.37694460643e-005, 0.000108399479359, 8.82699678186e-005, 1.35826923042e-007, 1.59146327405e-006, 7.19043455888e-008, 7.55946472086e-010, 3.00251001839e-009, 9.06254932209e-011, 1.16353378321e-010, 3.09805306409e-011, 3.74619736274e-012, 6.64026288382e-013, 2.04348849989e-014, 3.2069848994e-015, 4.96769901226e-017, 2.76883779442e-018, 1.07075872977e-018, 9.06300955132e-019, 8.43281579779e-019, 1.00825727288e-018]
    },
    "erbbands": {
        "mean": [0.000254056678386, 0.00959317851812, 0.157752767205, 0.730683028698, 0.219172075391, 1.71378326416, 12.4707593918, 20.8162345886, 45.6560630798, 50.1797142029, 67.5687332153, 36.7271232605, 4.90129041672, 1.69164633751, 5.0570230484, 1.1690299511, 0.486069053411, 0.536002635956, 0.226151257753, 0.105424575508, 0.0835718438029, 0.0864935964346, 0.0226967837662, 0.0083343135193, 0.00224692304619, 0.000956406875048, 0.000564327056054, 0.000120681826957, 5.85747402511e-005, 3.09807801386e-005, 2.02207411348e-005, 1.64122830029e-005, 1.40894071592e-005, 1.20935810628e-005, 1.00527904578e-005, 7.58949909141e-006, 4.4357934712e-006, 9.8581824659e-007, 5.65812842979e-006, 1.3234744074e-005],
        "var": [9.35651371492e-007, 0.00154938513879, 0.233759537339, 6.233045578, 0.734699726105, 36.8815383911, 1908.13269043, 3118.96264648, 16862.4746094, 35834.671875, 54320.3203125, 19106.7988281, 219.134902954, 29.8534812927, 4376.37109375, 89.2736587524, 2.49882125854, 6.82842874527, 1.30417108536, 0.184485763311, 0.289252787828, 0.136965364218, 0.0207320768386, 0.00356335216202, 9.79185497272e-005, 2.34358667512e-005, 1.80802508112e-005, 3.91865228266e-007, 6.59377263901e-008, 1.85385093943e-008, 2.59248977841e-009, 1.16460319166e-009, 7.35582372791e-010, 5.02761443588e-010, 3.33385069551e-010, 1.8878582031e-010, 6.51379505889e-011, 3.26441347911e-012, 1.27937993533e-010, 6.99499402845e-010]
    },
    "gfcc": {
        "mean": [-380.449676514, 231.178100586, -72.3340682983, -89.4595718384, -59.1260070801, -33.4679603577, -33.4971923828, -4.14891433716, 0.821667194366, -4.33076095581, -3.65979480743, -10.6965379715, -7.00784111023],
        "cov": [[13101.6855469, 2410.43261719, -2536.80883789, -605.093566895, 1838.00488281, -882.08392334, 20.2200279236, -129.405014038, 412.459503174, -237.844116211, 463.861877441, -299.678009033, 102.239852905], [2410.43261719, 1137.765625, -259.502044678, -227.192169189, 519.624450684, -31.3919124603, -100.480201721, -257.65802002, -49.5611495972, -178.74508667, 1.15751874447, -138.361663818, 61.2322883606], [-2536.80883789, -259.502044678, 1202.46740723, 158.933288574, -640.994628906, 211.27696228, -40.8877754211, -158.115280151, -268.059539795, -37.6448822021, -161.838027954, 26.128446579, 3.49447059631], [-605.093566895, -227.192169189, 158.933288574, 386.316680908, -20.7292289734, 73.7005767822, 39.41015625, 18.248872757, -146.39982605, -31.4193019867, -113.326629639, -25.3421401978, -62.5143966675], [1838.00488281, 519.624450684, -640.994628906, -20.7292289734, 654.211975098, -45.4444923401, 1.11622166634, -0.25045055151, 90.0963134766, -79.9899215698, 26.1844406128, -100.365898132, -20.0961971283], [-882.08392334, -31.3919124603, 211.27696228, 73.7005767822, -45.4444923401, 213.227050781, 37.7992019653, -32.917804718, -67.961479187, -9.11131763458, -104.351249695, -51.1104393005, -53.6103591919], [20.2200279236, -100.480201721, -40.8877754211, 39.41015625, 1.11622166634, 37.7992019653, 134.498626709, 103.616668701, 39.509929657, 27.3063278198, -10.4248456955, -36.5015296936, -50.8057365417], [-129.405014038, -257.65802002, -158.115280151, 18.248872757, -0.25045055151, -32.917804718, 103.616668701, 258.245239258, 156.249801636, 37.0913047791, -21.7801170349, -3.63289952278, -56.5063781738], [412.459503174, -49.5611495972, -268.059539795, -146.39982605, 90.0963134766, -67.961479187, 39.509929657, 156.249801636, 255.418640137, 78.9888534546, 44.2271003723, -12.6052446365, -13.1909036636], [-237.844116211, -178.74508667, -37.6448822021, -31.4193019867, -79.9899215698, -9.11131763458, 27.3063278198, 37.0913047791, 78.9888534546, 143.441207886, 116.588745117, 51.3992614746, -0.666295111179], [463.861877441, 1.15751874447, -161.838027954, -113.326629639, 26.1844406128, -104.351249695, -10.4248456955, -21.7801170349, 44.2271003723, 116.588745117, 284.92678833, 148.417007446, 63.6600761414], [-299.678009033, -138.361663818, 26.128446579, -25.3421401978, -100.365898132, -51.1104393005, -36.5015296936, -3.63289952278, -12.6052446365, 51.3992614746, 148.417007446, 172.470504761, 88.1258163452], [102.239852905, 61.2322883606, 3.49447059631, -62.5143966675, -20.0961971283, -53.6103591919, -50.8057365417, -56.5063781738, -13.1909036636, -0.666295111179, 63.6600761414, 88.1258163452, 122.164497375]],
        "icov": [[0.000419011892518, -0.000831909128465, 0.000662738399114, -0.000544672890101, 0.000491679238621, 0.00120009947568, -0.000966171268374, 0.000628569279797, -0.00063644972397, 0.000761262141168, -0.000630758993793, 0.000522271555383, 0.000152453343617], [-0.000831909128465, 0.00600739847869, -0.00260742334649, 0.00361824082211, -0.00468755373731, -0.00199023052119, 0.00161768309772, 0.000929709698539, 0.00185243738815, 0.00144196045585, -0.000742682896089, 0.00294744805433, -0.00246173446067], [0.000662738399114, -0.00260742334649, 0.00520058441907, -0.00377880176529, 0.00676923012361, -0.00204919464886, 0.000100180062873, 0.00131773808971, -0.0028818862047, 0.00546919927001, -0.00422639027238, 0.00340493628755, -0.000999926938675], [-0.000544672890101, 0.00361824082211, -0.00377880176529, 0.0110759651288, -0.00878836493939, 0.00408562365919, -0.00221039610915, -0.00142685382161, 0.0105984779075, -0.0109655344859, 0.0113989124075, -0.00817042030394, 0.00422467058524], [0.000491679238621, -0.00468755373731, 0.00676923012361, -0.00878836493939, 0.0144818564877, -0.00668646721169, 0.00326444627717, -0.000367123371689, -0.00838813651353, 0.0132463313639, -0.0127077931538, 0.0101437540725, -0.00364580750465], [0.00120009947568, -0.00199023052119, -0.00204919464886, 0.00408562365919, -0.00668646721169, 0.0190956443548, -0.0115012917668, 0.00683049345389, 0.00375325954519, -0.0118502117693, 0.015365159139, -0.0136317173019, 0.00996605679393], [-0.000966171268374, 0.00161768309772, 0.000100180062873, -0.00221039610915, 0.00326444627717, -0.0115012917668, 0.0224979221821, -0.014034288004, 0.00328976195306, 0.00283775664866, -0.0124437203631, 0.0162457600236, -0.00764551619068], [0.000628569279797, 0.000929709698539, 0.00131773808971, -0.00142685382161, -0.000367123371689, 0.00683049345389, -0.014034288004, 0.0219334587455, -0.0125571619719, 0.00515610957518, 0.00725654512644, -0.0129239354283, 0.00969957746565], [-0.00063644972397, 0.00185243738815, -0.0028818862047, 0.0105984779075, -0.00838813651353, 0.00375325954519, 0.00328976195306, -0.0125571619719, 0.0236615333706, -0.0199163611978, 0.0106435837224, -0.00214198324829, -0.000617755635176], [0.000761262141168, 0.00144196045585, 0.00546919927001, -0.0109655344859, 0.0132463313639, -0.0118502117693, 0.00283775664866, 0.00515610957518, -0.0199163611978, 0.0425164438784, -0.0315782278776, 0.022061618045, -0.00796155631542], [-0.000630758993793, -0.000742682896089, -0.00422639027238, 0.0113989124075, -0.0127077931538, 0.015365159139, -0.0124437203631, 0.00725654512644, 0.0106435837224, -0.0315782278776, 0.041157014668, -0.0386724807322, 0.0171150825918], [0.000522271555383, 0.00294744805433, 0.00340493628755, -0.00817042030394, 0.0101437540725, -0.0136317173019, 0.0162457600236, -0.0129239354283, -0.00214198324829, 0.022061618045, -0.0386724807322, 0.0533111020923, -0.0281435847282], [0.000152453343617, -0.00246173446067, -0.000999926938675, 0.00422467058524, -0.00364580750465, 0.00996605679393, -0.00764551619068, 0.00969957746565, -0.000617755635176, -0.00796155631542, 0.0171150825918, -0.0281435847282, 0.0278361737728]]
    },
    "melbands": {
        "mean": [4.49642038802e-006, 6.42288432573e-005, 0.000100556680991, 4.48150785815e-005, 0.000355982861947, 0.000505702570081, 0.000673551403452, 0.000548835436348, 0.000636591168586, 0.000196204418899, 1.92131083168e-005, 6.34961043033e-006, 1.38810464705e-005, 7.27396763978e-006, 1.71300462171e-006, 8.31410432056e-007, 1.08328356418e-006, 4.27745646903e-007, 1.99546619228e-007, 1.183311511e-007, 7.95359298422e-008, 9.35447062034e-008, 3.66662860074e-008, 9.0430329891e-009, 7.10747816157e-009, 1.90527349453e-009, 1.18363907564e-009, 4.19745432856e-010, 4.44261655241e-010, 1.15469203643e-010, 5.13421700987e-011, 3.05812701551e-011, 1.88710418819e-011, 1.21951415979e-011, 8.12360421987e-012, 6.5694437737e-012, 5.6113811514e-012, 4.92303593724e-012, 4.35954310846e-012, 3.99849554508e-012],
        "var": [4.53598852923e-010, 3.75950790499e-008, 1.16064420297e-007, 4.69156020699e-008, 1.37075949169e-006, 1.71855322151e-006, 3.44408977071e-006, 5.24614551978e-006, 5.57894418307e-006, 5.34048979262e-007, 5.00463759323e-009, 3.08205433397e-010, 3.15177324239e-008, 7.71977948233e-009, 6.70478533804e-011, 8.90556031696e-012, 3.45248794831e-011, 6.43653142937e-012, 1.13498826223e-012, 5.87887865559e-013, 4.03783750142e-013, 1.79109805871e-013, 2.94502717027e-014, 5.55088430665e-015, 3.36217700545e-015, 1.13194889033e-016, 4.15013817936e-017, 7.38730768679e-018, 1.27438505738e-017, 9.4568240371e-019, 5.94018560402e-020, 2.46708152502e-020, 8.74975011411e-021, 3.74164204486e-021, 6.62393299738e-022, 3.05550769218e-022, 1.93613009733e-022, 1.35154289336e-022, 9.96714267932e-023, 7.7997037971e-023]
    },
    "mfcc": {
        "mean": [-949.727539063, 189.920043945, 51.9481201172, -20.4619216919, -29.44465065, -27.2488536835, -23.7925434113, -14.7624397278, -6.45356082916, -1.24849176407, 3.15346121788, 4.28403520584, 0.362604945898],
        "cov": [[4333.05566406, 3224.94921875, -665.831481934, -715.494140625, 397.635528564, 266.59979248, -15.4044742584, 30.2656517029, -39.3665390015, -156.993988037, -99.6494827271, 37.4840354919, 37.5286979675], [3224.94921875, 2581.12475586, -249.665252686, -558.430053711, 190.423416138, 213.09336853, -0.171836540103, -23.1119880676, -70.2025299072, -143.613632202, -112.529663086, -18.1229095459, 2.16984820366], [-665.831481934, -249.665252686, 481.766693115, 150.039932251, -193.645324707, -42.9083480835, 26.9100399017, -56.6595039368, -53.0054550171, -16.5558605194, -46.7744064331, -81.6807022095, -55.7379722595], [-715.494140625, -558.430053711, 150.039932251, 272.399078369, 22.6426753998, -50.7541236877, 16.9776477814, 24.2101478577, 13.2078237534, 15.0232582092, -10.8879451752, -40.9964866638, -46.9060821533], [397.635528564, 190.423416138, -193.645324707, 22.6426753998, 240.971328735, 126.926483154, 21.404794693, 32.256023407, 23.4623947144, -17.7688770294, -36.4755020142, -31.1456375122, -36.7259902954], [266.59979248, 213.09336853, -42.9083480835, -50.7541236877, 126.926483154, 187.26222229, 77.0536880493, -19.6569766998, -28.5722103119, -26.363368988, -48.442565918, -55.43907547, -34.7451591492], [-15.4044742584, -0.171836540103, 26.9100399017, 16.9776477814, 21.404794693, 77.0536880493, 90.3890151978, 25.1504421234, -17.9847431183, -8.40551757813, -5.98011684418, -16.0400562286, -11.5667886734], [30.2656517029, -23.1119880676, -56.6595039368, 24.2101478577, 32.256023407, -19.6569766998, 25.1504421234, 97.8685684204, 80.2854232788, 33.8422012329, 33.5151252747, 34.3989143372, -7.15803623199], [-39.3665390015, -70.2025299072, -53.0054550171, 13.2078237534, 23.4623947144, -28.5722103119, -17.9847431183, 80.2854232788, 138.204208374, 100.546302795, 56.6993751526, 30.6573467255, -30.9794902802], [-156.993988037, -143.613632202, -16.5558605194, 15.0232582092, -17.7688770294, -26.363368988, -8.40551757813, 33.8422012329, 100.546302795, 134.042144775, 104.62399292, 40.8821029663, -26.5903911591], [-99.6494827271, -112.529663086, -46.7744064331, -10.8879451752, -36.4755020142, -48.442565918, -5.98011684418, 33.5151252747, 56.6993751526, 104.62399292, 145.067581177, 108.825019836, 27.8875713348], [37.4840354919, -18.1229095459, -81.6807022095, -40.9964866638, -31.1456375122, -55.43907547, -16.0400562286, 34.3989143372, 30.6573467255, 40.8821029663, 108.825019836, 146.550292969, 100.871147156], [37.5286979675, 2.16984820366, -55.7379722595, -46.9060821533, -36.7259902954, -34.7451591492, -11.5667886734, -7.15803623199, -30.9794902802, -26.5903911591, 27.8875713348, 100.871147156, 149.824905396]],
        "icov": [[645.457397461, -893.715881348, 838.241149902, -751.587097168, 641.903991699, -519.470153809, 395.325561523, -279.70803833, 181.338882446, -104.878479004, 51.9953079224, -20.4266796112, 4.8012676239], [-893.715881348, 1237.56018066, -1161.02038574, 1041.41491699, -889.929626465, 720.703918457, -548.948669434, 388.804290771, -252.376724243, 146.168228149, -72.5794372559, 28.5658607483, -6.72693252563], [838.241149902, -1161.02038574, 1090.00439453, -978.882873535, 837.897705078, -680.030578613, 519.340087891, -368.99005127, 240.413589478, -139.836761475, 69.7782363892, -27.6224975586, 6.54671907425], [-751.587097168, 1041.41491699, -978.882873535, 880.844360352, -756.066162109, 615.810241699, -472.348388672, 337.328460693, -221.121871948, 129.50390625, -65.1243896484, 26.0156459808, -6.22167921066], [641.903991699, -889.929626465, 837.897705078, -756.066162109, 651.491943359, -533.282470703, 411.543731689, -296.029418945, 195.708862305, -115.730995178, 58.8397789001, -23.8039283752, 5.77088308334], [-519.470153809, 720.703918457, -680.030578613, 615.810241699, -533.282470703, 439.332397461, -341.69744873, 248.053283691, -165.774719238, 99.2251739502, -51.135055542, 21.0110359192, -5.17293643951], [395.325561523, -548.948669434, 519.340087891, -472.348388672, 411.543731689, -341.69744873, 268.315368652, -196.973068237, 133.387481689, -81.0195541382, 42.4379882813, -17.7566661835, 4.45344591141], [-279.70803833, 388.804290771, -368.99005127, 337.328460693, -296.029418945, 248.053283691, -196.973068237, 146.539291382, -100.788467407, 62.2805175781, -33.2502250671, 14.2033205032, -3.63793730736], [181.338882446, -252.376724243, 240.413589478, -221.121871948, 195.708862305, -165.774719238, 133.387481689, -100.788467407, 70.6279983521, -44.5406341553, 24.3239517212, -10.6551179886, 2.80118727684], [-104.878479004, 146.168228149, -139.836761475, 129.50390625, -115.730995178, 99.2251739502, -81.0195541382, 62.2805175781, -44.5406341553, 28.7321014404, -16.0813999176, 7.226521492, -1.94428026676], [51.9953079224, -72.5794372559, 69.7782363892, -65.1243896484, 58.8397789001, -51.135055542, 42.4379882813, -33.2502250671, 24.3239517212, -16.0813999176, 9.27255344391, -4.30180501938, 1.19558179379], [-20.4266796112, 28.5658607483, -27.6224975586, 26.0156459808, -23.8039283752, 21.0110359192, -17.7566661835, 14.2033205032, -10.6551179886, 7.226521492, -4.30180501938, 2.08202075958, -0.604843378067], [4.8012676239, -6.72693252563, 6.54671907425, -6.22167921066, 5.77088308334, -5.17293643951, 4.45344591141, -3.63793730736, 2.80118727684, -1.94428026676, 1.19558179379, -0.604843378067, 0.192927777767]]
    },
    "spectral_contrast_coeffs": {
        "mean": [-0.654520571232, -0.598885595798, -0.704236030579, -0.737933695316, -0.808398842812, -0.916139066219],
        "var": [0.0129109025002, 0.0133275678381, 0.00534363975748, 0.00349181774072, 0.00522565562278, 0.00121064507402]
    },
    "spectral_contrast_valleys": {
        "mean": [-10.2728147507, -8.17784500122, -10.3316144943, -12.2300357819, -13.7133626938, -15.2428894043],
        "var": [1.73779201508, 1.37675702572, 1.58267450333, 1.85641765594, 0.932553470135, 1.28810060024]
    }
},
"metadata": {
    "audio_properties": {
        "analysis_sample_rate": 44100,
        "bit_rate": 85008,
        "equal_loudness": 0,
        "length": 44.9828567505,
        "lossless": 0,
        "replay_gain": -8.68861198425,
        "sample_rate": 44100,
        "codec": "mp3",
        "downmix": "mix",
        "md5_encoded": "95fbb429cf0ee753e6b91a0a24685205"
    },
    "tags": {
        "file_name": "146.mp3"
    },
    "version": {
        "essentia": "2.1-beta2",
        "essentia_git_sha": "v2.1_beta2",
        "extractor": "music 1.0"
    }
},
"rhythm": {
    "beats_count": 59,
    "beats_loudness": {
        "mean": 0.0271197482944,
        "var": 0.00161501590628
    },
    "bpm": 79.978805542,
    "bpm_histogram_first_peak_bpm": {
        "mean": 80,
        "var": 0
    },
    "bpm_histogram_first_peak_spread": {
        "mean": 0.410714268684,
        "var": 0
    },
    "bpm_histogram_first_peak_weight": {
        "mean": 0.568965494633,
        "var": 0
    },
    "bpm_histogram_second_peak_bpm": {
        "mean": 89,
        "var": 0
    },
    "bpm_histogram_second_peak_spread": {
        "mean": 0.5,
        "var": 0
    },
    "bpm_histogram_second_peak_weight": {
        "mean": 0.0172413792461,
        "var": 0
    },
    "danceability": 1.07815003395,
    "onset_rate": 0.844439327717,
    "beats_loudness_band_ratio": {
        "mean": [0.0542855001986, 0.386985063553, 0.59663683176, 0.0225911606103, 0.00223520677537, 2.50869488809e-005],
        "var": [0.00862320978194, 0.0851774141192, 0.0981382578611, 0.00413582846522, 6.07575202594e-005, 4.51489423625e-009]
    },
    "beats_position": [0.777868449688, 1.5673469305, 2.34521532059, 3.13469386101, 3.90095233917, 4.66721057892, 5.42185926437, 6.15328788757, 6.8963265419, 7.63936471939, 8.38240337372, 9.12544155121, 9.8800907135, 10.6347389221, 11.3893871307, 12.144036293, 12.8986845016, 13.6533327103, 14.3963718414, 15.1394100189, 15.870839119, 16.6254863739, 17.391746521, 18.1580047607, 18.9242630005, 19.667301178, 20.4103393555, 21.153377533, 21.8848075867, 22.616235733, 23.3708839417, 24.1371421814, 24.89179039, 25.6580486298, 26.3894786835, 27.1441268921, 27.9103851318, 28.6766433716, 29.4312915802, 30.1743297577, 30.9289798737, 31.6720180511, 32.4150543213, 33.1580963135, 33.901134491, 34.6441726685, 35.3988189697, 36.1534690857, 36.908115387, 37.6395454407, 38.3941955566, 39.1488418579, 39.9151000977, 40.5884780884, 41.2502479553, 41.9700660706, 42.7014961243, 43.4213142395, 44.1411323547]
},
"tonal": {
    "chords_changes_rate": 0.0381443314254,
    "chords_number_rate": 0.00824742298573,
    "chords_strength": {
        "mean": 0.429448574781,
        "var": 0.0117370532826
    },
    "hpcp_entropy": {
        "mean": 0.884425222874,
        "var": 0.393048465252
    },
    "key_strength": 0.779169201851,
    "tuning_diatonic_strength": 0.566825568676,
    "tuning_equal_tempered_deviation": 0.00116909889039,
    "tuning_frequency": 440.763122559,
    "tuning_nontempered_energy_ratio": 0.589011609554,
    "hpcp": {
        "mean": [0.00108721037395, 0.00307239661925, 0.0905440598726, 0.151295885444, 0.063961468637, 0.000988645129837, 0.000727689068299, 0.0045181219466, 0.0646259710193, 0.11540210247, 0.0614690594375, 0.116894766688, 0.222434341908, 0.117023132741, 0.00619949167594, 0.00251742755063, 0.00776371080428, 0.240761384368, 0.432028323412, 0.200458571315, 0.00358809321187, 0.00138371204957, 0.0064376485534, 0.129725500941, 0.213204503059, 0.0910518914461, 0.00244755367748, 0.00170898716897, 0.00380002590828, 0.0403936244547, 0.0643824413419, 0.0320426598191, 0.11070368439, 0.200746506453, 0.0971535816789, 0.00257369829342],
        "var": [9.87557941698e-005, 8.01377173048e-005, 0.0362532809377, 0.0997379422188, 0.0181096941233, 1.40735037348e-005, 7.53741142034e-006, 0.000436775007984, 0.0294439792633, 0.087763234973, 0.0236618984491, 0.0351459495723, 0.116516202688, 0.0336616002023, 0.000635400007013, 0.000290865951683, 0.00113579293247, 0.0701692998409, 0.212974458933, 0.0477629601955, 0.000615530880168, 0.000133309615194, 0.000364930630894, 0.0514590591192, 0.133240938187, 0.0267093349248, 9.67089508777e-005, 4.19891548518e-005, 0.000177105976036, 0.0209918580949, 0.0485109649599, 0.00958936009556, 0.0424980297685, 0.128695830703, 0.0314531624317, 0.000124621714349]
    },
    "chords_histogram": [25.360824585, 1.03092777729, 11.3402061462, 0.927835047245, 0, 0, 0, 0, 0, 0, 0, 0, 0, 0, 0, 0, 0, 5.05154657364, 0, 2.57731962204, 0, 10.9278354645, 24.1237106323, 18.6597938538],
    "thpcp": [1, 0.463994055986, 0.00830522645265, 0.00320282718167, 0.0149009870365, 0.300270825624, 0.493496596813, 0.210754454136, 0.00566526222974, 0.00395572930574, 0.00879577919841, 0.093497633934, 0.149023652077, 0.0741679593921, 0.256241738796, 0.464660525322, 0.224877804518, 0.00595724442974, 0.00251652579755, 0.00711156288162, 0.209578990936, 0.350198984146, 0.148049250245, 0.00228838040493, 0.00168435496744, 0.0104579301551, 0.149587348104, 0.267116993666, 0.142280161381, 0.270572006702, 0.514860570431, 0.270869135857, 0.0143497344106, 0.00582699663937, 0.017970373854, 0.557281494141],
    "chords_key": "G#",
    "chords_scale": "major",
    "key_key": "G#",
    "key_scale": "major"
}
}