{
"lowlevel": {
    "average_loudness": 0.971454679966,
    "barkbands_crest": {
        "mean": 10.7986841202,
        "var": 12.7806787491
    },
    "barkbands_flatness_db": {
        "mean": 0.126515761018,
        "var": 0.00161751080304
    },
    "barkbands_kurtosis": {
        "mean": 5.6325211525,
        "var": 111.722518921
    },
    "barkbands_skewness": {
        "mean": 2.0819144249,
        "var": 1.72339069843
    },
    "barkbands_spread": {
        "mean": 27.8579349518,
        "var": 199.281570435
    },
    "dissonance": {
        "mean": 0.477306365967,
        "var": 0.000197624860448
    },
    "dynamic_complexity": 0.973210155964,
    "erbbands_crest": {
        "mean": 7.35132360458,
        "var": 8.66791629791
    },
    "erbbands_flatness_db": {
        "mean": 0.130317211151,
        "var": 0.000380837038392
    },
    "erbbands_kurtosis": {
        "mean": -0.589914381504,
        "var": 1.57937645912
    },
    "erbbands_skewness": {
        "mean": -0.295628547668,
        "var": 0.506163358688
    },
    "erbbands_spread": {
        "mean": 61.4657325745,
        "var": 234.567962646
    },
    "hfc": {
        "mean": 25.0414333344,
        "var": 182.903060913
    },
    "melbands_crest": {
        "mean": 16.771490097,
        "var": 22.7742557526
    },
    "melbands_flatness_db": {
        "mean": 0.200415968895,
        "var": 0.00313319149427
    },
    "melbands_kurtosis": {
        "mean": 25.3870944977,
        "var": 737.905822754
    },
    "melbands_skewness": {
        "mean": 4.23152494431,
        "var": 3.18000221252
    },
    "melbands_spread": {
        "mean": 22.4057064056,
        "var": 268.266021729
    },
    "pitch_salience": {
        "mean": 0.521124660969,
        "var": 0.00965395662934
    },
    "silence_rate_20dB": {
        "mean": 1,
        "var": 0
    },
    "silence_rate_30dB": {
        "mean": 1,
        "var": 0
    },
    "silence_rate_60dB": {
        "mean": 0.00154479919001,
        "var": 0.00154241069686
    },
    "spectral_centroid": {
        "mean": 1593.25537109,
        "var": 459111.09375
    },
    "spectral_complexity": {
        "mean": 21.6627197266,
        "var": 47.914642334
    },
    "spectral_decrease": {
        "mean": -8.45486258783e-009,
        "var": 1.16903798155e-017
    },
    "spectral_energy": {
        "mean": 0.0341819413006,
        "var": 0.000174188389792
    },
    "spectral_energyband_high": {
        "mean": 0.0014212654205,
        "var": 1.5376618876e-006
    },
    "spectral_energyband_low": {
        "mean": 0.0120314583182,
        "var": 0.000109735548904
    },
    "spectral_energyband_middle_high": {
        "mean": 0.00445552356541,
        "var": 8.91717900231e-006
    },
    "spectral_energyband_middle_low": {
        "mean": 0.0187689438462,
        "var": 0.000125876395032
    },
    "spectral_entropy": {
        "mean": 7.48038673401,
        "var": 0.0925022289157
    },
    "spectral_flux": {
        "mean": 0.0769241899252,
        "var": 0.000759214279242
    },
    "spectral_kurtosis": {
        "mean": 3.03906583786,
        "var": 1.6388194561
    },
    "spectral_rms": {
        "mean": 0.00567323807627,
        "var": 1.16271439765e-006
    },
    "spectral_rolloff": {
        "mean": 1586.88989258,
        "var": 1822198.625
    },
    "spectral_skewness": {
        "mean": 1.1564193964,
        "var": 0.0592753700912
    },
    "spectral_spread": {
        "mean": 4649529.5,
        "var": 1.60060971418e+012
    },
    "spectral_strongpeak": {
        "mean": 0.6815726161,
        "var": 0.343876838684
    },
    "zerocrossingrate": {
        "mean": 0.0623755417764,
        "var": 0.00072285567876
    },
    "barkbands": {
        "mean": [5.034415517e-005, 0.00196385406889, 0.00768877053633, 0.0066494513303, 0.0092849181965, 0.00112932384945, 0.000407363491831, 0.000723516393919, 0.000386682659155, 0.0003236598277, 0.000187277066289, 0.000172833577381, 0.000148886159877, 0.00027133943513, 0.000250303448411, 0.000405677390518, 0.000650039524771, 0.000740685849451, 0.000973937916569, 0.000668909458909, 0.000360113743227, 0.000313546130201, 0.000196155859157, 0.000127572173369, 6.85881605023e-005, 2.84206253127e-005, 9.82181973086e-006],
        "var": [5.58497736947e-009, 4.64633558295e-006, 7.18773371773e-005, 4.4174514187e-005, 6.79844670231e-005, 1.36959408792e-006, 4.30868681178e-007, 1.13938904178e-006, 6.26338760412e-007, 2.53570817677e-007, 4.38975007455e-008, 3.79572924203e-008, 5.87769726224e-008, 1.08867197923e-006, 1.74548802079e-007, 1.72314187807e-007, 9.07326750621e-007, 4.99524276165e-007, 1.1363762269e-006, 4.67613006094e-007, 1.59564024216e-007, 1.00046918305e-007, 4.53701467507e-008, 3.26809548312e-008, 1.01188524226e-008, 2.85226176011e-009, 3.08258522874e-011]
    },
    "erbbands": {
        "mean": [0.022149425, 0.687312364578, 7.31556510925, 15.2012338638, 31.1789665222, 29.6165924072, 16.0616436005, 11.1076259613, 7.86697530746, 11.6008234024, 10.9077892303, 11.1304721832, 10.7750835419, 5.67700862885, 10.1509313583, 6.58267831802, 7.47217512131, 13.9492311478, 10.2409133911, 19.0261592865, 22.9065246582, 32.843082428, 41.2891235352, 55.7417678833, 42.4713592529, 29.7898216248, 17.6326160431, 14.6248092651, 11.3898525238, 6.70893573761, 5.47957897186, 3.36153197289, 1.81679928303, 0.885563969612, 0.413396060467, 0.157886624336, 0.0477041266859, 0.0200851298869, 0.000600246130489, 5.39739339729e-005],
        "var": [0.000319385784678, 0.592848181725, 74.6313247681, 166.294616699, 908.919067383, 862.634887695, 210.384613037, 167.18522644, 147.595855713, 321.642303467, 293.9140625, 494.48059082, 259.974884033, 89.7116546631, 127.363716125, 47.1706771851, 130.001174927, 3507.09082031, 184.968109131, 483.776428223, 924.116943359, 2459.66772461, 1041.75634766, 3572.00976563, 2615.13793945, 845.321228027, 343.737945557, 199.052810669, 142.719314575, 57.9530830383, 34.8073577881, 21.5009613037, 7.13288784027, 1.64249265194, 0.394551724195, 0.080365717411, 0.00820742081851, 0.000161449293955, 1.134244485e-007, 3.84755921568e-010]
    },
    "gfcc": {
        "mean": [35.1161842346, 69.5516891479, -103.466339111, 60.564125061, -47.8013954163, -2.47477722168, -41.3888549805, -1.04670584202, -34.3840789795, -10.8114976883, -24.5340042114, -2.76490807533, -19.7687740326],
        "cov": [[1899.48962402, -413.457458496, -218.806854248, 169.707305908, -293.936767578, 97.9863815308, -127.83568573, 175.953948975, -87.7810211182, 33.5433197021, -77.8688735962, -14.0488033295, -5.90436983109], [-413.457458496, 477.775787354, 110.797302246, -121.951248169, 158.795333862, -100.899124146, 93.1145782471, -108.893531799, 77.8424606323, -33.7432441711, 57.027469635, 29.2940578461, 5.67835664749], [-218.806854248, 110.797302246, 229.579940796, -16.0224304199, 71.0612411499, -1.84173452854, 9.92035388947, -18.0119972229, 6.96970701218, -3.15942287445, 14.1521463394, 9.57810783386, -17.2016639709], [169.707305908, -121.951248169, -16.0224304199, 155.171844482, 10.468252182, 38.2964630127, -18.8034248352, 31.8524665833, -16.8782329559, -1.47491919994, 1.49964189529, -5.20331811905, -2.7966709137], [-293.936767578, 158.795333862, 71.0612411499, 10.468252182, 194.898361206, 0.800509691238, 38.2844429016, -54.8723602295, 18.0355415344, -16.5254440308, 25.6527462006, 15.4621086121, -0.40082681179], [97.9863815308, -100.899124146, -1.84173452854, 38.2964630127, 0.800509691238, 95.6629486084, 1.36358571053, 34.4070014954, -12.653924942, 17.6399250031, -9.62741088867, -10.4549570084, -0.211084723473], [-127.83568573, 93.1145782471, 9.92035388947, -18.8034248352, 38.2844429016, 1.36358571053, 98.0105056763, 6.14410495758, 27.1600475311, -16.0161991119, 10.6107540131, 1.02793443203, 0.18227481842], [175.953948975, -108.893531799, -18.0119972229, 31.8524665833, -54.8723602295, 34.4070014954, 6.14410495758, 114.999092102, 18.014591217, 19.8453979492, -10.9406280518, -11.8899860382, -9.45541954041], [-87.7810211182, 77.8424606323, 6.96970701218, -16.8782329559, 18.0355415344, -12.653924942, 27.1600475311, 18.014591217, 88.1815643311, 32.0280532837, 6.89344596863, -9.8868522644, -12.0409135818], [33.5433197021, -33.7432441711, -3.15942287445, -1.47491919994, -16.5254440308, 17.6399250031, -16.0161991119, 19.8453979492, 32.0280532837, 79.5924072266, 23.286108017, -7.02300643921, -15.9164123535], [-77.8688735962, 57.027469635, 14.1521463394, 1.49964189529, 25.6527462006, -9.62741088867, 10.6107540131, -10.9406280518, 6.89344596863, 23.286108017, 76.0163497925, 33.5444374084, -2.37017297745], [-14.0488033295, 29.2940578461, 9.57810783386, -5.20331811905, 15.4621086121, -10.4549570084, 1.02793443203, -11.8899860382, -9.8868522644, -7.02300643921, 33.5444374084, 70.6786499023, 28.4391593933], [-5.90436983109, 5.67835664749, -17.2016639709, -2.7966709137, -0.40082681179, -0.211084723473, 0.18227481842, -9.45541954041, -12.0409135818, -15.9164123535, -2.37017297745, 28.4391593933, 56.0935592651]],
        "icov": [[0.00116522994358, -0.00154664507136, 0.000995988375507, -0.00162903673481, 0.00168901390862, -0.00114157563075, 0.00112932978664, -0.00151251011994, 0.00184299179818, -0.00114527263213, 0.00196328642778, -0.00143555400427, 0.0011339954799], [-0.00154664507136, 0.0122543927282, -0.00372472195886, 0.00687121972442, -0.0061457962729, 0.00644548004493, -0.00531270960346, 0.00663389218971, -0.0100657548755, 0.00655972305685, -0.00858615431935, 0.0039421916008, -0.00374796730466], [0.000995988375507, -0.00372472195886, 0.00663438392803, -0.00160413945559, 0.000339912279742, -0.00244433782063, 0.00236863014288, -0.00272608431987, 0.00345686567016, -0.00178922340274, 0.00309366802685, -0.00289373379201, 0.00379460910335], [-0.00162903673481, 0.00687121972442, -0.00160413945559, 0.01291749347, -0.00605163769796, 0.00119493866805, -0.000507951306645, 0.00123233650811, -0.00524347275496, 0.00608057016507, -0.00763680506498, 0.00416420772672, -0.00237842975184], [0.00168901390862, -0.0061457962729, 0.000339912279742, -0.00605163769796, 0.0126139186323, -0.00583669636399, 0.00079743511742, 0.00109230482485, 0.00221015210263, -0.00120041007176, 0.00331095210277, -0.00363551219925, 0.00296904798597], [-0.00114157563075, 0.00644548004493, -0.00244433782063, 0.00119493866805, -0.00583669636399, 0.0194039214402, -0.00590446405113, -0.000662873964757, 0.000870705582201, -0.00401064241305, -0.000978477648459, 0.00357103720307, -0.00432683201507], [0.00112932978664, -0.00531270960346, 0.00236863014288, -0.000507951306645, 0.00079743511742, -0.00590446405113, 0.0177769567817, -0.00566440634429, -0.00131610664539, 0.00490381848067, -0.000938294222578, -6.5902231654e-006, 0.00140123884194], [-0.00151251011994, 0.00663389218971, -0.00272608431987, 0.00123233650811, 0.00109230482485, -0.000662873964757, -0.00566440634429, 0.0183068644255, -0.0100213987753, 0.00311642023735, -0.00357545935549, 0.00101136148442, -0.000426405662438], [0.00184299179818, -0.0100657548755, 0.00345686567016, -0.00524347275496, 0.00221015210263, 0.000870705582201, -0.00131610664539, -0.0100213987753, 0.0282714702189, -0.0165502745658, 0.0107210548595, -0.0024991966784, 0.00343836960383], [-0.00114527263213, 0.00655972305685, -0.00178922340274, 0.00608057016507, -0.00120041007176, -0.00401064241305, 0.00490381848067, 0.00311642023735, -0.0165502745658, 0.028680793941, -0.0160902570933, 0.0058854050003, 0.0003773139033], [0.00196328642778, -0.00858615431935, 0.00309366802685, -0.00763680506498, 0.00331095210277, -0.000978477648459, -0.000938294222578, -0.00357545935549, 0.0107210548595, -0.0160902570933, 0.0312524661422, -0.0169215910137, 0.00869960244745], [-0.00143555400427, 0.0039421916008, -0.00289373379201, 0.00416420772672, -0.00363551219925, 0.00357103720307, -6.5902231654e-006, 0.00101136148442, -0.0024991966784, 0.0058854050003, -0.0169215910137, 0.0288329795003, -0.0152716739103], [0.0011339954799, -0.00374796730466, 0.00379460910335, -0.00237842975184, 0.00296904798597, -0.00432683201507, 0.00140123884194, -0.000426405662438, 0.00343836960383, 0.0003773139033, 0.00869960244745, -0.0152716739103, 0.028255097568]]
    },
    "melbands": {
        "mean": [0.000345626962371, 0.00282234628685, 0.00334797985852, 0.00223698094487, 0.000757261703257, 0.000235214232816, 0.000106698324089, 0.000141483149491, 8.65315669216e-005, 6.1824102886e-005, 5.20092762599e-005, 2.18004624912e-005, 2.95113986795e-005, 2.30299156101e-005, 1.33643243316e-005, 1.85443223018e-005, 2.72157321888e-005, 1.51662952703e-005, 2.10463640542e-005, 3.18767743011e-005, 2.54395417869e-005, 3.32971794705e-005, 3.65714076906e-005, 4.12309927924e-005, 4.72800384159e-005, 2.84420857497e-005, 2.75084730674e-005, 1.83978136192e-005, 1.08790382001e-005, 9.79345168162e-006, 8.49612388265e-006, 7.15628311809e-006, 4.23707751906e-006, 3.52445681528e-006, 3.35458366862e-006, 2.47687626143e-006, 1.85376200079e-006, 1.35921982292e-006, 9.58209056989e-007, 6.69005487453e-007],
        "var": [1.06692461088e-007, 1.01955065475e-005, 6.53733468425e-006, 4.34318826592e-006, 4.75080497608e-007, 6.98267683674e-008, 2.81078538222e-008, 4.87990874376e-008, 1.99855136884e-008, 1.54155817e-008, 6.82427492293e-009, 1.71926761716e-009, 1.04168973447e-009, 7.09581171598e-010, 1.29328783793e-010, 4.19804857543e-009, 1.11926068413e-008, 4.11186112936e-010, 1.56975865639e-009, 1.0673177897e-009, 2.2143158418e-009, 3.75882391879e-009, 1.90619386942e-009, 1.38688704965e-009, 3.22918847218e-009, 1.20462784192e-009, 1.35906441656e-009, 4.34509817016e-010, 1.66805499968e-010, 2.07293349153e-010, 7.15777090377e-011, 7.901402449e-011, 1.8612373795e-011, 2.13588834119e-011, 1.46178104343e-011, 9.37877293189e-012, 8.17958808325e-012, 4.19819344219e-012, 2.43761759909e-012, 9.82962300965e-013]
    },
    "mfcc": {
        "mean": [-610.312072754, 93.811050415, 5.68472957611, 55.2752304077, 13.001294136, 6.55112600327, -0.588379979134, 4.48047637939, -7.96232175827, -6.16154956818, -7.31251859665, -8.89345264435, -9.44373607635],
        "cov": [[1552.34838867, -615.762756348, -1.97026503086, -34.9677429199, -105.445610046, -128.778961182, -22.0938091278, 17.0604248047, 32.3787193298, 61.2829093933, -57.1494941711, 24.0577030182, 27.4285068512], [-615.762756348, 650.225219727, -9.91078948975, 20.258687973, 24.0803527832, 59.28282547, -17.9501094818, -0.639325201511, -16.266658783, -52.8354530334, 42.1613922119, -3.18399357796, 4.83053159714], [-1.97026503086, -9.91078948975, 156.638641357, 0.184676915407, 10.647942543, -10.3272418976, 3.52788853645, 5.04899120331, -4.15578365326, 11.5161857605, 3.0511534214, 8.00780773163, 9.10232543945], [-34.9677429199, 20.258687973, 0.184676915407, 110.162155151, 43.7216300964, 13.4057540894, 12.0559053421, 19.660150528, -5.73490476608, -11.2732849121, 0.246925890446, 2.53511023521, 18.611158371], [-105.445610046, 24.0803527832, 10.647942543, 43.7216300964, 121.775756836, 43.1917381287, 19.8884353638, 1.64564752579, -4.23842811584, -10.6010818481, 5.72599458694, 6.96135854721, 1.57805562019], [-128.778961182, 59.28282547, -10.3272418976, 13.4057540894, 43.1917381287, 97.0914993286, 22.9562072754, -4.06987428665, -3.79306769371, -8.64592552185, 11.1288919449, -7.61797237396, -10.4982595444], [-22.0938091278, -17.9501094818, 3.52788853645, 12.0559053421, 19.8884353638, 22.9562072754, 81.6062011719, 27.2184486389, -8.28888225555, -3.92541360855, -4.31984186172, -2.66967082024, -2.52114868164], [17.0604248047, -0.639325201511, 5.04899120331, 19.660150528, 1.64564752579, -4.06987428665, 27.2184486389, 75.3086929321, 23.8924503326, -5.16320180893, -6.77027320862, -0.0794238075614, 5.06884527206], [32.3787193298, -16.266658783, -4.15578365326, -5.73490476608, -4.23842811584, -3.79306769371, -8.28888225555, 23.8924503326, 79.3016433716, 31.610244751, 5.81059980392, 3.90027499199, -8.30848503113], [61.2829093933, -52.8354530334, 11.5161857605, -11.2732849121, -10.6010818481, -8.64592552185, -3.92541360855, -5.16320180893, 31.610244751, 83.3090515137, 32.0532722473, 13.7355604172, -1.13273751736], [-57.1494941711, 42.1613922119, 3.0511534214, 0.246925890446, 5.72599458694, 11.1288919449, -4.31984186172, -6.77027320862, 5.81059980392, 32.0532722473, 70.6542663574, 29.4424285889, 2.85341477394], [24.0577030182, -3.18399357796, 8.00780773163, 2.53511023521, 6.96135854721, -7.61797237396, -2.66967082024, -0.0794238075614, 3.90027499199, 13.7355604172, 29.4424285889, 70.2320709229, 33.9016418457], [27.4285068512, 4.83053159714, 9.10232543945, 18.611158371, 1.57805562019, -10.4982595444, -2.52114868164, 5.06884527206, -8.30848503113, -1.13273751736, 2.85341477394, 33.9016418457, 79.0187911987]],
        "icov": [[0.00116537779104, 0.000999356503598, 0.000112185654871, -6.67261192575e-005, 0.000588216702454, 0.000456425565062, 0.000365155690815, -0.000313940661727, -2.5259962058e-005, -0.000250213750405, 0.000511132122483, -0.000412529916503, -0.000229847355513], [0.000999356503598, 0.0028012774419, 1.88403137145e-005, -0.00012459809659, 0.000611127004959, -0.000609478505794, 0.00106866029091, -0.000530689314473, -0.000209334917599, 0.00171521992888, -0.00170022423845, 0.000387804524507, -0.000618407852016], [0.000112185654871, 1.88403137145e-005, 0.00674511585385, 0.000500194146298, -0.00112198025454, 0.00102693506051, 1.04953178379e-005, -0.000950116431341, 0.00119035912212, -0.00159099732991, 0.000383266597055, -0.000272547011264, -0.000509314588271], [-6.67261192575e-005, -0.00012459809659, 0.000500194146298, 0.0119455689564, -0.00435563921928, 5.09335404786e-005, 0.000428101920988, -0.00345030683093, 0.00129143486265, 0.000278488121694, -0.000805815216154, 0.00166615750641, -0.00305757694878], [0.000588216702454, 0.000611127004959, -0.00112198025454, -0.00435563921928, 0.0121311517432, -0.00418488960713, -0.00133351481054, 0.00142664916348, -0.000931982009206, 0.00127591472119, 0.00035971737816, -0.00238221208565, 0.000910611299332], [0.000456425565062, -0.000609478505794, 0.00102693506051, 5.09335404786e-005, -0.00418488960713, 0.0149683235213, -0.00419968739152, 0.00245210225694, -0.00132517702878, 0.00133614102378, -0.00284366565756, 0.00233719358221, 0.000509249977767], [0.000365155690815, 0.00106866029091, 1.04953178379e-005, 0.000428101920988, -0.00133351481054, -0.00419968739152, 0.0173049941659, -0.00832803267986, 0.00506424764171, -0.0022194404155, 0.00155296025332, -0.00076554925181, 0.00103393592872], [-0.000313940661727, -0.000530689314473, -0.000950116431341, -0.00345030683093, 0.00142664916348, 0.00245210225694, -0.00832803267986, 0.0206524506211, -0.00905224028975, 0.00432633282617, -0.000330194627168, 0.000602044456173, -0.00136587524321], [-2.5259962058e-005, -0.000209334917599, 0.00119035912212, 0.00129143486265, -0.000931982009206, -0.00132517702878, 0.00506424764171, -0.00905224028975, 0.0195952821523, -0.00886646937579, 0.00290443003178, -0.00200059474446, 0.00285178143531], [-0.000250213750405, 0.00171521992888, -0.00159099732991, 0.000278488121694, 0.00127591472119, 0.00133614102378, -0.0022194404155, 0.00432633282617, -0.00886646937579, 0.0212042704225, -0.0107109770179, 0.00160504505038, -0.00102676672395], [0.000511132122483, -0.00170022423845, 0.000383266597055, -0.000805815216154, 0.00035971737816, -0.00284366565756, 0.00155296025332, -0.000330194627168, 0.00290443003178, -0.0107109770179, 0.0250652898103, -0.0109042888507, 0.00368292140774], [-0.000412529916503, 0.000387804524507, -0.000272547011264, 0.00166615750641, -0.00238221208565, 0.00233719358221, -0.00076554925181, 0.000602044456173, -0.00200059474446, 0.00160504505038, -0.0109042888507, 0.0240540895611, -0.0100600756705], [-0.000229847355513, -0.000618407852016, -0.000509314588271, -0.00305757694878, 0.000910611299332, 0.000509249977767, 0.00103393592872, -0.00136587524321, 0.00285178143531, -0.00102676672395, 0.00368292140774, -0.0100600756705, 0.0181899406016]]
    },
    "spectral_contrast_coeffs": {
        "mean": [-0.533331215382, -0.688594460487, -0.747534513474, -0.755007922649, -0.724429011345, -0.718454360962],
        "var": [0.00521698500961, 0.00381087418646, 0.0027349581942, 0.00188368931413, 0.00262711197138, 0.0015243224334]
    },
    "spectral_contrast_valleys": {
        "mean": [-6.99948692322, -7.2608962059, -7.84215021133, -7.85098171234, -7.26252031326, -9.91150856018],
        "var": [0.453411638737, 0.441581219435, 0.370685249567, 0.35650831461, 0.480011582375, 0.596461236477]
    }
},
"metadata": {
    "audio_properties": {
        "analysis_sample_rate": 44100,
        "bit_rate": 128074,
        "equal_loudness": 0,
        "length": 45.0612258911,
        "lossless": 0,
        "replay_gain": -4.80060958862,
        "sample_rate": 44100,
        "codec": "mp3",
        "downmix": "mix",
        "md5_encoded": "2ab1196f00d162a86e5b6efb8d13b822"
    },
    "tags": {
        "file_name": "1460.mp3"
    },
    "version": {
        "essentia": "2.1-beta2",
        "essentia_git_sha": "v2.1_beta2",
        "extractor": "music 1.0"
    }
},
"rhythm": {
    "beats_count": 73,
    "beats_loudness": {
        "mean": 0.045260835439,
        "var": 0.000254040351138
    },
    "bpm": 98.5927352905,
    "bpm_histogram_first_peak_bpm": {
        "mean": 99,
        "var": 0
    },
    "bpm_histogram_first_peak_spread": {
        "mean": 0.441176444292,
        "var": 0
    },
    "bpm_histogram_first_peak_weight": {
        "mean": 0.527777791023,
        "var": 0
    },
    "bpm_histogram_second_peak_bpm": {
        "mean": 94,
        "var": 0
    },
    "bpm_histogram_second_peak_spread": {
        "mean": 0,
        "var": 0
    },
    "bpm_histogram_second_peak_weight": {
        "mean": 0.0555555559695,
        "var": 0
    },
    "danceability": 1.30271756649,
    "onset_rate": 2.46220493317,
    "beats_loudness_band_ratio": {
        "mean": [0.594778478146, 0.288397729397, 0.046931438148, 0.0239629596472, 0.0660161450505, 0.0734438970685],
        "var": [0.0344276875257, 0.0293673984706, 0.00189570139628, 0.000311879470246, 0.00196824432351, 0.00275271572173]
    },
    "beats_position": [0.592108845711, 1.18421769142, 1.77632653713, 2.38004541397, 2.97215414047, 3.5758728981, 4.15637159348, 4.73687076569, 5.32897949219, 5.92108821869, 6.51319694519, 7.10530614853, 7.69741487503, 8.28952407837, 8.88163280487, 9.47374153137, 10.077460289, 10.6811790466, 11.2732877731, 11.8653964996, 12.4807252884, 13.0960540771, 13.6997728348, 14.3034915924, 14.90721035, 15.5109291077, 16.114648819, 16.7183666229, 17.3220863342, 17.9490242004, 18.5643539429, 19.1912918091, 19.8182315826, 20.4335594177, 21.037279129, 21.6526069641, 22.2679367065, 22.8832645416, 23.4985942841, 24.102312088, 24.7060317993, 25.3097496033, 25.9134693146, 26.5171871185, 27.132516861, 27.747844696, 28.3747844696, 28.9901123047, 29.6054420471, 30.2323799133, 30.870929718, 31.5094776154, 32.1364173889, 32.7633552551, 33.3902931213, 34.0172348022, 34.6441726685, 35.2711105347, 35.8980484009, 36.5249862671, 37.1403160095, 37.755645752, 38.3825836182, 38.9863014221, 39.5900230408, 40.2053489685, 40.8090705872, 41.4127883911, 42.0281181335, 42.6550559998, 43.2936058044, 43.9321517944, 44.5474815369]
},
"tonal": {
    "chords_changes_rate": 0.0236625522375,
    "chords_number_rate": 0.00514403311536,
    "chords_strength": {
        "mean": 0.615771830082,
        "var": 0.0129367168993
    },
    "hpcp_entropy": {
        "mean": 2.09090399742,
        "var": 0.50174343586
    },
    "key_strength": 0.8852404356,
    "tuning_diatonic_strength": 0.690892338753,
    "tuning_equal_tempered_deviation": 0.059678401798,
    "tuning_frequency": 443.572570801,
    "tuning_nontempered_energy_ratio": 0.722294807434,
    "hpcp": {
        "mean": [0.244693443179, 0.16893337667, 0.0967727154493, 0.117050267756, 0.0825387015939, 0.0365672186017, 0.0473123788834, 0.0772853046656, 0.268399834633, 0.458884388208, 0.284780919552, 0.0520941391587, 0.0165959820151, 0.0193624608219, 0.0366161353886, 0.0609891489148, 0.049659717828, 0.0241500455886, 0.017756652087, 0.0294791441411, 0.124538138509, 0.196298241615, 0.14813297987, 0.228449687362, 0.304044514894, 0.159696772695, 0.0519453138113, 0.0443970672786, 0.0593097172678, 0.171593874693, 0.280103951693, 0.19911018014, 0.0850636512041, 0.0670225173235, 0.0894588977098, 0.176359981298],
        "var": [0.117947556078, 0.0653511658311, 0.0207911133766, 0.0613445155323, 0.0351076386869, 0.00419593555853, 0.00626262370497, 0.0155302211642, 0.0725578591228, 0.143402293324, 0.0676346719265, 0.00550539139658, 0.0017928929301, 0.00231850356795, 0.00797070842236, 0.0157747901976, 0.0113729918376, 0.00206087809056, 0.00171380373649, 0.00508736912161, 0.0488384403288, 0.0938358157873, 0.041656602174, 0.0752956494689, 0.126052871346, 0.0465532280505, 0.0117420200258, 0.0113740405068, 0.0154521875083, 0.070910140872, 0.122945047915, 0.0709105953574, 0.0297157801688, 0.0262077711523, 0.0317688137293, 0.0804869681597]
    },
    "chords_histogram": [38.8888893127, 0, 43.0041160583, 0, 0, 0, 0, 0, 0, 0, 0, 0, 0, 0, 0, 0, 0, 6.17283964157, 0, 0.102880656719, 0, 0, 7.40740728378, 4.42386817932],
    "thpcp": [1, 0.620594024658, 0.113523453474, 0.036165934056, 0.0421946384013, 0.0797938108444, 0.132907435298, 0.108218364418, 0.0526277348399, 0.0386952646077, 0.0642408952117, 0.2713932693, 0.427772760391, 0.322811126709, 0.497837126255, 0.662573218346, 0.348010897636, 0.113199129701, 0.0967500060797, 0.129247620702, 0.373937040567, 0.610401988029, 0.433900535107, 0.18537054956, 0.146055340767, 0.194948658347, 0.384323328733, 0.533235490322, 0.36813929677, 0.210886925459, 0.255075722933, 0.179868191481, 0.0796872153878, 0.103103049099, 0.168419986963, 0.584896445274],
    "chords_key": "C",
    "chords_scale": "major",
    "key_key": "F",
    "key_scale": "major"
}
}