{
"lowlevel": {
    "average_loudness": 0.95799946785,
    "barkbands_crest": {
        "mean": 10.3659181595,
        "var": 12.2722320557
    },
    "barkbands_flatness_db": {
        "mean": 0.141372069716,
        "var": 0.00148311839439
    },
    "barkbands_kurtosis": {
        "mean": 4.60495376587,
        "var": 23.2821426392
    },
    "barkbands_skewness": {
        "mean": 2.01402163506,
        "var": 0.614115297794
    },
    "barkbands_spread": {
        "mean": 17.6502532959,
        "var": 75.6242980957
    },
    "dissonance": {
        "mean": 0.472444504499,
        "var": 0.000234024933889
    },
    "dynamic_complexity": 1.85066390038,
    "erbbands_crest": {
        "mean": 6.72620010376,
        "var": 6.66646623611
    },
    "erbbands_flatness_db": {
        "mean": 0.147867202759,
        "var": 0.000825327238999
    },
    "erbbands_kurtosis": {
        "mean": -0.730749547482,
        "var": 0.302413195372
    },
    "erbbands_skewness": {
        "mean": 0.0712689235806,
        "var": 0.219466894865
    },
    "erbbands_spread": {
        "mean": 44.2801856995,
        "var": 97.8981628418
    },
    "hfc": {
        "mean": 16.2749919891,
        "var": 140.29675293
    },
    "melbands_crest": {
        "mean": 14.7597064972,
        "var": 18.9694671631
    },
    "melbands_flatness_db": {
        "mean": 0.2217926085,
        "var": 0.00219700601883
    },
    "melbands_kurtosis": {
        "mean": 15.2727336884,
        "var": 137.1925354
    },
    "melbands_skewness": {
        "mean": 3.30096101761,
        "var": 1.10206246376
    },
    "melbands_spread": {
        "mean": 15.604010582,
        "var": 93.503326416
    },
    "pitch_salience": {
        "mean": 0.575130462646,
        "var": 0.00874464213848
    },
    "silence_rate_20dB": {
        "mean": 1,
        "var": 0
    },
    "silence_rate_30dB": {
        "mean": 0.99794024229,
        "var": 0.00205551274121
    },
    "silence_rate_60dB": {
        "mean": 0.00154479919001,
        "var": 0.00154241069686
    },
    "spectral_centroid": {
        "mean": 1046.85375977,
        "var": 184539.46875
    },
    "spectral_complexity": {
        "mean": 22.3166847229,
        "var": 32.4234390259
    },
    "spectral_decrease": {
        "mean": -8.18992962337e-009,
        "var": 2.45710791498e-017
    },
    "spectral_energy": {
        "mean": 0.0323868580163,
        "var": 0.000372864014935
    },
    "spectral_energyband_high": {
        "mean": 0.000378752622055,
        "var": 1.01510920558e-006
    },
    "spectral_energyband_low": {
        "mean": 0.0121307764202,
        "var": 0.000157281028805
    },
    "spectral_energyband_middle_high": {
        "mean": 0.00410429295152,
        "var": 6.20949049335e-006
    },
    "spectral_energyband_middle_low": {
        "mean": 0.0173635948449,
        "var": 0.000189470592886
    },
    "spectral_entropy": {
        "mean": 7.35186338425,
        "var": 0.0904002562165
    },
    "spectral_flux": {
        "mean": 0.0737184882164,
        "var": 0.001695941668
    },
    "spectral_kurtosis": {
        "mean": 6.0822634697,
        "var": 6.48331737518
    },
    "spectral_rms": {
        "mean": 0.00540649471804,
        "var": 2.36674850385e-006
    },
    "spectral_rolloff": {
        "mean": 921.845458984,
        "var": 921444.9375
    },
    "spectral_skewness": {
        "mean": 1.77864289284,
        "var": 0.119468055665
    },
    "spectral_spread": {
        "mean": 3917431.5,
        "var": 2.05071528755e+012
    },
    "spectral_strongpeak": {
        "mean": 0.658518493176,
        "var": 0.225210294127
    },
    "zerocrossingrate": {
        "mean": 0.0440760590136,
        "var": 0.000552465440705
    },
    "barkbands": {
        "mean": [9.82310448308e-005, 0.00468198955059, 0.00603053625673, 0.00255981273949, 0.00911689829081, 0.00265911850147, 0.00115487677976, 0.00104334380012, 0.000420126802055, 0.000705249374732, 0.000467844947707, 0.000305431778543, 0.000222311311518, 0.000513288483489, 0.000435718597146, 0.000508787634317, 0.00026628098567, 0.000404386519222, 0.000297279271763, 0.000197463945369, 6.1745486164e-005, 4.15800132032e-005, 5.57616913284e-005, 4.59863804281e-005, 6.1328530137e-005, 2.95249665214e-005, 1.99072496798e-006],
        "var": [1.89810577922e-007, 7.3820061516e-005, 3.14425342367e-005, 2.01329767151e-005, 6.99100128259e-005, 1.24652260638e-005, 4.55487861473e-006, 3.35849449584e-006, 5.0182046607e-007, 7.04585715994e-007, 2.35026632822e-007, 8.98137386685e-008, 8.35070679273e-008, 4.27675928449e-007, 2.0842166748e-007, 1.87220067005e-007, 7.75726718416e-008, 1.94600687564e-007, 1.77132704948e-007, 9.22749592291e-008, 2.52531950906e-008, 2.4063975701e-008, 4.27996909025e-008, 2.14496012063e-008, 6.24344309585e-008, 7.2337589252e-009, 5.8023454097e-011]
    },
    "erbbands": {
        "mean": [0.0631599128246, 1.34893143177, 6.57748317719, 8.15807151794, 18.8846931458, 31.9657516479, 35.8280906677, 12.6479024887, 16.6672973633, 15.1544923782, 25.9151802063, 12.3174180984, 21.6211528778, 15.7225313187, 18.0638122559, 14.9214029312, 11.7286148071, 26.7363243103, 25.0985736847, 28.1646003723, 18.5704498291, 14.351360321, 18.5640068054, 19.1250648499, 13.5258951187, 10.4803657532, 3.14825034142, 2.30292963982, 1.49478030205, 1.6853774786, 1.50110828876, 1.06828737259, 0.766577541828, 0.794920563698, 0.358962357044, 0.126006662846, 0.0555272512138, 0.0109174400568, 0.000268440373475, 4.45073528681e-005],
        "var": [0.0233339034021, 5.18743944168, 43.820438385, 88.0801315308, 440.105041504, 1258.64807129, 2376.37548828, 143.750686646, 824.869506836, 760.09552002, 2430.80688477, 336.645721436, 661.492126465, 371.839111328, 287.591522217, 212.623245239, 146.777877808, 1402.81652832, 621.249694824, 529.095275879, 253.46762085, 200.583374023, 409.642242432, 423.833648682, 421.791931152, 229.778671265, 35.5461158752, 41.6660842896, 27.9066467285, 33.4252357483, 35.0599403381, 13.8598060608, 6.19881868362, 12.2116975784, 1.85041832924, 0.206330239773, 0.0237984545529, 0.00121458887588, 7.49537889533e-007, 1.23266330476e-009]
    },
    "gfcc": {
        "mean": [12.1211652756, 114.344490051, -115.040710449, 32.5806236267, -42.3081092834, 6.04419612885, -47.2279853821, 6.67472219467, -32.0636253357, -5.80179071426, -16.5984401703, -6.55596160889, -12.0663328171],
        "cov": [[2423.99536133, -722.378234863, 237.694549561, -23.272857666, -236.311218262, 45.7064247131, -180.108779907, 136.779983521, -169.380203247, 115.468193054, -155.988815308, 60.970741272, -135.986846924], [-722.378234863, 848.257202148, -274.056213379, 52.0705337524, 194.832427979, -78.1421737671, 119.598945618, -78.9914779663, 116.236656189, -130.999908447, 150.874435425, -92.0096130371, 90.4269332886], [237.694549561, -274.056213379, 302.605224609, -6.83535385132, -12.898724556, 48.0556106567, -33.3902549744, 42.6916618347, -23.753988266, 77.5953063965, -59.524559021, 51.9875640869, -34.2262382507], [-23.272857666, 52.0705337524, -6.83535385132, 152.37399292, 21.4844722748, 20.3260612488, 60.7852058411, -12.8766593933, 30.4585838318, -5.07784223557, 33.1624183655, -5.31890964508, 17.6515541077], [-236.311218262, 194.832427979, -12.898724556, 21.4844722748, 206.918319702, 1.87134444714, 61.193687439, 12.0200624466, 43.3091583252, -12.8656864166, 17.3164577484, 9.97189044952, 16.4744663239], [45.7064247131, -78.1421737671, 48.0556106567, 20.3260612488, 1.87134444714, 118.465072632, 18.6973323822, 7.26748037338, 19.5475120544, 13.7976007462, -18.359670639, 12.8852005005, 7.56574106216], [-180.108779907, 119.598945618, -33.3902549744, 60.7852058411, 61.193687439, 18.6973323822, 156.788635254, 6.8186507225, 32.2722969055, -11.7785110474, 34.3172683716, 6.42611122131, 10.4747495651], [136.779983521, -78.9914779663, 42.6916618347, -12.8766593933, 12.0200624466, 7.26748037338, 6.8186507225, 94.9732818604, -2.95813417435, 34.3011512756, -5.19591188431, 3.03464913368, -16.5988483429], [-169.380203247, 116.236656189, -23.753988266, 30.4585838318, 43.3091583252, 19.5475120544, 32.2722969055, -2.95813417435, 89.1033401489, -6.42681884766, 12.7729139328, -7.1573138237, 11.3250465393], [115.468193054, -130.999908447, 77.5953063965, -5.07784223557, -12.8656864166, 13.7976007462, -11.7785110474, 34.3011512756, -6.42681884766, 78.1786804199, -6.30400133133, 21.9194355011, -12.9781160355], [-155.988815308, 150.874435425, -59.524559021, 33.1624183655, 17.3164577484, -18.359670639, 34.3172683716, -5.19591188431, 12.7729139328, -6.30400133133, 85.2854156494, -11.6450214386, 19.044303894], [60.970741272, -92.0096130371, 51.9875640869, -5.31890964508, 9.97189044952, 12.8852005005, 6.42611122131, 3.03464913368, -7.1573138237, 21.9194355011, -11.6450214386, 61.8983306885, -0.640749871731], [-135.986846924, 90.4269332886, -34.2262382507, 17.6515541077, 16.4744663239, 7.56574106216, 10.4747495651, -16.5988483429, 11.3250465393, -12.9781160355, 19.044303894, -0.640749871731, 53.6952323914]],
        "icov": [[0.000790409278125, -0.000474395958008, 0.000207163378946, -0.00100623560138, 0.000791494268924, -0.000528054253664, 0.000831409241073, -0.00125742238015, 0.00137442152482, -0.000509877572767, 0.00136707804631, -0.00117288215552, 0.0016322004376], [-0.000474395958008, 0.00738367345184, 4.37207527284e-005, 0.00315130571835, -0.00492835510522, 0.00332891545258, -0.00243960600346, 0.00381663744338, -0.00590947968885, 0.00545933702961, -0.0084673743695, 0.0075694443658, -0.00628601107746], [0.000207163378946, 4.37207527284e-005, 0.006118751131, -0.00139852508437, -0.000354563817382, -0.00152279972099, 0.00117836147547, -0.000974354625214, 0.00125470675994, -0.00403456669301, 0.00292608956806, -0.00295074633323, 0.00229043397121], [-0.00100623560138, 0.00315130571835, -0.00139852508437, 0.0111538115889, -0.00224829930812, 0.00086879596347, -0.00466971844435, 0.0042433203198, -0.00517009897158, 0.00237486604601, -0.00704950746149, 0.005445741117, -0.0053937016055], [0.000791494268924, -0.00492835510522, -0.000354563817382, -0.00224829930812, 0.00982534885406, -0.00155402801465, 0.000202160023036, -0.00453270180151, 0.00194704264868, -0.0021583782509, 0.00593772204593, -0.00691664544865, 0.00346028036438], [-0.000528054253664, 0.00332891545258, -0.00152279972099, 0.00086879596347, -0.00155402801465, 0.0122475773096, -0.00289951288141, 0.00169440126047, -0.00551303941756, 0.00185088196304, -0.00124047673307, 0.00314964633435, -0.00627154810354], [0.000831409241073, -0.00243960600346, 0.00117836147547, -0.00466971844435, 0.000202160023036, -0.00289951288141, 0.0109554724768, -0.00374313350767, 0.00190163601656, -0.000365802727174, 0.00106213917024, -0.00562206888571, 0.00461923377588], [-0.00125742238015, 0.00381663744338, -0.000974354625214, 0.0042433203198, -0.00453270180151, 0.00169440126047, -0.00374313350767, 0.0172406099737, -0.00383359077387, -0.00292649795301, -0.00566010177135, 0.00752096017823, -0.00221780221909], [0.00137442152482, -0.00590947968885, 0.00125470675994, -0.00517009897158, 0.00194704264868, -0.00551303941756, 0.00190163601656, -0.00383359077387, 0.0204063747078, -0.00554337538779, 0.00776783050969, -0.00496453605592, 0.00609747413546], [-0.000509877572767, 0.00545933702961, -0.00403456669301, 0.00237486604601, -0.0021583782509, 0.00185088196304, -0.000365802727174, -0.00292649795301, -0.00554337538779, 0.0253351312131, -0.0099385920912, 0.000835818820633, -0.00344193400815], [0.00136707804631, -0.0084673743695, 0.00292608956806, -0.00704950746149, 0.00593772204593, -0.00124047673307, 0.00106213917024, -0.00566010177135, 0.00776783050969, -0.0099385920912, 0.0278156232089, -0.00783233437687, 0.00430115731433], [-0.00117288215552, 0.0075694443658, -0.00295074633323, 0.005445741117, -0.00691664544865, 0.00314964633435, -0.00562206888571, 0.00752096017823, -0.00496453605592, 0.000835818820633, -0.00783233437687, 0.0297362525016, -0.00990708917379], [0.0016322004376, -0.00628601107746, 0.00229043397121, -0.0053937016055, 0.00346028036438, -0.00627154810354, 0.00461923377588, -0.00221780221909, 0.00609747413546, -0.00344193400815, 0.00430115731433, -0.00990708917379, 0.0310501027852]]
    },
    "melbands": {
        "mean": [0.000928264285903, 0.0029492250178, 0.00166328146588, 0.00195132719819, 0.00127321330365, 0.000335828168318, 0.000249332224485, 0.000158161303261, 0.000206024866202, 6.38172932668e-005, 0.000106436411443, 5.9468929976e-005, 7.31238469598e-005, 3.24776992784e-005, 2.86572085315e-005, 2.76109258266e-005, 5.31820660399e-005, 3.83786536986e-005, 3.23887470586e-005, 4.1430361307e-005, 1.78107420652e-005, 1.36693106469e-005, 1.6582889657e-005, 2.0267412765e-005, 1.51683916556e-005, 1.0062034562e-005, 9.41596681514e-006, 6.2270073613e-006, 1.8832471369e-006, 1.63766412697e-006, 1.17177114589e-006, 7.83114955993e-007, 8.80050833985e-007, 9.53435346673e-007, 8.74569082043e-007, 7.92487071521e-007, 5.95007747961e-007, 4.86463250127e-007, 6.21278957169e-007, 6.95386290772e-007],
        "var": [3.36803191203e-006, 1.00811403172e-005, 3.29570070789e-006, 4.59055536339e-006, 2.07893072002e-006, 1.1979336989e-007, 1.98590910827e-007, 7.06558651586e-008, 1.5334831005e-007, 1.01786898909e-008, 1.67609393031e-008, 6.69278765741e-009, 5.64679858428e-009, 9.72378066955e-010, 6.4819899448e-010, 1.97980365435e-009, 4.72655647954e-009, 1.27894606017e-009, 7.86892828675e-010, 1.27774013592e-009, 3.0446356547e-010, 1.88372401011e-010, 4.25984497676e-010, 5.73088021483e-010, 2.82428580523e-010, 3.25522386824e-010, 1.89033830256e-010, 9.37618038765e-011, 1.33339164363e-011, 2.42940407374e-011, 1.07187184475e-011, 7.76607337466e-012, 1.51132335813e-011, 1.02680329517e-011, 1.27537893441e-011, 1.02735146779e-011, 3.55613151773e-012, 2.01193835897e-012, 6.22684672921e-012, 9.85034623313e-012]
    },
    "mfcc": {
        "mean": [-632.304626465, 144.959625244, -7.84984111786, 28.937379837, 20.6047611237, -1.39524531364, 2.71724629402, 0.883300602436, -8.41914176941, 3.20388436317, -6.99405765533, -11.0550127029, -4.63935136795],
        "cov": [[1646.65368652, -547.655517578, 227.746627808, -82.7042160034, -62.5004577637, -101.127418518, -26.2651195526, -44.691619873, -13.7442913055, -24.2493171692, 8.19626808167, 19.3156299591, -12.1182546616], [-547.655517578, 659.591491699, -248.934585571, 86.7910461426, 79.8997192383, -4.87935400009, 30.2879447937, 48.5139312744, -25.0304412842, 32.7530136108, -8.73567867279, -4.48731279373, 12.7148180008], [227.746627808, -248.934585571, 265.907745361, -40.0315284729, -21.6875400543, 19.8890132904, -16.5580997467, -33.3116569519, 20.4904117584, -11.254699707, 9.68305397034, 16.8564357758, 3.6343858242], [-82.7042160034, 86.7910461426, -40.0315284729, 163.541641235, 2.65898561478, 20.9369831085, 37.9686355591, 30.3236503601, -4.58891677856, 24.8177642822, 6.73562717438, 8.85099220276, 25.7044353485], [-62.5004577637, 79.8997192383, -21.6875400543, 2.65898561478, 127.906669617, 7.8760061264, -6.8738322258, 4.00999975204, 25.7708473206, -2.80475926399, 9.91895961761, 7.69532442093, -5.88307714462], [-101.127418518, -4.87935400009, 19.8890132904, 20.9369831085, 7.8760061264, 137.868774414, 6.4502825737, 33.0141143799, 36.5393867493, -9.92254829407, 9.68694019318, 7.90877914429, -13.8712472916], [-26.2651195526, 30.2879447937, -16.5580997467, 37.9686355591, -6.8738322258, 6.4502825737, 97.2973251343, 24.8020439148, -0.881942689419, 20.8660545349, 10.5240840912, 2.64744281769, 15.5899705887], [-44.691619873, 48.5139312744, -33.3116569519, 30.3236503601, 4.00999975204, 33.0141143799, 24.8020439148, 80.843208313, 26.1553535461, 7.22624063492, 17.1270427704, 8.65936946869, -4.80224227905], [-13.7442913055, -25.0304412842, 20.4904117584, -4.58891677856, 25.7708473206, 36.5393867493, -0.881942689419, 26.1553535461, 85.9219741821, 4.61879777908, 15.043800354, 10.7052583694, -11.1496267319], [-24.2493171692, 32.7530136108, -11.254699707, 24.8177642822, -2.80475926399, -9.92254829407, 20.8660545349, 7.22624063492, 4.61879777908, 60.6198043823, 16.7453594208, 6.12055778503, 7.69758367538], [8.19626808167, -8.73567867279, 9.68305397034, 6.73562717438, 9.91895961761, 9.68694019318, 10.5240840912, 17.1270427704, 15.043800354, 16.7453594208, 60.1894035339, 20.3460445404, -8.40234184265], [19.3156299591, -4.48731279373, 16.8564357758, 8.85099220276, 7.69532442093, 7.90877914429, 2.64744281769, 8.65936946869, 10.7052583694, 6.12055778503, 20.3460445404, 50.4275245667, 8.45935440063], [-12.1182546616, 12.7148180008, 3.6343858242, 25.7044353485, -5.88307714462, -13.8712472916, 15.5899705887, -4.80224227905, -11.1496267319, 7.69758367538, -8.40234184265, 8.45935440063, 59.7026824951]],
        "icov": [[0.000928947061766, 0.000737216381822, -0.000235510393395, -4.25920115958e-005, -0.000110872111691, 0.000829763943329, -3.66755702998e-005, -0.00039265723899, 0.00028880071477, 8.00272027845e-005, 0.000124170794152, -0.000426993705332, 0.00034567178227], [0.000737216381822, 0.00333895394579, 0.00198690756224, -0.000533973332494, -0.00166827545036, 0.000371504254872, 9.23249626794e-006, -0.00106624374166, 0.00124061619863, -0.00107097870205, 0.000840885564685, -0.000642796163447, -3.95690367441e-005], [-0.000235510393395, 0.00198690756224, 0.0064866556786, 0.000452049484011, 2.01742568606e-005, -0.00141255743802, 9.38483353821e-005, 0.00225632684305, -0.000938185607083, -0.000128862055135, -0.000614195130765, -0.00147971615661, -0.00126504304353], [-4.25920115958e-005, -0.000533973332494, 0.000452049484011, 0.00824626069516, -0.000110663051601, -0.00162152131088, -0.00142819574103, -0.00183517276309, 0.00121288292576, -0.00224969722331, 3.49185102095e-005, -0.000455393776065, -0.00304910889827], [-0.000110872111691, -0.00166827545036, 2.01742568606e-005, -0.000110663051601, 0.00975207518786, 0.000175107372343, 0.00049247086281, 0.00178790895734, -0.00371327809989, 0.00179461552761, -0.00172590126749, -0.000730667554308, 0.000331852468662], [0.000829763943329, 0.000371504254872, -0.00141255743802, -0.00162152131088, 0.000175107372343, 0.0102463755757, -0.00038865339593, -0.00295034470037, -0.00277679995634, 0.00264976825565, 0.000155369241838, -0.00083466200158, 0.00241539953277], [-3.66755702998e-005, 9.23249626794e-006, 9.38483353821e-005, -0.00142819574103, 0.00049247086281, -0.00038865339593, 0.0129895796999, -0.00334952073172, 0.000932672177441, -0.00295932707377, -0.00146671070252, 0.00136049801949, -0.00294680753723], [-0.00039265723899, -0.00106624374166, 0.00225632684305, -0.00183517276309, 0.00178790895734, -0.00295034470037, -0.00334952073172, 0.019066542387, -0.00530446274206, 0.00137977919076, -0.00341835781001, -0.00115053786431, 0.00121253973339], [0.00028880071477, 0.00124061619863, -0.000938185607083, 0.00121288292576, -0.00371327809989, -0.00277679995634, 0.000932672177441, -0.00530446274206, 0.016783207655, -0.0027888759505, -0.000202032999368, -0.00139836466406, 0.00131162954494], [8.00272027845e-005, -0.00107097870205, -0.000128862055135, -0.00224969722331, 0.00179461552761, 0.00264976825565, -0.00295932707377, 0.00137977919076, -0.0027888759505, 0.0213779155165, -0.00596724357456, 0.000154245004524, -0.00124180223793], [0.000124170794152, 0.000840885564685, -0.000614195130765, 3.49185102095e-005, -0.00172590126749, 0.000155369241838, -0.00146671070252, -0.00341835781001, -0.000202032999368, -0.00596724357456, 0.0235899053514, -0.00847595743835, 0.00509511074051], [-0.000426993705332, -0.000642796163447, -0.00147971615661, -0.000455393776065, -0.000730667554308, -0.00083466200158, 0.00136049801949, -0.00115053786431, -0.00139836466406, 0.000154245004524, -0.00847595743835, 0.0254943743348, -0.00546360621229], [0.00034567178227, -3.95690367441e-005, -0.00126504304353, -0.00304910889827, 0.000331852468662, 0.00241539953277, -0.00294680753723, 0.00121253973339, 0.00131162954494, -0.00124180223793, 0.00509511074051, -0.00546360621229, 0.0215752162039]]
    },
    "spectral_contrast_coeffs": {
        "mean": [-0.573722362518, -0.735650062561, -0.763186693192, -0.747386574745, -0.739919781685, -0.788797140121],
        "var": [0.00496377283707, 0.00412238156423, 0.00192563398741, 0.001113659353, 0.00131646741647, 0.00109440693632]
    },
    "spectral_contrast_valleys": {
        "mean": [-6.87927770615, -6.46907234192, -7.2306394577, -7.56474971771, -7.74140691757, -10.4248991013],
        "var": [0.463117390871, 0.408736288548, 0.370312184095, 0.365082114935, 0.525583922863, 0.913759231567]
    }
},
"metadata": {
    "audio_properties": {
        "analysis_sample_rate": 44100,
        "bit_rate": 128074,
        "equal_loudness": 0,
        "length": 45.0612258911,
        "lossless": 0,
        "replay_gain": -5.55494689941,
        "sample_rate": 44100,
        "codec": "mp3",
        "downmix": "mix",
        "md5_encoded": "ca13887fe54376e4a096977941209b72"
    },
    "tags": {
        "file_name": "1461.mp3"
    },
    "version": {
        "essentia": "2.1-beta2",
        "essentia_git_sha": "v2.1_beta2",
        "extractor": "music 1.0"
    }
},
"rhythm": {
    "beats_count": 111,
    "beats_loudness": {
        "mean": 0.039852052927,
        "var": 0.000445199781097
    },
    "bpm": 148.565093994,
    "bpm_histogram_first_peak_bpm": {
        "mean": 148,
        "var": 0
    },
    "bpm_histogram_first_peak_spread": {
        "mean": 0.398058205843,
        "var": 0
    },
    "bpm_histogram_first_peak_weight": {
        "mean": 0.563636362553,
        "var": 0
    },
    "bpm_histogram_second_peak_bpm": {
        "mean": 157,
        "var": 0
    },
    "bpm_histogram_second_peak_spread": {
        "mean": 0,
        "var": 0
    },
    "bpm_histogram_second_peak_weight": {
        "mean": 0.0363636352122,
        "var": 0
    },
    "danceability": 1.20223283768,
    "onset_rate": 3.94840097427,
    "beats_loudness_band_ratio": {
        "mean": [0.489430457354, 0.326573967934, 0.107346177101, 0.0636990964413, 0.0681523308158, 0.0280168987811],
        "var": [0.0349461175501, 0.0267517380416, 0.00576169090346, 0.00109700660687, 0.00126112531871, 0.0010712556541]
    },
    "beats_position": [0.429569154978, 0.870748281479, 1.31192743778, 1.74149656296, 2.15945577621, 2.56580495834, 2.97215414047, 3.36689329147, 3.76163268089, 4.1679816246, 4.57433080673, 4.98067998886, 5.38702917099, 5.78176879883, 6.17650794983, 6.57124710083, 6.96598625183, 7.36072540283, 7.76707458496, 8.17342376709, 8.56816291809, 8.97451210022, 9.38086128235, 9.78721046448, 10.1935596466, 10.5882987976, 10.9830379486, 11.3893871307, 11.7957363129, 12.2136955261, 12.6200447083, 13.0031747818, 13.3979139328, 13.8042631149, 14.2106122971, 14.6285715103, 15.0349206924, 15.4412698746, 15.8360090256, 16.2307472229, 16.6254863739, 17.0202255249, 17.4149665833, 17.8213157654, 18.2276649475, 18.6456241608, 19.0519733429, 19.458322525, 19.8762817383, 20.2710208893, 20.6657600403, 21.0721092224, 21.4784584045, 21.8848075867, 22.2911567688, 22.6975059509, 23.1038551331, 23.4985942841, 23.8933334351, 24.2880725861, 24.6828117371, 25.1007709503, 25.5187301636, 25.9250793457, 26.3314285278, 26.73777771, 27.1441268921, 27.5504760742, 27.9568252563, 28.3631744385, 28.7695236206, 29.1874828339, 29.593832016, 30.0001811981, 30.3949203491, 30.8012695313, 31.2076187134, 31.6139678955, 32.0203170776, 32.4034461975, 32.8097953796, 33.2161445618, 33.6224937439, 34.0404510498, 34.4468002319, 34.8531494141, 35.2594985962, 35.6542396545, 36.0605888367, 36.4669380188, 36.8732872009, 37.2564163208, 37.6395454407, 38.0575065613, 38.4638557434, 38.8702049255, 39.2649421692, 39.6596832275, 40.0544204712, 40.4491615295, 40.8438987732, 41.2502479553, 41.6565971375, 42.0513381958, 42.4576873779, 42.8640365601, 43.2587738037, 43.6651229858, 44.071472168, 44.4778213501, 44.8841705322]
},
"tonal": {
    "chords_changes_rate": 0.0514403283596,
    "chords_number_rate": 0.00617283955216,
    "chords_strength": {
        "mean": 0.512962400913,
        "var": 0.0115594388917
    },
    "hpcp_entropy": {
        "mean": 2.045981884,
        "var": 0.418513417244
    },
    "key_strength": 0.832709550858,
    "tuning_diatonic_strength": 0.620541632175,
    "tuning_equal_tempered_deviation": 0.0878020823002,
    "tuning_frequency": 441.272583008,
    "tuning_nontempered_energy_ratio": 0.765615999699,
    "hpcp": {
        "mean": [0.303327649832, 0.194179475307, 0.0575895123184, 0.0343733169138, 0.0288499183953, 0.0826335251331, 0.180873021483, 0.153805792332, 0.187063112855, 0.305466026068, 0.198210909963, 0.0562245063484, 0.0326927043498, 0.0293661169708, 0.105834849179, 0.25676459074, 0.208324253559, 0.052026193589, 0.0156071120873, 0.020460261032, 0.0698840469122, 0.152837812901, 0.139692738652, 0.064077489078, 0.029920110479, 0.0149918105453, 0.0233854874969, 0.0395321622491, 0.0531338714063, 0.202677845955, 0.416758060455, 0.301909029484, 0.0819415524602, 0.0452697463334, 0.0603739954531, 0.186867564917],
        "var": [0.162499338388, 0.0687530860305, 0.012333474122, 0.00935850292444, 0.00901179853827, 0.022149335593, 0.0660247132182, 0.0407311469316, 0.0583594553173, 0.160737097263, 0.0735707879066, 0.0148836132139, 0.00872736889869, 0.00804489199072, 0.0232129320502, 0.0761047229171, 0.0530962869525, 0.0109733771533, 0.00216940743849, 0.00467793177813, 0.0193277299404, 0.061432171613, 0.0568919479847, 0.0237704850733, 0.00853941589594, 0.00404944410548, 0.00378738506697, 0.00622441153973, 0.0100810462609, 0.0506641231477, 0.139216139913, 0.0812018290162, 0.0236516483128, 0.0150518976152, 0.0220466498286, 0.0814031213522]
    },
    "chords_histogram": [18.3127574921, 10.0823049545, 50.2057609558, 0, 4.73251008987, 0, 0, 0, 0.308641970158, 0, 0, 0, 0, 0, 0, 0, 0, 0.617283940315, 0, 0, 0, 2.36625504494, 0, 13.3744859695],
    "thpcp": [1, 0.724422752857, 0.196616604924, 0.108623564243, 0.144865810871, 0.448383808136, 0.727826714516, 0.465928554535, 0.138184517622, 0.0824778676033, 0.0692246183753, 0.19827696681, 0.434000045061, 0.369052946568, 0.4488530159, 0.732957720757, 0.47560185194, 0.13490922749, 0.0784452855587, 0.0704632252455, 0.253947943449, 0.616099894047, 0.499868571758, 0.12483548373, 0.0374488532543, 0.0490938574076, 0.167684927583, 0.366730302572, 0.335189044476, 0.15375225246, 0.0717925205827, 0.0359724536538, 0.0561128631234, 0.0948563814163, 0.127493321896, 0.48632016778],
    "chords_key": "G",
    "chords_scale": "major",
    "key_key": "C",
    "key_scale": "major"
}
}