{
"lowlevel": {
    "average_loudness": 0.847265183926,
    "barkbands_crest": {
        "mean": 11.6192245483,
        "var": 13.0721559525
    },
    "barkbands_flatness_db": {
        "mean": 0.200167655945,
        "var": 0.00281081395224
    },
    "barkbands_kurtosis": {
        "mean": 15.7254705429,
        "var": 193.197311401
    },
    "barkbands_skewness": {
        "mean": 2.88625764847,
        "var": 1.81836080551
    },
    "barkbands_spread": {
        "mean": 8.42849636078,
        "var": 46.9072608948
    },
    "dissonance": {
        "mean": 0.440084785223,
        "var": 0.00113393797074
    },
    "dynamic_complexity": 2.96471905708,
    "erbbands_crest": {
        "mean": 9.64530849457,
        "var": 13.7725400925
    },
    "erbbands_flatness_db": {
        "mean": 0.175580084324,
        "var": 0.00149760826025
    },
    "erbbands_kurtosis": {
        "mean": 1.41056489944,
        "var": 6.14513444901
    },
    "erbbands_skewness": {
        "mean": 1.04658055305,
        "var": 0.550603687763
    },
    "erbbands_spread": {
        "mean": 35.5183982849,
        "var": 321.369262695
    },
    "hfc": {
        "mean": 11.434887886,
        "var": 122.847892761
    },
    "melbands_crest": {
        "mean": 16.0247745514,
        "var": 23.5922603607
    },
    "melbands_flatness_db": {
        "mean": 0.294787317514,
        "var": 0.00435803458095
    },
    "melbands_kurtosis": {
        "mean": 32.8303108215,
        "var": 1011.93609619
    },
    "melbands_skewness": {
        "mean": 3.96572875977,
        "var": 3.59827637672
    },
    "melbands_spread": {
        "mean": 7.96987581253,
        "var": 60.6176986694
    },
    "pitch_salience": {
        "mean": 0.546127676964,
        "var": 0.0114382756874
    },
    "silence_rate_20dB": {
        "mean": 1,
        "var": 0
    },
    "silence_rate_30dB": {
        "mean": 0.99330586195,
        "var": 0.00664932839572
    },
    "silence_rate_60dB": {
        "mean": 0.0211122557521,
        "var": 0.0206667389721
    },
    "spectral_centroid": {
        "mean": 558.334228516,
        "var": 143507.328125
    },
    "spectral_complexity": {
        "mean": 11.6920700073,
        "var": 32.4336662292
    },
    "spectral_decrease": {
        "mean": -8.46249381681e-009,
        "var": 4.23484643717e-017
    },
    "spectral_energy": {
        "mean": 0.0329765975475,
        "var": 0.000637687917333
    },
    "spectral_energyband_high": {
        "mean": 0.000170076222275,
        "var": 1.16792826077e-007
    },
    "spectral_energyband_low": {
        "mean": 0.0133549291641,
        "var": 0.000260400382103
    },
    "spectral_energyband_middle_high": {
        "mean": 0.00277741299942,
        "var": 2.76019545709e-005
    },
    "spectral_energyband_middle_low": {
        "mean": 0.0184987783432,
        "var": 0.000256855797488
    },
    "spectral_entropy": {
        "mean": 6.81789875031,
        "var": 0.230985119939
    },
    "spectral_flux": {
        "mean": 0.0747505277395,
        "var": 0.00154052348807
    },
    "spectral_kurtosis": {
        "mean": 8.50293540955,
        "var": 34.2327537537
    },
    "spectral_rms": {
        "mean": 0.00525460671633,
        "var": 4.56136922367e-006
    },
    "spectral_rolloff": {
        "mean": 508.004241943,
        "var": 428494.4375
    },
    "spectral_skewness": {
        "mean": 2.23662877083,
        "var": 0.445164263248
    },
    "spectral_spread": {
        "mean": 3991220.75,
        "var": 3.30792173568e+012
    },
    "spectral_strongpeak": {
        "mean": 0.757396757603,
        "var": 0.495132178068
    },
    "zerocrossingrate": {
        "mean": 0.0271270163357,
        "var": 0.000331625749823
    },
    "barkbands": {
        "mean": [0.000364298553905, 0.00156921031885, 0.00968552101403, 0.00435488251969, 0.00912048947066, 0.0026035590563, 0.00132708926685, 0.000362375896657, 0.000512955477461, 0.00091775727924, 0.000357656099368, 0.000249304051977, 0.000268628908088, 0.000233575541642, 0.000312962016324, 0.00014281058975, 0.000120071854326, 0.000122790006571, 0.000136128262966, 7.12953042239e-005, 3.82003236155e-005, 2.88660867227e-005, 2.88564533548e-005, 2.21345726459e-005, 1.70211660588e-005, 7.79958827479e-006, 3.61005021432e-007],
        "var": [4.21412408969e-007, 5.77945911573e-006, 0.000171869338374, 3.15168799716e-005, 0.00010870823462, 8.25297502161e-006, 4.69946462545e-006, 2.719929455e-007, 1.66076188179e-006, 4.76683908346e-006, 1.38863083521e-006, 1.74337731096e-006, 1.04462822037e-006, 8.3386987626e-007, 1.48911158249e-006, 1.47941122464e-007, 7.40343679695e-008, 9.77863621188e-008, 1.01545190034e-007, 2.70210502862e-008, 5.3628439467e-009, 3.65761065879e-009, 6.38285824195e-009, 3.30362914802e-009, 2.24986274056e-009, 4.61307686495e-010, 1.41864319771e-012]
    },
    "erbbands": {
        "mean": [0.0155064398423, 0.663112163544, 9.53757572174, 12.9947872162, 33.8893852234, 20.4036598206, 17.790145874, 20.5372562408, 26.2356929779, 8.18308258057, 8.74948406219, 9.55022144318, 22.9684562683, 26.7482891083, 15.2933607101, 10.5133190155, 11.1117591858, 12.4524946213, 16.4245681763, 11.7842588425, 8.44096469879, 6.31719732285, 6.08984470367, 7.82914876938, 5.66801834106, 3.42166471481, 1.7264701128, 1.3928989172, 1.06805944443, 0.942482769489, 0.780146658421, 0.49935528636, 0.348031133413, 0.220857143402, 0.105868175626, 0.0429433435202, 0.012493099086, 0.00186541222502, 6.30804424873e-005, 3.8473339373e-005],
        "var": [0.000293110439088, 1.01542675495, 178.026107788, 166.959030151, 2183.20166016, 417.316009521, 484.313690186, 636.075561523, 1325.66882324, 182.037277222, 158.015060425, 431.014038086, 2534.3840332, 5358.68359375, 1617.74743652, 2659.98388672, 1224.63037109, 2356.69775391, 3483.85717773, 1380.99157715, 553.51348877, 215.761230469, 186.712005615, 304.797393799, 165.029541016, 58.7424316406, 11.3523292542, 7.98637628555, 4.81200456619, 5.09539270401, 5.25617361069, 2.2628839016, 0.737785756588, 0.337988078594, 0.102670013905, 0.0160857941955, 0.0010712541407, 2.78718780464e-005, 2.07903489979e-008, 8.5596091326e-010]
    },
    "gfcc": {
        "mean": [-43.4865264893, 129.997253418, -93.1005477905, 30.6055088043, -55.2355728149, 3.29147768021, -42.8673973083, -3.24887228012, -32.9784851074, -11.6628265381, -19.6271381378, -3.47853589058, -10.1573343277],
        "cov": [[4318.21630859, -852.923400879, -613.922424316, 199.073791504, -255.617095947, 129.529022217, -146.771240234, 137.569519043, -177.331451416, 8.24621200562, -88.5841369629, -109.055786133, -135.590286255], [-852.923400879, 1052.99108887, -133.759811401, -98.8275222778, 241.065734863, -170.799423218, 187.750946045, -151.285324097, 143.79776001, -112.423088074, 119.903282166, -89.1613006592, 115.92905426], [-613.922424316, -133.759811401, 651.719970703, 45.6283035278, 28.3716945648, 104.600364685, -9.01964378357, 7.47339582443, -24.938249588, 57.7314796448, -47.6165161133, 83.003944397, -55.3796310425], [199.073791504, -98.8275222778, 45.6283035278, 207.009231567, 27.9569778442, -7.50492095947, 24.3247261047, -1.74552845955, 8.1719455719, -0.332517147064, -17.8258609772, -7.81496095657, -8.84878635406], [-255.617095947, 241.065734863, 28.3716945648, 27.9569778442, 180.751266479, -21.4631004333, 58.2129478455, -22.604259491, 37.2145614624, -21.261095047, 6.04734754562, -25.1576423645, 14.7375593185], [129.529022217, -170.799423218, 104.600364685, -7.50492095947, -21.4631004333, 165.691223145, 20.4962444305, 27.3315258026, -18.3145313263, 30.6286277771, -16.2752494812, 6.29252004623, -31.4470977783], [-146.771240234, 187.750946045, -9.01964378357, 24.3247261047, 58.2129478455, 20.4962444305, 162.046600342, -21.4430122375, 23.1508979797, -2.65939569473, 14.3512639999, -32.7047386169, 7.3604593277], [137.569519043, -151.285324097, 7.47339582443, -1.74552845955, -22.604259491, 27.3315258026, -21.4430122375, 113.397575378, 9.10760688782, 15.5903348923, -18.4568386078, 18.8827991486, -3.20869016647], [-177.331451416, 143.79776001, -24.938249588, 8.1719455719, 37.2145614624, -18.3145313263, 23.1508979797, 9.10760688782, 94.9706497192, -8.26291179657, 9.40811824799, -13.3184728622, 27.0736255646], [8.24621200562, -112.423088074, 57.7314796448, -0.332517147064, -21.261095047, 30.6286277771, -2.65939569473, 15.5903348923, -8.26291179657, 82.824005127, -0.438519567251, 12.7639770508, -26.1642417908], [-88.5841369629, 119.903282166, -47.6165161133, -17.8258609772, 6.04734754562, -16.2752494812, 14.3512639999, -18.4568386078, 9.40811824799, -0.438519567251, 91.1496887207, -8.31343746185, 2.75502991676], [-109.055786133, -89.1613006592, 83.003944397, -7.81496095657, -25.1576423645, 6.29252004623, -32.7047386169, 18.8827991486, -13.3184728622, 12.7639770508, -8.31343746185, 80.8389053345, 1.94635987282], [-135.590286255, 115.92905426, -55.3796310425, -8.84878635406, 14.7375593185, -31.4470977783, 7.3604593277, -3.20869016647, 27.0736255646, -26.1642417908, 2.75502991676, 1.94635987282, 71.5265579224]],
        "icov": [[0.000499855435919, -0.000384243729059, 0.000715246133041, -0.000946940213908, 0.00056661531562, -0.000808862503618, 0.000705843791366, -0.000730836181901, 0.00100198527798, -0.000110464519821, 0.000636550248601, 0.000344648142345, 0.00097560917493], [-0.000384243729059, 0.00823741592467, -0.00186960399151, 0.00610626861453, -0.00564523367211, 0.00589900976047, -0.00645002769306, 0.00626122578979, -0.00694608595222, 0.00467858742923, -0.00615368643776, 0.00240693986416, -0.00555814616382], [0.000715246133041, -0.00186960399151, 0.00360479974188, -0.00265775830485, 0.00071801309241, -0.00324972486123, 0.00212462060153, -0.0012917467393, 0.00226894253865, -0.00169659836683, 0.00271090259776, -0.00258109648712, 0.0034814151004], [-0.000946940213908, 0.00610626861453, -0.00265775830485, 0.0106985056773, -0.00498565472662, 0.00588895240799, -0.006125820335, 0.00507925963029, -0.00643627019599, 0.00344135146588, -0.00391784636304, 0.00163917732425, -0.00415029609576], [0.00056661531562, -0.00564523367211, 0.00071801309241, -0.00498565472662, 0.0115131074563, -0.00328625855036, 0.00260483357124, -0.00401076627895, 0.00317698251456, -0.00170559540857, 0.00437716860324, 0.000297299440717, 0.00389483384788], [-0.000808862503618, 0.00589900976047, -0.00324972486123, 0.00588895240799, -0.00328625855036, 0.0130528071895, -0.00703502865508, 0.00300651299767, -0.00484433304518, 0.00214811600745, -0.0040235593915, 0.00225263158791, -0.00289414986037], [0.000705843791366, -0.00645002769306, 0.00212462060153, -0.006125820335, 0.00260483357124, -0.00703502865508, 0.01353746932, -0.00409326050431, 0.00512217590585, -0.00422593858093, 0.00409258715808, 0.000695873401128, 0.00381167070009], [-0.000730836181901, 0.00626122578979, -0.0012917467393, 0.00507925963029, -0.00401076627895, 0.00300651299767, -0.00409326050431, 0.0158479623497, -0.00835195928812, 0.00210704444908, -0.00305469334126, -0.00101615604945, -0.00454751867801], [0.00100198527798, -0.00694608595222, 0.00226894253865, -0.00643627019599, 0.00317698251456, -0.00484433304518, 0.00512217590585, -0.00835195928812, 0.0204655770212, -0.00456503499299, 0.0043639712967, 0.00064893218223, 0.000829721684568], [-0.000110464519821, 0.00467858742923, -0.00169659836683, 0.00344135146588, -0.00170559540857, 0.00214811600745, -0.00422593858093, 0.00210704444908, -0.00456503499299, 0.0178662072867, -0.00436527421698, 0.000126229715534, 0.00157305586617], [0.000636550248601, -0.00615368643776, 0.00271090259776, -0.00391784636304, 0.00437716860324, -0.0040235593915, 0.00409258715808, -0.00305469334126, 0.0043639712967, -0.00436527421698, 0.0172361154109, -0.00200271070935, 0.00570764346048], [0.000344648142345, 0.00240693986416, -0.00258109648712, 0.00163917732425, 0.000297299440717, 0.00225263158791, 0.000695873401128, -0.00101615604945, 0.00064893218223, 0.000126229715534, -0.00200271070935, 0.0187328401953, -0.00486355787143], [0.00097560917493, -0.00555814616382, 0.0034814151004, -0.00415029609576, 0.00389483384788, -0.00289414986037, 0.00381167070009, -0.00454751867801, 0.000829721684568, 0.00157305586617, 0.00570764346048, -0.00486355787143, 0.0245235301554]]
    },
    "melbands": {
        "mean": [0.000270408490906, 0.00349708693102, 0.00295878807083, 0.00217164051719, 0.000606100889854, 0.00048068317119, 0.000374247087166, 7.47978920117e-005, 6.86494531692e-005, 6.8237328378e-005, 0.00012013988453, 0.000114711700007, 4.99619600305e-005, 3.40410042554e-005, 2.12817594729e-005, 2.68835701718e-005, 2.1721360099e-005, 2.59631651716e-005, 2.19368321268e-005, 1.07272335299e-005, 9.90672015178e-006, 6.62402953822e-006, 5.67277584196e-006, 6.03075113759e-006, 6.47392471365e-006, 4.67689233119e-006, 3.51918583874e-006, 1.91309732145e-006, 1.08587801151e-006, 9.26136749513e-007, 7.61635590152e-007, 6.33129559446e-007, 4.8806475661e-007, 5.49572064301e-007, 4.86481610551e-007, 3.42339461668e-007, 2.8302557098e-007, 2.38689835896e-007, 2.22494506374e-007, 1.77398803203e-007],
        "var": [1.17627209306e-007, 2.41711568378e-005, 9.13126677915e-006, 6.64420622343e-006, 4.98888368838e-007, 3.13429126209e-007, 2.757834352e-007, 1.60553366158e-008, 1.06906234976e-008, 2.72754707709e-008, 7.1403079005e-008, 1.03534404161e-007, 1.76630710058e-008, 2.36255850439e-008, 7.14728365381e-009, 1.23076580039e-008, 8.44150704893e-009, 9.30462462634e-009, 1.01256683038e-008, 4.9005921543e-010, 1.0454194177e-009, 3.15314385713e-010, 1.90979301817e-010, 2.13851852893e-010, 2.34927549636e-010, 1.500462532e-010, 7.23111154288e-011, 2.14932394799e-011, 5.89272684468e-012, 3.44633219532e-012, 2.94987450265e-012, 1.9137592986e-012, 1.07910989172e-012, 2.05360706738e-012, 2.11163508554e-012, 1.11369214632e-012, 7.69309149804e-013, 3.41771722685e-013, 3.80617846268e-013, 2.3619807824e-013]
    },
    "mfcc": {
        "mean": [-694.17376709, 159.624755859, 18.6043319702, 30.231426239, 8.47920799255, 3.18137478828, -0.763280212879, 1.70453715324, -5.5965051651, -9.65160083771, -11.6911640167, -7.97773218155, -3.32783341408],
        "cov": [[4204.62646484, -979.527954102, -479.856445313, -55.2612190247, -144.525466919, -128.60194397, 25.6668167114, 19.547000885, -135.641265869, 198.959136963, 72.7831420898, -312.91116333, -90.126914978], [-979.527954102, 1014.84240723, -172.723495483, 70.0335235596, 22.9477844238, 40.336101532, 16.9324741364, -2.34917378426, 38.6713485718, -45.3544883728, -4.03848361969, 64.0939254761, 0.574532806873], [-479.856445313, -172.723495483, 489.45199585, -19.8051567078, 56.6586837769, 76.3386383057, 18.0490951538, 8.53811645508, 21.9822883606, -43.2537307739, -18.1765537262, 96.0657501221, 40.329208374], [-55.2612190247, 70.0335235596, -19.8051567078, 234.717773438, 12.9796857834, 31.8264408112, -0.870437979698, 7.30082845688, 23.3536682129, -13.0125637054, -13.6958427429, 35.9835205078, 20.929271698], [-144.525466919, 22.9477844238, 56.6586837769, 12.9796857834, 140.236114502, -7.76020002365, -17.8238525391, 12.7352571487, 14.634106636, -13.6181268692, -2.8348865509, 11.5346927643, 11.0583600998], [-128.60194397, 40.336101532, 76.3386383057, 31.8264408112, -7.76020002365, 156.879043579, 47.2978744507, 5.02829360962, 14.9972085953, 6.9846906662, 11.6982030869, 31.6986503601, -10.2055530548], [25.6668167114, 16.9324741364, 18.0490951538, -0.870437979698, -17.8238525391, 47.2978744507, 108.882164001, 11.9407835007, -10.495882988, 26.552520752, 16.6119728088, 7.68887424469, -4.38808250427], [19.547000885, -2.34917378426, 8.53811645508, 7.30082845688, 12.7352571487, 5.02829360962, 11.9407835007, 77.3400192261, 29.9892902374, 1.13180565834, 5.6999707222, 3.32109570503, -4.7840218544], [-135.641265869, 38.6713485718, 21.9822883606, 23.3536682129, 14.634106636, 14.9972085953, -10.495882988, 29.9892902374, 112.709899902, 7.47814130783, -12.0847864151, 21.7709083557, -6.16749000549], [198.959136963, -45.3544883728, -43.2537307739, -13.0125637054, -13.6181268692, 6.9846906662, 26.552520752, 1.13180565834, 7.47814130783, 113.273040771, 25.3753032684, -33.8617019653, -17.872959137], [72.7831420898, -4.03848361969, -18.1765537262, -13.6958427429, -2.8348865509, 11.6982030869, 16.6119728088, 5.6999707222, -12.0847864151, 25.3753032684, 74.5629730225, 2.09755992889, -14.8905620575], [-312.91116333, 64.0939254761, 96.0657501221, 35.9835205078, 11.5346927643, 31.6986503601, 7.68887424469, 3.32109570503, 21.7709083557, -33.8617019653, 2.09755992889, 105.076660156, 31.1830463409], [-90.126914978, 0.574532806873, 40.329208374, 20.929271698, 11.0583600998, -10.2055530548, -4.38808250427, -4.7840218544, -6.16749000549, -17.872959137, -14.8905620575, 31.1830463409, 80.306060791]],
        "icov": [[0.000479986774735, 0.000492183375172, 0.000472019135486, -0.00013855182624, 0.000137609546073, -2.51340702562e-006, -0.000159136063303, -0.000249537202762, 0.000245562376222, -0.000206795870326, -0.000204777330509, 0.000643855135422, -2.37474068854e-005], [0.000492183375172, 0.00178889662493, 0.00136434321757, -0.000126334591187, -0.000341267121257, -0.000438141665654, -0.000547169533093, 3.78867407562e-005, -0.000136685950565, 0.000345620996086, -1.12950783659e-006, -0.000516300206073, 0.000117702875286], [0.000472019135486, 0.00136434321757, 0.00404752325267, 0.000843574001919, -0.00128854124341, -0.00162646465469, -0.000551384233404, -0.000222647271585, 4.35120746261e-005, 0.000398187985411, 0.00092461326858, -0.00246167299338, -0.00058588210959], [-0.00013855182624, -0.000126334591187, 0.000843574001919, 0.00508113950491, -0.000614002521615, -0.00134692015126, 0.000321821658872, -0.000257576117292, -0.000540727749467, 6.15591779933e-005, 0.00114307878539, -0.00197164947167, -0.00103712885175], [0.000137609546073, -0.000341267121257, -0.00128854124341, -0.000614002521615, 0.00823826063424, 0.000826818635687, 0.00130917667411, -0.00132830173243, -0.000408715073718, 0.000166981932125, -0.000877490034327, 0.00115612987429, -0.000678812386468], [-2.51340702562e-006, -0.000438141665654, -0.00162646465469, -0.00134692015126, 0.000826818635687, 0.00903608463705, -0.00323288165964, 0.000632840092294, -0.00081824301742, -0.000333144271281, -0.000949986279011, -0.000938649522141, 0.00211502076127], [-0.000159136063303, -0.000547169533093, -0.000551384233404, 0.000321821658872, 0.00130917667411, -0.00323288165964, 0.0124795194715, -0.00275149568915, 0.00257039768621, -0.00310380849987, -0.000488975201733, -0.00121427117847, -0.000167324978975], [-0.000249537202762, 3.78867407562e-005, -0.000222647271585, -0.000257576117292, -0.00132830173243, 0.000632840092294, -0.00275149568915, 0.0156871955842, -0.00499204685912, 0.0016446840018, -0.001920266659, 0.000699233962223, 0.000301204971038], [0.000245562376222, -0.000136685950565, 4.35120746261e-005, -0.000540727749467, -0.000408715073718, -0.00081824301742, 0.00257039768621, -0.00499204685912, 0.0123171592131, -0.00318190618418, 0.00319426273927, -0.00307736010291, 0.00221602688543], [-0.000206795870326, 0.000345620996086, 0.000398187985411, 6.15591779933e-005, 0.000166981932125, -0.000333144271281, -0.00310380849987, 0.0016446840018, -0.00318190618418, 0.012454573065, -0.0039714765735, 0.0038885648828, -0.000306335365167], [-0.000204777330509, -1.12950783659e-006, 0.00092461326858, 0.00114307878539, -0.000877490034327, -0.000949986279011, -0.000488975201733, -0.001920266659, 0.00319426273927, -0.0039714765735, 0.0170499682426, -0.00458988454193, 0.00317207584158], [0.000643855135422, -0.000516300206073, -0.00246167299338, -0.00197164947167, 0.00115612987429, -0.000938649522141, -0.00121427117847, 0.000699233962223, -0.00307736010291, 0.0038885648828, -0.00458988454193, 0.0184243191034, -0.00520298816264], [-2.37474068854e-005, 0.000117702875286, -0.00058588210959, -0.00103712885175, -0.000678812386468, 0.00211502076127, -0.000167324978975, 0.000301204971038, 0.00221602688543, -0.000306335365167, 0.00317207584158, -0.00520298816264, 0.0160709675401]]
    },
    "spectral_contrast_coeffs": {
        "mean": [-0.516924738884, -0.687800943851, -0.750271618366, -0.765716671944, -0.772891461849, -0.77706849575],
        "var": [0.00556159298867, 0.00425809761509, 0.00370851927437, 0.00319707370363, 0.00289487536065, 0.00165757304057]
    },
    "spectral_contrast_valleys": {
        "mean": [-7.44589424133, -6.95912218094, -7.75398206711, -8.55511665344, -8.63187217712, -11.0325126648],
        "var": [0.582674622536, 0.504841387272, 0.59418708086, 0.616176605225, 0.809880018234, 1.03182339668]
    }
},
"metadata": {
    "audio_properties": {
        "analysis_sample_rate": 44100,
        "bit_rate": 128074,
        "equal_loudness": 0,
        "length": 45.0612258911,
        "lossless": 0,
        "replay_gain": -5.39384841919,
        "sample_rate": 44100,
        "codec": "mp3",
        "downmix": "mix",
        "md5_encoded": "7f6131c60a23fa5bc06f441c4e67976b"
    },
    "tags": {
        "file_name": "1466.mp3"
    },
    "version": {
        "essentia": "2.1-beta2",
        "essentia_git_sha": "v2.1_beta2",
        "extractor": "music 1.0"
    }
},
"rhythm": {
    "beats_count": 81,
    "beats_loudness": {
        "mean": 0.0413847006857,
        "var": 0.000577281694859
    },
    "bpm": 109.412559509,
    "bpm_histogram_first_peak_bpm": {
        "mean": 110,
        "var": 0
    },
    "bpm_histogram_first_peak_spread": {
        "mean": 0.472222238779,
        "var": 0
    },
    "bpm_histogram_first_peak_weight": {
        "mean": 0.47499999404,
        "var": 0
    },
    "bpm_histogram_second_peak_bpm": {
        "mean": 105,
        "var": 0
    },
    "bpm_histogram_second_peak_spread": {
        "mean": 0,
        "var": 0
    },
    "bpm_histogram_second_peak_weight": {
        "mean": 0.0625,
        "var": 0
    },
    "danceability": 1.07472538948,
    "onset_rate": 4.17022132874,
    "beats_loudness_band_ratio": {
        "mean": [0.634180009365, 0.365856021643, 0.0973093509674, 0.0426260977983, 0.0295240990818, 0.00894967466593],
        "var": [0.0424621999264, 0.0273726861924, 0.00760103808716, 0.00551668088883, 0.00279395678081, 0.000150695137563]
    },
    "beats_position": [0.522448956966, 1.05650794506, 1.57895684242, 2.10140585899, 2.62385487556, 3.16952371597, 3.7151927948, 4.27247142792, 4.82975053787, 5.38702917099, 5.93269824982, 6.5015873909, 7.05886602402, 7.61614513397, 8.17342376709, 8.74231243134, 9.287981987, 9.82204055786, 10.3677091599, 10.9133787155, 11.4590473175, 11.9931058884, 12.538775444, 13.084444046, 13.6301136017, 14.1641721725, 14.7098407745, 15.2555103302, 15.8011789322, 16.3468475342, 16.8809070587, 17.426574707, 17.9722442627, 18.5179138184, 19.0635814667, 19.6092510223, 20.1665306091, 20.7354183197, 21.2926979065, 21.8499774933, 22.4072551727, 22.9529247284, 23.4985942841, 24.0442619324, 24.589931488, 25.1472110748, 25.7044887543, 26.2501583099, 26.8074378967, 27.353105545, 27.9103851318, 28.4676647186, 29.0249423981, 29.5822219849, 30.1394996643, 30.6967792511, 31.2424488068, 31.7881164551, 32.3453979492, 32.9026756287, 33.4599533081, 34.028842926, 34.5977325439, 35.1550102234, 35.7122879028, 36.2579574585, 36.8152389526, 37.3609046936, 37.8949661255, 38.4406356812, 38.9863014221, 39.520362854, 40.0660324097, 40.6000900269, 41.1457595825, 41.6914291382, 42.2370948792, 42.771156311, 43.3168258667, 43.8624954224, 44.4081611633]
},
"tonal": {
    "chords_changes_rate": 0.047325104475,
    "chords_number_rate": 0.00617283955216,
    "chords_strength": {
        "mean": 0.561764359474,
        "var": 0.00955230370164
    },
    "hpcp_entropy": {
        "mean": 2.10206484795,
        "var": 0.426920950413
    },
    "key_strength": 0.604949831963,
    "tuning_diatonic_strength": 0.611807465553,
    "tuning_equal_tempered_deviation": 0.12550573051,
    "tuning_frequency": 437.718536377,
    "tuning_nontempered_energy_ratio": 0.831248044968,
    "hpcp": {
        "mean": [0.499212235212, 0.40843257308, 0.156863182783, 0.0620511136949, 0.0347082726657, 0.0229478534311, 0.0282118134201, 0.0305905882269, 0.0651178956032, 0.152156814933, 0.125514194369, 0.0348988622427, 0.0185504127294, 0.0230980161577, 0.0663907974958, 0.198480337858, 0.206167072058, 0.0740366652608, 0.0236726421863, 0.0221727658063, 0.0558070167899, 0.107771664858, 0.0879069343209, 0.0459433570504, 0.0363614596426, 0.0348808243871, 0.0719000101089, 0.126416444778, 0.138456329703, 0.200080677867, 0.350221067667, 0.285161375999, 0.0943892747164, 0.0459785349667, 0.0879563391209, 0.272308409214],
        "var": [0.166407436132, 0.136415019631, 0.0544700585306, 0.0259407591075, 0.0136607056484, 0.00569244613871, 0.00529922312126, 0.00788684561849, 0.0163653716445, 0.0801514238119, 0.0567253343761, 0.00669485749677, 0.00432623317465, 0.00478130346164, 0.0116253038868, 0.0655453652143, 0.0772980302572, 0.0204766262323, 0.00935176201165, 0.00665593286976, 0.016881365329, 0.0385260544717, 0.0229957289994, 0.0159221347421, 0.0146405044943, 0.0125505374745, 0.0281735248864, 0.0575799904764, 0.0610425136983, 0.0741122215986, 0.150137394667, 0.116835966706, 0.0301580317318, 0.0168897993863, 0.0341551564634, 0.0932022556663]
    },
    "chords_histogram": [2.16049385071, 0, 1.13168728352, 0, 8.84773635864, 23.6625518799, 0, 7.20164632797, 0.205761313438, 56.7901229858, 0, 0, 0, 0, 0, 0, 0, 0, 0, 0, 0, 0, 0, 0],
    "thpcp": [1, 0.818154156208, 0.314221441746, 0.124298065901, 0.0695260837674, 0.0459681302309, 0.0565126650035, 0.0612777210772, 0.130441308022, 0.304793834686, 0.251424521208, 0.0699078664184, 0.0371593721211, 0.0462689287961, 0.132991120219, 0.397587090731, 0.41298481822, 0.14830699563, 0.0474199950695, 0.0444155111909, 0.111790165305, 0.215883463621, 0.176091298461, 0.0920317098498, 0.0728376805782, 0.0698717311025, 0.144026935101, 0.253231853247, 0.277349621058, 0.400792807341, 0.701547443867, 0.57122272253, 0.189076438546, 0.0921021774411, 0.176190271974, 0.545476257801],
    "chords_key": "D",
    "chords_scale": "major",
    "key_key": "G",
    "key_scale": "minor"
}
}