{
"lowlevel": {
    "average_loudness": 0.872762620449,
    "barkbands_crest": {
        "mean": 14.0970869064,
        "var": 14.8013391495
    },
    "barkbands_flatness_db": {
        "mean": 0.274346679449,
        "var": 0.0059379376471
    },
    "barkbands_kurtosis": {
        "mean": 14.6138658524,
        "var": 129.937210083
    },
    "barkbands_skewness": {
        "mean": 2.54060101509,
        "var": 1.46937179565
    },
    "barkbands_spread": {
        "mean": 4.70240879059,
        "var": 32.2668838501
    },
    "dissonance": {
        "mean": 0.393952965736,
        "var": 0.00276048667729
    },
    "dynamic_complexity": 2.99593734741,
    "erbbands_crest": {
        "mean": 13.9944753647,
        "var": 18.8742408752
    },
    "erbbands_flatness_db": {
        "mean": 0.279666185379,
        "var": 0.0051157628186
    },
    "erbbands_kurtosis": {
        "mean": 5.29167032242,
        "var": 23.7495880127
    },
    "erbbands_skewness": {
        "mean": 1.81322014332,
        "var": 0.656720578671
    },
    "erbbands_spread": {
        "mean": 15.7280817032,
        "var": 172.061035156
    },
    "hfc": {
        "mean": 10.5407381058,
        "var": 60.3160552979
    },
    "melbands_crest": {
        "mean": 17.1531410217,
        "var": 24.6527080536
    },
    "melbands_flatness_db": {
        "mean": 0.355849415064,
        "var": 0.00774345500395
    },
    "melbands_kurtosis": {
        "mean": 18.1532878876,
        "var": 255.471359253
    },
    "melbands_skewness": {
        "mean": 2.62258648872,
        "var": 1.85525012016
    },
    "melbands_spread": {
        "mean": 5.38532590866,
        "var": 35.1417541504
    },
    "pitch_salience": {
        "mean": 0.555880427361,
        "var": 0.0125051820651
    },
    "silence_rate_20dB": {
        "mean": 1,
        "var": 0
    },
    "silence_rate_30dB": {
        "mean": 0.996910393238,
        "var": 0.00308004417457
    },
    "silence_rate_60dB": {
        "mean": 0.0504634380341,
        "var": 0.0479181818664
    },
    "spectral_centroid": {
        "mean": 492.880126953,
        "var": 112040.875
    },
    "spectral_complexity": {
        "mean": 9.43872261047,
        "var": 20.3441925049
    },
    "spectral_decrease": {
        "mean": -6.79466305442e-009,
        "var": 2.30435710347e-017
    },
    "spectral_energy": {
        "mean": 0.0266006756574,
        "var": 0.000349862297298
    },
    "spectral_energyband_high": {
        "mean": 7.88407487562e-005,
        "var": 1.03294333087e-007
    },
    "spectral_energyband_low": {
        "mean": 0.00197301316075,
        "var": 4.13152702095e-005
    },
    "spectral_energyband_middle_high": {
        "mean": 0.00123198656365,
        "var": 3.75066406377e-006
    },
    "spectral_energyband_middle_low": {
        "mean": 0.0238315425813,
        "var": 0.000266083370661
    },
    "spectral_entropy": {
        "mean": 6.1662607193,
        "var": 0.498108923435
    },
    "spectral_flux": {
        "mean": 0.0496579632163,
        "var": 0.00115203543101
    },
    "spectral_kurtosis": {
        "mean": 32.5297813416,
        "var": 747.698425293
    },
    "spectral_rms": {
        "mean": 0.00475651631132,
        "var": 3.32741387865e-006
    },
    "spectral_rolloff": {
        "mean": 542.367980957,
        "var": 296909.8125
    },
    "spectral_skewness": {
        "mean": 3.96743369102,
        "var": 3.54692625999
    },
    "spectral_spread": {
        "mean": 2417675.5,
        "var": 2.5047161897e+012
    },
    "spectral_strongpeak": {
        "mean": 1.22693037987,
        "var": 0.438072443008
    },
    "zerocrossingrate": {
        "mean": 0.0246323049068,
        "var": 0.000338953948813
    },
    "barkbands": {
        "mean": [2.44876409852e-005, 0.000452092499472, 0.00100576982368, 0.000658365781419, 0.00616528606042, 0.0110425017774, 0.00414490047842, 0.000713480345439, 0.00106767402031, 0.00060488138115, 0.000116554154374, 8.84578912519e-005, 7.55336513976e-005, 0.000106718893221, 4.25182442996e-005, 7.07465151208e-005, 6.20820719632e-005, 3.81577701773e-005, 2.94177316391e-005, 2.35808820435e-005, 1.52287520905e-005, 1.37084844027e-005, 7.73807551013e-006, 1.9154871552e-005, 7.43977443562e-006, 3.59337514055e-006, 6.39958784632e-007],
        "var": [1.18823431094e-008, 8.06167190603e-006, 9.65710660239e-006, 2.41411544266e-006, 5.36744191777e-005, 0.000106614133983, 2.9223265301e-005, 3.68064206668e-006, 2.28636417887e-006, 1.79924347776e-006, 5.53609140752e-008, 3.74553543736e-008, 7.60086322771e-008, 4.22905301889e-008, 1.00367154587e-008, 3.25588942474e-008, 2.99458626785e-008, 8.14598077881e-009, 8.17984524559e-009, 6.102943928e-009, 3.06337155642e-009, 2.8666631291e-009, 7.98521526679e-010, 1.209911904e-008, 1.86307302918e-009, 2.71288741471e-010, 4.18019230342e-011]
    },
    "erbbands": {
        "mean": [0.0123686240986, 0.117335565388, 0.897104144096, 2.26250100136, 6.20792245865, 20.1372928619, 69.8803253174, 95.4758224487, 79.963684082, 12.1048440933, 18.2866783142, 27.2999095917, 18.8573970795, 12.2432765961, 5.05354690552, 3.52261185646, 3.69612622261, 3.39334917068, 5.09721422195, 3.39656424522, 3.72269368172, 2.96458482742, 2.17552518845, 1.57373273373, 1.4771078825, 1.12911808491, 0.7016954422, 0.591476023197, 0.533012807369, 0.31751909852, 0.249600946903, 0.499730914831, 0.219679936767, 0.115709722042, 0.0330411493778, 0.0130514483899, 0.00635767029598, 0.00247451639734, 8.13141159597e-005, 3.12722586386e-005],
        "var": [0.00660126889125, 0.46542686224, 8.99555397034, 26.704864502, 96.6121292114, 573.799743652, 4803.55126953, 7824.44775391, 9275.92480469, 167.745407104, 1859.06567383, 1819.71289063, 707.090087891, 956.397277832, 91.8068847656, 62.4763259888, 142.268569946, 52.9679946899, 81.9017486572, 100.887451172, 54.7841415405, 68.9164733887, 25.9519481659, 18.7287445068, 21.014383316, 13.3260326385, 6.09534597397, 5.00165224075, 4.60651493073, 1.42035758495, 0.882352054119, 7.3858423233, 3.62285447121, 0.58679574728, 0.021983768791, 0.00283449236304, 0.000893587653991, 0.000258059677435, 2.60076802761e-007, 5.89473525547e-010]
    },
    "gfcc": {
        "mean": [-104.268066406, 160.766799927, -107.554756165, -9.75054264069, -65.8469009399, -23.0620670319, -54.9478683472, -9.71977519989, -20.0578403473, -11.7381238937, -9.93260383606, -2.61530923843, -0.171935707331],
        "cov": [[5166.27539063, -2123.47241211, 155.955001831, 810.244812012, -772.697387695, 284.592041016, -231.546188354, 256.865509033, -281.268585205, 315.548309326, -274.857849121, 105.047309875, -250.026535034], [-2123.47241211, 2346.10327148, 112.75982666, -692.847351074, 622.694885254, -357.773895264, 118.824928284, -204.729873657, 316.623596191, -344.005981445, 188.436248779, -147.354248047, 221.176437378], [155.955001831, 112.75982666, 653.473876953, 119.064964294, -50.8054466248, 76.6846618652, -38.2249450684, 0.879288434982, -2.19720649719, -1.21784770489, -67.415802002, -66.6367950439, -80.7237930298], [810.244812012, -692.847351074, 119.064964294, 607.847290039, -121.700233459, 97.2750701904, 49.9946784973, 75.928062439, -107.201942444, 115.645874023, -76.135383606, 9.41074180603, -75.0907287598], [-772.697387695, 622.694885254, -50.8054466248, -121.700233459, 372.12802124, -91.141960144, 41.4330711365, -39.7021369934, 61.4002494812, -91.5748977661, 57.8006782532, -11.6845035553, 64.2578125], [284.592041016, -357.773895264, 76.6846618652, 97.2750701904, -91.141960144, 209.901519775, -1.41833543777, 41.7182159424, -50.2649536133, 57.4079246521, -39.0792503357, 8.41038799286, -62.6926345825], [-231.546188354, 118.824928284, -38.2249450684, 49.9946784973, 41.4330711365, -1.41833543777, 151.811019897, 9.63058662415, 12.5313205719, -19.2927436829, 26.512556076, -8.61438751221, 14.6415977478], [256.865509033, -204.729873657, 0.879288434982, 75.928062439, -39.7021369934, 41.7182159424, 9.63058662415, 108.5885849, -20.3118515015, 28.7679615021, -15.3493595123, 27.8735637665, -15.8510551453], [-281.268585205, 316.623596191, -2.19720649719, -107.201942444, 61.4002494812, -50.2649536133, 12.5313205719, -20.3118515015, 122.540107727, -34.6102371216, 28.6772270203, -9.75124549866, 44.596534729], [315.548309326, -344.005981445, -1.21784770489, 115.645874023, -91.5748977661, 57.4079246521, -19.2927436829, 28.7679615021, -34.6102371216, 124.834892273, -8.78451442719, 26.5410499573, -29.0812549591], [-274.857849121, 188.436248779, -67.415802002, -76.135383606, 57.8006782532, -39.0792503357, 26.512556076, -15.3493595123, 28.6772270203, -8.78451442719, 87.4915390015, 12.493844986, 30.4871253967], [105.047309875, -147.354248047, -66.6367950439, 9.41074180603, -11.6845035553, 8.41038799286, -8.61438751221, 27.8735637665, -9.75124549866, 26.5410499573, 12.493844986, 73.512298584, 10.1682806015], [-250.026535034, 221.176437378, -80.7237930298, -75.0907287598, 64.2578125, -62.6926345825, 14.6415977478, -15.8510551453, 44.596534729, -29.0812549591, 30.4871253967, 10.1682806015, 95.2600250244]],
        "icov": [[0.000417807779741, -0.000157362432219, 0.000155421628733, -0.000453942106105, 0.000669639091939, 9.38638549997e-006, 0.000614785647485, -0.000479210779304, 0.000169083359651, -0.00011015580094, 0.000530926627107, -0.00043493436533, 0.000379811506718], [-0.000157362432219, 0.00449794530869, -0.00214687827975, 0.00266501749866, -0.00389520684257, 0.00217203469947, -0.00242994143628, 0.00147842487786, -0.00334094907157, 0.00289618433453, -0.00324911507778, 0.00470703002065, -0.0029128305614], [0.000155421628733, -0.00214687827975, 0.00310736778192, -0.00179702520836, 0.00192706251983, -0.00153156777378, 0.00196316116489, -0.000814423721749, 0.000675387389492, -0.000876263657119, 0.00211374508217, -0.000783346127719, 0.00268756318837], [-0.000453942106105, 0.00266501749866, -0.00179702520836, 0.00481338845566, -0.00288141402416, 0.00162565440405, -0.00371346878819, 0.000450159423053, -0.00047172055929, -0.000692328321747, -0.000286143913399, 0.00296182185411, -0.0016635680804], [0.000669639091939, -0.00389520684257, 0.00192706251983, -0.00288141402416, 0.00789686385542, -0.00139349827077, 0.00243020243943, -0.00147350714542, 0.0025249090977, -0.00036358172656, 0.00174053304363, -0.00448750471696, 0.00192948314361], [9.38638549997e-006, 0.00217203469947, -0.00153156777378, 0.00162565440405, -0.00139349827077, 0.00819156225771, -0.00223025120795, -0.000596490630414, -0.000643056002446, -0.000712301232852, 0.000171078921994, 0.00149806414265, 0.00140866776928], [0.000614785647485, -0.00242994143628, 0.00196316116489, -0.00371346878819, 0.00243020243943, -0.00223025120795, 0.0107394745573, -0.0025510021951, 0.000899020291399, 0.000847194809467, -0.00136666861363, -0.000742545875255, 0.00116404355504], [-0.000479210779304, 0.00147842487786, -0.000814423721749, 0.000450159423053, -0.00147350714542, -0.000596490630414, -0.0025510021951, 0.0129148010164, -0.00141539052129, 0.000740992662031, 9.39177152759e-006, -0.00287070591003, -0.000690968241543], [0.000169083359651, -0.00334094907157, 0.000675387389492, -0.00047172055929, 0.0025249090977, -0.000643056002446, 0.000899020291399, -0.00141539052129, 0.0143769066781, -0.00239944295026, 0.00135217560455, -0.00236442685127, -0.00174225051887], [-0.00011015580094, 0.00289618433453, -0.000876263657119, -0.000692328321747, -0.00036358172656, -0.000712301232852, 0.000847194809467, 0.000740992662031, -0.00239944295026, 0.0156212616712, -0.00541516952217, 0.000189479105757, -0.000927200948354], [0.000530926627107, -0.00324911507778, 0.00211374508217, -0.000286143913399, 0.00174053304363, 0.000171078921994, -0.00136666861363, 9.39177152759e-006, 0.00135217560455, -0.00541516952217, 0.0202330369502, -0.00675270939246, 0.00161234359257], [-0.00043493436533, 0.00470703002065, -0.000783346127719, 0.00296182185411, -0.00448750471696, 0.00149806414265, -0.000742545875255, -0.00287070591003, -0.00236442685127, 0.000189479105757, -0.00675270939246, 0.0242852270603, -0.006016460713], [0.000379811506718, -0.0029128305614, 0.00268756318837, -0.0016635680804, 0.00192948314361, 0.00140866776928, 0.00116404355504, -0.000690968241543, -0.00174225051887, -0.000927200948354, 0.00161234359257, -0.006016460713, 0.0192140657455]]
    },
    "melbands": {
        "mean": [0.000115731883852, 0.000364403269487, 0.000389266788261, 0.000948828645051, 0.00221175118349, 0.00219203601591, 0.00101682986133, 0.000101570949482, 0.000155879330123, 0.000158803639351, 9.63057173067e-005, 5.94977500441e-005, 1.84709006135e-005, 8.0538166003e-006, 1.11172048491e-005, 6.59358556732e-006, 6.63132550471e-006, 1.00668930827e-005, 3.40524684361e-006, 4.86520457343e-006, 4.54752580481e-006, 3.32253284796e-006, 2.09846439247e-006, 1.9590681859e-006, 1.16771559533e-006, 1.08778635877e-006, 9.6490020951e-007, 7.04865840362e-007, 4.66956777245e-007, 3.78288234515e-007, 3.18699477475e-007, 3.14702248261e-007, 2.34104589936e-007, 1.54134440322e-007, 1.34516710659e-007, 1.9116028227e-007, 3.46557982311e-007, 1.15099261677e-007, 1.53842378836e-007, 7.5420338419e-008],
        "var": [5.5033336821e-007, 1.81530094778e-006, 6.66226071644e-007, 1.84936084224e-006, 4.77748471894e-006, 4.09800577472e-006, 1.49895208779e-006, 4.23835366803e-008, 9.86820438698e-008, 5.65700055688e-008, 2.27025989119e-008, 2.24524381309e-008, 1.30680655186e-009, 4.06723793533e-010, 1.39219902273e-009, 4.3277176287e-010, 1.83912024498e-010, 3.58766849562e-010, 6.66247820802e-011, 2.33785102388e-010, 8.99679497568e-011, 9.47457667877e-011, 3.54080272047e-011, 1.7787864931e-011, 1.19701835249e-011, 1.24755787298e-011, 1.01861071661e-011, 5.42621503286e-012, 2.77641321392e-012, 2.04202193349e-012, 1.53692488424e-012, 1.6744992979e-012, 8.22343007491e-013, 3.36836217555e-013, 2.54418393904e-013, 9.47365016296e-013, 3.86915759848e-012, 1.1793102302e-012, 1.61553864904e-012, 2.08713227907e-013]
    },
    "mfcc": {
        "mean": [-754.193237305, 197.7837677, 6.85562944412, 7.42404651642, -0.328333050013, -19.1634693146, -23.258398056, -11.9620609283, -13.6880760193, -10.6242961884, -10.522187233, -11.9744548798, -8.26323413849],
        "cov": [[4405.93310547, -2088.91723633, 83.7718582153, 513.451843262, -353.530609131, 47.954498291, 23.5707263947, -62.5901298523, 21.3394412994, 80.5990905762, -77.9973526001, 92.2616653442, -7.11395263672], [-2088.91723633, 2321.6340332, -7.66188669205, -368.707946777, 336.120117188, -144.630157471, -152.944396973, 54.3302688599, 22.1736602783, -110.649436951, 19.3275909424, -85.2027053833, 41.2385673523], [83.7718582153, -7.66188669205, 504.77444458, 106.032066345, 10.5472831726, 70.0586700439, 7.21665239334, -2.43265771866, 30.9267196655, 28.2469673157, 28.4637355804, 25.5770721436, -11.3797025681], [513.451843262, -368.707946777, 106.032066345, 396.201782227, -16.4578475952, 38.7939109802, 64.7725067139, -12.1068658829, 20.2863483429, 50.4808540344, -19.4305381775, 31.2903690338, -1.46603393555], [-353.530609131, 336.120117188, 10.5472831726, -16.4578475952, 226.540405273, 2.72844672203, -4.1329627037, 23.1599464417, 18.4189434052, -31.1867427826, 4.21097660065, -7.79317998886, 14.1318531036], [47.954498291, -144.630157471, 70.0586700439, 38.7939109802, 2.72844672203, 127.6561203, 42.9380111694, -6.75801038742, 6.78130626678, 25.4092311859, 10.778380394, 19.9415531158, -2.05142402649], [23.5707263947, -152.944396973, 7.21665239334, 64.7725067139, -4.1329627037, 42.9380111694, 145.189041138, 27.2504882813, -8.2632522583, 17.4540805817, 19.0221252441, 9.68880748749, -9.01636791229], [-62.5901298523, 54.3302688599, -2.43265771866, -12.1068658829, 23.1599464417, -6.75801038742, 27.2504882813, 101.010437012, 20.8709716797, 0.414407640696, 6.95236492157, 6.55611753464, -6.23262453079], [21.3394412994, 22.1736602783, 30.9267196655, 20.2863483429, 18.4189434052, 6.78130626678, -8.2632522583, 20.8709716797, 75.771270752, 9.75627326965, -10.4240999222, 5.98623371124, 13.9400691986], [80.5990905762, -110.649436951, 28.2469673157, 50.4808540344, -31.1867427826, 25.4092311859, 17.4540805817, 0.414407640696, 9.75627326965, 81.4603805542, 7.91305446625, -2.20505046844, -5.89472532272], [-77.9973526001, 19.3275909424, 28.4637355804, -19.4305381775, 4.21097660065, 10.778380394, 19.0221252441, 6.95236492157, -10.4240999222, 7.91305446625, 69.6686782837, 1.96848082542, -7.65176486969], [92.2616653442, -85.2027053833, 25.5770721436, 31.2903690338, -7.79317998886, 19.9415531158, 9.68880748749, 6.55611753464, 5.98623371124, -2.20505046844, 1.96848082542, 85.6442718506, 20.6610813141], [-7.11395263672, 41.2385673523, -11.3797025681, -1.46603393555, 14.1318531036, -2.05142402649, -9.01636791229, -6.23262453079, 13.9400691986, -5.89472532272, -7.65176486969, 20.6610813141, 69.4289855957]],
        "icov": [[0.000454494263977, 0.000387256761314, -6.03291882726e-005, -0.000300946325297, 0.000169068953255, 0.000212947808905, 0.000372042908566, -8.50188444019e-005, -0.000111547560664, 0.000191686063772, 0.000153277534992, -5.61669276067e-006, -0.000129893989651], [0.000387256761314, 0.00108416832518, -0.000249743665336, 0.000272917095572, -0.000847324030474, 0.000786127813626, 0.000671037123539, -0.000288472656393, -9.79467949946e-005, 0.000287121598376, -2.62035737251e-005, 0.00045193155529, -0.000475841894513], [-6.03291882726e-005, -0.000249743665336, 0.00247996137477, -0.000722818018403, 0.000137973867822, -0.00131201546174, 0.000503222632688, 0.000158292474225, -0.000884293927811, -7.60337425163e-005, -0.00120054720901, -0.000500591704622, 0.000733833468985], [-0.000300946325297, 0.000272917095572, -0.000722818018403, 0.00397557998076, -0.000968374428339, 0.000677486998029, -0.00174502516165, 0.000956994947046, -0.000574598263483, -0.00184103974607, 0.00149870547466, -0.000859548454173, 0.000228971388424], [0.000169068953255, -0.000847324030474, 0.000137973867822, -0.000968374428339, 0.00645297439769, -0.00144252984319, -6.85456616338e-005, -0.000955927069299, -0.00105252070352, 0.00230819429271, -0.000475113338325, 0.000618044752628, -0.000757012807298], [0.000212947808905, 0.000786127813626, -0.00131201546174, 0.000677486998029, -0.00144252984319, 0.0110606886446, -0.00272030942142, 0.00193897867575, -0.00102168438025, -0.00243020360358, -0.000112991074275, -0.00192441674881, 0.000354395218892], [0.000372042908566, 0.000671037123539, 0.000503222632688, -0.00174502516165, -6.85456616338e-005, -0.00272030942142, 0.0100953327492, -0.0035120092798, 0.00196521170437, 0.000106382096419, -0.00219027209096, 0.000459715345642, -0.000149232218973], [-8.50188444019e-005, -0.000288472656393, 0.000158292474225, 0.000956994947046, -0.000955927069299, 0.00193897867575, -0.0035120092798, 0.0126410769299, -0.00433509331197, -0.000533054175321, -0.000615663651843, -0.00199875398539, 0.00249144784175], [-0.000111547560664, -9.79467949946e-005, -0.000884293927811, -0.000574598263483, -0.00105252070352, -0.00102168438025, 0.00196521170437, -0.00433509331197, 0.0167992450297, -0.00234992592596, 0.00261711305939, 0.000280450243736, -0.00342774973251], [0.000191686063772, 0.000287121598376, -7.60337425163e-005, -0.00184103974607, 0.00230819429271, -0.00243020360358, 0.000106382096419, -0.000533054175321, -0.00234992592596, 0.015837309882, -0.0022830478847, 0.00216952734627, 0.000141322831041], [0.000153277534992, -2.62035737251e-005, -0.00120054720901, 0.00149870547466, -0.000475113338325, -0.000112991074275, -0.00219027209096, -0.000615663651843, 0.00261711305939, -0.0022830478847, 0.0169421806931, -0.000989578547888, 0.00106217735447], [-5.61669276067e-006, 0.00045193155529, -0.000500591704622, -0.000859548454173, 0.000618044752628, -0.00192441674881, 0.000459715345642, -0.00199875398539, 0.000280450243736, 0.00216952734627, -0.000989578547888, 0.0144549161196, -0.00495434366167], [-0.000129893989651, -0.000475841894513, 0.000733833468985, 0.000228971388424, -0.000757012807298, 0.000354395218892, -0.000149232218973, 0.00249144784175, -0.00342774973251, 0.000141322831041, 0.00106217735447, -0.00495434366167, 0.0174581110477]]
    },
    "spectral_contrast_coeffs": {
        "mean": [-0.521660387516, -0.596975326538, -0.720517754555, -0.791813492775, -0.791328370571, -0.799405097961],
        "var": [0.00662973849103, 0.006128013134, 0.00386672373861, 0.00250985962339, 0.00195109611377, 0.0013221942354]
    },
    "spectral_contrast_valleys": {
        "mean": [-8.32971668243, -6.84517621994, -7.98026752472, -8.6721868515, -9.27505588531, -12.1629123688],
        "var": [0.872621238232, 0.719025492668, 0.516528308392, 0.611582517624, 1.32883369923, 1.60337495804]
    }
},
"metadata": {
    "audio_properties": {
        "analysis_sample_rate": 44100,
        "bit_rate": 128074,
        "equal_loudness": 0,
        "length": 45.0612258911,
        "lossless": 0,
        "replay_gain": -6.47283172607,
        "sample_rate": 44100,
        "codec": "mp3",
        "downmix": "mix",
        "md5_encoded": "93e9dcc6d27b1bf11626b54e70512ed0"
    },
    "tags": {
        "file_name": "1468.mp3"
    },
    "version": {
        "essentia": "2.1-beta2",
        "essentia_git_sha": "v2.1_beta2",
        "extractor": "music 1.0"
    }
},
"rhythm": {
    "beats_count": 80,
    "beats_loudness": {
        "mean": 0.0285674780607,
        "var": 0.000298057246255
    },
    "bpm": 111.642089844,
    "bpm_histogram_first_peak_bpm": {
        "mean": 110,
        "var": 0
    },
    "bpm_histogram_first_peak_spread": {
        "mean": 0.521739125252,
        "var": 0
    },
    "bpm_histogram_first_peak_weight": {
        "mean": 0.139240503311,
        "var": 0
    },
    "bpm_histogram_second_peak_bpm": {
        "mean": 115,
        "var": 0
    },
    "bpm_histogram_second_peak_spread": {
        "mean": 0.272727251053,
        "var": 0
    },
    "bpm_histogram_second_peak_weight": {
        "mean": 0.101265825331,
        "var": 0
    },
    "danceability": 0.979738712311,
    "onset_rate": 2.81711745262,
    "beats_loudness_band_ratio": {
        "mean": [0.0948133245111, 0.662114262581, 0.227903276682, 0.0508033521473, 0.0194615609944, 0.0119863077998],
        "var": [0.0162527170032, 0.0310673806816, 0.0257007963955, 0.00778718153015, 0.000640544807538, 0.000887760135811]
    },
    "beats_position": [0.568888902664, 1.14938771725, 1.75310659409, 2.31038546562, 2.86766433716, 3.43655323982, 3.98222208023, 4.45823097229, 4.91102027893, 5.3754196167, 5.83981847763, 6.31582736969, 6.79183673859, 7.26784563065, 7.73224496841, 8.19664382935, 8.66104316711, 9.13705158234, 9.62467098236, 10.1122903824, 10.5882987976, 11.0643081665, 11.5403175354, 12.051156044, 12.5619955063, 13.0728340149, 13.6765527725, 14.2802715302, 14.8723802567, 15.4644899368, 16.0798187256, 16.6951465607, 17.3104763031, 17.9258041382, 18.5527439117, 19.179681778, 19.7950115204, 20.4103393555, 21.0140590668, 21.6177768707, 22.3375968933, 23.0458049774, 23.7540130615, 24.4506111145, 25.1239910126, 25.8089790344, 26.4823570251, 27.1441268921, 27.8058948517, 28.3863945007, 28.9668922424, 29.5590019226, 30.0930614471, 30.6155090332, 31.1379585266, 31.6720180511, 32.2060775757, 32.7517471313, 33.2974128723, 33.843082428, 34.3887519836, 34.9344215393, 35.480091095, 36.0025405884, 36.5365982056, 37.0706558228, 37.6047172546, 38.1271629333, 38.6496124268, 39.1836738586, 39.7177314758, 40.2401809692, 40.7626304626, 41.2850799561, 41.830745697, 42.3648071289, 42.8988647461, 43.4445343018, 43.9902038574, 44.5358734131]
},
"tonal": {
    "chords_changes_rate": 0.0267489720136,
    "chords_number_rate": 0.00617283955216,
    "chords_strength": {
        "mean": 0.562339305878,
        "var": 0.00722104124725
    },
    "hpcp_entropy": {
        "mean": 1.25347518921,
        "var": 0.638338029385
    },
    "key_strength": 0.776063680649,
    "tuning_diatonic_strength": 0.51946502924,
    "tuning_equal_tempered_deviation": 0.0861490443349,
    "tuning_frequency": 443.828887939,
    "tuning_nontempered_energy_ratio": 0.700129032135,
    "hpcp": {
        "mean": [0.261526465416, 0.0875922217965, 0.019189093262, 0.0136054139584, 0.009656409733, 0.0118832280859, 0.0162588488311, 0.0119278654456, 0.0092463735491, 0.012978461571, 0.03041568771, 0.186122059822, 0.313574403524, 0.199701920152, 0.137014895678, 0.124565042555, 0.044349770993, 0.01419663243, 0.0123423039913, 0.0180160142481, 0.277279049158, 0.507048666477, 0.248945340514, 0.0108539890498, 0.0100607173517, 0.0576466545463, 0.180856078863, 0.152852058411, 0.0290838126093, 0.0105880415067, 0.0104931117967, 0.0401894450188, 0.235277488828, 0.276966273785, 0.131489664316, 0.240325406194],
        "var": [0.110717348754, 0.0185924880207, 0.00599915441126, 0.00345371058211, 0.00191534147598, 0.00145673018415, 0.00318285729736, 0.00148143130355, 0.00161232461687, 0.00492852879688, 0.00927725434303, 0.0593239031732, 0.147261813283, 0.0607229918242, 0.0530217774212, 0.0483130402863, 0.0107063017786, 0.00303104752675, 0.00237379502505, 0.0040696002543, 0.0556203462183, 0.191354587674, 0.050693821162, 0.00161272962578, 0.00193345278967, 0.0125605212525, 0.105276875198, 0.0752221271396, 0.00642987713218, 0.0035110800527, 0.00341293611564, 0.0064724474214, 0.0930217206478, 0.127395898104, 0.0206859726459, 0.096841186285]
    },
    "chords_histogram": [14.7119340897, 48.2510299683, 0, 0, 0, 0, 0.102880656719, 0, 1.64609050751, 3.70370364189, 0, 0, 0, 0, 0, 0, 0, 0, 0, 0, 0, 0, 2.36625504494, 29.2181072235],
    "thpcp": [1, 0.490969330072, 0.0214062072337, 0.0198417194188, 0.113690577447, 0.356683880091, 0.301454424858, 0.0573590174317, 0.0208817068487, 0.0206944867969, 0.0792615115643, 0.464013636112, 0.546232104301, 0.259323567152, 0.473969101906, 0.515781760216, 0.172749146819, 0.0378446765244, 0.0268325600773, 0.0190443452448, 0.0234360694885, 0.0320656560361, 0.0235241036862, 0.0182356722653, 0.0255960859358, 0.0599857382476, 0.367069423199, 0.618430614471, 0.393851578236, 0.270220398903, 0.245666831732, 0.0874665006995, 0.0279985591769, 0.0243414584547, 0.0355311334133, 0.546849012375],
    "chords_key": "C#",
    "chords_scale": "minor",
    "key_key": "A",
    "key_scale": "major"
}
}