{
"lowlevel": {
    "average_loudness": 0.89010488987,
    "barkbands_crest": {
        "mean": 13.5375003815,
        "var": 14.5333509445
    },
    "barkbands_flatness_db": {
        "mean": 0.310515880585,
        "var": 0.00578445009887
    },
    "barkbands_kurtosis": {
        "mean": 12.7764902115,
        "var": 158.199813843
    },
    "barkbands_skewness": {
        "mean": 2.29033780098,
        "var": 1.56979072094
    },
    "barkbands_spread": {
        "mean": 5.98343276978,
        "var": 100.930381775
    },
    "dissonance": {
        "mean": 0.386189669371,
        "var": 0.00348631665111
    },
    "dynamic_complexity": 3.50858020782,
    "erbbands_crest": {
        "mean": 12.1236095428,
        "var": 16.771774292
    },
    "erbbands_flatness_db": {
        "mean": 0.260108500719,
        "var": 0.00220264378004
    },
    "erbbands_kurtosis": {
        "mean": 3.22252058983,
        "var": 30.0766105652
    },
    "erbbands_skewness": {
        "mean": 1.25766527653,
        "var": 1.24127936363
    },
    "erbbands_spread": {
        "mean": 20.9407901764,
        "var": 258.353973389
    },
    "hfc": {
        "mean": 10.1913709641,
        "var": 229.427398682
    },
    "melbands_crest": {
        "mean": 19.7263565063,
        "var": 29.7160110474
    },
    "melbands_flatness_db": {
        "mean": 0.412163615227,
        "var": 0.00989010836929
    },
    "melbands_kurtosis": {
        "mean": 23.0021038055,
        "var": 493.248901367
    },
    "melbands_skewness": {
        "mean": 3.14672923088,
        "var": 2.41216945648
    },
    "melbands_spread": {
        "mean": 7.52442073822,
        "var": 372.380950928
    },
    "pitch_salience": {
        "mean": 0.490191400051,
        "var": 0.0111942533404
    },
    "silence_rate_20dB": {
        "mean": 1,
        "var": 0
    },
    "silence_rate_30dB": {
        "mean": 0.992276012897,
        "var": 0.00766447931528
    },
    "silence_rate_60dB": {
        "mean": 0.0360453128815,
        "var": 0.0347463972867
    },
    "spectral_centroid": {
        "mean": 446.885101318,
        "var": 309671.65625
    },
    "spectral_complexity": {
        "mean": 8.16477870941,
        "var": 17.2962036133
    },
    "spectral_decrease": {
        "mean": -7.17456583033e-009,
        "var": 4.07081685257e-017
    },
    "spectral_energy": {
        "mean": 0.0280027855188,
        "var": 0.000613207404967
    },
    "spectral_energyband_high": {
        "mean": 0.000273652171018,
        "var": 2.9538778108e-006
    },
    "spectral_energyband_low": {
        "mean": 0.0103753684089,
        "var": 9.28822919377e-005
    },
    "spectral_energyband_middle_high": {
        "mean": 0.00172368099447,
        "var": 1.27436496768e-005
    },
    "spectral_energyband_middle_low": {
        "mean": 0.0193191580474,
        "var": 0.000487372191856
    },
    "spectral_entropy": {
        "mean": 5.83089923859,
        "var": 0.558562994003
    },
    "spectral_flux": {
        "mean": 0.0516228638589,
        "var": 0.0015449244529
    },
    "spectral_kurtosis": {
        "mean": 31.8329296112,
        "var": 544.365112305
    },
    "spectral_rms": {
        "mean": 0.00481766648591,
        "var": 4.10986649513e-006
    },
    "spectral_rolloff": {
        "mean": 550.90435791,
        "var": 1415789.375
    },
    "spectral_skewness": {
        "mean": 4.1216340065,
        "var": 3.3094689846
    },
    "spectral_spread": {
        "mean": 2393063.5,
        "var": 2.97603878093e+012
    },
    "spectral_strongpeak": {
        "mean": 0.791876852512,
        "var": 0.645258367062
    },
    "zerocrossingrate": {
        "mean": 0.0206151735038,
        "var": 0.0011071334593
    },
    "barkbands": {
        "mean": [8.07193737273e-006, 0.00157865695655, 0.00515840761364, 0.00657827965915, 0.00716426549479, 0.00170565536246, 0.00211695767939, 0.000585241185036, 0.000998395495117, 0.000397880765377, 0.000481482362375, 0.000159513627295, 0.000143010896863, 0.0002863422269, 0.000186062519788, 3.18571219395e-005, 7.47000449337e-005, 4.11398468714e-005, 9.83834161161e-006, 5.67229799344e-005, 7.57384332246e-005, 4.22426419391e-005, 2.71604640147e-005, 5.49894830328e-005, 3.85820458177e-005, 1.59127080224e-006, 7.83550930805e-008],
        "var": [4.89945528592e-010, 6.29770693195e-006, 3.54528528987e-005, 0.000122782264953, 0.000117158611829, 5.96616746407e-006, 4.28415478382e-005, 4.80029893879e-006, 1.08111944428e-005, 1.9742292352e-006, 1.61501861839e-006, 1.89823595065e-007, 3.45049386397e-007, 1.18591799492e-006, 6.57950238292e-007, 3.42636461426e-008, 6.00588165867e-008, 1.53031471939e-008, 1.83702997258e-009, 5.35158903858e-008, 3.1853744531e-007, 1.04004669765e-007, 4.56810127503e-008, 1.74895660621e-007, 1.01675063036e-007, 1.0326949712e-010, 4.52590222244e-013]
    },
    "erbbands": {
        "mean": [0.00786249898374, 0.572149276733, 5.61429595947, 15.11814785, 25.5638637543, 21.1246471405, 18.9274291992, 9.56806087494, 17.0391101837, 35.2626838684, 15.1379671097, 17.5243377686, 19.9228076935, 17.916437149, 11.1225147247, 6.11304807663, 6.74318504333, 14.5765171051, 14.4670391083, 3.97679185867, 1.88360488415, 3.92820882797, 3.14219093323, 0.589206695557, 1.10022628307, 2.81255698204, 2.82895946503, 3.04782247543, 1.62032687664, 0.755436301231, 0.833049654961, 1.0863096714, 0.946990191936, 0.686504602432, 0.102783314884, 0.0144597049803, 0.00212648045272, 0.000387881096685, 2.47203552135e-005, 3.2306968933e-005],
        "var": [0.000119661759527, 0.758486092091, 47.6650390625, 407.924743652, 3145.89819336, 506.738464355, 608.578735352, 264.472259521, 3968.51904297, 17320.0664063, 1986.99914551, 2694.51318359, 4191.38964844, 3964.72290039, 566.614135742, 272.692047119, 550.909606934, 3288.01464844, 3962.8840332, 195.334030151, 45.5614089966, 152.698776245, 84.9180603027, 2.44813919067, 29.3759632111, 143.471694946, 383.016052246, 576.848266602, 154.484695435, 34.8351211548, 42.6387252808, 74.2631988525, 51.6028366089, 32.6600112915, 0.560084164143, 0.00894817057997, 0.00021650842973, 8.68267852638e-006, 6.81002854108e-009, 8.24809498479e-010]
    },
    "gfcc": {
        "mean": [-127.170249939, 169.701309204, -77.912689209, 14.5437250137, -47.556312561, -2.51695775986, -33.055316925, -14.2146730423, -33.4082450867, -16.7287864685, -19.5130081177, -13.4305849075, -6.55490875244],
        "cov": [[6715.91943359, -1713.26159668, -1767.49389648, 546.195373535, -982.708435059, 203.090545654, -391.020355225, 505.527252197, -106.677810669, 132.814712524, -107.393058777, -542.216491699, -2.77244544029], [-1713.26159668, 1447.61193848, 493.483215332, -469.629760742, 535.877929688, -166.322174072, 244.61769104, -158.094894409, 124.034713745, -104.312553406, 127.712867737, 109.969558716, -16.1821498871], [-1767.49389648, 493.483215332, 1015.12237549, -6.75037384033, 268.389007568, 3.7839910984, 159.234344482, -123.672859192, 29.4799747467, -47.7299041748, 91.6789398193, 205.453170776, -8.09901237488], [546.195373535, -469.629760742, -6.75037384033, 548.167907715, -40.269657135, -31.3534603119, -43.2402381897, 26.2236633301, 19.276971817, 45.0666885376, -51.6045227051, -6.16872644424, 87.8052978516], [-982.708435059, 535.877929688, 268.389007568, -40.269657135, 509.126708984, -16.9838562012, 54.9997215271, -53.5939826965, 117.449951172, 13.4863233566, 16.6108398438, 71.1450881958, 29.1327381134], [203.090545654, -166.322174072, 3.7839910984, -31.3534603119, -16.9838562012, 237.907592773, 37.0449638367, 57.7626609802, 9.37004947662, 31.3129520416, 13.5969791412, -3.54815363884, -30.6224536896], [-391.020355225, 244.61769104, 159.234344482, -43.2402381897, 54.9997215271, 37.0449638367, 270.366546631, 19.030834198, -17.0536174774, -59.481300354, 12.2554159164, 38.8886451721, -1.27402174473], [505.527252197, -158.094894409, -123.672859192, 26.2236633301, -53.5939826965, 57.7626609802, 19.030834198, 222.494766235, 3.32765865326, -12.51882267, -0.366460055113, -47.3541030884, -15.9350500107], [-106.677810669, 124.034713745, 29.4799747467, 19.276971817, 117.449951172, 9.37004947662, -17.0536174774, 3.32765865326, 164.846862793, 56.3239097595, -7.71296787262, 0.19959846139, -11.412560463], [132.814712524, -104.312553406, -47.7299041748, 45.0666885376, 13.4863233566, 31.3129520416, -59.481300354, -12.51882267, 56.3239097595, 147.768508911, 22.8813037872, -18.3251419067, -0.525719463825], [-107.393058777, 127.712867737, 91.6789398193, -51.6045227051, 16.6108398438, 13.5969791412, 12.2554159164, -0.366460055113, -7.71296787262, 22.8813037872, 118.849365234, 21.7388648987, -31.1275749207], [-542.216491699, 109.969558716, 205.453170776, -6.16872644424, 71.1450881958, -3.54815363884, 38.8886451721, -47.3541030884, 0.19959846139, -18.3251419067, 21.7388648987, 135.106491089, 15.4518117905], [-2.77244544029, -16.1821498871, -8.09901237488, 87.8052978516, 29.1327381134, -30.6224536896, -1.27402174473, -15.9350500107, -11.412560463, -0.525719463825, -31.1275749207, 15.4518117905, 99.0404586792]],
        "icov": [[0.000602106330916, -0.00075137137901, 0.000730912783183, -0.00111979618669, 0.00106586539187, -0.00101883336902, 0.00078628223855, -0.000766868412029, 0.000454564637039, -0.000239259621594, 0.000188088073628, 0.00069522956619, 0.000206574608455], [-0.00075137137901, 0.00829685106874, -0.00171805708669, 0.00694503262639, -0.00597645854577, 0.00653022620827, -0.00568492431194, 0.00359442993067, -0.00622542016208, 0.0047119599767, -0.00719532277435, 0.00162658281624, -0.00388839072548], [0.000730912783183, -0.00171805708669, 0.00280821323395, -0.00234527233988, 0.00121498922817, -0.00195864425041, 0.000864753266796, -0.000536267878488, 0.00104625034146, -0.000201067538001, -9.68104723142e-006, -0.00135412253439, 0.00133818492759], [-0.00111979618669, 0.00694503262639, -0.00234527233988, 0.00869440194219, -0.0049926112406, 0.0061542969197, -0.00478051044047, 0.00277097034268, -0.00546023668721, 0.00286084995605, -0.00481759756804, 0.000729760271497, -0.00528271310031], [0.00106586539187, -0.00597645854577, 0.00121498922817, -0.0049926112406, 0.00787092838436, -0.00495519116521, 0.00405690120533, -0.00282164872624, 0.00203139078803, -0.00306831602938, 0.0044259945862, -0.000614636926912, 0.00103455409408], [-0.00101883336902, 0.00653022620827, -0.00195864425041, 0.0061542969197, -0.00495519116521, 0.010599097237, -0.00555308908224, 0.00172773480881, -0.00450688088313, 0.00159702706151, -0.00475489115342, 0.000125346297864, -0.00166143791284], [0.00078628223855, -0.00568492431194, 0.000864753266796, -0.00478051044047, 0.00405690120533, -0.00555308908224, 0.00877318065614, -0.00328548601829, 0.00443168822676, -0.00141137302853, 0.00450844829902, -0.000876766978763, 0.00213294685818], [-0.000766868412029, 0.00359442993067, -0.000536267878488, 0.00277097034268, -0.00282164872624, 0.00172773480881, -0.00328548601829, 0.00777182448655, -0.00347909587435, 0.00352249271236, -0.00383961386979, 0.00137358810753, -0.00116555381101], [0.000454564637039, -0.00622542016208, 0.00104625034146, -0.00546023668721, 0.00203139078803, -0.00450688088313, 0.00443168822676, -0.00347909587435, 0.0140826413408, -0.00728448154405, 0.00777747575194, -0.00154378730804, 0.00569750322029], [-0.000239259621594, 0.0047119599767, -0.000201067538001, 0.00286084995605, -0.00306831602938, 0.00159702706151, -0.00141137302853, 0.00352249271236, -0.00728448154405, 0.0133257191628, -0.00786772370338, 0.00241965870373, -0.00346357328817], [0.000188088073628, -0.00719532277435, -9.68104723142e-006, -0.00481759756804, 0.0044259945862, -0.00475489115342, 0.00450844829902, -0.00383961386979, 0.00777747575194, -0.00786772370338, 0.0181326884776, -0.00347394635901, 0.00686345389113], [0.00069522956619, 0.00162658281624, -0.00135412253439, 0.000729760271497, -0.000614636926912, 0.000125346297864, -0.000876766978763, 0.00137358810753, -0.00154378730804, 0.00241965870373, -0.00347394635901, 0.0132963713259, -0.0033745218534], [0.000206574608455, -0.00388839072548, 0.00133818492759, -0.00528271310031, 0.00103455409408, -0.00166143791284, 0.00213294685818, -0.00116555381101, 0.00569750322029, -0.00346357328817, 0.00686345389113, -0.0033745218534, 0.0166038535535]]
    },
    "melbands": {
        "mean": [0.000222226037295, 0.00210623419844, 0.00290649244562, 0.00180771574378, 0.000676792231388, 0.000243689399213, 0.00030936562689, 0.000331093935529, 0.000120031341794, 0.000123382895254, 9.80377953965e-005, 6.85901977704e-005, 5.23518319824e-005, 1.43229499372e-005, 1.56385685841e-005, 1.96250039153e-005, 2.59647076746e-005, 2.50460634561e-005, 9.25040149014e-006, 2.65842413683e-006, 2.04726825359e-006, 3.75953504772e-006, 4.63381547888e-006, 1.5050429738e-006, 3.21568649042e-007, 4.17206564407e-007, 1.43613453929e-006, 1.93590949493e-006, 1.71234853497e-006, 1.75846389538e-006, 1.79945698164e-006, 1.0535148931e-006, 4.95160236369e-007, 3.70283004258e-007, 4.43186763732e-007, 6.01645353981e-007, 6.74825912483e-007, 5.93783624936e-007, 8.2297026438e-007, 4.8268827868e-007],
        "var": [1.22207623576e-007, 7.44501176086e-006, 1.90066875803e-005, 7.81935068517e-006, 6.4359943508e-007, 1.5751854221e-007, 1.02295302895e-006, 1.46902948472e-006, 1.44820162973e-007, 1.70247218989e-007, 1.07854141618e-007, 6.29709759892e-008, 1.45151961561e-008, 1.59058388682e-009, 2.18427897991e-009, 6.89976387136e-009, 1.1929562227e-008, 1.39630254026e-008, 1.28158428314e-009, 3.15103110271e-010, 6.10820491409e-011, 1.37405378742e-010, 2.31455521416e-010, 2.52045589261e-011, 8.93022201326e-013, 4.20882165925e-012, 5.09365744028e-011, 6.91127155505e-011, 1.49007542416e-010, 1.96873600755e-010, 2.13694603679e-010, 7.47366613041e-011, 1.39393167148e-011, 8.95694542841e-012, 1.19343606178e-011, 2.46769236989e-011, 2.91350832349e-011, 2.08298135684e-011, 4.49031714589e-011, 1.66028146092e-011]
    },
    "mfcc": {
        "mean": [-789.391906738, 202.375930786, 30.2797794342, 25.184513092, 5.60821056366, 5.94123506546, 5.90171098709, -4.21639442444, -3.11139893532, -12.6461782455, -14.0730800629, -7.32416248322, -10.1952381134],
        "cov": [[7607.47412109, -2277.81030273, -1337.78820801, -235.9246521, -597.117736816, -531.040039063, -142.17199707, -324.844390869, 161.353683472, 348.248596191, -77.6265411377, 135.508972168, -167.754455566], [-2277.81030273, 1937.47790527, 125.013130188, -62.4311218262, 220.029556274, 88.5662994385, 124.005523682, 194.951461792, -74.2100219727, -34.399017334, 113.863319397, -14.6205997467, 130.424179077], [-1337.78820801, 125.013130188, 750.399536133, 97.9888153076, 47.6295394897, 134.731124878, 73.2638931274, 81.849281311, -45.4282608032, -116.953552246, 32.8867225647, 21.2181529999, 45.1790885925], [-235.9246521, -62.4311218262, 97.9888153076, 488.21496582, 115.391052246, 62.5126991272, -27.349445343, -13.2555532455, 102.177391052, -34.1128311157, -71.9296417236, 48.6742973328, 55.3908996582], [-597.117736816, 220.029556274, 47.6295394897, 115.391052246, 382.57611084, 99.0114059448, -45.0659484863, -0.430199831724, 64.963508606, -13.8825349808, 39.7495536804, 55.9268798828, 41.6859512329], [-531.040039063, 88.5662994385, 134.731124878, 62.5126991272, 99.0114059448, 266.901550293, 18.0400924683, 19.3323841095, 32.167514801, -0.599395215511, 22.8869953156, 17.1702461243, 14.90209198], [-142.17199707, 124.005523682, 73.2638931274, -27.349445343, -45.0659484863, 18.0400924683, 247.799087524, 112.468681335, -8.29828453064, 12.880153656, 36.8199005127, -6.71089935303, -16.6417312622], [-324.844390869, 194.951461792, 81.849281311, -13.2555532455, -0.430199831724, 19.3323841095, 112.468681335, 223.626693726, 38.3820838928, 0.487538248301, 48.5089416504, -0.163182377815, -14.2002182007], [161.353683472, -74.2100219727, -45.4282608032, 102.177391052, 64.963508606, 32.167514801, -8.29828453064, 38.3820838928, 173.676345825, 40.3788719177, -15.3257761002, 23.2940654755, -9.93664169312], [348.248596191, -34.399017334, -116.953552246, -34.1128311157, -13.8825349808, -0.599395215511, 12.880153656, 0.487538248301, 40.3788719177, 172.490951538, 46.698009491, 8.63993453979, -2.5810945034], [-77.6265411377, 113.863319397, 32.8867225647, -71.9296417236, 39.7495536804, 22.8869953156, 36.8199005127, 48.5089416504, -15.3257761002, 46.698009491, 139.361587524, 32.1831474304, -8.29633617401], [135.508972168, -14.6205997467, 21.2181529999, 48.6742973328, 55.9268798828, 17.1702461243, -6.71089935303, -0.163182377815, 23.2940654755, 8.63993453979, 32.1831474304, 153.387542725, 61.6514167786], [-167.754455566, 130.424179077, 45.1790885925, 55.3908996582, 41.6859512329, 14.90209198, -16.6417312622, -14.2002182007, -9.93664169312, -2.5810945034, -8.29633617401, 61.6514167786, 171.618942261]],
        "icov": [[0.000449881248642, 0.000412513443734, 0.000598606129643, 7.52593259676e-005, 0.000407135928981, 0.000376701180357, -0.000155697736773, 0.000234232924413, -0.000317756843287, -0.00019005809736, -0.000255008548265, -0.000540542881936, -2.23408023885e-005], [0.000412513443734, 0.00111571361776, 0.000642177241389, 0.00014376649051, -0.000114720474812, 0.000254786020378, -0.000301550171571, -0.000426176236942, 0.000169664592249, -3.17284830089e-005, -0.000553372432478, -5.61741944693e-006, -0.000734282424673], [0.000598606129643, 0.000642177241389, 0.00270673702471, -0.00032132898923, 0.000625767279416, -0.000349041860318, -0.000498156645335, -0.000237948523136, 0.000176570159965, 0.00106592162047, -0.00113436637912, -0.000592147116549, -0.000517295964528], [7.52593259676e-005, 0.00014376649051, -0.00032132898923, 0.00300546153449, -0.00056178792147, -0.000115327529784, -0.000161569216289, 0.000259285414359, -0.00154450617265, 0.000179909329745, 0.00156636140309, -0.000633316521998, -0.000552362820599], [0.000407135928981, -0.000114720474812, 0.000625767279416, -0.00056178792147, 0.00435423431918, -0.000586501788348, 0.000614907359704, 0.000912322720978, -0.00185359932948, 0.000787825789303, -0.00198008562438, -0.00104592659045, -0.000185318393051], [0.000376701180357, 0.000254786020378, -0.000349041860318, -0.000115327529784, -0.000586501788348, 0.00500649120659, -0.000463830627268, 0.000533338577952, -0.000983244972304, -0.000574664678425, -0.000536278705113, -0.000307624402922, 2.95988411381e-005], [-0.000155697736773, -0.000301550171571, -0.000498156645335, -0.000161569216289, 0.000614907359704, -0.000463830627268, 0.00572174880654, -0.00271336804144, 0.000872195407283, -0.000648362678476, -0.000137575159897, 3.48859248334e-005, 0.000503066170495], [0.000234232924413, -0.000426176236942, -0.000237948523136, 0.000259285414359, 0.000912322720978, 0.000533338577952, -0.00271336804144, 0.00769383925945, -0.00329710706137, 0.000991671113297, -0.00231130491011, -1.23026902656e-005, 0.000354076531949], [-0.000317756843287, 0.000169664592249, 0.000176570159965, -0.00154450617265, -0.00185359932948, -0.000983244972304, 0.000872195407283, -0.00329710706137, 0.00977567769587, -0.00267563806847, 0.0026989467442, -0.000847814313602, 0.0013206533622], [-0.00019005809736, -3.17284830089e-005, 0.00106592162047, 0.000179909329745, 0.000787825789303, -0.000574664678425, -0.000648362678476, 0.000991671113297, -0.00267563806847, 0.00869504641742, -0.00404051225632, 0.000950077548623, -0.00118339108303], [-0.000255008548265, -0.000553372432478, -0.00113436637912, 0.00156636140309, -0.00198008562438, -0.000536278705113, -0.000137575159897, -0.00231130491011, 0.0026989467442, -0.00404051225632, 0.0125328050926, -0.00304263178259, 0.0020816649776], [-0.000540542881936, -5.61741944693e-006, -0.000592147116549, -0.000633316521998, -0.00104592659045, -0.000307624402922, 3.48859248334e-005, -1.23026902656e-005, -0.000847814313602, 0.000950077548623, -0.00304263178259, 0.00985890813172, -0.00360422441736], [-2.23408023885e-005, -0.000734282424673, -0.000517295964528, -0.000552362820599, -0.000185318393051, 2.95988411381e-005, 0.000503066170495, 0.000354076531949, 0.0013206533622, -0.00118339108303, 0.0020816649776, -0.00360422441736, 0.00825209263712]]
    },
    "spectral_contrast_coeffs": {
        "mean": [-0.50354719162, -0.641900658607, -0.704468071461, -0.745914518833, -0.771801412106, -0.785212874413],
        "var": [0.00683931680396, 0.0062108063139, 0.00442618923262, 0.00363541860133, 0.00381862488575, 0.00262707634829]
    },
    "spectral_contrast_valleys": {
        "mean": [-7.72362518311, -7.75715589523, -8.78676795959, -9.61853122711, -10.0451622009, -12.4863643646],
        "var": [0.870723843575, 0.741026461124, 1.01364243031, 0.991657435894, 1.3798571825, 1.2162630558]
    }
},
"metadata": {
    "audio_properties": {
        "analysis_sample_rate": 44100,
        "bit_rate": 128074,
        "equal_loudness": 0,
        "length": 45.0612258911,
        "lossless": 0,
        "replay_gain": -5.27921676636,
        "sample_rate": 44100,
        "codec": "mp3",
        "downmix": "mix",
        "md5_encoded": "c85f1a31350cd61f23029a111d1ebb03"
    },
    "tags": {
        "file_name": "1469.mp3"
    },
    "version": {
        "essentia": "2.1-beta2",
        "essentia_git_sha": "v2.1_beta2",
        "extractor": "music 1.0"
    }
},
"rhythm": {
    "beats_count": 87,
    "beats_loudness": {
        "mean": 0.0347251780331,
        "var": 0.00148962880485
    },
    "bpm": 123.385185242,
    "bpm_histogram_first_peak_bpm": {
        "mean": 123,
        "var": 0
    },
    "bpm_histogram_first_peak_spread": {
        "mean": 0.576271176338,
        "var": 0
    },
    "bpm_histogram_first_peak_weight": {
        "mean": 0.290697664022,
        "var": 0
    },
    "bpm_histogram_second_peak_bpm": {
        "mean": 105,
        "var": 0
    },
    "bpm_histogram_second_peak_spread": {
        "mean": 0.666666686535,
        "var": 0
    },
    "bpm_histogram_second_peak_weight": {
        "mean": 0.0465116277337,
        "var": 0
    },
    "danceability": 1.14026021957,
    "onset_rate": 2.99457359314,
    "beats_loudness_band_ratio": {
        "mean": [0.569381833076, 0.358651727438, 0.0838456526399, 0.0338555090129, 0.0121384533122, 0.0393717996776],
        "var": [0.0503887236118, 0.0364552028477, 0.0176474098116, 0.00487807858735, 0.000832669378724, 0.0229812785983]
    },
    "beats_position": [0.49922901392, 1.02167797089, 1.52090704441, 2.03174591064, 2.54258489609, 3.04181408882, 3.54104304314, 4.04027223587, 4.53950119019, 5.0387301445, 5.52634906769, 6.00235795975, 6.47836732864, 6.96598625183, 7.45360517502, 7.92961454391, 8.40562343597, 8.893242836, 9.38086128235, 9.85687065125, 10.3444900513, 10.8437185287, 11.3313379288, 11.8305664063, 12.3065757751, 12.782585144, 13.2702035904, 13.7694330215, 14.2570514679, 14.7446708679, 15.2206802368, 15.696688652, 16.1843090057, 16.6719264984, 17.1479358673, 17.6239452362, 18.0999546051, 18.575963974, 19.0519733429, 19.5395908356, 20.0272102356, 20.5032196045, 20.9908390045, 21.4784584045, 21.9660758972, 22.4536952972, 22.9413146973, 23.4405441284, 23.9281635284, 24.40417099, 24.89179039, 25.3910198212, 25.8902492523, 26.3778686523, 26.958366394, 27.5388660431, 28.1193637848, 28.711473465, 29.3151912689, 29.8608608246, 30.3949203491, 30.9057598114, 31.4630374908, 32.0319252014, 32.6008148193, 33.1580963135, 33.7269821167, 34.2958717346, 34.8531494141, 35.4104309082, 36.0373687744, 36.6759185791, 37.3260765076, 37.976234436, 38.6263923645, 39.1488418579, 39.6480712891, 40.1356925964, 40.6349182129, 41.1225395203, 41.5985488892, 42.0745582581, 42.5389556885, 43.0149650574, 43.50258255, 43.9785919189, 44.4429931641]
},
"tonal": {
    "chords_changes_rate": 0.0401234552264,
    "chords_number_rate": 0.00823045242578,
    "chords_strength": {
        "mean": 0.533723115921,
        "var": 0.00767240440473
    },
    "hpcp_entropy": {
        "mean": 1.59160840511,
        "var": 0.375873208046
    },
    "key_strength": 0.747684955597,
    "tuning_diatonic_strength": 0.580095231533,
    "tuning_equal_tempered_deviation": 0.0370523743331,
    "tuning_frequency": 441.272583008,
    "tuning_nontempered_energy_ratio": 0.674230456352,
    "hpcp": {
        "mean": [0.0206686612219, 0.0145910233259, 0.0349224917591, 0.0677848681808, 0.0674847140908, 0.100868269801, 0.148456647992, 0.0788723230362, 0.00973681453615, 0.00787817686796, 0.0121251186356, 0.0684567689896, 0.127004548907, 0.0799593925476, 0.0220540221781, 0.0227821059525, 0.0477212965488, 0.182158023119, 0.309832453728, 0.201427161694, 0.0707342103124, 0.0547651685774, 0.0282645653933, 0.0122658824548, 0.0139136528596, 0.020090892911, 0.0549555681646, 0.0672858208418, 0.041350863874, 0.0334359593689, 0.0390623398125, 0.0639290288091, 0.18974506855, 0.467392474413, 0.437455832958, 0.131545066833],
        "var": [0.00668544648215, 0.00496204849333, 0.0116915870458, 0.0266432724893, 0.0274333320558, 0.0245226603001, 0.062720708549, 0.0195201449096, 0.00149277679157, 0.00155370519497, 0.00322785275057, 0.0328054949641, 0.0938883051276, 0.0404292419553, 0.00915697123855, 0.0130916489288, 0.0221488680691, 0.0680326968431, 0.142911419272, 0.0746731087565, 0.0395657122135, 0.032023139298, 0.0100136715919, 0.00106294744182, 0.000970127002802, 0.00526082376018, 0.0338937528431, 0.0406915806234, 0.0135187366977, 0.0138234160841, 0.014878177084, 0.0318805277348, 0.0629642680287, 0.167498022318, 0.172589913011, 0.0345599092543]
    },
    "chords_histogram": [65.6378631592, 3.70370364189, 11.6255140305, 1.02880656719, 1.85185182095, 9.05349826813, 0.102880656719, 4.32098770142, 0.205761313438, 0.205761313438, 0, 0.514403283596, 0, 0, 0, 0, 0, 0, 0, 0, 0, 0, 0, 1.74897122383],
    "thpcp": [1, 0.935949683189, 0.281444549561, 0.0442212112248, 0.0312179252505, 0.0747177004814, 0.145027726889, 0.144385531545, 0.215810641646, 0.317627370358, 0.168749660254, 0.020832201466, 0.0168555919081, 0.0259420499206, 0.146465271711, 0.271729975939, 0.171075478196, 0.0471852310002, 0.0487429872155, 0.102101124823, 0.389732480049, 0.662895679474, 0.430959373713, 0.151337936521, 0.117171697319, 0.0604728721082, 0.0262432172894, 0.0297686718404, 0.0429850593209, 0.117579057813, 0.143959999084, 0.0884713977575, 0.0715372189879, 0.0835750326514, 0.13677804172, 0.405965179205],
    "chords_key": "G#",
    "chords_scale": "minor",
    "key_key": "G#",
    "key_scale": "minor"
}
}