{
"lowlevel": {
    "average_loudness": 0.970283269882,
    "barkbands_crest": {
        "mean": 12.3659543991,
        "var": 17.4380264282
    },
    "barkbands_flatness_db": {
        "mean": 0.294787287712,
        "var": 0.00805153232068
    },
    "barkbands_kurtosis": {
        "mean": 13.2276573181,
        "var": 204.711807251
    },
    "barkbands_skewness": {
        "mean": 1.88955020905,
        "var": 2.04933428764
    },
    "barkbands_spread": {
        "mean": 6.81166124344,
        "var": 189.183609009
    },
    "dissonance": {
        "mean": 0.371872723103,
        "var": 0.00446784356609
    },
    "dynamic_complexity": 2.45989561081,
    "erbbands_crest": {
        "mean": 14.4748239517,
        "var": 33.5520515442
    },
    "erbbands_flatness_db": {
        "mean": 0.263644218445,
        "var": 0.00449250545353
    },
    "erbbands_kurtosis": {
        "mean": 6.8662481308,
        "var": 62.9624176025
    },
    "erbbands_skewness": {
        "mean": 1.70502233505,
        "var": 1.41733658314
    },
    "erbbands_spread": {
        "mean": 17.7046413422,
        "var": 384.919464111
    },
    "hfc": {
        "mean": 15.414431572,
        "var": 587.74041748
    },
    "melbands_crest": {
        "mean": 15.5387535095,
        "var": 20.2485790253
    },
    "melbands_flatness_db": {
        "mean": 0.382991731167,
        "var": 0.0136387813836
    },
    "melbands_kurtosis": {
        "mean": 18.6243305206,
        "var": 567.776428223
    },
    "melbands_skewness": {
        "mean": 2.39214468002,
        "var": 2.72170948982
    },
    "melbands_spread": {
        "mean": 8.52871322632,
        "var": 492.04498291
    },
    "pitch_salience": {
        "mean": 0.563658952713,
        "var": 0.0125478375703
    },
    "silence_rate_20dB": {
        "mean": 1,
        "var": 0
    },
    "silence_rate_30dB": {
        "mean": 0.997425317764,
        "var": 0.00256808265112
    },
    "silence_rate_60dB": {
        "mean": 0.00154479919001,
        "var": 0.00154241069686
    },
    "spectral_centroid": {
        "mean": 468.658935547,
        "var": 311757.0625
    },
    "spectral_complexity": {
        "mean": 8.84191513062,
        "var": 13.6541833878
    },
    "spectral_decrease": {
        "mean": -8.59215809612e-009,
        "var": 2.37362090663e-017
    },
    "spectral_energy": {
        "mean": 0.0338268764317,
        "var": 0.000357427052222
    },
    "spectral_energyband_high": {
        "mean": 0.000573032477405,
        "var": 8.83532811713e-006
    },
    "spectral_energyband_low": {
        "mean": 0.00645806081593,
        "var": 4.65831581096e-005
    },
    "spectral_energyband_middle_high": {
        "mean": 0.00139717257116,
        "var": 5.27737120137e-006
    },
    "spectral_energyband_middle_low": {
        "mean": 0.027395946905,
        "var": 0.000307252776111
    },
    "spectral_entropy": {
        "mean": 6.03836727142,
        "var": 0.745575547218
    },
    "spectral_flux": {
        "mean": 0.0682129114866,
        "var": 0.00132476282306
    },
    "spectral_kurtosis": {
        "mean": 36.54271698,
        "var": 1797.7779541
    },
    "spectral_rms": {
        "mean": 0.00551694259048,
        "var": 2.56518865172e-006
    },
    "spectral_rolloff": {
        "mean": 701.346313477,
        "var": 2319710.75
    },
    "spectral_skewness": {
        "mean": 4.31663942337,
        "var": 6.45162248611
    },
    "spectral_spread": {
        "mean": 3051037.75,
        "var": 6.11419108147e+012
    },
    "spectral_strongpeak": {
        "mean": 1.19694304466,
        "var": 1.08207321167
    },
    "zerocrossingrate": {
        "mean": 0.0264951661229,
        "var": 0.00174524844624
    },
    "barkbands": {
        "mean": [8.16653991933e-005, 0.00171419361141, 0.00276267458685, 0.00486999377608, 0.0112681370229, 0.00311823491938, 0.00486922636628, 0.0014149203198, 0.00160772900563, 0.000465624121716, 0.000410047156038, 0.000176073459443, 8.11946083559e-005, 9.20250386116e-005, 0.000146828708239, 3.70965644834e-005, 5.20786270499e-005, 4.00105782319e-005, 2.08890978683e-005, 4.42680029664e-005, 3.60224803444e-005, 6.79617078276e-005, 0.000128547966597, 0.000212412167457, 0.000106232393591, 2.83921463051e-006, 2.44111468817e-008],
        "var": [2.50904349741e-006, 1.17012077681e-005, 9.22546769289e-006, 3.18768034049e-005, 0.00010770161316, 1.44833129525e-005, 8.97905119928e-005, 8.95491393749e-006, 1.78126156243e-005, 1.61152229339e-006, 1.11406347969e-006, 2.11682532836e-007, 4.41584369071e-008, 5.43770326544e-008, 2.65753470785e-007, 1.71135727811e-008, 3.83679079619e-008, 1.07118838244e-008, 2.38959252385e-008, 3.9606163682e-008, 6.41570920834e-008, 1.3511777297e-007, 6.14369923824e-007, 1.53616826992e-006, 3.29166454094e-007, 1.36590919131e-010, 5.61743305951e-014]
    },
    "erbbands": {
        "mean": [0.0158704742789, 0.52458012104, 3.23864412308, 9.88788700104, 39.492061615, 28.3276920319, 25.2509365082, 21.0711154938, 45.3982696533, 79.7907409668, 33.8627510071, 31.2423725128, 30.8020648956, 13.3959026337, 12.6522369385, 7.05940246582, 4.13840389252, 5.39773416519, 8.27560806274, 3.87861204147, 2.43894839287, 3.03636312485, 2.56123781204, 0.740324914455, 1.75128948689, 2.05977416039, 1.52561402321, 1.53041493893, 2.24613642693, 2.88235259056, 3.85336303711, 4.75900506973, 3.22919297218, 1.95158576965, 0.275246500969, 0.0313050337136, 0.00343956402503, 0.00027337911888, 3.04347267956e-005, 4.08798296121e-005],
        "var": [0.0253234449774, 0.548604607582, 14.1223182678, 99.8414764404, 1868.78393555, 671.674682617, 768.380249023, 954.805908203, 10259.0703125, 30764.4628906, 4959.06787109, 5643.87060547, 7004.33740234, 987.231201172, 754.381530762, 326.888641357, 82.3288574219, 183.270263672, 1074.19116211, 139.888442993, 54.8236465454, 87.3820266724, 40.245300293, 10.281955719, 125.037887573, 93.3749923706, 135.861572266, 77.5660629272, 148.678466797, 300.437408447, 579.489196777, 803.398803711, 340.033111572, 116.336029053, 1.78231954575, 0.0149041051045, 0.000255123799434, 2.40158510678e-006, 4.00721544835e-009, 7.1117006728e-010]
    },
    "gfcc": {
        "mean": [-94.7735748291, 164.696533203, -74.0980377197, 11.2351150513, -66.7549667358, 6.04467916489, -48.6535415649, -5.82155561447, -25.660528183, -17.2653865814, -9.23872661591, -17.9674243927, -7.75063228607],
        "cov": [[7421.61132813, -3123.05786133, -1923.99572754, 698.875488281, -1575.44299316, 355.944458008, -685.895751953, 816.457885742, 152.794555664, 300.725097656, -362.220214844, 137.455978394, -181.285202026], [-3123.05786133, 2412.1262207, 653.692565918, -695.703125, 892.335510254, -311.153503418, 406.627197266, -410.593933105, 31.9459133148, -257.785552979, 211.52255249, -110.009056091, 86.6237945557], [-1923.99572754, 653.692565918, 1045.96435547, 47.0517120361, 385.14352417, -37.020149231, 193.245361328, -219.49029541, -123.11264801, -23.5908260345, 137.229278564, -32.1932945251, 62.6557998657], [698.875488281, -695.703125, 47.0517120361, 506.256652832, -139.619232178, 54.2846755981, -116.347045898, 81.1669616699, -54.5388031006, 98.8791885376, -24.0869350433, -4.1539607048, 35.72473526], [-1575.44299316, 892.335510254, 385.14352417, -139.619232178, 613.815856934, -127.314552307, 131.748901367, -177.579483032, -39.1816062927, -80.9191436768, 26.1248493195, -49.4569244385, 53.5075759888], [355.944458008, -311.153503418, -37.020149231, 54.2846755981, -127.314552307, 213.214202881, 45.9350357056, 44.052520752, 7.40894508362, 15.4642496109, -20.2888660431, 36.1690940857, -31.5229530334], [-685.895751953, 406.627197266, 193.245361328, -116.347045898, 131.748901367, 45.9350357056, 233.735183716, -67.008644104, -18.5583229065, -65.157875061, 52.3105392456, -6.70407009125, -5.22740936279], [816.457885742, -410.593933105, -219.49029541, 81.1669616699, -177.579483032, 44.052520752, -67.008644104, 235.757659912, 51.2792739868, 60.437084198, -58.1880836487, 21.5223999023, -27.2305278778], [152.794555664, 31.9459133148, -123.11264801, -54.5388031006, -39.1816062927, 7.40894508362, -18.5583229065, 51.2792739868, 150.698196411, 9.89933586121, -13.3315505981, 8.88586425781, -8.74720287323], [300.725097656, -257.785552979, -23.5908260345, 98.8791885376, -80.9191436768, 15.4642496109, -65.157875061, 60.437084198, 9.89933586121, 124.682861328, 0.321866214275, 7.7240319252, -9.65956878662], [-362.220214844, 211.52255249, 137.229278564, -24.0869350433, 26.1248493195, -20.2888660431, 52.3105392456, -58.1880836487, -13.3315505981, 0.321866214275, 126.324005127, 8.03731822968, 7.72199964523], [137.455978394, -110.009056091, -32.1932945251, -4.1539607048, -49.4569244385, 36.1690940857, -6.70407009125, 21.5223999023, 8.88586425781, 7.7240319252, 8.03731822968, 87.1476516724, -9.95157337189], [-181.285202026, 86.6237945557, 62.6557998657, 35.72473526, 53.5075759888, -31.5229530334, -5.22740936279, -27.2305278778, -8.74720287323, -9.65956878662, 7.72199964523, -9.95157337189, 82.8053131104]],
        "icov": [[0.000784761446994, -0.000565656111576, 0.000849979463965, -0.00103225873318, 0.00133663776796, -0.000723770470358, 0.0010153191397, -0.000886008609086, 0.000605239998549, -0.000140577525599, 0.00090442650253, -0.000388249056414, 0.000662033446133], [-0.000565656111576, 0.00570798059925, -0.0011355195893, 0.00486646592617, -0.00489433901384, 0.00399427721277, -0.00419013341889, 0.00184312171768, -0.00335114519112, 0.00222205277532, -0.00516781629995, 0.00301298499107, -0.00267587136477], [0.000849979463965, -0.0011355195893, 0.0028409413062, -0.00209102081135, 0.000967158353887, -0.00125165656209, 0.000439320574515, -0.000346733053448, 0.00159520236775, -0.00106476503424, 0.000290979194688, -0.000668752531055, 0.000550282362383], [-0.00103225873318, 0.00486646592617, -0.00209102081135, 0.00789016950876, -0.00442586373538, 0.00245403102599, -0.00247358344495, 0.00119918223936, -0.0017138121184, 0.000440872012405, -0.00457428907976, 0.00340949185193, -0.00443359371275], [0.00133663776796, -0.00489433901384, 0.000967158353887, -0.00442586373538, 0.00844344031066, -0.00205811997876, 0.00297423405573, -0.00125813367777, 0.00291649089195, -0.00169400079176, 0.00659637525678, -0.00248714466579, 0.00195488682948], [-0.000723770470358, 0.00399427721277, -0.00125165656209, 0.00245403102599, -0.00205811997876, 0.0106741096824, -0.00692841690034, 0.00209701014683, -0.00302666332573, 0.000767420977354, -0.001225471613, -0.000503382703755, -0.000405446364312], [0.0010153191397, -0.00419013341889, 0.000439320574515, -0.00247358344495, 0.00297423405573, -0.00692841690034, 0.0123086934909, -0.00296405865811, 0.00316051580012, 0.00161500298418, 0.000992366345599, -0.000828237680253, 0.00291396537796], [-0.000886008609086, 0.00184312171768, -0.000346733053448, 0.00119918223936, -0.00125813367777, 0.00209701014683, -0.00296405865811, 0.00879429094493, -0.00298817595467, -0.00175274012145, 0.00056374038104, 3.4144068195e-005, -0.000375264906324], [0.000605239998549, -0.00335114519112, 0.00159520236775, -0.0017138121184, 0.00291649089195, -0.00302666332573, 0.00316051580012, -0.00298817595467, 0.0102545116097, -0.00199706433341, 0.00265707494691, -0.00179229595233, 0.000930232228711], [-0.000140577525599, 0.00222205277532, -0.00106476503424, 0.000440872012405, -0.00169400079176, 0.000767420977354, 0.00161500298418, -0.00175274012145, -0.00199706433341, 0.013040881604, -0.00427027791739, 0.00146228587255, 0.000779800000601], [0.00090442650253, -0.00516781629995, 0.000290979194688, -0.00457428907976, 0.00659637525678, -0.001225471613, 0.000992366345599, 0.00056374038104, 0.00265707494691, -0.00427027791739, 0.0167355947196, -0.00504760863259, 0.00227376329713], [-0.000388249056414, 0.00301298499107, -0.000668752531055, 0.00340949185193, -0.00248714466579, -0.000503382703755, -0.000828237680253, 3.4144068195e-005, -0.00179229595233, 0.00146228587255, -0.00504760863259, 0.0148957865313, -0.00135024136398], [0.000662033446133, -0.00267587136477, 0.000550282362383, -0.00443359371275, 0.00195488682948, -0.000405446364312, 0.00291396537796, -0.000375264906324, 0.000930232228711, 0.000779800000601, 0.00227376329713, -0.00135024136398, 0.016279483214]]
    },
    "melbands": {
        "mean": [0.000290576688712, 0.00133292144164, 0.00262807053514, 0.00265627191402, 0.000887707807124, 0.000515439314768, 0.000789563229773, 0.00073552550748, 0.000249011762207, 0.000209093603189, 0.000151755783008, 5.02839611727e-005, 5.60000444239e-005, 1.71972897078e-005, 1.49501292981e-005, 8.91250965651e-006, 9.02660758584e-006, 1.3863017557e-005, 7.06360788172e-006, 3.23838526128e-006, 2.70821828963e-006, 2.9267375794e-006, 3.56496116183e-006, 1.29025772821e-006, 4.47204740794e-007, 9.4667615258e-007, 1.66529048329e-006, 1.27985742893e-006, 9.02644501366e-007, 8.73889462127e-007, 9.1401869895e-007, 1.283718575e-006, 1.34953995712e-006, 1.66861650541e-006, 2.06824665838e-006, 2.71408475783e-006, 3.0115845675e-006, 2.14588180825e-006, 2.42198393607e-006, 1.34782555961e-006],
        "var": [1.33883247599e-006, 2.61059449258e-006, 5.54836060473e-006, 6.43931662125e-006, 8.2190899775e-007, 5.46349554043e-007, 2.53402504313e-006, 2.51296137321e-006, 3.46227864156e-007, 2.77594295994e-007, 1.77947129032e-007, 1.65716684819e-008, 1.85979249778e-008, 1.81761616869e-009, 2.39913022781e-009, 5.39002231736e-010, 5.53913748202e-010, 3.51014084465e-009, 5.31907518031e-010, 1.20763857248e-010, 8.76708358688e-011, 1.46080814112e-010, 7.05176125826e-011, 1.43323547475e-011, 5.44581090292e-012, 5.38215375046e-011, 6.83345463548e-011, 3.93177990166e-011, 4.70827578314e-011, 4.6341618043e-011, 2.83835160236e-011, 5.3005357048e-011, 5.59889322405e-011, 1.15680666435e-010, 1.88414589486e-010, 2.68528477232e-010, 3.44212713888e-010, 1.58099713876e-010, 1.82291293171e-010, 5.82160916696e-011]
    },
    "mfcc": {
        "mean": [-749.281005859, 193.094070435, 45.5292015076, 9.11420726776, 8.98300457001, -2.47691750526, -4.70615053177, -2.70200848579, -11.6452598572, -3.95228409767, -7.74454545975, -7.71230602264, -2.56736111641],
        "cov": [[7915.09179688, -3520.79101563, -984.717346191, -413.63961792, -537.092529297, -739.186767578, -722.762878418, 116.545570374, 147.705795288, 279.674316406, 94.3925323486, -55.0988502502, 183.869262695], [-3520.79101563, 2786.38012695, -33.832775116, -11.7555561066, 211.276748657, 226.68081665, 250.278579712, 45.5442619324, -81.9980926514, -114.99206543, 2.77551174164, -9.9865732193, -55.9932594299], [-984.717346191, -33.832775116, 765.928405762, 142.979431152, 15.6406354904, 167.306396484, 192.163467407, -53.9717178345, -29.663482666, -56.9853630066, -1.19760918617, 50.0516204834, 10.597984314], [-413.63961792, -11.7555561066, 142.979431152, 358.586639404, 167.206832886, 23.0518188477, 90.6080322266, -116.689292908, 21.4617004395, -14.9296836853, -60.1860122681, 27.1551151276, -32.8056678772], [-537.092529297, 211.276748657, 15.6406354904, 167.206832886, 255.968429565, 45.5200462341, 25.7619743347, -62.9873542786, 32.5336837769, -17.788772583, -27.9629096985, 8.28703212738, -26.9803905487], [-739.186767578, 226.68081665, 167.306396484, 23.0518188477, 45.5200462341, 250.298431396, 110.192985535, 19.2748565674, -18.7277011871, -22.9214611053, -8.65528488159, -0.518781900406, -49.6823616028], [-722.762878418, 250.278579712, 192.163467407, 90.6080322266, 25.7619743347, 110.192985535, 255.316253662, 1.92787504196, -28.7178630829, -23.3374710083, -14.8117103577, 12.3814144135, -34.4897994995], [116.545570374, 45.5442619324, -53.9717178345, -116.689292908, -62.9873542786, 19.2748565674, 1.92787504196, 188.881072998, 19.242181778, 16.8779697418, 30.2425193787, -16.2092571259, 21.9777526855], [147.705795288, -81.9980926514, -29.663482666, 21.4617004395, 32.5336837769, -18.7277011871, -28.7178630829, 19.242181778, 124.602577209, 41.7900733948, 6.13463401794, -11.9068441391, -5.50310659409], [279.674316406, -114.99206543, -56.9853630066, -14.9296836853, -17.788772583, -22.9214611053, -23.3374710083, 16.8779697418, 41.7900733948, 96.9589691162, 26.703748703, -8.9552192688, -4.34445142746], [94.3925323486, 2.77551174164, -1.19760918617, -60.1860122681, -27.9629096985, -8.65528488159, -14.8117103577, 30.2425193787, 6.13463401794, 26.703748703, 101.019920349, 13.8344211578, 12.2281923294], [-55.0988502502, -9.9865732193, 50.0516204834, 27.1551151276, 8.28703212738, -0.518781900406, 12.3814144135, -16.2092571259, -11.9068441391, -8.9552192688, 13.8344211578, 83.0624694824, 34.3398246765], [183.869262695, -55.9932594299, 10.597984314, -32.8056678772, -26.9803905487, -49.6823616028, -34.4897994995, 21.9777526855, -5.50310659409, -4.34445142746, 12.2281923294, 34.3398246765, 114.036262512]],
        "icov": [[0.000671293819323, 0.000731748936232, 0.000627500878181, 8.3713865024e-005, 0.00045480710105, 0.000600498402491, 0.000289065414108, -0.00016214128118, -4.14698524764e-006, -0.000300318439258, -0.000225061492529, 0.000139534866321, -0.000298939383356], [0.000731748936232, 0.00129419309087, 0.000881121784914, 0.000382987724151, -5.696612061e-005, 0.000428348721471, -0.000233429746004, -0.000224064715439, 0.000173830572749, 0.000133614841616, -0.000461682502646, 0.000259937660303, -0.000385663966881], [0.000627500878181, 0.000881121784914, 0.00275693787262, -0.000616631761659, 0.00104194087908, -0.000821304158308, -0.000908815592993, 0.000536246108823, -0.000380684563424, 0.000834006001242, -0.00104856456164, -3.13352466037e-005, -0.00136697303969], [8.3713865024e-005, 0.000382987724151, -0.000616631761659, 0.00634403014556, -0.00334616727196, 0.00115916191135, -0.00193296698853, 0.00192470115144, -0.000758956070058, -0.000734492845368, 0.00234438106418, -0.00151963229291, 0.000834796286654], [0.00045480710105, -5.696612061e-005, 0.00104194087908, -0.00334616727196, 0.0075439340435, -0.00112053868361, 0.00124835944735, 0.000830874603707, -0.0020594461821, 0.00103102403227, -0.000590868818108, 1.95620195882e-005, -0.000309278053464], [0.000600498402491, 0.000428348721471, -0.000821304158308, 0.00115916191135, -0.00112053868361, 0.0071492549032, -0.00101800542325, -0.00156199885532, 0.00072367611574, -0.000413968315115, 0.000552007521037, -0.000546504219528, 0.00261917733587], [0.000289065414108, -0.000233429746004, -0.000908815592993, -0.00193296698853, 0.00124835944735, -0.00101800542325, 0.00696720881388, -0.00145269546192, 0.00115962536074, -0.000601901498158, 0.000296571961371, -0.000626906869002, 0.00137671537232], [-0.00016214128118, -0.000224064715439, 0.000536246108823, 0.00192470115144, 0.000830874603707, -0.00156199885532, -0.00145269546192, 0.00798977259547, -0.00212121848017, 7.75775770308e-005, -0.00101116148289, 0.00138501485344, -0.00221591792069], [-4.14698524764e-006, 0.000173830572749, -0.000380684563424, -0.000758956070058, -0.0020594461821, 0.00072367611574, 0.00115962536074, -0.00212121848017, 0.0109926471487, -0.00433575268835, 0.000116837400128, 0.00097834051121, 0.000554813886993], [-0.000300318439258, 0.000133614841616, 0.000834006001242, -0.000734492845368, 0.00103102403227, -0.000413968315115, -0.000601901498158, 7.75775770308e-005, -0.00433575268835, 0.0146818580106, -0.00382772367448, 0.000897242338397, 0.000617979909293], [-0.000225061492529, -0.000461682502646, -0.00104856456164, 0.00234438106418, -0.000590868818108, 0.000552007521037, 0.000296571961371, -0.00101116148289, 0.000116837400128, -0.00382772367448, 0.0131153427064, -0.00341995269991, 0.000776635599323], [0.000139534866321, 0.000259937660303, -3.13352466037e-005, -0.00151963229291, 1.95620195882e-005, -0.000546504219528, -0.000626906869002, 0.00138501485344, 0.00097834051121, 0.000897242338397, -0.00341995269991, 0.0161773338914, -0.0056449775584], [-0.000298939383356, -0.000385663966881, -0.00136697303969, 0.000834796286654, -0.000309278053464, 0.00261917733587, 0.00137671537232, -0.00221591792069, 0.000554813886993, 0.000617979909293, 0.000776635599323, -0.0056449775584, 0.013007258065]]
    },
    "spectral_contrast_coeffs": {
        "mean": [-0.517751514912, -0.659175753593, -0.751476466656, -0.782537221909, -0.802317798138, -0.821186840534],
        "var": [0.005498401355, 0.00888991449028, 0.00798617769033, 0.00402455218136, 0.00313060195185, 0.00192352442537]
    },
    "spectral_contrast_valleys": {
        "mean": [-7.33010435104, -6.91661834717, -8.04128456116, -9.02559375763, -9.49191570282, -11.6348381042],
        "var": [0.492600262165, 0.5867010355, 0.563630878925, 0.766105651855, 1.29802799225, 2.06448125839]
    }
},
"metadata": {
    "audio_properties": {
        "analysis_sample_rate": 44100,
        "bit_rate": 128074,
        "equal_loudness": 0,
        "length": 45.0612258911,
        "lossless": 0,
        "replay_gain": -5.37409973145,
        "sample_rate": 44100,
        "codec": "mp3",
        "downmix": "mix",
        "md5_encoded": "4f0d20d2e0f3091a11401ef5a6f3e8c9"
    },
    "tags": {
        "file_name": "1470.mp3"
    },
    "version": {
        "essentia": "2.1-beta2",
        "essentia_git_sha": "v2.1_beta2",
        "extractor": "music 1.0"
    }
},
"rhythm": {
    "beats_count": 94,
    "beats_loudness": {
        "mean": 0.0375351011753,
        "var": 0.000315152516123
    },
    "bpm": 136.148376465,
    "bpm_histogram_first_peak_bpm": {
        "mean": 136,
        "var": 0
    },
    "bpm_histogram_first_peak_spread": {
        "mean": 0.527777731419,
        "var": 0
    },
    "bpm_histogram_first_peak_weight": {
        "mean": 0.182795703411,
        "var": 0
    },
    "bpm_histogram_second_peak_bpm": {
        "mean": 126,
        "var": 0
    },
    "bpm_histogram_second_peak_spread": {
        "mean": 0.578947365284,
        "var": 0
    },
    "bpm_histogram_second_peak_weight": {
        "mean": 0.172043010592,
        "var": 0
    },
    "danceability": 1.19751524925,
    "onset_rate": 3.2163939476,
    "beats_loudness_band_ratio": {
        "mean": [0.501139104366, 0.395063102245, 0.197744250298, 0.0255991518497, 0.00758376251906, 0.0487845800817],
        "var": [0.0771252065897, 0.0433975830674, 0.0548802576959, 0.00141385209281, 0.000198429377633, 0.0269370805472]
    },
    "beats_position": [0.452789098024, 0.9287981987, 1.4164172411, 1.90403628349, 2.38004541397, 2.85605430603, 3.42494320869, 3.99383211136, 4.5627207756, 5.11999988556, 5.6888885498, 6.26938772202, 6.84988641739, 7.41877555847, 7.91800451279, 8.39401340485, 8.87002277374, 9.34603118896, 9.82204055786, 10.2864398956, 10.7856683731, 11.2848978043, 11.7841272354, 12.2833557129, 12.782585144, 13.2702035904, 13.7810430527, 14.2802715302, 14.7678909302, 15.2206802368, 15.6618595123, 16.1030387878, 16.5442180634, 16.99700737, 17.4381847382, 17.9025840759, 18.3553733826, 18.8081626892, 19.272562027, 19.7137413025, 20.154920578, 20.5960998535, 21.0604991913, 21.548116684, 22.035736084, 22.5117454529, 22.9877548218, 23.4521541595, 23.9281635284, 24.4273910522, 24.9266204834, 25.37940979, 25.8205890656, 26.2849884033, 26.7145576477, 27.1673469543, 27.6317462921, 28.0961437225, 28.5489330292, 28.9901123047, 29.4312915802, 29.8840808868, 30.3368701935, 30.8128795624, 31.2888889313, 31.7648983002, 32.2525177002, 32.7401351929, 33.2161445618, 33.7153739929, 34.2029914856, 34.6790008545, 35.1550102234, 35.6194114685, 36.0838088989, 36.5482063293, 37.0126075745, 37.4537849426, 37.8949661255, 38.3593635559, 38.8005447388, 39.2301139832, 39.6596832275, 40.1008605957, 40.5304298401, 40.9599990845, 41.3895683289, 41.830745697, 42.2603149414, 42.6898841858, 43.1194534302, 43.560634613, 44.0018119812, 44.4313812256]
},
"tonal": {
    "chords_changes_rate": 0.0504115223885,
    "chords_number_rate": 0.00617283955216,
    "chords_strength": {
        "mean": 0.596934378147,
        "var": 0.00847607851028
    },
    "hpcp_entropy": {
        "mean": 1.76220405102,
        "var": 0.456275999546
    },
    "key_strength": 0.742126464844,
    "tuning_diatonic_strength": 0.729956448078,
    "tuning_equal_tempered_deviation": 0.124118097126,
    "tuning_frequency": 439.238189697,
    "tuning_nontempered_energy_ratio": 0.848864376545,
    "hpcp": {
        "mean": [0.0983848869801, 0.0918039008975, 0.0462919808924, 0.0216678865254, 0.0310514941812, 0.121837668121, 0.236500993371, 0.168894067407, 0.0429313406348, 0.0252808518708, 0.0251190606505, 0.0148895727471, 0.0151885868981, 0.0261397883296, 0.0595161058009, 0.183103576303, 0.23835451901, 0.116784505546, 0.0348682105541, 0.042975012213, 0.0864952355623, 0.119190104306, 0.0819677785039, 0.0333105921745, 0.0175524279475, 0.0212441012263, 0.0709454268217, 0.13383987546, 0.15253405273, 0.297923088074, 0.473586052656, 0.35238519311, 0.13610188663, 0.0471544787288, 0.033299382776, 0.0622654184699],
        "var": [0.054369200021, 0.049558930099, 0.0182053335011, 0.00759239215404, 0.012336933054, 0.0501531548798, 0.10709066689, 0.0613152272999, 0.00947013590485, 0.0126467496157, 0.0167818013579, 0.00505956821144, 0.00491264509037, 0.0112328557298, 0.0213788244873, 0.0607257932425, 0.103918030858, 0.0314002148807, 0.0141640398651, 0.019434267655, 0.0512319691479, 0.070428237319, 0.0391124039888, 0.0089410636574, 0.00386318541132, 0.00576033024117, 0.0302654523402, 0.0731613337994, 0.0613126754761, 0.0988012626767, 0.169515401125, 0.132425144315, 0.057632394135, 0.0126334633678, 0.0136463511735, 0.0312754288316]
    },
    "chords_histogram": [64.3004150391, 10.0823049545, 1.64609050751, 0, 1.95473253727, 0, 0.720164597034, 0, 5.14403295517, 0, 0, 0, 0, 0, 0, 0, 0, 0.514403283596, 0, 0, 0, 0, 0, 15.6378602982],
    "thpcp": [1, 0.744078457355, 0.287385761738, 0.099568977952, 0.0703132674098, 0.131476461887, 0.207744479179, 0.193848401308, 0.0977477729321, 0.0457527972758, 0.0655667409301, 0.257266163826, 0.499383360147, 0.356628030539, 0.0906516164541, 0.0533817484975, 0.0530401207507, 0.0314400568604, 0.032071441412, 0.0551954358816, 0.1256711483, 0.386632114649, 0.503297150135, 0.246596172452, 0.0736259222031, 0.0907438322902, 0.182638898492, 0.251675695181, 0.17307895422, 0.0703369379044, 0.037062805146, 0.0448579527438, 0.149804726243, 0.282609403133, 0.322083085775, 0.62907910347],
    "chords_key": "G",
    "chords_scale": "major",
    "key_key": "G",
    "key_scale": "major"
}
}