{
"lowlevel": {
    "average_loudness": 0.980933070183,
    "barkbands_crest": {
        "mean": 7.09567546844,
        "var": 6.55383348465
    },
    "barkbands_flatness_db": {
        "mean": 0.0927866250277,
        "var": 0.000861682463437
    },
    "barkbands_kurtosis": {
        "mean": 1.17897570133,
        "var": 4.19890642166
    },
    "barkbands_skewness": {
        "mean": 1.098752141,
        "var": 0.318306952715
    },
    "barkbands_spread": {
        "mean": 24.8249568939,
        "var": 107.563079834
    },
    "dissonance": {
        "mean": 0.473298221827,
        "var": 0.000377399352146
    },
    "dynamic_complexity": 1.25436532497,
    "erbbands_crest": {
        "mean": 7.7009062767,
        "var": 12.0665807724
    },
    "erbbands_flatness_db": {
        "mean": 0.141311720014,
        "var": 0.000837227387819
    },
    "erbbands_kurtosis": {
        "mean": -0.0480114631355,
        "var": 1.16512703896
    },
    "erbbands_skewness": {
        "mean": 0.349840223789,
        "var": 0.240896716714
    },
    "erbbands_spread": {
        "mean": 37.4397850037,
        "var": 186.633178711
    },
    "hfc": {
        "mean": 29.3174381256,
        "var": 235.356338501
    },
    "melbands_crest": {
        "mean": 9.89617443085,
        "var": 9.59545326233
    },
    "melbands_flatness_db": {
        "mean": 0.152562662959,
        "var": 0.0015395131195
    },
    "melbands_kurtosis": {
        "mean": 5.64815711975,
        "var": 23.1111736298
    },
    "melbands_skewness": {
        "mean": 1.90943074226,
        "var": 0.604464828968
    },
    "melbands_spread": {
        "mean": 27.2694683075,
        "var": 127.3879776
    },
    "pitch_salience": {
        "mean": 0.62621307373,
        "var": 0.006172738038
    },
    "silence_rate_20dB": {
        "mean": 1,
        "var": 0
    },
    "silence_rate_30dB": {
        "mean": 1,
        "var": 0
    },
    "silence_rate_60dB": {
        "mean": 0.00154479919001,
        "var": 0.00154241069686
    },
    "spectral_centroid": {
        "mean": 1390.44506836,
        "var": 182197.140625
    },
    "spectral_complexity": {
        "mean": 28.177652359,
        "var": 64.5559539795
    },
    "spectral_decrease": {
        "mean": -7.69515828836e-009,
        "var": 1.41328059363e-017
    },
    "spectral_energy": {
        "mean": 0.0317025221884,
        "var": 0.000227145152166
    },
    "spectral_energyband_high": {
        "mean": 0.0013247767929,
        "var": 2.18416153075e-006
    },
    "spectral_energyband_low": {
        "mean": 0.00651228334755,
        "var": 4.03871927119e-005
    },
    "spectral_energyband_middle_high": {
        "mean": 0.00838900823146,
        "var": 2.84901434497e-005
    },
    "spectral_energyband_middle_low": {
        "mean": 0.0173891801387,
        "var": 0.000127247243654
    },
    "spectral_entropy": {
        "mean": 7.75368642807,
        "var": 0.0710987895727
    },
    "spectral_flux": {
        "mean": 0.101597756147,
        "var": 0.00153835839592
    },
    "spectral_kurtosis": {
        "mean": 4.02839136124,
        "var": 4.97194957733
    },
    "spectral_rms": {
        "mean": 0.00541661819443,
        "var": 1.5894814851e-006
    },
    "spectral_rolloff": {
        "mean": 1718.20068359,
        "var": 1565773.875
    },
    "spectral_skewness": {
        "mean": 1.51612126827,
        "var": 0.118830189109
    },
    "spectral_spread": {
        "mean": 4653670,
        "var": 2.89878441984e+012
    },
    "spectral_strongpeak": {
        "mean": 1.05301570892,
        "var": 1.1036772728
    },
    "zerocrossingrate": {
        "mean": 0.0679822266102,
        "var": 0.000847874442115
    },
    "barkbands": {
        "mean": [6.64059771225e-005, 0.00170773873106, 0.00342263909988, 0.00223134527914, 0.00510247424245, 0.00213963049464, 0.00158582790755, 0.00319208297879, 0.00195846683346, 0.0020377447363, 0.0013643593993, 0.000844166439492, 0.000627575209364, 0.000902217172552, 0.00099478487391, 0.000796848093159, 0.000514035113156, 0.000395295297494, 0.000291123636998, 0.000468691257993, 0.000323558138916, 0.000182748917723, 0.000197284854949, 0.000175363980816, 0.000118774674775, 5.58351057407e-005, 5.51016819372e-006],
        "var": [1.34594060341e-008, 8.59491774463e-006, 1.00348815977e-005, 5.78766002945e-006, 4.21026634285e-005, 4.88047498948e-006, 3.43437568517e-006, 1.52457778313e-005, 7.27209817342e-006, 5.94162884227e-006, 4.25087819167e-006, 1.51139863647e-006, 5.78582671551e-007, 1.65475182712e-006, 1.47403102346e-006, 6.41117537725e-007, 2.08333119645e-007, 1.0840344089e-007, 6.47763300776e-008, 2.77181612773e-007, 1.67768263282e-007, 7.90836693909e-008, 1.06827570789e-007, 7.84576243973e-008, 8.47876933108e-008, 1.30490453998e-008, 2.31069108292e-010]
    },
    "erbbands": {
        "mean": [0.0408330745995, 0.442554622889, 2.79351210594, 7.32722091675, 11.8437366486, 16.4080505371, 16.8343238831, 18.6350021362, 22.3834323883, 53.3895530701, 55.2167434692, 45.8329277039, 68.9575271606, 51.625743866, 48.9885559082, 37.3006591797, 31.8279342651, 47.5973548889, 42.6017303467, 53.4586830139, 41.3255462646, 28.5010375977, 22.723361969, 17.6185340881, 14.4749822617, 22.4736366272, 16.9863739014, 10.1166181564, 6.81970739365, 6.67076253891, 5.33619022369, 3.8773920536, 2.81470489502, 1.64835953712, 0.652021408081, 0.247101336718, 0.106979362667, 0.02125688456, 0.00063165492611, 5.47731287952e-005],
        "var": [0.00400629593059, 0.552672564983, 7.94671344757, 39.4683303833, 559.546875, 281.77243042, 218.89263916, 384.067993164, 538.071777344, 4392.9296875, 6062.26806641, 3347.05273438, 6905.296875, 5680.67529297, 4861.04052734, 2725.44799805, 1090.43530273, 4867.28027344, 2320.87255859, 3903.41918945, 1357.75146484, 563.754333496, 336.549133301, 247.073547363, 164.432327271, 598.410827637, 618.130981445, 187.243743896, 113.836975098, 97.3128433228, 86.1227874756, 40.1241569519, 24.5755519867, 17.7458648682, 2.236317873, 0.228509128094, 0.0556448698044, 0.00255202478729, 2.4386597488e-006, 1.73449676844e-009]
    },
    "gfcc": {
        "mean": [50.9046134949, 88.6343460083, -123.640792847, 25.1243591309, -64.5554733276, 12.2381381989, -41.3281555176, 9.49413299561, -26.6391296387, 1.07429814339, -22.7723197937, -3.77647447586, -12.2375650406],
        "cov": [[2179.93261719, -565.075317383, -89.2689437866, 13.994143486, -120.892463684, 139.074249268, -76.3771896362, 1.03786993027, -64.7688674927, 14.2776155472, -88.0979919434, 31.4768352509, -45.6265106201], [-565.075317383, 732.492736816, -194.676696777, 9.04530715942, 152.905090332, -106.355682373, 60.8254356384, 8.03157806396, 66.9107513428, -38.0298156738, 69.8817062378, -99.7124328613, 48.8829040527], [-89.2689437866, -194.676696777, 365.823577881, -24.6002902985, -30.0904865265, 16.1932983398, -21.3364849091, -4.42092084885, -38.1432037354, 19.7835979462, -36.8231163025, 70.2434158325, -50.4297714233], [13.994143486, 9.04530715942, -24.6002902985, 169.486541748, -51.3302497864, 3.55861902237, 4.6238451004, 1.59533262253, 26.5419769287, -17.6703186035, 10.6087760925, -24.0767841339, 18.6558589935], [-120.892463684, 152.905090332, -30.0904865265, -51.3302497864, 199.669021606, -21.8211326599, 23.540178299, 8.51779079437, -5.03831720352, 4.38790559769, -5.661028862, 14.2454252243, 3.93591403961], [139.074249268, -106.355682373, 16.1932983398, 3.55861902237, -21.8211326599, 131.214004517, 43.0653495789, 1.46030378342, -13.8917417526, 7.50355529785, 8.82920455933, 5.05653429031, 3.80214595795], [-76.3771896362, 60.8254356384, -21.3364849091, 4.6238451004, 23.540178299, 43.0653495789, 111.22076416, 6.4070982933, -1.01420974731, 3.65477466583, 14.9336338043, 0.456142634153, -5.34490823746], [1.03786993027, 8.03157806396, -4.42092084885, 1.59533262253, 8.51779079437, 1.46030378342, 6.4070982933, 74.3184585571, 33.3990402222, 3.17195296288, 2.80414891243, -7.89475917816, 14.7922935486], [-64.7688674927, 66.9107513428, -38.1432037354, 26.5419769287, -5.03831720352, -13.8917417526, -1.01420974731, 33.3990402222, 93.7513275146, 2.07499790192, 6.22039318085, -13.3266029358, -1.11646616459], [14.2776155472, -38.0298156738, 19.7835979462, -17.6703186035, 4.38790559769, 7.50355529785, 3.65477466583, 3.17195296288, 2.07499790192, 51.4092102051, 13.1054315567, 10.6132116318, -1.58307945728], [-88.0979919434, 69.8817062378, -36.8231163025, 10.6087760925, -5.661028862, 8.82920455933, 14.9336338043, 2.80414891243, 6.22039318085, 13.1054315567, 69.1831054688, -2.85121870041, 8.13290596008], [31.4768352509, -99.7124328613, 70.2434158325, -24.0767841339, 14.2454252243, 5.05653429031, 0.456142634153, -7.89475917816, -13.3266029358, 10.6132116318, -2.85121870041, 89.0601119995, -12.3879137039], [-45.6265106201, 48.8829040527, -50.4297714233, 18.6558589935, 3.93591403961, 3.80214595795, -5.34490823746, 14.7922935486, -1.11646616459, -1.58307945728, 8.13290596008, -12.3879137039, 69.0182876587]],
        "icov": [[0.000758468871936, 0.000220914720558, 0.000851203862112, -0.000320611725328, 0.000240642839344, -0.000922286882997, 0.000855971011333, -0.000718449882697, 0.00083278742386, -0.000577967148274, 0.00111349159852, -0.000450963329058, 0.00109897193033], [0.000220914720558, 0.0046562938951, -0.000325965811498, 0.000928222725634, -0.00316886673681, 0.0036657077726, -0.0030720140785, 0.00260024913587, -0.0032950702589, 0.00392604898661, -0.00480802403763, 0.00465340400115, -0.00301878899336], [0.000851203862112, -0.000325965811498, 0.00526907481253, -0.00098011654336, 0.00137883028947, -0.00201192940585, 0.0022989672143, -0.00280841067433, 0.0033542343881, -0.00284968107007, 0.00389869627543, -0.00385323679075, 0.00455850781873], [-0.000320611725328, 0.000928222725634, -0.00098011654336, 0.00793244689703, 0.000934801646508, 0.00140147958882, -0.00211186637171, 0.00234362110496, -0.00373331201263, 0.00381314079277, -0.0026711281389, 0.00243989704177, -0.00374627998099], [0.000240642839344, -0.00316886673681, 0.00137883028947, 0.000934801646508, 0.0085026435554, -0.00147289363667, 0.000661826925352, -0.00294331694022, 0.00312262121588, -0.00333283795044, 0.00488049490377, -0.00471095461398, 0.00199000327848], [-0.000922286882997, 0.0036657077726, -0.00201192940585, 0.00140147958882, -0.00147289363667, 0.0140436459333, -0.00797865539789, 0.00290163396858, -0.00270067900419, 0.00325852097012, -0.0060233110562, 0.00438801618293, -0.00545587670058], [0.000855971011333, -0.0030720140785, 0.0022989672143, -0.00211186637171, 0.000661826925352, -0.00797865539789, 0.0150427231565, -0.00426986487582, 0.00420951098204, -0.00373435067013, 0.00315087707713, -0.00417752796784, 0.00633548852056], [-0.000718449882697, 0.00260024913587, -0.00280841067433, 0.00234362110496, -0.00294331694022, 0.00290163396858, -0.00426986487582, 0.0205320920795, -0.0104275876656, 0.00313731771894, -0.0043811602518, 0.00491565605626, -0.00842347089201], [0.00083278742386, -0.0032950702589, 0.0033542343881, -0.00373331201263, 0.00312262121588, -0.00270067900419, 0.00420951098204, -0.0104275876656, 0.0188220273703, -0.00574906449765, 0.005181228742, -0.00419398536906, 0.00768515653908], [-0.000577967148274, 0.00392604898661, -0.00284968107007, 0.00381314079277, -0.00333283795044, 0.00325852097012, -0.00373435067013, 0.00313731771894, -0.00574906449765, 0.0269001461565, -0.0106823798269, 0.00344453658909, -0.00482563627884], [0.00111349159852, -0.00480802403763, 0.00389869627543, -0.0026711281389, 0.00488049490377, -0.0060233110562, 0.00315087707713, -0.0043811602518, 0.005181228742, -0.0106823798269, 0.0246051587164, -0.00693502835929, 0.00464326143265], [-0.000450963329058, 0.00465340400115, -0.00385323679075, 0.00243989704177, -0.00471095461398, 0.00438801618293, -0.00417752796784, 0.00491565605626, -0.00419398536906, 0.00344453658909, -0.00693502835929, 0.0194271244109, -0.00410375697538], [0.00109897193033, -0.00301878899336, 0.00455850781873, -0.00374627998099, 0.00199000327848, -0.00545587670058, 0.00633548852056, -0.00842347089201, 0.00768515653908, -0.00482563627884, 0.00464326143265, -0.00410375697538, 0.0229098889977]]
    },
    "melbands": {
        "mean": [0.00041848528781, 0.00122675846796, 0.00138889707159, 0.000995370442979, 0.000687653257046, 0.000427727791248, 0.000334290962201, 0.000634250347503, 0.000436688307673, 0.000282075256109, 0.00033683507354, 0.000197703702725, 0.000171783001861, 0.000105888291728, 8.09811244835e-005, 6.45939508104e-005, 9.27584260353e-005, 6.25847460469e-005, 7.40072937333e-005, 6.70534282108e-005, 4.41663323727e-005, 3.08991257043e-005, 2.37827953242e-005, 1.65213332366e-005, 1.42848812175e-005, 9.95766095002e-006, 1.23943955259e-005, 1.53910241352e-005, 1.24238031276e-005, 6.27873305348e-006, 5.86915166423e-006, 3.68203086509e-006, 3.57385715688e-006, 3.78633330911e-006, 3.20848562296e-006, 2.5002602797e-006, 2.2804931632e-006, 1.93281698557e-006, 1.86800718893e-006, 1.22797132462e-006],
        "var": [4.57008127341e-007, 1.68866722561e-006, 1.6867377326e-006, 2.46148761107e-006, 2.98597399251e-007, 1.92600552396e-007, 1.2626020407e-007, 6.35466676613e-007, 4.61444614075e-007, 1.32025064659e-007, 1.71582854591e-007, 9.34113160156e-008, 7.03579630112e-008, 1.82246804314e-008, 1.23469741098e-008, 6.84021816966e-009, 2.07908019689e-008, 5.76048764245e-009, 8.6191374038e-009, 5.35545963132e-009, 1.63846569645e-009, 7.92093335367e-010, 3.89910603804e-010, 2.2626037155e-010, 1.86967566429e-010, 8.76582764708e-011, 1.82981588215e-010, 3.32407046333e-010, 4.0202735585e-010, 6.72544520075e-011, 8.84951417701e-011, 4.15718952318e-011, 2.58053699936e-011, 3.57124017858e-011, 3.45206953301e-011, 1.99972243625e-011, 1.43499673949e-011, 1.12187724388e-011, 1.63348987114e-011, 1.23454649281e-011]
    },
    "mfcc": {
        "mean": [-588.702758789, 119.593185425, -4.39089202881, 14.2937088013, -1.05193948746, 0.0314005687833, -3.66917014122, 0.0732156336308, 0.954487860203, 2.90369009972, -8.02488613129, -1.57750606537, -3.07327079773],
        "cov": [[1661.68566895, -535.459838867, -47.8132972717, -115.667831421, -35.2040519714, 53.1440086365, -16.9328041077, 9.91236114502, 10.1930379868, 18.1937580109, -34.0660362244, -30.7121944427, -36.2899627686], [-535.459838867, 668.332641602, -226.840377808, 77.6132965088, 70.8632736206, -40.5049476624, 34.4051513672, -6.71561336517, 6.25147342682, 35.2943077087, 12.543721199, 9.47896957397, 8.08318805695], [-47.8132972717, -226.840377808, 355.505340576, -18.6399784088, -42.5771064758, 14.1452255249, -21.0484161377, 4.94534826279, -15.6589307785, -34.514125824, 16.0104084015, 6.96518421173, -4.74491977692], [-115.667831421, 77.6132965088, -18.6399784088, 152.862365723, 13.6953420639, -19.3890914917, -27.3316383362, 5.05825090408, 3.54706954956, 7.75244426727, -10.2411441803, -1.07805407047, 13.6141147614], [-35.2040519714, 70.8632736206, -42.5771064758, 13.6953420639, 112.287475586, -22.5698451996, -9.70770931244, -8.60272884369, 18.046245575, -1.65164840221, -8.52092933655, -4.66318082809, 7.94276571274], [53.1440086365, -40.5049476624, 14.1452255249, -19.3890914917, -22.5698451996, 110.075958252, 38.0960426331, 18.804019928, -11.441280365, -13.0772647858, 15.4575366974, -7.87734127045, -12.5941438675], [-16.9328041077, 34.4051513672, -21.0484161377, -27.3316383362, -9.70770931244, 38.0960426331, 126.241439819, -0.263109028339, 2.44873428345, -5.0480632782, -1.49445962906, 8.29169273376, -3.46980834007], [9.91236114502, -6.71561336517, 4.94534826279, 5.05825090408, -8.60272884369, 18.804019928, -0.263109028339, 80.7608718872, 9.50259971619, 3.25674533844, 12.8181686401, 4.667573452, 1.96595859528], [10.1930379868, 6.25147342682, -15.6589307785, 3.54706954956, 18.046245575, -11.441280365, 2.44873428345, 9.50259971619, 79.8302154541, 19.4683856964, -8.79134941101, -0.331005901098, -5.15956306458], [18.1937580109, 35.2943077087, -34.514125824, 7.75244426727, -1.65164840221, -13.0772647858, -5.0480632782, 3.25674533844, 19.4683856964, 79.9627227783, 6.74619913101, 5.04426383972, -4.03927087784], [-34.0660362244, 12.543721199, 16.0104084015, -10.2411441803, -8.52092933655, 15.4575366974, -1.49445962906, 12.8181686401, -8.79134941101, 6.74619913101, 57.7815628052, 12.5842943192, -2.63171935081], [-30.7121944427, 9.47896957397, 6.96518421173, -1.07805407047, -4.66318082809, -7.87734127045, 8.29169273376, 4.667573452, -0.331005901098, 5.04426383972, 12.5842943192, 66.0516357422, 17.4177875519], [-36.2899627686, 8.08318805695, -4.74491977692, 13.6141147614, 7.94276571274, -12.5941438675, -3.46980834007, 1.96595859528, -5.15956306458, -4.03927087784, -2.63171935081, 17.4177875519, 57.9627113342]],
        "icov": [[0.00100859301165, 0.00103202392347, 0.000758242444135, 0.000348068249878, -0.000164451674209, -0.000231023368542, 0.000104239668872, -0.000138357572723, 0.000123254139908, -0.000463735050289, 0.000373501854483, 5.55853330297e-005, 0.000430049549323], [0.00103202392347, 0.00334208738059, 0.00202675187029, -0.000750712119043, -0.00110972719267, 0.000611734343693, -0.000893946969882, -9.01875391719e-005, 0.000542533176485, -0.000750846636947, -0.000923460524064, -6.94927148288e-005, 0.000731763255317], [0.000758242444135, 0.00202675187029, 0.00446429802105, -7.97391840024e-005, 0.000547007191926, 0.000145458092447, 0.000348497531377, -4.00440476369e-005, 0.000178792324732, 0.00104450830258, -0.00114881282207, -0.000446735473815, 0.000725927646272], [0.000348068249878, -0.000750712119043, -7.97391840024e-005, 0.00783330388367, -6.43278690404e-005, -8.10156998341e-005, 0.00189281930216, -0.000838370528072, -1.87424138858e-005, -0.000653545022942, 0.00197698222473, 0.000262782356003, -0.00142723752651], [-0.000164451674209, -0.00110972719267, 0.000547007191926, -6.43278690404e-005, 0.0107615124434, 0.00111941399518, 0.000867299735546, 0.000985506456345, -0.00268249143846, 0.00169048365206, 0.000190292048501, 0.000955762283411, -0.00150081631728], [-0.000231023368542, 0.000611734343693, 0.000145458092447, -8.10156998341e-005, 0.00111941399518, 0.012621389702, -0.00401268200949, -0.00259852758609, 0.00132119748741, 0.00171126506757, -0.00345395691693, 0.0021531120874, 0.00167091982439], [0.000104239668872, -0.000893946969882, 0.000348497531377, 0.00189281930216, 0.000867299735546, -0.00401268200949, 0.0101218037307, 0.000730360043235, -0.00104085099883, 0.000518290151376, 0.00201144837774, -0.00199642195366, -9.81006792244e-007], [-0.000138357572723, -9.01875391719e-005, -4.00440476369e-005, -0.000838370528072, 0.000985506456345, -0.00259852758609, 0.000730360043235, 0.0139679862186, -0.00262572499923, 5.5786640587e-005, -0.0027793913614, -0.000551228178665, -0.00120049819816], [0.000123254139908, 0.000542533176485, 0.000178792324732, -1.87424138858e-005, -0.00268249143846, 0.00132119748741, -0.00104085099883, -0.00262572499923, 0.0149678662419, -0.0037216830533, 0.00260511273518, -0.000425373000326, 0.0020210754592], [-0.000463735050289, -0.000750846636947, 0.00104450830258, -0.000653545022942, 0.00169048365206, 0.00171126506757, 0.000518290151376, 5.5786640587e-005, -0.0037216830533, 0.0150558371097, -0.00280322390608, -0.000893929915037, 0.00108194863424], [0.000373501854483, -0.000923460524064, -0.00114881282207, 0.00197698222473, 0.000190292048501, -0.00345395691693, 0.00201144837774, -0.0027793913614, 0.00260511273518, -0.00280322390608, 0.0217536427081, -0.00432545598596, 0.00156640436035], [5.55853330297e-005, -6.94927148288e-005, -0.000446735473815, 0.000262782356003, 0.000955762283411, 0.0021531120874, -0.00199642195366, -0.000551228178665, -0.000425373000326, -0.000893929915037, -0.00432545598596, 0.0182035695761, -0.00558447884396], [0.000430049549323, 0.000731763255317, 0.000725927646272, -0.00142723752651, -0.00150081631728, 0.00167091982439, -9.81006792244e-007, -0.00120049819816, 0.0020210754592, 0.00108194863424, 0.00156640436035, -0.00558447884396, 0.020428262651]]
    },
    "spectral_contrast_coeffs": {
        "mean": [-0.592736959457, -0.739411711693, -0.762163102627, -0.775022149086, -0.78401517868, -0.758241713047],
        "var": [0.00506417034194, 0.00357011100277, 0.00275416113436, 0.00215996080078, 0.00105446705129, 0.000956942909397]
    },
    "spectral_contrast_valleys": {
        "mean": [-7.1103978157, -6.06480979919, -6.55852603912, -7.00687599182, -7.03695487976, -9.6558303833],
        "var": [0.389334797859, 0.358330994844, 0.406801253557, 0.474456369877, 0.427394896746, 0.682564139366]
    }
},
"metadata": {
    "audio_properties": {
        "analysis_sample_rate": 44100,
        "bit_rate": 128074,
        "equal_loudness": 0,
        "length": 45.0612258911,
        "lossless": 0,
        "replay_gain": -6.31231117249,
        "sample_rate": 44100,
        "codec": "mp3",
        "downmix": "mix",
        "md5_encoded": "42aeba99f0950c29b99ca1e7dd4d0fc6"
    },
    "tags": {
        "file_name": "1471.mp3"
    },
    "version": {
        "essentia": "2.1-beta2",
        "essentia_git_sha": "v2.1_beta2",
        "extractor": "music 1.0"
    }
},
"rhythm": {
    "beats_count": 120,
    "beats_loudness": {
        "mean": 0.0406472794712,
        "var": 0.000200769369258
    },
    "bpm": 161.720657349,
    "bpm_histogram_first_peak_bpm": {
        "mean": 161,
        "var": 0
    },
    "bpm_histogram_first_peak_spread": {
        "mean": 0.210526302457,
        "var": 0
    },
    "bpm_histogram_first_peak_weight": {
        "mean": 0.756302535534,
        "var": 0
    },
    "bpm_histogram_second_peak_bpm": {
        "mean": 167,
        "var": 0
    },
    "bpm_histogram_second_peak_spread": {
        "mean": 0,
        "var": 0
    },
    "bpm_histogram_second_peak_weight": {
        "mean": 0.0336134470999,
        "var": 0
    },
    "danceability": 1.74034190178,
    "onset_rate": 4.30331325531,
    "beats_loudness_band_ratio": {
        "mean": [0.280747234821, 0.245825633407, 0.236165121198, 0.166024655104, 0.117241948843, 0.0573044680059],
        "var": [0.0150835830718, 0.0150502957404, 0.0145143419504, 0.011947975494, 0.00324545311742, 0.0017007694114]
    },
    "beats_position": [0.417959183455, 0.812698423862, 1.18421769142, 1.55573689938, 1.92725622654, 2.29877543449, 2.67029476166, 3.03020405769, 3.41333317757, 3.78485250473, 4.15637159348, 4.53950119019, 4.92263031006, 5.2941493988, 5.66566896439, 6.03718805313, 6.420317173, 6.80344676971, 7.17496585846, 7.5464849472, 7.91800451279, 8.28952407837, 8.66104316711, 9.03256225586, 9.4040813446, 9.77560043335, 10.1471195221, 10.5186395645, 10.8901586533, 11.261677742, 11.6331968307, 11.9931058884, 12.3646259308, 12.7361450195, 13.1192741394, 13.5024032593, 13.8855323792, 14.2570514679, 14.6285715103, 15.0000905991, 15.3716096878, 15.7431287766, 16.114648819, 16.4861679077, 16.8692970276, 17.2408161163, 17.6239452362, 17.995464325, 18.3669834137, 18.7385025024, 19.1216316223, 19.5047607422, 19.8762817383, 20.247800827, 20.6309299469, 21.0024490356, 21.3855781555, 21.7570972443, 22.128616333, 22.5001354218, 22.8716545105, 23.2431735992, 23.614692688, 23.9862117767, 24.3577327728, 24.7408618927, 25.1239910126, 25.4955101013, 25.8670291901, 26.2385482788, 26.6100673676, 26.9815864563, 27.3647155762, 27.747844696, 28.1193637848, 28.4908847809, 28.8624038696, 29.2455329895, 29.6170520782, 29.988571167, 30.3484802246, 30.7199993134, 31.0915184021, 31.4630374908, 31.8345565796, 32.2060775757, 32.5775947571, 32.9491157532, 33.3206329346, 33.6921539307, 34.0636711121, 34.4468002319, 34.8299331665, 35.2014503479, 35.572971344, 35.9444885254, 36.3160095215, 36.6875267029, 37.0706558228, 37.4421768188, 37.8253059387, 38.1968231201, 38.5683441162, 38.9398651123, 39.3113822937, 39.6829032898, 40.0544204712, 40.4259414673, 40.7974586487, 41.1805877686, 41.5521087646, 41.9120178223, 42.2835350037, 42.6550559998, 43.0265769958, 43.3980941772, 43.7696151733, 44.1411323547, 44.5126533508, 44.8841705322]
},
"tonal": {
    "chords_changes_rate": 0.0442386828363,
    "chords_number_rate": 0.00617283955216,
    "chords_strength": {
        "mean": 0.588167488575,
        "var": 0.00277636060491
    },
    "hpcp_entropy": {
        "mean": 1.94137847424,
        "var": 0.649975180626
    },
    "key_strength": 0.79975348711,
    "tuning_diatonic_strength": 0.695315480232,
    "tuning_equal_tempered_deviation": 0.0361663922668,
    "tuning_frequency": 441.527557373,
    "tuning_nontempered_energy_ratio": 0.719696700573,
    "hpcp": {
        "mean": [0.115297630429, 0.1135969311, 0.120786704123, 0.128742083907, 0.116772130132, 0.136827558279, 0.164835706353, 0.222425431013, 0.520959377289, 0.66481512785, 0.362476736307, 0.127156570554, 0.0926973968744, 0.0948830246925, 0.132785230875, 0.178034842014, 0.157500833273, 0.116800457239, 0.0963913053274, 0.0820565521717, 0.110261879861, 0.128193363547, 0.117132887244, 0.157810091972, 0.162912338972, 0.107588820159, 0.0827905163169, 0.0920052230358, 0.136839196086, 0.309051841497, 0.412634193897, 0.249197140336, 0.0981755256653, 0.0653902813792, 0.0607754923403, 0.087449260056],
        "var": [0.0308743920177, 0.0285850372165, 0.032177940011, 0.0430429466069, 0.0339379124343, 0.030813511461, 0.0451327897608, 0.0494976527989, 0.0922840684652, 0.127589061856, 0.0637418553233, 0.0294729806483, 0.0242206770927, 0.0273192096502, 0.0361298434436, 0.0483852140605, 0.0417170077562, 0.0390736460686, 0.0348223298788, 0.0194489359856, 0.0149571662769, 0.0211962480098, 0.0203165374696, 0.0465491898358, 0.0576828345656, 0.0289506781846, 0.0180887337774, 0.0226636137813, 0.0330993868411, 0.0708365663886, 0.0947737023234, 0.0497125089169, 0.0208770222962, 0.0123534789309, 0.0107125546783, 0.019011599943]
    },
    "chords_histogram": [34.2592582703, 0.102880656719, 8.23045253754, 2.98353910446, 0, 0, 0, 0, 0, 0, 0, 0, 0, 0, 0, 0.205761313438, 0, 35.3909454346, 0, 2.67489719391, 0, 0, 16.1522636414, 0],
    "thpcp": [1, 0.545229375362, 0.191266059875, 0.139433339238, 0.142720922828, 0.19973257184, 0.267796009779, 0.236909225583, 0.175688624382, 0.144989639521, 0.12342762202, 0.165853440762, 0.192825585604, 0.176188662648, 0.237374395132, 0.245049089193, 0.161832690239, 0.124531634152, 0.138392195106, 0.205830454826, 0.464868843555, 0.620675086975, 0.374836742878, 0.147673428059, 0.0983585938811, 0.0914171338081, 0.131539210677, 0.173428103328, 0.170869961381, 0.18168464303, 0.193650960922, 0.175646021962, 0.205812945962, 0.24794216454, 0.334567338228, 0.783615410328],
    "chords_key": "C",
    "chords_scale": "minor",
    "key_key": "C",
    "key_scale": "major"
}
}