{
"lowlevel": {
    "average_loudness": 0.922406733036,
    "barkbands_crest": {
        "mean": 9.25912094116,
        "var": 11.2520837784
    },
    "barkbands_flatness_db": {
        "mean": 0.144583716989,
        "var": 0.00275957002304
    },
    "barkbands_kurtosis": {
        "mean": 4.85828113556,
        "var": 51.7265014648
    },
    "barkbands_skewness": {
        "mean": 1.66277813911,
        "var": 1.15118682384
    },
    "barkbands_spread": {
        "mean": 17.4052467346,
        "var": 113.612472534
    },
    "dissonance": {
        "mean": 0.454443633556,
        "var": 0.00108742981683
    },
    "dynamic_complexity": 2.78663849831,
    "erbbands_crest": {
        "mean": 9.22424030304,
        "var": 20.2554759979
    },
    "erbbands_flatness_db": {
        "mean": 0.162477239966,
        "var": 0.00222120014951
    },
    "erbbands_kurtosis": {
        "mean": 0.454534828663,
        "var": 3.66342258453
    },
    "erbbands_skewness": {
        "mean": 0.404685795307,
        "var": 0.525379955769
    },
    "erbbands_spread": {
        "mean": 36.6934547424,
        "var": 369.096801758
    },
    "hfc": {
        "mean": 18.4109096527,
        "var": 235.560028076
    },
    "melbands_crest": {
        "mean": 13.3488388062,
        "var": 17.387556076
    },
    "melbands_flatness_db": {
        "mean": 0.222521260381,
        "var": 0.00424796901643
    },
    "melbands_kurtosis": {
        "mean": 12.8659467697,
        "var": 241.093093872
    },
    "melbands_skewness": {
        "mean": 2.60757756233,
        "var": 2.27557945251
    },
    "melbands_spread": {
        "mean": 18.4572963715,
        "var": 203.591674805
    },
    "pitch_salience": {
        "mean": 0.586562216282,
        "var": 0.00945371203125
    },
    "silence_rate_20dB": {
        "mean": 1,
        "var": 0
    },
    "silence_rate_30dB": {
        "mean": 0.993820786476,
        "var": 0.00614099949598
    },
    "silence_rate_60dB": {
        "mean": 0.0247167870402,
        "var": 0.0241059064865
    },
    "spectral_centroid": {
        "mean": 1018.16546631,
        "var": 269836.71875
    },
    "spectral_complexity": {
        "mean": 19.0195674896,
        "var": 95.522605896
    },
    "spectral_decrease": {
        "mean": -7.32228233602e-009,
        "var": 3.14168325167e-017
    },
    "spectral_energy": {
        "mean": 0.0293059293181,
        "var": 0.000494283507578
    },
    "spectral_energyband_high": {
        "mean": 0.000423000135925,
        "var": 4.64190037519e-007
    },
    "spectral_energyband_low": {
        "mean": 0.00781830400229,
        "var": 0.000129589257995
    },
    "spectral_energyband_middle_high": {
        "mean": 0.00547565706074,
        "var": 4.49572144134e-005
    },
    "spectral_energyband_middle_low": {
        "mean": 0.0171982459724,
        "var": 0.000176541143446
    },
    "spectral_entropy": {
        "mean": 7.33518314362,
        "var": 0.259897559881
    },
    "spectral_flux": {
        "mean": 0.0854599997401,
        "var": 0.00230555678718
    },
    "spectral_kurtosis": {
        "mean": 6.70484113693,
        "var": 21.844285965
    },
    "spectral_rms": {
        "mean": 0.00498596439138,
        "var": 3.73126135855e-006
    },
    "spectral_rolloff": {
        "mean": 1123.84936523,
        "var": 1336684.625
    },
    "spectral_skewness": {
        "mean": 1.90155982971,
        "var": 0.334129005671
    },
    "spectral_spread": {
        "mean": 4244628.5,
        "var": 3.77561258394e+012
    },
    "spectral_strongpeak": {
        "mean": 0.995339334011,
        "var": 1.36370015144
    },
    "zerocrossingrate": {
        "mean": 0.0494403615594,
        "var": 0.00103405350819
    },
    "barkbands": {
        "mean": [0.000158645518241, 0.00362217077054, 0.00276980921626, 0.00344069907442, 0.00564185949042, 0.00149268156383, 0.0016657646047, 0.0025002816692, 0.00170307268854, 0.00115308538079, 0.000883537228219, 0.000684680824634, 0.000474876171211, 0.000624787411653, 0.000678236072417, 0.000397178519052, 0.000370131107047, 0.000257355946815, 0.000292014447041, 0.000120638062072, 8.09607736301e-005, 0.000116027440527, 5.73614706809e-005, 4.33250970673e-005, 4.12214139942e-005, 3.30857074005e-005, 2.4384153221e-006],
        "var": [2.464042268e-007, 6.85497871018e-005, 1.24030038933e-005, 1.46140091601e-005, 3.78758886654e-005, 5.09253368364e-006, 9.88477131614e-006, 2.21137433982e-005, 1.96005457838e-005, 7.67485653341e-006, 7.3399669418e-006, 3.80914138987e-006, 1.08823940081e-006, 2.34141316469e-006, 1.82373219104e-006, 4.90769195949e-007, 2.88381954761e-007, 9.47911686922e-008, 1.27261657212e-007, 2.71732449875e-008, 2.31237748949e-008, 4.18781951339e-008, 1.36233646586e-008, 8.02471422645e-009, 7.05794489519e-009, 4.39969616295e-009, 4.36553918015e-011]
    },
    "erbbands": {
        "mean": [0.0778872221708, 0.906252324581, 3.08186292648, 7.36940813065, 20.2629261017, 14.9654912949, 12.2295780182, 12.4006853104, 19.925491333, 44.9183616638, 47.611114502, 43.4265937805, 42.7277641296, 21.4881324768, 44.7968826294, 24.793592453, 22.783411026, 30.2456092834, 35.3043174744, 30.6253852844, 20.8063907623, 19.968503952, 15.5542593002, 12.7777080536, 13.8171539307, 5.469871521, 3.58363604546, 3.43004155159, 4.10039710999, 2.93957209587, 1.49377632141, 0.975526571274, 0.693705201149, 0.449721306562, 0.29917037487, 0.166924834251, 0.0529419779778, 0.0101732751355, 0.00028872929397, 4.14971982536e-005],
        "var": [0.0427923388779, 4.00961589813, 18.9439334869, 49.6577796936, 661.258666992, 233.454437256, 183.785766602, 467.779296875, 1466.29736328, 7288.94042969, 8176.77099609, 12314.4228516, 12309.6064453, 1440.89233398, 26749.0292969, 2312.84301758, 2449.07983398, 3896.24560547, 5156.78710938, 3708.44824219, 1019.6585083, 745.164794922, 319.312652588, 246.383255005, 281.698425293, 47.8703155518, 38.9912490845, 45.7002716064, 58.8552246094, 30.0970592499, 8.89923477173, 3.55067777634, 2.40620923042, 0.963745653629, 0.348073214293, 0.10731112957, 0.0121726347134, 0.000510769663379, 5.01848205658e-007, 1.17607512617e-009]
    },
    "gfcc": {
        "mean": [-3.00803923607, 106.219833374, -109.851623535, 23.0062236786, -54.4308929443, 6.46493339539, -40.834690094, 4.99681520462, -28.5716094971, -1.41732800007, -24.9862575531, -2.40831494331, -19.5423374176],
        "cov": [[4861.24072266, -1107.98815918, -419.885101318, 102.451072693, 5.11363506317, 32.4134178162, -163.949401855, 383.383544922, -67.8322525024, 235.378692627, -125.211219788, 137.031890869, -219.802154541], [-1107.98815918, 1573.34326172, -98.8871307373, -56.2904701233, 158.819961548, -97.3769073486, 332.35635376, -82.6052017212, 134.816207886, -199.111557007, 186.637542725, -179.477600098, 117.080528259], [-419.885101318, -98.8871307373, 804.429931641, 116.625617981, -61.3708381653, 162.082290649, 68.3864364624, -27.3560962677, -117.446289063, 10.0919494629, -58.8999404907, 76.8880386353, 73.8829193115], [102.451072693, -56.2904701233, 116.625617981, 339.865570068, 56.8495445251, 10.0733680725, -3.90037941933, -2.31470108032, 34.0855865479, -8.19435024261, -2.42488098145, 29.5136699677, 69.8867797852], [5.11363506317, 158.819961548, -61.3708381653, 56.8495445251, 262.189483643, -33.5836410522, 2.47827959061, 64.870223999, 23.0199680328, 19.0560379028, 19.765127182, -21.9553356171, 15.6152162552], [32.4134178162, -97.3769073486, 162.082290649, 10.0733680725, -33.5836410522, 167.591140747, 69.6771011353, -0.582265198231, -33.1490364075, 2.07778143883, -20.3235721588, 11.1419315338, 12.3356904984], [-163.949401855, 332.35635376, 68.3864364624, -3.90037941933, 2.47827959061, 69.6771011353, 280.536651611, 63.9519386292, -10.9257335663, -59.5951156616, 45.7046394348, -7.40198802948, 28.9941959381], [383.383544922, -82.6052017212, -27.3560962677, -2.31470108032, 64.870223999, -0.582265198231, 63.9519386292, 170.970748901, -2.70200610161, 25.5610351563, -3.51458191872, 27.462228775, -15.036154747], [-67.8322525024, 134.816207886, -117.446289063, 34.0855865479, 23.0199680328, -33.1490364075, -10.9257335663, -2.70200610161, 133.680023193, 7.56575536728, 13.6084947586, -32.5257949829, 5.04669046402], [235.378692627, -199.111557007, 10.0919494629, -8.19435024261, 19.0560379028, 2.07778143883, -59.5951156616, 25.5610351563, 7.56575536728, 119.896156311, -0.352286577225, 18.7727432251, -31.0429935455], [-125.211219788, 186.637542725, -58.8999404907, -2.42488098145, 19.765127182, -20.3235721588, 45.7046394348, -3.51458191872, 13.6084947586, -0.352286577225, 106.233146667, -4.87365245819, 12.8172273636], [137.031890869, -179.477600098, 76.8880386353, 29.5136699677, -21.9553356171, 11.1419315338, -7.40198802948, 27.462228775, -32.5257949829, 18.7727432251, -4.87365245819, 98.6351852417, 11.2117710114], [-219.802154541, 117.080528259, 73.8829193115, 69.8867797852, 15.6152162552, 12.3356904984, 28.9941959381, -15.036154747, 5.04669046402, -31.0429935455, 12.8172273636, 11.2117710114, 89.3349685669]],
        "icov": [[0.000404863531003, -0.00027146723005, 0.000443980738055, -0.000581280502956, 0.000437916605733, -0.00060302997008, 0.000547171279322, -0.0010895577725, 0.000660079705995, -0.000638730300125, 0.000514082901645, -0.000445808545919, 0.000808167038485], [-0.00027146723005, 0.00387801416218, -0.00132757110987, 0.00215975474566, -0.00265658926219, 0.00357222277671, -0.00445220107213, 0.00345693598501, -0.00349639332853, 0.00349853024818, -0.00362639012747, 0.00386188109405, -0.00289524137042], [0.000443980738055, -0.00132757110987, 0.00293872551993, -0.00169172615279, 0.00134546111804, -0.00269261538051, 0.00110982987098, -0.00127968168817, 0.00309831672348, -0.00261168275028, 0.00264653167687, -0.00213476549834, 9.19730882742e-005], [-0.000581280502956, 0.00215975474566, -0.00169172615279, 0.00573690934107, -0.00268343789503, 0.00229219044559, -0.00236144685186, 0.00297663663514, -0.00403932668269, 0.00274166720919, -0.00210788007826, 0.00103967182804, -0.00457680644467], [0.000437916605733, -0.00265658926219, 0.00134546111804, -0.00268343789503, 0.00711965654045, -0.00203287787735, 0.00366709451191, -0.0054052839987, 0.00311746797524, -0.00360520277172, 0.00186877034139, -0.000381823687349, 0.000832845398691], [-0.00060302997008, 0.00357222277671, -0.00269261538051, 0.00229219044559, -0.00203287787735, 0.0124483983964, -0.00712193083018, 0.00486319651827, -0.00270852283575, 0.00162982882466, -0.0014719372848, 0.00413155043498, -0.003553254297], [0.000547171279322, -0.00445220107213, 0.00110982987098, -0.00236144685186, 0.00366709451191, -0.00712193083018, 0.0120517332107, -0.00824105460197, 0.00383795122616, -0.000361703743692, 0.000507365155499, -0.00319780758582, 0.00314067467116], [-0.0010895577725, 0.00345693598501, -0.00127968168817, 0.00297663663514, -0.0054052839987, 0.00486319651827, -0.00824105460197, 0.0144293792546, -0.00401203334332, 0.00145369372331, -0.00124986411538, 0.000111965353426, -0.00220798281953], [0.000660079705995, -0.00349639332853, 0.00309831672348, -0.00403932668269, 0.00311746797524, -0.00270852283575, 0.00383795122616, -0.00401203334332, 0.0139241237193, -0.00575967505574, 0.00366987404414, -0.00037580364733, 0.0014447264839], [-0.000638730300125, 0.00349853024818, -0.00261168275028, 0.00274166720919, -0.00360520277172, 0.00162982882466, -0.000361703743692, 0.00145369372331, -0.00575967505574, 0.0163107961416, -0.00639560678974, 0.00157855451107, 0.00133837177418], [0.000514082901645, -0.00362639012747, 0.00264653167687, -0.00210788007826, 0.00186877034139, -0.0014719372848, 0.000507365155499, -0.00124986411538, 0.00366987404414, -0.00639560678974, 0.016117118299, -0.00464628497139, 0.000820337154437], [-0.000445808545919, 0.00386188109405, -0.00213476549834, 0.00103967182804, -0.000381823687349, 0.00413155043498, -0.00319780758582, 0.000111965353426, -0.00037580364733, 0.00157855451107, -0.00464628497139, 0.0183106400073, -0.00571469217539], [0.000808167038485, -0.00289524137042, 9.19730882742e-005, -0.00457680644467, 0.000832845398691, -0.003553254297, 0.00314067467116, -0.00220798281953, 0.0014447264839, 0.00133837177418, 0.000820337154437, -0.00571469217539, 0.020418157801]]
    },
    "melbands": {
        "mean": [0.000855705351569, 0.00151374039706, 0.00173298222944, 0.00135865225457, 0.000461609102786, 0.000282261782559, 0.000308344489895, 0.000514580868185, 0.000394907197915, 0.000244696624577, 0.000204697411391, 7.7897508163e-005, 0.000137292736326, 9.60529432632e-005, 5.05044554302e-005, 4.50655206805e-005, 5.89395313e-005, 5.59662184969e-005, 4.84306146973e-005, 3.31246701535e-005, 2.30092246056e-005, 2.11341794056e-005, 1.77198307938e-005, 1.1239799278e-005, 9.89864565781e-006, 1.22558612929e-005, 6.45356294626e-006, 2.98319400827e-006, 2.33579748965e-006, 1.81857080861e-006, 2.07253333429e-006, 2.37633253164e-006, 2.1550731617e-006, 1.40347538036e-006, 8.82782728695e-007, 6.62546369767e-007, 5.59826105473e-007, 4.89194405873e-007, 4.2650643195e-007, 3.64663094388e-007],
        "var": [4.2306078285e-006, 5.87311342315e-006, 2.95027666652e-006, 2.36192454395e-006, 2.11969009456e-007, 2.22343501832e-007, 3.45358500908e-007, 9.70167207015e-007, 5.99434486048e-007, 3.77429444143e-007, 3.01146570791e-007, 2.34080186345e-008, 1.95539996639e-007, 9.88853088302e-008, 8.26853607805e-009, 1.15270708534e-008, 1.8168799798e-008, 1.7254251361e-008, 9.34508204153e-009, 3.97680022246e-009, 1.43215928006e-009, 9.99107574451e-010, 5.11986342211e-010, 1.95783222967e-010, 1.76126613294e-010, 2.54224141738e-010, 8.19952300501e-011, 1.89768149111e-011, 1.76570268823e-011, 1.25646203511e-011, 1.73087603278e-011, 2.11126133937e-011, 1.61787094138e-011, 7.95440102674e-012, 3.44755409117e-012, 1.70432396494e-012, 1.24314566887e-012, 1.20828596694e-012, 1.052659045e-012, 6.29000324048e-013]
    },
    "mfcc": {
        "mean": [-651.423217773, 142.716644287, -0.300184309483, 21.9681854248, 3.5733127594, 3.68109893799, -4.89429569244, 3.08290696144, -3.47875809669, -1.64383292198, 0.47660112381, -8.54964065552, -2.00592446327],
        "cov": [[4505.6328125, -1006.2220459, -610.737976074, 43.3639640808, 61.0779838562, -201.315979004, -88.0392913818, 66.5199127197, 10.9734659195, 137.883255005, 156.305892944, 15.219496727, 21.4539661407], [-1006.2220459, 1338.30834961, -114.021278381, 43.6687011719, -84.737701416, -14.5849275589, 149.652191162, 99.5788803101, -29.4883327484, 103.076652527, 51.8505439758, -57.8646392822, 29.8492507935], [-610.737976074, -114.021278381, 786.804870605, 19.1077728271, -71.2867889404, 164.439575195, 113.099411011, 12.707862854, 70.2216339111, -94.8602523804, -133.3021698, 72.0721664429, -22.1884918213], [43.3639640808, 43.6687011719, 19.1077728271, 307.465270996, 91.1405334473, 6.61387252808, 23.7155208588, 36.3641433716, 49.9589042664, 0.87859505415, -23.8018455505, 19.2541370392, 32.9326515198], [61.0779838562, -84.737701416, -71.2867889404, 91.1405334473, 242.089614868, -2.29165315628, -44.6845321655, -55.644443512, 18.4342193604, 15.0954608917, -19.3783359528, -3.2168431282, 0.930327951908], [-201.315979004, -14.5849275589, 164.439575195, 6.61387252808, -2.29165315628, 158.917129517, 19.7913818359, -10.7185897827, 12.8459835052, -3.13816666603, -21.3931503296, 6.19947957993, -24.6021938324], [-88.0392913818, 149.652191162, 113.099411011, 23.7155208588, -44.6845321655, 19.7913818359, 246.275817871, 83.7818145752, 38.5310058594, 2.06365561485, -9.96354389191, 44.135509491, -22.6866321564], [66.5199127197, 99.5788803101, 12.707862854, 36.3641433716, -55.644443512, -10.7185897827, 83.7818145752, 153.744293213, 48.3358840942, 3.13388371468, 10.3842163086, 5.59301662445, 9.45346927643], [10.9734659195, -29.4883327484, 70.2216339111, 49.9589042664, 18.4342193604, 12.8459835052, 38.5310058594, 48.3358840942, 122.618690491, 7.27486896515, -28.4226493835, 26.8166790009, -4.38361024857], [137.883255005, 103.076652527, -94.8602523804, 0.87859505415, 15.0954608917, -3.13816666603, 2.06365561485, 3.13388371468, 7.27486896515, 121.97794342, 58.3801841736, -29.4669704437, -6.73098897934], [156.305892944, 51.8505439758, -133.3021698, -23.8018455505, -19.3783359528, -21.3931503296, -9.96354389191, 10.3842163086, -28.4226493835, 58.3801841736, 125.32522583, -15.9749279022, -1.442512393], [15.219496727, -57.8646392822, 72.0721664429, 19.2541370392, -3.2168431282, 6.19947957993, 44.135509491, 5.59301662445, 26.8166790009, -29.4669704437, -15.9749279022, 99.9179458618, 13.3296232224], [21.4539661407, 29.8492507935, -22.1884918213, 32.9326515198, 0.930327951908, -24.6021938324, -22.6866321564, 9.45346927643, -4.38361024857, -6.73098897934, -1.442512393, 13.3296232224, 78.8373336792]],
        "icov": [[0.000378738710424, 0.00040115986485, 0.000263142195763, -0.000118693533295, 9.56139483606e-005, 0.000208584140637, -0.000102474761661, -0.000336001714459, 0.000149462532136, -0.000597632257268, -1.82613584911e-005, -0.000147416387335, -7.46690056985e-005], [0.00040115986485, 0.00140677380841, 0.000413065776229, -0.000305433932226, 0.000405229744501, 0.000116529234219, -0.000830059347209, -0.000592746306211, 0.000615229248069, -0.00139757734723, 0.000206973549211, 0.000468631915282, -0.000694717804436], [0.000263142195763, 0.000413065776229, 0.00252027693205, -0.000172213403857, 0.000907710753381, -0.00184387643822, -0.000816081475932, 0.000210523910937, -0.000614594784565, 0.000322024687193, 0.00152867881116, -0.000565460126381, -0.000176044093678], [-0.000118693533295, -0.000305433932226, -0.000172213403857, 0.00443288078532, -0.00199575466104, -0.000419529911596, -0.000142945165862, -0.00106823153328, -0.00094445690047, 0.000292898766929, 0.000234727645875, -0.000191432147403, -0.00176352565177], [9.56139483606e-005, 0.000405229744501, 0.000907710753381, -0.00199575466104, 0.00612297933549, -0.000153761604452, 6.93297552061e-005, 0.00255776080303, -0.00122968899086, -0.00101726665162, 0.00123352825176, 0.000164406970725, 0.000342264567735], [0.000208584140637, 0.000116529234219, -0.00184387643822, -0.000419529911596, -0.000153761604452, 0.00875823479146, 0.000205852804356, 0.00035340845352, 0.00025282727438, -0.00133811391424, -0.000184697011719, 1.54296049004e-006, 0.00220337999053], [-0.000102474761661, -0.000830059347209, -0.000816081475932, -0.000142945165862, 6.93297552061e-005, 0.000205852804356, 0.00687485234812, -0.00324982684106, 0.000439825671492, -0.000763383926824, 0.000496199878398, -0.00339787453413, 0.00314650754444], [-0.000336001714459, -0.000592746306211, 0.000210523910937, -0.00106823153328, 0.00255776080303, 0.00035340845352, -0.00324982684106, 0.0116875758395, -0.00502898264676, 0.00225336127914, -0.00197135913186, 0.00256852689199, -0.00199280120432], [0.000149462532136, 0.000615229248069, -0.000614594784565, -0.00094445690047, -0.00122968899086, 0.00025282727438, 0.000439825671492, -0.00502898264676, 0.012840420939, -0.00397268356755, 0.00339037692174, -0.00332098337822, 0.00176927447319], [-0.000597632257268, -0.00139757734723, 0.000322024687193, 0.000292898766929, -0.00101726665162, -0.00133811391424, -0.000763383926824, 0.00225336127914, -0.00397268356755, 0.0143433222547, -0.00603717099875, 0.00357823329978, 5.28625459992e-005], [-1.82613584911e-005, 0.000206973549211, 0.00152867881116, 0.000234727645875, 0.00123352825176, -0.000184697011719, 0.000496199878398, -0.00197135913186, 0.00339037692174, -0.00603717099875, 0.0133162755519, -0.00174805324059, 0.000778059533332], [-0.000147416387335, 0.000468631915282, -0.000565460126381, -0.000191432147403, 0.000164406970725, 1.54296049004e-006, -0.00339787453413, 0.00256852689199, -0.00332098337822, 0.00357823329978, -0.00174805324059, 0.0142872529104, -0.0038305320777], [-7.46690056985e-005, -0.000694717804436, -0.000176044093678, -0.00176352565177, 0.000342264567735, 0.00220337999053, 0.00314650754444, -0.00199280120432, 0.00176927447319, 5.28625459992e-005, 0.000778059533332, -0.0038305320777, 0.0162475798279]]
    },
    "spectral_contrast_coeffs": {
        "mean": [-0.594690799713, -0.708763301373, -0.764032423496, -0.777541816235, -0.775221645832, -0.760736525059],
        "var": [0.00585425877944, 0.00550562236458, 0.00503670563921, 0.00441554514691, 0.00379768479615, 0.00166899489705]
    },
    "spectral_contrast_valleys": {
        "mean": [-7.13276910782, -6.66973114014, -7.2416510582, -7.68094444275, -7.87962913513, -10.5722799301],
        "var": [0.963956356049, 0.632206678391, 0.638401925564, 0.840401768684, 1.08045804501, 1.33590042591]
    }
},
"metadata": {
    "audio_properties": {
        "analysis_sample_rate": 44100,
        "bit_rate": 128074,
        "equal_loudness": 0,
        "length": 45.0612258911,
        "lossless": 0,
        "replay_gain": -6.1957321167,
        "sample_rate": 44100,
        "codec": "mp3",
        "downmix": "mix",
        "md5_encoded": "8eb8fe29f6edcf637c1f955f52d8364d"
    },
    "tags": {
        "file_name": "1472.mp3"
    },
    "version": {
        "essentia": "2.1-beta2",
        "essentia_git_sha": "v2.1_beta2",
        "extractor": "music 1.0"
    }
},
"rhythm": {
    "beats_count": 60,
    "beats_loudness": {
        "mean": 0.0466065108776,
        "var": 0.000454060034826
    },
    "bpm": 80.0163497925,
    "bpm_histogram_first_peak_bpm": {
        "mean": 81,
        "var": 0
    },
    "bpm_histogram_first_peak_spread": {
        "mean": 0.101694941521,
        "var": 0
    },
    "bpm_histogram_first_peak_weight": {
        "mean": 0.898305058479,
        "var": 0
    },
    "bpm_histogram_second_peak_bpm": {
        "mean": 0,
        "var": 0
    },
    "bpm_histogram_second_peak_spread": {
        "mean": 0,
        "var": 0
    },
    "bpm_histogram_second_peak_weight": {
        "mean": 0,
        "var": 0
    },
    "danceability": 1.18786644936,
    "onset_rate": 3.30512213707,
    "beats_loudness_band_ratio": {
        "mean": [0.464786738157, 0.234282687306, 0.18148945272, 0.109646566212, 0.0705105662346, 0.0517339669168],
        "var": [0.0369943194091, 0.0205332953483, 0.0154971648008, 0.00519779138267, 0.00260914955288, 0.00242721731775]
    },
    "beats_position": [0.719818592072, 1.46285712719, 2.20589566231, 2.94893407822, 3.7151927948, 4.45823097229, 5.20126962662, 5.94430828094, 6.6989569664, 7.45360517502, 8.20825386047, 8.96290206909, 9.70594120026, 10.4489793777, 11.2152376175, 11.9582767487, 12.7013149261, 13.4443531036, 14.1990022659, 14.9536504745, 15.696688652, 16.4397277832, 17.2059860229, 17.9490242004, 18.6920623779, 19.4351024628, 20.2013607025, 20.9560089111, 21.7106571198, 22.4536952972, 23.2083435059, 23.9629936218, 24.7060317993, 25.4490699768, 26.2153282166, 26.958366394, 27.7014045715, 28.4444446564, 29.2107028961, 29.9537410736, 30.6967792511, 31.4514274597, 32.2060775757, 32.9491157532, 33.7037620544, 34.4584121704, 35.2014503479, 35.9561004639, 36.7107467651, 37.4537849426, 38.2084350586, 38.9514732361, 39.7061233521, 40.4491615295, 41.192199707, 41.9468460083, 42.7014961243, 43.4561424255, 44.2107925415, 44.9654426575]
},
"tonal": {
    "chords_changes_rate": 0.0483539104462,
    "chords_number_rate": 0.00925925932825,
    "chords_strength": {
        "mean": 0.550937891006,
        "var": 0.00651595136151
    },
    "hpcp_entropy": {
        "mean": 2.02544879913,
        "var": 0.619472444057
    },
    "key_strength": 0.859338760376,
    "tuning_diatonic_strength": 0.734281301498,
    "tuning_equal_tempered_deviation": 0.0457709170878,
    "tuning_frequency": 440.254241943,
    "tuning_nontempered_energy_ratio": 0.721217811108,
    "hpcp": {
        "mean": [0.201394096017, 0.154761701822, 0.0929935351014, 0.0651865378022, 0.0549696274102, 0.0841043964028, 0.127288267016, 0.139921739697, 0.202010586858, 0.277578830719, 0.205040544271, 0.0985300838947, 0.0649275109172, 0.0586048141122, 0.130847200751, 0.207276180387, 0.157782644033, 0.0848149061203, 0.0658002197742, 0.0729359835386, 0.148141473532, 0.214511111379, 0.184279039502, 0.216915801167, 0.244502931833, 0.145997554064, 0.090202152729, 0.090055771172, 0.114682845771, 0.250060617924, 0.325821310282, 0.209117516875, 0.121719323099, 0.115203469992, 0.109450370073, 0.156276926398],
        "var": [0.0739570856094, 0.047258362174, 0.0265329219401, 0.0161903202534, 0.0125172920525, 0.0198082309216, 0.0370887033641, 0.0466611683369, 0.0610382296145, 0.102203391492, 0.07651899755, 0.0347377583385, 0.020293481648, 0.0135252708569, 0.0338744819164, 0.0783964395523, 0.0515250638127, 0.0263561718166, 0.0196330714971, 0.0219307709485, 0.0502746999264, 0.0910513103008, 0.0565050281584, 0.083911433816, 0.119116693735, 0.0514713041484, 0.03244401142, 0.0323483943939, 0.0369049347937, 0.0956778898835, 0.136889442801, 0.0687724947929, 0.0408637225628, 0.0513778589666, 0.0369340628386, 0.05211526528]
    },
    "chords_histogram": [30.0411529541, 0.411522626877, 18.2098770142, 0.205761313438, 5.04115247726, 0, 0, 0.617283940315, 5.45267486572, 0, 0.411522626877, 0, 0, 0, 0, 9.77366256714, 0, 1.64609050751, 0, 0, 0, 2.67489719391, 14.9176950455, 10.5967073441],
    "thpcp": [1, 0.641816556454, 0.373576939106, 0.353578686714, 0.335921466351, 0.479639977217, 0.61811208725, 0.474989503622, 0.285412698984, 0.200068369508, 0.168710961938, 0.258130431175, 0.390668928623, 0.429443180561, 0.620004236698, 0.85193580389, 0.629303634167, 0.302405267954, 0.199273377657, 0.179867953062, 0.401591897011, 0.636165201664, 0.484261274338, 0.260311096907, 0.201951861382, 0.223852708936, 0.454670906067, 0.658370435238, 0.565583109856, 0.665750801563, 0.750420331955, 0.448090881109, 0.27684545517, 0.27639618516, 0.351980805397, 0.767477810383],
    "chords_key": "C",
    "chords_scale": "major",
    "key_key": "C",
    "key_scale": "major"
}
}