{
"lowlevel": {
    "average_loudness": 0.969220042229,
    "barkbands_crest": {
        "mean": 9.54242229462,
        "var": 13.462518692
    },
    "barkbands_flatness_db": {
        "mean": 0.137343689799,
        "var": 0.00282768346369
    },
    "barkbands_kurtosis": {
        "mean": 5.13947439194,
        "var": 63.6818733215
    },
    "barkbands_skewness": {
        "mean": 1.6678532362,
        "var": 1.20244503021
    },
    "barkbands_spread": {
        "mean": 19.3443641663,
        "var": 213.435821533
    },
    "dissonance": {
        "mean": 0.455115705729,
        "var": 0.000969632819761
    },
    "dynamic_complexity": 2.87214875221,
    "erbbands_crest": {
        "mean": 8.78292369843,
        "var": 17.8170928955
    },
    "erbbands_flatness_db": {
        "mean": 0.148569852114,
        "var": 0.0016546479892
    },
    "erbbands_kurtosis": {
        "mean": 0.606247007847,
        "var": 4.81048440933
    },
    "erbbands_skewness": {
        "mean": 0.580239713192,
        "var": 0.543600440025
    },
    "erbbands_spread": {
        "mean": 37.6337585449,
        "var": 342.788360596
    },
    "hfc": {
        "mean": 19.8863887787,
        "var": 296.371673584
    },
    "melbands_crest": {
        "mean": 12.8043804169,
        "var": 18.8882274628
    },
    "melbands_flatness_db": {
        "mean": 0.216842725873,
        "var": 0.00491890218109
    },
    "melbands_kurtosis": {
        "mean": 13.2644529343,
        "var": 324.395812988
    },
    "melbands_skewness": {
        "mean": 2.54186439514,
        "var": 2.29246401787
    },
    "melbands_spread": {
        "mean": 18.915222168,
        "var": 190.892715454
    },
    "pitch_salience": {
        "mean": 0.573683559895,
        "var": 0.0112899877131
    },
    "silence_rate_20dB": {
        "mean": 1,
        "var": 0
    },
    "silence_rate_30dB": {
        "mean": 1,
        "var": 0
    },
    "silence_rate_60dB": {
        "mean": 0.0298661179841,
        "var": 0.028974423185
    },
    "spectral_centroid": {
        "mean": 1098.08752441,
        "var": 344086.5625
    },
    "spectral_complexity": {
        "mean": 18.3841400146,
        "var": 73.9279251099
    },
    "spectral_decrease": {
        "mean": -7.80666375988e-009,
        "var": 2.77655216353e-017
    },
    "spectral_energy": {
        "mean": 0.0312679074705,
        "var": 0.000434809247963
    },
    "spectral_energyband_high": {
        "mean": 0.000671072746627,
        "var": 1.23606344005e-006
    },
    "spectral_energyband_low": {
        "mean": 0.0111806141213,
        "var": 0.000202378403628
    },
    "spectral_energyband_middle_high": {
        "mean": 0.00556845683604,
        "var": 5.80645610171e-005
    },
    "spectral_energyband_middle_low": {
        "mean": 0.0149250784889,
        "var": 0.000141985496157
    },
    "spectral_entropy": {
        "mean": 7.48318910599,
        "var": 0.231117933989
    },
    "spectral_flux": {
        "mean": 0.100346922874,
        "var": 0.00292855012231
    },
    "spectral_kurtosis": {
        "mean": 5.64271879196,
        "var": 18.1424407959
    },
    "spectral_rms": {
        "mean": 0.00519212801009,
        "var": 3.54704434358e-006
    },
    "spectral_rolloff": {
        "mean": 1242.74853516,
        "var": 3040192.5
    },
    "spectral_skewness": {
        "mean": 1.77712738514,
        "var": 0.35400390625
    },
    "spectral_spread": {
        "mean": 4557427.5,
        "var": 3.56421153587e+012
    },
    "spectral_strongpeak": {
        "mean": 0.973712801933,
        "var": 1.4719222784
    },
    "zerocrossingrate": {
        "mean": 0.0514638870955,
        "var": 0.00184062321205
    },
    "barkbands": {
        "mean": [0.000253367063124, 0.00724415807053, 0.00278729223646, 0.0019730431959, 0.00401434861124, 0.00163853308186, 0.00241246214136, 0.00250910408795, 0.00204168912023, 0.00151466194075, 0.000556986953598, 0.000649671652354, 0.000497531378642, 0.000627050118055, 0.000563437177334, 0.000362639606465, 0.000293418241199, 0.000302744680084, 0.000278267601971, 0.000143235403812, 0.00011083483696, 0.000235136016272, 0.000117795534607, 5.55607221031e-005, 5.15044266649e-005, 3.13691525662e-005, 2.06999584407e-006],
        "var": [3.62620141914e-007, 0.000124960919493, 1.30676535264e-005, 4.27539316661e-006, 2.20742385864e-005, 3.60532544619e-006, 1.63442036865e-005, 3.45975022356e-005, 1.62144660862e-005, 1.87682253454e-005, 1.85378166861e-006, 1.60536262683e-006, 1.32135517106e-006, 2.15534100789e-006, 1.34734773383e-006, 6.27574593182e-007, 2.07859329748e-007, 2.40138007257e-007, 2.11716510989e-007, 4.59359803529e-008, 4.08466114266e-008, 2.52436393566e-007, 5.64997790775e-008, 1.22578107664e-008, 7.47330197726e-009, 4.03995947806e-009, 2.57856999641e-011]
    },
    "erbbands": {
        "mean": [0.204894334078, 1.62423694134, 3.46092367172, 4.94612216949, 10.1421518326, 14.3531036377, 13.1677761078, 13.2890987396, 25.5247936249, 50.9346580505, 51.6758079529, 46.8042869568, 48.0946502686, 36.1085853577, 26.91106987, 23.8533267975, 23.4098815918, 30.9470176697, 33.9944763184, 23.9190406799, 19.1646213531, 17.3774490356, 17.2732391357, 12.3765211105, 14.3727149963, 6.47031402588, 5.02159309387, 4.60712528229, 8.01389884949, 6.71524477005, 3.09187626839, 1.41405260563, 0.853650510311, 0.608482837677, 0.342519849539, 0.150619968772, 0.0560520030558, 0.0090435789898, 0.000256165396422, 4.36478185293e-005],
        "var": [0.103019692004, 6.73320007324, 22.4749717712, 20.3171482086, 156.896026611, 320.041900635, 302.689758301, 239.6978302, 2055.16088867, 8465.59570313, 17431.9335938, 8908.07519531, 13526.0488281, 7562.69433594, 3777.51196289, 1726.9630127, 2325.22729492, 4803.85107422, 5254.56591797, 2231.30639648, 1422.17077637, 711.528137207, 796.422546387, 370.945983887, 567.065551758, 77.0856933594, 101.777160645, 69.5458984375, 323.182952881, 189.103866577, 43.8958969116, 7.30371665955, 3.27431201935, 1.03874289989, 0.386936992407, 0.0791694298387, 0.0160882789642, 0.000396244955482, 2.99711132357e-007, 8.35110758324e-010]
    },
    "gfcc": {
        "mean": [-0.405883401632, 104.035469055, -104.014793396, 28.3633441925, -54.9067955017, 13.963095665, -35.5613670349, 11.0486335754, -20.7708702087, 4.81757259369, -18.4372062683, 3.6037530899, -15.2234973907],
        "cov": [[10983.5615234, -211.33581543, -1083.53344727, 233.993225098, -373.151855469, 166.452713013, -64.1061325073, 309.95513916, 111.730377197, 101.007255554, -207.600067139, 45.2047462463, -152.013458252], [-211.33581543, 1522.13110352, 99.4945602417, 1.47845101357, 208.229049683, -184.753585815, 48.9196662903, -106.863067627, 55.517288208, -95.5819854736, 214.409439087, -109.159042358, 89.9604721069], [-1083.53344727, 99.4945602417, 756.433044434, 103.045562744, 53.77318573, 39.5066299438, 3.33317923546, -96.3616485596, -35.3119850159, 47.8660163879, 32.4923095703, 48.6547584534, 35.4466171265], [233.993225098, 1.47845101357, 103.045562744, 293.067749023, 65.4169311523, -13.9188079834, -14.3025341034, -5.97157859802, 43.2876586914, 14.2538661957, 5.68911314011, 15.5408411026, 29.3704509735], [-373.151855469, 208.229049683, 53.77318573, 65.4169311523, 256.234191895, 5.43468379974, 28.2720985413, 37.4321594238, -1.92186653614, 13.978181839, 42.3680038452, -18.5545368195, 23.0434684753], [166.452713013, -184.753585815, 39.5066299438, -13.9188079834, 5.43468379974, 151.79675293, 50.1813659668, 14.7017450333, -15.2849664688, 18.8825321198, -28.2055282593, 19.1673545837, -8.76642799377], [-64.1061325073, 48.9196662903, 3.33317923546, -14.3025341034, 28.2720985413, 50.1813659668, 153.824890137, 31.9567127228, -32.0535736084, 9.91456222534, 23.2762012482, -8.58267593384, -11.5598392487], [309.95513916, -106.863067627, -96.3616485596, -5.97157859802, 37.4321594238, 14.7017450333, 31.9567127228, 133.084213257, 10.1698598862, 22.5427379608, -12.3955230713, -10.2855100632, -16.1001968384], [111.730377197, 55.517288208, -35.3119850159, 43.2876586914, -1.92186653614, -15.2849664688, -32.0535736084, 10.1698598862, 122.489807129, 19.8872509003, -0.1926792413, 0.686859846115, 17.0397987366], [101.007255554, -95.5819854736, 47.8660163879, 14.2538661957, 13.978181839, 18.8825321198, 9.91456222534, 22.5427379608, 19.8872509003, 94.7919692993, 10.5552453995, 4.37772464752, -6.77499675751], [-207.600067139, 214.409439087, 32.4923095703, 5.68911314011, 42.3680038452, -28.2055282593, 23.2762012482, -12.3955230713, -0.1926792413, 10.5552453995, 96.258140564, 0.37621602416, 16.9537944794], [45.2047462463, -109.159042358, 48.6547584534, 15.5408411026, -18.5545368195, 19.1673545837, -8.58267593384, -10.2855100632, 0.686859846115, 4.37772464752, 0.37621602416, 82.3928604126, 16.9729766846], [-152.013458252, 89.9604721069, 35.4466171265, 29.3704509735, 23.0434684753, -8.76642799377, -11.5598392487, -16.1001968384, 17.0397987366, -6.77499675751, 16.9537944794, 16.9729766846, 84.3043212891]],
        "icov": [[0.000211726423004, -0.000474987726193, 0.000409928325098, -0.00053272821242, 0.00064163323259, -0.000676101248246, 0.000456214183941, -0.000649515190162, 0.000507945311256, -0.000815107836388, 0.000754195731133, -0.000667500251438, 0.000409239029977], [-0.000474987726193, 0.00310004758649, -0.00128969457, 0.00180378381629, -0.0026476692874, 0.00302757276222, -0.00213864562102, 0.00279917684384, -0.00288940104656, 0.00419240817428, -0.00482561439276, 0.00381932989694, -0.0018483758904], [0.000409928325098, -0.00128969457, 0.00266236858442, -0.00166655913927, 0.00108778418507, -0.00196710648015, 0.0010852891719, -3.38380959874e-005, 0.00207152706571, -0.00319462292828, 0.00188578665257, -0.00236779917032, 0.000639081525151], [-0.00053272821242, 0.00180378381629, -0.00166655913927, 0.00570757640526, -0.0030950915534, 0.00282316678204, -0.00164121598937, 0.00220904452726, -0.00331629114226, 0.00262445770204, -0.00204175361432, 0.00162378430832, -0.00187181483489], [0.00064163323259, -0.0026476692874, 0.00108778418507, -0.0030950915534, 0.00787384808064, -0.0036770303268, 0.00213470798917, -0.00481331488118, 0.00319262850098, -0.00370209338143, 0.00175390276127, -0.00160292908549, 0.000469282676931], [-0.000676101248246, 0.00302757276222, -0.00196710648015, 0.00282316678204, -0.0036770303268, 0.0125024057925, -0.00576225295663, 0.00333634577692, -0.00278800842352, 0.00265900418162, -0.000579486193601, 0.00135304755531, -0.00183276028838], [0.000456214183941, -0.00213864562102, 0.0010852891719, -0.00164121598937, 0.00213470798917, -0.00576225295663, 0.0107518229634, -0.00434447173029, 0.00413064658642, -0.00283305603079, -0.000328063528286, -0.00129969138652, 0.00194719503634], [-0.000649515190162, 0.00279917684384, -3.38380959874e-005, 0.00220904452726, -0.00481331488118, 0.00333634577692, -0.00434447173029, 0.0134091116488, -0.00350012350827, 0.00125989865046, -0.00191089592408, 0.00315021420829, -0.000727063918021], [0.000507945311256, -0.00288940104656, 0.00207152706571, -0.00331629114226, 0.00319262850098, -0.00278800842352, 0.00413064658642, -0.00350012350827, 0.0129985455424, -0.00659550633281, 0.00418216688558, -0.00304515170865, -0.000366409251001], [-0.000815107836388, 0.00419240817428, -0.00319462292828, 0.00262445770204, -0.00370209338143, 0.00265900418162, -0.00283305603079, 0.00125989865046, -0.00659550633281, 0.0189653914422, -0.00889889802784, 0.00504386192188, -0.000742666714359], [0.000754195731133, -0.00482561439276, 0.00188578665257, -0.00204175361432, 0.00175390276127, -0.000579486193601, -0.000328063528286, -0.00191089592408, 0.00418216688558, -0.00889889802784, 0.0219875909388, -0.0071329139173, 0.000931994232815], [-0.000667500251438, 0.00381932989694, -0.00236779917032, 0.00162378430832, -0.00160292908549, 0.00135304755531, -0.00129969138652, 0.00315021420829, -0.00304515170865, 0.00504386192188, -0.0071329139173, 0.0191064663231, -0.00523849762976], [0.000409239029977, -0.0018483758904, 0.000639081525151, -0.00187181483489, 0.000469282676931, -0.00183276028838, 0.00194719503634, -0.000727063918021, -0.000366409251001, -0.000742666714359, 0.000931994232815, -0.00523849762976, 0.0156464129686]]
    },
    "melbands": {
        "mean": [0.00194174249191, 0.00196506711654, 0.00100238667801, 0.000949560257141, 0.000493894971441, 0.000297299789963, 0.000419580057496, 0.000570282631088, 0.000404234335292, 0.000284333073068, 0.000243163100095, 0.000158321723575, 8.79554645508e-005, 7.36731381039e-005, 5.46536502952e-005, 5.04970375914e-005, 5.78072831559e-005, 5.58058818569e-005, 3.75675881514e-005, 2.55858249147e-005, 2.1947606001e-005, 1.74504748429e-005, 1.8067234123e-005, 1.31348206196e-005, 9.30898750084e-006, 1.15536504381e-005, 7.42294650991e-006, 3.6875137539e-006, 3.29433692059e-006, 2.54853466686e-006, 2.68113944912e-006, 4.29221017839e-006, 5.12280166731e-006, 3.0860555853e-006, 1.94275435206e-006, 1.12407792585e-006, 7.19431795915e-007, 5.94723019276e-007, 5.6151213812e-007, 4.95046208471e-007],
        "var": [8.78938953974e-006, 7.87728185969e-006, 7.96440360773e-007, 1.29842806018e-006, 3.71708978264e-007, 1.19743617688e-007, 5.42283373761e-007, 1.07998755539e-006, 1.03659249362e-006, 3.34630925636e-007, 3.8589374185e-007, 1.76155239728e-007, 4.17677163966e-008, 2.3022318274e-008, 1.54909969297e-008, 1.39866864757e-008, 1.87530684315e-008, 1.69661262817e-008, 5.78140024743e-009, 3.35180350142e-009, 2.46964249051e-009, 7.79835085396e-010, 9.7320818071e-010, 4.52087617342e-010, 2.79105183409e-010, 3.60222296436e-010, 1.66358218867e-010, 3.9300469129e-011, 5.15735197604e-011, 2.42400405304e-011, 2.66562553281e-011, 9.91588477994e-011, 1.32092600746e-010, 3.93590819658e-011, 2.16382571583e-011, 5.08337295868e-012, 2.16630034224e-012, 1.93498624242e-012, 1.09847634461e-012, 6.88568776649e-013]
    },
    "mfcc": {
        "mean": [-645.916320801, 136.47543335, 6.85961675644, 21.8207855225, 3.80954194069, 6.19253063202, -3.25450992584, 6.86984634399, -0.0887492001057, 1.46141266823, 5.11261510849, -3.7788438797, 2.21958208084],
        "cov": [[8005.61865234, -406.31048584, -618.427124023, -14.295296669, -203.006408691, -58.9201393127, -165.136886597, 229.914230347, 166.108764648, 193.699798584, 243.632293701, -141.569152832, 41.20677948], [-406.31048584, 1486.56689453, 55.6072616577, 159.934280396, 110.054344177, -26.1630535126, 98.6841888428, -32.2075080872, -114.225967407, 12.9683036804, -19.2191619873, 21.9279708862, 40.142829895], [-618.427124023, 55.6072616577, 596.88458252, 82.1708374023, 29.7030105591, 115.327056885, -8.37591552734, -56.255317688, -17.4874820709, -57.9715957642, -81.0619277954, 78.575630188, 2.46339607239], [-14.295296669, 159.934280396, 82.1708374023, 302.231781006, 108.746795654, 15.0599956512, 12.1656665802, -17.1373462677, 8.69587612152, 2.18768310547, -39.4822502136, 65.8487319946, 37.4197235107], [-203.006408691, 110.054344177, 29.7030105591, 108.746795654, 215.784286499, 11.8986234665, 0.319019109011, -19.8977355957, 28.4044208527, 0.36599189043, -23.3860969543, 34.8048400879, 10.0499944687], [-58.9201393127, -26.1630535126, 115.327056885, 15.0599956512, 11.8986234665, 146.83430481, 24.8542709351, 2.33828496933, 9.647315979, -17.1807079315, 1.00516533852, 13.0136489868, -12.6529836655], [-165.136886597, 98.6841888428, -8.37591552734, 12.1656665802, 0.319019109011, 24.8542709351, 214.05380249, 22.5390262604, -3.70004868507, 10.8676605225, 11.1374015808, 17.7068729401, -12.1598072052], [229.914230347, -32.2075080872, -56.255317688, -17.1373462677, -19.8977355957, 2.33828496933, 22.5390262604, 102.29914856, 14.3519010544, -4.12227296829, 16.6213779449, -26.632226944, 10.1047000885], [166.108764648, -114.225967407, -17.4874820709, 8.69587612152, 28.4044208527, 9.647315979, -3.70004868507, 14.3519010544, 100.778762817, 24.4334430695, 0.551954567432, 7.32335472107, -5.62360620499], [193.699798584, 12.9683036804, -57.9715957642, 2.18768310547, 0.36599189043, -17.1807079315, 10.8676605225, -4.12227296829, 24.4334430695, 93.623626709, 35.5801353455, -3.24882674217, 0.499117493629], [243.632293701, -19.2191619873, -81.0619277954, -39.4822502136, -23.3860969543, 1.00516533852, 11.1374015808, 16.6213779449, 0.551954567432, 35.5801353455, 103.722335815, -16.4704608917, 4.57176542282], [-141.569152832, 21.9279708862, 78.575630188, 65.8487319946, 34.8048400879, 13.0136489868, 17.7068729401, -26.632226944, 7.32335472107, -3.24882674217, -16.4704608917, 103.284347534, 15.6505155563], [41.20677948, 40.142829895, 2.46339607239, 37.4197235107, 10.0499944687, -12.6529836655, -12.1598072052, 10.1047000885, -5.62360620499, 0.499117493629, 4.57176542282, 15.6505155563, 73.0447692871]],
        "icov": [[0.000165094592376, 7.4389540714e-006, 0.000109840686491, -0.000143055760418, 0.000180469301995, -5.75846461288e-005, 0.000183403899428, -0.000266646238742, -0.000192197869183, -0.000180191476829, -0.000219294292037, 5.25128016307e-005, -6.12099756836e-006], [7.4389540714e-006, 0.000870950229, -6.84940969222e-005, -0.000310444884235, -0.000441048876382, 0.000178634858457, -0.000409479835071, 7.11830507498e-005, 0.00113595859148, -0.000406140781706, 8.9264161943e-005, 0.000252945668763, -0.000277433398878], [0.000109840686491, -6.84940969222e-005, 0.00266224355437, -0.000237795960857, 0.000393477646867, -0.00202433066443, 0.00039801071398, 0.000667012820486, 0.000187194134924, 0.000447508820798, 0.00133797398303, -0.00123321753927, -0.000231256854022], [-0.000143055760418, -0.000310444884235, -0.000237795960857, 0.00513268448412, -0.00195159274153, -0.000345413631294, -0.000211137477891, -2.43204540311e-005, 0.000177222798811, -0.00068831036333, 0.00163829664234, -0.00198275153525, -0.00185253703967], [0.000180469301995, -0.000441048876382, 0.000393477646867, -0.00195159274153, 0.00647551985458, -0.000459143600892, 0.000406145409215, 0.000734673056286, -0.00249850866385, 0.000431583117461, 0.000145400263136, -0.000508775468916, 2.71820590569e-005], [-5.75846461288e-005, 0.000178634858457, -0.00202433066443, -0.000345413631294, -0.000459143600892, 0.0090872682631, -0.00109165790491, -0.000592243100982, -0.0010416766163, 0.00170450063888, -0.00214548618533, 0.000213250532397, 0.00171377055813], [0.000183403899428, -0.000409479835071, 0.00039801071398, -0.000211137477891, 0.000406145409215, -0.00109165790491, 0.00569466967136, -0.00212687067688, 0.000284733105218, -0.00100014789496, -0.000449236191344, -0.00172570208088, 0.00164016918279], [-0.000266646238742, 7.11830507498e-005, 0.000667012820486, -2.43204540311e-005, 0.000734673056286, -0.000592243100982, -0.00212687067688, 0.0131690874696, -0.0025547882542, 0.00278642843477, -0.000833614438307, 0.00332876830362, -0.00315499329008], [-0.000192197869183, 0.00113595859148, 0.000187194134924, 0.000177222798811, -0.00249850866385, -0.0010416766163, 0.000284733105218, -0.0025547882542, 0.013953410089, -0.00437098182738, 0.00182897155173, -0.0015215416206, 0.00126682932023], [-0.000180191476829, -0.000406140781706, 0.000447508820798, -0.00068831036333, 0.000431583117461, 0.00170450063888, -0.00100014789496, 0.00278642843477, -0.00437098182738, 0.0149571672082, -0.00486294692382, 0.000454956432804, 0.000114458685857], [-0.000219294292037, 8.9264161943e-005, 0.00133797398303, 0.00163829664234, 0.000145400263136, -0.00214548618533, -0.000449236191344, -0.000833614438307, 0.00182897155173, -0.00486294692382, 0.0138000249863, -0.000103465274151, -0.00182837643661], [5.25128016307e-005, 0.000252945668763, -0.00123321753927, -0.00198275153525, -0.000508775468916, 0.000213250532397, -0.00172570208088, 0.00332876830362, -0.0015215416206, 0.000454956432804, -0.000103465274151, 0.0137325674295, -0.00280824000947], [-6.12099756836e-006, -0.000277433398878, -0.000231256854022, -0.00185253703967, 2.71820590569e-005, 0.00171377055813, 0.00164016918279, -0.00315499329008, 0.00126682932023, 0.000114458685857, -0.00182837643661, -0.00280824000947, 0.0166184678674]]
    },
    "spectral_contrast_coeffs": {
        "mean": [-0.662146747112, -0.717370629311, -0.765279471874, -0.78296238184, -0.792523145676, -0.761055469513],
        "var": [0.00535541400313, 0.00578894466162, 0.00570114469156, 0.00375583185814, 0.00300371088088, 0.00205951579846]
    },
    "spectral_contrast_valleys": {
        "mean": [-6.86840724945, -6.57006168365, -7.23179197311, -7.71256637573, -7.75898599625, -10.3594684601],
        "var": [1.4612736702, 1.24886262417, 1.15603458881, 1.21570575237, 1.3929605484, 1.34723830223]
    }
},
"metadata": {
    "audio_properties": {
        "analysis_sample_rate": 44100,
        "bit_rate": 128074,
        "equal_loudness": 0,
        "length": 45.0612258911,
        "lossless": 0,
        "replay_gain": -5.99340438843,
        "sample_rate": 44100,
        "codec": "mp3",
        "downmix": "mix",
        "md5_encoded": "d5329fe3460de8c272259c62fd5ed0c4"
    },
    "tags": {
        "file_name": "1473.mp3"
    },
    "version": {
        "essentia": "2.1-beta2",
        "essentia_git_sha": "v2.1_beta2",
        "extractor": "music 1.0"
    }
},
"rhythm": {
    "beats_count": 74,
    "beats_loudness": {
        "mean": 0.0448215007782,
        "var": 0.000256717670709
    },
    "bpm": 99.9743347168,
    "bpm_histogram_first_peak_bpm": {
        "mean": 99,
        "var": 0
    },
    "bpm_histogram_first_peak_spread": {
        "mean": 0.342465758324,
        "var": 0
    },
    "bpm_histogram_first_peak_weight": {
        "mean": 0.657534241676,
        "var": 0
    },
    "bpm_histogram_second_peak_bpm": {
        "mean": 0,
        "var": 0
    },
    "bpm_histogram_second_peak_spread": {
        "mean": 0,
        "var": 0
    },
    "bpm_histogram_second_peak_weight": {
        "mean": 0,
        "var": 0
    },
    "danceability": 1.1721599102,
    "onset_rate": 4.74695396423,
    "beats_loudness_band_ratio": {
        "mean": [0.295593798161, 0.222883790731, 0.311829090118, 0.123520426452, 0.0630697235465, 0.0400075800717],
        "var": [0.0202621165663, 0.0252408795059, 0.0293258838356, 0.0192468315363, 0.00292323506437, 0.00158020667732]
    },
    "beats_position": [0.638548731804, 1.25387752056, 1.8575963974, 2.46131515503, 3.06503391266, 3.66875267029, 4.26086139679, 4.85297060013, 5.45668935776, 6.06040811539, 6.66412687302, 7.25623559952, 7.84834432602, 8.45206356049, 9.05578231812, 9.65950107574, 10.2632198334, 10.8553285599, 11.4474372864, 12.051156044, 12.6548748016, 13.2585935593, 13.8623123169, 14.4544210434, 15.0465307236, 15.6502494812, 16.2539672852, 16.8576869965, 17.4614048004, 18.0535144806, 18.6572322845, 19.2493419647, 19.853061676, 20.45677948, 21.0604991913, 21.6642169952, 22.2563266754, 22.8484344482, 23.4521541595, 24.0558719635, 24.6595916748, 25.2633094788, 25.8554191589, 26.4475269318, 27.0512466431, 27.6549663544, 28.2586841583, 28.8624038696, 29.4545116425, 30.0466213226, 30.6503391266, 31.2540588379, 31.8577766418, 32.4614944458, 33.0652160645, 33.6573219299, 34.2494316101, 34.8531494141, 35.4568710327, 36.0489807129, 36.6526985168, 37.244808197, 37.8601341248, 38.4522438049, 39.0559616089, 39.6596832275, 40.2634010315, 40.8671188354, 41.4824485779, 42.0745582581, 42.6666641235, 43.2587738037, 43.8624954224, 44.4546012878]
},
"tonal": {
    "chords_changes_rate": 0.0514403283596,
    "chords_number_rate": 0.0102880662307,
    "chords_strength": {
        "mean": 0.567799568176,
        "var": 0.0106218839064
    },
    "hpcp_entropy": {
        "mean": 2.06502914429,
        "var": 0.5133638978
    },
    "key_strength": 0.854469120502,
    "tuning_diatonic_strength": 0.701410591602,
    "tuning_equal_tempered_deviation": 0.0538788661361,
    "tuning_frequency": 441.272583008,
    "tuning_nontempered_energy_ratio": 0.743981182575,
    "hpcp": {
        "mean": [0.361709982157, 0.244831860065, 0.122620813549, 0.0837456285954, 0.0892498791218, 0.144847989082, 0.217910394073, 0.200645059347, 0.126645222306, 0.0881007611752, 0.0857685878873, 0.108274362981, 0.115933008492, 0.0972285866737, 0.128751546144, 0.181040897965, 0.142280951142, 0.082245208323, 0.0676437169313, 0.0757998451591, 0.19663003087, 0.30553367734, 0.227059707046, 0.130109727383, 0.0861919149756, 0.0637883916497, 0.0965539067984, 0.12436529249, 0.105691902339, 0.102133594453, 0.102891750634, 0.0921337902546, 0.126438617706, 0.150587499142, 0.177246764302, 0.301806688309],
        "var": [0.137067303061, 0.0839080885053, 0.0452012456954, 0.0330000072718, 0.0347169190645, 0.0492514707148, 0.0881629139185, 0.0788410753012, 0.0529511421919, 0.0368132777512, 0.0348867587745, 0.0372127406299, 0.0412810631096, 0.0355555228889, 0.0447407960892, 0.0900857076049, 0.060467094183, 0.0256684273481, 0.0231893081218, 0.0228898487985, 0.0539263412356, 0.103145740926, 0.0662365406752, 0.0513652861118, 0.0314164198935, 0.02286519669, 0.0314035527408, 0.0433199964464, 0.0313019268215, 0.0388516113162, 0.0485359095037, 0.0317134521902, 0.0496741384268, 0.05976998806, 0.0592810362577, 0.108384899795]
    },
    "chords_histogram": [45.267490387, 2.98353910446, 16.2551441193, 0.308641970158, 0.514403283596, 0, 0, 0, 1.44032919407, 0, 0, 0, 0, 0.720164597034, 0.205761313438, 5.04115247726, 0, 2.16049385071, 0, 5.55555534363, 4.42386817932, 8.95061683655, 6.17283964157, 0],
    "thpcp": [1, 0.676873385906, 0.339003115892, 0.231527000666, 0.246744304895, 0.400453388691, 0.602445065975, 0.554712533951, 0.350129187107, 0.243567407131, 0.23711976409, 0.29934027791, 0.320513725281, 0.26880261302, 0.355952441692, 0.500513970852, 0.393356442451, 0.227378875017, 0.187010914087, 0.209559723735, 0.543612420559, 0.844692409039, 0.627739667892, 0.359707325697, 0.238290116191, 0.1763523072, 0.266937345266, 0.343825995922, 0.292200684547, 0.282363206148, 0.284459263086, 0.254717290401, 0.349557995796, 0.416321098804, 0.490024536848, 0.834388613701],
    "chords_key": "A",
    "chords_scale": "major",
    "key_key": "A",
    "key_scale": "major"
}
}