{
"lowlevel": {
    "average_loudness": 0.972851336002,
    "barkbands_crest": {
        "mean": 10.1664571762,
        "var": 20.6309833527
    },
    "barkbands_flatness_db": {
        "mean": 0.124286256731,
        "var": 0.0032164955046
    },
    "barkbands_kurtosis": {
        "mean": 8.80949783325,
        "var": 983.504333496
    },
    "barkbands_skewness": {
        "mean": 2.10678505898,
        "var": 3.10141324997
    },
    "barkbands_spread": {
        "mean": 21.248090744,
        "var": 114.797134399
    },
    "dissonance": {
        "mean": 0.469070166349,
        "var": 0.000664660765324
    },
    "dynamic_complexity": 1.75239777565,
    "erbbands_crest": {
        "mean": 7.8353471756,
        "var": 13.4278268814
    },
    "erbbands_flatness_db": {
        "mean": 0.132197231054,
        "var": 0.00163568509743
    },
    "erbbands_kurtosis": {
        "mean": 0.235376954079,
        "var": 13.6935319901
    },
    "erbbands_skewness": {
        "mean": 0.430400431156,
        "var": 0.637858092785
    },
    "erbbands_spread": {
        "mean": 48.1808242798,
        "var": 485.184661865
    },
    "hfc": {
        "mean": 24.4327125549,
        "var": 180.459503174
    },
    "melbands_crest": {
        "mean": 15.3550233841,
        "var": 40.6078796387
    },
    "melbands_flatness_db": {
        "mean": 0.200758814812,
        "var": 0.00466041499749
    },
    "melbands_kurtosis": {
        "mean": 29.2578735352,
        "var": 6038.78222656
    },
    "melbands_skewness": {
        "mean": 3.56280398369,
        "var": 8.23453617096
    },
    "melbands_spread": {
        "mean": 19.0417461395,
        "var": 160.257064819
    },
    "pitch_salience": {
        "mean": 0.557142317295,
        "var": 0.0164498835802
    },
    "silence_rate_20dB": {
        "mean": 1,
        "var": 0
    },
    "silence_rate_30dB": {
        "mean": 0.997425317764,
        "var": 0.00256808265112
    },
    "silence_rate_60dB": {
        "mean": 0.0108135938644,
        "var": 0.0106963459402
    },
    "spectral_centroid": {
        "mean": 1144.7298584,
        "var": 249494.296875
    },
    "spectral_complexity": {
        "mean": 22.6148300171,
        "var": 93.0783004761
    },
    "spectral_decrease": {
        "mean": -9.49407841233e-009,
        "var": 3.29614070222e-017
    },
    "spectral_energy": {
        "mean": 0.0380489528179,
        "var": 0.000502317445353
    },
    "spectral_energyband_high": {
        "mean": 0.000983605277725,
        "var": 7.9264998476e-007
    },
    "spectral_energyband_low": {
        "mean": 0.0138575909659,
        "var": 0.000290468597086
    },
    "spectral_energyband_middle_high": {
        "mean": 0.00600299471989,
        "var": 2.52395075222e-005
    },
    "spectral_energyband_middle_low": {
        "mean": 0.0204207748175,
        "var": 0.000160080642672
    },
    "spectral_entropy": {
        "mean": 7.63497161865,
        "var": 0.208733603358
    },
    "spectral_flux": {
        "mean": 0.102780155838,
        "var": 0.0025606432464
    },
    "spectral_kurtosis": {
        "mean": 4.34859657288,
        "var": 15.1332406998
    },
    "spectral_rms": {
        "mean": 0.00583760160953,
        "var": 3.04338959722e-006
    },
    "spectral_rolloff": {
        "mean": 1152.56896973,
        "var": 1438841.625
    },
    "spectral_skewness": {
        "mean": 1.60177958012,
        "var": 0.210980027914
    },
    "spectral_spread": {
        "mean": 5302312,
        "var": 3.49284519117e+012
    },
    "spectral_strongpeak": {
        "mean": 0.817183196545,
        "var": 0.644003450871
    },
    "zerocrossingrate": {
        "mean": 0.0590428076684,
        "var": 0.00109050015453
    },
    "barkbands": {
        "mean": [0.000288407143671, 0.0051317368634, 0.00536150997505, 0.00700703915209, 0.00447602849454, 0.0027329896111, 0.00270957802422, 0.00102789048105, 0.00212934007868, 0.00125085422769, 0.000958914693911, 0.000795773346908, 0.000431390915764, 0.00039054104127, 0.000510547426529, 0.000535204715561, 0.000514077488333, 0.00031279551331, 0.000416821945691, 0.000202446855837, 0.000151260348503, 0.000255111197475, 0.000149829327711, 0.000133826310048, 0.000103378086351, 6.52477392578e-005, 6.43024850433e-006],
        "var": [6.92346361575e-007, 0.000131634704303, 4.63018477603e-005, 5.32386802661e-005, 2.73038258456e-005, 2.01482580451e-005, 2.02069550141e-005, 2.89093122774e-006, 1.51330596054e-005, 5.89368937653e-006, 1.6163936607e-006, 1.4132524484e-006, 6.13837926267e-007, 6.79732124809e-007, 9.16203475754e-007, 8.15464773041e-007, 3.68738824363e-007, 6.38211332671e-008, 1.93679838389e-007, 4.50622188453e-008, 3.467178189e-008, 7.34120391144e-008, 2.5260684211e-008, 1.88887092634e-008, 1.07281445949e-008, 6.29680974029e-009, 1.19491472272e-010]
    },
    "erbbands": {
        "mean": [0.142057970166, 1.21997845173, 5.33239650726, 15.4048852921, 20.0593223572, 15.5445804596, 15.074965477, 24.2884216309, 38.6628570557, 29.5752983093, 29.8456707001, 40.7527122498, 46.0221672058, 39.3354377747, 37.2558784485, 29.2719955444, 20.6396350861, 19.7528915405, 25.1795272827, 28.7944698334, 28.1093292236, 29.1564178467, 19.3645992279, 18.0081863403, 19.7580718994, 10.3931493759, 6.23508644104, 6.80483627319, 8.57696342468, 6.99350833893, 4.19210529327, 2.97516274452, 2.133923769, 1.16479671001, 0.725631773472, 0.315156817436, 0.116337157786, 0.02369367145, 0.000716477574315, 6.22758088866e-005],
        "var": [0.139098256826, 6.13654136658, 44.6871070862, 209.591583252, 350.02532959, 586.918395996, 607.701293945, 1530.77893066, 4680.86914063, 2726.61914063, 2298.26977539, 6034.83251953, 7761.00341797, 4267.59472656, 2056.86230469, 1723.80236816, 1136.89733887, 1526.43798828, 2543.70776367, 2113.98193359, 2078.1550293, 1097.09802246, 244.460830688, 249.86088562, 552.350097656, 124.344688416, 49.7891998291, 71.5106430054, 89.586517334, 56.5889282227, 18.8329772949, 9.33605670929, 4.9821023941, 1.31253647804, 0.654562175274, 0.134350523353, 0.0214854590595, 0.00115040328819, 1.3269250303e-006, 1.44072731523e-009]
    },
    "gfcc": {
        "mean": [36.2033691406, 80.124382019, -100.006393433, 31.2539424896, -58.6002464294, 11.5017585754, -42.4896125793, 11.4078607559, -30.8152675629, -5.4127612114, -25.9330482483, 2.42993569374, -19.2294197083],
        "cov": [[4570.20410156, -119.079109192, -592.05279541, -131.130218506, -286.658355713, 272.307250977, 153.304992676, 355.162841797, 119.302505493, 218.908279419, 130.749145508, 213.711105347, 56.14012146], [-119.079109192, 982.417785645, -299.003540039, -202.996780396, 178.246673584, -30.4643821716, 173.135559082, 82.5940933228, 44.1925239563, -74.8663711548, 153.124588013, -28.1272850037, 5.70171785355], [-592.05279541, -299.003540039, 631.583435059, 161.141784668, 69.0715103149, 52.7153816223, -17.8711795807, -88.361579895, -81.4886779785, -26.9777965546, -105.465698242, 4.10238456726, -11.3887462616], [-131.130218506, -202.996780396, 161.141784668, 331.940307617, 24.5512866974, -5.12376451492, -45.7677879333, -50.9706573486, 12.6740322113, -1.00138008595, -48.5901527405, -4.21037483215, 44.5863265991], [-286.658355713, 178.246673584, 69.0715103149, 24.5512866974, 255.519607544, 10.8948745728, 5.66868972778, 30.4912757874, 26.5428943634, -13.5870103836, -17.5521392822, -28.179813385, 7.06284856796], [272.307250977, -30.4643821716, 52.7153816223, -5.12376451492, 10.8948745728, 243.557983398, 176.169143677, 59.0214347839, 3.74184465408, 27.7836532593, 2.05961680412, 18.8950748444, 19.938457489], [153.304992676, 173.135559082, -17.8711795807, -45.7677879333, 5.66868972778, 176.169143677, 272.655731201, 87.3286590576, -1.77954292297, -2.70962262154, 44.0419692993, 20.9154968262, 8.22319889069], [355.162841797, 82.5940933228, -88.361579895, -50.9706573486, 30.4912757874, 59.0214347839, 87.3286590576, 157.173019409, 61.7590751648, 24.1974906921, 37.163318634, 37.3239021301, 17.9282531738], [119.302505493, 44.1925239563, -81.4886779785, 12.6740322113, 26.5428943634, 3.74184465408, -1.77954292297, 61.7590751648, 95.9638900757, 41.1690177917, 15.8820781708, 0.320820510387, 15.9180841446], [218.908279419, -74.8663711548, -26.9777965546, -1.00138008595, -13.5870103836, 27.7836532593, -2.70962262154, 24.1974906921, 41.1690177917, 91.2509765625, 32.0759544373, 7.98450374603, 1.12460780144], [130.749145508, 153.124588013, -105.465698242, -48.5901527405, -17.5521392822, 2.05961680412, 44.0419692993, 37.163318634, 15.8820781708, 32.0759544373, 122.098327637, 46.7986793518, 5.45846986771], [213.711105347, -28.1272850037, 4.10238456726, -4.21037483215, -28.179813385, 18.8950748444, 20.9154968262, 37.3239021301, 0.320820510387, 7.98450374603, 46.7986793518, 104.608657837, 40.051486969], [56.14012146, 5.70171785355, -11.3887462616, 44.5863265991, 7.06284856796, 19.938457489, 8.22319889069, 17.9282531738, 15.9180841446, 1.12460780144, 5.45846986771, 40.051486969, 74.0261688232]],
        "icov": [[0.00046945863869, -0.000431617518188, 0.000487061421154, -0.000446377758635, 0.000638174533378, -0.000771551625803, 0.000703870493453, -0.0011806365801, 0.00102162221447, -0.00145420432091, 0.00117835588753, -0.00122927257326, 0.000756287714466], [-0.000431617518188, 0.00450033787638, 7.57483358029e-005, 0.00236054742709, -0.00336412386969, 0.00260205287486, -0.00375710986555, 0.00263541331515, -0.00384108698927, 0.00648783799261, -0.00692175328732, 0.00445869239047, -0.00320476107299], [0.000487061421154, 7.57483358029e-005, 0.00345353642479, -0.00144242099486, -0.000849356176332, -0.00117703957949, 0.000201635673875, -0.000183298747288, 0.00280453986488, -0.00185759970918, 0.00294129527174, -0.003269265173, 0.00242203008384], [-0.000446377758635, 0.00236054742709, -0.00144242099486, 0.00579567346722, -0.0017903726548, 0.00184559274931, -0.00219246395864, 0.00354003347456, -0.00467140227556, 0.0039158500731, -0.0035136770457, 0.0034607348498, -0.00516435783356], [0.000638174533378, -0.00336412386969, -0.000849356176332, -0.0017903726548, 0.00770228262991, -0.0026049928274, 0.00364669901319, -0.00430573150516, 0.00169813027605, -0.00357174035162, 0.00429091276601, -0.00102760561276, 0.00125596742146], [-0.000771551625803, 0.00260205287486, -0.00117703957949, 0.00184559274931, -0.0026049928274, 0.0122220143676, -0.009522177279, 0.00245171552524, -0.00194439687766, -0.000292046053801, -0.00114364316687, 0.00277114612982, -0.00447980081663], [0.000703870493453, -0.00375710986555, 0.000201635673875, -0.00219246395864, 0.00364669901319, -0.009522177279, 0.0133997518569, -0.00692145060748, 0.00540919136256, -0.00193855946418, 0.00160310091451, -0.00189525296446, 0.003285222454], [-0.0011806365801, 0.00263541331515, -0.000183298747288, 0.00354003347456, -0.00430573150516, 0.00245171552524, -0.00692145060748, 0.0178678128868, -0.0124739417806, 0.00570042151958, -0.00362800201401, -0.00148039928172, -0.00161184603348], [0.00102162221447, -0.00384108698927, 0.00280453986488, -0.00467140227556, 0.00169813027605, -0.00194439687766, 0.00540919136256, -0.0124739417806, 0.0268430486321, -0.0151208983734, 0.00751166371629, -0.00166346714832, 0.000351696653524], [-0.00145420432091, 0.00648783799261, -0.00185759970918, 0.0039158500731, -0.00357174035162, -0.000292046053801, -0.00193855946418, 0.00570042151958, -0.0151208983734, 0.0294011794031, -0.0173653848469, 0.00941412895918, -0.00379514531232], [0.00117835588753, -0.00692175328732, 0.00294129527174, -0.0035136770457, 0.00429091276601, -0.00114364316687, 0.00160310091451, -0.00362800201401, 0.00751166371629, -0.0173653848469, 0.0273739602417, -0.0162922926247, 0.00825246796012], [-0.00122927257326, 0.00445869239047, -0.003269265173, 0.0034607348498, -0.00102760561276, 0.00277114612982, -0.00189525296446, -0.00148039928172, -0.00166346714832, 0.00941412895918, -0.0162922926247, 0.0258504319936, -0.0146480463445], [0.000756287714466, -0.00320476107299, 0.00242203008384, -0.00516435783356, 0.00125596742146, -0.00447980081663, 0.003285222454, -0.00161184603348, 0.000351696653524, -0.00379514531232, 0.00825246796012, -0.0146480463445, 0.025076135993]]
    },
    "melbands": {
        "mean": [0.00135297735687, 0.00239384127781, 0.00299068144523, 0.00124614359811, 0.000560090353247, 0.000557143997867, 0.000573019846343, 0.000286996888462, 0.000274665566394, 0.000260474975221, 0.000229704834055, 0.000160464391229, 0.000134258283651, 9.33130068006e-005, 6.23267624178e-005, 3.96336254198e-005, 3.4843928006e-005, 3.92581605411e-005, 3.80556011805e-005, 3.75191448256e-005, 3.12078409479e-005, 3.06743713736e-005, 2.34004874073e-005, 1.40727524922e-005, 1.4139398445e-005, 1.71037663677e-005, 8.73227418197e-006, 6.87685087541e-006, 3.81603149435e-006, 3.65250366485e-006, 4.11673863709e-006, 4.79920072394e-006, 5.01701333633e-006, 3.3408168747e-006, 2.53416328633e-006, 1.92438119484e-006, 1.7416106175e-006, 1.62319759056e-006, 1.13144153602e-006, 9.16667829642e-007],
        "var": [1.04136051959e-005, 1.06055440483e-005, 7.09938376531e-006, 1.47309981458e-006, 7.25616700947e-007, 7.61143382988e-007, 9.51465381149e-007, 2.57472805743e-007, 2.27375636541e-007, 2.41243355958e-007, 1.96816330345e-007, 8.53352943864e-008, 3.03400646828e-008, 1.98869276602e-008, 1.38524480775e-008, 5.00111907442e-009, 5.54291323951e-009, 7.20672765908e-009, 4.39702851907e-009, 4.22691082136e-009, 2.85932788557e-009, 1.43011114062e-009, 6.08246175648e-010, 1.37761690944e-010, 1.83246084973e-010, 4.28407059827e-010, 1.09669148762e-010, 8.22635223829e-011, 2.06602669001e-011, 2.28111071698e-011, 2.85406785011e-011, 3.18640253072e-011, 2.79691738519e-011, 1.46468722567e-011, 7.5423929255e-012, 4.12312328377e-012, 3.34042645975e-012, 3.16213027984e-012, 1.30664630591e-012, 9.02988133485e-013]
    },
    "mfcc": {
        "mean": [-612.770751953, 114.853187561, 11.6200485229, 22.0139636993, 5.61009597778, -0.106634274125, -2.97862911224, 10.1640081406, -1.97418630123, -5.17247343063, -4.48648357391, -7.83884096146, -1.38024747372],
        "cov": [[4509.08496094, -80.4916381836, -440.157073975, -314.928375244, -326.929992676, -90.3544540405, 82.9102859497, 190.792831421, 127.314361572, 191.397659302, 188.040466309, 193.932220459, 103.241584778], [-80.4916381836, 986.373413086, -328.210021973, -123.338562012, 5.49089860916, -92.8667068481, 133.487136841, 130.885421753, -36.963634491, 32.5983695984, 90.6737289429, 19.2350082397, 43.2278518677], [-440.157073975, -328.210021973, 482.544952393, 101.748474121, 8.36513233185, 127.375259399, 40.7616081238, -18.2037410736, 28.6197299957, -58.523235321, -67.281288147, 21.2533550262, -56.6431350708], [-314.928375244, -123.338562012, 101.748474121, 269.006591797, 121.027244568, 17.033246994, -58.3312606812, -38.6573600769, 5.71752595901, -30.3235912323, -57.2203521729, -28.0623989105, 8.99887657166], [-326.929992676, 5.49089860916, 8.36513233185, 121.027244568, 251.654159546, 0.949131965637, -63.6611289978, -42.8761177063, 28.0155601501, 4.06501674652, -29.090877533, -36.1243972778, 7.46284770966], [-90.3544540405, -92.8667068481, 127.375259399, 17.033246994, 0.949131965637, 181.338256836, 91.283821106, 12.1146020889, 52.8578529358, 18.34633255, 3.94818353653, 17.2977352142, -53.4652328491], [82.9102859497, 133.487136841, 40.7616081238, -58.3312606812, -63.6611289978, 91.283821106, 206.292358398, 110.423667908, 45.2122764587, 23.0718650818, 44.4925308228, 55.5687103271, -22.5332126617], [190.792831421, 130.885421753, -18.2037410736, -38.6573600769, -42.8761177063, 12.1146020889, 110.423667908, 165.876541138, 67.5470199585, 10.1343355179, 28.5879764557, 44.8326377869, 18.6305809021], [127.314361572, -36.963634491, 28.6197299957, 5.71752595901, 28.0155601501, 52.8578529358, 45.2122764587, 67.5470199585, 142.563964844, 52.7689208984, 3.92465019226, 22.6134471893, -12.739815712], [191.397659302, 32.5983695984, -58.523235321, -30.3235912323, 4.06501674652, 18.34633255, 23.0718650818, 10.1343355179, 52.7689208984, 107.54083252, 50.7098350525, 11.3062858582, -3.89459824562], [188.040466309, 90.6737289429, -67.281288147, -57.2203521729, -29.090877533, 3.94818353653, 44.4925308228, 28.5879764557, 3.92465019226, 50.7098350525, 104.050918579, 31.4693984985, 6.65472698212], [193.932220459, 19.2350082397, 21.2533550262, -28.0623989105, -36.1243972778, 17.2977352142, 55.5687103271, 44.8326377869, 22.6134471893, 11.3062858582, 31.4693984985, 89.7172851563, 31.7849235535], [103.241584778, 43.2278518677, -56.6431350708, 8.99887657166, 7.46284770966, -53.4652328491, -22.5332126617, 18.6305809021, -12.739815712, -3.89459824562, 6.65472698212, 31.7849235535, 93.3291931152]],
        "icov": [[0.000348097149981, 0.000224518502364, 0.00038656545803, 9.58704622462e-005, 0.000285831250949, 0.000115080321848, 9.25649437704e-005, -0.000270864315098, -0.00011192135571, -0.000322248291923, -6.75550327287e-005, -0.000613152049482, 4.07106272178e-005], [0.000224518502364, 0.00204562791623, 0.00129267910961, 0.000327581306919, -0.000766758981626, 0.000953375303652, -0.00169262464624, -0.00114973273594, 0.00110725325067, -0.00028972493601, -0.000225612253416, -0.000239425397012, 0.000222113652853], [0.00038656545803, 0.00129267910961, 0.00451477896422, -0.000817513850052, 0.000130289234221, -0.00105991493911, -0.00101215438917, -0.000100868033769, -8.90661322046e-005, 0.00136785686482, 0.00122854381334, -0.00273658405058, 0.00184003345203], [9.58704622462e-005, 0.000327581306919, -0.000817513850052, 0.00587340351194, -0.00230766134337, -0.000761429604609, 0.000707156839781, -0.000475613807794, 0.000279063649941, 0.000203562201932, 0.00119754159823, 0.00083142623771, -0.00162821472622], [0.000285831250949, -0.000766758981626, 0.000130289234221, -0.00230766134337, 0.00661507854238, -0.000572910765186, 0.00132926576771, 0.00174190616235, -0.00305243232287, 5.38692438568e-005, -0.000415381015046, 0.00126371020451, -0.00135859439615], [0.000115080321848, 0.000953375303652, -0.00105991493911, -0.000761429604609, -0.000572910765186, 0.0118449153379, -0.00640204409137, 0.00315364007838, -0.00275578442961, -0.000378908211133, -0.000556127633899, -0.000851972086821, 0.00345521536656], [9.25649437704e-005, -0.00169262464624, -0.00101215438917, 0.000707156839781, 0.00132926576771, -0.00640204409137, 0.0151138566434, -0.00785633921623, 0.00226951017976, -0.00160369288642, -0.00087463267846, -0.00423535285518, 0.00319031998515], [-0.000270864315098, -0.00114973273594, -0.000100868033769, -0.000475613807794, 0.00174190616235, 0.00315364007838, -0.00785633921623, 0.0165529567748, -0.00941481534392, 0.00549431378022, -0.00209672679193, 0.00124477536883, -0.00404733605683], [-0.00011192135571, 0.00110725325067, -8.90661322046e-005, 0.000279063649941, -0.00305243232287, -0.00275578442961, 0.00226951017976, -0.00941481534392, 0.0168504007161, -0.00920017529279, 0.00481498241425, -0.0032300746534, 0.00329568726011], [-0.000322248291923, -0.00028972493601, 0.00136785686482, 0.000203562201932, 5.38692438568e-005, -0.000378908211133, -0.00160369288642, 0.00549431378022, -0.00920017529279, 0.0188589990139, -0.00836926605552, 0.00206582574174, -0.00097980920691], [-6.75550327287e-005, -0.000225612253416, 0.00122854381334, 0.00119754159823, -0.000415381015046, -0.000556127633899, -0.00087463267846, -0.00209672679193, 0.00481498241425, -0.00836926605552, 0.0175643414259, -0.00504577485844, 0.00150543870404], [-0.000613152049482, -0.000239425397012, -0.00273658405058, 0.00083142623771, 0.00126371020451, -0.000851972086821, -0.00423535285518, 0.00124477536883, -0.0032300746534, 0.00206582574174, -0.00504577485844, 0.0220887884498, -0.0103297149763], [4.07106272178e-005, 0.000222113652853, 0.00184003345203, -0.00162821472622, -0.00135859439615, 0.00345521536656, 0.00319031998515, -0.00404733605683, 0.00329568726011, -0.00097980920691, 0.00150543870404, -0.0103297149763, 0.0193264242262]]
    },
    "spectral_contrast_coeffs": {
        "mean": [-0.568384230137, -0.723056852818, -0.784339129925, -0.784030914307, -0.7787976861, -0.770308494568],
        "var": [0.00894352421165, 0.0073574683629, 0.00336382677779, 0.00328997219913, 0.00263397116214, 0.000942886399571]
    },
    "spectral_contrast_valleys": {
        "mean": [-7.15136480331, -6.47116184235, -6.86901664734, -7.52067470551, -7.32314443588, -9.65790748596],
        "var": [1.07432770729, 0.861541032791, 1.04096508026, 0.763244926929, 0.757259726524, 0.823078930378]
    }
},
"metadata": {
    "audio_properties": {
        "analysis_sample_rate": 44100,
        "bit_rate": 128074,
        "equal_loudness": 0,
        "length": 45.0612258911,
        "lossless": 0,
        "replay_gain": -5.56878089905,
        "sample_rate": 44100,
        "codec": "mp3",
        "downmix": "mix",
        "md5_encoded": "f14edb9c0f8aad63210b71707c1e5c5b"
    },
    "tags": {
        "file_name": "1474.mp3"
    },
    "version": {
        "essentia": "2.1-beta2",
        "essentia_git_sha": "v2.1_beta2",
        "extractor": "music 1.0"
    }
},
"rhythm": {
    "beats_count": 119,
    "beats_loudness": {
        "mean": 0.0446405932307,
        "var": 0.000302631320665
    },
    "bpm": 161.563278198,
    "bpm_histogram_first_peak_bpm": {
        "mean": 161,
        "var": 0
    },
    "bpm_histogram_first_peak_spread": {
        "mean": 0.304347813129,
        "var": 0
    },
    "bpm_histogram_first_peak_weight": {
        "mean": 0.677966117859,
        "var": 0
    },
    "bpm_histogram_second_peak_bpm": {
        "mean": 152,
        "var": 0
    },
    "bpm_histogram_second_peak_spread": {
        "mean": 0,
        "var": 0
    },
    "bpm_histogram_second_peak_weight": {
        "mean": 0.0169491525739,
        "var": 0
    },
    "danceability": 1.33906435966,
    "onset_rate": 3.57130646706,
    "beats_loudness_band_ratio": {
        "mean": [0.5040833354, 0.170621216297, 0.151732727885, 0.0857522711158, 0.0533134862781, 0.0747664198279],
        "var": [0.0430701524019, 0.01444916334, 0.0149157084525, 0.00487028155476, 0.00130510737654, 0.00451370608062]
    },
    "beats_position": [0.371519267559, 0.743038535118, 1.1261677742, 1.50929701328, 1.88081634045, 2.2523355484, 2.62385487556, 3.00698399544, 3.39011335373, 3.76163268089, 4.13315200806, 4.5046710968, 4.87619018555, 5.24770975113, 5.61922883987, 6.00235795975, 6.38548755646, 6.7570066452, 7.12852573395, 7.50004529953, 7.87156438828, 8.24308395386, 8.62621307373, 9.0093421936, 9.38086128235, 9.75238037109, 10.1239004135, 10.4954195023, 10.8785486221, 11.261677742, 11.6331968307, 12.0047159195, 12.3762359619, 12.7477550507, 13.1192741394, 13.5024032593, 13.8855323792, 14.2570514679, 14.6285715103, 15.0000905991, 15.3716096878, 15.7431287766, 16.1378688812, 16.50938797, 16.8809070587, 17.2524261475, 17.6239452362, 18.0070743561, 18.390203476, 18.7617225647, 19.1332416534, 19.5163707733, 19.8994998932, 20.2710208893, 20.6309299469, 21.0140590668, 21.3855781555, 21.7570972443, 22.128616333, 22.5117454529, 22.8832645416, 23.2547836304, 23.6379127502, 24.009431839, 24.3809528351, 24.7524719238, 25.1239910126, 25.5187301636, 25.8902492523, 26.2617683411, 26.6332874298, 27.0048065186, 27.3763256073, 27.747844696, 28.1309738159, 28.5141029358, 28.8856239319, 29.2571430206, 29.6286621094, 30.0001811981, 30.3717002869, 30.7548294067, 31.1263484955, 31.5094776154, 31.8809967041, 32.2525177002, 32.6240348816, 32.9955558777, 33.3786849976, 33.7618141174, 34.1333312988, 34.5048522949, 34.8763694763, 35.2478904724, 35.6310195923, 36.0141487122, 36.3856697083, 36.7571868896, 37.1287078857, 37.5002250671, 37.883354187, 38.2548751831, 38.6263923645, 39.0095214844, 39.3810424805, 39.7525634766, 40.124080658, 40.4956016541, 40.8787307739, 41.2618598938, 41.6333770752, 42.0048980713, 42.3764152527, 42.7479362488, 43.1310653687, 43.5141944885, 43.8857116699, 44.2688446045, 44.6519737244]
},
"tonal": {
    "chords_changes_rate": 0.074074074626,
    "chords_number_rate": 0.00823045242578,
    "chords_strength": {
        "mean": 0.539915978909,
        "var": 0.00611381139606
    },
    "hpcp_entropy": {
        "mean": 2.33641052246,
        "var": 0.528371155262
    },
    "key_strength": 0.83692574501,
    "tuning_diatonic_strength": 0.740394771099,
    "tuning_equal_tempered_deviation": 0.0974262654781,
    "tuning_frequency": 441.272583008,
    "tuning_nontempered_energy_ratio": 0.758444488049,
    "hpcp": {
        "mean": [0.229135900736, 0.135434150696, 0.088912807405, 0.0920214802027, 0.0974657908082, 0.183878868818, 0.275195002556, 0.207410886884, 0.10843770951, 0.076986707747, 0.0627521574497, 0.0899849757552, 0.132034555078, 0.108878038824, 0.0627860799432, 0.0503447912633, 0.0620687939227, 0.113171078265, 0.146671712399, 0.170047000051, 0.365415751934, 0.44043520093, 0.254568904638, 0.140844151378, 0.0877549052238, 0.0617067366838, 0.114685744047, 0.172294780612, 0.13068883121, 0.07339887321, 0.0628715232015, 0.0690131410956, 0.11430978775, 0.149105906487, 0.160353660583, 0.22115239501],
        "var": [0.111611433327, 0.0457101911306, 0.0274001955986, 0.0314983092248, 0.0317476429045, 0.0604532510042, 0.112054288387, 0.0705436691642, 0.035826202482, 0.024609092623, 0.01614802517, 0.0235344674438, 0.0519991591573, 0.0357551835477, 0.0178446359932, 0.011097246781, 0.0163241885602, 0.0359405241907, 0.0526914149523, 0.0459372960031, 0.124120630324, 0.146545663476, 0.070957235992, 0.0637695416808, 0.0315047986805, 0.0189578607678, 0.0353491827846, 0.072319701314, 0.0403346419334, 0.0205982029438, 0.0194298382849, 0.0222876053303, 0.0421491451561, 0.0533319599926, 0.0493398308754, 0.0914270877838]
    },
    "chords_histogram": [19.2386837006, 8.53909492493, 17.3868312836, 0.514403283596, 0, 0, 0, 0, 4.01234579086, 0, 0.102880656719, 0, 0, 0, 0, 1.74897122383, 0, 0.720164597034, 0, 0, 0, 1.95473253727, 34.1563796997, 11.6255140305],
    "thpcp": [1, 0.577993988991, 0.319784045219, 0.199245899916, 0.140104010701, 0.2603918612, 0.391192108393, 0.296726584435, 0.166650786996, 0.142748638988, 0.156693071127, 0.259538263083, 0.338542222977, 0.364080041647, 0.502122461796, 0.520248830318, 0.307500749826, 0.201874881983, 0.208933070302, 0.221294283867, 0.417493581772, 0.624825179577, 0.470922589302, 0.246205821633, 0.174796894193, 0.142477616668, 0.204309225082, 0.299782007933, 0.247205585241, 0.14255464077, 0.114306919277, 0.14092604816, 0.256952852011, 0.333015412092, 0.386088579893, 0.829669713974],
    "chords_key": "A",
    "chords_scale": "major",
    "key_key": "E",
    "key_scale": "major"
}
}