{
"lowlevel": {
    "average_loudness": 0.874841272831,
    "barkbands_crest": {
        "mean": 12.5477609634,
        "var": 12.4642057419
    },
    "barkbands_flatness_db": {
        "mean": 0.263714015484,
        "var": 0.00473615527153
    },
    "barkbands_kurtosis": {
        "mean": 21.7062339783,
        "var": 315.661651611
    },
    "barkbands_skewness": {
        "mean": 3.1464509964,
        "var": 2.07433438301
    },
    "barkbands_spread": {
        "mean": 6.00525665283,
        "var": 66.797416687
    },
    "dissonance": {
        "mean": 0.409656494856,
        "var": 0.00231876526959
    },
    "dynamic_complexity": 3.5721912384,
    "erbbands_crest": {
        "mean": 11.8759050369,
        "var": 16.5611553192
    },
    "erbbands_flatness_db": {
        "mean": 0.211577832699,
        "var": 0.00258392724209
    },
    "erbbands_kurtosis": {
        "mean": 5.17790269852,
        "var": 35.5899238586
    },
    "erbbands_skewness": {
        "mean": 1.84144878387,
        "var": 0.818933904171
    },
    "erbbands_spread": {
        "mean": 28.9109783173,
        "var": 553.028564453
    },
    "hfc": {
        "mean": 8.59345531464,
        "var": 123.37865448
    },
    "melbands_crest": {
        "mean": 16.705450058,
        "var": 20.5905761719
    },
    "melbands_flatness_db": {
        "mean": 0.359365403652,
        "var": 0.00759642850608
    },
    "melbands_kurtosis": {
        "mean": 37.8908195496,
        "var": 1167.24975586
    },
    "melbands_skewness": {
        "mean": 3.80351996422,
        "var": 3.79768538475
    },
    "melbands_spread": {
        "mean": 5.10237503052,
        "var": 36.7441291809
    },
    "pitch_salience": {
        "mean": 0.521454513073,
        "var": 0.00955480057746
    },
    "silence_rate_20dB": {
        "mean": 1,
        "var": 0
    },
    "silence_rate_30dB": {
        "mean": 0.981462419033,
        "var": 0.0181937627494
    },
    "silence_rate_60dB": {
        "mean": 0.0381050445139,
        "var": 0.0366522371769
    },
    "spectral_centroid": {
        "mean": 398.845489502,
        "var": 71185.046875
    },
    "spectral_complexity": {
        "mean": 7.64469623566,
        "var": 16.2259502411
    },
    "spectral_decrease": {
        "mean": -6.7814154292e-009,
        "var": 4.53488866815e-017
    },
    "spectral_energy": {
        "mean": 0.0263740494847,
        "var": 0.000687581079546
    },
    "spectral_energyband_high": {
        "mean": 0.000218551445869,
        "var": 4.93743812058e-007
    },
    "spectral_energyband_low": {
        "mean": 0.00981138180941,
        "var": 0.000135685200803
    },
    "spectral_energyband_middle_high": {
        "mean": 0.000834047154058,
        "var": 4.70120312457e-006
    },
    "spectral_energyband_middle_low": {
        "mean": 0.0167094860226,
        "var": 0.000373209244572
    },
    "spectral_entropy": {
        "mean": 6.29840421677,
        "var": 0.454153329134
    },
    "spectral_flux": {
        "mean": 0.0602645203471,
        "var": 0.00163722946309
    },
    "spectral_kurtosis": {
        "mean": 17.1054534912,
        "var": 459.456237793
    },
    "spectral_rms": {
        "mean": 0.00457418244332,
        "var": 4.80764128952e-006
    },
    "spectral_rolloff": {
        "mean": 431.539581299,
        "var": 662994.8125
    },
    "spectral_skewness": {
        "mean": 2.97424507141,
        "var": 2.59075641632
    },
    "spectral_spread": {
        "mean": 3975253.75,
        "var": 5.4246417367e+012
    },
    "spectral_strongpeak": {
        "mean": 0.674185216427,
        "var": 0.625742971897
    },
    "zerocrossingrate": {
        "mean": 0.0229386594146,
        "var": 0.000541706860531
    },
    "barkbands": {
        "mean": [6.49551429888e-006, 0.00183374015614, 0.00684883492067, 0.00243889680132, 0.00905753206462, 0.00130540749524, 0.00179198558908, 0.00162681390066, 0.000297899357975, 0.000349152775016, 7.34086352168e-005, 9.88272367977e-005, 0.000105414503196, 0.000107270141598, 7.06369901309e-005, 3.13409473165e-005, 3.28211135638e-005, 3.99947202823e-005, 3.1281473639e-005, 2.25646344916e-005, 3.63456711057e-005, 6.22474544798e-005, 4.49616818514e-005, 2.98149425362e-005, 2.21041500481e-005, 7.91582078818e-006, 3.96860286855e-007],
        "var": [2.57889543054e-010, 8.28216161608e-006, 7.73888896219e-005, 6.66351024847e-006, 0.000178365473403, 3.98874135499e-006, 1.0352834579e-005, 5.3381347243e-005, 1.56239616445e-006, 3.48127491634e-006, 1.29306386043e-007, 8.47004955062e-008, 1.67814249608e-007, 1.64724312413e-007, 1.96814955444e-008, 5.50669509991e-009, 6.71642252925e-009, 7.94635557355e-009, 8.45610603761e-009, 1.54154644605e-008, 1.93623144185e-008, 3.29974660929e-008, 2.46711682195e-008, 1.92778575325e-008, 9.86274439896e-009, 1.35941391477e-009, 5.97619133e-012]
    },
    "erbbands": {
        "mean": [0.00997817609459, 0.676142930984, 6.91459274292, 8.09008407593, 19.5019893646, 35.1464004517, 13.5711708069, 11.7861042023, 27.3774547577, 35.6885871887, 22.0857143402, 7.59575796127, 11.9699420929, 4.75677442551, 3.33366537094, 5.02999591827, 5.65916347504, 6.21321201324, 3.57135534286, 3.39297628403, 1.28773319721, 1.82973778248, 2.49933075905, 1.73710954189, 1.21876096725, 1.06222355366, 1.31221687794, 1.75300931931, 2.22311353683, 1.7674472332, 1.18194127083, 0.621987521648, 0.535574913025, 0.326638013124, 0.116209194064, 0.0433403626084, 0.0127998366952, 0.0018318615621, 6.44964748062e-005, 3.12051997753e-005],
        "var": [0.000191075087059, 1.01039862633, 89.4163131714, 51.3358688354, 899.838928223, 3017.56445313, 314.397796631, 343.827453613, 1957.26342773, 18440.6875, 7328.61132813, 922.16986084, 2886.73266602, 977.258239746, 267.743408203, 158.461410522, 378.945098877, 518.147888184, 45.2770881653, 60.9227828979, 8.13808631897, 18.7798347473, 28.1548614502, 25.0204429626, 13.6447935104, 32.888381958, 54.862613678, 29.0900039673, 48.8210067749, 34.9792633057, 18.6425495148, 6.91948604584, 6.3705573082, 2.1961877346, 0.263921827078, 0.0417649634182, 0.00348301511258, 7.76603119448e-005, 8.35684588196e-008, 1.02455210982e-009]
    },
    "gfcc": {
        "mean": [-98.5827789307, 138.92225647, -68.9140014648, 32.5115623474, -58.1603965759, 2.17742419243, -50.3025283813, -17.1523647308, -23.2753658295, -4.27835416794, -16.8470172882, -7.20432901382, -19.1756763458],
        "cov": [[7720.20849609, -1876.28234863, -1221.78308105, 561.747558594, -1028.17382813, 217.509307861, -187.261459351, 466.367828369, -45.4031600952, 130.792388916, -215.469711304, 3.81040239334, -270.967407227], [-1876.28234863, 1721.66125488, 76.4372711182, -471.015228271, 730.487243652, -229.148208618, 244.699432373, -249.528167725, 134.707519531, -37.1307907104, 219.130157471, -99.3944625854, 173.583023071], [-1221.78308105, 76.4372711182, 659.301574707, 3.06905007362, 94.0766448975, 97.3392105103, -27.2865638733, -59.7485313416, -9.22197532654, 10.430232048, 0.809709787369, 40.8929824829, 58.3140144348], [561.747558594, -471.015228271, 3.06905007362, 465.53112793, -114.082221985, 9.80162715912, -72.9068450928, 18.216386795, -3.86628699303, -2.04673695564, -15.7067365646, 24.8580646515, 14.9115190506], [-1028.17382813, 730.487243652, 94.0766448975, -114.082221985, 573.486328125, -94.2237625122, 56.7939567566, -116.218322754, 43.9653663635, 10.4158964157, 102.276901245, -23.6707286835, 135.42880249], [217.509307861, -229.148208618, 97.3392105103, 9.80162715912, -94.2237625122, 198.198364258, -5.70371341705, 44.7217445374, -5.4385304451, 16.7155857086, -30.6049995422, 12.9633569717, -14.4772119522], [-187.261459351, 244.699432373, -27.2865638733, -72.9068450928, 56.7939567566, -5.70371341705, 200.884994507, -8.08666610718, 0.320865392685, -11.121131897, 30.1343364716, -17.4979763031, -18.3610706329], [466.367828369, -249.528167725, -59.7485313416, 18.216386795, -116.218322754, 44.7217445374, -8.08666610718, 185.339416504, 15.1660680771, 13.1218910217, -49.7010002136, 12.2148265839, -50.075668335], [-45.4031600952, 134.707519531, -9.22197532654, -3.86628699303, 43.9653663635, -5.4385304451, 0.320865392685, 15.1660680771, 115.250091553, 11.223238945, -0.301888763905, -16.4558677673, 9.73392486572], [130.792388916, -37.1307907104, 10.430232048, -2.04673695564, 10.4158964157, 16.7155857086, -11.121131897, 13.1218910217, 11.223238945, 83.9980697632, 11.1994609833, -5.55542850494, 2.38751745224], [-215.469711304, 219.130157471, 0.809709787369, -15.7067365646, 102.276901245, -30.6049995422, 30.1343364716, -49.7010002136, -0.301888763905, 11.1994609833, 100.828735352, -6.32529878616, 28.561504364], [3.81040239334, -99.3944625854, 40.8929824829, 24.8580646515, -23.6707286835, 12.9633569717, -17.4979763031, 12.2148265839, -16.4558677673, -5.55542850494, -6.32529878616, 65.8234176636, 0.691565930843], [-270.967407227, 173.583023071, 58.3140144348, 14.9115190506, 135.42880249, -14.4772119522, -18.3610706329, -50.075668335, 9.73392486572, 2.38751745224, 28.561504364, 0.691565930843, 117.390884399]],
        "icov": [[0.000334404612659, -0.000179437600309, 0.0006570040714, -0.000421768287197, 0.00037212020834, -0.000492120685522, 0.000247415126069, -0.00032981892582, 0.000294963800116, -0.000647868495435, 0.000310224451823, -0.00013352141832, 8.64701942191e-005], [-0.000179437600309, 0.00714494520798, -0.00124857248738, 0.00523890554905, -0.0039206109941, 0.00413790438324, -0.00458129309118, 0.00281800911762, -0.00662461388856, 0.00442061200738, -0.00637179706246, 0.00377259310335, -0.00351816206239], [0.0006570040714, -0.00124857248738, 0.00333828828298, -0.00146890431643, 0.000797362299636, -0.00263872230425, 0.00121552636847, -0.000228116565268, 0.00143914972432, -0.0019692548085, 0.00181510171387, -0.00190511834808, 0.000228884295211], [-0.000421768287197, 0.00523890554905, -0.00146890431643, 0.00656441459432, -0.00241019693203, 0.00354279740714, -0.00287078553811, 0.00218672701158, -0.00514716235921, 0.00380095350556, -0.00508991954848, 0.0022175537888, -0.0035482973326], [0.00037212020834, -0.0039206109941, 0.000797362299636, -0.00241019693203, 0.00581421935931, -0.00141799962148, 0.00187300064135, -0.00133501668461, 0.00276041193865, -0.0031690322794, 0.00198456994258, -0.00178486923687, -0.00122946675401], [-0.000492120685522, 0.00413790438324, -0.00263872230425, 0.00354279740714, -0.00141799962148, 0.00946712866426, -0.00337023474276, 0.00076181726763, -0.00388521724381, 0.00188283238094, -0.00308155477978, 0.00208709179424, -0.00277121993713], [0.000247415126069, -0.00458129309118, 0.00121552636847, -0.00287078553811, 0.00187300064135, -0.00337023474276, 0.00901129003614, -0.00215439521708, 0.0044791479595, -0.00177422410343, 0.00230751768686, -0.00132220541127, 0.00413124496117], [-0.00032981892582, 0.00281800911762, -0.000228116565268, 0.00218672701158, -0.00133501668461, 0.00076181726763, -0.00215439521708, 0.00902272760868, -0.00414354400709, 0.000688155123498, -2.6469309887e-005, -0.000271388504189, 0.000390922359657], [0.000294963800116, -0.00662461388856, 0.00143914972432, -0.00514716235921, 0.00276041193865, -0.00388521724381, 0.0044791479595, -0.00414354400709, 0.0158947333694, -0.00517863221467, 0.00659234356135, -0.00111326284241, 0.00287474505603], [-0.000647868495435, 0.00442061200738, -0.0019692548085, 0.00380095350556, -0.0031690322794, 0.00188283238094, -0.00177422410343, 0.000688155123498, -0.00517863221467, 0.0167936235666, -0.00682580051944, 0.00387773034163, -0.00190671463497], [0.000310224451823, -0.00637179706246, 0.00181510171387, -0.00508991954848, 0.00198456994258, -0.00308155477978, 0.00230751768686, -2.6469309887e-005, 0.00659234356135, -0.00682580051944, 0.0198333859444, -0.00395287340507, 0.002352836309], [-0.00013352141832, 0.00377259310335, -0.00190511834808, 0.0022175537888, -0.00178486923687, 0.00208709179424, -0.00132220541127, -0.000271388504189, -0.00111326284241, 0.00387773034163, -0.00395287340507, 0.0195826515555, -0.00236818683334], [8.64701942191e-005, -0.00351816206239, 0.000228884295211, -0.0035482973326, -0.00122946675401, -0.00277121993713, 0.00413124496117, 0.000390922359657, 0.00287474505603, -0.00190671463497, 0.002352836309, -0.00236818683334, 0.0153888408095]]
    },
    "melbands": {
        "mean": [0.000265062204562, 0.00267912726849, 0.00170945830178, 0.00211710948497, 0.00073422404239, 0.000283346453216, 0.000400062534027, 0.000403335434385, 0.000147771075717, 4.18168929173e-005, 6.04598426435e-005, 2.05544602068e-005, 1.03750908238e-005, 1.00373890746e-005, 1.57728863996e-005, 8.74963552633e-006, 1.23339050333e-005, 5.3287267292e-006, 4.0279901441e-006, 3.99408145313e-006, 1.04818116142e-006, 1.54646613737e-006, 2.81627308141e-006, 1.73745672782e-006, 1.35254163069e-006, 1.23095560411e-006, 5.18978367836e-007, 7.38856840599e-007, 7.93944138877e-007, 9.11997176445e-007, 1.05562537556e-006, 1.29241254854e-006, 1.13234182209e-006, 9.30268583943e-007, 7.45598697449e-007, 4.99397174281e-007, 3.23821296888e-007, 3.60123152632e-007, 3.70956797724e-007, 2.50153931347e-007],
        "var": [1.67950858554e-007, 1.30193111545e-005, 2.54871451943e-006, 1.14829708764e-005, 1.02793990209e-006, 2.21760387831e-007, 4.04851220992e-007, 2.73826435659e-006, 3.11066798986e-007, 2.93518329642e-008, 7.66934107332e-008, 2.58878287696e-008, 2.48290388249e-009, 4.76681916162e-010, 3.03235525578e-009, 8.706064758e-010, 2.43825226676e-009, 1.23180299294e-010, 6.98960264667e-011, 7.86987697232e-011, 8.2018749431e-012, 1.64226531679e-011, 3.90935825378e-011, 1.62129615289e-011, 1.87196352169e-011, 1.572564301e-011, 2.85438903416e-012, 1.98952104791e-011, 2.97710120445e-011, 1.23673267807e-011, 1.04708550858e-011, 1.81775029057e-011, 1.34485686476e-011, 1.06966501628e-011, 7.99213212971e-012, 3.36441725174e-012, 2.35662292632e-012, 2.98540771097e-012, 3.25767169317e-012, 1.27839069625e-012]
    },
    "mfcc": {
        "mean": [-756.573974609, 166.340835571, 44.5724411011, 31.2690258026, 12.6058530807, 13.9078197479, -13.1143741608, -9.09256076813, -13.2265615463, -11.3755569458, 0.436082780361, -4.60504865646, -3.82738280296],
        "cov": [[7909.49316406, -2150.35961914, -712.405578613, 55.0566825867, -612.319213867, -245.889343262, -306.936340332, 237.548614502, -4.98307085037, 104.27129364, 413.552459717, -23.3829174042, -281.533752441], [-2150.35961914, 1959.91052246, -262.545715332, -95.2006912231, 266.290893555, 104.644065857, 205.600952148, -118.478363037, 14.5687923431, 76.4629364014, -113.379272461, 99.6153564453, 117.402351379], [-712.405578613, -262.545715332, 584.586242676, -48.7161026001, 22.1493358612, 74.6292877197, -10.9135112762, 7.09133672714, 18.9117240906, -40.0941467285, -14.249546051, -37.9021682739, 35.8592376709], [55.0566825867, -95.2006912231, -48.7161026001, 355.68637085, 86.3697509766, 15.5059366226, 3.16555333138, -19.5764026642, 9.27236366272, -4.72778940201, -75.6660079956, 53.1685600281, 45.5772666931], [-612.319213867, 266.290893555, 22.1493358612, 86.3697509766, 340.560119629, 57.7429618835, 26.8669548035, -70.4929962158, 42.2134780884, 12.0352478027, -111.307235718, 35.726398468, 92.2130050659], [-245.889343262, 104.644065857, 74.6292877197, 15.5059366226, 57.7429618835, 159.560668945, 45.8969764709, -23.533788681, 2.95312428474, 17.6904830933, -45.9597740173, 22.2912597656, 33.8178901672], [-306.936340332, 205.600952148, -10.9135112762, 3.16555333138, 26.8669548035, 45.8969764709, 169.830703735, -8.65530109406, -2.37689757347, 7.70332431793, -34.252872467, 41.8170700073, 18.5803470612], [237.548614502, -118.478363037, 7.09133672714, -19.5764026642, -70.4929962158, -23.533788681, -8.65530109406, 151.847824097, 22.4298267365, -6.87506103516, 76.531211853, -20.3845939636, -23.7317485809], [-4.98307085037, 14.5687923431, 18.9117240906, 9.27236366272, 42.2134780884, 2.95312428474, -2.37689757347, 22.4298267365, 112.305511475, 23.2072963715, 8.60996437073, 2.72765803337, 16.4377193451], [104.27129364, 76.4629364014, -40.0941467285, -4.72778940201, 12.0352478027, 17.6904830933, 7.70332431793, -6.87506103516, 23.2072963715, 102.932197571, 19.4646930695, 7.97223138809, 0.961195230484], [413.552459717, -113.379272461, -14.249546051, -75.6660079956, -111.307235718, -45.9597740173, -34.252872467, 76.531211853, 8.60996437073, 19.4646930695, 214.886306763, -22.063583374, -62.7526435852], [-23.3829174042, 99.6153564453, -37.9021682739, 53.1685600281, 35.726398468, 22.2912597656, 41.8170700073, -20.3845939636, 2.72765803337, 7.97223138809, -22.063583374, 99.0743179321, 30.6289348602], [-281.533752441, 117.402351379, 35.8592376709, 45.5772666931, 92.2130050659, 33.8178901672, 18.5803470612, -23.7317485809, 16.4377193451, 0.961195230484, -62.7526435852, 30.6289348602, 111.434486389]],
        "icov": [[0.000317658501444, 0.000404892984079, 0.000547392119188, 8.96713900147e-005, 0.000180949296919, -0.000144185236422, 0.000170165265445, -5.63328103453e-005, -9.37142613111e-005, -0.00033190427348, -0.000219001522055, -0.000304662215058, -6.10454071648e-006], [0.000404892984079, 0.00132522638887, 0.00113753124606, 0.000623248924967, -0.000253658916336, -0.000397341005737, -0.000491083366796, 0.000198401321541, -9.16084973142e-005, -0.000649292545859, -0.000301995431073, -0.000553239369765, -0.000538484833669], [0.000547392119188, 0.00113753124606, 0.00326752406545, 0.000702617631759, 0.000115062117402, -0.00157389079686, 0.000117225055874, 5.21129077242e-005, -0.000625631888397, 0.000389355293009, -0.000563403707929, 0.000332843657816, -0.00110019533895], [8.96713900147e-005, 0.000623248924967, 0.000702617631759, 0.00377161847427, -0.000712712993845, -0.00016223435523, 0.000226806878345, -0.000340347993188, -8.54736863403e-005, -4.23278652306e-005, 0.00091778562637, -0.00182544626296, -0.000638523255475], [0.000180949296919, -0.000253658916336, 0.000115062117402, -0.000712712993845, 0.00500395102426, -0.000566380447708, 0.000467824167572, 0.00115900347009, -0.00173571682535, -0.000184961667401, 0.000891082338057, -1.44561472553e-005, -0.00205782079138], [-0.000144185236422, -0.000397341005737, -0.00157389079686, -0.00016223435523, -0.000566380447708, 0.00839303806424, -0.00153356208466, 4.17588271375e-005, 0.000636097451206, -0.00172763399314, 0.00107133912388, -0.000669946544804, -0.0004781272728], [0.000170165265445, -0.000491083366796, 0.000117225055874, 0.000226806878345, 0.000467824167572, -0.00153356208466, 0.00792704429477, -0.000993627123535, 0.000208752753679, -0.00020812691946, 0.000937648990657, -0.00290047191083, 0.000657986151055], [-5.63328103453e-005, 0.000198401321541, 5.21129077242e-005, -0.000340347993188, 0.00115900347009, 4.17588271375e-005, -0.000993627123535, 0.00917198136449, -0.00230008224025, 0.00140817812644, -0.00282318587415, 0.0014171814546, -0.000733900466003], [-9.37142613111e-005, -9.16084973142e-005, -0.000625631888397, -8.54736863403e-005, -0.00173571682535, 0.000636097451206, 0.000208752753679, -0.00230008224025, 0.0108068585396, -0.00251855235547, -0.00033297992195, -8.61732696649e-005, -0.000921555620153], [-0.00033190427348, -0.000649292545859, 0.000389355293009, -4.23278652306e-005, -0.000184961667401, -0.00172763399314, -0.00020812691946, 0.00140817812644, -0.00251855235547, 0.0119650941342, -0.00164139037952, 0.000318317150231, 5.98549240749e-006], [-0.000219001522055, -0.000301995431073, -0.000563403707929, 0.00091778562637, 0.000891082338057, 0.00107133912388, 0.000937648990657, -0.00282318587415, -0.00033297992195, -0.00164139037952, 0.00784074235708, -0.000870985095389, 0.00246877549216], [-0.000304662215058, -0.000553239369765, 0.000332843657816, -0.00182544626296, -1.44561472553e-005, -0.000669946544804, -0.00290047191083, 0.0014171814546, -8.61732696649e-005, 0.000318317150231, -0.000870985095389, 0.0140307908878, -0.00288365711458], [-6.10454071648e-006, -0.000538484833669, -0.00110019533895, -0.000638523255475, -0.00205782079138, -0.0004781272728, 0.000657986151055, -0.000733900466003, -0.000921555620153, 5.98549240749e-006, 0.00246877549216, -0.00288365711458, 0.0140416836366]]
    },
    "spectral_contrast_coeffs": {
        "mean": [-0.535296201706, -0.662570774555, -0.76642370224, -0.758337318897, -0.789487719536, -0.770740807056],
        "var": [0.00580152822658, 0.00508897658437, 0.00471067382023, 0.00297645875253, 0.00284306169488, 0.00245279120281]
    },
    "spectral_contrast_valleys": {
        "mean": [-7.42494010925, -7.4285993576, -8.87740325928, -9.32601833344, -9.62581539154, -11.6137504578],
        "var": [0.873236715794, 0.765020012856, 0.75662624836, 0.866224706173, 1.24217510223, 1.73410260677]
    }
},
"metadata": {
    "audio_properties": {
        "analysis_sample_rate": 44100,
        "bit_rate": 128074,
        "equal_loudness": 0,
        "length": 45.0612258911,
        "lossless": 0,
        "replay_gain": -6.39350509644,
        "sample_rate": 44100,
        "codec": "mp3",
        "downmix": "mix",
        "md5_encoded": "310d7a4b3b5e496ebbbe8442bb72be66"
    },
    "tags": {
        "file_name": "1475.mp3"
    },
    "version": {
        "essentia": "2.1-beta2",
        "essentia_git_sha": "v2.1_beta2",
        "extractor": "music 1.0"
    }
},
"rhythm": {
    "beats_count": 67,
    "beats_loudness": {
        "mean": 0.0503776557744,
        "var": 0.00189622945618
    },
    "bpm": 90.4101257324,
    "bpm_histogram_first_peak_bpm": {
        "mean": 92,
        "var": 0
    },
    "bpm_histogram_first_peak_spread": {
        "mean": 0.546875,
        "var": 0
    },
    "bpm_histogram_first_peak_weight": {
        "mean": 0.439393937588,
        "var": 0
    },
    "bpm_histogram_second_peak_bpm": {
        "mean": 86,
        "var": 0
    },
    "bpm_histogram_second_peak_spread": {
        "mean": 0,
        "var": 0
    },
    "bpm_histogram_second_peak_weight": {
        "mean": 0.0303030312061,
        "var": 0
    },
    "danceability": 1.1266579628,
    "onset_rate": 2.99457359314,
    "beats_loudness_band_ratio": {
        "mean": [0.522970616817, 0.452891409397, 0.130002245307, 0.0142720844597, 0.00686300219968, 0.00544063933194],
        "var": [0.0472768843174, 0.0484210699797, 0.0230808779597, 0.000497762754094, 3.58500001312e-005, 2.94793408102e-005]
    },
    "beats_position": [0.650158703327, 1.31192743778, 1.97369611263, 2.6470746994, 3.33206343651, 4.01705217361, 4.69043064117, 5.36380958557, 6.04879808426, 6.73378658295, 7.41877555847, 8.10376358032, 8.77714252472, 9.46213150024, 10.1587295532, 10.8437185287, 11.5403175354, 12.2253055573, 12.8986845016, 13.5836734772, 14.2570514679, 14.9304304123, 15.6038093567, 16.2771873474, 16.9621772766, 17.6471652985, 18.3205432892, 18.9939231873, 19.667301178, 20.3290691376, 20.9792289734, 21.640996933, 22.3027667999, 22.9645347595, 23.6263027191, 24.3112926483, 24.9962806702, 25.6580486298, 26.3082084656, 26.9699764252, 27.6085262299, 28.2586841583, 28.9204521179, 29.5822219849, 30.2439899445, 30.9057598114, 31.5559177399, 32.2060775757, 32.8562355042, 33.5180053711, 34.1565513611, 34.8067131042, 35.4568710327, 36.1070289612, 36.7455787659, 37.3841247559, 38.034286499, 38.6844444275, 39.334602356, 39.9847602844, 40.6349182129, 41.2850799561, 41.923625946, 42.5621757507, 43.2007255554, 43.8392753601, 44.4778213501]
},
"tonal": {
    "chords_changes_rate": 0.037037037313,
    "chords_number_rate": 0.00925925932825,
    "chords_strength": {
        "mean": 0.605219602585,
        "var": 0.010661075823
    },
    "hpcp_entropy": {
        "mean": 1.79253971577,
        "var": 0.363078802824
    },
    "key_strength": 0.754543304443,
    "tuning_diatonic_strength": 0.637101829052,
    "tuning_equal_tempered_deviation": 0.0846566781402,
    "tuning_frequency": 441.527557373,
    "tuning_nontempered_energy_ratio": 0.676345527172,
    "hpcp": {
        "mean": [0.294674038887, 0.147251754999, 0.0368125215173, 0.0299133080989, 0.0492361523211, 0.192144662142, 0.309973984957, 0.207381039858, 0.214160531759, 0.235989928246, 0.0903510823846, 0.0153164276853, 0.010780162178, 0.0224652569741, 0.0598184205592, 0.0831345096231, 0.0509449578822, 0.0169922392815, 0.00872063450515, 0.0187867861241, 0.0930579006672, 0.118672892451, 0.0554609820247, 0.0641859173775, 0.0776117444038, 0.0371947735548, 0.0206217188388, 0.0213532969356, 0.0678949132562, 0.298454284668, 0.40259206295, 0.213624492288, 0.0859471410513, 0.0610656403005, 0.0883837118745, 0.233114942908],
        "var": [0.153990790248, 0.0564623661339, 0.0118725812063, 0.0139028951526, 0.0192418750376, 0.0758381858468, 0.157389223576, 0.0621949881315, 0.0920303091407, 0.127761155367, 0.0268863104284, 0.00661000981927, 0.00400579161942, 0.00915145874023, 0.0219527073205, 0.026287458837, 0.0104100769386, 0.00166248693131, 0.00115234672558, 0.00275785941631, 0.027714105323, 0.0442752204835, 0.00948281772435, 0.0290917512029, 0.0436291731894, 0.0133537612855, 0.00727276597172, 0.005114487838, 0.0137697011232, 0.100085623562, 0.144803658128, 0.0669569969177, 0.039438046515, 0.026284404099, 0.0388635881245, 0.114966720343]
    },
    "chords_histogram": [9.56790161133, 6.99588489532, 44.2386817932, 0.102880656719, 1.02880656719, 1.02880656719, 0, 0, 0, 2.67489719391, 0, 0, 0, 0, 0, 0, 0, 0.411522626877, 0, 0, 0, 2.77777767181, 11.1111106873, 20.0617275238],
    "thpcp": [1, 0.530622720718, 0.213484436274, 0.151681184769, 0.219536647201, 0.579035103321, 0.731941998005, 0.3657592237, 0.0914387628436, 0.0743017867208, 0.122297868133, 0.477268874645, 0.76994562149, 0.515114605427, 0.531954169273, 0.586176276207, 0.224423408508, 0.0380445346236, 0.0267768874764, 0.0558015406132, 0.148583203554, 0.206498131156, 0.126542374492, 0.0422070883214, 0.0216612182558, 0.0466645732522, 0.231146886945, 0.294772058725, 0.137759745121, 0.159431651235, 0.192780122161, 0.0923882424831, 0.0512223690748, 0.0530395396054, 0.168644443154, 0.741331756115],
    "chords_key": "G",
    "chords_scale": "major",
    "key_key": "C",
    "key_scale": "major"
}
}