{
"lowlevel": {
    "average_loudness": 0.901772081852,
    "barkbands_crest": {
        "mean": 9.0184545517,
        "var": 7.90979623795
    },
    "barkbands_flatness_db": {
        "mean": 0.226365253329,
        "var": 0.0130804488435
    },
    "barkbands_kurtosis": {
        "mean": 4.66878890991,
        "var": 25.4450912476
    },
    "barkbands_skewness": {
        "mean": 1.46672070026,
        "var": 0.724127292633
    },
    "barkbands_spread": {
        "mean": 11.7520112991,
        "var": 128.844451904
    },
    "dissonance": {
        "mean": 0.391331315041,
        "var": 0.00625804578885
    },
    "dynamic_complexity": 2.89915585518,
    "erbbands_crest": {
        "mean": 9.66096973419,
        "var": 14.9955348969
    },
    "erbbands_flatness_db": {
        "mean": 0.232646465302,
        "var": 0.0123782055452
    },
    "erbbands_kurtosis": {
        "mean": 2.38456249237,
        "var": 12.9631938934
    },
    "erbbands_skewness": {
        "mean": 1.04532361031,
        "var": 0.624258220196
    },
    "erbbands_spread": {
        "mean": 25.5590286255,
        "var": 370.509429932
    },
    "hfc": {
        "mean": 14.2336444855,
        "var": 295.955841064
    },
    "melbands_crest": {
        "mean": 12.7190189362,
        "var": 13.6982526779
    },
    "melbands_flatness_db": {
        "mean": 0.302228927612,
        "var": 0.0157193168998
    },
    "melbands_kurtosis": {
        "mean": 9.09273719788,
        "var": 84.9287338257
    },
    "melbands_skewness": {
        "mean": 1.92082977295,
        "var": 1.11592626572
    },
    "melbands_spread": {
        "mean": 12.1509723663,
        "var": 120.48059845
    },
    "pitch_salience": {
        "mean": 0.578420042992,
        "var": 0.00590961053967
    },
    "silence_rate_20dB": {
        "mean": 1,
        "var": 0
    },
    "silence_rate_30dB": {
        "mean": 0.99330586195,
        "var": 0.00664932467043
    },
    "silence_rate_60dB": {
        "mean": 0.00926879514009,
        "var": 0.00918283034116
    },
    "spectral_centroid": {
        "mean": 731.768554688,
        "var": 216458.765625
    },
    "spectral_complexity": {
        "mean": 12.0097837448,
        "var": 27.6543178558
    },
    "spectral_decrease": {
        "mean": -6.71261224383e-009,
        "var": 2.61275667105e-017
    },
    "spectral_energy": {
        "mean": 0.0266260039061,
        "var": 0.000424345635111
    },
    "spectral_energyband_high": {
        "mean": 0.000434088695329,
        "var": 8.64055095917e-007
    },
    "spectral_energyband_low": {
        "mean": 0.00755020370707,
        "var": 4.41178490291e-005
    },
    "spectral_energyband_middle_high": {
        "mean": 0.00378194940276,
        "var": 6.90319211571e-005
    },
    "spectral_energyband_middle_low": {
        "mean": 0.016046853736,
        "var": 0.000182909934665
    },
    "spectral_entropy": {
        "mean": 6.69136047363,
        "var": 0.739834964275
    },
    "spectral_flux": {
        "mean": 0.0517544299364,
        "var": 0.0012442531297
    },
    "spectral_kurtosis": {
        "mean": 36.6187782288,
        "var": 7679.43603516
    },
    "spectral_rms": {
        "mean": 0.00473948428407,
        "var": 3.51386756847e-006
    },
    "spectral_rolloff": {
        "mean": 838.895446777,
        "var": 1417551.25
    },
    "spectral_skewness": {
        "mean": 3.46339535713,
        "var": 13.5837612152
    },
    "spectral_spread": {
        "mean": 3990921.25,
        "var": 5.661130752e+012
    },
    "spectral_strongpeak": {
        "mean": 0.909454524517,
        "var": 2.0595729351
    },
    "zerocrossingrate": {
        "mean": 0.0370201170444,
        "var": 0.00103207491338
    },
    "barkbands": {
        "mean": [0.00149810209405, 0.00437797931954, 0.000865872949362, 0.00155832397286, 0.00441019143909, 0.00270406831987, 0.00211444729939, 0.00197570538148, 0.00245953514241, 0.0021156615112, 0.000337323028361, 0.000481814960949, 0.000401737663196, 0.000330781913362, 0.000202368581085, 7.17345537851e-005, 7.32599946787e-005, 0.000107489722723, 6.88715590513e-005, 7.10555468686e-005, 0.000101473691757, 0.00012856417743, 5.66582639294e-005, 5.82616703468e-005, 4.056707985e-005, 1.35167274493e-005, 6.3332930722e-007],
        "var": [2.27555119636e-006, 2.09064455703e-005, 1.36549863328e-006, 6.44568353891e-006, 1.471248288e-005, 5.16352065461e-006, 1.42261960718e-005, 2.62974972429e-005, 3.90322384192e-005, 6.56949123368e-005, 2.10712732951e-006, 3.82066173188e-006, 2.90809271064e-006, 1.71221813616e-006, 2.74778130915e-007, 4.39887770654e-008, 1.74682508458e-008, 4.0707845983e-008, 2.7595065788e-008, 3.12087458099e-008, 8.06741269344e-008, 8.43665475259e-008, 1.50820902434e-008, 3.25329487794e-008, 2.92118116363e-008, 3.21022497474e-009, 6.80292671154e-012]
    },
    "erbbands": {
        "mean": [0.256660461426, 0.478768855333, 0.872891783714, 3.83061957359, 7.75478506088, 16.6462841034, 22.7197303772, 20.0395374298, 31.0437850952, 30.6857643127, 51.2325172424, 64.9496688843, 58.3195800781, 39.0198898315, 24.3640995026, 16.1995124817, 17.7849197388, 19.1026477814, 13.265001297, 6.79005479813, 4.03025531769, 4.0329785347, 6.59645032883, 3.40240979195, 4.02664470673, 3.14317631721, 3.1154563427, 5.13678073883, 5.24160480499, 2.31068778038, 1.48183763027, 1.25424027443, 0.983362197876, 0.612457871437, 0.192122206092, 0.076296530664, 0.0213957168162, 0.00284453155473, 9.07417779672e-005, 3.34640462825e-005],
        "var": [0.0579449348152, 0.447436094284, 1.32190585136, 32.1697273254, 80.2708358765, 218.108520508, 467.398223877, 315.424468994, 1864.07312012, 8348.54492188, 13562.6689453, 23214.4121094, 78467.9921875, 16010.9746094, 9824.64941406, 2553.47387695, 4307.89013672, 5646.49316406, 1194.9251709, 372.743041992, 75.4731140137, 48.5460319519, 152.576293945, 44.7851066589, 102.192901611, 57.4582176208, 87.8113479614, 190.51612854, 148.638793945, 26.1044578552, 11.5801343918, 14.3208665848, 9.64594459534, 7.44532585144, 0.572539687157, 0.102887287736, 0.00749022699893, 0.000114972579468, 9.21290990163e-008, 7.5758271878e-010]
    },
    "gfcc": {
        "mean": [-69.5247116089, 127.284805298, -98.7615966797, -2.67007112503, -92.4716873169, -2.77938747406, -36.3377990723, -0.732047617435, -21.5922260284, -4.28634595871, -12.3120241165, 0.704273760319, -4.48445129395],
        "cov": [[15747.0537109, -3066.70507813, -749.045227051, 4985.23681641, 1243.74047852, 1699.48376465, -260.703735352, 1211.95776367, 372.57522583, 661.6953125, -707.043151855, 13.5114221573, -334.265380859], [-3066.70507813, 2766.86254883, 662.506713867, -1031.06152344, 315.920043945, -236.619613647, 497.97644043, -341.061065674, 251.40965271, -183.521438599, 393.35446167, -45.7102508545, 277.20010376], [-749.045227051, 662.506713867, 1121.63708496, 230.895828247, 298.114746094, 284.023162842, 277.324768066, 55.5195045471, 120.376457214, 117.488899231, 81.7395782471, 75.0875244141, 84.0448379517], [4985.23681641, -1031.06152344, 230.895828247, 2965.02929688, 1049.63208008, 748.423339844, -9.5666437149, 595.640319824, 372.863342285, 255.961807251, -303.153076172, -5.56514024734, -70.0940093994], [1243.74047852, 315.920043945, 298.114746094, 1049.63208008, 879.977539063, 382.705413818, 80.5183486938, 215.929443359, 291.58026123, 152.57434082, -46.7446556091, -21.0222167969, 55.9652786255], [1699.48376465, -236.619613647, 284.023162842, 748.423339844, 382.705413818, 572.329528809, 143.621765137, 151.285476685, 109.11063385, 225.017425537, -35.9994812012, 19.8088340759, -21.1753063202], [-260.703735352, 497.97644043, 277.324768066, -9.5666437149, 80.5183486938, 143.621765137, 352.936065674, -37.5865516663, 40.3894882202, 38.4349479675, 110.7733078, 32.3890037537, 42.6428146362], [1211.95776367, -341.061065674, 55.5195045471, 595.640319824, 215.929443359, 151.285476685, -37.5865516663, 245.028076172, 65.5932540894, 56.9332885742, -62.8188667297, 31.5116004944, -25.0552635193], [372.57522583, 251.40965271, 120.376457214, 372.863342285, 291.58026123, 109.11063385, 40.3894882202, 65.5932540894, 210.595046997, 50.785243988, 8.86959266663, 9.140832901, 56.3628616333], [661.6953125, -183.521438599, 117.488899231, 255.961807251, 152.57434082, 225.017425537, 38.4349479675, 56.9332885742, 50.785243988, 189.466918945, -9.08858013153, 22.3412971497, 2.30647563934], [-707.043151855, 393.35446167, 81.7395782471, -303.153076172, -46.7446556091, -35.9994812012, 110.7733078, -62.8188667297, 8.86959266663, -9.08858013153, 154.244155884, 22.2719802856, 35.5802192688], [13.5114221573, -45.7102508545, 75.0875244141, -5.56514024734, -21.0222167969, 19.8088340759, 32.3890037537, 31.5116004944, 9.140832901, 22.3412971497, 22.2719802856, 107.603630066, 18.3878574371], [-334.265380859, 277.20010376, 84.0448379517, -70.0940093994, 55.9652786255, -21.1753063202, 42.6428146362, -25.0552635193, 56.3628616333, 2.30647563934, 35.5802192688, 18.3878574371, 113.385696411]],
        "icov": [[0.00039275889867, -0.000794615305495, 0.000762448937166, -0.000731030129828, 0.00103478424717, -0.00106326665264, 0.000577648694161, -0.00116088509094, 0.000605743029155, -0.00102091394365, 0.00105736695696, -0.000514594139531, 0.000371658941731], [-0.000794615305495, 0.00463457265869, -0.00255399942398, 0.00261297659017, -0.00448932312429, 0.00313330744393, -0.00346975214779, 0.0040601012297, -0.00385125400499, 0.00516613572836, -0.00483227707446, 0.00304012233391, -0.0023287399672], [0.000762448937166, -0.00255399942398, 0.00311493780464, -0.00168037728872, 0.00252993078902, -0.00276457867585, 0.00118470657617, -0.00301421689801, 0.00204127957113, -0.00304330303334, 0.00294559099711, -0.00219053775072, 0.000745433848351], [-0.000731030129828, 0.00261297659017, -0.00168037728872, 0.00311250356026, -0.00331495073624, 0.00164829660207, -0.00232134619728, 0.00102769501973, -0.00315740704536, 0.00336054619402, -0.00127018382773, 0.00194270699285, -0.000744685065001], [0.00103478424717, -0.00448932312429, 0.00252993078902, -0.00331495073624, 0.00803153216839, -0.00436450215057, 0.0033624030184, -0.0052449866198, 0.00087369378889, -0.00531985424459, 0.00471821473911, -0.00124475522898, 0.00129366910551], [-0.00106326665264, 0.00313330744393, -0.00276457867585, 0.00164829660207, -0.00436450215057, 0.00882889516652, -0.00405984092504, 0.00356936012395, -0.00179140269756, -0.000923599349335, -0.00331978080794, 0.00221142964438, -1.55112811626e-005], [0.000577648694161, -0.00346975214779, 0.00118470657617, -0.00232134619728, 0.0033624030184, -0.00405984092504, 0.00796933006495, -0.0013659496326, 0.00339265423827, -0.00264104409143, -5.73920478928e-005, -0.00299104629084, 0.00102597032674], [-0.00116088509094, 0.0040601012297, -0.00301421689801, 0.00102769501973, -0.0052449866198, 0.00356936012395, -0.0013659496326, 0.0139857428148, -0.00231794174761, 0.00500832078978, -0.00540776690468, -0.000940021069255, -0.000719376432244], [0.000605743029155, -0.00385125400499, 0.00204127957113, -0.00315740704536, 0.00087369378889, -0.00179140269756, 0.00339265423827, -0.00231794174761, 0.0141612337902, -0.00471286289394, 0.00156852998771, -0.00340000260621, -0.00170210050419], [-0.00102091394365, 0.00516613572836, -0.00304330303334, 0.00336054619402, -0.00531985424459, -0.000923599349335, -0.00264104409143, 0.00500832078978, -0.00471286289394, 0.0164148826152, -0.00581139931455, 0.00182393065188, -0.00321648060344], [0.00105736695696, -0.00483227707446, 0.00294559099711, -0.00127018382773, 0.00471821473911, -0.00331978080794, -5.73920478928e-005, -0.00540776690468, 0.00156852998771, -0.00581139931455, 0.0177298318595, -0.00416052807122, 0.00228974735364], [-0.000514594139531, 0.00304012233391, -0.00219053775072, 0.00194270699285, -0.00124475522898, 0.00221142964438, -0.00299104629084, -0.000940021069255, -0.00340000260621, 0.00182393065188, -0.00416052807122, 0.0141767235473, -0.00352066289634], [0.000371658941731, -0.0023287399672, 0.000745433848351, -0.000744685065001, 0.00129366910551, -1.55112811626e-005, 0.00102597032674, -0.000719376432244, -0.00170210050419, -0.00321648060344, 0.00228974735364, -0.00352066289634, 0.0141731295735]]
    },
    "melbands": {
        "mean": [0.0017282058252, 0.000475917331642, 0.00067576172296, 0.000968089443631, 0.000760842231102, 0.000460303184809, 0.000461255549453, 0.000343709107256, 0.000447574595455, 0.000370526657207, 0.000289891293505, 0.000172769228811, 6.29171845503e-005, 6.38546334812e-005, 4.05922000937e-005, 3.38906902471e-005, 3.58450815838e-005, 2.16556545638e-005, 1.11997223939e-005, 6.37549146631e-006, 4.43357066615e-006, 3.84438408219e-006, 5.62667628401e-006, 5.16649288329e-006, 2.38358006754e-006, 2.9164677926e-006, 2.75187699117e-006, 1.9268043161e-006, 1.83075235327e-006, 2.12165423363e-006, 3.36387870448e-006, 3.3293456454e-006, 1.81394932497e-006, 1.08838708002e-006, 7.68461632106e-007, 9.37140498536e-007, 7.07560332103e-007, 6.89951775712e-007, 6.69487633331e-007, 4.63669692863e-007],
        "var": [2.60955653175e-006, 3.59859512855e-007, 9.14816212116e-007, 1.03604565993e-006, 3.96395364533e-007, 1.64965271665e-007, 4.23524852522e-007, 9.77404624791e-007, 9.03882778402e-007, 7.8446612406e-007, 1.96453083845e-006, 3.72286876882e-007, 6.10649806276e-008, 6.73027074072e-008, 3.2315959686e-008, 1.60919846337e-008, 2.45901929929e-008, 3.95305699286e-009, 8.99794794229e-010, 4.05373873358e-010, 8.72742988989e-011, 4.83644790883e-011, 1.03403521856e-010, 1.04075019436e-010, 2.81250231438e-011, 6.87831666624e-011, 5.34748564873e-011, 2.91997259705e-011, 3.51678651478e-011, 4.43371138414e-011, 8.18389661594e-011, 6.18469997438e-011, 1.8474687058e-011, 6.00573887496e-012, 3.35984647222e-012, 5.89841803872e-012, 5.53705215359e-012, 4.29916302211e-012, 7.70815355988e-012, 4.93372140017e-012]
    },
    "mfcc": {
        "mean": [-712.498840332, 153.662261963, 29.9198246002, 0.190001025796, -28.5960426331, -14.7977762222, -14.5592947006, -2.87444782257, -7.23454713821, -8.45476055145, -1.63693666458, -4.07069826126, -8.6186580658],
        "cov": [[12429.8378906, -2578.95849609, -741.307617188, 2333.05102539, 2208.6027832, 1903.79943848, 425.486663818, 518.534790039, 876.180908203, 942.370178223, 626.094909668, 50.1971206665, -167.467590332], [-2578.95849609, 2212.42919922, 397.2265625, -256.27545166, -160.044708252, -67.9277191162, 125.952644348, 58.5254859924, -31.7645797729, -68.5004730225, -37.7870407104, 107.179481506, 118.654525757], [-741.307617188, 397.2265625, 886.660766602, 70.2395019531, -51.4261856079, 173.764816284, 211.078536987, 100.277793884, 107.985351563, -12.5582408905, 65.3754272461, 121.268852234, 131.599441528], [2333.05102539, -256.27545166, 70.2395019531, 1291.17578125, 1004.378479, 622.801025391, 160.606704712, 282.273468018, 431.186065674, 320.663543701, 160.932128906, 82.708190918, 39.6785392761], [2208.6027832, -160.044708252, -51.4261856079, 1004.378479, 1259.08068848, 684.8515625, 124.818725586, 202.706985474, 427.907531738, 399.838012695, 167.569854736, 61.8243942261, 20.1664142609], [1903.79943848, -67.9277191162, 173.764816284, 622.801025391, 684.8515625, 842.297546387, 304.504302979, 172.053100586, 343.512878418, 301.895477295, 238.359771729, 117.458442688, 44.6835784912], [425.486663818, 125.952644348, 211.078536987, 160.606704712, 124.818725586, 304.504302979, 306.290863037, 99.6388244629, 106.672943115, 102.132247925, 101.955833435, 90.2354354858, 48.2087478638], [518.534790039, 58.5254859924, 100.277793884, 282.273468018, 202.706985474, 172.053100586, 99.6388244629, 209.138168335, 104.760192871, 72.3999786377, 63.9393501282, 53.8337059021, 53.6019325256], [876.180908203, -31.7645797729, 107.985351563, 431.186065674, 427.907531738, 343.512878418, 106.672943115, 104.760192871, 274.829620361, 141.909240723, 81.9156036377, 60.2873077393, 31.643705368], [942.370178223, -68.5004730225, -12.5582408905, 320.663543701, 399.838012695, 301.895477295, 102.132247925, 72.3999786377, 141.909240723, 257.706604004, 79.7142028809, 25.3067989349, 12.2621688843], [626.094909668, -37.7870407104, 65.3754272461, 160.932128906, 167.569854736, 238.359771729, 101.955833435, 63.9393501282, 81.9156036377, 79.7142028809, 155.75642395, 41.6641960144, 21.4069213867], [50.1971206665, 107.179481506, 121.268852234, 82.708190918, 61.8243942261, 117.458442688, 90.2354354858, 53.8337059021, 60.2873077393, 25.3067989349, 41.6641960144, 107.318756104, 51.7631340027], [-167.467590332, 118.654525757, 131.599441528, 39.6785392761, 20.1664142609, 44.6835784912, 48.2087478638, 53.6019325256, 31.643705368, 12.2621688843, 21.4069213867, 51.7631340027, 112.400375366]],
        "icov": [[0.000253985577729, 0.000212448707316, 0.000194637526874, -0.000170468643773, 3.19118407788e-005, -0.000319051527185, -6.31781858829e-006, -0.000251729070442, -2.1529795049e-005, -0.0001785918721, -0.000266844086582, 6.78146097925e-005, 0.000275442900602], [0.000212448707316, 0.000730964355171, -1.61568859767e-005, 0.00010931417637, -0.000174383545527, -0.000168521568412, -0.000199027563212, -0.000413883884903, 3.51932903868e-005, -6.46239932394e-005, 4.63165415567e-005, -0.000266327057034, 1.72130130522e-005], [0.000194637526874, -1.61568859767e-005, 0.00192375748884, -0.000243205329753, 0.000466786295874, -0.000316408666549, -0.000754948589019, -0.000156137757585, -0.00088051147759, 0.000318965583574, -0.00029663630994, -0.000233642102103, -0.00104197137989], [-0.000170468643773, 0.00010931417637, -0.000243205329753, 0.00294915353879, -0.00151834730059, 0.00031725509325, 3.55989213858e-005, -0.00168119801674, -0.00157638743985, 0.000183208554517, 0.000305164488964, -5.91949683439e-005, 0.000199994785362], [3.19118407788e-005, -0.000174383545527, 0.000466786295874, -0.00151834730059, 0.00372369890101, -0.000997572788037, 0.00135339586996, 6.50461879559e-005, -0.00179484218825, -0.00242769531906, -5.16251893714e-005, 0.000156636539032, 4.59370276076e-005], [-0.000319051527185, -0.000168521568412, -0.000316408666549, 0.00031725509325, -0.000997572788037, 0.00585695821792, -0.00246180430986, 0.000807575008366, -0.00271732546389, -0.0012680022046, -0.00332131469622, -0.000815210223664, 0.000393666385207], [-6.31781858829e-006, -0.000199027563212, -0.000754948589019, 3.55989213858e-005, 0.00135339586996, -0.00246180430986, 0.00746344961226, -0.00140550720971, 0.000360479200026, -0.0017288721865, -0.000448362785392, -0.00254990765825, 0.000623853120487], [-0.000251729070442, -0.000413883884903, -0.000156137757585, -0.00168119801674, 6.50461879559e-005, 0.000807575008366, -0.00140550720971, 0.0087769171223, 7.58735332056e-005, 0.000388234504499, -0.000985014718026, -0.000599498918746, -0.00267734564841], [-2.1529795049e-005, 3.51932903868e-005, -0.00088051147759, -0.00157638743985, -0.00179484218825, -0.00271732546389, 0.000360479200026, 7.58735332056e-005, 0.0120017109439, 0.000868980074301, 0.00162340712268, -0.00156531005632, -0.000332282419549], [-0.0001785918721, -6.46239932394e-005, 0.000318965583574, 0.000183208554517, -0.00242769531906, -0.0012680022046, -0.0017288721865, 0.000388234504499, 0.000868980074301, 0.00944927707314, 0.000400735152652, 0.00135878601577, -0.00111754110549], [-0.000266844086582, 4.63165415567e-005, -0.00029663630994, 0.000305164488964, -5.16251893714e-005, -0.00332131469622, -0.000448362785392, -0.000985014718026, 0.00162340712268, 0.000400735152652, 0.012391728349, -0.000750454026274, -0.000730416446459], [6.78146097925e-005, -0.000266327057034, -0.000233642102103, -5.91949683439e-005, 0.000156636539032, -0.000815210223664, -0.00254990765825, -0.000599498918746, -0.00156531005632, 0.00135878601577, -0.000750454026274, 0.0162164997309, -0.00468057114631], [0.000275442900602, 1.72130130522e-005, -0.00104197137989, 0.000199994785362, 4.59370276076e-005, 0.000393666385207, 0.000623853120487, -0.00267734564841, -0.000332282419549, -0.00111754110549, -0.000730416446459, -0.00468057114631, 0.0137928966433]]
    },
    "spectral_contrast_coeffs": {
        "mean": [-0.559044539928, -0.68404340744, -0.679063618183, -0.745190262794, -0.77272349596, -0.76894402504],
        "var": [0.0157143883407, 0.00379287381656, 0.00932452920824, 0.00533607555553, 0.00488285394385, 0.00393762206659]
    },
    "spectral_contrast_valleys": {
        "mean": [-8.22745132446, -6.53529405594, -7.91557836533, -9.15347862244, -9.30489063263, -11.2143354416],
        "var": [4.81814336777, 0.874756217003, 1.50207316875, 2.32562947273, 2.55256319046, 2.81622266769]
    }
},
"metadata": {
    "audio_properties": {
        "analysis_sample_rate": 44100,
        "bit_rate": 128074,
        "equal_loudness": 0,
        "length": 45.0612258911,
        "lossless": 0,
        "replay_gain": -5.31779098511,
        "sample_rate": 44100,
        "codec": "mp3",
        "downmix": "mix",
        "md5_encoded": "96429de6ba36a7ebd366c13320fe6517"
    },
    "tags": {
        "file_name": "1476.mp3"
    },
    "version": {
        "essentia": "2.1-beta2",
        "essentia_git_sha": "v2.1_beta2",
        "extractor": "music 1.0"
    }
},
"rhythm": {
    "beats_count": 85,
    "beats_loudness": {
        "mean": 0.0292423497885,
        "var": 0.000446853664471
    },
    "bpm": 111.486656189,
    "bpm_histogram_first_peak_bpm": {
        "mean": 112,
        "var": 0
    },
    "bpm_histogram_first_peak_spread": {
        "mean": 0.430769264698,
        "var": 0
    },
    "bpm_histogram_first_peak_weight": {
        "mean": 0.440476179123,
        "var": 0
    },
    "bpm_histogram_second_peak_bpm": {
        "mean": 148,
        "var": 0
    },
    "bpm_histogram_second_peak_spread": {
        "mean": 0.222222208977,
        "var": 0
    },
    "bpm_histogram_second_peak_weight": {
        "mean": 0.0833333358169,
        "var": 0
    },
    "danceability": 0.984183132648,
    "onset_rate": 2.88366365433,
    "beats_loudness_band_ratio": {
        "mean": [0.31230711937, 0.30528101325, 0.272783845663, 0.105402238667, 0.0218914039433, 0.0226054601371],
        "var": [0.0649278089404, 0.019113175571, 0.0294693671167, 0.0143651636317, 0.000859422259964, 0.00140443141572]
    },
    "beats_position": [0.406349211931, 0.824308395386, 1.23065757751, 1.63700675964, 2.0549659729, 2.46131515503, 2.86766433716, 3.27401351929, 3.68036270142, 4.08671188354, 4.57433080673, 5.07355976105, 5.56117916107, 6.09523820877, 6.62929677963, 7.16335582733, 7.73224496841, 8.31274318695, 8.88163280487, 9.45052146912, 10.0194101334, 10.5766887665, 11.1339683533, 11.6912469864, 12.2601356506, 12.8174142838, 13.3746938705, 13.9435825348, 14.5008611679, 15.0581407547, 15.6038093567, 16.1378688812, 16.6835365295, 17.2292060852, 17.7748756409, 18.2973232269, 18.8313827515, 19.3770523071, 19.9227199554, 20.45677948, 20.9792289734, 21.5132884979, 22.0473461151, 22.5814056396, 23.1270751953, 23.6727428436, 24.2184123993, 24.7524719238, 25.286529541, 25.8205890656, 26.3546485901, 26.8887062073, 27.4111557007, 27.9336051941, 28.4676647186, 29.0017223358, 29.5357818604, 30.0698413849, 30.6038990021, 31.1379585266, 31.6836280823, 32.2292976379, 32.7865753174, 33.3206329346, 33.8663024902, 34.3887519836, 34.9228096008, 35.4568710327, 35.9909286499, 36.5249862671, 37.059047699, 37.5931053162, 38.1271629333, 38.6612243652, 39.1952819824, 39.7293434143, 40.2634010315, 40.7974586487, 41.3199081421, 41.8539657593, 42.3996353149, 42.9336967468, 43.467754364, 44.0018119812, 44.5474815369]
},
"tonal": {
    "chords_changes_rate": 0.0308641977608,
    "chords_number_rate": 0.00617283955216,
    "chords_strength": {
        "mean": 0.612999200821,
        "var": 0.0107447123155
    },
    "hpcp_entropy": {
        "mean": 1.85950875282,
        "var": 0.297733038664
    },
    "key_strength": 0.712211489677,
    "tuning_diatonic_strength": 0.518533408642,
    "tuning_equal_tempered_deviation": 0.18440720439,
    "tuning_frequency": 434.193115234,
    "tuning_nontempered_energy_ratio": 0.967412889004,
    "hpcp": {
        "mean": [0.463036239147, 0.475423812866, 0.128049299121, 0.014716386795, 0.0120266498998, 0.020454775542, 0.0942686796188, 0.117748126388, 0.0669514983892, 0.124227561057, 0.13764564693, 0.0573431663215, 0.0264676548541, 0.0202021319419, 0.0751965641975, 0.362962722778, 0.409740835428, 0.123872973025, 0.020718138665, 0.0214193668216, 0.0704756379128, 0.212776362896, 0.217527940869, 0.204855248332, 0.389505833387, 0.309644073248, 0.0723613351583, 0.0209168177098, 0.0233956687152, 0.0473267920315, 0.15328297019, 0.200837627053, 0.103117138147, 0.0438972562551, 0.0517239049077, 0.136866182089],
        "var": [0.115617625415, 0.132135957479, 0.0143161239102, 0.00421764468774, 0.0032651219517, 0.00347295543179, 0.0367445237935, 0.0571018457413, 0.0141776660457, 0.0633606016636, 0.0747784748673, 0.016082957387, 0.00708526419476, 0.00396981323138, 0.0145936757326, 0.108530133963, 0.139946639538, 0.0157293323427, 0.00497455475852, 0.00478617567569, 0.0234526731074, 0.0903568044305, 0.0907692983747, 0.038987737149, 0.15829513967, 0.116345159709, 0.0121115036309, 0.00481671700254, 0.00483564753085, 0.010716734454, 0.0661873444915, 0.122706755996, 0.0404032692313, 0.0172158125788, 0.0249775629491, 0.0359628126025]
    },
    "chords_histogram": [50.4115219116, 0.925925910473, 26.5432090759, 3.70370364189, 0.925925910473, 13.1687240601, 0, 0, 0, 0, 2.57201647758, 0, 0, 0, 0, 0, 0, 0, 0, 0, 0, 0, 1.74897122383, 0],
    "thpcp": [1, 0.269337147474, 0.0309542492032, 0.0252966918051, 0.0430242978036, 0.198283463717, 0.247669816017, 0.140824869275, 0.261298567057, 0.289521992207, 0.12061484158, 0.0556717067957, 0.0424928888679, 0.158167436719, 0.763450860977, 0.861843287945, 0.260552734137, 0.0435782521963, 0.0450532063842, 0.148237496614, 0.447550922632, 0.457545310259, 0.430889755487, 0.819281280041, 0.651301145554, 0.152203857899, 0.0439961515367, 0.0492101311684, 0.0995465293527, 0.32241332531, 0.42243912816, 0.216895192862, 0.0923328921199, 0.108795359731, 0.287882477045, 0.97394412756],
    "chords_key": "D",
    "chords_scale": "minor",
    "key_key": "D",
    "key_scale": "minor"
}
}