{
"lowlevel": {
    "average_loudness": 0.944823205471,
    "barkbands_crest": {
        "mean": 13.6511993408,
        "var": 29.9985160828
    },
    "barkbands_flatness_db": {
        "mean": 0.192877173424,
        "var": 0.00441724574193
    },
    "barkbands_kurtosis": {
        "mean": 5.71835803986,
        "var": 196.964889526
    },
    "barkbands_skewness": {
        "mean": 1.6160312891,
        "var": 2.70940899849
    },
    "barkbands_spread": {
        "mean": 17.4470214844,
        "var": 141.006256104
    },
    "dissonance": {
        "mean": 0.450951516628,
        "var": 0.00121262483299
    },
    "dynamic_complexity": 2.26339459419,
    "erbbands_crest": {
        "mean": 11.1782169342,
        "var": 29.0648593903
    },
    "erbbands_flatness_db": {
        "mean": 0.196102261543,
        "var": 0.00224939943291
    },
    "erbbands_kurtosis": {
        "mean": 1.36104464531,
        "var": 6.76361465454
    },
    "erbbands_skewness": {
        "mean": -0.0391489416361,
        "var": 0.682379007339
    },
    "erbbands_spread": {
        "mean": 25.823513031,
        "var": 255.278259277
    },
    "hfc": {
        "mean": 20.613910675,
        "var": 382.846038818
    },
    "melbands_crest": {
        "mean": 17.392911911,
        "var": 36.9853401184
    },
    "melbands_flatness_db": {
        "mean": 0.275255411863,
        "var": 0.00787279568613
    },
    "melbands_kurtosis": {
        "mean": 13.241894722,
        "var": 462.686096191
    },
    "melbands_skewness": {
        "mean": 2.60001373291,
        "var": 3.63119578362
    },
    "melbands_spread": {
        "mean": 19.6304702759,
        "var": 228.756118774
    },
    "pitch_salience": {
        "mean": 0.446178972721,
        "var": 0.0167934019119
    },
    "silence_rate_20dB": {
        "mean": 1,
        "var": 0
    },
    "silence_rate_30dB": {
        "mean": 0.983522117138,
        "var": 0.0162059795111
    },
    "silence_rate_60dB": {
        "mean": 0.0113285277039,
        "var": 0.01119976677
    },
    "spectral_centroid": {
        "mean": 1107.42932129,
        "var": 324740.6875
    },
    "spectral_complexity": {
        "mean": 17.4294548035,
        "var": 50.3150367737
    },
    "spectral_decrease": {
        "mean": -9.90932313982e-009,
        "var": 4.47746380479e-017
    },
    "spectral_energy": {
        "mean": 0.0392698049545,
        "var": 0.00068590923911
    },
    "spectral_energyband_high": {
        "mean": 0.000338641373673,
        "var": 8.19029764898e-007
    },
    "spectral_energyband_low": {
        "mean": 0.0217251367867,
        "var": 0.000457236950751
    },
    "spectral_energyband_middle_high": {
        "mean": 0.00878470484167,
        "var": 0.000128912128275
    },
    "spectral_energyband_middle_low": {
        "mean": 0.00930510368198,
        "var": 0.000112074609206
    },
    "spectral_entropy": {
        "mean": 7.1077914238,
        "var": 0.226268082857
    },
    "spectral_flux": {
        "mean": 0.0838523060083,
        "var": 0.00291406270117
    },
    "spectral_kurtosis": {
        "mean": 10.5218667984,
        "var": 81.8826904297
    },
    "spectral_rms": {
        "mean": 0.00585626577958,
        "var": 4.01612487622e-006
    },
    "spectral_rolloff": {
        "mean": 1048.77172852,
        "var": 1332924.125
    },
    "spectral_skewness": {
        "mean": 2.2606306076,
        "var": 0.715063929558
    },
    "spectral_spread": {
        "mean": 3428358,
        "var": 4.05782318285e+012
    },
    "spectral_strongpeak": {
        "mean": 1.07465600967,
        "var": 2.93573045731
    },
    "zerocrossingrate": {
        "mean": 0.0382767729461,
        "var": 0.000852342345752
    },
    "barkbands": {
        "mean": [0.000482225092128, 0.0186591185629, 0.00206755893305, 0.00120623561088, 0.00284700328484, 0.00166218564846, 0.000727936858311, 0.000853981589898, 0.00131206493825, 0.00124861323275, 0.00179210153874, 0.00128070032224, 0.00111501500942, 0.0010074202437, 0.000744187564123, 0.000865683658049, 0.000429652282037, 0.000252960977377, 0.00030078945565, 0.000120844662888, 6.07871334068e-005, 6.69008513796e-005, 5.60848384339e-005, 6.44351239316e-005, 3.35461954819e-005, 1.13018204502e-005, 5.03354669945e-007],
        "var": [8.6977280489e-007, 0.000384488434065, 7.40524183129e-006, 4.04726324632e-006, 4.62584976049e-005, 5.07986396769e-006, 2.77125832326e-006, 3.69375743503e-006, 1.23543341033e-005, 1.30074458866e-005, 2.26630509133e-005, 2.2295906092e-005, 1.13931355372e-005, 3.11360076921e-006, 4.86137105327e-006, 2.47676598519e-006, 1.62201229159e-006, 2.23079993589e-007, 3.52297576001e-007, 6.83795704504e-008, 2.39469333252e-008, 3.93154380163e-008, 3.364634793e-008, 9.79474492624e-008, 2.08578239125e-008, 3.94236865375e-009, 6.34216507436e-012]
    },
    "erbbands": {
        "mean": [0.607428848743, 3.88902258873, 2.99562096596, 3.56382751465, 6.856092453, 9.16338920593, 12.3125343323, 13.7943258286, 12.8550815582, 10.7649049759, 22.8357906342, 33.580493927, 41.5304298401, 34.4811820984, 83.9469680786, 54.6932258606, 58.5211982727, 54.6500358582, 38.3549041748, 40.3082771301, 43.0933036804, 24.0089702606, 15.7586622238, 16.3033714294, 11.943561554, 5.39580106735, 2.92082571983, 2.3498647213, 2.41598725319, 1.85946798325, 1.60337734222, 1.43001973629, 0.996229290962, 0.479168891907, 0.175037547946, 0.0639797523618, 0.0184758361429, 0.00252688094042, 8.55089529068e-005, 4.75542547065e-005],
        "var": [0.508154332638, 16.5967960358, 8.83109092712, 21.4877300262, 464.26953125, 416.911560059, 242.052337646, 361.475494385, 848.115661621, 490.597045898, 2868.77880859, 7909.90332031, 13212.5576172, 8325.09863281, 52770.921875, 39821.015625, 28963.0566406, 7329.55078125, 11020.2861328, 6418.82958984, 6394.28369141, 6290.70410156, 948.907836914, 963.966003418, 603.293945313, 138.048706055, 35.4156532288, 46.4151802063, 51.5818595886, 31.5922660828, 28.2609558105, 51.6013221741, 19.8632907867, 4.45688962936, 0.49321693182, 0.122431613505, 0.0110228117555, 8.77916972968e-005, 1.36909378057e-007, 1.06719533211e-009]
    },
    "gfcc": {
        "mean": [-21.3161964417, 131.819885254, -118.307548523, 19.7942733765, -35.6334114075, 23.3242168427, -31.4428195953, 12.6056213379, -19.4421691895, 3.02919530869, -5.41168308258, 1.38432049751, -1.67268669605],
        "cov": [[4783.24414063, -1586.64050293, -721.704101563, 651.897338867, -163.208618164, 239.761276245, -304.984466553, 163.291595459, -169.265808105, 184.387176514, -245.693084717, 114.681159973, -194.766433716], [-1586.64050293, 1527.234375, 112.200149536, -267.03012085, 459.880310059, -224.311355591, 231.15423584, -13.7514657974, 173.496994019, -129.923171997, 220.180801392, -146.860183716, 125.951087952], [-721.704101563, 112.200149536, 1152.41992188, -22.3336315155, -76.2655334473, 221.912063599, 102.944396973, 0.783305644989, 19.8011054993, 24.8441753387, -101.492012024, 68.3253173828, -61.4565162659], [651.897338867, -267.03012085, -22.3336315155, 407.035675049, 73.5033493042, 46.7551422119, -12.745965004, 18.6304302216, -10.7199897766, 12.2179203033, 4.2557349205, 11.2035732269, -21.9525718689], [-163.208618164, 459.880310059, -76.2655334473, 73.5033493042, 546.158691406, -50.5569419861, 121.597595215, 56.2601890564, 57.5301818848, -13.2596883774, 113.559837341, -5.44884967804, 30.5387859344], [239.761276245, -224.311355591, 221.912063599, 46.7551422119, -50.5569419861, 333.6199646, 64.4851226807, -34.2013092041, -43.3018264771, 19.3535175323, -41.6471252441, 32.2495956421, -34.6249427795], [-304.984466553, 231.15423584, 102.944396973, -12.745965004, 121.597595215, 64.4851226807, 247.616271973, 24.8354415894, 17.0646018982, -20.1432876587, 64.302986145, -14.7849006653, 20.2673625946], [163.291595459, -13.7514657974, 0.783305644989, 18.6304302216, 56.2601890564, -34.2013092041, 24.8354415894, 175.011154175, 45.7972412109, 19.0939922333, 16.4628925323, -5.24302053452, 7.13539409637], [-169.265808105, 173.496994019, 19.8011054993, -10.7199897766, 57.5301818848, -43.3018264771, 17.0646018982, 45.7972412109, 141.924804688, 14.6520643234, 26.7979412079, -15.7922725677, 18.4601573944], [184.387176514, -129.923171997, 24.8441753387, 12.2179203033, -13.2596883774, 19.3535175323, -20.1432876587, 19.0939922333, 14.6520643234, 105.77558136, -6.98956203461, 15.4006872177, -26.8371047974], [-245.693084717, 220.180801392, -101.492012024, 4.2557349205, 113.559837341, -41.6471252441, 64.302986145, 16.4628925323, 26.7979412079, -6.98956203461, 184.681976318, -20.6201305389, 47.7582015991], [114.681159973, -146.860183716, 68.3253173828, 11.2035732269, -5.44884967804, 32.2495956421, -14.7849006653, -5.24302053452, -15.7922725677, 15.4006872177, -20.6201305389, 111.166625977, 0.544592261314], [-194.766433716, 125.951087952, -61.4565162659, -21.9525718689, 30.5387859344, -34.6249427795, 20.2673625946, 7.13539409637, 18.4601573944, -26.8371047974, 47.7582015991, 0.544592261314, 98.7506942749]],
        "icov": [[0.000553872843739, 6.29440319244e-006, 0.000519825145602, -0.000705606595147, 8.58008934301e-005, -0.000517962384038, 0.000309032533551, -0.000743890937883, 0.00036418781383, -0.000508849625476, 0.000555533100851, -0.000428438128438, 0.000560531450901], [6.29440319244e-006, 0.00313162663952, -0.00101261015516, 0.00183651933912, -0.00218914495781, 0.00153486558702, -0.000921285827644, 0.0017659466248, -0.00209869095124, 0.00223530922085, -0.00140443642158, 0.00311399553902, -0.00126523012295], [0.000519825145602, -0.00101261015516, 0.00197037495673, -0.00115395151079, 0.000937391421758, -0.00154131534509, 3.03746910504e-005, -0.00132026337087, 0.000493253290188, -0.00114464119542, 0.00147672067396, -0.00203836965375, 0.00143912318163], [-0.000705606595147, 0.00183651933912, -0.00115395151079, 0.00467967661098, -0.0018937838031, 0.00099000800401, -0.000441654672613, 0.0016124463873, -0.0014878900256, 0.0019676706288, -0.00170528143644, 0.00223304098472, -0.000879690807778], [8.58008934301e-005, -0.00218914495781, 0.000937391421758, -0.0018937838031, 0.00403260998428, -0.000768077326939, -0.000419426563894, -0.00166493630968, 0.000876184727531, -0.00137330382131, 0.000119297401397, -0.00274885585532, 0.00123418157455], [-0.000517962384038, 0.00153486558702, -0.00154131534509, 0.00099000800401, -0.000768077326939, 0.00546368490905, -0.00225188583136, 0.00229708920233, -0.000410618755268, 0.00075018289499, -0.000701584795024, 0.00130656175315, -0.00065617315704], [0.000309032533551, -0.000921285827644, 3.03746910504e-005, -0.000441654672613, -0.000419426563894, -0.00225188583136, 0.00638529006392, -0.00168311817106, 0.000834611535538, 0.000155874688062, -0.00097987789195, -0.000193343992578, 0.000217822627747], [-0.000743890937883, 0.0017659466248, -0.00132026337087, 0.0016124463873, -0.00166493630968, 0.00229708920233, -0.00168311817106, 0.00865600351244, -0.00328735099174, 0.000656859716401, -0.00128112209495, 0.00239863339812, -0.00174305809196], [0.00036418781383, -0.00209869095124, 0.000493253290188, -0.0014878900256, 0.000876184727531, -0.000410618755268, 0.000834611535538, -0.00328735099174, 0.0104582123458, -0.00354809104465, 0.000993405934423, -0.00102011440322, -0.000371521135094], [-0.000508849625476, 0.00223530922085, -0.00114464119542, 0.0019676706288, -0.00137330382131, 0.00075018289499, 0.000155874688062, 0.000656859716401, -0.00354809104465, 0.0134304855019, -0.0025078903418, 0.000910306407604, 0.00199979869649], [0.000555533100851, -0.00140443642158, 0.00147672067396, -0.00170528143644, 0.000119297401397, -0.000701584795024, -0.00097987789195, -0.00128112209495, 0.000993405934423, -0.0025078903418, 0.00901629775763, -0.000975878210738, -0.00178469670936], [-0.000428438128438, 0.00311399553902, -0.00203836965375, 0.00223304098472, -0.00274885585532, 0.00130656175315, -0.000193343992578, 0.00239863339812, -0.00102011440322, 0.000910306407604, -0.000975878210738, 0.0137182436883, -0.00357992504723], [0.000560531450901, -0.00126523012295, 0.00143912318163, -0.000879690807778, 0.00123418157455, -0.00065617315704, 0.000217822627747, -0.00174305809196, -0.000371521135094, 0.00199979869649, -0.00178469670936, -0.00357992504723, 0.0145111372694]]
    },
    "melbands": {
        "mean": [0.00547666056082, 0.00285085756332, 0.000720226962585, 0.000582702225074, 0.000449410144938, 0.00031544759986, 0.000181927272934, 0.000121503049741, 0.000201421018573, 0.000205870048376, 0.000202399140107, 0.000123205725686, 0.000253896549111, 0.000178943722858, 0.000121355238662, 0.000111752422526, 0.00010615059, 5.83523251407e-005, 5.97519465373e-005, 6.27767803962e-005, 4.45134355687e-005, 2.6114832508e-005, 1.60224681167e-005, 1.233369494e-005, 1.35006230266e-005, 1.02689855339e-005, 6.1116343204e-006, 2.93757352665e-006, 1.91968592844e-006, 1.45404419527e-006, 1.33266075864e-006, 1.4004571085e-006, 1.20383378999e-006, 9.71961640062e-007, 9.21711205137e-007, 8.94936988516e-007, 8.77687568845e-007, 7.40949360534e-007, 5.59300303848e-007, 3.52278192395e-007],
        "var": [3.58009929187e-005, 7.00805821907e-006, 1.23227846416e-006, 3.01209092868e-006, 2.92705550464e-007, 1.92228725382e-007, 1.65476407687e-007, 6.54368292885e-008, 2.2880631434e-007, 3.30649157831e-007, 3.40835384804e-007, 1.4313602037e-007, 4.95893402785e-007, 2.95968362707e-007, 1.59295382218e-007, 1.25760337255e-007, 3.3935755539e-008, 2.59625174692e-008, 2.77337868226e-008, 1.49026480045e-008, 7.95416621457e-009, 9.11013131599e-009, 1.18401111138e-009, 5.85596238167e-010, 8.4842960435e-010, 5.8624877175e-010, 1.95766361455e-010, 4.54403702166e-011, 1.51014253186e-011, 1.91500565405e-011, 1.65961723531e-011, 1.84464232084e-011, 1.27507240877e-011, 9.35392908963e-012, 8.93138341063e-012, 1.29153944484e-011, 2.46362947404e-011, 1.33734906829e-011, 6.15721189312e-012, 2.75681756069e-012]
    },
    "mfcc": {
        "mean": [-668.02557373, 164.951889038, -9.64342308044, 12.7036924362, 17.3861999512, 9.61471843719, 9.62647151947, 8.35283088684, 0.94017547369, 5.28599357605, -0.50368142128, 1.81145465374, 2.51731657982],
        "cov": [[4792.76806641, -1851.2286377, -764.463989258, 267.487487793, 26.1586894989, 61.7774543762, -140.534667969, -55.7123832703, -49.827960968, 41.7484474182, 16.9751682281, -109.343963623, 23.6765880585], [-1851.2286377, 1631.27124023, -85.4169158936, -2.10520601273, 182.459854126, -109.532539368, 129.005065918, 59.3524780273, 54.0882072449, 50.5736160278, 46.059715271, 87.4306640625, 26.5813102722], [-764.463989258, -85.4169158936, 1087.55334473, -157.942855835, -97.4188308716, 196.747467041, 0.105203874409, 52.4442939758, 104.57698822, -65.2308959961, 20.1355495453, 35.3932304382, -84.235458374], [267.487487793, -2.10520601273, -157.942855835, 373.169647217, 141.204330444, -40.1491241455, 38.6302871704, 29.9562988281, -0.377028733492, 36.7349891663, 10.4591751099, 20.6553993225, 46.9576759338], [26.1586894989, 182.459854126, -97.4188308716, 141.204330444, 284.591644287, 11.0955200195, 34.5869369507, 43.9246101379, 12.2283658981, 31.3259716034, 26.7582302094, 26.4872970581, 31.879234314], [61.7774543762, -109.532539368, 196.747467041, -40.1491241455, 11.0955200195, 314.040740967, 63.35338974, 41.775844574, 11.9228792191, -41.0370330811, 38.5973815918, -20.4246501923, 3.91990613937], [-140.534667969, 129.005065918, 0.105203874409, 38.6302871704, 34.5869369507, 63.35338974, 238.019638062, 73.9774169922, -20.1736221313, 54.2562217712, -1.37686383724, 12.3279781342, 32.7921485901], [-55.7123832703, 59.3524780273, 52.4442939758, 29.9562988281, 43.9246101379, 41.775844574, 73.9774169922, 134.690139771, 42.4433631897, 3.6582968235, 20.3992080688, 12.8712177277, 13.7403450012], [-49.827960968, 54.0882072449, 104.57698822, -0.377028733492, 12.2283658981, 11.9228792191, -20.1736221313, 42.4433631897, 142.923675537, 0.51104426384, 18.0187187195, 16.8738231659, -16.2528324127], [41.7484474182, 50.5736160278, -65.2308959961, 36.7349891663, 31.3259716034, -41.0370330811, 54.2562217712, 3.6582968235, 0.51104426384, 157.976974487, 19.391462326, -10.9257459641, 17.1887168884], [16.9751682281, 46.059715271, 20.1355495453, 10.4591751099, 26.7582302094, 38.5973815918, -1.37686383724, 20.3992080688, 18.0187187195, 19.391462326, 122.134010315, 35.2133407593, -16.7692203522], [-109.343963623, 87.4306640625, 35.3932304382, 20.6553993225, 26.4872970581, -20.4246501923, 12.3279781342, 12.8712177277, 16.8738231659, -10.9257459641, 35.2133407593, 118.423049927, 7.75999975204], [23.6765880585, 26.5813102722, -84.235458374, 46.9576759338, 31.879234314, 3.91990613937, 32.7921485901, 13.7403450012, -16.2528324127, 17.1887168884, -16.7692203522, 7.75999975204, 106.290740967]],
        "icov": [[0.000563182868063, 0.000695553608239, 0.000479805108625, -0.000128104045871, -0.000233605707763, -0.000166865938809, 3.6865058064e-005, 4.06368462791e-006, -0.00033642782364, -0.000142055127071, -0.000211635036976, -6.81983465256e-006, 0.000140402189572], [0.000695553608239, 0.00164554081857, 0.000605080509558, 0.0001990016317, -0.000868962612003, 0.000296820740914, -0.000574088480789, 0.000144735095091, -0.000793758430518, -8.70123767527e-006, -0.000582369684707, -0.000215593739995, 3.71313144569e-005], [0.000479805108625, 0.000605080509558, 0.00171939050779, 0.000160208655871, 0.000144676727359, -0.00101173878647, 0.000149615385453, -0.000358068675268, -0.000950243091211, -0.000176807880052, 0.000283888162812, -0.000760635943152, 0.00101130374242], [-0.000128104045871, 0.0001990016317, 0.000160208655871, 0.00377204199322, -0.00170530134346, 0.000712685228791, -0.000563994166441, -0.000171339561348, -0.00021670012211, 1.3797344991e-006, -0.000270979042398, -0.000216177504626, -0.000939697376452], [-0.000233605707763, -0.000868962612003, 0.000144676727359, -0.00170530134346, 0.0052799503319, -0.000891997071449, 0.000718060880899, -0.00121116568334, 0.000269489275524, -0.000730273954105, 6.19788261247e-005, -0.000705170561559, -0.000257710227743], [-0.000166865938809, 0.000296820740914, -0.00101173878647, 0.000712685228791, -0.000891997071449, 0.0053079794161, -0.00223557348363, 0.000278198742308, -0.000292290758807, 0.00233278842643, -0.00272069592029, 0.00228296825662, -0.00144604558591], [3.6865058064e-005, -0.000574088480789, 0.000149615385453, -0.000563994166441, 0.000718060880899, -0.00223557348363, 0.00744807114825, -0.00415218481794, 0.00245634978637, -0.00320397503674, 0.00217922287993, -0.0016501393402, -3.28911519318e-005], [4.06368462791e-006, 0.000144735095091, -0.000358068675268, -0.000171339561348, -0.00121116568334, 0.000278198742308, -0.00415218481794, 0.0116167562082, -0.00376554159448, 0.00177568022627, -0.00196070154198, 0.00089419411961, -0.0013504398521], [-0.00033642782364, -0.000793758430518, -0.000950243091211, -0.00021670012211, 0.000269489275524, -0.000292290758807, 0.00245634978637, -0.00376554159448, 0.00953226070851, -0.0011543360306, 0.000428536121035, -0.00102164933924, 0.00106146291364], [-0.000142055127071, -8.70123767527e-006, -0.000176807880052, 1.3797344991e-006, -0.000730273954105, 0.00233278842643, -0.00320397503674, 0.00177568022627, -0.0011543360306, 0.00882830005139, -0.0030486069154, 0.00261728768237, -0.00149121065624], [-0.000211635036976, -0.000582369684707, 0.000283888162812, -0.000270979042398, 6.19788261247e-005, -0.00272069592029, 0.00217922287993, -0.00196070154198, 0.000428536121035, -0.0030486069154, 0.0116734951735, -0.00430436152965, 0.00291484571062], [-6.81983465256e-006, -0.000215593739995, -0.000760635943152, -0.000216177504626, -0.000705170561559, 0.00228296825662, -0.0016501393402, 0.00089419411961, -0.00102164933924, 0.00261728768237, -0.00430436152965, 0.0112871844321, -0.00201367097907], [0.000140402189572, 3.71313144569e-005, 0.00101130374242, -0.000939697376452, -0.000257710227743, -0.00144604558591, -3.28911519318e-005, -0.0013504398521, 0.00106146291364, -0.00149121065624, 0.00291484571062, -0.00201367097907, 0.0119098806754]]
    },
    "spectral_contrast_coeffs": {
        "mean": [-0.682486414909, -0.728748321533, -0.713119089603, -0.714323282242, -0.755341231823, -0.789667844772],
        "var": [0.00589575991035, 0.00460328580812, 0.00497003877535, 0.00419700052589, 0.00413802219555, 0.00147266336717]
    },
    "spectral_contrast_valleys": {
        "mean": [-6.87634277344, -6.79751062393, -7.38102340698, -7.91664218903, -8.34588623047, -10.9696311951],
        "var": [0.756198346615, 0.544293344021, 0.575530707836, 0.826610147953, 1.08654069901, 1.35324525833]
    }
},
"metadata": {
    "audio_properties": {
        "analysis_sample_rate": 44100,
        "bit_rate": 128074,
        "equal_loudness": 0,
        "length": 45.0612258911,
        "lossless": 0,
        "replay_gain": -5.28041648865,
        "sample_rate": 44100,
        "codec": "mp3",
        "downmix": "mix",
        "md5_encoded": "13aa535316420f802c003be625d744e9"
    },
    "tags": {
        "file_name": "1477.mp3"
    },
    "version": {
        "essentia": "2.1-beta2",
        "essentia_git_sha": "v2.1_beta2",
        "extractor": "music 1.0"
    }
},
"rhythm": {
    "beats_count": 57,
    "beats_loudness": {
        "mean": 0.056589525193,
        "var": 0.000799833389465
    },
    "bpm": 75.9829788208,
    "bpm_histogram_first_peak_bpm": {
        "mean": 76,
        "var": 0
    },
    "bpm_histogram_first_peak_spread": {
        "mean": 0.160714283586,
        "var": 0
    },
    "bpm_histogram_first_peak_weight": {
        "mean": 0.839285671711,
        "var": 0
    },
    "bpm_histogram_second_peak_bpm": {
        "mean": 0,
        "var": 0
    },
    "bpm_histogram_second_peak_spread": {
        "mean": 0,
        "var": 0
    },
    "bpm_histogram_second_peak_weight": {
        "mean": 0,
        "var": 0
    },
    "danceability": 1.23983728886,
    "onset_rate": 3.7931265831,
    "beats_loudness_band_ratio": {
        "mean": [0.486445248127, 0.137590318918, 0.117917604744, 0.15246155858, 0.106991581619, 0.0462367720902],
        "var": [0.0531379953027, 0.0134070655331, 0.0137095246464, 0.0180843174458, 0.00827528256923, 0.00207763467915]
    },
    "beats_position": [0.743038535118, 1.49768710136, 2.2523355484, 3.00698399544, 3.7732424736, 4.52789115906, 5.2941493988, 6.06040811539, 6.84988641739, 7.63936471939, 8.44045352936, 9.24154186249, 10.0310201645, 10.8204984665, 11.6215867996, 12.4226751328, 13.2121543884, 14.0016326904, 14.7795009613, 15.5805892944, 16.3700675964, 17.1595458984, 17.9490242004, 18.7385025024, 19.5163707733, 20.2942390442, 21.0837192535, 21.8731975555, 22.6858959198, 23.4753742218, 24.2648525238, 25.0659408569, 25.8670291901, 26.6681175232, 27.4692058563, 28.2586841583, 29.0481624603, 29.8492507935, 30.6387290955, 31.4398174286, 32.2409057617, 33.0419960022, 33.8314743042, 34.63256073, 35.4336509705, 36.2463493347, 37.0358276367, 37.8369140625, 38.638004303, 39.427482605, 40.216960907, 41.006439209, 41.8075294495, 42.6086158752, 43.3980941772, 44.1875724792, 44.9770507813]
},
"tonal": {
    "chords_changes_rate": 0.0277777779847,
    "chords_number_rate": 0.00823045242578,
    "chords_strength": {
        "mean": 0.560219824314,
        "var": 0.00592752499506
    },
    "hpcp_entropy": {
        "mean": 1.82004976273,
        "var": 0.396322071552
    },
    "key_strength": 0.808855950832,
    "tuning_diatonic_strength": 0.643752276897,
    "tuning_equal_tempered_deviation": 0.271928787231,
    "tuning_frequency": 434.193115234,
    "tuning_nontempered_energy_ratio": 0.963999032974,
    "hpcp": {
        "mean": [0.0851134583354, 0.100795924664, 0.0809554606676, 0.116693601012, 0.15289324522, 0.103308334947, 0.0728546977043, 0.0841794684529, 0.146471843123, 0.358168959618, 0.400504916906, 0.180915772915, 0.058035030961, 0.0398647300899, 0.0397331342101, 0.0766476616263, 0.0961102694273, 0.0609622299671, 0.0549421273172, 0.0609467551112, 0.0473504029214, 0.0778049007058, 0.0946070551872, 0.103733032942, 0.224540695548, 0.227495416999, 0.0811678171158, 0.0302242897451, 0.0339405611157, 0.0488687828183, 0.148057699203, 0.202925279737, 0.118102498353, 0.0661977976561, 0.0636610910296, 0.0593085549772],
        "var": [0.0362867042422, 0.0481304302812, 0.0335565917194, 0.0569638609886, 0.0945809930563, 0.0501876026392, 0.0334856025875, 0.040462911129, 0.0569853633642, 0.133289113641, 0.141492307186, 0.0518878772855, 0.0202047973871, 0.015746736899, 0.0142873590812, 0.0285852961242, 0.0407455563545, 0.0200311150402, 0.0176589619368, 0.0219599306583, 0.0134097747505, 0.0312086958438, 0.0371396951377, 0.0275473501533, 0.114872910082, 0.115528039634, 0.0194452386349, 0.00868252851069, 0.0114625282586, 0.012396494858, 0.0491869710386, 0.0811573117971, 0.0385173335671, 0.0291045289487, 0.0291876252741, 0.0258881878108]
    },
    "chords_histogram": [17.7983531952, 1.13168728352, 42.4897117615, 0, 0.205761313438, 0, 0, 0, 0, 0, 0, 0, 0, 0, 0, 0, 0, 20.5761318207, 0.102880656719, 3.49794244766, 7.09876537323, 4.52674913406, 2.57201647758, 0],
    "thpcp": [1, 0.451719224453, 0.144904658198, 0.0995361804962, 0.0992076098919, 0.191377580166, 0.239972755313, 0.152213439345, 0.137182161212, 0.152174800634, 0.118226774037, 0.194267034531, 0.236219465733, 0.259005635977, 0.560644030571, 0.568021535873, 0.202663719654, 0.0754654631019, 0.0847444310784, 0.122017934918, 0.369677603245, 0.506673634052, 0.294884026051, 0.165285855532, 0.158952087164, 0.148084461689, 0.212515383959, 0.251672118902, 0.202133506536, 0.291366219521, 0.3817512393, 0.257945239544, 0.181907117367, 0.210183352232, 0.365717977285, 0.894293546677],
    "chords_key": "C",
    "chords_scale": "major",
    "key_key": "F",
    "key_scale": "major"
}
}