{
"lowlevel": {
    "average_loudness": 0.718582034111,
    "barkbands_crest": {
        "mean": 10.2041120529,
        "var": 13.3064546585
    },
    "barkbands_flatness_db": {
        "mean": 0.175780400634,
        "var": 0.0022247415036
    },
    "barkbands_kurtosis": {
        "mean": 5.98728656769,
        "var": 223.986114502
    },
    "barkbands_skewness": {
        "mean": 1.60264325142,
        "var": 1.72947537899
    },
    "barkbands_spread": {
        "mean": 14.6270618439,
        "var": 92.3546981812
    },
    "dissonance": {
        "mean": 0.4397752285,
        "var": 0.0014415262267
    },
    "dynamic_complexity": 4.12663555145,
    "erbbands_crest": {
        "mean": 11.0028448105,
        "var": 24.3119087219
    },
    "erbbands_flatness_db": {
        "mean": 0.19828389585,
        "var": 0.0020037679933
    },
    "erbbands_kurtosis": {
        "mean": 1.10918283463,
        "var": 9.68399047852
    },
    "erbbands_skewness": {
        "mean": 0.611483097076,
        "var": 0.846399307251
    },
    "erbbands_spread": {
        "mean": 31.2537555695,
        "var": 271.910064697
    },
    "hfc": {
        "mean": 12.1395606995,
        "var": 272.559539795
    },
    "melbands_crest": {
        "mean": 13.3867845535,
        "var": 18.5872135162
    },
    "melbands_flatness_db": {
        "mean": 0.244427904487,
        "var": 0.0037683127448
    },
    "melbands_kurtosis": {
        "mean": 12.1978263855,
        "var": 365.16116333
    },
    "melbands_skewness": {
        "mean": 2.28905582428,
        "var": 2.36506605148
    },
    "melbands_spread": {
        "mean": 18.0773353577,
        "var": 250.633483887
    },
    "pitch_salience": {
        "mean": 0.558314144611,
        "var": 0.0107057150453
    },
    "silence_rate_20dB": {
        "mean": 1,
        "var": 0
    },
    "silence_rate_30dB": {
        "mean": 0.995365619659,
        "var": 0.00461293943226
    },
    "silence_rate_60dB": {
        "mean": 0.146240994334,
        "var": 0.124856233597
    },
    "spectral_centroid": {
        "mean": 1067.34423828,
        "var": 433829.96875
    },
    "spectral_complexity": {
        "mean": 12.1395463943,
        "var": 49.0912895203
    },
    "spectral_decrease": {
        "mean": -4.52668968975e-009,
        "var": 2.42970507565e-017
    },
    "spectral_energy": {
        "mean": 0.0181858576834,
        "var": 0.000384071841836
    },
    "spectral_energyband_high": {
        "mean": 0.000138967661769,
        "var": 1.03999440171e-007
    },
    "spectral_energyband_low": {
        "mean": 0.00427224673331,
        "var": 8.45276590553e-005
    },
    "spectral_energyband_middle_high": {
        "mean": 0.00414306204766,
        "var": 5.60181288165e-005
    },
    "spectral_energyband_middle_low": {
        "mean": 0.0103398561478,
        "var": 0.000102751488157
    },
    "spectral_entropy": {
        "mean": 6.99877548218,
        "var": 0.180454269052
    },
    "spectral_flux": {
        "mean": 0.0589340180159,
        "var": 0.00179076369386
    },
    "spectral_kurtosis": {
        "mean": 7.53765630722,
        "var": 22.0638103485
    },
    "spectral_rms": {
        "mean": 0.00372699019499,
        "var": 3.85182829632e-006
    },
    "spectral_rolloff": {
        "mean": 1080.46508789,
        "var": 1005513.125
    },
    "spectral_skewness": {
        "mean": 1.82377433777,
        "var": 0.37318906188
    },
    "spectral_spread": {
        "mean": 3305547.75,
        "var": 2.06730310451e+012
    },
    "spectral_strongpeak": {
        "mean": 1.05487120152,
        "var": 2.48141026497
    },
    "zerocrossingrate": {
        "mean": 0.0407264791429,
        "var": 0.000552248675376
    },
    "barkbands": {
        "mean": [0.000336323253578, 0.00248806457967, 0.000979987205938, 0.0015972655965, 0.00244687963277, 0.00280430051498, 0.000947818800341, 0.00101211527362, 0.00110821204726, 0.000949782552198, 0.000705081154592, 0.0004144172417, 0.000287167116767, 0.000297330814647, 0.000251133693382, 0.000152439373778, 0.000244749418925, 0.000435706577264, 0.000479949841974, 0.000169110426214, 2.59494627244e-005, 1.81798714038e-005, 1.55931302288e-005, 1.0821545402e-005, 5.04713216287e-006, 2.36262872022e-006, 9.90939028611e-008],
        "var": [1.34928886837e-005, 4.28776002082e-005, 3.87424188375e-006, 6.35253218206e-006, 1.49979814523e-005, 1.46243673953e-005, 5.45366492588e-006, 4.00206363338e-006, 4.4932662604e-006, 1.21223283713e-005, 7.68405516283e-006, 1.50764253704e-006, 6.65346192363e-007, 1.64365451383e-006, 2.90380427259e-007, 1.02246040967e-007, 4.56202485566e-007, 1.48707965764e-006, 1.92260904441e-006, 2.12519438492e-007, 8.97217233842e-009, 2.5702882045e-009, 1.77753889385e-009, 1.14979814558e-009, 1.98327201884e-010, 4.27366163291e-011, 5.617707837e-014]
    },
    "erbbands": {
        "mean": [0.0602169893682, 0.584747433662, 1.30605399609, 3.1055457592, 7.67034578323, 7.85643100739, 10.9720621109, 28.8338088989, 17.222820282, 14.4609546661, 25.270740509, 27.4502468109, 32.4687919617, 16.8687782288, 31.1598968506, 18.9634037018, 14.5309848785, 13.9333124161, 17.0153007507, 9.0521697998, 8.39287662506, 14.5588417053, 21.1147174835, 27.5960140228, 19.5268154144, 7.65456819534, 2.00199270248, 0.905167579651, 0.706403672695, 0.482391893864, 0.458236247301, 0.308647692204, 0.127883523703, 0.0683528408408, 0.0296034831554, 0.0140405828133, 0.00339381722733, 0.000523791182786, 2.19143457798e-005, 2.17111119127e-005],
        "var": [0.0383299514651, 2.21942663193, 7.28833341599, 22.6738891602, 125.130844116, 229.81829834, 382.005767822, 1672.70043945, 1109.58862305, 1577.66210938, 3108.45410156, 2261.52148438, 10712.3935547, 2513.18261719, 13703.1787109, 2875.31396484, 1442.43933105, 2396.62231445, 1902.86169434, 318.190093994, 260.841705322, 1590.26184082, 2654.72949219, 4972.14453125, 3737.69482422, 377.637695313, 29.5518016815, 7.84112691879, 4.21891689301, 1.88213706017, 1.5450605154, 0.983638644218, 0.163007512689, 0.0476446077228, 0.00557657843456, 0.00190560054034, 7.47759331716e-005, 1.37215874929e-006, 1.05450093102e-009, 5.33352084719e-010]
    },
    "gfcc": {
        "mean": [-64.9943466187, 128.356018066, -124.237159729, 28.215877533, -52.8849525452, -6.13778209686, -38.3151321411, 8.47484874725, -25.7487392426, -3.86196494102, -8.4720582962, -4.92142534256, -13.0595340729],
        "cov": [[5726.42773438, -530.653564453, -820.420532227, 261.844024658, -80.7080917358, 99.6583328247, -2.31929779053, 170.616714478, -153.441543579, 25.3683872223, 208.919952393, 147.406295776, 9.43315124512], [-530.653564453, 955.498779297, 109.541053772, -250.343795776, 129.165390015, -59.1312217712, 139.34324646, -52.7653083801, 71.8857498169, -105.489906311, 54.1958580017, -141.886306763, 101.603210449], [-820.420532227, 109.541053772, 944.002258301, 159.602722168, -18.2682991028, 93.1725769043, -48.3141326904, -34.2858581543, 55.1646080017, 97.6906204224, -124.126075745, 6.03370523453, 5.11863803864], [261.844024658, -250.343795776, 159.602722168, 378.882659912, 72.8940505981, 7.59968328476, -73.673828125, 2.42776942253, -11.1101398468, 35.3723754883, 0.00699148094282, 77.1599502563, -24.916425705], [-80.7080917358, 129.165390015, -18.2682991028, 72.8940505981, 251.390106201, 25.7870426178, 35.8727531433, 14.2704429626, -24.1474323273, -6.49109077454, 40.2519683838, 7.10274982452, -9.75127124786], [99.6583328247, -59.1312217712, 93.1725769043, 7.59968328476, 25.7870426178, 216.024856567, 71.0844955444, 18.5374164581, 6.46719360352, 26.5281829834, -12.0012121201, 9.04028320313, 16.0392169952], [-2.31929779053, 139.34324646, -48.3141326904, -73.673828125, 35.8727531433, 71.0844955444, 156.567443848, 31.5471019745, 7.10563182831, -5.88679075241, 23.7707214355, -19.7011966705, 7.14934301376], [170.616714478, -52.7653083801, -34.2858581543, 2.42776942253, 14.2704429626, 18.5374164581, 31.5471019745, 123.763877869, 31.6595916748, 9.41392612457, 1.53893482685, 0.273181527853, -13.4529342651], [-153.441543579, 71.8857498169, 55.1646080017, -11.1101398468, -24.1474323273, 6.46719360352, 7.10563182831, 31.6595916748, 111.248878479, 24.3422412872, -2.84049749374, -10.7270717621, 28.3780193329], [25.3683872223, -105.489906311, 97.6906204224, 35.3723754883, -6.49109077454, 26.5281829834, -5.88679075241, 9.41392612457, 24.3422412872, 99.7660751343, 5.26980209351, 30.5294342041, -15.3092556], [208.919952393, 54.1958580017, -124.126075745, 0.00699148094282, 40.2519683838, -12.0012121201, 23.7707214355, 1.53893482685, -2.84049749374, 5.26980209351, 115.332130432, 37.5639266968, 24.1819591522], [147.406295776, -141.886306763, 6.03370523453, 77.1599502563, 7.10274982452, 9.04028320313, -19.7011966705, 0.273181527853, -10.7270717621, 30.5294342041, 37.5639266968, 131.476028442, 25.0480213165], [9.43315124512, 101.603210449, 5.11863803864, -24.916425705, -9.75127124786, 16.0392169952, 7.14934301376, -13.4529342651, 28.3780193329, -15.3092556, 24.1819591522, 25.0480213165, 119.992538452]],
        "icov": [[0.000307648908347, -0.000416463881265, 0.000486190197989, -0.000608676054981, 0.000645701657049, -0.000532573845703, 0.00041514087934, -0.000737671682145, 0.000896617944818, -0.000685797946062, -8.84023975232e-005, -0.00012526876526, -5.80358355364e-005], [-0.000416463881265, 0.00575835024938, -0.00298487138934, 0.00365663436241, -0.00429759081453, 0.00377482664771, -0.00426056934521, 0.00371502013877, -0.00479436013848, 0.00579779688269, -0.00354910711758, 0.0037186446134, -0.00232739094645], [0.000486190197989, -0.00298487138934, 0.00347698316909, -0.00285419169813, 0.00243304623291, -0.00262612174265, 0.00233903201297, -0.00166536669713, 0.00245456420816, -0.00474289571866, 0.00338784675114, -0.00159713428002, 0.00043591519352], [-0.000608676054981, 0.00365663436241, -0.00285419169813, 0.00679490715265, -0.00444889720529, 0.00234949029982, -0.000864812522195, 0.00254887063056, -0.00387008488178, 0.00425878446549, -0.0020366711542, -1.03353449958e-005, 1.72534873855e-005], [0.000645701657049, -0.00429759081453, 0.00243304623291, -0.00444889720529, 0.00861383974552, -0.00346784875728, 0.00213269237429, -0.00384743721224, 0.00533028924838, -0.00404706550762, 0.00025222991826, -0.00178516341839, 0.00171059882268], [-0.000532573845703, 0.00377482664771, -0.00262612174265, 0.00234949029982, -0.00346784875728, 0.00912208296359, -0.00626596109942, 0.00245743175037, -0.00285696052015, 0.00232970411889, -0.000438755756477, 0.00190235616174, -0.00274264370091], [0.00041514087934, -0.00426056934521, 0.00233903201297, -0.000864812522195, 0.00213269237429, -0.00626596109942, 0.013221565634, -0.00481667974964, 0.00356077076867, -0.00362300593406, 7.42734409869e-005, -0.00162656872999, 0.00199893605895], [-0.000737671682145, 0.00371502013877, -0.00166536669713, 0.00254887063056, -0.00384743721224, 0.00245743175037, -0.00481667974964, 0.0132725955918, -0.00784427952021, 0.00415345327929, -0.000737633730751, 0.00113280466758, 0.00094378227368], [0.000896617944818, -0.00479436013848, 0.00245456420816, -0.00387008488178, 0.00533028924838, -0.00285696052015, 0.00356077076867, -0.00784427952021, 0.0178864784539, -0.00921650789678, 0.0019596691709, 5.0216447562e-005, -0.00300719216466], [-0.000685797946062, 0.00579779688269, -0.00474289571866, 0.00425878446549, -0.00404706550762, 0.00232970411889, -0.00362300593406, 0.00415345327929, -0.00921650789678, 0.020930018276, -0.00587150501087, -0.000127906678244, 0.00233256537467], [-8.84023975232e-005, -0.00354910711758, 0.00338784675114, -0.0020366711542, 0.00025222991826, -0.000438755756477, 7.42734409869e-005, -0.000737633730751, 0.0019596691709, -0.00587150501087, 0.0163460001349, -0.00563881266862, -0.000892953132279], [-0.00012526876526, 0.0037186446134, -0.00159713428002, -1.03353449958e-005, -0.00178516341839, 0.00190235616174, -0.00162656872999, 0.00113280466758, 5.0216447562e-005, -0.000127906678244, -0.00563881266862, 0.014174696058, -0.00509908469394], [-5.80358355364e-005, -0.00232739094645, 0.00043591519352, 1.72534873855e-005, 0.00171059882268, -0.00274264370091, 0.00199893605895, 0.00094378227368, -0.00300719216466, 0.00233256537467, -0.000892953132279, -0.00509908469394, 0.013039608486]]
    },
    "melbands": {
        "mean": [0.000634319148958, 0.00074133311864, 0.000709588988684, 0.000569552299567, 0.000387808511732, 0.000611074094195, 0.000242940659518, 0.000162948854268, 0.000215002452023, 0.000163869728567, 0.000161458665389, 6.7897795816e-005, 0.000100057113741, 5.75251397095e-005, 4.05768550991e-005, 2.78463921859e-005, 2.61200966634e-005, 2.93050034088e-005, 1.51637586896e-005, 1.16330465971e-005, 8.66611298989e-006, 1.45382209666e-005, 1.6200954633e-005, 2.19482772081e-005, 2.23572151299e-005, 1.87773421203e-005, 8.54102927406e-006, 4.14729083786e-006, 1.44059879403e-006, 6.32367175513e-007, 4.77788091757e-007, 4.16793511704e-007, 3.14509634336e-007, 2.49479882086e-007, 2.74119003052e-007, 2.40165007881e-007, 1.64569627259e-007, 8.80497665889e-008, 7.22155775179e-008, 5.26607557561e-008],
        "var": [3.1190829759e-006, 2.63978176918e-006, 1.04530192857e-006, 6.8937197284e-007, 4.80786582102e-007, 7.07295328084e-007, 2.34529494492e-007, 1.72291748868e-007, 2.65801418209e-007, 8.23179391318e-008, 2.96802028288e-007, 5.91895741309e-008, 1.59739428796e-007, 2.37321273744e-008, 1.50026480128e-008, 7.93062948645e-009, 1.14004299334e-008, 8.89191120734e-009, 1.41251332852e-009, 6.26622531641e-010, 2.54437332314e-010, 1.37210787177e-009, 1.57379731469e-009, 4.67835414852e-009, 2.99765523515e-009, 5.74930147934e-009, 5.08409980782e-010, 1.17160212088e-010, 1.47730404298e-011, 1.00542265485e-011, 1.70336260288e-012, 1.5021150556e-012, 9.66789690839e-013, 4.93042943712e-013, 4.90816751391e-013, 6.49226278206e-013, 2.72845087452e-013, 7.7987949757e-014, 6.23382638912e-014, 2.84532088916e-014]
    },
    "mfcc": {
        "mean": [-707.813842773, 155.551834106, -11.0880336761, 33.6264801025, 4.29766464233, -9.88922023773, -1.25628471375, 1.49370086193, -12.2026128769, 2.99774479866, -1.24002230167, -2.28215551376, -3.00065755844],
        "cov": [[5670.25097656, -697.455688477, -806.44152832, 86.904624939, -134.816192627, -102.115257263, 141.075119019, 209.459335327, -256.16796875, 102.538406372, -101.120765686, -115.773170471, 163.363632202], [-697.455688477, 1053.55358887, 37.5658340454, -148.449447632, -9.37888526917, -40.5048370361, 97.4185791016, -32.7745933533, 76.4851837158, 26.8140583038, 16.723783493, -29.0104522705, 5.66353178024], [-806.44152832, 37.5658340454, 826.373168945, 41.1509208679, 61.9663658142, 134.316757202, -64.4209899902, -88.6020812988, 162.725097656, -47.0607948303, 39.976650238, 38.7893333435, -4.37521743774], [86.904624939, -148.449447632, 41.1509208679, 322.085174561, 115.752761841, 12.1014490128, -28.9918518066, 10.2637834549, -53.5057830811, -34.9666252136, -5.78928947449, 8.39150619507, 16.4237155914], [-134.816192627, -9.37888526917, 61.9663658142, 115.752761841, 202.593856812, 36.7516555786, 13.088388443, 11.6817617416, 3.93603610992, -0.535455107689, -4.52355384827, -6.10617017746, 17.4092197418], [-102.115257263, -40.5048370361, 134.316757202, 12.1014490128, 36.7516555786, 182.134628296, 50.7739372253, 7.10288572311, 32.0722427368, -10.4675960541, 2.33786940575, 17.1053543091, 8.70130157471], [141.075119019, 97.4185791016, -64.4209899902, -28.9918518066, 13.088388443, 50.7739372253, 168.67729187, 50.9124984741, -9.86879253387, 26.2451515198, 4.33077907562, -4.93202018738, 23.3437252045], [209.459335327, -32.7745933533, -88.6020812988, 10.2637834549, 11.6817617416, 7.10288572311, 50.9124984741, 120.049385071, 3.28262782097, 14.9106874466, 5.41555213928, 4.75844812393, 12.6260318756], [-256.16796875, 76.4851837158, 162.725097656, -53.5057830811, 3.93603610992, 32.0722427368, -9.86879253387, 3.28262782097, 143.145843506, 28.9668521881, 14.4635791779, 5.90224027634, -12.2308921814], [102.538406372, 26.8140583038, -47.0607948303, -34.9666252136, -0.535455107689, -10.4675960541, 26.2451515198, 14.9106874466, 28.9668521881, 114.92816925, 29.8794841766, -4.65922737122, 0.406805634499], [-101.120765686, 16.723783493, 39.976650238, -5.78928947449, -4.52355384827, 2.33786940575, 4.33077907562, 5.41555213928, 14.4635791779, 29.8794841766, 102.095504761, 37.8936347961, -2.24142885208], [-115.773170471, -29.0104522705, 38.7893333435, 8.39150619507, -6.10617017746, 17.1053543091, -4.93202018738, 4.75844812393, 5.90224027634, -4.65922737122, 37.8936347961, 88.129486084, 20.1689224243], [163.363632202, 5.66353178024, -4.37521743774, 16.4237155914, 17.4092197418, 8.70130157471, 23.3437252045, 12.6260318756, -12.2308921814, 0.406805634499, -2.24142885208, 20.1689224243, 71.0048675537]],
        "icov": [[0.000285261834506, 0.000189279919141, 0.000135412366944, -9.31548638619e-005, 0.000305296474835, 2.84114048554e-005, -0.000103901133116, -0.00024311816378, 0.000160326206242, -0.000242746347794, 5.58099018235e-005, 0.000536570092663, -0.000764108030125], [0.000189279919141, 0.00135207723361, 9.17015204323e-005, 0.000330021925038, -2.46014060394e-005, 0.000743090815376, -0.00119144353084, 0.000600183557253, -0.000734352972358, 0.000211195641896, -0.000299953069771, 0.000740539690014, -0.000761590723414], [0.000135412366944, 9.17015204323e-005, 0.00240281806327, -0.000526916177478, -0.000124216705444, -0.00119512109086, 0.000348522502463, 0.0015864984598, -0.00270714866929, 0.00124513194896, -0.00101479247678, 0.000233710175962, -0.000840576773044], [-9.31548638619e-005, 0.000330021925038, -0.000526916177478, 0.00488208467141, -0.00276438309811, 0.00010944987298, 0.000969853426795, -0.000816918793134, 0.00211738119833, 0.000637427670881, -0.000117922871141, -0.000416836235672, -7.17547209206e-006], [0.000305296474835, -2.46014060394e-005, -0.000124216705444, -0.00276438309811, 0.00722387433052, -0.000923469546251, -0.000419261952629, -0.000605845300015, -0.000424665922765, -0.000906417553779, 0.000219482128159, 0.00175288377795, -0.00204006070271], [2.84114048554e-005, 0.000743090815376, -0.00119512109086, 0.00010944987298, -0.000923469546251, 0.00810180325061, -0.00367575883865, 0.000331512390403, -0.00117317249533, 0.00094159663422, 0.000674142735079, -0.00130264810286, 0.000343307881849], [-0.000103901133116, -0.00119144353084, 0.000348522502463, 0.000969853426795, -0.000419261952629, -0.00367575883865, 0.00992045272142, -0.00359184015542, 0.00220938818529, -0.00174172583502, -0.000368548411643, 0.000999326817691, -0.00184324139263], [-0.00024311816378, 0.000600183557253, 0.0015864984598, -0.000816918793134, -0.000605845300015, 0.000331512390403, -0.00359184015542, 0.0118279457092, -0.00352224707603, 0.000890746654477, -0.000950863061007, -0.000904636050109, -0.000401142984629], [0.000160326206242, -0.000734352972358, -0.00270714866929, 0.00211738119833, -0.000424665922765, -0.00117317249533, 0.00220938818529, -0.00352224707603, 0.0129267070442, -0.00417944975197, 0.00116766546853, -0.000485487398691, 0.00160637148656], [-0.000242746347794, 0.000211195641896, 0.00124513194896, 0.000637427670881, -0.000906417553779, 0.00094159663422, -0.00174172583502, 0.000890746654477, -0.00417944975197, 0.0121890623122, -0.00435375468805, 0.00163881131448, -0.000400696299039], [5.58099018235e-005, -0.000299953069771, -0.00101479247678, -0.000117922871141, 0.000219482128159, 0.000674142735079, -0.000368548411643, -0.000950863061007, 0.00116766546853, -0.00435375468805, 0.0139402896166, -0.00653535639867, 0.00253659021109], [0.000536570092663, 0.000740539690014, 0.000233710175962, -0.000416836235672, 0.00175288377795, -0.00130264810286, 0.000999326817691, -0.000904636050109, -0.000485487398691, 0.00163881131448, -0.00653535639867, 0.0171980392188, -0.0068050022237], [-0.000764108030125, -0.000761590723414, -0.000840576773044, -7.17547209206e-006, -0.00204006070271, 0.000343307881849, -0.00184324139263, -0.000401142984629, 0.00160637148656, -0.000400696299039, 0.00253659021109, -0.0068050022237, 0.0192796364427]]
    },
    "spectral_contrast_coeffs": {
        "mean": [-0.641449987888, -0.675119876862, -0.713347733021, -0.759954810143, -0.755342006683, -0.77693271637],
        "var": [0.00653919763863, 0.00650052214041, 0.00783817376941, 0.00520006986335, 0.00581073062494, 0.0014066521544]
    },
    "spectral_contrast_valleys": {
        "mean": [-7.61890649796, -7.12992477417, -8.17450809479, -8.51385784149, -8.360704422, -11.4681444168],
        "var": [0.955456316471, 0.785599708557, 0.861306667328, 0.749663591385, 0.867759823799, 0.85923230648]
    }
},
"metadata": {
    "audio_properties": {
        "analysis_sample_rate": 44100,
        "bit_rate": 128074,
        "equal_loudness": 0,
        "length": 45.0612258911,
        "lossless": 0,
        "replay_gain": -7.44831085205,
        "sample_rate": 44100,
        "codec": "mp3",
        "downmix": "mix",
        "md5_encoded": "2fff2c24ae444bcc06df98c6b31b8d8c"
    },
    "tags": {
        "file_name": "1479.mp3"
    },
    "version": {
        "essentia": "2.1-beta2",
        "essentia_git_sha": "v2.1_beta2",
        "extractor": "music 1.0"
    }
},
"rhythm": {
    "beats_count": 80,
    "beats_loudness": {
        "mean": 0.0226422585547,
        "var": 0.000405557075283
    },
    "bpm": 98.348274231,
    "bpm_histogram_first_peak_bpm": {
        "mean": 99,
        "var": 0
    },
    "bpm_histogram_first_peak_spread": {
        "mean": 0.256410241127,
        "var": 0
    },
    "bpm_histogram_first_peak_weight": {
        "mean": 0.367088615894,
        "var": 0
    },
    "bpm_histogram_second_peak_bpm": {
        "mean": 129,
        "var": 0
    },
    "bpm_histogram_second_peak_spread": {
        "mean": 0.413793116808,
        "var": 0
    },
    "bpm_histogram_second_peak_weight": {
        "mean": 0.215189874172,
        "var": 0
    },
    "danceability": 1.02384805679,
    "onset_rate": 2.90584564209,
    "beats_loudness_band_ratio": {
        "mean": [0.343360543251, 0.263785243034, 0.246654003859, 0.0976834148169, 0.0723916962743, 0.0347380004823],
        "var": [0.055886618793, 0.0224099364132, 0.0390005670488, 0.00949745066464, 0.00879753381014, 0.00228480459191]
    },
    "beats_position": [0.626938760281, 1.27709746361, 1.92725622654, 2.57741498947, 3.21596360207, 3.85451245308, 4.46984100342, 5.07355976105, 5.6888885498, 6.29260778427, 6.8963265419, 7.4884352684, 8.08054447174, 8.68426322937, 9.287981987, 9.86848068237, 10.47219944, 11.0759181976, 11.6796369553, 12.294965744, 12.9102945328, 13.5140132904, 14.117732048, 14.7446708679, 15.3716096878, 15.9869384766, 16.602268219, 17.2175960541, 17.8445339203, 18.4714736938, 19.1100215912, 19.7485713959, 20.3871192932, 20.8747386932, 21.3623580933, 21.8499774933, 22.3143768311, 22.7787742615, 23.2431735992, 23.707572937, 24.1719722748, 24.6363716125, 25.1007709503, 25.553560257, 26.0063495636, 26.470746994, 26.9351463318, 27.3995456696, 27.8639450073, 28.3399543762, 28.8159637451, 29.2803630829, 29.7447605133, 30.2091598511, 30.6619491577, 31.1147384644, 31.5907478333, 32.0667572021, 32.5311546326, 32.9955558777, 33.4599533081, 33.935962677, 34.4119720459, 34.8879814148, 35.3639907837, 35.9677085876, 36.5714263916, 37.1751480103, 37.7788658142, 38.3825836182, 38.9979133606, 39.613243103, 40.216960907, 40.8206787109, 41.4360084534, 42.0513381958, 42.678276062, 43.3052139282, 43.9321517944, 44.5474815369]
},
"tonal": {
    "chords_changes_rate": 0.0627572014928,
    "chords_number_rate": 0.0144032919779,
    "chords_strength": {
        "mean": 0.545646071434,
        "var": 0.0108487820253
    },
    "hpcp_entropy": {
        "mean": 1.71801733971,
        "var": 0.587411820889
    },
    "key_strength": 0.571318686008,
    "tuning_diatonic_strength": 0.584820866585,
    "tuning_equal_tempered_deviation": 0.23707832396,
    "tuning_frequency": 434.193115234,
    "tuning_nontempered_energy_ratio": 0.931805968285,
    "hpcp": {
        "mean": [0.130965709686, 0.109846659005, 0.0634605959058, 0.0873464420438, 0.105644620955, 0.065532810986, 0.0450635515153, 0.053248219192, 0.0735592097044, 0.124580934644, 0.127991393209, 0.067750275135, 0.0464784391224, 0.0537259504199, 0.0574984177947, 0.117779202759, 0.166702628136, 0.131683781743, 0.126248523593, 0.129389360547, 0.11875064671, 0.183757573366, 0.217772319913, 0.214999079704, 0.408555209637, 0.439113348722, 0.188657164574, 0.0773244351149, 0.0756129696965, 0.0937822386622, 0.142353385687, 0.156078636646, 0.115676447749, 0.103758141398, 0.104451268911, 0.105744957924],
        "var": [0.0422678627074, 0.0299302618951, 0.0115342540666, 0.0283095762134, 0.0428037308156, 0.0143861044198, 0.0113188512623, 0.0186847820878, 0.0275023188442, 0.0501889176667, 0.050049982965, 0.0169722568244, 0.0127945020795, 0.0156082473695, 0.0175847280771, 0.0425099991262, 0.0754289925098, 0.0426903069019, 0.0553403384984, 0.0623822323978, 0.0442443974316, 0.0847933292389, 0.11240554601, 0.0624629370868, 0.139781981707, 0.165700241923, 0.0533643178642, 0.0321201570332, 0.0301014389843, 0.0361675918102, 0.0668870508671, 0.0775264129043, 0.0472338236868, 0.0457219928503, 0.0422338657081, 0.0357101671398]
    },
    "chords_histogram": [10.9053497314, 5.04115247726, 3.90946507454, 1.13168728352, 1.13168728352, 0, 0, 0, 8.64197540283, 0.102880656719, 0.102880656719, 0, 0, 2.05761313438, 0, 2.36625504494, 6.58436203003, 22.7366256714, 0, 4.21810722351, 4.11522626877, 0.205761313438, 10.1851854324, 16.563785553],
    "thpcp": [1, 0.429632037878, 0.176092192531, 0.172194644809, 0.213571816683, 0.324183702469, 0.355440437794, 0.263431876898, 0.236290112138, 0.237868577242, 0.240814715624, 0.298250347376, 0.250155597925, 0.144519850612, 0.198915481567, 0.240586221218, 0.149238944054, 0.102623961866, 0.121263042092, 0.167517587543, 0.283710211515, 0.291476875544, 0.154288813472, 0.105846107006, 0.122350983322, 0.130942091346, 0.268220514059, 0.379634618759, 0.299885630608, 0.28750783205, 0.294660508633, 0.270432800055, 0.418474107981, 0.495936453342, 0.489620923996, 0.930409431458],
    "chords_key": "F",
    "chords_scale": "minor",
    "key_key": "F",
    "key_scale": "major"
}
}