{
"lowlevel": {
    "average_loudness": 0.961570501328,
    "barkbands_crest": {
        "mean": 9.01214694977,
        "var": 8.99036121368
    },
    "barkbands_flatness_db": {
        "mean": 0.142122343183,
        "var": 0.00170824199449
    },
    "barkbands_kurtosis": {
        "mean": 1.26813554764,
        "var": 7.2214384079
    },
    "barkbands_skewness": {
        "mean": 1.06103229523,
        "var": 0.575186610222
    },
    "barkbands_spread": {
        "mean": 27.3284130096,
        "var": 278.923248291
    },
    "dissonance": {
        "mean": 0.43987840414,
        "var": 0.00113222561777
    },
    "dynamic_complexity": 1.86524140835,
    "erbbands_crest": {
        "mean": 11.1653079987,
        "var": 18.9295654297
    },
    "erbbands_flatness_db": {
        "mean": 0.173817634583,
        "var": 0.0021372733172
    },
    "erbbands_kurtosis": {
        "mean": 0.397573232651,
        "var": 2.49668502808
    },
    "erbbands_skewness": {
        "mean": 0.382460176945,
        "var": 0.37741625309
    },
    "erbbands_spread": {
        "mean": 37.1248130798,
        "var": 364.694213867
    },
    "hfc": {
        "mean": 39.1578636169,
        "var": 1813.59765625
    },
    "melbands_crest": {
        "mean": 12.6009378433,
        "var": 16.5860328674
    },
    "melbands_flatness_db": {
        "mean": 0.188430994749,
        "var": 0.00242151878774
    },
    "melbands_kurtosis": {
        "mean": 5.52916669846,
        "var": 51.1657829285
    },
    "melbands_skewness": {
        "mean": 1.80387294292,
        "var": 0.940806806087
    },
    "melbands_spread": {
        "mean": 27.6558380127,
        "var": 270.758911133
    },
    "pitch_salience": {
        "mean": 0.480289906263,
        "var": 0.00813737232238
    },
    "silence_rate_20dB": {
        "mean": 1,
        "var": 0
    },
    "silence_rate_30dB": {
        "mean": 0.999485075474,
        "var": 0.000514655897859
    },
    "silence_rate_60dB": {
        "mean": 0.0175077244639,
        "var": 0.017201313749
    },
    "spectral_centroid": {
        "mean": 1433.51635742,
        "var": 425318.53125
    },
    "spectral_complexity": {
        "mean": 15.7868175507,
        "var": 47.9720726013
    },
    "spectral_decrease": {
        "mean": -5.83763259954e-009,
        "var": 1.27136444194e-017
    },
    "spectral_energy": {
        "mean": 0.0255843326449,
        "var": 0.000239676242927
    },
    "spectral_energyband_high": {
        "mean": 0.00202883244492,
        "var": 1.27527646328e-005
    },
    "spectral_energyband_low": {
        "mean": 0.00189029623289,
        "var": 5.54531907255e-005
    },
    "spectral_energyband_middle_high": {
        "mean": 0.0085322605446,
        "var": 4.01539145969e-005
    },
    "spectral_energyband_middle_low": {
        "mean": 0.0136234387755,
        "var": 8.31227662275e-005
    },
    "spectral_entropy": {
        "mean": 7.18404102325,
        "var": 0.363585919142
    },
    "spectral_flux": {
        "mean": 0.06033571437,
        "var": 0.00183097401168
    },
    "spectral_kurtosis": {
        "mean": 5.25764369965,
        "var": 10.7596187592
    },
    "spectral_rms": {
        "mean": 0.00478947628289,
        "var": 2.02124056159e-006
    },
    "spectral_rolloff": {
        "mean": 2842.73876953,
        "var": 9989286
    },
    "spectral_skewness": {
        "mean": 1.87746942043,
        "var": 0.218201085925
    },
    "spectral_spread": {
        "mean": 6260801.5,
        "var": 9.47627596186e+012
    },
    "spectral_strongpeak": {
        "mean": 1.87145519257,
        "var": 2.87790679932
    },
    "zerocrossingrate": {
        "mean": 0.0975556746125,
        "var": 0.00340341567062
    },
    "barkbands": {
        "mean": [8.34145394037e-005, 0.0013320252765, 0.000282759632682, 0.000973756832536, 0.00439586536959, 0.00283460179344, 0.00233884784393, 0.00117675575893, 0.00121170852799, 0.00236318306997, 0.0011023710249, 0.000533212150913, 0.00128522969317, 0.00051947060274, 0.000929349160288, 0.000378264696337, 0.000861195672769, 0.00028252278571, 0.000560298911296, 0.000245022849413, 0.00020505640714, 0.000154849578394, 0.000112589055789, 0.000135415364639, 0.000548187235836, 0.000734876783099, 3.50193977283e-006],
        "var": [1.27408483763e-007, 3.60442536476e-005, 1.84673581316e-006, 3.86034025723e-006, 2.05676842597e-005, 1.17064719234e-005, 1.20514687296e-005, 3.60728267879e-006, 3.64196580449e-006, 1.33957464641e-005, 3.7513366351e-006, 1.69153099705e-006, 7.18168848834e-006, 1.03900242721e-006, 1.91490175894e-006, 6.38691858512e-007, 2.78565221379e-006, 2.13623252421e-007, 1.0799874417e-006, 2.34316502201e-007, 2.06146225423e-007, 1.25892341885e-007, 6.4998133098e-008, 6.55071730193e-008, 1.29609350097e-006, 2.82889436676e-006, 1.1870299188e-010]
    },
    "erbbands": {
        "mean": [0.050438977778, 0.250775098801, 0.357815682888, 1.65153229237, 11.2735433578, 13.9803752899, 13.5854263306, 26.253446579, 36.9294586182, 30.6583881378, 23.7505016327, 35.8690299988, 41.832359314, 69.6340942383, 49.8524131775, 32.2571792603, 60.520942688, 39.2451400757, 43.3284454346, 37.5942115784, 28.934129715, 29.6890945435, 18.8960895538, 23.1145305634, 28.8803119659, 12.7938861847, 9.83855342865, 6.61181640625, 5.70105218887, 4.26289367676, 3.34388208389, 2.39800333977, 2.63248372078, 3.3908393383, 5.46136713028, 3.86179089546, 1.33765101433, 0.0777685567737, 0.00172602152452, 0.000120936449093],
        "var": [0.058288436383, 1.24029624462, 2.37795114517, 14.1828746796, 256.420959473, 317.188751221, 342.6355896, 1241.72314453, 3147.66137695, 2304.48364258, 1253.6965332, 2812.47290039, 4038.59228516, 16014.5576172, 6782.61962891, 4532.19628906, 14383.7900391, 3867.92919922, 5520.29101563, 4227.86376953, 2195.82250977, 2939.61035156, 964.557128906, 1930.56860352, 4143.15234375, 555.334350586, 436.974822998, 234.239746094, 171.134475708, 94.4375534058, 47.2076225281, 29.3210067749, 25.1017017365, 42.686000824, 142.078155518, 74.0844573975, 10.794552803, 0.0339622423053, 1.53772562044e-005, 4.55545041689e-008]
    },
    "gfcc": {
        "mean": [16.471818924, 57.5281867981, -122.661460876, -3.61697053909, -73.0670623779, -1.27576124668, -58.2815246582, 5.09880971909, -43.8530960083, 6.13021469116, -26.4209842682, 3.30488705635, -14.3972902298],
        "cov": [[4795.15380859, -959.258483887, 159.760040283, -22.0766925812, -54.7351608276, 109.156677246, -122.666221619, 205.176116943, -193.222640991, 169.044677734, -190.948684692, 141.542510986, -87.1875076294], [-959.258483887, 1356.09313965, -574.622924805, 120.670669556, 90.3393325806, -19.8630580902, 86.6454925537, -119.633728027, 178.820144653, -126.083984375, 183.870010376, -99.3218688965, 116.518005371], [159.760040283, -574.622924805, 898.442382813, 78.7295608521, 86.1879806519, 176.10697937, 46.5875930786, 138.787094116, -21.2043743134, 231.024505615, -56.5995483398, 76.3367233276, -77.2735061646], [-22.0766925812, 120.670669556, 78.7295608521, 372.527404785, 47.7569351196, 67.3074493408, 128.570388794, 74.1364364624, 109.119148254, 49.4694747925, 71.8936920166, -16.564912796, 46.0649337769], [-54.7351608276, 90.3393325806, 86.1879806519, 47.7569351196, 236.955673218, 102.008583069, 23.8489093781, 35.8143348694, 53.2385940552, 50.2196044922, 19.7456893921, 37.9700126648, -26.3620243073], [109.156677246, -19.8630580902, 176.10697937, 67.3074493408, 102.008583069, 185.633773804, 79.5182342529, 53.3843727112, 49.0961074829, 91.1275482178, 14.5957145691, 29.2772140503, 0.367235481739], [-122.666221619, 86.6454925537, 46.5875930786, 128.570388794, 23.8489093781, 79.5182342529, 166.556396484, 70.0918273926, 62.518196106, 32.0138092041, 42.2279815674, -0.785879194736, 47.9828224182], [205.176116943, -119.633728027, 138.787094116, 74.1364364624, 35.8143348694, 53.3843727112, 70.0918273926, 139.543106079, 44.0699729919, 50.5264549255, -4.72567367554, 30.2376270294, 6.63925552368], [-193.222640991, 178.820144653, -21.2043743134, 109.119148254, 53.2385940552, 49.0961074829, 62.518196106, 44.0699729919, 153.857192993, 46.0746688843, 40.5179328918, -1.1181614399, 45.4165267944], [169.044677734, -126.083984375, 231.024505615, 49.4694747925, 50.2196044922, 91.1275482178, 32.0138092041, 50.5264549255, 46.0746688843, 169.131713867, 19.6784305573, 31.5646152496, 12.8213863373], [-190.948684692, 183.870010376, -56.5995483398, 71.8936920166, 19.7456893921, 14.5957145691, 42.2279815674, -4.72567367554, 40.5179328918, 19.6784305573, 93.3030471802, 3.58190798759, 25.9474697113], [141.542510986, -99.3218688965, 76.3367233276, -16.564912796, 37.9700126648, 29.2772140503, -0.785879194736, 30.2376270294, -1.1181614399, 31.5646152496, 3.58190798759, 96.359664917, 9.32451915741], [-87.1875076294, 116.518005371, -77.2735061646, 46.0649337769, -26.3620243073, 0.367235481739, 47.9828224182, 6.63925552368, 45.4165267944, 12.8213863373, 25.9474697113, 9.32451915741, 127.430412292]],
        "icov": [[0.00037181773223, 2.60533252003e-005, 0.000502370414324, -0.000404843041906, 0.000277825572994, -0.000490617298055, 0.000533667276613, -0.00079588504741, 0.000828390475363, -0.000856880797073, 0.000835504964925, -0.000456712412415, 0.000235232480918], [2.60533252003e-005, 0.00209396053106, 0.000415691756643, 0.000350214453647, -0.0011327000102, -0.000290226802463, -0.000286541093374, 0.00125422817655, -0.0017401977675, 0.00162791914772, -0.00297984550707, 0.00164552603383, -0.00101951905526], [0.000502370414324, 0.000415691756643, 0.00349233206362, -0.0012870922219, 0.000374087947421, -0.00144664070103, 0.000309760129312, -0.00175486702938, 0.00229197531007, -0.00428336719051, 0.00270529906265, -0.00129329122137, 0.00176087499131], [-0.000404843041906, 0.000350214453647, -0.0012870922219, 0.00522898929194, -0.000841397268232, 0.000760197290219, -0.00233109970577, 7.31661057216e-005, -0.00303608784452, 0.00208001071587, -0.00413777399808, 0.0024702497758, -0.00103567924816], [0.000277825572994, -0.0011327000102, 0.000374087947421, -0.000841397268232, 0.00742179621011, -0.0036991131492, 0.00182226288598, -0.00158066255972, -0.000261325301835, -0.00117942702491, 0.0014741292689, -0.00325349904597, 0.00284873717465], [-0.000490617298055, -0.000290226802463, -0.00144664070103, 0.000760197290219, -0.0036991131492, 0.0126003269106, -0.00628185085952, 0.00245810789056, -0.0015905580949, -0.00282118213363, 0.000939771940466, -0.00071388669312, 0.00092500745086], [0.000533667276613, -0.000286541093374, 0.000309760129312, -0.00233109970577, 0.00182226288598, -0.00628185085952, 0.0147791747004, -0.00685403961688, 0.00131605239585, 0.00151397299487, -0.00282917707227, 0.00168264773674, -0.00332355871797], [-0.00079588504741, 0.00125422817655, -0.00175486702938, 7.31661057216e-005, -0.00158066255972, 0.00245810789056, -0.00685403961688, 0.0155585845932, -0.00544850341976, 0.00162939436268, 0.000587760761846, -0.00185974105261, 0.000448490813142], [0.000828390475363, -0.0017401977675, 0.00229197531007, -0.00303608784452, -0.000261325301835, -0.0015905580949, 0.00131605239585, -0.00544850341976, 0.0149024613202, -0.00628513796255, 0.00343266571872, -0.000847132294439, -0.000931698887143], [-0.000856880797073, 0.00162791914772, -0.00428336719051, 0.00208001071587, -0.00117942702491, -0.00282118213363, 0.00151397299487, 0.00162939436268, -0.00628513796255, 0.0168872624636, -0.00884986110032, 0.0026377721224, -0.00416501564905], [0.000835504964925, -0.00297984550707, 0.00270529906265, -0.00413777399808, 0.0014741292689, 0.000939771940466, -0.00282917707227, 0.000587760761846, 0.00343266571872, -0.00884986110032, 0.0237499512732, -0.00646860990673, 0.00307386810891], [-0.000456712412415, 0.00164552603383, -0.00129329122137, 0.0024702497758, -0.00325349904597, -0.00071388669312, 0.00168264773674, -0.00185974105261, -0.000847132294439, 0.0026377721224, -0.00646860990673, 0.0160947460681, -0.00452605774626], [0.000235232480918, -0.00101951905526, 0.00176087499131, -0.00103567924816, 0.00284873717465, 0.00092500745086, -0.00332355871797, 0.000448490813142, -0.000931698887143, -0.00416501564905, 0.00307386810891, -0.00452605774626, 0.0126539180055]]
    },
    "melbands": {
        "mean": [0.000407431973144, 0.000230504447245, 0.00055919092847, 0.000997958588414, 0.000505219446495, 0.000588156632148, 0.000544602458831, 0.000309637922328, 0.00019211905601, 0.000210431491723, 0.000207447417779, 0.000292745797196, 0.000157572489115, 9.00861487025e-005, 8.02656868473e-005, 0.000140831980389, 6.32034498267e-005, 6.3351195422e-005, 4.45720543212e-005, 5.07801269123e-005, 3.63908438885e-005, 3.31870214723e-005, 3.07104164676e-005, 1.13403339128e-005, 1.79522376129e-005, 2.49441527558e-005, 1.03765823951e-005, 8.29508098832e-006, 6.53567576592e-006, 4.83670555695e-006, 3.8420907913e-006, 2.95325662591e-006, 3.38149970958e-006, 1.96789960683e-006, 2.09977451959e-006, 1.55628799803e-006, 1.40419660966e-006, 1.612940423e-006, 2.27336136049e-006, 2.86434078589e-006],
        "var": [3.49043830283e-006, 9.63702859735e-007, 9.81872517514e-007, 1.16821115625e-006, 4.26149995292e-007, 6.11428674802e-007, 6.45239026653e-007, 2.39627041765e-007, 7.91455931903e-008, 1.00598050778e-007, 1.01092759053e-007, 3.21782721358e-007, 7.27432478698e-008, 2.7493907595e-008, 2.43850948323e-008, 1.12414461739e-007, 1.50826586776e-008, 1.24963168702e-008, 4.37901137573e-009, 8.56934878612e-009, 5.80460213229e-009, 3.7679521725e-009, 6.07695138655e-009, 3.20258569664e-010, 1.56262547346e-009, 2.92931479073e-009, 7.31566418555e-010, 2.30574725979e-010, 2.49311987721e-010, 1.00056581076e-010, 1.05164446595e-010, 4.60031873706e-011, 6.22922546878e-011, 2.42288706459e-011, 1.81483907763e-011, 1.28970870442e-011, 1.01080836409e-011, 9.74886664451e-012, 2.12790843973e-011, 3.28868043908e-011]
    },
    "mfcc": {
        "mean": [-639.731445313, 110.318115234, -6.53700876236, -2.58154559135, -8.41404914856, -13.483048439, -11.2835454941, -15.5234289169, -9.47987556458, -12.385723114, -8.49631881714, -10.582113266, -3.58433055878],
        "cov": [[2433.99169922, -659.181762695, 23.3996429443, 60.4419593811, 43.875957489, -3.48295235634, 76.6832275391, 91.799156189, 80.7558670044, 96.812538147, -25.9212436676, -41.8898048401, 78.0198059082], [-659.181762695, 930.316589355, -294.772979736, -62.1467857361, 48.7136611938, 41.0284805298, -39.0348815918, -14.0247859955, -6.16892719269, -63.8737487793, 17.2318077087, 56.8184661865, -16.8366889954], [23.3996429443, -294.772979736, 582.109619141, 135.068893433, 52.2431106567, 103.022537231, 106.846351624, -6.91790676117, 74.9795761108, 112.494010925, 48.6469078064, 78.7641983032, 83.9921722412], [60.4419593811, -62.1467857361, 135.068893433, 264.918914795, 52.0041465759, 43.9095878601, 62.6030044556, 46.2008285522, 53.1762237549, 93.4776763916, 44.5584793091, 53.953742981, 48.7827224731], [43.875957489, 48.7136611938, 52.2431106567, 52.0041465759, 200.206726074, 87.8404846191, 23.0570068359, 21.0545845032, 47.2215423584, -15.5554218292, 80.3202667236, 130.93409729, 1.4641149044], [-3.48295235634, 41.0284805298, 103.022537231, 43.9095878601, 87.8404846191, 164.597961426, 68.28565979, 8.60202312469, 58.2408790588, 38.8247184753, 49.1962776184, 97.5130004883, 47.486114502], [76.6832275391, -39.0348815918, 106.846351624, 62.6030044556, 23.0570068359, 68.28565979, 131.96182251, 35.5746879578, 38.5119743347, 55.6106719971, 14.5974359512, 27.4661312103, 45.4188117981], [91.799156189, -14.0247859955, -6.91790676117, 46.2008285522, 21.0545845032, 8.60202312469, 35.5746879578, 134.436340332, 40.0909461975, 15.6328802109, 52.4483909607, -9.52582454681, -30.8213748932], [80.7558670044, -6.16892719269, 74.9795761108, 53.1762237549, 47.2215423584, 58.2408790588, 38.5119743347, 40.0909461975, 144.847640991, 72.9814987183, 0.145569592714, 90.0345077515, 78.8383789063], [96.812538147, -63.8737487793, 112.494010925, 93.4776763916, -15.5554218292, 38.8247184753, 55.6106719971, 15.6328802109, 72.9814987183, 240.655975342, 2.77832913399, -83.7122192383, 76.707321167], [-25.9212436676, 17.2318077087, 48.6469078064, 44.5584793091, 80.3202667236, 49.1962776184, 14.5974359512, 52.4483909607, 0.145569592714, 2.77832913399, 201.868469238, 43.2915878296, -100.50479126], [-41.8898048401, 56.8184661865, 78.7641983032, 53.953742981, 130.93409729, 97.5130004883, 27.4661312103, -9.52582454681, 90.0345077515, -83.7122192383, 43.2915878296, 374.341339111, 90.9828109741], [78.0198059082, -16.8366889954, 83.9921722412, 48.7827224731, 1.4641149044, 47.486114502, 45.4188117981, -30.8213748932, 78.8383789063, 76.707321167, -100.50479126, 90.9828109741, 222.621032715]],
        "icov": [[0.000588513095863, 0.000518183980603, 0.000354154180968, 4.89555750391e-005, -0.000367630389519, 4.59883995063e-005, -0.000258511601714, -0.000202304669074, -0.000198149951757, -3.94761955249e-005, -3.12708361889e-005, 0.000147720595123, -0.000284780311631], [0.000518183980603, 0.00187180109788, 0.00119862845168, 6.77674761391e-005, -0.000454983644886, -0.000685860635713, -0.000140394215123, 0.000139531373861, -0.000286914990284, 3.5122702684e-005, -0.000271629658528, 6.12917283433e-005, -0.000368041160982], [0.000354154180968, 0.00119862845168, 0.00318307778798, -0.000642388535198, -0.000151596803335, -0.000765214033891, -0.00140450696927, 0.00119353772607, -0.000719432602637, -0.000304240791593, -0.000902253435925, 3.7199072267e-006, -0.000526871182956], [4.89555750391e-005, 6.77674761391e-005, -0.000642388535198, 0.00569868972525, -0.000985348015092, 0.00103007862344, -0.000889022019692, -0.00180939037818, 0.00114235538058, -0.00241287820973, -0.000408940017223, -0.00122714287136, -0.000557042716537], [-0.000367630389519, -0.000454983644886, -0.000151596803335, -0.000985348015092, 0.00893280655146, -0.00318531645462, 0.000996840535663, 0.000101475299743, -0.0011075574439, 0.000928088207729, -0.00197815825231, -0.00161596038379, 0.00063871772727], [4.59883995063e-005, -0.000685860635713, -0.000765214033891, 0.00103007862344, -0.00318531645462, 0.0122323120013, -0.00461876625195, 0.00145552796312, -0.00139664416201, -0.000912679301109, -0.0021536834538, -0.000890155963134, -0.00124886224512], [-0.000258511601714, -0.000140394215123, -0.00140450696927, -0.000889022019692, 0.000996840535663, -0.00461876625195, 0.0127950580791, -0.00381248746999, 0.00166239356622, -0.00106818089262, 0.000815058592707, -0.000227329364861, -0.00111469998956], [-0.000202304669074, 0.000139531373861, 0.00119353772607, -0.00180939037818, 0.000101475299743, 0.00145552796312, -0.00381248746999, 0.012388153933, -0.00610697548836, 0.00238363770768, -0.00316255446523, 0.00221808580682, 0.00121653766837], [-0.000198149951757, -0.000286914990284, -0.000719432602637, 0.00114235538058, -0.0011075574439, -0.00139664416201, 0.00166239356622, -0.00610697548836, 0.0156435519457, -0.00590361468494, 0.00258971611038, -0.0045913993381, -0.00127078103833], [-3.94761955249e-005, 3.5122702684e-005, -0.000304240791593, -0.00241287820973, 0.000928088207729, -0.000912679301109, -0.00106818089262, 0.00238363770768, -0.00590361468494, 0.0106360241771, -0.00345175270922, 0.00563323218375, -0.0040381597355], [-3.12708361889e-005, -0.000271629658528, -0.000902253435925, -0.000408940017223, -0.00197815825231, -0.0021536834538, 0.000815058592707, -0.00316255446523, 0.00258971611038, -0.00345175270922, 0.0115431146696, -0.00303492555395, 0.0070125493221], [0.000147720595123, 6.12917283433e-005, 3.7199072267e-006, -0.00122714287136, -0.00161596038379, -0.000890155963134, -0.000227329364861, 0.00221808580682, -0.0045913993381, 0.00563323218375, -0.00303492555395, 0.00739592639729, -0.00393347907811], [-0.000284780311631, -0.000368041160982, -0.000526871182956, -0.000557042716537, 0.00063871772727, -0.00124886224512, -0.00111469998956, 0.00121653766837, -0.00127078103833, -0.0040381597355, 0.0070125493221, -0.00393347907811, 0.0121576907113]]
    },
    "spectral_contrast_coeffs": {
        "mean": [-0.498757869005, -0.653632462025, -0.649816453457, -0.683430373669, -0.716404914856, -0.740821003914],
        "var": [0.0128062926233, 0.00560769345611, 0.00509904418141, 0.00457835150883, 0.00398228643462, 0.00243848469108]
    },
    "spectral_contrast_valleys": {
        "mean": [-8.81374549866, -6.90566205978, -7.80158376694, -8.31382846832, -8.27390861511, -10.4370574951],
        "var": [1.85139811039, 1.09384918213, 1.0037561655, 0.987164080143, 1.32137441635, 1.45882868767]
    }
},
"metadata": {
    "audio_properties": {
        "analysis_sample_rate": 44100,
        "bit_rate": 117930,
        "equal_loudness": 0,
        "length": 45.0612258911,
        "lossless": 0,
        "replay_gain": -15.093629837,
        "sample_rate": 44100,
        "codec": "mp3",
        "downmix": "mix",
        "md5_encoded": "5644da792cce494c7322a7b80a9998c3"
    },
    "tags": {
        "file_name": "148.mp3"
    },
    "version": {
        "essentia": "2.1-beta2",
        "essentia_git_sha": "v2.1_beta2",
        "extractor": "music 1.0"
    }
},
"rhythm": {
    "beats_count": 90,
    "beats_loudness": {
        "mean": 0.0405799821019,
        "var": 0.000340925209457
    },
    "bpm": 120.090011597,
    "bpm_histogram_first_peak_bpm": {
        "mean": 120,
        "var": 0
    },
    "bpm_histogram_first_peak_spread": {
        "mean": 0.534883737564,
        "var": 0
    },
    "bpm_histogram_first_peak_weight": {
        "mean": 0.449438214302,
        "var": 0
    },
    "bpm_histogram_second_peak_bpm": {
        "mean": 140,
        "var": 0
    },
    "bpm_histogram_second_peak_spread": {
        "mean": 0.333333313465,
        "var": 0
    },
    "bpm_histogram_second_peak_weight": {
        "mean": 0.0224719103426,
        "var": 0
    },
    "danceability": 1.22197091579,
    "onset_rate": 5.81169128418,
    "beats_loudness_band_ratio": {
        "mean": [0.204711854458, 0.212276503444, 0.193583130836, 0.169369250536, 0.0853328257799, 0.204339161515],
        "var": [0.0508115775883, 0.0180101897568, 0.0173369757831, 0.0108858617023, 0.00328409578651, 0.0153306750581]
    },
    "beats_position": [0.441179126501, 0.870748281479, 1.30031740665, 1.74149656296, 2.22911548615, 2.72834467888, 3.22757363319, 3.73841261864, 4.22603178024, 4.72526073456, 5.22448968887, 5.73532867432, 6.2229475975, 6.73378658295, 7.23301553726, 7.73224496841, 8.23147392273, 8.73070240021, 9.22993183136, 9.72916126251, 10.22838974, 10.7276191711, 11.2384576797, 11.749297142, 12.2369155884, 12.7245349884, 13.2237634659, 13.722992897, 14.2338323593, 14.7330608368, 15.2322902679, 15.7431287766, 16.2307472229, 16.7299766541, 17.2292060852, 17.7400455475, 18.2276649475, 18.7385025024, 19.2261219025, 19.7369613647, 20.2245807648, 20.7238082886, 21.2230377197, 21.733877182, 22.2331066132, 22.7323360443, 23.2431735992, 23.7540130615, 24.2416324615, 24.7292518616, 25.2168693542, 25.7277088165, 26.2269382477, 26.7261676788, 27.2370071411, 27.7362346649, 28.2354640961, 28.7230834961, 29.2339229584, 29.7331504822, 30.2323799133, 30.7316093445, 31.2308387756, 31.7416782379, 32.2292976379, 32.7285270691, 33.2277526855, 33.7385940552, 34.2262115479, 34.7370529175, 35.2246704102, 35.7355079651, 36.2347373962, 36.7339668274, 37.2215881348, 37.7324256897, 38.2316551208, 38.730884552, 39.2417221069, 39.7525634766, 40.2401809692, 40.7277984619, 41.2270278931, 41.7262573242, 42.2254867554, 42.7247161865, 43.2355537415, 43.7463951111, 44.2340126038, 44.7216300964]
},
"tonal": {
    "chords_changes_rate": 0.0452674888074,
    "chords_number_rate": 0.0102880662307,
    "chords_strength": {
        "mean": 0.423785656691,
        "var": 0.00773602863774
    },
    "hpcp_entropy": {
        "mean": 0.59666967392,
        "var": 0.42901468277
    },
    "key_strength": 0.690387427807,
    "tuning_diatonic_strength": 0.501811683178,
    "tuning_equal_tempered_deviation": 0.00437217531726,
    "tuning_frequency": 440,
    "tuning_nontempered_energy_ratio": 0.604357242584,
    "hpcp": {
        "mean": [0.307759165764, 0.159305006266, 0.0213885437697, 0.0152417877689, 0.0124744977802, 0.0800339430571, 0.149739205837, 0.0837379470468, 0.0925496220589, 0.157992079854, 0.0802261456847, 0.012135787867, 0.00979103799909, 0.0106660546735, 0.105331853032, 0.185114607215, 0.0909167975187, 0.00869315024465, 0.00606550695375, 0.00450105825439, 0.083285741508, 0.153920963407, 0.079652801156, 0.11571970582, 0.194359958172, 0.0880639106035, 0.00994193833321, 0.016805972904, 0.0227272529155, 0.176695987582, 0.283590912819, 0.127884194255, 0.0160246193409, 0.0191832743585, 0.0291343536228, 0.179264783859],
        "var": [0.1878054142, 0.0487742722034, 0.00883172918111, 0.0053758751601, 0.00390363996848, 0.0256416574121, 0.0876592770219, 0.0238687377423, 0.0279177613556, 0.0841859430075, 0.020690863952, 0.00259570055641, 0.00125111767557, 0.00101601984352, 0.0310186631978, 0.100541822612, 0.0244382321835, 0.00107216555625, 0.000550873228349, 0.000213076244108, 0.0273438598961, 0.0935044288635, 0.0212432928383, 0.0409272499382, 0.12036228925, 0.0256494507194, 0.000850041629747, 0.00277564302087, 0.00255976640619, 0.0541404485703, 0.138114869595, 0.029091918841, 0.00470480183139, 0.00636079907417, 0.00934491120279, 0.0620698109269]
    },
    "chords_histogram": [31.58436203, 7.40740728378, 10.2880659103, 0, 1.44032919407, 0.411522626877, 0, 0, 0, 0, 0, 0, 0, 0.411522626877, 0, 1.95473253727, 0, 0.720164597034, 1.02880656719, 4.42386817932, 2.57201647758, 23.7654323578, 13.8888893127, 0.102880656719],
    "thpcp": [1, 0.517628788948, 0.069497667253, 0.0495250485837, 0.0405333116651, 0.260053813457, 0.486546695232, 0.272089213133, 0.300720930099, 0.513362705708, 0.260678321123, 0.0394327417016, 0.0318139605224, 0.0346571467817, 0.342254161835, 0.601491749287, 0.295415401459, 0.0282466001809, 0.0197086147964, 0.0146252615377, 0.270619869232, 0.500134468079, 0.258815377951, 0.376007348299, 0.631532609463, 0.286145538092, 0.0323042795062, 0.0546075478196, 0.0738475248218, 0.574137210846, 0.921470224857, 0.415533334017, 0.0520686991513, 0.062332097441, 0.0946660786867, 0.582484006882],
    "chords_key": "C",
    "chords_scale": "major",
    "key_key": "C",
    "key_scale": "major"
}
}